Name,Men,Women,Total
Anna,12613,263315,275928
Antonius,226625,2922,229547
Adriana,2286,191004,193290
Adrianus,176609,825,177434
Antonia,1390,118160,119550
Alexander,76096,214,76310
Anne,16919,57363,74282
Albertus,55197,279,55476
Albert,53988,244,54232
Adriaan,52262,114,52376
Alida,235,49660,49895
Arie,45730,53,45783
Andreas,35835,536,36371
Arnoldus,35757,413,36170
Aaltje,20,31961,31981
Agnes,2355,28875,31230
Antoinette,621,30179,30800
Aleida,322,27901,28223
Astrid,177,25291,25468
Anton,24428,139,24567
Antje,18,22676,22694
Alexandra,102,22315,22417
Anita,296,21471,21767
Anouk,73,21693,21766
André,19624,182,19806
Anthonius,19623,113,19736
Abraham,19017,39,19056
Arend,18393,16,18409
Andrea,343,17763,18106
Andries,17247,33,17280
Antonie,16591,626,17217
Agatha,179,16838,17017
Amber,23,16948,16971
Antonetta,436,16033,16469
Angela,195,15584,15779
Angelique,148,13646,13794
Arnold,13119,149,13268
Aart,13029,12,13041
Antoon,12730,123,12853
Alberta,82,12532,12614
Arthur,12347,192,12539
Anthony,12320,99,12419
Annemarie,142,12216,12358
Arjan,12277,31,12308
Arnolda,119,11359,11478
Anneke,31,11422,11453
Anthonia,34,11234,11268
Aloysius,10968,236,11204
Allegonda,523,10512,11035
Annette,123,10598,10721
Alberdina,91,10587,10678
Annie,309,10315,10624
Augustinus,10423,179,10602
Antoinetta,344,10114,10458
Anthonie,10003,143,10146
Alex,9660,242,9902
Anja,106,9735,9841
Alice,156,9266,9422
Amy,7,9019,9026
Ali,6703,2149,8852
Alphonsus,8280,197,8477
Arjen,8241,14,8255
Annemieke,12,8080,8092
Alfred,7674,97,7771
Angelina,299,7105,7404
Antoine,7039,262,7301
Adam,7241,43,7284
Albertha,25,7080,7105
Annigje,5,6573,6578
Auke,6153,303,6456
Anke,35,6350,6385
Amanda,35,6319,6354
Aukje,9,6139,6148
Annelies,68,6053,6121
Aartje,7,6036,6043
Albertina,58,5909,5967
Ashley,277,5455,5732
August,5564,132,5696
Arno,5262,75,5337
Aldegonda,532,4590,5122
Aafke,3,4970,4973
Apolonia,53,4905,4958
Aletta,15,4869,4884
Afra,29,4853,4882
Albertine,17,4796,4813
Arnoldina,130,4560,4690
Arnoud,4666,21,4687
Angelo,4573,54,4627
Abel,4615,9,4624
Adriaantje,6,4555,4561
Alphons,4245,260,4505
Aimée,13,4434,4447
Antonio,4292,67,4359
Augusta,152,4177,4329
Alicia,3,4185,4188
Ardina,211,3923,4134
Aagje,3,4058,4061
Arendina,3,3928,3931
Alfons,3659,222,3881
Aron,3850,7,3857
Adolf,3657,42,3699
Annemiek,15,3625,3640
Augustina,49,3531,3580
Angélique,11,3567,3578
Albertje,8,3524,3532
Aaron,3507,3,3510
Alie,71,3275,3346
Akke,24,3247,3271
Aniek,7,3215,3222
Anje,9,3200,3209
Arina,5,3204,3209
Ahmed,2822,364,3186
Annechien,6,3071,3077
Annet,23,3036,3059
Annabel,6,3009,3015
Ann,44,2968,3012
Aafje,6,2852,2858
Alyssa,3,2792,2795
Andy,2704,44,2748
Armand,2652,61,2713
Anne-Marie,84,2582,2666
Ada,25,2555,2580
Annika,3,2573,2576
Arianne,3,2569,2572
Arendje,3,2538,2541
Aline,26,2501,2527
Andrew,2509,8,2517
Angel,452,1992,2444
Alwin,2409,7,2416
Aiden,2248,72,2320
Anniek,6,2291,2297
Allard,2280,3,2283
Angelica,40,2222,2262
Audrey,42,2208,2250
Ahmet,2238,0,2238
Amélie,3,2210,2213
Alfonsus,2149,61,2210
Aalt,2196,0,2196
Amira,0,2159,2159
Aya,8,2137,2145
Axel,2119,18,2137
Ayoub,2120,3,2123
Arne,2090,13,2103
Antonette,68,2020,2088
Alain,2039,21,2060
Amin,1941,20,1961
Amelia,49,1885,1934
Annemijn,3,1933,1936
Amir,1916,13,1929
Aria,52,1875,1927
Anastasia,26,1888,1914
Annetje,3,1911,1914
Angeline,72,1826,1898
Alijda,7,1888,1895
Antony,1790,72,1862
Aaldert,1839,3,1842
Alina,12,1811,1823
Adrienne,19,1798,1817
Adelheid,51,1751,1802
Apollonia,44,1717,1761
Amine,1584,169,1753
Abigail,8,1700,1708
Aldert,1706,3,1709
Afke,3,1685,1688
Antoni,1594,64,1658
Alphonsius,1589,67,1656
Aloijsius,1619,33,1652
Amina,3,1609,1612
Ariane,0,1610,1610
Alma,66,1538,1604
Arnout,1599,3,1602
Antoinet,35,1562,1597
Annetta,80,1515,1595
Age,1580,3,1583
Abram,1577,0,1577
Amalia,34,1524,1558
Ayşe,0,1516,1516
Adriënne,16,1483,1499
Alphonsa,11,1486,1497
Arda,1281,154,1435
Ate,1419,10,1429
Aloysia,22,1404,1426
Anouar,1409,3,1412
Armando,1404,3,1407
Anneloes,3,1403,1406
Aalbert,1403,0,1403
Ans,49,1345,1394
Adrian,1348,34,1382
Adri,914,466,1380
Amal,18,1355,1373
Alle,1346,5,1351
Alisha,0,1345,1345
Ayla,0,1335,1335
Abe,1331,3,1334
Anny,55,1215,1270
Anass,1257,0,1257
Aurora,3,1249,1252
Annick,18,1226,1244
Alan,1230,10,1240
Aylin,3,1220,1223
Adrie,763,454,1217
Adriane,11,1205,1216
Aaliyah,0,1197,1197
Abdullah,1168,29,1197
Aris,1157,17,1174
Alissa,3,1157,1160
Annabelle,3,1148,1151
Anique,12,1123,1135
Alberto,1115,10,1125
Arian,1063,55,1118
Azra,3,1106,1109
Adinda,3,1104,1107
Aleyna,0,1085,1085
Ariana,3,1080,1083
Alexis,653,426,1079
Achraf,1077,0,1077
Annelie,3,1072,1075
Amelie,13,1060,1073
Anissa,0,1067,1067
Ariën,1034,27,1061
Anouschka,3,1047,1050
Angenita,3,1040,1043
Arlette,9,1033,1042
Anno,1022,6,1028
Ayman,996,13,1009
Alec,1001,5,1006
Aloisius,969,29,998
Ankie,23,962,985
Arij,948,11,959
Aimee,7,944,951
Adil,930,20,950
Anoek,3,941,944
Alysha,3,930,933
Alinda,0,931,931
Anna-Maria,58,869,927
Alette,0,922,922
Anika,3,920,923
Alouisius,873,43,916
Ayden,853,57,910
Aisha,3,902,905
Aurelia,5,899,904
Ariaantje,0,900,900
Arent,898,3,901
Andre,864,21,885
Ansje,3,878,881
Alisa,3,878,881
Aidan,867,9,876
Angèle,63,808,871
Asma,3,863,866
Arnaud,853,6,859
Alessandro,849,3,852
Afina,0,844,844
Annemarieke,0,844,844
Armin,837,7,844
Ariena,0,822,822
Auguste,232,590,822
Aäron,821,0,821
Anneliese,17,792,809
Annechiena,0,807,807
Ashwin,800,3,803
Arwen,46,753,799
Ale,789,5,794
Ana,3,786,789
Anette,6,781,787
Annelieke,0,781,781
Aleid,255,518,773
Annemaria,54,719,773
Aranka,3,771,774
Adèle,25,740,765
Aaltjen,3,763,766
Ava,3,752,755
Anwar,720,34,754
Aly,53,698,751
Alfonsius,712,26,738
Amar,706,28,734
Annita,11,721,732
Annegien,3,726,729
Arentje,0,701,701
Aziz,671,26,697
Alphonse,547,148,695
Arvid,692,3,695
Ambrosius,650,23,673
Aileen,3,670,673
Anne-Fleur,0,670,670
Alexia,3,667,670
Annelot,0,666,666
Ary,655,6,661
Annamaria,37,621,658
Aplonia,3,653,656
Ahmad,604,47,651
Alexandrina,5,646,651
Atze,648,3,651
Aïsha,0,647,647
Alejandro,644,0,644
Anouska,3,628,631
Aryan,624,5,629
Agnita,3,623,626
Alfonsa,9,603,612
Adem,599,3,602
Aloys,562,41,603
Aren,596,5,601
Anas,599,3,602
Alana,3,598,601
Alide,5,593,598
Amani,53,545,598
Aaldrik,594,0,594
Adrianne,3,593,596
Alieke,0,591,591
Amarins,0,591,591
Anouck,3,573,576
Anjo,379,193,572
Allan,559,6,565
Adelbertus,558,3,561
Anthonij,557,3,560
Antoin,541,14,555
Abdul,538,16,554
Anaïs,3,550,553
Annelotte,0,554,554
Arwin,540,6,546
Alies,3,540,543
Aïcha,3,539,542
Ariënne,0,536,536
Angenieta,0,535,535
Aram,519,10,529
Anoeska,0,525,525
Aicha,3,520,523
Alper,520,3,523
Ard,519,3,522
Annemie,58,460,518
Albertien,15,500,515
Akram,510,3,513
Armanda,3,501,504
Asmae,0,502,502
Avinash,502,0,502
Adeline,3,496,499
Atje,3,492,495
Ageeth,3,490,493
Anthonetta,3,487,490
Aaltina,3,487,490
Ayse,15,473,488
Aldo,485,3,488
Aaltien,0,482,482
Asya,0,475,475
Aantje,3,472,475
Aschwin,474,0,474
Assia,0,470,470
Anko,465,3,468
Annebel,0,462,462
Augustine,28,434,462
Alois,437,22,459
Anne-Sophie,0,456,456
Arzu,0,456,456
Abby,7,448,455
Alexandre,414,39,453
Anisha,0,452,452
Atilla,441,9,450
Auktje,0,450,450
Angie,11,437,448
Abdellah,445,3,448
Andrina,7,439,446
Annelien,3,445,448
Angelika,13,431,444
Ane,430,12,442
Alfredo,436,5,441
Arjanne,3,440,443
Aike,354,86,440
Annefleur,0,435,435
Attje,3,427,430
Adriano,427,3,430
Annemarijn,0,428,428
Arman,424,3,427
Aras,423,3,426
Adnan,394,30,424
Anthon,419,3,422
Antina,3,419,422
Alien,3,416,419
Anuschka,3,418,421
Annechina,0,414,414
Arif,407,7,414
Alfonso,400,13,413
Ayrton,409,3,412
Amara,17,393,410
Anisa,0,410,410
Agathe,5,404,409
Adelbert,398,10,408
Areke,3,407,410
Adolph,401,6,407
Adolphina,3,405,408
Andres,405,0,405
Agneta,9,394,403
Arigje,0,403,403
Aarnout,401,0,401
Anne-Maria,24,376,400
Albartus,397,0,397
Amaya,3,396,399
Antal,365,32,397
Anand,395,3,398
Aernout,392,3,395
Aydin,387,3,390
Aagtje,0,390,390
Abdel,365,25,390
Arenda,0,387,387
Avalon,36,351,387
Anil,382,3,385
Alwine,6,373,379
Artje,3,375,378
Alje,377,3,380
Alvin,377,3,380
Anh,179,199,378
Arnoldine,3,375,378
Annique,5,370,375
Arjun,375,0,375
Arida,3,369,372
Agnetha,14,353,367
Ariëtte,0,366,366
Aliyah,3,361,364
Alessandra,3,361,364
Alyda,3,361,364
Almar,350,9,359
Ahlam,0,357,357
Alessio,353,3,356
Alexius,349,3,352
Alperen,351,0,351
Antonet,14,337,351
Andréa,3,345,348
Annerieke,0,343,343
Allison,6,336,342
Ank,11,329,340
Ankje,0,340,340
Ariadne,3,336,339
Abdelilah,331,3,334
Anjali,0,332,332
Akash,330,0,330
Angelien,7,323,330
Ayhan,325,5,330
Arien,252,77,329
Avery,187,141,328
Akif,327,0,327
Albrecht,323,3,326
Angélica,3,324,327
Abigaïl,3,322,325
Amarens,8,316,324
Antonij,319,3,322
Abigaël,7,314,321
Ananda,68,253,321
Ashraf,275,45,320
Adele,9,310,319
Anco,313,3,316
Anne-Wil,0,315,315
Abdi,204,110,314
Alexa,3,312,315
Anuradha,0,314,314
Aad,309,3,312
Ariëlle,0,312,312
Adelina,3,306,309
Adolfina,3,309,312
Alison,13,297,310
Anis,305,5,310
Annabella,3,309,312
Asha,3,306,309
Alphonsina,7,301,308
Annamarie,5,303,308
Antwan,301,6,307
Asmara,3,304,307
Aimé,233,72,305
Arja,9,296,305
Akshay,301,3,304
Anoushka,3,302,305
Agnieta,3,299,302
Aimy,3,297,300
Alessia,3,298,301
Aleidus,294,3,297
Andrée,22,275,297
Alise,0,296,296
Alena,3,293,296
Aida,3,293,296
Appolonia,11,283,294
Art,291,3,294
Anthoni,283,9,292
Adolphus,288,3,291
Anastacia,3,288,291
Ajay,286,0,286
Amandus,281,3,284
Adolphine,3,282,285
Augustijn,282,3,285
Ashanti,6,277,283
Arris,275,6,281
Aswin,279,3,282
Ayesha,3,280,283
Anselmus,272,8,280
Alberdine,0,278,278
Aman,260,18,278
Aarnoud,276,0,276
Ariaan,261,14,275
Andréas,270,3,273
Andreus,263,6,269
Ayaz,266,3,269
Armaan,267,0,267
Abelina,0,266,266
Aïmane,266,0,266
Abdelkarim,263,3,266
Annelise,3,263,266
Anthoinette,3,264,267
Abderrahman,262,3,265
Albert-Jan,263,0,263
Alegonda,10,253,263
Annuska,0,261,261
Alke,22,238,260
Alexandro,259,0,259
Alycia,0,258,258
Abdurrahman,254,3,257
Altagracia,6,246,252
Aurélie,0,252,252
Aziza,3,251,254
Aalbertus,250,3,253
Allert,251,0,251
Amel,108,143,251
Alyssia,0,250,250
Anneleen,3,249,252
Aaffien,0,248,248
Alinde,0,246,246
Arya,78,168,246
Adrianes,240,5,245
Abdessamad,244,0,244
Afien,3,242,245
Agaath,3,239,242
Alardus,241,3,244
Annelore,0,243,243
Aster,7,236,243
Antonina,3,240,243
Annelize,3,238,241
Alewijn,239,0,239
Asli,0,237,237
Abeltje,3,232,235
Aegidius,230,6,236
Alphonsine,3,235,238
Anne-Claire,3,234,237
Amos,234,3,237
Andor,235,0,235
Adeleida,13,221,234
Adela,18,215,233
Alysia,0,233,233
Aloisia,3,229,232
Ancilla,3,227,230
Antheunis,229,3,232
Aurelius,228,3,231
Aïda,3,228,231
Anne-Roos,0,229,229
Ari,189,40,229
Aliza,0,228,228
Addy,132,95,227
Alp,227,0,227
Angenietje,0,227,227
Aymen,223,3,226
Ayşegül,0,227,227
Abbas,210,16,226
Abele,226,0,226
Angelino,222,3,225
Antoinnette,3,222,225
Alieda,3,224,227
Atakan,224,0,224
Achilles,205,18,223
Angelie,3,219,222
Arco,220,3,223
Anders,220,0,220
Anselma,5,215,220
Abramina,0,219,219
Amke,0,218,218
Anka,3,212,215
Abderrahim,214,0,214
Aditya,209,3,212
Aynur,3,212,215
Aiko,177,35,212
Ashna,3,209,212
Aurelio,211,3,214
Afiena,0,210,210
Ayana,0,210,210
Abdelaziz,198,11,209
Adrien,197,12,209
Algonda,5,204,209
Anetta,5,203,208
Aloysa,3,204,207
Albertdina,0,206,206
Aysel,0,206,206
Aize,205,0,205
Anneliesje,0,205,205
Anastatia,3,203,206
Annemarije,0,204,204
Arine,0,203,203
Adnane,202,0,202
Ammar,193,9,202
Asselina,0,200,200
Alysa,0,199,199
Alejandra,0,198,198
Alberdiena,3,195,198
Aloijsia,0,196,196
Angéla,0,195,195
Anish,194,3,197
Aleksander,194,0,194
Anthonette,0,194,194
Alba,3,192,195
Anneroos,0,191,191
Arieke,0,191,191
Aleksandra,3,189,192
Anthonina,0,189,189
Antsje,0,189,189
Anne-Marije,0,188,188
Atte,185,3,188
Ayaan,147,41,188
Ayah,0,188,188
Amadeus,185,3,188
Annegina,0,187,187
Abdirahman,139,47,186
Annebelle,0,186,186
Audry,6,180,186
Albertinus,184,3,187
Almira,3,184,187
Alwina,3,183,186
Arianna,0,185,185
Agnès,6,177,183
Aleksandar,183,0,183
Aliya,3,182,185
Amerik,183,0,183
Annelin,0,183,183
Arend-Jan,183,0,183
Açelya,0,181,181
Alize,0,181,181
Anneli,3,180,183
Alita,3,179,182
Alouis,160,20,180
Ace,171,8,179
Arienne,0,179,179
Alexandria,3,174,177
Ariël,61,115,176
Attila,172,3,175
Anna-Marie,8,167,175
Aran,175,0,175
Arjuna,158,17,175
Annebeth,0,174,174
Annejet,0,174,174
Archana,0,174,174
Arjo,171,3,174
Alagonda,8,165,173
Altan,171,3,174
Anouchka,0,173,173
Abdullahi,114,58,172
Anne-Lotte,0,171,171
Asiya,3,170,173
Alberdien,0,170,170
Alda,16,154,170
Amisha,0,170,170
Andriesje,3,168,171
Ariea,0,170,170
Alparslan,169,0,169
Annelinde,0,169,169
Anske,126,43,169
Arun,167,3,170
Arvind,169,0,169
Aysun,3,168,171
Azad,161,8,169
Akin,168,0,168
Angelus,165,3,168
Alix,36,130,166
Alouisia,3,163,166
Anne-Mieke,0,165,165
Annelijn,0,165,165
Anthoon,165,0,165
Aries,163,3,166
Austin,159,6,165
Alidus,164,0,164
Aruna,9,155,164
Anthonio,163,0,163
Abdulkadir,126,36,162
Alara,0,162,162
Amé,14,148,162
Abdoel,161,0,161
Abrahamina,0,161,161
Alberte,0,161,161
Allart,161,0,161
Aaltiena,0,160,160
Allardus,160,0,160
Anne-Lynn,0,160,160
Ayşenur,0,160,160
Abra,0,159,159
Amrish,157,3,160
Arjaantje,0,159,159
Atie,3,157,160
Albarta,0,157,157
Alexandros,157,0,157
Ambrosia,3,155,158
Anthea,3,153,156
Arvin,156,0,156
Allen,147,8,155
Annalies,3,153,156
Agina,0,153,153
Alia,6,147,153
Abdallah,139,13,152
Anuska,0,152,152
Alexandrine,3,149,152
Amit,145,6,151
Abdelmajid,150,0,150
Amaru,148,3,151
Aarti,3,148,151
Andriena,0,149,149
Arisje,0,149,149
Allegondus,148,0,148
Alberthus,147,0,147
Asia,3,143,146
Augusto,142,5,147
Anne-Marieke,0,146,146
Alja,3,144,147
Arjenne,3,144,147
Aslı,0,145,145
Aemilius,142,3,145
Alfonsina,3,143,146
Annieke,0,144,144
Artur,141,3,144
Abdelkader,140,3,143
Aldegondis,88,55,143
Adelgonda,8,134,142
Alianne,0,142,142
Annewil,3,140,143
Asher,139,3,142
Ayleen,0,142,142
Abbey,3,138,141
Adina,3,138,141
Arturo,140,0,140
Achmed,136,3,139
Alko,139,0,139
Amon,130,9,139
Anoesjka,3,137,140
Akira,73,65,138
Almina,0,138,138
Annely,0,138,138
Annerie,5,133,138
Abdelhakim,135,3,138
Arita,0,137,137
Aymane,137,0,137
Abdelhak,136,0,136
Annegreet,0,136,136
Ashton,99,37,136
Alvaro,135,0,135
Asena,0,135,135
Aslan,134,3,137
Aydan,77,58,135
Aldagonda,20,114,134
Annelou,3,133,136
Alet,7,126,133
Alya,3,132,135
Anni,5,128,133
Arabella,3,132,135
Aant,132,0,132
Aldwin,132,0,132
Aliene,3,130,133
Angeliek,3,131,134
Alae,22,109,131
Almer,130,3,133
Angeli,5,126,131
Aradhana,3,128,131
Amrita,0,130,130
Ata,129,3,132
Aysha,0,130,130
Aan,128,3,131
Azzeddine,129,0,129
Alouisa,3,126,129
Andra,3,126,129
Annastasia,3,125,128
Arsenio,126,3,129
Asaf,128,0,128
Annalisa,0,127,127
Antonino,121,6,127
Arlene,3,126,129
Aaf,9,117,126
Aeden,121,5,126
Alisia,0,126,126
Arendine,0,126,126
Adriën,97,27,124
Aleide,3,122,125
Alen,123,3,126
Allisha,0,124,124
Anıl,123,3,126
Antonella,3,123,126
Archibald,124,0,124
Abbygail,0,123,123
Abdeslam,122,3,125
Alev,3,121,124
Amerentia,3,122,125
Anica,0,123,123
Asiye,0,123,123
Aaltinus,122,0,122
Aldegonde,13,109,122
Alletta,0,122,122
Alphonso,110,12,122
Alrik,122,0,122
Anthoinetta,3,121,124
Asmin,3,118,121
Aviva,0,122,122
Ayça,0,122,122
Ayten,0,122,122
Aaltjo,120,3,123
Amer,107,14,121
Ancella,3,119,122
Adelaide,3,119,122
Aisa,3,116,119
Amalie,3,119,122
Amana,0,120,120
Andrés,120,0,120
Andrieske,0,120,120
Ajla,0,119,119
Albèrt,119,0,119
Anky,0,119,119
Adelaïde,3,117,120
Adolfine,0,118,118
Ahsen,16,102,118
Anne-Floor,0,118,118
Annefloor,0,118,118
Antine,0,118,118
Ama,3,116,119
Asmaa,0,117,117
Alpay,116,0,116
Aniel,116,0,116
Albartha,0,115,115
Angelita,3,113,116
Axl,115,0,115
Abena,3,113,116
Augustin,101,12,113
Adája,3,110,113
Adelia,3,111,114
Alco,112,0,112
Anjana,0,112,112
Annouk,0,112,112
Armani,95,17,112
Abdellatif,108,3,111
Aeilko,111,0,111
Amarentia,0,111,111
Andree,70,40,110
Annichje,0,110,110
Arriën,108,3,111
Aukina,0,110,110
Ayush,110,0,110
Amerins,0,109,109
Addie,63,45,108
Alphonsia,3,104,107
Amor,68,40,108
Aden,80,27,107
Alard,107,0,107
Atty,3,106,109
Akkelien,0,106,106
Alaa,37,69,106
Aldegondus,104,3,107
Anet,3,104,107
Assuerus,106,0,106
Athalia,3,105,108
Aura,3,104,107
Adaja,3,102,105
Adelinde,3,104,107
Altina,3,104,107
Abdulrahman,93,11,104
Alistair,100,3,103
Allegonde,6,98,104
Arash,104,0,104
Arie-Jan,102,3,105
Arjette,0,103,103
Asim,100,3,103
Attie,5,98,103
Ake,95,7,102
Akua,0,102,102
Arife,0,102,102
Armande,3,99,102
Aslihan,0,102,102
Ayyoub,102,0,102
Alissia,0,101,101
Ami,56,44,100
Anthe,11,89,100
Antonnette,3,99,102
Apollo,98,3,101
Armgard,3,97,100
Aimeé,3,98,101
Anjani,3,98,101
Adrianna,3,96,99
Allagonda,7,91,98
András,97,3,100
Anne-Louise,0,98,98
Antonietta,0,98,98
Arieta,0,98,98
Asse,98,0,98
Alberthe,0,97,97
Amée,0,97,97
Anne-Jan,95,3,98
Ante,55,42,97
Anushka,0,97,97
Aphrodite,0,97,97
Ardine,3,96,99
Ayda,0,97,97
Achille,80,16,96
Adriëtte,0,96,96
Albina,3,95,98
Amien,95,3,98
Ariene,0,96,96
Asta,5,91,96
Aafko,95,0,95
Aart-Jan,95,0,95
Angenitha,0,95,95
Ardinus,95,0,95
Arush,95,0,95
Aurelie,3,93,96
Aalberta,0,94,94
Aat,81,13,94
Adham,92,3,95
Alessa,0,94,94
Artemis,11,83,94
Aafien,0,93,93
Aalzen,93,0,93
Abir,3,90,93
Aissa,74,19,93
Andrej,93,0,93
Anemoon,0,93,93
Annes,88,5,93
Arjaan,92,3,95
Arsène,80,13,93
Abd,74,18,92
Adwin,92,0,92
Aiyana,0,92,92
Amely,3,91,94
Annalie,0,92,92
Atse,92,0,92
Ayfer,3,90,93
Abigael,3,90,93
Aleijda,0,91,91
Amparo,8,83,91
Aafina,0,90,90
Amando,87,3,90
Amaro,89,3,92
Anna-Sophie,0,90,90
Annegiena,0,90,90
Annemoon,0,90,90
António,90,0,90
Arike,3,89,92
Athena,0,90,90
Aishwarya,0,89,89
Albin,87,3,90
Anieta,0,89,89
Arshad,83,6,89
Achiel,77,11,88
Alicja,0,88,88
Aminata,0,88,88
Amr,85,3,88
Anaya,0,88,88
Anieke,0,88,88
Anne-Ruth,0,88,88
Ariëlla,3,87,90
Abdelhamid,83,3,86
Akın,87,0,87
Arinda,0,87,87
Ashanty,0,87,87
Aaltsje,0,86,86
Akosua,0,86,86
Aldina,3,85,88
Amelberga,7,79,86
Amilia,3,85,88
Angely,0,86,86
Annemien,0,86,86
Anneriek,0,86,86
Antien,0,86,86
Anya,3,82,85
Arinus,86,0,86
Armandus,82,3,85
Arna,3,85,88
Aykut,86,0,86
Aysu,0,86,86
Aalbertha,0,85,85
Adolphe,77,8,85
Albertino,82,3,85
Alyshia,0,85,85
Angèl,20,65,85
Arti,10,75,85
Ashish,85,0,85
Aiman,78,6,84
Akaash,84,0,84
Alano,84,0,84
Alpha,73,11,84
Arendiena,0,84,84
Auko,84,0,84
Aveline,0,84,84
Aalbertje,0,83,83
Amadou,82,3,85
Aminah,0,83,83
Angus,83,0,83
Arin,45,38,83
Arnolde,0,83,83
Artin,82,3,85
Assunta,3,79,82
Aubrey,31,52,83
Aukjen,0,83,83
Abdulahi,54,28,82
Aise,68,14,82
Amaris,3,81,84
Amirah,0,82,82
Arijan,80,3,83
Arlène,3,81,84
Awinash,82,0,82
Abdelouahed,81,0,81
Agata,3,78,81
Aliye,0,81,81
Anna-Louise,0,81,81
Anoeshka,0,81,81
Asel,3,80,83
Asude,0,81,81
Addo,79,3,82
Aivy,3,79,82
Alexsandra,0,80,80
Aloïs,73,7,80
Alon,75,5,80
Amie,3,76,79
Angenietha,0,80,80
Ariette,0,80,80
Artie,15,65,80
Aydın,80,0,80
Adi,56,23,79
Aishani,0,79,79
Alexsander,78,3,81
Anniko,0,79,79
Ariëtta,0,79,79
Armina,3,78,81
Athanasius,77,3,80
Azize,3,75,78
Abdelrahman,72,6,78
Aeron,78,0,78
Afua,0,78,78
Ainsley,37,41,78
Alek,71,7,78
Alim,76,3,79
Anina,3,77,80
Antiena,0,78,78
Ariska,0,78,78
Arletta,0,78,78
Arlo,78,0,78
Atif,73,5,78
Azarja,64,14,78
Adeodata,0,77,77
Akkelina,0,77,77
Aletha,0,77,77
Amerens,3,73,76
Amjad,70,7,77
Ange,29,48,77
Annelein,0,77,77
Annelieze,3,75,78
Athanasia,3,76,79
Amora,3,74,77
Annechienus,76,0,76
Antke,3,74,77
Antonis,73,3,76
Ashana,0,76,76
Ashutosh,76,0,76
Abygail,0,75,75
Adolfus,72,3,75
Alanis,0,75,75
Allon,69,6,75
Amna,0,75,75
Amrit,65,10,75
Anda,3,71,74
Annigjen,0,75,75
Ares,74,3,77
Aryana,0,75,75
Avi,65,10,75
Aarush,74,0,74
Aemilia,0,74,74
Alban,74,0,74
Alihan,74,0,74
Allyssa,0,74,74
Anine,0,74,74
Annemay,0,74,74
Aaffiena,0,73,73
Aartie,0,73,73
Aedan,73,0,73
Aernoud,73,0,73
Alderina,0,73,73
Aldrik,73,0,73
Alkina,0,73,73
Anneken,0,73,73
Antoinne,59,14,73
Apollonius,71,3,74
Armano,73,0,73
Aukelina,0,73,73
Ayan,48,25,73
Aeneas,72,0,72
Amaury,62,10,72
Appollonia,3,71,74
Arden,48,24,72
Arjon,67,5,72
Astra,3,71,74
Aytaç,71,3,74
Abdül,71,0,71
Aldin,69,3,72
Angelia,3,69,72
Arline,0,71,71
Asja,0,71,71
Assiya,0,71,71
Aysima,0,71,71
Adilson,70,0,70
Afia,3,69,72
Agada,0,70,70
Akkie,3,66,69
Almila,0,70,70
Anneline,0,70,70
Antonin,68,3,71
Athina,0,70,70
Atsje,0,70,70
Abdalla,43,26,69
Angelinus,69,0,69
Anne-Linde,0,69,69
Appie,64,5,69
Ariel,43,26,69
Arwa,3,68,71
Ashly,5,64,69
Aymée,0,69,69
Aage,68,0,68
Aartina,0,68,68
Abdennour,68,0,68
Adalbert,68,0,68
Adine,3,67,70
Alberdinus,68,0,68
Allie,50,18,68
Annabeth,3,67,70
Arantxa,0,68,68
Adriaen,67,0,67
Agnieszka,5,62,67
Aleena,0,67,67
Alfonsine,3,65,68
Alike,0,67,67
Annelynn,0,67,67
Ardi,48,19,67
Arentina,0,67,67
Abdelhafid,66,0,66
Aberdina,0,66,66
Agnesia,3,64,67
Amadeo,65,3,68
Annoeska,0,66,66
Antonnetta,0,66,66
Arrisje,0,66,66
Aryen,64,3,67
Adria,7,58,65
Ailko,65,0,65
Alica,3,64,67
Alonso,65,0,65
Annoesjka,0,65,65
Aquila,34,31,65
Arieda,0,65,65
Ashlyn,3,62,65
Axelle,3,64,67
Adwoa,3,63,66
Ani,3,62,65
Aniela,0,64,64
Anne-Marijn,3,60,63
Anne-May,0,64,64
Annelous,0,64,64
Annelyn,0,64,64
Aoife,0,64,64
Ashlynn,0,64,64
Ashvin,64,0,64
Aslıhan,0,64,64
Avril,3,62,65
Adelberta,3,62,65
Alef,62,3,65
Alfonsia,0,63,63
Amanah,0,63,63
Amarantha,0,63,63
Ameerah,0,63,63
Amra,3,60,63
Anjes,15,48,63
Annekee,0,63,63
Annieta,3,62,65
Ara,40,23,63
Athanasios,63,0,63
Adin,60,3,63
Adriëlle,3,61,64
Aila,0,62,62
Akbar,62,0,62
Alfreda,0,62,62
Anandi,3,58,61
Ananias,62,0,62
Andro,62,0,62
Anjuli,0,62,62
Annemarijke,0,62,62
Arold,62,0,62
Arslan,62,0,62
Asuerus,62,0,62
Atalay,61,3,64
Avani,0,62,62
Avelon,7,55,62
Azeddine,62,0,62
Abeldina,0,61,61
Abubakar,42,19,61
Adelaida,3,60,63
Alannah,3,60,63
Aleta,0,61,61
Alexei,60,3,63
Aliana,0,61,61
Alouette,3,60,63
Andrzej,60,3,63
Annastatia,3,60,63
Apolonius,61,0,61
Asjen,60,3,63
Ayuub,60,3,63
Afzal,49,11,60
Ajdin,60,0,60
Amand,59,3,62
Andele,54,6,60
Annerose,0,60,60
Ardy,33,27,60
Arijaantje,0,60,60
Ashwan,60,0,60
Asiyah,0,60,60
Abdelmounaim,59,0,59
Adéle,3,56,59
Althea,3,58,61
Antonine,0,59,59
Antonios,58,3,61
Arendtje,0,59,59
Artina,0,59,59
Ashwien,59,0,59
Adamina,0,58,58
Aditi,0,58,58
Aert,58,0,58
Alwyn,56,3,59
Amata,3,57,60
Angèlique,3,57,60
Anitra,0,58,58
Aswintha,0,58,58
Ati,3,56,59
Ayu,3,56,59
Abid,47,10,57
Adonia,3,55,58
Adonis,55,3,58
Alaya,6,51,57
Aleidis,11,46,57
Aljosja,53,3,56
Aloisa,3,54,57
Amier,56,3,59
Amresh,57,0,57
Anca,0,57,57
Andrisa,0,57,57
Anna-Lynn,0,57,57
Annieck,0,57,57
Anoeradha,0,57,57
Anskje,0,57,57
Araz,55,3,58
Ariejan,57,0,57
Arlinda,0,57,57
Armelle,3,56,59
Arnaldo,57,0,57
Avantika,0,57,57
Abdelali,56,0,56
Adeodatus,55,3,58
Adjai,56,0,56
Aeltsje,0,56,56
Ainhoa,0,56,56
Alesha,0,56,56
Anne-Marijke,0,56,56
Annelisa,0,56,56
Arianus,56,0,56
Arisha,0,56,56
Asje,53,3,56
Ayub,55,3,58
Abderrahmane,55,0,55
Aikina,0,55,55
Aislinn,0,55,55
Ajani,53,3,56
Albart,55,0,55
Aliena,0,55,55
Ambar,9,46,55
Anastasius,55,0,55
Andras,54,3,57
Anne-Loes,0,55,55
Annij,3,53,56
Aranea,0,55,55
Arta,15,40,55
Ayisha,0,55,55
Adilia,0,54,54
Adna,3,53,56
Alkan,54,0,54
Alyanne,0,54,54
Amandine,0,54,54
Amari,15,39,54
Ammy,3,52,55
Angele,6,48,54
Annaliese,3,52,55
Anne-Britt,0,54,54
Anne-Lieke,0,54,54
Annedien,0,54,54
Astrando,54,0,54
Aty,0,54,54
Abdelghani,53,0,53
Afaf,3,52,55
Aico,53,0,53
Aloïsius,52,3,55
Amany,0,53,53
Anatole,51,3,54
Ardiena,3,52,55
Armijn,46,7,53
Aroen,52,3,55
Asad,49,3,52
Atila,51,3,54
Awa,3,51,54
Aalke,3,48,51
Adry,24,28,52
Anabel,0,52,52
Anderson,47,5,52
Angenis,3,50,53
Anoeschka,0,52,52
Anselmo,52,0,52
Arielle,0,52,52
Ashni,0,52,52
Aysegül,0,52,52
Azing,52,0,52
Aalf,51,0,51
Abbe,48,3,51
Adelien,3,50,53
Aimane,51,0,51
Akko,51,0,51
Alishia,0,51,51
Allegondis,40,11,51
Allysia,0,51,51
Aloijs,49,3,52
Amarante,0,51,51
Ameera,0,51,51
Andrei,51,0,51
Angelle,0,51,51
Anne-marie,0,51,51
Annebet,0,51,51
Annieka,0,51,51
Annius,51,0,51
Aristides,51,0,51
Arlet,5,46,51
Ashok,50,3,53
Avelien,0,51,51
Aybüke,0,51,51
Aarav,50,0,50
Aksel,50,0,50
Allerdina,0,50,50
Amee,0,50,50
Amélia,0,50,50
Amma,3,49,52
Anganita,0,50,50
Angeles,7,43,50
Annina,0,50,50
Antinus,50,0,50
Arn,49,3,52
Atef,34,16,50
Aaltine,0,49,49
Abdelouahab,49,0,49
Abidin,49,0,49
Adama,14,35,49
Adriènne,3,47,50
Agyemang,29,20,49
Akwasi,49,0,49
Allette,0,49,49
Aloyse,3,48,51
Amaryllis,3,48,51
Andjenie,0,49,49
Annisa,0,49,49
Araya,9,40,49
Ardie,24,25,49
Aristide,48,3,51
Arnica,0,49,49
Aurea,0,49,49
Ayanna,0,49,49
Abdelhalim,46,3,49
Adrina,0,48,48
Alfrida,0,48,48
Alidia,0,48,48
Allysha,0,48,48
Altay,48,0,48
Alyne,0,48,48
Amy-Lynn,0,48,48
Angèla,3,46,49
Angéline,0,48,48
Annalise,0,48,48
Annicka,0,48,48
Antoinnetta,0,48,48
Anusha,3,47,50
Atika,3,47,50
Azhar,32,16,48
Aalderik,47,0,47
Aarjen,46,3,49
Aartine,0,47,47
Abdelghafour,47,0,47
Acronius,47,0,47
Ade,30,17,47
Adu,30,17,47
Aebe,47,0,47
Alfridus,45,3,48
Allyson,3,46,49
Alouise,0,47,47
Amberley,0,47,47
Andria,3,45,48
Angelicus,47,0,47
Annas,44,3,47
Anne-Lise,3,46,49
Annegie,3,46,49
Annegje,0,47,47
Annica,0,47,47
Ansfrida,0,47,47
Armağan,39,8,47
Arrianne,0,47,47
Aukelien,0,47,47
Avital,17,30,47
Aymee,0,47,47
Abdülkadir,46,0,46
Abida,0,46,46
Aboubakr,46,0,46
Afie,0,46,46
Afine,0,46,46
Agathus,46,0,46
Aina,0,46,46
Aïscha,3,45,48
Aja,3,43,46
Alderdina,0,46,46
Alfrieda,3,45,48
Aljan,46,0,46
Ally,17,29,46
Amadea,3,45,48
Amitkumar,46,0,46
Anne-Jet,0,46,46
Anne-Rose,0,46,46
Asante,30,16,46
Attilio,46,0,46
Aycan,12,34,46
Ayolt,46,0,46
Ayşen,0,46,46
Aaliya,0,45,45
Aardina,0,45,45
Abdelmalek,45,0,45
Abdurahman,39,6,45
Adje,24,21,45
Agyei,40,5,45
Aijolt,45,0,45
Albertiena,0,45,45
Alian,23,22,45
Alican,45,0,45
Alof,45,0,45
Amare,10,35,45
Amarenske,0,45,45
Angniesje,0,45,45
Anike,0,45,45
Annefien,3,44,47
Ant,7,38,45
Ardin,42,3,45
Auwina,0,45,45
Avelina,3,43,46
Ayra,3,41,44
Azam,44,3,47
Acelya,0,44,44
Adne,44,0,44
Aginus,44,0,44
Allysa,0,44,44
Almaz,5,39,44
Alpaslan,44,0,44
Amelius,44,0,44
Angelos,42,3,45
Anick,3,43,46
Annemee,0,44,44
Antjo,44,0,44
Arief,43,3,46
Arion,40,3,43
Arlen,33,11,44
Asare,32,12,44
Asley,7,37,44
Aybike,0,44,44
Adde,41,3,44
Adriëne,3,42,45
Aegidia,3,42,45
Afnan,3,39,42
Afriyie,16,27,43
Agna,3,42,45
Agustina,0,43,43
Ailynn,0,43,43
Alischa,3,42,45
Allegra,0,43,43
Amila,3,40,43
Anahita,0,43,43
Andrès,43,0,43
Anir,43,0,43
Anne-Will,0,43,43
Annechiene,0,43,43
Anneliek,0,43,43
Ardian,43,0,43
Aretha,0,43,43
Ariean,41,3,44
Aalderd,42,0,42
Aalze,42,0,42
Abdulaziz,35,7,42
Abhay,42,0,42
Adryan,39,3,42
Alae-Eddine,42,0,42
Alexi,24,18,42
Aliyana,0,42,42
Amaan,41,3,44
Andriana,3,40,43
Andriesa,0,42,42
Andriesina,0,42,42
Angelieke,0,42,42
Annastacia,0,42,42
Anne-Sofie,0,42,42
Annemaj,0,42,42
Annuschka,0,42,42
Arissa,0,42,42
Aroha,3,38,41
Ashmita,0,42,42
Auxilia,3,41,44
Ayat,3,41,44
Aaike,21,20,41
Abdikarim,27,14,41
Abdoullah,41,0,41
Abner,41,0,41
Abrar,11,30,41
Adis,41,0,41
Ailani,3,40,43
Albertjan,41,0,41
Alderik,41,0,41
Aleksandr,41,0,41
Alin,13,28,41
Alyna,0,41,41
Ambra,0,41,41
Amela,3,40,43
Amelle,0,41,41
Anastasios,41,0,41
Andi,34,7,41
Andrika,0,41,41
Anemone,0,41,41
Anes,41,0,41
Anjelica,0,41,41
Anselm,40,3,43
Antjen,0,41,41
Appiah,30,11,41
Arendien,3,40,43
Arnie,35,6,41
Ashleigh,0,41,41
Asif,36,5,41
Aspasia,0,41,41
Aysa,3,39,42
Azaan,41,0,41
Aamir,37,3,40
Abas,35,5,40
Abia,16,24,40
Adan,34,6,40
Adar,35,5,40
Adriaanus,39,3,42
Aggie,3,37,40
Ailin,5,35,40
Aisling,3,39,42
Aiso,40,0,40
Aleandro,40,0,40
Alfredus,39,3,42
Alime,0,40,40
Allerd,40,0,40
Allessandro,40,0,40
Alstje,0,40,40
Amancio,40,0,40
Amayah,0,40,40
Andel,23,17,40
Andjela,0,40,40
Anki,0,40,40
Anna-Lisa,0,40,40
Annah,3,39,42
Anne-Margreet,0,40,40
Ansgar,38,3,41
Anthonis,38,3,41
Antonus,40,0,40
Anuscka,0,40,40
Aouatif,0,40,40
Arko,38,3,41
Arlan,39,3,42
Aroena,3,39,42
Aryanne,0,40,40
Ashwini,11,29,40
Assad,35,5,40
Aygül,3,39,42
Aylinn,0,40,40
Aziez,40,0,40
Abu,36,3,39
Adjay,39,0,39
Adjoa,0,39,39
Aeilke,22,17,39
Akhtar,21,18,39
Alaïa,0,39,39
Alberti,16,23,39
Alexine,0,39,39
Anastasija,0,39,39
Anné,31,8,39
Annemein,0,39,39
Asal,0,39,39
Ashkan,38,3,41
Ashlee,3,38,41
Avelino,39,0,39
Avy,5,34,39
Aalbrecht,38,0,38
Aaltienus,38,0,38
Aasje,0,38,38
Abdeljalil,38,0,38
Abdou,37,3,40
Abdoul,38,0,38
Adarsh,38,0,38
Adesh,37,3,40
Adonai,30,8,38
Adriaana,0,38,38
Aevy,0,38,38
Aimar,37,3,40
Aişe,0,38,38
Alonzo,38,0,38
Amande,3,35,38
Amaranta,0,38,38
Amena,0,38,38
Amilius,38,0,38
Anais,3,35,38
Annemae,0,38,38
Arlon,38,0,38
Arthuro,38,0,38
Avni,30,8,38
Ayala,3,35,38
Abdoellah,37,0,37
Abdoulaye,37,0,37
Abdulla,31,6,37
Abhishek,37,0,37
Adile,8,29,37
Adora,0,37,37
Aglaia,0,37,37
Aland,37,0,37
Alderd,37,0,37
Almir,37,0,37
Alyt,0,37,37
Amada,0,37,37
Amarissa,3,36,39
Amba,3,36,39
Anakin,36,3,39
Anando,37,0,37
Aneta,3,33,36
Angenes,0,37,37
Anisah,0,37,37
Ansfridus,36,3,39
Anuja,0,37,37
Aradhna,0,37,37
Arieanne,0,37,37
Arik,37,0,37
Arnaut,37,0,37
Arres,37,0,37
Arsen,37,0,37
Asmita,0,37,37
Azim,37,0,37
Aale,36,0,36
Abderrazak,36,0,36
Afanaisa,0,36,36
Aischa,3,35,38
Aldegundis,23,13,36
Alecia,0,36,36
Alf,35,3,38
Alouysius,36,0,36
Altje,3,34,37
Amaana,0,36,36
Amaia,0,36,36
Amilcar,35,3,38
Anandkumar,36,0,36
Anel,30,6,36
Aniceta,0,36,36
Anjelina,0,36,36
Annemare,0,36,36
Anner,35,3,38
Annètje,0,36,36
Annouschka,0,36,36
Apolline,3,33,36
Arwien,36,0,36
Asuman,0,36,36
Abdelfattah,30,5,35
Abelia,0,35,35
Adalina,0,35,35
Adamus,33,3,36
Adaya,3,34,37
Adib,33,3,36
Agaat,3,34,37
Agostino,35,0,35
Ahlaam,0,35,35
Alem,32,3,35
Alfonse,14,21,35
Alides,35,0,35
Alisya,0,35,35
Alvarez,31,3,34
Amberly,0,35,35
Amiet,33,3,36
Amore,9,26,35
Amyra,0,35,35
Annalize,0,35,35
Anne-Lies,0,35,35
Anne-Lot,0,35,35
Anne-Mae,0,35,35
Anneclaire,0,35,35
Annewieke,0,35,35
Annora,0,35,35
Ardan,32,3,35
Arnon,34,3,37
Ascha,3,34,37
Astrea,0,35,35
Atahan,35,0,35
Aurélia,0,35,35
Aytekin,34,3,37
Aaricia,0,34,34
Abdulkerim,34,0,34
Adanna,0,34,34
Agetha,0,34,34
Aimen,32,3,35
Alanah,0,34,34
Aldrin,34,0,34
Aliese,0,34,34
Allal,34,0,34
Aloyisius,34,0,34
Ameya,0,34,34
Amro,29,5,34
Andreana,3,33,36
Andromeda,3,32,35
Angéle,3,33,36
Anna-Sophia,0,34,34
Annaatje,3,33,36
Anora,0,34,34
Ansh,33,3,36
Antko,34,0,34
Arcangel,27,7,34
Arjanna,0,34,34
Arton,34,0,34
Atina,3,33,36
Aurore,3,33,36
Awatif,0,34,34
Aylana,0,34,34
Aafra,0,33,33
Aalberdina,0,33,33
Abbigail,0,33,33
Abdirashid,23,10,33
Abeline,0,33,33
Abradina,0,33,33
Achim,33,0,33
Addi,18,15,33
Adé,16,17,33
Adella,3,31,34
Agaatha,0,33,33
Agnus,23,10,33
Aik,33,0,33
Aisja,0,33,33
Akay,32,3,35
Ambrosina,0,33,33
Ameer,32,3,35
Amèl,3,29,32
Amiera,0,33,33
Amy-Lee,0,33,33
Andrias,33,0,33
Andrys,33,0,33
Anitta,0,33,33
Anjanie,0,33,33
Anmol,11,22,33
Annemaaike,0,33,33
Aske,7,26,33
Aslam,30,3,33
Asra,3,32,35
Asteria,0,33,33
Audrie,0,33,33
Aviv,23,10,33
Aaya,3,31,34
Adelgunde,3,30,33
Adila,3,31,34
Ahalam,0,32,32
Aharon,32,0,32
Aiven,32,0,32
Aizo,32,0,32
Alaine,3,31,34
Alexandru,32,0,32
Aleyda,0,32,32
Almara,0,32,32
Alvar,32,0,32
Ambrose,18,14,32
Anbar,3,31,34
Angeniesje,0,32,32
Anna-Mae,0,32,32
Annabell,0,32,32
Anne-Maartje,0,32,32
Anouke,3,30,33
Anthoney,32,0,32
Antona,0,32,32
Arende,0,32,32
Arijana,0,32,32
Arisa,0,32,32
Arjana,0,32,32
Arlinde,0,32,32
Arrien,31,3,34
Arsalan,32,0,32
Aufridus,32,0,32
Autumn,3,31,34
Avinaash,32,0,32
Awais,29,3,32
Awan,22,10,32
Ayke,15,17,32
Aafjen,0,31,31
Abdelkhalek,31,0,31
Abdelwahed,30,3,33
Abdinasir,18,13,31
Abukar,20,11,31
Adinde,3,30,33
Aeryn,3,30,33
Aisosa,14,17,31
Aïssa,25,6,31
Akkeline,0,31,31
Alea,0,31,31
Aleeza,0,31,31
Alicha,0,31,31
Aljen,31,0,31
Anamika,0,31,31
Ananja,3,29,32
Anastatius,31,0,31
Andreo,29,3,32
Angélika,0,31,31
Angelito,31,0,31
Annechie,3,30,33
Annechinus,31,0,31
Annoek,3,30,33
Annouska,0,31,31
Anson,30,3,33
Antonita,0,31,31
Armella,3,29,32
Arminda,0,31,31
Arnauld,31,0,31
Arnt,31,0,31
Asamoah,18,13,31
Auwert,31,0,31
Ave,13,18,31
Ayven,30,3,33
Abdelhadi,29,3,32
Achillus,25,5,30
Adelbertha,0,30,30
Adelgonde,0,30,30
Adjei,21,9,30
Adolfo,30,0,30
Adriani,12,18,30
Adriënna,0,30,30
Aenea,3,28,31
Aerin,3,27,30
Ainoa,0,30,30
Akasya,0,30,30
Aleydis,3,29,32
Aljo,27,3,30
Alt,30,0,30
Alwien,15,15,30
Amaanah,0,30,30
Anacleta,0,30,30
Angenie,0,30,30
Anies,27,3,30
Anitha,0,30,30
Anne-Greet,0,30,30
Annike,0,30,30
Antonique,0,30,30
Armel,26,3,29
Armen,30,0,30
Assumpta,3,27,30
Aukeline,3,29,32
Aurel,20,10,30
Ayberk,30,0,30
Ayold,30,0,30
Aafiena,0,29,29
Aakash,29,0,29
Abdelwahab,28,3,31
Abdessalam,29,0,29
Abdirahim,23,6,29
Adelin,20,9,29
Adnaan,29,0,29
Ailyn,0,29,29
Airen,3,25,28
Akky,3,26,29
Alfie,18,11,29
Alfina,3,28,31
Allah,16,13,29
Aloise,5,24,29
Amado,29,0,29
Amantia,3,28,31
Amariah,3,28,31
Amarildo,29,0,29
Anaïsa,0,29,29
Andriëtte,0,29,29
Angeniet,0,29,29
Anieck,0,29,29
Aniesa,0,29,29
Anju,0,29,29
Anne-Lize,0,29,29
Anne-Meike,0,29,29
Anthoinet,0,29,29
Arika,0,29,29
Arma,0,29,29
Arnoldo,27,3,30
Ashray,29,0,29
Ashvini,3,28,31
Aşkin,20,9,29
Atlas,29,0,29
Atreyu,29,0,29
Aybars,29,0,29
Ayesta,0,29,29
Aysen,0,29,29
Aza,24,5,29
Aaffina,0,28,28
Aashish,28,0,28
Abdulqadir,22,6,28
Abou,22,6,28
Achmad,28,0,28
Aelin,3,25,28
Ahu,0,28,28
Aimad,28,0,28
Aino,5,23,28
Aira,3,26,29
Aivey,0,28,28
Alaina,0,28,28
Alani,3,27,30
Alastair,27,3,30
Alegandro,28,0,28
Aliki,0,28,28
Allian,24,3,27
Altinus,28,0,28
Altjo,28,0,28
Amaranthe,0,28,28
Amatus,28,0,28
Amayra,0,28,28
Amedeo,28,0,28
Amen,13,15,28
Amran,17,11,28
Andjana,0,28,28
Ania,0,28,28
Anicetus,28,0,28
Annachiena,0,28,28
Anneriet,0,28,28
Arcadia,3,27,30
Archie,28,0,28
Arinde,3,27,30
Arné,26,3,29
Arsenia,3,26,29
Arshan,28,0,28
Arshia,17,11,28
Ashitosh,28,0,28
Avina,0,28,28
Ayad,24,3,27
Aalderdina,0,27,27
Aaryan,27,0,27
Abdulhamid,27,0,27
Abshir,19,8,27
Adalbertus,27,0,27
Adamo,27,0,27
Adeel,24,3,27
Adeleid,3,26,29
Adelheide,3,26,29
Ademar,27,0,27
Adia,3,26,29
Admir,27,0,27
Adorée,0,27,27
Adzer,27,0,27
Agnesa,0,27,27
Aissam,27,0,27
Akeem,27,0,27
Aki,21,6,27
Akim,26,3,29
Alarda,0,27,27
Alayna,0,27,27
Albertie,6,21,27
Aleksej,27,0,27
Alima,3,26,29
Alkien,0,27,27
Alte,27,0,27
Altine,0,27,27
Alys,0,27,27
Alyson,3,26,29
Ame,22,5,27
Amish,27,0,27
Amponsah,12,15,27
Amriet,27,0,27
Ancel,11,16,27
Ande,5,22,27
Anderina,0,27,27
Angèlica,0,27,27
Angeneta,0,27,27
Angenies,0,27,27
Anjalie,0,27,27
Anmar,16,11,27
Annunciata,3,25,28
Anoir,26,3,29
Aramis,27,0,27
Arelis,20,7,27
Arentdina,0,27,27
Arieaantje,0,27,27
Ariejanne,0,27,27
Ariese,23,3,26
Arlin,16,11,27
Aro,27,0,27
Arsjad,27,0,27
Artan,26,3,29
Astin,26,3,29
Ayani,13,14,27
Ayomide,17,10,27
Ayza,0,27,27
Abrina,0,26,26
Adger,26,0,26
Adrián,26,0,26
Affan,26,0,26
Afnaan,3,25,28
Agnietje,0,26,26
Agus,26,0,26
Agustin,25,3,28
Ahad,24,3,27
Aidin,25,3,28
Alberic,24,3,27
Aldemar,26,0,26
Alesandro,26,0,26
Alicya,0,26,26
Alienke,0,26,26
Aliëtte,0,26,26
Alyke,0,26,26
Alyse,0,26,26
Amanuel,23,3,26
Amarachi,0,26,26
Amarant,3,24,27
Ambika,3,23,26
Anacletus,25,3,28
Andjanie,0,26,26
Andrie,18,8,26
Anela,0,26,26
Angelico,24,3,27
Anila,0,26,26
Anise,0,26,26
Anne-Maaike,0,26,26
Anne-Marthe,0,26,26
Annemarij,0,26,26
Annemée,0,26,26
Anouscha,0,26,26
Anta,0,26,26
Antar,25,3,28
Anto,23,3,26
Aphra,0,26,26
Aquiles,26,0,26
Arav,26,0,26
Ardo,23,3,26
Arendjan,26,0,26
Arfan,24,3,27
Ariëla,0,26,26
Arijanne,0,26,26
Arnoldinus,26,0,26
Arnoudina,0,26,26
Asmahan,0,26,26
Aston,25,3,28
Attia,12,14,26
Aymé,5,21,26
Aysenur,0,26,26
Aalbertine,0,25,25
Aatish,25,0,25
Abdelmalik,25,0,25
Abdelouahid,25,0,25
Adiël,18,7,25
Adisa,3,22,25
Adriëtta,0,25,25
Aeilt,25,0,25
Aelynn,0,25,25
Aenne,3,24,27
Afonso,24,3,27
Agnetia,0,25,25
Aimey,0,25,25
Aitor,25,0,25
Alaysha,0,25,25
Alberdientje,0,25,25
Alberts,25,0,25
Aliede,0,25,25
Alka,0,25,25
Allicia,0,25,25
Amarinske,0,25,25
Ammerensje,0,25,25
Ananta,3,21,24
Angelike,0,25,25
Aniss,25,0,25
Anne-Mare,0,25,25
Anniggien,0,25,25
Antionette,3,23,26
Antwi,20,5,25
Arantes,25,0,25
Ardien,3,24,27
Arendinus,25,0,25
Arendo,25,0,25
Ariella,0,25,25
Ariya,14,11,25
Arlena,0,25,25
Artine,0,25,25
Aryaantje,0,25,25
Augustien,3,21,24
Auk,13,12,25
Avelyn,0,25,25
Avin,3,21,24
Awesta,3,21,24
Aypril,0,25,25
Azaad,24,3,27
Azem,22,3,25
Aagte,3,22,25
Aalko,24,0,24
Aasiya,0,24,24
Aatje,3,23,26
Abdelwahid,22,3,25
Abdon,23,3,26
Abdulsamed,24,0,24
Aby,5,19,24
Adelgunda,3,22,25
Adiel,22,3,25
Aede,24,0,24
Agnese,0,24,24
Ahrend,24,0,24
Aiken,24,0,24
Aimely,0,24,24
Alberth,24,0,24
Albertiene,3,23,26
Albinus,24,0,24
Alenka,0,24,24
Alexej,24,0,24
Allesandro,24,0,24
Allissa,0,24,24
Aloijsa,3,23,26
Alydia,0,24,24
Amaal,0,24,24
Ammerentia,0,24,24
Anahit,0,24,24
Andie,14,10,24
Andriëtta,0,24,24
Angella,3,20,23
Anida,3,23,26
Anna-Fleur,0,24,24
Annemar,0,24,24
Annemei,0,24,24
Annemone,0,24,24
Anousjka,0,24,24
Antoinnet,0,24,24
Aquilina,0,24,24
Ariano,24,0,24
Arleen,0,24,24
Arran,21,3,24
Aubry,9,15,24
Averil,3,23,26
Awad,17,7,24
Ayca,0,24,24
Aylan,22,3,25
Aalbregt,23,0,23
Aartjen,0,23,23
Abdelrahim,20,3,23
Abdenasser,23,0,23
Abdo,12,11,23
Abdulkarim,18,5,23
Adreana,0,23,23
Agge,23,0,23
Agustinus,21,3,24
Aitana,0,23,23
Ajit,21,3,24
Alberthina,0,23,23
Albertico,23,0,23
Alexe,5,18,23
Alexsandro,23,0,23
Aleysha,0,23,23
Alfaris,23,0,23
Alfers,23,0,23
Alizée,0,23,23
Alline,3,22,25
Alona,0,23,23
Altaaf,23,0,23
Amandina,3,21,24
Amarja,3,20,23
Angenitus,23,0,23
Aniëla,3,22,25
Ann-Sophie,0,23,23
Annaliza,0,23,23
Annalynn,0,23,23
Anne-Marit,0,23,23
Annelon,0,23,23
Annemeike,0,23,23
Ansah,16,7,23
Anselina,0,23,23
Anthonya,0,23,23
Antigone,0,23,23
Antoinella,0,23,23
Ardjan,23,0,23
Arentine,0,23,23
Ariyan,22,3,25
Armida,0,23,23
Arnoldes,22,3,25
Arrian,21,3,24
Ashrafi,19,3,22
Asker,23,0,23
Assien,5,18,23
Azranur,0,23,23
Aafie,0,22,22
Aarke,0,22,22
Aasiyah,0,22,22
Abdelmoumen,22,0,22
Abramine,0,22,22
Achiaa,0,22,22
Adaucta,0,22,22
Adira,0,22,22
Adjani,6,16,22
Ado,21,3,24
Adorina,6,16,22
Adrijana,0,22,22
Agung,17,5,22
Agyeman,10,12,22
Aissatou,0,22,22
Ajoeb,22,0,22
Aksamina,0,22,22
Alarik,22,0,22
Albine,3,21,24
Albregt,22,0,22
Alcides,21,3,24
Aldertina,0,22,22
Aleksa,21,3,24
Aliesa,0,22,22
Alineke,0,22,22
Aliriza,22,0,22
Alister,21,3,24
Aloïse,3,20,23
Alvera,0,22,22
Amarisa,3,19,22
Amédée,17,5,22
Anam,3,20,23
Anasthasia,0,22,22
Anber,3,20,23
Andina,0,22,22
Andri,18,3,21
Andrieke,0,22,22
Anne-Christine,0,22,22
Anne-Lou,0,22,22
Anne-Rixt,0,22,22
Annegré,0,22,22
Annejan,17,5,22
Annekatrien,0,22,22
Annelina,0,22,22
Annemarth,0,22,22
Annemary,0,22,22
Anteunis,22,0,22
Anthonet,3,21,24
Anthousa,0,22,22
Anyssa,0,22,22
Appelonia,0,22,22
Ardjoen,22,0,22
Ariët,0,22,22
Arish,22,0,22
Arnould,20,3,23
Arp,22,0,22
Ashika,0,22,22
Athene,3,20,23
Ayumi,0,22,22
Azzedine,21,3,24
Aapko,21,0,21
Abdelkrim,19,3,22
Abdifatah,16,5,21
Abhimanyu,21,0,21
Abi,6,15,21
Abichail,3,20,23
Adaline,0,21,21
Adelino,19,3,22
Adelmar,21,0,21
Aftab,13,8,21
Agnitha,0,21,21
Ahsan,19,3,22
Ailke,3,18,21
Ajai,20,3,23
Aleesha,0,21,21
Aleks,19,3,22
Alexandera,3,19,22
Alexandrovna,0,21,21
Alied,3,20,23
Alija,8,13,21
Almanzo,21,0,21
Almas,9,12,21
Alphonsien,3,20,23
Alrick,21,0,21
Alwinus,21,0,21
Alyce,0,21,21
Amenda,0,21,21
Ammaar,21,0,21
Ananya,0,21,21
Andrine,0,21,21
Anfernee,21,0,21
Anganieta,0,21,21
Angél,3,17,20
Angeliqua,3,20,23
Angenetta,0,21,21
Anice,5,16,21
Anne-Marleen,0,21,21
Annee,16,5,21
Annegienus,21,0,21
Annegret,0,21,21
Annerike,0,21,21
Apolina,0,21,21
Aradhya,0,21,21
Arancha,0,21,21
Archangela,3,19,22
Arga,3,18,21
Arham,21,0,21
Aricia,0,21,21
Arietta,0,21,21
Arjeh,21,0,21
Arkan,17,3,20
Arnika,0,21,21
Arthuur,21,0,21
Arushi,0,21,21
Asil,12,9,21
Astride,3,20,23
Atal,21,0,21
Atike,0,21,21
Aureliano,21,0,21
Aylien,0,21,21
Ayliz,0,21,21
Azaria,8,13,21
Azmi,16,5,21
Azwerus,21,0,21
Aalbertina,0,20,20
Aaldrika,0,20,20
Aalie,6,14,20
Aba,3,17,20
Abdil,20,0,20
Abdurrahim,20,0,20
Abdussamed,20,0,20
Abed,18,3,21
Abeni,0,20,20
Absalom,20,0,20
Achilla,0,20,20
Addick,20,0,20
Adelaïda,0,20,20
Adolpha,0,20,20
Aebele,20,0,20
Aeon,13,7,20
Afranina,0,20,20
Agnella,0,20,20
Agnesius,19,3,22
Agnetta,0,20,20
Ago,20,0,20
Ainesh,20,0,20
Ajda,0,20,20
AJM,12,8,20
Ajna,3,19,22
Alegria,3,17,20
Aleisha,0,20,20
Alesio,20,0,20
Alewina,0,20,20
Alfonds,19,3,22
Alishya,0,20,20
Allina,0,20,20
Alton,20,0,20
Alvina,0,20,20
Amasja,5,15,20
Amerie,0,20,20
Amith,20,0,20
Amoah,12,8,20
Amrane,20,0,20
Anatoli,17,3,20
Anayah,3,19,22
Andrè,20,0,20
Angy,0,20,20
Anna-Catharina,3,18,21
Annalien,0,20,20
Anouscka,0,20,20
Antonny,14,6,20
Anuar,20,0,20
Arad,20,0,20
Ard-Jan,20,0,20
Ardjuna,14,6,20
Ariëne,0,20,20
Arla,0,20,20
Arminius,20,0,20
Arnd,20,0,20
Arnesh,20,0,20
Aryaan,18,3,21
Askold,20,0,20
Astrud,3,19,22
Audrina,0,20,20
Audy,19,3,22
Augustino,19,3,22
Auguust,20,0,20
Aurely,0,20,20
Auriane,0,20,20
Avia,0,20,20
Avish,20,0,20
Ayo,15,5,20
Ayron,20,0,20
Azer,17,3,20
A-Jay,19,0,19
Aarushi,0,19,19
Abdel-Jalil,19,0,19
Abderahman,19,0,19
Abegail,3,18,21
Abide,3,18,21
Abubaker,16,3,19
Adelinda,0,19,19
Adolfa,0,19,19
Adriaanszoon,19,0,19
Afi,3,18,21
Afiba,0,19,19
Aishah,0,19,19
Akil,19,0,19
Alam,12,7,19
Alanna,0,19,19
Alaric,19,0,19
Alber,19,0,19
Albricus,19,0,19
Alcindo,19,0,19
Alethea,0,19,19
Alettinus,19,0,19
Alexey,19,0,19
Alfa,14,5,19
Alger,18,3,21
Alingh,11,8,19
Alireza,19,0,19
Alizé,0,19,19
Allain,19,0,19
Alloysius,18,3,21
Alora,0,19,19
Amaar,19,0,19
Amadé,15,3,18
Ambro,18,3,21
Amèlie,0,19,19
Amerika,0,19,19
Ammie,0,19,19
Amo,12,7,19
Amory,8,11,19
Ana-Maria,3,17,20
Anak,15,3,18
Anan,19,0,19
Andrija,19,0,19
Angad,19,0,19
Aniko,0,19,19
Anischa,0,19,19
Anjulie,0,19,19
Ankelina,0,19,19
Anna-May,0,19,19
Annalena,0,19,19
Annaly,0,19,19
Annan,15,3,18
Anne-Eva,0,19,19
Anne-Lisa,0,19,19
Anneginus,19,0,19
Annemargreet,0,19,19
Annemarijne,0,19,19
Annemarike,0,19,19
Annemerel,0,19,19
Annyck,0,19,19
Anou,3,17,20
Anousha,0,19,19
Ansfried,17,3,20
Anteunette,0,19,19
Apostolos,19,0,19
Ardaan,19,0,19
Arieën,18,3,21
Arija,3,16,19
Arisca,0,19,19
Aristo,19,0,19
Arjet,0,19,19
Arjin,9,10,19
Arnando,19,0,19
Arnoldia,0,19,19
Arriëtte,0,19,19
Arron,19,0,19
Artha,3,17,20
Aryanto,19,0,19
Ashnie,0,19,19
Ashwani,14,5,19
Asım,19,0,19
Aucke,16,3,19
Avner,18,3,21
Aykan,19,0,19
Aylene,0,19,19
Azariah,12,7,19
Azat,19,0,19
Aartjan,18,0,18
Aartse,18,0,18
Abbie,3,15,18
Abdullatif,18,0,18
Aday,18,0,18
Adéla,3,17,20
Adelisa,0,18,18
Adelyn,0,18,18
Aedyn,17,3,20
Afifa,0,18,18
Afife,0,18,18
Afrah,3,17,20
Agnietha,0,18,18
Ahmetcan,18,0,18
Aïdan,18,0,18
Ailina,3,17,20
Aklara,0,18,18
Alaysa,0,18,18
Albertes,18,0,18
Albertho,18,0,18
Alberty,3,16,19
Alegandra,0,18,18
Aleides,13,5,18
Alexandar,18,0,18
Alexandr,18,0,18
Aleya,0,18,18
Alisson,0,18,18
Alissya,0,18,18
Almin,17,3,20
Almtje,0,18,18
Alondra,0,18,18
Alphan,18,0,18
Altin,17,3,20
Alwie,18,0,18
Alyn,3,16,19
Alyza,0,18,18
Amaani,0,18,18
Amadee,3,16,19
Amarise,0,18,18
Amarnath,18,0,18
Amarsingh,18,0,18
Amiena,0,18,18
Amita,3,16,19
Amman,18,0,18
Ammara,0,18,18
Amoako,10,8,18
Amse,15,3,18
Anatoly,18,0,18
Andert,18,0,18
Andes,12,6,18
Ando,18,0,18
Aninka,0,18,18
Anjuly,0,18,18
Ann-Marie,3,16,19
Annagreet,0,18,18
Annaliesje,0,18,18
Anne-Jo,0,18,18
Anne-Margriet,0,18,18
Anne-Myrthe,0,18,18
Annechine,0,18,18
Annemies,0,18,18
Anoep,18,0,18
Antero,18,0,18
Antonides,17,3,20
Antonieta,0,18,18
Antoniëtta,0,18,18
Anwer,15,3,18
Arabelle,0,18,18
Arcadio,18,0,18
Ardon,18,0,18
Arifien,14,3,17
Arius,18,0,18
Arlindo,18,0,18
Armita,0,18,18
Arni,14,3,17
Arnisa,0,18,18
Arnoul,15,3,18
Arrezina,0,18,18
Arsh,16,3,19
Arshaan,18,0,18
Arsham,18,0,18
Arshiya,6,12,18
Arto,18,0,18
Arty,12,6,18
Arwind,18,0,18
Asa,6,12,18
Ashiana,0,18,18
Ashira,0,18,18
Ashot,18,0,18
Asna,0,18,18
Assala,0,18,18
Assiyah,0,18,18
Ateş,18,0,18
Athalie,0,18,18
Auke-Jan,18,0,18
Aurélio,18,0,18
Avraham,18,0,18
Ayaa,0,18,18
Aylani,3,17,20
Aymara,3,16,19
Ayunda,0,18,18
Azalea,0,18,18
Aadam,17,0,17
Aadil,17,0,17
Aalje,16,3,19
Aaradhya,0,17,17
Abdulkader,14,3,17
Abeba,3,16,19
Abellina,0,17,17
Abigal,0,17,17
Aboubacar,17,0,17
Acacia,0,17,17
Addai,10,7,17
Adelaine,0,17,17
Adeleide,0,17,17
Adelita,0,17,17
Adrianis,17,0,17
Adrieana,0,17,17
Adrijan,17,0,17
Aerjen,17,0,17
Agit,17,0,17
Aika,0,17,17
Ailsa,0,17,17
Ainara,0,17,17
Ajax,17,0,17
Ajaykumar,17,0,17
Akgül,0,17,17
Akshaykumar,17,0,17
Ala,5,12,17
Alaia,0,17,17
Alayah,0,17,17
Alaz,17,0,17
Alberd,17,0,17
Albért,17,0,17
Aleah,0,17,17
Alend,17,0,17
Alexandrovich,17,0,17
Alli,12,5,17
Almedina,0,17,17
Alva,8,9,17
Alwies,16,3,19
Alyde,0,17,17
Amandia,0,17,17
Amatullah,0,17,17
Amed,17,0,17
Amour,5,12,17
Amrisha,0,17,17
Anamaria,0,17,17
Anastazja,3,16,19
Anchela,0,17,17
Andreia,3,14,17
Aneesha,0,17,17
Anesa,0,17,17
Angelena,3,16,19
Angelic,0,17,17
Angeliena,0,17,17
Angelly,0,17,17
Anik,3,15,18
Anjelie,0,17,17
Anna-Louisa,3,13,16
Annachina,0,17,17
Annalina,0,17,17
Anne-Beth,0,17,17
Anne-Carlijn,0,17,17
Anne-Kee,0,17,17
Annegine,0,17,17
Annelieve,0,17,17
Annemietje,0,17,17
Annemijne,0,17,17
Annemyn,0,17,17
Annik,3,15,18
Anoush,3,14,17
Anrico,17,0,17
Antara,3,16,19
Anthoine,16,3,19
Antonya,0,17,17
Antranik,17,0,17
Appolonius,17,0,17
Aqsa,3,16,19
Aragorn,17,0,17
Aranca,0,17,17
Arcangelo,17,0,17
Ariam,3,14,17
Arieana,0,17,17
Ariëns,12,5,17
Arifa,3,16,19
Arnav,17,0,17
Arrie,15,3,18
Arshaad,17,0,17
Arshana,0,17,17
Aschraf,17,0,17
Ashani,0,17,17
Ashar,17,0,17
Ashween,17,0,17
Asrin,8,9,17
Aswien,17,0,17
Atalanta,0,17,17
Avalyn,0,17,17
Avan,13,3,16
Avon,10,7,17
Aybuke,0,17,17
Azime,0,17,17
Aatif,16,0,16
Abbetjes,16,0,16
Abdelmounaïm,16,0,16
Abdulbaki,16,0,16
Abelien,0,16,16
Abla,0,16,16
Adalet,3,15,18
Adelena,3,15,18
Adreanus,15,3,18
Adriel,14,3,17
Adrijanus,16,0,16
Aernoudt,16,0,16
Afnane,0,16,16
Afram,14,3,17
Ageet,0,16,16
Agien,5,11,16
Aglaja,0,16,16
Ahlem,0,16,16
Aideen,0,16,16
Aiza,0,16,16
Akemi,3,15,18
Akiko,3,15,18
Alaaddin,16,0,16
Alaida,0,16,16
Albertini,3,12,15
Alcide,16,0,16
Alejandrina,0,16,16
Alfio,16,0,16
Alfried,14,3,17
Alhaji,16,0,16
Alicio,15,3,18
Alijah,6,10,16
Alis,5,11,16
Alişan,16,0,16
Alla,3,12,15
Allister,15,3,18
Allycia,0,16,16
Amadu,16,0,16
Amaria,3,15,18
Ameen,16,0,16
Amiya,0,16,16
Amiyah,0,16,16
Amko,16,0,16
Anabella,0,16,16
Anaisa,0,16,16
Anay,15,3,18
Andjena,0,16,16
Andrews,15,3,18
Andrey,15,3,18
Andrik,16,0,16
Angélina,0,16,16
Angellina,0,16,16
Angélo,16,0,16
Anielkoemar,16,0,16
Anilkumar,16,0,16
Anjenie,0,16,16
Ankina,0,16,16
Anktje,0,16,16
Anna-Lucia,0,16,16
Anna-Roos,0,16,16
Anna-Rosa,0,16,16
Anna-Wil,0,16,16
Annamijn,0,16,16
Anne-Belle,0,16,16
Anne-Charlotte,0,16,16
Anne-Laure,0,16,16
Anne-Miek,0,16,16
Annebé,0,16,16
Annelouise,0,16,16
Annissa,0,16,16
Annouck,0,16,16
Anoa,0,16,16
Anthal,15,3,18
Anthonus,16,0,16
Antonetha,0,16,16
Antoniette,0,16,16
Antoniëtte,0,16,16
Antoninus,16,0,16
Apalonia,0,16,16
Apollinaris,16,0,16
Aqeel,14,3,17
Aquina,0,16,16
Arafat,16,0,16
Arbër,16,0,16
Arcadius,15,3,18
Arel,16,0,16
Aret,16,0,16
Arise,10,6,16
Armagan,12,3,15
Arnan,16,0,16
Arnest,16,0,16
Arnoldien,5,11,16
Arpad,16,0,16
Arriaantje,0,16,16
Arthura,3,15,18
Asaja,8,8,16
Ascon,16,0,16
Aser,15,3,18
Ashlin,0,16,16
Ashwant,16,0,16
Ashwarya,0,16,16
Ashwita,0,16,16
Asmar,13,3,16
Asnath,0,16,16
Asseltje,0,16,16
Assim,16,0,16
Atabey,16,0,16
Atakhan,16,0,16
Atik,16,0,16
Atta,12,3,15
Aude,3,15,18
Augus,15,3,18
Aure,7,9,16
Auryn,7,9,16
Awin,3,13,16
Aymar,14,3,17
AAM,9,6,15
Aamina,0,15,15
Aardje,0,15,15
Aashna,0,15,15
Abdelfatah,11,3,14
Abdimalik,15,0,15
Abdirizak,12,3,15
Abdulaahi,11,3,14
Abdulah,15,0,15
Abdurrahmaan,15,0,15
Abelius,15,0,15
Abuukar,8,7,15
Adelheida,0,15,15
Adeo,15,0,15
Adino,15,0,15
Afrida,0,15,15
Afrodite,0,15,15
Agda,0,15,15
Ageda,0,15,15
Aho,15,0,15
Aïden,14,3,17
Aidyn,7,8,15
Aïsa,0,15,15
Aiske,0,15,15
Aislynn,0,15,15
Aissata,0,15,15
Ajan,15,0,15
Akshara,0,15,15
Aladin,14,3,17
Alberik,15,0,15
Aldertje,0,15,15
Aleksey,15,0,15
Alexandrea,0,15,15
Alfonsien,3,14,17
Alhena,0,15,15
Alidaan,15,0,15
Alinus,15,0,15
Alishba,0,15,15
Alitha,0,15,15
Alixe,3,14,17
Alkiena,0,15,15
Allet,0,15,15
Allex,15,0,15
Allice,0,15,15
Allisa,0,15,15
Almeida,9,6,15
Alouijsius,15,0,15
Aluna,0,15,15
Alwi,11,3,14
Amabilis,3,14,17
Amadée,3,12,15
Amador,15,0,15
Amano,13,3,16
Amarah,3,14,17
Amarin,3,12,15
Amauri,14,3,17
Ambrosio,14,3,17
Ameena,0,15,15
Amelina,0,15,15
Amey,0,15,15
Amitkoemar,15,0,15
Amnon,15,0,15
Amy-Jane,0,15,15
Anabela,0,15,15
Anastacio,15,0,15
Andika,9,6,15
Andine,0,15,15
Andrade,9,6,15
Andreea,0,15,15
Andreja,3,13,16
Angenette,0,15,15
Angeni,0,15,15
Anibal,14,3,17
Anim,12,3,15
Anjeli,0,15,15
Anjès,3,14,17
Anjet,0,15,15
Anna-Belle,0,15,15
Annacleta,0,15,15
Annaïs,0,15,15
Annanias,15,0,15
Anne-Lien,0,15,15
Anne-Marij,0,15,15
Anne-Marike,0,15,15
Anne-Mette,0,15,15
Anne-Rieke,0,15,15
Anneleine,0,15,15
Annelène,0,15,15
Annunziata,0,15,15
Ansfrieda,0,15,15
Antonello,15,0,15
Apollina,0,15,15
Aquino,14,3,17
Araceli,3,14,17
Arben,15,0,15
Arentien,0,15,15
Arietje,0,15,15
Arijanna,0,15,15
Aritha,0,15,15
Ariyana,0,15,15
Arlien,0,15,15
Arnau,15,0,15
Arnel,15,0,15
Aroua,0,15,15
Aroush,0,15,15
Arrisina,0,15,15
Asaad,14,3,17
Asantewaa,0,15,15
Asayra,0,15,15
Aschley,3,11,14
Asi,0,15,15
Asija,3,14,17
Assalina,0,15,15
Asselien,0,15,15
Astor,14,3,17
Asuncion,3,13,16
Atiye,0,15,15
Atto,15,0,15
Augustines,14,3,17
Aureliana,3,12,15
Avila,3,13,16
Ayco,15,0,15
Ayham,15,0,15
Aylina,0,15,15
Azucena,0,15,15
Azuerus,15,0,15
Azul,3,12,15
Aahil,14,0,14
Aalderika,0,14,14
Aalderikus,14,0,14
Aalken,0,14,14
Aanchal,0,14,14
Aashiyana,0,14,14
Abdelsamad,14,0,14
Abdessamie,14,0,14
Abdikadir,9,5,14
Abdillahi,10,3,13
Abdiqani,13,3,16
Abdirahmaan,14,0,14
Abdülkerim,14,0,14
Abeliena,0,14,14
Abella,0,14,14
Aberina,0,14,14
Abiël,13,3,16
Abiola,8,6,14
Abisha,3,10,13
Absalon,14,0,14
Adanya,0,14,14
Adelhard,14,0,14
Adeltrudis,3,13,16
Ademina,0,14,14
Adeola,8,6,14
Adesuwa,0,14,14
Adie,5,9,14
Adly,10,3,13
Adyan,9,5,14
AEde,14,0,14
Afshan,0,14,14
Aga,7,7,14
Agniet,3,13,16
Agonda,0,14,14
Aimable,5,9,14
Aisah,3,12,15
Akasha,3,12,15
Ako,10,3,13
Alanda,0,14,14
Alane,3,13,16
Albana,0,14,14
Albano,14,0,14
Albéric,14,0,14
Albericus,14,0,14
Aldith,3,13,16
Alejo,14,0,14
Aleksei,14,0,14
Alesia,0,14,14
Alexandré,14,0,14
Aliah,0,14,14
Alivia,0,14,14
Aliyaah,0,14,14
Allanah,0,14,14
Aloïsia,3,13,16
Aloysio,7,7,14
Altfridus,14,0,14
Altwin,13,3,16
Alwan,9,5,14
Alyscha,0,14,14
Amaka,0,14,14
Amanie,0,14,14
Amber-Lynn,0,14,14
Ambreen,0,14,14
Amedé,12,3,15
Amiel,13,3,16
Ammarens,0,14,14
Ammelie,3,13,16
Amoy,0,14,14
Amunda,0,14,14
Amylia,0,14,14
Analeigh,0,14,14
Anandkoemar,14,0,14
Anat,0,14,14
Anchel,3,13,16
Andjali,0,14,14
Andjeni,0,14,14
Andrienne,0,14,14
Angelin,3,11,14
Angell,3,12,15
Angharad,3,13,16
Anieka,0,14,14
Aniyah,0,14,14
Anjum,8,6,14
Anna-Elisabeth,3,13,16
Anna-Marije,0,14,14
Annaleen,0,14,14
Annalin,0,14,14
Annalyn,0,14,14
Anne-Christien,0,14,14
Anne-Elise,0,14,14
Anne-Hilde,0,14,14
Anne-Linn,0,14,14
Anne-Noor,0,14,14
Annebertus,12,3,15
Annegriet,0,14,14
Annelena,0,14,14
Annelene,0,14,14
Annelijne,0,14,14
Anneliza,0,14,14
Annemé,0,14,14
Anneus,14,0,14
Annewies,0,14,14
Annitta,0,14,14
Anousca,0,14,14
Anteunnette,0,14,14
Anthona,0,14,14
Antonnie,12,3,15
Anup,14,0,14
Anyta,0,14,14
Arcan,14,0,14
Are,12,3,15
Areanne,0,14,14
Argentina,3,13,16
Ariadna,0,14,14
Ariegje,0,14,14
Ariënna,0,14,14
Ariènne,0,14,14
Arifin,14,0,14
Aristoteles,14,0,14
Arjanneke,0,14,14
Arke,6,8,14
Armindo,14,0,14
Arndt,14,0,14
Arnette,0,14,14
Arnoldi,3,12,15
Arohi,0,14,14
Arora,3,10,13
Arte,9,5,14
Artemisia,0,14,14
Artjan,14,0,14
Artuur,14,0,14
Arusha,0,14,14
Ash,14,0,14
Ashiq,13,3,16
Asjer,14,0,14
Askin,10,3,13
Aspen,3,10,13
Assiena,0,14,14
Assiye,0,14,14
Atacan,14,0,14
Atalia,0,14,14
Atalja,3,13,16
Auckje,0,14,14
Auwkje,0,14,14
Avelynn,0,14,14
Avink,10,3,13
Awees,10,3,13
Awraham,14,0,14
Axe,14,0,14
Ayasha,0,14,14
Ayelt,14,0,14
Aygün,11,3,14
Ayinda,0,14,14
Ayoeb,14,0,14
Aziem,14,0,14
Azieza,0,14,14
Azzurra,0,14,14
Aagjen,0,13,13
Aaldina,0,13,13
Aase,3,12,15
Abdelillah,13,0,13
Abdiaziz,11,3,14
Abdihakim,8,5,13
Abdulfatah,8,5,13
Abdulrahim,13,0,13
Abedin,13,0,13
Abrahanna,0,13,13
Abrahim,10,3,13
Adelle,0,13,13
Adeodate,3,11,14
Adiba,0,13,13
Adjan,13,0,13
Adriël,11,3,14
Adriette,0,13,13
Aftaab,13,0,13
Agathon,13,0,13
Agiena,0,13,13
Aglaé,0,13,13
Agnete,0,13,13
Agusto,13,0,13
Agyeiwaa,0,13,13
Ailien,0,13,13
Aïssatou,0,13,13
Aito,13,0,13
Aiysha,0,13,13
Akkelyn,0,13,13
Akshaya,3,12,15
Aku,3,10,13
Alaattin,13,0,13
Albertin,8,5,13
Albrechta,0,13,13
Alettha,0,13,13
Alexanne,3,12,15
Alexina,0,13,13
Alexio,13,0,13
Alianna,0,13,13
Aliesje,0,13,13
Alika,0,13,13
Aljoscha,13,0,13
Allaert,13,0,13
Allessandra,0,13,13
Allistair,13,0,13
Altuğ,13,0,13
Alves,10,3,13
Alyah,0,13,13
Alysse,0,13,13
Amabel,3,12,15
Amaira,3,12,15
Ambroos,12,3,15
Ameling,12,3,15
Amély,0,13,13
Amieke,0,13,13
Amiin,11,3,14
Amilda,0,13,13
Aminagatoen,0,13,13
Ammer,12,3,15
Ammerens,0,13,13
Amoz,13,0,13
Amplona,0,13,13
Amrah,0,13,13
Amreen,3,12,15
Anahí,0,13,13
Anatje,0,13,13
Anatolia,3,12,15
Andarias,13,0,13
Angelice,0,13,13
Angeliki,0,13,13
Angganita,0,13,13
Anite,3,12,15
Anjuska,0,13,13
Anna-Alicia,0,13,13
Anna-Lena,0,13,13
Annaëlle,0,13,13
Annaeus,13,0,13
Annagina,0,13,13
Anne-José,0,13,13
Anne-Mei,0,13,13
Annebella,0,13,13
Annedoor,0,13,13
Annegiene,0,13,13
Anneliene,0,13,13
Annemette,0,13,13
Anneminke,0,13,13
Annesophie,0,13,13
Annetha,0,13,13
Annettha,0,13,13
Anoop,12,3,15
Anrie,10,3,13
Anselien,0,13,13
Anthonija,0,13,13
Antienus,13,0,13
Antonela,0,13,13
Antoniea,0,13,13
Antonija,3,12,15
Aplonius,13,0,13
Ardit,12,3,15
Ardjun,13,0,13
Arean,12,3,15
Arezo,0,13,13
Arhan,13,0,13
Arianto,13,0,13
Ariejetta,0,13,13
Arientje,0,13,13
Arjay,13,0,13
Arje,12,3,15
Armine,0,13,13
Arny,8,5,13
Arre,13,0,13
Arriënne,0,13,13
Arunkumar,13,0,13
Arwyn,9,3,12
Aryeh,13,0,13
Asaël,13,0,13
Asger,13,0,13
Ashnadevi,0,13,13
Ashokkumar,13,0,13
Ashra,3,12,15
Ashur,13,0,13
Ashwina,0,13,13
Assina,0,13,13
Asvin,13,0,13
Aswan,11,3,14
Atia,3,10,13
Augina,0,13,13
Aukine,0,13,13
Auri,3,12,15
Aurian,6,7,13
Aurin,5,8,13
Avanish,13,0,13
Avedis,12,3,15
Avesta,0,13,13
Aye,3,10,13
Ayton,13,0,13
Ayzo,13,0,13
Azmat,9,3,12
Azur,12,3,15
Aadi,11,3,14
Aagg,0,12,12
Aarlandina,0,12,12
Aarnoudt,12,0,12
Aarohi,0,12,12
Aayan,12,0,12
Abdelazim,6,6,12
Abderrahmaan,12,0,12
Abdisalan,6,6,12
Abdiwahab,10,3,13
Abdülhamid,12,0,12
Abdullaah,12,0,12
Abdullaahi,8,3,11
Abdulsamet,12,0,12
Abethsina,0,12,12
Abiel,11,3,14
Abraha,3,8,11
Achile,10,3,13
Achilleas,12,0,12
Addison,6,6,12
Adelida,3,11,14
Adeliene,0,12,12
Adelwijn,10,3,13
Aderik,12,0,12
Adian,11,3,14
Adithya,12,0,12
Adriena,0,12,12
Adrienna,0,12,12
Ady,3,9,12
Aelyn,0,12,12
Afzel,12,0,12
Agapitus,12,0,12
Agastya,12,0,12
Agatho,12,0,12
Agenita,0,12,12
Agericus,12,0,12
Agnietus,12,0,12
Aime,5,7,12
Airin,3,11,14
Airon,12,0,12
Ajmal,11,3,14
Ajoub,12,0,12
Akio,12,0,12
Akkemay,0,12,12
Aksa,0,12,12
Aksay,12,0,12
Alayda,0,12,12
Albartina,0,12,12
Albertdiena,0,12,12
Albino,11,3,14
Albion,12,0,12
Alderick,12,0,12
Aldona,0,12,12
Aleda,0,12,12
Alewinus,12,0,12
Alhassan,11,3,14
Alibert,12,0,12
Aliek,0,12,12
Alijdia,0,12,12
Alijdus,12,0,12
Aljosha,11,3,14
Allana,0,12,12
Allerdiena,0,12,12
Allyssia,0,12,12
Aloïsa,0,12,12
Alphonses,12,0,12
Alric,12,0,12
Alrieke,0,12,12
Alyana,0,12,12
Amabile,3,10,13
Amandeep,8,3,11
Amane,0,12,12
Amarkumar,12,0,12
Amaryl,0,12,12
Ambre,0,12,12
Amedeus,12,0,12
Amerenske,0,12,12
Amia,0,12,12
Amplonia,0,12,12
Anab,3,11,14
Anaël,7,5,12
Anastazia,0,12,12
Anderijntje,0,12,12
Andersche,0,12,12
Andjani,0,12,12
Andjelina,0,12,12
Andora,3,11,14
Andriene,0,12,12
Andrietta,3,9,12
Ang,8,3,11
Angeley,0,12,12
Ango,6,6,12
Angracia,0,12,12
Anildo,12,0,12
Anisia,0,12,12
Ankelien,0,12,12
Anna-Lotte,0,12,12
Annachien,0,12,12
Annadien,0,12,12
Annali,0,12,12
Annalicia,0,12,12
Annaloes,0,12,12
Annalore,0,12,12
Annalotte,0,12,12
Annalucia,0,12,12
Annamieke,0,12,12
Annatje,0,12,12
Anne-fleur,0,12,12
Anne-Laura,0,12,12
Annelice,0,12,12
Annella,3,11,14
Annemarel,0,12,12
Annemart,3,11,14
Annesien,0,12,12
Anneth,3,11,14
Annett,3,11,14
Annice,3,11,14
Annikki,0,12,12
Ansel,11,3,14
Anteneh,5,7,12
Antheny,11,3,14
Antonettha,0,12,12
Antonieke,0,12,12
Anu,3,10,13
Anusca,0,12,12
Anysa,0,12,12
Anysha,0,12,12
Aquilino,12,0,12
Aral,12,0,12
Archer,11,3,14
Areli,3,10,13
Arènda,0,12,12
Aresia,0,12,12
Arfaaz,12,0,12
Aridina,0,12,12
Ario,12,0,12
Arizona,0,12,12
Arlain,11,3,14
Arlando,12,0,12
Arlind,12,0,12
Armandine,0,12,12
Armond,12,0,12
Arnald,12,0,12
Aroa,0,12,12
Arondina,0,12,12
Arpád,12,0,12
Arrigo,12,0,12
Arry,5,7,12
Artun,12,0,12
Arvo,12,0,12
Arwèn,0,12,12
Aryani,0,12,12
Aryanna,0,12,12
Aryanti,0,12,12
Arzoo,3,10,13
Arzum,0,12,12
Asem,12,0,12
Asiedu,9,3,12
Asief,12,0,12
Aşkın,9,3,12
Asmus,8,3,11
Asser,10,3,13
Assya,0,12,12
Astrida,3,11,14
Athiná,0,12,12
Athur,12,0,12
Atiana,0,12,12
Attilla,12,0,12
Aubert,12,0,12
Aubin,11,3,14
Aukie,5,7,12
Aurélien,11,3,14
Autje,0,12,12
Auwke,5,7,12
Avalynn,0,12,12
Avelin,0,12,12
Avita,0,12,12
Ayeesha,0,12,12
Ayelet,0,12,12
Ayinde,9,3,12
Aylen,3,11,14
Aylena,0,12,12
Ayline,0,12,12
Ayodele,11,3,14
Ayser,5,7,12
Aadesh,11,0,11
Aafkelina,0,11,11
Aalia,0,11,11
Aarn,11,0,11
Aarta,0,11,11
Aashiq,11,0,11
Abass,11,0,11
Abba,7,3,10
Abdelhay,11,0,11
Abdelmounim,11,0,11
Abdirazak,5,6,11
Abdu,9,3,12
Abdulhakim,11,0,11
Abenaa,0,11,11
Abetsina,0,11,11
Abolfazl,11,0,11
Abtin,11,0,11
Achsa,3,10,13
ACM,7,3,10
Adams,11,0,11
Addin,11,0,11
Addina,0,11,11
Adelbrecht,8,3,11
Adewij,0,11,11
Adhemar,8,3,11
Adiam,3,10,13
Adonay,10,3,13
Adrietta,0,11,11
Aeiltje,0,11,11
Aela,0,11,11
Aemke,0,11,11
Agidia,0,11,11
Agnar,8,3,11
Ahilya,0,11,11
AHM,5,6,11
Ahmethan,11,0,11
Aijse,10,3,13
Ailey,3,10,13
Ailish,0,11,11
Aisam,11,0,11
Aitze,11,0,11
Aiwan,11,0,11
Aiyden,11,0,11
Ajitesh,11,0,11
Akhilesh,11,0,11
Akkadin,0,11,11
Aladdin,11,0,11
Alart,11,0,11
Albèr,9,3,12
Alberica,3,10,13
Alcantara,3,8,11
Alden,11,0,11
Aldine,3,10,13
Aleem,9,3,12
Alegría,0,11,11
Alessi,9,3,12
Alexanderina,0,11,11
Alexie,3,7,10
Alexus,10,3,13
Alidanus,11,0,11
Alikhan,11,0,11
Alinah,0,11,11
Alinka,0,11,11
Aliou,10,3,13
Alirio,11,0,11
Aliyar,11,0,11
Allegunda,0,11,11
Allertje,0,11,11
Alloisius,10,3,13
Almaas,5,6,11
Aloë,0,11,11
Altaf,10,3,13
Alwart,10,3,13
Alwiene,0,11,11
Alyanna,0,11,11
Amali,0,11,11
Amankwah,3,8,11
Amarensia,0,11,11
Amarinus,11,0,11
Americo,11,0,11
Amery,3,8,11
Amiira,0,11,11
Ammarins,0,11,11
Anaëlle,0,11,11
Anahi,0,11,11
Anaï,0,11,11
Anaisha,0,11,11
Ananka,3,10,13
Anatol,11,0,11
Andrianus,10,3,13
Andricus,11,0,11
Anees,9,3,12
Anesh,10,3,13
Anielkumar,11,0,11
Anilkoemar,11,0,11
Anjalidevi,0,11,11
Anjella,0,11,11
Anjuscha,0,11,11
Ankita,0,11,11
Anna-Lee,0,11,11
Anna-Linde,0,11,11
Anna-Sofie,0,11,11
Annaï,0,11,11
Anne-Karien,0,11,11
Anne-Karlijn,0,11,11
Anne-maria,3,10,13
Annegonda,0,11,11
Annel,0,11,11
Annelee,0,11,11
Annelia,0,11,11
Anneloek,0,11,11
Annemargriet,0,11,11
Annemarthe,0,11,11
Annemaryn,0,11,11
Annestasia,3,10,13
Annèt,0,11,11
Annis,5,6,11
Annisha,0,11,11
Annold,11,0,11
Annus,10,3,13
Anoepkoemar,11,0,11
Anoepkumar,11,0,11
Anoesca,0,11,11
Anon,9,3,12
Anqi,0,11,11
Anthoneta,0,11,11
Antonín,11,0,11
Aprill,0,11,11
Arcangela,0,11,11
Areej,0,11,11
Arentiena,0,11,11
Arfa,3,10,13
Argo,11,0,11
Arienus,11,0,11
Arinze,10,3,13
Arista,0,11,11
Arjé,11,0,11
Arjentje,0,11,11
Arkin,11,0,11
Arlana,0,11,11
Arlyn,6,5,11
Armandina,0,11,11
Arnoudt,11,0,11
Arsema,0,11,11
Arthon,11,0,11
Artjom,11,0,11
Aryati,0,11,11
Asaiah,9,3,12
Asina,3,10,13
Aşir,11,0,11
Asraf,11,0,11
Asseliena,0,11,11
Atma,10,3,13
Attsje,0,11,11
Aubree,0,11,11
Audra,0,11,11
Aufrida,0,11,11
Auginus,11,0,11
Aviël,11,0,11
Avigdor,11,0,11
Avra,0,11,11
Awuah,6,5,11
Ayaaz,11,0,11
Ayrin,3,10,13
Ayşin,0,11,11
Aytuğ,10,3,13
Azedine,11,0,11
Azings,11,0,11
A-jay,10,0,10
Aalbartus,10,0,10
Aalderk,10,0,10
Aalida,0,10,10
Aalrik,10,0,10
Aalt-Jan,10,0,10
Aaren,9,3,12
Aarjan,10,0,10
Aartdina,0,10,10
Aarya,3,7,10
Aayat,3,9,12
Aayden,10,0,10
Abanoub,10,0,10
Abayomi,9,3,12
Abbeygail,0,10,10
Abdelbasset,10,0,10
Abdelmoula,10,0,10
Abdelsalam,9,3,12
Abdollah,10,0,10
Abdoulah,10,0,10
Abdulai,9,3,12
Abdulwahid,7,3,10
Abdur,10,0,10
Aberham,10,0,10
Abke,0,10,10
Aboud,8,3,11
Abubakr,10,0,10
Adaeze,0,10,10
Adajah,3,9,12
Adal,9,3,12
Adalberto,9,3,12
Adalia,0,10,10
Addae,5,5,10
Adèla,3,9,12
Adelinus,10,0,10
Adelphia,3,9,12
Adelynn,0,10,10
Adjo,3,7,10
Adolfien,0,10,10
Adomah,3,8,11
Adrianos,10,0,10
Adriëlla,0,10,10
Adusei,6,3,9
AEbele,10,0,10
Aegir,10,0,10
Aemy,3,9,12
Afko,10,0,10
Afton,3,9,12
Agate,0,10,10
Agniete,0,10,10
Ahasuerus,10,0,10
Aidarus,8,3,11
Ailene,0,10,10
Ailis,0,10,10
Ailkina,0,10,10
Aily,0,10,10
Aïman,10,0,10
Airien,0,10,10
Ais,10,0,10
Aisse,8,3,11
Akka,3,9,12
Alabina,0,10,10
Alami,9,3,12
Alanur,0,10,10
Alaska,0,10,10
Aldair,10,0,10
Aleandra,0,10,10
Alebertus,10,0,10
Aleck,10,0,10
Aleike,3,9,12
Aleix,10,0,10
Alène,3,9,12
Alert,10,0,10
Alewijna,0,10,10
Alfaro,10,0,10
Alfriedus,10,0,10
Algernon,10,0,10
Alída,0,10,10
Aliece,0,10,10
Aliem,10,0,10
Alieneke,0,10,10
Aliet,0,10,10
Alijn,6,3,9
Alisabeth,0,10,10
Alisja,0,10,10
Aliyya,0,10,10
Aliyyah,0,10,10
Alizah,0,10,10
Allaart,10,0,10
Allewijn,10,0,10
Allisson,0,10,10
Alliyah,0,10,10
Almanda,0,10,10
Aloha,3,9,12
Alowies,10,0,10
Aloysiana,0,10,10
Alptekin,10,0,10
Alptuğ,10,0,10
Altien,0,10,10
Altiena,0,10,10
Alycha,0,10,10
Alyssha,0,10,10
Amalaswintha,0,10,10
Amaranda,0,10,10
Amato,10,0,10
Amei,3,9,12
Ameli,0,10,10
Amelita,0,10,10
Amella,0,10,10
Amerigo,10,0,10
Amernath,10,0,10
Amiël,9,3,12
Amil,9,3,12
Amiran,0,10,10
Amiro,7,3,10
Ammon,10,0,10
Amria,0,10,10
Amrietpersad,10,0,10
Anchelle,0,10,10
Ander,10,0,10
Andjelie,0,10,10
Andranik,10,0,10
Andreevna,0,10,10
Andrieka,0,10,10
Andrijana,0,10,10
Andrijntje,0,10,10
Andris,10,0,10
Andros,10,0,10
Andry,8,3,11
Anesia,0,10,10
Anferny,9,3,12
Angeligue,0,10,10
Angelyn,0,10,10
Angolina,0,10,10
Anikó,0,10,10
Anima,0,10,10
Aniska,0,10,10
Aniya,0,10,10
Anjelien,0,10,10
Anna-Claire,0,10,10
Anna-Margaretha,0,10,10
Anna-maria,0,10,10
Anna-Sofia,0,10,10
Annabertha,3,9,12
Annabet,0,10,10
Annadina,0,10,10
Annahita,0,10,10
Annalee,0,10,10
Annalia,0,10,10
Annalieke,0,10,10
Annalot,0,10,10
Annanetta,3,9,12
Anne-Jasmijn,0,10,10
Anne-Joëlle,0,10,10
Anne-Leen,3,9,12
Anne-Martine,0,10,10
Anne-Merel,0,10,10
Anne-Pauline,0,10,10
Annebert,3,7,10
Année,6,3,9
Annejette,0,10,10
Annelieske,0,10,10
Annicke,0,10,10
Annico,3,8,11
Annouchka,0,10,10
Annuntiata,3,8,11
Annyka,0,10,10
Anouc,0,10,10
Antoinett,0,10,10
Aoki,3,8,11
Apelonia,0,10,10
Apollona,0,10,10
Aragon,10,0,10
Archena,0,10,10
Archilles,9,3,12
Arduinus,10,0,10
Arek,10,0,10
Arelia,0,10,10
Arenddina,0,10,10
Arendientje,0,10,10
Arentius,10,0,10
Aresh,10,0,10
Ariani,0,10,10
Arie-Willem,10,0,10
Ariëna,0,10,10
Arijaan,8,3,11
Arjoen,10,0,10
Arkadia,0,10,10
Arliëtta,0,10,10
Arlina,0,10,10
Armon,10,0,10
Armstrong,10,0,10
Arnela,0,10,10
Arpe,10,0,10
Arrienne,0,10,10
Arsha,6,3,9
Arthie,3,9,12
Arunadevi,0,10,10
Aryo,10,0,10
Asadullah,8,3,11
Asbjørn,10,0,10
Ashir,10,0,10
Ashling,0,10,10
Asiah,3,8,11
Asila,0,10,10
Asing,10,0,10
Asmir,10,0,10
Asseline,0,10,10
Assem,9,3,12
Assil,3,7,10
Atena,0,10,10
Ates,9,3,12
Atifa,0,10,10
Atish,9,3,12
Atti,0,10,10
Auck,3,8,11
Augustaaf,9,3,12
Augustha,3,9,12
Aukes,8,3,11
Aukien,0,10,10
Averon,10,0,10
Avian,10,0,10
Avien,0,10,10
Avigail,3,9,12
Avishay,10,0,10
Awinaash,10,0,10
Awura,0,10,10
Axamina,0,10,10
Axana,0,10,10
Ayae,0,10,10
Aydanur,0,10,10
Ayk,8,3,11
Aylean,0,10,10
Aysegul,0,10,10
Ayushi,0,10,10
Azadeh,0,10,10
Azeez,9,3,12
Azelya,0,10,10
Azura,0,10,10
Aaffie,0,9,9
Aagie,3,8,11
Aaisha,0,9,9
Aalse,9,0,9
Aalsen,9,0,9
Aarief,9,0,9
Aarif,8,3,11
Aariz,9,0,9
Aarón,9,0,9
Aarthi,0,9,9
Aashi,0,9,9
Abdel-Rahman,9,0,9
Abdeladim,9,0,9
Abdelalim,8,3,11
Abdelouali,9,0,9
Abdifataah,3,6,9
Abdulhalim,7,3,10
Abdulle,6,3,9
Abdulmalik,9,0,9
Abdulmuttalip,9,0,9
Abélia,0,9,9
Abigaile,0,9,9
Abigale,3,8,11
Abigayle,0,9,9
Aboe,9,0,9
Abuzer,9,0,9
Accursia,0,9,9
Achanty,0,9,9
Acheampong,6,3,9
Adah,0,9,9
Adali,3,6,9
Adara,0,9,9
Adeodaat,8,3,11
Adiana,0,9,9
Aditiya,9,0,9
Adiva,0,9,9
Adja,0,9,9
Adom,8,3,11
Adri-Jan,9,0,9
Adrielle,0,9,9
Adriène,0,9,9
Adrijaantje,0,9,9
Adrine,0,9,9
Adryana,0,9,9
AEgidius,9,0,9
Aeilco,9,0,9
Aeisso,9,0,9
Aemiliana,3,8,11
Aemilianus,9,0,9
Aeyden,9,0,9
Afeni,3,8,11
Affaan,9,0,9
Afinus,9,0,9
Afreen,0,9,9
Afsana,0,9,9
Agapita,0,9,9
Ageetha,0,9,9
Agine,0,9,9
Agje,0,9,9
AGM,6,3,9
Agnis,3,8,11
Agon,8,3,11
Agueda,0,9,9
Agustín,9,0,9
Ahamed,9,0,9
Ahisha,0,9,9
Aija,0,9,9
Aijelt,9,0,9
Ailine,0,9,9
Airto,9,0,9
Aisar,9,0,9
Aislin,0,9,9
Aisya,0,9,9
Aiva,0,9,9
Aizah,0,9,9
Ajouad,9,0,9
Akelei,0,9,9
Akmal,5,3,8
Alanya,0,9,9
Albi,3,7,10
Alcira,0,9,9
Aldi,3,6,9
Alei,3,8,11
Aleidia,0,9,9
Aléjandro,9,0,9
Aleksandrovna,0,9,9
Aleph,9,0,9
Alesi,7,3,10
Alessander,9,0,9
Alexan,8,3,11
Alexiana,3,8,11
Aleysa,0,9,9
Alfonzo,9,0,9
Aliedus,9,0,9
Aliénor,0,9,9
Alif,6,3,9
Alisse,0,9,9
Alkine,0,9,9
Allien,3,8,11
Allies,0,9,9
Alojzy,8,3,11
Alvaris,9,0,9
Alvino,9,0,9
Ama-Séu,9,0,9
Amanat,7,3,10
Amanthis,3,8,11
Amardeep,9,0,9
Amasia,3,7,10
Amédé,8,3,11
Amedee,6,3,9
Ameet,9,0,9
Amerensia,0,9,9
Amily,0,9,9
Amitabh,9,0,9
Amy-Jo,0,9,9
Anaatje,0,9,9
Anaïse,0,9,9
Analicia,0,9,9
Analisa,0,9,9
Anastasiya,0,9,9
Anchal,0,9,9
Anderske,0,9,9
Andreanus,8,3,11
Andreina,0,9,9
Andress,8,3,11
Andréus,9,0,9
Andrien,0,9,9
Andriesia,0,9,9
Anelia,0,9,9
Angé,3,6,9
Angenietus,9,0,9
Angenisa,0,9,9
Anicia,0,9,9
Aniëlla,0,9,9
Aninda,0,9,9
Anjay,8,3,11
Anjeline,0,9,9
Anna-Britt,0,9,9
Anna-Eva,0,9,9
Anna-Rixt,0,9,9
Anna-Ruth,0,9,9
Annalouise,0,9,9
Annamarieke,0,9,9
Annamiek,0,9,9
Annarosa,0,9,9
Anne-Chris,0,9,9
Anne-Dien,0,9,9
Anne-Geertje,0,9,9
Anne-Karin,0,9,9
Anne-Minke,0,9,9
Annebeau,0,9,9
Anneco,6,3,9
Annedore,0,9,9
Annefrouk,0,9,9
Annegreeth,0,9,9
Annelei,0,9,9
Annelike,3,8,11
Anneloe,0,9,9
Annewill,0,9,9
Annigien,0,9,9
Annine,0,9,9
Anninka,0,9,9
Anri,8,3,11
Ansar,8,3,11
Ansco,9,0,9
Ansem,9,0,9
Ansjelien,0,9,9
Antares,5,3,8
Antek,9,0,9
Anthonettha,0,9,9
Anthonny,9,0,9
Anthos,5,3,8
Anton-Jan,9,0,9
Antónia,0,9,9
Antwanette,0,9,9
Anujan,9,0,9
Anushree,0,9,9
Anyal,0,9,9
Anyk,0,9,9
Aparna,0,9,9
Aphroditi,0,9,9
Apoline,0,9,9
Apostolis,9,0,9
Apple,0,9,9
Apsara,0,9,9
Aquilla,3,7,10
Arabel,0,9,9
Arana,0,9,9
Archanadevi,0,9,9
Ardiles,9,0,9
Arends,9,0,9
Arianda,0,9,9
Arianti,3,8,11
Arieanna,0,9,9
Ariela,0,9,9
Arijna,0,9,9
Arild,9,0,9
Arimathea,3,8,11
Arisina,3,8,11
Arjane,0,9,9
Arjenna,0,9,9
Arjunkumar,9,0,9
Arkadiusz,9,0,9
Arly,3,5,8
Armana,0,9,9
Arne-Jan,9,0,9
Arnold-Jan,9,0,9
Arnulfus,9,0,9
Arreke,0,9,9
Arrissa,0,9,9
Arseny,9,0,9
Arwan,9,0,9
Aryane,0,9,9
Aryna,0,9,9
Aseel,0,9,9
Asgar,9,0,9
Ashfaq,8,3,11
Ashia,0,9,9
Ashiyana,0,9,9
Ashnadebie,0,9,9
Ashveen,8,3,11
Ashwaria,0,9,9
Asima,3,8,11
Asis,7,3,10
Asnat,0,9,9
Astrella,0,9,9
Atanasia,0,9,9
Athalja,0,9,9
Athos,9,0,9
Atilay,9,0,9
Atlantis,5,3,8
Atusa,0,9,9
Audri,0,9,9
Augiena,0,9,9
Avaline,0,9,9
Avana,0,9,9
Aven,3,5,8
Avera,0,9,9
Avine,0,9,9
Aviya,3,8,11
Avram,9,0,9
Avşar,8,3,11
Avyola,0,9,9
Awo,0,9,9
Ayaat,0,9,9
Aycha,0,9,9
Ayeh,3,6,9
Ayella,0,9,9
Aymeric,9,0,9
Aynsley,7,3,10
Ayşa,0,9,9
Aysenaz,0,9,9
Ayva,0,9,9
Azan,9,0,9
Azar,7,3,10
Azdin,9,0,9
Azeem,7,3,10
Azis,9,0,9
Azriël,9,0,9
Azza,0,9,9
Azziz,9,0,9
A'isha,0,8,8
Aafred,8,0,8
Aaftje,0,8,8
Aaisja,0,8,8
Aaldrikus,8,0,8
Aaleahya,0,8,8
Aaminah,0,8,8
Aamna,0,8,8
Abbaas,8,0,8
Abbegail,0,8,8
Abbi,3,7,10
Abbo,8,0,8
Abdalrahman,8,0,8
Abdelatif,8,0,8
Abdelghaffar,5,3,8
Abdeljabbar,8,0,8
Abdelmoughit,8,0,8
Abdelouahad,8,0,8
Abdenour,8,0,8
Abderrazzak,8,0,8
Abdihafid,8,0,8
Abdirisak,3,3,6
Abdishakuur,6,3,9
Abeer,3,7,10
Abeldiena,0,8,8
Abinaya,3,7,10
Abony,0,8,8
Abraar,3,6,9
Abrafi,0,8,8
Abril,0,8,8
Abu-Bakr,8,0,8
Achal,3,6,9
Adàja,3,7,10
Adana,0,8,8
Adea,0,8,8
Adelfa,0,8,8
Adelheit,3,7,10
Adeltje,0,8,8
Adiëlle,0,8,8
Adjaikumar,8,0,8
Adon,8,0,8
Adrianneke,0,8,8
Adrièn,7,3,10
Adrik,8,0,8
Afif,8,0,8
Afrim,8,0,8
Agaathe,0,8,8
Agapi,0,8,8
Agienus,8,0,8
Agim,8,0,8
Agita,0,8,8
Agnellus,7,3,10
Agnetus,8,0,8
Agnies,0,8,8
Ahava,0,8,8
Aili,0,8,8
Ailise,0,8,8
Aishwariya,0,8,8
Aisia,0,8,8
Aïsja,0,8,8
Aisso,8,0,8
Aiwen,6,3,9
Ajaan,3,7,10
Ajaikumar,8,0,8
Akhsay,8,0,8
Akinyi,0,8,8
Akki,3,6,9
Akkiz,0,8,8
Akoto,3,5,8
Akyra,3,6,9
Alaïs,0,8,8
Alamin,6,3,9
Alant,3,5,8
Alanus,8,0,8
Alanzo,8,0,8
Albe,5,3,8
Albertdien,0,8,8
Alby,5,3,8
Alcuin,8,0,8
Alderdiena,0,8,8
Aldertine,0,8,8
Aldrick,8,0,8
Alefina,0,8,8
Aleidina,3,7,10
Alejandrino,5,3,8
Alemdar,8,0,8
Alèn,7,3,10
Ales,7,3,10
Alesander,8,0,8
Alesandra,0,8,8
Aléxandros,8,0,8
Alexeevna,0,8,8
Alexios,8,0,8
Alexx,3,7,10
Alexy,3,5,8
Alexzander,8,0,8
Aleyah,0,8,8
Alfonses,8,0,8
Alfriede,0,8,8
Alias,6,3,9
Alidius,8,0,8
Aliëlle,0,8,8
Aliesha,0,8,8
Aliette,0,8,8
Alik,7,3,10
Alique,0,8,8
Alitta,0,8,8
Aliz,0,8,8
Alizee,0,8,8
Alland,8,0,8
Allarda,0,8,8
Allardt,8,0,8
Allebertus,8,0,8
Alledina,0,8,8
Allisia,0,8,8
Allissia,0,8,8
Allyn,3,3,6
Almon,8,0,8
Aloyisia,0,8,8
Alpacino,8,0,8
Alta,3,7,10
Altagrasia,0,8,8
Altar,7,3,10
Alucia,0,8,8
Alvi,6,3,9
Alwis,8,0,8
Alynne,0,8,8
Alyosha,7,3,10
Amadi,6,3,9
Amale,3,7,10
Amália,0,8,8
Amalya,0,8,8
Amancia,0,8,8
Amandla,0,8,8
Amanpreet,3,5,8
Amanta,3,7,10
Amarence,3,7,10
Amarinda,0,8,8
Amarjit,8,0,8
Amartey,6,3,9
Amat,7,3,10
Amberlyn,0,8,8
Ambia,0,8,8
Ambroise,6,3,9
Amco,8,0,8
Amedée,5,3,8
Ameline,0,8,8
Ameltien,0,8,8
Amid,8,0,8
Amida,0,8,8
Amidala,0,8,8
Amietkoemar,8,0,8
Amijs,7,3,10
AMJ,3,7,10
Ammo,8,0,8
Ampofo,3,3,6
Amritadevi,0,8,8
Anabelle,0,8,8
Anahera,0,8,8
Analia,0,8,8
Anarosa,0,8,8
Anatalia,0,8,8
Anatoliy,8,0,8
Ancelma,3,5,8
Ancilia,0,8,8
Andela,0,8,8
Andereijus,8,0,8
Andrë,7,3,10
Andrian,8,0,8
Andriza,0,8,8
Anea,0,8,8
Aness,8,0,8
Anestasia,0,8,8
Anetha,3,7,10
Anezka,0,8,8
Anfal,3,7,10
Angeliene,3,7,10
Angeliqa,0,8,8
Angelis,3,3,6
Angelou,3,7,10
Angenissa,0,8,8
Angina,0,8,8
Anhar,3,5,8
Anic,0,8,8
Aniesha,0,8,8
Anin,3,6,9
Anjaly,0,8,8
Anjanidevi,0,8,8
Anjela,0,8,8
Anjette,0,8,8
Anna-Elise,0,8,8
Anna-Elizabeth,0,8,8
Anna-Lies,0,8,8
Annafleur,0,8,8
Annalida,0,8,8
Annalieze,0,8,8
Annalou,0,8,8
Annalouisa,0,8,8
Annamarijn,0,8,8
Anne-Bo,0,8,8
Anne-Fay,0,8,8
Anne-Fien,0,8,8
Anne-Gré,0,8,8
Anne-Jolijn,0,8,8
Anne-Julie,0,8,8
Anne-Katrien,0,8,8
Anne-Kirsten,0,8,8
Anne-Liese,0,8,8
Anne-Lieve,0,8,8
Anne-Mar,0,8,8
Anne-Mary,0,8,8
Anne-Mien,0,8,8
Anne-Mijn,0,8,8
Anne-Mirthe,0,8,8
Anne-Moon,0,8,8
Annechienes,8,0,8
Annegrietje,0,8,8
Anneliesa,3,7,10
Annelinn,0,8,8
Annelle,0,8,8
Annemari,0,8,8
Annemarie-Louise,0,8,8
Annerens,3,7,10
Annerixt,0,8,8
Anneruth,0,8,8
Annesofie,0,8,8
Anneta,0,8,8
Annuradha,0,8,8
Annyk,0,8,8
Anoesha,0,8,8
Anoukh,0,8,8
Ansa,0,8,8
Anscharius,8,0,8
Anseline,0,8,8
Anshuman,8,0,8
Ansuya,0,8,8
Anthoin,8,0,8
Antienes,8,0,8
Antone,7,3,10
Antoniek,0,8,8
Antonnet,0,8,8
Anupkumar,8,0,8
Aparecida,3,7,10
Apdullah,8,0,8
Aplona,0,8,8
Appalonia,3,7,10
Aqiel,8,0,8
Aqil,8,0,8
Arab,6,3,9
Araf,8,0,8
Arafa,3,5,8
Araldo,8,0,8
Aranda,3,6,9
Arbaaz,8,0,8
Arber,8,0,8
Arbi,8,0,8
Arca,7,3,10
Archangel,8,0,8
Archimedes,8,0,8
Arcinio,8,0,8
Ardjoena,5,3,8
Arendjen,0,8,8
Aretia,0,8,8
Arfaan,8,0,8
Argenis,8,0,8
Arie-Pieter,8,0,8
Ariedina,0,8,8
Arieka,3,7,10
Arijdina,0,8,8
Arinette,0,8,8
Arinka,0,8,8
Arishta,0,8,8
Aritius,8,0,8
Arjaen,8,0,8
Arjano,8,0,8
Arkady,8,0,8
Arlaine,0,8,8
Arles,3,3,6
Arley,5,3,8
Arnand,8,0,8
Arnoldiena,0,8,8
Arnouda,0,8,8
Arnulphus,8,0,8
Arosh,8,0,8
Arpita,0,8,8
Arriana,0,8,8
Arsam,8,0,8
Arsene,7,3,10
Art-Jan,8,0,8
Artem,8,0,8
Arthy,3,3,6
Arwish,8,0,8
Aryette,0,8,8
Arzo,0,8,8
Asef,8,0,8
Asghar,8,0,8
Ashantely,0,8,8
Ashmi,0,8,8
Ashmira,0,8,8
Ashvan,8,0,8
Ashvind,8,0,8
Ashvita,0,8,8
Ashwinie,0,8,8
Ashwinkumar,8,0,8
Asiamah,3,5,8
Asir,7,3,10
Asjes,8,0,8
Asmira,0,8,8
Asmund,8,0,8
Asrın,8,0,8
Assies,8,0,8
Astara,0,8,8
Astarte,0,8,8
Asti,0,8,8
Astou,3,7,10
Asu,0,8,8
Asuela,0,8,8
Asueris,8,0,8
Asunción,0,8,8
Atieno,0,8,8
Atillahan,8,0,8
Atisha,3,7,10
Atiya,0,8,8
Atlanta,0,8,8
Ato,7,3,10
Atske,0,8,8
Augustienus,8,0,8
Aukiena,0,8,8
Aune,3,6,9
Aurita,0,8,8
Aury,0,8,8
Austen,8,0,8
Avaya,0,8,8
Avellinus,8,0,8
Avisha,3,7,10
Avishai,8,0,8
Avivah,0,8,8
Ayame,3,7,10
Ayelén,0,8,8
Ayhem,8,0,8
Aymila,0,8,8
Aymira,0,8,8
Ayodeji,7,3,10
Aysar,8,0,8
Aytül,0,8,8
Azalia,0,8,8
Azarya,3,5,8
Azizah,0,8,8
A'ishah,0,7,7
Aadel,6,3,9
Aadje,3,5,8
Aag,0,7,7
Aala,0,7,7
Aalbers,7,0,7
Aaldert-Jan,7,0,7
Aales,7,0,7
Aaleyah,0,7,7
Aalijah,0,7,7
Aalsje,0,7,7
Aalyah,0,7,7
Aane,7,0,7
Aaran,7,0,7
Aardsche,7,0,7
Aasia,0,7,7
Aasim,7,0,7
Aayah,0,7,7
Abbes,7,0,7
Abdelbassat,7,0,7
Abdelhakem,7,0,7
Abdella,6,3,9
Abdelmatin,7,0,7
Abdelmouttalib,7,0,7
Abdelrhman,6,3,9
Abderrafie,7,0,7
Abdessamed,7,0,7
Abdifitah,6,3,9
Abdigani,3,3,6
Abdilahi,3,3,6
Abdulhamit,7,0,7
Abduljalil,5,3,8
Abdulkadim,5,3,8
Abdulsalam,5,3,8
Abdülsamed,7,0,7
Abdulvahid,7,0,7
Abelardo,7,0,7
Abelis,7,0,7
Abgar,7,0,7
Abiam,7,0,7
Abigeal,0,7,7
Abilio,7,0,7
Abiodun,3,3,6
Aboagye,7,0,7
Aboubakar,7,0,7
Abrahammina,0,7,7
Abrianna,0,7,7
Achien,0,7,7
Achieng,0,7,7
Achil,7,0,7
Ad-Jan,7,0,7
Adebayo,7,0,7
Adee,3,5,8
Adélaïde,0,7,7
Adeleine,0,7,7
Adelène,3,5,8
Adelijda,0,7,7
Adelmo,7,0,7
Adena,0,7,7
Adetokunbo,5,3,8
Adeviye,0,7,7
Adeyemi,5,3,8
Adhira,0,7,7
Adim,5,3,8
Adjaikoemar,7,0,7
Adjowa,0,7,7
Adoma,3,6,9
Adomako,5,3,8
Ador,7,0,7
Adoré,3,5,8
Adriaansz,7,0,7
Adrieaan,7,0,7
Adrieaantje,0,7,7
Adrieanus,7,0,7
Aeger,7,0,7
Aemile,5,3,8
Aesha,0,7,7
Afelien,0,7,7
Afienus,7,0,7
Afrae,0,7,7
Agam,6,3,9
Ages,3,3,6
Agetta,0,7,7
Agie,3,5,8
Aglaya,0,7,7
Agnelo,7,0,7
Agnés,0,7,7
Agnessa,0,7,7
Agnet,0,7,7
Agnethe,3,6,9
Agni,3,3,6
Agniesa,0,7,7
Agop,7,0,7
Agostinho,5,3,8
Agron,7,0,7
Ahd,3,6,9
Ahmadou,7,0,7
Ahren,7,0,7
Ahron,7,0,7
Aid,7,0,7
Aijold,7,0,7
Ailee,0,7,7
Aïmen,7,0,7
Aimery,3,3,6
Aimran,7,0,7
Aireen,0,7,7
Airlangga,7,0,7
Aishel,3,5,8
Aisjah,0,7,7
Aisyah,0,7,7
Ajaikoemar,7,0,7
Akan,7,0,7
Akashkumar,7,0,7
Akeel,7,0,7
Akkeliena,0,7,7
Akoeba,0,7,7
Akos,5,3,8
Akshaykoemar,7,0,7
Ala-Eddine,7,0,7
Alaae,3,6,9
Alaan,7,0,7
Aladár,7,0,7
Alaisa,0,7,7
Alaisha,0,7,7
Alaiza,0,7,7
Alajos,7,0,7
Alasdair,7,0,7
Alawi,3,3,6
Albarthus,7,0,7
Alberda,3,5,8
Albertsje,0,7,7
Albiona,0,7,7
Alcidie,0,7,7
Alcyon,5,3,8
Aldertdina,0,7,7
Aldino,7,0,7
Aldric,7,0,7
Aldrich,7,0,7
Alecsander,7,0,7
Aleeya,0,7,7
Alein,3,3,6
Alemke,0,7,7
Alèssio,7,0,7
Alettus,7,0,7
Alexandrino,7,0,7
Alfijta,0,7,7
Alfijtha,0,7,7
Alfine,0,7,7
Alfredina,3,6,9
Alfrid,7,0,7
Algondus,7,0,7
Alicea,0,7,7
Alichia,0,7,7
Aliedes,7,0,7
Aliët,0,7,7
Aliihsan,7,0,7
Alijd,3,3,6
Alioune,7,0,7
Alisina,7,0,7
Alite,0,7,7
Aliyaa,0,7,7
Alkedina,0,7,7
Alkin,7,0,7
Allaard,7,0,7
Allae,3,6,9
Alleberta,0,7,7
Allegundis,6,3,9
Allejandro,7,0,7
Allesandra,0,7,7
Allessio,7,0,7
Alliena,0,7,7
Alloisia,0,7,7
Almahdi,7,0,7
Alman,7,0,7
Almuth,0,7,7
Almyra,0,7,7
Alojz,7,0,7
Alok,7,0,7
Altienus,7,0,7
Alusia,0,7,7
Alvyn,7,0,7
Alward,3,3,6
Alyan,6,3,9
Alynn,0,7,7
Alyssandra,0,7,7
Alysson,0,7,7
Alzahra,0,7,7
Amaanie,0,7,7
Amable,3,3,6
Amad,7,0,7
Amala,0,7,7
Amaly,0,7,7
Amarachukwu,3,6,9
Amaral,3,6,9
Amaranth,3,3,6
Amarinde,0,7,7
Amayla,0,7,7
Amaysa,0,7,7
Amber-Rose,0,7,7
Amberlynn,0,7,7
Ambrien,0,7,7
Ambrogio,7,0,7
Ambrosine,0,7,7
Amea,0,7,7
Amelieke,0,7,7
Amenze,3,6,9
Amerencia,0,7,7
Amiir,7,0,7
Amijilah,6,3,9
Amika,0,7,7
Aminda,0,7,7
Amini,3,6,9
Amirali,7,0,7
Amiri,5,3,8
Amisa,0,7,7
Amissa,0,7,7
Ammiël,5,3,8
Amorina,0,7,7
Amrieta,0,7,7
Amrith,7,0,7
Amske,0,7,7
Amus,7,0,7
Amza,7,0,7
Anabia,0,7,7
Anaís,0,7,7
Anande,3,3,6
Anantha,3,5,8
Anatascha,0,7,7
Ancela,0,7,7
Ancelica,0,7,7
Ancelle,0,7,7
Andalina,0,7,7
Andelina,0,7,7
Anderies,7,0,7
Andhika,5,3,8
Andrae,6,3,9
Andrean,7,0,7
Andreesje,0,7,7
Andresa,0,7,7
Andresina,0,7,7
Andric,7,0,7
Andriette,0,7,7
Andrinus,7,0,7
Angel-Lee,0,7,7
Angélico,6,3,9
Angello,7,0,7
Angelyna,0,7,7
Angelynn,0,7,7
Angila,0,7,7
Angira,3,6,9
Angrid,0,7,7
Anicha,0,7,7
Anicka,0,7,7
Anie,0,7,7
Anilla,0,7,7
Aniq,5,3,8
Aniza,0,7,7
Anjena,0,7,7
Anjetta,0,7,7
Anjuschka,0,7,7
Ankido,7,0,7
Anmarie,3,5,8
Anna-Bella,0,7,7
Anna-Jacoba,0,7,7
Anna-Julia,0,7,7
Anna-Laura,0,7,7
Anna-Lou,0,7,7
Anna-Marijn,0,7,7
Anna-Rose,0,7,7
Anna-Vera,0,7,7
Annagien,0,7,7
Annando,7,0,7
Annanita,0,7,7
Annawil,0,7,7
Anne-Clair,0,7,7
Anne-Jane,0,7,7
Anne-Karine,0,7,7
Anne-Lena,0,7,7
Anne-Lie,0,7,7
Anne-Margot,0,7,7
Anne-Maud,0,7,7
Anne-Mijke,0,7,7
Anne-Renée,0,7,7
Anne-Riek,0,7,7
Anne-roos,0,7,7
Anne-Sophia,0,7,7
Anne-Willem,7,0,7
Annebrecht,0,7,7
Annechientje,0,7,7
Annefried,3,6,9
Annegeertje,0,7,7
Annehilde,0,7,7
Annekarien,0,7,7
Anneko,3,3,6
Annelaura,0,7,7
Annelinda,0,7,7
Annemarte,0,7,7
Annemi,0,7,7
Annemike,0,7,7
Annemique,0,7,7
Annemy,0,7,7
Annesta,0,7,7
Anneüs,7,0,7
Annies,3,3,6
Anoah,3,5,8
Anoesh,3,5,8
Anorah,0,7,7
Anous,0,7,7
Anouskha,0,7,7
Anrieke,0,7,7
Ansaar,6,3,9
Anse,3,6,9
Anselme,3,6,9
Ansgaria,0,7,7
Anshel,7,0,7
Ansley,6,3,9
Ansu,5,3,8
Antanas,7,0,7
Anteun,7,0,7
Anthone,7,0,7
Anthonine,3,6,9
Antônio,7,0,7
Anuj,7,0,7
Anurag,3,3,6
Anush,3,5,8
Anusjka,0,7,7
Anwen,0,7,7
Anyck,0,7,7
Anyke,0,7,7
Anđela,0,7,7
Apolona,0,7,7
Applonia,0,7,7
Aqila,3,6,9
Aquinia,0,7,7
Araba,0,7,7
Aracel,3,3,6
Arachchige,3,3,6
Arachne,0,7,7
Aradhena,0,7,7
Aradina,0,7,7
Arauna,3,5,8
Arcando,7,0,7
Arcenio,7,0,7
Ardienus,7,0,7
Areen,3,6,9
Aréke,0,7,7
Arend-jan,7,0,7
Arene,0,7,7
Aresje,0,7,7
Arev,3,6,9
Arez,7,0,7
Arianie,0,7,7
Arick,7,0,7
Arico,7,0,7
Arijanto,7,0,7
Arimbi,0,7,7
Aristidis,7,0,7
Arlieke,0,7,7
Arliene,0,7,7
Armèn,7,0,7
Armien,6,3,9
Armyn,7,0,7
Arnella,0,7,7
Arnes,6,3,9
Arnetia,0,7,7
Arnhold,7,0,7
Arnia,0,7,7
Arnick,7,0,7
Arnoaldus,7,0,7
Arnolf,7,0,7
Arnoux,6,3,9
Arona,0,7,7
Arooj,0,7,7
Aroon,6,3,9
Arriaan,7,0,7
Arriëtta,0,7,7
Arrow,7,0,7
Arsina,3,6,9
Arsinio,7,0,7
Arvindkumar,7,0,7
Arzina,0,7,7
Aschna,0,7,7
Ase,3,3,6
Asella,0,7,7
Ashantie,0,7,7
Ashif,7,0,7
Ashmara,0,7,7
Ashmit,7,0,7
Ashrafie,3,3,6
Ashwaq,0,7,7
Asiana,0,7,7
Asly,3,5,8
Asmen,5,3,8
Asmodee,0,7,7
Assur,7,0,7
Asthon,5,3,8
Astria,0,7,7
Asuërus,7,0,7
Asunta,0,7,7
Aswerd,7,0,7
Atalante,3,6,9
Ataman,7,0,7
Atay,7,0,7
Atlan,7,0,7
Atman,7,0,7
Atra,0,7,7
Atrin,3,5,8
Attina,0,7,7
Aubine,0,7,7
Audi,5,3,8
Audie,6,3,9
Augin,7,0,7
Aujla,7,0,7
Aurelua,0,7,7
Aurillio,6,3,9
Auriske,0,7,7
Auron,7,0,7
Auwiena,0,7,7
Avellina,0,7,7
Averill,5,3,8
Averina,0,7,7
Avertanus,7,0,7
Aviana,0,7,7
Avishka,0,7,7
Awab,7,0,7
Awaz,0,7,7
Awien,3,3,6
Ayaana,0,7,7
Ayanne,0,7,7
Ayben,0,7,7
Ayerton,7,0,7
Ayiana,0,7,7
Ayishah,0,7,7
Ayren,5,3,8
Ayrthon,7,0,7
Aysena,0,7,7
Aytug,7,0,7
Ayuk,5,3,8
Azarjah,6,3,9
Azhaar,0,7,7
Azina,0,7,7
Azita,0,7,7
Azlan,7,0,7
Aaban,6,0,6
Aâdil,6,0,6
Aagina,3,5,8
Aalayah,0,6,6
Aalbrechta,0,6,6
Aalderina,0,6,6
Aaldertdina,0,6,6
Aaldrikje,0,6,6
Aalex,6,0,6
Aalte,6,0,6
Aaltines,6,0,6
Aanya,0,6,6
Aardewijn,6,0,6
Aarisje,0,6,6
Aarjanne,0,6,6
Aaro,6,0,6
Aartdrianus,6,0,6
Aaryen,6,0,6
Aashika,0,6,6
Abad,3,3,6
Abdel-Jabbar,5,3,8
Abdel-Jaouad,6,0,6
Abdelelah,6,0,6
Abdeljaouad,6,0,6
Abdelmonem,6,0,6
Abdelmoutalib,6,0,6
Abdelnour,6,0,6
Abdennabi,6,0,6
Abderrachid,6,0,6
Abdesamad,6,0,6
Abdimaalik,6,0,6
Abdirisaq,3,3,6
Abdisalam,6,0,6
Abdisamad,6,0,6
Abdishakur,6,0,6
Abdiwahid,3,3,6
Abduallah,6,0,6
Abdul-Malik,3,3,6
Abdula,6,0,6
Abdulwahab,5,3,8
Abdurahmaan,6,0,6
Abduslam,3,3,6
Abdussamet,6,0,6
Abednego,6,0,6
Abhinash,6,0,6
Abichaïl,3,5,8
Abijah,3,3,6
Abina,0,6,6
Abo,6,0,6
Abobaker,5,3,8
Abondus,6,0,6
Abrahamine,0,6,6
Acca,3,5,8
Acce,3,5,8
Adagonda,0,6,6
Adalie,0,6,6
Adalinde,0,6,6
Adamiena,0,6,6
Adamine,0,6,6
Adaobi,0,6,6
Adayah,0,6,6
Adda,0,6,6
Addolorata,3,5,8
Adedayo,5,3,8
Adekunle,6,0,6
Adelajda,0,6,6
Adelene,0,6,6
Adelgondus,6,0,6
Adelharda,0,6,6
Adelhart,6,0,6
Adelindis,3,3,6
Adelio,6,0,6
Adelon,6,0,6
Adelwin,6,0,6
Adhem,6,0,6
Adhiambo,0,6,6
Adhm,6,0,6
Adissa,0,6,6
Adla,0,6,6
Admay,0,6,6
Adolfiena,0,6,6
Adoline,0,6,6
Adonaï,6,0,6
Adore,0,6,6
Adreaan,6,0,6
Adriaanes,6,0,6
Adrianie,3,3,6
Adrieënne,0,6,6
Adriejan,6,0,6
Adriene,0,6,6
Adrion,6,0,6
Adya,3,3,6
Adylia,0,6,6
Aebeltje,0,6,6
Aeiko,6,0,6
Aen,3,3,6
Aeris,0,6,6
Aerlant,5,3,8
Aernold,6,0,6
Aeson,6,0,6
Aetske,0,6,6
Afaina,0,6,6
Affi,0,6,6
Afiene,0,6,6
Afryea,0,6,6
Afshin,5,3,8
Agar,6,0,6
Agatino,6,0,6
Age-Jan,6,0,6
Aggo,6,0,6
Agmar,0,6,6
Agnitus,6,0,6
Agrada,0,6,6
Agusta,0,6,6
Agyapomaa,0,6,6
Agyekum,6,0,6
Ahaan,6,0,6
Ahana,0,6,6
Ahin,3,3,6
Aia,0,6,6
Aido,6,0,6
Aikaterini,0,6,6
Ailana,0,6,6
Ailany,3,5,8
Aima,0,6,6
Aimara,0,6,6
Aiméé,0,6,6
Aimo,5,3,8
Aine,0,6,6
Aires,5,3,8
Aiša,0,6,6
Aisheline,0,6,6
Aïssata,0,6,6
Aiyanna,0,6,6
Aiyven,3,3,6
Ajaya,3,5,8
Ajith,6,0,6
Ajlin,0,6,6
Ajo,5,3,8
Akar,6,0,6
Akela,3,3,6
Akhil,6,0,6
Akhter,3,3,6
Akile,0,6,6
Akina,0,6,6
Akje,0,6,6
Akkina,0,6,6
Akuba,0,6,6
Alabama,3,5,8
Alaeddine,6,0,6
Alaettin,6,0,6
Alagonna,0,6,6
Alânur,0,6,6
Alany,3,5,8
Alassane,5,3,8
Alattin,6,0,6
Alayza,0,6,6
Albedina,0,6,6
Alben,6,0,6
Alberico,6,0,6
Alberttina,0,6,6
Albien,3,3,6
Albrica,0,6,6
Alcidia,0,6,6
Alcinda,0,6,6
Aldaïr,6,0,6
Aldegunda,3,5,8
Aleana,0,6,6
Alegonde,0,6,6
Aleijdis,3,3,6
Aleit,3,5,8
Alekos,6,0,6
Alekseyevich,6,0,6
Aleksi,6,0,6
Aleksy,6,0,6
Alésia,0,6,6
Alexé,6,0,6
Alfard,6,0,6
Alfonza,3,5,8
Alícia,0,6,6
Alick,6,0,6
Alieta,0,6,6
Alieze,0,6,6
Alij,3,3,6
Alijde,0,6,6
Alijdis,3,3,6
Alijssa,0,6,6
Alirıza,6,0,6
Alixander,6,0,6
Alizia,0,6,6
Allardina,0,6,6
Alle-Jan,6,0,6
Allegon,3,3,6
Allegria,0,6,6
Allena,3,5,8
Alleta,0,6,6
Alletha,0,6,6
Allia,3,5,8
ALM,3,5,8
Almando,6,0,6
Almiro,6,0,6
Almudena,0,6,6
Almut,0,6,6
Alodia,0,6,6
Aloijse,3,3,6
Alojzija,0,6,6
Aloma,3,5,8
Aloy,6,0,6
Alto,6,0,6
Altug,6,0,6
Alvares,5,3,8
Alvira,0,6,6
Alwiena,0,6,6
Alycke,0,6,6
Alyona,0,6,6
Alytha,0,6,6
Alzahraa,0,6,6
Amadasun,3,3,6
Amaechi,3,3,6
Amalina,0,6,6
Amania,0,6,6
Amankwa,5,3,8
Amankwaa,3,3,6
Amante,3,5,8
Amantius,6,0,6
Amarilis,0,6,6
Amarjeet,6,0,6
Ambrish,6,0,6
Amedea,3,5,8
Ameé,0,6,6
Amèlia,0,6,6
Amelya,0,6,6
America,3,5,8
Amerieke,0,6,6
Aminta,0,6,6
Amitis,0,6,6
Amity,0,6,6
Amjed,6,0,6
AMM,3,5,8
Ammarah,0,6,6
Ammi,3,3,6
Amnah,0,6,6
Amoa,3,5,8
Amoateng,3,3,6
Amylee,0,6,6
Ana-Marie,0,6,6
Anah,0,6,6
Anaïsha,0,6,6
Anaja,3,5,8
Anamarija,0,6,6
Anandpersad,6,0,6
Anane,3,3,6
Anastasio,6,0,6
Anasuya,0,6,6
Anatasja,0,6,6
Anatevka,0,6,6
Anatji,3,5,8
Anauk,3,5,8
Ancelmus,5,3,8
Andar,6,0,6
Anderea,0,6,6
Anderika,0,6,6
Andersje,0,6,6
Andjalie,0,6,6
Andjéla,0,6,6
Andjeli,0,6,6
Andoni,6,0,6
Andreé,3,5,8
Andreevich,6,0,6
Andreï,6,0,6
Andrick,6,0,6
Andriënne,0,6,6
Andrienus,6,0,6
Andrijn,0,6,6
Andrin,6,0,6
Andruw,6,0,6
Aneesa,0,6,6
Anele,3,3,6
Anella,0,6,6
Anežka,0,6,6
Angeladebie,0,6,6
Angélie,0,6,6
Angeliyah,0,6,6
Angèlle,3,5,8
Angena,0,6,6
Angenardus,6,0,6
Angenetha,0,6,6
Angenietta,0,6,6
Angnieta,0,6,6
Aniël,3,3,6
Anieldath,6,0,6
Aniëlle,0,6,6
Anirudh,6,0,6
Anisja,0,6,6
Anjélica,0,6,6
Anjenette,0,6,6
Anjola,0,6,6
Ankjen,0,6,6
Ankomah,5,3,8
Ankush,6,0,6
Anna-Christina,3,5,8
Anna-Cornelia,0,6,6
Anna-Jet,0,6,6
Anna-Joy,0,6,6
Anna-Katharina,0,6,6
Anna-Marijke,0,6,6
Annaliesa,0,6,6
Annalinde,0,6,6
Annamae,0,6,6
Annamarije,0,6,6
Annarieke,0,6,6
Annastatius,6,0,6
Anne-Barbara,0,6,6
Anne-Co,3,5,8
Anne-Elisabeth,0,6,6
Anne-Els,0,6,6
Anne-Geert,6,0,6
Anne-Hélène,0,6,6
Anne-Liza,0,6,6
Anne-lynn,0,6,6
Anne-Nel,0,6,6
Anne-Paul,6,0,6
Anne-Riet,0,6,6
Anne-Rosa,0,6,6
Anne-Simone,0,6,6
Anne-Vera,0,6,6
Anne-Wieke,0,6,6
Anne-Wies,0,6,6
Annebell,0,6,6
Annebritt,0,6,6
Annedieke,0,6,6
Annefrid,0,6,6
Annegeert,0,6,6
Anneggien,0,6,6
Annegreetje,0,6,6
Annejo,0,6,6
Annekoos,0,6,6
Annelief,0,6,6
Annelita,0,6,6
Annelly,0,6,6
Annelouk,0,6,6
Annemaartje,0,6,6
Annemai,0,6,6
Annemariek,0,6,6
Annemarlijn,0,6,6
Annemartien,0,6,6
Annemartje,0,6,6
Annemijke,0,6,6
Annenietje,0,6,6
Annerosa,0,6,6
Annetien,3,5,8
Annettje,0,6,6
Annéus,6,0,6
Annewien,0,6,6
Anniëlle,0,6,6
Annietta,0,6,6
Annigie,0,6,6
Annigina,0,6,6
Annija,0,6,6
Anniki,0,6,6
Annoeshka,0,6,6
Annorah,0,6,6
Annoushka,0,6,6
Annu,0,6,6
Annya,0,6,6
Anoe,3,5,8
Anoeke,0,6,6
Anoesja,0,6,6
Anolda,0,6,6
Anosh,5,3,8
Anosha,0,6,6
Anouche,3,5,8
Anro,6,0,6
Anry,3,3,6
Anschje,0,6,6
Anşe,0,6,6
Ansfriedus,6,0,6
Anshika,0,6,6
Ansong,5,3,8
Anteunia,0,6,6
Antgien,0,6,6
Anthonnetta,0,6,6
Antiene,0,6,6
Antigona,0,6,6
Antigoni,0,6,6
Antjedina,0,6,6
Antoïnette,0,6,6
Antoinie,3,3,6
Antoinique,0,6,6
Antonetje,0,6,6
Antonië,0,6,6
Antonilla,0,6,6
Antonovna,0,6,6
Antoonia,0,6,6
Antun,5,3,8
Anusia,0,6,6
Anvar,6,0,6
Anwarali,6,0,6
Any,3,5,8
Aolani,3,5,8
Appoline,3,5,8
Aradia,0,6,6
Arah,3,3,6
Araksan,0,6,6
Aranke,0,6,6
Ararat,6,0,6
Araujo,3,3,6
Arbogast,6,0,6
Arcen,6,0,6
Arcène,6,0,6
Ardahan,6,0,6
Ardil,6,0,6
Ardinda,0,6,6
Ardinius,6,0,6
Ardith,3,5,8
Ardwin,6,0,6
Areane,0,6,6
Areeb,6,0,6
Arenea,0,6,6
Arentjen,3,5,8
Aretta,0,6,6
Arevik,0,6,6
Argon,6,0,6
Ari-Jan,6,0,6
Ariaen,3,3,6
Arib,6,0,6
Aricha,0,6,6
Arieanus,6,0,6
Arieneke,0,6,6
Ariete,0,6,6
Arietha,0,6,6
Arini,0,6,6
Arisandi,0,6,6
Ariston,6,0,6
Aristotelis,6,0,6
Aritia,0,6,6
Arkadi,6,0,6
Arkje,0,6,6
Arle,3,3,6
Armaĝan,6,0,6
Armas,6,0,6
Armein,3,3,6
Armend,6,0,6
Arnelia,0,6,6
Arnesto,6,0,6
Arnieke,0,6,6
Arnim,6,0,6
Arnoldino,6,0,6
Arnulf,6,0,6
Arnulfa,3,5,8
Aroenkoemar,6,0,6
Aroosa,0,6,6
Arpana,0,6,6
Arpi,0,6,6
Arriska,0,6,6
Arrissina,0,6,6
Arsal,6,0,6
Arsalaan,6,0,6
Arsèn,6,0,6
Arshano,6,0,6
Arthur-Jan,6,0,6
Artiedebie,0,6,6
Artini,0,6,6
Arvan,6,0,6
Arve,6,0,6
Arvesh,6,0,6
Arvik,6,0,6
Arvish,6,0,6
Arysha,0,6,6
Asala,0,6,6
Asan,6,0,6
Asaya,3,3,6
Asbjörn,5,3,8
Ascelina,0,6,6
Ascher,5,3,8
Asenat,0,6,6
Asgarali,6,0,6
Ashaan,6,0,6
Ashan,6,0,6
Ashaya,0,6,6
Ashera,0,6,6
Ashja,0,6,6
Ashleen,0,6,6
Ashten,3,3,6
Ashwand,6,0,6
Asish,6,0,6
Aslinur,0,6,6
Asmaan,3,3,6
Asme,0,6,6
Asmi,3,5,8
Asmina,0,6,6
Asmond,6,0,6
Asscher,5,3,8
Assyria,0,6,6
Astera,0,6,6
Astraea,0,6,6
Astrano,6,0,6
Astrit,3,5,8
Astro,6,0,6
Asuerius,6,0,6
Asutosh,6,0,6
Aswad,6,0,6
Ataa,3,5,8
Atanasio,5,3,8
Atharva,6,0,6
Atine,0,6,6
Atousa,0,6,6
Attalia,0,6,6
Aubina,0,6,6
Audomarius,6,0,6
Augustein,6,0,6
Augustiena,0,6,6
Aulia,3,3,6
Aurél,6,0,6
Aurela,0,6,6
Aurèle,5,3,8
Aurély,0,6,6
Auriana,0,6,6
Ausonius,6,0,6
Auxilius,6,0,6
Avalanche,0,6,6
Avaniya,0,6,6
Avie,3,5,8
Avinas,6,0,6
Avinashkumar,6,0,6
Avinesh,6,0,6
Avşin,0,6,6
Aweis,3,3,6
Awen,3,5,8
Awesh,6,0,6
Awil,3,3,6
Awina,0,6,6
Awish,6,0,6
Ayaanle,3,3,6
Ayanda,3,5,8
Ayen,5,3,8
Ayesh,6,0,6
Ayevbosa,3,3,6
Ayita,3,3,6
Ayka,0,6,6
Aylâ,0,6,6
Aylano,6,0,6
Aylanur,0,6,6
Aylis,0,6,6
Aylwin,6,0,6
Aynesh,6,0,6
Ayoola,5,3,8
Ayperi,0,6,6
Ayşem,0,6,6
Aysiah,0,6,6
Ayso,6,0,6
Aytan,3,5,8
Aytun,3,3,6
Ayvin,6,0,6
Ayyub,6,0,6
Azalina,3,5,8
Azdine,6,0,6
Azin,3,5,8
Azizi,3,3,6
Azou,3,5,8
Azumi,0,6,6
Azuwerus,6,0,6
Azzouz,6,0,6
Aadhya,0,5,5
Aaditya,5,0,5
Aafkelien,0,5,5
Aagke,0,5,5
Aahana,0,5,5
Aahd,3,3,6
Aaldertjan,5,0,5
Aaldertje,0,5,5
Aaldries,5,0,5
Aaldriks,5,0,5
Aallidus,5,0,5
Aaltjan,5,0,5
Aalycia,0,5,5
Aamer,5,0,5
Aanis,3,3,6
Aarend,5,0,5
Aarish,5,0,5
Aarland,5,0,5
Aarna,0,5,5
Aaziz,3,3,6
Abanob,5,0,5
Abdarrahman,5,0,5
Abde,5,0,5
Abdel-Malik,5,0,5
Abdelbaki,5,0,5
Abdelbarie,5,0,5
Abdelbassite,5,0,5
Abdelmonaim,5,0,5
Abdelmounain,5,0,5
Abdelouafi,5,0,5
Abdeltawab,3,3,6
Abdesalam,5,0,5
Abdias,5,0,5
Abdigadir,3,3,6
Abdikhadir,3,3,6
Abdinur,3,3,6
Abdirisaaq,3,3,6
Abdourahman,5,0,5
Abdourrahman,5,0,5
Abdul-Hamid,3,3,6
Abdülhamit,5,0,5
Abdulrazak,3,3,6
Abdurahim,5,0,5
Abdüssamed,5,0,5
Abebe,3,3,6
Abelientje,0,5,5
Abelinda,0,5,5
Abeniba,0,5,5
Abes,3,3,6
Abhijay,5,0,5
Abhijeet,5,0,5
Abhinay,5,0,5
Abiah,3,3,6
Abidien,5,0,5
Abinadab,5,0,5
Abirami,0,5,5
Abisael,0,5,5
Abisaya,3,3,6
Abondi,5,0,5
Abondius,5,0,5
Abrahamma,0,5,5
Abramiena,0,5,5
Absalina,0,5,5
Abul,5,0,5
Abuubakar,3,3,6
Abyan,3,3,6
Acacio,5,0,5
Acadia,0,5,5
Achilleus,5,0,5
Achillis,5,0,5
Achouak,0,5,5
Achza,0,5,5
Ackelien,0,5,5
Aclara,0,5,5
Acquah,3,3,6
Adaiah,0,5,5
Adalberta,0,5,5
Adalida,0,5,5
Adamma,0,5,5
Adamou,3,3,6
Adaora,0,5,5
Addeke,5,0,5
Addis,3,3,6
Adeena,0,5,5
Adél,3,3,6
Adelaar,3,3,6
Adelain,5,0,5
Adelard,5,0,5
Adelberto,3,3,6
Adelijn,0,5,5
Adelya,0,5,5
Ademaro,5,0,5
Ademir,5,0,5
Ademola,5,0,5
Adenike,0,5,5
Aderemi,3,3,6
Adewale,5,0,5
Adhémar,5,0,5
Adieb,5,0,5
Adik,5,0,5
Adilla,3,3,6
Adiputra,5,0,5
Adish,5,0,5
Adit,5,0,5
Adith,3,3,6
Adjetey,5,0,5
Adjoua,0,5,5
Adler,5,0,5
Adma,0,5,5
Admar,5,0,5
Adonias,5,0,5
Adoria,0,5,5
Adra,0,5,5
Adreas,5,0,5
Adri-Anna,0,5,5
Adrianno,5,0,5
Adric,5,0,5
Adse,5,0,5
Adulphus,5,0,5
Adyra,0,5,5
AEbe,5,0,5
Aedin,3,3,6
Aege,5,0,5
Aeildert,5,0,5
Aelan,3,3,6
Aelia,0,5,5
Aelwyn,5,0,5
Aelze,3,3,6
Aemon,5,0,5
Aenaeus,5,0,5
Aeren,5,0,5
Afera,0,5,5
Aferdita,0,5,5
Affandi,5,0,5
Affina,0,5,5
Afiah,0,5,5
Afiya,0,5,5
Afranur,0,5,5
Africa,3,3,6
Afrika,3,3,6
Afrina,0,5,5
Afroditi,0,5,5
Afsheen,0,5,5
Afzaal,5,0,5
Agâh,5,0,5
Agardus,5,0,5
Agatina,0,5,5
Agavni,0,5,5
Agbor,3,3,6
Agelina,0,5,5
Agenieta,0,5,5
Agenitha,0,5,5
Agerinus,5,0,5
Agerta,0,5,5
Ageta,0,5,5
Aghata,0,5,5
Agida,0,5,5
Agnatius,3,3,6
Agnelia,0,5,5
Agnetis,0,5,5
Agnie,0,5,5
Agniszka,0,5,5
Agricola,3,3,6
Agtar,5,0,5
Agustino,5,0,5
Agyenim,3,3,6
Ahilia,0,5,5
Ahmer,3,3,6
Ahsley,3,3,6
Aïde,0,5,5
Aidon,5,0,5
Aikiena,0,5,5
Aillan,5,0,5
Aïmad,5,0,5
Aimae,0,5,5
Aïmee,0,5,5
Aimély,0,5,5
Aimi,0,5,5
Ain,3,3,6
Airi,0,5,5
Aishanie,0,5,5
Aishlynn,0,5,5
Aislyn,3,3,6
Aivan,5,0,5
Aizza,0,5,5
Ajana,0,5,5
Aje,3,3,6
Ajibola,3,3,6
Ajita,0,5,5
Ajša,0,5,5
Akane,0,5,5
Akashdeep,5,0,5
Akia,3,3,6
Akisha,0,5,5
Akiva,3,3,6
Akosuah,0,5,5
Akowuah,3,3,6
Akrem,5,0,5
Akshan,5,0,5
Akshar,5,0,5
Akubueze,3,3,6
Akwesi,5,0,5
Alaeddin,3,3,6
Albartine,0,5,5
Albertdine,0,5,5
Albertijn,5,0,5
Albertinie,0,5,5
Albijn,3,3,6
Alcina,0,5,5
Alcy,3,3,6
Alde,3,3,6
Aldebert,5,0,5
Aldertha,0,5,5
Aldriana,0,5,5
Aldrion,5,0,5
Alebina,0,5,5
Aled,3,3,6
Aleezah,0,5,5
Alegre,3,3,6
Aleidi,0,5,5
Alejna,0,5,5
Alekseevich,5,0,5
Alekseevna,0,5,5
Alerd,5,0,5
Aléssio,5,0,5
Alex-Sander,5,0,5
Alexandero,5,0,5
Alexandor,5,0,5
Alèxandros,5,0,5
Alexcia,0,5,5
Alexeevich,5,0,5
Alexeia,0,5,5
Alexsandrina,0,5,5
Aley,3,3,6
Aleyandro,5,0,5
Aleynâ,0,5,5
Alfeo,5,0,5
Alfoncius,5,0,5
Alfride,0,5,5
Algon,3,3,6
Algonde,0,5,5
Alhadi,5,0,5
Alhasan,5,0,5
Aliane,3,3,6
Aliciana,0,5,5
Alidah,0,5,5
Alie-Anne,0,5,5
Alief,5,0,5
Aliënne,0,5,5
Alieske,0,5,5
Alieu,5,0,5
Aliina,0,5,5
Alimou,3,3,6
Aliosman,5,0,5
Alisah,0,5,5
Aliska,0,5,5
Aljarreau,5,0,5
Alkie,0,5,5
Alleida,0,5,5
Allessa,0,5,5
Allessy,5,0,5
Allewiena,0,5,5
Allida,0,5,5
Allinda,0,5,5
Allis,0,5,5
Allouis,5,0,5
Alloys,3,3,6
Allys,0,5,5
Allyshia,0,5,5
Alo,5,0,5
Alofje,0,5,5
Alou,3,3,6
Alpcan,5,0,5
Alphert,5,0,5
Alquin,5,0,5
Alrike,0,5,5
Alroy,5,0,5
Alseny,5,0,5
Altaïr,5,0,5
Altinay,3,3,6
Alting,5,0,5
Alune,3,3,6
Alver,5,0,5
Alwara,0,5,5
Alyas,5,0,5
Alydus,5,0,5
Alynda,0,5,5
Alzira,0,5,5
Amah,3,3,6
Amai,3,3,6
Amaiyah,0,5,5
Amalië,0,5,5
Amaliya,0,5,5
Amance,0,5,5
Amancho,5,0,5
Amandio,5,0,5
Amaniel,5,0,5
Amankoemar,5,0,5
Amankwaah,3,3,6
Amantha,0,5,5
Amarenza,0,5,5
Amarhi,0,5,5
Amarie,0,5,5
Amarige,0,5,5
Amarii,5,0,5
Amarsing,5,0,5
Ambrina,0,5,5
Ambrozina,0,5,5
Amdjad,5,0,5
Améli,0,5,5
Amelien,0,5,5
Améline,0,5,5
Amera,0,5,5
Ameranda,0,5,5
Amerensje,0,5,5
Amez,0,5,5
Ameze,0,5,5
Amgad,3,3,6
Amiek,0,5,5
Amillia,0,5,5
Amilya,0,5,5
Amino,3,3,6
Ammanuel,5,0,5
Ammerins,0,5,5
Amoes,5,0,5
Amondo,5,0,5
Amoris,3,3,6
Amoun,3,3,6
Amram,5,0,5
Amritha,0,5,5
Amun,5,0,5
Amy-Joy,0,5,5
Amyleigh,0,5,5
Anahid,0,5,5
Anaiah,3,3,6
Anandini,0,5,5
Anant,5,0,5
Anastasja,0,5,5
Anastia,0,5,5
Anatasia,0,5,5
Anatolie,5,0,5
Anatta,3,3,6
Anbarin,0,5,5
Ancolina,0,5,5
Ancora,0,5,5
Andaç,5,0,5
Andereas,5,0,5
Andersen,5,0,5
Andien,0,5,5
Andjelo,5,0,5
Andrada,0,5,5
Andreiko,5,0,5
Andriani,0,5,5
Andriessa,0,5,5
Andrikus,5,0,5
Andringa,5,0,5
Andromache,0,5,5
Androniki,0,5,5
Aneela,0,5,5
Aneesh,5,0,5
Aneska,0,5,5
Aneth,0,5,5
Angar,5,0,5
Angêle,0,5,5
Angélia,0,5,5
Angelicque,0,5,5
Angelieka,0,5,5
Angelinda,3,3,6
Angeliqe,0,5,5
Angeliqué,0,5,5
Angelmo,5,0,5
Angré,0,5,5
Angret,0,5,5
Anilcan,5,0,5
Anilda,0,5,5
Anirud,5,0,5
Anirvan,5,0,5
Aniş,0,5,5
Aniseto,5,0,5
Anishia,0,5,5
Anishka,0,5,5
Anishkoemar,5,0,5
Anishkumar,5,0,5
Anissia,0,5,5
Aniuschka,0,5,5
Anjini,0,5,5
Ankerdina,0,5,5
Ankiena,0,5,5
Ankrah,3,3,6
Anksje,0,5,5
Anly,3,3,6
Ann-Louise,0,5,5
Anna-Carina,0,5,5
Anna-Dien,0,5,5
Anna-Dora,0,5,5
Anna-Elisa,0,5,5
Anna-Jane,0,5,5
Anna-Lise,0,5,5
Anna-marie,0,5,5
Anna-Paulowna,0,5,5
Anna-Rika,0,5,5
Anna-Will,0,5,5
Annadine,0,5,5
Annadora,0,5,5
Annaël,0,5,5
Annaïda,0,5,5
Annais,0,5,5
Annalijn,0,5,5
Annam,3,3,6
Annamika,0,5,5
Annand,5,0,5
Annanda,3,3,6
Annanel,0,5,5
Annarens,0,5,5
Annariek,0,5,5
Annarika,0,5,5
Annaroos,0,5,5
Annatasja,0,5,5
Anne-Bart,5,0,5
Anne-Berber,0,5,5
Anne-Carien,0,5,5
Anne-Catharina,0,5,5
Anne-Dirk,5,0,5
Anne-floor,0,5,5
Anne-Frank,3,3,6
Anne-Gé,0,5,5
Anne-Gien,0,5,5
Anne-Grethe,0,5,5
Anne-jet,0,5,5
Anne-Joke,0,5,5
Anne-Kari,0,5,5
Anne-Kim,0,5,5
Anne-Lauren,0,5,5
Anne-Lee,0,5,5
Anne-Marchien,0,5,5
Anne-marije,0,5,5
Anne-Mark,5,0,5
Anne-Michelle,0,5,5
Anne-Nicole,0,5,5
Anne-Renske,0,5,5
Anne-Rie,0,5,5
Anne-rieke,0,5,5
Anne-Saar,0,5,5
Anne-Sterre,0,5,5
Anne-wil,0,5,5
Anne-Willemijn,0,5,5
Annea,0,5,5
Anneberthe,0,5,5
Annedine,0,5,5
Annegé,0,5,5
Annegreth,0,5,5
Annelaure,0,5,5
Annelientje,0,5,5
Anneliet,0,5,5
Annelique,0,5,5
Annelyke,0,5,5
Annemariken,0,5,5
Annemarit,0,5,5
Annemartine,0,5,5
Annemij,0,5,5
Annerein,0,5,5
Annerijn,0,5,5
Annerita,0,5,5
Annete,0,5,5
Annewietske,0,5,5
Annida,0,5,5
Anniel,5,0,5
Annigchien,0,5,5
Annouar,5,0,5
Anoeskadebie,0,5,5
Anoopkumar,5,0,5
Anouka,0,5,5
Anouschca,0,5,5
Anrita,0,5,5
Ansell,5,0,5
Anselmina,0,5,5
Anshela,0,5,5
Ansia,0,5,5
Ansjelina,0,5,5
Anso,5,0,5
Antalle,0,5,5
Anthera,0,5,5
Anthia,0,5,5
Anthimia,0,5,5
Antoinius,5,0,5
Antoniana,0,5,5
Antoniëlla,0,5,5
Antoonius,5,0,5
Antwiwaah,0,5,5
Anucha,3,3,6
Anum,0,5,5
Anwaar,3,3,6
Anyes,0,5,5
Aoleon,3,3,6
Aonne,5,0,5
Aouab,5,0,5
Aoun,5,0,5
Apdul,5,0,5
Apolonus,5,0,5
Appia,3,3,6
Appy,3,3,6
Aqib,5,0,5
Aquamarijn,3,3,6
Aquil,5,0,5
Aquilinus,5,0,5
Aquilles,5,0,5
Araash,5,0,5
Aracely,0,5,5
Araksi,0,5,5
Arancia,0,5,5
Arantza,0,5,5
Arany,3,3,6
Aranya,0,5,5
Arasch,5,0,5
Araújo,3,3,6
Aravind,3,3,6
Arbia,0,5,5
Arbnor,5,0,5
Arcenia,0,5,5
Archiel,3,3,6
Archiño,5,0,5
Archna,0,5,5
Ardacan,5,0,5
Ardalan,5,0,5
Ardıl,5,0,5
Ardis,0,5,5
Ardita,0,5,5
Arduin,5,0,5
Aref,3,3,6
Arejan,5,0,5
Areka,0,5,5
Arella,0,5,5
Arely,0,5,5
Arelys,0,5,5
Arendiene,0,5,5
Arendienis,5,0,5
Arens,5,0,5
Arentinus,5,0,5
Aresinus,5,0,5
Arezki,5,0,5
Arezoe,0,5,5
Ariande,0,5,5
Ariantje,0,5,5
Arias,5,0,5
Ariba,0,5,5
Ariet,0,5,5
Ariëta,0,5,5
Arijane,0,5,5
Arije,3,3,6
Arijen,5,0,5
Arijette,0,5,5
Arinie,0,5,5
Arino,5,0,5
Arinzechukwu,3,3,6
Arisja,0,5,5
Aristea,0,5,5
Aristos,5,0,5
Aristote,5,0,5
Arjanto,5,0,5
Arjén,5,0,5
Arjeta,0,5,5
Arjuno,5,0,5
Arjunsingh,5,0,5
Arlynn,0,5,5
Armada,3,3,6
Armah,5,0,5
Armanie,3,3,6
Armanio,5,0,5
Armèl,3,3,6
Armén,5,0,5
Arménio,5,0,5
Arminia,0,5,5
Arnaz,3,3,6
Arnee,3,3,6
Arnée,0,5,5
Arnell,5,0,5
Arnelle,3,3,6
Arnesta,0,5,5
Arnet,0,5,5
Arnique,3,3,6
Arnish,5,0,5
Arnita,0,5,5
Arnoldini,0,5,5
Arnoldis,3,3,6
Arnost,5,0,5
Arnou,5,0,5
Arnoud-Jan,5,0,5
Aroenkumar,5,0,5
Arosa,0,5,5
Arouna,3,3,6
Arpine,0,5,5
Arrabella,0,5,5
Arren,5,0,5
Arresje,0,5,5
Arriette,0,5,5
Arse,5,0,5
Arshak,5,0,5
Arshay,5,0,5
Arsjaad,5,0,5
Arslaan,5,0,5
Arther,5,0,5
Artien,5,0,5
Artjena,0,5,5
Artür,5,0,5
Arunesh,5,0,5
Arunkoemar,5,0,5
Arva,0,5,5
Arwed,5,0,5
Ary-Jan,5,0,5
Aryam,0,5,5
Aryenne,0,5,5
Aryon,3,3,6
Asael,3,3,6
Asafa,3,3,6
Aschelina,0,5,5
Aschwien,5,0,5
Aseda,3,3,6
Asgher,3,3,6
Ashany,0,5,5
Ashay,5,0,5
Ashik,5,0,5
Ashique,5,0,5
Ashis,5,0,5
Ashita,3,3,6
Ashmie,0,5,5
Ashraya,0,5,5
Ashry,3,3,6
Ashu,3,3,6
Ashwienkoemar,5,0,5
Asib,5,0,5
Asieduaa,0,5,5
Asiena,0,5,5
Asier,5,0,5
Asır,5,0,5
Asjraf,5,0,5
Aska,3,3,6
Askari,5,0,5
Asko,5,0,5
Aslınur,0,5,5
Asmah,0,5,5
Asman,3,3,6
Asmarah,0,5,5
Assella,3,3,6
Assma,0,5,5
Assuntina,0,5,5
Astoria,0,5,5
Asuka,0,5,5
Ataberk,5,0,5
Atanacio,5,0,5
Atanas,5,0,5
Ate-Jan,5,0,5
Athal,5,0,5
Atharv,5,0,5
Athra,0,5,5
Atıf,5,0,5
Atillâ,5,0,5
Ating,5,0,5
Atiyah,3,3,6
Atle,5,0,5
Atnan,5,0,5
Atticus,5,0,5
Audomarus,5,0,5
Audreij,0,5,5
Audrianna,0,5,5
Aurellio,5,0,5
Auric,5,0,5
Aurilio,5,0,5
Auris,3,3,6
Avalin,0,5,5
Avanaisa,0,5,5
Avanti,0,5,5
Avanya,0,5,5
Avélie,0,5,5
Averey,3,3,6
Avey,0,5,5
Aviëlla,0,5,5
Avigal,3,3,6
Aviola,0,5,5
Avis,0,5,5
Avithal,0,5,5
Awatef,0,5,5
Awes,3,3,6
Awny,3,3,6
Awwab,5,0,5
Axell,3,3,6
Ayada,0,5,5
Ayal,3,3,6
Ayanah,0,5,5
Aybeniz,0,5,5
Ayçe,0,5,5
Aydeen,3,3,6
Aydoğan,5,0,5
Ayelen,3,3,6
Ayenne,0,5,5
Ayessa,0,5,5
Ayi,5,0,5
Aylmer,5,0,5
Aymeé,0,5,5
Ayni,3,3,6
Aynoa,3,3,6
Ayob,3,3,6
Ayoni,3,3,6
Ayrten,5,0,5
Aysan,0,5,5
Ayşegul,0,5,5
Ayşenaz,0,5,5
Aysia,0,5,5
Aysin,0,5,5
Ayur,3,3,6
Ayvaz,5,0,5
Aywan,5,0,5
Az-Zahra,0,5,5
Azade,0,5,5
Azal,3,3,6
Azaryah,3,3,6
Azfar,5,0,5
Azhara,0,5,5
Aziena,0,5,5
Azine,3,3,6
Azmy,3,3,6
Azor,3,3,6
Azuera,0,5,5
Azwera,0,5,5
Azzam,5,0,5
Aachtje,0,3,3
Aadan,3,0,3
Aadarsh,3,0,3
Aafco,3,0,3
Aagt,3,3,6
AAJ,3,3,6
Aal,3,3,6
Aalart,3,0,3
Aalbart,3,0,3
Aalbertse,3,0,3
Aalderick,3,0,3
Aalebertus,3,0,3
Aali,3,3,6
Aaliah,0,3,3
Aalisha,0,3,3
Aalkina,0,3,3
Aaltiene,0,3,3
Aalyda,0,3,3
Aanke,0,3,3
Aar,3,0,3
Aarani,0,3,3
Aardse,3,0,3
Aardt,3,0,3
Aareke,0,3,3
Aarigje,0,3,3
Aarin,3,3,6
Aarno,3,0,3
Aarnouda,0,3,3
Aarnt,3,0,3
Aarsen,3,0,3
Aart-Pieter,3,0,3
Aart-Willem,3,0,3
Aartidevi,0,3,3
Aarzo,0,3,3
Aarzoo,0,3,3
Aassim,3,0,3
Aatke,0,3,3
Aava,3,3,6
Aayush,3,0,3
Abaas,3,0,3
Abakar,3,3,6
Abbygaël,0,3,3
Abbygale,0,3,3
Abdala,3,0,3
Abdel-Aziz,3,3,6
Abdel-Hamid,3,3,6
Abdel-Ilah,3,0,3
Abdelahad,3,0,3
Abdelamin,3,0,3
Abdelkabir,3,0,3
Abdelmeguid,3,0,3
Abdelouadoud,3,0,3
Abdelouakil,3,0,3
Abdelwadoud,3,0,3
Abderahim,3,0,3
Abderrahmen,3,3,6
Abdia,0,3,3
Abdiladif,3,0,3
Abdillah,3,0,3
Abdirahiim,3,0,3
Abdisamed,3,0,3
Abdouallah,3,0,3
Abdoulahi,3,0,3
Abdousalam,3,0,3
Abdrahim,3,3,6
Abdu-Illah,3,3,6
Abdul-Aziz,3,0,3
Abdul-Rahman,3,0,3
Abdulhak,3,0,3
Abdulhaza,3,3,6
Abdulkhadir,3,3,6
Abdulmajid,3,0,3
Abdulnasir,3,3,6
Abdulqaadir,3,3,6
Abdulrasak,3,0,3
Abdulsamad,3,0,3
Abdürrahim,3,0,3
Abé,3,3,6
Abenezer,3,0,3
Aberta,0,3,3
Abhijit,3,0,3
Abhiraj,3,0,3
Abiba,0,3,3
Abibatu,0,3,3
Abidine,3,0,3
Abier,0,3,3
Abigayl,0,3,3
Abiha,0,3,3
Abimaël,3,3,6
Abimael,3,0,3
Abimanyu,3,0,3
Abimbola,3,3,6
Abinash,3,0,3
Abisaël,0,3,3
Abisai,3,3,6
Abishek,3,0,3
Abiy,3,3,6
Aboed,3,0,3
Abora,0,3,3
Aborah,3,3,6
Abraam,3,0,3
Abramdina,0,3,3
Abriana,0,3,3
Abrish,0,3,3
Abygaël,0,3,3
Acar,3,0,3
Acelynn,0,3,3
Acey,3,3,6
Achnita,0,3,3
Acia,0,3,3
Aconia,0,3,3
Adai,3,0,3
Adair,3,3,6
Adaleida,0,3,3
Adalgisa,0,3,3
Adaliah,3,3,6
Adalicia,0,3,3
Adán,3,0,3
Adani,3,3,6
Adannaya,0,3,3
Adanne,0,3,3
Adarshini,0,3,3
Adauctha,0,3,3
Adauctus,3,0,3
Adaugo,0,3,3
Adáya,0,3,3
Adebisi,3,3,6
Adeda,3,3,6
Adeeb,3,3,6
Adèl,3,3,6
Adeleidis,3,3,6
Adelheidis,0,3,3
Adélia,0,3,3
Adelicia,0,3,3
Adelide,0,3,3
Adélie,0,3,3
Adelise,0,3,3
Adelitha,0,3,3
Adeltrude,0,3,3
Adèm,3,0,3
Adeniyi,3,0,3
Adeona,3,3,6
Adessa,0,3,3
Adetayo,0,3,3
Adetola,3,3,6
Adewunmi,3,3,6
Adeyinka,3,3,6
Adhanom,3,0,3
Adhi,3,0,3
Adien,3,0,3
Adilio,3,0,3
Adindah,0,3,3
Adir,3,0,3
Adisha,0,3,3
Adison,3,0,3
Adiza,0,3,3
Adjaisingh,3,0,3
Adjana,0,3,3
Adjied,3,0,3
Adlan,3,0,3
Adley,3,3,6
Adli,3,3,6
Adnen,3,0,3
Adofo,3,3,6
Adolfius,3,0,3
Adomina,0,3,3
Adonijah,3,3,6
Adoree,0,3,3
Adorine,3,3,6
Adraste,0,3,3
Adrea,0,3,3
Adrean,3,0,3
Adri-Janne,0,3,3
Adriaane,0,3,3
Adriaans,3,0,3
Adrieanne,0,3,3
Adriejanne,0,3,3
Adriek,3,3,6
Adrieke,0,3,3
Adriella,0,3,3
Adrienn,0,3,3
Adrijanne,0,3,3
Adryon,3,0,3
Adua,0,3,3
Adula,0,3,3
Adunni,0,3,3
Adze,3,0,3
Aector,3,0,3
Aegide,3,3,6
Aeijolt,3,0,3
Aelina,0,3,3
Aelinn,0,3,3
Aelredus,3,0,3
Aemil,3,0,3
Aepril,0,3,3
Aeva,0,3,3
Aevi,0,3,3
Afaaf,0,3,3
Afafe,0,3,3
Afanaïsa,0,3,3
Afaq,3,3,6
Afari,3,3,6
Afenaisa,0,3,3
Affia,0,3,3
Affiena,0,3,3
Afientje,0,3,3
Afiriyie,3,3,6
Afran,3,0,3
Afre,3,3,6
Afridi,3,3,6
Afrifa,3,3,6
Afrinanda,0,3,3
Afsa,0,3,3
Ağa,3,0,3
Agacia,0,3,3
Agah,3,0,3
Aganeta,0,3,3
Aganita,0,3,3
Agapieta,3,3,6
Aggeliki,0,3,3
Aggi,3,3,6
Agidius,3,0,3
AGJ,3,3,6
Aglae,0,3,3
Agneska,0,3,3
Agnéta,0,3,3
Agnétha,0,3,3
Agnezia,0,3,3
Agnieke,0,3,3
Agnite,0,3,3
Agnola,0,3,3
Agren,0,3,3
Agrin,3,0,3
Agripina,0,3,3
Agyeiwaah,0,3,3
Ahil,3,0,3
Ahmadi,3,0,3
Ahman,3,0,3
Ahmedin,3,3,6
Ahnaf,3,0,3
Ahyan,3,0,3
Ahzaab,3,0,3
Aiana,0,3,3
Aiba,0,3,3
Aidann,3,0,3
Aide,0,3,3
Aidoo,3,3,6
Aidrian,3,0,3
Aigbekaen,3,0,3
Aije,3,3,6
Aijeldina,0,3,3
Aikelien,0,3,3
Ailan,3,3,6
Ailco,3,0,3
Aildert,3,0,3
Aileana,0,3,3
Ailje,3,0,3
Ailka,0,3,3
Aimèe,0,3,3
Aímee,0,3,3
Aimée-Sophie,0,3,3
Aini,0,3,3
Airies,3,3,6
Aisatou,0,3,3
Aísha,0,3,3
Aisina,0,3,3
Aiswarya,0,3,3
Aite,3,3,6
Aithel,3,0,3
Aivie,0,3,3
Ajaykoemar,3,0,3
Ajeet,3,0,3
Ajeng,3,3,6
Aji,3,3,6
Ajlina,0,3,3
Ajolt,3,0,3
Ajoni,3,3,6
Ajub,3,0,3
Ajuub,3,0,3
Akad,3,0,3
Akalina,0,3,3
Akam,3,0,3
Akaya,0,3,3
Akbulut,3,3,6
Akel,3,3,6
Akesha,0,3,3
Akiena,0,3,3
Akila,3,3,6
Akilah,0,3,3
Akino,3,0,3
Aklilu,3,3,6
Akoni,3,3,6
Akpan,3,3,6
Akrasi,3,3,6
Aksaykumar,3,0,3
Akshat,3,0,3
Aktan,3,0,3
Aktje,0,3,3
al-Din,3,0,3
Alacoque,0,3,3
Alaeldin,3,3,6
Alagonia,0,3,3
Alah,3,3,6
Alandra,0,3,3
Alandus,3,0,3
Alanza,0,3,3
Alberdiene,0,3,3
Albert-Jaap,3,0,3
Albert-Jelle,3,0,3
Alberthy,0,3,3
Albertson,3,0,3
Albertsz,3,0,3
Albette,0,3,3
Albulena,0,3,3
Alcon,3,0,3
Alcyone,0,3,3
Aldana,3,3,6
Alder,3,3,6
Aldericus,3,0,3
Aldert-Jan,3,0,3
Alderta,0,3,3
Alderts,3,0,3
Aldien,3,3,6
Aldon,3,0,3
Aldonse,0,3,3
Aldous,3,0,3
Aldy,3,3,6
Aleaya,0,3,3
Aleeah,0,3,3
Aleen,0,3,3
Aleesa,0,3,3
Alegondus,3,0,3
Alegra,3,3,6
Aleidius,3,0,3
Aleister,3,3,6
Aléjandra,0,3,3
Aleksan,3,0,3
Aleksija,0,3,3
Alèna,0,3,3
Alene,0,3,3
Alenzo,3,0,3
Alessandre,3,3,6
Alessya,0,3,3
Alesya,0,3,3
Aleth,3,3,6
Aletheia,0,3,3
Alex-Jan,3,0,3
Alexanda,0,3,3
Alexandrius,3,0,3
Alexeï,3,0,3
Alexía,0,3,3
Alfares,3,0,3
Alfatih,3,0,3
Alfer,3,0,3
Alfia,0,3,3
Alfredine,0,3,3
Algar,3,0,3
Algère,3,3,6
Algidia,0,3,3
Alheit,0,3,3
Ali-Reza,3,0,3
Aliandro,3,0,3
Alicayos,3,3,6
Alicé,0,3,3
Alido,3,0,3
Alidy,0,3,3
Aliejanne,0,3,3
Aliëna,0,3,3
Aliesja,0,3,3
Aliex,0,3,3
Alieza,0,3,3
Alijan,0,3,3
Alijt,0,3,3
Alinne,0,3,3
Alinoë,0,3,3
Alisdair,3,0,3
Alişer,3,0,3
Alisette,0,3,3
Alishka,0,3,3
Alisio,3,0,3
Alithia,0,3,3
Alito,3,0,3
Alivio,3,3,6
Aliyan,3,0,3
ALJ,3,3,6
Aljon,3,0,3
Aljona,0,3,3
Alkim,3,0,3
All,3,0,3
Allannah,0,3,3
Allaya,0,3,3
Allebartus,3,0,3
Allegiena,0,3,3
Alles,3,3,6
Allesio,3,0,3
Allexander,3,0,3
Alliana,0,3,3
Allianne,0,3,3
Alloynius,3,0,3
Allyce,0,3,3
Allyne,3,3,6
Almaaz,0,3,3
Almo,3,3,6
Aloe,0,3,3
Alofina,0,3,3
Aloin,3,0,3
Aloisio,3,0,3
Alone,0,3,3
Aloois,3,0,3
Alouïsius,3,0,3
Alowisius,3,3,6
Alperhan,3,0,3
Alpertunga,3,0,3
Alphina,0,3,3
Alphoncus,3,0,3
Alphonsisca,0,3,3
Alpieter,3,0,3
Alptug,3,0,3
Alrashied,3,0,3
Alsina,0,3,3
Alson,3,0,3
Altagracio,3,0,3
Altair,3,0,3
Altea,0,3,3
Altun,0,3,3
Alturo,3,0,3
Aluisio,3,0,3
Alvairo,3,0,3
Alvega,3,3,6
Alveiro,3,0,3
Alvilda,0,3,3
Alyadua,0,3,3
Alychia,0,3,3
Alyeska,0,3,3
Alynde,0,3,3
Alyss,0,3,3
Alyssah,0,3,3
Alyx,0,3,3
Alzate,3,3,6
Amaara,0,3,3
Amacia,0,3,3
Amadeüs,3,0,3
Amahl,3,0,3
Amaida,0,3,3
Amaila,0,3,3
Amairo,3,0,3
Amalrik,3,0,3
Amandi,3,3,6
Amanj,3,0,3
Amanja,0,3,3
Amanzo,3,0,3
Amarchand,3,0,3
Amarencia,0,3,3
Amarillio,3,0,3
Amarinthe,0,3,3
Amario,3,0,3
Amary,0,3,3
Amas,0,3,3
Amay,0,3,3
Amayi,0,3,3
Amazia,3,3,6
Amazigh,3,0,3
Ambereen,0,3,3
Amberien,0,3,3
Ambrocio,3,0,3
Ambrozius,3,0,3
Ambrus,3,0,3
Amdy,3,0,3
Ameenah,0,3,3
Ameeta,0,3,3
Ameetkumar,3,0,3
Ameike,0,3,3
Amél,0,3,3
Amèle,0,3,3
Amelis,3,0,3
Amèll,0,3,3
Amelrik,3,3,6
Amelus,3,0,3
Amenah,0,3,3
Amende,0,3,3
Amerentie,0,3,3
Ameria,0,3,3
Amerieka,0,3,3
Amersingh,3,0,3
Amethist,3,3,6
Ameyaw,3,3,6
Amged,3,0,3
Amí,3,3,6
Amiah,0,3,3
Amica,0,3,3
Amideus,3,0,3
Amilio,3,0,3
Amilyn,0,3,3
Amitai,3,0,3
Ammagina,0,3,3
Ammans,3,0,3
Ammechiena,0,3,3
Ammely,3,3,6
Amoene,0,3,3
Amorena,0,3,3
Ampharo,0,3,3
Ampofowaa,0,3,3
Ampong,3,0,3
Amren,3,3,6
Amreshkumar,3,0,3
Amriesh,3,0,3
Amrik,3,0,3
Amrishkoemar,3,0,3
Amritkumar,3,0,3
Amritpersad,3,0,3
Amritsingh,3,0,3
Amsel,3,3,6
Amstel,3,0,3
AMT,0,3,3
Amy-Ann,0,3,3
Amy-Louise,0,3,3
Amylie,0,3,3
Ana-Sofia,0,3,3
Anai,3,3,6
Anaida,0,3,3
Anandita,0,3,3
Anandsingh,3,0,3
Anansa,0,3,3
Anaru,3,0,3
Anasia,0,3,3
Anastasía,0,3,3
Anastasie,0,3,3
Anastassia,0,3,3
Anastassios,3,0,3
Anatasha,0,3,3
Anayra,0,3,3
Anaysha,0,3,3
Ancellina,0,3,3
Anchelina,0,3,3
Anchelo,3,0,3
Anchita,0,3,3
Ancille,0,3,3
Ancillina,0,3,3
Andante,3,3,6
Andé,3,3,6
Andelia,0,3,3
Andia,0,3,3
Andile,3,0,3
Andjanadevi,0,3,3
Andjel,3,3,6
Andju,0,3,3
Andleeb,0,3,3
Andon,3,0,3
Andonia,3,3,6
Andorus,3,0,3
Andràs,3,0,3
Andrèa,3,3,6
Andrëas,3,0,3
Andrèas,3,0,3
Andrees,3,0,3
Andreína,0,3,3
Andrejevna,0,3,3
Andreos,3,0,3
Andreüs,3,0,3
Andrez,3,0,3
Andrèz,3,3,6
Andriea,0,3,3
Andriessiena,0,3,3
Andriezina,0,3,3
Andrijs,3,0,3
Andrike,0,3,3
Andwele,3,3,6
Ané,3,3,6
Anecetus,3,0,3
Anecke,0,3,3
Aneel,3,0,3
Aneeqa,0,3,3
Anelle,0,3,3
Anemari,0,3,3
Anemarie,3,3,6
Anémone,0,3,3
Anend,3,0,3
Anetje,0,3,3
Anferney,3,0,3
Angêla,0,3,3
Angelberta,0,3,3
Angelea,0,3,3
Angeletta,0,3,3
Angéli,0,3,3
Angéligue,0,3,3
Angelik,0,3,3
Angelikus,3,3,6
Angèlina,0,3,3
Angèline,0,3,3
Angéliqua,0,3,3
Angelisha,0,3,3
Angelius,3,0,3
Angellica,0,3,3
Angelyne,0,3,3
Angenesa,0,3,3
Angeney,3,3,6
Angeny,0,3,3
Angga,3,0,3
Angi,0,3,3
Angiolino,3,0,3
Anglia,0,3,3
Anglus,3,0,3
Angnetta,0,3,3
Angso,3,0,3
Aniano,3,0,3
Aniéla,0,3,3
Aniëlka,0,3,3
Aniella,0,3,3
Aniello,3,0,3
Aniesh,3,0,3
Animesh,3,0,3
Anino,3,0,3
Anjalika,0,3,3
Anjalina,0,3,3
Anjanadevi,0,3,3
Anjany,0,3,3
Anjel,3,3,6
Anjelika,0,3,3
Anjenetta,0,3,3
Anjeta,0,3,3
Anjeza,0,3,3
Anjoe,3,3,6
Anjolein,0,3,3
Anjolie,0,3,3
Anjos,3,3,6
Anjouska,0,3,3
Anjuna,0,3,3
Ankica,0,3,3
Ankit,3,0,3
Ankla,0,3,3
Ann-Britt,0,3,3
Anna-Floor,0,3,3
Anna-Geertje,0,3,3
Anna-Gré,0,3,3
Anna-Jolie,0,3,3
Anna-Julie,0,3,3
Anna-Karina,0,3,3
Anna-Livia,0,3,3
Anna-Loes,0,3,3
Anna-Maaike,0,3,3
Anna-Mieke,0,3,3
Anna-Paula,0,3,3
Anna-Paulina,0,3,3
Anna-Renske,0,3,3
Anna-Sarah,0,3,3
Annaberthe,0,3,3
Annaelle,0,3,3
Annafrieda,0,3,3
Annaleigh,0,3,3
Annaline,0,3,3
Annamara,0,3,3
Annamarina,0,3,3
Annamien,0,3,3
Annamoon,0,3,3
Annapurna,0,3,3
Annarie,0,3,3
Annastasius,3,0,3
Anne-Baukje,0,3,3
Anne-Beau,0,3,3
Anne-Bente,0,3,3
Anne-Bert,3,3,6
Anne-Brecht,0,3,3
Anne-Carina,0,3,3
Anne-Cecile,0,3,3
Anne-Christina,3,3,6
Anne-Femke,0,3,3
Anne-Flore,0,3,3
Anne-Frouk,0,3,3
Anne-Grietje,0,3,3
Anne-Jetske,0,3,3
Anne-Julia,0,3,3
Anne-Karen,0,3,3
Anne-Karina,0,3,3
Anne-Kay,0,3,3
Anne-Lène,0,3,3
Anne-Lin,0,3,3
Anne-Lous,0,3,3
Anne-Lyn,0,3,3
Anne-Marèl,0,3,3
Anne-Margaretha,3,3,6
Anne-Marijne,0,3,3
Anne-Marith,0,3,3
Anne-Marloes,0,3,3
Anne-Marte,0,3,3
Anne-Marth,0,3,3
Anne-Mayke,0,3,3
Anne-Merije,0,3,3
Anne-Merle,0,3,3
Anne-Mies,0,3,3
Anne-Milou,0,3,3
Anne-Monique,0,3,3
Anne-Peter,3,3,6
Anne-Petra,0,3,3
Anne-Pieter,3,0,3
Anne-Sien,0,3,3
Anne-Tjitske,0,3,3
Annebep,0,3,3
Annechienna,0,3,3
Annefieke,0,3,3
Annegretha,0,3,3
Annekarlijn,0,3,3
Anneké,3,3,6
Annekim,0,3,3
Annelaine,0,3,3
Anneleentje,0,3,3
Anneleid,0,3,3
Annelèn,0,3,3
Annelet,0,3,3
Annelette,0,3,3
Annelienke,0,3,3
Anneliesbeth,0,3,3
Anneloesje,0,3,3
Annelsa,0,3,3
Annelyse,0,3,3
Annemara,0,3,3
Annemarein,0,3,3
Annemarita,0,3,3
Annemartijn,3,3,6
Annemaryke,0,3,3
Annemat,0,3,3
Annemaud,0,3,3
Annemiene,0,3,3
Annemina,0,3,3
Annenynke,0,3,3
Annephine,0,3,3
Anneri,0,3,3
Annerieka,0,3,3
Annerien,0,3,3
Annestacia,0,3,3
Annestatia,0,3,3
Annewiek,0,3,3
Annewiesje,0,3,3
Annia,0,3,3
Annibale,3,0,3
Annic,0,3,3
Annieca,0,3,3
Annienke,0,3,3
Annietha,0,3,3
Annige,0,3,3
Annisius,3,0,3
Annoeradha,0,3,3
Anoeck,0,3,3
Anoes,0,3,3
Anokye,3,3,6
Anona,0,3,3
Anoosh,3,3,6
Anothai,3,3,6
Anoucha,0,3,3
Anour,3,3,6
Anousch,3,3,6
Anşa,0,3,3
Ansari,3,0,3
Ansche,3,0,3
Anscho,3,0,3
Ansela,0,3,3
Ansfrid,3,3,6
Anshu,3,3,6
Anshul,3,0,3
Ansjela,0,3,3
Anskjen,0,3,3
Ansumana,3,0,3
Antaeus,3,0,3
Antheus,3,0,3
Anthina,0,3,3
Anthomina,0,3,3
Anthonetha,0,3,3
Anthonië,3,3,6
Anthonieke,0,3,3
Anthonique,3,3,6
Antia,0,3,3
Antienna,0,3,3
Antigoné,0,3,3
Antigonus,3,0,3
Antijn,3,3,6
Antillia,0,3,3
Antino,3,0,3
Antioco,3,0,3
Antjenette,3,3,6
Antoïne,3,3,6
Antoinia,0,3,3
Antoiniek,3,3,6
Antoinina,0,3,3
Antoinita,0,3,3
Antoiny,3,3,6
Antolina,0,3,3
Antonell,3,3,6
Antonetti,0,3,3
Antonias,3,3,6
Antonien,3,3,6
Antoniëta,0,3,3
Antonijo,3,0,3
Antonijus,3,0,3
Antonilia,0,3,3
Antonuis,3,0,3
Antrisha,0,3,3
Antunes,3,3,6
Antwanet,0,3,3
Antwanetta,3,3,6
Antwiwaa,0,3,3
Anuchka,0,3,3
Anunciata,3,3,6
Anuoluwapo,3,3,6
Anupama,0,3,3
Anura,3,3,6
Anuradhadevi,0,3,3
Anushan,3,0,3
Anvi,0,3,3
Anyka,0,3,3
Anzar,3,3,6
Anzella,0,3,3
Anđelina,0,3,3
Anđelo,3,0,3
Aodhán,3,0,3
Aone,3,0,3
Aotearoa,3,3,6
Aouktje,0,3,3
Apaulonia,0,3,3
Apdil,3,0,3
Apolinar,3,0,3
Apolinia,0,3,3
Apollonus,3,0,3
Apostolia,0,3,3
Appolina,3,3,6
Apryl,0,3,3
Aqeela,0,3,3
Aqua,3,3,6
Araam,3,0,3
Aradhiya,0,3,3
Arain,3,3,6
Aramintha,0,3,3
Aranette,0,3,3
Arantis,3,0,3
Arbab,3,0,3
Arcelio,3,0,3
Arcella,0,3,3
Archan,3,0,3
Archangelus,3,0,3
Archel,3,0,3
Archini,0,3,3
Archinio,3,0,3
Ardash,3,3,6
Ardea,3,3,6
Ardeshir,3,0,3
Ardiënne,0,3,3
Ardijan,3,0,3
Ardinia,0,3,3
Ardjuno,3,0,3
Arduino,3,0,3
Areadne,0,3,3
Arefe,3,3,6
Arelua,0,3,3
Arena,0,3,3
Arencius,3,0,3
Arènde,0,3,3
Arendt,3,0,3
Arenne,0,3,3
Arès,3,0,3
Areti,0,3,3
Arex,3,3,6
Argentino,3,0,3
Argento,3,0,3
Argjend,3,0,3
Argyle,3,0,3
Arhaan,3,0,3
Arhin,3,3,6
Arí,3,3,6
Ariadni,0,3,3
Arianit,3,0,3
Ariany,0,3,3
Ariati,0,3,3
Aribert,3,0,3
Aric,3,0,3
Arice,3,3,6
Arie-Anne,3,3,6
Arie-Dirk,3,0,3
Arie-Jacob,3,0,3
Arieëtte,0,3,3
Ariejaantje,0,3,3
Ariejon,0,3,3
Arièn,3,3,6
Ariène,0,3,3
Arienna,0,3,3
Ariesa,0,3,3
Ariesse,3,0,3
Arîn,0,3,3
Arirawé,3,0,3
Ariwan,3,0,3
Ariyanti,0,3,3
Arjéh,3,0,3
Arjella,0,3,3
Arjelle,3,3,6
Arjèn,3,3,6
Arjens,3,0,3
Arkana,3,3,6
Arkasha,0,3,3
Arkenbout,3,0,3
Arland,3,0,3
Arlanda,0,3,3
Arléne,0,3,3
Arleth,0,3,3
Arletty,0,3,3
Arliss,3,3,6
Arlissa,0,3,3
Armilla,0,3,3
Armus,3,0,3
Arnanda,0,3,3
Arnar,3,0,3
Arneau,3,3,6
Arnelcia,0,3,3
Arnfeldt,3,3,6
Arnfinn,3,0,3
Arnic,3,3,6
Arniek,3,3,6
Arnoldy,0,3,3
Arnolt,3,0,3
Arnouth,3,0,3
Arnstina,0,3,3
Arodi,3,0,3
Arón,3,0,3
Aronne,0,3,3
Aros,3,3,6
Arozo,0,3,3
Arquiles,3,0,3
Arquilles,3,0,3
Arresina,0,3,3
Arristina,0,3,3
Arrold,3,0,3
Arsan,3,0,3
Arselina,0,3,3
Arséne,3,0,3
Arseni,3,0,3
Arsenius,3,0,3
Arseniy,3,0,3
Arshdeep,3,3,6
Arshya,3,3,6
Artak,3,0,3
Artashes,3,0,3
Artemio,3,0,3
Artiola,0,3,3
Artorius,3,0,3
Artse,3,0,3
Artyom,3,0,3
Aru,3,3,6
Arūnas,3,0,3
Arvit,3,0,3
Arwand,3,0,3
Arween,3,3,6
Arwiend,3,0,3
Aryn,3,3,6
Arzi,0,3,3
Asabea,0,3,3
Asam,3,0,3
Asantewah,0,3,3
Ascanius,3,3,6
Aschja,0,3,3
Aschwinn,3,0,3
Asenath,0,3,3
Asensio,3,0,3
Ashalina,0,3,3
Ashaniya,0,3,3
Ashara,0,3,3
Ashari,3,3,6
Ashby,3,3,6
Ashely,0,3,3
Ashena,0,3,3
Ashesh,3,0,3
Ashford,3,3,6
Ashiesh,3,0,3
Ashley-Ann,0,3,3
Ashrani,0,3,3
Ashruf,3,0,3
Ashti,0,3,3
Ashvant,3,0,3
Ashvina,0,3,3
Ashwanie,3,3,6
Ashwariya,0,3,3
Ashweta,0,3,3
Ashwinkoemar,3,0,3
Ashya,3,3,6
Ashyra,0,3,3
Asibey,3,3,6
Asiedua,0,3,3
Asienke,0,3,3
Asimina,3,3,6
Asinto,3,0,3
Asira,0,3,3
Asiri,3,3,6
Asjad,3,0,3
Askar,3,0,3
Asmâa,0,3,3
Asmahane,0,3,3
Asmaya,0,3,3
Asmerom,3,3,6
Asoka,3,0,3
Asrafali,3,0,3
Asrar,0,3,3
Assa,0,3,3
Assal,0,3,3
Assed,3,0,3
Asselinus,3,0,3
Assiatou,0,3,3
Assie,3,3,6
Assu,3,0,3
Assueer,3,0,3
Assuérus,3,0,3
Asten,3,3,6
Astia,0,3,3
Astorias,3,3,6
Astuti,0,3,3
Asumah,3,3,6
Asuming,3,0,3
Asyah,0,3,3
Atalya,0,3,3
Atarah,3,3,6
Ataul,3,0,3
Atdhe,3,0,3
Ateke,0,3,3
Atenasius,3,0,3
Athaleyah,0,3,3
Athaliah,0,3,3
Athalya,0,3,3
Athe,3,0,3
Athea,3,3,6
Athman,3,0,3
Athy,0,3,3
Atife,0,3,3
Atilhan,3,0,3
Atinah,0,3,3
Atlin,3,0,3
Atmaram,3,0,3
Atswei,0,3,3
Attal,3,0,3
Attelina,0,3,3
Atya,0,3,3
Atzema,3,0,3
Atzo,3,0,3
Auckjen,0,3,3
Auda,3,3,6
Audomara,0,3,3
Audulphus,3,0,3
Augubertha,0,3,3
Augulius,3,0,3
Augustyn,3,0,3
Auguus,3,0,3
Aukea,0,3,3
Aukeliena,0,3,3
Aulona,0,3,3
Aung,3,3,6
Aureli,3,3,6
Aurelina,0,3,3
Auria,0,3,3
Aurobindo,3,0,3
Autar,3,0,3
Auxiliatrix,3,3,6
Avaina,0,3,3
Avaneesh,3,0,3
Avanshika,0,3,3
Avay,0,3,3
Avdi,3,0,3
Aventinus,3,0,3
Avianne,3,3,6
Avinashpersad,3,0,3
Avinay,3,0,3
Avinish,3,0,3
Avishkar,3,0,3
Avith,3,0,3
Aviyah,0,3,3
Avleen,0,3,3
Avory,3,0,3
Avyan,3,0,3
Awadh,3,3,6
Awat,3,3,6
Awedis,3,0,3
Awena,3,3,6
Awet,3,3,6
Awienash,3,0,3
Awista,3,3,6
Ayaah,0,3,3
Ayansh,3,0,3
Aydon,3,0,3
Aydrian,3,0,3
Ayenna,0,3,3
Ayise,0,3,3
Aylah,0,3,3
Aylar,0,3,3
Aylén,3,3,6
Ayling,0,3,3
Ayma,0,3,3
Aymie,0,3,3
Aymon,3,0,3
Aymone,0,3,3
Aynaz,0,3,3
Ayrien,0,3,3
Ayscha,0,3,3
Ayshani,0,3,3
Ayssar,3,0,3
Aytac,3,0,3
Ayuna,3,3,6
Ayyoeb,3,0,3
Ayyüce,0,3,3
Azania,0,3,3
Azara,0,3,3
Azarel,3,0,3
Azari,3,3,6
Azemina,0,3,3
Azia,0,3,3
Azizcan,3,0,3
Azmina,0,3,3
Azora,0,3,3
Azriel,3,3,6
Azuëra,0,3,3
Azzahra,0,3,3
Aabe,3,0,3
Aabir,0,3,3
Aaden,3,0,3
Aafelien,0,3,3
Aaffinus,3,0,3
Aafiya,0,3,3
Aafkeliena,0,3,3
Aafkeline,0,3,3
Aafreen,0,3,3
Aaftaab,3,0,3
Aagash,3,0,3
Aaja,0,3,3
Aak,3,3,6
Aakaash,3,0,3
Aake,3,0,3
Aaldertina,0,3,3
Aaldertine,0,3,3
Aalet,0,3,3
Aalinus,3,0,3
Aaliyaah,0,3,3
Aaliyha,0,3,3
Aaltius,3,0,3
Aaltke,0,3,3
Aaltsen,3,0,3
Aaltzen,3,0,3
Aalve,3,0,3
Aalya,0,3,3
Aamira,0,3,3
Aaralyn,3,3,6
Aard-Jan,3,0,3
Aarda,0,3,3
Aarent,3,0,3
Aarifah,0,3,3
Aariyan,3,0,3
Aarne,3,0,3
Aarnoudina,0,3,3
Aartiedebie,0,3,3
Aartinus,3,0,3
Aarttina,0,3,3
Aarty,0,3,3
Aasha,0,3,3
Aashni,0,3,3
Aashutosh,3,0,3
Aasma,0,3,3
Aasta,0,3,3
Aatos,3,0,3
Aayke,3,3,6
Ab-Jan,3,0,3
Abadi,3,0,3
Abakoula,3,3,6
Abankwa,3,3,6
Abanop,3,0,3
Abarna,0,3,3
Abasin,3,0,3
Abay,3,0,3
Abbey-May,0,3,3
Abbou,3,0,3
Abboud,3,3,6
Abbygael,0,3,3
Abco,3,0,3
Abda,3,3,6
Abdal,3,0,3
Abdalah,3,3,6
Abdale,3,3,6
Abdall,3,3,6
Abdallaah,3,0,3
Abdalle,3,0,3
Abdalo,3,3,6
Abdel-Amir,3,3,6
Abdelaal,3,3,6
Abdelaaziz,3,0,3
Abdelah,3,0,3
Abdelatief,3,0,3
Abdelbar,3,0,3
Abdelhafiz,3,3,6
Abdelhamed,3,0,3
Abdelhassib,3,0,3
Abdeljabar,3,3,6
Abdelkariem,3,0,3
Abdelkerim,3,0,3
Abdellatief,3,0,3
Abdellouahid,3,0,3
Abdelmatine,3,0,3
Abdelmoneim,3,3,6
Abdelmouhaïmin,3,0,3
Abdelnasser,3,0,3
Abdelraouf,3,3,6
Abdelwakil,3,0,3
Abdennasser,3,0,3
Abdiasiis,3,3,6
Abdibasid,3,0,3
Abdiël,3,0,3
Abdigaadir,3,3,6
Abdihakin,3,0,3
Abdijabar,3,0,3
Abdikafi,3,0,3
Abdikarin,3,3,6
Abdikhadar,3,0,3
Abdiladiif,3,0,3
Abdimajid,3,0,3
Abdiqadir,3,3,6
Abdirachid,3,0,3
Abdiramahman,3,0,3
Abdirasaq,3,3,6
Abdirashiid,3,3,6
Abdirazaq,3,3,6
Abdiwahaab,3,3,6
Abdiwali,3,0,3
Abdoe,3,0,3
Abdoelaziz,3,0,3
Abdoelkadir,3,0,3
Abdoer,3,0,3
Abdoerahman,3,0,3
Abdoerrahmaan,3,0,3
Abdol,3,0,3
Abdolkader,3,3,6
Abdoulai,3,0,3
Abdourahamane,3,0,3
Abdul-Jabbar,3,0,3
Abdul-Rahim,3,0,3
Abdülbaki,3,0,3
Abdule,3,3,6
Abdulgani,3,0,3
Abdulhay,3,0,3
Abdull,3,0,3
Abdulmetin,3,0,3
Abdulrauf,3,0,3
Abdulrazaq,3,3,6
Abdulrehman,3,0,3
Abdultif,3,0,3
Abdumalik,3,0,3
Abdur-Rahman,3,0,3
Abdussamad,3,0,3
Abdusselam,3,0,3
Abduwahid,3,3,6
Abebrese,3,3,6
Abeke,0,3,3
Abelard,3,0,3
Abelone,0,3,3
Abem,3,3,6
Abera,0,3,3
Abhi,3,0,3
Abhilash,3,0,3
Abhilasha,0,3,3
Abhinav,3,0,3
Abi-Gail,0,3,3
Abichael,0,3,3
Abidah,0,3,3
Abieda,0,3,3
Abiedagatoen,0,3,3
Abieyuwa,0,3,3
Abigaëlle,0,3,3
Abigáil,0,3,3
Abigaila,0,3,3
Abinaja,0,3,3
Abiquel,0,3,3
Abira,0,3,3
Abishai,3,3,6
Abisola,0,3,3
Abitha,0,3,3
Abiya,0,3,3
Ablahad,3,0,3
ABM,0,3,3
Aboebakr,3,0,3
Abondio,3,0,3
Abosede,0,3,3
Aboubaker,3,0,3
Abrada,0,3,3
Abrahams,3,0,3
Abrahem,3,0,3
Abramien,0,3,3
Abrammine,0,3,3
Abramo,3,0,3
Abran,3,0,3
Abrigaël,3,3,6
Abron,3,0,3
Absolom,3,0,3
Abtien,3,0,3
Abubacar,3,0,3
Abubacarr,3,0,3
Abubakarr,3,0,3
Abundio,3,0,3
Abya,0,3,3
Abygaïl,0,3,3
Acco,3,0,3
Accursius,3,0,3
Acentia,0,3,3
Acharius,3,0,3
Achaz,3,0,3
Acheampomaa,0,3,3
Achelina,0,3,3
Achiena,0,3,3
Achu,3,3,6
Acoya,3,0,3
Acquaah,3,3,6
Acsa,0,3,3
Adabelle,0,3,3
Adagbasa,3,3,6
Adájah,0,3,3
Adalaida,0,3,3
Adalard,3,3,6
Adalena,0,3,3
Adalgard,0,3,3
Adalynn,0,3,3
Adame,3,0,3
Adanma,0,3,3
Adão,3,0,3
Adarkwa,3,3,6
Adassa,0,3,3
Adco,3,0,3
Addien,3,0,3
Addine,3,3,6
Adeal,3,3,6
Adebowale,3,0,3
Adedoyin,0,3,3
Adeen,0,3,3
Adelaert,3,0,3
Adelarda,0,3,3
Adelbertina,0,3,3
Adelea,3,3,6
Adelein,3,3,6
Adelet,0,3,3
Adelharde,0,3,3
Adelies,0,3,3
Adelijne,0,3,3
Adelind,0,3,3
Adéline,0,3,3
Adelline,0,3,3
Adelphina,0,3,3
Adeltruda,0,3,3
Adelwald,3,0,3
Adelwina,0,3,3
Adely,0,3,3
Adesina,0,3,3
Adesola,0,3,3
Adetunji,3,0,3
Adetutu,0,3,3
Adeva,0,3,3
Adewei,0,3,3
Adewumi,3,0,3
Adhara,0,3,3
Adhitya,3,3,6
Adigüzel,3,0,3
Adija,0,3,3
Adika,3,3,6
Adilah,3,3,6
Adilhan,3,0,3
Adille,3,3,6
Adilsa,0,3,3
Adinata,3,0,3
Adinne,3,3,6
Aditri,0,3,3
Aditye,3,0,3
Adiya,0,3,3
Adjany,3,3,6
Adjara,0,3,3
Adjaykumar,3,0,3
Adjiedj,3,0,3
Adjmal,3,0,3
Adjovi,0,3,3
Adjua,0,3,3
Adlaine,0,3,3
Admira,0,3,3
Admirabilis,0,3,3
Adolaria,0,3,3
Adolffina,0,3,3
Adolfhina,0,3,3
Adolfientje,0,3,3
Adolorata,0,3,3
Adolphia,0,3,3
Adolphien,0,3,3
Adolphinus,3,0,3
Adolphius,3,0,3
Adomaa,0,3,3
Adonaisa,0,3,3
Adoné,3,0,3
Adoni,3,0,3
Adonna,0,3,3
Adorján,3,0,3
Adré,3,0,3
Adreanna,0,3,3
Adriaanszn,3,0,3
Adrianette,0,3,3
Adriannes,3,0,3
Adriannus,3,0,3
Adrianto,3,0,3
Adrieanna,0,3,3
Adriëla,0,3,3
Adriëna,0,3,3
Adriénne,0,3,3
Adries,3,3,6
Adriët,0,3,3
Adrijaan,3,0,3
Adrike,0,3,3
Adryaen,3,0,3
Adryane,3,3,6
Aduard,3,0,3
Aducta,0,3,3
Adutwumwaa,0,3,3
Advay,3,0,3
Advidia,0,3,3
Advin,3,0,3
Adward,3,0,3
Adwil,3,3,6
Adwoah,0,3,3
Adwowa,0,3,3
Adyaan,3,3,6
Adyl,3,0,3
Adyuba,0,3,3
Adzy,0,3,3
Aedilia,0,3,3
Aedín,0,3,3
Aedse,3,0,3
Aedsgard,3,0,3
Aedske,0,3,3
Aedze,3,0,3
AEger,3,0,3
Aegid,3,0,3
Aeito,3,0,3
Aelani,0,3,3
Aelse,3,0,3
Aeltke,0,3,3
Aem,3,3,6
AEM,3,0,3
Aemelia,0,3,3
Aemilie,0,3,3
Aemillia,0,3,3
Aemillius,3,0,3
Aenny,0,3,3
Aerdt,3,0,3
Aernt,3,0,3
Aero,3,0,3
Aesa,0,3,3
Aeshaan,3,0,3
Aeya,0,3,3
Afan,3,0,3
Afat,3,0,3
Afer,3,3,6
Afet,0,3,3
Afewiorki,3,0,3
Affet,0,3,3
Affiba,0,3,3
Affion,3,0,3
Affrina,0,3,3
Affum,3,0,3
Afiefa,0,3,3
Afifah,0,3,3
Afifi,3,0,3
Afinaisa,0,3,3
Afita,0,3,3
Afitha,0,3,3
AFM,3,3,6
Afner,3,3,6
Afo,3,3,6
Afolabi,3,0,3
Afraaz,3,0,3
Afraisa,0,3,3
Afranius,3,0,3
Afrem,3,3,6
Afrodita,0,3,3
Afroza,0,3,3
Afsal,3,0,3
Afsoon,0,3,3
Aftar,3,0,3
Afza,0,3,3
Agafia,0,3,3
Agalina,0,3,3
Agamjot,3,3,6
Agapito,3,0,3
Agarda,0,3,3
Agassi,3,0,3
Agathangelus,3,0,3
Agathis,3,0,3
Agato,3,3,6
Agave,0,3,3
Agé,3,3,6
Ageliki,0,3,3
Ageline,0,3,3
Agenor,3,0,3
Agephitus,3,0,3
Agepitus,3,0,3
Ager,3,0,3
Agethe,0,3,3
Agethon,3,0,3
Agetina,0,3,3
Ageus,3,0,3
Aggeneza,0,3,3
Aggiena,0,3,3
Aggy,0,3,3
Agha,3,0,3
Agia,0,3,3
Agitha,3,3,6
Aglea,0,3,3
Agma,0,3,3
Agnaldo,3,0,3
Agneet,0,3,3
Agnesca,0,3,3
Agnetina,0,3,3
Agnheta,0,3,3
Agnietta,0,3,3
Agnisa,0,3,3
Agostini,3,0,3
Agra,0,3,3
Agrippa,3,3,6
Agrippina,0,3,3
Agu,3,3,6
Aguda,3,3,6
Agüero,3,0,3
Aguiar,3,3,6
Aguibou,3,0,3
Aguila,3,3,6
Aguiles,3,0,3
Agustine,3,3,6
Agyapong,3,0,3
Agyen,3,0,3
Agyepong,3,3,6
Agyin,3,3,6
Ahadeli,3,3,6
Ahamad,3,3,6
Ahasveros,3,0,3
Ahazueres,3,0,3
Ahelia,0,3,3
Ahir,3,0,3
Ahira,0,3,3
Ahlysia,0,3,3
Ahmednur,3,3,6
Ahmetemin,3,0,3
Ahmmad,3,0,3
Ahmmed,3,0,3
Ahsaan,3,0,3
Ahuva,0,3,3
Ahysha,0,3,3
Aiad,3,3,6
Aiah,3,3,6
Aiara,0,3,3
Aias,3,0,3
Aiat,0,3,3
Aibel,3,0,3
Aída,0,3,3
Aidê,0,3,3
Aidenn,3,3,6
Aidy,0,3,3
Aífe,0,3,3
Aigline,0,3,3
Aijoltdina,0,3,3
Aikins,3,0,3
Aïla,0,3,3
Aile,3,3,6
Ailean,0,3,3
Ailen,3,3,6
Ailena,0,3,3
Ailing,0,3,3
Ailleen,0,3,3
Ailson,3,0,3
Ailtje,0,3,3
Ailyne,0,3,3
Aim,3,3,6
Aimabel,3,3,6
Aimal,3,3,6
Aimè,3,3,6
Aimêe,0,3,3
Aimée-Lynn,0,3,3
Aimei,0,3,3
Aimélie,0,3,3
Aimn,3,3,6
Aimy-Lynn,0,3,3
Aïna,0,3,3
Aindilain,0,3,3
Aineias,3,0,3
Aingeal,0,3,3
Ainish,3,0,3
Ainley,3,0,3
Ainoah,3,3,6
Ainsleigh,3,3,6
Ainslie,3,3,6
Ainyahita,0,3,3
Airam,3,0,3
Airina,0,3,3
Airlie,0,3,3
Airyn,0,3,3
Aisagatoen,0,3,3
Aisatu,0,3,3
Aişenur,0,3,3
Aishagatoen,0,3,3
Aishana,0,3,3
Aishanidevi,0,3,3
Aishat,0,3,3
Aishelina,0,3,3
Aishia,0,3,3
Aishleen,0,3,3
Aishley,3,3,6
Aishlinn,0,3,3
Aïsia,0,3,3
Aisis,0,3,3
Aïsya,0,3,3
Aita,0,3,3
Aitel,3,0,3
Aitse,3,0,3
Aivar,3,0,3
Aivi,0,3,3
Aizen,3,0,3
Ajanta,3,3,6
Ajantha,3,3,6
Ajayi,3,0,3
Ajesha,0,3,3
Ajet,3,0,3
Ajilo,3,3,6
Ajman,3,0,3
Ajoe,0,3,3
Ajoep,3,0,3
Ajou,3,3,6
Ajoy,3,0,3
Ajubi,3,0,3
Aka,3,3,6
Akanksha,0,3,3
Akari,3,3,6
Akdamina,0,3,3
Akeesha,0,3,3
Akgün,3,0,3
Akhigbe,3,3,6
Akib,3,0,3
Akie,3,0,3
Akiel,3,0,3
Akife,0,3,3
Akili,3,3,6
Akinola,3,0,3
Akinolu,3,0,3
Akintunde,3,0,3
Akissi,0,3,3
Akkad,3,0,3
Akkelientje,0,3,3
Akkelijn,0,3,3
Akkemei,0,3,3
Akkinus,3,0,3
Akpene,3,3,6
Akronia,0,3,3
Akseli,3,0,3
Akshai,3,0,3
Akshajan,3,0,3
Akshana,0,3,3
Akshaye,3,0,3
Akthar,3,0,3
Akuah,0,3,3
Akulue,3,3,6
Akyea,0,3,3
Al-bashah,3,3,6
Al-Rashied,3,0,3
Alaâ,3,3,6
Alabi,3,3,6
Aladji,3,0,3
Alaert,3,3,6
Alafair,0,3,3
Alagonde,3,3,6
Alai,3,0,3
Alaïah,0,3,3
Alaide,0,3,3
Alaissa,0,3,3
Alaiyah,0,3,3
Alakay,3,0,3
Alamudi,0,3,3
Alang,3,3,6
Alanka,0,3,3
Alardina,0,3,3
Alarta,0,3,3
Alaso,3,3,6
Alaura,0,3,3
Alay,3,0,3
Alayne,0,3,3
Alayssa,0,3,3
Alazar,3,0,3
Alazne,0,3,3
Albany,3,3,6
Albardina,0,3,3
Alberika,0,3,3
Albers,3,0,3
Albert-Paul,3,0,3
Alberthilde,0,3,3
Alberthine,0,3,3
Albertienus,3,0,3
Albertinia,0,3,3
Albèrtje,0,3,3
Albertos,3,0,3
Albordina,0,3,3
Alborz,3,0,3
Albrand,3,0,3
Albrechtina,0,3,3
Albrechtus,3,0,3
Albric,3,3,6
Albright,0,3,3
Albrikus,3,0,3
Alcar,3,0,3
Alcedo,3,0,3
Alcino,3,0,3
Alcuinus,3,0,3
Aldegundus,3,3,6
Alderdine,0,3,3
Alderic,3,0,3
Alderich,3,0,3
Alderico,3,0,3
Alderika,0,3,3
Alderine,0,3,3
Aldijana,0,3,3
Aldimar,3,0,3
Aldred,3,0,3
Aldridge,3,0,3
Aldrina,0,3,3
Aleander,3,3,6
Alebert,3,0,3
Alefeta,0,3,3
Alegro,3,0,3
Aleha,0,3,3
Alehandra,0,3,3
Alehandro,3,0,3
Aleheri,0,3,3
Aleia,0,3,3
Aleis,3,3,6
Aleisa,0,3,3
Aleith,0,3,3
Aleiyah,0,3,3
Alejandria,0,3,3
Aleko,3,0,3
Aleksandro,3,0,3
Alekseyevna,0,3,3
Aleksia,0,3,3
Aléna,0,3,3
Alencio,3,0,3
Alénie,3,3,6
Alenis,0,3,3
Alero,0,3,3
Alesso,3,0,3
Aletje,0,3,3
Alettines,3,0,3
Alexander-Willem,3,0,3
Alexandrinus,3,0,3
Alexandrio,3,0,3
Alexandrovitch,3,0,3
Alexeij,3,0,3
Alexeyevna,0,3,3
Alexo,3,0,3
Alexsis,3,3,6
Alexya,0,3,3
Alexys,3,3,6
Alexzandra,0,3,3
Aleydia,0,3,3
Aleyt,0,3,3
Alfano,3,0,3
Alferius,3,0,3
Alfert,3,0,3
Alfeüs,3,0,3
Alfian,3,0,3
Alfiena,0,3,3
Alfino,3,0,3
Alfo,3,0,3
Alfon,3,0,3
Alfonz,3,0,3
Alfret,3,0,3
Algalil,3,0,3
Algert,3,0,3
Algin,3,0,3
Algretha,0,3,3
Alhadji,3,0,3
Alhard,3,0,3
Alhassane,3,0,3
Ali-Anne,0,3,3
Alía,0,3,3
Aliaa,0,3,3
Aliandra,0,3,3
Alic,3,0,3
Aliçan,3,0,3
Alicdag,3,3,6
Alicija,0,3,3
Alìda,0,3,3
Alidor,3,0,3
Alieka,0,3,3
Aliën,0,3,3
Alienka,0,3,3
Alientje,0,3,3
Aliesen,0,3,3
Aligonda,0,3,3
Aliha,0,3,3
Alihamza,3,0,3
Alihaydar,3,0,3
Alijanne,0,3,3
Alijne,0,3,3
Alimurtaza,3,3,6
Aling,3,0,3
Alinta,0,3,3
Alinya,0,3,3
Alion,3,0,3
Alipius,3,0,3
Alira,0,3,3
Alişa,0,3,3
Alisandro,3,0,3
Alisanne,0,3,3
Aliscia,0,3,3
Alishah,3,3,6
Alisiah,0,3,3
Alisiya,0,3,3
Alitia,0,3,3
Alixandra,0,3,3
Alixia,0,3,3
Aliy,3,0,3
Aliyane,0,3,3
Alizabeth,0,3,3
Aljanne,0,3,3
Aljerreau,3,0,3
Alkéa,0,3,3
Alkis,3,0,3
Alkkina,0,3,3
Allaa,3,3,6
Alladin,3,0,3
Allano,3,0,3
Allardes,3,0,3
Allaysa,0,3,3
Allegien,0,3,3
Allegond,3,3,6
Allegundus,3,0,3
Allejan,3,0,3
Allejandra,0,3,3
Allel,3,0,3
Aller,3,0,3
Allertdina,0,3,3
Allery,3,0,3
Allewijna,0,3,3
Allewise,3,3,6
Alley,3,3,6
Allide,3,3,6
Allieda,0,3,3
Allieke,0,3,3
Allischa,0,3,3
Allishia,0,3,3
Allisya,0,3,3
Allouisa,0,3,3
Alloysia,0,3,3
Allya,0,3,3
Allyanne,0,3,3
Allyda,0,3,3
Alm,3,3,6
Almamy,3,0,3
Almandine,0,3,3
Almanso,3,0,3
Almaro,3,0,3
Almay,0,3,3
Almedin,3,0,3
Almerinda,0,3,3
Almita,0,3,3
Almitra,0,3,3
Almond,3,3,6
Alnette,0,3,3
Aloes,0,3,3
Alouïse,0,3,3
Alousia,3,3,6
Alousius,3,0,3
Alouysia,0,3,3
Alovis,3,0,3
Aloyna,0,3,3
Aloysette,0,3,3
Aloysie,0,3,3
Aloyzia,0,3,3
Alpharo,3,0,3
Alpheus,3,0,3
Alphine,0,3,3
Alphoncius,3,0,3
Alqot,3,3,6
Alreda,3,3,6
Alro,3,0,3
Alsu,0,3,3
Altera,0,3,3
Althaea,0,3,3
Althur,3,0,3
Altjeline,0,3,3
Aludia,0,3,3
Alula,3,3,6
Alun,3,0,3
Alutshi,3,3,6
Aluzia,0,3,3
Alv,3,0,3
Alvan,3,0,3
Alvariz,3,0,3
Alváro,3,0,3
Alvarus,3,0,3
Alvayro,3,0,3
Alverio,3,0,3
Alvian,3,0,3
Alvine,0,3,3
Alvy,3,3,6
Alwalid,3,3,6
Alwiesa,0,3,3
Alwim,3,0,3
Alwiya,0,3,3
Alwy,3,0,3
Alydah,0,3,3
Alydes,3,0,3
Alyja,0,3,3
Alyonne,0,3,3
Alypia,0,3,3
Alypius,3,0,3
Alysja,0,3,3
Alyzah,0,3,3
Alyze,0,3,3
Alze,3,0,3
Ama-Latu,3,0,3
Amaa,3,3,6
Amaany,0,3,3
Amabella,0,3,3
Amacio,3,0,3
Amacora,3,0,3
Amadeu,3,0,3
Amadeusz,3,0,3
Amadin,3,3,6
Amadis,0,3,3
Amaily,0,3,3
Amairah,0,3,3
Amalberga,0,3,3
Amalda,0,3,3
Amaline,0,3,3
Amalius,3,0,3
Amâncio,3,0,3
Amandes,3,0,3
Amanjit,3,3,6
Amankumar,3,0,3
Amanto,3,0,3
Amanuela,0,3,3
Amanya,0,3,3
Amapola,0,3,3
Amaranto,3,0,3
Amarelis,0,3,3
Amarella,0,3,3
Amarena,0,3,3
Amarensi,0,3,3
Amarensje,0,3,3
Amarente,0,3,3
Amarilio,3,0,3
Amarilles,0,3,3
Amarillo,3,0,3
Amarina,0,3,3
Amarince,0,3,3
Amarincia,0,3,3
Amariska,0,3,3
Amaritta,0,3,3
Amarjot,3,0,3
Amarpreet,3,3,6
Amarraj,3,0,3
Amartya,3,0,3
Amarylla,0,3,3
Amasai,3,3,6
Amatha,0,3,3
Amator,3,3,6
Amatouallah,0,3,3
Amazone,0,3,3
Ambarien,0,3,3
Amber-Lee,0,3,3
Ambikapersad,3,0,3
Amboina,0,3,3
Ambrine,0,3,3
Ambros,3,0,3
Ambrosa,0,3,3
Ambrósio,3,0,3
Ambrosita,0,3,3
AMC,3,3,6
Améa,0,3,3
Ameina,0,3,3
Amelí,0,3,3
Amelié,0,3,3
Amélie-Sophie,0,3,3
Ameliek,0,3,3
Amellia,0,3,3
Amelly,0,3,3
Ameng,3,0,3
Amenthis,0,3,3
Amerentius,3,0,3
Américo,3,0,3
Amerinske,0,3,3
Amerintia,0,3,3
Amero,3,3,6
Amersing,3,0,3
Amerson,3,0,3
Amet,3,0,3
AMH,0,3,3
Amichand,3,0,3
Amick,3,3,6
Amido,3,0,3
Amiënsa,0,3,3
Amierkhan,3,0,3
Amietkumar,3,0,3
Amii,0,3,3
Amilcare,3,0,3
Amiliya,0,3,3
Amilton,3,0,3
Aminadab,3,0,3
Aminten,0,3,3
Amintha,0,3,3
Aminu,3,3,6
Amiranda,0,3,3
Amirouche,3,0,3
Amiruddin,3,0,3
Amis,3,3,6
Amitesh,3,0,3
Amitha,3,3,6
Amitris,0,3,3
Amittia,0,3,3
Amkea,0,3,3
Ammad,3,0,3
Ammanda,0,3,3
Ammanuël,3,0,3
Ammée,0,3,3
Ammel,0,3,3
Amne,0,3,3
Amneet,0,3,3
Amoafo,3,3,6
Amoakohene,3,3,6
Amofa,3,3,6
Amoi,0,3,3
Amorah,0,3,3
Amoria,0,3,3
Amoury,3,3,6
Ampara,0,3,3
Amponsaa,0,3,3
Amrafel,3,0,3
Amreeta,0,3,3
Amrei,3,3,6
Amrien,3,3,6
Amrika,3,0,3
Amrin,3,3,6
Amrisch,3,0,3
Amrishkumar,3,0,3
Amritraj,3,0,3
Amsal,3,3,6
Amstrong,3,0,3
Amtul,0,3,3
Amund,3,0,3
Amura,3,3,6
Amy-Jill,0,3,3
Amy-Leigh,0,3,3
Amy-lynn,0,3,3
Amylin,0,3,3
Amylinn,0,3,3
Amyn,3,0,3
Amysha,0,3,3
An-Marie,0,3,3
An-Sophie,0,3,3
Aña,0,3,3
Ana-Lucia,0,3,3
Anabelén,0,3,3
Anacaona,0,3,3
Anacherico,3,0,3
Anaé,0,3,3
Anagha,0,3,3
Anahisa,0,3,3
Anaïk,0,3,3
Anaika,0,3,3
Anaiya,0,3,3
Anakiz,0,3,3
Analy,0,3,3
Analynn,0,3,3
Anang,3,0,3
Anani,3,0,3
Anasha,0,3,3
Anashe,0,3,3
Anasja,0,3,3
Anastácio,3,3,6
Anastas,3,0,3
Anastasis,3,3,6
Anastasya,0,3,3
Anasthasius,3,0,3
Anath,0,3,3
Anatjie,0,3,3
Anatolius,3,0,3
Ance,0,3,3
Ancelina,0,3,3
Ancellinus,3,0,3
Anchala,0,3,3
Anchèle,0,3,3
Anchelica,0,3,3
Ancheline,0,3,3
Anchelita,0,3,3
Anchenette,0,3,3
Ancheny,0,3,3
Anchienus,3,0,3
Ancika,0,3,3
Ancy,3,3,6
Andain,3,3,6
Andalucia,0,3,3
Andalusia,0,3,3
Andaman,3,0,3
Andani,3,0,3
Andelko,3,0,3
Anderias,3,0,3
Andersson,3,0,3
Andij,3,0,3
Andjanadebie,0,3,3
Andjelka,0,3,3
Andjelko,3,0,3
Andjenidevi,0,3,3
Andjeniedebie,0,3,3
Andjeniedevi,0,3,3
Andjinie,0,3,3
Andjnie,0,3,3
Andoh,3,3,6
Andolini,3,0,3
Andonio,3,0,3
Andorina,0,3,3
Andorra,0,3,3
Andoyo,3,0,3
Andrêa,3,3,6
Andreëtte,0,3,3
Andreïna,0,3,3
Andreios,3,0,3
Andresia,0,3,3
Andressa,0,3,3
Andretti,3,0,3
Andrëus,3,0,3
Andréw,3,0,3
Andreya,3,3,6
Andriano,3,0,3
Andrica,0,3,3
Andricina,0,3,3
Andrico,3,0,3
Andries-Jan,3,0,3
Andriessien,0,3,3
Andriessina,0,3,3
Andrijna,0,3,3
Andrisina,0,3,3
Andriy,3,0,3
Andronicus,3,0,3
Andronikos,3,0,3
Androzina,0,3,3
Andryna,0,3,3
Anduena,0,3,3
Aneas,3,0,3
Anecita,0,3,3
Aneidé,0,3,3
Aneja,3,3,6
Anelie,0,3,3
Anelies,0,3,3
Aneo,3,0,3
Aner,3,0,3
Anestacia,0,3,3
Anestatia,0,3,3
Anestis,3,0,3
Anesu,0,3,3
Anettje,0,3,3
Aneya,0,3,3
Anfaal,0,3,3
Anfac,0,3,3
Anfisa,0,3,3
Angala,0,3,3
Angalina,0,3,3
Angana,0,3,3
Anganitha,0,3,3
Angeal,3,0,3
Angeladevie,0,3,3
Angelain,3,3,6
Angelano,3,0,3
Angelbertha,0,3,3
Angelé,0,3,3
Angelee,0,3,3
Angelet,0,3,3
Angeliano,3,0,3
Angelick,3,3,6
Angéliek,0,3,3
Angelieque,0,3,3
Angelies,0,3,3
Angelini,3,3,6
Angeliqeu,0,3,3
Angelisa,0,3,3
Angelite,3,3,6
Angelitha,0,3,3
Angeliya,0,3,3
Angélle,0,3,3
Angelley,0,3,3
Angelli,0,3,3
Angellysha,0,3,3
Angelotti,3,0,3
Angély,0,3,3
Angemar,3,0,3
Angenesia,0,3,3
Angenessa,0,3,3
Angenet,0,3,3
Angeniesa,0,3,3
Angenieske,0,3,3
Angénita,0,3,3
Angernis,0,3,3
Angey,0,3,3
Angganitha,0,3,3
Anggraeni,0,3,3
Anggun,0,3,3
Anghelita,0,3,3
Angiela,0,3,3
Angilica,0,3,3
Angilla,0,3,3
Angiolina,0,3,3
Angle,0,3,3
Angnes,3,3,6
Angnietje,0,3,3
Angrit,0,3,3
Anguel,3,0,3
Anha,0,3,3
Anhaar,0,3,3
Anı,0,3,3
Aniana,0,3,3
Aniane,0,3,3
Aníbal,3,0,3
Aniceto,3,0,3
Anicio,3,0,3
Anico,3,3,6
Anid,0,3,3
Anieljah,0,3,3
Anienke,0,3,3
Anieska,0,3,3
Aniket,3,0,3
Aniketh,3,0,3
Anikka,0,3,3
Anilson,3,0,3
Anilton,3,0,3
Anindita,0,3,3
Aninja,0,3,3
Aniparoy,0,3,3
Aniqa,0,3,3
Aniruddha,3,0,3
Anishaa,0,3,3
Anishya,0,3,3
Anisija,0,3,3
Aniso,0,3,3
Anit,3,3,6
Anitadebie,0,3,3
Anitsia,0,3,3
Anjala,0,3,3
Anjalee,0,3,3
Anjan,3,3,6
Anjanetta,0,3,3
Anjaniedevi,0,3,3
Anjanna,0,3,3
Anjèlica,0,3,3
Anjelies,0,3,3
Anjelita,0,3,3
Anjelle,0,3,3
Anjés,0,3,3
Anjilla,0,3,3
Anjli,0,3,3
Anjna,0,3,3
Anjolaoluwa,3,3,6
Anjolien,0,3,3
Anjolina,0,3,3
Anjoline,0,3,3
Anjou,3,3,6
Anjun,3,0,3
Ankara,0,3,3
Ankeliena,0,3,3
Ankur,3,0,3
Anlun,3,0,3
Ann-Mari,0,3,3
Anna-Barbara,0,3,3
Anna-Baukje,0,3,3
Anna-Beau,0,3,3
Anna-Beth,0,3,3
Anna-Bo,0,3,3
Anna-Carolina,0,3,3
Anna-Charlotte,0,3,3
Anna-Frouk,0,3,3
Anna-Greet,0,3,3
Anna-Helena,3,3,6
Anna-Isa,0,3,3
Anna-Jo,0,3,3
Anna-Johanna,0,3,3
Anna-Karin,0,3,3
Anna-Lin,0,3,3
Anna-Linn,0,3,3
Anna-Liv,0,3,3
Anna-Lize,0,3,3
Anna-Luna,0,3,3
Anna-mae,0,3,3
Anna-Magdalena,0,3,3
Anna-Marieke,0,3,3
Anna-Marit,0,3,3
Anna-Martha,0,3,3
Anna-Petra,0,3,3
Annabé,0,3,3
Annacletus,3,3,6
Annafloor,0,3,3
Annagiena,0,3,3
Annagonda,0,3,3
Annaïsa,0,3,3
Annaisa,0,3,3
Annaleida,0,3,3
Annalette,0,3,3
Annalieve,0,3,3
Annamargaretha,0,3,3
Annamargriet,0,3,3
Annanette,0,3,3
Annanya,0,3,3
Annarita,0,3,3
Annastasija,0,3,3
Annastazia,0,3,3
Annasthasia,0,3,3
Annatevka,0,3,3
Anne-Aimée,0,3,3
Anne-Benthe,0,3,3
Anne-Berthe,0,3,3
Anne-Bregje,0,3,3
Anne-Carine,0,3,3
Anne-Catharine,0,3,3
Anne-Cécile,0,3,3
Anne-Corine,0,3,3
Anne-Corinne,0,3,3
Anne-Dina,0,3,3
Anne-Dirkje,0,3,3
Anne-Elizabeth,0,3,3
Anne-Fee,0,3,3
Anne-Frieda,0,3,3
Anne-Ger,0,3,3
Anne-Gre,0,3,3
Anne-Greeth,0,3,3
Anne-Isabelle,0,3,3
Anne-Jacoba,0,3,3
Anne-Jean,3,3,6
Anne-Jeanne,3,3,6
Anne-Jette,0,3,3
Anne-Joël,3,3,6
Anne-Jolie,0,3,3
Anne-Joy,0,3,3
Anne-Klaas,3,0,3
Anne-Laurien,0,3,3
Anne-Lene,0,3,3
Anne-Li,0,3,3
Anne-Liesbeth,0,3,3
Anne-Liesje,0,3,3
Anne-linde,0,3,3
Anne-lise,0,3,3
Anne-Loïs,0,3,3
Anne-Lore,0,3,3
Anne-lotte,0,3,3
Anne-Maarten,3,0,3
Anne-Maj,0,3,3
Anne-Mara,0,3,3
Anne-Marc,3,0,3
Anne-Margje,0,3,3
Anne-Marianne,0,3,3
Anne-Mariken,0,3,3
Anne-Marina,0,3,3
Anne-Marlies,0,3,3
Anne-Marrie,0,3,3
Anne-Mart,0,3,3
Anne-Martha,0,3,3
Anne-Martien,0,3,3
Anne-Martijn,3,0,3
Anne-Marye,0,3,3
Anne-Mey,0,3,3
Anne-Meyke,0,3,3
Anne-Meyn,0,3,3
Anne-Michèle,0,3,3
Anne-miek,0,3,3
Anne-mieke,0,3,3
Anne-mien,0,3,3
Anne-Nynke,0,3,3
Anne-Paulien,0,3,3
Anne-Puck,0,3,3
Anne-Romee,0,3,3
Anne-Rosalie,0,3,3
Anne-Sarah,0,3,3
Anne-Sietske,0,3,3
Anne-Thérèse,0,3,3
Anne-Trude,0,3,3
Anne-Wim,3,0,3
Anneberber,0,3,3
Anneberta,0,3,3
Annebregt,0,3,3
Annebrit,0,3,3
Annecato,0,3,3
Annechje,0,3,3
Anneclaar,0,3,3
Anneclair,0,3,3
Annedora,0,3,3
Annefie,0,3,3
AnneFleur,0,3,3
Annegeer,0,3,3
Annegees,0,3,3
Annegre,0,3,3
Annegrete,0,3,3
Annegrid,0,3,3
Annejon,0,3,3
Annèl,0,3,3
Annelij,0,3,3
Anneliv,0,3,3
Annelja,0,3,3
Annellie,0,3,3
Anneloor,0,3,3
Annelouke,0,3,3
Annemarèl,0,3,3
Annemariet,0,3,3
Annemarleen,0,3,3
Annemarlies,0,3,3
Annemarrie,0,3,3
Annemeijn,0,3,3
Annemerle,0,3,3
Annemet,0,3,3
Annemeta,0,3,3
Annemia,0,3,3
Annemine,0,3,3
Annemirthe,0,3,3
Annemoniek,0,3,3
Annemyrthe,0,3,3
Annenel,0,3,3
Annenienke,0,3,3
Annenoor,0,3,3
Annepien,0,3,3
Annerigt,0,3,3
Annerique,0,3,3
Annervers,3,0,3
Annesaar,0,3,3
Annestien,0,3,3
Annetti,0,3,3
Annëus,3,0,3
Annewiep,0,3,3
Annewytske,0,3,3
Annias,3,0,3
Annibal,3,0,3
Annichtje,0,3,3
Annieque,0,3,3
Anniesa,0,3,3
Annikka,0,3,3
Annitha,0,3,3
Annoa,0,3,3
Annoah,0,3,3
Annoesca,0,3,3
Annoeschka,0,3,3
Annoh,3,3,6
Annou,0,3,3
Annousjka,0,3,3
Annuar,3,0,3
Annuncia,0,3,3
Annunzio,3,0,3
Annys,3,3,6
Ano,3,0,3
Anoar,3,0,3
Anoer,3,0,3
Anoerada,0,3,3
Anoescka,0,3,3
Anojan,3,0,3
Anola,0,3,3
Anolia,0,3,3
Anoor,0,3,3
Anoucka,0,3,3
Anoup,3,0,3
Anouradha,0,3,3
Anqelica,0,3,3
Anrique,3,3,6
Anroedh,3,0,3
Anroeth,3,0,3
Ansaf,3,3,6
Ansbald,3,0,3
Anschel,3,3,6
Ansella,0,3,3
Ansen,3,3,6
Ansfridis,3,3,6
Ansgarius,3,0,3
Ansha,0,3,3
Anshala,0,3,3
Anshana,0,3,3
Anshi,0,3,3
Ansila,0,3,3
Ansilla,0,3,3
Ansitruda,0,3,3
Ansjel,0,3,3
Ansjeliek,0,3,3
Ansjeliena,3,3,6
Anskar,3,0,3
Ansko,3,0,3
Answald,3,0,3
Answina,0,3,3
Ansy,0,3,3
Antalya,0,3,3
Antariksh,3,0,3
Antea,0,3,3
Antenette,0,3,3
Antera,0,3,3
Anteuna,0,3,3
Anteunet,0,3,3
Anthé,3,3,6
Anthelma,0,3,3
Anthones,3,0,3
Anthoniea,0,3,3
Anthonien,3,3,6
Anthonin,3,0,3
Anthonnette,0,3,3
Anthonyo,3,0,3
Anthoula,0,3,3
Anthusa,0,3,3
Antinna,0,3,3
Antione,3,3,6
Antionet,0,3,3
Antisha,0,3,3
Antjie,0,3,3
Antoina,0,3,3
Antoinel,3,3,6
Antoinetha,0,3,3
Antoinetthe,0,3,3
Antoinetti,0,3,3
Antoinine,0,3,3
Antolino,3,0,3
Antomina,0,3,3
Antonata,3,3,6
Antoneta,0,3,3
Antoneth,0,3,3
Antonettie,0,3,3
Antoney,3,0,3
Antônia,0,3,3
Antoniella,0,3,3
Antonies,3,0,3
Antonieus,3,0,3
Antonini,3,3,6
Antonío,3,0,3
Antonioni,3,0,3
Antoniou,3,0,3
Antonitta,0,3,3
Antonnia,0,3,3
Antonov,3,0,3
Antonyo,3,0,3
Antoonie,3,3,6
Antoonnette,0,3,3
Antoun,3,3,6
Antoynette,0,3,3
Antske,0,3,3
Antuan,3,0,3
Antwa,3,3,6
Anugerah,3,3,6
Anugrah,3,0,3
Anupa,0,3,3
Anupam,3,3,6
Anuraag,3,0,3
Anurada,0,3,3
Anuradhadebie,0,3,3
Anuragh,3,0,3
Anurak,3,0,3
Anurekha,0,3,3
Anusan,3,0,3
Anuscha,0,3,3
Anuskadebie,0,3,3
Anuskha,0,3,3
Anuszka,0,3,3
Anuya,0,3,3
Anwarhoesain,3,0,3
Anwesha,0,3,3
Anyanwu,3,3,6
Anyl,3,0,3
Anyu,3,3,6
Aoifa,0,3,3
Apallonia,0,3,3
Apellonia,0,3,3
Aphia,0,3,3
Apia,0,3,3
Apolien,0,3,3
Apolinaria,0,3,3
Apolinaris,3,3,6
Apollos,3,0,3
Apolonie,0,3,3
Apostel,3,0,3
Aprilia,0,3,3
Aprille,0,3,3
Aptul,3,0,3
Aquarius,3,0,3
Aquedo,3,0,3
Aquela,0,3,3
Aquilo,3,0,3
Aquinas,3,0,3
Aquine,0,3,3
Aracelis,0,3,3
Arada,0,3,3
Aradhanadevi,0,3,3
Aradhnadevi,0,3,3
Aragsan,0,3,3
Araik,3,0,3
Arakel,3,0,3
Arame,0,3,3
Arami,3,3,6
Aramide,0,3,3
Araminta,0,3,3
Arandina,0,3,3
Aranxta,0,3,3
Arap,3,0,3
Arati,0,3,3
Aray,3,3,6
Arbenita,0,3,3
Arbert,3,0,3
Arbie,3,3,6
Arbresha,0,3,3
Arcángel,3,0,3
Arcelia,0,3,3
Arcelina,0,3,3
Archad,3,0,3
Archeline,0,3,3
Archi,3,0,3
Archiano,3,0,3
Arciano,3,0,3
Ardèche,0,3,3
Ardel,3,0,3
Ardeline,0,3,3
Ardiana,0,3,3
Ardijana,0,3,3
Ardines,3,0,3
Ardiyanto,3,0,3
Ardjoeno,3,0,3
Ardrianus,3,0,3
Arduwan,3,3,6
Areana,0,3,3
Arecia,0,3,3
Aredina,0,3,3
Arelie,0,3,3
Arend-Michiel,3,0,3
Arendi,0,3,3
Arenka,0,3,3
Arensje,0,3,3
Arent-Jan,3,0,3
Arentjan,3,0,3
Arentus,3,0,3
Arenzo,3,0,3
Arestides,3,0,3
Areya,3,3,6
Arezina,0,3,3
Arfon,3,0,3
Argelia,0,3,3
Argenio,3,0,3
Argilio,3,0,3
Argina,0,3,3
Arginio,3,0,3
Argiris,3,0,3
Argje,0,3,3
Ariah,0,3,3
Arianah,0,3,3
Ariandi,3,3,6
Arianneke,0,3,3
Arianny,0,3,3
Arianty,0,3,3
Arica,0,3,3
Aricus,3,0,3
Arie-Cornelis,3,0,3
Arieane,0,3,3
Arieb,3,0,3
Arieen,3,0,3
Arieëne,0,3,3
Ariefa,0,3,3
Arieh,3,0,3
Ariejana,0,3,3
Ariejanna,0,3,3
Ariejette,0,3,3
Arienette,0,3,3
Ariës,3,0,3
Ariësta,0,3,3
Arifah,0,3,3
Arigia,0,3,3
Arijani,0,3,3
Arijanti,0,3,3
Arijono,3,0,3
Arikke,0,3,3
Arim,3,0,3
Arink,3,3,6
Arionne,0,3,3
Arios,3,0,3
Arisanti,0,3,3
Ariscus,3,0,3
Ariske,0,3,3
Arison,3,0,3
Aristina,0,3,3
Aritte,0,3,3
Ariv,3,0,3
Ariyani,0,3,3
Ariyano,3,0,3
Ariz,3,0,3
Arja-Corinne,3,3,6
Arjando,3,0,3
Arjanie,0,3,3
Arjanti,0,3,3
Arjanus,3,0,3
Arjati,0,3,3
Arjenneke,0,3,3
Arjetta,0,3,3
Arjîn,3,3,6
Arjoena,3,3,6
Arjoh,3,3,6
Arjonne,0,3,3
Arjos,3,0,3
Ark,3,0,3
Arka,3,0,3
Arkadij,3,0,3
Arkadyevna,0,3,3
Arkay,3,0,3
Arkelaus,3,0,3
Arkia,0,3,3
Arkın,3,0,3
Arkina,0,3,3
Arlé,3,0,3
Arlee,3,0,3
Arlenne,0,3,3
Arlete,0,3,3
Arlita,0,3,3
Armaankhan,3,0,3
Armain,3,0,3
Armalina,0,3,3
Armán,3,0,3
Armany,3,0,3
Armanzo,3,0,3
Armetta,0,3,3
Armia,3,0,3
Armido,0,3,3
Armila,0,3,3
Arminio,3,0,3
Arnage,3,3,6
Arnalda,0,3,3
Arnejan,3,0,3
Arnesius,3,0,3
Arneus,3,0,3
Arnik,3,0,3
Arno-Jan,3,0,3
Arnod,3,0,3
Arnodine,0,3,3
Arnoldie,3,3,6
Arnolle,3,0,3
Arnoudine,0,3,3
Arnoudszoon,3,0,3
Arnoudus,3,0,3
Arnwald,3,0,3
Aroboinosen,3,3,6
Arocha,0,3,3
Aroenadebi,0,3,3
Arola,3,3,6
Aroosh,0,3,3
Aroun,3,3,6
Arpàd,3,0,3
Arrahmane,3,0,3
Arrelin,3,3,6
Arrietty,0,3,3
Arroyo,3,0,3
Arsenious,3,0,3
Arshavin,3,0,3
Arshida,0,3,3
Arshin,3,3,6
Arshini,0,3,3
Arshna,0,3,3
Arsia,3,3,6
Arten,3,0,3
Arthan,3,0,3
Arthi,0,3,3
Arthure,0,3,3
Arthurine,0,3,3
Arthurius,3,0,3
Artigo,3,0,3
Artoer,3,0,3
Artois,3,3,6
Artona,0,3,3
Artos,3,0,3
Arttu,3,0,3
Artura,0,3,3
Arua,3,3,6
Arunadebi,0,3,3
Aruni,0,3,3
Arunya,0,3,3
Arveen,3,0,3
Arvil,3,0,3
Arvindkoemar,3,0,3
Arvith,3,0,3
Arwesh,3,0,3
Arwi,3,0,3
Arwie,3,3,6
Aryama,0,3,3
Aryantie,0,3,3
Aryaputra,3,0,3
Aryav,3,0,3
Aryda,0,3,3
Aryono,3,0,3
Aryun,3,0,3
Arzien,0,3,3
Arzou,0,3,3
Asaal,0,3,3
Asabi,3,3,6
Asabre,3,3,6
Asami,0,3,3
Asanka,3,3,6
Asano,3,0,3
Asantewa,0,3,3
Asantewaah,0,3,3
Asarela,0,3,3
Asbu,0,3,3
Ascharya,0,3,3
Aschwintha,0,3,3
Aseidu,3,0,3
Aselina,0,3,3
Aselya,0,3,3
Asemota,3,3,6
Asen,3,0,3
Aseyna,0,3,3
Ashad,3,0,3
Ashadevi,0,3,3
Ashanté,0,3,3
Ashanthi,0,3,3
Ashantly,3,3,6
Asheley,0,3,3
Ashen,3,0,3
Asherah,0,3,3
Ashfaaq,3,0,3
Ashi,0,3,3
Ashil,3,0,3
Ashisha,0,3,3
Ashley-Jane,0,3,3
Ashlynn-Skye,0,3,3
Ashlynne,0,3,3
Ashmar,3,0,3
Ashmay,0,3,3
Ashmee,0,3,3
Ashmeet,3,3,6
Ashmin,0,3,3
Ashnadevie,0,3,3
Ashnidevi,0,3,3
Ashokkoemar,3,0,3
Ashrina,0,3,3
Ashriya,0,3,3
Ashtin,3,3,6
Ashvinkumar,3,0,3
Ashweena,0,3,3
Ashwienkumar,3,0,3
Ashwind,3,0,3
Ashwinta,0,3,3
Ashwiny,3,3,6
Ashwyn,3,0,3
Asibor,3,3,6
Asieduah,0,3,3
Asifa,0,3,3
Asilay,0,3,3
Asilin,3,3,6
Asinat,0,3,3
Aşır,3,0,3
Asjelina,0,3,3
Asjera,0,3,3
Askim,3,3,6
Askja,3,3,6
Askon,3,0,3
Aslin,0,3,3
Asmaâ,0,3,3
Asmani,3,3,6
Asmat,3,3,6
Asmer,0,3,3
Asmie,0,3,3
Asmirah,0,3,3
Asne,0,3,3
Ason,3,0,3
Aspacia,0,3,3
Asperes,3,0,3
Asrah,0,3,3
Assaad,3,0,3
Assaf,3,0,3
Assan,3,0,3
Assana,0,3,3
Assane,3,0,3
Assata,0,3,3
Assel,0,3,3
Asselena,0,3,3
Asseliene,0,3,3
Assimenja,0,3,3
Assisia,0,3,3
Assmae,0,3,3
Asso,3,3,6
Assuerius,3,0,3
Asterix,3,0,3
Astha,0,3,3
Asther,0,3,3
Astie,0,3,3
Astri,0,3,3
Asturias,3,3,6
Asueer,3,0,3
Asura,3,3,6
Aswanie,3,3,6
Aswantie,0,3,3
Asween,3,0,3
Aswienkumar,3,0,3
Aswina,0,3,3
Aswinie,0,3,3
Aswinta,0,3,3
Aswyn,3,0,3
Asyanur,0,3,3
Asye,0,3,3
Atakora,3,3,6
Atalaya,3,3,6
Atalina,0,3,3
Atanacia,0,3,3
Atar,0,3,3
Ateeq,3,0,3
Athan,3,0,3
Athanassios,3,0,3
Athar,3,3,6
Athelia,0,3,3
Athir,3,3,6
Atiena,0,3,3
Atiesh,3,0,3
Atikah,0,3,3
Atilâ,3,0,3
Atilio,3,0,3
Atinç,3,0,3
Atiq,3,0,3
Atiqa,0,3,3
Atiqullah,3,0,3
Atir,3,0,3
Atira,3,3,6
Atkins,3,0,3
Atoe,3,3,6
Atoesa,0,3,3
Atom,3,0,3
Atonia,0,3,3
Atossa,0,3,3
Atour,3,3,6
Atrisa,0,3,3
Atruida,0,3,3
Atsie,3,3,6
Attica,0,3,3
Attiene,0,3,3
Attilia,0,3,3
Attlee,3,0,3
Atu,0,3,3
Aucilia,0,3,3
Auctje,0,3,3
Auden,3,0,3
Audery,0,3,3
Audette,0,3,3
Audine,0,3,3
Audny,0,3,3
Aufried,3,0,3
Augebertus,3,0,3
Augie,3,3,6
Augusthina,0,3,3
Augustini,0,3,3
Augustinia,0,3,3
Auké,3,0,3
Aukedina,0,3,3
Aukens,3,0,3
Aulon,3,0,3
Aumar,3,0,3
Auran,3,0,3
Aurèl,3,3,6
Aurele,0,3,3
Aurelea,0,3,3
Aurelian,3,0,3
Aurellia,0,3,3
Aurelya,0,3,3
Auren,3,3,6
Aurene,0,3,3
Aurianne,0,3,3
Aurica,0,3,3
Aurinia,0,3,3
Aurinka,0,3,3
Auryl,0,3,3
Ausilia,0,3,3
Autilia,0,3,3
Autum,3,3,6
Auxentia,0,3,3
Auxiliadora,0,3,3
Avalone,3,3,6
Avanaysa,0,3,3
Avanelle,0,3,3
Avangeline,0,3,3
Avania,0,3,3
Avayah,0,3,3
Avelieke,0,3,3
Avelijn,0,3,3
Avelinus,3,0,3
Avely,0,3,3
Avelyne,0,3,3
Avend,3,0,3
Averell,3,0,3
Averly,3,3,6
Avery-Rose,0,3,3
Aviba,0,3,3
Avidan,3,0,3
Aviella,0,3,3
Avienne,0,3,3
Avigaïl,0,3,3
Avighna,3,3,6
Avinasha,3,3,6
Avinka,0,3,3
Avirish,3,0,3
Avya,0,3,3
Avyanna,0,3,3
Avyn,3,3,6
AWA,3,3,6
Awale,3,3,6
Awantika,0,3,3
Awe,3,3,6
Aweeys,3,3,6
Awgin,3,0,3
Awi,3,0,3
Awid,3,3,6
Awiesh,3,0,3
Awisha,0,3,3
Awishka,0,3,3
AWM,3,3,6
Awrom,3,0,3
Axcel,3,0,3
Axinja,0,3,3
Axmed,3,0,3
Axon,3,0,3
Axzana,0,3,3
Aya-Noor,0,3,3
Aya-Nour,0,3,3
Aya-Sofia,0,3,3
Ayache,3,0,3
Ayaleh,3,3,6
Ayane,0,3,3
Ayanle,3,3,6
Ayar,3,0,3
Ayara,0,3,3
Ayash,3,0,3
Ayce,0,3,3
Ayçin,0,3,3
Aydah,0,3,3
Aydemir,3,0,3
Aydenn,3,0,3
Ayebi,3,0,3
Ayélé,0,3,3
Ayemere,3,3,6
Ayet,3,3,6
Ayeza,0,3,3
Ayfara,0,3,3
Aygul,0,3,3
Ayianna,0,3,3
Ayikwei,3,3,6
Ayippey,3,0,3
Ayischa,0,3,3
Ayişe,0,3,3
Aykiz,0,3,3
Ayle,0,3,3
Aylee,3,3,6
Aylisha,0,3,3
Aylissa,0,3,3
Aylon,3,3,6
Aylva,3,3,6
Aylyn,0,3,3
Aymaan,3,0,3
Aymae,0,3,3
Aymard,3,0,3
Ayme,3,3,6
Aymeline,0,3,3
Aymina,0,3,3
Ayn,0,3,3
Aynil,3,0,3
Aynisa,0,3,3
Ayobami,3,3,6
Ayomi,0,3,3
Ayon,3,3,6
Ayoob,3,3,6
Ayorkor,0,3,3
Ayper,3,3,6
Ayran,3,0,3
Ayreen,0,3,3
Ayres,3,3,6
Aysema,0,3,3
Ayshea,0,3,3
Ayshel,3,3,6
Ayshia,0,3,3
Aysso,3,0,3
Aysuda,0,3,3
Aythel,3,0,3
Aytunç,3,0,3
Ayusha,0,3,3
Ayze,3,0,3
Azachiel,3,0,3
Azahara,0,3,3
Azaliah,0,3,3
Azalja,3,3,6
Azanja,3,3,6
Azarias,3,0,3
Azda,3,3,6
Aze,3,3,6
Azedin,3,0,3
Azeza,0,3,3
Azief,3,0,3
Aziema,0,3,3
Azima,0,3,3
Azira,0,3,3
Azizagatoen,0,3,3
Azizhan,3,0,3
Azmara,0,3,3
Aznif,0,3,3
Azon,3,0,3
Azra-Nur,0,3,3
Azugbene,3,0,3
Azuka,3,3,6
Azzaro,3,0,3
Azzelarab,3,0,3
A'driyan,3,0,3
A-J,3,0,3
A-Kwie,3,0,3
A-Lien,3,0,3
Aabi,3,0,3
Aad-Jan,3,0,3
Aadarshini,0,3,3
Aadhira,0,3,3
Aadriana,0,3,3
Aadrianus,3,0,3
Aaffiene,0,3,3
Aaffientje,0,3,3
Aafiene,0,3,3
Aafkea,0,3,3
Aaftine,0,3,3
Aagbertus,3,0,3
Aagda,0,3,3
Aageta,0,3,3
Aagetta,0,3,3
Aagtelena,0,3,3
Aaik,3,0,3
Aaira,0,3,3
Aairah,0,3,3
Aaïsha,0,3,3
Aaishah,0,3,3
Aakesh,3,0,3
Aalaa,0,3,3
Aalaae,0,3,3
Aalae,3,3,6
Aalan,3,0,3
Aalbartje,0,3,3
Aalberdine,0,3,3
Aalbert-Jan,3,0,3
Aalberth,3,0,3
Aalbertinus,3,0,3
Aalco,3,0,3
Aalderdiena,0,3,3
Aaldiena,0,3,3
Aaldrianus,3,0,3
Aaldrick,3,0,3
Aaleayah,0,3,3
Aaleida,0,3,3
Aalert,3,0,3
Aaletta,0,3,3
Aalfiena,0,3,3
Aaliaa,0,3,3
Aalice,0,3,3
Aalicia,0,3,3
Aalien,0,3,3
Aaliha,0,3,3
Aalisiya,0,3,3
Aalliyah,0,3,3
Aalten,3,0,3
Aaltienes,3,0,3
Aamani,0,3,3
Aamier,3,0,3
Aamin,3,0,3
Aamish,3,0,3
Aamor,0,3,3
Aamr,3,0,3
Aanisa,0,3,3
Aanisah,0,3,3
Aanisha,0,3,3
Aanselma,3,0,3
Aaqilah,0,3,3
Aara,3,3,6
Aaradhiya,0,3,3
Aaraiz,3,0,3
Aarathi,0,3,3
Aardewinus,3,0,3
Aardinus,3,0,3
Aardriana,0,3,3
Aargje,0,3,3
Aarian,3,0,3
Aariana,0,3,3
Aarib,3,0,3
Aaric,3,0,3
Aarie,3,0,3
Aariëtte,0,3,3
Aarika,0,3,3
Aarion,3,0,3
Aarjaan,3,0,3
Aarjentje,0,3,3
Aarlina,0,3,3
Aarnaud,3,0,3
Aarnav,3,0,3
Aarnoudine,0,3,3
Aarnoutina,0,3,3
Aarön,3,0,3
Aart-George,3,0,3
Aarthy,0,3,3
Aartiedevi,0,3,3
Aartiënne,0,3,3
Aartio,3,0,3
Aartjanna,0,3,3
Aarts,3,0,3
Aartsen,3,0,3
Aarujan,3,0,3
Aaruthi,0,3,3
Aaryn,0,3,3
Aarzu,0,3,3
Aasa,0,3,3
Aashiana,0,3,3
Aashique,3,0,3
Aashiqui,3,3,6
Aashir,3,0,3
Aashvi,0,3,3
Aasiem,3,0,3
Aasif,3,0,3
Aasish,3,0,3
Aasna,0,3,3
Aassiyah,0,3,3
Aastha,0,3,3
Aat-Jan,3,0,3
Aatef,3,0,3
Aati,0,3,3
Aayaat,0,3,3
Aayansh,3,0,3
Aayesha,0,3,3
Aayushi,0,3,3
Abaadir,3,0,3
Abaan,3,0,3
Ababacar,3,0,3
Ababeel,0,3,3
Abaid,3,0,3
Abaidoo,3,3,6
Abaisa,3,0,3
Abakr,0,3,3
Aban,3,0,3
Abanoeb,3,0,3
Abarbara,0,3,3
Abaz,3,0,3
Abbaan,3,0,3
Abbasi,3,3,6
Abbeny,0,3,3
Abbigale,0,3,3
Abbinaya,0,3,3
Abbony,0,3,3
Abbott,3,0,3
Abby-Gaëlle,0,3,3
Abby-Gail,0,3,3
Abby-Lynn,0,3,3
Abby-May,0,3,3
Abbygaile,0,3,3
Abd-Ali,3,3,6
Abd-Alla,3,3,6
Abd-Elmoneam,0,3,3
Abdaal,0,3,3
Abdàl,3,0,3
Abdal-lah,0,3,3
Abdallatif,3,0,3
Abdalmanan,3,3,6
Abdechafi,3,0,3
Abdechahid,3,0,3
Abdek,3,0,3
Abdel-Ghany,0,3,3
Abdel-Illah,3,0,3
Abdel-Karim,3,0,3
Abdel-lah,3,3,6
Abdel-Rashid,3,0,3
Abdelatti,0,3,3
Abdelaziez,3,0,3
Abdelbakki,3,3,6
Abdelbari,3,0,3
Abdelbasit,3,0,3
Abdeldjalil,3,0,3
Abdelgader,3,0,3
Abdelgadir,3,0,3
Abdelhady,3,0,3
Abdelhafed,3,0,3
Abdelhakime,3,0,3
Abdelilahe,3,0,3
Abdelkadir,3,0,3
Abdelkafi,3,0,3
Abdelkamal,3,0,3
Abdelkhalak,3,0,3
Abdelkhalil,3,0,3
Abdellahi,3,0,3
Abdellaziz,3,0,3
Abdelmadjid,3,0,3
Abdelmajed,3,0,3
Abdelmonaïm,3,0,3
Abdelmonhim,3,0,3
Abdelmouhaimin,3,0,3
Abdelmouhaimine,3,0,3
Abdelmouiz,3,0,3
Abdelnaim,3,0,3
Abdelnur,0,3,3
Abdelrahiem,3,0,3
Abdelrahmane,3,0,3
Abdelrani,3,0,3
Abdelrazzak,3,0,3
Abdelslam,3,0,3
Abdeltif,3,0,3
Abdelwali,3,0,3
Abderahmane,3,0,3
Abderazak,3,0,3
Abderrafia,3,0,3
Abdessadak,3,0,3
Abdessafi,3,0,3
Abdessammad,3,0,3
Abdessatar,3,0,3
Abdesslam,3,0,3
Abdetouab,3,0,3
Abdiar,3,3,6
Abdiasis,3,0,3
Abdiazis,3,0,3
Abdikhaliq,3,0,3
Abdilaahi,3,0,3
Abdilah,3,0,3
Abdilfatah,3,0,3
Abdilkader,3,0,3
Abdillatif,0,3,3
Abdilmajid,3,0,3
Abdilnasser,3,3,6
Abdimajiid,3,0,3
Abdinaasir,3,0,3
Abdinasser,3,0,3
Abdinuur,3,3,6
Abdirahaman,3,0,3
Abdirahin,3,0,3
Abdirizaaq,3,0,3
Abdisalaa,3,3,6
Abdisalaam,3,0,3
Abdisalaan,3,0,3
Abdisayed,3,3,6
Abdiweli,3,0,3
Abdoelah,3,0,3
Abdoelrahman,3,0,3
Abdoelwadoed,3,0,3
Abdoelwahied,3,0,3
Abdoer-Rahmaan,3,0,3
Abdona,0,3,3
Abdorahim,3,0,3
Abdorahman,3,0,3
Abdorrahman,3,0,3
Abdoula,3,0,3
Abdoulhak,3,0,3
Abdoulie,3,0,3
Abdoulkarim,3,0,3
Abdoulmajid,3,0,3
Abdoulrahman,3,0,3
Abdourahim,3,0,3
Abdourahmane,3,0,3
Abdow,3,3,6
Abdsamad,3,0,3
Abdukader,3,3,6
Abdukadir,3,3,6
Abdul-Aziem,0,3,3
Abdul-Karim,3,0,3
Abdul-Khaliq,3,0,3
Abdul-Latif,3,0,3
Abdulalim,3,3,6
Abdulasis,0,3,3
Abdulatique,3,0,3
Abdulazeez,3,0,3
Abdulbari,3,0,3
Abdulbasit,3,0,3
Abdulgadir,3,0,3
Abdulhafiz,3,0,3
Abdulhaq,3,0,3
Abdülhey,3,0,3
Abdulhey,3,0,3
Abduljabbar,3,0,3
Abdulkareem,3,0,3
Abdulkariem,3,0,3
Abdulkazem,3,0,3
Abdulkereem,3,0,3
Abdulkhader,3,3,6
Abdullâh,3,0,3
Abdullai,3,0,3
Abdulmaalik,3,0,3
Abdulmadjied,3,0,3
Abdulmajied,3,0,3
Abdulmecid,3,0,3
Abdülmecit,3,0,3
Abdulmelik,3,0,3
Abdulmuhaymin,3,0,3
Abdulmuttalib,3,0,3
Abdulrezzak,3,0,3
Abdülsamet,3,0,3
Abdulvahap,3,0,3
Abdulvahit,3,0,3
Abdulwaahid,3,0,3
Abdulwadud,3,0,3
Abdulwahaab,3,0,3
Abduqadir,3,0,3
Abdur-Rahmaan,3,0,3
Abdurahmane,3,0,3
Abdurahmen,3,0,3
Abdurazik,3,0,3
Abdurraheem,3,0,3
Abdurrauf,3,0,3
Abduselam,3,0,3
Abdüssamet,3,0,3
Abe-Jan,3,0,3
Abebi,0,3,3
Abeda,0,3,3
Abedeen,3,0,3
Abedullah,3,0,3
Abeeha,0,3,3
Abegaël,0,3,3
Abeje,0,3,3
Abélard,3,0,3
Abeldientje,0,3,3
Abeldine,0,3,3
Abelike,0,3,3
Abelino,3,0,3
Abely,0,3,3
Aber,3,3,6
Aberdeen,3,3,6
Aberdine,0,3,3
Abermina,0,3,3
Abesamis,3,0,3
Abetta,0,3,3
Abey,0,3,3
Abgelina,0,3,3
Abha,0,3,3
Abhimaan,3,0,3
Abhiman,3,0,3
Abhinaya,3,3,6
Abhinesh,3,0,3
Abhisek,3,0,3
Abhisekh,3,0,3
Abhishay,3,0,3
Abiageal,0,3,3
Abiashie,3,3,6
Abiassi,3,3,6
Abichaël,0,3,3
Abideen,3,0,3
Abidemi,3,3,6
Abie,0,3,3
Abiëlle,0,3,3
Abiemwense,0,3,3
Abigahil,0,3,3
Abigel,0,3,3
Abigél,0,3,3
Abiikar,3,0,3
Abiir,0,3,3
Abijuru,3,3,6
Abilash,3,0,3
Abilene,0,3,3
Abinaash,3,0,3
Abinari,3,0,3
Abinath,3,0,3
Abinda,0,3,3
Abine,0,3,3
Abiram,3,0,3
Abisaï,3,0,3
Abisan,3,0,3
Abishan,3,0,3
Abishanth,3,0,3
Abishay,3,3,6
Abiyah,3,3,6
Abiye,3,0,3
Abjan,3,3,6
Abjathar,3,0,3
Abko,3,0,3
Ablavi,0,3,3
Able,3,0,3
Abma,3,3,6
Abne,3,0,3
Abnet,0,3,3
Abo-Elyazed,3,0,3
Aboagyewaa,0,3,3
Aboagyewaah,0,3,3
Aboe-bakr,3,0,3
Aboebaker,3,0,3
Abokar,3,0,3
Aboney,0,3,3
Abood,3,0,3
Abor,3,0,3
Abou-baker,3,0,3
Abou-Bakr,3,0,3
Abou-Hantsh,3,0,3
Aboubakker,3,0,3
Abouelmakarem,3,0,3
Abouelwafa,3,3,6
Abouhkim,3,3,6
Aboujihad,3,0,3
Aboukhalil,3,0,3
Abouseriea,3,3,6
Abousoufian,3,0,3
Aboutalib,3,0,3
Aboya,3,0,3
Abozar,3,0,3
Abradiena,0,3,3
Abraem,3,0,3
Abrafie,0,3,3
Abrahama,0,3,3
Abrahamsz,3,0,3
Abrama,0,3,3
Abrán,3,0,3
Abrandolina,0,3,3
Abrantes,3,3,6
Abri,3,3,6
Abrianne,0,3,3
Abrie,3,0,3
Abriël,3,3,6
Abrienne,0,3,3
Abrigelia,0,3,3
Abris,3,0,3
Abrohom,3,0,3
Absaar,3,0,3
Abu-Abieda,3,3,6
Abuaf,3,0,3
Abubakker,3,0,3
Abulfazel,3,0,3
Abulfazl,3,0,3
Abundius,3,0,3
Aby-Gail,0,3,3
Abygael,0,3,3
Abygaile,0,3,3
Abygale,0,3,3
ACA,3,3,6
Acácio,3,0,3
Acasius,3,0,3
ACE,0,3,3
Aceel,0,3,3
Acela,0,3,3
Acelin,3,0,3
Aceline,0,3,3
Acely,3,3,6
Acha,3,3,6
Achaia,0,3,3
Achanti,0,3,3
Achatia,0,3,3
Acheampongmaa,0,3,3
Achel,3,3,6
Acheraf,3,0,3
Achiaah,0,3,3
Achilaus,3,0,3
Achilea,0,3,3
Achina,0,3,3
Achior,3,0,3
Achira,3,3,6
Achlam,0,3,3
Achmet,3,0,3
Achna,0,3,3
Acho,3,0,3
Achoucha,0,3,3
Achour,3,0,3
Achoura,0,3,3
Achsah,0,3,3
Achtamar,0,3,3
Achwin,3,0,3
Aciano,3,0,3
Acila,0,3,3
Acina,0,3,3
Acke,3,3,6
Aco,3,0,3
Acolina,0,3,3
Acosta,3,3,6
Acronia,0,3,3
Acuña,3,3,6
Ad-din,3,0,3
Adaan,0,3,3
Adad,3,0,3
Adagio,3,0,3
Adaku,0,3,3
Adalaine,0,3,3
Adalbertha,0,3,3
Adaleen,0,3,3
Adaleid,0,3,3
Adalène,0,3,3
Adaleta,0,3,3
Adalgiza,0,3,3
Adalien,0,3,3
Adaliena,0,3,3
Adaliene,0,3,3
Adalies,0,3,3
Adalmar,3,0,3
Adaly,0,3,3
Adalyn,0,3,3
Adamah,3,0,3
Adamantios,3,0,3
Adamar,3,0,3
Adamas,3,0,3
Adamien,0,3,3
Adamszoon,3,0,3
Adaneta,0,3,3
Adanja,0,3,3
Adaro,3,0,3
Adarshi,3,0,3
Adaure,0,3,3
Adchayan,3,0,3
Addei,3,3,6
Adden,3,0,3
Addik,3,0,3
Addil,3,0,3
Addora,0,3,3
Addyson,3,3,6
Aded,3,0,3
Adedamola,3,3,6
Adeeba,0,3,3
Adeela,0,3,3
Adeetje,0,3,3
Adefemi,3,3,6
Adèhle,0,3,3
Adek,0,3,3
Adeke,0,3,3
Adekemi,0,3,3
Adelaart,3,0,3
Adélaide,0,3,3
Adelany,0,3,3
Adelay,3,0,3
Adelayda,0,3,3
Adelberthus,3,0,3
Adelberti,0,3,3
Adelburga,0,3,3
Adelcio,3,0,3
Adelco,3,0,3
Adelé,0,3,3
Adêle,0,3,3
Adeleïde,0,3,3
Adeleina,0,3,3
Adeleyde,0,3,3
Adelfia,0,3,3
Adelfried,3,0,3
Adelgund,0,3,3
Adelgundis,3,3,6
Adelgundus,3,3,6
Adelhardus,3,0,3
Adelheitha,0,3,3
Adelie,0,3,3
Adelieke,0,3,3
Adeliese,0,3,3
Adelis,0,3,3
Adelius,3,0,3
Adeliza,0,3,3
Adelize,0,3,3
Adelke,0,3,3
Adelma,3,3,6
Adelmiro,3,0,3
Adelphos,3,0,3
Adelso,3,0,3
Adelson,3,0,3
Adeltjie,0,3,3
Adelus,3,0,3
Adelyda,0,3,3
Adelyne,0,3,3
Ademide,3,0,3
Adèn,3,0,3
Adentje,0,3,3
Adeny,0,3,3
Adeodatha,0,3,3
Adeodatis,3,0,3
Adeoluwa,3,0,3
Adepa,3,3,6
Ader,3,0,3
Aderiana,0,3,3
Aderianus,3,0,3
Aderieke,0,3,3
Aderito,3,0,3
Aderjanus,3,0,3
Adersh,3,0,3
Adery,3,0,3
Ades,3,3,6
Adesa,0,3,3
Adeshkumar,3,0,3
Adesoji,3,0,3
Adetona,0,3,3
Adevye,0,3,3
Adewole,3,0,3
Adewusi,3,0,3
Adey,0,3,3
Adharsh,3,0,3
Adheesh,3,0,3
Adhiera,0,3,3
Adhik,3,0,3
Adhishri,0,3,3
Adiah,0,3,3
Adiane,0,3,3
Adiatu,0,3,3
Adida,0,3,3
Adidev,3,0,3
Adidja,3,3,6
Adiele,3,3,6
Adiëlla,0,3,3
Adiena,0,3,3
Adiet,3,0,3
Adıgüzel,3,0,3
Adima,0,3,3
Adimas,3,0,3
Adimka,0,3,3
Adinah,0,3,3
Adinna,0,3,3
Adiona,0,3,3
Adirah,0,3,3
Adiran,3,0,3
Adirio,3,0,3
Adirson,3,0,3
Adishri,0,3,3
Adithi,0,3,3
Aditija,3,0,3
Aditja,3,3,6
Adittana,3,0,3
Adityakumar,3,0,3
Adityasingh,3,0,3
Adityo,3,0,3
Adiyah,0,3,3
Adjano,3,0,3
Adjaykoemar,3,0,3
Adjé,3,0,3
Adjeet,3,0,3
Adjeiwaa,0,3,3
Adjeiwaah,0,3,3
Adjel,3,0,3
Adjeley,0,3,3
Adjete,3,0,3
Adjetey-Adjei,3,0,3
Adjidj,3,0,3
Adjie,3,0,3
Adjieman,0,3,3
Adjitesh,3,0,3
Adjodhia,3,3,6
Adjodhiapersad,3,0,3
Adjoeba,0,3,3
Adjuda,0,3,3
Adjuna,0,3,3
Adjuta,0,3,3
Adlay,3,0,3
Adleisha,0,3,3
Adman,3,0,3
Admela,0,3,3
Admilson,3,0,3
Admin,3,0,3
Adn,3,3,6
Adni,0,3,3
Adobea,0,3,3
Adoldo,3,0,3
Adolfha,0,3,3
Adolfs,3,0,3
Adolina,0,3,3
Adolinde,0,3,3
Adolmina,0,3,3
Adolpff,3,0,3
Adolpho,3,0,3
Adonika,0,3,3
Adonius,3,0,3
Adoniyah,3,3,6
Adoración,0,3,3
Adoracion,0,3,3
Adorotheus,3,0,3
Adou,3,3,6
Adovna,0,3,3
Adowa,0,3,3
Adrana,0,3,3
Adrash,3,0,3
Adreano,3,0,3
Adri-anne,0,3,3
Adri-jan,3,0,3
Adri-janne,0,3,3
Adriaan-Cornelis,3,0,3
Adriaanse,3,3,6
Adriaansen,3,0,3
Adriaco,3,0,3
Adriadne,0,3,3
Adriaentsje,0,3,3
Adriàn,3,0,3
Adrianah,0,3,3
Adriande,0,3,3
Adrianetta,0,3,3
Adriann,3,0,3
Adriantje,0,3,3
Adrianu,3,0,3
Adrianus-Jacobus,3,0,3
Adrianuszoon,3,0,3
Adriatik,3,0,3
Adrico,3,0,3
Adrie-Jan,3,0,3
Adrieaane,3,0,3
Adriean,3,0,3
Adrieane,0,3,3
Adrieanes,3,0,3
Adriejaantje,0,3,3
Adriejanus,3,0,3
Adriejetta,0,3,3
Adriéne,0,3,3
Adrihanna,0,3,3
Adrika,0,3,3
Adrilena,0,3,3
Adrimar,3,0,3
Adrin,3,0,3
Adrinne,0,3,3
Adris,0,3,3
Adrish,3,0,3
Adriyan,3,0,3
Adryaan,3,0,3
Adryann,3,0,3
Adryanne,0,3,3
Adryano,3,0,3
Adshaya,0,3,3
Adske,0,3,3
Adson,3,0,3
Adsumta,0,3,3
Adu-Addae,3,0,3
Aduana,0,3,3
Adubia,0,3,3
Adugna,0,3,3
Adukwei,0,3,3
Aduni,0,3,3
Adusah,3,3,6
Aduscha,0,3,3
Advaith,3,0,3
Advan,3,0,3
Advany,3,0,3
Advik,3,0,3
Adwen,3,0,3
Adwoba,0,3,3
Adwubi,0,3,3
Adyani,3,3,6
Adyen,3,3,6
Adyn,3,0,3
Adyna,0,3,3
Adynda,0,3,3
AEbeltje,0,3,3
Aeble,3,0,3
Aechje,0,3,3
Aedam,3,0,3
Aedilius,3,0,3
Aedo,3,0,3
Aedon,3,0,3
Aedrian,3,0,3
Aedryan,3,0,3
AEdsge,3,0,3
AEdske,0,3,3
AEdze,3,0,3
Aedzer,3,0,3
Aefke,0,3,3
Aegina,0,3,3
Aegon,3,0,3
Aeike,3,0,3
Aeilka,0,3,3
Aeilkina,0,3,3
Aeilkolina,0,3,3
Aeilts,3,0,3
Aekje,0,3,3
Aelbert,3,0,3
Aelbertha,0,3,3
Aeldrik,3,0,3
Aelena,0,3,3
Aeliane,0,3,3
Aelita,0,3,3
Aëlla,0,3,3
Aella,0,3,3
Aelle,0,3,3
Aéloine,0,3,3
Aelreda,0,3,3
Aelt,3,0,3
Aelys,0,3,3
Aemad,3,0,3
Aeman,3,0,3
Aemani,0,3,3
Aemelius,3,0,3
Aemey,0,3,3
AEmilie,0,3,3
AEmilius,3,0,3
Aeng,3,0,3
Aengus,3,0,3
Aennie,0,3,3
Aent,3,0,3
Aeola,0,3,3
Aeolus,3,0,3
Aeoni,0,3,3
Aerde,3,0,3
Aeric,3,0,3
Aeriënne,0,3,3
Aernaut,3,0,3
Aerne,3,0,3
Aëron,3,0,3
Aerynn,0,3,3
Aescford,0,3,3
Aesge,3,0,3
Aethne,0,3,3
Aevan,3,0,3
Aevon,3,0,3
Aeysha,0,3,3
Afa,0,3,3
Afaaq,3,3,6
Afacan,3,0,3
Afai,3,0,3
Afaïna,0,3,3
Afamefuna,3,0,3
Afanaisha,0,3,3
Afandi,3,0,3
Afani,0,3,3
Afelaisa,0,3,3
Afelie,3,3,6
Afelina,0,3,3
Afeline,0,3,3
Afellay,3,0,3
Afeny,0,3,3
Afework,3,0,3
Afianne,0,3,3
Afijn,0,3,3
Afiloni,0,3,3
Afira,0,3,3
Afizah,0,3,3
Afnen,0,3,3
Afoek,3,0,3
Afranio,3,0,3
Afraz,3,0,3
Afret,3,0,3
Afri,0,3,3
Africaine,0,3,3
Afrique,0,3,3
Afrodesia,0,3,3
Afrora,0,3,3
Afsaneh,0,3,3
Afsanna,0,3,3
Afsara,0,3,3
Afshana,0,3,3
Afşin,3,3,6
Afsoen,0,3,3
Afum,3,0,3
Afzalkhan,3,0,3
Afzanah,0,3,3
Afzhal,3,0,3
AGA,3,3,6
Agaab,3,3,6
Agaba,3,0,3
Aganieta,0,3,3
Agapé,3,3,6
Agapè,0,3,3
Agapios,3,0,3
Agathi,0,3,3
Agathiny,0,3,3
Agathos,3,0,3
Agatta,0,3,3
Agawni,0,3,3
Agbenyegah,3,3,6
Agdamina,0,3,3
Agedeus,3,0,3
Agedéus,3,0,3
Agenessa,0,3,3
Agenietje,0,3,3
Ageno,0,3,3
Agerien,3,0,3
Agertha,0,3,3
Aggaeus,3,0,3
Agginaldo,3,0,3
Agginio,3,0,3
Agheet,0,3,3
Aghogho,3,3,6
Agi,3,3,6
Agidina,0,3,3
Agieda,0,3,3
Agienes,3,0,3
Agila,0,3,3
Agileo,3,0,3
Agilia,0,3,3
Agir,3,0,3
Agmad,3,0,3
Agmasisiria,0,3,3
Agmat,3,0,3
Agmed,3,0,3
Agne,0,3,3
Agneau,0,3,3
Agnenita,0,3,3
Agnes-Maria,0,3,3
Agnèse,0,3,3
Agnesje,0,3,3
Agnestina,0,3,3
Agnestine,0,3,3
Agnetine,0,3,3
Agnew,3,0,3
Agneza,0,3,3
Agny,0,3,3
Agoes,3,0,3
Agostin,3,0,3
Agostina,0,3,3
Agratha,0,3,3
Agré,0,3,3
Agreet,0,3,3
Agreeth,0,3,3
Agretha,0,3,3
Agrieta,0,3,3
Agripino,3,0,3
Agter,3,3,6
Aguinaldo,3,0,3
Agust,3,0,3
Agwu,3,0,3
Agyare,3,0,3
Agyeiwah,0,3,3
Ah-Seng,3,0,3
Ahaffia,0,3,3
Ahamada,3,3,6
Aharia,0,3,3
Ahasan,3,0,3
Ahasuera,0,3,3
Ahat,3,0,3
Ahavah,0,3,3
Ahazuerus,3,0,3
AHC,3,3,6
Ahed,3,3,6
Ahenkan,3,0,3
Aheurus,3,0,3
Ahi,3,3,6
Ahijah,3,0,3
Ahikar,3,0,3
Ahillya,0,3,3
Ahimsa,0,3,3
Ahista,0,3,3
Ahjaz,3,0,3
Ahjo,3,0,3
Ahlame,0,3,3
Ahllam,0,3,3
Ahlrich,3,0,3
Ahmadreza,3,0,3
Ahmady,3,0,3
Ahmal,3,0,3
Ahmedhan,3,0,3
Ahmetefe,3,0,3
Ahn,0,3,3
Ahoo,0,3,3
Ahora,0,3,3
Ahoua,3,3,6
Ahram,3,0,3
Ahran,3,0,3
Ahrun,3,0,3
Ahtesham,3,0,3
Ahti,3,0,3
Ahunisa,0,3,3
Ahura,3,3,6
Ahyaan,3,0,3
Ahzwera,0,3,3
Ai-Vy,0,3,3
Aiapra,0,3,3
Aicardo,3,0,3
Aïchatou,0,3,3
Aick,3,0,3
Aidee,0,3,3
Aidelin,0,3,3
Aidi,3,0,3
Aidian,3,0,3
Aïdin,3,0,3
Aidina,0,3,3
Aidine,0,3,3
Aidrus,0,3,3
Aidryan,3,0,3
Aiesha,0,3,3
Aifa,0,3,3
Aifuwa,3,0,3
Aigle,3,0,3
Aiguobasimwin,3,3,6
Aihie,3,3,6
Aiisha,0,3,3
Aijman,3,0,3
Aïken,3,0,3
Aiki,3,3,6
Aikiene,0,3,3
Aikje,0,3,3
Ailas,3,0,3
Ailén,0,3,3
Ailia,0,3,3
Ailid,0,3,3
Ailie,0,3,3
Ailín,0,3,3
Ailís,0,3,3
Ailkolina,3,3,6
Ailliano,3,0,3
Ailton,3,0,3
AIM,0,3,3
Aimade,3,0,3
Aimanosi,0,3,3
Aïmar,3,0,3
Aimár,3,0,3
Aimay,0,3,3
Aimbley,0,3,3
Aimée-Claire,0,3,3
Aimee-Lynn,0,3,3
Aimelie,0,3,3
Aimelina,0,3,3
Aimelynn,0,3,3
Aimeric,3,0,3
Aimie,0,3,3
Aimilia,0,3,3
Aimmée,0,3,3
Aimon,3,0,3
Aimone,3,3,6
Aimuamwosa,0,3,3
Aimy-Lee,0,3,3
Aïn,3,3,6
Ainaya,0,3,3
Aindt,3,0,3
Aïne,0,3,3
Aines,0,3,3
Aingel,3,3,6
Ainnetta,0,3,3
Aïnoa,0,3,3
Ainoel,3,0,3
Ainslee,3,3,6
Ainslinn,0,3,3
Ainun,0,3,3
Aion,3,0,3
Air,3,3,6
Airey,3,0,3
Airis,0,3,3
Airisha,0,3,3
Aïrto,3,0,3
Airwien,3,0,3
Aïsah,0,3,3
Aisata,0,3,3
Aisea,3,0,3
Aisel,0,3,3
Aisem,3,0,3
Aisen,3,3,6
Aiseosa,0,3,3
Aïshana,0,3,3
Aishe,0,3,3
Aisher,3,0,3
Aishiana,0,3,3
Aishlyn,0,3,3
Aishmani,0,3,3
Aishya,0,3,3
Aïsjah,0,3,3
Aïsje,0,3,3
Aisla,0,3,3
Aismé,0,3,3
Aïssam,3,0,3
Aissar,3,0,3
Aissatu,0,3,3
Aïsse,0,3,3
Aiswariya,0,3,3
Ait,3,0,3
Aïta,0,3,3
Aitatus,3,0,3
Aitiya,0,3,3
Aitje,0,3,3
Aiton,3,0,3
Aivry,3,3,6
Aivyano,3,0,3
Aiwa,0,3,3
Aiwei,3,3,6
Aiya,0,3,3
Aiyàna,0,3,3
Aiyanah,0,3,3
Aiyaz,3,0,3
Aiymen,3,0,3
Aïysha,0,3,3
Aizeldin,3,3,6
Aizeyosabo,3,3,6
AJA,3,0,3
Ajaat,0,3,3
Ajaaz,3,0,3
Ajaisingh,3,0,3
Ajalon,3,0,3
Ajania,0,3,3
Ajanth,3,0,3
Ajara,0,3,3
Ajat,0,3,3
Ajaypal,3,0,3
Ajaypersad,3,0,3
Ajaysingh,3,0,3
Ajdan,3,3,6
Ajden,3,0,3
Ajdina,0,3,3
Ajehna,0,3,3
Ajem,3,3,6
Ajenda,0,3,3
Ajenne,0,3,3
Ajenthan,3,0,3
Ajentie,0,3,3
Ajesta,0,3,3
AJH,0,3,3
Ajithan,3,0,3
AJL,3,3,6
Ajlan,3,0,3
Ajnur,3,0,3
Ajodhiapersad,3,0,3
Ajoke,0,3,3
Ajold,3,0,3
AJP,0,3,3
Ajsa,0,3,3
Ajsela,0,3,3
AJT,3,3,6
Aju,0,3,3
Ajuna,0,3,3
Ajushi,0,3,3
Akadia,0,3,3
Akaija,3,3,6
Akaki,3,0,3
Akali,0,3,3
Akandji,3,3,6
Akanke,0,3,3
Akano,0,3,3
Akaraiwe,0,3,3
Akardy,3,0,3
Akas,3,0,3
Akashkoemar,3,0,3
Akashpersad,3,0,3
Akbarkhan,3,0,3
Akber,3,0,3
Akberali,3,0,3
Akberet,0,3,3
Akebono,3,0,3
Akelien,0,3,3
Akello,0,3,3
Akhan,3,0,3
Akhidenor,3,0,3
Akhila,0,3,3
Akhlak,3,0,3
Akhsa,0,3,3
Akhunzada,3,3,6
Akida,3,3,6
Akihiro,3,0,3
Akijn,3,0,3
Akiki,0,3,3
Akima,0,3,3
Akinus,3,0,3
Akkalina,0,3,3
Akkan,3,0,3
Akkejant,0,3,3
Akkeleen,0,3,3
Akkeliene,0,3,3
Akkelies,0,3,3
Akkelinus,3,0,3
Akkelyna,0,3,3
Akkelyne,0,3,3
Akkelys,0,3,3
Akkemai,0,3,3
Akkenynke,0,3,3
Akkerins,0,3,3
Akkiena,0,3,3
Akkira,3,3,6
Akmel,3,0,3
Akoelina,0,3,3
Akoesha,0,3,3
Akofa,0,3,3
Akolina,0,3,3
Akom,3,0,3
Akomah,0,3,3
Akongnwi,3,3,6
Akorede,3,0,3
Akorful,3,3,6
Akosa,3,3,6
Akoua,0,3,3
Akouvi,0,3,3
Akporhor,3,3,6
Akposoe,3,0,3
Akraam,3,0,3
Akresh,3,0,3
Akrumali,3,0,3
Aksanti,3,3,6
Aksaya,0,3,3
Aksemina,0,3,3
Aksha,0,3,3
Akshadha,0,3,3
Akshaj,3,0,3
Aktar,3,3,6
Akther,3,3,6
Akula,3,3,6
Akulina,0,3,3
Akuoko,3,0,3
Akwaaba,0,3,3
Akwaeke,3,0,3
Akweley,0,3,3
Akyaa,0,3,3
Akyaah,0,3,3
Akym,3,0,3
Akysha,0,3,3
Al-Abidin,3,0,3
Al-Amien,3,0,3
Al-Barae,3,0,3
Al-Bert,3,0,3
Al-Deen,3,0,3
Al-Din,3,0,3
Al-Islam,0,3,3
Al-Jarreau,3,0,3
Al-Motasem,3,0,3
Al-Sharif,3,0,3
Al-Tamimi,3,3,6
Al-Zahra,0,3,3
Alaá,0,3,3
Alaâ-Eddine,3,0,3
Alaaddine,3,0,3
Alaaeddine,3,0,3
Alaaeldin,3,3,6
Alaana,0,3,3
Alabidin,3,0,3
Alâddin,3,0,3
Alade,3,0,3
Alae-Eddin,3,0,3
Alagie,3,0,3
Alagondus,3,0,3
Alahattin,3,0,3
Alahna,0,3,3
Alaie-Eddine,3,0,3
Alain-Michel,3,0,3
Alainza,0,3,3
Alais,3,3,6
Alamea,0,3,3
Alamia,0,3,3
Alanay,3,0,3
Alander,3,0,3
Alanja,0,3,3
Alanson,3,0,3
Alâra,0,3,3
Alarico,3,0,3
Alariëlle,0,3,3
Alasha,0,3,3
Alastar,3,0,3
Alawani,0,3,3
Alayca,0,3,3
Alaydin,3,0,3
Alayha,0,3,3
Alaysia,0,3,3
Alayziah,0,3,3
Albania,0,3,3
Albanus,3,3,6
Albar,3,0,3
Albaro,3,0,3
Albartes,3,0,3
Albatta,0,3,3
Albena,0,3,3
Albér,3,0,3
Alberdienus,3,0,3
Alberdini,0,3,3
Alberdino,3,0,3
Alberdt,3,0,3
Alberdtje,0,3,3
Albère,3,0,3
Alberick,3,0,3
Alberique,3,0,3
Alberliene,0,3,3
Alberlina,0,3,3
Albernardus,3,0,3
Albernita,0,3,3
Albert-Cornelis,3,0,3
Albert-Geert,3,0,3
Albert-Hendrik,3,0,3
Albert-Henk,3,0,3
Albert-jan,3,0,3
Albert-Klaas,3,0,3
Albert-Rik,3,0,3
Albertdinant,3,0,3
Alberthie,0,3,3
Alberthien,0,3,3
Albertientje,0,3,3
Albertilde,0,3,3
Albertines,3,0,3
Albertjanna,0,3,3
Albertjen,0,3,3
Albertô,3,0,3
Albertyn,3,3,6
Albertyne,0,3,3
Albetina,0,3,3
Albettina,0,3,3
Albettine,0,3,3
Albian,3,0,3
Albie,0,3,3
Albiena,0,3,3
Albisa,0,3,3
Alboreto,3,0,3
Albri,3,3,6
Albrick,3,0,3
Albrik,3,0,3
Albury,3,3,6
Alcadio,3,0,3
Alcenio,3,0,3
Alchemilla,0,3,3
Alcida,0,3,3
Alcidio,3,0,3
Alcinio,3,0,3
Alcione,0,3,3
Alcuola,3,0,3
Aldagondis,3,0,3
Aldagondus,3,0,3
Aldahir,3,0,3
Aldaier,3,0,3
Aldar,3,0,3
Aldeen,3,0,3
Aldegondes,3,0,3
Aldegondius,3,0,3
Alderike,0,3,3
Alderk,3,0,3
Alderstina,0,3,3
Aldertdiena,0,3,3
Aldertiene,0,3,3
Aldgillis,3,0,3
Aldiana,0,3,3
Aldiene,0,3,3
Aldiña,0,3,3
Aldis,3,3,6
Aldje,0,3,3
Aldonce,0,3,3
Aldricus,3,0,3
Aldrieon,3,0,3
Aldrison,3,0,3
Aldus,3,0,3
Ale-Jan,3,0,3
Aleande,0,3,3
Aleandria,0,3,3
Aléandro,3,0,3
Aleanne,0,3,3
Aleanora,0,3,3
Alebarta,0,3,3
Alebartha,0,3,3
Alebertis,3,0,3
Alèc,3,0,3
Alec-Xander,3,0,3
Alecco,3,0,3
Alechelina,0,3,3
Alécia,0,3,3
Alécio,3,0,3
Alecio,3,0,3
Alecsandra,0,3,3
Alecsandro,3,0,3
Alecxander,3,0,3
Aleczander,3,0,3
Aleenah,0,3,3
Aleeyah,0,3,3
Alefa,0,3,3
Alegondes,3,0,3
Alegunda,0,3,3
Aleibertha,0,3,3
Aleidy,0,3,3
Aleijd,0,3,3
Aleixa,0,3,3
Alejander,3,0,3
Aleka,3,3,6
Aleke,0,3,3
Alèkos,3,0,3
Aleksandros,3,0,3
Alekseï,3,0,3
Aleksejs,3,0,3
Aleksis,3,0,3
Alekssandro,3,0,3
Alela,0,3,3
Alema,0,3,3
Alemdina,0,3,3
Alémondo,3,0,3
Alenah,0,3,3
Alenca,0,3,3
Alenia,0,3,3
Alenn,3,3,6
Alenthe,0,3,3
Aleon,3,0,3
Alera,0,3,3
Alerio,3,0,3
Aleš,3,0,3
Alescha,3,3,6
Aleshanee,0,3,3
Alesja,0,3,3
Aléssandro,3,0,3
Alessiò,3,0,3
Alessy,3,0,3
Alessyo,3,0,3
Alesta,0,3,3
Alestaire,3,0,3
Alètheia,0,3,3
Alethus,3,0,3
Alettie,0,3,3
Alettina,0,3,3
Alevina,0,3,3
Alevtina,0,3,3
Alewer,0,3,3
Alewi,3,0,3
Alewin,3,0,3
Alex-Xander,3,0,3
Alexanco,3,0,3
Alexanderine,3,3,6
Alexandrah,0,3,3
Alexandres,3,3,6
Alexandrie,3,3,6
Alexandrië,3,0,3
Alexandrien,0,3,3
Alexandrienne,0,3,3
Alexandrini,3,3,6
Alexandrios,3,0,3
Alexandrou,3,3,6
Alexandrova,0,3,3
Alexandrovic,3,0,3
Alexandrovitsj,3,0,3
Alexcander,3,0,3
Alèxe,0,3,3
Alexeandra,0,3,3
Alexiene,0,3,3
Alexmarie,0,3,3
Alexsa,0,3,3
Alexsascha,0,3,3
Alexsia,0,3,3
Alexson,3,0,3
Alexyss,0,3,3
Aleyana,0,3,3
Aleyke,0,3,3
Aleyn,3,0,3
Aleyna-Nur,0,3,3
Aleynah,0,3,3
Aleyshia,0,3,3
Aleyssa,0,3,3
Aleza,0,3,3
Alfan,3,0,3
Alfar,3,0,3
Alfayet,3,0,3
Alfhons,3,0,3
Alfhonsus,3,0,3
Alfi,3,3,6
Alfieri,3,0,3
Alfin,3,0,3
Alfondsius,3,0,3
Alfondso,3,3,6
Alfonsie,0,3,3
Alfonsiena,0,3,3
Alfonsies,3,0,3
Alfontius,3,0,3
Alfrede,3,3,6
Alfredi,3,0,3
Alfry,3,0,3
Alfy,3,0,3
Alga,0,3,3
Algan,3,0,3
Algere,3,3,6
Algerino,3,0,3
Algero,3,0,3
Algerus,3,0,3
Algiena,0,3,3
Algiennes,3,0,3
Algina,0,3,3
Algis,3,0,3
Algondo,3,0,3
Algrada,0,3,3
Alhadje,3,0,3
Alhag,0,3,3
Alhan,3,0,3
Alhen,3,0,3
Alhoda,0,3,3
Alhouda,0,3,3
Ali-Anna,0,3,3
Ali-Eid,3,0,3
Ali-Emir,3,0,3
Ali-Janne,0,3,3
Ali-Osman,3,0,3
Ali-Zayn,3,0,3
Aliande,0,3,3
Aliander,3,0,3
Aliannah,0,3,3
Alianora,0,3,3
Alianore,0,3,3
Aliberta,0,3,3
Alibetha,0,3,3
Alíce,0,3,3
Alice-Ann,0,3,3
Aliceson,0,3,3
Alici,0,3,3
Alicia-Mae,0,3,3
Alicia-Shania,0,3,3
Aliciandra,0,3,3
Alicina,3,0,3
Alïda,0,3,3
Alida-Willy,0,3,3
Alidas,3,0,3
Alidina,0,3,3
Alidis,3,3,6
Alidya,0,3,3
Alieanne,0,3,3
Aliebert,3,0,3
Aliecke,0,3,3
Aliejana,0,3,3
Aliënna,0,3,3
Alienne,0,3,3
Aliessa,0,3,3
Alihoesain,3,0,3
Alihsan,3,0,3
Alijana,0,3,3
Alijandro,3,0,3
Alije,0,3,3
Alikerem,3,0,3
Alila,0,3,3
Alimah,0,3,3
Alimamy,3,0,3
Alimasi,3,0,3
Alimatou,0,3,3
Alinette,0,3,3
Alino,3,0,3
Alinuur,0,3,3
Aliona,0,3,3
Aliosha,3,3,6
Aliosja,3,0,3
Alipio,3,0,3
Alirza,3,0,3
Alişahin,3,0,3
Alisan,3,0,3
Alisca,0,3,3
Alisea,0,3,3
Alisebeth,0,3,3
Alishaan,3,0,3
Alishana,0,3,3
Alishandra,0,3,3
Alisjah,3,0,3
Alissiya,0,3,3
Alişya,0,3,3
Alisyah,0,3,3
Alit,3,3,6
Alithea,0,3,3
Alitza,0,3,3
Aliu,3,0,3
Alìx,0,3,3
Aliyenur,0,3,3
Alizarin,0,3,3
Alizeh,0,3,3
Alizèta,0,3,3
Aljanna,0,3,3
Aljereau,3,0,3
Alkaios,3,0,3
Alkanna,0,3,3
Alkar,3,0,3
Alkarrar,3,0,3
Alkasim,3,0,3
Alkelina,0,3,3
Alkeline,0,3,3
Alkhalil,3,0,3
Alkın,3,0,3
Alkmene,0,3,3
Alkwin,3,0,3
Allabina,0,3,3
Allaerd,3,0,3
Allaina,0,3,3
Allandra,0,3,3
Allandro,3,0,3
Allanis,0,3,3
Allanus,3,0,3
Allard-Jan,3,0,3
Allardine,0,3,3
Allayah,0,3,3
Allayna,0,3,3
Alle-Xander,3,0,3
Allebertha,0,3,3
Allebina,0,3,3
Allec,3,0,3
Allegondes,3,0,3
Allegro,3,3,6
Alleid,3,0,3
Allemina,0,3,3
Allemtje,0,3,3
Allerda,0,3,3
Allerton,3,0,3
Allerttine,0,3,3
Allessia,0,3,3
Allesya,0,3,3
Alletje,0,3,3
Alletus,3,0,3
Allewine,0,3,3
Allexandra,0,3,3
Alleya,0,3,3
Alleyne,3,3,6
Alliah,0,3,3
Allicya,0,3,3
Allidus,3,0,3
Alliese,0,3,3
Alliët,0,3,3
Allinde,0,3,3
Allira,0,3,3
Allisio,3,0,3
Allita,0,3,3
Allitze,0,3,3
Allix,0,3,3
Alliya,0,3,3
Alliyana,0,3,3
Alloijsius,3,0,3
Allois,3,0,3
Alloisa,0,3,3
Alloïse,0,3,3
Allouise,0,3,3
Allouisius,3,0,3
Allouissius,3,0,3
Allowin,3,0,3
Allowysius,3,0,3
Alloyisius,3,0,3
Allstar,3,0,3
Alluissius,3,0,3
Allure,3,3,6
Allyon,0,3,3
Allysah,0,3,3
Allyscha,0,3,3
Allyse,0,3,3
Allysio,3,0,3
Almaira,0,3,3
Almandy,3,0,3
Almartino,3,0,3
Almarus,3,0,3
Almasa,0,3,3
Almendra,0,3,3
Almeric,3,0,3
Almerik,3,0,3
Almewis,3,0,3
Almiera,0,3,3
Almine,0,3,3
Almmina,0,3,3
Almoet,0,3,3
Almonzo,3,0,3
Almoussawi,0,3,3
Almy,0,3,3
Alngatmi,3,0,3
Alnsairat,3,0,3
Alodie,0,3,3
Alogonda,0,3,3
Alohilani,0,3,3
Aloijsiana,0,3,3
Aloijsijus,3,0,3
Aloïn,3,0,3
Aloisha,0,3,3
Aloïsio,3,0,3
Aloïssius,3,0,3
Aloizy,3,3,6
Aloka,0,3,3
Alokh,3,0,3
Alomar,3,0,3
Alompas,0,3,3
Alonda,0,3,3
Alondina,0,3,3
Alongo,0,3,3
Alonsa,0,3,3
Alooïse,0,3,3
Aloric,3,0,3
Alosha,3,0,3
Alouchca,0,3,3
Alouisiana,0,3,3
Alouissius,3,0,3
Alouizia,0,3,3
Alouschka,0,3,3
Alout,3,0,3
Alouysa,0,3,3
Alowieke,0,3,3
Alowiesius,3,0,3
Alowina,0,3,3
Aloyis,3,0,3
Aloyisa,0,3,3
Aloyise,0,3,3
Aloysine,0,3,3
Aloyssius,3,0,3
Aloyuis,3,0,3
Aloyzya,3,0,3
Alparis,3,0,3
Alpgiray,3,0,3
Alphana,0,3,3
Alphard,3,0,3
Alphonce,3,0,3
Alphonie,0,3,3
Alphonius,3,0,3
Alphonsi,0,3,3
Alphonsinia,0,3,3
Alphonszoon,3,0,3
Alphonze,3,0,3
Alphonzo,3,3,6
Alpnissia,0,3,3
Alqasim,3,0,3
Alqouloob,0,3,3
Alredus,3,0,3
Alrens,3,0,3
Alrich,3,0,3
Alrico,3,0,3
Alrien,3,3,6
Alring,3,0,3
Alruna,0,3,3
Alsadat,0,3,3
Alseni,3,0,3
Alsharef,0,3,3
Alsharif,0,3,3
Alske,0,3,3
Alston,3,0,3
Alsy,3,3,6
Alta-Gracia,0,3,3
Altai,3,0,3
Altaira,0,3,3
Altayeb,3,0,3
Alter,3,0,3
Altheo,3,0,3
Altheus,3,0,3
Altienke,0,3,3
Altjie,0,3,3
Altma,0,3,3
Altmash,3,0,3
Altoé,3,0,3
Altony,3,0,3
Altruida,0,3,3
Altruit,0,3,3
Altuġ,3,0,3
Altwinus,3,0,3
Aluicio,3,0,3
Aluisius,3,0,3
Alush,3,0,3
Alusine,3,0,3
Alvania,0,3,3
Alvara,0,3,3
Alvarado,3,0,3
Alvard,0,3,3
Alvarita,0,3,3
Alveena,0,3,3
Alvena,0,3,3
Alveo,3,0,3
Alverta,0,3,3
Alverto,3,0,3
Alvida,0,3,3
Alvien,3,3,6
Alvieno,3,0,3
Alvinda,0,3,3
Alvindo,3,0,3
Alvindra,0,3,3
Alvinio,3,0,3
Alvirah,0,3,3
Alvita,0,3,3
Alwani,0,3,3
Alwen,3,0,3
Alwhin,3,0,3
Alwia,0,3,3
Alwiesse,0,3,3
Alwino,3,0,3
Alwisius,3,0,3
Alyans,0,3,3
Alydis,3,3,6
Alyenna,0,3,3
Alyha,0,3,3
Alyjanne,0,3,3
Alyka,0,3,3
Alynke,0,3,3
Alysanne,0,3,3
Alysée,0,3,3
Alysee,0,3,3
Alyshea,0,3,3
Alyssiah,0,3,3
Alyssio,3,0,3
Alyvia,0,3,3
Alyxandra,0,3,3
Alyzée,0,3,3
Alzbeta,0,3,3
Alzena,0,3,3
AMA,0,3,3
Amaat,3,3,6
Amadäus,3,0,3
Amade,3,0,3
Amadieu,3,0,3
Amadora,0,3,3
Amae,0,3,3
Amael,3,0,3
Amaël,3,3,6
Amahra,0,3,3
Amaija,0,3,3
Amaini,0,3,3
Amaisa,0,3,3
Amaisha,0,3,3
Amaja,0,3,3
Amajanti,0,3,3
Amakie,0,3,3
Amalatu,3,0,3
Amaliah,0,3,3
Amálie,0,3,3
Amalija,0,3,3
Amalin,0,3,3
Amalio,3,0,3
Amalita,0,3,3
Amalja,0,3,3
Amalthea,0,3,3
Amaltruid,0,3,3
Amami,3,0,3
Amân,3,0,3
Aman-Allah,3,0,3
Amanaah,0,3,3
Amanad,3,0,3
Amânah,0,3,3
Amanatou,0,3,3
Amanbir,3,3,6
Amãncio,3,0,3
Amandea,0,3,3
Amaniy,3,0,3
Amanjeet,3,3,6
Amann,3,0,3
Amanullah,3,0,3
Amanzio,3,0,3
Amar-Jay,3,0,3
Amaran,3,0,3
Amarande,0,3,3
Amarantos,3,0,3
Amarayah,0,3,3
Amardeepsingh,3,0,3
Amardip,3,3,6
Amarela,0,3,3
Amarelies,0,3,3
Amarelio,3,0,3
Amárelio,3,0,3
Amarell,0,3,3
Amarellia,0,3,3
Amarense,0,3,3
Amarensio,3,0,3
Amarenthe,0,3,3
Amarentius,3,0,3
Amarents,0,3,3
Amarenz,0,3,3
Amaretto,3,0,3
Amarey,3,0,3
Amári,0,3,3
Amaricia,0,3,3
Amarico,3,0,3
Amarijllis,0,3,3
Amarilla,0,3,3
Amarillis,0,3,3
Amarillys,0,3,3
Amarilys,0,3,3
Amarintia,0,3,3
Amarion,3,0,3
Amariza,0,3,3
Amarjah,0,3,3
Amarkoemar,3,0,3
Amarley,0,3,3
Amarna,0,3,3
Amáro,3,0,3
Amarou,3,0,3
Amarrildo,3,0,3
Amarseo,3,0,3
Amarteifio,3,0,3
Amáru,3,0,3
Amarus,3,0,3
Amaryah,0,3,3
Amarylle,0,3,3
Amaryn,0,3,3
Amarynthe,0,3,3
Amarys,0,3,3
Amatallah,0,3,3
Amathus,3,0,3
Amati,3,3,6
Amatul,0,3,3
Amatullaah,0,3,3
Amaturrahmaan,0,3,3
Amayro,3,0,3
Amaziah,0,3,3
Amazing,0,3,3
Ambalika,0,3,3
Ambe,3,0,3
Amber-Jade,0,3,3
Amber-May,0,3,3
Amber-Naomi,0,3,3
Amberine,0,3,3
Amberto,3,0,3
Ambiya,0,3,3
Ambonita,0,3,3
Amboro,0,3,3
Ambré,0,3,3
Ambrin,0,3,3
Ambrosiana,0,3,3
Amda,0,3,3
Amechi,3,0,3
Ameda,0,3,3
Amédee,0,3,3
Ameeth,3,0,3
Ameglio,3,0,3
Amelda,0,3,3
Ameliano,3,0,3
Amelíe,0,3,3
Amélie-Julie,0,3,3
Amelin,0,3,3
Amelio,3,0,3
Amell,3,3,6
Amèlle,0,3,3
Ameln,3,3,6
Ameltje,0,3,3
Amelynn,0,3,3
Amenaghawon,3,0,3
Amene,3,3,6
Ameni,0,3,3
Amenuveve,3,3,6
Amenyo,3,3,6
Amerdeep,3,3,6
Amerence,0,3,3
Amerencio,3,0,3
Amerensie,0,3,3
Amerentiane,3,3,6
América,0,3,3
Amérie,0,3,3
Amerin,3,3,6
Amerinthe,0,3,3
Amerique,0,3,3
Amerisa,0,3,3
Amerissa,0,3,3
Amerjit,3,3,6
Amerkumar,3,0,3
Amesha,0,3,3
Ametepe,3,0,3
Ameth,3,0,3
Amethyst,0,3,3
Ameur,3,3,6
Ameyaa,0,3,3
AMG,3,3,6
Amhar,3,0,3
Amias,3,0,3
Amice,3,0,3
Amicha,0,3,3
Amico,3,3,6
Amidé,3,0,3
Amied,3,0,3
Amiela,0,3,3
Amiëlla,0,3,3
Amiëlle,0,3,3
Amienta,0,3,3
Amierali,3,0,3
Amiesha,0,3,3
Amigo,3,0,3
Amihay,3,0,3
Amiina,0,3,3
Amijn,0,3,3
Amike,3,3,6
Amiliana,0,3,3
Amilie,0,3,3
Amiliyah,0,3,3
Amilkar,3,0,3
Amilla,0,3,3
Amilly,0,3,3
Amilyah,0,3,3
Amima,0,3,3
Aminat,0,3,3
Aminatou,0,3,3
Amindien,3,0,3
Aminia,0,3,3
Aminja,0,3,3
Aminsa,0,3,3
Amiraah,0,3,3
Amiram,3,0,3
Amirhossein,3,0,3
Amirun,0,3,3
Amischa,0,3,3
Amithkoemar,3,0,3
Amitraj,3,0,3
Amiza,0,3,3
Amjid,3,0,3
AML,3,3,6
Amller,3,0,3
Ammaarah,0,3,3
Ammadea,0,3,3
Ammani,0,3,3
Ammarina,0,3,3
Ammechienus,3,0,3
Ammedee,3,3,6
Ammeke,3,3,6
Ammelien,0,3,3
Ammeltje,0,3,3
Ammen,0,3,3
Ammerensia,0,3,3
Ammerentie,0,3,3
Ammiel,3,0,3
Amnat,0,3,3
Amnay,3,0,3
Amner,3,0,3
Amneris,0,3,3
Amnesia,0,3,3
Amnette,0,3,3
Amnia,0,3,3
Amoabeng,3,0,3
Amoakoh,3,0,3
Amodia,3,0,3
Amoke,0,3,3
Amol,3,0,3
Amolina,0,3,3
Amón,3,0,3
Amone,3,3,6
Among,0,3,3
Amonu,0,3,3
Amorella,0,3,3
Amoren,0,3,3
Amori,3,3,6
Amorin,3,3,6
Amorisha,0,3,3
Amorita,0,3,3
Amorkor,0,3,3
Amoura,0,3,3
Amouré,3,3,6
Amourette,0,3,3
Amourricho,3,0,3
Amoya,0,3,3
Amoyaw,3,0,3
Ampadu,3,0,3
Ampaw,3,0,3
Ampem,3,3,6
Ampiaw,3,3,6
Amploontje,0,3,3
Ampofowah,0,3,3
Ampoma,3,3,6
Amraan,3,3,6
Amramsina,0,3,3
Amrani,3,3,6
Amrawatie,0,3,3
Amre,3,3,6
Amreh,3,3,6
Amreshpersad,3,0,3
Amrey,0,3,3
Amri,3,3,6
Amrich,3,0,3
Amriek,3,0,3
Amrietadevi,0,3,3
Amrinder,3,0,3
Amriskumar,3,0,3
Amritesh,3,0,3
Amritradj,3,0,3
Amron,3,0,3
Amrutha,0,3,3
Amsi,3,3,6
Amso,3,0,3
Amuro,3,0,3
Amy-Jolie,0,3,3
Amy-lee,0,3,3
Amy-Lou,0,3,3
Amy-Lynne,0,3,3
Amy-May,0,3,3
Amy-Roos,0,3,3
Amy-Rose,0,3,3
Amyar,3,0,3
Amyas,3,0,3
Amye,0,3,3
Amylynn,0,3,3
Amyna,0,3,3
Amyrah,0,3,3
An-Li,0,3,3
An-Maria,0,3,3
An-Nisa,0,3,3
An-Sofie,0,3,3
Ana-Faye,0,3,3
Ana-Julia,0,3,3
Ana-Lucía,0,3,3
Ana-Marija,0,3,3
Ana-Sophie,0,3,3
Ana-Thalia,0,3,3
Anaamika,0,3,3
Anaaya,0,3,3
Anachu,3,3,6
Anacleto,3,0,3
Anadi,3,0,3
Anady,0,3,3
Anaëlla,0,3,3
Anaelle,0,3,3
Anahat,0,3,3
Anahata,0,3,3
Anahira,0,3,3
Anaid,3,3,6
Anaim,3,0,3
Anaiska,0,3,3
Anakim,3,0,3
Analena,0,3,3
Anali,0,3,3
Analie,0,3,3
Analina,0,3,3
Analise,0,3,3
Analisia,0,3,3
Analissa,0,3,3
Analivia,0,3,3
Analiza,0,3,3
Analuisa,0,3,3
Analuz,0,3,3
Analuzia,0,3,3
Analycia,0,3,3
Anamel,0,3,3
Anandani,0,3,3
Anandh,3,0,3
Anandiya,0,3,3
Anandprakash,3,0,3
Anandra,0,3,3
Anandy,0,3,3
Ananiah,0,3,3
Anano,0,3,3
Ananovna,0,3,3
Anantharajah,0,3,3
Anantia,0,3,3
Anar,3,0,3
Anasa,0,3,3
Anasazi,0,3,3
Anascha,0,3,3
Anasemoon,0,3,3
Anashya,0,3,3
Anasimon,0,3,3
Anastascha,0,3,3
Anastase,0,3,3
Anastasha,0,3,3
Anastasi,3,0,3
Anastatie,0,3,3
Anastazija,0,3,3
Anata,0,3,3
Anate,0,3,3
Anatolievna,0,3,3
Anatolii,3,0,3
Anatoline,0,3,3
Anatoljevitsj,3,0,3
Anatolliej,3,0,3
Anatu,0,3,3
Anauschka,0,3,3
Anawin,3,0,3
Anayis,0,3,3
Anays,0,3,3
Anbessa,3,0,3
Anbo,3,3,6
Ancelique,0,3,3
Anchanie,0,3,3
Anchee,0,3,3
Anchéla,0,3,3
Anchelien,0,3,3
Anchelika,0,3,3
Anchell,0,3,3
Anchella,0,3,3
Anchelon,3,0,3
Anchena,0,3,3
Anchenie,0,3,3
Anchien,0,3,3
Anchiene,0,3,3
Anchilla,0,3,3
Anchoret,0,3,3
Ancila,0,3,3
Ancke,0,3,3
Ancor,3,3,6
Ancret,0,3,3
Andaleeb,0,3,3
Andalieb,0,3,3
Andam,3,3,6
Andamandia,0,3,3
Andaria,3,0,3
Andaye,0,3,3
Andczej,3,0,3
Andéa,0,3,3
Andéla,0,3,3
Andèle,0,3,3
Andelisha,0,3,3
Andeolus,3,0,3
Andersien,0,3,3
Andertje,0,3,3
Andesha,0,3,3
Andica,3,3,6
Andiene,0,3,3
Andinus,3,0,3
Andir,3,3,6
Andisha,0,3,3
Andissa,0,3,3
Andjala,0,3,3
Andjalino,3,0,3
Andjasmara,3,3,6
Andjèl,3,0,3
Andjeliedebie,0,3,3
Andjella,0,3,3
Andjelmo,3,0,3
Andjenadebie,0,3,3
Andjenidewi,0,3,3
Andjini,0,3,3
Andle,3,0,3
Andojo,3,0,3
Andolein,0,3,3
Andomina,0,3,3
Andonietta,0,3,3
Andonios,3,0,3
Andonis,3,0,3
Andraé,3,0,3
Andraea,0,3,3
Andrah,0,3,3
Andrė,3,0,3
Andrê,3,0,3
André-Jan,3,0,3
Andreá,0,3,3
Andrëa,0,3,3
Andreah,0,3,3
Andreane,0,3,3
Andreani,0,3,3
Andréano,3,0,3
Andreäs,3,0,3
Andrêas,3,0,3
Andrěas,3,0,3
Andreaus,3,0,3
Andredina,0,3,3
Andreë,3,3,6
Andréi,3,0,3
Andréj,3,0,3
Andrejana,0,3,3
Andrejevitsj,3,0,3
Andrejo,3,0,3
Andrelina,0,3,3
Andren,3,0,3
Andréo,3,0,3
Andréoli,3,0,3
Andresiena,0,3,3
Andrèssa,0,3,3
Andreta,3,3,6
Andretta,0,3,3
Andreu,3,0,3
Andreyevich,3,0,3
Andreyevna,0,3,3
Andreza,0,3,3
Andriaan,3,0,3
Andriaantje,0,3,3
Andriane,0,3,3
Andrianne,0,3,3
Andriekus,3,0,3
Andriëlla,0,3,3
Andrieschke,0,3,3
Andriesetta,0,3,3
Andriesien,0,3,3
Andrieska,0,3,3
Andriessetta,0,3,3
Andriessie,0,3,3
Andrig,3,0,3
Andrio,3,0,3
Andriyani,0,3,3
Andriyanto,3,0,3
Andronika,0,3,3
Androw,3,0,3
Andru,3,0,3
Andu,3,3,6
Anduelé,3,0,3
Andúril,3,3,6
Andwelé,3,0,3
Andwella,0,3,3
Andya,3,3,6
Andyka,3,0,3
Andyson,3,0,3
Ane-Willem,3,0,3
Anechina,0,3,3
Anecia,0,3,3
Anée,0,3,3
Aneeqah,0,3,3
Anege,3,3,6
Anegien,0,3,3
Anegina,0,3,3
Aneirin,3,0,3
Aneka,0,3,3
Anelice,0,3,3
Anélida,0,3,3
Anelito,3,0,3
Anelize,0,3,3
Anely,0,3,3
Anemee,0,3,3
Anemiek,0,3,3
Anesstro,3,0,3
Anestatius,3,0,3
Anèt,0,3,3
Anetske,0,3,3
Anettha,0,3,3
Aneudy,3,3,6
Aneurin,3,0,3
Anfale,0,3,3
Anfin,3,0,3
Anfroy,3,0,3
Angali,0,3,3
Angalien,0,3,3
Anganietha,0,3,3
Angarita,0,3,3
Angeet,0,3,3
Angel-eye,0,3,3
Angel-Leigh,0,3,3
Angel-Lynn,0,3,3
Angel-Rose,0,3,3
Angelaine,3,3,6
Angelawatie,0,3,3
Angelbert,3,3,6
Angeleigh,0,3,3
Angeleyna,0,3,3
Angelicá,0,3,3
Angelicia,0,3,3
Angelicka,0,3,3
Angelida,0,3,3
Angelie-Devie,0,3,3
Angeliedebie,0,3,3
Angeligne,0,3,3
Angelina-Maria,0,3,3
Angelina-Yo,0,3,3
Angelinio,3,0,3
Angëlique,0,3,3
Angêlique,0,3,3
Angeliqueca,0,3,3
Angelissa,0,3,3
Angèlla,0,3,3
Angelliano,3,0,3
Angellie,3,3,6
Angélly,0,3,3
Angelmar,3,0,3
Angêlo,3,0,3
Angèlo,3,0,3
Angelotte,0,3,3
Angelson,3,0,3
Angelyca,0,3,3
Angenarda,0,3,3
Angeneske,0,3,3
Angenidevi,0,3,3
Angeniek,0,3,3
Angenieke,0,3,3
Angeniesca,0,3,3
Angenietsje,0,3,3
Angénis,0,3,3
Angenisius,3,0,3
Angeniske,0,3,3
Angenito,3,0,3
Anger,0,3,3
Angereau,3,0,3
Angerique,0,3,3
Angerita,0,3,3
Angeryda,0,3,3
Anges,3,3,6
Anggrainy,0,3,3
Angid,0,3,3
Angiera,3,0,3
Angilbert,3,3,6
Angilia,0,3,3
Angilina,0,3,3
Angilique,0,3,3
Angin,0,3,3
Anginus,3,0,3
Angita,0,3,3
Angkarina,0,3,3
Anglaia,0,3,3
Anglaya,0,3,3
Anglela,3,0,3
Angnietha,0,3,3
Angnietta,0,3,3
Angonita,0,3,3
Angratia,0,3,3
Angreta,0,3,3
Angreth,0,3,3
Angretha,0,3,3
Anguilla,0,3,3
Anguinas,3,0,3
Anguska,0,3,3
Angyal,0,3,3
Angyalka,3,3,6
Angyll,3,3,6
Anhai,0,3,3
Anhe,3,3,6
Anhtoan,3,0,3
Anhtuan,3,0,3
Aniah,0,3,3
Anicca,0,3,3
Anicete,0,3,3
Anichia,0,3,3
Anička,0,3,3
Anicke,0,3,3
Anièla,0,3,3
Anielka,0,3,3
Anien,0,3,3
Aniene,0,3,3
Anieqa,0,3,3
Aniëta,0,3,3
Anietta,0,3,3
Anif,3,0,3
Anifa,0,3,3
Anigje,0,3,3
Anij,0,3,3
Anija,0,3,3
Anijsia,0,3,3
Anikesh,3,0,3
Anikki,0,3,3
Anildath,3,0,3
Anilhan,3,0,3
Anilka,0,3,3
Anilo,3,0,3
Anilza,0,3,3
Animwaah,0,3,3
Anindhita,3,3,6
Anindya,0,3,3
Aniol,3,0,3
Aniqah,0,3,3
Anirah,0,3,3
Anís,3,3,6
Anishadevi,0,3,3
Anishma,0,3,3
Anishwar,3,0,3
Anisse,3,3,6
Anisya,0,3,3
Anithe,0,3,3
Anitia,0,3,3
Anito,3,0,3
Anitya,0,3,3
Anius,3,0,3
Aniwaah,0,3,3
Anj'li,0,3,3
Anja-Lee,0,3,3
Anjali-Devi,0,3,3
Anjalidebie,0,3,3
Anjanadebie,0,3,3
Anjanette,0,3,3
Anjaneya,3,3,6
Anjanika,0,3,3
Anjanique,0,3,3
Anjaylica,0,3,3
Anjèl,0,3,3
Anjéla,0,3,3
Anjelia,0,3,3
Anjeliek,0,3,3
Anjelik,0,3,3
Anjelique,0,3,3
Anjélique,0,3,3
Anjellica,0,3,3
Anjely,0,3,3
Anjenadebie,0,3,3
Anjenet,0,3,3
Anjeni,0,3,3
Anjeniekoemarie,0,3,3
Anjenny,0,3,3
Anjer,0,3,3
Anjeska,0,3,3
Anjetha,0,3,3
Anji,0,3,3
Anjina,0,3,3
Anjita,0,3,3
Anjob,0,3,3
Anjoeska,0,3,3
Anjoli,0,3,3
Anjora,0,3,3
Anjori,0,3,3
Anjuta,0,3,3
Anke-Marije,0,3,3
Anke-Marjolijn,0,3,3
Anke-Rixt,0,3,3
Ankea,0,3,3
Ankedien,0,3,3
Ankeline,0,3,3
Ankeniete,0,3,3
Ankerina,0,3,3
Ankesdochter,0,3,3
Ankesiena,0,3,3
Anketrien,0,3,3
Ankh,3,3,6
Ankha,0,3,3
Ankolina,0,3,3
Ankov,3,0,3
Ankra,3,3,6
Anlon,3,0,3
Ann-Charlotte,0,3,3
Ann-Christine,0,3,3
Ann-Nicole,0,3,3
Ann-Sofie,0,3,3
Anna-Angelina,0,3,3
Anna-Beitske,0,3,3
Anna-Bertha,0,3,3
Anna-Bets,0,3,3
Anna-Brecht,0,3,3
Anna-Carien,0,3,3
Anna-Christa,0,3,3
Anna-Eliza,0,3,3
Anna-Elize,0,3,3
Anna-Elle,0,3,3
Anna-Emilie,0,3,3
Anna-Fay,0,3,3
Anna-Fee,0,3,3
Anna-Gé,0,3,3
Anna-Geertruida,0,3,3
Anna-Gien,0,3,3
Anna-Giulia,0,3,3
Anna-Grace,0,3,3
Anna-Hermina,0,3,3
Anna-Hilde,0,3,3
Anna-Jasmijn,0,3,3
Anna-Joëlle,0,3,3
Anna-Jose,0,3,3
Anna-José,0,3,3
Anna-Karyn,0,3,3
Anna-Lamberta,0,3,3
Anna-Larisa,0,3,3
Anna-Leah,0,3,3
Anna-Leigh,0,3,3
Anna-Licia,0,3,3
Anna-Lieke,0,3,3
Anna-Lien,0,3,3
Anna-Liese,0,3,3
Anna-lisa,0,3,3
Anna-Liza,0,3,3
Anna-Loïs,0,3,3
Anna-Lydia,0,3,3
Anna-lynn,0,3,3
Anna-Madelief,0,3,3
Anna-Mara,0,3,3
Anna-Mare,0,3,3
Anna-Margreet,0,3,3
Anna-Mária,0,3,3
Anna-Marina,0,3,3
Anna-Marthe,0,3,3
Anna-Mary,0,3,3
Anna-may,0,3,3
Anna-Mijn,0,3,3
Anna-Noa,0,3,3
Anna-Noor,0,3,3
Anna-Olivia,0,3,3
Anna-Reina,0,3,3
Anna-Riek,0,3,3
Anna-Rikst,0,3,3
Anna-Rita,0,3,3
Anna-Romée,0,3,3
Anna-Roza,0,3,3
Anna-Siënna,0,3,3
Anna-Sterre,0,3,3
Anna-Tonia,0,3,3
Anna-Victoria,0,3,3
Annabaukje,0,3,3
Annabel-Lee,0,3,3
Annaberth,0,3,3
Annada,0,3,3
Annafien,0,3,3
Annafrida,0,3,3
Annagie,0,3,3
Annagrada,0,3,3
Annagré,0,3,3
Annagre,0,3,3
Annagreeth,0,3,3
Annagreta,0,3,3
Annagriet,0,3,3
Annagrietje,0,3,3
Annagryt,0,3,3
Annaïck,0,3,3
Annajo,0,3,3
Annakarina,0,3,3
Annalea,0,3,3
Annaleah,0,3,3
Annalein,0,3,3
Annalène,0,3,3
Annaley,0,3,3
Annalief,0,3,3
Annaliena,0,3,3
Annalieza,3,3,6
Annalinda,0,3,3
Annalisia,0,3,3
Annalita,0,3,3
Annaliz,0,3,3
Annaluisa,0,3,3
Annalyne,0,3,3
Annalyse,0,3,3
Annalysia,0,3,3
Annamar,0,3,3
Annamargretha,0,3,3
Annamarij,0,3,3
Annamarit,0,3,3
Annamarita,0,3,3
Annamary,0,3,3
Annamay,0,3,3
Annamaya,0,3,3
Annamima,0,3,3
Annane,0,3,3
Annaneas,3,0,3
Annanieske,0,3,3
Annanieta,0,3,3
Annanina,0,3,3
Annapaula,0,3,3
Annapolonia,0,3,3
Annard,3,0,3
Annariet,0,3,3
Annarina,0,3,3
Annarique,0,3,3
Annarose,0,3,3
Annasofia,0,3,3
Annastansia,0,3,3
Annastashia,0,3,3
Annastazja,0,3,3
Annasthassia,0,3,3
Annate,0,3,3
Annatine,0,3,3
Annatolia,3,3,6
Annawies,0,3,3
Annay,0,3,3
Annaya,0,3,3
Annayet,0,3,3
Annchen,0,3,3
Annè,3,3,6
Anne-Bep,0,3,3
Anne-bet,0,3,3
Anne-Bet,0,3,3
Anne-Betje,0,3,3
Anne-Betty,0,3,3
Anne-Bouk,3,3,6
Anne-Brechtje,0,3,3
Anne-Bregtje,0,3,3
Anne-Caro,0,3,3
Anne-Carolien,0,3,3
Anne-Catherina,0,3,3
Anne-Catherine,0,3,3
Anne-Cathérine,0,3,3
Anne-Catrien,0,3,3
Anne-Celeste,0,3,3
Anne-Constance,0,3,3
Anne-Cornelia,0,3,3
Anne-Dine,0,3,3
Anne-Dora,0,3,3
Anne-Eline,0,3,3
Anne-Elis,0,3,3
Anne-Else,0,3,3
Anne-Felicia,0,3,3
Anne-Féline,0,3,3
Anne-Fem,0,3,3
Anne-Fie,0,3,3
Anne-Florence,0,3,3
Anne-Florine,0,3,3
Anne-Fré,3,3,6
Anne-Frida,0,3,3
Anne-Froukje,0,3,3
Anne-Geerte,0,3,3
Anne-Gees,0,3,3
Anne-Gerdien,0,3,3
Anne-Gertrude,0,3,3
Anne-Gina,0,3,3
Anne-Gjalt,3,0,3
Anne-Griet,0,3,3
Anne-Hester,0,3,3
Anne-Hilda,0,3,3
Anne-Iris,0,3,3
Anne-Isa,0,3,3
Anne-Janine,0,3,3
Anne-Janke,0,3,3
Anne-Jans,3,3,6
Anne-Jeen,3,0,3
Anne-Jel,0,3,3
Anne-Jikke,0,3,3
Anne-Job,0,3,3
Anne-Johannes,3,0,3
Anne-Jolein,0,3,3
Anne-Josephine,0,3,3
Anne-Josien,0,3,3
Anne-Juul,0,3,3
Anne-Karinne,0,3,3
Anne-Kate,0,3,3
Anne-Klaasje,0,3,3
Anne-Kris,0,3,3
Anne-Kristine,0,3,3
Anne-Laurie,0,3,3
Anne-Lea,0,3,3
Anne-lee,0,3,3
Anne-Lia,0,3,3
Anne-Lieze,0,3,3
Anne-Lijn,0,3,3
Anne-linn,0,3,3
Anne-Liv,0,3,3
Anne-Liz,0,3,3
Anne-lize,0,3,3
Anne-Lott,0,3,3
Anne-Louis,3,3,6
Anne-Lucia,0,3,3
Anne-Luise,0,3,3
Anne-Lyke,0,3,3
Anne-Lyse,0,3,3
Anne-maaike,0,3,3
Anne-Maayke,0,3,3
Anne-Madelief,0,3,3
Anne-Mai,0,3,3
Anne-Maike,0,3,3
Anne-Malou,0,3,3
Anne-Marcelle,0,3,3
Anne-mare,0,3,3
Anne-Marein,0,3,3
Anne-Margreeth,0,3,3
Anne-Mari,0,3,3
Anne-Marie-Ellen,0,3,3
Anne-Mariët,0,3,3
Anne-Marijcke,0,3,3
Anne-Marion,0,3,3
Anne-Marique,0,3,3
Anne-Marjet,0,3,3
Anne-Marlein,0,3,3
Anne-Marlien,0,3,3
Anne-Marlijn,0,3,3
Anne-Maro,0,3,3
Anne-Marre,0,3,3
Anne-Marrit,0,3,3
Anne-Martijne,0,3,3
Anne-Martina,0,3,3
Anne-Martje,0,3,3
Anne-Mas,0,3,3
Anne-Mathilde,0,3,3
Anne-Matthijs,3,0,3
Anne-Maureen,0,3,3
Anne-Maurice,0,3,3
Anne-may,0,3,3
Anne-Mees,0,3,3
Anne-Mein,0,3,3
Anne-Merijn,3,3,6
Anne-Merijne,0,3,3
Anne-Merlijn,0,3,3
Anne-Meta,0,3,3
Anne-mijn,0,3,3
Anne-Mina,0,3,3
Anne-Mirl,0,3,3
Anne-Mirte,0,3,3
Anne-Naomi,0,3,3
Anne-nel,0,3,3
Anne-Noa,0,3,3
Anne-Paula,0,3,3
Anne-Paule,0,3,3
Anne-Pien,0,3,3
Anne-Quirien,0,3,3
Anne-Rein,0,3,3
Anne-Rens,0,3,3
Anne-Ria,0,3,3
Anne-Rik,3,0,3
Anne-Robijn,0,3,3
Anne-Romée,0,3,3
Anne-Roy,3,0,3
Anne-Sjoerd,3,0,3
Anne-sophie,0,3,3
Anne-Susanne,0,3,3
Anne-Teun,3,3,6
Anne-Tine,0,3,3
Anne-tje,0,3,3
Anne-Victoria,0,3,3
Anne-Wietske,0,3,3
Annéas,3,0,3
Annebaukje,0,3,3
Annebe,0,3,3
Annebee,0,3,3
Annebien,0,3,3
Annebim,0,3,3
Annechin,0,3,3
Annechines,3,0,3
Annechris,0,3,3
Annecleta,0,3,3
Annedee,0,3,3
Annedorte,0,3,3
Annedy,0,3,3
Annefiene,0,3,3
Annefiet,0,3,3
Annefleure,0,3,3
Anneger,0,3,3
Annegert,3,3,6
Annegienes,3,0,3
Annegino,3,0,3
Annego,0,3,3
Annegrit,0,3,3
Annehieke,0,3,3
Annejetje,0,3,3
Annejoke,0,3,3
Annejorie,0,3,3
Annejus,3,0,3
Annejuul,0,3,3
Annekarijn,0,3,3
Annekarina,0,3,3
Anneke-Marie,0,3,3
Annekie,0,3,3
Annekin,0,3,3
Annelé,0,3,3
Annelida,0,3,3
Annélie,0,3,3
Anneliena,0,3,3
Anneliesse,0,3,3
Annelindy,0,3,3
Annelis,0,3,3
Anneliz,0,3,3
Annelka,0,3,3
Annellyke,0,3,3
Annelora,0,3,3
Anneloth,0,3,3
Annelott,0,3,3
AnneLotte,0,3,3
Anneluce,0,3,3
Annelucia,0,3,3
Annelucie,0,3,3
Annelys,0,3,3
Annelyze,0,3,3
Annemarchien,0,3,3
Annemarell,0,3,3
Annemarie-Claire,0,3,3
Annemarieken,0,3,3
Annemarietje,0,3,3
Annemarith,0,3,3
Annemartijne,0,3,3
Annemaya,0,3,3
Annemees,0,3,3
Annemeijne,0,3,3
Annemeis,0,3,3
Annemerie,0,3,3
Annemerieke,0,3,3
Annemerijn,0,3,3
Annemeyn,0,3,3
Annemiecke,0,3,3
Annemijntje,0,3,3
Annemirl,0,3,3
Annemyke,0,3,3
Annen,3,0,3
Annenetta,0,3,3
Annenie,0,3,3
Annenies,0,3,3
Annepauline,0,3,3
Annepiet,3,3,6
Anneriemke,0,3,3
Annerienke,0,3,3
Annerije,0,3,3
Annerik,3,3,6
Annerika,0,3,3
Anneriken,0,3,3
Annerikst,0,3,3
Annerins,0,3,3
Annerinske,0,3,3
Anneroze,0,3,3
Annesjouk,0,3,3
Annesto,3,0,3
Annethea,0,3,3
Annetrijn,0,3,3
Annettie,0,3,3
Annettine,0,3,3
Annevi,0,3,3
Annewijke,0,3,3
AnneWil,0,3,3
Annewim,3,3,6
Anngie,0,3,3
Annichien,0,3,3
Annichiena,0,3,3
Annie-Marie,0,3,3
Anniecke,0,3,3
Anniene,0,3,3
Anniesha,0,3,3
Annieske,0,3,3
Anniët,0,3,3
Anniëtte,0,3,3
Annifrid,0,3,3
Anniggie,0,3,3
Annigtje,0,3,3
Anniina,0,3,3
Annissia,0,3,3
Annite,0,3,3
Anniyah,0,3,3
Annlee,0,3,3
Annobil,3,3,6
Annoes,3,3,6
Annoir,3,0,3
Annoldus,3,0,3
Annon,3,3,6
Annonja,0,3,3
Annor,3,0,3
Annousch,0,3,3
Annuciata,0,3,3
Annukka,0,3,3
Annuradhadebie,0,3,3
Annüschka,0,3,3
Annushka,0,3,3
Annyca,0,3,3
Annyke,0,3,3
Annyta,0,3,3
Annytha,0,3,3
Anoear,3,0,3
Anoeppersad,3,0,3
Anoeradhadevi,0,3,3
Anoerish,3,0,3
Anoescha,0,3,3
Anoeshri,0,3,3
Anoesj,3,3,6
Anoeskadevi,0,3,3
Anoeskadevie,0,3,3
Anoeskha,0,3,3
Anoï,3,3,6
Anointing,3,0,3
Anoli,0,3,3
Anoma,3,3,6
Anoopkoemar,3,0,3
Anooradha,0,3,3
Anoradha,0,3,3
Anouare,3,0,3
Anouchca,0,3,3
Anoucke,0,3,3
Anouq,0,3,3
Anouque,0,3,3
Anoura,0,3,3
Anouschke,0,3,3
Anoushca,0,3,3
Anoushik,0,3,3
Anoushirvan,3,0,3
Anousja,0,3,3
Anowa,0,3,3
Anpalagan,3,3,6
Anqanita,0,3,3
Anquelina,0,3,3
Anria,0,3,3
Anriëtta,0,3,3
Anriëtte,0,3,3
Anroed,3,0,3
Ansaaf,0,3,3
Ansam,0,3,3
Anscharia,0,3,3
Anschonette,0,3,3
Anschwinius,3,0,3
Anseladebie,0,3,3
Anseliene,0,3,3
Anselino,3,0,3
Anser,3,0,3
Ansfride,0,3,3
Ansgard,3,3,6
Ansgela,0,3,3
Anshanty,0,3,3
Anshelina,0,3,3
Anshely,3,3,6
Anshkumar,3,0,3
Ansica,0,3,3
Ansien,0,3,3
Ansina,0,3,3
Ansita,0,3,3
Ansja,0,3,3
Ansjerie,0,3,3
Ansjou,0,3,3
Ansolus,3,0,3
Anssam,0,3,3
Antanios,3,0,3
Antchienus,3,0,3
Antefridus,3,0,3
Antella,0,3,3
Anteo,3,0,3
Antes,3,3,6
Anteunius,3,0,3
Anthany,3,0,3
Anthar,3,0,3
Anthara,0,3,3
Anthéa,0,3,3
Antheia,0,3,3
Anthel,0,3,3
Antheun,3,0,3
Antheunius,3,0,3
Anthime,3,0,3
Anthira,0,3,3
Anthlay,3,0,3
Antho,3,0,3
Anthoinnet,0,3,3
Anthoinnette,0,3,3
Anthom,3,0,3
Anthonella,0,3,3
Anthoniek,3,3,6
Anthoniëtte,0,3,3
Anthonijs,3,0,3
Anthonita,0,3,3
Anthwayne,3,0,3
Anthyne,0,3,3
Anti,3,0,3
Antie,0,3,3
Antilia,0,3,3
Antilla,3,3,6
Antim,3,0,3
Antima,0,3,3
Antinéa,0,3,3
Antinia,0,3,3
Antio,3,0,3
Antionetta,0,3,3
Antje-Jantina,0,3,3
Antogoni,3,0,3
Antoîne,3,0,3
Antoine-Marie,3,0,3
Antoinelle,0,3,3
Antöinette,3,3,6
Antoinette-Maria,0,3,3
Antoius,3,0,3
Antolin,3,3,6
Antonasius,3,0,3
Antonete,0,3,3
Antonetius,3,0,3
Antonetto,0,3,3
Antònia,0,3,3
Antoñia,0,3,3
Antonía,0,3,3
Antonia-Maria,0,3,3
Antonian,3,0,3
Antonidus,3,0,3
Antonijs,3,0,3
Antonike,0,3,3
Antonite,0,3,3
Antoniusovich,3,0,3
Antonja,0,3,3
Antonn,3,0,3
Antonnel,0,3,3
Antonnio,3,0,3
Antoño,3,0,3
Antonova,0,3,3
Antonovich,3,0,3
Antonowitch,3,0,3
Antoona,0,3,3
Antoonette,0,3,3
Antooni,3,0,3
Antoontje,0,3,3
Antoony,3,0,3
Antos,3,0,3
Antoucha,0,3,3
Antraniek,3,0,3
Antrax,3,0,3
Antriaan,3,0,3
Antriksh,3,0,3
Antti,3,0,3
Antwannette,0,3,3
Antwiaah,0,3,3
Antwim,3,0,3
Antwin,3,0,3
Antwon,3,0,3
Antwone,3,0,3
Antynus,3,0,3
Anu-Radha,0,3,3
Anudja,0,3,3
Anuel,3,0,3
Anuhas,3,0,3
Anuhea,0,3,3
Anulka,0,3,3
Anun,3,0,3
Anuntiata,3,3,6
Anunziata,0,3,3
Anupkoemar,3,0,3
Anupma,0,3,3
Anupria,0,3,3
Anupriya,0,3,3
Anur,3,0,3
Anuradhadevie,0,3,3
Anuragini,0,3,3
Anurish,3,0,3
Anurodh,3,0,3
Anuschca,0,3,3
Anushkadevi,0,3,3
Anushri,0,3,3
Anûska,0,3,3
Anüska,0,3,3
Anuskadevi,0,3,3
Anvers,3,0,3
Anwal,0,3,3
Anwari,3,3,6
Anwarkhan,3,0,3
Anwish,3,0,3
Anwour,3,0,3
Anwyn,0,3,3
Anxo,3,0,3
Anyamanee,0,3,3
Anyan,3,0,3
Anyana,0,3,3
Anyca,0,3,3
Anyda,0,3,3
Anyema,0,3,3
Anyolina,0,3,3
Anyomi,3,3,6
Anysia,0,3,3
Anyssia,0,3,3
Anza,3,3,6
Anze,3,0,3
Anzelma,0,3,3
Anzhi,0,3,3
Anzi,3,3,6
Anzish,0,3,3
Anzor,3,0,3
Aodhan,3,0,3
Aolany,0,3,3
Aomar,3,3,6
Aoron,3,0,3
Aos,3,0,3
Aouatef,0,3,3
Aouiss,3,0,3
Aouke,3,0,3
Aouko,3,0,3
Aous,3,0,3
Aousama,3,0,3
Aown,3,0,3
Apalona,0,3,3
Apas,3,0,3
Apdulla,3,0,3
Apdurrahman,3,0,3
Apelles,3,0,3
Apelonius,3,0,3
Aphisit,3,0,3
Aphrodita,0,3,3
Apke,3,3,6
Apko,3,0,3
APL,3,3,6
Apleunia,0,3,3
APM,3,0,3
Apo,3,0,3
Apolinario,3,0,3
Apolle,3,0,3
Apollinaire,3,3,6
Apollinaria,0,3,3
Apollinarus,3,0,3
Apollonaris,3,0,3
Apollus,3,0,3
Aponsah,3,0,3
Apostol,3,0,3
Appe,3,0,3
Appellonia,0,3,3
Apphia,0,3,3
Appi,3,0,3
Appiagyei,3,0,3
Appolinaire,3,0,3
Appollonius,3,0,3
Appolona,0,3,3
Appolonnia,0,3,3
Apryll,0,3,3
Aprylle,0,3,3
Apu,3,0,3
Apurva,3,3,6
Aqide,0,3,3
Aqiela,0,3,3
Aqueda,0,3,3
Aquene,0,3,3
Aqui,3,0,3
Aquilegia,0,3,3
Aquilia,0,3,3
Aquin,3,0,3
Aquinata,0,3,3
Aquinnah,0,3,3
Aquisha,0,3,3
Aquita,0,3,3
Aquivella,0,3,3
Ar-Rasjied,3,0,3
Araadna,0,3,3
Arabia,0,3,3
Araby,3,0,3
Aracelly,0,3,3
Arach,3,0,3
Arachna,0,3,3
Aracy,0,3,3
Aradi,3,3,6
Aradna,0,3,3
Araisha,0,3,3
Arak,3,0,3
Arald,3,0,3
Aralia,0,3,3
Aralyn,0,3,3
Aramais,3,0,3
Aramata,0,3,3
Araminte,0,3,3
Araminthe,0,3,3
Arancka,0,3,3
Arandi,3,3,6
Arando,3,0,3
Arane,0,3,3
Arantés,3,0,3
Arantez,3,0,3
Arantja,0,3,3
Aranxa,0,3,3
Aranxia,0,3,3
Aranza,0,3,3
Aránzazu,0,3,3
Arásh,3,0,3
Arata,3,3,6
Aratchige,3,0,3
Arathorn,3,0,3
Aravinda,3,0,3
Aravinth,3,0,3
Arawn,3,0,3
Arax,3,3,6
Araxi,0,3,3
Araysha,0,3,3
Arazina,0,3,3
Arba,0,3,3
Arbaina,0,3,3
Arbaya,0,3,3
Arbelina,0,3,3
Arbella,0,3,3
Arbesa,0,3,3
Arbnora,0,3,3
Arbresh,3,0,3
Arcady,3,0,3
Arcario,3,0,3
Arcas,3,0,3
Arce,3,0,3
Arcel,3,0,3
Arcélia,0,3,3
Arcelle,0,3,3
Arcenius,3,0,3
Archaad,3,0,3
Archak,3,0,3
Archalaus,3,0,3
Archanadebie,0,3,3
Archanna,0,3,3
Archano,3,0,3
Archant,3,0,3
Archavin,3,0,3
Archibalt,3,0,3
Archielle,3,0,3
Archil,3,0,3
Archilaus,3,0,3
Archim,3,0,3
Archimidez,3,0,3
Archit,3,0,3
Arcilio,3,0,3
Arcilla,0,3,3
Arcon,3,0,3
Ardağ,3,0,3
Ardana,3,3,6
Ardano,3,0,3
Ardarina,0,3,3
Ardaş,3,0,3
Ardaseer,3,3,6
Arde,3,3,6
Ardeche,0,3,3
Ardelle,0,3,3
Ardengo,3,3,6
Ardey,3,0,3
Ardianto,3,0,3
Ardiene,0,3,3
Ardientje,0,3,3
Ardinie,0,3,3
Ardinio,3,0,3
Ardja,3,0,3
Ardjani,3,0,3
Ardje,3,3,6
Ardjena,0,3,3
Ardjo,3,0,3
Ardoni,3,3,6
Arduan,3,0,3
Arduina,0,3,3
Arduïnus,3,0,3
Ardwan,3,0,3
Ardwina,0,3,3
Ardyan,3,0,3
Ardyanti,0,3,3
Area,3,3,6
Ared,3,0,3
Areef,3,0,3
Areeka,3,3,6
Areeya,0,3,3
Arefa,0,3,3
Areg,3,0,3
Areia,3,3,6
Arejaantje,0,3,3
Areles,3,0,3
Arem,3,0,3
Arèn,3,0,3
Arén,3,0,3
Arend-Jans,3,0,3
Arend-Klaas,3,0,3
Arend-Pieter,3,0,3
Arenddiena,0,3,3
Arendjanna,0,3,3
Arendrina,0,3,3
Arendsina,0,3,3
Arendszoon,3,0,3
Arenette,0,3,3
Arennette,0,3,3
Areo,3,0,3
Areopajita,0,3,3
Aresa,0,3,3
Aresina,0,3,3
Arésius,3,0,3
Areska,0,3,3
Aretas,3,0,3
Areyan,3,3,6
Arezoo,0,3,3
Arezou,0,3,3
Arfah,0,3,3
Arfana,0,3,3
Arfat,3,0,3
Arfe,0,3,3
Arfeen,3,0,3
Arfin,3,0,3
Argangel,0,3,3
Argen,3,0,3
Arghawan,0,3,3
Argil,3,0,3
Argill,3,0,3
Argiro,0,3,3
Argun,3,0,3
Argwan,0,3,3
Argyll,3,0,3
Argyro,3,3,6
Arhat,3,0,3
Arhen,0,3,3
Arî,3,0,3
Ariaana,0,3,3
Ariaentje,0,3,3
Arianca,0,3,3
Ariandra,0,3,3
Ariandy,3,0,3
Ariáne,0,3,3
Arianka,0,3,3
Ariarda,0,3,3
Ariatne,0,3,3
Ariberto,3,0,3
Aricela,0,3,3
Arichel,3,3,6
Arichelle,0,3,3
Aridj,0,3,3
Arido,3,0,3
Aridona,0,3,3
Arië,3,3,6
Arie-Gerrit,3,0,3
Arie-Jaap,3,0,3
Arie-Matthijs,3,0,3
Arieaan,3,0,3
Ariedia,0,3,3
Arieëla,0,3,3
Arieëtje,0,3,3
Ariej,0,3,3
Arieja,0,3,3
Ariejanus,3,0,3
Ariejen,3,0,3
Ariejenne,0,3,3
Ariéla,0,3,3
Ariële,0,3,3
Ariëll,0,3,3
Arieni,0,3,3
Arienke,0,3,3
Ariënoldus,3,0,3
Ariens,3,0,3
Ariëntje,0,3,3
Ariesh,3,0,3
Arifcan,3,0,3
Ariff,3,0,3
Arige,0,3,3
Arijalda,0,3,3
Arijansje,0,3,3
Arijetta,0,3,3
Arijn,3,0,3
Arijntje,0,3,3
Arikan,3,0,3
Ariki,3,0,3
Aril,3,0,3
Arila,0,3,3
Arilah,0,3,3
Arilène,0,3,3
Arilla,0,3,3
Arimatea,3,0,3
Arinca,0,3,3
Arindah,0,3,3
Arindi,3,3,6
Arinetta,0,3,3
Arinke,0,3,3
Arinna,0,3,3
Arinoldus,3,0,3
Arinya,0,3,3
Arinzo,3,0,3
Ariono,3,0,3
Aris-Jan,3,0,3
Arischa,0,3,3
Arisia,0,3,3
Arisse,3,3,6
Arissina,0,3,3
Aristarchus,3,0,3
Aristot,3,0,3
Arit,0,3,3
Arite,0,3,3
Ariyanto,3,0,3
Ariyati,0,3,3
Ariyon,3,0,3
Ariza,0,3,3
Arjam,3,0,3
Arjän,3,0,3
Arjan-Paul,3,0,3
Arjanda,0,3,3
Arjandi,3,0,3
Arjanka,0,3,3
Arjanno,3,0,3
Arjaon,3,0,3
Arjate,0,3,3
Arjean,3,3,6
Arjel,0,3,3
Arjen-Jan,3,0,3
Arjen-Pieter,3,0,3
Arjentsje,0,3,3
Arjhun,3,0,3
Arjit,3,0,3
Arjohn,3,0,3
Arjosetta,0,3,3
Arkadaş,3,0,3
Arkadivić,3,3,6
Arken,3,0,3
Arkhurst,0,3,3
Arkon,3,0,3
Arlanco,3,0,3
Arlean,0,3,3
Arlèn,3,3,6
Arlenys,0,3,3
Arleta,0,3,3
Arlett,0,3,3
Arlewijn,3,0,3
Arli,3,3,6
Arlicia,0,3,3
Arlies,0,3,3
Arlietta,0,3,3
Arlinie,0,3,3
Arlisa,0,3,3
Arlonne,0,3,3
Arlya,0,3,3
Arlyne,0,3,3
Arlynne,0,3,3
Arlyson,3,0,3
Armaġan,3,0,3
Armaǵan,3,0,3
Armaghan,0,3,3
Armal,3,0,3
Armanc,3,0,3
Armanç,3,0,3
Armandi,3,0,3
Armannus,3,0,3
Armata,0,3,3
Armau,3,0,3
Armaya,0,3,3
Armea,0,3,3
Armeda,0,3,3
Armela,0,3,3
Armelia,0,3,3
Armenak,3,0,3
Armeni,0,3,3
Armenio,3,0,3
Armenovitch,3,0,3
Armijntje,0,3,3
Armilio,3,0,3
Armir,3,0,3
Armira,0,3,3
Armis,3,3,6
Armish,3,3,6
Armmand,3,0,3
Armondine,0,3,3
Armour,3,0,3
Arnadine,3,3,6
Arnak,3,0,3
Arnaldina,0,3,3
Arnaldus,3,0,3
Arnant,3,0,3
Arnaude,0,3,3
Arndolus,3,3,6
Arne-Peter,3,0,3
Arne-Willem,3,0,3
Arnesa,0,3,3
Arnett,3,3,6
Arnetta,3,3,6
Arnhard,3,0,3
Arnhardt,3,0,3
Arnholdus,3,0,3
Arnhout,3,0,3
Arnice,0,3,3
Arnico,3,0,3
Arnike,0,3,3
Arniko,3,3,6
Arnina,0,3,3
Arnó,3,0,3
Arnobertus,3,0,3
Arnobius,3,0,3
Arnoldiny,3,3,6
Arnoldius,3,0,3
Arnoldt,3,0,3
Arnolfo,3,0,3
Arnolis,3,0,3
Arnošt,3,0,3
Arnouk,0,3,3
Arnseth,3,3,6
Arntjeliena,0,3,3
Arntjelina,0,3,3
Arnulfo,3,0,3
Arnulpha,0,3,3
Arobert,3,0,3
Aroenadevie,0,3,3
Aroesa,0,3,3
Aroldo,3,0,3
Arolien,0,3,3
Arôn,3,0,3
Aronde,0,3,3
Aronimus,3,0,3
Aroonkumar,3,0,3
Arosha,0,3,3
Aroura,0,3,3
Arousa,0,3,3
Arousse,0,3,3
Arowena,0,3,3
Aroya,0,3,3
Aroza,0,3,3
Arpan,3,0,3
Arpje,0,3,3
Arquin,3,0,3
Arram,3,0,3
Arressina,0,3,3
Arrestides,3,0,3
Arria,0,3,3
Arriane,0,3,3
Arrieke,0,3,3
Arriena,0,3,3
Arriët,0,3,3
Arrigje,0,3,3
Arrin,3,3,6
Arrison,3,0,3
Arruda,3,3,6
Arryan,3,0,3
Arryjan,3,0,3
Arsa,3,3,6
Arsaad,3,0,3
Arschwin,3,0,3
Arsel,3,0,3
Arselan,3,0,3
Arsénio,3,0,3
Arseno,3,0,3
Arseño,3,0,3
Arshaya,0,3,3
Arshbir,3,0,3
Arshed,3,0,3
Arsheya,3,3,6
Arshian,3,3,6
Arshita,0,3,3
Arshveer,3,3,6
Arshvir,3,0,3
Arshyaan,3,0,3
Arsiema,0,3,3
Arşin,3,0,3
Arsis,3,0,3
Arsja,0,3,3
Arsoe,0,3,3
Arson,3,0,3
Arston,3,0,3
Artaban,3,0,3
Artagnan,3,0,3
Artair,3,0,3
Artash,3,0,3
Artelina,0,3,3
Artemas,3,0,3
Artème,3,0,3
Artemi,3,3,6
Artemientje,0,3,3
Artemjevich,3,0,3
Artemy,3,0,3
Artemyevich,3,0,3
Arth,3,0,3
Arthe,3,0,3
Arthikan,3,0,3
Arthin,3,0,3
Arthley,3,0,3
Artho,3,0,3
Arthro,3,0,3
Arthurina,0,3,3
Arthurovich,3,0,3
Arthus,3,0,3
Arti-Devi,0,3,3
Artiaga,3,3,6
Artidebi,0,3,3
Artidebie,0,3,3
Artidevi,0,3,3
Artiedevie,0,3,3
Artiene,0,3,3
Artiënne,0,3,3
Artimeo,3,0,3
Artino,3,0,3
Artinus,3,0,3
Artis,3,3,6
Artjana,0,3,3
Artjanadevie,0,3,3
Artoine,3,0,3
Artreyu,3,0,3
Arts,0,3,3
Artto,3,0,3
Arturi,0,3,3
Arturius,3,0,3
Artvien,3,0,3
Artwan,3,0,3
Artwin,3,0,3
Artyomovich,3,0,3
Arul,3,0,3
Arum,3,3,6
Aruna-Devi,0,3,3
Arunadebie,0,3,3
Arunan,3,0,3
Arundel,3,0,3
Arunja,0,3,3
Arushan,3,0,3
Arushka,0,3,3
Arveds,3,0,3
Arvel,3,0,3
Arvi,3,3,6
Arvic,3,0,3
Arvien,3,0,3
Arviend,3,0,3
Arviënne,0,3,3
Arvinda,3,0,3
Arvindra,3,0,3
Arvinkumar,3,0,3
Arvyd,3,0,3
Arwald,3,0,3
Arwanie,0,3,3
Arwel,3,0,3
Arwiesh,3,0,3
Arwim,3,0,3
Arwina,0,3,3
Arwindh,3,0,3
Arwindren,3,0,3
Arwoud,3,0,3
Aryaa,0,3,3
Aryaam,0,3,3
Aryah,3,3,6
Aryano,3,0,3
Aryaz,3,0,3
Arybert,3,0,3
Arydina,0,3,3
Arye,3,0,3
Aryeley,0,3,3
Aryenio,3,0,3
Aryetta,0,3,3
Aryian,3,0,3
Aryjan,3,0,3
Arylton,3,0,3
Aryonne,0,3,3
Arys,3,0,3
Arzenia,0,3,3
Arzenio,3,0,3
Arzinio,3,0,3
Arzon,3,3,6
Arzü,0,3,3
Arzuman,3,0,3
Asaaf,3,3,6
Asadur,3,0,3
Asaff,3,0,3
Asafo,3,3,6
Asaiyah,3,3,6
Asajah,3,3,6
Asalia,0,3,3
Asamoa,3,3,6
Asana,0,3,3
Asani,3,3,6
Asanna,0,3,3
Asanthe,0,3,3
Asar,3,0,3
Asaru,3,0,3
Asayah,3,3,6
Ascania,0,3,3
Ascaria,0,3,3
Asceneth,0,3,3
Aschlyn,0,3,3
Asdin,3,0,3
Asear,3,0,3
Asela,0,3,3
Asencion,3,0,3
Asenso,3,3,6
Aseosa,0,3,3
Asera,0,3,3
Aseth,0,3,3
Asetou,0,3,3
Asfa,0,3,3
Asfaak,3,0,3
Asfaar,3,0,3
Asfaha,3,0,3
Asfand,3,0,3
Asgaralie,3,0,3
Asgedom,3,0,3
Asgharali,3,0,3
Ashab,3,0,3
Ashah,0,3,3
Ashai,3,3,6
Ashainely,0,3,3
Ashalita,0,3,3
Ashania,0,3,3
Ashanna,0,3,3
Ashannah,0,3,3
Ashano,3,0,3
Ashant,3,0,3
Ashante,3,3,6
Ashanteley,0,3,3
Ashantewa,0,3,3
Ashantey,0,3,3
Ashantley,0,3,3
Ashanto,3,0,3
Ashantua,0,3,3
Ashaz,3,0,3
Ashe,3,3,6
Ashfaak,3,0,3
Ashhab,3,0,3
Ashhad,3,0,3
Ashie,3,0,3
Ashies,3,0,3
Ashima,0,3,3
Ashini,0,3,3
Ashisie,3,3,6
Ashiva,0,3,3
Ashkir,3,0,3
Ashlen,3,3,6
Ashlesha,0,3,3
Ashleyn,0,3,3
Ashlina,0,3,3
Ashma,0,3,3
Ashmat,3,0,3
Ashmeeta,0,3,3
Ashmien,0,3,3
Ashmieta,0,3,3
Ashmini,0,3,3
Ashmir,3,0,3
Ashmitha,0,3,3
Ashnakoemarie,0,3,3
Ashnawatie,0,3,3
Ashnita,0,3,3
Ashny,0,3,3
Ashoetosh,3,0,3
Ashok-Kumar,3,0,3
Ashokumar,3,0,3
Ashong,0,3,3
Ashraff,3,0,3
Ashram,3,0,3
Ashref,3,0,3
Ashrey,3,0,3
Ashriel,0,3,3
Ashsyler,3,0,3
Ashta,0,3,3
Ashtan,3,0,3
Ashtar,3,0,3
Ashtara,0,3,3
Ashurina,0,3,3
Ashvani,3,3,6
Ashveer,3,0,3
Ashvika,0,3,3
Ashwad,3,0,3
Ashwania,0,3,3
Ashwanth,3,0,3
Ashwantie,0,3,3
Ashwari,0,3,3
Ashwarja,0,3,3
Ashwary,0,3,3
Ashweeta,0,3,3
Ashwena,0,3,3
Ashwieta,0,3,3
Ashwinidevi,0,3,3
Ashyana,0,3,3
Ashytosh,3,0,3
Asida,0,3,3
Asiël,3,0,3
Asijah,0,3,3
Asilhan,3,0,3
Asilkan,3,0,3
Asime,0,3,3
Asine,0,3,3
Asistio,3,3,6
Asita,0,3,3
Asiyegül,0,3,3
Asjanti,3,3,6
Asjfaaq,3,0,3
Asjoka,3,0,3
Ask,3,3,6
Askalu,0,3,3
Askelina,0,3,3
Aşkim,0,3,3
Askr,3,0,3
Aslak,3,0,3
Aslamkhan,3,0,3
Aslışah,0,3,3
Asllan,3,0,3
Asmaä,0,3,3
Asmaranda,0,3,3
Asmaria,0,3,3
Asmea,0,3,3
Asmee,0,3,3
Asmes,3,0,3
Asminah,0,3,3
Asminta,0,3,3
Asmiralda,0,3,3
Asmiranda,0,3,3
Asmirella,0,3,3
Asmitha,0,3,3
Asmma,0,3,3
Asmodée,0,3,3
Asni,0,3,3
Asnita,0,3,3
Aso,3,3,6
Asoma,3,3,6
Asor,3,3,6
Asow,3,0,3
Aspasius,3,0,3
Aspazia,0,3,3
Asraar,0,3,3
Asri,3,3,6
Asriel,3,0,3
Asriël,3,3,6
Asruf,3,0,3
Assai,3,0,3
Assaline,0,3,3
Assani,3,3,6
Assante,3,0,3
Assefa,0,3,3
Asseia,0,3,3
Asseil,3,0,3
Asseleen,3,0,3
Asselijna,0,3,3
Asseltsje,0,3,3
Assen,3,0,3
Assena,0,3,3
Asshar,3,0,3
Assiel,3,3,6
Assilla,0,3,3
Assinat,0,3,3
Assisi,3,3,6
Assisius,3,0,3
Asstrando,3,0,3
Assueres,3,0,3
Assuërus,3,0,3
Assumptia,0,3,3
Assumtha,0,3,3
Assunto,3,3,6
Astaline,0,3,3
Astare,0,3,3
Astasia,0,3,3
Astawie,3,0,3
Aste,3,0,3
Astère,0,3,3
Asterios,3,0,3
Asterius,3,0,3
Asterra,0,3,3
Asterre,0,3,3
Astgik,0,3,3
Astraia,0,3,3
Astranda,0,3,3
Astraya,0,3,3
Astred,0,3,3
Astrée,0,3,3
Astrie,0,3,3
Astrina,0,3,3
Asuërina,0,3,3
Asumadu,3,0,3
Asumpta,0,3,3
Asumptha,0,3,3
Asun,0,3,3
Asuna,0,3,3
Asuquo,3,0,3
Asusena,0,3,3
Asvani,3,0,3
Asveen,3,0,3
Asvini,0,3,3
Aswath,3,0,3
Aswerus,3,0,3
Aswieta,0,3,3
Aswini,0,3,3
Aswinkumar,3,0,3
Aswiny,0,3,3
Asyana,0,3,3
Asyanto,3,3,6
Asyer,3,0,3
Asyera,0,3,3
Aszien,0,3,3
Ataç,3,0,3
Atahualpa,3,0,3
Atalana,0,3,3
Atanasios,3,0,3
Atanasov,3,0,3
Ataner,3,0,3
Atanga,3,3,6
Atanur,3,0,3
Atara,0,3,3
Atasja,0,3,3
Atasse,3,0,3
Ataullah,3,0,3
Atcherley,0,3,3
Atchioke,3,0,3
Ateia,3,0,3
Atelien,0,3,3
Atelina,0,3,3
Atem,3,0,3
Atesh,3,0,3
Atessa,0,3,3
Ateyh,3,0,3
Athala,0,3,3
Athalía,0,3,3
Athanase,3,0,3
Athanasi,3,0,3
Athanatius,3,0,3
Athara,3,3,6
Atharshan,3,0,3
Athavan,3,0,3
Athená,0,3,3
Athenasius,3,0,3
Athi,0,3,3
Athinsa,0,3,3
Athit,3,0,3
Athlolinda,0,3,3
Athonia,0,3,3
Athumani,3,0,3
Atiba,3,0,3
Atica,0,3,3
Atiënne,0,3,3
Atıfcan,3,0,3
Atijna,0,3,3
Atilano,3,0,3
Atilia,0,3,3
Atillah,3,0,3
Atillio,3,0,3
Atinka,0,3,3
Atja,0,3,3
Atlantic,3,0,3
Atley,3,0,3
ATM,3,0,3
Atmanand,3,0,3
Atmar,3,0,3
Atmin,3,0,3
Atmô,3,0,3
Aton,3,0,3
Atoosa,0,3,3
Atosa,0,3,3
Atraiu,3,0,3
Atréjoe,3,0,3
Atria,0,3,3
Atrien,3,0,3
Atser,3,0,3
Atsina,0,3,3
Atso,3,0,3
Atsu,3,0,3
Attaalla,3,3,6
Attala,0,3,3
Attalla,3,0,3
Atteke,0,3,3
Attiena,0,3,3
Attillo,3,0,3
Attine,0,3,3
Attique,3,0,3
Attiya,0,3,3
Attoh,3,3,6
Attouline,0,3,3
Atuah,3,3,6
Atur,3,3,6
Atwa,3,3,6
Atwal,3,3,6
Atwaroe,3,0,3
Atwin,3,0,3
Atyana,0,3,3
Atzes,3,0,3
Auatif,0,3,3
Auben,3,0,3
Auberon,3,0,3
Aubrianna,0,3,3
Auco,3,0,3
Audelino,3,0,3
Audilia,0,3,3
Audina,0,3,3
Audomaris,3,0,3
Audreyana,0,3,3
Audriana,0,3,3
Audric,3,0,3
Audriënne,0,3,3
Audrienne,0,3,3
Audrin,3,0,3
Audrius,3,0,3
Audryana,0,3,3
Aue,3,0,3
Aué,0,3,3
Aufride,0,3,3
Augèle,0,3,3
Augestinus,3,0,3
Augias,3,0,3
Augidia,0,3,3
Augienus,3,0,3
Augje,0,3,3
August-Jan,3,0,3
Augustas,3,0,3
Augustianus,3,0,3
Augustinius,3,0,3
Auguusta,0,3,3
Auke-Anne,3,0,3
Auke-Tjeerd,3,0,3
Aukée,3,0,3
Aukelientje,0,3,3
Aukesz,3,0,3
Aukinus,3,0,3
Auky,3,3,6
Aulakh,0,3,3
Auley,0,3,3
Auli,0,3,3
Aulikki,0,3,3
Aulina,0,3,3
Auliya,3,3,6
Aully,3,3,6
Aum,3,3,6
Aun,3,3,6
Aurée,0,3,3
Aureel,3,0,3
Aureen,0,3,3
Aurelana,0,3,3
Auréli,0,3,3
Aurèlie,0,3,3
Aurelien,3,0,3
Aureliu,3,0,3
Aurell,3,0,3
Aurella,0,3,3
Aurelle,3,3,6
Aurelus,3,0,3
Aurène,0,3,3
Aureni,0,3,3
Auretta,0,3,3
Aureus,3,0,3
Aureyliano,3,0,3
Aurien,3,3,6
Aurilia,0,3,3
Aurilie,0,3,3
Auritha,0,3,3
Aurum,3,0,3
Auryna,0,3,3
Ausama,3,0,3
Ausiny,3,0,3
Auske,0,3,3
Austine,0,3,3
Austinus,3,0,3
Australia,0,3,3
Australis,3,0,3
Austrudia,3,3,6
Ausvan,3,0,3
Autger,3,0,3
Auwe,3,0,3
Auwel,3,0,3
Auwerda,3,0,3
Auwerdina,0,3,3
Auwinus,3,0,3
Auwktje,0,3,3
Auxentius,3,0,3
Auxsilia,0,3,3
Ava-Lynn,0,3,3
Avah,0,3,3
Avak,3,0,3
Avalaisa,0,3,3
Avaley,0,3,3
Avalina,0,3,3
Avallon,0,3,3
Avand,3,0,3
Avanindra,3,0,3
Avanka,0,3,3
Avanna,0,3,3
Avar,3,3,6
Avdic,0,3,3
Avé,3,3,6
Aveah,0,3,3
Avecita,0,3,3
Aveen,3,3,6
Aveiro,3,0,3
Avelaine,0,3,3
Avelette,0,3,3
Avelie,0,3,3
Aveliene,0,3,3
Avelinde,0,3,3
Avenaisa,0,3,3
Avenash,3,0,3
Avendy,3,0,3
Avengelyne,0,3,3
Avenhorn,3,0,3
Avenir,3,0,3
Aventino,3,0,3
Aveny,0,3,3
Averi,3,3,6
Averie,0,3,3
Averoli,3,3,6
Avetis,3,0,3
Avëtisyan,3,3,6
Avéya,0,3,3
Avianka,0,3,3
Avianna,0,3,3
Avicenna,3,0,3
Avichal,3,0,3
Avid,3,3,6
Aviel,3,0,3
Avigayil,0,3,3
Avik,3,0,3
Avikash,3,0,3
Avinanda,0,3,3
Avinashe,0,3,3
Avinashkoemar,3,0,3
Avineshwar,3,0,3
Avinus,3,0,3
Avion,3,0,3
Avira,0,3,3
Aviraj,3,0,3
Aviram,3,0,3
Avisa,0,3,3
Avit,3,0,3
Avitha,0,3,3
Aviyana,0,3,3
Avlynn,0,3,3
Avo,3,0,3
Avoriaz,3,3,6
Avraz,3,0,3
Avrill,0,3,3
Avron,3,0,3
Avsar,3,0,3
Avshalom,3,0,3
Avsin,0,3,3
Avuko,3,0,3
Avyel,3,3,6
Avzal,3,0,3
Awaab,3,0,3
Awadalkrim,3,3,6
Awaes,3,0,3
Awash,3,0,3
Aways,3,3,6
Awdar,3,3,6
Awed,3,0,3
Aweet,3,3,6
Aweke,3,3,6
Awele,0,3,3
Awend,3,0,3
AWG,0,3,3
Awinaas,3,0,3
Awinashkoemar,3,0,3
Awindrenath,3,0,3
Awinesh,3,0,3
Awinish,3,0,3
Awinsie,3,3,6
Awishay,3,0,3
Awiska,0,3,3
Awiti,0,3,3
Awnindrekumar,3,0,3
Awoiska,0,3,3
Awortwi,3,0,3
Aws,3,0,3
Awurama,0,3,3
Awusi,0,3,3
Ax'l,3,0,3
Axanthe,0,3,3
Axèle,0,3,3
Axelia,0,3,3
Axelina,0,3,3
Axeline,0,3,3
Axelio,3,0,3
Axèlle,0,3,3
Axilla,0,3,3
Axin,0,3,3
Axle,3,0,3
Axsamina,0,3,3
Aya-Lina,0,3,3
Ayaad,3,3,6
Ayaani,0,3,3
Ayaba,0,3,3
Ayachi,3,0,3
Ayahni,3,0,3
Ayai,3,0,3
Ayaka,0,3,3
Ayako,0,3,3
Ayalew,3,3,6
Ayanie,0,3,3
Ayanleh,3,0,3
Ayannah,0,3,3
Ayanti,0,3,3
Ayantika,0,3,3
Ayapra,0,3,3
Ayas,3,0,3
Ayata,3,3,6
Ayaw,0,3,3
Aybar,3,0,3
Ayber,3,3,6
Aychal,3,3,6
Ayche,0,3,3
Aychelle,0,3,3
Aychelyn,0,3,3
Aycke,3,0,3
Aydely,0,3,3
Aydeniz,3,3,6
Aydien,3,0,3
Aydil,3,0,3
Aydina,0,3,3
Aydogan,3,0,3
Ayeanna,0,3,3
Ayed,3,0,3
Ayeisha,0,3,3
Ayel,0,3,3
Ayela,0,3,3
Ayele,0,3,3
Ayelle,0,3,3
Ayenda,0,3,3
Ayendé,3,3,6
Ayentha,0,3,3
Ayeola,0,3,3
Ayesa,0,3,3
Ayescha,0,3,3
Ayeshadevi,0,3,3
Ayesja,0,3,3
Ayetullah,3,0,3
Ayewosa,0,3,3
Ayia,0,3,3
Ayida,0,3,3
Ayilara,3,3,6
Ayim,3,0,3
Aying,3,0,3
Ayira,0,3,3
Ayitey,3,0,3
Aykurt,3,0,3
Ayli,0,3,3
Aylia,0,3,3
Aylicia,0,3,3
Aylín,0,3,3
Aylinne,0,3,3
Aylish,0,3,3
Aylsa,0,3,3
Ayméé,0,3,3
Aymer,3,3,6
Aymn,3,0,3
Ayna,0,3,3
Ayne,3,3,6
Aynel,0,3,3
Aynişah,0,3,3
Ayoade,3,0,3
Ayodhya,3,0,3
Ayoki,0,3,3
Ayoko,0,3,3
Ayokunle,3,0,3
Ayomikun,3,0,3
Ayona,0,3,3
Ayora,0,3,3
Ayorinde,3,3,6
Ayotunde,3,0,3
Ayouba,3,0,3
Ayoube,3,0,3
Ayour,3,0,3
Ayrenice,0,3,3
Ayrick,3,0,3
Ayrik,3,0,3
Ayris,0,3,3
Ayrona,3,3,6
Ayrone,3,0,3
Aysah,0,3,3
Aysam,3,0,3
Ayşan,0,3,3
Ayşe-Gül,0,3,3
Ayşe-Melek,0,3,3
Ayşe-Nur,0,3,3
Ayşegūl,0,3,3
Aysem,3,3,6
Ayşesude,0,3,3
Ayshana,0,3,3
Ayshania,0,3,3
Ayshiana,0,3,3
Aysïa-mea,0,3,3
Aysien,0,3,3
Aysil,0,3,3
Ayşim,0,3,3
Aysis,0,3,3
Aysja,0,3,3
Ayson,3,0,3
Aysser,3,0,3
Aysude,0,3,3
Aysuhan,0,3,3
Aytana,0,3,3
Ayte,3,0,3
Aytek,3,0,3
Aytel,3,0,3
Aythami,3,3,6
Aytin,0,3,3
Aytra,0,3,3
Aytron,3,0,3
Aytul,0,3,3
Aytur,3,0,3
Ayun,3,3,6
Ayushmaan,3,0,3
Ayvah,0,3,3
Ayvan,3,0,3
Ayvelle,0,3,3
Ayverson,3,0,3
Ayvi,0,3,3
Aywen,3,3,6
Ayyaan,3,0,3
Ayyad,3,3,6
Ayyan,3,0,3
Ayyur,3,0,3
Ayyuş,0,3,3
Ayzah,0,3,3
Ayzanur,0,3,3
Ayzer,0,3,3
Azaam,3,0,3
Azadali,3,0,3
Azahar,0,3,3
Azahra,0,3,3
Azaï,3,3,6
Azaiah,3,3,6
Azaliyah,0,3,3
Azaraiya,0,3,3
Azaya,0,3,3
Azayra,0,3,3
Azdien,3,3,6
Azeen,0,3,3
Azeh,3,3,6
Azel,0,3,3
Azelaïne,0,3,3
Azez,3,0,3
Azghar,3,0,3
Aziël,3,0,3
Azif,3,0,3
Azijntje,0,3,3
Azir,3,0,3
Azisa,0,3,3
Azizza,0,3,3
Azma,0,3,3
Azmeer,3,0,3
Azniv,0,3,3
Azoka,3,0,3
Azouz,3,0,3
Azraa,0,3,3
Azranaz,0,3,3
Azueres,3,0,3
Azure,3,3,6
Azze,0,3,3
Azzeddin,3,0,3
Azzedin,3,0,3
A'Aicha,0,3,3
A'arif,0,3,3
A'Aron,3,0,3
A'Assammessyy,0,3,3
A'ava-mea,0,3,3
A'Ayaton,3,0,3
A'ayshah,0,3,3
A'Díon,3,0,3
A'djani,0,3,3
A'djaylee,0,3,3
A'Driël,3,0,3
A'Duran,3,0,3
A'eesha,0,3,3
A'ezjanee,0,3,3
A'ïsha,0,3,3
A'jani,3,0,3
A'Jay,3,0,3
A'Kadir,3,0,3
A'Kaylah,0,3,3
A'keysha,0,3,3
A'kos,3,0,3
A'Leesha,0,3,3
A'leesha,0,3,3
A'Loen,0,3,3
A'lynn,0,3,3
A'mae-yen,0,3,3
A'mara,0,3,3
A'maria,0,3,3
A'mei,0,3,3
A'Milian,0,3,3
A'mor,0,3,3
A'mor-Lynn,0,3,3
A'naaisho,3,0,3
A'Naya-Lena,0,3,3
A'nisho,3,0,3
A'ouda,0,3,3
A'reliano,3,0,3
A'sa-el,3,0,3
A'Saydrion,3,0,3
A'shadieeyah,0,3,3
A'sheley,0,3,3
A'shely,0,3,3
A'taume,0,3,3
A'vaira,0,3,3
A'Veanley,3,0,3
A'very,0,3,3
A'vion,3,0,3
A'Vion,3,0,3
A-Brijeannet,0,3,3
A-déshely,0,3,3
A-Isa,0,3,3
A-Jadhielly,0,3,3
A-jaylia,0,3,3
A-Jen,3,0,3
A-Jin,3,0,3
A-Joen,3,0,3
A-Kiam,0,3,3
A-Kiet,3,0,3
A-Lee,3,0,3
A-lice,0,3,3
A-Lin-Moy,0,3,3
A-Loi,3,0,3
A-mi,3,0,3
A-miliana,0,3,3
A-Moy,0,3,3
A-On,3,0,3
A-Sam-Moi,0,3,3
A-Sang,3,0,3
A-Shawn,3,0,3
A-Sjihnta,0,3,3
A-Sjon,3,0,3
A-Tian,3,0,3
A-Wah,3,0,3
A-yir,3,0,3
A.B.,0,3,3
A.J,3,0,3
A.J.,3,0,3
A.M.A.,0,3,3
Aa'iesha,0,3,3
Aa'isha,0,3,3
Aä'ron,3,0,3
AAA,3,0,3
Aabadlkrim,3,0,3
Aabana,0,3,3
Aabd-nbi,3,0,3
Aabdelaziz,3,0,3
Aabdelellah,3,0,3
Aabdlhakim,3,0,3
Aabdorhaman,3,0,3
Aabed,3,0,3
Aaber,3,0,3
Aabia,0,3,3
Aabida,0,3,3
Aabidah,0,3,3
Aabidin,3,0,3
Aabieda,0,3,3
Aabila,0,3,3
Aabirah,0,3,3
Aâbla,0,3,3
Aachienus,3,0,3
Aachna,0,3,3
Aacia,0,3,3
Aad-Tobias,3,0,3
Aadab,0,3,3
Aadarshani,0,3,3
Aädel,3,0,3
Aadelbert,3,0,3
Aader,3,0,3
Aadharshan,3,0,3
Aadharshini,0,3,3
Aadhav,3,0,3
Aadhaya,0,3,3
Aadia,0,3,3
Aadiav,3,0,3
Aadila,0,3,3
Aadina,0,3,3
Aadishankara,3,0,3
Aadithi,0,3,3
Aaditt,3,0,3
Aadityah,3,0,3
Aaditye,3,0,3
Aadjan,3,0,3
Aadnan,3,0,3
Aadnane,3,0,3
Aadon,3,0,3
Aadriaan,3,0,3
Aadriaanus-Jan,3,0,3
Aadrien,3,0,3
Aadriënne,0,3,3
Aadrik,3,0,3
Aadvik,3,0,3
Aaeesha,0,3,3
Aaen,3,0,3
Aaf-ra,0,3,3
Aafaaq,3,0,3
Aafeliene,0,3,3
Aafelina,0,3,3
Aafeline,0,3,3
Aaffienna,0,3,3
Aaffienus,3,0,3
Aaffine,0,3,3
Aafhina,0,3,3
Aafi,0,3,3
Aafia,0,3,3
Aafientje,0,3,3
Aafine,0,3,3
Aafiyah,0,3,3
Aafke-Nelleke,0,3,3
Aafke-Rianna,0,3,3
Aafke-Roelfien,0,3,3
Aafkje,0,3,3
Aafline,0,3,3
Aafmie,0,3,3
Aafonda,0,3,3
Aafra-Jeanne,0,3,3
Aafrianne,0,3,3
Aafrida,0,3,3
Aafron,3,0,3
Aaftab,3,0,3
Aaftiene,0,3,3
Aafy,0,3,3
AAG,3,0,3
Aagata,0,3,3
Aagatha,0,3,3
Aage-Jan,3,0,3
Aageeth,0,3,3
Aagelien,0,3,3
Aagenita,0,3,3
Aaggina,0,3,3
Aagiël,3,0,3
Aagien,0,3,3
Aagiena,0,3,3
Aagil,3,0,3
Aaginus,3,0,3
Aagje-Anne,0,3,3
Aagje-Dina,0,3,3
Aagje-Petronella,0,3,3
Aagonda,0,3,3
Aagta,0,3,3
Aagtelinde,0,3,3
Aagtil,0,3,3
Aagtje-Margreet,0,3,3
AAH,0,3,3
Aahad,3,0,3
Aaharsan,3,0,3
Aahed,0,3,3
Aahid,3,0,3
Aahien,3,0,3
Aahirsan,3,0,3
Aahliyah,0,3,3
Aahmad,3,0,3
Aaicha,0,3,3
Aaïcha,0,3,3
Aaïchah,0,3,3
Aaida,0,3,3
Aaïdah,0,3,3
Aaielt,3,0,3
Aaijas,3,0,3
Aaiko,3,0,3
Aaila,0,3,3
Aailt,3,0,3
Aaïman,3,0,3
Aaisa,3,0,3
Aäisel,0,3,3
Aâissam,3,0,3
Aaisyah,0,3,3
Aaïsyah,0,3,3
Aaiwen,3,0,3
Aaiza,0,3,3
Aaj,3,0,3
Aajaat,0,3,3
Aaje,0,3,3
AAJM,3,0,3
Aakaar,3,0,3
Aakanksh,3,0,3
Aakanksha,0,3,3
Aakarsha,0,3,3
Aakashkumar,3,0,3
Aakelina,0,3,3
Aakhirah,0,3,3
Aakim,3,0,3
Aakira,0,3,3
Aakon,3,0,3
Aakriti,0,3,3
Aaks,3,0,3
AAL,0,3,3
Aal-Rein,3,0,3
Aalaâ,0,3,3
Aalaeddine,3,0,3
Aalaijah,0,3,3
Aalaïjah,0,3,3
Aalam,3,0,3
Aalard,3,0,3
Aalawiyah,0,3,3
Aalaya,0,3,3
Aalbartha,0,3,3
Aalberdien,3,0,3
Aalbért,3,0,3
Aalbertes,3,0,3
Aalberthine,0,3,3
Aalberthus,3,0,3
Aalbertie,0,3,3
Aalbertiena,0,3,3
Aalberto,3,0,3
Aalberts,3,0,3
Aalbrechtina,0,3,3
Aalbrechtje,0,3,3
Aalbrechtsje,0,3,3
Aalchina,0,3,3
Aalchine,0,3,3
Aalder,3,0,3
Aalderieck,3,0,3
Aalderik-jan,3,0,3
Aalderikje,0,3,3
Aaldert-Daan,3,0,3
Aaldert-Harm,3,0,3
Aaldertiena,0,3,3
Aalderttina,0,3,3
Aaldette,0,3,3
Aaldje,3,0,3
Aaldric,3,0,3
Aaldrich,3,0,3
Aaldrico,3,0,3
Aaldrie,0,3,3
Aaldrik-Jan,3,0,3
Aaldrikkina,0,3,3
Aaldrina,0,3,3
Aaldriny,0,3,3
Aale-Frans,3,0,3
Aaleen,0,3,3
Aaleke,0,3,3
Aalekhya,0,3,3
Aalerd,3,0,3
Aaletje,0,3,3
Aaléyah,0,3,3
Aalfelena,0,3,3
Aalfien,0,3,3
Aalfina,0,3,3
Aalfje,0,3,3
Aalfons,3,0,3
Aalfred,3,0,3
Aalgonda,0,3,3
Aalian,3,0,3
Aalidus,3,0,3
Aaliene,0,3,3
Aalieyah,0,3,3
Aalif,3,0,3
Aalihana,0,3,3
Aalihya,0,3,3
Aalines,3,0,3
Aalisah,0,3,3
Aalise,0,3,3
Aaliyãh,0,3,3
Aalìyah,0,3,3
AAliyah,0,3,3
Aaliyah-Jolanda,0,3,3
Aaliyah-Jordan,0,3,3
Aaliyah-Liona,0,3,3
Aaliyah-Lyla,0,3,3
Aaliyah-Lyshanty,0,3,3
Aaliyah-Noor,0,3,3
Aaliyahana,0,3,3
Aaliyahra,0,3,3
Aaliyana,0,3,3
Aaliyanah,0,3,3
Aaliyelle,0,3,3
Aaliyha-Delayla,0,3,3
Aaliyoh,3,0,3
Aaliysha,0,3,3
Aaliyyah,0,3,3
Aalizabeth,0,3,3
Aalker,3,0,3
Aalkien,0,3,3
Aalle,3,0,3
Aallebert,3,0,3
Aallegonda,0,3,3
Aallert,3,0,3
Aallida,0,3,3
Aallie,3,0,3
Aallieldin,3,0,3
Aallien,0,3,3
Aalliha,0,3,3
Aallinda,0,3,3
Aallize,0,3,3
Aally,0,3,3
Aallyah,0,3,3
Aalmar,3,0,3
Aalmoed,0,3,3
Aalok,3,0,3
Aalrien,0,3,3
Aalrijk,3,0,3
Aalrijke,0,3,3
Aals,0,3,3
Aalske,0,3,3
Aalt-Hillebrand,3,0,3
Aalt-Toine,3,0,3
Aaltëa,0,3,3
Aalter,3,0,3
Aalthina,0,3,3
Aaltiejanne,0,3,3
Aaltieno,3,0,3
Aaltini,0,3,3
Aaltje-Angelique,0,3,3
Aaltje-Femmetje,0,3,3
Aaltje-Gerrie,0,3,3
Aaltje-IJmelina,0,3,3
Aaltje-IJmkje,0,3,3
Aaltje-Lammertje,0,3,3
Aaltje-Marie,0,3,3
Aaltjedina,0,3,3
Aaltjen-Alieke,0,3,3
Aaltjo-Jan,3,0,3
Aaltlida,0,3,3
Aaltruida,0,3,3
Aaltsje-Douwine,0,3,3
Aaltszoon,3,0,3
Aaltyra,0,3,3
Aalwina,0,3,3
Aaly,0,3,3
Aalycee,0,3,3
Aalydia,0,3,3
Aalyha,0,3,3
Aalysha,0,3,3
Aam,3,0,3
Aamada,0,3,3
Aamal,0,3,3
Aaman,0,3,3
Aamar,3,0,3
Aamayah,0,3,3
Aamenah,0,3,3
Aâmer,3,0,3
Aamez,3,0,3
Aamiena,0,3,3
Aamilah,0,3,3
Aamino,0,3,3
Aamiran,0,3,3
Aamnah,0,3,3
Aamori,0,3,3
Aan-Age,3,0,3
Aanam,0,3,3
Aanandraam,3,0,3
Aanandvager,3,0,3
Aananth,3,0,3
Aanaya,0,3,3
Aanayah,0,3,3
Aand,3,0,3
Aandert,3,0,3
Aandleeb,0,3,3
Aang,3,0,3
Aaniya,0,3,3
Aannegiene,0,3,3
Aanon,3,0,3
Aanouz,3,0,3
Aansan,0,3,3
Aanseledebie,0,3,3
Aansh,3,0,3
Aanshel,0,3,3
Aanshika,0,3,3
Aansje,3,0,3
Aanske,0,3,3
Aante,3,0,3
Aantink,0,3,3
Aanush,3,0,3
Aanwar,3,0,3
Aanyoung,0,3,3
Aanysa,0,3,3
Aaphemia,0,3,3
Aaqib,3,0,3
Aaqiel,3,0,3
Aaqila,0,3,3
Aarabhi,0,3,3
Aaradhana,0,3,3
Aaradhija,0,3,3
Aaraf,3,0,3
Aarafat,3,0,3
Aaralin,0,3,3
Aaralynn,0,3,3
Aarao,3,0,3
Aarathy,0,3,3
Aaravi,0,3,3
Aaraya,0,3,3
Aarayan,3,0,3
Aarayna,0,3,3
Aarck,3,0,3
Aardarsh,3,0,3
Aardewein,3,0,3
Aardewina,0,3,3
Aardhy,3,0,3
Aardjoost,3,0,3
Aardtje,0,3,3
Aardwan,3,0,3
Aaref,3,0,3
Aarelin,3,0,3
Aaremtiena,0,3,3
Aarezo,0,3,3
Aarfa,0,3,3
Aarfeen,3,0,3
Aarhav,3,0,3
Aari,3,0,3
Aaria,0,3,3
Aarida,0,3,3
Aariefa,0,3,3
Aarieke,0,3,3
Aarifa,0,3,3
Aarius,3,0,3
Aariv,3,0,3
Aariya,0,3,3
Aarìz,3,0,3
Aarja,0,3,3
Aarjaantje,0,3,3
Aarjagohaar,0,3,3
Aarjenne,0,3,3
Aarlanda,0,3,3
Aarliza,0,3,3
Aarm,3,0,3
Aarmaan,3,0,3
Aarnavi,0,3,3
Aarnold,3,0,3
Aarnoudia,0,3,3
Aáron,3,0,3
Aåron,3,0,3
Aaron-Anthony,3,0,3
Aarón-christiaan,3,0,3
Aarón-Christiaan,3,0,3
Aaron-Diaz,3,0,3
Aaron-Jaïr,3,0,3
Aaron-Jason,3,0,3
Aaron-Jun,3,0,3
Aaron-Levi,3,0,3
Aäron-Mees,3,0,3
Aaron-Michael,3,0,3
Aäron-Simon,3,0,3
Aaron-Yasser,3,0,3
Aärona,0,3,3
Aäronno,3,0,3
Aärontyne,0,3,3
Aaroush,3,0,3
Aarp,3,0,3
Aarron,3,0,3
Aarshaad,3,0,3
Aarshia,0,3,3
Aarsjia,3,0,3
Aart-Hendrik,3,0,3
Aart-Henk,3,0,3
Aart-Jaco,3,0,3
Aart-Jacob,3,0,3
Aart-jan,3,0,3
Aart-Jeroen,3,0,3
Aart-Johan,3,0,3
Aart-Johannes,3,0,3
Aart-Joost,3,0,3
Aart-Koen,3,0,3
Aart-Martijn,3,0,3
Aart-Rutger,3,0,3
Aarta-Maria,0,3,3
Aarteke,0,3,3
Aarthegan,3,0,3
Aarthie,0,3,3
Aarthiekoemarie,0,3,3
Aarthik,3,0,3
Aarthisan,3,0,3
Aarti-Anuradha,0,3,3
Aarti-Devi,0,3,3
Aartidevie,0,3,3
Aartidewi,0,3,3
Aartidewie,0,3,3
Aartidor,3,0,3
Aartie-Sandia,0,3,3
Aartiedebi,0,3,3
Aartiedewie,0,3,3
Aartiena,0,3,3
Aartiene,0,3,3
Aartiènne,0,3,3
Aartienne,0,3,3
Aartiesh,3,0,3
Aartimala,0,3,3
Aartimischa,0,3,3
Aartini,0,3,3
Aartisha,0,3,3
Aartjan-Jacob,3,0,3
Aartje-Johanna,0,3,3
Aartje-Maria,0,3,3
Aartjin,0,3,3
Aarto,3,0,3
Aartonius,3,0,3
Aartrie,0,3,3
Aartsz,3,0,3
Aaruchi,0,3,3
Aarun,3,0,3
Aarusha,0,3,3
Aarushsingh,3,0,3
Aarvaag,0,3,3
Aaryaan,3,0,3
Aaryana,0,3,3
Aaryash,3,0,3
Aaryav,3,0,3
Aas,3,0,3
Aasad,3,0,3
Aasaya,0,3,3
Aasha-Kaarin,0,3,3
Aashan,3,0,3
Aashay,3,0,3
Aashayein,3,0,3
Aashena,0,3,3
Aasher,3,0,3
Aashieq,3,0,3
Aashild,0,3,3
Aashinya,0,3,3
Aashirah,0,3,3
Aashirya,0,3,3
Aashis,3,0,3
Aashivanya,0,3,3
Aashiyaana,0,3,3
Aashiyana-Sonakshi,0,3,3
Aashiyani,0,3,3
Aashley,0,3,3
Aashmi,0,3,3
Aashnadevi,0,3,3
Aashnadevie,0,3,3
Aashra,0,3,3
Aashradevi,0,3,3
Aashrita,0,3,3
Aashta,0,3,3
Aashwenie,3,0,3
Aashwin,3,0,3
Aashyana,0,3,3
Aasiagatoen,0,3,3
Aasibullh,3,0,3
Aasimah,0,3,3
Aasiya-banu,0,3,3
Aasiyaa,0,3,3
Aasiyo,0,3,3
Aasja,0,3,3
Aasjieg,3,0,3
Aasmae,0,3,3
Aasmi,0,3,3
Aasmien,0,3,3
Aasr,3,0,3
Aasra,0,3,3
Aasthamoerti,0,3,3
Aasutosh,3,0,3
Aasya,0,3,3
Aataliya,0,3,3
Aatavan,3,0,3
Aate,3,0,3
Aateke,0,3,3
Aatena,0,3,3
Aath,3,0,3
Aatha,0,3,3
Aathago,0,3,3
Aatharshan,3,0,3
Aathie,0,3,3
Aathiran,3,0,3
Aathisan,3,0,3
Aathithan,3,0,3
Aathiththan,3,0,3
Aathityan,3,0,3
Aathrsan,3,0,3
Aathusan,3,0,3
Aatian,3,0,3
Aatiënne,0,3,3
Aatieshkoemar,3,0,3
Aatik,3,0,3
Aàtika,0,3,3
Aătika,0,3,3
Aatikah,0,3,3
Aatisha,0,3,3
Aaveline,0,3,3
Aavinaash,0,3,3
Aavish,3,0,3
Aavni,0,3,3
Aavo,3,0,3
Aavya,0,3,3
Aawthai,3,0,3
Aayaan,3,0,3
Aayana,0,3,3
Aaycha,0,3,3
Aaydan,3,0,3
Aaye,0,3,3
Aayk,3,0,3
Aaykie,0,3,3
Aayla,0,3,3
Aaylah,0,3,3
Aayrah,0,3,3
Aayron,3,0,3
Aayushmaan,3,0,3
Aayushsingh,3,0,3
Aaz-Eddin,3,0,3
Aazam,3,0,3
Aazdine,3,0,3
Aazra,0,3,3
Ab'del,3,0,3
Ab-bram,3,0,3
Ab-Christiaan,3,0,3
Ab-Wim,3,0,3
ABA,0,3,3
Aba-Nyahan,0,3,3
Abaash,3,0,3
Abaayti,0,3,3
Ababiel,3,0,3
Ababio,3,0,3
Abacada,3,0,3
Abad-Ali,3,0,3
Abad-El-Alah,3,0,3
Abadina,3,0,3
Abagabe,0,3,3
Abagael,0,3,3
Abagail,0,3,3
Abagea,0,3,3
Abagta,3,0,3
Abagthá,0,3,3
Abahdia,3,0,3
Abaid-ulla,3,0,3
Abaigael,0,3,3
Abaigeal,0,3,3
Abajoul,3,0,3
Abal,0,3,3
ABAM,0,3,3
Abane,3,0,3
Abanga,3,0,3
Abankwah,3,0,3
Abanlan,0,3,3
Abanoob,3,0,3
Abanuob,3,0,3
Abarima,3,0,3
Abase,3,0,3
Abaseen,3,0,3
Abassin,3,0,3
Abasyn,3,0,3
Abate,3,0,3
Abather,3,0,3
Abati,0,3,3
Abaul,3,0,3
Abayie,3,0,3
Abazar,3,0,3
Abbad,3,0,3
Abbal,3,0,3
Abbasali,3,0,3
Abbasin,3,0,3
Abbass,3,0,3
Abbat-Maarten,3,0,3
Abbédan,0,3,3
Abbedeen,0,3,3
Abbelatif,3,0,3
Abbelina,0,3,3
Abbena,0,3,3
Abberdina,0,3,3
Abberina,0,3,3
Abbert,3,0,3
Abbès,3,0,3
Abbey'nea,0,3,3
Abbeygael,0,3,3
Abbeygaheyl,0,3,3
Abbhay,3,0,3
Abbhinav,3,0,3
Abbi-këila,0,3,3
Abbidi,3,0,3
Abbidin,3,0,3
Abbienne,0,3,3
Abbigaël,0,3,3
Abbigael,0,3,3
Abbigayle,0,3,3
Abbine,0,3,3
Abbiraam,3,0,3
Abbisag,0,3,3
Abbiyense,3,0,3
Abbobaker,3,0,3
Abboth,3,0,3
Abbouraman,3,0,3
Abboy,3,0,3
Abbring,0,3,3
Abby-Bo,0,3,3
Abby-Fae,0,3,3
Abby-Gaelle,0,3,3
Abby-Geally,0,3,3
Abby-Jo,0,3,3
Abby-Liv,0,3,3
Abby-Louise,0,3,3
Abby-lynn,0,3,3
Abby-Scot,0,3,3
Abby-Shane,0,3,3
Abby-Zus,0,3,3
Abbygaehl,0,3,3
Abbygael-Joy,0,3,3
Abbygaïl,0,3,3
Abbygaill,0,3,3
Abbygayle,0,3,3
Abbygeäl,0,3,3
Abbygirl,0,3,3
Abbylee,0,3,3
Abbylene,0,3,3
Abbymay,0,3,3
Abbyram,0,3,3
Abcar,3,0,3
Abd-Allaah,3,0,3
Abd-Almohaimine,3,0,3
Abd-Arrahmaan,3,0,3
Abd-El,3,0,3
Abd-el-Hakim,3,0,3
Abd-El-Hakim,3,0,3
Abd-El-Kariem,3,0,3
Abd-el-Wahhab,3,0,3
Abd-Elrahman,3,0,3
Abd-Elstar,3,0,3
Abd-Madjid,3,0,3
Abd-Salam,3,0,3
Abdaaim,3,0,3
Abdaala,3,0,3
Abdah,0,3,3
Abdalazez,3,0,3
Abdalaziz,3,0,3
Abdalbert,3,0,3
Abdalfatah,3,0,3
Abdalhamed,3,0,3
Abdalhaziz,3,0,3
Abdali,3,0,3
Abdalkadr,3,0,3
Abdallahi,3,0,3
Abdallha,3,0,3
Abdalmasih,3,0,3
Abdalmejied,3,0,3
Abdalmojib,3,0,3
Abdalouhab,3,0,3
Abdalrahmaan,3,0,3
Abdalraziq,3,0,3
Abdanasar,3,0,3
Abdannoer,3,0,3
Abdaparveen,0,3,3
Abdarahim,3,0,3
Abdarrazak,3,0,3
Abdasamad,3,0,3
Abdaslam,3,0,3
Abdassamad,3,0,3
Abdaziz,3,0,3
Abddaym,3,0,3
Abddelkarim,3,0,3
Abde-Allah,3,0,3
Abde-El-Ilah,3,0,3
Abde-Rahim,3,0,3
Abde-Rahman,3,0,3
Abde-raouf,3,0,3
Abdeali,3,0,3
Abdeallah,3,0,3
Abdechahed,3,0,3
Abdechchahid,3,0,3
Abdeddahir,3,0,3
Abdeeg,3,0,3
Abdeelaziz,3,0,3
Abdeen,3,0,3
Abdefatah,3,0,3
Abdeg,3,0,3
Abdehillah,3,0,3
Abdeilah,3,0,3
Abdeïlah,3,0,3
Abdein,3,0,3
Abdel'mouain,3,0,3
Abdel-Amin,3,0,3
Abdel-Djaliel,3,0,3
Abdel-Elah,3,0,3
Abdel-Elrahman,3,0,3
Abdel-Errahmaan,3,0,3
Abdel-hadi,3,0,3
Abdel-Hafid,3,0,3
Abdel-Halim,3,0,3
Abdel-Hassan,3,0,3
Abdel-ilah,3,0,3
Abdel-Kader,3,0,3
Abdel-Latif,3,0,3
Abdel-Louis,3,0,3
Abdel-Malick,3,0,3
Abdel-Rahiem,3,0,3
Abdel-Rahim,3,0,3
Abdel-Razik,3,0,3
Abdel-Salaam,3,0,3
Abdel-Salem,3,0,3
Abdel-Salim,3,0,3
Abdel-Shariff,3,0,3
Abdela,3,0,3
Abdeladem,3,0,3
Abdeladl,3,0,3
Abdelakram,3,0,3
Abdelalhak,3,0,3
Abdelamal,3,0,3
Abdelamir,3,0,3
Abdelatef,3,0,3
Abdelawwal,3,0,3
Abdelazeem,3,0,3
Abdelazez,3,0,3
Abdelazis,3,0,3
AbdelAziz,3,0,3
Abdelâzize,3,0,3
Abdelazziz,0,3,3
Abdelbadie,3,0,3
Abdelbarr,3,0,3
Abdelbary,0,3,3
Abdelbaset,3,0,3
Abdelbasser,3,0,3
Abdelbassir,3,0,3
Abdelbast,3,0,3
Abdelchahid,3,0,3
Abdelchakir,3,0,3
Abdelchalik,3,0,3
Abdelcrim,3,0,3
Abdeldjebbar,3,0,3
Abdelemin,3,0,3
Abdelfaradj,3,0,3
Abdelfarouk,3,0,3
Abdelfataah,3,0,3
Abdelfatih,3,0,3
Abdelfatiha,0,3,3
Abdelfetah,3,0,3
Abdelfettah,3,0,3
Abdelgaabar,3,0,3
Abdelgaali,3,0,3
Abdelgalik,3,0,3
Abdelgani,3,0,3
Abdelgawad,0,3,3
Abdelghader,3,0,3
Abdelghafoer,3,0,3
Abdelghait,3,0,3
Abdelghalek,3,0,3
Abdelghali,3,0,3
Abdelghalib,3,0,3
Abdelghfor,3,0,3
Abdelha,3,0,3
Abdelhaddi,3,0,3
Abdelhafez,3,0,3
Abdelhake,3,0,3
Abdelhalaq,3,0,3
Abdelhaliem,3,0,3
Abdelhani,3,0,3
Abdelhanien,3,0,3
Abdelhanin,3,0,3
Abdelhanine,3,0,3
Abdelhasis,3,0,3
Abdelheddi,3,0,3
Abdelheddy,3,0,3
Abdelhenin,3,0,3
Abdeliah,3,0,3
Abdelila,3,0,3
Abdèlilèh,3,0,3
Abdeliuhed,3,0,3
Abdeljabbare,3,0,3
Abdeljalal,3,0,3
Abdeljallal,3,0,3
Abdeljallil,3,0,3
Abdeljaoued,3,0,3
Abdeljawad,3,0,3
Abdeljawhar,3,0,3
Abdeljazid,3,0,3
Abdeljebbar,3,0,3
Abdelkacem,3,0,3
Abdelkadar,3,0,3
AbdelKader,3,0,3
Abdelkadous,3,0,3
Abdelkadr,3,0,3
Abdelkafy,3,0,3
Abdelkahhar,3,0,3
Abdelkaoui,3,0,3
Abdelkareem,3,0,3
Abdelkarem,3,0,3
Abdelkasem,3,0,3
Abdelkayyoum,3,0,3
Abdelkbir,3,0,3
Abdelkgani,3,0,3
Abdelkhader,3,0,3
Abdelkhalig,0,3,3
Abdelkhatib,3,0,3
Abdelkoddous,3,0,3
Abdelkouddous,3,0,3
Abdelkrimo,3,0,3
Abdell,3,0,3
Abdell-Ilah,3,0,3
Abdellali,3,0,3
Abdellatef,0,3,3
Abdèllatief,3,0,3
Abdellatife,3,0,3
Abdelli,3,0,3
Abdellilah,3,0,3
Abdellouahd,3,0,3
Abdelmaguid,3,0,3
Abdelmajide,3,0,3
Abdelmajjed,3,0,3
Abdélmalik,0,3,3
Abdelmallk,3,0,3
Abdelmaoula,3,0,3
Abdelmaunhim,3,0,3
Abdelmazid,3,0,3
Abdelmegid,3,0,3
Abdelmoamen,0,3,3
Abdelmoaty,3,0,3
Abdelmoefid,3,0,3
Abdelmohaimin,3,0,3
Abdelmohaimine,3,0,3
Abdelmohaymin,3,0,3
Abdelmohcine,3,0,3
Abdelmohssin,3,0,3
Abdelmohzin,3,0,3
Abdelmois,3,0,3
Abdelmoksit,3,0,3
Abdelmola,3,0,3
Abdelmomen,3,0,3
Abdelmonaam,3,0,3
Abdelmonaem,3,0,3
Abdelmonhem,3,0,3
Abdelmoniem,3,0,3
Abdelmoniîm,3,0,3
Abdelmonim,3,0,3
Abdelmonïm,3,0,3
Abdelmonsif,3,0,3
Abdelmotaleb,3,0,3
Abdelmotalib,3,0,3
Abdelmottalib,3,0,3
Abdelmouhcine,3,0,3
Abdelmouhdi,3,0,3
Abdelmouhsine,3,0,3
Abdelmouhssine,3,0,3
Abdelmouid,3,0,3
Abdelmoujib,3,0,3
Abdelmoukit,3,0,3
Abdelmouniem,3,0,3
Abdelmounime,3,0,3
Abdelmounir,3,0,3
Abdelmouttaleb,3,0,3
Abdelmu'min,3,0,3
Abdelmunim,3,0,3
Abdelmutaleb,3,0,3
Abdelnaa'Fih,3,0,3
Abdelnabi,3,0,3
Abdelnaby,0,3,3
Abdelnacer,3,0,3
Abdelnajam-Ben,3,0,3
Abdelnaser,3,0,3
Abdelnasir,3,0,3
Abdelnassair,3,0,3
Abdelnassir,3,0,3
Abdelnoor,3,0,3
Abdelnor,3,0,3
Abdeloahab,3,0,3
Abdeloifik,3,0,3
Abdeloihid,3,0,3
Abdelouahib,3,0,3
Abdelouaid,3,0,3
Abdelouajed,3,0,3
Abdelouajid,3,0,3
Abdelouarit,3,0,3
Abdelouasiea,3,0,3
Abdelouassil,3,0,3
Abdelouhad,3,0,3
Abdelqader,3,0,3
Abdelraahmane,3,0,3
Abdelrafik,3,0,3
Abdelrafour,3,0,3
Abdelrahaman,3,0,3
Abdelrahím,3,0,3
Abdelrahmaan,3,0,3
Abdelrahmen,3,0,3
Abdelraof,3,0,3
Abdelrasjid,3,0,3
Abdelrazak,3,0,3
Abdelrazek,0,3,3
Abdelrazzaq,3,0,3
Abdelrhafour,3,0,3
Abdelrhmaan,3,0,3
Abdelrrahmane-Yassine,3,0,3
Abdelsaadiq,3,0,3
Abdelsadik,3,0,3
Abdelsalem,3,0,3
Abdelsalih,3,0,3
Abdelsammad,3,0,3
Abdelsattar,3,0,3
Abdelselam,3,0,3
Abdelsemi,3,0,3
Abdelshafi,3,0,3
Abdelssamad,3,0,3
Abdeltauab,3,0,3
Abdeltev,3,0,3
Abdeltiph,3,0,3
Abdeluahab,3,0,3
Abdeluahed,3,0,3
Abdeluhaid,3,0,3
Abdeluihed,3,0,3
Abdelwahaab,3,0,3
Abdelwahad,3,0,3
Abdelwaheb,3,0,3
Abdelwahhab,3,0,3
Abdelwahied,3,0,3
Abdelwakeel,3,0,3
Abdelwarit,3,0,3
Abdelwaulid,3,0,3
Abdenaâim,3,0,3
Abdenasir,3,0,3
Abdenbi,3,0,3
Abdenbie,3,0,3
Abdennafie,3,0,3
Abdennafii,3,0,3
Abdennasr,3,0,3
Abdenouar,3,0,3
Abder,3,0,3
Abderabbouh,3,0,3
Abderachid,3,0,3
Abderachim,3,0,3
Abderachman,3,0,3
Abderafi,3,0,3
Abderafie,3,0,3
Abderafik,3,0,3
Abderaghman,3,0,3
Abderahem,3,0,3
Abderahime,3,0,3
Abderahimi,3,0,3
AbdeRahman,3,0,3
Abderahmen,3,0,3
Abderaouf,3,0,3
Abderazzak,3,0,3
Abderhamid,3,0,3
Abderhman,3,0,3
Abderrafik,3,0,3
Abderrafiq,3,0,3
Abderrahem,3,0,3
Abderrahmaen,3,0,3
Abdèrrahman,3,0,3
Abderraouf,3,0,3
Abderrhaman,3,0,3
Abderrhamane,3,0,3
Abderyim,0,3,3
Abderzak,3,0,3
Abdesalame,3,0,3
Abdesalim,3,0,3
Abdesamade,3,0,3
Abdesammad,3,0,3
Abdeselem,3,0,3
Abdesemate,3,0,3
Abdeslem,3,0,3
Abdessabour,3,0,3
Abdessadek,3,0,3
Abdessadik,3,0,3
Abdessalem,3,0,3
Abdessalih,3,0,3
Abdessallam,3,0,3
Abdessami,3,0,3
Abdessamia,3,0,3
Abdessattar,3,0,3
Abdesselam,3,0,3
Abdesselem,3,0,3
Abdesslém,3,0,3
Abdesslem,3,0,3
Abdet,3,0,3
Abdi-fatah,3,0,3
Abdi-Gani,3,0,3
Abdi-Hakin,3,0,3
Abdi-Kaafi,3,0,3
Abdi-Rahim,3,0,3
Abdi-Rahman,3,0,3
Abdi-Salan,3,0,3
Abdi-Wali,3,0,3
Abdibaasid,3,0,3
Abdibari,3,0,3
Abdibaset,3,0,3
Abdidahir,3,0,3
Abdieashid,3,0,3
Abdieello,3,0,3
Abdifataax,3,0,3
Abdigafir,0,3,3
Abdihaafit,3,0,3
Abdihafiid,3,0,3
Abdihakiim,3,0,3
Abdihalim,3,0,3
Abdihamid,3,0,3
Abdihuseen,0,3,3
Abdikabir,0,3,3
Abdikader,3,0,3
Abdikadir-Hassan,3,0,3
Abdikamil,3,0,3
Abdikani,3,0,3
Abdikariim,3,0,3
Abdikhalig,3,0,3
Abdikrim,3,0,3
Abdila,3,0,3
Abdilatif,3,0,3
Abdilftah,3,0,3
Abdilghani,3,0,3
Abdilhafid,3,0,3
Abdilhakim,3,0,3
Abdilhaliq,3,0,3
Abdilhaziz,3,0,3
Abdilkadir,3,0,3
Abdilkarim,3,0,3
Abdillaah,3,0,3
Abdillaahi,0,3,3
Abdilsamet,3,0,3
Abdin,3,0,3
Abdina,0,3,3
Abdinabi,3,0,3
Abdinafac,3,0,3
Abdinajib,3,0,3
Abdinajiib,3,0,3
Abdine,3,0,3
Abdinoor,3,0,3
Abdiqaadir,3,0,3
Abdiqafaar,3,0,3
Abdirabi,3,0,3
Abdirachman,3,0,3
Abdirafiiq,3,0,3
Abdiraheem,3,0,3
Abdirasaaq,3,0,3
Abdirasag,3,0,3
Abdirauuf,3,0,3
Abdiraxman,3,0,3
Abdirazaak,3,0,3
Abdirazag,3,0,3
Abdirihmaan,3,0,3
Abdirihman,3,0,3
Abdirisaak,0,3,3
Abdirizaak,3,0,3
Abdirizag,3,0,3
Abdirizakh,3,0,3
Abdirizaq,3,0,3
Abdisa,0,3,3
Abdisa'id,3,0,3
Abdisabir,3,0,3
Abdisadiq,3,0,3
Abdishakour,3,0,3
Abdisnasir,3,0,3
Abdiwaaxid,3,0,3
Abdiwaheed,3,0,3
Abdiwelli,3,0,3
Abdiye,0,3,3
Abdizarak,3,0,3
Abdjellal,3,0,3
Abdlazaq,3,0,3
Abdlazis,3,0,3
Abdlekrim,3,0,3
Abdlem,3,0,3
Abdlemjid,3,0,3
Abdlhafid,3,0,3
Abdlkrim,3,0,3
Abdllaazez,3,0,3
Abdllatief,3,0,3
Abdlmajid,3,0,3
Abdloahid,3,0,3
Abdltif,3,0,3
Abdluahid,3,0,3
Abdo-Elmonaim,3,0,3
Abdoallah,3,0,3
Abdoarrahman,3,0,3
Abdoeallah,3,0,3
Abdoel-Faziel,3,0,3
Abdoel-Haseeb,3,0,3
Abdoel-Qaadier,3,0,3
Abdoel-Raheem,3,0,3
Abdoel-Rasjied,3,0,3
Abdoel-Sakier,3,0,3
Abdoel-Shan,3,0,3
Abdoela,3,0,3
Abdoelaijoeb,3,0,3
Abdoelaliem,3,0,3
Abdoelaziez,3,0,3
Abdoelbaasiet,3,0,3
Abdoelbachier,3,0,3
Abdoelbasiet,3,0,3
Abdoelchaffar,3,0,3
Abdoeldjamiel,3,0,3
Abdoelfakar,3,0,3
Abdoelfarhaad,3,0,3
Abdoelgaliek,3,0,3
Abdoelha,3,0,3
Abdoelhabieb,3,0,3
Abdoelhak,3,0,3
Abdoelhakiem,3,0,3
Abdoelhamied,3,0,3
Abdoelhaq,3,0,3
Abdoelhasiem,3,0,3
Abdoelilah,3,0,3
Abdoeline,0,3,3
Abdoelkader,3,0,3
Abdoelkarim,3,0,3
Abdoelkasiem,3,0,3
Abdoellaah,3,0,3
Abdoellahi,3,0,3
Abdoellatif,3,0,3
Abdoelmadjied,3,0,3
Abdoelmalik,3,0,3
Abdoelnazier,3,0,3
Abdoelqadir,3,0,3
Abdoelrahied,3,0,3
Abdoelrahmaan,3,0,3
Abdoelrasheed,3,0,3
Abdoelrasidh,3,0,3
Abdoelrasiem,3,0,3
Abdoelrazaaq,3,0,3
Abdoelsaddiek,3,0,3
Abdoelsadiekhan,3,0,3
Abdoelsaif,3,0,3
Abdoelsakoer,3,0,3
Abdoelsamad,3,0,3
Abdoelsheik,3,0,3
Abdoeltif,3,0,3
Abdoelwahab,3,0,3
Abdoer-Rab,3,0,3
Abdoer-Rahiem,3,0,3
Abdoerauf,3,0,3
Abdoerrab,3,0,3
Abdoerrachman,3,0,3
Abdoerrahiem,3,0,3
Abdoerrahman,3,0,3
Abdoes,3,0,3
Abdoessafa,3,0,3
Abdoessamad,3,0,3
Abdolatif,3,0,3
Abdolhakim,3,0,3
Abdolhalim,3,0,3
Abdoljalil,3,0,3
Abdolkarim,3,0,3
Abdolla,3,0,3
Abdolnour,3,0,3
Abdolyanah,3,0,3
Abdón,3,0,3
Abdonabel,3,0,3
Abdonia,0,3,3
Abdoon,3,0,3
Abdossamad,3,0,3
Abdotaleb,3,0,3
Abdou-Allah,3,0,3
Abdou-Errahman,3,0,3
Abdoual,3,0,3
Abdoualrahmen,3,0,3
Abdouchahid,3,0,3
Abdouellah,3,0,3
Abdougheni,0,3,3
Abdouhafid,3,0,3
Abdoukhadre,3,0,3
Abdoul-Ilah,3,0,3
Abdoul-Karim,3,0,3
Abdoul-Latifou,3,0,3
Abdoul-Rahaman,3,0,3
Abdoul-Rahman,3,0,3
Abdoulaahd,3,0,3
Abdoulatif,3,0,3
Abdoulay,3,0,3
Abdoulghadirou,3,0,3
Abdoulhakim,3,0,3
Abdoulhalim,3,0,3
Abdoulhamid,3,0,3
Abdoulhoussein,3,0,3
Abdoulilah,3,0,3
Abdouljalil,3,0,3
Abdoulla,3,0,3
Abdoullaah,3,0,3
Abdoullahi,3,0,3
Abdoullatif,3,0,3
Abdoulmadjid,3,0,3
Abdoulouahab,3,0,3
Abdoulouahad,3,0,3
Abdoulrahamane,3,0,3
Abdoulrahim,3,0,3
Abdoulrazak,0,3,3
Abdoulsalaam,3,0,3
Abdouluahid,3,0,3
Abdoulwahab,3,0,3
Abdoulwaheb,3,0,3
Abdourahime,3,0,3
Abdouramane,3,0,3
Abdourrahim,3,0,3
Abdourrahmaan,3,0,3
Abdousalem,3,0,3
Abdrahem,3,0,3
Abdramane,3,0,3
Abdrazack,3,0,3
Abdreman,3,0,3
Abdsamade,3,0,3
Abdsellame,3,0,3
Abdu-Tahir,3,0,3
Abduahed,3,0,3
Abduallkudos,3,0,3
Abduallrahim,3,0,3
Abduhamid,3,0,3
Abdukani,3,0,3
Abdukarim,3,0,3
Abdûl,3,0,3
Abdul-Achim,3,0,3
Abdul-Adil,3,0,3
Abdul-ahad,3,0,3
Abdul-Aleem,3,0,3
Abdul-Amir,3,0,3
Abdul-Azeez,3,0,3
Abdul-Aziez,3,0,3
Abdul-Basit,3,0,3
Abdul-Djalil,3,0,3
Abdul-Fattah,3,0,3
Abdul-Fettaah,3,0,3
Abdul-Gafoer,3,0,3
Abdul-Galiek,3,0,3
Abdul-Hakim,3,0,3
Abdul-Hassan,3,0,3
Abdul-Hayy,3,0,3
Abdul-Jabar,3,0,3
Abdul-Jalil,3,0,3
Abdul-Jalile,3,0,3
Abdul-kareem,3,0,3
Abdul-Karrim,3,0,3
Abdul-latif,3,0,3
Abdul-Maalik,3,0,3
Abdul-Mumin,3,0,3
Abdul-Qadir,3,0,3
Abdul-Qayyum,3,0,3
Abdul-Quddus,3,0,3
Abdul-Rachidovna,0,3,3
Abdul-Rahaman,0,3,3
Abdul-Rahiem,3,0,3
Abdul-Raouf,3,0,3
Abdul-Razaq,3,0,3
Abdul-razzak,3,0,3
Abdul-Razzak,3,0,3
Abdul-Samad,3,0,3
Abdul-Samed,3,0,3
Abdul-Samet,3,0,3
Abdul-Sami,3,0,3
Abdul-Syakur,3,0,3
Abdul-Wadud,3,0,3
Abdulaahis,3,0,3
Abduladhiif,3,0,3
Abduladil,3,0,3
Abdulahad,3,0,3
Abdulahicisse,3,0,3
Abdulallah,3,0,3
Abdulamin,3,0,3
Abdulatief,3,0,3
Abdulatif,3,0,3
Abdulay,3,0,3
Abdulazez,3,0,3
Abdülaziz,3,0,3
Abdulâziz,3,0,3
Abdulazziz,3,0,3
Abdulbaari,3,0,3
Abdulbagi,3,0,3
Abdulbâki,3,0,3
AbdulBaki,3,0,3
Abdulbasid,3,0,3
Abdulbasir,3,0,3
Abdulbassit,3,0,3
Abdulbatin,3,0,3
Abdulcasis,3,0,3
Abdulcelil,3,0,3
Abdulchahid,3,0,3
Abduldjabaar,3,0,3
Abduldjelil,3,0,3
Abdulfadel,3,0,3
Abdulfataah,3,0,3
Abdulfattah,3,0,3
AbdulFettah,3,0,3
Abdulgaadir,3,0,3
Abdulgader,3,0,3
Abdulgadirou,3,0,3
Abdulgafoer,3,0,3
Abdulgafur,3,0,3
Abdulğafur,3,0,3
Abdulgarip,3,0,3
Abdulghani,3,0,3
Abdulghanie,3,0,3
Abdulghanny,3,0,3
Abdulhadi,3,0,3
Abdulhafith,3,0,3
Abdulhaidi,3,0,3
Abdulhakam,3,0,3
Abdulhakiim,3,0,3
Abdülhakim,3,0,3
Abdulhaliem,3,0,3
Abdulhalik,3,0,3
Abdülhalim,3,0,3
Abdulhamed,0,3,3
Abdulhammed,3,0,3
Abdulhannan,3,0,3
Abdulhaseeb,3,0,3
Abdulhayy,3,0,3
Abdulhussein,0,3,3
Abdulia,3,0,3
Abdulichsan,3,0,3
Abdulina,0,3,3
Abdulio,3,0,3
Abduljaliel,3,0,3
Abduljamil,3,0,3
Abdulkaader,3,0,3
Abdulkadar,3,0,3
Abdulkadirbishaar,3,0,3
Abdulkafi,3,0,3
Abdulkariim,3,0,3
Abdulkarin,0,3,3
Abdulkayyum,3,0,3
Abdulkhaliq,3,0,3
Abdulkouddous,3,0,3
Abdulladiif,3,0,3
Abdullāh,3,0,3
Abdullah-Berkay,3,0,3
Abdullah-Sherif,3,0,3
Abdullaha,3,0,3
Abdullasinan,3,0,3
Abdullatief,3,0,3
Abdüllatif,3,0,3
Abdullemin,3,0,3
Abdullh,3,0,3
Abdullha,3,0,3
Abdulljawaad,3,0,3
Abdulloh,3,0,3
Abdullrahman,3,0,3
Abdulmadjier,3,0,3
Abdulmagid,3,0,3
Abdulmalick,3,0,3
Abdulmalk,3,0,3
Abdulmananovitch,3,0,3
Abdulmecit,3,0,3
Abdülmelih,3,0,3
Abdulmesch,3,0,3
Abdulmohaimen,3,0,3
Abdulmonaïm,3,0,3
Abdulmoula,3,0,3
Abdulmuhemen,3,0,3
Abdulmüheymin,3,0,3
Abdulmuqsit,3,0,3
Abdulmurid,3,0,3
Abdulmutalib,3,0,3
Abdülmuttalib,3,0,3
Abdülmuttalip,3,0,3
Abdulnasar,3,0,3
Abdulnasser,3,0,3
Abdulnaziem,3,0,3
Abdulnazif,3,0,3
Abdulouahab,3,0,3
Abdulouahid,3,0,3
Abdulovna,0,3,3
Abdulqader,0,3,3
Abdulqani,3,0,3
Abdulqawi,3,0,3
AbdulQayyoem,3,0,3
Abdulrachid,3,0,3
Abdulrachman,3,0,3
Abdulrafay,3,0,3
Abdulraffi,3,0,3
Abdulraheem,0,3,3
Abdulrahmaan,3,0,3
Abdülrahman,3,0,3
Abdulrahmane,3,0,3
Abdulramah,3,0,3
Abdulraman,3,0,3
Abdulrashid,3,0,3
Abdulreda,3,0,3
Abdulrida,3,0,3
Abdulrisaaq,3,0,3
Abdulrisak,3,0,3
Abdulrizaaq,3,0,3
Abdulrzaq,3,0,3
Abdulrzeak,3,0,3
Abdulsalaam,3,0,3
Abdülselam,3,0,3
Abdulselam,3,0,3
Abdulshahid,3,0,3
Abdulshukoor,3,0,3
Abdülssamed,3,0,3
Abdultawwaab,3,0,3
Abdülvahap,3,0,3
Abdulvahhab,3,0,3
Abdülvahid,3,0,3
Abdülvahit,3,0,3
Abdulvedud,3,0,3
Abdulwaduud,3,0,3
Abdulwahed,3,0,3
Abdulwahhaab,3,0,3
Abdulwakil,3,0,3
Abdulwalid,3,0,3
Abdulwaliy,3,0,3
Abdulwaris,3,0,3
Abdulwasah,3,0,3
Abduly,3,0,3
Abdun-Nour,3,0,3
Abduqaadir,3,0,3
Abdur-Raheem,3,0,3
Abdur-Rahiem,3,0,3
Abdur-Rehman,3,0,3
Abdurahmàn,3,0,3
Abduraman,3,0,3
Abdurr,3,0,3
Abdurrachman,3,0,3
AbdurRahmaan,3,0,3
Abdurrahmân,3,0,3
Abdurrahman-Can,3,0,3
Abdurrahmen,3,0,3
Abdurraouf,3,0,3
Abdurrazak,3,0,3
Abdurrehmaan,3,0,3
Abdurrehman,3,0,3
Abdurrezak,3,0,3
Abdurrezzag,3,0,3
Abdurrohman,3,0,3
Abdus,3,0,3
Abdüs,3,0,3
Abdusaein,3,0,3
Abdusalaam,3,0,3
Abdusalam,3,0,3
Abdusamed,3,0,3
Abdushakur,3,0,3
Abdusjahid,3,0,3
Abdussaman,3,0,3
Abdüssâmed,3,0,3
Abdussamedcan,3,0,3
Abdussamie,3,0,3
Abdussattaar,3,0,3
Abdüsselâm,3,0,3
Abdüsseyithan,3,0,3
Abdussyakur,3,0,3
Abduwahab,0,3,3
Abdyl-Selam,3,0,3
Abe-Bas,3,0,3
Abe-Lars,3,0,3
Abe-Luuk,3,0,3
Abe-Maël,3,0,3
Abe-Marijn,3,0,3
Abe-Renz,3,0,3
Abeab,3,0,3
Abebaye,0,3,3
Abebba,3,0,3
Abede,0,3,3
Abedelrahman,3,0,3
Abedelrahmane,3,0,3
Abedien,3,0,3
Abedientje,0,3,3
Abedjassen,3,0,3
Abedlah,3,0,3
Abednesha,0,3,3
Abedoilahe,3,0,3
Abedu,3,0,3
Abedua,0,3,3
Abeeku,3,0,3
Abeel,3,0,3
Abeele,0,3,3
Abeera,0,3,3
Abeeran,3,0,3
Abeesha,0,3,3
Abegaïl,0,3,3
Abegaill,0,3,3
Abegale,0,3,3
Abegil,0,3,3
Abeid,3,0,3
Abeida,0,3,3
Abeiku,3,0,3
Abejan,3,0,3
Abejoye,0,3,3
Abeka,0,3,3
Abeker,0,3,3
Abeki,0,3,3
Abel-Gijs,3,0,3
Abel-Jan,3,0,3
Abel-Jeroen,3,0,3
Abel-Oliver,3,0,3
Abela,0,3,3
Abéla,0,3,3
Abélda,0,3,3
Abeldiene,0,3,3
Abéle,0,3,3
Abele-Jan,3,0,3
Abelena,0,3,3
Abelicia,0,3,3
Abelieke,0,3,3
Abelin,3,0,3
Abelinde,0,3,3
Abelinus,3,0,3
Abelisa,0,3,3
Abelita,0,3,3
Abelkarim,3,0,3
Abelke,0,3,3
Abellatif,3,0,3
Abèlle,0,3,3
Abellien,0,3,3
Abellientje,0,3,3
Abellonay,0,3,3
Abellyn,0,3,3
Abelmar,0,3,3
Abelône,0,3,3
Abelraoef,3,0,3
Abelszoon,3,0,3
Abeltine,0,3,3
Abelwiarda,3,0,3
Abely-Jesslin,0,3,3
Abémail,3,0,3
Aben,3,0,3
Abenaba,0,3,3
Abenaki,0,3,3
Abenar,3,0,3
Abençio,3,0,3
Abeney,0,3,3
Abèni,0,3,3
Abenibo,3,0,3
Abenie,3,0,3
Abenna,0,3,3
Abennie,3,0,3
Abenob,3,0,3
Abente,3,0,3
Abeny,0,3,3
Abenzer,3,0,3
Abenzio,3,0,3
Abeò,0,3,3
Aberak,3,0,3
Aberamy,0,3,3
Abercromby,0,3,3
Aberdien,0,3,3
Aberdiena,0,3,3
Aberdinus,3,0,3
Aberha,3,0,3
Abernathy,0,3,3
Aberon,3,0,3
Aberry,3,0,3
Abersyahrina,0,3,3
Abertan,3,0,3
Abertha,0,3,3
Abertina,0,3,3
Abertine,0,3,3
Abesana,0,3,3
Abeseke,3,0,3
Abesha,3,0,3
Abesina,0,3,3
Abetd,3,0,3
Abetha,0,3,3
Abetsy,0,3,3
Abettus,3,0,3
Abewon,0,3,3
Abeycan,3,0,3
Abeygail,0,3,3
Abeyie,3,0,3
Abhai,3,0,3
Abhanjali,0,3,3
Abhar,3,0,3
Abhav,3,0,3
Abhaya,3,0,3
Abhayankari,0,3,3
Abhaychandre,3,0,3
Abhaykoemar,3,0,3
Abhaypartap,3,0,3
Abhey,3,0,3
Abhichandra,3,0,3
Abhideep,3,0,3
Abhielaaksingh,3,0,3
Abhigit,3,0,3
Abhigyan,3,0,3
Abhijeetsingh,3,0,3
Abhijot,3,0,3
Abhikant,3,0,3
Abhilaash,3,0,3
Abhimandjoe,3,0,3
Abhimanju,3,0,3
Abhimanjukoemar,3,0,3
Abhimannoe,3,0,3
Abhimanu,3,0,3
Abhimanyo,3,0,3
Abhinab,3,0,3
Abhinand,3,0,3
Abhinivesh,3,0,3
Abhiradj,3,0,3
Abhirama,3,0,3
Abhisekhanand,3,0,3
Abhishaan,3,0,3
Abhisheiki,0,3,3
Abhishekh,3,0,3
Abhishekshakti,3,0,3
Abhisheque,3,0,3
Abhishicque,3,0,3
Abhishik,3,0,3
Abhjieetsingh,3,0,3
Abhoney-Spechelley,0,3,3
Abhran,3,0,3
Abhymanyu,3,0,3
Abi-Girl,0,3,3
Abiamma,0,3,3
Abias,3,0,3
Abib,3,0,3
Abibakar,3,0,3
Abibatou,0,3,3
Abichaiëll,3,0,3
Abichayil,0,3,3
Abichel,0,3,3
Abidah-Bibi,0,3,3
Abidah-Gatoen,0,3,3
Abidat,0,3,3
Abiddin,3,0,3
Abiden,3,0,3
Abidhoesain,3,0,3
Abidi,3,0,3
Abied,3,0,3
Abiedah,0,3,3
Abiedhoessain,3,0,3
Abieel,0,3,3
Abielah,0,3,3
Abiella,0,3,3
Abiëlla,0,3,3
Abiënté,3,0,3
Abierhet,0,3,3
Abies,0,3,3
Abiës,0,3,3
Abiesh,3,0,3
Abiet,3,0,3
Abietali,3,0,3
Abiezer,3,0,3
Abiga,3,0,3
Abigaél,0,3,3
Abigáel,0,3,3
Abigaëlla,0,3,3
Abigahill,0,3,3
Abigahyl,0,3,3
Abigaíl,0,3,3
Abïgail,0,3,3
Abigail-Ashley,0,3,3
Abigail-Cataleya,0,3,3
Abigail-Jayden,0,3,3
Abigail-Precious,0,3,3
Abigaïll,0,3,3
Abigaill,0,3,3
Abigaïlle,0,3,3
Abigaille,0,3,3
Abigaily,0,3,3
Abigall,0,3,3
Abigayil,0,3,3
Abigëal,0,3,3
Abighaël,0,3,3
Abighaïl,3,0,3
Abighail,0,3,3
Abigial,0,3,3
Abigiäl,0,3,3
Abigje,0,3,3
Abigyl,0,3,3
Abihail,0,3,3
Abihnwi,0,3,3
Abijean,3,0,3
Abijona,0,3,3
Abijut,3,0,3
Abike,0,3,3
Abikeylah,0,3,3
Abila,3,0,3
Abilaash,3,0,3
Abilaine,0,3,3
Abilasha,0,3,3
Abilen,0,3,3
Abilène,0,3,3
Abileny,0,3,3
Abimah,0,3,3
Abiman,3,0,3
Abimanjoe,3,0,3
Abin,0,3,3
Abinadap,3,0,3
Abinadi,3,0,3
Abinayan,3,0,3
Abinder,3,0,3
Abineas,3,0,3
Abinesh,3,0,3
Abinezer,3,0,3
Abinique,0,3,3
Abinner,3,0,3
Abinoam,3,0,3
Abinocha,0,3,3
Abintia,0,3,3
Abinur,0,3,3
Abioed,3,0,3
Abioli,3,0,3
Abiona,0,3,3
Abionie,3,0,3
Abiqail,0,3,3
Abiqoul,0,3,3
Abiraam,3,0,3
Abiraami,0,3,3
Abiraj,3,0,3
Abiramy,0,3,3
Abirangha,0,3,3
Abirnaas,3,0,3
Abis,3,0,3
Abisa,0,3,3
Abisaa,0,3,3
Abisag,0,3,3
Abisalom,3,0,3
Abisayo,0,3,3
Abischag,0,3,3
Abischan,3,0,3
Abisek,3,0,3
Abiselom,3,0,3
Abiseya,0,3,3
Abish,0,3,3
Abishaa,0,3,3
Abishake,3,0,3
Abisharan,3,0,3
Abishehan,3,0,3
Abishika,0,3,3
Abishnaa,0,3,3
Abisiga,0,3,3
Abisoina,0,3,3
Abiss,0,3,3
Abit,3,0,3
Abital,0,3,3
Abiud,3,0,3
Abiut,3,0,3
Abiyukth,3,0,3
Abiyyah,3,0,3
Abizad,0,3,3
Abizat,0,3,3
Abizeka,0,3,3
Abjatar,3,0,3
Abjezus,3,0,3
Abjit,3,0,3
ABJM,3,0,3
Abkhezr,3,0,3
Abkje,0,3,3
Abkur,3,0,3
Ablade,3,0,3
Ablah,0,3,3
Ablaye,3,0,3
Ablel,3,0,3
Ablema,0,3,3
Ablisheikh,3,0,3
Ablkader,3,0,3
Ablodévi,3,0,3
Ably,3,0,3
Abmar,0,3,3
Abnaas,0,3,3
Abni,0,3,3
Abnilson,3,0,3
Abnoop,0,3,3
Abo-alhasan,3,0,3
Aboadje,3,0,3
Aboagy,3,0,3
Aboalhabib,3,0,3
Aboaqye,3,0,3
Abod,3,0,3
Aboda,0,3,3
Abodai,3,0,3
Abodina,0,3,3
Aboebakar,3,0,3
Aboel,3,0,3
Aboetaina,0,3,3
Aboga,3,0,3
Aboicar,3,0,3
Aboker,3,0,3
Abokor,3,0,3
Abolawa,3,0,3
Abold,3,0,3
Abolgadaana,3,0,3
Abolqassim,3,0,3
Abomo,0,3,3
Abondance,0,3,3
Abondie,0,3,3
Abonesh,3,0,3
Aboni,3,0,3
Abonny,0,3,3
Abono,0,3,3
Aborda,3,0,3
Aborigino,3,0,3
Aborokwa,3,0,3
Aborsina,0,3,3
Aboseif,0,3,3
Abotaleb,3,0,3
Abou-Bakre,3,0,3
Aboualhassan,3,0,3
Aboubaca,3,0,3
Aboubackri,3,0,3
Aboubaqr,3,0,3
Abouelkhair,0,3,3
Aboukhalifa,0,3,3
Aboukr,3,0,3
Aboulay,3,0,3
Aboulkassim,3,0,3
Aboutaleib,3,0,3
Aboyen,3,0,3
Aboyewa,3,0,3
Abpo,3,0,3
Abraaõ,3,0,3
Abracha,3,0,3
Abraçinha,0,3,3
Abradu,3,0,3
Abrafí,0,3,3
Abraham-Jacob,3,0,3
Abrahamda,0,3,3
Abrahame,3,0,3
Abrahaminus,3,0,3
Abrahamlina,0,3,3
Abrahammiene,0,3,3
Abrahammine,0,3,3
Abrahamminus,3,0,3
Abrahamne,0,3,3
Abrahamszoon,3,0,3
Abrahanne,0,3,3
Abraharm,3,0,3
Abrahiem,3,0,3
Abraim,3,0,3
Abram-Jan,3,0,3
Abraméus,3,0,3
Abramëus,3,0,3
Abramin,3,0,3
Abramis,3,0,3
Abrammina,0,3,3
Abramtine,0,3,3
Abramyne,0,3,3
Abràn,3,0,3
Abranda,0,3,3
Abrandina,0,3,3
Abranita,0,3,3
Abrâr,3,0,3
Abrata,0,3,3
Abravit,3,0,3
Abraxas,3,0,3
Abrazo,3,0,3
Abree,0,3,3
Abrefah,0,3,3
Abrefie-Dielingen,0,3,3
Abregyan,3,0,3
Abreham,0,3,3
Abrehen,3,0,3
Abrehet,0,3,3
Abrek,3,0,3
Abresham,0,3,3
Abreziër,3,0,3
Abrham,3,0,3
Abria,0,3,3
Abriëlla,0,3,3
Abriella,0,3,3
Abrielle,0,3,3
Abriëlle,0,3,3
Abriënne,0,3,3
Abrigael,3,0,3
Abrigeal,0,3,3
Abrikoos,0,3,3
Abrin,0,3,3
Abriquel,3,0,3
Abrohem,3,0,3
Abrokwaah,0,3,3
Abrokwah,3,0,3
Abronjyma,0,3,3
Abryana,0,3,3
Abs,3,0,3
Absalam,3,0,3
Absaline,0,3,3
Absalomi,0,3,3
Absalonia,0,3,3
Absan,3,0,3
Absar,3,0,3
Absatou,0,3,3
Abschellil,3,0,3
Abshalom,3,0,3
Abshar,0,3,3
Abshaykoemar,3,0,3
Absheron,3,0,3
Abshier,3,0,3
Abshira,0,3,3
Abshiro,0,3,3
Absieh,3,0,3
Absiye,3,0,3
Abske,0,3,3
Abskhroun,3,0,3
Absolomina,0,3,3
Absyrtus,3,0,3
Abtesjam,0,3,3
Abtidoon,3,0,3
Abtul,3,0,3
Abtulla,3,0,3
Abu-Abedaha,3,0,3
Abubakaar,3,0,3
Abubakari,3,0,3
Abubekar,3,0,3
Abubekir,3,0,3
Abubhere,3,0,3
Abucar,0,3,3
Abuchi,3,0,3
Abudallah,3,0,3
Abudance,0,3,3
Abudi,3,0,3
Abudien,3,0,3
Abudurahman,3,0,3
Abugo,3,0,3
Abuhanifa,3,0,3
Abuk,0,3,3
Abukarabshir,3,0,3
Abukari,3,0,3
Abuker,0,3,3
Abullaahi,3,0,3
Abulvzal,3,0,3
Abumere,3,0,3
Abuna,3,0,3
Abundantius,3,0,3
Abundia,0,3,3
Aburto,0,3,3
Aburvan,3,0,3
Aburwa,0,3,3
Abutalib,3,0,3
Abutalip,3,0,3
Abuzar,3,0,3
Aby-gail,0,3,3
Aby-Jo,0,3,3
Abyah,0,3,3
Abychaël,3,0,3
Abygail-Jane,0,3,3
Abygayl,0,3,3
Abyían,3,0,3
Abymaleh,3,0,3
Abyneya,0,3,3
Abyoet,3,0,3
Abyon,3,0,3
Abyonie,3,0,3
Abyono,3,0,3
Abyoth,3,0,3
Abyqail,0,3,3
Abysaël,0,3,3
Abysha,0,3,3
Abyshai,3,0,3
Abysiah,0,3,3
Abyssinia,0,3,3
Abza,0,3,3
Abzal,3,0,3
Acady,0,3,3
Acaï,3,0,3
Acaimo,3,0,3
Acaira,0,3,3
Acajou,0,3,3
ACAM,3,0,3
Acanda,0,3,3
Acapella,0,3,3
Acarbey,3,0,3
Acardio,3,0,3
Acarles,3,0,3
Acash,3,0,3
Acaymo,3,0,3
Accalyna,0,3,3
Acceline,0,3,3
Accianti,0,3,3
Accompli,0,3,3
Accra,0,3,3
Acdaling,3,0,3
Acdanina,0,3,3
Acé,3,0,3
Ace-elmyron,3,0,3
Acelia,0,3,3
Acelien,0,3,3
Açeliyah,0,3,3
Acelja,0,3,3
Acelmo,3,0,3
Açelya-Gülüzar,0,3,3
Acen,0,3,3
Acencion,0,3,3
Aceo,3,0,3
Acer,0,3,3
Acerina,0,3,3
Acero,3,0,3
Aceson,3,0,3
Acesta,0,3,3
Aceves,3,0,3
Aceyla,0,3,3
Aceylia,0,3,3
ACF,0,3,3
ACG,3,0,3
ACGB,0,3,3
Achaa,0,3,3
Achab,3,0,3
Achaemenid,3,0,3
Achai,3,0,3
Achaiah,0,3,3
Achailesh,3,0,3
Achaira,0,3,3
Achaius,3,0,3
Achaline,0,3,3
Achanté,0,3,3
Achantelly,0,3,3
Achantely,0,3,3
Achanthena,0,3,3
Acharaf,3,0,3
Acharia,0,3,3
Acharya,3,0,3
Achata,0,3,3
Achatha,0,3,3
Achatie,0,3,3
Achatius,3,0,3
Achatus,3,0,3
Achavah,0,3,3
Achaya,0,3,3
Achazja,3,0,3
Acheampomah,0,3,3
Acheampongmah,0,3,3
Acheamponma,0,3,3
Acheamponmaa,0,3,3
Acheapong,3,0,3
Achek,3,0,3
Achèle,0,3,3
Achelea,0,3,3
Achelien,3,0,3
Achella,0,3,3
Achelle,0,3,3
Achely,0,3,3
Achem,3,0,3
Achemina,0,3,3
Achenro,3,0,3
Acher,3,0,3
Achere,3,0,3
ACHG,3,0,3
Achia,0,3,3
Achiaa-Fowaah,0,3,3
Achiah,0,3,3
Achiamaa,0,3,3
Achiaw,3,0,3
Achie,0,3,3
Achiël,3,0,3
Achielle,3,0,3
Achieng',0,3,3
Achik,3,0,3
Achilanand,3,0,3
Achiléas,3,0,3
Achileas,3,0,3
Achiles,3,0,3
Achileus,3,0,3
Achilia,0,3,3
Achilis,3,0,3
Achillia,0,3,3
Achïm,3,0,3
Achinoam,0,3,3
Achint,0,3,3
Achinta,0,3,3
Achintdev,3,0,3
Achio,3,0,3
Achir,3,0,3
Achirla,0,3,3
Achiro,0,3,3
Achisarah,0,3,3
Achisha,0,3,3
Achita,0,3,3
Achitoch,3,0,3
Achitofel,3,0,3
Achitopel,3,0,3
Achitosh,3,0,3
Achiya,3,0,3
Achjenkoemar,3,0,3
Achladévi,0,3,3
Achlem,0,3,3
Achma,3,0,3
Achmaa,0,3,3
Achmad-Dawood,3,0,3
Achmadowich,3,0,3
Achmadowna,0,3,3
Achmat,3,0,3
Achmed-Resoel,3,0,3
Achmedamin,3,0,3
Achmedjan,3,0,3
Achmido,3,0,3
Achmmed,3,0,3
Achnamarah,0,3,3
Achnesia,0,3,3
Achnieta,0,3,3
Achoa,0,3,3
Achot,3,0,3
Achou,0,3,3
Achrafdin,3,0,3
Achrafe,3,0,3
Achrakat,0,3,3
Achram,3,0,3
Achref,3,0,3
Achroa,0,3,3
Achsay,3,0,3
Achse,0,3,3
Achtonius,3,0,3
Achua,3,0,3
Achuonjock,3,0,3
Achwag,0,3,3
Achwil,3,0,3
Achwinkumar,3,0,3
Achyad,3,0,3
Achymae,0,3,3
Achyutam,3,0,3
Aci,3,0,3
Aciana,0,3,3
Aciarah,0,3,3
Acibron,3,0,3
Acicia,0,3,3
Aciel,3,0,3
Aciéla,0,3,3
Acif,3,0,3
Acija,3,0,3
Açilay,0,3,3
Açılay,0,3,3
Acilia,0,3,3
Acintya,0,3,3
Acire,0,3,3
Acisclo,3,0,3
Aciz,3,0,3
ACJ,0,3,3
ACJM,0,3,3
Ack,3,0,3
Ackah,3,0,3
Ackbar,3,0,3
Ackelina,0,3,3
Ackelyn,0,3,3
Ackelyna,0,3,3
Ackemee,0,3,3
Ackeo,3,0,3
Acknerton,3,0,3
Acksaikumar,3,0,3
Acky,0,3,3
ACL,0,3,3
Aclan,3,0,3
Acleta,0,3,3
Aclisia,0,3,3
Acmon,3,0,3
Acogido,0,3,3
Aconita,0,3,3
Acora,0,3,3
Acorine,0,3,3
Acqua,0,3,3
Acquaye,0,3,3
Acqueline,0,3,3
Acquila,0,3,3
Acram,3,0,3
Acredita,3,0,3
Acsamina,0,3,3
ACT,0,3,3
Actarus,3,0,3
Acun,3,0,3
Açun,3,0,3
Acura,0,3,3
Açusena,0,3,3
ACW,0,3,3
Acynthia,0,3,3
Acyra,0,3,3
Acyuta,0,3,3
Acyutam,3,0,3
Aczeline,0,3,3
Aczigrel,3,0,3
Ad-Lea,0,3,3
Ad-Willem,3,0,3
Ada-Amaida,0,3,3
Ada-Bregitte,0,3,3
Ada-Johanna,0,3,3
Ada-Lynn,0,3,3
Ada-Maria,0,3,3
Ada-May,0,3,3
Adaban,0,3,3
Adabe,0,3,3
Adabella,0,3,3
Adada,0,3,3
Adadiva,0,3,3
Adaduwaa,0,3,3
Adadzewa,0,3,3
Adae,3,0,3
Adaeeze,0,3,3
Adaem,3,0,3
Adaginho,3,0,3
Adáh,0,3,3
Adahan,3,0,3
Adáhja,0,3,3
Adahyl,3,0,3
Adaï,3,0,3
Adaia,0,3,3
Adail,3,0,3
Adailbert,0,3,3
Adain,3,0,3
Adaïr,3,0,3
Adaira,0,3,3
Adaire,0,3,3
Adaiwa,0,3,3
Adaiy,3,0,3
Adâja,0,3,3
Adajla,0,3,3
Adal-Jamal,3,0,3
Adalaïda,0,3,3
Adalaide,0,3,3
Adalais,0,3,3
Adalar,3,0,3
Adalarda,0,3,3
Adalaria,0,3,3
Adalbart,3,0,3
Adalecha,0,3,3
Adaleide,0,3,3
Adalein,0,3,3
Adalene,0,3,3
Adalette,0,3,3
Adalettinus,3,0,3
Adalgar,3,0,3
Adalgarda,0,3,3
Adalgise,0,3,3
Adalhard,3,0,3
Adalhart,3,0,3
Adalhart-Arnoldus,3,0,3
Adalı,3,0,3
Adali-Anniel,3,0,3
Adalieke,0,3,3
Adalind,0,3,3
Adaline-Rose,0,3,3
Adalio,3,0,3
Adalise,0,3,3
Adalison-Yuray,3,0,3
Adaliyah,0,3,3
Adaliz,0,3,3
Adaljizo,3,0,3
Adalsy,0,3,3
Adalwin,3,0,3
Adam-Alexander,3,0,3
Adam-Amir,3,0,3
Adam-Daud,3,0,3
Adam-Ferron,3,0,3
Adam-Jan,3,0,3
Adam-Jesus,3,0,3
Adam-Louis,3,0,3
Adam-Yacine,3,0,3
Adamakinasih,0,3,3
Adamantium,3,0,3
Adamayero,0,3,3
Adambo,3,0,3
Adamello,3,0,3
Adamer,3,0,3
Adames,3,0,3
Adamette,0,3,3
Adamfo,3,0,3
Adami,0,3,3
Adamia,0,3,3
Adamianus,3,0,3
Adamiek,0,3,3
Adamieke,0,3,3
Adamir,3,0,3
Adamise,0,3,3
Adamjan,3,0,3
Adamm,3,0,3
Adams-Anthony,3,0,3
Adamse,3,0,3
Adamson,3,0,3
Adamu,3,0,3
Adàn-Javed,3,0,3
Adanauris,0,3,3
Adanaz,0,3,3
Adanero,3,0,3
Adania,0,3,3
Adanice,0,3,3
Adanilda,0,3,3
Adanis,3,0,3
Adanish,0,3,3
Adaniyel,3,0,3
Adanlyon,3,0,3
Adannayah,0,3,3
Adanni,0,3,3
Adanniya,0,3,3
Adano,3,0,3
Adanse,3,0,3
Adânto,3,0,3
Adanto,3,0,3
Adanza,0,3,3
Adäo,3,0,3
Adâo,3,0,3
Adao,3,0,3
Adaô,0,3,3
Adaorah,0,3,3
Adaoyibo,0,3,3
Adari,0,3,3
Adarian,3,0,3
Adariana,0,3,3
Adarianus,3,0,3
Adario,3,0,3
Adarjalha,0,3,3
Adarkwah,3,0,3
Adarnus,3,0,3
Adarro,3,0,3
Adarsh-Ray,3,0,3
Adarsheni,0,3,3
Adarshkoemar,3,0,3
Adarshkumar,3,0,3
Adarshnie,0,3,3
Adarshpersad,3,0,3
Adash,3,0,3
Adatinio,3,0,3
Adatu,3,0,3
Adauris,3,0,3
Adauto,3,0,3
Adawardina,0,3,3
Adawiech,0,3,3
Adawina,0,3,3
Adawine,0,3,3
Adaza,0,3,3
Adazéal,3,0,3
Adbeël,3,0,3
Adbiël,3,0,3
ADC,0,3,3
Add,3,0,3
Addaï,3,0,3
Addal,3,0,3
Addee,0,3,3
Addekiena,0,3,3
Addelaide,0,3,3
Addelhafid,3,0,3
Addelien,0,3,3
Addelies,0,3,3
Addeline,0,3,3
Addelino,3,0,3
Addelweis,0,3,3
Addenia,0,3,3
Adderlina,0,3,3
Addhika,0,3,3
Addih,0,3,3
Addij,3,0,3
Addilyn,0,3,3
Addilynn,0,3,3
addin,3,0,3
Addisalem,3,0,3
Addissa,0,3,3
Addissun,3,0,3
Addisu,3,0,3
Addisyn,0,3,3
Addithiya,3,0,3
Addittya,3,0,3
Additus,3,0,3
Addobea,0,3,3
Addoley,0,3,3
Addomaah,0,3,3
Addon,3,0,3
Addonai,3,0,3
Addowa,0,3,3
Addri,3,0,3
Addrie,3,0,3
Addulahi,3,0,3
Adduqwai,0,3,3
Addy-Gonda,0,3,3
Addy-Junior,3,0,3
Addy-Lolkje,0,3,3
Addyna,0,3,3
Adé-Liènne,0,3,3
Ade-Rai,3,0,3
Adean,3,0,3
Adeayo,3,0,3
Adeaze,0,3,3
Adebanji,3,0,3
Adebayor,3,0,3
Adebimpe,0,3,3
Adebo,0,3,3
Adebolajo,0,3,3
Adeboye,3,0,3
Adebukunmi,3,0,3
Adebusola,0,3,3
Adecelio,3,0,3
Adede,0,3,3
Adediwura,0,3,3
Adedoja,0,3,3
Adedolapo,3,0,3
Adeebullah,3,0,3
Adeeltje,0,3,3
Adeenah,0,3,3
Adeepkoemaar,3,0,3
Adees,3,0,3
Adeez,3,0,3
Adefunmi,0,3,3
Adegbenga,3,0,3
Adegbesan,0,3,3
Adegio,3,0,3
Adégnika,3,0,3
Adegonda,0,3,3
Adegord,3,0,3
Adegoroye,3,0,3
Adéh,3,0,3
Adeil,3,0,3
Adeine,0,3,3
Adeira,0,3,3
Adeiya,3,0,3
Adék,3,0,3
Adeka,0,3,3
Adeko,0,3,3
Adekojo,0,3,3
Adekunbi,0,3,3
Adelai,3,0,3
Adelaido,3,0,3
Adelaila,0,3,3
Adelani,3,0,3
Adelano,3,0,3
Adelardus,3,0,3
Adelaria,0,3,3
Adelarius,3,0,3
Adelart,3,0,3
Adelayo,3,0,3
Adelbartus,3,0,3
Adelberda,0,3,3
Adelberte,0,3,3
Adelberth,3,0,3
Adelbertie,0,3,3
Adelçao,3,0,3
Adelção,3,0,3
Adelcia,0,3,3
Adelcides,3,0,3
Adélè,0,3,3
Adéle-Johanna,0,3,3
Adeleano,3,0,3
Adeleda,0,3,3
Adeleh,3,0,3
Adelei,0,3,3
Adeleïda,0,3,3
Adeleigh,0,3,3
Adeleit,0,3,3
Adelem,3,0,3
Adeléne,3,0,3
Adeletta,0,3,3
Adelette,0,3,3
Adeleye,0,3,3
Adelfiene,0,3,3
Adelfina,0,3,3
Adelfine,0,3,3
Adelfo,3,0,3
Adelfred,3,0,3
Adelfreda,0,3,3
Adelfride,0,3,3
Adelgar,3,0,3
Adelgard,3,0,3
Adelgisa,0,3,3
Adelgisil,0,3,3
Adelgondis,3,0,3
Adelgünde,0,3,3
Adelhaidis,0,3,3
Adelhakim,3,0,3
Adelheid-Jacqueline,0,3,3
Adelheid-Janny,0,3,3
Adelhilde,0,3,3
Adèlia,0,3,3
Adeliah,0,3,3
Adeliano,3,0,3
Adelieda,0,3,3
Adeliede,0,3,3
Adeliena,0,3,3
Adeliëne,0,3,3
Adelienna,0,3,3
Adelijde,0,3,3
Adelilah,0,3,3
Adelindra,0,3,3
Adelindus,0,3,3
Adelinio,3,0,3
Adelinne,0,3,3
Adeliño,3,0,3
Adélio,3,0,3
Adelion,3,0,3
Adelique,0,3,3
Adelisio,3,0,3
Adeliz,0,3,3
Adelken,0,3,3
Adell,3,0,3
Adèlle,0,3,3
Adellina,0,3,3
Adellinde,0,3,3
Adelmarus,3,0,3
Adelmina,0,3,3
Adelmoet,0,3,3
Adelpha,3,0,3
Adelphi,0,3,3
Adelphine,0,3,3
Adelrik,3,0,3
Adelrika,0,3,3
Adélsina,0,3,3
Adèltje,0,3,3
Adeltrudes,0,3,3
Adelyenne,0,3,3
Adelyna,0,3,3
Adelynne,0,3,3
Adelyon,3,0,3
Adelyse,0,3,3
Ademali,3,0,3
Ademark,3,0,3
Ademayowa,0,3,3
Ademiek,0,3,3
Ademieke,0,3,3
Ademine,0,3,3
Ademirayo,3,0,3
Ademis,3,0,3
Ademo,3,0,3
Ademsancakbey,3,0,3
Ademurewa,3,0,3
Ademuyiwa,3,0,3
Adenait,0,3,3
Adenajah,0,3,3
Adenane,3,0,3
Adenda,0,3,3
Adenella,0,3,3
Adenette,0,3,3
Adenikè,0,3,3
Adénikê,0,3,3
Adenilma,0,3,3
Adenya,0,3,3
Adeoba,3,0,3
Adeodat,3,0,3
Adeodato,3,0,3
Adeodora,0,3,3
Adéola,3,0,3
Adeolowy,3,0,3
Adeolu,3,0,3
Adepeju,0,3,3
Adepoju,3,0,3
Aderemilekun,0,3,3
Adereti,3,0,3
Aderianne,0,3,3
Aderie,3,0,3
Aderiënne,0,3,3
Aderika,0,3,3
Aderina,0,3,3
Adérito,3,0,3
Aderjaan,3,0,3
Aderjaantje,0,3,3
Aderliana,0,3,3
Aderoju,3,0,3
Aderphos,3,0,3
Adershkumar,3,0,3
Aderyll,3,0,3
Aderyn,3,0,3
Adesanmi,3,0,3
Adesayo,0,3,3
Adescha,0,3,3
Adesefeoise,3,0,3
Adesewa,0,3,3
Adeshkoemar,3,0,3
Adeshola,3,0,3
Adeshwarkumar,3,0,3
Adesire,3,0,3
Adesius,3,0,3
Adessinio,3,0,3
Adet,0,3,3
Adetolani,3,0,3
Adetoye,3,0,3
Adetta,0,3,3
Adette,0,3,3
Adetunde,3,0,3
Adeui,0,3,3
Adevigia,0,3,3
Adeviya,0,3,3
Adewich,0,3,3
Adewina,0,3,3
Adeyele,3,0,3
Adeyori,3,0,3
Adeysha,0,3,3
Adfa,0,3,3
ADG,0,3,3
Adgar,3,0,3
Adgenelly,0,3,3
Adgh,3,0,3
Adgil,3,0,3
Adgild,3,0,3
Adhanet,0,3,3
Adhansheley,0,3,3
Adhany,0,3,3
Adhari,0,3,3
Adharve,3,0,3
Adhary,0,3,3
Adhé,3,0,3
Adheera,0,3,3
Adhèmar,3,0,3
Adhemare,0,3,3
Adhershna,0,3,3
Adhesh,3,0,3
Adhi-Varuna,3,0,3
Adhiati,0,3,3
Adhibaskara,3,0,3
Adhien,3,0,3
Adhiputra,3,0,3
Adhiradj,3,0,3
Adhiraj,3,0,3
Adhiraja,3,0,3
Adhirkoemar,3,0,3
Adhisaya,0,3,3
Adhisayaa,0,3,3
Adhish,3,0,3
Adhisvar,3,0,3
Adhiswar,3,0,3
Adhitama,3,0,3
Adhiti,0,3,3
Adhitiaram,3,0,3
Adhitiya,3,0,3
Adhitkoemar,3,0,3
Adhityawahyu,3,0,3
Adhja,3,0,3
Adhoerie,0,3,3
Adhoré,0,3,3
Adhra,0,3,3
Adhuna,0,3,3
Adhurim,3,0,3
Adhyatam,3,0,3
Adí,0,3,3
Adi-Nath,3,0,3
Adianda,0,3,3
Adiantê,3,0,3
Adiante,3,0,3
Adiantoine,3,0,3
Adianty,0,3,3
Adiaratou,0,3,3
Adiarto,3,0,3
Adibullah,3,0,3
Adicio,3,0,3
Adicipta,3,0,3
Adidas,0,3,3
Adidjah,0,3,3
Adidza,0,3,3
Adieanti,3,0,3
Adieba,0,3,3
Adiebah,0,3,3
Adieke,0,3,3
Adielee,0,3,3
Adielinde,0,3,3
Adielle,0,3,3
Adiém,3,0,3
Adiënda,0,3,3
Adiënne,0,3,3
Adiènne,0,3,3
Adiënzo,3,0,3
Adiërah,0,3,3
Adietja,0,3,3
Adietyakant,3,0,3
Adifaa,0,3,3
Adigetou,0,3,3
Adiguna,3,0,3
Adih,3,0,3
Adihitye,3,0,3
Adihl,3,0,3
Adiiba,0,3,3
Adijah,3,0,3
Adijan,3,0,3
Adijaya,3,0,3
Adije,3,0,3
Adijna,0,3,3
Adijon,3,0,3
Adijono,3,0,3
Adikara,3,0,3
Adike,0,3,3
Adikhaputra,3,0,3
Adiki,3,0,3
Adikmas,3,0,3
Adilar,3,0,3
Adilardo,3,0,3
Adilca,0,3,3
Adilcan,3,0,3
Adilção,3,0,3
Adilcilina,0,3,3
Adılçınar,3,0,3
Adilcio,3,0,3
Adilçon,3,0,3
Adilea,0,3,3
Adilen,0,3,3
Adilene,3,0,3
Adilhia,0,3,3
Adiliano,3,0,3
Adilina,0,3,3
Adiline,0,3,3
Adilita,0,3,3
Adiljo,3,0,3
Adilkaan,3,0,3
Adill,3,0,3
Adillah,0,3,3
Adillée,0,3,3
Adillha,3,0,3
Adillia,0,3,3
Adilobie,0,3,3
Adilse,0,3,3
Adilsen,3,0,3
Adilshah,3,0,3
Adilton,3,0,3
Adiluhur,3,0,3
Adimar,3,0,3
Adimir,3,0,3
Adina-Jade,0,3,3
Adinaldo,3,0,3
Adinan,3,0,3
Adinath,3,0,3
Adinay,0,3,3
Adinca,0,3,3
Adïnda,0,3,3
Adinda-Lies,0,3,3
Adindah-Abigail,0,3,3
Adinetta,0,3,3
Adini,3,0,3
Adinie,0,3,3
Adinilsson,3,0,3
Adinja,0,3,3
Adinka,0,3,3
Adiño,3,0,3
Adinus,3,0,3
Adinysia,0,3,3
Adio,3,0,3
Adiola,0,3,3
Adiolyanne,0,3,3
Adionas,3,0,3
Adip,3,0,3
Adipati,3,0,3
Adipoetra,3,0,3
Adipramana,3,0,3
Adiputro-Adiningrat,3,0,3
Adique,3,0,3
Adire,0,3,3
Adireek,3,0,3
Adiro,0,3,3
Adis-Azador,3,0,3
Adisab,3,0,3
Adisak,3,0,3
Adisan,3,0,3
Adischa,0,3,3
Adishkoemar,3,0,3
Adishwar,3,0,3
Adishya,0,3,3
Adisia,0,3,3
Adisja,0,3,3
Adisoelaksono,3,0,3
Adisoetjipto,3,0,3
Adisri,0,3,3
Adisurya,0,3,3
Adita,0,3,3
Aditama,3,0,3
Aditey,3,0,3
Aditeya,3,0,3
Aditha,0,3,3
Adithama,3,0,3
Adithia,0,3,3
Adithiya,3,0,3
Adithtya,3,0,3
Adithvi,3,0,3
Adithyaputra,3,0,3
Adithyawan,3,0,3
Aditia,3,0,3
Aditie,3,0,3
Adittiyaprakaash,3,0,3
Adity,0,3,3
Adityachandre-Roy,3,0,3
Adityakoemar,3,0,3
Adityaradj,3,0,3
Aditza,0,3,3
Adivén,3,0,3
Adiviye,0,3,3
Adiwidjaya,3,0,3
Adixia,0,3,3
Adiy,3,0,3
Adiyaan,0,3,3
Adiyan,3,0,3
Adiyat,3,0,3
Adizah,0,3,3
Adjadeng,3,0,3
Adjaghir,3,0,3
Adjahno,3,0,3
Adjai'ni,3,0,3
Adjaij,3,0,3
Adjailon,3,0,3
Adjaini,0,3,3
Adjainy,0,3,3
Adjaj,3,0,3
Adjam,0,3,3
Adjamousso,0,3,3
Adjandré,3,0,3
Adjang,3,0,3
Adjango,3,0,3
Adjanidevi,0,3,3
Adjanna,0,3,3
Adjantica,0,3,3
Adjapong-Nkansah,3,0,3
Adjar,0,3,3
Adjare,0,3,3
Adjarra,0,3,3
Adjayah,0,3,3
Adjayant,3,0,3
Adjaye,3,0,3
Adjaynän,3,0,3
Adjaysingh,3,0,3
Adjéba,3,0,3
Adjed,3,0,3
Adjeewa,0,3,3
Adjeiwa,0,3,3
Adjeiyeboah,0,3,3
Adjélé,0,3,3
Adjelma,0,3,3
Adjemang,0,3,3
Adjeng,0,3,3
Adjenna,0,3,3
Adjéno,3,0,3
Adjero,3,0,3
Adjété,3,0,3
Adjety,3,0,3
Adjewi,3,0,3
Adjey,3,0,3
Adjhee,3,0,3
Adjhei,0,3,3
Adji,3,0,3
Adjidja,0,3,3
Adjiem,3,0,3
Adjiesh,3,0,3
Adjiet,3,0,3
Adjikè,0,3,3
Adjim,3,0,3
Adjiman,0,3,3
Adjimatkhan,3,0,3
Adjimun,0,3,3
Adjintie,0,3,3
Adjira,0,3,3
Adjit,3,0,3
Adjitey,3,0,3
Adjito,3,0,3
Adjmeer,3,0,3
Adjmirie,0,3,3
Adjoa-Gyefo,0,3,3
Adjodhapersad,3,0,3
Adjodia,3,0,3
Adjoem,3,0,3
Adjona,3,0,3
Adjor,3,0,3
Adjorkor,0,3,3
Adjorn,3,0,3
Adjosi,0,3,3
Adjosia,3,0,3
Adjoumani,3,0,3
Adjuah,0,3,3
Adjuba,0,3,3
Adjubi,0,3,3
Adjuli,0,3,3
Adjuno,3,0,3
Adjvit,3,0,3
Adl-u,3,0,3
Adlai,3,0,3
Adlaide,0,3,3
Adlaïde,0,3,3
Adlaïne,0,3,3
Adlanha,0,3,3
Adle,0,3,3
Adlemi,0,3,3
Adlen,3,0,3
Adlgunde,0,3,3
Adlih,3,0,3
Adlina,0,3,3
Adline,0,3,3
Adllane,3,0,3
Adlynn,0,3,3
Admed,3,0,3
Admetus,3,0,3
Admil,3,0,3
Admilo,3,0,3
Admire,0,3,3
Admo,3,0,3
Admund,3,0,3
Admy,0,3,3
Adnah,0,3,3
Adnahely,0,3,3
Adnahir,3,0,3
Adnān,3,0,3
Adnana,0,3,3
Adner,3,0,3
Adney,3,0,3
Adniël,3,0,3
Adnnane,3,0,3
Adnyana,3,0,3
Adobert,3,0,3
Adodo,3,0,3
Adoe,3,0,3
Adoelina,0,3,3
Adogil,0,3,3
Adojo,3,0,3
Adolar,3,0,3
Adole,0,3,3
Adoleta,0,3,3
Adolff,3,0,3
Adolfhus,3,0,3
Adolfia,0,3,3
Adolfin,0,3,3
Adolfine-B,0,3,3
Adolfini,0,3,3
Adolfinitia,0,3,3
Adolfphina,0,3,3
Adolfphine,0,3,3
Adolfrida,0,3,3
Adolinda,0,3,3
Adolmine,0,3,3
Adolpffien,0,3,3
Adolphinia,0,3,3
Adolphinne,0,3,3
Adolphus-Martina-Antonius,3,0,3
Adols,3,0,3
Adolsina,0,3,3
Adolventjis,0,3,3
Adom-Obeng,3,0,3
Adomaah,0,3,3
Adomien,0,3,3
Adomire,3,0,3
Adon-Ai,3,0,3
Adona,0,3,3
Adonai-Jah,0,3,3
Adonaii,3,0,3
Adonaijh,3,0,3
Adonailey,0,3,3
Adonairah,0,3,3
Adonatus,3,0,3
Adonayah,3,0,3
Adonayvin,3,0,3
Adoní,0,3,3
Adonías,3,0,3
Adonica,0,3,3
Adoniel,3,0,3
Adonina,0,3,3
Adònis,3,0,3
Adonisio,3,0,3
Adoniyas,3,0,3
Adonnah,0,3,3
Adonney,3,0,3
Adonnia,3,0,3
Adonnis,3,0,3
Adonya,3,0,3
Adonys,3,0,3
Adorabelle,0,3,3
Adorable,3,0,3
Adorah,0,3,3
Adoramis,0,3,3
Adoramise,0,3,3
Adoratus,3,0,3
Adorián,3,0,3
Adoriana,0,3,3
Adoriée,0,3,3
Adorien,3,0,3
Adoriene,0,3,3
Adorita,0,3,3
Adorjan,3,0,3
Adorlee,0,3,3
Adorus,3,0,3
Adote,3,0,3
Adotey,3,0,3
Adoucta,0,3,3
Adouke,0,3,3
Adoulaye,3,0,3
Adoumey,0,3,3
Adouta,0,3,3
Adovius,3,0,3
Adow,3,0,3
Adowah,0,3,3
Adowoa,0,3,3
Adoye,3,0,3
Adoyo,3,0,3
Adraa,0,3,3
Adraesteia,0,3,3
Adraïn,3,0,3
Adranus,3,0,3
Adrasina,0,3,3
Adrasteia,0,3,3
Adréana,0,3,3
Adreanda,0,3,3
Adréènne,0,3,3
Adreína,0,3,3
Adrelina,0,3,3
Adreline,0,3,3
Adrelino,3,0,3
Adréno,3,0,3
Adrensi,0,3,3
Adresina,0,3,3
Adrey,0,3,3
Adri-Antje,0,3,3
Adri-Elle,0,3,3
Adri-Jana,0,3,3
Adri-Janna,0,3,3
Adri-Jet,0,3,3
Adri-Jochébed,0,3,3
Adrià,3,0,3
Adriaan-Alexander,3,0,3
Adriaan-André,3,0,3
Adriaan-Dick,3,0,3
Adriaan-Jan,3,0,3
Adriaan-Johan,3,0,3
Adriaan-Michiel,3,0,3
Adriaan-Paul,3,0,3
Adriaan-René,3,0,3
Adriaanna,0,3,3
Adriaanne,0,3,3
Adriaano,3,0,3
Adriaantje-Willemien,0,3,3
Adriaantjesdochter,0,3,3
Adriaanzn,3,0,3
Adriadi,3,0,3
Adriadie,3,0,3
Adriaene,0,3,3
Adriam,3,0,3
Adrian-Corné,3,0,3
Adrian-Dale,3,0,3
Adrian-Ivan,3,0,3
Adríana,0,3,3
adriana,0,3,3
Adriäna,0,3,3
Adriana-Debora,0,3,3
Adriana-Jacoba,0,3,3
Adriana-Jantje,0,3,3
Adriana-Johanna,3,0,3
Adriana-Marie,0,3,3
Adriana-Mattanja,0,3,3
Adrianalena,0,3,3
Adrianara,0,3,3
Adrianasdr,0,3,3
Adrianatascha,0,3,3
Adrianda,0,3,3
Adriäne,0,3,3
Adriane-Marie,0,3,3
Adriangela,0,3,3
Adrianho,3,0,3
Adrianico,3,0,3
Adrianke,0,3,3
Adriänne-Justina,0,3,3
Adriannetje,0,3,3
Adrianni,0,3,3
Adriannie,0,3,3
Adriannis,3,0,3
Adriáno,3,0,3
Adrianoes,3,0,3
Adrianoh,3,0,3
Adrianold,3,0,3
Adrianovna,0,3,3
Adrians,3,0,3
Adrianüs,3,0,3
Adrıanus,3,0,3
Adrianus-Arjan,3,0,3
Adrianus-Jan,3,0,3
Adrianus-Johannes,3,0,3
Adrianus-Leendert,3,0,3
Adrianus-Philippus,3,0,3
Adrianusdochter,0,3,3
Adrianusovitch,3,0,3
Adrianusz,3,0,3
Adrião,0,3,3
Adrias,3,0,3
Adriata,0,3,3
Adrica,0,3,3
Adrice,0,3,3
Adrick,3,0,3
Adricus,3,0,3
Adrie-Ann,0,3,3
Adrie-Anne,3,0,3
Adrie-janna,0,3,3
Adrie-Jella,0,3,3
Adrieäne,0,3,3
Adrieèla,0,3,3
Adrieèle,0,3,3
Adrieëlle,0,3,3
Adrieën,0,3,3
Adrieiana,0,3,3
Adriejaan,3,0,3
Adriejana,0,3,3
Adriejane,0,3,3
Adriejanes,0,3,3
Adriejannek,3,0,3
Adriejano,3,0,3
Adriële,0,3,3
Adriëll,0,3,3
Adrielly,0,3,3
Adriely,0,3,3
Adriëndra,0,3,3
Adriënen,0,3,3
Adriènna,0,3,3
Adriênne,0,3,3
Adrieon,3,0,3
Adriës,0,3,3
Adriessetta,0,3,3
Adriëttus,3,0,3
Adriètty,0,3,3
Adrifa,0,3,3
Adrigem,3,0,3
Adrij,0,3,3
Adrija,0,3,3
Adrijaana,0,3,3
AdriJan,3,0,3
Adrijanes,3,0,3
Adrijanna,0,3,3
Adrijenne,0,3,3
Adrijetta,0,3,3
Adriliënne,0,3,3
Adrillëla,0,3,3
Adrilyn,0,3,3
Adrimena,0,3,3
Adriñah,0,3,3
Adrinaichma,0,3,3
Adrinanus,3,0,3
Adriné,0,3,3
Adrinella,0,3,3
Adrinelle,0,3,3
Adrinoëlly,0,3,3
Adrinolda,0,3,3
Adriñus,3,0,3
Adrinwelly,0,3,3
Adrio,3,0,3
Adrionis,3,0,3
Adrionne,0,3,3
Adrisa,0,3,3
Adrisha,0,3,3
Adrison,3,0,3
Adrita,0,3,3
Adritto,3,0,3
Adrius,3,0,3
Adriyadi,3,0,3
Adriyanto,3,0,3
Adriyel,3,0,3
Adriyenne,0,3,3
Adro,3,0,3
Adrobald,3,0,3
Adroesolluci,0,3,3
Adrrianus,3,0,3
Adruan,3,0,3
Adry-anna,0,3,3
Adryaene,0,3,3
Adryani,0,3,3
Adryanto,3,0,3
Adryanus,3,0,3
Adryen,3,0,3
Adryene,0,3,3
Adryenne,0,3,3
Adryjane,0,3,3
Adryolio,3,0,3
Adryson,3,0,3
Adsayan,3,0,3
Adsharan,3,0,3
Adsin,0,3,3
Adso,3,0,3
Adt,3,0,3
Adu-Gyamfi,3,0,3
Adu-Poku,0,3,3
Adu-Takyi,3,0,3
Adu-Twumwaa,0,3,3
Adúamba,3,0,3
Aduarda,0,3,3
Adubea,0,3,3
Adubo,0,3,3
Aduduna,0,3,3
Aduén,3,0,3
Adufa,0,3,3
Adufuah,0,3,3
Adukeh,0,3,3
Adukwi,0,3,3
Adulbert,3,0,3
Adulis,3,0,3
Adulla,0,3,3
Adulumba,3,0,3
Adum,0,3,3
Aduna,0,3,3
Adungi,0,3,3
Adunke,0,3,3
Adunola,0,3,3
Adunya,0,3,3
Aduokor,0,3,3
Aduquaye,3,0,3
Aduramigba,0,3,3
Adurawagba,0,3,3
Aduse,3,0,3
Adusia,0,3,3
Adutiwaa,0,3,3
Adutwimwaa,0,3,3
Adutwiwah,0,3,3
Adutwuaa,0,3,3
Adutwum,3,0,3
Adutwumwaah,0,3,3
Adüvve,0,3,3
Aduwaa,0,3,3
Aduwalisi,3,0,3
Aduzinda,0,3,3
Advait,3,0,3
Advaita,3,0,3
Advander,3,0,3
Advenda,0,3,3
Adventa,0,3,3
Advento,3,0,3
Advi,0,3,3
Advika,0,3,3
Advina,0,3,3
Advita,0,3,3
Adviye,0,3,3
Adwaan,3,0,3
Adwao,0,3,3
Adwel,3,0,3
Adwibi,0,3,3
Adwieg,3,0,3
Adwine,0,3,3
Adwinie,0,3,3
Adwita,0,3,3
Adwitya,0,3,3
Adwo,0,3,3
Adwona,0,3,3
Adwyne,0,3,3
Adyaini,0,3,3
Adyala,0,3,3
Adyam,0,3,3
Adyana,0,3,3
Adyann,3,0,3
Adyanna,0,3,3
Adyar,3,0,3
Adyasa,3,0,3
Adyashanti,0,3,3
Adyee,3,0,3
Adyelé,0,3,3
Adyelisha,0,3,3
Adylano,3,0,3
Adylian,3,0,3
Adyline,0,3,3
Adyllea,0,3,3
Adylson,3,0,3
Adylthon,3,0,3
Adyne,0,3,3
Adyoeba,0,3,3
Adyorkor,0,3,3
Adyrie,3,0,3
Adyssa,0,3,3
Adythia,3,0,3
Adytia,3,0,3
Adzanu,3,0,3
Adzeley,0,3,3
Adzo,3,0,3
Ae'Millian,3,0,3
Ae-ilena,0,3,3
Aebelina,0,3,3
Aeby,0,3,3
Aechte,0,3,3
Aectorina,0,3,3
Aeda,0,3,3
Aedán,3,0,3
Aedan-River,3,0,3
Aeddon,3,0,3
AEde-Piet,3,0,3
Aedem,3,0,3
Aëden,3,0,3
AEdes,0,3,3
Aedewyn,0,3,3
Aedgar,3,0,3
Aedgard,3,0,3
Aedia,0,3,3
Aedil,3,0,3
Aedion,3,0,3
Aedke,0,3,3
AEdo,3,0,3
Aedoinya,3,0,3
AEdonia,0,3,3
Aedouard,3,0,3
Aedre,0,3,3
Aedres,3,0,3
Aedrey,0,3,3
Aedrièn,3,0,3
Aedris,3,0,3
Aédris,3,0,3
Aedsge,3,0,3
Aedy,3,0,3
Aedyan,3,0,3
Aedynn,3,0,3
AEebele,3,0,3
Aeebele,3,0,3
Aeesha,0,3,3
Aeeshah,0,3,3
AEetze,3,0,3
Aefryn,3,0,3
Aeftas,0,3,3
Aeg,3,0,3
Aegea,0,3,3
Aegène,0,3,3
Aegeulina,0,3,3
Aegeus,3,0,3
Aegi,3,0,3
Aegideus,3,0,3
AEgidia,0,3,3
Aegidio,3,0,3
Aegileif,0,3,3
Aegilius,3,0,3
Aegirsen,3,0,3
Aegle,3,0,3
Aeglen,3,0,3
Aegun,3,0,3
Aeikeline,0,3,3
Aeikes,3,0,3
Aeila,0,3,3
Aeileko,3,0,3
Aeilkoliena,0,3,3
Aeilline,0,3,3
AEilt,3,0,3
Aeilt-Johannes,3,0,3
Aeiltjo,3,0,3
Aeilus,3,0,3
Aeily,0,3,3
Aeïsha,0,3,3
Aeissa,0,3,3
Aeisse,0,3,3
Aeissolina,0,3,3
Aëjohn,3,0,3
Aekley,3,0,3
Aël,3,0,3
Aéla,0,3,3
Aelachyana,0,3,3
Aélan,0,3,3
Aelana,0,3,3
Aelaro,3,0,3
Aelayne,0,3,3
Aelbertgen,0,3,3
Aelco,3,0,3
Aeldert,3,0,3
Aelène,0,3,3
Aeleni,0,3,3
Aelewyn,0,3,3
Aelexander,3,0,3
Aeleyana,0,3,3
Aeleycha,0,3,3
Aelfraed,3,0,3
Aelfric,3,0,3
Aelham,3,0,3
Aélia,0,3,3
Aeliana,0,3,3
Aélie,0,3,3
Aelimius,3,0,3
Aélio,3,0,3
Aëlis,0,3,3
Aelis,0,3,3
Aëlissa,0,3,3
Aelissa,0,3,3
Aelisse,0,3,3
Aelius,3,0,3
Aeliya,0,3,3
Aelke,0,3,3
Aëll,0,3,3
Aellin,0,3,3
Aellya,0,3,3
Aellyn,0,3,3
Aelmoet,0,3,3
Aeloïne,0,3,3
Aelon,3,0,3
Aelouïse,0,3,3
Aeloy,3,0,3
Aelred,3,0,3
Aelrède,0,3,3
Aelry,3,0,3
Aély-Ann,0,3,3
Aelyma,0,3,3
Aelyne,0,3,3
Aelyse,0,3,3
Aelyshua,0,3,3
Aelzandra,0,3,3
AElze,3,0,3
Aem-Jay,0,3,3
Aemaan,0,3,3
Aemahni-Jade,0,3,3
Aemano,3,0,3
Aemarylle,0,3,3
Aemé,3,0,3
Aemee,0,3,3
Aemelie,0,3,3
AEmelius,3,0,3
Aemelle,0,3,3
Aemen,0,3,3
Aemes,3,0,3
Aemeyah,0,3,3
Aemi,0,3,3
Aemielia,0,3,3
Aemielius,3,0,3
AEmile,3,0,3
AEmilia,0,3,3
Aemilian,3,0,3
Aemiliano,3,0,3
Aemilias,3,0,3
Aemiliya,0,3,3
Aemilleus,3,0,3
Aemily,0,3,3
Aemily-Eleonore,0,3,3
Aemilya,0,3,3
Aemina,0,3,3
Aeminianus,3,0,3
Aemy-Jane,0,3,3
Aenaëus,3,0,3
Aenchen,0,3,3
Aendert,3,0,3
Aendy,3,0,3
Aenetroy,3,0,3
Aeneus,3,0,3
Aengel,0,3,3
Aeniah,0,3,3
Aeniqua,0,3,3
Aenis,3,0,3
Aenisa,0,3,3
Aenna,0,3,3
Aenoh,3,0,3
Aensley,3,0,3
Aentsje,0,3,3
Aeona,0,3,3
Aeonia,0,3,3
Aeonty,0,3,3
Aepke,0,3,3
Aépril,0,3,3
Aeran,3,0,3
Aerano,3,0,3
Aerd,3,0,3
AErde,3,0,3
Aerdtsdochter,0,3,3
Aerelynn,0,3,3
Aëren,3,0,3
Aerend,3,0,3
Aerenia,0,3,3
Aerent,3,0,3
Aergill,3,0,3
Aerginio,3,0,3
Aeriane,0,3,3
Aeriel,0,3,3
Aerielle,0,3,3
Aeriën,3,0,3
Aeriëne,0,3,3
Aeriènne,0,3,3
Aérienne,0,3,3
Aerika,0,3,3
Aerilynn,0,3,3
Aerion,3,0,3
Aerjan,3,0,3
Aerjias,0,3,3
Aerlanga,3,0,3
Aerlynn,0,3,3
Aerni,3,0,3
Aernolt,3,0,3
Aërnoud,3,0,3
Aernouda,0,3,3
Aernoude,0,3,3
Aernoudina,0,3,3
Aernouth,3,0,3
Aernt-Bart,3,0,3
Aeronwy,0,3,3
Aeros,3,0,3
Aert-Willem,3,0,3
Aertze,3,0,3
Aeruna,0,3,3
Aërwen,0,3,3
Aerwin,3,0,3
Aeryon,3,0,3
Aescha,0,3,3
Aescwine,3,0,3
Aeses,3,0,3
AEsger,3,0,3
Aesgerina,0,3,3
Aeshan,3,0,3
Aeshley,3,0,3
Aeshta,0,3,3
Aesir,3,0,3
Aeske,0,3,3
Aesko,3,0,3
Aeslinn,0,3,3
Aeslyn,0,3,3
Aesmairis,0,3,3
Aeswin,3,0,3
Aesya,0,3,3
Aethan,3,0,3
Aethelburga,0,3,3
Aethelwyne,0,3,3
Aetheria,0,3,3
Aetios,3,0,3
Aeton,3,0,3
Aetsje,0,3,3
AEtske,0,3,3
AEtze,3,0,3
Aetzel,3,0,3
Aevaldr,3,0,3
Aevatus,3,0,3
Aëvenly,0,3,3
Aeveronny,0,3,3
Aevery,0,3,3
Aevey,0,3,3
Aeviano,3,0,3
Aevin,3,0,3
Aevion,3,0,3
Aeviron,3,0,3
Aeviya,0,3,3
Aëvy,0,3,3
Aevy-Ann,0,3,3
Aevylinn,0,3,3
Aewin,3,0,3
Aewit,3,0,3
Aewoud,3,0,3
Aeyah,0,3,3
Aéyden,3,0,3
Aeydin,3,0,3
Aeyeda,0,3,3
Aeyessa,0,3,3
Aeyilay,3,0,3
Aeyjen,3,0,3
Aeyke,3,0,3
Aeyla,0,3,3
Aéyla,0,3,3
Aeylko,3,0,3
Aeymad,3,0,3
Aeymil,3,0,3
Aeyn,3,0,3
Aeyolt,3,0,3
Aeyris,0,3,3
Aeyron,3,0,3
Aeyura,3,0,3
Aezar,3,0,3
Aezlyn,0,3,3
Afaan,3,0,3
Afahet,0,3,3
Afainelo,3,0,3
Afaïro,3,0,3
Afak,0,3,3
Afam,3,0,3
Afanacia,0,3,3
Afanaeda,0,3,3
Afanassievna,0,3,3
Afanisi,0,3,3
Afansi,3,0,3
Afansia,0,3,3
Afanti,0,3,3
Afanuï,0,3,3
Afaque,3,0,3
Afarens,3,0,3
Afarinesh,0,3,3
Afashie,0,3,3
Afayro,3,0,3
Afdal,3,0,3
Afdi,3,0,3
Afdoela,3,0,3
Afe,0,3,3
Afedzi,3,0,3
Afeef,3,0,3
Afeefa,0,3,3
Afef,0,3,3
Afelinda,0,3,3
Afelonne,0,3,3
Afely,3,0,3
Afenaysa,0,3,3
Afendi,3,0,3
Afendy,3,0,3
Afenice,0,3,3
Afërdita,0,3,3
Aferi,0,3,3
Aferien,0,3,3
Afèrnee,3,0,3
Aferney,0,3,3
Aferson,3,0,3
Afeseh,3,0,3
Affa,0,3,3
Affainely,0,3,3
Affân,3,0,3
Affanaisa,0,3,3
Affandy,3,0,3
Affansia,0,3,3
Affar,3,0,3
Affelay,3,0,3
Affelinus,3,0,3
Affelon,3,0,3
Affendy,3,0,3
Affien,0,3,3
Affinity,0,3,3
Affo,3,0,3
Affodour,3,0,3
Affolina,0,3,3
Affonso,3,0,3
Affourtit,3,0,3
Affram,3,0,3
Afful,3,0,3
Affy,3,0,3
Afgen,3,0,3
Afghan,0,3,3
Afhraf,3,0,3
Afiana,0,3,3
Afiankoy,3,0,3
Afianna,0,3,3
Afiardes,0,3,3
Afiate,0,3,3
Afiavi,0,3,3
Afida,0,3,3
Afidad,0,3,3
Afidjan,0,3,3
Afief,3,0,3
Afiefah,0,3,3
Afieke,0,3,3
Afienes,3,0,3
Afiënna,0,3,3
Afienna,0,3,3
Afier,3,0,3
Afiera,0,3,3
Afiero,0,3,3
Afietimi,0,3,3
Afify,3,0,3
Afig,3,0,3
Afihemaa,0,3,3
Afiifa,0,3,3
Afijah,0,3,3
Afik,3,0,3
Afille,0,3,3
Afinaas,3,0,3
Afinaiza,0,3,3
Afiolake,0,3,3
Afiq,3,0,3
Afique,3,0,3
Afir,3,0,3
Afirifaah,0,3,3
Afirlyie,3,0,3
Afitai,0,3,3
Afiye,0,3,3
Afiyentha,0,3,3
Afiz,3,0,3
Afiza,0,3,3
Afke-Marije,0,3,3
Afkedine,0,3,3
Afkeline,0,3,3
Afley,3,0,3
Afnaisa,0,3,3
Afnán,0,3,3
Afne,0,3,3
Afni,0,3,3
Afoe,3,0,3
Afoemino,3,0,3
Afolake,0,3,3
Afolasade,0,3,3
Afoley,0,3,3
Afolombo,3,0,3
Afom,3,0,3
Afomia,0,3,3
Afomya,0,3,3
Aforo,0,3,3
Afoseh,3,0,3
Afotey,3,0,3
Afoulda,0,3,3
Afra-Nina,0,3,3
Afra-Veronica,0,3,3
Afraâ,0,3,3
Afraa,0,3,3
Afraaisa,0,3,3
Afraajsa,0,3,3
Afracine,0,3,3
Afrada,0,3,3
Afragül,0,3,3
Afraïm,3,0,3
Afraïsa,0,3,3
Afraish,3,0,3
Afrakoma,0,3,3
Afrakomah,0,3,3
Afrakuma,0,3,3
Aframea,0,3,3
Aframia,0,3,3
Aframya,0,3,3
Afrane,3,0,3
Afranewaa,0,3,3
Afranie,3,0,3
Afranja,0,3,3
Afras,3,0,3
Afrasayaab,3,0,3
Afrash,3,0,3
Afrasiab,3,0,3
Afraso,3,0,3
Afrasoh,0,3,3
Afrassiabi,3,0,3
Afratra,0,3,3
Afrdita,0,3,3
Afredina,0,3,3
Afreh,3,0,3
Afremina,0,3,3
Afric,3,0,3
Africk,3,0,3
Afridar,3,0,3
Afrieda,0,3,3
Afriël,0,3,3
Afrien,0,3,3
Afrìka,0,3,3
Afrikana,0,3,3
Afrike,0,3,3
Afrin,0,3,3
Afriqe,3,0,3
Afriyea,0,3,3
Afriyi,3,0,3
Afrodité,0,3,3
Afroditė,0,3,3
Afrodithe,0,3,3
Afrodíti,0,3,3
Afroditi-Maria,0,3,3
Afroennisa,0,3,3
Afroez,0,3,3
Afron,3,0,3
Afrooz,0,3,3
Afroze,3,0,3
Afruza,0,3,3
Afryei,0,3,3
Afsaan,3,0,3
Afsagatoen,0,3,3
Afsaghatoen,0,3,3
Afsahne,0,3,3
Afsalali,3,0,3
Afsalina,0,3,3
Afsalkhan,3,0,3
Afsane,0,3,3
Afsanne,0,3,3
Afsar,3,0,3
Afsen,0,3,3
Afsha,0,3,3
Afshaar,3,0,3
Afshad,3,0,3
Afshal,3,0,3
Afshalali,3,0,3
Afshanah,0,3,3
Afshien,3,0,3
Afşın,3,0,3
Afsjaan,3,0,3
Afsra,0,3,3
Aftaabali,3,0,3
Aftaar,3,0,3
Aftabali,3,0,3
Aftalie,0,3,3
Aftegar,3,0,3
Afternoon,3,0,3
Afthon,0,3,3
Aftob,0,3,3
Aftunia,0,3,3
Afuah,0,3,3
Afumba,3,0,3
Afumbom,0,3,3
Afumena,0,3,3
Afutu,0,3,3
Afwerki,3,0,3
Afya,0,3,3
Afyat,0,3,3
Afyn,0,3,3
Afynke,0,3,3
Afzaah,0,3,3
Afzahl,3,0,3
Afzal-Al-Racheed,3,0,3
Afzalalie,3,0,3
Afzanagatoen,0,3,3
Afzane,0,3,3
Afzar,3,0,3
Afzelali,3,0,3
Agaahta,0,3,3
Agaash,3,0,3
Agaatte,0,3,3
Agabeg,3,0,3
Agabna,3,0,3
Agabus,3,0,3
Agaby,0,3,3
Agadet,3,0,3
Agadina,0,3,3
Agael,0,3,3
Agahcemal,3,0,3
Agahta,0,3,3
Agaiby,3,0,3
Again,3,0,3
Agajanian,3,0,3
Agajunwa,0,3,3
Agale,3,0,3
Agali,3,0,3
Agalia,0,3,3
Agamaria,0,3,3
Agamon,3,0,3
Agampreet,3,0,3
Agan,3,0,3
Aganda,0,3,3
Agandie,3,0,3
Aganetha,0,3,3
Aganju,3,0,3
Aganmwonji,3,0,3
Aganneke,0,3,3
Agantha,0,3,3
Agaphitus,3,0,3
Agapietertje,0,3,3
Agapietus,3,0,3
Agàpito,3,0,3
Agapo,3,0,3
Agapymoe,0,3,3
Agarie,0,3,3
Agartha,0,3,3
Agarthus,3,0,3
Agarwin,3,0,3
Agasch,3,0,3
Agasias,3,0,3
Agastine,0,3,3
Agastiya,3,0,3
Agatangela,0,3,3
Agath,0,3,3
Agatha-Flumenta,0,3,3
Agathangela,0,3,3
Agathangulus,3,0,3
Agäthe,0,3,3
Agathe-Astrid,0,3,3
Agathias,3,0,3
Agathine,0,3,3
Agathini,0,3,3
Agathinus,3,0,3
Agathius,3,0,3
Agathocles,3,0,3
Agathone,0,3,3
Agathonia,0,3,3
Agathy,0,3,3
Agatine,0,3,3
Agatus,3,0,3
Aǵavni,0,3,3
Agavny,0,3,3
Agavus,3,0,3
Agawmwonyi,3,0,3
Agazi,0,3,3
Agazit,0,3,3
Agbedima,0,3,3
Agbeiyeyigah,3,0,3
Agbeke,0,3,3
Agbertje,3,0,3
Agbongiator,0,3,3
Agbonmwenre,0,3,3
Agbonseosa,3,0,3
Agboola,0,3,3
Agbor-Ya,3,0,3
Agborndip,3,0,3
Ağça,0,3,3
Age's,3,0,3
Age-Andries,3,0,3
Age-Frans,3,0,3
Age-Friso,3,0,3
Age-Jitze,3,0,3
Age-Klaas,3,0,3
Age-Oane,3,0,3
Age-Sjoerd,3,0,3
Age-thijs,3,0,3
Agea,0,3,3
Ageanis,0,3,3
Agedéa,0,3,3
Agée,0,3,3
Ageeba,0,3,3
Ageesha,0,3,3
Ageeta,0,3,3
Ageethe,0,3,3
Ageetje,0,3,3
Ageisha,0,3,3
Agélika,0,3,3
Agelika,0,3,3
Agelino,3,0,3
Agelize,0,3,3
Agelya,0,3,3
Agenesia,0,3,3
Agenetha,0,3,3
Agenia,0,3,3
Ageniek,3,0,3
Ageniet,0,3,3
Ageniete,0,3,3
Agenis,0,3,3
Agenisa,0,3,3
Agénor,3,0,3
Agenta,0,3,3
Agentia,0,3,3
Agentine,0,3,3
Agerica,0,3,3
Agerika,0,3,3
Ageruurd,3,0,3
Agétha,0,3,3
Agëus,3,0,3
Ageya,0,3,3
Ageza,0,3,3
Agftar,3,0,3
Agga,3,0,3
Aggelik,0,3,3
Aggelos,3,0,3
Aggettino,3,0,3
Aggeüs,3,0,3
Aggien,0,3,3
Aggina,0,3,3
Agha-Khan,3,0,3
Aghaash,3,0,3
Aghaaz,3,0,3
Aghafnie,0,3,3
Aghafy,0,3,3
Aghahowa,3,0,3
Aghahuwa,0,3,3
Aghama,3,0,3
Agharase,0,3,3
Aghasth,3,0,3
Aghavni,0,3,3
Aghdas,0,3,3
Aghen,0,3,3
Aghest,3,0,3
Aghez,3,0,3
Aghil,3,0,3
Aghilas,3,0,3
Aghiles,3,0,3
Aghilès,3,0,3
Aghiras,3,0,3
Aghita,0,3,3
Aghlaja,0,3,3
Aghmed,3,0,3
Aghmir,3,0,3
Aghna,0,3,3
Aghnie,0,3,3
Aghnita,0,3,3
Aghtar,3,0,3
Aghur,3,0,3
Aghwidonor,0,3,3
Aghy,3,0,3
Aghya,0,3,3
Agianda,0,3,3
Agiano,3,0,3
Agiany,3,0,3
Agib,3,0,3
Agiboe,3,0,3
Agica,0,3,3
Agid,3,0,3
Agidi,3,0,3
Agiela,0,3,3
Agielanand,3,0,3
Agièn,0,3,3
Agientje,0,3,3
Agier,3,0,3
Agieth,0,3,3
Agiimaa,0,3,3
Agikele,0,3,3
Agil,3,0,3
Agilanand,3,0,3
Agilavan,3,0,3
Agilbert,3,0,3
Agilda,0,3,3
Agile,3,0,3
Agilhard,3,0,3
Agilio,3,0,3
Agillan,3,0,3
Agillo,3,0,3
Agilolf,3,0,3
Agink,0,3,3
Agion,0,3,3
Agióna,0,3,3
Agır,3,0,3
Agirî,3,0,3
Agirios,3,0,3
Agirthya,0,3,3
Agistra,0,3,3
Ağit,3,0,3
Aĝit,3,0,3
Agït,3,0,3
Agitho,3,0,3
Agito,3,0,3
Agitta,0,3,3
Agiula,3,0,3
Agjon,0,3,3
Agka,0,3,3
Agla,0,3,3
Aglaë,0,3,3
Aglain,0,3,3
Aglajha,0,3,3
Aglan,3,0,3
Aglé,0,3,3
Aglem,0,3,3
Agli,3,0,3
Aglin,0,3,3
Aglyia,0,3,3
Agmanda,0,3,3
Agmando,3,0,3
Agmaris,0,3,3
Agmath,3,0,3
Agmatsha,3,0,3
Agmé,0,3,3
Agnalia,0,3,3
Agnanus,3,0,3
Agnasius,3,0,3
Agnata,0,3,3
Agnatha,0,3,3
Agnatina,0,3,3
Agné,0,3,3
Agnèce,0,3,3
Agneete,0,3,3
Agneleentje,0,3,3
Agnelena,0,3,3
Agnelina,0,3,3
Agnelize,0,3,3
Agnelle,0,3,3
Agnello,0,3,3
Agnelsa,0,3,3
Agnen,0,3,3
Aǵnes,0,3,3
Agnescia,0,3,3
Agnesh,3,0,3
Agnesi,3,0,3
Agnesina,0,3,3
Agnesinia,0,3,3
Agneslieke,0,3,3
Agnessha,0,3,3
Agnestatia,0,3,3
Agnestinus,3,0,3
Agnesto,3,0,3
Agnésus,3,0,3
Agnesya,0,3,3
Agnetini,0,3,3
Agnette,0,3,3
Agnetthe,0,3,3
Agnez,0,3,3
Agnia,0,3,3
Agnide,0,3,3
Agníe,0,3,3
Agniehotrie,0,3,3
Agniemoi,0,3,3
Agniesje,0,3,3
Agnièska,0,3,3
Agnièszka,0,3,3
Agniëszka,0,3,3
Agniëta,0,3,3
Agniette,0,3,3
Agniez,0,3,3
Agnime,0,3,3
Agnissa,0,3,3
Agnita-Louisa,0,3,3
Agnitho,3,0,3
Agnithus,3,0,3
Agnitius,3,0,3
Agnitta,0,3,3
Agnivesh,3,0,3
Agnizka,0,3,3
Agno,3,0,3
Agnon,0,3,3
Agnos,3,0,3
Agnot,3,0,3
Agnusi,3,0,3
Agnyt,0,3,3
Agnyta,0,3,3
Agob,3,0,3
Agoesba,0,3,3
Agoestina,0,3,3
Agori,0,3,3
Agoro,0,3,3
Agosa,0,3,3
Agostien,3,0,3
Agostinha,0,3,3
Agosto,3,0,3
Agoston,3,0,3
Agota,0,3,3
Agotha,3,0,3
Agoustina,0,3,3
Agovic,0,3,3
Agozie,3,0,3
Agrafina,0,3,3
Agraini,0,3,3
Agraja,0,3,3
Agraphina,0,3,3
Agrapina,0,3,3
Agrata,0,3,3
Agrecula,0,3,3
Agrefina,0,3,3
Agrene,0,3,3
Agreppina,0,3,3
Agreta,0,3,3
Agriani,0,3,3
Agricolaus,3,0,3
Agricula,0,3,3
Agriëlma,0,3,3
Agrinio,3,0,3
Agrippinus,3,0,3
Agritha,0,3,3
Agrona,0,3,3
Agronit,3,0,3
Agrresie,0,3,3
Agry,3,0,3
Ags,0,3,3
Agtaar,3,0,3
Agtab,3,0,3
Agtanasia,0,3,3
Agtar-Noeranie,3,0,3
Agtha,0,3,3
Aguado,3,0,3
Aguedad,0,3,3
Aguedo,3,0,3
Aguëro,3,0,3
Aguilá,0,3,3
Aguilar,3,0,3
Aguiliano,3,0,3
Aguilino,3,0,3
Aguinalda,0,3,3
Agum,3,0,3
Agur,3,0,3
Agura,0,3,3
Agusni,3,0,3
Agustaaf,3,0,3
Agustava,0,3,3
Agustha,0,3,3
Agusticia,0,3,3
Agustinho,3,0,3
Agustini,3,0,3
Agustinio,3,0,3
Agustinoes,3,0,3
Agustus,3,0,3
Aguta,3,0,3
AGW,0,3,3
Agwago,3,0,3
Agya,3,0,3
Agyaa,0,3,3
Agyakwa,3,0,3
Agyan,3,0,3
Agyaponmaah,0,3,3
Agyarh,0,3,3
Agyarko,3,0,3
Agydh,0,3,3
Agye,3,0,3
Agyeibeah,0,3,3
Agyeikum,3,0,3
Agyeinem,3,0,3
Agyeiwa,0,3,3
Agyeley,0,3,3
Agyelle,0,3,3
Agyeman-Prempeh,0,3,3
Agyemanh,3,0,3
Agyemon,0,3,3
Agyenkwa,3,0,3
Agyepongmaa,0,3,3
Agyewaa,0,3,3
Agyewaah,0,3,3
Agyiewaah,0,3,3
Agyiwa,0,3,3
Agymang,3,0,3
Agynim,3,0,3
Ah-Chiu,0,3,3
Ah-Lai,0,3,3
Ah-Loen,0,3,3
Ahaana,0,3,3
Ahado,0,3,3
Ahadullah,3,0,3
Ahafia,0,3,3
Ahai,3,0,3
Ahailia,0,3,3
Ahajik,0,3,3
Ahale,3,0,3
Ahalya,0,3,3
Ahamefula,3,0,3
Ahamefule,3,0,3
Ahamid,3,0,3
Ahanna,3,0,3
Ahantya,0,3,3
Ahanuwa,0,3,3
Ahanyaa,0,3,3
Aharani,0,3,3
Aharonit,0,3,3
Aharonna,0,3,3
Ahash,3,0,3
Ahasueris,3,0,3
Ahasuërus,3,0,3
Ahasuérus,3,0,3
Ahasverus,3,0,3
Ahata,0,3,3
Ahau,3,0,3
Ahaylia,0,3,3
Ahazeweris,3,0,3
Ahazia,3,0,3
Ahazuera,0,3,3
Ahazuëra,0,3,3
Ahazuérus,3,0,3
Ahazuërus,3,0,3
Ahbab,3,0,3
Ahbdul,3,0,3
Ahbleza,3,0,3
Ahcène,3,0,3
AHCF,0,3,3
Ahdanayah,3,0,3
Ahdje,0,3,3
Ahe,3,0,3
Aheco,3,0,3
Ahelia-Noé,0,3,3
Aheliadevi,0,3,3
Ahelika,0,3,3
Ahema,0,3,3
Ahemad,3,0,3
Ahene,3,0,3
Aheng,0,3,3
Ahenkora,0,3,3
Ahenkuro,3,0,3
Ahetsina,0,3,3
AHG,3,0,3
AHGA,0,3,3
AHH,0,3,3
Ahiah,3,0,3
Ahianusha,0,3,3
Ahid,3,0,3
Ahie,0,3,3
Ahieliadebi,0,3,3
Ahiesa,0,3,3
Ahilan,3,0,3
Ahilea,0,3,3
Ahiliadebi,0,3,3
Ahiliya,0,3,3
Ahillyakumarie,0,3,3
Ahima,0,3,3
Ahinful,3,0,3
Ahing,3,0,3
Ahinoa,0,3,3
Ahinoäm,0,3,3
Ahinoam,0,3,3
Ahinora,0,3,3
Ahinsa,0,3,3
Ahischa,0,3,3
Ahishar,3,0,3
Ahisma,0,3,3
Ahit,3,0,3
Ahiyah,3,0,3
Ahiyong,3,0,3
Ahiza,0,3,3
AHJ,3,0,3
Ahjaykumar,3,0,3
Ahkaam,0,3,3
Ahkama,0,3,3
Ahkbar,3,0,3
Ahla,0,3,3
Ahlaem,0,3,3
Ahlalia,0,3,3
Ahlaney,0,3,3
Ahlanhya,0,3,3
Ahlas,3,0,3
Ahlayah,0,3,3
Ahlé,0,3,3
Ahleks,3,0,3
Ahlèm,0,3,3
Ahleyann,0,3,3
Ahlidarmo,3,0,3
Ahliya,0,3,3
Ahliyah,0,3,3
Ahllem,0,3,3
Ahlrik,3,0,3
Ahlrika,0,3,3
Ahltje,0,3,3
Ahmad-Aadil,3,0,3
Ahmad-Masoed,3,0,3
Ahmad-Riaz,3,0,3
Ahmad-Shaker,3,0,3
Ahmada,3,0,3
Ahmadayaz,3,0,3
Ahmadelbashier,3,0,3
Ahmadella,3,0,3
Ahmadfrogh,3,0,3
Ahmadia,0,3,3
Ahmadjan,3,0,3
Ahmadmoegtaar,3,0,3
Ahmadmonir,3,0,3
Ahmadomed,3,0,3
Ahmadriza,3,0,3
Ahmadsajad,3,0,3
Ahmadsejad,3,0,3
Ahmadshah,3,0,3
Ahmadsubhan,3,0,3
Ahmadullah,3,0,3
Ahmaed,3,0,3
Ahmana,0,3,3
Ahmar,3,0,3
Ahmath,0,3,3
Ahmáylee,0,3,3
Ahmed-Ali,3,0,3
Ahmed-Lotfi,3,0,3
Ahmed-Mahmoud,3,0,3
Ahmed-Ühr,3,0,3
Ahmed-Yassin,3,0,3
Ahmed-Zain,3,0,3
Ahmedabdiasiis,3,0,3
Ahmedali,3,0,3
Ahmedberat,3,0,3
Ahmedchouki,3,0,3
Ahmeddani,3,0,3
Ahmeddeeq,3,0,3
Ahmeddien,3,0,3
Ahmeddine,3,0,3
Ahmedmamoeld,3,0,3
Ahmednoor,3,0,3
Ahmednsrala,3,0,3
Ahmednuur,3,0,3
Ahmedqani,3,0,3
Ahmedu,3,0,3
Ahmedulla,3,0,3
Ahmedullah,3,0,3
Ahmedwali,3,0,3
Ahmedzeyd,3,0,3
Ahmes,0,3,3
Ahmet-Eren,3,0,3
Ahmet-Fethullah,3,0,3
Ahmet-Jan,3,0,3
Ahmet-Turan,3,0,3
Ahmetfatih,3,0,3
Ahmetyasin,3,0,3
Ahmi,0,3,3
Ahmid,3,0,3
Ahmida,3,0,3
Ahmidan,0,3,3
Ahmina,0,3,3
Ahmir,3,0,3
Ahmo,3,0,3
AHMP,0,3,3
Ahna,0,3,3
Ahnoar,3,0,3
Ahnoeradi,3,0,3
Ahnuska,0,3,3
Ahobokile,3,0,3
Ahoéfa,0,3,3
Ahoero,3,0,3
Ahoeva,0,3,3
Aholi,3,0,3
Aholia,0,3,3
Ahonkora,3,0,3
Ahonor,0,3,3
Ahood,0,3,3
Ahou,0,3,3
Ahouanye,3,0,3
Ahouva,0,3,3
AHP,3,0,3
Ahqaaf,0,3,3
Ahr,0,3,3
Ahraam,0,3,3
Ahrar,3,0,3
Ahric,3,0,3
Ahrman,3,0,3
Ahrmin,0,3,3
Ahrti,0,3,3
Ahsa,0,3,3
Ahsaian,3,0,3
Aĥsan,3,0,3
Ahsän,0,3,3
Ahsanolla,3,0,3
Ahsen-Ece,0,3,3
Ahsena,0,3,3
Ahsennur,0,3,3
Ahsenur,0,3,3
Ahshea,0,3,3
Ahsia,0,3,3
Ahsoka,0,3,3
Ahssen,3,0,3
AHTM,0,3,3
Ahuama,0,3,3
Ahuma,3,0,3
Ahumah,3,0,3
Ahunna,0,3,3
Ahunur,0,3,3
Ahurani,0,3,3
Ahurewa,0,3,3
Ahuse,0,3,3
Ahusena,0,3,3
Ahuviah,0,3,3
AHW,3,0,3
Ahwa,0,3,3
Ahwireng,3,0,3
Ahylia,0,3,3
Ahylin,0,3,3
Ahyokah,0,3,3
Ahzani,0,3,3
Ai-bo,3,0,3
Ai-Lan,0,3,3
Ai-Li,0,3,3
Ai-lien,0,3,3
Ai-Lin,0,3,3
Ai-Linh,0,3,3
Ai-Lynn,0,3,3
Ai-mei,0,3,3
Ai-Mei,0,3,3
Ai-My,0,3,3
Ai-noah,0,3,3
Ai-Qi,0,3,3
Ai-Sian,0,3,3
Ai-Thuong,0,3,3
Ai-Vi,0,3,3
Ai-Xue,0,3,3
Ai-Yisha,0,3,3
Aiani,0,3,3
AIB,0,3,3
Aibada,3,0,3
Aibhlin,0,3,3
Aibhlinn,0,3,3
Aibieke,0,3,3
Aibkina,0,3,3
Aiblin,0,3,3
Aibo,3,0,3
Aiby,0,3,3
Aic,3,0,3
Aîcha,0,3,3
Aïcha-Kadir,0,3,3
Aichaa,0,3,3
Aïchagbè,0,3,3
Aichah,0,3,3
Aichata,0,3,3
Aïchata,0,3,3
Aiche,0,3,3
Aichè,0,3,3
Aichel,3,0,3
Aicheline,0,3,3
Aichelly,0,3,3
Aicherlina,0,3,3
Aicherline,0,3,3
Aicheron,3,0,3
Aichmad,3,0,3
Aïchoucha,0,3,3
Aickin,3,0,3
Aicko,3,0,3
AICM,3,0,3
Aiconn,3,0,3
Aïd,3,0,3
Aidah,0,3,3
Aidan-Ace,3,0,3
Aidanlin,0,3,3
Aïdann,3,0,3
Aidany,3,0,3
Aidar,3,0,3
Aidean,3,0,3
Aidel,0,3,3
Aideley,0,3,3
Aideline,0,3,3
Aidelson,3,0,3
Aidem,3,0,3
Aíden,3,0,3
Aìden,3,0,3
Aiden-Jack,3,0,3
Aiden-Jamari,3,0,3
Aiden-Jaxx,3,0,3
Aiden-Jay,3,0,3
Aiden-Joaquin,3,0,3
Aiden-li,0,3,3
Aiden-Li,0,3,3
Aiden-Meraj,3,0,3
Aiden-Paul,3,0,3
Aidenly,3,0,3
Aider,3,0,3
Aideth,0,3,3
Aidha,0,3,3
Aidhan,0,3,3
Aidianne,0,3,3
Aidiëne,0,3,3
Aidiet-Maria,0,3,3
Aidih,0,3,3
Aidimara,0,3,3
Aidinia,0,3,3
Aïdita,0,3,3
Aidly,0,3,3
Aidmé,0,3,3
Aïdnane,3,0,3
Aïdo,3,0,3
Aidomo,0,3,3
Aïdon,3,0,3
Aidonojie,3,0,3
Aidrid,0,3,3
Aidriël,3,0,3
Aidrien,3,0,3
Aidrienne,0,3,3
Aidries,3,0,3
Aidriwengel,3,0,3
Aiduyen,0,3,3
Aidya,0,3,3
Aidyne,0,3,3
Aidynn,0,3,3
Aie,0,3,3
Aieda,0,3,3
Aiëla,0,3,3
Aielco,3,0,3
Aielette,0,3,3
Aielke,3,0,3
Aiëlle,0,3,3
Aiello,3,0,3
Aielynn,0,3,3
Aien,0,3,3
Aienna,0,3,3
Aïesha,0,3,3
Aieshja,0,3,3
Aieza,0,3,3
Aïf,3,0,3
Aifaa,0,3,3
Aife,0,3,3
Aifely,0,3,3
Aifen,0,3,3
Aifi,0,3,3
Aig,3,0,3
Aiga,0,3,3
Aigbe,0,3,3
Aigbona,3,0,3
Aigéne,3,0,3
Aigerim,0,3,3
Aigia,0,3,3
Aigin,3,0,3
Aigiomwan,3,0,3
Aigis,3,0,3
Aigo,3,0,3
Aigy,0,3,3
Aiham,3,0,3
Aihieda,0,3,3
Aihmed,3,0,3
Aihnoa,0,3,3
Aihong,0,3,3
Aihua,0,3,3
Aihusia,0,3,3
Aihwin,3,0,3
Aiïda,0,3,3
Aiidah,0,3,3
Aiik,3,0,3
Aiisatou,0,3,3
Aiive,0,3,3
Aijaaie,3,0,3
Aijaaz-Ali,3,0,3
Aijat,0,3,3
Aijaz,3,0,3
Aijcheraela,0,3,3
Aijda,0,3,3
Aijden,3,0,3
Aijerton,3,0,3
Aijhem,3,0,3
Aijholt,3,0,3
Aijia,0,3,3
Aijiththan,3,0,3
Aijke,3,0,3
Aijmée,0,3,3
Aijmen,3,0,3
Aijoeb,3,0,3
Aijoel,3,0,3
Aijoep,3,0,3
Aijro,3,0,3
Aijrton,3,0,3
Aijs,0,3,3
Aijscha,0,3,3
Aijuna,0,3,3
Aijuub,3,0,3
Aikapatya,3,0,3
Aikat,3,0,3
Aikaterinè,0,3,3
Aike-Jan,3,0,3
Aikeliena,0,3,3
Aikelyn,0,3,3
Aiker,3,0,3
Aikes,3,0,3
Aikhoje,0,3,3
Aikin-Monroe,3,0,3
Aikinus,3,0,3
Aiklyne,0,3,3
Aikò,3,0,3
Aíko,0,3,3
Aïko,3,0,3
Aikolien,0,3,3
Aikson,3,0,3
Aiky,3,0,3
Aikya,0,3,3
Ail,3,0,3
Aila-Mette,0,3,3
Ailada,0,3,3
Ailah,0,3,3
Ailai,0,3,3
Ailaney,0,3,3
Ailanie,0,3,3
Ailanni,0,3,3
Ailbertus,3,0,3
Ailbhe,0,3,3
Aildina,0,3,3
Ailé,3,0,3
Aileano,3,0,3
Ailéen,0,3,3
Aileena,0,3,3
Aileigh,0,3,3
Ailèn,0,3,3
Ailène,0,3,3
Ailert,3,0,3
Ailesh,3,0,3
Aileshwar,3,0,3
Aïlina,0,3,3
Ailinè,0,3,3
Ailinn,0,3,3
Ailisa,0,3,3
Ailisabeth,0,3,3
Ailisha,0,3,3
Ailkine,0,3,3
Ailkodina,0,3,3
Aïlla,0,3,3
Aillas,3,0,3
Ailline,0,3,3
Aillisha,0,3,3
Ailmar,3,0,3
Ailmi,3,0,3
Ailo,3,0,3
Aïlsa,0,3,3
Aïlton,3,0,3
Ailts,3,0,3
Ailun,0,3,3
Ailyah,0,3,3
Ailym,0,3,3
Ailynah,0,3,3
Ailys,0,3,3
Ailysha,0,3,3
Ailysia,0,3,3
Ailyson,0,3,3
Aïma,0,3,3
Aimabele,0,3,3
Aimabelle,0,3,3
Aimad-Eddine,3,0,3
Aimadeddine,3,0,3
Aimard,3,0,3
Aimaybel,0,3,3
Aimber,0,3,3
Aimbora,0,3,3
Aime-Lynn,0,3,3
Aiméa,0,3,3
Aimed-Adien,3,0,3
Aimėe,0,3,3
Aimeë,0,3,3
Aimëe,0,3,3
Aîmée,0,3,3
Aímée,0,3,3
Aimée-Agnes,0,3,3
Aimée-Amélie,0,3,3
Aimée-Beau,0,3,3
Aimeé-Camille,0,3,3
Aimée-Carlijn,0,3,3
Aimee-Claire,0,3,3
Aimee-Jo,0,3,3
Aimée-Joanna,0,3,3
Aimée-Julie,0,3,3
Aimee-lee,0,3,3
Aimée-Linh,0,3,3
Aimee-Louise,0,3,3
Aimee-lynn,0,3,3
Aimée-Maria,0,3,3
Aimée-Roos,0,3,3
Aimee-Rose,0,3,3
Aimée-Rose,0,3,3
Aiméely,0,3,3
Aimeelyn,0,3,3
Aiméelyn,0,3,3
Aimeka,0,3,3
Aimèl,0,3,3
Aimel,0,3,3
Aimelee,0,3,3
Aimeley,0,3,3
Aimelia,0,3,3
Aimelieke,0,3,3
Aimelin,0,3,3
Aimeline,0,3,3
Aimélinne,0,3,3
Aimélisa,0,3,3
Aìmëly,0,3,3
Aiména,0,3,3
Aïmene,3,0,3
Aimene,3,0,3
Aimenica,0,3,3
Aimer,0,3,3
Aimerance,0,3,3
Aimeron,3,0,3
Aimery-Rose,0,3,3
Aiméy-June,0,3,3
Aimia,0,3,3
Aimiebelomo,3,0,3
Aimieé,0,3,3
Aimiereovbiye,0,3,3
Aimily,0,3,3
Aimma,0,3,3
Aïmooi,0,3,3
Aimsley,0,3,3
Aimuamwenosa,3,0,3
Aimuwa,3,0,3
Aimy-Nova,0,3,3
Aimy-Vajèn,0,3,3
Aimylee,0,3,3
Aimyliah,0,3,3
Aimylise,0,3,3
Aimylisha,0,3,3
Aimyn,3,0,3
Ain-Arrahma,0,3,3
Aïnâ,0,3,3
Aina-Elin,0,3,3
Ainan-Nur,0,3,3
Aïnane,3,0,3
Ainar,3,0,3
Aínda,0,3,3
Ainda,0,3,3
Aindjuela,0,3,3
Aindreas,3,0,3
Aîné,3,0,3
Aîne,3,0,3
Aíne,0,3,3
Aïné,0,3,3
Ainée,0,3,3
Ainee,0,3,3
Aineomugisha,3,0,3
Ainérah,0,3,3
Ainess,0,3,3
Ainey,0,3,3
Aingeley,0,3,3
Ainhara,0,3,3
Ainice,0,3,3
Ainien,0,3,3
Ainikki,0,3,3
Ainima,0,3,3
Ainisha,0,3,3
Ainiza,0,3,3
Ainko,3,0,3
Aino-Marleen,0,3,3
Ainoelhak,3,0,3
Ainoen,0,3,3
Ainoer,0,3,3
Ainoha,0,3,3
Ainose,0,3,3
Ainouk,0,3,3
Aïnova,0,3,3
Ainsa,0,3,3
Ainse,0,3,3
Ainshel,0,3,3
Ainshley,0,3,3
Aintoinetta,0,3,3
Aintza,0,3,3
Aintzane,0,3,3
Ainur,0,3,3
Ainysha,0,3,3
Aiofe,0,3,3
Aioki,0,3,3
Aiola,0,3,3
Aiôn,0,3,3
Aiora,0,3,3
Aioub,3,0,3
Aioüe,0,3,3
Aipril,0,3,3
Aïrâ,0,3,3
Aïra,0,3,3
Airan,3,0,3
Airel,0,3,3
Airell,3,0,3
Airén,3,0,3
Airenne,0,3,3
Aireysha,0,3,3
Airich,3,0,3
Airicha,0,3,3
Airick,3,0,3
Airiën,0,3,3
Airieson,3,0,3
Airiki,0,3,3
Airine,0,3,3
Airischa,0,3,3
Airiselle,0,3,3
Airish,0,3,3
Airjan,3,0,3
Airk,3,0,3
Airleyn,0,3,3
Airo,0,3,3
Aïrshanni,0,3,3
Airuna,0,3,3
Airya,3,0,3
Aîryn,0,3,3
Airyon,3,0,3
Aïs,3,0,3
Aiśa,0,3,3
Aisa-Lynn,0,3,3
Aisagathoen,0,3,3
Aisagracia,0,3,3
Aisahtou,0,3,3
Aisalina,0,3,3
Aïsam,3,0,3
Aïsame,3,0,3
Aísata,0,3,3
Aisatta,0,3,3
Aīscha-Doivanée,0,3,3
Aischa-Elisabeth,0,3,3
Aische,0,3,3
Aischel,0,3,3
Aisdy,3,0,3
Aïse,0,3,3
Aise-Osa,3,0,3
Aiséa,0,3,3
Aişegül,0,3,3
Aiselina,0,3,3
Aiseline,0,3,3
Aiselinn,0,3,3
Aiselyn,0,3,3
Aïser,3,0,3
Aiséro,3,0,3
Aisesosa,0,3,3
Aiseya,3,0,3
Aìsha,0,3,3
Aişha,0,3,3
Aïsha-Linn,0,3,3
Aïsha-Louise,0,3,3
Aisha-Noer,0,3,3
Aïsha-Victoria,0,3,3
Aishaa,0,3,3
Aïshachetu,0,3,3
Aïshah,0,3,3
Aishaliyah,0,3,3
Aishaly,0,3,3
Aïshaman,3,0,3
Aïshan,0,3,3
Aishan,0,3,3
Aishanah,3,0,3
Aishania,0,3,3
Aishantly,0,3,3
Aisharah,0,3,3
Aisharon,3,0,3
Aishata,0,3,3
Aishatou,0,3,3
Aishatu,0,3,3
Aishea,3,0,3
Aishedi,0,3,3
Aisheh,0,3,3
Aishelana,0,3,3
Aishelien,0,3,3
Aishelson,3,0,3
Aishelynne,0,3,3
Aisheni,0,3,3
Aisherlin,0,3,3
Aishini,0,3,3
Aishita,0,3,3
Aïshiya,0,3,3
Aishiyani,0,3,3
Aishiyara,0,3,3
Aishkant,3,0,3
Aishleynne,0,3,3
Aishlin,0,3,3
Aishna,0,3,3
Aishraya,0,3,3
Aishriya,0,3,3
Aishu,0,3,3
Aishvarya,0,3,3
Aishvi,0,3,3
Aishwaniya,0,3,3
Aishwara,0,3,3
Aishwaraya,0,3,3
Aishwari,0,3,3
Aishwarie,0,3,3
Aishwarija,0,3,3
Aishwary,0,3,3
Aishwaryaa,0,3,3
Aishwaryadebi,0,3,3
Aishwaryadevi,0,3,3
Aïshya,0,3,3
Aishyana,0,3,3
Aïshyta,0,3,3
Aisi,0,3,3
Aisièngeny,0,3,3
Aisiënna,0,3,3
Aisira,0,3,3
Aïsira,0,3,3
Aisjagatoen,0,3,3
Aisje,0,3,3
Aisley,0,3,3
Aisleyna,0,3,3
Aíslinn,0,3,3
Aislinn-Fay,0,3,3
Aïsmanéy,3,0,3
Aismay,0,3,3
Aìsmee,0,3,3
Aismee,0,3,3
Aismée,0,3,3
Aisom,3,0,3
Aissaam,3,0,3
Aîssam,3,0,3
Aissame,3,0,3
Aïssar,3,0,3
Aissatoubah,0,3,3
Aissé,0,3,3
Aïssiatou,0,3,3
Aissina,0,3,3
Aissy,0,3,3
Aistätoe,0,3,3
Aistė,0,3,3
Aisthya,0,3,3
Aiswaraya,0,3,3
Aiswarna,0,3,3
Aiswaryadevi,0,3,3
Aiswin,3,0,3
Aïsyah,0,3,3
Aisyshwarya,0,3,3
Aïtab,0,3,3
Aitanga,0,3,3
Aitazaz,3,0,3
Aitcheley,3,0,3
Aitelmar,3,0,3
Aiten,3,0,3
Aithen,3,0,3
Aitheny,0,3,3
Aithra,0,3,3
Aitien,0,3,3
Aiting,0,3,3
Aitjau,3,0,3
Aitka,0,3,3
Aitken,3,0,3
Aitlayachi,0,3,3
Aitlie,3,0,3
Aitlyson,3,0,3
Aitri,0,3,3
Aitrie,0,3,3
Aittipat,3,0,3
Aituariagbon,0,3,3
Aïva,0,3,3
Aiva-Romae,0,3,3
Aiva-yana,0,3,3
Aivaman,3,0,3
Aivan-Bélé,3,0,3
Aivanny,0,3,3
Aivano,3,0,3
Aivea,0,3,3
Aiveline,0,3,3
Aïven,3,0,3
Aiver,3,0,3
Aiveriënne,0,3,3
Aivery,0,3,3
Aivey-Mae,0,3,3
Aivey-Mina,0,3,3
Aivies,0,3,3
Aivin,3,0,3
Aivina,0,3,3
Aiviyara,0,3,3
Aivlis,0,3,3
Aivy-Jolie,0,3,3
Aiwankoemar,3,0,3
Aiwhan,3,0,3
Aiwhend,3,0,3
Aixander,3,0,3
Aixi,0,3,3
Aìxī,0,3,3
Aixia,0,3,3
Aixin,0,3,3
Aixo,3,0,3
Aiyaapra,0,3,3
Aiyamandro,3,0,3
Aiyamei,0,3,3
Aiyan,3,0,3
Aïyana,0,3,3
Aiyana-Jahzelle,0,3,3
Aiyanda,0,3,3
Aiyane,0,3,3
Aiyannah,0,3,3
Aiyao,0,3,3
Aiyathurai,3,0,3
Aiyda,0,3,3
Aiyden-Jae,3,0,3
Aiyeh,0,3,3
Aiyesmay,0,3,3
Aiyi,0,3,3
Aiyisa,0,3,3
Aiyla,0,3,3
Aiylena,0,3,3
Aiylin,0,3,3
Aiyoeb,3,0,3
Aiyonna,0,3,3
Aiyshi,0,3,3
Aiyva,0,3,3
Aiyvin,0,3,3
Aiz-Adin,3,0,3
Aizéa,3,0,3
Aizea,3,0,3
Aizel,0,3,3
Aizenosa,3,0,3
Aizes,3,0,3
Aizeyeosabor,0,3,3
Aizeyosabor,3,0,3
Aiziena,0,3,3
Aizik,3,0,3
Aizina,0,3,3
Aiziz,3,0,3
Aizoo,3,0,3
Aizy,0,3,3
Aj-Nian,3,0,3
Ajaay,3,0,3
Ajabu,3,0,3
Ajada,0,3,3
Ajah,0,3,3
Ajahnio,3,0,3
Ajahya,0,3,3
Ajaib,3,0,3
Ajaij,3,0,3
Ajaijkumar,3,0,3
Ajaijpersad,3,0,3
Ajaikoeman,3,0,3
Ajairo,3,0,3
Ajaiy,3,0,3
Ajaj,3,0,3
Ajakie,0,3,3
Ajal,3,0,3
Ajala,0,3,3
Ajalae,0,3,3
Ajalah,0,3,3
AJAM,0,3,3
Ajami,0,3,3
Ajane,0,3,3
Ajanea,0,3,3
Ajang,0,3,3
Ajanga,3,0,3
Ajanian,3,0,3
Ajanie,3,0,3
Ajanni,3,0,3
Ajanno,3,0,3
Ajano,0,3,3
Ajanty,0,3,3
Ajao,3,0,3
Ajarga,0,3,3
Ajas,3,0,3
Ajascha,0,3,3
Ajasysia,0,3,3
Ajatashtry,3,0,3
Ajatey,3,0,3
Ajati,0,3,3
Ajaxia,0,3,3
Ajay-Arvindkoemar,3,0,3
Ajay-Koemar,3,0,3
Ajayh,3,0,3
Ajayjeet,3,0,3
Ajaykishoor,3,0,3
Ajayla,0,3,3
Ajaylea,0,3,3
Ajayperkash,3,0,3
Ajayperkask,3,0,3
Ajayro,3,0,3
Ajaysharma,3,0,3
Ajaysia,0,3,3
Ajayvarman,3,0,3
Ajaz,3,0,3
Ajbe,3,0,3
Ajben,3,0,3
AJC,0,3,3
Ajdar,3,0,3
Ajdendrahoemar,3,0,3
Ajdmalkhan,3,0,3
Ajé,3,0,3
Ajeesha,0,3,3
Ajeeta,0,3,3
Ajeetesh,3,0,3
Ajeeth,3,0,3
Ajeethan,3,0,3
Ajeevika,0,3,3
Ajei,0,3,3
Ajeijro,3,0,3
Ajéké,0,3,3
Ajel,3,0,3
Ajela,0,3,3
Ajèleth,0,3,3
Ajellet,0,3,3
Ajelt,3,0,3
AJEM,0,3,3
Ajëm,0,3,3
Ajemen,3,0,3
Ajemijereyemi,0,3,3
Ajen,3,0,3
Ajencha,0,3,3
Ajenti,0,3,3
Ajes,0,3,3
Ajesh,3,0,3
Ajeska,0,3,3
Ajeta,0,3,3
Ajetta,0,3,3
Ajevan,3,0,3
Ajewan,3,0,3
Ajey,3,0,3
AJF,3,0,3
Ajfer,0,3,3
Ajhan,0,3,3
Ajhana,0,3,3
Ajhani,3,0,3
AJHM,3,0,3
Ajia,0,3,3
Ajiani,3,0,3
Ajibike,0,3,3
Ajibodun,0,3,3
Ajïcha,0,3,3
Ajida,0,3,3
Ajide,0,3,3
Ajie,3,0,3
Ajied,3,0,3
Ajiemoen-Nisa,0,3,3
Ajiëroh,3,0,3
Ajiet,0,3,3
Ajijola,3,0,3
Ajike,0,3,3
Ajil,3,0,3
Ajilal,3,0,3
Ajim,3,0,3
Ajimijaye,3,0,3
Ajin,0,3,3
Ajina,0,3,3
Ajindan,3,0,3
Ajinder,3,0,3
Ajinththan,3,0,3
Ajire,0,3,3
Ajirioghene,0,3,3
Ajish,3,0,3
Ajitashraya,3,0,3
Ajiteshkumar,3,0,3
Ajitha,0,3,3
Ajithes,3,0,3
Ajithesh,3,0,3
Ajitkumar,3,0,3
Ajitpal,3,0,3
Ajivan,3,0,3
Ajjaaz,3,0,3
Ajjalon,3,0,3
Ajka,0,3,3
Ajkan,3,0,3
Ajlar,0,3,3
Ajlay,3,0,3
Ajlen,3,0,3
Ajlena,0,3,3
Ajli,0,3,3
Ajlien,0,3,3
Ajlim,3,0,3
Ajlo,3,0,3
Ajmain,0,3,3
Ajmeen,3,0,3
Ajmej,0,3,3
Ajmen,3,0,3
AJMF,3,0,3
Ajmir,3,0,3
Ajnadien,0,3,3
Ajnane,0,3,3
Ajndro,3,0,3
Ajoa,0,3,3
Ajob,3,0,3
Ajobi,0,3,3
Ajocha,0,3,3
Ajodha-Saw,3,0,3
Ajodhia-Dharm,3,0,3
Ajodhiasingh,3,0,3
Ajoebe,3,0,3
Ajoebkhan,3,0,3
Ajoena,0,3,3
Ajoerwatie,0,3,3
Ajoeska,0,3,3
Ajòke,0,3,3
Ajola,0,3,3
Ajomora,0,3,3
Ajone,0,3,3
Ajony,3,0,3
Ajooni,0,3,3
Ajóse,3,0,3
Ajoska,0,3,3
Ajoued,3,0,3
Ajowa,0,3,3
Ajoyce,0,3,3
Ajreen,0,3,3
Ajrim,3,0,3
Ajrun,3,0,3
AJS,0,3,3
Ajsel,3,0,3
Ajsen,0,3,3
Ajshe,0,3,3
Ajtin,0,3,3
Ajua,0,3,3
Ajuah,0,3,3
Ajuba,0,3,3
Ajuda,0,3,3
Ajuma,3,0,3
Ajun,0,3,3
Ajunah,0,3,3
Ajup,3,0,3
Ajur,3,0,3
Ajuschka,0,3,3
Ajush,3,0,3
Ajuwah,0,3,3
AJW,3,0,3
Ajwad,3,0,3
Ajwan,3,0,3
Akaal,3,0,3
Akaalnoor,0,3,3
Akaalveer,3,0,3
Akaar,3,0,3
Akaas,3,0,3
Akaashdath,3,0,3
Akaashkoemar,3,0,3
Akaashkumar,3,0,3
Akabi,0,3,3
Akachi,3,0,3
Akachukwu,3,0,3
Akadin,0,3,3
Akafari,0,3,3
Akaisha,0,3,3
Akaja,0,3,3
Akakpo,3,0,3
Akaliza,0,3,3
Akaljan,3,0,3
Akana,0,3,3
Akanay,3,0,3
Akand,3,0,3
Akande,3,0,3
Akangsha,0,3,3
Akanilan,3,0,3
Akaniya,0,3,3
Akaniyene,3,0,3
Akanji,0,3,3
Akansa,3,0,3
Akansel,3,0,3
Akansha,0,3,3
Akanti,0,3,3
Akara,3,0,3
Akarawin,3,0,3
Akarigbo,0,3,3
Akarsa,3,0,3
Akasaki,3,0,3
Akasch,3,0,3
Akash-Kamni,0,3,3
Akash-Purushottam,3,0,3
Akashdath,3,0,3
Akashdeepsingh,3,0,3
Akashdip,3,0,3
Akashganga,0,3,3
Akashradj,3,0,3
Akashsingh,3,0,3
Akasimbila,0,3,3
Akasyasena,0,3,3
Akatshi,0,3,3
Akawak,3,0,3
Akayah,0,3,3
Akaylah,0,3,3
Akbal,0,3,3
Akbarali,3,0,3
Akbargan,3,0,3
Akbarshah,3,0,3
Akbegüm,0,3,3
Akbhar,3,0,3
Akbir,3,0,3
Akçakoca,0,3,3
Akcer,3,0,3
Akchay,3,0,3
Akchiyaa,0,3,3
Akçora,3,0,3
Akdogan,3,0,3
Akè,0,3,3
Akeayshia,0,3,3
Akebe,3,0,3
Akéblé,3,0,3
Akecheta,3,0,3
Akedin,0,3,3
Akeela,0,3,3
Akeelah,0,3,3
Akeem-Khan,3,0,3
Akeesh,0,3,3
Akef,3,0,3
Akeia,0,3,3
Akeida,0,3,3
Akeim,3,0,3
Akéli,3,0,3
Akeli,0,3,3
Akelie,0,3,3
Akelina,0,3,3
Akell,3,0,3
Akemeina,0,3,3
Akemmi,3,0,3
Akemy,0,3,3
Akenaman,3,0,3
Akenke,0,3,3
Akenteng,3,0,3
Akeo,3,0,3
Aker,3,0,3
Akerman,3,0,3
Akesi,0,3,3
Akésse,3,0,3
Akeva,3,0,3
Akeysha,0,3,3
Akeza,0,3,3
Akha,0,3,3
Akham,3,0,3
Akhanee,3,0,3
Akhanssahra,0,3,3
Akhas,3,0,3
Akhbar,3,0,3
Akhere,3,0,3
Akhiel,3,0,3
Akhielanand,3,0,3
Akhilanand,3,0,3
Akhileshvar,3,0,3
Akhileshwarie,0,3,3
Akhilleus,3,0,3
Akhilsha,3,0,3
Akhimien,3,0,3
Akhira,3,0,3
Akhlaaq,3,0,3
Akhlima,0,3,3
Akhmad,3,0,3
Akhmet-khanovitsch,3,0,3
Akhmet-khanovna,0,3,3
Akhona,3,0,3
Akhsaykoemar,3,0,3
Akhshay,3,0,3
Akhshid,3,0,3
Akhyllio,3,0,3
Aki'son,3,0,3
Akiane,0,3,3
Akibe,3,0,3
Akiboa,3,0,3
Akibulan,3,0,3
Akide,0,3,3
Akiella,0,3,3
Akiem,3,0,3
Akien,3,0,3
Akîf,3,0,3
Akifa,3,0,3
Akihanui,3,0,3
Akiiki,3,0,3
Akika,0,3,3
Akilan,3,0,3
Akilcan,3,0,3
Akiliano,3,0,3
Akimana,0,3,3
Akimtundy,3,0,3
Akin-Khalifa,3,0,3
Akinbola,3,0,3
Akinç,3,0,3
Akinda,0,3,3
Akindapo,3,0,3
Akıner,3,0,3
Akinesh,3,0,3
Akiney,0,3,3
Akini,3,0,3
Akinlaja,3,0,3
Akinshola,3,0,3
Akinsowon,3,0,3
Akintayo,3,0,3
Akinto,3,0,3
Akintoye,3,0,3
Akinwole,3,0,3
Akinwunmi,3,0,3
Akinyelé,3,0,3
Akinyl,0,3,3
Akiokobayashi,3,0,3
Akiona,0,3,3
Akioyamen,3,0,3
Akirah,0,3,3
Akiran,3,0,3
Akiriya,0,3,3
Akiro,3,0,3
Akirtha,0,3,3
Akirthan,3,0,3
Akis,3,0,3
Akisa,3,0,3
Akischa,0,3,3
Akisia,0,3,3
Akita,0,3,3
Akitha,0,3,3
Akito,3,0,3
Akiyo,3,0,3
Akjitra,0,3,3
Akkadia,0,3,3
Akkadın,0,3,3
Akkarawat,3,0,3
Akkash,3,0,3
Akke-Berta,0,3,3
Akke-Gooitske,0,3,3
Akke-Jantje,0,3,3
Akke-Lien,0,3,3
Akke-Loes,0,3,3
Akke-Louise,0,3,3
Akke-Maj,0,3,3
Akke-Marie,0,3,3
Akke-Marij,0,3,3
Akke-May,0,3,3
Akke-Riemke,0,3,3
Akke-Wietske,0,3,3
Akkéa,0,3,3
Akkea,0,3,3
Akkefrouk,0,3,3
Akkege,0,3,3
Akkelee,0,3,3
Akkely,0,3,3
Akkemarie,0,3,3
Akkemé,0,3,3
Akkemee,0,3,3
AkkeMei,0,3,3
Akkemijna,0,3,3
Akkeneel,0,3,3
Akkeniena,0,3,3
Akkerens,0,3,3
Akkeriek,0,3,3
Akkerina,0,3,3
Akkeroos,0,3,3
Akkestien,0,3,3
Akketien,0,3,3
Akkeya,0,3,3
Akkianne,0,3,3
Akkienus,3,0,3
Akkizsevde,0,3,3
Akkja,0,3,3
Aklai,3,0,3
Aklamadzesi,0,3,3
Aklare,0,3,3
Aklasya,0,3,3
Akle,3,0,3
Akleshraj,3,0,3
Akli,3,0,3
Aklima,0,3,3
Aklimagatoen,0,3,3
Aklimah,0,3,3
Akman,3,0,3
Akmar,0,3,3
Akmer,3,0,3
Aknes,0,3,3
Aknur,0,3,3
Akoermat,3,0,3
Akoes,0,3,3
Akoeshla,0,3,3
Akoi,3,0,3
Akoko,0,3,3
Akolade,3,0,3
Akolawole,3,0,3
Akoma,0,3,3
Akomaa,0,3,3
Akomaah,0,3,3
Akomaaso,0,3,3
Akomabea,0,3,3
Akomea,3,0,3
Akomen,3,0,3
Akon,0,3,3
Akonah,0,3,3
Akongneh,3,0,3
Akongtina,0,3,3
Akonkwa,3,0,3
Akono,3,0,3
Akonobia,0,3,3
Akontoi,0,3,3
Akor,3,0,3
Akorkor,0,3,3
Akorley,3,0,3
Akosa-Prempeh,3,0,3
Akosia,0,3,3
Akosio,0,3,3
Akosiwa,0,3,3
Akoso,3,0,3
Akosombo,0,3,3
Akoss,0,3,3
Akossiwa,0,3,3
Akosuâmmâ,0,3,3
Akotty,0,3,3
Akoü,0,3,3
Akou,0,3,3
Akouavi,0,3,3
Akouelé,0,3,3
Akout,0,3,3
Akowoah,3,0,3
Akpabie,3,0,3
Akpabli,3,0,3
Akpawerosa,3,0,3
Akpedje,3,0,3
Akpéné-Mawu,0,3,3
Akpesiri,0,3,3
Akpevweoghene,0,3,3
Akpezi,3,0,3
Akpofure,3,0,3
Akpono,3,0,3
Akpor,0,3,3
Akpoyibo,3,0,3
Akquia,0,3,3
Akrad,3,0,3
Akraman,3,0,3
Akramsifeldin,3,0,3
Akrati,0,3,3
Akri,3,0,3
Akrin,3,0,3
Akrit,3,0,3
Akrita,0,3,3
Akriti,0,3,3
Akrivi,0,3,3
Akrm,3,0,3
Aksaij,3,0,3
Aksaja,0,3,3
Aksayan,3,0,3
Akschay,3,0,3
Akse,3,0,3
Aksen,3,0,3
Aksenja,0,3,3
Aksentije,3,0,3
Akshaan,3,0,3
Akshaay,3,0,3
Akshaja,0,3,3
Akshanaa,0,3,3
Aksharan,3,0,3
Akshariya,0,3,3
Akshatkoemar,3,0,3
Akshay-Selmon,3,0,3
Akshayan,3,0,3
Akshaykumarsingh,3,0,3
Akshaysingh,3,0,3
Akshe,3,0,3
Akshijah,0,3,3
Akshika,0,3,3
Akshini,0,3,3
Akshita,0,3,3
Akshith,3,0,3
Akshkumar,3,0,3
Akshra,0,3,3
Akshy,3,0,3
Aksijan,3,0,3
Aksil,3,0,3
Aksimina,0,3,3
Aksinya,0,3,3
Akşir,3,0,3
Aksjajkoemar,3,0,3
Akskay,3,0,3
Aktami,3,0,3
Aktaş,3,0,3
Aktham,3,0,3
Akthem,3,0,3
Aku-Sika,0,3,3
Akua-Nyarko,0,3,3
Akuaa,0,3,3
Akuaba,0,3,3
Akuako,0,3,3
Akubom,0,3,3
Akubueza,3,0,3
Akudinobi,0,3,3
Akudo,0,3,3
Akuffa,0,3,3
Akuffo,0,3,3
Akugbe,3,0,3
Akuh,0,3,3
Akuka,0,3,3
Akum,0,3,3
Akumiah,0,3,3
Akune,0,3,3
Akunor,3,0,3
Akuol,0,3,3
Akuoma,0,3,3
Akuramaa,0,3,3
Akushika,0,3,3
Akusia,0,3,3
Akutei,3,0,3
Akuteye,3,0,3
Akuudo,0,3,3
Akwaba,0,3,3
Akwaiba,0,3,3
Akwamarijn,0,3,3
Akwansha,3,0,3
Akwasi-Nyamekye,3,0,3
Akweseh,0,3,3
Akweshi,0,3,3
Akwete,3,0,3
Akwetè,3,0,3
Akweté,3,0,3
Akwi,0,3,3
Akwsi,3,0,3
Akwunna,0,3,3
Akya,0,3,3
Akycha,0,3,3
Akycia,0,3,3
Akyeaa,0,3,3
Akyere,0,3,3
Akyerè,0,3,3
Akyetie,3,0,3
Akyew,3,0,3
Akyiaa,0,3,3
Akyil,0,3,3
Akyr,3,0,3
Akyro,3,0,3
Akys,3,0,3
Akyscha,0,3,3
Akyshma,0,3,3
Akyshya,0,3,3
Al'Alim,3,0,3
Al'amin,3,0,3
Al'Arbi,3,0,3
Al'nealies,0,3,3
Al'shivon,3,0,3
Al-Abbas,3,0,3
Al-Abdien,3,0,3
Al-Abideen,3,0,3
Al-abidin,3,0,3
Al-Ameen,3,0,3
Al-Amin,3,0,3
Al-Amir,3,0,3
Al-Aqsa,0,3,3
Al-Arabia,0,3,3
Al-Assad,3,0,3
Al-Ayn,0,3,3
Al-Azhar,3,0,3
Al-Aziez,3,0,3
Al-Bashyr,3,0,3
Al-Chattab,3,0,3
Al-Dalki,3,0,3
Al-Dean,3,0,3
Al-Dion,3,0,3
Al-Djabbaar,3,0,3
Al-Ejaz,3,0,3
Al-Emini,3,0,3
Al-Ericgar,3,0,3
Al-Fariq,3,0,3
Al-Farouk,3,0,3
Al-Fatih,3,0,3
Al-Firdaws,3,0,3
Al-Ghaashy',3,0,3
Al-Ghaniy,3,0,3
Al-Hakim,3,0,3
Al-Hasan,3,0,3
Al-Hashimy,0,3,3
Al-Hassan,3,0,3
Al-Hejry,3,0,3
Al-Hollandi,3,0,3
Al-Husniyah,0,3,3
Al-Hussein,3,0,3
Al-Imane,0,3,3
Al-Imron,3,0,3
Al-Jannah,0,3,3
Al-jannah,0,3,3
Al-Jerreau,3,0,3
Al-Jinane,0,3,3
Al-Khattab,3,0,3
Al-lal,3,0,3
Al-laziya,0,3,3
Al-Len,3,0,3
Al-Mahdi,3,0,3
Al-mahdi,3,0,3
Al-Malik,3,0,3
Al-Mamoun,3,0,3
Al-Maqsood,3,0,3
Al-Mildred,0,3,3
Al-Momtahanah,0,3,3
Al-Montasser,3,0,3
Al-Muhaymin,3,0,3
Al-Mushtaba,3,0,3
Al-Mutasim,3,0,3
Al-Mütassem,3,0,3
Al-Nadiry,0,3,3
Al-Noor,0,3,3
Al-Pacino,3,0,3
Al-Qadir,3,0,3
Al-Qasim,3,0,3
al-Ra'uf,3,0,3
Al-Rachid,3,0,3
Al-Rahman,3,0,3
al-Rahman,3,0,3
Al-rashied,3,0,3
Al-Sadiq,3,0,3
Al-Safwah,0,3,3
Al-Saidi,0,3,3
Al-Shanar,3,0,3
Al-Sheikh,3,0,3
Al-Tayib,3,0,3
Al-wadoed,3,0,3
Al-yasa,3,0,3
Al-Yassaa,3,0,3
Al-Yazeera,0,3,3
Al-Yazzir,3,0,3
Al-Zahrah,0,3,3
Ala'a,0,3,3
Ala'e,0,3,3
Ala-a,0,3,3
Alaà,0,3,3
Alaã,0,3,3
Alaaaddin,0,3,3
Alâaddin,3,0,3
Alaâeddine,3,0,3
Alaaittin,3,0,3
Alaanoor,0,3,3
Alaat,3,0,3
Alaatin,3,0,3
Alaba,0,3,3
Alabanie,3,0,3
Alabass,3,0,3
Alabdeen,3,0,3
Alabdin,3,0,3
Alabella,0,3,3
Alabideen,3,0,3
Alabidien,3,0,3
Alabini,3,0,3
Alacho,0,3,3
Alacia,0,3,3
Aladar,3,0,3
Aladina,0,3,3
Aladine,3,0,3
Aladino,3,0,3
Alador,3,0,3
Alae-eddine,3,0,3
Alae-Edin,3,0,3
Alae-Eldin,3,0,3
Alaeeddine,3,0,3
Alaegonda,0,3,3
Alâettin,3,0,3
Alafah,3,0,3
Alagaratnum,3,0,3
Alagon,0,3,3
Alagria,0,3,3
Alagsendrina,0,3,3
Alagu,3,0,3
Alaha,0,3,3
Alâhattin,3,0,3
Alaï,3,0,3
Aläia,0,3,3
Alaia-Mirai,0,3,3
Alaiah,0,3,3
Alaica,0,3,3
Alaïde,0,3,3
Alaie-eddine,3,0,3
Alaïjahmoré,3,0,3
Alaika,0,3,3
Alaila,0,3,3
Alaïn,3,0,3
Alain-Bobby,3,0,3
Alain-Enriq,3,0,3
Alain-Geoffrey,3,0,3
Alain-Gérard,3,0,3
Alain-Gilbert,3,0,3
Alain-Michèl,3,0,3
Alain-Philippe,3,0,3
Alain-Rainièr,3,0,3
Alain-Raymond,3,0,3
Alain-Victor,3,0,3
Alainda,3,0,3
Alainne,0,3,3
Alainneke,0,3,3
Alainso,3,0,3
Alainy,0,3,3
Alair,3,0,3
Alaire,3,0,3
Alaishia,0,3,3
Alaishja,0,3,3
Alaisia,0,3,3
Alaistair,3,0,3
Alaister,3,0,3
Aláiya,0,3,3
Alaiyha,0,3,3
Alaiysa,0,3,3
Alaka,3,0,3
Alakae,3,0,3
Alaknanda,0,3,3
Alaknanda-Devi,0,3,3
Alako,0,3,3
Alamdaar,3,0,3
Alamdar,3,0,3
Alameeiy,0,3,3
Alameen,3,0,3
Alamgier,3,0,3
Alamie,3,0,3
Alamien,3,0,3
Alamier,3,0,3
Alamiya,3,0,3
Alamo,3,0,3
Alamtaj,0,3,3
Alán,3,0,3
Alàn,3,0,3
Alan-Jay,3,0,3
Alan-Jeremiah,3,0,3
Alan-Michèl,3,0,3
Alan-Simon,3,0,3
Alana-Dagmar,0,3,3
Alana-Innsaei,0,3,3
Alana-Luna,0,3,3
Alana-Maria,0,3,3
Alandio,3,0,3
Alando,3,0,3
Alandré,3,0,3
Alané,0,3,3
Alanha,0,3,3
Alania,0,3,3
Alanie,3,0,3
Alanit,0,3,3
Alanita,0,3,3
Alanke,0,3,3
Alanne,0,3,3
Alanni,0,3,3
Alanos,3,0,3
Alanta,0,3,3
Alany-Malia,0,3,3
Alanys,0,3,3
Alaoudin,3,0,3
Alaoui,3,0,3
Alapatt,0,3,3
Alara-Su,0,3,3
Alarabi,3,0,3
Alaraby,3,0,3
Alarba,0,3,3
Alardes,3,0,3
Alardo,3,0,3
Alarice,0,3,3
Alarna,0,3,3
Alaryc,3,0,3
Alaryse,0,3,3
Alas,0,3,3
Alasan,3,0,3
Alasane,3,0,3
Alasca,0,3,3
Alasia,0,3,3
Alasiem,3,0,3
Alathass,3,0,3
Alatne,0,3,3
Alatwb,3,0,3
Alauda,0,3,3
Alauddin,3,0,3
Alaude,0,3,3
Alavon,0,3,3
Alawiya,0,3,3
Alaxander,3,0,3
Alaya-Rose,0,3,3
Alayaa,0,3,3
Alayana,0,3,3
Alaycia,0,3,3
Alaydo,3,0,3
Alayi,3,0,3
Alayin,0,3,3
Alayisha,0,3,3
Alayla,0,3,3
Alaylah,0,3,3
Alayn,3,0,3
Alayna-Astara,0,3,3
Alayni,0,3,3
Alaynn,3,0,3
Alaynna,0,3,3
Alayos,3,0,3
Alayscha,0,3,3
Alayshero,3,0,3
Alaysker,3,0,3
Alazaïs,0,3,3
Alaztne,0,3,3
Alba-Theresa,0,3,3
Albaan,3,0,3
Albacher,3,0,3
Albada,3,0,3
Albaertus,3,0,3
Albagonda,0,3,3
Albaiti,0,3,3
Albaluna,0,3,3
Albán,3,0,3
Albane,0,3,3
Albanelia,0,3,3
Albanin,0,3,3
Albanisa,0,3,3
Albanor,3,0,3
Albanysha,0,3,3
Albarae,3,0,3
Albard,3,0,3
Albardien,0,3,3
Albartdina,0,3,3
Albarte,0,3,3
Albarthe,0,3,3
Albarthina,0,3,3
Albasilio,3,0,3
Albassel,3,0,3
Albat,3,0,3
Albata,0,3,3
Albatie,0,3,3
Albatrit,3,0,3
Albatros,3,0,3
Albé,0,3,3
Albéate,0,3,3
Albedine,0,3,3
Albegina,0,3,3
Albegonda,0,3,3
Albeiro,3,0,3
Albeisa,0,3,3
Albeity,3,0,3
Albelardo,3,0,3
Albelina,0,3,3
Albendina,0,3,3
Albenia,0,3,3
Albeny,3,0,3
Albër,3,0,3
Albêr,0,3,3
Alberbiena,0,3,3
Albercilio,3,0,3
Albèrda,0,3,3
Alberdeen,0,3,3
Alberdette,0,3,3
Alberdieke,0,3,3
Alberdienko,3,0,3
Alberdieuwna,0,3,3
Alberdilia,0,3,3
Alberdina-Catharina,0,3,3
Alberdines,3,0,3
Alberdingk,3,0,3
Alberdiny,0,3,3
Alberdo,3,0,3
Alberdt-Jan,3,0,3
Alberdus,0,3,3
Alberdyna,0,3,3
Alberdyne,0,3,3
Alberend,3,0,3
Alberga,0,3,3
Albergino,3,0,3
Albergo,3,0,3
Alberiecq,0,3,3
Alberieke,0,3,3
Alberigo,3,0,3
Alberikus,3,0,3
Alberina,0,3,3
Albérique,0,3,3
Albernic,3,0,3
Albernick,3,0,3
Alberno,3,0,3
Alberny,0,3,3
Alberry,3,0,3
Albersina,0,3,3
Albersje,0,3,3
Alberson,3,0,3
Albêrt,3,0,3
Albert-Amani,3,0,3
Albert-Anne,3,0,3
Albert-Antonie,3,0,3
Albert-Arie,3,0,3
Albert-Arne,3,0,3
Albert-Cor,3,0,3
Albert-Dirk,3,0,3
Albert-Douwe,3,0,3
Albert-Fabian,3,0,3
Albert-Hans,3,0,3
Albert-Harm,3,0,3
Albert-Hein,3,0,3
Albert-Heinz,3,0,3
Albert-Henkjan,3,0,3
Albert-Jacob,3,0,3
Albèrt-Jan,3,0,3
Albert-Jans,3,0,3
Albert-Jasper,3,0,3
Albert-Jean,3,0,3
Albert-Johan,3,0,3
Albert-John,3,0,3
Albert-Lauri,3,0,3
Albert-Menno,3,0,3
Albert-Nicolaas,3,0,3
Albert-Oane,3,0,3
Albert-Peter,3,0,3
Albert-Sebastian,3,0,3
Albert-Theodoor,3,0,3
Albèrt-Tin,3,0,3
Albert-Tina,0,3,3
Albert-Tjerk,3,0,3
Albert-Victor,3,0,3
Albert-Warner,3,0,3
Albert-Willem,3,0,3
Albert-Wim,3,0,3
Albèrta,0,3,3
Alberta-Mechelina,0,3,3
Albertdiene,0,3,3
Alberteen,0,3,3
Alberteld,3,0,3
Alberteunis,3,0,3
Alberth-Jan,3,0,3
Albertha-Johanna,0,3,3
Alberthgaynio,3,0,3
Alberthi,0,3,3
Alberthia,0,3,3
Alberthijs,3,0,3
Alberthinio,3,0,3
Alberthino,3,0,3
Alberthold,3,0,3
Alberthyn,0,3,3
Albertia,0,3,3
Albertice,0,3,3
Albertido,3,0,3
Albèrtie,0,3,3
Albertiën,3,0,3
Albertienke,0,3,3
Albertiko,3,0,3
Albertine-Christien,0,3,3
Albertine-Maria,0,3,3
Albertineke,0,3,3
Albertinga,0,3,3
Albertinio,3,0,3
Albertinka,0,3,3
Albertinne,0,3,3
Albertiny,0,3,3
Albertisha,0,3,3
Albertisia,0,3,3
Albertius,3,0,3
Albertjano,3,0,3
Albertka,0,3,3
Albertley,3,0,3
Albertlina,0,3,3
Albertoe,3,0,3
Albertoine,3,0,3
Alberton,3,0,3
Albertona,0,3,3
Albertonia,0,3,3
Albertonie,3,0,3
Albertovich,3,0,3
Albertovna,0,3,3
Albertrand,3,0,3
Albertreina,0,3,3
Albertrijne,0,3,3
Albertrina,0,3,3
Albertsdina,0,3,3
Albertszoon,3,0,3
Albertta,0,3,3
Albertti,3,0,3
Alberttine,0,3,3
Alberttino,3,0,3
Albertus-Adam,3,0,3
Albertus-Gerardus,3,0,3
Albertus-Hendrik,3,0,3
Albertus-Hendrikus,3,0,3
Albertus-Jan,3,0,3
Albertusblom,3,0,3
Albertusovich,3,0,3
Albertusz,3,0,3
Albertyna,0,3,3
Albery,3,0,3
Albesian,3,0,3
Albestina,0,3,3
Albethilde,0,3,3
Albetine,0,3,3
Albetrëine,0,3,3
Albets,3,0,3
Albetsia,0,3,3
Albetsie,0,3,3
Albetsina,0,3,3
Albeyro,3,0,3
Albiana,0,3,3
Albiane,0,3,3
Albieno,3,0,3
Albientje,0,3,3
Albijan,3,0,3
Albijana,0,3,3
Albines,3,0,3
Albinn,3,0,3
Albintus,3,0,3
Albioma,0,3,3
Albitha,0,3,3
Albmir,3,0,3
Albo,3,0,3
Alboin,3,0,3
Albolfazl,3,0,3
Albon,3,0,3
Alboss,3,0,3
Albourz,3,0,3
Albraa,3,0,3
Albracht,3,0,3
Albraham,3,0,3
Albran,3,0,3
Albrechje,0,3,3
Albrechtje,0,3,3
Albregito,3,0,3
Albregje,0,3,3
Albren,3,0,3
Albresha,0,3,3
Albriana,0,3,3
Albrichje,0,3,3
Albriecq,3,0,3
Albrigje,0,3,3
Albrika,0,3,3
Albrim,3,0,3
Albrin,3,0,3
Albrina,0,3,3
Albrit,0,3,3
Albrondus,3,0,3
Albrun,3,0,3
Albuïn,3,0,3
Albuinus,3,0,3
Albulenë,0,3,3
Albuquerque,0,3,3
Alburt,3,0,3
Albus,3,0,3
Alcadrie,3,0,3
Alcaide,3,0,3
Alcala,0,3,3
Alcangel,3,0,3
Alcanha,3,0,3
Alcanna,0,3,3
Alcanne,0,3,3
Alcantra,3,0,3
Alcarin,3,0,3
Alçay,0,3,3
Alcea,0,3,3
Alcean,3,0,3
Alcella,0,3,3
Alcemé,0,3,3
Alcerisia,0,3,3
Alcesta,0,3,3
Alceste,3,0,3
Alcherin,3,0,3
Alcherine,0,3,3
Alchiena,0,3,3
Alciamara,0,3,3
Alcibeth,0,3,3
Alcibiades,3,0,3
Alcid,3,0,3
Alcídes,3,0,3
Alcidra,0,3,3
Alcilha,0,3,3
Alcínia,0,3,3
Alciona,0,3,3
Alciony,0,3,3
Alcirus,3,0,3
Alckar,3,0,3
Alcoreza,0,3,3
Alcoriza,3,0,3
Alcuïn,3,0,3
Alcuine,0,3,3
Alcuines,3,0,3
Alcwin,3,0,3
Alcwyn,3,0,3
Alcyllia,0,3,3
Alcyndo,3,0,3
Aldagonde,0,3,3
Aldahyr,3,0,3
Aldaír,3,0,3
Aldajé,3,0,3
Aldan,3,0,3
Aldara,0,3,3
Aldarina,0,3,3
Aldaron,3,0,3
Aldaynisha,0,3,3
Aldayr,3,0,3
Aldeana,0,3,3
Aldebaray,3,0,3
Aldebrand,3,0,3
Aldeena,0,3,3
Aldegandis,3,0,3
Aldego,0,3,3
Aldegond,3,0,3
Aldegondine,0,3,3
Aldegondo,3,0,3
Aldegundes,3,0,3
Aldehïer,3,0,3
Aldehir,3,0,3
Aldeija,0,3,3
Aldeir,3,0,3
Aldeiro,3,0,3
Aldelgonda,0,3,3
Aldelheid,0,3,3
Aldelien,0,3,3
Aldeline,0,3,3
Aldelson,3,0,3
Aldemaro,3,0,3
Aldeméia,0,3,3
Aldenis,3,0,3
Aldenya,0,3,3
Alderbertha,0,3,3
Alderbertus,3,0,3
Alderdt,3,0,3
Aldereides,3,0,3
Alderick-Perceval,3,0,3
Alderien,0,3,3
Alderiena,0,3,3
Alderigo,3,0,3
Alderijson,3,0,3
Alders,3,0,3
Aldert-Jette,3,0,3
Aldert-Karst,3,0,3
Aldert-Patrick,3,0,3
Aldertdientje,0,3,3
Aldertjan,3,0,3
Alderus,3,0,3
Aldessa,0,3,3
Aldetta,0,3,3
Aldevina,0,3,3
Aldevino,3,0,3
Aldewin,3,0,3
Aldex,3,0,3
Aldger,3,0,3
Aldgilles,3,0,3
Aldhaiër,3,0,3
Aldhaïr,3,0,3
Aldie,0,3,3
Aldiëntely,0,3,3
Aldijon,3,0,3
Aldijr,3,0,3
Aldika,0,3,3
Aldila,0,3,3
Aldimarys,0,3,3
Aldimier,3,0,3
Aldinne,0,3,3
Aldinya,0,3,3
Aldion,3,0,3
Aldiörn,3,0,3
Aldirk,3,0,3
Aldishainy,0,3,3
Aldita,0,3,3
Aldivino,3,0,3
Aldiyana,0,3,3
Aldja,0,3,3
Aldjamali,3,0,3
Aldjenay,3,0,3
Aldmiro,3,0,3
Aldofina,0,3,3
Aldolf,3,0,3
Aldolfina,0,3,3
Aldolfus,3,0,3
Aldolphus,3,0,3
Aldomara,0,3,3
Aldomaro,3,0,3
Aldoméjo,3,0,3
Aldonia,0,3,3
Aldonna,0,3,3
Aldons,3,0,3
Aldonsa,0,3,3
Aldonza,0,3,3
Aldos,3,0,3
Aldowin,3,0,3
Aldowinus,3,0,3
Aldren,3,0,3
Aldrensi,0,3,3
Aldrentino,3,0,3
Aldrey,3,0,3
Aldriaan,3,0,3
Aldriane,0,3,3
Aldrianka,0,3,3
Aldrianna,0,3,3
Aldrianne,0,3,3
Aldrica,0,3,3
Aldricht,3,0,3
Aldrico,3,0,3
Aldricson,3,0,3
Aldrie,3,0,3
Aldriella,0,3,3
Aldriëne,0,3,3
Aldriënne,0,3,3
Aldrik-Wiebo,3,0,3
Aldrikson,3,0,3
Aldrine,3,0,3
Aldrinell,3,0,3
Aldrinella,0,3,3
Aldrinisha,0,3,3
Aldrino,3,0,3
Aldriona,0,3,3
Aldrique,3,0,3
Aldrit,3,0,3
Aldrixson,3,0,3
Aldriyena,0,3,3
Aldrizjön,3,0,3
Aldruba,3,0,3
Aldrynon,3,0,3
Aldrynoth,3,0,3
Aldsley,3,0,3
Aldu,3,0,3
Aldura,0,3,3
Aldvitjo,3,0,3
Aldwina,0,3,3
Aldyjana,0,3,3
Aldyna,0,3,3
Aldyr,3,0,3
Alè,3,0,3
Ale'xander,3,0,3
Ale-Lammert,3,0,3
Ale-Livius,3,0,3
Ale-Mintse,3,0,3
Ale-Wim,3,0,3
Ale-Wopke,3,0,3
Aléa,0,3,3
Aleaannah,0,3,3
Aleaddin,3,0,3
Aleah-Ginovah,0,3,3
Alealdin,3,0,3
Aleána,0,3,3
Aléande,0,3,3
Alèandra,0,3,3
Aleandrew,3,0,3
Aleardo,3,0,3
Aleas,3,0,3
Aleasha,0,3,3
Aleattin,3,0,3
Aleayah,0,3,3
Aleayna,0,3,3
Alebentiye,0,3,3
Aleberta,0,3,3
Alebertha,0,3,3
Alec-John,3,0,3
Alec-Sandro,3,0,3
Alecantara,0,3,3
Alecc,3,0,3
Aleccio,3,0,3
Alecha,0,3,3
Aléchandra,0,3,3
Alechandro,3,0,3
Alechiena,0,3,3
Alecksander,3,0,3
Aleco,3,0,3
Alecsa,0,3,3
Alecsej,3,0,3
Alecsij,3,0,3
Alecx,0,3,3
Alecxandre,3,0,3
Aleçzander,3,0,3
Aledia,0,3,3
Aledis,0,3,3
Aleeah-Jill,0,3,3
Aleecya,0,3,3
Aleef,3,0,3
Aleeha,0,3,3
Aleeke,3,0,3
Aleema,0,3,3
Aleera,0,3,3
Aleerah,0,3,3
Aleesah,0,3,3
Aleeshia,0,3,3
Aleetha,0,3,3
Aleffina,0,3,3
Alefien,0,3,3
Alefiera,0,3,3
Alefke,0,3,3
Alefonse,0,3,3
Aleganadro,3,0,3
Alegander,3,0,3
Alégandra,0,3,3
Alegandrina,0,3,3
Alegondis,3,0,3
Alégra,0,3,3
Alègre,3,0,3
Alegrië,0,3,3
Alegundus,3,0,3
Aleh,3,0,3
Alehandrina,0,3,3
Alehya,0,3,3
Aleiah,0,3,3
Aleicia,0,3,3
Aleid-Noah,3,0,3
Aleïda,0,3,3
Aleida-Hendrika,0,3,3
Aleida-Jozefiena,0,3,3
Aleidaroxy,0,3,3
Aleidas,3,0,3
Aleideke,0,3,3
Aleidert,3,0,3
Aleidiene,0,3,3
Aleidine,0,3,3
Aleidje,0,3,3
Aleido,3,0,3
Aleigha,0,3,3
Aleijde,0,3,3
Aleijna,0,3,3
Aleikos,3,0,3
Aleila,0,3,3
Aleina,0,3,3
Aleindert,3,0,3
Alëis,0,3,3
Aleïsha,0,3,3
Aleisia,0,3,3
Aleitje,0,3,3
Aleixo,3,0,3
Aleiya,0,3,3
Aleja,0,3,3
Aleja-Noëlle,0,3,3
Alejaendro,3,0,3
Alejan,3,0,3
Alejandría,0,3,3
Alejandrita,0,3,3
Alejándro,3,0,3
Alejaniro,3,0,3
Alejdin,3,0,3
Alejehandro,3,0,3
Alekceï,3,0,3
Alekkos,3,0,3
Alèko,3,0,3
Aleksander-Jan,3,0,3
Aleksandor,3,0,3
Aleksandrovic,3,0,3
Aleksandrovich,3,0,3
Aleksandrovytsj,3,0,3
Aleksanteri,3,0,3
Alekse,0,3,3
Alekseenko,3,0,3
Aleksëevich,3,0,3
Aleksëevna,0,3,3
Alekseivitsj,3,0,3
Aleksejevna,0,3,3
Aleksic,0,3,3
Alekszandr,3,0,3
Alékszándrú,3,0,3
Alekto,0,3,3
Alekzander,3,0,3
Aleladia,0,3,3
Aleli,0,3,3
Alellandro,3,0,3
Alemayehu,3,0,3
Alemie,0,3,3
Alemin,3,0,3
Alemkhan,3,0,3
Alemnesh,0,3,3
Alén,3,0,3
Alencia,0,3,3
Alenciz,3,0,3
Alencya,0,3,3
Alendi,0,3,3
Alendiena,0,3,3
Alendra,0,3,3
Alendt,3,0,3
Aléne,0,3,3
Alenika,0,3,3
Alenke,0,3,3
Alènn,3,0,3
Alennah,0,3,3
Alennas,3,0,3
Alenne,0,3,3
Alenor,0,3,3
Alenore,0,3,3
Alens,3,0,3
Alenta,0,3,3
Alenthia,0,3,3
Alénush,0,3,3
Alenya,0,3,3
Alenzae,3,0,3
Aleo,3,0,3
Aleondeo,3,0,3
Aleonore,0,3,3
Aleou,3,0,3
Alepio,3,0,3
Alèr,3,0,3
Alercio,3,0,3
Alerionna,0,3,3
Aleroh,0,3,3
Aleron,3,0,3
Alerta,0,3,3
Alès,3,0,3
Alesana,0,3,3
Alesanco,3,0,3
Alesandrina,0,3,3
Alescia,0,3,3
Alésha,0,3,3
Aleshani,0,3,3
Aleshio,3,0,3
Alési,0,3,3
Alèsia,0,3,3
Alesis,3,0,3
Alesitho,3,0,3
Aless,3,0,3
Alessan,3,0,3
Alessandra-Sofia,0,3,3
Alessandrasafina,0,3,3
Alessandrina,0,3,3
Alessandrò,3,0,3
Alèssandro,3,0,3
Alessaudro,3,0,3
Alesse,0,3,3
Alesshya,0,3,3
Aléssia,0,3,3
Alèssia,0,3,3
Alessia-Tishantely,0,3,3
Alessío,3,0,3
Alessio-Elijah,3,0,3
Alessiya,0,3,3
Alèssyo,3,0,3
Alestina,0,3,3
Alesy,0,3,3
Alèt,0,3,3
Alet-Janet,0,3,3
Alethe,0,3,3
Alethia,0,3,3
Alètje,0,3,3
Alett,0,3,3
Alètta,0,3,3
Alettin,3,0,3
Aletto,3,0,3
Aletty,0,3,3
Alewayt,3,0,3
Alewiena,3,0,3
Alewientje,0,3,3
Alewies,3,0,3
Alewine,0,3,3
Alewisius,3,0,3
Alewitsch,3,0,3
Alèx,3,0,3
Alex-Ferdinand,3,0,3
Alex-Gerrit,3,0,3
Alex-Hendrik,3,0,3
Alex-Henri,3,0,3
Alex-Junior,3,0,3
Alex-Khang,3,0,3
Alex-Luca,3,0,3
Alex-Martijm,3,0,3
Alex-Sandra,0,3,3
Alex-Walter,3,0,3
Alexa-Mae,0,3,3
Alexai,3,0,3
Alexalma,0,3,3
Alexana,0,3,3
Alexanar,3,0,3
Alèxander,3,0,3
Alexander-Bert,3,0,3
Alexander-David,3,0,3
Alexander-Guillaume,3,0,3
Alexander-Johannes,3,0,3
Alexander-Martijn,3,0,3
Alexander-Nicolaas,3,0,3
Alexander-Paul,3,0,3
Alexander-Percijn,3,0,3
Alexander-Peter,3,0,3
Alexandere,3,0,3
Alexanderini,0,3,3
Alexanders,3,0,3
Alexanderson,3,0,3
Alexandersz,3,0,3
Alexanderszoon,3,0,3
Alexandertje,0,3,3
Alexanderus,3,0,3
Alexandia,0,3,3
Alexandra-Julia,0,3,3
Alexandra-Marika,0,3,3
Alexandra-Natascha,0,3,3
Alexandra-Noël,0,3,3
Alexandra-Petra,0,3,3
Alexandra-Petronella,0,3,3
Alexandra-Roselynn,0,3,3
Alexandre-Frederic,3,0,3
Alexandrei,3,0,3
Alexandrew,3,0,3
Alexandrey,3,0,3
Alexandreya,0,3,3
Alexandri,0,3,3
Alexandriana,0,3,3
Alexandrianum,3,0,3
Alexandrica,0,3,3
Alexandriena,0,3,3
Alexandrientje,0,3,3
Alexandriette,0,3,3
Alexandrin,0,3,3
Alexandrina-Johanna,0,3,3
Alexandrines,3,0,3
Alexandris,3,0,3
Alexandrò,3,0,3
Alexandrof,3,0,3
Aléxandros-Julius,3,0,3
Alexandrov,3,0,3
Alexandrow,3,0,3
Alexandrowitch,3,0,3
Alexandrowitsch,3,0,3
Alexandrowitsj,3,0,3
Alexandrú,3,0,3
Alexandrus,3,0,3
Alexandy,3,0,3
Alexanian,3,0,3
Alexanja,0,3,3
Alexanthros,3,0,3
Alexasndrina,0,3,3
Alexcandra,0,3,3
Alexcé,3,0,3
Alexcio,3,0,3
Alexcis,3,0,3
Alexcius,3,0,3
Alexëi,3,0,3
Alexeli,0,3,3
Alexeny,0,3,3
Alexes,3,0,3
Alexeyevich,3,0,3
Alexhandra,0,3,3
Alexhendrina,0,3,3
Alexí,0,3,3
Alexia-Sophia,0,3,3
Alexian,3,0,3
Alexiani,0,3,3
Alexianna,0,3,3
Alexianny,0,3,3
Alexiano,3,0,3
Alexianus,3,0,3
Alexien,0,3,3
Alexiës,3,0,3
Alexii,3,0,3
Alexij,3,0,3
Alexin,3,0,3
Alexinah,0,3,3
Alexinha,0,3,3
Alexinho,3,0,3
Aléxis,3,0,3
Alexis-Charlotte,0,3,3
Alexis-Grace,0,3,3
Alexiyah,0,3,3
Alexja,0,3,3
Alexjan,3,0,3
Alexjandro,3,0,3
Alexka,0,3,3
Alexli,0,3,3
Alexlie,3,0,3
Alexmir,3,0,3
Alexon,3,0,3
Alexos,3,0,3
Alexpatti,3,0,3
Alexsai,3,0,3
Alexsandera,0,3,3
Alexsandria,0,3,3
Alexsandros,3,0,3
Alexsandrovna,0,3,3
Alexsany,0,3,3
Alexsaputra,3,0,3
Alexseander,3,0,3
Alexsej,3,0,3
Alexshandra,0,3,3
Alexsio,3,0,3
Alexsius,3,0,3
Alexsuneé,0,3,3
Alexsy,0,3,3
Alexsys,0,3,3
Alextasio,3,0,3
Alexxandra,0,3,3
Alexxis,0,3,3
Alexyiënna,0,3,3
Alexyss-Sarah,0,3,3
Alexzandria,0,3,3
Alexzandro,3,0,3
Alexziënna,0,3,3
Aléyah,0,3,3
Aleyaira,0,3,3
Aleyanna,0,3,3
Aléyano,3,0,3
Aleycia,0,3,3
Aleyd,0,3,3
Aleydus,3,0,3
Aleyenne,0,3,3
Aleyha,0,3,3
Alêyna,0,3,3
Aleynă,0,3,3
Aléyna,0,3,3
Aleyna-Azize,0,3,3
Aleynah-Norah,0,3,3
Aleynanur,0,3,3
Aleyona,0,3,3
Aléysa,0,3,3
Aleysiah,0,3,3
Aleyxiënne,0,3,3
Alezandra,0,3,3
Alezandro,3,0,3
Aléze,0,3,3
Alezé,0,3,3
Alezia,0,3,3
Alezzandro,3,0,3
ALF,0,3,3
Alfa-Grigorio,3,0,3
Alfadel,3,0,3
Alfadil,0,3,3
Alfaïk,3,0,3
Alfajri,3,0,3
Alfanette,0,3,3
Alfania,0,3,3
Alfanio,3,0,3
Alfansuri,3,0,3
Alfaraby,3,0,3
Alfarailyel,0,3,3
Alfarez,3,0,3
Alfarezel,3,0,3
Alfariq,3,0,3
Alfarok,3,0,3
Alfarouk,3,0,3
alfarouk,3,0,3
Alfaruk,3,0,3
Alfaruq,3,0,3
Alfarus,3,0,3
Alfaryda,0,3,3
Alfas,3,0,3
Alfatah,3,0,3
Alfatihani,0,3,3
Alfatiho,3,0,3
Alfayette,0,3,3
Alfea,0,3,3
Alfedo,3,0,3
Alfemia,0,3,3
Alfennys,3,0,3
Alferd,3,0,3
Alferdo,3,0,3
Alfèrez,3,0,3
Alferinio,3,0,3
Alferio,3,0,3
Alferrie,3,0,3
Alferso,3,0,3
Alferts,3,0,3
Alfeu,3,0,3
Alfhild,0,3,3
Alfhonsie,0,3,3
Alfhonsius,3,0,3
Alfiana,0,3,3
Alfiansyah,3,0,3
Alfib,3,0,3
Alfida,0,3,3
Alfien,0,3,3
Alfijte,0,3,3
Alfikre,3,0,3
Alfinia,0,3,3
Alfinio,3,0,3
Alfinn,3,0,3
Alfira,0,3,3
Alfius,3,0,3
Alfiyani,0,3,3
Alfkar,3,0,3
Alfke,0,3,3
Alfonces,3,0,3
Alfoncina,0,3,3
Alfoncine,0,3,3
Alfonda,0,3,3
Alfondsus,3,0,3
Alfonne,0,3,3
Alfóns,3,0,3
Alfons-Jan,3,0,3
Alfonsena,0,3,3
Alfonsi,3,0,3
Alfonsiana,0,3,3
Alfonsiene,0,3,3
Alfonsino,0,3,3
Alfonsioes,3,0,3
Alfonsis,3,0,3
Alfonssina,0,3,3
Alfonssine,0,3,3
Alfony,0,3,3
Alford,3,0,3
Alfraed,3,0,3
Alfrano,3,0,3
Alfréd,3,0,3
Alfred-Johan,3,0,3
Alfredda,0,3,3
Alfreddina,0,3,3
Alfreddo,3,0,3
Alfreddus,3,0,3
Alfredia,0,3,3
Alfredikus,3,0,3
Alfredinio,3,0,3
Alfrédus,3,0,3
Alfreed,0,3,3
Alfrendo,3,0,3
Alfreth,3,0,3
Alfrick,3,0,3
Alfrides,3,0,3
Alfrido,3,0,3
Alfrieddinaar,3,0,3
Alfriedis,3,0,3
Alfrinanda,0,3,3
Alfro,3,0,3
Alfrony,0,3,3
Alfur,3,0,3
Alfyja,0,3,3
Algado,3,0,3
Algard,3,0,3
Algassimou,3,0,3
Alge,3,0,3
Algeano,3,0,3
Algeanor,0,3,3
Algenay-Kyan,3,0,3
Algera,0,3,3
Algerao,3,0,3
Algerda,0,3,3
Algereau,3,0,3
Algerina,0,3,3
Algerinio,3,0,3
Algérink,3,0,3
Algerlette,0,3,3
Algerro,3,0,3
Alghali,3,0,3
Alghani,3,0,3
Alghassim,3,0,3
Alghazali,3,0,3
Alghazi,3,0,3
Algi,0,3,3
Algia,0,3,3
Algian,3,0,3
Algie,0,3,3
Algijano,3,0,3
Algimanta,0,3,3
Algimantas,3,0,3
Algimede,3,0,3
Algine,3,0,3
Alginus,3,0,3
Algirdas,3,0,3
Algloria,0,3,3
Algo,3,0,3
Algondius,3,0,3
Algot,3,0,3
Algowin,3,0,3
Algra,0,3,3
Algreet,0,3,3
Algreta,0,3,3
Algretta,0,3,3
Algri,0,3,3
Algrid,0,3,3
Algrit,0,3,3
Algryt,0,3,3
Algueró,3,0,3
Algy-Lee,3,0,3
Alhaam,0,3,3
Alhaan,0,3,3
Alhabeshi,3,0,3
Alhabib,3,0,3
Alhaj,3,0,3
Alhaje,3,0,3
Alhajj,3,0,3
Alhala,0,3,3
Alhalim,3,0,3
Alham,0,3,3
Alhanuf,0,3,3
Alharit,3,0,3
Alharith,3,0,3
Alhart,3,0,3
Alhasi,3,0,3
Alhawraa,0,3,3
Alhayat,0,3,3
Alhaysha,0,3,3
Alhaytham,3,0,3
Alhazen,3,0,3
Alheri,3,0,3
Alheteia,0,3,3
Alheydis,0,3,3
Alhijie,3,0,3
ALHJ,0,3,3
Alhosin,3,0,3
Alhossein,3,0,3
Alhoussouna,0,3,3
Alhuda,0,3,3
Alhussein,3,0,3
Alhystar,3,0,3
Alhyzia,0,3,3
Ali'jah,3,0,3
Ali-Abbas,3,0,3
Ali-Akbar,3,0,3
Ali-anne,0,3,3
Ali-Asghar,3,0,3
Ali-Bey,3,0,3
Ali-Buuh,0,3,3
Ali-Çan,3,0,3
Ali-Ekber,3,0,3
Ali-Emin,3,0,3
Ali-Erkan,3,0,3
Ali-Furkan,3,0,3
Ali-Güney,3,0,3
Ali-Hagdar,3,0,3
Ali-Haider,3,0,3
Ali-Hamza,3,0,3
Ali-Han,3,0,3
Ali-Hassan,0,3,3
Ali-Isa,3,0,3
Ali-Jansje,0,3,3
Ali-Jean,3,0,3
Ali-John,3,0,3
Ali-Junior,3,0,3
Ali-Kemal,3,0,3
Ali-Khan,3,0,3
Ali-Marianne,0,3,3
Ali-Marie,0,3,3
Ali-Mohammed,3,0,3
Ali-Raza,3,0,3
Ali-Şahin,3,0,3
Ali-Shan,3,0,3
Ali-Shoien,3,0,3
Ali-Sina,3,0,3
Ali-Tunahan,3,0,3
Ali-Yaris,3,0,3
Ali-Zain,3,0,3
Aliâa,0,3,3
Aliaanah,0,3,3
Aliaas,0,3,3
Aliabaas,3,0,3
Aliabas,3,0,3
Aliabi,0,3,3
Aliade,0,3,3
Aliae,0,3,3
Aliagatoen,0,3,3
Aliakim,0,3,3
Aliaksei,3,0,3
Aliakwe,3,0,3
Alianda,0,3,3
Aliando,3,0,3
Aliang,3,0,3
Aliangel,3,0,3
Alianka,0,3,3
Alianni,0,3,3
Alianny,0,3,3
Aliano,3,0,3
Alianour,0,3,3
Alians,0,3,3
Alianta,0,3,3
Alianto,3,0,3
Alianur,0,3,3
Aliarian,3,0,3
Aliasaf,3,0,3
Aliasker,3,0,3
Aliayah,0,3,3
Aliaza,0,3,3
Alibâ,3,0,3
Alibeke,3,0,3
Aliben,3,0,3
Alíc,0,3,3
Alica-Lotte,0,3,3
Alicansun,3,0,3
Aliće,0,3,3
Alice-Jane,0,3,3
Alice-Joan,0,3,3
Alice-Joy,0,3,3
Alice-Lotte,0,3,3
Alice-Louise,0,3,3
Alice-Mary,0,3,3
Aliceanneke,0,3,3
Alicebert,0,3,3
Alicelyn,0,3,3
Alicemary,0,3,3
Alicen,0,3,3
Alíceo,3,0,3
Alices,0,3,3
Alicesha,0,3,3
Alicesson,0,3,3
Alicestar,3,0,3
Alicette,0,3,3
Alicetti,0,3,3
Alichaan,3,0,3
Alichayra,0,3,3
Alichiala,0,3,3
Alichya,0,3,3
Aliçia,0,3,3
Aliciá,0,3,3
Alicia-Camilla,0,3,3
Alicia-Grace,0,3,3
Alicia-May,0,3,3
Alicia-Noa,0,3,3
Alicia-Rosabella,0,3,3
Alicia-Sofie,0,3,3
Alicia-Valentina,0,3,3
Aliciano,3,0,3
Aliciën,0,3,3
Alicienne,0,3,3
Alicita,0,3,3
Alicius,3,0,3
Aliciya,0,3,3
Aliço,3,0,3
Alicson,3,0,3
Alicuma,3,0,3
Alicyana,0,3,3
Alid,3,0,3
Alida-Evelien,0,3,3
Alida-Inez,0,3,3
Alida-Joy,0,3,3
Alida-Maria,0,3,3
Alidada,0,3,3
Alidanis,3,0,3
Alidar,0,3,3
Alidawé,3,0,3
Alidawe,0,3,3
Alidé,3,0,3
Alide-Marie,0,3,3
Alidewijda,0,3,3
Alidiea,0,3,3
Alidine,0,3,3
Alidio,3,0,3
Alidja,0,3,3
Alidjah,3,0,3
Alidriana,0,3,3
Alidston,3,0,3
Alidtcha,0,3,3
Alidu,3,0,3
Aliduina,0,3,3
Alie-Alina,0,3,3
Alie-Amilly,0,3,3
Alie-Francien,0,3,3
Alie-Hiske,0,3,3
Alie-Janna,0,3,3
Alie-Janne,0,3,3
Alie-Rika,0,3,3
Alie-Sjouk,0,3,3
Alie-Yke,0,3,3
Aliea,0,3,3
Alieana,0,3,3
Alieandro,3,0,3
Alieanna-Rebecca,0,3,3
Aliebe,3,0,3
Aliecha,0,3,3
Aliecijah,0,3,3
Alieck,0,3,3
Alièda,0,3,3
Aliedaan,3,0,3
Aliedeke,0,3,3
Aliedje,0,3,3
Alieel,0,3,3
Alieem,3,0,3
Aliefa,0,3,3
Aliefka,0,3,3
Aliefke,0,3,3
Aliefputra,3,0,3
Aliegriet,0,3,3
Aliejan,0,3,3
Aliejanna,0,3,3
Aliejanneke,0,3,3
Aliejelke,3,0,3
Aliejet,0,3,3
Aliekber,3,0,3
Alieke-Franka,0,3,3
Alieke-Jantiene,0,3,3
Alieki,0,3,3
Aliela,0,3,3
Aliema,0,3,3
Alieman,3,0,3
Alienda,0,3,3
Aliënde,0,3,3
Aliëne,0,3,3
Aliënor,0,3,3
Alieny,0,3,3
Alieque,0,3,3
Alieren,3,0,3
Aliescha,0,3,3
Aliesia,0,3,3
Aliesse,0,3,3
Aliëta,0,3,3
Alietie,0,3,3
Alietje,0,3,3
Aliëtta,0,3,3
Alieve,0,3,3
Aliey,3,0,3
Alieyah,0,3,3
Alieymen,3,0,3
Alieyna,0,3,3
Aliez,0,3,3
Alifah,0,3,3
Alifat,0,3,3
Alifatih,3,0,3
Aliff,3,0,3
Alifha,0,3,3
Alifia,0,3,3
Alifiendra,3,0,3
Alifiya,0,3,3
Alifo,3,0,3
Alifya,0,3,3
Aliga,3,0,3
Aligea,0,3,3
Alighpir,3,0,3
Alight,0,3,3
Aligi,3,0,3
Aligne,0,3,3
Aligurkem,3,0,3
Alihassan,3,0,3
Alihettin,3,0,3
Alihider,3,0,3
Alihoesein,3,0,3
Alihoessein,3,0,3
Aliibrahim,3,0,3
Aliimran,3,0,3
Aliisa-Nova,0,3,3
Aliisia,0,3,3
Alijamani,3,0,3
Alijanda,0,3,3
Alijander,3,0,3
Alijanna,0,3,3
Alijbartus,3,0,3
Alijbertus,3,0,3
Alijdt,0,3,3
Alijke,0,3,3
Alijna,0,3,3
Alijon,3,0,3
Alijsha,0,3,3
Alikae,0,3,3
Alikah,0,3,3
Alikalie,3,0,3
Alikée,0,3,3
Alikemal,3,0,3
Alíki,0,3,3
Aliks,0,3,3
Alım,3,0,3
Alîm,3,0,3
Alimam,3,0,3
Alimami,3,0,3
Alimamylai,3,0,3
Aliman,0,3,3
Alimar,3,0,3
Alimarije,0,3,3
Alimat,0,3,3
Alimata,0,3,3
Alimatu,0,3,3
Alimbe,3,0,3
Alimcan,3,0,3
Alimefe,3,0,3
Alimehndi,3,0,3
Alimemy,3,0,3
Alimena,0,3,3
Alimenur,0,3,3
Alimicia,0,3,3
Alimin,3,0,3
Alimke,0,3,3
Alimoh,3,0,3
Alimohammed,3,0,3
Alimohamud,3,0,3
Alimure,3,0,3
Alîn,0,3,3
Alina-Joy,0,3,3
Alina-Lin,0,3,3
Alinagatoen,0,3,3
Alinaïm,3,0,3
Alincka,0,3,3
Alinco,3,0,3
Alincyja,0,3,3
Alind,3,0,3
Alindo,3,0,3
Alindy,0,3,3
Aliné,0,3,3
Aline-Janita,0,3,3
Alinea,0,3,3
Alinelle,0,3,3
Alinet,0,3,3
Alinge,0,3,3
Alington,3,0,3
Alinia,0,3,3
Alinio,3,0,3
Alinja,0,3,3
Alinke,0,3,3
Alinko,3,0,3
Alinna,0,3,3
Aliño,3,0,3
Alinore,0,3,3
Alintay,3,0,3
Alintia,0,3,3
Alinur,3,0,3
Aliocha,3,0,3
Aliomar,3,0,3
Alionde,0,3,3
Alior,3,0,3
Aliosa,0,3,3
Alipah,0,3,3
Alipaşa,3,0,3
Alipha-Basheruh,3,0,3
Alirahman,3,0,3
Aliraza,3,0,3
Alireda,3,0,3
Aliria,0,3,3
Alirizi,3,0,3
Aliruda,3,0,3
Alisa-Jo,0,3,3
Alisa-noya,0,3,3
Alisa-Phuong,0,3,3
Alişah,3,0,3
Alisaid,3,0,3
Alisala,0,3,3
Alisami,3,0,3
Alisande,0,3,3
Alisandra,0,3,3
Alisannah,0,3,3
Alisanur,0,3,3
Alisba,0,3,3
Alischana,0,3,3
Alische,0,3,3
Alischia,0,3,3
Alischja,0,3,3
Aliséa,0,3,3
Alisebet,0,3,3
Alisée,0,3,3
Aliselim,3,0,3
Alisena,3,0,3
Aliset,0,3,3
Alisey,0,3,3
Alishá,0,3,3
Alïsha,0,3,3
Alisha-Brandi,0,3,3
Alisha-Devi,0,3,3
Alisha-Ney,0,3,3
Alishaa,0,3,3
Alishaira,0,3,3
Alishan,3,0,3
Alishander,3,0,3
Alishanee,0,3,3
Alishaney,0,3,3
Alishbah,0,3,3
Alisher,3,0,3
Alishiya,0,3,3
Alisi,0,3,3
Alisiana,0,3,3
Alisija,0,3,3
Ališiwa,0,3,3
Alisjano,3,0,3
Alisjha,0,3,3
Aliske,0,3,3
Alismah,0,3,3
Alismanto,3,0,3
Aliso,3,0,3
Alïsrâ,0,3,3
Alissa-Loïs,0,3,3
Alissana,0,3,3
Alissar,0,3,3
Alisschïa,0,3,3
Alissety,0,3,3
Alissha,0,3,3
Alissiah,0,3,3
Alissio,3,0,3
Alission,3,0,3
Alissyo,3,0,3
Alista,0,3,3
Alistaire,3,0,3
Alisterry,3,0,3
Alisun,0,3,3
Alisyha,0,3,3
Alisz,0,3,3
Alisza,0,3,3
Aliszka,0,3,3
Alitâ,0,3,3
Alitah,0,3,3
Alitaha,3,0,3
Alithe,0,3,3
Alithica,0,3,3
Alitine,0,3,3
Alitsa,0,3,3
Alitzel,0,3,3
Aliuh,3,0,3
Aliünver,3,0,3
Alius,3,0,3
Aliuska,0,3,3
Aliv,0,3,3
Aliva,0,3,3
Alive,3,0,3
Alivereti,3,0,3
Alivin,3,0,3
Alíx,0,3,3
Alix-Anne,0,3,3
Alixa,0,3,3
Alixane,0,3,3
Alixsander,3,0,3
Alixx,3,0,3
Alíya,0,3,3
Aliya-Nora,0,3,3
Aliya-Shey,0,3,3
Aliyaan,3,0,3
Aliyah-Jade,0,3,3
Aliyah-Noor,0,3,3
Aliyahna,0,3,3
Aliyahya,3,0,3
Aliyanah,0,3,3
Aliyandro,3,0,3
Aliyani,0,3,3
Aliyannaa,0,3,3
Aliyanne,0,3,3
Aliyano,3,0,3
Aliyanur,0,3,3
Aliyâr,3,0,3
Aliyara,0,3,3
Aliyare,3,0,3
Aliyas,3,0,3
Aliyasin,3,0,3
Aliyate,0,3,3
Aliyendra,0,3,3
Aliyha,0,3,3
Aliyona,0,3,3
Aliyyaa,0,3,3
Alíz,0,3,3
Alizai,3,0,3
Alizain,3,0,3
Alizay,0,3,3
Alizaynelabyden,3,0,3
Alíze,0,3,3
Alizèe,0,3,3
Alizéh,0,3,3
Alizetta,0,3,3
Alizeyd,3,0,3
Aliziër,0,3,3
Alizya,0,3,3
Alizza,0,3,3
Alizzio,3,0,3
Aljack,3,0,3
Aljagrie,0,3,3
Aljana,0,3,3
Aljando,3,0,3
Aljandro,3,0,3
Aljannateyn,0,3,3
Aljantine,0,3,3
Aljanvonsa,0,3,3
Aljareau,3,0,3
Aljasha-Jani,3,0,3
Aljaž,3,0,3
Aljazeera,0,3,3
Alje-Tonnis,3,0,3
Aljéandro,3,0,3
Aljëandro,3,0,3
Aljenetta,0,3,3
Aljenneke,0,3,3
Aljerau,3,0,3
Aljero,3,0,3
Aljerŕau,3,0,3
Aljerrau,3,0,3
Aljes,3,0,3
Alji,3,0,3
Aljin,0,3,3
Aljïnia,0,3,3
Aljoé,3,0,3
Aljohn,3,0,3
Aljomar,3,0,3
Aljonka,0,3,3
Aljoša,3,0,3
Aljoschja,3,0,3
Aljoschka,0,3,3
Aljósjenka,3,0,3
Aljoswin,3,0,3
Aljounora,0,3,3
Aljudreah,0,3,3
Aljune,3,0,3
Aljus,3,0,3
Aljyn,3,0,3
Alkabid,3,0,3
Alkader,3,0,3
Alkadir,3,0,3
Alkadri,3,0,3
Alkahel,0,3,3
Alkaïos,3,0,3
Alkaiser,3,0,3
Alkalb,0,3,3
Alkaly,3,0,3
Alkamar,3,0,3
Alkarim,3,0,3
Alkas,3,0,3
Alkathem,3,0,3
Alkautsar,0,3,3
Alkbra,0,3,3
Alkea,0,3,3
Alkebout,3,0,3
Alkelien,0,3,3
Alkeliena,0,3,3
Alkenah,3,0,3
Alker,3,0,3
Alkım,0,3,3
Alkimos,3,0,3
Alkinus,3,0,3
Alkione,0,3,3
Alkira,0,3,3
Alkisti,0,3,3
Alkje,0,3,3
Alkmaar,0,3,3
Alknarain,3,0,3
Alkobra,0,3,3
Alkony,3,0,3
Alkor,3,0,3
Alky,3,0,3
Alkyone,0,3,3
Alkyoni,0,3,3
Alkyviades,3,0,3
All-Jereau,3,0,3
All-Shaddai,0,3,3
Allaâddin,3,0,3
Allaadin,3,0,3
Allaattin,3,0,3
Allabine,0,3,3
Allabini,0,3,3
Alladine,3,0,3
Alladoum,3,0,3
Allaeldien,3,0,3
Allaert-Splinther,3,0,3
Allagracia,0,3,3
Allaha,0,3,3
Allahaïm,3,0,3
Allahdad,3,0,3
Allaïa,0,3,3
Allaijssa,0,3,3
Allaine,0,3,3
Allaisa,0,3,3
Allaisha,0,3,3
Allaistair,3,0,3
Allala,3,0,3
Allaleh,3,0,3
Allali,3,0,3
Allam,0,3,3
Allàn,3,0,3
Allán,3,0,3
Allan'des,3,0,3
Allan-Gregory,3,0,3
Allan-Herman,3,0,3
Allancis,3,0,3
Allanda,0,3,3
Allandin,3,0,3
Allandus,3,0,3
Allanie,0,3,3
Allanna,0,3,3
Allanzo,3,0,3
Allard-Bas,3,0,3
Allard-Christiaan,3,0,3
Allard-Dirk,3,0,3
Allard-Martijn,3,0,3
Allard-Stefan,3,0,3
Allardien,0,3,3
Allardo,3,0,3
Allare,0,3,3
Allartje,0,3,3
Allavisius,3,0,3
Allaw,3,0,3
Allaychá,0,3,3
Allayka,0,3,3
Allayn,3,0,3
Allaysah,0,3,3
Allaysha,0,3,3
Allbert,3,0,3
Allbright,0,3,3
Allé,3,0,3
Alle-Anko,3,0,3
Alle-Erik,3,0,3
Alle-Klaas,3,0,3
Alle-Pieter,3,0,3
Alle-Rein,3,0,3
Alle-Sjouke,3,0,3
Allea,0,3,3
Alleana,0,3,3
Alleandro,3,0,3
Alleart,3,0,3
Alleary,3,0,3
Allebartha,0,3,3
Alleberga,0,3,3
Allebert,3,0,3
Allebertina,0,3,3
Allecca,0,3,3
Allechantro,3,0,3
Allecio,3,0,3
Alledijn,0,3,3
Alleef,3,0,3
Alleesha,0,3,3
Alleeyah,0,3,3
Allegandro,3,0,3
Allegina,0,3,3
Allegondia,0,3,3
Allegondra,0,3,3
Allegonsa,0,3,3
Allegressa,0,3,3
Allégresse,0,3,3
Allegri,3,0,3
Allegundes,3,0,3
Allegust,3,0,3
Allei,0,3,3
Alleia,0,3,3
Alleidya,0,3,3
Alleine,0,3,3
Allejândro,3,0,3
Allejille,3,0,3
Allek,3,0,3
Alleke,0,3,3
Alleluia-Divine,0,3,3
Allendy,0,3,3
Allenka,0,3,3
Allenna,0,3,3
Alleno,3,0,3
Allente,0,3,3
Allentje,0,3,3
Allenton,3,0,3
Allephonsus,3,0,3
Allerdienus,3,0,3
Allerdine,0,3,3
Allerdus,3,0,3
Alleria,0,3,3
Alleron,3,0,3
Allert-Jan,3,0,3
Allerta,0,3,3
Allertmarta,0,3,3
Alleryn,0,3,3
Allesandra-Rózelinda,0,3,3
Allesia,0,3,3
Allesse,0,3,3
Allèssia,0,3,3
Allester,3,0,3
Allestina,0,3,3
Allettina,0,3,3
Allewicia,0,3,3
Allewicius,3,0,3
Allexa,0,3,3
Allexyana,0,3,3
Alleyah,0,3,3
Alleyah-Aisha,0,3,3
Alleyon,3,0,3
Alleys,0,3,3
Alleysa,0,3,3
Alleysha,0,3,3
Allëza,3,0,3
Allfaaz,3,0,3
Allfi,3,0,3
Allfrinancy,0,3,3
Allhena,0,3,3
Alli-Janne,0,3,3
Alliance,3,0,3
Alliart,3,0,3
Allican,0,3,3
Allicha,0,3,3
Allichia,0,3,3
Allicia-Maria,0,3,3
Allicio,3,0,3
Allides,3,0,3
Alliem,3,0,3
Alliëngelo,3,0,3
Allientje,0,3,3
Allieshia,0,3,3
Alliëssa,0,3,3
Allighiero,3,0,3
Alligonda,0,3,3
Allihusain,3,0,3
Allija,0,3,3
Allijssa,0,3,3
Allijt,0,3,3
Alliki,0,3,3
Allillian,0,3,3
Allim,3,0,3
Allin,0,3,3
Allinna,0,3,3
Allino,3,0,3
Allins,3,0,3
Allinson,3,0,3
Allirio,3,0,3
Allisah,0,3,3
Allisam,0,3,3
Allischà,0,3,3
Alliscia,0,3,3
Allise,0,3,3
Allishah,0,3,3
Allisiya,0,3,3
Alliska,0,3,3
Allissya,0,3,3
Alliston,3,0,3
Allixsander,3,0,3
Alliy,3,0,3
Alliyoni,0,3,3
Alliyyah,0,3,3
Alliza,0,3,3
Alljereau,3,0,3
Allman,3,0,3
Allmedin,3,0,3
Allness,0,3,3
Allo,3,0,3
Allodin,3,0,3
Allogienus,3,0,3
Alloice,0,3,3
Alloissia,0,3,3
Allok,3,0,3
Allôn,3,0,3
Allón,3,0,3
Allona,0,3,3
Allondina,0,3,3
Allonso,3,0,3
Allonzo,3,0,3
Allora,0,3,3
Allou,3,0,3
Allouch,3,0,3
Alloucious,3,0,3
Alloui,3,0,3
Allouisia,0,3,3
Allousius,3,0,3
Allouyssius,3,0,3
Allowanda,0,3,3
Allowien,0,3,3
Allowiena,0,3,3
Allowiese,0,3,3
Allowiesies,3,0,3
Allowiesius,3,0,3
Allowine,0,3,3
Allowinus,3,0,3
Alloy,3,0,3
Alloyisha,0,3,3
Alloysa,0,3,3
Alloyzius,3,0,3
Allracheed,3,0,3
Allren,3,0,3
Allrik,3,0,3
Allswell,0,3,3
Allthagracia,0,3,3
Alltuna,0,3,3
Alluisses,3,0,3
Alluminé,0,3,3
Allumuah,0,3,3
Allunga,0,3,3
Allura,0,3,3
Allus,3,0,3
Allvatah,3,0,3
Allwanie,3,0,3
Ally-Ann,0,3,3
Allyah,0,3,3
Allyan,3,0,3
Allyca,0,3,3
Allychia,0,3,3
Allyciano,3,0,3
Allyksen,3,0,3
Allyna,0,3,3
Allynah,0,3,3
Allyneke,0,3,3
Allynn,0,3,3
Allysa-Lynn,0,3,3
Allysandra,0,3,3
Allysandro,3,0,3
Allysar,0,3,3
Allysha-Gabriëlla,0,3,3
Allyshja,0,3,3
Allysjah,0,3,3
Allyssah,0,3,3
Allysson,0,3,3
Allysta,0,3,3
Allýsza,0,3,3
Allyze,0,3,3
Alma-Carolien,0,3,3
Alma-Gonda,0,3,3
Alma-Louise,0,3,3
Alma-Maria,0,3,3
Alma-Rose,0,3,3
Almaa,0,3,3
Almaalik,3,0,3
Almaberga,0,3,3
Almadelia,0,3,3
Almadina,0,3,3
Almadio,3,0,3
Almadus,3,0,3
Almaes,0,3,3
Almah,0,3,3
AlMahdi,3,0,3
Almaheh,3,0,3
Almajid,3,0,3
Almalaswintha,0,3,3
Almalia,3,0,3
Almaliek,0,3,3
Almami,3,0,3
Almamia,0,3,3
Almamoun,3,0,3
Almance,3,0,3
Almanik,3,0,3
Almano,3,0,3
Almansio,3,0,3
Almanzio,3,0,3
Almardo,3,0,3
Almare,0,3,3
Almarinda,0,3,3
Almarinde,0,3,3
Almario,3,0,3
Almarjan,0,3,3
Almary,0,3,3
Almasita,0,3,3
Almathea,0,3,3
Almayra,0,3,3
Almayrah,0,3,3
Almâz,3,0,3
Almáz,0,3,3
Alme,0,3,3
Almé,0,3,3
Almea,0,3,3
Almediano,3,0,3
Almée,0,3,3
Almeera,0,3,3
Almehdi,3,0,3
Almeido,3,0,3
Almeira,0,3,3
Almeirah,0,3,3
Almen,3,0,3
Almenaria,0,3,3
Almende,0,3,3
Almendro,3,0,3
Almera,0,3,3
Almère,3,0,3
Almerick,3,0,3
Almerina,0,3,3
Almerisa,0,3,3
Almerthina,0,3,3
Almes,0,3,3
Almetremzi,3,0,3
Almi,3,0,3
Almicar,3,0,3
Almichelano,3,0,3
Almicheneau,3,0,3
Almico,3,0,3
Almie,0,3,3
Almiek,0,3,3
Almıla,0,3,3
Almila-Su,0,3,3
Alminay,0,3,3
Almindo,3,0,3
Almino,3,0,3
Almior,3,0,3
Almiqui,0,3,3
Almirah,0,3,3
Almiranda,0,3,3
Almirque,3,0,3
Almisheyna,0,3,3
Almke,0,3,3
Almodena,0,3,3
Almoed,0,3,3
Almoeiz,3,0,3
Almoemen,3,0,3
Almoestafa,3,0,3
Almoeth,3,0,3
Almohanad,3,0,3
Almonda,0,3,3
Almondé,3,0,3
Almone,0,3,3
Almontaha,0,3,3
Almonte,3,0,3
Almoq,3,0,3
Almostafa,3,0,3
Almouez,3,0,3
Almoukdaad,3,0,3
Almt,3,0,3
Almud,3,0,3
Almund,3,0,3
Almurtda,3,0,3
Almutasim,3,0,3
Almûth,0,3,3
Almuzamil,3,0,3
Almyrando,3,0,3
Alna,0,3,3
Alnairis,0,3,3
Alnandis,3,0,3
Alnard,3,0,3
Alnd,3,0,3
Alne,0,3,3
Alnetje,0,3,3
Alnie,3,0,3
Alnieta,0,3,3
Alnita,0,3,3
Alno,3,0,3
Alnordys,0,3,3
Alnour,3,0,3
Alnus,3,0,3
Alobeta,0,3,3
Alobi,3,0,3
Alobjénan,0,3,3
Alobyaman,3,0,3
Alodya,0,3,3
Aloé-Puck,0,3,3
Aloe-Ysha,0,3,3
Aloean,3,0,3
Aloeette,0,3,3
Aloeïsa,0,3,3
Aloeke,0,3,3
Aloekoema,3,0,3
Aloëlle,0,3,3
Aloeni,0,3,3
Aloesia,0,3,3
Aloeske,0,3,3
Aloewatifomi,0,3,3
Aloey-Amir,3,0,3
Aloffina,0,3,3
Alofke,0,3,3
Alofonsus,3,0,3
Alohan,0,3,3
Alohi,0,3,3
Aloijisius,3,0,3
Aloijsin,0,3,3
Aloijsino,0,3,3
Aloina,0,3,3
Aloine,0,3,3
Alöis,3,0,3
Alöisa,0,3,3
Aloischa,0,3,3
Aloises,3,0,3
Aloisiana,0,3,3
Aloisie,0,3,3
Aloisine,0,3,3
Aloissius,3,0,3
Aloisus,3,0,3
Aloisy,3,0,3
Aloisya,0,3,3
Aloisyo,3,0,3
Aloíta,0,3,3
Aloius,3,0,3
Aloiusius,3,0,3
Aloiwisius,3,0,3
Aloiye,3,0,3
Aloiysa,0,3,3
Aloiza,0,3,3
Aloize,0,3,3
Alojoius,3,0,3
Alojsija,0,3,3
Alojzij,3,0,3
Alojzije,3,0,3
Alojzius,3,0,3
Alokoli,0,3,3
Alom,3,0,3
Alomai,0,3,3
Alomdra,0,3,3
Alomee,0,3,3
Alónia,0,3,3
Aloniab,3,0,3
Alonie,0,3,3
Alonya,0,3,3
Alonza,0,3,3
Alori,3,0,3
Alorne,3,0,3
Alosia,0,3,3
Alosja,3,0,3
Alot,0,3,3
Aloti,3,0,3
Aloud,3,0,3
Alouet,0,3,3
Alouetta,0,3,3
Alouijse,0,3,3
Alouïs,3,0,3
Alouïsa,0,3,3
Alouisha,0,3,3
Alouisio,3,0,3
Alouisse,3,0,3
Alouisya,0,3,3
Alouisyus,3,0,3
Alous,3,0,3
Alouscha,0,3,3
Alousha,0,3,3
Alouske,0,3,3
Aloussia,0,3,3
Alouyse,0,3,3
Alowan,3,0,3
Alowicius,3,0,3
Alowieza,0,3,3
Alowijn,3,0,3
Alowijs,3,0,3
Alowijsius,3,0,3
Alowinus,3,0,3
Alowise,0,3,3
Alowissius,3,0,3
Alowysino,0,3,3
Alowysius,3,0,3
Aloxe,0,3,3
Aloya,0,3,3
Aloyce,0,3,3
Aloycio,0,3,3
Aloycius,0,3,3
Aloyfonsius,3,0,3
Aloyissius,3,0,3
Aloyoune,0,3,3
Aloysethe,0,3,3
Aloysha,3,0,3
Aloysiene,0,3,3
Aloysina,0,3,3
Aloysino,0,3,3
Aloysis,3,0,3
Aloÿsius,3,0,3
Aloysja,0,3,3
Aloysuis,3,0,3
Aloysyus,3,0,3
Aloytius,3,0,3
Aloyus,3,0,3
Aloyzius,3,0,3
Aloyzy,0,3,3
Alozie,3,0,3
ALP,0,3,3
Alp-Eren,3,0,3
Alpachino,3,0,3
Alpacina,0,3,3
Alpago,3,0,3
Alpallona,0,3,3
Alpèr,3,0,3
Alpér,3,0,3
Alper-kâân,3,0,3
Alper-Osman,3,0,3
Alper-Uğur,3,0,3
Alperay,3,0,3
Alperazim,3,0,3
Alperkan,3,0,3
Alpgirayhan,3,0,3
Alph,3,0,3
Alphabubakar,3,0,3
Alphadio,3,0,3
Alphahim,3,0,3
Alphaomar,3,0,3
Alpharez,3,0,3
Alpharus,3,0,3
Alphasalliu,3,0,3
Alphasiaka,3,0,3
Alphea,3,0,3
Alphecca,0,3,3
Alpheda,0,3,3
Alphelino,0,3,3
Alphenor,3,0,3
Alpheta,0,3,3
Alpheüs,3,0,3
Alphin,0,3,3
Alphine-Renette,0,3,3
Alphino,3,0,3
Alphisia,0,3,3
Alphisius,3,0,3
Alphomsis,3,0,3
Alphona,0,3,3
Alphoncia,0,3,3
Alphondsy,0,3,3
Alphone,0,3,3
Alphones,0,3,3
Alphonne,0,3,3
Alphons-Adriaan,3,0,3
Alphonsie,0,3,3
Alphonsin,0,3,3
Alphontius,3,0,3
Alphonus,3,0,3
Alphonza,0,3,3
Alphonzus,3,0,3
Alphredo,3,0,3
Alphry,3,0,3
Alphyn,3,0,3
Alpilyas,3,0,3
Alpin,3,0,3
Alpina,0,3,3
Alpírez,3,0,3
Alponsa,0,3,3
Alponsina,0,3,3
Alponsu,3,0,3
Alponsus,3,0,3
Alptegin,3,0,3
Alptuğra,3,0,3
Alptuğrul,3,0,3
Alptuna,3,0,3
Alptunga,3,0,3
Alpuccino,3,0,3
Alpy,0,3,3
Alqods,0,3,3
Alquendris,3,0,3
Alquimedes,3,0,3
Alquinus,3,0,3
Alra,0,3,3
Alrachid,3,0,3
Alraina,0,3,3
Alrajaan,3,0,3
Alram,3,0,3
Alrdoef,0,3,3
Alred,3,0,3
Alren,3,0,3
Alrenso,3,0,3
Alrian,3,0,3
Alricio,3,0,3
Alrida,3,0,3
Alrik-Floris,3,0,3
Alrika,0,3,3
Alrin,3,0,3
Alrina,0,3,3
Alrinne,0,3,3
Alrohim,3,0,3
Alrohman,3,0,3
Alroma,0,3,3
Alron,3,0,3
Alroye,3,0,3
Alrun,0,3,3
Alrune,0,3,3
Alry,3,0,3
Alsa,0,3,3
Alsabaah,0,3,3
Alsadeq,3,0,3
Alsadig,3,0,3
Alsafa,0,3,3
Alsafano,3,0,3
Alsajad,3,0,3
Alsalvador,3,0,3
Alsan,3,0,3
Alsandro,3,0,3
Alsanea,0,3,3
Alschemar,3,0,3
Alse,3,0,3
Alsen,3,0,3
Alsenico,3,0,3
Alsenie,3,0,3
Alserty,3,0,3
Alseyni,0,3,3
Alshahied,3,0,3
Alshaima,0,3,3
Alsham,0,3,3
Alshareef,3,0,3
Alshaya,0,3,3
Alshedion,3,0,3
Alshomar,3,0,3
Alshunier,3,0,3
Alsijana,0,3,3
Alsindro,3,0,3
Alsita,0,3,3
Alsjakir,3,0,3
Alska,3,0,3
Alsodo,3,0,3
Alsoeuar,3,0,3
Alssam,3,0,3
Alsseny,3,0,3
Alsten,3,0,3
Alsyta,0,3,3
ALT,0,3,3
Alt-Willem,3,0,3
Alta-gracia,0,3,3
Altaaf-Ali,3,0,3
Altagrácia,0,3,3
Altagracia-Aan,0,3,3
Altagrasio,3,0,3
Altagrassia,0,3,3
Altagrathia,0,3,3
Altagratia,0,3,3
Altagrazia,0,3,3
Altamash,3,0,3
Altamira,0,3,3
Altamiro,3,0,3
Altamont,3,0,3
Altan-Od,0,3,3
Altanhan,3,0,3
Altaniffet,3,0,3
Altarik,3,0,3
Altariq,3,0,3
Altasha,0,3,3
Altavista,0,3,3
Altayib,3,0,3
Altegraccia,0,3,3
Altegracia,0,3,3
Altemar,3,0,3
Altemesé,0,3,3
Altemiro,3,0,3
Altemur,3,0,3
Altena,3,0,3
Altes,3,0,3
Altfriedus,3,0,3
Altger,3,0,3
Althaf,3,0,3
Althahira,0,3,3
Althan,3,0,3
Alther,3,0,3
Althia,0,3,3
Althild,0,3,3
Altia,0,3,3
Altie,3,0,3
Altiene,0,3,3
Altienna,0,3,3
Altigane,3,0,3
Altijana,0,3,3
Altın,3,0,3
Altınay,0,3,3
Altinie,0,3,3
Altino,3,0,3
Altize,0,3,3
Altman,3,0,3
Altobergi,3,0,3
Altoero,3,0,3
Altomare,0,3,3
Altone,0,3,3
Altonette,0,3,3
Altonia,0,3,3
Altragracia,0,3,3
Altreora,0,3,3
Altsje,0,3,3
Altwar,3,0,3
Alty,0,3,3
Altynai,0,3,3
Aluana,0,3,3
Aluarda,0,3,3
Aluat,0,3,3
Aluca,0,3,3
Alucard,3,0,3
Alucea,0,3,3
Aluel,0,3,3
Aluette,0,3,3
Aluicius,3,0,3
Aluino,3,0,3
Aluiso,3,0,3
Aluiz,3,0,3
Aluka,0,3,3
Aluma,3,0,3
Alumbé,3,0,3
Alumbrana,0,3,3
Alumit,0,3,3
Aluné,3,0,3
Alunggarn,3,0,3
Alungoo,0,3,3
Alunka,0,3,3
Aluola,0,3,3
Alura,0,3,3
Alusa,0,3,3
Aluschka,0,3,3
Alushia,0,3,3
Alusio,3,0,3
Aluwaah,0,3,3
Aluwi,3,0,3
Aluwisa,0,3,3
Aluysa,0,3,3
Aluysius,3,0,3
Alvana,0,3,3
Alvano,3,0,3
Alvardina,0,3,3
Alvarenga,0,3,3
Alvarenhio,3,0,3
Alvareñhio,3,0,3
Alvarino,3,0,3
Alvario,3,0,3
Alvaristo,3,0,3
Alvarro,3,0,3
Alve,0,3,3
Alvean,0,3,3
Alvear,3,0,3
Alveen,3,0,3
Alven,3,0,3
Alvene,0,3,3
Alveny,3,0,3
Alveradis,0,3,3
Alveraz,3,0,3
Alvere,3,0,3
Alverez,3,0,3
Alveria,0,3,3
Alverna,0,3,3
Alvernia,0,3,3
Alverone,3,0,3
Alvers,3,0,3
Alvery,3,0,3
Alvey,3,0,3
Alvez,3,0,3
Alvia,0,3,3
Alvianne,0,3,3
Alviano,3,0,3
Alviar,3,0,3
Alviënne,0,3,3
Alviëno,3,0,3
Alviera,0,3,3
Alviette,0,3,3
Alvín,3,0,3
Alvin-John,3,0,3
Alvin-Lloyd,3,0,3
Alvinash,3,0,3
Alvineysha,0,3,3
Alving,3,0,3
Alvinjo,3,0,3
Alvinn,3,0,3
Alvinson,3,0,3
Alvio,3,0,3
Alvir,3,0,3
Alvise,3,0,3
Alvon,3,0,3
Alvons,3,0,3
Alvurssynne,0,3,3
Alvyno,3,0,3
Alvyra,0,3,3
Alvyson,3,0,3
Alwaheed,3,0,3
Alwar,3,0,3
Alwasie,0,3,3
Alwassy,3,0,3
Alwayn,3,0,3
Alwert,3,0,3
Alwice,0,3,3
Alwich,3,0,3
Alwienen,0,3,3
Alwija,0,3,3
Alwijn,3,0,3
Alwik,3,0,3
Alwin-Peter,3,0,3
Alwines,3,0,3
Alwinia,0,3,3
Alwiniana,0,3,3
Alwisch,3,0,3
Alwita,0,3,3
Alwizia,0,3,3
Alwonder,0,3,3
Alwood,3,0,3
Alwyna,0,3,3
Alwyne,0,3,3
Alwynn,3,0,3
Alwys,3,0,3
Alxander,3,0,3
Aly-Jette,0,3,3
Aly-Marij,0,3,3
Aly-Marije,0,3,3
Alyaa,0,3,3
Alyâa,0,3,3
Alyaan,3,0,3
Alyaanah,0,3,3
Alyah-Jolene,0,3,3
Alyanah,0,3,3
Alyande,0,3,3
Alyandra,0,3,3
Alyandro,3,0,3
Alyannah,0,3,3
Alyasa,3,0,3
Alyasaâ,3,0,3
Alyasae,3,0,3
Alyashia,0,3,3
Alyassae,3,0,3
Alyaziya,0,3,3
Alyca,0,3,3
Alycea,0,3,3
Alychet,0,3,3
Alycia-May,0,3,3
Alyciënne,0,3,3
Alycka,0,3,3
Alyd,0,3,3
Alydea,0,3,3
Alydjah,0,3,3
Alydt,0,3,3
Alyena,0,3,3
Alyënda,0,3,3
Alyene,0,3,3
Alyens,3,0,3
Alyensa,0,3,3
Alyerho,3,0,3
Alyéro,3,0,3
Alyesar,0,3,3
Alyesha,0,3,3
Alyetta,0,3,3
Alyfa,0,3,3
Alyina,0,3,3
Alyious,3,0,3
Alyjaman,3,0,3
Alyjandro,3,0,3
Alyjette,0,3,3
Alykes,0,3,3
Alyma,0,3,3
Alymama,0,3,3
Alyman,3,0,3
Alyna-Mae,0,3,3
Alynah,0,3,3
Alynaia,0,3,3
Alynaine,0,3,3
Alynha,0,3,3
Alynsa,0,3,3
Alyo,3,0,3
Alyon,3,0,3
Alyra,0,3,3
Alyrha,0,3,3
Alysa-Roos,0,3,3
Alysah,0,3,3
Alysandra,0,3,3
Alysandre,0,3,3
Alysanna,0,3,3
Alysda,0,3,3
Alysette,0,3,3
Alyshá,0,3,3
Alysha-Ariana,0,3,3
Alysha-Ghatoen,0,3,3
Alysha-Hélena,0,3,3
Alysha-Mae,0,3,3
Alyshah,0,3,3
Alyshana,0,3,3
Alyshane,0,3,3
Alyshanty,0,3,3
Alyshia-Jane,0,3,3
Alyshialynn,0,3,3
Alysïa,0,3,3
Alysjah,0,3,3
Alyska,0,3,3
Alyssa-Amy,0,3,3
Alyssa-Chilaily,0,3,3
Alyssa-Fay,0,3,3
Alyssa-Indira,0,3,3
Alyssa-Joy,0,3,3
Alyssa-Lois,0,3,3
Alyssa-Mae,0,3,3
Alyssa-Sabine,0,3,3
Alyssabel,0,3,3
Alyssabeth,0,3,3
Alyssander,3,0,3
Alysshia,0,3,3
Alyssia-Jane,0,3,3
Alyssja,0,3,3
Alyssum,3,0,3
Alyssya,0,3,3
Alystair,3,0,3
Alyster,0,3,3
Alysza,0,3,3
Alyta,0,3,3
Alytje,0,3,3
Alytt,0,3,3
Alytta,0,3,3
Alyu,3,0,3
Alyzaday,0,3,3
Alyzee,0,3,3
Alyzeeh,0,3,3
Alyzha,0,3,3
Alzaahra,0,3,3
Alzan,3,0,3
Alzendrina,0,3,3
Alzera,0,3,3
Alzerina,0,3,3
Alzhraa,0,3,3
Alzubair,3,0,3
Am'r,3,0,3
Ama'an,3,0,3
Ama-À-Ti,0,3,3
Ama-Begeita,0,3,3
Ama-Hata,3,0,3
Ama-Kora,3,0,3
Ama-lenie,0,3,3
Ama-pèle,3,0,3
Amaad,3,0,3
Amaadeë,0,3,3
Amaaliya,0,3,3
Amaanat,0,3,3
Amaania,0,3,3
Amaanoellah,3,0,3
Amaari,0,3,3
Amaaya,0,3,3
Amabelia,0,3,3
Amabelle,0,3,3
Amabilé,0,3,3
Amabili,0,3,3
Amachi,3,0,3
Amadaeus,3,0,3
Amadali,0,3,3
Amadatus,3,0,3
Amadéa,0,3,3
Amadeiro,3,0,3
Amadesha,0,3,3
Amadessa,0,3,3
Amadëus,3,0,3
Amadéus,3,0,3
Amadio,3,0,3
Amadise,0,3,3
Amadkhan,3,0,3
Amádo,3,0,3
Amadoe,3,0,3
Amadoor,3,0,3
Amadoreh,3,0,3
Amadou-Mahtar,3,0,3
Amadoubobo,3,0,3
Amadousy,3,0,3
Amae-Lou,0,3,3
Amaedo,3,0,3
Amaeely,0,3,3
Amaefuna,3,0,3
Amaeli,0,3,3
Amaelie,0,3,3
Amaely,0,3,3
Amaena,0,3,3
Amaer,3,0,3
Amafana,3,0,3
Amagie,0,3,3
Amaguano,3,0,3
Amahai,3,0,3
Amahere,0,3,3
Amaïa,0,3,3
Amaia-Lynn,0,3,3
Amaian,3,0,3
Amaible,0,3,3
Amaiër,3,0,3
Amaike,0,3,3
Amaiki,0,3,3
Amain,3,0,3
Amaine,0,3,3
Amair,3,0,3
Amaish,3,0,3
Amaisia,0,3,3
Amaite,0,3,3
Amaité,0,3,3
Amaiur,0,3,3
Amaiya,0,3,3
Amajayden,3,0,3
Amajé,3,0,3
Amaki,0,3,3
Amakora,3,0,3
Amakuor,0,3,3
Amakyewa,0,3,3
Amal'di,3,0,3
Amalaiyan,3,0,3
Amalan,3,0,3
Amalao,0,3,3
Amalatja,0,3,3
Amalatoe,3,0,3
Amaldino,3,0,3
Amaldo,3,0,3
Amalea,0,3,3
Amalee,0,3,3
Amalessy,3,0,3
Amaleya,0,3,3
Amalìa,0,3,3
Amàlia,0,3,3
Amalia-Beatrice,0,3,3
Amalia-Magdalena,0,3,3
Amalia-Rose,0,3,3
Amaliana,0,3,3
Amalien,0,3,3
Amaliena,0,3,3
Amalinde,0,3,3
Amalis,0,3,3
Amalise,0,3,3
Amalisha,0,3,3
Amalisia,0,3,3
Amalitia,0,3,3
Amalito,3,0,3
Amaliyah,0,3,3
Amall,0,3,3
Amallia,0,3,3
Amallio,3,0,3
Amallya,0,3,3
Amalric,3,0,3
Amalrick,3,0,3
Amalro,3,0,3
Amalsan,0,3,3
Amaltea,0,3,3
Amalucia,0,3,3
Amalzio,3,0,3
Amamatou,0,3,3
Amán,0,3,3
Aman-Kishore,3,0,3
Aman-u-llah,3,0,3
Amanada,0,3,3
Amanae,0,3,3
Amanagaru,3,0,3
Amanallah,3,0,3
Amanat-Alie,3,0,3
Amanatkhan,3,0,3
Amanawit,0,3,3
Amancáy,0,3,3
Amancay,0,3,3
Amancaya,0,3,3
Amancé,0,3,3
Amanch,3,0,3
Amanchio,3,0,3
Amancy,0,3,3
Amand-Maurice,3,0,3
Amända,0,3,3
Amanda-Catharina,0,3,3
Amanda-Emigia,0,3,3
Amanda-Yvette,0,3,3
Amandah,0,3,3
Amandalena,0,3,3
Amandalise,0,3,3
Amandeepkaur,0,3,3
Amandel,0,3,3
Amandela,0,3,3
Amandeus,3,0,3
Amandío,3,0,3
Amandis,3,0,3
Amandita,0,3,3
Amandlenkosi,3,0,3
Amando-Angelo,3,0,3
Amandria,0,3,3
Amandrit,0,3,3
Amandy,0,3,3
Amandyne,0,3,3
Amandysh,0,3,3
Amane-Allah,0,3,3
Amanet,3,0,3
Amanfo,3,0,3
Amanga,3,0,3
Amanha,0,3,3
Amanheiceu,0,3,3
Amani-Jean,0,3,3
Amani-Noor,0,3,3
Amanianpong,3,0,3
Amaniapong,0,3,3
Amanica,0,3,3
Amânie,0,3,3
Amaniël,3,0,3
Amanija,0,3,3
Amaniqua,0,3,3
Amanishaketo,0,3,3
Amaniya,0,3,3
Amaniyy,3,0,3
Amanjiku,0,3,3
Amanjot,3,0,3
Amankona,3,0,3
Amankrah,3,0,3
Amankwah-Kuma,3,0,3
Amanna,0,3,3
Amannisa,0,3,3
Amanny,0,3,3
Amanodin,3,0,3
Amanor,3,0,3
Amanou,0,3,3
Amanpreetkaur,0,3,3
Amanqua,3,0,3
Amansho,3,0,3
Amansia,0,3,3
Amansio,3,0,3
Amanté,0,3,3
Amantè,3,0,3
Amantely,0,3,3
Amanthi,0,3,3
Amanthla,0,3,3
Amanti,3,0,3
Amantin,3,0,3
Amantis,0,3,3
Amantle,0,3,3
Amantra,3,0,3
Amantus,3,0,3
Amanu,3,0,3
Amanuël,3,0,3
Amanuelework,3,0,3
Amanuell,3,0,3
Amanuella,0,3,3
Amanuyel,3,0,3
Amanuyl,3,0,3
Amanveer,3,0,3
Amanyu,3,0,3
Amanza,0,3,3
Amaoge,0,3,3
Amaogechukwu,0,3,3
Amapatty,3,0,3
Amàr,3,0,3
Amár,3,0,3
Amar'e,3,0,3
Amar-Raj,3,0,3
Amar-Shiraas,3,0,3
Amâra,0,3,3
Amara-fay,0,3,3
Amara-Jehan,0,3,3
Amara-Sophie,0,3,3
Amaraiah,0,3,3
Amarakaba,3,0,3
Amaralde,0,3,3
Amaraldo,3,0,3
Amaralisa,0,3,3
Amaraly,3,0,3
Amarando,3,0,3
Amaranggana,0,3,3
Amaranggani,0,3,3
Amarans,0,3,3
Amarantha-Isabelle,0,3,3
Amaranthe-joy,0,3,3
Amaranthine,0,3,3
Amarantine,0,3,3
Amaraskan,3,0,3
Amaraya,0,3,3
Amardath,3,0,3
Amardew,3,0,3
Amardhiko,3,0,3
Amardiep,3,0,3
Amardinio,3,0,3
Amardjotiesingh,3,0,3
Amardy-Daphne,0,3,3
Amaré,3,0,3
Amaree,0,3,3
Amaréh,3,0,3
Amarein,0,3,3
Amareldo,3,0,3
Amarélis,0,3,3
Amarelya,0,3,3
Amarelyse,0,3,3
Amarèn,0,3,3
Amarencio,3,0,3
Amarendly,0,3,3
Amarendra,3,0,3
Amarene,0,3,3
Amareno,3,0,3
Amarens-Lybrich,0,3,3
Amarensa,0,3,3
Amarenska,0,3,3
Amarentha,0,3,3
Amarenthia,0,3,3
Amarentiana,0,3,3
Amarentie,0,3,3
Amarentji,0,3,3
Amarenzia,0,3,3
Amares,0,3,3
Amaresh,3,0,3
Amaretia,0,3,3
Amaretta,0,3,3
Amareylies,0,3,3
Amarfio,3,0,3
Amarfo,3,0,3
Amarha,0,3,3
Amari-Hope,0,3,3
Amária,0,3,3
Amariah-Azaliah,0,3,3
Amariah-lee,0,3,3
Amariano,3,0,3
Amariche,0,3,3
Amarici,3,0,3
Amaricio,3,0,3
Amaride,0,3,3
Amarieles,0,3,3
Amarientje,0,3,3
Amarigio,3,0,3
Amarijn,0,3,3
Amarilda,0,3,3
Amarilė,0,3,3
Amariles,0,3,3
Amarilhio,3,0,3
Amarilies,0,3,3
Amariliz,0,3,3
Amarilli,0,3,3
Amarine,0,3,3
Amarinna,0,3,3
Amarinsa,0,3,3
Amarinsk,0,3,3
Amarinth,0,3,3
Amarinti,0,3,3
Amarinz,0,3,3
Amarisah-Akunna,0,3,3
Amarise-Jourmaine,0,3,3
Amarisha,0,3,3
Amarisse,0,3,3
Amarista,0,3,3
Amarita,0,3,3
Amaritha,0,3,3
Amarius,3,0,3
Amariyo,3,0,3
Amàrja,0,3,3
Amarjered,3,0,3
Amarjheet,3,0,3
Amarjitkaur,0,3,3
Amarkai,3,0,3
Amarkishoor,3,0,3
Amarlies,0,3,3
Amarlindo,3,0,3
Amarno,3,0,3
Amàro,3,0,3
Amarogelis,3,0,3
Amaron,3,0,3
Amarone,0,3,3
Amaroos,0,3,3
Amaroosia,0,3,3
Amarosa,0,3,3
Amarose,0,3,3
Amarouch,3,0,3
Amarouchia,0,3,3
Amarpersad,3,0,3
Amarprakash,3,0,3
Amarpreetsingh,3,0,3
Amarprem,3,0,3
Amarprit,3,0,3
Amarrak,3,0,3
Amarrettha,0,3,3
Amarsingpersad,3,0,3
Amarsio,3,0,3
Amarsudeshkumar,3,0,3
Amarsuka,3,0,3
Amarte,0,3,3
Amartei,3,0,3
Amartha,0,3,3
Amartini,0,3,3
Amarú,0,3,3
Amaruh,0,3,3
Amarushakur,3,0,3
Amarveer,3,0,3
Amary-Ann,0,3,3
Amary-Luna,0,3,3
Amarylia,0,3,3
Amarylies,0,3,3
Amarylis,0,3,3
Amaryll,0,3,3
Amarylles,0,3,3
Amarylli,0,3,3
Amaryllus,0,3,3
Amarynthia,0,3,3
Amarysa,0,3,3
Amaryssa,0,3,3
Amarza,0,3,3
Amarzo,3,0,3
Amasa,0,3,3
Amasaï,3,0,3
Amaserwaa,0,3,3
Amash,3,0,3
Amashaï,3,0,3
Amasiah,0,3,3
Amasius,3,0,3
Amasonna,0,3,3
Amassai,3,0,3
Amasya,0,3,3
Amat-Ul,0,3,3
Amatan-Noer,0,3,3
Amatasah,3,0,3
Amate,0,3,3
Amathea,0,3,3
Amatheus,3,0,3
Amathodja,0,3,3
Amathusia,0,3,3
Amati-Malik,3,0,3
Amatiz,0,3,3
Amatjacob,3,0,3
Amatoellah,0,3,3
Amatoelwadoed,0,3,3
Amatouelrahim,0,3,3
Amatoullaah,0,3,3
Amatoullah,0,3,3
Amatsalim,3,0,3
Amatu,0,3,3
Amatusjahid,0,3,3
Amau,3,0,3
Amaui,3,0,3
Amaura,0,3,3
Amaurée,0,3,3
Amaurí,3,0,3
Amauris,3,0,3
Amauro,3,0,3
Amaurys,3,0,3
Amavi,3,0,3
Amavie,0,3,3
Amawinsa,0,3,3
Amawta,3,0,3
Amax,3,0,3
Amaya-Lynn,0,3,3
Amaya-rose,0,3,3
Amayah'lee,0,3,3
Amayal,3,0,3
Amayam,0,3,3
Amaye,3,0,3
Amayha,0,3,3
Amayïsha,0,3,3
Amaynies,0,3,3
Amayoun,3,0,3
Amayrah,0,3,3
Amaze,3,0,3
Amazoe,0,3,3
Amazon,0,3,3
Amazona,0,3,3
Amazonia,0,3,3
Amazoniah,0,3,3
Amazonica,0,3,3
Ambalica,0,3,3
Ambalieka,0,3,3
Ambalikadewi,0,3,3
Ambalikadewie,0,3,3
Ambardevi,0,3,3
Ambareek,0,3,3
Ambariah,0,3,3
Ambarijah,0,3,3
Ambarin,0,3,3
Ambarine,0,3,3
Ambarini,0,3,3
Ambarish,3,0,3
Ambarputri,0,3,3
Ambarsari,0,3,3
Ambarwati,0,3,3
Ambassador,0,3,3
Ambatimbè,3,0,3
Ambaye,3,0,3
Ambeleyn,0,3,3
Ambelia,0,3,3
Ambelicia,0,3,3
Ambella,0,3,3
Ambemoy,3,0,3
Ambeon,0,3,3
Amber-Beau,0,3,3
Amber-Chayenne,0,3,3
Amber-Chislaine,0,3,3
Amber-Claire,0,3,3
Amber-Elisabeth,0,3,3
Amber-Esmée,0,3,3
Amber-Fauve,0,3,3
Amber-Flore,0,3,3
Amber-Grace,0,3,3
Amber-Hope,0,3,3
Amber-Indy,0,3,3
Amber-Jane,0,3,3
Amber-Janine,0,3,3
Amber-Jesse,0,3,3
Amber-Joan,0,3,3
Amber-joy,0,3,3
Amber-Kiyomi,0,3,3
Amber-Lauren,0,3,3
Amber-Lea,0,3,3
Amber-Lorance,0,3,3
Amber-Louise,0,3,3
Amber-Loulou,0,3,3
Amber-Lucia,0,3,3
Amber-Lyn,0,3,3
Amber-Marie,0,3,3
Amber-Markelle,0,3,3
Amber-Quinn,0,3,3
Amber-Roos,0,3,3
Amber-rose,0,3,3
Amber-Schae,0,3,3
Amber-Sophia,0,3,3
Amber-Soraya,0,3,3
Amber-Tushama,0,3,3
Amber-Yasmine,0,3,3
Amber-Ysatis,0,3,3
Ambera,0,3,3
Amberdawn,0,3,3
Amberdev,3,0,3
Ambere,0,3,3
Amberin,0,3,3
Amberlaine,0,3,3
Amberlee,0,3,3
Amberlicia,0,3,3
Amberlie,0,3,3
Amberlieneke,0,3,3
Amberlin,0,3,3
Amberline,0,3,3
Amberlucia,0,3,3
Amberly-fae,0,3,3
Amberzine,0,3,3
Ambes,3,0,3
Ambhar,3,0,3
Ambhikadebie,0,3,3
Ambibola,3,0,3
Ambieka,0,3,3
Ambiekapersad,3,0,3
Ambikadevi,0,3,3
Ambikha,0,3,3
Ambja,0,3,3
Ambjörg,0,3,3
Amblève,3,0,3
Amblin,0,3,3
Ambonwhena,3,0,3
Amboso,3,0,3
Ambotsh,0,3,3
Ambowina,0,3,3
Ambr,0,3,3
Ambra-Lynn,0,3,3
Ambras,3,0,3
Ambrazin,0,3,3
Ambreal,0,3,3
Ambreem,0,3,3
Ambresh,3,0,3
Ambreshsing,3,0,3
Ambresio,3,0,3
Ambria,0,3,3
Ambricio,3,0,3
Ambridj,3,0,3
Ambriël,0,3,3
Ambriënne,0,3,3
Ambries,3,0,3
Ambrigio,3,0,3
Ambrinah,0,3,3
Ambrinie,0,3,3
Ambriori,3,0,3
Ambrioso,3,0,3
Ambris,3,0,3
Ambrisha,0,3,3
Ambriska,0,3,3
Ambriz,0,3,3
Ambrocia,0,3,3
Ambrocina,0,3,3
Ambrose-Aurèle,0,3,3
Ambrosie,0,3,3
Ambrosijn,0,3,3
Ambrosiña,0,3,3
Ambròsio,3,0,3
Ambrosio-Nicandro,3,0,3
Ambrosious,3,0,3
Ambross,3,0,3
Ambrossia,0,3,3
Ambroyzine,0,3,3
Ambrozijn,0,3,3
Ambrozio,3,0,3
Ambrozion,3,0,3
Ambrozyne,0,3,3
Ambruce,3,0,3
Ambulena,0,3,3
Ambulenta,0,3,3
Ambyca,0,3,3
Amce,3,0,3
Amceta,0,3,3
Amcia,0,3,3
Amdan,3,0,3
Amdeis,3,0,3
Amdi,3,0,3
Amdjadh,3,0,3
Amdjat,3,0,3
Amdjid,3,0,3
Amdo,3,0,3
AME,0,3,3
Ameaa,0,3,3
Ameal,3,0,3
Amear,3,0,3
Ameara,0,3,3
Amed-Juneydi,3,0,3
Amedatu,0,3,3
Amede,3,0,3
Amedeé,3,0,3
Amédéé,3,0,3
Amedhi,3,0,3
Amedi,3,0,3
Amedia,0,3,3
Amedin,3,0,3
Amedine,0,3,3
Amedio,3,0,3
Amée-Louisa,0,3,3
Ameed,3,0,3
Ameeh-Lynn,0,3,3
Ameek,3,0,3
Ameel,0,3,3
Améena,0,3,3
Ameensun,3,0,3
Ameerah-Jeën,0,3,3
Ameeran,0,3,3
Ameerha,0,3,3
Ameerhamza,3,0,3
Ameerti,0,3,3
Ameesh,3,0,3
Ameesha,0,3,3
Ameetabechan,3,0,3
Ameetha,3,0,3
Ameetkoemar,3,0,3
Ameetsingh,3,0,3
Amegah,0,3,3
Ameglia,0,3,3
Amêh,0,3,3
Amehl,0,3,3
Améï,0,3,3
Ameily,0,3,3
Ameira,0,3,3
Ameireza,3,0,3
Ameiro,3,0,3
Améja,0,3,3
Amekena,0,3,3
Amêl,0,3,3
Amel-Che,0,3,3
Améla,0,3,3
Améladiëga,0,3,3
Ameland,0,3,3
Amelatu,3,0,3
Amelberga-Mariae,0,3,3
Ameldein,0,3,3
Ameleigh,0,3,3
Amelenck,3,0,3
Ameley,0,3,3
Améley,0,3,3
Amelgio,3,0,3
Ameli-Joy,0,3,3
Amëlia,0,3,3
Amelia-Catherina,0,3,3
Amelia-Grace,0,3,3
Améliah,0,3,3
Amelian,0,3,3
Amelica,0,3,3
Amélie-Eléonore,0,3,3
Amélie-Elise,0,3,3
Amélie-Feline,0,3,3
Amélie-Josephine,0,3,3
Amélie-Rose,0,3,3
Amelie-Zoë,0,3,3
Amelieka,0,3,3
Ameliene,0,3,3
Ameliet,0,3,3
Amelijn,0,3,3
Amelijne,0,3,3
Amélin,0,3,3
Amelinda,0,3,3
Amelinde,0,3,3
Amelinge,0,3,3
Amélinn,0,3,3
Amelino,3,0,3
Amélio,3,0,3
Amelisa,0,3,3
Amélise,0,3,3
Améliy,0,3,3
Ameliyah,0,3,3
Amelize,0,3,3
Amelke,0,3,3
amelle,0,3,3
Amelli,0,3,3
Amelliè,0,3,3
Amellie,0,3,3
Amellita,0,3,3
Amelo,3,0,3
Amelon,3,0,3
Amélou,0,3,3
Amelsha,0,3,3
Ameltiena,0,3,3
Ameltiene,0,3,3
Ameltine,0,3,3
Amelyan,3,0,3
Amelyda,0,3,3
Amelye,0,3,3
Amelyn,0,3,3
Amèlyn,0,3,3
Amélyne,0,3,3
Amelyne,0,3,3
Amelysa,0,3,3
Amembo,3,0,3
Aména,0,3,3
Amenaah,0,3,3
Amenadiel,3,0,3
Amenallah,3,0,3
Amenamwon,0,3,3
Amenan,0,3,3
Amenay,3,0,3
Amenda-Ashinti,0,3,3
Amendo,3,0,3
Amène,0,3,3
Amengtoena,0,3,3
Amenhotep,3,0,3
Amèni,0,3,3
Amenida,0,3,3
Amenique,0,3,3
Aménite,0,3,3
Amenkoemar,3,0,3
Amenor,3,0,3
Amenortha,0,3,3
Amenpreet,0,3,3
Amenta,0,3,3
Amente,3,0,3
Ameny,0,3,3
Amenza,0,3,3
Ameoghene,3,0,3
Ameon,3,0,3
Ameora,0,3,3
Amerah,0,3,3
Ameral,3,0,3
Ameralie,3,0,3
Amerawatie,0,3,3
Amerdjai,3,0,3
Amerdjiet,3,0,3
Amére,0,3,3
Amère,3,0,3
Amere,0,3,3
Amerencius,3,0,3
Amérens,0,3,3
Amerensi,0,3,3
Amerenthiana,0,3,3
Amerentis,3,0,3
Amerentske,0,3,3
Amerey,3,0,3
Amergin,3,0,3
Amerhi,0,3,3
Ameri,0,3,3
Ameriatu,0,3,3
Ameríca,0,3,3
Americano,3,0,3
Americe,0,3,3
Ameriek,0,3,3
Amérika,0,3,3
Amèrika,0,3,3
Amerike,0,3,3
Amérikus,3,0,3
Amerildo,3,0,3
Amerillio,3,0,3
Amerillis,0,3,3
Amerillys,0,3,3
Amerilyo,3,0,3
Amerilyss,0,3,3
Amérins,0,3,3
Amerinse,0,3,3
Amerinskje,0,3,3
Amerinth,0,3,3
Amerinus,3,0,3
Amerisse,0,3,3
Amerith,3,0,3
Ameriza,0,3,3
Amerkoemar,3,0,3
Amerley,0,3,3
Amerlina,0,3,3
Amerpersad,3,0,3
Amertina,0,3,3
Améry,0,3,3
Ameryl,0,3,3
Amerylisz,0,3,3
Amerzen,3,0,3
Amesh,3,0,3
Amesio,3,0,3
Amesja,3,0,3
Ameta,0,3,3
Amete,0,3,3
Amétépé,3,0,3
Ametista,0,3,3
Ametkumar,3,0,3
Amevah,0,3,3
Amevi,3,0,3
Amew,3,0,3
Amewudah,3,0,3
Amey-Lynne,0,3,3
Ameyah,0,3,3
Ameyalli,0,3,3
Ameyei,3,0,3
Ameyo,0,3,3
Ameyra,0,3,3
Ameyre,0,3,3
Amezè,0,3,3
Amèzè,0,3,3
Amezian,3,0,3
Amezjah,0,3,3
Amfea,0,3,3
Amghad,3,0,3
Amhalia,0,3,3
Amhamad,3,0,3
Amhari,0,3,3
Amhoenet,0,3,3
AMI,0,3,3
Ami-James,3,0,3
Ami-Jayvo,3,0,3
Ami-Joah,3,0,3
Amiabelle,0,3,3
Amiah'lé,0,3,3
Amiati,0,3,3
Amic,3,0,3
Amichai,3,0,3
Amichia,3,0,3
Amici,0,3,3
Amicia,0,3,3
Amicitia,0,3,3
Amidah,0,3,3
Amidalia,0,3,3
Amidan,3,0,3
Amidée,0,3,3
Amidhan,0,3,3
Amidio,3,0,3
Amidkumar,3,0,3
Amidon,3,0,3
Amidou,3,0,3
Amidu,3,0,3
Amie-Bobby,0,3,3
Amie-fleur,0,3,3
Amie-Mare,0,3,3
Amieda,3,0,3
Amiedkumah,3,0,3
Amiedparkaas,3,0,3
Amiee,0,3,3
Amiejayo,3,0,3
Amiekaprekash,3,0,3
Amiëla,0,3,3
Amiële,0,3,3
Amienagatoen,0,3,3
Amienah,0,3,3
Amiendy,3,0,3
Amienha,0,3,3
Amienke,0,3,3
Amienoghogho,0,3,3
Amienuddin,3,0,3
Amier-Ali,3,0,3
Amier-um-Basjier,3,0,3
Amiéra,0,3,3
Amiera-Elise,0,3,3
Amieraghatoen,0,3,3
Amierah,0,3,3
Amierkapersad,3,0,3
Amieroeddien,3,0,3
Amierra,0,3,3
Amiet-Radj,3,0,3
Amieth,3,0,3
Amietkisoor,3,0,3
Amietray,3,0,3
Amigito,3,0,3
Amih,3,0,3
Amihan,0,3,3
Amiinah,0,3,3
Amij,0,3,3
Amijah,0,3,3
Amijé,0,3,3
Amijke,0,3,3
Amikena,0,3,3
Amiko,3,0,3
Amiksha,0,3,3
Amilanda,0,3,3
Amilca,0,3,3
Amílcar,3,0,3
Amilco,3,0,3
Amilde,0,3,3
Amildo,3,0,3
Amildro,3,0,3
Amile,3,0,3
Amileta,0,3,3
Amiliá,0,3,3
Amiliah,0,3,3
Amiliano,3,0,3
Amiliawati,0,3,3
Amilion,3,0,3
Amilka,0,3,3
Amillian,3,0,3
Amillieanno,3,0,3
Amillio,3,0,3
Amillion,3,0,3
Amillya,0,3,3
Amilo,3,0,3
Amiloa,3,0,3
Amilou,0,3,3
Amiltom,3,0,3
Amilya-Rose,0,3,3
Amilyha,0,3,3
Amimba,0,3,3
Amin-Benjamin,3,0,3
Amina-afnan,0,3,3
Amina-Ann,0,3,3
Amina-Debi,0,3,3
Amina-Gatoen,0,3,3
Amina-Rehman,0,3,3
Aminaah,0,3,3
Aminagathoen,0,3,3
Aminah-Rose,0,3,3
Aminaide,0,3,3
Aminaijaya,0,3,3
Aminakoemarie,0,3,3
Aminallah,3,0,3
Aminasahra,0,3,3
Aminash,3,0,3
Amínata,0,3,3
Aminatta,0,3,3
Aminatu,0,3,3
Aminatuldjannah,0,3,3
Aminazahra,0,3,3
Amindab,3,0,3
Amindo,3,0,3
Amindra,0,3,3
Amine-Bilal,3,0,3
Amine-Omar,3,0,3
Amineddin,3,0,3
Aminedinne,3,0,3
Aminenur,0,3,3
Aminh,3,0,3
Aminhan,0,3,3
Aminita,0,3,3
Aminne,3,0,3
Aminoen,0,3,3
Aminollah,3,0,3
Aminudin,3,0,3
Aminulla,3,0,3
Aminullah,3,0,3
Aminya,3,0,3
Amiona,0,3,3
Amiosinò,0,3,3
Amïr,3,0,3
Amír,3,0,3
Amir-Ali,3,0,3
Amir-Can,3,0,3
Amir-Eddin,3,0,3
Amir-Hossain,3,0,3
Amir-Jan,3,0,3
Amïra,0,3,3
Amira-Luna,0,3,3
Amira-Naouara,0,3,3
Amira-Noor,0,3,3
Amira-Sophia,0,3,3
Amira-Sophie,0,3,3
Amira-Souhaila,0,3,3
Amiracle,0,3,3
Amirage,0,3,3
Amiraliën,0,3,3
Amiralikhan,3,0,3
Amirarsalan,3,0,3
Amiratha,0,3,3
Amiratu,0,3,3
Amirbek,3,0,3
Amire,0,3,3
Amiredinne,3,0,3
Amirelda,0,3,3
Amirem,0,3,3
Amirhosein,3,0,3
Amiriade,0,3,3
Amirkhan,3,0,3
Amiroen,0,3,3
Amiron,3,0,3
Amirou,3,0,3
Amirreza,3,0,3
Amirruddin,3,0,3
Amirtha,0,3,3
Amirthan,3,0,3
Amirti,0,3,3
Amisa-Jenna,0,3,3
Amisadai,3,0,3
Amishaa,0,3,3
Amishadaïr,3,0,3
Amishaddai,0,3,3
Amishaï,3,0,3
Amishya,0,3,3
Amisi,3,0,3
Amissaddai,0,3,3
Amissah,3,0,3
Amissalam,0,3,3
Amissi,3,0,3
Amit-Gyan,3,0,3
Amit-Koemar,3,0,3
Amit-Kumar,3,0,3
Amit-kumar,3,0,3
Amitaba,3,0,3
Amitabha,3,0,3
Amitanand,3,0,3
Amitash,3,0,3
Amitav,3,0,3
Amithkumar,3,0,3
Amithren,3,0,3
Amiti,3,0,3
Amitié,0,3,3
Amitish,3,0,3
Amitkoemarsingh,3,0,3
Amito,3,0,3
Amitosh,3,0,3
Amitoun,3,0,3
Amitpal,3,0,3
Amitpersad,3,0,3
Amitray,3,0,3
Amitsing,3,0,3
Amitta,0,3,3
Amittaï,3,0,3
Amittai,3,0,3
Amitza,0,3,3
Amiwattie,0,3,3
Amiyana,0,3,3
Amiyo,3,0,3
Amiz,0,3,3
Amizeti,3,0,3
Amizian,3,0,3
Amjada,0,3,3
Amjar,3,0,3
Amjat,3,0,3
Amjaylee,0,3,3
Amjaz,3,0,3
Amjesh,3,0,3
Amkapersad,3,0,3
Aml,0,3,3
Amla,0,3,3
Amlach,3,0,3
Amlesh,3,0,3
Amleto,3,0,3
Amlia,0,3,3
Amlin,3,0,3
Ammaara,0,3,3
Ammachita,0,3,3
Ammadai,3,0,3
Ammadee,0,3,3
Ammaji,0,3,3
Ammalia,0,3,3
Amman-Joshua,3,0,3
Ammanil,3,0,3
Ammann,3,0,3
Ammanna,0,3,3
Ammaraah,0,3,3
Ammarai,0,3,3
Ammareheos,3,0,3
Ammarentia,0,3,3
Ammaria,0,3,3
Ammarieda,0,3,3
Ammarputra,3,0,3
Ammarrantta,0,3,3
Ammarsing,3,0,3
Ammarsingh,3,0,3
Ammaseu,3,0,3
Ammasoum,3,0,3
Ammatullah,0,3,3
Ammaury,3,0,3
Ammaya,0,3,3
Ammé,0,3,3
Ammechina,0,3,3
Ammee,0,3,3
Ammelberga,0,3,3
Ammeli,0,3,3
Ammeliah,0,3,3
Ammelita,0,3,3
Ammenkumar,3,0,3
Ammerence,0,3,3
Ammerencia,0,3,3
Ammerich,0,3,3
Ammerieke,0,3,3
Ammerij,0,3,3
Ammernath,3,0,3
Ammerpersad,3,0,3
Ammersing,3,0,3
Ammersingh,3,0,3
Ammerson,3,0,3
Ammi-el,0,3,3
Ammi-Lou,0,3,3
Ammiek,0,3,3
Ammier,3,0,3
Ammikam,3,0,3
Ammil,3,0,3
Ammilay,0,3,3
Ammina,0,3,3
Amminadiv,0,3,3
Ammini,0,3,3
Ammique,3,0,3
Ammir,3,0,3
Ammira,0,3,3
Ammishadday,0,3,3
Ammoroni,3,0,3
Ammriet,3,0,3
Amnafirosa,0,3,3
Amnagatoen,0,3,3
Amnasia,0,3,3
Amnayur,3,0,3
Amnee,0,3,3
Amneh,0,3,3
Amnesie,0,3,3
Amnider,3,0,3
Amnish,3,0,3
Amnisha,0,3,3
Amnuaichai,3,0,3
Amoabea,0,3,3
Amoaha,3,0,3
Amoaka,3,0,3
Amoakoa,0,3,3
Amoakoah,0,3,3
Amoakowaa,0,3,3
Amoakowaah,0,3,3
Amoakowah,0,3,3
Amoanimaa,0,3,3
Amoasi,3,0,3
Amobea,0,3,3
Amoben,0,3,3
Amodena,0,3,3
Amodina,0,3,3
Amoding,0,3,3
Amodini,0,3,3
Amoeini,3,0,3
Amoeinie,3,0,3
Amoelibie,0,3,3
Amoen,3,0,3
Amoenet,0,3,3
Amoera,0,3,3
Amoh,0,3,3
Amoin,0,3,3
Amoina,0,3,3
Amoira,0,3,3
Amoise,3,0,3
Amoisi,0,3,3
Amoiyah,3,0,3
Amojah,0,3,3
Amojan,3,0,3
Amok,3,0,3
Amokrane,3,0,3
Amoli,0,3,3
Amon-Aäron,3,0,3
Amon-Jozua,3,0,3
Amon-Ra,3,0,3
Amon-Re,3,0,3
Amöna,0,3,3
Amona,0,3,3
Amond,3,0,3
Amonica,0,3,3
Amonit,0,3,3
Amonjeet,3,0,3
Amonwan,0,3,3
Amony,0,3,3
Amoono,3,0,3
Amope,0,3,3
Amör,3,0,3
Amoraity,0,3,3
Amorak,3,0,3
Amoralinho,3,0,3
Amorando,3,0,3
Amoré,0,3,3
Amorea,0,3,3
Amorécia,0,3,3
Amoree,0,3,3
Amoreira,0,3,3
Amorélha,0,3,3
Amorelia,0,3,3
Amorenah,0,3,3
Amorencio,3,0,3
Amorène,0,3,3
Amorenio,3,0,3
Amorens,0,3,3
Amorenza,0,3,3
Amoreo,3,0,3
Amores,0,3,3
Amoresia,0,3,3
Amorette,0,3,3
Amorey,0,3,3
Amoriano,3,0,3
Amorica,0,3,3
Amoricia,0,3,3
Amorico,3,0,3
Amorinda,0,3,3
Amorinho,3,0,3
Amorinio,3,0,3
Amorino,3,0,3
Amorisa,0,3,3
Amoriza,0,3,3
Amorize,0,3,3
Amorn,3,0,3
Amorosa,0,3,3
Amorose,0,3,3
Amorray-Lee,0,3,3
Amorrena,0,3,3
Amorrisha,0,3,3
Amorus,3,0,3
Amory-Ann,0,3,3
Amorysia,0,3,3
Amós,3,0,3
Amosina,0,3,3
Amosine,0,3,3
Amossina,0,3,3
Amot,3,0,3
Amougou,0,3,3
Amoune,0,3,3
Amouray-Lee,0,3,3
Amourey's,3,0,3
Amoureyza,0,3,3
Amouri,3,0,3
Amouriah,0,3,3
Amourricha,0,3,3
Amous,3,0,3
Amowaah,0,3,3
Amowi,0,3,3
Ampah,3,0,3
Ampai,0,3,3
Amparin,0,3,3
Amparito,0,3,3
Ampáro,0,3,3
Ampato,0,3,3
Ampawan,0,3,3
Ampay,0,3,3
Ampeh,3,0,3
Ampelio,3,0,3
Amper,0,3,3
Ampère,3,0,3
Amphan,0,3,3
Amphara,0,3,3
Amphebia,0,3,3
Amphitryonne,0,3,3
Amphora,0,3,3
Amphôra,0,3,3
Amphorn,0,3,3
Ampke,0,3,3
Ampoe,3,0,3
Ampoliena,0,3,3
Ampomaa,0,3,3
Ampomaah,0,3,3
Ampomah,0,3,3
Amponah,0,3,3
Amponsa,0,3,3
Amponsaah,0,3,3
Amporn,0,3,3
Amprex,0,3,3
Ampy,3,0,3
Amr-Khalid,3,0,3
Amraata,0,3,3
Amrah-Melissa,0,3,3
Amram-Boaz,3,0,3
Amrano,3,0,3
Amras,3,0,3
Amreesh,3,0,3
Amreesha,0,3,3
Amreeth,3,0,3
Amrein,0,3,3
Amrel,0,3,3
Amrencia,0,3,3
Amresha,0,3,3
Amreshjr.,3,0,3
Amreshkoemar,3,0,3
Amreshwar,3,0,3
Amreshwerkumar,3,0,3
Amrha,0,3,3
Amrhyssa,0,3,3
Amri-Devi,0,3,3
Amrid,3,0,3
Amridsingh,3,0,3
Amrieth,3,0,3
Amrietkoemar,3,0,3
Amrietkumar,3,0,3
Amrietprakash,3,0,3
Amrina,0,3,3
Amris,0,3,3
Amrischkoemar,3,0,3
Amrishka,0,3,3
Amrishnath,3,0,3
Amrishpersad,3,0,3
Amrishwar,3,0,3
Amriskoemar,3,0,3
Amrita-debi,0,3,3
Amritadebie,0,3,3
Amritadevie,0,3,3
Amritadewie,0,3,3
Amritakawitadebie,0,3,3
Amritakumarie,0,3,3
Amritanoor,0,3,3
Amrithkishore,3,0,3
Amritjit,0,3,3
Amritkaur,0,3,3
Amritpal,3,0,3
Amritparsad,3,0,3
Amritpreet,3,0,3
Amritradjsingh,3,0,3
Amritsing,3,0,3
Amritta,0,3,3
Amriz,3,0,3
Amrjit,0,3,3
Amroe,3,0,3
Amrohi,3,0,3
Amroong,0,3,3
Amrosia,0,3,3
Amrou,3,0,3
Amrozia,0,3,3
Amrt,3,0,3
Amrta,0,3,3
Amru,3,0,3
Amrullah,3,0,3
Amrusha,0,3,3
Amrysh,3,0,3
Amsaar,3,0,3
Amsah,3,0,3
Amsalech,0,3,3
Amsata,3,0,3
Amschel,3,0,3
Amselma,0,3,3
Amsen,3,0,3
Amsétou,0,3,3
Amsha,0,3,3
Amshana,0,3,3
Amshére,0,3,3
Amshetu,0,3,3
Amsia,0,3,3
Amsiyas,3,0,3
Amsoiya,0,3,3
Amtasha,0,3,3
Amtej,3,0,3
Amu,3,0,3
Amuche,0,3,3
Amud,0,3,3
Amudè,3,0,3
Amue,0,3,3
Amukelani,3,0,3
Amukwaman,3,0,3
Amukya,0,3,3
Amulya,0,3,3
Amun-Ra,3,0,3
Amunazo,0,3,3
Amundus,3,0,3
Amunet,0,3,3
Amunra,0,3,3
Amusono,3,0,3
Amutuhire,0,3,3
Amuzu,3,0,3
Amvar-Kumar,3,0,3
Amvedkar,3,0,3
AMW,0,3,3
Amy-Anne,0,3,3
Amy-Ava,0,3,3
Amy-Bo,0,3,3
Amy-Britt,0,3,3
Amy-britt,0,3,3
Amy-Catharina,0,3,3
Amy-Chelle,0,3,3
Amy-Christina,0,3,3
Amy-Dean,0,3,3
Amy-Esmée,0,3,3
Amy-Fabiënne,0,3,3
Amy-Gaïl,0,3,3
Amy-Gayl,0,3,3
Amy-Grace,0,3,3
Amy-Jahyanne,0,3,3
Amy-Joëlle,0,3,3
Amy-Kaitlynn,0,3,3
Amy-Laay,0,3,3
Amy-leigh,0,3,3
Amy-Li,0,3,3
Amy-Lianne,0,3,3
Amy-Linde,0,3,3
Amy-Linn,0,3,3
Amy-linn,0,3,3
Amy-Lisa,0,3,3
Amy-Liv,0,3,3
Amy-lou,0,3,3
Amy-Malisa,0,3,3
Amy-Marianne,0,3,3
Amy-Michelle,0,3,3
Amy-Nel,0,3,3
Amy-Nicolle,0,3,3
Amy-Rianne,0,3,3
Amy-Selina,0,3,3
Amy-Senide,0,3,3
Amy-Sofie,0,3,3
Amy-Sophie,0,3,3
Amy-Star,0,3,3
Amy-Yvonne,0,3,3
Amyann,0,3,3
Amyara,0,3,3
Amyatai,0,3,3
Amyce,0,3,3
Amyed,3,0,3
Amyfee,0,3,3
Amygail,0,3,3
Amyke,0,3,3
Amyla,0,3,3
Amylaine,0,3,3
Amyliah,0,3,3
Amylien,0,3,3
Amylies,0,3,3
Amylina,0,3,3
Amylja,0,3,3
Amyllah,0,3,3
Amyloe,0,3,3
Amylou,0,3,3
Amylyn,0,3,3
Amynique,0,3,3
Amyr,3,0,3
Amyr-Bhadyr,3,0,3
Amyrose,0,3,3
Amyscha,0,3,3
Amyt,3,0,3
Amzah,3,0,3
Amzi,3,0,3
Amzian,3,0,3
Amziem,3,0,3
Amzy,0,3,3
An'aam,0,3,3
An'an,3,0,3
An'qi,0,3,3
An-Akh,3,0,3
An-Celia,0,3,3
An-Christien,0,3,3
An-Christine,0,3,3
An-Claudia,0,3,3
An-Dan,0,3,3
An-Djainy,0,3,3
An-Elise,0,3,3
An-Emmie,0,3,3
An-gell,0,3,3
An-Genély,0,3,3
An-Helène,0,3,3
An-Hélène,0,3,3
An-Hy,0,3,3
An-ja,0,3,3
An-Kha,3,0,3
An-Kristin,0,3,3
An-Ling,0,3,3
An-Lucíe,0,3,3
An-Margreet,0,3,3
An-Michèlle,0,3,3
An-Mieke,0,3,3
An-Ming,3,0,3
An-naas,0,3,3
An-Nam,3,0,3
An-net,0,3,3
An-nette,0,3,3
An-Nhiên,0,3,3
An-nita,0,3,3
An-nur,0,3,3
An-Qian,0,3,3
An-Ray,3,0,3
An-Rieke,0,3,3
An-Toos,0,3,3
An-Ya,0,3,3
An-Yeliek,0,3,3
An-Ying,0,3,3
An-Zadia,0,3,3
Ana-,0,3,3
Ana-Alicia,0,3,3
Ana-Alta-Gracia,0,3,3
Ana-Beau,0,3,3
Ana-Brechje,0,3,3
Ana-Britt,0,3,3
Ana-Carmen,0,3,3
Ana-Carolina,0,3,3
Ana-Catherina,0,3,3
Ana-Cheyleighs,0,3,3
Ana-Clarice,0,3,3
Ana-Clary,0,3,3
Ana-Dora,0,3,3
Ana-Elle,0,3,3
Ana-Gabriël,0,3,3
Ana-ines,0,3,3
Ana-Iris,0,3,3
Ana-Isabel,0,3,3
Ana-Isabela,0,3,3
Ana-Isabelle,0,3,3
Ana-isha,0,3,3
Ana-Judith,0,3,3
Ana-Kaia,0,3,3
Ana-kaya,0,3,3
Ana-Lee,0,3,3
Ana-Leigh,0,3,3
Ana-Lena,0,3,3
Ana-Lisa,0,3,3
Ana-Liza,0,3,3
Ana-Louisa,0,3,3
Ana-Louise,0,3,3
Ana-Lúcia,0,3,3
Ana-Luz,0,3,3
Ana-Luzcielys,0,3,3
Ana-Luzia,0,3,3
Ana-Lynn,0,3,3
Ana-Mae,0,3,3
Ana-María,0,3,3
Ana-Marte,0,3,3
Ana-Mary,0,3,3
Ana-Melisa,0,3,3
Ana-Mikayla,0,3,3
Ana-Mina,0,3,3
Ana-Míriam,0,3,3
Ana-Rosa,0,3,3
Ana-Sira,0,3,3
Ana-Sofía,0,3,3
Ana-Sophia,0,3,3
Ana-Teresa,0,3,3
Ana-Viréna,0,3,3
Ana-Virginia,0,3,3
Ana-Zélia,0,3,3
Anaa,3,0,3
Anaah,0,3,3
Anaâs,3,0,3
Anaaysha,0,3,3
Anaba,3,0,3
Anabele,0,3,3
Anabell,0,3,3
Anabeth,0,3,3
Anaborhi,0,3,3
Anac,0,3,3
Anace,3,0,3
Anacel,0,3,3
Anacelis,0,3,3
Anacha,0,3,3
Anacheline,3,0,3
Anaci,0,3,3
Anacita,0,3,3
Anackire,0,3,3
Anadelis,0,3,3
Anadine,0,3,3
Anadn,3,0,3
Anadolu,0,3,3
Anaele,0,3,3
Anaelise,0,3,3
Anaelysa,0,3,3
Anaësjah,0,3,3
Anaetia,0,3,3
Anäf,3,0,3
Anafay,0,3,3
Anáfelizia,0,3,3
Anafi,0,3,3
Anafowaa,0,3,3
Anagadin,0,3,3
Anagely,0,3,3
Anagh,3,0,3
Anagina,0,3,3
Anağiz,0,3,3
Anaǵiz,0,3,3
Anagret,0,3,3
Anahed,0,3,3
Anahere,3,0,3
Anahíd,0,3,3
Anahilda,0,3,3
Anahitha,0,3,3
Anahli,0,3,3
Anahlivia,0,3,3
Anaí,0,3,3
Anai'jah,0,3,3
Anaia,0,3,3
Anaïah,3,0,3
Anaïas,0,3,3
Anaies,0,3,3
Anaifley,0,3,3
Anaija,0,3,3
Anaijah,3,0,3
Anaike,0,3,3
Anaiky,0,3,3
Anaïlde,0,3,3
Anaili,0,3,3
Anaílsa,0,3,3
Anaimé,0,3,3
Anaira,0,3,3
Anaïris,0,3,3
Anairis,0,3,3
Anaïro,3,0,3
Anaís-Belén,0,3,3
Anaïs-Kim,0,3,3
Anaísa,0,3,3
Anaíse,0,3,3
Anaise,0,3,3
Anaishe,3,0,3
Anaishelly,0,3,3
Anaïsia,0,3,3
Anaïsya,0,3,3
Anaitiva,0,3,3
Anaivienne,0,3,3
Anaiya-Jade,0,3,3
Anaiyah,0,3,3
Anaïz,0,3,3
Anaïza,0,3,3
Anaïze,0,3,3
Anaizyah,0,3,3
Anàja,0,3,3
Anajah,0,3,3
Anajaman,3,0,3
Anajay,0,3,3
Anajildo,3,0,3
Anakanda,0,3,3
Anakarenina,0,3,3
Anakena,0,3,3
Anakha,3,0,3
Anakız,0,3,3
Anakletus,3,0,3
Analda,0,3,3
Analdo,3,0,3
Analea,0,3,3
Analectus,3,0,3
Analeida,0,3,3
Analeya,0,3,3
Anália,0,3,3
Analía,0,3,3
Analidia,0,3,3
Analih,0,3,3
Analija,0,3,3
Analis,0,3,3
Analiselle,0,3,3
Analita,0,3,3
Analito,3,0,3
Analiv,0,3,3
Analiya,0,3,3
Analiyah,0,3,3
Anallia,0,3,3
Anally,0,3,3
Analou,0,3,3
Analouisa,0,3,3
Analous,0,3,3
Analucia,0,3,3
Analuna,0,3,3
Analusia,0,3,3
Analydia,0,3,3
Analyëva,0,3,3
Anama,0,3,3
Anamael,0,3,3
Anamara,0,3,3
Anamaría,0,3,3
Anamarise,0,3,3
Anamary,0,3,3
Anambas,3,0,3
Aname,0,3,3
Anameli,0,3,3
Anami,3,0,3
Anamica,0,3,3
Anámika,0,3,3
Anamikadevi,0,3,3
Anamir,3,0,3
Anamolga,0,3,3
Anamsara,0,3,3
Anamta,0,3,3
Anàn,3,0,3
Anance,0,3,3
Anancha,0,3,3
Ananchai,3,0,3
Anancia,0,3,3
Ananciata,0,3,3
Anancy,0,3,3
Anand-Kumar,3,0,3
Anand-Prakash,3,0,3
Anandā,0,3,3
Anandá,0,3,3
Ananda-Maya,0,3,3
Anandamayi,0,3,3
Anandan,3,0,3
Anandana,0,3,3
Ananddew,3,0,3
Anandeni,0,3,3
Anandenie,0,3,3
Anandhee,0,3,3
Anandjo,3,0,3
Anandkar,3,0,3
Anandkisoor,3,0,3
Anandni,0,3,3
Anandperkash,3,0,3
Anandprekash,3,0,3
Anandraj,3,0,3
Anandsharma,3,0,3
Anandsing,3,0,3
Ananeï,0,3,3
Anang-Petrus,3,0,3
Ananga,0,3,3
Anania,0,3,3
Ananice,0,3,3
Ananiya,0,3,3
Ananjan,3,0,3
Ananka-Faridah,0,3,3
Ananke,0,3,3
Anankumar,3,0,3
Anansewa,0,3,3
Anansi,0,3,3
Anansie,0,3,3
Ananta-Praya,3,0,3
Ananta-Rupa,0,3,3
Anantadeva,3,0,3
Anantana,3,0,3
Anantaya,0,3,3
Ananthaphon,3,0,3
Anantie,0,3,3
Ananto,3,0,3
Ananza,0,3,3
Anaouar,3,0,3
Anaour,3,0,3
Anaque,0,3,3
Anara,0,3,3
Anarasia,0,3,3
Anarchia,0,3,3
Anarchine,0,3,3
Anarely,0,3,3
Anarette,0,3,3
Anarfi,3,0,3
Anarghya,3,0,3
Anargyros,3,0,3
Anarieka,0,3,3
Anárion,3,0,3
Anarita,0,3,3
Anaritza,0,3,3
Anarkalli,0,3,3
Anarkéli,0,3,3
Anarlika,0,3,3
Anaroos,0,3,3
Anaroz,0,3,3
Anarugia,0,3,3
Anaruha,3,0,3
Anaruz,0,3,3
Anaryos,3,0,3
Anàs,3,0,3
Anasandro,3,0,3
Anase,3,0,3
Anashely,0,3,3
Anashrah,0,3,3
Anasio,3,0,3
Anasita,0,3,3
Anasiya,0,3,3
Anaska,0,3,3
Anasofía,0,3,3
Añassa,0,3,3
Anasse,3,0,3
Anassi,0,3,3
Anassya,0,3,3
Anasta,0,3,3
Anastaas,3,0,3
Anastachà,0,3,3
Anastacha,0,3,3
Anastachia,0,3,3
Anastácia,0,3,3
Anastacija,0,3,3
Anastacius,3,0,3
Anastaciya,0,3,3
Anastacya,0,3,3
Anastantia,0,3,3
Anastasa,0,3,3
Anastashia,0,3,3
Anastasïa,0,3,3
Anastasia-ariëlla,0,3,3
Anastasia-Daniëlle,0,3,3
Anastasia-Elizabeth,0,3,3
Anastasiah,0,3,3
Anastasié,0,3,3
Anastasíja,0,3,3
Anástasis,0,3,3
Anastassija,0,3,3
Anastastia,0,3,3
Anastasus,3,0,3
Anastasy,3,0,3
Anastatias,3,0,3
Anastatica,0,3,3
Anastatio,3,0,3
Anastazy,3,0,3
Anastcia,3,0,3
Anasteasha,0,3,3
Anastésia,0,3,3
Anasthassia,0,3,3
Anasticia,0,3,3
Anasuyá,0,3,3
Anasvan,3,0,3
Anatacha,0,3,3
Anatacia,0,3,3
Anatacio,3,0,3
Anatal,0,3,3
Anatalija,0,3,3
Anataschia,0,3,3
Anatasjia,0,3,3
Anatatia,0,3,3
Anataxia,0,3,3
Anatcha,0,3,3
Anatéa,0,3,3
Anatecio,3,0,3
Anatefka,0,3,3
Anatevko,3,0,3
Anathalia,0,3,3
Anathalie,0,3,3
Anathé,3,0,3
Anathea,0,3,3
Anatholy,3,0,3
Anatia,0,3,3
Anatilda,0,3,3
Anatoliene,0,3,3
Anatolios,3,0,3
Anatoliovitsz,3,0,3
Anatolj,3,0,3
Anatolja,3,0,3
Anatoluis,3,0,3
Anatolya,0,3,3
Anatonio,3,0,3
Anatoué,0,3,3
Anatsi,0,3,3
Anatsyâh,3,0,3
Anau,3,0,3
Anauck,0,3,3
Anaum,0,3,3
Anaur,3,0,3
Anaxi,0,3,3
Anaxymanda,0,3,3
Anayadebie,0,3,3
Anayansi,0,3,3
Anayele,0,3,3
Anayen,3,0,3
Anayha,0,3,3
Anaynio,3,0,3
Anayo,3,0,3
Anaypersad,3,0,3
Anayshri,0,3,3
Anaysz,3,0,3
Anbarine,0,3,3
Anbaro,0,3,3
Anbert,3,0,3
Anberta,0,3,3
Anbertes,3,0,3
Anberti,0,3,3
Anbertie,0,3,3
Anberto,3,0,3
Anbinh,0,3,3
Anbiya,3,0,3
Anbu,0,3,3
Anbya,3,0,3
Anca-Nina,0,3,3
Ancalyn,0,3,3
Ancar,0,3,3
Ancèl,3,0,3
Ancél,3,0,3
Ancélia,0,3,3
Ancelia,0,3,3
Ancélie,0,3,3
Ancelika,0,3,3
Anceline,0,3,3
Ancelja,0,3,3
Ancell,0,3,3
Ancéll,0,3,3
Ancélla,0,3,3
Ancèlle,0,3,3
Ancelmo,3,0,3
Anceyla,0,3,3
Anch,0,3,3
Ancha,0,3,3
Anchada,0,3,3
Anchalan,3,0,3
Anchalawatie,0,3,3
Anchalee,0,3,3
Anchali,0,3,3
Anchalien,0,3,3
Anchalina,0,3,3
Anchalita,0,3,3
Anchaliya,0,3,3
Anchaly,0,3,3
Anchana,0,3,3
Anchanadewie,0,3,3
Anchanouk,0,3,3
Anchany,0,3,3
Anchar,3,0,3
Anchara,0,3,3
Ancharius,3,0,3
Anché,3,0,3
Anchél,0,3,3
Anchèl,0,3,3
Ancheladebi,0,3,3
Ancheladebie,0,3,3
Ancheladevi,0,3,3
Anchele,0,3,3
Ancheliano,3,0,3
Anchelie,0,3,3
Anchélino,3,0,3
Anchélique,0,3,3
Anchèlle,0,3,3
Anchélo,3,0,3
Anchelotti,3,0,3
Anchely,0,3,3
Anchelyca,0,3,3
Anchenisse,0,3,3
Anchenita,0,3,3
Ancher,0,3,3
Anchéra,0,3,3
Anchereau,3,0,3
Ancherelle,0,3,3
Ancherica,0,3,3
Ancherine,0,3,3
Anchero,3,0,3
Anchi,0,3,3
Anchie,0,3,3
Anchieladebie,0,3,3
Anchienna,0,3,3
Anchiga,0,3,3
Anchila,0,3,3
Anchiladewie,0,3,3
Anchilina,0,3,3
Anchillie,0,3,3
Anchino,3,0,3
Anchinus,3,0,3
Anchirano,3,0,3
Anchiret,0,3,3
Anchlie,0,3,3
Anchnadewie,0,3,3
Ancho,3,0,3
Anchomar,3,0,3
Anchor,3,0,3
Anchorette,0,3,3
Anchrit,0,3,3
Anci,0,3,3
Ancia,0,3,3
Anciela,0,3,3
Anciële,0,3,3
Anciëlla,0,3,3
Ancil,0,3,3
Ancilla-Domini,0,3,3
Ancillia,0,3,3
Ancilliah,0,3,3
Ancilya,0,3,3
Ancis,0,3,3
Anck-Su-Na-Mun,0,3,3
Ancka,0,3,3
Ancko,3,0,3
Ancky,0,3,3
Ancla,0,3,3
Ancolette,0,3,3
Ancoline,0,3,3
Ancré,0,3,3
Ancsa,0,3,3
Ancyra,0,3,3
And-Jan,3,0,3
Anda-Adriana,0,3,3
Andac,3,0,3
Andahar,3,0,3
Andaie,0,3,3
Andajé,0,3,3
Andalasya,0,3,3
Andale,0,3,3
Andalicha,0,3,3
Andalies,0,3,3
Andalou,0,3,3
Andalucía,0,3,3
Andalucy,0,3,3
Andaly,0,3,3
Andantine,0,3,3
Andantino-Jiraiya,3,0,3
Andao,3,0,3
Andara,0,3,3
Andargachew,3,0,3
Andari,0,3,3
Andarina,0,3,3
Andarini,0,3,3
Andarwen,3,0,3
Andarynjo,3,0,3
Anday,3,0,3
Andayn,0,3,3
Ande-Berhan,3,0,3
Ande-Espérance,0,3,3
Andea,0,3,3
Andebert,3,0,3
Andee,0,3,3
Andélè,0,3,3
Andelie,0,3,3
Andelijn,0,3,3
Andelindo,3,0,3
Andeline,0,3,3
Andelio,3,0,3
Andelip,3,0,3
Andelka,0,3,3
Andell,3,0,3
Andelon,3,0,3
Andeltje,0,3,3
Andeltsje,0,3,3
Andemar,0,3,3
Andeny,3,0,3
Andeos,3,0,3
Andera,0,3,3
Andereà,0,3,3
Anderesiena,0,3,3
Anderessina,0,3,3
Anderia,0,3,3
Anderica,0,3,3
Anderieka,0,3,3
Anderiesien,0,3,3
Anderija,0,3,3
Anderijn,0,3,3
Anderis,3,0,3
Anderiso,3,0,3
Anderla,0,3,3
Anderlien,0,3,3
Andero,3,0,3
Andersina,0,3,3
Andeshsatranj,3,0,3
Andet,0,3,3
Andette,0,3,3
Andey,3,0,3
Andgelina,0,3,3
Andger,3,0,3
Andhra,0,3,3
Andhraprakash,3,0,3
Andiamo,3,0,3
Andicha,0,3,3
Andida,0,3,3
Andie-Jill,0,3,3
Andiella,0,3,3
Andiena,0,3,3
Andieni,0,3,3
Andiëto,3,0,3
Andijlis,0,3,3
Andikaputra,3,0,3
Andil,3,0,3
Andilo,3,0,3
Andimo,3,0,3
Andinel,0,3,3
Andino,3,0,3
Andionisis,3,0,3
Andira,0,3,3
Andiran,3,0,3
Andiro,3,0,3
Andis,3,0,3
Andiwèh,3,0,3
Andja,0,3,3
Andjaley,0,3,3
Andjalina,0,3,3
Andjalo,3,0,3
Andjaly,0,3,3
Andjana-Devi,0,3,3
Andjanadevie,0,3,3
Andjanadewie,0,3,3
Andjanah,0,3,3
Andjanidevi,0,3,3
Andjaniedebie,0,3,3
Andjaniedewie,0,3,3
Andjaniekoemarie,0,3,3
Andjaniekumarie,0,3,3
Andjanikoemarie,0,3,3
Andjanita,0,3,3
Andjanna,0,3,3
Andjany,0,3,3
Andjaolo,0,3,3
Andjaster,3,0,3
Andjéalá,0,3,3
Andjeanie,0,3,3
Andjedella,0,3,3
Andjelica,0,3,3
Andjélica,0,3,3
Andjélico,3,0,3
Andjelle,0,3,3
Andjemie,0,3,3
Andjemoennahar,0,3,3
Andjenadevi,0,3,3
Andjénadevie,0,3,3
Andjenakumarie,0,3,3
Andjenidebie,0,3,3
Andjenie-Debie,0,3,3
Andjenie-Minaksha,0,3,3
Andjeniedewi,0,3,3
Andjeniedewie,0,3,3
Andjeniewatie,0,3,3
Andjenika,0,3,3
Andjenniedebie,0,3,3
Andjetta,0,3,3
Andjieni,0,3,3
Andjienidebie,0,3,3
Andjin,3,0,3
Andjinidebie,0,3,3
Andjli,0,3,3
Andjlie,0,3,3
Andjna,0,3,3
Andjoe,0,3,3
Andjoelie,0,3,3
Andjoeman,0,3,3
Andjoh,3,0,3
Andjolé,3,0,3
Andjolina,0,3,3
Andjom,0,3,3
Andjomar,3,0,3
Andjon,3,0,3
Andjoni,0,3,3
Andjudewie,0,3,3
Andjula,0,3,3
Andjuli,0,3,3
Andjuliedevi,0,3,3
Andjuna,3,0,3
Andjuni,0,3,3
Andlieb,0,3,3
Andocha,3,0,3
Andoëlla,0,3,3
Andoera,0,3,3
Andoewanie,3,0,3
Andohra,0,3,3
Andoima,0,3,3
Andôkai,3,0,3
Andolfus,3,0,3
Andolin,3,0,3
Andolino,3,0,3
Andolisha,0,3,3
Andomine,0,3,3
Andong,3,0,3
Andóni,3,0,3
Andonïa,0,3,3
Andonika,0,3,3
Andonine,0,3,3
Andonino,3,0,3
Andonna,0,3,3
Andonny,3,0,3
Andono,3,0,3
Andony,3,0,3
Andorinha,0,3,3
Andovan,3,0,3
Andr'ee,0,3,3
Andradé,3,0,3
Andräe,3,0,3
Andraej,3,0,3
Andrai,3,0,3
Andraia,0,3,3
Andraindra,0,3,3
Andrais,3,0,3
Andranique,3,0,3
Andrash,3,0,3
Andrassi,3,0,3
Andrassy,3,0,3
Andrasz,3,0,3
Andraus,3,0,3
Andrax,3,0,3
Andray,3,0,3
Andraye,3,0,3
Andrayen,0,3,3
Andrazsi,3,0,3
Andrē,3,0,3
Andŕe,0,3,3
André-Anne,3,0,3
André-Arthur,3,0,3
André-Bart,3,0,3
André-Bouke-Johannes,3,0,3
André-Douwe,3,0,3
André-Frans,3,0,3
André-Gerko,3,0,3
André-Gerrit,3,0,3
André-Hans,3,0,3
André-Ja,0,3,3
Andre-Jacob,3,0,3
André-James,3,0,3
André-Jean,3,0,3
André-Jeroen,3,0,3
André-Joseph,3,0,3
Andre-Kiork,3,0,3
André-Lise,0,3,3
André-Luis,3,0,3
André-Marie,3,0,3
André-Michel,3,0,3
André-Vincent,3,0,3
André-Willem,3,0,3
Andreä,0,3,3
Andrea's,3,0,3
Andrea-Jeannette,0,3,3
Andrea-Maria,0,3,3
Andrea-Marije,0,3,3
Andrea-Pauline,0,3,3
Andreae,0,3,3
Andreaïna,0,3,3
Andréana,0,3,3
Andreanes,3,0,3
Andreanna,0,3,3
Andréanne,0,3,3
Andreannys,0,3,3
Andreano,3,0,3
Andreans,3,0,3
Andrėas,3,0,3
Andreass,3,0,3
Andreasz,3,0,3
Andreati,0,3,3
Andreaw,3,0,3
Andreaz,3,0,3
Andreca,0,3,3
Andrécio,3,0,3
Andrecita,0,3,3
Andrecito,3,0,3
Andréco,3,0,3
Andreélla,0,3,3
Andreëlla,0,3,3
Andreës,3,0,3
Andréette,0,3,3
Andreevitch,3,0,3
Andreëvna,0,3,3
Andregina,0,3,3
Andrégo,0,3,3
Andrehina,0,3,3
Andreion,3,0,3
Andreïsha,0,3,3
Andreivich,3,0,3
Andŕej,3,0,3
Andrej-Hans,3,0,3
Andrejas,3,0,3
Andrejewitsj,3,0,3
Andrejs,3,0,3
Andrejwitch,3,0,3
Andréke,0,3,3
Andreke,0,3,3
Andreley,3,0,3
Andrélina,0,3,3
Andrélino,3,0,3
Andrell,3,0,3
Andrella,0,3,3
Andrelly,0,3,3
Andréomar,3,0,3
Andrésa,0,3,3
Andrèsa,0,3,3
Andresita,0,3,3
Andresito,3,0,3
Andréska,0,3,3
Andréson,3,0,3
Andrèss,3,0,3
Andréss,3,0,3
Andrészoon,3,0,3
Andretha,0,3,3
Andrette,0,3,3
Andreucia,0,3,3
Andrêus,3,0,3
Andreús,3,0,3
Andrevitch,3,0,3
Andrew-John,3,0,3
Andrewdine,0,3,3
Andrewina,0,3,3
Andrewka,0,3,3
Andrewna,0,3,3
Andréy,3,0,3
Andreymar,3,0,3
Andreyovich,3,0,3
Andreyvich,3,0,3
Andréz,3,0,3
Andrha,0,3,3
Andría-Rose,0,3,3
Andriaani,3,0,3
Andriafitia,3,0,3
Andriana-Maria,0,3,3
Andrianes,3,0,3
Andrianiaina,3,0,3
Andrianna,0,3,3
Andrianto,3,0,3
Andriatiana,3,0,3
Andriatsiresy,3,0,3
Andrickson,3,0,3
Andriean,3,0,3
Andrieana,0,3,3
Andrieas,3,0,3
Andrieën,0,3,3
Andrieëtha,0,3,3
Andrieëtta,0,3,3
Andriek,3,0,3
Andriélla,0,3,3
Andrièn,3,0,3
Andriëne,0,3,3
Andrieneke,0,3,3
Andrienna,0,3,3
Andriès,3,0,3
Andries-Bert,3,0,3
Andries-Feike,3,0,3
Andries-Gooitzen,3,0,3
Andries-Hans,3,0,3
Andries-Helmich,3,0,3
Andries-jan,3,0,3
Andries-Jelle,3,0,3
Andries-Ricardo,3,0,3
Andriesiena,0,3,3
Andriesija,0,3,3
Andriessia,0,3,3
Andriesz,3,0,3
Andrieszoon,3,0,3
Andriët,0,3,3
Andrieza,0,3,3
Andrigelle,0,3,3
Andrij,3,0,3
Andrijano,3,0,3
Andrijas,3,0,3
Andrijko,3,0,3
Andrilène,0,3,3
Andrilla,0,3,3
Andrines,3,0,3
Andrinette,0,3,3
Andrini,0,3,3
Andrino,3,0,3
Andrionico,3,0,3
Andrique,0,3,3
Andrïs,3,0,3
Andrise,0,3,3
Andrishona,0,3,3
Andriska,0,3,3
Andrissa,0,3,3
Andrita,0,3,3
Andriu,3,0,3
Andriviënne,0,3,3
Andriyivna,0,3,3
Andriyovna,0,3,3
Andriyovych,3,0,3
Andrizetta,0,3,3
Andro-Emad,3,0,3
Androesh,3,0,3
Androesja,3,0,3
Androise,3,0,3
Androméda,0,3,3
Andropov,3,0,3
Androu,3,0,3
Androushka,0,3,3
Andrü,3,0,3
Andrue,3,0,3
Andruelvis,3,0,3
Andrujen,0,3,3
Andrula,0,3,3
Andruschka,0,3,3
Andrush,3,0,3
Andryan,3,0,3
Andryani,0,3,3
Andryas,3,0,3
Andryke,0,3,3
Andryñanda,0,3,3
Andryse,0,3,3
Andryska,0,3,3
Andryske,0,3,3
Andrzeja,3,0,3
Andrzey,3,0,3
Andsella,0,3,3
Andü,3,0,3
Anduani,3,0,3
Andúani,3,0,3
Anduél,3,0,3
Anduel,3,0,3
Anduella,0,3,3
Anduello,3,0,3
Anduo,3,0,3
Andus,3,0,3
Andusia,3,0,3
Andwah,0,3,3
Andwani,3,0,3
Andwélé,3,0,3
Andwélla,0,3,3
Andwellé,3,0,3
Andwello,3,0,3
Andwone,3,0,3
Andy-An,3,0,3
Andy-Cordy,3,0,3
Andy-Dean,3,0,3
Andy-Jack,3,0,3
Andy-John,3,0,3
Andy-Johnny,3,0,3
Andy-Mark,3,0,3
Andyan,3,0,3
Andykoemar,3,0,3
Andylon,0,3,3
Andynja,0,3,3
Andželika,0,3,3
Andzelika,0,3,3
Andzelko,3,0,3
Andželo,3,0,3
Andzia,0,3,3
Andzja,0,3,3
Ane-Egbert,3,0,3
Ane-Gerard,3,0,3
Ane-Lieze,0,3,3
Ane-Tjalf,3,0,3
Aneah,0,3,3
Anéal,3,0,3
Aneal,3,0,3
Anealá,0,3,3
Anebelle,0,3,3
Anechien,0,3,3
Anechka,0,3,3
Anecito,3,0,3
Anecitus,3,0,3
Aneczka,0,3,3
Aneé,0,3,3
Aneeba,0,3,3
Aneecy,0,3,3
Aneek,3,0,3
Aneeka,0,3,3
Aneeksha,0,3,3
Aneesah,0,3,3
Aneeshaa,0,3,3
Aneeshya,0,3,3
Aneeta,0,3,3
Aneeza,0,3,3
Anegiena,0,3,3
Anegienus,3,0,3
Anegim,0,3,3
Anegine,0,3,3
Aneginna,0,3,3
Aneginus,3,0,3
Aneil,3,0,3
Aneila,0,3,3
Aneira,0,3,3
Aneiran,0,3,3
Aneisi,0,3,3
Anej,3,0,3
Anéka,0,3,3
Aneke,0,3,3
Anekh,3,0,3
Anèl,0,3,3
Anelaida,0,3,3
Anelaine,0,3,3
Anelca,0,3,3
Anelda,0,3,3
Aneley,0,3,3
Aneli,0,3,3
Anélia,0,3,3
Anelicia,0,3,3
Anelika,0,3,3
Anelio,3,0,3
Anelise,0,3,3
Anelita,0,3,3
Aneliya,0,3,3
Anelja,0,3,3
Anelka,0,3,3
Anelke,0,3,3
Anell,0,3,3
Anelles,0,3,3
Anello,3,0,3
Anelly,0,3,3
Anelo,3,0,3
Anelore,0,3,3
Anelsa,0,3,3
Aneltje,0,3,3
Anelusco,3,0,3
Anelya,0,3,3
Anemette,0,3,3
Anemie,0,3,3
Anemoonè,0,3,3
Anemos,3,0,3
Anena,0,3,3
Anenda,0,3,3
Anendkoemar,3,0,3
Anendkumar,3,0,3
Anene,0,3,3
Anene-David,3,0,3
Aneqqa,0,3,3
Aneri,0,3,3
Anero,3,0,3
Anerys,0,3,3
Anés,3,0,3
Anès,3,0,3
Anescka,0,3,3
Anese,0,3,3
Anesha,0,3,3
Aneshka,0,3,3
Aneshkumar,3,0,3
Aneshprakash,3,0,3
Anesita,0,3,3
Anessa,0,3,3
Anesta,0,3,3
Aneste,0,3,3
Anester,0,3,3
Anestesia,0,3,3
Anestha,3,0,3
Anesto,3,0,3
Anestor,3,0,3
Anestos,3,0,3
Anestro,3,0,3
Anesy,3,0,3
Anete,3,0,3
Anetey,3,0,3
Anetia,0,3,3
Anetka,0,3,3
Aneto,3,0,3
Anétte,0,3,3
Anette-Jeanine,0,3,3
Anettey,3,0,3
Anetti,0,3,3
Anetty,0,3,3
Aneudys,3,0,3
Aneuri,3,0,3
Aneury,3,0,3
Anëus,3,0,3
Aneüs,3,0,3
Anéusje,0,3,3
Anev,3,0,3
Aneva,0,3,3
Anevay,0,3,3
Anew,3,0,3
Anewar,3,0,3
Anexa,0,3,3
Anexsan,3,0,3
Aney-Soléne,0,3,3
Aneza,0,3,3
Anezia,0,3,3
Anfaries,3,0,3
Anfeeza,0,3,3
Anfelma,0,3,3
Anfeney,3,0,3
Anferley,3,0,3
Anfernéy,3,0,3
Anfernnee,3,0,3
Anferny-Isaac,3,0,3
Anfred,3,0,3
Anfrid,3,0,3
Anfrida,0,3,3
Anfridus,3,0,3
Anfried,3,0,3
Anfriedes,3,0,3
Anfry,0,3,3
Anfu,3,0,3
Anga,0,3,3
Angabeen,0,3,3
Angabilé,0,3,3
Angadveer,3,0,3
Angaj,3,0,3
Angalia,0,3,3
Angalida,0,3,3
Angalie,0,3,3
Angalita,0,3,3
Angaly,0,3,3
Anganeta,0,3,3
Anganetha,0,3,3
Anganetta,0,3,3
Angani,0,3,3
Anganie,0,3,3
Anganitji,0,3,3
Angany,3,0,3
Angara,0,3,3
Angarath,0,3,3
Angarcia,0,3,3
Ańgarcia,0,3,3
Angatha,3,0,3
Angay,0,3,3
Angchelyka,0,3,3
Ange-Lena,0,3,3
Ange-Michel,3,0,3
Angeanna,0,3,3
Angedan,3,0,3
Angedeys,0,3,3
Angedico,3,0,3
Angedjelino,3,0,3
Angee,0,3,3
Angeelo,3,0,3
Angeilys,0,3,3
Angeja,0,3,3
Angejahnairah,0,3,3
Angejunior,3,0,3
Angêl,0,3,3
Angel'Lee,0,3,3
Angel-alyjah,0,3,3
Angel-Alyssa,0,3,3
Angel-Blessy,0,3,3
Angel-Blue,3,0,3
Angel-Elisa,0,3,3
Angel-Evy,0,3,3
Angel-Ich,0,3,3
Angel-ieane,0,3,3
Angel-Jesus,3,0,3
Angel-Jislayne,0,3,3
Angel-liena,0,3,3
Angel-Linda,0,3,3
Angel-Louise,0,3,3
Angel-ly,0,3,3
Angel-Mariva,0,3,3
Angel-May,0,3,3
Angel-Mercedes,0,3,3
Angèl-Petra-Maria,0,3,3
Angel-Proud,0,3,3
Angel-Zorlita,0,3,3
Angëla,0,3,3
Angelà,0,3,3
Anǵela,0,3,3
Angelá,0,3,3
Angela-Addae,0,3,3
Angela-Esther,0,3,3
Angela-Geraldine,0,3,3
Angela-Maria,0,3,3
Angela-Mariae,0,3,3
Angela-Michelle,0,3,3
Angeladevi,0,3,3
Angéladevie,0,3,3
Angeladewi,0,3,3
Angeladewie,0,3,3
Angelaika,0,3,3
Angélainqia,0,3,3
Angelaisa,0,3,3
Angelantonio,3,0,3
Angelayna,0,3,3
Angelbaby,0,3,3
Angelbel,0,3,3
Angelchrioni,0,3,3
Angeldy,0,3,3
Angélè,0,3,3
Angële,0,3,3
Anǵele,0,3,3
Angélé,0,3,3
Angèlè,0,3,3
Angeleca,0,3,3
Angelee-Ann,0,3,3
Angeleen,0,3,3
Angeleileen,0,3,3
Angeleke,0,3,3
Angelen,0,3,3
Angelene,0,3,3
Angelequa,0,3,3
Angelequis,3,0,3
Angeleta,0,3,3
Angelette,0,3,3
Angelfian,0,3,3
Angèli,0,3,3
Angelí,0,3,3
Angeli-Dewi,0,3,3
Angeliá,0,3,3
Angeliaka,0,3,3
Angelian,0,3,3
Angêlica,0,3,3
Angelíca,0,3,3
Angëlica,0,3,3
Angelical,0,3,3
Angélicque,0,3,3
Angélicus,3,0,3
Angelidebi,0,3,3
Angelidebie,0,3,3
Angeliea,0,3,3
Angeliec,0,3,3
Angeliece,0,3,3
Angelieck,0,3,3
Angeliedevi,0,3,3
Angelieh,0,3,3
Angeliekha,0,3,3
Angeliekje,0,3,3
Angélien,0,3,3
Angeliën,0,3,3
Angelienna,0,3,3
Angeliënne,0,3,3
Angelienne,0,3,3
Angelientje,0,3,3
Angéliga,0,3,3
Angeliga,0,3,3
Angeligua,0,3,3
Angelija,0,3,3
Angelijane,0,3,3
Angelijdevi,0,3,3
Angèlika,0,3,3
Angelikadebie,0,3,3
Angelikia,0,3,3
Angélin,0,3,3
Angelinâ,0,3,3
Angelina-Grace,0,3,3
Angelina-Jane,0,3,3
Angelina-Jolie,0,3,3
Angelina-Marcelina,0,3,3
Angelina-Margarita,0,3,3
Angelina-Rose,0,3,3
Angelina-Vera,0,3,3
Angelinah,0,3,3
Angêline,0,3,3
Angelines,0,3,3
Angelinho,3,0,3
Angelinne,0,3,3
Angelio,3,0,3
Angèlio,3,0,3
Angeliqka,0,3,3
Angělique,0,3,3
Angelíque,0,3,3
Angéliquè,0,3,3
Angeliquè,0,3,3
Angélique-Gabriëlla,0,3,3
Angelique-Guadalupe,0,3,3
Angelique-Jeantine,0,3,3
Angelique-Johanna,0,3,3
Angelique-Karina,0,3,3
Angelique-Veronique,0,3,3
Angelirose,0,3,3
Angelise,0,3,3
Angelisia,0,3,3
Angeliso,3,0,3
Angelit,0,3,3
Angélita,0,3,3
Angélitha,0,3,3
Angelitho,3,0,3
Angèlito,3,0,3
Angelium,0,3,3
Angélius,3,0,3
Angelivia,0,3,3
Angelize,0,3,3
Angelka,0,3,3
Angelko,3,0,3
Angèll,0,3,3
Angell-Ann,0,3,3
Angellakumarie,0,3,3
Angellayno,3,0,3
Angellaynol,3,0,3
Angellayza,0,3,3
Angêlle,0,3,3
Angellé,0,3,3
Angelle-Lila,0,3,3
Angellé-Marie,0,3,3
Angelleyina,0,3,3
Angèllica,0,3,3
Angellika,0,3,3
Angellinna,0,3,3
Angellino,3,0,3
Angelliño,3,0,3
Angellisa,0,3,3
Angellissa,0,3,3
Angèllo,3,0,3
Angéllo,3,0,3
Angellore,0,3,3
Angellos,3,0,3
Angellotty,3,0,3
Angelly-ann,0,3,3
Angelly-Ann,0,3,3
Angelly-Hope,0,3,3
Angellyjah,0,3,3
Angellyn,0,3,3
Angellynn,0,3,3
Angellyva,0,3,3
Angelmus,3,0,3
Angelnaily,0,3,3
Angelnorma,0,3,3
Angeló,3,0,3
Angelo-Adolfo,3,0,3
Angelo-Adrie,3,0,3
Angelo-Gio,3,0,3
Angelo-Giovanni,3,0,3
Angelo-Jeremayah,3,0,3
Angelo-jordan,3,0,3
Angelo-Junior,3,0,3
Angelo-Sancho,3,0,3
Angelora,0,3,3
Angelore,0,3,3
Angèlos,3,0,3
Angeloti,3,0,3
Angelotto,3,0,3
Angelow,3,0,3
Angelque,0,3,3
Angels,0,3,3
Angelthon,3,0,3
Angeluiq,0,3,3
Angeluis,3,0,3
Angelun,3,0,3
Angéluna,0,3,3
Angeluna,0,3,3
Angèlus,3,0,3
Angelvi,0,3,3
Angely-Denicia,0,3,3
Angelycke,0,3,3
Angelyk,0,3,3
Angelyke,0,3,3
Angelyno,3,0,3
Angélys,0,3,3
Angelys,0,3,3
Angelysha,0,3,3
Angelyson,3,0,3
Angema,0,3,3
Angemara,0,3,3
Angemietje,0,3,3
Angemitha,0,3,3
Angéna,0,3,3
Angenees,0,3,3
Angeneeske,0,3,3
Angenel,0,3,3
Angenelis,3,0,3
Angenella,0,3,3
Angenello,3,0,3
Angenely,0,3,3
Angenetia,0,3,3
Angenetté,3,0,3
Angenga,3,0,3
Angeniati,0,3,3
Angenica,0,3,3
Angenice,0,3,3
Angenieska,0,3,3
Angenieta-Jantina,0,3,3
Angeniete,0,3,3
Angeniëtha,0,3,3
Angeniethus,3,0,3
Angenika,0,3,3
Angenine,0,3,3
Angenise,0,3,3
Angeniska,0,3,3
Angènita,0,3,3
Angenite,0,3,3
Angenitta,0,3,3
Angenius,3,0,3
Angenoe,3,0,3
Angenor,3,0,3
Angenora,0,3,3
Angenus,3,0,3
Angeola,0,3,3
Angera,0,3,3
Angéra,0,3,3
Angeradevi,0,3,3
Angeria,0,3,3
Angeriea,0,3,3
Angerlain,0,3,3
Angerlita,0,3,3
Angermann,3,0,3
Angery,3,0,3
Angès,0,3,3
Angese,0,3,3
Angesh,0,3,3
Angèsline,0,3,3
Angeta,0,3,3
Angetina,0,3,3
Angetjlie,0,3,3
Angeva,0,3,3
Angevino,3,0,3
Angeyro,3,0,3
Angeza,0,3,3
Anggala,0,3,3
Angganetta,0,3,3
Anggara,3,0,3
Anggeliki,0,3,3
Anggello,3,0,3
Anggerti,0,3,3
Anggia,3,0,3
Anggiat,3,0,3
Anggore,0,3,3
Anggraenny,0,3,3
Anggraeny,0,3,3
Anggraini,0,3,3
Anggrainie,0,3,3
Anggraito,3,0,3
Anggreini,0,3,3
Anggreni,0,3,3
Anggrény,0,3,3
Anggrianny,0,3,3
Anggriany,0,3,3
Anggrila,0,3,3
Angham,0,3,3
Anghared,0,3,3
Anghela,0,3,3
Anghelica,0,3,3
Anghelo,3,0,3
Angheza,0,3,3
Anghina,0,3,3
Anghira,0,3,3
Anghitty,0,3,3
Anghus,3,0,3
Angiala,0,3,3
Angialy,0,3,3
Angicha,0,3,3
Angie-June,0,3,3
Angie-lee,0,3,3
Angie-Lee,0,3,3
Angie-leya,0,3,3
Angie-Lise,0,3,3
Angie-Lynn,0,3,3
Angie-May,0,3,3
Angie-Rose,0,3,3
Angie-Virginia,0,3,3
Angielij,0,3,3
Angieliz,0,3,3
Angiena,0,3,3
Angienus,3,0,3
Angieska,0,3,3
Angieta,0,3,3
Angil,3,0,3
Angilberta,0,3,3
Angili,0,3,3
Angiliënne,0,3,3
Angilio,3,0,3
Angilius,3,0,3
Angillita,0,3,3
Angilly,0,3,3
Angine,3,0,3
Anginetta,0,3,3
Anginie,0,3,3
Anginissa,0,3,3
Angio,3,0,3
Angioletta,0,3,3
Angioletto,3,0,3
Angiolo,3,0,3
Angiraa,0,3,3
Angisa,0,3,3
Angiti,0,3,3
Angitt,0,3,3
Angitta,0,3,3
Angity,0,3,3
Angiza,0,3,3
Angjelina,0,3,3
Angjenie,0,3,3
Angjisa,0,3,3
Angke,0,3,3
Angkor,3,0,3
Angla,0,3,3
Anglasia,0,3,3
Angle-MarieAnn,0,3,3
Anglea,0,3,3
Anglesias,3,0,3
Angleta,0,3,3
Anglica,0,3,3
Anglina,0,3,3
Anglitha,0,3,3
Anglo,3,0,3
Angmar,3,0,3
Angnès,0,3,3
Angnette,0,3,3
Angnettha,0,3,3
Angnie,0,3,3
Angnies,0,3,3
Angniete,0,3,3
Angnita,0,3,3
Angoëlle,0,3,3
Angoh,3,0,3
Angolie,0,3,3
Angoline,0,3,3
Angolito,3,0,3
Angolo,3,0,3
Angoly,0,3,3
Angona,0,3,3
Angonetta,0,3,3
Angonikoyasango,3,0,3
Angoska,0,3,3
Angqi,0,3,3
Angraini,0,3,3
Angrainy,0,3,3
Angranita,0,3,3
Angred,0,3,3
Angree,0,3,3
Angreni,0,3,3
Angrenie,0,3,3
Angria,0,3,3
Angrida,0,3,3
Angriet,0,3,3
Angrilia,0,3,3
Angrita,0,3,3
Angroem,0,3,3
Angrum,0,3,3
Angs,0,3,3
Angse,3,0,3
Angsika,0,3,3
Angsumarin,0,3,3
Anguarita,0,3,3
Angüchie,3,0,3
Anguél,3,0,3
Anguelito,3,0,3
Anguito,3,0,3
Anguli,0,3,3
Angulie,0,3,3
Angulika,0,3,3
Angulo,3,0,3
Angun,0,3,3
Anguschka,0,3,3
Angwar,3,0,3
Angwen,3,0,3
Angwi,0,3,3
Angya-Faye,0,3,3
Angylica,0,3,3
Angylina,0,3,3
Angylito,3,0,3
anh,3,0,3
Anh-Khoa,3,0,3
Anh-Loan,0,3,3
Anh-Minh,3,0,3
Anh-Phuong,0,3,3
Anh-Son,3,0,3
Anh-Than,3,0,3
Anh-Thu,0,3,3
Anh-Thy,0,3,3
Anh-Tu,3,0,3
Anh-Tuan,3,0,3
Anh-Xuan,0,3,3
Anhad,3,0,3
Anhao,3,0,3
Anhenta,0,3,3
Anher,3,0,3
Anhhao,3,0,3
Anhhon,0,3,3
Anhilde,0,3,3
Anhthy,0,3,3
Anhui,3,0,3
Anhwarsing,3,0,3
Ania-Henny,0,3,3
Anianda,0,3,3
Aniasa,0,3,3
Anibale,0,3,3
Anibel,3,0,3
Anible,3,0,3
Anibor,0,3,3
Anibre,3,0,3
Aníca,0,3,3
Anicee,0,3,3
Anicée,0,3,3
Anicentus,3,0,3
Anicetha,0,3,3
Anicetra,0,3,3
Anicetta,0,3,3
Anicette,0,3,3
Anicharel,0,3,3
Aniciëla,0,3,3
Anicita,0,3,3
Anicite,0,3,3
Anidio,3,0,3
Anidra,0,3,3
Anie-Kristie,0,3,3
Anièce,0,3,3
Aniecekah,0,3,3
Aniecke,0,3,3
Aniedi,3,0,3
Aniek-Lenna,0,3,3
Anieladevi,0,3,3
Anieldo,3,0,3
Anieli,3,0,3
Anieljunior,3,0,3
Anielle,0,3,3
Aniéllo,3,0,3
Anielpersad,3,0,3
Anielus,3,0,3
Aniema,0,3,3
Anienka,0,3,3
Aniënta,0,3,3
Anieq-Ur-Rehman,3,0,3
Anieroedrepersad,3,0,3
Aniës,3,0,3
Aniesah,0,3,3
Aniese,0,3,3
Anieseto,3,0,3
Anieshkumar,3,0,3
Anieshna,0,3,3
Aniesja,0,3,3
Aniess,3,0,3
Aniessa,0,3,3
Aniet,0,3,3
Anietadeby,0,3,3
Anietha,0,3,3
Anietje,0,3,3
Anietra,0,3,3
Aniëtte,0,3,3
Anifatou,0,3,3
Anife,0,3,3
Aniga,0,3,3
Aniggien,0,3,3
Anih,0,3,3
Anihera,0,3,3
Aniies,3,0,3
Anijah,0,3,3
Anijs,0,3,3
Aník,0,3,3
Anikë,0,3,3
Aniketos,3,0,3
Aniki,3,0,3
Anikia,0,3,3
Anikie,0,3,3
Anikilé,0,3,3
Anikin,3,0,3
Aniky,0,3,3
Anil-Kadir,3,0,3
Anil-Kumar,3,0,3
Anil-Sadik,3,0,3
Anilah,0,3,3
Anilanand,3,0,3
Anilca,3,0,3
Anılcan,3,0,3
Anilchand,3,0,3
Anilçi,3,0,3
Anilde,3,0,3
Anilduth,3,0,3
Anileiry,0,3,3
Anilèn,0,3,3
Anili,0,3,3
Anilia,0,3,3
Anilisah,0,3,3
Aniliya,0,3,3
Anilkaan,3,0,3
Anilkamal,3,0,3
Anilkapoer,3,0,3
Anilkaran,3,0,3
Anilkrishna,3,0,3
Anill,3,0,3
Anilsharma,3,0,3
Anilshein,3,0,3
Anilú,0,3,3
Anilutku,3,0,3
Animah,0,3,3
Animashaun,0,3,3
Animrah,0,3,3
Animreh,3,0,3
Animwaa,0,3,3
Anïn,0,3,3
Anín,0,3,3
Anïn-Sophie,0,3,3
Aninâ,0,3,3
Aninam,3,0,3
Aninca,0,3,3
Anindyaz,0,3,3
Aninette,0,3,3
Aninfeng,3,0,3
Aning,3,0,3
Aniñha,0,3,3
Aninia,0,3,3
Aninsa,0,3,3
Aninwaah,0,3,3
Aninya,0,3,3
Aniqua,0,3,3
Aniqué,0,3,3
Anique-Nicolette,0,3,3
Aniro,0,3,3
Aniroedra,3,0,3
Aniroedre,3,0,3
Aniroodh,3,0,3
Aniruddh,3,0,3
Anirudha,3,0,3
Anirudra,3,0,3
Anirudre,3,0,3
Anişa,0,3,3
Anisa-Kiin,0,3,3
Anisaëslem,0,3,3
Anisara,0,3,3
Anisca,0,3,3
Anisch,3,0,3
Anischa-Gatoen,0,3,3
Anischka,0,3,3
Aniscia,0,3,3
Aniset,0,3,3
Aniseta,0,3,3
Anisette,0,3,3
Anisetto,3,0,3
Anişgül,0,3,3
Anisha-Debi,0,3,3
Anishaghatoen,0,3,3
Anishali,3,0,3
Anishan,3,0,3
Anishaya,0,3,3
Anishdoebé,3,0,3
Anishe,3,0,3
Anishinaabe,3,0,3
Anishja,0,3,3
Anishty,0,3,3
Anishul,3,0,3
Anishvara,3,0,3
Anishvari,0,3,3
Anisio,3,0,3
Anisius,3,0,3
Anisoara,0,3,3
Anissa-Louise,0,3,3
Anissha,0,3,3
Anita-Caroline,0,3,3
Anita-Colette,0,3,3
Anita-Diana,0,3,3
Anita-Hendrika,0,3,3
Anita-Jarina,0,3,3
Anita-Manan,0,3,3
Anita-Margareta,0,3,3
Anita-Margaretha,0,3,3
Anita-Maria,0,3,3
Anitadevi,0,3,3
Anitadewie,0,3,3
Anitav,3,0,3
Anitawatie,0,3,3
Anitcia,0,3,3
Anith,3,0,3
Anithan,3,0,3
Anithius,3,0,3
Aniwa,0,3,3
Aniwah,0,3,3
Aniwura,0,3,3
Aniyesa,3,0,3
Aniz,0,3,3
Anizah,0,3,3
Anizar,0,3,3
Anizeta,0,3,3
Anizia,0,3,3
Anja-Alexandra,0,3,3
Anja-Dorie,0,3,3
Anja-Ellen,0,3,3
Anja-Fransisca,0,3,3
Anja-Justina,0,3,3
Anja-Lise,0,3,3
Anja-Marie,0,3,3
Anjaana,0,3,3
Anjabel,0,3,3
Anjaëlio,3,0,3
Anjaelo,3,0,3
Anjahlie,0,3,3
Anjai,3,0,3
Anjailina,0,3,3
Anjaily,0,3,3
Anjairo,3,0,3
Anjalä,0,3,3
Anjalena,0,3,3
Anjalenadebie,0,3,3
Anjaley-Devi,0,3,3
Añjali,0,3,3
Anjalica,0,3,3
Anjalidevie,0,3,3
Anjalidewie,0,3,3
Anjaliedevi,0,3,3
Anjaliena,0,3,3
Anjalikakoemarie,0,3,3
Anjalinie,0,3,3
Anjalisya,0,3,3
Anjalita,0,3,3
Anjam,3,0,3
Anjanakoemarie,0,3,3
Anjanawatie,0,3,3
Anjanee,0,3,3
Anjaneedevi,0,3,3
Anjanet,0,3,3
Anjanidebie,0,3,3
Anjanieta,0,3,3
Anjaniewatie,0,3,3
Anjannie,0,3,3
Anjarasoa,0,3,3
Anjarsworo,0,3,3
Anjasmara,3,0,3
Anjaya,3,0,3
Anjaydi-El,3,0,3
Anjaykumar,3,0,3
Anjayli,0,3,3
Anjaylian,3,0,3
Anjaylina,0,3,3
Anjaz,3,0,3
Anje-Loesje,0,3,3
Anje-Lotte,0,3,3
Anjeala,0,3,3
Anjeana,0,3,3
Anjeandrick,3,0,3
Anjeantely,0,3,3
Anjeela,0,3,3
Anjeet,3,0,3
Anjekatrien,0,3,3
Anjelaine,0,3,3
Anjeleen,0,3,3
Anjeleena,0,3,3
Anjelena,0,3,3
Anjelidebi,0,3,3
Anjelidebie,0,3,3
Anjelidevie,0,3,3
Anjeliedebie,0,3,3
Anjelieke,0,3,3
Anjelietadevi,0,3,3
Anjelin,0,3,3
Anjelinus,3,0,3
Anjeliqua,0,3,3
Anjelka,0,3,3
Anjëlla,0,3,3
Anjelliena,0,3,3
Anjellique,0,3,3
Anjelotte,0,3,3
Anjelya,0,3,3
Anjemarie,0,3,3
Anjemieke,0,3,3
Anjenadevi,0,3,3
Anjenita,0,3,3
Anjenna,0,3,3
Anjennyka,0,3,3
Anjerika,0,3,3
Anjero,3,0,3
Anjerys,0,3,3
Anjesca,0,3,3
Anjesli,3,0,3
Anjess,0,3,3
Anjesse,0,3,3
Anjetje,0,3,3
Anjeulie,0,3,3
Anjey,3,0,3
Anjhana,0,3,3
Anjhani,0,3,3
Anjhelica,0,3,3
Anjhelie,0,3,3
Anjhery,0,3,3
Anjialu,3,0,3
Anjidewi,0,3,3
Anjikawatie,0,3,3
Anjilica,0,3,3
Anjillé,0,3,3
Anjin,3,0,3
Anjinder,3,0,3
Anjiniedebie,0,3,3
Anjit,0,3,3
Anjly,0,3,3
Anjm,3,0,3
Anjni-Ansuja,0,3,3
Anjnli,0,3,3
Anjo-Jan,3,0,3
Anjoca,0,3,3
Anjocine,0,3,3
Anjoeka,0,3,3
Anjoëlle,0,3,3
Anjoes,0,3,3
Anjoeta,0,3,3
Anjohn,3,0,3
Anjoleine,0,3,3
Anjoleto,3,0,3
Anjoletta,0,3,3
Anjoley,0,3,3
Anjolieke,0,3,3
Anjoliene,0,3,3
Anjolijn,0,3,3
Anjolita,0,3,3
Anjolyna,0,3,3
Anjoma,0,3,3
Anjomar,3,0,3
Anjonel,0,3,3
Anjonela,0,3,3
Anjonetta,0,3,3
Anjonette,0,3,3
Anjoni,3,0,3
Anjore,3,0,3
Anjorie,0,3,3
Anjorro,3,0,3
Anjouelle,0,3,3
Anjoura,0,3,3
Anjoy,0,3,3
Anjucha,0,3,3
Anjudebi,0,3,3
Anjuel,0,3,3
Anjulaij,0,3,3
Anjulee,0,3,3
Anjullie,0,3,3
Anjully,0,3,3
Anjuman,0,3,3
Anjune,0,3,3
Anjuniekumarie,0,3,3
Anjunikoemarie,0,3,3
Anjusta,3,0,3
Anjustino,3,0,3
Anjutta,0,3,3
Ankaa,0,3,3
Ankama,3,0,3
Ankary,0,3,3
Anke-Elze,0,3,3
Anke-Hilda,0,3,3
Anke-Ina,0,3,3
Anke-Lynn,0,3,3
Anke-Lys,0,3,3
Anke-Marij,0,3,3
Anke-Marijn,0,3,3
Anke-Marrit,0,3,3
Anke-May,0,3,3
Anke-Meinou,0,3,3
Anke-Nel,0,3,3
Anke-Rina,0,3,3
Ankeet,0,3,3
Ankefrans,0,3,3
Ankéla,0,3,3
Ankeleen,0,3,3
Ankelein,0,3,3
Ankelie,0,3,3
Ankellia,0,3,3
Ankema,0,3,3
Ankemarij,0,3,3
Ankemarion,0,3,3
Ankemien,0,3,3
Ankena,0,3,3
Ankeneel,0,3,3
Ankenoor,0,3,3
Ankepietje,0,3,3
Ankerdiena,0,3,3
Ankérica,0,3,3
Anket,3,0,3
Ankića,0,3,3
Ankie-Jolanda,0,3,3
Ankie-Lien,0,3,3
Ankiefunda,0,3,3
Ankien,0,3,3
Ankij,0,3,3
Ankili,0,3,3
Ankin,0,3,3
Ankine,0,3,3
Ankisha,0,3,3
Ankitha,0,3,3
Anklina,0,3,3
Anko-Jan,3,0,3
Ankobrey,0,3,3
Ankoesha,0,3,3
Ankoh,3,0,3
Ankolena,0,3,3
Ankoline,0,3,3
Ankoma,3,0,3
Ankomaa,0,3,3
Ankomako,3,0,3
Ankoo,3,0,3
Ankor,3,0,3
Ankora,0,3,3
Ankumah,0,3,3
Anlacan,0,3,3
Anlauq,0,3,3
Anle,0,3,3
AnLe,0,3,3
Anlé,0,3,3
Anlean,0,3,3
Anlelama,3,0,3
Anlène,0,3,3
Anletta,0,3,3
Anlette,0,3,3
Anli,0,3,3
Anlia,0,3,3
Anlice,0,3,3
Anlicoys,3,0,3
Anlida,0,3,3
Anlie,0,3,3
Anlil,3,0,3
Anlimah,0,3,3
Anlin,0,3,3
Anlina,0,3,3
Anlinn,0,3,3
Anlisia,0,3,3
Anloc,3,0,3
Anloca,0,3,3
Anloes,0,3,3
Anlong,3,0,3
Anlouise,0,3,3
Anluo,3,0,3
Anlya,0,3,3
Anlysa,0,3,3
Anma,0,3,3
Anmam,3,0,3
Anmara,0,3,3
Anmarh,0,3,3
Anmari,0,3,3
Anmarij,0,3,3
Anmarouska,0,3,3
Anmarson,3,0,3
Anmeé,0,3,3
Anmee,0,3,3
Anmia-Tipea,0,3,3
Anmida,0,3,3
Anmielaya,0,3,3
Anmohl,3,0,3
Anmoldeep,3,0,3
Anmoljeetsingh,3,0,3
Anmolpreet,3,0,3
Anmool,0,3,3
Anmut,0,3,3
ann,0,3,3
Ann-alicia,0,3,3
Ann-Apollonia,0,3,3
Ann-Cherie,0,3,3
Ann-Chi,0,3,3
Ann-Claudel,0,3,3
Ann-Drew,0,3,3
Ann-Elisabeth,0,3,3
Ann-Elise,0,3,3
Ann-Françoise,0,3,3
Ann-Gaëlle,0,3,3
Ann-Gealy,0,3,3
Ann-Grace,0,3,3
Ann-Gret,0,3,3
Ann-Inez,0,3,3
Ann-J'line,0,3,3
Ann-Jahlee,0,3,3
Ann-Jayli,0,3,3
Ann-jaynely,0,3,3
Ann-Jean,0,3,3
Ann-Joëlle,0,3,3
Ann-Jolie,0,3,3
Ann-José,0,3,3
Ann-Julay,3,0,3
Ann-Julie,0,3,3
Ann-Katrin,0,3,3
Ann-Kim,0,3,3
Ann-Lee,0,3,3
Ann-Ley,0,3,3
Ann-Lou,0,3,3
Ann-Lynne,0,3,3
Ann-Marell,0,3,3
Ann-Marga,0,3,3
Ann-Margaret,0,3,3
Ann-Margrit,0,3,3
Ann-Maria,0,3,3
Ann-Marin,0,3,3
Ann-Marrel,0,3,3
Ann-Mary,0,3,3
Ann-Michel,0,3,3
Ann-Neal,0,3,3
Ann-Nora,0,3,3
Ann-Rien,0,3,3
Ann-Ro,0,3,3
Ann-Rose,0,3,3
Ann-Shirley,0,3,3
Ann-Silvie,0,3,3
Ann-Sofi,0,3,3
Ann-Yee,0,3,3
Ann-Yvette,0,3,3
Anna-,0,3,3
Anna-Aaf,0,3,3
Anna-Aafke,0,3,3
Anna-Alaämbra,0,3,3
Anna-Alecia,0,3,3
Anna-Alexandra,0,3,3
Anna-Alice,0,3,3
Anna-Angelica,0,3,3
Anna-Ankie,0,3,3
Anna-Anna,0,3,3
Anna-Ans,0,3,3
Anna-Anthonia,0,3,3
Anna-Ashley,0,3,3
Anna-Bart,0,3,3
Anna-Bé,0,3,3
Anna-Beatrijs,0,3,3
Anna-Beaunée,0,3,3
Anna-Belinda,0,3,3
Anna-Bente,0,3,3
Anna-Berdina,0,3,3
Anna-Berte,0,3,3
Anna-Berthina,0,3,3
Anna-beth,0,3,3
Anna-Bien,0,3,3
Anna-Bo-Elise,0,3,3
Anna-Bodil,0,3,3
Anna-Boukje,0,3,3
Anna-brecht,0,3,3
Anna-Brechtje,0,3,3
Anna-Brigitta,0,3,3
Anna-Brigitte,0,3,3
Anna-Britta,0,3,3
Anna-Caisa,0,3,3
Anna-Cara,0,3,3
Anna-Carlijn,0,3,3
Anna-Carlijne,0,3,3
Anna-Casandra,0,3,3
Anna-catharina,0,3,3
Anna-Cathrina,0,3,3
Anna-Catrine,0,3,3
Anna-Catterina,0,3,3
Anna-Celia,0,3,3
Anna-Cheryl,0,3,3
Anna-Chiara,0,3,3
Anna-Chiàra,0,3,3
Anna-Christel,0,3,3
Anna-Christien,0,3,3
Anna-Christine,0,3,3
Anna-Claartje,0,3,3
Anna-Clara,0,3,3
Anna-Coco,0,3,3
Anna-Cora,0,3,3
Anna-cornelia,0,3,3
Anna-Cynthia,0,3,3
Anna-D'oro,0,3,3
Anna-Daniëlle,0,3,3
Anna-Desiree,0,3,3
Anna-Dieuwke,0,3,3
Anna-Dina,0,3,3
Anna-Dirkje,0,3,3
Anna-Door,0,3,3
Anna-Dorine,0,3,3
Anna-Doutzen,0,3,3
Anna-Eden,0,3,3
Anna-El,0,3,3
Anna-Ela,0,3,3
Anna-Elenora,0,3,3
Anna-Ellaine,0,3,3
Anna-Else,0,3,3
Anna-Elsje,0,3,3
Anna-Elska,0,3,3
Anna-Elske,0,3,3
Anna-Enora,0,3,3
Anna-Everdina,0,3,3
Anna-Fae,0,3,3
Anna-Faye,0,3,3
Anna-Febe,0,3,3
Anna-Felicia,0,3,3
Anna-Feliz,0,3,3
Anna-Femke,0,3,3
Anna-Fien,0,3,3
Anna-Foekje,0,3,3
Anna-Françoise,0,3,3
Anna-Frank,0,3,3
Anna-Fransca,0,3,3
Anna-Fré,0,3,3
Anna-Frederiek,0,3,3
Anna-Frédérique,0,3,3
Anna-Frouck,0,3,3
Anna-Frouwke,0,3,3
Anna-Geertjen,0,3,3
Anna-Geertruid,0,3,3
Anna-Gees,0,3,3
Anna-Geesje,0,3,3
Anna-Gelena,0,3,3
Anna-Gerardine,0,3,3
Anna-Gerda,0,3,3
Anna-Gerritje,0,3,3
Anna-Gijsje,0,3,3
Anna-gina,0,3,3
Anna-Giulietta,0,3,3
Anna-Gloria,0,3,3
Anna-Gonda,0,3,3
Anna-gré,0,3,3
Anna-Grietje,0,3,3
Anna-Guda,0,3,3
Anna-Heike,0,3,3
Anna-Hélèna,0,3,3
Anna-Hendrika,0,3,3
Anna-Henriëtte,0,3,3
Anna-Hieke,0,3,3
Anna-Huib,0,3,3
Anna-Huiberta,0,3,3
Anna-Hyd,0,3,3
Anna-Ida,0,3,3
Anna-ie,0,3,3
Anna-Ietske,0,3,3
Anna-Ilse,0,3,3
Anna-Inari,0,3,3
Anna-ïs,0,3,3
Anna-Isabel,0,3,3
Anna-Isabella,0,3,3
Anna-Isabelle,0,3,3
Anna-Ishtar,0,3,3
Anna-Issey,0,3,3
Anna-Izabella,0,3,3
Anna-Jade,0,3,3
Anna-Jan,0,3,3
Anna-Jannetje,0,3,3
Anna-Jara,0,3,3
Anna-Jelène,0,3,3
Anna-Jenn,0,3,3
Anna-Jinte,0,3,3
Anna-Jiska,0,3,3
Anna-Jitske,0,3,3
Anna-jo,0,3,3
Anna-joan,0,3,3
Anna-Jolijn,0,3,3
Anna-Joly,0,3,3
Anna-Jorien,0,3,3
Anna-José-Maria,0,3,3
Anna-Joukje,0,3,3
Anna-Juliette,0,3,3
Anna-Juliëtte,0,3,3
Anna-July,0,3,3
Anna-Karenina,0,3,3
Anna-Kathinka,0,3,3
Anna-Katrien,0,3,3
Anna-Katrijn,0,3,3
Anna-Keet,0,3,3
Anna-Key,0,3,3
Anna-Khadija,0,3,3
Anna-Kimberlin,0,3,3
Anna-Kinke,0,3,3
Anna-Klaasje,0,3,3
Anna-Klazina,0,3,3
Anna-Kumari,0,3,3
Anna-Kyra,0,3,3
Anna-Lamyna,0,3,3
Anna-Larissa,0,3,3
Anna-Lauren,0,3,3
Anna-Laurien,0,3,3
Anna-Lavinia,0,3,3
Anna-Lay,0,3,3
Anna-Lê,0,3,3
Anna-Lea,0,3,3
Anna-Leasha,0,3,3
Anna-Leezah,0,3,3
Anna-Lèna,0,3,3
Anna-Lenardina,0,3,3
Anna-Lenda,0,3,3
Anna-Lene,0,3,3
Anna-Lenthe,0,3,3
Anna-Lexia,0,3,3
Anna-Li,0,3,3
Anna-Lida,0,3,3
Anna-Lidia,0,3,3
Anna-Liesa,0,3,3
Anna-Liesbeth,0,3,3
Anna-Liet,0,3,3
Anna-Lieve,0,3,3
Anna-Liisa,0,3,3
Anna-Lijdia,0,3,3
Anna-Lijsbeth,0,3,3
Anna-Linda,0,3,3
Anna-Lisette,0,3,3
Anna-Livy,0,3,3
Anna-Liz,0,3,3
Anna-Loekie,0,3,3
Anna-Loraine,0,3,3
Anna-Loran,0,3,3
Anna-Lore,0,3,3
Anna-lotte,0,3,3
Anna-lou,0,3,3
Anna-Louïse,0,3,3
Anna-Lousia,0,3,3
Anna-Lova,0,3,3
Anna-Lowina,0,3,3
Anna-Luca,0,3,3
Anna-lucia,0,3,3
Anna-Lucy,0,3,3
Anna-Luisa,0,3,3
Anna-Luise,0,3,3
Anna-Ly,0,3,3
Anna-Lyda,0,3,3
Anna-Lyke,0,3,3
Anna-Madeleine,0,3,3
Anna-Maei,0,3,3
Anna-Maeike,0,3,3
Anna-Magreta,0,3,3
Anna-Magrita,0,3,3
Anna-Maika,0,3,3
Anna-Maike,0,3,3
Anna-Maj,0,3,3
Anna-Maja,0,3,3
Anna-Malu,0,3,3
Anna-Mamaya,0,3,3
Anna-Manuëla,0,3,3
Anna-Mar,0,3,3
Anna-Mareille,0,3,3
Anna-Margareta,0,3,3
Anna-Margarethe,0,3,3
Anna-Margo,0,3,3
Anna-Margot,0,3,3
Anna-Margriet,0,3,3
Anna-Marguerite,0,3,3
Anna-María,0,3,3
Anna-Mariah,0,3,3
Anna-Marian,0,3,3
Anna-Marié,0,3,3
Anna-Mariek,0,3,3
Anna-mariet,0,3,3
Anna-Mariet,0,3,3
Anna-Marietje,0,3,3
Anna-Marij,0,3,3
Anna-Marilène,0,3,3
Anna-Marise,0,3,3
Anna-Marisia,0,3,3
Anna-Mariska,0,3,3
Anna-Marith,0,3,3
Anna-Maritha,0,3,3
Anna-Marlous,0,3,3
Anna-Marrie,0,3,3
Anna-Marry,0,3,3
Anna-Marta,0,3,3
Anna-Marte,0,3,3
Anna-Martina,0,3,3
Anna-Martine,0,3,3
Anna-Martje,0,3,3
Anna-Mas,0,3,3
Anna-Mascha,0,3,3
Anna-Mathia,0,3,3
Anna-Mathilda,0,3,3
Anna-Matou,0,3,3
Anna-Matthea,0,3,3
Anna-Mayrïs,0,3,3
Anna-Mei,0,3,3
Anna-Mein,0,3,3
Anna-Meintje,0,3,3
Anna-Merel,0,3,3
Anna-Mia,0,3,3
Anna-Micha,0,3,3
Anna-Mien,0,3,3
Anna-Miet,0,3,3
Anna-Mika,0,3,3
Anna-Milena,0,3,3
Anna-Mina,0,3,3
Anna-Minke,0,3,3
Anna-minke,0,3,3
Anna-Monica,0,3,3
Anna-Moo,0,3,3
Anna-My,0,3,3
Anna-Myrthe,0,3,3
Anna-Nadine,0,3,3
Anna-Naomi,0,3,3
Anna-Natascha,0,3,3
Anna-Neel,0,3,3
Anna-Nies,0,3,3
Anna-Niesje,0,3,3
Anna-Nine,0,3,3
Anna-Nóra,0,3,3
Anna-Nyira,0,3,3
Anna-Nynke,0,3,3
Anna-Olga,0,3,3
Anna-Palme,0,3,3
Anna-Paola,0,3,3
Anna-Périne,0,3,3
Anna-Perine,0,3,3
Anna-Puck,0,3,3
Anna-Rachel,0,3,3
Anna-Randa,0,3,3
Anna-Raquel,0,3,3
Anna-Regina,0,3,3
Anna-rein,0,3,3
Anna-Reino,0,3,3
Anna-Renate,0,3,3
Anna-Rens,0,3,3
Anna-Rica,0,3,3
Anna-Riekje,0,3,3
Anna-Rifka,0,3,3
Anna-Rikstje,0,3,3
Anna-Rins,0,3,3
Anna-Risse,0,3,3
Anna-Rivka,0,3,3
Anna-Robin,0,3,3
Anna-Roely,0,3,3
Anna-Romi,0,3,3
Anna-Rosalia,0,3,3
Anna-Rosja,0,3,3
Anna-Rozsa,0,3,3
Anna-Ruta,0,3,3
Anna-Saar,0,3,3
Anna-Sam,0,3,3
Anna-Saphyr,0,3,3
Anna-Sara,0,3,3
Anna-Sari,0,3,3
Anna-Seaske,0,3,3
Anna-Selie,0,3,3
Anna-Selma,0,3,3
Anna-Serissa,0,3,3
Anna-Sibel,0,3,3
Anna-Simon,0,3,3
Anna-Sira,0,3,3
Anna-Sofía,0,3,3
Anna-sofie,0,3,3
Anna-sophie,0,3,3
Anna-Spiegel,0,3,3
Anna-Stacey,0,3,3
Anna-stacia,0,3,3
Anna-Stacia,0,3,3
Anna-Stasia,0,3,3
Anna-Statia,0,3,3
Anna-Stella,0,3,3
Anna-Stesia,0,3,3
Anna-Su,0,3,3
Anna-Swaantje,0,3,3
Anna-Sylvia,0,3,3
Anna-Szofie,0,3,3
Anna-Telle,0,3,3
Anna-Teresa,0,3,3
Anna-Thalassa,0,3,3
Anna-Thea,0,3,3
Anna-Thérèse,0,3,3
Anna-Timina,0,3,3
Anna-Titia,0,3,3
Anna-Toni,0,3,3
Anna-Toos,0,3,3
Anna-Viënna,0,3,3
Anna-Villar,0,3,3
Anna-Viona,0,3,3
Anna-Vive,0,3,3
Anna-Wieke,0,3,3
Anna-Wies,0,3,3
Anna-Wietsche,0,3,3
Anna-Wietske,0,3,3
Anna-Wilhelmina,0,3,3
Anna-Wilhelmine,0,3,3
Anna-Yelena,0,3,3
Anna-Yolien,0,3,3
Anna-Zimra,0,3,3
Anna-Zippora,0,3,3
Anna-Zoë,0,3,3
Anna-Zwanie,0,3,3
Annaa,0,3,3
Annaart,3,0,3
Annabarta,0,3,3
Annabee,0,3,3
Annabel-Corinde,0,3,3
Annabel-Floor,0,3,3
Annabèle,0,3,3
Annabert,0,3,3
Annabeth-June,0,3,3
Annabets,0,3,3
Annabetta,0,3,3
Annabette,0,3,3
Annabien,0,3,3
Annablanche,0,3,3
Annabloem,0,3,3
Annabo,0,3,3
Annabouke,0,3,3
Annabrita,0,3,3
Annacarolina,0,3,3
Annacathrina,0,3,3
Annachande,0,3,3
Annachiara,0,3,3
Annachristy,0,3,3
Annacilia,0,3,3
Annaclaire,0,3,3
Annacletis,3,0,3
Annacoba,0,3,3
Annacornelia,0,3,3
Annacrista,0,3,3
Annadé,0,3,3
Annadea,0,3,3
Annadelle,0,3,3
Annadessa,0,3,3
Annadet,0,3,3
Annadevi,0,3,3
Annadi,0,3,3
Annadiek,0,3,3
Annadiene,0,3,3
Annadientje,0,3,3
Annadijne,0,3,3
Annadil,0,3,3
Annadir,3,0,3
Annadjey,0,3,3
Annadkumar,3,0,3
Annadoor,0,3,3
Annadorien,0,3,3
Annadus,3,0,3
Annady,0,3,3
Annadyn,0,3,3
Annaë,0,3,3
Annaé,0,3,3
Annae,0,3,3
Annafay,0,3,3
Annafe,0,3,3
Annaferron,0,3,3
Annafie,0,3,3
AnnaFleur,0,3,3
Annafra,0,3,3
Annafrancien,0,3,3
Annafrancisca,0,3,3
Annafranka,0,3,3
Annafrans,0,3,3
Annafride,0,3,3
Annafried,0,3,3
Annafrijke,0,3,3
AnnaFrouk,0,3,3
Annafy,0,3,3
Annagees,0,3,3
Annageet,0,3,3
Annagh,0,3,3
Annagilda,0,3,3
Annagrazia,0,3,3
Annagret,0,3,3
Annagrethe,0,3,3
Annah-Jola,0,3,3
Annah-Lee,0,3,3
Annah-Lys,0,3,3
Annahelena,0,3,3
Annahies,0,3,3
Annahil,0,3,3
Annahilda,0,3,3
Annahinke,0,3,3
Annahiyta,0,3,3
Annaïah,0,3,3
Annaïc,0,3,3
Annaida,0,3,3
Annaïk,0,3,3
Annaik,0,3,3
Annailee,0,3,3
Annaïnda,0,3,3
Annaïsha,0,3,3
Annaïssa,0,3,3
Annaïtza,0,3,3
Annajela,0,3,3
Annajet,0,3,3
Annajetske,0,3,3
Annajette,0,3,3
Annajohanna,0,3,3
Annajoy,0,3,3
Annajulia,0,3,3
Annajulie,0,3,3
Annakatharina,0,3,3
Annakaya,0,3,3
Annakee,0,3,3
Annakey,0,3,3
Annakha,0,3,3
Annakin,3,0,3
Annakisha,0,3,3
Annalau,0,3,3
Annalaure,0,3,3
Annalazise,0,3,3
Annaldus,3,0,3
AnnaLeah,0,3,3
Annaleeshee,0,3,3
Annalei,0,3,3
Annaleid,0,3,3
Annalenka,0,3,3
Annalica,0,3,3
Annalide,0,3,3
Annaliece,0,3,3
Annalied,0,3,3
Annaliene,0,3,3
Annalientje,0,3,3
Annalın,0,3,3
Annalinn,0,3,3
Annalira,0,3,3
Annalisha,0,3,3
Annalissa,0,3,3
Annalivia,0,3,3
Annaliya,0,3,3
Annaliyah,0,3,3
Annaloet,0,3,3
Annaloor,0,3,3
Annalotje,0,3,3
Annaloupè,0,3,3
Annaloussa,0,3,3
Annalu,0,3,3
Annalua,0,3,3
Annalusa,0,3,3
Annaly-Rya,0,3,3
Annalycia,0,3,3
Annalynne,0,3,3
Annalys,0,3,3
Annalysa,0,3,3
Annama,0,3,3
Annamaaike,0,3,3
Annamaartje,0,3,3
Annamagareta,3,0,3
Annamaij,0,3,3
Annamaike,0,3,3
Annamaj,0,3,3
Annamarchien,0,3,3
Annamare,0,3,3
Annamarein,0,3,3
Annamarejan,0,3,3
Annamarel,0,3,3
AnnaMaria,0,3,3
Annamária,0,3,3
Annamariek,0,3,3
Annamariet,0,3,3
Annamarike,0,3,3
Annamario,0,3,3
Annamaris,0,3,3
Annamarise,0,3,3
Annamariska,0,3,3
Annamarleen,0,3,3
Annamartha,0,3,3
AnnaMary,0,3,3
Annamarye,0,3,3
Annamaui,0,3,3
Annamée,0,3,3
Annamee,0,3,3
AnnaMei,0,3,3
Annameis,0,3,3
Annamela,0,3,3
Annamelia,0,3,3
Annamenke,0,3,3
Annamerie,0,3,3
Annamerlijn,0,3,3
Annamientje,0,3,3
Annamijne,0,3,3
Annamijntje,0,3,3
Annamina,0,3,3
Annaminke,0,3,3
Annamirella,0,3,3
Annamona,0,3,3
Annamone,0,3,3
Annamora,0,3,3
Annamy,0,3,3
Annandiea,0,3,3
Annandperkash,3,0,3
Annandus,3,0,3
Annandwatie,0,3,3
Annanet,0,3,3
Annanietje,0,3,3
Annanis,0,3,3
Annanitta,0,3,3
Annanka,0,3,3
Annanova,0,3,3
Annantweef,3,0,3
Annanuscha,0,3,3
Annapacha,0,3,3
Annapalona,0,3,3
Annapaulina,0,3,3
Annapetra,0,3,3
Annapurnadevi,0,3,3
Annar,3,0,3
Annaraj,0,3,3
Annarda,0,3,3
Annardo,3,0,3
Annardus,3,0,3
Annarein,0,3,3
Annareintje,0,3,3
Annaréka,0,3,3
Annaria,0,3,3
Annarije,0,3,3
Annarijke,0,3,3
Annarins,0,3,3
Annarinz,0,3,3
Annaritha,0,3,3
Annarixste,0,3,3
Annarixt,0,3,3
Annarjis,0,3,3
Annaroel,0,3,3
Annarommy,0,3,3
Annarossa,0,3,3
Annaroze,0,3,3
Annaruth,0,3,3
Anñary,0,3,3
Annasdochter,0,3,3
Annasea,0,3,3
Annaselta,0,3,3
Annasha,0,3,3
Annashireen,0,3,3
Annasien,0,3,3
Annasiet,0,3,3
Annasieta,0,3,3
AnnaSimon,0,3,3
Annasimona,0,3,3
Annasofhia,0,3,3
AnnaSophia,0,3,3
Annasophie,0,3,3
Annasr,3,0,3
Annastachia,0,3,3
Annastacius,3,0,3
Annastacya,0,3,3
Annastansius,3,0,3
Annastas,3,0,3
Annastascha,0,3,3
Annastasha,0,3,3
Annastasiya,0,3,3
Annastassia,0,3,3
Annastatié,0,3,3
Annastecia,0,3,3
Annastenia,0,3,3
Annastesia,0,3,3
Annastien,0,3,3
Annaszoon,3,0,3
Annat,0,3,3
Annata,0,3,3
Annatal,0,3,3
Annatalja,0,3,3
Annatania,0,3,3
Annatascha,0,3,3
Annatasha,0,3,3
Annatefka,0,3,3
Annathalia,0,3,3
Annathaly,0,3,3
Annathea,3,0,3
Annatheadora,0,3,3
Annatheresia,0,3,3
Annatien,0,3,3
Annatin,0,3,3
Annatina,0,3,3
Annatjan,3,0,3
Annatole,3,0,3
Annatollina,0,3,3
Annatonia,0,3,3
Annauchka,0,3,3
Annauk,0,3,3
Annavalentina,3,0,3
AnnaVera,0,3,3
Annawiek,0,3,3
Annawiet,0,3,3
Annawietske,0,3,3
Annawijke,0,3,3
Annaylis,0,3,3
Annayula,0,3,3
Annaz,0,3,3
Annazulia,0,3,3
Annchi,0,3,3
Anncritia,0,3,3
Anncy,0,3,3
Anne-,0,3,3
Anne-Aafje,0,3,3
Anne-Aafke,0,3,3
Anne-Abigail,0,3,3
Anne-Adé,0,3,3
Anne-Adriane,0,3,3
Anne-Akke,0,3,3
Anne-Albert,3,0,3
Anne-Alexander,3,0,3
Anne-Alice,0,3,3
Anne-Alicia,0,3,3
Anne-Alissa,0,3,3
Anne-Antonia,0,3,3
Anne-Antonio,3,0,3
Anne-Ardina,0,3,3
Anne-Arend,3,0,3
Anne-Aurore,0,3,3
Anne-Averil,0,3,3
Anne-Aymone,0,3,3
Anne-Bab,0,3,3
Anne-Babette,0,3,3
Anne-Barth,0,3,3
Anne-Bartje,0,3,3
Anne-Bas,3,0,3
Anne-Batice,0,3,3
Anne-Baue,0,3,3
Anne-Bauke,3,0,3
Anne-Bédieke,0,3,3
Anne-Beeuwke,0,3,3
Anne-Beitske,0,3,3
Anne-Béke,0,3,3
Anne-Belia,0,3,3
Anne-Bella,0,3,3
Anne-belle,0,3,3
Anne-Bénédicte,0,3,3
Anne-Berdien,0,3,3
Anne-berit,0,3,3
Anne-Bernadine,0,3,3
Anne-Bernice,0,3,3
Anne-Berthus,3,0,3
Anne-Bertien,0,3,3
Anne-Bertine,0,3,3
Anne-Betske,0,3,3
Anne-Birth,0,3,3
Anne-Birthe,0,3,3
Anne-Bodine,0,3,3
Anne-Bouke,3,0,3
Anne-Boukje,0,3,3
Anne-Brechje,0,3,3
Anne-Brit,0,3,3
Anne-Britte,0,3,3
Anne-Caithlyn,0,3,3
Anne-Carmen,0,3,3
Anne-Carolijn,0,3,3
Anne-Cateau,0,3,3
Anne-Cathelijn,0,3,3
Anne-Cathrien,0,3,3
Anne-Céline,0,3,3
Anne-Charlot,0,3,3
Anne-Chiel,3,0,3
Anne-Christa,0,3,3
Anne-Christel,0,3,3
Anne-Christi,0,3,3
Anne-Christianne,0,3,3
Anne-Christie,0,3,3
Anne-Christine-Fokelein,0,3,3
Anne-Claar,0,3,3
Anne-Clara,0,3,3
Anne-Clarisse,0,3,3
Anne-co,0,3,3
Anne-Colette,0,3,3
Anne-Cor,3,0,3
Anne-corienne,0,3,3
Anne-Corina,0,3,3
Anne-Cornelie,0,3,3
Anne-Cornelis,3,0,3
Anne-Cornelius,3,0,3
Anne-Cristine,0,3,3
Anne-Daan,3,0,3
Anne-Daniël,3,0,3
Anne-Danielle,0,3,3
Anne-David,3,0,3
Anne-Davida,0,3,3
Anne-Dee,0,3,3
Anne-Dian,0,3,3
Anne-Diemer,3,0,3
Anne-dien,0,3,3
Anne-Dienke,0,3,3
Anne-Dies,0,3,3
Anne-Diet,0,3,3
Anne-Dieuw,0,3,3
Anne-Dignate,0,3,3
Anne-dirk,3,0,3
Anne-Dolores,0,3,3
Anne-Door,0,3,3
Anne-Doreen,0,3,3
Anne-Dorein,0,3,3
Anne-Dorien,0,3,3
Anne-Dorine,0,3,3
Anne-Douwe,3,0,3
Anne-Durk,3,0,3
Anne-Dymph,0,3,3
Anne-Eef,0,3,3
Anne-Eliese,0,3,3
Anne-Elisa,0,3,3
Anne-elize,0,3,3
Anne-Ell,0,3,3
Anne-Elle,0,3,3
Anne-elle,0,3,3
Anne-Elsbeth,0,3,3
Anne-Emmeline,0,3,3
Anne-Emmelyne,0,3,3
Anne-Erin,0,3,3
Anne-Ernestine,0,3,3
Anne-Esli,0,3,3
Anne-Esmee,0,3,3
Anne-Esther,0,3,3
Anne-Eveline,0,3,3
Anne-Everdien,0,3,3
Anne-Faith,0,3,3
Anne-Fatu,0,3,3
Anne-Fauve,0,3,3
Anne-Feikje,0,3,3
Anne-Felice,0,3,3
Anne-Félice,0,3,3
Anne-Femme,0,3,3
Anne-Fiena,0,3,3
Anne-Fieneke,0,3,3
Anne-Fleurtje,0,3,3
Anne-Floortje,0,3,3
Anne-Florance,0,3,3
Anne-Florente,0,3,3
Anne-Florieke,0,3,3
Anne-Florijn,0,3,3
Anne-Floriske,0,3,3
Anne-Foek,0,3,3
Anne-Foekje,0,3,3
Anne-Fokelien,0,3,3
Anne-Fokje,0,3,3
Anne-Fooke,0,3,3
Anne-Foppe,3,0,3
Anne-Frances,0,3,3
Anne-Francina,0,3,3
Anne-François,3,0,3
Anne-Françoise,0,3,3
Anne-Franka,0,3,3
Anne-Frans,0,3,3
Anne-Fransje,0,3,3
Anne-Freda,0,3,3
Anne-Frede,0,3,3
Anne-Frederiek,0,3,3
Anne-Frederieke,0,3,3
Anne-Frederika,0,3,3
Anne-Freek,3,0,3
Anne-Freeke,0,3,3
Anne-Freerkje,0,3,3
Anne-Frens,0,3,3
Anne-Frijke,0,3,3
Anne-Frouck,0,3,3
Anne-froukje,0,3,3
Anne-Frouwk,0,3,3
Anne-Geer,0,3,3
Anne-geert,3,0,3
Anne-Geertrui,0,3,3
Anne-Geertruida,0,3,3
Anne-Geja,0,3,3
Anne-Gera,0,3,3
Anne-Gérardine,0,3,3
Anne-Gérie,0,3,3
Anne-Gerrigje,0,3,3
Anne-Gerte,0,3,3
Anne-Ghita,0,3,3
Anne-gien,0,3,3
Anne-Gienke,0,3,3
Anne-Giesje,0,3,3
Anne-Gitte,0,3,3
Anne-Goaitske,0,3,3
Anne-Gon,0,3,3
Anne-Gonde,0,3,3
Anne-Grada,0,3,3
Anne-gré,0,3,3
Anne-Greetje,0,3,3
Anne-Grete,0,3,3
Anne-Greth,0,3,3
Anne-Gryt,0,3,3
Anne-Guda,0,3,3
Anne-Gwen,0,3,3
Anne-Harm,3,0,3
Anne-Heep,0,3,3
Anne-Heleen,0,3,3
Anne-Helena,0,3,3
Anne-Henk,3,0,3
Anne-Henny,0,3,3
Anne-Henriette,0,3,3
Anne-Hermine,0,3,3
Anne-Herrye,0,3,3
Anne-Hil,0,3,3
Anne-Hille,3,0,3
Anne-Hiltsje,0,3,3
Anne-Hiske,0,3,3
Anne-Huig,3,0,3
Anne-Hylkje,0,3,3
Anne-Ilana,0,3,3
Anne-Ilse,0,3,3
Anne-Indira,0,3,3
Anne-Inez,0,3,3
Anne-Inge,0,3,3
Anne-Ingel,0,3,3
Anne-Irene,0,3,3
Anne-Jaantje,0,3,3
Anne-Jaap,3,0,3
Anne-Jacqueline,0,3,3
Anne-Jacques,3,0,3
Anne-Jaël,0,3,3
Anne-jan,3,0,3
Anne-Janiek,0,3,3
Anne-Janique,0,3,3
Anne-Janneke,0,3,3
Anne-Jannetje,0,3,3
Anne-Jannieke,0,3,3
Anne-Jant,0,3,3
Anne-Jantina,0,3,3
Anne-Jantine,0,3,3
Anne-Jent,3,0,3
Anne-Jente,0,3,3
Anne-Jeppe,3,0,3
Anne-Jes,0,3,3
Anne-Jeth,0,3,3
Anne-Jetta,0,3,3
Anne-Jifke,0,3,3
Anne-Jitske,0,3,3
Anne-Joëll,0,3,3
Anne-Joèlle,0,3,3
Anne-Johan,3,0,3
Anne-johan,3,0,3
Anne-Joleen,0,3,3
Anne-Joleyn,0,3,3
Anne-Jolien,0,3,3
Anne-Joren,3,0,3
Anne-Jorn,3,0,3
Anne-Jos,3,0,3
Anne-Josefine,0,3,3
Anne-Josine,0,3,3
Anne-joske,0,3,3
Anne-Jouke,3,0,3
Anne-Joyce,0,3,3
Anne-Jozé,0,3,3
Anne-Juliette,0,3,3
Anne-Jurjen,3,0,3
Anne-Jurna,0,3,3
Anne-kai,0,3,3
Anne-Kai,0,3,3
Anne-Karijn,0,3,3
Anne-Katelijne,0,3,3
Anne-Käthe,0,3,3
Anne-Katherine,0,3,3
Anne-Kathleen,0,3,3
Anne-Katrene,0,3,3
Anne-Ké,0,3,3
Anne-Kees,3,0,3
Anne-Kimm,0,3,3
Anne-Klare,0,3,3
Anne-Klasien,0,3,3
Anne-Klazien,0,3,3
Anne-Koop,3,0,3
Anne-Koosje,0,3,3
Anne-Krijn,3,0,3
Anne-Krista,0,3,3
Anne-Kristie,0,3,3
Anne-Kristy,0,3,3
Anne-Lammert,3,0,3
Anne-Lara,0,3,3
Anne-Lauréna,0,3,3
Anne-Laurènce,0,3,3
Anne-Laurette,0,3,3
Anne-Laurine,0,3,3
Anne-leen,0,3,3
Anne-Leendert,3,0,3
Anne-Leentje,0,3,3
Anne-Leigh,0,3,3
Anne-lenore,0,3,3
Anne-Leon,3,0,3
Anne-Leona,0,3,3
Anne-Let,0,3,3
Anne-Lethitia,0,3,3
Anne-Ley,0,3,3
Anne-Liane,0,3,3
Anne-lie,0,3,3
Anne-Lied,0,3,3
Anne-Lief,0,3,3
Anne-Liek,0,3,3
Anne-lieke,0,3,3
Anne-Liene,0,3,3
Anne-lies,0,3,3
Anne-liese,3,0,3
Anne-Liet,0,3,3
Anne-Lieuwkje,0,3,3
Anne-Lieva,0,3,3
Anne-Liline,0,3,3
Anne-Lina,0,3,3
Anne-Linda,0,3,3
Anne-Lindy,0,3,3
Anne-Line,0,3,3
Anne-Linette,0,3,3
Anne-Linka,0,3,3
Anne-Lique,0,3,3
Anne-Lis,0,3,3
Anne-Liselotte,0,3,3
Anne-Lisette,0,3,3
Anne-Livia,0,3,3
Anne-Liyah,0,3,3
Anne-Líze,0,3,3
Anne-Lizz,0,3,3
Anne-Lobke,0,3,3
Anne-Lodewijk,3,0,3
Anne-Loed,3,0,3
Anne-Loek,0,3,3
Anne-loes,0,3,3
Anne-Loese,0,3,3
Anne-Loesje,0,3,3
Anne-Loïsah,0,3,3
Anne-Loïse,0,3,3
Anne-Lokke,0,3,3
Anne-Lomé,0,3,3
Anne-lothe,0,3,3
Anne-Lotta,0,3,3
Anne-Lotthe,0,3,3
Anne-Louisa,0,3,3
Anne-louise,0,3,3
Anne-Luce,0,3,3
Anne-luce,0,3,3
Anne-Ludovica,0,3,3
Anne-Luka,0,3,3
Anne-Luke,3,0,3
Anne-Luna,0,3,3
Anne-Lune,0,3,3
Anne-luuk,0,3,3
Anne-Luus,0,3,3
Anne-Ly,0,3,3
Anne-Lycke,0,3,3
Anne-Lyda,0,3,3
Anne-Lynise,0,3,3
Anne-Lynne,0,3,3
Anne-lys,0,3,3
Anne-Lyssa,0,3,3
Anne-Maart,0,3,3
Anne-maartje,0,3,3
Anne-Machteld,0,3,3
Anne-Madée,0,3,3
Anne-mae,0,3,3
Anne-Maeike,0,3,3
Anne-Magriet,0,3,3
Anne-Maij,0,3,3
Anne-maj,0,3,3
Anne-Maja,0,3,3
Anne-Majorie,0,3,3
Anne-Mandy,0,3,3
Anne-Mania,0,3,3
Anne-Marcel,3,0,3
Anne-Mardien,0,3,3
Anne-Mareen,0,3,3
Anne-Mareille,0,3,3
Anne-Márel,0,3,3
Anne-Marèll,0,3,3
Anne-Marell,0,3,3
Anne-Maren,0,3,3
Anne-Marg,0,3,3
Anne-Margaret,0,3,3
Anne-Margarete,0,3,3
Anne-Margareth,0,3,3
Anne-Margarethe,0,3,3
Anne-Margerethe,0,3,3
Anne-Margit,0,3,3
Anne-Margré,0,3,3
Anne-Margretha,0,3,3
Anne-Margrethe,0,3,3
Anne-Margrietha,0,3,3
Anne-Maria-Aimée,0,3,3
Anne-Marian,0,3,3
Annè-Marie,0,3,3
Anne-Marié,0,3,3
Anne-Marie-François,0,3,3
Anne-Mariecke,0,3,3
Anne-Mariek,0,3,3
Anne-marieke,0,3,3
Anne-Marieken,0,3,3
Anne-Mariet,0,3,3
Anne-Marietje,0,3,3
Anne-Marija,0,3,3
Anne-marijke,0,3,3
Anne-marijn,0,3,3
Anne-Marijntje,0,3,3
Anne-Marijs,0,3,3
Anne-Marilva,0,3,3
Anne-Marilyn,0,3,3
Anne-Marin,0,3,3
Anne-Marinda,0,3,3
Anne-Marinus,3,0,3
Anne-Marisa,0,3,3
Anne-Marissa,0,3,3
Anne-marith,0,3,3
Anne-Marius,3,0,3
Anne-Marja,0,3,3
Anne-Marjan,0,3,3
Anne-marjet,0,3,3
Anne-Marjolie,0,3,3
Anne-marleen,0,3,3
Anne-Marlene,0,3,3
Anne-Marrije,0,3,3
Anne-Marryn,0,3,3
Anne-Marten,3,0,3
Anne-marthe,0,3,3
Anne-Martiene,0,3,3
Anne-Martin,3,0,3
Anne-Maryska,0,3,3
Anne-Mat,0,3,3
Anne-Mathée,0,3,3
Anne-Maties,3,0,3
Anne-Maxime,0,3,3
Anne-Mayla,0,3,3
Anne-Mé,0,3,3
Anne-Meaya,0,3,3
Anne-Mechteld,0,3,3
Anne-Mée,0,3,3
Anne-Meede,0,3,3
Anne-mei,0,3,3
Anne-Meijke,0,3,3
Anne-meijn,0,3,3
Anne-meike,0,3,3
Anne-meine,0,3,3
Anne-Meinke,0,3,3
Anne-Melanie,0,3,3
Anne-Melie,0,3,3
Anne-Melijn,0,3,3
Anne-Ment,0,3,3
Anne-mer,0,3,3
Anne-Merei,0,3,3
Anne-Merette,0,3,3
Anne-Merit,0,3,3
Anne-Metje,0,3,3
Anne-Meya,0,3,3
Anne-Mia,0,3,3
Anne-Michael,3,0,3
Anne-Michel,0,3,3
Anne-Mie,0,3,3
Anne-mie,0,3,3
Anne-Mihr,0,3,3
Anne-Mike,0,3,3
Anne-Mil,0,3,3
Anne-Mink,3,0,3
Anne-Mique,0,3,3
Anne-Mir,0,3,3
Anne-Mireille,0,3,3
Anne-Mirjam,0,3,3
Anne-Mischa,0,3,3
Anne-Molle,3,0,3
Anne-mone,0,3,3
Anne-Monica,0,3,3
Anne-moon,0,3,3
Anne-Morice,0,3,3
Anne-mui,0,3,3
Anne-Murk,3,0,3
Anne-My,0,3,3
Anne-Myra,0,3,3
Anne-Nadine,0,3,3
Anne-Nele,0,3,3
Anne-Nell,0,3,3
Anne-Nico,3,0,3
Anne-Nicolien,0,3,3
Anne-Niekolai,3,0,3
Anne-Nienke,0,3,3
Anne-Niesje,0,3,3
Anne-Nina,0,3,3
Anne-Noël,0,3,3
Anne-Noep,0,3,3
Anne-Noortje,0,3,3
Anne-Nore,0,3,3
Anne-Nycke,0,3,3
Anne-Otto,3,0,3
Anne-Paulina,0,3,3
Anne-Peet,0,3,3
Anne-Per,3,0,3
Anne-Phebe,0,3,3
Anne-Phine,0,3,3
Anne-Pia,0,3,3
Anne-Pie,0,3,3
Anne-Pieta,0,3,3
Anne-Pleun,0,3,3
Anne-pytsje,0,3,3
Anne-Quinn,0,3,3
Anne-Quirine,0,3,3
Anne-Remke,0,3,3
Anne-René,0,3,3
Anne-Renee,0,3,3
Anne-Renke,3,0,3
Anne-Reul,0,3,3
Anne-Rhodé,0,3,3
Anne-Rianke,0,3,3
Anne-Rich,0,3,3
Anne-Richelle,0,3,3
Anne-Riemke,0,3,3
Anne-Rigt,0,3,3
Anne-Rigtje,0,3,3
Anne-Rika,0,3,3
Anne-Rim,0,3,3
Anne-Rins,0,3,3
Anne-rins,0,3,3
Anne-Rinske,0,3,3
Anne-Rita,0,3,3
Anne-Rochandra,0,3,3
Anne-Roelof,3,0,3
Anne-Rolien,0,3,3
Anne-Rolijn,0,3,3
Anne-Roma,0,3,3
Anne-Romé,0,3,3
Anne-Romijn,0,3,3
Anne-Romine,0,3,3
Anne-Romy,0,3,3
Anne-Ron,0,3,3
Anne-Roosje,0,3,3
Anne-Rosalinde,0,3,3
Anne-Rosan,0,3,3
Anne-rose,0,3,3
Anne-Rosemarie,0,3,3
Anne-Rudie,3,0,3
Anne-Ruthi,0,3,3
Anne-Ruurd,3,0,3
Anne-Sacha,0,3,3
Anne-Sam,0,3,3
Anne-Sander,3,0,3
Anne-Saou,0,3,3
Anne-Sara,0,3,3
Anne-Sare,0,3,3
Anne-Sarita,0,3,3
Anne-Seaske,0,3,3
Anne-Selma,0,3,3
Anne-Shanti,0,3,3
Anne-Siebren,3,0,3
Anne-Siep,0,3,3
Anne-Siete,3,0,3
Anne-Siets,0,3,3
Anne-Sifra,0,3,3
Anne-Sjoe,0,3,3
Anne-Sjoeke,0,3,3
Anne-Sjoukje,0,3,3
Anne-Soesja,0,3,3
Anne-Sofieke,0,3,3
Anne-Solaine,0,3,3
Anne-Sou,0,3,3
Anne-Suze,0,3,3
Anne-Syt,0,3,3
Anne-Tess,0,3,3
Anne-Theo,3,0,3
Anne-Thérese,0,3,3
Anne-Therese,0,3,3
Anne-Thijs,3,0,3
Anne-Ties,3,0,3
Anne-Til,0,3,3
Anne-Tim,3,0,3
Anne-Titsia,0,3,3
Anne-Tjeerd,3,0,3
Anne-Tonny,0,3,3
Anne-Tooske,0,3,3
Anne-Tosca,0,3,3
Anne-Trije,0,3,3
Anne-Trui,0,3,3
Anne-Truus,0,3,3
Anne-Tsjerk,3,0,3
Anne-Valérie,0,3,3
Anne-Veerle,0,3,3
Anne-Vibeke,0,3,3
Anne-Vie,0,3,3
Anne-Vrouwk,0,3,3
Anne-Wen,0,3,3
Anne-Wicher,3,0,3
Anne-Wieb,3,0,3
Anne-Wien,0,3,3
Anne-Wiep,0,3,3
Anne-Wietje,0,3,3
Anne-Wietse,3,0,3
Anne-Wija,0,3,3
Anne-Wijbe,3,0,3
Anne-Wijn,0,3,3
Anne-Wijtske,0,3,3
Anne-Wikje,0,3,3
Anne-Wilh,0,3,3
Anne-Wilhelmina,0,3,3
Anne-Willy,0,3,3
Anne-Wina,0,3,3
Anne-Woltera,0,3,3
Anne-Wouter,3,0,3
Anne-Wytske,0,3,3
Anne-Yeska,0,3,3
Anne-Yitske,0,3,3
Anne-Yt,0,3,3
Anne-Yve,0,3,3
Anne-Yvonn,0,3,3
Anne-Ziza,0,3,3
Anne-Zus,0,3,3
Anneas,3,0,3
Annebea,0,3,3
AnneBeau,0,3,3
Annebelle-Louise,0,3,3
Annebente,0,3,3
Annebenthe,0,3,3
Anneberbe,0,3,3
Anneberte,0,3,3
Anneberth,0,3,3
Annebertha,0,3,3
Annebeth-Hilda,0,3,3
Annebetje,0,3,3
Annebetta,0,3,3
Annebette,0,3,3
Annebettje,0,3,3
Annebiene,0,3,3
Annebijn,0,3,3
Annebo,0,3,3
Annebob,0,3,3
Annebou,0,3,3
Annebouke,0,3,3
Annebrechtje,0,3,3
Annebreg,0,3,3
Annebregje,0,3,3
Annebrigt,0,3,3
Annebrytt,0,3,3
Annecarlien,0,3,3
Annecarlijn,0,3,3
Annecatrien,0,3,3
Anneceti,3,0,3
Annechia,0,3,3
Annechiên,0,3,3
Annechienis,3,0,3
Annecho,0,3,3
Annechrista,0,3,3
Annechristi,0,3,3
Annechristie,0,3,3
AnneChristina,0,3,3
Annechyn,0,3,3
Annecita,0,3,3
AnneClair,0,3,3
AnneClaire,0,3,3
Anneclairé,0,3,3
Annecleto,3,0,3
Annecletus,3,0,3
Annecoba,0,3,3
Annecoos,0,3,3
Annecora,0,3,3
Annecy,0,3,3
Annedaan,0,3,3
Annedet,0,3,3
Annedette,0,3,3
Annedi,0,3,3
Annediek,0,3,3
Annediene,0,3,3
Annedies,0,3,3
Annediet,0,3,3
Annedirka,0,3,3
Annedirkje,0,3,3
Annedit,0,3,3
Annedith,0,3,3
Annedoreen,0,3,3
Annedotte,0,3,3
Annedyn,0,3,3
Annéé,3,0,3
Annefé,0,3,3
Annefee,0,3,3
Annefelicia,0,3,3
Annefem,0,3,3
Annefenna,0,3,3
Annefeye,3,0,3
Annefiena,0,3,3
Annefij,0,3,3
Annefleurine,0,3,3
Anneflien,0,3,3
Annefoekje,0,3,3
Annefrank,0,3,3
Annefré,0,3,3
Annefride,0,3,3
Annefrouke,0,3,3
Annefroukje,0,3,3
Annegaaike,0,3,3
Annege,0,3,3
Annegeerte,0,3,3
Annegeeth,0,3,3
Annegem,0,3,3
Annegéra,0,3,3
Annegerda,0,3,3
Annegerdina,0,3,3
Annegfried,0,3,3
Annegia,0,3,3
Annegielke,0,3,3
Annegieneke,0,3,3
Annegies,0,3,3
Annegijn,0,3,3
Annegineke,0,3,3
Annegines,3,0,3
Annegmond,3,0,3
Annegon,0,3,3
Annegonde,0,3,3
Annegonne,0,3,3
Annegrèd,0,3,3
Annegred,0,3,3
Annegree,0,3,3
Annegrieta,0,3,3
Annegritt,0,3,3
Anneguste,0,3,3
Annegwen,0,3,3
Annehanne,0,3,3
Annehen,0,3,3
Annehette,0,3,3
Annehilda,0,3,3
Anneïs,0,3,3
Anneis,0,3,3
Anneïse,0,3,3
Anneitta,0,3,3
Anneja,0,3,3
Annejaap,3,0,3
Annejacoba,0,3,3
Annejanke,0,3,3
Annejans,0,3,3
Annejantje,3,0,3
Annejasmijn,0,3,3
Annejel,0,3,3
Annejela,0,3,3
Annejelle,0,3,3
Annejes,0,3,3
Annejetske,0,3,3
Annejikke,0,3,3
Annejolein,0,3,3
Annejolie,0,3,3
Annejolien,0,3,3
Annejomienke,0,3,3
Annejoon,0,3,3
Annejoosje,0,3,3
Annejop,0,3,3
Annejore,0,3,3
Annejorieke,0,3,3
Annejort,3,0,3
Annejos,0,3,3
Annejosé,0,3,3
Annejotte,0,3,3
Anneka,0,3,3
Annekarin,0,3,3
Annekatharina,0,3,3
Annekatrientje,0,3,3
Annekatrine,0,3,3
Annekay,0,3,3
Anneke-Karin,0,3,3
Anneke-Margreet,0,3,3
Anneke-Marina,0,3,3
Annekée,0,3,3
AnneKee,0,3,3
Annekees,3,0,3
Annekéké,0,3,3
Annekelieni,0,3,3
Annekelynn,0,3,3
Anneketeun,0,3,3
Annekia,0,3,3
Annekke,0,3,3
Anneklaar,0,3,3
Anneklaas,3,0,3
Anneklara,0,3,3
Annekona,0,3,3
Annekris,0,3,3
Annekyra,0,3,3
Annél,0,3,3
Annela,0,3,3
Annelain,0,3,3
Annelaisa,0,3,3
Annelaisha,0,3,3
Annelara,0,3,3
Annelau,0,3,3
Annelea,0,3,3
Anneleah,0,3,3
Anneleida,0,3,3
Anneleigh,0,3,3
Anneleijne,0,3,3
Annelen,0,3,3
Annélène,0,3,3
Anneléne,0,3,3
Anneleonie,0,3,3
Annelett,0,3,3
Anneletta,0,3,3
Anneleun,0,3,3
Anneley,0,3,3
Anneleyn,0,3,3
Anneleyne,0,3,3
Annelí,0,3,3
Annelicia,0,3,3
Annelide,0,3,3
Annelidy,0,3,3
Anneliedje,0,3,3
Annélien,0,3,3
Annelieneke,0,3,3
Annelies-Jacoba,0,3,3
Annelies-Jeanet,0,3,3
AnneLiese,0,3,3
Anneliesz,3,0,3
Annelietje,0,3,3
Annelieza,0,3,3
Anneliezebeth,0,3,3
Annelijda,0,3,3
Annelije,0,3,3
Annelima,0,3,3
Annelinne,0,3,3
Annelisabeth,0,3,3
Anneliselotte,0,3,3
Annelisette,0,3,3
Annelishia,0,3,3
Annelisse,0,3,3
Annelivia,0,3,3
Anneliyah,0,3,3
Annell,0,3,3
Annèlle,0,3,3
Annelli,0,3,3
Annellina,0,3,3
Annelo,0,3,3
Anneloeska,0,3,3
Anneloeske,0,3,3
Anneloire,0,3,3
Anneloïse,0,3,3
Annelonca,0,3,3
Annelore-Henriëtte-Alma,0,3,3
Annelotta,0,3,3
Annelouc,0,3,3
Annelouis,0,3,3
Annelouisa,0,3,3
AnneLouise,0,3,3
Annelua,0,3,3
Anneluca,0,3,3
Annelude,0,3,3
Anneluus,0,3,3
Anneluut,0,3,3
Annelycke,0,3,3
Annelyde,0,3,3
Annelyne,0,3,3
Annelyt,0,3,3
Annem,0,3,3
Annemaaijke,0,3,3
Annemaatje,0,3,3
Annemaayke,0,3,3
Annemachteld,0,3,3
Annemagneta,0,3,3
Annemagriet,0,3,3
Annemaij,0,3,3
Annemaijke,0,3,3
Annemaike,0,3,3
Annemais,0,3,3
Annemaja,0,3,3
Anneman,0,3,3
Annemap,0,3,3
Annemareé,0,3,3
Annemarei,0,3,3
Annemaret,0,3,3
Annemareyn,0,3,3
Annemargaritha,0,3,3
Annemargien,0,3,3
Annemargje,0,3,3
Annemargo,0,3,3
Annemargré,0,3,3
Annemargreeth,0,3,3
Annemarian,0,3,3
Annemaricke,0,3,3
Annemarië,0,3,3
Annemárie,0,3,3
AnneMarie,0,3,3
Annemarie-Alexandra,0,3,3
Annemarie-Christien,0,3,3
Annemarie-Christine,0,3,3
Annemarie-Josee,0,3,3
Annemarie-Kristine,0,3,3
Annemarie-Margareet,0,3,3
Annemarie-Martina,0,3,3
Annemarie-Sofie,0,3,3
Annemarie-Sophie,0,3,3
Annemarieka,0,3,3
Annemarije-Renske,0,3,3
AnneMarijne,0,3,3
Annemarijntje,0,3,3
Annemarijtje,0,3,3
Annemarika,0,3,3
Annemarina,0,3,3
Annemarion,0,3,3
Annemaris,3,0,3
Annemarithe,0,3,3
Annemarjet,0,3,3
Annemarjolijn,0,3,3
Annemark,3,0,3
Annemarle,0,3,3
Annemarlien,0,3,3
Annemarloes,0,3,3
Annemarlotte,0,3,3
Annemarly,0,3,3
Annemaroes,0,3,3
Annemaron,0,3,3
Annemarrij,0,3,3
Annemarrit,0,3,3
Annemarry,0,3,3
Annemartha,0,3,3
Annemartijntje,0,3,3
Annematt,0,3,3
AnneMaud,0,3,3
Annemaus,0,3,3
Annemaxwell,3,0,3
Annemáy,0,3,3
AnneMay,0,3,3
Annemayke,0,3,3
Annemea,0,3,3
Annemech,0,3,3
Annemedite,0,3,3
Annemeij,0,3,3
Annemeije,0,3,3
Annemeijs,0,3,3
Annemeik,0,3,3
Annemeintje,0,3,3
Annemenke,0,3,3
Annement,0,3,3
Annemerike,0,3,3
Annemetje,0,3,3
AnneMichèle,0,3,3
Annemieck,0,3,3
Annemiek-Louise,0,3,3
Annemieke-Helena,0,3,3
Annemieke-Marije,0,3,3
Annemienke,0,3,3
Annemiep,0,3,3
Annemieque,0,3,3
Annemiet,0,3,3
Annemijne-Bo,0,3,3
Annemijs,0,3,3
Annemik,0,3,3
Annemikki,0,3,3
Annemilea,0,3,3
Annemime,0,3,3
Annemint,0,3,3
Annemirel,0,3,3
Annemirije,0,3,3
Annemirre,0,3,3
Annemirte,0,3,3
Annemonaliza,0,3,3
Annemonique,0,3,3
Annemoontje,0,3,3
Annemoor,0,3,3
Annemrie,0,3,3
Annemylde,0,3,3
Annemyne,0,3,3
Annemyntje,0,3,3
Annemyrte,0,3,3
Annend,3,0,3
Annéné,0,3,3
Anneneeltje,0,3,3
Annenell,0,3,3
Annenette,0,3,3
Anneniesje,0,3,3
Annenine,0,3,3
Annenora,0,3,3
Annephie,0,3,3
Annepieta,0,3,3
Annepietje,0,3,3
Annepuck,0,3,3
Annequirine,0,3,3
Annequit,0,3,3
Annera,0,3,3
Anneree,0,3,3
Annereen,0,3,3
Annerei,0,3,3
Anneremkje,0,3,3
Annerene,0,3,3
Annerenée,0,3,3
Annerenske,0,3,3
Annerica,0,3,3
Annerice,0,3,3
Anneriche,0,3,3
Annericht,0,3,3
Annerick,3,0,3
Anneriekje,0,3,3
Anneriena,0,3,3
Anneries,0,3,3
Anneriete,0,3,3
Anneriëtte,0,3,3
Annerim,0,3,3
Annerina,0,3,3
Annerino,3,0,3
Annerinska,0,3,3
Annerinus,3,0,3
Annerisca,0,3,3
Annerise,0,3,3
AnneRixt,0,3,3
AnnerJan,3,0,3
Annerl,0,3,3
Annerle,0,3,3
Annero,0,3,3
Anneroce,0,3,3
Anneroelof,3,0,3
Anneron,0,3,3
Annerose-Marie,0,3,3
Annerosel,0,3,3
Anneroza,0,3,3
Annerves,3,0,3
Annerwes,3,0,3
Annery,0,3,3
Annesa,0,3,3
Annesan,0,3,3
Annesanne,0,3,3
Annesas,0,3,3
Annesia,0,3,3
Annesieb,0,3,3
Annesiets,0,3,3
Annesietske,0,3,3
Annesimone,0,3,3
Annesius,3,0,3
Anneska,0,3,3
Annesley,0,3,3
Annesophia,0,3,3
AnneSophie,0,3,3
Anness,0,3,3
Annessa,0,3,3
Annestassia,0,3,3
Annestella,0,3,3
Annestiene,0,3,3
Annestinia,0,3,3
Annestino,3,0,3
Anneszn,3,0,3
Annét,0,3,3
Annet-Berendina,0,3,3
Annet-Jellien,0,3,3
Annet-Jittina,0,3,3
Annet-Mireille,0,3,3
Anneteun,0,3,3
Annetevka,0,3,3
Anneth-Emma,0,3,3
Annethe,0,3,3
Annethij,0,3,3
Annetiel,0,3,3
Annétje,0,3,3
Annetje-Willemina,0,3,3
Annetjen,0,3,3
Anneto,0,3,3
Annetol,3,0,3
Annetoos,0,3,3
Annètte,0,3,3
Annétte,0,3,3
Annette-Helena,0,3,3
Annette-Henriëtte-Alma,0,3,3
Annette-Ingrid,0,3,3
Annette-Maria,0,3,3
Annette-Wilma,0,3,3
Annettei,0,3,3
Annetteke,0,3,3
Annettina,0,3,3
Annettu,0,3,3
Annettus,3,0,3
Annety,0,3,3
Anneudy,3,0,3
Anneuri,3,0,3
Anneûs,3,0,3
Annevenne,0,3,3
Annevera,0,3,3
Annevere,0,3,3
Annevie,0,3,3
Annevier,0,3,3
Annevina,0,3,3
Anneweike,0,3,3
Annewiene,0,3,3
Annewieske,0,3,3
Annewiet,0,3,3
Annewiets,0,3,3
Annewijm,0,3,3
Annewijn,0,3,3
Annewijnand,0,3,3
Annewijntje,0,3,3
Annewikke,0,3,3
Annewil-Barry,0,3,3
Annewilke,0,3,3
Annewillem,3,0,3
Annewin,0,3,3
Annewouter,3,0,3
Annewyke,0,3,3
Annewyp,0,3,3
Annez,0,3,3
Annezee,0,3,3
Anngelynn,0,3,3
Annheally,0,3,3
Anniabell,0,3,3
Anniah,0,3,3
Annibeth,0,3,3
Annicée,0,3,3
Anniceta,0,3,3
Annicetus,3,0,3
Annich,0,3,3
Annichina,0,3,3
Annicia,0,3,3
Annicken,0,3,3
Annicky,0,3,3
Annie-Dora,0,3,3
Annie-Drisiyó,3,0,3
Annie-Elske,0,3,3
Annie-Gryt,0,3,3
Annie-Janneke,0,3,3
Annie-Johanna,0,3,3
Annie-Lies,0,3,3
Annie-Mae,0,3,3
Annie-Magdalena,0,3,3
Annie-Marij,0,3,3
Annie-Marita,0,3,3
Annie-Thea,0,3,3
Annie-Wilmien,0,3,3
Anniece,3,0,3
Anniecka,0,3,3
Anniedandhe,0,3,3
Anniëla,0,3,3
Anniële,0,3,3
Annielise,0,3,3
Annielkoemar,3,0,3
Annielou,0,3,3
Anniemaria,0,3,3
Anniemiek,0,3,3
Annien,0,3,3
Annienette,0,3,3
Annienka,0,3,3
Annienne,0,3,3
Annieselma,0,3,3
Anniesia,0,3,3
Anniesje,0,3,3
Annietje,0,3,3
Anniëtta,0,3,3
Anniette,0,3,3
Annifrida,0,3,3
Annifried,0,3,3
Annifrieda,0,3,3
Annig,0,3,3
Annigchiena,0,3,3
Anniggina,0,3,3
Annigiena,0,3,3
Annigius,3,0,3
Anniha,0,3,3
Annii,0,3,3
Annijke,0,3,3
Annika-Souhir,0,3,3
Annika-Yasemin,0,3,3
Annikah,0,3,3
Anniken,0,3,3
Annil,3,0,3
Annilda,0,3,3
Annilkumar,3,0,3
Annily,0,3,3
Annimarie,0,3,3
Annimieke,0,3,3
Anninah,0,3,3
Anninanda,0,3,3
Anninco,0,3,3
Anninda,0,3,3
Anninette,0,3,3
Annioeta,0,3,3
Anniqo,0,3,3
Annique-Floren,0,3,3
Annir,3,0,3
Annisaa,0,3,3
Annisah,0,3,3
Annisch,0,3,3
Annischa,0,3,3
Anniseta,0,3,3
Annish,3,0,3
Annishela,0,3,3
Annisio,3,0,3
Annisja,0,3,3
Annisya,0,3,3
Annitamaria,0,3,3
Annitjau,0,3,3
Annivera,0,3,3
Anniza,0,3,3
Annizette,0,3,3
Annja,0,3,3
Annjan,0,3,3
Annjelle,0,3,3
Annjo,0,3,3
Annjolein,0,3,3
Annjuly,0,3,3
Annky,0,3,3
Annley,0,3,3
Annlien,0,3,3
Annlisa,0,3,3
Annlouise,0,3,3
Annly,0,3,3
Annmari,0,3,3
Annmaria,3,0,3
Annmarie,0,3,3
Anno-Jan,3,0,3
Annoamaan,3,0,3
Annobea,0,3,3
Annociata,0,3,3
Annoe,0,3,3
Annoec,0,3,3
Annoëlle,0,3,3
Annoep,3,0,3
Annoer,3,0,3
Annoesch,3,0,3
Annoeschca,0,3,3
Annoestasia,0,3,3
Annoesua,0,3,3
Annojan,3,0,3
Annol,3,0,3
Annolda,0,3,3
Annonciade,0,3,3
Annoncy,0,3,3
Annonetta,0,3,3
Annoop,3,0,3
Annoopkumar,3,0,3
Annoor,0,3,3
Annosh,0,3,3
Annotte,0,3,3
Annouc,0,3,3
Annouché,0,3,3
Annouche,0,3,3
Annoud,3,0,3
Annouk-Renee,0,3,3
Annouka,0,3,3
Annouke,0,3,3
Annoula,0,3,3
Announcio,3,0,3
Annour,3,0,3
Annoury,3,0,3
Annous,0,3,3
Annouscha,0,3,3
Annpurna,0,3,3
Annrieke,0,3,3
Annshenoe,0,3,3
Annthony,3,0,3
Anntoinette,0,3,3
Annuchio,3,0,3
Annuck,0,3,3
Annucleta,0,3,3
Annulifera,0,3,3
Annum,0,3,3
Annum-Assamoah,3,0,3
Annuntia,0,3,3
Annunziato,3,0,3
Anñuri,0,3,3
Annusca,0,3,3
Annuscha,0,3,3
Annuschca,0,3,3
Annusjka,0,3,3
Annüska,0,3,3
Annüskà,0,3,3
Annussia,0,3,3
Annusska,0,3,3
Annutiata,0,3,3
Annwen,0,3,3
Anny-Alice,0,3,3
Anny-Elisabeth,0,3,3
Anny-Froukje,0,3,3
Anny-Victoria,0,3,3
Annyda,0,3,3
Annyjah,0,3,3
Annyko,0,3,3
Annyllie,0,3,3
Annynke,0,3,3
Annysa,0,3,3
Annyssa,0,3,3
Annyvonne,0,3,3
Annyvonnera,0,3,3
Annywil,0,3,3
Ano'i,0,3,3
Anobe,0,3,3
Anobea,0,3,3
Anocha,3,0,3
Anochie,3,0,3
Anodea,0,3,3
Anoe-Radha,0,3,3
Anoe-Sharan,3,0,3
Anoear-Djamal,3,0,3
Anoebie,0,3,3
Anoec,0,3,3
Anoecim,0,3,3
Anoedj,3,0,3
Anoedja,0,3,3
Anoedra,0,3,3
Anoekoemar,3,0,3
Anoela,0,3,3
Anoémia,0,3,3
Anoemia,0,3,3
Anoenya,0,3,3
Anoep-Kesonarain,3,0,3
Anoepa,0,3,3
Anoepamadevi,0,3,3
Anoepema,0,3,3
Anoeph,3,0,3
Anoepia,0,3,3
Anoepkoemarsingh,3,0,3
Anoepma,0,3,3
Anoepnadevi,0,3,3
Anoepsingh,3,0,3
Anoeradah,0,3,3
Anoeradhadebhie,0,3,3
Anoeradhani,0,3,3
Anoeragh,3,0,3
Anoerahda,0,3,3
Anoeschca,0,3,3
Anoeshand,3,0,3
Anoeshik,0,3,3
Anoeshkadevi,0,3,3
Anoeshree,0,3,3
Anoesia,0,3,3
Anoesija,0,3,3
Anoesjca,0,3,3
Anoesjha,0,3,3
Anoeskadibie,0,3,3
Anoeskakoemarie,0,3,3
Anoeskawatie,0,3,3
Anoeske,0,3,3
Anoesya,0,3,3
Anoeya,0,3,3
Anoezadha,0,3,3
Anoghena,3,0,3
Anoh,3,0,3
Anoinette,0,3,3
Anoint,0,3,3
Anoire,3,0,3
Anoj,0,3,3
Anoja,0,3,3
Anokem,3,0,3
Anokha,0,3,3
Anokhi,3,0,3
Anokyewaa,0,3,3
Anokyewaah,0,3,3
Anoldina,0,3,3
Anoldo,3,0,3
Anoldus,3,0,3
Anolina,0,3,3
Anolinsch,0,3,3
Anom,3,0,3
Anomar,3,0,3
Anomara,0,3,3
Anomatia,3,0,3
Anome,3,0,3
Anomgbor,3,0,3
Anomi,0,3,3
Anomie,0,3,3
Anomisie,0,3,3
Anompupon,3,0,3
Anonaivy,0,3,3
Anong,0,3,3
Anook,0,3,3
Anoona,0,3,3
Anoopa,0,3,3
Anoora,0,3,3
Anoosha,0,3,3
Anopa,3,0,3
Anor,3,0,3
Anorah-Lee,0,3,3
Anorca,0,3,3
Anore,0,3,3
Anori,0,3,3
Anoş,0,3,3
Anoshie,0,3,3
Anoshka,0,3,3
Anosi,3,0,3
Anosina,0,3,3
Anosja,0,3,3
Anosjka,0,3,3
Anostasia,0,3,3
Anôt,0,3,3
Anotai,3,0,3
Anotida,3,0,3
Anouar-Anthony,3,0,3
Anouch,0,3,3
Anouché,0,3,3
Anoucheh,0,3,3
Anouchkadevi,0,3,3
Anouchska,0,3,3
Anouckha,0,3,3
Anouelle,0,3,3
Anouhea,0,3,3
Anouhk,0,3,3
Anouiar,3,0,3
Anouise,0,3,3
Anoûk,0,3,3
Anoük,0,3,3
Anouk-Aimée,0,3,3
Anouk-Beate,0,3,3
Anouk-Dagmar,0,3,3
Anouk-Eileen,0,3,3
Anouk-Joy,0,3,3
Anouk-Rianne,0,3,3
Anouk-Shari,0,3,3
Anoukha,0,3,3
Anouksha,0,3,3
Anoûl,3,0,3
Anôul,3,0,3
Anoula,0,3,3
Anould,0,3,3
Anouradhna,0,3,3
Anouré,0,3,3
Anourish,3,0,3
Anouschik,0,3,3
Anouschjka,0,3,3
Anouschka-Kariem,0,3,3
Anouschka-Rosa,0,3,3
Anoushe,0,3,3
Anousheh,0,3,3
Anoushkadebbie,0,3,3
Anoushke,0,3,3
Anousjcka,0,3,3
Anouska-Debie,0,3,3
Anouskaa,0,3,3
Anouskawatie,0,3,3
Anouskka,0,3,3
Anouta,0,3,3
Anoutchka,0,3,3
Anouwar,3,0,3
Anouweesha,0,3,3
Anouzka,0,3,3
Anowah,0,3,3
Anowara,0,3,3
Anoya,0,3,3
Anoyah,0,3,3
Anpa,0,3,3
Anpagan,3,0,3
Anpheline,0,3,3
Anpherny,3,0,3
Anphifany,0,3,3
Anplonia,0,3,3
Anpurna,0,3,3
Anqel,3,0,3
Anqélica,0,3,3
Anqelick,0,3,3
Anqelios,3,0,3
Anqélique,0,3,3
Anqelique,0,3,3
Anqing,0,3,3
Anquanita,0,3,3
Anque,0,3,3
Anquel,3,0,3
Anquilina,0,3,3
Anquina,0,3,3
Anquino,3,0,3
Anra,0,3,3
Anrai,3,0,3
Anralice,3,0,3
Anré,3,0,3
Anre,3,0,3
Anregelo,3,0,3
Anreshkoemar,3,0,3
Anrica,0,3,3
Anricca,0,3,3
Anriecke,0,3,3
Anriek,0,3,3
Anrien,0,3,3
Anriena,0,3,3
Anrik,3,0,3
Anrika,0,3,3
Anrike,0,3,3
Anrina,0,3,3
Anriqueta,0,3,3
Anrisha,0,3,3
Anritjaman,3,0,3
Anritta,0,3,3
Anrochenne,0,3,3
Anroedre,3,0,3
Anrooij,3,0,3
Anroy,3,0,3
Anrupa,0,3,3
Anrym,3,0,3
Ans-karin,0,3,3
Ansadia,0,3,3
Ansah-Frimpong,3,0,3
Ansahrya,0,3,3
Ansala,0,3,3
Ansalie,0,3,3
Ansalieke,0,3,3
Ansalina,0,3,3
Ansano,3,0,3
Ansâr,3,0,3
Ansarah,0,3,3
Ansarie,3,0,3
Ansarullah,3,0,3
Ansat,3,0,3
Ansbaldus,3,0,3
Ansbertha,0,3,3
Ansberto,3,0,3
Ansbertus,0,3,3
Anscar,3,0,3
Anscelia,0,3,3
Anschela,0,3,3
Anschila,0,3,3
Ansdrudis,0,3,3
Ansegul,0,3,3
Ansehaliena,0,3,3
Ansèl,0,3,3
Anséla,0,3,3
Anselca,0,3,3
Anselia,0,3,3
Anselica,0,3,3
Anselie,0,3,3
Anselientje,0,3,3
Anseliese,0,3,3
Anselin,0,3,3
Anselita,0,3,3
Ansélmo,3,0,3
Anseln,3,0,3
Ansely,3,0,3
Ansemina,0,3,3
Ansenadevie,0,3,3
Anseng,3,0,3
Ansequita,0,3,3
Ansera,3,0,3
Ansere,0,3,3
Ansérika,0,3,3
Ansermo,3,0,3
Ansgario,3,0,3
Ansgelien,0,3,3
Ansh-Prekash,3,0,3
Anshalin,0,3,3
Anshalina,0,3,3
Anshaly,0,3,3
Anshar,3,0,3
Ansharah,0,3,3
Anshari,3,0,3
Anshariah,0,3,3
Ansharita,0,3,3
Anshéla,0,3,3
Ansheladebie,0,3,3
Anshelica,0,3,3
Anshelien,0,3,3
Anshelita,0,3,3
Anshell,0,3,3
Anshelm,3,0,3
Anshena,0,3,3
Anshenie,0,3,3
Anshiela,0,3,3
Anshikaa,0,3,3
Anshikha,0,3,3
Anshila,0,3,3
Anshin,0,3,3
Anshladevi,0,3,3
Anshlakumari,0,3,3
Ansho,3,0,3
Anshpreet,3,0,3
Anshuldeep,3,0,3
Anshun,3,0,3
Anshvir,3,0,3
Anshyka,0,3,3
Ansie,0,3,3
Ansieladebie,0,3,3
Ansielisa,0,3,3
Ansiem,3,0,3
Ansiena,0,3,3
Ansietadewie,0,3,3
Ansif,3,0,3
Ansigildis,0,3,3
Ansikha,0,3,3
Ansiladewie,0,3,3
Ansine,0,3,3
Ansis,3,0,3
Ansisca,0,3,3
Ansjanny,0,3,3
Ansje-Victorina,0,3,3
Ansjedeth,0,3,3
Ansjeel,0,3,3
Ansjèl,0,3,3
Ansjeladevi,0,3,3
Ansjelies,0,3,3
Ansjelika,0,3,3
Ansjelique,0,3,3
Ansjélla,0,3,3
Ansjelly,0,3,3
Ansjelo,3,0,3
Ansjelyca,0,3,3
Ansjemieke,0,3,3
Ansjenette,0,3,3
Ansjolien,0,3,3
Ansjolique,0,3,3
Ansken,0,3,3
Ansladevi,0,3,3
Anslem,3,0,3
Anslita,0,3,3
Ansly,0,3,3
Ansnie,0,3,3
Ansoef,3,0,3
Ansoeya,0,3,3
Ansomij,0,3,3
Ansophia,0,3,3
Ansor,3,0,3
Ansouman,3,0,3
Ansoumane,3,0,3
Anssar,3,0,3
Ansselien,0,3,3
Anstisia,0,3,3
Anstrudis,0,3,3
Ansuela,0,3,3
Ansuerus,3,0,3
Ansuiya,0,3,3
Ansuiyadevi,0,3,3
Ansujadevie,0,3,3
Ansula,0,3,3
Ansuman,3,0,3
Ansumane,3,0,3
Ansuymirialli,0,3,3
Ansuz,3,0,3
Answanet,0,3,3
Answar,3,0,3
Answell,3,0,3
Answer,3,0,3
Answerd,3,0,3
Answin,3,0,3
Ansya,0,3,3
Ansyari,3,0,3
Antaibo,0,3,3
Antain,3,0,3
Antaine,3,0,3
Antaios,3,0,3
Antaja,0,3,3
Antál,3,0,3
Antal-Jan,3,0,3
Antale,0,3,3
Antalie,0,3,3
Antall,3,0,3
Antan,3,0,3
Antanassy,0,3,3
Antanetta,0,3,3
Antani,3,0,3
Antania,0,3,3
Antanina,0,3,3
Antarah,3,0,3
Antarctica,0,3,3
Antare,0,3,3
Antartini,0,3,3
Antashiya,0,3,3
Antdine,0,3,3
Antè,0,3,3
Antec,3,0,3
Antegona,0,3,3
Antegonie,0,3,3
Antegonius,0,3,3
Antegulio,3,0,3
Anteia,0,3,3
Antèl,0,3,3
Antelmo,3,0,3
Antelo,3,0,3
Anten,3,0,3
Antenet,0,3,3
Antenieke,0,3,3
Antenisca,0,3,3
Antenor,3,0,3
Anteny,3,0,3
Anteros,3,0,3
Anteunetteke,0,3,3
Anteuni,0,3,3
Anteunie,0,3,3
Anteunina,0,3,3
Anteunnet,0,3,3
Antha,0,3,3
Anthagracia,0,3,3
Antharda,0,3,3
Anthayta,0,3,3
Anthè,0,3,3
Anthea-Florence,0,3,3
Antheïa,0,3,3
Anthelmus,3,0,3
Anthelonie,0,3,3
Anthem,3,0,3
Anthenny,3,0,3
Antheno,3,0,3
Anthény,3,0,3
Anther,3,0,3
Antherus,3,0,3
Antheunet,0,3,3
Antheunette,0,3,3
Antheuni,0,3,3
Antheunia,0,3,3
Antheunie,0,3,3
Antheunio,3,0,3
Anthi,0,3,3
Anthias,3,0,3
Anthijn,3,0,3
Anthilde,0,3,3
Anthillia,0,3,3
Anthimis,3,0,3
Anthimus,3,0,3
Anthio,3,0,3
Anthionion,3,0,3
Anthísia,0,3,3
Anthjena,0,3,3
Anthney,3,0,3
Anthoany,0,3,3
Anthoesa,0,3,3
Anthoineth,0,3,3
Anthoinetty,0,3,3
Anthoinique,0,3,3
Anthois,3,0,3
Anthoius,3,0,3
Antholena,0,3,3
Anthomar,3,0,3
Anthon-Gerrit,3,0,3
Anthonata,0,3,3
Anthoneth,0,3,3
"Anthonetta,",0,3,3
Anthonides,3,0,3
Anthonié,3,0,3
Anthonie-Paul,3,0,3
Anthonieo,3,0,3
Anthonies,3,0,3
Anthoniëta,0,3,3
Anthonijna,0,3,3
Anthonijntje,0,3,3
Anthonika,0,3,3
Anthonino,3,0,3
Anthonioni,3,0,3
Anthoniony,0,3,3
Anthonious,3,0,3
Anthoniüs,3,0,3
Anthonius-Kusmaine,3,0,3
Anthoniush,3,0,3
Anthoniyo,3,0,3
Anthonsofhie,0,3,3
Anthonuis,3,0,3
Anthòny,3,0,3
Anthóny,3,0,3
Anthony-D'Angelo,3,0,3
Anthony-Greyson,3,0,3
Anthony-Jan,3,0,3
Anthony-Jason,3,0,3
Anthony-Jozyah,3,0,3
Anthony-Lee,3,0,3
Anthony-May,3,0,3
Anthony-Michael,3,0,3
Anthonye,0,3,3
Anthonyta,0,3,3
Anthonyus,3,0,3
Anthoonboomsma,3,0,3
Anthoonie,3,0,3
Anthousis,3,0,3
Anthoynette,0,3,3
Anthranilla,0,3,3
Anthuané,0,3,3
Anthulis,3,0,3
Anthun,3,0,3
Anthura,0,3,3
Anthwon,3,0,3
Anthy,0,3,3
Anthya,0,3,3
Anthyaillica,0,3,3
Anti-Devi,0,3,3
Antibras,3,0,3
Antica,0,3,3
Anticha,0,3,3
Antieka,0,3,3
Antiem,3,0,3
Antien-Louise,0,3,3
Antieno,3,0,3
Antigonè,0,3,3
Antij,3,0,3
Antijneke,0,3,3
Antillina,0,3,3
Antimo,3,0,3
Antimus,3,0,3
Antin,3,0,3
Antines,3,0,3
Antinet,0,3,3
Antinetta,0,3,3
Antini,0,3,3
Antinie,0,3,3
Antinija,0,3,3
Antinka,0,3,3
Antinoë,0,3,3
Antinoös,3,0,3
Antinor,3,0,3
Antinoüs,3,0,3
Antiny,0,3,3
Antioca,0,3,3
Antiochius,3,0,3
Antiochus,3,0,3
Antiona,0,3,3
Antionn,3,0,3
Antionne,3,0,3
Antionnete,0,3,3
Antionus,3,0,3
Antioquia,0,3,3
Antipas,3,0,3
Antiphaz,0,3,3
Antis,3,0,3
Antisia,0,3,3
Antisja,0,3,3
Antissa,0,3,3
Antjali,0,3,3
Antjani,0,3,3
Antje-Annie,0,3,3
Antje-Hebeltje,0,3,3
Antje-Lotte,0,3,3
Antje-Marianne,0,3,3
Antje-Marie,0,3,3
Antje-Martje,0,3,3
Antje-Mieke,0,3,3
Antje-Rixt,0,3,3
Antje-Sjouky,0,3,3
Antje-Wil,0,3,3
Antje-Willy,0,3,3
Antjediena,0,3,3
Antjeh,0,3,3
Antjelien,0,3,3
Antjelieneke,0,3,3
Antjelina,0,3,3
Antjeline,0,3,3
Antjella,0,3,3
Antjellie,0,3,3
Antjello,3,0,3
Antjerika,0,3,3
Antjetta,0,3,3
Antjitska,0,3,3
Antjonne,0,3,3
Antka,0,3,3
Antlou,0,3,3
Antnette,0,3,3
Antoan,3,0,3
Antoanella,0,3,3
Antoaneta,0,3,3
Antoania,0,3,3
Antoanova,0,3,3
Antobeli,3,0,3
Antoche,3,0,3
Antogia,0,3,3
Antognoni,3,0,3
Antoi,3,0,3
Antoidientje,0,3,3
Antoijnee,0,3,3
Antöin,3,0,3
Antoin-Bernard,3,0,3
Antoin-Léon,3,0,3
Antoiné,3,0,3
Antoine-Charles,3,0,3
Antoine-John,3,0,3
Antoine-Lee,3,0,3
Antoine-Louis,3,0,3
Antoine-Renee,3,0,3
Antoine-Renier,3,0,3
Antoines,3,0,3
Antôinet,0,3,3
Antoïnet,0,3,3
Antoinete,0,3,3
Antoineth,0,3,3
Antoïnetta,0,3,3
Antoinettà,0,3,3
Antoinëtte,0,3,3
Antoinette-Andrea,0,3,3
Antoinette-Annemieke,0,3,3
Antoinette-Dominique,0,3,3
Antoinette-Marie,0,3,3
Antoinette-Sanderina,0,3,3
Antoinettha,0,3,3
Antoinettie,0,3,3
Antoinettus,3,0,3
Antoinetty,0,3,3
Antoini,0,3,3
Antoinico,3,0,3
Antöinne,3,0,3
Antoinnella,0,3,3
Antoinnette-Mary,0,3,3
Antoinus,3,0,3
Antois,3,0,3
Antoise,0,3,3
Antoiska,0,3,3
Antoizi,3,0,3
Antolia,0,3,3
Antoliano,3,0,3
Antolisa,0,3,3
Antolita,0,3,3
Antón,3,0,3
Anton-Ernst,3,0,3
Anton-Geerten,3,0,3
Anton-Hendrik,3,0,3
Anton-Jans,3,0,3
Anton-Louis,3,0,3
Anton-Pelle,3,0,3
Anton-Pieter,3,0,3
Anton-Willem,3,0,3
Antonato,0,3,3
Antoneita,0,3,3
Antonelles,3,0,3
Antonelli,3,0,3
Antonetta-Maria,0,3,3
Antonetta.,0,3,3
Antoneyo,3,0,3
Antonï,3,0,3
Antóni,3,0,3
Antoní,3,0,3
Antoni-Colette,0,3,3
Antonia-Alexandra,0,3,3
Antonia-Christina,0,3,3
Antonia-Salona,0,3,3
Antonia-Theodora,0,3,3
Antonián,3,0,3
Antonic,3,0,3
Antonica,0,3,3
Antonice,0,3,3
Antonicus,3,0,3
Antonide,0,3,3
Antonié,3,0,3
Antonie-Jan,3,0,3
Antonie-Maria,0,3,3
Antonie-Pieter,3,0,3
Antonieja,0,3,3
Antoniëmu,3,0,3
Antoniene,0,3,3
Antoniës,3,0,3
Antoniët,0,3,3
Antoniëte,0,3,3
Antoniete,0,3,3
Antoniëtto,0,3,3
Antonije,3,0,3
Antonijos,3,0,3
Antonila,0,3,3
Antonilio,3,0,3
Antonilles,3,0,3
Antoninet,0,3,3
Antoninha,0,3,3
Antoninho,3,0,3
Antoninia,0,3,3
Antoninio,3,0,3
Antoninna,0,3,3
Antoniô,3,0,3
Antoñio,3,0,3
Antōnio,3,0,3
Antonio-erwin,3,0,3
Antonio-José,3,0,3
Antonio-Maria,3,0,3
Antoniopaulo,3,0,3
Antonisch,3,0,3
Antonisia,0,3,3
Antonissen,0,3,3
Antoniüs,3,0,3
Antonius-Cornelus,3,0,3
Antonius-Hendrik,3,0,3
Antonius-Johannes,3,0,3
Antoniusovna,0,3,3
Antoniusz,3,0,3
Antoniuszn,3,0,3
Antonne,0,3,3
Antonnela,0,3,3
Antonnella,0,3,3
Antonnetha,0,3,3
Antonni,0,3,3
Antonnis,3,0,3
Antonnya,3,0,3
Antono,3,0,3
Antonowitsch,3,0,3
Antontius,3,0,3
Antonyna,0,3,3
Antoom,3,0,3
Antoon-Christiaan,3,0,3
Antoon-Jan,3,0,3
Antoon-Ray,3,0,3
Antoone,0,3,3
Antoonetta,0,3,3
Antoonij,3,0,3
Antoonnetta,0,3,3
Antor,3,0,3
Antora,3,0,3
Antorche,3,0,3
Antory,3,0,3
Antouan,3,0,3
Antousha,0,3,3
Antoy,0,3,3
Antra,3,0,3
Antraneik,3,0,3
Antraniq,3,0,3
Antrea,0,3,3
Antreneta,0,3,3
Antreya,0,3,3
Antriëska,0,3,3
Antrikcha,0,3,3
Antrinetta,0,3,3
Antrinie,0,3,3
Antrinus,3,0,3
Antrishadevi,0,3,3
Antrusita,0,3,3
Antry,0,3,3
Ants,3,0,3
Antschi,0,3,3
Antsieto,3,0,3
Antsokia,0,3,3
Anttoinette,0,3,3
Antton,3,0,3
Anttonete,0,3,3
Anttoni,3,0,3
Antú,0,3,3
Antü,0,3,3
Antua,3,0,3
Antuanete,0,3,3
Antuanette,0,3,3
Antula,0,3,3
Antümanke,3,0,3
Antûn,3,0,3
Antunna,0,3,3
Antunus,3,0,3
Antusia,0,3,3
Antwai,3,0,3
Antwain,3,0,3
Antwaine,3,0,3
Antwanett,0,3,3
Antwanita,0,3,3
Antwanna,0,3,3
Antwanneke,0,3,3
Antwannetta,0,3,3
Antwany,0,3,3
Antwaun,3,0,3
Antwi-Bediako,3,0,3
Antwiago,0,3,3
Antwinaa,0,3,3
Antwine,0,3,3
Antwiwa,0,3,3
Antwiwah,0,3,3
Antwnette,0,3,3
Anty,0,3,3
Antya,0,3,3
Antymus,3,0,3
Antysha,0,3,3
AntÆus,3,0,3
Anu'ea,0,3,3
Anu's,0,3,3
Anu-Atma,0,3,3
Anu-Oluwapo,0,3,3
Anu-Radhika,0,3,3
Anua,0,3,3
Anuamaŕe,3,0,3
Anúar,3,0,3
Anuare,3,0,3
Anuarkhan,3,0,3
Anuary,3,0,3
Anuasha,0,3,3
Anuba,0,3,3
Anubis,0,3,3
Anuca,0,3,3
Anuch,0,3,3
Anuchic,0,3,3
Anuciata,0,3,3
Anucritia,0,3,3
Anuder,0,3,3
Anudevi,0,3,3
Anudjadebie,0,3,3
Anuello,3,0,3
Anuga,3,0,3
Anuha,3,0,3
Anuhya,0,3,3
Anuil,0,3,3
Anujin,0,3,3
Anujkumar,3,0,3
Anuk,0,3,3
Anuka,0,3,3
Anukaisa,0,3,3
Anukesh,3,0,3
Anuksha,0,3,3
Anula,0,3,3
Anulak,0,3,3
Anulawathie,3,0,3
Anumati,0,3,3
Anumitha,0,3,3
Anúna,3,0,3
Anunciaçao,0,3,3
Anunciação,0,3,3
Anunda,0,3,3
Anunga,0,3,3
Anungoo,0,3,3
Anunna,0,3,3
Anuolorun,0,3,3
Anuoluwa,3,0,3
Anup-Kumar,3,0,3
Anupankoemar,3,0,3
Anuphkumar,3,0,3
Anuphon,3,0,3
Anupiya,0,3,3
Anupreet,0,3,3
Anuraddha,0,3,3
Anuradevi,0,3,3
Anuradha-Debie,0,3,3
Anuradha-Devi,0,3,3
Anuradhakoemarie,0,3,3
Anuradhakumari,0,3,3
Anuradjie,0,3,3
Anurah,3,0,3
Anuraktie,0,3,3
Anuram,3,0,3
Anuray,3,0,3
Anurd,3,0,3
Anuresh,3,0,3
Anuresha,0,3,3
Anuri,0,3,3
Anuricha,0,3,3
Añurika,0,3,3
Anuritika,0,3,3
Anuroopa,0,3,3
Anurudhsingh,3,0,3
Anusa,0,3,3
Anusaja,0,3,3
Anusar,3,0,3
Anusaya,0,3,3
Anüschkâ,0,3,3
Anüschka,0,3,3
Anuschkadebie,0,3,3
Anushé,0,3,3
Anusheh,0,3,3
Anushela,0,3,3
Anushia,0,3,3
Anushik,0,3,3
Anushkadevie,0,3,3
Anushma,0,3,3
Anushna,0,3,3
Anusian,3,0,3
Anusiem,0,3,3
Anúska,0,3,3
Anuŝka,0,3,3
Anùska,0,3,3
Anuskadebi,0,3,3
Anuskadewi,0,3,3
Anuskia,0,3,3
Anustacia,0,3,3
Anustasia,0,3,3
Anusuiya,0,3,3
Anusuya,0,3,3
Anusya,0,3,3
Anuta,0,3,3
Anuuka,0,3,3
Anuva,0,3,3
Anuvansh,3,0,3
Anuvanshi,0,3,3
Anuvash,3,0,3
Anuwat,3,0,3
Anuwaz,3,0,3
Anuxja,0,3,3
Anuzadha,0,3,3
Anuzska,0,3,3
Anvall,0,3,3
Anvarildo,3,0,3
Anveer,3,0,3
Anveline,0,3,3
Anvenda,0,3,3
Anvenero,3,0,3
Anverny,3,0,3
Anvesha,0,3,3
Anvie,0,3,3
Anviksha,0,3,3
Anvil,3,0,3
Anvita,0,3,3
Anvitkumar,3,0,3
Anvradha,0,3,3
Anwaam,3,0,3
Anwar-Dien,3,0,3
Anwar-Khan,3,0,3
Anwarkoemar,3,0,3
Anwarkumar,3,0,3
Anwaroel,3,0,3
Anwarroel,3,0,3
Anwarsha,3,0,3
Anwarsingh,3,0,3
Anwarulhaq,3,0,3
Anwaur,3,0,3
Anweer,0,3,3
Anwerkumar,3,0,3
Anwesalie,3,0,3
Anwesh,3,0,3
Anwi,0,3,3
Anwili,0,3,3
Anwin,3,0,3
Anwouar,3,0,3
Anwoud,3,0,3
Anwrad,3,0,3
Anwry,3,0,3
Anwuli,0,3,3
Anwulika,0,3,3
Anwwar,3,0,3
Anwyl,3,0,3
Anxelina,0,3,3
Anxelmus,3,0,3
Anxiang,3,0,3
Anxin,3,0,3
Anyah,0,3,3
Anyaka,0,3,3
Anyani,0,3,3
Anyanka,0,3,3
Anyaora,0,3,3
Anycha,0,3,3
Anychia,0,3,3
Anycia,0,3,3
Anyco,0,3,3
Anye,3,0,3
Anyel,3,0,3
Anyela,0,3,3
Anyéley,0,3,3
Anyeley,0,3,3
Anyelina,0,3,3
Anyella,0,3,3
Anyellah,0,3,3
Anyelle,0,3,3
Anyenni,0,3,3
Anyerluz,0,3,3
Anyeska,0,3,3
Anyetei,0,3,3
Anyeuri,3,0,3
Anyhl,3,0,3
Anyi,3,0,3
Anylaysha,0,3,3
Anylio,3,0,3
Anylkoemar,3,0,3
Anymesem,3,0,3
Anyo,3,0,3
Anyona,3,0,3
Anyong,3,0,3
Anyou,0,3,3
Anyouka,0,3,3
Anys,3,0,3
Anyscha,0,3,3
Anyse,0,3,3
Anyshia,0,3,3
Anyshka,0,3,3
Anytha,0,3,3
Anyuan,3,0,3
Anyuris,0,3,3
Anyz,0,3,3
Anzac,3,0,3
Anzal,0,3,3
Anzara,0,3,3
Anzela,0,3,3
Anzelice,0,3,3
Anzelie,0,3,3
Anzélika,0,3,3
Anzelina,0,3,3
Anzelm,3,0,3
Anzeo,3,0,3
Anzhelika,0,3,3
Anzil,3,0,3
Anzinga,0,3,3
Anzio,3,0,3
Anzjel,0,3,3
Anzo,3,0,3
Anzori,3,0,3
Anzou,3,0,3
Anzu,3,0,3
Anđelija,0,3,3
Anđelka,0,3,3
Ao-Tong,3,0,3
Aodán,3,0,3
Aoddhan,3,0,3
Aoefi,0,3,3
Aoen,3,0,3
Aoi,0,3,3
Aoibheann,0,3,3
Aoibhín,0,3,3
Aoibhinn,0,3,3
Aoibhlin,0,3,3
Aoife-Nour,0,3,3
Aoih,0,3,3
Aoise,0,3,3
Aoitif,0,3,3
Aoki-lee,0,3,3
Aöleon,0,3,3
Aolina,0,3,3
Aolse,3,0,3
Aomi,0,3,3
Aomihia,0,3,3
Aon,0,3,3
Aône,3,0,3
Aonghus,3,0,3
Aonha,0,3,3
Aonsjail,0,3,3
Aooss,3,0,3
Aorne,3,0,3
Aororra,0,3,3
Aoshan,3,0,3
Aoshen,0,3,3
Aosta,0,3,3
Aothmen,3,0,3
Aouais,3,0,3
Aoubaida,3,0,3
Aouda,0,3,3
Aougin,3,0,3
Aouicha,0,3,3
Aouin,0,3,3
Aouita,0,3,3
Aoukeline,0,3,3
Aoulid,3,0,3
Aouliya,0,3,3
Aoumar,3,0,3
Aoussaf,0,3,3
Aoussam,3,0,3
Aoussar,0,3,3
Aoussi,0,3,3
Aoutef,0,3,3
Aouth,3,0,3
Aoxuan,3,0,3
Aoytef,0,3,3
APA,0,3,3
Apache,3,0,3
Apakhade,3,0,3
Apala,0,3,3
Apam,0,3,3
Apameh,0,3,3
Apana,0,3,3
Apanop,3,0,3
Apanuya,0,3,3
Aparanji,0,3,3
Aparecido,3,0,3
Aparicio,0,3,3
Aparnaa,0,3,3
Apascha,0,3,3
Apasra,0,3,3
Apassala,0,3,3
Apatura,0,3,3
Apau,3,0,3
Apaulina,3,0,3
Apaw,3,0,3
Apawi,0,3,3
Apayk,0,3,3
APC,0,3,3
Apdhalla,3,0,3
Apdulhamit,3,0,3
Apdulkadir,3,0,3
Apelis,3,0,3
Apelona,0,3,3
Apely,3,0,3
Apéma,3,0,3
Apenteng,3,0,3
Apesan,3,0,3
Apet,0,3,3
Apgar,3,0,3
Aphaia,0,3,3
Aphales,0,3,3
Aphayna,0,3,3
Aphéira,0,3,3
Aphex,3,0,3
Aphina,0,3,3
Aphinaya,0,3,3
Aphinya,0,3,3
Aphizz,3,0,3
Aphonsus,3,0,3
Aphra-Ariane,0,3,3
Aphrael,3,0,3
Aphrah,0,3,3
Aphram,3,0,3
Aphredize,0,3,3
Aphroditha,0,3,3
Aphrodithe,0,3,3
Aphrodito,3,0,3
Aphroditty,0,3,3
Aphul,3,0,3
Aphya,0,3,3
Apiagyei,3,0,3
Apiah,0,3,3
Apichai,3,0,3
Apien,3,0,3
Apier,0,3,3
Apik,3,0,3
Apilaash,3,0,3
Apinaya,0,3,3
Apinya,3,0,3
Apio,0,3,3
Apiphany,0,3,3
Apiraami,0,3,3
Apiradie,0,3,3
Apisan,3,0,3
Apisha,0,3,3
Apisheg,3,0,3
Apishek,3,0,3
Apito,0,3,3
Apiyo,0,3,3
APJ,3,0,3
Aplonalia,0,3,3
Aplonette,0,3,3
Aplonia-Charlotte,0,3,3
Aplonica,0,3,3
Aplonya,0,3,3
APN,0,3,3
Apna,0,3,3
Apner,3,0,3
Apoerwa,3,0,3
Apoewai,0,3,3
Apol,3,0,3
Apolda,0,3,3
Apoliaris,3,0,3
Apoliarus,3,0,3
Apolinale,3,0,3
Apolinary,3,0,3
Apolion,3,0,3
Apolite,3,0,3
Apolleo,3,0,3
Apollien,0,3,3
Apollinara,0,3,3
Apollinarius,3,0,3
Apollinia,0,3,3
Apollinus,3,0,3
Apolloina,0,3,3
Apollon,3,0,3
Apollonaria,0,3,3
Apollonarius,3,0,3
Apollones,3,0,3
Apolloni,0,3,3
Apollonia-Pamela,0,3,3
Apolloniaris,3,0,3
Apollonio,3,0,3
Apolluna,3,0,3
Apollyne,0,3,3
Apolonaria,0,3,3
Apolonaris,3,0,3
Apolone,0,3,3
Apoloneus,3,0,3
Apoloniarus,3,0,3
Apolonio,3,0,3
Apolony,0,3,3
Apoloon,3,0,3
Apolrianus,3,0,3
Apong,0,3,3
Apongsina,0,3,3
Aponi,0,3,3
Apoorv,3,0,3
Apoorva,3,0,3
Apoorwan,3,0,3
Apoot,3,0,3
Apostolakis,3,0,3
Apostoles,0,3,3
Apostolitsa,0,3,3
Apostolus,3,0,3
Appah,3,0,3
Appanie,3,0,3
Appeadu,0,3,3
Appelina,0,3,3
Appelona,0,3,3
Appelonie,0,3,3
Appeltje,0,3,3
Appiaa,0,3,3
Appiadjei,3,0,3
Appiadu,3,0,3
Appiah-Sam,3,0,3
Appiahene,3,0,3
Appial,3,0,3
Appiaosei,3,0,3
Appiatswaa,0,3,3
Appierre,3,0,3
Appo,3,0,3
Appolinaria,0,3,3
Appolinaris,3,0,3
Appolinarus,3,0,3
Appolinia,0,3,3
Appollina,0,3,3
Appolline,0,3,3
Appollonus,3,0,3
Appollus,3,0,3
Appolon,0,3,3
Appoloniarius,3,0,3
Appolyn,0,3,3
Apra,0,3,3
Apraham,3,0,3
Aprajeeta,0,3,3
Apraku,3,0,3
Aprele,0,3,3
Apreline,0,3,3
Apriano,3,0,3
Aprians,0,3,3
Aprianti,0,3,3
Apricano,3,0,3
Aprielia,0,3,3
Aprígio,3,0,3
April-Jean,0,3,3
April-June,0,3,3
Aprile,3,0,3
Aprilino,3,0,3
Apriliyani,0,3,3
Aprilla,0,3,3
Aprillia,0,3,3
Aprilmoon,0,3,3
Aprilya,0,3,3
Aprita,0,3,3
Aproniaño,3,0,3
Apsalom,3,0,3
Apsra,0,3,3
Aptemis,0,3,3
Aptidon,3,0,3
Aptilkadir,3,0,3
Aptula,3,0,3
Aptulkadir,3,0,3
Aptulkerim,3,0,3
Aptulla,3,0,3
Aptulselim,3,0,3
Apturrahman,3,0,3
Apucho,3,0,3
Apuma,3,0,3
Apurjan,3,0,3
Apurvadevi,0,3,3
Apyugan,3,0,3
Apzal,3,0,3
Aqa,3,0,3
Aqaella,0,3,3
Aqail,3,0,3
Aqapito,3,0,3
Aqbar,3,0,3
Aqeeb,3,0,3
Aqeelah,0,3,3
Aqeniah,0,3,3
Aqeylah,0,3,3
Aqid,3,0,3
Aqieb,3,0,3
Aqīlah,0,3,3
Aqilah,0,3,3
Aqilles,3,0,3
Aqra,3,0,3
Aqtaab,3,0,3
Aqtar,3,0,3
Aquaël,3,0,3
Aquafina,0,3,3
Aquah,3,0,3
Aqualia,0,3,3
Aqualina,0,3,3
Aqualine,0,3,3
Aquamarine,3,0,3
Aquanda,0,3,3
Aquanette,0,3,3
Aquarian,3,0,3
Aquasi,3,0,3
Aquelgio,3,0,3
Aquelido,3,0,3
Aqueline,3,0,3
Aquelino,3,0,3
Aquido,3,0,3
Aquila-Sjahiescha,0,3,3
Aquilani,3,0,3
Aquiliana,0,3,3
Aquiline,0,3,3
Aquilius,3,0,3
Aquinaira,0,3,3
Aquinaldo,3,0,3
Aquinas-Joshua,3,0,3
Aquinhio,3,0,3
Aquinna,0,3,3
Aquinus,3,0,3
Aquirra,0,3,3
Aquitania,0,3,3
Aqusina,0,3,3
Aqyra,0,3,3
Ar'Chianthony,3,0,3
Ar'Disianthony,3,0,3
Ar'Jany,3,0,3
Ar'Nöenally,0,3,3
Ar-Co,3,0,3
Ar-Jayneau,3,0,3
Ar-Jëanelly,0,3,3
Ar-yentelly,0,3,3
Araad,3,0,3
Araadhna,0,3,3
Araaishni,0,3,3
Araali,3,0,3
Araan,3,0,3
Araän,3,0,3
Araarso,3,0,3
Araaz,3,0,3
Arabang,0,3,3
Arabela,0,3,3
Arabelis,0,3,3
Arabella-Rose,0,3,3
Arabi,0,3,3
Arabo,0,3,3
Aracelie,0,3,3
Aracell,3,0,3
Aracella,0,3,3
Aracelli,0,3,3
Arachanadevi,0,3,3
Arachunda,3,0,3
Arachyn,0,3,3
Araci,0,3,3
Aracoëli,3,0,3
Aracre,3,0,3
Aracsas,3,0,3
Aradan,3,0,3
Aradana,0,3,3
Aradei,3,0,3
Aradena,0,3,3
Aradeschka,0,3,3
Arādhanā,0,3,3
Aradhana-Devi,0,3,3
Aradhanadevie,0,3,3
Aradhéna,0,3,3
Aradhita,0,3,3
Aradhnadebi,0,3,3
Aradhnadivi,0,3,3
Aradhyadebi,0,3,3
Araelis,0,3,3
Arafaad,3,0,3
Arafad,3,0,3
Arafan,3,0,3
Arafath,3,0,3
Arafettin,3,0,3
Arafo,0,3,3
Aragón,3,0,3
Aragonda,0,3,3
Arahdena,0,3,3
Arahim,3,0,3
Arahm,3,0,3
Arahman,3,0,3
Araia,0,3,3
Araida,0,3,3
Araïk,3,0,3
Arailly,0,3,3
Araishka,0,3,3
Araiyah,0,3,3
Araiz,0,3,3
Araiza,0,3,3
Arajana,3,0,3
Arakan,3,0,3
Arakèl,3,0,3
Arakelian,3,0,3
Arakhel,0,3,3
Araks,0,3,3
Araksie,0,3,3
Araksien,0,3,3
Araksin,0,3,3
Araksy,0,3,3
Arali,0,3,3
Aralie,0,3,3
Aralina,0,3,3
Aralis,0,3,3
Aralisa,0,3,3
Araliya,0,3,3
Araliyah,0,3,3
Aralt,3,0,3
Aralynn,0,3,3
Aram-Baba,3,0,3
Aram-Garnik,3,0,3
Aram-John,3,0,3
Aramaïsj,0,3,3
Araman,3,0,3
Aramando,3,0,3
Aramante,3,0,3
Aramat,3,0,3
Aramathea,0,3,3
Aramatou,0,3,3
Aramaya,3,0,3
Aramayis,3,0,3
Aramazd,3,0,3
Aramber,3,0,3
Aramea,0,3,3
Aramee,0,3,3
Arameta,0,3,3
Aramez,3,0,3
Aramich,3,0,3
Aramija,0,3,3
Aramik,3,0,3
Aramish,0,3,3
Aramiz,3,0,3
Aramu,0,3,3
Arán,3,0,3
Aranchja,0,3,3
Arancilis,0,3,3
Arancio,3,0,3
Aranck,3,0,3
Arande,0,3,3
Arandeep,3,0,3
Arandez,3,0,3
Arandine,0,3,3
Arandjani,0,3,3
Arandjel,3,0,3
Arandjeni,0,3,3
Arandos,3,0,3
Aranella,0,3,3
Aranelli,0,3,3
Aranetta,0,3,3
Arang,3,0,3
Aranga,0,3,3
Arange,0,3,3
Arangka,0,3,3
Arango,3,0,3
Aranhea,0,3,3
Araní,0,3,3
Araniya,0,3,3
Aranja,0,3,3
Arank,3,0,3
Aränka,0,3,3
Aranka-Morgana,0,3,3
Aranne,0,3,3
Arano,3,0,3
Aranrod,0,3,3
Aransha,0,3,3
Aransi,0,3,3
Aransta,0,3,3
Aranta,0,3,3
Arantas,3,0,3
Arantcha,0,3,3
Arantha,0,3,3
Arantqa,0,3,3
Arantus,3,0,3
Arantxamendy,0,3,3
Arantxia,0,3,3
Arantxo,3,0,3
Arantzazu,0,3,3
Aranxha,0,3,3
Aranxtha,0,3,3
Aranyan,3,0,3
Aranzazu,0,3,3
Arao,3,0,3
Arapaho,0,3,3
Araphao,3,0,3
Arapiah,0,3,3
Ararad,3,0,3
Ararja,3,0,3
Ararosa,0,3,3
Arascha,0,3,3
Araselie,0,3,3
Aräsh,3,0,3
Arashi,0,3,3
Arashk,3,0,3
Arashna,0,3,3
Arasj,3,0,3
Arasp,3,0,3
Arasta,3,0,3
Arastoo,3,0,3
Arastou,3,0,3
Arat,3,0,3
Arató,0,3,3
Aratrika,0,3,3
Aratwenan,0,3,3
Arau,3,0,3
Araun,3,0,3
Araunah,0,3,3
Araviëlle,0,3,3
Aravint,3,0,3
Araxe,0,3,3
Araxin,0,3,3
Araxy,0,3,3
Arayan,3,0,3
Arayán,3,0,3
Arayana,0,3,3
Arayand,3,0,3
Araydme,0,3,3
Araye,0,3,3
Arayla,0,3,3
Arayli,0,3,3
Arayna,0,3,3
Arayo,3,0,3
Araysa,0,3,3
Arayshia,0,3,3
Arazhelis,0,3,3
Arazoo,0,3,3
Arbaab,3,0,3
Arbaazkhan,3,0,3
Arbak,3,0,3
Arbalina,0,3,3
Arban,3,0,3
Arbasima,0,3,3
Arbea,0,3,3
Arbed,3,0,3
Arbel,0,3,3
Arbela,0,3,3
Arbelica,0,3,3
Arbën,3,0,3
Arbena,0,3,3
Arbënor,3,0,3
Arberdina,0,3,3
Arbëresha,0,3,3
Arberesha,0,3,3
Arberije,0,3,3
Arberina,0,3,3
Arberta,0,3,3
Arberth,3,0,3
Arbiano,3,0,3
Arbias,3,0,3
Arbiend,3,0,3
Arbil,3,0,3
Arbilen,0,3,3
Arbina,0,3,3
Arbion,3,0,3
Arbjon,3,0,3
Arbnore,0,3,3
Arbo,3,0,3
Arbogastes,3,0,3
Arbona,0,3,3
Arburuf,0,3,3
Arby,3,0,3
Arc,3,0,3
Arc'Angel,3,0,3
Arça,0,3,3
Arcades,3,0,3
Arcadie,3,0,3
Arcadii,3,0,3
Arcahana,0,3,3
Arćana,0,3,3
Arcana,0,3,3
Arcanchella,0,3,3
Arcange,3,0,3
Arcangél,3,0,3
Arcângela,0,3,3
Arçangela,0,3,3
Arcangelina,0,3,3
Arcanik,0,3,3
Arcanjela,0,3,3
Arcaño,3,0,3
Arcanquel,3,0,3
Arcardia,0,3,3
Arcee,0,3,3
Arcelinio,3,0,3
Arcelino,3,0,3
Arcelliah,0,3,3
Arcely,0,3,3
Arçen,3,0,3
Arcena,0,3,3
Arcencio,3,0,3
Arcènio,3,0,3
Arcenne,0,3,3
Arceon,3,0,3
Archaan,3,0,3
Archadali,3,0,3
Archai,3,0,3
Archambaud,3,0,3
Archambeau,3,0,3
Archana-Devi,0,3,3
Archana-Nandita,0,3,3
Archanadebi,0,3,3
Archanchella,0,3,3
Archange,3,0,3
Archangélica,0,3,3
Archangelo,3,0,3
Archanie,3,0,3
Archanio,3,0,3
Archaya,0,3,3
Archchana,0,3,3
Arched,3,0,3
Archediah,0,3,3
Archedley,3,0,3
Archélia,0,3,3
Archeliën,3,0,3
Archelinio,3,0,3
Archella,0,3,3
Archelle,0,3,3
Archello,3,0,3
Archenadibie,0,3,3
Archenie,0,3,3
Archenio,3,0,3
Archenir,3,0,3
Archenna,0,3,3
Archennée,3,0,3
Archenty,3,0,3
Archerd,3,0,3
Archevaino,3,0,3
Archevina,0,3,3
Archida,0,3,3
Archiebald,3,0,3
Archiël,3,0,3
Archiën,3,0,3
Archiena,0,3,3
Archiëntly,0,3,3
Archienty,3,0,3
Archika,0,3,3
Archile,3,0,3
Archilino,3,0,3
Archilla,0,3,3
Archille,3,0,3
Archilon,3,0,3
Archimede,3,0,3
Archimin,3,0,3
Archina,0,3,3
Archinella,0,3,3
Archinike,3,0,3
Archipowa,0,3,3
Archippe,3,0,3
Archirius,3,0,3
Archivieeny,0,3,3
Archjanakoemarie,0,3,3
Archjun,3,0,3
Archley,3,0,3
Archondia,0,3,3
Archy,3,0,3
Archyl,3,0,3
Arci,0,3,3
Arcie,3,0,3
Arciel,3,0,3
Arciella,0,3,3
Arcilinda,0,3,3
Arçin,3,0,3
Arcin,3,0,3
Arcine,3,0,3
Arciño-Ali,3,0,3
Arciolinda,0,3,3
Arckarimmi,3,0,3
Arckmante,0,3,3
Arcó,3,0,3
Arcoiris,3,0,3
Arcoline,0,3,3
Arcolisa,0,3,3
Arcona,0,3,3
Arcone,3,0,3
Arconel,0,3,3
Arcos,3,0,3
Arctura,0,3,3
Arctures,3,0,3
Arcturus,3,0,3
Ard-Michiel,3,0,3
Ard-Peter,3,0,3
Arda-Alaz,3,0,3
Arda-Ali,3,0,3
Arda-Baran,3,0,3
Arda-Berát,3,0,3
Arda-Kaan,3,0,3
Ardabünyamin,3,0,3
Ardaeren,3,0,3
Ardah,0,3,3
Ardak,3,0,3
Ardakan,3,0,3
Ardal,3,0,3
Ardalina,0,3,3
Ardaline,0,3,3
Ardalon,3,0,3
Ardani,3,0,3
Ardanti,3,0,3
Ardar,3,0,3
Ardashir,3,0,3
Ardashni,0,3,3
Ardaty,3,0,3
Ardavan,3,0,3
Arday,3,0,3
Ardeano,3,0,3
Ardeen,0,3,3
Ardeep,3,0,3
Ardehl,3,0,3
Ardelan,3,0,3
Ardelia,0,3,3
Ardelies,0,3,3
Ardelis,0,3,3
Ardell,3,0,3
Ardèll,3,0,3
Ardelly,3,0,3
Ardelty,0,3,3
Ardemus,3,0,3
Ardén,3,0,3
Ardenchel,3,0,3
Ardéne,0,3,3
Ardenny,3,0,3
Ardenolt,3,0,3
Ardens,3,0,3
Ardès,3,0,3
Ardes,3,0,3
Ardeschir,3,0,3
Ardesh,3,0,3
Ardeshier,3,0,3
Ardette,0,3,3
Ardewan,3,0,3
Ardewijn,3,0,3
Ardewin,0,3,3
Ardger,3,0,3
Ardhangini,0,3,3
Ardhani,3,0,3
Ardharshini,0,3,3
Ardhenn,3,0,3
Ardhi,3,0,3
Ardhian,3,0,3
Ardhiema,0,3,3
Ardhis,3,0,3
Ardhiwati,0,3,3
Ardhjena,0,3,3
Ardia,0,3,3
Ardiaan,3,0,3
Ardiansyah,3,0,3
Ardianus,3,0,3
Ardiç,3,0,3
Ardice,0,3,3
Ardick,3,0,3
Ardico,3,0,3
Ardielo,3,0,3
Ardiëlo,3,0,3
Ardieneke,0,3,3
Ardienolda,0,3,3
Ardiënyerel,3,0,3
Ardij,3,0,3
Ardijah,0,3,3
Ardijanto,3,0,3
Ardila,0,3,3
Ardilez,3,0,3
Ardilio,3,0,3
Ardilise,0,3,3
Ardilles,3,0,3
Ardillia,0,3,3
Ardillo,3,0,3
Ardino,0,3,3
Ardiny,0,3,3
Ardion,3,0,3
Ardione,0,3,3
Ardiono,3,0,3
Ardiputra,3,0,3
Ardiputri,0,3,3
Ardis-Maria,0,3,3
Ardisan,3,0,3
Ardish,3,0,3
Ardishia,0,3,3
Ardison,3,0,3
Arditha,0,3,3
Ardito,3,0,3
Arditza,0,3,3
Ardiwillaga,3,0,3
Ardize,0,3,3
Ardjanadebie,0,3,3
Ardjano,3,0,3
Ardjansing,3,0,3
Ardjeeny,0,3,3
Ardjëmo,3,0,3
Ardjeniedebi,0,3,3
Ardjette,0,3,3
Ardji,3,0,3
Ardjie,3,0,3
Ardjilla,0,3,3
Ardjiri,3,0,3
Ardjnio,3,0,3
Ardjoeni,0,3,3
Ardjoenkoemar,3,0,3
Ardjoensing,3,0,3
Ardjoepawenkoemar,3,0,3
Ardjola,0,3,3
Ardjonno,3,0,3
Ardjouni,0,3,3
Ardjouno,3,0,3
Ardjumand,3,0,3
Ardjunn,3,0,3
Ardlion,3,0,3
Ardoan,3,0,3
Ardoenja,0,3,3
Ardonita,0,3,3
Ardou,3,0,3
Ardouin,3,0,3
Ardouw,3,0,3
Ardriaan,3,0,3
Ardriana,0,3,3
Ardriane,0,3,3
Ardric,3,0,3
Ardrik,3,0,3
Ardshir,3,0,3
Ardt,3,0,3
Ardu,3,0,3
Arduenus,0,3,3
Arduïna,0,3,3
Arduines,3,0,3
Arduînne,0,3,3
Ardun,3,0,3
Arduoin,3,0,3
Ardur,3,0,3
Arduwijn,3,0,3
Ardvi,3,0,3
Ardwie,3,0,3
Ardwijn,3,0,3
Ardyanto,3,0,3
Ardyna,0,3,3
Ardys,3,0,3
Ardyuna,3,0,3
Ardza,0,3,3
Ardziv,3,0,3
Areaantje,0,3,3
Areal,0,3,3
Areande,0,3,3
Areanna,0,3,3
Areano,3,0,3
Arëantomar,3,0,3
Areas,3,0,3
Areatha,0,3,3
Areba,0,3,3
Arebeca,0,3,3
Arebsima,0,3,3
Arec,3,0,3
Arecio,3,0,3
Areck,3,0,3
Arediene,0,3,3
Areeba,0,3,3
Areebah,0,3,3
Areecha,0,3,3
Areeg,0,3,3
Areeje,0,3,3
Areejh,0,3,3
Areesh,3,0,3
Areet,3,0,3
Areevah,0,3,3
Areez,3,0,3
Arefah,0,3,3
Arefet,3,0,3
Areff,3,0,3
Arefien,3,0,3
Arefin,3,0,3
Arega,3,0,3
Aregash,0,3,3
Areghan,3,0,3
Aregina,0,3,3
Aregino,3,0,3
Arehta,0,3,3
Areille,0,3,3
Arein,3,0,3
Areina,0,3,3
Aréjan,3,0,3
Arejanna,0,3,3
Arèl,0,3,3
Aréle,0,3,3
Arele,0,3,3
Aréli,0,3,3
Arelies,0,3,3
Arelio,3,0,3
Arelise,0,3,3
Arelithia,0,3,3
Arelius,3,0,3
Arelle,0,3,3
Arelus,3,0,3
Arelya,0,3,3
Arelyn,0,3,3
Arelyse,0,3,3
Aremenda,0,3,3
Aremi,3,0,3
Aremina,0,3,3
Areminta,0,3,3
Arèn-Anjé,3,0,3
Aren-Hraq,3,0,3
Aren-Jan,3,0,3
Arenal,0,3,3
Arenarius,3,0,3
Arenchelo,3,0,3
Arencio,3,0,3
Arenco,3,0,3
Arend's,3,0,3
Arend-Eric,3,0,3
Arend-Frederik,3,0,3
Arend-Harm,3,0,3
Arend-Hiddo,3,0,3
Arend-Jochem,3,0,3
Arend-Johan,3,0,3
Arend-Julius,3,0,3
Arend-Laurens,3,0,3
Arend-Leo,3,0,3
Arend-Machiel,3,0,3
Arend-Niek,3,0,3
Arend-Roy,3,0,3
Arend-Stephen,3,0,3
Arend-Willem,3,0,3
Arênda,0,3,3
Arénda,0,3,3
Arendella,0,3,3
Arendie,0,3,3
Arendieke,0,3,3
Arendike,0,3,3
Arendilla,0,3,3
Arendinand,3,0,3
Arendinant,3,0,3
Arendinda,0,3,3
Arendines,3,0,3
Arendinne,0,3,3
Arendiny,0,3,3
Arendirk,3,0,3
Arendjack,3,0,3
Arendjannie,0,3,3
Arèndo,3,0,3
Arendon,3,0,3
Arendson,3,0,3
Arendtien,0,3,3
Arendtsje,0,3,3
Arendy,0,3,3
Arèndy,0,3,3
Arendyn,0,3,3
Aréne,0,3,3
Arenjette,0,3,3
Arènke,0,3,3
Arenout,3,0,3
Arèns,0,3,3
Arensio,3,0,3
Arènso,3,0,3
Arent-Ipe,3,0,3
Arent-Willem,3,0,3
Arenta,0,3,3
Arentdien,0,3,3
Arentes,3,0,3
Arentia,0,3,3
Arentini,0,3,3
Arentis,3,0,3
Arents,3,0,3
Arentsz,3,0,3
Arenttina,0,3,3
Arenza,0,3,3
Arenzano,3,0,3
Arenzina,0,3,3
Areola,0,3,3
Areon,3,0,3
Aréon,3,0,3
Areschnadebie,0,3,3
Aresha,0,3,3
Areshka,0,3,3
Areshna,0,3,3
Aresio,3,0,3
Aresta,0,3,3
Arestha,0,3,3
Aréstides,3,0,3
Arestidis,3,0,3
Arestiene,3,0,3
Arestina,0,3,3
Arestine,0,3,3
Arestinus,3,0,3
Aresyenan,0,3,3
Areszo,3,0,3
Areta,0,3,3
Aréta,0,3,3
Areth,0,3,3
Aretha-Pam,0,3,3
Arethousa,0,3,3
Arethusa,0,3,3
Aretí,0,3,3
Aretina,0,3,3
Arettha,0,3,3
Areva,0,3,3
Arevan,3,0,3
Areveana,0,3,3
Arevhat,0,3,3
Arew,0,3,3
Arèw,0,3,3
Arewah,0,3,3
Arewik,0,3,3
Arexan,0,3,3
Areyla,0,3,3
Areyon,3,0,3
Areysha,0,3,3
Arèz,3,0,3
Arêz,3,0,3
Areziena,0,3,3
Arezkie,3,0,3
Arezu,0,3,3
Arezza,0,3,3
Arezzo,3,0,3
Arfaas,3,0,3
Arfaath,3,0,3
Arfagatoen,0,3,3
Arfani,3,0,3
Arfankhan,3,0,3
Arfano,3,0,3
Arfashoessain,3,0,3
Arfella,0,3,3
Arfhaaz,3,0,3
Arfidah,0,3,3
Arfiën,3,0,3
Arfijah,0,3,3
Arfli,3,0,3
Arfona,0,3,3
Arfred,3,0,3
Arfur,0,3,3
Arfyah,0,3,3
Argab,3,0,3
Argaí,3,0,3
Argaï,3,0,3
Argala,0,3,3
Argamuda,3,0,3
Argangela,0,3,3
Argantel,0,3,3
Arganto,3,0,3
Argard,3,0,3
Argareth,3,0,3
Argea,0,3,3
Argéandro,3,0,3
Argeay,3,0,3
Argelidiya,0,3,3
Argelika,0,3,3
Argelion,3,0,3
Argelis,3,0,3
Argelys,0,3,3
Argène,0,3,3
Argene,0,3,3
Argeni,0,3,3
Argeniës,3,0,3
Argenies,3,0,3
Argenius,3,0,3
Argennah,0,3,3
Argeno,3,0,3
Argenta,0,3,3
Argentine,0,3,3
Argentinio,3,0,3
Arger,3,0,3
Arghavan,0,3,3
Arghawisha,3,0,3
Arghje,0,3,3
Arghya,3,0,3
Argi,3,0,3
Argia,0,3,3
Argianni,0,3,3
Argiano,3,0,3
Argie,3,0,3
Argiëlento,3,0,3
Argiëlo,3,0,3
Argiliano,3,0,3
Argille,3,0,3
Argin,3,0,3
Argino,3,0,3
Argiona,0,3,3
Argirios,3,0,3
Argiroula,0,3,3
Argisjt,3,0,3
Argita,0,3,3
Argjent,3,0,3
Argonde,0,3,3
Argondo,0,3,3
Argondou,0,3,3
Argonî,3,0,3
Argontoula,0,3,3
Argrette,0,3,3
Argriet,0,3,3
Argu,0,3,3
Arguel,3,0,3
Arguella,0,3,3
Arguelles,0,3,3
Arguichti,3,0,3
Arguilison,3,0,3
Arguillio,3,0,3
Argül,0,3,3
Argün,3,0,3
Argunio,3,0,3
Argunsingh,3,0,3
Argyl,3,0,3
Argylle,3,0,3
Argyllius,3,0,3
Argyroela,0,3,3
Arha,3,0,3
Arhamani,3,0,3
Arhania,0,3,3
Arhaniya,0,3,3
Arhant,3,0,3
Arhem,3,0,3
Arhemo,0,3,3
Arhimou,0,3,3
Arhinei,0,3,3
Arhinful,0,3,3
Arhmaan,3,0,3
Arhman,3,0,3
Arhmee,0,3,3
Arhold,3,0,3
Arhtar,3,0,3
Arhu,3,0,3
Arhwien,3,0,3
Ari-an,0,3,3
Ari-Dina,0,3,3
Ari-jan,3,0,3
Ari-janna,0,3,3
Ari-Janne,0,3,3
Ari-Janneke,0,3,3
Ari-Sophia,0,3,3
Ari-Yanti,0,3,3
Ariaan-Marten,3,0,3
Ariaane,0,3,3
Ariad,3,0,3
Ariàdne,0,3,3
Ariadny,0,3,3
Ariaene,0,3,3
Ariaentgen,0,3,3
Ariajette,0,3,3
Ariaji,3,0,3
Arial,3,0,3
Ariald,3,0,3
Arialda,0,3,3
Arialdo,3,0,3
Arialine,0,3,3
Ariån,3,0,3
Ariana-Daniela,0,3,3
Ariana-Lorelay,0,3,3
Ariana-Rose,0,3,3
Ariandel,0,3,3
Ariandus,3,0,3
Arianela,0,3,3
Ariangel,3,0,3
Arianis,3,0,3
Arianke,0,3,3
Ariankhan,3,0,3
Ariann,0,3,3
Ariann-Fleur,0,3,3
Ariannah,0,3,3
Arianne-Laura,0,3,3
Ariannie,0,3,3
Ariante,0,3,3
Ariantha,0,3,3
Arianthe,0,3,3
Ariantie,0,3,3
Ariantji,0,3,3
Ariantono,3,0,3
Arianwen,0,3,3
Ariaputra,3,0,3
Ariaputri,0,3,3
Ariathy,0,3,3
Ariatie,0,3,3
Ariatna,0,3,3
Ariatnna,0,3,3
Ariawan,3,0,3
Aribah,0,3,3
Aribike,0,3,3
Aribikè,0,3,3
Aricadia,0,3,3
Aricale,0,3,3
Arichella,0,3,3
Aricheta,0,3,3
Arichunan,3,0,3
Aricio,3,0,3
Aricius,3,0,3
Ariclene,3,0,3
Ariclenio,3,0,3
Arid,3,0,3
Aridaan,3,0,3
Aridan,3,0,3
Aridane,0,3,3
Aridé,0,3,3
Aride,0,3,3
Aridha,0,3,3
Aridja,0,3,3
Aridna,0,3,3
Aridomo,3,0,3
Aridon,3,0,3
Aridtha,0,3,3
Arié,3,0,3
Aríë,0,3,3
Arie-Albert,3,0,3
Arie-An,3,0,3
Arie-Arend,3,0,3
Arie-Arjan,3,0,3
Arie-Bart,3,0,3
Arie-Bastiaan,3,0,3
Arie-Bert,3,0,3
Arie-Boy,3,0,3
Arie-Dennis,3,0,3
Arie-Dries,3,0,3
Arie-Eduard,3,0,3
Arie-Eimert,3,0,3
Arie-Elle,0,3,3
Arie-Gijs,3,0,3
Arie-Gijsbert,3,0,3
Arie-Hans,3,0,3
Arie-Huig,3,0,3
Arie-jan,3,0,3
Arie-Janne,0,3,3
Arie-Jannick,3,0,3
Arie-Jurri,3,0,3
Arie-Leen,3,0,3
Arie-Leendert,3,0,3
Arie-Marijn,3,0,3
Arie-Marinus,3,0,3
Arie-Nijs,3,0,3
Arie-Otto,3,0,3
Arie-Roukes,3,0,3
Arie-simon,3,0,3
Arie-Teun,3,0,3
Arie-Tjerk,3,0,3
Arie-Wout,3,0,3
Arieä,0,3,3
Arieán,3,0,3
Arieäna,0,3,3
Arieannes,3,0,3
Arieba,0,3,3
Ariecke,0,3,3
Ariëdna,0,3,3
Arieel,3,0,3
Arieëlla,0,3,3
Arieënne,0,3,3
Arieenne,0,3,3
Arieënneke,0,3,3
Arieesh,3,0,3
Arieët,0,3,3
Arieëtta,0,3,3
Ariefien,3,0,3
Ariege,0,3,3
Ariejanda,0,3,3
Ariejanes,3,0,3
Ariejanie,0,3,3
Ariejannes,3,0,3
Ariejela,0,3,3
Ariejelle,3,0,3
Ariejene,0,3,3
Ariejetje,0,3,3
Arieke-Egbertdien,0,3,3
Arièl,3,0,3
Ariél,0,3,3
Ariël-Noor,0,3,3
Ariele,0,3,3
Arieleen,3,0,3
Arielène,0,3,3
Arieles,3,0,3
Ariëlh,0,3,3
Ariell,0,3,3
Arièlle,0,3,3
Ariëlly,0,3,3
Ariëlo,3,0,3
Ariëly,0,3,3
Ariem,3,0,3
Ariëm,3,0,3
Ariên,0,3,3
Arïen,3,0,3
Arién,3,0,3
Ariën-Jan,3,0,3
Ariën-Lee,3,0,3
Arienda,0,3,3
Ariëndo,3,0,3
Arienel,0,3,3
Arienella,0,3,3
Ariënetta,0,3,3
Arienoldus,3,0,3
Arieny,0,3,3
Arienza,0,3,3
Arieon,0,3,3
Ariesca,0,3,3
Ariesha,0,3,3
Arieshta,0,3,3
Ariesjina,0,3,3
Arieson,3,0,3
Ariessa,0,3,3
Ariesta,0,3,3
Ariestofanis,3,0,3
Arietans,3,0,3
Arietty,0,3,3
Arieyatno,3,0,3
Arieza,0,3,3
Arif-Astor,3,0,3
Arifaen,3,0,3
Arifaghatoen,0,3,3
Arifan,3,0,3
Arifanaaz,0,3,3
Arifanah,0,3,3
Arifé,0,3,3
Arifeen,3,0,3
Arifemina,0,3,3
Arifenur,0,3,3
Arifesu,0,3,3
Ariffien,3,0,3
Ariffin,3,0,3
Arifiyanto,3,0,3
Arifsha,3,0,3
Arifuddin,3,0,3
Ariga,0,3,3
Arigail,0,3,3
Ariggo,3,0,3
Arigina,0,3,3
Arigjelle,0,3,3
Arignella,0,3,3
Arigo,3,0,3
Arigon,3,0,3
Arigona,0,3,3
Arihana,0,3,3
Arihta,0,3,3
Arij-Jan,3,0,3
Arijaana,0,3,3
Aríjan,3,0,3
Arijanie,0,3,3
Arijanneke,0,3,3
Arijantie,0,3,3
Arijantji,0,3,3
Arijanus,3,0,3
Arijasp,3,0,3
Arijati,0,3,3
Arijda,0,3,3
Arijela,0,3,3
Arijelle,0,3,3
Arijender,3,0,3
Arijenne,0,3,3
Arijenné,0,3,3
Arijese,3,0,3
Arïjet,0,3,3
Arijeta,0,3,3
Arijit,3,0,3
Arijka,0,3,3
Arijke,0,3,3
Arijo,3,0,3
Arijon,0,3,3
Arijona,0,3,3
Arijs,3,0,3
Arijus,3,0,3
Arikai-besong,3,0,3
Arikai-Ebob,3,0,3
Arıkan,3,0,3
Arikus,3,0,3
Arilan,3,0,3
Arildo,3,0,3
Arilena,0,3,3
Arilene,0,3,3
Ariliënne,0,3,3
Arilio,3,0,3
Arilo,3,0,3
Arilucie,0,3,3
Arima,0,3,3
Arimathéi,3,0,3
Arimatheus,3,0,3
Arımcan,3,0,3
Arimedes,3,0,3
Arimendi,3,0,3
Arimez,3,0,3
Arimgi,0,3,3
Arïn,3,0,3
Arın,3,0,3
Arina-Janny,0,3,3
Arinass,0,3,3
Arinc,3,0,3
Arinç,3,0,3
Arinchai,3,0,3
Arindale,3,0,3
Arindath,3,0,3
Arindel,0,3,3
Arindina,0,3,3
Arindy,0,3,3
Arineke,0,3,3
Arinelle,0,3,3
Arinello,3,0,3
Arines,3,0,3
Aringe,0,3,3
Arinio,3,0,3
Arinja,0,3,3
Arínna,0,3,3
Arinne,0,3,3
Arinola,0,3,3
Arinta,0,3,3
Arinth,0,3,3
Arinthe,0,3,3
Arinti,0,3,3
Arintida,0,3,3
Arioch,3,0,3
Ariochi,3,0,3
Arioené,3,0,3
Ariola,0,3,3
Ariom,3,0,3
Arïon,3,0,3
Ariongelis,3,0,3
Ariou,3,0,3
Ariq,3,0,3
Ariqa,0,3,3
Arique,3,0,3
Arirawe,0,3,3
Aris-Dirk,3,0,3
Aris-jan,3,0,3
Arisahndi,0,3,3
Arisan,0,3,3
Arisandra,0,3,3
Arisanne,0,3,3
Arisantie,0,3,3
Arisany,0,3,3
Arisara,0,3,3
Ariscaya,0,3,3
Arisch,3,0,3
Arischa-Maria,0,3,3
Ariseli,0,3,3
Arisha-Noor,0,3,3
Arishaan,3,0,3
Arishan,3,0,3
Arishènna,0,3,3
Arishia,0,3,3
Arishika,0,3,3
Arishita,0,3,3
Arishka,0,3,3
Arishna,0,3,3
Arisiena,0,3,3
Arisin,0,3,3
Arisio,3,0,3
Ariskus,3,0,3
Arismendis,3,0,3
Arisna,0,3,3
Arisón,3,0,3
Arisona,0,3,3
Arissaputra,3,0,3
Arissara,0,3,3
Arisson,3,0,3
Aristan,3,0,3
Aristarch,3,0,3
Aristarchos,3,0,3
Aristarique,3,0,3
Aristatia,3,0,3
Ariste,0,3,3
Aristeides,3,0,3
Aristeley,0,3,3
Aristey,0,3,3
Aristha,0,3,3
Aristhon,3,0,3
Aristian,3,0,3
Arístides,3,0,3
Aristika,0,3,3
Aristofanis,3,0,3
Aristoï,3,0,3
Arístos,3,0,3
Aristotélis,3,0,3
Aristotolos,3,0,3
Aristovoulos,3,0,3
Aristüla,0,3,3
Arithan,3,0,3
Arithi,0,3,3
Ariti,0,3,3
Aritine,0,3,3
Arito,3,0,3
Arity,0,3,3
Aritza,0,3,3
Ariuntogos,0,3,3
Arivianthaly,0,3,3
Arivién,3,0,3
Arivien,3,0,3
Arivin,3,0,3
Arivind,3,0,3
Ariyadi,3,0,3
Ariyah,0,3,3
Ariyam,3,0,3
Ariyanho,3,0,3
Ariyas,3,0,3
Ariyasena,3,0,3
Ariyo,3,0,3
Ariyos,3,0,3
Ariyunto,3,0,3
Arizan,3,0,3
Arize,0,3,3
Arizina,0,3,3
Arizo,0,3,3
Arizonam,3,0,3
Arizou,0,3,3
Ariztar,3,0,3
Arizza,0,3,3
Arjaane,0,3,3
Arjade,0,3,3
Arjadi,3,0,3
Arjadna,0,3,3
Arjaeyen,3,0,3
Arjaiden,3,0,3
Arjan-Engel,3,0,3
Arjan-Frank,3,0,3
Arjan-Gijs,3,0,3
Arjan-Haije,3,0,3
Arjan-Hans,3,0,3
Arjan-Ivo,3,0,3
Arjan-Jean,3,0,3
Arjan-Mark,3,0,3
Arjan-Nicolaas,3,0,3
Arjan-Olivir,3,0,3
Arjan-Peter,3,0,3
Arjan-Sander,3,0,3
Arjan-Willem,3,0,3
Arjanakoemarie,0,3,3
Arjanca,0,3,3
Arjand,3,0,3
Arjanit,3,0,3
Arjanita,0,3,3
Arjanke,0,3,3
Arjanko,3,0,3
Arjann,3,0,3
Arjannàh,0,3,3
Arjannes,3,0,3
Arjannie,0,3,3
Arjannne,0,3,3
Arjantie,0,3,3
Arjantje,0,3,3
Arjas,3,0,3
Arjash,3,0,3
Arjaynuel,3,0,3
Arje-Pieter,3,0,3
Arjee,3,0,3
Arjeet,3,0,3
Arjeih,3,0,3
Arjelis,0,3,3
Arjën,3,0,3
Arjen-Bas,3,0,3
Arjen-Christiaan,3,0,3
Arjen-Dirk,3,0,3
Arjen-Durk,3,0,3
Arjen-Gerrit,3,0,3
Arjen-Hein,3,0,3
Arjen-Jelle,3,0,3
Arjena,0,3,3
Arjenau,3,0,3
Arjender,3,0,3
Arjendina,0,3,3
Arjenny,0,3,3
Arjensen,3,0,3
Arjento,3,0,3
Arjihn,3,0,3
Arjitno,3,0,3
Arjoan,3,0,3
Arjobarzan,3,0,3
Arjoderik,3,0,3
Arjoemand,0,3,3
Arjoenkumar,3,0,3
Arjoesja,0,3,3
Arjold,3,0,3
Arjolé,3,0,3
Arjolt,3,0,3
Arjón,3,0,3
Arjona,0,3,3
Arjoshua,3,0,3
Arjoska,3,0,3
Arjum,3,0,3
Arjumand,0,3,3
Arjumanda,0,3,3
Arjun-Amit,3,0,3
Arjun-Singh,3,0,3
Arjune,3,0,3
Arjuni,0,3,3
Arjunio,3,0,3
Arjunjit,3,0,3
Arjunkoemar,3,0,3
Arjunsing,3,0,3
Arjuny,3,0,3
Arjyron,3,0,3
Arkaash,3,0,3
Arkadash,3,0,3
Arkadie,3,0,3
Arkadievna,0,3,3
Arkadius,3,0,3
Arkadiy,3,0,3
Arkaitz,3,0,3
Arkalang,3,0,3
Arkan-Eddine,3,0,3
Arkananta,3,0,3
Arkando,3,0,3
Arkangel,3,0,3
Arkardi,3,0,3
Arkarla,0,3,3
Arkarlo,3,0,3
Arkarsch,3,0,3
Arkèn,3,0,3
Arkes,3,0,3
Arkey,3,0,3
Arkeysha,0,3,3
Arkie,3,0,3
Arkiese,3,0,3
Arkija,0,3,3
Arklaus,3,0,3
Arklie,3,0,3
Arko-Alexander,3,0,3
Arkya,0,3,3
Arl,3,0,3
Arlaijndino,3,0,3
Arlanah,0,3,3
Arlane,0,3,3
Arlanjo,3,0,3
Arlano,3,0,3
Arlas,3,0,3
Arlayni,3,0,3
Arldrick,3,0,3
Arleane,0,3,3
Arlec,3,0,3
Arlecchino,0,3,3
Arleen-Gerda,0,3,3
Arleen-Ruth,0,3,3
Arlehne,0,3,3
Arleighney,0,3,3
Arleine,0,3,3
Arlen-Finn,3,0,3
Arlena-Lynn,0,3,3
Arlencio,3,0,3
Arlend,3,0,3
Arlenda,0,3,3
Arlendo,3,0,3
Arlenhia,0,3,3
Arlenis,0,3,3
Arlenska,0,3,3
Arlenton,3,0,3
Arleny,0,3,3
Arlès,0,3,3
Arlessa,0,3,3
Arletha,0,3,3
Arleto,3,0,3
Arlette-Emilia,0,3,3
Arlette-Fatima,0,3,3
Arlewin,3,0,3
Arlewinus,3,0,3
Arlex,3,0,3
Arleyne,0,3,3
Arleyno,3,0,3
Arlhen,3,0,3
Arlianda,0,3,3
Arliando,3,0,3
Arlianne,0,3,3
Arlice,0,3,3
Arlie,3,0,3
Arlief,3,0,3
Arlienda,0,3,3
Arliène,0,3,3
Arlieneke,0,3,3
Arliënne,0,3,3
Arliëtte,0,3,3
Arlijn,0,3,3
Arlijne,0,3,3
Arlinah,0,3,3
Arlincia,0,3,3
Arlingga,3,0,3
Arlington,3,0,3
Arlinn,0,3,3
Arlinton,3,0,3
Arliona,0,3,3
Arliong,3,0,3
Arlis,3,0,3
Arlisia,0,3,3
Arlitta,0,3,3
Arliyani,0,3,3
Arlize,0,3,3
Arllen,3,0,3
Arllette,0,3,3
Arlö,3,0,3
Arlón,3,0,3
Arlong,3,0,3
Arlonzo,3,0,3
Arlotte,0,3,3
Arlouize,0,3,3
Arluc,3,0,3
Arlwinette,0,3,3
Arlyane,0,3,3
Arlyann,0,3,3
Arlyanne,0,3,3
Arlyanni,0,3,3
Arlyen,0,3,3
Arlymar,3,0,3
Arlyna,0,3,3
Arlysa,0,3,3
Arlyshiara,0,3,3
Arlysia,0,3,3
Arlyssa,0,3,3
Armaand,3,0,3
Armaandeep,3,0,3
Armaanjot,3,0,3
Armaano,3,0,3
Armaanpreet,3,0,3
Armaanshah,3,0,3
Armação,3,0,3
Armad,3,0,3
Armadillo,3,0,3
Armado,3,0,3
Armaelle,0,3,3
Armagan-Ozan,3,0,3
Armagan-Tugay,3,0,3
Armagh,0,3,3
Armahan,0,3,3
Armahn,3,0,3
Armahthei,3,0,3
Armainne,3,0,3
Armaitha,0,3,3
Armalih,3,0,3
Armalys,0,3,3
Armàn,3,0,3
Armance,0,3,3
Armanch,3,0,3
Armancha,0,3,3
Armand-André,3,0,3
Armand-Daniëll,3,0,3
Armand-John,3,0,3
Armand-Junior,3,0,3
Armandas,3,0,3
Armande-Dorien,0,3,3
Armandeep,3,0,3
Armandez,3,0,3
Armandiaz,3,0,3
Armandiene,0,3,3
Armandino,3,0,3
Armandion,3,0,3
Armandó,3,0,3
Armando-Carl,3,0,3
Armándri,3,0,3
Armaney,3,0,3
Armango,3,0,3
Armania,0,3,3
Armanirachid,3,0,3
Armanis,3,0,3
Armanjo,3,0,3
Armanne,0,3,3
Armanno,3,0,3
Armanó,3,0,3
Armansing,3,0,3
Armansoh,3,0,3
Armant,3,0,3
Armantine,0,3,3
Armantis,0,3,3
Armantsia,0,3,3
Armanus,3,0,3
Armar,3,0,3
Armari,3,0,3
Armario,3,0,3
Armarley,0,3,3
Armaro,3,0,3
Armati,3,0,3
Armato,3,0,3
Armaty,3,0,3
Armayan,3,0,3
Armée,3,0,3
Armeen,3,0,3
Armeija,0,3,3
Armeijn,0,3,3
Armeita,0,3,3
Armekemine,0,3,3
Armeliaana,0,3,3
Armelien,0,3,3
Armelio,3,0,3
Armélis,0,3,3
Armelis,0,3,3
Armelita,0,3,3
Armeljon,3,0,3
Armelle-Blue,0,3,3
Armenac,3,0,3
Armenakovna,0,3,3
Armencio,3,0,3
Armënda,0,3,3
Armendra,3,0,3
Armenia,0,3,3
Arménia,0,3,3
Armenn,3,0,3
Armeno,3,0,3
Armenouhi,0,3,3
Armenovitsj,3,0,3
Arment,3,0,3
Armenuhi,0,3,3
Armenziyo,3,0,3
Armerie,0,3,3
Armero,3,0,3
Armes,3,0,3
Armesh,3,0,3
Armetha,0,3,3
Armgarda,0,3,3
Armhard,3,0,3
Armi,0,3,3
Armicha,0,3,3
Armidha,0,3,3
Armidie,3,0,3
Armie,3,0,3
Armiëndo,3,0,3
Armijo,3,0,3
Armik,3,0,3
Armil,0,3,3
Armilda,0,3,3
Armilde,0,3,3
Armilene,0,3,3
Armilyo,3,0,3
Armin-Alexander,3,0,3
Arminak,3,0,3
Armind,3,0,3
Arminé,0,3,3
Armini,0,3,3
Arminija,0,3,3
Armino,3,0,3
Arminta,0,3,3
Armintho,3,0,3
Armirelis,0,3,3
Armit,3,0,3
Armitha,0,3,3
Armiyoon,3,0,3
Armke,0,3,3
Armo,3,0,3
Armoenie,0,3,3
Armoes,3,0,3
Armondo,3,0,3
Armony,3,0,3
Armyan,3,0,3
Arnaa,0,3,3
Arnaaz,3,0,3
Arnab,3,0,3
Arnabella,0,3,3
Arnad,3,0,3
Arnalis,3,0,3
Arnall,3,0,3
Arnande,0,3,3
Arnandi,0,3,3
Arnandina,0,3,3
Arnantes,3,0,3
Arnanto,3,0,3
Arnar-Jan,3,0,3
Arnardine,0,3,3
Arnas,3,0,3
Arnash,3,0,3
Arnatia,0,3,3
Arnaud-Jan,3,0,3
Arnauda,0,3,3
Arnaudina,0,3,3
Arnaudine,0,3,3
Arnault,3,0,3
Arnava,3,0,3
Arnavi,0,3,3
Arnäz,3,0,3
Arnd-Jan,3,0,3
Arndiena,0,3,3
Arndrik,3,0,3
Arnds,3,0,3
Arndt-Sjoerd,3,0,3
Arne-Eelco,3,0,3
Arne-Luc,3,0,3
Arne-Marco,3,0,3
Arne-Menno,3,0,3
Arne-Pierre,3,0,3
Arne-Pieter,3,0,3
Arne-Willy,3,0,3
Arneaux,3,0,3
Arnechienus,3,0,3
Arned,3,0,3
Arnegeert,3,0,3
Arneh,3,0,3
Arneil,3,0,3
Arnelene,0,3,3
Arneli,0,3,3
Arnélie,0,3,3
Arnelieke,0,3,3
Arnelijn,0,3,3
Arnelinde,0,3,3
Arnelis,3,0,3
Arnelli,0,3,3
Arnello,3,0,3
Arneloes,0,3,3
Arnelotte,0,3,3
Arnemieke,0,3,3
Arneo,3,0,3
Arner,3,0,3
Arnèr,3,0,3
Arnesen,3,0,3
Arnésh,3,0,3
Arneshkoemar,3,0,3
Arness,3,0,3
Arnesus,3,0,3
Arneta,0,3,3
Arnetio,3,0,3
Arnèz,3,0,3
Arnfield,3,0,3
Arnfin,3,0,3
Arnfred,3,0,3
Arnhel,3,0,3
Arnhild,0,3,3
Arniane,0,3,3
Arnid,3,0,3
Arnidia,0,3,3
Arniël,0,3,3
Arnieldo,3,0,3
Arniëlle,0,3,3
Arnies,3,0,3
Arniesh,3,0,3
Arnieta,0,3,3
Arnietha,0,3,3
Arnil,3,0,3
Arnilda,0,3,3
Arnildo,3,0,3
Arnin,3,0,3
Arnine,0,3,3
Arniq,3,0,3
Arnis,3,0,3
Arnissa,0,3,3
Arnisus,3,0,3
Arnjalex,3,0,3
Arnjan,3,0,3
Arnjes,0,3,3
Arnjo,3,0,3
Arnljot,3,0,3
Arno-Christian,3,0,3
Arno-Gerard,3,0,3
Arno-Josua,3,0,3
Arno-Laurent,3,0,3
Arno-Sander,3,0,3
Arno-Simon,3,0,3
Arnoa,0,3,3
Arnoald,3,0,3
Arnobert,3,0,3
Arnobia,0,3,3
Arnoek,0,3,3
Arnoel,3,0,3
Arnoeska,0,3,3
Arnol,3,0,3
Arnold-Bruin,3,0,3
Arnold-Dirk,3,0,3
Arnold-George,3,0,3
Arnold-Layne,3,0,3
Arnold-Peter,3,0,3
Arnold-Tolik,3,0,3
Arnolda-Martina,0,3,3
Arnolders,3,0,3
Arnoldjan,3,0,3
Arnoldje,0,3,3
Arnoldovna,0,3,3
Arnolds,3,0,3
Arnolduske,0,3,3
Arnoldussen,3,0,3
Arnolein,0,3,3
Arnolfa,0,3,3
Arnolfus,3,0,3
Arnolien,0,3,3
Arnolina,0,3,3
Arnoline,0,3,3
Arnolke,0,3,3
Arnoll,3,0,3
Arnolles,3,0,3
Arnollina,0,3,3
Arnollus,3,0,3
Arnoltina,0,3,3
Arnoltruda,3,0,3
Arnonda,0,3,3
Arnor,3,0,3
Arnora,0,3,3
Arnoud-Erik,3,0,3
Arnoud-Martin,3,0,3
Arnoud-Michel,3,0,3
Arnoud-Peter,3,0,3
Arnoudien,0,3,3
Arnoudsdochter,0,3,3
Arnoudy,0,3,3
Arnoulf,3,0,3
Arnouska,0,3,3
Arnouss,3,0,3
Arnout-Hugo,3,0,3
Arnout-Jan,3,0,3
Arnout-Pepijn,3,0,3
Arnoutina,0,3,3
Arnseth-Junior,3,0,3
Arnson,3,0,3
Arnstine,0,3,3
Arnte,3,0,3
Arntine,0,3,3
Arntz,3,0,3
Arnûlf,3,0,3
Arnvin,3,0,3
Arnya,0,3,3
Arnyan,3,0,3
Arnylia,0,3,3
Arnyta,0,3,3
Aroah-Jade,0,3,3
Aroaldo,3,0,3
Aroan,0,3,3
Arobi,3,0,3
Aroboinsen,3,0,3
Aroef,3,0,3
Aroej,0,3,3
Aroekoenimjo,0,3,3
Aroën,0,3,3
Aroen-Kumar,3,0,3
Aroena-debi,0,3,3
Aroenadewie,0,3,3
Aroenawatie,0,3,3
Aroenperkash,3,0,3
Aroenradjkumar,3,0,3
Aroesh,3,0,3
Aroesha,0,3,3
Aroesiek,0,3,3
Aroesja,0,3,3
Aroetin,3,0,3
Aroezo,0,3,3
Arohan,3,0,3
Arohy,0,3,3
Aroi,0,3,3
Arojak,0,3,3
Arok,3,0,3
Arold-Arthur,3,0,3
Arolea,0,3,3
Arom,0,3,3
Aromylda,0,3,3
Aròn,3,0,3
Aron-Daniël,3,0,3
Aron-Justin,3,0,3
Aron-Luc,3,0,3
Aronadebie,0,3,3
Aronda,0,3,3
Arondias,3,0,3
Arondiena,0,3,3
Aronds,3,0,3
Arone,3,0,3
Aronel,3,0,3
Arongísia,0,3,3
Aroni,3,0,3
Aronna,0,3,3
Aronnetta,0,3,3
Aronolda,0,3,3
Arons,3,0,3
Aronszo,3,0,3
Aronui,0,3,3
Arony,0,3,3
Aronymus,3,0,3
Aroona,0,3,3
Aroonkoemar,3,0,3
Aropa,0,3,3
Aror,3,0,3
Aroraë,0,3,3
Arosen,3,0,3
Arouan,3,0,3
Arouard,3,0,3
Aroug,0,3,3
Arouj,0,3,3
Arouma,0,3,3
Aroumy,0,3,3
Arousha,0,3,3
Arouska,0,3,3
Aroussia,0,3,3
Aroy,3,0,3
Aroyo,3,0,3
Aroz,3,0,3
Arozw,0,3,3
Arpa,0,3,3
Arpách,3,0,3
Arpahna,0,3,3
Arpakşad,3,0,3
Arpanadevi,0,3,3
Arpanakumarie,0,3,3
Arpena,0,3,3
Arphil,3,0,3
Arphin,3,0,3
Arpiha,0,3,3
Arpiné,0,3,3
Arpitadevi,0,3,3
Arpitha,0,3,3
Arpjar,3,0,3
Arpna,0,3,3
Arpon,3,0,3
Arqisha,0,3,3
Arquedean,3,0,3
Arquedion,3,0,3
Arquillian,3,0,3
Arquimedes,3,0,3
Arquimides,3,0,3
Arquisa,0,3,3
Arqum,3,0,3
Arra,3,0,3
Arrabel,0,3,3
Arracely,0,3,3
Arrachi,0,3,3
Arrad,3,0,3
Arragorn,3,0,3
Arrah,0,3,3
Arrahmaan,3,0,3
Arrahman,0,3,3
Arrainne,0,3,3
Arrana,0,3,3
Arrancha,0,3,3
Arrancia,0,3,3
Arrand,3,0,3
Arrang,3,0,3
Arrantes,3,0,3
Arrantès,0,3,3
Arraqib,3,0,3
Arrash,3,0,3
Arrate,0,3,3
Arrathoon,3,0,3
Arreanna,0,3,3
Arreanne,0,3,3
Arrecife,3,0,3
Arrediena,0,3,3
Arredina,0,3,3
Arredyna,0,3,3
Arrejaan,3,0,3
Arrejaantje,0,3,3
Arrejan,3,0,3
Arrejanneke,0,3,3
Arrel,3,0,3
Arrèl,3,0,3
Arrèn,3,0,3
Arrendo,3,0,3
Arrens,3,0,3
Arrenzina,0,3,3
Arresiena,0,3,3
Arrestèa,0,3,3
Arrette,0,3,3
Arrewin,3,0,3
Arrewinde,3,0,3
Arrey,3,0,3
Arrezo,0,3,3
Arrezzoe,0,3,3
Arrhea,0,3,3
Arri,3,0,3
Arrial,0,3,3
Arrianti,0,3,3
Arrianto,3,0,3
Arrich,3,0,3
Arrichälla,0,3,3
Arrichino,3,0,3
Arricio,3,0,3
Arricson,3,0,3
Arrie-Jan,3,0,3
Arrie-Louise,0,3,3
Arrieadne,0,3,3
Arriefhoesein,3,0,3
Arriejan,3,0,3
Arriejanne,0,3,3
Arriëndina,0,3,3
Arriëte,0,3,3
Arriëtty,0,3,3
Arrijette,0,3,3
Arrike,0,3,3
Arrina,0,3,3
Arrindo,3,0,3
Arrine,0,3,3
Arrinka,0,3,3
Arris-Jan,3,0,3
Arrisa,0,3,3
Arrisjan,3,0,3
Arrisno,3,0,3
Arrisstolless,3,0,3
Arristine,0,3,3
Arritetiène,0,3,3
Arritsha,0,3,3
Arrius,3,0,3
Arriva,0,3,3
Arrivien,3,0,3
Arriyán,3,0,3
Arrnooth,3,0,3
Arroen,3,0,3
Arrol,3,0,3
Arrön,3,0,3
Arrowyn,0,3,3
Arrpa,0,3,3
Arruan,0,3,3
Arrun,3,0,3
Arrusa,0,3,3
Arryanne,0,3,3
Arryjelle,0,3,3
Arryn,3,0,3
Arryon,3,0,3
Arrysanna,0,3,3
Arş,3,0,3
Arşâ,0,3,3
Arsainah,0,3,3
Arşak,3,0,3
Arsal-ur,3,0,3
Arsalah,3,0,3
Arsalain,0,3,3
Arsaloeys,0,3,3
Arsalon,3,0,3
Arsalsingh,3,0,3
Arsalus,0,3,3
Arsaluys,0,3,3
Arsaluz,0,3,3
Arsana,0,3,3
Arsanadevi,0,3,3
Arsanal,3,0,3
Arsanios,3,0,3
Arsanti,0,3,3
Arsanto,3,0,3
Arsavir,3,0,3
Arsch,3,0,3
Arschaf,3,0,3
Arschan,3,0,3
Arschana,0,3,3
Arsdeep,3,0,3
Arsebiades,3,0,3
Arseen,3,0,3
Arseino,3,0,3
Arselena,0,3,3
Arseli,0,3,3
Arselia,0,3,3
Arselie,0,3,3
Arsella,0,3,3
Arsemadaniel,0,3,3
Arsën,3,0,3
Arsén,3,0,3
Arsena,0,3,3
Arsenad,0,3,3
Arsenawatie,0,3,3
Arsenie,3,0,3
Arseniho,3,0,3
Arsenij,3,0,3
Arseñio,3,0,3
Arsénius,3,0,3
Arsény,3,0,3
Arsenyo,3,0,3
Arseolinda,0,3,3
Arserela,0,3,3
Arşewîn,3,0,3
Arshaadkhan,3,0,3
Arshaadsing,3,0,3
Arshad-Ali,3,0,3
Arshadali,3,0,3
Arshadkumar,3,0,3
Arshaf,3,0,3
Arshaloes,0,3,3
Arshalouse,0,3,3
Arshand,3,0,3
Arshania,0,3,3
Arshanno,3,0,3
Arshanoesh,0,3,3
Arshant,3,0,3
Arshantely,0,3,3
Arshanty,0,3,3
Arsharven,3,0,3
Arshavien,3,0,3
Arshavier,3,0,3
Arshavir,3,0,3
Arshayan,3,0,3
Arshaykumar,3,0,3
Arshayno,3,0,3
Arshea,0,3,3
Arsheala,0,3,3
Arshedi,0,3,3
Arsheea,0,3,3
Arshegunio,3,0,3
Arshel,3,0,3
Arshella,0,3,3
Arshena,0,3,3
Arsheni,0,3,3
Arshenie,0,3,3
Arsheniedebie,0,3,3
Arsheyno,3,0,3
Arshiel-Aziem,3,0,3
Arshien,0,3,3
Arshija,3,0,3
Arshika,0,3,3
Arshinaz,0,3,3
Arshino,3,0,3
Arshma,0,3,3
Arshman,3,0,3
Arshnie,0,3,3
Arshnoor,3,0,3
Arsho-Louise,0,3,3
Arshpreet,0,3,3
Arshra,3,0,3
Arshwan,3,0,3
Arshwariya,0,3,3
Arshween,0,3,3
Arshwien,3,0,3
Arshyan,3,0,3
Arshyana,0,3,3
Arsi,3,0,3
Arsiana,0,3,3
Arsianie,0,3,3
Arsida,0,3,3
Arsie,0,3,3
Arsil,3,0,3
Arşil,0,3,3
Arsinah,0,3,3
Arsine,0,3,3
Arsinée,0,3,3
Arsinie,0,3,3
Arsinjo,3,0,3
Arsinoë,0,3,3
Arsiriandro,3,0,3
Arşıyan,0,3,3
Arsjak,3,0,3
Arsjanty,0,3,3
Arslanali,3,0,3
Arslanbey,3,0,3
Arslene,3,0,3
Arsmand,3,0,3
Arso,3,0,3
Arsov,3,0,3
Arsôya,0,3,3
Arspreet,3,0,3
Arssalan,3,0,3
Arsseny,3,0,3
Arsserina,0,3,3
Arssiné,0,3,3
Arsta,0,3,3
Arstenio,3,0,3
Arsu,0,3,3
Arsusch,3,0,3
Arswan,3,0,3
Arswani,0,3,3
Arswee,3,0,3
Arsya,3,0,3
Arsyad,3,0,3
Arsyana,0,3,3
Arsyenne,0,3,3
Arsylia,0,3,3
Art-jan,3,0,3
Art-Jasper,3,0,3
Art-Jo,3,0,3
Arta-Jean,0,3,3
Artachsasta,0,3,3
Artafern,3,0,3
Artah,0,3,3
Artai,3,0,3
Artalda,0,3,3
Artam,3,0,3
Artamevia,0,3,3
Artamisia,0,3,3
Artana,0,3,3
Artane,0,3,3
Artauli,0,3,3
Artchibald,3,0,3
Artdian,3,0,3
Artelena,0,3,3
Artella,0,3,3
Artèm,3,0,3
Artem-Ogér,3,0,3
Artemesius,3,0,3
Artemie,3,0,3
Artemisa,0,3,3
Artemise,0,3,3
Artemius,3,0,3
Artemjevna,0,3,3
Artenasia,0,3,3
Artenes,3,0,3
Artesa,0,3,3
Artesh,0,3,3
Arthea,0,3,3
Arthello,3,0,3
Arthémise,0,3,3
Arthen,3,0,3
Arthenius,3,0,3
Artheo,3,0,3
Arthéttaya,0,3,3
Artheu,3,0,3
Artheunis,3,0,3
Artheur,3,0,3
Artheüs,3,0,3
Arthia,3,0,3
Arthiele,0,3,3
Arthiga,0,3,3
Arthigan,3,0,3
Arthiha,0,3,3
Arthihan,3,0,3
Arthike,3,0,3
Arthim,3,0,3
Arthiya,0,3,3
Arthmaël,3,0,3
Arthor,3,0,3
Arthorious,0,3,3
Arthos,3,0,3
Arthshel,3,0,3
Arththika,0,3,3
Arththy,0,3,3
Arthür,3,0,3
Arthur-Edward,3,0,3
Arthur-Franklin,3,0,3
Arthur-Ian,3,0,3
Arthur-Jeroen,3,0,3
Arthur-Loe,3,0,3
Arthur-Pedro,3,0,3
Arthur-Silver,3,0,3
Arthurelis,0,3,3
Arthurio,3,0,3
Arthurovna,0,3,3
Arthurr,3,0,3
Arthurro,3,0,3
Arthury,3,0,3
Arthuus,3,0,3
Arthuwe,3,0,3
Arthyn,3,0,3
Arti-Roshni,0,3,3
Artian,3,0,3
Artice,0,3,3
Articia,0,3,3
Artidevie,0,3,3
Artie-Rishmi,0,3,3
Artieda,0,3,3
Artiedevi,0,3,3
Artigard,3,0,3
Artijani,0,3,3
Artijola,0,3,3
Artika,0,3,3
Artikoemari,0,3,3
Artikoemarie,0,3,3
Artillio,3,0,3
Artim,3,0,3
Artimis,3,0,3
Artines,3,0,3
Artinjo,3,0,3
Artiño,3,0,3
Artiom,3,0,3
Artion,3,0,3
Artish,3,0,3
Artisingh,0,3,3
Artista,3,0,3
Artjani,0,3,3
Artjanna,0,3,3
Artjem,3,0,3
Artjenadevi,0,3,3
Artobelly,3,0,3
Artoetiantie,0,3,3
Artofel,3,0,3
Artoise,0,3,3
Artonio,3,0,3
Artonni,0,3,3
Artonnies,3,0,3
Artor,3,0,3
Artoria,0,3,3
Artowan,3,0,3
Artoz,3,0,3
Artray,0,3,3
Artrell,3,0,3
Artrik,3,0,3
Artshedey,0,3,3
Artsje,0,3,3
Artthy,0,3,3
Artti,0,3,3
Artúr,3,0,3
Arturin,3,0,3
Arturus,3,0,3
Artus,3,0,3
Artush,3,0,3
Artusson,3,0,3
Artutiantie,0,3,3
Artüür,3,0,3
Artuur-Jan,3,0,3
Artween,3,0,3
Artwiech,3,0,3
Artwienpersad,3,0,3
Artz,3,0,3
Arub,0,3,3
Arube,0,3,3
Arubelle,0,3,3
Arudselvan,3,0,3
Aruèn,0,3,3
Arugo,3,0,3
Aruha,0,3,3
Aruhi,0,3,3
Aruindo,3,0,3
Arujan,3,0,3
Aruje,0,3,3
Aruksana,0,3,3
Aruleshika,0,3,3
Arullio,3,0,3
Arulnesan,3,0,3
Arumsari,0,3,3
Arún,3,0,3
Arun-Tiger,3,0,3
Arunadebbie,0,3,3
Arunadevie,0,3,3
Arunadewie,0,3,3
Arunakoemarie,0,3,3
Arunakumari,0,3,3
Arunakumarie,0,3,3
Arunanda,3,0,3
Arunata,3,0,3
Arunavan,3,0,3
Arundale,3,0,3
Arundath,3,0,3
Arundathi,0,3,3
Arundati,0,3,3
Arundeep,3,0,3
Arundev,3,0,3
Arundhati,0,3,3
Arundine,0,3,3
Arune,0,3,3
Aruneesh,3,0,3
Aruneshprakash,3,0,3
Arungbumi,3,0,3
Arungie,3,0,3
Arunh,3,0,3
Arunija,0,3,3
Arunita,0,3,3
Arunjan,3,0,3
Arunjun,3,0,3
Arunkanth,3,0,3
Arunn,3,0,3
Arunrach,3,0,3
Arunsingh,3,0,3
Arunsu,3,0,3
Aruntavan,3,0,3
Aruntha,0,3,3
Arunththamil,0,3,3
Aruny,0,3,3
Arunyan,3,0,3
Aruodo,0,3,3
Aruosa,0,3,3
Arup,3,0,3
Aruran,3,0,3
Arus,0,3,3
Arusa,0,3,3
Arusana,0,3,3
Arüsek,0,3,3
Arush-Nohar,3,0,3
Arushana,0,3,3
Arushdeep,3,0,3
Arushkoemar,3,0,3
Arushna,0,3,3
Arusho,3,0,3
Arusi,0,3,3
Arusik,0,3,3
Arusja,3,0,3
Arusya,0,3,3
Arusyak,0,3,3
Arutha,3,0,3
Arutiun,3,0,3
Arutjun,3,0,3
Arutunov,3,0,3
Aruwana,0,3,3
Aruwenan,0,3,3
Aruz,3,0,3
Arvaan,3,0,3
Arvagatoen,0,3,3
Arvak,3,0,3
Arvanah,0,3,3
Arvand,3,0,3
Arvania,0,3,3
Arvaz,3,0,3
Arved,3,0,3
Arvell,3,0,3
Arvella,0,3,3
Arven,3,0,3
Arvena,0,3,3
Arveresha,0,3,3
Arverna,0,3,3
Arvey,3,0,3
Arvhana,0,3,3
Arvian,3,0,3
Arviänah,0,3,3
Arvianto,3,0,3
Arvida,0,3,3
Arviën,0,3,3
Arviëndomar,3,0,3
Arvienne,0,3,3
Arvika,0,3,3
Arville,3,0,3
Arvina,0,3,3
Arvinash,3,0,3
Arvind-Prashand,3,0,3
Arvinder,3,0,3
Arvindh,3,0,3
Arvindpersad,3,0,3
Arvindraj,3,0,3
Arvindrekumar,3,0,3
Arvindsahay,3,0,3
Arvindsing,3,0,3
Arvindsingh,3,0,3
Arvinjit,3,0,3
Arvino,3,0,3
Arviq,3,0,3
Arvisch,3,0,3
Arviswara,3,0,3
Arvita,0,3,3
Arvitt,3,0,3
Arviyano,3,0,3
Arvon,3,0,3
Arvy,3,0,3
Arvydas,3,0,3
Arwaa,0,3,3
Arwah,3,0,3
Arwani,3,0,3
Arwanii,0,3,3
Arwankoemar,3,0,3
Arwend,3,0,3
Arwende,0,3,3
Arwendia,0,3,3
Arweshni,0,3,3
Arwhen,0,3,3
Arwhyn,0,3,3
Arwhynn,0,3,3
Arwian,3,0,3
Arwid,3,0,3
Arwiena,0,3,3
Arwienash,3,0,3
Arwienkoemar,3,0,3
Arwienkumar,3,0,3
Arwijn,3,0,3
Arwîn,3,0,3
Arwin-Jan,3,0,3
Arwindath,3,0,3
Arwinder,3,0,3
Arwindre,3,0,3
Arwindré,3,0,3
Arwindt,3,0,3
Arwine,0,3,3
Arwinesh,3,0,3
Arwinkoemar,3,0,3
Arwinkumar,3,0,3
Arwitha,0,3,3
Arwolt,3,0,3
Arwout,3,0,3
Arwynd,3,0,3
Arwynn,0,3,3
Arxenia,0,3,3
Arxhend,3,0,3
Ary-Bastiaan,3,0,3
Ary-Janne,0,3,3
Arya-Armin,3,0,3
Arya-Christian,3,0,3
Arya-Xin,0,3,3
Aryaas,3,0,3
Aryaash,3,0,3
Aryada,3,0,3
Aryadew,3,0,3
Aryadharma,3,0,3
Aryadi,3,0,3
Aryadika,3,0,3
Aryadne,0,3,3
Aryaël,3,0,3
Aryaen,3,0,3
Aryahi,0,3,3
Aryamaan,3,0,3
Aryamanesh,3,0,3
Aryamani,0,3,3
Aryamansingh,3,0,3
Arÿan,3,0,3
Aryan-Raaj,3,0,3
Aryan-Raj,3,0,3
Aryanah,0,3,3
Aryanandpersad,3,0,3
Aryander,3,0,3
Aryandi,3,0,3
Aryandra,3,0,3
Aryandy,3,0,3
Aryaneh,0,3,3
Aryankumar,3,0,3
Aryann,3,0,3
Aryans,3,0,3
Aryansh,3,0,3
Aryanthe,0,3,3
Aryantho,3,0,3
Aryanvir,3,0,3
Aryas,3,0,3
Aryash,3,0,3
Aryatmi,0,3,3
Aryatna,3,0,3
Aryaton,3,0,3
Aryatti,0,3,3
Aryaty,3,0,3
Aryehbea,0,3,3
Aryehny,0,3,3
Aryéle,0,3,3
Aryell,0,3,3
Aryella,0,3,3
Aryelle,0,3,3
Aryendrasingh,3,0,3
Aryënho,3,0,3
Aryenni,0,3,3
Aryens,3,0,3
Aryewinder,3,0,3
Aryf,3,0,3
Aryhanna,0,3,3
Aryien,3,0,3
Aryin,3,0,3
Aryke,0,3,3
Arylea,0,3,3
Aryne,0,3,3
Arynetta,0,3,3
Arynka,0,3,3
Arynke,0,3,3
Arynn,0,3,3
Arynout,3,0,3
Arynus,3,0,3
Aryöany,3,0,3
Aryob,3,0,3
Aryojatmiko,3,0,3
Aryola,0,3,3
Aryos,3,0,3
Arysa,0,3,3
Arysh,3,0,3
Aryshia,0,3,3
Aryssa,0,3,3
Aryton,3,0,3
Aryuna,3,0,3
Aryus,3,0,3
Aryush,3,0,3
Aryzo,3,0,3
Arza,0,3,3
Arzallan,3,0,3
Arzchell,3,0,3
Arze,0,3,3
Arzénio,3,0,3
Arzenyo,3,0,3
Arzetül,0,3,3
Arzhel,3,0,3
Arzı,0,3,3
Arzil,3,0,3
Arzilio,3,0,3
Arzin,3,0,3
Arzinho,3,0,3
Arzinioh,3,0,3
Arzjen,3,0,3
Arzoe,0,3,3
Arzola,0,3,3
Arzu-Asena,0,3,3
Arzu-Güzin,0,3,3
As-Sami,3,0,3
Aša,0,3,3
Asaâd,3,0,3
Asaah,0,3,3
Asaala,0,3,3
Asaalah,0,3,3
Asaam,3,0,3
Asaan,3,0,3
Asab,3,0,3
Asabere,3,0,3
Asabeya,0,3,3
Asâd,3,0,3
Asad-Ul-Haq,3,0,3
Asadé,3,0,3
Asadel,3,0,3
Asadulah,3,0,3
Asaēl,3,0,3
Asaesh,0,3,3
Asafcan,3,0,3
Asafina,0,3,3
Asafra,0,3,3
Asafu,3,0,3
Asahel,3,0,3
Aśahel,3,0,3
Asahi,0,3,3
Asai,3,0,3
Asaijah,3,0,3
Asaïl,3,0,3
Asaira,0,3,3
Asako,3,0,3
Asalah,0,3,3
Asalea,0,3,3
Asalet,0,3,3
Asalina,3,0,3
Asama,0,3,3
Asamany,0,3,3
Asameah,0,3,3
Asamoah-Omono,3,0,3
Asamoia,0,3,3
Aşan,3,0,3
Asanaisa,0,3,3
Asanay,0,3,3
Asandhi,0,3,3
Asandro,3,0,3
Asang,3,0,3
Asanga,0,3,3
Asanmachukwu,0,3,3
Asanté,3,0,3
Asantewaa-Asranti,0,3,3
Asantheya,0,3,3
Asanti,3,0,3
Asantie,3,0,3
Asantosh,3,0,3
Asantti,0,3,3
Asantwaa,0,3,3
Asanya,0,3,3
Asaph,3,0,3
Asapoti,3,0,3
Asaraf,3,0,3
Asareh,3,0,3
Asarelah,0,3,3
Asaren,3,0,3
Asaria,0,3,3
Asarif,3,0,3
Asarina,0,3,3
Asastree,3,0,3
Asat,3,0,3
Asatur,3,0,3
Asaughad,3,0,3
Asaura,0,3,3
Asavari,0,3,3
Asavin,3,0,3
Asavmisir,3,0,3
Asawin,3,0,3
Asaya-Yahda,0,3,3
Asayer,3,0,3
Asayi,3,0,3
Asbed,3,0,3
Asbert,3,0,3
Asbjörg,0,3,3
Ascacio,3,0,3
Ascal,3,0,3
Ascanio,3,0,3
Ascar,3,0,3
Ascari,3,0,3
Ascelijn,0,3,3
Ascelis,0,3,3
Ascencio,3,0,3
Ascencion,0,3,3
Ascensáo,0,3,3
Ascensia,0,3,3
Ascension,0,3,3
Ascensión,0,3,3
Ascenzio,3,0,3
Asceola,3,0,3
Ascha-Pareegh,0,3,3
Aschanti,0,3,3
Aschanty,0,3,3
Aschayra,0,3,3
Aschen,3,0,3
Aschena,0,3,3
Aschille,3,0,3
Aschish,3,0,3
Aschly,0,3,3
Aschmi,0,3,3
Aschnakiran,0,3,3
Aschni,0,3,3
Aschra,0,3,3
Aschrof,3,0,3
Aschwand,3,0,3
Aschwankumar,3,0,3
Aschwi,3,0,3
Aschwijn,3,0,3
Aschwina,0,3,3
Aschwine,3,0,3
Aschwinie,0,3,3
Aschwinka,0,3,3
Aschwinkoemar,3,0,3
Aschwino,3,0,3
Aschwinte,0,3,3
Aschwinth,3,0,3
Aschwinus,3,0,3
Aschyr,3,0,3
Ascona,3,0,3
Asdginé,0,3,3
Asdie,3,0,3
Asdien,3,0,3
Asdjad,0,3,3
Asdren,3,0,3
Asdriana,0,3,3
Asea,0,3,3
Aseanty,0,3,3
Aseanus,3,0,3
Asebe,0,3,3
Ased,3,0,3
Aseem,3,0,3
Aseerun,0,3,3
Asees,3,0,3
Asefa,0,3,3
Asegë,3,0,3
Asegöl,0,3,3
Asei,0,3,3
Aseia,0,3,3
Asekhame,3,0,3
Asèl,0,3,3
Aseli,3,0,3
Aselma,0,3,3
Asemah,0,3,3
Asemia,0,3,3
Asemurimy,0,3,3
Asemuwamo,0,3,3
Asenar,0,3,3
Asenay,0,3,3
Asencio,3,0,3
Asenginho,3,0,3
Aseni,3,0,3
Aserenan,0,3,3
Aserep,0,3,3
Aserhaddon,3,0,3
Aserie,0,3,3
Aset,0,3,3
Aseyah,0,3,3
Aseyla,0,3,3
Asfahaan,3,0,3
Asfahana,3,0,3
Asfan,3,0,3
Asfana,0,3,3
Asfandyar,3,0,3
Asfaqhoesein,3,0,3
Asfar,3,0,3
Asfiek,3,0,3
Asfiya,0,3,3
Asfor,3,0,3
Asga,3,0,3
Asgar-Ali,3,0,3
Asgard,3,0,3
Asgeir,3,0,3
Asghede,3,0,3
Asgho,3,0,3
Asgsha,3,0,3
Asgül,0,3,3
Ash-Had,3,0,3
Ash-Lyn,0,3,3
Ash-Lynn,0,3,3
Ash-Wayne,3,0,3
Asha-Devi,0,3,3
Asha-Roon,0,3,3
Ashaa,0,3,3
Ashaad,3,0,3
Ashaanie,0,3,3
Ashaant,3,0,3
Ashaantie,0,3,3
Ashaaz,3,0,3
Ashad-Ali,3,0,3
Ashada,0,3,3
Ashadewie,0,3,3
Ashadibie,0,3,3
Ashadsharief,3,0,3
Ashaël,3,0,3
Ashafaa,0,3,3
Ashaik,3,0,3
Ashailey,0,3,3
Ashäily,0,3,3
Ashaiña,0,3,3
Ashaïno,3,0,3
Ashaira,0,3,3
Ashairo,3,0,3
Ashakar,3,0,3
Ashakiin,0,3,3
Ashakiran,0,3,3
Ashakumarie,0,3,3
Ashal,3,0,3
Ashaliya,0,3,3
Ashalley,3,0,3
Ashalya,0,3,3
Asham,3,0,3
Ashamad,3,0,3
Ashanai,3,0,3
Ashanda,0,3,3
Ashandi,0,3,3
Ashandilay,0,3,3
Ashando,3,0,3
Ashandra,0,3,3
Ashanely,0,3,3
Ashaney-Devi,0,3,3
Ashanika,0,3,3
Ashàninka,0,3,3
Ashanique,0,3,3
Ashanka,0,3,3
Ashann,3,0,3
Ashanta,0,3,3
Ashantal-Ly,0,3,3
Ashantalina,0,3,3
Ashantaly,0,3,3
Ashantan,3,0,3
Ashantany,0,3,3
Ashantaris,0,3,3
Ashantella,0,3,3
Ashantelly,0,3,3
Ashanthaly,0,3,3
Ashanthe,3,0,3
Ashanthé,3,0,3
Ashanthy,0,3,3
Ashanti-Pearl,0,3,3
Ashantia,0,3,3
Ashantiley,0,3,3
Ashantilly,0,3,3
Ashantiwa,0,3,3
Ashantiwah,0,3,3
Ashanty-Joy,0,3,3
Ashaparik,0,3,3
Ashapurna,0,3,3
Asharda,0,3,3
Ashareina,0,3,3
Asharia,0,3,3
Asharifa,0,3,3
Asharvi,0,3,3
Asharya,0,3,3
Ashatosh,3,0,3
Ashauna,0,3,3
Ashaunti,0,3,3
Ashavan,3,0,3
Ashawera,0,3,3
Ashawnty,0,3,3
Ashayna,0,3,3
Ashayra,0,3,3
Ashba,0,3,3
Ashbel,3,0,3
Ashbert,3,0,3
Ashbin,3,0,3
Ashca,0,3,3
Ashcroft,3,0,3
Ashdane,3,0,3
Ashden,3,0,3
Ashdha,0,3,3
Ashea,0,3,3
Asheba,0,3,3
Ashed,3,0,3
Ashee,0,3,3
Asheeka,0,3,3
Asheenia,0,3,3
Asheetal,0,3,3
Asheida,0,3,3
Asheikh,3,0,3
Asheka,0,3,3
Asheleigh,0,3,3
Ashelia,0,3,3
Ashelin,0,3,3
Ashelina,0,3,3
Ashellia,0,3,3
Ashello,3,0,3
Ashelly,0,3,3
Ashem,3,0,3
Ashemi,0,3,3
Asheminie,0,3,3
Ashenafi,3,0,3
Ashentely,0,3,3
Ashenty,0,3,3
Ashér,3,0,3
Asheri,0,3,3
Asheron,3,0,3
Asherwin,3,0,3
Asheshnarayan,3,0,3
Ashetosh,3,0,3
Ashfaaque,3,0,3
Ashfag,3,0,3
Ashfahanie,3,0,3
Ashfara,0,3,3
Ashfarah,0,3,3
Ashfia,0,3,3
Ashgan,0,3,3
Ashhar,3,0,3
Ashianadevi,0,3,3
Ashiara,0,3,3
Ashick,3,0,3
Ashida,0,3,3
Ashidi,0,3,3
Ashief,3,0,3
Ashiefa,0,3,3
Ashieka,0,3,3
Ashieq,3,0,3
Ashieroennisa,0,3,3
Ashiesch,3,0,3
Ashiesna,0,3,3
Ashiga,0,3,3
Ashika-Banu,0,3,3
Ashikadevie,0,3,3
Ashiki,0,3,3
Ashilles,3,0,3
Ashim,3,0,3
Ashime,3,0,3
Ashin,3,0,3
Ashinto,3,0,3
Ashiorkor,0,3,3
Ashiqa,0,3,3
Ashiqui,0,3,3
Ashiraida,0,3,3
Ashirimjo-ie,0,3,3
Ashirwad,3,0,3
Ashirya,0,3,3
Ashish-Anand,3,0,3
Ashish-Kumar,3,0,3
Ashitesh,3,0,3
Ashiteye,0,3,3
Ashitos,3,0,3
Ashitosch,3,0,3
Ashivita,0,3,3
Ashiyanica,0,3,3
Ashjad,3,0,3
Ashjah,0,3,3
Ashjana,0,3,3
Ashjer,3,0,3
Ashkaine,0,3,3
Ashkay,3,0,3
Ashkel,3,0,3
Ashkeyah,0,3,3
Ashkii,3,0,3
Ashkım,0,3,3
Ashkin,3,0,3
Ashkiro,0,3,3
Ashkjar,3,0,3
Ashkoemarie,0,3,3
Ashla,0,3,3
Ashland,3,0,3
Ashlawatie,0,3,3
Ashlay,0,3,3
Ashleena,0,3,3
Ashleey,0,3,3
Ashleg,3,0,3
Ashleij,0,3,3
Ashler,3,0,3
Ashley-Amore,0,3,3
Ashley-ann,0,3,3
Ashley-Jannel,0,3,3
Ashley-Jay,0,3,3
Ashley-June,0,3,3
Ashley-Leah,0,3,3
Ashley-Leeann,0,3,3
Ashley-Lynn,0,3,3
Ashley-Pomme,0,3,3
Ashley-Rana,0,3,3
Ashley-Sue,0,3,3
Ashleyenne,0,3,3
Ashleyviën,0,3,3
Ashlia,0,3,3
Ashlikha,0,3,3
Ashlinn,0,3,3
Ashlinnie,0,3,3
Ashlisa,0,3,3
Ashllie,0,3,3
Ashlye,0,3,3
Ashlyn-Joy,0,3,3
Ashlyn-Sky,0,3,3
Ashlynn-Mae,0,3,3
Ashlynn-Sky,0,3,3
Ashlynna,0,3,3
Ashmaani,0,3,3
Ashmalino,3,0,3
Ashmaniekoemar,3,0,3
Ashmanya,0,3,3
Ashmarah,0,3,3
Ashmeta,0,3,3
Ashmey,0,3,3
Ashmikoemar,3,0,3
Ashmile,3,0,3
Ashminie,0,3,3
Ashmiro,3,0,3
Ashmitadevie,0,3,3
Ashmith,3,0,3
Ashmithan,3,0,3
Ashmiya,0,3,3
Ashmodiël,0,3,3
Ashmoeira,0,3,3
Ashmuera,0,3,3
Ashmy,0,3,3
Ashmyra,0,3,3
Ashnaa,0,3,3
Ashnadebi,0,3,3
Ashnadewie,0,3,3
Ashnah,0,3,3
Ashnahely,0,3,3
Ashnakumarie,0,3,3
Ashnally,0,3,3
Ashnara,0,3,3
Ashnaton,3,0,3
Ashne,0,3,3
Ashneel,3,0,3
Ashneetdebie,0,3,3
Ashneylee,0,3,3
Ashneymar,3,0,3
Ashniedevie,0,3,3
Ashnila,0,3,3
Ashnna,0,3,3
Ashnoor,0,3,3
Ashnuar,3,0,3
Ashnür,3,0,3
Ashod,3,0,3
Ashoe,0,3,3
Ashoera,0,3,3
Ashoka,3,0,3
Ashola,3,0,3
Ashon,3,0,3
Ashook,3,0,3
Ashorina,0,3,3
Ashotosh,3,0,3
Ashow,3,0,3
Ashqyane,0,3,3
Ashraaq,0,3,3
Ashrafhoessein,3,0,3
Ashraful,3,0,3
Ashrah,0,3,3
Ashraj,3,0,3
Ashrankoemar,3,0,3
Ashrayah,0,3,3
Ashraysing,3,0,3
Ashreay,3,0,3
Ashreena,0,3,3
Ashreta,0,3,3
Ashreya,0,3,3
Ashri,3,0,3
Ashrik,3,0,3
Ashrity,0,3,3
Ashriyan,3,0,3
Ashron,3,0,3
Ashrona,0,3,3
Ashrul,3,0,3
Ashserah,0,3,3
Ashsi,0,3,3
Ashtakam,3,0,3
Ashtami,0,3,3
Ashtari-Illumi,3,0,3
Ashtiak,0,3,3
Ashtiaq,3,0,3
Ashtie,3,0,3
Ashtilla,0,3,3
Ashtina,0,3,3
Ashtion,3,0,3
Ashtmee,0,3,3
Ashtmidevi,0,3,3
Ashton-Colin,3,0,3
Ashtou,0,3,3
Ashtria,0,3,3
Ashty,3,0,3
Ashtyn,0,3,3
Ashua,3,0,3
Ashuin,3,0,3
Ashukkumar,3,0,3
Ashumbi,0,3,3
Ashun,3,0,3
Ashura,0,3,3
Ashurah,0,3,3
Ashuraya,3,0,3
Ashurella,0,3,3
Ashurena,0,3,3
Ashuurah,0,3,3
Ashvaara,0,3,3
Ashvania,0,3,3
Ashvanna,0,3,3
Ashvanny,0,3,3
Ashvanprekash,3,0,3
Ashvanti,0,3,3
Ashvantie,0,3,3
Ashvantika,0,3,3
Ashvara,0,3,3
Ashvardhan,3,0,3
Ashvari,0,3,3
Ashvariya,0,3,3
Ashvata,0,3,3
Ashved,3,0,3
Ashverya,0,3,3
Ashvhani,0,3,3
Ashviana,0,3,3
Ashvien,3,0,3
Ashviera,0,3,3
Ashvin-Roi,3,0,3
Ashvinai,3,0,3
Ashvinay,3,0,3
Ashvinidevi,0,3,3
Ashvinie,0,3,3
Ashvinita,0,3,3
Ashvinkoemar,3,0,3
Ashvinkumaarsingh,3,0,3
Ashvitadevi,0,3,3
Ashvith,3,0,3
Ashwa,0,3,3
Ashwaaq,0,3,3
Ashwag,0,3,3
Ashwaira,0,3,3
Ashwak,0,3,3
Ashwandkoemar,3,0,3
Ashwandkumar,3,0,3
Ashwanidivi,0,3,3
Ashwaniekumar,3,0,3
Ashwanika,0,3,3
Ashwanikoemar,3,0,3
Ashwankoemar,3,0,3
Ashwankumar,3,0,3
Ashwansing,3,0,3
Ashwansingh,3,0,3
Ashwanti,0,3,3
Ashwantkumar,3,0,3
Ashwar,3,0,3
Ashwara,0,3,3
Ashwaran,3,0,3
Ashwarey,0,3,3
Ashwarie,0,3,3
Ashwariedebie,0,3,3
Ashwarija,0,3,3
Ashwathama,3,0,3
Ashwatthama,3,0,3
Ashwayne,3,0,3
Ashwen,3,0,3
Ashwendly,3,0,3
Ashweni,3,0,3
Ashwenkumar,3,0,3
Ashwienai,3,0,3
Ashwienperkash,3,0,3
Ashwiensingh,3,0,3
Ashwik,3,0,3
Ashwikadebie,0,3,3
Ashwin-Beau,3,0,3
Ashwin-Kumar,3,0,3
Ashwin-Mohammed,3,0,3
Ashwin-Wei,3,0,3
Ashwindath,3,0,3
Ashwinee,0,3,3
Ashwiniekumar-Amer,3,0,3
Ashwinikoemarie,0,3,3
Ashwinikumar,3,0,3
Ashwinja,0,3,3
Ashwinni,0,3,3
Ashwinnie,0,3,3
Ashwinpersad,3,0,3
Ashwintha,0,3,3
Ashwiria,0,3,3
Ashwitadebi,0,3,3
Ashwitha,0,3,3
Ashwood,3,0,3
Ashword,3,0,3
Ashwynkoemaar,3,0,3
Ashwynkumar,3,0,3
Ashwyta,0,3,3
Ashyaana,0,3,3
Ashyandro,3,0,3
Ashyanna,0,3,3
Ashyka,0,3,3
Ashyla,0,3,3
Ashyloh,3,0,3
Ashyr,3,0,3
Asia-Leah,0,3,3
Asia-né,0,3,3
Asiadhi,0,3,3
Asiagatoen,0,3,3
Asian,3,0,3
Asianingsih,0,3,3
Asianna,0,3,3
Asiatun,0,3,3
Asibaa,0,3,3
Asibi,0,3,3
Asibie,0,3,3
Asibuo,3,0,3
Asidaa,0,3,3
Asiea,0,3,3
Asiedo,3,0,3
Asieduwaa,0,3,3
Asieduwaah,0,3,3
Asieduwah,0,3,3
Asiel,3,0,3
Asiella,0,3,3
Asiëlle,0,3,3
Asiema,0,3,3
Asiën,0,3,3
Asienho,3,0,3
Aşiérö,3,0,3
Asies,3,0,3
Asiesh,3,0,3
Asıf,3,0,3
Asifkhan,3,0,3
Asifullah,3,0,3
Asigaku,3,0,3
Asih,0,3,3
Asihra,0,3,3
Asiili,0,3,3
Asiima,0,3,3
Asije,0,3,3
Asika,0,3,3
Asikin,3,0,3
Asilah,0,3,3
Asimah,0,3,3
Asiman,0,3,3
Asimcan,3,0,3
Asimi,0,3,3
Aşina,0,3,3
Asinaat,0,3,3
Asinath,0,3,3
Asindi,0,3,3
Asinesh,3,0,3
Asingo,3,0,3
Asinikka,0,3,3
Asinnulla,3,0,3
Asinta,0,3,3
Asintho,3,0,3
Asintya,0,3,3
Asiraa,0,3,3
Asiraf,3,0,3
Aşire,0,3,3
Asirifi,3,0,3
Asiris,0,3,3
Asiriya,0,3,3
Asirwaad,0,3,3
Asisa,0,3,3
Asischkumar,3,0,3
Asishka,0,3,3
Asisia,0,3,3
Asitha,3,0,3
Asitiy,0,3,3
Asitosh,3,0,3
Asiwa,0,3,3
Asiya-Ghatoen,0,3,3
Aşiyan,0,3,3
Asiyea,0,3,3
Asiyenur,0,3,3
Asiyesura,0,3,3
Asiza,0,3,3
Asj-Sjakoer,3,0,3
Asjárie,3,0,3
Asjed,0,3,3
Asjeh,0,3,3
Asjelien,0,3,3
Asjeliene,0,3,3
Asjeline,0,3,3
Asjenie,0,3,3
Asjenthylah,0,3,3
Asjéra,0,3,3
Asjhaya,0,3,3
Asjhieca,0,3,3
Asji-jeng,3,0,3
Asjid,3,0,3
Asjin,3,0,3
Asjoera,0,3,3
Asjra,0,3,3
Asjranti,0,3,3
Asjreen,0,3,3
Asjrefoen,0,3,3
Asjwan,3,0,3
Asjwintadevie,0,3,3
Askal,3,0,3
Askala,0,3,3
Askale,0,3,3
Askandar,3,0,3
Askander,3,0,3
Aşkar,3,0,3
Askaryar,3,0,3
Askelie,0,3,3
Askenieta,0,3,3
Askhan,3,0,3
Aski,0,3,3
Askia,3,0,3
Askild,3,0,3
Aşkım,3,0,3
Aśkin,3,0,3
Aşkınaz,0,3,3
Aşkun,3,0,3
Asla,3,0,3
Aslambekovich,3,0,3
Aslambekovna,0,3,3
Aslame,3,0,3
Aslamiah,0,3,3
Aslamiya,0,3,3
Aslamya,0,3,3
Aslamyar,3,0,3
Aslân,3,0,3
Aslanbek,3,0,3
Aslanovich,3,0,3
Asle,0,3,3
Asleena,0,3,3
Asleigh,0,3,3
Aslele,3,0,3
Aslem,3,0,3
Asli-Buse,0,3,3
Asli-Han,0,3,3
Asli-Özge,0,3,3
Aslian,3,0,3
Aslie,0,3,3
Aslıgül,0,3,3
Asligül,0,3,3
Aslıhan-Rabia,0,3,3
Aslika,0,3,3
Asliman,3,0,3
Aslina,0,3,3
Aslinaz,0,3,3
Aslinda,0,3,3
Aslinn,0,3,3
Aslişah,0,3,3
Aslısu,0,3,3
Asliye,0,3,3
Aslo,3,0,3
Aslor,3,0,3
Aslynn,0,3,3
Asmá,0,3,3
Asmáa,0,3,3
Asmàa,0,3,3
Asmaal,0,3,3
Asmadrasad,3,0,3
Asmaê,0,3,3
Asmahaan,0,3,3
Asmalia,0,3,3
Asmany,3,0,3
Asmaradevi,0,3,3
Asmaradewi,0,3,3
Asmaradina,0,3,3
Asmarani,0,3,3
Asmarely,0,3,3
Asmaret,0,3,3
Asmari,0,3,3
Asmarin,3,0,3
Asmarinda,0,3,3
Asmé,0,3,3
Asmeet,3,0,3
Asmera,0,3,3
Asmeret,0,3,3
Asmey,0,3,3
Asmhara,0,3,3
Asmianto,3,0,3
Asmidin,3,0,3
Asmieta,0,3,3
Asmindia,0,3,3
Asmine,0,3,3
Asminem,0,3,3
Asmini,0,3,3
Asmiru,3,0,3
Asmithan,3,0,3
Asmitta,0,3,3
Asmiya,0,3,3
Asmo,0,3,3
Asmoen,0,3,3
Asmono,3,0,3
Asmoun,3,0,3
Asmoy,3,0,3
Asmûnd,3,0,3
Asmustine,0,3,3
Asmy,0,3,3
Asmyd,0,3,3
Asmyte,0,3,3
Asnad,0,3,3
Asnadebhie,0,3,3
Asnadebi,0,3,3
Asnadebie,0,3,3
Asnadevi,0,3,3
Asnadewi,0,3,3
Asnaht,0,3,3
Asnake,0,3,3
Asnakoemarie,0,3,3
Asnayt,0,3,3
Asnef,0,3,3
Asnella,0,3,3
Asner,3,0,3
Asnerpersad,3,0,3
Asnet,0,3,3
Asnf,0,3,3
Asni-Maria,0,3,3
Asnidar,0,3,3
Asniedebie,0,3,3
Asnif-Vor,0,3,3
Asniga,0,3,3
Asobainie,0,3,3
Asoentosh,3,0,3
Asoentra,0,3,3
Asoetosh,3,0,3
Asoh,0,3,3
Asoke,3,0,3
Asokwati,0,3,3
Asomah-Appiah,3,0,3
Asomani,0,3,3
Asomdwe,3,0,3
Asomdwenyi,0,3,3
Asomoah,3,0,3
Asomption,0,3,3
Asongi,3,0,3
Asongtia,3,0,3
Asonsere,3,0,3
Asook,3,0,3
Asoraya,0,3,3
Asore,3,0,3
Asos,3,0,3
Asot,3,0,3
Asota,0,3,3
Asoti,0,3,3
Asotiah,3,0,3
Asoya,0,3,3
Asparuch,3,0,3
Aspelin,0,3,3
Aspenas,3,0,3
Aspet,3,0,3
Asphahaan,3,0,3
Asphodel,0,3,3
Aspita,0,3,3
Asquith,3,0,3
Asr,0,3,3
Asra-Melin,3,0,3
Asraa,0,3,3
Asraabatoel,0,3,3
Asrad,3,0,3
Asrahaf,3,0,3
Asraja,0,3,3
Asrali,3,0,3
Asrampong,0,3,3
Asran,3,0,3
Asrani,0,3,3
Asranti,0,3,3
Asrat,0,3,3
Asree,0,3,3
Asrha,0,3,3
Asrhaf,3,0,3
Asrianti,0,3,3
Asrianty,0,3,3
Asrielle,0,3,3
Asrien,0,3,3
Asrieta,0,3,3
Asroef,3,0,3
Asrof,3,0,3
Asrufali,3,0,3
Asrufalie,3,0,3
Assad-Eddine,3,0,3
Assadaa,3,0,3
Assaddar,3,0,3
Assadkhan,3,0,3
Assadullah,3,0,3
Assaghira,0,3,3
Assah,0,3,3
Assaly,0,3,3
Assam,3,0,3
Assamad,3,0,3
Assamau'al,3,0,3
Assanah,3,0,3
Assandra,0,3,3
Assané,3,0,3
Assanté,3,0,3
Assanthe,0,3,3
Assanthkumar,3,0,3
Assanti,0,3,3
Assanwa,0,3,3
Assapoti,3,0,3
Assara,0,3,3
Assaram,3,0,3
Assaré,3,0,3
Assat,3,0,3
Assawin,3,0,3
Assay,0,3,3
Asscha,0,3,3
Asseer,3,0,3
Assefaw,3,0,3
Asselieke,0,3,3
Asselijn,0,3,3
Asselin,3,0,3
Assèlus,0,3,3
Assemina,0,3,3
Assenad,0,3,3
Assenah,0,3,3
Assenay,3,0,3
Assend,3,0,3
Assenova,0,3,3
Assensio,3,0,3
Assentijn,3,0,3
Asses,3,0,3
Assetou,0,3,3
Asshlyn,0,3,3
Asshur,3,0,3
Assi,0,3,3
Assïa,0,3,3
Assiae,0,3,3
Assiah,0,3,3
Assiamah,0,3,3
Assiaova,0,3,3
Assiatu,0,3,3
Assiddieq,3,0,3
Assiedu,3,0,3
Assienin,3,0,3
Assientje,0,3,3
Assienus,3,0,3
Assièra,0,3,3
Assiera,0,3,3
Assif,3,0,3
Assika,0,3,3
Assilio,3,0,3
Assima,0,3,3
Assing,3,0,3
Assinus,3,0,3
Assira,0,3,3
Assis,3,0,3
Assisie,0,3,3
Assitan,0,3,3
Asslynn,0,3,3
Assmaar,3,0,3
Assmara,0,3,3
Assmina,0,3,3
Assor,0,3,3
Assosiata,0,3,3
Assoua,3,0,3
Assouan,0,3,3
Assouma,3,0,3
Assraf,3,0,3
Assrafina,0,3,3
Asstrida,0,3,3
Asstrubál,3,0,3
Assucena,0,3,3
Assuéra,0,3,3
Assuëra,0,3,3
Assuerina,0,3,3
Assueris,3,0,3
Assuma,3,0,3
Assumta,0,3,3
Assunção,0,3,3
Assuncion,0,3,3
Assunta-Maria,0,3,3
Assuntha,0,3,3
Assuntra,0,3,3
Assurim,3,0,3
Assuweer,3,0,3
Assuwerus,3,0,3
Assy,0,3,3
Assyah,0,3,3
Assyatha,0,3,3
Assyauqie,3,0,3
Assyifa,0,3,3
Assyl,3,0,3
Assyn,0,3,3
Assyrie,0,3,3
Asta-Sollilja,0,3,3
Astaar,0,3,3
Astafakhan,3,0,3
Astagfar,3,0,3
Astania,0,3,3
Astanija,0,3,3
Astanilze,0,3,3
Astanita,0,3,3
Astar,3,0,3
Astarinus,3,0,3
Asteline,0,3,3
Astella,0,3,3
Astephan,3,0,3
Astèr,0,3,3
Astere,0,3,3
Astergios,3,0,3
Asterias,3,0,3
Asterid,0,3,3
Asterio,3,0,3
Astéris,3,0,3
Astghiek,0,3,3
Astghik,0,3,3
Asthara,0,3,3
Asthely,3,0,3
Asthen,0,3,3
Asthij,0,3,3
Asthley,3,0,3
Asthmi,0,3,3
Asthony,0,3,3
Asthrea,0,3,3
Asthriane,0,3,3
Aşti,3,0,3
Astiah,0,3,3
Astiënne,3,0,3
Astiër,3,0,3
Astier,0,3,3
Astilla,0,3,3
Astimi,0,3,3
Astiningtyas,0,3,3
Astiny,0,3,3
Astirsa,0,3,3
Astleigh,3,0,3
Astly,0,3,3
Asto,0,3,3
Astonishing,0,3,3
Astorian,3,0,3
Astorius,3,0,3
Astornie,0,3,3
Astrada,0,3,3
Astrado,3,0,3
Astrae,0,3,3
Astrana,0,3,3
Astrandoo,3,0,3
Astrania,0,3,3
Astrawatie,0,3,3
Astrela,3,0,3
Astrelia,0,3,3
Astrelle,0,3,3
Astrellia,0,3,3
Astrello,3,0,3
Astresia,0,3,3
Astreyaan,3,0,3
Astriana,0,3,3
Astriany,0,3,3
Astrice,0,3,3
Astrich,0,3,3
Astrick,0,3,3
Astricus,3,0,3
Astrid-Adriana,0,3,3
Astrid-Anne,0,3,3
Astrid-Elisabeth,0,3,3
Astrid-Gonja,0,3,3
Astrid-Jane,0,3,3
Astrid-Joan,0,3,3
Astrid-Johanna,0,3,3
Astrid-Marianne,0,3,3
Astrid-Marleen,0,3,3
Astrid-Rixt,0,3,3
Astrides,3,0,3
Astridia,0,3,3
Astridis,0,3,3
Astridsdochter,0,3,3
Astridt,0,3,3
Astridur,0,3,3
Astriëly,0,3,3
Astriëmtley,0,3,3
Astrika,0,3,3
Astril,0,3,3
Astrilde,0,3,3
Astrilja,0,3,3
Astrin,3,0,3
Astrinda,0,3,3
Astrita,0,3,3
Astrith,0,3,3
Astrix,3,0,3
Astrixx,3,0,3
Astriya,0,3,3
Astrogildo,3,0,3
Astrokan,3,0,3
Astronella,0,3,3
Astronette,0,3,3
Astronova,3,0,3
Astrum,3,0,3
Astry,0,3,3
Astuanax,3,0,3
Astuerus,3,0,3
Astur,0,3,3
Astutisrinuryani,0,3,3
Astuty,0,3,3
Astwintha,0,3,3
Asty,0,3,3
Astyag,0,3,3
Asua,3,0,3
Asuama,0,3,3
Asubonten,0,3,3
Asubonteng,3,0,3
Asuceina,0,3,3
Asucena,0,3,3
Asudegul,0,3,3
Asuena,0,3,3
Asuera,0,3,3
Asuerina,0,3,3
Asuérus,3,0,3
Asuma,0,3,3
Asumpto,0,3,3
Asunramu,3,0,3
Asunzion,0,3,3
Asuoh,3,0,3
Aşur,3,0,3
Asurai,3,0,3
Asusantosh,3,0,3
Asusenna,0,3,3
Asutos,3,0,3
Asutoshkoemar,3,0,3
Asutoshkumar,3,0,3
Asuwerius,3,0,3
Asvahani,3,0,3
Asvandsingh,3,0,3
Asvant,3,0,3
Asvattha,0,3,3
Asveeta,0,3,3
Asvika,0,3,3
Asvind,3,0,3
Asvinth,3,0,3
Asviny,0,3,3
Asvita,0,3,3
Aswaanieja,0,3,3
Aswah,3,0,3
Aswain,3,0,3
Aswani,3,0,3
Aswanikumar,3,0,3
Aswankoemar,3,0,3
Aswanpersad,3,0,3
Aswant,3,0,3
Aswantikoemarie,0,3,3
Aswantkumar,3,0,3
Aswarai,3,0,3
Aswariani,0,3,3
Aswarja,0,3,3
Aswary,0,3,3
Aswat,3,0,3
Asweetadevie,0,3,3
Aswhantie,0,3,3
Aswhin,3,0,3
Aswhinda,0,3,3
Aswhinta,0,3,3
Aswi,0,3,3
Aswientha,0,3,3
Aswilanand,3,0,3
Aswinda,0,3,3
Aswindrenand,3,0,3
Aswinidebie,0,3,3
Aswinikumar,3,0,3
Aswinkoemar,3,0,3
Aswinus,3,0,3
Aswita,0,3,3
Aswthama,3,0,3
Asy'ary,0,3,3
Asya-Dilay,0,3,3
Asya-Yeter,0,3,3
Asyel,0,3,3
Asyenka,0,3,3
Asyerah,0,3,3
Asyesha,0,3,3
Asyia,0,3,3
Asyl,0,3,3
Asylo,3,0,3
Asyma,0,3,3
Asynthia,0,3,3
Asyono,3,0,3
Asyriel,3,0,3
Asze,3,0,3
Aszem,3,0,3
Aszic,3,0,3
Aszinho,3,0,3
At-Soi,3,0,3
Ata-Ur-Rehman,3,0,3
Ataa-U-Rehman,3,0,3
Ataabuga,3,0,3
Ataaldin,3,0,3
Ataar,0,3,3
Atabek,3,0,3
Atabongnkeng,0,3,3
Ataçan,3,0,3
Atacheck,3,0,3
Atacia,0,3,3
Ataf,3,0,3
Atafala,0,3,3
Ataide,3,0,3
Atailah,3,0,3
Atain,3,0,3
Ataïr,3,0,3
Atair,0,3,3
Ataisi,3,0,3
Atakagan,3,0,3
Atakalti,3,0,3
Atakilti,0,3,3
Ataklti,0,3,3
Atala,0,3,3
Atalantha,0,3,3
Atalhia,0,3,3
Ataliá,0,3,3
Ataliah,0,3,3
Ataliya,0,3,3
Atalla,3,0,3
Atallah,3,0,3
Atalwin,3,0,3
Atalyah,0,3,3
Atam,3,0,3
Atamprakash,3,0,3
Atamveer,3,0,3
Atanasie,3,0,3
Atanasius,3,0,3
Atanasova,0,3,3
Atanka,0,3,3
Atankan,3,0,3
Ataoulah,3,0,3
Atari,3,0,3
Atarwa,3,0,3
Atasagun,3,0,3
Atasel,3,0,3
Atash,3,0,3
Atasha,0,3,3
Atatürk,3,0,3
Atâullah,3,0,3
Ataullatif,3,0,3
Ataya,0,3,3
Atayana,0,3,3
ATC,0,3,3
Atcilia,0,3,3
Atdamo,3,0,3
Atdiëllika,0,3,3
Atdithia,3,0,3
Atè,3,0,3
Até,3,0,3
Ate-Christiaan,3,0,3
Ate-Geert,3,0,3
Ate-Harm,3,0,3
Ate-Jelmer,3,0,3
Ate-Jetse,3,0,3
Ate-Pieter,3,0,3
Ate-Sjoerd,3,0,3
Ateca,0,3,3
Atedhetar,3,0,3
Ateeb,3,0,3
Atefa,0,3,3
Atehortua,0,3,3
Atekhe,3,0,3
Atelia,0,3,3
Ateline,0,3,3
Atella,0,3,3
Atelyne,0,3,3
Atemsing,3,0,3
Atenas,0,3,3
Atėnė,0,3,3
Atenea,0,3,3
Ateng,3,0,3
Atenro,3,0,3
Ateriba,3,0,3
Ateşali,3,0,3
Ateshkumar,3,0,3
Atesz,3,0,3
Atete,0,3,3
Ateun,3,0,3
Ateunie,0,3,3
Ateunnette,0,3,3
Atfen,3,0,3
Atfiye,0,3,3
Atger,3,0,3
Atha,0,3,3
Athaja,0,3,3
Athale,0,3,3
Athalea,0,3,3
Athaliana,0,3,3
Athalija,0,3,3
Athaljan,3,0,3
Athaly,3,0,3
Athamy,3,0,3
Athan-Jon,3,0,3
Athana,0,3,3
Athanas,3,0,3
Athanasoula,0,3,3
Athanassia,0,3,3
Athanatia,0,3,3
Athanyan,3,0,3
Atharav,3,0,3
Atharvan,3,0,3
Athavon,3,0,3
Athaya,3,0,3
Atheer,3,0,3
Athelijne,0,3,3
Athena-Frederique,0,3,3
Athenah,0,3,3
Athenaïs,0,3,3
Athénaïs,0,3,3
Athenasia,3,0,3
Athenatius,3,0,3
Athené,0,3,3
Atheneas,3,0,3
Athenia,0,3,3
Athenoula,0,3,3
Ather,3,0,3
Athes,3,0,3
Atheunis,3,0,3
Athiena,0,3,3
Athika,0,3,3
Athikhun,3,0,3
Athilda,0,3,3
Athilde,0,3,3
Athilja,0,3,3
Athimena,0,3,3
Athimeno,3,0,3
Athina-Mae,0,3,3
Athinaïs,0,3,3
Athinan,3,0,3
Athine,0,3,3
Athipanja,3,0,3
Athiqasari,0,3,3
Athirah,0,3,3
Athiraiyan,3,0,3
Athire,0,3,3
Athirun,0,3,3
Athisaya,0,3,3
Athishan,3,0,3
Athishyan,3,0,3
Athiska,0,3,3
Athithiyan,3,0,3
Athithyan,3,0,3
Athittaya,0,3,3
Athle,3,0,3
Athlea,0,3,3
Athma-Radj,3,0,3
Athmara,0,3,3
Athmy,0,3,3
Athna,3,0,3
Athnemencia,0,3,3
Atholinda,0,3,3
Athony,3,0,3
Athor,3,0,3
Athreyu,3,0,3
Athro,3,0,3
Athucca,3,0,3
Athvandro,3,0,3
Athveka,0,3,3
Athziri,3,0,3
Atiat,0,3,3
Atib,3,0,3
Aticanoerh,0,3,3
Atice,0,3,3
Aticha,0,3,3
Aticianara,0,3,3
Atidze,0,3,3
Atief,3,0,3
Atiek,0,3,3
Atieke,3,0,3
Atielda,0,3,3
Atiem,3,0,3
Atiemagatoen,0,3,3
Atiène,0,3,3
Atienza,0,3,3
Atieq,3,0,3
Atieq-ur-Rehman,3,0,3
Atieqanur,0,3,3
Atiero,3,0,3
Atieroedrayoganandrieshie,3,0,3
Atiga,3,0,3
Atigari,3,0,3
Atigou,3,0,3
Atiim,3,0,3
Atikeh,0,3,3
Atikoi,0,3,3
Atıl,3,0,3
Atılay,3,0,3
Atile,3,0,3
Atılgan,3,0,3
Atilgan,3,0,3
Atilias,0,3,3
Atilim,3,0,3
Atilius,3,0,3
Atillacan,3,0,3
Atillane,0,3,3
Atillay,3,0,3
Atim,0,3,3
Atima,0,3,3
Atin,3,0,3
Atinaby,3,0,3
Atinc,3,0,3
Atinderdeep,3,0,3
Atinina,0,3,3
Atinkumar,3,0,3
Atinn,3,0,3
Atinni,3,0,3
Atino,3,0,3
Atinuke,0,3,3
Atipha,0,3,3
Atipohn,3,0,3
Atipranesia,0,3,3
Atiqah,0,3,3
Atique,3,0,3
Atiqul,3,0,3
Atis,0,3,3
Atisa,0,3,3
Atisetia,0,3,3
Atisha-Sharane,0,3,3
Atiskoemar,3,0,3
Atit,3,0,3
Atitaya,0,3,3
Atithep,3,0,3
Atiti,3,0,3
Atiwit,3,0,3
Atiyani,0,3,3
Atiyat,0,3,3
Atiyya,0,3,3
Atjana,0,3,3
Atjar,3,0,3
Atjedina,0,3,3
Atjee,0,3,3
Atjeh,3,0,3
Atjel,0,3,3
Atjella,0,3,3
Atjen,3,0,3
Atjena,0,3,3
Atjhintya,0,3,3
Atji,0,3,3
Atjo,3,0,3
Atjon,3,0,3
Atjong,3,0,3
Atjoy,0,3,3
Atke,0,3,3
Atla,3,0,3
Atlai,3,0,3
Atlantik,3,0,3
Atlen,3,0,3
Atlena,0,3,3
Atleta,0,3,3
Atlihan,3,0,3
Atlouis,3,0,3
Atmadja,3,0,3
Atmal,3,0,3
Atmana,0,3,3
Atmane,3,0,3
Atmanto,3,0,3
Atmay,0,3,3
Atmedew,3,0,3
Atmimi,0,3,3
Atmina,0,3,3
Atmo,3,0,3
Atmoz,3,0,3
Atn,3,0,3
Atnaan,3,0,3
Atnafu,0,3,3
Atnafwork,0,3,3
Atnateos,3,0,3
Atnawatie,0,3,3
ATO,3,0,3
Ato-Aduamoah,3,0,3
Atoepe,0,3,3
Atoes,3,0,3
Atoewalé,3,0,3
Atohema,3,0,3
Atokô,0,3,3
Atolina,3,0,3
Atonam,0,3,3
Atonasius,3,0,3
Atong,0,3,3
Ator,0,3,3
Atorena,0,3,3
Atouani,3,0,3
Atoushah,0,3,3
ATP,0,3,3
Atraf,3,0,3
Atre,3,0,3
Atreen,3,0,3
Atrejoe,3,0,3
Atreju,3,0,3
Atrenie,0,3,3
Atreü,3,0,3
Atrey-Jan,3,0,3
Atreyi,3,0,3
Atreyo,3,0,3
Atreyon,3,0,3
Atri,3,0,3
Atrích-Ruud,3,0,3
Atriciä,0,3,3
Atrina,0,3,3
Atrix,3,0,3
Atrixia,0,3,3
Atronse,3,0,3
Atry,0,3,3
Ats,3,0,3
Atsawin,3,0,3
Atsel,3,0,3
Atsert,3,0,3
Atshayini,0,3,3
Atsia,0,3,3
Atsoi,3,0,3
Atsosime,0,3,3
Atsuliaghan,3,0,3
Atsupe,0,3,3
Att,0,3,3
Atta-Ul-Shakoer,3,0,3
Attaa,0,3,3
Attaar,3,0,3
Attacia,0,3,3
Attafuah,3,0,3
Attaher,3,0,3
Attaieb,3,0,3
Attalarik,3,0,3
Attalie,0,3,3
Attaman,3,0,3
Attamimi,0,3,3
Attanja,0,3,3
Attar,3,0,3
Attaullah,3,0,3
Attazaz,3,0,3
Attciga,3,0,3
Atté,3,0,3
Attèl,3,0,3
Attelida,0,3,3
Atteline,0,3,3
Attena,0,3,3
Attenee,0,3,3
Attes,3,0,3
Atthea,0,3,3
Attiana,0,3,3
Attien,3,0,3
Attiere,3,0,3
Atties,3,0,3
Attif,3,0,3
Attigu,3,0,3
Attika,0,3,3
Attike,0,3,3
Attil,0,3,3
Attilahan,3,0,3
Attillio,3,0,3
Attilo,3,0,3
Attiq,3,0,3
Attis,0,3,3
Attius,3,0,3
Attivor,3,0,3
Attonline,0,3,3
Attri,3,0,3
Attukweifio,3,0,3
Attukwifio,3,0,3
Attuquaye,3,0,3
Attwoa,0,3,3
Atty-Marije,0,3,3
Atty-Roos,0,3,3
Attyat,0,3,3
Atuahene,3,0,3
Atûf,3,0,3
Atuf,3,0,3
Atuganile,3,0,3
Atuhan,3,0,3
Atuhire,0,3,3
Atumkeze-Neng,3,0,3
Atun,0,3,3
Atunia,0,3,3
Atunikan,3,0,3
Aturo,3,0,3
Atus,3,0,3
Atva,0,3,3
Atviq,3,0,3
Atviya,0,3,3
ATW,0,3,3
Atwee,3,0,3
Atwil,3,0,3
Atwr,3,0,3
Aty-John,3,0,3
Atyano,3,0,3
Atyenna,0,3,3
Atyla,0,3,3
Atyna,0,3,3
Atynder,3,0,3
Atyne,0,3,3
Atysia,0,3,3
Atyvan,3,0,3
Atze-Henk,3,0,3
Atzel,3,0,3
Atzen,3,0,3
Atzin,0,3,3
Auaab,3,0,3
Auas,0,3,3
Auawaha,0,3,3
Auba,0,3,3
Aube,0,3,3
Aubel,3,0,3
Aubenas,3,0,3
Auber,3,0,3
Auberdina,0,3,3
Auberi,3,0,3
Aubertine,0,3,3
Aubertus,3,0,3
Aubiene,0,3,3
Aubine-Pauline,0,3,3
Auboetalib,3,0,3
Aubran,0,3,3
Aubri,3,0,3
Aubrie,0,3,3
Aubriella,0,3,3
Aubryannah,0,3,3
Auchustina,0,3,3
Auçilio,3,0,3
Auckejulian,3,0,3
Aucktje,0,3,3
Auclair,0,3,3
Aûd,0,3,3
Audance,0,3,3
Audaniéva,0,3,3
Audas,0,3,3
Auday,3,0,3
Audberto,3,0,3
Audees,0,3,3
Audell,0,3,3
Audesa,0,3,3
Audey,3,0,3
Audez,3,0,3
Audhri,0,3,3
Audien,0,3,3
Audiénne,0,3,3
Audiënne,0,3,3
Audifans,3,0,3
Audifax,3,0,3
Audigier,3,0,3
Audil,3,0,3
Audille,0,3,3
Audimar,3,0,3
Audinga-Dea,0,3,3
Audinia,0,3,3
Audino,0,3,3
Audisha,0,3,3
Auditia,0,3,3
Audito,3,0,3
Auditore,3,0,3
Audomaire,3,0,3
Audora,0,3,3
Audorata,0,3,3
Audradji,0,3,3
Audré,3,0,3
Audrea,0,3,3
Audreana,0,3,3
Audree,0,3,3
Audreeza,0,3,3
Audrey-Jane,0,3,3
Audrey-Jean,0,3,3
Audrey-Joan,0,3,3
Audrey-Lynn,0,3,3
Audrey-Nicole,0,3,3
Audrey-Rose,0,3,3
Audrey-Siau,0,3,3
Audreya,0,3,3
Audria,0,3,3
Audrian,3,0,3
Audriane,0,3,3
Audrich,3,0,3
Audrichson,3,0,3
Audrick,3,0,3
Audrid,0,3,3
Audrielle,0,3,3
Audriët,0,3,3
Audrij,0,3,3
Audrik,3,0,3
Audrine,0,3,3
Audrino,0,3,3
Audris,3,0,3
Audriyana,0,3,3
Audry-Ann,0,3,3
Audry-Maritza,0,3,3
Audrye,0,3,3
Audu,3,0,3
Audule,0,3,3
Audulius,3,0,3
Audwin,3,0,3
Audys,0,3,3
Aueberto,3,0,3
Auerila,0,3,3
Aufa,0,3,3
Aufaa,3,0,3
Aufke,0,3,3
Aufran,3,0,3
Aufrid,3,0,3
Aufrides,3,0,3
Aufrieda,0,3,3
Auga,0,3,3
Auger,3,0,3
Augerius,3,0,3
Augesfenas,3,0,3
Augestin,3,0,3
Augiastinus,3,0,3
Augiaz,3,0,3
Augilio,3,0,3
Augine,0,3,3
Auginio,3,0,3
Augistinus,3,0,3
Auglensha,0,3,3
Augoesta,0,3,3
Augoestina,0,3,3
Augostino,3,0,3
Augosto,3,0,3
Augtje,0,3,3
Augül,0,3,3
Augula,0,3,3
Augus-Tinus,3,0,3
Auguska,0,3,3
Augusstinus,3,0,3
August-Elliott,3,0,3
Augüsta,0,3,3
Augustav,3,0,3
Augûste,3,0,3
Augüste,0,3,3
Augusteijn,3,0,3
Augusthinus,3,0,3
Augusti,3,0,3
Augustia,0,3,3
Augustiana,0,3,3
Augustiani,0,3,3
Augustiene,0,3,3
Augustienio,3,0,3
Augustìn,3,0,3
Augustina-Maria,0,3,3
Augustinoes,3,0,3
Augustiny,0,3,3
Augustsz.,3,0,3
Augustzoon,3,0,3
Auguuste,0,3,3
Auguustine,0,3,3
Auguy,0,3,3
Auhra,0,3,3
Aui,0,3,3
Auicha,0,3,3
Auishman,3,0,3
Aujencio,3,0,3
Auka,0,3,3
Aukai,3,0,3
Auke-Aart,3,0,3
Auke-Albert,3,0,3
Auke-Andries,3,0,3
Auke-Cornelis,3,0,3
Auke-Diemer,3,0,3
Auke-Edo,3,0,3
Auke-Frank,3,0,3
Auke-Freerk,3,0,3
Auke-Harm,3,0,3
Auke-Ids,3,0,3
Auke-Jelle,3,0,3
Auke-Jelmer,3,0,3
Auke-Lubbert,3,0,3
Auke-Lynn,0,3,3
Auke-Marij,0,3,3
Auke-Niek,3,0,3
Auke-Pieter,3,0,3
Auke-Roel,3,0,3
Auke-Sander,3,0,3
Auke-Sil,3,0,3
Auke-Siûk,3,0,3
Auke-Sven,3,0,3
Auke-Willem,3,0,3
Aukéa,0,3,3
Aukeanne,3,0,3
Aukebarends,3,0,3
Aukejan,3,0,3
Aukelida,0,3,3
Aukeliene,0,3,3
Aukelinus,3,0,3
Aukelise,0,3,3
Aukemijn,0,3,3
Auker,3,0,3
Aukéwa,3,0,3
Aukez,3,0,3
Aukezina,0,3,3
Auki,0,3,3
Aukje-Margriet,0,3,3
Aukje-maureen,0,3,3
Aukje-Ruth,0,3,3
Aukjelina,0,3,3
Aukke,3,0,3
Aukolina,0,3,3
Aukoline,0,3,3
Aukt,0,3,3
Auktjelina,0,3,3
Aukun,3,0,3
Aukus,3,0,3
AUL,3,0,3
Aulany,0,3,3
Aulario,3,0,3
Aulaya,0,3,3
Aulban,3,0,3
Auldrik,3,0,3
Auleman,3,0,3
Aulendra,0,3,3
Aulia-Waridebi,0,3,3
Aulicius,3,0,3
Aulien,0,3,3
Aulijn,0,3,3
Aulikke,0,3,3
Auling,0,3,3
Aulla,3,0,3
Aullène,0,3,3
Aulond,3,0,3
Aulouska,0,3,3
Aulrelius,3,0,3
Aultorio,3,0,3
Aulvin,3,0,3
Auly,3,0,3
Aum-devi,0,3,3
Aum-Vidhata,3,0,3
Auma,0,3,3
Aumare,3,0,3
Aumari,0,3,3
Aumda,0,3,3
Aumer,3,0,3
Aumi,0,3,3
Auna,0,3,3
Aunatje,0,3,3
Aunchisa,0,3,3
Aundrea,0,3,3
Aung-San,0,3,3
Auniek,0,3,3
Aunoa,0,3,3
Aunorin,0,3,3
Aunthony,3,0,3
Auntie,0,3,3
Aunur,0,3,3
Aunuska,0,3,3
Auo,3,0,3
Auoatif,0,3,3
Auon,3,0,3
Auoun,3,0,3
Auphelie,0,3,3
Auphemia,0,3,3
Aura-Marie,0,3,3
Aura-Renée,0,3,3
Auraabena,0,3,3
Auraad,0,3,3
Auraelius,3,0,3
Auralia,0,3,3
Auraliana,0,3,3
Auraliënne,0,3,3
Auralinda,0,3,3
Auraly,0,3,3
Aurandus,3,0,3
Aurang,3,0,3
Auranga,3,0,3
Aurangzebgul,3,0,3
Aurant,3,0,3
Aurantius,3,0,3
Aurasia,0,3,3
Auray,0,3,3
Auraya,0,3,3
Auraylia,0,3,3
Auré,0,3,3
Aurealius,3,0,3
Aureanne,0,3,3
Aurecia,0,3,3
Auredinhio,3,0,3
Aurédith,0,3,3
Auregane,0,3,3
Aurèla,0,3,3
Aureleon,3,0,3
Aureles,3,0,3
Aureley,0,3,3
Aurelia-Ann,0,3,3
Aureliaan,3,0,3
Aureliah,0,3,3
Auréliah,0,3,3
Aurélian,3,0,3
Auréliana,0,3,3
Aurélianne,0,3,3
Auréliau,0,3,3
Aurelié,0,3,3
Aurelíe,0,3,3
Aurelië,0,3,3
Aurélie-Juliette,0,3,3
Aurélienne,0,3,3
Auréline,0,3,3
Aurèlio,3,0,3
Aurélius,3,0,3
Aurelius-Jaxenos,3,0,3
Auréliyah,0,3,3
Aurëlla,0,3,3
Aurelli,0,3,3
Aurellie,0,3,3
Aurëllie,0,3,3
Aurelly,0,3,3
Aurem,3,0,3
Aurena,0,3,3
Aurendy,3,0,3
Aureo,3,0,3
Aureola,0,3,3
Aureolano,3,0,3
Aureolino,3,0,3
Aureolus,3,0,3
Aurey,3,0,3
Aureyliah,0,3,3
Aureylio,3,0,3
Aurha,0,3,3
Aurich,3,0,3
Aurichy,3,0,3
Auricio,3,0,3
Aurick,3,0,3
Aurico,3,0,3
Aurida,0,3,3
Aurie,0,3,3
Auriel,3,0,3
Auriël,3,0,3
Auriëlla,0,3,3
Auriellio,3,0,3
Auriënne,0,3,3
Auriëtte,0,3,3
Auriga,0,3,3
Aurik,3,0,3
Aurika,0,3,3
Auriliano,3,0,3
Aurillius,3,0,3
Aurillo,3,0,3
Aurimas,3,0,3
Aurinda,0,3,3
Aurinio,3,0,3
Aurinke,0,3,3
Aurinko,0,3,3
Aurion,3,0,3
Aurisa,0,3,3
Aurisia,0,3,3
Auristella,0,3,3
Auriv,3,0,3
Auriza,0,3,3
Aurlus,3,0,3
Auro,3,0,3
Auroa,0,3,3
Aurohi,0,3,3
Aurohy,0,3,3
Auroneela,0,3,3
Auror,3,0,3
Aûrora,0,3,3
Aurora-Mae,0,3,3
Aurora-Mary,0,3,3
Aurora-Olivia,0,3,3
Aurora-Rose,0,3,3
Aurorah,0,3,3
Aurorha,0,3,3
Auroro,3,0,3
Auroson,3,0,3
Auroura,0,3,3
Aurree,0,3,3
Auruliana,0,3,3
Aus,3,0,3
Ausafalie,3,0,3
Ausamah,3,0,3
Ausar,3,0,3
Ausberto,3,0,3
Ausenne,0,3,3
Ausep,3,0,3
Auset,0,3,3
Ausfried,3,0,3
Ausha,0,3,3
Aushaf,3,0,3
Aushara,0,3,3
Aushelm,3,0,3
Aushonty,3,0,3
Aushsendrick,3,0,3
Ausiglia,0,3,3
Ausiliadora,0,3,3
Ausilio,3,0,3
Auskes,3,0,3
Ausman,3,0,3
Ausori,0,3,3
Aussana,0,3,3
Aussim,3,0,3
Aust,3,0,3
Austa,0,3,3
Austeja,0,3,3
Austery,0,3,3
Austhen,3,0,3
Austiemar,3,0,3
Austienus,3,0,3
Austin-Julian,3,0,3
Austina,0,3,3
Austra,0,3,3
Austreberta,0,3,3
Austry,0,3,3
Austyn,3,0,3
Ausum,3,0,3
Autarchinus,3,0,3
Autberta,0,3,3
Autbertus,3,0,3
Autelindo,3,0,3
Auther,3,0,3
Authrine,0,3,3
Authum,0,3,3
Autiak,3,0,3
Autie,0,3,3
Autilio,3,0,3
Autimio,3,0,3
Autrey,3,0,3
Autry,3,0,3
Autumn-Chantalle,0,3,3
Autumn-Rosemay,0,3,3
Auvergne,3,0,3
Auvy,0,3,3
Auvyra,0,3,3
Auwdina,0,3,3
Auwerd,3,0,3
Auwesta,3,0,3
Auwien,0,3,3
Auwientje,0,3,3
Auwin,3,0,3
Auwine,0,3,3
Auwje,0,3,3
Auwk,0,3,3
Auwko,3,0,3
Auwliya,3,0,3
Auwnasia,0,3,3
Auwrez,3,0,3
Auws,3,0,3
Auwtje,0,3,3
Auxcentius,3,0,3
Auxcilia,0,3,3
Auxence,3,0,3
Auxencio,3,0,3
Auxere,0,3,3
Auxerre,0,3,3
Auxila,0,3,3
Auxilhador,3,0,3
Auxilies,3,0,3
Auxilio,3,0,3
Auzma,0,3,3
Auzonius,3,0,3
Ava-Cecilia,0,3,3
Ava-Claire,0,3,3
Ava-Elizabeth,0,3,3
Ava-Grace,0,3,3
Ava-Ilésha,0,3,3
Ava-Janey,0,3,3
Ava-Lente,0,3,3
Ava-Lina,0,3,3
Ava-Louise,0,3,3
Ava-Luna,0,3,3
Ava-Mae,0,3,3
Ava-Marie,0,3,3
Ava-Mia,0,3,3
Ava-Ming,0,3,3
Ava-Minou,0,3,3
Ava-Moïsse,0,3,3
Ava-Nora,0,3,3
Ava-Rose,0,3,3
Avaaney,0,3,3
Avaelle,0,3,3
Avaènne,0,3,3
Avagail,0,3,3
Avahlynn,0,3,3
Avahnaysa,0,3,3
Avaia,0,3,3
Avainah,0,3,3
Avainy,0,3,3
Avalanchia,0,3,3
Avalansho,3,0,3
Avalayne,0,3,3
Avaleah,0,3,3
Avaleen,0,3,3
Avaleyn,0,3,3
Avalie,0,3,3
Avalien,0,3,3
Avalis,0,3,3
Avalo,3,0,3
Avalokita,0,3,3
Avalokiteshvara,3,0,3
Avalône,0,3,3
Avaly,0,3,3
Avalyne,0,3,3
Avanaica,0,3,3
Avanaise,0,3,3
Avancheline,0,3,3
Avane,0,3,3
Avanel,0,3,3
Avanesh,3,0,3
Avaney,0,3,3
Avangard,3,0,3
Avangelie,0,3,3
Avangelina,0,3,3
Avangelley,0,3,3
Avani-Devi,0,3,3
Avañielle,0,3,3
Avanija,0,3,3
Avanisa,0,3,3
Avanising,3,0,3
Avanje,0,3,3
Avannah,0,3,3
Avano-Janay,3,0,3
Avant,3,0,3
Avanté,3,0,3
Avantey,3,0,3
Avanthica,0,3,3
Avanthika,0,3,3
Avantikaa,0,3,3
Avany,0,3,3
Aványa,0,3,3
Avanya-Canisia,0,3,3
Avanya-Fé,0,3,3
Avanyah,0,3,3
Avanycha,0,3,3
Avara,0,3,3
Avarance,3,0,3
Avarela,0,3,3
Avarelys,0,3,3
Avariella,0,3,3
Avariëlle,0,3,3
Avarlon,3,0,3
Avaro,3,0,3
Avaron,3,0,3
Avarona,0,3,3
Avarsia,0,3,3
Avary,0,3,3
Avashya,3,0,3
Avaşin,0,3,3
Avasja,0,3,3
Avasthi,3,0,3
Avatar,3,0,3
Avatari,0,3,3
Avatea,0,3,3
Avaya-Rosé,0,3,3
Avayna,0,3,3
Avaz,3,0,3
Avazeh,0,3,3
Avdesh,3,0,3
Avdhesh,3,0,3
Avdo,3,0,3
Avdul,3,0,3
Avdula,3,0,3
Ave-Lynn,0,3,3
Ave-Lynne,0,3,3
Avéa,0,3,3
Aveanne,0,3,3
Avécita,0,3,3
Avecto,3,0,3
Aveda,0,3,3
Avedice,0,3,3
Avedik,3,0,3
Avedisha,0,3,3
Aveeva,0,3,3
Aveiny,0,3,3
Avekange,0,3,3
Avel,3,0,3
Avèla,0,3,3
Avelanche,0,3,3
Avelange,0,3,3
Avelaria,0,3,3
Aveleisa,0,3,3
Avelen,0,3,3
Avelèn,0,3,3
Avéli,0,3,3
Avelia,0,3,3
Aveliano,3,0,3
Avèlie,0,3,3
Aveliena,0,3,3
Avelieneke,0,3,3
Avelin-Jae,0,3,3
Avelinda,0,3,3
Aveline-James,0,3,3
Aveling,3,0,3
Avelinho,3,0,3
Avell,3,0,3
Avelle,0,3,3
Avelushka,0,3,3
Avelynne,0,3,3
Aveminke,0,3,3
Avena,0,3,3
Avenace,3,0,3
Avenaicha,0,3,3
Avenal,0,3,3
Avenant,3,0,3
Avenast,3,0,3
Avenda,0,3,3
Avendie,3,0,3
Aveneill,3,0,3
Avenelle,0,3,3
Avenesh,3,0,3
Avenge,3,0,3
Avengeliën,0,3,3
Avengelo,3,0,3
Avenia,0,3,3
Avenildo,3,0,3
Avenio,3,0,3
Avenisse,0,3,3
Avenly,0,3,3
Avennes,0,3,3
Avensis,0,3,3
Aventhika,0,3,3
Avenue,0,3,3
Aveny-Ashlynn,0,3,3
Aver'ley,0,3,3
Averardo,3,0,3
Averdi,3,0,3
Averdina,0,3,3
Avere,0,3,3
Avereigh,0,3,3
Averett,3,0,3
Averil-Quint,3,0,3
Averilde,0,3,3
Averino,3,0,3
Averista,0,3,3
Avertanis,0,3,3
Avertney,0,3,3
Avery'shea,0,3,3
Avery-Ann,0,3,3
Avery-Jace,3,0,3
Avery-jay,3,0,3
Avery-Reyes,3,0,3
Avery-Sky,0,3,3
Aves,0,3,3
Aveshkumar,3,0,3
Avesoete,0,3,3
Aveson,3,0,3
Avêsta,0,3,3
Avestan,3,0,3
Avet,3,0,3
Avetick,3,0,3
Aveyna,0,3,3
Avezzano,3,0,3
Avgerinos,3,0,3
Avgèris,3,0,3
Avhan,0,3,3
Avhinas,3,0,3
Avi'el,3,0,3
Avi-Jay,3,0,3
Avi-Noam,3,0,3
Aviad,3,0,3
Aviam,3,0,3
Aviani,0,3,3
Aviano,3,0,3
Aviaz,3,0,3
Avicena,0,3,3
Avichaal,3,0,3
Avichai,3,0,3
Avichayil,0,3,3
Avici,3,0,3
Avida,0,3,3
Avide,3,0,3
Avidhya,0,3,3
Avidia,0,3,3
Avieda,0,3,3
Avieëla,0,3,3
Aviejah,0,3,3
Aviejanne,0,3,3
Aviél,0,3,3
Aviëla,0,3,3
Aviela,0,3,3
Aviëlla-Tanaya,0,3,3
Aviëlle,0,3,3
Avienaashkoemar,3,0,3
Avienda,0,3,3
Aviëndha,0,3,3
Aviendha,0,3,3
Avienna,0,3,3
Aviénne,0,3,3
Avienus,3,0,3
Avier,3,0,3
Aviera,0,3,3
Aviéra,0,3,3
Avièra,0,3,3
Aviet,0,3,3
Avieve,0,3,3
Avigajil,0,3,3
Avigial,0,3,3
Avignon,3,0,3
Avijeet,3,0,3
Avikam,3,0,3
Avile,3,0,3
Avilinio,3,0,3
Avilo,3,0,3
Avilon,0,3,3
Avîn,0,3,3
Avinaahs,3,0,3
Avinach,3,0,3
Avinal,0,3,3
Avinandha,0,3,3
Avinasch,3,0,3
Avinash-Devprasant,3,0,3
Avinash-Kishan,3,0,3
Avinash-Shailesh,3,0,3
Avinash-Viresh,3,0,3
Avinashanand,3,0,3
Avinath,3,0,3
Avinathsingh,3,0,3
Avinaya,0,3,3
Avinaykumar,3,0,3
Avinaysha,0,3,3
Avinça,0,3,3
Avind,3,0,3
Avindar,3,0,3
Avindee,0,3,3
Avindra,3,0,3
Avindre,3,0,3
Avington,3,0,3
Avinishkumar,3,0,3
Avinius,3,0,3
Avinsha,0,3,3
Avintal,3,0,3
Avintjiéne,0,3,3
Avioire,3,0,3
Avior,3,0,3
Aviqdor,3,0,3
Aviraagh,3,0,3
Aviradj,3,0,3
Avirash,3,0,3
Aviraysha,0,3,3
Aviresh,3,0,3
Aviresha,0,3,3
Avirin,3,0,3
Avirja,0,3,3
Aviro,3,0,3
Avisakh,3,0,3
Avischal,3,0,3
Avisesha,0,3,3
Avishaï,3,0,3
Avishal,3,0,3
Avishan,0,3,3
Avishdayand,3,0,3
Avishi,0,3,3
Avishkaar,3,0,3
Avishna,0,3,3
Avishya,0,3,3
Avisiana,0,3,3
Aviskar,3,0,3
Avista,0,3,3
Avistha,3,0,3
Avitadevi,0,3,3
Avital-Tsipora,0,3,3
Avitesh,3,0,3
Aviva-Jalda,0,3,3
Avivan,0,3,3
Avivit,0,3,3
Avix,3,0,3
Aviyanne,0,3,3
Aviyel,3,0,3
Aviyéla,0,3,3
Aviynas,3,0,3
Avji,0,3,3
Avjîn,0,3,3
Avjinash,3,0,3
Avkash,3,0,3
AVM,3,0,3
Avna,0,3,3
Avnan,0,3,3
Avneet,0,3,3
Avnhaash,3,0,3
Avnish,3,0,3
Avnishvari,0,3,3
Avnoor,0,3,3
Avô,3,0,3
Avoia,0,3,3
Avon-Jason,3,0,3
Avonia,0,3,3
Avonis,0,3,3
Avonisha,0,3,3
Avontura,0,3,3
Avony,0,3,3
Avorijno,3,0,3
Avrael,3,0,3
Avraha,0,3,3
Avrahm,3,0,3
Avrasija,0,3,3
Avrealla,0,3,3
Avrema,0,3,3
Avreyl,0,3,3
Avriana,0,3,3
Avriella,0,3,3
Avrien,0,3,3
Avriguel,3,0,3
Avril-Janell,0,3,3
Avrim,3,0,3
Avrin,3,0,3
Avrom,3,0,3
Avrum,3,0,3
Avryl,3,0,3
Avshai,3,0,3
Avshay,3,0,3
Avtaar,3,0,3
Avtaf,0,3,3
Avua,0,3,3
Avunala,0,3,3
Avus,3,0,3
Avva,0,3,3
Avy-lynn,0,3,3
Avyana,0,3,3
Avyar,3,0,3
Avyayta,0,3,3
Avylon,0,3,3
Avyra,0,3,3
Avysh,3,0,3
Avzém,0,3,3
Avzem,0,3,3
Avzer,3,0,3
Awaale,3,0,3
Awaan,3,0,3
Awaash,3,0,3
Awaaz,3,0,3
Awac,0,3,3
Awad-Alwan,0,3,3
Awadallah,3,0,3
Awadhbehari,3,0,3
Awadhraj,3,0,3
Awadhram,3,0,3
Awadis,3,0,3
Awadkishoor,3,0,3
Awadpersad,3,0,3
Awah,0,3,3
Awan-Azura,0,3,3
Awanaman,3,0,3
Awanda,0,3,3
Awandi,3,0,3
Awané,0,3,3
Awaneesh,3,0,3
Awang,3,0,3
Awani,0,3,3
Awanish,3,0,3
Awanisi,3,0,3
Awanshika,0,3,3
Awantica,0,3,3
Awar,3,0,3
Awara,0,3,3
Awaroemare,3,0,3
Awaruwapè,3,0,3
Awasa,3,0,3
Awashti,0,3,3
Awassaya,0,3,3
Awasta,0,3,3
Awatkumarie,0,3,3
Awatmasa,0,3,3
Awawu,0,3,3
Awdelgafor,3,0,3
Awdlmonhen,3,0,3
Awdrey,0,3,3
Awedah,3,0,3
Aweeva,0,3,3
Awein,0,3,3
Aweiroeme,0,3,3
Aweiz,3,0,3
Aweldip,0,3,3
Awem,3,0,3
Aweng,0,3,3
Awenibise,3,0,3
Awenkina,3,0,3
Awenlie,0,3,3
Awensia,0,3,3
Awer,3,0,3
Awessiaan,0,3,3
Awestà,3,0,3
Awêsta,0,3,3
Awestaa,0,3,3
Aweta,0,3,3
Awetis,3,0,3
Awez,0,3,3
Aweza,0,3,3
Awezta,0,3,3
Awf,3,0,3
Awhefa,0,3,3
Awhienash,3,0,3
Awiah,3,0,3
Awiekaar,3,0,3
Awiena,3,0,3
Awienaash,3,0,3
Awienaashkoemar,3,0,3
Awienaashkumar,3,0,3
Awienashkoemar,3,0,3
Awiesha,0,3,3
Awieshka,0,3,3
Awigaël,0,3,3
Awiĝaïl,0,3,3
Awigaïl,0,3,3
Awiĝal,0,3,3
Awighna,0,3,3
Awik,0,3,3
Awildo,3,0,3
Awillié,0,3,3
Awinasch,3,0,3
Awinasj,3,0,3
Awinderkoemar,3,0,3
Awindernath,3,0,3
Awine,0,3,3
Awinlooya,0,3,3
Awinnash,3,0,3
Awinnongma,0,3,3
Awiradj,3,0,3
Awiram,3,0,3
Awiri,3,0,3
Awirosh,3,0,3
Awisa,0,3,3
Awish-Dew,3,0,3
Awishaam,3,0,3
Awishak,3,0,3
Awishkar,3,0,3
Awishkumar,3,0,3
Awishnarain,3,0,3
Awit,0,3,3
Awital,0,3,3
Awitâl,0,3,3
Awitish,3,0,3
Awivan,0,3,3
Awled,3,0,3
Awleen,0,3,3
Awm,3,0,3
Awn,3,0,3
AWN,3,0,3
Awnash,3,0,3
Awng,0,3,3
Awoeri,3,0,3
Awol,3,0,3
Awoldine,0,3,3
Awolé,3,0,3
Awolesi,0,3,3
Awotua,3,0,3
Awrahim,3,0,3
Awram,3,0,3
Awreja,0,3,3
Awrel,3,0,3
Awrin,0,3,3
Awroham,3,0,3
Awsam,3,0,3
Awsar,0,3,3
Awsim,3,0,3
Awşin,0,3,3
Awsum,3,0,3
Awual,0,3,3
Awudu,3,0,3
Awunash,3,0,3
Awunli,0,3,3
Awunou,3,0,3
Awuor,0,3,3
Awura-Abena,0,3,3
Awura-Ama,0,3,3
Awuraama,0,3,3
Awurafua,0,3,3
Awurua,0,3,3
Awuth,3,0,3
Awwal,3,0,3
Awwel,3,0,3
Awya,3,0,3
Awynash,3,0,3
Axa,0,3,3
Axandra,0,3,3
Axante,0,3,3
Axcelmina,0,3,3
Axèl,3,0,3
Axél,3,0,3
Axel-Frans,3,0,3
Axel-Jan,3,0,3
Axel-Lance,3,0,3
Axel-Roy,3,0,3
Axellej,3,0,3
Axelmenso,3,0,3
Axemina,0,3,3
Axer,3,0,3
Axford,3,0,3
Axi,0,3,3
Axia,0,3,3
Axiera,0,3,3
Aximina,0,3,3
Axìnayah,0,3,3
Axinia,0,3,3
Axis,3,0,3
Axita,0,3,3
Axitosh,3,0,3
Axl-Elias,3,0,3
Axl-Jay,3,0,3
Axl-Marlon,3,0,3
Axly,3,0,3
Axnaël,3,0,3
Axsaviera,0,3,3
Axsel,3,0,3
Axston,3,0,3
Axton,3,0,3
Axum,0,3,3
Axumawit,0,3,3
Axveer,3,0,3
Axvier,3,0,3
Axwell,3,0,3
Axzel,3,0,3
Ay'aan,3,0,3
Ay'celine,0,3,3
Ay'dennsam,3,0,3
Ay'el,3,0,3
Ay'riano,3,0,3
Ay-apra,0,3,3
Ay-dàn,3,0,3
Ay-Lin,0,3,3
Ay-lin,0,3,3
Ay-Ling,0,3,3
Ay-Min,0,3,3
Ay-Shantiley,0,3,3
Ay-Xia,0,3,3
Aya-Layana,0,3,3
Aya-Nova,0,3,3
Aya-Safiya,0,3,3
Aya-Sophia,0,3,3
Ayaanah,0,3,3
Ayaansh,3,0,3
Ayaantu,0,3,3
Ayaash,3,0,3
Ayaath,0,3,3
Ayabanab,3,0,3
Ayacha,0,3,3
Ayaen,3,0,3
Ayaesa,0,3,3
Ayahi,0,3,3
Ayahlen,0,3,3
Ayaho,0,3,3
Ayahpo,3,0,3
Ayahuasca,0,3,3
Ayaikumar,3,0,3
Ayaïssa,0,3,3
Ayaj,3,0,3
Ayalah,0,3,3
Ayalani,0,3,3
Ayáleh,0,3,3
Ayalén,0,3,3
Ayaliene,0,3,3
Ayaline,0,3,3
Ayalisse,0,3,3
Ayalla,3,0,3
Ayalon,3,0,3
Ayamba,0,3,3
Ayamé-Africah,0,3,3
Ayamin,0,3,3
Ayamoh,0,3,3
Ayan-Mouskhaan,0,3,3
Ayána,0,3,3
Ayana-Li,0,3,3
Ayanaa,0,3,3
Ayande,0,3,3
Ayandhé,3,0,3
Ayang,3,0,3
Ayanii,0,3,3
Ayankoemar,3,0,3
Ayanni,0,3,3
Ayano,3,0,3
Ayanour,0,3,3
Ayanta,0,3,3
Ayantie,0,3,3
Ayantu,0,3,3
Ayanur,0,3,3
Ayanwumin,0,3,3
Ayaquaëla,0,3,3
Ayarah,0,3,3
Ayaris,0,3,3
Ayarissa,0,3,3
Ayashe,0,3,3
Ayashna,0,3,3
Ayashti,0,3,3
Ayashvi,0,3,3
Ayasolange,0,3,3
Ayatallah,0,3,3
Ayatef,0,3,3
Ayatewamo,0,3,3
Ayath,3,0,3
Ayati,0,3,3
Ayato,3,0,3
Ayatollah,3,0,3
Ayaub,3,0,3
Ayawa,0,3,3
Ayawavi,0,3,3
Ayay,3,0,3
Ayazhi,0,3,3
Ayback,3,0,3
Aybala,0,3,3
Aybediz,0,3,3
Aybeline,0,3,3
Aybenız,0,3,3
Aybiçe,0,3,3
Aybige,0,3,3
Aybiké,0,3,3
Aybora,3,0,3
Aybuhe,0,3,3
Ayça-Nur,0,3,3
Ayçelen,0,3,3
Aycem,3,0,3
Aycen,3,0,3
Ayçen,0,3,3
Ayceren,0,3,3
Aychel,0,3,3
Aychelyne,0,3,3
Ayçiçeği,0,3,3
Aycin,0,3,3
Aydá,0,3,3
Aydagül,0,3,3
Aydam,3,0,3
Aydan-Jonathan,3,0,3
Aydannur,0,3,3
Aydarus,3,0,3
Aydas,3,0,3
Aydé,0,3,3
Aydean,3,0,3
Aydel,3,0,3
Aydem,3,0,3
Aydën,3,0,3
Aydén,0,3,3
Aydèn,3,0,3
Ayden-John,3,0,3
Ayden-Shayne,3,0,3
Ayden-Valentino,3,0,3
Ayden-Zara,0,3,3
Aydennis,3,0,3
Aydgen,3,0,3
Aydian,3,0,3
Aydinç,3,0,3
Aydine,3,0,3
Aydinn,0,3,3
Aydion,3,0,3
Aydmeline,0,3,3
Aydn,3,0,3
Aydo,3,0,3
Aydoǵan,3,0,3
Aydoĝan,3,0,3
Aydoğdu,3,0,3
Aydost,3,0,3
Aydrey,3,0,3
Aydriell,3,0,3
Aydrien,3,0,3
Aydrion,3,0,3
Aydür,0,3,3
Ayè,0,3,3
Ayeacha,0,3,3
Ayead,3,0,3
Ayeanne,0,3,3
Ayebaeifemi,3,0,3
Ayech,3,0,3
Ayecha,0,3,3
Ayéda,0,3,3
Ayéfo,0,3,3
Ayehisa,0,3,3
Ayëisha-Kayleigh,0,3,3
Ayekan,3,0,3
Ayeklae,0,3,3
Ayeldina,0,3,3
Ayeleth,0,3,3
Ayelh,0,3,3
Ayeli,0,3,3
Ayelina,0,3,3
Ayelinn,0,3,3
Ayellet,0,3,3
Ayeman,3,0,3
Ayembe,0,3,3
Ayena'lena,0,3,3
Ayende,0,3,3
Ayendi,3,0,3
Ayeng,0,3,3
Ayensa,0,3,3
Ayenthe,0,3,3
Ayenti,0,3,3
Ayeobayomi,0,3,3
Ayera,3,0,3
Ayéro,3,0,3
Ayero,3,0,3
Ayertey,3,0,3
Ayèsha,0,3,3
Ayésha,0,3,3
Ayësha,0,3,3
Ayeshia-Na'veen,0,3,3
Ayeshma,0,3,3
Ayeshoo,3,0,3
Ayeshsa,0,3,3
Ayeska,0,3,3
Ayestha,0,3,3
Ayesti,0,3,3
Ayesu,0,3,3
Ayesua,0,3,3
Ayeswari,0,3,3
Ayetek,0,3,3
Ayetta,0,3,3
Ayette,0,3,3
Ayettullah,3,0,3
Ayew,3,0,3
Ayeyi,0,3,3
Ayfa,0,3,3
Ayfel,3,0,3
Ayfettin,3,0,3
Aygören,0,3,3
Ayh,0,3,3
Ayha,0,3,3
Ayhad,0,3,3
Ayheli,0,3,3
Ayhesja,0,3,3
Ayhnoa,0,3,3
Ayholt,3,0,3
Ayhüma,0,3,3
Ayi-Bonte,3,0,3
Ayiat,0,3,3
Ayibanoah,3,0,3
Ayibatonye,0,3,3
Ayienda,0,3,3
Ayiesha,0,3,3
Ayiewensie,0,3,3
Ayik,3,0,3
Ayikai,0,3,3
Ayiko,3,0,3
Ayikoru,0,3,3
Ayikwa,3,0,3
Ayilley,0,3,3
Ayilson,3,0,3
Ayin,3,0,3
Ayindi,3,0,3
Ayindo,0,3,3
Ayingura,3,0,3
Ayinka,0,3,3
Ayinke,0,3,3
Ayinor,3,0,3
Ayirioritse,0,3,3
Ayiş,0,3,3
Ayisah,0,3,3
Ayisean,3,0,3
Ayïsha,0,3,3
Ayishatu,0,3,3
Ayisia,0,3,3
Ayisibea,0,3,3
Ayistan,0,3,3
Ayitan,0,3,3
Ayite,3,0,3
Ayitomi,3,0,3
Ayivi,3,0,3
Ayjon,3,0,3
Ayken,3,0,3
Aykje,0,3,3
Ayko,3,0,3
Aykutalp,3,0,3
Aylă,0,3,3
Aylä,0,3,3
Ayla-Amina,0,3,3
Ayla-Christina,0,3,3
Ayla-Isis,0,3,3
Ayla-Jaylai,0,3,3
Ayla-Mae,0,3,3
Ayla-Maria,0,3,3
Ayla-Noë,0,3,3
Ayla-Noé,0,3,3
Ayla-Roswitha,0,3,3
Aylaa,0,3,3
Aylaan,3,0,3
Aylagül,0,3,3
Aylaida,0,3,3
Aylaine,0,3,3
Aylam,0,3,3
Aylani-Noâ,0,3,3
Aylanie,0,3,3
Aylanii,0,3,3
Aylanka,0,3,3
Aylash,3,0,3
Ayleana,0,3,3
Ayleanna,0,3,3
Ayleasha,0,3,3
Ayleena,0,3,3
Ayleesha,0,3,3
Aylèn,0,3,3
Aylenah,0,3,3
Ayleni,0,3,3
Aylenn,3,0,3
Ayleny,0,3,3
Aylesh,3,0,3
Aylett,3,0,3
Aylexsander,3,0,3
Aylhina,0,3,3
Ayli-Anora,0,3,3
Ayli-Louana,0,3,3
Aylian,0,3,3
Ayliana,0,3,3
Ayliano,3,0,3
Aylias,3,0,3
Aylic,0,3,3
Aylie,0,3,3
Aylie-Jhéne,0,3,3
Aylile,0,3,3
Aylim,0,3,3
Aýlin,0,3,3
Aylin-Elife,0,3,3
Aylin-Filiz,0,3,3
Aylin-Mae,0,3,3
Aylin-Noor,0,3,3
Aylin-Rose,0,3,3
Aylinah,0,3,3
Aylinda,0,3,3
Aylinde,0,3,3
Aylisa,0,3,3
Aylise,0,3,3
Aylíse,0,3,3
Aylisica,0,3,3
Aylissia,0,3,3
Ayllas,3,0,3
Aylleann,0,3,3
Aylmar,3,0,3
Aylnisha,0,3,3
Aylo,3,0,3
Aylona,0,3,3
Aylouïsa,0,3,3
Aylton,3,0,3
Ayma-Saby,0,3,3
Aymain,3,0,3
Aymana,0,3,3
Aymanas,0,3,3
Aymandine,3,0,3
Aymani,0,3,3
Aymay,0,3,3
Aymea,0,3,3
Aymean,3,0,3
Aymèe,0,3,3
Aymei,0,3,3
Aymélice,0,3,3
Aymelisha,0,3,3
Aymene,3,0,3
Aymerick,3,0,3
Aymeris,0,3,3
Aymerthon,3,0,3
Aymery,0,3,3
Aymi,0,3,3
Aymike,3,0,3
Aymiliano,3,0,3
Aymin,0,3,3
Aymir,3,0,3
Aymire,0,3,3
Aymo,3,0,3
Aymonde,0,3,3
Aymonne,0,3,3
Aymos,3,0,3
Aynalem,0,3,3
Aynanshe,3,0,3
Aynara,0,3,3
Ayneela,0,3,3
Ayner,3,0,3
Aynes,0,3,3
Ayness,0,3,3
Ayngel,0,3,3
Ayngeliyah-Faith,0,3,3
Aynhoa,0,3,3
Aynı,0,3,3
Aynice,0,3,3
Aynira,0,3,3
Aynisah,0,3,3
Aynisha,0,3,3
Aynnie,0,3,3
Aynoah,0,3,3
Aynoer,0,3,3
Aynoha,0,3,3
Aynon,3,0,3
Aynoor,0,3,3
Aynor,0,3,3
Aynour,0,3,3
Aynür,0,3,3
Aynura,0,3,3
Aynurie,0,3,3
Aynuur,0,3,3
Ayo-tunde,0,3,3
Ayobunmi,0,3,3
Ayodéji,3,0,3
Ayodela,0,3,3
Ayodéle,0,3,3
Ayodele-Olu,3,0,3
Ayoep,3,0,3
Ayokee-Lee,0,3,3
Ayokor,0,3,3
Ayold-Rutger,3,0,3
Ayolda,0,3,3
Ayom,3,0,3
Ayomade,3,0,3
Ayomï,0,3,3
Ayomidé,0,3,3
Ayomidele,3,0,3
Ayomidi,3,0,3
Ayomipo,3,0,3
Ayondi,0,3,3
Ayoniyi,3,0,3
Ayonna,0,3,3
Ayonne,0,3,3
Ayonti,0,3,3
Ayooluwa,3,0,3
Ayosh,3,0,3
Ayosha,0,3,3
Ayou,3,0,3
Ayoub-Neji,3,0,3
Ayoubi,3,0,3
Ayoudhya,0,3,3
Ayoum,0,3,3
Ayoung,0,3,3
Ayoup,3,0,3
Ayowah,0,3,3
Ayozie,0,3,3
Ayprill,0,3,3
Ayr,3,0,3
Ayra-Ann,0,3,3
Ayrada,0,3,3
Ayrald,3,0,3
Ayralynn,0,3,3
Ayramena,0,3,3
Ayrana,0,3,3
Ayranka,0,3,3
Ayray,0,3,3
Ayrayna,0,3,3
Ayreanthean,3,0,3
Ayrem,3,0,3
Ayrène,0,3,3
Ayrenise,0,3,3
Ayreon,3,0,3
Ayreson,3,0,3
Ayreton,3,0,3
Ayrha,0,3,3
Ayrianna,0,3,3
Ayricha,0,3,3
Ayriel,0,3,3
Ayries,0,3,3
Ayrilara,3,0,3
Ayriliann,0,3,3
Ayrina,0,3,3
Ayriq,3,0,3
Ayrisha,0,3,3
Ayrison,3,0,3
Ayrlaine,0,3,3
Ayrlee,0,3,3
Ayronn,3,0,3
Ayrshantely,0,3,3
Ayrson,3,0,3
Ayrton-Taede,3,0,3
Ayrtonn,3,0,3
Ayrun,3,0,3
Ays,3,0,3
Aysaac,3,0,3
Ayşana,0,3,3
Aysana,0,3,3
Ayşanim,0,3,3
Aysatha,0,3,3
Aysatu,0,3,3
Aysaya,3,0,3
Ayschendru,3,0,3
Aysda,0,3,3
Ayşe-Ebru,0,3,3
Ayse-Erva,0,3,3
Ayşe-Figen,0,3,3
Ayse-Gül,0,3,3
Ayse-Han,0,3,3
Ayse-Nur,0,3,3
Ayseah,3,0,3
Ayşeana,0,3,3
Ayşecan,0,3,3
Ayşegũl,0,3,3
Ayşeğül,0,3,3
Aysegûl,0,3,3
Ayşegűl,0,3,3
Ayşegûl,0,3,3
Ayşehira,0,3,3
Ayselen,0,3,3
Ayselin,0,3,3
Ayşelina,0,3,3
Aysemin,0,3,3
Ayşemira,0,3,3
Aysenaz-Ada,0,3,3
Ayşenil,0,3,3
Ayşenür,0,3,3
Ayşesene,0,3,3
Ayşesu,0,3,3
Aysesu,0,3,3
Ayşgül,0,3,3
Aÿsha,0,3,3
Aysha-Mae,0,3,3
Ayshaa,0,3,3
Ayshaan,3,0,3
Ayshagatoen,0,3,3
Ayshandy,0,3,3
Aysheline,0,3,3
Ayshell,0,3,3
Ayshéne,0,3,3
Ayshianti,0,3,3
Ayshirie,0,3,3
Ayshwaria,0,3,3
Aysïa-Mae,0,3,3
Aysic,3,0,3
Ayşile,0,3,3
Aysim,0,3,3
Aysimaliya,0,3,3
Aysinghe,0,3,3
Aysira,0,3,3
Ayşirin,0,3,3
Ayslin,0,3,3
Aysmar,0,3,3
Aysmee,0,3,3
Ayssa,0,3,3
Aysudenur,0,3,3
Ayşula,0,3,3
Aysuluw,0,3,3
Aysum,0,3,3
Ayszeack,3,0,3
Ayt,3,0,3
Aytap,0,3,3
Aytar,3,0,3
Ayteber,0,3,3
Ayteyna,0,3,3
Aython,3,0,3
Aytmara,0,3,3
Ayto,3,0,3
Aytonne,0,3,3
Aytor,3,0,3
Aytriya,3,0,3
Aytuce,0,3,3
Aytuğu,0,3,3
Aytuna,0,3,3
Aytunc,3,0,3
Ayu-Ki,0,3,3
Ayubi,0,3,3
Ayudia,0,3,3
Ayudiareka,0,3,3
Ayudissa,0,3,3
Ayugi,0,3,3
Ayulina,0,3,3
Ayunah,0,3,3
Ayurana,0,3,3
Ayurany,0,3,3
Ayurda,0,3,3
Ayus,3,0,3
Ayusah,0,3,3
Ayushita,0,3,3
Ayushka,0,3,3
Ayushkoemar,3,0,3
Ayushmati,0,3,3
Ayushpal,3,0,3
Ayustina,0,3,3
Ayusutrisna,0,3,3
Ayuth,3,0,3
Ayv,3,0,3
Ayvar,3,0,3
Ayvarro,3,0,3
Ayvas,3,0,3
Ayvazcan,3,0,3
Ayvean,3,0,3
Ayvén,3,0,3
Ayvenno,3,0,3
Ayver,3,0,3
Ayvescharlers,3,0,3
Ayvey,0,3,3
Ayvhen,3,0,3
Ayvidia,0,3,3
Ayvita,0,3,3
Ayvrian,3,0,3
Ayvril,0,3,3
Aywa,0,3,3
Aywaille-Thalassa,0,3,3
Aywenn,0,3,3
Aywil,3,0,3
Aywin,3,0,3
Ayya,0,3,3
Ayyada,0,3,3
Ayyelet,0,3,3
Ayyıldız,0,3,3
Ayyisha,0,3,3
Ayzea,3,0,3
Ayzis,0,3,3
Ayzit,0,3,3
Ayzlin,0,3,3
Ayzmir,3,0,3
Ayzoo,3,0,3
Az-Eddin,3,0,3
Az-Zahraa,0,3,3
Az-Zahraae,0,3,3
Az-Zahrah,0,3,3
Azaann,3,0,3
Azaar,0,3,3
Azaaz,3,0,3
Azaba,0,3,3
Azad-Asnafor,3,0,3
Azadá,0,3,3
Azadah,0,3,3
Azaddin,3,0,3
Azaddine,3,0,3
Azaddoyi,0,3,3
Azadèh,0,3,3
Azaden,3,0,3
Azadfar,3,0,3
Azadi,3,0,3
Azadin,3,0,3
Azadturk,3,0,3
Azaea,0,3,3
Azaela,0,3,3
Azaher,3,0,3
Azai,3,0,3
Azaïha,3,0,3
Azaima,0,3,3
Azaira,0,3,3
Azairah,0,3,3
Azaja,3,0,3
Azaleah,0,3,3
Azalee,0,3,3
Azaleya,0,3,3
Azaliá,0,3,3
Azaliya,0,3,3
Azaluddin,3,0,3
Azalya,0,3,3
Azama,0,3,3
Azamatowna,0,3,3
Azamit,0,3,3
Azana,0,3,3
Azani-Zahir,3,0,3
Azár,3,0,3
Azarakhsh,0,3,3
Azareël,3,0,3
Azaret,3,0,3
Azari'ah,0,3,3
Azari-Remase,3,0,3
Azarïah,0,3,3
Azarian,3,0,3
Azariël,0,3,3
Azario-dath,3,0,3
Azárja,3,0,3
Azaro,3,0,3
Azarousjka,0,3,3
Azarov,3,0,3
Azaryas,3,0,3
Azatuhi,0,3,3
Azayah,3,0,3
Azaz,0,3,3
Azazi,3,0,3
Azazyah,0,3,3
Azbayar,3,0,3
Azdak,3,0,3
Azddin,3,0,3
Azdean,3,0,3
Azdeen,3,0,3
Azdyn,3,0,3
Azê,0,3,3
Azea,0,3,3
Azealia,0,3,3
Azealiah,0,3,3
Azeb,0,3,3
Azeeddine,3,0,3
Azeeza,0,3,3
Azeezah,0,3,3
Azeglio,3,0,3
Azehjr,3,0,3
Azeia,3,0,3
Azeke,0,3,3
Azelarabe,3,0,3
Azeldin,3,0,3
Azeli,0,3,3
Azélie,0,3,3
Azelin,0,3,3
Azelina,0,3,3
Azeline,0,3,3
Azéline,0,3,3
Azemgül,0,3,3
Azen,3,0,3
Azend,3,0,3
Azénia,0,3,3
Azenya,0,3,3
Azéo,3,0,3
Azerah,0,3,3
Azeraja,3,0,3
Azeri,3,0,3
Azerki,0,3,3
Azerole,0,3,3
Azet,3,0,3
Azeti,3,0,3
Azetti,3,0,3
Azeze,0,3,3
Azezet,0,3,3
Azfaar,3,0,3
Azhan,3,0,3
Azharine,0,3,3
Azhima,0,3,3
Azi,3,0,3
Aziana,0,3,3
Azianeley,0,3,3
Aziany,0,3,3
Aziära,0,3,3
Aziata,0,3,3
Azief-ali,3,0,3
Aziëlla,0,3,3
Aziëlle,0,3,3
Azien,0,3,3
Azies,3,0,3
Aziezagathoen,0,3,3
Azieze,3,0,3
Aziezsjah,3,0,3
Aziim,3,0,3
Aziiz,3,0,3
Azike,3,0,3
Azilho,3,0,3
Aziliz,0,3,3
Azimay,0,3,3
Azimenur,0,3,3
Azimi,0,3,3
Azimnur,3,0,3
Azimoen,0,3,3
Azimulla,3,0,3
Azire,0,3,3
Aziri,3,0,3
Azisa-Ilaisa,0,3,3
Azisi,0,3,3
Aziya,0,3,3
Aziyme,0,3,3
Aziyon,3,0,3
Azïz,3,0,3
Aziz-Can,3,0,3
Azizalie,3,0,3
Azizefendi,3,0,3
Azizeh,0,3,3
Azizenur,0,3,3
Azizha,0,3,3
Azizullah,3,0,3
Azizz,3,0,3
Azjahraell,3,0,3
Azjantley,0,3,3
Azjin,0,3,3
Azkanouche,0,3,3
Azkayra,0,3,3
Azlaan,3,0,3
Azlynn,0,3,3
Azm,3,0,3
Azmad,3,0,3
Azmaeen,0,3,3
Azmal,3,0,3
Azmaniar,0,3,3
Azmatkhan,3,0,3
Azmeien,0,3,3
Azmer,3,0,3
Azmera,0,3,3
Azmet,0,3,3
Azmie,3,0,3
Azmien,0,3,3
Azmin,0,3,3
Azmir,3,0,3
Azmiyya,0,3,3
Azmoennisa,0,3,3
Azmoennisha,0,3,3
Aznar,3,0,3
Aznat,0,3,3
Azniw,0,3,3
Azoe,0,3,3
Azohra,0,3,3
Azoía,0,3,3
Azoran,3,0,3
Azoria,0,3,3
Azorra,0,3,3
Azow,3,0,3
Azrâ,0,3,3
Azra-Gül,0,3,3
Azra-Ria,0,3,3
Azrab,3,0,3
Azraël,3,0,3
Azragül,0,3,3
Azrah,0,3,3
Azraïl,3,0,3
Azranah,0,3,3
Azraneva,0,3,3
Azray,3,0,3
Azrham,3,0,3
Azri,0,3,3
Azrie,3,0,3
Azrillius,3,0,3
Azroen,3,0,3
Aztek,3,0,3
Aztera,3,0,3
Azubike,3,0,3
Azudin,3,0,3
Azuéra,0,3,3
Azueris,3,0,3
Azula,0,3,3
Azûlay,3,0,3
Azulim,3,0,3
Azulina,0,3,3
Azuljak,0,3,3
Azumaya,0,3,3
Azume,0,3,3
Azuolas,3,0,3
Azurée,0,3,3
Azuro,3,0,3
Azusa,3,0,3
Azuweres,3,0,3
Azwad,3,0,3
Azwar,3,0,3
Azwien,3,0,3
Azwin,3,0,3
Azwurie,3,0,3
Azyaan,3,0,3
Azyan,0,3,3
Azz,3,0,3
Azz-eddine,3,0,3
Azzaam,3,0,3
Azzadine,3,0,3
Azzah,0,3,3
Azzahrae,0,3,3
Azzalia,0,3,3
Azzano,3,0,3
Azzara,0,3,3
Azzard,3,0,3
Azzaria,0,3,3
Azzaya,0,3,3
Azzdien,3,0,3
Azzdin,3,0,3
Azzeddinne,3,0,3
Azzetdine,3,0,3
Azzi,0,3,3
Azziden,3,0,3
Azzim,3,0,3
Azziza,0,3,3
Azzize,3,0,3
Azzone,3,0,3
Azzoubayr,3,0,3
Azzra,0,3,3
Azzuhra,0,3,3
Azzuro,3,0,3
Azzurro,3,0,3
