Name,Men,Women,Total
Bernardus,78542,468,79010
Bart,30738,91,30829
Bastiaan,29054,50,29104
Benjamin,28340,110,28450
Barbara,1456,25760,27216
Bianca,230,24941,25171
Berendina,109,24845,24954
Bram,23644,25,23669
Berend,21934,12,21946
Bas,20480,36,20516
Bernard,20323,104,20427
Bernadette,267,15859,16126
Bernardina,239,15345,15584
Britt,22,11493,11515
Bartholomeus,10665,125,10790
Brigitte,139,10411,10550
Bertha,309,10213,10522
Bob,10107,28,10135
Brian,8451,25,8476
Brenda,24,7674,7698
Bertus,7630,13,7643
Barend,6797,7,6804
Boudewijn,6362,14,6376
Bente,100,6170,6270
Bernarda,25,6158,6183
Bert,5980,51,6031
Bernhard,5778,21,5799
Beatrix,161,5579,5740
Björn,5655,21,5676
Bjorn,5451,43,5494
Bryan,5370,9,5379
Brigitta,93,5285,5378
Ben,5213,50,5263
Berdina,93,4947,5040
Beau,2472,2368,4840
Boaz,4584,3,4587
Baukje,3,4535,4538
Barry,4482,46,4528
Boris,4402,3,4405
Benthe,13,3854,3867
Bauke,3411,163,3574
Belinda,21,3477,3498
Babette,3,3396,3399
Brent,2711,0,2711
Brandon,2615,3,2618
Bouke,2381,192,2573
Bilal,2546,8,2554
Boy,2530,19,2549
Bastiaantje,3,2500,2503
Barbera,12,2485,2497
Boukje,6,2452,2458
Barendina,3,2219,2222
Bastiana,8,2214,2222
Bibi,6,2144,2150
Bregje,5,2108,2113
Birgit,10,2088,2098
Berry,2008,78,2086
Bertina,46,1966,2012
Birgitta,15,1986,2001
Benedictus,1955,28,1983
Bradley,1939,3,1942
Bruno,1801,11,1812
Bernardine,30,1747,1777
Berber,12,1751,1763
Bertine,12,1748,1760
Bobby,1478,272,1750
Baptist,1613,29,1642
Bernadina,33,1517,1550
Bettina,15,1397,1412
Barteld,1333,3,1336
Burak,1305,3,1308
Bennie,1273,24,1297
Bea,18,1256,1274
Bouwe,1270,3,1273
Beatrice,8,1259,1267
Betty,17,1240,1257
Bernice,5,1234,1239
Benny,1178,33,1211
Bartha,3,1186,1189
Bruce,1180,6,1186
Benno,1181,3,1184
Bernd,1156,8,1164
Boyd,1150,3,1153
Brechtje,3,1146,1149
Beatrijs,8,1076,1084
Bouwina,0,1048,1048
Bernadetta,14,1028,1042
Bodhi,853,85,938
Belle,3,911,914
Berendje,3,882,885
Birgitte,3,878,881
Bonne,814,55,869
Bernadet,8,828,836
Babet,3,830,833
Bonnie,28,800,828
Bartel,817,3,820
Bartus,817,3,820
Betül,0,818,818
Belia,3,810,813
Berta,10,799,809
Bernardo,780,16,796
Bobbie,314,479,793
Beyza,0,792,792
Brigit,13,777,790
Berat,778,11,789
Betsy,3,780,783
Berndina,5,766,771
Bella,3,757,760
Babs,3,751,754
Bartje,207,534,741
Berdien,3,726,729
Brecht,180,541,721
Bridget,3,714,717
Boet,706,3,709
Bastian,698,3,701
Berkay,691,0,691
Britney,0,684,684
Balthazar,660,15,675
Bonifacius,656,9,665
Berthe,11,653,664
Brendan,649,3,652
Betje,3,639,642
Brahim,630,3,633
Bjarne,602,5,607
Bonita,3,604,607
Batuhan,603,0,603
Büşra,0,594,594
Bouchra,0,582,582
Bartholomea,9,571,580
Billy,488,83,571
Baran,553,17,570
Brett,530,39,569
Bobbi,17,547,564
Beitske,0,554,554
Brechje,3,542,545
Badr,537,3,540
Britta,3,529,532
Bentley,504,24,528
Bent,493,23,516
Bregtje,0,511,511
Benito,501,3,504
Boas,500,3,503
Bodine,3,499,502
Bernadine,5,496,501
Boudina,3,496,499
Bareld,487,3,490
Bastianus,482,0,482
Beertje,3,480,483
Bahar,3,476,479
Bink,473,6,479
Bertram,472,0,472
Boele,461,3,464
Berna,0,454,454
Bodil,14,440,454
Bonny,27,426,453
Bernhardus,451,3,454
Britte,3,450,453
Berdine,3,431,434
Bote,432,3,435
Bregitta,0,432,432
Baptista,202,224,426
Betsie,7,419,426
Bertil,419,3,422
Beert,420,0,420
Benedicta,7,409,416
Bartele,406,3,409
Bettine,3,404,407
Blanche,16,389,405
Bart-Jan,400,0,400
Bontje,15,385,400
Barta,3,388,391
Binne,388,3,391
Bowie,280,105,385
Beate,6,374,380
Bonifatius,369,5,374
Bekir,373,0,373
Bjørn,361,3,364
Beaudine,0,357,357
Berlinda,0,355,355
Bertie,167,187,354
Benita,0,343,343
Bariş,338,3,341
Bodi,308,25,333
Branco,328,3,331
Billie,89,240,329
Burcu,0,328,328
Berendine,3,316,319
Bernardinus,316,3,319
Barthold,313,3,316
Bing,295,15,310
Benedict,285,20,305
Balthasar,300,3,303
Branko,298,3,301
Bertrand,287,8,295
Bernhardina,3,290,293
Bonaventura,186,104,290
Berfin,0,289,289
Berthus,287,3,290
Brend,288,0,288
Brooklyn,144,144,288
Brandina,0,287,287
Bayram,285,3,288
Binck,280,0,280
Bionda,3,277,280
Buse,0,278,278
Bert-Jan,277,0,277
Blanca,6,264,270
Berit,3,267,270
Breunis,269,0,269
Beata,6,261,267
Baptiste,238,28,266
Bardina,3,265,268
Baltus,265,0,265
Bernhardine,3,262,265
Bessel,260,3,263
Bünyamin,263,0,263
Berthold,259,0,259
Bep,57,199,256
Berkan,255,0,255
Brigida,22,229,251
Bor,250,0,250
Berk,242,5,247
Benyamin,244,0,244
Brittany,0,244,244
Bibiana,3,238,241
Buddy,237,3,240
Byron,238,3,241
Bernardette,3,234,237
Basma,0,234,234
Berke,228,6,234
Badreddine,233,0,233
Berra,3,227,230
Bryce,210,14,224
Bailey,103,118,221
Benedicte,3,220,223
Bette,3,215,218
Berendien,3,215,218
Bono,209,3,212
Boudewina,0,211,211
Bonno,208,0,208
Bartina,0,205,205
Barthelomeus,198,6,204
Basilius,200,3,203
Bene,201,3,204
Borre,198,3,201
Bowen,185,10,195
Bibian,5,189,194
Bieke,3,191,194
Belinay,0,190,190
Bosco,177,12,189
Bregina,0,189,189
Bavo,177,9,186
Bendina,5,181,186
Beryl,9,176,185
Bettie,3,179,182
Brit,5,178,183
Burhan,183,0,183
Bertinus,181,3,184
Boelo,182,0,182
Bowien,0,182,182
Bülent,181,0,181
Benne,165,15,180
Buşra,0,180,180
Bianka,3,178,181
Bruining,179,0,179
Bao,102,76,178
Beppie,3,175,178
Berthina,3,176,179
Barbra,3,170,173
Brandy,25,147,172
Bora,158,12,170
Brunhilde,5,165,170
Bartelina,3,162,165
Benji,162,3,165
Berbera,0,165,165
Banu,3,163,166
Benja,132,32,164
Brugt,164,0,164
Bernie,134,28,162
Béatrice,3,158,161
Benjamina,0,160,160
Brianna,0,160,160
Bastien,154,3,157
Bedirhan,158,0,158
Berrie,147,11,158
Bloeme,0,157,157
Bertien,20,136,156
Blue,51,104,155
Bindert,153,0,153
Brain,153,0,153
Bengt,148,3,151
Bojoura,0,149,149
Bouktje,0,149,149
Brad,148,3,151
Beerd,148,0,148
Bernt,148,0,148
Bernardien,3,143,146
Bibiane,3,146,149
Brant,147,0,147
Bibiche,0,145,145
Bartholomeüs,142,3,145
Baudina,0,143,143
Bertje,40,103,143
Birthe,3,141,144
Boyan,142,3,145
Berendiena,0,142,142
Baris,141,0,141
Béla,131,9,140
Baruch,135,3,138
Bertjan,138,0,138
Bliss,5,133,138
Birte,0,137,137
Buket,0,136,136
Barış,135,0,135
Bokke,134,0,134
Basten,131,0,131
Bouko,131,0,131
Bastienne,0,128,128
Berthilde,0,128,128
Berto,126,3,129
Bojan,128,0,128
Brady,124,3,127
Brittney,0,128,128
Batu,126,0,126
Balder,125,0,125
Bartholina,5,119,124
Berend-Jan,123,0,123
Berenice,0,122,122
Bintje,3,121,124
Brayden,121,3,124
Barrie,112,9,121
Blasius,110,11,121
Barnabas,119,3,122
Batje,3,119,122
Berthil,116,3,119
Berty,32,88,120
Bavonia,0,119,119
Bastiënne,3,117,120
Bernadien,3,117,120
Brendon,118,0,118
Bin,102,15,117
Bowe,116,3,119
Burçin,6,111,117
Babeth,0,116,116
Blessing,24,92,116
Babiche,3,112,115
Biem,113,0,113
Boran,113,0,113
Bowi,39,74,113
Bryant,112,0,112
Bouchien,0,111,111
Berdinus,110,0,110
Baki,109,0,109
Bartjan,107,0,107
Btissame,0,107,107
Bill,105,3,108
Brenn,104,3,107
Bashir,74,31,105
Buck,104,3,107
Bartho,103,3,106
Blandina,7,97,104
Begüm,0,101,101
Benoît,97,3,100
Berkant,101,0,101
Bernou,8,93,101
Beth,3,98,101
Bonefacius,97,3,100
Bartolomeus,96,3,99
Berivan,0,100,100
Bernadus,100,0,100
Bijou,0,99,99
Brynn,23,76,99
Berbel,3,97,100
Barber,28,68,96
Beene,96,0,96
Beno,96,0,96
Boutaina,0,96,96
Bouwke,20,76,96
Boyke,94,3,97
Burgje,0,96,96
Blazina,0,95,95
Bort,95,0,95
Bracha,3,94,97
Brennan,94,3,97
Belén,3,92,95
Beligje,0,93,93
Barth,92,0,92
Bastijn,92,0,92
Berte,3,90,93
Bronno,91,3,94
Bertwin,91,0,91
Baaltje,0,90,90
Basil,85,5,90
Bate,87,3,90
Betske,0,90,90
Branca,3,89,92
Beerend,89,0,89
Beyzanur,0,89,89
Bouwiena,0,89,89
Bastina,0,88,88
Bregt,21,67,88
Brita,3,87,90
Benoit,85,3,88
Bibianne,0,86,86
Biense,86,0,86
Biko,85,3,88
Bilge,8,78,86
Brigita,3,83,86
Brody,83,3,86
Benice,0,85,85
Berthine,3,83,86
Blaas,84,0,84
Bowy,62,22,84
Busra,0,84,84
Beatriz,0,83,83
Bela,46,37,83
Bento,81,3,84
Brianne,0,82,82
Baer,81,0,81
Bogdan,81,0,81
Bonna,0,81,81
Berny,65,15,80
Birgül,0,79,79
Birk,77,3,80
Bartine,0,78,78
Berendinus,78,0,78
Berjan,78,0,78
Borgert,77,0,77
Bartelt,76,0,76
Bina,3,75,78
Binh,57,19,76
Blijke,3,75,78
Brigitha,3,74,77
Bathseba,0,75,75
Beerdje,0,75,75
Bern,73,3,76
Berno,74,3,77
Beschier,75,0,75
Boye,74,3,77
Bruun,68,7,75
Barthel,74,0,74
Bendert,74,0,74
Berdan,73,3,76
Bernardes,72,3,75
Betul,0,74,74
Beytullah,74,0,74
Brayn,74,0,74
Bren,72,3,75
Brendy,7,67,74
Buğra,73,3,76
Belgin,0,73,73
Berti,28,45,73
Bieuwkje,0,73,73
Boi,66,7,73
Bartu,72,0,72
Benedikte,0,72,72
Berrin,3,71,74
Bodien,3,71,74
Bosse,72,0,72
Bouwien,0,72,72
Brando,72,0,72
Benigna,3,68,71
Bennet,69,3,72
Bets,8,63,71
Berndine,0,70,70
Beyoncé,0,70,70
Brenden,69,3,72
Besseltje,0,69,69
Beverly,0,69,69
Baldina,0,68,68
Bonefatius,67,3,70
Brunetta,0,68,68
Baan,65,3,68
Bahadir,67,0,67
Brunette,0,67,67
Burgina,0,67,67
Baatje,0,66,66
Balten,64,3,67
Benjahmin,66,0,66
Berendtje,0,66,66
Bernedina,3,65,68
Binnert,66,0,66
Beeltje,0,65,65
Birsen,0,65,65
Blandine,9,56,65
Borromeus,64,3,67
Baartje,3,63,66
Benjamino,61,3,64
Beren,16,48,64
Berent,64,0,64
Bien,6,58,64
Boateng,48,16,64
Botte,64,0,64
Boudewijna,0,64,64
Bouwinus,64,0,64
Bardo,62,3,65
Barendine,0,63,63
Botje,6,57,63
Baukjen,0,62,62
Berentje,0,62,62
Bianco,60,3,63
Bjarn,62,0,62
Brandt,62,0,62
Bernharda,0,61,61
Boudine,0,61,61
Brigetta,0,61,61
Büsra,0,61,61
Bertran,60,0,60
Brayen,60,0,60
Başak,0,58,58
Bedia,0,58,58
Benk,58,0,58
Berndien,0,58,58
Bindi,3,57,60
Birgitt,0,58,58
Bouwine,0,58,58
Beeuwkje,0,57,57
Berthy,3,53,56
Blondina,9,48,57
Bodie,45,12,57
Balou,3,52,55
Bärbel,3,55,58
Batool,0,56,56
Battista,48,8,56
Benicio,56,0,56
Binc,56,0,56
Brice,52,3,55
Bachir,55,0,55
Bertan,55,0,55
Bertold,55,0,55
Bess,3,54,57
Bondina,0,55,55
Brenna,0,55,55
Baldwin,54,0,54
Baptistus,53,3,56
Barney,53,3,56
Barto,52,3,55
Bernarde,3,51,54
Binta,0,54,54
Birol,54,0,54
Boelina,0,54,54
Bran,52,3,55
Branda,0,54,54
Barbalina,0,53,53
Barbertje,0,53,53
Beike,3,49,52
Bennett,51,3,54
Berith,3,52,55
Bernardetta,0,53,53
Bertin,45,8,53
Bodile,0,53,53
Basje,32,20,52
Beda,24,28,52
Bernedine,0,52,52
Biek,47,5,52
Bouchiena,0,52,52
Batseba,3,50,53
Beatus,49,3,52
Benignus,45,6,51
Bradly,50,3,53
Bret,48,3,51
Basilia,3,48,51
Bastiane,0,50,50
Bastianne,3,49,52
Bastin,49,3,52
Berdiena,3,48,51
Bertho,47,3,50
Beyhan,10,40,50
Bhartie,3,49,52
Btissam,0,50,50
Bastiën,45,3,48
Bauwina,0,49,49
Bayan,7,42,49
Belina,0,49,49
Broes,49,0,49
Burt,49,0,49
Benedikt,45,3,48
Benz,45,3,48
Berre,20,28,48
Blossom,0,48,48
Bodo,47,3,50
Bonifacia,3,45,48
Brighid,0,48,48
Bence,47,0,47
Benjamine,9,38,47
Berndt,47,0,47
Bhodi,39,8,47
Borg,42,5,47
Bader,45,3,48
Bartelomeus,45,3,48
Béate,0,46,46
Beleke,0,46,46
Bendt,46,0,46
Berbertje,0,46,46
Boakye,27,19,46
Brandje,9,37,46
Bruna,0,46,46
Bud,46,0,46
Buğlem,0,46,46
Barteldina,0,45,45
Benni,44,3,47
Bernadeth,3,44,47
Betina,3,44,47
Branka,0,45,45
Bryanna,0,45,45
Bryn,38,7,45
Beja,0,44,44
Belal,43,3,46
ben,40,3,43
Berenda,0,44,44
Berlinde,0,44,44
Bojana,0,44,44
Boukelina,0,44,44
Briana,0,44,44
Bryony,3,42,45
Barthelina,3,42,45
Bartholemeus,42,3,45
Bera,37,6,43
Bernulphus,43,0,43
Bertilia,3,42,45
Bharti,0,43,43
Bich,0,43,43
Bushra,3,42,45
Bahri,42,0,42
Battal,42,0,42
Begum,3,41,44
Benson,41,3,44
Bija,0,42,42
Birke,0,42,42
Boudien,0,42,42
Brechtsje,0,42,42
Brendina,0,42,42
Brooklynn,3,39,42
Barberdina,0,41,41
Berni,25,16,41
Bertel,35,6,41
Berthilda,0,41,41
Bharat,41,0,41
Bia,0,41,41
Billal,41,0,41
Bircan,11,30,41
Brooke,3,40,43
Barbaros,40,0,40
Bengisu,0,40,40
Bennardus,39,3,42
Beril,3,37,40
Birger,39,3,42
Blake,35,5,40
Bano,3,36,39
Basri,36,3,39
Belinde,0,39,39
Bénédicte,3,38,41
Bernita,0,39,39
Berth,35,3,38
Bickel,38,3,41
Biena,0,39,39
Bijke,3,38,41
Bloom,3,36,39
Boelem,39,0,39
Bouk,30,9,39
Brinn,9,30,39
Bulent,39,0,39
Behiye,0,38,38
Bèr,36,3,39
Biba,0,38,38
Björk,3,34,37
Blom,6,32,38
Bruni,3,34,37
Babbe,0,37,37
Barthus,37,0,37
Baudewijn,37,0,37
Bear,34,3,37
Benvenuto,37,0,37
Benyamine,37,0,37
Bonnette,0,37,37
Bryson,37,0,37
Baltasar,36,0,36
Bartholomëus,36,0,36
Bartold,36,0,36
Benaja,34,3,37
Benvenuta,0,36,36
Besselina,0,36,36
Bieuwke,0,36,36
Blanka,0,36,36
Bottje,0,36,36
Bartinus,35,0,35
Bartolomeüs,34,3,37
Bavius,35,0,35
Becky,0,35,35
Beniamino,35,0,35
Benoni,33,3,36
Bernardino,34,3,37
Bieneke,0,35,35
Bodhy,30,5,35
Brigith,0,35,35
Bronislaw,34,3,37
Bruinis,34,3,37
Bulut,35,0,35
Bade,0,34,34
Baudien,0,34,34
Bauk,12,22,34
Belma,0,34,34
Benardus,34,0,34
Bénine,0,34,34
Berin,3,30,33
Bernardi,7,27,34
Besma,0,34,34
Bettje,0,34,34
Boukina,0,34,34
Bregitte,3,33,36
Badia,0,33,33
Badria,0,33,33
Bam,32,3,35
Bartholomé,32,3,35
Bastine,3,32,35
Bellinda,3,32,35
Benjo,33,0,33
Bensu,0,33,33
Berrit,5,28,33
Berzan,33,0,33
Binq,33,0,33
Boreas,33,0,33
Bouwdewijn,33,0,33
Brayan,32,3,35
Brigittha,0,33,33
Bay,14,18,32
Berinda,0,32,32
Bethany,0,32,32
Bilaal,32,0,32
Binke,19,13,32
Bon,28,3,31
Booy,32,0,32
Briggitte,0,32,32
Brigiet,0,32,32
Brigite,3,31,34
Bronislawa,3,29,32
Burton,31,3,34
Bahtiyar,28,3,31
Banoe,0,31,31
Barbarina,3,28,31
Barendje,0,31,31
Barthe,3,27,30
Bebel,0,31,31
Beint,31,0,31
Benine,0,31,31
Berlina,3,30,33
Berne,19,12,31
Bernulpha,0,31,31
Bertrandus,31,0,31
Birkan,31,0,31
Blaise,30,3,33
Bonito,30,3,33
Breanna,0,31,31
Bregita,0,31,31
Breunisje,0,31,31
Brune,9,22,31
Bapke,0,30,30
Bard,30,0,30
Basmala,0,30,30
Bassam,24,6,30
Bassim,30,0,30
Bauwe,30,0,30
Beanca,0,30,30
Begga,3,27,30
Benaiah,30,0,30
Ber,30,0,30
Beran,29,3,32
Bernd-Jan,30,0,30
Beyda,0,30,30
Bocke,30,0,30
Boubacar,30,0,30
Brigette,0,30,30
Bright,25,5,30
Buster,28,3,31
Baldus,29,0,29
Basjan,29,0,29
Bennard,29,0,29
Beray,6,23,29
Beredina,0,29,29
Bernlef,29,0,29
Berrak,0,29,29
Bienze,29,0,29
Boban,29,0,29
Bodyl,3,28,31
Boen,22,7,29
Bonje,0,29,29
Bougien,0,29,29
Boyen,27,3,30
Brown,21,8,29
Bunyamin,29,0,29
Bahattin,28,0,28
Bakr,27,3,30
Bareldina,0,28,28
Barteline,0,28,28
Bartimeüs,28,0,28
Bas-Jan,28,0,28
Baudouin,26,3,29
Bedriye,0,28,28
Bein,27,3,30
Bektaş,28,0,28
Bengü,0,28,28
Beppy,0,28,28
Bernedette,0,28,28
Bernold,28,0,28
Berryl,3,25,28
Bertranda,0,28,28
Bibie,0,28,28
Biljana,0,28,28
Bintou,0,28,28
Boo,11,17,28
Boudewinus,28,0,28
Brighton,27,3,30
Budi,28,0,28
Balbina,0,27,27
Baldewina,0,27,27
Barbarella,0,27,27
Basile,25,3,28
Batoul,0,27,27
Bedir,27,0,27
Belize,0,27,27
Bendiks,27,0,27
Benediktus,27,0,27
Bennita,0,27,27
Benton,24,3,27
Berhan,26,3,29
Berthie,7,20,27
Betto,27,0,27
Binyamin,27,0,27
Bouwelina,3,26,29
Brandi,3,26,29
Bronwyn,3,26,29
Burg,27,0,27
B'Elanna,0,26,26
Balster,26,0,26
Barbora,0,26,26
Barendinus,26,0,26
Baue,25,3,28
Beije,23,3,26
Beitsche,0,26,26
Benedetta,0,26,26
Beorn,26,0,26
Bérénice,0,26,26
Berkin,26,0,26
Bernanda,0,26,26
Biene,0,26,26
Bijtje,0,26,26
Bikkel,25,3,28
Bilel,26,0,26
Bjorna,0,26,26
Blaze,22,3,25
Body,22,3,25
Boudelina,0,26,26
Bowine,0,26,26
Brandine,0,26,26
Bregetta,0,26,26
Brentley,26,0,26
Briek,26,0,26
Burchard,26,0,26
Barbette,3,23,26
Barnardus,25,0,25
Barteltje,0,25,25
Bartholomina,0,25,25
Bartlomeus,25,0,25
Beka,3,23,26
Bellamy,17,8,25
Benten,20,5,25
Berbe,3,24,27
Bernhardt,25,0,25
Bertilla,3,24,27
Bettus,25,0,25
Biethje,0,25,25
Blasina,0,25,25
Boan,24,3,27
Bralt,25,0,25
Brammert,25,0,25
Bugra,25,0,25
Buizerd,25,0,25
Baafje,0,24,24
Baldur,24,0,24
Barthelomea,0,24,24
Basem,20,3,23
Beekje,0,24,24
Belicia,0,24,24
Benaissa,22,3,25
Bender,24,0,24
Benn,24,0,24
Beria,0,24,24
Bjőrn,24,0,24
Bohdi,20,3,23
Botan,24,0,24
Bozena,0,24,24
Brandaan,24,0,24
Brantley,24,0,24
Breggina,0,24,24
Baart,23,0,23
Baha,22,3,25
Bahija,0,23,23
Barthlomeus,23,0,23
Basim,22,3,25
Batin,23,0,23
Beeke,7,16,23
Beeuw,0,23,23
Beke,8,15,23
Benonie,22,3,25
Berbara,0,23,23
Berdie,3,20,23
Berends,22,3,25
Bernardet,0,23,23
Bernier,23,0,23
Bertijn,22,3,25
Berton,23,0,23
Besim,23,0,23
Bian,19,3,22
Bindiya,0,23,23
Birgita,0,23,23
Bjintze,23,0,23
Bobbejaan,23,0,23
Bodean,12,11,23
Bodey,22,3,25
Bodille,0,23,23
Boubker,23,0,23
Bowina,0,23,23
Brenton,23,0,23
Bruina,0,23,23
Baafke,0,22,22
Babbette,0,22,22
Balthus,21,3,24
Barbarus,22,0,22
Bartolina,3,18,21
Basiel,21,3,24
Basilio,22,0,22
Benitius,20,3,23
Beritan,3,18,21
Bernette,0,22,22
Bernike,0,22,22
Berten,22,0,22
Bertruda,3,21,24
Bethel,3,19,22
Betine,0,22,22
Beverley,0,22,22
Bilâl,22,0,22
Bineke,0,22,22
Boike,20,3,23
Borus,22,0,22
Bos,21,3,24
Bouchina,0,22,22
Boudewien,0,22,22
Bouwkje,0,22,22
Bras,21,3,24
Brem,16,6,22
Broos,22,0,22
Bryanne,0,22,22
Buis,22,0,22
Babatunde,20,3,23
Bai,18,3,21
Baije,3,17,20
Baldewijn,21,0,21
Balt,21,0,21
Baltazar,20,3,23
Batın,21,0,21
Bei,6,15,21
Bendjamin,21,0,21
Bernadiena,0,21,21
Biagio,20,3,23
Bienvenido,20,3,23
Bieuwe,21,0,21
Binnaz,0,21,21
Bix,19,3,22
Bochra,0,21,21
Boke,20,3,23
Bonnita,0,21,21
Bonsu,9,12,21
Bougina,0,21,21
Bowey,20,3,23
Braydon,21,0,21
Breg,3,20,23
Brianda,0,21,21
Briony,3,20,23
Bronger,21,0,21
Bronwen,3,20,23
Baarte,20,0,20
Balina,0,20,20
Barbe,3,19,22
Barte,9,11,20
Bartholda,0,20,20
Bartle,20,0,20
Bashar,17,3,20
Bastiaen,20,0,20
Baukelien,0,20,20
Belen,3,17,20
Belèn,0,20,20
Bell,3,16,19
Bem,18,3,21
Bennert,20,0,20
Berdiene,0,20,20
Bergüzar,0,20,20
Berlin,3,18,21
Bertholdus,20,0,20
Beşir,20,0,20
Betsij,0,20,20
Bijan,20,0,20
Bijgje,0,20,20
Binnie,3,18,21
Bishoy,20,0,20
Bobo,19,3,22
Bonifatia,3,19,22
Bonnetta,0,20,20
Bow,16,3,19
Bregitha,0,20,20
Brendt,20,0,20
Briseïs,0,20,20
Brontë,0,20,20
Bryana,0,20,20
Burcin,3,17,20
Busenur,0,20,20
Baba,15,3,18
Babita,0,19,19
Badu,10,9,19
Barre,17,3,20
Basia,0,19,19
Beika,0,19,19
Belita,0,19,19
Bennito,19,0,19
Bernardin,5,14,19
Bernulfus,19,0,19
Berwout,19,0,19
Betta,3,18,21
Bibia,0,19,19
Bine,0,19,19
Binjamin,18,3,21
Bodina,0,19,19
Boeke,19,0,19
Boj,19,0,19
Bootje,0,19,19
Bowdy,18,3,21
Briggita,0,19,19
Brigid,0,19,19
Brünhilde,0,19,19
Bryon,19,0,19
Byanca,0,19,19
Babke,0,18,18
Bahati,9,9,18
Bahriye,0,18,18
Baltina,0,18,18
Baraa,10,8,18
Barenda,0,18,18
Bari,15,3,18
Bartholdus,18,0,18
Bartholomaeus,17,3,20
Bartosz,18,0,18
Barwert,18,0,18
Baudine,0,18,18
Bellina,3,17,20
Bellona,3,17,20
Beradina,0,18,18
Bergina,0,18,18
Berken,17,3,20
Berşan,14,3,17
Bertiene,0,18,18
Bertilde,3,17,20
Bertini,6,12,18
Bertino,16,3,19
Betjen,0,18,18
Beyonce,0,18,18
Bik,12,6,18
Binnur,0,18,18
Bjinse,18,0,18
Bjurn,18,0,18
Bless,9,9,18
Booi,18,0,18
Borchert,18,0,18
Bouwko,18,0,18
Brandley,17,3,20
Briënne,0,18,18
Brik,18,0,18
Bronte,0,18,18
Bruinsje,0,18,18
Badre,17,0,17
Bambi,3,14,17
Bardinus,17,0,17
Barend-Jan,17,0,17
Bartimeus,17,0,17
Bartolomeo,17,0,17
Basel,15,3,18
Batist,17,0,17
Batoel,0,17,17
Behçet,17,0,17
Beliz,0,17,17
Benedette,3,16,19
Benedetto,16,3,19
Beriwan,0,17,17
Bernise,0,17,17
Bernke,0,17,17
Betting,17,0,17
Biefke,0,17,17
Bilgin,11,6,17
Bjetje,0,17,17
Bjork,11,6,17
Bonaria,0,17,17
Bong,17,0,17
Bonifacio,14,3,17
Bonni,7,10,17
Born,17,0,17
Boudy,8,9,17
Bougiena,0,17,17
Boukelien,0,17,17
Boya,3,16,19
Brandan,17,0,17
Brendo,17,0,17
Bror,17,0,17
Brouwer,16,3,19
Btisame,0,17,17
Bach,8,8,16
Baig,13,3,16
Bake,16,0,16
Bálint,16,0,16
Barak,16,0,16
Barnaby,16,0,16
Barro,16,0,16
Barton,16,0,16
Bastièn,16,0,16
Batista,12,3,15
Bavona,0,16,16
Beauregard,16,0,16
Bedran,16,0,16
Belana,0,16,16
Benck,16,0,16
Benitia,0,16,16
Benselina,0,16,16
Benvenutus,16,0,16
Berdy,7,9,16
Berendjan,16,0,16
Berina,0,16,16
Bernaldo,16,0,16
Bernardiena,0,16,16
Bernet,0,16,16
Berthel,14,3,17
Bertrik,16,0,16
Bertuğ,16,0,16
Bes,0,16,16
Bettien,0,16,16
Beya,3,14,17
Bilgehan,11,5,16
Bodin,9,7,16
Boleslaw,16,0,16
Borka,3,14,17
Botina,0,16,16
Boudewine,0,16,16
Bradey,14,3,17
Bratt,16,0,16
Breggitta,0,16,16
Brutus,16,0,16
Buglem,0,16,16
Babice,0,15,15
Bae,10,5,15
Bahadır,15,0,15
Bahia,0,15,15
Balte,15,0,15
Barbro,3,13,16
Baron,15,0,15
Bart-Willem,15,0,15
Barten,15,0,15
Bartheld,15,0,15
Basir,14,3,17
Béa,0,15,15
Beant,15,0,15
Bely,3,14,17
Benard,15,0,15
Benie,5,10,15
Bennink,3,11,14
Bens,12,3,15
Bently,14,3,17
Benvenida,0,15,15
Bernoldus,15,0,15
Berteld,15,0,15
Bertiena,3,14,17
Besman,15,0,15
Bie,3,11,14
Bienvenida,0,15,15
Bijn,14,3,17
Bijs,15,0,15
Binte,6,9,15
Bjorg,15,0,15
Bo-Anne,0,15,15
Boa,5,10,15
Boelie,15,0,15
Bolina,0,15,15
Bonja,0,15,15
Borna,13,3,16
Borromea,3,14,17
Branwen,0,15,15
Bregittha,0,15,15
Brick,15,0,15
Briggitta,3,14,17
Bronja,0,15,15
Bronne,15,0,15
Brunis,15,0,15
Burny,13,3,16
Babtist,14,0,14
Badar,12,3,15
Bakar,12,3,15
Balling,14,0,14
Baradina,0,14,14
Barae,13,3,16
Baraka,11,3,14
Barbet,3,13,16
Barnadina,0,14,14
Bart-Jeroen,14,0,14
Bartholomeo,13,3,16
Bathilda,0,14,14
Bathilde,0,14,14
Baylee,3,11,14
Baz,14,0,14
Beada,0,14,14
Bechir,14,0,14
Bedri,14,0,14
Beerta,0,14,14
Beli,3,10,13
Belmin,14,0,14
Benardo,14,0,14
Benedictine,0,14,14
Benedicto,11,3,14
Beni,14,0,14
Benneth,13,3,16
bent,0,14,14
Berentien,0,14,14
Berhe,9,5,14
Bernada,0,14,14
Bernárd,14,0,14
Bernetta,0,14,14
Berthanus,14,0,14
Beste,0,14,14
Betsje,0,14,14
Bibiënne,0,14,14
Bijoux,0,14,14
Biniam,13,3,16
Binny,0,14,14
Bjarni,14,0,14
Blaine,14,0,14
Blythe,3,12,15
Boetje,14,0,14
Bonheur,9,5,14
Bonneke,0,14,14
Bordze,14,0,14
Bouwchien,0,14,14
Brenno,14,0,14
Brenth,14,0,14
Bridgit,0,14,14
Brim,14,0,14
Brin,8,6,14
Bun,10,3,13
Burçak,6,8,14
Burchardus,14,0,14
Burney,11,3,14
Burnice,0,14,14
Burret,14,0,14
Bahoz,13,0,13
Bald,13,0,13
Baldr,13,0,13
Balendina,0,13,13
Bali,6,7,13
Barlina,0,13,13
Basha,3,12,15
Bastiènne,3,11,14
Batte,13,0,13
Baudewina,0,13,13
Baukina,0,13,13
Bawer,13,0,13
Bayu,12,3,15
Béatrix,0,13,13
Bedros,11,3,14
Beelke,0,13,13
Beent,13,0,13
Bellefleur,0,13,13
Bena,0,13,13
Benan,7,6,13
Benarda,0,13,13
Bengi,5,8,13
Benvindo,13,0,13
Beppe,7,6,13
Berechja,7,6,13
Berendjen,0,13,13
Berentdina,0,13,13
Berkehan,13,0,13
Bernadino,13,0,13
Berredina,0,13,13
Berru,3,11,14
Bertholda,0,13,13
Bethina,0,13,13
Bethuel,13,0,13
Betze,13,0,13
Beulah,0,13,13
Beumer,6,7,13
Beyazit,13,0,13
Bindy,0,13,13
Bint,3,11,14
Blanchefleur,0,13,13
Bleike,0,13,13
Bobbiaan,13,0,13
Bode,13,0,13
Boelhouwer,13,0,13
Bohdy,10,3,13
Boje,13,0,13
Bommel,10,3,13
Bonte,12,3,15
Borbála,0,13,13
Borsje,3,12,15
Boudijn,13,0,13
Bramine,0,13,13
Brann,13,0,13
Brechtus,13,0,13
Briene,12,3,15
Brigitt,0,13,13
Brittanny,0,13,13
Bront,13,0,13
Brun,11,3,14
Btisam,0,13,13
Buisert,13,0,13
Burgert,13,0,13
Burghardus,13,0,13
Babbet,0,12,12
Badr-Eddine,12,0,12
Badri,10,3,13
Baffour,10,3,13
Baghdad,12,0,12
Baily,5,7,12
Balduinus,12,0,12
Balram,12,0,12
Bandi,12,0,12
Barack,12,0,12
Barbarra,0,12,12
Bardot,3,11,14
Barlas,11,3,14
Barromeus,11,3,14
Barthilde,0,12,12
Bartholomäus,12,0,12
Barty,3,10,13
Basant,3,8,11
Bassem,10,3,13
Bassma,0,12,12
Bato,12,0,12
Baya,3,10,13
Bebèl,0,12,12
Becca,0,12,12
Bee,3,10,13
Beerendje,0,12,12
Befke,0,12,12
Beitj,3,10,13
Bélèn,3,11,14
Belkis,0,12,12
Bendix,12,0,12
Bénédict,11,3,14
Benedikta,0,12,12
Benjy,12,0,12
Bennadette,0,12,12
Benth,11,3,14
Berandina,0,12,12
Berfu,3,10,13
Berhane,11,3,14
Bernard-Jan,12,0,12
Bernardie,3,10,13
Berthelina,0,12,12
Berthilia,0,12,12
Bertrude,0,12,12
Betse,11,3,14
Bettij,0,12,12
Bhartidevi,0,12,12
Biebie,0,12,12
Bieltje,0,12,12
Bietje,0,12,12
Bieuwkjen,0,12,12
Bijka,0,12,12
Bima,12,0,12
Binti,3,11,14
Birsel,3,11,14
Bisma,0,12,12
Bluette,0,12,12
Bluma,0,12,12
Bo-Ann,0,12,12
Boëlle,0,12,12
Boni,8,3,11
Booike,3,11,14
Borghardus,12,0,12
Boukeline,0,12,12
Boycke,12,0,12
Brandon-Lee,12,0,12
Branimir,12,0,12
Branislav,12,0,12
Braz,12,0,12
Brechina,0,12,12
Breyten,11,3,14
Brieke,3,11,14
Brienen,12,0,12
Brinsley,11,3,14
Brustina,0,12,12
Bryton,12,0,12
Burgerina,0,12,12
Burghard,12,0,12
Burkay,12,0,12
Büşrâ,0,12,12
Baarthout,11,0,11
Babel,8,3,11
Babett,0,11,11
Badeloch,0,11,11
Badra,3,9,12
Bah,5,6,11
Bahir,9,3,12
Baldewinus,11,0,11
Baligje,0,11,11
Bancras,10,3,13
Bancratius,11,0,11
Barbel,0,11,11
Barelt,11,0,11
Barros,5,6,11
Başar,11,0,11
Basilla,3,10,13
Bass,11,0,11
Bathséba,0,11,11
Batur,11,0,11
Batya,0,11,11
Bauktje,0,11,11
Bautista,7,3,10
Bawan,10,3,13
Bayane,3,8,11
Bazilius,10,3,13
Beb,6,5,11
Beertien,3,10,13
Beliana,0,11,11
Belladonna,0,11,11
Bennij,10,3,13
Beracha,0,11,11
Berçem,0,11,11
Berdi,3,9,12
Bereket,7,3,10
Berjen,11,0,11
Berkhan,11,0,11
Berly,3,10,13
Bernadotte,3,9,12
Berri,11,0,11
Berthalina,0,11,11
Bethine,0,11,11
Betteke,0,11,11
Bey,9,3,12
Bhagwanpersad,11,0,11
Bientje,0,11,11
Bijko,11,0,11
Bindya,0,11,11
Biny,3,9,12
Björg,8,3,11
Björna,0,11,11
Blair,8,3,11
Bob-Jan,11,0,11
Bonetta,0,11,11
Bonnigje,0,11,11
Bontsje,0,11,11
Booker,11,0,11
Bop,11,0,11
Borghild,0,11,11
Boshra,3,7,10
Bou,5,6,11
Bouwdina,0,11,11
Brave,7,3,10
Brendie,0,11,11
Brezetta,3,10,13
Broor,11,0,11
Brord,11,0,11
Bruine,11,0,11
Brusk,11,0,11
Buĝlem,0,11,11
Burcht,11,0,11
Busse,11,0,11
Baardhout,10,0,10
Baardina,0,10,10
Baerke,10,0,10
Bahaddin,8,3,11
Bahara,3,9,12
Barbosa,3,6,9
Barent,10,0,10
Barina,0,10,10
Barnard,10,0,10
Bartelemeus,9,3,12
Bartholdi,9,3,12
Bartholomew,10,0,10
Barthout,10,0,10
Bats,10,0,10
Baturhan,10,0,10
Bavly,10,0,10
Bayani,10,0,10
Beathe,0,10,10
Beatina,0,10,10
Beatrys,0,10,10
Bediha,0,10,10
Beeldje,0,10,10
Beeuwke,0,10,10
Beko,10,0,10
Belan,6,3,9
Beline,0,10,10
Benazir,0,10,10
Beng,10,0,10
Benigno,10,0,10
Benjan,10,0,10
Bennardo,10,0,10
Benthley,8,3,11
Bentina,3,9,12
Bentje,0,10,10
Berco,10,0,10
Berenike,3,9,12
Berginus,10,0,10
Bergitta,0,10,10
Berndiena,0,10,10
Berr,10,0,10
Bertholt,10,0,10
Bessie,0,10,10
Bet,3,8,11
Bethlehem,3,8,11
Beyazid,10,0,10
Beyazıt,10,0,10
Bibi-Anne,0,10,10
Bibienne,0,10,10
Bibliana,0,10,10
Bika,3,9,12
Bile,7,3,10
Bita,0,10,10
Bjefke,0,10,10
Bjor,10,0,10
Bjorge,10,0,10
Bleona,0,10,10
Boachie,7,3,10
Boadi,7,3,10
Bobine,0,10,10
Bodée,3,9,12
Boetie,6,3,9
Bokko,10,0,10
Boldewijn,9,3,12
Bonifasius,10,0,10
Bonnes,10,0,10
Booij,10,0,10
Borger,10,0,10
Borja,10,0,10
Boutaïna,0,10,10
Bowis,10,0,10
Bożena,0,10,10
Božidar,10,0,10
Brahma,9,3,12
Branden,10,0,10
Bree,3,9,12
Breela,0,10,10
Brendanus,10,0,10
Breunette,0,10,10
Brithney,0,10,10
Britny,0,10,10
Brodie,10,0,10
Bronté,0,10,10
Burakhan,10,0,10
Büşranur,0,10,10
Byonda,3,9,12
Baah,5,3,8
Babethe,0,9,9
Badredine,9,0,9
Baggio,9,0,9
Bagus,9,0,9
Bair,9,0,9
Bakri,7,3,10
Bala,3,5,8
Baldine,0,9,9
Bamidele,8,3,11
Bana,0,9,9
Barakat,6,3,9
Baray,9,0,9
Barıs,9,0,9
Baroldus,9,0,9
Barri,8,3,11
Bartek,9,0,9
Bartelmeüs,9,0,9
Bartes,8,3,11
Bartholoméüs,9,0,9
Bartien,3,5,8
Basak,0,9,9
Basit,8,3,11
Basja,0,9,9
Bastiano,9,0,9
Batul,3,8,11
Baturalp,9,0,9
Baukelina,0,9,9
Beatha,0,9,9
Beaudien,0,9,9
Beaudy,8,3,11
Beck,7,3,10
Beernd,9,0,9
Begoña,0,9,9
Beheshta,0,9,9
Behzat,9,0,9
Belanna,0,9,9
Belisa,0,9,9
Bellal,9,0,9
Bellarminus,9,0,9
Bendji,7,3,10
Bér,8,3,11
Beraat,9,0,9
Berendientje,0,9,9
Berger,8,3,11
Bergit,0,9,9
Beri,3,6,9
Berire,0,9,9
Bernande,0,9,9
Berné,8,3,11
Bernedetta,0,9,9
Bernies,0,9,9
Berthien,0,9,9
Besime,0,9,9
Beta,3,7,10
Beyaz,3,8,11
Bila,3,6,9
Bilent,9,0,9
Bini,3,8,11
Bintang,6,3,9
Birsu,0,9,9
Bisou,0,9,9
Blancefloer,0,9,9
Blasia,0,9,9
Blees,6,3,9
Blessed,3,5,8
Bloema,0,9,9
Blu,3,5,8
Boatemaa,0,9,9
Bodijn,3,5,8
Bonaventure,7,3,10
Bond,9,0,9
Bonefacia,0,9,9
Bonze,9,0,9
Borgia,3,6,9
Boriz,9,0,9
Borris,9,0,9
Braam,9,0,9
Braldt,8,3,11
Brayson,9,0,9
Brefo,5,3,8
Bregine,0,9,9
Breintje,0,9,9
Brendine,0,9,9
Breunetta,0,9,9
Briannah,0,9,9
Brijan,9,0,9
Brisa,0,9,9
Briyan,9,0,9
Broeils,9,0,9
Bronco,9,0,9
Bronek,9,0,9
Bruinetta,0,9,9
Brunes,9,0,9
Brunhild,3,7,10
Brunhilda,0,9,9
Brycen,9,0,9
Byou,0,9,9
Baaije,3,7,10
Babak,8,0,8
Babetta,0,8,8
Badi,6,3,9
Badredin,8,0,8
Baffoe,7,3,10
Bahja,0,8,8
Bahjat,6,3,9
Baktash,7,3,10
Balal,8,0,8
Balázs,8,0,8
Balduina,0,8,8
Baljé,5,3,8
Baloe,3,6,9
Baltine,0,8,8
Bamba,7,3,10
Banier,8,0,8
Bara,5,3,8
Bardia,8,0,8
Barijntje,0,8,8
Bark,7,3,10
Barmond,8,0,8
Barnarda,0,8,8
Bartalina,0,8,8
Bartolo,8,0,8
Bartolomé,7,3,10
Basanti,0,8,8
Bastianes,8,0,8
Batiste,8,0,8
Batja,0,8,8
Bauko,8,0,8
Baver,8,0,8
Bearnt,8,0,8
Beatricia,0,8,8
Beaudin,3,6,9
Bebe,3,6,9
Beekman,8,0,8
Beerdina,0,8,8
Behlül,8,0,8
Behnam,8,0,8
Behram,8,0,8
Bejan,5,3,8
Belemir,3,6,9
Bello,6,3,9
Benadette,0,8,8
Benaïssa,8,0,8
Bend,8,0,8
Benedita,0,8,8
Benedito,7,3,10
Benhard,8,0,8
Benhardus,7,3,10
Benjamim,8,0,8
Benna,0,8,8
Berât,8,0,8
Berbra,0,8,8
Berby,0,8,8
Berchta,0,8,8
Berenddina,0,8,8
Berentina,0,8,8
Bernadethe,0,8,8
Bernadinus,8,0,8
Bernardia,0,8,8
Bernedien,0,8,8
Bernhart,8,0,8
Berniek,3,3,6
Bernina,0,8,8
Bernine,0,8,8
Bernward,8,0,8
Berrij,7,3,10
Bersu,0,8,8
Bertelina,0,8,8
Bertes,8,0,8
Berthan,8,0,8
Berthi,3,7,10
Bertolt,8,0,8
Bervin,3,6,9
Bery,3,3,6
Besarta,0,8,8
Besnik,8,0,8
Besseline,0,8,8
Bettyna,0,8,8
Bibelot,0,8,8
Bienke,0,8,8
Bieuwina,0,8,8
Bijtske,0,8,8
Bilgen,3,7,10
Billy-Jean,0,8,8
Bindia,0,8,8
Birgith,0,8,8
Birhat,8,0,8
Birit,0,8,8
Biserka,0,8,8
Bizou,0,8,8
Bjarte,8,0,8
Bjôrn,8,0,8
Bjorne,6,3,9
Björre,8,0,8
Blix,3,6,9
Blomme,3,7,10
Boadu,5,3,8
Boamah,6,3,9
Bobbe,7,3,10
Bobette,0,8,8
Bodhie,5,3,8
Boef,7,3,10
Boes,7,3,10
Boijen,8,0,8
Boja,3,5,8
Bola,3,7,10
Bonavontura,7,3,10
Bonney,3,6,9
Bontko,8,0,8
Boray,8,0,8
Borislav,8,0,8
Borr,8,0,8
Borromaeus,7,3,10
Boško,8,0,8
Boss,8,0,8
Botros,5,3,8
Boukes,8,0,8
Bouw,8,0,8
Bouwchiena,0,8,8
Bouwes,8,0,8
Bradford,8,0,8
Brandtje,7,3,10
Brantje,5,3,8
Braulio,8,0,8
Breanne,0,8,8
Breggie,0,8,8
Breton,8,0,8
Breunes,8,0,8
Briëlle,0,8,8
Bries,6,3,9
Brinda,0,8,8
Brinio,8,0,8
Britty,0,8,8
Bronia,0,8,8
Brucht,8,0,8
Bruus,8,0,8
Bryann,8,0,8
Bryoni,3,6,9
Budde,8,0,8
Buğrahan,8,0,8
Bunga,0,8,8
Butch,8,0,8
Babar,7,0,7
Babje,0,7,7
Badal,6,3,9
Badiaa,0,7,7
Badou,5,3,8
Baeke,7,0,7
Bahadur,7,0,7
Bahram,7,0,7
Baike,0,7,7
Bailee,3,5,8
Bailo,5,3,8
Bajram,6,3,9
Balthassar,7,0,7
Banou,0,7,7
Bappie,7,0,7
Barbara-Ann,0,7,7
Barbèl,0,7,7
Barbelina,0,7,7
Barda,0,7,7
Barelina,0,7,7
Barendien,0,7,7
Barendiena,0,7,7
Barin,3,6,9
Barkha,0,7,7
Barnardina,0,7,7
Barron,7,0,7
Barthélemy,7,0,7
Bartheliena,0,7,7
Barthilda,0,7,7
Barthina,0,7,7
Bartie,3,6,9
Bartley,7,0,7
Bartout,7,0,7
Bartruida,0,7,7
Barzan,6,3,9
Bassima,0,7,7
Bauck,0,7,7
Baybars,7,0,7
Baye,5,3,8
Bazile,7,0,7
Beanne,0,7,7
Beat,7,0,7
Beatris,0,7,7
Beaudille,0,7,7
Beauty,0,7,7
Bébel,0,7,7
Bediako,5,3,8
Beeko,7,0,7
Beeno,7,0,7
Beerends,7,0,7
Beeuwe,7,0,7
Behice,0,7,7
Behzad,7,0,7
Belkıs,0,7,7
Bendien,0,7,7
Bendita,0,7,7
Benilde,3,6,9
Benin,0,7,7
Benjaminus,7,0,7
Benjanmin,7,0,7
Benjemin,7,0,7
Benke,3,3,6
Bennu,3,5,8
Beppo,7,0,7
Berd,7,0,7
Berdini,3,3,6
Berentine,0,7,7
Bermal,0,7,7
Bernadett,3,6,9
Bernando,7,0,7
Bernardijn,0,7,7
Bernartina,3,6,9
Bernhardien,0,7,7
Bernique,0,7,7
Bettiena,0,7,7
Beyan,5,3,8
Beyke,3,5,8
Bhagwatpersad,7,0,7
Bharati,0,7,7
Bhatti,3,3,6
Bhavna,0,7,7
Bibet,0,7,7
Bibi-Jane,0,7,7
Biddy,0,7,7
Bieuwko,7,0,7
Bihter,0,7,7
Bikram,7,0,7
Bilan,3,5,8
bin,7,0,7
Binali,7,0,7
Binja,3,6,9
Binky,6,3,9
Birnaz,0,7,7
Birre,3,6,9
Bjintse,6,3,9
Björne,6,3,9
Blade,7,0,7
Blenda,0,7,7
Blendi,7,0,7
Bleon,7,0,7
Blerta,0,7,7
Bliena,0,7,7
Blixa,3,3,6
Bo-Dean,3,3,6
Bo-Yee,0,7,7
Bobolinus,7,0,7
Boedi,7,0,7
Bokje,0,7,7
Boleslaus,6,3,9
Bolivar,7,0,7
Bolwijn,6,3,9
Boneventura,3,3,6
Bonitha,0,7,7
Bonnechiena,0,7,7
Bootsy,5,3,8
Borek,7,0,7
Bores,7,0,7
Borinka,0,7,7
Borys,7,0,7
Bothilda,0,7,7
Botho,7,0,7
Bouchiene,0,7,7
Bouchta,7,0,7
Boudewyna,0,7,7
Boukien,0,7,7
Bouwchiene,0,7,7
Bouwgien,0,7,7
Bouwientje,0,7,7
Bowin,5,3,8
Boz,7,0,7
Božena,0,7,7
Bradney,6,3,9
Brammetje,3,3,6
Brandien,0,7,7
Brands,7,0,7
Brannon,7,0,7
Brantina,0,7,7
Brasil,3,5,8
Braunius,6,3,9
Brechta,0,7,7
Brechtel,0,7,7
Brego,7,0,7
Brende,0,7,7
Brendley,7,0,7
Brennen,7,0,7
Brenner,6,3,9
Brenny,6,3,9
Breno,7,0,7
Bresetta,0,7,7
Breur,5,3,8
Brïan,7,0,7
Bridgett,0,7,7
Brielle,0,7,7
Brien,6,3,9
Brinne,3,6,9
Brion,7,0,7
Briska,0,7,7
Britha,0,7,7
Brittanie,0,7,7
Brocardus,7,0,7
Broen,7,0,7
Bronx,6,3,9
Bruins,7,0,7
Bruis,7,0,7
Bryannah,0,7,7
Brynne,0,7,7
Budy,7,0,7
Buenaventura,5,3,8
Buğse,0,7,7
Buna,0,7,7
Burchardina,0,7,7
Burghart,7,0,7
Burginus,7,0,7
Burkhard,7,0,7
Busenaz,0,7,7
Byörn,7,0,7
B'elana,0,6,6
B'Elana,0,6,6
Bab,3,3,6
Babien,0,6,6
Babo,6,0,6
Babtista,3,5,8
Bachmann,5,3,8
Baddy,3,3,6
Badrdien,6,0,6
Badrdin,6,0,6
Badreddin,6,0,6
Bahreddine,6,0,6
Baker,3,3,6
Bakir,6,0,6
Balderik,6,0,6
Baldwina,3,5,8
Balian,6,0,6
Baligh,3,3,6
Balinda,0,6,6
Balterina,0,6,6
BAM,5,3,8
Bamboo,3,3,6
Ban,3,3,6
Banaz,3,5,8
Bani,3,3,6
Baps,0,6,6
Barboros,6,0,6
Bardiena,0,6,6
Barkah,3,5,8
Barkin,6,0,6
Barnhard,6,0,6
Barteliene,0,6,6
Bartelijn,3,5,8
Bartelomea,0,6,6
Bartholdt,6,0,6
Bartilde,0,6,6
Bartjen,0,6,6
Bartolomea,0,6,6
Baset,6,0,6
Bashier,6,0,6
Basilica,3,5,8
Basilios,6,0,6
Bastia,3,5,8
Bastiaana,0,6,6
Bastijan,6,0,6
Batikan,6,0,6
Batina,0,6,6
Battice,0,6,6
Bauco,6,0,6
Bauke-Jan,6,0,6
Bauwke,0,6,6
Bawar,6,0,6
Bayley,3,3,6
Bayron,6,0,6
Beaudi,3,3,6
Beaujoura,0,6,6
Bebeto,6,0,6
Bedina,0,6,6
Bedrettin,6,0,6
Beegje,0,6,6
Begam,0,6,6
Behnan,6,0,6
Beiko,6,0,6
Beinte,5,3,8
Beitje,0,6,6
Bejna,0,6,6
Bektas,6,0,6
Belalina,0,6,6
Bele,3,5,8
Beletje,0,6,6
Belgüzar,0,6,6
Belie,3,3,6
Belkacem,6,0,6
Belkiz,0,6,6
Belmira,0,6,6
Bemah,0,6,6
Bendine,0,6,6
Bénedicte,0,6,6
Benedictina,0,6,6
Bengüsu,0,6,6
Benien,0,6,6
Benier,6,0,6
Benilda,0,6,6
Benjamen,6,0,6
Bennadet,0,6,6
Bennette,0,6,6
Bennica,0,6,6
Benoîte,0,6,6
Bense,5,3,8
Benvinda,0,6,6
Bepke,3,5,8
Berani,6,0,6
Berardina,0,6,6
Berbke,0,6,6
Berdieke,0,6,6
Berdin,3,3,6
Berènda,0,6,6
Berendiene,0,6,6
Berika,0,6,6
Berita,0,6,6
Berjon,6,0,6
Berkcan,6,0,6
Bernadeta,0,6,6
Bernar,5,3,8
Bernart,6,0,6
Bernau,3,5,8
Bernulfa,0,6,6
Berrendina,0,6,6
Berrith,3,5,8
Berteke,0,6,6
Berthild,3,3,6
Bertille,0,6,6
Bertineke,0,6,6
Bertken,0,6,6
Bertolina,0,6,6
Bertrice,3,5,8
Bertrick,6,0,6
Berwin,6,0,6
Besna,0,6,6
Betha,0,6,6
Bethilde,0,6,6
Betoel,0,6,6
Betti,3,5,8
Betûl,0,6,6
Bhawanidien,6,0,6
Bhiem,6,0,6
Bhody,6,0,6
Bibelotte,0,6,6
Bibine,0,6,6
Biby,0,6,6
Bick,5,3,8
Bienvenue,3,3,6
Biep,0,6,6
Bijanka,0,6,6
Bilgihan,5,3,8
Bilitis,0,6,6
Billah,6,0,6
Billi,3,5,8
Billie-Jean,0,6,6
Billur,0,6,6
Binette,0,6,6
Bino,6,0,6
Bintu,0,6,6
Birgid,0,6,6
Birgite,0,6,6
Birgitha,0,6,6
Birhan,5,3,8
Bisnoedath,6,0,6
Bjense,6,0,6
Bjoke,3,5,8
Blanchette,0,6,6
Blane,6,0,6
Blaziena,0,6,6
Blend,5,3,8
Blitz,3,3,6
Blondine,3,3,6
Bloys,3,3,6
Blues,5,3,8
Boahemaa,0,6,6
Boann,3,5,8
Bobbert,6,0,6
Bobbink,5,3,8
Bocar,6,0,6
Bodé,5,3,8
Bodes,5,3,8
Bodewijn,6,0,6
Bodill,3,5,8
Bodyll,0,6,6
Bodyn,0,6,6
Boedhram,6,0,6
Boëtius,6,0,6
Bogard,6,0,6
Bogdana,0,6,6
Bogos,6,0,6
Bogumila,0,6,6
Bojay,3,3,6
Bôke,6,0,6
Bokma,5,3,8
Boleslawa,0,6,6
Bolke,6,0,6
Bonfilius,6,0,6
Boote,6,0,6
Borges,3,3,6
Boris-Jan,6,0,6
Bosko,6,0,6
Botond,6,0,6
Boudi,3,3,6
Boudiena,0,6,6
Boudwina,0,6,6
Boumedien,6,0,6
Bouschra,0,6,6
Bouziane,3,3,6
Boyce,6,0,6
Boyi,3,3,6
Boyka,5,3,8
Bozidar,6,0,6
Bozkurt,6,0,6
Braeden,6,0,6
Brago,0,6,6
Brahmanand,6,0,6
Brais,6,0,6
Branislava,3,5,8
Brants,6,0,6
Braxton,6,0,6
Brechte,0,6,6
Brechthild,0,6,6
Breghje,0,6,6
Brela,0,6,6
Brendaly,0,6,6
Brently,6,0,6
Briand,6,0,6
Brichina,0,6,6
Bridie,0,6,6
Briënna,0,6,6
Briggite,0,6,6
Brighten,6,0,6
Brigittina,0,6,6
Britget,0,6,6
Britley,3,5,8
Brittny,0,6,6
Brodey,6,0,6
Bronislava,0,6,6
Brosina,0,6,6
Brugman,6,0,6
Brunella,0,6,6
Brusina,0,6,6
Brynja,0,6,6
Bucco,6,0,6
Buick,6,0,6
Buisina,0,6,6
Buisman,6,0,6
Bukhari,5,3,8
Bülend,6,0,6
Burçu,0,6,6
Burgardus,6,0,6
Byronne,0,6,6
B'elanna,0,5,5
Babajide,5,0,5
Babanne,0,5,5
Baber,5,0,5
Babichon,0,5,5
Babische,0,5,5
Baby,0,5,5
Badder,5,0,5
Badih,5,0,5
Bagaskara,5,0,5
Bagdad,5,0,5
Bağdat,0,5,5
Bahaa,3,3,6
Bahaeddin,5,0,5
Bahgat,3,3,6
Bahira,0,5,5
Bakhtiyar,5,0,5
Baldewijnus,5,0,5
Baldijntje,0,5,5
Balduïnus,5,0,5
Balduwina,0,5,5
Balım,3,3,6
Balraj,5,0,5
Baltimore,5,0,5
Balwinder,3,3,6
Bamfo,5,0,5
Banda,3,3,6
Bane,3,3,6
Bar,3,3,6
Bara'a,0,5,5
Barclay,5,0,5
Barendregt,3,3,6
Barenus,5,0,5
Barka,3,3,6
Barkman,3,3,6
Barna,3,3,6
Barnie,3,3,6
Baromeus,5,0,5
Barra,3,3,6
Barradina,0,5,5
Barratt,3,3,6
Barrett,3,3,6
Barrij,5,0,5
Barsoum,3,3,6
Bart-Jaap,5,0,5
Bart-Pieter,5,0,5
Bartelien,0,5,5
Bartellina,0,5,5
Bartelo,5,0,5
Barthelemeus,5,0,5
Bartholt,5,0,5
Bartijn,5,0,5
Bartiméüs,5,0,5
Bartlemeus,5,0,5
Bartolomeu,5,0,5
Bartłomiej,5,0,5
Base,3,3,6
Basharat,3,3,6
Bashe,3,3,6
Bashi,3,3,6
Basilissa,0,5,5
Basima,0,5,5
Basmalah,0,5,5
Basra,3,3,6
Bassilius,3,3,6
Bassirou,5,0,5
Bast,5,0,5
Basti,3,3,6
Bastiani,0,5,5
Bat,3,3,6
Batara,3,3,6
Batavus,5,0,5
Batsheva,0,5,5
Baucke,5,0,5
Baudoin,5,0,5
Baukeline,0,5,5
Bauwien,0,5,5
Bauwine,0,5,5
Baycan,5,0,5
Baykan,5,0,5
Bayla,3,3,6
Bayleigh,0,5,5
Bayo,3,3,6
Bazyli,5,0,5
Beadriks,0,5,5
Beanna,0,5,5
Beanta,0,5,5
Bearend,5,0,5
Bearn,5,0,5
Beau-Aimée,0,5,5
Beau-Ann,0,5,5
Beaudé,3,3,6
Beaudil,3,3,6
Beaudyn,3,3,6
Bébèl,3,3,6
Beentje,0,5,5
Beerendina,0,5,5
Beernt,5,0,5
Beertjen,0,5,5
Beeuwina,0,5,5
Behar,3,3,6
Behrend,5,0,5
Beijken,0,5,5
Bejanka,0,5,5
Bekim,5,0,5
Bekina,0,5,5
Bekircan,5,0,5
Bekirhan,5,0,5
Belaid,5,0,5
Belgacem,5,0,5
Belin,0,5,5
Belis,0,5,5
Bellis,3,3,6
Belmiro,5,0,5
Belynda,0,5,5
Bemnet,3,3,6
Benaya,3,3,6
Bendjamina,0,5,5
Benedek,5,0,5
Benedina,0,5,5
Bengu,0,5,5
Beniamin,5,0,5
Bennur,3,3,6
Benony,3,3,6
Bentil,3,3,6
Berberdina,0,5,5
Bercem,3,3,6
Berda,3,3,6
Berjo,5,0,5
Berl,3,3,6
Berla,0,5,5
Berlindis,3,3,6
Bermond,5,0,5
Bernadetha,0,5,5
Bernadiene,0,5,5
Bernàrd,5,0,5
Bernardini,3,3,6
Bernardis,5,0,5
Berndjan,5,0,5
Bernedet,3,3,6
Berney,5,0,5
Bernhardes,5,0,5
Bernhardo,5,0,5
Berrian,5,0,5
Bersan,5,0,5
Bert-jan,5,0,5
Bertal,5,0,5
Bertalan,5,0,5
Berthilla,0,5,5
Bertholde,0,5,5
Bertholina,0,5,5
Berthram,5,0,5
Beryll,0,5,5
Berzeliena,0,5,5
Berzina,0,5,5
Beshoy,5,0,5
Besra,0,5,5
Bestman,5,0,5
Betel,0,5,5
Bethe,0,5,5
Bethesda,3,3,6
Bethinda,0,5,5
Bethseba,0,5,5
Bhaarti,0,5,5
Bhagwatie,0,5,5
Bhavesh,5,0,5
Bheene,5,0,5
Bianc,3,3,6
Biancha,0,5,5
Bianci,3,3,6
Bibe,0,5,5
Bibeth,0,5,5
Bibi-Lynn,0,5,5
Bibiènne,0,5,5
Bibische,0,5,5
Bidi,0,5,5
Bidjay,5,0,5
Bieka,0,5,5
Biewke,0,5,5
Bih,0,5,5
Bilen,3,3,6
Billa,0,5,5
Bindertje,0,5,5
Bình,5,0,5
Binia,0,5,5
Binkie,3,3,6
Binskjen,0,5,5
bint,0,5,5
Bintsje,0,5,5
Binx,5,0,5
Binyam,5,0,5
Bir,5,0,5
Birna,0,5,5
Birnur,0,5,5
Bjärne,5,0,5
Bjenze,5,0,5
Bjerre,3,3,6
Bjorre,5,0,5
Blas,5,0,5
Blayne,3,3,6
Blen,3,3,6
Blesius,5,0,5
Blientje,0,5,5
Blijde,0,5,5
Blisse,0,5,5
Blizz,0,5,5
Blyss,3,3,6
Bo-Jane,0,5,5
Bo-Lynn,0,5,5
Boadicea,0,5,5
Boafo,3,3,6
Bobi,3,3,6
Bobien,0,5,5
Boda,3,3,6
Bodee,3,3,6
Bodhin,3,3,6
Bodian,5,0,5
Boedhia,0,5,5
Boeli,3,3,6
Bogaard,5,0,5
Bohuslav,3,3,6
Boïs,3,3,6
Bolinda,3,3,6
Bonar,5,0,5
Bonda,3,3,6
Bonefaas,5,0,5
Bonica,0,5,5
Bonitus,5,0,5
Bonjoura,0,5,5
Bonk,5,0,5
Boogie,3,3,6
Booije,5,0,5
Boraz,5,0,5
Borbala,0,5,5
Bordina,0,5,5
Boré,3,3,6
Borealis,3,3,6
Borge,5,0,5
Borisovich,5,0,5
Borrit,5,0,5
Borromeo,3,3,6
Boston,5,0,5
Boto,5,0,5
Botsje,0,5,5
Bouchaib,5,0,5
Boudica,0,5,5
Boujemaa,5,0,5
Boukeliena,0,5,5
Boukiena,0,5,5
Boules,3,3,6
Boulina,0,5,5
Bouraoui,5,0,5
Bourgon,5,0,5
Boutayna,0,5,5
Boutje,0,5,5
Bouwdewina,0,5,5
Bouwienus,5,0,5
Bowan,5,0,5
Boyana,0,5,5
Boyden,5,0,5
Bradlee,5,0,5
Bralte,5,0,5
Brannie,0,5,5
Brasco,5,0,5
Bratislav,5,0,5
Bravo,3,3,6
Bray,3,3,6
Breandan,5,0,5
Brechtine,0,5,5
Bregit,0,5,5
Breguina,0,5,5
Brendalie,0,5,5
Brendely,0,5,5
Brendi,3,3,6
Brennain,5,0,5
Brennon,5,0,5
Brennus,5,0,5
Brentt,5,0,5
Briàn,5,0,5
Briann,3,3,6
Bride,0,5,5
Bridgette,0,5,5
Bridney,0,5,5
Brieneke,0,5,5
Briggit,3,3,6
Brigina,0,5,5
Brigje,0,5,5
Brikena,0,5,5
Brio,5,0,5
Brittley,3,3,6
Broderick,5,0,5
Broerkje,0,5,5
Brons,5,0,5
Brouërius,5,0,5
Browne,3,3,6
Bruinnetta,0,5,5
Brûn,5,0,5
Brunel,3,3,6
Brunold,5,0,5
Brunon,5,0,5
Brunsje,0,5,5
Bruny,3,3,6
Bryen,5,0,5
Bryenna,0,5,5
Brygida,0,5,5
Buang,5,0,5
Buddie,5,0,5
Buffy,0,5,5
Bugrahan,5,0,5
Bulan,3,3,6
Bumi,3,3,6
Bunmi,3,3,6
Bunno,5,0,5
Bunny,3,3,6
Bunty,3,3,6
Burght,5,0,5
Burgtje,0,5,5
Burhanettin,5,0,5
Burkan,5,0,5
Burke,3,3,6
Butros,5,0,5
Butt,3,3,6
Buu,5,0,5
Buys,5,0,5
Bya,0,5,5
Byke,0,5,5
Byoux,0,5,5
Byrthe,0,5,5
Baaf,3,0,3
Baaijen,3,0,3
Baano,0,3,3
Baarthoud,3,0,3
Baayo,3,3,6
Baaz,3,0,3
Baban,3,0,3
Babara,3,3,6
Babine,0,3,3
Babuschka,3,3,6
Bachar,3,0,3
Bacht,3,3,6
Bachtiar,3,3,6
Baco,3,0,3
Baden,3,0,3
Baderdin,3,0,3
Badie,3,0,3
Badradin,3,0,3
Badrdine,3,0,3
Badredinne,3,0,3
Badyr,3,0,3
Baelde,3,0,3
Baernd,3,0,3
Bahae,3,3,6
Bahez,3,0,3
Bahi,3,0,3
Bahiya,0,3,3
Bahman,3,0,3
Bain,3,3,6
Baiq,0,3,3
Bâki,3,0,3
Balda,0,3,3
Baldar,3,0,3
Baldeep,3,0,3
Baldew,3,3,6
Baldomero,3,0,3
Balduïna,0,3,3
Bale,3,3,6
Balentina,0,3,3
Balkrishna,3,0,3
Balqis,0,3,3
Balta,0,3,3
Baltes,3,0,3
Bambam,3,0,3
Bambang,3,3,6
Bambino,3,3,6
Bangaly,3,0,3
Banna,3,3,6
Banner,3,0,3
Banni,3,3,6
Banning,3,3,6
Bânu,0,3,3
Barbary,3,0,3
Barbelijn,0,3,3
Barberda,0,3,3
Barberdiena,0,3,3
Barbod,3,0,3
Bardine,0,3,3
Bardiya,3,0,3
Bare,3,3,6
Barelliena,0,3,3
Barels,3,0,3
Bargonda,0,3,3
Barimah,3,3,6
Barisa,0,3,3
Barişcan,3,0,3
Barjes,3,3,6
Barkhad,3,3,6
Barn,3,0,3
Barni,3,3,6
Barreveld,3,0,3
Bart-Peter,3,0,3
Barteldiena,0,3,3
Barteldje,0,3,3
Bartelijntje,0,3,3
Barthalina,0,3,3
Barthelemy,3,0,3
Bartholomaea,0,3,3
Bartholome,3,3,6
Bartiena,0,3,3
Bartke,3,3,6
Bartra,0,3,3
Bartszoon,3,0,3
Basam,3,0,3
Bascha,0,3,3
Bashaar,3,0,3
Bashu,3,3,6
Basier,3,0,3
Basilides,3,0,3
Basmallah,0,3,3
Bassey,3,3,6
Bassie,3,3,6
Bassir,3,0,3
Bastianie,0,3,3
Bastjan,3,0,3
Bastos,3,0,3
Basz,3,0,3
Batavia,3,3,6
Bathsua,3,3,6
Batıkan,3,0,3
Battistino,3,0,3
Battruida,0,3,3
Bauckje,0,3,3
Baudiena,0,3,3
Baudy,3,3,6
Baukes,3,3,6
Bavina,0,3,3
Bayaan,0,3,3
Baydr,3,0,3
Bayezid,3,0,3
Bayke,3,3,6
Bayle,0,3,3
Béatrijs,0,3,3
Beaty,3,3,6
Beau-Anne,0,3,3
Beau-Jolie,0,3,3
Beaubine,0,3,3
Beaudile,0,3,3
Beaumont,3,3,6
Bede,0,3,3
Bedik,3,0,3
Bedine,0,3,3
Bedirxan,3,0,3
Bediya,0,3,3
Bedrich,3,0,3
Beele,0,3,3
Beerten,3,0,3
Beeuwkjen,0,3,3
Behnaz,0,3,3
Beijke,0,3,3
Bejefke,0,3,3
Bekoe,3,3,6
Belaïd,3,0,3
Bélana,0,3,3
Belarmino,3,0,3
Belchior,3,3,6
Bélen,0,3,3
Believe,3,3,6
Bélinda,0,3,3
Belius,3,0,3
Bellamie,0,3,3
Belline,0,3,3
Bellinia,0,3,3
Belmondo,3,0,3
Bema,0,3,3
Bén,3,0,3
Ben-David,3,0,3
Ben-Jan,3,0,3
Benada,0,3,3
Benay,0,3,3
Benayah,3,0,3
Bendicht,3,0,3
Bendito,3,0,3
Benedik,3,0,3
Benedite,3,3,6
Beneditte,0,3,3
Benedykt,3,0,3
Benhur,3,0,3
Beniam,3,0,3
Bénice,0,3,3
Benigne,0,3,3
Benilson,3,0,3
Benina,0,3,3
Bening,3,3,6
Benis,3,0,3
Benite,0,3,3
Benjámin,3,0,3
Benjamín,3,0,3
Benjert,3,0,3
Benjhamin,3,0,3
Benjiro,3,0,3
Benley,3,0,3
Bennedette,0,3,3
Bennice,0,3,3
Bensalina,0,3,3
Benthen,3,0,3
Bentho,3,3,6
Benti,3,3,6
Bentiena,0,3,3
Benty,3,3,6
Benya,3,3,6
Benyam,3,3,6
Benyounes,3,0,3
Berad,3,3,6
Beratcan,3,0,3
Berbertus,3,0,3
Berca,0,3,3
Berdinand,3,0,3
Berdineke,0,3,3
Berendike,0,3,3
Berendineke,0,3,3
Berendt,3,0,3
Bérengère,0,3,3
Berensu,0,3,3
Berentiena,0,3,3
Berety,3,3,6
Berge,3,3,6
Bergeron,3,3,6
Bergetha,0,3,3
Bergetta,0,3,3
Bergiena,0,3,3
Bergita,0,3,3
Bergitha,0,3,3
Bergitte,0,3,3
Berinay,0,3,3
Berine,0,3,3
Berja,0,3,3
Berkem,3,0,3
Berkkan,3,0,3
Berksan,3,0,3
Berlian,3,3,6
Berlo,3,0,3
Berma,0,3,3
Bernab,3,3,6
Bernadice,0,3,3
Bernado,3,0,3
Bernald,3,0,3
Bernandus,3,0,3
Bernardy,3,3,6
Bernát,3,0,3
Bernerda,0,3,3
Bernieke,0,3,3
Bernildus,3,3,6
Bernito,3,0,3
Bernoud,3,0,3
Bernyce,0,3,3
Bero,3,0,3
Berradina,0,3,3
Berran,3,3,6
Berranur,0,3,3
Berrel,3,3,6
Berrina,0,3,3
Berruw,3,0,3
Bertalina,0,3,3
Berthea,0,3,3
Bertheke,0,3,3
Bertila,0,3,3
Bertilda,3,3,6
Bertwina,0,3,3
Besa,0,3,3
Besart,3,0,3
Besing,3,0,3
Besjaantje,0,3,3
Besmala,0,3,3
Besong,3,3,6
Bethania,3,3,6
Betim,3,0,3
Betoul,0,3,3
Betram,3,3,6
Betsi,0,3,3
Bett,0,3,3
Bettha,0,3,3
Beyko,3,0,3
Beyza-Nur,0,3,3
Beza,0,3,3
Bharet,3,0,3
Bhaskar,3,0,3
Bhatia,3,3,6
Bhavani,0,3,3
Biaggi,3,0,3
Bianchi,3,3,6
Bibejan,0,3,3
Bibette,0,3,3
Bibianna,0,3,3
Bibiano,3,0,3
Bibiën,0,3,3
Bibo,3,3,6
Bico,3,3,6
Bidiawatie,0,3,3
Biea,0,3,3
Bieko,3,0,3
Bienes,3,0,3
Biënne,0,3,3
Biente,0,3,3
Bienvenu,3,3,6
Bieny,0,3,3
Bies,3,0,3
Bijada,3,3,6
Biki,3,3,6
Bilgenur,0,3,3
Bilha,0,3,3
Billy-Ray,3,0,3
Bilqis,0,3,3
Bilsen,0,3,3
Binah,0,3,3
Binda,0,3,3
Bingül,0,3,3
Binlina,0,3,3
binte,0,3,3
Bio,3,3,6
Bipasha,0,3,3
Birgen,0,3,3
Birtan,3,0,3
Bismah,0,3,3
Bismillah,0,3,3
Bisoen,3,0,3
Bisoendath,3,0,3
Bisoenpersad,3,0,3
Bithiah,0,3,3
Bixente,3,3,6
Bjart,3,0,3
Bjern,3,0,3
Bjinze,3,0,3
Björge,3,3,6
Bjoyd,3,0,3
Bjørg,0,3,3
Bjørk,3,3,6
Black,3,0,3
Blanch,3,3,6
Blandikus,3,0,3
Blayze,3,0,3
Blerina,0,3,3
Bleron,3,0,3
Bleu,3,3,6
Blos,0,3,3
Blossem,0,3,3
Bo-Elle,0,3,3
Boahen,3,3,6
Boâke,3,0,3
Boasiako,3,3,6
Boasz,3,0,3
Boate,3,0,3
Boàz,3,0,3
Boäz,3,0,3
Bobbejan,3,0,3
Bobbi-Lee,0,3,3
Bobby-Jo,0,3,3
Boccoh,3,3,6
Boden,3,3,6
Bodiel,3,3,6
Bodiëlle,0,3,3
Bodiene,0,3,3
Boe,3,3,6
Boely,3,0,3
Boene,0,3,3
Boets,3,0,3
Boey,3,3,6
Boghos,3,0,3
Bogoljub,3,0,3
Boguslaw,3,0,3
Bohdan,3,0,3
Bohdana,0,3,3
Bojanne,0,3,3
Bokhari,3,3,6
Boleslav,3,0,3
Bolleman,3,3,6
Boluwatife,3,3,6
Bonanza,3,3,6
Bone,3,0,3
Boneca,0,3,3
Bonice,0,3,3
Boniface,3,3,6
Bonique,0,3,3
Bonnechina,0,3,3
Bontina,0,3,3
Booiko,3,0,3
Boombaar,3,0,3
Booth,3,3,6
Bopombo,3,3,6
Boppo,3,0,3
Borah,0,3,3
Bordeaux,3,3,6
Boricus,3,0,3
Boriska,0,3,3
Boro,3,0,3
Boromir,3,0,3
Borrius,3,0,3
Borteley,0,3,3
Bortolo,3,0,3
Bosso,3,0,3
Bôte,3,0,3
Botes,3,0,3
Botke,0,3,3
Botse,3,0,3
Boualem,3,0,3
Bouchaïb,3,0,3
Boud,3,0,3
Boudewiena,0,3,3
Boudewits,3,0,3
Boudicca,0,3,3
Boudilla,0,3,3
Bous,3,0,3
Bousra,0,3,3
Boutahar,3,0,3
Bouwechien,0,3,3
Bouwiene,0,3,3
Bouzian,3,0,3
Boyenne,3,3,6
Bozenna,0,3,3
Božo,3,0,3
Braga,3,0,3
Bragitta,0,3,3
Braidley,3,0,3
Braidy,3,3,6
Braily,3,0,3
Brailyson,3,0,3
Braïn,3,0,3
Brajan,3,0,3
Bramberta,0,3,3
Bramhdew,3,0,3
Bramina,0,3,3
Bramwell,3,0,3
Brand-Jan,3,0,3
Brandinus,3,0,3
Branley,3,0,3
Branny,3,3,6
Bratley,3,0,3
Braus,3,0,3
Braydan,3,0,3
Brayon,3,0,3
Brazil,3,3,6
Breandán,3,0,3
Brech,0,3,3
Brechgina,0,3,3
Brechteld,0,3,3
Bregetha,0,3,3
Breggita,0,3,3
Breghtje,0,3,3
Bregtina,3,3,6
Bregtus,3,0,3
Brempong,3,3,6
Brendaline,0,3,3
Brendana,0,3,3
Brenneke,0,3,3
Brennie,3,3,6
Brenten,3,0,3
Brenya,0,3,3
Brettley,3,0,3
Breunie,3,3,6
Brezi,0,3,3
Brianca,0,3,3
Brid,0,3,3
Bridy,3,3,6
Brieck,3,0,3
Briël,3,3,6
Briën,3,0,3
Brightly,3,0,3
Brigide,0,3,3
Brigieta,0,3,3
Brijesh,3,0,3
Briq,3,0,3
Briseis,0,3,3
Britany,0,3,3
Britt-Marie,0,3,3
Brix,3,0,3
Broeërius,3,0,3
Broertje,3,3,6
Bronistawa,0,3,3
Bronisław,3,0,3
Bronko,3,0,3
Bronna,0,3,3
Bronnette,0,3,3
Bronty,0,3,3
Brooklan,3,0,3
Browny,3,3,6
Bruck,3,3,6
Bruinette,0,3,3
Brún,3,0,3
Brussel,3,3,6
Bryenne,0,3,3
Bryndis,0,3,3
Brython,3,0,3
Buacaill,3,0,3
Buah,3,3,6
Bub,3,0,3
Buba,3,3,6
Bubi,3,3,6
Buchanan,3,0,3
Buǵra,3,0,3
Buĝra,3,0,3
Buhari,3,0,3
Bumin,3,0,3
Bura,3,0,3
Burchardes,3,0,3
Burga,0,3,3
Burhoven,3,3,6
Burly,3,3,6
Burnedine,0,3,3
Bûse,0,3,3
Bűşra,0,3,3
Buthaina,3,3,6
Buya,0,3,3
Bwee,0,3,3
Børge,3,0,3
B'Ellana,0,3,3
B'lana,0,3,3
B-Jay,3,0,3
Baaij,3,3,6
Baantje,0,3,3
Babaak,3,0,3
Babacar,3,0,3
Babra,0,3,3
Babylonia,0,3,3
Bada,3,3,6
Badegül,0,3,3
Badelog,0,3,3
Badem,0,3,3
Badenur,0,3,3
Badereddine,3,0,3
Badhan,3,3,6
Badí,3,0,3
Badmas,3,0,3
Badseba,0,3,3
Baerte,3,3,6
Bafour,3,3,6
Bagha,3,3,6
Baginda,3,3,6
Bagrat,3,0,3
Bahaar,0,3,3
Bahadoer,3,0,3
Bahador,3,0,3
Bahier,3,0,3
Baila,0,3,3
Baile,0,3,3
Bailor,3,0,3
Baindu,0,3,3
Baje,3,0,3
Bajka,3,3,6
Bakary,3,0,3
Bakhtar,3,0,3
Bakkegaard,0,3,3
Bakry,3,3,6
Balaram,3,0,3
Baldewynus,3,0,3
Balentino,3,0,3
Balilla,3,3,6
Balint,3,3,6
Balkan,3,0,3
Balminus,3,0,3
Balsengor,3,0,3
Balthasaar,3,3,6
Balthazarina,0,3,3
Baltheus,3,0,3
Balturina,0,3,3
Balwant,3,0,3
Bamdad,3,0,3
Bamo,3,3,6
Bamse,3,0,3
Baneen,0,3,3
Bangia,3,3,6
Banne,3,0,3
Banno,3,0,3
Banujan,3,0,3
Bap,3,0,3
Baptiest,3,0,3
Bara'ah,0,3,3
Bara-ah,0,3,3
Barbara-Anne,0,3,3
Barbarelle,0,3,3
Barbarita,0,3,3
Barbaro,3,0,3
Barbie,0,3,3
Barça,3,0,3
Barcelona,0,3,3
Bardeau,3,3,6
Bardienus,3,0,3
Bardy,3,3,6
Barellina,0,3,3
Barends,3,0,3
Barendt,3,0,3
Barez,3,3,6
Barfi,3,0,3
Baria,3,3,6
Barien,0,3,3
Barın,3,0,3
Barinus,3,0,3
Barkın,3,0,3
Barkoumi,3,3,6
Barline,0,3,3
Barnabé,3,3,6
Barnessi,0,3,3
Barnetje,0,3,3
Barny,3,0,3
Baromea,0,3,3
Baromeo,3,0,3
Barrendina,0,3,3
Barromea,3,3,6
Barrow,3,0,3
Barrymore,3,0,3
Bart-jan,3,0,3
Bartelemeeuwis,3,0,3
Barteloméus,3,0,3
Barthelemé,3,0,3
Barthelemëus,3,0,3
Barthélémy,3,0,3
Barthelijne,0,3,3
Barthes,3,0,3
Barthine,0,3,3
Barthines,3,0,3
Bartholde,0,3,3
Bartholemaeus,3,0,3
Bartholoméus,3,0,3
Bartienus,3,0,3
Bartilda,0,3,3
Bartlomiej,3,0,3
Bartolemeus,3,0,3
Bartolomëus,3,0,3
Bartrina,0,3,3
Bas-Martijn,3,0,3
Bas-Peter,3,0,3
Bas-Pieter,3,0,3
Bashiir,3,0,3
Bashira,0,3,3
Bashiri,3,3,6
Basho,3,0,3
Basildis,3,3,6
Basileos,3,3,6
Basilidus,3,0,3
Basina,0,3,3
Basira,0,3,3
Bask,3,0,3
Basmah,0,3,3
Bassmala,0,3,3
Bassou,3,0,3
Bastein,3,0,3
Bastiaan-Jan,3,0,3
Bastiaan-Willem,3,0,3
Bastiaanus,3,0,3
Bastián,3,0,3
Bastiëne,0,3,3
Bastiène,0,3,3
Basya,0,3,3
Bataaf,3,0,3
Batholomeus,3,0,3
Batlayeri,3,3,6
Batsheba,0,3,3
Batta,3,0,3
Batti,3,3,6
Batuğhan,3,0,3
Baturay,3,0,3
Baudie,0,3,3
Baudineke,0,3,3
Bauwelina,0,3,3
Bavli,3,0,3
Bayard,3,0,3
Baybora,3,0,3
Baykal,3,0,3
Baylen,3,0,3
Bayrem,3,0,3
Bazilia,0,3,3
Beake,3,3,6
Bean,0,3,3
Béanca,0,3,3
Béanne,0,3,3
Bêant,3,0,3
Beante,0,3,3
Béata,0,3,3
Beati,3,0,3
Beato,3,0,3
Beatrik,3,3,6
Beau-ann,0,3,3
Beau-Dean,3,3,6
Beaudelaire,3,3,6
Beaudey,3,3,6
Beaudoin,3,0,3
Beaurice,3,0,3
Beautifull,0,3,3
Beaux,3,3,6
Beauy,3,0,3
Beauyen,3,0,3
Bébé,0,3,3
Béchir,3,3,6
Bedi,3,3,6
Beeka,0,3,3
Beelie,0,3,3
Beerent,3,0,3
Beerentje,0,3,3
Beerke,3,3,6
Beertina,0,3,3
Beertine,0,3,3
Beeuwberdina,0,3,3
Beg,3,0,3
Bego,3,0,3
Beijemine,0,3,3
Beijer,3,3,6
Beijn,3,0,3
Beinjamin,3,0,3
Beis,3,0,3
Bejamin,3,0,3
Bejay,3,0,3
Bekes,3,0,3
Belay,3,3,6
Belçim,0,3,3
Belgizar,0,3,3
Bélia,0,3,3
Beliaan,3,0,3
Beliardus,3,0,3
Belias,3,0,3
Béline,0,3,3
Belkassem,3,0,3
Belkys,0,3,3
Bellah,3,3,6
Bellatable,3,3,6
Belmont,3,0,3
Beloved,3,3,6
Beltran,3,0,3
Bemvindo,3,0,3
Ben-Jamin,3,0,3
Benadicta,0,3,3
Benato,3,0,3
Benaventura,3,3,6
Benaz,0,3,3
Bencelina,0,3,3
Bende,3,3,6
Bendegúz,3,0,3
Bendick,3,0,3
Bendu,0,3,3
Benedet,0,3,3
Benedic,3,0,3
Benedith,0,3,3
Benette,0,3,3
Benicia,0,3,3
Beninka,0,3,3
Benino,3,0,3
Benissa,3,0,3
Benitha,0,3,3
Bénito,3,0,3
Benjam,3,3,6
Benjamien,3,0,3
Benjamiene,3,3,6
Benjanetta,0,3,3
Benjimin,3,0,3
Bennart,3,0,3
Bennedetto,3,0,3
Benner,3,0,3
Bennico,3,0,3
Benoa,3,3,6
Bénoit,3,0,3
Benone,3,0,3
Benooi,3,0,3
Benrico,3,0,3
Benso,3,0,3
Benthly,3,3,6
Benudina,0,3,3
Benus,3,0,3
Benyameen,3,0,3
Benyamen,3,0,3
Benyemin,3,0,3
Benze,3,0,3
Benzelina,0,3,3
Benzion,3,0,3
Benzjamin,3,0,3
Benzley,3,0,3
Beowulf,3,0,3
Beppino,3,3,6
Berâ,3,3,6
Beradinus,3,0,3
Beral,3,3,6
Beraldine,0,3,3
Berathan,3,0,3
Berati,3,0,3
Berb,0,3,3
Berbelina,0,3,3
Berbely,0,3,3
Berde,3,0,3
Berdienke,0,3,3
Berdienne,0,3,3
Berdike,0,3,3
Berdinette,0,3,3
Berdite,0,3,3
Bere,3,0,3
Berend-jan,3,0,3
Berendika,0,3,3
Berendinant,3,0,3
Berendines,3,0,3
Berengar,3,0,3
Bérenger,3,0,3
Berfan,3,0,3
Berfe,0,3,3
Berfo,3,0,3
Berga,0,3,3
Bergardus,3,0,3
Bergen,0,3,3
Berhanu,3,3,6
Berhardina,0,3,3
Berien,0,3,3
Berinde,0,3,3
Berino,3,0,3
Berkalp,3,0,3
Bèrke,3,0,3
Berkecan,3,0,3
Berletta,0,3,3
Berline,0,3,3
Bernad,3,0,3
Bernades,3,0,3
Bernadita,3,3,6
Bérnard,3,0,3
Bernard-Paul,3,0,3
Bernartine,0,3,3
Bernatina,0,3,3
Berndinus,3,0,3
Bernett,3,3,6
Bernharde,3,3,6
Bernhardet,0,3,3
Bernhardette,0,3,3
Bernic,3,3,6
Bernis,3,3,6
Bernoe,0,3,3
Bernon,3,0,3
Bernthe,3,3,6
Berren,3,3,6
Berrinda,0,3,3
Bertaline,0,3,3
Bertana,0,3,3
Bertauville,3,3,6
Bertaux,3,0,3
Berthaline,0,3,3
Berthen,3,0,3
Berthinus,3,0,3
Bertholdine,0,3,3
Bertholomeus,3,0,3
Berthuwinus,3,0,3
Bertij,3,3,6
Bertiliana,0,3,3
Bertis,3,3,6
Bertoni,3,3,6
Bertricia,0,3,3
Bertruida,0,3,3
Berttina,0,3,3
Bertug,3,0,3
Bertyl,3,3,6
Bertyne,0,3,3
Berxwedan,3,0,3
Béryl,0,3,3
Berzah,3,3,6
Beshar,3,0,3
Bessam,3,0,3
Besse,0,3,3
Besseliena,0,3,3
Bessem,3,3,6
Bessi,0,3,3
Bessim,3,0,3
Bessy,0,3,3
Bestoen,3,3,6
Betania,0,3,3
Beteke,0,3,3
Betelhem,0,3,3
Bethsina,0,3,3
Betran,3,0,3
Betrandus,3,0,3
Betrice,0,3,3
Betseba,0,3,3
Bettalina,0,3,3
Betteco,0,3,3
Bettino,3,0,3
Bettyne,0,3,3
Betula,0,3,3
Beuk,3,0,3
Bevina,3,3,6
Bewar,3,3,6
Beyada,0,3,3
Beyar,3,0,3
Beyzâ,0,3,3
Beyzade,3,0,3
Bezaleël,3,0,3
Bhaan,3,0,3
Bhaartie,0,3,3
Bhagwandath,3,0,3
Bhagwanti,0,3,3
Bhagya,3,3,6
Bhanwatie,0,3,3
Bharatsing,3,0,3
Bhartidebie,0,3,3
Bhartiedebie,0,3,3
Bharty,0,3,3
Bhima,3,0,3
Bhodey,3,3,6
Bhor,3,0,3
Bhullar,3,0,3
Bhumika,0,3,3
Bhupinder,3,0,3
Bhushan,3,0,3
Biance,0,3,3
Biangelo,3,0,3
Bianke,0,3,3
Bianne,0,3,3
Bib,3,0,3
Bibbi,0,3,3
Bibeche,0,3,3
Bibi-Ann,0,3,3
Bibi-Sophie,0,3,3
Bibilotte,0,3,3
Bibisch,0,3,3
Bidjai,3,0,3
Bidjaikoemar,3,0,3
Bidjaikumar,3,0,3
Bidjawatie,0,3,3
Biefka,0,3,3
Biefkea,0,3,3
Biekje,0,3,3
Biën,3,3,6
Biendia,0,3,3
Bienne,0,3,3
Bieuwk,0,3,3
Biewina,0,3,3
Big,3,0,3
Biha,3,3,6
Bijay,3,0,3
Bijkina,0,3,3
Bijkje,0,3,3
Bijlkje,0,3,3
Bilall,3,0,3
Bildiena,0,3,3
Bildina,3,3,6
Bilgecan,3,3,6
Bilgesu,0,3,3
Bille,3,3,6
Billor,0,3,3
Bilou,0,3,3
Bim,3,0,3
Binarai,0,3,3
Binay,3,0,3
Bind,3,0,3
Bindina,0,3,3
Bindja,3,3,6
Bindra,0,3,3
Bineta,0,3,3
Bineus,3,0,3
Binie,0,3,3
Binkey,3,0,3
Binnerd,3,0,3
Binno,3,0,3
Binoche,0,3,3
Binouk,0,3,3
Binse,3,0,3
Binus,3,0,3
Binyamien,3,0,3
Binze,3,0,3
Biola,0,3,3
Bion,3,0,3
Bionde,0,3,3
Biorna,0,3,3
Birago,0,3,3
Birant,3,0,3
Birben,0,3,3
Birce,0,3,3
Birget,0,3,3
Birgul,0,3,3
Biricik,0,3,3
Birkit,0,3,3
Biro,3,3,6
Birrit,0,3,3
Biruta,0,3,3
Bisan,3,3,6
Bishnoepersad,3,0,3
Bisnoepersad,3,0,3
Bisoendee,0,3,3
Bisola,0,3,3
Bissou,3,3,6
Biswamintre,3,0,3
Biswanand,3,0,3
Bithja,0,3,3
Bizenta,0,3,3
Bjarke,3,0,3
Bjel,0,3,3
Bjelke,0,3,3
Bjen,3,0,3
Bjoern,3,0,3
Bjordi,3,0,3
Bjordy,3,0,3
Bjórn,3,0,3
Björnson,3,0,3
Bjürn,3,0,3
Bjørna,0,3,3
Blaize,3,3,6
Blance,0,3,3
Blanchett,0,3,3
Blanco,3,3,6
Blanda,3,3,6
Blandinus,3,0,3
Blanket,3,3,6
Blasa,0,3,3
Blazius,3,3,6
Bledian,3,0,3
Bleije,3,3,6
Blerona,0,3,3
Blijntje,0,3,3
Blink,3,0,3
Blis,0,3,3
Blume,0,3,3
Blyth,3,3,6
Bnar,0,3,3
Bo-An,0,3,3
Bo-Bette,0,3,3
Bo-Jazz,0,3,3
Boahene,3,0,3
Boaike,3,0,3
Boampong,0,3,3
Boanna,0,3,3
Boanne,0,3,3
Boatema,0,3,3
Boaten,3,0,3
Bobbette,0,3,3
Bobbie-Jo,0,3,3
Bobbij,3,0,3
Bobbina,0,3,3
Bobiaan,3,0,3
Bobijn,0,3,3
Bobolina,0,3,3
Boby,3,3,6
Bodain,3,3,6
Bodei,0,3,3
Bodemi,0,3,3
Bodette,0,3,3
Bodhian,3,0,3
Bodicia,0,3,3
Bodique,0,3,3
Bodus,3,0,3
Bodyne,0,3,3
Boeb,3,0,3
Boebie,3,3,6
Boed,3,0,3
Boele-Jan,3,0,3
Boeledina,0,3,3
Boelegien,0,3,3
Boeliena,0,3,3
Boelwina,0,3,3
Boerma,3,3,6
Boeshra,0,3,3
Boesjra,0,3,3
Bogardina,0,3,3
Bogi,3,0,3
Bogomir,3,0,3
Boh,3,3,6
Bohemond,3,0,3
Bohen,3,3,6
Bohumil,3,0,3
Boije,3,0,3
Boïse,0,3,3
Boite,3,0,3
Bojanna,0,3,3
Boki,3,3,6
Bokkjen,0,3,3
Bolaji,3,0,3
Boldina,0,3,3
Bolesław,3,0,3
Bolien,0,3,3
Boline,0,3,3
Bolivia,0,3,3
Bomani,3,0,3
Bondien,0,3,3
Bondine,0,3,3
Boneface,0,3,3
Bonefasius,3,0,3
Bonefatia,0,3,3
Bongo,3,3,6
Bonnigjen,0,3,3
Bons,3,0,3
Bonsje,0,3,3
Boodhia,0,3,3
Boodske,0,3,3
Boois,3,0,3
Bootan,3,3,6
Boots,3,0,3
Booyen,3,0,3
Boqore,3,3,6
Borai,3,3,6
Boras,3,0,3
Boraya,0,3,3
Borga,3,0,3
Borgina,0,3,3
Borhan,3,0,3
Borian,3,0,3
Borias,3,0,3
Borislaw,3,0,3
Borisovna,0,3,3
Börje,3,0,3
Bormé,3,0,3
Borren,3,0,3
Borry,3,3,6
Borten,3,0,3
Bortha,0,3,3
Bosambo,3,3,6
Bosede,0,3,3
Bosman,3,0,3
Bothaina,0,3,3
Bothilde,0,3,3
Bothina,0,3,3
Botine,0,3,3
Botjo,3,0,3
Bottina,0,3,3
Botty,0,3,3
Botwe,3,3,6
Boubakar,3,0,3
Boubaker,3,0,3
Bouchera,0,3,3
Bouchie,0,3,3
Bouchine,0,3,3
Boucke,3,0,3
Boude,3,0,3
Boudette,0,3,3
Boudeweijn,3,0,3
Boudewijntje,0,3,3
Boudewyn,3,0,3
Boudie,3,3,6
Boudiene,0,3,3
Boudinus,3,0,3
Boudour,0,3,3
Bouduin,3,0,3
Bougie,0,3,3
Bouke-Jan,3,0,3
Bounien,0,3,3
Bouo,3,0,3
Boutens,3,0,3
Bouwkien,0,3,3
Bowden,3,0,3
Bowiene,0,3,3
Bowyn,3,3,6
Boyoura,0,3,3
Boyt,3,0,3
Brae,3,3,6
Brahem,3,0,3
Brahm,3,0,3
Braiden,3,0,3
Braihim,3,0,3
Braim,3,0,3
Bramanda,0,3,3
Bramdath,3,0,3
Bramhanand,3,0,3
Bramiene,0,3,3
Brana,3,3,6
Brandanus,3,0,3
Brandel,3,0,3
Brandelina,0,3,3
Brandely,0,3,3
Brandey,0,3,3
Brandjan,3,0,3
Branford,3,0,3
Brans,3,0,3
Branton,3,0,3
Brat,3,0,3
Braycen,3,0,3
Braylin,3,3,6
Brayton,3,0,3
Bready,3,3,6
Bredley,3,0,3
Breeze,3,3,6
Breggitte,0,3,3
Bregta,0,3,3
Bregte,0,3,3
Brenda-Lee,0,3,3
Brendaan,3,0,3
Brendalina,0,3,3
Brendly,3,0,3
Brenly,3,0,3
Brenne,0,3,3
Brent-Jan,3,0,3
Brenthe,3,3,6
Breon,3,0,3
Bresly,3,0,3
Breth,0,3,3
Bretley,3,0,3
Breunet,0,3,3
Breunita,0,3,3
Brexton,3,0,3
Brhane,3,0,3
Bri,3,3,6
Brían,3,0,3
Brianny,0,3,3
Briar,3,3,6
Bric,3,0,3
Brichelle,0,3,3
Brictus,3,0,3
Briean,3,0,3
Briegettha,0,3,3
Brienne,0,3,3
Briggitha,0,3,3
Brigham,3,0,3
Brightley,3,0,3
Brigi,0,3,3
Brigidus,3,0,3
Brigiete,0,3,3
Briginia,0,3,3
Brigt,3,0,3
Brihanna,0,3,3
Brimm,3,3,6
Brioni,3,3,6
Brique,3,3,6
Brisëis,0,3,3
Britged,0,3,3
Brith,0,3,3
Brithany,0,3,3
Brithonius,3,0,3
Brittaney,0,3,3
Brittania,0,3,3
Britten,3,3,6
Brittina,0,3,3
Brittje,0,3,3
Brittni,0,3,3
Brixius,3,0,3
Brobbey,3,3,6
Brock,3,0,3
Brodi,3,0,3
Brogan,0,3,3
Bronca,0,3,3
Bronwin,0,3,3
Bronya,0,3,3
Brooklijn,3,3,6
Brugg,3,0,3
Brugtine,0,3,3
Bruinsjen,0,3,3
Bruinskje,0,3,3
Brum,3,0,3
Brunehilde,0,3,3
Brunelle,0,3,3
Brunet,0,3,3
Brunie,3,3,6
Brunild,0,3,3
Brüno,3,0,3
Brunt,3,0,3
Brunus,3,0,3
Bruur,3,0,3
Bruyn,3,0,3
Bryden,3,0,3
Brydgytte,0,3,3
Bryndís,0,3,3
Brynhild,0,3,3
Brynhilde,0,3,3
Bryonie,0,3,3
Brytt,0,3,3
Buana,3,3,6
Bucko,3,0,3
Budd,3,0,3
Budiman,3,0,3
Budiono,3,0,3
Bueno,3,0,3
Bugse,0,3,3
Buizina,0,3,3
Bujitu,3,3,6
Bükre,0,3,3
Bülbül,0,3,3
Bulhan,3,3,6
Bundu,3,3,6
Bunduka,3,3,6
Bunetta,0,3,3
Bung,3,0,3
Bunna,0,3,3
Buray,3,0,3
Burç,3,0,3
Burcak,0,3,3
Burcharda,0,3,3
Burchart,3,0,3
Burgos,3,0,3
Burhaan,3,0,3
Burhanuddin,3,0,3
Burnet,3,0,3
Burnett,3,0,3
Büteyra,0,3,3
Butrint,3,0,3
Butterfly,0,3,3
Buurt,3,0,3
Buwe,3,0,3
Byan,3,0,3
Bynx,3,0,3
Byorn,3,0,3
Byrne,3,3,6
Bøgebjerg,3,0,3
B'Lana,0,3,3
B-yörn,3,0,3
Baad,0,3,3
Baadel,3,0,3
Baadsgaard,3,3,6
Baadsha,3,0,3
Baaike,0,3,3
Baal,3,0,3
Baardje,0,3,3
Baaye,3,3,6
Baayke,0,3,3
Babata,0,3,3
Babba,3,0,3
Babelle,3,3,6
Babes,0,3,3
Babiana,0,3,3
Babiker,3,0,3
Babil,3,0,3
Babilo,3,0,3
Babilonya,0,3,3
Babin,3,3,6
Babisch,0,3,3
Babise,0,3,3
Baboeshka,0,3,3
Babsi,0,3,3
Babsje,0,3,3
Babu,3,0,3
Babür,3,0,3
Babylon,0,3,3
Bacchus,3,0,3
Bacha,3,3,6
Bachan,3,3,6
Bacomia,0,3,3
Badaracco,3,0,3
Badeld,3,0,3
Bademba,3,0,3
Baderddine,3,0,3
Badiaâ,0,3,3
Badina,0,3,3
Badir,3,0,3
Badira,0,3,3
Bado,3,3,6
Badran,3,0,3
Badroenissa,0,3,3
Baek,0,3,3
Baely,0,3,3
Baerendina,0,3,3
Baes,3,0,3
Baez,3,3,6
Bafina,0,3,3
Bafode,3,0,3
Bagas,3,0,3
Bagdagül,0,3,3
Bagdat,3,3,6
Bagheera,0,3,3
Bagta,0,3,3
Bague,3,3,6
Bahâa,3,3,6
Bahaa-Eddine,3,0,3
Bahadoersingh,3,0,3
Bahanur,0,3,3
Bahare,0,3,3
Bahatdin,3,0,3
Bahatin,3,0,3
Bahauddin,3,0,3
Baheer,3,0,3
Baher,3,0,3
Bahho,3,0,3
Bahire,0,3,3
Bahria,0,3,3
Bahy,3,0,3
Baï,0,3,3
Baia,3,3,6
Baiden,3,0,3
Baidjoe,0,3,3
Baidu,3,0,3
Bailley,3,0,3
Baïlo,3,3,6
Bains,3,3,6
Baise,0,3,3
Bakalov,3,0,3
Bakari,3,3,6
Bakhtawar,0,3,3
Bakhtiar,3,0,3
Bakiş,3,0,3
Bakiye,0,3,3
Bako,3,0,3
Bakthiar,3,0,3
Baktiar,3,0,3
Balandina,0,3,3
Balbino,3,0,3
Balboa,3,3,6
Balde,3,0,3
Baldegunda,0,3,3
Baldericus,3,0,3
Baldëus,3,0,3
Baldeus,3,0,3
Baldewijnes,3,0,3
Baldo,3,0,3
Baldor,3,0,3
Baldrick,3,0,3
Baldwinus,3,0,3
Balendine,0,3,3
Baley,3,3,6
Balim,0,3,3
Balindan,3,3,6
Baljeé,0,3,3
Baljit,3,3,6
Balkisoen,3,0,3
Balkrishne,3,0,3
Ball,3,0,3
Balladina,0,3,3
Ballard,0,3,3
Ballay,3,3,6
Bally,3,0,3
Balogun,3,0,3
Balqiis,0,3,3
Balradj,3,0,3
Balth,3,0,3
Balthazaria,0,3,3
Balthazarine,0,3,3
Balthinus,3,0,3
Baltien,0,3,3
Baltimor,3,0,3
Balu,3,3,6
Bambina,0,3,3
Banafshe,0,3,3
Banderas,3,0,3
Bandika,3,0,3
Bandoh,3,3,6
Bangs,0,3,3
Bangula,3,3,6
Banibal,3,0,3
Banin,0,3,3
Banjer,3,0,3
Banji,3,0,3
Bankole,3,3,6
Banks,3,0,3
Banny,3,0,3
Banoo,0,3,3
Bantwal,3,0,3
Báo,3,3,6
Bao-An,3,0,3
Baptijs,3,0,3
Baptilda,0,3,3
Bapu,3,3,6
Baqi,3,0,3
Baqir,3,0,3
Baquerizo,3,0,3
Bär,3,0,3
Baraako,3,3,6
Barabas,3,0,3
Barabbas,3,0,3
Barabra,0,3,3
Baradiena,0,3,3
Barami,3,0,3
Baransel,3,0,3
Barbada,0,3,3
Barbarà,0,3,3
Barbée,0,3,3
Barberella,0,3,3
Barberine,0,3,3
Barberra,0,3,3
Barbert,3,0,3
Barbiena,0,3,3
Barbina,0,3,3
Barby,0,3,3
Bardelina,0,3,3
Bardeus,3,0,3
Bardez,3,3,6
Bardh,3,0,3
Bardya,3,0,3
Bared,3,0,3
Baredina,0,3,3
Baree,3,0,3
Bareldine,0,3,3
Bareldje,0,3,3
Barelds,3,0,3
Barendette,0,3,3
Barendientje,0,3,3
Barendszoon,3,0,3
Barendtje,0,3,3
Barenthe,0,3,3
Barentine,0,3,3
Barik,3,0,3
Barima,3,0,3
Barís,3,0,3
Bariscan,3,0,3
Barişkan,3,0,3
Barita,3,3,6
Barjona,3,0,3
Barkat,3,3,6
Barket,3,0,3
Barkev,3,0,3
Barkley,3,0,3
Barkozina,0,3,3
Barlinde,0,3,3
Barma,3,0,3
Barnardine,0,3,3
Barnes,3,0,3
Barnesi,0,3,3
Barnessy,0,3,3
Barnhart,3,0,3
Barnieh,3,0,3
Barnoldus,3,0,3
Barnt,3,0,3
Baroche,0,3,3
Baroy,3,0,3
Barrabea,0,3,3
Barreld,3,0,3
Barrera,0,3,3
Barreto,0,3,3
Barrington,3,0,3
Barrios,3,3,6
Barris,3,0,3
Barruw,3,0,3
Barryson,3,0,3
Barsalina,0,3,3
Barsam,3,0,3
Barselina,0,3,3
Barsina,0,3,3
Bart-Carel,3,0,3
Bart-Hendrik,3,0,3
Bart-Jelle,3,0,3
Bart-Johannes,3,0,3
Bartara,0,3,3
Barteke,0,3,3
Bartèl,3,3,6
Barteldt,3,0,3
Bartelena,0,3,3
Barteles,3,3,6
Bartelhomeus,3,0,3
Barteltsje,3,3,6
Barth-Jan,3,0,3
Barthalena,0,3,3
Barthelomé,3,0,3
Barthelomëus,3,0,3
Bartheloméus,3,0,3
Barthélomy,3,0,3
Barthimeüs,3,0,3
Barthol,3,0,3
Bartholemea,0,3,3
Bartholiena,0,3,3
Bartholinus,3,0,3
Bartholomée,0,3,3
Bartholomeűs,3,0,3
Bartholus,3,0,3
Barthy,0,3,3
Barti,3,0,3
Bartima,0,3,3
Bartiméus,3,0,3
Bartin,3,3,6
Bartlett,3,0,3
Bartlomea,0,3,3
Bartlomeüs,3,0,3
Bartol,3,0,3
Bartoldus,3,0,3
Bartolome,3,0,3
Bartolt,3,0,3
Bartolus,3,0,3
Barts,3,0,3
Bartsje,0,3,3
Bartske,0,3,3
Bartta,0,3,3
Barttina,0,3,3
Bartuğ,3,0,3
Bartwin,3,0,3
Baru,3,0,3
Barũnca,0,3,3
Barunka,0,3,3
Bary,3,0,3
Bas-Boris,3,0,3
Bas-Maarten,3,0,3
Basaam,3,0,3
Başer,3,0,3
Basgaralingam,3,0,3
Basheer,3,0,3
Bashiran,0,3,3
Bashiru,3,0,3
Basileios,3,0,3
Basileus,3,0,3
Basiliana,0,3,3
Basilico,3,0,3
Basilisa,0,3,3
Basintie,0,3,3
Basiouny,3,0,3
Basiran,0,3,3
Baskaran,3,3,6
Baskoro,3,0,3
Basmatie,0,3,3
Basmh,0,3,3
Basquiat,3,0,3
Bassaam,3,0,3
Bassel,3,0,3
Bassi,3,3,6
Bassianus,3,0,3
Bassier,3,0,3
Bassilda,0,3,3
Bassira,0,3,3
Basso,3,0,3
Basta,3,0,3
Basthian,3,0,3
Basthijn,3,0,3
Bastiaansz,3,0,3
Bastién,3,0,3
Bastijaan,3,0,3
Bastino,3,0,3
Basu,3,3,6
Basyl,3,0,3
Batchelor,3,3,6
Bathoel,0,3,3
Batı,3,0,3
Bati,3,0,3
Batia,0,3,3
Batice,3,3,6
Batien,0,3,3
Batienke,0,3,3
Baties,3,0,3
Batihan,3,0,3
Bâtın,3,0,3
Batisse,3,3,6
Batjah,0,3,3
Batjen,3,3,6
Bator,3,3,6
Batth,0,3,3
Battistus,3,0,3
Batuğ,3,0,3
Batukan,3,0,3
Batun,3,0,3
Bau,3,0,3
Bauan,3,0,3
Baucis,0,3,3
Baudette,0,3,3
Baudiel,3,0,3
Baudier,3,0,3
Baudile,0,3,3
Bauduin,3,0,3
Baudus,3,0,3
Bauer,3,0,3
Baugina,0,3,3
Baukelientje,0,3,3
Baukines,3,0,3
Baukolina,0,3,3
Bauo,3,0,3
Bauwdina,0,3,3
Bauwkina,0,3,3
Bavil,3,0,3
Bavonnia,0,3,3
Bawaan,3,0,3
Bawel,3,0,3
Bawuah,0,3,3
Bayen,3,3,6
Bâyezid,3,0,3
Bayi,0,3,3
Baykar,3,0,3
Baylan,3,0,3
Baylynn,0,3,3
Baynes,3,0,3
Bayonne,0,3,3
Bayou,3,0,3
Bayraktar,3,3,6
Bayramali,3,0,3
Bayramcan,3,0,3
Bayren,3,0,3
Baziar,3,0,3
Baziel,3,0,3
BCM,0,3,3
Bealina,0,3,3
Beamlak,3,0,3
Beance,0,3,3
Beani,3,3,6
Beanka,0,3,3
Béanke,0,3,3
Bearnd,3,0,3
Bearrach,3,0,3
Beart,3,0,3
Beator,3,0,3
Beatra,0,3,3
Beatričė,0,3,3
Beatriche,0,3,3
Beatries,0,3,3
Beatriks,0,3,3
Beatrixs,0,3,3
Beau-Danique,0,3,3
Beau-Demi,0,3,3
Beau-Elize,0,3,3
Beau-Jan,3,0,3
Beau-Jane,0,3,3
Beau-Jill,0,3,3
Beau-Lynn,0,3,3
Beau-May,0,3,3
Beau-Noël,3,0,3
Beau-Sophie,0,3,3
Beauclare,3,0,3
Beaudain,3,0,3
Beaudean,3,0,3
Beaudiene,0,3,3
Beaudill,0,3,3
Beaudime,0,3,3
Beaudouin,3,0,3
Beaudylle,0,3,3
Beaufort,3,3,6
Beaujay,3,0,3
Beauline,0,3,3
Beaunée,0,3,3
Beaunita,0,3,3
Beautiful,0,3,3
Beauwine,0,3,3
Bébelle,0,3,3
Bébert,3,0,3
Bebine,0,3,3
Becka,0,3,3
Becke,3,3,6
Beckett,3,0,3
Beckey,0,3,3
Beckham,3,0,3
Beco,3,0,3
Bedel,3,0,3
Bediriye,0,3,3
Bediye,0,3,3
Bedra,0,3,3
Bedřich,3,0,3
Bedřiška,0,3,3
Bedrus,3,0,3
Beeda,0,3,3
Beenie,3,0,3
Beening,3,0,3
Beerdjen,0,3,3
Beerendientje,0,3,3
Beern,3,0,3
Beernoud,3,0,3
Beerthina,0,3,3
Befrin,0,3,3
Bega,0,3,3
Begom,0,3,3
Begona,0,3,3
Begonia,0,3,3
Beguam,0,3,3
Beğüm,0,3,3
Behan,3,0,3
Béhanzin,3,0,3
Behbahani,0,3,3
Behdad,3,0,3
Behroes,3,0,3
Behrooz,3,0,3
Behrouz,3,0,3
Behroz,3,0,3
Beie,3,3,6
Beijers,3,0,3
Beijko,3,0,3
Beijtje,0,3,3
Beintina,0,3,3
Beiske,0,3,3
Bejanca,0,3,3
Bejillio,3,0,3
Bejo,3,0,3
Bekalina,0,3,3
Bekay,3,0,3
Bekelina,0,3,3
Bekhor,3,0,3
Beki,3,0,3
Bekka,0,3,3
Bèla,3,0,3
Belaal,3,0,3
Belanda,0,3,3
Belcasem,3,0,3
Beldora,0,3,3
Belearia,0,3,3
Beleki,0,3,3
Belem,3,3,6
Belém,0,3,3
Belend,3,0,3
Belendina,0,3,3
Belete,3,3,6
Beleza,0,3,3
Belfi,0,3,3
Belián,3,0,3
Belice,0,3,3
Bélicia,0,3,3
Belida,0,3,3
Belind,3,0,3
Belitha,0,3,3
Beljabicentia,0,3,3
Belka,3,0,3
Belkheir,3,3,6
Belkisa,0,3,3
Belkizar,0,3,3
Bella-Marie,0,3,3
Bella-Rosa,0,3,3
Bella-Sophie,0,3,3
Belladina,0,3,3
Bellana,0,3,3
Bellarmina,0,3,3
Bellarosa,0,3,3
Bellarose,0,3,3
Belle-Beau,0,3,3
Belle-Fleur,0,3,3
Belledina,0,3,3
Bellejanus,3,0,3
Belleke,0,3,3
Belleza,0,3,3
Bellezza,0,3,3
Belly,3,0,3
Beloona,0,3,3
Belthazar,3,0,3
Belya,0,3,3
Bemenet,3,3,6
Ben-Anne,3,0,3
Ben-Chai,3,0,3
Ben-Johan,3,0,3
Ben-Willem,3,0,3
Ben-Zion,3,0,3
Benadetta,0,3,3
Benafsha,0,3,3
Benaija,3,0,3
Benája,3,0,3
Benajah,3,0,3
Benaldo,3,0,3
Benamin,3,0,3
Benamira,3,0,3
Benancio,3,0,3
Benaoin,3,0,3
Bénardo,3,0,3
Benata,0,3,3
Benaye,3,3,6
Benco,3,0,3
Bendi,3,0,3
Bendik,3,0,3
Bendy,3,3,6
Bené,3,3,6
Benedick,3,0,3
Bénedict,3,0,3
Benedicti,0,3,3
Benel,3,3,6
Bener,3,3,6
Benesh,3,0,3
Benett,3,0,3
Benetton,3,0,3
Beneventura,0,3,3
Benévolo,3,0,3
Benewaa,0,3,3
Benewaah,0,3,3
Benfried,3,0,3
Benga,3,3,6
Bengin,3,3,6
Bengold,3,0,3
Bengta,0,3,3
Bengte,0,3,3
Bengul,0,3,3
Bengy,3,0,3
Benhaddou,3,0,3
Benhamin,3,0,3
Benhanan,3,0,3
Béni,3,0,3
Bénia,0,3,3
Benico,3,0,3
Benidictus,3,0,3
Benieke,0,3,3
Beniel,3,0,3
Bénigne,0,3,3
Beninga,0,3,3
Benisa,0,3,3
Benise,0,3,3
Benitta,0,3,3
Benitto,3,3,6
Benitus,3,0,3
BenjaDien,0,3,3
Benjah,3,0,3
Benjamin-John,3,0,3
Benjaminne,0,3,3
Benjamintje,0,3,3
Benjamya,0,3,3
Benjey,3,0,3
Benjie,3,0,3
Benko,3,0,3
Benli,3,0,3
Benmalik,3,0,3
Benmar,3,0,3
Bennedet,0,3,3
Bennedict,0,3,3
Bennes,3,0,3
Bennie-Jan,3,0,3
Bennine,0,3,3
Bennis,3,0,3
Bennite,0,3,3
Bennodetta,0,3,3
Benoe,3,0,3
Benoist,3,0,3
Bénoît,3,0,3
Benon,3,0,3
Benonia,3,3,6
Benonni,3,0,3
Benrie,3,0,3
Benroy,3,0,3
Benry,3,0,3
Bensa,0,3,3
Bente-Marie,0,3,3
Bente-Sophie,0,3,3
Benter,3,0,3
Bentjamin,3,0,3
Bentsion,3,0,3
Bentum,3,0,3
Bentura,3,0,3
Benudine,0,3,3
Beny,3,0,3
Benzalina,0,3,3
Benzwi,3,0,3
Béorn,3,0,3
Bepje,0,3,3
Beppechien,0,3,3
Beppina,0,3,3
Berach,3,0,3
Beraja,3,0,3
Beram,0,3,3
Bérangère,0,3,3
Berarda,0,3,3
Berardus,3,0,3
Berav,3,3,6
Berbele,0,3,3
Berbeli,0,3,3
Berbelotte,0,3,3
Berberly,0,3,3
Berbice,3,3,6
Berbie,0,3,3
Bercan,3,0,3
Berdeeh,0,3,3
Berdhilde,0,3,3
Berdiek,0,3,3
Berdilus,3,0,3
Berdinia,0,3,3
Berdinie,0,3,3
Berdus,3,0,3
Berdyn,0,3,3
Bère,3,0,3
Bereat,3,3,6
Bereja,0,3,3
Berenadiena,0,3,3
Berendeken,0,3,3
Berendjanna,0,3,3
Berendjeline,0,3,3
Berendsje,0,3,3
Berendszn,3,0,3
Berentienus,3,0,3
Berete,3,3,6
Berghart,3,0,3
Bergida,0,3,3
Bergin,3,0,3
Bergmann,0,3,3
Berhard,3,0,3
Berhat,3,0,3
Berian,3,3,6
Berick,3,0,3
Berieke,0,3,3
Berik,3,0,3
Berindina,0,3,3
Berinsina,0,3,3
Berio,3,0,3
Beritt,0,3,3
Beritta,0,3,3
Berka,3,3,6
Berkand,3,0,3
Berkel,0,3,3
Berki,3,0,3
Berko,3,0,3
Berksu,3,0,3
Berland,3,0,3
Berlida,0,3,3
Berlindus,3,3,6
Berlioz,3,0,3
Berlise,0,3,3
Berlize,0,3,3
Berlon,3,0,3
Bernabé,3,3,6
Bernadete,0,3,3
Bernadetti,0,3,3
Bernadetto,0,3,3
Bernadie,3,3,6
Bernadiea,3,0,3
Bernadin,3,3,6
Bernadinho,3,0,3
Bernadinie,0,3,3
Bernadinne,0,3,3
Bernadito,3,0,3
Bernadot,3,3,6
Bernady,0,3,3
Bernagül,0,3,3
Bernalda,0,3,3
Bernaldina,0,3,3
Bernaliza,0,3,3
Bernand,3,0,3
Bernandina,0,3,3
Bernârd,3,0,3
Bernardetha,0,3,3
Bernardiene,0,3,3
Bernardientje,0,3,3
Bernardinho,3,0,3
Bernardito,3,0,3
Bernardyn,3,0,3
Bernas,3,3,6
Bernat,3,0,3
Bernatine,0,3,3
Bernaud,3,0,3
Bernedite,0,3,3
Bernerd,3,0,3
Bernhard-Jan,3,0,3
Bernhardi,3,3,6
Bernhold,3,0,3
Berníce,0,3,3
Bernicia,0,3,3
Berniece,0,3,3
Bernien,0,3,3
Berninda,0,3,3
Bernitha,0,3,3
Bernolf,3,0,3
Bernulf,3,0,3
Berold,3,0,3
Bérona,0,3,3
Beronimus,3,0,3
Berpke,3,3,6
Berrat,3,3,6
Berrediena,0,3,3
Berrend,3,0,3
Berrid,0,3,3
Berrine,0,3,3
Berrinus,3,0,3
Berrio,3,0,3
Berrique,0,3,3
Berro,3,0,3
Berselina,0,3,3
Bersun,3,3,6
Bert-Paul,3,0,3
Bert-Thijs,3,0,3
Bertellus,3,0,3
Bertharius,3,0,3
Berthelindis,0,3,3
Bertheline,0,3,3
Berthes,3,0,3
Berthiena,0,3,3
Berthiene,0,3,3
Berthijs,3,0,3
Berthol,3,0,3
Bertholine,0,3,3
Berthony,3,0,3
Berthout,3,0,3
Berthranda,0,3,3
Berthyl,0,3,3
Berthyna,0,3,3
Berties,3,0,3
Bertill,3,0,3
Bertillie,0,3,3
Bertinie,0,3,3
Bertinna,0,3,3
Bertiny,3,3,6
Bertjo,3,0,3
Bertley,3,3,6
Bertoline,0,3,3
Bertout,3,0,3
Bertrie,0,3,3
Bertro,3,0,3
Bertroy,3,0,3
Bertrudis,0,3,3
Bertrus,3,0,3
Bertsie,0,3,3
Bertta,0,3,3
Berttine,0,3,3
Berttruda,0,3,3
Berttus,3,0,3
Bertuǵ,3,0,3
Bertuĝ,3,0,3
Bertuin,3,0,3
Bertuinia,0,3,3
Bertulphus,3,0,3
Bertus-Jan,3,0,3
Bertwinus,3,0,3
Berva,3,3,6
Berwic,3,0,3
Berwicht,3,0,3
Berza,0,3,3
Besar,3,0,3
Besê,0,3,3
Beser,0,3,3
Besey,0,3,3
Besian,3,0,3
Besiana,0,3,3
Besir,3,0,3
Beşire,0,3,3
Besjan,3,0,3
Beslan,3,0,3
Besmella,0,3,3
Besmir,3,0,3
Besselien,0,3,3
Bessma,0,3,3
Besta,0,3,3
Bestami,3,0,3
Beston,3,0,3
Bestoun,3,0,3
Bestun,3,3,6
Beteal,0,3,3
Bethal,3,3,6
Bethan,0,3,3
Bethaney,0,3,3
Bethanie,0,3,3
Betheline,0,3,3
Bethiah,0,3,3
Bethsaida,0,3,3
Bethsy,0,3,3
Bethuël,3,0,3
Bethul,0,3,3
Bethzabeth,0,3,3
Beti,0,3,3
Betiël,0,3,3
Betiel,0,3,3
Betinho,3,0,3
Betlehem,0,3,3
Bèto,3,0,3
Beto,3,0,3
Betool,0,3,3
Betrick,3,0,3
Betsche,0,3,3
Betsina,0,3,3
Bettencourt,0,3,3
Betthe,0,3,3
Betthina,0,3,3
Bettiene,0,3,3
Bettineke,0,3,3
Bettinna,0,3,3
Bettruida,0,3,3
Betu,3,0,3
Betuel,3,0,3
Béty,0,3,3
Betzy,0,3,3
Bewi,3,3,6
Beydanur,0,3,3
Beymen,3,0,3
Beyon,3,0,3
Beyou,0,3,3
Beysu,0,3,3
Beytul,3,3,6
Beytül,0,3,3
Beytullâh,3,0,3
Beyyine,0,3,3
Beyzagül,0,3,3
Bezawit,0,3,3
Bezhan,3,0,3
Bezi,0,3,3
Bhaartidevi,0,3,3
Bhagatsingh,3,0,3
Bhagdath,3,0,3
Bhagirathi,0,3,3
Bhagwandat,3,0,3
Bhagwandee,0,3,3
Bhagwat,3,0,3
Bhagwati,0,3,3
Bhai,3,3,6
Bhakti,3,0,3
Bhan,3,0,3
Bhani,0,3,3
Bhanu,3,0,3
Bharaat,3,0,3
Bharatkumar,3,0,3
Bharatsingh,3,0,3
Bhareth,3,0,3
Bharthie,0,3,3
Bhartiedevi,0,3,3
Bhatt,3,0,3
Bhavana,0,3,3
Bhavini,0,3,3
Bhawan,3,3,6
Bhawna,0,3,3
Bheem,3,0,3
Bhen,3,0,3
Bhi,0,3,3
Bhiendia,0,3,3
Bhishem,3,0,3
Bhola,3,3,6
Bhomika,0,3,3
Bhram,3,0,3
Bhudy,3,0,3
Bhumikadevi,0,3,3
Biaggio,3,0,3
Bialda,0,3,3
Bianca-Rosa,0,3,3
Biane,0,3,3
Biao,3,0,3
Bibey,0,3,3
Bibi-Anna,0,3,3
Bibi-Zahra,0,3,3
Bibicha,0,3,3
Bibiëne,0,3,3
Bibieno,3,3,6
Bibijana,0,3,3
Bibilin,0,3,3
Bibilot,0,3,3
Bích,0,3,3
Bicker,3,0,3
Bida,0,3,3
Bidjaipersad,3,0,3
Bidjatama,0,3,3
Bido,3,0,3
Bidus,3,0,3
Bieb,3,3,6
Biebejana,0,3,3
Biecke,0,3,3
Biedjawatie,0,3,3
Biedje,0,3,3
Biejan,3,3,6
Bièl,3,0,3
Biel,3,0,3
Bielda,0,3,3
Biemla,0,3,3
Biendija,0,3,3
Bienie,0,3,3
Biënvenido,3,0,3
Bienvenuta,0,3,3
Bierdjanand,3,0,3
Biesnoedath,3,0,3
Bigirta,0,3,3
Bihari,3,0,3
Biharie,3,0,3
Bijja,0,3,3
Bijland,3,0,3
Bijltje,0,3,3
Bijns,3,0,3
Bijorn,3,0,3
Bijoura,0,3,3
Bikash,3,0,3
Bike,0,3,3
Bikramjit,3,0,3
Bikutu,3,0,3
Bilana,0,3,3
Bilbo,3,0,3
Bilges,3,3,6
Bilgi,3,3,6
Bilhan,3,3,6
Bilkay,0,3,3
Billiam,3,0,3
Billiana,0,3,3
Billy-Bob,3,0,3
Billy-Joe,3,3,6
Billy-Rose,0,3,3
Bilo,3,0,3
Bilonca,0,3,3
Bimael,3,0,3
Bimal,3,0,3
Bimantara,3,0,3
Bimla,0,3,3
Bimlawatie,0,3,3
Bimo,3,0,3
Binaz,0,3,3
Binbin,0,3,3
Bincke,0,3,3
Binder,3,0,3
Binderdina,0,3,3
Bindhya,0,3,3
Bindiadevi,0,3,3
Bindija,0,3,3
Bindu,0,3,3
Binefş,0,3,3
Binela,0,3,3
Bineshkumar,3,0,3
Binet,0,3,3
Biney,0,3,3
Binghi,0,3,3
Bingley,3,0,3
Binhan,0,3,3
Biniyam,3,0,3
Binkye,3,3,6
Binnedetta,0,3,3
Binod,3,0,3
Binoy,3,0,3
Binque,3,0,3
Binsar,3,0,3
Binske,0,3,3
Binso,3,0,3
binti,0,3,3
Bintia,0,3,3
Binty,0,3,3
Binyamine,3,0,3
Biondetta,0,3,3
Biony,0,3,3
Biorn,3,0,3
Bipatsing,3,0,3
Bipendu,0,3,3
Bipin,3,3,6
Biranda,0,3,3
Biray,3,3,6
Birçan,3,3,6
Bird,3,3,6
Birdal,3,0,3
Birdi,3,0,3
Birdy,0,3,3
Birghid,0,3,3
Birgiet,0,3,3
Birginia,0,3,3
Birgir,3,0,3
Birilla,0,3,3
Biritan,0,3,3
Birju,3,0,3
Birkelund,3,0,3
Birkje,0,3,3
Birr,0,3,3
Birta,0,3,3
Birtje,0,3,3
Birungi,0,3,3
Biryar,3,0,3
Biryaz,0,3,3
Bisenta,0,3,3
Biser,3,0,3
Bisera,0,3,3
Bishwanand,3,0,3
Bisman,0,3,3
Bismark,3,0,3
Bisnath,3,0,3
Bisoendei,0,3,3
Bispo,3,0,3
Bisrat,3,0,3
Bissong,3,3,6
Biswadjiet,3,0,3
Biswajeet,3,0,3
Biswanath,3,0,3
Biswapersad,3,0,3
Bit,3,3,6
Bithia,0,3,3
Bitja,0,3,3
Biyan,3,0,3
Biyu,0,3,3
Biza,0,3,3
Bjarki,3,0,3
Bjarna,0,3,3
Bjartur,3,0,3
Bjay,3,0,3
Bjenn,3,0,3
Bjent,3,0,3
Bjieuwkje,0,3,3
Bjirk,3,0,3
Bjodie,0,3,3
Bjon,3,3,6
Bjord,3,0,3
Björen,3,0,3
Bjorno,3,0,3
Bjornson,3,0,3
Bjurre,3,0,3
Bjørnar,3,0,3
Blaga,0,3,3
Blagoj,3,3,6
Blagoje,3,0,3
Blain,3,3,6
Blaire,0,3,3
Blal,3,0,3
Blama,3,0,3
Blancefloor,0,3,3
Blancha,0,3,3
Blanchard,3,0,3
Blanchefloer,0,3,3
Blandijne,0,3,3
Blankert,3,3,6
Blayke,0,3,3
Blazenka,0,3,3
Bleart,3,0,3
Bleda,3,0,3
Bledi,3,0,3
Bledion,3,0,3
Blerim,3,0,3
Blesson,3,0,3
Bleumke,0,3,3
Blige,3,3,6
Blij,3,3,6
Blijda,0,3,3
Blinera,0,3,3
Blits,3,0,3
Blodwen,0,3,3
Bloemetje,3,0,3
Bloempje,0,3,3
Blondie,0,3,3
Blondien,0,3,3
Blonk,3,0,3
Blú,0,3,3
Blue-Ivy,0,3,3
Bluebelle,0,3,3
Blyde,0,3,3
Bo-an,0,3,3
Bo-ann,0,3,3
Bo-Anna,0,3,3
Bo-Belle,0,3,3
Bo-Danique,0,3,3
Bo-Deanne,0,3,3
Bo-elle,0,3,3
Bo-Ellen,0,3,3
Bo-Evy,0,3,3
Bo-jane,0,3,3
Bo-Lisa,0,3,3
Bo-Louise,0,3,3
Bo-Sophie,0,3,3
Boadifaa,0,3,3
Boah,3,0,3
Boain,0,3,3
Boakyewaah,0,3,3
Boama,3,0,3
Boapong,3,3,6
Boatemaa.,0,3,3
Boatemaah,0,3,3
Boatemah,0,3,3
Boáz,3,0,3
Boazza,3,0,3
Bobbertszoon,3,0,3
Bobbi-Joy,0,3,3
Bobbi-Mae,0,3,3
Bobbian,3,3,6
Bobbianne,0,3,3
Bobbie-Lou,0,3,3
Bobby-Ann,0,3,3
Bobby-Jean,0,3,3
Bobby-Joe,3,0,3
Bobby-Joy,0,3,3
Bobby-Lee,0,3,3
Bobby-Ray,3,0,3
Bobelinus,3,0,3
Bobola,3,0,3
Bochenna,0,3,3
Bodeslaw,3,0,3
Bodet,0,3,3
Bodhan,3,0,3
Bodhi-Jax,3,0,3
Bodhine,0,3,3
Bodhisattva,3,0,3
Bódi,3,3,6
Bodiam,3,0,3
Bodieh,0,3,3
Bodiem,3,3,6
Bodijne,0,3,3
Bodjèl,0,3,3
Bodwine,0,3,3
Bodyle,0,3,3
Bodylle,0,3,3
Boeang,3,0,3
Boeby,3,0,3
Boediono,3,0,3
Boeije,3,0,3
Boelechien,0,3,3
Boelechina,0,3,3
Boelen,3,0,3
Boëlla,0,3,3
Boellina,0,3,3
Boelsje,0,3,3
Boelwijna,0,3,3
Boem,3,3,6
Boeng,3,0,3
Boeno,3,0,3
Boeran,3,0,3
Boethilda,0,3,3
Boëy,3,3,6
Boezer,3,0,3
Bofaya,3,0,3
Bofri,3,0,3
Boğaç,3,0,3
Bogaçhan,3,0,3
Boglárka,0,3,3
Bogna,0,3,3
Bogumiła,0,3,3
Bogus,3,0,3
Bogusia,0,3,3
Bogusław,3,0,3
Bogyi,3,0,3
Bohan,3,0,3
Bohang,3,0,3
Bohème,3,3,6
Bohmae,0,3,3
Bohr,3,0,3
Boid,3,0,3
Boika,3,0,3
Boisé,3,3,6
Boise,3,3,6
Bojenna,0,3,3
Bojin,0,3,3
Bojke,3,0,3
Bokjen,0,3,3
Bol,3,0,3
Bolanle,3,3,6
Bolaños,0,3,3
Bolding,3,0,3
Boldrup,3,3,6
Boldus,3,0,3
Bolijn,0,3,3
Bolislave,3,0,3
Bolt,3,0,3
Bolte,3,0,3
Bombay,3,0,3
Bomi,0,3,3
Bommy,3,0,3
Bonafacia,3,3,6
Bonafatius,3,0,3
Bonaire,0,3,3
Bonaly,0,3,3
Bonard,3,0,3
Bondi,3,0,3
Bondie,3,0,3
Bondiena,0,3,3
Bondo,3,3,6
Bonefita,0,3,3
Boneventure,3,3,6
Bongart,3,0,3
Bonicia,0,3,3
Bonifas,3,0,3
Bonise,0,3,3
Bonitã,0,3,3
Bonnalie,0,3,3
Bonnard,3,0,3
Bonnefacius,3,0,3
Bonnito,3,0,3
Bontor,0,3,3
Boothe,3,0,3
Borach,3,0,3
Borak,3,0,3
Borbàla,0,3,3
Borca,3,3,6
Borchard,3,0,3
Borgé,3,0,3
Borgenstierna,0,3,3
Borgerdina,0,3,3
Borgharda,0,3,3
Borghart,3,0,3
Bori,3,0,3
Borika,0,3,3
Borina,0,3,3
Borislavj,3,0,3
Borislavova,0,3,3
Borisov,3,0,3
Borisovitch,3,0,3
Borisovitsj,3,0,3
Borko,3,0,3
Borok,0,3,3
Boromea,0,3,3
Boromeus,3,0,3
Borres,3,3,6
Borric,3,0,3
Borromeüs,3,0,3
Borromëus,3,0,3
Boruch,3,0,3
Borzok,3,0,3
Boschra,0,3,3
Bosio,0,3,3
Bosra,0,3,3
Bostan,3,3,6
Bostel,3,0,3
Botaïna,0,3,3
Botaina,0,3,3
Bothe,3,0,3
Botwin,3,0,3
Bouchienes,3,0,3
Bouco,3,0,3
Bouda,0,3,3
Boudein,3,0,3
Boudewiene,0,3,3
Boudewijne,3,3,6
Boudeyn,3,0,3
Boudouin,3,0,3
Boudyn,0,3,3
Bouina,0,3,3
Boujama,3,0,3
Boujemaâ,3,0,3
Boujoca,0,3,3
Boukeliene,0,3,3
Boukewine,0,3,3
Boukjen,0,3,3
Bouky,0,3,3
Boule,3,0,3
Boulenouar,3,0,3
Bounouar,3,0,3
Bountouraby,0,3,3
Bourhan,3,0,3
Bouricius,3,0,3
Bouritius,3,0,3
Bourne,3,0,3
Boushra,0,3,3
Bousma,3,0,3
Bousso,0,3,3
Bouterse,3,0,3
Bouthaina,0,3,3
Boutrous,3,3,6
Bouwdien,0,3,3
Bouwe-Jan,3,0,3
Bouwena,0,3,3
Bouwer,3,0,3
Bouwgiena,0,3,3
Bouwgina,0,3,3
Bouwienes,3,0,3
Bouwinda,0,3,3
Bouwkina,0,3,3
Bouwlina,0,3,3
Bouwyn,3,3,6
Bouya,0,3,3
Bowdyn,3,0,3
Bowena,0,3,3
Bowenn,0,3,3
Boyack,3,0,3
Boyca,0,3,3
Boydt,3,0,3
Boyèn,3,3,6
Boyenna,0,3,3
Boyou,3,3,6
Boyte,3,0,3
Boyu,3,0,3
Bozana,0,3,3
Božana,0,3,3
Bozèna,0,3,3
Bozenka,0,3,3
Boženka,0,3,3
Bozimbo,3,0,3
Bozo,3,0,3
BPM,3,3,6
Brace,3,0,3
Brachah,0,3,3
Brad-Lee,3,0,3
Bradin,3,0,3
Bradt,3,0,3
Bradtley,3,0,3
Bradyn,3,0,3
Braedan,3,0,3
Braedon,3,0,3
Braelyn,0,3,3
Bragi,3,0,3
Bragt,3,0,3
Braidey,3,0,3
Braien,3,0,3
Brailey,3,0,3
Brainer,3,0,3
Brajhan,3,0,3
Bralyson,3,0,3
Bram-Jan,3,0,3
Brama,3,0,3
Bramdina,0,3,3
Brammie,3,3,6
Brân,3,0,3
Branagh,3,0,3
Branci,0,3,3
Brand-jan,3,0,3
Brandal,3,0,3
Brandiena,0,3,3
Brandona,0,3,3
Brandus,3,0,3
Branke,3,3,6
Brankica,0,3,3
Brannan,3,0,3
Brano,3,0,3
Branson,3,0,3
Branwyn,0,3,3
Brasha,0,3,3
Brasilia,0,3,3
Brasley,3,3,6
Brattley,3,0,3
Brax,3,0,3
Braylan,3,0,3
Braylee,3,3,6
Brayley,3,0,3
Braylison,3,0,3
Braylon,3,0,3
Braynt,3,0,3
Braysen,3,0,3
Bré,3,3,6
Bréanne,0,3,3
Brearley,0,3,3
Breaux,3,0,3
Brechine,0,3,3
Brechitta,0,3,3
Brechtild,0,3,3
Breciano,3,0,3
Bred,3,0,3
Bredana,0,3,3
Bredi,3,0,3
Bredly,3,0,3
Breggine,0,3,3
Breght,3,0,3
Bregien,0,3,3
Bregiete,0,3,3
Bregietta,0,3,3
Brégine,0,3,3
Breginus,3,0,3
Bregtha,0,3,3
Bregytta,0,3,3
Breine,0,3,3
Brendal,3,0,3
Brendall,3,0,3
Brendalyn,0,3,3
Brendele,0,3,3
Brendien,0,3,3
Brendis,3,3,6
Brendtly,3,0,3
Brennah,0,3,3
Brennes,3,0,3
Brent-Peter,3,0,3
Brenta,0,3,3
Brentano,3,0,3
Brente,0,3,3
Brentina,0,3,3
Brentnal,3,0,3
Brera,3,3,6
Brescia,0,3,3
Breshna,0,3,3
Bresker,3,0,3
Bresse,0,3,3
Bretta,0,3,3
Brettney,0,3,3
Breun,3,3,6
Breuna,0,3,3
Breunesje,0,3,3
Breyan,3,0,3
Breyaunne,0,3,3
Breyon,3,0,3
Brezï,0,3,3
Bri-Ann,0,3,3
Bri-Anne,0,3,3
Brian-Ray,3,0,3
Brian-Roy,3,0,3
Briant,3,0,3
Briantely,0,3,3
Briany,0,3,3
Briayen,3,0,3
Bricky,3,3,6
Brida,0,3,3
Bridgid,0,3,3
Bridgitt,0,3,3
Bridj,3,0,3
Bridjkisoor,3,0,3
Bridjmohan,3,0,3
Briedj,3,0,3
Briegida,0,3,3
Briella,0,3,3
Brièlle,0,3,3
Briena,0,3,3
Brienie,3,0,3
Briët,0,3,3
Briëtt,0,3,3
Briëtte,0,3,3
Brieuc,3,0,3
Briget,0,3,3
Brigidda,3,3,6
Brigiette,0,3,3
Brigithe,0,3,3
Brigitti,0,3,3
Brigritte,0,3,3
Briian,3,0,3
Brillant,3,0,3
Brima,3,0,3
Brimah,3,3,6
Brina,0,3,3
Brinkfriede,0,3,3
Brinkman,3,0,3
Brinno,3,0,3
Briona,0,3,3
Bris,3,0,3
Briscilla,0,3,3
Brisea,0,3,3
Briséïs,0,3,3
Brisha,0,3,3
Brishpati,0,3,3
Brithny,0,3,3
Brito,3,0,3
Britt-Louise,0,3,3
Britt-Sophie,0,3,3
Brittan,3,3,6
Brittanique,0,3,3
Britteny,0,3,3
Briyana,0,3,3
Briyanna,0,3,3
Bro,3,0,3
Brode,3,0,3
Broder,3,0,3
Broeno,3,0,3
Broers,3,0,3
Broery,3,0,3
Broeska,3,3,6
Broly,3,0,3
Bronagh,0,3,3
Bronhilde,0,3,3
Broni,3,3,6
Bronislav,3,0,3
Bronke,3,3,6
Bronnetta,0,3,3
Bronnie,3,0,3
Bronson,3,0,3
Bronthe,0,3,3
Brontheis,3,0,3
Bronthy,0,3,3
Bronti,0,3,3
Bronwynn,0,3,3
Brook,3,3,6
Brooke-Lynn,0,3,3
Brookelynn,0,3,3
Brorda,0,3,3
Brordus,3,0,3
Broy,3,0,3
Bru,3,0,3
Brua,3,0,3
Bruggina,0,3,3
Brugginus,3,0,3
Brugtje,0,3,3
Brugts,3,0,3
Bruindina,0,3,3
Bruïne,3,0,3
Bruines,3,0,3
Bruinetha,0,3,3
Bruinhilde,0,3,3
Bruinisje,0,3,3
Bruist,3,0,3
Brummer,3,0,3
Brün,0,3,3
Brunahilde,0,3,3
Brunaldus,3,0,3
Brunardus,3,0,3
Brundt,3,0,3
Brünette,0,3,3
Bruning,3,0,3
Brunno,3,0,3
Brunolf,3,0,3
Brunotte,3,3,6
Bruns,3,0,3
Brusten,3,0,3
Brut,3,0,3
Bruwah,0,3,3
Brwa,3,0,3
Bryano,3,0,3
Bryari,0,3,3
Brydon,3,0,3
Bryella,0,3,3
Brygith,0,3,3
Bryleigh,0,3,3
Bryna,0,3,3
Brynner,3,0,3
Brynnin,0,3,3
Bryonne,0,3,3
Bryse,3,0,3
Brysen,3,0,3
Brysun,3,0,3
Btisaam,0,3,3
Bubakar,3,0,3
Bucardo,3,0,3
Buchra,0,3,3
Bucks,3,0,3
Budhy,3,0,3
Budiarto,3,0,3
Budijanto,3,0,3
Budimir,3,0,3
Budu,3,0,3
Buengo,3,3,6
Büffy,3,0,3
Bugatti,3,3,6
Buhejer,3,3,6
Bui,3,0,3
Bujari,3,0,3
Buju,3,0,3
Buka,3,3,6
Buke,0,3,3
Büke,0,3,3
Bukhaari,3,0,3
Bukuru,3,3,6
Bul,3,0,3
Büllent,3,0,3
Bum,3,0,3
Bundi,0,3,3
Bune,3,3,6
Buneta,0,3,3
Bungsu,3,0,3
Bunita,0,3,3
Bünyami,3,0,3
Bünyemin,3,0,3
Buo,3,0,3
Burakcan,3,0,3
Buran,3,0,3
Burchardine,0,3,3
Burchardinus,3,0,3
Burckhard,3,0,3
Burd,3,0,3
Burdey,0,3,3
Burdin,3,0,3
Burdina,0,3,3
Buren,3,0,3
Burgart,3,0,3
Burghardis,3,0,3
Burgi,0,3,3
Burgijna,0,3,3
Burgo,3,0,3
Burgretta,0,3,3
Burhaneddin,3,0,3
Burhanetdin,3,0,3
Burhaniye,0,3,3
Burim,3,0,3
Burna,0,3,3
Burnadette,0,3,3
Burnell,3,3,6
Burnie,3,0,3
Burnise,0,3,3
Burre,3,0,3
Burry,3,3,6
Buruma,3,3,6
Burush,0,3,3
Büse,0,3,3
Busisiwe,0,3,3
Busken,3,0,3
Būşra,0,3,3
Bustria,3,0,3
Butoyi,3,3,6
Butroes,0,3,3
Buurenstein,3,0,3
Buwald,3,0,3
Bux,3,0,3
Buzio,3,0,3
Bwalya,3,0,3
Byela,0,3,3
Bylal,3,0,3
Byne,0,3,3
Byonce,0,3,3
Byren,3,0,3
Byrge,3,3,6
Byril,0,3,3
Bøgeskov,0,3,3
B'langino,3,0,3
B'lanna,0,3,3
B'ninu,3,0,3
B'racha,0,3,3
B'Ronqz,3,0,3
Ba'Alawi,0,3,3
Ba-el,3,0,3
Ba-Sina,3,0,3
Baäba,3,0,3
Baaba,0,3,3
Baadal,3,0,3
Baadian,3,0,3
Baadshah,3,0,3
Baaée,0,3,3
Baafi,3,0,3
Baahwaa,0,3,3
Baaie,0,3,3
Baais,3,0,3
Baaje,0,3,3
Baaker,3,0,3
Baalianca,0,3,3
Baalkrishna,3,0,3
Baana,0,3,3
Baanu,0,3,3
Baany,0,3,3
Baarae,0,3,3
Baardhoudt,3,0,3
Baardjes,3,0,3
Baardthout,3,0,3
Baarend,3,0,3
Baarin,0,3,3
Baarish,3,0,3
Baars,3,0,3
Baarsam,3,0,3
Baarsatdebie,0,3,3
Baartina,0,3,3
Baaruud,3,0,3
Baasat,3,0,3
Baashe,3,0,3
Baashi,0,3,3
Baasnne,0,3,3
Baatar,3,0,3
Baattina,0,3,3
Baauw,3,0,3
Baauwk,3,0,3
Baawa,0,3,3
Baayen,3,0,3
Baayla,0,3,3
Baazi,3,0,3
Bab-Berthe,0,3,3
Baba-Dessa,0,3,3
Baba-Tude,3,0,3
Babacan,3,0,3
Babadag,3,0,3
Babah,3,0,3
Babahna,0,3,3
Babai,0,3,3
Bâbak,3,0,3
Babali,3,0,3
Babalon,0,3,3
Babankalair,3,0,3
Babat,0,3,3
Babatie,0,3,3
Babatope,3,0,3
Babatsch,3,0,3
Babatude,0,3,3
Babatundé,3,0,3
Babbar,3,0,3
Babbe-Daijus,3,0,3
Babbelot,0,3,3
Babbën,0,3,3
Babbes,0,3,3
Babbeth,0,3,3
Babbichon,0,3,3
Babbo,3,0,3
Babby,3,0,3
Babeau,3,0,3
Babelonia,0,3,3
Babelot,0,3,3
Baben,3,0,3
Babenesha,3,0,3
Baberino,3,0,3
Baberoeska,0,3,3
Bábète,0,3,3
Babethje,0,3,3
Babetthe,0,3,3
Babetti,0,3,3
Babich,0,3,3
Babicha,0,3,3
Babiche-Aimé,0,3,3
Babie,3,0,3
Babieke,0,3,3
Babiena,0,3,3
Babies,3,0,3
Babiesz,0,3,3
Babieta,0,3,3
Babik,3,0,3
Babila,3,0,3
Babilina,0,3,3
Babilon,3,0,3
Babilonia,0,3,3
Babin-Su,0,3,3
Babique,0,3,3
Babirye,0,3,3
Babischka,0,3,3
Babisha,0,3,3
Babken,3,0,3
Babla,3,0,3
Babli,0,3,3
Babloo,3,0,3
Bably,0,3,3
Baboechka,0,3,3
Baboehoekemsing,3,0,3
Baboershah,3,0,3
Baboes,0,3,3
Baboesjka,0,3,3
Baboet,3,0,3
Babor,3,0,3
Baboucarr,3,0,3
Baboun,0,3,3
Babouschka,0,3,3
Baboyoma,0,3,3
Babrak,3,0,3
Babro,0,3,3
Babrudin,3,0,3
Babruska,0,3,3
Babs-Rosalie,0,3,3
Babsie,0,3,3
Babske,0,3,3
Babtiestus,0,3,3
Babtiste,3,0,3
Babtistia,0,3,3
Bâbür,3,0,3
Baburşah,3,0,3
Babushka,0,3,3
Babyangelly,0,3,3
Babyl,0,3,3
Babylonië,0,3,3
Babynke,0,3,3
Bac,3,0,3
Baccara,0,3,3
Baccio,3,0,3
Bach-Duyen,0,3,3
Bach-Phung,0,3,3
Bachaar,3,0,3
Bache,0,3,3
Bacheeva,0,3,3
Bachera,0,3,3
Bachira,0,3,3
Bachiri,3,0,3
Bachisio,3,0,3
Bachnu,3,0,3
Bachtyar,3,0,3
Bachtyara,0,3,3
Bacilica,0,3,3
Bacilius,3,0,3
Bacillia,0,3,3
Back,0,3,3
Backr,3,0,3
Bacon,3,0,3
BaCorné,3,0,3
Badadiy,3,0,3
Badain,0,3,3
Badalina,0,3,3
Badamnyam,0,3,3
Badaoui,3,0,3
Badar-Ul,3,0,3
Badara,3,0,3
Badara-Sajah,3,0,3
Badardin,3,0,3
Badare,3,0,3
Badawe,0,3,3
Badawy,3,0,3
Badbaado,0,3,3
Badda,0,3,3
Baddelien,0,3,3
Baddelina,0,3,3
Badderdene,3,0,3
Baddra,0,3,3
Bâde,0,3,3
Bade-Nur,0,3,3
Badea,0,3,3
Badeah,3,0,3
Badel,0,3,3
Bademy,0,3,3
Bader-Eddin,3,0,3
Baderaddin,3,0,3
Baderdien,3,0,3
Badereddin,0,3,3
Baderedin,3,0,3
Baderha,3,0,3
Badesu,0,3,3
Badger,3,0,3
Badhaaso,3,0,3
Badhasso,3,0,3
Badhel,3,0,3
Badi',3,0,3
Badiâ,0,3,3
Badianjila,0,3,3
Badiena,0,3,3
Badier,3,0,3
Badiesong,3,0,3
Badieye,3,0,3
Badiha,0,3,3
Badillo,3,0,3
Badimba,0,3,3
Badin,3,0,3
Badintorn,3,0,3
Badio,3,0,3
Badirah,0,3,3
Badis,3,0,3
Badist,3,0,3
Badiz,3,0,3
Badjau,3,0,3
Badje,0,3,3
Badji,3,0,3
Badjiprando,3,0,3
Badjnath,3,0,3
Badjosh,3,0,3
Badola,3,0,3
Badora,0,3,3
Badoua,3,0,3
Badr-eddin,3,0,3
Badr-Edin,3,0,3
Badr-Edinne,3,0,3
Badraa,0,3,3
Badradden,3,0,3
Badrae,0,3,3
Badrddine,3,0,3
Badrdinne,3,0,3
Badredaine,3,0,3
Badreia,0,3,3
Badrel,0,3,3
Badrelddin,3,0,3
Badrelden,3,0,3
Badreldin,3,0,3
Badresaoud,0,3,3
Badriah,0,3,3
Badriden,3,0,3
Badrie,3,0,3
Badriya,0,3,3
Badriyah,0,3,3
Badroenisa,0,3,3
Badroennisa,0,3,3
Badruddin,3,0,3
Badrudün,3,0,3
Badséba,0,3,3
Badseba-Ann,0,3,3
Badsja,3,0,3
Badua,0,3,3
Baduh,0,3,3
Baduhenna,0,3,3
Badushan,3,0,3
Badushe,0,3,3
Baduy,3,0,3
Bady,0,3,3
Badya,0,3,3
Bae-Novelle,0,3,3
Baeau,0,3,3
Baefke,0,3,3
Baeija,0,3,3
Baeije,0,3,3
Baelana,0,3,3
Baeldert,3,0,3
Baeley,0,3,3
Baelian,3,0,3
Baelor,3,0,3
Baemnet,0,3,3
Baëna,0,3,3
Baéna,3,0,3
Baenna,0,3,3
Baér,3,0,3
Baër,3,0,3
Baerend,3,0,3
Baèrke,0,3,3
Baerlas,3,0,3
Baës,3,0,3
Baesa,0,3,3
Baesjou,3,0,3
Baet,3,0,3
Baeto,3,0,3
Baf,3,0,3
Bafaya,0,3,3
Bafel,3,0,3
Baffie,0,3,3
Baffo,3,0,3
Baffoaah,0,3,3
Baffoah,0,3,3
Baffoh,3,0,3
Baffour-Tachie,3,0,3
Bafi,3,0,3
Bafo,3,0,3
Bafoode,3,0,3
Bafou,3,0,3
Bafowah,0,3,3
Bafrin,0,3,3
BAG,0,3,3
Baga,3,0,3
Bagan,0,3,3
Bagani,3,0,3
Baganly,3,0,3
Bagar,3,0,3
Bagastya,3,0,3
Bagatnan,0,3,3
Bagayoko,3,0,3
Bager,3,0,3
Baggío,3,0,3
Baghar,0,3,3
Baghdadi,3,0,3
Baghdady,3,0,3
Baghtiyaar,3,0,3
Bagia,0,3,3
Baĝin,3,0,3
Bagina,0,3,3
Bagio,3,0,3
Bagir,3,0,3
Bagiroen,3,0,3
Bağiş,3,0,3
Bagkari,3,0,3
BAGN,3,0,3
Bagoes,3,0,3
Bagshenda,3,0,3
Bagt,0,3,3
Bagtalo,3,0,3
Bagter,3,0,3
Bagtowar,3,0,3
Bagtyar,3,0,3
Bagum,0,3,3
Bagusetya,3,0,3
Baguze,0,3,3
Bagwantia,0,3,3
Baha-Eddine,3,0,3
Baha-Oeddin,3,0,3
Bahaá,3,0,3
Bahaâ,3,0,3
Bahaäeddine,3,0,3
Bahad,3,0,3
Bahader,3,0,3
Bahadirhan,3,0,3
Bahaeddincan,3,0,3
Bahaeldien,3,0,3
Bahaettin,3,0,3
Bahagia,0,3,3
Bahamin,3,0,3
Bahand,3,0,3
Bahānūr,3,0,3
Bahàr,0,3,3
Baharan,0,3,3
Bahareh,0,3,3
Baharek,0,3,3
Bahargülü,0,3,3
Bahari,0,3,3
Baharsjah,3,0,3
Bahasht,0,3,3
Bahassan,3,0,3
Bahast,3,0,3
Bahâüddin,3,0,3
Bahdan,3,0,3
Bahdiyar,3,0,3
Bahea,0,3,3
Baheej,3,0,3
Bahendra,3,0,3
Baheramsjah,3,0,3
Bahesta,0,3,3
Baheza,0,3,3
Bahget,3,0,3
Bahghi,0,3,3
Bahhe,3,0,3
Bahidje,0,3,3
Bahie,3,0,3
Bahini,0,3,3
Bahisja,0,3,3
Bahittin,3,0,3
Bahiyyeh,0,3,3
Bahizar,0,3,3
Bahizi,3,0,3
Bahjo,0,3,3
Bahloo,0,3,3
Bahmaan,3,0,3
Bahnaan,3,0,3
Bahnan,3,0,3
Bahnasy,3,0,3
Baho,3,0,3
Bahooz,3,0,3
Bahoré,3,0,3
Bahr,0,3,3
Bahra,3,0,3
Bahrie,3,0,3
Bahrija,3,0,3
Bahris,3,0,3
Bahriyenaz,0,3,3
Bahru,0,3,3
Bahrudin,3,0,3
Bahrul,3,0,3
Bahsoon,0,3,3
Bahta,3,0,3
Bahti,0,3,3
Bahtijar,3,0,3
Bahtije,0,3,3
Bahtim,0,3,3
Bahtinur,0,3,3
Bahtişen,0,3,3
Bahtizar,0,3,3
Bahtyar,3,0,3
Bahzet,3,0,3
Bahzin,0,3,3
Baïa,0,3,3
Baiame,0,3,3
Baiao,3,0,3
Baichun,3,0,3
Baidjiem,3,0,3
Baidoo,0,3,3
Baidy,3,0,3
Baifreun,0,3,3
Baifun,0,3,3
Baihe,0,3,3
Baijah,3,0,3
Baijantidevi,0,3,3
Baijke,0,3,3
Baijla,0,3,3
Baijoe,3,0,3
Baijro,3,0,3
Baikal,3,0,3
Baikauw,3,0,3
Baiko,3,0,3
Bailando,3,0,3
Bailela,0,3,3
Bailey-Angelica,0,3,3
Bailey-Lynn,0,3,3
Baileyan,3,0,3
Baili,3,0,3
Bailing,0,3,3
Baille,0,3,3
Baillo,0,3,3
Baillou,0,3,3
Bailoh,3,0,3
Bailyshiane,0,3,3
Baima,0,3,3
Baimba,3,0,3
Bain-Sut,0,3,3
Baïna,3,0,3
Bainah,0,3,3
Baine,0,3,3
Baingeiin,0,3,3
Baingio,3,0,3
Baino,3,0,3
Baint,3,0,3
Baira,0,3,3
Bairavy,0,3,3
Bairhum,3,0,3
Bais,0,3,3
Baisangur,3,0,3
Baisha,0,3,3
Baisie,3,0,3
Baisy,3,0,3
Baít,0,3,3
Baithong,0,3,3
Baitske,0,3,3
Baitul,0,3,3
Baiye,3,0,3
Baiyi,3,0,3
Baiyron,3,0,3
Baiyu,0,3,3
Baj,3,0,3
Baja,0,3,3
Bajam,3,0,3
Bajan,0,3,3
Bajinder,3,0,3
Bajiri,0,3,3
Bajnok,3,0,3
Bajoesoe,3,0,3
Bajoura,0,3,3
Bajr,3,0,3
Bajra,3,0,3
Bajramsa,0,3,3
Bajrang-bali,3,0,3
Bajro,3,0,3
Bajrush,3,0,3
Bajus,3,0,3
Bajusu,3,0,3
Bakai,3,0,3
Bakal,3,0,3
Bakala,0,3,3
Bakambo,0,3,3
Bakambu,3,0,3
Bakaou,0,3,3
Bakara,0,3,3
Bakarr,3,0,3
Bakatulu,0,3,3
Bakay,3,0,3
Bakenam,0,3,3
Bakhar,3,0,3
Bakhit,0,3,3
Bakhita,0,3,3
Bakhtawer,0,3,3
Bakia,0,3,3
Bakiefe,3,0,3
Bakihan,3,0,3
Bakinam,0,3,3
Bakinaz,0,3,3
Bakır,3,0,3
Bakiri,3,0,3
Bakış,3,0,3
Bakkar,3,0,3
Bakker,3,0,3
Bakkeralsader,3,0,3
Bakkies,3,0,3
Bakoi,3,0,3
Bakoto,0,3,3
Bakreen,3,0,3
Bakridan,0,3,3
Baktage,3,0,3
Baktasch,3,0,3
Bâkü,3,0,3
Bakûr,3,0,3
Balaam,3,0,3
Balachander,3,0,3
Baladewa,3,0,3
Baladine,0,3,3
Balagade,3,0,3
Balagizi,3,0,3
Balaj,3,0,3
Balaji,3,0,3
Balala,3,0,3
Balam,3,0,3
Balambula,3,0,3
Balami,3,0,3
Balamir,3,0,3
Balân,0,3,3
Balance,0,3,3
Balankrishnan,3,0,3
Balanta,3,0,3
Balarabey,3,0,3
Balasja,0,3,3
Balastain,3,0,3
Balasubramaniam,3,0,3
Bálàsz,3,0,3
Balaton,3,0,3
Balay,3,0,3
Balaydin,3,0,3
Balazs,3,0,3
Balbier,3,0,3
Balbine,0,3,3
Balbir,3,0,3
Balcombe,0,3,3
Baldah,3,0,3
Baldauwina,0,3,3
Baldegundis,0,3,3
Baldeow,3,0,3
Balderica,0,3,3
Balderick,3,0,3
Balderzina,0,3,3
Baldha,0,3,3
Baldi,3,0,3
Baldien,0,3,3
Baldiena,0,3,3
Baldimir,3,0,3
Baldino,3,0,3
Baldinus,3,0,3
Baldoinio,3,0,3
Baldomera,0,3,3
Baldowin,3,0,3
Balduine,0,3,3
Balduwin,0,3,3
Balduwinus,3,0,3
Baledina,0,3,3
Baleen,0,3,3
Baleke,0,3,3
Balela,0,3,3
Balemawa,3,0,3
Balenda,0,3,3
Balentin,3,0,3
Baleria,0,3,3
Baletta,0,3,3
Balèyn,3,0,3
Balfas,3,0,3
Balgiis,0,3,3
Balgiiso,0,3,3
Balgis,0,3,3
Balgisa,0,3,3
Balgobind,3,0,3
Balice,3,0,3
Balida,0,3,3
Balig,3,0,3
Balín,3,0,3
Balios,3,0,3
Balipa,3,0,3
Balirwawan,0,3,3
Balizza,0,3,3
Baljeet,3,0,3
Baljinder,0,3,3
Baljot,3,0,3
Balkacem,3,0,3
Balkaran,3,0,3
Balkarn,3,0,3
Balkis,0,3,3
Balkisoor,3,0,3
Balkisse,0,3,3
Balkiz,0,3,3
Balkrishan,3,0,3
Balkrishnan,3,0,3
Balla,3,0,3
Ballal,3,0,3
Ballèn,3,0,3
Ballerina,0,3,3
Ballestero,3,0,3
Balley,0,3,3
Balli,3,0,3
Ballihan,0,3,3
Ballinda,0,3,3
Balloe,0,3,3
Baloeska,0,3,3
Balomba,0,3,3
Balór,3,0,3
Balot,0,3,3
Balou-Cato,0,3,3
Balousha,0,3,3
Balouta,0,3,3
Balqiisa,0,3,3
Balquis,0,3,3
Balramsing,3,0,3
Balramsingh,3,0,3
Balraz,3,0,3
Balrene,0,3,3
Balroop,3,0,3
Balsamo,3,0,3
Balsemien,0,3,3
Balsemin,0,3,3
Balsina,0,3,3
Balssam,0,3,3
Baltamine,0,3,3
Baltarzar,3,0,3
Baltelmina,0,3,3
Baltera,0,3,3
Balterinus,3,0,3
Balterus,3,0,3
Baltezar,3,0,3
Baltha,0,3,3
Balthasara,0,3,3
Balthasarina,0,3,3
Balthazaar,0,3,3
Balthazara,0,3,3
Balthazare,3,0,3
Balthazer,3,0,3
Balthazerine,0,3,3
Balthe,3,0,3
Balther,3,0,3
Balthezar,0,3,3
Balthie,3,0,3
Balthimor,3,0,3
Balthusar,3,0,3
Baltoan,3,0,3
Baltoro,3,0,3
Baltrienus,3,0,3
Baltser,3,0,3
Baltum,3,0,3
Balturinus,3,0,3
Baltusa,0,3,3
Baltusiano,3,0,3
Baltuzaar,0,3,3
Baltwin,3,0,3
Baluba,0,3,3
Balvara,0,3,3
Balvinder,0,3,3
Balvirsingh,3,0,3
Balwandsingh,3,0,3
Balwansing,3,0,3
Balwansingh,3,0,3
Balwina,0,3,3
Balwir,3,0,3
Baly,0,3,3
Bambawola,0,3,3
Bambine,0,3,3
Bambo,3,0,3
Bambo-Salim,3,0,3
Bamda,3,0,3
Bamenga,0,3,3
Bamfoe,3,0,3
Bamho,3,0,3
Bamidale,3,0,3
Bamilack,3,0,3
Bamme,3,0,3
Bammert,3,0,3
Bamonangazo,0,3,3
Bampa,3,0,3
Bamsi,0,3,3
Bamulumbye,3,0,3
Bamweyana,3,0,3
Bamwo,3,0,3
Banafsche,0,3,3
Banafshéh,0,3,3
Banafsja,0,3,3
Banahene,3,0,3
Banakourou,0,3,3
Banaras,3,0,3
Banardi,0,3,3
Banaris,3,0,3
Banawit,0,3,3
Banay,0,3,3
Banc,3,0,3
Bancha,3,0,3
Bancho,3,0,3
Bancy,0,3,3
Bandaï,3,0,3
Bandana,0,3,3
Bandao,3,0,3
Bandaogo,0,3,3
Bandaso,3,0,3
Bandek,3,0,3
Bandele,3,0,3
Bander,3,0,3
Bandero,3,0,3
Bandey,3,0,3
Bandhna,0,3,3
Bandhoe,3,0,3
Bandhu,3,0,3
Bándi,3,0,3
Bandicka,0,3,3
Bandid,3,0,3
Bandini,0,3,3
Bandiou,3,0,3
Bandit,3,0,3
Bandjan,3,0,3
Bandjone,0,3,3
Bandoeng,3,0,3
Bandric,3,0,3
Bandu,3,0,3
Bandulu,3,0,3
Bandy,3,0,3
Baneet,0,3,3
Baneisa,3,0,3
Banele,0,3,3
Banesa,3,0,3
Banfo,3,0,3
Banfoah,0,3,3
Banfumu,0,3,3
Bangalee,3,0,3
Bangoché,3,0,3
Bangoura,3,0,3
Bangun,3,0,3
Banhoe,0,3,3
Bania,3,0,3
Baniah,0,3,3
Banias,3,0,3
Baniasia,0,3,3
Banieh,0,3,3
Banien,0,3,3
Banipal,3,0,3
Banirie,0,3,3
Banisha,0,3,3
Banitro,3,0,3
Banja,3,0,3
Banjaert,3,0,3
Banje,3,0,3
Banjor,3,0,3
Banka,0,3,3
Bankazi,3,0,3
Banke,0,3,3
Bankeres,3,0,3
Bankras,3,0,3
Bankratius,3,0,3
Bannenberg,0,3,3
Bannett,3,0,3
Bannie,3,0,3
Bannihou,0,3,3
Banniou,3,0,3
Bannor,3,0,3
Banoatie,0,3,3
Banoena,0,3,3
Banosa,3,0,3
Bânou,0,3,3
Banoub,3,0,3
Banout,3,0,3
Bansal,0,3,3
Bansawang,3,0,3
Bansidar,3,0,3
Bansideuw,3,0,3
Bansidhar,3,0,3
Bansmeet,3,0,3
Bansradj,3,0,3
Bansradji,0,3,3
Bansta,3,0,3
Bänt,3,0,3
Bant,3,0,3
Bantahi,3,0,3
Banten,3,0,3
Banter,0,3,3
Banti,3,0,3
Bantigue,3,0,3
Bantjie,3,0,3
Bantley,3,0,3
Bantu,3,0,3
Banû,0,3,3
Bãnu,0,3,3
Bânû,0,3,3
Banú,0,3,3
Banuçiçek,0,3,3
Banuhan,0,3,3
Banumathy,0,3,3
Banunur,0,3,3
Banupereya,0,3,3
Banuša,0,3,3
Banushan,3,0,3
Banut,0,3,3
Banut-Sabine,0,3,3
Banuya,0,3,3
Banwari,3,0,3
Banya,0,3,3
Banyan,3,0,3
Banyar,3,0,3
Banyonya,3,0,3
Banyu,3,0,3
Banza,3,0,3
Banzai,0,3,3
Baò,3,0,3
Bão,0,3,3
Bao-Anh,3,0,3
Bao-Lan,0,3,3
Bao-Ren,3,0,3
Bao-Xi,0,3,3
Bao-Yie,0,3,3
Bao-Yun,0,3,3
Baoer,0,3,3
Baojie,0,3,3
Baojinn,3,0,3
Baongam,3,0,3
Baongoc,0,3,3
BaoPhuc,3,0,3
Baoxin,0,3,3
Bapalesy,3,0,3
Bapaphi,3,0,3
Bapinderdath,3,0,3
Bapmoni,3,0,3
Bapthista,3,0,3
Baptis,3,0,3
Baptise,3,0,3
Baptisius,3,0,3
Baptisma,0,3,3
Baptistae,3,0,3
Baptistha,3,0,3
Baptistine,0,3,3
Baptixt,3,0,3
Baqer,3,0,3
Bar-Bart,3,0,3
Bar-Joep,3,0,3
Bar-Lev,3,0,3
Bar-Mazal,3,0,3
Baraá,0,3,3
Baraä,0,3,3
Baraa'a,0,3,3
Baraaddine,3,0,3
Baraâh-Iqbal,0,3,3
Bárabbas,3,0,3
Barachéel,3,0,3
Barachia,3,0,3
Barad,3,0,3
Baraha,0,3,3
Barai,3,0,3
Barakah,0,3,3
Barakatu,0,3,3
Bârakêl,3,0,3
Barakyah,3,0,3
Baraldina,0,3,3
Baram,3,0,3
Baramia,0,3,3
Bârân,3,0,3
Baran-Arda,3,0,3
Baranca,0,3,3
Barancan,3,0,3
Barandina,0,3,3
Barandino,3,0,3
Baransson,3,0,3
Barantamije,3,0,3
Barão,0,3,3
Baras,3,0,3
Barata,0,3,3
Barath,3,0,3
Barati,0,3,3
Baratu,0,3,3
Barazka,0,3,3
Barbah,3,0,3
Barbala,0,3,3
Barbaléne,0,3,3
Barbaliena,0,3,3
Barbaline,0,3,3
Bárbara,0,3,3
Barbara-Allen,0,3,3
Barbara-Anna,0,3,3
Barbara-Bosie,0,3,3
Barbara-Carmen,0,3,3
Barbara-Ellen,0,3,3
Barbara-Joan,0,3,3
Barbara-Ruth,0,3,3
Barbara-Sophie,0,3,3
Barbarah-Anne,0,3,3
Barbaras,3,0,3
Barbardina,0,3,3
Barbarea,0,3,3
Barbarend,3,0,3
Barbaretta,0,3,3
Barbarette,0,3,3
Barbarico,3,0,3
Barbarine,0,3,3
Barbarrella,0,3,3
Barbas,3,0,3
Barbaste,3,0,3
Barbatus,3,0,3
Barbé,0,3,3
Barbedina,0,3,3
Bárbel,0,3,3
Bärbeli,0,3,3
Barbeline,0,3,3
Barbelique,0,3,3
Barbella,0,3,3
Barbendina,0,3,3
Bärber,0,3,3
Barber-Kilian,3,0,3
Barbera-Wilma,0,3,3
Barberah,0,3,3
Barberdine,0,3,3
Barberetta,0,3,3
Barberic,3,0,3
Barberina,0,3,3
Barberlina,0,3,3
Barbertinus,3,0,3
Barberus,3,0,3
Barbeth,0,3,3
Barbett,0,3,3
Barbi,0,3,3
Barbianne,0,3,3
Barble,0,3,3
Barblé,0,3,3
Barbolá,0,3,3
Barbóla,0,3,3
Barbra-Anne,0,3,3
Barbre,0,3,3
Barca,0,3,3
Barcarola,0,3,3
Barcatia,0,3,3
Barceló,3,0,3
Barçın,3,0,3
Barcino,3,0,3
Barco,3,0,3
Barcozina,0,3,3
Bard-Willem,3,0,3
Bardeaux,0,3,3
Bardeld,3,0,3
Bardelt,3,0,3
Bardem,3,0,3
Barden,3,0,3
Barder,3,0,3
Bardette,0,3,3
Bardha,0,3,3
Bardhi,3,0,3
Bardie,0,3,3
Bardiija,3,0,3
Bardin,3,0,3
Bardines,3,0,3
Bardis,3,0,3
Bardje,0,3,3
Bardó,3,0,3
Bardon,3,0,3
Bardt,3,0,3
Bardur,3,0,3
Bardynjo,3,0,3
Baré,3,0,3
Barea,0,3,3
Barechja,0,3,3
Barée,3,0,3
Bareen,0,3,3
Bareera,0,3,3
Bareerah,0,3,3
Barein,0,3,3
Barekaat,3,0,3
Bareld-Jan,3,0,3
Bareldke,0,3,3
Bareldlina,0,3,3
Bareline,0,3,3
Barelsina,0,3,3
Barend-Bart,3,0,3
Barend-Johannes,3,0,3
Barènda,0,3,3
Barende,0,3,3
Barènde,0,3,3
Barendieke,0,3,3
Barendina-Annelies,0,3,3
Barendinant,3,0,3
Barendiny,0,3,3
Barendjan,3,0,3
Barendjen,0,3,3
Barendsz,3,0,3
Barèndy,0,3,3
Barenette,0,3,3
Barennur,0,3,3
Barens,3,0,3
Barèntia,0,3,3
Baresh,3,0,3
Baresi,3,0,3
Baret,3,0,3
Baretta,0,3,3
Barey,3,0,3
Barfin,0,3,3
Barg,3,0,3
Barg-Antoine,3,0,3
Barge,3,0,3
Bargıran,3,0,3
Barhan,3,0,3
Bariah,0,3,3
Barian,3,0,3
Bariar,3,0,3
Barica,0,3,3
Barichello,3,0,3
Baridah,0,3,3
Baries,3,0,3
Bariha,0,3,3
Bariisa,0,3,3
Bariiso,3,0,3
Barij,3,0,3
Barijem,0,3,3
Barika,0,3,3
Barike,0,3,3
Barinda,0,3,3
Barine,0,3,3
Baring,3,0,3
Barinka,0,3,3
Barinya,0,3,3
Bariq,3,0,3
Baris-Efe,3,0,3
Barish,3,0,3
Barisina,0,3,3
Bariska,0,3,3
Barite,0,3,3
Bariya,0,3,3
Bariz,3,0,3
Barjalei,3,0,3
Barjarno,3,0,3
Barjees,0,3,3
Barjols,0,3,3
Barjon,3,0,3
Barjouhi,0,3,3
Barkaat,3,0,3
Barkach,0,3,3
Barkai,3,0,3
Barkat-Ali,3,0,3
Barke,3,0,3
Barkhadevi,0,3,3
Barki,0,3,3
Barkiova,3,0,3
Barkisu,0,3,3
Barkit,0,3,3
Barko,3,0,3
Barkos,3,0,3
Barleb,3,0,3
Barlebi,3,0,3
Barlewijn,3,0,3
Barlian,3,0,3
Barliantho,3,0,3
Barlin,0,3,3
Barlinda,0,3,3
Barlo,3,0,3
Barlof,3,0,3
Barlow,3,0,3
Barlyl,3,0,3
Barmaputri,0,3,3
Barmawathie,0,3,3
Barmeo,3,0,3
Bárnabas,3,0,3
Barnabe,3,0,3
Barnabê,0,3,3
Barnabette,0,3,3
Barnack,3,0,3
Barnadethe,0,3,3
Barnadetta,0,3,3
Barnadette,0,3,3
Barnadotte,0,3,3
Barnadus,3,0,3
Barnali,0,3,3
Barnanda,0,3,3
Barnardinus,3,0,3
Barndina,0,3,3
Barne,3,0,3
Barnebey,3,0,3
Barneby,3,0,3
Barnedet,3,0,3
Barnedette,0,3,3
Barnedina,0,3,3
Barnedine,0,3,3
Barneé,3,0,3
Barnei,0,3,3
Barnelia,0,3,3
Barneo,3,0,3
Barnerd,3,0,3
Barnesie,0,3,3
Barnet,3,0,3
Barniea,0,3,3
Barnier,3,0,3
Barnito,3,0,3
Barnnor,0,3,3
Barno,3,0,3
Barnout,3,0,3
Barnovus,3,0,3
Barns,3,0,3
Baro,3,0,3
Baroech,3,0,3
Barok,0,3,3
Barolda,0,3,3
Barolo,3,0,3
Baromeó,3,0,3
Barón,3,0,3
Barono,3,0,3
Baroto,3,0,3
Barousse,0,3,3
Barov,3,0,3
Barović,3,0,3
Barpagga,3,0,3
Barr,3,0,3
Barrabas,3,0,3
Barrack,3,0,3
Barrahgatoen,0,3,3
Barran,3,0,3
Barranca,0,3,3
Barrandina,0,3,3
Barraq,3,0,3
Barreca,0,3,3
Barredina,0,3,3
Barredo,3,0,3
Barreiro,3,0,3
Barrel,3,0,3
Barrelliena,0,3,3
Barret,3,0,3
Barrichello,3,0,3
Barrik,3,0,3
Barrilett,3,0,3
Barrilito,3,0,3
Barrillos,0,3,3
Barrimore,3,0,3
Barrita,0,3,3
Barromaeus,3,0,3
Barromëus,3,0,3
Bärry,3,0,3
Bárry,3,0,3
Barry-Jan,3,0,3
Barry-John,3,0,3
Barry-Lee,3,0,3
Barry-Maurice,3,0,3
Barry-Micha,3,0,3
Barryan,3,0,3
Barrychello,3,0,3
Barrysha,0,3,3
Bars,3,0,3
Barsaat,3,0,3
Barsabas,3,0,3
Barsaline,0,3,3
Barsan,3,0,3
Barsanofio,3,0,3
Barsatie,3,0,3
Barsaumo,3,0,3
Barsavmo,3,0,3
Barsawmo,3,0,3
Barsbay,3,0,3
Barsel,3,0,3
Barsin,3,0,3
Barsinia,0,3,3
Barsis,3,0,3
Barsom,0,3,3
Bart-Adriaan,3,0,3
Bart-Arie,3,0,3
Bart-Cheran,3,0,3
Bart-Dick,3,0,3
Bart-Eduard,3,0,3
Bart-Egbert,3,0,3
Bart-Floris,3,0,3
Bart-Geert,3,0,3
Bart-Gerard,3,0,3
Bart-Hein,3,0,3
Bart-Johan,3,0,3
Bart-Joost,3,0,3
Bart-Julian,3,0,3
Bart-Junior,3,0,3
Bart-Kees,3,0,3
Bart-Luuk,3,0,3
Bart-Ramon,3,0,3
Bart-René,3,0,3
Bart-Robbert,3,0,3
Bart-Sebastiaan,3,0,3
Bart-Sjoerd,3,0,3
Bart-Sybren,3,0,3
Bart-Thijs,3,0,3
Bart-Timéüs,3,0,3
Bart-Wieger,3,0,3
Bartal,3,0,3
Bartalan,3,0,3
Bartalien,0,3,3
Bartalomea,0,3,3
Bartan,3,0,3
Bartanja,0,3,3
Bartasal,3,0,3
Bartaut,3,0,3
Bartcamiel,3,0,3
Bartdina,0,3,3
Bartefrinus,3,0,3
Bartel-Douwe,3,0,3
Bartel-Jan,3,0,3
Bartel-Joris,3,0,3
Bartel-Maris,3,0,3
Bartela,0,3,3
Barteld-Gilles,3,0,3
Barteld-Jan,3,0,3
Barteld-Tjibbele,3,0,3
Bartelddiena,0,3,3
Barteldientje,0,3,3
Bartelds,3,0,3
Barteldtje,0,3,3
Barteliena,0,3,3
Bartelijne,0,3,3
Bartelin,0,3,3
Bartelinda,0,3,3
Bartelinde,0,3,3
Barteljaap,3,0,3
Barteljans,0,3,3
Barteljoris,3,0,3
Bartell,3,0,3
Bartello,3,0,3
Bartellus,3,0,3
Bartelmëus,3,0,3
Bartelmeus,3,0,3
Bartelméus,3,0,3
Bartelomé,3,0,3
Bartera,0,3,3
Barteram,3,0,3
Bartez,3,0,3
Bartfloris,3,0,3
Bartha-Diana,0,3,3
Barthalemea,0,3,3
Barthalie,0,3,3
Barthaline,0,3,3
Barthanus,3,0,3
Barthara,0,3,3
Barthéke,0,3,3
Barthèl,3,0,3
Bartheldina,0,3,3
Barthele,0,3,3
Barthélémé,3,0,3
Barthelemeo,3,0,3
Barthelemeüs,3,0,3
Barthélémi,3,0,3
Barthelemi,3,0,3
Barthelemij,3,0,3
Barthelemina,3,0,3
Barthelémy,3,0,3
Barthelien,3,0,3
Barthéliena,0,3,3
Barthelijn,0,3,3
Barthélina,0,3,3
Bartheline,0,3,3
Barthelly,0,3,3
Barthelmo,3,0,3
Barthelomeas,3,0,3
Barthelomee,0,3,3
Barthelomena,0,3,3
Barthelomeo,3,0,3
Barthelomeüs,3,0,3
Barthemeus,3,0,3
Barthèz,3,0,3
Barthez,0,3,3
Barthie,0,3,3
Barthien,3,0,3
Barthienne,0,3,3
Barthimus,3,0,3
Barthinus,3,0,3
Barthlomea,0,3,3
Bartho-Jan,3,0,3
Barthola,0,3,3
Barthöld,3,0,3
Barthold-Christiaan,3,0,3
Bartholdes,3,0,3
Bartholdina,0,3,3
Bartholds,3,0,3
Bartholeméüs,3,0,3
Bartholien,0,3,3
Bartholine,3,0,3
Bartholmeus,3,0,3
Bartholo,3,0,3
Bartholomäes,3,0,3
Bartholoméa,0,3,3
Bartholoméu,3,0,3
Bartholomèus,3,0,3
Bartholomeusz,3,0,3
Bartholomie,3,0,3
Bartholomine,0,3,3
Bartholomy,3,0,3
Bartholumeus,3,0,3
Barthomee,0,3,3
Barthomeus,3,0,3
Barthon,3,0,3
Barthram,3,0,3
Barthylde,0,3,3
Bartian,3,0,3
Bartië,3,0,3
Bartiene,0,3,3
Bartil,3,0,3
Bartimëus,3,0,3
Bartina-Adinda,0,3,3
Bartineke,0,3,3
Bartinka,0,3,3
Bartino,3,0,3
Bartios,3,0,3
Bartjanneke,0,3,3
Bartjeeverdina,0,3,3
Bartjén,3,0,3
Bartjeroen,3,0,3
Bartjie,3,0,3
Bartjis,3,0,3
Bartjo,3,0,3
Bartlemeüs,3,0,3
Bartli,3,0,3
Bartlomeno,3,0,3
Bartľomiej,3,0,3
Bartlomina,0,3,3
Barto-Bram,3,0,3
Bartollo,3,0,3
Bartolmeus,3,0,3
Bàrtolo,3,0,3
Bartoloméüs,3,0,3
Bartolomio,3,0,3
Bartomé,3,0,3
Bartonius,3,0,3
Bartoon,3,0,3
Bartoŝz,3,0,3
Bartovich,3,0,3
Bartram,3,0,3
Bartrandus,3,0,3
Bartruij,0,3,3
Bartruijt,0,3,3
Bartruyt,0,3,3
Bartsdochter,0,3,3
Barttis,3,0,3
Bartuĝ,3,0,3
Bartus-Johannes,3,0,3
Bartusia,0,3,3
Bäruch,3,0,3
Baruch-Anna,0,3,3
Baruch-Raphael,3,0,3
Barud,0,3,3
Baruh,3,0,3
Baruk,3,0,3
Barusaman,3,0,3
Barush,3,0,3
Baruta,3,0,3
Baruw,3,0,3
Barwako,0,3,3
Barwalo,3,0,3
Barwan,3,0,3
Barwang,3,0,3
Barwaqo,0,3,3
Barwaut,3,0,3
Barwerd,3,0,3
Barwert-Jan,3,0,3
Barwolt,3,0,3
Baryal,3,0,3
Baryür,3,0,3
Barzah,3,0,3
Barzakh,0,3,3
Barzani,3,0,3
Barzi,3,0,3
Barzie,0,3,3
Barzindad,3,0,3
Barzo,3,0,3
Bás,3,0,3
Bas-Antoin,3,0,3
Bas-Armand,3,0,3
Bas-Corneil,3,0,3
Bas-Henrik,3,0,3
Bas-jan,3,0,3
Bas-Jelmer,3,0,3
Bas-Joren,3,0,3
Bas-Joriam,3,0,3
Bas-Junior,3,0,3
Bas-Jürgen,3,0,3
Bas-Kyano,3,0,3
Bas-Quinten,3,0,3
Bas-Sam,3,0,3
Bas-Stoffel,3,0,3
Bas-Wilbert,3,0,3
Bas-Willem,3,0,3
Bas-William,3,0,3
Bas-Wine,3,0,3
Bas-xerxes,3,0,3
Basa,0,3,3
Basalisa,0,3,3
Basalticus,3,0,3
Basan,3,0,3
Basantie,0,3,3
Basantradj,3,0,3
Basarad,3,0,3
Basarat,3,0,3
Basari,3,0,3
Basaria,0,3,3
Basarya,0,3,3
Basat,3,0,3
Basav,0,3,3
Basba,3,0,3
Basché,3,0,3
Baschti,3,0,3
Bascius,3,0,3
Basco,3,0,3
Basdai,0,3,3
Basdew,3,0,3
Basdewsing,3,0,3
Basdouw,3,0,3
Basé,0,3,3
Baseba,0,3,3
Based,3,0,3
Basee,0,3,3
Baseer,3,0,3
Baseet,3,0,3
Basekou,3,0,3
Baselia,0,3,3
Baseliejos,3,0,3
Baseline,0,3,3
Baselique,3,0,3
Baselius,3,0,3
Basemeh,0,3,3
Baser,3,0,3
Basey,3,0,3
Bâsgher,3,0,3
Basguily,3,0,3
Bash,3,0,3
Bashaer,0,3,3
Bashan,3,0,3
Bashayer,0,3,3
Basheera,0,3,3
Basher,3,0,3
Bashian,3,0,3
Bashied,3,0,3
Bashieragatoen,0,3,3
Bashir-larry,3,0,3
Bashirah,0,3,3
Bashirou,3,0,3
Bashizi,0,3,3
Bashli,3,0,3
Bashlio,3,0,3
Bashmawatti,0,3,3
Bashō,3,0,3
Bashram,3,0,3
Bashshar,3,0,3
Bashshâr,3,0,3
Basiano,3,0,3
Basiet,3,0,3
Basilah,0,3,3
Basileusz,3,0,3
Basilicus,3,0,3
Basilie,0,3,3
Basilike,0,3,3
Basilikoula,0,3,3
Basilis,3,0,3
Basilja,0,3,3
Basill,3,0,3
Basille,3,0,3
Basilleos,3,0,3
Basillia,0,3,3
Basilua,0,3,3
Basimah,0,3,3
Basimeh,0,3,3
Basinus,0,3,3
Basiri,3,0,3
Basiru,3,0,3
Basisa,3,0,3
Basitjasur,3,0,3
Basjha,0,3,3
Basjhana,0,3,3
Basjiera,0,3,3
Basjir,3,0,3
Basjo,3,0,3
Baska,0,3,3
Baskal,3,0,3
Baskar,3,0,3
Baskara,3,0,3
Basker,3,0,3
Baškim,3,0,3
Baskita,0,3,3
Baslo,3,0,3
Basmâ,0,3,3
Basmalh,0,3,3
Basmalla,0,3,3
Basmatia,0,3,3
Basmineh,0,3,3
Basna,0,3,3
Basnona,3,0,3
Baso,0,3,3
Basoah,3,0,3
Basoedevtewari,3,0,3
Basoeki,3,0,3
Basolim,0,3,3
Basowah,3,0,3
Basoz,0,3,3
Basri-Eray,3,0,3
Basrio,3,0,3
Bass-Jan,3,0,3
Bassa,0,3,3
Bassamat,0,3,3
Bassarme,3,0,3
Basse,3,0,3
Basselien,0,3,3
Bassete,3,0,3
Bassiano,3,0,3
Bassila,0,3,3
Bassilios,3,0,3
Bassilla,0,3,3
Bassillia,0,3,3
Bassiro,3,0,3
Bassit,3,0,3
Bassolien,0,3,3
Bassourama,3,0,3
Bastan,3,0,3
Basteaan,3,0,3
Basteijn,3,0,3
Bastejaantje,0,3,3
Bastet,0,3,3
Basteyn,3,0,3
Bastiaaan,3,0,3
Bastiaan-Bouwe,3,0,3
Bastiaan-Felix,3,0,3
Bastiaan-Lucas,3,0,3
Bastiaan-Nanne,3,0,3
Bastiaan-Olivier,3,0,3
Bastiaan-Yi,3,0,3
Bastiaane,0,3,3
Bastiaanje,0,3,3
Bastiaanne,0,3,3
Bastiaans,3,0,3
Bastiaanse,3,0,3
Bastiàn,3,0,3
Bastianet,0,3,3
Bastianette,0,3,3
Bastianna,0,3,3
Bastie,0,3,3
Bastieana,0,3,3
Bastiëlle,0,3,3
Bastiena,0,3,3
Bastiene,0,3,3
Bastientje,0,3,3
Bastijs,3,0,3
Bastilaine,0,3,3
Bastinus,3,0,3
Bastje,0,3,3
Basto,3,0,3
Baston,3,0,3
Bastonie,3,0,3
Bastoros,0,3,3
Bastri,3,0,3
Bastyaan,3,0,3
Bastyl,0,3,3
Basuki,3,0,3
Basungama,3,0,3
Basuseno,3,0,3
Basyeera,0,3,3
Basyir,3,0,3
Basyrac,0,3,3
Baszia,0,3,3
Baszoon,3,0,3
Basztiaan,3,0,3
Baszya,0,3,3
Bat-Ami,0,3,3
Bat-Chen,0,3,3
Bat-el,0,3,3
Bat-El,0,3,3
Bat-Tziyon,0,3,3
Bat-Zion,0,3,3
Bata,3,0,3
Batai,3,0,3
Batal,3,0,3
Batanay,3,0,3
Batangisa,0,3,3
Batceba,0,3,3
Bateau,3,0,3
Batek,3,0,3
Batekele,3,0,3
Batel,0,3,3
Bateliena,0,3,3
Batelina,0,3,3
Bateline,0,3,3
Baten,3,0,3
Batendi,0,3,3
Bates,3,0,3
Bateul,0,3,3
Bath'seba,0,3,3
Bath-Sheba,0,3,3
Bath-Shewa,0,3,3
Batha,3,0,3
Bathany,0,3,3
Bathelomeus,3,0,3
Batheus,3,0,3
Bathia,0,3,3
Bathildis,0,3,3
Bathina,0,3,3
Bathist,3,0,3
Batholomeüs,3,0,3
Bathory,0,3,3
Bathsebah,0,3,3
Bathsebar,3,0,3
Bathsheba,0,3,3
Bathsheva,0,3,3
Bathya,0,3,3
Bathzeba,0,3,3
Batiaman,3,0,3
Batica,3,0,3
Batıhan,3,0,3
Batimo,3,0,3
Batinca,0,3,3
Batine,0,3,3
Batique,0,3,3
Batis,3,0,3
Batiso,3,0,3
Bâtist,3,0,3
Batiz,3,0,3
Batjasingh,3,0,3
Batkpoholon,3,0,3
Batleljaman,3,0,3
Batlomeus,3,0,3
Batlomina,0,3,3
Batoe,0,3,3
Batoelen,0,3,3
Batoelhan,0,3,3
Bátor,3,0,3
Batoula,0,3,3
Batouly,0,3,3
Batrisha,0,3,3
Batruida,0,3,3
Batséba,0,3,3
Batsebah,0,3,3
Batseiba,0,3,3
Batsela,0,3,3
Batsi,3,0,3
Batsieba,0,3,3
Batsje,0,3,3
Batske,0,3,3
Batstini,0,3,3
Batsua,0,3,3
Batsy,0,3,3
Batteline,0,3,3
Battelt,3,0,3
Batties,3,0,3
Battine,0,3,3
Battinus,3,0,3
Battis,3,0,3
Battist,3,0,3
Battiste,0,3,3
Battistina,0,3,3
Batto,3,0,3
Battoel,0,3,3
Batty,0,3,3
Batuan,3,0,3
Batug,3,0,3
Batughan,3,0,3
Batuhan-Polat,3,0,3
Batuhanbattalgazi,3,0,3
Batula,0,3,3
Batuli,0,3,3
Batulla,0,3,3
Batuly,0,3,3
Batumhan,3,0,3
Batura,3,0,3
Batwi,3,0,3
Baty,3,0,3
Batyah,0,3,3
Batyr,3,0,3
Batz,3,0,3
Batzwi,0,3,3
Bauar,3,0,3
Bauchart,3,0,3
Bauchie,0,3,3
Bauchien,0,3,3
Baud,3,0,3
Baudelaire,3,0,3
Baudelet,3,0,3
Baudemund,3,0,3
Baudetta,0,3,3
Baudewijntje,0,3,3
Baudewine,0,3,3
Baudewyn,3,0,3
Baudi,3,0,3
Baudieke,0,3,3
Baudilia,0,3,3
Baudilio,3,0,3
Baudin,3,0,3
Baudinne,0,3,3
Baudolino,3,0,3
Baudowine,0,3,3
Baudrand,0,3,3
Baudyn,3,0,3
Baugi,0,3,3
Baugiena,0,3,3
Bauina,0,3,3
Baujana,0,3,3
Baujoura,0,3,3
Baukdina,0,3,3
Bauke-Elia,3,0,3
Bauke-Gerrit,3,0,3
Bauke-Gerwin,3,0,3
Bauke-IJke,3,0,3
Bauke-Yke,3,0,3
Baukebart,3,0,3
Baukeliene,0,3,3
Baukelyn,0,3,3
Baukesz,3,0,3
Baukien,0,3,3
Baukis,0,3,3
Baukje-Jakoba,0,3,3
Baukje-Janna,0,3,3
Baukjes,0,3,3
Baulenge,3,0,3
Baulina,0,3,3
Bauline,0,3,3
Baulo,0,3,3
Baussette,0,3,3
Bauta,3,0,3
Bautina,0,3,3
Bautismo,3,0,3
Bauvina,0,3,3
Bauw,3,0,3
Bauwan,3,0,3
Bauwdewina,0,3,3
Bauwer,3,0,3
Bauwiena,0,3,3
Bauwyn,0,3,3
Bavana,0,3,3
Bavel,3,0,3
Bavesan,3,0,3
Bavia,0,3,3
Bavink,3,0,3
Bavisha,0,3,3
Bavl,3,0,3
Bavlly,3,0,3
Bavonius,3,0,3
Bavonus,3,0,3
Bawa,0,3,3
Bawana,3,0,3
Bawany,0,3,3
Bawend,3,0,3
Bawiesh,3,0,3
Bawini,3,0,3
Bawo,3,0,3
Bawono,3,0,3
Bax,3,0,3
Baxter,3,0,3
Bayadir,0,3,3
Bayain,0,3,3
Bayamin,3,0,3
Bayán,3,0,3
Bayané,0,3,3
Bayano,3,0,3
Bayar,3,0,3
Bayaya,0,3,3
Bayazıd,3,0,3
Baybeto,3,0,3
Bayçan,3,0,3
Baycke,0,3,3
Baydi,3,0,3
Baydir,3,0,3
Baydr-al-Fay,3,0,3
Baydu,3,0,3
Bayelegn,3,0,3
Bayer,3,0,3
Bayete,3,0,3
Bayez,3,0,3
Bayezıd,3,0,3
Bayezit,3,0,3
Bayezithan,3,0,3
Bayhan,3,0,3
Bayiz,3,0,3
Bayka,3,0,3
Baykent,3,0,3
Baykutay,3,0,3
Bayleah,0,3,3
Baylene,0,3,3
Baylin,0,3,3
Baylison,3,0,3
Baylo,0,3,3
Bayly,3,0,3
Baylynne,0,3,3
Baymert,3,0,3
Baynath,3,0,3
Bayne,3,0,3
Bayoe,3,0,3
Bayon,3,0,3
Bayoumi,3,0,3
Bayoumy,3,0,3
Bayp,0,3,3
Baypolat,3,0,3
Bayrak,0,3,3
Bayrakdar,3,0,3
Bayram-Murat,3,0,3
Bayramalp,3,0,3
Bayran,3,0,3
Bayreno,3,0,3
Bayron-Nigel,3,0,3
Bayronn,3,0,3
Baysal,3,0,3
Bayshan,0,3,3
Baytin,3,0,3
Baytiyar,3,0,3
Baytürk,3,0,3
Bayumurti,3,0,3
Bayza,0,3,3
Bayzambmo,3,0,3
Bazaji,3,0,3
Bazante,3,0,3
Bazarov,0,3,3
Bazata,0,3,3
Baziga,3,0,3
Bazigha,0,3,3
Bazilé,3,0,3
Bazille,3,0,3
Bazjan,3,0,3
Bazmohammad,3,0,3
Bazooka,0,3,3
Bazos,0,3,3
Bazoule,0,3,3
Bazz,3,0,3
Bazzo,3,0,3
BBJM,3,0,3
Bbnasreen,0,3,3
Bchira,0,3,3
BCR,0,3,3
Bdoor,0,3,3
Bdur,0,3,3
Be'us,3,0,3
Be-Jay,0,3,3
Be-Jean,0,3,3
Be-ro,0,3,3
Beà,0,3,3
Bea-Myrthe,0,3,3
Beacher,3,0,3
Beadina,0,3,3
Beadine,0,3,3
Beadora,0,3,3
Beadyn,0,3,3
Beaelsa,0,3,3
Beafke,0,3,3
Beafrida,0,3,3
Beagret,0,3,3
Beagriet,0,3,3
Beagrit,0,3,3
Beale,0,3,3
Bealette,0,3,3
Bealien,0,3,3
Beam,3,0,3
Beamin,3,0,3
Béan,3,0,3
Beana,0,3,3
Beanarda,0,3,3
Béanda,0,3,3
Beanga,0,3,3
Beanieke,0,3,3
Beanita,0,3,3
Beannique,0,3,3
Beanthony,3,0,3
Beantrie,0,3,3
Beardsly,3,0,3
Bearene,0,3,3
Beargrid,0,3,3
Bearnard,3,0,3
Bearney,3,0,3
Bearte,0,3,3
BEAS,0,3,3
Beasi,3,0,3
Beasley,3,0,3
Beáta,0,3,3
Beäta,0,3,3
Beatalie,0,3,3
Beate-Dora,0,3,3
Beaten,3,0,3
Beathan,3,0,3
Béathe,0,3,3
Beatice,0,3,3
Beatie,0,3,3
Beatine,0,3,3
Beatri,0,3,3
Beatrica,0,3,3
Beatríce,0,3,3
Bêatrice,0,3,3
Béatrice-Berdina,0,3,3
Beatriceganem,0,3,3
Beatrich,3,0,3
Beatrics,0,3,3
Beatriece,0,3,3
Beatriesse,0,3,3
Beatrisc,0,3,3
Beatriu,0,3,3
Beätrix,0,3,3
Beâtrix,0,3,3
Beatrix-Ingrid,0,3,3
Beatrixe,0,3,3
Béatriz,0,3,3
Beatríz,0,3,3
Beatrize,0,3,3
Beatte,0,3,3
Beattricina,0,3,3
Béau,0,3,3
Beau-Aimee,0,3,3
Beau-Amie,0,3,3
Beau-amy,0,3,3
Beau-Benjamin,3,0,3
Beau-Bente,0,3,3
Beau-Bobby,0,3,3
Beau-Christiaan,3,0,3
Beau-Claire,0,3,3
Beau-Dalí,3,0,3
Beau-Dante,3,0,3
Beau-den,0,3,3
Beau-Dianne,0,3,3
Beau-Dominique,3,0,3
Beau-Elise,0,3,3
Beau-elle,0,3,3
Beau-Esmée,0,3,3
Beau-Estelle,0,3,3
Beau-Fille,0,3,3
Beau-Fleur,0,3,3
Beau-Floor,0,3,3
Beau-Gillian,3,0,3
Beau-Giulia,0,3,3
Beau-Guy,3,0,3
Beau-Isha,0,3,3
Beau-Isia,0,3,3
Beau-James,3,0,3
Beau-Jay,0,3,3
Beau-Jean,3,0,3
Beau-Jenna,0,3,3
Beau-Jerry,3,0,3
Beau-Joli,3,0,3
Beau-Julie,0,3,3
Beau-Lasance,0,3,3
Beau-Laurent,3,0,3
Beau-Lennon,3,0,3
Beau-Leona,0,3,3
Beau-Leréy,3,0,3
Beau-Lilly,0,3,3
Beau-Linde,0,3,3
Beau-Lisa,0,3,3
Beau-lisa,0,3,3
Beau-Lotte,0,3,3
Beau-Louise,0,3,3
Beau-Luc,3,0,3
Beau-Luca,3,0,3
Beau-Mera,0,3,3
Beau-Nando,3,0,3
Beau-Natasja,0,3,3
Beau-Nick,3,0,3
Beau-Nigèl,3,0,3
Beau-Nynke,0,3,3
Beau-Pauline,0,3,3
Beau-Phien,0,3,3
Beau-Romée,0,3,3
Beau-Shane,3,0,3
Beau-Shannon,0,3,3
Beau-Tom,3,0,3
Beau-Valentijn,3,0,3
Beau-Yi,0,3,3
Beau-Ziggy,0,3,3
Beaubien,0,3,3
Beauby,3,0,3
Beaucage,3,0,3
Beaucherelle,0,3,3
Beauchiana,0,3,3
Beaudée,0,3,3
Beaudeen,0,3,3
Beaudel,3,0,3
Beaudelien,0,3,3
Beaudene,0,3,3
Beaudet,0,3,3
Beaudette,0,3,3
Beaudhi,0,3,3
Beaudhy,0,3,3
Beaudicea,0,3,3
Beaudie,3,0,3
Beaudiel,0,3,3
Beaudina,0,3,3
Beàudine,0,3,3
Beaudinn,3,0,3
Beaudique,0,3,3
Beaudjara,0,3,3
Beaudric,3,0,3
Beaudry,3,0,3
Beaudwin,3,0,3
Beaudyne,0,3,3
Beauèll,0,3,3
Beauelle,0,3,3
Beauèlle,0,3,3
Beauen,3,0,3
Beauenne,0,3,3
Beauga,3,0,3
Beaugard,3,0,3
Beaugena,0,3,3
Beaugest,3,0,3
Beauh,3,0,3
Beauïse,0,3,3
Beauise,0,3,3
Beaujano,3,0,3
BeauJay,0,3,3
Beaujean,3,0,3
Beaujour,0,3,3
Beauke,0,3,3
Beaula,0,3,3
Beaulah,0,3,3
Beaulanthe,0,3,3
Beaulène,0,3,3
Beaulieu,0,3,3
Beaulise,0,3,3
Beaulley,0,3,3
Beaultie,0,3,3
Beaumonde,0,3,3
Beaumore,3,0,3
Beaunelle,0,3,3
Beaunet,0,3,3
Beauneve,0,3,3
Beauniño,3,0,3
Beaunique,3,0,3
Beaunitha,0,3,3
Beauraye,0,3,3
Beaurégard,3,0,3
Beauregarde,3,0,3
Beauté,0,3,3
Beautjan,3,0,3
Beauvie,3,0,3
Beauvine,0,3,3
Beauwien,0,3,3
Beauyan-Rainier,3,0,3
Beauyanne,0,3,3
Beauyin,3,0,3
Beauynieq,3,0,3
Beba,0,3,3
Bebbi,3,0,3
Bebbie,0,3,3
Bèbel,0,3,3
Bebeme,0,3,3
Beben,0,3,3
Bebetino,3,0,3
Bebéto,3,0,3
Bebette,0,3,3
Bebhina,0,3,3
Bebi,3,0,3
Bebiche,0,3,3
Bebien,0,3,3
Bébine,0,3,3
Bébinn,0,3,3
Bebita,0,3,3
Bebje,0,3,3
Bebke,0,3,3
Bebl,0,3,3
Bebthina,0,3,3
Bécassine,0,3,3
Becci,0,3,3
Béceau,3,0,3
Bécem,3,0,3
Becha,0,3,3
Bechal,3,0,3
Bechan,3,0,3
Bechani,0,3,3
Bechánira,0,3,3
Becháyno,3,0,3
Bechira,0,3,3
Bechor,3,0,3
Bechtje,0,3,3
Bechtolin,0,3,3
Bechtoline,0,3,3
Beçime,0,3,3
Becir,3,0,3
Bećir,3,0,3
Becker,3,0,3
Beckeringh,3,0,3
Beckie,0,3,3
Becombe,0,3,3
Bedalan,3,0,3
Bedang,0,3,3
Bedarra,0,3,3
Bêdda,3,0,3
Beddawi,3,0,3
Bedder,3,0,3
Béde,3,0,3
Bedeker,3,0,3
Bédèl,3,0,3
Bedelfi-Ange,0,3,3
Bedford,3,0,3
Bedhprekash,3,0,3
Bediah,0,3,3
Bedide,0,3,3
Bedien,0,3,3
Bedihan,0,3,3
Bedii,3,0,3
Bédine,0,3,3
Bedinio,3,0,3
Bedinur,0,3,3
Bedinus,3,0,3
Bediran,3,0,3
Bedircan,3,0,3
Bedirettin,3,0,3
Bèdirhan,3,0,3
Bedirhan-Efe,3,0,3
Bedirkaan,3,0,3
Bedirye,0,3,3
Bediz,0,3,3
Bedjailachmi,0,3,3
Bedjan,3,0,3
Bedje,0,3,3
Bedjô,3,0,3
Bedjrangh,3,0,3
Bedo,3,0,3
Bedo'rik,3,0,3
Bedoer,0,3,3
Bedoor,0,3,3
Bedorah,0,3,3
Bédou,0,3,3
Bedperkash,3,0,3
Bèdr,3,0,3
Bedr,3,0,3
Bèdram,3,0,3
Bedrana,0,3,3
Bedreddin,3,0,3
Bedria,0,3,3
Bedrie,3,0,3
Bedrihan,3,0,3
Bedrion,3,0,3
Bedriska,0,3,3
Bedru,0,3,3
Bedruatul,0,3,3
Bedrun,0,3,3
Bedulu,0,3,3
Bee-Bee,0,3,3
Bee-Jay,3,0,3
Bee-Jee,0,3,3
Beeby,0,3,3
Beech,3,0,3
Beecham,3,0,3
Beeder,3,0,3
Beedie,0,3,3
Beedorf-Robinson,3,0,3
Beefheart,3,0,3
Beegien,0,3,3
Beegina,0,3,3
Beejan,3,0,3
Beejay,3,0,3
Beejée,0,3,3
Beeken,0,3,3
Beekien,0,3,3
Beeleke,0,3,3
Beelia,0,3,3
Beelinda,0,3,3
Beelkea,0,3,3
Beelkina,0,3,3
Beeltine,0,3,3
Beemo,3,0,3
Beene-Jan,3,0,3
Beeneman,3,0,3
Beenke,0,3,3
Beenno,3,0,3
Beenzu,3,0,3
Beep,3,0,3
Beer-Tim,3,0,3
Beera,0,3,3
Beerd-Dries,3,0,3
Beere,3,0,3
Beerend-Jan,3,0,3
Beerendiena,0,3,3
Beeret,0,3,3
Beergitta,0,3,3
Beerjan,3,0,3
Beerlinda,0,3,3
Beernardo,3,0,3
Beerndina,0,3,3
Beerns,3,0,3
Beershebah,3,0,3
Beersje,3,0,3
Beert-Jan,3,0,3
Beerte,0,3,3
Beertha,0,3,3
Beertiena,0,3,3
Beertjan,3,0,3
Beertjène,0,3,3
Beertsje,0,3,3
Beertus,3,0,3
Beerwan,0,3,3
Beesan,0,3,3
Beeshmar,3,0,3
Beeshtha,0,3,3
Beeûw,0,3,3
Beeuwien,0,3,3
Beeuwlena,0,3,3
Beewar,3,0,3
Beeza,3,0,3
Befana,0,3,3
Begam-Hera,0,3,3
Begard,0,3,3
Beggin,0,3,3
Beggy,0,3,3
Beghem,0,3,3
Begiena,0,3,3
Begija,0,3,3
Begijn,3,0,3
Begina,0,3,3
Begnina,0,3,3
Begon,0,3,3
Beĝüm,0,3,3
Begűm,0,3,3
Bêguman,3,0,3
Begümhan,0,3,3
Begümsu,0,3,3
Begün,0,3,3
Behadir,0,3,3
Behamin,3,0,3
Behare,0,3,3
Behashta,0,3,3
Behazin,0,3,3
Behbi,3,0,3
Behesht,0,3,3
Beheshte,0,3,3
Behesta,0,3,3
Behesti,3,0,3
Beheşti,3,0,3
Beheya,0,3,3
Behia,0,3,3
Behic,3,0,3
Behiç,3,0,3
Behichan,3,0,3
Behiena,0,3,3
Behije,0,3,3
Behir,3,0,3
Behire,0,3,3
Behiyce,0,3,3
Behlul,3,0,3
Behman,3,0,3
Behn,3,0,3
Béhnaz,0,3,3
Behnud,3,0,3
Behr,3,0,3
Behra,0,3,3
Behrad,3,0,3
Behran,3,0,3
Behrang,3,0,3
Behrem,3,0,3
Behrez,3,0,3
Behrjam,3,0,3
Behroez,3,0,3
Behsa,0,3,3
Behsat,3,0,3
Behshtasadaf,0,3,3
Behzaad,3,0,3
Behzati,3,0,3
Bei-Anditiaman,3,0,3
Beia,0,3,3
Beiar,3,0,3
Beidenhardy,3,0,3
Beige,0,3,3
Beigum,0,3,3
Beij,3,0,3
Beija,0,3,3
Beijan,0,3,3
Beijar,3,0,3
Beijemina,0,3,3
Beijing,3,0,3
Beijka,0,3,3
Beijor,3,0,3
Beijs,3,0,3
Beikeline,0,3,3
Beikje,0,3,3
Beilal,3,0,3
Beile,0,3,3
Beilinda,0,3,3
Beiltje,0,3,3
Beimen,3,0,3
Beimnet,0,3,3
Beine,3,0,3
Beinke,0,3,3
Beirem,3,0,3
Beitja,0,3,3
Beitse,3,0,3
Beitske-Fetje,0,3,3
BEJ,0,3,3
Bejah,0,3,3
Bejalina,0,3,3
Bějan,3,0,3
Bêjan,0,3,3
Beján,0,3,3
Bejanda,0,3,3
Bejanice,0,3,3
Bejarin,3,0,3
Bejatrice,0,3,3
Bejawan,0,3,3
Bejda,0,3,3
Bejdil,0,3,3
Béjé,3,0,3
Bejerendi,3,0,3
Bejhan,3,0,3
Beji,3,0,3
Bejin,0,3,3
Bejnanur,0,3,3
Bejne,0,3,3
Bejohna,0,3,3
Bejoy,3,0,3
Bejulah,0,3,3
Bejurn,3,0,3
Bejza,0,3,3
Bek-khan,3,0,3
Bekanaz,0,3,3
Bekaye,3,0,3
Bekbolotovich,3,0,3
Béke,0,3,3
Bekele,3,0,3
Bekema,3,0,3
Bekey,3,0,3
Bekganovna,0,3,3
Bekij,3,0,3
Bekiralp,3,0,3
Bekirowa,3,0,3
Bekish,3,0,3
Bekkay,3,0,3
Bekkem,3,0,3
Bekkemjaan,0,3,3
Bekky,0,3,3
Bekr,3,0,3
Bekti,0,3,3
Bekx,3,0,3
Bélá,3,0,3
Belagio,0,3,3
Belahid,3,0,3
Belain,0,3,3
Belamir,0,3,3
Bèlana,0,3,3
Bêlana,0,3,3
Belanesia,0,3,3
Belange,0,3,3
Belanie,0,3,3
Belanihaya,0,3,3
Bélanna,0,3,3
Belansila,0,3,3
Bèlantyne,0,3,3
Belar,0,3,3
Belard,3,0,3
Belardo,3,0,3
Belarmindo,3,0,3
Belarminio,3,0,3
Belarry,0,3,3
Bélart,3,0,3
Belasia,0,3,3
Belawatie,0,3,3
Belciore,0,3,3
Beldibi,0,3,3
Beldina,0,3,3
Beldiny,0,3,3
Beldisse,0,3,3
Beldon,3,0,3
Belein,0,3,3
Beleju,3,0,3
Belek,3,0,3
Beleli,0,3,3
Belema,0,3,3
Belemi,0,3,3
Belena,0,3,3
Bélène,0,3,3
Beléne,0,3,3
Belenisse,0,3,3
Belenna,0,3,3
Belenne,0,3,3
Belenur,0,3,3
Belfet,3,0,3
Belfin,0,3,3
Belfina,0,3,3
Belflore,0,3,3
Belfor,3,0,3
Belfred,3,0,3
Belga,0,3,3
Belgarion,3,0,3
Belgasem,0,3,3
Belger,3,0,3
Belgie,0,3,3
Belgihan,0,3,3
Belğin,0,3,3
Belgis,0,3,3
Belgjuzar,0,3,3
Belgütay,3,0,3
Belguzar,0,3,3
Belhassan,3,0,3
Belí,0,3,3
Béli,0,3,3
Beliam,3,0,3
Beliamin,3,0,3
Belian,3,0,3
Beliandus,3,0,3
Belianne,0,3,3
Belianus,3,0,3
Beliard,3,0,3
Bélice,0,3,3
Belichime,0,3,3
Beliciya,0,3,3
Beliene,0,3,3
Belier,0,3,3
Beliğa,0,3,3
Beligkoet,3,0,3
Beliğna,0,3,3
Belij,0,3,3
Belijne,0,3,3
Belika,0,3,3
Belín,0,3,3
Belìn,3,0,3
Belindo,3,0,3
Belineke,0,3,3
Belinisa,3,0,3
Belioso,3,0,3
Belirsu,0,3,3
Bélisa,0,3,3
Belisarius,3,0,3
Belise,0,3,3
Belisha,0,3,3
Belisma,0,3,3
Belit,0,3,3
Belite,0,3,3
Belitge,0,3,3
Belitje,0,3,3
Belito,3,0,3
Belíz,0,3,3
Beliza,0,3,3
Belkaid,0,3,3
Belkan,3,0,3
Belkasm,3,0,3
Belkhir,3,0,3
Bell-Sofie,0,3,3
Bella-Angel,0,3,3
Bella-Beau,0,3,3
Bella-Elise,0,3,3
Bella-Fiori,0,3,3
Bella-Jane,0,3,3
Bella-Kay,0,3,3
Bella-Lavita,0,3,3
Bella-Lima,0,3,3
Bella-Lou,0,3,3
Bella-Lusina,0,3,3
Bella-Maria,0,3,3
Bella-Rossa,0,3,3
Bella-Sea,0,3,3
Bella-Zoë,0,3,3
Bellaal,3,0,3
Bellaar,3,0,3
Bellabeau,0,3,3
Bellach,3,0,3
BellaDonna,0,3,3
Bellaelora,0,3,3
Bellagonda,0,3,3
Bellahl,3,0,3
Bellalee,0,3,3
Bellami,0,3,3
Bellanca,0,3,3
Bellandina,0,3,3
Bellanita,0,3,3
Bellanna,0,3,3
Bellar,0,3,3
Bellarika,0,3,3
Bellariva,0,3,3
Bellarmino,3,0,3
Bellarucha,0,3,3
Bellatrijs,0,3,3
Bellatrix,0,3,3
Belle-Amélie,0,3,3
Belle-amie,0,3,3
Belle-Amy,0,3,3
Belle-Babette,0,3,3
Belle-Bo,0,3,3
Belle-Cerise,0,3,3
Belle-Esthelle,0,3,3
Belle-Fay,0,3,3
Belle-Jane,0,3,3
Belle-Jasmijn,0,3,3
Belle-Jolie,0,3,3
Belle-Louise,0,3,3
Belle-Lynn,0,3,3
Belle-Malene,0,3,3
Belle-Marie,0,3,3
Belle-Milou,0,3,3
Belle-Rose,0,3,3
Belle-Sophie,0,3,3
Belle-tiara,0,3,3
Belledien,0,3,3
Bellefien,0,3,3
Bellefloor,0,3,3
Bellejorn,0,3,3
Bellemijn,0,3,3
Bellence,0,3,3
Bellend,3,0,3
Bellène,0,3,3
Bellenod,0,3,3
Bellenorou,0,3,3
Bellerona,0,3,3
Bellerose,0,3,3
Belletabel,3,0,3
Belletable,3,0,3
Bellevie,0,3,3
Belli,0,3,3
Bellice,0,3,3
Bellicia,0,3,3
Bellicya,0,3,3
Bellighedda,0,3,3
Bellin,3,0,3
Bellindias,0,3,3
Bellinga,3,0,3
Bellini,3,0,3
Bellinkhave,3,0,3
Bellise,0,3,3
Bellissa,0,3,3
Bellita,0,3,3
Bellize,0,3,3
Bellkiz,0,3,3
Bellogracio,3,0,3
Belloon,0,3,3
Bellotje,0,3,3
Bellotte,0,3,3
Bellssem,0,3,3
Bellylene,0,3,3
Bellyned,0,3,3
Belmarinda,0,3,3
Belmina,0,3,3
Belmonte,3,0,3
Belnur,0,3,3
Bélo,3,0,3
Belo,0,3,3
Beloe,0,3,3
Belona-Fay,0,3,3
Belonga-Ngenu,0,3,3
Belonka,0,3,3
Belou,0,3,3
Beloula,0,3,3
Belqees,0,3,3
Belqies,0,3,3
Belqis,0,3,3
Belramsingh,3,0,3
Belsem,0,3,3
Belsemien,0,3,3
Belsina,0,3,3
Beltaine,0,3,3
Beltane,0,3,3
Beltina,0,3,3
Beltken,3,0,3
Belton,3,0,3
Beltrán,3,0,3
Beltun,3,0,3
Beluga,0,3,3
Belushi,3,0,3
Belva,0,3,3
Belveley,0,3,3
Belvi,3,0,3
Belvia,0,3,3
Bély,3,0,3
Belyamine,3,0,3
Belynn,0,3,3
Belyse,0,3,3
Bélysse,0,3,3
Belzer,3,0,3
Belzjör,3,0,3
Bemalen,0,3,3
Bémar,3,0,3
Bemaréan,0,3,3
Bémarean,0,3,3
Bemarean,0,3,3
Bembi,0,3,3
Beminet,3,0,3
Bemma,0,3,3
Bemmah,0,3,3
Bemmie,0,3,3
Bemneth,0,3,3
Bemouh,3,0,3
Bempong,3,0,3
Bemshi,0,3,3
Bemvinda,0,3,3
Ben'Jhamin,3,0,3
Ben-Aïssa,3,0,3
Ben-Ammi,3,0,3
Ben-Aron,3,0,3
Ben-Aryan,3,0,3
Ben-Auke,3,0,3
Ben-chaib,3,0,3
Ben-Chaïl,3,0,3
Ben-Chanan,3,0,3
Ben-El,0,3,3
Ben-Eriq,3,0,3
Ben-Evert,3,0,3
Ben-Hail,3,0,3
Ben-Hesed,3,0,3
Ben-Hur,3,0,3
Ben-Jaap,3,0,3
Ben-Jacob,3,0,3
Ben-Jãmîn,3,0,3
Ben-jamin,3,0,3
Ben-jan,3,0,3
Ben-Jarreau,3,0,3
Ben-John,3,0,3
Ben-Jordy,3,0,3
Ben-Joshua,3,0,3
Ben-Juan,3,0,3
Ben-Judah,3,0,3
Ben-Lys,3,0,3
Ben-Manoach,3,0,3
Ben-Marcus,3,0,3
Ben-Max,3,0,3
Ben-Oni,3,0,3
Ben-Rasjied,3,0,3
Ben-Rian,3,0,3
Ben-Robert,3,0,3
Ben-Robertus-Antonius,3,0,3
Ben-Saïd,3,0,3
Ben-Sebastiaan,3,0,3
Ben-Stian,3,0,3
Ben-Theo,3,0,3
Ben-Vido,3,0,3
Ben-Zé,3,0,3
Bena'ja,3,0,3
Bena-Dona,0,3,3
Benabdi,3,0,3
Benabed,3,0,3
Benacher,3,0,3
Benachir,3,0,3
Benad,3,0,3
Benadikte,0,3,3
Benadin,3,0,3
Benadina,0,3,3
Benadine,0,3,3
Benadita,0,3,3
Benadith,0,3,3
Benado,3,0,3
Benafsché,0,3,3
Benafsh,0,3,3
Benafsheh,0,3,3
Benagrippa,3,0,3
Benaidjah,3,0,3
Benaiza,3,0,3
Benaja-Luca,3,0,3
Benako,3,0,3
Benali,3,0,3
Benalita,0,3,3
Benalyne,0,3,3
Benanció,3,0,3
Benandante,3,0,3
Benangwisani,3,0,3
Benaouf,3,0,3
Benar,0,3,3
Benarderus,0,3,3
Benardes,3,0,3
Benardina,0,3,3
Benardineke,0,3,3
Benardius,3,0,3
Benardy,0,3,3
Benarina,0,3,3
Benaro,3,0,3
Benart,3,0,3
Benasser,3,0,3
Beñat,3,0,3
Benatta,3,0,3
Benazeya,0,3,3
Benaziz,3,0,3
Benbella,3,0,3
Benbrayen,3,0,3
Benbrink,0,3,3
Bênção,3,0,3
Benção,3,0,3
Benchai,3,0,3
Benchaib,3,0,3
Benchäiné,0,3,3
Benchamas,0,3,3
Benchamin,3,0,3
Benchellal,3,0,3
Benchelo,3,0,3
Benchessed,3,0,3
Benchomo,3,0,3
Benchoson,3,0,3
Benci,3,0,3
Bencke,0,3,3
Benda,0,3,3
Bendelé-Ria,0,3,3
Bendert-Jan,3,0,3
Bendetta,0,3,3
Bendicks,3,0,3
Bendict,0,3,3
Bendicta,0,3,3
Bendie,0,3,3
Bendiena,0,3,3
Bendijn,3,0,3
Bendino,3,0,3
Bendinus,3,0,3
Bendite,0,3,3
Bendja,3,0,3
Bendjahmin,3,0,3
Bendjamine,3,0,3
Bendjan,3,0,3
Bendjor,3,0,3
Bendley,3,0,3
Bendoe,3,0,3
Bendon,3,0,3
Bendré,3,0,3
Bendrie,3,0,3
Bendries,3,0,3
Bendrion,3,0,3
Bendry,3,0,3
Bendte,0,3,3
Bendyshe,3,0,3
Bene-Arend,3,0,3
Benecia,0,3,3
Benederte,0,3,3
Benedetti,3,0,3
Benedi,3,0,3
Benedice,0,3,3
Benedicio,3,0,3
Benedickte,0,3,3
Benedicktus,3,0,3
Benédict,0,3,3
Benedict-Gwyn,3,0,3
Benedicta-a-cruce,0,3,3
Benédicte,0,3,3
Benedicte-Emmanuelle,0,3,3
Benedie-Elisabeth,0,3,3
Benediecke,0,3,3
Benedikl,3,0,3
Benedikte-Noël,0,3,3
Benedine,0,3,3
Benedit,0,3,3
Beneditho,3,0,3
Beneditina,0,3,3
Beneditius,3,0,3
Beneditta,0,3,3
Benedykta,0,3,3
Beneen,0,3,3
Benefrida,0,3,3
Beneise,3,0,3
Benek,0,3,3
Benella,0,3,3
Beneloualid,3,0,3
Benelto,3,0,3
Benerado,3,0,3
Beneranda,0,3,3
Benerdina,0,3,3
Bénérice,0,3,3
Benerick,3,0,3
Benersy,0,3,3
Benesha,0,3,3
Benesj,0,3,3
Benet,0,3,3
Benethon,3,0,3
Benetius,3,0,3
Benevelino,3,0,3
Beneventa,0,3,3
Benevenuta,0,3,3
Bènevia,0,3,3
Benevie,0,3,3
Benezent,3,0,3
Benfel,3,0,3
Benfred,3,0,3
Bengaola,0,3,3
Bengdjamin,3,0,3
Benger,3,0,3
Bengialp,3,0,3
Bengie,3,0,3
Bengio,3,0,3
Bengısu,0,3,3
Bengisu-Amine,0,3,3
Bengos,0,3,3
Bengül,0,3,3
Bengünür,0,3,3
Bengy-Bo,3,0,3
Benh,0,3,3
Benhar,3,0,3
Benhardine,0,3,3
Beniamen,3,0,3
Beniamina,0,3,3
Benian,0,3,3
Beniawim,3,0,3
Benica,0,3,3
Bènice,0,3,3
Benicea,0,3,3
Benicha,0,3,3
Beniconde,3,0,3
Benide,3,0,3
Benidicta,0,3,3
Bénidieu,3,0,3
Benieck,3,0,3
Beniemadho,3,0,3
Benierre,3,0,3
Benietta,0,3,3
Beniffa,0,3,3
Beniga,0,3,3
Benigita,0,3,3
Bénigna,0,3,3
Benignius,3,0,3
Benijamin,3,0,3
Benika,0,3,3
Benike,0,3,3
Benilaidya,3,0,3
Bénilde,0,3,3
Benildis,0,3,3
Benildus,0,3,3
Benillo,3,0,3
Benimana,3,0,3
Beningo,3,0,3
Beningus,3,0,3
Beninja,0,3,3
Beninne,0,3,3
Beninu,3,0,3
Benio,3,0,3
Beniqno,3,0,3
Benique,0,3,3
Benirras,3,0,3
Benisa-Louisa,0,3,3
Benisie,0,3,3
Benisja,0,3,3
Benisoit,3,0,3
Benïssa,3,0,3
Benissan,3,0,3
Benitez,3,0,3
Benithia,0,3,3
Benitina,0,3,3
Benitio,3,0,3
Beníto,3,0,3
Benito-Justin,3,0,3
Benitscha,0,3,3
Benitt,0,3,3
Benitte,0,3,3
Beniz,0,3,3
Benizïa,0,3,3
Bênja,3,0,3
Benjad,3,0,3
Benjadet,0,3,3
Benjadeth,0,3,3
Benjahly,0,3,3
Benjairo,3,0,3
Benjalin,3,0,3
Benjalina,0,3,3
Benjaman,3,0,3
Benjamé,3,0,3
Benjamí,3,0,3
Benjamie,0,3,3
Benjamiek,0,3,3
Benjamihla,0,3,3
Benjamila,0,3,3
Benjamìn,3,0,3
Bénjamin,3,0,3
Benjamin-Bo,3,0,3
Benjamin-Chris,3,0,3
Benjamin-Emil,3,0,3
Benjamin-Jacob,3,0,3
Benjamin-Jan,3,0,3
Benjamin-Meijer,3,0,3
Benjamin-Noah,3,0,3
Benjamin-Pascal,3,0,3
Benjamin-Ruben,3,0,3
Benjaminda,0,3,3
Benjamini,0,3,3
Benjaminito,3,0,3
Benjaminovich,3,0,3
Benjaminszoon,3,0,3
Benjamir,3,0,3
Benjamo,3,0,3
Benjanette,0,3,3
Benjarik,3,0,3
Benjaro,3,0,3
Benjatrie,0,3,3
Benje,3,0,3
Benjeck,3,0,3
Benjedid,3,0,3
Benjelis,0,3,3
Benjen,3,0,3
Benjenna,0,3,3
Benjesh,3,0,3
Benjhao,3,0,3
Benji-Jazz,3,0,3
Benjiamino,3,0,3
Benjiliano,3,0,3
Benjino,3,0,3
Benjion,3,0,3
Benjira,0,3,3
Benjob,3,0,3
Benjohn,3,0,3
Benjohnny,3,0,3
Benjomio,3,0,3
Benjones,3,0,3
Benjumina,0,3,3
Benjunas,3,0,3
Benkacem,3,0,3
Benkaddour,3,0,3
Benki,3,0,3
Benkt,3,0,3
Benleo,3,0,3
Benlinda,0,3,3
Benlinde,0,3,3
Benlly,3,0,3
Benly,3,0,3
Benmaa,0,3,3
Benmaâti,3,0,3
BenMackenzie,3,0,3
Bennaart,3,0,3
Bennaceur,3,0,3
Bennadeth,0,3,3
Bennadien,0,3,3
Bennadina,0,3,3
Bennadine,0,3,3
Bennar,3,0,3
Bennardes,3,0,3
Bennardina,0,3,3
Bennasser,3,0,3
Bennassir,3,0,3
Bennata,0,3,3
Bennathan,3,0,3
Bennatino,3,0,3
Benne-Jan,3,0,3
Benneboe,0,3,3
Bennedecto,3,0,3
Bennedictus,3,0,3
Bennedien,0,3,3
Bennediktus,3,0,3
Bennedine-Maria,0,3,3
Bennedith,0,3,3
Bennedito,3,0,3
Bennelien,0,3,3
Bennellie,0,3,3
Bennem,3,0,3
Bennemina,0,3,3
Bennendewinella,0,3,3
Bennep,3,0,3
Benneton,3,0,3
Bennetta,0,3,3
Bennety,3,0,3
Benniamin,3,0,3
Bennicia,0,3,3
Bennick,3,0,3
Bennicke,0,3,3
Bennie-Boy,3,0,3
Bennieh,0,3,3
Bennien,0,3,3
Bennilio,3,0,3
Benninius,3,0,3
Bennisa,0,3,3
Bennischa,0,3,3
Benniton,3,0,3
Bennity,0,3,3
Bennjamin,3,0,3
Benno-Christian,3,0,3
Benno-Dick,3,0,3
Benno-Jan,3,0,3
Bennoni,3,0,3
Bennte,0,3,3
Bennul,0,3,3
Bennus,3,0,3
Benny-Joe,3,0,3
Benny-John,3,0,3
Benny-Ray,3,0,3
Bennyck,3,0,3
Bennyta,0,3,3
Bennyto,3,0,3
Benoas,3,0,3
Benodet,0,3,3
Benodette,0,3,3
Bènoe,0,3,3
Benoë,0,3,3
Benoi,3,0,3
Benoït,3,0,3
Bènoît,3,0,3
Bènoit,3,0,3
Benôit,3,0,3
Benoit-Eugène,3,0,3
Benoît-Gabriël,3,0,3
Benol,3,0,3
Benomar,3,0,3
Benona,0,3,3
Bénoné,3,0,3
Benonnij,3,0,3
Benonny,3,0,3
Benpong,3,0,3
Benras,3,0,3
Benrick,3,0,3
Benrieke,0,3,3
Benrikus,3,0,3
Benro,3,0,3
Bensalem,3,0,3
Bensdochter,0,3,3
Benseliena,0,3,3
Bensen,3,0,3
Benshayro,3,0,3
Benshri,3,0,3
Benshy,0,3,3
Bensimon,0,3,3
Bensjamen,3,0,3
Bensje,0,3,3
Bensjen,3,0,3
Benske,0,3,3
Bent-Ruben,3,0,3
Benta,0,3,3
Bentany,3,0,3
Bentarek,3,0,3
Bentè,3,0,3
Benté,0,3,3
Bente-Aimée,0,3,3
Bente-Annelien,0,3,3
Bente-Elize,0,3,3
Bente-Jildau,0,3,3
Bente-Ruth,0,3,3
Bente-Sofie,0,3,3
Benteke,0,3,3
Benteley,0,3,3
Bentelouise,0,3,3
Benthe-Anne,0,3,3
Benthe-Anniek,0,3,3
Benthe-Banut,0,3,3
Benthe-Fiore,0,3,3
Benthe-Flore,0,3,3
Benthe-Lynn,0,3,3
Benthe-Mae,0,3,3
Benthe-Marie,0,3,3
Benthe-Marijn,0,3,3
Benthe-Sophie,0,3,3
Benthow,3,0,3
Benthy,0,3,3
Bentine,0,3,3
Bentinho,3,0,3
Bentino,3,0,3
Bentir,3,0,3
Bentivolio,3,0,3
Bentlea,3,0,3
Bentley-Jaxx,3,0,3
Bentley-Maxim,3,0,3
Bentley-Maximilliano,3,0,3
Bentò,3,0,3
Bentoine,3,0,3
Bentonius,3,0,3
Bentonny,3,0,3
Bentony,3,0,3
Bentry,3,0,3
Bentse,3,0,3
Bentsil,3,0,3
Bentsje,0,3,3
Bentty,3,0,3
Bentz,3,0,3
Benu,0,3,3
Benuard,3,0,3
Bénuette,0,3,3
Benuksha,0,3,3
Benulpha,0,3,3
Benulphus,3,0,3
Benur,3,0,3
Benusa,3,0,3
Benuto,3,0,3
Benvanida,0,3,3
Benvenido,3,0,3
Benvenito,3,0,3
Benvenitus,3,0,3
Benvenutes,3,0,3
Benyah,3,0,3
Benyahmine,3,0,3
Benyamaine,3,0,3
Benyamene,3,0,3
Benyamien,3,0,3
Benyao,3,0,3
Benyazid,3,0,3
Benyèmien,3,0,3
Benyi,3,0,3
Benyiano,3,0,3
Benyiwa,0,3,3
Benyn,0,3,3
Benyon,3,0,3
Benyounesse,3,0,3
Benysa,0,3,3
Benyse,0,3,3
Benysha,0,3,3
Benytto,3,0,3
Benyunis,3,0,3
Benywaa,0,3,3
Benyz-Kaeli,0,3,3
Benza,3,0,3
Benzelinna,0,3,3
Benzevi,3,0,3
Benzi,3,0,3
Benziane,3,0,3
Benzie,3,0,3
Benzjie,0,3,3
Benzo,3,0,3
Beo,3,0,3
Béon,3,0,3
Beonie,0,3,3
Beonna,0,3,3
Beonsa,3,0,3
Beoreen,0,3,3
Bepiene,0,3,3
Bepo,3,0,3
Beppa,0,3,3
Beppeke,0,3,3
Beppelien,0,3,3
Beppes,3,0,3
Beppien,0,3,3
Beps,0,3,3
Bepske,0,3,3
Beptino,3,0,3
Bequin,0,3,3
Bequm,0,3,3
Bër,3,0,3
Beraa,0,3,3
Beraad,3,0,3
Béracha,0,3,3
Berache,3,0,3
Berachiyah,3,0,3
Beradien,0,3,3
Beradiena,0,3,3
Beragisa,0,3,3
Berah,0,3,3
Beraldien,0,3,3
Berangère,0,3,3
Beranjo,3,0,3
Beranur,0,3,3
Beranush,3,0,3
Berard,0,3,3
Berardino,3,0,3
Berardo,3,0,3
Beraris,3,0,3
berat,3,0,3
Beratkaan,3,0,3
Beratkan,3,0,3
Berbarus,3,0,3
Berbas,3,0,3
Berbé,0,3,3
Berbée,0,3,3
Berben,3,0,3
Berber-Daniëlle,0,3,3
Berber-Gerjonne,0,3,3
Berber-Mia,0,3,3
Berberda,0,3,3
Berberra,0,3,3
Berbert,3,0,3
Berberta,0,3,3
Berbertsje,0,3,3
Berbetta,0,3,3
Berbina,0,3,3
Berbora,0,3,3
Berçan,3,0,3
Berçano,3,0,3
Berch,3,0,3
Berchaline,0,3,3
Berchat,0,3,3
Berchiéta,0,3,3
Berchma,0,3,3
Berchtoldus,3,0,3
Berçin,0,3,3
Berd-Jan,3,0,3
Berdagül,0,3,3
Berdanus,3,0,3
Berdar,3,0,3
Berded,3,0,3
Berdel,0,3,3
Berdhy,3,0,3
Berdî,3,0,3
Berdia,0,3,3
Berdiandra,0,3,3
Berdiane,0,3,3
Berdianus,3,0,3
Berdice,0,3,3
Berdieneke,0,3,3
Berdienus,3,0,3
Berdieqe,0,3,3
Berdies,0,3,3
Berdijnke,0,3,3
Berdik,3,0,3
Berdika,0,3,3
Berdinaan,3,0,3
Berdinald,3,0,3
Berdinan,3,0,3
Berdinant,3,0,3
Berdinard,3,0,3
Berdinas,3,0,3
Berdinen,3,0,3
Berdinis,3,0,3
Berdinius,3,0,3
Berdino,3,0,3
Berdizbe,3,0,3
Berdjes,3,0,3
Berdjouhi,0,3,3
Berdoré,3,0,3
Berdou,0,3,3
Berdrik,3,0,3
Berdrika,0,3,3
Berdtrant,3,0,3
Berdwina,0,3,3
Berdyna,3,0,3
Berechiah,0,3,3
Beredice,0,3,3
Beredien,0,3,3
Berediet,0,3,3
Beredijn,0,3,3
Beregti,0,3,3
Berekhyah,3,0,3
Berel,3,0,3
Bérelly,3,0,3
Berempomaa,0,3,3
Bèren,0,3,3
Berencan,3,0,3
Bérend,3,0,3
Berend-Bastiaan,3,0,3
Berend-Berend,3,0,3
Berend-Bertijn,3,0,3
Berend-Boppe,3,0,3
Berend-Christiaan,3,0,3
Berend-dina,0,3,3
Berend-Dries,3,0,3
Berend-Evert,3,0,3
Berend-Jannes,3,0,3
Berend-Jelle,3,0,3
Berend-Lubbertus,3,0,3
Berend-Raimond,3,0,3
Berénda,0,3,3
Bérenda,0,3,3
Bérènda,0,3,3
Berenddiena,0,3,3
Berenddinant,3,0,3
Berende,0,3,3
Berendet,0,3,3
Berendiderik,3,0,3
Berèndie,0,3,3
Berendieke,0,3,3
Berendinand,3,0,3
Berendinard,3,0,3
Bérendine,0,3,3
Berendinho,3,0,3
Berendinnus,3,0,3
Berendinov,3,0,3
Berendira,0,3,3
Berendo,3,0,3
Berendrika,0,3,3
Berendtienus,3,0,3
Berendtina,0,3,3
Berendyna,0,3,3
Berène,0,3,3
Berengaria,0,3,3
Berenger,3,0,3
Bérengere,0,3,3
Berengere,0,3,3
Bereniça,0,3,3
Berenica,0,3,3
Bereniece,0,3,3
Bérènique,0,3,3
Berenis,0,3,3
Berenise,0,3,3
Bérénisze,0,3,3
Berenjanna,0,3,3
Berennice,0,3,3
Berens,0,3,3
Berent-Jan,3,0,3
Berentio,3,0,3
Berentjen,0,3,3
Berènto,0,3,3
Berenyce,0,3,3
Berenze,0,3,3
Bererndina,0,3,3
Beresman,3,0,3
Beretta,0,3,3
Berevan,3,0,3
Berfey,0,3,3
Berffem,0,3,3
Berfim,0,3,3
Berfun,0,3,3
Berfunur,0,3,3
Bergère,0,3,3
Bergerette,0,3,3
Bergerre,3,0,3
Berget,0,3,3
Bergienes,3,0,3
Berginia,0,3,3
Berginni,3,0,3
Bergino,3,0,3
Bergitt,0,3,3
Bergje,0,3,3
Bergliot,0,3,3
Bergmana,0,3,3
Bergo,3,0,3
Bergtlef,3,0,3
Bergün,0,3,3
Bergur,3,0,3
Bergusto,3,0,3
Bergutay,3,0,3
Bergüzin,0,3,3
Berhanix,3,0,3
Berhem,3,0,3
Berhene,0,3,3
Berhentinius,3,0,3
Berhild,3,0,3
Berhoes,3,0,3
Berhold,3,0,3
Berhta,0,3,3
Berhy,3,0,3
Bèrí,3,0,3
Beriau,3,0,3
Beric,3,0,3
Berican,0,3,3
Beriehan,0,3,3
Beriek,0,3,3
Beriel,0,3,3
Berienes,3,0,3
Bérienke,0,3,3
Berienke,0,3,3
Berientje,0,3,3
Beriet,3,0,3
Berifong,3,0,3
Berih,3,0,3
Berijn,0,3,3
Berijs,3,0,3
Berijtje,0,3,3
Berilla,0,3,3
Bèrimah,3,0,3
Berîn,0,3,3
Berinka,0,3,3
Berinus,3,0,3
Berinvaldo,3,0,3
Berinyuy,0,3,3
Berîre,0,3,3
Beris,0,3,3
Berischa,0,3,3
Berisford,3,0,3
Berish,3,0,3
Berislav,3,0,3
Bèrit,0,3,3
Bërit,0,3,3
Beríth,0,3,3
Bérith,0,3,3
Berithe,0,3,3
Beritte,0,3,3
Bêrîvan,0,3,3
Beriven,0,3,3
Bêrîwan,0,3,3
Berj,3,0,3
Berjam,3,0,3
Bérjan,3,0,3
Berjande,0,3,3
Berjanne,0,3,3
Berjet,0,3,3
Berjn,3,0,3
Berjoh,3,0,3
Berjomin,3,0,3
Berkaan,3,0,3
Berkaj,3,0,3
Berkali,3,0,3
Berkân,3,0,3
Berkantcan,3,0,3
Berkay-Recep,3,0,3
Berkayc,3,0,3
Berkaycan,3,0,3
Berkefşan,3,0,3
Berkekaan,3,0,3
Berkenuh,3,0,3
Berker,3,0,3
Berkmanis,3,0,3
Berkoh,3,0,3
Berkok,3,0,3
Berksun,0,3,3
Berkteit,0,3,3
Berktuğ,3,0,3
Berlanty,0,3,3
Berlau,3,0,3
Berlauwth,3,0,3
Berle,3,0,3
Berlein,3,0,3
Berlenti,0,3,3
Berley,3,0,3
Berlhen,0,3,3
Berliana,0,3,3
Berlianzsa,3,0,3
Berlieke,0,3,3
Berlien,0,3,3
Berliena,0,3,3
Berlijanto,3,0,3
Berlijn,0,3,3
Berlika,0,3,3
Berlike,0,3,3
Berling,0,3,3
Berlion,3,0,3
Berlissa,0,3,3
Berliyana,0,3,3
Berliyanti,0,3,3
Berlizt,3,0,3
Berlov,3,0,3
Berlusconi,3,0,3
Berlynda,0,3,3
Berlynde,0,3,3
Bermadina,0,3,3
Bermandy,3,0,3
Bermannie,0,3,3
Bermar,3,0,3
Bermarda,0,3,3
Bermiene,0,3,3
Bermina,0,3,3
Bermon,3,0,3
Bermonde,0,3,3
Berna-Jalil,3,0,3
Bernaar,3,0,3
Bernaard,3,0,3
Bernaardus,3,0,3
Bernabea,0,3,3
Bernabeau,3,0,3
Bernabee,0,3,3
Bernabela,0,3,3
Bernabelle,0,3,3
Bernadea,0,3,3
Bernadela,0,3,3
Bernadertha,0,3,3
Bernadetteganem,0,3,3
Bernadetthe,0,3,3
Bernadettie,0,3,3
Bernadettine-Maria,0,3,3
Bernadi,3,0,3
Bernadia,0,3,3
Bernadic,0,3,3
Bernadicio,3,0,3
Bernadictus,3,0,3
Bernadieke,0,3,3
Bernadieni,0,3,3
Bernadih,0,3,3
Bernadijn,0,3,3
Bernadike,0,3,3
Bèrnadine,0,3,3
Bernadinia,0,3,3
Bernadio,3,0,3
Bernaditha,0,3,3
Bernaditte,0,3,3
Bernadoes,3,0,3
Bernadona,0,3,3
Bernadone,0,3,3
Bernafride,0,3,3
Bernagie,0,3,3
Bernahdine,0,3,3
Bernai,0,3,3
Bernair,3,0,3
Bernairis,0,3,3
Bernal,0,3,3
Bernaldet,0,3,3
Bernaldeth,0,3,3
Bernaldus,3,0,3
Bernalien,0,3,3
Bernalotte,0,3,3
Bernan,3,0,3
Bernandet,0,3,3
Bernandez,3,0,3
Bernandinha,0,3,3
Bernandino,3,0,3
Bernane,3,0,3
Bernantine,0,3,3
Bernár,3,0,3
Bèrnard,3,0,3
Bernard-jan,3,0,3
Bernard-Niels,3,0,3
Bernard-Willem,3,0,3
Bernardali,3,0,3
Bernarders,3,0,3
Bernardertte,0,3,3
Bernardeth,0,3,3
Bernardey,3,0,3
Bernardiana,0,3,3
Bernardictus,3,0,3
Bernardienke,0,3,3
Bernardine-José,0,3,3
Bernardinne,0,3,3
Bernardita,0,3,3
Bernarditte,0,3,3
Bernardt,3,0,3
Bernardtin,3,0,3
Bèrnardus,3,0,3
Bernardus-Johannus,3,0,3
Bernarduz,3,0,3
Bernarta,0,3,3
Bernarth,3,0,3
Bernartini,0,3,3
Bernarus,3,0,3
Bernasita,0,3,3
Bernasius,3,0,3
Bernàt,3,0,3
Bernate,0,3,3
Bernatus,3,0,3
Bernau-Dineke,0,3,3
Bernaut,3,0,3
Bernaw,3,0,3
Bernd-Guido,3,0,3
Bernd-Henk,3,0,3
Bernd-Joost,3,0,3
Bernd-Nils,3,0,3
Bernd-Paul,3,0,3
Bernd-Willem,3,0,3
Bernd-Wouter,3,0,3
Bernderjet,3,0,3
Berndetta,0,3,3
Berndia,0,3,3
Berndiene,0,3,3
BerndJan,3,0,3
Berndrika,0,3,3
Berndy,0,3,3
Berndyn,0,3,3
Berneanu,0,3,3
Berned,3,0,3
Bernedeen,0,3,3
Bernedeth,0,3,3
Bernedice,0,3,3
Bernee,0,3,3
Berneja,0,3,3
Bernel,0,3,3
Bernelia,0,3,3
Bernell,3,0,3
Bernella,0,3,3
Bernelle,3,0,3
Bernerdina,0,3,3
Bernerdine,0,3,3
Bernesia,0,3,3
Berneth,0,3,3
Berneys,0,3,3
Bernfried,3,0,3
Bernhadette,0,3,3
Bernhadina,0,3,3
Bernhard-Paul,3,0,3
Bernhardinus,3,0,3
Bernhardzoon,3,0,3
Bernhelm,3,0,3
Bernholdus,3,0,3
Bernica,0,3,3
Bérnice,0,3,3
Bernicé,0,3,3
Bèrnice,0,3,3
Bernice-Anne,0,3,3
Bernice-Annebeth,0,3,3
Bernician,3,0,3
Bernicio,3,0,3
Bernico,3,0,3
Bernie-Losokola,0,3,3
Berniekje,0,3,3
Bernienke,0,3,3
Bernige,0,3,3
Bernigna,0,3,3
Bernihal,0,3,3
Bernij,0,3,3
Bernikè,0,3,3
Bernilde,0,3,3
Bernisha,3,0,3
Berniss,0,3,3
Bernitta,0,3,3
Berniz,0,3,3
Bernjan,3,0,3
Bernnardus,3,0,3
Bernodina,0,3,3
Bernofina,0,3,3
Bernoit,3,0,3
Bernot,3,0,3
Bernout,3,0,3
Bernoux,0,3,3
Bernt-Christian,3,0,3
Bernt-Jan,3,0,3
Bernte,0,3,3
Bernth,3,0,3
Berntilde,0,3,3
Berntje,0,3,3
Bernts,3,0,3
Bernu,0,3,3
Bernus,3,0,3
Bernwarda,0,3,3
Bernwarde,0,3,3
Bernwardis,3,0,3
Bernyke,0,3,3
Beroechah,0,3,3
Beroeska,3,0,3
Berol,3,0,3
Beronica,0,3,3
Beroo,3,0,3
Berosa,0,3,3
Berôt,3,0,3
Berrah,3,0,3
Berraksu,0,3,3
Berrant,3,0,3
Berrardina,0,3,3
Berrè,3,0,3
Berreld,3,0,3
Berrelyn,0,3,3
Berrendine,0,3,3
Berrenka,0,3,3
Berrenur,0,3,3
Berria,0,3,3
Berrick,3,0,3
Berrie-Ben,3,0,3
Berriel,0,3,3
Berrijan,3,0,3
Berrili,0,3,3
Berrinanç,3,0,3
Berrinda-Catharina,0,3,3
Berrino,3,0,3
Berrisford,3,0,3
Berrison,3,0,3
Berrius,3,0,3
Berrnardina,0,3,3
Berruhan,3,0,3
Berry-Mario,0,3,3
Berryando,3,0,3
Berryll,0,3,3
Berryonda,3,0,3
Berryray,3,0,3
Berryschia,0,3,3
Berşah,3,0,3
Berschijna,0,3,3
Berseba,0,3,3
Berséda,0,3,3
Bershamiro,3,0,3
Bershantely,0,3,3
Bersheba-Rachel,0,3,3
Bershenito,3,0,3
Bershna,0,3,3
Bersis,3,0,3
Berslan,3,0,3
Bèrt,3,0,3
Bert-Anne,0,3,3
Bert-Bart,3,0,3
Bert-Dinand,3,0,3
Bert-Es,3,0,3
Bert-Garon,3,0,3
Bert-Hendrik,3,0,3
Bert-Jaap,3,0,3
Bert-Jacob,3,0,3
Bert-Jasper,3,0,3
Bert-Jayden,3,0,3
Bert-Jimco,3,0,3
Bert-Johan,3,0,3
Bert-Maarten,3,0,3
Bert-Rein,3,0,3
Bèrta,0,3,3
Bertain,3,0,3
Bertalie,0,3,3
Bertaloma,3,0,3
Bertalomé,0,3,3
Bertaly,0,3,3
Bertani,0,3,3
Bertanja,0,3,3
Bertarit,3,0,3
Bertç,3,0,3
Bertch,3,0,3
Bertchen,0,3,3
Berteli,0,3,3
Berteliena,0,3,3
Bertelijn,0,3,3
Berteline,0,3,3
Bertelli,3,0,3
Bertelomeus,3,0,3
Bertelt,3,0,3
Bertelyntje,0,3,3
Bertens,3,0,3
Bertenus,3,0,3
Berterand,3,0,3
Bertessa,0,3,3
Bertfriede,0,3,3
Berth-Jan,3,0,3
Bertha-Maria,0,3,3
Berthagonda,0,3,3
Berthal,3,0,3
Berthaldo,3,0,3
Berthalie,0,3,3
Berthalise,0,3,3
Bertham,3,0,3
Berthamarine,0,3,3
Berthany,0,3,3
Berthé,0,3,3
Berthe-Josèphe,0,3,3
Berthe-Maria,0,3,3
Bertheld,3,0,3
Berthelotte,0,3,3
Bertheo,3,0,3
Bertherina,0,3,3
Bertheus,3,0,3
Berthey,3,0,3
Berthida,0,3,3
Berthiér-Joubèrt,3,0,3
Berthijntje,0,3,3
Berthildis,0,3,3
Berthildus,3,0,3
Berthile,0,3,3
Berthilie,0,3,3
Berthill,3,0,3
Berthilotte,0,3,3
Berthilse,0,3,3
Berthin,3,0,3
Berthino,3,0,3
Berthirza,0,3,3
Berthjan,3,0,3
Berthmanus,3,0,3
Bertholens,3,0,3
Bertholf,3,0,3
Bertholina-Amelia,0,3,3
Berthoud,3,0,3
Berthra,0,3,3
Berthrand,3,0,3
Berthson,3,0,3
Berthylde,0,3,3
Berthyn,0,3,3
Bertí,0,3,3
Bertiaantje,0,3,3
Bertian,3,0,3
Bertica,0,3,3
Bertice,0,3,3
Bertico,3,0,3
Bertiel,3,0,3
Bertiëlle,0,3,3
Bertienke,0,3,3
Bertienne,0,3,3
Bertík,3,0,3
Bertíl,3,0,3
Bertil-Edwin,3,0,3
Bertillia,0,3,3
Bertim,3,0,3
Bértine,0,3,3
Bertines,3,0,3
Bertinka,0,3,3
Bertinne,0,3,3
Bertisa,0,3,3
Bertise,0,3,3
Bertius,3,0,3
Bertjaap,3,0,3
Bertjamin,3,0,3
Bertjan-Jelle,3,0,3
Bertjana,0,3,3
Bertjonie,0,3,3
Bertke,0,3,3
Bertland,3,0,3
Bertnando,3,0,3
Bertoldo,3,0,3
Bertolf,3,0,3
Bertolucci,3,0,3
Bertone,3,0,3
Bertonelli,3,0,3
Bertorini,3,0,3
Bertrà,0,3,3
Bertrada,0,3,3
Bertrana,0,3,3
Bertrand-Leander,3,0,3
Bertrande,0,3,3
Bertrandes,3,0,3
Bertrandina,0,3,3
Bertrandzoon,3,0,3
Bertrano,3,0,3
Bertrans,3,0,3
Bertrant,3,0,3
Bertraude,0,3,3
Bertri,0,3,3
Bertriana,0,3,3
Bertric,3,0,3
Bërtrick,3,0,3
Bertriek,0,3,3
Bertrieke,0,3,3
Bertrille,0,3,3
Bertrim,3,0,3
Bertrin,3,0,3
Bertrina,0,3,3
Bertrol,3,0,3
Bertrold,3,0,3
Bertrüd,0,3,3
Bertruid,0,3,3
Berts,3,0,3
Bertsd,0,3,3
Bertshedy,0,3,3
Bertsz,3,0,3
Bertu,3,0,3
Bertua,3,0,3
Bertuina,0,3,3
Bertukan,0,3,3
Bertules,3,0,3
Bertulf,3,0,3
Bertulpha,0,3,3
Bertuna,0,3,3
Bertus-Anne,3,0,3
Bertus-Arend,3,0,3
Bertus-Douwe,3,0,3
Bertusa,0,3,3
Bertuse,0,3,3
Bertwich,3,0,3
Bertwil,3,0,3
Bertwim,3,0,3
Bertwines,3,0,3
Bertwinia,0,3,3
Berû,3,0,3
Beruan,3,0,3
Beruchya,0,3,3
Berul,3,0,3
Beruriah,0,3,3
Beruska,0,3,3
Bervan,3,0,3
Berve,0,3,3
Berverly,0,3,3
Berwalth,3,0,3
Berwar,3,0,3
Berwieg,3,0,3
Berwig,3,0,3
Berwoud,3,0,3
Berwyna,0,3,3
Berxo,3,0,3
Berxudan,0,3,3
Berya,0,3,3
Beryar,3,0,3
Beryliya,0,3,3
Berylo,3,0,3
Beryt,0,3,3
Beryth,0,3,3
Berzelina,0,3,3
Berzem,0,3,3
Berzi,0,3,3
Berzie,0,3,3
Berzien,0,3,3
Berzinus,3,0,3
Berzion,3,0,3
Bésa,0,3,3
Besada,0,3,3
Besan,0,3,3
Besandkumar,3,0,3
Besarda,0,3,3
Besaret,3,0,3
Besartë,3,0,3
Besat,3,0,3
Bescher,3,0,3
Besem,0,3,3
Bèsem,3,0,3
Beseyme,0,3,3
Besfort,3,0,3
Besha,3,0,3
Beshan,3,0,3
Beshier,3,0,3
Beshir,3,0,3
Beshta,0,3,3
Besien,0,3,3
Besijan,3,0,3
Besire,0,3,3
Besje,0,3,3
Besley,3,0,3
Besm,3,0,3
Besmaa,0,3,3
Besmalah,0,3,3
Besmaya,0,3,3
Besme,0,3,3
Besmela,0,3,3
Besmelah,0,3,3
Besmeleh,0,3,3
Besmelle,0,3,3
Besneh,0,3,3
Besnike,0,3,3
Besongarrey,0,3,3
Besor,3,0,3
Besrat,0,3,3
Bessaam,3,0,3
Bessalien,0,3,3
Bessalina,0,3,3
Beşşar,3,0,3
Bessart,3,0,3
Bessely,0,3,3
Besselyn,0,3,3
Bessilia,0,3,3
Bessol,3,0,3
Bessong,3,0,3
Bestecan,0,3,3
Bester,0,3,3
Bestiane,0,3,3
Bestlina,0,3,3
Bestuun,0,3,3
Bestwin,3,0,3
bet,0,3,3
Betalhem,0,3,3
Betan,0,3,3
Betânia,0,3,3
Betanja,0,3,3
Bétanny,0,3,3
Betauw,3,0,3
Betawie,3,0,3
Beteab,3,0,3
Beteel,0,3,3
Betek,3,0,3
Betelehem,0,3,3
Beteleme,0,3,3
Betelia,0,3,3
Betelihem,0,3,3
Betelsa,0,3,3
Beth-Ann,0,3,3
Bethajaantje,0,3,3
Bethanna,0,3,3
Bethany-Faith,0,3,3
Betharia,0,3,3
Bethdien,0,3,3
Bethelhem,0,3,3
Bethelina,0,3,3
Bethelle,0,3,3
Bethia,0,3,3
Bethiel,0,3,3
Bethinha,0,3,3
Bethinia,0,3,3
Bethinie,0,3,3
Bethinka,0,3,3
Bethiya-Sophiya,0,3,3
Bethjana,0,3,3
Bethke,0,3,3
Bethkol,0,3,3
Bethlémine,0,3,3
Bethliz,0,3,3
Bethoel,0,3,3
Bethold,3,0,3
Betholia,0,3,3
Bethram,3,0,3
Bethsaïda,0,3,3
Bethsany,0,3,3
Bethseda,0,3,3
Bethseline,0,3,3
Bethsie,0,3,3
Bethslot,3,0,3
Bethtiaantje,0,3,3
Bethtina,0,3,3
Bethtus,3,0,3
Bethül,0,3,3
Bethulia,0,3,3
Bethunhe,3,0,3
Bethzy,0,3,3
Betiana,0,3,3
Betien,3,0,3
Betiena,0,3,3
Betiene,0,3,3
Betigün,0,3,3
Betilla,0,3,3
Betinha,0,3,3
Betiny,0,3,3
Betisame,0,3,3
Betissem,0,3,3
Betjan,3,0,3
Betjë,0,3,3
Bétji,0,3,3
Betjie,0,3,3
Betka,0,3,3
Betke,0,3,3
Betli,0,3,3
Betlien,0,3,3
Betol,0,3,3
Betra,0,3,3
Betrand,3,0,3
Betres,3,0,3
Bétrice,0,3,3
Betricia,0,3,3
Betrijs,0,3,3
Betrina,3,0,3
Betrouska,0,3,3
Betroy,3,0,3
Betsaam,0,3,3
Betsabé,0,3,3
Betsabeth,0,3,3
Betsaida,0,3,3
Betsaïn,0,3,3
Betsalel,3,0,3
Betsanne,0,3,3
Betselien,0,3,3
Betselina,0,3,3
Betserai,3,0,3
Betsheba,0,3,3
Betshie,0,3,3
Betsiecamsilla,0,3,3
Betsji,0,3,3
Betsyann,0,3,3
Bettany,0,3,3
Bette-Ann,0,3,3
Bette-Marie,0,3,3
Bette-Marieke,0,3,3
Bettebien,0,3,3
Bettekee,0,3,3
Betteko,0,3,3
Bettemiek,0,3,3
Bettes,3,0,3
Bettey,0,3,3
Betthany,0,3,3
Betthejaantje,0,3,3
Bettilja,0,3,3
Bettini,3,0,3
Bettinka,0,3,3
Bettinuccia,0,3,3
Bettinus,3,0,3
Bettiny,0,3,3
Bettrand,3,0,3
Bettuelle,0,3,3
Bettül,0,3,3
Betty-Jane,0,3,3
Betty-Joan,0,3,3
Betty-Mae,0,3,3
Betty-Mary,0,3,3
Bettyel,0,3,3
Bettynus,3,0,3
Bettysha,0,3,3
Betuël,3,0,3
Bétul,0,3,3
Betül-Selime,0,3,3
Betül-Zehra,0,3,3
Betülay,0,3,3
Betullah,3,0,3
Betülnas,0,3,3
Betülnur,0,3,3
Betwen,3,0,3
Betwin,3,0,3
Betyah,0,3,3
Betyna,0,3,3
Betzabet,0,3,3
Betzebha,0,3,3
Beu,0,3,3
Beulha,0,3,3
Beullah,0,3,3
Beun,3,0,3
Beunis,3,0,3
Beunoit,3,0,3
Beurtman,3,0,3
Beurys,3,0,3
Beus,3,0,3
Bevelina,0,3,3
Beverl,3,0,3
Bèverley,0,3,3
Beverley-Jane,0,3,3
Beverly-Ambar,0,3,3
Bevi's,3,0,3
Bevily,0,3,3
Bevindo,3,0,3
Bevinoc,3,0,3
Bevis,3,0,3
Bevline,0,3,3
Bewaji,0,3,3
Bewan,3,0,3
Béwar,3,0,3
Bêwar,3,0,3
Bewarang,3,0,3
Bewina,0,3,3
Bex,3,0,3
Beyaah,0,3,3
Beyaan,0,3,3
Beyaaz,0,3,3
Beyam,3,0,3
Beyancé,0,3,3
Beyazıd,3,0,3
Beybolat,3,0,3
Beycan,3,0,3
Beychevelle,0,3,3
Beydan,0,3,3
Beydar,3,0,3
Beydjio,3,0,3
Beydju,3,0,3
Beye,3,0,3
Beyehiye,0,3,3
Beyene,3,0,3
Beyer,3,0,3
Beyere,3,0,3
Beygüzar,0,3,3
Beyincé,0,3,3
Beyit,3,0,3
Beykan,3,0,3
Beyken,0,3,3
Beylem,0,3,3
Beylula,0,3,3
Beyna,0,3,3
Beynaz,0,3,3
Béyon,3,0,3
Beyona,0,3,3
Beyóncé,0,3,3
Beyonće,0,3,3
Beyonda,0,3,3
Beyònreech,3,0,3
Beyraet,0,3,3
Beyros,3,0,3
Beysa,0,3,3
Beyson,0,3,3
Beyt,3,0,3
Beyti,3,0,3
Beytugan,3,0,3
Beytulah,3,0,3
Beytulla,3,0,3
Beytüllah,3,0,3
Beyu,0,3,3
Beyya,0,3,3
Beyzagülzeynep,0,3,3
Beyzanűr,0,3,3
Beyzentha,0,3,3
Bez,3,0,3
Bezad,3,0,3
Bezaf,3,0,3
Bezait,0,3,3
Bezaleel,3,0,3
Bezalel,3,0,3
Bezar,0,3,3
Bezel,0,3,3
Bezenco,3,0,3
Bezhân,3,0,3
Bezilius,3,0,3
Bezjan,0,3,3
Bezjar,3,0,3
Bezjin,0,3,3
Bezmiye,0,3,3
BGL,0,3,3
BGM,3,0,3
BGW,3,0,3
Bhaarethi,0,3,3
Bhaargavi,0,3,3
Bhaartiedebie,0,3,3
Bhaashkar,3,0,3
BhabyLana,0,3,3
BhabyLuna,0,3,3
Bhaderesein,3,0,3
Bhadresain,3,0,3
Bhadresingh,3,0,3
Bhagavatam,3,0,3
Bhagavati,0,3,3
Bhageshwari,0,3,3
Bhaghwatie,0,3,3
Bhagirath,3,0,3
Bhagjeradj,3,0,3
Bhagmani,0,3,3
Bhagt,3,0,3
Bhagwandai,0,3,3
Bhagwandas,3,0,3
Bhagwandei,0,3,3
Bhagwandien,3,0,3
Bhagwandin,3,0,3
Bhagwankumar,3,0,3
Bhagwantia,0,3,3
Bhagwantpersad,3,0,3
Bhagwatsamipersad,3,0,3
Bhagyalakshmi,0,3,3
Bhagyashri,0,3,3
Bhailley,0,3,3
Bhairavi,0,3,3
Bhairen,3,0,3
Bhaja,3,0,3
Bhajan,3,0,3
Bhakt-Dhroew,3,0,3
Bhakti-sandarbha,0,3,3
Bhaktiarupa,3,0,3
Bhaktidā,0,3,3
Bhaktilata,0,3,3
Bhaktyar,3,0,3
Bhalli,0,3,3
Bhandana,0,3,3
Bhanmatie,0,3,3
Bhanoe,3,0,3
Bhanoeshant,3,0,3
Bhansingh,3,0,3
Bhanupong,3,0,3
Bhanupratap,3,0,3
Bhanupriya,0,3,3
Bharam,3,0,3
Bharata,0,3,3
Bharatabhushan,3,0,3
Bharatbhusan,3,0,3
Bharatdew,3,0,3
Bharatdhanraj,3,0,3
Bharatdwaay,3,0,3
Bharath,3,0,3
Bharathi,0,3,3
Bharatidevi,0,3,3
Bharatidevie,0,3,3
Bharatkoemar,3,0,3
Bhardie,0,3,3
Bhareh,0,3,3
Bharetie,0,3,3
Bharetkumar,3,0,3
Bharetsing,3,0,3
Bharetsingh,3,0,3
Bhargavi,0,3,3
Bharinjo,3,0,3
Bharis,3,0,3
Bharnabas,3,0,3
Bharneet,0,3,3
Bharos,3,0,3
Bharoto,3,0,3
Bharthi,0,3,3
Bharthiedevie,0,3,3
Bharthy,0,3,3
Bhartiben,0,3,3
Bhartidewi,0,3,3
Bhartiedibie,0,3,3
Bhartikumari,0,3,3
Bhartina,0,3,3
Bharuth,3,0,3
Bhashkar,3,0,3
Bhasiree,0,3,3
Bhasker,3,0,3
Bhatari,0,3,3
Bhatiedevie,0,3,3
Bhatool,0,3,3
Bhauna,0,3,3
Bhaunatpersad,3,0,3
Bhavan,3,0,3
Bhavinidevi,0,3,3
Bhavish,3,0,3
Bhavnish,3,0,3
Bhavnoer,0,3,3
Bhavya,0,3,3
Bhawana,0,3,3
Bhawandeep,3,0,3
Bhawani,3,0,3
Bhawanidin,3,0,3
Bhawansiengh,3,0,3
Bhawantrie,0,3,3
Bhawishya,3,0,3
Bhawninder,3,0,3
Bhawya,0,3,3
Bhayaèl,3,0,3
Bhayo,3,0,3
Bhe,3,0,3
Bhedi,0,3,3
Bheine,3,0,3
Bhekani,3,0,3
Bhele,3,0,3
Bhene,3,0,3
Bhenk,3,0,3
Bhente,3,0,3
Bheramgul,3,0,3
Bherat,3,0,3
Bheroshkoemar,3,0,3
Bhertina,0,3,3
Bhete,0,3,3
Bheurnadine,0,3,3
Bhewan,3,0,3
Bheyn,3,0,3
BHHL,3,0,3
Bhidjawatie,0,3,3
Bhiemwatie,0,3,3
Bhik,0,3,3
Bhikki,0,3,3
Bhilogen,3,0,3
Bhim,3,0,3
Bhimaparie,0,3,3
Bhimaraja,3,0,3
Bhimawattie,0,3,3
Bhimla,0,3,3
Bhimsen,3,0,3
Bhinder,3,0,3
Bhinderpersad,3,0,3
Bhindia,0,3,3
Bhindiya,0,3,3
Bhirowe,0,3,3
Bhishamsingh,3,0,3
Bhishmanandsharma,3,0,3
Bhismawatie,0,3,3
Bhismpitamh,3,0,3
Bhiswajeet,3,0,3
BHJ,3,0,3
BHM,0,3,3
Bhoaz,3,0,3
Bhodil,3,0,3
Bhodin,3,0,3
Bhoelai,3,0,3
Bhoepindhra,3,0,3
Bhoepkoemarie,0,3,3
Bhogiendré,3,0,3
Bhogos,3,0,3
Bhogwan,3,0,3
Bhoi,3,0,3
Bhoja,3,0,3
Bhojan,3,0,3
Bholanath,3,0,3
Bholasing,3,0,3
Bhole,3,0,3
Bhomi,0,3,3
Bhonice,0,3,3
Bhoodia,0,3,3
Bhoomie,0,3,3
Bhoomikadevi,0,3,3
Bhoonshadhi,3,0,3
Bhoopalam,0,3,3
Bhos,3,0,3
Bhoshan,3,0,3
Bhosle,0,3,3
Bhoyi,0,3,3
Bhrama,3,0,3
Bhramananth,3,0,3
Bhric,3,0,3
Bhrigu,3,0,3
Bhrigwashram,3,0,3
Bhris,3,0,3
Bhudia,0,3,3
Bhugra,0,3,3
Bhugwandin,3,0,3
Bhujel,0,3,3
Bhumbet,3,0,3
Bhumi,0,3,3
Bhun,3,0,3
Bhungane,3,0,3
Bhuong,0,3,3
Bhupesh,3,0,3
Bhupindra,3,0,3
Bhura,3,0,3
Bhutawan,3,0,3
Bhuvanesh,3,0,3
Bhuvaneshwari,0,3,3
Bhuwica,0,3,3
Bhyrdher,0,3,3
Bi-Bi,0,3,3
Bi-Ling,0,3,3
Bi-rong,0,3,3
Bi-Yao,3,0,3
Biaf,3,0,3
Biafra,0,3,3
Biag,3,0,3
Biagia,0,3,3
Biagina,0,3,3
Biaina,0,3,3
Biaini,0,3,3
Biak,3,0,3
Biaka,0,3,3
Bialo,3,0,3
Biamah,0,3,3
Bian-Sioe,3,0,3
Bian-Tie,3,0,3
Biánca,0,3,3
Biancă,0,3,3
Bianca-Frida,0,3,3
Bianca-Paola,0,3,3
Bianca-Petronella,0,3,3
Bianca-Sabina,0,3,3
Bianca-Stella,0,3,3
Bianca-Tamara,0,3,3
Biancamaria,0,3,3
Biancka,0,3,3
Bianda,0,3,3
Biandina,0,3,3
Biandra,0,3,3
Biangela,0,3,3
Bianief,3,0,3
Biankini,3,0,3
Bianko,3,0,3
Bianna,0,3,3
Bianor,3,0,3
Bianqua,0,3,3
Biansa,0,3,3
Bianshela,0,3,3
Bianta,0,3,3
Biantey,0,3,3
Bianty,0,3,3
Bianu,3,0,3
Biarda,0,3,3
Biarice,0,3,3
Biarison,3,0,3
Biarne,3,0,3
Bias,3,0,3
Biasca,0,3,3
Biata,0,3,3
Biate,0,3,3
Biatochi,0,3,3
Biatricia,0,3,3
Biaulien,0,3,3
Biauw,3,0,3
Biayi,3,0,3
Biban,3,0,3
Bibbe,0,3,3
Bibben,0,3,3
Bibbianne,0,3,3
Bibbienne,0,3,3
Bibby,0,3,3
Bibeane,0,3,3
Bibèche,0,3,3
Bibejane,0,3,3
Bibek,3,0,3
Bibelien,0,3,3
Bibelore,0,3,3
Bibett,0,3,3
Bibh,0,3,3
Bibi-Aïcha,0,3,3
Bibi-Beau,0,3,3
Bibi-Charlotte,0,3,3
Bibi-Elle,0,3,3
Bibi-Ellen,0,3,3
Bibi-Faye,0,3,3
Bibi-jan,0,3,3
Bibi-Jan,0,3,3
Bibi-Jana,0,3,3
Bibi-jana,0,3,3
Bibi-Jolene,0,3,3
Bibi-Jolie,0,3,3
Bibi-Jolijn,0,3,3
Bibi-Julie,0,3,3
Bibi-Kim,0,3,3
Bibi-Lotta,0,3,3
Bibi-Lovisa,0,3,3
Bibi-lynn,0,3,3
Bibi-Madée,0,3,3
Bibi-Maé,0,3,3
Bibi-May,0,3,3
Bibi-Nova,0,3,3
Bibi-Vedra,0,3,3
Bibiaan,3,0,3
Bibiána,0,3,3
Bibianus,3,0,3
Bibice,0,3,3
Bibich,0,3,3
Bibiëlle,0,3,3
Bibien,0,3,3
Bibiéna,0,3,3
Bibiène,0,3,3
Bibièno,3,0,3
Bibiëtte,0,3,3
Bibijan,0,3,3
Bibikim,0,3,3
Bibiley,0,3,3
Bibin,3,0,3
Bibiñe,0,3,3
Bibisaiba,0,3,3
Bibischa,0,3,3
Bibiya,0,3,3
Bibiyana,0,3,3
Bibiyéla,0,3,3
Bibizahra,0,3,3
Bibizz,0,3,3
Bibliáne,0,3,3
Bibob,3,0,3
Bibomba,3,0,3
Bibth,0,3,3
Bibyan,0,3,3
Biçak,3,0,3
Bice,0,3,3
Bicenta,0,3,3
Bicente,3,0,3
Bićh,0,3,3
Bichan,3,0,3
Bichngoc,0,3,3
Bichou,0,3,3
Bichu,3,0,3
Bickeltje,0,3,3
Bickr,3,0,3
Bidar,3,0,3
Bidayah,0,3,3
Bidemi,0,3,3
Bidhanee,0,3,3
Bidhasingh,3,0,3
Bidhe,3,0,3
Bidhiawatie,0,3,3
Bidia,0,3,3
Bidijawatie,0,3,3
Bidin,3,0,3
Bidjai-Anand,3,0,3
Bidjaidath,3,0,3
Bidjaijkumar,3,0,3
Bidjailachmi,0,3,3
Bidjaiperkash,3,0,3
Bidjairaadj,3,0,3
Bidjaising,3,0,3
Bidjaisingh,3,0,3
Bidjaksana,3,0,3
Bidjawalie,0,3,3
Bidjaykoemar,3,0,3
Bidjaysingh,3,0,3
Bidjed,3,0,3
Bidjkoemar,3,0,3
Bidjlie,0,3,3
Bidjmawatie,0,3,3
Bidjoy,3,0,3
Bidounga,0,3,3
Bidwantia,0,3,3
Bidyawatie,0,3,3
Bie-Bie,0,3,3
Bieaulie,0,3,3
Biebe,0,3,3
Biebi,0,3,3
Biebiana,0,3,3
Biebieana,0,3,3
Biebijana,0,3,3
Biebs,0,3,3
Bieck,3,0,3
Biedjai,3,0,3
Biedjay,3,0,3
Biedjie,3,0,3
Biedjlie,0,3,3
Biedjma,0,3,3
Biefkina,0,3,3
Biegeltje,0,3,3
Biego,3,0,3
Biéh,0,3,3
Bieh,0,3,3
Biejainti,0,3,3
Biejanka,0,3,3
Biejaykumar,3,0,3
Biejensellij,0,3,3
Biekiena,0,3,3
Biekina,0,3,3
Biekine,0,3,3
Biekram,3,0,3
Bielel,3,0,3
Bielkje,0,3,3
Biella,0,3,3
Biëlla,0,3,3
Bielul,0,3,3
Biely,0,3,3
Biem-Jan,3,0,3
Biema,0,3,3
Biemen,3,0,3
Biemholt,3,0,3
Bienahi,3,0,3
Bienay,0,3,3
Biendhoe,0,3,3
Biendiya,0,3,3
Biëndjahmien,3,0,3
Biendy,0,3,3
Biendya,0,3,3
Biendyadebi,0,3,3
Biëne,0,3,3
Bienemann,0,3,3
Bienette,0,3,3
Bieni,0,3,3
Bieniam,3,0,3
Bienja,0,3,3
Biënjamien,3,0,3
Bienlavie,0,3,3
Bienna,0,3,3
Biènne,0,3,3
Biennedelavie,0,3,3
Bienò,3,0,3
Biénothy,3,0,3
Bient,3,0,3
Bienta,0,3,3
Bienus,3,0,3
Biënvenida,0,3,3
Biënvineda,0,3,3
Bienvinida,0,3,3
Biënvinido,3,0,3
Bierender,3,0,3
Bierju,3,0,3
Biersin,3,0,3
Biesan,0,3,3
Biesanne,0,3,3
Biesawanand,3,0,3
Bieshwenath,3,0,3
Biesnath,3,0,3
Biesnoedat,3,0,3
Biesnoedei,0,3,3
Biesnoepersad,3,0,3
Biesoendayal,3,0,3
Biesoendey,0,3,3
Biessaan,0,3,3
Bieswanand,3,0,3
Bieswenath,3,0,3
Biet,0,3,3
Bieuwcke,3,0,3
Bieuwelien,0,3,3
Bieuwka,0,3,3
Bieuwktjen,0,3,3
Bieverdiena,0,3,3
Biewko,3,0,3
Biff,3,0,3
Biffani,0,3,3
Biffia,0,3,3
Big-Foot,3,0,3
Big-Lin,0,3,3
Bigad,3,0,3
Bigala,0,3,3
Bigas,3,0,3
Bigelia,0,3,3
Bigerd,3,0,3
Bighama,0,3,3
Bigie-Kolokoe,3,0,3
Bigietia,0,3,3
Bigina,0,3,3
Bigirimana,3,0,3
Bigitta,0,3,3
Bigitte,0,3,3
Bigiz,0,3,3
Bignetta,0,3,3
Bigriete,0,3,3
Bigtree,3,0,3
Bihm,3,0,3
Bihmâl,0,3,3
Bihnwi-Alieh,0,3,3
Bijad,3,0,3
Bijai,3,0,3
Bijaikoemar,3,0,3
Bijala,0,3,3
Bíjan,3,0,3
Bijanca,0,3,3
Bijanne,0,3,3
Bijannetje,0,3,3
Bije,0,3,3
Bijeli,0,3,3
Bîjen,3,0,3
Bijen,3,0,3
Bijesh,3,0,3
Biji,3,0,3
Bijintiemala,0,3,3
Bijjoux,0,3,3
Bijkeliena,0,3,3
Bijlaard,3,0,3
Bijlinda,0,3,3
Bijntje,0,3,3
Bijon,3,0,3
Bijonda,0,3,3
Bijouna,0,3,3
Bijran,3,0,3
Bijtsche,0,3,3
Biju,3,0,3
Bijun,0,3,3
Bik-Ka,0,3,3
Bik-kei,0,3,3
Bik-Lam,0,3,3
Bikay,0,3,3
Bikie,0,3,3
Bikini,0,3,3
Bikker,3,0,3
Bikoro,3,0,3
Bikramjeet,3,0,3
Bikran,3,0,3
Bikri,3,0,3
Biks,3,0,3
Bil,3,0,3
Bilader,3,0,3
Bilah,3,0,3
Bilai,3,0,3
Bilaine,3,0,3
Bilál,3,0,3
Bilăl,3,0,3
Bilāl,3,0,3
Bilâl-Celil,3,0,3
Bilal-Hicham,3,0,3
Bilal-Saber,3,0,3
Bilale,3,0,3
Bilalhabeşi,3,0,3
Bilali,3,0,3
Bilalreda,3,0,3
Bilalsaid,3,0,3
Bilaltayyar,3,0,3
Bilane,0,3,3
Bilangela,0,3,3
Bilap,3,0,3
Bilawal,3,0,3
Bilba,0,3,3
Bilde,3,0,3
Bileh,3,0,3
Bileisy,0,3,3
Bilêll,3,0,3
Bilell,3,0,3
Bilenca,0,3,3
Bilĝekaan,3,0,3
Bilgekağan,3,0,3
Bilgesah,0,3,3
Bilgesan,0,3,3
Bilginç,3,0,3
Bilginer,3,0,3
Bilgis,0,3,3
Bilgishou,0,3,3
Bilgiyar,3,0,3
Bilgiye,0,3,3
Bilguissa,0,3,3
Bilgün,0,3,3
Bilguun,3,0,3
Bilgüzer,0,3,3
Bilhadina,0,3,3
Biliam,3,0,3
Bilic,0,3,3
Bilisa,0,3,3
Bilise,0,3,3
Bilizare,0,3,3
Biljanca,0,3,3
Bilka,0,3,3
Bilkan,3,0,3
Bilkyan,3,0,3
Bill-Lee,3,0,3
Billabong,0,3,3
Billant,3,0,3
Billaska,0,3,3
Billé,3,0,3
Billël,3,0,3
Billel,3,0,3
Billian,3,0,3
BilliBop,0,3,3
Billibreaks,3,0,3
Billie-Chan,3,0,3
Billie-Do,0,3,3
Billie-Joe,3,0,3
Billie-Mae,0,3,3
Billie-Marie,0,3,3
Billie-Ré,3,0,3
Billie-Rose,0,3,3
Billiejanus,3,0,3
Billij,3,0,3
Billis,0,3,3
Billitis,0,3,3
Billo,3,0,3
Billoh,3,0,3
Billy-Aimee,0,3,3
Billy-Dee,3,0,3
Billy-Elise,0,3,3
Billy-Jane,0,3,3
Billy-Jay,3,0,3
Billy-Jo,3,0,3
Billy-joy,0,3,3
Billy-Joy,0,3,3
Billy-Loïs,0,3,3
Billy-Mae,0,3,3
Billy-Raoul,3,0,3
Billy-Sue,0,3,3
Billy-Wim,3,0,3
Billyana,0,3,3
BillyAnn,0,3,3
Biloe,0,3,3
Bilola,0,3,3
Bilonda,0,3,3
Bilongo,3,0,3
Bilorio,3,0,3
Bilouschka,0,3,3
Bilques,0,3,3
Bilqys,0,3,3
Biltan,0,3,3
Biluge,3,0,3
Bilun,0,3,3
Bilüska,0,3,3
Bilyana,0,3,3
Bilyen,0,3,3
BIM,3,0,3
Bimasenna,3,0,3
Bimby,0,3,3
Bimeswar,3,0,3
Bimm,3,0,3
Bimmer,3,0,3
Bimoseno,3,0,3
Bimpeh,0,3,3
Bimpong,0,3,3
Bimtey,0,3,3
bin-Adam,3,0,3
Bin-Hui,0,3,3
Bin-Jin,0,3,3
Bin-Joachim,3,0,3
bin-te,0,3,3
Binadath,3,0,3
Binal,3,0,3
Binalay,3,0,3
Binanca,0,3,3
Binaray,0,3,3
Binardo,3,0,3
Binasev,0,3,3
Binash,0,3,3
Binatlı,3,0,3
Binawa,0,3,3
Binaya,0,3,3
Binayak,3,0,3
Binayjot,3,0,3
Binchi,3,0,3
Binck-Jan,3,0,3
Binckes,3,0,3
Bincky,3,0,3
Bincq,3,0,3
Bind-Oni,3,0,3
Bindamé,0,3,3
Binderd,3,0,3
Bindertina,0,3,3
Bindertjan,3,0,3
Bindhi,3,0,3
Bindi-Yala,0,3,3
Bindiakumarie,0,3,3
Bindiene,0,3,3
Bindijakumari,0,3,3
Bindijawatie,0,3,3
Bindikt,3,0,3
Bindiya-devi,0,3,3
Bindiyadebie,0,3,3
Bindradevi,0,3,3
Bindtje,0,3,3
Bindusi,0,3,3
Bindweti,0,3,3
Bindwetie,0,3,3
Bindy-Sue,0,3,3
Bindyadevi,0,3,3
Bindyakumari,0,3,3
Bindyawatie,0,3,3
Binella,0,3,3
Biner,3,0,3
Bineroy,0,3,3
Bines,3,0,3
Bineserisingh,3,0,3
Binetta,0,3,3
Binevşe,0,3,3
Bing-Chuan,3,0,3
Bing-Jian,3,0,3
Bing-Jum,3,0,3
Bing-Xuan,3,0,3
Bing-Yin,3,0,3
Binga,0,3,3
Bingerd,3,0,3
Bingharsjan,3,0,3
Bingi,0,3,3
Bingiman,3,0,3
Bingjie,0,3,3
Bingo,3,0,3
Bingxi,3,0,3
Bingxin,3,0,3
Bingxuan,0,3,3
Binh-Kien,3,0,3
Binho,3,0,3
Binhthien,3,0,3
Biniamino,3,0,3
Bining,3,0,3
Binique,0,3,3
Binis,3,0,3
Binish,0,3,3
Binita,0,3,3
Binito,3,0,3
Binjahmin,3,0,3
Binjâmin,3,0,3
Binki,0,3,3
Binkje,0,3,3
Binks,3,0,3
Binler,3,0,3
Binnah,3,0,3
Binne-Egbert,3,0,3
Binne-Jan,3,0,3
Binnedette,0,3,3
Binnedictus,3,0,3
Binneke,0,3,3
Binnes,3,0,3
Binnetta,0,3,3
Binnette,0,3,3
Binnetto,3,0,3
Binora,0,3,3
Binoş,0,3,3
Binosh,3,0,3
Binoth,3,0,3
Binsem,0,3,3
Binsje,0,3,3
Bint-e,0,3,3
Bint-e-Dilawer,0,3,3
Bintangsae,3,0,3
Binthe,0,3,3
Binthy,0,3,3
Binti-Harel,0,3,3
Bintinah,0,3,3
Bintine,0,3,3
Bintske,0,3,3
Bintti,0,3,3
Bintya,0,3,3
Binu,3,0,3
Binxia,0,3,3
Binyamen,3,0,3
Binyamîn,3,0,3
Binyamiyn,3,0,3
Binyet,0,3,3
Binyomin,3,0,3
Biodun,0,3,3
Bioe,0,3,3
Bioe-King,0,3,3
Bioka,0,3,3
Biokele,3,0,3
Bioleta,0,3,3
Bion-Cella,0,3,3
Biona,0,3,3
Bionca,0,3,3
Biondi,0,3,3
Bioneal,3,0,3
Bionica,0,3,3
Bionka,0,3,3
Bionsé,0,3,3
Biord,3,0,3
Biörn,3,0,3
Biörna,0,3,3
Biornice,0,3,3
Biornick,3,0,3
Biot,0,3,3
Biourik,3,0,3
Bipashawatie,0,3,3
Bipath,3,0,3
Bipenjit,0,3,3
Bir-Gül,0,3,3
Bıra,3,0,3
Bira,3,0,3
Biradina,0,3,3
Birahd,3,0,3
Biral,3,0,3
Biram,3,0,3
Birame,3,0,3
Biran,3,0,3
Birasa,3,0,3
Birbey,3,0,3
Bircel,0,3,3
Birch,3,0,3
Birck,3,0,3
Birde,3,0,3
Birdem,0,3,3
Birdie,0,3,3
Birdie-Lynn,0,3,3
Birdjanand,3,0,3
Birdjoe,3,0,3
Birence,0,3,3
Birendra,3,0,3
Bireno,3,0,3
Biret,0,3,3
Birfer,0,3,3
Birgay,3,0,3
Birge,0,3,3
Birgeerta,0,3,3
Birgerrit,0,3,3
Birghitta,0,3,3
Birgidius,3,0,3
Birgiett,0,3,3
Birgil,0,3,3
Birgilio,3,0,3
Birgin,3,0,3
Birgina,0,3,3
Birgis,0,3,3
Birgit-Marie,0,3,3
Birgit-Marika,0,3,3
Birgithe,0,3,3
Birgitta-Marit,0,3,3
Birgittaa,3,0,3
Birgrit,0,3,3
Birgritta,0,3,3
Birgritte,0,3,3
Birgûl,0,3,3
Birhad,3,0,3
Birhanu,3,0,3
Bîrhat,3,0,3
Biri,0,3,3
Biriam,3,0,3
Birikti,0,3,3
Birila,0,3,3
Birina,0,3,3
Birinjo,3,0,3
Birinus,3,0,3
Birith,0,3,3
Birivan,0,3,3
Biriwan,0,3,3
Birjoe,3,0,3
Birjukumar,3,0,3
Birjusingh,3,0,3
Birk-Ilias,3,0,3
Birka,0,3,3
Birkegaard,0,3,3
Birkem,3,0,3
Birkett,0,3,3
Birkita,0,3,3
Birkitt-Linn,0,3,3
Birlijado,3,0,3
Birmaja,0,3,3
Birmand,3,0,3
Birney,3,0,3
Birnhilde,0,3,3
Birni,0,3,3
Birnigar,0,3,3
Birola,0,3,3
Birolhan,3,0,3
Birolo,3,0,3
Birresdochter,0,3,3
Birrighinde,0,3,3
Birsal,0,3,3
Birşel,0,3,3
Birte-Lena,0,3,3
Birth,3,0,3
Birther,3,0,3
Birthö,0,3,3
Birtine,0,3,3
Birtte,0,3,3
Biruk,3,0,3
Birun,3,0,3
Birus,3,0,3
Birüta,0,3,3
Birutė,0,3,3
Birya,0,3,3
Biryanta,0,3,3
Bisanzio,3,0,3
Bişar,3,0,3
Biscaya,0,3,3
Bischan,3,0,3
Bischandradevi,0,3,3
Bisena,0,3,3
Biseng,0,3,3
Bisento,3,0,3
Biserko,3,0,3
Bisessarpersad,3,0,3
Bisha,3,0,3
Bishal,3,0,3
Bishaldip,3,0,3
Bishara,0,3,3
Bisharo,0,3,3
Bishnath,3,0,3
Bishnoesharma,3,0,3
Bishnu,3,0,3
Bishoi,3,0,3
Bishok,3,0,3
Bisim,0,3,3
Bisimwa,3,0,3
Bisiono,0,3,3
Bisky,3,0,3
Bisley,0,3,3
Bismack,3,0,3
Bismilla,0,3,3
Bisna,0,3,3
Bisnodath,3,0,3
Bisnoe,3,0,3
Bisnoepersath,3,0,3
Bisnoeprakasch,3,0,3
Bisnoesingh,3,0,3
Bisnudath,3,0,3
Bisnudew,3,0,3
Bisoenath,3,0,3
Bisoendai,0,3,3
Bisoendayal,3,0,3
Bisoendharie,3,0,3
Bisoendial,3,0,3
Bisonette,0,3,3
Bisra,0,3,3
Bisraj,3,0,3
Bisram,3,0,3
Bisri,3,0,3
Bişri-Hafi,3,0,3
Bissaba,3,0,3
Bissadjerou,3,0,3
Bissane,0,3,3
Bissé,0,3,3
Bisse,0,3,3
Bisselmina,0,3,3
Bissola,0,3,3
Bisson,3,0,3
Bissrat,0,3,3
Bistaliny,0,3,3
Bistra,0,3,3
Bisun,3,0,3
Biswa,3,0,3
Biswadat,3,0,3
Biswadew,3,0,3
Biswaminter,3,0,3
Biswanarain,3,0,3
Biswanjtiet,3,0,3
Biswekoemar,3,0,3
Bitalina,0,3,3
Bitania,0,3,3
Bitaniya,0,3,3
Bitannia,0,3,3
Bitez,0,3,3
Bitha,0,3,3
Bitin,3,0,3
Bitiri,3,0,3
Bitiyae,0,3,3
Bito,3,0,3
Bitota,0,3,3
Bitperkash,3,0,3
Bitris,0,3,3
Bits,3,0,3
Bitsuat,3,0,3
Bittu,3,0,3
Bitty,0,3,3
Bity,0,3,3
Biu,3,0,3
Biula,0,3,3
Biurakn,0,3,3
Biuwe,3,0,3
Biwei,0,3,3
Biwina,0,3,3
Bixant,3,0,3
Bixintxo,3,0,3
Bixuan,0,3,3
Bixx,0,3,3
Biy,3,0,3
Biya,0,3,3
Biyamin,3,0,3
Bîyan,3,0,3
Biyao,0,3,3
Biyee,0,3,3
Biyendis,3,0,3
Biyn,3,0,3
Biyoux,0,3,3
Biyullah,0,3,3
Biz,0,3,3
Bizat,3,0,3
Bizet,3,0,3
Bizhan,3,0,3
Bizimana,3,0,3
Biziou,0,3,3
Bizjan,3,0,3
Bizondra,0,3,3
Bizyucca,3,0,3
Bj-Jon,3,0,3
Bjantley,3,0,3
Bjar,3,0,3
Bjard,3,0,3
Bjarden,3,0,3
Bjardney,3,0,3
Bjarg,3,0,3
Bjárn,3,0,3
Bjarn-Ole,3,0,3
Bjårne,3,0,3
Bjarne-Jorn,3,0,3
Bjarnik,3,0,3
Bjärnne,0,3,3
Bjarno,3,0,3
Bjarny,0,3,3
Bjarre,3,0,3
Bjarty,3,0,3
Bjauke,3,0,3
Bjell,0,3,3
Bjelle,0,3,3
Bjèn,3,0,3
Bjenne,0,3,3
Bjente,0,3,3
Bjernd,3,0,3
Bjerndt,3,0,3
Bjerne,3,0,3
Bjerno,3,0,3
Bjernt,3,0,3
Bjetka,0,3,3
Bjetsje,0,3,3
Bjettje,0,3,3
Bjinsebij,0,3,3
Bjint,3,0,3
Bjisse,3,0,3
Bjoekje,0,3,3
Bjoïrn,3,0,3
Bjojk,3,0,3
Bjomi,0,3,3
Bjonda,0,3,3
Bjondina,0,3,3
Bjönnah,0,3,3
Bjonne,0,3,3
Bjonneke,0,3,3
Bjonno,3,0,3
Bjönr,3,0,3
Bjord-Bente,3,0,3
Bjordan,3,0,3
Bjordin,3,0,3
Bjoreno,3,0,3
Bjoric,3,0,3
Bjorick,3,0,3
Björiënne,3,0,3
Bjórk,3,0,3
Bjorke,0,3,3
Björke,0,3,3
Bjorli,3,0,3
Bjorlie,0,3,3
Bjorlin,3,0,3
Björlyn,3,0,3
BjÖrn,3,0,3
Björn-Adil,3,0,3
Björn-Alexander,3,0,3
Bjorn-Andres,3,0,3
Bjorn-Benjamin,3,0,3
Bjorn-Christiaan,3,0,3
Björn-Emmanuel,3,0,3
Bjorn-Gerben,3,0,3
Björn-Ingmar,3,0,3
Björn-Ivar,3,0,3
Björn-Jan,3,0,3
Björn-Jari,3,0,3
Björn-Jens,3,0,3
Björn-Olaf,3,0,3
Björn-Olof,3,0,3
Björn-Onno,3,0,3
Bjorn-Peter,3,0,3
Björn-Petr,3,0,3
Björn-Rämund,3,0,3
Björn-Rolf,3,0,3
Bjorn-Ryan,3,0,3
Björn-Sebastiaan,3,0,3
Bjornar,3,0,3
Björnar,3,0,3
Björnd,3,0,3
Björnfrid,3,0,3
Bjorni,3,0,3
Björnie,3,0,3
Björnisa,0,3,3
Björnise,0,3,3
Björnjan,3,0,3
Björnling,3,0,3
Björnn,3,0,3
Bjornn,3,0,3
Björno,3,0,3
Bjornsen,3,0,3
Björnsen,3,0,3
Björnvein,3,0,3
Björny,3,0,3
Bjôrq,3,0,3
Bjorren,3,0,3
Björs,3,0,3
Björy,3,0,3
Bjotta,0,3,3
Bjou,0,3,3
Bjuck,3,0,3
Bjuke,3,0,3
Bjûkje,0,3,3
Bjurren,3,0,3
Bjuvling,0,3,3
BJW,0,3,3
Bjørg-Fynnleay,3,0,3
Bjørge,0,3,3
Bjørgen,3,0,3
Bjørgùnn,0,3,3
Bjørke,0,3,3
Bjørn-Erik,3,0,3
Bjørn-Marijn,3,0,3
Bjørn-Olle,3,0,3
Bjørn-René,3,0,3
Bjørne,3,0,3
Bjørre,3,0,3
BKG,0,3,3
BLA,0,3,3
Blaal,3,0,3
Blacius,3,0,3
Blacklaw,0,3,3
Blackson,0,3,3
Blade-Viggo,3,0,3
Bladimier,3,0,3
Blady,3,0,3
Blage,3,0,3
Blagoja,3,0,3
Blagorodna,0,3,3
Blahoš,3,0,3
Blai,3,0,3
Blairi,3,0,3
Blaisequey,0,3,3
Blaislie,0,3,3
Blaissy,0,3,3
Bláithín,0,3,3
Blake-Eden,0,3,3
Blall,3,0,3
Blamah,3,0,3
Blancelle,0,3,3
Blanché,0,3,3
Blanche-Fleur,0,3,3
Blancheflor,0,3,3
Blanchet,0,3,3
Blancis,3,0,3
Blanckeson,3,0,3
Blandella,0,3,3
Blandhol,0,3,3
Blandien,0,3,3
Blandiena,0,3,3
Blaney,0,3,3
Blankaert,3,0,3
Blankson,3,0,3
Blanquita,0,3,3
Blanshard,3,0,3
Blanson,3,0,3
Blasi,0,3,3
Blaško,3,0,3
Blasyntje,0,3,3
Blaurin,0,3,3
Blawal,3,0,3
Blay,3,0,3
Blayce,3,0,3
Blayde,3,0,3
Blaydee,3,0,3
Blaž,3,0,3
Blaz,3,0,3
Blaza,3,0,3
Blažena,0,3,3
Blazine,0,3,3
Blazinka,0,3,3
Blažo,3,0,3
Bleag,3,0,3
Blechnum,0,3,3
Bledar,3,0,3
Bledel,3,0,3
Bleen,0,3,3
Bleeziena,0,3,3
Bleezina,0,3,3
Blei,3,0,3
Bleia,0,3,3
Blenchi,0,3,3
Blent,3,0,3
Bleond,3,0,3
Bleranda,0,3,3
Blerant,3,0,3
Blerdi,3,0,3
Blertina,0,3,3
Blerton,3,0,3
Blesdy,3,0,3
Blesina,0,3,3
Bless-ley,3,0,3
Blessed-Joy,0,3,3
Blessen,0,3,3
Blessgaylinda,0,3,3
Blessin,0,3,3
Blessing-Pierrette,0,3,3
Blessio,3,0,3
Blessjo,3,0,3
Blessly,3,0,3
Blesstin,3,0,3
Blessvina,0,3,3
Bleta,0,3,3
Bleubell,3,0,3
Bleyke,0,3,3
Bleys,3,0,3
Blèz,0,3,3
Blezz,3,0,3
Blhad,3,0,3
Bli,0,3,3
Blichta,0,3,3
Blida,0,3,3
Blîde,0,3,3
Blidger,3,0,3
Blido-Ernst,3,0,3
Bliede,0,3,3
Bliek,3,0,3
Blienko,3,0,3
Blijdschap,3,0,3
Blijgienus,3,0,3
Blijkje,0,3,3
Blijmoed,0,3,3
Blikke,3,0,3
Bliksem,3,0,3
Blime,0,3,3
Blimunda,0,3,3
Blina,0,3,3
Blinardine,0,3,3
Bliss-Blitzer,3,0,3
Blissany,0,3,3
Blissey,0,3,3
Blisz,0,3,3
Blizz-Heavenly,0,3,3
Blizzard,3,0,3
BLM,0,3,3
Blnd,3,0,3
Bloem-Emilia,0,3,3
Bloem-Sterre,0,3,3
Bloemaart,3,0,3
Bloemhart,3,0,3
Bloemtje,0,3,3
Blois,0,3,3
Blomdina,0,3,3
Blommée,0,3,3
Blommert,3,0,3
Blöndje,0,3,3
Bloomm,0,3,3
Bloou,3,0,3
Blorim,3,0,3
Blorinda,0,3,3
Blou,3,0,3
Bloyce,3,0,3
Blue-Angel,0,3,3
Blue-Diamond,0,3,3
Blue-eyes,3,0,3
Blue-Giojay,3,0,3
Blue-Mayson,3,0,3
Blue-Melody,0,3,3
Bluebell,0,3,3
Blueberry,0,3,3
BlueElle,0,3,3
Bluelle,0,3,3
Bluesette,0,3,3
Blueshon,3,0,3
Bluëtte,0,3,3
Bluey,3,0,3
Bluff,3,0,3
Blum,0,3,3
Bluma-Chérie,0,3,3
Blümchen,0,3,3
Blumenau,0,3,3
Blunden,3,0,3
Blush,0,3,3
Blyda,0,3,3
BMC,0,3,3
BMV,3,0,3
Bnafsha,0,3,3
Bnaris,3,0,3
Bnaya,0,3,3
Bniam,3,0,3
Bnie,3,0,3
Bntalhuda,0,3,3
Bo'Bibio,0,3,3
Bo'er,3,0,3
Bo-Aimée,0,3,3
Bo-anne,0,3,3
Bo-Anthony,3,0,3
Bo-Arjen,3,0,3
Bo-Ashley,0,3,3
Bo-Avin,0,3,3
Bo-Boja,0,3,3
Bo-Boy,3,0,3
Bo-Britt,0,3,3
Bo-Chander,3,0,3
Bo-Charèl,0,3,3
Bo-Charlotte,0,3,3
Bo-Claire,0,3,3
Bo-d,3,0,3
Bo-Dane,0,3,3
Bo-danique,0,3,3
Bo-Davy,3,0,3
Bo-dean,3,0,3
Bo-Démi,0,3,3
Bo-dey,3,0,3
Bo-Dièn,3,0,3
Bo-Diva,0,3,3
Bo-djenna,0,3,3
Bo-Dyanne,0,3,3
Bo-Dylan,3,0,3
Bo-Elise,0,3,3
Bo-Ella,0,3,3
Bo-Emma,0,3,3
Bo-Emmy,0,3,3
Bo-En,3,0,3
Bo-Esmée,0,3,3
Bo-Esmee,0,3,3
Bo-Evi,0,3,3
Bo-Fleur,0,3,3
Bo-Frederik,3,0,3
Bo-Geertrui,0,3,3
Bo-Guy,3,0,3
Bo-Gyi,3,0,3
Bo-gyj,3,0,3
Bo-Hendrik,3,0,3
Bo-i,0,3,3
Bo-Jaden,0,3,3
Bo-Jailey,0,3,3
Bo-Jaimy,3,0,3
Bo-Jan,3,0,3
Bo-Jaydy,0,3,3
Bo-Jean,0,3,3
Bo-Jenna,0,3,3
Bo-Jenuati,0,3,3
Bo-Jill,0,3,3
Bo-Jin,0,3,3
Bo-joe,3,0,3
Bo-Joe,3,0,3
Bo-John,3,0,3
Bo-Johnny,3,0,3
Bo-Justine,0,3,3
Bo-Leli,0,3,3
Bo-Lieve,0,3,3
Bo-Lilly,0,3,3
Bo-Lorraine,0,3,3
Bo-Mae,0,3,3
Bo-Mai,0,3,3
Bo-Mara,0,3,3
Bo-Marie,0,3,3
Bo-Marin,0,3,3
Bo-may,0,3,3
Bo-Mégan,0,3,3
Bo-mi,0,3,3
Bo-Ming,3,0,3
Bo-Nathan,3,0,3
Bo-Nieque,0,3,3
Bo-Qiu,3,0,3
Bo-Quinn,3,0,3
Bo-Rachel,0,3,3
Bo-Rachell,0,3,3
Bo-rachell,0,3,3
Bo-Rae,0,3,3
Bo-Ren,3,0,3
Bo-Rosalie,0,3,3
Bo-Rowan,0,3,3
Bo-Ruben,3,0,3
Bo-Sang,3,0,3
Bo-Sanne,0,3,3
Bo-Siënna,0,3,3
Bo-Sing,3,0,3
Bo-Sven,3,0,3
Bo-Thierry,3,0,3
Bo-tjì,0,3,3
Bo-Vajèn,0,3,3
Bo-Willemijn,0,3,3
Bo-William,3,0,3
Bo-Xuan,3,0,3
Bo-Ya,0,3,3
Bó-Yàn,3,0,3
Bo-yen,3,0,3
Bo-Yi,3,0,3
Bo-Zara,0,3,3
Bo-Zheng,3,0,3
Boa-Kwaeuw,0,3,3
Boache,3,0,3
Boachiewa,0,3,3
Boachiewah,0,3,3
Boachim,3,0,3
Boacke,3,0,3
Boada,3,0,3
Boadaa,3,0,3
Boadiwah,0,3,3
Boaduwa,0,3,3
Boaduwaa,0,3,3
Boady,3,0,3
Boafoa,0,3,3
Boafoah,0,3,3
Boafour,3,0,3
Boahemaah,0,3,3
Boahemah,0,3,3
Boahenemah,0,3,3
Boahere,3,0,3
Boaite,3,0,3
Boaitse,3,0,3
Boake,3,0,3
Boakheauw,0,3,3
Boakije,3,0,3
Boakyaa,0,3,3
Boakyewaa,0,3,3
Boalder,3,0,3
Boàn,3,0,3
Boan-Kit,3,0,3
Boanerge,3,0,3
Boanerges,3,0,3
Boanita,0,3,3
Boara,0,3,3
Board,3,0,3
Boardze,3,0,3
Boas-Bas,3,0,3
Boason,3,0,3
Boasson,3,0,3
Boatengmaa,0,3,3
Boatengmaah,0,3,3
Boatenmaa,0,3,3
Boathong,0,3,3
Boatimaa,0,3,3
Boaventura,3,0,3
Bóaz,3,0,3
Boaz-Benjamin,3,0,3
Boaz-Isaak,3,0,3
Boaz-Jachin,3,0,3
Boaz-Levi,3,0,3
Boaz-Metske,3,0,3
Boazs,3,0,3
Bob-Arne,3,0,3
Bob-Colin,3,0,3
Bob-Edward,3,0,3
Bob-Elton,3,0,3
Bob-Jeroen,3,0,3
Bob-Joris,3,0,3
Bob-Josef,3,0,3
Bob-Leon,3,0,3
Bob-Manuel,3,0,3
Bob-Roelant,3,0,3
Bob-Sebastian,3,0,3
Bob-Willem,3,0,3
Bob-Wouter,3,0,3
Boba,3,0,3
Bobakker,3,0,3
Bobba,0,3,3
Bobbee,0,3,3
Bobbejohn,3,0,3
Bobber,3,0,3
Bobbety,3,0,3
Bobbey,0,3,3
Bobbi-Aniek,0,3,3
Bobbi-Ayesha,0,3,3
Bobbi-Eliza,0,3,3
Bobbi-Ellen,0,3,3
Bobbi-Ellis,0,3,3
Bobbi-Jane,0,3,3
Bobbi-Jo,0,3,3
Bobbi-Li,0,3,3
Bobbi-Lin,0,3,3
Bobbi-Lola,0,3,3
Bobbi-Lou,0,3,3
Bobbi-Louise,0,3,3
Bobbi-Lynn,0,3,3
Bobbi-Marie,0,3,3
Bobbi-May,0,3,3
Bobbi-Noor,0,3,3
Bobbiano,3,0,3
Bobbie-Do,0,3,3
Bobbie-Eddie,3,0,3
Bobbie-Elke,0,3,3
Bobbie-June,0,3,3
Bobbie-Keet,0,3,3
Bobbie-Louise,0,3,3
Bobbie-Milou,0,3,3
Bobbie-Sofie,0,3,3
Bobbie-Yo,0,3,3
Bobbijam,3,0,3
Bobbikristina,0,3,3
Bobbine,0,3,3
Bobby-Anne,0,3,3
Bobby-Bo,0,3,3
Bobby-Cheyenne,0,3,3
Bobby-Derek,3,0,3
Bobby-Esther,0,3,3
Bobby-Fay,0,3,3
Bobby-Jane,0,3,3
Bobby-Jay,3,0,3
Bobby-Jinx,0,3,3
Bobby-jo,0,3,3
Bobby-Lin,0,3,3
Bobby-Lizz,0,3,3
Bobby-Rose,0,3,3
Bobbyanne,0,3,3
Bobbye,0,3,3
Bobbyjoe,0,3,3
Bobco,3,0,3
Bobe,3,0,3
Bobella,0,3,3
Bobendja,0,3,3
Bober,3,0,3
Bobert,3,0,3
Boberto,3,0,3
Bobertus,3,0,3
Bobet,0,3,3
Bobeth,0,3,3
Bobian,3,0,3
Bobick,3,0,3
Bobicq,3,0,3
Bobiènne,0,3,3
Bobina,0,3,3
Bobino,3,0,3
Bobio,0,3,3
Bobirovna,0,3,3
Bobje,0,3,3
Bobkar,3,0,3
Bobke,3,0,3
Bobkkir,3,0,3
Bobodie,3,0,3
Bobolin,3,0,3
Boboline,0,3,3
Boboye,3,0,3
Bobs,3,0,3
Böbsi,0,3,3
Bobsond,3,0,3
Bobszoon,3,0,3
Bobtijs,3,0,3
Bobyan,3,0,3
Boca,3,0,3
Bocaj,0,3,3
Bocara,0,3,3
Bocas,3,0,3
Bocco,3,0,3
Boce,3,0,3
Bočena,0,3,3
Bochanel,0,3,3
Bochelle,0,3,3
Bochika,3,0,3
Bock,3,0,3
Bôcke,3,0,3
Bocke-Harm,3,0,3
Bocko,3,0,3
Bocrezion,0,3,3
Bodaine,0,3,3
Bodal,3,0,3
Bodan,3,0,3
Bodanique,0,3,3
Bodari,3,0,3
Bodas,3,0,3
Bodaway,3,0,3
Bodayn,3,0,3
Bodde,3,0,3
Bodéan,3,0,3
Bodeen,3,0,3
Bodefaas,3,0,3
Bodegaard,3,0,3
Bodeias,3,0,3
Bodène,0,3,3
Bôder-Vienna,0,3,3
Bodère,0,3,3
Boderentius,3,0,3
Boderik,3,0,3
Bodès,3,0,3
Bodessa,0,3,3
Bodewyn,3,0,3
Bodeyne,0,3,3
Bodéyne,0,3,3
Bodha,3,0,3
Bodhen,3,0,3
Bodhendra,3,0,3
Bodhey,3,0,3
Bodhí,3,0,3
Bódhi,3,0,3
Bodhi-James,3,0,3
Bodhi-Quinn,3,0,3
Bodhi-River,3,0,3
Bodhil,0,3,3
Bódhy,3,0,3
Bodhyn,0,3,3
Bodi-Rain,3,0,3
Bodia,0,3,3
Bodïc,0,3,3
Bodice,0,3,3
Bodiek,0,3,3
Bodielle,0,3,3
Bodiènne,0,3,3
Bodifee,0,3,3
Bodihi-Hamza,3,0,3
Bodik,3,0,3
Bòdil,0,3,3
Bodíl,0,3,3
Bodilia,0,3,3
Bodille-Isabeau,0,3,3
Bodime,0,3,3
Bodinia,0,3,3
Bodis,3,0,3
Bodisco,3,0,3
Boditcha,0,3,3
Bodiy,3,0,3
Bodjean,3,0,3
Bodjematie,0,3,3
Bodjie,0,3,3
Bodjwatie,0,3,3
Bodjy,0,3,3
Bodking,3,0,3
Bodofriedus,3,0,3
Bodoni,3,0,3
Bodour,0,3,3
Bodriaan,3,0,3
Bodrick,3,0,3
Bodrik,3,0,3
Bodry,3,0,3
Bodwin,3,0,3
Bódy,0,3,3
Bodyr,3,0,3
Boé,0,3,3
Boebe,0,3,3
Boechra,0,3,3
Boedal,0,3,3
Boedaram,3,0,3
Boeddha,3,0,3
Boeddhai,3,0,3
Boeddhi,0,3,3
Boeddy,3,0,3
Boeddyawan,3,0,3
Boedhanie,0,3,3
Boedhoe,0,3,3
Boediejan,3,0,3
Boediman,3,0,3
Boedine,0,3,3
Boedjono,3,0,3
Boedojo,3,0,3
Boedradj,3,0,3
Boedram,3,0,3
Boeë,0,3,3
Boefje,0,3,3
Boegel,3,0,3
Boegroe,3,0,3
Boei-tjanie,3,0,3
Boeij,3,0,3
Boeike,0,3,3
Boeis,3,0,3
Boekeir,3,0,3
Boekrim,3,0,3
Boël,0,3,3
Boel,0,3,3
Boelardus,3,0,3
Boelboel,0,3,3
Boele-Boas,3,0,3
Boelechiena,0,3,3
Boelena,0,3,3
Boelie-Jan,3,0,3
Boelien,0,3,3
Boelientje,0,3,3
Boëlika,0,3,3
Boelinda,0,3,3
Boeline,0,3,3
Boelineke,0,3,3
Boelko,3,0,3
Boelle,3,0,3
Boello,3,0,3
Boemba,3,0,3
Boémy,0,3,3
Boenaja,0,3,3
Boenchoeu,3,0,3
Boenck,3,0,3
Boeneshwar,3,0,3
Boenga,0,3,3
Boengkie,3,0,3
Boenisch,3,0,3
Boenjin,3,0,3
Boenk,3,0,3
Boenmie,0,3,3
Boènn,0,3,3
Boënna,0,3,3
Boensom,0,3,3
Boentje,3,0,3
Boenyad,3,0,3
Boeraq,3,0,3
Boerendine,0,3,3
Boerhan,3,0,3
Boerjani,0,3,3
Boerzo,3,0,3
Boesan,3,0,3
Boese,3,0,3
Boeseina,0,3,3
Boesera,0,3,3
Boesra,0,3,3
Boeth,0,3,3
Boetius,3,0,3
Boetshe,3,0,3
Boett,3,0,3
Boevie,3,0,3
Boewn,3,0,3
Bofil,0,3,3
Bofrida,0,3,3
Bofunga,3,0,3
Boğa,3,0,3
Boğaçalp,3,0,3
Bogachan,3,0,3
Bogalle,3,0,3
Bogàta,0,3,3
Bogda,0,3,3
Bogdane,0,3,3
Bogdanica,0,3,3
Bogdanivna,0,3,3
Bogdanka,0,3,3
Bogdanovna,0,3,3
Bogenie,3,0,3
Bogenna,0,3,3
Boghus,3,0,3
Bogiana,0,3,3
Bogie,0,3,3
Bogotiana,3,0,3
Bogoz,3,0,3
Bogritt,0,3,3
Boguljub,3,0,3
Boguslav,3,0,3
Bogusz,3,0,3
Bogusława,0,3,3
Bogø,3,0,3
Bohannon,3,0,3
Bohao,3,0,3
Bohar,0,3,3
Bohdain,3,0,3
Bohdanivna,0,3,3
Bohden,3,0,3
Bohdey,3,0,3
Bohdine,0,3,3
Bohdysaffa,3,0,3
Bohé,3,0,3
Bohèm,3,0,3
Bohemian,3,0,3
Bohèn,0,3,3
Bohendrik,3,0,3
Bohenia,0,3,3
Bohey,0,3,3
Bohime,0,3,3
Bohimin,3,0,3
Bohlina,0,3,3
Bohmay,0,3,3
Bohumila,0,3,3
Boï,3,0,3
Boi-Thi,0,3,3
Boian,3,0,3
Boidin,3,0,3
Boien,0,3,3
Boij,3,0,3
Boijan,3,0,3
Boijke,3,0,3
Boijmen,3,0,3
Boikanyo,3,0,3
Boiken,3,0,3
Boilaka,0,3,3
Boima,0,3,3
Boín,0,3,3
Boïne,0,3,3
Bóinn,0,3,3
Boisa,3,0,3
Boisha,0,3,3
Boithe,3,0,3
Boitiki,0,3,3
Boitrin,0,3,3
Boitumelo,0,3,3
Boius,3,0,3
Boiwobi,0,3,3
Bòja,0,3,3
Bojai,3,0,3
Bojak,3,0,3
Böjan,3,0,3
Bojana-Elina,0,3,3
Bojane,0,3,3
Bojanneke,0,3,3
Bojannes,3,0,3
Bojar,3,0,3
BoJay,3,0,3
Bojd,3,0,3
Bojen,0,3,3
Bojèn,0,3,3
Bojenne,0,3,3
Bojessa,0,3,3
Bojeya,0,3,3
Bojhan,3,0,3
Boji,3,0,3
Bojim,3,0,3
Bojisha,0,3,3
Bojko,3,0,3
Bojkumarie,0,3,3
Bojo,3,0,3
Bojoera,0,3,3
Bojoma,3,0,3
Bojonne,0,3,3
Bojou,0,3,3
Bok-Lan,0,3,3
Bok-Ling,3,0,3
Bokamba,3,0,3
Bokan,3,0,3
Bokar,3,0,3
Bokeem,3,0,3
Bokello,3,0,3
Boken,3,0,3
Bokeng,0,3,3
Bokhar,3,0,3
Bokil,0,3,3
Bokke-Jan,3,0,3
Boknam,0,3,3
Bokoka,0,3,3
Bokombe,0,3,3
Bokondji,3,0,3
Bokote,3,0,3
Bokra,0,3,3
Boksila,0,3,3
Bokunzo,3,0,3
Boladele,3,0,3
Bolaine,0,3,3
Bolandina,0,3,3
Bolanus,3,0,3
Bolat,3,0,3
Bolatito,0,3,3
Bolawe,0,3,3
Bold,3,0,3
Bolda,0,3,3
Bolder,3,0,3
Bolderik,3,0,3
Boldewina,0,3,3
Boldico,3,0,3
Boldizsár,3,0,3
Boldowia,0,3,3
Boldy,3,0,3
Bolé,3,0,3
Bole,3,0,3
Bolè,3,0,3
Bolef,3,0,3
Bolek,3,0,3
Bolena,0,3,3
Bolenslaw,3,0,3
Boles,3,0,3
Boleslava,0,3,3
Boléswaw,3,0,3
Bolet,3,0,3
Bolette,0,3,3
Boleyn,0,3,3
Bolfenk,3,0,3
Bolie,3,0,3
Bolik,3,0,3
Bolikango,3,0,3
Bolin,3,0,3
Bolisa,3,0,3
Bolisango,3,0,3
Bolita,0,3,3
Bolívar,3,0,3
Bolko,3,0,3
Boll,3,0,3
Bolland,3,0,3
Bolleslauw,3,0,3
Bolly,0,3,3
Bolo,0,3,3
Boloni,3,0,3
Bolormaa,0,3,3
Bolot,0,3,3
Boloto,3,0,3
Bolou,0,3,3
Bolòur,3,0,3
Boltini,3,0,3
Boluban,3,0,3
Boluca,3,0,3
Boluka,3,0,3
Bolumbe,3,0,3
Bolumbu,0,3,3
Bolynn,0,3,3
Bom,3,0,3
Boman,3,0,3
Bombina,0,3,3
Bombo,3,0,3
Bombusa,0,3,3
Bomé,0,3,3
Bomert,3,0,3
Bomko,0,3,3
Bon-Bini,0,3,3
Bona,0,3,3
Bonadencia,0,3,3
Bonafactura,0,3,3
Bonafutura,0,3,3
Bonagie,3,0,3
Bonah,0,3,3
Bonairia,0,3,3
Bonaive,0,3,3
Bonakitha,0,3,3
Bonaley,0,3,3
Bonamarie,0,3,3
Bonamy,0,3,3
Bonando,3,0,3
Bonani,3,0,3
Bonanti,0,3,3
Bonaparte,3,0,3
Bonardo,3,0,3
Bonari,3,0,3
Bonarina,0,3,3
Bonaventurus,3,0,3
Bonavenvera,0,3,3
Bonavita,0,3,3
Bonaya,3,0,3
Bonayzah,3,0,3
Bonbini,0,3,3
Bonchuks,3,0,3
Boncita,0,3,3
Bondan,3,0,3
Bondé,0,3,3
Bondengela,0,3,3
Bonder,3,0,3
Bondiene,0,3,3
Bondjol-S,3,0,3
Bondu,0,3,3
Bondy,0,3,3
Bonéca,0,3,3
Bonèca,0,3,3
Bonecca,0,3,3
Bonecka,0,3,3
Bonedda,0,3,3
Bonée,0,3,3
Bonefacio,0,3,3
Bonefasia,0,3,3
Bonefatura,0,3,3
Boneka,3,0,3
Bonella,0,3,3
Bonelle,0,3,3
Bonera,0,3,3
Bonet,0,3,3
Bonevacia,0,3,3
Bonevatius,3,0,3
Bonevatura,0,3,3
Boney,3,0,3
Bonfacius,3,0,3
Bonfell,3,0,3
Bonfiglio,3,0,3
Bonfilia,0,3,3
Bongbong,3,0,3
Bongelima,3,0,3
Bongert,3,0,3
Bongi,0,3,3
Bongiovi,3,0,3
Bongonze,3,0,3
Bongulu,0,3,3
Bonheure,0,3,3
Boniah,0,3,3
Bonico,3,0,3
Bonie,3,0,3
Bonieke,0,3,3
Bonieta,0,3,3
Bonifa,0,3,3
Bonifació,3,0,3
Bonifácio,3,0,3
Bonifasia,0,3,3
Bonifasio,3,0,3
Bonifatius-Nicolaas,3,0,3
Bonifazius,3,0,3
Bonifiya,0,3,3
Bonijem,0,3,3
Bonike,0,3,3
Bònique,0,3,3
Bonis,0,3,3
Bonisa,0,3,3
Bonislawa,0,3,3
Bonite,0,3,3
Bonitsha,0,3,3
Bonjaeh,0,3,3
Bonjora,0,3,3
Bonjovi,3,0,3
Bonn,0,3,3
Bonnaventura,3,0,3
Bonne-David,3,0,3
Bonnefatius,3,0,3
Bonnelies,0,3,3
Bonnella,0,3,3
Bonner,3,0,3
Bonnera,0,3,3
Bonnet,0,3,3
Bonnewell,0,3,3
Bonnèz,3,0,3
Bonnie-Carmen,0,3,3
Bonnie-Dot,0,3,3
Bonnie-Rae,0,3,3
Bonnifacia,0,3,3
Bonnika,0,3,3
Bonnine,0,3,3
Bonninge,0,3,3
Bonnitha,0,3,3
Bonnitia,0,3,3
Bonnoir,3,0,3
Bonnor,3,0,3
Bonny-Blue,0,3,3
Bonnyta,0,3,3
Bonofacio,0,3,3
Bonofacius,3,0,3
Bonola,0,3,3
Bonolata,0,3,3
Bonoor,0,3,3
Bonosa,0,3,3
Bonouvrié,0,3,3
Bonré,3,0,3
Bonsa,3,0,3
Bonsema,3,0,3
Bonshiya,0,3,3
Bonsile,3,0,3
Bonsina,0,3,3
Bonsolisa,3,0,3
Bonthea,0,3,3
Bonthoeung,3,0,3
Bontiena,0,3,3
Bontle,0,3,3
Bontorio,3,0,3
Bontu,0,3,3
Bontyne,0,3,3
Bonufacia,0,3,3
Bonuvatius,3,0,3
Bonvillia,0,3,3
Bonycha,0,3,3
Bonzali,3,0,3
Boö,0,3,3
Boodhia-Sieuwvatie,0,3,3
Boodhoo,3,0,3
Boodina,0,3,3
Boody,3,0,3
Boof,3,0,3
Boogaard,3,0,3
Booijen,3,0,3
Booijes,3,0,3
Booitina,0,3,3
Bookiar,3,0,3
Bool,0,3,3
Boola,3,0,3
Boone,3,0,3
Boonlada,0,3,3
Boonmee,3,0,3
Boonsong,3,0,3
Boonyarit,3,0,3
Boorana,3,0,3
Boosteeya,0,3,3
Bootes,3,0,3
Booth-y,3,0,3
Bootina,0,3,3
Booto,0,3,3
Bootsch,3,0,3
Bootsey,3,0,3
Bootte,3,0,3
Boov,3,0,3
Boow,3,0,3
Booya,0,3,3
Booye,3,0,3
Booyke,3,0,3
Boppe,3,0,3
Boqi,0,3,3
Boqusia,0,3,3
Bor-Jan,3,0,3
Borabey,3,0,3
Borado,3,0,3
Boragia,0,3,3
Borahan,3,0,3
Boraida,3,0,3
Boraly,0,3,3
Borama,0,3,3
Boràn,3,0,3
Boran-Can,3,0,3
Borano,3,0,3
Borany,0,3,3
Boratay,3,0,3
Boravuth,3,0,3
Borayda,3,0,3
Borba,3,0,3
Borbera,0,3,3
Borbin,3,0,3
Borcas,3,0,3
Borch,3,0,3
Borchardt,3,0,3
Borcherd,3,0,3
Borco,3,0,3
Bordai,0,3,3
Bordeau,0,3,3
Bordine,3,0,3
Bordu,3,0,3
Bordzer,3,0,3
Bordzina,0,3,3
Borea,0,3,3
Borean,3,0,3
Borec,3,0,3
Boreen,0,3,3
Boregard,3,0,3
Borelli,3,0,3
Boremey,0,3,3
Boréna,0,3,3
Borenzia,0,3,3
Borez,3,0,3
Borgård,3,0,3
Borgardina,0,3,3
Borgarhjørt,0,3,3
Borgdina,0,3,3
Börge,3,0,3
Borgert-Jan,3,0,3
Borgertdina,0,3,3
Borgette,0,3,3
Borgh,3,0,3
Borghard,3,0,3
Borghardin,3,0,3
Borghardina,0,3,3
Borghardt,3,0,3
Borghilde,0,3,3
Borgias,3,0,3
Borgie,3,0,3
Borginus,3,0,3
Borgny,0,3,3
Borgør,3,0,3
Borhane,3,0,3
Borhen,3,0,3
Borhene,0,3,3
Bóri,0,3,3
Boria,0,3,3
Borice,3,0,3
Bories,3,0,3
Borijn,3,0,3
Boril,3,0,3
Borin,3,0,3
Borinald,3,0,3
Borinda,0,3,3
Borís,3,0,3
Borisa,3,0,3
Borisav,3,0,3
Boriška,0,3,3
Borislava,0,3,3
Borisova,0,3,3
Borisslav,3,0,3
Borisslaw,3,0,3
Borit,3,0,3
Borius,3,0,3
Borivoj,3,0,3
Borivoje,3,0,3
Borjal,3,0,3
Borjan,3,0,3
Borjana,0,3,3
Borjul,0,3,3
Bork,3,0,3
Borkàn,3,0,3
Borke,3,0,3
Borke-Jan,3,0,3
Bormaeus,3,0,3
Bormes,3,0,3
Bormeus,3,0,3
Borméus,3,0,3
Borná,3,0,3
Bornardo,0,3,3
Borne,3,0,3
Borneô,3,0,3
Borneo,0,3,3
Bòro,3,0,3
Boróka,0,3,3
Boromeüs,3,0,3
Borran,3,0,3
Borremea,0,3,3
Borremeus,3,0,3
Borries,3,0,3
Borrina,0,3,3
Borritius,3,0,3
Borro,3,0,3
Borromée,0,3,3
Borromieus,3,0,3
Borrow,3,0,3
Borryanna,0,3,3
Bors,3,0,3
Borsa,0,3,3
Borsalino,3,0,3
Borsina,0,3,3
Borsjan,3,0,3
Borsolino,3,0,3
Borstje,0,3,3
Börte,0,3,3
Borteçine,0,3,3
Borthwick,0,3,3
Bortinia,0,3,3
Bortolina,0,3,3
Bortolino,3,0,3
Bortzen,0,3,3
Boru,0,3,3
Borut,3,0,3
Borwie,0,3,3
Borya,3,0,3
Boryana,0,3,3
Boryor,0,3,3
Borzou,3,0,3
Borzu,3,0,3
Bös,0,3,3
Bosa,0,3,3
Bosaijna,0,3,3
Bosanne,0,3,3
Bosc,3,0,3
Boschenka,0,3,3
Bosdaq,3,0,3
Bose,0,3,3
Bosena,0,3,3
Boseph,3,0,3
Boshry,0,3,3
Bosiljka,0,3,3
Bosimbo,3,0,3
Bosina,0,3,3
Bosisa,3,0,3
Bosje,0,3,3
Bosjo,3,0,3
Boška,0,3,3
Boske,3,0,3
Boskind,0,3,3
Bosley,3,0,3
Bošna,0,3,3
Boso,3,0,3
Bosomafi,3,0,3
Bosompem,3,0,3
Bosompemaa,0,3,3
Bosonga,3,0,3
Bosque,3,0,3
Bosraa,0,3,3
Bossa,0,3,3
Bossanova,0,3,3
Bosse-Benjamin,3,0,3
Bossgianny,3,0,3
Bossgionny,3,0,3
Bossilka,0,3,3
Bossin,3,0,3
Bossis,3,0,3
Bossuet,3,0,3
Boštjan,3,0,3
Bostrom,3,0,3
Boswell,3,0,3
Bosz,3,0,3
Boszy,3,0,3
Bot,0,3,3
Botango,3,0,3
Botayna,0,3,3
Botefridus,3,0,3
Boteina,0,3,3
Boteüs,3,0,3
Botha,3,0,3
Bothaiqa,0,3,3
Bothala,0,3,3
Bothan,3,0,3
Bothena,0,3,3
Bothinia,0,3,3
Bothke,0,3,3
Bothyna,0,3,3
Botic,3,0,3
Botka,0,3,3
Botla,3,0,3
Botoel,0,3,3
Botokubia,0,3,3
Botske,3,0,3
Botsy,0,3,3
Botter,3,0,3
Bottie,0,3,3
Bottja,0,3,3
Botto,3,0,3
Bottysa,0,3,3
Botul,0,3,3
Boua,0,3,3
Bouabdellah,3,0,3
Bouarfa,3,0,3
Bouargina,0,3,3
Bouâzzaoui,3,0,3
Bouba,3,0,3
Boubakr,3,0,3
Boubby,3,0,3
Boubka,3,0,3
Boubkar,3,0,3
Boubou,3,0,3
Bouboule,0,3,3
Bouboulina,0,3,3
Bouby,0,3,3
Bouchalen,0,3,3
Bouchara,0,3,3
Bouchard,3,0,3
Bouchientje,0,3,3
Bouchienus,3,0,3
Bouchinus,3,0,3
Boucif,3,0,3
Boudany,0,3,3
Bouddi,3,0,3
Boudelientje,0,3,3
Boudeline,0,3,3
Boudelot,0,3,3
Boudequin,3,0,3
Bouderik,3,0,3
Boudeweyn,3,0,3
Boudewienus,3,0,3
Boudewijn-Jan,3,0,3
Boudewijn-Jens,3,0,3
Boudewijn-Nanne,3,0,3
Boudewijn-Noah,3,0,3
Boudewinicus,3,0,3
Boudia,0,3,3
Boudianne,0,3,3
Boudicea,0,3,3
Boudieke,0,3,3
Boudientje,0,3,3
Boudineke,0,3,3
Boudini,0,3,3
Boudinyo,3,0,3
Boudrie,3,0,3
Boue,3,0,3
Bouedoer,0,3,3
Bouff,3,0,3
Bougain,3,0,3
Bougainville,3,0,3
Bougani,3,0,3
Bougienus,3,0,3
Bougine,0,3,3
Bougita,0,3,3
Bougje,0,3,3
Bougy,0,3,3
Bouh,3,0,3
Bouidha,0,3,3
Bouine,0,3,3
Boujamâa,3,0,3
Boujamáá,3,0,3
Boujamaa,3,0,3
Boujema,3,0,3
Boujemãã,3,0,3
Boujemha,3,0,3
Boujemma,3,0,3
Boujiane,3,0,3
Boujoura,0,3,3
Boukalina,0,3,3
Bouke-Alexander,3,0,3
Bouke-Bert,3,0,3
Bouke-Geert,3,0,3
Bouke-Martijn,3,0,3
Boukea,0,3,3
Boukeleen,0,3,3
Boukelyn,0,3,3
Bouker,0,3,3
Boukestein,3,0,3
Boukewien,0,3,3
Boukhayar,3,0,3
Boukhiyar,3,0,3
Boukjan,3,0,3
Boukje-Hanne,0,3,3
Boukoliena,0,3,3
Boukolina,0,3,3
Boula,3,0,3
Boulale,3,0,3
Boulaleh,3,0,3
Boulanger,3,0,3
Boulay,3,0,3
Boulus,3,0,3
Boumedian,3,0,3
Boumèdiene,3,0,3
Boumédiene,3,0,3
Boumedienne,3,0,3
Boumedine,3,0,3
Boumond,3,0,3
Bounce,3,0,3
Boundou,3,0,3
Bounine,0,3,3
Bounthawixai,3,0,3
Bounyad,3,0,3
Bouquet,0,3,3
Bourahima,3,0,3
Bouraida,3,0,3
Bouram,3,0,3
Bourgonda,0,3,3
Bourhaneddine,3,0,3
Bouries,3,0,3
Bourisius,3,0,3
Bourkan,3,0,3
Bousaina,0,3,3
Bousaine,0,3,3
Bouschraa,0,3,3
Boussaina,0,3,3
Boussra,0,3,3
Boussyp,3,0,3
Bout,3,0,3
Bouta,3,0,3
Boutaïb,3,0,3
Boutaieb,3,0,3
Boutaje,3,0,3
Bouteana,0,3,3
Bouteina,0,3,3
Bouten,3,0,3
Bouthaïna,0,3,3
Bouthena,0,3,3
Boutib,3,0,3
Boutieb,3,0,3
Boutri,0,3,3
Boutros,3,0,3
Bouvien,0,3,3
Bouvy,0,3,3
Bouwchinus,3,0,3
Bouwdewiena,0,3,3
Bouwdewyn,3,0,3
Bouwdiena,0,3,3
Bouwdine,0,3,3
Bouwe-Bob,3,0,3
Bouwechiena,0,3,3
Bouwejan,3,0,3
Bouwenlientje,0,3,3
Bouwi,3,0,3
Bouwijna,0,3,3
Bouwin,0,3,3
Bouwina-Fenna,0,3,3
Bouwines,3,0,3
Bouwinis,3,0,3
Bouwinne,0,3,3
Bouwkea,0,3,3
Bouwkelina,0,3,3
Bouwktje,0,3,3
Bouwlas,3,0,3
Bouwo,3,0,3
Bouwsma,3,0,3
Bouy,3,0,3
Bouzid,3,0,3
Bouzima,3,0,3
Bovary,0,3,3
Bovenia,0,3,3
Bovie,0,3,3
Bovina,0,3,3
Bovis,3,0,3
Bovona,0,3,3
Bovy,3,0,3
Bowah,3,0,3
Bowala,0,3,3
Bowck,0,3,3
Bowdenii,3,0,3
Bowdi,3,0,3
Bowdie,3,0,3
Bowdin,3,0,3
Bowdine,0,3,3
Bowedee,3,0,3
Bowei,3,0,3
Bowen-Henk,3,0,3
Bowhien,0,3,3
Bowie-Daniël,3,0,3
Bowieh,3,0,3
Bowiena,0,3,3
Bowinde,0,3,3
Bowita,0,3,3
Bowy-Abeni,0,3,3
Bowyer,3,0,3
Box,0,3,3
Boxi,3,0,3
Boxie,0,3,3
Boxuan,3,0,3
Boy-Antonius,3,0,3
Boy-Bjørn,3,0,3
Boy-Boj,3,0,3
Boy-Daniël,3,0,3
Boy-Dee,3,0,3
Boy-Deen,3,0,3
Boy-Delano,3,0,3
Boy-Dirk,3,0,3
Boy-Joseph,3,0,3
Boy-Junior,3,0,3
Boy-Lee,3,0,3
Boy-Nic,3,0,3
Boy-Roan,3,0,3
Boy-Santhos,3,0,3
Boy-Theodorus,3,0,3
Boy-Vincent,3,0,3
Boyan-Dominique,3,0,3
Boyan-Jari,3,0,3
Boyanda,0,3,3
Bóyanna,0,3,3
Boyao,3,0,3
Boyard,3,0,3
Boybawan,0,3,3
Boycey,3,0,3
Boyco,3,0,3
Boycy,3,0,3
Boyd-Christopher,3,0,3
Boydèn,3,0,3
Boydi,3,0,3
Boyé,3,0,3
Boyed,3,0,3
Boyee,0,3,3
Boyènn,3,0,3
Boyenn,0,3,3
Boyenoh,3,0,3
Boyer,3,0,3
Boyfred,3,0,3
Boyikro,3,0,3
Boyinra,3,0,3
Boyito,3,0,3
Boyjan,3,0,3
Boykë,3,0,3
Boykema,3,0,3
Boykie,3,0,3
Böyla,0,3,3
Boylando,3,0,3
Boyle,3,0,3
Boym,0,3,3
Boymas,0,3,3
Boynay,3,0,3
Boyne,3,0,3
Boyo,3,0,3
Boyora,0,3,3
Boyordi,3,0,3
Boyra,0,3,3
Boyratan,0,3,3
Boysan,3,0,3
Boyse,0,3,3
Boysum,3,0,3
Boytoe,3,0,3
Boytüllah,3,0,3
Boyuan,3,0,3
Boż,0,3,3
Bõzar,3,0,3
Bozara,0,3,3
Bozdaq,3,0,3
Boźena,0,3,3
Bozenčka,0,3,3
Bożenna,0,3,3
Bozi,0,3,3
Bozian,3,0,3
Bozjenna,0,3,3
Bozorg,3,0,3
Bozorgmehr,3,0,3
Bozsi,0,3,3
Bozyènna,0,3,3
Bozz,3,0,3
Bra,3,0,3
Braa,0,3,3
Braah,0,3,3
Braams,3,0,3
Braan,3,0,3
Braantje,0,3,3
Braany,0,3,3
Brabo,3,0,3
Braceley,3,0,3
Bracella,0,3,3
Bracelli,3,0,3
Bracey,0,3,3
Bracha-Aliza,0,3,3
Brachtje,0,3,3
Braciëlla,0,3,3
Braco,3,0,3
Brád,3,0,3
Brad-lee,3,0,3
Brad-Lie,3,0,3
Bradan,3,0,3
Bradchano,3,0,3
Braddy,3,0,3
Braden,3,0,3
Bradey-Roy,3,0,3
Bradgen,0,3,3
Bradi,3,0,3
Bradlay,3,0,3
Bradleigh,3,0,3
Bradley-Luc,3,0,3
Bradleyson,3,0,3
Bradlie,3,0,3
Bradshano,3,0,3
Bradshaw,3,0,3
Bradwell,3,0,3
Bradwynn,3,0,3
Braechel,3,0,3
Braed,3,0,3
Braedley,3,0,3
Braedly,3,0,3
Braedy,3,0,3
Braedyn,3,0,3
Braegen,3,0,3
Braël,3,0,3
Braeleigh,0,3,3
Braelynn,0,3,3
Braenden,3,0,3
Braeze,3,0,3
Brafo,0,3,3
Brage,3,0,3
Bragwaine,0,3,3
Brahah-Ruth,0,3,3
Brahaima,0,3,3
Braham,3,0,3
Brahamette,0,3,3
Brahamjeet,3,0,3
Braheem,3,0,3
Braheim,3,0,3
Brahim-Ahd,3,0,3
Brahjön,3,0,3
Brahmadat,3,0,3
Brahmadew,3,0,3
Brahmajoti,3,0,3
Brahmananda,3,0,3
Brahmanaputra,3,0,3
Brahmapersad,3,0,3
Brahmaratna,0,3,3
Brahmasutra,3,0,3
Brahmatewarie,3,0,3
Brahmawatie,0,3,3
Brahmdath,3,0,3
Brahmdew,3,0,3
Brahmleenkaur,0,3,3
Brahmradj,3,0,3
Brahmveer,3,0,3
Brahnan,3,0,3
Brahvishi,3,0,3
Brahyda,0,3,3
Braiaan,3,0,3
Braian,3,0,3
Braïan,3,0,3
Braidan,3,0,3
Braidi,0,3,3
Braidly,3,0,3
Braidnel,3,0,3
Braidnell,3,0,3
Braidon,3,0,3
Braiëlon,3,0,3
Braïem,3,0,3
Braienna,0,3,3
Braieny,0,3,3
Braihma,3,0,3
Braijan,3,0,3
Braijen,3,0,3
Braijlin,3,0,3
Brailij,3,0,3
Brailin,3,0,3
Brailly,3,0,3
Braimalies,0,3,3
Braín,3,0,3
Brainel,3,0,3
Brainell,3,0,3
Brainn,3,0,3
Brainna,0,3,3
Braion,3,0,3
Brairayson,3,0,3
Braison,3,0,3
Braite,3,0,3
Braith,3,0,3
Braithen,3,0,3
Braiti,0,3,3
Braitner,3,0,3
Braixx,3,0,3
Braiyn,3,0,3
Braja-Bandhu,3,0,3
Brajano,3,0,3
Brajeeshan,3,0,3
Brajen,3,0,3
Brajenza,0,3,3
Brajony,3,0,3
Brako,3,0,3
Braldina,0,3,3
Braly,3,0,3
Bram-Adriaan,3,0,3
Bram-Bastiaan,3,0,3
Bram-Bert,3,0,3
Bram-Boris,3,0,3
Bram-Emile,3,0,3
Bram-Jacco,3,0,3
Bram-James,3,0,3
Bram-Marten,3,0,3
Bram-Nicolaj,3,0,3
Bram-Sieben,3,0,3
Bram-Willem,3,0,3
Bramand,3,0,3
Bramanta,3,0,3
Bramantya,3,0,3
Bramatio,3,0,3
Bramayudha,3,0,3
Bramca,0,3,3
Bramdew,3,0,3
Bramèl,3,0,3
Bramelia,0,3,3
Bramhadath,3,0,3
Bramhadew,3,0,3
Bramhasing,3,0,3
Bramhawatie,0,3,3
Bramie,3,0,3
Bramien,0,3,3
Bramienne,0,3,3
Bramjot,3,0,3
Bramma,0,3,3
Bramme,3,0,3
Brammetta,0,3,3
Brammieke,0,3,3
Brammiena,0,3,3
Brammina,0,3,3
Brammine,0,3,3
Brammus,3,0,3
Bramras,3,0,3
Brams,3,0,3
Bramtine,0,3,3
Bramus,3,0,3
Branavan,3,0,3
Branavi,0,3,3
Brancalain,3,0,3
Branch,3,0,3
Brancie,0,3,3
Branclene,0,3,3
Bränd,3,0,3
Brand-Gerrit,3,0,3
Brand-Olav,3,0,3
Brandaan-Kay,3,0,3
Brandán,3,0,3
Brandanius,3,0,3
Brandaris,3,0,3
Brande,3,0,3
Brandee,0,3,3
Brandeline,0,3,3
Brandem,3,0,3
Brandey-Lynn,0,3,3
Brandianne,0,3,3
Brandice,3,0,3
Brandie,3,0,3
Brandiene,0,3,3
Brandiny,0,3,3
Brandl,3,0,3
Brandly,3,0,3
Brandlyn,0,3,3
Brandon-Boyd,3,0,3
Brandon-Jo,3,0,3
Brandon-Jon,3,0,3
Brandon-Kay,3,0,3
Brandon-Kyle,3,0,3
Brandon-Ray,3,0,3
Brandr,3,0,3
Brandtinus,3,0,3
Branduard,3,0,3
Branduardy,3,0,3
Brandy-Chanelle,0,3,3
Brandyce,0,3,3
Brandye,0,3,3
Brandys,3,0,3
Branek,3,0,3
Branelsha,0,3,3
Brangaine,0,3,3
Brangwenn,0,3,3
Branishka,0,3,3
Branislawa,0,3,3
Branji,0,3,3
Brankele,0,3,3
Branko-Obbe,3,0,3
Bränn,3,0,3
Branna,0,3,3
Brannagh,3,0,3
Brannen,3,0,3
Brannick,3,0,3
Brannley,3,0,3
Branno,3,0,3
Branolda,0,3,3
Branscombé,3,0,3
Branscombe,3,0,3
Bransen,0,3,3
Bransje,0,3,3
Brantinus,3,0,3
Brantly,3,0,3
Brantuo,3,0,3
Branujah,0,3,3
Branweis,3,0,3
Branwell,3,0,3
Brar,3,0,3
Brás,3,0,3
Brasely,3,0,3
Brasen,3,0,3
Brasilio,3,0,3
Brasion,3,0,3
Bráss,3,0,3
Brass,3,0,3
Brasse,3,0,3
Brasso,3,0,3
Braswell,0,3,3
Brathajini,0,3,3
Bratín,3,0,3
Bratli,3,0,3
Braud,3,0,3
Brauliano,3,0,3
Braulío,3,0,3
Braulison,3,0,3
Brausha,0,3,3
Bravery,3,0,3
Brawley,3,0,3
Brawn,3,0,3
Braxleon,3,0,3
Braxx,3,0,3
Bray-aenne,0,3,3
Bray-cely,0,3,3
Brayangelo,3,0,3
Brayani,0,3,3
Brayant,3,0,3
Braychelon,3,0,3
Braychienne,0,3,3
Braydaynelis,0,3,3
Braydem,3,0,3
Braydensio,3,0,3
Braydimar,3,0,3
Braydin,3,0,3
Braydison,3,0,3
Braydner,3,0,3
Brayell,3,0,3
Brayem,3,0,3
Brayèn,3,0,3
Brayend,3,0,3
Brayenda,0,3,3
Brayendon,3,0,3
Brayenna,0,3,3
Brayensia,0,3,3
Brayentéli,0,3,3
Brayentley,3,0,3
Brayhim,3,0,3
Brayie,0,3,3
Brayim,3,0,3
Braylano,3,0,3
Braylen,3,0,3
Braylette,0,3,3
Braylissa,0,3,3
Braym,3,0,3
Brayn-Emile,3,0,3
Brayna,0,3,3
Brayner,3,0,3
Braynn,3,0,3
Brayoncé,3,0,3
Braysaline,0,3,3
Brayse,3,0,3
Brayshanio,3,0,3
Brayshendrick,3,0,3
Brayston,3,0,3
Brayten,3,0,3
Braythen,3,0,3
Braythley,3,0,3
Braython,3,0,3
Brayzen,3,0,3
Brayzlee,0,3,3
Bráz,3,0,3
Braza,0,3,3
Brazielia,0,3,3
Brazill,0,3,3
Brazz,3,0,3
Brbar,0,3,3
Bre,3,0,3
Bréa-Yanne,0,3,3
Breacly,0,3,3
Breadan,3,0,3
Breaden,3,0,3
Breadley,3,0,3
Breadly,3,0,3
Breagin,3,0,3
Brealeigh,0,3,3
Brealynn,0,3,3
Breanainn,3,0,3
Breandon,3,0,3
Breandt,3,0,3
Breannah,0,3,3
Breannáin,3,0,3
Breannan,3,0,3
Breantha,0,3,3
Breany,3,0,3
Breattley,3,0,3
Breayanna,0,3,3
Brechda,0,3,3
Brechetta,0,3,3
Brechie,0,3,3
Brechiena,0,3,3
Brechienus,0,3,3
Brechita,0,3,3
Brëchje,0,3,3
Brechje-Bellefleur,0,3,3
Brecht-Marie,0,3,3
Brechtes,3,0,3
Brechthold,3,0,3
Brechtien,0,3,3
Brechtina,0,3,3
Brechtis,0,3,3
Brechtje-Sophie,0,3,3
Brecilia,0,3,3
Brecillia,0,3,3
Breckin,3,0,3
Breda,0,3,3
Bredan,3,0,3
Bredde,3,0,3
Breddy,3,0,3
Brede,3,0,3
Bredily,3,0,3
Bredina,0,3,3
Bredny,3,0,3
Bredon,3,0,3
Bredt,3,0,3
Bredu,3,0,3
Bredy,3,0,3
Breedanna,0,3,3
Breedje,0,3,3
Breedon,0,3,3
Breef,3,0,3
Breehe,3,0,3
Breena,0,3,3
Breesaap,3,0,3
Breese,0,3,3
Breëtta,0,3,3
Brefa,0,3,3
Breffni,3,0,3
Brefour,3,0,3
Bregadina,0,3,3
Bregatha,0,3,3
Bregda,0,3,3
Bregdina,0,3,3
Bregella,0,3,3
Bregettha,0,3,3
Breggerdina,0,3,3
Breggetha,0,3,3
Breggieta,0,3,3
Breggiette,0,3,3
Breggitha,0,3,3
Breginette,0,3,3
Bregjen,0,3,3
Bregke,0,3,3
Bregna,0,3,3
Bregnand,3,0,3
Bregnine,0,3,3
Bregtgina,0,3,3
Bregthilde,0,3,3
Bregthilt,0,3,3
Bregtien,0,3,3
Bregtine,0,3,3
Bregtstje,0,3,3
Breguinus,0,3,3
Bregytte,0,3,3
Brehetta,0,3,3
Brehilia,0,3,3
Brehua,3,0,3
Breightley,3,0,3
Breijdel,3,0,3
Breina,0,3,3
Breinter,3,0,3
Breion,3,0,3
Breiten,3,0,3
Breithley,3,0,3
Breiti,0,3,3
Breitner,3,0,3
Breiz,3,0,3
Bréjonah,0,3,3
Brekhna,0,3,3
Breklyn,3,0,3
Bréley,0,3,3
Brémajé,3,0,3
Bremanda,0,3,3
Bremer,3,0,3
Bremke,0,3,3
Brena,0,3,3
Brenaldo,3,0,3
Brenan,3,0,3
Brenand,3,0,3
Brenate,0,3,3
Brence,3,0,3
Brenco,3,0,3
Brenda-Emmy,0,3,3
Brenda-Louise,0,3,3
Brenda-Rose,0,3,3
Brenda-Simone,0,3,3
Brendajoyce,0,3,3
Brendalin,0,3,3
Brendalisa,0,3,3
Brendan-Hafo,3,0,3
Brendann,3,0,3
Brendano,3,0,3
Brendarus,3,0,3
Brendee,0,3,3
Brendelie,0,3,3
Brendha,0,3,3
Brendhan,3,0,3
Brendiene,0,3,3
Brendin,0,3,3
Brendinus,3,0,3
Brendith-Joan,0,3,3
Brendjan,3,0,3
Brendolyn,0,3,3
Brendus,3,0,3
Brendy-Elly,0,3,3
Brenelle,0,3,3
Brenice,0,3,3
Breniona,0,3,3
Brenja,0,3,3
Brenjo,3,0,3
Brenk,3,0,3
Brenka,0,3,3
Brenko,3,0,3
Brenks,3,0,3
Brenne-Joy,0,3,3
Brenned,3,0,3
Brennin,3,0,3
Brennmo,0,3,3
Brennt,3,0,3
Brens,3,0,3
Brensley,3,0,3
Brensly,3,0,3
Brent-Lennart,3,0,3
Brenthen,3,0,3
Brentino,3,0,3
Brentje,0,3,3
Brentnol,3,0,3
Brentyn,3,0,3
Brenuska,0,3,3
Brenwan,0,3,3
Brenwin,3,0,3
Brenyah,0,3,3
Brenyscha,0,3,3
Brenz,3,0,3
Brenzall,0,3,3
Breonna,0,3,3
Breque,3,0,3
Bres,3,0,3
Breschano,3,0,3
Brescla,0,3,3
Breseïs,0,3,3
Breshmar,3,0,3
Breshnah,0,3,3
Bresi,0,3,3
Bresilla,0,3,3
Bresnan,3,0,3
Bress,3,0,3
Bressilla,0,3,3
Brest,3,0,3
Bresten,3,0,3
Breston,3,0,3
Bretanie,3,0,3
Brethly,3,0,3
Brethrin,3,0,3
Bretina,0,3,3
Bretje,3,0,3
Bretly,3,0,3
Brets,3,0,3
Brettainy,0,3,3
Brettany,0,3,3
Brette,0,3,3
Bretten,3,0,3
Bretth,3,0,3
Brettina,0,3,3
Bretton,3,0,3
Breugera,3,0,3
Breuklin,3,0,3
Breunardus,3,0,3
Breuné,3,0,3
Breuni,3,0,3
Breunieke,0,3,3
Breunskje,0,3,3
Breuny,0,3,3
Breus,3,0,3
Breusina,0,3,3
Brevin,0,3,3
Brevys,3,0,3
Brew,0,3,3
Brewot,0,3,3
Brewster,3,0,3
Brex,3,0,3
Breyana,0,3,3
Breyanna,0,3,3
Breyem,3,0,3
Breyenna,0,3,3
Breyin,3,0,3
Breyona,0,3,3
Brez,3,0,3
Breza,0,3,3
Brezeïs,0,3,3
Brezie,0,3,3
Bria,3,0,3
Briadata,0,3,3
Briahna,0,3,3
Brialey,3,0,3
Briam,3,0,3
Brian-Andrew,3,0,3
Brian-Bert,3,0,3
Brian-Lee,3,0,3
Brian-Lesley,3,0,3
Brian-Melvin,3,0,3
Brian-Paul,3,0,3
Brianaley,0,3,3
Briandely,0,3,3
Briando,3,0,3
Briandyson,3,0,3
Briani,0,3,3
Brianitchio,3,0,3
Brianity,0,3,3
Briânne,0,3,3
Briànne,0,3,3
Brïanno,3,0,3
Briannon,3,0,3
Briannye,0,3,3
Briano,3,0,3
Brianshely,0,3,3
Briansley,3,0,3
Brianson,3,0,3
Briante,0,3,3
Briantia,0,3,3
Brianto,3,0,3
Briar-Rose,0,3,3
Briason,3,0,3
Briaton,3,0,3
Briaycio,3,0,3
Briayén,0,3,3
Briayennaileyz,0,3,3
Brice-Valentine,3,0,3
Bricely,3,0,3
Briceson,3,0,3
Brichaily,0,3,3
Brichanne,0,3,3
Brichano,3,0,3
Brichel,0,3,3
Brichello,3,0,3
Brichet,0,3,3
Brichilla,0,3,3
Brichitte,0,3,3
Brichna,0,3,3
Bricio,3,0,3
Bricitta,0,3,3
Bricius,3,0,3
Brickl,3,0,3
Bricklyn,0,3,3
Brickna,3,0,3
Briclya,0,3,3
Bríd,0,3,3
Bridde,0,3,3
Bridet,0,3,3
Bridey,3,0,3
Bridge,3,0,3
Bridgeboekhan,3,0,3
Bridged,0,3,3
Bridgemohen,3,0,3
Bridges,3,0,3
Bridgete,0,3,3
Bridgiëly,0,3,3
Bridgina,0,3,3
Bridgittje,0,3,3
Bridglee,3,0,3
Bridgus,0,3,3
Bridhley,3,0,3
Bridin,0,3,3
Bridjadhar,3,0,3
Bridjanand,3,0,3
Bridjesh,3,0,3
Bridjlal,3,0,3
Bridle,3,0,3
Bridley-Ann,0,3,3
Bridt,0,3,3
Brie,0,3,3
Brieann,0,3,3
Brieanna,0,3,3
Briec,3,0,3
Briechell,0,3,3
Briede,0,3,3
Briedget,0,3,3
Briedjamar,3,0,3
Briedjmawatie,0,3,3
Briegel,3,0,3
Briegieta,0,3,3
Briegitha,0,3,3
Briegitta,0,3,3
Briekite,0,3,3
Briëlla,0,3,3
Brielly,0,3,3
Brienaldo,3,0,3
Brienetta,0,3,3
Briènne,0,3,3
Briénne,0,3,3
Brienneke,0,3,3
Briëntely,0,3,3
Briënthy,0,3,3
Briëny,0,3,3
Briesk,3,0,3
Brietha,0,3,3
Briëtta,0,3,3
Briette,0,3,3
Brietus,3,0,3
Brieuw,3,0,3
Brieyenna,0,3,3
Briez,3,0,3
Brifina,0,3,3
Brig,0,3,3
Brigalia,0,3,3
Briganté,3,0,3
Brigantia,0,3,3
Briganty,0,3,3
Brigatta,0,3,3
Brigco,3,0,3
Brigdith,0,3,3
Brigeerte,0,3,3
Brigeina,0,3,3
Brigetina,0,3,3
Brigetti,0,3,3
Briggetina,0,3,3
Briggetta,0,3,3
Briggette,0,3,3
Brigginello,3,0,3
Briggs,3,0,3
Briggy,0,3,3
Brighella,0,3,3
Brighelle,0,3,3
Brighet,0,3,3
Brighetta,0,3,3
Bríghid,0,3,3
Brighíd,0,3,3
Brighida,0,3,3
Brighide,0,3,3
Brighitta,0,3,3
Brightlin,3,0,3
Brightner,3,0,3
Brighton-Louis,3,0,3
Brigido,3,0,3
Brigie,0,3,3
Brigielia,0,3,3
Brigine,0,3,3
Brigit-An,0,3,3
Brigit-Janet,0,3,3
Brigitda,0,3,3
Brigith-Gertruida,0,3,3
Brigitina,3,0,3
Brigitte-Ann,0,3,3
Brigitte-Anne,0,3,3
Brigitte-Ellen,0,3,3
Brigitte-Noëlle,0,3,3
Brigitte-Patrice,0,3,3
Brigittel,3,0,3
Brigittis,3,0,3
Brigitto,0,3,3
Brigittta,0,3,3
Brigitus,3,0,3
Briglia,3,0,3
Brigmohan,3,0,3
Brigriet,0,3,3
Brigrit,0,3,3
Brigritha,0,3,3
Brigth,3,0,3
Brigty,0,3,3
Brigyth,0,3,3
Brihanna-Lynn,0,3,3
Brihanne,0,3,3
Briitney,0,3,3
Brijana,0,3,3
Brijanna,0,3,3
Brijanthe,0,3,3
Brijeta,0,3,3
Brikita,0,3,3
Brikitte,0,3,3
Brikke,3,0,3
Brilant,3,0,3
Briley,3,0,3
Briljano,3,0,3
Brilliananda,3,0,3
Brilliant,0,3,3
Brillit,0,3,3
Brilon,3,0,3
Brimelda,0,3,3
Brimiwes,3,0,3
Brimley,3,0,3
Brimme,3,0,3
Brimmie,0,3,3
Brinan,3,0,3
Brinatia,0,3,3
Brindaben,3,0,3
Brindalynn,0,3,3
Brindina,0,3,3
Brindisjan,3,0,3
Brindji,0,3,3
Brindsley,3,0,3
Brinelcha,0,3,3
Brinelsia,0,3,3
Bringfriede,0,3,3
Brini,3,0,3
Brinique,0,3,3
Brinju,0,3,3
Brink,3,0,3
Brinker,3,0,3
Brinkje,0,3,3
Brinko,3,0,3
Brinley,3,0,3
Brino,3,0,3
Brinsha,0,3,3
Brintha,0,3,3
Brintly,3,0,3
Brinton,3,0,3
Brintus,3,0,3
Briohny,0,3,3
Brión,3,0,3
Brionda,0,3,3
Brionni,0,3,3
Briquelle,0,3,3
Brisaida,0,3,3
Brisanna,0,3,3
Briscella,0,3,3
Briscila,0,3,3
Brisckella,0,3,3
Brisco,0,3,3
Brise,0,3,3
Briseas,0,3,3
Briseïes,0,3,3
Briseís,0,3,3
Brises,0,3,3
Briseys,0,3,3
Brishainnely,0,3,3
Brishant,3,0,3
Brishantly,0,3,3
Brishanty,0,3,3
Brishany,0,3,3
Brishéla,0,3,3
Brishid,0,3,3
Brishita,0,3,3
Brishna,0,3,3
Brisna-Celine,0,3,3
Briso,3,0,3
Brison,3,0,3
Brispat,3,0,3
Brissa,0,3,3
Brisseïs,0,3,3
Brista,0,3,3
Bristel,0,3,3
Bristella,0,3,3
Bristi,0,3,3
Briston,3,0,3
Britania,0,3,3
Britanja,0,3,3
Britanny,0,3,3
Britannya,0,3,3
Briteny,0,3,3
Brites,3,0,3
Britesh,3,0,3
Britgett,0,3,3
Brithanny,0,3,3
Britheny,0,3,3
Brithina,0,3,3
Brithley,0,3,3
Brithly,3,0,3
Briti,3,0,3
Britina,0,3,3
Britinia,0,3,3
Britjeth,0,3,3
Britlise,0,3,3
Britmeilleni,0,3,3
Britnay,0,3,3
Britneij,0,3,3
Britney-Bo,0,3,3
Britnie,0,3,3
Britnny,0,3,3
Brits,3,0,3
Britt-Ann,0,3,3
Britt-Brechtsje,0,3,3
Britt-Erina,0,3,3
Britt-Eveline,0,3,3
Britt-Jessie,0,3,3
Britt-Julie,0,3,3
Britt-Linnea,0,3,3
Britt-Malena,0,3,3
Britt-Mari,0,3,3
Britt-Maureen,0,3,3
Britt-Maxime,0,3,3
Britt-Siet,0,3,3
Britt-Zoë,0,3,3
Britta-Josée,0,3,3
Britta-Marie,0,3,3
Britta-Maya,0,3,3
Britta-Sophie,0,3,3
Brittain,3,0,3
Brittani,0,3,3
Brittanij,0,3,3
Brittann,0,3,3
Brittannia,0,3,3
Brittannica,0,3,3
Brittany-Grace,0,3,3
Brittanya,0,3,3
Britte-Bloem,0,3,3
Britte-Marit,0,3,3
Britte-Samantha,0,3,3
Britte-Silje,0,3,3
Britte-Sophie,0,3,3
Britteline,0,3,3
Britteney,0,3,3
Brittenie,0,3,3
Brittenney,0,3,3
Brittget,0,3,3
Britthaney,0,3,3
Britthany,0,3,3
Brittine,0,3,3
Brittinge,0,3,3
Brittiny,0,3,3
Brittius,3,0,3
Brittnay,0,3,3
Brittnie,0,3,3
Britto,3,0,3
Brittonius,3,0,3
Brive,0,3,3
Brixan,0,3,3
Brixhilda,0,3,3
Brixos,3,0,3
Brixs,3,0,3
Brixthon,3,0,3
Briyanka,0,3,3
Briyano,3,0,3
Briyonza,0,3,3
Briz,0,3,3
Brizee,0,3,3
Brizeis,0,3,3
Brizia,0,3,3
Brizilla,0,3,3
Brizjiet,0,3,3
Brizleth,0,3,3
Bro'Lee,3,0,3
Broadie,3,0,3
Broangel,3,0,3
Broannan,3,0,3
Broar,3,0,3
Brobby,3,0,3
Broce,3,0,3
Brodach,3,0,3
Brōder,3,0,3
Brodhi,3,0,3
Brodney,3,0,3
Brods,3,0,3
Brodski,3,0,3
Brody-Vaughn,3,0,3
Broeccel,0,3,3
Broël,3,0,3
Broem,3,0,3
Broemand,3,0,3
Broena,0,3,3
Broer-Jan,3,0,3
Broerchi,3,0,3
Broererius,3,0,3
Broeri,3,0,3
Broerie,3,0,3
Broesje,0,3,3
Broewi,3,0,3
Broggio,3,0,3
Broh,3,0,3
Brohlin,3,0,3
Broïn,3,0,3
Brolin,3,0,3
Brolle,3,0,3
Brom,3,0,3
Bromero,3,0,3
Brónach,0,3,3
Brōnagh,0,3,3
Bronah,0,3,3
Bronardina,0,3,3
Broncko,3,0,3
Bronckx,3,0,3
Brond,3,0,3
Brondeel,3,0,3
Brondien,0,3,3
Brondiena,0,3,3
Brondientje,0,3,3
Brondina,0,3,3
Brone,0,3,3
Bronetta,0,3,3
Brongardina,0,3,3
Brongerdina,0,3,3
Bronik,3,0,3
Bronislaus,3,0,3
Bronistaw,3,0,3
Bronisława,0,3,3
Broniya,0,3,3
Broniyslaw,3,0,3
Bronka,0,3,3
Bronkie,0,3,3
Bronn,3,0,3
Bronneck,3,0,3
Bronneger,3,0,3
Bronno-Willem,3,0,3
Bronny,3,0,3
Brono,3,0,3
Bronos,3,0,3
Bronovita,0,3,3
Bronski,3,0,3
Brontae,3,0,3
Brontie,0,3,3
Broocqelin,0,3,3
Brooke-lynn,0,3,3
Brookelle,0,3,3
Brookeshields,0,3,3
Brookey,0,3,3
Brooklyn-Alison,0,3,3
Brooklyn-Joy,0,3,3
Brooklyn-Sky,0,3,3
Brooks,3,0,3
Broox,3,0,3
Brosiando,3,0,3
Brosiane,0,3,3
Brosine,0,3,3
Brosnan,3,0,3
Brothar,3,0,3
Brothenus,3,0,3
Brothin,3,0,3
Brotoasmoro,3,0,3
Broula,0,3,3
Broulio,3,0,3
Brounius,3,0,3
Brous,3,0,3
Brouwerty,0,3,3
Browel,3,0,3
Broweza,0,3,3
Brownia,0,3,3
Brownie,3,0,3
Browning,3,0,3
Broyanna,0,3,3
Brshina,0,3,3
Brsht,3,0,3
Brsinia,0,3,3
Bruçe,3,0,3
Bruce-Autumn,3,0,3
Bruce-Benjamin,3,0,3
Bruce-Gynno,3,0,3
Bruce-Lee,3,0,3
Brucelee,3,0,3
Brucelis,0,3,3
Bruceno,3,0,3
Bruchan,3,0,3
Bruchela,0,3,3
Brucherus,3,0,3
Brucia,0,3,3
Brudence,0,3,3
Brudentiana,0,3,3
Brudin,0,3,3
Brudith,0,3,3
Brugdina,0,3,3
Bruggitta,0,3,3
Brught,3,0,3
Brugina,0,3,3
Brugitte,0,3,3
Brugje,0,3,3
Bruigom,0,3,3
Bruijn,3,0,3
Bruin-Libbes,3,0,3
Bruinardus,3,0,3
Bruinier,3,0,3
Bruinnette,0,3,3
Bruintina,0,3,3
Bruintje,3,0,3
Bruinus,3,0,3
Bruisken,0,3,3
Bruisten,3,0,3
Bruk,3,0,3
Brukk,3,0,3
Bruktawit,0,3,3
Brulé,3,0,3
Bruma,0,3,3
Brunarda,0,3,3
Brunata,0,3,3
Bruneau,3,0,3
Brunehilda,0,3,3
Brunela,0,3,3
Brunell,0,3,3
Bruney,3,0,3
Brunger,3,0,3
Brunia,0,3,3
Brunice,0,3,3
Brunilda,0,3,3
Brunilla,0,3,3
Brunillda,0,3,3
Brunislawa,0,3,3
Brunja,0,3,3
Brunjar,3,0,3
Brunn,3,0,3
Brunnella,0,3,3
Brunner,0,3,3
Brünnhilde,0,3,3
Brûno,3,0,3
Brunó,3,0,3
Bruno-Levi,3,0,3
Brunona,0,3,3
Brunot,3,0,3
Brunskje,0,3,3
Brunton,3,0,3
Bruona,0,3,3
Brusinus,3,0,3
Brûsk,3,0,3
Brüsk,3,0,3
Brussly,3,0,3
Brustijn,3,0,3
Brustinus,3,0,3
Brutanja,0,3,3
Bruum,3,0,3
Bruune,0,3,3
Bruus-Jan,3,0,3
Bruut,3,0,3
Bruwa,0,3,3
Bruwaah,0,3,3
Bruwe,3,0,3
Brux,3,0,3
Bruygom,3,0,3
Bruyna,0,3,3
Bruzina,0,3,3
Bry,0,3,3
Bry-Ann,0,3,3
Bry-Anne,0,3,3
Brya,0,3,3
Bryaden,3,0,3
Bryam,3,0,3
Bryàn,3,0,3
Bryan-Allen,3,0,3
Bryan-Anthony,3,0,3
Bryan-Dylan,3,0,3
Bryan-James,3,0,3
Bryan-Joëll,3,0,3
Bryan-John,3,0,3
Bryan-Junior,3,0,3
Bryan-Lionell,3,0,3
Bryan-O'neill,3,0,3
Bryan-Radjinder,3,0,3
Bryan-Ray,3,0,3
Bryan-Roy,3,0,3
Bryan-Sylvan,3,0,3
Bryäna,0,3,3
Bryand,3,0,3
Bryandell,3,0,3
Bryani,0,3,3
Bryanisa,0,3,3
Bryankoemar,3,0,3
Bryansley,3,0,3
Bryant-Anthony,3,0,3
Bryanth,3,0,3
Bryar,3,0,3
Bryaton,3,0,3
Bryce-lynn,0,3,3
Bryce-Nathan,3,0,3
Brycent,3,0,3
Bryceson,3,0,3
Brychell,3,0,3
Brychené,0,3,3
Brychenna,0,3,3
Brydan,3,0,3
Brydel,3,0,3
Brydew,3,0,3
Brydie,0,3,3
Bryean,3,0,3
Bryèlle,0,3,3
Bryemont,0,3,3
Bryent,3,0,3
Bryggja,0,3,3
Bryher,3,0,3
Bryian,3,0,3
Bryjan,3,0,3
Bryjanne,0,3,3
Brylan,3,0,3
Brylard,3,0,3
Brylee,0,3,3
Bryln,3,0,3
Brylyne,0,3,3
Brylynn,0,3,3
Brymm,3,0,3
Brŷn,3,0,3
Brynan,3,0,3
Bryndan,3,0,3
Brynden,3,0,3
Bryne,3,0,3
Brynel,3,0,3
Brynjar,3,0,3
Brynjulf,3,0,3
Brynna,0,3,3
Bryon-Joey,3,0,3
Bryonde,0,3,3
Bryron,3,0,3
Brysand,3,0,3
Bryseïs,0,3,3
Bryshalyano,3,0,3
Bryshaviënna,0,3,3
Bryshere,3,0,3
Bryson-Emilio,3,0,3
Bryson-Jaheim,3,0,3
Bryss,3,0,3
Brysten,3,0,3
Brytan,3,0,3
Bryten,3,0,3
Brythan,3,0,3
Brythen,3,0,3
Brytta,0,3,3
Bryx,3,0,3
Bryzen,3,0,3
Brønnum,3,0,3
Bshara,3,0,3
Bsheer,3,0,3
Bshier,3,0,3
Bshina,0,3,3
Bshnona,3,0,3
Bsirat,3,0,3
Bsnik,3,0,3
Bsrat,0,3,3
Btiesam,0,3,3
Btihale,0,3,3
Btisham,0,3,3
Bu'ó'm,0,3,3
Bua,0,3,3
Buabin,0,3,3
Buadi,3,0,3
Buadifaa,0,3,3
Buakaew,0,3,3
Bualoys,0,3,3
Buanacaia,3,0,3
Buar,3,0,3
Buassa,0,3,3
Buathamada,0,3,3
Bubala,3,0,3
Bubo,3,0,3
Bubu,3,0,3
Buby,3,0,3
Buce,3,0,3
Buchari,3,0,3
Buchi,3,0,3
Buchito,3,0,3
Buckina,0,3,3
Buckley,3,0,3
Buco,3,0,3
Bucur,3,0,3
Budak,0,3,3
Budastri,0,3,3
Buday,3,0,3
Budch,3,0,3
Buddha,0,3,3
Buddhy,3,0,3
Buddo,3,0,3
Buddy-Joe,3,0,3
Buddy-Kaene,3,0,3
Buddy-Lee,3,0,3
Budelia,0,3,3
Budhani,0,3,3
Budhi,3,0,3
Budhiyati,0,3,3
Budiamiarso,3,0,3
Budiariano,3,0,3
Budiarty,0,3,3
Budiarya,3,0,3
Budiati,0,3,3
Budiawan,3,0,3
Budic,3,0,3
Budidharma,3,0,3
Budijono,3,0,3
Budimansyah,3,0,3
Budimira,0,3,3
Budimirka,0,3,3
Budirahayu,0,3,3
Budisantoso,3,0,3
Budisusanto,3,0,3
Budiutomo,3,0,3
Budiyanto,3,0,3
Budo,3,0,3
Budoyo,3,0,3
Budsaya,0,3,3
Buduur,0,3,3
Budyomi,3,0,3
Budyono,3,0,3
Bue,3,0,3
Buelah,0,3,3
Buell,3,0,3
Buelle,0,3,3
Buemi,3,0,3
Buena,0,3,3
Buenaventuro,3,0,3
Buenvenida,0,3,3
Buer,0,3,3
Buf,3,0,3
Bufa,0,3,3
Buffa,0,3,3
Buffie,0,3,3
Bufo,3,0,3
Bugay,3,0,3
Buğçe,0,3,3
Bugce,0,3,3
Buǵlem,0,3,3
Bugoy,3,0,3
buğra,3,0,3
Buġra,3,0,3
Bugra-Kaan,3,0,3
Bugracan,3,0,3
Buĝrahan,3,0,3
Buġrahan,3,0,3
Buǵrahan,3,0,3
Buġse,0,3,3
Buğsenur,0,3,3
Bugsenur,0,3,3
Bugsy,3,0,3
Bugurcan,3,0,3
Buğurci,3,0,3
Buh,3,0,3
Buhaina,3,0,3
Buhiya,3,0,3
Buhle,3,0,3
Buhlem,0,3,3
Buhse,0,3,3
Búi,3,0,3
Buïck,3,0,3
Buië,0,3,3
Buijs,3,0,3
Buijsing,0,3,3
Buïn,3,0,3
Buirma,3,0,3
Buisiena,0,3,3
Buiske,0,3,3
Bujalske,0,3,3
Bujar,3,0,3
Bujazid,3,0,3
Bujin,3,0,3
Buk,3,0,3
Bukaka,0,3,3
Bukasa,0,3,3
Bukent,0,3,3
Bukeramsingh,3,0,3
Büket,0,3,3
Buketi,0,3,3
Buki,0,3,3
Bukka,3,0,3
Bukola,0,3,3
Bukoola,0,3,3
Bükra,0,3,3
Bukre,0,3,3
Bukula,3,0,3
Bukunola,3,0,3
Bukurie,0,3,3
Bukurija,0,3,3
Bukurijë,0,3,3
Bukurije,0,3,3
Bula,0,3,3
Bulah,0,3,3
Bulahan,3,0,3
Bulamu,3,0,3
Bulan-Putri,0,3,3
Bulduk,3,0,3
Bulem,0,3,3
Bûlent,3,0,3
Bület,3,0,3
Bull,3,0,3
Bulle,3,0,3
Bully,3,0,3
Bulo,3,0,3
Bulong,3,0,3
Bulonza,0,3,3
Buluş,3,0,3
Bulusk,3,0,3
Bumi-Putra,3,0,3
Bumija,0,3,3
Bumijah,0,3,3
Bummy,0,3,3
Bumolda,0,3,3
Bumpus,3,0,3
Bun-Majoor,3,0,3
Bunan,3,0,3
Bunaya,0,3,3
Bunche,0,3,3
Bunchu,0,3,3
Bundala,0,3,3
Bundan,3,0,3
Buneemm,3,0,3
Büneyye,3,0,3
Bungabibob,3,0,3
Bungasuci,0,3,3
Bungudi,3,0,3
Bunike,0,3,3
Bunito,3,0,3
Bunjamin,3,0,3
Bünjamin,3,0,3
Bunjiam,0,3,3
Bunky,3,0,3
Bunla,0,3,3
Bunler,3,0,3
Bunliang,3,0,3
Bunma,3,0,3
Bûnmie,3,0,3
Bunney,0,3,3
Buno,3,0,3
Buntarika,0,3,3
Bunti,0,3,3
Bunwi,3,0,3
Bunyami,3,0,3
Bűnyamin,3,0,3
Bünyamın,3,0,3
Bunyan,3,0,3
Buom,0,3,3
Bupi,3,0,3
Bupindersing,3,0,3
Buppha,0,3,3
Buraçcan,3,0,3
Burahan,3,0,3
Burāk,3,0,3
Bürak,3,0,3
Burberrie,0,3,3
Burberry,0,3,3
Burc,3,0,3
Burça,0,3,3
Burcardo,3,0,3
Burçay,3,0,3
Burchhard,3,0,3
Burci,3,0,3
Burckhardt,3,0,3
Burcum,0,3,3
Burde,3,0,3
Burdy,0,3,3
Bureekha,0,3,3
Bureh,3,0,3
Burei,3,0,3
Burg-Benjamin,3,0,3
Burgeretha,0,3,3
Burgerinus,3,0,3
Burgers,3,0,3
Burgess,3,0,3
Burggienus,3,0,3
Burgharda,0,3,3
Burghardina,0,3,3
Burghardt,3,0,3
Burghtje,0,3,3
Burgine,0,3,3
Burgitt,0,3,3
Burgonda,0,3,3
Burgunda,0,3,3
Burhaaneddien,3,0,3
Burhancan,3,0,3
Burhani,3,0,3
Burhanullah,3,0,3
Buri,3,0,3
Burina,0,3,3
Burinyuy,0,3,3
Bürkan,3,0,3
Burkart,3,0,3
Burkey,3,0,3
Burkhardt,3,0,3
Burla,0,3,3
Burleigh,3,0,3
Burley,3,0,3
Burlinda,0,3,3
Burlisthon,3,0,3
Burmania,3,0,3
Burmansing,3,0,3
Burmansingh,3,0,3
Burmanus,3,0,3
Burnadath,0,3,3
Burnadet,0,3,3
Burnadine,0,3,3
Burne,0,3,3
Burnedet,0,3,3
Burnetia,0,3,3
Burnetta,0,3,3
Burnley,3,0,3
Burns,3,0,3
Burok,0,3,3
Burr,0,3,3
Burrèt,3,0,3
Burrette,0,3,3
Burrito,3,0,3
Burroughes,3,0,3
Bursa,3,0,3
Bursly,3,0,3
Burtay,3,0,3
Burthleyson,3,0,3
Burthy,3,0,3
Burtly,3,0,3
Buruc,3,0,3
Burukan,3,0,3
Burundi,3,0,3
Bury,3,0,3
Busaeri,3,0,3
Busah,3,0,3
Busan,0,3,3
Busanda,3,0,3
Busanno,3,0,3
Buschra,0,3,3
Busè,0,3,3
Busegül,0,3,3
Buselin,0,3,3
Busemirem,0,3,3
Busera,0,3,3
Bushira,0,3,3
Bushiri,0,3,3
Bushka,0,3,3
Bushkie,3,0,3
Bushrah,0,3,3
Busi-ola,0,3,3
Busin,3,0,3
Busine,0,3,3
Busmar,3,0,3
Busola,0,3,3
Busonge,3,0,3
Busono,3,0,3
Büsŗa,0,3,3
Bŭşra,0,3,3
Büśra,0,3,3
Büşra-Besti,0,3,3
Büşra-nur,0,3,3
Buşraga,0,3,3
Busranur,0,3,3
Büsranur,0,3,3
Busscher,3,0,3
Busso,3,0,3
Bussons,0,3,3
Busuluwa,3,0,3
Busulwa,3,0,3
Buta,3,0,3
Butemié,0,3,3
Butet,0,3,3
Buteyra,0,3,3
Butezi,0,3,3
Buthayna,0,3,3
Butje,3,0,3
Butkini,0,3,3
Butrechta,0,3,3
Butty,0,3,3
Buu-Van,3,0,3
Buuk,3,0,3
Buunkje,0,3,3
Buus,3,0,3
Buuse,0,3,3
Buvana,0,3,3
Buwana,0,3,3
Buwer,3,0,3
Buxton,3,0,3
Buxy,0,3,3
Buyamba,0,3,3
Buyo,3,0,3
Buyoo,0,3,3
Buyra,3,0,3
Buysje,3,0,3
Buyuk,3,0,3
Buyung,3,0,3
Buzhi,0,3,3
Buzi,0,3,3
Bvania,0,3,3
Bwadze,3,0,3
Bwan,0,3,3
Bwar,3,0,3
BWD,3,0,3
Bweh,0,3,3
Bwenzi,3,0,3
Bwerani,3,0,3
Bwezabidi,3,0,3
Bwimana,0,3,3
Bwindi,0,3,3
Bwino,3,0,3
BWLA,3,0,3
BWM,0,3,3
Byada,0,3,3
Byakuya,3,0,3
Byanthe,0,3,3
Byarn,3,0,3
Byarne,3,0,3
Byarnigmar,3,0,3
Byarno,3,0,3
Byars,3,0,3
Byartini,0,3,3
Byate,0,3,3
Bycentha,0,3,3
Bycko,3,0,3
Byé,0,3,3
Byèn,0,3,3
Byenveni,0,3,3
Byera,3,0,3
Byerlit,3,0,3
Byfeun,0,3,3
Byjan,3,0,3
Byjanka,0,3,3
Bylana,0,3,3
Byleika,0,3,3
Bylly,3,0,3
Bylo,3,0,3
Byloeska,0,3,3
Bylon,3,0,3
Byltien,0,3,3
Bynaisha,0,3,3
Bynam,3,0,3
Bynar,3,0,3
Byndy,0,3,3
Bynette,0,3,3
Bynk,3,0,3
Bynse,3,0,3
Bynt,3,0,3
Bynum,0,3,3
Byoela,0,3,3
Byondry,3,0,3
Byonne,0,3,3
Byorick,3,0,3
Byorne,3,0,3
Byrama,0,3,3
Byran,3,0,3
Byrd,3,0,3
Byrem,3,0,3
Byrgit,0,3,3
Byrhtnoth,3,0,3
Byrjun,0,3,3
Byro,3,0,3
Byron-Benjamin,3,0,3
Byrona,0,3,3
Byronbliss,3,0,3
Byrte,0,3,3
Bysan,0,3,3
Byshoy,3,0,3
Bysshe,3,0,3
Byther,3,0,3
Byun,3,0,3
Byung,3,0,3
Byungha,3,0,3
Byungki,3,0,3
Byurenda,3,0,3
Bywwyn,3,0,3
Byzantia,0,3,3
Bzjwen,3,0,3
Børjen,3,0,3
Bøyd,3,0,3
Błażej,3,0,3
