Name,Men,Women,Total
Cornelis,352739,1191,353930
Cornelia,3224,295074,298298
Catharina,10607,231454,242061
Christina,1801,99129,100930
Christiaan,75576,410,75986
Carolina,490,29965,30455
Charlotte,94,29276,29370
Chantal,212,25109,25321
Caroline,107,20285,20392
Cornelius,20033,214,20247
Christine,167,18933,19100
Christian,18501,312,18813
Claudia,144,16398,16542
Christianus,16248,100,16348
Clasina,189,15096,15285
Carla,85,13637,13722
Carolus,13255,221,13476
Casper,12581,58,12639
Cecilia,354,11760,12114
Clara,498,10726,11224
Cindy,132,10292,10424
Charles,10051,153,10204
Clemens,8665,407,9072
Carmen,51,8895,8946
Carola,71,7903,7974
Cynthia,24,7222,7246
Cas,7127,7,7134
Chris,6587,534,7121
Cornelus,5880,68,5948
Carel,5535,10,5545
Carolien,48,5401,5449
Coenraad,5292,28,5320
Corine,15,5207,5222
Clazina,37,5132,5169
Carlijn,5,5101,5106
Claire,51,4987,5038
Coen,4912,18,4930
Christoffel,4765,66,4831
Corina,32,4771,4803
Constance,68,4705,4773
Christel,73,4534,4607
Celine,23,4406,4429
Colin,4186,8,4194
Catherina,173,3707,3880
Carlo,3843,35,3878
Cato,78,3729,3807
Caspar,3515,90,3605
Constantijn,3519,5,3524
Christopher,3509,3,3512
Cheyenne,47,3286,3333
Christiana,34,3248,3282
Corné,3165,40,3205
Christa,15,3119,3134
Carina,39,3028,3067
Carl,2992,22,3014
Catharinus,2977,3,2980
Charissa,3,2775,2778
Collin,2647,9,2656
Catherine,43,2484,2527
Clementine,56,2458,2514
Catharine,86,2380,2466
Clementina,59,2243,2302
Corinne,7,2226,2233
Chloë,3,2228,2231
Camiel,2154,46,2200
Céline,14,2186,2200
Carlos,2172,15,2187
Cecile,117,2055,2172
Chiara,9,2138,2147
Caecilia,60,2077,2137
Celina,85,1992,2077
Cees,1977,42,2019
Chiel,1995,3,1998
Coleta,273,1689,1962
Constant,1898,51,1949
Celeste,24,1905,1929
Corrie,91,1832,1923
Caitlin,3,1907,1910
Can,1859,25,1884
Christien,37,1844,1881
Charlie,931,939,1870
Chelsea,14,1803,1817
Calvin,1732,0,1732
Chayenne,11,1718,1729
Cornelie,12,1699,1711
Cécile,50,1645,1695
Cora,8,1654,1662
Christianne,35,1592,1627
Cathelijne,3,1541,1544
Conny,36,1404,1440
Corstiaan,1404,3,1407
Colette,24,1376,1400
Chanel,11,1380,1391
Chloé,0,1351,1351
Cheryl,17,1327,1344
Cor,1271,71,1342
Christiane,19,1228,1247
Ciska,5,1234,1239
Cristina,20,1200,1220
Corry,60,1156,1216
Cassandra,3,1205,1208
Camille,605,590,1195
Constantinus,1151,22,1173
Colinda,5,1158,1163
Catrina,15,1113,1128
Constantia,29,1077,1106
Chelsey,5,1085,1090
Cunera,33,1026,1059
Celia,3,1042,1045
Conrad,950,16,966
Chi,621,343,964
Clement,942,19,961
Christinus,943,3,946
Cornélie,3,889,892
Coco,27,854,881
Cedric,869,3,872
Carine,10,848,858
Camilla,11,834,845
Charlene,3,836,839
Carol,384,451,835
Chaima,0,812,812
Christy,16,759,775
Cem,749,8,757
Carin,25,727,752
Coenradus,740,9,749
Cathérine,23,707,730
Charmaine,3,705,708
Chantalle,29,676,705
Clarissa,3,700,703
Casparus,688,6,694
Claudine,11,681,692
Cristian,681,8,689
Cleo,19,667,686
Connor,665,11,676
Cyril,591,82,673
Caro,42,629,671
Cathalina,3,664,667
Charlotta,3,663,666
Corneel,636,26,662
Christoph,654,3,657
Ceylin,0,654,654
Cinderella,9,637,646
Carice,0,637,637
Chaimae,0,631,631
Cathy,5,625,630
Chimène,0,608,608
Coby,21,582,603
Catrinus,599,3,602
Caitlyn,0,589,589
Corien,3,587,590
Chun,548,40,588
Christophorus,579,3,582
Carsten,573,3,576
Ceyda,0,570,570
Cyriel,524,43,567
Casimir,559,3,562
Cyrillus,505,40,545
Cristiaan,536,7,543
Chayenna,3,531,534
Claudette,3,525,528
Christiano,522,3,525
Casey,319,197,516
Ceciel,81,429,510
Cristel,6,498,504
Canisius,492,8,500
Christophe,487,5,492
Chrétien,469,22,491
Cansu,0,484,484
Connie,20,463,483
Caesar,468,10,478
Conchita,3,470,473
Clemence,69,391,460
Ceren,5,451,456
Camillus,420,35,455
Christoffer,446,3,449
Constantina,3,441,444
Cornel,420,24,444
Cesar,437,5,442
Cataleya,0,436,436
Cihan,424,12,436
Cody,418,14,432
Celesta,5,426,431
Cyrille,258,171,429
Charity,0,422,422
Catarina,13,408,421
Cédric,419,3,422
Carien,6,413,419
Charlize,0,419,419
Carly,19,398,417
Clementia,0,416,416
Claudius,399,11,410
Carole,3,407,410
Clint,397,3,400
Carlien,0,395,395
Coert,393,3,396
Claudio,389,0,389
Charley,151,234,385
Cliff,378,3,381
Cecil,201,179,380
Channa,3,374,377
Christie,11,362,373
Cilia,3,367,370
Ching,113,255,368
Caithlyn,3,366,369
Corrina,3,364,367
Charelle,0,364,364
Clifford,361,3,364
Carolijn,3,362,365
Corrine,0,363,363
Céleste,8,352,360
Chahid,358,0,358
Claartje,3,351,354
Ciara,0,351,351
Charly,186,158,344
Charlot,6,335,341
Charon,17,322,339
Catalina,3,335,338
Cameron,253,77,330
Christiena,3,329,332
Carline,3,327,330
Celestina,16,309,325
Catelijne,0,321,321
Canan,3,317,320
Cathelijn,3,311,314
Claude,280,29,309
Corneille,288,20,308
Charel,146,158,304
Catrien,11,290,301
Conrardus,283,18,301
Cristiano,298,0,298
Clarence,270,26,296
Clyde,295,3,298
Chrissy,0,294,294
Conradus,289,5,294
Corinna,3,291,294
Cassidy,36,252,288
Ceylan,97,188,285
Chloe,0,285,285
Corstiana,0,285,285
Cathrina,7,277,284
Channah,0,281,281
Cicilia,3,277,280
Celestine,8,269,277
Carry,30,245,275
Christof,273,3,276
Carlijne,0,273,273
Carmelita,3,270,273
Cherelle,0,270,270
Caressa,0,269,269
Chenoa,8,257,265
Cornee,249,16,265
Columba,6,255,261
Caner,257,3,260
Conner,253,5,258
Chaya,3,255,258
Claziena,0,254,254
Caleb,253,0,253
Cengiz,252,0,252
Caroliene,6,242,248
Cris,200,47,247
Catriena,3,243,246
Ché,228,16,244
Chakir,243,0,243
Chung,219,23,242
Coralie,12,227,239
Claus,237,3,240
Cisca,3,235,238
Chase,236,0,236
Chen,134,102,236
Chester,231,3,234
Clifton,234,0,234
Cristine,3,230,233
Chaim,230,3,233
Caithlin,0,230,230
Caterina,9,219,228
Caya,3,225,228
Coba,3,225,228
Crystal,3,224,227
Che,198,23,221
Cherise,0,219,219
Clarina,3,212,215
Clarisse,8,208,216
Cinthia,3,214,217
Coosje,3,212,215
Crista,3,206,209
Cornelisje,0,209,209
Corneliske,0,209,209
Callista,0,208,208
Centina,0,208,208
Charlène,0,208,208
Cent,205,3,208
Christ,199,7,206
Cathalijne,3,201,204
Chaymae,0,202,202
Cheng,158,44,202
Chiem,202,0,202
Caitlynn,0,201,201
Corneli,13,186,199
Cyrilla,3,197,200
Carolyn,3,194,197
Chanelle,0,194,194
Cis,122,72,194
Clasine,3,191,194
Cobi,3,189,192
Cayden,185,7,192
Chanella,0,192,192
Cemal,191,0,191
Carlito,190,0,190
Corinda,0,190,190
Corianne,3,188,191
Coletta,11,177,188
Chaja,3,186,189
Clasinus,183,3,186
Ceriel,155,28,183
Ciske,135,48,183
Carlina,3,178,181
Carmela,3,179,182
Chrisje,6,174,180
Carmel,7,171,178
Cennet,0,178,178
Charlaine,0,178,178
Cara,0,176,176
Chinouk,3,174,177
Candy,17,158,175
Constantine,32,143,175
Christan,167,7,174
Cornelieke,0,174,174
Candice,0,173,173
Caren,0,170,170
Cemile,3,169,172
Claudina,0,169,169
Cloë,0,169,169
Camila,0,168,168
Carli,27,141,168
Charita,0,168,168
Catoo,3,165,168
Christiene,3,162,165
Constantius,160,3,163
Charl,160,3,163
Christi,3,159,162
Coenrardus,149,13,162
Charell,3,159,162
Clémence,8,153,161
Cherish,3,156,159
Clarice,5,154,159
Cemre,20,138,158
Claas,157,3,160
Caithlynn,0,157,157
Clément,154,3,157
Cunegonda,11,146,157
Cobie,3,150,153
Clark,149,3,152
Chandra,28,124,152
Constans,90,62,152
Corstianus,152,0,152
Casandra,0,151,151
Clayton,151,0,151
Cooper,144,7,151
Cosmas,147,3,150
Cyprianus,147,3,150
Candida,0,149,149
Cordula,7,141,148
Clarinda,3,146,149
Chanine,0,146,146
Courtney,14,132,146
Canisia,3,144,147
Caroliena,3,141,144
Cheyenna,0,145,145
Caesarina,0,144,144
Caine,142,3,145
Christoffelina,0,144,144
Clair,15,129,144
Claudy,12,132,144
Crispijn,141,3,144
Caja,13,128,141
César,139,3,142
Chico,141,0,141
Chanell,0,140,140
Cemil,139,0,139
Corona,3,135,138
Chantel,3,135,138
Clarine,3,133,136
Carianne,3,133,136
Constantin,133,3,136
Cleopatra,3,131,134
Curtis,131,3,134
Camilo,131,0,131
Chee,88,43,131
Cornell,126,5,131
Cathrien,9,121,130
Ceyhun,129,3,132
Claes,130,0,130
Calista,3,128,131
Clothilde,8,121,129
Cors,129,0,129
Cain,126,3,129
Casparina,3,126,129
Constancia,3,126,129
Cuno,127,0,127
Chin,66,59,125
Clasiena,3,123,126
Corlina,3,123,126
Corline,0,123,123
Cathleen,0,122,122
Cécilia,5,117,122
Chadia,0,121,121
Chaïmae,0,120,120
Cher,9,108,117
Christos,115,3,118
Chérie,3,115,118
Coenradina,0,116,116
Charina,0,114,114
Cyrus,112,3,115
Carlotta,0,112,112
Chahida,0,112,112
Carleen,0,111,111
Celal,110,3,113
Christoforus,110,3,113
Cüneyt,111,0,111
Catootje,0,110,110
Cerise,0,110,110
Cherry,14,96,110
Chantelle,3,108,111
Cissy,0,109,109
Cyrano,108,3,111
Chanté,0,108,108
Cherryl,3,107,110
Clinton,108,0,108
Charmain,6,101,107
Clare,3,103,106
Chadi,106,0,106
Chrétienne,5,101,106
Cyrill,100,6,106
Cenk,105,0,105
Cilla,3,104,107
Charis,14,90,104
Chermaine,3,103,106
Chevano,104,0,104
Cian,103,3,106
Ciro,103,3,106
Chandni,0,102,102
Charif,101,3,104
Camil,93,8,101
Cathrinus,101,0,101
Célestine,0,101,101
Corneles,100,3,103
Ceder,72,28,100
Clazinus,100,0,100
Coos,67,33,100
Camile,79,20,99
Cathariena,3,98,101
Charline,0,99,99
Cecilius,98,0,98
Charella,0,98,98
Christelle,0,98,98
Consuela,0,98,98
Corwin,98,0,98
Conor,97,0,97
Coraline,0,97,97
Chanice,0,96,96
Cihangir,95,0,95
Caz,94,0,94
Chafik,94,0,94
Cherique,0,94,94
Chiquita,0,94,94
Conrard,92,3,95
Catholina,0,93,93
Charmayne,0,93,93
Chayen,3,91,94
Chaïm,92,0,92
Chrissie,3,90,93
Christijan,92,0,92
Cafer,91,0,91
Chanan,75,16,91
Chretien,86,5,91
Cornely,3,89,92
Carlyn,0,90,90
Cengizhan,90,0,90
Christo,89,3,92
Cherine,0,89,89
Cheryll,3,88,91
Chong,83,6,89
Clay,88,3,91
Clémentine,0,89,89
Cruz,79,10,89
Chantall,3,86,89
Chan,51,36,87
Cherida,0,87,87
Cinta,3,86,89
Celena,0,86,86
Christijn,82,3,85
Christofoor,84,3,87
Corrien,3,83,86
Clementinus,84,3,87
Cyrina,0,85,85
Cecillia,0,84,84
Cheraine,0,84,84
Chiron,73,11,84
Claudi,7,77,84
Coriene,0,84,84
Carmencita,0,83,83
Carst,83,0,83
Cassius,81,3,84
Cézanne,3,79,82
Chelsy,3,81,84
Chenna,3,81,84
Crescentia,0,82,82
Célina,0,81,81
Chananja,31,50,81
Charisa,0,81,81
Cäcilia,3,79,82
Castor,78,3,81
Chrystal,0,80,80
Constanza,3,78,81
Carmelo,78,3,81
Cobus,79,0,79
Caelan,73,5,78
Catharien,9,69,78
Chanou,0,78,78
Colleen,0,78,78
Commerina,0,78,78
Conrada,0,78,78
Cornée,44,34,78
Chaz,72,5,77
Conraad,77,0,77
Carissa,0,76,76
Charifa,0,76,76
Charisma,0,76,76
Charona,0,76,76
Cheuk,55,21,76
Chevy,66,10,76
Cuma,75,3,78
Camillo,74,3,77
Chahrazad,0,75,75
Chavelli,0,75,75
Chemène,0,75,75
Cornelly,0,75,75
Charise,0,74,74
Cherissa,3,73,76
Chesney,54,20,74
Chioma,0,74,74
Concetta,3,73,76
Cornelise,0,74,74
Ceel,70,3,73
Cesur,72,3,75
Chander,70,3,73
Chieltje,3,72,75
Coline,3,72,75
Cyanne,0,73,73
Carmine,57,15,72
Chaira,0,72,72
Charisse,0,72,72
Cheung,63,9,72
Chiela,0,72,72
Choi,14,58,72
Constanze,3,70,73
Corinus,72,0,72
Cosmo,62,10,72
Casimirus,69,3,72
Chesron,70,0,70
Clasien,3,67,70
Clim,56,14,70
Chanaya,0,69,69
Chandenie,0,69,69
Chang,54,15,69
Chatarina,0,69,69
Ciaran,67,3,70
Catherinus,68,0,68
Charleen,0,68,68
Christl,3,67,70
Caio,66,3,69
Carijn,3,63,66
Cesare,64,3,67
Cesarina,3,66,69
Craig,66,3,69
Cattleya,0,66,66
Chava,3,64,67
Claudie,3,64,67
Clotilde,3,65,68
Caiden,65,0,65
Carolinus,65,0,65
Chu,34,31,65
Cita,0,65,65
Cecille,3,61,64
Celil,64,0,64
Ceryl,43,21,64
Charèl,3,62,65
Cleon,63,3,66
Corstina,0,64,64
Costa,50,14,64
Cyrelle,3,61,64
Cailin,3,62,65
Casperina,0,63,63
Chavelly,3,61,64
Clementius,62,3,65
Corneeltje,3,62,65
Caridad,7,55,62
Carmina,3,60,63
Chandeni,0,62,62
Cherilyn,0,62,62
Chirine,0,62,62
Chislaine,3,59,62
Corneline,0,62,62
Cailey,3,60,63
Celien,0,61,61
Chendo,61,0,61
Clementien,0,61,61
Crijn,61,0,61
Catholijntje,0,60,60
Caty,0,60,60
Chakira,0,60,60
Chrysostomus,60,0,60
Curt,60,0,60
Cailyn,3,58,61
Cansel,3,58,61
Carlein,0,59,59
Carlin,9,50,59
Carrie,3,57,60
Chavez,56,3,59
Cherie,3,58,61
Chevelle,0,59,59
Cil,54,5,59
Cathaleya,0,58,58
Celestino,57,3,60
Chalina,0,58,58
Chalisa,0,58,58
Chau,16,42,58
Chérise,0,58,58
Christophora,0,58,58
Cloé,0,58,58
Camilia,0,57,57
Candace,0,57,57
Caresse,0,57,57
Cayleigh,0,57,57
Chad,57,0,57
Christal,3,55,58
Chrystel,0,57,57
Ciel,10,47,57
Cornelio,57,0,57
Coşkun,57,0,57
Cathalijn,0,56,56
Ceasar,56,0,56
Chanoa,0,56,56
Choukri,54,3,57
Chuck,51,5,56
Clotilda,3,55,58
Coenrad,53,3,56
Corin,18,38,56
Catelijn,0,55,55
Chana,0,55,55
Chenaya,0,55,55
Christin,8,47,55
Corjan,55,0,55
Corlijn,3,51,54
Corrianne,0,55,55
Cai,44,10,54
Calle,35,19,54
Carelina,0,54,54
Cebrail,54,0,54
Cheveyo,53,3,56
Clary,0,54,54
Colleta,3,50,53
Conrarda,0,54,54
Consuelo,3,50,53
Caprice,3,52,55
Cheverny,3,51,54
Clenn,53,0,53
Clothilda,5,48,53
Coletha,7,46,53
Cootje,3,51,54
Coreline,0,53,53
Cyntia,0,53,53
Caia,3,51,54
Caron,19,33,52
Catolina,3,51,54
Cees-Jan,52,0,52
Celest,6,46,52
Cerillus,37,15,52
Channel,3,49,52
Cherrelle,0,52,52
Chinook,3,48,51
Cléo,0,52,52
Coendert,52,0,52
Cosima,0,52,52
Cente,51,0,51
Ceres,10,41,51
Charrel,40,11,51
Ciarán,50,3,53
Cihat,51,0,51
Clarie,0,51,51
Corlinda,0,51,51
Corne,51,0,51
Cate,3,49,52
Cathrine,3,48,51
Chai,39,11,50
Chakib,50,0,50
Chanelva,0,50,50
Chanika,0,50,50
Christella,3,46,49
Cleophas,46,3,49
Carlie,3,46,49
Cars,49,0,49
Caylin,0,49,49
Chella,0,49,49
Chelly,0,49,49
Chiméne,0,49,49
Chivano,49,0,49
Corrinne,0,49,49
Cristy,3,48,51
Callum,48,0,48
Carlita,0,48,48
Carter,46,3,49
Catho,3,45,48
Chaline,0,48,48
Charafeddine,48,0,48
Charlton,47,3,50
Cijrillus,38,10,48
Cinzia,0,48,48
Clarinus,48,0,48
Claske,3,47,50
Clemencia,3,47,50
Cocky,8,40,48
Coretta,0,48,48
Cornellie,0,48,48
Crissy,3,47,50
Chandani,0,47,47
Chardonnay,3,45,48
Cisco,47,0,47
Coenrada,0,47,47
Corian,26,21,47
Cristianus,46,3,49
Cahit,45,3,48
Camelia,3,45,48
Careline,0,46,46
Cassander,46,0,46
Catriona,0,46,46
Chaïma,0,46,46
Cihad,46,0,46
Clements,44,3,47
Caecilius,43,3,46
Carlotte,0,45,45
Carolijne,3,44,47
Casimira,3,44,47
Ceacilia,3,44,47
Charléne,0,45,45
Chenille,0,45,45
Chenoah,5,40,45
Christoff,45,0,45
Cira,0,45,45
Coralia,3,43,46
Corey,39,6,45
Cornella,0,45,45
Carlton,44,0,44
Carmella,0,44,44
Caspara,3,43,46
Cedrick,43,3,46
Cevdet,44,0,44
Chemaine,0,44,44
Christianna,3,43,46
Circe,0,44,44
Coenrarda,0,44,44
Colet,3,43,46
Colletta,3,41,44
Corinde,0,44,44
Cornelle,0,44,44
Cuinera,0,44,44
Cay,37,6,43
Caylee,0,43,43
Chrisstoffel,43,0,43
Clazien,3,41,44
Clazine,0,43,43
Cock,38,5,43
Conan,43,0,43
Constantinos,42,3,45
Corriene,0,43,43
Cosimo,42,3,45
Cathalijntje,0,42,42
Cecilio,40,3,43
Ceyla,0,42,42
Chazz,41,3,44
Clemente,32,10,42
Clive,42,0,42
Corri,3,40,43
Crystel,3,41,44
Casijn,41,0,41
Célia,0,41,41
Chance,36,5,41
Chandler,40,3,43
Chantale,0,41,41
Constan,40,3,43
Cyan,21,20,41
Caroll,6,34,40
Celâl,40,0,40
Cerezo,40,0,40
Chao,33,7,40
Cherinda,0,40,40
Corbin,40,0,40
Carinus,39,0,39
Carolyne,0,39,39
Catrine,3,38,41
Chandini,0,39,39
Chavon,3,36,39
Cherina,0,39,39
Chris-Jan,39,0,39
Cintha,0,39,39
Collette,0,39,39
Commerijntje,0,39,39
Corijn,35,3,38
Cyrilles,33,6,39
Czeslaw,37,3,40
Caby,9,29,38
Cady,3,36,39
Campbell,28,10,38
Cane,35,3,38
Cass,36,3,39
Caylen,38,0,38
Ceesje,3,35,38
Cèline,0,38,38
Celisa,0,38,38
Celvin,38,0,38
Chimene,0,38,38
Chinedu,33,5,38
Chitra,0,38,38
Chrit,37,3,40
Chyara,0,38,38
Clarita,0,38,38
Colien,0,38,38
Colijn,33,5,38
Cong,36,3,39
Cordelia,0,38,38
Coriena,3,37,40
Cristien,3,37,40
Caspert,37,0,37
Cassie,0,37,37
Catalijne,0,37,37
Catja,0,37,37
Catrijn,3,36,39
Chams,7,30,37
Charlena,0,37,37
Corrado,37,0,37
Cristopher,37,0,37
Carlinde,0,36,36
Caspian,35,3,38
Cécil,23,13,36
Chaimaa,0,36,36
Chamilla,0,36,36
Chanty,3,35,38
Charo,16,20,36
Chelina,0,36,36
Chien,19,17,36
Cipriano,34,3,37
Coenrard,32,3,35
Constantino,35,3,38
Cosette,0,36,36
Candido,34,3,37
Cateau,0,35,35
Catrienus,35,0,35
Celestinus,35,0,35
Ceyhan,29,6,35
Charlotte-Sophie,0,35,35
Chess,21,14,35
Chevelly,0,35,35
Chinyere,0,35,35
Christon,35,0,35
Chyenne,3,34,37
Cole,32,3,35
Conradina,0,35,35
Cacharel,0,34,34
Carlinda,0,34,34
Cassedy,3,30,33
Cathlyn,0,34,34
Cathriena,0,34,34
Chanthal,0,34,34
Cheyen,3,31,34
Christophoor,33,3,36
Cindel,0,34,34
Crina,0,34,34
Cristiana,3,33,36
Caatje,0,33,33
Catharijne,0,33,33
Cayenne,3,32,35
Chanda,3,31,34
Chanti,3,31,34
Chayenn,3,31,34
Chia,20,13,33
Christophina,3,32,35
Chyntia,0,33,33
Clari,0,33,33
Cyara,0,33,33
Caelin,13,19,32
Casperdina,3,29,32
Cassy,3,30,33
Cèdric,32,0,32
Cefas,32,0,32
Centinus,32,0,32
Charena,0,32,32
Chay,19,13,32
Chip,32,0,32
Christianes,32,0,32
Colinde,0,32,32
Concepcion,5,27,32
Cordina,0,32,32
Corstian,32,0,32
Cyntha,0,32,32
Caden,29,3,32
Carinne,3,30,33
Catrientje,0,31,31
Ceejay,22,9,31
Chabeli,0,31,31
Chanique,0,31,31
Charaf,30,3,33
Charlina,3,28,31
Chayton,31,0,31
Chisom,14,17,31
Cho,16,15,31
Chuk,22,9,31
Costavina,0,31,31
Cristal,0,31,31
Cylia,0,31,31
Camilius,29,3,32
Candide,3,26,29
Carma,0,30,30
Cat,3,27,30
Celicia,0,30,30
Chalana,0,30,30
Chama,3,29,32
Chantay,3,29,32
Charrissa,0,30,30
Cherell,0,30,30
Cherisa,0,30,30
Cherrel,3,27,30
Chrispijn,29,3,32
Cinthya,3,29,32
Clarisa,3,29,32
Clea,0,30,30
Collins,30,0,30
Cristoffel,30,0,30
Calijn,0,29,29
Carita,0,29,29
Carmelina,0,29,29
Carolin,0,29,29
Casparis,29,0,29
Catrijna,0,29,29
Cecylia,3,28,31
Cederic,29,0,29
Celie,0,29,29
Charbel,26,3,29
Chrisstoffer,29,0,29
Clarien,3,27,30
Clovis,29,0,29
Collinda,0,29,29
Corella,3,27,30
Cornelis-Jan,29,0,29
Crisje,3,28,31
Curly,14,15,29
Carey,3,24,27
Carmijn,3,27,30
Carolientje,0,28,28
Cary,19,9,28
Casilda,3,27,30
Cathelyne,0,28,28
Cathinca,0,28,28
Celeke,3,27,30
Celèste,0,28,28
Cella,0,28,28
Chaïra,0,28,28
Chatharina,0,28,28
Cherel,3,24,27
Cherif,27,3,30
Cherifa,0,28,28
Cherokee,7,21,28
Chidera,9,19,28
Chiu,19,9,28
Christabel,0,28,28
Chrysantha,0,28,28
Chuan,22,6,28
Cicely,0,28,28
Cicero,28,0,28
Cillian,26,3,29
Cindarella,0,28,28
Civan,27,3,30
Columbia,3,26,29
Coralien,0,28,28
Crispinus,28,0,28
Cristianne,3,27,30
C-Jay,25,3,28
Cari,8,19,27
Carima,0,27,27
Casimier,22,5,27
Catherijne,0,27,27
Cecelia,0,27,27
Cedrik,27,0,27
Chayma,0,27,27
Chino,27,0,27
Chrisjan,24,3,27
Christientje,0,27,27
Ciwan,27,0,27
Corita,0,27,27
Cornelijne,0,27,27
Cornelisz,27,0,27
Corrij,3,23,26
Carys,0,26,26
Cathelina,0,26,26
Cecilie,0,26,26
Celinda,0,26,26
Celinde,0,26,26
Centijna,0,26,26
Ceri,3,25,28
Cezar,26,0,26
Chaib,25,3,28
Charlee,3,23,26
Chastity,0,26,26
Chenelva,0,26,26
Chie,15,11,26
Christia,3,23,26
Ciano,26,0,26
Cilius,26,0,26
Cinar,24,3,27
Cliffton,26,0,26
Cliften,26,0,26
Cam,5,20,25
Camden,21,3,24
Carlota,0,25,25
Catriene,0,25,25
Catrijntje,0,25,25
Cayetano,25,0,25
Celis,22,3,25
Celso,24,3,27
Cesarine,3,23,26
Chak,23,3,26
Chantell,3,24,27
Charèll,3,24,27
Cheniqua,0,25,25
Cherano,25,0,25
Cherella,0,25,25
Chesley,21,3,24
Chet,25,0,25
Chhaya,0,25,25
Chiamaka,0,25,25
Chow,20,5,25
Christophel,24,3,27
Chui,11,14,25
Cid,24,3,27
Clementa,0,25,25
Cochise,23,3,26
Cornalijn,0,25,25
Couzijn,25,0,25
Csaba,24,3,27
Caelyn,3,23,26
Camillia,0,24,24
Camron,23,3,26
Carrolyn,0,24,24
Cash,21,3,24
Catharijna,0,24,24
Cayla,0,24,24
Celestin,24,0,24
Chaouki,24,0,24
Chériette,0,24,24
Cherwin,23,3,26
Chih,21,3,24
Chiljon,24,0,24
Christijntje,0,24,24
Christofer,24,0,24
Cigdem,0,24,24
Cijriel,22,3,25
Cintia,0,24,24
Constantyn,24,0,24
Contessa,0,24,24
Coranne,3,23,26
Cordell,24,0,24
Cornelisa,0,24,24
Cumali,24,0,24
Cailean,22,3,25
Carisia,0,23,23
Carley,3,21,24
Cavit,23,0,23
Ceciliana,0,23,23
Celino,23,0,23
Celyna,3,22,25
Cesco,22,3,25
Chahira,0,23,23
Chaia,0,23,23
Chalena,0,23,23
Charice,0,23,23
Chas,23,0,23
Chasity,0,23,23
Chawa,0,23,23
Chéri,0,23,23
Chihab,23,0,23
Chika,8,15,23
Christiaen,23,0,23
Cipriana,0,23,23
Coops,22,3,25
Cord,22,3,25
Cornil,21,3,24
Corriena,0,23,23
Cos,23,0,23
Court,22,3,25
Cox,3,20,23
Cozijn,23,0,23
Crispin,22,3,25
Cristie,0,23,23
Cristiena,3,22,25
Csilla,0,23,23
Cyriacus,23,0,23
Cailynn,0,22,22
Callen,22,0,22
Camilio,22,0,22
Cao,20,3,23
Catarinus,22,0,22
Césarine,0,22,22
Chanderwatie,0,22,22
Chanita,0,22,22
Channe,3,20,23
Chara,0,22,22
Chatrina,3,21,24
Cheline,0,22,22
Chelsie,0,22,22
Chevon,12,10,22
Chidi,16,6,22
Chloè,0,22,22
Cindie,3,21,24
Claar,3,21,24
Clancy,8,14,22
Clarise,0,22,22
Classina,0,22,22
Clen,21,3,24
Conradine,0,22,22
Corienne,0,22,22
Cornelien,0,22,22
Cornelina,0,22,22
Corneliszoon,22,0,22
Costijn,22,0,22
Cristo,22,0,22
Cuong,21,3,24
Cyenna,0,22,22
Cypriana,0,22,22
Caecile,0,21,21
Cairo,17,3,20
Caitlinn,0,21,21
Calogero,20,3,23
Carenza,0,21,21
Carlette,0,21,21
Carlot,0,21,21
Carroll,8,13,21
Cavin,21,0,21
Caylan,18,3,21
Cedella,0,21,21
Celyne,0,21,21
Centaine,0,21,21
Césanne,0,21,21
Chadé,0,21,21
Chantana,0,21,21
Charida,0,21,21
Charmilla,0,21,21
Charrisa,0,21,21
Chaterina,0,21,21
Cherona,0,21,21
Christ-Jan,21,0,21
Christèl,0,21,21
Christer,21,0,21
Cielke,3,20,23
Clarinde,0,21,21
Colina,0,21,21
Comfort,0,21,21
Coral,3,19,22
Cornelias,21,0,21
Curina,0,21,21
Caeley,0,20,20
Cajetana,3,19,22
Cali,9,11,20
Cally,5,15,20
Canberk,20,0,20
Canel,12,8,20
Cariena,0,20,20
Carmilla,0,20,20
Carrol,3,17,20
Cassianus,20,0,20
Catharines,20,0,20
Cathinka,0,20,20
Ceanna,0,20,20
Cecily,0,20,20
Cevat,20,0,20
Chaka,9,11,20
Chamila,0,20,20
Charitas,3,17,20
Charonne,0,20,20
Cheriel,10,10,20
Chey,13,7,20
Chiang,14,6,20
Chima,16,3,19
Chislain,18,3,21
Chivaro,20,0,20
Christjan,19,3,22
Cilly,0,20,20
Cirsten,0,20,20
Claasje,0,20,20
Concordia,3,19,22
Cyane,3,19,22
Cypriaan,20,0,20
Caelesta,0,19,19
Caesarine,0,19,19
Cajetanus,19,0,19
Callan,16,3,19
Camina,0,19,19
Candan,5,14,19
Caran,3,15,18
Caress,3,18,21
Casparius,19,0,19
Catalijn,3,18,21
Catelynn,0,19,19
Cecilea,3,17,20
Celalettin,19,0,19
Celsa,0,19,19
Cevahir,8,11,19
Chafia,0,19,19
Chahd,3,18,21
Chahin,18,3,21
Chahir,19,0,19
Chamara,3,18,21
Chamel,9,10,19
Chanèl,0,19,19
Channing,18,3,21
Chanouk,0,19,19
Charlo,17,3,20
Chauncey,18,3,21
Chavella,0,19,19
Chemene,3,18,21
Ches,15,3,18
Chevaro,19,0,19
Chiel-Jan,19,0,19
Chrisja,0,19,19
Christiën,16,3,19
Christofora,0,19,19
Chynthia,0,19,19
Cletus,19,0,19
Codi,14,5,19
Commerinus,19,0,19
Concepción,3,16,19
Constanz,11,8,19
Corazon,3,18,21
Corinthe,0,19,19
Corlien,0,19,19
Cormac,19,0,19
Cornelian,19,0,19
Cornelli,0,19,19
Corola,0,19,19
Coromoto,5,14,19
Cory,13,6,19
Costiaan,19,0,19
Cristiane,0,19,19
Cunerus,17,3,20
Cyrella,0,19,19
Cyro,19,0,19
C-jay,18,0,18
Caesarea,3,17,20
Caius,18,0,18
Caj,17,3,20
Calinda,0,18,18
Calixtus,18,0,18
Calleigh,0,18,18
Callistus,17,3,20
Camara,5,13,18
Carletta,0,18,18
Carmenta,0,18,18
Carolis,18,0,18
Carona,3,17,20
Carson,18,0,18
Cattaleya,0,18,18
Cazimir,18,0,18
Celester,3,14,17
Celio,18,0,18
Celita,0,18,18
Cenna,3,14,17
Ceril,11,7,18
Cerille,10,8,18
Cerissa,0,18,18
Cevriye,0,18,18
Cezanne,0,18,18
Charan,17,3,20
Charli,3,17,20
Charmène,0,18,18
Charro,13,5,18
Chazia,0,18,18
Chelsi,0,18,18
Cheong,18,0,18
Cherany,0,18,18
Cherena,0,18,18
Christaan,17,3,20
Cilke,0,18,18
Ciprianus,18,0,18
Coenradine,0,18,18
Columbus,18,0,18
Con,16,3,19
Coraly,3,17,20
Cyra,0,18,18
Cäcilie,0,17,17
Caley,3,15,18
Calixto,17,0,17
Calum,17,0,17
Camilus,16,3,19
Carleyn,0,17,17
Carolein,0,17,17
Caroles,17,0,17
Carool,5,12,17
Cassey,3,15,18
Castro,11,6,17
Caterine,0,17,17
Cathaline,0,17,17
Catlin,0,17,17
Cayley,0,17,17
Céderic,17,0,17
Celise,0,17,17
Cendy,3,15,18
Cerena,0,17,17
Cerina,0,17,17
Chaney,7,10,17
Chano,17,0,17
Charinda,0,17,17
Chariva,0,17,17
Charnelle,0,17,17
Chayim,17,0,17
Cheikh,17,0,17
Chenise,0,17,17
Cheniva,0,17,17
Cherely,0,17,17
Cherity,0,17,17
Cheriva,0,17,17
Cherlaine,0,17,17
Cheron,3,13,16
Chessy,5,12,17
Chieljan,17,0,17
Chilia,0,17,17
Chinwe,0,17,17
Chlöe,0,17,17
Choy,9,8,17
Christiaantje,0,17,17
Claris,6,11,17
Clarus,17,0,17
Claudet,0,17,17
Clif,17,0,17
Clio,3,16,19
Clotildis,3,14,17
Constatijn,17,0,17
Corette,0,17,17
Cornelske,0,17,17
Corsina,0,17,17
Corstiaantje,0,17,17
Cosina,0,17,17
Cristan,17,0,17
Cuba,14,3,17
Cyrine,0,17,17
Caelen,13,3,16
Calla,3,15,18
Canay,5,11,16
Candelaria,0,16,16
Caritas,3,15,18
Carmelia,0,16,16
Carmenlita,0,16,16
Carmensita,0,16,16
Catheleyne,0,16,16
Cathérina,3,15,18
Cavani,15,3,18
Cecielia,3,15,18
Celène,0,16,16
Cèleste,0,16,16
Célestin,15,3,18
Célie,0,16,16
Celin,3,15,18
Cellina,0,16,16
Cesanne,0,16,16
Cesilia,0,16,16
Cesira,0,16,16
Chady,14,3,17
Chalice,0,16,16
Chaneequa,0,16,16
Channiël,11,5,16
Charla,0,16,16
Charlien,0,16,16
Charlise,0,16,16
Chasey,6,10,16
Chenaily,0,16,16
Cherisse,0,16,16
Chevanity,0,16,16
Chidinma,0,16,16
Chila,0,16,16
Chymène,0,16,16
Cielo,5,11,16
Cinnamon,0,16,16
Cirilo,15,3,18
Cirina,0,16,16
Citra,0,16,16
Civile,0,16,16
Clarens,15,3,18
Clarke,14,3,17
Claud,13,3,16
Claudien,0,16,16
Coralina,0,16,16
Corleone,15,3,18
Corlinde,0,16,16
Coy,16,0,16
Cristobal,16,0,16
Cuneyt,16,0,16
Cyano,16,0,16
Cyriana,0,16,16
Caitlín,0,15,15
Calixta,0,15,15
Callisto,11,3,14
Carella,0,15,15
Cathelijntje,0,15,15
Cayne,15,0,15
Cerano,15,0,15
Ceüs,15,0,15
Cham,13,3,16
Chamira,0,15,15
Chandnie,0,15,15
Chandrika,5,10,15
Chaniqua,0,15,15
Channon,3,13,16
Chantine,0,15,15
Charessa,0,15,15
Charety,0,15,15
Charine,0,15,15
Chasin,15,0,15
Chawila,3,11,14
Chelle,0,15,15
Chenice,0,15,15
Cheri,3,12,15
Chiaro,14,3,17
Chifae,0,15,15
Choumicha,0,15,15
Chretiën,15,0,15
Chretienne,3,11,14
Christen,9,6,15
Christophore,8,7,15
Cianna,0,15,15
Cibilla,0,15,15
Ciğdem,0,15,15
Clémens,15,0,15
Consolata,3,13,16
Constanse,3,14,17
Cornelianne,0,15,15
Cornélis,15,0,15
Cortona,0,15,15
Coskun,15,0,15
Crispina,0,15,15
Cristijn,15,0,15
Crit,15,0,15
Cunnegonda,3,13,16
Cyprian,15,0,15
Caetano,14,0,14
Cailan,14,0,14
Caimin,14,0,14
Calisto,10,3,13
Camee,0,14,14
Camillius,14,0,14
Cammy,3,12,15
Carian,3,13,16
Cariña,0,14,14
Carinda,0,14,14
Carlene,0,14,14
Carliene,0,14,14
Carlon,10,3,13
Carlyne,0,14,14
Carolynn,0,14,14
Caryl,10,3,13
Cassiano,7,7,14
Caston,14,0,14
Catheleine,0,14,14
Caylinn,0,14,14
Cea,0,14,14
Céciel,3,12,15
Ceciele,3,12,15
Celene,3,13,16
Cemalettin,14,0,14
Cera,0,14,14
Cerilio,14,0,14
Cetin,14,0,14
Cevin,14,0,14
Chanaira,0,14,14
Chandrawatie,0,14,14
Chane,12,3,15
Chantella,3,13,16
Charda,0,14,14
Charmian,0,14,14
Chavelle,3,13,16
Chef,14,0,14
Chelena,0,14,14
Chelton,13,3,16
Chenelle,0,14,14
Chereen,0,14,14
Cherelyn,0,14,14
Cherin,3,12,15
Cherlyn,0,14,14
Cheromy,0,14,14
Chevella,0,14,14
Cheyvano,14,0,14
Chirley,0,14,14
Chouaib,14,0,14
Chourouk,0,14,14
Chyenna,0,14,14
Ciana,0,14,14
Cijrille,11,3,14
Cindia,0,14,14
Ciriel,12,3,15
Cisko,14,0,14
CJM,5,9,14
Clairette,0,14,14
Clarck,14,0,14
Clema,3,13,16
Cobine,0,14,14
Cok,12,3,15
Cokkie,5,9,14
Conall,14,0,14
Confesor,13,3,16
Conrado,14,0,14
Constand,13,3,16
Consuella,0,14,14
Corieke,0,14,14
Corjanne,0,14,14
Cornéli,0,14,14
Crétien,14,0,14
Cunigonda,0,14,14
Cahaya,0,13,13
Caily,0,13,13
Caline,0,13,13
Cantius,13,0,13
Cariene,0,13,13
Carise,0,13,13
Carishma,0,13,13
Carlson,13,0,13
Casjen,13,0,13
Cassiopeia,3,12,15
Cathe,0,13,13
Cathrin,3,11,14
Cee-Jay,7,6,13
Ceferino,13,0,13
Célesta,0,13,13
Centa,0,13,13
Ceremco,13,0,13
Césare,13,0,13
Chandre,13,0,13
Chanelfa,0,13,13
Chanise,0,13,13
Chaquille,11,3,14
Charlayne,0,13,13
Charlenne,0,13,13
Charlon,11,3,14
Charlyn,0,13,13
Charony,0,13,13
Chaveli,0,13,13
Chaymaa,0,13,13
Chellie,3,12,15
Chenaira,0,13,13
Chenanja,6,7,13
Cherice,0,13,13
Chevenna,0,13,13
Chez,10,3,13
Chigozie,9,3,12
Christell,3,10,13
Christienus,13,0,13
Chrysogonus,13,0,13
Chrysostoma,0,13,13
Chuen,10,3,13
Ciciel,5,8,13
Cina,3,12,15
Clairy,3,12,15
Clariska,0,13,13
Climmy,0,13,13
Cloeck,12,3,15
Clothildis,3,11,14
Concilia,0,13,13
Constansa,0,13,13
Constansia,0,13,13
Cornalie,0,13,13
Cornelijn,3,12,15
Cornelsien,0,13,13
Coumba,0,13,13
Crecentia,3,12,15
Cressida,0,13,13
Curinus,13,0,13
Cyrielle,3,12,15
Caeden,11,3,14
Caelum,12,0,12
Cagri,11,3,14
Calasina,0,12,12
CAM,3,8,11
Cangül,0,12,12
Carlitos,12,0,12
Carmi,3,11,14
Carrera,0,12,12
Cassiana,0,12,12
Castiël,12,0,12
Cathalijna,0,12,12
Catherin,3,9,12
Catinka,0,12,12
Cedrique,8,3,11
Cela,0,12,12
Celica,0,12,12
Cen,10,3,13
Centen,12,0,12
Centine,0,12,12
Cephas,12,0,12
Cesaria,0,12,12
Ceylinaz,0,12,12
Ceylon,9,3,12
Cha,3,8,11
Chaandni,0,12,12
Chalissa,0,12,12
Chanoah,3,10,13
Chanon,7,5,12
Chardé,0,12,12
Charle,11,3,14
Charmila,0,12,12
Chayanne,6,6,12
Chayene,0,12,12
Chermène,0,12,12
Cherno,12,0,12
Cherrely,0,12,12
Chike,12,0,12
Chinenye,3,11,14
Chrétiën,12,0,12
Chrispinus,11,3,14
Christiani,6,6,12
Christinne,0,12,12
Christino,12,0,12
Christoffina,0,12,12
Christol,3,11,14
Chukwuemeka,12,0,12
Chyna,0,12,12
Cicillia,0,12,12
Cirano,12,0,12
Ciryl,11,3,14
Clarentia,0,12,12
Clenda,0,12,12
Clenny,10,3,13
Cleta,3,10,13
Clide,12,0,12
Cobina,0,12,12
Codey,11,3,14
Colla,7,5,12
Colm,12,0,12
Commerijn,12,0,12
Conceição,3,10,13
Concha,3,10,13
Constanca,0,12,12
Cor-Jan,12,0,12
Cornela,3,11,14
Corvin,12,0,12
Crissie,0,12,12
Cuiniera,0,12,12
Curtley,12,0,12
Cyndi,0,12,12
Cyrillo,11,3,14
Cabdi,7,3,10
Cabir,11,0,11
Cachelle,0,11,11
Caileigh,0,11,11
Calina,0,11,11
Callas,3,10,13
Camie,3,10,13
Candia,0,11,11
Caoimhe,0,11,11
Caralinda,0,11,11
Carlena,0,11,11
Carles,11,0,11
Carlieke,0,11,11
Carmo,6,5,11
Carol-Ann,0,11,11
Carolie,3,10,13
Carolius,11,0,11
Carucha,0,11,11
Carvalho,8,3,11
Caspera,0,11,11
Catelyn,0,11,11
Cath,0,11,11
Catharin,3,9,12
Cathelyn,0,11,11
Cathlin,0,11,11
Cathrijn,0,11,11
Catlina,0,11,11
Cayo,10,3,13
Cecilianus,11,0,11
Cécille,0,11,11
Cederick,11,0,11
Cee,3,7,10
Celestia,0,11,11
Celiné,0,11,11
Celyn,3,10,13
Cemali,10,3,13
Ceriac,11,0,11
Cesario,11,0,11
Cesc,11,0,11
Cezary,11,0,11
Chaandenie,0,11,11
Chace,11,0,11
Chairo,11,0,11
Chand,8,3,11
Chania,0,11,11
Chanina,0,11,11
Chanity,3,10,13
Chantèl,0,11,11
Chareen,0,11,11
Charief,11,0,11
Charlette,0,11,11
Charlyne,0,11,11
Chassidy,3,10,13
Chavah,0,11,11
Chayah,3,10,13
Chayden,11,0,11
Cheméne,0,11,11
Cheney,3,7,10
Chequita,0,11,11
Cherayno,11,0,11
Cherilynn,0,11,11
Chermain,3,10,13
Cherubina,0,11,11
Cherylle,0,11,11
Cheska,0,11,11
Cheverney,3,10,13
Cheyanne,0,11,11
Cheyene,3,10,13
Chi-Ho,11,0,11
Chi-Wai,10,3,13
Chica,3,9,12
Chinua,11,0,11
Christanne,0,11,11
Christion,10,3,13
Christophine,0,11,11
Chukwuma,9,3,12
Chynna,0,11,11
Cies,11,0,11
Cinda,0,11,11
Clasientje,0,11,11
Clezina,0,11,11
Clinten,11,0,11
Cluiving,11,0,11
Coleen,3,10,13
Coletus,11,0,11
Colomba,0,11,11
Colombine,0,11,11
Constante,7,3,10
Contijn,11,0,11
Corintha,0,11,11
Cornélia,0,11,11
Corrieke,0,11,11
Costafina,0,11,11
Costantino,11,0,11
Cresentia,0,11,11
Cristino,11,0,11
Cristof,11,0,11
Cuinira,0,11,11
Cunegonde,0,11,11
Curd,11,0,11
Cynderella,0,11,11
Cyriaca,0,11,11
Cabriëlla,0,10,10
Cacharell,0,10,10
Cadence,0,10,10
Cagla,0,10,10
Cahide,0,10,10
Callixtus,10,0,10
Calsey,3,9,12
Camiël,10,0,10
Canira,0,10,10
Cansin,8,3,11
Carisma,0,10,10
Carlies,0,10,10
Carlus,10,0,10
Carmello,10,0,10
Carmin,3,8,11
Caroly,3,9,12
Carrel,7,3,10
Cartouche,9,3,12
Cashmira,0,10,10
Casimiro,10,0,10
Catarine,3,9,12
Catheline,0,10,10
Catherien,0,10,10
Cathlijn,0,10,10
Cathorina,0,10,10
Cathryn,0,10,10
Cati,0,10,10
Catlijn,0,10,10
Cebes,10,0,10
Cècile,3,9,12
Cederik,10,0,10
Cejay,9,3,12
Célèste,3,9,12
Célien,0,10,10
Celle,5,5,10
Cenzo,10,0,10
Cézan,8,3,11
Chae,7,3,10
Chafika,0,10,10
Chaïb,10,0,10
Chamar,7,3,10
Chanah,0,10,10
Chanelly,3,9,12
Chantee,0,10,10
Charél,0,10,10
Charèlle,0,10,10
Chariklia,0,10,10
Charlain,0,10,10
Chassity,0,10,10
Cheema,3,6,9
Chehrazad,0,10,10
Chento,10,0,10
Chèr,0,10,10
Chera,3,7,10
Cheraino,10,0,10
Cheraldo,10,0,10
Cherety,0,10,10
Cheriette,0,10,10
Cherille,0,10,10
Cheris,3,8,11
Cherlina,0,10,10
Cheroney,0,10,10
Chetana,0,10,10
Cheun,10,0,10
Cheynne,0,10,10
Chiana,0,10,10
Chidimma,0,10,10
Chidubem,10,0,10
Chinelo,5,5,10
Chintia,0,10,10
Chitrawatie,0,10,10
Chokri,10,0,10
Chon,8,3,11
Christienne,0,10,10
Christiënne,3,9,12
Christus,10,0,10
Christy-Anne,0,10,10
Chrysostome,7,3,10
Chukwudi,10,0,10
Chuong,9,3,12
Cicile,3,9,12
Cilian,3,7,10
Cimberly,0,10,10
Cindi,0,10,10
Cjay,10,0,10
Clarel,10,0,10
Clarette,0,10,10
Clariet,0,10,10
Clelia,0,10,10
Clem,10,0,10
Clemensia,0,10,10
Clemy,0,10,10
Cobe,7,3,10
Cobien,0,10,10
Concita,0,10,10
Conelia,3,9,12
Conno,10,0,10
Consita,0,10,10
Conzuela,0,10,10
Coran,6,3,9
Corben,10,0,10
Corel,8,3,11
Corissa,0,10,10
Corneil,9,3,12
Courteney,0,10,10
Cristoph,10,0,10
Cyana,0,10,10
Cybelle,0,10,10
Cyprien,10,0,10
Cyrah,0,10,10
Czeslawa,0,10,10
Caecillia,0,9,9
Cael,9,0,9
Cal,9,0,9
Calluna,0,9,9
Callyon,3,8,11
Camée,0,9,9
Camielle,3,5,8
Canutus,9,0,9
Capri,3,7,10
Car,5,3,8
Cardin,7,3,10
Cardy,6,3,9
Careen,3,8,11
Carlino,9,0,9
Carlyle,8,3,11
Carlynn,0,9,9
Carmila,0,9,9
Carrina,3,8,11
Carsley,9,0,9
Cartier,3,6,9
Casmira,0,9,9
Cassien,9,0,9
Cateleine,0,9,9
Catelyne,0,9,9
Cathie,3,8,11
Catolijna,0,9,9
Catrijne,0,9,9
Cebastiaan,9,0,9
Cecyl,3,5,8
Ceedet,9,0,9
Celi,0,9,9
Celiene,0,9,9
Celile,0,9,9
Celly,3,8,11
Ceryll,7,3,10
Cesár,9,0,9
Cezan,3,7,10
Chaandeni,0,9,9
Chadiedja,0,9,9
Chaé,3,7,10
Chahine,9,0,9
Chaj,5,3,8
Chalid,9,0,9
Chandelle,0,9,9
Chané,0,9,9
Chani,3,8,11
Chanien,0,9,9
Chaniya,0,9,9
Channette,0,9,9
Chantely,0,9,9
Chanya,0,9,9
Charlissa,0,9,9
Charmy,0,9,9
Charnel,3,8,11
Charyssa,0,9,9
Chauncy,7,3,10
Chavello,9,0,9
Chavi,6,3,9
Chayna,0,9,9
Cheima,0,9,9
Chelesta,0,9,9
Chelisa,0,9,9
Chenairo,9,0,9
Chenayra,0,9,9
Cheran,6,3,9
Cherana,0,9,9
Cheraya,0,9,9
Chérida,0,9,9
Cherishe,0,9,9
Cheryne,0,9,9
Cheryse,0,9,9
Chestin,3,7,10
Chevainy,0,9,9
Chevonne,3,8,11
Chiël,8,3,11
Chinara,0,9,9
Chinita,0,9,9
Chirin,0,9,9
Chiva,3,6,9
Chloey,0,9,9
Chok,6,3,9
Choon,6,3,9
Chrestensen,9,0,9
Chrisjon,9,0,9
Chrisstoph,9,0,9
Christepher,9,0,9
Christha,0,9,9
Christhan,9,0,9
Christiaans,9,0,9
Christinetta,0,9,9
Christobal,9,0,9
Chritien,9,0,9
Chukwuebuka,9,0,9
Cicilio,9,0,9
Cijnthia,0,9,9
Cindey,0,9,9
Cirila,3,8,11
Cirino,9,0,9
Citlali,0,9,9
Clacina,0,9,9
Clayd,9,0,9
Coenraat,9,0,9
Coenraed,9,0,9
Commertine,0,9,9
Conchitta,0,9,9
Conway,9,0,9
Corazón,0,9,9
Corbijn,8,3,11
Cori,3,8,11
Cornald,9,0,9
Corneé,8,3,11
Cornèl,9,0,9
Cornele,0,9,9
Cornélieke,0,9,9
Cornelita,3,8,11
Cornellia,3,8,11
Corrinda,0,9,9
Cosma,3,7,10
Crétienne,3,7,10
Cuna,0,9,9
Cunegundis,3,6,9
Cyria,3,8,11
Czesław,9,0,9
Caat,0,8,8
Caelis,7,3,10
Caelynn,0,8,8
Caglar,7,3,10
Cahya,7,3,10
Caïro,8,0,8
Caïssa,0,8,8
Caithlinn,0,8,8
Cajetani,0,8,8
Camellia,0,8,8
Cami,3,7,10
Candra,3,6,9
Carelien,0,8,8
Carim,8,0,8
Carinna,0,8,8
Carmèl,0,8,8
Caroli,3,5,8
Carstina,0,8,8
Casiano,8,0,8
Cassian,8,0,8
Cathalena,0,8,8
Cathalyne,0,8,8
Catholientje,0,8,8
Catrijnus,8,0,8
Cavan,8,0,8
Caydee,3,5,8
Cayenna,0,8,8
CCM,3,3,6
Ceana,0,8,8
Ceasarea,3,7,10
Cedy,3,7,10
Ceesjan,8,0,8
Celestien,0,8,8
Celiena,0,8,8
Celsio,8,0,8
Cerine,0,8,8
Cerinthe,0,8,8
Cerisa,0,8,8
Cesara,0,8,8
Chada,0,8,8
Chadine,0,8,8
Chagall,3,7,10
Chaime,5,3,8
Chalita,0,8,8
Chalotte,0,8,8
Chanae,3,7,10
Chanani,3,5,8
Chandar,8,0,8
Chandeny,0,8,8
Chanderdath,8,0,8
Chandinie,0,8,8
Chandrikapersad,8,0,8
Chanta,0,8,8
Chante,3,7,10
Chantey,0,8,8
Charalampos,8,0,8
Chardee,3,7,10
Charisha,0,8,8
Chariska,0,8,8
Charité,0,8,8
Charitha,0,8,8
Charlane,0,8,8
Charlet,0,8,8
Charlos,8,0,8
Charmene,3,7,10
Charnell,0,8,8
Charnella,0,8,8
Charomy,0,8,8
Charysa,0,8,8
Châu,3,7,10
Chayne,7,3,10
Chayra,0,8,8
Chayron,6,3,9
Chedli,7,3,10
Chefren,8,0,8
Cheick,7,3,10
Cheila,0,8,8
Chel,5,3,8
Chelaine,0,8,8
Chenay,0,8,8
Cherani,0,8,8
Cheranie,0,8,8
Chèrie,0,8,8
Cherien,3,7,10
Cherisch,0,8,8
Cherize,0,8,8
Chermayne,0,8,8
Cherony,0,8,8
Cherrell,3,7,10
Cherrelyn,0,8,8
Cherron,3,5,8
Chery,3,7,10
Chetan,8,0,8
Chevan,7,3,10
Chevany,0,8,8
Chevenne,0,8,8
Chicco,8,0,8
Chief,8,0,8
Chinasa,3,6,9
Chinonso,7,3,10
Chiraz,3,6,9
Chivan,8,0,8
Chivani,0,8,8
CHM,3,7,10
Chrisoula,0,8,8
Christiaana,0,8,8
Christiaane,3,7,10
Christoffia,0,8,8
Christoforo,8,0,8
Chrysanta,0,8,8
Chrysanthus,8,0,8
Cidem,0,8,8
Cile,0,8,8
Cillia,0,8,8
Cindij,0,8,8
Ciriaco,8,0,8
Cirilio,8,0,8
Cisilia,0,8,8
Citha,0,8,8
Citta,0,8,8
Claid,8,0,8
Claire-Marie,0,8,8
Clarijn,3,7,10
Clausina,0,8,8
Cleopha,0,8,8
Clerence,7,3,10
Clinge,6,3,9
Cloud,7,3,10
Clover,3,7,10
Coene,8,0,8
Coenraadt,8,0,8
Coliene,0,8,8
Coloma,3,7,10
Commer,8,0,8
Conja,0,8,8
Connery,8,0,8
Constanteijn,8,0,8
Coop,8,0,8
Coot,3,5,8
Corali,0,8,8
Coranda,0,8,8
Corentin,8,0,8
Cores,8,0,8
Corianna,0,8,8
Corisande,0,8,8
Corlena,0,8,8
Cornelíe,0,8,8
Cornély,3,7,10
Cornera,0,8,8
Corrinus,8,0,8
Corrola,3,7,10
Corvinus,8,0,8
Costera,0,8,8
Costiana,0,8,8
Crams,8,0,8
Creszentia,0,8,8
Cretienne,0,8,8
Cristen,3,3,6
Cristi,3,5,8
Cune,0,8,8
Cunegondis,5,3,8
Cuniera,0,8,8
Cunira,0,8,8
Cybèle,0,8,8
Cyriëlla,0,8,8
Cabriëlle,0,7,7
Cadey,3,6,9
Caecil,3,6,9
Cailen,5,3,8
Caïn,7,0,7
Caïne,6,3,9
Caira,0,7,7
Cait,0,7,7
Cajo,5,3,8
Cajus,7,0,7
Calazans,7,0,7
Calisha,0,7,7
Calliste,0,7,7
Cam'ron,6,3,9
Camar,3,3,6
Camella,0,7,7
Camill,7,0,7
Camilles,7,0,7
Canali,7,0,7
Candidus,7,0,7
Canyon,7,0,7
Capistrana,0,7,7
Cardoso,3,3,6
Carellina,0,7,7
Caricia,0,7,7
Carino,7,0,7
Carl-Peter,7,0,7
Carleine,0,7,7
Carlène,0,7,7
Carliena,0,7,7
Carlisle,6,3,9
Carlissa,0,7,7
Carll,7,0,7
Carmalita,0,7,7
Carmelus,7,0,7
Carmentis,0,7,7
Carressa,0,7,7
Carrien,3,6,9
Casiana,3,6,9
Casja,0,7,7
Caspár,7,0,7
Caspardina,0,7,7
Cassia,0,7,7
Cassidey,3,5,8
Castina,0,7,7
Cataldo,7,0,7
Catariena,0,7,7
Cathal,6,3,9
Catharini,3,3,6
Catharyna,0,7,7
Cathlynn,0,7,7
Catrin,0,7,7
Cattalina,0,7,7
Cayen,3,5,8
Cayra,0,7,7
Cecília,0,7,7
Cederique,7,0,7
Cédrique,3,3,6
Ceelke,0,7,7
Cegienas,7,0,7
Celasina,0,7,7
Celes,3,3,6
Celesia,0,7,7
Celestijn,7,0,7
Celian,6,3,9
Celinus,7,0,7
Celissa,0,7,7
Celma,0,7,7
Celsius,7,0,7
Cenet,0,7,7
Cenide,0,7,7
Cenny,6,3,9
Cerella,0,7,7
Ceri-Anne,0,7,7
Cerillio,7,0,7
Cérise,0,7,7
Cerys,0,7,7
Cesca,0,7,7
Ceydanur,0,7,7
Chaaya,0,7,7
Chadidja,0,7,7
Chaeli,0,7,7
Chaila,0,7,7
Chalene,0,7,7
Chaliyah,0,7,7
Chalyssa,0,7,7
Chamae,0,7,7
Chameli,0,7,7
Chamseddine,7,0,7
Chaneyra,0,7,7
Chanica,0,7,7
Chanisa,0,7,7
Chanisha,0,7,7
Channée,0,7,7
Channelle,0,7,7
Channen,0,7,7
Chântal,0,7,7
Chantrelle,0,7,7
Charalambos,7,0,7
Charday,0,7,7
Charely,0,7,7
Charlisa,0,7,7
Charlotha,0,7,7
Charmé,0,7,7
Charna,0,7,7
Charrell,3,5,8
Charu,3,6,9
Chaudry,3,3,6
Chavely,0,7,7
Chayanna,0,7,7
Cheleste,0,7,7
Cheneva,0,7,7
Chenine,0,7,7
Chenita,0,7,7
Chenzo,7,0,7
Cherees,0,7,7
Cherelva,0,7,7
Chériëtte,0,7,7
Chérique,0,7,7
Cherita,0,7,7
Cherly,0,7,7
Cherren,0,7,7
Cherryll,0,7,7
Cheryl-Lynn,0,7,7
Cherylin,0,7,7
Cheston,7,0,7
Chevanna,0,7,7
Cheverno,7,0,7
Chevron,5,3,8
Cheyenn,0,7,7
Chéyenne,0,7,7
Chi-Hin,7,0,7
Chianna,0,7,7
Chimamanda,0,7,7
China,0,7,7
Chinta,0,7,7
Chipo,5,3,8
Chirihan,0,7,7
Chivairo,7,0,7
Chrétièn,7,0,7
Chrispina,0,7,7
Christabelle,0,7,7
Christe,3,6,9
Christhopher,7,0,7
Christiaanus,7,0,7
Christiàn,7,0,7
Christini,3,6,9
Christophile,3,3,6
Chuc,3,5,8
Cia,3,6,9
Cibelle,0,7,7
Ciënna,0,7,7
Cill,3,3,6
Cilya,0,7,7
Cin,0,7,7
Cinder,3,5,8
Cirillo,7,0,7
Ciss,3,6,9
Cissie,0,7,7
Claesje,0,7,7
Clairie,3,6,9
Clamor,6,3,9
Clarieke,0,7,7
Clarius,7,0,7
Claudya,0,7,7
Cleem,7,0,7
Clemense,0,7,7
Cliffort,7,0,7
Cockie,0,7,7
Coelestina,0,7,7
Colja,6,3,9
Collen,7,0,7
Colyn,7,0,7
Commertje,0,7,7
Conley,6,3,9
Connell,5,3,8
Conroy,7,0,7
Cordia,3,3,6
Cordy,7,0,7
Corinta,0,7,7
Corney,7,0,7
Corno,7,0,7
Corrin,3,5,8
Costantina,0,7,7
Cuinn,7,0,7
Cumhur,7,0,7
Cunagonda,0,7,7
Cuneira,0,7,7
Cüneyit,7,0,7
Cunibert,7,0,7
Curtly,7,0,7
Cyanna,0,7,7
Cydney,3,6,9
Cyndy,0,7,7
Cynthus,5,3,8
Cynthya,0,7,7
Cyriël,5,3,8
Cyrile,3,3,6
Cabral,5,3,8
Cabrini,3,3,6
Cacharella,0,6,6
Cachella,0,6,6
Caddy,3,3,6
Cade,5,3,8
Cadi,0,6,6
Caecilianus,6,0,6
Caela,0,6,6
Caeleste,0,6,6
Caelestis,5,3,8
Caetlin,0,6,6
Cahid,6,0,6
Caillou,3,3,6
Caleigh,0,6,6
Calesta,0,6,6
Callie,0,6,6
Camal,6,0,6
Camiela,0,6,6
Camy,0,6,6
Caniggia,6,0,6
Canio,6,0,6
Canter,6,0,6
Cantika,0,6,6
Cantor,6,0,6
Carena,0,6,6
Carezza,0,6,6
Carisa,0,6,6
Carisha,0,6,6
Carissima,0,6,6
Carleijn,0,6,6
Carlet,0,6,6
Carlisa,0,6,6
Carmena,0,6,6
Carmichael,6,0,6
Caró,0,6,6
Carolla,0,6,6
Carreen,0,6,6
Carvin,6,0,6
Casianus,6,0,6
Casmir,5,3,8
Caspard,6,0,6
Casperine,0,6,6
Cassandre,0,6,6
Castello,6,0,6
Catalijna,0,6,6
Cataliya,0,6,6
Cateleya,0,6,6
Catelijntje,0,6,6
Catelina,0,6,6
Cathariene,0,6,6
Cathelijna,0,6,6
Catheriene,0,6,6
Catherinette,0,6,6
Cathia,0,6,6
Cathja,0,6,6
Cathlijne,0,6,6
Catholijn,3,5,8
Catholijne,0,6,6
Cathryne,0,6,6
Catinca,0,6,6
Cáto,3,3,6
Cató,0,6,6
Catoke,0,6,6
Catolijntje,0,6,6
Catrines,6,0,6
Cayro,5,3,8
Cäzilia,0,6,6
Ceano,6,0,6
Cece,3,3,6
Cedra,3,5,8
Ceesie,3,5,8
Ceferina,0,6,6
Ceico,6,0,6
Celaine,0,6,6
Célena,0,6,6
Célestina,0,6,6
Célèstine,0,6,6
Celisha,0,6,6
Celisia,0,6,6
Celista,0,6,6
Celius,6,0,6
Celsey,0,6,6
Celsie,0,6,6
Cely,0,6,6
Centerina,0,6,6
Centrina,0,6,6
Céphas,6,0,6
Ceraldo,6,0,6
Ceraphina,0,6,6
Cerila,0,6,6
Cerilla,0,6,6
Cesareo,6,0,6
Cevher,3,3,6
Ceyden,6,0,6
Ceysu,0,6,6
Chaela,0,6,6
Chailyn,0,6,6
Chain,6,0,6
Chajim,6,0,6
Chalini,0,6,6
Chalyna,0,6,6
Chamaine,0,6,6
Chamaira,0,6,6
Chamaro,6,0,6
Chamell,5,3,8
Chamelle,3,3,6
Chamique,0,6,6
Chanaika,0,6,6
Chananjah,3,3,6
Chandan,6,0,6
Chanderbhan,6,0,6
Chanderdei,0,6,6
Chanderpersad,6,0,6
Chanea,0,6,6
Chanela,0,6,6
Chanette,0,6,6
Chaniek,0,6,6
Chaniva,0,6,6
Channella,0,6,6
Chanoe,3,5,8
Chantalla,0,6,6
Charaf-Eddine,6,0,6
Charanjeet,3,3,6
Chari,0,6,6
Charien,0,6,6
Charin,0,6,6
Charithy,0,6,6
Charlin,0,6,6
Charlott,0,6,6
Charm,3,3,6
Charmane,0,6,6
Charmay,0,6,6
Charmelle,0,6,6
Chaska,3,5,8
Chavaleh,0,6,6
Chayan,5,3,8
Chefaine,0,6,6
Chela,3,5,8
Chelana,0,6,6
Chemay,0,6,6
Chemayra,0,6,6
Chenel,0,6,6
Chenella,0,6,6
Chenne,3,5,8
Chenny,3,3,6
Cherain,3,5,8
Cheralde,0,6,6
Cheriëtte,0,6,6
Chérif,6,0,6
Cheril,0,6,6
Chèrise,0,6,6
Cherlynn,0,6,6
Cherrie,3,5,8
Cherris,0,6,6
Cherrise,0,6,6
Cherryda,0,6,6
Chéry,0,6,6
Chevainely,0,6,6
Chevairo,6,0,6
Chevally,0,6,6
Chevanne,0,6,6
Chevello,6,0,6
Chew,3,3,6
Chi-Ling,3,5,8
Chiao,3,3,6
Chibueze,6,0,6
Chibuike,6,0,6
Chieh,5,3,8
Chielbertus,6,0,6
Chiheb,6,0,6
Chilly,3,3,6
Chimay,0,6,6
Chimé,0,6,6
Chinthia,0,6,6
Chinwendu,3,5,8
Chirona,0,6,6
Chita,0,6,6
Chivany,0,6,6
Chol,5,3,8
Choo,3,3,6
Chorouk,0,6,6
Christely,0,6,6
Christeny,0,6,6
Christiania,0,6,6
Christianie,0,6,6
Christilla,0,6,6
Christing,0,6,6
Christofher,6,0,6
Christoforos,6,0,6
Christophor,6,0,6
Christyna,0,6,6
Chrysoula,3,5,8
Chueng,5,3,8
Chukwu,6,0,6
Chukwunonso,5,3,8
Chyra,0,6,6
Ciaro,5,3,8
Ciarra,0,6,6
Cien,3,3,6
Cijrilla,3,5,8
Cincia,0,6,6
Cinthy,0,6,6
Cintya,0,6,6
Ciril,6,0,6
Cisse,6,0,6
Clairence,3,3,6
Clan,6,0,6
Clarencia,0,6,6
Clarentius,6,0,6
Clarianne,0,6,6
Claricia,3,5,8
Clasyna,0,6,6
Claudeth,3,5,8
Claudin,0,6,6
Clé,5,3,8
Cleavon,6,0,6
Clementus,6,0,6
Codijntje,0,6,6
Coenrades,5,3,8
Coenradius,6,0,6
Coentje,3,3,6
Cohen,6,0,6
Coja,0,6,6
Collina,0,6,6
Collyn,5,3,8
Columbina,0,6,6
Concessa,0,6,6
Concettina,0,6,6
Connij,0,6,6
Consessa,0,6,6
Constandina,0,6,6
Constanteyn,6,0,6
Constantien,6,0,6
Coppe,6,0,6
Corélie,0,6,6
Corlieke,0,6,6
Corma,0,6,6
Corneliu,6,0,6
Cornelize,0,6,6
Cornellis,5,3,8
Corniel,6,0,6
Corrie-Anne,0,6,6
Corryna,0,6,6
Corryne,0,6,6
Corstine,0,6,6
Coryne,0,6,6
Costas,6,0,6
Costello,5,3,8
Crescencia,0,6,6
Cresta,0,6,6
Cretiën,6,0,6
Crijna,0,6,6
Crijnus,6,0,6
Crissina,0,6,6
Cristella,0,6,6
Cristhel,0,6,6
Cristiene,0,6,6
Cristophe,6,0,6
Cudi,5,3,8
Cui,3,5,8
Cunha,3,5,8
Cunibertus,6,0,6
Cunigunde,0,6,6
Cunigundis,3,3,6
Cupertino,3,3,6
Curley,3,3,6
Cyann,3,5,8
Cybele,0,6,6
Cydonia,0,6,6
Cylian,6,0,6
Cynric,6,0,6
Cynthius,6,0,6
Cyrilus,5,3,8
Cyrinus,6,0,6
Cabbar,5,0,5
Cabriel,5,0,5
Cachel,0,5,5
Cadiz,3,3,6
Caeli,0,5,5
Caelia,0,5,5
Cağla,0,5,5
Caï,5,0,5
Caidy,3,3,6
Caimen,5,0,5
Cairan,5,0,5
Caith-Lynn,0,5,5
Caithly,0,5,5
Caitly,0,5,5
Calder,5,0,5
Calicstus,5,0,5
Calien,0,5,5
Calissa,0,5,5
Calistus,5,0,5
Calix,5,0,5
Calocera,0,5,5
Calogera,0,5,5
Câm,0,5,5
Camí,0,5,5
Campo,5,0,5
Cana,0,5,5
Candaş,5,0,5
Candela,3,3,6
Cander,3,3,6
Candyce,0,5,5
Canisa,0,5,5
Cano,5,0,5
Cansın,3,3,6
Cantia,3,3,6
Carausius,5,0,5
Carcia,3,3,6
Carelle,0,5,5
Carensa,0,5,5
Cariem,5,0,5
Caris,0,5,5
Carlianne,0,5,5
Carlineke,0,5,5
Carlise,3,3,6
Carlista,0,5,5
Carme,0,5,5
Carmelitha,0,5,5
Carmenchita,0,5,5
Carmini,0,5,5
Carmita,0,5,5
Carnel,3,3,6
Carny,3,3,6
Carolia,0,5,5
Carolinda,0,5,5
Carolo,3,3,6
Caronne,0,5,5
Carro,3,3,6
Carrolina,0,5,5
Carsjen,5,0,5
Caryna,0,5,5
Case,3,3,6
Casemir,5,0,5
Caspare,3,3,6
Cassiël,5,0,5
Catalena,0,5,5
Cataleyah,0,5,5
Cateleyne,0,5,5
Catelien,0,5,5
Cateno,5,0,5
Cathaliya,0,5,5
Catharia,0,5,5
Catharino,5,0,5
Catheleijne,0,5,5
Cathey,0,5,5
Cathlina,0,5,5
Cathrienus,5,0,5
Cathrijna,0,5,5
Catia,0,5,5
Catrienes,5,0,5
Catterina,3,3,6
Cavalli,5,0,5
Caydence,0,5,5
Caytlin,0,5,5
Cecila,0,5,5
Cedi,3,3,6
Cédrick,5,0,5
Cedriek,5,0,5
Céfas,5,0,5
Celano,5,0,5
Celesse,0,5,5
Celestial,3,3,6
Celice,0,5,5
Célin,3,3,6
Cèlina,0,5,5
Celinia,0,5,5
Celinio,5,0,5
Celistina,0,5,5
Celize,0,5,5
Celline,0,5,5
Cello,5,0,5
Celwin,5,0,5
Celysha,0,5,5
Cemelia,0,5,5
Cenker,5,0,5
Cenn,5,0,5
Cenne,3,3,6
Cerès,0,5,5
Cerile,3,3,6
Cerino,5,0,5
Cerylla,0,5,5
Cesaer,5,0,5
Césarina,0,5,5
Cesaro,5,0,5
Ceska,0,5,5
Ceus,5,0,5
Ceyenne,0,5,5
Ceysun,5,0,5
CFM,3,3,6
Chabelli,0,5,5
Chabely,0,5,5
Chablis,0,5,5
Chaddy,5,0,5
Chadley,5,0,5
Chadrick,5,0,5
Chaël,3,3,6
Chahat,0,5,5
Chahinda,0,5,5
Chahna,0,5,5
Chahrazade,0,5,5
Chairmaine,0,5,5
Chairon,5,0,5
Chaiyenne,0,5,5
Chakur,5,0,5
Chalinie,0,5,5
Chamaya,0,5,5
Chamayra,0,5,5
Chamiro,5,0,5
Chams-Eddine,5,0,5
Chams-Eddoha,0,5,5
Chamuel,3,3,6
Chananya,3,3,6
Chandira,0,5,5
Chanél,0,5,5
Changa,5,0,5
Chanille,0,5,5
Channan,3,3,6
Channou,0,5,5
Chantie,0,5,5
Chantrella,0,5,5
Chanu,3,3,6
Chaos,3,3,6
Char,3,3,6
Charana,0,5,5
Charay,3,3,6
Charaya,0,5,5
Charéll,0,5,5
Charen,0,5,5
Charia,0,5,5
Chariffa,0,5,5
Charini,0,5,5
Charino,5,0,5
Charlemagne,5,0,5
Charlen,0,5,5
Charlice,0,5,5
Charlita,0,5,5
Charlotte-Louise,0,5,5
Charlus,5,0,5
Charlyse,0,5,5
Charmagne,0,5,5
Charmen,3,3,6
Charmin,3,3,6
Charnele,0,5,5
Charrella,0,5,5
Charrity,0,5,5
Charron,3,3,6
Chary,0,5,5
Charyl,3,3,6
Chatelaine,0,5,5
Chaudary,5,0,5
Chaudhry,3,3,6
Chauw,5,0,5
Chavel,3,3,6
Chavenity,0,5,5
Chaves,3,3,6
Chayla,0,5,5
Chebet,0,5,5
Check,3,3,6
Chedi,5,0,5
Cheen,3,3,6
Cheetah,0,5,5
Cheetara,0,5,5
Chelene,0,5,5
Chelissa,0,5,5
Chelseay,0,5,5
Chemaira,0,5,5
Chemar,3,3,6
Chémene,0,5,5
Chemenne,0,5,5
Chenda,0,5,5
Chenee,3,3,6
Chenell,0,5,5
Chenouk,0,5,5
Cheraly,0,5,5
Chérel,0,5,5
Chereley,0,5,5
Chèrelle,0,5,5
Cherenzo,5,0,5
Cherika,0,5,5
Cherily,0,5,5
Chérine,0,5,5
Cherisha,0,5,5
Chermano,5,0,5
Cherone,3,3,6
Cherraine,0,5,5
Cherrissa,0,5,5
Cherry-Ann,0,5,5
Cheryla,0,5,5
Cheryta,0,5,5
Chesco,5,0,5
Chévano,5,0,5
Chevara,0,5,5
Chevelley,0,5,5
Chevenity,0,5,5
Cheverly,0,5,5
Cheyana,0,5,5
Cheylina,0,5,5
Chi-Ching,0,5,5
Chi-Yan,3,3,6
Chian,5,0,5
Chibuikem,5,0,5
Chibuzo,3,3,6
Chidima,0,5,5
Chiena,0,5,5
Chiene,0,5,5
Chiesa,3,3,6
Chimaine,0,5,5
Chimaobi,5,0,5
Chimezie,3,3,6
Chinh,5,0,5
Chinonye,3,3,6
Chirihane,0,5,5
Chiro,3,3,6
Chiuw,5,0,5
Chiyara,0,5,5
Chiyo,3,3,6
Chloê,0,5,5
Choe,0,5,5
Chor,3,3,6
Chou,5,0,5
Choumissa,0,5,5
Chrislaine,0,5,5
Chrisly,3,3,6
Chrismar,3,3,6
Chrisna,3,3,6
Chrissi,0,5,5
Christabella,0,5,5
Christaki,5,0,5
Christany,0,5,5
Christean,5,0,5
Christél,3,3,6
Christelina,0,5,5
Christeta,0,5,5
Christijet,0,5,5
Christle,0,5,5
Christofor,5,0,5
Chrysologus,3,3,6
Chrysostemus,5,0,5
Chrysostimus,3,3,6
Chrysostomos,3,3,6
Chynouck,0,5,5
Cianán,5,0,5
Cicil,3,3,6
Ciham,0,5,5
Cilianus,5,0,5
Cilie,0,5,5
Cille,0,5,5
Cilvia,0,5,5
Cily,3,3,6
Cimberley,0,5,5
Cinderelle,0,5,5
Cindy-Jane,0,5,5
Cino,5,0,5
Cinto,5,0,5
Ciny,0,5,5
Cires,0,5,5
Claas-Jan,5,0,5
Claaske,0,5,5
Claesina,0,5,5
Claimond,5,0,5
Clairissa,0,5,5
Clairisse,0,5,5
Clamentia,0,5,5
Claran,3,3,6
Clarissia,0,5,5
Claryssa,0,5,5
Clasiene,0,5,5
Clauzina,0,5,5
Claymen,5,0,5
Clazientje,0,5,5
Clemen,5,0,5
Clemensius,5,0,5
Clemenz,5,0,5
Clemie,3,3,6
Clemmy,0,5,5
Cleontine,0,5,5
Cleotha,0,5,5
Cliantha,0,5,5
Cloe,0,5,5
Clotildus,3,3,6
Coelestinus,5,0,5
Coena,0,5,5
Coeno,5,0,5
Coerd,5,0,5
Cokky,0,5,5
Col,3,3,6
Colard,5,0,5
Colete,0,5,5
Collinde,0,5,5
Colline,0,5,5
Colombe,0,5,5
Colton,5,0,5
Colvin,5,0,5
Commeriena,0,5,5
Concepta,0,5,5
Condina,0,5,5
Công,3,3,6
Connegonda,0,5,5
Conradiena,0,5,5
Conrady,5,0,5
Conrardina,0,5,5
Conshita,0,5,5
Corado,5,0,5
Corald,5,0,5
Coralinda,0,5,5
Corban,5,0,5
Corbert,5,0,5
Corbiniana,0,5,5
Corda,0,5,5
Cordine,0,5,5
Cordon,5,0,5
Coreanne,0,5,5
Corein,3,3,6
Corelina,0,5,5
Coriana,0,5,5
Corino,5,0,5
Corleen,3,3,6
Corlijne,0,5,5
Corly,3,3,6
Cornè,5,0,5
Cornei,5,0,5
Cornelié,0,5,5
Cornelsje,0,5,5
Corniël,5,0,5
Corniels,5,0,5
Cornira,0,5,5
Corny,3,3,6
Corolina,0,5,5
Coronus,5,0,5
Corre,3,3,6
Correia,3,3,6
Corrian,3,3,6
Corrigia,0,5,5
Corrinna,0,5,5
Corrita,0,5,5
Corsini,3,3,6
Corstiane,0,5,5
Cortijn,5,0,5
Cosmus,5,0,5
Costantia,0,5,5
Costanza,0,5,5
Costian,5,0,5
Courage,5,0,5
Cray,5,0,5
Crecentius,5,0,5
Crescens,5,0,5
Cresencia,0,5,5
Cresia,0,5,5
Creszenz,3,3,6
Criselda,0,5,5
Crisma,0,5,5
Crispyn,5,0,5
Cristelle,0,5,5
Cristián,5,0,5
Cristoffer,5,0,5
Crysanta,3,3,6
Crysta,0,5,5
Csenge,0,5,5
Cüma,5,0,5
Cundrad,5,0,5
Cüneyd,5,0,5
Cung,3,3,6
Cuny,0,5,5
Cwen,0,5,5
Cyndia,0,5,5
Cyrena,0,5,5
Cyrene,0,5,5
Cyrian,5,0,5
Cyriaque,5,0,5
Cyriëlle,0,5,5
Cyrion,5,0,5
Caan,3,0,3
Cabdulahi,3,3,6
Cabi,0,3,3
Cachèl,0,3,3
Cacilda,0,3,3
Cadulina,0,3,3
Caesare,3,3,6
Cagatay,3,0,3
Cahira,0,3,3
Cahyo,3,0,3
Caïa,3,3,6
Cailinn,0,3,3
Cailleigh,0,3,3
Caillen,3,3,6
Caisa,0,3,3
Caitanya,3,0,3
Caitlen,0,3,3
Caitríona,0,3,3
Cajsa,0,3,3
Calasanctius,3,0,3
Calem,3,0,3
Calice,0,3,3
Calisa,0,3,3
Calito,3,0,3
Calja,0,3,3
Callixta,0,3,3
Callysta,0,3,3
Calypso,0,3,3
Camaro,3,3,6
Camen,3,3,6
Camillio,3,0,3
Camillis,3,0,3
Candelario,3,0,3
Cândida,0,3,3
Cándido,3,0,3
Cang,3,0,3
Cani,3,3,6
Canisha,0,3,3
Canpolat,3,0,3
Cantal,0,3,3
Canuta,3,3,6
Cap,3,3,6
Capan,3,0,3
Capella,0,3,3
Capistrano,3,0,3
Caralina,0,3,3
Caramea,0,3,3
Cardo,3,0,3
Cardona,3,3,6
Carel-Jan,3,3,6
Carelijn,0,3,3
Carida,0,3,3
Cariño,3,0,3
Caristina,0,3,3
Carlan,3,0,3
Carlen,3,3,6
Carlijntje,0,3,3
Carlinho,3,0,3
Carlitho,3,0,3
Carmeline,0,3,3
Carmelle,0,3,3
Carmenza,0,3,3
Carmien,0,3,3
Carminda,0,3,3
Carmon,3,3,6
Carney,3,0,3
Caro-Lynn,0,3,3
Carolan,3,3,6
Carolijntje,0,3,3
Carolini,3,3,6
Carolinia,0,3,3
Carolyna,0,3,3
Caronella,0,3,3
Carsien,3,0,3
Carstiena,0,3,3
Carus,3,0,3
Cas-Jan,3,0,3
Casildo,3,0,3
Casparia,0,3,3
Casparinus,3,0,3
Casper-Jan,3,0,3
Cassady,3,3,6
Cassandro,3,0,3
Castalia,0,3,3
Castel,3,0,3
Caster,3,3,6
Castiel,3,0,3
Castillo,3,0,3
Catalin,3,3,6
Cataline,3,3,6
Catalino,3,0,3
Catelin,0,3,3
Cateriena,0,3,3
Caterijna,0,3,3
Cathalea,0,3,3
Catharena,0,3,3
Cathari,0,3,3
Catharijn,0,3,3
Cathelientje,0,3,3
Cathresia,0,3,3
Cathriene,0,3,3
Catleen,3,3,6
Catlyn,0,3,3
Catolientje,0,3,3
Catolijne,0,3,3
Catoline,0,3,3
Catorien,3,3,6
Catorina,0,3,3
Cauã,3,0,3
Cayan,3,3,6
Caydan,3,3,6
Cayetana,0,3,3
Caylie,0,3,3
Cayn,3,0,3
Cealesta,0,3,3
Céan,3,3,6
Cébas,3,0,3
Ceby,0,3,3
Ceca,0,3,3
Cécé,3,3,6
Cecielle,3,3,6
Cecilya,0,3,3
Ceda,0,3,3
Ceddie,3,3,6
Céderique,3,3,6
Cedes,3,3,6
Ceije,3,0,3
Ceiko,3,0,3
Céjay,3,0,3
Cel,3,0,3
Celcius,3,0,3
Celès,0,3,3
Celess,0,3,3
Celesto,3,0,3
Celestus,3,0,3
Celinne,3,3,6
Celiya,0,3,3
Celya,0,3,3
Célyne,0,3,3
Cemmy,3,0,3
Ceprail,3,0,3
Cerèn,3,3,6
Cereno,3,0,3
Cerianne,0,3,3
Cerilia,0,3,3
Cerilles,3,0,3
Cerillo,3,0,3
Cerita,0,3,3
Cerrano,3,0,3
Cerulus,3,0,3
Ceryllus,3,3,6
Cesarea,0,3,3
Cesarrina,0,3,3
Cesi,3,3,6
Cessely,0,3,3
Ceyano,3,0,3
Ceylinn,0,3,3
Cézary,3,0,3
Cezmi,3,0,3
CGM,3,0,3
Chaan,3,3,6
Chabéli,0,3,3
Chadee,3,3,6
Chadira,0,3,3
Chadney,3,0,3
Chadya,0,3,3
Chaéla,0,3,3
Chafiq,3,0,3
Chahed,3,3,6
Chahinaz,0,3,3
Chahrazed,0,3,3
Chaidy,0,3,3
Chailindra,3,0,3
Chaimaâ,0,3,3
Chaïmaa,0,3,3
Chaimâa,0,3,3
Chaïn,3,3,6
Chaïsta,0,3,3
Chaiya,0,3,3
Chakila,0,3,3
Chalak,3,3,6
Chaled,3,0,3
Chalida,0,3,3
Chalieq,3,0,3
Chalique,0,3,3
Chaliya,0,3,3
Chalon,3,3,6
Chalonda,0,3,3
Chalou,0,3,3
Chalyne,0,3,3
Chamayne,0,3,3
Champa,3,3,6
Chamyra,0,3,3
Chanaé,0,3,3
Chanaisa,0,3,3
Chanayra,0,3,3
Chandana,3,3,6
Chandanie,0,3,3
Chandell,3,3,6
Chandely,0,3,3
Chanderbhaan,3,0,3
Chanderwati,0,3,3
Chandi,3,3,6
Chandrani,0,3,3
Chandresh,3,0,3
Chandro,3,0,3
Chanèll,0,3,3
Chanely,0,3,3
Chanero,3,0,3
Chaniël,3,3,6
Chaniel,3,3,6
Chanifa,0,3,3
Chanila,0,3,3
Chanilla,0,3,3
Chanin,3,3,6
Channery,0,3,3
Chantae,0,3,3
Chantally,0,3,3
Chantien,0,3,3
Chantiënne,3,3,6
Chantrel,3,3,6
Chantrell,0,3,3
Chany,3,3,6
Chaquir,3,0,3
Charalabos,3,0,3
Chardae,0,3,3
Chardée,0,3,3
Chardina,0,3,3
Charee,0,3,3
Charilaos,3,0,3
Charill,3,3,6
Charitina,0,3,3
Charleco,3,0,3
Charlies,0,3,3
Charliza,0,3,3
Charlois,3,3,6
Charlotje,0,3,3
Charlouis,3,0,3
Charlynn,0,3,3
Charmel,3,0,3
Charmine,0,3,3
Charone,3,3,6
Charwin,3,0,3
Charyta,0,3,3
Chasidy,3,3,6
Chassety,0,3,3
Chatoen,0,3,3
Chavally,0,3,3
Chavana,0,3,3
Chavano,3,0,3
Chavell,3,3,6
Chavenne,0,3,3
Chavo,3,0,3
Chawki,3,0,3
Chawwah,0,3,3
Chayelle,0,3,3
Chayèn,0,3,3
Chayena,0,3,3
Chayènne,0,3,3
Chaze,3,0,3
Chealsy,0,3,3
Cheano,3,0,3
Chefaro,3,0,3
Cheiroon,3,0,3
Chek,3,0,3
Chelan,0,3,3
Chelayna,0,3,3
Chelby,0,3,3
Chelcey,0,3,3
Chéline,0,3,3
Chellina,0,3,3
Chellsey,0,3,3
Chelsia,0,3,3
Chemano,3,0,3
Chemelle,0,3,3
Chems,3,3,6
Chenaida,0,3,3
Chenaniah,3,0,3
Chenayah,0,3,3
Chendel,3,0,3
Chené,0,3,3
Cheneviève,0,3,3
Cheneya,0,3,3
Chéng,3,3,6
Chenique,0,3,3
Chennah,0,3,3
Chénoa,0,3,3
Chenya,0,3,3
Cherailey,0,3,3
Cheraily,3,3,6
Cheral,0,3,3
Cheralyn,0,3,3
Cheralynn,0,3,3
Cheray,3,3,6
Cheree,0,3,3
Cherèl,0,3,3
Cherelin,0,3,3
Cherèll,0,3,3
Cherelly,0,3,3
Cherenety,0,3,3
Cherian,3,3,6
Cherife,0,3,3
Cherihan,0,3,3
Cherino,3,0,3
Cherlindrea,0,3,3
Cherlisa,0,3,3
Cherlize,0,3,3
Chermene,0,3,3
Chern,0,3,3
Chernor,3,0,3
Cheromey,0,3,3
Cherreley,0,3,3
Cherrelin,0,3,3
Cherrety,0,3,3
Cherrique,0,3,3
Cherry-Lynn,0,3,3
Cherstiena,0,3,3
Chéryl,0,3,3
Cheryl-Ann,0,3,3
Cheryllin,0,3,3
Cheu,3,3,6
Chevaira,0,3,3
Chevana,0,3,3
Chevani,3,3,6
Chevaughn,3,3,6
Chevayo,3,0,3
Chevell,3,0,3
Chevenety,0,3,3
Chevennety,0,3,3
Chevero,3,0,3
Chevery,3,3,6
Chévon,3,3,6
Cheyanna,0,3,3
Chi-Fong,3,0,3
Chi-Keung,3,0,3
Chi-Lam,3,3,6
Chi-Long,3,0,3
Chi-Ming,3,0,3
Chiandra,0,3,3
Chiano,3,0,3
Chianti,0,3,3
Chiarra,0,3,3
Chidiebere,3,0,3
Chidindu,3,0,3
Chiedozie,3,0,3
Chieng,3,0,3
Chifa,3,3,6
Chifaro,3,0,3
Chikae,3,3,6
Chikondi,3,3,6
Chikwado,3,3,6
Chilaine,0,3,3
Chiliano,3,0,3
Chimaero,3,0,3
Chimara,0,3,3
Chinemerem,3,3,6
Ching-Yee,0,3,3
Chinonyerem,3,3,6
Chinou,3,3,6
Chirano,3,0,3
Chirino,3,0,3
Chit,3,3,6
Chito,3,0,3
Chivanne,0,3,3
Chivaya,0,3,3
Chizara,3,3,6
Choaib,3,0,3
Chonja,0,3,3
Chouw,3,3,6
Chresten,3,0,3
Chrétiënne,0,3,3
Chriet,3,0,3
Chrijsostimus,3,0,3
Chriss,3,3,6
Chrissemie,0,3,3
Chrisstofh,3,0,3
Christ'l,0,3,3
Christable,0,3,3
Christalina,0,3,3
Christefer,3,0,3
Christhel,0,3,3
Christi-Anne,0,3,3
Christián,3,0,3
Christiann,3,0,3
Christineke,0,3,3
Christinette,0,3,3
Christinie,0,3,3
Christje,0,3,3
Christobel,0,3,3
Christoffellina,0,3,3
Christofina,0,3,3
Christophoria,0,3,3
Christov,3,0,3
Christy-Ann,0,3,3
Chrysantus,3,0,3
Chubasco,3,0,3
Chuks,3,3,6
Chukwuka,3,0,3
Chum,3,3,6
Chun-Hee,3,0,3
Chun-Hin,3,0,3
Chun-Kit,3,0,3
Chun-Yin,3,0,3
Chyanne,0,3,3
Chyi,3,3,6
Chyla,0,3,3
Chynouk,0,3,3
Chyron,3,0,3
Ciarah,0,3,3
Cica,0,3,3
Cici,0,3,3
Cicyl,3,3,6
Cido,3,0,3
Cidra,0,3,3
Cieka,0,3,3
Cienna,0,3,3
Ciërra,0,3,3
Cijbrand,3,0,3
Cijril,3,0,3
Cila,3,3,6
Cilas,3,0,3
Cilbertine,0,3,3
Cilena,0,3,3
Cilio,3,0,3
Cilou,0,3,3
Cilvan,3,0,3
Cim,0,3,3
Cima,3,3,6
Cınar,3,0,3
Cinco,3,0,3
Cinetta,0,3,3
Cion,3,3,6
Ciprian,3,0,3
Cirilla,0,3,3
Ciryna,0,3,3
Civita,3,3,6
Clannad,0,3,3
Clanton,3,0,3
Clarense,3,0,3
Clarenzo,3,0,3
Claret,3,3,6
Clarian,0,3,3
Clarike,0,3,3
Clarisia,0,3,3
Claudiana,0,3,3
Claudinus,3,0,3
Claverina,0,3,3
Clayde,3,0,3
Clearence,3,0,3
Cleavant,3,0,3
Clementiana,0,3,3
Clementiene,0,3,3
Clemina,0,3,3
Clemon,3,3,6
Cleopas,3,0,3
Cleotine,0,3,3
Cleova,0,3,3
Cleven,3,0,3
Cliffaira,0,3,3
Clifferd,3,0,3
Climacus,3,3,6
Clorinda,0,3,3
Cloudia,0,3,3
Co-Co,0,3,3
Co-Linda,0,3,3
Cobain,3,3,6
Cobij,0,3,3
Codrin,3,0,3
Coenraedt,3,0,3
Coerlina,0,3,3
Colas,3,0,3
Colenso,3,0,3
Collete,0,3,3
Colombina,0,3,3
Comanche,3,3,6
Commarijntje,0,3,3
Commarina,0,3,3
Compton,3,3,6
Cona,3,3,6
Conal,3,0,3
Conchetta,0,3,3
Conde,3,0,3
Confirmata,0,3,3
Conne,3,3,6
Connelie,0,3,3
Conni,0,3,3
Consilia,0,3,3
Constança,0,3,3
Constanta,0,3,3
Constantijne,0,3,3
Constants,3,3,6
Contini,3,3,6
Cookie,0,3,3
Coradina,0,3,3
Coraliene,0,3,3
Coranna,0,3,3
Cordeiro,3,3,6
Corecha,3,3,6
Corelie,0,3,3
Corelle,0,3,3
Corena,0,3,3
Corene,0,3,3
Corijnus,3,0,3
Coringe,0,3,3
Corjo,3,3,6
Corla,0,3,3
Corleon,3,0,3
Corley,3,3,6
Corliene,0,3,3
Cornea,0,3,3
Corneelis,3,0,3
Cornèlie,0,3,3
Cornelies,3,3,6
Cornelis-Willem,3,0,3
Cornelisse,3,0,3
Cornelya,0,3,3
Cornie,3,3,6
Cornila,0,3,3
Corretta,0,3,3
Corriana,0,3,3
Corrianna,0,3,3
Corryn,0,3,3
Corsinus,3,0,3
Corstinus,3,0,3
Corvina,0,3,3
Coryna,3,3,6
Cosmea,0,3,3
Cosmin,3,0,3
Costache,3,0,3
Costance,0,3,3
Costansa,0,3,3
Costella,0,3,3
Costhar,3,0,3
Cracia,0,3,3
Crecencia,0,3,3
Cree,0,3,3
Crelis,3,0,3
Crescencio,3,0,3
Creszenzia,0,3,3
Crisanta,0,3,3
Crisha,3,3,6
Crisolita,0,3,3
Crist,3,0,3
Cristèl,0,3,3
Cristiany,0,3,3
Cristin,3,3,6
Cristóbal,3,0,3
Criston,3,0,3
Cristophorus,3,0,3
Crow,3,3,6
Crysostomus,3,0,3
Cudjoe,3,0,3
Cuinerus,3,0,3
Cullen,3,0,3
Cun,3,3,6
Cunebertus,3,0,3
Cunegunda,0,3,3
Cunie,0,3,3
Cunigunda,0,3,3
Curiën,3,0,3
Cybille,0,3,3
Cyd,3,3,6
Cyenne,0,3,3
Cylène,0,3,3
Cymara,0,3,3
Cymone,3,3,6
Cynara,0,3,3
Cynthiana,0,3,3
Cyr,3,3,6
Cyrell,3,3,6
Cyrenia,0,3,3
Cyrillius,3,0,3
Cyron,3,0,3
Cystine,0,3,3
Cyta,0,3,3
Cytha,0,3,3
Cythera,0,3,3
Czar,3,0,3
Czarek,3,0,3
Cabry,3,3,6
Cacilia,0,3,3
Cacimier,3,0,3
Cacique,3,0,3
Cadel,3,0,3
Caderius,3,0,3
Cadija,0,3,3
Cadine,0,3,3
Cadisha,0,3,3
Caecilea,0,3,3
Caeciliana,0,3,3
Cáel,3,0,3
Caeleigh,0,3,3
Caelinn,0,3,3
Caelius,3,0,3
Caellum,3,0,3
Caemen,3,0,3
Caesaria,0,3,3
Caĝla,0,3,3
Cahrin,0,3,3
Cahyani,0,3,3
Caifano,3,0,3
Caisey,3,3,6
Caisha,0,3,3
Caith,0,3,3
Caithleen,0,3,3
Caithy,0,3,3
Cajetano,3,3,6
Calamity,0,3,3
Calartji,0,3,3
Calen,3,0,3
Calictus,3,3,6
Calimero,3,0,3
Calin,3,0,3
Calis,3,3,6
Calisi,0,3,3
Calixte,3,3,6
Calli,3,3,6
Calliope,0,3,3
Calmer,3,0,3
Calouste,3,0,3
Calvijn,3,0,3
Cälvin,3,0,3
Calvina,0,3,3
Calvyn,3,0,3
Cam'Ron,3,0,3
Cambell,3,3,6
Camberley,0,3,3
Cambrinus,3,0,3
Camelea,0,3,3
Camelita,0,3,3
Camiella,0,3,3
Camiellus,3,3,6
Camin,3,0,3
Camir,3,3,6
Camira,0,3,3
Cammilla,0,3,3
Camping,3,0,3
Campos,0,3,3
Camu,3,0,3
Camyl,3,0,3
Camyre,0,3,3
Cândido,3,0,3
Candied,3,0,3
Canela,0,3,3
Canicia,0,3,3
Canisiana,0,3,3
Canol,3,0,3
Cansen,0,3,3
Cansun,0,3,3
Cantara,0,3,3
Cantik,0,3,3
Capricia,0,3,3
Capucine,0,3,3
Caram,3,0,3
Caramia,0,3,3
Caranina,0,3,3
Cardi,3,3,6
Careanne,0,3,3
Carèl,3,0,3
Carell,3,0,3
Carène,0,3,3
Carenne,0,3,3
Cares,0,3,3
Cariel,3,3,6
Carienne,0,3,3
Caries,0,3,3
Carijne,0,3,3
Carineke,0,3,3
Carinho,3,0,3
Carinia,0,3,3
Carinke,0,3,3
Caritha,0,3,3
Cariza,0,3,3
Carja,0,3,3
Carlaine,0,3,3
Carlanda,0,3,3
Carle,0,3,3
Carlian,0,3,3
Carlice,0,3,3
Carlientje,0,3,3
Carling,0,3,3
Carloes,0,3,3
Carlsson,3,0,3
Carlten,3,0,3
Carman,3,3,6
Carmein,0,3,3
Carmell,0,3,3
Carmén,0,3,3
Carmentina,0,3,3
Carmiña,0,3,3
Carmody,3,3,6
Carna,0,3,3
Carnita,0,3,3
Caroelien,0,3,3
Carol-Anne,0,3,3
Carolain,0,3,3
Carolena,0,3,3
Caroleus,3,0,3
Caroleyn,0,3,3
Carolinde,0,3,3
Carolino,3,0,3
Carollyn,0,3,3
Carr,3,0,3
Carrick,3,3,6
Carrilho,3,0,3
Carrine,0,3,3
Carrolijn,0,3,3
Carthago,3,0,3
Caruso,3,0,3
Carwin,3,0,3
Carwyn,3,0,3
Casander,3,0,3
Casemirus,3,0,3
Casey-Jane,0,3,3
Cashana,0,3,3
Casharel,0,3,3
Casharell,0,3,3
Cashelle,0,3,3
Cashley,0,3,3
Casia,0,3,3
Casim,3,0,3
Casimire,3,3,6
Casley,0,3,3
Cason,3,0,3
Caspära,0,3,3
Casparine,0,3,3
Casperd,3,0,3
Caspertina,0,3,3
Casperus,3,0,3
Caspijn,3,0,3
Casprina,0,3,3
Cassilda,0,3,3
Cassiopea,0,3,3
Castella,0,3,3
Castelo,3,3,6
Casten,3,0,3
Casy,3,0,3
Catalea,0,3,3
Cataléya,0,3,3
Catalien,0,3,3
Cataliyah,0,3,3
Cateline,0,3,3
Catello,3,0,3
Cathaliena,0,3,3
Cathalientje,0,3,3
Cathalinus,3,0,3
Cathan,3,0,3
Cathareina,0,3,3
Catharicus,3,0,3
Catharienus,3,0,3
Catharina-Maria,0,3,3
Catharinetta,0,3,3
Cäthe,0,3,3
Cathea,0,3,3
Cathelena,0,3,3
Cathelien,0,3,3
Catherijn,0,3,3
Cathi,0,3,3
Cathlena,0,3,3
Cathlien,0,3,3
Cathrientje,0,3,3
Cathrijne,0,3,3
Cathrines,3,0,3
Cathry,0,3,3
Catiana,0,3,3
Catie,0,3,3
Catin,3,3,6
Catina,0,3,3
Catine,0,3,3
Caton,3,0,3
Catorinus,3,0,3
Catriana,0,3,3
Catrie,0,3,3
Catryna,0,3,3
Catteleya,0,3,3
Cattelijn,0,3,3
Cavide,0,3,3
Cavus,3,0,3
Caxala,3,3,6
Cayce,3,3,6
Caydon,3,0,3
Caylem,3,0,3
Cayson,3,0,3
Caythlyn,0,3,3
Cazijn,3,0,3
Ceandra,0,3,3
Ceara,0,3,3
Ceasare,3,0,3
Cebastian,3,0,3
Cebilla,0,3,3
Céceline,0,3,3
Ceceline,0,3,3
Cècilia,0,3,3
Cecilian,3,3,6
Cecillio,3,0,3
Cecyllia,0,3,3
Ceddric,3,0,3
Cedenie,0,3,3
Céderick,3,0,3
Cedie,3,3,6
Cedrec,3,0,3
Cedrine,0,3,3
Cedro,3,0,3
Celainy,0,3,3
Celaleddin,3,0,3
Celebi,3,0,3
Celéna,0,3,3
Celéne,0,3,3
Celerina,0,3,3
Célest,0,3,3
Cèlesta,0,3,3
Celéste,0,3,3
Célester,0,3,3
Celestha,0,3,3
Celesthe,0,3,3
Celestian,3,0,3
Célèstina,0,3,3
Celiana,0,3,3
Celiane,0,3,3
Cèlie,0,3,3
Celinah,0,3,3
Célinde,0,3,3
Celinie,3,3,6
Célise,0,3,3
Celitha,0,3,3
Celiza,0,3,3
Cellesta,0,3,3
Celleste,0,3,3
Celli,0,3,3
Celmar,3,3,6
CEM,3,3,6
Cemaletdin,3,0,3
Cemaynur,0,3,3
Cemi,3,0,3
Cemrenur,0,3,3
Cencio,3,0,3
Cendra,0,3,3
Cendrik,3,0,3
Cenia,0,3,3
Cenkay,3,0,3
Cenkhan,3,0,3
Centennial,3,0,3
Centianne,0,3,3
Centines,3,0,3
Centino,3,0,3
Centriena,0,3,3
Cenydd,3,0,3
Cep,3,0,3
Ceram,3,3,6
Ceran,3,0,3
Cerdic,3,0,3
Cerelia,0,3,3
Ceressa,0,3,3
Ceridwen,0,3,3
Cerin,0,3,3
Cérine,0,3,3
Cerintha,0,3,3
Cerlina,0,3,3
Ceron,3,0,3
Cerqueira,3,3,6
Cerwin,3,0,3
Cesay,3,3,6
Cetherina,0,3,3
Cetsia,0,3,3
Ceverio,3,0,3
Ceylian,3,0,3
Cézane,0,3,3
Cezarina,0,3,3
Ch'aska,0,3,3
Chaaliq,3,0,3
Chaalisa,0,3,3
Chaam,3,0,3
Chabelly,0,3,3
Chabo,3,0,3
Chadassa,0,3,3
Chade,3,3,6
Chadée,0,3,3
Chadely,0,3,3
Chadidjah,0,3,3
Chadija,0,3,3
Chadisha,0,3,3
Chadli,3,0,3
Chael,3,3,6
Chaella,0,3,3
Chaëlle,0,3,3
Chagalle,0,3,3
Chahinaze,0,3,3
Chahinez,0,3,3
Chaid,3,0,3
Chaida,0,3,3
Chailesh,3,0,3
Chaily,0,3,3
Chaine,3,3,6
Chajmae,0,3,3
Chakil,3,0,3
Chakotay,3,3,6
Chalayne,0,3,3
Chaleen,0,3,3
Chaleesa,0,3,3
Chalied,3,0,3
Chalien,0,3,3
Chalino,3,0,3
Chalisha,0,3,3
Chalsey,3,3,6
Chamaco,3,0,3
Chamal,3,0,3
Chamee,0,3,3
Chamella,0,3,3
Chamène,0,3,3
Chamey,0,3,3
Chamiel,3,0,3
Chamika,0,3,3
Chamina,3,3,6
Champ,3,0,3
Chamsedine,3,0,3
Chanaily,0,3,3
Chanairo,3,0,3
Chanamel,3,3,6
Chanandra,0,3,3
Chanderbasie,0,3,3
Chandley,3,0,3
Chandon,3,3,6
Chandor,3,0,3
Chandrakanta,0,3,3
Chandrekumar,3,0,3
Chanee,0,3,3
Chanelia,0,3,3
Chanequa,0,3,3
Chanh,3,0,3
Chanicha,0,3,3
Chaniska,0,3,3
Channé,0,3,3
Channely,0,3,3
Channet,0,3,3
Channo,3,0,3
Channy,3,3,6
Chanoux,0,3,3
Chant,3,0,3
Chantaine,0,3,3
Chantál,0,3,3
Chantal-Marie,0,3,3
Chantalie,0,3,3
Chantalis,0,3,3
Chantara,0,3,3
Chantée,0,3,3
Chantél,0,3,3
Chantelly,0,3,3
Chantha,0,3,3
Chantilly,0,3,3
Chantina,0,3,3
Chantino,3,0,3
Chantiva,0,3,3
Chantou,0,3,3
Chantra,0,3,3
Chantusia,0,3,3
Chapple,3,0,3
Chará,0,3,3
Charai,3,3,6
Charal,3,3,6
Charanda,0,3,3
Charanna,0,3,3
Charazet,0,3,3
Chardonay,0,3,3
Chardonney,3,3,6
Chardy,3,3,6
Charé,3,3,6
Charece,0,3,3
Charée,0,3,3
Chareese,0,3,3
Charelity,0,3,3
Charene,0,3,3
Charente,0,3,3
Charenza,0,3,3
Charica,0,3,3
Charika,0,3,3
Charilyn,0,3,3
Charim,3,0,3
Charisca,0,3,3
Charischa,0,3,3
Charito,0,3,3
Charlana,0,3,3
Charlayna,0,3,3
Charleigh,0,3,3
Charlett,0,3,3
Charlie-Rose,0,3,3
Charliene,0,3,3
Charma,3,3,6
Charmae,0,3,3
Charmagna,0,3,3
Charmaina,0,3,3
Charmainne,0,3,3
Charman,3,0,3
Charmanand,3,0,3
Charmee,0,3,3
Charmeen,0,3,3
Charmely,0,3,3
Charmiela,0,3,3
Charmijne,0,3,3
Charmo,3,0,3
Charmona,0,3,3
Charnay,0,3,3
Charnette,0,3,3
Charno,3,0,3
Charolina,0,3,3
Charoney,0,3,3
Charonna,0,3,3
Charrèl,0,3,3
Charrelle,0,3,3
Charun,3,0,3
Charyna,0,3,3
Chasja,3,3,6
Chassy,3,3,6
Chastidy,0,3,3
Chatalina,0,3,3
Chatherina,0,3,3
Chatib,3,0,3
Chatifa,3,3,6
Chatin,3,3,6
Chatira,0,3,3
Chatriena,0,3,3
Chatrines,3,0,3
Chatruda,0,3,3
Chaudhary,3,3,6
Chavaino,3,0,3
Chaval,3,0,3
Chavan,3,0,3
Chavani,3,3,6
Chavanne,0,3,3
Chavanya,0,3,3
Chaveiro,3,0,3
Chavela,0,3,3
Chavelie,0,3,3
Chavelley,0,3,3
Chavellie,0,3,3
Chavenna,0,3,3
Chaviënna,0,3,3
Chavier,3,3,6
Chaviva,0,3,3
Chaw,3,0,3
Chawah,0,3,3
Chawi,3,3,6
Chawwa,0,3,3
Chayennah,0,3,3
Chaym,3,0,3
Chayo,3,3,6
Chayro,3,0,3
Chayvano,3,0,3
Chaziema,0,3,3
Chaznay,0,3,3
Chazney,0,3,3
Chê,3,0,3
Chealsey,0,3,3
Cheddy,3,0,3
Chedwa,0,3,3
Chedy,3,3,6
Cheeng,3,3,6
Cheery,0,3,3
Chei,3,3,6
Cheimaa,0,3,3
Chelcy,0,3,3
Cheldon,3,0,3
Chelène,0,3,3
Chelenne,0,3,3
Cheleny,0,3,3
Chelino,3,0,3
Chelique,3,3,6
Chelita,0,3,3
Chello,3,3,6
Chelo,3,3,6
Chelone,0,3,3
Chelsee,0,3,3
Chelty,0,3,3
Chelyssa,0,3,3
Cheman,3,3,6
Chemani,3,3,6
Chemseddine,3,0,3
Chenailey,0,3,3
Chenaro,3,0,3
Chendra,0,3,3
Cheneequa,0,3,3
Chenerva,0,3,3
Chenety,0,3,3
Chenhao,3,0,3
Chenillia,0,3,3
Chennely,0,3,3
Chénoah,0,3,3
Chenomi,0,3,3
Chenzira,3,3,6
Cheona,0,3,3
Chephirah,0,3,3
Chephren,3,3,6
Chequina,3,3,6
Cherady,0,3,3
Cheraida,0,3,3
Cherainne,0,3,3
Cheralda,0,3,3
Cheralee,0,3,3
Cheré,0,3,3
Cheredice,0,3,3
Cherelity,0,3,3
Cherèlle,0,3,3
Cherellety,0,3,3
Cherello,3,0,3
Cherelton,3,0,3
Cherelynn,0,3,3
Cheremice,0,3,3
Cherene,0,3,3
Chereny,0,3,3
Chergio,3,0,3
Cherié,0,3,3
Cherieke,0,3,3
Cherinho,3,0,3
Cherlane,0,3,3
Cherlijn,0,3,3
Cherlinda,0,3,3
Cherline,0,3,3
Cherlyne,0,3,3
Chermijn,0,3,3
Chernice,0,3,3
Chernoh,3,0,3
Cheromi,0,3,3
Chéron,3,3,6
Cheronne,0,3,3
Cherralyn,0,3,3
Cherrida,0,3,3
Cherriel,0,3,3
Cherrina,0,3,3
Cherrisa,0,3,3
Cherrisha,0,3,3
Cherrity,0,3,3
Cherrol,3,0,3
Cherson,3,0,3
Cherubijn,3,3,6
Chervin,3,0,3
Cheryce,0,3,3
Cheryda,0,3,3
Chèryl,0,3,3
Cheryle,0,3,3
Cherylla,0,3,3
Cherylyn,0,3,3
Cherylynn,0,3,3
Cheryssa,0,3,3
Chesety,0,3,3
Chesly,3,3,6
Chesny,3,3,6
Chesro,3,0,3
Chessaty,0,3,3
Chestity,0,3,3
Chevailly,0,3,3
Chevaino,3,0,3
Chevalier,3,0,3
Chévan,3,0,3
Chevanelly,0,3,3
Chevaney,3,3,6
Chevanio,3,0,3
Chevanny,3,3,6
Chevanté,3,3,6
Chevar,3,0,3
Chevellety,0,3,3
Chevelli,0,3,3
Chevely,0,3,3
Chévene,0,3,3
Chevenery,0,3,3
Cheveney,0,3,3
Chevenly,3,3,6
Chevennely,0,3,3
Cheveny,0,3,3
Cheverely,0,3,3
Chevey,3,0,3
Cheviënne,0,3,3
Cheville,3,3,6
Chevinio,3,0,3
Cheyan,3,3,6
Cheyenity,0,3,3
Cheyènne,0,3,3
Cheylan,3,0,3
Cheylena,0,3,3
Cheyma,0,3,3
Cheynna,0,3,3
Chhikara,3,3,6
Chi-Chi,0,3,3
Chi-Chun,3,0,3
Chi-Fai,3,0,3
Chi-Hang,3,3,6
Chi-Hong,3,0,3
Chi-Hung,3,0,3
Chi-Kit,3,0,3
Chi-Wing,3,3,6
Chiany,3,3,6
Chiavelli,0,3,3
Chiavenna,0,3,3
Chicane,3,3,6
Chichi,0,3,3
Chidozie,3,0,3
Chielbert,3,0,3
Chielbertha,3,3,6
Chiemerie,3,3,6
Chiemezie,3,3,6
Chietra,0,3,3
Chieu,3,3,6
Chiew,3,3,6
Chiffon,0,3,3
Chifong,3,0,3
Chihiro,3,3,6
Chijindu,3,0,3
Chijioke,3,0,3
Chikamso,3,3,6
Chikee,3,3,6
Childéric,3,3,6
Chili,3,3,6
Chilin,3,3,6
Chilkia,3,3,6
Chilo,3,3,6
Chilton,3,0,3
Chim,3,0,3
Chimaera,0,3,3
Chimako,3,3,6
Chimano,3,0,3
Chimdindu,3,0,3
Chime,3,0,3
Chimena,3,3,6
Chimené,0,3,3
Chimenne,0,3,3
Chimera,0,3,3
Chimo,3,0,3
Chinaecherem,0,3,3
Chine,0,3,3
Chinedum,3,3,6
Ching-Long,3,3,6
Ching-Man,0,3,3
Ching-Wai,3,3,6
Chinira,0,3,3
Chinoek,3,3,6
Chinouck,0,3,3
Chintya,0,3,3
Chinué,0,3,3
Chiona,0,3,3
Chione,0,3,3
Chiong,3,3,6
Chiquinho,3,0,3
Chiquinquira,0,3,3
Chiraaz,3,3,6
Chirag,3,0,3
Chireen,0,3,3
Chirella,0,3,3
Chisa,0,3,3
Chishty,3,3,6
Chislon,3,0,3
Chivanni,0,3,3
Chivarro,3,0,3
Chivo,3,0,3
Chiwanie,0,3,3
Chizaram,0,3,3
Chizitere,0,3,3
Chizoba,3,3,6
Chkheim,0,3,3
Chloë-Ann,0,3,3
Choëlle,0,3,3
Choen,3,3,6
Chofni,3,3,6
Choij,0,3,3
Choolwe,3,3,6
Chosen,3,3,6
Chouaïb,3,0,3
Chouke,0,3,3
Chretién,3,0,3
Chris-Ann,0,3,3
Chris-Anne,0,3,3
Chris-Marije,0,3,3
Chrisanna,0,3,3
Chrishostimus,3,0,3
Chrisilde,0,3,3
Chrisla,0,3,3
Chrisley,3,3,6
Chrisostemus,3,0,3
Chrispiana,0,3,3
Chrissanda,0,3,3
Chrisstella,0,3,3
Chrisstien,0,3,3
Christakis,3,0,3
Christalia,0,3,3
Christall,0,3,3
Christanand,3,0,3
Christane,0,3,3
Christeffer,3,0,3
Christèle,0,3,3
Christelien,0,3,3
Christelijne,0,3,3
Christelly,0,3,3
Christey,0,3,3
Christhian,3,0,3
Christhilde,0,3,3
Christi-Jan,3,0,3
Christiaan-Pieter,3,0,3
Christían,3,0,3
Christie-Anne,0,3,3
Christiejan,3,0,3
Christinna,0,3,3
Christja,0,3,3
Christjanna,0,3,3
Christofa,0,3,3
Christofforus,3,0,3
Christonika,0,3,3
Christopha,0,3,3
Christophelina,0,3,3
Christophilus,3,0,3
Chriz,3,0,3
Chrysa,0,3,3
Chrysanthe,0,3,3
Chrysologa,0,3,3
Chrysosthimus,3,0,3
Chrysosthomus,3,0,3
Chrysostima,0,3,3
Chrystèle,0,3,3
Chrystian,3,0,3
Chue,3,3,6
Chul,3,3,6
Chula,3,3,6
Chun-Fai,3,0,3
Chun-Man,3,0,3
Chung-Kit,3,0,3
Chur,3,3,6
Churandy,3,0,3
Churchill,3,0,3
Chuw,3,3,6
Chyan,3,3,6
Chylène,0,3,3
Chyma,0,3,3
Chyméne,0,3,3
Chynita,0,3,3
Chyro,3,0,3
Chyrone,3,0,3
Cianne,0,3,3
Ciciliana,3,3,6
Cicinho,3,0,3
Ciebe,3,0,3
Ciela,0,3,3
Cielle,0,3,3
Ciem,3,0,3
Ciënne,0,3,3
Cientje,0,3,3
Cier,3,0,3
Ciesen,3,0,3
Cigany,0,3,3
Cigourney,0,3,3
Cihannur,3,3,6
Ciise,3,3,6
Cijkelina,0,3,3
Cilak,3,0,3
Cilan,3,0,3
Cilene,0,3,3
Cilesta,0,3,3
Cilicia,0,3,3
Cilina,0,3,3
Cilli,0,3,3
Cilvion,3,0,3
Cimone,0,3,3
Cinde,0,3,3
Cindela,0,3,3
Cinderrella,0,3,3
Cindya,0,3,3
Cinque,3,0,3
Cinqué,3,3,6
Cinthe,3,3,6
Cio,3,0,3
Ciona,0,3,3
Cipriani,3,3,6
Ciqala,3,0,3
Ciran,3,3,6
Ciré,0,3,3
Cire,3,3,6
Ciri,0,3,3
Cirillus,3,0,3
Cirine,0,3,3
Cisan,0,3,3
Cisanne,0,3,3
Cisely,0,3,3
Cisi,0,3,3
Cisley,0,3,3
Cisly,0,3,3
Cisne,3,3,6
Cisqo,3,0,3
Citatorn,0,3,3
Ciyan,3,0,3
Ciyara,0,3,3
Ciydem,0,3,3
Claasine,0,3,3
Claassen,3,0,3
Claertje,0,3,3
Claeske,0,3,3
Claimen,3,0,3
Clanned,3,0,3
Clärchen,0,3,3
Clarenda,0,3,3
Claresse,0,3,3
Claretta,0,3,3
Claribel,0,3,3
Clarion,0,3,3
Clariss,0,3,3
Clarotta,0,3,3
Clas,3,0,3
Clastina,0,3,3
Claterbos,3,3,6
Claudelle,0,3,3
Claudinette,0,3,3
Claudino,3,0,3
Clavo,3,0,3
Clayment,3,0,3
Claziene,0,3,3
Cleia,0,3,3
Clemance,0,3,3
Clemans,3,3,6
Clementiena,0,3,3
Clementijn,0,3,3
Clementin,3,3,6
Clementino,3,0,3
Clementio,3,0,3
Clementis,3,0,3
Clemento,3,0,3
Clemes,3,0,3
Clemi,0,3,3
Clemont,3,0,3
Cleome,0,3,3
Cleona,0,3,3
Cleota,0,3,3
Cleotilde,0,3,3
Cleto,3,0,3
Cliford,3,0,3
Climaco,3,3,6
Clinia,0,3,3
CLM,3,3,6
Clodagh,0,3,3
Clodius,3,0,3
Clodoaldus,3,0,3
Cloey,0,3,3
Cloudine,0,3,3
Clourinda,0,3,3
Clyd,3,0,3
Clymon,3,0,3
Clynn,3,0,3
Clyve,3,0,3
CMA,3,3,6
CMG,3,3,6
Cobais,3,0,3
Coben,3,0,3
Cobianne,0,3,3
Cobijn,3,0,3
Cobra,3,3,6
Cobre,3,3,6
Cocó,0,3,3
Codie,3,0,3
Coelina,0,3,3
Coendina,0,3,3
Coenerst,3,0,3
Coenie,3,3,6
Coenrade,0,3,3
Coenradiena,0,3,3
Coenrardes,3,0,3
Coensen,3,0,3
Coerdina,0,3,3
Coert-Jan,3,0,3
Cojan,3,0,3
Colan,3,3,6
Coleman,3,0,3
Colena,0,3,3
Colène,0,3,3
Colett,3,3,6
Colettha,0,3,3
Colinn,3,0,3
Colinus,3,0,3
Collard,3,0,3
Colle,3,0,3
Colobina,0,3,3
Colt,3,0,3
Coltrane,3,0,3
Colwyn,3,0,3
Combertus,3,0,3
Cömert,3,0,3
Commerencia,0,3,3
Comprecht,3,0,3
Conard,3,0,3
Conceiçao,0,3,3
Concetina,0,3,3
Conda,0,3,3
Condor,3,0,3
Conera,0,3,3
Confidence,3,3,6
Connemara,0,3,3
Conrade,0,3,3
Conradin,3,0,3
Conradt,3,0,3
Consolatrix,0,3,3
Constancio,3,0,3
Constancius,3,3,6
Constantein,3,0,3
Consuéla,0,3,3
Consulata,0,3,3
Conswella,0,3,3
Contreiras,3,3,6
Coo,3,3,6
Cooky,0,3,3
Coraal,3,3,6
Coralee,0,3,3
Coralinde,0,3,3
Coralyn,0,3,3
Corbain,3,0,3
Corbinianus,3,0,3
Cordelina,0,3,3
Corden,3,0,3
Cordez,3,0,3
Cordian,3,0,3
Cordilia,0,3,3
Cordin,3,0,3
Cordule,0,3,3
Core,3,3,6
Coreen,0,3,3
Coreine,0,3,3
Corelien,0,3,3
Corelise,0,3,3
Corentine,0,3,3
Coria,0,3,3
Corienna,0,3,3
Corijna,0,3,3
Corinthia,0,3,3
Corinthian,3,0,3
Coritha,0,3,3
Corja,3,3,6
Corlaine,0,3,3
Corlein,0,3,3
Corlene,0,3,3
Corletta,0,3,3
Corlette,0,3,3
Corlian,0,3,3
Corlies,3,3,6
Corneal,3,0,3
Cornelea,0,3,3
Cornelezina,0,3,3
Cornelië,0,3,3
Corneliea,0,3,3
Corneliës,3,0,3
Cornelike,0,3,3
Cornelis-Johannes,3,0,3
Corneliscke,0,3,3
Cornélise,0,3,3
Cornélius,3,0,3
Cornelles,3,0,3
Cornellus,3,0,3
Cornette,0,3,3
Cornina,0,3,3
Coronis,3,0,3
Corra,0,3,3
Corree,3,3,6
Correin,3,0,3
Corria,0,3,3
Corriëlle,0,3,3
Corstantijn,3,0,3
Corstiena,0,3,3
Corstijn,3,3,6
Cortez,3,0,3
Cortina,0,3,3
Cortine,0,3,3
Cortney,0,3,3
Corto,3,0,3
Corvink,3,0,3
Corwyn,3,0,3
Coryse,0,3,3
Cosmos,3,0,3
Costante,3,0,3
Costantinus,3,0,3
Costaphina,0,3,3
Costel,3,0,3
Costerus,3,0,3
Costin,3,0,3
Coty,3,3,6
Coustouce,3,3,6
Cowan,3,0,3
CPM,3,3,6
Crace,0,3,3
Cramer,3,3,6
Craven,3,3,6
Crecencio,3,0,3
Credo,3,0,3
Crépin,3,0,3
Cresensia,0,3,3
Cretia,0,3,3
Cretien,3,0,3
Crijno,3,0,3
Crishairo,3,0,3
Crishan,3,0,3
Crishayna,0,3,3
Crisja,0,3,3
Crispian,3,0,3
Crispinianus,3,0,3
Crispino,3,0,3
Criss,3,0,3
Crissa,0,3,3
Crissi,0,3,3
Cristell,0,3,3
Cristha,0,3,3
Cristianes,3,0,3
Cristl,0,3,3
Cristofer,3,0,3
Cristoforo,3,0,3
Crosby,3,0,3
Crucita,0,3,3
Cruvinel,3,3,6
Crystle,0,3,3
Csillag,0,3,3
Cuc,0,3,3
Cumaali,3,0,3
Cumar,3,3,6
Cunegondus,3,0,3
Cunero,3,3,6
Cuniberta,0,3,3
Cunrad,3,0,3
Cupertinus,3,0,3
Cuqnera,0,3,3
Cura,3,3,6
Curran,3,0,3
Curro,3,0,3
Cveta,0,3,3
Cyla,0,3,3
Cyldra,0,3,3
Cylina,0,3,3
Cylke,0,3,3
Cylla,0,3,3
Cyllene,0,3,3
Cynta,0,3,3
Cypress,0,3,3
Cyprienne,0,3,3
Cyrenus,3,0,3
Cyres,3,0,3
Cyrianne,0,3,3
Cyrien,3,3,6
Cyrila,0,3,3
Cyrillio,3,0,3
Cyrin,0,3,3
Cyryl,3,0,3
Cyuzuzo,0,3,3
C'yenna,0,3,3
Ca-Wai,0,3,3
Caaj,3,0,3
Cab,3,0,3
Cabaylo,3,3,6
Cabe,3,0,3
Cabin,3,0,3
Cabo,3,3,6
Cabriël,3,0,3
Cacha,3,3,6
Caciana,0,3,3
Cadice,0,3,3
Cadja,0,3,3
Caecelia,0,3,3
Caël,3,0,3
Caelestine,0,3,3
Caelestinus,3,0,3
Caelian,3,0,3
Caelina,0,3,3
Caëlle,0,3,3
Caen,3,0,3
Caesareus,3,0,3
Caesarius,3,0,3
Caesaro,3,0,3
Caesilia,0,3,3
Caesy,3,3,6
Cagney,0,3,3
Cah,3,3,6
Caharina,0,3,3
Cahlista,0,3,3
Cahyadi,3,0,3
Cahyona,0,3,3
Cahyono,3,0,3
Cailani,0,3,3
Cailim,3,0,3
Caillin,0,3,3
Caillyn,0,3,3
Cailyne,0,3,3
Caimy,0,3,3
Cainey,3,0,3
Caíque,3,0,3
Cairi,3,0,3
Cairin,0,3,3
Cairns,3,0,3
Caisley,3,0,3
Caissa,0,3,3
Caisy,0,3,3
Cáit,0,3,3
Caitan,3,0,3
Caitano,3,0,3
Caith-lynn,0,3,3
Caithley,0,3,3
Caithlín,0,3,3
Caithline,0,3,3
Caitlan,0,3,3
Caitlijn,0,3,3
Caítlin,0,3,3
Caitrin,0,3,3
Caiya,0,3,3
Caiza,0,3,3
Caize,0,3,3
Cakir,0,3,3
Calan,3,0,3
Calani,3,3,6
Calanthe,0,3,3
Calartjie,0,3,3
Calea,0,3,3
Calebe,3,0,3
Caleigh-Ann,0,3,3
Caleni,0,3,3
Caleta,0,3,3
Caleyne,0,3,3
Calian,3,3,6
Calicia,0,3,3
Calida,0,3,3
Calil,3,0,3
Calima,0,3,3
Câline,0,3,3
Calinka,0,3,3
Calintus,3,0,3
Caliste,0,3,3
Calita,0,3,3
Caliya,0,3,3
Callaghan,3,0,3
Calley,0,3,3
Callin,3,3,6
Callina,0,3,3
Callissus,3,0,3
Calman,3,0,3
Calo,3,0,3
Calotta,0,3,3
Calou,0,3,3
Calton,3,0,3
Calusta,0,3,3
Calvario,3,0,3
Calvin-Joshua,3,0,3
Calvinus,3,0,3
Calwin,3,0,3
Calyssa,0,3,3
Camael,3,0,3
Caman,0,3,3
Camaron,3,3,6
Camay,0,3,3
Camberly,0,3,3
Camé,0,3,3
Camei,0,3,3
Camèl,3,3,6
Camel,3,0,3
Camela,0,3,3
Camélia,0,3,3
Camelius,3,0,3
Camelot,3,3,6
Camencha,0,3,3
Cameo,3,3,6
Camia,0,3,3
Camilja,0,3,3
Camillah,0,3,3
Camillo-Primo,3,0,3
Camilly,0,3,3
Caminde,3,3,6
Camino,3,0,3
Cammila,0,3,3
Campert,3,0,3
Campiena,0,3,3
Campina,0,3,3
Camyla,0,3,3
Cancia,0,3,3
Cancio,3,3,6
Candacé,0,3,3
Candas,3,3,6
Candasey,0,3,3
Candelina,0,3,3
Candella,0,3,3
Candi,0,3,3
Candid,3,0,3
Candise,0,3,3
Candita,0,3,3
Candle,0,3,3
Canelo,3,0,3
Cangero,3,0,3
Canice,3,3,6
Canise,0,3,3
Canisio,3,0,3
Cankan,3,0,3
Cankat,3,0,3
Cankız,0,3,3
Cannavaro,3,0,3
Canne,3,3,6
Cannel,0,3,3
Cannigia,3,0,3
Cannon,3,0,3
Cannur,0,3,3
Canser,0,3,3
Cansev,0,3,3
Cantinus,3,0,3
Cantuğ,3,0,3
Caoilainn,0,3,3
Caolán,3,0,3
Capadocia,0,3,3
Capitao,3,0,3
Capone,3,3,6
Captain,3,0,3
Caradoc,3,0,3
Caragh,0,3,3
Carah,0,3,3
Caralisa,0,3,3
Carano,3,3,6
Carasso,3,3,6
Carboo,3,3,6
Carbyn,3,0,3
Cardina,0,3,3
Cardiola,0,3,3
Cardozo,3,0,3
Carein,0,3,3
Carel-Albert,3,0,3
Careldina,0,3,3
Carelia,0,3,3
Carelis,3,3,6
Carelli,0,3,3
Carelyne,0,3,3
Carema,0,3,3
Carencia,0,3,3
Carene,0,3,3
Carenina,0,3,3
Careshma,0,3,3
Carianna,0,3,3
Caridee,0,3,3
Carientje,0,3,3
Carille,0,3,3
Carinann,0,3,3
Carinja,0,3,3
Carinqua,0,3,3
Carinsa,0,3,3
Carinya,0,3,3
Carisius,3,0,3
Carista,0,3,3
Cariz,0,3,3
Carjo,3,3,6
Carl-Cristian,3,0,3
Carl-Heinz,3,0,3
Carl-Jan,3,0,3
Carl-Pieter,3,0,3
Carlando,3,0,3
Carlas,3,3,6
Carleijne,0,3,3
Carlendy,0,3,3
Carleyne,0,3,3
Carlheinz,3,0,3
Carlho,3,0,3
Carlia,0,3,3
Carliani,0,3,3
Carlicia,0,3,3
Carlienne,0,3,3
Carliho,3,0,3
Carlinus,3,0,3
Carlion,3,0,3
Carlis,3,3,6
Carlisha,0,3,3
Carlisse,0,3,3
Carlisto,3,0,3
Carlitha,0,3,3
Carliz,0,3,3
Carlö,3,0,3
Carlvin,3,0,3
Carly-Jane,0,3,3
Carlyon,3,0,3
Carlys,0,3,3
Carlysia,0,3,3
Carmaine,0,3,3
Carmé,3,3,6
Carmeila,0,3,3
Carmèla,0,3,3
Carmelino,3,0,3
Carmelio,3,0,3
Carmelito,3,0,3
Carmelitta,0,3,3
Carmem,0,3,3
Carmèn,0,3,3
Cármen,0,3,3
Carmenlina,0,3,3
Carmichel,3,3,6
Carminha,0,3,3
Carminia,0,3,3
Carmito,3,3,6
Carmona,3,0,3
Carmy,0,3,3
Carnell,3,0,3
Caroelina,0,3,3
Caroeline,0,3,3
Carol-Jane,0,3,3
Carolaine,0,3,3
Caroldine,0,3,3
Caroleen,0,3,3
Carolienne,0,3,3
Carolina-Maria,0,3,3
Carolita,0,3,3
Carolle,0,3,3
Carollina,3,3,6
Carolline,0,3,3
Carolos,3,0,3
Càrolus,3,0,3
Carorien,3,3,6
Caroun,0,3,3
Caroy,3,0,3
Carpentero,0,3,3
Carré,0,3,3
Carres,0,3,3
Carresa,0,3,3
Carrianne,0,3,3
Carrida,0,3,3
Carriene,0,3,3
Carrissa,0,3,3
Carrola,0,3,3
Carrolien,0,3,3
Carroliene,0,3,3
Carroline,0,3,3
Carrolus,3,0,3
Carry-Ann,0,3,3
Carsina,0,3,3
Carst-Jan,3,0,3
Carstin,3,0,3
Cartina,0,3,3
Cartine,0,3,3
Cartini,0,3,3
Cartney,3,0,3
Caruna,0,3,3
Carvel,3,0,3
Carver,3,0,3
Carwen,0,3,3
Carwi,3,0,3
Caryla,0,3,3
Caryll,3,0,3
Casanova,3,0,3
Cascha,3,3,6
Casemira,0,3,3
Cases,3,3,6
Casey-Joe,3,0,3
Cashmere,3,3,6
Cashmire,0,3,3
Cashmyra,0,3,3
Casilio,3,0,3
Casina,0,3,3
Casjan,3,0,3
Casjmir,3,0,3
Casmaran,3,0,3
Casmijn,3,0,3
Casmire,3,0,3
Caspar-Willem,3,0,3
Caspari,3,3,6
Casparien,0,3,3
Caspart,3,0,3
Casperonne,0,3,3
Caspya,0,3,3
Cassa,3,3,6
Cassel,3,0,3
Cassen,3,0,3
Cassie-Marie,0,3,3
Cassim,3,0,3
Cassini,3,3,6
Cassoma,0,3,3
Castalina,0,3,3
Castissima,0,3,3
Castolino,3,0,3
Castus,3,0,3
Caszandra,0,3,3
Caszimir,3,0,3
Cát,3,3,6
Catalana,0,3,3
Catalda,0,3,3
Catalêya,0,3,3
Cataleyna,0,3,3
Catalijntje,0,3,3
Catalinus,3,0,3
Catalya,0,3,3
Catalyna,0,3,3
Catalyne,0,3,3
Catara,0,3,3
Catarien,3,3,6
Cataryne,0,3,3
Catchéry,0,3,3
Cate-lynn,0,3,3
Cateleijn,0,3,3
Cateleijne,0,3,3
Catelene,0,3,3
Catelientje,0,3,3
Cateliya,0,3,3
Cately,0,3,3
Caterien,3,3,6
Caterinus,3,0,3
Catey,0,3,3
Cathaleeya,0,3,3
Cathaleine,0,3,3
Cathaléya,0,3,3
Cathaleyna,0,3,3
Cathaleyne,0,3,3
Cathalie,0,3,3
Cathalien,0,3,3
Cathalintje,0,3,3
Cathalyna,0,3,3
Cathariana,0,3,3
Catharina-Anna,0,3,3
Catharinasdochter,0,3,3
Catharinia,0,3,3
Catharinie,3,3,6
Catharos,3,3,6
Catharuda,0,3,3
Cathaysa,0,3,3
Catheleen,0,3,3
Cathelein,0,3,3
Cathelène,0,3,3
Catheleya,0,3,3
Catheleyn,0,3,3
Catherine-Ann,0,3,3
Catherines,3,0,3
Cathlene,0,3,3
Cathline,0,3,3
Cathly,0,3,3
Cathlyne,0,3,3
Catholiene,0,3,3
Catholintje,0,3,3
Cathoo,0,3,3
Cathralina,0,3,3
Cathriona,0,3,3
Cathya,0,3,3
Catleya,0,3,3
Catlien,0,3,3
Catlijne,0,3,3
Catline,0,3,3
Catolona,0,3,3
Catou,0,3,3
Catri,0,3,3
Catry,0,3,3
Catryn,0,3,3
Catshiri,0,3,3
Catta,0,3,3
Cattamanchi,3,0,3
Cattarina,0,3,3
Cattelijne,0,3,3
Cattelya,0,3,3
Cattharina,0,3,3
Catto,0,3,3
Cattoo,0,3,3
Cattry,0,3,3
Catuja,0,3,3
Catya,0,3,3
Cauan,3,0,3
Caupain,3,3,6
Cavanaugh,3,0,3
Cavat,3,0,3
Cavell,3,3,6
Cavhiëro,3,0,3
Cavhin,3,0,3
Caxandra,0,3,3
Cay-Linn,0,3,3
Caye,3,3,6
Cayénne,0,3,3
Caylah,0,3,3
Cayle,3,3,6
Cayle'yen,0,3,3
Caylean,0,3,3
Cayli,0,3,3
Caylise,0,3,3
Caylisha,0,3,3
Caylyn,0,3,3
Cayon,3,0,3
Cayran,3,0,3
Caytlina,0,3,3
Cayuga,3,3,6
Cazz,3,0,3
CBM,3,3,6
CDM,0,3,3
Cea-Jay,3,3,6
Ceacilea,0,3,3
Ceacillia,0,3,3
Cealan,3,0,3
Cean,3,0,3
Ceanne,0,3,3
Cearan,3,0,3
Ceasarina,0,3,3
Cebrahil,3,0,3
Cebrâil,3,0,3
Cebrian,3,0,3
Cecar,3,0,3
Cecco,3,0,3
Cecelio,3,0,3
Cecelius,3,0,3
Cécerine,0,3,3
Cecieltje,0,3,3
Cécile-Marie,3,3,6
Ceciliano,3,0,3
Cecílio,3,0,3
Cecill,3,3,6
Cecilla,0,3,3
Cècille,0,3,3
Cecillya,0,3,3
Cecilo,3,3,6
Ceddy,3,0,3
Cedela,0,3,3
Cèderic,3,0,3
Cédérique,3,3,6
Cédie,0,3,3
Cedine,0,3,3
Cédine,0,3,3
Cedinho,3,0,3
Cedion,3,0,3
Cedriëlle,0,3,3
Cedrych,3,0,3
Ceejee,0,3,3
Ceellia,0,3,3
Cees-Christiaan,3,0,3
Cees-Paul,3,0,3
Cees-Willem,3,0,3
Ceesy,3,3,6
Ceet,0,3,3
Cefahir,3,3,6
Cefanja,3,3,6
Ceger,3,0,3
Cehdi,3,0,3
Cehm,3,0,3
Ceilí,0,3,3
Ceinwen,0,3,3
Ceirdwyn,0,3,3
Cejus,3,0,3
Célaine,0,3,3
Celâleddin,3,0,3
Celaletdin,3,0,3
Celâlettin,3,0,3
Celania,0,3,3
Celasio,3,0,3
Celcio,3,0,3
Cele,3,0,3
Celéa,0,3,3
Celedonio,3,0,3
Celeena,0,3,3
Celeia,0,3,3
Celenka,0,3,3
Celeno,3,0,3
Celentano,3,0,3
Celeska,0,3,3
Cêleste,0,3,3
Celesté,0,3,3
Celesten,3,3,6
Celestra,0,3,3
Celey,0,3,3
Célian,3,0,3
Celianne,0,3,3
Celiano,3,0,3
Celiené,0,3,3
Celientje,0,3,3
Celik,3,0,3
Celima,0,3,3
Celinè,0,3,3
Celinha,0,3,3
Celini,0,3,3
Celinka,0,3,3
Célis,3,3,6
Célisa,0,3,3
Celiz,0,3,3
Cellestina,0,3,3
Cellino,3,0,3
Cellou,3,0,3
Céloi,3,0,3
Celsi,0,3,3
Celsia,0,3,3
Celsus,3,3,6
Celuta,0,3,3
Cély,0,3,3
Célyn,0,3,3
Célynn,0,3,3
Celynna,0,3,3
Cemaine,0,3,3
Cemâl,3,0,3
Cemanur,0,3,3
Cemhan,3,0,3
Cemila,0,3,3
Cemke,0,3,3
Cemme,3,0,3
Cemsi,3,0,3
Cena,0,3,3
Cenan,3,0,3
Cenar,3,0,3
Cenderawasih,3,3,6
Cendrino,3,0,3
Cenevieve,0,3,3
Cenğizhan,3,0,3
Cenisa,0,3,3
Cenisha,0,3,3
Cenitha,0,3,3
Cennie,3,0,3
Censi,0,3,3
Centain,0,3,3
Cèntaine,0,3,3
Centeio,3,0,3
Centiena,0,3,3
Centyna,0,3,3
Cenzl,0,3,3
Ceo,3,0,3
Ceoma,3,0,3
Céomey,0,3,3
Ceon,3,0,3
Ceona,0,3,3
Ceorge,3,0,3
Cequinio,3,0,3
Ceradine,0,3,3
Cercis,3,0,3
Cerdy,3,0,3
Cerecio,3,0,3
Cerencio,3,0,3
Cerenda,0,3,3
Cerensio,3,0,3
Cerenzo,3,0,3
Cérès,0,3,3
Céres,3,3,6
Ceret,0,3,3
Cerez,3,3,6
Cergio,3,0,3
Cergo,3,3,6
Cèri,0,3,3
Ceri-Ann,0,3,3
Ceriaca,0,3,3
Ceriana,0,3,3
Ceríco,3,3,6
Cériel,3,0,3
Cerien,0,3,3
Cerijn,3,3,6
Cérile,3,0,3
Cerilyne,0,3,3
Cérina,0,3,3
Cerique,0,3,3
Cerley,3,0,3
Cerlos,3,0,3
Cero,3,0,3
Ceronne,0,3,3
Céryl,3,3,6
Céryla,0,3,3
Ceryle,3,3,6
Ceryna,0,3,3
Cesa,0,3,3
Césaire,3,0,3
Césàr,3,0,3
Cesarino,3,0,3
Cesim,3,0,3
Cesina,0,3,3
Ceslaus,3,0,3
Ceslauski,3,0,3
Cessedy,0,3,3
Cete,3,0,3
Cetrina,0,3,3
Cetrine,0,3,3
Cetus,3,0,3
Céu,0,3,3
Ceva,3,0,3
Cevinio,3,0,3
Ceyaro,3,0,3
Ceylano,3,0,3
Ceylena,0,3,3
Ceylina,0,3,3
Ceyline,0,3,3
Ceyna,0,3,3
Ceyon,3,0,3
Ceyran,3,3,6
Ceza,3,3,6
Cézanna,0,3,3
Cézar,3,0,3
Cezayir,3,0,3
Cezim,3,0,3
Ch'i,3,0,3
Chaadi,3,0,3
Chaand,3,3,6
Chaandini,0,3,3
Chabassinja,0,3,3
Chabel,0,3,3
Chábeli,0,3,3
Chabella,0,3,3
Chabelle,0,3,3
Chabi,3,0,3
Chabrina,0,3,3
Chacandra,0,3,3
Chacelle,0,3,3
Chacharel,0,3,3
Chacris,3,0,3
Chaday,0,3,3
Chadell,0,3,3
Chadey,0,3,3
Chadie,3,3,6
Chadin,3,3,6
Chadlia,0,3,3
Chaéden,3,0,3
Chaéli,0,3,3
Chaëll,3,3,6
Chaëly,0,3,3
Chaelyn,0,3,3
Chaélyn,0,3,3
Chaènne,0,3,3
Chaerity,0,3,3
Chaeyenne,0,3,3
Chaez,3,0,3
Chafi,3,0,3
Chafina,0,3,3
Chagai,3,0,3
Chagal,3,3,6
Chaggai,3,0,3
Chaggit,0,3,3
Chagit,0,3,3
Chahaya,3,3,6
Chaheed,3,0,3
Chahied,3,0,3
Chahien,3,0,3
Chahiera,0,3,3
Chahil,3,3,6
Chaidee,0,3,3
Chaideron,3,0,3
Chaija,0,3,3
Chaika,0,3,3
Chailes,3,0,3
Chailey,0,3,3
Chailinder,3,0,3
Chaimá,0,3,3
Chaîmae,0,3,3
Chaina,0,3,3
Chaïne,0,3,3
Chainey,3,3,6
Chainez,0,3,3
Chaing,0,3,3
Chaio,3,3,6
Chairan,0,3,3
Chairelee,0,3,3
Chairene,0,3,3
Chairil,3,0,3
Chairity,0,3,3
Chairmain,0,3,3
Chaïro,3,0,3
Chais,3,3,6
Chaise,3,3,6
Chaisey,0,3,3
Chaitanya,3,3,6
Chaitlyn,0,3,3
Chaitoe,3,3,6
Chaiyaphat,3,0,3
Chaiyen,3,3,6
Chaiyenna,0,3,3
Chajace,3,0,3
Chajah,0,3,3
Chajen,0,3,3
Chajif,3,0,3
Chaki,3,3,6
Chakiel,3,0,3
Chakoun,0,3,3
Chakyl,3,0,3
Chakyra,0,3,3
Chala,0,3,3
Chalaic,3,3,6
Chalaika,0,3,3
Chalaine,0,3,3
Chalance,3,3,6
Chalanta,0,3,3
Chalaw,0,3,3
Chaldiron,3,0,3
Chaleco,3,0,3
Chalencia,0,3,3
Chalène,0,3,3
Chales,3,0,3
Chaliefa,3,3,6
Chaliel,3,0,3
Chaliena,0,3,3
Chalimah,0,3,3
Chaliny,0,3,3
Chalitta,0,3,3
Chalky,3,0,3
Challenge,0,3,3
Challenger,3,0,3
Chalmers,3,0,3
Chalom,3,0,3
Chalton,3,0,3
Chaluna,0,3,3
Chalysia,0,3,3
Chamani,0,3,3
Chamayah,0,3,3
Chamayla,0,3,3
Chamberlain,3,0,3
Chamé,0,3,3
Chamée,0,3,3
Chamèl,3,3,6
Chamelia,0,3,3
Chamia,0,3,3
Chamier,3,0,3
Chamiera,3,3,6
Chamilia,0,3,3
Chamiljo,3,0,3
Chamillo,3,0,3
Chamiram,0,3,3
Chamis,3,0,3
Chamo,3,0,3
Chamor,3,0,3
Chamora,0,3,3
Chamoun,3,0,3
Champagne,0,3,3
Chamse,3,0,3
Chamuël,3,0,3
Chamwatie,0,3,3
Chamyl,3,3,6
Chan-Hin,3,0,3
Chanailey,0,3,3
Chanal,0,3,3
Chananel,3,3,6
Chanay,0,3,3
Chanayah,0,3,3
Chanayla,0,3,3
Chanayro,3,0,3
Chanaz,0,3,3
Chanbanditnun,3,3,6
Chanceley,3,0,3
Chancelle,3,3,6
Chancely,3,3,6
Chancey,3,3,6
Chanchai,3,0,3
Chancy,0,3,3
Chandany,0,3,3
Chandel,0,3,3
Chandeney,0,3,3
Chandenidevi,0,3,3
Chanderbaan,3,0,3
Chanderdew,3,0,3
Chanderkalie,0,3,3
Chanderkoemar,3,0,3
Chandhni,0,3,3
Chandia,0,3,3
Chandie,0,3,3
Chandika,0,3,3
Chandinidebie,0,3,3
Chandnidevi,0,3,3
Chandr,3,0,3
Chandrakala,0,3,3
Chandrakumar,3,0,3
Chandralyn,0,3,3
Chandrashekhar,3,0,3
Chandrawati,0,3,3
Chandrebhan,3,0,3
Chandrebhos,3,0,3
Chandrekant,3,0,3
Chandrekaran,3,0,3
Chandreshekar,3,0,3
Chandresingh,3,0,3
Chandrewati,0,3,3
Chandru,3,0,3
Chandvi,0,3,3
Chandy,0,3,3
Chandyra,0,3,3
Chaneau,3,0,3
Chanecia,0,3,3
Chaneegua,0,3,3
Chaneeqa,0,3,3
Chaneera,0,3,3
Chaneira,0,3,3
Chanéll,0,3,3
Chánell,0,3,3
Chanellety,0,3,3
Chanello,3,0,3
Chanellva,0,3,3
Chanelsy,0,3,3
Chanéqua,0,3,3
Chanesha,0,3,3
Chanesta,0,3,3
Chaneva,0,3,3
Chaneya,0,3,3
Change,3,0,3
Chango,3,0,3
Chanicia,0,3,3
Chaniëlle,0,3,3
Chanike,0,3,3
Chanisco,3,0,3
Chanish,0,3,3
Chann,3,0,3
Channaé,0,3,3
Channâh,0,3,3
Channaya,0,3,3
Channelfa,0,3,3
Channety,0,3,3
Channiel,0,3,3
Channiëll,0,3,3
Channiëlle,0,3,3
Channoux,0,3,3
Chanoek,0,3,3
Chanoeka,0,3,3
Chanoey,3,0,3
Chanomy,0,3,3
Chanook,0,3,3
Chanot,3,0,3
Chanselle,3,0,3
Chansey,3,3,6
Chansuay,0,3,3
Chansy,0,3,3
Chantain,0,3,3
Chantal-Anne,0,3,3
Chantala,0,3,3
Chantalia,0,3,3
Chantaline,0,3,3
Chantalius,3,0,3
Chantallina,0,3,3
Chantano,3,0,3
Chantany,0,3,3
Chanteé,0,3,3
Chantello,3,0,3
Chantély,0,3,3
Chantika,0,3,3
Chantley,3,0,3
Chantoesha,0,3,3
Chantre,3,0,3
Chantuscha,0,3,3
Chanyn,0,3,3
Chap,3,0,3
Chaplin,3,3,6
Chaqib,3,0,3
Chaquel,3,3,6
Chaquila,0,3,3
Chaquilla,0,3,3
Charae,0,3,3
Charafedinne,3,0,3
Charaida,0,3,3
Charaisa,0,3,3
Charaiya,0,3,3
Charaiyna,0,3,3
Charani,0,3,3
Charanjit,3,0,3
Charano,3,0,3
Charassa,0,3,3
Charaty,0,3,3
Charayda,0,3,3
Charazad,0,3,3
Chardayne,0,3,3
Chardel,3,3,6
Chardienne,0,3,3
Chardine,0,3,3
Chardion,3,0,3
Chare,3,3,6
Charef,3,0,3
Chárel,0,3,3
Chareley,0,3,3
Charelly,0,3,3
Charels,3,0,3
Charelva,0,3,3
Charéna,0,3,3
Charenda,0,3,3
Charenka,0,3,3
Charesa,0,3,3
Charesma,0,3,3
Charesse,0,3,3
Charetty,0,3,3
Charhaja,0,3,3
Chariëlle,0,3,3
Chariënne,0,3,3
Charies,3,3,6
Chariff,3,0,3
Charike,0,3,3
Charilla,0,3,3
Charilva,0,3,3
Charima,0,3,3
Charincha,3,0,3
Charinta,0,3,3
Charique,0,3,3
Charisch,0,3,3
Charisella,0,3,3
Charishma,0,3,3
Charisia,0,3,3
Charisja,0,3,3
Chariss,0,3,3
Charista,0,3,3
Charite,0,3,3
Chariton,3,3,6
Charitza,0,3,3
Chariza,0,3,3
Charize,0,3,3
Charlainey,0,3,3
Charlainy,0,3,3
Charlean,0,3,3
Charlée,0,3,3
Charleene,0,3,3
Charlei'ne,0,3,3
Charleine,0,3,3
Charléna,0,3,3
Charlenn,0,3,3
Charlénne,0,3,3
Charles-Louis,3,0,3
Charlessa,0,3,3
Charleston,3,0,3
Charletta,0,3,3
Charleyna,0,3,3
Charleyne,0,3,3
Charlie-Ann,0,3,3
Charlie-Mae,0,3,3
Charlieze,0,3,3
Charlomagne,3,0,3
Charlone,3,3,6
Charlonne,0,3,3
Charlotte-Rose,0,3,3
Charlyna,0,3,3
Charlyze,0,3,3
Charmana,0,3,3
Charmani,0,3,3
Charmant,3,0,3
Charmany,0,3,3
Charmayn,3,3,6
Charmée,0,3,3
Charmella,0,3,3
Charmena,0,3,3
Charméne,0,3,3
Charmianne,0,3,3
Charmiladebie,0,3,3
Charnchai,3,0,3
Charneal,3,0,3
Charó,3,0,3
Charoline,0,3,3
Charôn,0,3,3
Charonie,0,3,3
Charoula,0,3,3
Charraya,0,3,3
Charrisha,0,3,3
Charrisse,0,3,3
Charton,3,0,3
Charusse,0,3,3
Charvano,3,0,3
Charvella,0,3,3
Charyana,0,3,3
Charyda,0,3,3
Charys,0,3,3
Charyse,0,3,3
Chasabja,0,3,3
Chasca,0,3,3
Chass,3,0,3
Chasteny,0,3,3
Chastety,0,3,3
Chasy,3,3,6
Châtelaine,0,3,3
Chatharine,0,3,3
Chatila,0,3,3
Chato,3,0,3
Chatresh,3,0,3
Chatto,3,0,3
Chaty,0,3,3
Chaudhri,0,3,3
Chauhan,3,3,6
Chaunie,0,3,3
Chavainy,0,3,3
Chavanely,0,3,3
Chavanilla,0,3,3
Chavanity,0,3,3
Chavanno,3,0,3
Chavanté,3,0,3
Chavantely,0,3,3
Chavara,0,3,3
Chavaro,3,0,3
Chavay,0,3,3
Chavéah,0,3,3
Chavéli,0,3,3
Chavèli,0,3,3
Chavellah,0,3,3
Chavellano,3,0,3
Chaventely,0,3,3
Chaverny,0,3,3
Chaveyo,3,0,3
Chávez,3,0,3
Chavèz,3,0,3
Chavienna,0,3,3
Chavienne,0,3,3
Chaviër,3,0,3
Chavira,0,3,3
Chaviv,3,0,3
Chavone,0,3,3
Chavonia,0,3,3
Chavonne,0,3,3
Chavy,3,0,3
Chawan,3,3,6
Chawin,3,0,3
Chay-Lynn,0,3,3
Chaye,0,3,3
Chayel,0,3,3
Chayelie,0,3,3
Chayella,0,3,3
Chayén,0,3,3
Chayendro,3,0,3
Chayènna,0,3,3
Chaylana,0,3,3
Chaylen,3,0,3
Chaylena,0,3,3
Chayliënne,0,3,3
Chaylin,3,3,6
Chaylon,3,0,3
Chaylynn,0,3,3
Chayn,3,0,3
Chaynel,3,3,6
Chaynne,0,3,3
Chaynoa,0,3,3
Chaynoah,0,3,3
Chayrelle,0,3,3
Chayrene,0,3,3
Chayse,3,0,3
Chayson,3,0,3
Chayten,3,0,3
Chayyim,3,0,3
Chazmay,0,3,3
Chéa,0,3,3
Chean,3,0,3
Cheara,0,3,3
Chebeau,0,3,3
Chebraino,3,0,3
Ched,3,3,6
Chedella,0,3,3
Chédi,0,3,3
Chedie,3,3,6
Chedly,3,0,3
Chedric,3,0,3
Chee-Keung,3,0,3
Cheena,0,3,3
Chefan,3,3,6
Chefano,3,0,3
Chefay,0,3,3
Cheffij,3,0,3
Chefsiba,0,3,3
Cheimae,0,3,3
Cheiron,3,0,3
Chekeshia,0,3,3
Chekesia,0,3,3
Chekib,3,0,3
Chekila,0,3,3
Chékoma,3,0,3
Chéla,0,3,3
Chelayah,0,3,3
Chelbi,3,3,6
Cheleen,3,3,6
Cheleno,3,0,3
Chèlie,0,3,3
Chélina,0,3,3
Chelios,3,0,3
Chelischa,0,3,3
Chélise,0,3,3
Chelista,0,3,3
Cheliza,0,3,3
Chelize,0,3,3
Chellany,0,3,3
Chellene,0,3,3
Chelley,0,3,3
Chelli,0,3,3
Chelline,0,3,3
Chellise,0,3,3
Chellsea,0,3,3
Chellsy,0,3,3
Chelon,3,0,3
Chelsae,0,3,3
Chelsay,0,3,3
Chelseij,0,3,3
Chelson,3,0,3
Chelvin,3,0,3
Chelynn,0,3,3
Chelysha,0,3,3
Chem,3,0,3
Chema,3,3,6
Chemairo,3,0,3
Chemaro,3,0,3
Chemaya,0,3,3
Chemée,0,3,3
Chemel,3,3,6
Chemëne,0,3,3
Chemey,0,3,3
Chemiro,3,0,3
Chemsedin,3,0,3
Chên,3,3,6
Chéna,0,3,3
Chena,0,3,3
Chenae,0,3,3
Chenai,0,3,3
Chenaila,0,3,3
Chenaileys,0,3,3
Chenailly,0,3,3
Chenaisa,0,3,3
Chenaiya,0,3,3
Chenanjah,0,3,3
Chenault,0,3,3
Chenayka,0,3,3
Chendon,3,0,3
Chendrick,3,0,3
Chendrik,3,0,3
Chenea,0,3,3
Chênée,0,3,3
Chenelda,0,3,3
Chenevienne,0,3,3
Cheng-Yi,3,3,6
Chengxi,3,3,6
Chengyi,3,0,3
Chénice,0,3,3
Cheniel,3,0,3
Chenien,0,3,3
Chenifa,0,3,3
Chenilla,0,3,3
Chéniqua,0,3,3
Chenity,0,3,3
Chéniva,0,3,3
Chenive,0,3,3
Cheniyah,0,3,3
Chennai,0,3,3
Chenne-lys,0,3,3
Chennel,3,3,6
Chennety,0,3,3
Chenneviève,0,3,3
Chenney,3,3,6
Cheno,3,0,3
Chenomy,0,3,3
Chenta,0,3,3
Chentelly,0,3,3
Chentely,0,3,3
Chenxi,3,3,6
Chepchirchir,0,3,3
Chequille,3,0,3
Chequisha,0,3,3
Chér,3,3,6
Chéra,0,3,3
Cheraaz,3,0,3
Cherae,0,3,3
Cheraidy,0,3,3
Cheraimo,3,0,3
Cheraina,0,3,3
Cherainy,0,3,3
Cheraiya,0,3,3
Cheraldine,0,3,3
Cheraley,0,3,3
Cherali,3,3,6
Chéralie,0,3,3
Cheralin,0,3,3
Cheramise,0,3,3
Chéran,3,0,3
Cherandy,3,3,6
Cheranity,0,3,3
Cherardina,0,3,3
Cherayda,0,3,3
Cherayna,0,3,3
Cherayne,0,3,3
Cherdion,3,3,6
Chère,0,3,3
Chereau,3,3,6
Chereese,0,3,3
Cherél,0,3,3
Chereline,0,3,3
Cheremise,0,3,3
Cherenah,0,3,3
Cherencio,3,0,3
Cherenity,0,3,3
Cherenne,0,3,3
Chereno,3,0,3
Cherentel,3,0,3
Cherenty,0,3,3
Cherese,0,3,3
Cheresia,0,3,3
Cheressa,0,3,3
Cheretta,0,3,3
Chergel,3,0,3
Cherginio,3,0,3
Chèri,0,3,3
Cheriah,0,3,3
Cherie-Lee,0,3,3
Cherielle,0,3,3
Cheriena,0,3,3
Chériètte,0,3,3
Cherihane,0,3,3
Cheriley,3,3,6
Cherill,0,3,3
Cherilla,0,3,3
Chèrin,0,3,3
Chérina,0,3,3
Cherinah,0,3,3
Chèrine,0,3,3
Cherinio,3,0,3
Cherische,0,3,3
Chèrissa,0,3,3
Cherith,0,3,3
Cheriz,0,3,3
Cheriza,0,3,3
Cherjo,3,0,3
Cherk,3,0,3
Cherl,0,3,3
Cherlain,0,3,3
Cherleen,0,3,3
Cherlène,0,3,3
Cherlene,0,3,3
Chèrlene,0,3,3
Cherley,0,3,3
Cherlin,0,3,3
Cherlise,0,3,3
Cherliza,0,3,3
Chermaina,0,3,3
Chermâine,0,3,3
Cherman,3,0,3
Chermeline,0,3,3
Cherméne,0,3,3
Chermey,0,3,3
Cherna,0,3,3
Chernaily,0,3,3
Cherny,3,3,6
Chero,3,0,3
Cheroel,3,0,3
Cheroma,0,3,3
Cherome,3,0,3
Cheromie,0,3,3
Chèrona,0,3,3
Cherouke,0,3,3
Cherr,0,3,3
Cherrani,0,3,3
Cherrano,3,0,3
Cherree,0,3,3
Cherrele,0,3,3
Cherrelee,0,3,3
Cherrelynn,0,3,3
Cherreny,0,3,3
Cherrey,0,3,3
Cherrian,0,3,3
Cherril,0,3,3
Cherrill,0,3,3
Cherrilyn,0,3,3
Cherrish,0,3,3
Cherry-May,0,3,3
Cherrylene,0,3,3
Cherrylyn,0,3,3
Cherryn,0,3,3
Cherrys,0,3,3
Cherstin,0,3,3
Cherubin,3,3,6
Chervani,0,3,3
Chervenny,0,3,3
Chervienne,0,3,3
Chervino,3,0,3
Chervy,0,3,3
Cherwien,3,0,3
Cherylaine,0,3,3
Cheryldine,0,3,3
Cheryleen,0,3,3
Cherylinn,0,3,3
Cherylva,0,3,3
Cheryn,0,3,3
Cheryna,0,3,3
Cheryno,3,0,3
Cherysa,0,3,3
Chesanine,0,3,3
Chesarea,0,3,3
Chesed,3,0,3
Cheshta,0,3,3
Cheslaine,0,3,3
Chessa,0,3,3
Chessarina,0,3,3
Chessety,0,3,3
Chessey,0,3,3
Chessika,3,3,6
Chessney,3,0,3
Chesteftha,0,3,3
Chestiny,0,3,3
Cheten,3,0,3
Cheuk-Hee,3,0,3
Chevain,3,0,3
Chevainsley,0,3,3
Chevajo,3,0,3
Chéval,3,0,3
Cheval,3,3,6
Chevaly,0,3,3
Chévana,0,3,3
Chévany,0,3,3
Chévaro,3,0,3
Chevarro,3,0,3
Chévayo,3,0,3
Chevayra,0,3,3
Chevayro,3,0,3
Chevellia,0,3,3
Chevellie,0,3,3
Chevena,0,3,3
Chevenco,3,0,3
Chevenie,0,3,3
Chevenka,0,3,3
Chevenny,0,3,3
Chevernny,3,3,6
Chevéyo,3,0,3
Chevienna,0,3,3
Chevinho,3,0,3
Chevino,3,0,3
Cheviño,3,0,3
Chevis,3,0,3
Chevoné,0,3,3
Cheya,0,3,3
Cheyano,3,0,3
Chéyden,3,0,3
Cheyeanne,0,3,3
Cheyelle,0,3,3
Cheyèn,3,3,6
Cheyéne,0,3,3
Cheyla,0,3,3
Cheylin,0,3,3
Cheymae,0,3,3
Cheynah,0,3,3
Cheyne,3,0,3
Cheynoah,0,3,3
Cheyondre,3,0,3
Cheyreno,3,0,3
Chezana,0,3,3
Chezane,0,3,3
Chezz,3,3,6
Chi-An,3,0,3
Chi-Chin,0,3,3
Chi-Fung,3,0,3
Chi-Hien,3,0,3
Chi-Him,3,0,3
Chi-hin,3,0,3
Chi-Kei,0,3,3
Chi-Kin,3,0,3
Chi-Kwan,0,3,3
Chi-Kwong,3,0,3
Chi-Leung,3,0,3
Chi-Lok,3,0,3
Chi-Lung,3,0,3
Chi-Man,3,3,6
Chi-On,3,0,3
Chi-Wah,3,0,3
Chi-Wei,3,0,3
Chiagozie,3,3,6
Chiagoziem,3,0,3
Chianne,0,3,3
Chianty,3,3,6
Chiara-Romée,0,3,3
Chiare,0,3,3
Chiari,0,3,3
Chiarina,0,3,3
Chiarro,3,0,3
Chibundu,3,0,3
Chiclana,0,3,3
Chideon,3,0,3
Chideraa,3,3,6
Chiderah,3,3,6
Chidi-Ebere,3,0,3
Chidiebube,3,3,6
Chiedu,3,0,3
Chiedza,0,3,3
Chiejana,0,3,3
Chielberta,0,3,3
Chielian,3,0,3
Chielles,3,0,3
Chiemeka,3,0,3
Chieneke,0,3,3
Chiënne,0,3,3
Chiëno,3,0,3
Chientje,0,3,3
Chiësa,3,0,3
Chietradebie,0,3,3
Chiffony,0,3,3
Chifra,0,3,3
Chigaemezu,3,3,6
Chigozirim,3,0,3
Chiguita,0,3,3
Chii,0,3,3
Chikara,3,0,3
Chikezie,3,0,3
Chiki,3,3,6
Chil,3,3,6
Chilaili,0,3,3
Chileon,3,0,3
Chilian,3,0,3
Chiling,3,0,3
Chill,3,3,6
Chilla,0,3,3
Chillo,3,3,6
Chiloé,3,3,6
Chilou,0,3,3
Chilus,3,0,3
Chimaira,0,3,3
Chimairoh,3,3,6
Chiman,0,3,3
Chimaron,3,0,3
Chimaya,0,3,3
Chimdimma,0,3,3
Chimêne,0,3,3
Chimenem,0,3,3
Chimere,3,3,6
Chimi,3,3,6
Chimwemwe,0,3,3
Chinaelo,0,3,3
Chinaenye,0,3,3
Chinaida,0,3,3
Chinairo,3,0,3
Chinaza,3,0,3
Chindy,0,3,3
Chinenyenwa,0,3,3
Chinequa,0,3,3
Ching-Ching,0,3,3
Chinida,0,3,3
Chiniqua,0,3,3
Chinique,0,3,3
Chinitha,0,3,3
Chinnery,3,0,3
Chinny,0,3,3
Chinomso,3,0,3
Chinoso,3,0,3
Chinouq,0,3,3
Chinoux,0,3,3
Chintami,0,3,3
Chinto,3,0,3
Chinue,0,3,3
Chio,3,0,3
Chiodi,3,0,3
Chion,3,3,6
Chiovanna,0,3,3
Chiovanny,3,0,3
Chipango,3,3,6
Chipie,3,0,3
Chir,3,0,3
Chira,0,3,3
Chiraas,3,0,3
Chirak,3,3,6
Chirelle,0,3,3
Chirina,0,3,3
Chirinta,0,3,3
Chirlana,0,3,3
Chironne,0,3,3
Chisenga,3,3,6
Chiso,3,0,3
Chistiana,0,3,3
Chistianus,3,0,3
Chistina,0,3,3
Chitamba,3,0,3
Chitano,3,0,3
Chitradevi,0,3,3
Chitta,0,3,3
Chiung,3,0,3
Chivago,3,0,3
Chivainely,0,3,3
Chivainy,0,3,3
Chivaira,0,3,3
Chivana,0,3,3
Chivannie,3,3,6
Chivara,0,3,3
Chivas,3,0,3
Chivayno,3,0,3
Chivayra,0,3,3
Chivayro,3,0,3
Chivon,3,0,3
Chivu,3,0,3
Chiyai,0,3,3
Chiyana,0,3,3
Chiyenna,0,3,3
Chizea,3,0,3
Chiziterem,3,3,6
Chizki,3,0,3
Chizurum,3,0,3
Chlóë,0,3,3
Chloë-Noëlle,0,3,3
Chnin,3,3,6
Chocky,3,0,3
Choeng,3,3,6
Choënne,0,3,3
Choeung,3,0,3
Choiling,0,3,3
Chokole,0,3,3
Cholena,0,3,3
Cholin,0,3,3
Choly,0,3,3
Chomeyssa,0,3,3
Chonayda,0,3,3
Chongkol,0,3,3
Chontal,3,3,6
Chorina,0,3,3
Chouchou,3,3,6
Choudhary,3,3,6
Choudry,0,3,3
Choukrie,3,0,3
Choya,3,3,6
Chrestiaan,3,0,3
Chrètiën,3,0,3
Chrètien,3,3,6
Chretièn,3,0,3
Chrétiene,0,3,3
Chretiènne,3,3,6
Chrifa,0,3,3
Chrijsostemus,3,0,3
Chrioni,3,3,6
Chris-Jay,3,0,3
Chris-Stoffer,3,0,3
Chrisanne,0,3,3
Chrisanthi,0,3,3
Chrisanty,0,3,3
Chrisella,0,3,3
Chriselle,0,3,3
Chrisina,0,3,3
Chrisjaan,3,0,3
Chrisma,0,3,3
Chrismondo,3,0,3
Chrisostimus,3,0,3
Chrisostoma,0,3,3
Chrisostomo,3,0,3
Chrisostomus,3,0,3
Chrisovalantis,3,0,3
Chrisowalandou,0,3,3
Chrissa,0,3,3
Chrissey,0,3,3
Chrisson,3,0,3
Chrisstan,3,0,3
Chrisstelle,0,3,3
Chrisstiaan,3,0,3
Chrisstienna,0,3,3
Christa-Bella,0,3,3
Christabell,0,3,3
Christanz,3,0,3
Christefora,0,3,3
Christeina,0,3,3
Christelin,0,3,3
Christèlle,0,3,3
Christena,0,3,3
Christhiaan,3,0,3
Christhina,0,3,3
Christhoffel,3,0,3
Christi-anne,0,3,3
Christi-Janne,0,3,3
Christiaan-Alexander,3,0,3
Christiaan-Wouter,3,0,3
Christiaanes,3,0,3
Christiaani,3,3,6
Christiaano,3,0,3
Christiaanszn,3,0,3
Christiän,3,0,3
Christian-Alexander,3,0,3
Christianah,0,3,3
Christianos,3,3,6
Christians,3,0,3
Christianto,3,0,3
Christiènne,0,3,3
Christijna,0,3,3
Christina-Louise,0,3,3
Christinanus,3,0,3
Christines,3,0,3
Christinia,0,3,3
Christison,3,0,3
Christjaan,3,0,3
Christmas,3,3,6
Christodea,0,3,3
Christofano,3,0,3
Christofel,3,3,6
Christoffe,3,0,3
Christoffeline,0,3,3
Christoffine,0,3,3
Christofine,0,3,3
Christofolo,3,3,6
Christofores,3,0,3
Christolina,0,3,3
Christone,3,3,6
Christopher-John,3,0,3
Christopher-Robin,3,0,3
Christopherson,3,0,3
Christophiel,0,3,3
Christophila,0,3,3
Christophorina,0,3,3
Christpiar,3,0,3
Christvie,0,3,3
Christyan,3,0,3
Christyn,0,3,3
Christyne,0,3,3
Chrysante,0,3,3
Chrysanthi,0,3,3
Chryse,0,3,3
Chryso,3,3,6
Chrysogona,0,3,3
Chrystelle,0,3,3
Chrystina,0,3,3
Chrystl,0,3,3
Chrystophora,0,3,3
Chuachan,0,3,3
Chuckie,3,0,3
Chucky,3,0,3
Chudi,3,0,3
Chuk-Him,3,0,3
Chuk-Wing,0,3,3
Chuka,3,0,3
Chukri,3,0,3
Chukwudalu,3,0,3
Chukwunonye,3,0,3
Chukwuyem,3,0,3
Chulda,0,3,3
Chuma,3,0,3
Chumani,0,3,3
Chün,3,0,3
Chun-Ho,3,0,3
Chun-Koo,3,0,3
Chun-Mei,0,3,3
Chun-Wai,3,0,3
Chung-Him,3,0,3
Chunilall,3,0,3
Chunyin,3,0,3
Chuo,3,3,6
Churendy,3,0,3
Churi,3,0,3
Churley,0,3,3
Churlie,0,3,3
Churriek,3,0,3
Chutima,0,3,3
Chutiphon,3,3,6
Chy,0,3,3
Chyana,0,3,3
Chyane,0,3,3
Chyann,0,3,3
Chyaro,3,0,3
Chyler,3,3,6
Chyntes,3,0,3
Chyrano,3,0,3
Chyrel,0,3,3
Chyrell,0,3,3
Chyrelle,0,3,3
Chyriel,3,0,3
Chyril,3,0,3
Chytia,0,3,3
Ciandra,0,3,3
Ciane,0,3,3
Cíara,0,3,3
Ciära,0,3,3
Ciara-Lynn,0,3,3
Ciaràn,3,3,6
Ciáran,3,0,3
Ciaron,3,3,6
Cibele,0,3,3
Cicciolina,0,3,3
Ciccolina,0,3,3
Ciccone,0,3,3
Cicek,0,3,3
Cicelly,0,3,3
Cicera,0,3,3
Cicilianus,3,0,3
Cicille,0,3,3
Cicino,3,0,3
Cicirella,0,3,3
Cick,3,0,3
Cico,3,0,3
Cidalia,0,3,3
Cidaq,0,3,3
Cidney,3,3,6
Cidonie,0,3,3
Cie,3,3,6
Ciecilia,0,3,3
Ciëlla,0,3,3
Ciella,0,3,3
Ciëlle,0,3,3
Cielyen,0,3,3
Ciena,0,3,3
Ciénna,0,3,3
Ciëntha,0,3,3
Ciera,0,3,3
Cierce,0,3,3
Cierick,3,0,3
Cierra,0,3,3
Cieske,3,3,6
Cieta,0,3,3
Cifra,3,3,6
Cifranie,0,3,3
Cıhan,3,0,3
Cihangül,0,3,3
Cijrile,3,3,6
Cika,0,3,3
Cilaine,0,3,3
Cilano,3,0,3
Cilem,0,3,3
Cilène,0,3,3
Cili,0,3,3
Cilien,0,3,3
Cilja,0,3,3
Cilliano,3,0,3
Cillie,0,3,3
Cilma,3,3,6
Cilva,0,3,3
Cilvano,3,0,3
Cimarron,3,0,3
Cimen,3,3,6
Cimmaron,3,0,3
Cimo,3,0,3
Cimona,0,3,3
Cinci,0,3,3
Cindell,0,3,3
Cindy-Jean,0,3,3
Cinerius,3,0,3
Cinette,3,3,6
Ciney,0,3,3
Cinia,0,3,3
Cinna,3,3,6
Cinny,0,3,3
Cint,3,0,3
Cintamani,0,3,3
Cintami,0,3,3
Cinth,3,0,3
Cinthius,3,0,3
Cinzo,3,0,3
Ciola,0,3,3
Ciondra,0,3,3
Cionne,0,3,3
Ciovanni,3,0,3
Cipriaan,3,0,3
Cir,3,0,3
Cirach,3,0,3
Cirdan,3,0,3
Cirella,0,3,3
Cirelle,0,3,3
Cirion,3,0,3
Cirona,0,3,3
Ciryll,3,3,6
Ciryon,3,0,3
Cisa,0,3,3
Cisana,0,3,3
Ciskia,0,3,3
Cissely,0,3,3
Cissi,0,3,3
Cito,3,0,3
Cittert,3,0,3
Civilis,3,0,3
Cîwan,3,0,3
Ciwana,0,3,3
Ciya,3,3,6
Ciza,0,3,3
CJA,3,3,6
CJE,0,3,3
Clady,0,3,3
Claere,0,3,3
Claerence,3,0,3
Claesz,3,0,3
Claire-Anne,0,3,3
Claire-Mary,0,3,3
Claiton,3,0,3
Clance,3,0,3
Clarance,3,3,6
Claranne,0,3,3
Clarasina,0,3,3
Clarenca,0,3,3
Clarencina,0,3,3
Clarencio,3,0,3
Clarentina,0,3,3
Claressa,0,3,3
Claridad,3,0,3
Clariëlle,0,3,3
Clariene,0,3,3
Clarika,0,3,3
Clarimond,3,0,3
Clarinca,0,3,3
Clarisca,0,3,3
Clarisha,0,3,3
Claritha,0,3,3
Clarize,0,3,3
Clärle,0,3,3
Clarrisa,0,3,3
Clarrissa,0,3,3
Claryse,0,3,3
Clasca,0,3,3
Clasienus,3,0,3
Clasijntje,0,3,3
Clasque,0,3,3
Class,0,3,3
Classen,3,0,3
Claude-Pascal,3,0,3
Claudel,0,3,3
Claudetta,0,3,3
Claudiano,3,0,3
Claudianus,3,0,3
Claudyo,3,0,3
Claver,3,0,3
Clavera,0,3,3
Clayendro,3,0,3
Claymond,3,0,3
Clayon,3,0,3
Clayson,3,0,3
Clayten,3,0,3
Claython,3,0,3
Cleana,0,3,3
Cleandra,0,3,3
Cleandro,3,0,3
Clearance,3,0,3
Cleasina,0,3,3
Clee,3,0,3
Cleef,3,0,3
Cleffken,3,0,3
Cleijs,3,3,6
Cleman,3,0,3
Clémance,0,3,3
Clemancia,0,3,3
Clemantine,0,3,3
Clemens-Maria,3,0,3
Clementianus,3,0,3
Clemenza,3,3,6
Clemijn,0,3,3
Cleminus,3,0,3
Clemis,3,0,3
Clemmie,0,3,3
Clemontine,0,3,3
Clencora,0,3,3
Clendy,3,0,3
Clennan,3,0,3
Clenson,3,0,3
Clenton,3,0,3
Cleodine,0,3,3
Cleofa,3,3,6
Cleomar,3,3,6
Cléon,3,0,3
Cleön,3,0,3
Cléonice,0,3,3
Cleophea,0,3,3
Clermontine,0,3,3
Cles,3,0,3
Clesina,0,3,3
Cletica,0,3,3
Cletis,3,3,6
Cleton,3,0,3
Cleusa,0,3,3
Cleuza,0,3,3
Cleve,3,3,6
Cleverson,3,0,3
Clevon,3,0,3
Cleyten,3,0,3
Cleyton,3,0,3
Clhoé,0,3,3
Clhoë,0,3,3
Clifairo,3,0,3
Cliffaina,0,3,3
Cliffard,3,0,3
Cliffencio,3,0,3
Cliffensley,3,0,3
Clifften,3,0,3
Climie,3,3,6
Climke,3,3,6
Clin,3,0,3
Clodine,0,3,3
Cloëy,0,3,3
Clothildes,0,3,3
Clothildus,3,0,3
Cloudie,3,3,6
Cloudina,0,3,3
Clous,3,0,3
Cloy,3,3,6
Clyde-Junior,3,0,3
Clyfton,3,0,3
Clyman,3,0,3
Clymene,0,3,3
Clynnis,3,0,3
Clysia,0,3,3
CMH,0,3,3
CMJ,3,3,6
CML,3,3,6
CMM,3,0,3
CMT,0,3,3
Coan,3,3,6
Coanthonie,3,0,3
Cochran,3,0,3
Cockey,3,3,6
Cocki,0,3,3
Coco-Chloé,0,3,3
Cocqie,3,0,3
Codine,0,3,3
Codona,3,3,6
Coelho,0,3,3
Coendertje,0,3,3
Coeni,3,3,6
Coenra,0,3,3
Coenraad-Jan,3,0,3
Coenraada,0,3,3
Coenraadina,0,3,3
Coenrarders,3,0,3
Coerina,0,3,3
Coerse,3,0,3
Coffie,3,3,6
Cogoy,3,3,6
Cohan,3,0,3
Coimbra,3,3,6
Colana,0,3,3
Colbie,0,3,3
Colé,0,3,3
Colea,3,0,3
Coléta,0,3,3
Coleti,0,3,3
Colino,3,0,3
Colita,0,3,3
Collectus,3,0,3
Collem,3,0,3
Colletha,3,3,6
Colli,0,3,3
Collin-James,3,0,3
Colman,3,0,3
Colten,3,0,3
Columbana,0,3,3
Columbanus,3,3,6
Colynda,0,3,3
Combe,3,3,6
Comlan,3,0,3
Commerine,0,3,3
Commerines,3,0,3
Commey,3,0,3
Compregt,3,0,3
Conary,3,0,3
Concarda,0,3,3
Concención,0,3,3
Conception,0,3,3
Conchata,0,3,3
Concheeta,0,3,3
Condé,3,0,3
Condionda,0,3,3
Conelis,3,0,3
Coneria,0,3,3
Confessor,3,0,3
Conisius,3,0,3
Conlan,3,0,3
Connelia,0,3,3
Connely,3,3,6
Cono,3,0,3
Conquita,0,3,3
Conraard,3,0,3
Conradi,3,0,3
Conradie,3,0,3
Conraed,3,0,3
Conratha,3,3,6
Conschita,0,3,3
Consiglia,0,3,3
Consolacion,0,3,3
Consolada,0,3,3
Consolatine,0,3,3
Consolation,0,3,3
Consolatrice,0,3,3
Constandinos,3,0,3
Constandse,0,3,3
Constansius,3,0,3
Constansz,0,3,3
Constanţa,0,3,3
Constantini,3,0,3
Constantse,0,3,3
Constanzia,0,3,3
Constanzo,3,0,3
Constatin,3,0,3
Constintino,3,0,3
Consumata,0,3,3
Contardo,3,0,3
Conte,3,3,6
Conxita,0,3,3
Coocky,3,3,6
Cool,3,0,3
Coossen,3,0,3
Coostanca,0,3,3
Copius,3,0,3
Cora-Lee,0,3,3
Coralda,0,3,3
Coralde,0,3,3
Coralieke,0,3,3
Coralin,0,3,3
Corana,0,3,3
Corano,3,0,3
Corantijn,3,0,3
Corby,3,0,3
Corbyn,3,0,3
Cordero,3,0,3
Cordes,0,3,3
Cordest,3,0,3
Cordiaan,3,0,3
Cordiena,0,3,3
Cordillia,0,3,3
Cordino,3,0,3
Cordulia,3,3,6
Corea,3,3,6
Corelli,0,3,3
Corelly,0,3,3
Corenda,0,3,3
Corenne,0,3,3
Corenza,0,3,3
Coretha,0,3,3
Coriander,3,0,3
Coriane,0,3,3
Corie,0,3,3
Coriëlla,0,3,3
Coriëlle,0,3,3
Corienke,0,3,3
Coriënne,0,3,3
Corientje,0,3,3
Coriet,0,3,3
Coriëtte,0,3,3
Corijan,3,3,6
Corijanne,0,3,3
Corim,3,3,6
Corima,0,3,3
Corineke,0,3,3
Corines,3,0,3
Corini,0,3,3
Corinis,3,0,3
Corinja,0,3,3
Corinka,0,3,3
Corinn,0,3,3
Corinthius,3,0,3
Corinya,0,3,3
Coriolanus,3,0,3
Corithe,0,3,3
Corjenne,0,3,3
Corjona,0,3,3
Cork,3,0,3
Corleander,3,0,3
Corleentje,0,3,3
Corliena,0,3,3
Corlieske,0,3,3
Corlise,0,3,3
Corliss,3,3,6
Corliz,0,3,3
Corlize,0,3,3
Corlyne,0,3,3
Corlynn,0,3,3
Cormack,3,0,3
Cormé,3,3,6
Cormelis,3,0,3
Cormina,0,3,3
Corna,0,3,3
Cornalijne,0,3,3
Cornay,3,0,3
Cornéé,3,0,3
Cornelí,0,3,3
Cornelia-Anna,0,3,3
Cornelia-Maria,0,3,3
Corneliana,0,3,3
Cornelida,0,3,3
Corneliek,0,3,3
Cornelinde,0,3,3
Cornéline,0,3,3
Cornélio,3,0,3
Cornelique,0,3,3
Cornélique,0,3,3
Cornelis-Pieter,3,0,3
Cornelisina,0,3,3
Cornelisjan,3,0,3
Cornelisjen,0,3,3
Corneliz,3,0,3
Cornelleke,0,3,3
Cornelley,0,3,3
Cornellij,0,3,3
Cornelline,0,3,3
Cornellio,3,0,3
Cornellius,3,0,3
Cornello,3,0,3
Cornelyn,0,3,3
Cornia,3,3,6
Corniche,3,0,3
Cornieke,0,3,3
Corniëlle,0,3,3
Corniera,0,3,3
Corniertje,0,3,3
Cornilia,0,3,3
Cornique,0,3,3
Cornis,3,0,3
Coroline,0,3,3
Corolos,3,0,3
Corolus,3,0,3
Corraya,0,3,3
Correa,3,3,6
Corrella,0,3,3
Corrette,0,3,3
Corriejanne,0,3,3
Corrienna,0,3,3
Corrijn,3,3,6
Corrinde,0,3,3
Corrinella,0,3,3
Corriny,0,3,3
Corrolina,0,3,3
Corryanna,0,3,3
Corryanne,0,3,3
Corse,3,0,3
Corsica,0,3,3
Corsino,3,0,3
Corsmas,3,0,3
Corsthiaan,3,0,3
Corstianne,0,3,3
Cortana,0,3,3
Cortés,3,3,6
Cortiaan,3,0,3
Cortley,3,0,3
Corton,3,0,3
Corwijn,3,0,3
Corwina,0,3,3
Coryan,3,0,3
Corynn,0,3,3
Corynne,0,3,3
Coryta,0,3,3
Cosby,3,0,3
Coska,0,3,3
Cosman,3,0,3
Cossette,0,3,3
Costantie,0,3,3
Costanzo,3,3,6
Costianus,3,0,3
Coudray,3,0,3
Cougar,3,0,3
Coulette,0,3,3
Course,3,0,3
Coursine,3,0,3
Courthney,3,3,6
Covadonga,0,3,3
Cowin,3,0,3
Cowyn,3,0,3
Coya,0,3,3
Coyan,3,3,6
Coyle,3,0,3
Cozina,3,3,6
Cozja,0,3,3
CPE,0,3,3
Cradock,3,3,6
Crandall,3,0,3
Cratjella,0,3,3
Crawford,3,0,3
Creason,0,3,3
Crecensio,3,0,3
Creijn,3,0,3
Créon,3,0,3
Crescendo,3,0,3
Crescenta,0,3,3
Cressyda,0,3,3
Crestina,0,3,3
Cretiënne,0,3,3
Crétiënne,0,3,3
Crevan,3,0,3
Cribian,3,0,3
Crichton,3,3,6
Cries,3,0,3
Crimhilde,0,3,3
Crimson,3,0,3
Crisanto,3,0,3
Criscina,0,3,3
Crisela,0,3,3
Criselta,0,3,3
Crishna,3,3,6
Crisologo,3,0,3
Crispen,3,0,3
Crispiano,3,0,3
Crispianus,3,0,3
Crispine,0,3,3
Crispiniana,0,3,3
Crispulo,3,0,3
Crispy,3,0,3
Crisstiena,0,3,3
Crisstienna,0,3,3
Cristalina,0,3,3
Cristall,0,3,3
Cristeny,0,3,3
Cristepher,3,0,3
Cristhina,0,3,3
Cristiani,3,3,6
Cristientje,0,3,3
Cristijan,3,0,3
Cristinus,3,0,3
Cristle,0,3,3
Cristoferson,3,0,3
Cristoff,3,0,3
Cristofora,0,3,3
Cristos,3,0,3
Critania,0,3,3
Critiën,3,0,3
Crixus,3,0,3
Croccifixio,3,0,3
Croël,3,0,3
Crolus,3,0,3
Cros,3,0,3
Cross,3,0,3
Cruickshank,3,3,6
Crusita,0,3,3
Cruzito,3,0,3
Cruzz,3,0,3
Cryn,3,0,3
Crystabel,0,3,3
Crystalia,0,3,3
Crystelle,0,3,3
Cuan,3,0,3
Cuán,3,0,3
Cub,3,0,3
Cubano,3,0,3
Cuchulain,3,0,3
Cuenavera,0,3,3
Cuernus,0,3,3
Cuijnera,0,3,3
Cuinéra,0,3,3
Cullan,3,0,3
Cunagondus,3,0,3
Cunéra,3,3,6
Cuneris,3,0,3
Cüney,3,0,3
Cunigonde,0,3,3
Cunny,0,3,3
Cunogonda,0,3,3
Cupertina,0,3,3
Curado,3,0,3
Curby,3,3,6
Curi,3,3,6
Curien,0,3,3
Curijn,3,0,3
Currier,3,0,3
Curtey,3,0,3
Curthly,3,0,3
Curtius,3,0,3
Curtus,3,0,3
Cussijna,0,3,3
Custodia,0,3,3
Custódio,3,0,3
Cuthbertus,3,0,3
Cuup,3,0,3
Cvetka,0,3,3
Cwan,3,0,3
Cya,0,3,3
Cyaan,3,0,3
Cyam,3,0,3
Cyantha,0,3,3
Cyaran,3,3,6
Cyaro,3,0,3
Cybella,0,3,3
Cybil,0,3,3
Cybill,3,3,6
Cycilia,0,3,3
Cydjé,0,3,3
Cye,3,0,3
Cyena,0,3,3
Cyenta,0,3,3
Cygnea,0,3,3
Cygnus,3,3,6
Cyl,0,3,3
Cylano,3,0,3
Cyliana,0,3,3
Cyliane,0,3,3
Cyliano,3,0,3
Cyll,0,3,3
Cyloe,0,3,3
Cylonia,0,3,3
Cylvana,0,3,3
Cymairo,3,0,3
Cymani,3,3,6
Cymbeline,0,3,3
Cymphonique,0,3,3
Cynan,3,0,3
Cyndel,0,3,3
Cynthia-Maria,0,3,3
Cynthiawatie,0,3,3
Cyp,3,0,3
Cypriano,3,3,6
Cypriën,3,0,3
Cyprus,3,3,6
Cyran,3,0,3
Cyreetha,0,3,3
Cyreille,0,3,3
Cyrelus,3,0,3
Cyri,0,3,3
Cyriela,0,3,3
Cyriell,3,0,3
Cyrielus,3,0,3
Cyrilia,0,3,3
Cyrilius,3,0,3
Cyrino,3,0,3
Cyrona,0,3,3
Cyska,0,3,3
Cyvan,3,0,3
Czarina,0,3,3
Czes,3,0,3
Czeska,0,3,3
Czestaw,3,0,3
Czesława,0,3,3
Czezari,3,0,3
Czilla,0,3,3
C'alanii,3,0,3
C'Angelo,3,0,3
C'Cesirhe,3,0,3
C'dayli,0,3,3
C'den,3,0,3
C'Diënne,0,3,3
C'Dyonne,3,0,3
C'eany,0,3,3
C'janey,0,3,3
C'Janey,0,3,3
C'Jay,3,0,3
C'jaydion,3,0,3
C'Jeanaly,0,3,3
C'Jeaney,0,3,3
C'jiör,3,0,3
C'jordian,3,0,3
C'laina,0,3,3
C'Lisha,0,3,3
C'Mairah,0,3,3
C'Myrhon,3,0,3
C'naivelly,0,3,3
C'Naya,0,3,3
C'seliah,0,3,3
C'Shainny,0,3,3
C'Tano,3,0,3
C'vayron,3,0,3
C'Viënelley,0,3,3
C'yanne,0,3,3
C'yara,0,3,3
C'yeahna-Lee,0,3,3
C'yerlee-Deliyah,0,3,3
C'zar,3,0,3
C-ann,0,3,3
C-cayden,3,0,3
C-J,3,0,3
C-Jayno,3,0,3
C-Noa,0,3,3
C-tienne,0,3,3
C-Xaendry,0,3,3
C-Ygyian,3,0,3
C.A.,0,3,3
C.M.E.,0,3,3
Ca-Ching,3,0,3
Ca-Kim,3,0,3
Ca-Ly,3,0,3
Ca-Ming,3,0,3
Ca-Ying,0,3,3
Caalan,3,0,3
Caaleb,3,0,3
Caaliya,0,3,3
Caaltu,0,3,3
Caamel,3,0,3
Caanan,0,3,3
Caara,0,3,3
Caarel,3,0,3
Caarten,3,0,3
Caartje,0,3,3
Caasho,0,3,3
Cabaas,3,0,3
Cabadaro,3,0,3
Cabah,0,3,3
Cabalhin,3,0,3
Caballero,3,0,3
Caban,3,0,3
Cabarles,0,3,3
Cabbral,3,0,3
Cabdalah,3,0,3
Cabdikaafi,3,0,3
Cabdiqani,3,0,3
Cabdirahmaan,3,0,3
Cabdirasaaq,3,0,3
Cabdiraxman,3,0,3
Cabdirixmaan,3,0,3
Cabdisamad,3,0,3
Cabdulaahi,3,0,3
Cabdulkadir,3,0,3
Cabdulqadir,3,0,3
Caben,3,0,3
Cabiará,0,3,3
Cabie,3,0,3
Cabien,0,3,3
Cabio,3,0,3
Cabiria,0,3,3
Cabiro,3,0,3
Cabiy,0,3,3
Cabodbod,0,3,3
Cabonse,0,3,3
Cabor,3,0,3
Cabot,3,0,3
Cabow,0,3,3
Cabrahil,3,0,3
Cabri,0,3,3
Cabriela,0,3,3
Cabriella,0,3,3
Cabriélla,0,3,3
Cabrielle,0,3,3
Cabyenso,3,0,3
CAC,0,3,3
Cacano,3,0,3
Cácarez,3,0,3
Cacenza,0,3,3
Cach,3,0,3
Cachantie,0,3,3
Cachanty,0,3,3
Cachareau,3,0,3
Cacharel-Isaura,0,3,3
Cacharela,0,3,3
Cacharelle,0,3,3
Cachèle,0,3,3
Cachell,0,3,3
Cacherel,0,3,3
Cacherine,0,3,3
Cachi,3,0,3
Cachimir,3,0,3
Cachira,0,3,3
Cachita,0,3,3
Cachyadi,3,0,3
Caciano,3,0,3
Cäcil,3,0,3
CACM,3,0,3
Caçula,0,3,3
Cacy,0,3,3
Cada,3,0,3
Cadance,0,3,3
Cadary,3,0,3
Cadbury,3,0,3
Caddick,3,0,3
Caddur,0,3,3
Caddybajo,0,3,3
Cadee,0,3,3
Cadell,3,0,3
Cadenca,0,3,3
Cadencia,0,3,3
Cadenza,0,3,3
Cadèr,3,0,3
Cadercis,3,0,3
Caderia,0,3,3
Cadet,3,0,3
Cadete,3,0,3
Cadhla,0,3,3
Cadie,0,3,3
Cadijna,0,3,3
Cadileen,0,3,3
Cadira,0,3,3
Cadís,0,3,3
Cadischa,0,3,3
Cadische,0,3,3
Cadishja,0,3,3
Cadjel,0,3,3
Cadmar,3,0,3
Cadmon,3,0,3
Cadnan,3,0,3
Cadney,3,0,3
Cadulia,0,3,3
Cády,0,3,3
Cadya,0,3,3
CAE,0,3,3
Cae'Lynn,0,3,3
Caé-lyn,0,3,3
Cae-Lyn,0,3,3
Cae-lynn,0,3,3
Cae-nisha,0,3,3
Caeben,3,0,3
Caecerina,0,3,3
Caecila,0,3,3
Cäecilia,0,3,3
Caecilië,0,3,3
Caecilie,0,3,3
Caècilie,0,3,3
Caecilio,3,0,3
Cäecilius,3,0,3
Caecilla,0,3,3
Caecus,3,0,3
Caed,3,0,3
Caèdan,3,0,3
Caedan,3,0,3
Caedjion,3,0,3
Caëla,0,3,3
Cáelán,3,0,3
Caelestes,0,3,3
Caelestina,0,3,3
Caelestius,3,0,3
Caeli-Jae,0,3,3
Caeli-Jo,0,3,3
Caelic,3,0,3
Caeline,0,3,3
Cáelinn,0,3,3
Caelivieve,0,3,3
Caelivv,0,3,3
Caëll,3,0,3
Caellach,3,0,3
Caellan,3,0,3
Caelley,0,3,3
Caello,3,0,3
Caelly,0,3,3
Caelon,3,0,3
Caelton,3,0,3
Caely,0,3,3
Caelyn-Ann,0,3,3
Caelynne,0,3,3
Caembe,0,3,3
Caenaeo,3,0,3
Caera,0,3,3
Caeran,3,0,3
Caerl,3,0,3
Caerulea,0,3,3
Caerys,0,3,3
Caesa,0,3,3
Caesanne,0,3,3
Caesár,3,0,3
Caésar,3,0,3
Caesara,0,3,3
Caesaré,3,0,3
Caesarien,0,3,3
Caesarinus,3,0,3
Caesario,3,0,3
Caesia,0,3,3
Caeslent,0,3,3
Caessar,3,0,3
Caëssarea,0,3,3
Caetana,0,3,3
Caetanya,3,0,3
Caethy,0,3,3
Caetlen,0,3,3
Caevis,3,0,3
Caewen,3,0,3
Caeyano,3,0,3
Caeyara,0,3,3
Caeyden,3,0,3
Caeylin,0,3,3
Caezar,3,0,3
Cafaro,3,0,3
Cafasso,3,0,3
Câfer,3,0,3
Cafercan,3,0,3
Caferhan,3,0,3
Caffer,3,0,3
Cafiye,0,3,3
Cağ,3,0,3
CAG,0,3,3
Cagan,3,0,3
Cağatay,3,0,3
Cagdas,3,0,3
Cağdas,3,0,3
Cagday,3,0,3
Cage,0,3,3
Caǵla,0,3,3
Caĝlar,3,0,3
Cağlar,3,0,3
Cağlayan,3,0,3
Cagliyayan,3,0,3
Caĝri,3,0,3
Cağrı,3,0,3
Cagrican,3,0,3
Cahal,3,0,3
Cahan,0,3,3
Cahelle,0,3,3
Cahemiah,3,0,3
Cahida,0,3,3
Cahil,3,0,3
Cahja,0,3,3
Cahjo,3,0,3
Cahlem,3,0,3
Cahlin,0,3,3
Cahlyn,0,3,3
Cahn,3,0,3
Cahnette,0,3,3
Cahra,0,3,3
Cahri,0,3,3
Cahterine,0,3,3
Cahyaningrum,0,3,3
Cahyyam,3,0,3
Cài,3,0,3
Căi,0,3,3
Cai-Weiyu,0,3,3
Caiban,3,0,3
Caicedo,3,0,3
Caïda,0,3,3
Caidan,3,0,3
Caïden,3,0,3
Caidi,3,0,3
Caiely,0,3,3
Caietana,0,3,3
Caihla,0,3,3
Caihlin,0,3,3
Caihly,0,3,3
Caila,0,3,3
Cailan-Bart,3,0,3
Cailano,3,0,3
Cailas,0,3,3
Cailash,3,0,3
Cailean-Skye,3,0,3
Caileb,3,0,3
Cailee,0,3,3
Cailey-Ann,0,3,3
Cailey-Jade,0,3,3
Cailey-Jazz,0,3,3
Cailín,0,3,3
Cailìn,0,3,3
Cailindersing,3,0,3
Cailine,0,3,3
Cailla,0,3,3
Caillean,0,3,3
Cailley,0,3,3
Caillinn,0,3,3
Caïllio,3,0,3
Cailly,0,3,3
Cailsy,0,3,3
Cailyn-Raya,0,3,3
Caina,0,3,3
Cainan,3,0,3
Caine-Braham,3,0,3
Caïne-Rowan,3,0,3
Caingemar,3,0,3
Caïnho,3,0,3
Caïnn,3,0,3
Cainsley,3,0,3
Cainwell,3,0,3
Caiolin,0,3,3
Caiomhe,0,3,3
Cairah,0,3,3
Cairán,3,0,3
Cairny,0,3,3
Cairoli,3,0,3
Cairolina,0,3,3
Cairon,0,3,3
Caïs,0,3,3
Caïsa,0,3,3
Caïsha,0,3,3
Caishlin,0,3,3
Caissey,0,3,3
Cait-Lyn,0,3,3
Cait-lynn,0,3,3
Cait-Lynn,0,3,3
Caitanyatirtha,3,0,3
Caite,0,3,3
Caitelynn,0,3,3
Caitelynne,0,3,3
Caithlijnn,0,3,3
Caithlin-ann,0,3,3
Caithlym,0,3,3
Caithlyn-Chyenne,0,3,3
Caithlyndevi,0,3,3
Caithlyne,0,3,3
Caithlynne,0,3,3
Caithness,0,3,3
Caithy-Valéry,0,3,3
Caitilín,0,3,3
Cáitín,0,3,3
Caitlain,0,3,3
Caitlhyn,0,3,3
Caítlìn,0,3,3
Caitlin-Alexandra,0,3,3
Caitlin-Alicia,0,3,3
Caitlin-Alousia,0,3,3
Caitlín-Cheyenne,0,3,3
Caitlin-Chiara,0,3,3
Caitlin-Emilée,0,3,3
Caitlin-Mackenzie,0,3,3
Caitlyn-Faith,0,3,3
Caitlyne,0,3,3
Caïtlynn,0,3,3
Caitlynne,0,3,3
Caito,3,0,3
Caitria,0,3,3
Caitrín,0,3,3
Caitrína,0,3,3
Caitriona,0,3,3
Caitt,3,0,3
Caity-June,0,3,3
Caitylin,0,3,3
Caïus,3,0,3
Caiuss,3,0,3
Caivanow,3,0,3
Caivaughn,3,0,3
Caixi,0,3,3
Caixia,0,3,3
Caiy,3,0,3
Caiyden,3,0,3
Caiyenne,0,3,3
Caiyge,0,3,3
Caiyla,0,3,3
Caiylah,0,3,3
Caiyon,3,0,3
Caiyun,0,3,3
CAJ,0,3,3
Cája,0,3,3
Caja-Robby,0,3,3
Cajan,3,0,3
Cajann,3,0,3
Cajatani,0,3,3
Cajatanie,0,3,3
Cajatanus,3,0,3
Cajeda,0,3,3
Cajendra,0,3,3
Cajentano,3,0,3
Cajeta,0,3,3
Cajetan,3,0,3
Cajétana,0,3,3
Cajetania,0,3,3
Cajetanie,0,3,3
Cajhen,3,0,3
Caji,0,3,3
Cajola,3,0,3
Cajoma,3,0,3
Cajomi,0,3,3
Caju,3,0,3
Cajune,0,3,3
Cajuta,0,3,3
Cakin,3,0,3
Cakra,3,0,3
Cal-el,3,0,3
Calabro,0,3,3
Calacitius,3,0,3
Caladä,0,3,3
Caladrin,0,3,3
Calah,0,3,3
Calai,3,0,3
Cálai,0,3,3
Calaire,0,3,3
Calamitty,0,3,3
Calandra,0,3,3
Calandre,0,3,3
Calandria,0,3,3
Calant,3,0,3
Calara,0,3,3
Calaria,0,3,3
Calasanctia,0,3,3
Calasansz,3,0,3
Calasanza,0,3,3
Calay,3,0,3
Calayla,0,3,3
Calayna,0,3,3
Calazina,0,3,3
Calbo,3,0,3
Calden,0,3,3
Calderina,0,3,3
Calderon,3,0,3
Caldon,3,0,3
Caldric,3,0,3
Caldrich,3,0,3
Cale,3,0,3
Calean,3,0,3
Caléb,3,0,3
Caleb-Joshua,3,0,3
Caleb-Liam,3,0,3
Calèche,3,0,3
Caled,3,0,3
Calee,0,3,3
Calegero,3,0,3
Calein,0,3,3
Calemus,3,0,3
Calent,3,0,3
Calep,3,0,3
Caleska,0,3,3
Calestina,0,3,3
Calexis,3,0,3
Caley-Jean,0,3,3
Caley-May,0,3,3
Caleya,0,3,3
Caleydiah,0,3,3
Caleyn,3,0,3
Calgi,0,3,3
Calgren,0,3,3
Calhino,3,0,3
Calhista,0,3,3
Cali-Irie,0,3,3
Calia,0,3,3
Caliah,0,3,3
Caliana,0,3,3
Caliandra,0,3,3
Calido,3,0,3
Calidris,0,3,3
Caliel,3,0,3
Caliena,0,3,3
Caliente,0,3,3
Calijntje,0,3,3
Calila,0,3,3
Calilou,3,0,3
Calimereo,3,0,3
Calimerio,3,0,3
Câlin,0,3,3
Călin,3,0,3
Calinde,0,3,3
Calinjo,3,0,3
Calioppie,0,3,3
Calipe,3,0,3
Calise,0,3,3
Calishia,0,3,3
Calisia,0,3,3
Calisio,3,0,3
Calisity,0,3,3
Calisja,0,3,3
Calissia,0,3,3
Calistair,3,0,3
Calitho,3,0,3
Calitri,3,0,3
Calitta,3,0,3
Calitus,3,0,3
Calixsha,0,3,3
Calixtalyna,0,3,3
Calize,0,3,3
Caljenie,0,3,3
Calkerica,0,3,3
Call,3,0,3
Callahan,3,0,3
Callai,3,0,3
Callaigh,0,3,3
Callam,3,0,3
Callán,3,0,3
Callan-Fárrell,3,0,3
Callandro,0,3,3
Callane,0,3,3
Callanin,0,3,3
Callany,0,3,3
Calleken,0,3,3
Callem,3,0,3
Callemijn,0,3,3
Callergio,3,0,3
Calliana,0,3,3
Callice,0,3,3
Callido,3,0,3
Callinda,0,3,3
Callinde,0,3,3
Callino,3,0,3
Calliopa,0,3,3
Calliopy,0,3,3
Callis,0,3,3
Callisca,0,3,3
Callisha,0,3,3
Callist,3,0,3
Callistha,0,3,3
Callistinus,3,0,3
Callistra,0,3,3
Callisty,0,3,3
Callixsta,0,3,3
Callixte,3,0,3
Callixtina,0,3,3
Callucci,3,0,3
Callumn,3,0,3
Cally-Lou,0,3,3
Callyen,0,3,3
Callyma,0,3,3
Callys,3,0,3
Calmaro,3,0,3
Calmaz,3,0,3
Calmera,3,0,3
Calmez,3,0,3
Calmon,3,0,3
Caloe,0,3,3
Calogira,0,3,3
Caloque,3,0,3
Calorina,0,3,3
Calpurnia,0,3,3
Calsio,3,0,3
Caltha,0,3,3
Calthan,3,0,3
Calu,3,0,3
Caluke,0,3,3
Calumo,3,0,3
Calunda,3,0,3
Calvaire,3,0,3
Calvanio,3,0,3
Calvellero,3,0,3
Calven,3,0,3
Calvin-Cain,3,0,3
Calvin-Ray,3,0,3
Calvin-Rowan,3,0,3
Calvin-Wenhao,3,0,3
Calvine,0,3,3
Calvinio,3,0,3
Calvino,3,0,3
Calvry,3,0,3
Caly,0,3,3
Calycia,0,3,3
Calyn,0,3,3
Calyna,0,3,3
Calynn,0,3,3
Calys,0,3,3
Calysha,0,3,3
Calysto,3,0,3
Calyx,0,3,3
Calyxte,3,0,3
Cam-Linh,0,3,3
Cam-Van,0,3,3
Camacha,0,3,3
Camacho,3,0,3
Camáe,0,3,3
Camaël,3,0,3
Camaran,3,0,3
Camargue,3,0,3
Camaro-Aevian,3,0,3
Camaru,3,0,3
Camasha,0,3,3
Camathias,3,0,3
Camaya,0,3,3
Cambane,3,0,3
Cambaud,3,0,3
Cambel,3,0,3
Cambita,0,3,3
Cambly,0,3,3
Cambrey,3,0,3
Cambria,0,3,3
Cambrya,0,3,3
Camdon-Lee,3,0,3
Camè,0,3,3
Camea,0,3,3
Cameca,0,3,3
Cameé,0,3,3
Cameli,0,3,3
Camelil,3,0,3
Camelio,3,0,3
Camelito,3,0,3
Camelity,0,3,3
Camelly,0,3,3
Camelo,3,0,3
Camelot-Rozetti,0,3,3
Camely,0,3,3
Camélya,0,3,3
Camemi,0,3,3
Caméo,3,0,3
Camêr,3,0,3
Camereno,3,0,3
Camerin,0,3,3
Camerly,0,3,3
Cameroen,0,3,3
Cameron-Graham,3,0,3
Cameron-May,0,3,3
Camerone,0,3,3
Camhyra,0,3,3
Cami-Li,0,3,3
Camicka,0,3,3
Camië,0,3,3
Camieke,0,3,3
Camiel-Alexander,3,0,3
Camiel-Patrieck,3,0,3
Camiel-William,3,0,3
Camiele,0,3,3
Camieleke,3,0,3
Camiell,3,0,3
Camiëlle,0,3,3
Camielo,3,0,3
Camielus,3,0,3
Camietje,0,3,3
Camijn,0,3,3
Camilè,0,3,3
Camilita,0,3,3
Camill-Lothar,3,0,3
Camilla-Maria,0,3,3
Camilla-Sofia,0,3,3
Camille-Aimée,0,3,3
Camille-Didier,3,0,3
Camille-Maj,0,3,3
Camillos,3,0,3
Camily,0,3,3
Camilya,0,3,3
Camilyah,0,3,3
Camine,0,3,3
Caminito,3,0,3
Caminthe,0,3,3
Camique,0,3,3
Camiran,3,0,3
Camisa,0,3,3
Camla,0,3,3
Camlin,3,0,3
Camlion,3,0,3
Camm,0,3,3
Cammelie,0,3,3
Cammi,0,3,3
Cammiela,0,3,3
Cammile,0,3,3
Cammillus,3,0,3
Cammilo,3,0,3
Cammon,3,0,3
Camnden,0,3,3
Camo,3,0,3
Camor,3,0,3
Campana,3,0,3
Campara,0,3,3
Campegia,0,3,3
Campegius,3,0,3
Campsina,0,3,3
Campton,3,0,3
Camran,3,0,3
Camren,3,0,3
Camrhon,3,0,3
Camrin,0,3,3
Camryn,3,0,3
Camsikha,0,3,3
Camstra,3,0,3
Camus,3,0,3
Camyle,0,3,3
Camylla,0,3,3
Camylo,3,0,3
Can-Alexander,3,0,3
Can-Bilal,3,0,3
Can-Kahn,3,0,3
Can-Lucca,3,0,3
Can-Ömer,3,0,3
Can-Osman,3,0,3
Can-Paul,3,0,3
Can-Riza,3,0,3
Can-Robin,3,0,3
Can-Talip,3,0,3
Caña,0,3,3
Canadea,0,3,3
Canagasabai,3,0,3
Canahmed,3,0,3
Canaima,3,0,3
Canaïma,0,3,3
Canalp,3,0,3
Canalpay,3,0,3
Cânan,3,0,3
Cânân,0,3,3
Canang,3,0,3
Canani,3,0,3
Canar,3,0,3
Canbey,3,0,3
Canbolat,3,0,3
Canburak,3,0,3
Cancela,0,3,3
Canci,0,3,3
Cançi,0,3,3
Candais,0,3,3
Candake,0,3,3
Candaldi,3,0,3
Candaline,0,3,3
Candance,0,3,3
Candar,3,0,3
Candare,0,3,3
Candea,0,3,3
Candeasye,0,3,3
Candeğer,3,0,3
Candel,3,0,3
Candelas,0,3,3
Candelice,0,3,3
Candell,0,3,3
Candello,3,0,3
Candelyne,0,3,3
Candeniz,3,0,3
Candes,0,3,3
Candey,0,3,3
Candice-Cécile,0,3,3
Cándida,0,3,3
Candidon,3,0,3
Candiène,0,3,3
Candinda,0,3,3
Cãndinho,3,0,3
Candion,3,0,3
Candisa,0,3,3
Canditha,0,3,3
Canditta,0,3,3
Candiyuliza,0,3,3
Candl,0,3,3
Candler,3,0,3
Cando,3,0,3
Candrakirana,0,3,3
Candratini,0,3,3
Candrawatie,0,3,3
Candreva,3,0,3
Candric,3,0,3
Candrick,3,0,3
Candy-Roos,0,3,3
Candycia,0,3,3
Candyda,0,3,3
Candyllene,0,3,3
Candytia,0,3,3
Cáne,3,0,3
Cané,0,3,3
Canedra,0,3,3
Caneesha,0,3,3
Canekin,3,0,3
Caner-Efe,3,0,3
Canerdem,3,0,3
Caneren,3,0,3
Canes,3,0,3
Caneser,0,3,3
Caney,0,3,3
Caneyda,0,3,3
Caneyya,0,3,3
Canfer,3,0,3
Canfeza,3,0,3
Canfide,0,3,3
Canfield,3,0,3
Canfurkan,3,0,3
Cangira,0,3,3
Cangul,0,3,3
Canh,3,0,3
Cania,0,3,3
Caniago,3,0,3
Canicha,0,3,3
Canicius,3,0,3
Canick,0,3,3
Canigia,3,0,3
Canike,0,3,3
Caniko,0,3,3
Canilo,3,0,3
Canim,0,3,3
Canina,0,3,3
Canip,3,0,3
Canisaro,3,0,3
Canısı,0,3,3
Canisiënne,0,3,3
Canitia,0,3,3
Canitsja,0,3,3
Caniya,0,3,3
Canja,0,3,3
Canjéro,3,0,3
Cankâân,3,0,3
Cankurt,3,0,3
Cankut,3,0,3
Canlee,0,3,3
Cannan,0,3,3
Cannell,0,3,3
Cannen,3,0,3
Cannessa,3,0,3
Canni,3,0,3
Canning,3,0,3
Canno,3,0,3
Cannuha,0,3,3
Canny,3,0,3
Canoa,3,0,3
Canoha,3,0,3
Canorhan,3,0,3
Canova,0,3,3
Canöz,0,3,3
Canpaşa,0,3,3
Canrick,3,0,3
Cansar,3,0,3
Cansay,3,0,3
Canşel,0,3,3
Cansel-Cansu,0,3,3
Canseny,0,3,3
Cansey,0,3,3
Cansone,0,3,3
Cansoy,3,0,3
Canstantia,0,3,3
Cansü,0,3,3
Cansuhan,0,3,3
Cansunur,0,3,3
Cansuur,0,3,3
Canta,0,3,3
Cantalicia,0,3,3
Cantalle,3,0,3
Cantana,0,3,3
Cantate,0,3,3
Cantay,3,0,3
Cantekin,3,0,3
Cantina,0,3,3
Cantino,3,0,3
Cantoska,0,3,3
Cantug,3,0,3
Canturk,0,3,3
Cantürk,3,0,3
Canty,0,3,3
Canutes,3,0,3
Canven,3,0,3
Canycia,0,3,3
Canyel,0,3,3
Canyi,3,0,3
Canym,3,0,3
Canysha,0,3,3
Cao-Luc,3,0,3
Cao-Thien,3,0,3
Caoife,0,3,3
Caoileann,0,3,3
Caoilfhionn,0,3,3
Caoilim,3,0,3
Caoimghim,3,0,3
Caoímhe,0,3,3
Caoimhghin,3,0,3
Caoiymhe,0,3,3
Caojosheng,3,0,3
Caomy,0,3,3
Caonex,3,0,3
Caos,3,0,3
Caoutar,0,3,3
Cape,3,0,3
Capel,3,0,3
Capestrana,0,3,3
Capia,3,0,3
Capinta,0,3,3
Capleton,3,0,3
Capo,3,0,3
Capp,3,0,3
Capperdina,0,3,3
Cappi,3,0,3
Cappie,3,0,3
Capra,0,3,3
Capranga,0,3,3
Caprera,3,0,3
Capriano,3,0,3
Capriccia,0,3,3
Capriccio,3,0,3
Caprino,3,0,3
Caprise,0,3,3
Caprivi,0,3,3
Captal,3,0,3
Capu,3,0,3
Capulet,0,3,3
Caquenda,3,0,3
Car-Lynne,0,3,3
Cara-Leigh,0,3,3
Cara-Maria,0,3,3
Cara-May,0,3,3
Cara-Theresia,0,3,3
Caraal,0,3,3
Caraboo,0,3,3
Caracol,3,0,3
Caraingely,0,3,3
Caraïzah,0,3,3
Caral,3,0,3
Caralee,0,3,3
Caralein,0,3,3
Caraline,0,3,3
Caralynn,0,3,3
Carama,0,3,3
Carambeau,3,0,3
Carameja,0,3,3
Caramel,0,3,3
Caramella,0,3,3
Carance,0,3,3
Carande,0,3,3
Caranna,0,3,3
Caranza,0,3,3
Carar,3,0,3
Carasko,3,0,3
Carat,3,0,3
Carato,3,0,3
Caravàro,3,0,3
Caravas,0,3,3
Caravella,0,3,3
Carawan,3,0,3
Carawine,3,0,3
Carbel,3,0,3
Carbia,3,0,3
Carboki,0,3,3
Carbrich,3,0,3
Carcen,3,0,3
Carchangelo,3,0,3
Carchano,3,0,3
Carchello,3,0,3
Carcia-Remon,3,0,3
Carciano,3,0,3
Carda,0,3,3
Cardaats,3,0,3
Cardamine,0,3,3
Cardea,0,3,3
Cardeira,0,3,3
Cardelita,0,3,3
Cardia,0,3,3
Cardie,0,3,3
Cardien,0,3,3
Cardil,3,0,3
Cardile,3,0,3
Cardillya,0,3,3
Cardinal,3,0,3
Cardinale,0,3,3
Cardinho,3,0,3
Cardiona,0,3,3
Cardisa,0,3,3
Cardischa,0,3,3
Cardisha,0,3,3
Cardius,3,0,3
Cardon,3,0,3
Cardoville,0,3,3
Cärdy,0,3,3
Cardyl,0,3,3
Cardyn,0,3,3
Care,0,3,3
Careah,0,3,3
Careal,0,3,3
Carean,0,3,3
Caréanne,0,3,3
Caréas,3,0,3
Careca,3,0,3
Caréche,0,3,3
Careena,0,3,3
Careenina,0,3,3
Careine,0,3,3
Carel-Christiaan,3,0,3
Carel-Coenraad,3,0,3
Carel-Jacob,3,0,3
Carel-Peter,3,0,3
Carel-Pieter,3,0,3
Carel-Sebastiaan,3,0,3
Carela,0,3,3
Carelda,0,3,3
Careldiena,0,3,3
Carelena,0,3,3
Careles,0,3,3
Careli,0,3,3
Carelie,0,3,3
Careliena,0,3,3
Careliene,0,3,3
Carelies,0,3,3
Carellien,0,3,3
Carelyn,0,3,3
Caremco,3,0,3
Caremilly,0,3,3
Carèn,0,3,3
Caren-An,0,3,3
Caren-Ann,0,3,3
Caren-Claire,0,3,3
Caréna,0,3,3
Carenca,0,3,3
Carence,0,3,3
Careniena,0,3,3
Carenna,0,3,3
Carênse,0,3,3
Careolene,0,3,3
Carerra,0,3,3
Carès,0,3,3
Caresca,0,3,3
Caresla,0,3,3
Caresma,0,3,3
Caressidy,0,3,3
Careth,3,0,3
Caretta,0,3,3
Carewan,3,0,3
Carewine,3,0,3
Carey-Louise,0,3,3
Carez,0,3,3
Carfield,3,0,3
Carfin,3,0,3
Carfita,0,3,3
Carhàn,3,0,3
Carharina,0,3,3
Carhen,0,3,3
Cariad,0,3,3
Cárian,3,0,3
Cariantany,0,3,3
Carib,3,0,3
Cariba,0,3,3
Caribe,0,3,3
Caridi,3,0,3
Carido,3,0,3
Carie,0,3,3
Carief,3,0,3
Carieka,0,3,3
Carieke,0,3,3
Cariël,3,0,3
Cariela,0,3,3
Cariëlla,0,3,3
Carièlle,0,3,3
Carielle,0,3,3
Cariëlle,0,3,3
Carielo,3,0,3
Cariema,0,3,3
Carien-Eleanor,0,3,3
Cariënsy,0,3,3
Carienus,3,0,3
Carigen,3,0,3
Carij,0,3,3
Carijnie,0,3,3
Carik,3,0,3
Carika,0,3,3
Carike,0,3,3
Caril,3,0,3
Carileena,0,3,3
Carilia,0,3,3
Cariline,0,3,3
Cariljo,3,0,3
Carillio,3,0,3
Carillo,3,0,3
Carilo,3,0,3
Carilto,3,0,3
Carimay,0,3,3
Carime,3,0,3
Cárina,0,3,3
Carina-Jane,0,3,3
Carina-Murièl,0,3,3
Carina-Sophie,0,3,3
Carinae,0,3,3
Carinah,0,3,3
Carinan,0,3,3
Carincentia,0,3,3
Carincha,3,0,3
Carinde,0,3,3
Carine-Carsa,0,3,3
Carines,0,3,3
Caring,3,0,3
Carinha,0,3,3
Carinio,3,0,3
Carinius,3,0,3
Carinn-An,0,3,3
Carinta,0,3,3
Carinte,0,3,3
Carinthe,0,3,3
Carintio,3,0,3
Cariöla,0,3,3
Carion,3,0,3
Carios,3,0,3
Carís,0,3,3
Carìs,0,3,3
Carishëly,0,3,3
Carisja,0,3,3
Caristi,3,0,3
Carit,0,3,3
Caritana,0,3,3
Carius,3,0,3
Carivina,0,3,3
Carize,0,3,3
Carizza,0,3,3
Carjan,3,0,3
Carjanne,0,3,3
Carjanty,0,3,3
Cärl,3,0,3
Carl-Albert,3,0,3
Carl-Bert,3,0,3
Carl-Douglas,3,0,3
Carl-Erik,3,0,3
Carl-Johan,3,0,3
Carl-Julian,3,0,3
Carl-Leonard,3,0,3
Carl-Ludwig,3,0,3
Carl-Paul,0,3,3
Carl-Philip,3,0,3
Carl-Ralph,3,0,3
Carl-Sijbrand,3,0,3
Carl-Ton,3,0,3
Carla-Crista,0,3,3
Carla-Marij,0,3,3
Carla-Shae,0,3,3
Carlaida,0,3,3
Carlain,3,0,3
Carlaizah,0,3,3
Carlaliena,0,3,3
Carlalisa,0,3,3
Carland,3,0,3
Carlanke,0,3,3
Carlanne,0,3,3
Carlansio,3,0,3
Carlasari,0,3,3
Carlasiena,0,3,3
Carlaszoon,3,0,3
Carlawatie,0,3,3
Carlayne,0,3,3
Carlbart,3,0,3
Carlé,0,3,3
Carlee,0,3,3
Carlefus,3,0,3
Carleï,0,3,3
Carleigh,0,3,3
Carlèn,3,0,3
Carléna,0,3,3
Carlenzia,0,3,3
Carlessa,0,3,3
Carlesse,0,3,3
Carlesta,0,3,3
Carlestinus,3,0,3
Carlesto,3,0,3
Carlett,0,3,3
Carletto,3,0,3
Carlfon,3,0,3
Carlhai,0,3,3
Carlhein,0,3,3
Carli-Monique,0,3,3
Carliah,0,3,3
Carlianno,3,0,3
Carlicha,0,3,3
Carlida,0,3,3
Carliëndra,0,3,3
Carlîenjò,3,0,3
Carlier,0,3,3
Carliese,0,3,3
Carliesha,0,3,3
Carliet,3,0,3
Carlij,0,3,3
Carlija,0,3,3
Carlijn-Denise,0,3,3
Carlijn-Valerie,0,3,3
Carlijna,0,3,3
Carlijne-Léone,0,3,3
Carlila,0,3,3
Carlilaiska,0,3,3
Carlindo,3,0,3
Carlington,3,0,3
Carlinhos,3,0,3
Carlinio,3,0,3
Carlinke,0,3,3
Carlinn,0,3,3
Carlinna,0,3,3
Carlinno,3,0,3
Carlinõ,3,0,3
Carliño,3,0,3
Carlione,3,0,3
Carlique,0,3,3
Carlischa,0,3,3
Carlison,3,0,3
Carlistadonata,0,3,3
Carlitta,0,3,3
Carlitto,3,0,3
Carlitu,3,0,3
Carlitza,0,3,3
Carlixta,0,3,3
Carlize,0,3,3
Carlizia,0,3,3
Carlizz,0,3,3
Carlleen,0,3,3
Carllito,3,0,3
Carlloyd,3,0,3
Carllyle,3,0,3
Carlmichael,3,0,3
Carlnora,0,3,3
Carlo-Emille,3,0,3
Carlo-John,3,0,3
Carlo-Lorenzo,3,0,3
Carlo-Louis,3,0,3
CarloEmanuel,3,0,3
Carloff,3,0,3
Carloman,3,0,3
Carlomar,3,0,3
Carlonina,0,3,3
Carlonne,0,3,3
Carlós,3,0,3
Carlos-Jóse,3,0,3
Carlos-José,3,0,3
Carlosbarromeo,3,0,3
Carlotica,0,3,3
Carlotto,3,0,3
Carlou,0,3,3
Carlouise,0,3,3
Carlova,0,3,3
Carlovic,3,0,3
Carlsly,3,0,3
Carlston,3,0,3
Carlthans,3,0,3
Carlton-Louis,3,0,3
Carluccio,3,0,3
Carlwin,3,0,3
Carly-Anne,0,3,3
Carly-Felicity,0,3,3
Carly-Petra,0,3,3
Carlyanu,3,0,3
Carlycia,0,3,3
Carlyco,3,0,3
Carlye,0,3,3
Carlymara,0,3,3
Carlyno,3,0,3
Carlysa,0,3,3
Carlyse,0,3,3
Carlysha,0,3,3
Carlyssa,0,3,3
Carm,3,0,3
Carmady,0,3,3
Carmae,0,3,3
Carmael,3,0,3
Carmaindrick,3,0,3
Carmal,0,3,3
Carmaltsky,3,0,3
Carmana,0,3,3
Carmanelly,0,3,3
Carmano,3,0,3
Carmar,0,3,3
Carmari,0,3,3
Carmaritha,0,3,3
Carmeen,0,3,3
Carmeh,0,3,3
Carmeintje,0,3,3
Carmeleen,0,3,3
Carméliane,0,3,3
Carmelien,0,3,3
Carmelieta,0,3,3
Carmelietha,0,3,3
Carmeligia,0,3,3
Carmelin,0,3,3
Carmélina,0,3,3
Carmelinda,0,3,3
Carmelis,0,3,3
Carmelisa,0,3,3
Carmelissa,0,3,3
Carmelíta,0,3,3
Carmeliya,0,3,3
Carmellys,0,3,3
Carmelow,3,0,3
Carmelya,0,3,3
Carmelyanti,0,3,3
Carmen-Alejandrina,0,3,3
Carmen-Amé,0,3,3
Carmen-Claudia,0,3,3
Carmen-Elise,0,3,3
Carmen-Elize,0,3,3
Carmen-Enza,0,3,3
Carmen-Ghia,0,3,3
Carmen-Louisa,0,3,3
Carmen-Maria,0,3,3
Carmen-Priscilla,0,3,3
Carmen-Sanne,0,3,3
Carmen-Shalisa,0,3,3
Carmen-Sita,0,3,3
Carmen-Sylvia,0,3,3
Carmen-Victoria,0,3,3
Carmenchitta,0,3,3
Carmençita,0,3,3
Carmencitta,0,3,3
Carmendarti,0,3,3
Carmène,0,3,3
Carmene,0,3,3
Carmenga,0,3,3
Carmenia,0,3,3
Carmenica,0,3,3
Carmenita,0,3,3
Carmenlitta,0,3,3
Carmennélia,0,3,3
Carmensieta,0,3,3
Carmensitta,0,3,3
Carment,3,0,3
Carmenzita,0,3,3
Carmenzitha,0,3,3
Carmerissa,0,3,3
Carmeshela,0,3,3
Carmesi,0,3,3
Carmeta,0,3,3
Carmí,3,0,3
Carmié,0,3,3
Carmiël,3,0,3
Carmiëlla,0,3,3
Carmigchelt,3,0,3
Carmij,0,3,3
Carmilea,0,3,3
Carmilo,3,0,3
Carmína,0,3,3
Carmincita,0,3,3
Carminho,0,3,3
Carmino,3,0,3
Carminte,0,3,3
Carmira,0,3,3
Carmyla,0,3,3
Carné,3,0,3
Carneagyanitha,0,3,3
Carnelia,0,3,3
Carnelly,0,3,3
Carnesto,3,0,3
Carneta,0,3,3
Carnetta,0,3,3
Carni,0,3,3
Carnice,0,3,3
Carnie,0,3,3
Carnisha,0,3,3
Carnôt,3,0,3
Caro-Julian,3,0,3
Caró-Luna,0,3,3
Caroda,0,3,3
Caroel,3,0,3
Caroela,0,3,3
Caroelin,0,3,3
Caroesha,0,3,3
Caroij,3,0,3
Carôl,3,0,3
Cárol,0,3,3
Carol-Rose,0,3,3
Carolà,0,3,3
Càrola,0,3,3
Caróla,0,3,3
Carolann,0,3,3
Carolee,0,3,3
Caroleijne,0,3,3
Caroleina,0,3,3
Carolene,0,3,3
Carolene-Sophie,0,3,3
Caroleni,0,3,3
Caroletta,0,3,3
Carolette,0,3,3
Caroleyne,0,3,3
Carolhina,0,3,3
Carolianus,3,0,3
Carólie,0,3,3
Carolien-Yvon,0,3,3
Carolies,0,3,3
Carolijn-Elisa,0,3,3
Carolijna,0,3,3
Caroliña,0,3,3
Carolina-Alexandra,0,3,3
Carolina-marjolijn,0,3,3
Carolinah,0,3,3
CarolinaTheodora,0,3,3
Caroline-Jeanne,0,3,3
Caroline-Rose,0,3,3
Caroline-Suzanne,0,3,3
Carolinie,0,3,3
Carolinis,3,0,3
Carolinn,0,3,3
Carolinna,0,3,3
Caroliny,0,3,3
Caroliona,0,3,3
Carolique,0,3,3
Carolith,3,0,3
Câroll,0,3,3
Carolldiangello,3,0,3
Carolliena,0,3,3
Carollis,3,0,3
Carollus,3,0,3
Carollxandior,3,0,3
Carolly,0,3,3
Carollynn,0,3,3
Carolotte,0,3,3
Carolton,3,0,3
Caromae,0,3,3
Caromarlijn,0,3,3
Caromi,0,3,3
Caromijn,0,3,3
Caromina,0,3,3
Caromona,0,3,3
Carone,0,3,3
Caronetta,0,3,3
Caroney,0,3,3
Caroni,3,0,3
Caroní,0,3,3
Caronia,0,3,3
Carony,0,3,3
Carooltje,0,3,3
Caroos,0,3,3
Caros,3,0,3
Carovienne,0,3,3
Carpatica,0,3,3
Carpenter,3,0,3
Carpentier,3,0,3
Carpi,3,0,3
Carpiena,0,3,3
Carpinus,3,0,3
Carpo,0,3,3
Carradin,3,0,3
Carrar,3,0,3
Carrée,0,3,3
Carree,3,0,3
Carrelliena,0,3,3
Carren,0,3,3
Carréra,0,3,3
Carrero,0,3,3
Carrès,0,3,3
Carresia,0,3,3
Carressé,0,3,3
Carret,3,0,3
Carrey,3,0,3
Carri,0,3,3
Carrian,0,3,3
Carriemae,0,3,3
Carriëne,0,3,3
Carriet,0,3,3
Carrigan,3,0,3
Carrillo,3,0,3
Carrin,0,3,3
Carrinea,0,3,3
Carringthon,3,0,3
Carrington,3,0,3
Carrinton,3,0,3
Carrinus,3,0,3
Carrisia,0,3,3
Carrisima,0,3,3
Carrita,0,3,3
Carrnell,3,0,3
Cärrolain,0,3,3
Carroliena,0,3,3
Carrolies,3,0,3
Carron,3,0,3
Carroon,3,0,3
Càrry,0,3,3
Carry-Cai,3,0,3
Carry-Lien,0,3,3
Carry-Vivian,0,3,3
Carryanne,0,3,3
Carryke,0,3,3
Carryo,3,0,3
Carsan,3,0,3
Carscha,0,3,3
Carscy,0,3,3
Carseian,3,0,3
Carshyn,3,0,3
Carsia,0,3,3
Carsian,3,0,3
Carsin,0,3,3
Carsine,0,3,3
Carsino,0,3,3
Carsisius,3,0,3
Carsjall,0,3,3
Carsper,3,0,3
Carssander,3,0,3
Carsta,0,3,3
Carsten-Jan,3,0,3
Carstiaan,3,0,3
Carstianne,0,3,3
Carstine,0,3,3
Carsto,3,0,3
Carsynn,3,0,3
Cartagena,3,0,3
Cartanya,0,3,3
Cartënne,0,3,3
Cartharina,0,3,3
Carthresia,0,3,3
Carti,0,3,3
Cartia,0,3,3
Cartica,0,3,3
Cartie,3,0,3
Cartiér,0,3,3
Cartiman,3,0,3
Cartio,3,0,3
Cartis,3,0,3
Cartiusia,0,3,3
Cartlen,0,3,3
Cartola,3,0,3
Cartona,0,3,3
Cartouch,3,0,3
Cartuche,3,0,3
Carty,3,0,3
Carudja,0,3,3
Caruhna,0,3,3
Carul,3,0,3
Carullah,3,0,3
Carulso,3,0,3
Carunya,3,0,3
Carvalio,3,0,3
Carvalynio,3,0,3
Carve,3,0,3
Carvelinio,3,0,3
Carvey,3,0,3
Cary-Ann,0,3,3
Caryan,0,3,3
Carydhaad,0,3,3
Caryle,0,3,3
Carylina,0,3,3
Carylon,3,0,3
Carym,3,0,3
Caryn,0,3,3
Caryne,0,3,3
Carys-Christine,0,3,3
Carysia,0,3,3
Caryssa,0,3,3
Caryva,0,3,3
Caryvo,3,0,3
Cas'sandra,0,3,3
Cas-Arnoldus,3,0,3
Casado,0,3,3
Casady,0,3,3
Casama,3,0,3
Casamira,0,3,3
Casandro,3,0,3
Casanne,0,3,3
Casano,3,0,3
Cäsar,3,0,3
Casawadi,3,0,3
Casber,3,0,3
Casbert,3,0,3
Cascadia,0,3,3
Cascarino,3,0,3
Cascate,0,3,3
Caschanca,0,3,3
Caschelle,0,3,3
Caschira,0,3,3
Cáscorino,3,0,3
Cascy,0,3,3
Cascyanne,0,3,3
Case-Ciano,3,0,3
Casédarijem,0,3,3
Casedy,0,3,3
Casegrande,3,0,3
Caselda,0,3,3
Caseleigh,0,3,3
Casello,3,0,3
Casemier,3,0,3
Casemire,0,3,3
Casemirius,3,0,3
Cäserin,0,3,3
Casério,3,0,3
Casey-Catriel,0,3,3
Casey-Chase,3,0,3
Casey-Monroe,0,3,3
Casey-Rae,0,3,3
Cashaiirell,0,3,3
Cashaira,0,3,3
Cashara,0,3,3
Casharella,0,3,3
Cashâya,0,3,3
Cashea,0,3,3
Cashel,3,0,3
Casheley,0,3,3
Cashella,0,3,3
Cashero,3,0,3
Cashif,3,0,3
Cashimeer,3,0,3
Cashimira,0,3,3
Cashius,3,0,3
Cashjelino,3,0,3
Cashlin,0,3,3
Cashmir,3,0,3
Cashmyradevi,0,3,3
Cashogie,3,0,3
Cashton,3,0,3
Cashua,3,0,3
Casiamniera,0,3,3
Casian,3,0,3
Casiël,3,0,3
Casiis,3,0,3
Casijna,0,3,3
Casilie,0,3,3
Casillas,3,0,3
Casillda,0,3,3
Casimer,3,0,3
Casimia,0,3,3
Casimiera,0,3,3
Casimiras,0,3,3
Casimiris,3,0,3
Casimirius,3,0,3
Casimyr,3,0,3
Casimyra,0,3,3
Casinda,0,3,3
Casine,0,3,3
Casinem,0,3,3
Casion,3,0,3
Casiraghi,3,0,3
Casius,3,0,3
Casje,0,3,3
Caska,0,3,3
Caske,3,0,3
Caskia,0,3,3
Caskie,0,3,3
Caslay,3,0,3
Casline,0,3,3
Casly,3,0,3
Casmai,0,3,3
Casmé,0,3,3
Casmier,3,0,3
Casmiera,0,3,3
Casmièra,0,3,3
Casmin,3,0,3
Casmiraldo,3,0,3
Casmyra,0,3,3
Casny,0,3,3
Caso,3,0,3
Casolyn,0,3,3
Caspa,0,3,3
Caspaas,3,0,3
Caspaer,3,0,3
Caspano,3,0,3
Caspar-Doekele,3,0,3
Caspar-Jan,3,0,3
Caspar-Joe,3,0,3
Caspar-Mateo,3,0,3
Casparas,3,0,3
Casparianus,3,0,3
Casparico,3,0,3
Caspariena,0,3,3
Casparijna,0,3,3
Caspartine,0,3,3
Caspelina,0,3,3
Casper-Digit,3,0,3
Casper-Dirk,3,0,3
Casper-Johan,3,0,3
Casper-Julian,3,0,3
Casper-Kees,3,0,3
Casper-Marinus,3,0,3
Casper-Roelof,3,0,3
Casperdine,0,3,3
Casperdino,3,0,3
Caspere,0,3,3
Casperiana,0,3,3
Casperin,3,0,3
Casperino,3,0,3
Casperius,3,0,3
Casperliena,0,3,3
Casperone,3,0,3
Casperrina,0,3,3
Caspertje,0,3,3
Caspirina,0,3,3
Cass-mara,0,3,3
Cassafaro,3,0,3
Cassama,3,0,3
Cassambra,0,3,3
Cassandera,0,3,3
Cassandrah,0,3,3
Cassandria,0,3,3
Cassano,3,0,3
Cassar,3,0,3
Cassara,0,3,3
Cassarell,0,3,3
Casse,3,0,3
Cassedey,0,3,3
Casseiopeia,0,3,3
Casseopeya,0,3,3
Cassericus,3,0,3
Cássia,0,3,3
Cassiandi,3,0,3
Cassidi,0,3,3
Cassidy-Ann,0,3,3
Cassidy-Jay,0,3,3
Cassidy-Rae,0,3,3
Cassie-Martine,0,3,3
Cassiel,0,3,3
Cassiem,3,0,3
Cassiena,0,3,3
Cassïera,0,3,3
Cassijn,3,0,3
Cassimier,3,0,3
Cassimir,3,0,3
Cassimirus,3,0,3
Cassimy,0,3,3
Cassinda,0,3,3
Cassindra,0,3,3
Cassio,3,0,3
Cassiopée,0,3,3
Cassiopia,0,3,3
Cassis,3,0,3
Cassissia,0,3,3
Cassiuny,0,3,3
Cassius-Clay,3,0,3
Cassius-Wayne,3,0,3
Cassuis,3,0,3
Cassule,3,0,3
Cassyandra,0,3,3
Cassyanti,0,3,3
Cassyn,3,0,3
Casta,0,3,3
Castagna,0,3,3
Castalie,0,3,3
Castaña,0,3,3
Castanella,0,3,3
Castania,0,3,3
Castaño,3,0,3
Castelina,0,3,3
Castellamare,3,0,3
Castellanus,3,0,3
Castelle,0,3,3
Castellus,3,0,3
Castely,3,0,3
Casteny,0,3,3
Castiaan,3,0,3
Castièl,3,0,3
Castiéll,3,0,3
Castienus,3,0,3
Castigian,3,0,3
Castilla,0,3,3
Castillia,0,3,3
Castillianhou,3,0,3
Castisima,0,3,3
Castisimus,3,0,3
Castjanka,0,3,3
Cástor,3,0,3
Castore,3,0,3
Castorie,0,3,3
Castorius,3,0,3
Castroneves,3,0,3
Castulio,3,0,3
Casya,0,3,3
Casyara,0,3,3
Cat-Linh,0,3,3
Cat-Si,3,0,3
Cat-Siena,0,3,3
Cat-Tin,3,0,3
Cata,0,3,3
Catah,0,3,3
Catalaan,0,3,3
Catalaya,0,3,3
Cataleah,0,3,3
Cataleeya,0,3,3
Cataleeyah,0,3,3
Catalein,0,3,3
Catalelya,0,3,3
Cataleya-Chloé,0,3,3
Cataleya-Ladonna,0,3,3
Cataleya-Narcisa,0,3,3
Cătălin,3,0,3
Cătălina,0,3,3
Catalína,0,3,3
Catalinn,0,3,3
Catallehya,0,3,3
Catalpa,0,3,3
Catalyn,0,3,3
Catalynn,0,3,3
Catamayca,0,3,3
Catana,0,3,3
Catania,0,3,3
Catannia,0,3,3
Cataño,3,0,3
Catari,0,3,3
Cataria,0,3,3
Catariene,0,3,3
Catarijne,0,3,3
Catarin,0,3,3
Catarina-Simone,0,3,3
Catarino,3,0,3
Catascha,0,3,3
Catasja,0,3,3
Catch,3,0,3
Cateautje,0,3,3
Cateaux,0,3,3
Catelea,0,3,3
Catelee,3,0,3
Catelein,0,3,3
Catelena,0,3,3
Catelène,0,3,3
Cateley,0,3,3
Catelinn,0,3,3
Catelona,0,3,3
Catelya,0,3,3
Caterijn,0,3,3
Caterijne,0,3,3
Catérina,0,3,3
Caterino,3,0,3
Cathaëlla,0,3,3
Cathahensa,0,3,3
Cathain,0,3,3
Cathalaine,0,3,3
Cathalana,0,3,3
Cathaleija,0,3,3
Cathalein,0,3,3
Cathalène,0,3,3
Cathalene,0,3,3
Cathàleya,0,3,3
Cathalia,0,3,3
Cathalicia,0,3,3
Cathalijntie,0,3,3
Cathaliña,0,3,3
Cathalinda,0,3,3
Cathalino,3,0,3
Cathaliyah,0,3,3
Cathalous,0,3,3
Cathalyn,0,3,3
Cathana,0,3,3
Cathanilia,0,3,3
Cathanne,0,3,3
Cathanya,0,3,3
Cathar,3,0,3
Catharania,0,3,3
Cathardina,0,3,3
Catharein,0,3,3
Catharèna,0,3,3
Catharie,0,3,3
Catharienke,0,3,3
Cathariine,0,3,3
Catharijntje,0,3,3
Catharijnus,3,0,3
Catharika,0,3,3
Catharikus,3,0,3
Catharín,0,3,3
Cathàrina,0,3,3
Catharina-Anastasia,0,3,3
Catharina-Angela,0,3,3
Catharina-Christina,0,3,3
Catharina-Cornelia,0,3,3
Catharina-Elizabeth,0,3,3
Catharina-Ida,0,3,3
Catharina-Johanna,0,3,3
Catharina-Louisa,0,3,3
Catharina-Minke,0,3,3
Catharina-Tina,0,3,3
Catharina-Victoria,0,3,3
Cathariné,3,0,3
Cathárine,0,3,3
Catharineke,0,3,3
Catharinette,0,3,3
Catharinis,3,0,3
Catharinius,3,0,3
Catharinka,0,3,3
Cathariño,3,0,3
Catharinus-Jan,3,0,3
Cathariya,0,3,3
Catharriena,0,3,3
Catharyna-Elena,0,3,3
Cathay,0,3,3
Cathéa,0,3,3
Catheel,0,3,3
Catheleijn,0,3,3
Catheliene,0,3,3
Cathelijne-Maria,0,3,3
Cathelijnne,0,3,3
Cathéline,0,3,3
Cathelisa,3,0,3
Cathella,0,3,3
Cathely,0,3,3
Cathenny,0,3,3
Cathereintje,0,3,3
Catheria,0,3,3
Cathérien,0,3,3
Catheriena,0,3,3
Catherike,0,3,3
Cathérin,3,0,3
Catherina-Gezina,0,3,3
Cathèrine,0,3,3
Catherine-Louise,0,3,3
Catherine-Victoria,0,3,3
Catherissa,0,3,3
Catheryn,0,3,3
Catheryne,0,3,3
Cathijn,0,3,3
Cathilde,0,3,3
Cathin,3,0,3
Cathina,0,3,3
Cathinde,0,3,3
Cathineke,0,3,3
Cathinta,0,3,3
Cathisa,0,3,3
Cathjéna,0,3,3
Cathjiuoska,0,3,3
Cathlaine,0,3,3
Cathlean,0,3,3
Cathlène,0,3,3
Cathlevi,3,0,3
Cathleya,0,3,3
Catholien,0,3,3
Catholiena,0,3,3
Catholine,0,3,3
Cathonijntje,0,3,3
Cathorine,0,3,3
Cathorinus,3,0,3
Cathrenis,3,0,3
Cathrie,0,3,3
Cathrijntje,0,3,3
Cathrijnus,3,0,3
Cathrinada,0,3,3
Cäthrine,0,3,3
Cathrinetta,3,0,3
Cathrinette,0,3,3
Cathrinis,3,0,3
Cathrinne,0,3,3
Cathtruida,0,3,3
Cathusia,0,3,3
Cathwick,0,3,3
Cäthy,0,3,3
Cáthy,0,3,3
Cathy-Ann,0,3,3
Cathy-Christina,0,3,3
Cathy-Lynn,0,3,3
Cathys,0,3,3
Catiama,0,3,3
Catianus,0,3,3
Catiëlla,0,3,3
Catien,0,3,3
Catijn,0,3,3
Catila,0,3,3
Catilina,0,3,3
Catimba,3,0,3
Catinga,0,3,3
Catinke,0,3,3
Catiuscia,0,3,3
Catjana,0,3,3
Catjie,0,3,3
Catjona,0,3,3
Catleija,0,3,3
Catlheen,0,3,3
Catlyne,0,3,3
Catlynn,0,3,3
Catniss,0,3,3
Cato-Cathelijne,0,3,3
Cato-Colette,0,3,3
Catoah,0,3,3
Catoesja,0,3,3
Catoleen,0,3,3
Catolijn,0,3,3
Catolinus,3,0,3
Catona,0,3,3
Catonia,0,3,3
Catonie,3,0,3
Catootje-Margootje,0,3,3
Catorino,3,0,3
Catotje,0,3,3
Catrena,0,3,3
Catrianna,0,3,3
Catrice,0,3,3
Catricus,3,0,3
Catriël,0,3,3
Catrienis,3,0,3
Catrienje,0,3,3
Catrienka,0,3,3
Catrienna,0,3,3
Catrienus-Tinus,3,0,3
Catrijn-Maret,0,3,3
Catrijnes,3,0,3
Catrin-Anne,0,3,3
Catrineke,0,3,3
Catrinetta,0,3,3
Catrini,0,3,3
Catriona-Ann,0,3,3
Catru,0,3,3
Catrui,0,3,3
Catrunus,3,0,3
Catryne,0,3,3
Catrynke,0,3,3
Catscia,0,3,3
Catsuën,0,3,3
Catt,0,3,3
Cattalena,0,3,3
Cattani,0,3,3
Cattara,0,3,3
Catteaulliëla,0,3,3
Catteleyna,0,3,3
Catteliya,0,3,3
Catthleeya,0,3,3
Catthy,0,3,3
Catti,0,3,3
Cattincka,0,3,3
Cattlaeya,0,3,3
Cattléya,0,3,3
Cattleya-Renée,0,3,3
Cattliya,0,3,3
Cattlyana,0,3,3
Cattlyeandra,0,3,3
Catty,0,3,3
Catulinus,3,0,3
Catur,3,0,3
Caturcandraditya,3,0,3
Catylyn,0,3,3
Câu,3,0,3
Caudita,0,3,3
Cauê,3,0,3
Caumer,0,3,3
Cauni,3,0,3
Cauquen,3,0,3
Caurena,0,3,3
Cauri,0,3,3
Causilia,0,3,3
Causiliadebie,0,3,3
Cautar,0,3,3
Cavaar,3,0,3
Cavafy,0,3,3
Cavahir,0,3,3
Cavalho,3,0,3
Cavalina,0,3,3
Cavally,3,0,3
Cavana,0,3,3
Cavanda,3,0,3
Cavannah,0,3,3
Cavanni,3,0,3
Cavanno,3,0,3
Cavany,3,0,3
Cavaraida,0,3,3
Cavarida,0,3,3
Cavataia,0,3,3
Cavaughn,3,0,3
Cavay,3,0,3
Cavelli,3,0,3
Cavello,3,0,3
Caven,3,0,3
Cavendy,3,0,3
Cavfuqua,0,3,3
Cavi,3,0,3
Câvid,3,0,3
Cavidan,0,3,3
Cavien,3,0,3
Cavihta,0,3,3
Cavilan,3,0,3
Cavinus,3,0,3
Cavion,3,0,3
Cavlin,3,0,3
Cavo,3,0,3
Cavoa,0,3,3
Cavyn,3,0,3
Cavyt,3,0,3
Cawa,3,0,3
Cawan,0,3,3
Cawely,3,0,3
Cawen,0,3,3
Cawi,0,3,3
Cawo,0,3,3
Cawof,3,0,3
Caxias,3,0,3
Cáya,0,3,3
Caya-Fay,0,3,3
Caya-Linn,0,3,3
Cayanda,0,3,3
Cayanie,0,3,3
Cayanô,3,0,3
Cayasso,3,0,3
Cayasta,0,3,3
Cayayo,3,0,3
Cayden-Quinn,3,0,3
Caydena,0,3,3
Caydi,0,3,3
Caydie,0,3,3
Caydin,0,3,3
Caydion,3,0,3
Caydjen,3,0,3
Caydn,3,0,3
Cayel,3,0,3
Cayëll,0,3,3
Cayëlle,0,3,3
Cayema,0,3,3
Cayena,0,3,3
Cayenne-Jacobs,3,0,3
Cayenta,0,3,3
Cayenthe,3,0,3
Cayentino,3,0,3
Cayeon,3,0,3
Cayetanno,3,0,3
Cayéthano,3,0,3
Cayhrone,3,0,3
Cayinne,0,3,3
Cayiu,3,0,3
Caylani,0,3,3
Caylann,3,0,3
Caylea,0,3,3
Cayleb,3,0,3
Caylée,0,3,3
Caylee-Joy,0,3,3
Caylee-Mackenzie,0,3,3
Cayler,3,0,3
Cayley-Joe,0,3,3
Caylien,0,3,3
Cayliën,0,3,3
Cayligh,0,3,3
Cayline,0,3,3
Caylion,3,0,3
Caylleb,3,0,3
Caylon,3,0,3
Caylou,0,3,3
Caylun,3,0,3
Cayly,0,3,3
Caymen,3,0,3
Caymer,3,0,3
Caynalin,0,3,3
Cayni,0,3,3
Caynne,3,0,3
Cayno,3,0,3
Cayou,0,3,3
Cayowa,0,3,3
Caysa,0,3,3
Cayse,0,3,3
Caysea,0,3,3
Caysha,0,3,3
Cayshah,0,3,3
Cayshendro,3,0,3
Cayshon,3,0,3
Caysley,0,3,3
Cayte,0,3,3
Caythlen-raya,0,3,3
Cáyti,3,0,3
Caytlynn,0,3,3
Cazan,3,0,3
Cazander,3,0,3
Cazayrah,0,3,3
Cazè,3,0,3
Cazembe,3,0,3
Cazi,3,0,3
Caziah,3,0,3
Cazibe,0,3,3
Câzibe,0,3,3
Cazilia,0,3,3
Cazina,0,3,3
Cazira,0,3,3
Caziye,0,3,3
Cazper,3,0,3
Cazzembe,3,0,3
Cbetlina,0,3,3
CBG,3,0,3
CBH,0,3,3
CBL,0,3,3
CCA,3,0,3
CCF,3,0,3
Cchiara,0,3,3
CCJW,0,3,3
CCMR,0,3,3
CCP,0,3,3
Cdenka,0,3,3
Ce'lainey,0,3,3
Ce'nedra,0,3,3
Ce'Nedra,0,3,3
Ce'Yennah,0,3,3
Ce-Jiero,3,0,3
Céa,0,3,3
Cea'Hanna,0,3,3
Ceabrielle,0,3,3
Ceacarius,3,0,3
Ceacil,0,3,3
Ceacilius,3,0,3
Ceacille,0,3,3
Ceairra,0,3,3
Ceajay,3,0,3
Cealden,3,0,3
Cealen,3,0,3
Cealeste,0,3,3
Cealey,0,3,3
Cealicea,0,3,3
Cealista,0,3,3
Cealyn,0,3,3
Céam,3,0,3
CEAM,0,3,3
Céana,0,3,3
Ceanan,3,0,3
Céanaux,3,0,3
Ceaney,3,0,3
Ceani,0,3,3
Céann,3,0,3
Ceánna,0,3,3
Ceanna-Lynn,0,3,3
Ceanna-Rosa,0,3,3
Céano,3,0,3
Cearo,3,0,3
Cearra,0,3,3
Cearwen,3,0,3
Ceasana,3,0,3
Ceasaré,3,0,3
Ceasarine,0,3,3
Ceasario,3,0,3
Ceasarión,3,0,3
Ceaser,3,0,3
Ceasey,3,0,3
Ceasly,3,0,3
Ceasy,3,0,3
Ceasza,0,3,3
Ceaunda,0,3,3
Ceaz,3,0,3
Ceb,3,0,3
Ceba,0,3,3
Cebas,3,0,3
Cébastiën,3,0,3
Cebastyan,3,0,3
Cebbar,3,0,3
Cebby,3,0,3
Cébé,3,0,3
Cebella,0,3,3
Cebelle,0,3,3
Cebertha,0,3,3
Cebine,0,3,3
Ceboes,3,0,3
Cebrayil,3,0,3
Cebren,3,0,3
Cebriälla,0,3,3
Cébriyan,3,0,3
Céca,0,3,3
Ceçar,3,0,3
Cecarina,0,3,3
Cecarine,0,3,3
Cecaro,3,0,3
Ceccely,0,3,3
Ceccilia,0,3,3
Ceccillia,0,3,3
Cecé,0,3,3
Cécélia,0,3,3
Cécelia,0,3,3
Cecelie,0,3,3
Cécelinn,0,3,3
Cécelle,0,3,3
Cecellia,0,3,3
Cecelly,0,3,3
Cecelyn,0,3,3
Cecen,0,3,3
Cecer,3,0,3
Cecerea,0,3,3
Cecerina,0,3,3
Cecerio,3,0,3
Cecério,3,0,3
Ceçette,0,3,3
Cécette,0,3,3
Cecey,0,3,3
Cechaja,3,0,3
Cecicla,0,3,3
Cèciel,3,0,3
Céciele,0,3,3
Cecielius,3,0,3
Ceciélle,0,3,3
Cecietta,0,3,3
Cécil-Mary,0,3,3
Cécilè,0,3,3
Cêcile,0,3,3
Cecilé,0,3,3
Cecìle,0,3,3
Cecilè,0,3,3
Ceçile,0,3,3
Cécilé,0,3,3
Cecile-Isabelle,0,3,3
Cecile-Louise,0,3,3
Cécile-Lynn,0,3,3
Cecile-Marie,0,3,3
Céciléa,0,3,3
Cécilea,0,3,3
Cecileke,0,3,3
Cecileus,3,0,3
Cecili,0,3,3
Cëcilia,0,3,3
Cecïlia,0,3,3
Ceçilia,0,3,3
Cecilia-Adriana,0,3,3
Ceciliaan,3,0,3
Ceciliae,0,3,3
Ceciliah,0,3,3
Ceciliane,0,3,3
Cécilie,0,3,3
Cecilijah,0,3,3
Cecilina,0,3,3
Cecilis,3,0,3
Cécilius,3,0,3
Ceciljo,0,3,3
Cécill,0,3,3
Cėcille,0,3,3
Cecillè,0,3,3
Cecillia-Elizabeth,0,3,3
Cecilly,0,3,3
Cecilson,3,0,3
Cecilus,3,0,3
Cécily,0,3,3
Cecina,0,3,3
Cecinte,3,0,3
Cecirio,3,0,3
Cecittu,3,0,3
Cecko,3,0,3
Ceclio,3,0,3
Ceco,3,0,3
Cecyle,0,3,3
Cecylja,0,3,3
Cécylle,0,3,3
Cedairo,3,0,3
Cedar,3,0,3
Cedarah,0,3,3
Ceday,0,3,3
Cedaya,0,3,3
Cedaylia,0,3,3
Ceddella,0,3,3
Ceddo,3,0,3
Ceddrick,3,0,3
Ceddriec,3,0,3
Cedee,0,3,3
Cedelea,0,3,3
Cedelia,0,3,3
Cedelvain,3,0,3
Cedélyan,3,0,3
Cedelyn,0,3,3
Céder,3,0,3
Cederic-Georges,3,0,3
Cederica,0,3,3
Cederiek,3,0,3
Cederika,0,3,3
Cederina,0,3,3
Cederinhyo,3,0,3
Cedès,0,3,3
Cedian,3,0,3
Cediën,3,0,3
Cediena,0,3,3
Cediene,0,3,3
Cedienne,3,0,3
Cediënne,3,0,3
Cedienngelo,3,0,3
Cedijon,3,0,3
Cedilla,0,3,3
Cedille,0,3,3
Cedimar,3,0,3
Cedira,0,3,3
Cedjaïro,3,0,3
Cedjoa,0,3,3
Cedn,0,3,3
Cedney,3,0,3
Cedniy,3,0,3
Cedo,3,0,3
Cedran,3,0,3
Cedriana,0,3,3
Cedríc,3,0,3
Cedric-Roy,3,0,3
Cedrice,0,3,3
Cèdrick,3,0,3
Cedrick-Jan,3,0,3
Cedricq,3,0,3
Cedricson,3,0,3
Cedricus,3,0,3
Cedrid,3,0,3
Cedridson,3,0,3
Cedriën,0,3,3
Cedriëne,0,3,3
Cedriënne,0,3,3
Cedriethy,0,3,3
Cédrik,3,0,3
Cedrin,0,3,3
Cédrine,0,3,3
Cedrion,3,0,3
Cédriq,3,0,3
Cèdrique,3,0,3
Cedrison,3,0,3
Cedrito,3,0,3
Cedriviënsca,0,3,3
Cedrixianthley,0,3,3
Cedrixviënthely,0,3,3
Cedrus,3,0,3
Cedum,3,0,3
Cedwin,3,0,3
Cedyahlia,0,3,3
Cee-djaéy,3,0,3
Cee-Djaéy,3,0,3
Cee-jay,3,0,3
Ceecee,0,3,3
Ceedetta,0,3,3
Ceedi,0,3,3
Ceedie,0,3,3
Ceegan,3,0,3
Ceelen,0,3,3
Ceelina,0,3,3
Ceeltje,0,3,3
Ceep,3,0,3
Ceerna,0,3,3
Ceert,3,0,3
Ceertruida,3,0,3
Cees-Bart,3,0,3
Cees-Frans,3,0,3
Cees-Hein,3,0,3
Cees-Joris,3,0,3
Ceesar,3,0,3
Ceesha,0,3,3
CeesJan,3,0,3
Ceesjenna,0,3,3
Ceessie,3,0,3
Ceeszoon,3,0,3
Ceetjen,0,3,3
Ceetsilia,0,3,3
Cef,3,0,3
Cefa,3,0,3
Cefamo,3,0,3
Cefana,0,3,3
Cefaro,3,0,3
Cêfas,3,0,3
Cefayinur,0,3,3
Cefer,3,0,3
Céférina,0,3,3
Cefian,3,0,3
Cefina,0,3,3
Cegainy,0,3,3
Ceggerzada,0,3,3
Cégika,0,3,3
Céguel,3,0,3
Cehdüşşeriah,3,0,3
Ceht,3,0,3
Ceidhlie,0,3,3
Ceighthlynn,0,3,3
Ceiji,3,0,3
Ceike,0,3,3
Ceil,0,3,3
Ceili,0,3,3
Ceiloe,3,0,3
Ceirana,0,3,3
Ceiro,3,0,3
Ceiyenna,0,3,3
Ceja,3,0,3
Cejaro,3,0,3
Cejayna,0,3,3
Ceje,3,0,3
Cejé,0,3,3
Céjean,3,0,3
Céjee,0,3,3
Céjen,0,3,3
Cejenna,0,3,3
Cejhan,3,0,3
Cejnene,0,3,3
Cejo,3,0,3
Cekija,0,3,3
Cel'ine,0,3,3
Céla-Lynn,0,3,3
Celadon,0,3,3
Celaena,0,3,3
Celaeno,3,0,3
Cèlaine,0,3,3
Celainyo,3,0,3
Celalattin,3,0,3
Celaledin,3,0,3
Celaletin,3,0,3
Celali,3,0,3
Celâlüh,3,0,3
Celan,0,3,3
Celana,0,3,3
Celánie,0,3,3
Celas,3,0,3
Celasta,0,3,3
Celastiena,0,3,3
Celastina,0,3,3
Celasung,3,0,3
Celasy,3,0,3
Celatta,0,3,3
Celaya,0,3,3
Celcia,0,3,3
Celciano,3,0,3
Celcy,0,3,3
Celda,0,3,3
Celdjéno,3,0,3
Celea,0,3,3
Celeastis,0,3,3
Celeb,3,0,3
Celebrity,0,3,3
Celecia,0,3,3
Celecten,0,3,3
Celedonia,0,3,3
Celeen,0,3,3
Celeenah,0,3,3
Celeesa,0,3,3
Celeina,0,3,3
Celeiny,0,3,3
Celèiska,0,3,3
Céleke,0,3,3
Celén,0,3,3
Cèlene,0,3,3
Cèlène,0,3,3
Célène,0,3,3
Celenia,0,3,3
Celenn,0,3,3
Celènna,0,3,3
Celenne,0,3,3
Célenne,0,3,3
Celènne,0,3,3
Celensio,3,0,3
Célenthia,0,3,3
Céleny,0,3,3
Céleon,3,0,3
Celer,3,0,3
Célerie,0,3,3
Celerine,0,3,3
Celerino,3,0,3
Celescté,0,3,3
Celesevie,0,3,3
Celésia,0,3,3
Celesio,3,0,3
Celessiah,0,3,3
Celessio,3,0,3
Celesstino,3,0,3
Celèst,0,3,3
Célest-Antoine,3,0,3
Celèsta,0,3,3
Célèsta,0,3,3
Céléste,3,0,3
Celeste-Mae,0,3,3
Celeste-Romeé,0,3,3
Celeste-Zoë,0,3,3
Célesten,3,0,3
Celestes,0,3,3
Celestiaan,3,0,3
Celestiano,3,0,3
Celestiena,0,3,3
Celestiene,0,3,3
Celestiënne,0,3,3
Célèstienne,0,3,3
Célèstiênne,0,3,3
Celèstine,0,3,3
Celestis,3,0,3
Celesty,0,3,3
Celestyna,0,3,3
Celestyne,0,3,3
Célestyne,0,3,3
Celetinus,3,0,3
Celextin,3,0,3
Celexus,0,3,3
Celeyna,0,3,3
Celezia,0,3,3
Celfienio,3,0,3
Celfrin,3,0,3
Cèlhèn,0,3,3
Celheste,0,3,3
Celí,0,3,3
Celïa,0,3,3
Celia-Maria,0,3,3
Cèliah,0,3,3
Céliah,0,3,3
Celianna,0,3,3
Célianne,0,3,3
Celianneke,0,3,3
Céliano,3,0,3
Celianus,3,0,3
Celias,3,0,3
Celiça,0,3,3
Célicia,0,3,3
Celida,0,3,3
Celié,0,3,3
Celíe,0,3,3
Celieka,0,3,3
Celiem,3,0,3
Cèlien,0,3,3
Celiér,0,3,3
Celies,0,3,3
Celiese,0,3,3
Celigje,0,3,3
Celilhan,3,0,3
Celilia,0,3,3
Celily,0,3,3
Célim,3,0,3
Celim,3,0,3
Celimar,3,0,3
Celiná,0,3,3
Celiña,0,3,3
Celina-Bo,0,3,3
Celina-Elsa,0,3,3
Celina-Jane,0,3,3
Celina-Julie,0,3,3
Célinda,0,3,3
Cèlinde,0,3,3
Celindia,0,3,3
Celindo,3,0,3
Celindy,0,3,3
Cëline,0,3,3
Celíne,0,3,3
Cêline,0,3,3
Céline-Aleï,0,3,3
Céline-Anne,0,3,3
Celine-Charissa,0,3,3
Céline-Dewy,0,3,3
Celine-Estelle,0,3,3
Celine-Louise,0,3,3
Céline-Margôt,0,3,3
Celine-Mariette,0,3,3
Céline-Maxime,0,3,3
Céline-Miatta,0,3,3
Céline-Raphaëlle,0,3,3
Céline-Rose,0,3,3
Céline-Ymkje,0,3,3
Celinea,0,3,3
Celined,0,3,3
Celineke,0,3,3
Celinette,0,3,3
Celinho,3,0,3
Célinity,0,3,3
Célinke,0,3,3
Celinna,0,3,3
Celinnes,0,3,3
Cèlino,3,0,3
Célinus,3,0,3
Célio,3,0,3
Cèlion,3,0,3
Celios,3,0,3
Celisamilusa,0,3,3
Celisaty,0,3,3
Célisia,0,3,3
Célisiah,0,3,3
Celistine,0,3,3
Celistrea,0,3,3
Celithia,0,3,3
Celitsa,0,3,3
Celity,0,3,3
Celium,3,0,3
Celiva,0,3,3
Celivia,0,3,3
Celivitano,3,0,3
Cèliya,0,3,3
Celiyah,0,3,3
Celiyana,0,3,3
Céliz,0,3,3
Célize,0,3,3
Celja,0,3,3
Cellah,0,3,3
Cellastiena,0,3,3
Cellastina,0,3,3
Cellben,3,0,3
Celleke,0,3,3
Cellestine,0,3,3
Celliano,3,0,3
Celliciëla,0,3,3
Cellien,0,3,3
Cellin,0,3,3
Cèllina,0,3,3
Cellinio,3,0,3
Cellinus,3,0,3
Cellistien,0,3,3
Cellistine,0,3,3
Cellita,0,3,3
Cellu,3,0,3
Cellus,3,0,3
Cellyne,0,3,3
Celmint,3,0,3
Celmiro,3,0,3
Celmis,3,0,3
Celmo,3,0,3
Celmon,3,0,3
Célonia,0,3,3
Celonie,0,3,3
Celotte,0,3,3
Celoui,3,0,3
Célouise,0,3,3
Celsabella,0,3,3
Celse,3,0,3
Celsea,0,3,3
Celsetty,0,3,3
Celsyano,3,0,3
Celt,3,0,3
Celten,3,0,3
Celthy,0,3,3
Celton,3,0,3
Celus,3,0,3
Celvano,3,0,3
Celviana,0,3,3
Celvinio,3,0,3
Celvino,3,0,3
Célya,0,3,3
Célyan,0,3,3
Celyce,0,3,3
Celynne,0,3,3
Celysa,0,3,3
Cèlysha,0,3,3
Celysviënne,0,3,3
Celyza,0,3,3
Cém,3,0,3
Cem-Alper,3,0,3
Cem-Kaan,3,0,3
Cem-Lucas,3,0,3
Cemaia,0,3,3
Cemaily,3,0,3
Cemäl,3,0,3
Cemale,0,3,3
Cemaletin,3,0,3
Cemay,3,0,3
Cemayrah,0,3,3
Cembe,3,0,3
Cembely,0,3,3
Cemdiyar,3,0,3
Cemelda,0,3,3
Cémenne,0,3,3
Cementa,0,3,3
Cemente,0,3,3
Cementha,0,3,3
Cemgil,0,3,3
Cemiana,0,3,3
Cemilcan,3,0,3
Cemilé,0,3,3
Cemilia,0,3,3
Cemine,0,3,3
Cémique,3,0,3
Cemiyle,0,3,3
Cemja,0,3,3
Cemkay,3,0,3
Cemley,3,0,3
Cemo,3,0,3
Cemocan,3,0,3
Cemrecan,0,3,3
Cemregül,0,3,3
Cemren,3,0,3
Cemroz,3,0,3
Cemşah,3,0,3
Cemşir,3,0,3
Cemson,3,0,3
Cenab,3,0,3
Cenai,0,3,3
Cenaida,0,3,3
Cenardo,3,0,3
Cenas,0,3,3
Cenay,3,0,3
Cencebel,0,3,3
Cencia,0,3,3
Cenciona,0,3,3
Cencymielya,0,3,3
Cend-Suren,0,3,3
Cenda,0,3,3
Cendell,3,0,3
Cendie,0,3,3
Cendina,0,3,3
Cendjero,3,0,3
Cendrine,0,3,3
Cendur,3,0,3
Cendylen,0,3,3
Cendyo,3,0,3
Cenédra,0,3,3
Ceneet,0,3,3
Cěněk,3,0,3
Cenel,3,0,3
Cener,3,0,3
Cenette,0,3,3
Ceng,3,0,3
Cengaver,3,0,3
Cengin,3,0,3
Cenğiz,3,0,3
Cengiz-han,3,0,3
Cengizhân,3,0,3
Cengizkaan,3,0,3
Cengizkan,3,0,3
Cengizkhan,3,0,3
Cengo,3,0,3
Cengy,3,0,3
Ceni,0,3,3
Cenicio,3,0,3
Cenien,3,0,3
Cenin,0,3,3
Cening,0,3,3
Cenis,0,3,3
Cenita,0,3,3
Ceniza,0,3,3
Cenja,3,0,3
Cenjiano,3,0,3
Cenkerhan,3,0,3
Cenkis,3,0,3
Cenkiz,3,0,3
Cenly,3,0,3
Cènna,3,0,3
Cennah,0,3,3
Cennedi,3,0,3
Cenneth,3,0,3
Cennethson,3,0,3
Cennitha,0,3,3
Cenno,3,0,3
Cennydd,3,0,3
Ceno,3,0,3
Cenobea,0,3,3
Cenobio,3,0,3
Cenovia,0,3,3
Cenromena,0,3,3
Censa,0,3,3
Cense,3,0,3
Censel,0,3,3
Censeline,0,3,3
Censey,0,3,3
Censtraino,3,0,3
Censu,3,0,3
Censy,3,0,3
Centenial,3,0,3
Centeniel,3,0,3
Centeniël,3,0,3
Centeno,3,0,3
Center,3,0,3
Centhia,0,3,3
Centhya,0,3,3
Centia,0,3,3
Centiana,0,3,3
Centiene,0,3,3
Centijne,0,3,3
Centinae,0,3,3
Centineke,0,3,3
Centio,3,0,3
Centjaap,3,0,3
Centje,0,3,3
Ceny,0,3,3
Cenyshia,0,3,3
Cenzino,3,0,3
Cenzio,3,0,3
Cenzy,0,3,3
Céola,3,0,3
Ceomah,0,3,3
Céomi,0,3,3
Ceóni,0,3,3
Ceontaneshah,0,3,3
Ceoray,0,3,3
Céou,0,3,3
Cephei,0,3,3
Cepher,3,0,3
Cephera,0,3,3
Cepheus,3,0,3
Cephila,0,3,3
Cephos,3,0,3
Cepp,3,0,3
Cequan,0,3,3
Cequeenio,3,0,3
Cequéno,3,0,3
Cequiristino,3,0,3
Cer'Jesteny,0,3,3
Céra,0,3,3
Cerabina,0,3,3
Ceracella,0,3,3
Cerafina,0,3,3
Ceráh,3,0,3
Cerah,0,3,3
Ceraisha,0,3,3
Ceraissa,0,3,3
Ceralda,0,3,3
Ceralno,3,0,3
Ceramé,0,3,3
Cerames,3,0,3
Cerani,3,0,3
Ceranus,3,0,3
Cerany,0,3,3
Ceranza,0,3,3
Cerap,0,3,3
Ceraphin,3,0,3
Cerardus,3,0,3
Ceras,0,3,3
Cerasela,0,3,3
Cerastes,3,0,3
Ceráya,0,3,3
Cerayño,3,0,3
Cercasio,3,0,3
Cerchinio,3,0,3
Cerchio,3,0,3
Cercinio,3,0,3
Cercyl,0,3,3
Cerdie,3,0,3
Cerealis,3,0,3
Cereana,0,3,3
Cereco,3,0,3
Cereen,0,3,3
Cerelain,0,3,3
Cerellah,0,3,3
Cerelle,0,3,3
Cerelton,3,0,3
Ceremo,3,0,3
Ceréna,0,3,3
Cerene,0,3,3
Cerenicus,0,3,3
Cerensa,0,3,3
Cerenyse,0,3,3
Cerenza,0,3,3
Cerèse,0,3,3
Ceréso,3,0,3
Ceress,0,3,3
Céret,3,0,3
Ceretta,0,3,3
Cereze,0,3,3
Cerezio,3,0,3
Cérezo,3,0,3
Cerézo,3,0,3
Cerezò,3,0,3
Cerfas,3,0,3
Cergejevič,3,0,3
Cerginio,3,0,3
Céri,0,3,3
Céri-Anne,0,3,3
Céri-anne,0,3,3
Cèri-Bibiche,0,3,3
Ceria,3,0,3
Céria,0,3,3
Ceriaco,3,0,3
Cerian,3,0,3
Ceriano,3,0,3
Cerice,0,3,3
Cerida,0,3,3
Cerief,0,3,3
Cériek,3,0,3
Ceriella,0,3,3
Cerielle,0,3,3
Cérien,0,3,3
Ceriese,0,3,3
Cerijl,0,3,3
Cerijllus,3,0,3
Cerijlo,3,0,3
Cerijlus,3,0,3
Céril,0,3,3
Cerilda,0,3,3
Cerilde,0,3,3
Cerileigh,0,3,3
Cerília,0,3,3
Cerílio,3,0,3
Cerilis,3,0,3
Cerilius,0,3,3
Ceriljo,3,0,3
Cerillis,3,0,3
Cerillius,3,0,3
Cerilly,3,0,3
Cerilo,3,0,3
Cerilus,3,0,3
Cerim,3,0,3
Cerima,0,3,3
Cerinah,0,3,3
Cerinio,3,0,3
Cerinjo,3,0,3
Cérino,3,0,3
Cerinô,3,0,3
Cerinte,0,3,3
Cerinus,3,0,3
Cerisette,0,3,3
Cerisha,0,3,3
Cerisia,0,3,3
Ceriska,0,3,3
Cerize,0,3,3
Cerjen,0,3,3
Cerjo,3,0,3
Cerlane,0,3,3
Cerlena,0,3,3
Cerline,0,3,3
Cerly,0,3,3
Cerlyn,0,3,3
Cerlyne,0,3,3
Cerminio,3,0,3
Cermy,3,0,3
Cernestine,0,3,3
Cerni,0,3,3
Cernoux,3,0,3
Cerny,0,3,3
Ceroena,0,3,3
Ceroliña,0,3,3
Cerolysa,0,3,3
Ceroni,0,3,3
Céronne,0,3,3
Cerony,0,3,3
Cerotilus,3,0,3
Cerouty,0,3,3
Ceroy,3,0,3
Cerra,0,3,3
Cerrard,3,0,3
Cerren,3,0,3
Cerreso,3,0,3
Cerri-Anne,0,3,3
Cerridwen,3,0,3
Cerridwyn,0,3,3
Cerrie,3,0,3
Cerrisha,0,3,3
Cerriza,0,3,3
Cerro,3,0,3
Cerrone,3,0,3
Cerry,3,0,3
Cerryl,3,0,3
Cersan,0,3,3
Cersiano,3,0,3
Cersinio,3,0,3
Cerstin,0,3,3
Cersum,3,0,3
Certaine,0,3,3
Cerula,0,3,3
Cerules,3,0,3
Cerunne,0,3,3
Cerus,3,0,3
Cervaas,3,0,3
Cervaes,3,0,3
Cervantes,3,0,3
Cervantez,3,0,3
Cervellon,3,0,3
Cervelon,3,0,3
Cervi,3,0,3
Cervin,3,0,3
Cervinia,0,3,3
Cervinio,3,0,3
Cervus,3,0,3
Cery,0,3,3
Ceryan,0,3,3
Ceryles,3,0,3
Céryll,3,0,3
Cerylle,3,0,3
Cérylle,0,3,3
Cerylles,3,0,3
Cerynise,0,3,3
Ceryse,0,3,3
Cerzinio,3,0,3
Cerziño,3,0,3
Cès,3,0,3
Ces,3,0,3
Cesaar,3,0,3
Cesaere,3,0,3
Césaf,3,0,3
Cesalina,0,3,3
Cesan,3,0,3
Césan,0,3,3
Césander,3,0,3
Cesano,3,0,3
Cesàr,3,0,3
Cèsar,3,0,3
César-Reyer,3,0,3
Cesarah,0,3,3
Cesarano,0,3,3
Cesaré,3,0,3
Cesarelia,0,3,3
Cesáreo,3,0,3
Cesareon,3,0,3
Cesaret,0,3,3
Cesarez,3,0,3
Cesária,0,3,3
Césaria,0,3,3
Césarie,0,3,3
Cèsarina,0,3,3
Cesariyah,0,3,3
Cesarus,3,0,3
Cèsary,3,0,3
Céseline,0,3,3
Cesely,0,3,3
Céser,3,0,3
Ceser,3,0,3
Cesèra,0,3,3
Cesere,3,0,3
Ceserea,0,3,3
Ceseria,0,3,3
Céserine,0,3,3
Ceserine,0,3,3
Cési,3,0,3
Cesia,0,3,3
Cesiel,0,3,3
Cesika,0,3,3
Cesil,0,3,3
Césil,0,3,3
Cesilie,0,3,3
Cesilje,0,3,3
Cesime,0,3,3
Cesin,3,0,3
Cesko,3,0,3
Ceslav,3,0,3
Cesley,0,3,3
Cesmi,3,0,3
Cesmu,3,0,3
Cespa,0,3,3
Cespedez,0,3,3
Cessa,0,3,3
Cessi,0,3,3
Cèssiah,0,3,3
Cessidy,0,3,3
Cessius,3,0,3
Cessy,0,3,3
Cesta,0,3,3
Cesurhan,3,0,3
Cesurkan,3,0,3
Cesy,0,3,3
Cesyl,0,3,3
CET,3,0,3
Ceta,0,3,3
Cetaeňo,3,0,3
Cetah,0,3,3
Cetano,3,0,3
Cetanya,0,3,3
Cethany,0,3,3
Cethij,0,3,3
Ceti,0,3,3
Cetina,0,3,3
Cetinya,0,3,3
Ceto,3,0,3
Cettela,0,3,3
Cettia,0,3,3
Cettin,0,3,3
Cetura,0,3,3
Ceú,0,3,3
Ceubje,0,3,3
Ceunera,0,3,3
Ceung,3,0,3
Cëus,3,0,3
Cévain,3,0,3
Cevaino,3,0,3
Cevale,0,3,3
Cevan,3,0,3
Cevanho,3,0,3
Cevano,3,0,3
Cevardes,3,0,3
Cevas,3,0,3
Cevayir,0,3,3
Cevcat,3,0,3
Cevda,0,3,3
Ceven,3,0,3
Cèven,3,0,3
Cevenry,3,0,3
Ceveriano,3,0,3
Ceverin,3,0,3
Ceverina,0,3,3
Ceverinus,3,0,3
Ceviëndric,3,0,3
Ceviënsca,0,3,3
Ceviënteley,0,3,3
Ceviera,0,3,3
Cevilia,0,3,3
Cevilla,0,3,3
Cevina,0,3,3
Cévinio,3,0,3
Ceviñio,3,0,3
Cevinyo,3,0,3
Cevio,3,0,3
Cevkan,3,0,3
Cevora,0,3,3
Cevzet,3,0,3
Cewa,0,3,3
Cewin,3,0,3
Ceyan,3,0,3
Céyan,3,0,3
Céyana,0,3,3
Ceyana,0,3,3
Ceyanou,3,0,3
Ceyathano,3,0,3
Ceyciano,3,0,3
Ceycilia,0,3,3
Ceyda-Nur,0,3,3
Ceydag,0,3,3
Ceydah,0,3,3
Ceydan-Jay,3,0,3
Ceydilara,0,3,3
Ceydın,3,0,3
Ceydon,3,0,3
Ceydrion,3,0,3
Ceyenty,0,3,3
Ceyfun,3,0,3
Ceyhun-Seref,3,0,3
Ceylana,0,3,3
Ceylani,3,0,3
Ceylannaz,0,3,3
Ceylanur,0,3,3
Ceylen,3,0,3
Ceyli,0,3,3
Céylian,3,0,3
Ceylin-Naz,0,3,3
Ceylinay,0,3,3
Ceylinnaz,0,3,3
Ceylinsu,0,3,3
Ceyloné,0,3,3
Ceylonica,0,3,3
Ceyni,0,3,3
Ceynur,0,3,3
Ceynwen,0,3,3
Céyomi,0,3,3
Céyon,3,0,3
Ceyra,0,3,3
Céyranïo,3,0,3
Ceyrine,0,3,3
Ceysen,3,0,3
Ceysin,3,0,3
Ceyson,3,0,3
Ceyvano,3,0,3
Ceyvianny,0,3,3
Cez,0,3,3
Cezaar,3,0,3
Cezàn,3,0,3
Cézana,0,3,3
Cezana,0,3,3
Cézandra,0,3,3
Cezann,3,0,3
Cezanna,0,3,3
Cézannah,0,3,3
Cèzanne,0,3,3
Cézanne-Fee,0,3,3
Cezár,3,0,3
Cézara,0,3,3
Cezara,0,3,3
Cezare,3,0,3
Cézare,3,0,3
Cezarin,3,0,3
Cezaryus,3,0,3
Cezdan,3,0,3
Cézère,0,3,3
Cezilia,0,3,3
Cèzira,0,3,3
Cezminur,0,3,3
Cezron,3,0,3
Cezur,3,0,3
Cezûr,3,0,3
Cezz,3,0,3
CFA,3,0,3
CFBM,3,0,3
CFGM,3,0,3
CFH,0,3,3
CFJ,0,3,3
CGF,0,3,3
CGJ,3,0,3
CGT,0,3,3
Ch'iang,3,0,3
Ch'iu,0,3,3
Ch'prisqui,3,0,3
Ch'umiil,0,3,3
CHA,3,0,3
Cha'elly,0,3,3
Cha'ire,3,0,3
Cha'nique,0,3,3
Cha'niyah,0,3,3
Cha'ré,3,0,3
Cha'risa,0,3,3
Cha-am,3,0,3
Cha-Cha,0,3,3
Cha-elle,0,3,3
Cha-Joeng,3,0,3
Cha-Laenah,0,3,3
Cha-Lè,3,0,3
Cha-Long,3,0,3
Cha-Lyssa,0,3,3
Cha-nay,0,3,3
Cha-Ray,0,3,3
Cha-Re,0,3,3
Cha-riann,0,3,3
Cha-Wei,3,0,3
Cha-Yong,3,0,3
Chaabane,3,0,3
Chaabni,0,3,3
Chaadia,0,3,3
Chaaid,3,0,3
Chaâla,0,3,3
Chaalid,3,0,3
Chaalieda,0,3,3
Chaalieq,3,0,3
Chaaliesa,0,3,3
Chaalişa,0,3,3
Chaamkumar,3,0,3
Chaandanie,0,3,3
Chaandeni-Devi,0,3,3
Chaandeny,0,3,3
Chaandi,0,3,3
Chaandnie,0,3,3
Chaandra,0,3,3
Chaania,0,3,3
Chaantal,0,3,3
Chaantje,3,0,3
Chaanwatie,0,3,3
Chaaromy,0,3,3
Chaarvanga,3,0,3
Chaarvee,0,3,3
Chaas,3,0,3
Chaay,3,0,3
Chaayakaur,0,3,3
Chabaillie,0,3,3
Chabajah,3,0,3
Châbane,3,0,3
Chabar,3,0,3
Chabbely,0,3,3
Chabeau,0,3,3
Chabèla,0,3,3
Chabela,0,3,3
Chàbeli,0,3,3
Chabelie,0,3,3
Chabelitha,0,3,3
Chabély,0,3,3
Chabha,0,3,3
Chabidath,3,0,3
Chabine,0,3,3
Chábo,0,3,3
Chabon,0,3,3
Chaboy,3,0,3
Chabraine,3,0,3
Chabriel,0,3,3
Chabry,3,0,3
Chabwera,3,0,3
Chaca,0,3,3
Chacairo,3,0,3
Chacao,3,0,3
Chacardi,3,0,3
Chacaya,0,3,3
Chacen,0,3,3
Chacey,3,0,3
Chacéya,0,3,3
Chacgall,3,0,3
Chacha,3,0,3
Chacharell,0,3,3
Chachiry,0,3,3
Chacho,3,0,3
Chachrell,0,3,3
Chachrit,3,0,3
Chacira,0,3,3
Chaciri,0,3,3
Chacita,0,3,3
Chack,3,0,3
Chacma,0,3,3
Chacqueline,0,3,3
Chacu,0,3,3
Chacy,3,0,3
Chadaily,0,3,3
Chadaira,0,3,3
Chadaja,0,3,3
Chadaliya,0,3,3
Chadanan,3,0,3
Chadasha,0,3,3
Chadasja,0,3,3
Chadassá,0,3,3
Chadaya,0,3,3
Chaddad,3,0,3
Chaddel,0,3,3
Chaddiyah,0,3,3
Chaddonnay,0,3,3
Chadeeka,0,3,3
Chadeeley,0,3,3
Chadeen,0,3,3
Chadel,3,0,3
Chadelsha,0,3,3
Chadéna,0,3,3
Chadena,0,3,3
Chadesa,0,3,3
Chadésly,0,3,3
Chadesse,0,3,3
Chadha,3,0,3
Châdi,3,0,3
Châdia,0,3,3
Chādia,0,3,3
Chadiah,0,3,3
Chadida,0,3,3
Chadidjagatoen,0,3,3
Chadidsja,0,3,3
Chadiejah,0,3,3
Chadiën,0,3,3
Chadiënne,0,3,3
Chadier,3,0,3
Chadile,3,0,3
Chadim,3,0,3
Chadina,0,3,3
Chadinio,3,0,3
Chadissa,0,3,3
Chadiya,0,3,3
Chadiyyah,0,3,3
Chadiza,0,3,3
Chadler,3,0,3
Chadly,3,0,3
Chadna,0,3,3
Chadny,3,0,3
Chadô,3,0,3
Chadonay,0,3,3
Chadoneé,0,3,3
Chadoua,0,3,3
Chadra,0,3,3
Chadramani,3,0,3
Chadric,3,0,3
Chadriën,0,3,3
Chadrylle,0,3,3
Chadwick,3,0,3
Chadyah,0,3,3
Chadynara,0,3,3
Chaè,0,3,3
Cháe,0,3,3
Chae-andré,3,0,3
Chaé-ly,0,3,3
Chaé-Lynn,0,3,3
Chaed,3,0,3
Chaeden-Jayh,3,0,3
Chaedon,3,0,3
Chaeimae,0,3,3
Chäela,0,3,3
Chaëla,0,3,3
Chaelee,0,3,3
Chaeleen-Jade,0,3,3
Chaelen,3,0,3
Chaelènne,0,3,3
Chaeli-May,0,3,3
Chaelinde,0,3,3
Chaëliyah,0,3,3
Chaelize,0,3,3
Chaell,0,3,3
Chaéll,0,3,3
Chaelle,0,3,3
Chaèlle,0,3,3
Chaellisha,0,3,3
Chaely,0,3,3
Chaelynn,0,3,3
Chaema,0,3,3
Chaemau,0,3,3
Chaendo,3,0,3
Chaenmar,3,0,3
Chaenn,0,3,3
Chaenna,0,3,3
Chaerani,0,3,3
Chaerdjan,3,0,3
Cháerisha,0,3,3
Chaerissa,0,3,3
Chaerlyne-Lian,0,3,3
Chaermayn,0,3,3
Chaero,3,0,3
Chaerrele,0,3,3
Chaerul,3,0,3
Chaese,3,0,3
Chaevano,3,0,3
Chaëve,0,3,3
Chaevenly,0,3,3
Chaeviën,0,3,3
Chaëviënely,0,3,3
Chaevy,3,0,3
Chaevynn,3,0,3
Chaey,3,0,3
Chaeydan,3,0,3
Chaeyenna,0,3,3
Chafai,3,0,3
Chafairo,3,0,3
Chafaithly,0,3,3
Chafaney,0,3,3
Chafani,0,3,3
Chafar,3,0,3
Chafarelle,0,3,3
Chafaro,3,0,3
Chafasia,0,3,3
Chafayka,0,3,3
Chafayly,0,3,3
Chafeila,0,3,3
Chafeka,0,3,3
Chaferio,3,0,3
Chafery,0,3,3
Chaffano,3,0,3
Chaffely,0,3,3
Chaffia,0,3,3
Chaffier,3,0,3
Chaffira,0,3,3
Chaffon,0,3,3
Chafiaã,0,3,3
Chafiae,3,0,3
Chafinio,3,0,3
Chafira,0,3,3
Chafiya,0,3,3
Chafnee,0,3,3
Chafra,0,3,3
Chafya,0,3,3
Chagaï,3,0,3
Chagail,0,3,3
Chagailsa,0,3,3
Chagajeg,0,3,3
Chàgall,3,0,3
Chagarin,3,0,3
Chagay,3,0,3
Chagenna,0,3,3
Chaggia,0,3,3
Chaggith,0,3,3
Chagiro,3,0,3
Chagnoux,0,3,3
Chagoefta,0,3,3
Chagriëtha,0,3,3
Chagüero,3,0,3
Chaguille,3,0,3
Chahainy,0,3,3
Chahaira,0,3,3
Chahairy,3,0,3
Chahayri,0,3,3
Châhd,0,3,3
Chaheen,3,0,3
Chaherazade,0,3,3
Chahidahgatoen,0,3,3
Chahieda,0,3,3
Chahiem,3,0,3
Chahim,3,0,3
Chahina,0,3,3
Chahines,0,3,3
Chahineze,0,3,3
Chahla,0,3,3
Chahm,3,0,3
Chahneze,0,3,3
Chahra,0,3,3
Chahra-Zaad-Aïcha,0,3,3
Chahrazaad,0,3,3
Chahrzad,0,3,3
Chahya,0,3,3
Chahzad,3,0,3
Chaï,3,0,3
Chai-Henry,3,0,3
Chai-Lin,0,3,3
Chaiab,3,0,3
Chaiane,0,3,3
Chaiannah,0,3,3
Chaichan,3,0,3
Chaichana,3,0,3
Chaicris,3,0,3
Chaideline,0,3,3
Chaidez,3,0,3
Chaidir,3,0,3
Chaidira,0,3,3
Chaidrion,3,0,3
Chaidyen,0,3,3
Chaie,3,0,3
Chaieb,3,0,3
Chaiem,3,0,3
Chaien,0,3,3
Chaienna,0,3,3
Chaier,3,0,3
Chaiera,0,3,3
Chaifar,3,0,3
Chaiff,3,0,3
Chaihir,3,0,3
Chaij,3,0,3
Chaijah,0,3,3
Chaijenne,0,3,3
Chaijma,0,3,3
Chaijmaa,0,3,3
Chaiko,3,0,3
Chail,0,3,3
Chailah,0,3,3
Chailai,0,3,3
Chailany,0,3,3
Chailendra,3,0,3
Chailendranath,3,0,3
Chailesh-Dinesh,3,0,3
Chailette,0,3,3
Chailin,3,0,3
Chailinderdath,3,0,3
Chailini,0,3,3
Chailisa,0,3,3
Chaïlja,0,3,3
Chaillyne,0,3,3
Chailo,0,3,3
Chailoo,3,0,3
Chailynn,0,3,3
Chaim-Cornel,3,0,3
Chaim-Ezra,3,0,3
Chaĩma,0,3,3
Chaimaà,0,3,3
Chaïmaâ,0,3,3
Chaimaā,0,3,3
Chaïmâa,0,3,3
Chaimaë,0,3,3
Chaimaê,0,3,3
Chaimai,0,3,3
Chaîmaî,0,3,3
Chaimarice,0,3,3
Chaimayro,3,0,3
Chaimberly,0,3,3
Chaimé,0,3,3
Chaimee,0,3,3
Chaimel,0,3,3
Chaimen,3,0,3
Chaimeron,3,0,3
Chaimil,3,0,3
Chaimilo,3,0,3
Chaimiron,3,0,3
Chain-Kwey,3,0,3
Chaïna,0,3,3
Chainailey,0,3,3
Chainan,3,0,3
Chainfa,3,0,3
Chainiero,3,0,3
Chainson,3,0,3
Chainy,0,3,3
Chainyviënne,0,3,3
Chainyviere,3,0,3
Chaio-Cher,3,0,3
Chaiphanya,3,0,3
Chaique,0,3,3
Chaiqúel,3,0,3
Chair,3,0,3
Chäira,0,3,3
Chairaf,0,3,3
Chairany,0,3,3
Chaireen,0,3,3
Chairel,0,3,3
Chairél,0,3,3
Chairell,0,3,3
Chairellah,0,3,3
Chairelly,0,3,3
Chairely,0,3,3
Chairelyna,0,3,3
Chairelynn,0,3,3
Chairengeley,3,0,3
Chairesse,0,3,3
Chairette,0,3,3
Chairi,0,3,3
Chairiah,0,3,3
Chairiel,3,0,3
Chairielle,0,3,3
Chairin,0,3,3
Chairina,0,3,3
Chairine,0,3,3
Chaïrionela,0,3,3
Chairissa,0,3,3
Chairiya,0,3,3
Chairlette,0,3,3
Chairmane,0,3,3
Chaironaisa,0,3,3
Chaironny,0,3,3
Chairony,3,0,3
Chaïrson,3,0,3
Chairudin,3,0,3
Chairul,3,0,3
Chairun,3,0,3
Chairunnisa,0,3,3
Chairwin,3,0,3
Chairy,0,3,3
Chaïsa,0,3,3
Chaïsha,0,3,3
Chaisin,3,0,3
Chaïssa,0,3,3
Chaistha,0,3,3
Chaitely,0,3,3
Chaitlin,0,3,3
Chaitram,3,0,3
Chaivenna,0,3,3
Chaiveron,3,0,3
Chaiworn,3,0,3
Chaiwut,3,0,3
Chaiy,0,3,3
Chaiyapak,3,0,3
Chaiyapong,3,0,3
Chaiyma,0,3,3
Chaiyo,3,0,3
Chajarenah,0,3,3
Chajem,3,0,3
Chájen,0,3,3
Chajenne,0,3,3
Chajer,0,3,3
Chajera,0,3,3
Chajie,3,0,3
Chajiem,3,0,3
Chajjim,3,0,3
Chajlena,0,3,3
Chajmaa,0,3,3
Chajona,0,3,3
Chajora,0,3,3
Chajres,3,0,3
Chakairah,0,3,3
Chakar,0,3,3
Chakarias,3,0,3
Chakaya,0,3,3
Chakealy,0,3,3
Chakeera,0,3,3
Chakéno,3,0,3
Chaker,3,0,3
Chakewno,3,0,3
Chakiël,3,0,3
Chakiela,0,3,3
Chakiem,3,0,3
Chakiesha,0,3,3
Chakiesia,0,3,3
Chakieta,0,3,3
Chakif,3,0,3
Chakim,3,0,3
Chakina,0,3,3
Chakiri,0,3,3
Chakiry,0,3,3
Chakita,0,3,3
Chakith,0,3,3
Chakkraphat,3,0,3
Chako,3,0,3
Chakoentla,0,3,3
Chakoo,3,0,3
Chakotey,3,0,3
Chakra,3,0,3
Chakrawarty,3,0,3
Chakrayout,3,0,3
Chakresh,3,0,3
Chakrevarta,3,0,3
Chakya,0,3,3
Chakyr,3,0,3
Chalace,0,3,3
Chalaem,0,3,3
Chalaisa,0,3,3
Chalaiza,0,3,3
Chalalai,0,3,3
Chalanamara,0,3,3
Chalane,0,3,3
Chalara,0,3,3
Chalaya,0,3,3
Chalayla,0,3,3
Chalcis,3,0,3
Chaldéa,0,3,3
Chaldeana,0,3,3
Chaldeën,3,0,3
Chaldemar,3,0,3
Chaldia,0,3,3
Chaldoen,3,0,3
Chaldriënne,0,3,3
Chaldrik,3,0,3
Chaleah,0,3,3
Chaleane,0,3,3
Chalecia,0,3,3
Chaleena,0,3,3
Chaleeza,0,3,3
Chaleisha,0,3,3
Chalel,3,0,3
Chaléla,0,3,3
Chalelin,0,3,3
Chalendy,0,3,3
Chaléne,0,3,3
Chalenka,0,3,3
Chalese,0,3,3
Chalessa,0,3,3
Chalessio,3,0,3
Chalette,0,3,3
Chaley,0,3,3
Chaleya,0,3,3
Chaleyna,0,3,3
Chali,3,0,3
Chalia,0,3,3
Chaliane,0,3,3
Chalica,0,3,3
Chalica-Vénda,0,3,3
Chalicia,0,3,3
Chaliega,0,3,3
Chalielola,3,0,3
Chalieqa,0,3,3
Chaliesha,0,3,3
Chalin,0,3,3
Chalinde,0,3,3
Chaliniedevi,0,3,3
Chalinikadevi,0,3,3
Chalinka,0,3,3
Chalinna,0,3,3
Chalinno,3,0,3
Chaliq,3,0,3
Chalis,3,0,3
Chalise,0,3,3
Chalisia,0,3,3
Chalitino,3,0,3
Chalito,3,0,3
Chaliya-Nora,0,3,3
Challa,3,0,3
Challaine,0,3,3
Challako,3,0,3
Challamang,3,0,3
Challeandra,0,3,3
Challemar,0,3,3
Challenger-Joëll,3,0,3
Challez,3,0,3
Challéz,3,0,3
Challinagatoen,0,3,3
Challisa,0,3,3
Challista,0,3,3
Chally,0,3,3
Challyne,0,3,3
Challysa,0,3,3
Chalmer,3,0,3
Chalmot,3,0,3
Chalomme,0,3,3
Chalona,0,3,3
Chalot,0,3,3
Chalsea-Jesmin,0,3,3
Chalson,3,0,3
Chaltène,0,3,3
Chaltu,0,3,3
Chalvane,0,3,3
Chalvi,3,0,3
Chalvon,3,0,3
Chaly,3,0,3
Chalyce,0,3,3
Chalyene,0,3,3
Chalyennetely,0,3,3
Chalyl,3,0,3
Chalysa,0,3,3
Chalysha,0,3,3
Chalyssia,0,3,3
Chalysta,0,3,3
Chalyto,3,0,3
Cham-Ras,3,0,3
Cháma,0,3,3
Chamada,0,3,3
Chamade,0,3,3
Chamaëlle,0,3,3
Chamai,0,3,3
Chamaïl,0,3,3
Chamaima,0,3,3
Chamain,0,3,3
Chamaina,3,0,3
Chàmaine,0,3,3
Chamainy,0,3,3
Chamaiphon,0,3,3
Chamairo,3,0,3
Chamairow,3,0,3
Chamaïyra,0,3,3
Chamali,0,3,3
Chamall,3,0,3
Chamamah,0,3,3
Chaman,3,0,3
Chamane,0,3,3
Chamanta,0,3,3
Chamany,0,3,3
Chamaran,3,0,3
Chamarelle,0,3,3
Chamarie,0,3,3
Chamarihana,0,3,3
Chamarilla,0,3,3
Chamarlo,3,0,3
Chamarro,3,0,3
Chamath,3,0,3
Chamathna,0,3,3
Chamatkaar,0,3,3
Chamãu,3,0,3
Chamayre,0,3,3
Chamayrish,0,3,3
Chamaysa,0,3,3
Chamba,3,0,3
Chamber,3,0,3
Chamberlaine,3,0,3
Chamberlij,0,3,3
Chamberlin,3,0,3
Chamberry,3,0,3
Chambert,3,0,3
Chambertin,3,0,3
Chambica,0,3,3
Chambriélle,0,3,3
Chamch',3,0,3
Chamchdin,3,0,3
Chamchedien,3,0,3
Chamchünder-Kumar,3,0,3
Chamea,0,3,3
Chameal,3,0,3
Chameda,0,3,3
Chaméenique,0,3,3
Chameesh,3,0,3
Chameila,0,3,3
Chameira,0,3,3
Chameiro,3,0,3
Chamela,0,3,3
Chamelie,0,3,3
Chamèlle,0,3,3
Chamelva,0,3,3
Chamen,0,3,3
Chamena,0,3,3
Chamene,0,3,3
Chamenta,0,3,3
Chameón,0,3,3
Chamera,0,3,3
Chamere,0,3,3
Chamèro,3,0,3
Chames,0,3,3
Chamesedin,3,0,3
Chami,3,0,3
Chamicha,0,3,3
Chamid,3,0,3
Chamida,0,3,3
Chamie,3,0,3
Chamiël,3,0,3
Chamilah,0,3,3
Chamilda,0,3,3
Chamilein,0,3,3
Chamiliën,0,3,3
Chamillah,0,3,3
Chamille,0,3,3
Chamin,3,0,3
Chaminda,0,3,3
Chamipersad,3,0,3
Chamirio,3,0,3
Chamisah,0,3,3
Chamisha,0,3,3
Chamista,0,3,3
Chamiyah,3,0,3
Chamkumar,3,0,3
Chamma,3,0,3
Chammel,0,3,3
Chammo,3,0,3
Chamnan,3,0,3
Chamod,3,0,3
Chamoetal,0,3,3
Chamon,3,0,3
Chamonix,0,3,3
Chamoura,0,3,3
Champal,3,0,3
Champallo,3,0,3
Champee,3,0,3
Champei,0,3,3
Champion,3,0,3
Chamrain,0,3,3
Chamreun,3,0,3
Chams-a-din,0,3,3
Chams-Edinne,3,0,3
Chamsedinne,3,0,3
Chamsey,0,3,3
Chamss,3,0,3
Chamsse,0,3,3
Chamsy,0,3,3
Chamtinah,0,3,3
Chamuël-Kyran,3,0,3
Chamuon,3,0,3
Chân,3,0,3
Chan-gé,0,3,3
Chan-Mi,0,3,3
Chan-Nam,3,0,3
Chan-Ne,0,3,3
Chan-Yi,3,0,3
Chaná,0,3,3
Chanaaz,0,3,3
Chanachai,3,0,3
Chanada,0,3,3
Chanadoa,0,3,3
Chanaël,3,0,3
Chanaeyla,0,3,3
Chanai,0,3,3
Chanaia,0,3,3
Chanaica,0,3,3
Chanaida,0,3,3
Chanaidey,0,3,3
Chanaidy,0,3,3
Chanaila,0,3,3
Chanaïra,0,3,3
Chanaïs,0,3,3
Chanaisca,0,3,3
Chanaiya,0,3,3
Chanaka,3,0,3
Chanakorn,3,0,3
Chanakya,3,0,3
Chânân,3,0,3
Chananda,3,0,3
Chanania,0,3,3
Chanany,0,3,3
Chanao,0,3,3
Chànarra,0,3,3
Chanasja,0,3,3
Chanatda,0,3,3
Chanau,3,0,3
Chanaury,0,3,3
Chanayat,3,0,3
Chanayda,0,3,3
Chanayka,0,3,3
Chanaylee,0,3,3
Chanayli,0,3,3
Chanaysa,0,3,3
Chanaysca,0,3,3
Chancec,3,0,3
Chancel,3,0,3
Chancelina,0,3,3
Chancellor,3,0,3
Chancelord,3,0,3
Chancentely,0,3,3
Chancera,0,3,3
Chances,3,0,3
Chanceses,0,3,3
Chanchal,0,3,3
Chanchéla,0,3,3
Chanchele,0,3,3
Chanchira,0,3,3
Chancholė,3,0,3
Chançi,0,3,3
Chancity,0,3,3
Chanco,3,0,3
Chand-du-Nisha,0,3,3
Chandah,0,3,3
Chandailly,0,3,3
Chandajai,3,0,3
Chandal,0,3,3
Chandandeep,3,0,3
Chandani-devi,0,3,3
Chandanidebie,0,3,3
Chandanidevi,0,3,3
Chandaniedevi,0,3,3
Chandara,0,3,3
Chandareprakash,3,0,3
Chandarika,3,0,3
Chandarpersad,3,0,3
Chandarvatie,0,3,3
Chandayra,0,3,3
Chande,0,3,3
Chandéé,0,3,3
Chandelis,0,3,3
Chandelisa,0,3,3
Chandenidewi,0,3,3
Chandenidewie,0,3,3
Chandénie,0,3,3
Chandeniedebie,0,3,3
Chandeniederi,0,3,3
Chandeniedevie,0,3,3
Chandeniedewie,0,3,3
Chandenikoemari,0,3,3
Chandera,0,3,3
Chanderbahnsing,3,0,3
Chanderbhanpersad,3,0,3
Chanderbhosh,3,0,3
Chanderbos,3,0,3
Chanderbosch,3,0,3
Chanderbosh,3,0,3
Chanderdat,3,0,3
Chanderen,3,0,3
Chanderika,3,0,3
Chanderisha,0,3,3
Chanderjiet,3,0,3
Chanderkala,0,3,3
Chanderkali,0,3,3
Chanderlekha,0,3,3
Chanderlekhan,0,3,3
Chandermatie,0,3,3
Chandermatti,0,3,3
Chandermel,3,0,3
Chandermoekhie,0,3,3
Chanderpate-Janny,0,3,3
Chanderpatie,0,3,3
Chanderperkash,3,0,3
Chanderranie,0,3,3
Chandersein,3,0,3
Chandersing,3,0,3
Chandersingh,3,0,3
Chandesh,3,0,3
Chandewi,0,3,3
Chandhenie,0,3,3
Chandhi,0,3,3
Chandhinie,0,3,3
Chandhnie,0,3,3
Chandiley,0,3,3
Chandima,0,3,3
Chandinidevi,0,3,3
Chandiniedevi,0,3,3
Chandiny,0,3,3
Chandise,0,3,3
Chandly,3,0,3
Chandna,0,3,3
Chandnandhnie,0,3,3
Chandnarain,3,0,3
Chandniedevi,0,3,3
Chandnikumari,0,3,3
Chandnikumarie,0,3,3
Chandny,0,3,3
Chando,0,3,3
Chandol,3,0,3
Chandoney,0,3,3
Chandra-Kumar,3,0,3
Chandrabuana,3,0,3
Chandradath,3,0,3
Chandradebie,0,3,3
Chandradevi,0,3,3
Chandradhar,3,0,3
Chandragoeptasing,3,0,3
Chandrahprakas,3,0,3
Chandrakamal,3,0,3
Chandrakant,3,0,3
Chandrakanthdebie,0,3,3
Chandramani,3,0,3
Chandramatie,0,3,3
Chandramenu,3,0,3
Chandramukhi,0,3,3
Chandranathan,3,0,3
Chandranidevi,0,3,3
Chandranie,0,3,3
Chandrapala,3,0,3
Chandraprabha,0,3,3
Chandraprasad,3,0,3
Chandrasena,0,3,3
Chandrau,0,3,3
Chandravati,0,3,3
Chandravatie,0,3,3
Chandrawaty,0,3,3
Chandré,3,0,3
Chandreau,0,3,3
Chandrebhaam,3,0,3
Chandrebose,3,0,3
Chandredath,3,0,3
Chandredatsingh,3,0,3
Chandreena,0,3,3
Chandregupta,3,0,3
Chandrejoti,0,3,3
Chandrekala,0,3,3
Chandrekiran,0,3,3
Chandrekisoor,3,0,3
Chandrekoemarie,0,3,3
Chandrelika,0,3,3
Chandrelila,0,3,3
Chandrell,0,3,3
Chandrellie,0,3,3
Chandremoeghie,0,3,3
Chandremukhi,0,3,3
Chandremuki,0,3,3
Chandreprekash,3,0,3
Chandresena,0,3,3
Chandrewatie,0,3,3
Chandreylika,0,3,3
Chandri,3,0,3
Chandrick,3,0,3
Chandriëlle,0,3,3
Chandriëlva,0,3,3
Chandrikasing,3,0,3
Chandrilah,0,3,3
Chandrin,3,0,3
Chandrion,3,0,3
Chandrix,3,0,3
Chandrseen,3,0,3
Chandruëla,0,3,3
Chandry,0,3,3
Chandsi,0,3,3
Chanduru,3,0,3
Chandwie,0,3,3
Chandyron,3,0,3
Chanéa,0,3,3
Chaneal,3,0,3
Chaneaux,0,3,3
Chanéden,0,3,3
Chanedy,0,3,3
Chaneeca,0,3,3
Chaneeka,0,3,3
Chaneela,0,3,3
Chanééqua,0,3,3
Chaneesha,0,3,3
Chanefka,0,3,3
Chaneica,0,3,3
Chaneila,0,3,3
Chaneiro,3,0,3
Chânel,0,3,3
Chanël,0,3,3
Chanel-Lyric,0,3,3
Chanelca,0,3,3
Chanelda,0,3,3
Chanelenie,0,3,3
Chanelety,0,3,3
Chaneli,0,3,3
Chanelis,0,3,3
Chanelisa,0,3,3
Chanelka,0,3,3
Chanell-Jade,0,3,3
Chánèlle,0,3,3
Chànelle,0,3,3
Chanelle-Lee,0,3,3
Chanelle-lee,0,3,3
Chanelleny,0,3,3
Chanelli,0,3,3
Chanellis,3,0,3
Chanellivy,0,3,3
Chanëlly,0,3,3
Chanelpha,0,3,3
Chanelsca,0,3,3
Chanelvincey,0,3,3
Chanelys,0,3,3
Chanen,0,3,3
Chanenie,0,3,3
Chanery,3,0,3
Chanès-Denise,0,3,3
Chanesia,0,3,3
Chaneska,0,3,3
Chanesley,0,3,3
Chaness,0,3,3
Chanessa,0,3,3
Chanet,0,3,3
Chanetsa,0,3,3
Chanèty,0,3,3
Chanety,0,3,3
Chaneve,0,3,3
Chanévy,0,3,3
Chaneydienne,0,3,3
Chaneyro,3,0,3
Chaneyya,0,3,3
Chanfort,3,0,3
Chang-la,0,3,3
Changail,0,3,3
Changeliniho,3,0,3
Changez,3,0,3
Changita,0,3,3
Changiva,0,3,3
Changling,3,0,3
Changoer,0,3,3
Changoo,3,0,3
Changping,3,0,3
Changquito,3,0,3
Changsheng,3,0,3
Changuna,0,3,3
Changyuan,3,0,3
Chánh,3,0,3
Chanhel,0,3,3
Chanhwi,3,0,3
Chanic,0,3,3
Chánice,0,3,3
Chanice-Kimberley,0,3,3
Chánicia,0,3,3
Chanida,0,3,3
Chaniefa,0,3,3
Chanielkumar,3,0,3
Chaniell,3,0,3
Chanienke,0,3,3
Chaniera,0,3,3
Chaniey,3,0,3
Chanifah,0,3,3
Chanifua,0,3,3
Chanika-Devi,0,3,3
Chanil,3,0,3
Chanilcia,0,3,3
Chanillia,0,3,3
Chanimra,0,3,3
Chanindu,3,0,3
Chaninequa,0,3,3
Chaninka,0,3,3
Chaninqa,0,3,3
Chaniqau,0,3,3
Chaniro,3,0,3
Chanis,0,3,3
Chanisca,0,3,3
Chaniseina,0,3,3
Chanisia,0,3,3
Chanissara,0,3,3
Chanisse,0,3,3
Chanista,0,3,3
Chanistria,0,3,3
Chanitá,0,3,3
Chanitah,0,3,3
Chanito,3,0,3
Chanivya,0,3,3
Chaniyah,0,3,3
Chanja,0,3,3
Chanjona,0,3,3
Chanjuan,0,3,3
Chanla,0,3,3
Chanle,3,0,3
Chanley,0,3,3
Chanlindra,3,0,3
Chanly,3,0,3
Chanmar,0,3,3
Chànna,0,3,3
Channa-Claire,0,3,3
Channa-Rosa,0,3,3
Channadi,3,0,3
Channae,0,3,3
Chànnàh,0,3,3
Channáh,0,3,3
Channarong,3,0,3
Channary,0,3,3
Channay,0,3,3
Channdaravuth,3,0,3
Channè,3,0,3
Channeaux,0,3,3
Channee,0,3,3
Channeila,0,3,3
Channeke,0,3,3
Channeli,0,3,3
Channelijne,0,3,3
Channell,0,3,3
Channellity,0,3,3
Channeltha,0,3,3
Channemin,0,3,3
Channena,0,3,3
Channey,0,3,3
Channeylies,0,3,3
Channidy,0,3,3
Channiely,0,3,3
Channika,0,3,3
Channin,0,3,3
Channique,0,3,3
Channisa,0,3,3
Channita,0,3,3
Channiva,0,3,3
Channola,0,3,3
Channtelle,0,3,3
Channy-Lee,0,3,3
Channy-lee,0,3,3
Channyka,0,3,3
Chanõa,0,3,3
Chanoah-Lynn,0,3,3
Chanoah-Sky,0,3,3
Chanoah-sky,0,3,3
Chanoch,3,0,3
Chanoë,0,3,3
Chanoé,0,3,3
Chanoeck,0,3,3
Chanoeda,0,3,3
Chanoëll,0,3,3
Chanok,3,0,3
Chanoll,3,0,3
Chanomie,0,3,3
Chanonna,0,3,3
Chanoony,0,3,3
Chanoowan,0,3,3
Chanora,0,3,3
Chanou-Chantal,0,3,3
Chanoucke,0,3,3
Chanouka,0,3,3
Chanoule,0,3,3
Chanoun,3,0,3
Chanour,0,3,3
Chanousca,0,3,3
Chanovy,0,3,3
Chanpen,0,3,3
Chanpheakmony,0,3,3
Chanpheavy,0,3,3
Chanpreet,3,0,3
Chanquito,3,0,3
Chanrango,3,0,3
Chansellé,0,3,3
Chansis,0,3,3
Chansong,3,0,3
Chansophath,3,0,3
Chansopheak,0,3,3
Chansothany,0,3,3
Chansri,0,3,3
Chanta-Devi,0,3,3
Chántae,0,3,3
Chantahl,0,3,3
Chantaily,0,3,3
Chántal,0,3,3
Chantàl,0,3,3
Chantâl,0,3,3
Chantal-Barbara,0,3,3
Chantal-Denise,0,3,3
Chantal-Elisabeth,0,3,3
Chantal-Esmé,0,3,3
Chantal-Francesca,0,3,3
Chantal-Gishlaine,0,3,3
Chantal-Jeannette,0,3,3
Chantal-Marlon,0,3,3
Chantal-Maroeska,0,3,3
Chantal-Minouche,0,3,3
Chantal-Natalie,0,3,3
Chantâle,0,3,3
Chantalee,0,3,3
Chantalina,0,3,3
Chantalisja,0,3,3
Chântalle,0,3,3
Chantalli,0,3,3
Chantallie,3,0,3
Chantalou,3,0,3
Chantalrella,0,3,3
Chantalus,3,0,3
Chantaly,0,3,3
Chantamoniques,0,3,3
Chantan,0,3,3
Chantane,0,3,3
Chantanelle,0,3,3
Chantaney,0,3,3
Chantanie,0,3,3
Chantant,0,3,3
Chantaram,3,0,3
Chantarampan,0,3,3
Chantarell,0,3,3
Chantarelle,0,3,3
Chantaya,0,3,3
Chantaye,0,3,3
Chantayel,0,3,3
Chanté-Mary,0,3,3
Chantea,0,3,3
Chantée-Latrice,0,3,3
Chantèle,3,0,3
Chantelese,0,3,3
Chanteley,0,3,3
Chantélisha,0,3,3
Chantelize,0,3,3
Chantellamy,0,3,3
Chantèlle,0,3,3
Chantêlle,0,3,3
Chantélle,0,3,3
Chantellise,0,3,3
Chanténa,0,3,3
Chantenne,0,3,3
Chantenri,0,3,3
Chanterelle,0,3,3
Chantesh,3,0,3
Chantésly,0,3,3
Chantéy,0,3,3
Chanthalien,0,3,3
Chanthaliza,0,3,3
Chanthalle,0,3,3
Chanthana,0,3,3
Chanthee,0,3,3
Chanthin,3,0,3
Chanthira,0,3,3
Chanthony,0,3,3
Chanthy,0,3,3
Chanthya,0,3,3
Chantia,0,3,3
Chantico,0,3,3
Chantidaa,0,3,3
Chantiedebie,0,3,3
Chantiëlla,0,3,3
Chantiene,0,3,3
Chantiëne,0,3,3
Chantiénne,3,0,3
Chantifa,0,3,3
Chantijn,0,3,3
Chantik,0,3,3
Chantil,0,3,3
Chantilla,0,3,3
Chantille,0,3,3
Chantimala,0,3,3
Chanting,0,3,3
Chantiño,3,0,3
Chantira,0,3,3
Chantisha,0,3,3
Chantiyon,0,3,3
Chantly,0,3,3
Chantoesia,0,3,3
Chantonelle,0,3,3
Chantony,3,0,3
Chantor,3,0,3
Chantousa,0,3,3
Chantousha,0,3,3
Chantoussia,0,3,3
Chantoya,0,3,3
Chantrela,0,3,3
Chantrese,0,3,3
Chantrice,0,3,3
Chanttal,0,3,3
Chantuo,3,0,3
Chantur,3,0,3
Chantus,3,0,3
Chantyl,0,3,3
Chantysha,0,3,3
Chanuk,3,0,3
Chanusan,3,0,3
Chanwiczaal,3,0,3
Chany-Ann,0,3,3
Chanyca,0,3,3
Chanyla,0,3,3
Chanylla,0,3,3
Chanyne,0,3,3
Chanyra,0,3,3
Chanyro,3,0,3
Chanyt-sa,0,3,3
Chanyta,0,3,3
Chao-Hang,3,0,3
Chao-Hsing,0,3,3
Chao-Ming,3,0,3
Chao-Wei,3,0,3
Chao-Xiang,3,0,3
Chaoiki,3,0,3
Chaolin,3,0,3
Chaomee,0,3,3
Chaomi,0,3,3
Chaonaine,0,3,3
Chaony,0,3,3
Chaowu,3,0,3
Chaoyuhua,3,0,3
Chapeau,0,3,3
Chapelle,0,3,3
Chapin,3,0,3
Chapine,0,3,3
Chapla,0,3,3
Chapua,0,3,3
Chapusot,3,0,3
Chaqaina,0,3,3
Chaqan,0,3,3
Chaqelin,0,3,3
Chaqiel,3,0,3
Chaqiell,3,0,3
Chaqinyo,3,0,3
Chaqon,3,0,3
Chaquaina,0,3,3
Chaquandell,3,0,3
Chaquél,0,3,3
Chaquéla,0,3,3
Chaquela,0,3,3
Chaqueliene,0,3,3
Chaqueline,0,3,3
Chaqui,3,0,3
Chaquielle,3,0,3
Chaquill,0,3,3
Chaquillio,3,0,3
Chaquim,3,0,3
Chaquiña,0,3,3
Chaquina,0,3,3
Chaquino,3,0,3
Chaquira,0,3,3
Chaquirah,0,3,3
Chaquitta,0,3,3
Chaqulin,0,3,3
Chaquno,3,0,3
Char'nay,0,3,3
Char-Eline,0,3,3
Char-ell,0,3,3
Char-Jaylenn,3,0,3
Char-lee,0,3,3
Char-linde,0,3,3
Char-yelies,0,3,3
Charada,0,3,3
Charadé,0,3,3
Charadina,0,3,3
Charaeni,0,3,3
Charaf-din,3,0,3
Charaf-eddine,3,0,3
Charafa,0,3,3
Charafaddin,3,0,3
Charafaddine,3,0,3
Charafdine,3,0,3
Charafdinne,3,0,3
Charafeddin,3,0,3
Charafedine,3,0,3
Charaffedine,3,0,3
Charagnie,0,3,3
Charaicha,0,3,3
Charaïda,0,3,3
Charaigio,3,0,3
Charaija,0,3,3
Charaina,0,3,3
Charaiza,0,3,3
Charál,0,3,3
Charalambus,3,0,3
Charald,3,0,3
Charalda,0,3,3
Charalma,0,3,3
Charalton,3,0,3
Charaly,0,3,3
Charam,0,3,3
Charamara,0,3,3
Charamia,0,3,3
Charamise,0,3,3
Charanca,0,3,3
Charanda-Jazzlynne,0,3,3
Charandeep,0,3,3
Charandély,0,3,3
Charandip,0,3,3
Charandjietsing,3,0,3
Charandjitsingh,3,0,3
Charandra,0,3,3
Charanjitsingh,3,0,3
Charankumar,3,0,3
Charanne,0,3,3
Charansingh,3,0,3
Charanti,0,3,3
Charanya,0,3,3
Charat,3,0,3
Charawee,0,3,3
Charay-Lee,0,3,3
Charayleé,0,3,3
Charaylie,0,3,3
Charaylis,0,3,3
Charayna,0,3,3
Charayno,3,0,3
Charaysa,0,3,3
Charayza,0,3,3
Charazé,0,3,3
Charbeau,0,3,3
Charbell,3,0,3
Charbelle,0,3,3
Charble,3,0,3
Charbles,3,0,3
Charcelé,3,0,3
CharChen,3,0,3
Chardáhmae,0,3,3
Chardailey,0,3,3
Chardaime,3,0,3
Chardain,0,3,3
Chardaney,0,3,3
Chardany,0,3,3
Chardasia,0,3,3
Chardayli,0,3,3
Chardé-Milou,0,3,3
Chardea,0,3,3
Chardeely,0,3,3
Chardelice,0,3,3
Chardell,3,0,3
Chardellys,0,3,3
Chardely,0,3,3
Chardena,0,3,3
Chardennay,0,3,3
Chardey,0,3,3
Chardeychëon,3,0,3
Chardez,3,0,3
Chardhadibié,0,3,3
Chardi,3,0,3
Chardia,0,3,3
Chardie,0,3,3
Chardionny,0,3,3
Chardjenea,0,3,3
Chardley,3,0,3
Chardo,3,0,3
Chardon,3,0,3
Chardonae,0,3,3
Chardonai,0,3,3
Chardonay-Sebahad,0,3,3
Chardonna,0,3,3
Charéa,0,3,3
Charea,0,3,3
Chareau,3,0,3
Chareay,0,3,3
Chareaynis,0,3,3
Chareda,0,3,3
Chareé,0,3,3
Chareena,0,3,3
Chareeva,0,3,3
Charefdine,3,0,3
Chareina,0,3,3
Charel-Dean,3,0,3
Charel-maria,0,3,3
Charela,0,3,3
Chareledine,0,3,3
Charelijn,0,3,3
Charelison,3,0,3
Charèlla,0,3,3
Charellé,0,3,3
Charelle-Alize,0,3,3
Charellety,0,3,3
Charelli,0,3,3
Charello,3,0,3
Charellys,0,3,3
Charelsey,0,3,3
Charelston,3,0,3
Charelthon,3,0,3
Charelthy,0,3,3
Charelton,3,0,3
Charelyn,0,3,3
Charelynn,0,3,3
Charemi,0,3,3
Charendel,3,0,3
Charendo,3,0,3
Charéne,0,3,3
Charenety,0,3,3
Charenity,0,3,3
Charennatty,0,3,3
Charenne,0,3,3
Charennity,0,3,3
Charensca,0,3,3
Charenshelo,3,0,3
Charentley,3,0,3
Charents,3,0,3
Charenz,0,3,3
Charenzo,3,0,3
Chareo,3,0,3
Charès,3,0,3
Chares,0,3,3
Charesley,0,3,3
Charess,0,3,3
Charestine,0,3,3
Chareta,0,3,3
Charetha,0,3,3
Charethy,0,3,3
Chareti,0,3,3
Charette,0,3,3
Charettie,0,3,3
Charey-Ann,0,3,3
Chareya,3,0,3
Charezo,3,0,3
Charfadine,3,0,3
Chargay,0,3,3
Chargeno,3,0,3
Charger,3,0,3
Chargiño,3,0,3
Chargino,3,0,3
Charhold,3,0,3
Chari-yenne,0,3,3
Chariah,0,3,3
Chariah-Kay,0,3,3
Chariangeley,0,3,3
Charianto,3,0,3
Charibel,0,3,3
Charicety,0,3,3
Charich,3,0,3
Chariche,0,3,3
Charichelo,3,0,3
Charidy,0,3,3
Charieke,0,3,3
Chariel,3,0,3
Chariell,0,3,3
Chariëll,0,3,3
Chariella,0,3,3
Chariëlla,0,3,3
Chàrien,0,3,3
Chariene,0,3,3
Chariesa,0,3,3
Chariesse,0,3,3
Charieta,0,3,3
Charif-Kariem,3,0,3
Charifayenna,0,3,3
Charife,3,0,3
Charifedine,3,0,3
Charifno,3,0,3
Charigna,0,3,3
Charigoya,0,3,3
Charihan,0,3,3
Charij,0,3,3
Charijosenie,0,3,3
Charik,3,0,3
Charilaine,0,3,3
Charile,0,3,3
Charilea,0,3,3
Charilene,0,3,3
Charilsa,0,3,3
Chariluska,0,3,3
Charilynn,0,3,3
Charina-Anne,0,3,3
Charinia,0,3,3
Charinio,3,0,3
Charinity,0,3,3
Charinja,0,3,3
Charinnjo,3,0,3
Charioly,0,3,3
Charipa,0,3,3
Charisano,3,0,3
Charischma,0,3,3
Chariselle,0,3,3
Charish,0,3,3
Charishadebie,0,3,3
Charishe,0,3,3
Charishia,0,3,3
Charishka,0,3,3
Charishsa,0,3,3
Charisley,0,3,3
Charísma,0,3,3
Charismadevi,0,3,3
Charismakoemarie,0,3,3
Charismata,0,3,3
Charisnah,0,3,3
Charissa-Cheyenne,0,3,3
Charissa-Savannah,0,3,3
Charissah,0,3,3
Charisseé,0,3,3
Charissima,0,3,3
Charistan,3,0,3
Charisti,0,3,3
Charistina,0,3,3
Chariswatie,0,3,3
Charisya,0,3,3
Charit,0,3,3
Charita-Kah-Yan,0,3,3
Charitadevie,0,3,3
Charitée,0,3,3
Charitee,0,3,3
Charitéé,0,3,3
Charith,3,0,3
Charitini,0,3,3
Charitomeni,0,3,3
Charitsa,0,3,3
Charitta,0,3,3
Charity-Cadee,0,3,3
Charity-Jane,0,3,3
Charityengel,0,3,3
Charitysha,0,3,3
Charive,3,0,3
Charivensely,0,3,3
Chariviëf,0,3,3
Chariviënne,0,3,3
Charivy,0,3,3
Chariya,0,3,3
Chariyel,0,3,3
Chariyen,0,3,3
Chariz,0,3,3
Charjan,3,0,3
Charjanti,0,3,3
Charjayli,0,3,3
Charjaylie,0,3,3
Charkeyli,0,3,3
Charkie,3,0,3
Charl-Brett,3,0,3
Charl-Joost,3,0,3
Charlaina,0,3,3
Charláine,0,3,3
Charlaine-Charlotte,0,3,3
Charlan,3,0,3
Charlanda,0,3,3
Charlani,0,3,3
Charlany,0,3,3
Charlea,0,3,3
Charleana,0,3,3
Charleatsia,0,3,3
Charleau,3,0,3
Charledewi,0,3,3
Charlee-An,0,3,3
Charlee-Moon,0,3,3
Charleena,0,3,3
Charleenna,0,3,3
Charleentje,0,3,3
Charleeza,0,3,3
Charleij,3,0,3
Charlely,0,3,3
Charléné,0,3,3
Charlene-Angelique,0,3,3
Charlene-Ilonka,0,3,3
Charlene-May,0,3,3
Charlënne,0,3,3
Charlènne,0,3,3
Charlenti,0,3,3
Charleny,0,3,3
Charlenys,0,3,3
Charleon,3,0,3
Charleonay,0,3,3
Charlès,3,0,3
Charles-Alphonsus,3,0,3
Charles-Anthony,3,0,3
Charles-Jan,3,0,3
Charles-Jeroen,3,0,3
Charles-Victor,3,0,3
Charles-Xavier,3,0,3
Charlesa,0,3,3
Charlese,0,3,3
Charleshan,3,0,3
Charleslouis,3,0,3
Charleson,3,0,3
Charlesoni,0,3,3
Charlesson,3,0,3
Charletty,0,3,3
Charley-Ann,0,3,3
Charley-Jo,0,3,3
Charley-Myrthe,0,3,3
Charléyne,0,3,3
Charlgusta,0,3,3
Charli-Fenn,3,0,3
Charlie-Dae,0,3,3
Charlie-Elisa,0,3,3
Charlie-Fay,0,3,3
Charlie-Francis,0,3,3
Charlie-Jax,3,0,3
Charlie-Jazz,0,3,3
Charlie-Jo,0,3,3
Charlie-Lemon,0,3,3
Charlie-Lois,0,3,3
Charlie-Maé,0,3,3
Charlie-Matthias,3,0,3
Charlie-Robinson,3,0,3
Charlie-Roos,0,3,3
Charlientje,0,3,3
Charliese,0,3,3
Charlij,3,0,3
Charlila,0,3,3
Charlinda,0,3,3
Charlinde,0,3,3
Charlini,0,3,3
Charlinio,3,0,3
Charlinja,0,3,3
Charlique,0,3,3
Charlis,3,0,3
Charlisha,0,3,3
Charlisia,0,3,3
Charliss,0,3,3
Charlité,0,3,3
Charlitha,0,3,3
Charlitz,0,3,3
Charliz,0,3,3
Charlìze,0,3,3
Charlize-Amélie,0,3,3
Charlize-Ilona,0,3,3
Charlizz,0,3,3
Charll,3,0,3
Charllotte,0,3,3
Charlon-Junior,3,0,3
Charlon-Roy,3,0,3
Charlona,0,3,3
Charlondo,3,0,3
Charlot-Elise,0,3,3
Charlota,0,3,3
Charlote,0,3,3
Charlotté,0,3,3
Charlotte-Amalie,0,3,3
Charlotte-Anne,0,3,3
Charlotte-Annemarie,0,3,3
Charlotte-Cécile,0,3,3
Charlotte-Claire,0,3,3
Charlotte-Elize,0,3,3
Charlotte-Fay,0,3,3
Charlotte-Floor,0,3,3
Charlotte-Lieve,0,3,3
Charlotte-Maria,0,3,3
Charlotte-Marie,0,3,3
Charlotte-Miriam,0,3,3
Charlotte-Paulette,0,3,3
Charlotte-Roos,0,3,3
Charlotte-Sarah,0,3,3
Charlotti,0,3,3
Charloty,0,3,3
Charlou,0,3,3
Charlouise,0,3,3
Charlsie,0,3,3
Charlson,3,0,3
Charlston,3,0,3
Charlsy,0,3,3
Charlt,3,0,3
Charly-Ann,0,3,3
Charlyce,0,3,3
Charlye,0,3,3
Chárlyne,0,3,3
Charlynne,0,3,3
Charlysha,0,3,3
Charlysia,0,3,3
Charmaé,0,3,3
Charmaindry,3,0,3
Charmaïne,0,3,3
Charmainn,0,3,3
Charmainné,0,3,3
Charmaintly,0,3,3
Charmakeh,3,0,3
Charmala,0,3,3
Charmando,3,0,3
Charmandy,0,3,3
Charmanie,0,3,3
Charmanio,3,0,3
Charmanta,0,3,3
Charmanthy,0,3,3
Charmarcke,3,0,3
Charmarice,0,3,3
Charmarke,3,0,3
Charmax,0,3,3
Charmaylyse,0,3,3
Charmè,0,3,3
Charme,0,3,3
Charmé-Rose,0,3,3
Charmea,0,3,3
Charmeé,0,3,3
Charmei,0,3,3
Charmeirah,0,3,3
Charmela,0,3,3
Charmeldo,3,0,3
Charmelene,0,3,3
Charmeli,0,3,3
Charmelita,0,3,3
Charmèlle,0,3,3
Charmelo,3,0,3
Charmenda,0,3,3
Charmeõna,0,3,3
Charmera,0,3,3
Charmette,0,3,3
Charmey,0,3,3
Charmeya,0,3,3
Charmeye,0,3,3
Charmeyna,0,3,3
Charmeyne,0,3,3
Charmieckel,3,0,3
Charmiel,0,3,3
Charmieladebie,0,3,3
Charmiëne,0,3,3
Charmij,3,0,3
Charmilah,0,3,3
Charmilette,0,3,3
Charmilha,0,3,3
Charmilia,0,3,3
Charmilie,0,3,3
Charmillet,0,3,3
Charming,3,0,3
Charmique,0,3,3
Charmiro,3,0,3
Charmissy,0,3,3
Charmista,0,3,3
Charmond,3,0,3
Charmonice,0,3,3
Charmony,3,0,3
Charmyla,0,3,3
Charmylla,0,3,3
Charmyne,0,3,3
Charnailys,0,3,3
Charnairah,0,3,3
Charné,0,3,3
Charnee,0,3,3
Charnefer,0,3,3
Charnèle,0,3,3
Charnello,3,0,3
Charnett,3,0,3
Charnetta,0,3,3
Charneu,3,0,3
Charney,0,3,3
Charneyne,0,3,3
Charnique,0,3,3
Charnita,0,3,3
Charnity,0,3,3
Charnize,0,3,3
Charnjit,3,0,3
Cháro,0,3,3
Charobi,0,3,3
Charoef,3,0,3
Charoenadevi,0,3,3
Charol,0,3,3
Charolène,0,3,3
Charoll,0,3,3
Charoly,0,3,3
Charoma,0,3,3
Charomany,0,3,3
Charomey,3,0,3
Charomie,0,3,3
Cháron,0,3,3
Charön,0,3,3
Charonae,0,3,3
Charonee,0,3,3
Charonel,0,3,3
Charonia,0,3,3
Charonika,0,3,3
Charonline,0,3,3
Charonni,0,3,3
Charoon,0,3,3
Charoona,0,3,3
Charosana,0,3,3
Charouse,0,3,3
Charousia,0,3,3
Charoy,3,0,3
Charoza,0,3,3
Charpentier,0,3,3
Charqueny,0,3,3
Charquis,3,0,3
Charquisha,0,3,3
Charraf,3,0,3
Charreé-Maine,0,3,3
Charrêl,0,3,3
Charrela,0,3,3
Charrelety,0,3,3
Charreley,0,3,3
Charrelice,0,3,3
Charrène,0,3,3
Charreno,3,0,3
Charret,0,3,3
Charret-Lee,0,3,3
Charretee,0,3,3
Charretey,0,3,3
Charrety,0,3,3
Charrica,0,3,3
Charrice,0,3,3
Charriday,0,3,3
Charrina,0,3,3
Charrinjo,3,0,3
Charris,3,0,3
Charrle,3,0,3
Charro-Nathan,3,0,3
Charrol,3,0,3
Charrolt,3,0,3
Chärron,3,0,3
Charróne,0,3,3
Charroo,3,0,3
Charry,0,3,3
Charry-Ann,0,3,3
Charryan,3,0,3
Charrybiën,0,3,3
Charryda,0,3,3
Charryl,0,3,3
Charrylain,0,3,3
Charsel,3,0,3
Charsinio,3,0,3
Charsiño,3,0,3
Charsja,0,3,3
Charstina,0,3,3
Charsy,0,3,3
Chart,3,0,3
Chartan,0,3,3
Charté,0,3,3
Chartinie,0,3,3
Chartley,0,3,3
Chartoo,3,0,3
Chartree,3,0,3
Charü,0,3,3
Charu-Vientelly,0,3,3
Charucha,0,3,3
Charuell,3,0,3
Charuella,0,3,3
Charuk,3,0,3
Charule,3,0,3
Charumati,0,3,3
Charuna,0,3,3
Charuvienchely,0,3,3
Charvailly,0,3,3
Charvainy,0,3,3
Charvairo,3,0,3
Charvana,0,3,3
Charvanaa,0,3,3
Charvanna,0,3,3
Charvannie,0,3,3
Charvean,0,3,3
Charved,3,0,3
Charvelle,0,3,3
Charvenna,0,3,3
Charvenshelo,3,0,3
Charveric,3,0,3
Charvi,0,3,3
Charviano,3,0,3
Charviantely,0,3,3
Charvielle,0,3,3
Charvien,3,0,3
Charviëno,3,0,3
Charviënsley,3,0,3
Charviëntely,0,3,3
Charvieny,0,3,3
Charviér,3,0,3
Charvino,3,0,3
Charvinyo,3,0,3
Charvita,0,3,3
Charvon,3,0,3
Charvuntly,3,0,3
Charwad,3,0,3
Charwelley,0,3,3
Charwitsa,0,3,3
Chary-Ann,0,3,3
Chary-Lynn,0,3,3
Charya,0,3,3
Charyania,0,3,3
Charydah,0,3,3
Charyfe,3,0,3
Charylain,0,3,3
Charylen,0,3,3
Charylla,0,3,3
Charyma,0,3,3
Charymee,0,3,3
Charynda,0,3,3
Charynée,0,3,3
Charyon,3,0,3
Charyson,3,0,3
Charyva,0,3,3
Charyvienka,0,3,3
Charyvienne,0,3,3
Chasabneja,0,3,3
Chasandra,0,3,3
Cháse,3,0,3
Chaseedy,0,3,3
Chaselin,3,0,3
Chaselynn,0,3,3
Chasen,3,0,3
Chaseron,3,0,3
Chaseson,3,0,3
Chasethy,0,3,3
Chasety,0,3,3
Chashena,0,3,3
Chashmedev,3,0,3
Chasia,0,3,3
Chaska-ñawi,0,3,3
Chaske,3,0,3
Chaskel,3,0,3
Chasky,3,0,3
Chaslaine,0,3,3
Chasliana,0,3,3
Chaslyn,0,3,3
Chasmaine,0,3,3
Chasmar,0,3,3
Chasmara,0,3,3
Chasny,0,3,3
Chason,3,0,3
Chasqa,0,3,3
Chassa,3,0,3
Chassandra,0,3,3
Chasse,3,0,3
Chassedy,0,3,3
Chassenine,0,3,3
Chassey,0,3,3
Chastidey,0,3,3
Chastine,0,3,3
Chastiny,0,3,3
Chastitty,0,3,3
Chasty,0,3,3
Chasya,0,3,3
Chasyah,0,3,3
Chasz,3,0,3
Chat,0,3,3
Chata,0,3,3
Chataime,0,3,3
Chataine,0,3,3
Chatainya,0,3,3
Chatal,0,3,3
Châtal,0,3,3
Chatalin,0,3,3
Chatalyn,0,3,3
Chatani,0,3,3
Chatariena,0,3,3
Chatarines,3,0,3
Chatarinus,3,0,3
Chatchai,3,0,3
Chatchalin,3,0,3
Chateau,3,0,3
Chatel,0,3,3
Chatela,0,3,3
Chatelien,0,3,3
Chatelina,0,3,3
Chaterah,0,3,3
Chaterinet,0,3,3
Chaterpal,3,0,3
Chathalina,0,3,3
Chatharinus,3,0,3
Chathrina,0,3,3
Chatian,3,0,3
Chatidja,0,3,3
Chatie,3,0,3
Chatifah,0,3,3
Chatilla,0,3,3
Chatima,0,3,3
Chatinka,0,3,3
Chatisch,3,0,3
Chatish,3,0,3
Chatja,0,3,3
Chatly,3,0,3
Chatoun,0,3,3
Chatrath,3,0,3
Chatri,0,3,3
Chatrien,0,3,3
Chatrun,3,0,3
Chatta,0,3,3
Chattely,0,3,3
Chattergoen,3,0,3
Chatterley,0,3,3
Chatterpalsing,3,0,3
Chatterpalsingh,3,0,3
Chatty,0,3,3
Chatun,0,3,3
Chatura,3,0,3
Chatzany,0,3,3
Chaued,3,0,3
Chauélla,0,3,3
Chaui,3,0,3
Chaukat,3,0,3
Chauki,3,0,3
Chauliene,0,3,3
Chaulize,0,3,3
Chaumy,3,0,3
Chaun,3,0,3
Chaunce,3,0,3
Chauncey-Jones,3,0,3
Chaundae,0,3,3
Chauni,0,3,3
Chaunice,0,3,3
Chauntae,0,3,3
Chauntall,0,3,3
Chaunte,0,3,3
Chauntea,0,3,3
Chauny,0,3,3
Chaúque,3,0,3
Chava-Judith,0,3,3
Chavaia,0,3,3
Chavaila,0,3,3
Chavailah,0,3,3
Chavailly,0,3,3
Chavaio,3,0,3
Chavairo,3,0,3
Chavala,0,3,3
Chavalee,0,3,3
Chavalet,0,3,3
Chavali,0,3,3
Chavalie,0,3,3
Chavalitca,0,3,3
Chavallah,0,3,3
Chavalley,0,3,3
Chavaly,0,3,3
Chavanel,3,0,3
Chavanell,0,3,3
Chavanimah,0,3,3
Chavanna,0,3,3
Chavannah,0,3,3
Chavanni,0,3,3
Chavanty,0,3,3
Chávany,0,3,3
Chavany,0,3,3
Chavaraël,3,0,3
Chavarello,3,0,3
Chavari,3,0,3
Chavarra,0,3,3
Chavarri,3,0,3
Chaveall,0,3,3
Chaveas,0,3,3
Chavee,3,0,3
Chaveena,0,3,3
Chavéla,0,3,3
Chavéley,0,3,3
Chaveley,0,3,3
Chavélii,0,3,3
Chavellety,0,3,3
Chavellij,0,3,3
Chavelo,3,0,3
Chavély,0,3,3
Chavenco,3,0,3
Chavenelly,0,3,3
Chavenely,0,3,3
Chavengely,0,3,3
Chavenia,0,3,3
Chavenique,0,3,3
Chavennelie,0,3,3
Chavennely,0,3,3
Chaventley,0,3,3
Chavently,3,0,3
Chavenza,0,3,3
Chavèr,3,0,3
Chaveria,0,3,3
Chaverio,3,0,3
Chavert,3,0,3
Chavery,0,3,3
Chaveryl,0,3,3
Chavés,3,0,3
Chavesz,3,0,3
Chavex,3,0,3
Chavey,3,0,3
Chàvez,3,0,3
Chavéz,3,0,3
Chavêz,3,0,3
Chaveza,0,3,3
Chavianae,0,3,3
Chaviane,0,3,3
Chaviëlle,0,3,3
Chaviën,0,3,3
Chaviënne,0,3,3
Chavienny,0,3,3
Chavientely,0,3,3
Chavienty,0,3,3
Chaviero,3,0,3
Chaviersensia,0,3,3
Chavija,0,3,3
Chavildo,3,0,3
Chavill,3,0,3
Chavillio,3,0,3
Chavillo,3,0,3
Chavin,0,3,3
Chavino,3,0,3
Chavintaly,0,3,3
Chaviro,3,0,3
Chavis,3,0,3
Chavita,0,3,3
Chavlyane,0,3,3
Chàvon,3,0,3
Chavony,0,3,3
Chavora,0,3,3
Chavra,0,3,3
Chavyah,0,3,3
Chavyano,3,0,3
Chavyenna,0,3,3
Chavyer,3,0,3
Chavyna,0,3,3
Chawanlak,0,3,3
Chawar,3,0,3
Chawelli,0,3,3
Chawelly,0,3,3
Chawezi,3,0,3
Chawish,3,0,3
Chawita,0,3,3
Chawlyn,0,3,3
Chawn,3,0,3
Chawo,3,0,3
Chawwale,0,3,3
Chawyar,3,0,3
Chay'ara,0,3,3
Chay-Anne,0,3,3
Cháy-Ara,0,3,3
Chay-Den,3,0,3
Chay-Ivy,0,3,3
Chay-Lee,0,3,3
Chay-Lotte,0,3,3
Chày-Lynn,0,3,3
Chay-Pin,0,3,3
Cháya,0,3,3
Chaya-Aniyäh,0,3,3
Chaya-Lynn,0,3,3
Chayaan,3,0,3
Chayana,0,3,3
Chayanan,3,0,3
Chayane,0,3,3
Chayani,0,3,3
Chayanika,0,3,3
Chayanny,0,3,3
Chayano,3,0,3
Chayanon,3,0,3
Chayapha,0,3,3
Chayara,0,3,3
Chayarrah,0,3,3
Chaydee,3,0,3
Chaydelice,0,3,3
Chaydenia,0,3,3
Chaydi,3,0,3
Chaydienne,0,3,3
Chaydin,3,0,3
Chaydion,3,0,3
Chaydiron,3,0,3
Chaydon,3,0,3
Chaydylan,3,0,3
Chaydyrich,3,0,3
Chayé,0,3,3
Chayeane,0,3,3
Chayee,0,3,3
Chayen-May,0,3,3
Chayenã,0,3,3
Chayenah,0,3,3
Chayendee,0,3,3
Chayendra,0,3,3
Chayéne,0,3,3
Chayenee,0,3,3
Chayenity,0,3,3
Chayënn,0,3,3
Chayénna,0,3,3
Chayenná,0,3,3
Chayenna-Noa,0,3,3
Chayennataye,0,3,3
Chayenné,0,3,3
Chayënne,0,3,3
Chayenne-Jenaya,0,3,3
Chayenne-Jessi,0,3,3
Chayenne-Kaylee,0,3,3
Chayenne-Kayleigh,0,3,3
Chayenneh,0,3,3
Chayennen,0,3,3
Chayennety,0,3,3
Chayeno,3,0,3
Chayensa,0,3,3
Chayenta,0,3,3
Chayenteley,0,3,3
Chayfaaz,3,0,3
Chayfano,3,0,3
Chayfheirson,3,0,3
Chayfiëlja,0,3,3
Chayheana,0,3,3
Chayhenne,0,3,3
Chayin,3,0,3
Chaylai,3,0,3
Chaylaine,0,3,3
Chaylan,3,0,3
Cháylani,0,3,3
Chaylano,3,0,3
Chaylee,0,3,3
Chayleen,0,3,3
Chaylène,0,3,3
Chaylene,0,3,3
Chaylenne,0,3,3
Chaylianna,0,3,3
Chaylianne,0,3,3
Chaylina,0,3,3
Chaylinder,3,0,3
Chayline,0,3,3
Chaylinn,0,3,3
Chaylisa,0,3,3
Chayliy,0,3,3
Chaymaâ,0,3,3
Chaymáa,0,3,3
Chaymaä,0,3,3
Chaymaë,0,3,3
Chaymayrho,3,0,3
Chaymea,0,3,3
Chaymira,0,3,3
Chaymiray,0,3,3
Chaymora,0,3,3
Chayna-Eve,0,3,3
Chaynairo,3,0,3
Chaynaley,0,3,3
Chaynali-mary,0,3,3
Chaynell,3,0,3
Chaynelyse,0,3,3
Chayni,0,3,3
Chaynil,3,0,3
Chaynique,0,3,3
Chayniro,3,0,3
chayno,3,0,3
Chayny,0,3,3
Chayon,3,0,3
Chayona,0,3,3
Chayrak,3,0,3
Chayrano,3,0,3
Chayrel,0,3,3
Chayren,3,0,3
Chayrend,3,0,3
Chayrhno,3,0,3
Chayriel,0,3,3
Chayroma,0,3,3
Chayrone,3,0,3
Chaysee,0,3,3
Chaytaly,0,3,3
Chaython,3,0,3
Chayvenna,0,3,3
Chayzen,3,0,3
Cház,3,0,3
Chaz-Lee,3,0,3
Chaza,0,3,3
Chazaël,3,0,3
Chazaja,0,3,3
Chazajah,0,3,3
Chazey,0,3,3
Chazia-Khatoen,0,3,3
Chazíalley,0,3,3
Chazien,3,0,3
Chaziha,0,3,3
Chazira,0,3,3
Chaziya,0,3,3
Chazley,3,0,3
Chazlyn,0,3,3
Chazmon-Alexander,3,0,3
Chazneay,0,3,3
Chàznica,0,3,3
Chazo,3,0,3
Chazz-Bodhi,0,3,3
Chazz-Lee,3,0,3
Chazz-River,3,0,3
Chazza,0,3,3
Chazzle,3,0,3
CHB,3,0,3
Chè,0,3,3
Che',0,3,3
Che'nelle,0,3,3
Che'Vaughn,3,0,3
Che'vaughn,3,0,3
Ché-Chevera,3,0,3
Ché-Dean,3,0,3
Ché-fyr,3,0,3
Che-Guevara,3,0,3
Che-Jara,3,0,3
Che-Jurney,0,3,3
Che-Kayley,0,3,3
Che-Kee,3,0,3
Chè-L'amore,0,3,3
Che-Lan,0,3,3
Che-ley,0,3,3
Ché-Maliq,3,0,3
Che-Mayra,0,3,3
Ché-Noël,3,0,3
Ché-Shon,3,0,3
Ché-Vano,3,0,3
Che-Vaughn,0,3,3
Ché-Venjelly,0,3,3
Che-Yan,3,0,3
Chea,3,0,3
Cheace,3,0,3
Cheaden-Jea,3,0,3
Cheadenmar,3,0,3
Cheafrity,0,3,3
Chealpha,3,0,3
Chealrichpha,3,0,3
Chealse,0,3,3
Chealsun,3,0,3
Chealtiël,3,0,3
Chealy,0,3,3
Cheandly,3,0,3
Cheandric,3,0,3
Chéandrick,3,0,3
Cheandro,3,0,3
Cheane,3,0,3
Cheanelle,0,3,3
Chéanellity,0,3,3
Cheangelysa,0,3,3
Cheanice,0,3,3
Cheanine,0,3,3
Cheänna,0,3,3
Cheanne,0,3,3
Cheannin,3,0,3
Chearanté,0,3,3
Chearety,0,3,3
Chearitée,0,3,3
Chearlton,3,0,3
Chearvin,3,0,3
Cheasedy,0,3,3
Cheasity,0,3,3
Cheaska,0,3,3
Cheaston,3,0,3
Cheavelly,0,3,3
Cheaverno,3,0,3
Cheayenna,0,3,3
Cheayenne,0,3,3
Cheb,3,0,3
Chebar,3,0,3
Chebbi,3,0,3
Chebéli,0,3,3
Chebely,0,3,3
Cheber,3,0,3
Cheber-yo,3,0,3
Chebika,0,3,3
Chébio,3,0,3
Chebo,3,0,3
Chébon,3,0,3
Chebrian,3,0,3
Checairo,3,0,3
Checca,0,3,3
Checco,3,0,3
Chécerina,0,3,3
Cheche,0,3,3
Chechekala,0,3,3
Checiel,0,3,3
Checlydely,0,3,3
Checolev,3,0,3
Checyenne,0,3,3
Checylya,0,3,3
Checyn,3,0,3
Chedaily,0,3,3
Chedairo,3,0,3
Chedan,3,0,3
Chedawn,0,3,3
Chedayné,0,3,3
Chedé,0,3,3
Chedebbely,0,3,3
Chedelvio,3,0,3
Chéden,3,0,3
Chedeny,0,3,3
Chederrick,3,0,3
Chedesnyo,3,0,3
Chedestie,0,3,3
Chediane,0,3,3
Chedianne,0,3,3
Chedid,3,0,3
Chedienne,0,3,3
Chedifeynne,0,3,3
Chedill,0,3,3
Chedina,0,3,3
Chedion,3,0,3
Chediyenne,0,3,3
Chedley,3,0,3
Chedlia,0,3,3
Chédly,3,0,3
Chédon,3,0,3
Chedriek,3,0,3
Chedrik,3,0,3
Chédron,3,0,3
Chedva,0,3,3
Chee-Ching,0,3,3
Chee-Hee,3,0,3
Chee-Ho,3,0,3
Chee-Kean,3,0,3
Chee-Ling,0,3,3
Chee-Lok,3,0,3
Chee-Lung,3,0,3
Chee-man,0,3,3
Chee-Wah,0,3,3
Chee-Ying,0,3,3
Cheedrick,3,0,3
Cheefanie,0,3,3
Cheei,3,0,3
Cheekin,3,0,3
Cheeky,3,0,3
Cheeli,0,3,3
Cheely,0,3,3
Cheemardiyen,0,3,3
Cheëna,0,3,3
Cheenay,0,3,3
Cheeny,0,3,3
Cheequa,0,3,3
Cheerkim,3,0,3
Cheerralda,0,3,3
Cheers,3,0,3
Cheert,3,0,3
Cheeta,0,3,3
Cheetel,0,3,3
Cheever,3,0,3
Chefae,0,3,3
Chefairo,3,0,3
Chefait,3,0,3
Chefallon,0,3,3
Chéfan,3,0,3
Chefani,0,3,3
Chefanie,0,3,3
Chefaniël,3,0,3
Chefanio,3,0,3
Chéfanja,0,3,3
Chefanja,0,3,3
Chéfano,3,0,3
Chefara,0,3,3
Chefarino,3,0,3
Chefayne,0,3,3
Chefayro,3,0,3
Chefáz,3,0,3
Chefelity,0,3,3
Chefella,0,3,3
Chefenca,0,3,3
Chefenity,0,3,3
Chefeo,3,0,3
Chefer,3,0,3
Cheferney,0,3,3
Cheferno,3,0,3
Cheferny,0,3,3
Cheffren,3,0,3
Cheffry,3,0,3
Chefgeny,0,3,3
Chefia,0,3,3
Chefilia,0,3,3
Chefinally,0,3,3
Chefira,0,3,3
Chefiro,3,0,3
Cheflano,3,0,3
Chefranie,0,3,3
Chefrano,3,0,3
Chefrany,3,0,3
Chefrense,0,3,3
Cheftsiba,0,3,3
Cheftziyah,0,3,3
Chegaily,0,3,3
Chegaira,0,3,3
Chegall,0,3,3
Chegauin,0,3,3
Chegerally,0,3,3
Chegillo,3,0,3
Cheglaisa,0,3,3
Chegmoen,3,0,3
Chegou,3,0,3
Chégué,3,0,3
Chehab,3,0,3
Chehalis,0,3,3
Cheharazade,0,3,3
Chehd,0,3,3
Chehedy,0,3,3
Chehem,3,0,3
Chehenaz,0,3,3
Chehera,0,3,3
Chehin,3,0,3
Chehina,0,3,3
Chehlaa,0,3,3
Chehrazade,0,3,3
Cheich,3,0,3
Cheickh,3,0,3
Cheickna,3,0,3
Cheielsa,0,3,3
Cheighten,3,0,3
Cheijenne,0,3,3
Cheik,3,0,3
Cheikhbaye,3,0,3
Cheikhou,3,0,3
Cheilenda,0,3,3
Cheilene,0,3,3
Cheimah,0,3,3
Cheirio,3,0,3
Cheirison,3,0,3
Cheiro,3,0,3
Cheirourgous,3,0,3
Cheiryvion,3,0,3
Chejenne,3,0,3
Cheju,3,0,3
Chejurni,0,3,3
Chekar,3,0,3
Chekayna,0,3,3
Chèkè,3,0,3
Cheke,0,3,3
Chekeisha,0,3,3
Chekelly,0,3,3
Chekina,0,3,3
Chekinio,3,0,3
Chekira,0,3,3
Chekki,3,0,3
Chekresh,3,0,3
Chekwesia,0,3,3
Chekwumechukwu,0,3,3
Chelagat,0,3,3
Chélaine,0,3,3
Chelaisa,0,3,3
Chelaisha,0,3,3
Chèlan,0,3,3
Chélana,0,3,3
Chelangat,0,3,3
Chelani,0,3,3
Chélani,0,3,3
Chelania,0,3,3
Chelano,3,0,3
Chelaya,0,3,3
Chelayne,0,3,3
Chelaynia,0,3,3
Chelayno,3,0,3
Chelayro,3,0,3
Chelaysa,0,3,3
Chélaysiah,0,3,3
Chelba,0,3,3
Chelbert,3,0,3
Chelbia,0,3,3
Chelcelina,0,3,3
Chelchea,0,3,3
Chelcie,0,3,3
Chelcyndo,3,0,3
Cheldai,3,0,3
Cheldaï,0,3,3
Cheldonne,0,3,3
Cheleesa,0,3,3
Chelem,3,0,3
Chelemendry,3,0,3
Cheléna,0,3,3
Chéléna,0,3,3
Chèlena,0,3,3
Chèlene,0,3,3
Cheléne,0,3,3
Chélene,0,3,3
Cheleng,3,0,3
Chelensio,3,0,3
Chelesa,0,3,3
Chelesea,0,3,3
Chelessa,0,3,3
Chelest,0,3,3
Chelester,0,3,3
Chelestyne,0,3,3
Chéley-Ann,0,3,3
Cheleysa,0,3,3
Cheleysha,0,3,3
Cheleyza,0,3,3
Chelfany,0,3,3
Chelia,0,3,3
Cheliandro,3,0,3
Chéliäny,0,3,3
Cheliauw,3,0,3
Chelice,0,3,3
Chelicety,0,3,3
Chelicity,0,3,3
Chelien,0,3,3
Chelieneke,0,3,3
Chèline,0,3,3
Cheliney,0,3,3
Chelinna,0,3,3
Chelio,3,0,3
Chelise,0,3,3
Chélise-Géraldine,0,3,3
Chelisha,0,3,3
Chelisia,0,3,3
Chélisiana,0,3,3
Chelitha,0,3,3
Chelivia,0,3,3
Chelkia,0,3,3
Chélla,0,3,3
Chellaina,0,3,3
Chellaine,0,3,3
Chellan,3,0,3
Chellaney,0,3,3
Chellé,0,3,3
Chellee,0,3,3
Chellency,0,3,3
Chellène,0,3,3
Chellenstey,0,3,3
Chellentano,3,0,3
Chelletino,3,0,3
Chelliënne,0,3,3
Chellinda,0,3,3
Chellinne,0,3,3
Chellino,3,0,3
Chellissa,0,3,3
Chellmar,3,0,3
Chelloo,3,0,3
Chelltai,3,0,3
Chellverny,0,3,3
Chelly-Ann,0,3,3
Chelly-Mae,0,3,3
Chellyna,0,3,3
Chellysa,0,3,3
Chellysia,0,3,3
Chellzy,3,0,3
Chelmara,0,3,3
Chelmon,3,0,3
Chelnaira,0,3,3
Chelnesta,0,3,3
Chelomi,0,3,3
Chelomy,0,3,3
Chélone,0,3,3
Cheloo,3,0,3
Chelora,0,3,3
Chelsea-Ann,0,3,3
Chelsea-Blue,0,3,3
Chelsea-Bonnheur,0,3,3
Chelsea-Jane,0,3,3
Chelsea-Juana,0,3,3
Chelsea-Lynn,0,3,3
Chelsea-Mathilda,0,3,3
Chelsean,0,3,3
Chelsey-Ann,0,3,3
Chelsey-Anne,0,3,3
Chelsey-Chènne,0,3,3
Chelsey-Fayénn,0,3,3
Chelsey-Jane,0,3,3
Chelsey-Rose,0,3,3
Chelseya,0,3,3
Chelsi-Jay,0,3,3
Chelso,3,0,3
Chelssea,0,3,3
Chelstar,3,0,3
Chelste,0,3,3
Chelsya,0,3,3
Chelsysea,0,3,3
Cheltysihia,0,3,3
Chelumsri,0,3,3
Cheluna,0,3,3
Chelvana,0,3,3
Chelvano,3,0,3
Chelvéni,0,3,3
Chelverna,0,3,3
Chelwin,3,0,3
Chely,0,3,3
Chelycia,0,3,3
Chelyianne,0,3,3
Chelyn,0,3,3
Chèlyn,0,3,3
Chélynn,0,3,3
Chelynna,0,3,3
Chelyno,3,0,3
Chelysa,0,3,3
Chelyse,0,3,3
Chelysia,0,3,3
Chelzea,0,3,3
Chemaé,0,3,3
Chemae,0,3,3
Chemaeira,0,3,3
Chemaen,0,3,3
Chèmain,0,3,3
Chèmaine,0,3,3
Chemaïne,0,3,3
Chémaine,0,3,3
Chemais,0,3,3
Chemaiyro,3,0,3
Chéman,3,0,3
Chemandy,0,3,3
Chémano,3,0,3
Chemany,0,3,3
Chèmar,3,0,3
Chemara,0,3,3
Chemardely,0,3,3
Chemare,0,3,3
Chemari,0,3,3
Chémaria,0,3,3
Chemarley,3,0,3
Chemashaly,0,3,3
Chemayah,0,3,3
Chemaye,0,3,3
Chèmayne,0,3,3
Chemayne,0,3,3
Chémayne,0,3,3
Chemayr,0,3,3
Chemayren,3,0,3
Chemayro,3,0,3
Chembetu,3,0,3
Chemé,0,3,3
Chèmee,0,3,3
Chemee,0,3,3
Chemée-Lee,0,3,3
Chemeem,0,3,3
Chemeen,0,3,3
Chemèhne,0,3,3
Chemelio,3,0,3
Chemellé,0,3,3
Chemelva,0,3,3
Chemena,0,3,3
Chemencio,3,0,3
Chémène,0,3,3
Chemenê,0,3,3
Chemené,0,3,3
Chèmene,0,3,3
Chementha,0,3,3
Chemero,3,0,3
Chemerreley,0,3,3
Chemetly,0,3,3
Chemiati,3,0,3
Chemiël,3,0,3
Chemienbanu,0,3,3
Chemilia,0,3,3
Chemilla,0,3,3
Chemille,0,3,3
Chemillo,3,0,3
Cheminice,0,3,3
Chemiqua,0,3,3
Chemise,0,3,3
Chemisha,0,3,3
Chemistry,0,3,3
Chemkaya,0,3,3
Chems-eddine,3,0,3
Chems-Eddine,3,0,3
Chemsaddin,3,0,3
Chemsedine,3,0,3
Chemsellah,3,0,3
Chemsy,3,0,3
Chemutai,0,3,3
Chemyra,0,3,3
Chèn,0,3,3
Chen-Chen,0,3,3
Chen-Chyi,0,3,3
Chen-Hai,3,0,3
Chen-Hui,3,0,3
Chen-Lung,3,0,3
Chen-Mee,0,3,3
Chen-mi-jia,0,3,3
Chen-Ming,3,0,3
Chen-Ping,0,3,3
Chen-Ran,0,3,3
Chen-Sheng,3,0,3
Chen-Yun,3,0,3
Chená,0,3,3
Chenaaz,0,3,3
Chenaélah,0,3,3
Chenaely,0,3,3
Chénah,0,3,3
Chenah,3,0,3
Chenaicely,0,3,3
Chenaidey,0,3,3
Chenaijah,0,3,3
Chenaika,0,3,3
Chenailla,0,3,3
Chenailo,3,0,3
Chenaïro,3,0,3
Chenaivangely,0,3,3
Chenaiza,0,3,3
Chenaja,0,3,3
Chenance,0,3,3
Chenandly,0,3,3
Chenani,0,3,3
Chenara,0,3,3
Chénaro,3,0,3
Chenarra,0,3,3
Chenaul,0,3,3
Chenaux,3,0,3
Chénaya,0,3,3
Chenayda,0,3,3
Chenayden,3,0,3
Chenaydha,0,3,3
Chènaye,0,3,3
Chenayla,0,3,3
Chenayli,0,3,3
Chenayna,0,3,3
Chenayro,3,0,3
Chënayro,3,0,3
Chenchala,3,0,3
Chencia,0,3,3
Chency,0,3,3
Chendal,3,0,3
Chendalee,0,3,3
Chendana,0,3,3
Chendell,3,0,3
Chenden,3,0,3
Chender,0,3,3
Chenderly,3,0,3
Chendi,3,0,3
Chendjeansca,0,3,3
Chendjeaydenn,3,0,3
Chendjeayllen,3,0,3
Chendjeayvenn,3,0,3
Chendley,3,0,3
Chéndo,3,0,3
Chendrelekha,0,3,3
Chendrey,3,0,3
Chendrino,3,0,3
Chendrion,3,0,3
Chendro,3,0,3
Chendy,3,0,3
Chene-lee,0,3,3
Cheneal,3,0,3
Cheneali,0,3,3
Chéneau,3,0,3
Cheneaux,3,0,3
Chenebra,0,3,3
Chenedy,0,3,3
Chênèe,0,3,3
Chenefety,0,3,3
Chênefleur,0,3,3
Chenegail,0,3,3
Chenegay,0,3,3
Cheneida,0,3,3
Cheneille,0,3,3
Cheneira,0,3,3
Chenél,0,3,3
Chenelfa,0,3,3
Chenèll,0,3,3
Chenello,3,0,3
Chenellva,0,3,3
Chènelly,0,3,3
Chenelly,0,3,3
Chenelvà,0,3,3
Chenélva,0,3,3
Chènelva,0,3,3
Chenelvio,3,0,3
Chenely,0,3,3
Chenelya,0,3,3
Chenemi,0,3,3
Chênen,0,3,3
Chenena,0,3,3
Chenénevieve,0,3,3
Cheñenis,0,3,3
Chenenna,0,3,3
Chenenne,0,3,3
Cheneriva,0,3,3
Chenesis,0,3,3
Chenessa,0,3,3
Chenesta,0,3,3
Chenet,0,3,3
Cheneta,0,3,3
Chenetty,0,3,3
Chènety,0,3,3
Chenêva,0,3,3
Chenevely,0,3,3
Chenevië,0,3,3
Chenevief,0,3,3
Cheneviëne,0,3,3
Chèneviënne,0,3,3
Cheneviëra,0,3,3
Chèneviéve,0,3,3
Chènevieve,0,3,3
Chénevieve,0,3,3
Chenevieve,0,3,3
Cheneviéve,0,3,3
Chènevievre,0,3,3
Cheneviëvre,0,3,3
Cheneviye,0,3,3
Chenevjé,0,3,3
Chenevjer,0,3,3
Chenèvre,0,3,3
Chenevre,0,3,3
Chéney,0,3,3
Cheney-Lee,0,3,3
Cheneydo,3,0,3
Cheneylise,0,3,3
Cheng-Feng,3,0,3
Cheng-Hao,3,0,3
Cheng-Hee,0,3,3
Cheng-La,0,3,3
Cheng-Li,0,3,3
Cheng-Lin,3,0,3
Cheng-Ye,3,0,3
Cheng-Yee,0,3,3
Chengcheng,3,0,3
Chenghou,3,0,3
Chengji,3,0,3
Chengjing,3,0,3
Chengjun,3,0,3
Chengla,0,3,3
Chenglong,3,0,3
Chengyue,3,0,3
Chenhe,3,0,3
Chenhui,3,0,3
Cheniceley,0,3,3
Cheniegua,0,3,3
Cheniek,0,3,3
Chenieldo,3,0,3
Cheniell,0,3,3
Cheniequa,0,3,3
Chenieque,0,3,3
Cheniera,0,3,3
Chénieva,0,3,3
Chenieva,0,3,3
Chenieve,0,3,3
Chenile,0,3,3
Chenill,0,3,3
Chenillé,0,3,3
Chénille,0,3,3
Chenillie,0,3,3
Chenina,0,3,3
Cheninio,3,0,3
Chénise,0,3,3
Chenish,0,3,3
Chenitha,0,3,3
Cheniti,3,0,3
Chenivah,0,3,3
Cheniya,0,3,3
Cheniyva,0,3,3
Chenjerai,0,3,3
Chenjeu,3,0,3
Chenjun,3,0,3
Chenke,3,0,3
Chenko,3,0,3
Chenlay,0,3,3
Chenli,0,3,3
Chenly,0,3,3
Chènna,0,3,3
Chennaly,0,3,3
Chennasta,0,3,3
Chennay,0,3,3
Chenne-Jeane,0,3,3
Chennegey,0,3,3
Chennegy,0,3,3
Chennèl,0,3,3
Chennelly,0,3,3
Chènnelva,0,3,3
Chennerino,3,0,3
Chennery,0,3,3
Chennethy,0,3,3
Chenneti,0,3,3
Chennevieve,0,3,3
Chennez,0,3,3
Chenni,0,3,3
Chennie,0,3,3
Chennille,0,3,3
Chennita,0,3,3
Chennitey,0,3,3
Chennoah,0,3,3
Chennysa,0,3,3
Chéno,3,0,3
Chenó,3,0,3
Chênoa,0,3,3
Chènoa,0,3,3
Chenoã,0,3,3
Chenoa-Fay,0,3,3
Chenoa-Lynn,0,3,3
Chenoa-Shadea,0,3,3
Chènoah,0,3,3
Chenoey,0,3,3
Chenola,0,3,3
Chenoléh,0,3,3
Chenon,3,0,3
Chénouk,0,3,3
Chenovi,0,3,3
Chenowa,0,3,3
Chens,3,0,3
Chensemellia,0,3,3
Chensil,3,0,3
Chensit,3,0,3
Chensley,0,3,3
Chentana,0,3,3
Chente,0,3,3
Chenteley,0,3,3
Chenthurius,3,0,3
Chentinò,3,0,3
Chentley,3,0,3
Chently,3,0,3
Chenton,3,0,3
Chentong,3,0,3
Chentrella,0,3,3
Chentyl,3,0,3
Chenwei,3,0,3
Chenwin,3,0,3
ChenXi,0,3,3
Chenyang,0,3,3
Chenyari,0,3,3
Chenyce,0,3,3
Chenyfive,0,3,3
Chenyi,0,3,3
Chenyl,0,3,3
Chenylio,3,0,3
Chenylle,0,3,3
Chenyssa,0,3,3
Chenyu,3,0,3
Chenyviëne,0,3,3
Chenyvio,3,0,3
Chenzhong,3,0,3
Chenzuo,3,0,3
Cheo,3,0,3
Cheolseok,3,0,3
Cheomilee,3,0,3
Cheon,3,0,3
Cheong-ah,3,0,3
Cheony,0,3,3
Cheorgeo,3,0,3
Chepa,3,0,3
Cheparon,3,0,3
Chepita,0,3,3
Chepito,3,0,3
Chepkemboi,0,3,3
Chepkoech,0,3,3
Chepkorir,0,3,3
Cheppie,3,0,3
Cheptanui,0,3,3
Cheptum,0,3,3
Cheqennety,0,3,3
Cheqiel,3,0,3
Cheqilla,0,3,3
Cheqita,0,3,3
Chequana,0,3,3
Chequandro,3,0,3
Cheque,3,0,3
Chéquelgio,3,0,3
Chequell,0,3,3
Chéquenne,0,3,3
Chequenzo,3,0,3
Chequetha,0,3,3
Chequida,0,3,3
Chequil,3,0,3
Chequila,0,3,3
Chequile,3,0,3
Chequinio,3,0,3
Chequinne,3,0,3
Chequiño,3,0,3
Chequino,3,0,3
Chequira,0,3,3
Chequitha,0,3,3
Cher'Li-Vaië,0,3,3
Cher-Amy,0,3,3
Chèr-Elle,0,3,3
Cher-Gianyo,3,0,3
Cher-Nihailys,0,3,3
Cher-Rayla,0,3,3
Chèra,0,3,3
Cheradi,0,3,3
Cheraesa,0,3,3
Cherai,0,3,3
Cheraidi,0,3,3
Cheraila,0,3,3
Chéraine,0,3,3
Cheraineys,0,3,3
Cherainie,0,3,3
Cherainnity,0,3,3
Cheraisa,0,3,3
Cheraisha,0,3,3
Cheraisol,0,3,3
Cheraitely,0,3,3
Cheraiva,0,3,3
Cheraja,0,3,3
Cheraji,0,3,3
Cheralann,0,3,3
Cherald,3,0,3
Cheraldi,3,0,3
Cheraldin,0,3,3
Cheraldus,3,0,3
Cheralfa,0,3,3
Cheralghino,3,0,3
Cheralie,0,3,3
Cherality,0,3,3
Cheraliya,0,3,3
Cherallda,0,3,3
Cherally,0,3,3
Chèraly,0,3,3
Cheralyce,0,3,3
Cheramay,0,3,3
Cheramaya,0,3,3
Chêran,3,0,3
Cherance,0,3,3
Cherandely,0,3,3
Cherane,0,3,3
Cheranelia,0,3,3
Cheranice,0,3,3
Chéranie,0,3,3
Cheranique,0,3,3
Cheranitha-Jo,0,3,3
Cheraniya,0,3,3
Cheraniyah,0,3,3
Cheranne,0,3,3
Cherannie,0,3,3
Chérano,3,0,3
Cheranou,0,3,3
Cherantha,0,3,3
Chérany,0,3,3
Cheraphine,0,3,3
Cherard,3,0,3
Chêrard,3,0,3
Cheras,3,0,3
Cherasy,0,3,3
Cheraty,0,3,3
Chèray,3,0,3
Cherayah,0,3,3
Cheraychen,3,0,3
Cherayeen,0,3,3
Cherayla,0,3,3
Cherayly,0,3,3
Cherayn,0,3,3
Cherayni,0,3,3
Cheraynick,0,3,3
Cheraynio,3,0,3
Cherayu,0,3,3
Cherayziah,0,3,3
Cheraz,3,0,3
Cherazet,0,3,3
Cherbethel,0,3,3
Cherbiën,0,3,3
Cherbio,3,0,3
Cherbunus,3,0,3
Chercher,0,3,3
Cherd,3,0,3
Cherda,0,3,3
Cherdain,3,0,3
Cherdainya,0,3,3
Cherdan,3,0,3
Cherdejoy,0,3,3
Cherdelysa,0,3,3
Cherden,3,0,3
Cherdentelly,0,3,3
Cherdesly,0,3,3
Cherdestiny,0,3,3
Cherdiane,0,3,3
Cherdice,0,3,3
Cherdina,0,3,3
Cherdiva,0,3,3
Cherdiyone,3,0,3
Cherdo,3,0,3
Cherdud,3,0,3
Cherdwayna,0,3,3
Chere-Ly,0,3,3
Chereall,0,3,3
Cherece,0,3,3
Cherediën,0,3,3
Chèree,0,3,3
Cheréé,0,3,3
Chereeno,3,0,3
Chereili,0,3,3
Chereilyh,0,3,3
Cherejane,0,3,3
Cherelainey,0,3,3
Cherelany,0,3,3
Cherelaty,0,3,3
Cherelda,0,3,3
Chereldin,0,3,3
Cherele,0,3,3
Chereleina,0,3,3
Chereletey,0,3,3
Cherelety,0,3,3
Cherelfa,0,3,3
Chereli,0,3,3
Cherelice,0,3,3
Cherelien,0,3,3
Chereliese,0,3,3
Cherèlise,0,3,3
Cherélise,0,3,3
Cherelise-Joy,0,3,3
Chèrell,0,3,3
Chèrella,0,3,3
Cherelleny,0,3,3
Cherelley,0,3,3
Chérellie,0,3,3
Cherellise,0,3,3
Chérellity,0,3,3
Cherellity,0,3,3
Cherelllo,3,0,3
Cherellyn,0,3,3
Cherellynn,0,3,3
Cherelvia,0,3,3
Cherelvo,3,0,3
Chèrely,0,3,3
Cherely-Ann,0,3,3
Cherelyah,0,3,3
Cherelyann,0,3,3
Cherelycia,0,3,3
Cherelyne,0,3,3
Cherema,0,3,3
Cheremics,0,3,3
Cheremie,0,3,3
Cheremisch,0,3,3
Cherémy,3,0,3
Chéremy,3,0,3
Cheremy,3,0,3
Cherén,0,3,3
Cheren,0,3,3
Cheréna,0,3,3
Chërenathy,0,3,3
Cherence,3,0,3
Cherencia,0,3,3
Cherendi,3,0,3
Cherendly,3,0,3
Cherendy,3,0,3
Cheréne,0,3,3
Chéréneffe,0,3,3
Chereni,0,3,3
Cherenia,0,3,3
Cherenice,0,3,3
Cherenio,3,0,3
Cherenique,0,3,3
Cherenithy,0,3,3
Cherenko,0,3,3
Cherenna,0,3,3
Cherennety,0,3,3
Cherennity,0,3,3
Cheréno,3,0,3
Cherensa,0,3,3
Cherentiny,0,3,3
Cherently,3,0,3
Cherenzio,3,0,3
Cheres,3,0,3
Cheresa,0,3,3
Chérese,0,3,3
Chereshkumar,3,0,3
Cheresllianny,0,3,3
Cherestein,0,3,3
Cheresty,0,3,3
Chereteny,0,3,3
Chereth,0,3,3
Chèrethy,0,3,3
Cherethy,0,3,3
Cheretie,0,3,3
Cheretien,3,0,3
Cheretly,0,3,3
Chérette,0,3,3
Cheretty,0,3,3
Cherevona,0,3,3
Cherey,0,3,3
Chereyl,0,3,3
Cherez,0,3,3
Chereza,0,3,3
Cherezade,0,3,3
Chereze,0,3,3
Cherezo,3,0,3
Cherfany,0,3,3
Cherfiya,0,3,3
Cherfya,0,3,3
Chergain,0,3,3
Chergaino,3,0,3
Chergeo,3,0,3
Chergiyano,3,0,3
Cherguilio,3,0,3
Cherhard,3,0,3
Cherí,0,3,3
Cheri-Belle,0,3,3
Cheri-Lee,0,3,3
Cheri-Lynn,0,3,3
Cheriada,0,3,3
Chérian,0,3,3
Cheriana,0,3,3
Cheriann,0,3,3
Cherianne,0,3,3
Cheriano,3,0,3
Cherica,0,3,3
Chérice,0,3,3
Chèrice,0,3,3
Cherich,0,3,3
Cherico,3,0,3
Cheridé,0,3,3
Cheride,0,3,3
Cheridina,0,3,3
Chèrié,0,3,3
Cherie-Anne,0,3,3
Chérie-Louise,0,3,3
Chérie-Michelle,0,3,3
Cherié-Noëlle,0,3,3
Cheriea,0,3,3
Cherieda,0,3,3
Cherief,3,0,3
Chèriel,3,0,3
Cheriël,0,3,3
Cherielena,0,3,3
Chériëlle,0,3,3
Chérielle,0,3,3
Cherielya,0,3,3
Cherién,0,3,3
Chérien,0,3,3
Cheriěn,0,3,3
Cheriënella,0,3,3
Cheriënne,0,3,3
Cheriese,0,3,3
Cherieska,0,3,3
Cheriet,3,0,3
Cheriètte,0,3,3
Chèriette,0,3,3
Cherieza,0,3,3
Chérieze,0,3,3
Cherifatou,0,3,3
Cherifio,3,0,3
Cherigoya,0,3,3
Cherijda,0,3,3
Cherijl,0,3,3
Cherijla,0,3,3
Cherike,0,3,3
Chérila,0,3,3
Cherila,0,3,3
Cherilee,0,3,3
Cherileen,0,3,3
Chèrilena,0,3,3
Cherilina,0,3,3
Chérilla,0,3,3
Cherillia,0,3,3
Cherillynn,0,3,3
Chérilouis,0,3,3
Cherilva,0,3,3
Chèrilyn,0,3,3
Cherim,0,3,3
Cherimal,0,3,3
Cherimei,0,3,3
Cherindo,3,0,3
Cherinja,0,3,3
Cherinne,0,3,3
Cheriño,3,0,3
Cherinor,3,0,3
Cheriny,0,3,3
Chéríque,0,3,3
Chèris,0,3,3
Chérisa,0,3,3
Chèrisa,0,3,3
Cherisay,0,3,3
Cherischlee,0,3,3
Cherisé,0,3,3
Cherise-Jomar,0,3,3
Cherise-Luna,0,3,3
Cheriseane,0,3,3
Chèrish,0,3,3
Cherishia,0,3,3
Cherishlee,0,3,3
Cherisht,0,3,3
Cherisio,3,0,3
Cherisma,0,3,3
Cherison,3,0,3
Cherissha,0,3,3
Chérita,0,3,3
Chèritaa,0,3,3
Cheritha,0,3,3
Cherito,3,0,3
Cheritsa,0,3,3
Cheritto,3,0,3
Chériva,0,3,3
Cherix,3,0,3
Chérize,0,3,3
Chérizia,0,3,3
Cherjainy,0,3,3
Cherjam,0,3,3
Cherjayno,3,0,3
Cherjealy,0,3,3
Cherjeannelly,0,3,3
Cherjeannely,0,3,3
Cherjermilya,0,3,3
Cherjero,3,0,3
Cherlaise,0,3,3
Cherlana,0,3,3
Cherlanny,0,3,3
Cherlanya,0,3,3
Cherlary,0,3,3
Cherlay,0,3,3
Cherlayne,0,3,3
Cherle,0,3,3
Cherleendra,0,3,3
Cherlena,0,3,3
Cherléne,0,3,3
Chérléne,0,3,3
Cherleste,0,3,3
Cherlesto,3,0,3
Cherleston,3,0,3
Cherleyánn,0,3,3
Cherleyne,0,3,3
Cherliën,0,3,3
Cherlilawatie,0,3,3
Cherliny,0,3,3
Cherlio,3,0,3
Cherlisha,0,3,3
Cherlissa,0,3,3
Cherlita,0,3,3
Cherlìzè,0,3,3
Cherlly,0,3,3
Cherllyne,0,3,3
Cherllynn,0,3,3
Cherlock,3,0,3
Cherlon,3,0,3
Cherlona,0,3,3
Cherly-ann,0,3,3
Cherlyann,0,3,3
Cherlyndrea,0,3,3
Chèrlyne,0,3,3
Cherlynne,0,3,3
Chermaen,0,3,3
Chermailey,0,3,3
Chérmain,0,3,3
Chermaïn,0,3,3
Chèrmaine,0,3,3
Chermaïne,0,3,3
Chermainè,0,3,3
Chermaîne,0,3,3
Chermane,0,3,3
Chermáne,0,3,3
Chermani,0,3,3
Chermay,0,3,3
Chermaya,0,3,3
Chermé,0,3,3
Chermée,0,3,3
Chermeely,0,3,3
Chermel,3,0,3
Chermelainy,0,3,3
Chermelany,0,3,3
Chermell,0,3,3
Chermelle,0,3,3
Chermènne,0,3,3
Chermenne,0,3,3
Chermensa,0,3,3
Chermeo,3,0,3
Chermer,0,3,3
Chermerly,0,3,3
Chermeyn,0,3,3
Chermiece,0,3,3
Chermijon,3,0,3
Chermila,0,3,3
Chermilo,3,0,3
Chermin,0,3,3
Cherminda,0,3,3
Chermine,0,3,3
Cherminice,0,3,3
Cherminyo,3,0,3
Chermise,0,3,3
Chermisse,0,3,3
Chermista,0,3,3
Chermona,0,3,3
Chermond,3,0,3
Chermynaily,0,3,3
Chernaidely,3,0,3
Chernairo,3,0,3
Chernaldo,3,0,3
Chernaleez,0,3,3
Chernaya,0,3,3
Chernelou,0,3,3
Chernencio,3,0,3
Chernety,0,3,3
Cherney,0,3,3
Cherneygene,0,3,3
Cherng,3,0,3
Chernidia,0,3,3
Chernilde,0,3,3
Chernilssteven,3,0,3
Cherninyo,3,0,3
Chernique,0,3,3
Chéro,0,3,3
Cherocke-Pete,3,0,3
Cheroen,0,3,3
Cherokeey,0,3,3
Cherol,0,3,3
Cherolaïn,0,3,3
Cheroldina,0,3,3
Cheromea,3,0,3
Cherómy,0,3,3
Cheromy'Ann,0,3,3
Cheromy'anne,0,3,3
Cheromy-ann,0,3,3
Cheronay,0,3,3
Cheronda,0,3,3
Cherôné,0,3,3
Chèroney,0,3,3
Cheroni,0,3,3
Cheronie,0,3,3
Cheronimo,3,0,3
Chéronne,0,3,3
Cheronney,0,3,3
Cherono,3,0,3
CheronyRochery,0,3,3
Cherop,0,3,3
Cherosha,0,3,3
Cherotich,0,3,3
Cherouck,0,3,3
Cheroukee,0,3,3
Cherouq,0,3,3
Cheroy,3,0,3
Cherra,0,3,3
Cherrain,0,3,3
Cherrana,0,3,3
Cherray,3,0,3
Cherré,0,3,3
Cherre-Lyn,0,3,3
Cherrecjell,0,3,3
Cherredice,0,3,3
Cherredien,0,3,3
Cherredy,0,3,3
Cherrejean,0,3,3
Cherrelice,0,3,3
Cherrelien,0,3,3
Cherrelijn,0,3,3
Cherreline,0,3,3
Cherrelis,0,3,3
Chèrrell,0,3,3
Cherrella,0,3,3
Chérrelle,0,3,3
Cherrellee,0,3,3
Cherrellynne,0,3,3
Cherrelmilen,0,3,3
Cherrelton,3,0,3
Cherrelva,0,3,3
Cherrely-Mae,0,3,3
Cherrelyne,0,3,3
Cherrelynne,0,3,3
Cherrenne,0,3,3
Cherrepta,0,3,3
Cherrethy,0,3,3
Cherretly,0,3,3
Chérrettiënne,0,3,3
Cherreyl,0,3,3
Cherri,0,3,3
Cherrianna,0,3,3
Cherrianne,0,3,3
Cherriano,3,0,3
Cherrice,0,3,3
Cherricio,3,0,3
Cherridy,0,3,3
Chèrrie,0,3,3
Cherrie-Ann,0,3,3
Cherriena,0,3,3
Cherriëne,0,3,3
Cherriëtte,0,3,3
Cherrij,0,3,3
Cherrijda,0,3,3
Cherrillyn,0,3,3
Cherrily,0,3,3
Cherrin,0,3,3
Cherrine,0,3,3
Cherrineh,0,3,3
Cherrion,3,0,3
Cherrisch,0,3,3
Cherrisley,0,3,3
Cherrito,3,0,3
Cherrity-Jean,0,3,3
Cherrlyn,0,3,3
Cherro-Jane,0,3,3
Cherrod,3,0,3
Cherrolaine,0,3,3
Cherrold,3,0,3
Cherroll,0,3,3
Cherrona,0,3,3
Cherroomy,0,3,3
Cherry'Ann,0,3,3
Cherry-Dienne,0,3,3
Cherry-dienne,0,3,3
Cherry-Jay,0,3,3
Cherry-Jenn,0,3,3
Cherry-Laine,0,3,3
Cherry-Lee,0,3,3
Cherry-Leigh,0,3,3
Cherry-lies,0,3,3
Cherryaine,0,3,3
Cherryanne,0,3,3
Cherryen,0,3,3
Cherryhan,0,3,3
Cherryl-Ann,0,3,3
Cherrylaine,0,3,3
Cherryldine,0,3,3
Cherrylee,0,3,3
Cherryleenis,0,3,3
Cherrylien,0,3,3
Cherrylin,0,3,3
Cherrylinne,0,3,3
Cherrylou,0,3,3
Cherrylouisa,0,3,3
Cherrylynn,0,3,3
Cherrysa,0,3,3
Cherrysse,0,3,3
Cherryt,0,3,3
Chérryz,0,3,3
Chersio,3,0,3
Cherstien,0,3,3
Cherswine,3,0,3
Chertian,3,0,3
Chertie,0,3,3
Chèrtrude,0,3,3
Cherubim,3,0,3
Cherubinus,3,0,3
Cherukéi,0,3,3
Cherumaz,3,0,3
Cherut,0,3,3
Cheruto,0,3,3
Chérvanja,0,3,3
Chervano,3,0,3
Chervaro,3,0,3
Chervàse,0,3,3
Chervelino,3,0,3
Chervenety,0,3,3
Cherveney,0,3,3
Chervensley,3,0,3
Cherverely,0,3,3
Cherves,3,0,3
Cherviany,0,3,3
Cherviënely,0,3,3
Cherviënne,0,3,3
Cherviëntely,0,3,3
Cherviënty,0,3,3
Chervinaida,0,3,3
Chervinayla,0,3,3
Chervine,3,0,3
Chervinho,3,0,3
Chervinio,3,0,3
Chervinya,0,3,3
Cherviraylo,3,0,3
Cherwankoemar,3,0,3
Cherwen,3,0,3
Cherwish,3,0,3
Chèry,0,3,3
Chery-Anne,0,3,3
Cherya,0,3,3
Cheryana,0,3,3
Chéryanho,3,0,3
Cheryanne,0,3,3
Cheryene,0,3,3
Cheryenne,0,3,3
Cheryfield,3,0,3
Chêryl,0,3,3
Cheryl-Anika,0,3,3
Cheryl-Fleur,0,3,3
Cheryl-Lena,0,3,3
Cheryl-Mandy,0,3,3
Cherylann,0,3,3
Cheryldean,0,3,3
Cheryldeen,0,3,3
Cheryleigh,0,3,3
Cherylene,0,3,3
Cherylia,0,3,3
Cherylie,0,3,3
Cherylise,0,3,3
Chéryll,0,3,3
Cheryll-Lynn,0,3,3
Chérylla,0,3,3
Cheryllé,0,3,3
Cherylley,0,3,3
Cheryllia,0,3,3
Cheryllin-mae,0,3,3
Cheryllise,0,3,3
Cheryllynn,0,3,3
Cherylviën,0,3,3
Chèryne,0,3,3
Cherynn,0,3,3
Chérynn,0,3,3
Cherynnie,0,3,3
Cheryonnah,0,3,3
Chéryse,0,3,3
Cherytel,0,3,3
Cheryva,0,3,3
Cheryveline,0,3,3
Cheryza,0,3,3
Cherza,0,3,3
Cherzan,3,0,3
Cherzinio,3,0,3
Chès,3,0,3
Chesa,0,3,3
Chesainalie,0,3,3
Chesainé,0,3,3
Chesalomi,0,3,3
Chésanine,0,3,3
Chesaro,3,0,3
Chesboro,3,0,3
Chesca,0,3,3
Chesdien,0,3,3
Chesedy,0,3,3
Cheshairah,0,3,3
Cheshily,0,3,3
Chesie,0,3,3
Chesin,0,3,3
Chesiny,0,3,3
Chesira,0,3,3
Chesko,3,0,3
Cheslain,0,3,3
Cheslatta,0,3,3
Cheslea,0,3,3
Cheslena,0,3,3
Chesllianny,0,3,3
Cheslon,3,0,3
Cheslyn,0,3,3
Chesman,3,0,3
Chesmay,0,3,3
Chesmee,0,3,3
Chèsmee,0,3,3
Chesmin,0,3,3
Chesmore,3,0,3
Chesna,0,3,3
Chesnea,0,3,3
Chesneydelane,3,0,3
Chesneye,3,0,3
Chesnick,3,0,3
Chesperanza,0,3,3
Chespin,3,0,3
Chesraï,3,0,3
Chesrai,3,0,3
Chesray,3,0,3
Chesrey,3,0,3
Chesrone,3,0,3
Chesrône,3,0,3
Chess-Lynn,0,3,3
Chessady,0,3,3
Chesse,3,0,3
Chessedey,0,3,3
Chessedy,0,3,3
Chessidey,0,3,3
Chessie,3,0,3
Chessin,3,0,3
Chessity,0,3,3
Chesslyn,0,3,3
Chesslynn,0,3,3
Chessmon,3,0,3
Chessner,3,0,3
Chestain,3,0,3
Chestainy,0,3,3
Chesteline,0,3,3
Chesten,3,0,3
Chesteny,0,3,3
Chesterny,0,3,3
Chestery,0,3,3
Chestheny,0,3,3
Chestine,0,3,3
Chestley,3,0,3
Chestralita,0,3,3
Chestron,3,0,3
Chésvan,3,0,3
Cheswine,3,0,3
Chesz,0,3,3
Chetawatie,0,3,3
Chetein,3,0,3
Cheteny,0,3,3
Cheterina,0,3,3
Chethja-Devi,0,3,3
Chetie,3,0,3
Chetieshkumar,3,0,3
Chetjovanne,0,3,3
Chetlin,3,0,3
Chetna,0,3,3
Chetraam,3,0,3
Chetram,3,0,3
Chetrina,0,3,3
Chetsia,0,3,3
Chettro,3,0,3
Chêttry,0,3,3
Chetwood,3,0,3
Cheui,0,3,3
Cheuk-Fan,3,0,3
Cheuk-Fei,3,0,3
Cheuk-Hei,3,0,3
Cheuk-Kit,3,0,3
Cheuk-Ling,0,3,3
Cheuk-Man,3,0,3
Cheuk-Ying,0,3,3
Cheuka,0,3,3
Cheukam,0,3,3
Cheukman,0,3,3
Cheunon,3,0,3
Cheurida,0,3,3
Cheurnalliëndro,3,0,3
Cheurnallinho,3,0,3
Cheuw-Foek,3,0,3
Chev,3,0,3
Chevaazalie,3,0,3
Chevaese,0,3,3
Chevahn,3,0,3
Chevaila,0,3,3
Chevailey,0,3,3
Chevailo,3,0,3
Chevaily,0,3,3
Chevaindy,0,3,3
Chevainey,0,3,3
Chevainia,0,3,3
Chevainly,0,3,3
Chévairo,3,0,3
Chevaiya,0,3,3
Chevaiz,3,0,3
Chévajen,0,3,3
Chevali,0,3,3
Chevalie,0,3,3
Chevall,3,0,3
Chévalley,3,0,3
Chevalliér,3,0,3
Chévandro,3,0,3
Chevandro,3,0,3
Chevaneley,0,3,3
Chevanety,0,3,3
Chevanie,0,3,3
Chévanity,0,3,3
Chevanjo,3,0,3
Chévanna,0,3,3
Chevannah,0,3,3
Chevannely,0,3,3
Chevanni,0,3,3
Chevannia,0,3,3
Chevannio,3,0,3
Chevanno,3,0,3
Chevannyo,3,0,3
Chevantely,0,3,3
Chevanton,3,0,3
Chevanty,0,3,3
Chévanyo,3,0,3
Chévara,0,3,3
Chévari,3,0,3
Chevarie,0,3,3
Chevariqo,3,0,3
Chevaty,0,3,3
Chevaughne,0,3,3
Chevaun,3,0,3
Chevawn,0,3,3
Chevayan,3,0,3
Chevayna,0,3,3
Chevayno,3,0,3
Chévayro,3,0,3
Chevaz,3,0,3
Chevè,3,0,3
Chevé,0,3,3
Chévea,0,3,3
Chéveaun,3,0,3
Chevel,0,3,3
Chével,0,3,3
Chevelery,0,3,3
Cheveletie,0,3,3
Chevelety,0,3,3
Cheveley,0,3,3
Chevelie,0,3,3
Chevelinjon,3,0,3
Chevelino,3,0,3
Chèvelle,0,3,3
CheVelle,0,3,3
Chevelltha,0,3,3
Chévelly,0,3,3
Chevenca,0,3,3
Chevencio,3,0,3
Chevendely,0,3,3
Chevene,0,3,3
Chevène,0,3,3
Chevenely,0,3,3
Chévenely,0,3,3
Chévenerie,0,3,3
Chevenetie,0,3,3
Chevenetty,0,3,3
Chevenge,3,0,3
Chevengeli,0,3,3
Chevengely,0,3,3
Chevenitily,0,3,3
Chevenjelo,3,0,3
Chevenn,0,3,3
Chévenne,0,3,3
Chevenney,0,3,3
Chevenni,0,3,3
Chevennity,0,3,3
Chevenno,3,0,3
Chevensio,3,0,3
Chevensley,3,0,3
Cheventa,0,3,3
Cheventely,0,3,3
Cheventenney,0,3,3
Cheventily,0,3,3
Cheventley,0,3,3
Chevently,0,3,3
Chevera,0,3,3
Cheverah,0,3,3
Cheverano,3,0,3
Cheverelle,0,3,3
Chevereny,0,3,3
Cheverinio,3,0,3
Cheverino,3,0,3
Cheverique,0,3,3
Cheverithy,0,3,3
Cheverla,0,3,3
Cheverley,0,3,3
Cheverna,0,3,3
Chéverno,3,0,3
Chèverny,0,3,3
Chéverny,0,3,3
Chevervie,3,0,3
Cheveryl,0,3,3
Chevette,0,3,3
Cheveux,3,0,3
Cheveyne,0,3,3
Chèveyo,3,0,3
Chevez,3,0,3
Chévez,3,0,3
Chévi,3,0,3
Cheviane,0,3,3
Cheviano,3,0,3
Chevic,3,0,3
Chevieën,0,3,3
Chevienety,0,3,3
Cheviènne,0,3,3
Chevilicia,0,3,3
Chevillia,0,3,3
Chevina,0,3,3
Chévino,3,0,3
Chèvino,3,0,3
Chevinyo,3,0,3
Chevira,0,3,3
Chevirio,3,0,3
Chevnon,3,0,3
Chèvon,0,3,3
Chevón,0,3,3
Chevonn,3,0,3
Chevonni,0,3,3
Chevonnié,0,3,3
Chévorra,0,3,3
Chevra,3,0,3
Chévran,3,0,3
Chevrana,0,3,3
Chevranie,0,3,3
Chevren,3,0,3
Chevrill,0,3,3
Chevriyen,0,3,3
Chevrolet,0,3,3
Chevrolindo,3,0,3
Chevrone,0,3,3
Chevvi,3,0,3
Chevvy,3,0,3
Chevy-Ray,3,0,3
Chevygno,3,0,3
Chevylio,3,0,3
Chevyn,3,0,3
Chevyra,0,3,3
Chevyrain,0,3,3
Chevyraina,0,3,3
Chew-Fong,0,3,3
Chew-Len,0,3,3
Chew-Ling,0,3,3
Chew-May,0,3,3
Chewah,0,3,3
Chewella,0,3,3
Chewendy,0,3,3
Chewenne,0,3,3
Chewethy,0,3,3
Chewin,3,0,3
Chework,3,0,3
Chewrani,0,3,3
Chey-ann,0,3,3
Chey-Ann,0,3,3
Chey-Linn,0,3,3
Chey-Loïze,0,3,3
Cheyaira,0,3,3
Cheyandra,3,0,3
Cheyane,0,3,3
Cheyani,0,3,3
Cheyann,0,3,3
Cheyanny,0,3,3
Cheyara,0,3,3
Cheyden,3,0,3
Cheydianne,0,3,3
Cheydilena,0,3,3
Cheydjel,3,0,3
Cheydonnova,0,3,3
Cheye,3,0,3
Cheyean,0,3,3
Cheyeauna,0,3,3
Cheyemenne,0,3,3
Cheyena,0,3,3
Cheyendo,3,0,3
Cheyené,0,3,3
Cheyenhon,0,3,3
Chéyenna,0,3,3
Cheyènna,0,3,3
Cheyenné,3,0,3
Chèyenne,0,3,3
Cheyenñe,0,3,3
Cheyenne-Chloë,0,3,3
Cheyenneh,0,3,3
Cheyennen,0,3,3
Cheyennety,0,3,3
Cheyenno,3,0,3
Cheyent,3,0,3
Cheyiara,0,3,3
Cheyion,3,0,3
Cheylana,0,3,3
Cheylene,0,3,3
Cheylenn,0,3,3
Cheylenteney,0,3,3
Cheylesta,0,3,3
Cheylisiya,0,3,3
Cheymaâ,0,3,3
Cheyméndra,0,3,3
Cheymene,0,3,3
Cheymène,0,3,3
Cheyna,0,3,3
Cheynah-Jazz,0,3,3
Cheynaillyshia,0,3,3
Cheynenne,0,3,3
Cheynic,0,3,3
Cheynomi,0,3,3
Cheyoana,0,3,3
Cheyon,3,0,3
Cheyoncé,0,3,3
Cheyondra,0,3,3
Cheyonie,0,3,3
Cheyonnee,0,3,3
Cheyra,0,3,3
Cheyraina,0,3,3
Cheyrelle,0,3,3
Cheyrène,0,3,3
Cheyrina,0,3,3
Cheyrou,3,0,3
Cheyton,3,0,3
Cheyvaino,3,0,3
Cheyvarah,0,3,3
Chez-Mayrah,0,3,3
Cheza,3,0,3
Chèzan,0,3,3
Chezarina,0,3,3
Chezarinio,3,0,3
Chezaro,3,0,3
Chezby,0,3,3
Cheze,0,3,3
Chezidek,3,0,3
Chezilia,0,3,3
Chezka,0,3,3
Chezko,3,0,3
Chezlaine,0,3,3
Chezley,3,0,3
Chezlin,0,3,3
Chezlow,3,0,3
Chezmay,0,3,3
Chezmé,0,3,3
Chêzmel,3,0,3
Chezney,0,3,3
Chezra,0,3,3
Chezran,3,0,3
Chezron,3,0,3
Chhaja,0,3,3
Chhantoshi,0,3,3
Chhappar,3,0,3
Chhavi-Isha,0,3,3
Chhaya-Amber,0,3,3
Chhayaanka,3,0,3
Chhiok,0,3,3
Chhoeun,3,0,3
Chí,3,0,3
Chi-,3,0,3
Chi-amara,0,3,3
Chi-Chung,3,0,3
Chi-Fe,3,0,3
Chi-Fei,3,0,3
Chi-Gien,3,0,3
Chi-Gum,3,0,3
Chi-Ha,0,3,3
Chi-hang,3,0,3
Chi-Hao,3,0,3
Chi-Hay,3,0,3
Chi-Hee,3,0,3
Chi-Hon,3,0,3
Chi-Hou,3,0,3
Chi-Huen,0,3,3
Chi-Hwa,3,0,3
Chi-Jieuw,0,3,3
Chi-Jong,3,0,3
Chi-Kay,3,0,3
Chi-Kee,0,3,3
Chi-Kien,3,0,3
Chi-Kiu,3,0,3
Chi-Kong,3,0,3
Chi-La,0,3,3
Chi-lap,3,0,3
Chi-len,0,3,3
Chi-Lin,0,3,3
Chi-Liq,3,0,3
Chi-Lock,3,0,3
Chi-Loon,3,0,3
Chi-Luan,3,0,3
Chi-Lun,3,0,3
Chi-Ma,3,0,3
Chi-Mei,0,3,3
Chi-Men,0,3,3
Chi-Nina,0,3,3
Chi-Nou,0,3,3
Chi-Pok,3,0,3
Chi-reeny,0,3,3
Chi-Sam,3,0,3
Chi-Sheng,3,0,3
Chi-shih,3,0,3
Chi-Shiuan,3,0,3
Chi-Sieuw,3,0,3
Chi-Sing,3,0,3
Chi-Sun,3,0,3
Chi-Teng,3,0,3
Chi-Tin,0,3,3
Chi-Ting,0,3,3
Chi-Toan,3,0,3
Chi-Tsang,3,0,3
Chi-Tzing,0,3,3
Chi-Van,3,0,3
Chi-Vy,3,0,3
Chi-wai,3,0,3
Chi-Wan,3,0,3
Chi-wei,3,0,3
Chi-Yang,0,3,3
Chi-Yao,0,3,3
Chi-Yau,0,3,3
Chi-Yen,3,0,3
Chi-Yeng,0,3,3
Chi-yeu,3,0,3
Chi-Yeung,3,0,3
Chi-Yi,0,3,3
Chi-Yin,3,0,3
Chi-Ying,0,3,3
Chi-yong,3,0,3
Chi-Yu,3,0,3
Chi-Yung,3,0,3
Chia-Chie,3,0,3
Chia-Nien,3,0,3
Chia-Pao,3,0,3
Chiadjo,0,3,3
Chiahan,3,0,3
Chiaia,0,3,3
Chiaidaries,0,3,3
Chiaira,0,3,3
Chiambo,0,3,3
Chiamo,0,3,3
Chiamora,0,3,3
Chiandi,0,3,3
Chianey,0,3,3
Chiangly,3,0,3
Chianny,0,3,3
Chiante,0,3,3
Chianteily,0,3,3
Chiantinara,0,3,3
Chiantly,0,3,3
Chianu,3,0,3
Chianumba,3,0,3
Chiao-Cher,3,0,3
Chiao-Le,0,3,3
Chiao-Shu,0,3,3
Chiára,0,3,3
Chiàra,0,3,3
Chiara-Alana,0,3,3
Chiara-Angel,0,3,3
Chiara-Ineke,0,3,3
Chiara-Moïse,0,3,3
Chiara-Roma,0,3,3
Chiarachilvenna,0,3,3
Chiarah,0,3,3
Chïarantha,0,3,3
Chiarel,0,3,3
Chiarella,0,3,3
Chiarèlla,0,3,3
Chiarisa,0,3,3
Chiarissa,0,3,3
Chiarli,0,3,3
Chiarly,0,3,3
Chiarvyray,0,3,3
Chiau,3,0,3
Chiavanna,0,3,3
Chiavenne,0,3,3
Chiayra,0,3,3
Chiayro,3,0,3
Chiazam,0,3,3
Chiazza,0,3,3
Chibamba,3,0,3
Chibanga,0,3,3
Chibbo,3,0,3
Chiber,3,0,3
Chibli,0,3,3
Chibozur,3,0,3
Chibrani,0,3,3
Chibuzor,3,0,3
Chic,0,3,3
Chica-Lizet,0,3,3
Chicana,0,3,3
Chicandra,0,3,3
Chicardo,3,0,3
Chicca,0,3,3
Chiccho,3,0,3
Chichane,3,0,3
Chiché,0,3,3
Chichetaram,3,0,3
Chichetem,0,3,3
Chichilina,0,3,3
Chichillo,3,0,3
Chichip,3,0,3
Chichou,3,0,3
Chicira,0,3,3
Chicka,0,3,3
Chicky,0,3,3
Chicky-Sola,0,3,3
Chicó,3,0,3
Chico-Pharoah,3,0,3
Chicolin,0,3,3
Chicoo,3,0,3
Chid,3,0,3
Chida,0,3,3
Chidalu,3,0,3
Chidapha,0,3,3
Chide,3,0,3
Chidéh,0,3,3
Chidemma,0,3,3
Chiderea,3,0,3
Chiderra,0,3,3
Chidhe,3,0,3
Chidi-Johan,3,0,3
Chidie,3,0,3
Chidiebele,3,0,3
Chidier,3,0,3
Chidimam,0,3,3
Chidiobi-Sekou,3,0,3
Chidiogo,0,3,3
Chidjay,3,0,3
Chido,3,0,3
Chidon,3,0,3
Chidoziem,3,0,3
Chidra,0,3,3
Chidumebi,0,3,3
Chiduzie,3,0,3
Chidy-Ebere,0,3,3
Chie-Cheung,3,0,3
Chie-Hong,3,0,3
Chie-La,0,3,3
Chie-Lieke,0,3,3
Chie-Men,0,3,3
Chie-Wing,3,0,3
Chiebuka,3,0,3
Chiedoziem,3,0,3
Chiedozim,3,0,3
Chiejanealie,0,3,3
Chiekiel,3,0,3
Chieko,0,3,3
Chiel-Ben,3,0,3
Chiel-Roman,3,0,3
Chieldo,3,0,3
Chiele,3,0,3
Chieli,3,0,3
Chielia,0,3,3
Chieliam,3,0,3
Chielina,0,3,3
Chielion,3,0,3
Chieljon,3,0,3
Chielke,3,0,3
Chiell,3,0,3
Chiella,0,3,3
Chiëlle,0,3,3
Chiels,3,0,3
Chielson,3,0,3
Chiema,0,3,3
Chiemelie,3,0,3
Chiemena,0,3,3
Chiemène,0,3,3
Chiemere,0,3,3
Chiemke,0,3,3
Chien-chung,3,0,3
Chien-Kou,3,0,3
Chien-Liang,3,0,3
Chien-Lung,3,0,3
Chien-Ying,0,3,3
Chiène,0,3,3
Chiëne,0,3,3
Chienelle,0,3,3
Chienes,3,0,3
Chienette,0,3,3
Chieni,0,3,3
Chienke,0,3,3
Chiënna,0,3,3
Chientchano,3,0,3
Chiento,3,0,3
Chienus,3,0,3
Chienwah,3,0,3
Chiënzo,3,0,3
Chiëra,0,3,3
Chierah,0,3,3
Chieretha,0,3,3
Chiërha,0,3,3
Chierien,0,3,3
Chierin,0,3,3
Chierine,0,3,3
Chierlly,0,3,3
Chierna,0,3,3
Chièrra,0,3,3
Chierry,3,0,3
Chies,3,0,3
Chiet,3,0,3
Chietradevi,0,3,3
Chietrawatie,0,3,3
Chietregha,0,3,3
Chieuw,0,3,3
Chievancy,0,3,3
Chievenie,0,3,3
Chiévo,3,0,3
Chievo,3,0,3
Chievra,0,3,3
Chiewaaporn,0,3,3
Chiewaphorn,0,3,3
Chifâa,0,3,3
Chifaa,0,3,3
Chifaae,0,3,3
Chifaas,3,0,3
Chifaï,0,3,3
Chifairo,3,0,3
Chifano,3,0,3
Chifarny,0,3,3
Chifayro,3,0,3
Chifaz,3,0,3
Chiferly-Joy,0,3,3
Chiffairo,3,0,3
Chiffaro,3,0,3
Chiffersiën,0,3,3
Chifor,3,0,3
Chifraan,3,0,3
Chifran,3,0,3
Chiften,3,0,3
Chifundo,3,0,3
Chifung,3,0,3
Chigany,0,3,3
Chigaya,0,3,3
Chigboo,3,0,3
Chigelny,3,0,3
Chigera,0,3,3
Chigillio,3,0,3
Chigillo,3,0,3
Chigita,0,3,3
Chigoziem,3,0,3
Chigozire,0,3,3
Chiguel,3,0,3
Chih-Kun,0,3,3
Chih-Sheng,3,0,3
Chihab-Eddin,3,0,3
Chihab-Eddine,3,0,3
Chihan,0,3,3
Chihao,3,0,3
Chiharu,3,0,3
Chihed,3,0,3
Chihee,3,0,3
Chiheranisa,0,3,3
Chihien,3,0,3
Chihintang,3,0,3
Chiho,0,3,3
Chihoo,3,0,3
Chiitra,0,3,3
Chijara,0,3,3
Chijendra,0,3,3
Chijindum,0,3,3
Chijla,0,3,3
Chijs,0,3,3
Chikaike,3,0,3
Chikamara,0,3,3
Chikambi,0,3,3
Chikanso,3,0,3
Chikaodi,3,0,3
Chikaodili,0,3,3
Chikè,3,0,3
Chiké,3,0,3
Chikeme,3,0,3
Chikere,3,0,3
Chikin,3,0,3
Chiking,3,0,3
Chikit,3,0,3
Chikita,0,3,3
Chikondo,3,0,3
Chilaan,0,3,3
Chilain,3,0,3
Chilana,0,3,3
Chilano,3,0,3
Chilany,0,3,3
Chilaradiën,0,3,3
Chilbert,3,0,3
Childe,3,0,3
Childerick-William,3,0,3
Childjen,3,0,3
Childo,3,0,3
Chilea,0,3,3
Chileam,3,0,3
Chilekwa,3,0,3
Chilemu,0,3,3
Chilena,0,3,3
Chilenca,0,3,3
Chilène,0,3,3
Chiléne,0,3,3
Chilenka,0,3,3
Chilënna,0,3,3
Chileshe,0,3,3
Chilieta,0,3,3
Chilina,0,3,3
Chilini,0,3,3
Chilion,3,0,3
Chiljion,3,0,3
Chillaine,0,3,3
Chille,0,3,3
Chilli,3,0,3
Chillia,0,3,3
Chillion,3,0,3
Chilméne,0,3,3
Chiloe,0,3,3
Chilon,3,0,3
Chilot,0,3,3
Chilotanna,3,0,3
Chiloy,3,0,3
Chiltoney,3,0,3
Chilufya,0,3,3
Chilum,3,0,3
Chilumba,0,3,3
Chily,0,3,3
Chilysa,0,3,3
Chim-Mai,3,0,3
Chim-Nyerun,3,0,3
Chimaa,0,3,3
Chimaéro,3,0,3
Chimah,0,3,3
Chimaily,0,3,3
Chimain,0,3,3
Chimairo,3,0,3
Chimaiyem,3,0,3
Chimakpam,0,3,3
Chimamaka,0,3,3
Chimanada,0,3,3
Chimanda,0,3,3
Chimani,0,3,3
Chimany,0,3,3
Chimarah,0,3,3
Chimayo,3,0,3
Chimayra,0,3,3
Chimbusoma,0,3,3
Chimdiuto,0,3,3
Chimdumaga,3,0,3
Chîme,3,0,3
Chimebuka,3,0,3
Chimed,3,0,3
Chimée,0,3,3
Chimeé,0,3,3
Chimélee,0,3,3
Chimeluogo,0,3,3
Chimemena,0,3,3
Chimène-Maria,0,3,3
Chimènne,0,3,3
Chimère,3,0,3
Chimereike,3,0,3
Chimerema,0,3,3
Chimeremeze,0,3,3
Chimeremueze,3,0,3
Chimeremugo,3,0,3
Chimerika,0,3,3
Chimey,0,3,3
Chimezulem,3,0,3
Chimfwembe,0,3,3
Chimin,3,0,3
Chimina,0,3,3
Chiminé,0,3,3
Chimkamnele,3,0,3
Chimkanso,0,3,3
Chimma,0,3,3
Chimmy,3,0,3
Chimné,0,3,3
Chimra,0,3,3
Chims,0,3,3
Chimsimgolibe,0,3,3
Chimuanya,3,0,3
Chimuka,0,3,3
Chimunya,3,0,3
Chin-Chin,0,3,3
Chin-Fa,0,3,3
Chin-Foek,3,0,3
Chin-Han,0,3,3
Chin-Hua,0,3,3
Chin-Ing,0,3,3
Chin-Lien,0,3,3
Chin-Ming,3,0,3
Chin-Soi,3,0,3
Chin-Yan,0,3,3
Chin-Yu,3,0,3
Chin-yu,0,3,3
Chin-Yun-Chien,0,3,3
Chinaedu,0,3,3
Chinaedum,3,0,3
Chinagozi,0,3,3
Chinaichelo,3,0,3
Chinaira,0,3,3
Chinaischka,0,3,3
Chinalo,0,3,3
Chinamerem,3,0,3
Chinamski,3,0,3
Chinapath,3,0,3
Chinar,3,0,3
Chinaro,3,0,3
Chinato,3,0,3
Chinay,0,3,3
Chinaya,0,3,3
Chinaye,0,3,3
Chinazam,0,3,3
Chinazom,0,3,3
Chinbayar,3,0,3
Chincinety,0,3,3
Chincy,0,3,3
Chinda,0,3,3
Chindo,3,0,3
Chiné,3,0,3
Chinecherem,3,0,3
Chinedumuoneke,3,0,3
Chinefa,0,3,3
Chinella,0,3,3
Chinelle,0,3,3
Chinello,3,0,3
Chinemelum,0,3,3
Chiñene,0,3,3
Chineqa,0,3,3
Chinery,0,3,3
Chinétha,0,3,3
Chinette,0,3,3
Chineuvra,0,3,3
Chiney,0,3,3
Ching-Hey,3,0,3
Ching-Him,3,0,3
Ching-Ho,3,0,3
Ching-Hong,3,0,3
Ching-Hsia,0,3,3
Ching-i,3,0,3
Ching-Jon,3,0,3
Ching-Kee,0,3,3
Ching-lan,0,3,3
Ching-Lien,3,0,3
Ching-Min,3,0,3
Ching-Naam,0,3,3
Ching-Nga,0,3,3
Ching-Ping,0,3,3
Ching-Shuo,0,3,3
Ching-sun,3,0,3
Ching-Wan,3,0,3
Ching-Wen,0,3,3
Ching-Yan,0,3,3
Ching-yee,0,3,3
Ching-Yeung,3,0,3
Ching-Yien,3,0,3
Ching-Yiu,0,3,3
Ching-Yun,0,3,3
Chingis,3,0,3
Chingmon,3,0,3
Chingyi,0,3,3
Chính,3,0,3
Chini,0,3,3
Chinia,0,3,3
Chinidah,0,3,3
Chiniquenne,0,3,3
Chinitra,0,3,3
Chinity,0,3,3
Chinivieve,0,3,3
Chinjhara,0,3,3
Chinley-Jay,0,3,3
Chinmay,3,0,3
Chinmayee,0,3,3
Chinming,3,0,3
Chinnawart,3,0,3
Chinnéley,0,3,3
Chinniah,0,3,3
Chinnie,0,3,3
Chinó,3,0,3
Chinoa,0,3,3
Chinoeq,0,3,3
Chinomnazu,0,3,3
Chinon,0,3,3
Chinouke,0,3,3
Chinova,0,3,3
Chinoya,0,3,3
Chinquinquira,0,3,3
Chinsey,0,3,3
Chinsuet,0,3,3
Chint,3,0,3
Chintamy,0,3,3
Chintan,3,0,3
Chintano,3,0,3
Chinthena,0,3,3
Chinthya,0,3,3
Chintiawan,3,0,3
Chintiawandi,3,0,3
Chintjarah,0,3,3
Chintjia,0,3,3
Chintnya,0,3,3
Chintyha,0,3,3
Chintz,3,0,3
Chinu,0,3,3
Chinuck,0,3,3
Chinweh,0,3,3
Chinwenwa,0,3,3
Chinweokwu,0,3,3
Chinyama,0,3,3
Chinye,0,3,3
Chinzi,0,3,3
Chiok,3,0,3
Chioke,3,0,3
Chiomara,0,3,3
Chiomy,0,3,3
Chionell,0,3,3
Chionesu,3,0,3
Chioney,0,3,3
Chionia,0,3,3
Chionne,0,3,3
Chiora,0,3,3
Chiori,3,0,3
Chios,3,0,3
Chiotta,0,3,3
Chioua,0,3,3
Chiovani,3,0,3
Chiphi,0,3,3
Chipiwo,0,3,3
Chiposo,3,0,3
Chipp,3,0,3
Chipper,3,0,3
Chippla,3,0,3
Chiprianus,3,0,3
Chipson,3,0,3
Chiputra,3,0,3
Chiqilla,0,3,3
Chiqita,0,3,3
Chiqo,3,0,3
Chiquella,0,3,3
Chiquenzo,3,0,3
Chiquilla,0,3,3
Chiquinquirá,0,3,3
Chiquinta,0,3,3
Chiquitina,0,3,3
Chiquitta,0,3,3
Chiqutha,0,3,3
Chir-Jemyeah,0,3,3
Chir-riley,0,3,3
Chira-Leigh,0,3,3
Chiraag,3,0,3
Chiraazaddien,3,0,3
Chiraaze,0,3,3
Chiragni,0,3,3
Chirailey,0,3,3
Chiraine,0,3,3
Chirair,3,0,3
Chirala,0,3,3
Chirana,0,3,3
Chirane,0,3,3
Chiranel,0,3,3
Chiranjeev,3,0,3
Chiranjividevi,0,3,3
Chiraq,3,0,3
Chiraque,3,0,3
Chirar,3,0,3
Chiraya,0,3,3
Chirayno,3,0,3
Chirayu,3,0,3
Chiraze,0,3,3
Chirbaud,3,0,3
Chirda,0,3,3
Chirdon,3,0,3
Chirèl,0,3,3
Chirelea,0,3,3
Chirell,0,3,3
Chireny,0,3,3
Chiress,3,0,3
Chirgillio,3,0,3
Chiri,3,0,3
Chirica,0,3,3
Chiricahua,0,3,3
Chirida,0,3,3
Chiriel,3,0,3
Chiriell,3,0,3
Chirien,0,3,3
Chirihen,0,3,3
Chírine,0,3,3
Chirinio,3,0,3
Chirisch,3,0,3
Chirissa,0,3,3
Chiriva,0,3,3
Chirliny,0,3,3
Chirly,0,3,3
Chirom,3,0,3
Chirôn,3,0,3
Chirondy,3,0,3
Chironimo,3,0,3
Chiroshma,0,3,3
Chirsten,0,3,3
Chirstina,3,0,3
Chirvely,0,3,3
Chirvin,3,0,3
Chirzad,3,0,3
Chisaki,0,3,3
Chisanty,0,3,3
Chisara,0,3,3
Chisela,0,3,3
Chiselis,0,3,3
Chisengo,0,3,3
Chishala,3,0,3
Chisilia,0,3,3
Chisiliano,3,0,3
Chislane,0,3,3
Chislena,0,3,3
Chisomage,0,3,3
Chisomo,3,0,3
Chispa,3,0,3
Chissa,0,3,3
Chissane,0,3,3
Chista,0,3,3
Chistiaan,3,0,3
Chistiano,3,0,3
Chistinus,3,0,3
Chitaa,0,3,3
Chitania,0,3,3
Chitara,0,3,3
Chitbhalsingh,3,0,3
Chitel,0,3,3
Chitesh,3,0,3
Chithia,0,3,3
Chitoera,0,3,3
Chitossie,0,3,3
Chitradebie,0,3,3
Chitradevie,0,3,3
Chitradewi,0,3,3
Chitrakala,0,3,3
Chitraksh,3,0,3
Chitrandika,0,3,3
Chitrarekha,0,3,3
Chitrashala,0,3,3
Chitravia,0,3,3
Chitrebiersingh,3,0,3
Chitrekha,0,3,3
Chitremala,0,3,3
Chitresain,3,0,3
Chitrewatie,0,3,3
Chitsina,0,3,3
Chittesh,3,0,3
Chitti,3,0,3
Chitto,3,0,3
Chittra,0,3,3
Chittrawatia,0,3,3
Chitvan,3,0,3
Chiu-Ing,0,3,3
Chiu-Ling,0,3,3
Chiu-yin,0,3,3
Chiu-Ying,0,3,3
Chiua,3,0,3
Chiuarna,3,0,3
Chiuju,0,3,3
Chiukwuemeka,3,0,3
Chiuni,0,3,3
Chiusa,0,3,3
Chivaaz,3,0,3
Chivaily,0,3,3
Chivainéo,3,0,3
Chivaley,0,3,3
Chivalry,0,3,3
Chivalry-Joi,0,3,3
Chivanah,0,3,3
Chivanaisa,0,3,3
Chivanel,0,3,3
Chivanell,3,0,3
Chivaney,0,3,3
Chivanho,3,0,3
Chivania,0,3,3
Chivanna,0,3,3
Chivanny,0,3,3
Chivanyo,3,0,3
Chivario,3,0,3
Chivarno,3,0,3
Chivato,3,0,3
Chivaughn,0,3,3
Chivaye,3,0,3
Chivelino,3,0,3
Chivelle,0,3,3
Chivellino,3,0,3
Chivenchio,3,0,3
Chivenchy,3,0,3
Chivencio,3,0,3
Chivendely,0,3,3
Chivengely,0,3,3
Chiveraily,0,3,3
Chiverinio,3,0,3
Chiverio,3,0,3
Chivesh,3,0,3
Chiviano,3,0,3
Chivindi,0,3,3
Chivinio,3,0,3
Chivinjo,3,0,3
Chivorny,0,3,3
Chivra,0,3,3
Chivy,3,0,3
Chiwai,3,0,3
Chiwani,0,3,3
Chiwany,0,3,3
Chiwar,3,0,3
Chiwe,3,0,3
Chiwei,3,0,3
Chiwoya,0,3,3
Chiyan,0,3,3
Chiyanoiça,0,3,3
Chiyeko,0,3,3
Chiyen,0,3,3
Chiyenne,0,3,3
Chiyere,0,3,3
Chiyi,0,3,3
Chiyo-Sayuri,0,3,3
Chizan,0,3,3
Chizirim,0,3,3
Chizitara,0,3,3
Chizkia,0,3,3
Chizlan,0,3,3
Chizuka,0,3,3
Chizzo,3,0,3
CHJ,0,3,3
Chjairima,0,3,3
Chjamal,3,0,3
Chjandoreen,0,3,3
Chjanoy,3,0,3
Chjehrando,3,0,3
Chjèranig,0,3,3
Chlaartje,0,3,3
Chlamys,3,0,3
Chlarissa,0,3,3
Chlarrijsah,0,3,3
Chlen,3,0,3
Chleo,0,3,3
Chleysha,0,3,3
Chlodovech,3,0,3
Chlodowig,3,0,3
Chlóe,0,3,3
Chlöé,0,3,3
Chloé-Alice,0,3,3
Chloé-Ann,0,3,3
Chloé-Anne,0,3,3
Chloë-Anniek,0,3,3
Chloë-Catalunya,0,3,3
Chloé-Cécile,0,3,3
Chloë-Cinta,0,3,3
Chloe-Dechanel,0,3,3
Chloë-Jasmijn,0,3,3
Chloë-Jillian,0,3,3
Chloé-Julie,0,3,3
Chloë-Lenoore,0,3,3
Chloé-Lynn,0,3,3
Chloe-lynn,0,3,3
Chloë-Mae,0,3,3
Chloë-mae,0,3,3
Chloé-mae,0,3,3
Chloé-Maxime,0,3,3
Chloë-may,0,3,3
Chloé-Michelle,0,3,3
Chloé-Putry,0,3,3
Chloé-Rosaline,0,3,3
Chloë-Rose,0,3,3
Chloë-Solange,0,3,3
Chloé-Sophie,0,3,3
Chloë-Sunday,0,3,3
Chloé-Valentina,0,3,3
Chloée,0,3,3
Chloëlynn,0,3,3
Chloenyce,0,3,3
Chloëy,0,3,3
Chlöey,0,3,3
Chloris,0,3,3
Chlotildus,3,0,3
Chlouwy,0,3,3
Chmisa,0,3,3
CHMM,0,3,3
Chn'sira,0,3,3
Chnachon,3,0,3
Chne,0,3,3
Cho-Ann,0,3,3
Cho-Land,0,3,3
Cho-mei,3,0,3
Cho-Wah,3,0,3
Cho-Yee,0,3,3
Cho-Ying,0,3,3
Choa,0,3,3
Choa-Ying,0,3,3
Choaïb,3,0,3
Choan,0,3,3
Choanah,0,3,3
Choanne,0,3,3
Choanou,0,3,3
Choba,3,0,3
Chobe,0,3,3
Chochoe,0,3,3
Chocise,3,0,3
Chocolate,0,3,3
Chod,3,0,3
Choë,0,3,3
Choe-La,0,3,3
Choeayla,0,3,3
Choedak,3,0,3
Choedon,0,3,3
Choek,3,0,3
Choekey,0,3,3
Choekri,3,0,3
Choël,0,3,3
Choelaika,0,3,3
Choelän,0,3,3
Choënety,0,3,3
Choerok,0,3,3
Choetiewat,3,0,3
Choeyang,0,3,3
Choezom,0,3,3
Chofia,0,3,3
Chofit,0,3,3
Chofney,3,0,3
Chofra,0,3,3
Chogik,0,3,3
Chogyal,3,0,3
Chohan,0,3,3
Choheib,3,0,3
Choi-Fung,0,3,3
Choi-lee,0,3,3
Choi-Leng,0,3,3
Choi-Man,0,3,3
Choi-Sim,0,3,3
Choi-Wah,0,3,3
Choi-Yee,0,3,3
Choi-Yie,0,3,3
Choice,0,3,3
Choilin,0,3,3
Choiyee,0,3,3
Choiyi,0,3,3
Chojin,0,3,3
Chok-Lai,3,0,3
Chokmah,3,0,3
Choko,0,3,3
Chokria,0,3,3
Cholastica,0,3,3
Cholie,0,3,3
Cholila,0,3,3
Cholina,0,3,3
Cholino,3,0,3
Cholis,0,3,3
Cholla,0,3,3
Cholmeley,3,0,3
Cholon,3,0,3
Chom-Pon,3,0,3
Chomairo,3,0,3
Choman,3,0,3
Chomara,0,3,3
Chomardo,3,0,3
Chomaro,3,0,3
Chomarra,0,3,3
Chömessa,0,3,3
Chomicha,0,3,3
Chomicha-Nora,0,3,3
Chomolungma,0,3,3
Chomphunut,0,3,3
Chompunut,0,3,3
Chomronda,0,3,3
Chomte,0,3,3
Chomyro,3,0,3
Chon-Han,3,0,3
Chon-Jen,3,0,3
Chon-Yeat,0,3,3
Chonanja,3,0,3
Chonathan,3,0,3
Choncita,0,3,3
Choneayra,0,3,3
Chonell,0,3,3
Choney,0,3,3
Chōng,3,0,3
Chong-Sing,3,0,3
Chong-Sook,0,3,3
Chong-Woo,3,0,3
Chongie,3,0,3
Chongyi,3,0,3
Chonia,0,3,3
Chonita,0,3,3
Chonlada,0,3,3
Chonlati,3,0,3
Chonsuita-Carmen,0,3,3
Chontay,0,3,3
Chontel,0,3,3
Chóntell,0,3,3
Chontelle,0,3,3
Chonticha,0,3,3
Chony,3,0,3
Choo-Hua,3,0,3
Chookanun,3,0,3
Choon-Cha,0,3,3
Choon-Leong,3,0,3
Choon-Ling,0,3,3
Choong,3,0,3
Choor,0,3,3
Choow,3,0,3
Chop,3,0,3
Chopèn,3,0,3
Chopper,3,0,3
Choqik,0,3,3
Chor-Gwan,0,3,3
Chor-iju,0,3,3
Chor-Kiu,0,3,3
Chor-Wing,0,3,3
Choraima,0,3,3
Choraimy,3,0,3
Choran,0,3,3
Chordsward,3,0,3
Chorentlie,3,0,3
Choresa,0,3,3
Choressa,0,3,3
Chorfia,0,3,3
Chorgette,0,3,3
Chorinus,3,0,3
Chornelis,3,0,3
Chorouq,0,3,3
Chorrell,0,3,3
Chorrone,0,3,3
Chorus,3,0,3
Chosef,3,0,3
Chosen-Day,0,3,3
Chosita,0,3,3
Choslin,0,3,3
Chosun,3,0,3
Chot,3,0,3
Chottawan,3,0,3
Chou-Chou,0,3,3
Chou-Pen,3,0,3
Chouaza,3,0,3
Chouchoute,0,3,3
Choucri,0,3,3
Choudhery,3,0,3
Choudhry,3,0,3
Choudhury,3,0,3
Chouenna,0,3,3
Chouette,0,3,3
Chouffel,3,0,3
Chouhaibae,0,3,3
Chouhaira,0,3,3
Chouiki,3,0,3
Chouk,0,3,3
Chouka,0,3,3
Choukayra,0,3,3
Chouki,3,0,3
Choukria,0,3,3
Chouky,3,0,3
Choumaissa,0,3,3
Choumana,0,3,3
Choumara,0,3,3
Choumischa,0,3,3
Choun,3,0,3
Chounette,0,3,3
Choupah,3,0,3
Choura,0,3,3
Chournanja,0,3,3
Chourouq,0,3,3
Chovan,3,0,3
Chovanie,3,0,3
Chovanni,3,0,3
Chovanny,3,0,3
Choviano,3,0,3
Chow-ju,0,3,3
Chow-Yi,0,3,3
Chowan,3,0,3
Chowani,0,3,3
Chowdary,3,0,3
Chowdhury,3,0,3
Chowena,0,3,3
Chowenne,0,3,3
Chowney,0,3,3
Chowy,3,0,3
Choy-Lam,0,3,3
Choy-Ta,0,3,3
Choy-Yee,0,3,3
Choyi,0,3,3
Choyling,0,3,3
Chözang,3,0,3
Chozi,0,3,3
Chra,0,3,3
Chracella,0,3,3
Chrada,0,3,3
Chrasjelani,0,3,3
Chratiana,0,3,3
Chrea,3,0,3
Chreef,3,0,3
Chreestely,0,3,3
Chrefrani,0,3,3
Chreijas,3,0,3
Chrelesia,0,3,3
Chrélinho,3,0,3
Chrella,0,3,3
Chreola,0,3,3
Chresentia,0,3,3
Chresentiana,0,3,3
Chresta,0,3,3
Chrestian,3,0,3
Chrestilda,0,3,3
Chrestina,0,3,3
Chrestine,0,3,3
Chrêtien,0,3,3
Chrétien-Paul,3,0,3
Chretiene,3,0,3
Chretiénne,0,3,3
Chrètienne,0,3,3
Chrétier,0,3,3
Chrétine,0,3,3
Chrezia,0,3,3
Chrezostimus,3,0,3
Chrgaa,0,3,3
Chriän,3,0,3
Chrianna,0,3,3
Chrianne,0,3,3
Chricelia,0,3,3
Chrichan,3,0,3
Chricher,0,3,3
Chrief,3,0,3
Chriege,0,3,3
Chriestien,0,3,3
Chriete,0,3,3
Chrietinus,3,0,3
Chrif,3,0,3
Chriferma,0,3,3
Chrigena,0,3,3
Chrijsette,0,3,3
Chrijsola,0,3,3
Chrijsostoma,0,3,3
Chrijsostomus,3,0,3
Chrijsostumus,3,0,3
Chrijstantie,0,3,3
Chrika,0,3,3
Chriman,3,0,3
Chrinovic,0,3,3
Chris-Albert,3,0,3
Chris-Alec,3,0,3
Chris-Andrew,3,0,3
Chris-Anton,3,0,3
Chris-Chendel,3,0,3
Chris-corné,3,0,3
Chris-Fallon,0,3,3
Chris-Han,3,0,3
Chris-Hendrik,3,0,3
Chris-Immanuël,3,0,3
Chris-Jane,0,3,3
Chris-Jayden,3,0,3
Chris-Jeremy,3,0,3
Chris-Johan,3,0,3
Chris-Junior,3,0,3
Chris-Leon,3,0,3
Chris-Lie,0,3,3
Chris-Manto,3,0,3
Chris-Marie,0,3,3
Chris-Marien,3,0,3
Chris-Soraya,0,3,3
Chris-Stefan,3,0,3
Chris-Stijn,3,0,3
Chris-Thomas,3,0,3
Chris-tina,0,3,3
Chris-Ton,3,0,3
Chris-Willem,3,0,3
Chris-William,3,0,3
Chrisa,0,3,3
Chrisaila,0,3,3
Chrisaïron,3,0,3
Chrisal,0,3,3
Chrisaliño,3,0,3
Chrisan,0,3,3
Chrisander,3,0,3
Chrisannie,0,3,3
Chrisano,3,0,3
Chrisanta,0,3,3
Chrisantème,0,3,3
Chrisantha,0,3,3
Chrisantinie,0,3,3
Chrisantus,3,0,3
Chrisarra,0,3,3
Chrisaya,0,3,3
Chrisayro,3,0,3
Chrisbert,3,0,3
Chriscentia,0,3,3
Chrischalle,0,3,3
Chrisciano,3,0,3
Chriscilia,0,3,3
Chrisda,0,3,3
Chrisdaves,3,0,3
Chrisdayal,3,0,3
Chrisdiana,0,3,3
Chrisdjairo,3,0,3
Chrisdric,3,0,3
Chriseldyo,3,0,3
Chriselta,0,3,3
Chriselyn,0,3,3
Chrisetta,0,3,3
Chrisette,0,3,3
Chrisey,0,3,3
Chrisfallen,0,3,3
Chrisfi,0,3,3
Chrisha,0,3,3
Chrishailey,0,3,3
Chrishaina,0,3,3
Chrishainy,0,3,3
Chrishan,3,0,3
Chrishanaa,0,3,3
Chrishanté,0,3,3
Chrishanty,0,3,3
Chrishara,0,3,3
Chrishawn,3,0,3
Chrishayley,0,3,3
Chrishelle,0,3,3
Chrishero,3,0,3
Chrishilde,0,3,3
Chrishostomus,3,0,3
Chrisianto,3,0,3
Chrisie,0,3,3
Chrisiec,0,3,3
Chrisien,3,0,3
Chrisinti,3,0,3
Chrisitianus,3,0,3
Chrisjahrel,3,0,3
Chrisjaynely,0,3,3
Chrisjen,3,0,3
Chrisjhon,3,0,3
Chrisjoncleavant,3,0,3
Chrisk,0,3,3
Chrisky,0,3,3
Chrislady,0,3,3
Chrislaen,0,3,3
Chrislayne,0,3,3
Chrislean,3,0,3
Chrisleány,0,3,3
Chrislee,0,3,3
Chrislène,0,3,3
Chrisliane,0,3,3
Chrislon,3,0,3
Chrisly-Ann,0,3,3
Chrislyainne,0,3,3
Chrislyon,3,0,3
Chrisman,3,0,3
Chrismarije,0,3,3
Chrismer,3,0,3
Chrismijn,0,3,3
Chrismite,0,3,3
Chrisnadath,3,0,3
Chrisnelle,0,3,3
Chrisnny,3,0,3
Chrisohn,3,0,3
Chrisoleen,0,3,3
Chrisopi,0,3,3
Chrisostema,0,3,3
Chrisosthoma,0,3,3
Chrisosthomeus,3,0,3
Chrisosthomus,3,0,3
Chrisostima,0,3,3
Chrisostôme,3,0,3
Chrisostymus,3,0,3
Chrisotomus,3,0,3
Chrisovalandou,0,3,3
Chrisovalantou,0,3,3
Chrisowalando,0,3,3
Chrispean,3,0,3
Chrispel,0,3,3
Chrispen,3,0,3
Chrispeyn,3,0,3
Chrispin,3,0,3
Chrispinianus,3,0,3
Chrispus,3,0,3
Chrisri,0,3,3
Chrissangi,0,3,3
Chrissano,3,0,3
Chrissean,3,0,3
Chrisshanty,0,3,3
Chrisshawn,3,0,3
Chrisshella,0,3,3
Chrissiah,0,3,3
Chrissiena,0,3,3
Chrissinsia,0,3,3
Chrissou,3,0,3
Chrissovalantis,3,0,3
Chrissovalanto,0,3,3
Chrisstefar,3,0,3
Chrisstiena,0,3,3
Chrisstina,0,3,3
Chrisstinus,3,0,3
Chrisstof,3,0,3
Chrisstoff,3,0,3
Chrisstoffelina,0,3,3
Chrisstoffellina,0,3,3
Chrisstoffina,0,3,3
Chrissy-Ann,0,3,3
Chrissy-anne,0,3,3
Chrissy-Jo,0,3,3
Chrissy-Michèlle,0,3,3
Christ-jan,3,0,3
Christ-Roi,3,0,3
Christa-Anne,0,3,3
Christa-Elizabeth,0,3,3
Christa-Iris,0,3,3
Christaaf,3,0,3
Christafaro,3,0,3
Christafol,3,0,3
Christafor,3,0,3
Christah,0,3,3
Christaino,3,0,3
Christald,3,0,3
Christalena,0,3,3
Christalie,0,3,3
Christalijn,0,3,3
Christalinda,0,3,3
Christaline,0,3,3
Christalle,0,3,3
Christally,0,3,3
Christalyne,0,3,3
Christalyss,0,3,3
Christam,3,0,3
Christan-Alexander,3,0,3
Christania,0,3,3
Christanina,0,3,3
Christanna,0,3,3
Christanny,0,3,3
Christano,3,0,3
Christans,3,0,3
Christantia,0,3,3
Christanto,3,0,3
Christanus,3,0,3
Christaphora,0,3,3
Christapor,3,0,3
Christavas,3,0,3
Christbell,0,3,3
Christdas,3,0,3
Christdasie,0,3,3
Christdoelar,3,0,3
Christdoelarie,0,3,3
Christea,0,3,3
Christéan,3,0,3
Christef,3,0,3
Christefano,3,0,3
Christefford,3,0,3
Christefoor,3,0,3
Christefor,3,0,3
Christefur,3,0,3
Christejana,0,3,3
Christel-Dore,0,3,3
Christel-louise,0,3,3
Christele,0,3,3
Christelena,0,3,3
Christeley,0,3,3
Christeley-Aimy,0,3,3
Christeli,0,3,3
Christeliano,3,0,3
Christeliene,0,3,3
Christelley,0,3,3
Christellion,3,0,3
Christelvie,0,3,3
Christelyne,0,3,3
Christene,0,3,3
Christenel,0,3,3
Christeney,0,3,3
Christenie,0,3,3
Christenny,0,3,3
Christensen,0,3,3
Christenvie,0,3,3
Christephor,3,0,3
Christephorus,3,0,3
Christern,0,3,3
Christero,3,0,3
Christfried,3,0,3
Christhany,0,3,3
Christhardugan,3,0,3
Christhea,0,3,3
Christhean,3,0,3
Christheen,0,3,3
Christheonne,0,3,3
Christhepher,3,0,3
Christhepor,3,0,3
Christhiano,3,0,3
Christhie,3,0,3
Christhieaan,3,0,3
Christhine,0,3,3
Christhl,0,3,3
Christhofer,3,0,3
Christhoforus,3,0,3
Christhoper,3,0,3
Christhophe,3,0,3
Christhophor,3,0,3
Christhurajah,3,0,3
Christhy,0,3,3
Christi-Ann,0,3,3
Christi-Anna,0,3,3
Christi-jan,3,0,3
Christi-Jana,0,3,3
Christi-janna,0,3,3
Christiaaan,3,0,3
Christiaan-Carlos,3,0,3
Christiaan-Coen,3,0,3
Christiaan-Dirk,3,0,3
Christiaan-Floris,3,0,3
Christiaan-Giovanni,3,0,3
Christiaan-Jan,3,0,3
Christiaan-Jarno,3,0,3
Christiaan-Marcel,3,0,3
Christiaan-Marien,3,0,3
Christiaan-Mark,3,0,3
Christiaan-Martinus,3,0,3
Christiaan-Paul,3,0,3
Christiaan-Pepijn,3,0,3
Christiaan-Ronald,3,0,3
Christiaan-Sander,3,0,3
Christiaan-Theodoor,3,0,3
Christiaan-Tobias,3,0,3
Christiaan-Vahan,3,0,3
Christiaan-Willem,3,0,3
Christiaansz,3,0,3
Christiaanzoon,3,0,3
Christian-Benedict,3,0,3
Christian-Dean,3,0,3
Christian-Gerard,3,0,3
Christian-Hubert,3,0,3
Christian-James,3,0,3
Christian-Johan,3,0,3
Christian-Jules,3,0,3
Christian-Omar,3,0,3
Christian-Philip,3,0,3
Christian-Roy,3,0,3
Christian-Willem,3,0,3
Christiand,3,0,3
Christiandro,3,0,3
Christiáne,3,0,3
Christianey,0,3,3
Christianis,3,0,3
Christianity,0,3,3
Christiannah,0,3,3
Christiànne,0,3,3
Christianny,0,3,3
Christiano-D'Angelo,3,0,3
Christiansdóttir,0,3,3
Christiansen,3,0,3
Christiantje,0,3,3
Christiantos,3,0,3
Christianus-Johannes,3,0,3
Christianus-Jos,3,0,3
Christiany,0,3,3
Christiara,0,3,3
Christiawan,3,0,3
Christida,0,3,3
Christie-Ann,0,3,3
Christie-jan,3,0,3
Christie-Rose,0,3,3
Christieëne,0,3,3
Christiejana,0,3,3
Christiejanne,0,3,3
Christiëlla,0,3,3
Christielle,0,3,3
Christiëlle,0,3,3
Christièn,3,0,3
Christieneke,0,3,3
Christiènna,0,3,3
Christiënna,0,3,3
Christievie,3,0,3
Christifel,0,3,3
Christijan-Peter,3,0,3
Christijana,0,3,3
Christilde,3,0,3
Christilera,0,3,3
Christiliano,3,0,3
Christilita,0,3,3
Christillia,0,3,3
Christillio,3,0,3
christina,0,3,3
Christina-Gerardina,0,3,3
Christina-Hélène,0,3,3
Christina-Jalisa,0,3,3
Christina-Jeanny,0,3,3
Christina-Leah,0,3,3
Christina-Maria,0,3,3
Christina-Wilhelmina,0,3,3
Christinala,0,3,3
Christinan,0,3,3
Christine-Jenette,0,3,3
Christine-Louise,0,3,3
Christine-Mariëlle,0,3,3
Christinet,0,3,3
Christiniana,0,3,3
Christinio,3,0,3
Christiny,0,3,3
Christio,3,0,3
Christiòn,3,0,3
Christionne,0,3,3
Christipher,3,0,3
Christitia,0,3,3
Christivany,0,3,3
Christiyani,0,3,3
Christjanne,3,0,3
Christjo,3,0,3
Christl',0,3,3
Christl-Jeann,0,3,3
Christley,0,3,3
Christly,0,3,3
Christma,0,3,3
Christmanohar,3,0,3
Christmar,3,0,3
Christo-Dimitri,3,0,3
Christo-Nelsen,3,0,3
Christoba,3,0,3
Christobalt,3,0,3
Christobelle,0,3,3
Christodia,0,3,3
Christodoula,0,3,3
Christofeer,3,0,3
Christofera,0,3,3
Christoffelline,0,3,3
Christofferita,0,3,3
Christofferus,3,0,3
Christoffiene,0,3,3
Christoffor,3,0,3
Christoffur,3,0,3
Christofh,3,0,3
Christofiene,0,3,3
Christoforina,0,3,3
Christoforis,3,0,3
Christoforius,3,0,3
Christòforus,3,0,3
Christofpher,3,0,3
Christofra,0,3,3
Christofu-en,3,0,3
Christolight,0,3,3
Christolijna,0,3,3
Christopaul,3,0,3
Christoper,3,0,3
Christopf,3,0,3
Christopfel,3,0,3
Christopfer,3,0,3
Christophanus,3,0,3
Chrístophe,3,0,3
Christophene,0,3,3
Christopher-Beau,3,0,3
Christopher-James,3,0,3
Christopher-Jan,3,0,3
Christopher-Joël,3,0,3
Christopher-Philippe,3,0,3
Christophera,0,3,3
Christopherly,3,0,3
Christophermoore,3,0,3
Christophern,3,0,3
Christophita,0,3,3
Christopholina,0,3,3
Christopholus,3,0,3
Christophorie,0,3,3
Christophorius,3,0,3
Christophus,3,0,3
Christor,3,0,3
Christors,3,0,3
Christou,0,3,3
Christovani,3,0,3
Christovanie,3,0,3
Christovel,3,0,3
Christovius,3,0,3
Christpiari,0,3,3
Christrina,0,3,3
Christtable,0,3,3
Christu,3,0,3
Christul,0,3,3
Christvis,0,3,3
Christvit,3,0,3
Christward,3,0,3
Christy-Ange,0,3,3
Christy-Jane,0,3,3
Christy-Jo,0,3,3
Christy-Joy,0,3,3
Christy-Lane,0,3,3
Christyane,0,3,3
Christyanne,0,3,3
Christyen,3,0,3
Christyjan,3,0,3
Christyl,0,3,3
Christylia,0,3,3
Christyntje,0,3,3
Chrisviano,3,0,3
Chrisvienne,0,3,3
Chrisvieny,0,3,3
Chriswanti,0,3,3
Chriswati,0,3,3
Chriswell,3,0,3
Chrisy,0,3,3
Chrisyanto,3,0,3
Chrisyina,0,3,3
Chrit-Marie,3,0,3
Chritiaan,3,0,3
Chritianus,3,0,3
Chritièn,3,0,3
Chritiën,3,0,3
Chritiên,0,3,3
Chritienne,0,3,3
Chritjan,3,0,3
Chritjelle,0,3,3
Chrivinio,3,0,3
Chriz-Céline,0,3,3
Chriza,3,0,3
Chrizia,0,3,3
Chriztiaan,3,0,3
Chromatius,3,0,3
Chrouk,0,3,3
Chrstiaan,3,0,3
Chrstine,0,3,3
Chrtistiaan,3,0,3
Chrykant,3,0,3
Chrys,0,3,3
Chrysanthé,0,3,3
Chrysanthos,3,0,3
Chrysantia,0,3,3
Chrysavi,0,3,3
Chryseïs,0,3,3
Chryselle,0,3,3
Chrysentia,0,3,3
Chryses,3,0,3
Chryshant,3,0,3
Chryshelle,0,3,3
Chryshello,3,0,3
Chryslaine,0,3,3
Chrysler,3,0,3
Chrysley,3,0,3
Chrysogoma,0,3,3
Chrysogone,0,3,3
Chrysolius,3,0,3
Chrysostema,0,3,3
Chrysosthemus,3,0,3
Chrysostôme,3,0,3
Chrysostomé,3,0,3
Chrysostomo,0,3,3
Chrysostumus,3,0,3
Chrysovalandou,0,3,3
Chrysowalandou,0,3,3
Chryssa,0,3,3
Chryssantha,0,3,3
Chryssanthi,0,3,3
Chryssellinha,0,3,3
Chryssilis,0,3,3
Chryssostomus,3,0,3
Chryst,3,0,3
Chrystall,0,3,3
Chrystantia,0,3,3
Chrystella,0,3,3
Chrysthiaan,3,0,3
Chrysti,0,3,3
Chrystiaan,3,0,3
Chrystianne,0,3,3
Chrystie,0,3,3
Chrystine,0,3,3
Chrystle,0,3,3
Chrystostomus,3,0,3
Chrystyna,0,3,3
Chü,0,3,3
Chu-Chu,0,3,3
Chu-fung,3,0,3
Chu-Nie,0,3,3
Chu-Sung,0,3,3
Chuah,0,3,3
Chüan,0,3,3
Chuan-Hao,3,0,3
Chuanita,0,3,3
Chuanpit,0,3,3
Chuba,3,0,3
Chubby,3,0,3
Chucho,3,0,3
Chuchu,0,3,3
Chuchuna,0,3,3
Chuck-Man,3,0,3
Chuck-Yin,3,0,3
Chuckciën,3,0,3
Chuco,3,0,3
Chudaineley,0,3,3
Chudary,3,0,3
Chudelliëne,0,3,3
Chudesca,0,3,3
Chudney,0,3,3
Chudy,3,0,3
Chué,3,0,3
Chuek,3,0,3
Chuên,0,3,3
Chuèn,0,3,3
Chuén,0,3,3
Chuen-Huei,3,0,3
Chuen-lan,0,3,3
Chuen-Min,3,0,3
Chuen-Sang,3,0,3
Chuen-shija,0,3,3
Chuene,0,3,3
Chuesy,0,3,3
Chuet,3,0,3
Chuey,3,0,3
Chuguel,3,0,3
Chugwengelo,3,0,3
Chuhan,3,0,3
Chui-King,0,3,3
Chui-Shan,0,3,3
Chui-Ying,0,3,3
Chuiliëndrik,3,0,3
Chuin-Mi,3,0,3
Chuk-Dong,0,3,3
Chuk-Hey,3,0,3
Chuk-Hiem,3,0,3
Chuk-Hin,3,0,3
Chuk-Jing,0,3,3
Chuk-Long,3,0,3
Chuk-Yin,3,0,3
Chuk-Yiu,0,3,3
Chuka-Ray,3,0,3
Chukambiri,3,0,3
Chukey,3,0,3
Chukhang,3,0,3
Chukinuma,3,0,3
Chukman,3,0,3
Chukudi,3,0,3
Chukudima,3,0,3
Chukuemeke,3,0,3
Chukuwemeka,3,0,3
Chukuwma,3,0,3
Chukwedera,3,0,3
Chukwu-yem,3,0,3
Chukwuazagom,3,0,3
Chukwubikem,3,0,3
Chukwubuikem,3,0,3
Chukwudiebere,3,0,3
Chukwudozie,3,0,3
Chukwudubem,3,0,3
Chukwudumabi,0,3,3
Chukwudumebi,3,0,3
Chukwuemeká,3,0,3
Chukwuemeke,3,0,3
Chukwuemere,3,0,3
Chukwufunanya,0,3,3
Chukwujekwu,3,0,3
Chukwujem,3,0,3
Chukwumereije,3,0,3
Chukwumezie,3,0,3
Chukwunaedum,3,0,3
Chukwuneye,0,3,3
Chukwunneke,3,0,3
Chukwunonyelum,0,3,3
Chukwunwike,3,0,3
Chukwuzendu,3,0,3
Chukwuzubelu,3,0,3
Chüla,0,3,3
Chulah,0,3,3
Chulan,0,3,3
Chulei,0,3,3
Chuli,3,0,3
Chulinia,0,3,3
Chulinya,0,3,3
Chulito,3,0,3
Chuljette,0,3,3
Chullian,0,3,3
Chullus,3,0,3
Chulsar,3,0,3
Chulthen,3,0,3
Chulyano,3,0,3
Chumailey,0,3,3
Chumaine,0,3,3
Chumasha,0,3,3
Chumicha,0,3,3
Chumkit,3,0,3
Chún,3,0,3
Chũn,3,0,3
Chun-Bond,3,0,3
Chun-Bong,3,0,3
Chun-Fung,3,0,3
Chun-Han,3,0,3
Chun-hee,3,0,3
Chun-hei,3,0,3
Chun-Hey,3,0,3
Chun-Hien,3,0,3
Chun-Him,3,0,3
Chun-Hing,3,0,3
Chun-Huei,3,0,3
Chun-Jhien,3,0,3
Chun-Kin,3,0,3
Chun-Kua,0,3,3
Chun-Leung,3,0,3
Chun-Li,0,3,3
Chun-Lin,3,0,3
Chun-Lok,3,0,3
Chun-Long,3,0,3
Chun-Mee,0,3,3
Chun-mei,0,3,3
Chun-Moi,0,3,3
Chun-Ning,3,0,3
Chun-On,3,0,3
Chun-Qi,3,0,3
Chun-Shing,3,0,3
Chun-Sing,3,0,3
Chun-Wah,3,0,3
Chun-Wang,3,0,3
Chun-Wei,3,0,3
Chun-Xiao,0,3,3
Chun-Yan,3,0,3
Chun-Yi,3,0,3
Chün-Ying,0,3,3
Chun-Yip,3,0,3
Chun-Yu,3,0,3
Chun-Yue,3,0,3
Chunaisa,0,3,3
Chunaiska,0,3,3
Chunana,0,3,3
Chunayrend,3,0,3
Chuncy,3,0,3
Chundri,3,0,3
Chuneska,0,3,3
Chung-Che,3,0,3
Chung-Hang,0,3,3
Chung-Hei,3,0,3
Chung-Hing,3,0,3
Chung-Hong,3,0,3
Chung-Huen,3,0,3
Chung-Liang,3,0,3
Chung-Mei,0,3,3
Chung-Ming,3,0,3
Chung-Ping,3,0,3
Chung-San,3,0,3
Chung-Wah,3,0,3
Chung-Wai,3,0,3
Chung-Yan,3,0,3
Chung-Yin,3,0,3
Chung-Yung,3,0,3
Chungfai,3,0,3
Chungmen,3,0,3
Chunila,0,3,3
Chunk-Jan,0,3,3
Chunkit,3,0,3
Chunlei,3,0,3
Chunlok,3,0,3
Chunlong,3,0,3
Chunran,0,3,3
Chunting,3,0,3
Chunwai,3,0,3
Chúquel,3,0,3
Churai,3,0,3
Churaï,0,3,3
Churaiska,0,3,3
Churalyne,0,3,3
Churaya,0,3,3
Churaynick,3,0,3
Churchell,3,0,3
Churdaimyrel,3,0,3
Churdensley,3,0,3
Churdraiska,0,3,3
Churedy,0,3,3
Chureepron,0,3,3
Chureimyon,3,0,3
Churely,0,3,3
Churemyson,3,0,3
Churèn,3,0,3
Churendel,3,0,3
Churendi,3,0,3
Churendley,3,0,3
Churendra,3,0,3
Churenis,0,3,3
Churennie,3,0,3
Chureny,0,3,3
Churesca,0,3,3
Churgiëla,0,3,3
Churgillia,0,3,3
Churhaymo,3,0,3
Churick,3,0,3
Churiklia,0,3,3
Churil,3,0,3
Churitson,3,0,3
Churiviëlla,0,3,3
Churiviendall,3,0,3
Churiviëney,0,3,3
Churk,3,0,3
Churlena,0,3,3
Churly,0,3,3
Churmel,3,0,3
Churmelon,3,0,3
Churmer,3,0,3
Churnaftely,0,3,3
Churnela,0,3,3
Churnelly,0,3,3
Churnoushka,0,3,3
Churqualitto,3,0,3
Churraysa,0,3,3
Churrendel,3,0,3
Churrina,0,3,3
Chursly,3,0,3
Churson,3,0,3
Chursten,3,0,3
Churtny,3,0,3
Churvinio,3,0,3
Churwiënska,0,3,3
Chusni,3,0,3
Chustine,0,3,3
Chuthamart,0,3,3
Chutiphas,3,0,3
Chutipon,0,3,3
Chutlene,3,0,3
Chutleny,0,3,3
Chuvirgilly,3,0,3
Chuwas,3,0,3
Chuwen,3,0,3
Chuwfrendry,3,0,3
Chuwou,3,0,3
Chuxi,0,3,3
Chuy,3,0,3
Chuyan,0,3,3
CHV,3,0,3
Chwala,0,3,3
Chwan,3,0,3
Chwas,3,0,3
Chwee,3,0,3
Chwelica,0,3,3
Chwen-Haw,3,0,3
Chy-Ho,3,0,3
Chy-Riën,0,3,3
Chya,3,0,3
Chyam,3,0,3
Chyandra,0,3,3
Chyani,0,3,3
Chyanna,0,3,3
Chyannedi,0,3,3
Chyano,3,0,3
Chyanta,0,3,3
Chyar,3,0,3
Chyara-Jolina,0,3,3
Chyarha,0,3,3
Chyarra,0,3,3
Chybrani,0,3,3
Chyca,0,3,3
Chycca,0,3,3
Chyeanne,0,3,3
Chyela,0,3,3
Chyene,0,3,3
Chyento,3,0,3
Chyera,0,3,3
Chyesa,0,3,3
Chyfhaijk,3,0,3
Chygall,0,3,3
Chyl,3,0,3
Chylaine,0,3,3
Chylani,0,3,3
Chylean,0,3,3
Chyleen,0,3,3
Chylena,0,3,3
Chyléne,0,3,3
Chylene,0,3,3
Chylvano,3,0,3
Chymana,0,3,3
Chymaro,3,0,3
Chymearah,0,3,3
Chymene,0,3,3
Chymènne,0,3,3
Chymenne,0,3,3
Chymoni,0,3,3
Chyn,0,3,3
Chyna-J'adore,0,3,3
Chynairo,3,0,3
Chynara,0,3,3
Chynaro,3,0,3
Chynayra,0,3,3
Chynea,0,3,3
Chynell,0,3,3
Chyno,3,0,3
Chynook,0,3,3
Chyntadewi,0,3,3
Chyntiawati,0,3,3
Chyomara,0,3,3
Chyomaro,3,0,3
Chyomi,0,3,3
Chyong,3,0,3
Chyoni,0,3,3
Chyralene,0,3,3
Chyramain,3,0,3
Chyrandy,3,0,3
Chyree,3,0,3
Chyrella,0,3,3
Chyrelvo,3,0,3
Chyren,0,3,3
Chyreyu,3,0,3
Chyrianne,0,3,3
Chyrida,0,3,3
Chyrilda,0,3,3
Chyrina,0,3,3
Chyrino,3,0,3
Chyroh,3,0,3
Chyrome,3,0,3
Chyrona,0,3,3
Chyronda,0,3,3
Chyselle,0,3,3
Chysiridia,0,3,3
Chyslaine,0,3,3
Chyston,3,0,3
Chytana,0,3,3
Chytano,3,0,3
Chytera,0,3,3
Chyuen,3,0,3
Chyvaino,3,0,3
Chyvani,0,3,3
Chyvanilyo,3,0,3
Chyvara-Lily,0,3,3
Chyvayno,3,0,3
Chyvena,0,3,3
Chyvenley,0,3,3
Chyvon,3,0,3
Chyvone,0,3,3
Ci'queliyah,0,3,3
Ci'shainelié,0,3,3
Ci-Ann,0,3,3
Ci-ëll,3,0,3
Ci-Jay,3,0,3
Cia-Maureen,0,3,3
Ciadaughn,0,3,3
Cïaira,0,3,3
Cialiy,0,3,3
Ciallo,3,0,3
Ciam,3,0,3
Ciamo,3,0,3
Cían,3,0,3
Cián,3,0,3
Ciana-Lee,0,3,3
Cianairo,3,0,3
Ciänderely,0,3,3
Ciando,3,0,3
Ciandro,3,0,3
Ciandry,3,0,3
Cianetty,0,3,3
Ciangello,3,0,3
Ciangely,0,3,3
Cianie,0,3,3
Ciannah,0,3,3
Cianny,0,3,3
Ciäno,3,0,3
Cianoa,0,3,3
Ciantelly,0,3,3
Cianto,3,0,3
Ciany,0,3,3
Ciao,0,3,3
Ciar,3,0,3
Ciára,0,3,3
Ciara-Angel,0,3,3
Ciara-Jae,0,3,3
Ciara-Jay,0,3,3
Ciara-Joy,0,3,3
Ciara-Noé,0,3,3
Ciara-Roos,0,3,3
Ciaráin,3,0,3
Ciaralynn,0,3,3
Ciaraylis,0,3,3
Ciare,0,3,3
Ciarella,0,3,3
Ciaren,3,0,3
Ciarén,3,0,3
Ciaryn,0,3,3
Ciatta,0,3,3
Ciavainy,0,3,3
Ciaylen,3,0,3
Ciaylisianna,0,3,3
Ciayra,0,3,3
Ciba,0,3,3
Cibelia,0,3,3
Cibella,0,3,3
Cibertus,3,0,3
Cibila,0,3,3
Cibo,3,0,3
Cibon,0,3,3
Cibrail,3,0,3
Cibrán,3,0,3
Cibrenne,0,3,3
Cibrian,3,0,3
Cibrin,3,0,3
Ciby,0,3,3
Cicario,3,0,3
Cicaro,3,0,3
Cicarow,3,0,3
Ciccely,0,3,3
Cicci,0,3,3
Ciccilio,3,0,3
Ciccio,3,0,3
Cicèk,0,3,3
Ciceley,0,3,3
Cicelia,0,3,3
Cicella,0,3,3
Cicelle,0,3,3
Cicelo,3,0,3
Cicentiolus,0,3,3
Cicerio,3,0,3
Cicéro,3,0,3
Cicéron,3,0,3
Cichilda,0,3,3
Cichinio,3,0,3
Cician,0,3,3
Cicianella,0,3,3
Cicibohr,3,0,3
Ciciele,0,3,3
Ciciellia,0,3,3
Cicilea,0,3,3
Ciciliaan,3,0,3
Cicilie,0,3,3
Cicilius,3,0,3
Cicilliano,3,0,3
Cicily,0,3,3
Cicin,0,3,3
Cicinio,3,0,3
Ciciolina,0,3,3
Cicisse,3,0,3
Cicka,0,3,3
Ciconna,0,3,3
Cicy,0,3,3
Cida,0,3,3
Cidaiserly,0,3,3
Cidamy,0,3,3
Cidem-Hazal,0,3,3
Cidi,0,3,3
Cidie,0,3,3
Cidien,0,3,3
Cidinha,0,3,3
Cidinho,3,0,3
Cidjay,3,0,3
Cidjero,3,0,3
Cidoni,0,3,3
Cidonia,0,3,3
Cidrack,3,0,3
Cidrick,3,0,3
Cidro,3,0,3
Cidronia,0,3,3
Cidu,3,0,3
Cidy,3,0,3
Cidyra,0,3,3
Cie-Jai,3,0,3
Cieara,0,3,3
Ciebila,0,3,3
Ciecil,0,3,3
Ciegfried,3,0,3
Ciël,0,3,3
Cièl,0,3,3
Cièla,0,3,3
Cielaura,0,3,3
Ciele,0,3,3
Cièle,0,3,3
Cieleke,0,3,3
Cielia,0,3,3
Cielito,3,0,3
Cielja,0,3,3
Ciell,0,3,3
Ciely,0,3,3
Cielya,0,3,3
Ciénavieve,0,3,3
Cienayro,3,0,3
Ciënderick,3,0,3
Ciene,0,3,3
Cienfonet,0,3,3
Ciènna,0,3,3
Ciënnevi,0,3,3
Ciënra,0,3,3
Cienus,3,0,3
Ciepke,0,3,3
Cieran,3,0,3
Cieriel,3,0,3
Ciëro,3,0,3
Ciero,3,0,3
Cierra'lee,0,3,3
Ciërra-Lois,0,3,3
Ciërro,3,0,3
Cieryl,3,0,3
Ciesja,0,3,3
Cieska,0,3,3
Cietes,3,0,3
Cietse,3,0,3
Ciewe,0,3,3
Ciezer,3,0,3
Cifa,0,3,3
Cifaisa,0,3,3
Ciffra,0,3,3
Ciffraël,3,0,3
Cify-Ann,0,3,3
Ciga,3,0,3
Cigalle,0,3,3
Ciǵdem,0,3,3
Cigervan,3,0,3
Cigerxun,3,0,3
Cigiabina,0,3,3
Cigo,3,0,3
Cigognini,3,0,3
Cigoirno,3,0,3
Cigreennio,3,0,3
Cihâd,3,0,3
Cihal,3,0,3
Cihanbey,3,0,3
Cihanda,0,3,3
Cihandar,3,0,3
Cihangil,3,0,3
Cihanşah,3,0,3
Cihansu,3,0,3
Cıhat,3,0,3
Cihhan,3,0,3
Cijar,3,0,3
Cijaya,0,3,3
Cijciel,0,3,3
Cijja,0,3,3
Cijlia,0,3,3
Cijlijen,0,3,3
Cijlvia,0,3,3
Cijmen,3,0,3
Cijn,0,3,3
Cijnthia-Li,0,3,3
Cijntje,0,3,3
Cijon,3,0,3
Cijprianus,3,0,3
Cijriles,3,0,3
Cijrill,3,0,3
Cijrilles,3,0,3
Cijs,3,0,3
Cijtje,0,3,3
Cijtze,3,0,3
Cikay,3,0,3
Cil-Djeyna,0,3,3
Cıla,0,3,3
Cilaida,0,3,3
Cilanita,0,3,3
Cilavine,0,3,3
Cilaya,0,3,3
Cilayda,0,3,3
Cilayni,0,3,3
Cilaysia,0,3,3
Cilchiora,0,3,3
Cilea,0,3,3
Cileke,0,3,3
Cilence,0,3,3
Cilencio,3,0,3
Ciléne,0,3,3
Cilensio,3,0,3
Cilento,0,3,3
Cileny,0,3,3
Cilésia,0,3,3
Cilestine,0,3,3
Ciley,0,3,3
Cileyna,0,3,3
Cilezia,0,3,3
Cilfaan,3,0,3
Cilfanyto,3,0,3
Cilia-Elisa,0,3,3
Cilián,3,0,3
Ciliana,3,0,3
Cilicië,0,3,3
Ciliene,3,0,3
Ciliënne,0,3,3
Cilievyanka,0,3,3
Cilin,0,3,3
Cilinda,0,3,3
Cilinia,0,3,3
Cilinio,3,0,3
Cilino,3,0,3
Cilinzé,3,0,3
Cilisa,0,3,3
Cillain,3,0,3
Cillanka,0,3,3
Cillencio,3,0,3
Cillenia,0,3,3
Cillestien,0,3,3
Cillestine,0,3,3
Cillian-João,3,0,3
Cillien,0,3,3
Cilliènne,0,3,3
Cillín,3,0,3
Cillio,3,0,3
Cillissa,0,3,3
Cillus,3,0,3
Cillvan,3,0,3
Cillyante,0,3,3
Cilo,3,0,3
Ciloù,0,3,3
Ciltire,3,0,3
Cilus,3,0,3
Cilvani,3,0,3
Cilviana,0,3,3
Cilvie,0,3,3
Cilvio,3,0,3
Cilware,0,3,3
Cilyah,0,3,3
Cilyanne,0,3,3
CIM,0,3,3
Cimar,3,0,3
Cimara,0,3,3
Cimarose,0,3,3
Cimarrón,3,0,3
Cimaya,0,3,3
Cimberlee,0,3,3
Cimberleh,0,3,3
Cimé,0,3,3
Cimenne,0,3,3
Cimeon,3,0,3
Cimeron,3,0,3
Cimley,0,3,3
Cimmy-Lou,0,3,3
Cimon,3,0,3
Cimoon,3,0,3
Cimorah,0,3,3
Cimoraisa,0,3,3
Cin-lian,3,0,3
Cin-Tin,0,3,3
Cinaddy,3,0,3
Cináed,3,0,3
Cinamon,0,3,3
Cinan,3,0,3
Cinar-Efe,3,0,3
Cinayra,0,3,3
Cincere,3,0,3
Cinchillia,0,3,3
Cincilia,0,3,3
Cincinaria,0,3,3
Cincinnaria,0,3,3
Cincinnata,0,3,3
Cincinnati,3,0,3
Cincinneria,0,3,3
Cinclair,3,0,3
Cindal,0,3,3
Cindala,3,0,3
Cindamani,0,3,3
Cindar,0,3,3
Cindella,0,3,3
Cindely,0,3,3
Cinderela,0,3,3
Cinderell,0,3,3
Cinders,0,3,3
Cinderuella,0,3,3
Cindey-Nouara,0,3,3
Cindhel,0,3,3
Cindian,0,3,3
Cindirella,0,3,3
Cindja,0,3,3
Cindo,3,0,3
Cindor,3,0,3
Cindra,0,3,3
Cindre,0,3,3
Cindrella,0,3,3
Cindriëlla,0,3,3
Cindrina,0,3,3
Cindro,3,0,3
Cindry,3,0,3
Cindy-Desiré,0,3,3
Cindy-Elise,0,3,3
Cindy-Evelien,0,3,3
Cindy-Ilja,0,3,3
Cindy-Jannie,0,3,3
Cindy-Joan,0,3,3
Cindy-Johanna,0,3,3
Cindy-Lisa,0,3,3
Cindy-Lou,0,3,3
Cindy-Maria,0,3,3
Cindy-Marjolijn,0,3,3
Cindy-Roos,0,3,3
Cindy-Sharon,0,3,3
Cindylenn,0,3,3
Cindyllen,0,3,3
Cinell,0,3,3
Cinem,0,3,3
Cineta,0,3,3
Cing,0,3,3
Cing-Lee,3,0,3
Cingiz,3,0,3
Cinha,0,3,3
Cini,0,3,3
Cinja,0,3,3
Cinmaya,3,0,3
Cinmoj,3,0,3
Cinn,0,3,3
Cinnan,3,0,3
Cinne,3,0,3
Cinnemon,0,3,3
Cinnia,0,3,3
Cinninio,3,0,3
Cinnita,0,3,3
Cinnoa,0,3,3
Cinottra,0,3,3
Cinq,0,3,3
Cinryaida,0,3,3
Cinsabella,0,3,3
Cinseray,0,3,3
Cinsey,0,3,3
Cinsi,0,3,3
Cinta-Lee,0,3,3
Cinta-Luann,0,3,3
Cintana,0,3,3
Cintano,3,0,3
Cintara,0,3,3
Cintares,0,3,3
Cintè,3,0,3
Cinte,0,3,3
Cintelmo,3,0,3
Cinteng,0,3,3
Cinteny,0,3,3
Cintero,3,0,3
Cintha-Joy,0,3,3
Cinthammy,0,3,3
Cinthio,3,0,3
Cintho,3,0,3
Cinthus,3,0,3
Cinthy-Joy,0,3,3
Cintiana,0,3,3
Cintie,0,3,3
Cintija,0,3,3
Cinton,3,0,3
Cintra,3,0,3
Cinty,0,3,3
Cinus,3,0,3
Cinvya,0,3,3
Cinya,0,3,3
Cinzanno,3,0,3
Cinzi,0,3,3
Cinziá,0,3,3
Cinzía,0,3,3
Ciohnne,3,0,3
Ciolina,0,3,3
Ciomara,0,3,3
Ciony,0,3,3
Cioritha,0,3,3
Cioummauphe,0,3,3
Ciovanie,3,0,3
Ciovanny,3,0,3
Cip,0,3,3
Ciperianus,3,0,3
Cipiriano,3,0,3
Cipke,3,0,3
Cipo,3,0,3
Cipora,0,3,3
Cipper,3,0,3
Cipprianus,3,0,3
Ciprano,3,0,3
Cipreano,3,0,3
Cipriaña,0,3,3
Ciprianys,0,3,3
Cipto,3,0,3
Ciputra,3,0,3
Ciquijero,3,0,3
Ciqwen,0,3,3
Cira-Zette,0,3,3
Ciraa,3,0,3
Ciradiouma,0,3,3
Cirae,0,3,3
Ciraj,3,0,3
Ciranella,0,3,3
Ciranoush,0,3,3
Cirby,0,3,3
Circes,3,0,3
Circis,3,0,3
Circuncisão,3,0,3
Cirdàn,3,0,3
Cire-Sow,0,3,3
Cirea,0,3,3
Cirean,0,3,3
Ciréji,3,0,3
Cirena,3,0,3
Cirene,0,3,3
Cirénia,0,3,3
Cirenis,3,0,3
Cirenius,3,0,3
Cirenne,0,3,3
Cirian,3,0,3
Cirianes,3,0,3
Ciriano,3,0,3
Ciriël,3,0,3
Ciriëla,0,3,3
Cirilles,3,0,3
Cirin,0,3,3
Cirinnà,0,3,3
Cirio,3,0,3
Cirisha,0,3,3
Cirleana,0,3,3
Cirlli,3,0,3
Ciron,0,3,3
Ciroshan,3,0,3
Cirro,3,0,3
Cirrus,3,0,3
Cirse,0,3,3
Cirsha,0,3,3
Cirsheey,0,3,3
Cirstie,0,3,3
Cirstin,0,3,3
Cirstina,0,3,3
Cirusha,3,0,3
Ciry,0,3,3
Ciryan,0,3,3
Cirylla,0,3,3
Ciryllio,3,0,3
Ciryllis,3,0,3
Ciryllus,3,0,3
Cisanna,0,3,3
Cisayro,3,0,3
Ciscalie,0,3,3
Cisce,3,0,3
Cisceley,0,3,3
Ciscillia,0,3,3
Ciscus,3,0,3
Cise,0,3,3
Cisé,3,0,3
Ciselia,0,3,3
Ciselle,0,3,3
Ciselyn,0,3,3
Cisem,0,3,3
Ciseri,0,3,3
Ciserina,0,3,3
Cishaya,0,3,3
Cisilya,0,3,3
Cisjenno,3,0,3
Ciske-Anne,0,3,3
Ciske-Sil,3,0,3
Ciske-Sofie,0,3,3
Cislaine,0,3,3
Cislen,0,3,3
Cislita,0,3,3
Cislyne,0,3,3
Cismonda,0,3,3
Cisnera,0,3,3
Cissa,0,3,3
Cissé,0,3,3
Cissè,0,3,3
Cisséz,3,0,3
Cissij,0,3,3
Cissy-Fay,0,3,3
Cissy-Jo,0,3,3
Cista-Roosje,0,3,3
Cisyanna,0,3,3
Cisza,0,3,3
Ciszamio-Kayta,3,0,3
Cisze,0,3,3
Citano,3,0,3
Citara,0,3,3
Citaya,0,3,3
Cithnay,0,3,3
Citho,3,0,3
Citidhari,0,3,3
Citie,0,3,3
Citina,0,3,3
Citlalli,0,3,3
Citral,0,3,3
Citrasari,0,3,3
Citri,3,0,3
Citty,0,3,3
Ciu,3,0,3
Civ,3,0,3
Civaira,0,3,3
Cıvan,3,0,3
Civannety,0,3,3
Civanni,3,0,3
Civanno,3,0,3
Civano,3,0,3
Civany,3,0,3
Civanya,0,3,3
Civar,3,0,3
Civaró,3,0,3
Civayra,0,3,3
Civel,0,3,3
Civelly,0,3,3
Civencio,3,0,3
Civero,3,0,3
Civiali,3,0,3
Civianny,0,3,3
Civiërrah,0,3,3
Civilia,0,3,3
Civilian,0,3,3
Ciwân,3,0,3
Cıwan,3,0,3
Ciwane,0,3,3
Ciwani,3,0,3
Ciwanmêr,3,0,3
Ciwano,3,0,3
Ciwar,3,0,3
Cixi,3,0,3
Ciyana,0,3,3
Ciyando,3,0,3
Ciyani,0,3,3
Ciyano,3,0,3
Ciyano-Josè,3,0,3
Ciyenna,0,3,3
Ciyennah,0,3,3
Ciyomi,0,3,3
Ciyrella,0,3,3
Ciz,3,0,3
Cizaar,3,0,3
Cizanna,0,3,3
Cizella,0,3,3
Cizzy,0,3,3
Cj-Junior,3,0,3
Cjaely,0,3,3
Cjam,3,0,3
Cjanna,0,3,3
CJAP,3,0,3
Cjarel,3,0,3
Cjavrina,0,3,3
CJay,3,0,3
Cjeandric,3,0,3
Cjee-eenthaly,0,3,3
Cjell,3,0,3
Cjeraiza,0,3,3
Cjesco,3,0,3
Cjestmir,3,0,3
CJF,3,0,3
Cjiofany-Ismaël,3,0,3
CJJ,0,3,3
CJLM,3,0,3
CJP,0,3,3
Ckiara,0,3,3
Ckijn,3,0,3
Ckyracacach,0,3,3
Claarke,0,3,3
Claars,3,0,3
Claarthe,0,3,3
Claasijna,0,3,3
Claasina,0,3,3
Claasjan,3,0,3
Claassiena,0,3,3
Claasyn,0,3,3
Claaz,3,0,3
Clacien,0,3,3
Claciena,0,3,3
Clacino,0,3,3
Clack,0,3,3
Clade,3,0,3
Cladiene,0,3,3
Cladine,0,3,3
Cladio,3,0,3
Cladis,0,3,3
Clae,3,0,3
Claémont,3,0,3
Claer,0,3,3
Claerisse,0,3,3
Claerity,0,3,3
Claesine,0,3,3
Claesjen,0,3,3
Claesjèn,0,3,3
Claeson,3,0,3
Claesses,3,0,3
Claiborne,0,3,3
Claidel,3,0,3
Claidemin,0,3,3
Claidia,0,3,3
Claidien,0,3,3
Claien,3,0,3
Claif,3,0,3
Claiff,3,0,3
Claimend,3,0,3
Claiment,3,0,3
Claimy,0,3,3
Clainara,0,3,3
Claine,3,0,3
Claines,0,3,3
Clair-ann,3,0,3
Clair-Anne,0,3,3
Clair-Cécile,0,3,3
Claira,0,3,3
Claïre,0,3,3
Claire-Alize,0,3,3
Claire-Bijou,0,3,3
Claire-Elise,0,3,3
Claire-Hélène,0,3,3
Claire-Jeanette,0,3,3
Claire-Juliette,0,3,3
Claire-Juliëtte,0,3,3
Claire-Lune,0,3,3
Claire-Maria,0,3,3
Claire-marie,0,3,3
Claire-Marie-Anne,0,3,3
Claire-Olivia,0,3,3
Claire-Suzanne,0,3,3
Claireiana,0,3,3
Clairenton,3,0,3
Clairese,0,3,3
Clairidcia,0,3,3
Clairiënne,0,3,3
Clairine,0,3,3
Clairise,0,3,3
Clairity,0,3,3
Clairmond,0,3,3
Clairmont,3,0,3
Clairnic,0,3,3
Clairon,3,0,3
Clairona,0,3,3
Clairvius,0,3,3
Claison,3,0,3
Claisy,0,3,3
Clait,3,0,3
Claivanah,0,3,3
Clamairo,3,0,3
Clandenon,3,0,3
Clandy,0,3,3
Clanella,0,3,3
Clanny,3,0,3
Claodia,0,3,3
Claparede,3,0,3
Claphira,0,3,3
Clapton,3,0,3
Clara-Louise,0,3,3
Clara-Maria,0,3,3
Clara-Maud,0,3,3
Clara-Prospera,0,3,3
Clara-Sophie,0,3,3
Clarabel,0,3,3
Claracina,0,3,3
Clarah,0,3,3
Clarainzo,3,0,3
Claraïsha,0,3,3
Claraleen,0,3,3
Claraline,0,3,3
Claram,0,3,3
Claramae,0,3,3
Clarán,3,0,3
Claranda,0,3,3
Claranse,3,0,3
Clarantina,0,3,3
Clàre,0,3,3
Clareijn,0,3,3
Clarelies,0,3,3
Clarels,0,3,3
Claren,3,0,3
Clarena,0,3,3
Clarenc,3,0,3
Clarencieuxe,0,3,3
Clarengely,0,3,3
Clarensa,0,3,3
Clarensha,0,3,3
Clarensia,0,3,3
Clarensina,0,3,3
Clarensio,3,0,3
Clarensis,3,0,3
Clarenso,3,0,3
Clarent,3,0,3
Clarentine,0,3,3
Clarenton,3,0,3
Clarenze,3,0,3
Clarenzie,0,3,3
Clareris,3,0,3
Claresca,0,3,3
Clareta,0,3,3
Clareth,0,3,3
Clari-Louise,0,3,3
Clariana,0,3,3
Clarica,0,3,3
Claríce,0,3,3
Clarice-Ann,0,3,3
Clarich,3,0,3
Claricio,3,0,3
Claricus,3,0,3
Claridat,0,3,3
Claridge,3,0,3
Claridia,0,3,3
Clarie-Anna,0,3,3
Clariël,3,0,3
Clarieleney,0,3,3
Clariena,0,3,3
Clarienne,0,3,3
Claries,0,3,3
Clariesa,0,3,3
Clarigshailey,0,3,3
Clarije,0,3,3
Clarilynn,0,3,3
Clarimundo,3,0,3
Clarin,0,3,3
Clarinelle,0,3,3
Clarino,3,0,3
Clarinsa,0,3,3
Clarion-Jayce,3,0,3
Clarisbella,0,3,3
Clarisiya,0,3,3
Clarisja,0,3,3
Clarista,0,3,3
Claristine,0,3,3
Clarit,0,3,3
Clarite,0,3,3
Claritsia,0,3,3
Clarity,0,3,3
Claritza,0,3,3
Clariva,0,3,3
Clarivel,0,3,3
Clariza,0,3,3
Clarks,3,0,3
Clarlie,0,3,3
Clarmunt,3,0,3
Claro,3,0,3
Clarol,3,0,3
Clarold,3,0,3
Clarrence,3,0,3
Clarrette,0,3,3
Clarriesa,0,3,3
Clarrise,0,3,3
Claryanne,0,3,3
Claryce,0,3,3
Claryliënne,0,3,3
Claryn,3,0,3
Claryncia,0,3,3
Clarynna,0,3,3
Clasce,0,3,3
Claseinus,3,0,3
Clasie,3,0,3
Clasienia,0,3,3
Clasijn,3,0,3
Clasijna,0,3,3
Clasilde,0,3,3
Clasin,3,0,3
ClasinaMaria,0,3,3
Clasine-Jetteke,0,3,3
Clasineke,0,3,3
Clasines,3,0,3
Clasinia,0,3,3
Clasinis,3,0,3
Clasinna,0,3,3
Clasino,0,3,3
Clason,3,0,3
Clasonja,0,3,3
Classa,0,3,3
Classanne,0,3,3
Classerton,3,0,3
Classiena,0,3,3
Clastinus,3,0,3
Clasyne,0,3,3
Claszina,0,3,3
Claten,3,0,3
Clathilda,0,3,3
Clau,3,0,3
Claucio,3,0,3
Clauda,0,3,3
Claudan,3,0,3
Claude-Etienne,3,0,3
Claude-François,3,0,3
Claude-Gérard,3,0,3
Claude-Laurens,3,0,3
Claudelys,0,3,3
Claudemira,0,3,3
Claudete,0,3,3
Claudett,0,3,3
Claudi-Zabulon,0,3,3
Claudia-Dana,0,3,3
Claudia-Iris,0,3,3
Claudia-Johanna,0,3,3
Claudia-Lysette,0,3,3
Claudia-Maria,0,3,3
Claudia-Michaela,0,3,3
Claudia-Natasja,0,3,3
Claudia-Renate,0,3,3
Claudian,3,0,3
Claudice,0,3,3
Claudiën,0,3,3
Claudiene,0,3,3
Claudienne,0,3,3
Claudiënne,0,3,3
Claudija,0,3,3
Claudimel,0,3,3
Claudiné,3,0,3
Claudine-Marie,0,3,3
Clauding,0,3,3
Claudinho,3,0,3
Claudinio,3,0,3
Claudinius,3,0,3
Claudinne,0,3,3
Claudío,3,0,3
Cláudio,3,0,3
Claudique,0,3,3
Claudis,3,0,3
Claudise,0,3,3
Claudiu,3,0,3
Claudizia,0,3,3
Claudjean,0,3,3
Claudjino,3,0,3
Claudomira,0,3,3
Claudomiro,3,0,3
Claudriëne,0,3,3
Claudy-Ann,0,3,3
Claudyne,0,3,3
Claudys,3,0,3
Claugian,3,0,3
Claugod,0,3,3
Claumi,3,0,3
Claurelle,0,3,3
Claurence,3,0,3
Claurica,0,3,3
Clauriche,0,3,3
Claurinda,0,3,3
Claurisha,0,3,3
Claus-Casimir,3,0,3
Claus-Dieter,3,0,3
Clausen,3,0,3
Clausius,3,0,3
Clauthilde,0,3,3
Clauvie,0,3,3
Clauw,3,0,3
Clauwdia,0,3,3
Clave,3,0,3
Clavedy,0,3,3
Clavel,0,3,3
Claveriana,0,3,3
Claverin,3,0,3
Claverita,0,3,3
Clavier,3,0,3
Clavincio,3,0,3
Clavinia,0,3,3
Clavio,3,0,3
Clavira,0,3,3
Clavreê,3,0,3
Clawadia,0,3,3
Clawdia,0,3,3
Clay'Jahvanslyio,3,0,3
Clay-Cendric,3,0,3
Clay-ciènne,0,3,3
Clay-Jahnë,0,3,3
Clay-James,3,0,3
Clay-Wayne,3,0,3
Clayandra,0,3,3
Clayandro,3,0,3
Clayangely,0,3,3
Claycheron,3,0,3
Clayden,3,0,3
Claydi,0,3,3
Claydianély,0,3,3
Claydiron,3,0,3
Claydoniel,3,0,3
Claye,3,0,3
Clayhe,3,0,3
Clayman,3,0,3
Claymar,3,0,3
Claymend,3,0,3
Claymon,3,0,3
Claymonsa,0,3,3
Claymore,3,0,3
Claynes,3,0,3
Clayr,0,3,3
Clayrice,0,3,3
Clayrischa,0,3,3
Clayron,3,0,3
Clayshano,3,0,3
Clayshel,3,0,3
Claysherie,0,3,3
Claysie,3,0,3
Clayte,3,0,3
Clayth,3,0,3
Clayti,3,0,3
Clayti-Jaymiëll,3,0,3
Clayvan,3,0,3
Clayvansly,3,0,3
Clayvee,3,0,3
Clayven,3,0,3
Clayver,3,0,3
Clayveron,3,0,3
Clazina-Michaëla,0,3,3
Clazines,3,0,3
Clazinia,0,3,3
Cle,3,0,3
Cle-Önny,0,3,3
Cléa,0,3,3
Cleacender,3,0,3
Cleamens,3,0,3
Cleanta,0,3,3
Cleanthus,3,0,3
Clear,0,3,3
Clearens,3,0,3
Clearla,0,3,3
Cleary,0,3,3
Cleasencarl,3,0,3
Cleaton,3,0,3
Cleatta,0,3,3
Cleavano,3,0,3
Cleavany,0,3,3
Cleazina,0,3,3
Clèbaer,3,0,3
Clécio,3,0,3
Clécylia,0,3,3
Cledus,3,0,3
Cledwyn,3,0,3
Clée,3,0,3
Cleegory,3,0,3
Cleemy,0,3,3
Clees,3,0,3
Cleetje,3,0,3
Clef,3,0,3
Clefinsio,3,0,3
Clefon,3,0,3
Cleford,3,0,3
Clefort,3,0,3
Clejenmar,3,0,3
Clejón,3,0,3
Cleland,3,0,3
Clélia,0,3,3
Clelie,0,3,3
Clélie,0,3,3
Clem-Yme,3,0,3
Clemantina,0,3,3
Clematina,0,3,3
Clématine,0,3,3
Cleme,3,0,3
Clemems,3,0,3
Clememtine,0,3,3
Clémen,3,0,3
Clemena,0,3,3
Clémènce,0,3,3
Clemencé,0,3,3
Clèmence,0,3,3
Clemènce,0,3,3
Clémence-Amandine,0,3,3
Clemencio,3,0,3
Clemency,0,3,3
Clèmens,3,0,3
Clemens-Alexander,3,0,3
Clemens-August,3,0,3
Clemens-Karl,3,0,3
Clemens-Olivier,3,0,3
Clemensa,0,3,3
Clemenscia,0,3,3
Clémense,0,3,3
Clemensina,0,3,3
Clemensio,3,0,3
Clemenso,0,3,3
Clément-Amedée,3,0,3
Clément-Jean,3,0,3
Clement-John,3,0,3
Clement-Joseph,0,3,3
Clémente,3,0,3
Clementelle,0,3,3
Clementhe,0,3,3
Clementi,0,3,3
Clémentia,0,3,3
Clementime,0,3,3
Clémèntine,0,3,3
Clementini,0,3,3
Cleméntis,3,0,3
Clementisima,0,3,3
Clementtiene,0,3,3
Clementz,3,0,3
Clemetina,0,3,3
Clemetine,0,3,3
Clemey,0,3,3
Clemeyns,0,3,3
Clemiel,3,0,3
Clemijns,0,3,3
Clemilson,3,0,3
Clemin,3,0,3
Clemincia,0,3,3
Cleminsio,3,0,3
Clemira,0,3,3
Clemma,0,3,3
Clemmentijn,0,3,3
Clémon,3,0,3
Clemona,0,3,3
Clemond,3,0,3
Clemonda,0,3,3
Clemontina,0,3,3
Clemus,3,0,3
Clency,3,0,3
Clendomar,3,0,3
Clendon,3,0,3
Clendora,0,3,3
Clenfort,3,0,3
Cleni,0,3,3
Clenned,3,0,3
Clêo,3,0,3
Cleó,0,3,3
Cleö,0,3,3
Cleo-Cato,0,3,3
Cleo-Eleanora,0,3,3
Cléo-Isis,0,3,3
Cleo-Jane,0,3,3
Cleo-Jománaja,0,3,3
Cleo-Lane,0,3,3
Cléo-Lotte,0,3,3
Cleo-Noelle,0,3,3
Cleo-Petra,0,3,3
Cleo-Vivienne,0,3,3
Cleodie,0,3,3
Cleodien,0,3,3
Cleody,0,3,3
Cleohpas,3,0,3
Cleoline,0,3,3
Cleolize,0,3,3
Cleomanzah,0,3,3
Cleomara,0,3,3
Cleôme,0,3,3
Cleomenis,3,0,3
Cleomenza,0,3,3
Clèon,3,0,3
Cleôn,3,0,3
Cleone,0,3,3
Cleonestra,0,3,3
Cleonie,0,3,3
Cleonisia,0,3,3
Cleonne,0,3,3
Cléopatra,0,3,3
Cleopatre,0,3,3
Cléopâtre,0,3,3
Cleophila,0,3,3
Cleophra,0,3,3
Cleophus,3,0,3
Cleopold,3,0,3
Cleora,0,3,3
Clephania,0,3,3
Clephy,0,3,3
Clerance,3,0,3
Clérence,3,0,3
Cleria,0,3,3
Clericio,3,0,3
Clericus,0,3,3
Clerim,3,0,3
Clerita,0,3,3
Clermo,3,0,3
Clermon,3,0,3
Clermond,3,0,3
Clermont,3,0,3
Clerns,3,0,3
Clerol,3,0,3
Clerothina,0,3,3
Clervaux,3,0,3
Clervie,0,3,3
Cléry,3,0,3
Clery,3,0,3
Clesay,0,3,3
Cleson,3,0,3
Clessia-Pauline,0,3,3
Clete,3,0,3
Cleterio,3,0,3
Clétis,3,0,3
Cletyca,0,3,3
Cleunice,0,3,3
Cleusia,0,3,3
Cleva,3,0,3
Clevant,3,0,3
Clevelan,3,0,3
Cleveland,3,0,3
Cleverlina,0,3,3
Clevestina,0,3,3
Clevio,3,0,3
Clevland,3,0,3
Cleweder,3,0,3
Cley,3,0,3
Cleyano,3,0,3
Cleyde,3,0,3
Cleydrion,3,0,3
Cleymaintríon,3,0,3
Cleymbert,3,0,3
Cleymentine,0,3,3
Cleyson,3,0,3
Cléyston,3,0,3
Cleyvon,3,0,3
Cleziena,0,3,3
Cli'Noah,0,3,3
Cliamont,3,0,3
Clicia,0,3,3
Clido,3,0,3
Clidy,0,3,3
Clien,0,3,3
Cliénne,0,3,3
Clieven,3,0,3
Clifania,0,3,3
Clifarno,3,0,3
Clifden,3,0,3
Clifdiën,3,0,3
Clife,3,0,3
Clifelcio,3,0,3
Cliff-Ford,3,0,3
Cliff-John,3,0,3
Cliff-Richie,3,0,3
Cliffandro,3,0,3
Cliffchard,3,0,3
Cliffer,3,0,3
Clifferron,3,0,3
Cliffert,3,0,3
Cliffred,3,0,3
Clifftan,3,0,3
Clifftany,0,3,3
Cliffy,3,0,3
Clifiëne,0,3,3
Clifke,3,0,3
Cliforie,3,0,3
Clifson,3,0,3
Cliftaney,0,3,3
Clifthon,3,0,3
Clifton-Sam,3,0,3
Clijntje,0,3,3
Clijve,3,0,3
Clilya,0,3,3
Climaca,3,0,3
Climène,0,3,3
Climentina,0,3,3
Climentine,0,3,3
Climina,0,3,3
Climinchia,0,3,3
Climm,0,3,3
Climoraisa,0,3,3
Clin-Shentley,3,0,3
Clinaysha,0,3,3
Cline,3,0,3
Clinghe,0,3,3
Clinsten,3,0,3
Clinston,3,0,3
Clintcy,3,0,3
Clintson,3,0,3
Clintston,3,0,3
Clinty,0,3,3
Clinzia,0,3,3
Clió,0,3,3
Cliona,0,3,3
Clíona,0,3,3
Clisainy,0,3,3
Clisandra,0,3,3
Cliserio,3,0,3
Clishaira,0,3,3
Clishantely,0,3,3
Clishely,0,3,3
Clisia,0,3,3
Clista,0,3,3
Clistina,0,3,3
Clivanio,3,0,3
Clivano,3,0,3
Clive-Jalon,3,0,3
Cliver,3,0,3
Clivey,3,0,3
Cliviance,0,3,3
Clixby,3,0,3
Cliyandra,0,3,3
CLJ,0,3,3
CLJG,0,3,3
CLJM,3,0,3
Clo,0,3,3
Clodette,0,3,3
Clodia,0,3,3
Clodina,0,3,3
Clodoaldo,3,0,3
Clodomiro,3,0,3
Clodowaldo,3,0,3
Clodulfa,0,3,3
Cloè,0,3,3
Cloés,0,3,3
Cloetilde,3,0,3
Clohe,0,3,3
Cloï,0,3,3
Clordiah,0,3,3
Clorencio,3,0,3
Cloretha,0,3,3
Cloretien,3,0,3
Cloria,0,3,3
Clorina,0,3,3
Clorinde,0,3,3
Clorissa,0,3,3
Clotaire,3,0,3
Clotel,0,3,3
Clothaire,3,0,3
Clotilla,0,3,3
Clottey,0,3,3
Cloude,3,0,3
Cloudia-Alejandra,0,3,3
Cloudian,3,0,3
Cloudino,3,0,3
Cloudius,3,0,3
Cloudy,0,3,3
Cloundra,0,3,3
Clourindo,3,0,3
Clouwdine,0,3,3
Clouz,0,3,3
Clowé,0,3,3
Clowe,0,3,3
Clowey,0,3,3
Clowi,3,0,3
Clowy,0,3,3
Cloyd,3,0,3
Clude,3,0,3
Cluivingh,3,0,3
Clusters,0,3,3
Cly-von,3,0,3
Clydavern,0,3,3
Clydd,3,0,3
Clyde-Anandkumar,3,0,3
Clyde-Khilo,3,0,3
Clydell,3,0,3
Clydene,0,3,3
Clydicio,3,0,3
Clydin,3,0,3
Clydinio,3,0,3
Clydle,3,0,3
Clyfe,3,0,3
Clyffton,3,0,3
Clymant,3,0,3
Clymène,0,3,3
Clymey,0,3,3
Clynis,0,3,3
Clynisha,0,3,3
Clyo,0,3,3
Clyon,3,0,3
Clyravern,0,3,3
Clysha,0,3,3
Clysienne,0,3,3
Clysinio,3,0,3
Clyson,3,0,3
Clyston,3,0,3
Clytaemnestra,0,3,3
Clyte,0,3,3
Clython,3,0,3
Clytina,0,3,3
Clyvel,3,0,3
Clyven,3,0,3
Clyvino,3,0,3
Clywon,3,0,3
CMC,0,3,3
CMF,0,3,3
CMGJ,0,3,3
CMQ,0,3,3
CMW,0,3,3
Cnelie,0,3,3
Cnelis,3,0,3
Cnelsina,0,3,3
Cnilles,3,0,3
Cnisia,0,3,3
CNM,3,0,3
Co-Ann,0,3,3
Co-Anne,0,3,3
Co-Charlie,3,0,3
Coang,3,0,3
Coánja,0,3,3
Coanne,0,3,3
Coba-Johanna,0,3,3
Cobail,3,0,3
Cobana,0,3,3
Cobart,3,0,3
Cobbe,3,0,3
Cobenn,3,0,3
Cobert,3,0,3
Cobertha,0,3,3
Cobes,3,0,3
Cobey,0,3,3
Cobi-Ann,0,3,3
Cobia,0,3,3
Cobian,3,0,3
Cobiëlle,0,3,3
Cobiena,0,3,3
Cobiene,0,3,3
Cobiënne,0,3,3
Cobiènne,0,3,3
Cobijne,0,3,3
Cobrain,3,0,3
Cobrana,0,3,3
Cobrano,3,0,3
Cobrina,0,3,3
Cocaja,0,3,3
Cocco,3,0,3
Cocetina,0,3,3
Cochilio,3,0,3
Cochillo,3,0,3
Cochita,0,3,3
Cockita,0,3,3
Cockney,3,0,3
Cocksy,0,3,3
CoCo,0,3,3
Coco-Bluette,0,3,3
Coco-Chérie,0,3,3
Coco-Claîre,0,3,3
Coco-Fay,0,3,3
Coco-Guilliana,0,3,3
Coco-Jade,0,3,3
Coco-Jean,0,3,3
Coco-José,0,3,3
Coco-Leigh,0,3,3
Coco-Marie,0,3,3
Coco-Mé,0,3,3
Coco-Milou,0,3,3
Coco-San,0,3,3
Coco-Susanne,0,3,3
Cocoa,0,3,3
Cocolien,0,3,3
Cocorosie,0,3,3
Cocozca,3,0,3
Coda,3,0,3
Codana,0,3,3
Coddy-Odine,0,3,3
Codfried,3,0,3
Codianhe,0,3,3
Codin,3,0,3
Codinach,0,3,3
Codjo,3,0,3
Codney,3,0,3
Codrik,3,0,3
Cody-Ray,3,0,3
Codylian,3,0,3
Codyneke,0,3,3
Codyon,3,0,3
Coefass,3,0,3
Coekran,0,3,3
Coël,0,3,3
Coelesta,0,3,3
Coelestis,3,0,3
Coeline,0,3,3
Coemgen,3,0,3
Coen-Nam,3,0,3
Coen-Ove,3,0,3
Coen-Peter,3,0,3
Coen-Urnst,3,0,3
Coendradus,3,0,3
Coenegunda,0,3,3
Coeneke,0,3,3
Coenera,0,3,3
Coenerus,3,0,3
Coenjan,3,0,3
Coenraad-Karel,3,0,3
Coenraades,3,0,3
Coenraadje,0,3,3
Coenraath,3,0,3
Coenradda,0,3,3
Coenradia,0,3,3
Coenradie,0,3,3
Coenradis,3,0,3
Coenrado,3,0,3
Coenraet,3,0,3
Coenrardia,0,3,3
Coenrardina,0,3,3
Coeradina,0,3,3
Coereza,0,3,3
Coerjacus,3,0,3
Coertese,0,3,3
Coerth,3,0,3
Coertine,0,3,3
Coes,0,3,3
Coeurmy,3,0,3
Coeus,3,0,3
Cofa,3,0,3
Coffey,3,0,3
Cofi,3,0,3
Cofie,3,0,3
Cogi,3,0,3
Cogland,3,0,3
Cohlin,3,0,3
Coil,3,0,3
Coileen,0,3,3
Coily,0,3,3
Coin,3,0,3
Coine,0,3,3
Coinneach,3,0,3
Coïntha,0,3,3
Cois,3,0,3
Coïsje,0,3,3
Cokado,3,0,3
Cokaï,3,0,3
Coki,0,3,3
Cokratis,3,0,3
Coks,3,0,3
Cől,3,0,3
Colanda,0,3,3
Colande,0,3,3
Colander,0,3,3
Colás,3,0,3
Colastica,0,3,3
Colasticha,0,3,3
Colati,0,3,3
Colbert,0,3,3
Colderina,0,3,3
Colderinus,3,0,3
Colderwina,0,3,3
Coldette,0,3,3
Coleda,0,3,3
Coleite,0,3,3
Colemus,3,0,3
Colen,3,0,3
Colèn,3,0,3
Colenda,0,3,3
Colene,0,3,3
Coleschia,0,3,3
Cölestin,3,0,3
Colêta,3,0,3
Coletes,3,0,3
Coleth,0,3,3
Coletina,0,3,3
Coleto,3,0,3
Colette-Dorien,0,3,3
Colette-Jeanne,0,3,3
Colette-Yvonne,0,3,3
Coleyshia,0,3,3
Colford,3,0,3
Colgan,3,0,3
Colienne,0,3,3
Còlin,3,0,3
Colin-Lee,3,0,3
Colini,3,0,3
Colinja,0,3,3
Colinne,0,3,3
Coljeander,3,0,3
Coll,3,0,3
Collado,3,0,3
Collane,0,3,3
Collarette,0,3,3
Collastico,3,0,3
Collea,3,0,3
Collefa,0,3,3
Collencio,3,0,3
Colleone,3,0,3
Collettus,3,0,3
Colletus,3,0,3
Collice,0,3,3
Collien,0,3,3
Collim,3,0,3
Collín,3,0,3
Collin-Liam,3,0,3
Collindra,0,3,3
Collinette,0,3,3
Colling,3,0,3
Collinia,0,3,3
Collis,3,0,3
Collixus,3,0,3
Colliyar,3,0,3
Colly,3,0,3
Colmana,0,3,3
Colmar,3,0,3
Colmcille,3,0,3
Colo,3,0,3
Colôgero,3,0,3
Colombanus,3,0,3
Colombiana,0,3,3
Colombien,3,0,3
Colombière,0,3,3
Colombo,3,0,3
Colomby,0,3,3
Colomée,0,3,3
Color,0,3,3
Colorado,3,0,3
Colson,3,0,3
Colum,3,0,3
Columbiano,3,0,3
Columbine,0,3,3
Columbo,3,0,3
Colvatia,0,3,3
Colwin,3,0,3
Colya,3,0,3
Colyiah,0,3,3
Comanchero,3,0,3
Comansjiri,0,3,3
Comar,3,0,3
Comara,0,3,3
Comária,0,3,3
Comart,3,0,3
Comasaris,3,0,3
Combert,3,0,3
Comcepsiòn,0,3,3
Côme,3,0,3
Comeil,3,0,3
Comelia,0,3,3
Cômeng,3,0,3
Comenius,3,0,3
Comentas,3,0,3
Comerijn,3,0,3
Comerijntje,0,3,3
Comert,3,0,3
Cometa,0,3,3
Comi,0,3,3
Comine,0,3,3
Comira,0,3,3
Comleng,0,3,3
Commar,3,0,3
Commarien,3,0,3
Commarijna,0,3,3
Commarinus,3,0,3
Commelia,0,3,3
Commerentia,0,3,3
Commerrina,0,3,3
Commeryntje,0,3,3
Commley,0,3,3
Comrad,3,0,3
Comten,3,0,3
Comtessa,0,3,3
Comunarda,0,3,3
Conamara,0,3,3
Conan-Kéane,3,0,3
Conar,3,0,3
Conceiao,0,3,3
Conceiçào,3,0,3
Conçeicão,0,3,3
Conceiçaõ,0,3,3
Conceicão,0,3,3
Concencion,0,3,3
Concepcia,0,3,3
Concepciõn,3,0,3
Concepcione,0,3,3
Concepsion,0,3,3
Concersion,0,3,3
Concetto,3,0,3
Concezo,0,3,3
Cônchatah,0,3,3
Conchessa,0,3,3
Conchètta,0,3,3
Conchette,0,3,3
Conchictta,0,3,3
Conchinta,0,3,3
Cónchita,0,3,3
Conchitha,0,3,3
Conchitte,0,3,3
Conchyta,0,3,3
Conciençao,0,3,3
Concierta,0,3,3
Concietta,0,3,3
Concitha,0,3,3
Concitta,0,3,3
Concuela,0,3,3
Condaleeza,0,3,3
Cóndigo,3,0,3
Condôla,0,3,3
Condoleezza,0,3,3
Condora,0,3,3
Condra,3,0,3
Conduiramour,0,3,3
Condula,0,3,3
Conea,0,3,3
Conell,3,0,3
Conellie,0,3,3
Conelly,0,3,3
Conerley,3,0,3
Conert,3,0,3
Confesora,0,3,3
Confranchita,0,3,3
Confucius,3,0,3
Cóng,3,0,3
Cong-chen,0,3,3
Công-Danh,3,0,3
Congarda,0,3,3
Congea,0,3,3
Congerardus,0,3,3
Congetta,0,3,3
Congita,0,3,3
Congitta,0,3,3
Coniña,0,3,3
Coniston,3,0,3
Conita,0,3,3
Conje,3,0,3
Conleigh-Sean,3,0,3
Conn,3,0,3
Connadus,3,0,3
Connah,3,0,3
Connal,3,0,3
Connalie,0,3,3
Connear,3,0,3
Connel,3,0,3
Connelly,0,3,3
Connerley,0,3,3
Connick,3,0,3
Conniëlle,0,3,3
Connla,3,0,3
Connley,3,0,3
Connolly,3,0,3
Connorée,3,0,3
Connylia,0,3,3
Cónor,3,0,3
Conora,0,3,3
Conquitta,0,3,3
Conra,0,3,3
Conrad-Jan,3,0,3
Conradinus,3,0,3
Conradis,3,0,3
Conran,3,0,3
Conrando,3,0,3
Conrardi,0,3,3
Conrardia,0,3,3
Conrardine,0,3,3
Conrata,0,3,3
Conrath,3,0,3
Conray,3,0,3
Conroe,3,0,3
Cons,3,0,3
Consala,0,3,3
Conseção,0,3,3
Conseiçaõ,3,0,3
Conselatrix,0,3,3
Conselita,0,3,3
Consella,0,3,3
Consentida,0,3,3
Consesa,0,3,3
Consheeta,0,3,3
Consheta,0,3,3
Consia,0,3,3
Consilla,0,3,3
Consina,0,3,3
Consolaçao,0,3,3
Consolo,3,0,3
Consorcia,0,3,3
Constacia,0,3,3
Constafina,0,3,3
Constamita,0,3,3
Constancé,0,3,3
Constânce-Juliètta,0,3,3
Constance-Rie,0,3,3
Constancina,0,3,3
Constanda,0,3,3
Constandi,3,0,3
Constandia,0,3,3
Constandino,3,0,3
Constane,0,3,3
Constange,0,3,3
Constania,0,3,3
Constanica,0,3,3
Constanne,0,3,3
Constans-Marie,3,0,3
Constansy,0,3,3
Constantenia,0,3,3
Constanthinus,3,0,3
Constantianus,3,0,3
Constantie,0,3,3
Constantienus,3,0,3
Constantijn-Alexander,3,0,3
Constantines,3,0,3
Constantinio,3,0,3
Constantinis,3,0,3
Constantiny,0,3,3
Constantos,3,0,3
Constanty,3,0,3
Constantz,3,0,3
Constanza-Alexandra,0,3,3
Constaphina,0,3,3
Constatijne,0,3,3
Constatina,0,3,3
Constatinus,3,0,3
Constella,0,3,3
Constence,0,3,3
Consuëla,0,3,3
Consuelle,0,3,3
Consulatrice,0,3,3
Consulito,0,3,3
Conswela,0,3,3
Contance,0,3,3
Contancia,0,3,3
Contantia,0,3,3
Contessah,0,3,3
Conthessa,0,3,3
Contiego,3,0,3
Contin,0,3,3
Contine,0,3,3
Contino,3,0,3
Contstant,3,0,3
Contstantia,0,3,3
Contstantina,0,3,3
Contwaïdi,3,0,3
Conya,0,3,3
Conzales,3,0,3
Conzalez,0,3,3
Conzalo,3,0,3
Conzuéla,0,3,3
Coob,3,0,3
Cooder,3,0,3
Cooitske,0,3,3
Cook,3,0,3
Cookey,3,0,3
Coolwantee,0,3,3
Coorain,3,0,3
Coorey,3,0,3
Coornelles,3,0,3
Coosje-Rosalynn,0,3,3
Coosje-Sophie,0,3,3
Cooske,0,3,3
Coostenstein,3,0,3
Coote,0,3,3
Copa,3,0,3
Copacabana,0,3,3
Coper,3,0,3
Copernicus,3,0,3
Copine,0,3,3
Copley,0,3,3
Copper,3,0,3
Coqo,0,3,3
Coqui,0,3,3
Coquita,0,3,3
Cor-Arjan,3,0,3
Cor-Aron,3,0,3
Cor-Bonno,3,0,3
Cor-Edward,3,0,3
Cor-Janneke,0,3,3
Cor-Liam,3,0,3
Cor-Linda,0,3,3
Cor-Nel,0,3,3
Cor-Nelis,3,0,3
Cor-Niels,3,0,3
Cor-Pieter,3,0,3
Cor-Rijka,0,3,3
Cor-Sije,3,0,3
Cor-Wisse,3,0,3
Cora-Lien,0,3,3
Corabel,0,3,3
Corach,3,0,3
Corada,0,3,3
Coradine,0,3,3
Coradus,3,0,3
Corael,0,3,3
Corafael,3,0,3
Coraggio,3,0,3
Coragina,0,3,3
Coragonde,0,3,3
Corah,0,3,3
Corahli,0,3,3
Corailison,3,0,3
Coraima,0,3,3
Coraïma,0,3,3
Coraina,0,3,3
Coraisha,0,3,3
Coraja,0,3,3
Corale,0,3,3
Coralenie,0,3,3
Coraley,0,3,3
Coraleyne,0,3,3
Coralí,0,3,3
Corálie,0,3,3
Coraliena,0,3,3
Coralies,0,3,3
Coralijne,0,3,3
Coralijntje,0,3,3
Coralise,0,3,3
Coralius,3,0,3
Corallien,0,3,3
Corallina,0,3,3
Corâly,3,0,3
Coralý,0,3,3
Coram,3,0,3
Corama,3,0,3
Coramieke,0,3,3
Corán,0,3,3
Corander,3,0,3
Coranie,0,3,3
Coranita,0,3,3
Corann,3,0,3
Coransa,0,3,3
Corantha,0,3,3
Corantijne,0,3,3
Coras,3,0,3
Coraya,0,3,3
Corbèn,3,0,3
Corberd,3,0,3
Corbertina,0,3,3
Corbertine,0,3,3
Corbeto,3,0,3
Corbianus,3,0,3
Corbina,0,3,3
Corbinius,3,0,3
Corbulo,3,0,3
Corc,3,0,3
Corcelia,0,3,3
Corcina,0,3,3
Corcino,3,0,3
Corciño,3,0,3
Corcita,0,3,3
Corcito,3,0,3
Cörd,3,0,3
Cordalie,0,3,3
Cordalijn,3,0,3
Cordan,3,0,3
Cordé,3,0,3
Corde,3,0,3
Cordealia,0,3,3
Cordela,0,3,3
Cordèle,0,3,3
Cordelie,0,3,3
Cordeline,0,3,3
Cordelis,3,0,3
Cordey,3,0,3
Cordi,3,0,3
Cordie,0,3,3
Cordien,0,3,3
Cordiene,0,3,3
Cordientje,0,3,3
Cordileya,0,3,3
Cordillo-Renaldo,3,0,3
Cordinne,0,3,3
Cordjiano,3,0,3
Cordny,3,0,3
Cordo,3,0,3
Cordoba,3,0,3
Cordola,0,3,3
Cordrianna,0,3,3
Cordulus,3,0,3
Cordyline,0,3,3
Coré,0,3,3
Coreana,0,3,3
Coree,3,0,3
Coreena,0,3,3
Coreëni,0,3,3
Coreije,0,3,3
Coreijn,3,0,3
Coreille,0,3,3
Coreisha,0,3,3
Corej,3,0,3
Coréjan,3,0,3
Corèl,3,0,3
Coréla,0,3,3
Coreletta,0,3,3
Corelijn,0,3,3
Corelijne,0,3,3
Corelinde,0,3,3
Coréline,0,3,3
Corelius,3,0,3
Corellen,0,3,3
Corelsje,0,3,3
Corely,0,3,3
Coren,0,3,3
Coren-Maria,0,3,3
Coréna,0,3,3
Corence,0,3,3
Coréne,0,3,3
Corenelia,0,3,3
Corenlis,3,0,3
Corenna,0,3,3
Coreno,3,0,3
Corensje,0,3,3
Corenthe,0,3,3
Corentijn,3,0,3
Corentina,0,3,3
Corentyn,3,0,3
Corenzo,3,0,3
Coresch,3,0,3
Coresh,3,0,3
Coressa,0,3,3
Corett,0,3,3
Coretti,0,3,3
Corey-Ann,0,3,3
Coreyn,3,0,3
Corfeli,3,0,3
Corfianza,0,3,3
Corfino,3,0,3
Corfriedel,0,3,3
Corgonius,3,0,3
Corhèr,3,0,3
Corhilde,0,3,3
Corhinde,0,3,3
Cori-Ann,0,3,3
Corianda,0,3,3
Corianke,0,3,3
Corianneke,0,3,3
Coriano,3,0,3
Corianteny,0,3,3
Coriantumer,3,0,3
Corica,0,3,3
Corick,3,0,3
Corida,0,3,3
Corienka,0,3,3
Coriènne,0,3,3
Corienneke,0,3,3
Corietta,0,3,3
Coriette,0,3,3
Corijntje,0,3,3
Corijsande,0,3,3
Corik,3,0,3
Corika,0,3,3
Corike,0,3,3
Coriko,3,0,3
Corilana,0,3,3
Corilena,0,3,3
Corilène,0,3,3
Corilia,0,3,3
Coriline,0,3,3
Corilsa,0,3,3
Corinca,0,3,3
Corindo,3,0,3
Coríne,0,3,3
Corinel,0,3,3
Corinella,0,3,3
Corinke,0,3,3
Corinoes,3,0,3
Corinsa,0,3,3
Corinte,0,3,3
Corinth,3,0,3
Corinthin,3,0,3
Corinti,3,0,3
Corintia,0,3,3
Corintiërs,3,0,3
Coripha,3,0,3
Corisa,0,3,3
Corisanne,0,3,3
Corischja,0,3,3
Corise,0,3,3
Corisjo,3,0,3
Coriska,0,3,3
Coritza,0,3,3
Coriza,0,3,3
Corjana,0,3,3
Corjanca,0,3,3
Corjanna,0,3,3
Corjannes,3,0,3
Corjel,3,0,3
Corjen,3,0,3
Corjoma,0,3,3
Corke,0,3,3
Corlan,3,0,3
Corlana,0,3,3
Corlanda,0,3,3
Corlano,3,0,3
Corlau,3,0,3
Corlean,0,3,3
Corleijne,0,3,3
Corlejel,3,0,3
Corlely,0,3,3
Corleona,0,3,3
Corlet,0,3,3
Corleta,0,3,3
Corlethe,0,3,3
Corlia,0,3,3
Corliano,3,0,3
Corliesja,0,3,3
Corlina-Maria,0,3,3
Corlinn,0,3,3
Corlinne,0,3,3
Corlintje,0,3,3
Corlione,3,0,3
Corlisa,0,3,3
Corlisna,0,3,3
Corlissa,0,3,3
Corlissa-Ann,0,3,3
Corlosa,3,0,3
Corlotte,0,3,3
Corlushia,0,3,3
Corlydia,0,3,3
Corlyn,0,3,3
Corlys,0,3,3
Cormady,3,0,3
Cormanut,3,0,3
Cormelia,0,3,3
Cormélie,0,3,3
Cormeo,3,0,3
Cormette,0,3,3
Cormien,0,3,3
Cormiena,0,3,3
Cormijntje,0,3,3
Cormine,0,3,3
Cornadina,0,3,3
Cornadine,0,3,3
Cornadius,3,0,3
Cornal,3,0,3
Cornalda,0,3,3
Cornali,0,3,3
Cornalisa,0,3,3
Cornall,3,0,3
Cornalt,3,0,3
Cornand,3,0,3
Cornanda,0,3,3
Cornando,3,0,3
Cornaud,3,0,3
Cornbert,3,0,3
Cornedine,0,3,3
Cornedius,3,0,3
Corneë,3,0,3
Cornéel,3,0,3
Corneellia,0,3,3
Corneelus,3,0,3
Cornëille,0,3,3
Corneillette,0,3,3
Cornejanne,0,3,3
Corneke,3,0,3
CorNel,0,3,3
Cornél,0,3,3
Cornelanie,0,3,3
Cornèle,0,3,3
Corneleanne,0,3,3
Cornelee,3,0,3
Cornélee,0,3,3
Corneleeuw,3,0,3
Corneleine,0,3,3
Cornelesina,0,3,3
Corneleske,0,3,3
Corneley,3,0,3
Cornèlia,0,3,3
Cornelía,0,3,3
cornelia,0,3,3
Cornelia-Janne,0,3,3
Cornelia-Petronella,0,3,3
Corneliaan,3,0,3
Cornélian,3,0,3
Corneliani,3,0,3
Cornelianna,0,3,3
Cornelianus,3,0,3
Corneliè,0,3,3
Cornélie-Anne,0,3,3
Cornélie-Caroline,0,3,3
Corneliecke,0,3,3
Cornelieka,0,3,3
Corneliene,0,3,3
Cornéliene,0,3,3
Corneliënne,0,3,3
Cornelieske,0,3,3
Cornelietje,0,3,3
Cornelieu,3,0,3
Cornelija,0,3,3
Cornelinio,0,3,3
Cornelios,3,0,3
Cornelious,3,0,3
Cornelıs,3,0,3
Corneĺis,3,0,3
Cornelis-Bernardus,3,0,3
Cornelis-Dirk-Jan,3,0,3
Cornelis-Eelke,3,0,3
Cornelis-Erwin,3,0,3
Cornelis-Gerard,3,0,3
Cornelis-Harm,3,0,3
Cornelis-Hendrikus,3,0,3
Cornelis-Jacob,3,0,3
Cornelis-Jord,3,0,3
Cornelis-Jozef,3,0,3
Cornelis-Kees,3,0,3
Cornelis-Leendert,3,0,3
Cornelis-Marinus,3,0,3
Cornelis-Melchior,3,0,3
Cornelis-Volken,3,0,3
Cornelis-Wilhelmus,3,0,3
Cornélisa,0,3,3
Cornelisca,0,3,3
Cornelisch,3,0,3
Cornelische,0,3,3
Cornelisdochter,0,3,3
Corneliset,0,3,3
Corneliss,3,0,3
Cornelissa,0,3,3
Cornelissien,0,3,3
Cornelissoan,3,0,3
Cornelisz.,3,0,3
Cornelito,3,0,3
Corneliüs,3,0,3
Cornelius-Joan,3,0,3
Corneliusz,3,0,3
Cornelja,0,3,3
Cornelke,0,3,3
Cornèlle,0,3,3
Cornellië,0,3,3
Cornellyia,0,3,3
Cornelo,3,0,3
Cornelu,3,0,3
Cornelùs,3,0,3
Cornelys,3,0,3
Cornelyse,0,3,3
Cornemis,0,3,3
Cornens,3,0,3
Corneo,3,0,3
Corneria,0,3,3
Cornerus,3,0,3
Cornetta,0,3,3
Cornetty,0,3,3
Corneulias,0,3,3
Cornfiel,3,0,3
Cornica,0,3,3
Cornicha,0,3,3
Cornick,3,0,3
Corniek,3,0,3
Cornije,3,0,3
Cornijs,3,0,3
Cornike,0,3,3
Cornilde,0,3,3
Cornilius,3,0,3
Cornill,0,3,3
Cornilla,0,3,3
Cornille,0,3,3
Cornillis,3,0,3
Cornillus,3,0,3
Cornils,3,0,3
Cornirus,3,0,3
Cornisha,0,3,3
Cornita,0,3,3
Corniz,3,0,3
Cornlis,3,0,3
Cornnely,0,3,3
Cornolina,0,3,3
Cornu,3,0,3
Cornuta,0,3,3
Corole,0,3,3
Coroles,3,0,3
Coroliena,0,3,3
Corolinus,3,0,3
Corolis,3,0,3
Corolla,0,3,3
Coroma,0,3,3
Coromandel,0,3,3
Coromotto,0,3,3
Coron,3,0,3
Coronatus,3,0,3
Corone,0,3,3
Coroni,3,0,3
Coronides,3,0,3
Coronne,0,3,3
Corpus,3,0,3
Corque,0,3,3
Corr,3,0,3
Corrad,3,0,3
Corrada,3,0,3
Corradino,3,0,3
Corraimely,0,3,3
Corraine,0,3,3
Corraino,3,0,3
Corraisa,0,3,3
Corrali,0,3,3
Corralie,0,3,3
Corran,3,0,3
Corranna,0,3,3
Corré,3,0,3
Corrêa,3,0,3
Corredina,0,3,3
Corrée,0,3,3
Corregia,0,3,3
Correke,0,3,3
Correlien,0,3,3
Correliene,0,3,3
Correlina,0,3,3
Correlinde,0,3,3
Correline,0,3,3
Correlja,0,3,3
Correll,3,0,3
Correlyn,0,3,3
Correns,3,0,3
Corrensa,0,3,3
Corres,3,0,3
Corrès,3,0,3
Corresse,0,3,3
Corretje,0,3,3
Corretti,0,3,3
Corretty,0,3,3
Correy,3,0,3
Correz,3,0,3
Corrie-Ann,0,3,3
Corrie-Anna,0,3,3
Corrie-Janne,0,3,3
Corrie-Marie,0,3,3
Corriëne,0,3,3
Corrienne,0,3,3
Corriënne,0,3,3
Corriënta,0,3,3
Corriesa,0,3,3
Corriette,0,3,3
Corriëtte,0,3,3
Corrijanne,0,3,3
Corrike,0,3,3
Corrineke,0,3,3
Corrinie,0,3,3
Corrinny,0,3,3
Corriño,3,0,3
Corrins,3,0,3
Corrinthia,0,3,3
Corrissa,0,3,3
Corro,3,0,3
Corrolus,0,3,3
Corron,3,0,3
Corruschi,0,3,3
Corry-Janna,0,3,3
Corry-Johannes,3,0,3
Corryan,0,3,3
Corryenne,0,3,3
Corrymae,0,3,3
Corrynella,0,3,3
Corrynne,0,3,3
Corryta,0,3,3
Corsé,3,0,3
Corseld,0,3,3
Corshant,3,0,3
Corshir,3,0,3
Corsiaan,3,0,3
Corsiana,0,3,3
Corsiebel,0,3,3
Corsiena,0,3,3
Corsilda,0,3,3
Corsimonus,3,0,3
Corsin,3,0,3
Corsinie,0,3,3
Corsita,0,3,3
Corsiwayne,3,0,3
Corsjaan,3,0,3
Corsje,0,3,3
Corsmos,3,0,3
Corso,3,0,3
Corsön,3,0,3
Corsse,3,0,3
Corsta,3,0,3
Corstance,0,3,3
Corstantia,0,3,3
Corsten,3,0,3
Corstiaane,0,3,3
Corstiaen-Joosten,3,0,3
Corstiance,0,3,3
Corstianes,3,0,3
Corstiani,3,0,3
Corstiano,3,0,3
Corstijan,3,0,3
Corstin,3,0,3
Corstyian,3,0,3
Cort,3,0,3
Cort-Jan,3,0,3
Cortessa,0,3,3
Cortesse,0,3,3
Cortessry,0,3,3
Corthea,0,3,3
Cortheo,3,0,3
Corthias,3,0,3
Cortian,3,0,3
Cortienne,3,0,3
Cortini,3,0,3
Cortino,3,0,3
Cortinus,0,3,3
Cortjan,3,0,3
Cortjen,3,0,3
Cortni,0,3,3
Cortny,0,3,3
Cortrij,0,3,3
Cortus,3,0,3
Corty,0,3,3
Coruna,0,3,3
Coruschka,0,3,3
Corvette,3,0,3
Corvinis,3,0,3
Corvinius,3,0,3
Corwil,3,0,3
Corwinne,0,3,3
Cory-anne,0,3,3
Coryanne,0,3,3
Coryano,3,0,3
Coryda,0,3,3
Corydon,3,0,3
Coryejeanne,0,3,3
Coryélle,0,3,3
Coryet,0,3,3
Corylius,3,0,3
Corynthe,3,0,3
Corynus,3,0,3
Coryon,3,0,3
Cosasja,0,3,3
Cosay,3,0,3
Coscha,0,3,3
Coseba,0,3,3
Cosenza,0,3,3
Cosetta,0,3,3
Cosêtte,0,3,3
Cosey,0,3,3
Cosgrove,3,0,3
Coşgun,3,0,3
Coshan,3,0,3
Coshyma,0,3,3
Cosilia,0,3,3
Cósimo,3,0,3
Cosine,0,3,3
Cosinsky,3,0,3
Cosita,0,3,3
Cosja,0,3,3
Coşkum,3,0,3
Cöskün,3,0,3
Coskün,3,0,3
Cośkun,3,0,3
Coskuw,3,0,3
Coslou,3,0,3
Cosmah,0,3,3
Cosmar,3,0,3
Cosmás,3,0,3
Cosmè,3,0,3
Cosme,3,0,3
Cosmeé,0,3,3
Cosmelina,0,3,3
Cosmeno,3,0,3
Cosmopolitan,3,0,3
Coss,3,0,3
Cossima,0,3,3
Costaan,3,0,3
Costafiena,0,3,3
Costaionica,0,3,3
Costancia,0,3,3
Costandina,0,3,3
Costansia,0,3,3
Costantein,3,0,3
Costantijn,3,0,3
Costanze,0,3,3
Costaphine,0,3,3
Costar,3,0,3
Costàs,3,0,3
Costavino,3,0,3
Costell,3,0,3
Costes,0,3,3
Costeyn,3,0,3
Costiaan-Maarten,3,0,3
Costiaantje,0,3,3
Costiero,3,0,3
Costij,3,0,3
Costina,0,3,3
Costinho,3,0,3
Costinus,3,0,3
Costís,3,0,3
Coswin,3,0,3
Cosyma,0,3,3
Cotelda,0,3,3
Cothilda,0,3,3
Cotilda,0,3,3
Cotim,3,0,3
Cotolengo,0,3,3
Cotrijn,0,3,3
Cottas,0,3,3
Cottee,3,0,3
Cottohorid,3,0,3
Cotton,0,3,3
Coucouna,0,3,3
Coudly,3,0,3
Couhaib,3,0,3
Coulibaly,0,3,3
Coulter,3,0,3
Coumbassa,0,3,3
Counselor,3,0,3
Countach,3,0,3
Couragi,3,0,3
Couranne,0,3,3
Courens,3,0,3
Courine,0,3,3
Couro,0,3,3
Couroche,3,0,3
Courosh,3,0,3
Courou,0,3,3
Courtenay,3,0,3
Courter,3,0,3
Coürth,3,0,3
Courtine,0,3,3
Courtjen,0,3,3
Courtland,3,0,3
Courtois,3,0,3
Courty,3,0,3
Cousilia,0,3,3
Coussar,3,0,3
Coustin,3,0,3
Couthar,0,3,3
Couty,0,3,3
Covani,0,3,3
Coven,3,0,3
Covinda,3,0,3
Cowen,3,0,3
Cowi,0,3,3
Cowik,0,3,3
Cowzer,0,3,3
Coychea,3,0,3
Cozette,0,3,3
CPA,3,0,3
CPB,0,3,3
CPG,0,3,3
CPH,0,3,3
CPHA,3,0,3
Cqygany,0,3,3
Cracëlla,0,3,3
Cracella,0,3,3
Crachella,0,3,3
Crachelle,0,3,3
Cracita,0,3,3
Cradjella,0,3,3
Craggs,0,3,3
Craiger,3,0,3
Craigney,3,0,3
Craigson,3,0,3
Cramsy,3,0,3
Crane,3,0,3
Cranston,3,0,3
Crasciano,3,0,3
Crascilla,0,3,3
Crasiella,0,3,3
Crasney,3,0,3
Crassa,0,3,3
Crassus,3,0,3
Cratiëlla,0,3,3
Cratzia,0,3,3
Cravitz,3,0,3
Crayen,3,0,3
Craziano,3,0,3
Craziella,0,3,3
Craziëlle,0,3,3
Crazyna,0,3,3
Creag,3,0,3
Cream,3,0,3
Creamo,3,0,3
Crecensius,3,0,3
Crecentiana,0,3,3
Crecescensio,3,0,3
Credina,0,3,3
Crédyon,3,0,3
Creedence,3,0,3
Creek,0,3,3
Creëlza,0,3,3
Creighton,3,0,3
Crein,3,0,3
Creina,0,3,3
Créjean,3,0,3
Crelia,0,3,3
Cremiël,3,0,3
Cremon,3,0,3
Cremona,0,3,3
Crendell,3,0,3
Crenshaw,3,0,3
Creon,3,0,3
Creonie,0,3,3
Cresaja,0,3,3
Cresaya,0,3,3
Crescenciana,0,3,3
Crescensio,3,0,3
Crescensius,3,0,3
Crescente,3,0,3
Crescentiana,0,3,3
Crescentius,3,0,3
Crescenzia,0,3,3
Crescenzo,3,0,3
Cresenciano,3,0,3
Cresencio,3,0,3
Cresensianus,3,0,3
Crésentia,0,3,3
Cresential,0,3,3
Cresentiana,0,3,3
Cresentina,0,3,3
Creshida,0,3,3
Cresina,0,3,3
Cresly,3,0,3
Cresnawati,0,3,3
Cresny,3,0,3
Crespo,3,0,3
Cressy,0,3,3
Crestan,3,0,3
Crestentia,0,3,3
Cresteta,0,3,3
Crestiana,0,3,3
Crestiano,3,0,3
Crestilda,0,3,3
Creston,3,0,3
Crestopher,3,0,3
Crestorij,3,0,3
Creswell,3,0,3
Cret,0,3,3
Cretha,0,3,3
Cretiano,3,0,3
Crêtien,3,0,3
Cretièn,3,0,3
Crètien,3,0,3
Crétièn,3,0,3
Cretiëne,3,0,3
Cretiènne,3,0,3
Crétiènne,0,3,3
Cretier,0,3,3
Crew,0,3,3
Crezencia,0,3,3
Crezentia,0,3,3
Crezia,0,3,3
Crezinda,0,3,3
Crhistijan,3,0,3
Cri,0,3,3
Cri-cri,0,3,3
Crianne,0,3,3
Crichantley,3,0,3
Crick,3,0,3
Cricket,0,3,3
CriCri,0,3,3
Cridevi,0,3,3
Crieff,3,0,3
Crien,3,0,3
Crieschna,0,3,3
Criesma,0,3,3
Criestina,0,3,3
Criet,3,0,3
Crifaa,3,0,3
Criff,3,0,3
Crifven,3,0,3
Crignion,3,0,3
Crignon,3,0,3
Crijan,3,0,3
Crijnen,3,0,3
Crilles,3,0,3
Crillos,3,0,3
Crin,0,3,3
Crinan,3,0,3
Crinela,0,3,3
Crinolientje,0,3,3
Crinoline,0,3,3
Criosa,0,3,3
Cripta,0,3,3
Crís,3,0,3
Cris-Angie,0,3,3
Cris-Jan,3,0,3
Crisaldo,3,0,3
Crisana,0,3,3
Crisander,3,0,3
Crisandra,0,3,3
Crisane,0,3,3
Crisanna,0,3,3
Crisantha,0,3,3
Crisastomo,3,0,3
Criscelia,0,3,3
Criscella,0,3,3
Crischa,3,0,3
Crischantely,0,3,3
Crisel,0,3,3
Crisella,0,3,3
Crisencia,0,3,3
Crishadevi,0,3,3
Crishaina,0,3,3
Crishantely,0,3,3
Crishma,0,3,3
Crisiél,0,3,3
Crisilde,0,3,3
Crisita,3,0,3
Crislaine,0,3,3
Crisleeny,0,3,3
Crisley,3,0,3
Crisley-Jo,0,3,3
Crisly,3,0,3
Crismaira,0,3,3
Crismara,0,3,3
Crismarlyn,0,3,3
Crismiano,3,0,3
Crisno,3,0,3
Crisobalantis,3,0,3
Crisolinda,0,3,3
Crisostomo,3,0,3
Crisotomo,0,3,3
Crisper,3,0,3
Crispiana,0,3,3
Crispien,3,0,3
Crispín,3,0,3
Crispito,3,0,3
Críspula,0,3,3
Crispus,3,0,3
Crissangeley,0,3,3
Crissel,3,0,3
Crisshantely,0,3,3
Crisshantteley,0,3,3
Crissqoulla,3,0,3
Crisstiaan,3,0,3
Crisstina,3,0,3
Crisstinna,0,3,3
Crisstoffel,3,0,3
Crissy-Jo,0,3,3
Crist-Jan,3,0,3
Cristaan,3,0,3
Cristabelle,0,3,3
Cristaldi,3,0,3
Cristale,0,3,3
Cristalia,0,3,3
Cristaliano,3,0,3
Cristalijn,0,3,3
Cristaline,0,3,3
Cristalle,0,3,3
Cristally,0,3,3
Cristalyn,0,3,3
Cristalys,0,3,3
Cristanand,3,0,3
Cristangelic,0,3,3
Cristavien,0,3,3
Cristavorius,3,0,3
Cristefer,3,0,3
Cristéfor,3,0,3
Cristefor,3,0,3
Cristelano,3,0,3
Cristely,0,3,3
Cristenie,0,3,3
Cristensen,0,3,3
Cristéta,0,3,3
Cristeta,0,3,3
Cristhefer,3,0,3
Cristhian,3,0,3
Cristhiano,3,0,3
Cristhopher,3,0,3
Cristhur,3,0,3
Cristia,0,3,3
Cristiaan-Paul,3,0,3
Cristiaans,3,0,3
Cristiaen,3,0,3
Crístian,3,0,3
Cristiàn,3,0,3
Cristiän,3,0,3
Cristian-Junior,3,0,3
Cristianely,0,3,3
Cristianie,0,3,3
Cristianis,3,0,3
Cristiann,3,0,3
Cristianna,0,3,3
Cristianno,3,0,3
Cristíano,3,0,3
Cristianó,3,0,3
Cristiãno,3,0,3
Cristianò,3,0,3
Cristiano-Alexander,3,0,3
Cristiën,3,0,3
Cristienne,0,3,3
Cristilda,0,3,3
Cristilla,0,3,3
Cristín,0,3,3
Cristína,0,3,3
Cristiony,0,3,3
Cristofel,3,0,3
Cristoffe,3,0,3
Cristoffelina,0,3,3
Cristoffine,0,3,3
Cristofien,0,3,3
Cristofina,0,3,3
Cristofoor,3,0,3
Cristoforus,3,0,3
Cristol,0,3,3
Cristophie,0,3,3
Cristovão,3,0,3
Cristóvão,3,0,3
Cristyan,3,0,3
Cristyane,0,3,3
Cristyjan,3,0,3
Cristyl,0,3,3
Cristyna,0,3,3
Criswellin,0,3,3
Crisztianne,0,3,3
Criurie,3,0,3
Crizty,0,3,3
Crizza,0,3,3
Croce,0,3,3
Crocet,3,0,3
Croes,3,0,3
Crofo,3,0,3
Croft,3,0,3
Cromantey,3,0,3
Crompton,0,3,3
Cromwell,3,0,3
Crone,0,3,3
Crosanda,0,3,3
Crosina,0,3,3
Crosita,0,3,3
Crossifixio,3,0,3
Crothers,3,0,3
Crown,0,3,3
Croy,3,0,3
Cru,3,0,3
Crubel,3,0,3
Crucifix,0,3,3
Cruger,3,0,3
Cruijffie,3,0,3
Cruims,3,0,3
Crum,3,0,3
Crus,3,0,3
Crushtellyne,0,3,3
Crushwin,3,0,3
Crusoe,0,3,3
Crut,3,0,3
Cruz-Christopher,3,0,3
Cruze,3,0,3
Cruzi,3,0,3
Cruzianna,0,3,3
Cruziano,3,0,3
Cruzita,0,3,3
Cryanda,0,3,3
Cryingwind,3,0,3
Cryll,3,0,3
Cryna,0,3,3
Cryns,0,3,3
Crysantha,0,3,3
Crysanthus,3,0,3
Crysencio,3,0,3
Crysis,0,3,3
Cryson,3,0,3
Crysostoma,0,3,3
Cryspyn,3,0,3
Cryssie,0,3,3
Crystal-Gail,0,3,3
Crystal-Jade,0,3,3
Crystal-Rose,0,3,3
Crystalbell,0,3,3
Crystalina,0,3,3
Crystaline,0,3,3
Crystalla,0,3,3
Crystalle,0,3,3
Crystallia,0,3,3
Crystallijne,0,3,3
Crystell,0,3,3
Crysthal,0,3,3
Crystial,0,3,3
Crystin,0,3,3
Crystina,0,3,3
Crystl,0,3,3
Crystly,0,3,3
Crystof,3,0,3
Crystol,0,3,3
Crystopher,3,0,3
Csabá,3,0,3
Csábitó,3,0,3
Csaisz,3,0,3
Cselle,0,3,3
Csente,3,0,3
Cserne,0,3,3
Cseslau,3,0,3
Csezanne,0,3,3
Csila,0,3,3
Csilver,0,3,3
Csinszka,0,3,3
Csongor,3,0,3
Csylanthe,0,3,3
CTC,0,3,3
Ctistiaan,3,0,3
CTM,0,3,3
Cualbertus,3,0,3
Cuanella,0,3,3
Cuarto,3,0,3
Cuauhtémoc,3,0,3
Cuauhtemoc,3,0,3
Cube,3,0,3
Cubitt,3,0,3
Cubwa,0,3,3
Cúc,0,3,3
Cuchi,3,0,3
Cucilla,0,3,3
Cuculain,3,0,3
Cuculayn,3,0,3
Cudberth,3,0,3
Cuddo,3,0,3
Cudiya,0,3,3
Cudjo,3,0,3
Cudney,0,3,3
Cudrun,0,3,3
Cudy,3,0,3
Cuenca,3,0,3
Cueredain,3,0,3
Cueredian,3,0,3
Cuernto,3,0,3
Cufaniël,3,0,3
Cugar,3,0,3
Cugel,3,0,3
Cugnera,0,3,3
Cüheymen,3,0,3
Cuhn,0,3,3
Cui-ying,0,3,3
Cuibertus,3,0,3
Cuilliaum,3,0,3
Cuillin,3,0,3
Cuìn,3,0,3
Cuindert,3,0,3
Cuinêra,0,3,3
Cuineres,3,0,3
Cuintje,0,3,3
Cuisela,0,3,3
Cujeanil,3,0,3
Cujo-Jaycen,3,0,3
Cukup,3,0,3
Cül,0,3,3
Cula,0,3,3
Culajay,3,0,3
Culan,0,3,3
Cülay,0,3,3
Culena,0,3,3
Cülesen,0,3,3
Culhan,0,3,3
Culinda,0,3,3
Culle,3,0,3
Culmore,3,0,3
Cumacan,3,0,3
Cumana,3,0,3
Cumatalha,3,0,3
Cume,3,0,3
Cumera,0,3,3
Cumhail,3,0,3
Cumin,3,0,3
Cunai,3,0,3
Cünayt,3,0,3
Cundah,0,3,3
Cundegondus,3,0,3
Cundraad,3,0,3
Cundry,0,3,3
Cunea,0,3,3
Cunebertha,0,3,3
Cunegundus,0,3,3
Cuneke,0,3,3
Cunemar,3,0,3
Cunerardus,3,0,3
Cuneri,0,3,3
Cuneria,0,3,3
Cunerius,3,0,3
Cuneyd,3,0,3
Cüneydi,3,0,3
Cungardus,3,0,3
Cunierus,3,0,3
Cunina,0,3,3
Cuninera,0,3,3
Cunitia,0,3,3
Cünito,3,0,3
Cúnla,0,3,3
Cunnar,3,0,3
Cunneberta,0,3,3
Cunnez,0,3,3
Cuno-Alexander,3,0,3
Cunobertha,0,3,3
Cunobia,0,3,3
Cunogondus,3,0,3
Cunrada,3,0,3
Cunrard,3,0,3
Cunrarda,0,3,3
Cunrardus,3,0,3
Cunugundis,0,3,3
Cuo?g,3,0,3
Cuòng,3,0,3
Cuong-Manh,3,0,3
Cuore,3,0,3
Cupedo,3,0,3
Cupert,3,0,3
Cupriano,3,0,3
Curayson,3,0,3
Curazon,0,3,3
Curbal,3,0,3
Curcio,3,0,3
Cürd,3,0,3
Curdaylisanne,0,3,3
Curdley,3,0,3
Curegonda,0,3,3
Cureton,3,0,3
Curey,3,0,3
Curiël,3,0,3
Curiel,0,3,3
Curig,3,0,3
Curine,0,3,3
Curius,3,0,3
Curjentely,0,3,3
Curlyson,3,0,3
Curselotte,0,3,3
Cürt,3,0,3
Curt-Logan,3,0,3
Curtcharlene,0,3,3
Curtcheline,0,3,3
Curten,3,0,3
Curtes,3,0,3
Curth,3,0,3
Curthey,3,0,3
Curthis,3,0,3
Cürthjaviera,0,3,3
Curthmira,0,3,3
Curticherna,0,3,3
Curtis-Junior,3,0,3
Curtiz,3,0,3
Curtlen,3,0,3
Curtley-Ann,0,3,3
Curtlion,3,0,3
Curtlyeonne,3,0,3
Curtny,3,0,3
Curtshanyl,3,0,3
Curtvientely,0,3,3
Curtwin,3,0,3
Curtys,3,0,3
Curviënthly,3,0,3
Curwen,3,0,3
Cusaltine,0,3,3
Cusco,0,3,3
Cuseppe,3,0,3
Cusney,3,0,3
Custavo,3,0,3
Custōdio,3,0,3
Custos,3,0,3
Cutline,3,0,3
Cutrina,0,3,3
Cuun,3,0,3
Cuvan,3,0,3
Cüven,3,0,3
Cuveyni,3,0,3
Cuyetano,3,0,3
Cuylain,3,0,3
Cuynera,0,3,3
Cuzco,3,0,3
Cuze,0,3,3
Cuzef,3,0,3
Cuzmánia,0,3,3
Cvetan,3,0,3
Cvijeta,0,3,3
Cvitko,3,0,3
Cvjetko,3,0,3
Cwainy,3,0,3
CWCA,0,3,3
Cwendoline,0,3,3
CWF,0,3,3
CWG,0,3,3
CWH,0,3,3
Cwi,3,0,3
Cwiedo,3,0,3
Cwinta,0,3,3
CWJ,0,3,3
CWM,3,0,3
CWMT,3,0,3
CWR,0,3,3
Cy-enna,0,3,3
Cy-jehly,0,3,3
Cyanda,0,3,3
Cyander,3,0,3
Cyane-Melissa,0,3,3
Cyannah,0,3,3
Cyarah,0,3,3
Cyathia,0,3,3
Cyber,3,0,3
Cybila,0,3,3
Cybilla,0,3,3
Cybine,0,3,3
Cybrand,3,0,3
Cybrande,0,3,3
Cybren,3,0,3
Cybriana,0,3,3
Cybrich,0,3,3
Cycgna,0,3,3
Cycil,3,0,3
Cycline,0,3,3
Cyd-Emad,3,0,3
Cydia,0,3,3
Cydiane,0,3,3
Cydji,0,3,3
Cydrion,3,0,3
Cyell,3,0,3
Cyelle-Imani,0,3,3
Cyen,3,0,3
Cyendra,0,3,3
Cyenn,0,3,3
Cyennah,0,3,3
Cyennerice,0,3,3
Cyerra,0,3,3
Cyfanio,3,0,3
Cyfano,3,0,3
Cygen,3,0,3
Cyghiño,3,0,3
Cygian,3,0,3
Cygier,3,0,3
Cygina,0,3,3
Cygmary,0,3,3
Cygna,0,3,3
Cygne,0,3,3
Cygnette,0,3,3
Cygni,0,3,3
Cyhinta,0,3,3
Cyhrano,3,0,3
Cyi,3,0,3
Cyiendro,3,0,3
CyiJong,3,0,3
Cyionn,3,0,3
Cyjano,3,0,3
Cyjaro,3,0,3
Cyjennah,0,3,3
Cyks,0,3,3
Cylaisha,0,3,3
Cylan,0,3,3
Cylas,3,0,3
Cyldriana,0,3,3
Cyle,3,0,3
Cyleah,0,3,3
Cyleke,0,3,3
Cylemarijne,0,3,3
Cylena,0,3,3
Cylene,0,3,3
Cylenne,0,3,3
Cyliann,3,0,3
Cylie,3,0,3
Cylie-Jane,0,3,3
Cyliën,0,3,3
Cylies,3,0,3
Cylinda,0,3,3
Cylomae,0,3,3
Cylon,3,0,3
Cylus,3,0,3
Cylveria,0,3,3
Cylvia,0,3,3
Cylysce,0,3,3
Cymande,3,0,3
Cymaro,3,0,3
Cymbaline,0,3,3
Cymberly,0,3,3
Cyme,0,3,3
Cymora,0,3,3
Cymoril,0,3,3
Cymosa,0,3,3
Cymphoniqeu,0,3,3
Cymru,3,0,3
Cyna,0,3,3
Cynaimo,3,0,3
Cynath,0,3,3
Cyndal,0,3,3
Cyndalle,0,3,3
Cyndarella,0,3,3
Cyndiany,0,3,3
Cyndie,0,3,3
Cyndra,0,3,3
Cyndrina,0,3,3
Cynie,0,3,3
Cynigua,0,3,3
Cynilia,0,3,3
Cynio,3,0,3
Cynitta,0,3,3
Cynjer,3,0,3
Cynliriëlle,0,3,3
Cynmor,3,0,3
Cynnandro,3,0,3
Cynne,0,3,3
Cynsanna,0,3,3
Cynschia,0,3,3
Cynt,3,0,3
Cynthe,0,3,3
Cynthelia,0,3,3
Cynthia-Anna,0,3,3
Cynthia-Charlaine,0,3,3
Cynthia-Diana,0,3,3
Cynthia-Elisabeth,0,3,3
Cynthia-Lisette,0,3,3
Cynthia-Philomena,0,3,3
Cynthia-Valérie,0,3,3
Cynthian,3,0,3
Cynthiano,3,0,3
Cynthiara,0,3,3
Cynthie,0,3,3
Cynthilia,0,3,3
Cynthio,3,0,3
Cynthique,0,3,3
Cyntiana,0,3,3
Cyntiano,3,0,3
Cyntilhia,0,3,3
Cyntina,0,3,3
Cyntio,3,0,3
Cyntitïa,0,3,3
Cyntja,0,3,3
Cyomairo,3,0,3
Cyon,3,0,3
Cyonah,0,3,3
Cyonaith,0,3,3
Cyone,0,3,3
Cyounisha,0,3,3
Cypher,3,0,3
Cyphre,0,3,3
Cypra,0,3,3
Cyprecia,0,3,3
Cyprès,0,3,3
Cypriän,3,0,3
Cypriane,0,3,3
Cyprianna,0,3,3
Cyprianne,0,3,3
Cyprianos,3,0,3
Cyprianus-Ruben,3,0,3
Cyprina,0,3,3
Cyprine,0,3,3
Cyprinus,3,0,3
Cyproxsius,3,0,3
Cyquinly,0,3,3
Cyquinta,0,3,3
Cyra-Fay,0,3,3
Cyraat,3,0,3
Cyraila,0,3,3
Cyraino,3,0,3
Cyraldo,3,0,3
Cyram,3,0,3
Cyranno,3,0,3
Cyraño,3,0,3
Cyráno,3,0,3
Cyrano-James,3,0,3
Cyrätsia,0,3,3
Cyrby,0,3,3
Cyrcée,0,3,3
Cyream,3,0,3
Cýree,0,3,3
Cyrek,3,0,3
Cyrelcha,0,3,3
Cyrellia,0,3,3
Cyrelva,0,3,3
Cyrenne,0,3,3
Cyreno,3,0,3
Cyrez,3,0,3
Cyriaan,3,0,3
Cyriac,3,0,3
Cyriae,0,3,3
Cyriara,0,3,3
Cyriel-James,3,0,3
Cyriele,0,3,3
Cyrielia,0,3,3
Cyrieljo,3,0,3
Cyriena,0,3,3
Cyril-Diana,0,3,3
Cyril-Louis,3,0,3
Cyrilein,0,3,3
Cyrilene,0,3,3
Cyriles,3,0,3
Cyrilio,3,0,3
Cyrille-Etiénne,3,0,3
Cyrillia,0,3,3
Cyrillie,0,3,3
Cyrillis,3,0,3
Cyrillo-Ricardo,3,0,3
Cyrillos,3,0,3
Cyrillous,3,0,3
Cyrilon,3,0,3
Cyrilva,0,3,3
Cyrinne,0,3,3
Cyris,0,3,3
Cyristha,0,3,3
Cyrma,0,3,3
Cyrmar,3,0,3
Cÿron,3,0,3
Cyrthania,0,3,3
Cyrus-Reza,3,0,3
Cyryla,0,3,3
Cysca,0,3,3
Cyselle,0,3,3
Cysharo,0,3,3
Cysil,0,3,3
Cysline,0,3,3
Cythe,3,0,3
Cytherea,0,3,3
Cythia,0,3,3
Cythley,3,0,3
Cyusa,3,0,3
Cyvaino,3,0,3
Cyvana,0,3,3
Cyvaniyah,0,3,3
Cyvennia,0,3,3
Cyvon,0,3,3
Cyza,0,3,3
Czander,3,0,3
Czekainah,0,3,3
Czémil,3,0,3
Czenobia,0,3,3
Czenzi,0,3,3
Czerny,0,3,3
Czesek,3,0,3
Czesiek,3,0,3
Czeslau,3,0,3
Czestawa,0,3,3
Cziane,0,3,3
Cziesla,0,3,3
Czikjain,3,0,3
Czili,0,3,3
Czjkshiny,0,3,3
Czuluuntulga,3,0,3
Czy-Djailynn,0,3,3
Czy-Djaino,3,0,3
Czygory,3,0,3
Czyjainy,0,3,3
Czykjano,3,0,3
Czykjen,3,0,3
Czyksanna,0,3,3
Cæcilia,0,3,3
Cælin,3,0,3
Cærcorran,3,0,3
Cœli,0,3,3
