Name,Men,Women,Total
Dirk,71748,57,71805
Daniël,45986,185,46171
Dennis,39795,116,39911
David,31283,91,31374
Daan,26441,259,26700
Daniëlle,114,26501,26615
Danny,18119,465,18584
Dirkje,46,18135,18181
Diana,203,17912,18115
Denise,63,15993,16056
Dorothea,366,14749,15115
Dina,72,14268,14340
Daphne,10,13030,13040
Derk,12764,12,12776
Dylan,12163,37,12200
Dominique,3215,8314,11529
Demi,306,10657,10963
Deborah,46,9925,9971
Douwe,8959,6,8965
Daniel,8852,58,8910
Danique,157,8387,8544
Damian,7644,7,7651
Dave,7449,60,7509
Dick,7078,22,7100
Désirée,36,6229,6265
Daisy,49,5889,5938
Dean,5795,37,5832
Dion,5537,276,5813
Dani,4601,824,5425
Debora,15,5366,5381
Diederik,5303,7,5310
Desirée,42,4958,5000
Danielle,20,4793,4813
Dominicus,4662,92,4754
Davy,4391,48,4439
Dewi,104,3962,4066
Debby,23,3895,3918
Delano,3433,9,3442
Debbie,23,3378,3401
Dorien,21,3375,3396
Desiree,43,3324,3367
Dana,38,3181,3219
Diane,20,3103,3123
Davey,3032,14,3046
Dimitri,2952,10,2962
Dingena,48,2886,2934
Divera,13,2921,2934
Dieuwke,5,2884,2889
Duncan,2859,3,2862
Dex,2796,6,2802
Daniëlla,19,2764,2783
Dimphna,127,2624,2751
Dagmar,135,2583,2718
Dinand,2575,3,2578
Dingeman,2520,12,2532
Donna,3,2514,2517
Dymphna,119,2383,2502
Dylano,2445,3,2448
Dianne,10,2398,2408
Diego,2227,3,2230
Derkje,6,2136,2142
Dieuwertje,3,2117,2120
Dionne,19,2094,2113
Dorine,13,2055,2068
Dora,21,2012,2033
Donny,2009,17,2026
Deniz,1486,380,1866
Dominic,1771,64,1835
Diede,443,1336,1779
Donald,1740,8,1748
Durk,1726,0,1726
Destiny,30,1556,1586
Dimphina,86,1486,1572
Dimphena,64,1411,1475
Duco,1470,3,1473
Dries,1462,3,1465
Daniek,108,1351,1459
Dilara,0,1420,1420
Devi,191,1206,1397
Desiré,345,1047,1392
Don,1353,17,1370
Dante,1195,133,1328
Dian,103,1183,1286
Dionysius,1242,42,1284
Doris,126,1152,1278
Duuk,1264,0,1264
Devin,1218,12,1230
Denny,1175,41,1216
Dinant,1215,3,1218
Dymphina,89,1116,1205
Diederick,1185,3,1188
Dorus,1144,29,1173
Denzel,1157,0,1157
Demy,405,730,1135
Daley,1103,26,1129
Denis,1098,28,1126
Donovan,1123,0,1123
Doortje,3,1117,1120
Damiën,1112,3,1115
Dorothé,26,1085,1111
Dyon,1061,47,1108
Daantje,58,1047,1105
Dionisius,1033,40,1073
Dirk-Jan,1054,0,1054
Dounia,3,1038,1041
Didier,979,16,995
Dineke,3,990,993
Désiré,359,617,976
Dolf,933,7,940
Danilo,923,3,926
Derek,916,3,919
Daniella,9,878,887
Diena,3,885,888
Dennie,862,17,879
Dustin,873,3,876
Dorothée,3,868,871
Dolores,3,859,862
Diny,17,842,859
Dominica,6,851,857
Davina,3,851,854
Demian,836,3,839
Denice,3,826,829
Damien,808,6,814
Desmond,787,3,790
Dieke,7,780,787
Dorian,638,146,784
Derya,15,748,763
Devon,703,59,762
Damon,760,3,763
Didi,32,729,761
Doreen,3,750,753
Doeke,719,7,726
Daniëla,5,717,722
Dorothy,3,719,722
Dilan,287,428,715
Danisha,3,707,710
Dwayne,701,3,704
Dario,680,0,680
Doetje,3,673,676
Doede,653,3,656
Digna,19,634,653
Dieter,624,24,648
Daimy,154,465,619
Desley,552,52,604
Dini,9,590,599
Dwight,599,0,599
Djayden,594,3,597
Désiree,3,588,591
Dorathea,10,570,580
Dicky,184,395,579
Dingenis,575,0,575
Dunja,8,565,573
Douwina,3,565,568
Darryl,547,3,550
Doutzen,8,538,546
Delilah,3,544,547
Dunya,3,540,543
Dilano,533,3,536
Deliana,3,531,534
Dilek,3,525,528
Dexter,520,3,523
Dorina,18,490,508
Diederika,0,498,498
Dax,489,8,497
Django,495,3,498
Djurre,493,0,493
Delia,3,486,489
Dewy,30,451,481
Douglas,470,7,477
Durkje,0,476,476
Daniela,3,466,469
Deirdre,0,470,470
Dingenus,463,3,466
Dieudonné,375,89,464
Diya,14,446,460
Darren,457,3,460
Dide,21,432,453
Dayenne,3,448,451
Dane,410,39,449
Dione,9,435,444
Djenna,0,443,443
Damin,440,0,440
Dientje,3,439,442
Dinie,3,435,438
Diëgo,435,3,438
Damianus,429,5,434
Damla,0,427,427
Driesje,3,420,423
Desi,32,385,417
Djoeke,8,408,416
Dyonne,6,404,410
Derkina,0,404,404
Donata,3,401,404
Dylana,0,403,403
Donatus,381,9,390
Dimphy,12,376,388
Demelza,0,387,387
Ditte,3,380,383
Dimitry,375,3,378
Defne,0,377,377
Dino,372,3,375
Dawn,12,357,369
Deveny,5,361,366
Diliana,9,354,363
Dorethea,30,331,361
Dieneke,0,358,358
Delphine,7,348,355
Djamilla,3,353,356
Danté,340,13,353
Dominggus,352,0,352
Dinesh,350,3,353
Dorotheus,346,3,349
Dijmphna,19,327,346
Damaris,3,340,343
Devika,0,342,342
Donja,5,337,342
Dieudonnée,8,333,341
Danae,5,331,336
Dafne,0,332,332
Duygu,0,332,332
Dorinda,3,325,328
Dignus,322,0,322
Duvera,3,320,323
Dirksje,0,321,321
Dan,262,58,320
Daryl,296,22,318
Deveney,7,302,309
Duke,296,7,303
Dymphena,14,286,300
Dien,116,182,298
Dorothee,3,296,299
Desteny,6,291,297
Dominick,291,6,297
Dany,234,62,296
Dionysia,3,291,294
Daatje,0,292,292
Darius,290,0,290
Davida,3,289,292
Dik,284,3,287
Damy,241,39,280
Dakota,36,242,278
Délano,274,0,274
Dilana,0,273,273
Danitsja,0,267,267
Damiaan,263,3,266
Deon,261,3,264
Dikra,0,265,265
Diewertje,3,263,266
Dalila,3,260,263
Dinah,3,261,264
Divano,258,0,258
Diantha,3,256,259
Dolly,3,256,259
Dania,3,255,258
Dénise,3,252,255
Dorette,0,252,252
Davi,244,7,251
Deen,248,3,251
Domenica,0,250,250
Davide,196,49,245
Desiderius,231,13,244
Dieuwerke,0,243,243
Devlin,230,11,241
Diderik,240,0,240
Diderika,0,239,239
Dena,3,236,239
Djordy,235,3,238
Detje,0,237,237
Dirkjan,234,3,237
Dila,0,233,233
Devano,229,0,229
Diégo,229,0,229
Ditta,3,227,230
Dolinda,3,227,230
Daaf,225,3,228
Darnell,224,3,227
Derrick,226,0,226
Driss,224,3,227
Dané,19,206,225
Dico,222,3,225
Djamila,3,223,226
Djim,219,3,222
Dita,3,217,220
Domenico,215,3,218
Douae,0,215,215
Danley,214,0,214
Dejan,214,0,214
Djay,206,8,214
Dano,213,0,213
Derkjen,3,211,214
Diaz,163,47,210
Damiano,207,3,210
Declan,206,0,206
Demet,0,206,206
Dyanne,3,205,208
Dilâra,0,204,204
Devran,197,3,200
Danica,3,197,200
Dine,41,158,199
Drewes,195,3,198
Delphina,17,178,195
Deacon,194,0,194
Dyan,85,108,193
Derktje,3,191,194
Domingo,184,7,191
Dominiek,104,87,191
Dara,42,148,190
Dirkina,0,189,189
Dalia,0,187,187
Danaé,5,182,187
Diewerke,3,186,189
Denley,186,0,186
Duran,180,6,186
Damion,184,3,187
Day,30,155,185
Dorenda,3,184,187
Danee,3,181,184
Dilay,3,182,185
Dietrich,176,6,182
Duane,182,0,182
Darwin,178,3,181
Dilia,5,174,179
Dimitrios,177,0,177
Dinja,0,176,176
Domenique,74,101,175
Darshan,172,3,175
Davita,3,171,174
Diandra,0,173,173
Daniële,3,168,171
Delana,0,171,171
Derk-Jan,171,0,171
Danja,3,166,169
Diederich,169,3,172
Deepak,167,3,170
Derkien,0,169,169
Donnie,164,5,169
Debie,3,164,167
Dido,29,138,167
Demis,164,3,167
Desireé,6,159,165
Dea,3,163,166
Davine,3,160,163
Dionisia,0,163,163
Date,158,3,161
Debra,3,160,163
Denzell,161,3,164
Destin,160,3,163
Djuna,3,159,162
Danée,3,159,162
Dali,62,98,160
Didem,0,160,160
Diedrich,160,0,160
Dusty,110,50,160
Danker,158,3,161
Deanne,3,158,161
Divya,3,158,161
Doutsen,3,153,156
Desteney,3,155,158
Duy,154,3,157
Dee,28,126,154
Dievertje,0,154,154
Dionijsius,153,3,156
Dyonisius,146,8,154
Demir,148,3,151
Donya,0,150,150
Dijnphna,3,148,151
Dammis,148,0,148
Dorieke,0,148,148
Doron,113,35,148
Detlef,142,5,147
Dexx,145,3,148
Dim,146,0,146
Dillon,145,0,145
Duc,142,3,145
Doenja,0,144,144
Divine,44,99,143
Dominik,138,5,143
Dia,12,130,142
Dedde,109,32,141
Davinia,0,140,140
Dio,130,10,140
Dolfina,0,140,140
Daria,6,133,139
Ditmar,125,14,139
Diyar,121,18,139
Djairo,139,0,139
Dietje,0,138,138
Din,126,12,138
Dorith,3,137,140
Dies,109,28,137
Danie,31,105,136
Delina,3,132,135
Duurt,136,0,136
Dahlia,0,135,135
Doğan,134,3,137
Dorinde,0,135,135
Darian,127,7,134
Deniece,3,133,136
Diem,91,43,134
Djura,3,133,136
Donato,134,0,134
Dorianne,3,133,136
Danni,31,102,133
Darja,3,129,132
Dianthe,0,133,133
Dailey,112,20,132
Danila,6,126,132
Danish,129,3,132
Danyal,132,0,132
Danyel,124,8,132
Drika,3,131,134
Darcy,58,72,130
Darlene,0,130,130
Domingus,129,3,132
Damir,128,3,131
Davin,128,3,131
Dayna,0,128,128
Dienke,0,128,128
Dinette,3,127,130
Djustin,128,0,128
Dua,3,124,127
D'Angelo,126,0,126
Djoke,3,124,127
Dré,123,3,126
Duifje,3,125,128
Detmer,124,0,124
Doekele,124,0,124
Daoud,121,3,124
Dénis,120,3,123
Donavan,121,3,124
Dyllan,121,3,124
Delayla,0,121,121
Domien,114,7,121
Door,6,115,121
Dounya,0,121,121
Danine,0,120,120
Diemer,119,3,122
Dillan,117,3,120
Dior,49,71,120
Damiana,3,117,120
Davie,116,3,119
Devrim,101,18,119
Diesel,107,12,119
Dyantha,0,119,119
Deodata,3,116,119
Diamond,72,46,118
Donate,3,115,118
del,3,115,118
Dilayla,0,117,117
Daylano,116,0,116
Delicia,0,116,116
Devie,22,94,116
Dinanda,0,116,116
Doha,3,115,118
Döndü,0,116,116
Deejay,108,7,115
Djem,59,56,115
Dragan,114,0,114
Danaë,3,112,115
Dimmen,112,3,115
Driek,112,3,115
Dennes,112,0,112
Daya,8,102,110
Dievera,3,106,109
Djaylano,109,0,109
Doğukan,109,0,109
Dajo,105,3,108
Dammes,108,0,108
Diderica,0,108,108
Donné,90,18,108
Damini,0,107,107
Davut,107,0,107
Delany,30,76,106
Delila,0,106,106
Dimas,105,3,108
Dalí,38,67,105
Dela,5,100,105
Deni,66,38,104
Deva,24,80,104
Danischa,0,103,103
Danne,34,69,103
Destiney,3,102,105
Dale,85,17,102
Djessy,50,52,102
Dursun,80,21,101
Daniyal,100,0,100
Darrell,100,0,100
Delaney,38,62,100
Dez,99,3,102
Dimitra,0,100,100
Doménique,54,46,100
Denver,93,6,99
Djennah,0,99,99
Duko,99,0,99
Dycke,0,99,99
Dyvano,99,0,99
Dain,92,6,98
Danick,81,17,98
Danita,0,98,98
Dirck,98,0,98
Derkiena,0,97,97
Deshawn,97,0,97
Danya,3,94,97
Darko,95,3,98
Davis,92,3,95
Denisha,0,96,96
Ditty,0,96,96
Djoy,26,70,96
Danial,95,0,95
Diona,0,95,95
Dmitri,94,3,97
Dyana,0,95,95
Dore,3,92,95
Djano,93,0,93
Dorris,3,92,95
Dyami,89,3,92
Destan,76,16,92
Didy,3,90,93
Demelsa,0,91,91
Devanté,91,0,91
Diederike,0,91,91
Dooitze,91,0,91
Doutje,0,91,91
Dillen,89,3,92
Daam,88,3,91
Danillo,89,0,89
Dewie,3,85,88
Dudu,0,89,89
Dees,65,23,88
Devy,78,10,88
Dimara,0,88,88
Dymphy,3,87,90
Deodaat,85,3,88
Desideria,3,86,89
Dinh,79,8,87
Dünya,3,83,86
Demiën,86,0,86
Derck,86,0,86
Davino,85,0,85
Delisha,0,85,85
Derkjan,85,0,85
Dimitrie,84,3,87
Djoerd,85,0,85
Doesjka,0,85,85
Donatella,0,85,85
D'angelo,84,0,84
Dalisha,0,84,84
Daniele,53,31,84
Déon,84,0,84
Djarno,83,3,86
Djoni,16,68,84
Dorethé,3,81,84
Darya,5,78,83
Didericus,83,0,83
Dielis,83,0,83
Djaro,83,0,83
Djordi,81,3,84
Darin,53,29,82
Diek,80,3,83
Danuta,3,80,83
Daylin,58,23,81
Doetie,3,80,83
Dorrit,3,80,83
Dayne,78,3,81
Dikkie,30,50,80
Döne,0,80,80
Doriene,0,80,80
Dauphine,0,79,79
Desire,25,54,79
Djani,77,3,80
Dyano,79,0,79
Dayan,76,3,79
Dederika,0,78,78
Dieuke,3,77,80
Djaimy,67,11,78
Dynand,78,0,78
Denys,71,6,77
Deodatus,77,0,77
Dethmer,77,0,77
Diony,25,52,77
Dreesje,0,77,77
Daimen,75,3,78
Detlev,76,0,76
Dawud,73,3,76
Dyane,3,74,77
Dyani,42,33,75
Danice,3,73,76
Desney,43,31,74
Dirma,0,74,74
Durmuş,74,0,74
Dae,16,57,73
Delfina,3,70,73
Derin,18,55,73
Dewika,0,73,73
Djazz,53,20,73
Doeko,73,0,73
Dominico,72,3,75
Douwtje,0,73,73
Daryll,70,3,73
Dirgje,0,72,72
Doreth,3,70,73
Danieke,0,71,71
Daymian,71,0,71
Deena,3,70,73
Dickie,34,37,71
Diet,3,67,70
Dima,25,46,71
Dinthe,0,71,71
Damyan,70,0,70
Dannie,55,15,70
Darrel,70,0,70
Deliaantje,0,70,70
Devan,70,0,70
Devina,0,70,70
Dicle,3,68,71
Donia,3,69,72
Doran,51,19,70
Danilio,69,0,69
Daphna,0,69,69
Delaja,3,65,68
Damanja,0,68,68
Dietmar,67,3,70
Dijmphina,3,67,70
Dika,3,66,69
Douaa,0,68,68
Drikus,68,0,68
Dymph,5,63,68
Dagobert,67,0,67
Damián,67,0,67
Diesmer,67,0,67
Domina,0,67,67
Douwine,0,67,67
Dalida,3,63,66
Deanna,0,66,66
Djeno,66,0,66
Diba,3,64,67
Dieuwe,60,5,65
Dimitris,65,0,65
Dolphina,3,64,67
Dorothe,3,63,66
Dylara,0,65,65
Dastan,63,3,66
Demie,8,56,64
Diederica,0,64,64
Diete,3,62,65
Djelano,64,0,64
Djino,64,0,64
Doekle,63,3,66
Donnée,5,59,64
Dagmara,3,62,65
Davian,63,0,63
Destina,0,63,63
Dette,3,61,64
Dianna,0,63,63
Dimar,58,5,63
Dong,48,15,63
Danel,56,6,62
Dascha,0,62,62
Dieks,61,3,64
Dieta,0,62,62
Djesley,53,9,62
Doruk,61,3,64
Duha,19,43,62
Davud,61,0,61
Djesse,59,3,62
Dahné,3,59,62
Danjella,3,59,62
Dannis,59,3,62
Dev,59,3,62
Dictus,60,0,60
Dijmphena,3,58,61
Doret,3,59,62
Drees,58,3,61
Dai,49,10,59
Danika,3,58,61
Danysha,0,59,59
Darinka,0,59,59
Deven,59,0,59
Ditje,0,59,59
Djessie,31,28,59
Danil,56,3,59
Davidson,57,3,60
Diedrik,58,0,58
Duarte,55,3,58
Danitia,3,56,59
Dannique,8,49,57
Déjan,56,3,59
Djevano,57,0,57
Dorinthe,0,57,57
Danijela,3,55,58
Danjel,47,9,56
Darshana,0,56,56
Denn,56,0,56
Deveron,56,0,56
Dilber,0,56,56
Dinan,56,0,56
Dinte,0,56,56
Dirktje,0,56,56
Djoey,55,3,58
Dudley,55,3,58
Duru,0,56,56
Danièle,0,55,55
Dann,55,0,55
Dayo,49,6,55
Deana,0,55,55
Deano,55,0,55
Deddo,55,0,55
Denisa,3,54,57
Denyse,0,55,55
Derkdina,0,55,55
Diablo,54,3,57
Dianta,0,55,55
Dille,12,43,55
Djailey,0,55,55
Doete,3,54,57
Deli,9,45,54
Desie,3,53,56
Dieuwer,22,32,54
Divina,3,51,54
Dogan,53,3,56
Dorthe,3,52,55
Dune,7,47,54
Dušan,54,0,54
Danieck,16,37,53
Daniéla,0,53,53
Daud,53,0,53
Demianus,53,0,53
Deny,41,12,53
Devid,53,0,53
Dilem,0,53,53
Djaylen,53,0,53
Djelena,0,53,53
Djimmy,53,0,53
Driekus,53,0,53
Dylon,52,3,55
Daily,21,31,52
Dang,46,6,52
Debi,0,52,52
Déborah,0,52,52
Demyan,52,0,52
Diederikus,52,0,52
Dixie,6,46,52
Djen,43,9,52
Domino,0,52,52
Dorcas,0,52,52
Dunia,3,51,54
Daen,49,3,52
Daniya,0,51,51
Daylen,51,0,51
Dieuwkje,0,51,51
Djon,51,0,51
Dot,3,50,53
Doutze,3,50,53
Dalal,3,48,51
Danicia,0,50,50
Daphny,3,49,52
Desy,5,45,50
Devante,50,0,50
Diederic,49,3,52
Djesmay,0,50,50
Duifke,0,50,50
Dulce,3,49,52
Dariush,49,0,49
Davinio,49,0,49
Dedmer,49,0,49
Delaila,0,49,49
Delivio,49,0,49
Dhiradj,49,0,49
Diene,3,47,50
Dirkjen,0,49,49
Danijel,47,3,50
Déan,41,7,48
Delaya,3,46,49
Demetrius,43,5,48
Deonisius,46,3,49
Devany,8,40,48
Diderick,48,0,48
Dijon,46,3,49
Djenairo,48,0,48
Djezz,39,9,48
Dogukan,48,0,48
Dymphie,0,48,48
Daniëll,45,3,48
Dankert,47,0,47
Danylo,47,0,47
Dawoed,47,0,47
Dayen,25,22,47
Dhani,40,7,47
Dieuwert,45,3,48
Djace,46,3,49
Djara,3,43,46
Dominggas,3,46,49
Dayron,44,3,47
Délana,0,46,46
Dempsey,44,3,47
Dettje,0,46,46
Dianca,0,46,46
Disha,0,46,46
Djayvano,46,0,46
Doe,46,0,46
Domingos,43,3,46
Duuc,46,0,46
Damai,28,17,45
Damiët,0,45,45
Danai,5,40,45
Danicha,0,45,45
Dannick,39,6,45
Darcey,27,18,45
Delroy,45,0,45
Dene,26,19,45
Derick,45,0,45
Derkelina,0,45,45
Despina,0,45,45
Deyan,45,0,45
Dijana,0,45,45
Dilianus,45,0,45
Dragana,0,45,45
Dayenna,3,43,46
Derviş,44,0,44
Devine,21,23,44
Dheeraj,44,0,44
Dhiraj,44,0,44
Diderikus,44,0,44
Dieu,16,28,44
Ditmer,44,0,44
Doedtje,0,44,44
Dorrith,0,44,44
Dwayn,43,3,46
Danniek,3,40,43
Denilson,43,0,43
Derwin,43,0,43
Dionisio,43,0,43
Djalina,0,43,43
Djamiro,43,0,43
Dominggoes,43,0,43
Dalina,0,42,42
Darina,0,42,42
Dasja,3,41,44
Dede,23,19,42
Deidre,0,42,42
Delal,0,42,42
Démi,0,42,42
Denian,42,0,42
Dènis,40,3,43
Detmar,41,3,44
Dharma,10,32,42
Dietske,0,42,42
Dijn,14,28,42
Dilys,0,42,42
Dona,3,41,44
Danka,0,41,41
Daron,41,0,41
Dawid,41,0,41
Delian,31,10,41
Denne,14,27,41
Des,37,3,40
Diam,37,3,40
Diangelo,41,0,41
Dinet,3,37,40
Djamel,41,0,41
Djayson,41,0,41
Doğa,10,31,41
Douwes,41,0,41
Dubbele,41,0,41
Dalibor,40,0,40
Dámaris,0,40,40
Dami,14,26,40
Dasha,0,40,40
Dat,40,0,40
Dayanara,0,40,40
Debóra,0,40,40
Deef,40,0,40
Diecke,0,40,40
Divana,0,40,40
Djamal,40,0,40
Djien,39,3,42
Djilani,39,3,42
Dorethy,0,40,40
Dorota,0,40,40
Dorry,3,39,42
Dung,17,23,40
Durvina,0,40,40
Daelynn,0,39,39
Dafna,3,38,41
Dahley,38,3,41
Danian,39,0,39
Danthe,12,27,39
Débora,0,39,39
Deion,38,3,41
Denize,0,39,39
Deodorus,38,3,41
Dias,25,14,39
Diedericus,39,0,39
Dieudonnee,3,35,38
Dieverdina,0,39,39
Dimphyna,3,35,38
Dionys,33,6,39
Djaya,8,31,39
Dalicia,0,38,38
Dalya,0,38,38
Danouk,0,38,38
Deangelo,38,0,38
Dewanand,38,0,38
Dewey,20,18,38
Diara,3,37,40
Dilaya,0,38,38
Divani,19,19,38
Djai,34,3,37
Djess,16,22,38
Djina,0,38,38
Doewe,38,0,38
Doré,8,30,38
Dorothéa,3,37,40
Dynphna,3,36,39
Dafina,3,36,39
Dahnee,3,35,38
Dajana,0,37,37
Damjan,37,0,37
Danella,0,37,37
Danilla,0,37,37
Darrin,35,3,38
Deyon,37,0,37
Dimmetje,0,37,37
Dingina,0,37,37
Djaylinn,0,37,37
Djill,0,37,37
Doke,7,30,37
Donne,18,19,37
Doriano,37,0,37
Dylen,37,0,37
Dyone,3,36,39
Dangelo,36,0,36
Daniyah,0,36,36
Dayana,0,36,36
Dayton,35,3,38
Delphin,32,3,35
Denijs,35,3,38
Deodora,0,36,36
Dewin,35,3,38
Deylano,36,0,36
Dieka,0,36,36
Dieko,36,0,36
Divaio,36,0,36
Doeije,36,0,36
Domus,36,0,36
Dores,11,25,36
Dory,0,36,36
Drieka,3,34,37
Drishti,0,36,36
Dylaila,0,36,36
Dandy,30,5,35
Daniil,34,3,37
Dannii,0,35,35
Dehlia,0,35,35
Delfin,25,10,35
Deodate,3,34,37
Devyn,33,3,36
Dilruba,0,35,35
Djimon,35,0,35
Drago,34,3,37
Dalil,34,0,34
Daliyah,0,34,34
Damar,15,19,34
Danou,5,29,34
Dariusz,33,3,36
Dayanand,34,0,34
Denni,20,14,34
Diewke,0,34,34
Dimme,32,3,35
Dinish,34,0,34
Djalisa,0,34,34
Djana,0,34,34
Djena,0,34,34
Djieuwke,0,34,34
Djin,24,10,34
Dominika,3,33,36
Domitilla,3,33,36
Dorkas,3,31,34
Durante,29,5,34
Danyl,33,0,33
Darryll,33,0,33
Denia,0,33,33
Derrek,33,0,33
Devaughn,32,3,35
Diann,3,32,35
Dieder,32,3,35
Diémo,33,0,33
Diko,33,0,33
Djamie,26,7,33
Djimmer,33,0,33
Djulian,32,3,35
Djune,3,29,32
Drieske,6,27,33
Dymas,33,0,33
Dyna,3,32,35
Dynah,0,33,33
Dyron,33,0,33
Damine,30,3,33
Damita,0,32,32
Darell,31,3,34
Darshani,0,32,32
Deliane,0,32,32
Densley,32,0,32
Devanand,32,0,32
Devesh,32,0,32
Diedert,32,0,32
Dignum,32,0,32
Dike,5,27,32
Dilhan,27,5,32
Djamil,32,0,32
Djayce,32,0,32
Djoa,21,11,32
Doety,0,32,32
Douha,0,32,32
Drew,14,18,32
Damani,22,9,31
Danilson,31,0,31
Danko,31,0,31
Deepika,0,31,31
Delani,11,20,31
Désireé,3,29,32
Diano,31,0,31
Dijan,17,14,31
Dillian,11,20,31
Djaël,28,3,31
Doet,3,28,31
Donita,0,31,31
Dylian,28,3,31
Dahir,22,8,30
Damayanti,0,30,30
Damiän,30,0,30
Danii,3,28,31
Dedy,11,19,30
Del,3,26,29
Devendra,29,3,32
Dienko,30,0,30
Dietert,30,0,30
Dikky,8,22,30
Dilivio,30,0,30
Dionysos,28,3,31
Djoya,0,30,30
Dyanthe,0,30,30
Dyonisia,3,29,32
Dao,13,16,29
David-Jan,29,0,29
Dederica,0,29,29
Delphi,5,24,29
Dennise,0,29,29
Derman,25,3,28
Desly,24,5,29
Detty,0,29,29
Devinio,29,0,29
Dingetje,0,29,29
Djamiel,29,0,29
Djan,28,3,31
Djavi,29,0,29
Dominga,0,29,29
Dorita,0,29,29
Duifina,0,29,29
Duong,19,10,29
Daeley,28,0,28
Dallas,19,9,28
Danah,0,28,28
Danell,24,3,27
Dániel,28,0,28
Danièlle,3,27,30
Daphné,0,28,28
Dato,28,0,28
Dauwe,28,0,28
Davon,27,3,30
Dédé,3,24,27
Deep,20,8,28
Delailah,0,28,28
Delisa,0,28,28
Delvin,27,3,30
Denzo,28,0,28
Deren,10,18,28
Deron,27,3,30
Deshaun,28,0,28
Dijanne,0,28,28
Dilly,3,26,29
Dimphie,0,28,28
Dionijs,28,0,28
Djalissa,0,28,28
Djévano,28,0,28
Donnatella,0,28,28
Doranne,0,28,28
Dorethe,3,27,30
Dorit,0,28,28
Doua,0,28,28
Dox,23,5,28
Danio,27,0,27
Danitsha,0,27,27
Davidina,0,27,27
Daymon,27,0,27
Dayn,27,0,27
Deane,3,23,26
Delon,26,3,29
Dersim,22,5,27
Desta,6,21,27
Destany,3,25,28
Destino,27,0,27
Diar,27,0,27
Diddy,0,27,27
Dilius,27,0,27
Dionysus,27,0,27
Ditha,0,27,27
Diyae,19,8,27
Djaylani,23,3,26
Djez,21,6,27
Dolorosa,0,27,27
Domenic,27,0,27
Donn,26,3,29
Dook,27,0,27
Dorijn,3,25,28
Dymfna,0,27,27
Dagny,0,26,26
Daisey,0,26,26
Danira,0,26,26
Daryan,26,0,26
Daymen,26,0,26
Deeltje,0,26,26
Delores,0,26,26
Demitri,26,0,26
Denisse,0,26,26
Dessa,3,25,28
Devaney,7,19,26
Devani,14,12,26
Dhruv,26,0,26
Diderich,26,0,26
Dieles,26,0,26
Dieni,0,26,26
Dienie,0,26,26
Diva,0,26,26
Djonno,26,0,26
Doetina,0,26,26
Dolunay,16,10,26
Drifa,0,26,26
Duhan,26,0,26
Durmus,26,0,26
Dahab,0,25,25
Danna,0,25,25
Dari,23,3,26
Davíd,25,0,25
Davor,25,0,25
Dayyan,25,0,25
Deandra,0,25,25
Debrah,3,22,25
Deddy,7,18,25
Demion,25,0,25
Den,21,3,24
Derryl,25,0,25
Desiderata,3,24,27
Dewa,18,7,25
Diante,0,25,25
Dilian,11,14,25
Dinardus,25,0,25
Dinus,25,0,25
Diogo,25,0,25
Diquan,25,0,25
Ditske,0,25,25
Djaivey,25,0,25
Djo,12,13,25
Djunaid,25,0,25
Doedo,25,0,25
Dwi,17,8,25
Dyenna,0,25,25
Dylann,25,0,25
D'Shawn,24,0,24
Daimon,24,0,24
Damara,0,24,24
Danillio,24,0,24
Darion,24,0,24
Daylinn,3,21,24
Deedee,3,23,26
Dely,7,17,24
Denna,3,22,25
Dereck,24,0,24
Dew,20,3,23
Dickson,19,5,24
Diese,3,21,24
Dieske,0,24,24
Dimmy,11,13,24
Dioni,9,15,24
Diren,12,12,24
Dirry,0,24,24
Djalisha,0,24,24
Djayla,0,24,24
Djaylee,0,24,24
Djelina,0,24,24
Djinn,13,11,24
Djody,12,12,24
Djowie,23,3,26
Djulia,0,24,24
Djuliano,24,0,24
Domingas,3,21,24
Doretta,0,24,24
Dorise,0,24,24
Durga,3,21,24
Dyce,24,0,24
Dylani,3,22,25
Daanish,23,0,23
Daanisj,23,0,23
Dairon,23,0,23
Dalena,0,23,23
Dalvin,23,0,23
Dardan,23,0,23
Daris,22,3,25
Davitha,0,23,23
Daylan,23,0,23
Déanne,0,23,23
Delil,23,0,23
Denie,16,7,23
Denniz,22,3,25
Deshney,3,19,22
Devana,0,23,23
Devyani,0,23,23
Diallo,16,7,23
Dideke,0,23,23
Dilanur,0,23,23
Diwa,3,22,25
Diyan,21,3,24
Djeremy,23,0,23
Djeslyn,0,23,23
Djessey,18,5,23
Djordje,23,0,23
Dolph,23,0,23
Dominiq,22,3,25
Donat,22,3,25
Donevan,23,0,23
Dori,3,20,23
Dorin,9,14,23
Dorsila,0,23,23
Drake,23,0,23
Dre,21,3,24
Dulcia,0,23,23
Dymphia,3,22,25
Daamin,22,0,22
Damia,0,22,22
Damilola,10,12,22
Danara,0,22,22
Daní,11,11,22
Danisa,3,21,24
Danniëlle,0,22,22
Dannij,21,3,24
Dashley,19,3,22
Deepa,0,22,22
Deliano,22,0,22
Denhard,22,0,22
Denim,20,3,23
Denzil,22,0,22
Derian,14,8,22
Derry,11,11,22
Désanne,0,22,22
Dideric,22,0,22
Didrika,0,22,22
Diedeke,0,22,22
Diëlle,0,22,22
Dienand,22,0,22
Dilaila,0,22,22
Dionijsia,3,21,24
Dishairo,22,0,22
Disney,3,19,22
Divino,21,3,24
Djamairo,22,0,22
Djayda,0,22,22
Djayro,22,0,22
Djibriel,22,0,22
Djivano,22,0,22
Doeschka,0,22,22
Donatello,22,0,22
Donnevan,22,0,22
Dorie,0,22,22
Douwinus,22,0,22
Driesina,0,22,22
Duije,20,3,23
Dusan,21,3,24
Daco,21,0,21
Daim,20,3,23
Damiaen,21,0,21
Danette,0,21,21
Danic,15,6,21
Danzel,21,0,21
Dautsen,0,21,21
Daylon,21,0,21
Deborha,0,21,21
Deliah,0,21,21
Demmy,3,17,20
Denies,3,18,21
Derks,19,3,22
Derrel,21,0,21
Desny,10,11,21
Dess,18,3,21
Devian,20,3,23
Diahann,0,21,21
Didacus,21,0,21
Diëm,9,12,21
Dieze,3,17,20
Dingnis,21,0,21
Dinny,8,13,21
Dionicia,0,21,21
Dirks,21,0,21
Disa,0,21,21
Diwan,20,3,23
Djaivy,21,0,21
Djamy,14,7,21
Djaxx,21,0,21
Djaylin,0,21,21
Djoi,17,3,20
Djolina,0,21,21
Doan,18,3,21
Domingoes,21,0,21
Donika,0,21,21
Dorotea,0,21,21
Dorrie,3,20,23
Duan,17,3,20
Durandus,21,0,21
Dutch,20,3,23
Dutje,0,21,21
Dwain,21,0,21
Dytmer,21,0,21
Dagmare,0,20,20
Dalian,20,0,20
Daliya,0,20,20
Damas,20,0,20
Damis,20,0,20
Daney,14,6,20
Danielo,20,0,20
Danyar,20,0,20
Daveny,5,15,20
Davien,3,19,22
Daynah,0,20,20
Deanté,17,3,20
Debohra,0,20,20
Deetje,3,19,22
Delaylah,0,20,20
Delena,0,20,20
Delmar,17,3,20
Deniese,3,19,22
Derkie,0,20,20
Deshny,3,18,21
Dévano,20,0,20
Dick-Jan,20,0,20
Didiér,20,0,20
Diederieke,0,20,20
Dimfina,3,19,22
Diora,0,20,20
Dirk-Willem,20,0,20
Djanna,0,20,20
Djannah,3,19,22
Djego,20,0,20
Djesslyn,0,20,20
Djilano,20,0,20
Djoah,18,3,21
Djoël,19,3,22
Djorn,20,0,20
Doewina,0,20,20
Donatha,0,20,20
Doremieke,0,20,20
Doriena,0,20,20
Dorienke,0,20,20
Duike,0,20,20
Dulcy,0,20,20
Duyen,3,19,22
Dyaro,20,0,20
Dyenne,3,19,22
Daemon,19,0,19
Dafydd,19,0,19
Daina,3,18,21
Daine,15,3,18
Dam,19,0,19
Daniél,17,3,20
Daniello,19,0,19
Dathan,19,0,19
Davit,19,0,19
Dayani,3,15,18
Deavy,19,0,19
Debhora,0,19,19
Demiray,19,0,19
Denz,19,0,19
Deolinda,0,19,19
Derren,19,0,19
Devica,0,19,19
Dévin,19,0,19
Dezz,19,0,19
Didar,7,12,19
Diderike,0,19,19
Diedrick,19,0,19
Diegien,0,19,19
Dielan,16,3,19
Dietrik,19,0,19
Dieverdiena,0,19,19
Dilip,19,0,19
Dinne,3,16,19
Dinphena,0,19,19
Dirkiena,0,19,19
Divany,3,16,19
Djake,19,0,19
Djavan,19,0,19
Djenoah,18,3,21
Djermo,19,0,19
Djes,11,8,19
Djolien,0,19,19
Djony,5,14,19
Doetze,18,3,21
Doğuş,19,0,19
Doina,0,19,19
Dolce,0,19,19
Dolfine,0,19,19
Donaldus,17,3,20
Dorena,0,19,19
Doritha,0,19,19
Dorret,0,19,19
Dorthy,3,16,19
Douke,15,3,18
Douwiena,0,19,19
Dov,19,0,19
Drik,19,0,19
Dyann,0,19,19
Dymphinus,19,0,19
Dyson,19,0,19
Daani,8,10,18
Daly,14,3,17
Damasus,15,3,18
Damiane,0,18,18
Damién,18,0,18
Danay,6,12,18
Danesh,17,3,20
Daniëllo,18,0,18
Daniera,0,18,18
Danu,6,12,18
Darío,18,0,18
Darsh,18,0,18
Daven,18,0,18
Dayelle,3,17,20
Delsin,18,0,18
Dénes,18,0,18
Denvey,18,0,18
Deonysius,17,3,20
Detta,0,18,18
Dévon,16,3,19
Déwi,0,18,18
Dewina,0,18,18
Deyn,18,0,18
Dharmendra,18,0,18
Diago,18,0,18
Dieny,3,17,20
Dietha,0,18,18
Dilaan,13,5,18
Dilon,15,3,18
Dimmerina,0,18,18
Dinaya,0,18,18
Dite,0,18,18
Djamilah,0,18,18
Djason,18,0,18
Djaz,13,5,18
Djelani,17,3,20
Djelany,9,9,18
Djemairo,18,0,18
Djibril,18,0,18
Doetse,16,3,19
Doretha,0,18,18
Doutsje,0,18,18
Drazic,18,0,18
Duaa,0,18,18
Dubbeld,17,3,20
Dulcinea,0,18,18
Dympna,3,16,19
Daelyn,0,17,17
Daem,17,0,17
Dagomar,16,3,19
Daimi,5,12,17
Dalilah,0,17,17
Daman,17,0,17
Damey,11,6,17
Danaï,3,14,17
Danea,0,17,17
Danh,17,0,17
Danis,16,3,19
Danniël,14,3,17
Darija,0,17,17
Daryn,17,0,17
Dávid,17,0,17
Daviën,14,3,17
Dawit,11,6,17
Dederike,0,17,17
Deepakkumar,17,0,17
Dejana,0,17,17
Delainey,3,15,18
Delyla,0,17,17
Demira,0,17,17
Derron,17,0,17
Des'ree,0,17,17
Desray,3,16,19
Dewnarain,16,3,19
Diako,16,3,19
Dianda,3,16,19
Diele,17,0,17
Diënne,3,15,18
Dienus,17,0,17
Dieverke,0,17,17
Dimph,3,16,19
Dinise,0,17,17
Djago,16,3,19
Djaiden,17,0,17
Djamiela,0,17,17
Djanira,0,17,17
Djavey,17,0,17
Djax,17,0,17
Djaylana,0,17,17
Djayno,17,0,17
Djelisa,0,17,17
Djonny,17,0,17
Djorden,17,0,17
Djulita,0,17,17
Doa,3,16,19
Doaa,0,17,17
Doethea,0,17,17
Domini,0,17,17
Donalda,0,17,17
Dorsa,3,16,19
Doy,13,3,16
Durand,16,3,19
Dyona,0,17,17
Daemian,16,0,16
Daimian,16,0,16
Dalton,16,0,16
Damain,16,0,16
Daneé,0,16,16
Danetta,0,16,16
Danissa,0,16,16
Darien,5,11,16
Daví,14,3,17
Dawson,15,3,18
Déano,16,0,16
Deciana,0,16,16
Delara,0,16,16
Delinah,0,16,16
Delysha,0,16,16
Demas,15,3,18
Demetria,0,16,16
Demiano,16,0,16
Demirhan,16,0,16
Demitry,16,0,16
Deniël,16,0,16
Denizhan,16,0,16
Derieke,0,16,16
Derrik,15,3,18
Desdemona,0,16,16
Devanio,16,0,16
Dewran,15,3,18
Dhana,0,16,16
Diekje,0,16,16
Dietlinde,0,16,16
Dieuwvera,0,16,16
Diever,3,13,16
Dimitrije,16,0,16
Dimphia,3,13,16
Dineshkumar,16,0,16
Dingema,0,16,16
Dingenes,15,3,18
Dingentje,0,16,16
Dionicius,16,0,16
Dionna,0,16,16
Dionysios,16,0,16
Dirske,0,16,16
Dito,15,3,18
Dize,0,16,16
Djaydee,3,13,16
Djelana,0,16,16
Djenaira,0,16,16
Djenné,5,11,16
Djex,16,0,16
Djinty,0,16,16
Djonie,3,15,18
Djûke,0,16,16
Dmitry,16,0,16
Doebé,15,3,18
Dolphine,0,16,16
Dominikus,16,0,16
Durdu,12,3,15
Duurtje,0,16,16
Dymphi,0,16,16
Dynthe,0,16,16
Dyonn,12,3,15
Daimyo,15,0,15
Dalyan,15,0,15
Daniq,3,13,16
Danitsia,0,15,15
Danno,15,0,15
Danusia,3,14,17
Danzell,15,0,15
Daphney,0,15,15
Dariën,14,3,17
Darnisha,0,15,15
Darron,15,0,15
Dasilva,10,5,15
Davion,15,0,15
Dawinja,0,15,15
Dawood,14,3,17
Dawoud,15,0,15
Dawy,3,12,15
Dayvano,15,0,15
Dee-Jay,14,3,17
Dekien,0,15,15
Démian,15,0,15
Démis,15,0,15
Denischa,0,15,15
Dente,3,14,17
Denvi,14,3,17
Denya,0,15,15
Denyce,0,15,15
Derika,0,15,15
Derreck,15,0,15
Desiréé,3,14,17
Detsje,0,15,15
Dèvin,15,0,15
Dewan,15,0,15
Dezsö,15,0,15
Dhanesh,14,3,17
Dharmesh,15,0,15
Dheeradj,15,0,15
Diaro,14,3,17
Didrich,15,0,15
Diègo,15,0,15
Dièm,9,6,15
Diepak,15,0,15
Diepke,0,15,15
Dieteke,0,15,15
Diliane,0,15,15
Dilshan,15,0,15
Dionysa,0,15,15
Dirk-Pieter,15,0,15
Dirka,0,15,15
Divanio,15,0,15
Divyesh,15,0,15
Djafar,15,0,15
Djaira,0,15,15
Djamarah,0,15,15
Djazzy,5,10,15
Djenti,0,15,15
Djevi,15,0,15
Doĝan,15,0,15
Donicio,15,0,15
Doria,0,15,15
Dorissa,0,15,15
Dosithea,3,14,17
Douk,15,0,15
Douwe-Jan,15,0,15
Douwkje,0,15,15
Drea,3,14,17
Dris,15,0,15
Durdane,0,15,15
Duttje,0,15,15
Dylaisha,0,15,15
Dylena,0,15,15
Dyllian,15,0,15
Dymphe,0,15,15
D-Jay,14,0,14
Dagevos,14,0,14
Dagobertus,14,0,14
Daila,0,14,14
Daja,0,14,14
Dajenne,0,14,14
Danien,3,13,16
Danike,0,14,14
Danso,8,6,14
Danyelle,0,14,14
Daphine,0,14,14
Darek,13,3,16
Darragh,14,0,14
Darryn,13,3,16
Daverina,0,14,14
Davinus,14,0,14
Daylee,3,11,14
Daylian,14,0,14
Débra,0,14,14
Delianne,0,14,14
Della,0,14,14
Delshad,10,3,13
Démy,3,10,13
Deonicius,14,0,14
Derina,0,14,14
Desanka,0,14,14
Dési,3,13,16
Desley-Jay,14,0,14
Dettie,0,14,14
Devisha,0,14,14
Dewisha,0,14,14
Dhara,0,14,14
Diddo,14,0,14
Diekus,14,0,14
Dielus,14,0,14
Dienco,14,0,14
Dieuwera,0,14,14
Diewera,0,14,14
Dilaver,14,0,14
Dilayda,0,14,14
Dilles,14,0,14
Dilshad,11,3,14
Dimfy,0,14,14
Dimmes,14,0,14
Dimphinus,14,0,14
Dinda,0,14,14
Dionyse,0,14,14
Dipak,14,0,14
Dirco,14,0,14
Dirkine,0,14,14
Divaino,14,0,14
Divinia,0,14,14
Djalena,0,14,14
Djamara,0,14,14
Djamilia,0,14,14
Djamilo,14,0,14
Djayvi,14,0,14
Djélano,14,0,14
Djeviano,14,0,14
Djille,12,3,15
Djoëlle,0,14,14
Djoeri,12,3,15
Djordan,11,3,14
Djouke,0,14,14
Donathan,14,0,14
Donnee,3,11,14
Donnell,13,3,16
Donnovan,14,0,14
Doretheus,14,0,14
Dorthea,0,14,14
Dos,9,5,14
Douwelina,0,14,14
Dragica,0,14,14
Drusilla,0,14,14
Dulcie,0,14,14
Dunnink,13,3,16
Durfina,0,14,14
Dychairo,14,0,14
Dynant,14,0,14
Daahir,10,3,13
Dahnée,0,13,13
Daleen,0,13,13
Dalinda,0,13,13
Damay,5,8,13
Danièl,11,3,14
Danïel,13,0,13
Danin,12,3,15
Danishia,0,13,13
Danisja,0,13,13
Daniyel,13,0,13
Dantae,13,0,13
Daphni,0,13,13
Daran,12,3,15
Darco,13,0,13
Darnel,13,0,13
Daye,3,10,13
Dayson,13,0,13
Deandro,13,0,13
Delfine,0,13,13
Deline,0,13,13
Delise,0,13,13
Demetrio,13,0,13
Demiana,3,12,15
Demin,12,3,15
Derkine,0,13,13
Deshley,11,3,14
Deyyan,13,0,13
Dianka,0,13,13
Dida,0,13,13
Dieck,13,0,13
Diederiek,3,10,13
Diederique,0,13,13
Dienish,13,0,13
Dieu-Donné,11,3,14
Dieuwerdina,0,13,13
Dijar,13,0,13
Dijonisius,13,0,13
Dilliana,0,13,13
Dimitrius,13,0,13
Dinara,0,13,13
Dineshma,0,13,13
Diogenes,13,0,13
Dionicio,13,0,13
Disaya,0,13,13
Dit,3,11,14
Divania,0,13,13
Diyana,0,13,13
Djaden,12,3,15
Djamaro,13,0,13
Djavino,13,0,13
Djaysen,13,0,13
Djazzley,12,3,15
Djemi,8,5,13
Djemiel,13,0,13
Djemo,12,3,15
Djemy,8,5,13
Djenn,3,10,13
Djiano,13,0,13
Djoshua,13,0,13
Djovanny,13,0,13
Djowy,13,0,13
Djylano,13,0,13
Dobbe,13,0,13
Doekelina,0,13,13
Domani,5,8,13
Domenicus,13,0,13
Donatius,13,0,13
Donavon,13,0,13
Donell,12,3,15
Donni,12,3,15
Dooitzen,13,0,13
Doriana,0,13,13
Dorienne,0,13,13
Dorientje,0,13,13
Dorje,12,3,15
Douwke,3,11,14
Duende,3,10,13
Dyanna,0,13,13
Dyde,3,11,14
Dyo,13,0,13
Dyoni,3,11,14
Dago,11,3,14
Daks,12,0,12
Daline,0,12,12
Damairo,12,0,12
Damiëndo,12,0,12
Damijan,12,0,12
Damiyan,12,0,12
Danelle,0,12,12
Danièla,0,12,12
Danise,0,12,12
Danitscha,0,12,12
Dannee,3,9,12
Danyell,9,3,12
Daphina,0,12,12
Daphnie,3,11,14
Daren,12,0,12
Darling,6,6,12
Darshini,0,12,12
Das,11,3,14
Dash,12,0,12
Dashawn,10,3,13
Davelina,0,12,12
Dayene,0,12,12
Dayla,0,12,12
Daylana,0,12,12
Dayon,10,3,13
Deany,9,3,12
Deavon,11,3,14
Defano,12,0,12
Deflin,12,0,12
Delayah,3,11,14
Deleaantje,0,12,12
Delenn,0,12,12
Delius,12,0,12
Deliza,0,12,12
Delmer,12,0,12
Delorean,7,5,12
Delvano,12,0,12
Delysia,0,12,12
Dennet,12,0,12
Denyel,12,0,12
Derko,12,0,12
Dervis,12,0,12
Désire,3,10,13
Det,3,11,14
Dettina,0,12,12
Dèveny,0,12,12
Deviya,0,12,12
Dèvon,11,3,14
Devony,3,11,14
Deyna,0,12,12
Diamantino,12,0,12
Dianora,3,11,14
Dianto,12,0,12
Diarra,3,10,13
Dice,12,0,12
Didiër,12,0,12
Diecemer,12,0,12
Diewe,10,3,13
Diewer,6,6,12
Diewerdina,0,12,12
Dièz,8,3,11
Dilani,0,12,12
Dilaylah,0,12,12
Dilena,0,12,12
Dimitar,12,0,12
Dinçer,12,0,12
Diniz,5,7,12
Dinphina,3,11,14
Dirna,0,12,12
Dirtzen,0,12,12
Dittie,0,12,12
Divan,12,0,12
Diverina,3,11,14
Dixon,10,3,13
Diyari,11,3,14
Djady,5,7,12
Djaleesa,0,12,12
Djanice,0,12,12
Djavy,12,0,12
Djaydon,12,0,12
Djemilah,0,12,12
Djerson,12,0,12
Djinny,0,12,12
Djinti,3,10,13
Djio,12,0,12
Djoëlla,0,12,12
Djolie,0,12,12
Djonah,11,3,14
Djoro,12,0,12
Djovi,11,3,14
Djula,3,11,14
Dodo,10,3,13
Doederina,0,12,12
Doenia,3,11,14
Doetsje,0,12,12
Doğuhan,12,0,12
Domenick,12,0,12
Domeniek,8,3,11
Donnely,12,0,12
Dorah,0,12,12
Doranda,0,12,12
Dorathé,0,12,12
Dorean,5,7,12
Dorinne,0,12,12
Doro,3,11,14
Dorte,0,12,12
Douâe,0,12,12
Doukje,0,12,12
Dounja,0,12,12
Dukke,0,12,12
Dyandra,0,12,12
Dyangelo,12,0,12
Dylailah,0,12,12
Dyllon,12,0,12
Dyshaira,0,12,12
Dyshairo,12,0,12
Daania,0,11,11
Daanya,0,11,11
Daevy,9,3,12
Daivey,11,0,11
Daksh,11,0,11
Dalano,11,0,11
Dalin,5,6,11
Dammas,11,0,11
Dammerina,0,11,11
Daniar,10,3,13
Danitcha,0,11,11
Danity,0,11,11
Danly,10,3,13
Danse,3,10,13
Danthé,6,5,11
Danyo,11,0,11
Dariël,9,3,12
Dariyan,11,0,11
Darleen,0,11,11
Daryo,11,0,11
Daudi,11,0,11
Daveney,3,9,12
Dawa,7,3,10
Daxx,11,0,11
Dayane,0,11,11
Daymiën,11,0,11
Daytona,3,7,10
Deau,0,11,11
Dedden,9,3,12
Dedi,0,11,11
Dedrika,0,11,11
Dedtje,0,11,11
Deja,0,11,11
Delain,6,5,11
Delice,3,10,13
Delylah,0,11,11
Demba,11,0,11
Démen,11,0,11
Demeter,3,10,13
Demien,11,0,11
Déna,0,11,11
Denah,3,10,13
Denisia,0,11,11
Dennys,10,3,13
Depp,10,3,13
Derby,8,3,11
Derkolina,0,11,11
Deshairo,11,0,11
Deshano,11,0,11
Desmo,10,3,13
Deston,11,0,11
Devansh,11,0,11
Devanshi,0,11,11
Devdan,11,0,11
Devinyo,11,0,11
Devya,0,11,11
Deylin,5,6,11
Dhamin,11,0,11
Dharmawatie,0,11,11
Dhyan,10,3,13
Diamo,11,0,11
Diderique,0,11,11
Didymus,11,0,11
Dielof,11,0,11
Diether,10,3,13
Dietmer,11,0,11
Dieudonne,9,3,12
Dieuwina,0,11,11
Dieverina,0,11,11
Diez,8,3,11
Diezel,10,3,13
Dilaysa,0,11,11
Dilaysha,0,11,11
Dildar,9,3,12
Dilis,11,0,11
Dilşad,3,9,12
Dilyla,0,11,11
Dimi,8,3,11
Dimka,3,10,13
Dimphine,0,11,11
Dinaida,0,11,11
Dinande,0,11,11
Dink,11,0,11
Dinora,0,11,11
Direna,0,11,11
Direnç,10,3,13
Dirkien,0,11,11
Dixy,0,11,11
Diyae-Eddine,11,0,11
Diyani,3,9,12
Diyon,11,0,11
Djadey,3,9,12
Djaidy,3,9,12
Djaïro,11,0,11
Djaliyah,0,11,11
Djamillo,11,0,11
Djanilo,11,0,11
Djanoa,3,10,13
Djéda,0,11,11
Djedy,3,9,12
Djeff,11,0,11
Djeffrey,11,0,11
Djengis,11,0,11
Djessica,3,10,13
Djuke,3,7,10
Djurra,0,11,11
Doğu,10,3,13
Doĝukan,11,0,11
Domonique,3,7,10
Donar,11,0,11
Donella,0,11,11
Donique,5,6,11
Donisio,11,0,11
Dop,8,3,11
Dorea,0,11,11
Dorene,0,11,11
Doroté,3,10,13
Doryn,7,3,10
Drevis,11,0,11
Drewina,0,11,11
Drieuwes,11,0,11
Drina,3,9,12
Dudok,11,0,11
Duniya,0,11,11
Düzgün,11,0,11
Dwaine,10,3,13
Dya,0,11,11
Dylaisa,0,11,11
Dyliana,0,11,11
Dymairo,11,0,11
Dzifa,3,8,11
D'leh,10,0,10
Daeshawn,10,0,10
Dafni,0,10,10
Dafrosa,0,10,10
Daiël,3,6,9
Daïm,10,0,10
Daisy-Jane,0,10,10
Daivy,9,3,12
Dajon,9,3,12
Daliah,0,10,10
Daliano,10,0,10
Dalysha,0,10,10
Damaira,0,10,10
Damario,10,0,10
Damáris,0,10,10
Damayra,0,10,10
Damelza,0,10,10
Damianos,10,0,10
Dammy,8,3,11
Danaya,0,10,10
Daneen,0,10,10
Daniélle,0,10,10
Danina,0,10,10
Danitza,0,10,10
Danjo,10,0,10
Danquah,3,6,9
Danyon,10,0,10
Dariana,0,10,10
Darine,0,10,10
Darla,0,10,10
Darran,10,0,10
Dasi,3,9,12
Davido,10,0,10
Davinah,0,10,10
Davio,9,3,12
Davyn,10,0,10
Dayley,10,0,10
Dayshaun,10,0,10
Deacan,10,0,10
Deaven,10,0,10
Debian,9,3,12
Decia,0,10,10
Dedie,3,9,12
Degina,0,10,10
Dekema,3,7,10
Delaine,3,9,12
Delan,8,3,11
Delane,3,8,11
Delayno,10,0,10
Delaysa,0,10,10
Delianus,10,0,10
Delin,3,6,9
Delinda,0,10,10
Delinyo,10,0,10
Demar,10,0,10
Demi-Jane,0,10,10
Denicio,10,0,10
Denique,0,10,10
Denisius,10,0,10
Denysha,0,10,10
Derek-Jan,10,0,10
Derice,9,3,12
Desean,10,0,10
Devinn,8,3,11
Devron,10,0,10
Devyan,10,0,10
Dezi,3,8,11
Dhiredj,10,0,10
Dhiren,10,0,10
Dhirin,10,0,10
Dhyana,0,10,10
Diandro,10,0,10
Dickey,3,6,9
Didie,0,10,10
Didrik,10,0,10
Dignate,0,10,10
Digo,10,0,10
Dija,3,9,12
Dijna,0,10,10
Dilany,3,8,11
Dilawar,9,3,12
Dily,0,10,10
Dimaro,10,0,10
Dimmie,3,6,9
Dinald,10,0,10
Dinard,10,0,10
Dinfina,3,8,11
Dinis,10,0,10
Dinn,10,0,10
Dionisa,0,10,10
Dionn,7,3,10
Diseré,3,9,12
Dishana,0,10,10
Dismas,10,0,10
Divaya,0,10,10
Divayo,10,0,10
Diyako,10,0,10
Djael,9,3,12
Djaïr,10,0,10
Djanairo,10,0,10
Djarah,0,10,10
Djaswant,10,0,10
Djaylina,0,10,10
Djeda,0,10,10
Djeden,10,0,10
Djeli,3,7,10
Djemilla,0,10,10
Djémo,10,0,10
Djennifer,0,10,10
Djerano,10,0,10
Djerrel,10,0,10
Djeslynn,0,10,10
Djimaïro,10,0,10
Djoti,3,9,12
Djovanni,10,0,10
Djuan,10,0,10
Djunior,10,0,10
Djuri,10,0,10
Djusten,10,0,10
Doena,0,10,10
Doenya,0,10,10
Doğanay,9,3,12
Dolfijn,9,3,12
Dolinde,0,10,10
Doliwa,3,7,10
Domique,5,5,10
Doné,8,3,11
Donisia,0,10,10
Dony,6,3,9
Donyell,9,3,12
Dorathe,3,8,11
Doreanne,0,10,10
Dorée,0,10,10
Douâa,0,10,10
Doutse,3,9,12
Douwien,3,9,12
Drilon,10,0,10
Dristi,0,10,10
Drita,0,10,10
Dufina,0,10,10
Duliana,0,10,10
Dürdane,0,10,10
Dušanka,0,10,10
Dushi,0,10,10
Dyaden,10,0,10
Dyango,10,0,10
Dyjano,10,0,10
Dymfy,0,10,10
Dympha,3,9,12
Dymphine,0,10,10
Dynan,10,0,10
Džana,0,10,10
Daampje,0,9,9
Dacian,9,0,9
Daenerys,0,9,9
Daimey,5,3,8
Dainah,0,9,9
Dainey,6,3,9
Daisha,0,9,9
Daiyan,9,0,9
Dalai,7,3,10
Dalanda,0,9,9
Dalayna,0,9,9
Daliborka,0,9,9
Dalino,9,0,9
Dalisa,0,9,9
Damares,0,9,9
Damaro,9,0,9
Damen,9,0,9
Damya,0,9,9
Danik,7,3,10
Danithia,0,9,9
Danito,9,0,9
Daniva,0,9,9
Danjela,0,9,9
Dantè,9,0,9
Danyella,0,9,9
Danytha,0,9,9
Daphner,3,7,10
Dardo,9,0,9
Darifa,0,9,9
Darik,9,0,9
Dário,9,0,9
Darline,0,9,9
Dashiell,9,0,9
Dautzen,3,7,10
Daved,9,0,9
Davied,9,0,9
Davinja,0,9,9
Dawi,6,3,9
Dayal,9,0,9
Deandre,8,3,11
Deante,8,3,11
Debbij,0,9,9
Dej,6,3,9
Delanie,0,9,9
Delayna,0,9,9
Delaysha,0,9,9
Deley,6,3,9
Delgado,8,3,11
Delhia,0,9,9
Delight,3,7,10
Delinio,9,0,9
Delinyah,0,9,9
Délon,9,0,9
Delyse,0,9,9
Demey,3,5,8
Demirel,9,0,9
Demon,9,0,9
Denes,9,0,9
Denizcan,8,3,11
Denly,9,0,9
Dennison,9,0,9
Dennus,9,0,9
Densel,9,0,9
Denzley,9,0,9
Deodato,9,0,9
Deonisia,3,8,11
Derda,8,3,11
Derenzo,9,0,9
Derkdika,0,9,9
Desh,8,3,11
Deshon,9,0,9
Deslin,5,3,8
Desmon,9,0,9
Desree,0,9,9
Dévinjo,9,0,9
Dewald,9,0,9
Dewdath,9,0,9
Dewkumar,9,0,9
Dezley,9,0,9
Dhakir,9,0,9
Dhananjay,9,0,9
Diesje,0,9,9
Dieu-Donnée,3,7,10
Dieudonneé,3,8,11
Digne,3,8,11
Dignis,9,0,9
Dijne,3,8,11
Dikran,9,0,9
Dilayah,3,8,11
Dimphey,0,9,9
Dinaisha,0,9,9
Dinka,0,9,9
Diomar,8,3,11
Diovanni,9,0,9
Dirja,0,9,9
Dirk-Johan,9,0,9
Dirke,0,9,9
Dirrie,0,9,9
Disteny,3,8,11
Ditteke,0,9,9
Divainy,0,9,9
Divin,8,3,11
Divinity,0,9,9
Divyani,0,9,9
Djabir,9,0,9
Djaino,9,0,9
Djaja,3,5,8
Djaliza,0,9,9
Djamaira,0,9,9
Djamilio,9,0,9
Djanella,0,9,9
Djanina,0,9,9
Djanisha,0,9,9
Djany,7,3,10
Djavano,9,0,9
Djayenna,0,9,9
Djaylan,9,0,9
Djazzlyn,0,9,9
Djé,8,3,11
Djean,8,3,11
Djela,0,9,9
Djemila,0,9,9
Djenaya,0,9,9
Djenayro,9,0,9
Djenny,0,9,9
Djenoa,3,8,11
Djensley,9,0,9
Djie,7,3,10
Djoen,7,3,10
Djorno,9,0,9
Djotie,0,9,9
Dju,9,0,9
Djuwita,0,9,9
Dobias,9,0,9
Doekes,9,0,9
Doelarie,0,9,9
Dokus,6,3,9
Dolma,0,9,9
Donardus,9,0,9
Donnavan,9,0,9
Dorotheo,7,3,10
Doyna,0,9,9
Dragon,9,0,9
Dreves,9,0,9
Drieke,0,9,9
Duah,3,5,8
Dumas,8,3,11
Duna,3,7,10
Dyara,0,9,9
Dyen,7,3,10
Dyllen,9,0,9
Dymar,9,0,9
Dynke,0,9,9
Dyshon,9,0,9
Dženan,9,0,9
d'Angelo,8,0,8
D'Sean,8,0,8
D'shawn,8,0,8
Dada,3,6,9
Daena,0,8,8
Dahli,3,6,9
Daijiro,8,0,8
Daimler,7,3,10
Daimond,6,3,9
Daira,0,8,8
Daiwy,0,8,8
Dakotah,3,6,9
Dalan,5,3,8
Dalay,7,3,10
Dalien,3,6,9
Dalischa,0,8,8
Dalishia,0,8,8
Damanya,0,8,8
Damasco,7,3,10
Damayanthi,0,8,8
Dameni,3,7,10
Dames,8,0,8
Damiàn,8,0,8
Damie,7,3,10
Damiënne,0,8,8
Dancker,8,0,8
Daninho,8,0,8
Daniyaal,8,0,8
Dannyel,8,0,8
Danyael,8,0,8
Danyla,0,8,8
Danyllo,8,0,8
Daoed,8,0,8
Daouda,8,0,8
Dapper,7,3,10
Darice,3,5,8
Darlyn,3,5,8
Daro,8,0,8
Darvin,8,0,8
Dashon,8,0,8
Davinjo,8,0,8
Davith,8,0,8
Dayle,7,3,10
Dayli,3,7,10
Daylisha,0,8,8
Daylison,8,0,8
Daymion,8,0,8
Dayvin,8,0,8
Deann,7,3,10
Debralee,0,8,8
Decima,0,8,8
Dedelef,8,0,8
Dederik,8,0,8
Dedje,0,8,8
Dédy,0,8,8
Defina,0,8,8
Deka,3,7,10
Dekker,7,3,10
Delainy,0,8,8
Delaisha,0,8,8
Délayla,0,8,8
Delfino,8,0,8
Delio,8,0,8
Deloy,7,3,10
Demain,7,3,10
Demario,8,0,8
Démelza,0,8,8
Demen,8,0,8
Demitrius,8,0,8
Denairo,8,0,8
Deng,7,3,10
Dénice,3,7,10
Denicia,0,8,8
Deno,8,0,8
Denvy,6,3,9
Dephany,0,8,8
Deran,5,3,8
Deria,3,5,8
Dermot,8,0,8
Desa,0,8,8
Deseré,3,6,9
Deshanira,0,8,8
Deshayra,0,8,8
Desiderio,7,3,10
Desléy,0,8,8
Deslynn,0,8,8
Dessy,3,7,10
Desten,8,0,8
Devenda,0,8,8
Dévi,3,3,6
Devinia,0,8,8
Devinjo,8,0,8
Devita,0,8,8
Devlet,7,3,10
Devorah,0,8,8
Devota,0,8,8
Dewradj,8,0,8
Deyanira,0,8,8
Deysha,0,8,8
Dharminder,8,0,8
Dheerajkumar,8,0,8
Dhillon,5,3,8
Dhirajkumar,8,0,8
Dhiresh,8,0,8
Dhiya,6,3,9
Dianco,8,0,8
Dianty,0,8,8
Didde,3,5,8
Diederik-Jan,8,0,8
Diëlla,0,8,8
Dierk,8,0,8
Diesbjerg,6,3,9
Dietz,7,3,10
Dihya,3,7,10
Dijano,8,0,8
Dilâ,0,8,8
Dilar,3,3,6
Dilayna,0,8,8
Dilayra,0,8,8
Dillion,8,0,8
Diloy,7,3,10
Dimairo,8,0,8
Dimer,8,0,8
Dimo,7,3,10
Dinaira,0,8,8
Dinanne,0,8,8
Dinemarie,0,8,8
Dingomanus,8,0,8
Dinian,3,7,10
Diniek,3,7,10
Dinly,0,8,8
Dinorah,0,8,8
Dinotra,0,8,8
Dionis,7,3,10
Dionisios,7,3,10
Dirceu,8,0,8
Dirian,3,5,8
Dishano,8,0,8
Dishayra,0,8,8
Ditchano,8,0,8
Dith,0,8,8
Dits,3,6,9
Dittmar,8,0,8
Divainely,0,8,8
Divainey,0,8,8
Divertje,0,8,8
Divesh,8,0,8
Diza,0,8,8
Dizzy,7,3,10
Djada,3,6,9
Djailany,6,3,9
Djalil,8,0,8
Djalila,0,8,8
Djalyna,0,8,8
Djamayra,0,8,8
Djamell,7,3,10
Djanaira,0,8,8
Djanaya,0,8,8
Djane,3,7,10
Djanilla,0,8,8
Djareno,8,0,8
Djari,8,0,8
Djarmo,8,0,8
Djayen,8,0,8
Djaymen,8,0,8
Djee,6,3,9
Djelissa,0,8,8
Djemie,6,3,9
Djenabou,0,8,8
Djennica,0,8,8
Djéno,8,0,8
Djento,8,0,8
Djerry,8,0,8
Djesmee,0,8,8
Djesslynn,0,8,8
Djestin,8,0,8
Djezzy,3,3,6
Djil,3,7,10
Djilan,7,3,10
Djimo,8,0,8
Djosh,7,3,10
Djovani,8,0,8
Djowena,0,8,8
Djuliën,8,0,8
Djulisa,0,8,8
Djunayd,8,0,8
Doah,3,3,6
Dodge,8,0,8
Doecilia,0,8,8
Dok,8,0,8
Dolfien,0,8,8
Domela,6,3,9
Doménica,0,8,8
Domin,8,0,8
Dominco,8,0,8
Domitiana,0,8,8
Donnelly,8,0,8
Donnique,8,0,8
Dooitse,8,0,8
Dorathy,0,8,8
Doree,0,8,8
Dorna,0,8,8
Dorotha,0,8,8
Doryan,7,3,10
Doude,8,0,8
Douina,0,8,8
Draco,8,0,8
Dream,3,6,9
Dren,8,0,8
Drewe,8,0,8
Drissia,0,8,8
Dubricius,8,0,8
Duca,6,3,9
Dufie,0,8,8
Dulphina,0,8,8
Dumitru,7,3,10
Dũng,8,0,8
Duron,8,0,8
Dusanka,0,8,8
Duurd,8,0,8
Dwamena,7,3,10
Dyah,3,7,10
Dychaira,0,8,8
Dylaine,0,8,8
Dylanah,0,8,8
Dylayla,0,8,8
Dylia,0,8,8
Dyliano,8,0,8
Dyllano,8,0,8
Dymond,8,0,8
Dyran,8,0,8
Dyrell,8,0,8
Dyshano,8,0,8
Dyvana,0,8,8
Dzejla,0,8,8
D'angely,0,7,7
D'Jay,7,0,7
Daane,0,7,7
Daany,5,3,8
Daël,6,3,9
Daemy,3,6,9
Daey,3,5,8
Dahlicia,0,7,7
Daichi,7,0,7
Dailyn,3,5,8
Daiman,7,0,7
Daimyen,7,0,7
Daison,7,0,7
Dajanara,0,7,7
Dajenka,0,7,7
Dalit,3,6,9
Dalyshia,0,7,7
Damasa,0,7,7
Damiani,3,3,6
Damiël,6,3,9
Damièn,7,0,7
Damina,0,7,7
Damisha,0,7,7
Damyen,7,0,7
Dancy,3,6,9
Daneel,6,3,9
Daneesha,0,7,7
Daner,7,0,7
Danicque,3,5,8
Daniëlo,7,0,7
Danielson,7,0,7
Danijal,7,0,7
Danishya,0,7,7
Danisia,0,7,7
Danitchia,0,7,7
Danitha,0,7,7
Danius,7,0,7
Danjil,7,0,7
Danney,5,3,8
Danniel,6,3,9
Dános,7,0,7
Danyé,5,3,8
Daouia,0,7,7
Daphnè,0,7,7
Darah,3,6,9
Darby,3,3,6
Dariano,7,0,7
Dariel,6,3,9
Darique,7,0,7
Dariya,3,6,9
Darmawan,6,3,9
Darrick,7,0,7
Darshna,0,7,7
Dauda,3,3,6
Dauwina,0,7,7
Davinho,7,0,7
Davinya,0,7,7
Dawey,3,3,6
Dawiena,0,7,7
Dawina,0,7,7
Dayaan,6,3,9
Dayita,0,7,7
Daymi,3,6,9
Daysha,0,7,7
Daywin,7,0,7
Dayyaan,7,0,7
Dealynn,0,7,7
Deamon,7,0,7
Deamy,5,3,8
Debbi,0,7,7
Dechen,3,5,8
Dederikus,7,0,7
Dee-Dee,3,6,9
Deepti,3,6,9
Défano,7,0,7
Delaino,7,0,7
Delania,0,7,7
Dèlano,7,0,7
Délaya,0,7,7
Déliana,0,7,7
Delie,0,7,7
Delijah,0,7,7
Delino,7,0,7
Délisha,0,7,7
Deliyah,0,7,7
Delizia,0,7,7
Delta,3,3,6
Demairo,7,0,7
Demano,7,0,7
Demio,7,0,7
Demko,7,0,7
Demphina,0,7,7
Demre,3,3,6
Demyana,0,7,7
Denayro,7,0,7
Denica,0,7,7
Deniel,7,0,7
Deo,7,0,7
Deodatha,0,7,7
Derc,7,0,7
Derik,7,0,7
Deriya,0,7,7
Derkelien,0,7,7
Derkeline,0,7,7
Derksken,0,7,7
Deroy,7,0,7
Derrie,3,5,8
Deryck,7,0,7
Desailly,6,3,9
Desirea,0,7,7
Destini,0,7,7
Deswin,7,0,7
Dete,0,7,7
Deumis,7,0,7
Deus,6,3,9
Devaki,3,6,9
Devayo,7,0,7
Devion,7,0,7
Devkumar,7,0,7
Devlinn,3,3,6
Devonté,7,0,7
Devraj,7,0,7
Devriş,7,0,7
Dewieka,0,7,7
Dewinder,7,0,7
Deyano,7,0,7
Deyshano,7,0,7
Dhanradjie,0,7,7
Dhanya,0,7,7
Dharm,7,0,7
Dhikra,0,7,7
Diah,0,7,7
Diamantha,0,7,7
Dianara,0,7,7
Dianira,0,7,7
Dianneke,0,7,7
Dianthus,6,3,9
Dibbe,7,0,7
Dickjan,7,0,7
Dieco,7,0,7
Diedericke,0,7,7
Diedy,0,7,7
Dielke,3,6,9
Dieterich,7,0,7
Diets,7,0,7
Diewert,7,0,7
Dijs,7,0,7
Dilailah,0,7,7
Dilen,7,0,7
Dileyla,0,7,7
Dilianne,0,7,7
Diliyan,6,3,9
Dilovardus,7,0,7
Dilvin,0,7,7
Dimfie,0,7,7
Dimitrich,7,0,7
Dimitrova,0,7,7
Dimos,7,0,7
Dimple,0,7,7
Dinando,7,0,7
Dinandus,7,0,7
Dinayra,0,7,7
Dinella,0,7,7
Dingemans,7,0,7
Dinia,0,7,7
Dinice,0,7,7
Dinique,0,7,7
Dinky,0,7,7
Dinya,0,7,7
Dionysis,6,3,9
Diore,0,7,7
Diori,3,6,9
Diranda,0,7,7
Dirkse,7,0,7
Dishan,7,0,7
Disje,0,7,7
Distel,3,3,6
Diter,7,0,7
Dithe,0,7,7
Ditsie,0,7,7
Dity,0,7,7
Divajo,7,0,7
Diverdina,0,7,7
Dix,5,3,8
Diyara,0,7,7
Diyaz,7,0,7
Diyen,3,3,6
Djade,3,5,8
Djaelynn,0,7,7
Djaimey,7,0,7
Djaliel,7,0,7
Djalisah,0,7,7
Djalma,5,3,8
Djalysa,0,7,7
Djalyssa,0,7,7
Djamar,7,0,7
Djanell,3,3,6
Djaydy,3,3,6
Djayley,0,7,7
Djaylon,7,0,7
Djayna,0,7,7
Djef,7,0,7
Djemen,7,0,7
Djenaro,7,0,7
Djenay,3,6,9
Djengiz,7,0,7
Djenne,0,7,7
Djensly,6,3,9
Djermain,7,0,7
Djermy,7,0,7
Djero,7,0,7
Djeslin,0,7,7
Djeslinn,3,5,8
Djesslin,0,7,7
Djevani,7,0,7
Djodi,6,3,9
Djodie,0,7,7
Djoe,3,5,8
Djordie,7,0,7
Djuly,0,7,7
Djumana,0,7,7
Djunah,3,5,8
Djûra,0,7,7
Dodi,3,3,6
Dodji,7,0,7
Doebe,5,3,8
Doechina,0,7,7
Doedenias,7,0,7
Doedina,0,7,7
Doemina,0,7,7
Does,7,0,7
Dogus,7,0,7
Domiena,0,7,7
Dominecus,7,0,7
Dominque,3,5,8
Donkor,3,3,6
Donnah,0,7,7
Donney,7,0,7
Dono,7,0,7
Dönüş,0,7,7
Donyea,5,3,8
Dooitje,7,0,7
Dorisa,0,7,7
Dorukhan,7,0,7
Douaâ,0,7,7
Douïna,0,7,7
Doutsche,0,7,7
Dragomir,7,0,7
Drica,0,7,7
Driekske,6,3,9
Drucilla,0,7,7
Drude,3,6,9
Dulci,0,7,7
Duncen,7,0,7
Dunstan,7,0,7
Durali,7,0,7
Duranda,0,7,7
Durkjen,0,7,7
Dushyant,7,0,7
Duur,7,0,7
Duux,7,0,7
Duwayne,7,0,7
Dwan,5,3,8
Dyam,6,3,9
Dyandro,7,0,7
Dympfna,0,7,7
Dymphne,0,7,7
Dymphyna,3,6,9
Dynairo,7,0,7
Dynaisha,0,7,7
Dyonise,0,7,7
Dyveke,0,7,7
D'angel,3,3,6
D'angelly,0,6,6
D'Artagnan,6,0,6
D'chairo,6,0,6
D'lana,0,6,6
D'Leh,6,0,6
D'shairo,6,0,6
Da'im,6,0,6
Daana,0,6,6
Daav,6,0,6
Dacia,0,6,6
Dadzie,3,3,6
Daelan,6,0,6
Daevid,6,0,6
Dagne,3,5,8
Dailano,6,0,6
Dailin,3,3,6
Dainton,6,0,6
Dainy,3,5,8
Dairo,6,0,6
Dairyson,6,0,6
Daisyree,0,6,6
Dalarna,0,6,6
Dalisay,0,6,6
Dalisia,0,6,6
Dalissa,0,6,6
Dalou,3,5,8
Damascus,5,3,8
Damayron,6,0,6
Damea,0,6,6
Dámian,6,0,6
Damilio,6,0,6
Damira,0,6,6
Damiro,6,0,6
Damme,5,3,8
Damra,6,0,6
Damyon,6,0,6
Daneal,6,0,6
Danèl,3,3,6
Danelina,0,6,6
Dáni,3,3,6
Daniaty,0,6,6
Danicio,6,0,6
Daniëls,6,0,6
Daninyo,6,0,6
Danisch,5,3,8
Danisya,0,6,6
Danitzia,0,6,6
Danjéla,0,6,6
Danjelle,3,5,8
Dannah,0,6,6
Danton,6,0,6
Danuël,6,0,6
Danusha,0,6,6
Danyaal,6,0,6
Danyan,6,0,6
Danycia,0,6,6
Danyck,3,3,6
Danyk,3,3,6
Danylio,5,3,8
Danythia,0,6,6
Danza,0,6,6
Daphenice,0,6,6
Daphinia,0,6,6
Daphnis,3,3,6
Darel,6,0,6
Darick,6,0,6
Darinca,0,6,6
Darnella,0,6,6
Darshanie,0,6,6
Darshni,0,6,6
Darwish,6,0,6
Dary,5,3,8
Dauphina,0,6,6
Dava,0,6,6
Daviano,6,0,6
Davidus,6,0,6
Davinci,6,0,6
Davinder,6,0,6
Daviño,6,0,6
Davlin,6,0,6
Davonne,0,6,6
Davyna,0,6,6
Dayanita,0,6,6
Daylani,0,6,6
Daymar,3,5,8
Dayren,6,0,6
Deam,6,0,6
Deavey,6,0,6
Deborrah,0,6,6
Deddie,3,5,8
Deega,0,6,6
Deejee,5,3,8
Deene,3,3,6
Dehbora,0,6,6
Deik,6,0,6
Déja,3,5,8
Déjah,3,5,8
Delancey,0,6,6
Délany,0,6,6
Délilah,0,6,6
Delinya,0,6,6
Delishia,0,6,6
Delissa,0,6,6
Dellano,6,0,6
Delphinus,6,0,6
Demi-Ann,0,6,6
Demircan,6,0,6
Demsey,3,3,6
Denali,3,3,6
Denan,6,0,6
Déni,3,3,6
Deniro,6,0,6
Denisé,0,6,6
Dènise,0,6,6
Denisovna,0,6,6
Denjel,6,0,6
Denli,6,0,6
Dennia,0,6,6
Densio,6,0,6
Denson,6,0,6
Dent,6,0,6
Denton,6,0,6
Deobora,3,5,8
Deseree,0,6,6
Déshawn,6,0,6
Désiderius,6,0,6
Désiréé,0,6,6
Deslyn,3,3,6
Desni,0,6,6
Desse,5,3,8
Dessel,6,0,6
Dèvan,6,0,6
Deverell,6,0,6
Devlynn,0,6,6
Devona,0,6,6
Devoney,3,5,8
Dewia,0,6,6
Dey,3,5,8
Deza,3,5,8
Dharmindra,6,0,6
Dhebora,0,6,6
Dhelia,0,6,6
Dhia,3,3,6
Dhirendra,6,0,6
Dhylan,6,0,6
Di-Angelo,6,0,6
Diamanda,0,6,6
Diamante,3,5,8
Dianah,0,6,6
Diani,3,5,8
Diaraye,0,6,6
Dibora,0,6,6
Dica,0,6,6
Diddie,0,6,6
Didian,0,6,6
Diederieka,0,6,6
Diedre,0,6,6
Diëmo,6,0,6
Dienant,6,0,6
Dienette,0,6,6
Dienis,6,0,6
Dietger,6,0,6
Diethard,6,0,6
Dieumerci,6,0,6
Dieuvera,0,6,6
Dieuweke,0,6,6
Dieuwko,6,0,6
Dieverka,0,6,6
Diëz,3,3,6
Dignata,0,6,6
Dijck,6,0,6
Dijgiena,0,6,6
Dijmphinus,6,0,6
Dijnphena,0,6,6
Dikus,6,0,6
Dilaisha,0,6,6
Dilayza,0,6,6
Diles,6,0,6
Dilien,0,6,6
Dilipkumar,6,0,6
Dilshaad,6,0,6
Dimiter,6,0,6
Dimona,0,6,6
Dinaysha,0,6,6
Dindy,0,6,6
Dineo,3,3,6
Dinesha,0,6,6
Dineshkoemar,6,0,6
Dinho,6,0,6
Dinisha,0,6,6
Dinize,0,6,6
Dinnie,3,3,6
Dionie,0,6,6
Dionius,6,0,6
Dirieke,0,6,6
Dirina,0,6,6
Dirk-jan,6,0,6
Dirkdina,0,6,6
Dirko,6,0,6
Dirkszoon,6,0,6
Dirre,0,6,6
Dishandro,6,0,6
Dishant,6,0,6
Dishanty,0,6,6
Disja,0,6,6
Distefano,6,0,6
Ditsy,3,5,8
Divéra,0,6,6
Diviya,0,6,6
Diyou,0,6,6
Djaabir,6,0,6
Djacky,3,3,6
Djaego,6,0,6
Djahnairo,6,0,6
Djaila,0,6,6
Djaimie,3,3,6
Djairon,6,0,6
Djamanti,3,3,6
Djamillah,0,6,6
Djamina,0,6,6
Djamo,6,0,6
Djanco,6,0,6
Djanno,6,0,6
Djarana,0,6,6
Djarda,0,6,6
Djarna,0,6,6
Djayliano,6,0,6
Djayven,6,0,6
Djayvie,6,0,6
Djayvin,6,0,6
Djazzlynn,0,6,6
Djeaven,6,0,6
Djeevan,6,0,6
Djéla,0,6,6
Djelaney,3,3,6
Djelaysa,0,6,6
Djely,0,6,6
Djemano,6,0,6
Djéna,0,6,6
Djenah,0,6,6
Djenghis,6,0,6
Djenica,0,6,6
Djereno,6,0,6
Djesly,5,3,8
Djesmin,0,6,6
Djevaino,6,0,6
Djévani,5,3,8
Djey,6,0,6
Djidon,6,0,6
Djilana,0,6,6
Djiliano,6,0,6
Djinda,0,6,6
Djiro,6,0,6
Djiwan,6,0,6
Djoanna,0,6,6
Djoel,6,0,6
Djoeni,3,3,6
Djoera,3,3,6
Djoere,6,0,6
Djoery,6,0,6
Djono,6,0,6
Djuno,6,0,6
Djuro,6,0,6
Djurretje,0,6,6
Djyno,6,0,6
Dmitrievna,0,6,6
Doae,0,6,6
Dobrila,0,6,6
Docus,5,3,8
Doddy,3,3,6
Doea,0,6,6
Doederus,6,0,6
Doeska,0,6,6
Doewinus,5,3,8
Doite,0,6,6
Dolfinus,6,0,6
Doloris,0,6,6
Dominike,3,5,8
Domitila,3,5,8
Donal,6,0,6
Donaldo,6,0,6
Donatia,0,6,6
Donisha,0,6,6
Donté,6,0,6
Doriet,0,6,6
Dorike,0,6,6
Dorinus,5,3,8
Dorthia,0,6,6
Dotte,0,6,6
Douce,0,6,6
Douglass,6,0,6
Douwtzen,0,6,6
Dovano,6,0,6
Doyle,6,0,6
Dreeuwes,6,0,6
Dreuwes,6,0,6
Drewis,6,0,6
Driesa,0,6,6
Driewes,6,0,6
Dui,6,0,6
Dulcey,0,6,6
Duminggus,6,0,6
Dünja,0,6,6
Durak,6,0,6
Durin,5,3,8
Duschka,0,6,6
Duurke,0,6,6
Duveke,0,6,6
Duwertje,0,6,6
Duwina,0,6,6
Dux,5,3,8
Dwen,3,3,6
Dwin,6,0,6
Dyairo,6,0,6
Dyante,3,5,8
Dyanti,3,5,8
Dychano,6,0,6
Dyco,6,0,6
Dyke,0,6,6
Dylaina,0,6,6
Dylaino,6,0,6
Dylania,0,6,6
Dyllis,3,5,8
Dymphnus,6,0,6
Dynara,0,6,6
Dynn,3,3,6
Dyno,6,0,6
Dyonna,0,6,6
Dyor,6,0,6
Dyvaino,6,0,6
Dzjamilja,0,6,6
D'arcy,3,3,6
D'Chayro,5,0,5
D'Lana,0,5,5
D'shandro,5,0,5
D'Shaun,5,0,5
D-jay,5,0,5
Dace,3,3,6
Daddy,5,0,5
Dado,5,0,5
Daemiën,5,0,5
Dageraad,3,3,6
Dagien,0,5,5
Dagma,3,3,6
Dagmawi,5,0,5
Dagna,0,5,5
Dagoberta,0,5,5
Dagobertha,0,5,5
Dahl,3,3,6
Dahn,5,0,5
Dainara,0,5,5
Daïsha,0,5,5
Daiyen,5,0,5
Daizy,0,5,5
Dajanand,5,0,5
Dakir,5,0,5
Dalana,0,5,5
Dalì,3,3,6
Daliel,5,0,5
Dalija,0,5,5
Dalilla,0,5,5
Dalinja,0,5,5
Dalita,0,5,5
Dalmar,5,0,5
Daluz,3,3,6
Dalycia,0,5,5
Dalyna,0,5,5
Damanio,5,0,5
Damano,5,0,5
Damany,3,3,6
Damarcus,5,0,5
Damiet,0,5,5
Damitha,0,5,5
Damlanur,0,5,5
Danann,3,3,6
Danar,5,0,5
Danceney,3,3,6
Danéa,0,5,5
Danessa,0,5,5
Daniah,0,5,5
Danichia,0,5,5
Daniëlina,0,5,5
Daniell,3,3,6
Danièlla,0,5,5
Daniélla,0,5,5
Daniels,5,0,5
Danies,0,5,5
Danilho,5,0,5
Danilyo,5,0,5
Daniswara,3,3,6
Danitsa,0,5,5
Danjell,3,3,6
Danjill,5,0,5
Dankmar,3,3,6
Dankwa,3,3,6
Danneke,0,5,5
Dannes,5,0,5
Dannley,5,0,5
Danouscha,0,5,5
Danousha,0,5,5
Danouta,0,5,5
Dantes,3,3,6
Danush,5,0,5
Darijan,5,0,5
Darijo,5,0,5
Darinda,0,5,5
Darisha,0,5,5
Darlica,0,5,5
Darlien,0,5,5
Daroen,5,0,5
Darre,5,0,5
Daryanto,5,0,5
Data,3,3,6
Davante,3,3,6
Daveano,5,0,5
Davinyo,5,0,5
Davira,0,5,5
Davison,5,0,5
Davodina,0,5,5
Dawan,5,0,5
Dawin,3,3,6
Dayah,0,5,5
Dayano,5,0,5
Dayanti,0,5,5
Dayashri,0,5,5
Dayènne,0,5,5
Dayro,5,0,5
Dayvian,5,0,5
Dazz,5,0,5
Dazzle,3,3,6
Deabora,0,5,5
Deagan,5,0,5
Deamen,5,0,5
Deandré,5,0,5
Dèborah,0,5,5
Deborra,0,5,5
Deby,3,3,6
Dedan,5,0,5
Dederieke,0,5,5
Déderike,0,5,5
Dedier,5,0,5
Deepali,0,5,5
Deesje,0,5,5
Deeuwis,5,0,5
Deewa,0,5,5
Defeny,0,5,5
Deïanira,0,5,5
Deidra,0,5,5
Dejay,5,0,5
Déjay,5,0,5
Déjean,5,0,5
Délaja,0,5,5
Delanio,5,0,5
Delanna,0,5,5
Delbert,5,0,5
Delco,5,0,5
Dele,3,3,6
Deleana,0,5,5
Deleila,0,5,5
Delfi,0,5,5
Delicio,5,0,5
Délisa,0,5,5
Delize,0,5,5
Deljana,0,5,5
Delmaro,3,3,6
Delmira,0,5,5
Delmon,5,0,5
Deluca,3,3,6
Delwin,3,3,6
Delya,0,5,5
Delyana,0,5,5
Dem,3,3,6
Demetrios,5,0,5
Demetrus,5,0,5
Demi-Lee,0,5,5
Demi-Lynn,0,5,5
Demia,0,5,5
Demirkan,5,0,5
Demischa,0,5,5
Demmi,0,5,5
Démon,5,0,5
Denay,3,3,6
Dendé,5,0,5
Deney,3,3,6
Denfina,0,5,5
Deniek,3,3,6
Deninio,5,0,5
Denisè,0,5,5
Denisio,3,3,6
Denitio,5,0,5
Denizer,5,0,5
Denneth,5,0,5
Dennick,5,0,5
Dennij,5,0,5
Denno,5,0,5
Denon,5,0,5
Dény,3,3,6
Dequan,5,0,5
Derica,3,3,6
Derien,0,5,5
Derjan,3,3,6
Derka,0,5,5
Derksjen,0,5,5
Dern,5,0,5
Derre,3,3,6
Derrin,3,3,6
Dersina,0,5,5
Deryan,5,0,5
Desai,5,0,5
Desha,3,3,6
Deshan,5,0,5
Desharaily,0,5,5
Desmar,3,3,6
Desmay,0,5,5
Desmont,5,0,5
Dessie,0,5,5
Destinn,5,0,5
Destyno,5,0,5
Deta,0,5,5
Devanee,0,5,5
Dévante,5,0,5
Devashri,0,5,5
Devayno,5,0,5
Devenny,3,3,6
Devereau,3,3,6
Devereaux,3,3,6
Devey,5,0,5
Deviano,5,0,5
Devindra,5,0,5
Devino,5,0,5
Devlyn,5,0,5
Devynn,3,3,6
Déwin,3,3,6
Dewkoemar,5,0,5
Dewpersad,5,0,5
Dexy,5,0,5
Deyen,3,3,6
Deylana,0,5,5
Deyvano,5,0,5
Deyyân,3,3,6
Dezemtina,0,5,5
Dhanraj,5,0,5
Dharan,5,0,5
Dhieradj,5,0,5
Dhio,3,3,6
Di'Angelo,5,0,5
Diala,0,5,5
Diamanta,0,5,5
Diamantina,0,5,5
Diamara,0,5,5
Dianella,0,5,5
Dianette,0,5,5
Dianno,5,0,5
Dianté,3,3,6
Dianti,0,5,5
Diari,3,3,6
Dibah,3,3,6
Dicemer,5,0,5
Dichairo,5,0,5
Dicki,3,3,6
Diderice,0,5,5
Diderieka,0,5,5
Dideriekus,5,0,5
Didjay,3,3,6
Dié,3,3,6
Die,3,3,6
Diebe,3,3,6
Diedi,0,5,5
Diegiena,0,5,5
Diêgo,5,0,5
Dielano,5,0,5
Dielia,0,5,5
Dielianus,5,0,5
Diella,0,5,5
Dieme,3,3,6
Diën,3,3,6
Dienet,0,5,5
Dienneke,0,5,5
Diepkelina,0,5,5
Diert,5,0,5
Dietrick,5,0,5
Dietward,5,0,5
Diety,0,5,5
Dieu-donné,5,0,5
Dieuwkina,0,5,5
Dignatius,3,3,6
Dignatus,5,0,5
Digno,5,0,5
Dihan,3,3,6
Dijanna,0,5,5
Dijdrieka,0,5,5
Dijke,3,3,6
Dijle,3,3,6
Dijntje,0,5,5
Dilane,0,5,5
Dili,3,3,6
Dilliaantje,0,5,5
Dilnaz,0,5,5
Dilpreet,3,3,6
Dilsat,3,3,6
Dilwin,0,5,5
Dilylah,0,5,5
Dilyse,0,5,5
Dilysha,0,5,5
Dimaggio,5,0,5
Dimayro,5,0,5
Dimello,5,0,5
Dimen,3,3,6
Dimf,0,5,5
Dimitria,0,5,5
Dimitrov,5,0,5
Dimm,5,0,5
Dimpel,3,3,6
Dimphi,0,5,5
Dinairo,5,0,5
Dinay,5,0,5
Dinayro,5,0,5
Dincer,5,0,5
Dinelle,0,5,5
Dines,3,3,6
Dinfie,0,5,5
Dinga,0,5,5
Dingna,0,5,5
Dinieke,0,5,5
Dinita,0,5,5
Diomedes,5,0,5
Dionel,3,3,6
Dionisha,0,5,5
Dionny,3,3,6
Dionté,5,0,5
Diotima,0,5,5
Dipesh,5,0,5
Dipnarain,5,0,5
Dipti,0,5,5
Dirani,0,5,5
Diri,3,3,6
Dirica,0,5,5
Dirien,3,3,6
Dirjan,5,0,5
Dirk-Maarten,5,0,5
Dirkelina,0,5,5
Dirkkina,0,5,5
Dirlanda,0,5,5
Diron,5,0,5
Diseree,0,5,5
Dishaya,0,5,5
Dishen,5,0,5
Divainchely,0,5,5
Divayno,5,0,5
Divija,0,5,5
Divinio,5,0,5
Diwi,3,3,6
Diyarani,0,5,5
Djack,5,0,5
Djaëla,0,5,5
Djahmany,3,3,6
Djahmilla,0,5,5
Djailani,5,0,5
Djaily,0,5,5
Djaina,0,5,5
Djalal,5,0,5
Djaleah,0,5,5
Djalino,5,0,5
Djamaila,0,5,5
Djamano,5,0,5
Djamaya,3,3,6
Djamayro,5,0,5
Djamelia,0,5,5
Djami,5,0,5
Djanayra,0,5,5
Djanayro,5,0,5
Djané,3,3,6
Djanecy,0,5,5
Djanique,0,5,5
Djanoah,3,3,6
Djao,5,0,5
Djarano,5,0,5
Djarrel,5,0,5
Djasmin,3,3,6
Djawad,5,0,5
Djay-Djay,5,0,5
Djay-Lynn,0,5,5
Djaydi,0,5,5
Djaylena,0,5,5
Djayli,3,3,6
Djaynairo,5,0,5
Djayo,5,0,5
Djayvani,5,0,5
Djealy,3,3,6
Djeano,5,0,5
Djéano,5,0,5
Djebelina,0,5,5
Djeckie,3,3,6
Djecky,3,3,6
Djedi,3,3,6
Djeh,5,0,5
Djelaino,5,0,5
Djelaya,0,5,5
Djelayla,0,5,5
Djeliano,5,0,5
Djeneah,0,5,5
Djenell,3,3,6
Djeni,0,5,5
Djenice,0,5,5
Djenita,0,5,5
Djennely,0,5,5
Djennesy,0,5,5
Djenno,5,0,5
Djente,3,3,6
Djentino,5,0,5
Djerel,5,0,5
Djesaya,0,5,5
Djevana,0,5,5
Djévana,0,5,5
Djevany,5,0,5
Djevy,5,0,5
Djexx,5,0,5
Djia,0,5,5
Djibo,5,0,5
Djilanie,5,0,5
Djillali,5,0,5
Djillian,3,3,6
Djinairo,5,0,5
Djiovanni,5,0,5
Djoan,0,5,5
Djoanie,0,5,5
Djoeminah,0,5,5
Djoemirah,0,5,5
Djohan,5,0,5
Djoï,5,0,5
Djoline,0,5,5
Djona,3,3,6
Djor,5,0,5
Djouni,0,5,5
Djovan,5,0,5
Djowenna,0,5,5
Djules,0,5,5
Djur,5,0,5
Djuwely,0,5,5
Dlshad,3,3,6
Doanh,0,5,5
Doby,5,0,5
Dodonea,0,5,5
Doekina,0,5,5
Doelina,0,5,5
Doeye,3,3,6
Doga,3,3,6
Doĝa,0,5,5
Doğaç,5,0,5
Doguhan,5,0,5
Doĝuhan,5,0,5
Doǵukan,5,0,5
Doirean,0,5,5
Dolan,5,0,5
Dolina,3,3,6
Domi,0,5,5
Dominggos,5,0,5
Dominice,3,3,6
Dominieke,0,5,5
Dominiques,5,0,5
Domis,5,0,5
Domitianus,5,0,5
Donatiana,0,5,5
Donatien,5,0,5
Donatilla,3,3,6
Dondi,5,0,5
Döndu,0,5,5
Doni,3,3,6
Doniek,3,3,6
Doon,5,0,5
Doralice,0,5,5
Doralie,0,5,5
Dorana,0,5,5
Doratea,0,5,5
Dorianna,0,5,5
Dorieneke,0,5,5
Dorjan,3,3,6
Dorka,0,5,5
Dorke,0,5,5
Dorle,0,5,5
Dorotheé,0,5,5
Dorothey,0,5,5
Dorra,0,5,5
Dorre,3,3,6
Dorres,0,5,5
Dorytha,0,5,5
dos,3,3,6
Dosha,0,5,5
Dotje,3,3,6
Douwerina,0,5,5
Dovani,5,0,5
Dovid,5,0,5
Dowina,0,5,5
Dracina,0,5,5
Dragoslav,5,0,5
Dragutin,5,0,5
Dravin,5,0,5
Driekes,5,0,5
Dries-Jan,5,0,5
Drisana,0,5,5
Drishana,0,5,5
Drisina,0,5,5
Driton,5,0,5
Drona,5,0,5
Dronika,0,5,5
Drusella,0,5,5
Drys,5,0,5
Duale,5,0,5
Duanne,3,3,6
Duardo,5,0,5
Dúc,5,0,5
Duena,0,5,5
Duhâ,0,5,5
Dulcine,0,5,5
Durant,3,3,6
Durita,0,5,5
Durk-Jan,5,0,5
Duro,5,0,5
Dushan,5,0,5
Dushant,5,0,5
Dusja,0,5,5
Duško,5,0,5
Duvina,0,5,5
Duwke,0,5,5
Duwkje,0,5,5
Dvorah,0,5,5
Dwane,5,0,5
Dweezil,3,3,6
Dyako,5,0,5
Dyanto,5,0,5
Dyarno,5,0,5
Dyego,5,0,5
Dyem,3,3,6
Dyeno,5,0,5
Dyenzo,5,0,5
Dylona,0,5,5
Dymaro,5,0,5
Dymen,5,0,5
Dymon,5,0,5
Dynette,0,5,5
Dynphina,0,5,5
Dyonicius,3,3,6
Dyphna,3,3,6
Dyshaina,0,5,5
Dyshaino,5,0,5
Dyshandro,5,0,5
Dyvani,3,3,6
Dyvon,3,3,6
Dyvonne,3,3,6
d'Arc,0,3,3
D'Arcy,3,3,6
D'jayson,3,0,3
D'Jeandro,3,0,3
d'Junior,3,0,3
D'leah,3,3,6
D'mitri,3,0,3
D'or,3,3,6
D'shaun,3,0,3
D'vaino,3,0,3
D'vaylo,3,0,3
D'vorah,0,3,3
D-Shawn,3,0,3
Da'ud,3,3,6
Daamien,3,0,3
Daan-Douwe,3,0,3
Daaniya,0,3,3
Dabbe,3,0,3
Dabian,3,0,3
Dac,3,0,3
Dachano,3,0,3
Dachelle,0,3,3
Dachmar,0,3,3
Dacil,0,3,3
Dácil,0,3,3
Dadir,3,0,3
Daedalus,3,0,3
Daevon,3,3,6
Dafia,3,3,6
Dagan,3,3,6
Dahbia,0,3,3
Dahen,3,0,3
Dahlak,3,3,6
Dahlya,0,3,3
Dahmane,3,0,3
Daian,3,3,6
Daiana,0,3,3
Daicy,0,3,3
Daijana,0,3,3
Daimas,3,3,6
Daïn,3,0,3
Dairen,3,0,3
Dairy,3,3,6
Daisi,0,3,3
Daisuke,3,0,3
Daiyaan,3,0,3
Dakaya,0,3,3
Dake,3,0,3
Dako,3,3,6
Dalencio,3,0,3
Dalene,0,3,3
Dalichano,3,0,3
Dalinio,3,0,3
Dalith,0,3,3
Dalitha,0,3,3
Daljit,3,0,3
Dalyn,3,3,6
Dalyssia,0,3,3
Damali,0,3,3
Damascenus,3,0,3
Damascha,0,3,3
Damasia,3,3,6
Damaso,3,0,3
Damayro,3,0,3
Damean,3,0,3
Damelsa,0,3,3
Damenie,0,3,3
Damerae,3,0,3
Damgaard,3,3,6
Damianne,0,3,3
Damio,3,0,3
Damma,0,3,3
Damo,3,0,3
Damoah,3,3,6
Damoon,3,0,3
Damyanti,0,3,3
Danäe,0,3,3
Danait,0,3,3
Danayla,0,3,3
Dancel,3,0,3
Danco,3,0,3
Danda,3,3,6
Dandelion,3,3,6
Danek,3,0,3
Danger,3,0,3
Danho,3,0,3
Daniaal,3,0,3
Danića,0,3,3
Däniel,3,0,3
Daníel,3,0,3
Daniëlson,3,0,3
Daniën,3,0,3
Daniene,0,3,3
Daniesha,0,3,3
Danija,0,3,3
Danill,3,0,3
Danino,3,0,3
Danion,3,0,3
Daniqua,0,3,3
Daniqué,0,3,3
Danisho,3,0,3
Danitio,3,0,3
Danitsya,0,3,3
Daniyar,3,0,3
Danjal,3,0,3
Dannell,3,0,3
Dannic,3,3,6
Dannieke,0,3,3
Danniëlla,0,3,3
Dannion,3,0,3
Danoe,0,3,3
Danoeta,0,3,3
Danon,0,3,3
Dantell,3,3,6
Dantey,3,3,6
Danto,3,0,3
Danuel,3,0,3
Danvey,3,0,3
Danycha,0,3,3
Danyello,3,0,3
Danyscha,0,3,3
Danytsia,0,3,3
Danzo,3,0,3
Dapheny,0,3,3
Daphnée,0,3,3
Dar,3,0,3
Dardy,3,0,3
Dare,3,3,6
Dareau,3,0,3
Darena,0,3,3
Darenzo,3,0,3
Dária,3,3,6
Darif,3,0,3
Darjan,3,0,3
Darkowaah,0,3,3
Darnelle,3,3,6
Darrender,0,3,3
Darrian,3,3,6
Darriën,3,0,3
Darsha,3,3,6
Darshano,3,0,3
Darsih,0,3,3
Darven,3,0,3
Dashel,3,3,6
Dashney,0,3,3
Dastin,3,0,3
Dath,3,0,3
Daut,3,0,3
Dauud,3,0,3
Davadina,0,3,3
Davany,3,3,6
Daveron,3,0,3
Daveth,3,0,3
Dávi,3,0,3
Daviana,0,3,3
David-Alexander,3,0,3
Davidi,3,3,6
Daviet,3,0,3
Davincio,3,0,3
Dawnn,0,3,3
Daychano,3,0,3
Dayensley,3,3,6
Daylion,3,0,3
Daylisa,0,3,3
Daylynn,0,3,3
Daymond,3,0,3
Dayno,3,0,3
Dayona,0,3,3
Dayra,0,3,3
Dayshawn,3,0,3
Daysy,0,3,3
Dayven,3,0,3
Dayvid,3,0,3
Daz,3,0,3
Deacen,3,0,3
Dealano,3,0,3
Deauphine,0,3,3
Deavin,3,0,3
Deayen,3,0,3
Deborus,3,0,3
Dèbra,0,3,3
Decarie,0,3,3
Decco,3,0,3
Dechanvey,3,0,3
Deciano,3,0,3
Deciré,3,3,6
Decirée,0,3,3
Dedei,0,3,3
DeeDee,0,3,3
Deeks,3,0,3
Deenie,3,3,6
Deepanjali,0,3,3
Deepmala,0,3,3
Deesie,3,3,6
Deeuwus,3,0,3
Deez,3,0,3
Deffeny,0,3,3
Define,3,3,6
Defny,0,3,3
Degan,0,3,3
Degenhard,3,0,3
Dei,3,3,6
Deianera,0,3,3
Deianira,0,3,3
Deina,0,3,3
Deise,0,3,3
Dejanira,0,3,3
Dejon,3,0,3
Deke,3,0,3
Deks,3,0,3
Delali,3,3,6
Delange,3,3,6
Deleilah,0,3,3
Deler,3,0,3
Delfincio,3,0,3
Delfs,3,3,6
Délia,0,3,3
Deliciano,3,0,3
Delien,0,3,3
Delima,0,3,3
Délina,0,3,3
Delion,3,3,6
Deliya,0,3,3
Delora,0,3,3
Deloris,0,3,3
Delvanio,3,0,3
Delvinio,3,0,3
Delvino,3,0,3
Delyano,3,0,3
Delycia,0,3,3
Deman,3,3,6
Demarco,3,0,3
Demaro,3,0,3
Dembe,3,0,3
Demetra,0,3,3
Demiane,3,3,6
Demila,0,3,3
Demilade,3,3,6
Demilia,0,3,3
Demilio,3,0,3
Deminique,0,3,3
Demitra,0,3,3
Demitria,0,3,3
Demitrios,3,0,3
Demiyan,3,0,3
Demjan,3,0,3
Demona,0,3,3
Demos,3,0,3
Demus,3,0,3
Denahi,3,0,3
Denait,0,3,3
Dencio,3,0,3
Dency,0,3,3
Deneo,3,0,3
Dèni,3,3,6
Denick,3,0,3
Denish,3,3,6
Denison,3,0,3
Deniza,0,3,3
Denizia,0,3,3
Denniël,3,0,3
Dennis-Jan,3,0,3
Dennize,0,3,3
Dennon,3,0,3
Densly,3,0,3
Denzi,3,3,6
Denzill,3,0,3
Deodat,3,0,3
Deonitia,0,3,3
Deotilla,3,3,6
Dephnie,0,3,3
Deqa,3,3,6
Derell,3,0,3
Dericia,0,3,3
Derike,0,3,3
Derillio,3,0,3
Derio,3,0,3
Derja,0,3,3
Derk-Willem,3,0,3
Dero,3,0,3
Derryn,3,0,3
Dertje,0,3,3
Dervişhan,3,0,3
Deshaira,0,3,3
Déshano,3,0,3
Désharell,0,3,3
Deshayro,3,0,3
Deshni,0,3,3
Desideratus,3,3,6
Desirèe,0,3,3
Deske,0,3,3
Desli,3,3,6
Desmen,3,0,3
Desmin,3,0,3
Deson,3,0,3
Desphina,0,3,3
Destaney,0,3,3
Deste,0,3,3
Destheny,0,3,3
Destiano,3,0,3
Destine,3,3,6
Destinio,3,0,3
Destry,3,3,6
Destyn,3,0,3
Deszö,3,0,3
Detha,0,3,3
Dethmar,3,3,6
Detlof,3,0,3
Dettine,0,3,3
Devain,3,0,3
Devanna,0,3,3
Devanny,0,3,3
Devashree,0,3,3
Devenney,3,3,6
Devery,3,0,3
Deveshi,0,3,3
Deviën,3,0,3
Devinho,3,0,3
Devira,0,3,3
Devis,3,0,3
Devja,0,3,3
Devonney,0,3,3
Devyne,3,0,3
Dewayne,3,0,3
Dewindra,3,0,3
Dewisri,0,3,3
Dewnath,3,0,3
Dewperkash,3,0,3
Déwy,3,3,6
Deyaan,3,0,3
Déyan,3,0,3
Deyann,3,3,6
Déyano,3,0,3
Deychano,3,0,3
Deylan,3,0,3
Déyon,3,0,3
Dezlin,3,0,3
Dezso,3,0,3
Dhaneshwar,3,3,6
Dhanique,0,3,3
Dhanradj,3,0,3
Dhany,3,3,6
Dharini,0,3,3
Dharmanand,3,0,3
Dharmdew,3,0,3
Dharshana,0,3,3
Dharti,0,3,3
Dhevano,3,0,3
Dhian,3,0,3
Dhylana,0,3,3
Di-Vaio,3,0,3
Diaa,3,0,3
Diagne,3,3,6
Diamanto,3,0,3
Diango,3,0,3
Dianthé,3,3,6
Diariou,0,3,3
Diarno,3,3,6
Díaz,3,3,6
Dib,3,0,3
Dibe,3,3,6
Diborah,3,3,6
Dibri,3,3,6
Dichano,3,0,3
Dídac,3,0,3
Didaca,0,3,3
Didianne,0,3,3
Didima,0,3,3
Didius,3,0,3
Didonne,0,3,3
Didricus,3,0,3
Didrieka,0,3,3
Diebert,3,0,3
Diecko,3,0,3
Diedie,0,3,3
Diedrika,0,3,3
Diega,0,3,3
Diekes,3,0,3
Diel,3,0,3
Dielbertus,3,0,3
Dielius,3,0,3
Dieltje,0,3,3
Diemar,3,0,3
Diemo,3,0,3
Dienardus,3,0,3
Dienna,0,3,3
Dieoke,0,3,3
Dierick,3,0,3
Diethilde,0,3,3
Dietie,0,3,3
Dieudonee,3,3,6
Dieverda,0,3,3
Diff,3,0,3
Diğdem,0,3,3
Dijairo,3,0,3
Dijane,0,3,3
Dijkman,3,0,3
Dijlan,3,0,3
Dijo,3,3,6
Diki,3,3,6
Dil,3,3,6
Dilaisa,0,3,3
Dilayno,3,0,3
Dilaz,3,0,3
Dilbar,0,3,3
Dilea,0,3,3
Dileila,0,3,3
Dilin,0,3,3
Dillano,3,0,3
Dillis,3,3,6
Dilma,0,3,3
Dilo,3,0,3
Dilovan,3,3,6
Diluca,3,3,6
Dimah,0,3,3
Diman,3,3,6
Dimayron,3,0,3
Dimaz,3,0,3
Dime,3,3,6
Dimfna,0,3,3
Dimitrij,3,0,3
Dimmentje,0,3,3
Dimosthenis,3,0,3
Dimpfina,3,3,6
Dinanga,3,0,3
Dinardo,3,0,3
Dinç,3,0,3
Dindar,3,3,6
Dinel,3,3,6
Dineshvar,3,0,3
Dineshwar,3,0,3
Dinfy,0,3,3
Dingelom,3,0,3
Dingenaar,3,0,3
Dingenas,3,0,3
Dingenia,0,3,3
Dingenom,3,3,6
Dinger,3,0,3
Dingman,3,0,3
Dingnum,3,0,3
Dinio,3,0,3
Dinjo,3,0,3
Dinna,0,3,3
Dinphna,0,3,3
Dinyse,0,3,3
Diola,0,3,3
Dioney,3,3,6
Dionycia,0,3,3
Dionysha,0,3,3
Diop,3,0,3
Diordy,3,0,3
Diorno,3,3,6
Dios,3,3,6
Diovanny,3,0,3
Diran,3,0,3
Dirika,0,3,3
Dirjanne,0,3,3
Dirk-Johannes,3,0,3
Dirrina,0,3,3
Dishantely,0,3,3
Dishawn,3,0,3
Dishita,0,3,3
Disteney,0,3,3
Ditz,3,0,3
Divaine,0,3,3
Divairo,3,0,3
Divaniyo,3,0,3
Divanna,0,3,3
Divanni,3,0,3
Divayni,0,3,3
Diveria,0,3,3
Diviana,0,3,3
Diviano,3,0,3
Diyah,3,3,6
Diyap,3,0,3
Djaan,3,0,3
Djaëlla,0,3,3
Djaella,0,3,3
Djaely,0,3,3
Djaï,3,0,3
Djair,3,0,3
Djaitoen,0,3,3
Djala,3,3,6
Djalano,3,0,3
Djalany,3,3,6
Djaleeza,0,3,3
Djaley,3,3,6
Djaléyah,0,3,3
Djalita,0,3,3
Djalysha,0,3,3
Djama,3,3,6
Djamai,3,3,6
Djamay,3,3,6
Djamé,3,3,6
Djamena,0,3,3
Djames,3,0,3
Djamiah,0,3,3
Djamino,3,0,3
Djanelfa,0,3,3
Djanelle,0,3,3
Djanello,3,0,3
Djanessa,0,3,3
Djaney,3,3,6
Djanick,3,0,3
Djanie,3,3,6
Djaniro,3,0,3
Djanisa,0,3,3
Djanomi,3,3,6
Djanou,3,0,3
Djanyro,3,0,3
Djaslyn,0,3,3
Djassim,3,0,3
Djaswan,3,0,3
Djaswantkumar,3,0,3
Djavensly,3,0,3
Djayand,3,0,3
Djaydie,0,3,3
Djayleigh,0,3,3
Djayliana,0,3,3
Djayly,3,3,6
Djaylynn,0,3,3
Djayra,3,3,6
Djayron,3,0,3
Djazlin,0,3,3
Djazlyn,0,3,3
Djazlynn,0,3,3
Djazmine,0,3,3
Djeamy,3,0,3
Djeck,3,0,3
Djeeda,0,3,3
Djeedy,3,3,6
Djeela,0,3,3
Djeena,0,3,3
Djefano,3,0,3
Djeffry,3,0,3
Djek,3,0,3
Djelisha,0,3,3
Djellza,0,3,3
Djelo,0,3,3
Djemain,3,0,3
Djemian,3,0,3
Djenai,0,3,3
Djenaisa,0,3,3
Djenan,3,0,3
Djenie,0,3,3
Djenischa,0,3,3
Djenity,0,3,3
Djennie,3,3,6
Djently,3,3,6
Djeremiah,3,0,3
Djermano,3,0,3
Djeronimo,3,0,3
Djerr,3,0,3
Djeshley,0,3,3
Djesney,0,3,3
Djessa,0,3,3
Djessley,3,3,6
Djethro,3,0,3
Djewi,3,3,6
Djeyda,0,3,3
Djezlynn,0,3,3
Dji,3,3,6
Djiandro,3,0,3
Djiang,3,3,6
Djiaro,3,0,3
Djielani,3,0,3
Djiewan,3,0,3
Djilany,3,3,6
Djilena,0,3,3
Djima,3,3,6
Djimairo,3,0,3
Djimaro,3,0,3
Djimmie,3,0,3
Djingiz,3,3,6
Djinte,0,3,3
Djinthe,0,3,3
Djivan,3,0,3
Djivana,0,3,3
Djoanne,0,3,3
Djoeliah,0,3,3
Djohn,3,0,3
Djohnny,3,0,3
Djomar,3,0,3
Djonina,0,3,3
Djonna,0,3,3
Djordin,3,0,3
Djotika,0,3,3
Djoulde,3,3,6
Djovy,3,0,3
Djow,3,0,3
Djowi,3,3,6
Djoyce,0,3,3
Djulien,3,0,3
Djulliano,3,0,3
Djumanah,0,3,3
Djunaidy,3,3,6
Djuric,3,0,3
Djurney,3,3,6
Djyliano,3,0,3
Dlovan,3,3,6
Dodde,3,3,6
Dodijn,0,3,3
Dody,3,3,6
Doederinus,3,0,3
Doedie,0,3,3
Doedje,0,3,3
Doednath,3,0,3
Doeha,0,3,3
Doehae,0,3,3
Doeje,3,0,3
Doekemina,0,3,3
Doerga,3,3,6
Doesja,0,3,3
Doetea,0,3,3
Doǵan,3,0,3
Doinja,0,3,3
Dolinka,0,3,3
Dolkar,0,3,3
Dollie,0,3,3
Dolora,0,3,3
Dolorès,3,3,6
Dolorez,0,3,3
Dolphius,3,0,3
Dolvina,0,3,3
Doménico,3,0,3
Domianus,3,0,3
Domieke,0,3,3
Dominca,0,3,3
Domingues,3,0,3
Dominicque,3,3,6
Dominio,3,0,3
Dominiqué,3,3,6
Dominy,0,3,3
Domitia,0,3,3
Domitius,3,0,3
Don-Bosco,3,0,3
Don-Diego,3,0,3
Donatianus,3,0,3
Donatienne,3,3,6
Donavey,3,0,3
Dönay,0,3,3
Donbosco,3,0,3
Donelle,0,3,3
Donetta,0,3,3
Donice,0,3,3
Donicia,0,3,3
Donisius,3,0,3
Donker,3,3,6
Donna-Jane,0,3,3
Donnata,0,3,3
Donnatello,3,0,3
Donner,3,3,6
Doremiek,0,3,3
Dorende,0,3,3
Dorentje,0,3,3
Dorethee,0,3,3
Dorethée,0,3,3
Doriane,0,3,3
Dorica,0,3,3
Doride,0,3,3
Doriek,0,3,3
Doriënne,0,3,3
Dorilis,3,3,6
Dorino,3,3,6
Dorja,0,3,3
Dorli,0,3,3
Dorlin,0,3,3
Dorotee,0,3,3
Dorottya,0,3,3
Dorreth,0,3,3
Dorrette,0,3,3
Dorrien,0,3,3
Dorys,0,3,3
Dositheus,3,3,6
Dottie,0,3,3
Douaae,0,3,3
Douchka,0,3,3
Doudou,3,3,6
Dousje,0,3,3
Douweline,0,3,3
Douwerisa,0,3,3
Doyke,3,3,6
Drasina,0,3,3
Dražen,3,0,3
Dree,3,3,6
Drey,3,0,3
Drikje,0,3,3
Drishya,0,3,3
Dror,3,0,3
Drosina,0,3,3
Drosinus,3,0,3
Drucella,0,3,3
Dub,3,0,3
Duen,3,0,3
Duka,3,3,6
Dula,0,3,3
Duman,3,0,3
Dummer,3,0,3
Dumont,3,0,3
Dunbar,3,3,6
Duncun,3,0,3
Duodu,3,3,6
Duotsje,0,3,3
Duque,3,3,6
Duraid,3,3,6
Durango,3,0,3
Durim,3,0,3
Durina,0,3,3
Duriye,0,3,3
Düriye,0,3,3
Durkina,0,3,3
Durville,3,0,3
Duscha,0,3,3
Dusjka,3,3,6
Dutt,3,3,6
Duuwertje,0,3,3
Duvan,3,0,3
Duvedi,3,3,6
Duveken,0,3,3
Duwiena,0,3,3
Duwkina,0,3,3
Dwiputri,0,3,3
Dwomoh,3,3,6
Dyamanti,3,0,3
Dyamo,3,0,3
Dyelano,3,0,3
Dygo,3,0,3
Dyla,0,3,3
Dylaan,3,0,3
Dylain,3,3,6
Dylando,3,0,3
Dylène,0,3,3
Dylenzo,3,0,3
Dylion,3,0,3
Dyma,0,3,3
Dymfke,0,3,3
Dymitri,3,0,3
Dymphnia,0,3,3
Dynaida,0,3,3
Dynaira,0,3,3
Dyomi,3,3,6
Dyora,0,3,3
Dyrian,3,3,6
Dyrone,3,3,6
Dyronne,3,3,6
Dyshaun,3,0,3
Dysis,3,3,6
Dyta,0,3,3
Dytmar,3,0,3
Dyuna,0,3,3
Dyvaio,3,0,3
Džemal,3,0,3
Dzemil,3,0,3
Dzenan,3,0,3
Dženeta,0,3,3
Dževad,3,0,3
Dzevad,3,0,3
D'angela,0,3,3
D'Angely,0,3,3
D'ante,3,3,6
D'cherayno,3,0,3
D'jaylano,3,0,3
D'jivano,3,0,3
D'ley,3,0,3
D'lila,0,3,3
D'lysha,0,3,3
D'Quinn,3,3,6
D'sean,3,0,3
D'shaira,0,3,3
D'Shairo,3,0,3
D'shano,3,0,3
D'urville,3,0,3
D'vaughn,3,0,3
D'ventley,3,0,3
D'vinejerreau,3,0,3
D'yairo,3,0,3
D-shawn,3,0,3
Da-Costa,3,0,3
Daadje,0,3,3
Daan-Jan,3,0,3
Daan-Peter,3,0,3
Daaniyaal,3,0,3
Daantina,0,3,3
Daarinde,0,3,3
Daatjen,0,3,3
Daba,0,3,3
Dabi,3,3,6
Dabney,3,3,6
Daca,0,3,3
Dacey,0,3,3
Daciano,3,0,3
Dacota,3,3,6
Dael,3,0,3
Daeli,3,3,6
Daëll,3,0,3
Daelorian,0,3,3
Daemen,3,0,3
Daemyan,3,0,3
Daene,3,0,3
Dafi,3,0,3
Dafin,0,3,3
Dagaz,3,0,3
Dağhan,3,0,3
Dagnachew,3,3,6
Dagnew,3,3,6
Dagney,0,3,3
Dagon,3,0,3
Dahabo,0,3,3
Dahbi,3,3,6
Dahliya,0,3,3
Dahman,3,0,3
Dahne,0,3,3
Dahni,3,3,6
Dahra,0,3,3
Dahvinya,0,3,3
Dâi,3,0,3
Daia,0,3,3
Daida,0,3,3
Daïel,3,3,6
Daiel,3,3,6
Daiëlle,0,3,3
Daiënne,0,3,3
Daihley,3,0,3
Daiki,3,0,3
Dailen,3,3,6
Daileyson,3,0,3
Dailynn,0,3,3
Daimarys,0,3,3
Daimee,3,3,6
Daimerly,0,3,3
Daimien,3,0,3
Daimiën,3,0,3
Daimin,3,0,3
Daimion,3,0,3
Daimyan,3,0,3
Dainn,3,0,3
Dairah,0,3,3
Dairenzio,3,0,3
Dais,3,3,6
Daishaynelly,0,3,3
Daishira,0,3,3
Daisij,0,3,3
Daisyré,0,3,3
Daiva,3,3,6
Daividh,3,0,3
Daj,3,3,6
Dajella,0,3,3
Dajuan,3,0,3
Dakar,3,3,6
Dakini,3,3,6
Dakira,0,3,3
Dakotha,0,3,3
Dala,0,3,3
Dalaila,0,3,3
Dalani,3,3,6
Dalee,3,3,6
Daleela,0,3,3
Daleth,3,3,6
Daliana,0,3,3
Dalicio,3,0,3
Dalidah,0,3,3
Daliea,0,3,3
Daliën,3,3,6
Dalinique,0,3,3
Dallal,0,3,3
Dallan,3,3,6
Dalliah,0,3,3
Dalliano,3,0,3
Dally,3,3,6
Dalma,0,3,3
Dalmatius,3,0,3
Dalvany,3,0,3
Dalyl,3,0,3
Dalyon,3,0,3
Damaly,3,3,6
Damantha,0,3,3
Dàmaris,0,3,3
Damé,3,0,3
Damella,0,3,3
Damelsha,0,3,3
Damelsio,3,0,3
Damian-Jay,3,0,3
Damianie,0,3,3
Damião,3,0,3
Damica,0,3,3
Damicha,0,3,3
Damico,3,0,3
Damida,0,3,3
Damiean,3,0,3
Damiëro,3,0,3
Damiette,0,3,3
Damiëtte,0,3,3
Damillio,3,0,3
Damilo,3,0,3
Daminique,0,3,3
Damiq,3,0,3
Damisah,0,3,3
Damiyanti,0,3,3
Dämphy,0,3,3
Damus,3,0,3
Damyano,3,0,3
Däna,0,3,3
Danaè,0,3,3
Danairo,3,0,3
Danan,3,0,3
Danas,3,0,3
Danat,3,3,6
Danayt,0,3,3
Danaz,3,3,6
Danceny,3,3,6
Dando,3,0,3
Danelo,3,0,3
Danely,3,3,6
Danendra,3,0,3
Daneysha,0,3,3
Dani-Jay,3,0,3
Danianne,0,3,3
Daniano,3,0,3
Danida,0,3,3
Danieëla,0,3,3
Danieëlle,0,3,3
Daniéle,3,3,6
Danieque,0,3,3
Danier,3,0,3
Daniethia,0,3,3
Danietsja,0,3,3
Daniïl,3,0,3
Daniilovna,0,3,3
Danijella,0,3,3
Danile,3,0,3
Danille,0,3,3
Danilya,0,3,3
Daninio,3,0,3
Daniño,3,0,3
Daniqe,0,3,3
Dànique,0,3,3
Danishio,3,0,3
Danisyah,0,3,3
Danitcia,0,3,3
Danitshia,0,3,3
Danitya,0,3,3
Daniyo,3,0,3
Danizia,0,3,3
Danjana,0,3,3
Dankona,0,3,3
Dankwah,3,3,6
Danné,0,3,3
Dannika,0,3,3
Dannilio,3,0,3
Danny-Boy,3,0,3
Danny-Ray,3,0,3
Dannyelle,0,3,3
Danoesha,0,3,3
Danoesja,0,3,3
Danore,0,3,3
Danoushka,0,3,3
Danson,3,3,6
Dantès,3,0,3
Danti,3,3,6
Dantonio,3,0,3
Danutha,0,3,3
Danyah,0,3,3
Danyël,3,0,3
Danyellah,0,3,3
Danyque,3,3,6
Danyra,0,3,3
Danytcia,0,3,3
Danytia,0,3,3
Danytsha,0,3,3
Danzi,3,3,6
Dào,3,3,6
Daoudi,3,0,3
Dapaah,3,3,6
Dapifer,3,0,3
Daragh,3,0,3
Daramenusa,3,0,3
Darani,0,3,3
Daraya,0,3,3
Darchelle,0,3,3
Darcia,0,3,3
Darcie,0,3,3
Darianna,0,3,3
Darie,3,3,6
Darika,0,3,3
Darinho,3,0,3
Darios,3,0,3
Darious,3,0,3
Darioush,3,0,3
Darischa,0,3,3
Darissa,0,3,3
Darjush,3,0,3
Darlane,0,3,3
Darlena,0,3,3
Darlita,0,3,3
Darlon,3,0,3
Darlyne,0,3,3
Darlynn,0,3,3
Darlyson,3,0,3
Darman,3,0,3
Darmin,3,0,3
Darrion,3,0,3
Darsan,3,0,3
Darshankumar,3,0,3
Darson,3,0,3
Darwan,3,0,3
Darwesh,3,0,3
Darwina,0,3,3
Darwyn,3,0,3
Daryenne,0,3,3
Daryllio,3,0,3
Daryon,3,0,3
Daryoush,3,0,3
Dashan,3,0,3
Dashanti,0,3,3
Dashell,3,3,6
Dashti,3,3,6
Dasy,0,3,3
Dathen,3,0,3
Datu,3,3,6
Dauphin,3,3,6
Dauw,0,3,3
Davan,3,3,6
Davania,0,3,3
Davanty,3,0,3
Davedina,0,3,3
Daverinus,3,0,3
Daves,3,3,6
Dävid,3,0,3
David-Paul,3,0,3
Davids,3,0,3
Daviëlle,0,3,3
Daviene,0,3,3
Davienna,0,3,3
Daviënne,0,3,3
Davies,3,0,3
Davigna,0,3,3
Davika,0,3,3
Davillo,3,0,3
Davuthan,3,0,3
Davyan,3,0,3
Davyd,3,0,3
Dawen,3,0,3
Dawfydá,0,3,3
Dawida,0,3,3
Dawied,3,0,3
Dayandra,0,3,3
Dayanne,0,3,3
Dayar,3,0,3
Dayawantie,0,3,3
Dayde,0,3,3
Dayden,3,0,3
Dayella,0,3,3
Dayén,0,3,3
Dayenn,0,3,3
Dayib,3,0,3
Daylina,0,3,3
Dayni,3,3,6
Daynisha,0,3,3
Dayrell,3,0,3
Dayrone,3,0,3
Dayshairo,3,0,3
Dayshano,3,0,3
Dayshon,3,0,3
Dayten,3,0,3
Dayvi,3,0,3
Dazzler,0,3,3
Dazzley,3,0,3
De-Jay,3,0,3
Deaborah,0,3,3
Deaglán,3,0,3
Deal,3,0,3
Dealyn,0,3,3
Deania,0,3,3
Deannah,0,3,3
Deanno,3,0,3
Deaq,3,0,3
Dear,3,0,3
Dearon,3,0,3
Deashawn,3,0,3
Deb,3,3,6
Debbora,0,3,3
Debbra,0,3,3
Debika,0,3,3
Deborina,0,3,3
Dechairo,3,0,3
Dechanairo,3,0,3
Déchanel,3,3,6
Déchanell,0,3,3
Dechanté,0,3,3
Déchanté,0,3,3
Dechiena,0,3,3
Deci,0,3,3
Decy,3,3,6
Ded,3,0,3
Deda,0,3,3
Dedeke,0,3,3
Dedericus,3,0,3
Dederiek,0,3,3
Dederieka,0,3,3
Dédier,3,0,3
Dedlev,3,0,3
Dedrieka,0,3,3
Dée,0,3,3
Dee-dee,0,3,3
Deego,0,3,3
Deek,3,3,6
Deeko,3,0,3
Deepah,3,3,6
Deepakpersad,3,0,3
Deepshika,0,3,3
Deeq,3,0,3
Deeqo,0,3,3
Deevan,3,0,3
Deeya,0,3,3
Deffany,0,3,3
Definity,0,3,3
Defnenaz,0,3,3
Defney,0,3,3
Defnie,0,3,3
Defrim,3,0,3
Dega,3,3,6
Degani,0,3,3
Degas,3,3,6
Degenaar,3,0,3
Degi,3,0,3
Dehab,0,3,3
Dehlayla,0,3,3
Dehly,3,0,3
Dehlya,0,3,3
Deianara,0,3,3
Deianeira,0,3,3
Deike,0,3,3
Deionisia,0,3,3
Deïrdre,0,3,3
Dejanee,0,3,3
Dejaneira,0,3,3
Déjanne,0,3,3
Déjen,3,0,3
Delacy,0,3,3
Delaiah,0,3,3
Délaila,0,3,3
Delaina,0,3,3
Delajah,0,3,3
Délan,3,0,3
Delando,3,0,3
Délani,0,3,3
Delanté,3,0,3
Delay,3,3,6
Delayza,0,3,3
Delcia,0,3,3
Delcio,3,0,3
Delene,0,3,3
Deleny,3,3,6
Deleyla,0,3,3
Deliaan,3,3,6
Deliandro,3,0,3
Deliën,3,0,3
Delinja,0,3,3
Delinus,3,0,3
Delis,3,3,6
Délise,0,3,3
Delisia,0,3,3
Delisya,0,3,3
Dellius,3,0,3
Delma,0,3,3
Delphie,0,3,3
Delphy,0,3,3
Delsa,0,3,3
Déluca,3,3,6
Delucia,0,3,3
Delvalle,3,3,6
Delvany,3,0,3
Delvechio,3,0,3
Delvina,0,3,3
Delyan,3,0,3
Delynn,0,3,3
Délysha,0,3,3
Delyssa,0,3,3
Demacena,0,3,3
Demacenes,3,0,3
Demara,0,3,3
Demaris,3,3,6
Demely,0,3,3
Dèmi,0,3,3
Demi-Jay,0,3,3
Demi-Jo,3,3,6
Demi-Leigh,0,3,3
Demiaan,3,0,3
Demián,3,0,3
Demianne,0,3,3
Demica,0,3,3
Demicia,0,3,3
Demién,3,0,3
Demijan,3,0,3
Demijanus,3,0,3
Demilee,0,3,3
Demiliano,3,0,3
Demily,0,3,3
Deminio,3,0,3
Demiun,3,0,3
Demmie,0,3,3
Demosthenes,3,0,3
Dempsy,3,3,6
Demyen,3,0,3
Demyon,3,0,3
Denai,3,0,3
Denaily,0,3,3
Denaro,3,3,6
Denaysha,0,3,3
Dencil,3,0,3
Denco,3,0,3
Deneva,0,3,3
Deneya,0,3,3
Dengelo,3,0,3
Denial,3,0,3
Denicé,0,3,3
Denicha,0,3,3
Denika,0,3,3
Denilio,3,0,3
Deniljo,3,0,3
Denilo,3,0,3
Deniño,3,0,3
Dénique,3,3,6
Denishia,0,3,3
Denissa,0,3,3
Denisson,3,0,3
Denitcha,0,3,3
Denitia,0,3,3
Déniz,3,3,6
Denji,3,0,3
Denjo,3,0,3
Denko,3,0,3
Dennan,3,3,6
Dennian,3,0,3
Dennish,3,0,3
Denous,3,0,3
Denrick,3,0,3
Denroy,3,0,3
Dens,3,0,3
Denthe,0,3,3
Denthen,3,0,3
Dentley,3,0,3
Denyon,3,0,3
Denzal,3,0,3
Denzl,3,0,3
Denzy,3,0,3
Denzyl,3,0,3
Denzyll,3,0,3
Deomi,3,3,6
Deonesius,3,0,3
Deonice,0,3,3
Deonisio,3,0,3
Deonne,3,3,6
Deontay,3,0,3
Deony,3,3,6
Dep,3,0,3
Dephanie,0,3,3
Der,3,3,6
Dera,0,3,3
Dere,0,3,3
Dèrek,3,0,3
Deri,3,3,6
Deric,3,0,3
Derija,0,3,3
Dérik,3,0,3
Derke,3,3,6
Derkgina,0,3,3
Derkinus,3,0,3
Derksina,0,3,3
Derksje,0,3,3
Derkske,0,3,3
Déron,3,0,3
Derrika,0,3,3
Dersken,0,3,3
Dervin,3,0,3
Des'ray,0,3,3
Desanne,0,3,3
Desaya,3,3,6
Deseo,3,0,3
Désha,0,3,3
Deshamaira,0,3,3
Déshaun,3,0,3
Déshayro,3,0,3
Dèsi,3,3,6
Desiana,0,3,3
Desideer,3,0,3
Désidéria,0,3,3
Desidora,3,3,6
Désie,0,3,3
Designata,0,3,3
Desiréa,0,3,3
Desireè,0,3,3
Désirèe,0,3,3
Desireë,0,3,3
Desmona,0,3,3
Desré,0,3,3
Desro,3,0,3
Destanny,0,3,3
Desterny,0,3,3
Destinée,3,3,6
Destiny-Jane,0,3,3
Deteleff,3,0,3
Dethlef,3,0,3
Detina,0,3,3
Detleff,3,0,3
Detsy,0,3,3
Devainey,3,3,6
Devainy,0,3,3
Devaio,3,0,3
Dévana,0,3,3
Devane,3,0,3
Devann,3,3,6
Devantè,3,0,3
Devanyo,3,0,3
Devaron,3,0,3
Devayro,3,0,3
Develin,0,3,3
Develinio,3,0,3
Dèveney,0,3,3
Deveni,0,3,3
Devenie,0,3,3
Deveshwar,3,0,3
Deviany,0,3,3
Dévid,3,0,3
Devilin,0,3,3
Devincio,3,0,3
Devindre,3,0,3
Deviyani,0,3,3
Devnandini,0,3,3
Devón,3,0,3
Devondra,0,3,3
Devonn,3,0,3
Devonte,3,0,3
Devora,0,3,3
Devpersad,3,0,3
Devra,0,3,3
Devrin,3,3,6
Devris,3,0,3
Devun,3,0,3
Dévy,3,0,3
Devyon,3,0,3
Déwan,3,0,3
Dewani,0,3,3
Dewantara,3,0,3
Dewe,3,3,6
Dewen,3,0,3
Dewi-Claire,0,3,3
Dewi-Jane,0,3,3
Dewi-Lynn,0,3,3
Dewindre,3,0,3
Dewis,3,0,3
Dewish,3,0,3
Dewita,0,3,3
Dewitt,3,0,3
Dewkie,0,3,3
Dewora,0,3,3
Dewyn,3,0,3
Deya,3,3,6
Deyae,3,3,6
Deyani,0,3,3
Deyla,0,3,3
Deylian,3,0,3
Deylon,3,0,3
Dezarie,0,3,3
Dezmond,3,0,3
Dha,3,0,3
Dhaley,3,0,3
Dhanou,0,3,3
Dhanpatia,0,3,3
Dhanu,0,3,3
Dhanush,3,0,3
Dhanwatie,0,3,3
Dharam,3,0,3
Dharamdew,3,0,3
Dharmi,3,3,6
Dharmsing,3,0,3
Dharmsingh,3,0,3
Dharon,3,0,3
Dharwin,3,0,3
Dhesi,3,3,6
Dhieraj,3,0,3
Dhilan,3,0,3
Dhilia,0,3,3
Dhillen,3,0,3
Dhiman,3,3,6
Dhiradjsingh,3,0,3
Dhirinder,3,0,3
Dhruva,3,0,3
Dhvaja,3,3,6
Dhyani,3,3,6
Di',3,3,6
Di-Ann,0,3,3
Di-vaio,3,0,3
Diabate,3,3,6
Diaby,0,3,3
Diaco,3,0,3
Diae,3,3,6
Diame,3,3,6
Diamela,0,3,3
Diamon,3,0,3
Diamy,3,3,6
Dían,3,0,3
Dianayra,0,3,3
Dianisha,0,3,3
Dianke,0,3,3
Dianthy,0,3,3
Diany,0,3,3
Diarmuid,3,0,3
Diarto,3,0,3
Dibbet,3,0,3
Dic,3,0,3
Dicardo,3,0,3
Dichayro,3,0,3
Dick-Willem,3,0,3
Diçle,0,3,3
Diçou,0,3,3
Diden,3,3,6
Dider,3,0,3
Diderieke,0,3,3
Didérique,0,3,3
Didert,3,0,3
Didiènne,0,3,3
Didine,0,3,3
Didirica,0,3,3
Diebrich,0,3,3
Diederick-Jan,3,0,3
Diederickje,0,3,3
Diederiekje,0,3,3
Diederikje,0,3,3
Diedo,3,0,3
Diedrike,0,3,3
Dieger,3,0,3
Diektje,0,3,3
Diela,0,3,3
Dielejana,0,3,3
Diëllo,3,0,3
Dielon,3,0,3
Diém,3,3,6
Dièn,3,3,6
Dienja,0,3,3
Diëno,3,0,3
Diënzo,3,0,3
Diepakh,3,0,3
Dieric,3,0,3
Dierik,3,0,3
Diessel,3,0,3
Dietbert,3,0,3
Dietlind,0,3,3
Dietriech,3,0,3
Dieuw,0,3,3
Dieuwtje,0,3,3
Diewa,0,3,3
Diewerda,0,3,3
Digdem,0,3,3
Dignatia,0,3,3
Dignora,0,3,3
Dijani,3,3,6
Dijay,3,0,3
Dije,3,3,6
Dijkhuizen,3,0,3
Dijko,3,0,3
Dijlia,0,3,3
Dijonne,0,3,3
Dik-Jan,3,0,3
Dikebelayi,3,3,6
Dikje,3,3,6
Dilah,0,3,3
Dilahan,0,3,3
Dilain,3,0,3
Dilaina,0,3,3
Dilainy,0,3,3
Dilania,0,3,3
Dilârâ,0,3,3
Dilârá,0,3,3
Dilăra,0,3,3
Dilarah,0,3,3
Dilawer,3,0,3
Dilcia,0,3,3
Dilecta,0,3,3
Diler,3,3,6
Dilesh,3,0,3
Diliano,3,0,3
Dililah,0,3,3
Dilipkoemar,3,0,3
Dillara,0,3,3
Dillia,0,3,3
Dillys,0,3,3
Dilmar,0,3,3
Dilmon,3,0,3
Dilnur,0,3,3
Dilona,0,3,3
Dilşat,0,3,3
Dilsher,3,0,3
Diluna,0,3,3
Dilus,3,0,3
Dilwien,0,3,3
Dilyan,3,0,3
Dilyano,3,0,3
Dimanche,0,3,3
Dimangio,3,0,3
Dimano,3,0,3
Dimarco,3,0,3
Dimelsa,0,3,3
Dimeo,3,0,3
Dimetria,0,3,3
Dimetrus,3,0,3
Dimfena,0,3,3
Dimitrija,3,3,6
Dimitro,3,0,3
Dimon,3,0,3
Dimpena,0,3,3
Dimpfie,0,3,3
Dimpha,0,3,3
Dimphne,3,3,6
Dinana,0,3,3
Dinanath,3,0,3
Dinante,0,3,3
Dinanth,3,0,3
Dinar,3,0,3
Dinas,3,0,3
Dinayah,0,3,3
Dinayda,0,3,3
Dinde,0,3,3
Dinero,3,0,3
Dinetta,0,3,3
Dinfena,0,3,3
Dinfey,0,3,3
Dinfi,0,3,3
Dingelina,0,3,3
Dingenerus,3,0,3
Dingenita,0,3,3
Dingenum,3,0,3
Dinginus,3,0,3
Dình,3,3,6
Diniëlle,0,3,3
Dinke,0,3,3
Diño,3,0,3
Dinphy,0,3,3
Dinsy,0,3,3
Dinusha,0,3,3
Dinyo,3,0,3
Dinzy,0,3,3
Diodookes,3,0,3
Dioekie,0,3,3
Diohn,3,0,3
Diolinda,0,3,3
Dioma,0,3,3
Diomaro,3,0,3
Diomayra,0,3,3
Diomede,3,3,6
Diomède,3,3,6
Diomy,0,3,3
Dión,3,0,3
Díon,3,0,3
Dionda,3,3,6
Diondra,0,3,3
Dioné,0,3,3
Dionell,3,0,3
Dionicho,3,0,3
Dionigi,3,0,3
Dionise,0,3,3
Dionitio,3,0,3
Dionycius,3,3,6
Dionysio,3,3,6
Dionza,3,3,6
Diordano,3,0,3
Diovany,3,0,3
Dip,3,3,6
Dipakkumar,3,0,3
Dipakpersad,3,0,3
Dipali,0,3,3
Dipika,0,3,3
Diraan,3,3,6
Dirar,3,0,3
Dirc,3,0,3
Dirce,0,3,3
Dirckje,0,3,3
Direne,0,3,3
Dirianne,0,3,3
Dirick,3,0,3
Dirieka,0,3,3
Dirike,0,3,3
Diriska,0,3,3
Dirk-Jaap,3,0,3
Dirkelien,0,3,3
Dirkie,3,3,6
Dirkolina,0,3,3
Dirksen,3,0,3
Dirkske,0,3,3
Diro,3,0,3
Dirok,3,3,6
Dirrianne,0,3,3
Dirrik,3,0,3
Dirthe,0,3,3
Dirtje,0,3,3
Disairo,3,0,3
Diserée,3,3,6
Dishainely,0,3,3
Dishaino,3,0,3
Dishainy,0,3,3
Dishara,0,3,3
Dishayro,3,0,3
Dishon,3,0,3
Dithmar,3,0,3
Ditsen,0,3,3
Dittha,0,3,3
Divain,3,0,3
Divanne,0,3,3
Divanno,3,0,3
Divanya,0,3,3
Divayne,3,3,6
Divayro,3,0,3
Diverera,0,3,3
Divi,0,3,3
Divia,0,3,3
Diviney,0,3,3
Divo,3,0,3
Divonne,0,3,3
Divyan,3,0,3
Divyno,3,0,3
Diwani,0,3,3
Diwerda,0,3,3
Diwesh,3,0,3
Dixi,0,3,3
Diyala,0,3,3
Diyano,3,0,3
Diyanti,0,3,3
Diyaro,3,0,3
Diyasha,0,3,3
Diye,3,3,6
Diyenne,0,3,3
Dizairo,3,0,3
Dizze,3,0,3
Djaâfar,3,3,6
Djacinto,3,0,3
Djackie,3,3,6
Djadi,3,3,6
Djaëll,3,3,6
Djaez,0,3,3
Djafayo,3,0,3
Djafayro,3,0,3
Djaffar,3,0,3
Djafino,3,0,3
Djahid,3,0,3
Djahvairen,3,0,3
Djaicey,3,3,6
Djaida,0,3,3
Djaikumar,3,0,3
Djailyn,0,3,3
Djaimala,0,3,3
Djainab,0,3,3
Djainey,0,3,3
Djaiony,3,3,6
Djaïra,3,3,6
Djaisah,0,3,3
Djaivano,3,0,3
Djaivi,3,0,3
Djakaria,3,0,3
Djako,3,0,3
Djalana,0,3,3
Djalani,3,0,3
Djaleesha,0,3,3
Djalicia,0,3,3
Djaly,0,3,3
Djalychia,0,3,3
Djalynn,0,3,3
Djamailys,0,3,3
Djamaliah,0,3,3
Djamayla,0,3,3
Djamèl,3,0,3
Djamela,0,3,3
Djamey,3,0,3
Djamier,3,0,3
Djamillio,3,0,3
Djamira,0,3,3
Djamon,3,0,3
Djamyro,3,0,3
Djanaika,0,3,3
Djanara,0,3,3
Djando,3,0,3
Djandy,3,0,3
Djanel,3,0,3
Djanero,3,0,3
Djanet,0,3,3
Djanicey,0,3,3
Djanillo,3,0,3
Djanino,3,0,3
Djanita,0,3,3
Djannat,0,3,3
Djanni,3,0,3
Djannie,3,3,6
Djanny,3,0,3
Djanu,3,3,6
Djaomy,0,3,3
Djardo,3,0,3
Djardy,3,3,6
Djarell,3,0,3
Djariah,0,3,3
Djarie,3,0,3
Djarissa,3,3,6
Djarmani,3,0,3
Djaron,3,0,3
Djarvy,3,3,6
Djary,3,0,3
Djashley,0,3,3
Djaswand,3,0,3
Djavie,3,0,3
Djavier,3,0,3
Djavinia,0,3,3
Djavinio,3,0,3
Djavon,3,0,3
Djayant,3,0,3
Djayanti,0,3,3
Djaycen,3,0,3
Djaydan,3,0,3
Djayh,3,0,3
Djaylie,0,3,3
Djaylino,3,0,3
Djayren,3,0,3
Djayvana,0,3,3
Djayvanno,3,0,3
Djayvon,3,0,3
Djazia,0,3,3
Djazley,3,3,6
Djazzmin,0,3,3
Djeana,0,3,3
Djeb,3,0,3
Djéden,3,0,3
Djeelani,3,3,6
Djeely,0,3,3
Djeen,3,3,6
Djégo,3,0,3
Djelay,3,3,6
Djeléna,0,3,3
Djeleny,0,3,3
Djellyano,3,0,3
Djemaal,3,0,3
Djemal,3,0,3
Djemaro,3,0,3
Djenab,0,3,3
Djenayo,3,0,3
Djenda,0,3,3
Djené,0,3,3
Djeneba,0,3,3
Djenero,3,0,3
Djengo,3,0,3
Djeniva,0,3,3
Djennes,3,3,6
Djénoah,3,0,3
Djenson,3,0,3
Djenta,0,3,3
Djentel,3,3,6
Djeraino,3,0,3
Djeraldo,3,0,3
Djerena,0,3,3
Djerico,3,0,3
Djerno,3,0,3
Djerra,3,3,6
Djesaiah,3,0,3
Djesaja,3,0,3
Djeshy,0,3,3
Djesro,3,0,3
Djessi,3,3,6
Djessmay,0,3,3
Djeston,3,0,3
Djette,3,3,6
Djeva,3,3,6
Djevairo,3,0,3
Djevayo,3,0,3
Djeven,3,0,3
Djevin,3,0,3
Djevino,3,0,3
Djevon,3,0,3
Djeylen,3,0,3
Djian,3,0,3
Djiby,3,0,3
Djiego,3,0,3
Djielanie,3,0,3
Djieno,3,0,3
Djiet,3,0,3
Djieuwkje,0,3,3
Djievany,3,0,3
Djilian,3,0,3
Djilmar,3,0,3
Djiman,3,0,3
Djindji,0,3,3
Djinsey,0,3,3
Djint,3,0,3
Djinta,3,3,6
Djinten,3,0,3
Djirah,0,3,3
Djiri,3,0,3
Djitin,3,0,3
Djiya,0,3,3
Djoany,0,3,3
Djobo,3,0,3
Djoekje,0,3,3
Djoemiran,3,0,3
Djoemirin,3,0,3
Djoena,0,3,3
Djoenaid,3,0,3
Djoenie,3,3,6
Djoewita,0,3,3
Djoley,0,3,3
Djoliena,0,3,3
Djolyn,0,3,3
Djomino,3,0,3
Djonairo,3,0,3
Djonaya,0,3,3
Djonnie,3,0,3
Djoo,0,3,3
Djooke,0,3,3
Djora,3,3,6
Djordey,3,0,3
Djori,3,0,3
Djörn,3,0,3
Djörvin,3,0,3
Djory,3,3,6
Djoties,3,0,3
Djovanna,0,3,3
Djovany,3,0,3
Djowé,3,3,6
Djowita,0,3,3
Djuani,3,0,3
Djubaida,0,3,3
Djuli,0,3,3
Djullian,3,0,3
Djumaana,0,3,3
Djunaidi,3,0,3
Djuni,3,0,3
Djunny,3,0,3
Djurjen,3,0,3
Djyvano,3,0,3
Doaae,0,3,3
Dobi,3,0,3
Doc,3,0,3
Doé,3,0,3
Doeco,3,0,3
Doedenia,0,3,3
Doedte,3,3,6
Doeë,3,3,6
Doeina,0,3,3
Doeka,3,3,6
Doeké,3,0,3
Doekel,3,0,3
Doeshka,0,3,3
Doeti,0,3,3
Doetine,0,3,3
Doewes,3,0,3
Doganay,3,3,6
Doğancan,3,0,3
Doğükan,3,0,3
Doguş,3,3,6
Doi,3,3,6
Doike,0,3,3
Dokie,0,3,3
Dolimah,0,3,3
Dollij,0,3,3
Dolon,3,0,3
Dolore,0,3,3
Dolorean,3,3,6
Dolorita,0,3,3
Dolorus,0,3,3
Dolphe,3,0,3
Domaes,3,0,3
Domaine,3,3,6
Domaris,0,3,3
Domenik,3,0,3
Domincus,3,0,3
Dominicke,0,3,3
Dominicq,3,0,3
Dominiec,3,3,6
Dominigue,3,3,6
Dominiquè,3,3,6
Dominques,3,0,3
Dominqus,3,0,3
Dominucus,3,0,3
Dommingus,3,0,3
Dommis,3,0,3
Domna,0,3,3
Domnick,3,0,3
Doña,0,3,3
Donadoni,3,0,3
Donaes,3,0,3
Donahue,3,0,3
Donanda,0,3,3
Donanta,0,3,3
Donart,3,0,3
Donathe,0,3,3
Donati,3,3,6
Döner,0,3,3
Doneven,3,0,3
Donifer,3,0,3
Doninho,3,0,3
Doniphan,3,0,3
Doniva,0,3,3
Donjevanio,3,0,3
Donna-Lee,0,3,3
Donnacha,3,3,6
Donnald,3,0,3
Donnalee,0,3,3
Donnay,3,0,3
Donneke,0,3,3
Donnel,3,0,3
Donnever,3,3,6
Donnevon,3,0,3
Donno,3,0,3
Donnya,0,3,3
Dontell,3,0,3
Dönüs,0,3,3
Donzo,3,3,6
Doohan,3,0,3
Dooike,0,3,3
Dooran,3,3,6
Doorke,0,3,3
Doorle,0,3,3
Doortien,0,3,3
Doraine,0,3,3
Doralynn,0,3,3
Dorano,3,0,3
Doray,3,3,6
Dorcila,0,3,3
Dorde,3,3,6
Doreé,0,3,3
Dorein,0,3,3
Dorel,3,3,6
Dorella,0,3,3
Dorentina,0,3,3
Dorenzo,3,0,3
Doressa,0,3,3
Doretea,0,3,3
Doréthe,0,3,3
Doréthea,0,3,3
Dorethéa,0,3,3
Dorettie,0,3,3
Doriëtte,0,3,3
Dorion,3,3,6
Dorique,3,3,6
Dorothëus,3,0,3
Dorothia,0,3,3
Dorothie,0,3,3
Dorothy-Jane,0,3,3
Doroty,0,3,3
Dorrine,0,3,3
Dort,3,0,3
Dortje,0,3,3
Dortji,0,3,3
Doruntina,0,3,3
Doryanne,0,3,3
Doryne,0,3,3
Dost,3,0,3
Dott,0,3,3
Dottir,0,3,3
Douceline,0,3,3
Doug,3,0,3
Dougal,3,0,3
Doumina,0,3,3
Douschka,0,3,3
Douwtjen,0,3,3
Dovydas,3,0,3
Dow,3,3,6
Dowayna,0,3,3
Dowi,3,3,6
Dowie,3,3,6
Doynell,3,0,3
Dragoljub,3,0,3
Dragt,3,3,6
Draupadi,0,3,3
Draven,3,0,3
Dreas,3,0,3
Dreefvers,3,0,3
Dreesina,0,3,3
Dréke,3,0,3
Dresina,0,3,3
Driekje,0,3,3
Driena,0,3,3
Driessen,3,0,3
Drilona,0,3,3
Drim,3,0,3
Drin,3,0,3
Drinor,3,0,3
Drishty,0,3,3
Drohpatie,0,3,3
Droomelot,0,3,3
Druscilla,0,3,3
Drusina,0,3,3
Dryske,0,3,3
Duâ,0,3,3
Duahan,3,0,3
Duany,3,0,3
Duayne,3,3,6
Duba,0,3,3
Dubad,3,3,6
Dubbelliena,0,3,3
Dublin,3,3,6
Duby,3,3,6
Ducan,3,0,3
Duconia,0,3,3
Duczika,0,3,3
Dud,3,3,6
Duderî,3,0,3
Dudi,3,3,6
Dudjani,3,0,3
Dudunur,0,3,3
Duell,3,0,3
Duèn,3,0,3
Duènde,0,3,3
Dûfke,0,3,3
Duive,0,3,3
Dulani,3,3,6
Dulari,0,3,3
Dulcineia,3,3,6
Dulet,0,3,3
Dumile,3,0,3
Dunc,3,0,3
Dündar,3,0,3
Dundas,3,3,6
Dundy,3,3,6
Dunga,3,0,3
Dúnia,0,3,3
Dûnja,0,3,3
Dunyana,0,3,3
Duoc,3,3,6
Durby,3,3,6
Dured,3,3,6
Durfje,0,3,3
Duri,3,0,3
Durian,3,0,3
Durinus,3,0,3
Durkadin,0,3,3
Durks,3,0,3
Durrefina,0,3,3
Durske,0,3,3
Dušica,0,3,3
Dusica,0,3,3
Duška,0,3,3
Duska,0,3,3
Dustyn,3,0,3
Duuq,3,0,3
Duurina,0,3,3
Duwartje,0,3,3
Duwayn,3,0,3
Duwvera,0,3,3
Duy-Anh,3,0,3
Dwarkapersad,3,0,3
Dwayon,3,0,3
Dwora,0,3,3
Dwumah,3,3,6
Dwumfour,3,3,6
Dwyane,3,0,3
Dyablo,3,0,3
Dyala,0,3,3
Dyanara,0,3,3
Dyar,3,0,3
Dyary,3,0,3
Dychaïro,3,0,3
Dyderick,3,0,3
Dyente,0,3,3
Dyjan,3,0,3
Dylaiza,0,3,3
Dylane,0,3,3
Dylanno,3,0,3
Dylayna,0,3,3
Dylilah,0,3,3
Dylin,3,3,6
Dylinn,0,3,3
Dylisha,0,3,3
Dylivio,3,0,3
Dylo,3,0,3
Dymfie,0,3,3
Dymion,3,0,3
Dyn,3,3,6
Dynisha,0,3,3
Dyonaisa,0,3,3
Dyonicia,0,3,3
Dyonysius,3,0,3
Dyren,3,0,3
Dyro,3,0,3
Dyshanté,0,3,3
Dyshanti,0,3,3
Dyumani,3,0,3
Dyvairo,3,0,3
Dyvanio,3,0,3
Dywan,3,0,3
Dzaghik,0,3,3
Dzana,0,3,3
Dženana,0,3,3
Dzeneta,0,3,3
Dzenita,0,3,3
Dzidzor,3,3,6
Dziunia,0,3,3
Dzjengis,3,0,3
Dzyan,3,0,3
D'anchelo,3,0,3
D'andré,3,0,3
D'Angeley,0,3,3
D'Angelina,0,3,3
D'anisha,0,3,3
D'Anisha,0,3,3
D'charailly,0,3,3
D'chayra,0,3,3
D'cheraino,3,0,3
D'elana,0,3,3
D'engelo,3,0,3
D'esseaux,3,3,6
D'give,3,0,3
D'jairo,3,0,3
D'Jairo,3,0,3
D'Jandro,3,0,3
D'jayleigh,0,3,3
D'Jayleigh-Ann,0,3,3
D'Jean,3,0,3
D'jean,3,0,3
D'jeanna,0,3,3
D'jeano,3,0,3
D'Jeayno,3,0,3
D'jefrin,3,0,3
D'jendro,3,0,3
D'Junelle,0,3,3
D'Laila,0,3,3
D'lano,3,0,3
D'Lay,3,0,3
D'laya,0,3,3
D'layla,0,3,3
D'Layla,0,3,3
D'Léh,3,3,6
D'leyshia,0,3,3
D'lilah,0,3,3
D'Lion,3,0,3
D'Liyah,0,3,3
D'Lynn,0,3,3
D'mirencia,0,3,3
D'Nayra,0,3,3
D'onell,3,0,3
D'quan,3,0,3
D'shanté,0,3,3
D'shawnairo,3,0,3
D'shayra,0,3,3
D'Shayra,0,3,3
D'shayro,3,0,3
D'Shayro,3,0,3
D'shentely,0,3,3
D'shentley,0,3,3
D'Shine,3,0,3
D'sire,3,0,3
D'vaio,3,0,3
D'vaira,0,3,3
D'vane,3,0,3
D'vano,3,0,3
D'Vaughn,3,0,3
D'vencio,3,0,3
D'vensley,3,0,3
D'vently,3,0,3
D'von,3,0,3
D-Angelo,3,0,3
D-Chenaira,0,3,3
D-Junior,3,0,3
D-Shon,3,0,3
Da'iem,3,0,3
Da'myesha,0,3,3
Da-Shawn,3,3,6
Da-Viënne,0,3,3
Daaliyah,0,3,3
Daan-Willem,3,0,3
Daanis,3,0,3
Daaniyah,0,3,3
Daantjie,3,0,3
Daanyal,3,0,3
Daavi,3,0,3
Dabbert,3,0,3
Dabell,0,3,3
Daborah,0,3,3
Dabria,0,3,3
Dacaïa,0,3,3
Dachaz,0,3,3
Dachel,0,3,3
Dachi,3,0,3
Daclan,3,0,3
Dad,3,0,3
Dadier,3,0,3
Daelin,3,3,6
Daely,3,0,3
Daelyen,3,0,3
Daène,0,3,3
Daëne,0,3,3
Daëng,3,0,3
Daeng,3,3,6
Daenne,0,3,3
Daequan,3,0,3
Daeron,3,0,3
Daesy,0,3,3
Daeven,3,0,3
Daevey,3,0,3
Daevin,3,0,3
Daewon,3,0,3
Daex,3,0,3
Daeyenn,3,0,3
Dafe,3,0,3
Daffa,3,0,3
Dafhne,0,3,3
Dafinë,0,3,3
Dafner,0,3,3
Dafnis,3,0,3
Dafny,0,3,3
Dagem,3,0,3
Daghmar,0,3,3
Dağistan,3,0,3
Dağıstan,3,0,3
Dagmer,3,3,6
Daha,3,3,6
Daham,3,0,3
Dahan,3,0,3
Daheb,0,3,3
Dahira,0,3,3
Dahlan,3,0,3
Dahliana,0,3,3
Dahlie,0,3,3
Dahlila,0,3,3
Dahlisia,0,3,3
Dahly,3,0,3
Dahmairo,3,0,3
Dahnay,0,3,3
Dahney,0,3,3
Dahno,3,0,3
Dahny,3,3,6
Dahoe,3,3,6
Dahran,3,3,6
Dahren,3,0,3
Dahud,0,3,3
Dahvynya,0,3,3
Dai-Jently,3,0,3
Dai-Shyneo,3,0,3
Daialdin,3,3,6
Daianara,0,3,3
Daianna,0,3,3
Daiano,3,0,3
Daiany,0,3,3
Daïda,0,3,3
Daiem,3,0,3
Daienna,0,3,3
Daigo,3,0,3
Daihla,0,3,3
Daijon,3,0,3
Dailah,0,3,3
Dailan,3,0,3
Dailana,0,3,3
Daileen,0,3,3
Dailisa,0,3,3
Dailon,3,0,3
Daima,3,3,6
Daimaira,0,3,3
Daimano,3,0,3
Daimary,0,3,3
Daimely,0,3,3
Daimend,3,3,6
Daimery,3,3,6
Daimios,3,0,3
Daimo,3,0,3
Daimy-Ann,0,3,3
Daimy-Lynn,0,3,3
Daimytrius,0,3,3
Daïna,0,3,3
Dainilo,3,0,3
Dainis,3,3,6
Daino,3,0,3
Dainyel,3,0,3
Daio,3,0,3
Daion,3,3,6
Daïra,0,3,3
Dairan,3,0,3
Daire,3,3,6
Dairencio,3,0,3
Dairenzyo,3,0,3
Dairickson,3,0,3
Daïris,0,3,3
Daisem,3,3,6
Daishanyra,0,3,3
Daishiro,3,0,3
Daisiree,0,3,3
Daisy-Ann,0,3,3
Daivana,0,3,3
Daivin,3,0,3
Daiwey,0,3,3
Daiwik,3,0,3
Dajandra,0,3,3
Dajanira,0,3,3
Dajanne,0,3,3
Dajé,0,3,3
Dajèn,0,3,3
Dajlan,3,0,3
Dajona,0,3,3
Dajs,3,3,6
Dak,3,3,6
Dakila,3,0,3
Dakka,3,0,3
Dakmar,3,3,6
Daksha,0,3,3
Dalaina,0,3,3
Dalanio,3,0,3
Dalayla,0,3,3
Dalbir,3,3,6
Dalea,0,3,3
Daleila,0,3,3
Dalel,0,3,3
Daléna,0,3,3
Daleney,0,3,3
Dalenne,0,3,3
Daley-Jace,3,0,3
Daley-Jay,3,0,3
Daleyna,0,3,3
Daleysha,0,3,3
Dalga,0,3,3
Dalha,3,0,3
Dalía,0,3,3
Dalica,0,3,3
Dalie,3,3,6
Dalima,0,3,3
Dalince,0,3,3
Dalinia,0,3,3
Dalinka,0,3,3
Dalip,3,0,3
Daliso,3,0,3
Daliyan,3,0,3
Dalja,0,3,3
Dallea,0,3,3
Dalmatia,0,3,3
Dalonja,0,3,3
Dalphina,0,3,3
Dalu,3,3,6
Daluna,0,3,3
Dalvi,3,0,3
Dalyana,0,3,3
Dalyla,0,3,3
Dalynn,0,3,3
Dalysia,0,3,3
Dalyssa,0,3,3
Dama,3,3,6
Damalies,0,3,3
Damalis,0,3,3
Damandeep,3,0,3
Damaney,3,0,3
Damanyo,3,0,3
Damare,0,3,3
Damarion,3,0,3
Damarisch,0,3,3
Damaron,3,0,3
Damaru,3,0,3
Damarus,0,3,3
Damary,0,3,3
Damarys,3,3,6
Damasca,0,3,3
Damasius,3,0,3
Damaya,0,3,3
Damaz,3,0,3
Dame,3,3,6
Dameen,3,0,3
Dameer,3,0,3
Damei,3,3,6
Damejanus,3,0,3
Damelis,0,3,3
Damena,3,3,6
Damencia,0,3,3
Damer,3,0,3
Dameria,0,3,3
Dameyon,3,0,3
Damiam,3,0,3
Dämian,3,0,3
Damían,3,0,3
Dàmian,3,0,3
Damïan,3,0,3
Damiando,3,0,3
Damianthy,3,0,3
Damianti,0,3,3
Damiate,0,3,3
Damiek,3,0,3
Damiel,3,0,3
Damiëlle,0,3,3
Dämien,3,0,3
Dámiën,3,0,3
Damienne,0,3,3
Damika,3,3,6
Damila,0,3,3
Damilare,3,3,6
Damillion,3,0,3
Daminie,0,3,3
Daminy,0,3,3
Damique,0,3,3
Damisa,3,3,6
Damita-Jo,0,3,3
Damiyen,3,3,6
Dammeke,3,3,6
Dammeriena,0,3,3
Dammiana,0,3,3
Dammus,3,0,3
Damni,0,3,3
Damond,3,0,3
Damons,3,0,3
Damorha,0,3,3
Damoun,3,0,3
Damun,3,0,3
Damyra,0,3,3
Dan-Vy,0,3,3
Dàna,0,3,3
Dana-Lynn,0,3,3
Danadharta,3,3,6
Danáe,0,3,3
Danaël,3,0,3
Danaïd,0,3,3
Danaika,0,3,3
Danaïl,3,0,3
Danaïs,0,3,3
Danaj,3,0,3
Danaos,3,0,3
Danbi,0,3,3
Dancelina,0,3,3
Dancella,3,3,6
Dancer,3,3,6
Dancey,3,3,6
Danchelo,3,0,3
Danchenique,0,3,3
Dandan,3,3,6
Dandeni,0,3,3
Dandre,3,0,3
Dáne,3,0,3
Danè,0,3,3
Daneah,0,3,3
Danèe,0,3,3
Daneil,3,0,3
Danelia,0,3,3
Danelie,3,3,6
Daneline,0,3,3
Danello,3,0,3
Danemia,0,3,3
Danemina,0,3,3
Danen,3,0,3
Danes,3,3,6
Danese,0,3,3
Danesha,0,3,3
Danetha,0,3,3
Daneya,0,3,3
Dàni,3,3,6
Dani-Lynn,0,3,3
Danianus,3,0,3
Daniça,0,3,3
Danicah,0,3,3
Daniche,3,3,6
Daníck,3,3,6
Danicka,0,3,3
Danieal,3,0,3
Danieël,3,0,3
Danieka,0,3,3
Daniêl,3,0,3
Dañiel,3,0,3
Daniēl,3,0,3
Daniëlito,3,0,3
Danielito,3,0,3
Daniêlle,0,3,3
Danïelle,0,3,3
Daniellio,3,0,3
Daniëllus,3,0,3
Daniëlly,0,3,3
Danielova,0,3,3
Danienne,0,3,3
Daniese,0,3,3
Daniëtte,0,3,3
Daniko,0,3,3
Danilia,0,3,3
Daniljo,3,0,3
Danilton,3,0,3
Danilza,0,3,3
Danim,3,3,6
Daninjo,3,0,3
Daniol,3,0,3
Danischka,0,3,3
Danïsha,0,3,3
Danisio,3,0,3
Danith,0,3,3
Danitho,3,0,3
Danitja,0,3,3
Danitsija,0,3,3
Danitsio,3,0,3
Danitsjo,3,0,3
Daniyan,3,0,3
Daniza,0,3,3
Danjar,3,0,3
Danjeel,3,0,3
Danji,3,3,6
Dankaart,3,0,3
Dankeld,3,0,3
Dankward,3,0,3
Danlynio,3,0,3
Dannai,0,3,3
Dannée,0,3,3
Dannel,3,3,6
Dannia,0,3,3
Dannica,0,3,3
Dannièl,3,3,6
Danniela,0,3,3
Danniëla,0,3,3
Dannielle,0,3,3
Dannielo,3,0,3
Dannilo,3,0,3
Dànny,3,3,6
Dänny,3,0,3
Dánny,3,3,6
Dannyck,0,3,3
Dannyl,3,3,6
Dannys,3,0,3
Danoa,3,3,6
Danold,3,0,3
Danos,3,0,3
Danouck,0,3,3
Danouschka,0,3,3
Danouska,0,3,3
Danoutha,0,3,3
Danrell,3,0,3
Dansoah,0,3,3
Dansogho,3,3,6
Danta,0,3,3
Dantas,3,3,6
Dantay,3,0,3
Dantel,3,0,3
Dantje,3,0,3
Dantly,3,0,3
Danuscha,0,3,3
Danuše,0,3,3
Danushka,3,3,6
Danuška,0,3,3
Danvi,3,3,6
Danvy,3,0,3
Danwill,3,0,3
Danyce,0,3,3
Danyeal,3,0,3
Danyèl,3,0,3
Danyélla,0,3,3
Danyèro,3,0,3
Danyke,0,3,3
Danysia,0,3,3
Danythio,3,0,3
Danytscha,0,3,3
Daoet,3,0,3
Daoulat,0,3,3
Daovet,3,0,3
Daphnah,0,3,3
Daphnee,0,3,3
Daphnila,0,3,3
Daquan,3,0,3
Daquel,3,3,6
Darain,3,3,6
Daras,3,0,3
Darav,3,0,3
Darawsheh,3,0,3
Darcel,3,0,3
Darchana,0,3,3
Darci,3,3,6
Darein,3,3,6
Dareio,3,0,3
Dareysha,0,3,3
Darginho,3,0,3
Darginio,3,0,3
Dariah,0,3,3
Darielle,0,3,3
Darién,3,3,6
Darijem,0,3,3
Dariko,0,3,3
Darinde,0,3,3
Darino,3,0,3
Darinov,3,0,3
Darinova,0,3,3
Darió,3,0,3
Daríus,3,0,3
Darix,3,0,3
Dark,3,0,3
Darkon,3,3,6
Darlaine,0,3,3
Darlean,0,3,3
Darlène,0,3,3
Darléne,0,3,3
Darlette,0,3,3
Darlina,0,3,3
Darlington,3,0,3
Darlinio,3,0,3
Darlison,3,0,3
Darly,0,3,3
Darlycha,0,3,3
Darma,3,3,6
Darminah,0,3,3
Darnall,3,0,3
Daroch,3,3,6
Darona,3,3,6
Daros,3,0,3
Darou,3,3,6
Darrius,3,0,3
Darrow,3,0,3
Darry,3,3,6
Darrynio,3,0,3
Darsana,3,3,6
Darsenio,3,0,3
Darshanidevi,0,3,3
Darshany,0,3,3
Darshi,3,0,3
Darshinie,0,3,3
Darshita,0,3,3
Darsia,0,3,3
Darsini,0,3,3
Dartagnan,3,0,3
Dartie,0,3,3
Darun,3,0,3
Darwis,3,0,3
Daryanti,0,3,3
Daryen,0,3,3
Daryle,3,0,3
Daryush,3,0,3
Daša,0,3,3
Dāsa,3,0,3
Dasa,3,0,3
Dasdores,0,3,3
Dashamir,3,0,3
Dashanto,3,0,3
Dashany,0,3,3
Dashaun,3,0,3
Dashen,3,0,3
Dashentely,0,3,3
Dashika,0,3,3
Dashwin,3,0,3
Dasian,0,3,3
Dasijem,3,3,6
Dasilvio,3,0,3
Dasima,0,3,3
Dasinah,0,3,3
Dasjha,0,3,3
Daska,0,3,3
Dason,3,0,3
Dasouza,3,3,6
Dasrath,3,0,3
Dassah,0,3,3
Dasse,3,0,3
Dastgeer,3,0,3
Datho,3,0,3
Datine,0,3,3
Datje,0,3,3
Dàtt,3,0,3
Datta,3,0,3
Dau,3,3,6
Dauja,0,3,3
Dauke,0,3,3
Dauntay,3,0,3
Dauvillier,3,3,6
Davana,0,3,3
Davanee,0,3,3
Davaney,3,0,3
Davano,3,0,3
Dave-John,3,0,3
Daveen,3,3,6
Daveigh,0,3,3
Davelie,3,3,6
Davello,3,0,3
Davena,0,3,3
Davenchely,0,3,3
Davencio,3,0,3
Davenio,3,0,3
Davera,0,3,3
Davereaux,3,0,3
Daveson,3,0,3
Davey-Jay,3,0,3
Daveylano,3,0,3
Davì,3,0,3
Dàvi,3,0,3
Davianna,0,3,3
Davic,3,0,3
Dâvid,3,0,3
David-Jeremy,3,0,3
David-Jonathan,3,0,3
David-Pieter,3,0,3
Davidè,3,0,3
Davidé,3,0,3
Davidica,0,3,3
Davidley,3,0,3
Davidoff,3,0,3
Davidovna,0,3,3
Davidszoon,3,0,3
Daviëlla,0,3,3
Daviëly,0,3,3
Daviena,0,3,3
Daviër,3,0,3
Davilio,3,0,3
Davinda,0,3,3
Davini,0,3,3
Daviñio,3,0,3
Davinsi,3,0,3
Daviot,3,0,3
Davisha,0,3,3
Davíth,3,0,3
Davito,3,0,3
Davlon,3,0,3
Davonn,3,0,3
Davry,3,0,3
Dávy,3,0,3
Davy-Jay,3,0,3
Davy-John,3,0,3
Davynio,3,0,3
Daw,3,3,6
Dawar,3,0,3
Dawda,3,0,3
Dawed,3,0,3
Dawei,3,0,3
Dawie,3,0,3
Dawien,3,3,6
Dawîn,3,0,3
Dawinder,3,3,6
Dawlat,0,3,3
Dawley,3,0,3
Dawodovitch,3,0,3
Dawouda,3,3,6
Dawya,0,3,3
Daxton,3,0,3
Day-lee,0,3,3
Dayanira,0,3,3
Dayanna,0,3,3
Dayant,3,0,3
Dayara,0,3,3
Daycha,0,3,3
Daychiro,3,0,3
Daycia,0,3,3
Daycian,3,0,3
Dayciano,3,0,3
Dayel,3,3,6
Dayell,3,0,3
Dayenka,0,3,3
Dayhna,0,3,3
Dayim,3,0,3
Dayiro,3,0,3
Dayjin,3,0,3
Daylandro,3,0,3
Dàylano,3,0,3
Daylena,0,3,3
Dayliam,3,0,3
Daylicia,0,3,3
Daylie,0,3,3
Dayliën,3,3,6
Daylight,0,3,3
Daylimar,3,0,3
Daylyn,0,3,3
Daymain,3,0,3
Dayman,3,0,3
Daymee,0,3,3
Daymien,3,0,3
Dayminaisha,0,3,3
Daymio,3,0,3
Daymira,0,3,3
Daymyo,3,0,3
Daynaya,3,3,6
Dayney,3,0,3
Daynise,0,3,3
Daynne,0,3,3
Dayonara,0,3,3
Dayoni,0,3,3
Dayonne,0,3,3
Dayony,0,3,3
Dayquan,3,0,3
Dayrick,3,0,3
Dayshaira,0,3,3
Dayshelon,3,0,3
Daysie,0,3,3
Daysiënna,0,3,3
Daysiree,0,3,3
Daythan,3,0,3
Dayvane,3,0,3
Dayvanni,3,0,3
Dayveron,3,0,3
Dayvienne,0,3,3
Dayvinn,3,0,3
Daywen,3,0,3
Dayza,0,3,3
Dayzee,0,3,3
Daza,3,0,3
Dazza,0,3,3
Dazzy,0,3,3
De'shawn,3,0,3
De-Jesus,3,0,3
Déa,0,3,3
Deadora,0,3,3
Deaglan,3,0,3
Deagon,3,0,3
Dealy,3,3,6
Deamani,3,3,6
Déàn,3,0,3
Dean-Martin,3,0,3
Dean-Xavi,3,0,3
Deanah,0,3,3
Deanan,3,0,3
Deanand,3,0,3
Deanca,0,3,3
DeAndre,3,0,3
Deaney,3,3,6
DeAngelo,3,0,3
Déangelo,3,0,3
Déani,3,3,6
Deanie,0,3,3
Déanna,0,3,3
Deàno,3,0,3
Déante,0,3,3
Déanthony,3,0,3
Deanu,3,0,3
Deanylo,3,0,3
Deaqon,3,0,3
Deariel,3,0,3
Dearing,3,0,3
Deasy,0,3,3
Deata,0,3,3
Deauke,3,3,6
Deauville,3,3,6
Deauvine,0,3,3
Deaz,3,0,3
Debbe,3,3,6
Debbey,0,3,3
Debbin,0,3,3
Debborah,0,3,3
Debesai,0,3,3
Débi,0,3,3
Debipersad,3,0,3
Debney,0,3,3
Debona,0,3,3
Debor,3,0,3
Deborak,0,3,3
Deboray,0,3,3
Debore,0,3,3
Debré,0,3,3
Debrina,0,3,3
Decha,0,3,3
Dechani,0,3,3
Dechanira,0,3,3
Dechano,3,0,3
Dechantely,0,3,3
Decharell,0,3,3
Decharelle,0,3,3
Dechavanio,3,0,3
Dechayra,0,3,3
Dechayro,3,0,3
Dechelayno,3,0,3
Decideria,0,3,3
Decie,0,3,3
Decimo,3,0,3
Decimus,3,0,3
Decire,3,3,6
Deciree,0,3,3
Decius,3,0,3
Dèclan,3,0,3
Dédan,3,0,3
Dedda,0,3,3
Deddö,3,0,3
Dedé,3,3,6
Dédée,0,3,3
Dédee,0,3,3
Dederick,3,0,3
Dederique,0,3,3
Dedirica,0,3,3
Dedmar,3,0,3
Dedre,0,3,3
Dedrica,0,3,3
Dedrick,3,0,3
Dedrikus,3,0,3
Dee'chayra,0,3,3
Dee-jay,3,0,3
Deeana,0,3,3
Deebak,3,0,3
Deederika,0,3,3
Deeg,3,0,3
DeeJay,3,0,3
Deeliaentie,0,3,3
Deem,3,3,6
Deema,0,3,3
Deemer,3,0,3
Deepakh,3,0,3
Deepakkoemar,3,0,3
Deepanshu,3,3,6
Deeqa,0,3,3
Deeraj,3,0,3
Deesi,0,3,3
Déesse,0,3,3
Deeuwina,0,3,3
Deeuwke,0,3,3
Deevah,0,3,3
Deevid,3,0,3
Deevie,3,0,3
Deevika,0,3,3
Defanté,3,0,3
Defeney,0,3,3
Defenity,0,3,3
Deff,3,0,3
Deffeney,0,3,3
Definy,0,3,3
Defrie,0,3,3
Degenis,3,0,3
Degife,3,0,3
Deha,3,0,3
Deheb,0,3,3
Dehla,0,3,3
Dehlaila,0,3,3
Dehlano,3,0,3
Dehlinya,0,3,3
Dehnaisha,0,3,3
Deianyra,0,3,3
Deija,0,3,3
Deila,0,3,3
Deimen,3,0,3
Deine,0,3,3
Deïnera,0,3,3
Deinert,3,0,3
Deinira,0,3,3
Deirdra,0,3,3
Deisy,0,3,3
Deivy,3,0,3
Déjà,0,3,3
Dejaé,3,0,3
Déjàh,0,3,3
Dejah,0,3,3
Dejani,3,3,6
Deji,3,0,3
Dejuan,3,0,3
Dejvid,3,0,3
Dekan,3,0,3
Dekiena,0,3,3
Dekyi,0,3,3
Delacosa,3,0,3
Delaijah,3,3,6
Délailah,0,3,3
Delairo,3,0,3
Delaisa,0,3,3
Delaiya,0,3,3
Delaiyna,0,3,3
Delaiysha,0,3,3
Delaiza,0,3,3
Delája,0,3,3
Delale,0,3,3
Delalie,0,3,3
Delancy,0,3,3
Délane,0,3,3
Delaram,0,3,3
Delareza,3,3,6
Delawar,3,0,3
Délayah,0,3,3
Delayne,3,3,6
Délayno,3,0,3
Delayro,3,0,3
Delaysia,0,3,3
Delcine,0,3,3
Delda,0,3,3
Delea,0,3,3
Deleaney,3,0,3
Deleano,3,0,3
Deleeny,0,3,3
Deleh,3,0,3
Deléna,0,3,3
Délena,0,3,3
Delencia,0,3,3
Delencio,3,0,3
Delesha,0,3,3
Delevinio,3,0,3
Delfencio,3,0,3
Delfhina,0,3,3
Delfie,0,3,3
Delfim,3,0,3
Delfín,3,0,3
Delfinus,3,0,3
Delfiorie,0,3,3
Delftiana,0,3,3
Delgano,3,0,3
Delhat,3,0,3
Délian,3,0,3
Delianna,0,3,3
Delias,3,0,3
Délicia,0,3,3
Delicya,0,3,3
Delievio,3,0,3
Delifio,3,0,3
Delija,3,0,3
Deliliah,0,3,3
Délin,3,0,3
Déline,0,3,3
Delinho,3,0,3
Delinia,0,3,3
Deliño,3,0,3
Delivia,0,3,3
Deliviano,3,0,3
Deliyana,0,3,3
Deliyano,3,0,3
Délize,0,3,3
Delizzia,0,3,3
Delko,3,0,3
Dellali,0,3,3
Dellemina,0,3,3
Delles,3,0,3
Delliana,0,3,3
Dellinio,3,0,3
Delmelza,0,3,3
Delmiro,3,0,3
Delmy,0,3,3
Delnaz,0,3,3
Delore,0,3,3
Délores,0,3,3
Delosangeles,0,3,3
Delowan,3,0,3
Delphia,0,3,3
Delphino,3,3,6
Delsey,3,3,6
Delshay,3,0,3
Delsher,3,0,3
Delsie,0,3,3
Delson,3,0,3
Delu,0,3,3
Delvan,3,0,3
Delvanyo,3,0,3
Delwyn,3,0,3
Dély,0,3,3
Délya,0,3,3
Delyanne,0,3,3
Delyn,3,3,6
Delyna,0,3,3
Delynho,3,0,3
Delynio,3,0,3
Demaine,3,0,3
Demani,3,3,6
Démar,3,3,6
Démara,0,3,3
Demarcus,3,0,3
Démario,3,0,3
Dèmario,3,0,3
Démaro,3,0,3
Demayro,3,0,3
Demayron,3,0,3
Demco,3,0,3
Demeke,3,0,3
Demelcio,3,0,3
Demelco,3,0,3
Demelsia,0,3,3
Demelso,3,0,3
Demelzo,3,0,3
Demétrius,3,0,3
Demetro,3,0,3
Demi-Anne,0,3,3
Demi-Bo,0,3,3
Demi-Denise,0,3,3
Demianoes,3,0,3
Demicha,0,3,3
Demidovna,0,3,3
Demiëlle,0,3,3
Dèmin,3,0,3
Deminekus,3,0,3
Deminggus,3,0,3
Démion,3,0,3
Demirell,3,0,3
Demise,3,0,3
Demitrie,3,0,3
Demitrio,3,0,3
Demiyanti,0,3,3
Demkö,3,0,3
Demond,3,0,3
Demonique,0,3,3
Demphena,0,3,3
Dempher,3,0,3
Demphy,0,3,3
Demphyna,0,3,3
Dempster,3,0,3
Demster,3,0,3
Demsy,3,0,3
Demylee,3,3,6
Demyro,3,0,3
Demysha,0,3,3
Denae,0,3,3
Denahy,3,0,3
Denailey,0,3,3
Denailly,0,3,3
Denaishely,0,3,3
Denalda,0,3,3
Denancy,0,3,3
Denardo,3,0,3
Denaya,0,3,3
Denayra,0,3,3
Denchellyno,3,0,3
Denchenairo,3,0,3
Denday,3,0,3
Déne,3,3,6
Denee,0,3,3
Denée,0,3,3
Deneen,0,3,3
Denees,0,3,3
Denef,0,3,3
Denelcio,3,0,3
Denenten,3,0,3
Deneri,3,3,6
Denesia,0,3,3
Denesius,3,0,3
Denesley,3,0,3
Denevier,3,0,3
Denez,3,0,3
Dengenum,3,0,3
Denholm,3,0,3
Dénia,0,3,3
Denieck,3,0,3
Déniek,0,3,3
Denieke,0,3,3
Deniëll,3,3,6
Deniëlla,0,3,3
Denilia,0,3,3
Denillio,3,0,3
Denina,0,3,3
Denine,0,3,3
Deninho,3,0,3
Deninyo,3,0,3
Denisovitsj,3,0,3
Denistan,3,0,3
Denithia,0,3,3
Denitsja,0,3,3
Deniya,0,3,3
Denizay,0,3,3
Denizli,3,3,6
Denja,0,3,3
Denneline,0,3,3
Denner,3,0,3
Denniese,0,3,3
Dennis-Lee,3,0,3
Dennisha,0,3,3
Dennisius,3,0,3
Dennisson,3,0,3
Dennisya,0,3,3
Denok,3,3,6
Denro,3,0,3
Densi,3,0,3
Densie,0,3,3
Densinio,3,0,3
Denso,3,0,3
Denus,3,0,3
Denyan,3,0,3
Denycia,0,3,3
Denyelle,0,3,3
Denylson,3,0,3
Denym,3,0,3
Denyra,0,3,3
Denysa,3,3,6
Denysia,0,3,3
Denza,0,3,3
Denze,3,3,6
Denzèl,3,0,3
Denzéll,3,0,3
Denzelle,0,3,3
Denzio,3,0,3
Denzly,3,0,3
Deodath,3,0,3
Deodona,0,3,3
Deodonna,0,3,3
Déodorus,3,0,3
Deogracias,3,3,6
Deol,3,0,3
Deola,0,3,3
Deón,3,0,3
Dèon,3,0,3
Deona,0,3,3
Deonarain,3,0,3
Deoney,3,0,3
Deoni,3,3,6
Deonicia,0,3,3
Deonise,0,3,3
Deontae,3,0,3
Dephan,3,0,3
Dèphano,0,3,3
Dephina,0,3,3
Dephlin,3,0,3
Dephny,0,3,3
Dequane,3,0,3
der,3,3,6
Derano,3,0,3
Derbie,3,3,6
Derckjan,3,0,3
Derco,3,0,3
Dereb,3,3,6
Dereje,3,0,3
Deréon,3,3,6
Derex,3,0,3
Dérian,3,0,3
Derianne,0,3,3
Derico,3,0,3
Derieka,0,3,3
Derilio,3,0,3
Derinio,3,0,3
Derise,0,3,3
Derisha,0,3,3
Derita,0,3,3
Deriyon,3,0,3
Derk-Jans,3,0,3
Derkdikus,3,0,3
Derkeliena,0,3,3
Derkineke,0,3,3
Derkjanna,0,3,3
Derkkina,0,3,3
Derklina,0,3,3
Derkolien,0,3,3
Derkovich,3,0,3
Derktjen,0,3,3
Derlon,3,0,3
Derma,0,3,3
Dermawan,3,0,3
Dermon,3,0,3
Derni,3,3,6
Dernie,3,3,6
Derran,3,0,3
Derrek-Jan,3,0,3
Derrell,3,0,3
Derril,3,0,3
Derrill,3,0,3
Derrol,3,0,3
Derryck,3,0,3
Dershana,0,3,3
Derske,0,3,3
Dersu,3,3,6
Dertha,0,3,3
Derwan,3,0,3
Derwyn,3,0,3
Deryanur,0,3,3
Deryl,3,0,3
Desairo,3,0,3
Desale,3,0,3
Désanka,0,3,3
Desdina,0,3,3
Desea,0,3,3
DeSean,3,0,3
Desedee,0,3,3
Desederia,0,3,3
Deselina,0,3,3
Desere,0,3,3
Déséré,0,3,3
Déserée,0,3,3
Deserina,0,3,3
Deshae,3,3,6
Deshaily,0,3,3
Deshailynn,0,3,3
Deshainely,0,3,3
Deshana,0,3,3
Deshanaira,0,3,3
Deshanairo,3,0,3
Deshandra,0,3,3
Deshanea,0,3,3
Déshanel,0,3,3
Deshanell,3,3,6
Deshanté,0,3,3
Déshanté,0,3,3
Déshantell,0,3,3
Deshauntey,3,3,6
Deshauwn,3,0,3
Deshavainy,0,3,3
Deshay,3,0,3
Deshaya,0,3,3
Deshaynely,0,3,3
Déshayra,0,3,3
Deshea,0,3,3
Deshell,3,3,6
Deshenitza,0,3,3
Deshira,0,3,3
Deshray,0,3,3
Deshwin,3,0,3
Desiderate,0,3,3
Desiderus,3,0,3
Designo,3,0,3
Desira,0,3,3
Desiray,3,3,6
Desirè,3,3,6
Desirëe,0,3,3
Desirette,0,3,3
Desja,0,3,3
Desjardins,3,3,6
Desley-jay,3,0,3
Deslie,0,3,3
Desma,0,3,3
Desmae,0,3,3
Desmain,3,3,6
Desman,3,0,3
Desmée,0,3,3
Desmee,0,3,3
Desmend,3,0,3
Desmey,3,3,6
Desna,0,3,3
Desnie,3,3,6
Desolina,0,3,3
Desrée,0,3,3
Dessaï,3,0,3
Dessi,0,3,3
Destah,0,3,3
Destefano,3,0,3
Destegül,0,3,3
Destian,3,0,3
Destinea,0,3,3
Destinee,0,3,3
Dèstn,3,0,3
Desty,3,3,6
Desua,0,3,3
Desyah,0,3,3
Desyree,0,3,3
Detch,3,0,3
Deti,0,3,3
Detroit,3,0,3
Detti,0,3,3
Dety,3,3,6
Detyscha,0,3,3
Deusa,0,3,3
Dev-Anand,3,0,3
Devabalan,0,3,3
Devadip,3,0,3
Devaily,3,3,6
Dévaily-Ann,0,3,3
Devaingely,0,3,3
Devananda,3,0,3
Devancy,0,3,3
Devandro,3,0,3
Dèvaney,0,3,3
Devangelo,3,0,3
Devangi,0,3,3
Devania,0,3,3
Dévanio,3,0,3
Devaniyo,3,0,3
Devanja,0,3,3
Dèvann,3,0,3
Dévanna,0,3,3
Devanno,3,0,3
Devanti,3,3,6
Devario,3,0,3
Devas,3,0,3
Devaya,0,3,3
Devayani,0,3,3
Devdutt,3,0,3
Devean,3,0,3
Devee,0,3,3
Devendrakumar,3,0,3
Devendranath,3,0,3
Devendrasingh,3,0,3
Devenly,0,3,3
Devera,0,3,3
Deveraux,3,0,3
Devereux,3,0,3
Devero,3,3,6
Deverra,0,3,3
Dèvi,0,3,3
Devia,0,3,3
Deviani,3,3,6
Devil,3,0,3
Devili,3,0,3
Devillio,3,0,3
Devindranath,3,0,3
Devindredath,3,0,3
Dévinio,3,0,3
Deviny,0,3,3
Dévinya,0,3,3
Devioney,3,0,3
Devit,3,0,3
Devlon,3,0,3
Devnan,3,0,3
Devnand,3,0,3
Devney,0,3,3
Dëvon,3,0,3
Devonish,3,0,3
Devradj,3,0,3
Devvin,3,0,3
Devvon,3,0,3
Devvrat,3,0,3
Devyka,0,3,3
Dèvyn,3,3,6
Devyna,0,3,3
Déwald,3,0,3
Dewanan,3,0,3
Dewanata,3,0,3
Dewanti,0,3,3
Dewanty,0,3,3
Dewchand,3,0,3
Dewendra,3,0,3
Dewes,3,0,3
Dewesh,3,0,3
Dewhi,0,3,3
Dewian,3,0,3
Dewica,0,3,3
Dewid,3,0,3
Dewien,3,0,3
Dewindrekumar,3,0,3
Dewinta,0,3,3
Dewitha,0,3,3
Dewiya,0,3,3
Dewo,3,0,3
Dewradji,0,3,3
Dewradjie,0,3,3
Dewsharma,3,0,3
Dexten,3,0,3
Deyamir,3,0,3
Déyana,0,3,3
Deyanaira,0,3,3
Deyenna,0,3,3
Deylaila,0,3,3
Déylano,3,0,3
Deylinn,0,3,3
Deymaira,0,3,3
Deymi,0,3,3
Deymphna,0,3,3
Deynairo,3,0,3
Deyonce,0,3,3
Deyonisie,0,3,3
Deyrinio,3,0,3
Deyshan,3,0,3
Deyshanaira,0,3,3
Deyshawn,3,0,3
Deysi,0,3,3
Deyvanio,3,0,3
Deyvonne,3,0,3
Deywin,3,0,3
Dèz,3,0,3
Dezider,3,0,3
Dezy,0,3,3
Dhaamin,3,0,3
Dhaila,0,3,3
Dhali,0,3,3
Dhalia,0,3,3
Dhalisha,0,3,3
Dhalya,0,3,3
Dhamayanti,0,3,3
Dhammawiranathaputta,3,0,3
Dhammayanti,0,3,3
Dhan,3,0,3
Dhandew,3,0,3
Dhané,3,3,6
Dhanel,3,0,3
Dhanillio,3,0,3
Dhanisha,0,3,3
Dhanishta,0,3,3
Dhanujan,3,0,3
Dhanwantie,0,3,3
Dharampersad,3,0,3
Dharamradj,3,0,3
Dhario,3,0,3
Dharmenderkumar,3,0,3
Dharmini,0,3,3
Dharmraadj,3,0,3
Dharmradj,3,0,3
Dharmveer,3,0,3
Dharmveersingh,3,0,3
Dharrel,3,0,3
Dharron,3,0,3
Dharwien,3,0,3
Dharyl,3,0,3
Dhayron,3,0,3
Dheeradjkumar,3,0,3
Dheerajsingh,3,0,3
Dhelaila,0,3,3
Dhélany,0,3,3
Dheliana,0,3,3
Dhelmar,3,0,3
Dhemelza,0,3,3
Dhemian,3,0,3
Dhena,0,3,3
Dheodora,0,3,3
Dhevan,3,0,3
Dhewi,0,3,3
Dhiane,0,3,3
Dhieradjkumar,3,0,3
Dhieredj,3,0,3
Dhimani,3,0,3
Dhina,0,3,3
Dhinesh,3,0,3
Dhira,3,3,6
Dhirajh,3,0,3
Dhirajkoemar,3,0,3
Dhirender,3,0,3
Dhirendrasingh,3,0,3
Dhirendre,3,0,3
Dhirindra,3,0,3
Dhiyae,3,3,6
Dhiyaeddine,3,0,3
Dhiyen,3,0,3
DHM,3,3,6
Dhristi,0,3,3
Dhriti,0,3,3
Dhuha,0,3,3
Dhun,0,3,3
Dhurata,0,3,3
Dhylaila,0,3,3
Dhylia,0,3,3
Dhymaris,0,3,3
Dhyna,0,3,3
Dhyon,3,0,3
Di'angelo,3,0,3
Di'angely,0,3,3
Di-angelo,3,0,3
Di-livio,3,0,3
Di-Vayo,3,0,3
Di-Yong,3,0,3
Diab,3,0,3
Diada,0,3,3
Diadorim,0,3,3
Diae-Eddine,3,0,3
Dialma,3,3,6
Diamand,3,3,6
Diamanti,3,3,6
Diamaris,0,3,3
Diando,3,0,3
Diandre,0,3,3
Dianel,3,3,6
Dianelle,0,3,3
Dianey,0,3,3
Diangelino,3,0,3
DiAngelo,3,0,3
Diantely,0,3,3
Diantho,3,0,3
Dianyra,0,3,3
Diaron,3,0,3
Diart,3,0,3
Diata,0,3,3
Diawara,0,3,3
Diay,3,0,3
Dibaggio,3,0,3
Dibbes,3,0,3
Dibie,0,3,3
Dibran,3,0,3
Dichantly,0,3,3
Dichelle,0,3,3
Dichendro,3,0,3
Dichentely,0,3,3
Dichka,0,3,3
Dichna,0,3,3
Dickins,3,3,6
Dicko,3,0,3
Dicks,3,3,6
Dicksz,3,0,3
Dicus,3,0,3
Dicyano,3,0,3
Dideriek,0,3,3
Diderot,3,0,3
Didia,0,3,3
Didié,3,0,3
Didien,0,3,3
Didière,0,3,3
Dídimo,3,0,3
Didou,3,0,3
Didre,0,3,3
Didric,3,0,3
Didwi,0,3,3
Didyma,0,3,3
Diea,0,3,3
Dieba,0,3,3
Diebrichje,0,3,3
Diechien,0,3,3
Diechiena,0,3,3
Died,3,0,3
Diedel,0,3,3
Diedemijn,0,3,3
Diederd,3,0,3
Diedericha,0,3,3
Diederico,3,0,3
Diedje,0,3,3
Diedrikus,3,0,3
Diegó,3,0,3
Diejane,0,3,3
Diejanne,0,3,3
Diejenna,0,3,3
Diejon,3,3,6
Diëla,0,3,3
Dielep,3,0,3
Dielf,3,0,3
Dielfje,0,3,3
Dielle,0,3,3
Dielli,3,0,3
Diëlo,3,0,3
Dielson,3,0,3
Diema,0,3,3
Diëna,0,3,3
Dienandus,3,0,3
Dienarda,0,3,3
Dienardes,3,0,3
Diëne,0,3,3
Diënella,0,3,3
Dienella,0,3,3
Dienesh,3,0,3
Dienise,0,3,3
Dienjo,3,0,3
Diënna,0,3,3
Dieno,3,0,3
Dienotra,0,3,3
Dienphina,0,3,3
Diënso,3,0,3
Diente,0,3,3
Dieobold,3,0,3
Diêp,0,3,3
Diepakkoemar,3,0,3
Diepek,3,0,3
Diepnarain,3,0,3
Dierck,3,0,3
Dierentines,3,0,3
Diërmo,3,0,3
Dieserée,0,3,3
Diesma,0,3,3
Dietbald,3,0,3
Dieter-Jan,3,0,3
Diethe,0,3,3
Dietmond,3,0,3
Dietrie,0,3,3
Dietwin,3,0,3
Dieuwelina,0,3,3
Dieuwerd,3,0,3
Dieuwerina,0,3,3
Dieuwert-Jan,3,0,3
Dieuwertine,0,3,3
Dieuwertje-Anne,0,3,3
Dieuwie,0,3,3
Dieuwkiena,0,3,3
Dieuwkjen,0,3,3
Dieuxdonné,3,3,6
Diëva,0,3,3
Dieveera,0,3,3
Dievelina,0,3,3
Dievert,3,0,3
Diewerlina,0,3,3
Dieye,3,0,3
Diëzz,0,3,3
Difano,3,0,3
Different,3,0,3
Difyro,3,0,3
Digensio,3,0,3
Diger,3,0,3
Digiano,3,0,3
Digmon,3,0,3
Dignes,3,0,3
Dignity,0,3,3
Dignom,3,0,3
Dignus-Jan,3,0,3
Digradina,0,3,3
Diguan,3,0,3
Dih,3,0,3
Dihliane,3,0,3
Dijanira,0,3,3
Dijantha,0,3,3
Dijanti,0,3,3
Dijara,0,3,3
Dijaro,3,3,6
Dijenty,0,3,3
Dijkstra,0,3,3
Dijmon,3,0,3
Dijmphie,0,3,3
Dijmphnus,3,0,3
Dijnandus,3,0,3
Dijona,0,3,3
Dijordy,3,0,3
Dijttje,0,3,3
Dijwar,3,0,3
Dikeledi,0,3,3
Dikki,3,3,6
Dikla,0,3,3
Dikno,3,0,3
Dilahno,3,0,3
Dilaine,0,3,3
Dilân,0,3,3
Dilande,0,3,3
Dilandjo,3,0,3
Dilando,3,3,6
Dilaney,3,3,6
Dilanno,3,0,3
Dilaraa,0,3,3
Dilare,0,3,3
Dilasa,0,3,3
Dilawarkhan,3,3,6
Dilayjah,0,3,3
Dilaysu,0,3,3
Dilba,0,3,3
Dilçem,0,3,3
Dile,3,3,6
Dilean,3,0,3
Dílek,0,3,3
Dileni,0,3,3
Dilep,3,0,3
Dilepkumar,3,0,3
Dileyna,0,3,3
Dilfa,0,3,3
Dilge,3,3,6
Dilges,3,0,3
Dilhani,0,3,3
Diliandro,3,0,3
Diliep,3,0,3
Diline,0,3,3
Dilini,0,3,3
Dilion,3,0,3
Dilja,0,3,3
Diljin,0,3,3
Dilla,0,3,3
Dillany,0,3,3
Dillianne,0,3,3
Dillius,3,0,3
Dilliyan,3,0,3
Dillwyn,3,0,3
Dilly-Ann,0,3,3
Dillyan,3,3,6
Dilman,3,0,3
Dilmer,3,0,3
Dilong,3,0,3
Dilou,0,3,3
Dilraj,3,0,3
Dilraushan,3,0,3
Dilşah,0,3,3
Dilsah,0,3,3
Dilshani,0,3,3
Dilshija,0,3,3
Dilson,3,0,3
Dilton,3,0,3
Diluz,0,3,3
Dilva,0,3,3
Dilvan,3,3,6
Dilyss,0,3,3
Dimairon,3,0,3
Dimani,3,3,6
Dimanjo,3,0,3
Dimaria,3,3,6
Dimario,3,0,3
Dimarte,0,3,3
Dimay,3,3,6
Dimayra,0,3,3
Dimee,0,3,3
Dimeh,3,3,6
Dimes,3,0,3
Dimet,3,0,3
Dimetrius,3,0,3
Dimfa,0,3,3
Dimfke,0,3,3
Dimian,3,0,3
Dimie,0,3,3
Dimion,3,0,3
Dimitrey,3,0,3
Dimítri,3,0,3
Dimitriv,3,0,3
Dimitriy,3,0,3
Dimitros,3,0,3
Dimmi,3,0,3
Dimone,0,3,3
Dimor,3,0,3
Dimpfna,0,3,3
Dimpfy,0,3,3
Dimphenia,0,3,3
Dimphijna,0,3,3
Dimphius,3,0,3
Dimphke,0,3,3
Dimphny,0,3,3
Dimpna,0,3,3
Dimy,3,0,3
Dimya,0,3,3
Dimyana,0,3,3
Dimyathie,0,3,3
Dimyro,3,0,3
Dimytri,3,0,3
Dina-Marie,0,3,3
Dinadan,3,0,3
Dinaidah,0,3,3
Dinaila,0,3,3
Dinaily,0,3,3
Dinaiyra,0,3,3
Dinaly,0,3,3
Dinancia,0,3,3
Dinardes,3,0,3
Dinaro,3,0,3
Dinaylo,3,0,3
Dinaysa,0,3,3
Dincy,0,3,3
Dindi,3,3,6
Dindin,0,3,3
Dineau,3,0,3
Dineesh,3,0,3
Dinela,0,3,3
Dinescha,0,3,3
Dinésh,3,0,3
Dineshsing,3,0,3
Dingana,0,3,3
Dingemanus,3,0,3
Dingenicius,3,0,3
Dingenman,3,0,3
Dinien,0,3,3
Dinieque,0,3,3
Diniescha,0,3,3
Diniese,0,3,3
Dinina,0,3,3
Dinisa,0,3,3
Dinizia,0,3,3
Dinjah,0,3,3
Dinkelaar,3,0,3
Dinko,3,0,3
Dinkov,3,0,3
Dinley,0,3,3
Dinleyici,0,3,3
Dinnah,0,3,3
Dinnes,3,0,3
Dinnis,3,0,3
Dinno,3,0,3
Dinoja,0,3,3
Dinothra,0,3,3
Dinther,3,3,6
Dinyah,0,3,3
Dinysia,0,3,3
Dinze,3,3,6
Dinzei,0,3,3
Dioboldus,3,0,3
Diocelina,0,3,3
Diodati,3,3,6
Diodora,0,3,3
Diodorus,3,0,3
Diogenis,3,0,3
Diolanda,0,3,3
Diomi,3,3,6
Diòn,3,0,3
Dionaira,0,3,3
Dionaisa,0,3,3
Dionara,0,3,3
Dionard,3,0,3
Dionaysa,0,3,3
Dionaysha,0,3,3
Dionce,3,0,3
Dionè,0,3,3
Dionée,0,3,3
Dionica,0,3,3
Dionique,0,3,3
Dioniso,3,0,3
Dionisus,3,0,3
Dionitius,3,0,3
Dionizia,0,3,3
Dionizio,3,0,3
Dionizius,3,0,3
Dionizsius,3,3,6
Diönna,0,3,3
Dionnitcha,0,3,3
Dionora,0,3,3
Dionycio,3,0,3
Diordi,3,0,3
Diorella,0,3,3
Diores,3,0,3
Diorginio,3,0,3
Diorio,3,0,3
Diorr,3,0,3
Dioscoro,3,0,3
Diotime,0,3,3
Diotiméus,3,0,3
Diouldé,3,0,3
Dioulde,3,3,6
Diow,3,0,3
Dipa,3,3,6
Dipek,3,0,3
Diphina,0,3,3
Dira,0,3,3
Diraisha,0,3,3
Diralda,0,3,3
Dirana,0,3,3
Diranka,0,3,3
Dircéu,3,0,3
Dircia,0,3,3
Dircolina,0,3,3
Diresh,3,0,3
Dirgantara,3,0,3
Diria,0,3,3
Dirico,3,0,3
Dirjen,3,0,3
Dirk-Alexander,3,0,3
Dirk-Jacob,3,0,3
Dirk-Koen,3,0,3
Dirk-Paul,3,0,3
Dirk-Simon,3,0,3
Dirkeline,0,3,3
DirkJan,3,0,3
Dirkkiena,0,3,3
Dirkoline,0,3,3
Dirksdochter,0,3,3
Dirksz,3,0,3
Dirkus,3,0,3
Dirky,0,3,3
Dirren,3,0,3
Dirrieke,0,3,3
Dirtha,0,3,3
Dirtsen,0,3,3
Dirwish,3,3,6
Dirya,0,3,3
Dis,3,0,3
Disaira,0,3,3
Disanthan,3,0,3
Disayo,3,0,3
Discha,0,3,3
Disere,3,0,3
Dishaan,3,0,3
Dishaina,0,3,3
Dishaineley,0,3,3
Dishaintley,0,3,3
Dishairon,3,0,3
Dishani,0,3,3
Dishania,0,3,3
Dishawnna,0,3,3
Dishayno,3,0,3
Dishwar,3,3,6
Dishynie,0,3,3
Disian,0,3,3
Disley,3,0,3
Disna,0,3,3
Dison,3,0,3
Dithiana,0,3,3
Dithleef,3,0,3
Ditho,3,0,3
Ditie,0,3,3
Ditlev,3,0,3
Ditlöv,3,0,3
Ditri,3,3,6
Ditsje,0,3,3
Ditza,0,3,3
Ditzairo,3,0,3
Ditzen,0,3,3
Diu,0,3,3
Diula,0,3,3
Diura,0,3,3
Dius,3,0,3
Divahya,0,3,3
Divaina,0,3,3
Divaineley,0,3,3
Divainny,0,3,3
Divaldo,3,0,3
Divali,3,3,6
Divalicia,0,3,3
Divanie,0,3,3
Divannio,3,0,3
Divanny,3,3,6
Divantley,3,0,3
Divarina,0,3,3
Divayenne,0,3,3
Divaynie,0,3,3
Divayra,0,3,3
Divenchely,0,3,3
Diverda,0,3,3
Divero,3,3,6
Divie,0,3,3
Divienne,0,3,3
Divineley,0,3,3
Divinho,3,0,3
Divinja,0,3,3
Divinnity,0,3,3
Divjot,3,0,3
Divon,3,0,3
Divyajyoti,0,3,3
Divyam,3,0,3
Divyanka,0,3,3
Divyanshi,0,3,3
Divyanshu,3,3,6
Diwana,0,3,3
Diyab,3,0,3
Diyanah,0,3,3
Diyandra,0,3,3
Diyenna,0,3,3
Diyesh,3,0,3
Diyo,3,0,3
Diyono,3,0,3
Dizayon,3,0,3
Dizolele,3,0,3
Dja'far,3,0,3
Djabraan,3,0,3
Djacco,3,0,3
Djacely,3,3,6
Djacelyn,0,3,3
Djacey,0,3,3
Djadian,3,0,3
Djadzia,0,3,3
Djae,3,0,3
Djaé,3,3,6
Djaeda,0,3,3
Djaédy,3,0,3
Djaela,0,3,3
Djaelissa,0,3,3
Djaëlle,0,3,3
Djaelyn,0,3,3
Djafaïro,3,0,3
Djagdies,3,0,3
Djahabi,3,0,3
Djahailey,0,3,3
Djahlainey,0,3,3
Djahlena,0,3,3
Djahlil,3,0,3
Djahlisa,0,3,3
Djahlissa,0,3,3
Djahmal,3,0,3
Djahmayhl,3,0,3
Djahmila,0,3,3
Djahmyla,0,3,3
Djahn,3,0,3
Djahnayro,3,0,3
Djahra,0,3,3
Djaice,3,0,3
Djaicinta,0,3,3
Djaidat,3,0,3
Djailana,0,3,3
Djaim,3,0,3
Djaiman,3,0,3
Djaimani,3,3,6
Djaimely,0,3,3
Djaimen,3,0,3
Djaimon,3,0,3
Djainah,0,3,3
Djainy,0,3,3
Djairen,3,0,3
Djaireni,3,3,6
Djairovany,3,0,3
Djais,3,0,3
Djaivanson,3,0,3
Djaiwand,3,0,3
Djaka,0,3,3
Djakirah,0,3,3
Djalaila,0,3,3
Djalaisa,0,3,3
Djalanie,3,3,6
Djalayah,0,3,3
Djalaysa,0,3,3
Djalero,3,0,3
Djali,3,0,3
Djalia,0,3,3
Djaliela,0,3,3
Djaliena,0,3,3
Djaline,0,3,3
Djalishia,0,3,3
Djaliya,0,3,3
Djalmar,3,0,3
Djaloe,0,3,3
Djalou,0,3,3
Djalycia,0,3,3
Djalyza,0,3,3
Djamae,3,3,6
Djamaily,0,3,3
Djamaima,0,3,3
Djamalia,0,3,3
Djamalus,3,0,3
Djamani,3,3,6
Djamella,0,3,3
Djamello,3,0,3
Djamian,3,0,3
Djamilja,0,3,3
Djamill,3,0,3
Djamillia,0,3,3
Djamin,3,0,3
Djamir,3,0,3
Djamore,3,0,3
Djamyl,3,0,3
Djamyla,0,3,3
Djanae,0,3,3
Djanah,0,3,3
Djanai,0,3,3
Djanaida,0,3,3
Djanaisa,0,3,3
Djanam,3,3,6
Djanan,0,3,3
Djanayah,0,3,3
Djanayla,0,3,3
Djanea,0,3,3
Djanenie,0,3,3
Djanévah,0,3,3
Djanica,0,3,3
Djanida,0,3,3
Djaniek,0,3,3
Djaniella,0,3,3
Djaniero,3,0,3
Djanil,3,0,3
Djanilio,3,0,3
Djanis,0,3,3
Djanity,0,3,3
Djanne,0,3,3
Djannet,0,3,3
Djannick,3,0,3
Djanti,3,3,6
Djanvi,0,3,3
Djanyl,3,0,3
Djanyll,3,0,3
Djanylo,3,0,3
Djanzy,3,0,3
Djarahy,0,3,3
Djarailey,3,3,6
Djarel,3,0,3
Djarina,0,3,3
Djarmelza,0,3,3
Djarnell,3,0,3
Djaroah,3,0,3
Djarone,3,0,3
Djarow,3,0,3
Djarro,3,0,3
Djarzinho,3,0,3
Djasley,3,0,3
Djasmasingh,3,0,3
Djassy,3,0,3
Djavana,0,3,3
Djavani,3,0,3
Djavaro,3,0,3
Djavayro,3,0,3
Djavid,3,0,3
Djavio,3,0,3
Djawa,3,3,6
Djawairia,0,3,3
Djawella,0,3,3
Djawi,3,0,3
Djaxson,3,0,3
Djayan,3,0,3
Djayantie,0,3,3
Djaycee,0,3,3
Djaycely,0,3,3
Djaycey,3,0,3
Djayciano,3,0,3
Djaydén,3,0,3
Djaydian,3,0,3
Djayento,3,0,3
Djayenzo,3,0,3
Djaygo,3,0,3
Djayhliano,3,0,3
Djaylaila,0,3,3
Djaylaisa,0,3,3
Djaylian,3,0,3
Djayliann,3,3,6
Djaylisha,0,3,3
Djaylissa,0,3,3
Djaymian,3,0,3
Djaymie,3,3,6
Djaynah,0,3,3
Djayvaino,3,0,3
Djayvian,3,0,3
Djayz,3,0,3
Djazlinn,0,3,3
Djazzlin,0,3,3
Djazzlinn,0,3,3
Dje,3,0,3
Dje'noah,3,0,3
Djeaden,3,3,6
Djeann,3,0,3
Djeavy,3,3,6
Djebbe,3,0,3
Djebo,3,0,3
Djechairo,3,0,3
Djeco,3,0,3
Djeelynn,0,3,3
Djeemy,0,3,3
Djeeno,3,0,3
Djeez,3,0,3
Djefairo,3,0,3
Djéfano,3,0,3
Djefflin,3,0,3
Djeffrie,3,0,3
Djeffy,3,0,3
Djefrey,3,0,3
Djejintie,0,3,3
Djelaila,0,3,3
Djelaisa,0,3,3
Djelan,3,3,6
Djelanie,3,0,3
Djelayna,0,3,3
Djélaysa,0,3,3
Djeleesa,0,3,3
Djeleina,0,3,3
Djéli,3,3,6
Djeliah,0,3,3
Djéliano,3,0,3
Djelie,0,3,3
Djèlisa,0,3,3
Djelizza,0,3,3
Djelyna,0,3,3
Djelysa,0,3,3
Djelyson,3,0,3
Djèm,3,3,6
Djemahley,3,0,3
Djemainy,3,0,3
Djemaisa,0,3,3
Djemalio,3,0,3
Djemaya,0,3,3
Djemayro,3,0,3
Djemena,0,3,3
Djemero,3,0,3
Djemilo,3,0,3
Djemiran,3,0,3
Djemiro,3,0,3
Djemma,0,3,3
Djemmy,3,3,6
Djemon,3,0,3
Djenahro,3,0,3
Djenailly,0,3,3
Djénaisa,0,3,3
Djenap,0,3,3
Djenara,0,3,3
Djénaya,0,3,3
Djenaysa,0,3,3
Djenco,3,0,3
Djendy,3,0,3
Djenea,0,3,3
Djenéah,0,3,3
Djenee,0,3,3
Djeneilla,0,3,3
Djenelle,0,3,3
Djenello,3,0,3
Djenessy,0,3,3
Djenesy,0,3,3
Djenet,0,3,3
Djenia,0,3,3
Djenieta,0,3,3
Djenilio,3,0,3
Djeniño,3,0,3
Djenis,3,3,6
Djenisha,0,3,3
Djenitha,0,3,3
Djenley,3,3,6
Djennat,0,3,3
Djennet,0,3,3
Djenten,3,0,3
Djentho,3,0,3
Djentley,0,3,3
Djeny,0,3,3
Djenyl,3,0,3
Djenyro,3,0,3
Djenzi,3,0,3
Djenzy,3,0,3
Djeon,3,0,3
Djep,3,0,3
Djerailey,3,0,3
Djerailo,3,0,3
Djeramy,3,0,3
Djeray,3,0,3
Djeraymi,3,0,3
Djerayno,3,0,3
Djerell,3,0,3
Djeremey,3,0,3
Djeriano,3,0,3
Djerlano,3,0,3
Djermen,3,0,3
Djerney,3,3,6
Djéro,3,0,3
Djerre,3,0,3
Djerremy,3,0,3
Djerville,3,0,3
Djerwin,3,0,3
Djeryon,3,0,3
Djesaro,3,0,3
Djesayah,0,3,3
Djesco,3,0,3
Djesen,3,0,3
Djesiah,0,3,3
Djesica,0,3,3
Djesna,0,3,3
Djesper,3,0,3
Djess-Lynn,0,3,3
Djesselyn,0,3,3
Djesseny,0,3,3
Djessly,0,3,3
Djetano,3,0,3
Djeu,3,0,3
Djeurre,3,0,3
Djevan,3,0,3
Djevanio,3,0,3
Djèvano,3,0,3
Djevashenko,3,0,3
Djevencio,3,0,3
Djevensley,3,0,3
Djevensly,3,0,3
Djeventley,3,0,3
Djevian,3,0,3
Djevie,3,0,3
Djevlin,3,0,3
Djevonnely,0,3,3
Djewan,3,0,3
Djeweno,3,0,3
Djewy,0,3,3
Djeyfano,3,0,3
Djeyna,0,3,3
Djeynah,3,0,3
Djeyno,3,0,3
Djèz,3,3,6
Djezebel,0,3,3
Djezley,3,0,3
Djezly,3,0,3
Djezmay,0,3,3
Djezmee,0,3,3
Djezney,3,0,3
Djezzie,3,0,3
Djezzley,3,3,6
Djezzly,0,3,3
Djezzlyn,0,3,3
Djiamo,3,0,3
Djianna,0,3,3
Djib,3,0,3
Djibrîl,3,3,6
Djielaanie,3,0,3
Djiena,0,3,3
Djiënne,0,3,3
Djieuwertje,0,3,3
Djieuwkina,0,3,3
Djiewke,0,3,3
Djifairo,3,0,3
Djilali,3,3,6
Djilliën,3,3,6
Djilly,0,3,3
Djilo,3,0,3
Djimano,3,0,3
Djimayro,3,0,3
Djimi,3,0,3
Djimiel,3,3,6
Djimin,3,0,3
Djimmi,3,0,3
Djimondi,3,0,3
Djinan,0,3,3
Djinder,3,0,3
Djing,3,0,3
Djinga,3,3,6
Djinka,0,3,3
Djinnie,0,3,3
Djinou,3,3,6
Djintha,0,3,3
Djintie,3,0,3
Djinx,0,3,3
Djiorgiño,3,0,3
Djiovani,3,0,3
Djiovanny,3,0,3
Djip,3,0,3
Djiron,3,0,3
Djis,3,0,3
Djisse,3,0,3
Djivani,3,0,3
Djivanio,3,0,3
Djivanto,3,0,3
Djivany,3,0,3
Djive,3,0,3
Djivino,3,0,3
Djiwa,0,3,3
Djiz,3,3,6
Djizz,0,3,3
Djo-Djo,3,0,3
Djoane,0,3,3
Djoao,3,0,3
Djoby,3,0,3
Djoeah,0,3,3
Djoearia,0,3,3
Djoebelina,0,3,3
Djoeck,3,0,3
Djoed,3,0,3
Djoegine,0,3,3
Djoeli,0,3,3
Djoella,0,3,3
Djoemana,0,3,3
Djoemi,3,3,6
Djoemila,0,3,3
Djoemina,0,3,3
Djoeminem,0,3,3
Djoemingan,3,0,3
Djoeneid,3,0,3
Djoenerie,3,3,6
Djoewaria,0,3,3
Djoewke,0,3,3
Djoëy,3,0,3
Djohnno,3,0,3
Djohny,3,0,3
Djohora,0,3,3
Djois,3,3,6
Djok,3,3,6
Djoko,3,0,3
Djoleen,0,3,3
Djoli,0,3,3
Djolinda,0,3,3
Djomaira,0,3,3
Djomairo,3,0,3
Djomany,3,0,3
Djomy,3,3,6
Djonathan,3,0,3
Djône,0,3,3
Djonel,0,3,3
Djones,3,0,3
Djonet,3,0,3
Djonij,3,0,3
Djoran,3,0,3
Djorano,3,0,3
Djoray,3,0,3
Djordana,0,3,3
Djordjevic,3,0,3
Djordjina,0,3,3
Djordyn,3,0,3
Djorel,3,0,3
Djörgen,3,0,3
Djorgio,3,0,3
Djorgo,3,0,3
Djorim,3,0,3
Djorna,0,3,3
Djorney,3,0,3
Djorni,3,0,3
Djorro,3,0,3
Djosey,0,3,3
Djosha,3,3,6
Djosy,0,3,3
Djotish,3,0,3
Djouldé,3,3,6
Djoury,3,0,3
Djovairo,3,0,3
Djovano,3,0,3
Djovino,3,0,3
Djowanna,0,3,3
Djowen,3,3,6
Djowey,3,0,3
Djowin,3,0,3
Djozy,3,3,6
Djuana,0,3,3
Djuanda,3,3,6
Djudi,3,0,3
Djudy,3,3,6
Djule,0,3,3
Djulencio,3,0,3
Djuliana,0,3,3
Djuliandro,3,0,3
Djulièn,3,0,3
Djulijano,3,0,3
Djulina,0,3,3
Djulio,3,0,3
Djulissa,0,3,3
Djulius,3,0,3
Djuma,3,3,6
Djuminah,0,3,3
Djumirah,0,3,3
Djunaydi,3,0,3
Djunga,3,3,6
Djunita,0,3,3
Djuny,3,0,3
Djurain,3,0,3
Djuran,3,0,3
Djurandy,3,0,3
Djurdja,0,3,3
Djurdjica,0,3,3
Djurelva,0,3,3
Djurgen,3,0,3
Djurick,3,0,3
Djurn,3,0,3
Djurrette,0,3,3
Djurvin,3,0,3
Djustice,3,0,3
Djuuls,0,3,3
Djuun,3,0,3
Djuwairiah,0,3,3
Djuwairiya,0,3,3
Djuwel,0,3,3
Djyanne,0,3,3
Djyano,3,0,3
Djyaro,3,0,3
Djylana,0,3,3
Djymo,3,0,3
Djørn,3,0,3
Dler,3,0,3
Dlin,0,3,3
Dmiana,0,3,3
Dmitrie,3,0,3
Dmitrievich,3,0,3
Dmitriëvna,0,3,3
Dmitrij,3,0,3
Dmitriyevna,0,3,3
Dmitryevich,3,0,3
Dmytrovna,0,3,3
Doas,3,0,3
Dobbie,0,3,3
Dobgima,3,3,6
Dobrica,0,3,3
Dobrin,3,0,3
Dobrina,0,3,3
Dodava,3,3,6
Dodger,3,0,3
Dodina,0,3,3
Dodzi,3,3,6
Doe'a,0,3,3
Doechien,0,3,3
Doechiena,0,3,3
Doedes,3,0,3
Doedse,3,0,3
Doegina,0,3,3
Doekeline,0,3,3
Doekeltje,0,3,3
Doeki,0,3,3
Doekine,0,3,3
Doekje,0,3,3
Doekolina,0,3,3
Doelari,0,3,3
Doëll,3,3,6
Doeminggoes,3,0,3
Doerian,3,0,3
Doesje,0,3,3
Doeske,0,3,3
Doeta,0,3,3
Doetdina,0,3,3
Doetjen,0,3,3
Doetsen,3,3,6
Doetske,0,3,3
Dogah,3,3,6
Dogancan,3,0,3
Doġukan,3,0,3
Dogükan,3,0,3
Doh,3,3,6
Dohaa,0,3,3
Doïne,0,3,3
Doka,0,3,3
Dokan,3,0,3
Dokelien,0,3,3
Dokht,0,3,3
Dokmai,0,3,3
Doksani,3,0,3
Doky,0,3,3
Dola,3,3,6
Dolanda,0,3,3
Dolcia,0,3,3
Dolcy,0,3,3
Dolek,3,0,3
Dolena,0,3,3
Dolfiena,0,3,3
Dolfis,3,0,3
Dolima,0,3,3
Dolita,0,3,3
Doll,3,3,6
Dolorata,0,3,3
Dolorés,0,3,3
Dolorose,0,3,3
Doloroza,0,3,3
Dolors,0,3,3
Dolphin,3,3,6
Dolphus,3,0,3
Dolphy,3,3,6
Dolshe,0,3,3
Dom,3,0,3
Domaro,3,0,3
Domas,3,0,3
Domencia,0,3,3
Domènec,3,0,3
Doménic,3,0,3
Domènique,3,3,6
Domfeh,3,3,6
Domiene,0,3,3
Dominador,3,0,3
Domingez,3,0,3
Dominggo,3,0,3
Dominici,3,0,3
Domínico,3,0,3
Dominicus-Savio,3,0,3
Dominieck,3,0,3
Dominieq,3,3,6
Dominiki,3,3,6
Dominion,3,3,6
Dominiqus,3,0,3
Dominqo,3,0,3
Dominthe,0,3,3
Dominus,3,0,3
Domminggus,3,0,3
Domminick,3,0,3
Domnica,0,3,3
Domonic,3,0,3
Domy,0,3,3
don,3,3,6
Don-Juan,3,0,3
Donaas,3,0,3
Donaghy,3,0,3
Donairo,3,0,3
Dónal,3,0,3
Donan,3,3,6
Donanto,3,0,3
Donatiena,0,3,3
Donatine,0,3,3
Donatio,3,0,3
Donatos,3,0,3
Donaven,3,0,3
Donca,0,3,3
Donchevell,3,0,3
Dondale,3,0,3
Donde,3,0,3
Dondeyne,3,3,6
Dőndű,0,3,3
Döndühan,0,3,3
Döndünaz,0,3,3
Done,3,3,6
Doneal,3,3,6
Donée,0,3,3
Donel,3,0,3
Donesha,0,3,3
Donet,3,3,6
Donetello,3,0,3
Donever,3,0,3
Donevon,3,0,3
Donga,3,0,3
Donghae,3,3,6
Dongni,3,3,6
Donica,0,3,3
Donicho,3,0,3
Donick,3,3,6
Donie,0,3,3
Doniel,3,0,3
Donik,3,0,3
Donina,0,3,3
Donito,3,0,3
Dönja,0,3,3
Donjeta,0,3,3
Donjevano,3,0,3
Donka,0,3,3
Donke,3,3,6
Donnaley,0,3,3
Donnaly,0,3,3
Donnamay,0,3,3
Donnate,0,3,3
Donnavon,3,0,3
Donnchadh,3,0,3
Dónnee,3,3,6
Donnefan,3,0,3
Donnella,0,3,3
Donnetello,3,0,3
Donnetie,3,0,3
Donnia,0,3,3
Donnij,3,0,3
Donovar,3,0,3
Donoven,3,0,3
Donovon,3,0,3
Dontae,3,0,3
Dontay,3,3,6
Donyale,3,3,6
Donyé,3,0,3
Donysius,3,0,3
Donzilia,0,3,3
Dooitske,0,3,3
Dooley,3,0,3
Doora,0,3,3
Dooreen,0,3,3
Doores,3,0,3
Doorian,3,0,3
Doortjie,0,3,3
Dootje,3,3,6
Dopo,3,0,3
Dóra,0,3,3
Dora-Jane,0,3,3
Dorald,3,0,3
Dorán,3,0,3
Doranna,0,3,3
Dorart,3,0,3
Doratha,0,3,3
Dorathéa,0,3,3
Dorathée,0,3,3
Dorathee,0,3,3
Doratheus,3,0,3
Doratina,0,3,3
Doréa,0,3,3
Doreana,0,3,3
Dorejetta,0,3,3
Doreke,0,3,3
Doréke,0,3,3
Dorelies,0,3,3
Doremi,0,3,3
Doréna,0,3,3
Dorène,0,3,3
Doreno,3,0,3
Dorenthé,0,3,3
Doresa,0,3,3
Dorèt,3,3,6
Dorèth,3,3,6
Dorethie,0,3,3
Dorett,0,3,3
Dorgelina,0,3,3
Doriën,3,0,3
Dorijan,3,0,3
Dorijne,0,3,3
Dorik,3,0,3
Dorika,0,3,3
Dorilia,0,3,3
Dorineke,0,3,3
Dorintha,0,3,3
Dorisdochter,0,3,3
Doriska,0,3,3
Dorisse,0,3,3
Dorithea,3,3,6
Dorithy,0,3,3
Dorley,0,3,3
Dorlien,0,3,3
Dormeshia,0,3,3
Dorona,0,3,3
Doronne,0,3,3
Dorontina,0,3,3
Dorotée,0,3,3
Dorothè,0,3,3
Dorotheüs,3,0,3
Dorothèus,3,0,3
Dorothya,0,3,3
Dorotine,0,3,3
Dorotka,0,3,3
Dorraine,0,3,3
Dorran,3,0,3
Dorrenda,0,3,3
Dorrina,0,3,3
Dorrus,3,0,3
Dorsilla,0,3,3
Dorsina,0,3,3
Dörte,0,3,3
Dortheis,3,0,3
Dorthijs,3,0,3
Dortjie,0,3,3
Dorty,3,3,6
Doru,3,0,3
Dorus-Jan,3,0,3
Doruske,3,0,3
Dorvina,0,3,3
Dory-Anne,0,3,3
Dosia,0,3,3
Dosina,0,3,3
Dositej,3,0,3
Dosti,3,0,3
Dotan,3,0,3
Dotel,3,3,6
Dothea,0,3,3
Dötte,0,3,3
Dotty,0,3,3
Doty,0,3,3
Douard,3,0,3
Doudé,3,3,6
Doudsen,0,3,3
Doughlas,3,0,3
Dougie,3,0,3
Douglash,3,0,3
Douhia,0,3,3
Douko,3,0,3
Doulette,0,3,3
Doura,3,3,6
Doussou,0,3,3
Dout,0,3,3
Douty,0,3,3
Doutz,3,3,6
Douwe-Arjen,3,0,3
Douwe-Sjoerd,3,0,3
Douwejan,3,0,3
Douwesz,3,0,3
Douwgina,0,3,3
Douwia,0,3,3
Douwlina,0,3,3
Douwtsje,0,3,3
Douwyna,0,3,3
Douze,3,3,6
Dovile,0,3,3
Dowan,3,0,3
Dowine,0,3,3
Doxie,0,3,3
Doyenne,0,3,3
Doyera,0,3,3
Doynel,3,0,3
Dozie,3,0,3
Dragane,3,0,3
Dragi,3,0,3
Dragiša,3,0,3
Dragomira,0,3,3
Dragos,3,0,3
Drahomira,0,3,3
Dravindrekumar,3,0,3
Dray,3,0,3
Drayton,3,0,3
Dražo,3,0,3
Drean,3,3,6
Drenthina,0,3,3
Drenthinus,3,0,3
Dreon,3,0,3
Dres,3,0,3
Dresia,0,3,3
Drewesje,0,3,3
Dreweske,0,3,3
Drewessina,0,3,3
Drezina,0,3,3
Drian,3,0,3
Dricus,3,0,3
Driesanna,0,3,3
Driesanne,0,3,3
Drieserée,0,3,3
Driess,3,0,3
Drieus,3,0,3
Drieves,3,0,3
Driezina,0,3,3
Drike,0,3,3
Drini,3,0,3
Drisera,0,3,3
Drishika,0,3,3
Drishtie,0,3,3
Drissa,3,0,3
Drissja,0,3,3
Dristan,3,0,3
Dristhi,0,3,3
Dristhy,0,3,3
Dritan,3,0,3
Driven,3,0,3
Droes,3,0,3
Droïma,0,3,3
Dronica,0,3,3
Dropathie,0,3,3
Dru,3,0,3
Druce,3,0,3
Drusela,0,3,3
Drusila,0,3,3
Drystan,3,0,3
Dsani,3,3,6
Dshawn,3,0,3
Du'aine,3,0,3
Du'Aine,3,0,3
Duadora,0,3,3
Dualta,3,0,3
Duanca,0,3,3
Dubravka,0,3,3
Dubriela,0,3,3
Ducas,3,0,3
Duciano,3,0,3
Duck,3,0,3
Duderi,3,0,3
Dudin,3,0,3
Dudoine,0,3,3
Due,3,3,6
Duën,3,0,3
Dufke,0,3,3
Dugan,3,0,3
Duggal,3,0,3
Dühan,3,3,6
Duider,3,0,3
Duijf,3,0,3
Duijn,3,0,3
Duilio,3,0,3
Duine,3,3,6
Duisje,0,3,3
Duje,3,0,3
Dukagjin,3,0,3
Dukie,3,3,6
Dukoray,0,3,3
Dulco,3,0,3
Dule,3,3,6
Dulia,0,3,3
Duliano,3,0,3
Dulirna,0,3,3
Dulon,3,0,3
Duma,3,3,6
Dumah,3,3,6
Dumfeh,3,3,6
Duminda,3,0,3
Dumisani,3,0,3
Dumyana,0,3,3
Dunamis,3,0,3
Dunant,3,0,3
Dunas,3,0,3
Duné,3,0,3
Dunedin,3,3,6
Dunee,0,3,3
Dunija,0,3,3
Dunk,3,0,3
Dunke,3,0,3
Dunmaglass,3,0,3
Dunnya,0,3,3
Dunyah,3,3,6
Duo,3,3,6
Duràn,3,0,3
Durancan,3,0,3
Durani,0,3,3
Duranjaya,3,0,3
Durc,3,0,3
Durgesh,3,0,3
Durgeshvari,0,3,3
Durgeshwari,0,3,3
Durjan,3,0,3
Durley,3,3,6
Dürmüs,3,0,3
Durmusali,3,0,3
Durojaye,3,3,6
Durrani,3,3,6
Dürrin,0,3,3
Dursen,0,3,3
Dursiye,0,3,3
Dursly,3,0,3
Dursum,3,0,3
Dursunali,3,0,3
Dursune,0,3,3
Durukan,3,0,3
Durvinus,3,0,3
Duschan,3,0,3
Dushana,0,3,3
Dushawn,3,0,3
Dushenka,0,3,3
Dushka,0,3,3
Dushyiant,3,0,3
Dusko,3,0,3
Dussja,0,3,3
Dusten,3,0,3
Dustey,3,0,3
Dute,0,3,3
Duth,3,0,3
Duthly,3,0,3
Dutijn,3,3,6
Dutra,3,0,3
Dutsje,0,3,3
Duuke,3,3,6
Duurdina,0,3,3
Duuwtje,0,3,3
Duval,3,0,3
Duve,3,0,3
Duveria,0,3,3
Duvessa,0,3,3
Duviria,0,3,3
Duvivier,3,0,3
Duwien,0,3,3
Duye,3,0,3
Duyğu,0,3,3
Duyveke,0,3,3
Dvora,0,3,3
Dwainy,3,3,6
Dwana,0,3,3
Dwaynne,3,0,3
Dwayt,3,3,6
Dwenja,0,3,3
Dwiarti,0,3,3
Dwighella,0,3,3
Dwite,3,0,3
Dwobeng,3,0,3
Dwyn,3,0,3
Dwyna,0,3,3
Dwyne,3,0,3
Dwyth,3,0,3
Dyaan,3,3,6
Dyacandra,0,3,3
Dyace,3,0,3
Dyaco,3,0,3
Dyada,0,3,3
Dyael,3,3,6
Dyaell,3,0,3
Dyai,3,0,3
Dyalisa,0,3,3
Dyamairo,3,0,3
Dyamilla,0,3,3
Dyamy,3,0,3
Dyanaira,0,3,3
Dyaneley,0,3,3
Dyangely,0,3,3
Dyanira,0,3,3
Dyanisha,0,3,3
Dyanno,3,0,3
Dyanta,0,3,3
Dyantho,3,0,3
Dyantie,0,3,3
Dyany,0,3,3
Dyavi,3,0,3
Dyaz,3,0,3
Dybe,3,3,6
Dychairon,3,0,3
Dydema,0,3,3
Dyderik,3,0,3
Dydimus,3,3,6
Dyeaven,3,0,3
Dyella,0,3,3
Dyëlle,0,3,3
Dyenairo,3,0,3
Dyensley,3,0,3
Dyfna,0,3,3
Dyinti,3,3,6
Dyjon,3,0,3
Dyka,0,3,3
Dylaia,0,3,3
Dylainah,0,3,3
Dylaira,0,3,3
Dylaja,0,3,3
Dylán,3,0,3
Dylanio,3,0,3
Dylanna,0,3,3
Dylano-Jay,3,0,3
Dylarah,0,3,3
Dylario,3,0,3
Dylaya,0,3,3
Dylaylah,0,3,3
Dyleila,0,3,3
Dylencio,3,0,3
Dyléne,0,3,3
Dyleno,3,0,3
Dylhan,3,0,3
Dylicha,0,3,3
Dylila,0,3,3
Dylis,0,3,3
Dylisa,0,3,3
Dylliano,3,0,3
Dyllion,3,0,3
Dylsa,0,3,3
Dylshan,3,0,3
Dymaira,0,3,3
Dyme,3,3,6
Dymfi,0,3,3
Dymfina,0,3,3
Dymfnus,3,0,3
Dymo,3,0,3
Dymphana,0,3,3
Dymphanus,3,0,3
Dymphnie,3,3,6
Dynahra,0,3,3
Dynai,3,0,3
Dynamite,3,0,3
Dynaro,3,0,3
Dyne,0,3,3
Dyneke,0,3,3
Dynell,3,3,6
Dynesh,3,0,3
Dynesha,0,3,3
Dynevion,3,0,3
Dyni,3,3,6
Dynisa,0,3,3
Dynischa,0,3,3
Dynisia,0,3,3
Dynisio,3,0,3
Dynothra,0,3,3
Dynphy,0,3,3
Dyola,3,3,6
Dyonice,0,3,3
Dyonis,3,0,3
Dyonisa,0,3,3
Dyonisha,0,3,3
Dyonisus,3,0,3
Dyoniza,0,3,3
Dyonnara,0,3,3
Dyorin,3,0,3
Dyrah,0,3,3
Dyrano,3,0,3
Dyre,3,3,6
Dyrena,0,3,3
Dyrna,0,3,3
Dysai,3,0,3
Dysan,3,3,6
Dysanne,0,3,3
Dysen,3,0,3
Dyshant,3,0,3
Dyshantely,0,3,3
Dysharely,0,3,3
Dyshendro,3,0,3
Dyvainy,0,3,3
Dyvanni,3,0,3
Dyvaraisha,0,3,3
Dyvencio,3,0,3
Dyvinia,0,3,3
Dyvinio,3,0,3
Džan,3,0,3
Džanan,3,0,3
Dzanan,3,3,6
Dzani,3,0,3
Džejla,0,3,3
Džejlan,3,0,3
Dzemal,3,0,3
Dzenana,0,3,3
Dzengis,3,0,3
Dzenis,3,0,3
Dženita,0,3,3
Dzevadovitsj,3,0,3
Dzi,3,0,3
Dzigbordi,0,3,3
Dzila,0,3,3
Dzintra,0,3,3
Džiugas,3,0,3
Dzjengiz,3,0,3
Dzun,3,3,6
Dzwernitska,0,3,3
d'Achard,0,3,3
D'addario,3,0,3
D'adryell,3,0,3
D'Adryell,3,0,3
D'aevin,3,0,3
D'ailyson,3,0,3
D'aimee,0,3,3
D'Aisha,0,3,3
D'aishero,3,0,3
d'Alberto,3,0,3
d'Alessandra,0,3,3
D'alessandro,3,0,3
d'Alize,0,3,3
D'Allana,0,3,3
D'amore,0,3,3
D'Amori,0,3,3
D'Anchelo,3,0,3
D'Andra,0,3,3
D'andre,3,0,3
D'andrew,3,0,3
D'andro,3,0,3
D'Angel,3,0,3
d'Angel,3,0,3
D'angelea,0,3,3
D'Angelinho,3,0,3
D'angelinho,3,0,3
D'angelique,0,3,3
D'Angella,0,3,3
D'Angellino,3,0,3
D'Angello,3,0,3
D'Angelly,0,3,3
D'angélo,3,0,3
D'ángelo,3,0,3
D'Angelo-Valentino,3,0,3
D'Angelus,3,0,3
D'Angenoaux,3,0,3
D'angly,0,3,3
D'Ango,3,0,3
D'ango,3,0,3
D'aniya,0,3,3
D'ann,0,3,3
D'anne,0,3,3
D'Annely,0,3,3
D'anté,3,0,3
D'anthe,3,0,3
D'Anthony,3,0,3
D'any,3,0,3
D'Anzjhelo,3,0,3
D'Aprill,0,3,3
d'Arby,3,0,3
d'Arcy,3,0,3
D'argen,3,0,3
D'artagnan,3,0,3
d'Artagnan,3,0,3
D'Artagnaniël,3,0,3
d'Artangnan,3,0,3
d'Arzany,3,0,3
D'Ashmée,0,3,3
D'Asia,0,3,3
D'atra,0,3,3
D'avellone,0,3,3
D'avinia,0,3,3
D'Ayllis,0,3,3
D'ayven,3,0,3
D'Braillrion,3,0,3
D'cardo,3,0,3
D'cegaillio,3,0,3
D'chainey,0,3,3
D'chaira,0,3,3
D'Chairo,3,0,3
D'chandra,0,3,3
D'chandro,3,0,3
D'Chanell,0,3,3
D'Chano,3,0,3
D'Chantley,0,3,3
D'Chanyra,0,3,3
D'charaeley,0,3,3
D'charailey,0,3,3
D'charaily,0,3,3
D'charaino,3,0,3
D'Charell,0,3,3
D'charely,0,3,3
D'chavaino,3,0,3
D'chavainy,0,3,3
D'chavairo,3,0,3
D'Chaylee,0,3,3
D'Chayra,0,3,3
D'chayro,3,0,3
D'chelanio,3,0,3
D'chelonie,0,3,3
D'chendly,0,3,3
D'Chenelly,0,3,3
D'chenoa,0,3,3
D'chentely,0,3,3
D'cheraily,0,3,3
D'cherainio,3,0,3
D'chevainy,0,3,3
D'chevani,0,3,3
D'chevanno,3,0,3
D'Chivairo,3,0,3
D'chjeandro,3,0,3
D'Chon,3,0,3
D'cion,3,0,3
D'cyano,3,0,3
D'delinio,3,0,3
D'Denilyo,3,0,3
D'Derjeffasaëjano,3,0,3
D'Dyahnnisce,0,3,3
D'Dyëan,3,0,3
D'elanna,0,3,3
D'elany,0,3,3
D'Elenn,0,3,3
D'elijah,3,0,3
D'Elijah,0,3,3
D'elvaney,0,3,3
D'enchell,0,3,3
D'Engelly,0,3,3
D'enicha,0,3,3
D'Ëshaley,0,3,3
D'esta,0,3,3
d'Eugène,3,0,3
D'Evaino,3,0,3
D'faine,0,3,3
D'fainely,0,3,3
D'Fainely,0,3,3
D'Farenclyiö,3,0,3
D'fayeian,3,0,3
D'Fiënyi,0,3,3
D'Fymian,3,0,3
D'geaveney,0,3,3
D'Genthely,0,3,3
D'Gentley,0,3,3
D'Har-Chenoo,3,0,3
D'heavely,0,3,3
D'Hero,3,0,3
D'Iayshia,0,3,3
d'Ihvy,0,3,3
D'Imani,0,3,3
D'indiorley,0,3,3
D'Infinity,0,3,3
D'iony,3,0,3
D'iougdri,3,0,3
D'isaiyon,3,0,3
D'Iseo,3,0,3
D'ivaincheley,0,3,3
D'ivainy,0,3,3
D'iyonne,3,0,3
D'Jaëliano,3,0,3
D'Jaenalley,0,3,3
D'Jaevano,3,0,3
D'jahmyra,0,3,3
D'Jahvailey,0,3,3
D'Jahvina,0,3,3
D'Jahyno,3,0,3
D'jailey,0,3,3
D'Jaily,0,3,3
D'jair,3,0,3
D'jaïr,3,0,3
D'jalinna,0,3,3
D'Jamario,3,0,3
D'janairo,3,0,3
D'janelle,0,3,3
D'Jango,3,0,3
D'janjo,3,0,3
D'Jano,3,0,3
D'janoa,0,3,3
D'Jara,0,3,3
D'jarnïce,0,3,3
D'jaro,3,0,3
D'jarreau,3,0,3
D'Javanny,0,3,3
D'Javon,3,0,3
D'jay,3,0,3
D'Jáy,3,0,3
D'Jaydon,3,0,3
D'jayhmill,3,0,3
D'Jaylano,3,0,3
D'jayley,3,0,3
D'Jaylie,0,3,3
D'Jaylison,3,0,3
D'jayliza,0,3,3
D'Jaymairo,3,0,3
D'Jayna,0,3,3
D'jaynaï,3,0,3
D'Jaynairo,3,0,3
D'jaynaro,3,0,3
D'Jayneo,3,0,3
D'jayno,3,0,3
D'jayron,3,0,3
D'Jayvana,0,3,3
D'Jayvé,3,0,3
D'jayven,3,0,3
D'Jazer,3,0,3
D'Jazzy,0,3,3
d'Jeandré,3,0,3
D'jeandreau,3,0,3
D'jeandro,3,0,3
D'Jeanecey,0,3,3
D'Jeanécy,0,3,3
D'jeanery,3,0,3
D'Jeanine,0,3,3
D'jeanne-maé,0,3,3
D'jeayno,3,0,3
D'jeff,3,0,3
D'jeffano,3,0,3
D'jemairo,3,0,3
D'jemeo,3,0,3
D'jenaira,0,3,3
D'jenau,3,0,3
D'jenayra,0,3,3
D'Jengelo,3,0,3
d'Jenna,0,3,3
D'Jennvin,3,0,3
D'Jeny,0,3,3
D'jereau,3,0,3
D'jesmay,0,3,3
D'jessey,3,0,3
D'Jessey-Chloé,0,3,3
d'Jessie,3,0,3
D'Jessy,0,3,3
D'jevainey,0,3,3
D'jevainyo,3,0,3
D'jevan,3,0,3
D'Jevaneya,0,3,3
D'Jevaynio,3,0,3
D'jevaynio,3,0,3
D'jeyrenn,3,0,3
D'jhayél,3,0,3
D'Jhaylènce,3,0,3
D'jiomany,3,0,3
D'jirango,3,0,3
D'jlandró,3,0,3
D'jo,3,0,3
D'Jody,0,3,3
D'johnathan,3,0,3
D'Jolina,0,3,3
D'Jordan,3,0,3
D'josantos,3,0,3
D'Joshua,3,0,3
D'Josja,3,0,3
D'jowena,0,3,3
D'jowenna,0,3,3
D'Jowenna,0,3,3
D'joy,0,3,3
D'Juerero,3,0,3
D'juerero,3,0,3
D'julíano,3,0,3
D'Junior,3,0,3
D'jurvano,3,0,3
D'Jurving,3,0,3
D'Kayla,0,3,3
D'keliandro,3,0,3
D'Laeh,3,0,3
D'lailah,0,3,3
D'Laisyén,3,0,3
D'lancho,3,0,3
D'lancio,3,0,3
D'lanor,3,0,3
D'lanya,0,3,3
D'lasandro,3,0,3
D'laurent,3,0,3
D'layah,0,3,3
D'layna,0,3,3
D'layni,0,3,3
D'Layno,3,0,3
D'Leah,0,3,3
D'leanu,3,0,3
D'lee,3,0,3
d'Lee,0,3,3
D'Legendly,3,0,3
D'léh,3,0,3
D'lehvin,3,0,3
D'Lena,0,3,3
D'leon,3,0,3
D'Leyvaino,3,0,3
D'liana,0,3,3
D'liangelo,3,0,3
D'licia,0,3,3
D'Lijah,0,3,3
D'Lila,0,3,3
D'Lilah,0,3,3
D'Linho,3,0,3
D'Lisa,0,3,3
D'lon,3,0,3
D'lorean,3,0,3
D'lorian,3,0,3
D'lovely,0,3,3
D'Ltri,3,0,3
D'Lyano,3,0,3
D'Lychêna-Lee,0,3,3
D'lychia,0,3,3
D'lyciano,3,0,3
D'Lylah,0,3,3
D'lynn,0,3,3
D'Lysha,0,3,3
D'Lyshano,3,0,3
D'lysiah,0,3,3
D'Maiyro,3,0,3
D'Malson,3,0,3
D'mani,3,0,3
D'Maraisha,0,3,3
D'marco,3,0,3
D'margen,3,0,3
D'Mari,3,0,3
D'Marie,3,0,3
D'marion,3,0,3
D'Maro,3,0,3
D'marsh,3,0,3
D'maylicha,0,3,3
D'maylindro,3,0,3
D'Mayo,0,3,3
D'mayra,0,3,3
D'Mayra,0,3,3
D'Mayro,3,0,3
D'mayson,3,0,3
D'Mayson,3,0,3
D'mian,3,0,3
D'mico,3,0,3
D'milliano,3,0,3
D'mitrio,3,0,3
D'Mitry,3,0,3
D'nae,0,3,3
D'nahi,3,0,3
D'naichelina,0,3,3
D'naigelo,3,0,3
D'Naika,0,3,3
D'Nairo,3,0,3
D'naishya,0,3,3
D'Namy,0,3,3
D'nari,3,0,3
D'Nayjahzaidy,3,0,3
D'Nea,0,3,3
D'Neesha,0,3,3
D'nelsho,3,0,3
D'ngelo,3,0,3
D'nisha,0,3,3
d'Nitcha,0,3,3
D'Nylio,3,0,3
D'nysha,0,3,3
D'nyssey,0,3,3
D'nyttey,0,3,3
D'Ocean,3,0,3
D'omara,0,3,3
D'onel,3,0,3
D'onely,0,3,3
D'oveanny,3,0,3
D'quanchely,0,3,3
D'quenxio,3,0,3
D'quinsey,3,0,3
D'Quinsley,3,0,3
D'Rachell,0,3,3
D'rance,3,0,3
D'rayno,3,0,3
D'ream,3,0,3
D'rellyio,3,0,3
d'Riano,3,0,3
D'Roshayni,0,3,3
D'Roshayno,3,0,3
D'roylon,3,0,3
D'rsé,0,3,3
D'rueanly,3,0,3
D'ryce,3,0,3
D'Saraï,0,3,3
d'Saratoga,3,0,3
D'sayo,3,0,3
D'Sayo,3,0,3
D'Sayrah,0,3,3
D'sean-James,3,0,3
D'Seania,0,3,3
D'Serayah,0,3,3
D'serayah,0,3,3
D'sha,3,0,3
D'shadaem,3,0,3
D'Shaëdon,3,0,3
D'shaedon,3,0,3
D'Shaely,0,3,3
D'shaely,0,3,3
D'shailyèn,0,3,3
D'Shain-Marie,0,3,3
D'Shainaira,0,3,3
D'Shainery,0,3,3
D'Shainey,0,3,3
D'shainey,0,3,3
D'shaino,3,0,3
D'shaiya,0,3,3
D'shamorah,0,3,3
D'Shan,3,0,3
D'Shanaira,0,3,3
D'Shanayra,0,3,3
D'Shandro,3,0,3
D'shane,3,0,3
D'Shane,3,0,3
D'Shanee,0,3,3
D'shaniq,0,3,3
D'Shanira,0,3,3
D'shaniro,3,0,3
D'Shanna,0,3,3
D'Shanno,3,0,3
d'Shano,3,0,3
D'Shano,3,0,3
D'shantay,0,3,3
D'Shantell,0,3,3
D'Shantely,0,3,3
d'Shanti,0,3,3
D'shanti,0,3,3
d'Shanty,0,3,3
D'shanyro,3,0,3
D'sharayliah,0,3,3
D'sharell,0,3,3
D'Sharell,0,3,3
D'sharrel,0,3,3
D'Shauwn,3,0,3
D'Shawnee,0,3,3
D'Shay,3,0,3
D'shay,0,3,3
D'shaydan,3,0,3
D'shaydean,3,0,3
D'shayden,3,0,3
D'Shayn,0,3,3
D'Shayna,0,3,3
D'Shayraino,3,0,3
D'shayron,3,0,3
D'shealy,0,3,3
D'Sheany,0,3,3
D'shefynie,0,3,3
D'sheila,0,3,3
D'Shelainey,0,3,3
D'shely,0,3,3
D'shenae-lee,0,3,3
D'Shenaira,0,3,3
D'shenaya,0,3,3
D'shenny,0,3,3
D'Shentely,0,3,3
D'Shently,3,0,3
D'sherailo,3,0,3
D'sheraino,3,0,3
D'Shermany,0,3,3
D'Shevano,3,0,3
D'shine,0,3,3
D'Shinely,0,3,3
D'Shone,3,0,3
D'shure,3,0,3
D'shyna,0,3,3
D'Shyni,0,3,3
D'shyno,3,0,3
D'shyro,3,0,3
D'Stefano,3,0,3
D'tasha,0,3,3
D'Tayler,0,3,3
D'tjamto,3,0,3
D'twain,3,0,3
D'urgenië,0,3,3
D'Vaez,3,0,3
D'Vainchely,0,3,3
D'Vaino,3,0,3
D'Vainy,0,3,3
D'Vaira,0,3,3
D'vairo,3,0,3
D'Vallery,0,3,3
D'vanchelo,3,0,3
D'Vanda,0,3,3
D'Vangio,3,0,3
D'vaynel,3,0,3
D'vayra,0,3,3
D'velinio,3,0,3
D'Vencio,3,0,3
D'Venteley,3,0,3
D'Ventley,3,0,3
D'veonshayro,3,0,3
D'viano,3,0,3
D'vieance,3,0,3
D'Vienny,0,3,3
D'Viënshelly,0,3,3
D'vinah,0,3,3
D'Vine,0,3,3
D'vinechelly,0,3,3
D'viney,0,3,3
D'vinyo,3,0,3
D'vion,3,0,3
D'viornel,3,0,3
D'Vyaino,3,0,3
D'wayn,3,0,3
D'Wayne,3,0,3
D'wenjelo,3,0,3
D'x,3,0,3
D'xanairo,3,0,3
D'Xanio,3,0,3
D'xianee,0,3,3
D'xshareensherly,0,3,3
D'yah-Shea,0,3,3
d'Yameli,0,3,3
D'yani,0,3,3
D'yanley,3,0,3
D'yano,3,0,3
D'Yanthi,0,3,3
D'yany,0,3,3
D'yara,0,3,3
D'yengelo,3,0,3
D'yesi,3,0,3
D'Yonice,0,3,3
D'Yourea,0,3,3
d'Yquem,0,3,3
D'yva,0,3,3
D'Yvaughn,3,0,3
D'zaihro,3,0,3
D'zaineley,0,3,3
D'Zairo,3,0,3
D'Zanairo,3,0,3
D'zhahir,3,0,3
D'Zhayra,0,3,3
D'Zion,3,0,3
D'Zyah,0,3,3
D'zyan,3,0,3
D-Aldriën,0,3,3
D-Aldrinson,3,0,3
D-Andy,3,0,3
D-Angel,0,3,3
D-angelo,3,0,3
D-Angely,0,3,3
D-chany,0,3,3
D-chayneli,0,3,3
D-Cheraino,3,0,3
D-chiëntely,0,3,3
D-Faishely,0,3,3
D-Gentley,0,3,3
D-gently,0,3,3
D-jamilia,0,3,3
D-jandro,3,0,3
D-jason,3,0,3
D-Jean,3,0,3
D-Jeandro,3,0,3
D-jeanvierre,3,0,3
D-jemy,3,0,3
D-Jondre,3,0,3
D-Kay,3,0,3
D-Laylha,0,3,3
D-layne,0,3,3
D-Liann,0,3,3
D-Phanitsio,3,0,3
D-Sean,3,0,3
D-Shaino,3,0,3
D-Shaun,3,0,3
D-Shay,0,3,3
D-shayno,3,0,3
D-Shayra,0,3,3
D-shayra,0,3,3
D-Sheanely,0,3,3
D-sheeny,0,3,3
D-Shen,3,0,3
D-shyro,3,0,3
D-Vaino,3,0,3
D-Vaylo,3,0,3
D-Vayney,3,0,3
D-Venzley,3,0,3
D-von,3,0,3
D-vyna,0,3,3
D-Wendley,3,0,3
D-Zane,3,0,3
D-Zawn,3,0,3
D.von,3,0,3
Da'an,0,3,3
Da'chelle,0,3,3
Da'fienna,0,3,3
Da'Iza,0,3,3
Da'Melyes,0,3,3
Da'naëy,0,3,3
Da'valli,3,0,3
Da'vayron,3,0,3
Da-Gloria,0,3,3
Da-Hee,0,3,3
Da-Huong,0,3,3
Da-Jorlaine,0,3,3
Da-Jorliane,0,3,3
Da-Lima,3,0,3
Da-Mai,3,0,3
Da-Micha,0,3,3
Da-Million,3,0,3
Da-Ming,3,0,3
Da-Nea,0,3,3
Da-Neeshaley,0,3,3
Da-Noâ,0,3,3
Da-Shanty,0,3,3
Da-shawn,3,0,3
Da-silva,3,0,3
Da-sodea,0,3,3
Da-Vhéna,0,3,3
Da-Viènne,0,3,3
Da-Vinnio,3,0,3
Da-Vira,0,3,3
Da-wei,3,0,3
Da-Xi,3,0,3
Da-xia,0,3,3
Da-Yves,3,0,3
Daa'ud,3,0,3
Daaba,0,3,3
Daabyn,3,0,3
Daadom-Seiwaah,0,3,3
Daafie,3,0,3
Daahen,3,0,3
Daakira,0,3,3
Daaksh,3,0,3
Daale,0,3,3
Daalny,0,3,3
Daalyn,0,3,3
Daamia,0,3,3
Daan-Adriaan,3,0,3
Daan-Bart,3,0,3
Daan-Boudewijn,3,0,3
Daan-floris,3,0,3
Daan-Francis,3,0,3
Daan-Henk,3,0,3
Daan-Jelle,3,0,3
Daan-Julian,3,0,3
Daan-Luca,3,0,3
Daan-Martijn,3,0,3
Daan-Noah,3,0,3
Daan-Olivier,3,0,3
Daan-Pieter,3,0,3
Daan-Romano,3,0,3
Daan-Vir,3,0,3
Daan-Wouter,3,0,3
Daan-Yoah,3,0,3
Daananka,0,3,3
Daangelo,3,0,3
Daanie,0,3,3
Daaniek,3,0,3
Daaniël,3,0,3
Daanika,0,3,3
Daanisha,0,3,3
Daanius,3,0,3
Daanjulian,3,0,3
Daanka,3,0,3
Daannette,0,3,3
Daannii,0,3,3
Daanqia,0,3,3
Daanszn.,3,0,3
Daanvi,0,3,3
Daanyaal,3,0,3
Daargoush,3,0,3
Daartje,0,3,3
Daas,3,0,3
Daasebre-Asare,3,0,3
Daat,0,3,3
Daathtje,0,3,3
Daaud,3,0,3
Daauhw,3,0,3
Daauwe,3,0,3
Daave,0,3,3
Daavith,3,0,3
Daawen,3,0,3
Daawina,0,3,3
Daawoed,3,0,3
Daawoud,3,0,3
Daaya,0,3,3
Dab,3,0,3
Daban,3,0,3
Dabár,3,0,3
Dabbah,0,3,3
Dabber,3,0,3
Dabbous,3,0,3
Dabby,0,3,3
Dabe,3,0,3
Dabèrt,3,0,3
Dabiën,3,0,3
Dabiëndo,3,0,3
Dabiendo,3,0,3
Dabiënne,0,3,3
Dabigaïl,0,3,3
Dabike,0,3,3
Dabin,0,3,3
Dabirene,0,3,3
Dabis,0,3,3
Dabony,0,3,3
Dabora,0,3,3
Dabren,3,0,3
Dąbrowska,0,3,3
Dabsia,0,3,3
Dabwiso,3,0,3
Dabyan,3,0,3
Dabyenne,0,3,3
Dabyon,3,0,3
Dăc,3,0,3
Dacanda,0,3,3
Dacar,3,0,3
Daceinio,3,0,3
Dacen,3,0,3
Dacha,0,3,3
Dachairo,3,0,3
Dachané,0,3,3
Dachauny,0,3,3
Daché,0,3,3
Dachèn,0,3,3
Dachenco,3,0,3
Dachenko,3,0,3
Dachentely,0,3,3
Dacheny,0,3,3
Dachiell,3,0,3
Dachienia,0,3,3
Däcian,3,0,3
Daciana,0,3,3
Daciel,0,3,3
Dacienco,3,0,3
Dacienta,0,3,3
Dacill,0,3,3
Dacintha,0,3,3
Daciren,0,3,3
Daciro,3,0,3
Dacius,3,0,3
Dacjan,3,0,3
Dackin,3,0,3
Dacks,3,0,3
Dacotha,3,0,3
Dacsun,3,0,3
Dacwai,3,0,3
Dacy,0,3,3
Dadalja,3,0,3
Dadan,3,0,3
Dadar,3,0,3
Dadas,3,0,3
Dadash,3,0,3
Daddyta,0,3,3
Dadé,3,0,3
Dade,0,3,3
Dadebo,3,0,3
Dadel,3,0,3
Dadette,0,3,3
Dadia,0,3,3
Dadiara,0,3,3
Dadichi,0,3,3
Dadie,3,0,3
Dadieh,3,0,3
Dadina,0,3,3
Dadiñha,0,3,3
Dadiñho,3,0,3
Dádiva,0,3,3
Dádivandra,0,3,3
Dadja,0,3,3
Dadjane,0,3,3
Dadjar,3,0,3
Dadley,3,0,3
Dadrian,3,0,3
Dadurea,3,0,3
Dadyar,3,0,3
Dadze,3,0,3
Daé,0,3,3
Daë'shairon,3,0,3
Dae'shawn,3,0,3
Dae-Angel,0,3,3
Daë-Cherayno,3,0,3
Dae-Lily,0,3,3
Dae-Sean,3,0,3
Dae-Soo,3,0,3
Daee,3,0,3
Daeem,3,0,3
Daege,3,0,3
Daegon,3,0,3
Daejaune,3,0,3
Daejon,3,0,3
Daelán,3,0,3
Daelen,3,0,3
Daelesia,0,3,3
Daelhie,3,0,3
Daéliancé,0,3,3
Daeliano,3,0,3
Daéliano,3,0,3
Daelicia,0,3,3
Daelinho,3,0,3
Daelinn,0,3,3
Daeliyanah,0,3,3
Daëlle,0,3,3
Daellyn,0,3,3
Daélphi,0,3,3
Daelue,0,3,3
Daelun,3,0,3
Daélviröni,0,3,3
Daelyne,0,3,3
Daelys,0,3,3
Daelysa,0,3,3
Daem-Iann,3,0,3
Daeman,3,0,3
Daemé,0,3,3
Daemearis,0,3,3
Dáemian,3,0,3
Daemien,3,0,3
Daemio,3,0,3
Daemion,3,0,3
Daemis,3,0,3
Daën,0,3,3
Daenan,3,0,3
Daenaya,0,3,3
Daenayris,0,3,3
Daeni,0,3,3
Daeniek,0,3,3
Daeniel,3,0,3
Daenira,0,3,3
Daënne,0,3,3
Daeno,3,0,3
Daëno,3,0,3
Daens,3,0,3
Daentë,0,3,3
Daeny,0,3,3
Daenzo,3,0,3
Daeqon,3,0,3
Daequisa,3,0,3
Daequone,3,0,3
Daeran,3,0,3
Daerd,3,0,3
Daereyshell,3,0,3
Daerian,3,0,3
Daerièl,0,3,3
Daeryion,3,0,3
Daes,3,0,3
Daescha,0,3,3
Daesh,3,0,3
Daesha,0,3,3
Daeshanaira,0,3,3
Daeshaun,3,0,3
Daeshauna,0,3,3
Daeshaune,0,3,3
Daesian,3,0,3
Daesira,0,3,3
Daésy,0,3,3
Daetsje,0,3,3
Daevan,3,0,3
Daevani,0,3,3
Daevanisha,0,3,3
Daevano,3,0,3
Daevanti,0,3,3
Daeve,3,0,3
Daeveney,0,3,3
Daevenia,0,3,3
Daevenney,0,3,3
Daevi,3,0,3
Daevidmoore,3,0,3
Daevina,0,3,3
Daevina-Mae,0,3,3
Daêvion,3,0,3
Daevion,3,0,3
Daévon,3,0,3
Daevyan,3,0,3
Daevyna,0,3,3
Daewen,3,0,3
Daeyen,3,0,3
Daeylen,3,0,3
Daézah,0,3,3
Dafalla,3,0,3
Dafana,0,3,3
Dafania,0,3,3
Dafaro,3,0,3
Dafbert,3,0,3
Dafé,0,3,3
Dafei,3,0,3
Dafeldjho,3,0,3
Dafenio,3,0,3
Dafeny,0,3,3
Daferna,0,3,3
Daffeliën,3,0,3
Daffeney,0,3,3
Daffney,0,3,3
Daffy,0,3,3
Daffyd,3,0,3
Dafhiely,0,3,3
Dafiana,0,3,3
Dafiara,0,3,3
Dafid,3,0,3
Dafiënely,0,3,3
Dafiëri,3,0,3
Dafiet,3,0,3
Dafilon,3,0,3
Dafine,0,3,3
Dafinn,3,0,3
Dafinnety,0,3,3
Dafir,3,0,3
Dafith,3,0,3
Dafiya,0,3,3
Dafke,0,3,3
Dafné,0,3,3
Dafne-Linn,0,3,3
Dafney,0,3,3
Dafra,0,3,3
Dafra-Kalo,0,3,3
Dafrann,0,3,3
Daftinja,0,3,3
Daftony,0,3,3
Dafyd,3,0,3
Dafýdd,3,0,3
Dafydd-Joël,3,0,3
Dafylio,3,0,3
Daganay,3,0,3
Dagéa,0,3,3
Dagelet,0,3,3
Dageling,3,0,3
Dageno,3,0,3
Dager,3,0,3
Dagevosina,0,3,3
Dagevossina,0,3,3
Dagfinn,3,0,3
Daghalie,0,3,3
Daĝhan,3,0,3
Daghan,3,0,3
Daghild,0,3,3
Dagho,3,0,3
Daghonet,3,0,3
Dagiaimo,3,0,3
Dagıstan,3,0,3
Dağıştan,3,0,3
Dagistan,3,0,3
Dağlar,0,3,3
Dagmag,0,3,3
Dagmagentha,0,3,3
Dagman,3,0,3
Dagmar-Anne,0,3,3
Dagmar-Ines,0,3,3
Dagmar-Kirsten,0,3,3
Dagmaris,0,3,3
Dagmawe,3,0,3
Dagmawit,0,3,3
Dagmir,3,0,3
Dagmund,3,0,3
Dagni,0,3,3
Dagnie,0,3,3
Dagnir,3,0,3
Dagoberth,3,0,3
Dagoberto,3,0,3
Daǵoda,0,3,3
Dagogo,3,0,3
Dagomé,0,3,3
Dagonella,0,3,3
Dagonet,3,0,3
Dagors,3,0,3
Dagowyn,3,0,3
Dagra,0,3,3
Daguillio,3,0,3
Dagwin,3,0,3
Dah-Kee,3,0,3
Dah-Lencia,0,3,3
Dahaba,0,3,3
Dahailia,0,3,3
Dahaily,3,0,3
Dahalek,3,0,3
Dahana,0,3,3
Dahanna,0,3,3
Dahayra,0,3,3
Dahb,0,3,3
Dahbiya,0,3,3
Dahcyanto,3,0,3
Daheydrion,3,0,3
Dahiana,0,3,3
Dahiann,0,3,3
Dahianny,0,3,3
Dahiersha,0,3,3
Dahilia,0,3,3
Dahim,3,0,3
Dahisja,0,3,3
Dahjenne,0,3,3
Dahjeven,3,0,3
Dahkunsha,0,3,3
Dahla,0,3,3
Dahlay,3,0,3
Dahlayla,0,3,3
Dahleeyah,0,3,3
Dahleyan,3,0,3
Dahliah,0,3,3
Dahlian,3,0,3
Dahliano,3,0,3
Dahlida,0,3,3
Dáhlie,0,3,3
Dahliën,0,3,3
Dahlil,3,0,3
Dahlina,0,3,3
Dahlit,0,3,3
Dahliyani,0,3,3
Dahlja,0,3,3
Dahlyla,0,3,3
Dahmain,3,0,3
Dahmeliz,0,3,3
Dahmeni,3,0,3
Dahnaé,0,3,3
Dahndray,3,0,3
Dahneen,0,3,3
Dahnisha,0,3,3
Dahniya,0,3,3
Dahnon,0,3,3
Dahntay,3,0,3
Dahnyël,3,0,3
Dahomy,0,3,3
Dahou,3,0,3
Dahpne,0,3,3
Dahrel,3,0,3
Dahrell,3,0,3
Dahrenio,3,0,3
Dahri,3,0,3
Dahrlé,0,3,3
Dahrti,3,0,3
Dahun,3,0,3
Dahvelley,0,3,3
Dahví,3,0,3
Dahvine,0,3,3
Dahwaan,0,3,3
Dahwar,3,0,3
Dahyanara,0,3,3
Dahyani,0,3,3
Dahyra,0,3,3
Dahyshanira,0,3,3
Daï,3,0,3
Dai'chano,3,0,3
Dai-B'enji,3,0,3
Dai-Eveny,0,3,3
Dai-Jurdyön,3,0,3
Dai-Li,0,3,3
Dai-Rainne,0,3,3
Dai-Roegjaira,0,3,3
Dài-Shyne,3,0,3
Dai-Syna,0,3,3
Dài-Xi,0,3,3
Dai-Zshia,0,3,3
Daía,0,3,3
Daianyrah,0,3,3
Dáiara,0,3,3
Daibey,0,3,3
Daibhéid,3,0,3
Daibo,3,0,3
Daic,3,0,3
Daicennic,3,0,3
Daïcha,0,3,3
Daichaira,0,3,3
Daichan,3,0,3
Daichendro,3,0,3
Daichenna,0,3,3
Daichiro,3,0,3
Daiciano,3,0,3
Daicka,0,3,3
Daico,3,0,3
Daicy-Moïse,0,3,3
Daidan,3,0,3
Daidelyn,0,3,3
Daiden,0,3,3
Daiderk,3,0,3
Daidfiënne,0,3,3
Daidi,3,0,3
Daiding,3,0,3
Daidley,3,0,3
Daidneyro,3,0,3
Daidneyse,0,3,3
Daie,3,0,3
Daiéli,0,3,3
Daïeli,0,3,3
Daïell,3,0,3
Daielle,0,3,3
Daïelle,0,3,3
Daièn,0,3,3
Daiène,0,3,3
Daïenira,0,3,3
Daiënis,0,3,3
Daiënka,0,3,3
Daiënna,0,3,3
Daienne,0,3,3
Daiennèra,0,3,3
Daienny,0,3,3
Daifa,0,3,3
Daifaino,3,0,3
Daifiënshely,0,3,3
Daifilo,3,0,3
Daigendra,0,3,3
Daigèndry,3,0,3
Daigerion,3,0,3
Daigolé,3,0,3
Daigorius,3,0,3
Daihene,0,3,3
Daihly,3,0,3
Daihro,3,0,3
Daijah,0,3,3
Daíjan,0,3,3
Daijansing,3,0,3
Daijchiro,3,0,3
Daijene,0,3,3
Daijenne,0,3,3
Daijira,0,3,3
Daijnelly,0,3,3
Daijoney,3,0,3
Daijorence,3,0,3
Daijurdiön,3,0,3
Daijurviëne,0,3,3
Daiko,3,0,3
Daïl,3,0,3
Daïla,0,3,3
Daila-Leigh,0,3,3
Dailane,0,3,3
Dailatul,0,3,3
Dailavi,0,3,3
Dailayla,0,3,3
Dailee,3,0,3
Dailena,0,3,3
Dailenn,0,3,3
Dailexienne,0,3,3
Dailey-Jay,0,3,3
Daili,0,3,3
Dailian,3,0,3
Dailiana,0,3,3
Dailiën,3,0,3
Dailil-Darnoc,0,3,3
Dailindy,0,3,3
Dailing,0,3,3
Dailinh,3,0,3
Dailino,3,0,3
Dailisha,0,3,3
Dailley,3,0,3
Daillisson,3,0,3
Daillon,3,0,3
Dailly,3,0,3
Dailola,3,0,3
Dailson,3,0,3
Dâily,0,3,3
Dailyan,3,0,3
Dailychia,0,3,3
Dailyciano,3,0,3
Dailyron,3,0,3
Dailysha,0,3,3
Dâim,3,0,3
Daïma,0,3,3
Daimairah,0,3,3
Daimar,3,0,3
Daimaris,0,3,3
Daimayron,3,0,3
Daime,0,3,3
Daimeé,0,3,3
Däimen,3,0,3
Daimeron,3,0,3
Daimian-Orion,3,0,3
Daimicha,0,3,3
Daimién,3,0,3
Daimier,3,0,3
Daimiley,0,3,3
Daimily,0,3,3
Daimina,0,3,3
Daimio,3,0,3
Daimiron,3,0,3
Daimly,3,0,3
Daimmion,3,0,3
Daimro,3,0,3
Daimuni,3,0,3
Daimy-,0,3,3
Daimy-Jayson,3,0,3
Daimy-Lee,0,3,3
Daimyana,0,3,3
Daimŷo,3,0,3
Dáin,3,0,3
Dainadira,0,3,3
Dainahaira,0,3,3
Dainahara,0,3,3
Dainaly,0,3,3
Dainamo,0,3,3
Dainan,3,0,3
Dainath,3,0,3
Dainé,0,3,3
Daïne,0,3,3
Daineen,0,3,3
Däinéira,0,3,3
Dainela,0,3,3
Dainely,0,3,3
Dainetty,0,3,3
Dainice,0,3,3
Dainisha,0,3,3
Dainishah,0,3,3
Dainisja,0,3,3
Dainivo,3,0,3
Dainne,0,3,3
Dainovich,3,0,3
Dainsley,3,0,3
Dainsly,3,0,3
Daint,3,0,3
Dainten,3,0,3
Dainty,0,3,3
Dainyo,3,0,3
Daionel,3,0,3
Dáire,3,0,3
Daireena,0,3,3
Dairell,3,0,3
Dairely,3,0,3
Dairelys,0,3,3
Dairendjio,3,0,3
Dairetty,0,3,3
Dairi,0,3,3
Dairichka,0,3,3
Dairick,3,0,3
Dairile,0,3,3
Dairinio,3,0,3
Dairis,0,3,3
Dairison,3,0,3
Dairmuid,3,0,3
Dairomar,3,0,3
Dairone,3,0,3
Dairson,3,0,3
Dairus,3,0,3
Dairway,3,0,3
Dairysa,0,3,3
Dairyvien,0,3,3
Daisa,0,3,3
Daischa,0,3,3
Daisean,3,0,3
Daisel,3,0,3
Daisey-Maria,0,3,3
Daish,3,0,3
Daishall,0,3,3
Daishantely,0,3,3
Daishawn,3,0,3
Daishaydrickson,3,0,3
Daishayneally,0,3,3
Daishayra,0,3,3
Daisheline,0,3,3
Daishellin,0,3,3
Daishely's,0,3,3
Daishenela,0,3,3
Daishently,3,0,3
Daisherino,3,0,3
Daishia,0,3,3
Daishley,0,3,3
Daïshmiro,3,0,3
Daishudira,0,3,3
Daishuron,3,0,3
Daishyneira,0,3,3
Daishyré,0,3,3
Däisia,0,3,3
Daisian,0,3,3
Daisid,3,0,3
Daisie,0,3,3
Daisja,0,3,3
Daisje,0,3,3
Daïsy,0,3,3
Daisy'ara,0,3,3
Daisy-Anna,0,3,3
Daisy-Beau,0,3,3
Daisy-Elvis,0,3,3
Daisy-Faye,0,3,3
Daisy-Jo,0,3,3
Daisy-Joyce,0,3,3
Daisy-Julia,0,3,3
Daisy-Lynne,0,3,3
Daisy-Mae,0,3,3
Daisy-May,0,3,3
Daisy-Priscilla,0,3,3
Daisy-Rae,0,3,3
Daisy-Ray,0,3,3
Daisy-Sue,0,3,3
Daisyah,0,3,3
Daisyarah,0,3,3
Daisydaira,0,3,3
Daisylinda,0,3,3
Daisynaisia,0,3,3
Daisyvienne,0,3,3
Daisyvikah,0,3,3
Daitaro,3,0,3
Daith,3,0,3
Daity,0,3,3
Daivani,3,0,3
Daïvaro,3,0,3
Daivat,3,0,3
Daive,3,0,3
Daivelien,0,3,3
Daivelon,3,0,3
Daiverke,0,3,3
Daiviany,0,3,3
Daivid,3,0,3
Daivik,3,0,3
Daivison,3,0,3
Daivon,3,0,3
Daivrin,3,0,3
Daivya,0,3,3
Daivyan,3,0,3
Daivyen,3,0,3
Daiwa,0,3,3
Daiwei,3,0,3
Daiwen,3,0,3
Daiwid,3,0,3
Daiwin,0,3,3
Daixy-Shawn,3,0,3
Daiy,3,0,3
Daiya,0,3,3
Daiyalyshandra,0,3,3
Daiyanara,0,3,3
Daiyanna,0,3,3
Daiyel,0,3,3
Daiyenn,0,3,3
Daiyenne,0,3,3
Daiylan,0,3,3
Daiynairo,3,0,3
Daiyniro,3,0,3
Daiyon,3,0,3
Daizah,0,3,3
Daizanna,0,3,3
Daizany,0,3,3
Daizeline,0,3,3
Daizhuo,3,0,3
Daizij,0,3,3
Daizilin,0,3,3
Dajah,0,3,3
Dajamara,0,3,3
Dajan,3,0,3
Dajanaly,0,3,3
Dajanan,3,0,3
Dajanitha,0,3,3
Dajanna,0,3,3
Dajano,3,0,3
Dajanti,0,3,3
Dajantie,0,3,3
Dajaram,3,0,3
Dajaro,3,0,3
Dajeandra,0,3,3
Dajeanté,0,3,3
Dajen,0,3,3
Dajén,0,3,3
Dajene,0,3,3
Dajenha,0,3,3
Dajenn,0,3,3
Dajènn,0,3,3
Dajenna,0,3,3
Dajev,3,0,3
Dajha,0,3,3
Dajhelon,3,0,3
Dajhlina,0,3,3
Dajhon,3,0,3
Dajian,3,0,3
Dajim,3,0,3
Dajinderkaur,0,3,3
Dajiro,3,0,3
Dajla,0,3,3
Dajmen,3,0,3
Dajohn,0,3,3
Dajoni,3,0,3
Dajonne,0,3,3
Dajour,0,3,3
Dajren,3,0,3
Dajrick,3,0,3
Daju,0,3,3
Dajumo,0,3,3
Dakai,3,0,3
Dakaja,0,3,3
Dakarai,3,0,3
Dakaray-Chinelo,3,0,3
Dake-Paul,3,0,3
Dakeesha,0,3,3
Dakhaya,0,3,3
Dakia,0,3,3
Dakirah,0,3,3
Dakisha,0,3,3
Dakita,0,3,3
Dakkar,3,0,3
Dakoda,0,3,3
Dakodah,0,3,3
Dakohta,0,3,3
Dakota-Rose,0,3,3
Dakpannah,3,0,3
Daks-Jan,3,0,3
Daksadwiatmaka,3,0,3
Dakshaesh,3,0,3
Dakshanan,3,0,3
Dakshayani,0,3,3
Dakshita,0,3,3
Daksoh,3,0,3
Dakwaa,0,3,3
Dakyvion,3,0,3
Dalacha,0,3,3
Dalainys,0,3,3
Dalaisha,0,3,3
Dalander,3,0,3
Dalane,0,3,3
Dalanie,0,3,3
Dalaniya,0,3,3
Dalann,0,3,3
Dalantia,0,3,3
Dalanyo,3,0,3
Dalas,3,0,3
Dalawar,3,0,3
Dalaya,0,3,3
Dalbary,3,0,3
Dalber,3,0,3
Dalberd,3,0,3
Dalbert,3,0,3
Dalcindia,0,3,3
Dalcy,0,3,3
Dalé,0,3,3
Daléah,0,3,3
Daleashya,0,3,3
Daleé,0,3,3
Daleeys,0,3,3
Daléh,3,0,3
Daleir,3,0,3
Daleisha,0,3,3
Dalek,3,0,3
Dalela,0,3,3
Dalen,3,0,3
Dalèn,3,0,3
Dalencia,0,3,3
Dalenda,0,3,3
Daleno,3,0,3
Dalenta,0,3,3
Dalenya,0,3,3
Daleö,3,0,3
Däley,3,0,3
Daley-Glenn,3,0,3
Daley-Jan,3,0,3
Daley-Joëll,3,0,3
Daleyah,0,3,3
Daleylah,0,3,3
Daleyni,0,3,3
Daleyshia,0,3,3
Daleysia,0,3,3
Dalğiç,3,0,3
Dalhia,0,3,3
Dalhino,3,0,3
Dali-Alain,3,0,3
Dalí-Joona,0,3,3
Dália,0,3,3
Dálian,3,0,3
Daliane,0,3,3
Daliangel,3,0,3
Dalianka,0,3,3
Dalíanne,0,3,3
Daliba,0,3,3
Dalice,3,0,3
Dalicha,0,3,3
Dalichia,0,3,3
Daliciano,3,0,3
Dalidjo,3,0,3
Dalieke,0,3,3
Daliela,0,3,3
Daliem,0,3,3
Daliep,3,0,3
Daliet,0,3,3
Dalijla,0,3,3
Dalijo,3,0,3
Dalík,3,0,3
Dalileh,0,3,3
Dalilha,0,3,3
Dalillah,0,3,3
Dalilú,0,3,3
Dalimila,0,3,3
Dalimir,3,0,3
Dálin,3,0,3
Dalindcy,0,3,3
Dalinde,0,3,3
Dalinho,3,0,3
Dalini,0,3,3
Dalinian,3,0,3
Dalinsio,3,0,3
Dalinten,3,0,3
Dalintin,3,0,3
Dalinyo,3,0,3
Dalio,3,0,3
Dalion,3,0,3
Dalique,0,3,3
Dalis,0,3,3
Dalischia,0,3,3
Dalise,0,3,3
Dalísha,0,3,3
Dalishaj,0,3,3
Dalishya,0,3,3
Dalisiën,0,3,3
Daliska,0,3,3
Dalisyah,0,3,3
Daliszia,0,3,3
Dalita-Maria,0,3,3
Dalitcio,3,0,3
Dalito,3,0,3
Dalitsio,3,0,3
Dalivia,0,3,3
Dalivio,3,0,3
Dalivion,3,0,3
Dalivo,3,0,3
Dalixx,0,3,3
Dalíyah,0,3,3
Daliyah-Dana,0,3,3
Daliza,0,3,3
Dalíze,0,3,3
Dalize,0,3,3
Dalko,3,0,3
Dallaiy,3,0,3
Dallajee,3,0,3
Dallanda,0,3,3
Dallaz,0,3,3
Dallen,3,0,3
Dallena,0,3,3
Dalles,0,3,3
Dallet,3,0,3
Dalley,3,0,3
Dalléyano,3,0,3
Dallia,0,3,3
Dallian,3,0,3
Dallil,3,0,3
Dallila,0,3,3
Dallin,0,3,3
Dallina,0,3,3
Dallion,3,0,3
Dallo,0,3,3
Dallon,3,0,3
Dallycia,0,3,3
Dalmare,0,3,3
Dalmeet,3,0,3
Dalmer,3,0,3
Dalmiro,3,0,3
Dalnice,0,3,3
Dalo,3,0,3
Dalol,0,3,3
Dalon,3,0,3
Daloña,0,3,3
Dalore,0,3,3
Dalorim,3,0,3
Daloushmara,0,3,3
Daloux,0,3,3
Dalphano,3,0,3
Dalphons,3,0,3
Dalphy,0,3,3
Dalrin,0,3,3
Dalroy,3,0,3
Dalrymple,0,3,3
Dalsan,0,3,3
Dalshad,3,0,3
Dalsio,3,0,3
Dalt,3,0,3
Dalten,3,0,3
Daltinoh,3,0,3
Daluc,3,0,3
Dalucca,3,0,3
Dalusong,3,0,3
Dalva,0,3,3
Dalvano,3,0,3
Dalvaro,3,0,3
Dalvey,3,0,3
Dâlvin,3,0,3
Dalvyn,3,0,3
Dalwin,3,0,3
Dalwín,0,3,3
Dalwina,0,3,3
Dalyaisa,0,3,3
Dalycha,0,3,3
Dalyda,0,3,3
Dalydia,0,3,3
Dalyena,0,3,3
Dalyenna,0,3,3
Dalylah,0,3,3
Dalym,3,0,3
Dalynda,0,3,3
Dalynio,3,0,3
Dalynnja,0,3,3
Dalyno,3,0,3
Dalysa,0,3,3
Dalysho,3,0,3
Dalysio,3,0,3
Dalyssion,3,0,3
Damacenus,3,0,3
Damacio,3,0,3
Damae,0,3,3
Damaè,0,3,3
Damaël,3,0,3
Damaer,3,0,3
Damage,0,3,3
Damahny,3,0,3
Damai-Yanti,0,3,3
Damaihro,3,0,3
Damaijanti,0,3,3
Damailo,3,0,3
Damaïn,3,0,3
Damaina,0,3,3
Damaindath,3,0,3
Damaine,3,0,3
Damairah,0,3,3
Damairon,3,0,3
Damaisa,0,3,3
Damaja,0,3,3
Damajanti,0,3,3
Damalé,3,0,3
Damalie,0,3,3
Damalya,0,3,3
Dáman,3,0,3
Damanda,0,3,3
Damane,3,0,3
Damange,0,3,3
Damania,0,3,3
Damanichio,3,0,3
Damanidevi,0,3,3
Damaninder,3,0,3
Damanique,0,3,3
Damanius,3,0,3
Damanjä,0,3,3
Damanjanti,0,3,3
Damanjit,3,0,3
Damanjodh,3,0,3
Damanjot,0,3,3
Damanpreet,0,3,3
Damansio,3,0,3
Damanti,0,3,3
Dämany,3,0,3
Dàmar,0,3,3
Damarco,3,0,3
Damardjati,3,0,3
Damarice,0,3,3
Damarichio,3,0,3
Damaricio,3,0,3
Damarida,0,3,3
Damarie,3,0,3
Damaries,0,3,3
Damarin,0,3,3
Damarinio,3,0,3
Damarish,0,3,3
Damaritzio,3,0,3
Dámariz,0,3,3
Damarjati,3,0,3
Damarwoelan,3,0,3
Damaryth,0,3,3
Dàmas,3,0,3
Dámasa,0,3,3
Damascemis,3,0,3
Damascena,0,3,3
Damascenes,3,0,3
Damasceno,3,0,3
Damasé,3,0,3
Damases,3,0,3
Dámaso,3,0,3
Damason,3,0,3
Damassus,3,0,3
Damatey,3,0,3
Damatia,0,3,3
Damato,3,0,3
Damatta,0,3,3
Damáy,0,3,3
Damayé,0,3,3
Damayhathy,0,3,3
Damayne,0,3,3
Damazia,0,3,3
Damazio,3,0,3
Damazo,3,0,3
Damba,0,3,3
Dambar,3,0,3
Dambasa,0,3,3
Dambi,0,3,3
Damchü,0,3,3
Damcor,3,0,3
Damcy,0,3,3
Damdini,0,3,3
Daméa,0,3,3
Damée,0,3,3
Damee,0,3,3
Dameike,0,3,3
Damel,3,0,3
Damèl,0,3,3
Damelca,0,3,3
Damelie,0,3,3
Damèll,3,0,3
Damencio,3,0,3
Daméni,3,0,3
Damenjit,3,0,3
Dameny,0,3,3
Damera,0,3,3
Damerai,3,0,3
Dameraye,3,0,3
Damereo,3,0,3
Damerie,0,3,3
Damerio,3,0,3
Damerion,3,0,3
Damesh,3,0,3
Dameshio,3,0,3
Damestina,0,3,3
Dameyan,3,0,3
Dameyanthé,3,0,3
Damhoetja,0,3,3
Dàmi,3,0,3
Dami-Jan,3,0,3
Dami-Noam,3,0,3
Damiaat,0,3,3
Damiân,3,0,3
Damian-Colin,3,0,3
Damian-Dean,3,0,3
Damián-Duardo,3,0,3
Damian-Erik,3,0,3
Damian-Jackson,3,0,3
Damian-Jaden,3,0,3
Damian-Joy,3,0,3
Damian-Scott,3,0,3
Damian-Wabe,3,0,3
Damiané,3,0,3
Damianes,3,0,3
Damiangelo,3,0,3
Damianté,0,3,3
Damianu,3,0,3
Damiaõ,3,0,3
Damiaro,3,0,3
Damiat,0,3,3
Damiata,0,3,3
Damic,3,0,3
Damieana,0,3,3
Damieano,3,0,3
Damiëdo,3,0,3
Damieën,3,0,3
Damiejel,3,0,3
Damielle,0,3,3
Damiëm,3,0,3
Damiên,3,0,3
Damïen,3,0,3
Dämiën,3,0,3
Damien-Bob,3,0,3
Damiën-Dylano,3,0,3
Damien-Mitchell,3,0,3
Damiën-Timothy,3,0,3
Damiena,0,3,3
Damiendo,3,0,3
Damiendö,3,0,3
Damiendto,3,0,3
Damiene,3,0,3
Damiënkoemar,3,0,3
Damiënso,3,0,3
Damiënte,0,3,3
Damiënthly,3,0,3
Damiënto,3,0,3
Damienus,3,0,3
Damier,3,0,3
Damiëra,0,3,3
Damiëtta,0,3,3
Damigo,3,0,3
Damihlo,3,0,3
Damijanus,3,0,3
Damijne,0,3,3
Damijntje,0,3,3
Damijo,3,0,3
Damil,3,0,3
Damilah,0,3,3
Damilda,0,3,3
Damilena,0,3,3
Damili,0,3,3
Damilia,0,3,3
Damilian,3,0,3
Damilla,0,3,3
Damille,3,0,3
Damillia,0,3,3
Damilly,0,3,3
Damilse,0,3,3
Damilson,3,0,3
Damilya,0,3,3
Damilyano,3,0,3
Dâmin,3,0,3
Damin-Dien,3,0,3
Damin-Noah,3,0,3
Damin-rida-anouar,3,0,3
Daminanthey,0,3,3
Daminca,0,3,3
Damindra,0,3,3
Damine-Dine,3,0,3
Damingo,3,0,3
Daminguz,3,0,3
Daminh,3,0,3
Dámini,0,3,3
Damini-Devi,0,3,3
Damini-Jane,0,3,3
Daminianus,3,0,3
Daminidebie,0,3,3
Daminio,3,0,3
Dâminique,0,3,3
Daminka,0,3,3
Damino,3,0,3
Damintha,0,3,3
Damintie,0,3,3
Daminyo,3,0,3
Dämion,3,0,3
Damione,0,3,3
Damiqa,0,3,3
Damir-Levi,3,0,3
Damirah,0,3,3
Damiran,3,0,3
Damireldo,3,0,3
Damirie,3,0,3
Damisch,3,0,3
Damíse,0,3,3
Dämishia,0,3,3
Damiso,3,0,3
Damitia,0,3,3
Damitri,3,0,3
Damitscha,0,3,3
Damitsja,0,3,3
Damiya,0,3,3
Damiyah,0,3,3
Damiyani,0,3,3
Damiyano,3,0,3
Damiyon,3,0,3
Damizo,3,0,3
Damiøn,3,0,3
Damjana,0,3,3
Damjando,3,0,3
Damjentie,0,3,3
Damju,0,3,3
Damketh,3,0,3
Damkwah,0,3,3
Damla-Neris,0,3,3
Damlaa,0,3,3
Damlasu,0,3,3
Dammale,3,0,3
Damman,3,0,3
Dammar,3,0,3
Dammaris,0,3,3
Dammarys,0,3,3
Dammelies,0,3,3
Dammendeep,3,0,3
Dammer,3,0,3
Dammers,3,0,3
Dammesje,0,3,3
Dammi,3,0,3
Dammie,3,0,3
Dammiën,3,0,3
Dammila,0,3,3
Dammina,0,3,3
Dammis-Jan,3,0,3
Dammisje,0,3,3
Dammyano,3,0,3
Damnoda,0,3,3
Damocles,3,0,3
Damodar,3,0,3
Damodara,3,0,3
Damodari,0,3,3
Damoetcha,0,3,3
Damoh,3,0,3
Damone,3,0,3
Damorio,3,0,3
Damoris,0,3,3
Damour,3,0,3
Damoutsia,0,3,3
Damphy,0,3,3
Damrie,3,0,3
Damrina,0,3,3
Damrio,3,0,3
Damsara,3,0,3
Damsho,3,0,3
Damson,0,3,3
Damudjin,3,0,3
Damuschia,0,3,3
Dämy,3,0,3
Damy-Jayden,3,0,3
Damyam,3,0,3
Damyann,3,0,3
Damyantie,0,3,3
Damyâr,0,3,3
Damyas,3,0,3
Damycialy,0,3,3
Dâmyen,3,0,3
Damylle,0,3,3
Damyn,3,0,3
Damynis,0,3,3
Damyo,3,0,3
Damyôn,3,0,3
Damyr,3,0,3
Damyres,0,3,3
Damyro,3,0,3
Damyscha,0,3,3
Damysone,3,0,3
Damysue,0,3,3
Damytha,0,3,3
Dân,3,0,3
Dan'l,3,0,3
Dan-El,3,0,3
Dan-I-Jah,0,3,3
Dan-i-jah,0,3,3
Dan-Jomario,3,0,3
Dan-Thūy,0,3,3
Dan-Vu,3,0,3
Dan-vy,0,3,3
Dan-Yel,0,3,3
Dana-Colien,0,3,3
Dana-Dawn,0,3,3
Dana-Debora,0,3,3
Dana-Eliza,0,3,3
Dana-Esmé,0,3,3
Dana-gay,3,0,3
Dana-Jaimy,0,3,3
Dana-Lee,0,3,3
Dana-Mae,0,3,3
Dana-Maria,0,3,3
Danaan,3,0,3
Danadam,0,3,3
Dañae,0,3,3
Dánae,0,3,3
Danâe,0,3,3
Danaë-Anne,0,3,3
Danae-Lize,0,3,3
Danaé-Lynn,0,3,3
Daňaee,3,0,3
Danaeë,0,3,3
Danael,3,0,3
Danafae,0,3,3
Danagan,3,0,3
Danah-Jane,0,3,3
Danahi,3,0,3
Danahue,3,0,3
Danaïa,0,3,3
Danaia,0,3,3
Danaie,3,0,3
Danaiet,0,3,3
Danail,3,0,3
Danaisa,0,3,3
Danaisha,0,3,3
Danaishely,0,3,3
Danaisley,0,3,3
Danaiyo,3,0,3
Danaja,0,3,3
Danajaa,0,3,3
Danajé,0,3,3
Danajella,0,3,3
Danalar,3,0,3
Danaldo,3,0,3
Dánaléé,0,3,3
Danalee,0,3,3
Danaley,0,3,3
Danalha,0,3,3
Danaliena,0,3,3
Danaline,0,3,3
Danamia,0,3,3
Danamina,0,3,3
Danang,3,0,3
Danangelo,3,0,3
Dananh,3,0,3
Dananique,0,3,3
Danaque,0,3,3
Danardo,3,0,3
Danari,0,3,3
Danaris,0,3,3
Danarosa,0,3,3
Danascha,0,3,3
Danasha,0,3,3
Danashley,0,3,3
Danasri,0,3,3
Danate,0,3,3
Danates,3,0,3
Danatus,3,0,3
Danau,3,0,3
Danaugh,0,3,3
Danaus,3,0,3
Danautry,0,3,3
Danavir,3,0,3
Danawit,0,3,3
Danayé,0,3,3
Danayet,0,3,3
Danayra,0,3,3
Danayza,0,3,3
Danca,0,3,3
Dance,3,0,3
Danceley,3,0,3
Dancelino,3,0,3
Dancello,3,0,3
Danchelle,0,3,3
Dancher,3,0,3
Dancho,3,0,3
Danchomar,3,0,3
Danchu,3,0,3
Danciëlle,0,3,3
Dancingqueen,0,3,3
Dancio,3,0,3
Danckmer,3,0,3
Dancula,0,3,3
Dand,3,0,3
Dandario,3,0,3
Dandé,3,0,3
Dandeí,0,3,3
Dandel,3,0,3
Dandelon,3,0,3
Dandenn,3,0,3
Dander,3,0,3
Dandi,3,0,3
Dandrew,3,0,3
Dandrich,0,3,3
Dandrick,3,0,3
Dandro,3,0,3
Dandyano,3,0,3
Dandylion,3,0,3
Dandylon,3,0,3
Danë,0,3,3
Dané-Isally,0,3,3
Daneä,0,3,3
Danëa,0,3,3
Danean,0,3,3
Daneau,3,0,3
Danèche,0,3,3
Daneea,0,3,3
Daneecha,0,3,3
Daneël,3,0,3
Daneen-Muskaan,0,3,3
Daneera,0,3,3
Daneesh,3,0,3
Daneetha,0,3,3
Danego,3,0,3
Danegy,0,3,3
Daneh,0,3,3
Danéh-Michèl,0,3,3
Daneilcao,3,0,3
Daneilla,0,3,3
Daneira,0,3,3
Daneisha,0,3,3
Daneit,0,3,3
Daneitcha,0,3,3
Danej,3,0,3
Danël,0,3,3
Dánel,0,3,3
Danél,3,0,3
Dànel,3,0,3
Danela,0,3,3
Danelcha,0,3,3
Daneliam,3,0,3
Danelien,0,3,3
Danelies,0,3,3
Danelinus,3,0,3
Danelio,3,0,3
Danèll,3,0,3
Danëlle,0,3,3
Danelley,0,3,3
Danelsha,0,3,3
Danelsia,0,3,3
Danelso,3,0,3
Danencho,3,0,3
Daneque,0,3,3
Danér,3,0,3
Danèric,3,0,3
Danéric,3,0,3
Dañèro,3,0,3
Danesch,3,0,3
Danescha,0,3,3
Danësha,0,3,3
Daneshia,0,3,3
Danessan,3,0,3
Danet,0,3,3
Danetio,3,0,3
Danett,3,0,3
Dáney,3,0,3
Danéy,0,3,3
Daneygelly,0,3,3
Daneylee,0,3,3
Danfairo,3,0,3
Danfe,3,0,3
Danfer,3,0,3
Danfredly,3,0,3
Dăng,3,0,3
Dang-a-Thidthaan,0,3,3
Dangave,3,0,3
Dangazy,3,0,3
Dangdan,3,0,3
Dange,0,3,3
Dangel,3,0,3
Dangéla,0,3,3
Dangela,0,3,3
Dangelic,0,3,3
Dangeliño,3,0,3
Dangelino,3,0,3
DÁngelo,3,0,3
Dangelquea,0,3,3
Dangemir,3,0,3
Dangemiro,3,0,3
Dangene,3,0,3
Dangera,0,3,3
Dangerelle,0,3,3
Dangerli,3,0,3
Dangi,3,0,3
Dangill,3,0,3
Dangino,3,0,3
Dangira,0,3,3
Dangker,3,0,3
Danguole,0,3,3
Danha,0,3,3
Danhilo,3,0,3
Danhua,3,0,3
Dâni,3,0,3
Danì,0,3,3
Danî,0,3,3
Danï,0,3,3
Dani'el,3,0,3
Dani'ěl,3,0,3
Dani-Angela,0,3,3
Dani-Dañiël,3,0,3
Dani-Dex,3,0,3
Dani-Ella,0,3,3
Dani-Gio,3,0,3
Dani-Jack,3,0,3
Dani-Jan,3,0,3
Dani-Jane,0,3,3
Dani-Jayde,0,3,3
Dani-Lee,3,0,3
Dani-Omar,3,0,3
Dani-Sophie,0,3,3
Dani-Willem,3,0,3
Dânia,0,3,3
Danía,0,3,3
Danïa,0,3,3
Daniaan,0,3,3
Daniall,3,0,3
Danialle,3,0,3
Danían,3,0,3
Daniana,0,3,3
Daniani,3,0,3
Daniarela,0,3,3
Daniariëlla,0,3,3
Daniati,0,3,3
Daniawatie,0,3,3
Daníc,3,0,3
Dánic,0,3,3
Dánica,0,3,3
Daníca,0,3,3
Dànice,0,3,3
Danicey,0,3,3
Danicha-Caitlin,0,3,3
Danichano,3,0,3
Danichio,3,0,3
Danicho,3,0,3
Danichy,0,3,3
Danichya,0,3,3
Danìck,3,0,3
Danicq,0,3,3
Danicy,0,3,3
Danicya,0,3,3
Danicyo,3,0,3
Danicz,0,3,3
Danië,0,3,3
Danie-Lisa,0,3,3
Daniece,0,3,3
Daniecha,0,3,3
Daniecke,0,3,3
Danieel,3,0,3
Danieelle,0,3,3
Danief,3,0,3
Daniejel,3,0,3
Daniejela,0,3,3
Daniejele,0,3,3
Dàniek,0,3,3
Daniek-Dinanda,0,3,3
Dánièl,3,0,3
Dániël,3,0,3
Däniël,3,0,3
Danìël,3,0,3
Daniël-,3,0,3
Daniël-Dolf,3,0,3
Daniël-Hendrik,3,0,3
Daniël-Ian,3,0,3
Daniël-Ingi,3,0,3
Daniël-Jay,3,0,3
Daniël-Joël,3,0,3
Daniël-John,3,0,3
Daniël-Josef,3,0,3
Daniël-Klaas,3,0,3
Daniël-Luca,3,0,3
Daniel-Luís,3,0,3
Daniël-Michel,3,0,3
Daniël-Pieter,3,0,3
Daniël-Quincy,3,0,3
Daniel-Remi,3,0,3
Daniël-Simon,3,0,3
Daniël-Theodoor,3,0,3
Daniël-Tobias,3,0,3
Daniël-Vincent,3,0,3
Daniël-Willem,3,0,3
Dañiela,0,3,3
Daniëla-Geeske,0,3,3
Daniëla-Patricia,0,3,3
Daniëld,3,0,3
Daniëletta,0,3,3
Danielia,0,3,3
Danielino,3,0,3
Danielio,3,0,3
Danieljo,3,0,3
Danièll,3,0,3
Danïella,0,3,3
Daniellä,0,3,3
Daniélla-Izabell,0,3,3
Daniëlla-Jolanda,0,3,3
Daniëlla-Thea,0,3,3
Daniëllah,0,3,3
Dänielle,0,3,3
Daniellé,0,3,3
Daniëllé,0,3,3
Daniellë,0,3,3
Daniėlle,0,3,3
Danielle-Aimée,0,3,3
Daniëlle-Ann,0,3,3
Danielle-Anouk,0,3,3
Daniëlle-Chantal,0,3,3
Daniëlle-Christine,0,3,3
Daniëlle-Cynthia,0,3,3
Daniëlle-Emma,0,3,3
Daniëlle-Henrike,0,3,3
Daniëlle-Jacqueline,0,3,3
Danielle-Marie,0,3,3
Daniëlle-Miranda,0,3,3
Daniëlle-Miriam,0,3,3
Daniëlle-Nicole,0,3,3
Danielle-Thérèse,0,3,3
Daniëllen,0,3,3
Daniëlli,0,3,3
Daniellia,0,3,3
Daniellie,0,3,3
Daniëllina,0,3,3
Daniellina,0,3,3
Daniëllys,0,3,3
Daníelo,3,0,3
Daniëlsan,3,0,3
Danielsen,3,0,3
Danielsha,0,3,3
Danieltje,0,3,3
Daniëltje,0,3,3
Daniëltzka,0,3,3
Daniëna,0,3,3
Daniëndo,3,0,3
Daniëne,0,3,3
Daniënelle,0,3,3
Daniënne,0,3,3
Danieño,3,0,3
Daniëon,3,0,3
Danieq,0,3,3
Daniëro,3,0,3
Daniescha,0,3,3
Daniëse,0,3,3
Daniësheley,0,3,3
Danieshja,0,3,3
Daniëska,0,3,3
Daniessica,0,3,3
Danietcha,0,3,3
Danietha,0,3,3
Danietia,0,3,3
Danieto,3,0,3
Danietsia,0,3,3
Daniëtzka,0,3,3
Danietzka,0,3,3
Danieyl,3,0,3
Daniez,0,3,3
Danieza,0,3,3
Danigio,3,0,3
Danigna,0,3,3
Danigue,0,3,3
Daniguinan,0,3,3
Danih,3,0,3
Danihel,3,0,3
Danii-Dave,3,0,3
Daniilushka,3,0,3
Danij,3,0,3
Danijan,3,0,3
Danijele,0,3,3
Danijn,0,3,3
Daníjo,3,0,3
Danìka,0,3,3
Danikeisha,0,3,3
Daniken,3,0,3
Danikó,0,3,3
Danilah,0,3,3
Danilangelo,3,0,3
Danilcia,0,3,3
Danilco,3,0,3
Danilda,0,3,3
Danildo,3,0,3
Danileo,3,0,3
Danilev,3,0,3
Danílho,3,0,3
Dänilian,3,0,3
Danilin,0,3,3
Daniliõ,3,0,3
Danilja,0,3,3
Danillë,0,3,3
Danillho,3,0,3
Danillia,0,3,3
Dánillo,3,0,3
Danillo-Gianni,3,0,3
Danílo,3,0,3
Daniloush,0,3,3
Danilov,3,0,3
Danilow,3,0,3
Danilsa,0,3,3
Danilshery,0,3,3
Danilso,3,0,3
Danilyan,3,0,3
Danilycia,0,3,3
Danilynn,0,3,3
Danimar,3,0,3
Danimo,3,0,3
Danin-Jan,3,0,3
Daninca,0,3,3
Daninchio,3,0,3
Daning,0,3,3
Daninja,0,3,3
Daninjho,3,0,3
Daninka,0,3,3
Daninya,0,3,3
Daniom,3,0,3
Danior,3,0,3
Daniphra,0,3,3
Daniputra,3,0,3
Daniqa,0,3,3
Daniqca,0,3,3
Daníque,3,0,3
Danique-Angelique,0,3,3
Danique-Eva,0,3,3
Danique-Isabel,0,3,3
Danique-Joslyn,0,3,3
Danique-Joy,0,3,3
Danique-Michelle,0,3,3
Danique-Rosalie,0,3,3
Danique-Sharon,0,3,3
Danique-Sienna,0,3,3
Daniquel,3,0,3
Danirah,0,3,3
Dánis,3,0,3
Dâniş,3,0,3
Dänis,3,0,3
Danisah,0,3,3
Danischia,0,3,3
Danish-Bin,3,0,3
Dánisha,0,3,3
Danishadewie,0,3,3
Danishah,0,3,3
Danisheily,0,3,3
Danishka,0,3,3
Danishta,0,3,3
Danisiah,0,3,3
Danismar,0,3,3
Daniso,3,0,3
Danison,3,0,3
Danissane,0,3,3
Dānisya,0,3,3
Danisz,3,0,3
Danitchio,3,0,3
Danitcho,3,0,3
Danitcio,3,0,3
Danithio,3,0,3
Danithsia,0,3,3
Daniticha,0,3,3
Danitija,0,3,3
Danitra,0,3,3
Danitscho,3,0,3
Danitshëa,0,3,3
Danitsho,3,0,3
Danitshya,0,3,3
Danitsiya,0,3,3
Danitzio,3,0,3
Danitzsa,0,3,3
Danivancho,3,0,3
Danivier,3,0,3
Daniwa,0,3,3
Dàniyah,0,3,3
Danïyah,0,3,3
Daniyandi,3,0,3
Daniye,0,3,3
Daniyël,3,0,3
Daniyela,0,3,3
Daniyèll,3,0,3
Daniz,3,0,3
Danize,0,3,3
Danja-Tamaya,0,3,3
Danja-Yvette,0,3,3
Danjah,0,3,3
Danjan,3,0,3
Danjano,3,0,3
Danjé,0,3,3
Danjée,0,3,3
Danjëhla,0,3,3
Danjèl,3,0,3
Danjéll,0,3,3
Danjellah,0,3,3
Danjgo,3,0,3
Danjouh,3,0,3
Danjuma,3,0,3
Dankambary,3,0,3
Dankay,3,0,3
Dankerina,0,3,3
Dankfridus,3,0,3
Dankfried,3,0,3
Dankmar-Hans,3,0,3
Dankwaa,0,3,3
Dankyi,0,3,3
Danlee,3,0,3
Danlessa,3,0,3
Danlesyo,3,0,3
Danleu,0,3,3
Danley-Jay,3,0,3
Danley-Maikeljunior,3,0,3
Danlie,3,0,3
Danllalys,0,3,3
Danluca,3,0,3
Danlyson,3,0,3
Danmar,3,0,3
Danmarice,0,3,3
Danmark,0,3,3
Danmirkhan,3,0,3
Danmond,3,0,3
Dannae,0,3,3
Dannaël,3,0,3
Dannalee,0,3,3
Dannas,0,3,3
Dànné,0,3,3
Danne-Bo,0,3,3
Danne-Jay,0,3,3
Danneé,0,3,3
Dannèl,3,0,3
Dannely,0,3,3
Danneman,0,3,3
Dannês,3,0,3
Dannesh,3,0,3
Dannesly,3,0,3
Danneth,0,3,3
Dannette,0,3,3
Dannfrey,3,0,3
Dannï,3,0,3
Danni-Àngel,0,3,3
Danni-Tristan,3,0,3
Dannicio,3,0,3
Dannick-Noah,3,0,3
Dannicke,0,3,3
Dannie-Jeff,3,0,3
Dannieck,3,0,3
Dannieh-Enrique,3,0,3
Danniella,0,3,3
Dannies,3,0,3
Dannik,3,0,3
Dannil,3,0,3
Dannilla,0,3,3
Dannillio,3,0,3
Dannillo,3,0,3
Dannin,3,0,3
Danninzia,0,3,3
Danniqué,0,3,3
Dannique-Joyce,0,3,3
Dännis,3,0,3
Dànnis,3,0,3
Dannise,0,3,3
Dannish,3,0,3
Dannisha,0,3,3
Dannishan,3,0,3
Dannitia,0,3,3
Dannito,3,0,3
Dannitsja,0,3,3
Dannitza,0,3,3
Dannon,3,0,3
Dânny,3,0,3
Danny-Alexander,3,0,3
Danny-Bonne,3,0,3
Danny-Christian,3,0,3
Danny-Eloy,3,0,3
Danny-Franky-Junior,3,0,3
Danny-Jan,3,0,3
Danny-Jay,3,0,3
Danny-John,3,0,3
Danny-Joop,3,0,3
Danny-Kumar,3,0,3
Danny-Lee-Desmond,3,0,3
Danny-Lynn,0,3,3
Danny-Willem,3,0,3
Dannyaëll,3,0,3
Dannyboy,3,0,3
Dannyca,0,3,3
Dannyël,3,0,3
Dannylio,3,0,3
Dannylyn,0,3,3
Dannymar,3,0,3
Dannyon,3,0,3
Dannyshewa,3,0,3
Dannyson,3,0,3
Danoata,0,3,3
Danoëll,3,0,3
Danoelle,0,3,3
Danoepant,3,0,3
Danoesch,3,0,3
Danoescha,0,3,3
Danoeschka,0,3,3
Danoësja,0,3,3
Danoete,0,3,3
Danoetsja,0,3,3
Danoldus,3,0,3
Danona,0,3,3
Danone,0,3,3
Danoty,0,3,3
Danoucha,0,3,3
Danouchela,0,3,3
Danouchia,0,3,3
Danouchka,0,3,3
Danouh,0,3,3
Danouke,0,3,3
Danoumée,0,3,3
Danouque,0,3,3
Danoush,0,3,3
Danousscha,0,3,3
Danouszja,0,3,3
Danovan,3,0,3
Danovich,3,0,3
Danphy,0,3,3
Danqua,3,0,3
Danrickson,3,0,3
Danrong,0,3,3
Danroul,3,0,3
Danroy,3,0,3
Dansam,3,0,3
Dansco,3,0,3
Dansel,3,0,3
Dánsel,3,0,3
Danselo,3,0,3
Danshafainio,3,0,3
Danshelino,3,0,3
Dansheniel,3,0,3
Danshently,3,0,3
Danshy,3,0,3
Dansi,0,3,3
Dansiman,3,0,3
Dansje,0,3,3
Dansoa,0,3,3
Dansoko,0,3,3
Dansowaa,0,3,3
Dansowah,0,3,3
Dansrey,3,0,3
Dansu,3,0,3
Dantania,0,3,3
Dantata,3,0,3
Dantcho,3,0,3
Dánte,3,0,3
Dantë,3,0,3
Dante-Constantijn,3,0,3
Dante-Dario,3,0,3
Dante-Dijon,3,0,3
Danté-Menelo,3,0,3
Dante-Navaròn,3,0,3
Danteleon,3,0,3
Dantés,3,0,3
Dantesse,0,3,3
Dantèz,3,0,3
Dantheko,3,0,3
Dantherley,3,0,3
Danthuy,0,3,3
Dantiano,3,0,3
Dantiëlle,0,3,3
Dantino,3,0,3
Dantiz,3,0,3
Dantjie,3,0,3
Dantor,0,3,3
Dantorro,3,0,3
Danû,0,3,3
Danubia,0,3,3
Danuk,3,0,3
Danula,0,3,3
Danuri,3,0,3
Danus,3,0,3
Danuschka,0,3,3
Danuska,0,3,3
Danuszia,0,3,3
Danuszja,0,3,3
Danut,3,0,3
Danutė,0,3,3
Danütha,0,3,3
Danutka,0,3,3
Danutsya,0,3,3
Danuwa,0,3,3
Danuza,0,3,3
Danveer,3,0,3
Danvently,3,0,3
Danver,3,0,3
Danxx,3,0,3
Dány,0,3,3
Dâny,0,3,3
Dany-Joan,0,3,3
Danyaé,0,3,3
Danyae,0,3,3
Danyal-Louay,3,0,3
Danyale,3,0,3
Danyall,3,0,3
Danyana,0,3,3
Danyanara,0,3,3
Danyansa,0,3,3
Danyba,0,3,3
Danyche,0,3,3
Danycho,3,0,3
Danyda,0,3,3
Danyé-Demiëlle,0,3,3
Danyeel,3,0,3
Dânyel,3,0,3
Danyel-Christiaan,3,0,3
Danyel-Kane,3,0,3
Danyela,0,3,3
Danyelah,0,3,3
Danyele,0,3,3
Danyelis,0,3,3
Danyëlla,0,3,3
Danyëlle,0,3,3
Danyemir,3,0,3
Danyeric,0,3,3
Danyha,0,3,3
Danyill,3,0,3
Danyll,3,0,3
Danyll-son,3,0,3
Danylle,3,0,3
Danymar,3,0,3
Danyne,0,3,3
Danyno,3,0,3
Danyou,3,0,3
Danyro,3,0,3
Danys,3,0,3
Danysa,0,3,3
Danyse,0,3,3
Danyshia,0,3,3
Danysho,3,0,3
Danysio,3,0,3
Danysjha-Sayeda,0,3,3
Danyson,3,0,3
Danyssa,0,3,3
Danytchio,3,0,3
Danytio,3,0,3
Danytra,0,3,3
Danytsja,0,3,3
Danyz,0,3,3
Danyzia,0,3,3
Danzja,0,3,3
Danzjehier,3,0,3
Dão,3,0,3
Dao-Duy-An,3,0,3
Dao-Lin,0,3,3
Dào-Thuy,3,0,3
Dào-Tuâń,3,0,3
Daoas,3,0,3
Däodi,3,0,3
Daoin,3,0,3
Daonny,0,3,3
Daoralai,0,3,3
Dáoud,3,0,3
Daoude,3,0,3
Daoudovich,3,0,3
Daouya,0,3,3
Daovith,3,0,3
Daozi,0,3,3
Dapaa,0,3,3
Dapeng,3,0,3
Daphane,0,3,3
Daphaney,0,3,3
Daphania,0,3,3
Daphanny,0,3,3
Daphany,0,3,3
Daphenie,0,3,3
Dapheson,3,0,3
Daphiana,0,3,3
Daphiany,0,3,3
Daphida,0,3,3
Daphila,0,3,3
Daphilia,0,3,3
Daphin,3,0,3
Daphinio,3,0,3
Daphira,0,3,3
Daphlyn,0,3,3
Dáphne,0,3,3
Daphne-Delphina,0,3,3
Daphne-Diana,0,3,3
Daphne-Fleur,0,3,3
Daphne-Pamela,0,3,3
Daphne-Sabine,0,3,3
Daphnerienne,0,3,3
Daphnia,0,3,3
Daphnita,0,3,3
Däphny,0,3,3
Daphrosa,0,3,3
Daphrynio,3,0,3
Daphtina,0,3,3
Daphyd,3,0,3
Daphyna,0,3,3
Dapifera,0,3,3
Dapuma,3,0,3
Daqeautha,0,3,3
Daqué,3,0,3
Daquem,3,0,3
Daqui,3,0,3
Daquillio,3,0,3
Daquiscia,0,3,3
Dar-Lin,0,3,3
Dar-Yaino,3,0,3
Dârâ,0,3,3
Dárá,0,3,3
Dara'ny,0,3,3
Darach,3,0,3
Daragin,0,3,3
Daraie,0,3,3
Darailyann,0,3,3
Daraino,3,0,3
Daralee,0,3,3
Daramola,3,0,3
Darana,0,3,3
Darãncio,3,0,3
Daranpob,3,0,3
Dararaa,3,0,3
Darashan,3,0,3
Darasingh,3,0,3
Daraygill,3,0,3
Darayo,3,0,3
Daraz,3,0,3
Darband,3,0,3
Darbas,3,0,3
Darbin,3,0,3
Darc,0,3,3
Darcell,3,0,3
Darcella,0,3,3
Darcen,3,0,3
Darcène,0,3,3
Darcenio,3,0,3
Darcero,3,0,3
Darchan,3,0,3
Darcharina,0,3,3
Darcheleen,0,3,3
Darchell,0,3,3
Darchenie,0,3,3
Darchini,0,3,3
Darciano,3,0,3
Darcij,3,0,3
Darcine,0,3,3
Darcio,3,0,3
Darcos,3,0,3
Darcus,3,0,3
Darcylene,0,3,3
Darda,0,3,3
Dardana,0,3,3
Dardane,0,3,3
Dardania,0,3,3
Dardanus,3,0,3
Dardjan,3,0,3
Dardjono,3,0,3
Dare-Anne,0,3,3
Darean,3,0,3
Darec,3,0,3
Dareck,3,0,3
Dareen,0,3,3
Dareh,3,0,3
Dareia,0,3,3
Dareios,3,0,3
Darél,3,0,3
Darèll,3,0,3
Darelle,0,3,3
Darelwan,0,3,3
Daremy,3,0,3
Dären-Joe,3,0,3
Darenchel,3,0,3
Darencio,3,0,3
Darenjo,3,0,3
Dareno,3,0,3
Darensyo,3,0,3
Darenth,3,0,3
Darenuo,3,0,3
Daresh,3,0,3
Dareske,0,3,3
Daressa,0,3,3
Darewin,3,0,3
Dareyo,3,0,3
Darg,3,0,3
Dargan,3,0,3
Dargene,3,0,3
Dargeny,0,3,3
Dargére,0,3,3
Dargio,3,0,3
Dargo,3,0,3
Dargye,3,0,3
Dargyiuanne,0,3,3
Darhia,0,3,3
Darhis,0,3,3
Darhl,3,0,3
Darhnell,3,0,3
Dariaan,3,0,3
Dariam,3,0,3
Dariando,3,0,3
Dariane,0,3,3
Dariangelmar,3,0,3
Dariángelo,3,0,3
Dariani,3,0,3
Darianny,0,3,3
Dariante,0,3,3
Dariati,0,3,3
Daricha,0,3,3
Daricia,0,3,3
Daricio,3,0,3
Daricky,3,0,3
Daricyenna,0,3,3
Darief,3,0,3
Dariëla,0,3,3
Dariëlle,0,3,3
Dariem,3,0,3
Dariéna,0,3,3
Dariëne,0,3,3
Dariengel,3,0,3
Darienka,0,3,3
Dariënna,0,3,3
Dariënne,0,3,3
Daries,3,0,3
Darieus,3,0,3
Darihl,3,0,3
Dariin,0,3,3
Darijanto,3,0,3
Darije,0,3,3
Darijen,3,0,3
Darijke,0,3,3
Darijll,3,0,3
Darijoen,3,0,3
Darilah,0,3,3
Darilyn,0,3,3
Darilyn-Jill,0,3,3
Darilynn,0,3,3
Darim,3,0,3
Darindra,3,0,3
Darinell,3,0,3
Darinem,0,3,3
Daringka,0,3,3
Darini,0,3,3
Dărini,0,3,3
Dariniho,3,0,3
Darinio,3,0,3
Darinka-Dewie,0,3,3
Darinporn,0,3,3
Dario-D'Silva,3,0,3
Dáriol,3,0,3
Darion-Javon,3,0,3
Darisa,0,3,3
Darisbeth,0,3,3
Darise,0,3,3
Darisho,3,0,3
Dariska,0,3,3
Darison,3,0,3
Dariuś,3,0,3
Dariüs,3,0,3
Darius-Aziz,3,0,3
Darius-Rossi,3,0,3
Dariuwsh,3,0,3
Dariuz,3,0,3
Dariva,0,3,3
Darivan,3,0,3
Darixio,3,0,3
Darîyan,3,0,3
Dariyanto,3,0,3
Dariyo,3,0,3
Darize,0,3,3
Darja-Elle,0,3,3
Darjaene,0,3,3
Darjalha,0,3,3
Darjeane,0,3,3
Darjeanely,0,3,3
Darjee,3,0,3
Darjelo,3,0,3
Darjien,3,0,3
Darjinho,3,0,3
Darjoesh,3,0,3
Darjon,3,0,3
Darjosh,3,0,3
Darjoush,3,0,3
Darkliss,0,3,3
Darkmar,0,3,3
Darkoa,0,3,3
Darkoah,0,3,3
Darkowaa,0,3,3
Darkowah,0,3,3
Darkwaa,0,3,3
Darkwaah,0,3,3
Darkys,0,3,3
Darkysha,0,3,3
Darlain,0,3,3
Darlangé,3,0,3
Darlanne,0,3,3
Darlee,3,0,3
Darlen,0,3,3
Darlencho,3,0,3
Darlené,0,3,3
Darlene-Ann,0,3,3
Darleng,0,3,3
Darleny,0,3,3
Darlet,0,3,3
Darley,3,0,3
Dárley,3,0,3
Darleyn,0,3,3
Darleyson,3,0,3
Darlho,3,0,3
Darlice,0,3,3
Darlicia,0,3,3
Darlie,3,0,3
Darlijn,0,3,3
Darlinne,0,3,3
Darlino,3,0,3
Darlisha,0,3,3
Darll,3,0,3
Darllinton,3,0,3
Darloza,0,3,3
Darly-Ann,0,3,3
Darlyce,0,3,3
Darlyni,0,3,3
Darlysha,0,3,3
Darlyssa,0,3,3
Darmaine,3,0,3
Darmaji,0,3,3
Darmana,3,0,3
Darmandra,0,3,3
Darmarinho,3,0,3
Darmawansjah,3,0,3
Darmdjeet,3,0,3
Darmélies,0,3,3
Darmely,0,3,3
Darmesh,3,0,3
Darmiati,0,3,3
Darmini,0,3,3
Darmojo,0,3,3
Darmonischa,0,3,3
Darmoputro,3,0,3
Darn,3,0,3
Darne,3,0,3
Darneall,3,0,3
Darnesh,3,0,3
Darnesha,0,3,3
Darnessha,0,3,3
Darney,3,0,3
Darni,0,3,3
Darnice,0,3,3
Darnique,0,3,3
Darnischa,0,3,3
Darny,0,3,3
Darod,3,0,3
Darofall,0,3,3
Dàron,3,0,3
Darongke,3,0,3
Daroon,3,0,3
Darosya,0,3,3
Daroushka,0,3,3
Darpreet,0,3,3
Darq-Jan,3,0,3
Darra,3,0,3
Darrall,3,0,3
Darray,3,0,3
Darreino,3,0,3
Darrel-Justin,3,0,3
Darrèll,3,0,3
Darrelsha,0,3,3
Darrelson,3,0,3
Darrelyne,0,3,3
Darrén,3,0,3
Därren,3,0,3
Darren-Dwayn,3,0,3
Darresh,3,0,3
Darrey,3,0,3
Darriana,0,3,3
Darriëll,3,0,3
Darrinio,3,0,3
Darrioush,3,0,3
Darris,3,0,3
Darrisha,0,3,3
Darrnell,3,0,3
Darro,3,0,3
Darrol,3,0,3
Darroll,3,0,3
Darry-Shah,3,0,3
Darryl-Byron,3,0,3
Darryl-Damian,3,0,3
Darryl-Dave,3,0,3
Darryl-Jay,3,0,3
Darryl-Jordan,3,0,3
Darryl-Káne,3,0,3
Darryl-Lee,3,0,3
Darrylano,3,0,3
Darrylianska,0,3,3
Darryllee,3,0,3
Darryllio,3,0,3
Darryus,3,0,3
Darsah,3,0,3
Darsairo,3,0,3
Darsam,3,0,3
Darschan,3,0,3
Darschini,0,3,3
Darsen,3,0,3
Darshaná,0,3,3
Darshanadevie,0,3,3
Darshanand,3,0,3
Darshanhurley,3,0,3
Darshaniedevi,0,3,3
Darshankoemar,3,0,3
Darshanna,0,3,3
Darsheel,3,0,3
Darsheilly,0,3,3
Darshel,0,3,3
Darshelly,0,3,3
Darshely,0,3,3
Darshenie,0,3,3
Darsheniedebie,0,3,3
Darshenkoemar,3,0,3
Darshia,0,3,3
Darshiel,3,0,3
Darshika,0,3,3
Darshinee,0,3,3
Darshinique,0,3,3
Darshiny,0,3,3
Darshith,3,0,3
Darshnie,0,3,3
Darshoen,0,3,3
Darshon,3,0,3
Darshwana,0,3,3
Darshyamini,0,3,3
Darshyan,3,0,3
Darsi,3,0,3
Darsie,0,3,3
Darsigan,3,0,3
Darsiiona,0,3,3
Darsika,3,0,3
Darsin,3,0,3
Darsiño,3,0,3
Darsino,3,0,3
Darsion,3,0,3
Darsis,3,0,3
Darsnanand,3,0,3
Darsnie,0,3,3
Darsnydewi,0,3,3
Darsono,3,0,3
Darsy,0,3,3
Darsyl,3,0,3
Dàrtagnan,3,0,3
Dartan,3,0,3
Dartaniël,3,0,3
Darteh,3,0,3
Dartell,3,0,3
Dartellion,3,0,3
Dartey,3,0,3
Dartholomea,0,3,3
Daru,3,0,3
Darus,3,0,3
Darush,3,0,3
Darushka,0,3,3
Darusia,0,3,3
Darvan,3,0,3
Darvèll,3,0,3
Darvelon,3,0,3
Darviana,0,3,3
Darvianny,0,3,3
Darvianska,0,3,3
Darvie,3,0,3
Darviëne,0,3,3
Darviëny,0,3,3
Darviënys,0,3,3
Darvilenys,0,3,3
Darvinho,3,0,3
Darvinni,3,0,3
Darvino,3,0,3
Darvion,3,0,3
Darvyena,0,3,3
Darvyl,3,0,3
Darwanti,0,3,3
Darweni,0,3,3
Darwi,0,3,3
Darwiender,3,0,3
Darwsh,3,0,3
Darya-Ye,0,3,3
Daryánalies,0,3,3
Daryanè,0,3,3
Daryangelo,3,0,3
Daryanna,0,3,3
Daryano,3,0,3
Daryar,3,0,3
Daryaz,3,0,3
Darycia,0,3,3
Daryd,3,0,3
Daryea,0,3,3
Daryela,0,3,3
Daryeli,0,3,3
Daryena,0,3,3
Daryeni,0,3,3
Daryionne,3,0,3
Daryius-Caine,3,0,3
Daryk,3,0,3
Daryl-Justin,3,0,3
Daryll-Boy,3,0,3
Daryll-Lee,3,0,3
Daryllynn,0,3,3
Darylnash,3,0,3
Darylyne,0,3,3
Darynne,0,3,3
Darynthe,0,3,3
Darynuska,0,3,3
Daryoesh,3,0,3
Daryson,3,0,3
Daryuilton,3,0,3
Daryus,3,0,3
Darzel,3,0,3
Darzinho,3,0,3
Das-Dores,0,3,3
Dasakorn,0,3,3
Dasalio,3,0,3
Dasan,3,0,3
Dasani,3,0,3
Dasara,0,3,3
Daschana,0,3,3
Daschano,3,0,3
Daschayra,0,3,3
Daschenka,0,3,3
Daschwan,3,0,3
Dascia,0,3,3
Daşdemir,3,0,3
Dasdoris,0,3,3
Daseana,0,3,3
Daselenne,0,3,3
Dasem,0,3,3
Dashaedra,0,3,3
Dashaeno,3,0,3
Dashahndryll,3,0,3
Dáshaira,0,3,3
Dashanay,0,3,3
Dashandro,3,0,3
Dashané,0,3,3
Dashani,0,3,3
Dashanly,0,3,3
Dashanteé,0,3,3
Dashantly,0,3,3
Dáshanto,3,0,3
Dashanty,0,3,3
Dashauny,0,3,3
Dàshawn,3,0,3
Dashayer,3,0,3
Dashayli,0,3,3
Dashayney,0,3,3
Dashean,3,0,3
Dasheilys,0,3,3
Dasheley,0,3,3
Dashelle,0,3,3
Dashena,0,3,3
Dashenna,0,3,3
Dasheny,0,3,3
Dashi,3,0,3
Dashiel,3,0,3
Dashield,3,0,3
Dashiellno,3,0,3
Dashier,3,0,3
Dashil,3,0,3
Dashina,0,3,3
Dashinie,0,3,3
Dashion,3,0,3
Dashirah,0,3,3
Dashire,3,0,3
Dashita,0,3,3
Dashity,0,3,3
Dashja,0,3,3
Dashjenko,3,0,3
Dashly,0,3,3
Dashmeline,0,3,3
Dashmire,3,0,3
Dashner,3,0,3
Dashnie,0,3,3
Dashnique,0,3,3
Dasho,3,0,3
Dashona,0,3,3
Dashraj,3,0,3
Dashray,3,0,3
Dashron,3,0,3
Dashuandé,0,3,3
Dashunaily,0,3,3
Dashveer,3,0,3
Dashyl,3,0,3
Dashyll,3,0,3
Dasianique,0,3,3
Dasiano,3,0,3
Dasika,0,3,3
Dasikadewie,0,3,3
Dasilah,0,3,3
Dasilvian,3,0,3
Dasimah,0,3,3
Dasio,3,0,3
Dasioes,3,0,3
Dasiran,3,0,3
Dasiro,3,0,3
Dasius,3,0,3
Dasiyah,0,3,3
Dasjenka,0,3,3
Dasjou,3,0,3
Daskalos,3,0,3
Dasmery,0,3,3
Dasna,0,3,3
Dasny,0,3,3
Dasom,0,3,3
Dasor,0,3,3
Dass,3,0,3
Dassa,0,3,3
Dassajev,3,0,3
Dasseja,3,0,3
Dasseney,0,3,3
Dasshell,3,0,3
Dassia,0,3,3
Dassie,3,0,3
Dassilynn,0,3,3
Dastagir,3,0,3
Dastan-Lee,3,0,3
Dasthi,3,0,3
Dastiny,0,3,3
Dasuni,0,3,3
Dasusa,3,0,3
Dasyaar,3,0,3
Dasyel,3,0,3
Dasyem,0,3,3
Dasylio,3,0,3
Dasylvo,3,0,3
Dat-Min,3,0,3
Dat-Sjoe,3,0,3
Datai,0,3,3
Datasha,0,3,3
Datashja,0,3,3
Datcha,0,3,3
Datchenko,3,0,3
Datcy,3,0,3
Daté,3,0,3
Datef,3,0,3
Datelien,0,3,3
Dates,3,0,3
Datèv,3,0,3
Datèwik,0,3,3
Dathaniël,3,0,3
Dathaniel,3,0,3
Dathea,0,3,3
Datheus,3,0,3
Dathilde,0,3,3
Dathimo,3,0,3
Datia,0,3,3
Datiena,0,3,3
Daties,3,0,3
Datillio,3,0,3
Datina,0,3,3
Datines,3,0,3
Datinus,3,0,3
Datishencka,0,3,3
Dativa,0,3,3
Datja,0,3,3
Datmien,3,0,3
Datoria,0,3,3
Datricia,0,3,3
Datsun,3,0,3
Datt,3,0,3
Datt-Yhie,3,0,3
Dattappayya,3,0,3
Dattatreya,3,0,3
Datura,0,3,3
Daturuang,3,0,3
Daty,0,3,3
Daud-Elias,3,0,3
Daudè,3,0,3
Daudt,3,0,3
Daue,3,0,3
Daugherty,0,3,3
Dauglas,3,0,3
Dauji,3,0,3
Daulan,3,0,3
Daulat,0,3,3
Daun,0,3,3
Daunia,0,3,3
Daunte,3,0,3
Dauntey,3,0,3
Dauntles,3,0,3
Dauoda,3,0,3
Dauphey,3,0,3
Dauphinia,0,3,3
Daura,0,3,3
Daurelio,3,0,3
Daurene,0,3,3
Daurethy,0,3,3
Dauri,0,3,3
Dauriard,3,0,3
Daurmas,0,3,3
Dauro,3,0,3
Daurone,3,0,3
Daury,3,0,3
Dauser,3,0,3
Dausri,0,3,3
Dautgan,3,0,3
Dautie,0,3,3
Dautje,0,3,3
Dautse,0,3,3
Dauwèn,3,0,3
Dauwlat,0,3,3
Dauwy,0,3,3
Daux,3,0,3
Dav,3,0,3
Davadi,3,0,3
Davadia,0,3,3
Davaihny,0,3,3
Davainchely,0,3,3
Davaini,0,3,3
Davairon,3,0,3
Davalencio,3,0,3
Davalensia,0,3,3
Davalesia,0,3,3
Dàvana,0,3,3
Davaneya,0,3,3
Davani,0,3,3
Davaniah,0,3,3
Davaniël,0,3,3
Davanla,0,3,3
Davannia,0,3,3
Davantae,3,0,3
Davanté,3,0,3
Davanthe,3,0,3
Davanti,3,0,3
Davar,3,0,3
Davardar,3,0,3
Davario,3,0,3
Davaro,3,0,3
Davashiry,0,3,3
Davaughn,3,0,3
Davé,3,0,3
Dáve,3,0,3
Dave-Bryan,3,0,3
Dave-Jeremy,3,0,3
Dave-Richard,3,0,3
Dave-Ryan,3,0,3
Daveandro,3,0,3
Daveane,0,3,3
Daveanio,3,0,3
Daveed,3,0,3
Daveena,0,3,3
Daveenah,0,3,3
Daveigh'en,3,0,3
Daveij,3,0,3
Davejánna,0,3,3
Davejor,3,0,3
Davelee,3,0,3
Davelia,0,3,3
Davelien,0,3,3
Davélina,0,3,3
Davélinshou,3,0,3
Davely,3,0,3
Davelyn,0,3,3
Davelyson,3,0,3
Dävenaisha,0,3,3
Davenchelly,0,3,3
Davenci,3,0,3
Davender,3,0,3
Daveneley,0,3,3
Davéni,0,3,3
Daveni,0,3,3
Davenie,0,3,3
Davennie,0,3,3
Davenshely,0,3,3
Davensly,3,0,3
Daventely,0,3,3
Davenya,0,3,3
Davenzo,3,0,3
Daveon,3,0,3
Daverdina,0,3,3
Daverich,3,0,3
Daverick,3,0,3
Daverik,3,0,3
Daverine,0,3,3
Daverion,3,0,3
Daverlly,3,0,3
Daverny,3,0,3
Davero,3,0,3
Daversson,3,0,3
Davery,3,0,3
Daveryon,3,0,3
Davesaina,0,3,3
Davey-Daniël,3,0,3
Davey-Frans,3,0,3
Davey-James,3,0,3
Davey-Jayh,3,0,3
Davey-Joe,3,0,3
Davey-Kevin,3,0,3
Davey-Lee,3,0,3
Davey-Milan,3,0,3
Davey-Skye,3,0,3
Davfra,3,0,3
Dävi,3,0,3
Davia,0,3,3
Daviah,0,3,3
Daviame,3,0,3
Davian-Isaiah,3,0,3
Daviangelo,3,0,3
Davianie,0,3,3
Davianio,3,0,3
Davianly,3,0,3
Daviann,0,3,3
Davianne,0,3,3
Davïano,3,0,3
Davice,3,0,3
Davicenzo,3,0,3
Davick,3,0,3
Dàvid,3,0,3
David-Aäron,3,0,3
David-Alan,3,0,3
David-Alex,3,0,3
David-Alle,3,0,3
David-André,3,0,3
David-Anthony,3,0,3
David-Arthur,3,0,3
David-Channan,3,0,3
David-Christian,3,0,3
David-Damiaan,3,0,3
David-Daniël,3,0,3
David-Domin,3,0,3
David-Frederik,3,0,3
David-Friso,3,0,3
David-Harm,3,0,3
David-Hendrik,3,0,3
David-Hendrikus,3,0,3
David-Herbert,3,0,3
David-Immanuël,3,0,3
David-Imre,3,0,3
David-Isaï,3,0,3
David-James,3,0,3
David-Jeroen,3,0,3
David-Jo,3,0,3
David-Joël,3,0,3
David-Joel,3,0,3
David-Johannes,3,0,3
David-Joshua,3,0,3
David-Julian,3,0,3
David-Lyon,3,0,3
David-Manuel,3,0,3
David-Michel,3,0,3
David-Ngandu,3,0,3
David-Philippe,3,0,3
David-Richard,3,0,3
David-Ronald,3,0,3
David-Samuël,3,0,3
David-Sebastiaan,3,0,3
David-Sem,3,0,3
David-Solomon,3,0,3
David-Yehuda,3,0,3
Davída,3,0,3
Davida-Niyee,0,3,3
Davidah,0,3,3
Davidde,3,0,3
Daviddiënne,0,3,3
Daviddion,3,0,3
Davidee,3,0,3
Davidia,0,3,3
Davidian,3,0,3
Davidiño,3,0,3
Davidja,0,3,3
Davidjan,3,0,3
Davidka,0,3,3
Davidkumar,3,0,3
Davidlee,3,0,3
Davidman,3,0,3
Davidna,0,3,3
Davidof,3,0,3
Davidsdochter,0,3,3
Davidsiah,0,3,3
Davidsin,3,0,3
Davidsson,3,0,3
Davidt,3,0,3
Davidy,3,0,3
Davíe,3,0,3
Davíed,3,0,3
Davieda,0,3,3
Davieeta,0,3,3
Daviely,0,3,3
Daviëndy,0,3,3
Daviënely,0,3,3
Daviëngeroy,3,0,3
Davienjo,3,0,3
Daviënna,0,3,3
Davienne,0,3,3
Daviènne,0,3,3
Daviénny,0,3,3
Daviensley,3,0,3
Daviëntley,3,0,3
Davienyo,3,0,3
Daviënyson,3,0,3
Davier,3,0,3
Daviéra,0,3,3
Daviëra,0,3,3
Daviera,0,3,3
Davièra,0,3,3
Davijan,3,0,3
Davijn,3,0,3
Davil,3,0,3
Davila,0,3,3
Daviline,0,3,3
Daviljo,3,0,3
Daville,3,0,3
Davillgyen,3,0,3
Davillio,3,0,3
Dávin,3,0,3
Daviña,0,3,3
Davina-Salome,0,3,3
Davinayro,3,0,3
Davinca,0,3,3
Davince,3,0,3
Davinchy,3,0,3
DaVinci,3,0,3
Davincy,3,0,3
Davind,3,0,3
Davindra,3,0,3
Davindrakumar,3,0,3
Davindrekoemar,3,0,3
Davindt,3,0,3
Davinella,0,3,3
Davinette,0,3,3
Davinha,0,3,3
Davinhio,3,0,3
Daviñia,0,3,3
Daviniadewie,0,3,3
Davinico,3,0,3
Davinija,0,3,3
Davinío,3,0,3
Davinita,0,3,3
Davinity,0,3,3
Davinjho,3,0,3
Davinn,3,0,3
Davinnah,0,3,3
Davinneao,3,0,3
Davinnia,0,3,3
Davinnio,3,0,3
Davinoy,3,0,3
Davins,3,0,3
Davinson,3,0,3
Davinyandra,0,3,3
Davinycha,0,3,3
Davinza,0,3,3
Daviona,0,3,3
Daviondry,3,0,3
Davionn,0,3,3
Davique,0,3,3
Davirah,0,3,3
Daviro,3,0,3
Davirson,3,0,3
Davishairo,3,0,3
Davislove,3,0,3
Davisom,3,0,3
Davite,3,0,3
Daviti,3,0,3
Davitsio,3,0,3
Davitzen,0,3,3
Daviyo,3,0,3
Davjenn,3,0,3
Davĺd,3,0,3
Davna,0,3,3
Davne,0,3,3
Davney,0,3,3
Davó,3,0,3
Davo,3,0,3
Dávon,3,0,3
Davòn,3,0,3
Davondra,0,3,3
Davoneigh,0,3,3
Davoney,0,3,3
Davonté,3,0,3
Davonte,3,0,3
Davood,3,0,3
Davora,0,3,3
Davorin,3,0,3
Davorney,3,0,3
Davoud,3,0,3
Davram,3,0,3
Davril,0,3,3
Davrina,0,3,3
Davrinda,0,3,3
Davron,3,0,3
Davryon,3,0,3
Davu,3,0,3
Dâvud,3,0,3
Dâvûd,3,0,3
Davutoguzer,3,0,3
Davvin,3,0,3
Davvree,3,0,3
Dävy,3,0,3
Dâvy,3,0,3
Dàvy,3,0,3
Davy-Alexander,3,0,3
Davy-Edward,3,0,3
Davy-Jacobus,3,0,3
Davy-Jan,3,0,3
Davy-Jones,3,0,3
Davy-Lee,0,3,3
Davyano,3,0,3
Davyathe,0,3,3
Davycia,0,3,3
Davycio,3,0,3
Davyen,3,0,3
Davyénne,0,3,3
Davyian,3,0,3
Dávyn,3,0,3
Davynca,0,3,3
Davyni,0,3,3
Davynia,0,3,3
Davyron,3,0,3
Davyto,3,0,3
Dawa-Love,3,0,3
Dawad,3,0,3
Dawai,3,0,3
Dawarr,3,0,3
Dawayne,3,0,3
Dawd,3,0,3
Dawejano,3,0,3
Daweli,0,3,3
Dawer,3,0,3
Dawfyda,0,3,3
Dawí,3,0,3
Dawies,3,0,3
Dawik,3,0,3
Dawika,0,3,3
Dawiliënne,0,3,3
Dawinah,0,3,3
Dawinco,3,0,3
Dawinderkumar,3,0,3
Dawindra,3,0,3
Dawindre,3,0,3
Dawinga,0,3,3
Dawita,0,3,3
Dawiya,0,3,3
Dawiz,3,0,3
Dawken,3,0,3
Dawlatia,0,3,3
Dawn-April,0,3,3
Dawn-Deirdre,0,3,3
Dawn-Lee,0,3,3
Dawn-Lilith,0,3,3
Dawn-Romee,0,3,3
Dawnaya,0,3,3
Dawne-lee,0,3,3
Dawnette,0,3,3
Dawnique,0,3,3
Dawnly,3,0,3
Dawny,0,3,3
Dawod,3,0,3
Dawoda,3,0,3
Dawoeda,3,0,3
Dawoudson,3,0,3
Dawran,3,0,3
Dawry,3,0,3
Dâwud,3,0,3
Dawûd,3,0,3
Dawūd,3,0,3
Dawud-Haci,3,0,3
Dawudjan,3,0,3
Dawy-Joan,0,3,3
Dax-Lyon,3,0,3
Dax-Star,3,0,3
Daxana,0,3,3
Daxaz,0,3,3
Daxenos,3,0,3
Daxia,0,3,3
Daxine,0,3,3
Daxs,3,0,3
Daxter,3,0,3
Day'chanel,0,3,3
Day'jah,0,3,3
Day'Jhainely,0,3,3
Day'Jhanairo,3,0,3
Day'liyah,0,3,3
Day'Sean,3,0,3
Day'shandro,3,0,3
Day'Shaviënna,0,3,3
Day-Ann,0,3,3
Day-liah,0,3,3
Day-Linn,0,3,3
Day-Lynn,0,3,3
Day-Minson,3,0,3
Day-Sean,3,0,3
Day-shanee,0,3,3
Day-Shaney,0,3,3
Day-shavani,0,3,3
Day-Shawn,3,0,3
Day-Shiadey,0,3,3
Day-Shineneley,0,3,3
Day-Sravailey,0,3,3
Day-sravencio,3,0,3
Day-Vayo,3,0,3
Day-Vencheley,0,3,3
Dayá,0,3,3
Daya-Cinta,0,3,3
Daya-Shri,0,3,3
Dayahnara,0,3,3
Dayala,3,0,3
Dayalandro,3,0,3
Dayali,0,3,3
Dayalji,0,3,3
Dayamar,0,3,3
Dayamati,0,3,3
Dayami,0,3,3
Dayanaira,0,3,3
Dayanairah,0,3,3
Dayanairo,3,0,3
Dayananda,0,3,3
Dayanandkumar,3,0,3
Dayanandpersad,3,0,3
Dayanaro,3,0,3
Dayand,3,0,3
Dayanera,0,3,3
Dayangelo,3,0,3
Dayanis,0,3,3
Dayanit,0,3,3
Dayanitsa,0,3,3
Dayanity,0,3,3
Dayannah,0,3,3
Dayansy,0,3,3
Dayantely,0,3,3
Dayanti-Devi,0,3,3
Dayantkumar,3,0,3
Dayantri,0,3,3
Dayantsing,3,0,3
Dayaný,0,3,3
Dayanyhra,0,3,3
Dayarah,0,3,3
Dayaram,3,0,3
Dayarani,0,3,3
Dayasagar,3,0,3
Dayashi,0,3,3
Dayashree,0,3,3
Dayatjandrie,0,3,3
Dayavantidevi,0,3,3
Dayavati,0,3,3
Dayawanti,0,3,3
Dayawatie,0,3,3
Daybe,3,0,3
Daybora,0,3,3
Dayce,0,3,3
Daycelino,3,0,3
Daycennia,0,3,3
Daychalina,0,3,3
Daychantel,0,3,3
Daychayenne,0,3,3
Daycheandro,3,0,3
Daychel,3,0,3
Daychelle,0,3,3
Daychenara,0,3,3
Daychendro,3,0,3
Daychenne,0,3,3
Daychira,0,3,3
Daychudaera,0,3,3
Dayci,0,3,3
Daycibell,0,3,3
Dayciën,0,3,3
Daycill,0,3,3
Daycillinio,3,0,3
Dayclinn,3,0,3
Daydah,0,3,3
Dayderich,3,0,3
Daydree,0,3,3
Daydron,3,0,3
Daydryan,3,0,3
Dayè,0,3,3
Dayeen,0,3,3
Dayèn,0,3,3
Dayena,0,3,3
Dayenarah,0,3,3
Dayenca,0,3,3
Dayencka,0,3,3
Dayendra,0,3,3
Dayenè,0,3,3
Dayène,0,3,3
Dayenelie,0,3,3
Dayeni,0,3,3
Dayenise,0,3,3
Dayenna-Lee,0,3,3
Dayénne,0,3,3
Dayeno,3,0,3
Dayensa,0,3,3
Dayente,0,3,3
Dayenteley,0,3,3
Dayenu,0,3,3
Dayerly,0,3,3
Dayfano,3,0,3
Daygiano,3,0,3
Daygiomar,3,0,3
Daygu,0,3,3
Dayiem,3,0,3
Dayiën,0,3,3
Dayimen,3,0,3
Dayin,3,0,3
Dayini,0,3,3
Dayinne,0,3,3
Dayinomar,3,0,3
Dayinta,0,3,3
Dayïsha,0,3,3
Dayjah,0,3,3
Dayjano,3,0,3
Dayjelanie,3,0,3
Dayjelis,0,3,3
Dayjiro,3,0,3
Dayka,0,3,3
Daykota,0,3,3
Dayl,3,0,3
Daylaila,0,3,3
Daylailah,0,3,3
Daylaina,0,3,3
Daylaino,3,0,3
Daylam,3,0,3
Daylamicha,0,3,3
Daylanah,0,3,3
Daylania,0,3,3
Dàylania,0,3,3
Daylanni,0,3,3
Daylara,0,3,3
Daylayla,0,3,3
Dayleän,3,0,3
Dayleanna,0,3,3
Dayleen,0,3,3
Dayleigh,0,3,3
Dayleischa,0,3,3
Dayleisha,0,3,3
Daylén,3,0,3
Dayléne,0,3,3
Daylene,0,3,3
Daylensingh,3,0,3
Dayleon,3,0,3
Dayleyson,3,0,3
Dayliangelo,3,0,3
Daylicanto,3,0,3
Daylicio,3,0,3
Dayliene,0,3,3
Dayliënne,0,3,3
Daylies,0,3,3
Daylimairo,3,0,3
Dayline,0,3,3
Daylino,3,0,3
Daylinsia,0,3,3
Daylio,3,0,3
Daylischa,0,3,3
Daylisciya,0,3,3
Daylishio,3,0,3
Daylite,0,3,3
Daylitia,0,3,3
Daylitza,0,3,3
Daylius,3,0,3
Daylleniro,3,0,3
Dayllin,3,0,3
Daylo,3,0,3
Daylyano,3,0,3
Daylyonne,3,0,3
Dayma,0,3,3
Daymaël,3,0,3
Daymari,3,0,3
Daymaris,0,3,3
Daymaro,3,0,3
Dayme,0,3,3
Daymean,3,0,3
Daymerelis,0,3,3
Daymerick,3,0,3
Daymiän,3,0,3
Daymiano,3,0,3
Daymie,0,3,3
Daymiëndo,3,0,3
Daymiëntly,3,0,3
Daymii,0,3,3
Daymili,0,3,3
Daymiliano,3,0,3
Daymiraylis,0,3,3
Daymirell,3,0,3
Daymon-Dean,3,0,3
Daymönd,3,0,3
Daymoriangelo,3,0,3
Daymy,3,0,3
Daymyan,3,0,3
Daymyo-Edwin,3,0,3
Daymyo-Junior,3,0,3
Däyna,0,3,3
Dayna-Dawn,0,3,3
Dayna-Lynn,0,3,3
Dayna-May,0,3,3
Daynada,0,3,3
Daynailisha,0,3,3
Daynaise,0,3,3
Daynan,3,0,3
Daynara,0,3,3
Daynauh,3,0,3
Daynd,3,0,3
Daynee,0,3,3
Daynelies,0,3,3
Daynelisha,0,3,3
Daynelys,0,3,3
Daynen,3,0,3
Daynendra,0,3,3
Daynera,0,3,3
Daynesha,0,3,3
Daynésha,0,3,3
Daynia,0,3,3
Daynichairo,3,0,3
Daynicia,0,3,3
Daynicka,0,3,3
Daynickson,3,0,3
Daynie,0,3,3
Dayniëlson,3,0,3
Daynira,0,3,3
Daynis-Jay,3,0,3
Daynisa,0,3,3
Daynishaira,0,3,3
Daynisja,0,3,3
Daynley,3,0,3
Daynoton,3,0,3
Daynten,3,0,3
Daynutia,0,3,3
Dayny,0,3,3
Dayoa-Janneau,3,0,3
Dayomi,0,3,3
Dayomy,0,3,3
Dayonce,0,3,3
Dayora,0,3,3
Dayora-Ann,0,3,3
Dayou,0,3,3
Dayounnie,0,3,3
Dayphen,3,0,3
Dayran,3,0,3
Dayreen,0,3,3
Dayrel,3,0,3
Dayrelle,3,0,3
Dayrencio,3,0,3
Dayri,0,3,3
Dayrian,3,0,3
Dayriangelo,3,0,3
Dayrickson,3,0,3
Dayriëlo,3,0,3
Dayrieno,3,0,3
Dayriëntely,0,3,3
Dayrik,3,0,3
Dayrina,0,3,3
Dayrine,0,3,3
Dayrison,3,0,3
Dayrixson,3,0,3
Dayronella,0,3,3
Daysam,3,0,3
Dayschano,3,0,3
Daysean,3,0,3
Dayseliene,0,3,3
Daysem,3,0,3
Daysenairo,3,0,3
Dayseray,0,3,3
Daysh-Tesh,0,3,3
Dayshaino,3,0,3
Dayshairell,0,3,3
Dayshalon,3,0,3
Dayshana,0,3,3
Dayshanara,0,3,3
Dayshanay,0,3,3
Dayshaney,0,3,3
Dayshanira,0,3,3
Dayshanto,3,0,3
Dayshari,3,0,3
Daysharron,3,0,3
Dayshauna,0,3,3
Dayshauwn,3,0,3
Dayshawna,0,3,3
Dayshayrion,3,0,3
Dayshenara,0,3,3
Dayshendly,0,3,3
Dayshenelly,0,3,3
Daysherion,3,0,3
Dayshian,3,0,3
Dayshiney,0,3,3
Dayshira,0,3,3
Dayshuendro,3,0,3
Dayshuentely,0,3,3
Daysi,0,3,3
Daysiano,3,0,3
Daysiena,0,3,3
Daysiré,0,3,3
Daysone,3,0,3
Daysson,3,0,3
Daysun,3,0,3
Daythen,3,0,3
Daytiano,3,0,3
Daytisean,0,3,3
Dayu,3,0,3
Dayuma,0,3,3
Dayumae,0,3,3
Dayun,3,0,3
Dayunaira,0,3,3
Dayuni,0,3,3
Dayvahn,3,0,3
Dayvan,3,0,3
Dayvana,0,3,3
Dayvanti,0,3,3
Dayvauhn,3,0,3
Dayve,3,0,3
Dayvela,0,3,3
Dayvelensha,0,3,3
Dayvenier,3,0,3
Dayverchen,3,0,3
Dayverick,3,0,3
Dayvianara,0,3,3
Dayvianno,3,0,3
Dayviënco,3,0,3
Dayviënne,0,3,3
Dayvienshellyne,0,3,3
Dayvilanso,3,0,3
Dayvina,0,3,3
Dayvinchero,3,0,3
Dayvine,0,3,3
Dayvinhö,3,0,3
Dayvinio,3,0,3
Dayviny,0,3,3
Dayvo,3,0,3
Daywe,0,3,3
Dayweigh,0,3,3
Daywelis,0,3,3
Dayyane,3,0,3
Dayyin,3,0,3
Dayyina,0,3,3
Dayzen,3,0,3
Dayzer,3,0,3
Dayzery,0,3,3
Dayzhaunae,0,3,3
Dayzjeron,3,0,3
Dazayrio,3,0,3
Daze,3,0,3
Dazelinjo,3,0,3
Dazian,3,0,3
Dazion,3,0,3
Dazley,3,0,3
Dazlyn,3,0,3
Dazney,0,3,3
Dàzz,3,0,3
Dazzel,3,0,3
Dazzlin,3,0,3
Dazzling,3,0,3
Dbran,0,3,3
Dcianey,0,3,3
Ddine,3,0,3
De'andre,3,0,3
De'Angelo,3,0,3
De'angelo,3,0,3
De'ano,3,0,3
De'Ante,3,0,3
De'Chanté,0,3,3
De'Chayro,3,0,3
Dè'Cornelis,3,0,3
De'Laysha-Mariyah,0,3,3
De'myron,3,0,3
De'Nairo,3,0,3
De'neesha,0,3,3
De'Ny,0,3,3
de'Pan,3,0,3
De'shaelivano,3,0,3
De'Shainely,0,3,3
De'shainey,0,3,3
De'shaune,3,0,3
De'Shawn,3,0,3
De'treysone,3,0,3
De'Vanté,3,0,3
De'vante,3,0,3
De'vanti,0,3,3
De'vaughn,3,0,3
De'zhaën,3,0,3
De-An,0,3,3
Dé-Andre,3,0,3
Dé-Angelo,3,0,3
De-Angely,0,3,3
Dé-Anne,0,3,3
De-Chaira,0,3,3
Dé-Chantel,0,3,3
Dé-Ciara,0,3,3
De-Everson,3,0,3
Dé-Fani,0,3,3
De-Fatima,0,3,3
De-Graft,3,0,3
Dé-Jay,3,0,3
De-jay,3,0,3
De-jesus,3,0,3
Dé-Jhaniera,0,3,3
Dè-Jo,3,0,3
De-la-gracia,0,3,3
Dé-lalyla,0,3,3
De-Las-Nieves,0,3,3
De-Lemuel,3,0,3
De-Lencho,3,0,3
Dé-long,3,0,3
De-Luna,3,0,3
De-Lysha,0,3,3
Dé-Maira,0,3,3
De-Mario,3,0,3
De-Phi,3,0,3
De-Shanaily,0,3,3
De-sharell,0,3,3
Dè-Shatayno,3,0,3
Dé-Shaun,3,0,3
De-Shawn,3,0,3
Dé-shawn,3,0,3
De-Shayron,3,0,3
De-Shenaira,0,3,3
De-Shi,0,3,3
De-Vanté,3,0,3
De-vanté,3,0,3
De-Vin,3,0,3
De-Vón,3,0,3
De-Vondré,3,0,3
Dé-Xaviër,3,0,3
De-Xin,3,0,3
Deä,0,3,3
Dea'lorian,0,3,3
Dea-Ane,0,3,3
Deabeas,3,0,3
Deablo,3,0,3
Deacin,3,0,3
Deaclan,3,0,3
Deaco,3,0,3
Deacon-Jay,3,0,3
Deaf,3,0,3
Deafvon,3,0,3
Deaha,0,3,3
Deaila,0,3,3
Deak,3,0,3
Deala,0,3,3
Dealan,3,0,3
Dealaysha,0,3,3
Dealey,3,0,3
Dealianto,3,0,3
Dealiese,0,3,3
Dealin,3,0,3
Dealine,0,3,3
Dealivo,3,0,3
Deallia,0,3,3
Dealy-ann,0,3,3
Deameon,3,0,3
Deami,0,3,3
Deamian,3,0,3
Deamien,3,0,3
Deamiën,3,0,3
Deamion,3,0,3
Deamona,0,3,3
Deamyen,3,0,3
Deamz,3,0,3
Dèan,3,0,3
Deän,3,0,3
Dean-Anthony,3,0,3
Dean-Ayden,3,0,3
Dean-Dustin,3,0,3
Dean-Eren,3,0,3
Dean-James,3,0,3
Dean-Kelly,3,0,3
Dean-Klaas,3,0,3
Dean-Liam,3,0,3
Dean-Marten,3,0,3
Dean-Mateo,3,0,3
Dean-Matthew,3,0,3
Dean-Michael,3,0,3
Dean-Morris,3,0,3
Dean-neye,3,0,3
Dean-Ryan,3,0,3
Déana,0,3,3
Deanai,3,0,3
Deanaira,0,3,3
Deanarys,0,3,3
Deanavian,3,0,3
Deancee,0,3,3
Deancia,0,3,3
Deandeley,0,3,3
Déandra,0,3,3
Deándra,0,3,3
Deandrae,0,3,3
Deandrè,3,0,3
Deandreá,3,0,3
Déandro,3,0,3
Déane,0,3,3
Deanellyo,3,0,3
Deanera,0,3,3
Deanga,0,3,3
Deangelinne,0,3,3
Deanice,0,3,3
Deaniël,3,0,3
Deanio,3,0,3
Deanira,0,3,3
Deanise,0,3,3
Deanjo,3,0,3
DeAnn,0,3,3
Déann,0,3,3
Deanne-Eibhlin,0,3,3
Deanne-Leah,0,3,3
Deannering,0,3,3
Deannie,0,3,3
Deanny,0,3,3
Dèano,3,0,3
Deäno,3,0,3
Deano-Dani,3,0,3
Deanstone,3,0,3
Déansza,0,3,3
Deantè,3,0,3
Déanthé,3,0,3
Déanthe,0,3,3
Deanthé,3,0,3
Deantly,3,0,3
Deantro,3,0,3
Déanty,3,0,3
Deaqan,3,0,3
Deaquan,3,0,3
Dearan,3,0,3
Dearly,3,0,3
Dearmid,3,0,3
Déaro,3,0,3
Dearthan,3,0,3
Deary-Jay,3,0,3
Deasandro,3,0,3
Deasean,3,0,3
Deashany,0,3,3
Deashauna,0,3,3
Deashon,3,0,3
Deathora,0,3,3
Deatine,0,3,3
Deatlef,3,0,3
Deaundre,3,0,3
Deavaina,0,3,3
Deavangello,3,0,3
Deavangelly,0,3,3
Deavano,3,0,3
Deavaron,3,0,3
Deaver,3,0,3
Deavid,3,0,3
Deavine,0,3,3
Deavion,3,0,3
Deavïon,3,0,3
Deavonny,0,3,3
Deavun,3,0,3
Deavyne,3,0,3
Deavyon,3,0,3
Deawon,0,3,3
Deawy,3,0,3
Deax,3,0,3
Deayan,3,0,3
Deayciano,3,0,3
Deaymen,3,0,3
Deaymirey,0,3,3
Deayu,3,0,3
Deayvino,3,0,3
Deazy,0,3,3
Deba,0,3,3
Debald,3,0,3
Debali,3,0,3
Debarbara,0,3,3
Debashree,0,3,3
Debbelina,0,3,3
Debbia,0,3,3
Debbie-Joyce,0,3,3
Debby-Debora,0,3,3
Debee,0,3,3
Debelien,0,3,3
Deben,3,0,3
Debera,0,3,3
Deberah,0,3,3
Debert,3,0,3
Debesay,3,0,3
Débhora,0,3,3
Debhra,0,3,3
Debica,0,3,3
Debidien,3,0,3
Debieka,0,3,3
Débien,3,0,3
Debiën,3,0,3
Debiepersad,3,0,3
Debii,0,3,3
Debiorv,3,0,3
Debisarun,3,0,3
Debisla,0,3,3
Deblui,0,3,3
Debo,3,0,3
Deboh,0,3,3
Débohra,0,3,3
Debohrah,0,3,3
Debojka,0,3,3
Deboney,0,3,3
Deborá,0,3,3
Dëbora,0,3,3
Debôra,0,3,3
Deborâ,0,3,3
Dêbora,0,3,3
Debòra,0,3,3
Debora-Janet,0,3,3
Deboraa,0,3,3
Debórah,0,3,3
Deboráh,0,3,3
Deborah-Ann,0,3,3
Deborah-Debby,0,3,3
Deborah-Joy,0,3,3
Deborah-Kelly,0,3,3
Deborah-Kim,0,3,3
Deborah-Madelon,0,3,3
Deborah-Tricia,0,3,3
Deborahlotus,0,3,3
Deborân,3,0,3
Deborard,0,3,3
Deboraw,0,3,3
Déborrah,0,3,3
Deborrella,0,3,3
Debosree,0,3,3
Deboya,0,3,3
Deboyah,0,3,3
Debrahlyn,0,3,3
Debraino,3,0,3
Debraley,0,3,3
Debreeze,0,3,3
Debreno,3,0,3
Debreyann,0,3,3
Debrianne,0,3,3
Debriska,0,3,3
Debru,3,0,3
Debruwen,0,3,3
Debry,0,3,3
Debryen,0,3,3
Debudina,0,3,3
Deby'ann,0,3,3
Décaine,3,0,3
Decan,3,0,3
Décane,3,0,3
Decano,3,0,3
Décarlos,3,0,3
Décavarello,3,0,3
Decay,3,0,3
Décederinho,3,0,3
Deceika,0,3,3
Deceliah,0,3,3
Decellio,3,0,3
Decelyn,0,3,3
Decem,3,0,3
Decenio,3,0,3
Decennia,3,0,3
Decéon,3,0,3
Decesia,0,3,3
Decey,0,3,3
Dècha,0,3,3
Déchael,3,0,3
Dechàel,3,0,3
Dechainy,0,3,3
Dechaira,0,3,3
Dèchairo,3,0,3
Dechaïro,3,0,3
Dechalainy,0,3,3
Dechalayna,0,3,3
Dechamaily,0,3,3
Dechanaira,0,3,3
Dechanaylie,0,3,3
Dechandro,3,0,3
Dechané,0,3,3
Dechanel,3,0,3
Dechanie,0,3,3
Dechânira,0,3,3
Dechanirade,0,3,3
Dechannel,0,3,3
Dechantal,0,3,3
Dechantéy,0,3,3
Dechantly,0,3,3
Déchany,0,3,3
Décharelle,0,3,3
Décharo,3,0,3
Décharone,3,0,3
Déchary,0,3,3
Dechathorn,3,0,3
Dechaun,3,0,3
Dechavanni,0,3,3
Dechavel,0,3,3
Déchayra,0,3,3
Dechean,3,0,3
Dechéany,0,3,3
Decheely,0,3,3
Déchefano,3,0,3
Dechein,0,3,3
Dechelity,0,3,3
Dechell,0,3,3
Dechelle,0,3,3
Déchemaro,3,0,3
Déchenairo,3,0,3
Decheng,3,0,3
Dechenie,0,3,3
Dechenique,0,3,3
Déchenitsza,0,3,3
Dechenteley,0,3,3
Dechenvy,3,0,3
Decheny,0,3,3
Décheny,0,3,3
Decheraino,3,0,3
Decheraylo,3,0,3
Decherell,0,3,3
Déchevaio,3,0,3
Dechevayno,3,0,3
Déchiara,0,3,3
Dechiel,3,0,3
Dechien,0,3,3
Dechima,0,3,3
Dechin,0,3,3
Dechinairo,3,0,3
Déchion,3,0,3
Dechirelta,0,3,3
Dechontee-Nyahn,0,3,3
Dechrist,3,0,3
Dechtine,0,3,3
Dechyra,0,3,3
Déciana,0,3,3
Deciane,0,3,3
Déciano,3,0,3
Decibell,0,3,3
Deciderata,0,3,3
Decienia,0,3,3
Decila,0,3,3
Decilia,0,3,3
Décilianne,0,3,3
Décilio,3,0,3
Decinta,0,3,3
Decinus,3,0,3
Decio,3,0,3
Déciré,3,0,3
Deciréé,0,3,3
Deckard,3,0,3
Decklan,3,0,3
Decklin,3,0,3
Deckmo,0,3,3
Dečko,3,0,3
Decky,3,0,3
Declany,0,3,3
Declayen,3,0,3
Declean,3,0,3
Declin,3,0,3
Decloni,3,0,3
Déco,3,0,3
Dèco,3,0,3
Décon,3,0,3
Deconny,3,0,3
Dectar,3,0,3
Dectian,3,0,3
Decx,3,0,3
Dedaa,0,3,3
Dedah,0,3,3
Dedalo,3,0,3
Dedan-Jah,3,0,3
Dedarica,0,3,3
Dedaro,3,0,3
Dedatus,3,0,3
Dêdde,3,0,3
Dedde-Peter,3,0,3
Deddea,0,3,3
Dedderik,3,0,3
Deddes,3,0,3
Deddis,3,0,3
Deddo-Jan,3,0,3
Deddora,0,3,3
DéDé,3,0,3
Dedë,3,0,3
Dēdē,0,3,3
Déde,0,3,3
Dedêche,0,3,3
Dedeh,0,3,3
Dedel,0,3,3
Dedelof,3,0,3
Dedem,0,3,3
Déderieke,0,3,3
Déderika,0,3,3
Déderikus,3,0,3
Déderique,0,3,3
Dedesh,0,3,3
Dedette,0,3,3
Dedevi,0,3,3
Dedewkisaw,3,0,3
Dedey,0,3,3
Dedge,3,0,3
Dédi,0,3,3
Dedia,0,3,3
Dedidjah,0,3,3
Dedinio,3,0,3
Dedios,3,0,3
Dedirika,0,3,3
Dedis,3,0,3
Dedjany,3,0,3
Dedjer,3,0,3
Dedlef,3,0,3
Dedmon,3,0,3
Dedo,3,0,3
Dedora,0,3,3
Dedric,3,0,3
Dédrika,0,3,3
Dedrikson,3,0,3
Dedtie,0,3,3
Dedu,0,3,3
Dedurika,0,3,3
Dedzine,0,3,3
Deé,0,3,3
Dee'Djay,3,0,3
Dee'shanaily,0,3,3
Dee-Chantel,0,3,3
Dee-charrel,0,3,3
Dee-jaye,0,3,3
Dee-jee,0,3,3
Dee-Lin,0,3,3
Dee-lina,0,3,3
Dee-Lina,0,3,3
Dee-Loyd,3,0,3
Dee-Nairo,3,0,3
Dee-Nayra,0,3,3
Dee-Ron,3,0,3
Dee-Shaina,0,3,3
Dee-Shainely,0,3,3
Dee-Shaino,3,0,3
Dee-Shairon,3,0,3
Dee-Shaivon,3,0,3
Dee-Shawn,3,0,3
Dee-Shevainly,0,3,3
Deé-Vansley,0,3,3
Dee-Wain,3,0,3
Deeanah,0,3,3
Deeane,0,3,3
Deeb,3,0,3
Deeba,0,3,3
Deeber,0,3,3
Deeborah,0,3,3
Deebot,3,0,3
Deecha,3,0,3
Deedagh,3,0,3
Deedy,0,3,3
Deefje,3,0,3
Deefke,0,3,3
Deeh-Yung,3,0,3
Deejan,3,0,3
Deejeano,3,0,3
Deeke,0,3,3
Deekha,0,3,3
Deekje,0,3,3
Deekshitha,0,3,3
Deela,0,3,3
Deelan,0,3,3
Deelert,3,0,3
Deeleyla,0,3,3
Deelia,0,3,3
Deelijah,0,3,3
Deelina,0,3,3
Deeltina,0,3,3
Deely,0,3,3
Deemin,3,0,3
Deems,3,0,3
Deemy,3,0,3
Déén,3,0,3
Deen-Dirk,3,0,3
Deëna,0,3,3
Deena-Lynn,0,3,3
Deenah,0,3,3
Deenalies,0,3,3
Deenanauth,0,3,3
Deenara,0,3,3
Deener,3,0,3
Deenger,3,0,3
Deeni,3,0,3
Deénie,0,3,3
Deeny,3,0,3
Deep-Mala,0,3,3
Deep-Sarojh,3,0,3
Deepabali,0,3,3
Deepack,3,0,3
Deepakkuma,3,0,3
Deepakraj,3,0,3
Deepankar,3,0,3
Deepashu,0,3,3
Deepavali,0,3,3
Deepeh,0,3,3
Deependra,3,0,3
Deeph,3,0,3
Deepica,0,3,3
Deepiga,0,3,3
Deepigan,3,0,3
Deepinder,3,0,3
Deepindra,3,0,3
Deepkamal,3,0,3
Deepkoemar,3,0,3
Deepny,0,3,3
Deepshikha,0,3,3
Deeptanshu,3,0,3
Deepthi,0,3,3
Deepu,3,0,3
Deeqoow,3,0,3
Deequan,3,0,3
Deer,0,3,3
Deeradjkumar,3,0,3
Deeraj-kumar,3,0,3
Deeray,3,0,3
Deerdre,0,3,3
Deerk,3,0,3
Deeroy,3,0,3
Deert,3,0,3
Deesdottir,0,3,3
Deesha,0,3,3
Deeshine,0,3,3
Deeson,3,0,3
Deesse,0,3,3
Deesson,3,0,3
Deesy,0,3,3
Deet,3,0,3
Deeta,0,3,3
Deetlef,3,0,3
Deeuwe,3,0,3
Deeuwkje,0,3,3
Deev,3,0,3
Deeva,3,0,3
Deeva-Dy,0,3,3
Deevain,3,0,3
Deevana,0,3,3
Deevani,0,3,3
Deevanie,0,3,3
Deevayne,3,0,3
Deevin,3,0,3
Deevine,0,3,3
Deevis,3,0,3
Deevja,0,3,3
Deevy,3,0,3
Deewald,3,0,3
Deewani,0,3,3
Deewh,3,0,3
Deewi,0,3,3
Deex,3,0,3
Deeyan,3,0,3
Deeyna,0,3,3
Def,3,0,3
Defa,0,3,3
Defainey,0,3,3
Defaino,3,0,3
Defaintly,0,3,3
Defaio,3,0,3
Defaira,0,3,3
Défaney,0,3,3
Défania,0,3,3
Defania,0,3,3
Defanie,0,3,3
Defanisha,0,3,3
Defany,0,3,3
Defar,3,0,3
Defarino,3,0,3
Defaro,3,0,3
Defaynie,0,3,3
Defeany,3,0,3
Defeaun,3,0,3
Defeino,3,0,3
Defencia,0,3,3
Defendy,3,0,3
Defengela,0,3,3
Défenice,0,3,3
Defenie,0,3,3
Deffaney,0,3,3
Deffel,3,0,3
Deffley,0,3,3
Deffney,0,3,3
Deffy,3,0,3
Defhaney,0,3,3
Defhelinio,3,0,3
Defhina,0,3,3
Defhne,0,3,3
Defi,0,3,3
Defide,3,0,3
Defijro,3,0,3
Defin,3,0,3
Définejah,0,3,3
Definio,3,0,3
Definitey,0,3,3
Definitly,0,3,3
Definna,0,3,3
Deflyn,3,0,3
Deflynn,3,0,3
Defné,0,3,3
Defnetly,0,3,3
Defnis,3,0,3
Defno,3,0,3
Defon,3,0,3
Defra,0,3,3
Defrah,0,3,3
Defran,3,0,3
Defranko,3,0,3
Defrino,3,0,3
Defrow,3,0,3
Defroy,3,0,3
Defsell,3,0,3
Deftera,0,3,3
Defveney,0,3,3
Defvin,3,0,3
Defyney,0,3,3
Defynn,3,0,3
deg,0,3,3
DEG,0,3,3
Degaan,0,3,3
Degail,3,0,3
Dégan,3,0,3
Deganawidah,3,0,3
Deganira,0,3,3
Deganit,0,3,3
Degany,3,0,3
Degbert,3,0,3
Degenhart,3,0,3
Değer,3,0,3
Degeya,3,0,3
Deghen,3,0,3
Degill,0,3,3
Degmo,0,3,3
Dego,3,0,3
Degol,3,0,3
Degrëo,3,0,3
Deguiney,0,3,3
Dehan,0,3,3
Dehbia,0,3,3
Dehborah,0,3,3
Dehbra,0,3,3
Dehconti,0,3,3
Dèheb,0,3,3
Dehèb,0,3,3
Dehigama,0,3,3
Dehim,3,0,3
Dehiña,0,3,3
Dehir,3,0,3
Dehjay,3,0,3
Déhli,3,0,3
Dehli,0,3,3
Dehliah,0,3,3
Dehliana,0,3,3
Dehlila,0,3,3
Dehlio,3,0,3
Dehmelza,0,3,3
Dehmet,0,3,3
Dehmi,0,3,3
Dehn,3,0,3
Dehna,3,0,3
Dehne,0,3,3
Dehnieck,3,0,3
Dehninio,3,0,3
Dehny,3,0,3
Dehstry,3,0,3
Dehuël,3,0,3
Dehuel,3,0,3
Dehviyanthe,0,3,3
Dehvyathe,0,3,3
Dehwi,3,0,3
Dehwy,0,3,3
Dei-Shawn,3,0,3
Dei-Zhendra,0,3,3
Deia,0,3,3
Deiana,0,3,3
Deïanaira,0,3,3
Deianairo,3,0,3
Deianarah,0,3,3
Deïandra,0,3,3
Deïaneira,0,3,3
Deianeirah,0,3,3
Deianeiro,3,0,3
Deïanera,0,3,3
Deiänera,0,3,3
Deïaniera,0,3,3
Deianyhra,0,3,3
Deianys,0,3,3
Deibi,3,0,3
Deiby,3,0,3
Deibyson,3,0,3
Deicira,0,3,3
Deick,3,0,3
Deidei,0,3,3
Deiderick,3,0,3
Deidi,0,3,3
Deido,3,0,3
Deïdre,0,3,3
Deifilia,0,3,3
Deigh-Shawn,3,0,3
Deighmarney,3,0,3
Deighvian,3,0,3
Deigiena,0,3,3
Deihla,0,3,3
Deijah,0,3,3
Deijeneiro,3,0,3
Deijiro,3,0,3
Deijn,3,0,3
Deijon,3,0,3
Deijyo,3,0,3
Deilf,3,0,3
Deilin,0,3,3
Deim,3,0,3
Deime,3,0,3
Deïmi,0,3,3
Deimion,3,0,3
Deimoer,3,0,3
Deimond,3,0,3
Deimos,3,0,3
Deïmos,3,0,3
Deimy,3,0,3
Dein,3,0,3
Deinah,0,3,3
Deïnaira,0,3,3
Deiñé,0,3,3
Deinera,0,3,3
Deining,0,3,3
Deinio,3,0,3
Deiniol,3,0,3
Deins,0,3,3
Deintje,0,3,3
Deiny,3,0,3
Deinze,3,0,3
Deiondra,0,3,3
Déira,0,3,3
Deira,0,3,3
Deirdré,0,3,3
Déirdre,0,3,3
Deire,0,3,3
Deiriliano,3,0,3
Deirisa,0,3,3
Deiro,3,0,3
Deis,3,0,3
Deïse,0,3,3
Deisem,3,0,3
Deishaniera,0,3,3
Deisharee,0,3,3
Deisheny,0,3,3
Deisi,0,3,3
Deisira,0,3,3
Deissa,0,3,3
Deissy,0,3,3
Deitrick,3,0,3
Deivika,0,3,3
Deivis,3,0,3
Deiynaba,0,3,3
Deiz,3,0,3
Deizi,0,3,3
Dëjä,0,3,3
Déjahno,3,0,3
Dejairo,3,0,3
Déjalvienne,0,3,3
Dejama,0,3,3
Dejamin,3,0,3
Dèjan,3,0,3
Dejanae,0,3,3
Dejánaira,0,3,3
Dejanaira,0,3,3
Dejanay,0,3,3
Dejando,3,0,3
Dèjanee,0,3,3
Déjanero,3,0,3
Dèjani,0,3,3
Déjaniera,0,3,3
Déjanii,0,3,3
Dejanino,3,0,3
Déjanira,0,3,3
Dejaniro,3,0,3
Dejanne,0,3,3
Dejano,3,0,3
Déjano,3,0,3
Dejant,3,0,3
Dejany,3,0,3
Déjany,0,3,3
Dèjavan,3,0,3
Dejavan,3,0,3
Dejavie,0,3,3
Dejavu,0,3,3
Dejawn,3,0,3
Dejaydrion,3,0,3
Dejé,0,3,3
Dejeân,3,0,3
Dejean,3,0,3
DéJean,3,0,3
Dejean-Ladage,3,0,3
Dejeandro,3,0,3
Dejeanira,0,3,3
Dejeanne,0,3,3
Déjeanne,0,3,3
Dejeano,3,0,3
Dejeda,0,3,3
Dejen,3,0,3
Déjenaira,0,3,3
Dejenique,0,3,3
DeJesus,3,0,3
Dejesus,3,0,3
Dejhanillio,3,0,3
Déjhon,3,0,3
Dejin,3,0,3
Dejina,0,3,3
Dejna,0,3,3
Dejohn,3,0,3
Dejola,3,0,3
Dejoli,3,0,3
Dejomairo,3,0,3
Déjon,3,0,3
Dejón,3,0,3
Déjondra,0,3,3
Dejone,3,0,3
Dejorden,3,0,3
Dejoyah,0,3,3
Dejua,3,0,3
Dejuandy,3,0,3
Dejun,3,0,3
Déjūn,0,3,3
Dek,3,0,3
Dekaan,3,0,3
Dekaiden,3,0,3
Dekara,0,3,3
Dekart,3,0,3
Dekawei,3,0,3
Dekea,0,3,3
Deki,3,0,3
Dekina,0,3,3
Dekkerrina,0,3,3
Deklan,3,0,3
Deklat,3,0,3
Deklin,3,0,3
Deko,3,0,3
Dèko,3,0,3
Dekra,0,3,3
Deky,3,0,3
Dekyem,0,3,3
Del'Ray,3,0,3
Del-Gratia,0,3,3
Del-Lannoy,3,0,3
Del-Pilar,0,3,3
del-Pilar,0,3,3
Déla,0,3,3
Dela-Eden,0,3,3
Deladem,0,3,3
Delaeylla,0,3,3
Delafinio,3,0,3
Delafrouz,0,3,3
Delagracia,3,0,3
Délai,3,0,3
Delai,3,0,3
Delaïah,0,3,3
Delaichero,3,0,3
Delaida,0,3,3
Delaihla,0,3,3
Délaijah-Minga,3,0,3
Delaijla,0,3,3
Delaïla,0,3,3
Délailha,0,3,3
Délain,3,0,3
Delainah,0,3,3
Délaine,0,3,3
Delainen,3,0,3
Delaïno,3,0,3
Delair,3,0,3
Delaira,0,3,3
Delaise,0,3,3
DéLaisha,0,3,3
Delaisho,3,0,3
Delait,3,0,3
Délaiya,0,3,3
Delaiyah,0,3,3
Dèlaja,0,3,3
Dèlàja,0,3,3
Delaka,0,3,3
Delâl,0,3,3
Delalma,3,0,3
Delamico,3,0,3
Delamore,3,0,3
Delân,3,0,3
Delana-Joy,0,3,3
Delana-Nella,0,3,3
Delanah,0,3,3
Delanch,3,0,3
Delandno,3,0,3
Delandro,3,0,3
Delandrya,0,3,3
Délanè,0,3,3
Delaneau,3,0,3
Délaney,0,3,3
Délaney-Ann,0,3,3
Delaney-Elvira,0,3,3
Delaney-Jeade,0,3,3
Delaneyo,3,0,3
Delani-Envy,0,3,3
Délania,0,3,3
Délanie,0,3,3
Delanjo,3,0,3
Délanna,0,3,3
Delanne,0,3,3
Delanney,0,3,3
Delanno,3,0,3
Délanny,0,3,3
Delanö,3,0,3
Delàno,3,0,3
Dêlano,3,0,3
Delano-Glenn,3,0,3
Delano-Noah,3,0,3
Delante,3,0,3
Delány,0,3,3
Delanya,0,3,3
Delar,3,0,3
Délara,0,3,3
Delaria,0,3,3
Delaro,3,0,3
Delassa,0,3,3
Delauno,3,0,3
Delavar,3,0,3
Delavy,0,3,3
Delaweh,3,0,3
Delawer,3,0,3
Delay-Jah,0,3,3
Delayan,3,0,3
Delaycen,3,0,3
Delayha,0,3,3
Delayhla,0,3,3
Delayiah,0,3,3
Delayjah,0,3,3
DeLayla,0,3,3
Délayla-Joyce,0,3,3
Délaylah,0,3,3
Délaylha,0,3,3
Delayon,3,0,3
Delayra,0,3,3
Delayscha,0,3,3
Delaysiah,0,3,3
Delayson,3,0,3
Delby,0,3,3
Delchairo,3,0,3
Delchano,3,0,3
Delchev,3,0,3
Delciano,3,0,3
Delcie,0,3,3
Delcioon,3,0,3
Delclose,3,0,3
Delcourt,3,0,3
delCruz,0,3,3
Delcy,0,3,3
Delcylino,3,0,3
Deldar,3,0,3
Delé,3,0,3
Deleaan,0,3,3
Deleany,0,3,3
Deleaya,0,3,3
Delecia,0,3,3
Delee,0,3,3
Deleena,0,3,3
Deleesha,0,3,3
Delegate,0,3,3
Delei,3,0,3
Deleida,0,3,3
Deleigha,0,3,3
Deleij,3,0,3
Deléilah,0,3,3
Deleilha,0,3,3
Deleir,0,3,3
Déleisha,0,3,3
Deleki,0,3,3
Delel,0,3,3
Delemos,3,0,3
Dèlencio,3,0,3
Delène,0,3,3
Deléne,0,3,3
Delenicia,0,3,3
Delenio,3,0,3
Delènn,3,0,3
Delennah,0,3,3
Dèlenne,0,3,3
Delenzo,3,0,3
Deleon,3,0,3
Déleon,3,0,3
Delereu,3,0,3
Delerion,3,0,3
Delerious,3,0,3
Delery,0,3,3
Delesh,3,0,3
Delesia,0,3,3
Deleste,0,3,3
Delèv,3,0,3
Déley,3,0,3
Deleyciëlla,0,3,3
Deleyna,0,3,3
Deleysha,0,3,3
Delfa,0,3,3
Delfayno,3,0,3
Delfhine,0,3,3
Delfiana,0,3,3
Delfijn,0,3,3
Delfilu,3,0,3
Delfini,0,3,3
Delfinio,3,0,3
Delfinyo,3,0,3
Delfio,3,0,3
Delfo,3,0,3
Delfort,3,0,3
Delftina,0,3,3
Delfy,3,0,3
Delfyne,0,3,3
Delgardo,3,0,3
Delgio,3,0,3
Delgiony,3,0,3
Delgunda,0,3,3
Delha,0,3,3
Delhaila,0,3,3
Delhany,0,3,3
Delí,0,3,3
Déli,0,3,3
Deli-Anne,0,3,3
Deli-jean,0,3,3
Dèlia,0,3,3
Delia-Rose,0,3,3
Déliaan,3,0,3
Delíah,0,3,3
Deliamber,0,3,3
Deliandra,0,3,3
Déliane,0,3,3
Deliann,0,3,3
Délianna,0,3,3
Déliano,3,0,3
Delianov,3,0,3
Delianova,0,3,3
Deliantje,0,3,3
Délianty,0,3,3
Deliany,3,0,3
Deliba,0,3,3
Delican,3,0,3
Délice,0,3,3
Delicea,0,3,3
Delicha,0,3,3
Délicha,0,3,3
Deliche,0,3,3
Delichia,0,3,3
Delichio,3,0,3
Delícia-Aleida,0,3,3
Deliciah,0,3,3
Deliciana,0,3,3
Delicius,3,0,3
Deliciya,0,3,3
Deliciyana,0,3,3
Delick,3,0,3
Delicyano,3,0,3
Delida,0,3,3
Delidah,0,3,3
Deliea,0,3,3
Delieja,0,3,3
Deliejaantje,0,3,3
Déliena,0,3,3
Deliena,0,3,3
Delienne,0,3,3
Delientje,0,3,3
Delienyo,3,0,3
Delieroy,3,0,3
Deliese,0,3,3
Delifiano,3,0,3
Delightfull,0,3,3
Delightly,0,3,3
Déliha,0,3,3
Deliha,0,3,3
Delihla,0,3,3
Delihlah,0,3,3
Delijana,0,3,3
Dèlilah,0,3,3
Delilat,0,3,3
Delilha,0,3,3
Delilia,0,3,3
Delillah,0,3,3
Delimo,3,0,3
Delimonte,0,3,3
Delina-Yueng,0,3,3
Delincy,0,3,3
Delínda,0,3,3
Délinda,0,3,3
Delinde,0,3,3
Delindey,0,3,3
Delindy,0,3,3
Delinita,0,3,3
Delinjo,3,0,3
Delinsa,0,3,3
Delinsy,0,3,3
Délion,3,0,3
Delionson,3,0,3
Delios,3,0,3
Delira,0,3,3
Delirio,3,0,3
Delisah,0,3,3
Delisara,0,3,3
Delisea,0,3,3
Dèlisha,0,3,3
Delishana,0,3,3
Delishano,3,0,3
Delishieyah,0,3,3
Delishya,0,3,3
Délishyana,0,3,3
Delisiano,3,0,3
Delisie,3,0,3
Delisio,3,0,3
Delison,3,0,3
Délissa,0,3,3
Delisser,0,3,3
Delissia,0,3,3
Delita,0,3,3
Delite,0,3,3
Delitha,0,3,3
Delithia,0,3,3
Deliu,0,3,3
Deliva,0,3,3
Delivejo,3,0,3
Delivier,3,0,3
Délivio,3,0,3
Delivo,3,0,3
Delivrance,0,3,3
Delivya,0,3,3
Dèliyah,0,3,3
Deliyan,3,0,3
Déliyena,0,3,3
Déliyenna,0,3,3
Deliylah,0,3,3
Déliz,0,3,3
Deliz,0,3,3
Delizio,3,0,3
Delka,0,3,3
Dell,3,0,3
dell'Amore,0,3,3
Dellando,3,0,3
Dellaney,0,3,3
Dellaniera,0,3,3
Dellanoi,0,3,3
Dellany,3,0,3
Dellara,0,3,3
Dellarina,0,3,3
Dellarosa,0,3,3
Dellejana,0,3,3
Dēllen,0,3,3
Delleney,0,3,3
Delleonardo,3,0,3
Delleta,0,3,3
Dellfanihio,3,0,3
Dellian,3,0,3
Dellianey,0,3,3
Delliene,0,3,3
Dellila,0,3,3
Dellina,0,3,3
Dellindo,3,0,3
Delling,3,0,3
Dellisha,0,3,3
Dellmar,3,0,3
Dellovla,0,3,3
Dellyghate,0,3,3
Dellysa,0,3,3
Dellysson,3,0,3
Dellyvien,0,3,3
Delmaan,3,0,3
Delmah,0,3,3
Delmain,3,0,3
Delmaine,3,0,3
Delmara,0,3,3
Delmare,3,0,3
Delmayro,3,0,3
Delmelchio,3,0,3
Delmeza,0,3,3
Delmhar,3,0,3
Delmilagro,0,3,3
Delmin,3,0,3
Delmita,0,3,3
Delmo,3,0,3
Delmonica,0,3,3
Delmoon,3,0,3
Delmore,3,0,3
Delna,0,3,3
Delnas,0,3,3
Delnav,0,3,3
Delninjo,3,0,3
Delnora,0,3,3
Delobi,0,3,3
Delona,0,3,3
Delonda,0,3,3
Delong,3,0,3
Delonia,0,3,3
Délonn,3,0,3
Delony,0,3,3
Delorëan,3,0,3
Délorean,0,3,3
Deloréana,0,3,3
Delorez,0,3,3
Delorian,0,3,3
Deloriën,0,3,3
Déloris,0,3,3
Delorre,0,3,3
Delorus,0,3,3
Deloryan,0,3,3
Delouze,0,3,3
Delowby,3,0,3
Delpha,0,3,3
Delphiné,0,3,3
Delphine-Maxine,0,3,3
Delphini,3,0,3
Delphis,3,0,3
Delphos,3,0,3
Delphyn,3,0,3
Delpianna,0,3,3
Delpilar,0,3,3
Delrano,3,0,3
Delray,3,0,3
Delraysöyo,3,0,3
Delrencio,3,0,3
Delrich,3,0,3
Delritsa,0,3,3
Delrooi,3,0,3
Delshaad,3,0,3
Delsharo,3,0,3
Delshawn,3,0,3
Delshin,0,3,3
Delsina,0,3,3
Delsisa,0,3,3
Delsy,0,3,3
Delsyn,3,0,3
Delsynn,0,3,3
Delú,0,3,3
déLuca,3,0,3
DeLucas,3,0,3
Deluciana,0,3,3
DeLuciano,3,0,3
Deluciano,3,0,3
Delucio,3,0,3
Deluis,3,0,3
Deluna,0,3,3
Delurdes,0,3,3
Délusa,3,0,3
Deluviano,3,0,3
Deluwan,3,0,3
Deluxja,0,3,3
Delva,0,3,3
DelValle,0,3,3
Delvane,0,3,3
Delvani,3,0,3
Delvanjo,3,0,3
Delvannah,0,3,3
Delvanon,3,0,3
Delvaro,3,0,3
Delvecchio,3,0,3
Delveccio,3,0,3
Delvenzio,3,0,3
Delves,3,0,3
Delvi,3,0,3
Delvicco,3,0,3
Delvincho,3,0,3
Delvincio,3,0,3
Delvine,0,3,3
Delvinho,3,0,3
Delvinjo,3,0,3
Delvio,3,0,3
Delviro,3,0,3
Delvon,3,0,3
Delvyron,3,0,3
Delwar,3,0,3
Delwende,0,3,3
Delxas,3,0,3
Delý,3,0,3
Dely-ann,0,3,3
Délyâ,0,3,3
Delyane,0,3,3
Delyann,3,0,3
Delyce,0,3,3
Delycha,0,3,3
Delychion,3,0,3
Delycho,3,0,3
Délycia,0,3,3
Delyda,0,3,3
Delygia,0,3,3
Delyhlah,0,3,3
Délylah,0,3,3
Delylha,0,3,3
Dèlylha,0,3,3
Delylio,3,0,3
Delyllah,0,3,3
Delyndo,3,0,3
Delynia,0,3,3
Délynn,0,3,3
Delyon,3,0,3
Delyonard,3,0,3
Delyra,0,3,3
Delyri,3,0,3
Delysa,0,3,3
Delysah,0,3,3
Delyshano,3,0,3
Delyshio,3,0,3
Delysio,3,0,3
Delyson,3,0,3
Delyth,0,3,3
Delyvio,3,0,3
Delyza,0,3,3
Delyzia,0,3,3
Delzar,3,0,3
Delzenne,0,3,3
Dema,0,3,3
Demaene,0,3,3
Démaggio,3,0,3
Demaihro,3,0,3
Demailey,3,0,3
Demaira,0,3,3
Demairen,3,0,3
Demaiyro,3,0,3
Demaja,3,0,3
Demala,0,3,3
Demalima,0,3,3
Demalza,0,3,3
Demama,0,3,3
Demancyo,3,0,3
Démani,0,3,3
Demanicya,0,3,3
Demanio,3,0,3
Démanuel,3,0,3
Demany,3,0,3
Demanya,0,3,3
Démaral,3,0,3
Démarco,3,0,3
Démarcya,0,3,3
Démare,0,3,3
Démareëly,0,3,3
Démarencio,3,0,3
Demares,0,3,3
Demari,3,0,3
Demaria,0,3,3
Demarian,3,0,3
Demaries,0,3,3
Demarillio,3,0,3
Demarius,3,0,3
Démarleyo,3,0,3
Demarlo,3,0,3
Démarlyo,3,0,3
Demarnay,3,0,3
Demarques,3,0,3
DeMarzio,3,0,3
Démas,3,0,3
Demassine,0,3,3
Dëmauricio,3,0,3
Demaya,0,3,3
Demaycheli,0,3,3
Demaylon,3,0,3
Demayo,0,3,3
Demayra,0,3,3
Dembè,3,0,3
Dembeje,0,3,3
Dembela,3,0,3
Demberd,3,0,3
Dembirly,0,3,3
Dembo,3,0,3
Demea,0,3,3
Demeanus,3,0,3
Demed,0,3,3
Demee,0,3,3
Demée,3,0,3
Demeia,0,3,3
Demeirio,3,0,3
Demel,3,0,3
Demelash,0,3,3
Demelicia,0,3,3
Démelisha,0,3,3
Demell,3,0,3
Demels,0,3,3
Démelsa,0,3,3
Demelsah,0,3,3
Demelscha,0,3,3
Demelsija,0,3,3
Demelze,0,3,3
Démelze,0,3,3
Demelzer,0,3,3
Demelzha,0,3,3
Demelzio,3,0,3
Demencio,3,0,3
Dèmencio,3,0,3
Demène,0,3,3
Demeni,3,0,3
Demenie,3,0,3
Demenique,3,0,3
Demeny,0,3,3
Dèmeny,0,3,3
Demeo,3,0,3
Demercio,3,0,3
Demere,0,3,3
Demerey,3,0,3
Demerick,3,0,3
Demerius,3,0,3
Demerrylio,3,0,3
Deméry,0,3,3
Demesha,0,3,3
Démétér,0,3,3
Demetias,3,0,3
Demetre,3,0,3
Demetric,3,0,3
Demetrió,3,0,3
Demétrio,3,0,3
Demetris,3,0,3
Demetriusz,3,0,3
Demetry,3,0,3
Demetz,3,0,3
Demfana,0,3,3
Demfena,0,3,3
Demfhy,0,3,3
Demhat,3,0,3
Démí,0,3,3
Demi-Celine,0,3,3
Demi-Dean,0,3,3
Demi-Esmee,0,3,3
Demi-Faith,0,3,3
Demi-Fayèn,0,3,3
Demi-Jan,3,0,3
Demi-Jelle,0,3,3
Demi-Joël,0,3,3
Demi-Joëlle,0,3,3
Demi-Jones,0,3,3
Demi-Joy,0,3,3
Demi-Julia,0,3,3
Demi-Kay,3,0,3
Demi-Kimberlyn,0,3,3
Demi-lee,0,3,3
Demi-Leone,3,0,3
Demi-Lisa,0,3,3
Demi-Mae,0,3,3
Demi-Martina,0,3,3
Demi-Pascal,3,0,3
Demi-Rachel,0,3,3
Demi-Richell,0,3,3
Demi-Sade,0,3,3
Demi-Sanne,0,3,3
Demi-Sarah,0,3,3
Demi-Shari,0,3,3
Demi-Staffy,0,3,3
Demi-Thien,0,3,3
Demiamo,3,0,3
Demiän,3,0,3
Demian-Willem,3,0,3
Demiangelus,3,0,3
Demiani,3,0,3
Demianos,3,0,3
Demianty,0,3,3
Demiatie,0,3,3
Demic,0,3,3
Demichelis,3,0,3
Demici,3,0,3
Demicy,3,0,3
Démie,0,3,3
Demiek,0,3,3
Demiël,3,0,3
Demiel,3,0,3
Demiéla,0,3,3
Demiën-Sem,3,0,3
Démiencke,0,3,3
Demier,3,0,3
Demiërro,3,0,3
Demies,3,0,3
Demietri,3,0,3
Demii,0,3,3
DemiJan,3,0,3
Demijano,3,0,3
Demijn,3,0,3
Demika,0,3,3
Demilano,3,0,3
Demile,0,3,3
Demilène,0,3,3
Demiley,0,3,3
Démiliana,0,3,3
Demilie,0,3,3
Demilien,3,0,3
Demiljen,3,0,3
Demillio,3,0,3
Demilsa,0,3,3
Demilya,0,3,3
Demilynn,0,3,3
Demilynna,0,3,3
Demincio,3,0,3
Demindy,0,3,3
Deming,3,0,3
Deminggas,0,3,3
Deminianus,3,0,3
Deminicus,3,0,3
Deminion,3,0,3
Demio-enrigue,3,0,3
Demios,3,0,3
Demique,0,3,3
Démira,0,3,3
Démira-Beau,0,3,3
Demirah,0,3,3
Demiralp,3,0,3
Demiraycan,3,0,3
Demiria,0,3,3
Demirka,0,3,3
Demiro,3,0,3
Demirus,3,0,3
Demïs,3,0,3
Demis-Jozef,3,0,3
Demisha,0,3,3
Demisharyque,0,3,3
Demisheira,0,3,3
Demishola,0,3,3
Demison,3,0,3
Démissa,0,3,3
Demistocle,3,0,3
Demita,0,3,3
Demithan,3,0,3
Demithio,3,0,3
Demitreo,3,0,3
Demitres,3,0,3
Démitri,3,0,3
Demitris,3,0,3
Demitrus,3,0,3
Demiús,3,0,3
Demiyah,0,3,3
Demiyati,0,3,3
Démiyo,3,0,3
Demiz,3,0,3
Demize,3,0,3
Demjana,0,3,3
Demjanowna,0,3,3
Dëmko,3,0,3
Démler,3,0,3
Demlyn,0,3,3
Demme,0,3,3
Demmeny,0,3,3
Démny,3,0,3
Démo,3,0,3
Demo,3,0,3
Demoenia,0,3,3
Demoeshia,0,3,3
Demoetshy,0,3,3
Demoiselle,0,3,3
Démond,3,0,3
Demonica,0,3,3
Demoor,3,0,3
Demoraes,0,3,3
Demorey,3,0,3
Demorice,0,3,3
Demornay,0,3,3
Démos,3,0,3
Demostheni,3,0,3
Demothenes,3,0,3
Demothi,3,0,3
Demoucha,0,3,3
Dempcy,3,0,3
Dempena,0,3,3
Dempfina,0,3,3
Demphi,0,3,3
Demphia,0,3,3
Demphsy,3,0,3
Dempseymo,3,0,3
Demraz,3,0,3
Demren,3,0,3
Demrey,3,0,3
Demri,3,0,3
Demriek,3,0,3
Demsal,0,3,3
Demsaw,3,0,3
Demsu,0,3,3
Demudiah,0,3,3
Demvi,0,3,3
Dèmy,3,0,3
Demy-Lee,0,3,3
Demy-lee,0,3,3
Demy-Leigh,0,3,3
Demy-Yvette,0,3,3
Démyan,3,0,3
Demyann,0,3,3
Demyano,3,0,3
Demyanti,0,3,3
Demyanus,3,0,3
Demyian,3,0,3
Demyliano,3,0,3
Demynaily,0,3,3
Demyra,0,3,3
Demys,3,0,3
Demyssos,3,0,3
DEN,0,3,3
Den-Den,3,0,3
Dèna,0,3,3
Déna-Joy,0,3,3
Dena-Nieve,0,3,3
Denacy,0,3,3
Dènadé,0,3,3
Denades,0,3,3
Denaï,3,0,3
Denaigel,3,0,3
Dénaily,0,3,3
Denaira,0,3,3
Denaisa,0,3,3
Denaise,0,3,3
Denaisha,0,3,3
Denaishalena,0,3,3
Denaison,3,0,3
Denaixa,0,3,3
Denaiza,0,3,3
Denaïzo,3,0,3
Denaj,3,0,3
Denaldo,3,0,3
Denalio,3,0,3
Denalisa,0,3,3
Dénaliya,0,3,3
Denalizah,0,3,3
Denalles,0,3,3
Dènally,0,3,3
Denalyo,3,0,3
Dènan,3,0,3
Dénan,3,0,3
Denana,0,3,3
Denaniël,3,0,3
Denant,3,0,3
Denara,0,3,3
Denasia,0,3,3
Denata,0,3,3
Denathan,3,0,3
Denatia,0,3,3
Denatra,0,3,3
Denaty,0,3,3
Denaycha,0,3,3
Denayla,0,3,3
Denaylio,3,0,3
Denayo,3,0,3
Denayrah,0,3,3
Dénayro,3,0,3
Denaysa,0,3,3
Denazareth,3,0,3
Denby,3,0,3
Dence,0,3,3
Dencel,3,0,3
Dencell,3,0,3
Dencello,3,0,3
Dencemina,0,3,3
Dencey,3,0,3
Denche,3,0,3
Denchee,3,0,3
Denchell,3,0,3
Denchello,3,0,3
Denchelon,3,0,3
Denchelyno,3,0,3
Denchenayra,0,3,3
Dencheny,0,3,3
Dencheyro,3,0,3
Dencho,3,0,3
Denchonairo,3,0,3
Dencia,0,3,3
Denciën,3,0,3
Dencine,0,3,3
Dencinio,3,0,3
Denczel,3,0,3
Dend,3,0,3
Dendana,0,3,3
Dendek,0,3,3
Dendi,0,3,3
Dendie,3,0,3
Dendis,3,0,3
Dendjena,0,3,3
Dendjomar,3,0,3
Dendley,3,0,3
Dendra,0,3,3
Dendriek,0,3,3
Dendrika,0,3,3
Dendroaspis,0,3,3
Dendu,0,3,3
Dendy,0,3,3
Dendylon,0,3,3
Dené,3,0,3
Dēnē,0,3,3
Denea,0,3,3
Deneal,3,0,3
Deneb,3,0,3
Denebola,0,3,3
Deneille,0,3,3
Deneisha,0,3,3
Denelisa,0,3,3
Denelise,0,3,3
Dénelise,0,3,3
Denell,3,0,3
Denella,0,3,3
Denelley,3,0,3
Denello,3,0,3
Denelson,3,0,3
Denelvio,3,0,3
Denelvy,0,3,3
Denelza,0,3,3
Dènem-Jay,3,0,3
Deneney,3,0,3
Dener,3,0,3
Dénera,0,3,3
Denera,0,3,3
Denero,3,0,3
Dénès,3,0,3
Denés,3,0,3
Dènes,3,0,3
Denese,0,3,3
Denesey,3,0,3
Denesh,3,0,3
Deneshkoemar,3,0,3
Dèneshwarie,0,3,3
Deneskumar,3,0,3
Denesmairy,0,3,3
Dénessity,0,3,3
Denev,3,0,3
Denéve,0,3,3
Denever,0,3,3
Denéy,0,3,3
Deneyo,3,0,3
Deneyse,0,3,3
Denfencio,3,0,3
Denfer,3,0,3
Denfie,3,0,3
Denga,0,3,3
Denge,0,3,3
Denghisho,3,0,3
Dengilo,3,0,3
Dengkeng,3,0,3
Denhairis,0,3,3
Denhairo,3,0,3
Denham,3,0,3
Denhi,3,0,3
Denho,3,0,3
Deni-Justin,3,0,3
Deniall,3,0,3
Dènian,3,0,3
Deniana,0,3,3
Deniansheley,0,3,3
Dénica,0,3,3
Denicè,0,3,3
Dênice,0,3,3
Denicho,3,0,3
Dènicia,0,3,3
Deniçio,3,0,3
Dénick,3,0,3
Denicke,0,3,3
Denicscha,0,3,3
Denid,3,0,3
Denidin,0,3,3
Denié,3,0,3
Deniec,0,3,3
Denièl,3,0,3
Deniël-Jack,3,0,3
Denielle,0,3,3
Denielson,3,0,3
Deniën,3,0,3
Deniero,3,0,3
Dènies,0,3,3
Dénies,0,3,3
Deniesha,0,3,3
Denietscha,0,3,3
Denietsja,0,3,3
Deniez,0,3,3
Denifa,0,3,3
Denihlyo,3,0,3
Denijal,3,0,3
Denijas,3,0,3
Denije,3,0,3
Denijro,3,0,3
Denike,0,3,3
Denila,0,3,3
Denilção,3,0,3
Denilçon,3,0,3
Denilda,0,3,3
Denilho,3,0,3
Denille,0,3,3
Denillo,3,0,3
Denilsio,3,0,3
Denilsion,3,0,3
Denilsson,3,0,3
Denilvio,3,0,3
Dénilynn,0,3,3
Denilyo,3,0,3
Dénim,3,0,3
Denimar,3,0,3
Deníme,3,0,3
Denin,3,0,3
Deninihio,3,0,3
Deniniõ,3,0,3
Deninjo,3,0,3
Deninnio,3,0,3
Denio,3,0,3
Dènio,3,0,3
Denio-Quinn,3,0,3
Déniq,3,0,3
Dénira,0,3,3
Denirelson,3,0,3
Dênis,3,0,3
Dënis,3,0,3
Dénisa,0,3,3
Denisah,0,3,3
Denisario,3,0,3
Denisch,3,0,3
Deniscia,0,3,3
Dénisé,0,3,3
Denise-Ann,0,3,3
Denise-Marloes,0,3,3
Denise-Nymfa,0,3,3
Denise-Sterre,0,3,3
Denisea,0,3,3
Deniseghaelly,0,3,3
Dénisha,0,3,3
Denishe,0,3,3
Denishja,0,3,3
Denishów,3,0,3
Denishya,0,3,3
Denishyo,3,0,3
Denisiya,0,3,3
Denisj,3,0,3
Denisja,0,3,3
Deniska,0,3,3
Deniske,0,3,3
Denisov,3,0,3
Denisova,0,3,3
Denisshan,3,0,3
Denissia,0,3,3
Denissio,3,0,3
Denisya,0,3,3
Denita,0,3,3
Denitcia,0,3,3
Denitcio,3,0,3
Denith,3,0,3
Denithio,3,0,3
Denito,3,0,3
Denitra,0,3,3
Denitri,3,0,3
Denitsha,0,3,3
Denity,0,3,3
Denitzah,0,3,3
Deniva,0,3,3
Denız,3,0,3
Deníz,3,0,3
Denizalp,3,0,3
Denizdelano,3,0,3
Denizly,0,3,3
Denizlynne,0,3,3
Denjela,0,3,3
Denjèla,0,3,3
Denjero,3,0,3
Denka,3,0,3
Denkaova,0,3,3
Denlano,3,0,3
Denlee,3,0,3
Denlie,3,0,3
Denly-j,3,0,3
Denma,3,0,3
Denman,0,3,3
Denmar,0,3,3
Denmer,3,0,3
Denn-Denn,3,0,3
Dennae,0,3,3
Dennah,3,0,3
Dennali,0,3,3
Dennardo,3,0,3
Dennecy,0,3,3
Dennehy,3,0,3
Dennel,0,3,3
Dennelie,3,0,3
Dennenice,0,3,3
Dennerick,3,0,3
Dennerito,3,0,3
Dennert,3,0,3
Dennery,3,0,3
Dénnes,3,0,3
Dennesh,3,0,3
Dennett,3,0,3
Dennever,3,0,3
Denney,3,0,3
Denneya,0,3,3
Denniao,3,0,3
Dennic,3,0,3
Dennice,0,3,3
Dennichio,3,0,3
Dennie-Christiaan,3,0,3
Denniec,0,3,3
Denniel,0,3,3
Denniëlle,0,3,3
Dennies,3,0,3
Dennifer,3,0,3
Denniken,3,0,3
Dennin,3,0,3
Denninho,3,0,3
Dennio,3,0,3
Dènnique,0,3,3
Dennirid,3,0,3
Dennirisha,0,3,3
Dennirun,3,0,3
Dènnis,3,0,3
Dénnis,3,0,3
Dennis-Alexander,3,0,3
Dennis-Christiaan,3,0,3
Dennis-Christian,3,0,3
Dennis-Eduardo,3,0,3
Dennis-Edward,3,0,3
Dennis-Ian,3,0,3
Dennis-Johannes,3,0,3
Dennis-John,3,0,3
Dennis-Junior,3,0,3
Dennis-Kai-Hin,3,0,3
Dennis-Maarten,3,0,3
Dennis-Marc,3,0,3
Dennis-Maurice,3,0,3
Dennis-Meisel,3,0,3
Dennis-Quentin,3,0,3
Dennis-Roy,3,0,3
Dennis-Texas,3,0,3
Dennis-William,3,0,3
Dennisa,0,3,3
Dennisé,0,3,3
Dennisjo,3,0,3
Dennisovich,3,0,3
Denniss,3,0,3
Dennisshano,3,0,3
Dennissius,3,0,3
Dennisz,3,0,3
Dennita,0,3,3
Dennitchia,0,3,3
Dennito,3,0,3
Dennixson,3,0,3
Dennley,3,0,3
Dennlieshon,3,0,3
Dennmarr,3,0,3
Dennusca,0,3,3
Dennya,0,3,3
Dennyhaila,0,3,3
Dennyla,0,3,3
Dennysee,0,3,3
Dennzo,3,0,3
Denoah,3,0,3
Denojan,3,0,3
Dènon,3,0,3
Denora,0,3,3
Denoshion,3,0,3
Denotra,0,3,3
Dènou,3,0,3
Denoucha,0,3,3
Dénous,0,3,3
Denova,3,0,3
Denovian,3,0,3
Denoye,0,3,3
Denphy,0,3,3
Denpiando,3,0,3
Denre,3,0,3
Denrenco,3,0,3
Denrich,3,0,3
Denrickson,3,0,3
Denrico,3,0,3
Denrid,3,0,3
Denrig,3,0,3
Denron,3,0,3
Densa,0,3,3
Densasi,0,3,3
Dense,0,3,3
Densely,0,3,3
Densen,3,0,3
Denshenaily,0,3,3
Denshin,3,0,3
Denshir,0,3,3
Densiana,0,3,3
Densina,0,3,3
Densinyo,3,0,3
Densley-Jay,3,0,3
Denstiny,0,3,3
Denswil,3,0,3
Densy,0,3,3
Densyo,3,0,3
Dentaah,0,3,3
Dentah,0,3,3
Denté,3,0,3
Denteh,3,0,3
Dentel,3,0,3
Denth,3,0,3
Denthell,3,0,3
Denthley,3,0,3
Dentho,3,0,3
Dentino,3,0,3
Dentjik,3,0,3
Dentlimus,3,0,3
Dentnio,3,0,3
Dentzel,3,0,3
Dènue,3,0,3
Denuelle,0,3,3
Denutha,0,3,3
Denuzière,0,3,3
Denvairy,3,0,3
Denvelino,3,0,3
Denvelly,3,0,3
Denver-Jax,3,0,3
Denvero,3,0,3
Denvian,3,0,3
Denvie,0,3,3
Denvilio,3,0,3
Denvin,3,0,3
Denvy-Jolie,0,3,3
Denvyl,3,0,3
Denwini,3,0,3
Denwood,3,0,3
Dény-Alain,3,0,3
Dénya,0,3,3
Denya-Manon,0,3,3
Denyah,0,3,3
Denyal,3,0,3
Dényan,3,0,3
Denycha,0,3,3
Denyeli,0,3,3
Denyell,3,0,3
Denyen,0,3,3
Denyk,0,3,3
Denyke,0,3,3
Denyl,3,0,3
Denylio,3,0,3
Denyllio,3,0,3
Denylo,3,0,3
Denyor,3,0,3
Denyro,3,0,3
Denysis,3,0,3
Denysius,3,0,3
Denyson,3,0,3
Denyssa,0,3,3
Dénytha,0,3,3
Denythio,3,0,3
Denytsia,0,3,3
Denyz,3,0,3
Denyza,0,3,3
Denyze,0,3,3
Denyzia,0,3,3
Denyzio,3,0,3
Denz-Chenayro,3,0,3
Denzangelo,3,0,3
Denzany,0,3,3
Denzel-Antonio,3,0,3
Denzel-Benjamin,3,0,3
Denzel-Jace,3,0,3
Denzel-James,3,0,3
Denzel-Miquel,3,0,3
Denzel-Ray,3,0,3
Denzel-Washington,3,0,3
Denzelie,0,3,3
Denzelino,3,0,3
Denzen,3,0,3
Denzhel,3,0,3
Denzilya,0,3,3
Denzlia,0,3,3
Denzol,3,0,3
Dénzyll,3,0,3
Deobia,0,3,3
Deoborah,0,3,3
Deocleciana,0,3,3
Deodaet,3,0,3
Deodathus,0,3,3
Deoderika,0,3,3
Deodita,0,3,3
Deodonel,3,0,3
Deogratias,3,0,3
Deokli,0,3,3
Deolida,0,3,3
Deolinder,0,3,3
Déomi,0,3,3
Deòn,3,0,3
Deön,3,0,3
Dêon,3,0,3
Deon-Jay,3,0,3
Deon-Jeneary,3,0,3
Déona,0,3,3
Deonaisha,0,3,3
Deonca,0,3,3
Dèoncey,0,3,3
Deondra,0,3,3
Deondre,3,0,3
Deondré,3,0,3
Déone,3,0,3
Deonell,3,0,3
Deong,0,3,3
Deonices,3,0,3
Deonina,0,3,3
Déonne,0,3,3
Deonsius,0,3,3
Deontáe,3,0,3
Deonte,3,0,3
Deonté,3,0,3
Déony,0,3,3
Deonyfsius,3,0,3
Deonysia,0,3,3
Deórsa,3,0,3
Deos,3,0,3
Deothora,0,3,3
Depanos,3,0,3
Dépany,0,3,3
Depawatie,0,3,3
Dephana,0,3,3
Dephaney,0,3,3
Dephanio,3,0,3
Dephanny,0,3,3
Dephenic,0,3,3
Dèpheny,0,3,3
Depheny,0,3,3
Dephian,3,0,3
Dephin,3,0,3
Dephine,0,3,3
Dephney,0,3,3
Dephrin,3,0,3
Dephry,0,3,3
Deporres,0,3,3
Deq,3,0,3
Deqain,3,0,3
Deqsan,0,3,3
Dequanish,0,3,3
Dequaynho,3,0,3
Dequel,3,0,3
Dequévy,0,3,3
Dequin,3,0,3
Dēquincio,3,0,3
Dequincio,3,0,3
Dequinzio,3,0,3
Derago,3,0,3
Deraicho,3,0,3
Dèraijo,3,0,3
Deraman,3,0,3
Derân,3,0,3
Deranda,0,3,3
Derang,3,0,3
Deranian,3,0,3
Derav,0,3,3
Deray,3,0,3
Deraya,0,3,3
Derayno,3,0,3
Derbby,0,3,3
Derben,3,0,3
Derbera,0,3,3
Dercan,3,0,3
Dercem,3,0,3
Derci,3,0,3
Derciano,3,0,3
Derck-Jan,3,0,3
Derckelyne,0,3,3
Derckje,0,3,3
Dercko,3,0,3
Dercolina,0,3,3
Dercy,0,3,3
Derdâ,3,0,3
Derdi,0,3,3
Derdiyok,3,0,3
Derdo,3,0,3
Dèrè,0,3,3
Derec,3,0,3
Deréchia,0,3,3
Derecio,3,0,3
Dereidh,0,3,3
Derejnio,3,0,3
Derèk,3,0,3
Derek-Paul,3,0,3
Derel,3,0,3
Derél,3,0,3
Dereley,0,3,3
Dereline,0,3,3
Derelson,3,0,3
Derem,0,3,3
Derena,0,3,3
Derence,3,0,3
Dérene,0,3,3
Derenik,3,0,3
Dereno,3,0,3
Derensili,3,0,3
Derensley,3,0,3
Dèreon,3,0,3
Dereon,3,0,3
Deresh,3,0,3
Dereyza,3,0,3
Derf,3,0,3
Derfin,0,3,3
Dergaam,3,0,3
Dèrgelino,3,0,3
Dergham,3,0,3
Dergje,0,3,3
Deriah,0,3,3
Deriam,3,0,3
Deribe,3,0,3
Déric,3,0,3
Dérica,0,3,3
Dericho,3,0,3
Derickson,3,0,3
Dericsha,0,3,3
Dericus,3,0,3
Derie,3,0,3
Dérie,0,3,3
Dèrieke,0,3,3
Dérieke,0,3,3
Deriël,3,0,3
Deriemier,3,0,3
Deriën,3,0,3
Derik-Joost,3,0,3
Deriksha,0,3,3
Deril,3,0,3
Deriley,3,0,3
Derillo,3,0,3
Deringo,3,0,3
Derinho,3,0,3
Derinka,0,3,3
Derino,3,0,3
Derinsu,0,3,3
Derinyo,3,0,3
Derion,3,0,3
Deriq,3,0,3
Deris,3,0,3
Derisa,0,3,3
Derischa,0,3,3
Derishawn,3,0,3
Derisio,3,0,3
Deritio,3,0,3
Derive,3,0,3
Deriviene,0,3,3
Dèriya,0,3,3
Deriyan,3,0,3
Derjhinio,3,0,3
Derk-Anton,3,0,3
Derk-Arend,3,0,3
Derk-Christiaan,3,0,3
Derk-Dennis,3,0,3
Derk-Jaap,3,0,3
Derk-Jelle,3,0,3
Derk-Maarten,3,0,3
Derk-Peter,3,0,3
Derk-Pieter,3,0,3
Derk-Thijs,3,0,3
Derk-Thomas,3,0,3
Derkan,3,0,3
Derkco,3,0,3
Derkdien,0,3,3
Derkdijka,0,3,3
Derkdinand,3,0,3
Derkea,0,3,3
Derkeliene,0,3,3
Derkiene,0,3,3
Derkienna,0,3,3
Derkientje,0,3,3
Derkin,0,3,3
Derkinie,0,3,3
Derkino,3,0,3
Derkjanne,0,3,3
Derkjantine,0,3,3
Derkje-Oktje,0,3,3
Derkona,0,3,3
Derkse,3,0,3
Derksen,3,0,3
Derktine,0,3,3
Derkwillem,3,0,3
Derkyi,3,0,3
Derlei,3,0,3
Derlicarti,3,0,3
Derlina,0,3,3
Derlinde,0,3,3
Derline,0,3,3
Derlion,3,0,3
Derlison,3,0,3
Derlly,3,0,3
Derly,3,0,3
Derlyson,3,0,3
Derlyston,3,0,3
Dermachel,0,3,3
Dermail,0,3,3
Dermaline,0,3,3
Dermandra,3,0,3
Dermano,3,0,3
Dermas,3,0,3
Dermayne,3,0,3
Dermido,3,0,3
Dermien,0,3,3
Dermine,0,3,3
Dermomoeljo,3,0,3
Derna,0,3,3
Dernadette,0,3,3
Dernailise,0,3,3
Dernaldy,3,0,3
Dernell,3,0,3
Derngil,3,0,3
Dernice,0,3,3
Dernick,3,0,3
Derniek,3,0,3
Dernis,3,0,3
Deroch,3,0,3
Deroicy,3,0,3
Derol,3,0,3
Deroma,0,3,3
Derôn,3,0,3
Derón,3,0,3
Derona,0,3,3
Derone,3,0,3
Deroney,0,3,3
Deronia,0,3,3
Deronique,0,3,3
Deroon,0,3,3
Deror,3,0,3
Derosa,3,0,3
Derothea,0,3,3
Dérozar,3,0,3
Derphine,0,3,3
Derrael,3,0,3
Derral,3,0,3
Derraquée,3,0,3
Derrec,3,0,3
Derreline,0,3,3
Derrelt,3,0,3
Derret,3,0,3
Derretje,0,3,3
Derrich,3,0,3
Derricha,0,3,3
Derrick-John,3,0,3
Derrick-Lee,3,0,3
Derrickson,3,0,3
Derrieck,3,0,3
Derriek,3,0,3
Derrieke,0,3,3
Derriël,3,0,3
Derriel,3,0,3
Derriellio,3,0,3
Derriengelo,3,0,3
Derriet,3,0,3
Derrig,3,0,3
Derrillio,3,0,3
Derrine,0,3,3
Derrold,3,0,3
Derroll,3,0,3
Derrya,3,0,3
Derryll,3,0,3
Derryon,3,0,3
Dersana,0,3,3
Dersane,0,3,3
Dershenara,0,3,3
Dershwin,3,0,3
Dersime,0,3,3
Dersimo,3,0,3
Dersly,3,0,3
Dersoe,3,0,3
Dersy,3,0,3
Derszlyn,3,0,3
Dertad,3,0,3
Derthe,0,3,3
Dertina,0,3,3
Dertinjo,3,0,3
Derttina,0,3,3
Deru,3,0,3
Deruano,3,0,3
Déruchette,0,3,3
Deruni,3,0,3
Derval,0,3,3
Dervano,3,0,3
Dervelí,0,3,3
Dervelino,3,0,3
Dervina,0,3,3
Dervinio,3,0,3
Derviša,0,3,3
Derviz,3,0,3
Dervla,0,3,3
Dervle,0,3,3
Derwent,3,0,3
Derwi,3,0,3
Derwien,3,0,3
Derwil,3,0,3
Derwina,0,3,3
Derwinda,0,3,3
Derwiş,3,0,3
Dery,0,3,3
Deryah,0,3,3
Deryawan,3,0,3
Deryll,3,0,3
Derymie,3,0,3
Deryn,3,0,3
Deryna,0,3,3
Deryno,3,0,3
Derzik,3,0,3
Derzinia,0,3,3
Dès,3,0,3
Dés,3,0,3
Des'rae,0,3,3
Des'Ray,0,3,3
Des'ré,0,3,3
Des'Ree,0,3,3
Des'rhe,0,3,3
Des-Raj,3,0,3
Des-ree,0,3,3
Desa-Ley,0,3,3
Desafio,3,0,3
Desaï,3,0,3
Désai,3,0,3
Desaily,0,3,3
Desaira,0,3,3
Desairly,3,0,3
Desaiya,0,3,3
Desaiyah,0,3,3
Dèsalina,0,3,3
Desamparados,0,3,3
Désan,3,0,3
Desan,0,3,3
Dèsanaye,0,3,3
Desanna,0,3,3
DéSano,3,0,3
Desantara,3,0,3
Desanya,0,3,3
Desar,3,0,3
Desarae,0,3,3
Désarae,0,3,3
Desario,3,0,3
Desay,3,0,3
Desayandra,0,3,3
Desayra,0,3,3
Desbernita,0,3,3
Descarté,0,3,3
Descely,0,3,3
Descenia,0,3,3
Descenio,3,0,3
Descentè,3,0,3
Deschanel,3,0,3
Deschanti,0,3,3
Deschavainy,0,3,3
Descheni,0,3,3
Deschny,0,3,3
Desda,0,3,3
Desdamona,0,3,3
Desde,3,0,3
Desdémona,0,3,3
Desdimona,0,3,3
Dese,3,0,3
Désecoro,3,0,3
Dèsedee,0,3,3
Desederius,3,0,3
Desèdy,0,3,3
Desel,0,3,3
Déselly,0,3,3
Deselyna,0,3,3
Desenitia,0,3,3
Desentjé,3,0,3
Deserano,3,0,3
Desére,3,0,3
Deserée,0,3,3
Deserie,3,0,3
Desery,0,3,3
Désery,0,3,3
Dèsery,0,3,3
Desfjinda,0,3,3
Dèsha,0,3,3
Desha'ann,0,3,3
Déshaan,3,0,3
Deshaan,3,0,3
Deshaè-Lee,0,3,3
Deshaé-Lee,0,3,3
Deshaëll,0,3,3
Deshaida,0,3,3
Deshailey,0,3,3
Deshaina,0,3,3
Deshainel,3,0,3
Déshaira,0,3,3
Déshairo,3,0,3
Deshairon,3,0,3
Deshaiyron,3,0,3
Deshalayna,0,3,3
Deshalino,3,0,3
Deshall,3,0,3
Desham,3,0,3
Deshamiley,0,3,3
Deshanaiyah,0,3,3
Deshanatha,0,3,3
Deshanay,0,3,3
Deshanayra,0,3,3
Deshandelo,3,0,3
Deshandro,3,0,3
Déshane,3,0,3
Deshané,0,3,3
Deshanella,0,3,3
Déshaney,0,3,3
Deshanio,3,0,3
Déshanira,0,3,3
Deshanna,0,3,3
Dèshano,3,0,3
Déshantaëll,0,3,3
Deshantee,0,3,3
Deshantelly,0,3,3
Déshantely,0,3,3
Deshantely,0,3,3
Deshanti,0,3,3
Déshanti,0,3,3
Deshantly,0,3,3
Deshanto,3,0,3
Deshanya,0,3,3
Deshanyah,0,3,3
Deshanyra,0,3,3
Desharaylie,0,3,3
Dèsharèley,0,3,3
Desharell,0,3,3
Désharella,0,3,3
Desharelly,0,3,3
Désharely,0,3,3
Deshareyly,0,3,3
Deshari,0,3,3
Deshariell,0,3,3
Dèsharo,3,0,3
Desharo,3,0,3
DeShaun,3,0,3
Deshauna,0,3,3
Deshaune,3,0,3
Deshauniël,3,0,3
Déshauntino,3,0,3
Deshavain-Lynn,0,3,3
Dèshavainey,0,3,3
Déshavainy,0,3,3
Déshavayn-Lynn,0,3,3
Deshavenley,0,3,3
Deshaw,3,0,3
Deśhawn,3,0,3
DeShawn,3,0,3
Deshawna,0,3,3
Deshawnel,3,0,3
Deshawntey,3,0,3
Deshay-Lynn,0,3,3
Déshaya,0,3,3
Deshayen,3,0,3
Deshayero,3,0,3
Deshaylee,0,3,3
Deshaylon,3,0,3
Deshayn,3,0,3
Deshayna,0,3,3
Deshayriniquadinha,0,3,3
Déshayromar,3,0,3
Deshayron,3,0,3
Deshé,3,0,3
Deshéa-Lee,0,3,3
Dèshel,3,0,3
Deshelaine,0,3,3
Deshelle,0,3,3
Deshelyn,0,3,3
Deshemairo,3,0,3
Deshemano,3,0,3
Deshemeli,0,3,3
Deshendrah,0,3,3
Deshendrick,3,0,3
Deshendry,0,3,3
Desheng,3,0,3
Deshenio,3,0,3
Deshenitcia,0,3,3
Deshensly,3,0,3
Deshentely,0,3,3
Desheny,0,3,3
Desherailly,0,3,3
Désheraya,0,3,3
Desheraylli,0,3,3
Deshevairo,3,0,3
Deshi,3,0,3
Deshiano,3,0,3
Deshine,0,3,3
Deshiq,3,0,3
Dëshira,0,3,3
Deshirana,0,3,3
Deshiree,0,3,3
Deshivano,3,0,3
Deshly,3,0,3
Deshmi,0,3,3
Deshmond,3,0,3
Deshna,0,3,3
Deshnel,3,0,3
Déshomayra,0,3,3
Deshona,0,3,3
Deshoné,0,3,3
Déshonn,3,0,3
Deshontae,3,0,3
Deshown,3,0,3
Deshra,0,3,3
Deshraj,3,0,3
Deshuané,0,3,3
Déshudira,0,3,3
Deshuèl,3,0,3
Deshun,3,0,3
Deshúnel,3,0,3
Deshunique,0,3,3
Deshyloh,3,0,3
Deshynedroo,3,0,3
Deshyro,3,0,3
Desia,0,3,3
Desian,0,3,3
Désian,0,3,3
Desidarius,3,0,3
Deside,0,3,3
Desidera,0,3,3
Desiderato,3,0,3
Désideratus,0,3,3
Desideris,3,0,3
Désidérius,3,0,3
Desidero,3,0,3
Desidery,3,0,3
Desidiria,0,3,3
Desidré,0,3,3
Desidrio,3,0,3
Desieré,0,3,3
Desieree,0,3,3
Desiëtt,3,0,3
Design,3,0,3
Designa,0,3,3
Desijanti,0,3,3
Desil,0,3,3
Désila,0,3,3
Desileine,0,3,3
Desilena,0,3,3
Desilenny,0,3,3
Desillandra,0,3,3
Desilu,0,3,3
Desimcan,3,0,3
Desimir,3,0,3
Desimirka,0,3,3
Desina,0,3,3
Desinah,0,3,3
Desinay,0,3,3
Desinera,0,3,3
Dèsio,3,0,3
Desion,3,0,3
Desione,3,0,3
Desir,3,0,3
Désir,3,0,3
Dèsire,0,3,3
Dèsiré,3,0,3
Desirê,0,3,3
Désirè,0,3,3
Désiré-Jocelyn,3,0,3
Désiréa,0,3,3
Desiredius,3,0,3
Dêsirêe,0,3,3
Désireë,0,3,3
Desiŕee,0,3,3
Dèsireé,0,3,3
Deśiree,0,3,3
Dèsirée,0,3,3
Dèsirèe,0,3,3
Désirée-Angelique,0,3,3
Désirée-Cornélie,0,3,3
Desirée-Esmaralda,0,3,3
Désirée-Joyce,0,3,3
Desiree-Marianne,0,3,3
Desiretta,0,3,3
Désirette,0,3,3
Desireus,3,0,3
Desirina,0,3,3
Desislava,0,3,3
Desiyana,0,3,3
Desjah,0,3,3
Desjano,3,0,3
Desjean,3,0,3
Desjeandric,3,0,3
Desko,3,0,3
Deskord,3,0,3
Desl,3,0,3
Deslen,3,0,3
Desléya,0,3,3
Deslinn,0,3,3
Desly-Jay,3,0,3
Desly-Jaylino,3,0,3
Desmaël,3,0,3
Desmaily,0,3,3
Desmarai,0,3,3
Desmelie,0,3,3
Desmelien,0,3,3
Desmer,3,0,3
Desmina,0,3,3
Desmond-Edgar,3,0,3
Desmondo,3,0,3
Desnef,3,0,3
Desneyn,3,0,3
Desnhy,0,3,3
Desodia,0,3,3
Déson,3,0,3
Desperado,3,0,3
Despina-Eliza,0,3,3
Despo,3,0,3
Despoina,0,3,3
Despot,3,0,3
Desra,0,3,3
Deśrae,0,3,3
Desŕee,0,3,3
Desrha,0,3,3
Desri,0,3,3
Desroi,3,0,3
Dessa-Luz,0,3,3
Dessah,0,3,3
Dessai,3,0,3
Dessalee,0,3,3
Dessaline,3,0,3
Dessamae,0,3,3
Dessan,3,0,3
Dessavinada,0,3,3
Dessedee,0,3,3
Desseline,0,3,3
Dessely,0,3,3
Desseney,0,3,3
Desseny,0,3,3
Dessey,0,3,3
Dessia,0,3,3
Dessienne,0,3,3
Dessieny,0,3,3
Dessin,3,0,3
Dessiré,0,3,3
Dessirée,0,3,3
Dessislava,0,3,3
Dessley,3,0,3
Desslin,3,0,3
Dessmien,3,0,3
Desso,3,0,3
Desson,3,0,3
Dessray,0,3,3
Dessteney,0,3,3
Dessus,3,0,3
Dest,3,0,3
Destalino,3,0,3
Destalynio,3,0,3
Destàn,3,0,3
Destanie,0,3,3
Destarte,0,3,3
Destegűl,0,3,3
Destelinio,3,0,3
Destenaysha,0,3,3
Destendt,3,0,3
Destene,3,0,3
Desténey,0,3,3
Desteney-May,0,3,3
Desteneysha,0,3,3
Destenia,0,3,3
Desteniy,0,3,3
Destenny,0,3,3
Destenynio,3,0,3
Destenytia,0,3,3
Destephano,3,0,3
Dester,3,0,3
Destevano,3,0,3
Desthan,3,0,3
Desthaney,0,3,3
Desthany,0,3,3
Destheney,0,3,3
Desther,3,0,3
Desthiny,0,3,3
Desthiny-Jeanice,0,3,3
Destia,0,3,3
Destiann,3,0,3
Destily,0,3,3
Destìn,3,0,3
Dèstin,3,0,3
Destín,0,3,3
Destinaily,0,3,3
Destinayo,3,0,3
Destinayra,0,3,3
Destined,3,0,3
Desting,3,0,3
Destinie,0,3,3
Destino-Ronaldo,3,0,3
Destinova,0,3,3
Destiny-Devi,0,3,3
Destiny-Jade,0,3,3
Destiny-Jayde,0,3,3
Destiny-Jewel,0,3,3
Destiny-Nicole,0,3,3
Destiny-Rose,0,3,3
Destiny-Sylvia,0,3,3
Destinya,0,3,3
Destinyhope,0,3,3
Destinystar,0,3,3
Destiyar,3,0,3
Destmal,0,3,3
Destn,3,0,3
Destny,0,3,3
Desto,3,0,3
Destrey,3,0,3
Destrianto,3,0,3
Destriyani,0,3,3
Destro,3,0,3
Destun,3,0,3
Destynia,0,3,3
Destynicha,0,3,3
Destynillio,3,0,3
Destynio,3,0,3
Deswayne,3,0,3
Deswen,3,0,3
Deswinta,0,3,3
Desya,3,0,3
Désya,0,3,3
Desyderata,0,3,3
Desyira,0,3,3
Desyliah,0,3,3
Desyon,3,0,3
Desyre,0,3,3
Désyrée,0,3,3
Desyréika,0,3,3
Desz,0,3,3
Dèszia,0,3,3
Deszmeé,0,3,3
Detchema,0,3,3
Détchéma,0,3,3
Dételion,3,0,3
Détendra,0,3,3
Detger,3,0,3
Dethan,3,0,3
Dethardt,3,0,3
Dethen,3,0,3
Dethisen,3,0,3
Dethleff,3,0,3
Dethleff-Joop,3,0,3
Dethlev,3,0,3
Dethmerliena,0,3,3
Déti,0,3,3
Détiān,0,3,3
Detie,0,3,3
Détiege,0,3,3
Detij,0,3,3
Detisha,0,3,3
Détjana,0,3,3
Détje,0,3,3
Detkina,0,3,3
Detlefina,0,3,3
Detlefje,0,3,3
Detloff,3,0,3
Detlov,3,0,3
Detmé,0,3,3
Detrian,3,0,3
Detriot,3,0,3
Dets,0,3,3
Detse,3,0,3
Detsie,0,3,3
Dettha,0,3,3
Dettiena,0,3,3
Dettje-Johanna,0,3,3
Dettmar,3,0,3
Dettmer,3,0,3
Deucene,3,0,3
Deucyenne,3,0,3
Deuel,0,3,3
Deuke,3,0,3
Deum,3,0,3
Deumes,3,0,3
Deumus,3,0,3
Deunicius,3,0,3
Deunisius,3,0,3
Deuntje,0,3,3
Deuris,3,0,3
Déusa,0,3,3
Deusalina,0,3,3
Deusdedit,0,3,3
Deusha,0,3,3
Deussauns,0,3,3
Deutz,3,0,3
Deuwdas,3,0,3
Deuwerke,0,3,3
Deuwin,3,0,3
Deuwina,0,3,3
Deux,3,0,3
Deuxième,3,0,3
Deuxjean,0,3,3
Dev-Raj,3,0,3
Deva-Dee,0,3,3
Devadatt,3,0,3
Devadatta,3,0,3
Devadeep,3,0,3
Devah,0,3,3
Devah-Marie,0,3,3
Devai,3,0,3
Devaidy,3,0,3
Devaihna,0,3,3
Devailin,3,0,3
Devaïn,3,0,3
Dévaine,3,0,3
Devainely,0,3,3
Dévainey,0,3,3
Devaineyo,3,0,3
Dévainio,3,0,3
Devainio,3,0,3
Dèvaino,3,0,3
Devaino,3,0,3
Devainyo,3,0,3
Dévaio,3,0,3
Devairo,3,0,3
Devairon,3,0,3
Dêvaiylli,3,0,3
Devajo,3,0,3
Devakï,0,3,3
Deval,3,0,3
Devala,3,0,3
Dévalencio,3,0,3
Devalène,0,3,3
Devalicia,0,3,3
Devalle,3,0,3
Devallinio,3,0,3
Devallino,3,0,3
Deván,3,0,3
Dévan,0,3,3
Dèvana,0,3,3
Devanaisely,0,3,3
Devanando,3,0,3
Devanathy,0,3,3
Devancey,3,0,3
Devanchi,0,3,3
Dévancho,3,0,3
Devancia,0,3,3
Devando,3,0,3
Devandra,3,0,3
Devandrick,3,0,3
Devanelito,3,0,3
Devanelly,0,3,3
Deváney,3,0,3
Devangelly,0,3,3
Dévani,0,3,3
Devanie,0,3,3
Devanier,3,0,3
Devanij,0,3,3
Devanilson,3,0,3
Devanisha,0,3,3
Dévanitio,3,0,3
Devanitio,3,0,3
Devaniya,0,3,3
Devanjo,3,0,3
Devanlencio,3,0,3
Devanley,3,0,3
Devanli,0,3,3
Dévannah,0,3,3
Devannah,0,3,3
Devannan,3,0,3
Dévanney,3,0,3
Devanni,3,0,3
Devànnie,0,3,3
Dèvanny,3,0,3
Dèvano,3,0,3
Devanou,0,3,3
Devanpu,3,0,3
Devansha,0,3,3
Dévansly,3,0,3
Devantae,3,0,3
Devantay,3,0,3
DeVanté,3,0,3
Devantë,3,0,3
Devante-Roano,3,0,3
Devantey,3,0,3
Devanthe,3,0,3
Devanthé,3,0,3
Devanthy,3,0,3
Dèvanti,3,0,3
Devantiny,0,3,3
Devantio,3,0,3
Devanty,3,0,3
Dévany,3,0,3
Dèvany,0,3,3
Devanya,0,3,3
Devapriya,0,3,3
Devaraj,3,0,3
Devardson,3,0,3
Dévario,3,0,3
Dévaro,3,0,3
Devarsh,3,0,3
Devash,3,0,3
Devashis,3,0,3
Devashish,3,0,3
Devasia,3,0,3
Devasish,3,0,3
Devasni,0,3,3
Devasree,0,3,3
Devasu,0,3,3
Devaugha,3,0,3
Dévaughn,3,0,3
DeVaughn,3,0,3
Devauna,0,3,3
Dévayah,0,3,3
Devaylen,3,0,3
Devayna,0,3,3
Devayné,3,0,3
Dévayne,3,0,3
Devayni,0,3,3
Devaynio,3,0,3
Dévayo,3,0,3
Devayran,3,0,3
Devayrison,3,0,3
Devdar,3,0,3
Devdath,3,0,3
Devdatt,3,0,3
Déveally,0,3,3
Dévean,3,0,3
Deveano,3,0,3
Deveaughn,3,0,3
Deved,3,0,3
Devehney,0,3,3
Develenshio,3,0,3
Develiano,3,0,3
Develicho,3,0,3
Develinho,3,0,3
Develino,3,0,3
Dévelissio,3,0,3
Develly,0,3,3
Dévelon,3,0,3
Devely,3,0,3
Develynn,0,3,3
Devèn,3,0,3
Déven,3,0,3
Dèven,3,0,3
Devén,3,0,3
Devenaincy-Jalysee,0,3,3
Dévenchely,0,3,3
Devenchio,3,0,3
Devencio,3,0,3
Devency-Jegail,0,3,3
Dévender,3,0,3
Devender,3,0,3
Devenderakumar,3,0,3
Devendre,3,0,3
Devendro,3,0,3
Devendy,0,3,3
Devene,3,0,3
Devenee,0,3,3
Déveney,0,3,3
Deveney-Hope,0,3,3
Devengelo,3,0,3
Devenia,0,3,3
Devenice,0,3,3
Devenier,3,0,3
Devenire,3,0,3
Devenisha,0,3,3
Devenjelo,3,0,3
Devenley,3,0,3
Dévenne,0,3,3
Devennee,0,3,3
Devensone,3,0,3
Deventer,3,0,3
Deventhen,3,0,3
Deventley,3,0,3
Déveny,0,3,3
Deveon,3,0,3
Dever,3,0,3
Deverau,0,3,3
Deverauxcia,0,3,3
Déverayno,3,0,3
Devere,3,0,3
Dévereaux,0,3,3
Devêreaux,0,3,3
Deverij,3,0,3
Deveril,3,0,3
Deverio,3,0,3
Deverll,3,0,3
Deverly,3,0,3
Devernant,3,0,3
Devernel,3,0,3
Dèveroh,0,3,3
Deverole,0,3,3
Deveron-Bram,3,0,3
Deveron-Dré,3,0,3
Deveron-Jay,3,0,3
Deverone,0,3,3
Déveronne,3,0,3
Deveroux,3,0,3
Deverron,3,0,3
Devert,3,0,3
Dèvery,0,3,3
Deveryana,0,3,3
Deveśa,3,0,3
Devesha,3,0,3
Deveshkumar,3,0,3
Deveshni,0,3,3
Deveshsingh,3,0,3
Dévey,3,0,3
Deveynion,3,0,3
Devhina,0,3,3
Devhryene,0,3,3
Devî,0,3,3
Devī,0,3,3
Deví,0,3,3
devi,0,3,3
Devi-Anggrainy,0,3,3
Devi-Anna,0,3,3
Devi-Jay,3,0,3
Devi-Lencio,3,0,3
Déviance,3,0,3
Déviano,3,0,3
Devianti,0,3,3
Devida,0,3,3
Devidra,0,3,3
Devieka,0,3,3
Devieka-Surekha,0,3,3
Deviël,3,0,3
Deviëngelo,3,0,3
Déviënna,0,3,3
Deviënna,0,3,3
Deviënne,0,3,3
Déviënne,0,3,3
Devienne,0,3,3
Deviënsly,3,0,3
Deviëntely,0,3,3
Déviënthly,3,0,3
Deviero,3,0,3
Devièro,3,0,3
Deviëro,3,0,3
Devijanie,0,3,3
Devije,0,3,3
Devik,3,0,3
Dévika,0,3,3
Devika-Aoemawatie,0,3,3
Devika-Sushmita,0,3,3
Devikaa,0,3,3
Devikadebie,0,3,3
Devikadevi,0,3,3
Devikakumarie,0,3,3
Devikarai,0,3,3
Devikaranie,0,3,3
Devike,0,3,3
Devikha,0,3,3
Devikumari,0,3,3
Devilinio,3,0,3
Devillin,0,3,3
Devilyn,0,3,3
Devim,3,0,3
Devín,3,0,3
Devin-Daley,3,0,3
Devin-Jamie,3,0,3
Devin-Martinez,3,0,3
Devin-Roy,3,0,3
Dévina,0,3,3
Deviná,0,3,3
Devinder,3,0,3
Devindhre,3,0,3
Devindi,0,3,3
Devindrakoemar,3,0,3
Devindranauth,3,0,3
Devindrasingh,3,0,3
Devindré,3,0,3
Devindrepersad,3,0,3
Dévine,3,0,3
Dèvine,3,0,3
Deviné,0,3,3
Devineamoriò,3,0,3
Devineasha-Shakina,0,3,3
Devinehjo,3,0,3
Devinetey,0,3,3
Devinethy,0,3,3
Deviney,0,3,3
Déviney,0,3,3
Dévinho,3,0,3
Dévinia,0,3,3
Devinin,3,0,3
Devinity,0,3,3
Deviniya,0,3,3
Devinney,3,0,3
Devinnio,3,0,3
Deviño,3,0,3
Devinsley,3,0,3
Devinya,0,3,3
Dévinyo,3,0,3
Devious-Lee,3,0,3
Devipersad,3,0,3
Deviprasad,3,0,3
Deviqua,0,3,3
Deviriëlle,0,3,3
Dévis,3,0,3
Devisch,3,0,3
Devischa,0,3,3
Devish,3,0,3
Dévishe,3,0,3
Devisri,0,3,3
Dévit,3,0,3
Devith,3,0,3
Devito,3,0,3
Dévito,3,0,3
Devitri,0,3,3
Devitson,3,0,3
Devittadevi,0,3,3
Deviyan,3,0,3
Déviyano,3,0,3
Devjani,0,3,3
Devkoemar,3,0,3
Devla,0,3,3
Devlain,3,0,3
Devlan,3,0,3
Devlana,0,3,3
Devlar,3,0,3
Devlen,3,0,3
Devlett,3,0,3
Devley,3,0,3
Devlin-Dean,3,0,3
Devlina,0,3,3
Devnandsingh,3,0,3
Devnarayan,3,0,3
Devnè,0,3,3
Devnet,0,3,3
Devniara,0,3,3
Devno,3,0,3
Devnon,3,0,3
Devoin,3,0,3
Devola,0,3,3
Devòn,3,0,3
Devön,3,0,3
Devon-Danté,3,0,3
Devon-Dean,3,0,3
Devon-Jael,3,0,3
Devon-Jay,3,0,3
Devon-Jordan,3,0,3
Devon-Lee,0,3,3
Devon-Mael,3,0,3
Devon-Ray,3,0,3
Dévond,3,0,3
Devond,3,0,3
Devone,3,0,3
Dèvone,0,3,3
Devoninhio,3,0,3
Dèvonn,3,0,3
Devónn,3,0,3
Devonnea,0,3,3
Devonny,0,3,3
Devontaè,3,0,3
Devontae,3,0,3
Dévonté,3,0,3
Devontray,3,0,3
Devonty,3,0,3
Dèvony,0,3,3
Devore,3,0,3
Devoreaux,0,3,3
Devoteh,3,0,3
Devotjohn,3,0,3
Devoughn,3,0,3
Dévoy,3,0,3
Devrah,0,3,3
Devrajsingh,3,0,3
Devratha,3,0,3
Devrel,3,0,3
Devren,3,0,3
Devreş,3,0,3
Devries,3,0,3
Devrişhan,3,0,3
Devry,3,0,3
Dévry,0,3,3
Devrye,3,0,3
Devshankar,3,0,3
Devti,0,3,3
Devu,0,3,3
Devvon-Dath,3,0,3
Devvy,3,0,3
Devy-Jay,0,3,3
Devyana,0,3,3
Devyanie,0,3,3
Devyann,3,0,3
Devyanthe,0,3,3
Devyarani,0,3,3
Devyesh,3,0,3
Devyjani,0,3,3
Devyntreashure-Jahaily,0,3,3
Devyron,3,0,3
Devyta,0,3,3
DEW,0,3,3
Dewah,0,3,3
Dewaino,3,0,3
Dewalkoemar,3,0,3
Dewanandkumar,3,0,3
Dewandaro,3,0,3
Dewanen,3,0,3
Dewania,0,3,3
Dewanika,0,3,3
Dewaninho,3,0,3
Dewanley,3,0,3
Dewansh,3,0,3
Dewansri,0,3,3
Dewanthy,0,3,3
Dewantjan,3,0,3
Dewari,0,3,3
Dewas,3,0,3
Dewatie,0,3,3
Dewayni,0,3,3
Dewbarat,3,0,3
Dewbie,0,3,3
Dewchandersingh,3,0,3
Dewdat,3,0,3
Dewden,3,0,3
Dewé,0,3,3
Déwe,0,3,3
Deweka,0,3,3
Deweynischo,3,0,3
Dewha,3,0,3
Dewhy,0,3,3
Dewi-Jade,0,3,3
Dewi-Joëlle,0,3,3
Dewi-Juliëtte,0,3,3
Dewi-Lin,0,3,3
Dewi-Noa,0,3,3
Dewi-Rebecca,0,3,3
Dewi-Sari,0,3,3
Dewi-Sri,0,3,3
Dewi-Sue,0,3,3
Dewi-Talisa,0,3,3
Dewi-Yasmine,0,3,3
Dewianty,0,3,3
Dewiati,0,3,3
Dewicadebie,0,3,3
Dewicha,0,3,3
Dewidyanti,0,3,3
Déwie,0,3,3
Dewijantie,0,3,3
Dewijanty,0,3,3
Dewikadevie,0,3,3
Dewikarai,0,3,3
Dèwim,3,0,3
Dewimurni,0,3,3
Dewindernath,3,0,3
Dewindrasing,3,0,3
Dewindrekoemar,3,0,3
Dewindresingh,3,0,3
Dewine,0,3,3
Dewini,0,3,3
Dewiputri,0,3,3
Dewira,0,3,3
Dewirah,0,3,3
Dewisartika,0,3,3
Dewishirani,0,3,3
Dewishwar,3,0,3
Dewisri-Mandy,0,3,3
Dewisurya,0,3,3
Dewisyntha,0,3,3
Dewitrie,0,3,3
Dewiwatie,0,3,3
Dewiyanti,0,3,3
Dewkali,0,3,3
Dewkalie,0,3,3
Dewkaran,3,0,3
Dewki,3,0,3
Dewkisoen,3,0,3
Dewkumarie,0,3,3
Dewlichan,3,0,3
Dewna,3,0,3
Dewnaik,3,0,3
Dewnant,3,0,3
Dewnaraindath,3,0,3
Dewnarayan,3,0,3
Dewnarayn,3,0,3
Dewnathsingh,3,0,3
Dewon,0,3,3
Deworah,0,3,3
Déwout,3,0,3
Dewprekash,3,0,3
Dewradje,3,0,3
Dewradjsing,3,0,3
Dewradjsingh,3,0,3
Dewram,3,0,3
Dèwran,3,0,3
Dewrath,3,0,3
Dewratie,0,3,3
Dewrattie,0,3,3
Dewrês,3,0,3
Dewriana,0,3,3
Dewrim,3,0,3
Dewron,3,0,3
Dewsagar,3,0,3
Dewshana,0,3,3
Dewuli,0,3,3
Dewy-Joy,0,3,3
Dewy-Lynn,0,3,3
Dewy-May,0,3,3
Dewya,0,3,3
Dewyash,3,0,3
Dewyati,0,3,3
Dewyëlle,0,3,3
Dewyka,0,3,3
Dewyna,0,3,3
Dèx,3,0,3
Déxanne,0,3,3
Dexi,0,3,3
Dexin,0,3,3
Dexis,3,0,3
Dexit,3,0,3
Dexivrij,3,0,3
Dexley,3,0,3
Dexon,3,0,3
Dexster,3,0,3
Dexsty,0,3,3
Dexter-Danté,3,0,3
Dexter-Willem,3,0,3
Dextera,3,0,3
Dexton,3,0,3
Dèxx,3,0,3
Dexz,3,0,3
Déy,0,3,3
Dey'Chanaira,0,3,3
Dey-Chanté,0,3,3
Dey-Chantell,3,0,3
Dey-fayes,3,0,3
Dey-Leon,3,0,3
Dey-sharaino,3,0,3
Deya-Eddine,3,0,3
Deyaaron,3,0,3
Deyaeeddine,3,0,3
Deyahno,3,0,3
Deyairo,3,0,3
Deyalo,3,0,3
Deyami,0,3,3
Deyana,0,3,3
Deyanaily,0,3,3
Déyanara,0,3,3
Deyanara,0,3,3
Deyando,3,0,3
Deyandro,3,0,3
Deyangelo,3,0,3
Deyanie,0,3,3
Deyanique,0,3,3
Déyánira,0,3,3
Deyanisha,0,3,3
Déyanisha,0,3,3
Deyanne,0,3,3
Deyanó,3,0,3
Deyante,3,0,3
Deyara,0,3,3
Déyaro,3,0,3
Deyavan,3,0,3
Deybo,0,3,3
Deyby,3,0,3
Deyce,3,0,3
Deychafinio,3,0,3
Deychairo,3,0,3
Deychaneira,0,3,3
Deychenairo,3,0,3
Deychinaïro,3,0,3
Deyciano,3,0,3
Deyeddy,0,3,3
Deyel,3,0,3
Déyen,3,0,3
Deyendell,3,0,3
Deyene,0,3,3
Deyenho,3,0,3
Deyenne,0,3,3
Deyenno,3,0,3
Deyeno,3,0,3
Deyenora,0,3,3
Deyenzo,3,0,3
Deyer,3,0,3
Deyermo,3,0,3
Deyes,3,0,3
Deyhane,0,3,3
Deyhlia,0,3,3
Deyhlin,3,0,3
Deyhn,3,0,3
Deyidry,0,3,3
Déyin,3,0,3
Deyion-Ye,3,0,3
Deyiş,3,0,3
Deyja,0,3,3
Déyjah,0,3,3
Deyjhon,3,0,3
Deyk,3,0,3
Deylah,0,3,3
Deylaina-Angelina,0,3,3
Deylangelo,3,0,3
Deylarion,3,0,3
Deyleigh,3,0,3
Deyleigha,0,3,3
Déylihja,0,3,3
Deylín,0,3,3
Deylino,3,0,3
Deylishano,3,0,3
Deylith,0,3,3
Deyloreán,0,3,3
Deylucia,0,3,3
Deylux,3,0,3
Deymar,3,0,3
Deymaries,0,3,3
Deymarisz,0,3,3
Deymero,3,0,3
Deymı,3,0,3
Deymian,3,0,3
Deymiron,3,0,3
Deymon,3,0,3
Deymund,3,0,3
Déyn,3,0,3
Deynaira,0,3,3
Deynamarie,0,3,3
Deynedline,0,3,3
Deynena,0,3,3
Deynha,0,3,3
Deynice,0,3,3
Deynildo,3,0,3
Deynio-Milano,3,0,3
Deynisio,3,0,3
Deynna,0,3,3
Deynold,3,0,3
Deyoh,0,3,3
Deyond,3,0,3
Deyoné,3,0,3
Deyone,3,0,3
Deyongelo,3,0,3
Deyonique,0,3,3
Deyonn,3,0,3
Deyonne,0,3,3
Deyonta,0,3,3
Deyonté,3,0,3
Deyora,0,3,3
Deyovaisio,3,0,3
Deyquane,3,0,3
Deyron,3,0,3
Deysa,0,3,3
Deysan,3,0,3
Deysandro,3,0,3
Deysean,3,0,3
Deyseré,0,3,3
Deyshairo,3,0,3
Deyshairon,3,0,3
Deyshandra,0,3,3
Deyshaneira,0,3,3
Deyshanelly,0,3,3
Deyshanto,3,0,3
Déysharell,0,3,3
Deyshefayni,0,3,3
Deysheline,0,3,3
Deyshenn,3,0,3
Deyshira,0,3,3
Deyshiron,3,0,3
Deyshon,3,0,3
Deyshylo,3,0,3
Deyshyno,3,0,3
Deyssem,3,0,3
Deyton,3,0,3
Deytse,0,3,3
Deyu,3,0,3
Déyun,3,0,3
Deyvaino,3,0,3
Deyvana,0,3,3
Deyvanie,3,0,3
Deyvannyo,3,0,3
Deyvanoh,3,0,3
Déyvansh,3,0,3
Deyveline,0,3,3
Deyven,3,0,3
Deyvi,3,0,3
Deyviano,3,0,3
Deyvid,3,0,3
Deyvie,3,0,3
Deyviën,3,0,3
Deyvin,3,0,3
Deyvini,3,0,3
Deyvinio,3,0,3
Deyvys,3,0,3
Deywan,3,0,3
Deywi,0,3,3
Deyyenzo,3,0,3
Déz,0,3,3
Dèz-Shira,0,3,3
Dèza,3,0,3
Dezan,3,0,3
Dezaya,0,3,3
Dezayan,3,0,3
Dezco,3,0,3
Dezehrae,0,3,3
Dezelma,0,3,3
Dezge,0,3,3
Dézhane,0,3,3
Dezhinairo,3,0,3
Dezie,0,3,3
Dèzieqo-Arzenio,3,0,3
Dezimir,3,0,3
Dezinho,3,0,3
Deziree,0,3,3
Dezjhai,3,0,3
Dézjiano,3,0,3
Dezjin,0,3,3
Dezjyra,0,3,3
Dezley-Jay,3,0,3
Dezmenn,3,0,3
Dezney,3,0,3
Dézö,3,0,3
Dezon,3,0,3
Dezou,3,0,3
Dezoway,0,3,3
Dezsó,3,0,3
Dezzaray,0,3,3
Dezziree,0,3,3
Dezzley,3,0,3
Dezzyn,3,0,3
DFJ,3,0,3
Dgen,3,0,3
Dgenaba,0,3,3
DGJ,0,3,3
DGW,0,3,3
Dha'lia,0,3,3
Dha-fena,0,3,3
Dha-Win,3,0,3
Dhaan,3,0,3
Dhaanwatiedevi,0,3,3
Dhadon,0,3,3
Dhadzamahdy,0,3,3
Dhae,0,3,3
Dhahir,3,0,3
Dhai,3,0,3
Dhaifan,3,0,3
Dhaijiro,3,0,3
Dhaika,0,3,3
Dhaima,0,3,3
Dhaina,3,0,3
Dhaïra,0,3,3
Dhairell,3,0,3
Dhairya,3,0,3
Dhajaram,3,0,3
Dhakira,0,3,3
Dhaksh,3,0,3
Dhalaï,0,3,3
Dhalavy,0,3,3
Dhalaya,0,3,3
Dhaleeya,0,3,3
Dhaleny,0,3,3
Dhaliana,0,3,3
Dhalicia,0,3,3
Dhalida,0,3,3
Dhalie,0,3,3
Dhalil,3,0,3
Dhalisia,0,3,3
Dhaliwal,0,3,3
Dhaliya,0,3,3
Dhaliyah,0,3,3
Dhalon,3,0,3
Dhalsím,3,0,3
Dhalucia-Lynn,0,3,3
Dhaly,0,3,3
Dhalyla,0,3,3
Dhalylela,0,3,3
Dhalysia,0,3,3
Dhamalia,0,3,3
Dhamar,0,3,3
Dhamayanthie,0,3,3
Dhamayati,0,3,3
Dhameera,0,3,3
Dhami,3,0,3
Dhamilya,0,3,3
Dhamine,3,0,3
Dhamira,0,3,3
Dhamma,3,0,3
Dhammika,0,3,3
Dhamsjam,3,0,3
Dhána,0,3,3
Dhanandjai,3,0,3
Dhananjay-Gopal,3,0,3
Dhananjaya,0,3,3
Dhandai,0,3,3
Dhanday,0,3,3
Dhandea,0,3,3
Dhandei,3,0,3
Dhaneshtjander,3,0,3
Dhaneshuar,3,0,3
Dhanesvar,3,0,3
Dhaneswarsingh,3,0,3
Dhang,3,0,3
Dhangasy,3,0,3
Dhaniaal,3,0,3
Dhanica,0,3,3
Dhaniel,3,0,3
Dhaniepersad,3,0,3
Dhaninyo,3,0,3
Dhaniqe,0,3,3
Dhanishtadevi,0,3,3
Dhanishtha,0,3,3
Dhaniswara,3,0,3
Dhanita,0,3,3
Dhanitza,0,3,3
Dhanjot,0,3,3
Dhankoemarie,0,3,3
Dhanlakshmi,0,3,3
Dhanmani,0,3,3
Dhanmatie,0,3,3
Dhanne,0,3,3
Dhannjewatie,0,3,3
Dhanny,3,0,3
Dhanoeska,0,3,3
Dhanpal,3,0,3
Dhanpalsingh,3,0,3
Dhanpat,3,0,3
Dhanpatie,0,3,3
Dhanraadj,3,0,3
Dhanradji,0,3,3
Dhanraji,0,3,3
Dhanram,3,0,3
Dhanreshwarie,0,3,3
Dhanro,3,0,3
Dhanrosie,0,3,3
Dhantell,3,0,3
Dhanto,3,0,3
Dhanuja,3,0,3
Dhanuska,0,3,3
Dhanvan-Tari,3,0,3
Dhanvantri,0,3,3
Dhanveer,3,0,3
Dhanvin,3,0,3
Dhanwantari,0,3,3
Dhanwanti,0,3,3
Dhanyal,3,0,3
Dhanyo,3,0,3
Dhaou,3,0,3
Dhaquin,3,0,3
Dharambier,3,0,3
Dharamchand,3,0,3
Dharamjeet,0,3,3
Dharamperkas,3,0,3
Dharampreet,0,3,3
Dharamrai,3,0,3
Dharamsagar,3,0,3
Dharamveersingh,3,0,3
Dharamvirsingh,3,0,3
Dharana,0,3,3
Dharàncy,3,0,3
Dharani,0,3,3
Dharanjay,3,0,3
Dharasingh,3,0,3
Dharchandsingh,3,0,3
Dharell,0,3,3
Dharesh,3,0,3
Dhargyäl-Sebastiaan,3,0,3
Dharian,3,0,3
Dhariël,3,0,3
Dharig,0,3,3
Dharik,3,0,3
Dharitri,0,3,3
Dharius,3,0,3
Dharlan,3,0,3
Dharliana,0,3,3
Dharm-Anand,3,0,3
Dharma-Rishi,3,0,3
Dharmadevi,0,3,3
Dharmadevie,0,3,3
Dharmaditya,3,0,3
Dharmaind,3,0,3
Dharmaïnde,3,0,3
Dharmaksetra,3,0,3
Dharmani,0,3,3
Dharmarani,0,3,3
Dharmasingh,3,0,3
Dharmatma,3,0,3
Dharmbiersingh,3,0,3
Dharmdas,3,0,3
Dharmdee,0,3,3
Dharmdei,0,3,3
Dharmdev,3,0,3
Dharmen,3,0,3
Dharmendar,3,0,3
Dharmender,3,0,3
Dharmendrakumar,3,0,3
Dharmendrasinh,0,3,3
Dharmendre,3,0,3
Dharmendredew,3,0,3
Dharmeshdath,3,0,3
Dharmeshkumar,3,0,3
Dharmiet,3,0,3
Dharmindar,3,0,3
Dharminderdut,3,0,3
Dharminderkapoer,3,0,3
Dharminderkumar,3,0,3
Dharminderlall,3,0,3
Dharmindernath,3,0,3
Dharminderpersad,3,0,3
Dharmindrakumar,3,0,3
Dharmindrekumar,3,0,3
Dharmish,3,0,3
Dharmkoemar,3,0,3
Dharmkoemari,0,3,3
Dharmo,0,3,3
Dharmosetiadi,3,0,3
Dharmprakash,3,0,3
Dharmraaj,3,0,3
Dharmraj,3,0,3
Dharmvirsing,3,0,3
Dharna,0,3,3
Dharni,0,3,3
Dharren,3,0,3
Dharsan,3,0,3
Dharsha,0,3,3
Dharshan,3,0,3
Dharshani,0,3,3
Dharshankumar,3,0,3
Dharshenie,0,3,3
Dharshni,0,3,3
Dharsika,0,3,3
Dhartrie,0,3,3
Dharty,0,3,3
Dharuna,0,3,3
Dharvesh,3,0,3
Dharvey,3,0,3
Dharvis,3,0,3
Dharwansingh,3,0,3
Dharwantie,0,3,3
Dharweendre,3,0,3
Dharwiendra,3,0,3
Dharwinder,3,0,3
Dharwis,3,0,3
Dharya,0,3,3
Dharyan,3,0,3
Dhasel,0,3,3
Dhathakhan,3,0,3
Dhatrie,0,3,3
Dhatu,0,3,3
Dhauri,0,3,3
Dhavano,3,0,3
Dhavernio,3,0,3
Dhavey,3,0,3
Dhaviñio,3,0,3
Dhawandena,0,3,3
Dhawanpersad,3,0,3
Dhawindra,3,0,3
Dhax,3,0,3
Dhayan,3,0,3
Dhaylen,3,0,3
Dhaylinn,0,3,3
Dhaymi,0,3,3
Dhayna,0,3,3
Dhaynridge,3,0,3
Dhe,3,0,3
Dhealiya,0,3,3
Dheano,3,0,3
Dhearlone,3,0,3
Dheavaney,0,3,3
Dhecklan,3,0,3
Dhedde,3,0,3
Dheeksha,0,3,3
Dheeman,0,3,3
Dheemant,3,0,3
Dheer,3,0,3
Dheeraj-Kumar,3,0,3
Dheerajkapoer,3,0,3
Dheerajkoemar,3,0,3
Dheerajpersad,3,0,3
Dheeray,3,0,3
Dheerinderkoemar,3,0,3
Dheerindrekumar,3,0,3
Dheffany,0,3,3
Dhega,0,3,3
Dhegaweyne,3,0,3
Dheivenaii,0,3,3
Dheiviere,3,0,3
Dhek,3,0,3
Dhekra,3,0,3
Dhelaina,0,3,3
Dhelaisa,0,3,3
Dhelaya,0,3,3
Dheli,0,3,3
Dheliah,0,3,3
Dhelijay,3,0,3
Dhelilah,0,3,3
Dhélisa,0,3,3
Dhellinio,3,0,3
Dhelliza,0,3,3
Dhelvarino,3,0,3
Dhemaro,3,0,3
Dhemes,3,0,3
Dhemi,0,3,3
Dhemy,0,3,3
Dheneesh,3,0,3
Dhenelle,0,3,3
Dheneswerpersad,3,0,3
Dheni,3,0,3
Dhenie,0,3,3
Dhenish,3,0,3
Dhenley,3,0,3
Dhenoedew,3,0,3
Dhensley,3,0,3
Dhenwin,3,0,3
Dheny,0,3,3
Dhenyviënne,0,3,3
Dhequan,3,0,3
Dheradj,3,0,3
Dheraj,3,0,3
Dhereyno,3,0,3
Dherike,0,3,3
Dhermesh,3,0,3
Dherminderpersad,3,0,3
Dhermindra,3,0,3
Dherti,0,3,3
Dhervindra,3,0,3
Dhervindre-Kumar,3,0,3
Dherwinder,3,0,3
Dherwish,3,0,3
Dhesen,3,0,3
Dhesh-Jaelynne,0,3,3
Dheshayno,3,0,3
Dheshayo,3,0,3
Dheslena,0,3,3
Dhesny,0,3,3
Dhesphina,0,3,3
Dhesselina,0,3,3
Dhèstinée,0,3,3
Dheswankumar,3,0,3
Dhesz,0,3,3
Dhèvin,3,0,3
Dhevlin,3,0,3
Dhewa,0,3,3
Dhewajani,0,3,3
Dhewiller,3,0,3
Dhewin,3,0,3
Dhéwone,3,0,3
Dheya,3,0,3
Dheyji,0,3,3
Dheymas,3,0,3
Dheyna,0,3,3
Dhiaeddine,3,0,3
Dhialy,3,0,3
Dhiammara,0,3,3
Dhiano,3,0,3
Dhianu,3,0,3
Dhiany,0,3,3
Dhiaphane,0,3,3
Dhiaûddien,3,0,3
Dhiba,0,3,3
Dhidey,0,3,3
Dhie,3,0,3
Dhielesh,3,0,3
Dhien,3,0,3
Dhieneskumar,3,0,3
Dhier,3,0,3
Dhierach,3,0,3
Dhieradjkapoer,3,0,3
Dhieradjkoemar,3,0,3
Dhieradjkoemarsingh,3,0,3
Dhierajkumar,3,0,3
Dhierathpersad,3,0,3
Dhierathsingh,3,0,3
Dhierdjkoemar,3,0,3
Dhieredjkoemar,3,0,3
Dhierin-Perkash,3,0,3
Dhierinder,3,0,3
Dhierinderpersad,3,0,3
Dhierindra,3,0,3
Dhieriskoemar,3,0,3
Dhierjet,3,0,3
Dhiesha,0,3,3
Dhieshan,3,0,3
Dhietlinde,0,3,3
Dhijpna,0,3,3
Dhijs,3,0,3
Dhika,3,0,3
Dhilaila,0,3,3
Dhilana,0,3,3
Dhilany,0,3,3
Dhilini,0,3,3
Dhilippe,3,0,3
Dhiluxsaan,3,0,3
Dhimansingh,3,0,3
Dhimas,3,0,3
Dhimat,0,3,3
Dhimaz,3,0,3
Dhimitri,3,0,3
Dhimosstennis,3,0,3
Dhin,3,0,3
Dhinand,3,0,3
Dhing,3,0,3
Dhini,0,3,3
Dhinio,3,0,3
Dhiosa,0,3,3
Dhioson,3,0,3
Dhir,3,0,3
Dhiradj-Addishkoemar,3,0,3
Dhiradjkoemar,3,0,3
Dhiradjkumar,3,0,3
Dhiradjpersad,3,0,3
Dhirajanand,3,0,3
Dhiraji,0,3,3
Dhiredjkoemar,3,0,3
Dhireht,3,0,3
Dhirejh,3,0,3
Dhirendher,3,0,3
Dhirendr,3,0,3
Dhīrendra,3,0,3
Dhirendrakumar,3,0,3
Dhiresha,0,3,3
Dhireshma,0,3,3
Dhiretj,3,0,3
Dhiretjh,3,0,3
Dhiretsh,3,0,3
Dhirien,3,0,3
Dhirindrakumar,3,0,3
Dhirindre,3,0,3
Dhirindrekoemar,3,0,3
Dhirindrenath,3,0,3
Dhirinkoemar,3,0,3
Dhirinkumar,3,0,3
Dhirish,3,0,3
Dhiro,3,0,3
Dhirradjkumar,3,0,3
Dhiryah,3,0,3
Dhirza,0,3,3
Dhisaya,0,3,3
Dhishan,3,0,3
Dhisibriella,0,3,3
Dhivalia,0,3,3
Dhivinder,3,0,3
Dhivyani,0,3,3
Dhiwesh,3,0,3
Dhiya-uddien,3,0,3
Dhiyah,0,3,3
Dhiyau,3,0,3
Dhjona,3,0,3
Dhoa,0,3,3
Dhoebalt,3,0,3
Dhoeharwatie,0,3,3
Dhoelin,3,0,3
Dhoepmatie,0,3,3
Dhoerga,0,3,3
Dhoerpatie,0,3,3
Dhomenico,3,0,3
Dhon,3,0,3
Dhong,0,3,3
Dhonnaleigh,0,3,3
Dhonny,3,0,3
Dhono,3,0,3
Dhooa,0,3,3
Dhoop,3,0,3
Dhoraso,3,0,3
Dhoree,0,3,3
Dhorjan,3,0,3
Dhorn,3,0,3
Dhorob,3,0,3
Dhorty,0,3,3
Dhoya,3,0,3
Dhramradjsingh,3,0,3
Dhramveersingh,3,0,3
Dhrisjemnarain,3,0,3
Dhristey,0,3,3
Dhristina,0,3,3
Dhristy,0,3,3
Dhriya,0,3,3
Dhroe,3,0,3
Dhrun,3,0,3
Dhruvah,3,0,3
Dhruvan,3,0,3
Dhruveeka,0,3,3
Dhryrattana,0,3,3
Dhu,3,0,3
Dhua,0,3,3
Dhuechantée,0,3,3
Dhuka,3,0,3
Dhukdha,3,0,3
Dhul-Kifl,3,0,3
Dhulean,3,0,3
Dhumawatie,0,3,3
Dhuniya,0,3,3
Dhunja,0,3,3
Dhunya,0,3,3
Dhurgam,0,3,3
Dhurindra,3,0,3
Dhurindre,3,0,3
Dhurpatie,0,3,3
Dhurweradj,3,0,3
Dhuvarakaa,0,3,3
Dhvni,0,3,3
Dhwanie,0,3,3
Dhyâna,0,3,3
Dhyána,0,3,3
Dhyanand,3,0,3
Dhyanara,0,3,3
Dhyanesh,3,0,3
Dhyanith,3,0,3
Dhyanne,0,3,3
Dhyansing,3,0,3
Dhyarko,3,0,3
Dhyencio,3,0,3
Dhylann,0,3,3
Dhylano,3,0,3
Dhyllon,3,0,3
Dhymaine,3,0,3
Dhymara,0,3,3
Dhymasha,0,3,3
Dhymond,3,0,3
Dhymphina,0,3,3
Dhynio,3,0,3
Dhynis,0,3,3
Dhynn,0,3,3
Dhyonnah,0,3,3
Dhyren,3,0,3
Di'Angello,3,0,3
Di'angelmar,3,0,3
Di'anno,3,0,3
Di'Aro,3,0,3
Di'Delano,3,0,3
Di'Haile,3,0,3
Di'Jairo,3,0,3
Di'Marion,3,0,3
Di'mya,0,3,3
Di'Noah,3,0,3
Di'or,3,0,3
Di'Quinto,3,0,3
Di'Sayah,0,3,3
Di'shairo,3,0,3
Di'Shendro,3,0,3
Di'Stefano,3,0,3
Di'vancheno,3,0,3
Di'vangelo,3,0,3
Di'vanyo,3,0,3
Di'Yomi,0,3,3
Di-Amo,3,0,3
Di-An,0,3,3
Di-an,0,3,3
Di-André,3,0,3
Di-Angela,0,3,3
Di-Angeli,3,0,3
Di-Angely,0,3,3
Di-Anna,0,3,3
Di-annah,0,3,3
Di-Anne,0,3,3
Di-Ching,3,0,3
Di-én,0,3,3
Di-Erney,3,0,3
Di-Genzo,3,0,3
Di-jac,3,0,3
Di-Jai,3,0,3
Di-jan,0,3,3
Di-jana,0,3,3
Di-Janey,0,3,3
Di-janne,0,3,3
Di-jante,0,3,3
Di-Jaro,3,0,3
Di-jay,3,0,3
Di-Jean,3,0,3
Di-Jeon,3,0,3
Di-Jo,3,0,3
Di-John,3,0,3
Di-jon,3,0,3
Di-Jon,3,0,3
Di-Jonne,0,3,3
Di-Juan,3,0,3
Di-Lan,3,0,3
Di-Lara,0,3,3
Di-Liang,3,0,3
Di-Livio,3,0,3
Di-lung,3,0,3
Di-Neya,0,3,3
Di-Rhayno,3,0,3
Di-Selviño,3,0,3
Di-shiney,0,3,3
Di-Shon,3,0,3
Di-vanté,3,0,3
Di-Vanyo,3,0,3
Di-vayo,3,0,3
Día,0,3,3
Dia'naïza,0,3,3
Dia-Nillo,3,0,3
Diaam,0,3,3
Diablito,3,0,3
Diabolus-William,3,0,3
Diacono,3,0,3
Diade,0,3,3
Diâden,3,0,3
Diadewi,0,3,3
Diador,0,3,3
Diadora,0,3,3
Diaeddine,3,0,3
Diaeeddin,3,0,3
Diaelle,0,3,3
Diagbré,3,0,3
Diahailia,0,3,3
Diahane,0,3,3
Diahanna,0,3,3
Diahanne,0,3,3
Diahingrum,0,3,3
Diahla,0,3,3
Diahsari,0,3,3
Diaina,0,3,3
Diaixyen-Lynn,0,3,3
Diajeng,0,3,3
Diajenne,0,3,3
Diaka,0,3,3
Diakele,0,3,3
Diakhoumba,0,3,3
Diakiese,0,3,3
Diakiése,0,3,3
Dial,3,0,3
Dialdis,0,3,3
Dialdys,0,3,3
Dialene,0,3,3
Dialika,0,3,3
Dialikatou,0,3,3
Dialina,0,3,3
Dialla,0,3,3
Diálo,3,0,3
Dialo,3,0,3
Dialon,0,3,3
Dialundama,3,0,3
Dialvina,0,3,3
Dialyno,3,0,3
Diama,3,0,3
Diamafua,3,0,3
Diamando,3,0,3
Diamantaa,0,3,3
Diamànte,3,0,3
Diamantea,0,3,3
Diamantis,3,0,3
Diamantixa,0,3,3
Diamar-Tsai,0,3,3
Diamarine,0,3,3
Diambi,3,0,3
Diambu,0,3,3
Diamco,3,0,3
Diamella,0,3,3
Diamery,0,3,3
Diamillia,0,3,3
Diamina,0,3,3
Diamira,0,3,3
Dïamiro,3,0,3
Diamkoemaar,3,0,3
Diammerald,3,0,3
Diamond-Earl,3,0,3
Diamonique,0,3,3
Diamonn,3,0,3
Diamontina,0,3,3
Diamony,0,3,3
Diampovisa,3,0,3
Dián,3,0,3
Dian-Indah,0,3,3
Dian-nai,0,3,3
Dian-Nicole,0,3,3
Dianá,0,3,3
Diäna,0,3,3
Diaña,0,3,3
Diana-Alexandra,0,3,3
Diana-Charida,0,3,3
Diana-Lake,0,3,3
Diana-Maria,0,3,3
Diana-Marina,0,3,3
Dianaij,0,3,3
Dianailey,0,3,3
Dianaiyshelly,0,3,3
Dianaley,0,3,3
Dianaling,0,3,3
Dianalisa,0,3,3
Dianaycha,0,3,3
Dianaysha,0,3,3
Diance,0,3,3
Dianchello,3,0,3
Dianchelo,3,0,3
Diande,0,3,3
Diandely,0,3,3
Diander,3,0,3
Diandjelo,3,0,3
Diandré,0,3,3
Diandrew,3,0,3
Diandy,3,0,3
Diandyo,3,0,3
Diäne,0,3,3
Diâne,0,3,3
Diáne,0,3,3
Diané,0,3,3
Diane-Pascal,0,3,3
Dianeehly,0,3,3
Dianeesha,0,3,3
Dianeisha,0,3,3
Dianelci,0,3,3
Dianello,3,0,3
Dianelvy,0,3,3
Dianelys,0,3,3
Dianera,0,3,3
Dianeska,0,3,3
Dianet,0,3,3
Dianga,0,3,3
Diangela,0,3,3
Diangeli,0,3,3
Diangelica,0,3,3
Diangeline,0,3,3
Diangelly,0,3,3
Diángelo,3,0,3
Diângelo,3,0,3
Díangelo,3,0,3
Diàngelo,3,0,3
Diangely,0,3,3
Diangely's,0,3,3
Diangenely,0,3,3
Diangenie,0,3,3
Diangeny,0,3,3
Diangerau,3,0,3
Diangerney,0,3,3
Dianhe,0,3,3
Dianhensl,0,3,3
Dianice,0,3,3
Dianicyn,0,3,3
Dianie,0,3,3
Dianiera,0,3,3
Dianique,0,3,3
Dianise,0,3,3
Dianish,0,3,3
Dianisia,0,3,3
Dianisius,3,0,3
Dianita,0,3,3
Dianja,0,3,3
Dianjaneira,0,3,3
Dianjo,3,0,3
Diank,0,3,3
Dianmarie,0,3,3
Diänna,3,0,3
Dianna-Jenine,0,3,3
DiAnne,0,3,3
Dianne-kaye,0,3,3
Diannel,0,3,3
Diannelly,0,3,3
Diannet,0,3,3
Diannia,0,3,3
Dianny,3,0,3
Dianorah,0,3,3
Dianprakasa,3,0,3
Diansa,3,0,3
Dianshela,0,3,3
Diansiwa,0,3,3
Diantano,3,0,3
Diantey,0,3,3
Diantha-Jamilla,0,3,3
Dianthelie,0,3,3
Dianthely,0,3,3
Dianthes,0,3,3
Diantheza,0,3,3
Dianti'enne,0,3,3
Diantie,0,3,3
Diantra,0,3,3
Diantus,3,0,3
Dianus,3,0,3
Dianyeli,0,3,3
Dianyrha,0,3,3
Diao,3,0,3
Diaphne,0,3,3
Diappa,0,3,3
Diaquiño,3,0,3
Diarah,0,3,3
Diaraï,0,3,3
Diaraisha,0,3,3
Diardi,3,0,3
Dïarickson,3,0,3
Diarie,0,3,3
Diarlene,0,3,3
Diarmaid,3,0,3
Diarmait,3,0,3
Diarmus,3,0,3
Diarna,0,3,3
Diarou,0,3,3
Diarta,0,3,3
Diarvido,3,0,3
Diascara,0,3,3
Diashantely,0,3,3
Diasherie,0,3,3
Diasia,0,3,3
Diasna,0,3,3
Diassonama,3,0,3
Diasy,0,3,3
Diasz,3,0,3
Diautry,3,0,3
Diavayro,3,0,3
Diaverno,3,0,3
Diavian,3,0,3
Diavinda,0,3,3
Diavova,3,0,3
Diawo,0,3,3
Diawuenda,0,3,3
Diax,3,0,3
Diayanara,0,3,3
Diayenne,0,3,3
Diáz,3,0,3
Diazmira,0,3,3
Dibab,0,3,3
Dibalenda,3,0,3
Diband,3,0,3
Dibanur,0,3,3
Dibbi,0,3,3
Dibbolt,3,0,3
Dibby,0,3,3
Dibean,3,0,3
Dibert,3,0,3
Dibhora,0,3,3
Dibi,0,3,3
Dibia,3,0,3
Dibiagio,3,0,3
Dibiagwu,0,3,3
Dibiepersad,3,0,3
Dibin,3,0,3
Dibion,3,0,3
Dibo,3,0,3
Diboya,0,3,3
Dibrianna,0,3,3
Dibrich,0,3,3
Dibyo,3,0,3
DiCarlo,3,0,3
Dicaro,0,3,3
Dicchico,3,0,3
Dicé,0,3,3
Dicefyno,3,0,3
Dicéja,3,0,3
Dicelinio,3,0,3
Dicelle,0,3,3
Dicello,3,0,3
Dicenzo,3,0,3
Dich,3,0,3
Dicha,3,0,3
Dichainelly,0,3,3
Dichaino,3,0,3
Dichainy,0,3,3
Dichaira,0,3,3
Dichali,0,3,3
Dichandra,0,3,3
Dichanne,0,3,3
Dichanta,0,3,3
Dichantery,0,3,3
Dichantley,0,3,3
Dichara,0,3,3
Dichard,3,0,3
Dicharo,3,0,3
Dichaverell,0,3,3
Dichayen,3,0,3
DiChayron,3,0,3
Dicheiro,3,0,3
Dichell,0,3,3
Dichellio,3,0,3
Dichellsea,0,3,3
Dichen,3,0,3
Dichendy,0,3,3
Dichentelly,0,3,3
Dichenteny,0,3,3
Dicheraivio,3,0,3
Dicheska,0,3,3
Dicheyni,0,3,3
Dichiana,0,3,3
Dichiano,3,0,3
Dichiena,0,3,3
Dichon,3,0,3
Dichoso,3,0,3
Dichyro,3,0,3
Dician,3,0,3
Diciana,0,3,3
Diciano,3,0,3
Diciënne,0,3,3
Dicilena,0,3,3
Dicimulacion,3,0,3
Dicino,3,0,3
Dick-Arnoud,3,0,3
Dick-Guido,3,0,3
Dick-Laurens,3,0,3
Dick-Paul,3,0,3
Dicke,0,3,3
Dickeij,0,3,3
Dickens,3,0,3
Dickerson,3,0,3
Dickij,3,0,3
Dickina,0,3,3
Dickinson,3,0,3
Dickon,3,0,3
Dickovna,0,3,3
Dicksi,0,3,3
Dicksson,3,0,3
Dicksun,3,0,3
Dickszoon,3,0,3
Dickus,3,0,3
Dicky-James,3,0,3
Dicoletta,0,3,3
Dicolien,0,3,3
Dicoline,0,3,3
Dicon,0,3,3
Dicra,0,3,3
Dicta,0,3,3
Didaar,3,0,3
Didac,3,0,3
Didah,0,3,3
Didak,3,0,3
Didaka,0,3,3
Didan,0,3,3
Didangelo,3,0,3
Didas,3,0,3
Didda,0,3,3
Diddeke,0,3,3
Diddel,0,3,3
Didderik,3,0,3
Díde,0,3,3
Didehan,0,3,3
Dideine,0,3,3
Didejan,0,3,3
Dîdem,0,3,3
Didem-Ahu,0,3,3
Didemnur,0,3,3
Didere,3,0,3
Didericka,0,3,3
Didericke,0,3,3
Diderico,3,0,3
Diderie,0,3,3
Diderina,0,3,3
Diderita,0,3,3
Didero,3,0,3
Didge,3,0,3
Didgie,3,0,3
Didi-Anne,0,3,3
Didi-Jane,0,3,3
Didi-Rose,0,3,3
Didiá,0,3,3
Didiana,0,3,3
Didiane,0,3,3
DidiAnne,0,3,3
Didiano,3,0,3
Didid,0,3,3
Dididjá,0,3,3
Didiek,3,0,3
Didielinde,0,3,3
Didiëne,0,3,3
Didienne,0,3,3
Didiënne,0,3,3
Didièra,0,3,3
Didiera,0,3,3
Didierich,3,0,3
Didiet,3,0,3
Didii,3,0,3
Didika,0,3,3
Didimi,3,0,3
Didimus,3,0,3
Didinho,3,0,3
Didiroeme,0,3,3
Didisja,0,3,3
Didit,0,3,3
Didith,0,3,3
Didja,0,3,3
Didjano,3,0,3
Didjardo,3,0,3
Didjaro,3,0,3
Didjeanneniera,0,3,3
Didjeanneticvna,0,3,3
Didjee,3,0,3
Didjer,3,0,3
Didjoè,3,0,3
Didler,3,0,3
Didly,0,3,3
Didor,3,0,3
Didos,3,0,3
Didra,0,3,3
Didri,3,0,3
Didrica,0,3,3
Didriech,3,0,3
Didrieke,0,3,3
Didrikus,3,0,3
Diduine,0,3,3
Didula,3,0,3
Didus,3,0,3
Didyënn,0,3,3
Didyme,3,0,3
Didyne,0,3,3
Didynn,0,3,3
Dieán,0,3,3
Diean,3,0,3
Dieangenie,0,3,3
Dieann,0,3,3
Diear,3,0,3
Dieb,0,3,3
Dieben,3,0,3
Diebertje,0,3,3
Diebi,0,3,3
Diebold,3,0,3
Diebrecht,3,0,3
Dieca,0,3,3
Diechené,0,3,3
Diechina,0,3,3
Diéco,3,0,3
Diecquincio,3,0,3
Dieda,0,3,3
Diedaar,0,3,3
Diedanne,0,3,3
Diedbrecht,3,0,3
Dieddier,3,0,3
Diede-Ebe,3,0,3
Diede-Milena,0,3,3
Diede-Roos,0,3,3
Diede-Sofie,0,3,3
Diedelinde,0,3,3
Diedelot,0,3,3
Diedere,0,3,3
Diederichina,0,3,3
Diederick-Roeland,3,0,3
Diedericka,0,3,3
Diederickszoon,3,0,3
Diederickus,3,0,3
Diederiech,3,0,3
Diederiecka,0,3,3
Diederiecke,0,3,3
Diederiekus,3,0,3
Diederik-Anton,3,0,3
Diederik-Augustinus,3,0,3
Diederik-Emanuel,3,0,3
Diederik-Joan,3,0,3
Diederik-Sebastiaan,3,0,3
Diederina,0,3,3
Diedérique,0,3,3
Diederyck,3,0,3
Diedetje,0,3,3
Diedier,3,0,3
Diedirk,3,0,3
Diedison,3,0,3
Diedjée,3,0,3
Diedona,0,3,3
Diedonné,0,3,3
Diedr,3,0,3
Diedra,0,3,3
Diedriaan,3,0,3
Diedrichina,0,3,3
Diedrichs,0,3,3
Diedrikes,3,0,3
Diedward,3,0,3
Dieëane,0,3,3
Dieëndrick,3,0,3
Dieëne,0,3,3
Dieënnen,0,3,3
Dieëu,0,3,3
Diéga,0,3,3
Diêga,0,3,3
Diegane,3,0,3
Diége,3,0,3
Diegion,3,0,3
Diegje,0,3,3
Diëgnario,3,0,3
Dïego,3,0,3
Díego,3,0,3
Diego-Alberto,3,0,3
Diëgo-Carlo,3,0,3
Diëgo-Chavez,3,0,3
Diego-Eligio,3,0,3
Diego-Juan,3,0,3
Diego-Milenko,3,0,3
Diego-Raoul,3,0,3
Diego-Tiamo,3,0,3
Diègor,3,0,3
Diegueño,3,0,3
Diehana,0,3,3
Diëhl,3,0,3
Dieja,0,3,3
Diejan,0,3,3
Diejana,0,3,3
Diejanda,0,3,3
Dieje,0,3,3
Diejego,3,0,3
Diejenco,3,0,3
Diejeneley,0,3,3
Diejenne,0,3,3
Dièjeno,3,0,3
Diejesco,3,0,3
Diejonise,0,3,3
Dieke-Ilse,0,3,3
Diekert,3,0,3
Diekesdochter,0,3,3
Diekina,0,3,3
Diekla,0,3,3
Dieklah,0,3,3
Diekra,0,3,3
Diekske,0,3,3
Dieky,0,3,3
Diël,3,0,3
Dielana,0,3,3
Dielanda,0,3,3
Dielaney,0,3,3
Dielanosing,3,0,3
Dielara,0,3,3
Dieleke,0,3,3
Dielette,0,3,3
Dielian,0,3,3
Dieliana,0,3,3
Dielise,0,3,3
Diëljumee,3,0,3
Dièll,3,0,3
Diell,3,0,3
Diellep,3,0,3
Diellius,3,0,3
Diello,3,0,3
Diëlly,0,3,3
Diëllza,0,3,3
Dieloff,3,0,3
Diëlomar,3,0,3
Diels,3,0,3
Dielshaira,0,3,3
Diely,3,0,3
Diêm,0,3,3
diem,0,3,3
Diem-My,0,3,3
Diem-my,0,3,3
Diemaco,3,0,3
Diémar,3,0,3
Diemas,3,0,3
Dième,3,0,3
Diemithry,3,0,3
Diemitri,3,0,3
Diemitry,3,0,3
Diemke,0,3,3
Diemkieu,0,3,3
Diemmy,0,3,3
Diempena,0,3,3
Diemphina,0,3,3
dien,3,0,3
Dien-jeanson,3,0,3
Dienaba,0,3,3
Dienah,0,3,3
Diènah,0,3,3
Dienan,3,0,3
Dienard,3,0,3
Diënda,0,3,3
Diendaijal,3,0,3
Diendonné,3,0,3
Diène,0,3,3
Dieneeskoemar,3,0,3
Dienek,3,0,3
Dieneke-An,0,3,3
Dienelieke,0,3,3
Dienelies,0,3,3
Diëneline,0,3,3
Diënelle,0,3,3
Dienelleke,0,3,3
Dienes,3,0,3
Dienetta,0,3,3
Dienfena,0,3,3
Dieng,3,0,3
Diengetje,0,3,3
Diëngilo,3,0,3
Diëngo,3,0,3
Dienhoessein,3,0,3
Dienick,0,3,3
Dieniese,0,3,3
Dienique,0,3,3
Dienischa,0,3,3
Dienishkumar,3,0,3
Dienisse,0,3,3
Dienita,0,3,3
Diéniva,0,3,3
Dienje,0,3,3
Dienn,3,0,3
Diennah,0,3,3
Diennaira,0,3,3
Dienne,0,3,3
Diènne,0,3,3
Diënnechelo,3,0,3
Diënnelo,3,0,3
Diennette,0,3,3
Diennie,0,3,3
Diéno,3,0,3
Diénon,3,0,3
Diënscq-Lee,3,0,3
Diënshenny,0,3,3
Dient,0,3,3
Diëntely,0,3,3
Dientha,0,3,3
Diënthy,0,3,3
Diënty,0,3,3
Dienye,3,0,3
Dienyla,0,3,3
Dienysius,3,0,3
Diëo,3,0,3
Dieobolt,3,0,3
Dieonisius,3,0,3
Diep-Anh,0,3,3
Diepa,0,3,3
Diepak-Junior,3,0,3
Diepakkumar,3,0,3
Diepekh,3,0,3
Diepika,0,3,3
Diepina,0,3,3
Diepko,3,0,3
Diepkumaar,3,0,3
Diepsingh,3,0,3
Diepu,3,0,3
Dieque,0,3,3
Dierck-Jan,3,0,3
Dierco,3,0,3
Dierentinus,3,0,3
Dieri,0,3,3
Dierich,3,0,3
Dierieke,0,3,3
Dierkje,0,3,3
Dierks,3,0,3
Dierkson,3,0,3
Diernie,0,3,3
Diërno,3,0,3
Dïero,3,0,3
Diero,3,0,3
Diérré,3,0,3
Dierwaar,3,0,3
Diéry,3,0,3
Diery,3,0,3
Diès,3,0,3
Diësaira,0,3,3
Diesan,3,0,3
Diesaré,3,0,3
Diesayla,0,3,3
Diesell,3,0,3
Diesen,3,0,3
Dieshairo,3,0,3
Dieshara,0,3,3
Diéshone,3,0,3
Diesijca,0,3,3
Diesijna,0,3,3
Diesiree,0,3,3
Diesl,3,0,3
Diesmerieke,0,3,3
Diesna,0,3,3
Diesoge,3,0,3
Diësse,3,0,3
Diest,3,0,3
Dieswanie,0,3,3
Diesz,3,0,3
Dietbrand,3,0,3
Dieter-Alvin,3,0,3
Dieter-Thomas,3,0,3
Dietera,0,3,3
Dieterd,3,0,3
Dieterdina,0,3,3
Dieterina,0,3,3
Dietgar,3,0,3
Dietgonda,0,3,3
Diethart,3,0,3
Diethburg,0,3,3
Dietholf,0,3,3
Dietlindt,0,3,3
Dieto,3,0,3
Diéto,3,0,3
Dietrem,3,0,3
Dietri,0,3,3
Dietrichs,0,3,3
Dietricht,3,0,3
Dietrig,3,0,3
Dietrijc,3,0,3
Dietrix,0,3,3
Dietry,0,3,3
Dietse,3,0,3
Dietsje,0,3,3
Dietske-Bloem,0,3,3
Diettert,3,0,3
Dietus,3,0,3
Dieu-Ai,0,3,3
Dieu-An,0,3,3
Dieu-Didier,3,0,3
Dieu-Donna,0,3,3
Dieu-Donne,3,0,3
Dieu-donnée,0,3,3
Dieu-Donnee,0,3,3
Dieu-han,0,3,3
Dieu-Hien,0,3,3
Dieu-Merci,3,0,3
Dieuci,3,0,3
Dieuci-Israël,3,0,3
Dieudenée,0,3,3
Dieudeneé,3,0,3
Dieudon,3,0,3
Dieudonay,0,3,3
Dieudonélle,0,3,3
Dieudonnè,3,0,3
Dieudonnèe,0,3,3
Dieudonnëe,0,3,3
Dieudónnee,0,3,3
Dièudonnée,0,3,3
Dieufet,3,0,3
Dieufijireh,3,0,3
Dieüke,0,3,3
Dieuko,3,0,3
Dieulefit,3,0,3
Dieum,3,0,3
Dieumbe,0,3,3
Dieumerçi,3,0,3
Dieuniecka,0,3,3
Dieuvine,0,3,3
Dieuwan,3,0,3
Dieuwanna,0,3,3
Dieuwcke,0,3,3
Dieuwerlina,0,3,3
Dieuwerta,0,3,3
Dieuwertje-Fransje,0,3,3
Dieuwetje,0,3,3
Dieuwi,0,3,3
Dieuwke-Aly,0,3,3
Dieuwke-Ytske,0,3,3
Dieuwliena,0,3,3
Dieuwwina,0,3,3
Dieuxdonne,0,3,3
Dieuxdonnée,0,3,3
Dieva,0,3,3
Dievanitsio,3,0,3
Dievanyo,3,0,3
Dieveerra,0,3,3
Dievéra,0,3,3
Dievertine,0,3,3
Dieverus,3,0,3
Diewah,0,3,3
Diewarda,0,3,3
Dieweke,0,3,3
Diewerina,0,3,3
Diewerka,0,3,3
Diewi,0,3,3
Diewina,0,3,3
Diewja,0,3,3
Diewkje,0,3,3
Dieya,0,3,3
Dieyanko,3,0,3
Dieyarie,3,0,3
Dieyen,3,0,3
Dieylani,3,0,3
Diëynaba,0,3,3
Diéz,3,0,3
Diezjonn,3,0,3
Difabio,3,0,3
Difaino,3,0,3
Difaira,0,3,3
Difairo,3,0,3
Difany,0,3,3
Difatima,0,3,3
Difaynely,0,3,3
Difayro,3,0,3
Diffany,0,3,3
Diffiany,0,3,3
Difine,0,3,3
Difinety,0,3,3
Difiny,0,3,3
Difney,0,3,3
Difnie,0,3,3
Difra,0,3,3
Difranco,3,0,3
Difrangelow,3,0,3
Digaila,0,3,3
Digan,0,3,3
Digbertus,3,0,3
Diğde,0,3,3
Dige,3,0,3
Digelo,3,0,3
Digemyni,0,3,3
Digén,3,0,3
Digennaro,3,0,3
Digentley,3,0,3
Digeorgio,3,0,3
Digera,0,3,3
Diggnum,3,0,3
Digha,3,0,3
Digheuncia,0,3,3
Digiamo,3,0,3
Digianina,0,3,3
Digiany,3,0,3
Digiaro,3,0,3
Digiena,0,3,3
Digina,0,3,3
Digino,3,0,3
Digio,3,0,3
Diglensio,3,0,3
Digma,0,3,3
Digmaris,0,3,3
Digna-Christina,0,3,3
Digna-Natasja,0,3,3
Digna-Willemijn,0,3,3
Dignan,3,0,3
Dignée,0,3,3
Dignia,0,3,3
Dignie,0,3,3
Dignory,0,3,3
Dignos,3,0,3
Digonysius,3,0,3
Digorvié,3,0,3
Digpalsinh,0,3,3
Digra,0,3,3
Digrand,3,0,3
Digrenchely,0,3,3
Digshondrie,3,0,3
Digt,3,0,3
Diguel,3,0,3
Digwentio,3,0,3
Dihaila,0,3,3
Dihailey,3,0,3
Dihaira,0,3,3
Diham,3,0,3
Dihanna,0,3,3
Dihanne,0,3,3
Diharvi,3,0,3
Dihately,0,3,3
Dihba,0,3,3
Diheyden,3,0,3
Dihiya,0,3,3
Dihlaila,0,3,3
Dihlayla,0,3,3
Dihlaysa,0,3,3
Dihod,3,0,3
Diin,3,0,3
Diinle,3,0,3
Diirshe,3,0,3
Dijaardien,0,3,3
Dijablo,3,0,3
Dijadjo,3,0,3
Dijago,3,0,3
Dijahro,3,0,3
Dijaino,3,0,3
Dijamorii,3,0,3
Dijango,3,0,3
Dijango-Bernardo,3,0,3
Dijanka,0,3,3
Dijannie,3,0,3
Dijantaly,0,3,3
Dijantie,0,3,3
Dijarco,3,0,3
Dijas,3,0,3
Dijaudin,3,0,3
Dijdrik,3,0,3
Dijé,3,0,3
Dijean,3,0,3
Dijeanne,0,3,3
Dijeanro,3,0,3
Dijeantely,0,3,3
Dijebril,3,0,3
Dijégo,3,0,3
Dijëgo,3,0,3
Dijelha,0,3,3
Dijendra,0,3,3
Dijendriëly,0,3,3
Dijendry,3,0,3
Dijenely,0,3,3
Dijënne,0,3,3
Dijenzo,3,0,3
Dijero,3,0,3
Dijesta,0,3,3
Dijeu,3,0,3
Dijez,0,3,3
Dijga,3,0,3
Dijhairo,3,0,3
Dijinka,0,3,3
Dijioni,3,0,3
Dijla,0,3,3
Dijlana,0,3,3
Dijlano,3,0,3
Dijmairo,3,0,3
Dijmio,3,0,3
Dijmpfna,0,3,3
Dijmph,0,3,3
Dijmpha,0,3,3
Dijmphi,0,3,3
Dijmphiena,0,3,3
Dijmphijna,0,3,3
Dijmpna,0,3,3
Dijnphina,0,3,3
Dijntje-Isis,0,3,3
Dijoanne,0,3,3
Dijoma,0,3,3
Dijomaly,3,0,3
Dijomante,3,0,3
Dijomar,3,0,3
Dijomi,0,3,3
Dijonae,0,3,3
Dijone,0,3,3
Dijonice,0,3,3
Dijonis,3,0,3
Dijonisia,0,3,3
Dijonisie,0,3,3
Dìjonny,3,0,3
Dijonny,3,0,3
Dijorn,3,0,3
Díjorteley,3,0,3
Dijosjeco,3,0,3
Dijous,0,3,3
Dijowy,3,0,3
Dijron,3,0,3
Dijsen,3,0,3
Dijulynio,3,0,3
Dijunisius,3,0,3
Dijus,3,0,3
Dijwarşêr,3,0,3
Dika-Sina,0,3,3
Dikan,3,0,3
Dikè,0,3,3
Dikem,0,3,3
Dikendy,3,0,3
Dikeoma,3,0,3
Dikie,3,0,3
Dikilan,3,0,3
Dikin,3,0,3
Dikira,0,3,3
Dikja,3,0,3
Dikkens,3,0,3
Dikmar,3,0,3
Dikmen,3,0,3
Dikoto,3,0,3
Dikraa,0,3,3
Dikrah,0,3,3
Dikranuhi,0,3,3
Diks,3,0,3
Diksen,3,0,3
Diksha,0,3,3
Dikshat,3,0,3
Diksie,0,3,3
Diksy,0,3,3
Diktine,0,3,3
Dikun,3,0,3
Dikuru,0,3,3
Dikwan,3,0,3
Dìl,0,3,3
Dilä,0,3,3
Dila-Noya,0,3,3
Dilaa,0,3,3
Dilaasha,0,3,3
Dilady,0,3,3
Dilafruz,0,3,3
Dilağsu,0,3,3
Dilahia,0,3,3
Dilahna,0,3,3
Dilaicha,0,3,3
Dilaicia,0,3,3
Dilaïja,0,3,3
Dilaijo,3,0,3
Dilaïla,0,3,3
Dilainey,0,3,3
Dilaira,0,3,3
Dilaisah,0,3,3
Dilaischa,0,3,3
Dilaiya,0,3,3
Dilaiyah,0,3,3
Dilaiylah,0,3,3
Dilaiyna,0,3,3
Dilaiza,0,3,3
Dilaja,0,3,3
Dilajah,0,3,3
Dilak,0,3,3
Dilaka,0,3,3
Dilaksa,0,3,3
Dilal,0,3,3
Dilalah,0,3,3
Dilamore,0,3,3
Dîlan,0,3,3
Dílan,3,0,3
Dilàn,0,3,3
Dilan-Irem,0,3,3
Dilana'Loïs,0,3,3
Dilanah,0,3,3
Diland,3,0,3
Dilangelo,3,0,3
Dilango,3,0,3
Dilaniyah,0,3,3
Dilanja,0,3,3
Dilanjo,3,0,3
Dilanka,3,0,3
Dilann,3,0,3
Dilanna,0,3,3
Dilano-jay,3,0,3
Dilans,0,3,3
Dilant,3,0,3
Dilaph,3,0,3
Dılara,0,3,3
DIlara,0,3,3
Dilara-Betül,0,3,3
Dilara-Jill,0,3,3
Dilaranur,0,3,3
Dilario,3,0,3
Dilaro,3,0,3
Dilas,3,0,3
Dilasan,3,0,3
Dilashna,0,3,3
Dilasia,0,3,3
Dilasu,0,3,3
Dilaşub,0,3,3
DiLaura,0,3,3
Dilav,0,3,3
Dilâver,3,0,3
Dilaweez,0,3,3
Dilaxsan,3,0,3
Dilay-Esma,0,3,3
Dilâya,0,3,3
Dilaycan,0,3,3
Dilaydjho,3,0,3
Dilayen,3,0,3
Dilayla-Alicia,0,3,3
Dilaylo,3,0,3
Dilayro,3,0,3
Dilayshia,0,3,3
Dilazad,3,0,3
Dilbari,0,3,3
Dilbaz,3,0,3
Dilbe,0,3,3
Dilbernaz,0,3,3
Dilbertus,3,0,3
Dilbeste,0,3,3
Dilbien,0,3,3
Dilbrin,3,0,3
Dilbura,0,3,3
Dilchen,3,0,3
Dilciano,3,0,3
Dilckosh,0,3,3
Dilcy,0,3,3
Dilda,0,3,3
Dildaar,3,0,3
Dilé,0,3,3
Dileara,0,3,3
Dileayna,0,3,3
Dileh,3,0,3
Dileha,0,3,3
Dileilha,0,3,3
Dileimys,0,3,3
Dileine,0,3,3
Dileinka,0,3,3
Dileiza,0,3,3
Dileke,0,3,3
Dileki,0,3,3
Dilemar,0,3,3
Dilemin,0,3,3
Dilemre,3,0,3
Dilén,3,0,3
Dilenah,0,3,3
Dilendre,3,0,3
Dilene,0,3,3
Dilène,0,3,3
Dileno,3,0,3
Dileny,0,3,3
Dileo,3,0,3
Dilepkoemar,3,0,3
Dilermo,3,0,3
Diletta,0,3,3
Dilette,0,3,3
Dilexio,3,0,3
Dilfan,3,0,3
Dilfürüz,0,3,3
Dilfuze,0,3,3
Dilgado,3,0,3
Dilhian,3,0,3
Dilhun,0,3,3
Diliaan,0,3,3
Diliaane,0,3,3
Diliallah,0,3,3
Diliam,3,0,3
Dilianah,0,3,3
Dilianna,0,3,3
Diliany,0,3,3
Diliberto,3,0,3
Dilicio,3,0,3
Diliena,0,3,3
Diliesa,0,3,3
Dilijn,3,0,3
Dilila,0,3,3
Dilina,0,3,3
Dilinayra,0,3,3
Dilinaz,0,3,3
Dilino,3,0,3
Diliño,3,0,3
Dilinthe,0,3,3
Diliona,0,3,3
Dilipp,3,0,3
Dilippersad,3,0,3
Dilipshah,3,0,3
Dilisa,0,3,3
Dilise,0,3,3
Dilisha,0,3,3
Dilishwar,3,0,3
Dilisjan,0,3,3
Diliso,3,0,3
Dilivia,0,3,3
Diliviõ,3,0,3
Diljana,0,3,3
Diljen,3,0,3
Diljon,3,0,3
Diljot,3,0,3
Dilki,0,3,3
Dill,3,0,3
Dillah,0,3,3
Dillance,3,0,3
Dillard,3,0,3
Dillaysha,0,3,3
Dillbag,3,0,3
Dilldjuan,3,0,3
Dillean,3,0,3
Dillëan,3,0,3
Dilleen,0,3,3
Dillejana,0,3,3
Dilleke,0,3,3
Dillenzo,3,0,3
Dillero,3,0,3
Dilli,0,3,3
Dillie,0,3,3
Dilliën,3,0,3
Dilliëtte,0,3,3
Dilligan,3,0,3
Dillin,0,3,3
Dillinger,3,0,3
Dillipkumar,3,0,3
Dillmon,0,3,3
Dillowan,3,0,3
Dillvian,0,3,3
Dillyana,0,3,3
Dillynja,3,0,3
Dillynn,0,3,3
Dillysio,3,0,3
Dilmá,0,3,3
Dilmario,3,0,3
Dilmeka,0,3,3
Dilmit,3,0,3
Dilmoen,3,0,3
Dilmohit,3,0,3
Dilnas,0,3,3
Dilnasheen,0,3,3
Dilnevaz,0,3,3
Dilocan,3,0,3
Dilof,3,0,3
Dilogèn,3,0,3
Diloin,3,0,3
Diloja,0,3,3
Dilola,0,3,3
Dilom,3,0,3
Dilore,0,3,3
Dilotte,0,3,3
DiLotte,0,3,3
Dilowan,3,0,3
Diloya,0,3,3
Diloysa,0,3,3
Dilpare,0,3,3
Dilpreetkaur,0,3,3
Dilquensio,3,0,3
Dilradj,3,0,3
Dilroshan,3,0,3
Dilroshun,3,0,3
Dilrübâ,0,3,3
Dilruk,3,0,3
Dilrukshi,0,3,3
Dilruz,0,3,3
Dılşa,0,3,3
Dilşa,0,3,3
Dilsad,0,3,3
Dilsaida,0,3,3
Dilşan,0,3,3
Dilse,0,3,3
Dılshad,3,0,3
Dilshana,0,3,3
Dilshano,3,0,3
Dilshen,3,0,3
Dilsion,3,0,3
Dilsjaad,0,3,3
Dilsson,3,0,3
Dilu,3,0,3
Dilun,3,0,3
Diluvina,0,3,3
Diluxshan,3,0,3
Dilveer,3,0,3
Dilwa,0,3,3
Dilwan,3,0,3
Dilwyn,3,0,3
Dilya,0,3,3
Dilyana,0,3,3
Dilyar,3,0,3
Dilycia,0,3,3
Dilymo,3,0,3
Dilyna,0,3,3
Dilynn,0,3,3
Dilynna,0,3,3
Dilys-Ann,0,3,3
Dilysa,0,3,3
Dilysho,3,0,3
Dilysia,0,3,3
Dilyssa,0,3,3
Dilziba,0,3,3
Dimaano,3,0,3
Dimachio,3,0,3
Dimaia,0,3,3
Dimaida,0,3,3
Dimaïlo,3,0,3
Dimaira,0,3,3
Dimairho,3,0,3
Dimaïro,3,0,3
Dimaisa,0,3,3
Dimajo,3,0,3
Dimana,0,3,3
Dimanalou,0,3,3
Dimandria,0,3,3
Dimanio,3,0,3
Dimanja,0,3,3
Dimanta,3,0,3
Dimantini,3,0,3
Dimanto,3,0,3
Dimarcia,0,3,3
DiMarco,3,0,3
Dimard,3,0,3
Dimargio,3,0,3
Dimarian,3,0,3
Dimaris,0,3,3
Dimarley,3,0,3
Dimarlison,3,0,3
Dimarne,3,0,3
Dimarron,3,0,3
Dimartino,3,0,3
Dimartinus,3,0,3
Dimary,0,3,3
Dimasha,0,3,3
Dimateo,3,0,3
Dimatheo,3,0,3
Dimatteo,3,0,3
Dimaya,0,3,3
Dimaya-Jenai,0,3,3
Dimaylo,3,0,3
Dimbo,0,3,3
Dimby,3,0,3
Dimdin,0,3,3
Dimé,0,3,3
Dimée,0,3,3
Dimego,3,0,3
Dimeirys,0,3,3
Dimeji,3,0,3
Dimelre,3,0,3
Dimelza,0,3,3
Dimencio,3,0,3
Dimera,0,3,3
Dimetri,3,0,3
Dimetrio,3,0,3
Dimeyo,3,0,3
Dimfenis,3,0,3
Dimfhina,0,3,3
Dimfi,0,3,3
Dimiam,0,3,3
Dimiani,3,0,3
Dimianie,0,3,3
Dimianus,3,0,3
Dimidtrick,3,0,3
Dimiën,3,0,3
Dimién,3,0,3
Dimiena,0,3,3
Dimiene,0,3,3
Dimietri,3,0,3
Dimilano,3,0,3
Dimiley,0,3,3
Dimin,3,0,3
Diming,3,0,3
Diminga,3,0,3
Diminyo,3,0,3
Dimir,3,0,3
Dimissus,3,0,3
Dimita,0,3,3
Dimithra,0,3,3
Dimithri,3,0,3
Dimithry,3,0,3
Dimitre,3,0,3
Dimitrea,0,3,3
Dimitri-Jan,3,0,3
Dimítrie,3,0,3
Dimitriev,3,0,3
Dimitrievna,0,3,3
Dimitriij,3,0,3
Dimitrijan,3,0,3
Dimitrijus,3,0,3
Dimitrios-Alexander,3,0,3
Dimitrique,3,0,3
Dimítris,3,0,3
Dimitriū,3,0,3
Dimitrivitch,3,0,3
Dimitrix,3,0,3
Dimitrovich,3,0,3
Dimitrus,3,0,3
Dimitryne,0,3,3
Dimjanah,0,3,3
Dimmaney,0,3,3
Dimmer,3,0,3
Dimmitry,3,0,3
Dimna,0,3,3
Dimny,3,0,3
Dimoetsha,0,3,3
Dimora,0,3,3
Dimorenio,3,0,3
Dimothi,3,0,3
Dimpf,0,3,3
Dimphany,0,3,3
Dimphe,0,3,3
Dimphenaty,0,3,3
Dimphenie,0,3,3
Dimphenus,3,0,3
Dimphinis,3,0,3
Dimphma,0,3,3
Dimphna-Sylvana,0,3,3
Dimphnia,0,3,3
Dimphnus,3,0,3
Dimphus,3,0,3
Dimpihina,0,3,3
Dimpolo,0,3,3
Dimpphina,0,3,3
Dimpy,0,3,3
Dimski,3,0,3
Dimson,3,0,3
Dimsy,0,3,3
Dimuka,3,0,3
Dimuth,3,0,3
Dimyanti,0,3,3
Dimyrthe,0,3,3
Dimytrios,3,0,3
din,3,0,3
Din-Adrian,3,0,3
Dina-Hendrika,0,3,3
Dina-Lina,0,3,3
Dina-Maria,0,3,3
Dina-Rebecca,0,3,3
Dinaa,0,3,3
Dinaah,0,3,3
Dinaatje,0,3,3
Dinabella,0,3,3
Dinacetty,0,3,3
Dinachael,3,0,3
Dinachi,3,0,3
Dinaclazina,0,3,3
Dinacus,3,0,3
Dinada,0,3,3
Dinagracia,0,3,3
Dinah-Antje,0,3,3
Dinah-Jane,0,3,3
Dinah-Jo,0,3,3
Dinaichely,0,3,3
Dinaïda,0,3,3
Dinaigelo,3,0,3
Dinailey,0,3,3
Dinairys,0,3,3
Dinaishaley,0,3,3
Dinaisho,3,0,3
Dinaisjha-Ell,0,3,3
Dinaisy,0,3,3
Dinaiton,3,0,3
Dinaiyah,0,3,3
Dinaiyro,3,0,3
Dinajane,0,3,3
Dinakachi,3,0,3
Dinaksidebi,0,3,3
Dinal,3,0,3
Dinalda,0,3,3
Dinaldrick,3,0,3
Dinaldrik,3,0,3
Dinalienne,0,3,3
Dinalva,0,3,3
Dinanca,0,3,3
Dínand,3,0,3
Dinánd,3,0,3
Dinandi,0,3,3
Dinandkumar,3,0,3
Dinandy,0,3,3
Dinandyo,3,0,3
Dinangelo,3,0,3
Dinannda,0,3,3
Dinannie,0,3,3
Dinanour,0,3,3
Dinansha,0,3,3
Dinanta,0,3,3
Dinanthe,0,3,3
Dinanty,0,3,3
Dinanyelis,0,3,3
Dinarda,0,3,3
Dinaresha,0,3,3
Dinari,3,0,3
Dinario,3,0,3
Dinaritchel,3,0,3
Dinaritia,0,3,3
Dinart,3,0,3
Dinarte,3,0,3
Dinartho,3,0,3
Dinash,3,0,3
Dinásha,0,3,3
Dinasio,3,0,3
Dinasraya,3,0,3
Dinata,3,0,3
Dinate,0,3,3
Dinato,3,0,3
Dinatra,0,3,3
Dinaycio,3,0,3
Dinayla,0,3,3
Dinayli,0,3,3
Dinayron,3,0,3
Dinayrow,3,0,3
Dinaysia,0,3,3
Dinayvison,3,0,3
Dinaz,0,3,3
Dinazetti,0,3,3
Dinçay,3,0,3
Dincel,0,3,3
Dincent,3,0,3
Dinchard,3,0,3
Dinck,3,0,3
Dincka,0,3,3
Dindana,0,3,3
Dindee,3,0,3
Dinden,3,0,3
Dindial,3,0,3
Dinë,3,0,3
dine,3,0,3
Dine-Marie,0,3,3
Dinécha,0,3,3
Dinees,3,0,3
Dineesha,0,3,3
Dinega,0,3,3
Dinègerly,0,3,3
Dineida,0,3,3
Dineira,0,3,3
Dineiro,3,0,3
Dineisha,0,3,3
Dinek,0,3,3
Dinèl,0,3,3
Dinell,0,3,3
Dinello,3,0,3
Dinenderpersad,3,0,3
Dinendra,3,0,3
Dinéo,3,0,3
Dineps,0,3,3
Dineśa,3,0,3
Dinesh-Kumar,3,0,3
Dineshaley,0,3,3
Dineshe,0,3,3
Dineshelly,0,3,3
Dineshkumarie,0,3,3
Dinesho,3,0,3
Dineshraj,3,0,3
Dineshsingh,3,0,3
Dineskoemar,3,0,3
Dinesmadebi,0,3,3
Diness,3,0,3
Dineswar,3,0,3
Dineth,0,3,3
Dinetto,3,0,3
Dinevan,3,0,3
Dineysca,0,3,3
Dinez,3,0,3
Dinfanus,3,0,3
Dinfe,0,3,3
Dinfinity,0,3,3
Dinfna,0,3,3
Ding-chen,0,3,3
Ding-Yu,3,0,3
Dingel,0,3,3
Dingelonis,3,0,3
Dingeman-Jan,3,0,3
Dingemann,3,0,3
Dingemannus,3,0,3
Dingéna,0,3,3
Dingenard,3,0,3
Dingenardus,3,0,3
Dingenaro,3,0,3
Dingenatius,3,0,3
Dingene,0,3,3
Dingener,3,0,3
Dingenius,3,0,3
Dingerrita,0,3,3
Dinghina,0,3,3
Dingines,3,0,3
Dingmar,3,0,3
Dingne,0,3,3
Dingnes,3,0,3
Dingo,3,0,3
Dingus,3,0,3
Dingyuan,3,0,3
Dinh-Nam,3,0,3
Dinh-Vu,3,0,3
Dinha,0,3,3
Dinhaya,0,3,3
Dinhio,3,0,3
Dinhmenh,3,0,3
Dinhotra,0,3,3
Dini-Anne,0,3,3
Dini-Willemijn,0,3,3
Dinía,0,3,3
Dinianne,0,3,3
Diniany,0,3,3
Diniara,0,3,3
Dinich,0,3,3
Dinichi,0,3,3
Diniece,0,3,3
Dinienke,0,3,3
Diniëtte,0,3,3
Dinigello,3,0,3
Dinij,0,3,3
Dinija,0,3,3
Dinika,0,3,3
Dinillio,3,0,3
Dinilson,3,0,3
Dinin,3,0,3
Dinindra,0,3,3
Diningrat,3,0,3
Dininho,3,0,3
Dininio,3,0,3
Diniphina,0,3,3
Dinís,3,0,3
Dinishe,3,0,3
Dinishiya,0,3,3
Dinishkoemar,3,0,3
Dinishma,0,3,3
Dinishperkash,3,0,3
Dinishpersad,3,0,3
Dinísia,0,3,3
Dinisio,3,0,3
Dinitra,0,3,3
Dinitri,3,0,3
Dinitry,3,0,3
Dinius,3,0,3
Dinivienne,0,3,3
Diniya,0,3,3
Diniza,0,3,3
Dinja-Joke,0,3,3
Dinjal,3,0,3
Dinkar,3,0,3
Dinkel,3,0,3
Dinkueno,3,0,3
Dinmar,3,0,3
Dinmohmad,3,0,3
Dinnai,3,0,3
Dinnanci,0,3,3
Dinneke,0,3,3
Dinnesh,0,3,3
Dinniëre,0,3,3
Dinnij,0,3,3
Dinnur,3,0,3
Dino-Chun,3,0,3
Dinoël,3,0,3
Dinojan,3,0,3
Dinon,3,0,3
Dinona,3,0,3
Dinond,3,0,3
Dinoo,3,0,3
Dinoor,0,3,3
Dinor,3,0,3
Diñorda,0,3,3
Dinore,0,3,3
Dinorimo,3,0,3
Dinorungelo,3,0,3
Dinoseta,0,3,3
Dinoshan,3,0,3
Dinosius,3,0,3
Dinotius,3,0,3
Dinotre,0,3,3
Dinou,3,0,3
Dinouk,0,3,3
Dinouwra,0,3,3
Dinóvi,3,0,3
Dinoy,3,0,3
Dinquan,3,0,3
Dinrie,0,3,3
Dinrieke,0,3,3
Dins,3,0,3
Dinseline,0,3,3
Dinsimo,3,0,3
Dinsja,0,3,3
Dinske,0,3,3
Dint,0,3,3
Dinter,0,3,3
Dintlhe,0,3,3
Dintrona,3,0,3
Dinty,0,3,3
Dinu,3,0,3
Dinuja,0,3,3
Dinunzenio,3,0,3
Dinushan,3,0,3
Dinushka,0,3,3
Dinuska,3,0,3
Dinvena,0,3,3
Dinvy,0,3,3
Dinyana,0,3,3
Dinyce,0,3,3
Dinye,0,3,3
Dinyla,0,3,3
Dinyra,0,3,3
Dinysa,0,3,3
Dinyta,0,3,3
Dinzer,3,0,3
Dinzey,3,0,3
Dío,3,0,3
Dio-Kazimierz,3,0,3
Dio-Vinté,3,0,3
Dioanne,0,3,3
Diobold,3,0,3
Diocounda,0,3,3
Diocynio,3,0,3
Diodacruz,3,0,3
Diodato,3,0,3
Diodocus,3,0,3
Diodona,0,3,3
Diodore-Eliasz,3,0,3
Diodoro,3,0,3
Diody,0,3,3
Dioeke,0,3,3
Dioeugrethe,0,3,3
Diofanie,3,0,3
Diogen,3,0,3
Diógenes,3,0,3
Diogenus,3,0,3
Dioger,3,0,3
Diogerys,0,3,3
Diolaysa-Tyara,0,3,3
Dioleno,3,0,3
Dioléone,0,3,3
Diolisius,3,0,3
Diolléone,0,3,3
Diomairo,3,0,3
Diomara,0,3,3
Diomarie,0,3,3
Diomary,0,3,3
Diomaryo,3,0,3
Diomarys,0,3,3
Diome,0,3,3
Dioméde,3,0,3
Diomedest,3,0,3
Diomedrix,3,0,3
Diomedus,3,0,3
Diomendes,3,0,3
Diomerd,3,0,3
Diomey,3,0,3
Diomides,3,0,3
Diomira,0,3,3
Diomnys,3,0,3
Diomuelo,3,0,3
Diön,3,0,3
Diôn,0,3,3
Dion-Edward,3,0,3
Dion-Jaime,3,0,3
Dion-Luca,3,0,3
Dion-Maxim,3,0,3
Dion-Michèl,3,0,3
Dion-Nico,3,0,3
Dion-Paul,3,0,3
Dion-René,3,0,3
Dion-Robert,3,0,3
Dion-Terrence,3,0,3
Dion-Valéry,3,0,3
Dionah,0,3,3
Dionairo,3,0,3
Dionaïsa,0,3,3
Dionaisha,0,3,3
Dionangelinia,0,3,3
Dionangelo,3,0,3
Dionarda,0,3,3
Dionardus,3,0,3
Dionata,0,3,3
Dionayli,0,3,3
Dionca,0,3,3
Dioncé,0,3,3
Dionchera,3,0,3
Dioncounda,3,0,3
Díondré,3,0,3
Diondré,3,0,3
Dióne,0,3,3
Dioneeyli,0,3,3
Dioneisha,0,3,3
Dionelle,0,3,3
Dionera,0,3,3
Dionesia,0,3,3
Dionesio,3,0,3
Dionessa,0,3,3
Dionethy,0,3,3
Dionette,0,3,3
Dioneysia,0,3,3
Dionezia,0,3,3
Dionga,3,0,3
Dionia,0,3,3
Dionice,0,3,3
Dioniçe,0,3,3
Dionick,3,0,3
Diónie,3,0,3
Dionielle,3,0,3
Dionies,3,0,3
Dioniese,0,3,3
Dionijsa,0,3,3
Dionila,0,3,3
Dionildo,3,0,3
Dionino,3,0,3
Dionira,0,3,3
Dionischa,0,3,3
Dionishia,0,3,3
Dionishio,3,0,3
Dionisi,3,0,3
Dionisica,0,3,3
Dionisie,0,3,3
Dionísio,3,0,3
DionisioTadeo,3,0,3
Dionisis,3,0,3
Dionissios,3,0,3
Dionissius,3,0,3
Dionisya,0,3,3
Dionisys,3,0,3
Dionit,3,0,3
Dionitia,0,3,3
Dionitsia,0,3,3
Dionixia,0,3,3
Dionizij,3,0,3
Dionkelefa,3,0,3
Dionlix,3,0,3
Dionmar,3,0,3
Dionne-Amira,0,3,3
Dionne-Maria,0,3,3
Dionnearo,3,0,3
Dionnesius,3,0,3
Dionney,0,3,3
Dionnice,0,3,3
Dionnicia,0,3,3
Dionnik,3,0,3
Dionno,3,0,3
Dionnysco,3,0,3
Diono,3,0,3
Dionocio,3,0,3
Dionpaul,3,0,3
Dions,3,0,3
Dionshawnda,0,3,3
Dionshio,3,0,3
Diontè,3,0,3
Dionte,3,0,3
Dionthe,3,0,3
Diontine,0,3,3
Diontré,3,0,3
Dionus,3,0,3
Dionxio,3,0,3
Dionyce,0,3,3
Dionynsia,0,3,3
Dionyo,0,3,3
Dionyshéa,0,3,3
Dionyssios,3,0,3
Dionyssius,3,0,3
Dionyssos,3,0,3
Dionytia,0,3,3
Dionyus,3,0,3
Dionyza,0,3,3
Dioon,3,0,3
Dioor,0,3,3
Diór,0,3,3
Dior'dayna,0,3,3
Dior-Romano,3,0,3
Dïoraa,0,3,3
Dioral,3,0,3
Dioraysha,0,3,3
Diorbelys,0,3,3
Diorciomar,3,0,3
Diordanny,3,0,3
Diordany,3,0,3
Diorden,3,0,3
Diordiomar,3,0,3
Diordon,3,0,3
Diordyson,3,0,3
Diorelis,0,3,3
Diorelly,3,0,3
Dioren,3,0,3
Diorgianna,0,3,3
Diorgina,0,3,3
Diorgiño,3,0,3
Diorissence,0,3,3
Diorissima,0,3,3
Diorissimo,0,3,3
Diorit,3,0,3
Diorn,3,0,3
Diorne,3,0,3
Diorny,0,3,3
Diorpharel,3,0,3
Diorrely,3,0,3
Diory,0,3,3
Diosa,0,3,3
Diosabella,0,3,3
Diosana,0,3,3
Diosander,3,0,3
Diosañgell,3,0,3
Dioscar,3,0,3
Dioscora,0,3,3
Diosdado,3,0,3
Dioselina,0,3,3
Dioselinha,0,3,3
Diosmell,3,0,3
Diosmeri,0,3,3
Diosmeyri,0,3,3
Diosos,3,0,3
Diossa,0,3,3
Diossinio,3,0,3
Diot,3,0,3
Diotimé,0,3,3
Diotina,0,3,3
Diou,0,3,3
Diouana,0,3,3
Diouf,3,0,3
Diouma,3,0,3
Diouratié,3,0,3
Diourdaney,3,0,3
Diovailey,3,0,3
Diovaldey,3,0,3
Diovani,3,0,3
Diovanna,0,3,3
Diovano,3,0,3
Diovaris,3,0,3
Dioveny,3,0,3
Diowella,0,3,3
Dioxis,3,0,3
Dioz,3,0,3
Dioza,0,3,3
Dipacksing,3,0,3
Dipadelvi,0,3,3
Dipakjunior,3,0,3
Dipakkoemar,3,0,3
Dipakraj,3,0,3
Dipanjali,0,3,3
Dipannita,0,3,3
Dipanshu,3,0,3
Dipavati,0,3,3
Dipawali,0,3,3
Dipekh,3,0,3
Dipendra,3,0,3
Dipentanondi,3,0,3
Dipes,3,0,3
Diph,3,0,3
Diphda,0,3,3
Diphek,3,0,3
Diphinia,0,3,3
Diphna,0,3,3
Diphuong,0,3,3
Dipikaa,0,3,3
Dipin,3,0,3
Dipindeep,3,0,3
Dipinti,0,3,3
Dipintie,0,3,3
Diponegoro,3,0,3
Dippy,3,0,3
Dipro,3,0,3
Diqa,0,3,3
Diqaun,3,0,3
Diqencho,3,0,3
Diqion,3,0,3
Diqra,0,3,3
Diqrah,0,3,3
Diquan-Riley,3,0,3
Diquana,0,3,3
Diquèllo,3,0,3
Diquencio,3,0,3
Diquéncio,3,0,3
Diquento,3,0,3
Diquincio,3,0,3
Diquon,3,0,3
Diqwensio,3,0,3
Dir-grit,0,3,3
Dir-Janne,0,3,3
Diradjkoemar,3,0,3
Diradjkumar,3,0,3
Dirah,0,3,3
Diraicho,3,0,3
DiRaigell,3,0,3
Diraino,3,0,3
Dirandus,3,0,3
Diranella,0,3,3
Diranny,0,3,3
Dirano,3,0,3
Diratama,3,0,3
Dirayah,0,3,3
Diraycho,3,0,3
Dirayla,0,3,3
Diraylen,3,0,3
Diraylison,3,0,3
Dirayno,3,0,3
Diraysha,0,3,3
Dirayshalon,3,0,3
Dirayxio,3,0,3
Dirayzah,0,3,3
Dirbora,0,3,3
Dirca,0,3,3
Dircelino,3,0,3
Dircely,0,3,3
Dirceo,3,0,3
Dirchad,3,0,3
Dirciano,3,0,3
Dircienne,0,3,3
Dircio,3,0,3
Dirck-Jan,3,0,3
Dircko,3,0,3
Dirckus,3,0,3
Dircolien,0,3,3
Dircoline,0,3,3
Dirdjen,3,0,3
Dirdrick,3,0,3
Dire,3,0,3
Direcio,3,0,3
Diredj,3,0,3
Direen,0,3,3
Direine,0,3,3
Direk,3,0,3
Direll,3,0,3
Direm,0,3,3
Diremiah,3,0,3
Direndernath,3,0,3
Direndra,3,0,3
Direniś,3,0,3
Direnis,3,0,3
Dirensu,0,3,3
Dirésah,0,3,3
Direshandaily,0,3,3
Diretta,0,3,3
Direymi,0,3,3
Direyo,3,0,3
Dirgham,3,0,3
Diriane,0,3,3
Diriangén,3,0,3
Diriangen,3,0,3
Dirican,3,0,3
Dirichelle,0,3,3
Diriek,3,0,3
Diriel,3,0,3
Diriëlle,0,3,3
Dirienka,0,3,3
Dirietta,0,3,3
Diriëtte,0,3,3
Dirijandi,3,0,3
Dirik,3,0,3
Dirily,0,3,3
Dirim,3,0,3
Dirinderkoemar,3,0,3
Dirinderpersad,3,0,3
Diringe,0,3,3
Dirinkah,0,3,3
Dirissa,0,3,3
Dirix,3,0,3
Diriye,3,0,3
Dirje,0,3,3
Dirjo,3,0,3
Dirjolein,0,3,3
Dirjon,3,0,3
Dirk-Alwin,3,0,3
Dirk-Anton,3,0,3
Dirk-Arie,3,0,3
Dirk-Arjen,3,0,3
Dirk-Bastiaan,3,0,3
Dirk-Bram,3,0,3
Dirk-Can,3,0,3
Dirk-Christiaan,3,0,3
Dirk-Christian,3,0,3
Dirk-Daniël,3,0,3
Dirk-David,3,0,3
Dirk-Elias,3,0,3
Dirk-Erik,3,0,3
Dirk-Ernst,3,0,3
Dirk-Evert,3,0,3
Dirk-Geert,3,0,3
Dirk-Gerrit,3,0,3
Dirk-Hein,3,0,3
Dirk-Hendrikus,3,0,3
Dirk-Henk,3,0,3
Dirk-Herman,3,0,3
Dirk-Hidde,3,0,3
Dirk-Hugo,3,0,3
Dirk-Jakob,3,0,3
Dirk-Jelle,3,0,3
Dirk-Jente,3,0,3
Dirk-Jeroen,3,0,3
Dirk-Jochem,3,0,3
Dirk-Johannis,3,0,3
Dirk-Joost,3,0,3
Dirk-Jorn,3,0,3
Dirk-Jozef,3,0,3
Dirk-Junior,3,0,3
Dirk-Leendert,3,0,3
Dirk-Lennart,3,0,3
Dirk-Linze,3,0,3
Dirk-Martijn,3,0,3
Dirk-Matthé,3,0,3
Dirk-Otto,3,0,3
Dirk-Peter,3,0,3
Dirk-Rijk,3,0,3
Dirk-Rinze,3,0,3
Dirk-Robert,3,0,3
Dirk-Sander,3,0,3
Dirk-Siemen,3,0,3
Dirk-Wim,3,0,3
Dirk-Wytse,3,0,3
Dirkanus,3,0,3
Dirkelientje,0,3,3
Dirken,3,0,3
Dirkerina,0,3,3
Dirkiene,0,3,3
Dirkja,0,3,3
Dirkjanna,0,3,3
Dirkje-Aaltje,0,3,3
Dirkje-Dieuwke,0,3,3
Dirkje-Gijsberta,0,3,3
Dirkje-Janna,0,3,3
Dirkjens,3,0,3
Dirkjohan,3,0,3
Dirkolien,0,3,3
Dirksi,0,3,3
Dirksina,0,3,3
Dirksson,3,0,3
Dirkszn,3,0,3
Dirkz,3,0,3
Dirkzoon,3,0,3
Dirlien,0,3,3
Dirline,0,3,3
Dirmar,0,3,3
Dirmarije,0,3,3
Dirmaro,3,0,3
Dirmia,0,3,3
Dirmke,0,3,3
Dirni,0,3,3
Dirnika,0,3,3
Dirodia,0,3,3
Dirodjo,3,0,3
Diroy,3,0,3
Dirrechie,0,3,3
Dirrena,0,3,3
Dirrian,3,0,3
Dirric,3,0,3
Dirrick,3,0,3
Dirrine,0,3,3
Dirroy,3,0,3
Dirsa,0,3,3
Dirşat,0,3,3
Dirte,0,3,3
Dirtley,3,0,3
Dirtrix,0,3,3
Dirushan,3,0,3
Dirushiya,0,3,3
Dirveille,0,3,3
Dirven,3,0,3
Dirvid,3,0,3
Dirwin,0,3,3
Dirxander,3,0,3
Dirzeo,3,0,3
Dísa,0,3,3
Disah,0,3,3
Disailly,0,3,3
Disaina,0,3,3
Disainy,3,0,3
Disaiya,0,3,3
Disan,3,0,3
Disandro,3,0,3
Disanne,0,3,3
Disannio,3,0,3
Disavio,3,0,3
Disayah,0,3,3
Disayr,0,3,3
Disayro,3,0,3
Disca,0,3,3
Disch,0,3,3
Dischairo,3,0,3
Dischanira,0,3,3
Dischantee,0,3,3
Discharty,0,3,3
Dischena,0,3,3
Dischentaly,0,3,3
Disciple,3,0,3
Disco,3,0,3
Disdir,3,0,3
Dise,0,3,3
Diselencio,3,0,3
Dishaely,0,3,3
Dishailey,0,3,3
Diśhailey,0,3,3
Dishaily,0,3,3
Dishainey,0,3,3
Dishäinha,0,3,3
Dishaini,0,3,3
Dishaira,0,3,3
Dishairano,3,0,3
Dìshairo,3,0,3
Dishaiyro,3,0,3
Dishalainy,0,3,3
Dishali,0,3,3
Dishamelies,0,3,3
Dishanaira,0,3,3
Dishanara,0,3,3
Dishanayra,0,3,3
Dishandrick,3,0,3
Dishané,0,3,3
Dishaniera,0,3,3
Dishanta,3,0,3
Dishantea,0,3,3
Dishanteley,0,3,3
Dishantelly,0,3,3
Dishäntely,0,3,3
Dishanthan,3,0,3
Dishanthely,0,3,3
Dishanti,0,3,3
Dishantley,3,0,3
Dishantly,0,3,3
Dishantro,3,0,3
Dishanvienska,0,3,3
Dishanya,0,3,3
Dishavelly,0,3,3
Dishavenely,0,3,3
Dishaygon,3,0,3
Dishayna,0,3,3
Dishaynelo,3,0,3
Dishayrah,0,3,3
Dishayveno,3,0,3
Dishealion,3,0,3
Disheameley,0,3,3
Disheaney,0,3,3
Dishëilly,0,3,3
Dishëinelly,0,3,3
Disheinio,3,0,3
Disheira,0,3,3
Dishenkoemar,3,0,3
Disheny,0,3,3
Disherello,3,0,3
Dishéro,3,0,3
Dishervaino,3,0,3
Dishervaison,3,0,3
Disheyno,3,0,3
Dishia,0,3,3
Dishika,0,3,3
Dishke,3,0,3
Dishna,0,3,3
Dishnu,3,0,3
Dishumario,3,0,3
Dishyaan,3,0,3
Dishyra,0,3,3
Dishyro,3,0,3
Dishyron,3,0,3
Disila,3,0,3
Disilva,0,3,3
Disin,3,0,3
Disiré,0,3,3
Disire,0,3,3
Disirée,0,3,3
Disireë,0,3,3
Disjandro,3,0,3
Disjiaña,0,3,3
Disjou,0,3,3
Disko,3,0,3
Disla,0,3,3
Disma,0,3,3
Dismylain,0,3,3
Disneida,0,3,3
Disneiry,0,3,3
Disny,3,0,3
Dişo,3,0,3
Disolekele,0,3,3
Disorena,0,3,3
Disphina,0,3,3
Disraely,3,0,3
Dissa,0,3,3
Disseca,0,3,3
Dissel,3,0,3
Disseree,0,3,3
Dissl,0,3,3
Distany,0,3,3
Distephan,3,0,3
Distgül,0,3,3
Disti,0,3,3
Distina,0,3,3
Distiny,0,3,3
Distivano,3,0,3
Distovano,3,0,3
Disty,3,0,3
Distyfano,3,0,3
Ditaisha,0,3,3
Ditalion,3,0,3
Ditaniya,0,3,3
Ditasha,0,3,3
Ditchio,3,0,3
Dité,0,3,3
Ditent,3,0,3
Dithania,0,3,3
Dithard,0,3,3
Dithiano,3,0,3
Dithirin,0,3,3
Dithiya,0,3,3
Dithler,3,0,3
Dithley,0,3,3
Dithmarine,0,3,3
Dithmaro,3,0,3
Dithna,0,3,3
Dithny,0,3,3
Dithwalda,0,3,3
Diti,0,3,3
Ditia,0,3,3
Ditiana,0,3,3
Ditianna,0,3,3
Ditiano,3,0,3
Ditika,0,3,3
Ditil,0,3,3
Ditinuan,0,3,3
Ditirengi,0,3,3
Dititia,0,3,3
Ditiwan,0,3,3
Ditjarno,3,0,3
Ditka,0,3,3
Ditlak,0,3,3
Ditlana,0,3,3
Ditlap,0,3,3
Ditley,0,3,3
Ditmaar,3,0,3
Ditmaas,0,3,3
Ditmara,0,3,3
Ditmare,0,3,3
Ditmitry,0,3,3
Dito-Mauro,3,0,3
Dito-Noël,3,0,3
Díto-Rùben,3,0,3
Ditoa,3,0,3
Ditomasso,3,0,3
Ditosa,0,3,3
Ditresha,0,3,3
Ditrich,3,0,3
Ditroph,3,0,3
Ditsekmas,0,3,3
Ditsia,0,3,3
Ditson,3,0,3
Ditte-Fleur,0,3,3
Ditte-Marit,0,3,3
Ditte-Patricia,0,3,3
Dittea,0,3,3
Ditthe,0,3,3
Ditti,0,3,3
Dittia,0,3,3
Dittje,0,3,3
Ditty-Jannet,0,3,3
Ditutala,0,3,3
Ditwi,0,3,3
Ditya,0,3,3
Ditzah,0,3,3
Ditzaira,0,3,3
Ditziano,3,0,3
Dium,0,3,3
Dįumiy,0,3,3
Diun,3,0,3
Diuna,0,3,3
Diurre,3,0,3
Diuwerd,3,0,3
Diûwerd,3,0,3
Diuwke,0,3,3
Diuwkje,0,3,3
Diva-Nisha,0,3,3
Divada,0,3,3
Divahyo,3,0,3
Divai,3,0,3
Divaica,0,3,3
Divaillo,3,0,3
Divainchéliënne,0,3,3
Divainchélienne,0,3,3
Divainchelly,0,3,3
Divainchery,0,3,3
Divaincio,3,0,3
Divainety,0,3,3
Divainitty,0,3,3
Divainney,0,3,3
Divaïno,3,0,3
Divainoley,3,0,3
Divainyo,3,0,3
Divaira,0,3,3
Divairon,3,0,3
Divaisa,0,3,3
Divaisha,0,3,3
Divaiyno,3,0,3
Divakar,3,0,3
Divakara,0,3,3
Divaldy,3,0,3
Divali-Narsing,0,3,3
Divalice,0,3,3
Divalinya,0,3,3
Divalisha,0,3,3
Divaliyah,0,3,3
Divaly,0,3,3
Divân,3,0,3
Divan-Shely,0,3,3
Divanah,0,3,3
Divanand,3,0,3
Divanchelliy,0,3,3
Divanchelo,3,0,3
Divancho,3,0,3
Divaneay,0,3,3
Divaney,0,3,3
Divangelly,0,3,3
Divangellys,0,3,3
Divangelo,3,0,3
Divanicha,0,3,3
Divanicia,0,3,3
Divanieyo,3,0,3
Divanir,0,3,3
Divanisha,0,3,3
Divaniya,0,3,3
Divanjo,3,0,3
Divannely,0,3,3
Divanshi,0,3,3
Divansley,3,0,3
Divanté,3,0,3
Divanthley,3,0,3
Divanti,3,0,3
Divanty,3,0,3
DivanyaDebie,0,3,3
Divanyio,3,0,3
Divanyo,3,0,3
Divar,3,0,3
Divaraily,0,3,3
Divarcia,0,3,3
Divarenza,0,3,3
Divaro,3,0,3
Divashri,0,3,3
Divava,0,3,3
Divay,3,0,3
Divayah,0,3,3
Divayen,3,0,3
Divayla,0,3,3
Divayn,3,0,3
Divayna,0,3,3
Divaynè,0,3,3
Divaynel,3,0,3
Divaynely,0,3,3
Divaynna,0,3,3
Divaynro,3,0,3
Divayrah,0,3,3
Diveino,3,0,3
Diveka,0,3,3
Divello,3,0,3
Diven,3,0,3
Divena,0,3,3
Divencheley,0,3,3
Divencheno,3,0,3
Divencio,3,0,3
Divendra,3,0,3
Divénshelo,3,0,3
Divenshely,0,3,3
Divensley,3,0,3
Diventley,3,0,3
Divény,0,3,3
Divenzo,3,0,3
Diver,3,0,3
Divèra,0,3,3
Diverah,0,3,3
Diverginia,0,3,3
Diverinio,3,0,3
Diverlina,0,3,3
Diverona,0,3,3
Diverus,3,0,3
Divesha,0,3,3
Diveshsingh,3,0,3
Diveste,0,3,3
Divialy,0,3,3
Divian,3,0,3
Diviani,0,3,3
Diviany,0,3,3
Divica,0,3,3
Divien,3,0,3
Divíën,0,3,3
Diviëna,0,3,3
Divienn,0,3,3
Diviënnely,0,3,3
Divieny,0,3,3
Diviette,3,0,3
Divika,0,3,3
Diviley,0,3,3
Diviliano,3,0,3
Divillio,3,0,3
Divinah,0,3,3
Divindra,3,0,3
Divíne,0,3,3
Divine-Chenoa,0,3,3
Divine-Valentine,0,3,3
Divinefavour,0,3,3
Divinel,3,0,3
Divinepraise,3,0,3
Divinesho,3,0,3
Divinestone,3,0,3
Divinety,0,3,3
Divinewonder,0,3,3
Diviney-Lee,0,3,3
Divinjo,3,0,3
Divinnety,0,3,3
Diviño,3,0,3
Divion,3,0,3
Divirnius,3,0,3
Divish,3,0,3
Divitiae,0,3,3
Divito,3,0,3
Divjanjali,0,3,3
Divmino,3,0,3
Divna,0,3,3
Divona,0,3,3
Divora,0,3,3
Divoto,3,0,3
Divroop,0,3,3
Divven,3,0,3
Divy,3,0,3
Divya-Anand,3,0,3
Divya-Malu,0,3,3
Divya-Ray,0,3,3
Divyaan,3,0,3
Divyadevie,0,3,3
Divyadharshini,0,3,3
Divyakar,3,0,3
Divyana,0,3,3
Divyanca,0,3,3
Divyanish,3,0,3
Divyansh,3,0,3
Divyanti,0,3,3
Divyata,0,3,3
Divyne,3,0,3
Divynha,0,3,3
Divyun,3,0,3
Diwanchand,3,0,3
Diwanda,0,3,3
Diwandja,0,3,3
Diwanshi,0,3,3
Diwany,3,0,3
Diwashree,0,3,3
Diweet,3,0,3
Diwendrepersad,3,0,3
Diwer,3,0,3
Diwera,0,3,3
Diwidie,0,3,3
Diwish,3,0,3
Diwke,0,3,3
Diwneet,3,0,3
Diwoantri,3,0,3
Diwy,0,3,3
Diwya,0,3,3
Diwyakantha,3,0,3
Diwyëkumar,3,0,3
Dixainsche,3,0,3
Dixen,3,0,3
Dixenn,3,0,3
Dixey,3,0,3
Dixiana,0,3,3
Dixie-Melody,0,3,3
Dixke,0,3,3
Dixxie,0,3,3
Diya'in,0,3,3
Diya-Devi,0,3,3
Diya-Eddin,3,0,3
Diya-eddine,3,0,3
Diya-oddien,3,0,3
Diya-Sofiya,0,3,3
Diyaa,0,3,3
Diyâdin,3,0,3
Diyae-el-dine,3,0,3
Diyaedin,3,0,3
Diyaeldien,3,0,3
Diyaeldin,3,0,3
Diyairo,3,0,3
Diyal,3,0,3
Diyalisha,0,3,3
Diyam,3,0,3
Diyamara,0,3,3
Diyanaira,0,3,3
Diyanairo,3,0,3
Diyangi,0,3,3
Diyanira,0,3,3
Diyanisha,0,3,3
Diyann,0,3,3
Diyanto,3,0,3
Diyanwarti,0,3,3
Dîyar,3,0,3
Diyarcan,3,0,3
Diyarnaz,0,3,3
Diyarno,3,0,3
Diyaron,3,0,3
Diyashini,0,3,3
Diyaspoortthi,0,3,3
Diyawan,0,3,3
Diyawatie,0,3,3
Diyáz,3,0,3
Diyazo,3,0,3
Diyè,3,0,3
Diyeallnio,3,0,3
Diyenah,0,3,3
Diyendra,0,3,3
Diyensley,3,0,3
Diyermo,3,0,3
Diyesha,0,3,3
Diyez,0,3,3
Diyja,0,3,3
Diykou,3,0,3
Diyn,3,0,3
Diyna,0,3,3
Diyö,3,0,3
Diyody,3,0,3
Diyomaró,3,0,3
Diyona,0,3,3
Diyoncé,0,3,3
Diyonisia,0,3,3
Diyshan,3,0,3
Diza-Bettien,0,3,3
Dizaiah,3,0,3
Dizaira,0,3,3
Dizane,3,0,3
Dizara,0,3,3
Dizaya,0,3,3
Dizayra,0,3,3
Dizeko,3,0,3
Dizem,0,3,3
Dizen,0,3,3
Dizencio,3,0,3
Dizenso,3,0,3
Dizenzo,3,0,3
Dizia,0,3,3
Diziano,3,0,3
Dizjaïro,3,0,3
Dizjandelmar,3,0,3
Dizjaydison,3,0,3
Dizjwar,3,0,3
Dizma,3,0,3
Dizo,3,0,3
Dizzee,3,0,3
Dizzie,0,3,3
Dja'Aiden,3,0,3
Dja'Micah,3,0,3
Dja-el,3,0,3
Dja-Fayra,0,3,3
Dja-Naisa,0,3,3
Dja-Noah,3,0,3
Dja-Vensley,3,0,3
Djâafar,3,0,3
Djaami,3,0,3
Djaankie,0,3,3
Djaankiedebie,0,3,3
Djaanvi,0,3,3
Djaanwie,0,3,3
Djaasim,3,0,3
Djaba,3,0,3
Djabbaar,3,0,3
Djaben,3,0,3
Djaber,3,0,3
Djabi,3,0,3
Djabieda,0,3,3
Djabien,0,3,3
Djablo,3,0,3
Djaboah,0,3,3
Djáboney,3,0,3
Djabra,3,0,3
Djabraïl,3,0,3
Djaby,3,0,3
Djaçayna,0,3,3
Djáce,3,0,3
Djaceline,0,3,3
Djacey-Lynn,0,3,3
Djachara,0,3,3
Djaci,0,3,3
Djacintha,0,3,3
Djaciph,3,0,3
Djacklynn,0,3,3
Djackson,3,0,3
Djaco,3,0,3
Djacomo,3,0,3
Djad,3,0,3
Djáda,0,3,3
Djada-Yssebella,0,3,3
Djadeé,3,0,3
Djadëzyr,3,0,3
Djadie,0,3,3
Djadja,0,3,3
Djadjah,3,0,3
Djadjaro,3,0,3
Djadje,3,0,3
Djado,3,0,3
Djadoe,3,0,3
Djae'leyvain,3,0,3
Djaë-Leah,0,3,3
Djaé-Lyän,3,0,3
Djaé-Lynn,0,3,3
Djae-Noya,0,3,3
Djaecy,3,0,3
Djaedean,3,0,3
Djaèl,3,0,3
Djaelani,3,0,3
Djaèle,0,3,3
Djaeliyano,3,0,3
Djaélle,0,3,3
Djaelyell,0,3,3
Djaélyn,3,0,3
Djaélynn,0,3,3
Djaena,0,3,3
Djaenab,3,0,3
Djaenne,0,3,3
Djaenne-Mae,0,3,3
Djaeo,3,0,3
Djaéroah,3,0,3
Djaethano,3,0,3
Djaevaili,3,0,3
Djaevaino,3,0,3
Djaevan,3,0,3
Djaevensley,3,0,3
Djaéviën,3,0,3
Djaeysen,3,0,3
Djafaira,0,3,3
Djafaïra,0,3,3
Djafairo,3,0,3
Djafano,3,0,3
Djáfar,3,0,3
Djaferie,0,3,3
Djaferny,3,0,3
Djafeth,3,0,3
Djaffa,3,0,3
Djafharell,3,0,3
Djafhayro,3,0,3
Djafiëro,3,0,3
Djafiro,3,0,3
Djafra,0,3,3
Djagbleokor,0,3,3
Djagesh,3,0,3
Djaghtie,0,3,3
Djagia,0,3,3
Djaginderpersad,3,0,3
Djagindrenath,3,0,3
Djagoan,3,0,3
Djagoumba,0,3,3
Djaguila,0,3,3
Djah'iro,3,0,3
Djah'shaily,0,3,3
Djah-Heem,3,0,3
Djah-Ilaí,3,0,3
Djah-mairo,3,0,3
Djah-Manio,3,0,3
Djah-naiha,0,3,3
Djah-nairo,3,0,3
Djah-Reliz,3,0,3
Djah-Rélly,0,3,3
Djah-Shaily,0,3,3
Djah-vënslly,3,0,3
Djahan-Ara,0,3,3
Djahana,0,3,3
Djahanara,0,3,3
Djahangir,3,0,3
Djaharaï,0,3,3
Djahé,0,3,3
Djaheannely,0,3,3
Djaheem,3,0,3
Djaheev,3,0,3
Djahêl,3,0,3
Djahera,0,3,3
Djahesh,3,0,3
Djaheym,3,0,3
Djahfarel,3,0,3
Djahfell,3,0,3
Djahid-Tarik,3,0,3
Djahida,0,3,3
Djahiema,0,3,3
Djahiersinio,3,0,3
Djahili,3,0,3
Djahill,0,3,3
Djahim,3,0,3
Djahina,0,3,3
Djahinho,3,0,3
Djahini,0,3,3
Djahïre,3,0,3
Djahl,3,0,3
Djahlailah,0,3,3
Djahlaino,3,0,3
Djahlainy,0,3,3
Djahlaisa,0,3,3
Djahlano,3,0,3
Djahlayla,0,3,3
Djahleeza,0,3,3
Djahlesa,0,3,3
Djahlica,0,3,3
Djahlin,0,3,3
Djahlina,0,3,3
Djahlino,3,0,3
Djahlisha,0,3,3
Djahlisyah-Chaya,0,3,3
Djahliya,0,3,3
Djahlor,3,0,3
Djahmaen,3,0,3
Djahmáhlio,3,0,3
Djahmahlio,3,0,3
Djàhmai,0,3,3
Djahmani,3,0,3
Djahmanty,0,3,3
Djahmar,3,0,3
Djahmaro,3,0,3
Djahmayl,3,0,3
Djahmayla,0,3,3
Djahmillah,0,3,3
Djahmira,0,3,3
Djahmoy,3,0,3
Djahnaira,0,3,3
Djahnairon,3,0,3
Djahnaison,3,0,3
Djahnay,3,0,3
Djahneescha,0,3,3
Djahnelo,3,0,3
Djahneyro,3,0,3
Djahneysha,0,3,3
Djahnil,3,0,3
Djahninho,3,0,3
Djahninyo,3,0,3
Djahnira,0,3,3
Djahoumar,3,0,3
Djahrel,3,0,3
Djahrell,3,0,3
Djahrod,3,0,3
Djahrysell,3,0,3
Djahseya,0,3,3
Djahvairo,3,0,3
Djahvanio,3,0,3
Djahvencio,3,0,3
Djahvensley,3,0,3
Djahvensly,3,0,3
Djahvino,3,0,3
Djahvy,3,0,3
Djahwanti,0,3,3
Djahya,0,3,3
Djahyaa,0,3,3
Djahyan,3,0,3
Djahzara,0,3,3
Djai-Mac,3,0,3
Djaiand,3,0,3
Djaiandparkas,3,0,3
Djaiandsing,3,0,3
Djaicely,0,3,3
Djaicey'lynn,0,3,3
Djaicey-Fay,0,3,3
Djaico,3,0,3
Djaïda,0,3,3
Djaïde,0,3,3
Djaidewsing,3,0,3
Djaidey,0,3,3
Djaïdi,0,3,3
Djaido,3,0,3
Djaidon,3,0,3
Djaienne,0,3,3
Djaiënti,0,3,3
Djaïer,3,0,3
Djaier,3,0,3
Djaijankumar,3,0,3
Djaijant,3,0,3
Djaijanti,0,3,3
Djaika,0,3,3
Djaikem,0,3,3
Djaikisoen,3,0,3
Djaikoemar,3,0,3
Djailan,3,0,3
Djailano,3,0,3
Djailary,3,0,3
Djailaya,0,3,3
Djailehnñ,0,3,3
Djaileny,0,3,3
Djailey-Ann,0,3,3
Djailey-Lynn,0,3,3
Djaileya,0,3,3
Djailicia,0,3,3
Djailo,3,0,3
Djaily-Ann,0,3,3
Djailyan,0,3,3
Djailynn,0,3,3
Djailysha,0,3,3
Djaïma,0,3,3
Djaimini,3,0,3
Djaimira,0,3,3
Djaimo,3,0,3
Djaimy-Jayce,3,0,3
Djainabun,0,3,3
Djainap,0,3,3
Djainara,0,3,3
Djainarain,3,0,3
Djaine,0,3,3
Djainem,0,3,3
Djainie,0,3,3
Djainih,0,3,3
Djaiona,0,3,3
Djaiperkas,3,0,3
Djaiperkash,3,0,3
Djairaadj,3,0,3
Djairaaj,3,0,3
Djairadji,0,3,3
Djairalaysa,0,3,3
Djäircinto,3,0,3
Djairel,3,0,3
Djairendo,3,0,3
Djairha,0,3,3
Djaĩro,3,0,3
Djairona,0,3,3
Djaironuel,3,0,3
Djairovanny,3,0,3
Djaïrus,3,0,3
Djaïsa,0,3,3
Djaisand,3,0,3
Djaishri,0,3,3
Djaishrie,0,3,3
Djaisin,0,3,3
Djaising,3,0,3
Djaisingh,3,0,3
Djaisliano,3,0,3
Djaisnely,0,3,3
Djaisneny,0,3,3
Djaisy,0,3,3
Djaith,3,0,3
Djaithel,3,0,3
Djaitjan,3,0,3
Djaitjandre,3,0,3
Djaitkumar,3,0,3
Djaitum,0,3,3
Djaivalinho,3,0,3
Djaiven,3,0,3
Djaiwan,3,0,3
Djaiwant,3,0,3
Djaiwantie,0,3,3
Djaiwensein,3,0,3
Djaiy,3,0,3
Djaiyana,0,3,3
Djaiyantidevi,0,3,3
Djaizen,3,0,3
Djaizy,0,3,3
Djaizz,3,0,3
Djajandkumar,3,0,3
Djajanegara,3,0,3
Djajant,3,0,3
Djajanti,0,3,3
Djajantie,0,3,3
Djajantrie,0,3,3
Djajaresmi,0,3,3
Djajen,0,3,3
Djajindre,3,0,3
Djajintie,0,3,3
Djakariah,3,0,3
Djakaro,3,0,3
Djakdat,3,0,3
Djakdies,3,0,3
Djakelcia,0,3,3
Djakim,3,0,3
Djakko,3,0,3
Djakkos,3,0,3
Djàko,3,0,3
Djakounba,0,3,3
Djalaaloeddien,3,0,3
Djalaïsa,0,3,3
Djalaleddin,3,0,3
Djalaloeddin,3,0,3
Djalan,3,0,3
Djalaya,0,3,3
Djalaysha,0,3,3
Djale,3,0,3
Djaleel,3,0,3
Djaleena,0,3,3
Djaleesh,3,0,3
Djaleisha,0,3,3
Djaleka,0,3,3
Djalen,3,0,3
Djaléna,0,3,3
Djalenah,0,3,3
Djalencio,3,0,3
Djalencyo,3,0,3
Djalensio,3,0,3
Djalensyo,3,0,3
Djalésa,0,3,3
Djaleya,0,3,3
Djaleyna,0,3,3
Djaleyno,3,0,3
Djalfahno,3,0,3
Djalichia,0,3,3
Djalie,0,3,3
Djáliel,3,0,3
Djaliell,3,0,3
Djaliesha,0,3,3
Djalieza,0,3,3
Djalilah,0,3,3
Djalilat,0,3,3
Djalinda,0,3,3
Djalinhio,3,0,3
Djalinho,3,0,3
Djalinia,0,3,3
Djálino,3,0,3
Djalion,3,0,3
Djalissha,0,3,3
Djalisya,0,3,3
Djalisza,0,3,3
Djalitha,0,3,3
Djalitho,3,0,3
Djalito,3,0,3
Djaliviah,0,3,3
Djalize,0,3,3
Djalizka,0,3,3
Djallal,3,0,3
Djallaysa,0,3,3
Djallel,3,0,3
Djalliyaa,0,3,3
Djally,3,0,3
Djalmara,0,3,3
Djalo,0,3,3
Djaloeka,3,0,3
Djaludin,3,0,3
Djaluna,0,3,3
Djalveline,0,3,3
Djalvian-Jaédy,3,0,3
Djalyano,3,0,3
Djalyeel,3,0,3
Djalyenna,0,3,3
Djalyniah,0,3,3
Djalysia,0,3,3
Djam,3,0,3
Djamaai,3,0,3
Djamaaï,3,0,3
Djamaal,3,0,3
Djamad,0,3,3
Djamadikarmin,3,0,3
Djamaèl,3,0,3
Djamahl,3,0,3
Djamaile,3,0,3
Djamaille,3,0,3
Djamailo,3,0,3
Djamain,0,3,3
Djamaina,0,3,3
Djamairah,0,3,3
Djamaïro,3,0,3
Djámal,3,0,3
Djamala,0,3,3
Djamali,3,0,3
Djamalie,3,0,3
Djamall,3,0,3
Djamaly,3,0,3
Djaman,3,0,3
Djamanie,3,0,3
Djamaniyel,3,0,3
Djamantha,0,3,3
Djamanty,0,3,3
Djamany,3,0,3
Djamareau,3,0,3
Djamari,0,3,3
Djamarison,3,0,3
Djamarra,0,3,3
Djamaru,3,0,3
Djamat,3,0,3
Djamayl,3,0,3
Djamayna,0,3,3
Djamayron,3,0,3
Djamdeen,3,0,3
Djame,3,0,3
Djameel,3,0,3
Djamégi,0,3,3
Djameh,0,3,3
Djameisa,0,3,3
Djamel-Eddine,3,0,3
Djameleddine,3,0,3
Djamelí,0,3,3
Djamelica,0,3,3
Djameliya,0,3,3
Djamelle,0,3,3
Djamellia,0,3,3
Djamellsa,0,3,3
Djamëlo,3,0,3
Djamelsio,3,0,3
Djamelsy,0,3,3
Djamelva,0,3,3
Djamelvia,0,3,3
Djamen,3,0,3
Djameni,0,3,3
Djamenio,3,0,3
Djamény,3,0,3
Djameya,0,3,3
Djamida,0,3,3
Djamidin,3,0,3
Djämie,0,3,3
Djamielagatoen,0,3,3
Djamielah,0,3,3
Djamiella,0,3,3
Djamiellaganem,0,3,3
Djamiellio,3,0,3
Djamiën,3,0,3
Djamiero,3,0,3
Djàmila,0,3,3
Djamilagathoen,0,3,3
Djamilagatoen,0,3,3
Djamilano,3,0,3
Djamiley,0,3,3
Djamilh,3,0,3
Djamilha,0,3,3
Djamiliana,0,3,3
Djamïlianó,3,0,3
Djamïlianõ,3,0,3
Djamilius,3,0,3
Djámilla,0,3,3
Djamilla-Erica,0,3,3
Djamilla-Gwen,0,3,3
Djamille,0,3,3
Djamillion,3,0,3
Djaminah,0,3,3
Djaminha,0,3,3
Djamione,0,3,3
Djamiq,3,0,3
Djamirah,0,3,3
Djamiran,0,3,3
Djamirio,3,0,3
Djamiroquai,3,0,3
Djamisah,0,3,3
Djamisha,0,3,3
Djamiya,0,3,3
Djamiyah,0,3,3
Djammaino-Jay,3,0,3
Djammila,0,3,3
Djamnapersad,3,0,3
Djamolyn,3,0,3
Djamonh,3,0,3
Djamoro,3,0,3
Djamoy,3,0,3
Djamu,3,0,3
Djamun,3,0,3
Djamwatie,0,3,3
Djamya,0,3,3
Djamyean,3,0,3
Djamylio,3,0,3
Djamylla,0,3,3
Djamylo,3,0,3
Djamyo,3,0,3
Djamyra,0,3,3
Dján,3,0,3
Djanaat,0,3,3
Djanaë,0,3,3
Djanaï,0,3,3
Djanaica,0,3,3
Djanaila,0,3,3
Djanaily,0,3,3
Djanaisah,0,3,3
Djanaisly,0,3,3
Djanaiva,0,3,3
Djanakdoelarie,0,3,3
Djanal,3,0,3
Djanandtewari,3,0,3
Djanao,3,0,3
Djanaoh,3,0,3
Djanaro,3,0,3
Djanaysa,0,3,3
Djanayshri,0,3,3
Djanayxia,0,3,3
Djanbea,0,3,3
Djanchaay,0,3,3
Djandal,3,0,3
Djandii,3,0,3
Djandji,3,0,3
Djandro,3,0,3
Djandry,3,0,3
Djáne,0,3,3
Djanéa,0,3,3
Djaneal,3,0,3
Djanecy-June,0,3,3
Djanee,0,3,3
Djaneequa,0,3,3
Djaneira,0,3,3
Djaneiro,3,0,3
Djanela-Elena,0,3,3
Djanelia,0,3,3
Djanèll,0,3,3
Djànella,0,3,3
Djanelly,0,3,3
Djanelo,3,0,3
Djanelsya,0,3,3
Djanelva,0,3,3
Djanelwin,3,0,3
Djanely,0,3,3
Djanend,3,0,3
Djanendre,3,0,3
Djaner,3,0,3
Djanerho,3,0,3
Djanett,0,3,3
Djanetta-Sara,0,3,3
Djaneyro,3,0,3
Djanga,0,3,3
Djangco,3,0,3
Djangela,0,3,3
Djangels,3,0,3
Djangesh,3,0,3
Djanggo,3,0,3
Djanghezkhan,3,0,3
Djanghis,3,0,3
Djangkar,3,0,3
Djangko,3,0,3
Djángo,3,0,3
Djania,0,3,3
Djanic,3,0,3
Djanicca,0,3,3
Djanicelle,0,3,3
Djanicha,0,3,3
Djanicio,3,0,3
Djaniel,3,0,3
Djaniene,0,3,3
Djanik,0,3,3
Djanila,0,3,3
Djanilah,0,3,3
Djanillia,0,3,3
Djanillio,3,0,3
Djanillyo,3,0,3
Djanilolee,3,0,3
Djanilsa,0,3,3
Djanilson,3,0,3
Djanim,3,0,3
Djanindjo,3,0,3
Djanini,3,0,3
Djaninna,0,3,3
Djaniny,3,0,3
Djanio,3,0,3
Djaniq,3,0,3
Djaniqua,0,3,3
Djaniszja,0,3,3
Djaniva,0,3,3
Djanjhi,3,0,3
Djanka,3,0,3
Djankie,0,3,3
Djanmar,3,0,3
Djanmedjai,3,0,3
Djanmila,0,3,3
Djann,3,0,3
Djannad,0,3,3
Djannaeth,0,3,3
Djannay,3,0,3
Djanne-Ké,0,3,3
Djanneh,3,0,3
Djannel,3,0,3
Djannelle,0,3,3
Djanneth,0,3,3
Djannetoe,0,3,3
Djannis,3,0,3
Djanniya,0,3,3
Djanó,3,0,3
Djanoä,3,0,3
Djanomar,3,0,3
Djanor,3,0,3
Djanorah,0,3,3
Djanoù,3,0,3
Djanromanio,3,0,3
Djansen,3,0,3
Djansingh,3,0,3
Djansly,0,3,3
Djansu,0,3,3
Djanta,3,0,3
Djantana,3,0,3
Djantha,3,0,3
Djanton,3,0,3
Djanuereline,0,3,3
Djanwi,0,3,3
Djanwie,0,3,3
Djany-Claire,0,3,3
Djanya,0,3,3
Djanycè,0,3,3
Djanycé,0,3,3
Djanylio,3,0,3
Djanyn,0,3,3
Djanysa,0,3,3
Djáo,3,0,3
Djaomi,0,3,3
Djaomie,3,0,3
Djaqilla,0,3,3
Djara-Lynn,0,3,3
Djaraël,3,0,3
Djarai,0,3,3
Djarain,3,0,3
Djaraivo,3,0,3
Djaran,3,0,3
Djaranah,0,3,3
Djarasinyo,3,0,3
Djarate,3,0,3
Djaraya,0,3,3
Djarayley,0,3,3
Djarayo,3,0,3
Djarchoemba,0,3,3
Djarco,3,0,3
Djardano,3,0,3
Djardayno,3,0,3
Djardel,3,0,3
Djardennelijs,0,3,3
Djardi,3,0,3
Djardonnai,3,0,3
Djareen,0,3,3
Djarehsiah,3,0,3
Djarek,3,0,3
Djarelion,3,0,3
Djárell,3,0,3
Djarena,0,3,3
Djarensa,0,3,3
Djarensly,3,0,3
Djareyl,3,0,3
Djarfin,3,0,3
Djaria,3,0,3
Djariatou,0,3,3
Djarifa,0,3,3
Djarijah,0,3,3
Djarinie,0,3,3
Djarink,3,0,3
Djarino,3,0,3
Djarinó,3,0,3
Djarion,3,0,3
Djariou,0,3,3
Djarka,0,3,3
Djarlano,3,0,3
Djarley,3,0,3
Djarlino,3,0,3
Djarlisha,0,3,3
Djarlo,3,0,3
Djarlyna,0,3,3
Djarlyson,3,0,3
Djarmania,0,3,3
Djarmano,3,0,3
Djarmara,0,3,3
Djarmello,3,0,3
Djarmila,0,3,3
Djarmylla,0,3,3
Djarn,3,0,3
Djarnesia,0,3,3
Djarni,3,0,3
Djaró,3,0,3
Djaroach,3,0,3
Djaromin,3,0,3
Djaromir,3,0,3
Djaros,3,0,3
Djaroya,0,3,3
Djarrell,3,0,3
Djarrelton,3,0,3
Djarrin,3,0,3
Djarron,3,0,3
Djaru,3,0,3
Djaruël,3,0,3
Djarum,3,0,3
Djaruz,3,0,3
Djarvi,3,0,3
Djarviënaishely,0,3,3
Djarvinho,3,0,3
Djarvino,3,0,3
Djarwanna,0,3,3
Djarwati,0,3,3
Djarwell,3,0,3
Djarwin,3,0,3
Djarwy,3,0,3
Djaryl,3,0,3
Djaryn,3,0,3
Djarynell,3,0,3
Djaryno,3,0,3
Djasbir,0,3,3
Djascara,0,3,3
Djasen,3,0,3
Djasenda,0,3,3
Djash,3,0,3
Djashaya,3,0,3
Djashovir,3,0,3
Djashuard,3,0,3
Djashwan,3,0,3
Djasian,3,0,3
Djasim,3,0,3
Djasinem,0,3,3
Djásman,3,0,3
Djasman,3,0,3
Djasmanthely,0,3,3
Djasmi,0,3,3
Djasminah,0,3,3
Djasmirrah,0,3,3
Djasnorah,0,3,3
Djasoda,0,3,3
Djasodra,0,3,3
Djason-Jeremy,3,0,3
Djassa,0,3,3
Djassah,0,3,3
Djassie,3,0,3
Djassira,0,3,3
Djasslynn,0,3,3
Djastelynn,0,3,3
Djastie,0,3,3
Djasvin,3,0,3
Djaswankoemar,3,0,3
Djaswansingh,3,0,3
Djaswanth,3,0,3
Djaswantsingh,3,0,3
Djaswardkumar,3,0,3
Djaswin,3,0,3
Djata,3,0,3
Djatá,3,0,3
Djatakscha,0,3,3
Djate,0,3,3
Djati,3,0,3
Djatim,0,3,3
Djatmaja,0,3,3
Djatoen,0,3,3
Djatou,0,3,3
Djatso,3,0,3
Djaty,3,0,3
Djatzia,0,3,3
Djauhara,0,3,3
Djauharabanoe,0,3,3
Djauharin,0,3,3
Djauhary,3,0,3
Djava,0,3,3
Djavahn,3,0,3
Djavailen,3,0,3
Djavairo,3,0,3
Djavais,3,0,3
Djaval,3,0,3
Djavanel,3,0,3
Djavaney,3,0,3
Djavann,3,0,3
Djavanny,3,0,3
Djavano-Remco,3,0,3
Djavar,3,0,3
Djavareno,3,0,3
Djavaughn,3,0,3
Djavayno,3,0,3
Djavayo,3,0,3
Djavelgio,3,0,3
Djavelinho,3,0,3
Djavelli,0,3,3
Djaveni,3,0,3
Djavennety,0,3,3
Djavenny,3,0,3
Djaveno,3,0,3
Djavensley,3,0,3
Djaverd,3,0,3
Djaverly,0,3,3
Djavero,3,0,3
Djaverron,3,0,3
Djaveszo,3,0,3
Djavhentely,0,3,3
Djavi-Yamaine,3,0,3
Djavidan,3,0,3
Djaviënnah,0,3,3
Djaviëno,3,0,3
Djaviero,3,0,3
Djaviliano,3,0,3
Djaville,3,0,3
Djavincely,3,0,3
Djavinci,3,0,3
Djavinho,3,0,3
Djavion,3,0,3
Djavira,0,3,3
Djaviro,3,0,3
Djavonsly,3,0,3
Djavyn,3,0,3
Djawaanie,3,0,3
Djawana,0,3,3
Djawankumar,3,0,3
Djawattie,0,3,3
Djaweh,3,0,3
Djawehly,0,3,3
Djawela,0,3,3
Djaweria,0,3,3
Djawia,0,3,3
Djawid,3,0,3
Djawidahmad,3,0,3
Djawita,0,3,3
Djawitha,0,3,3
Djawitrie,0,3,3
Djawlapersad,3,0,3
Djawni,3,0,3
Djaxxon,3,0,3
Djáy,3,0,3
Djay'andro,3,0,3
Djay'breon,3,0,3
Djay'D,3,0,3
Djay'Lina,0,3,3
Djay-D,3,0,3
Djay-Davey,3,0,3
Djay-Dean,3,0,3
Djay-Delin,0,3,3
Djay-Felicia,0,3,3
Djay-Jay,3,0,3
Djay-layna,0,3,3
Djay-Lee,0,3,3
Djay-lee,0,3,3
Djay-melisa,0,3,3
Djay-na,0,3,3
Djay-Quintin,3,0,3
Djay-Shantly,3,0,3
Djay-Yano,3,0,3
Djayadi,3,0,3
Djayah,3,0,3
Djayairo,3,0,3
Djayam,3,0,3
Djayandkumar,3,0,3
Djayani,0,3,3
Djayano,3,0,3
Djayanta,0,3,3
Djayanto,3,0,3
Djayantpersad,3,0,3
Djayantrie,0,3,3
Djayasakti,3,0,3
Djayben,3,0,3
Djaybie,0,3,3
Djaycé,0,3,3
Djayceley,0,3,3
Djaycéon,3,0,3
Djaychelino,3,0,3
Djayciel,3,0,3
Djayco,3,0,3
Djayda-Devany,0,3,3
Djayde,0,3,3
Djaydee-Jermaine,3,0,3
Djayden-Baris,3,0,3
Djayden-Rivano,3,0,3
Djaydenn,3,0,3
Djaydey,3,0,3
Djaydhen,3,0,3
Djaydin,3,0,3
Djaydison,3,0,3
Djaydjamin,3,0,3
Djaydjay,3,0,3
Djaydoné,3,0,3
Djaydonley,3,0,3
Djayego,3,0,3
Djayeh,3,0,3
Djayëna,0,3,3
Djayend,3,0,3
Djayennah,0,3,3
Djayenti,0,3,3
Djayequin,3,0,3
Djayesh,3,0,3
Djayfayo,3,0,3
Djayfieró,3,0,3
Djaygio,3,0,3
Djayh'lison,3,0,3
Djayhlani,3,0,3
Djayhro,3,0,3
Djayhvilayno,3,0,3
Djayklin,3,0,3
Djaylaa,0,3,3
Djaylah,0,3,3
Djaylandro,3,0,3
Djaylanho,3,0,3
Djaylanio,3,0,3
Djayleigh'Ann,0,3,3
Djayleisha,0,3,3
Djaylencio,3,0,3
Djaylenne,0,3,3
Djaylevano,3,0,3
Djaylï,0,3,3
Djayli-Ann,0,3,3
Djaylia,0,3,3
Djaylicia,0,3,3
Djaylicity,0,3,3
Djaylien,0,3,3
Djayliën,0,3,3
Djaylin-Jade,0,3,3
Djayline,0,3,3
Djayliño,3,0,3
Djaylison,3,0,3
Djayliza,0,3,3
Djaylo,3,0,3
Djaylson,3,0,3
Djayma,0,3,3
Djaymailison,3,0,3
Djaymairo,3,0,3
Djayman,3,0,3
Djaymani,3,0,3
Djaymano,3,0,3
Djaymarson,3,0,3
Djaymel,3,0,3
Djaymelie,0,3,3
Djaymeni,3,0,3
Djaymerrell,3,0,3
Djaymilana,0,3,3
Djaymiliënne,0,3,3
Djaymin,3,0,3
Djaymoh,3,0,3
Djaymy,3,0,3
Djaymz,3,0,3
Djaynanda,3,0,3
Djaynando,3,0,3
Djaynderkumar,3,0,3
Djaynev,3,0,3
Djaynice,0,3,3
Djaynise,0,3,3
Djayon,0,3,3
Djayony,0,3,3
Djayora,0,3,3
Djayordy,3,0,3
Djayquinto,3,0,3
Djayraël,3,0,3
Djayrayleigh,0,3,3
Djayreno,3,0,3
Djayrevaicho,3,0,3
Djayrixon,3,0,3
Djayrow,3,0,3
Djayshairo,3,0,3
Djayshalaysha,0,3,3
Djayshrie,0,3,3
Djaysin,3,0,3
Djaysin-Joëll,3,0,3
Djaysingh,3,0,3
Djaythano,3,0,3
Djayvanëy,3,0,3
Djayvellyn,0,3,3
Djayvellyno,3,0,3
Djayvensson,3,0,3
Djayveron,3,0,3
Djayvey,3,0,3
Djayvienna,0,3,3
Djayvina,0,3,3
Djayvinn,3,0,3
Djayvinno,3,0,3
Djayvion,3,0,3
Djayviyano,3,0,3
Djayzzley,0,3,3
Djaza,3,0,3
Djazayra,0,3,3
Djazdan,3,0,3
Djaze,3,0,3
Djazell,0,3,3
Djazharo,3,0,3
Djazhyr,3,0,3
Djazi,0,3,3
Djaziel,3,0,3
Djaziza,0,3,3
Djazja,3,0,3
Djazly,3,0,3
Djazmey,0,3,3
Djazmin,0,3,3
Djazney,0,3,3
Djazy,0,3,3
Djazz-lynn,0,3,3
Djazz-Myra,0,3,3
Djazza,0,3,3
Djazzelyn,0,3,3
Djazzla,0,3,3
Djazzlaynne,0,3,3
Djazzly,3,0,3
Djazzlynnejay,0,3,3
Djazzmae,0,3,3
Djazzmé,0,3,3
Dje'Liyena,0,3,3
Djé-Djé,0,3,3
Dje-lynn,0,3,3
Dje-Maero,3,0,3
Dje-öl,3,0,3
Dje-Rimo,3,0,3
Dje-vaé,0,3,3
Djé-Vano,3,0,3
Dje-Vaughn,3,0,3
Djea,0,3,3
Djea'lehfino,3,0,3
Djeace,3,0,3
Djeadan,3,0,3
Djeady,3,0,3
Djeago,3,0,3
Djéala,0,3,3
Djealano,3,0,3
Djealayno,3,0,3
Djealee-Ann,0,3,3
Djéalen,3,0,3
Djealena,0,3,3
Djealina,0,3,3
Djealisa,0,3,3
Djeälo,3,0,3
Djealow,0,3,3
Djeamaira,0,3,3
Djéamay,3,0,3
Djeamylla,0,3,3
Djeanah,0,3,3
Djeanaira,0,3,3
Djeandre,3,0,3
Djeandro,3,0,3
Djeanedy,0,3,3
Djeangelo,3,0,3
Djeani,0,3,3
Djeanlyn,0,3,3
Djeannelley,0,3,3
Djeanta,0,3,3
Djeanus,3,0,3
Djeany,3,0,3
Djeanya,0,3,3
Djearah,0,3,3
Djeaslynn,0,3,3
Djeasten,3,0,3
Djeaverón,3,0,3
Djeavey,3,0,3
Djeavley,3,0,3
Djeävon,3,0,3
Djeayeela,0,3,3
Djeaylow,0,3,3
Djeaza,3,0,3
Djebelijna,0,3,3
Djeber,3,0,3
Djebhy,3,0,3
Djebin,3,0,3
Djeblina,0,3,3
Djeby,0,3,3
Djecey,0,3,3
Djechaira,0,3,3
Djechanairo,3,0,3
Djecia,0,3,3
Djecilee,0,3,3
Djecileida,0,3,3
Djecinda,0,3,3
Djecindoh,3,0,3
Djéco,3,0,3
Djedan,3,0,3
Djedanoum,3,0,3
Djeddah,0,3,3
Djedden,3,0,3
Djeddi,3,0,3
Djeddy,3,0,3
Djededaioh,3,0,3
Djedefré,3,0,3
Djedeïon,3,0,3
Djedi-jill,0,3,3
DjéDjé,3,0,3
Djédjé,3,0,3
Djeduan,3,0,3
Djeejay,3,0,3
Djeek,3,0,3
Djeelaino,3,0,3
Djeelie-Liss,0,3,3
Djeeliez,0,3,3
Djeelinn,0,3,3
Djeems,3,0,3
Djeeny,0,3,3
Djees,3,0,3
Djeese,3,0,3
Djeet,3,0,3
Djeewan,3,0,3
Djeey,3,0,3
Djeeynn,0,3,3
Djefaidany,0,3,3
Djefaidi,0,3,3
Djefaino,3,0,3
Djefania,0,3,3
Djefanio,3,0,3
Djéfanyo,3,0,3
Djéfari,3,0,3
Djefaro,3,0,3
Djefaya,0,3,3
Djefayah,0,3,3
Djefayno,3,0,3
Djefayren,3,0,3
Djefaysho,3,0,3
Djefeini,0,3,3
Djefenely,0,3,3
Djefensly,3,0,3
Djefeyno,3,0,3
Djeffaby,3,0,3
Djefflyn,3,0,3
Djeffrin,3,0,3
Djefherai,3,0,3
Djefke,3,0,3
Djefoe,3,0,3
Djefrin,3,0,3
Djefris,3,0,3
Djegane,3,0,3
Djegomar,3,0,3
Djehaan,0,3,3
Djehad,3,0,3
Djehaimy,0,3,3
Djehan,3,0,3
Djehiël,3,0,3
Djehlaysa,0,3,3
Djehnah,0,3,3
Djehnairo,3,0,3
Djehoshua,3,0,3
Djehosua,3,0,3
Djehron,3,0,3
Djeiceline,0,3,3
Djeida,0,3,3
Djeila,0,3,3
Djeilani,3,0,3
Djeimar,3,0,3
Djeinaba,0,3,3
Djeiny,0,3,3
Djeiro,3,0,3
Djeison,3,0,3
Djeiss,3,0,3
Djeja,0,3,3
Djekela,0,3,3
Djekelyne,0,3,3
Djekenchelly,0,3,3
Djekki,3,0,3
Djekkie,0,3,3
Djeky,3,0,3
Djel,3,0,3
Djelaaloeddien,3,0,3
Djelacy,0,3,3
Djelai,0,3,3
Djelaija,0,3,3
Djelain,3,0,3
Djelaina,0,3,3
Djélaino,3,0,3
Djelainy,3,0,3
Djelaisha,0,3,3
Djelaiza,0,3,3
Djélana,0,3,3
Djélani,0,3,3
Djelania,0,3,3
Djelány,3,0,3
Djélany,0,3,3
Djelany-rox,0,3,3
Djèlayah,0,3,3
Djelayen,3,0,3
Djelayo,3,0,3
Djelayssa,0,3,3
Djelayza,0,3,3
Djele,0,3,3
Djelea,0,3,3
Djeleah,0,3,3
Djéleano,3,0,3
Djeleany,0,3,3
Djeleeny,0,3,3
Djeleizha,0,3,3
Djeleka,0,3,3
Djelekha,0,3,3
Djelekhagatoen,0,3,3
Djélen,3,0,3
Djêlena,0,3,3
Djélena,0,3,3
Djelène,0,3,3
Djelenecy,0,3,3
Djeleni,0,3,3
Djeleno,3,0,3
Djèlerica,0,3,3
Djelesto,3,0,3
Djelevanie,0,3,3
Djelexi,0,3,3
Djeleysha,0,3,3
Djeliana,0,3,3
Djelicia,0,3,3
Djeliene,0,3,3
Djelies,3,0,3
Djelieve,3,0,3
Djélin,0,3,3
Djelin,0,3,3
Djélina,0,3,3
Djeline,0,3,3
Djelinio,3,0,3
Djëlinna,0,3,3
Djélinna,0,3,3
Djelino,3,0,3
Djélisa,0,3,3
Djélisabeth,0,3,3
Djelisah,0,3,3
Djelisaira,0,3,3
Djélissa,0,3,3
Djelita,0,3,3
Djelito,3,0,3
Djeliya,0,3,3
Djéliyah,0,3,3
Djeliyana,0,3,3
Djeliza,0,3,3
Djelizah,0,3,3
Djelko,3,0,3
Djella,0,3,3
Djelleroy,3,0,3
Djellina,0,3,3
Djélly,3,0,3
Djellyna,0,3,3
Djélo,0,3,3
Djelon,3,0,3
Djelsey,0,3,3
Djelson,3,0,3
Djélya,0,3,3
Djélynn,0,3,3
Djelynn,0,3,3
Djelysah,0,3,3
Djelysia,0,3,3
Djelyssa,0,3,3
Djelza,0,3,3
Djem-Liam,3,0,3
Djema,0,3,3
Djemaco,3,0,3
Djemadi,3,0,3
Djemae,0,3,3
Djemaero,3,0,3
Djemai,3,0,3
Djemail,3,0,3
Djemaily,0,3,3
Djemaira,0,3,3
Djémairo,3,0,3
Djemajl,3,0,3
Djèmal,3,0,3
Djémale,3,0,3
Djemant,3,0,3
Djemany,0,3,3
Djèmar,3,0,3
Djemar,3,0,3
Djémar,3,0,3
Djemara,0,3,3
Djemarie,3,0,3
Djemarley,3,0,3
Djemaro-Noah,3,0,3
Djemaron,3,0,3
Djemat,3,0,3
Djemayra,0,3,3
Djémayro,3,0,3
Djemaysa,0,3,3
Djemayta,0,3,3
Djembé,3,0,3
Djember,3,0,3
Djembris,0,3,3
Djeme,0,3,3
Djemeda,0,3,3
Djémee,0,3,3
Djemel,3,0,3
Djemel-Eddin,3,0,3
Djemela,0,3,3
Djemelcio,3,0,3
Djemelia,0,3,3
Djemelie,0,3,3
Djemelita,0,3,3
Djemelja,0,3,3
Djemelli,0,3,3
Djemelly,3,0,3
Djemelson,3,0,3
Djemelza,0,3,3
Djémen,3,0,3
Djemenco,3,0,3
Djemeo,3,0,3
Djémes,3,0,3
Djemesa,3,0,3
Djemida,0,3,3
Djémie,3,0,3
Djémiel,3,0,3
Djemiellio,3,0,3
Djemien,3,0,3
Djemil,3,0,3
Djémilah,0,3,3
Djemile,3,0,3
Djemili,0,3,3
Djemilia,0,3,3
Djemiliyah,0,3,3
Djèmilla,0,3,3
Djemillah,0,3,3
Djemily,0,3,3
Djemilyan,3,0,3
Djèmilynn,0,3,3
Djemin,3,0,3
Djemina,0,3,3
Djeminie,0,3,3
Djemino,3,0,3
Djemira,0,3,3
Djemirah,0,3,3
Djemire,3,0,3
Djemisha,0,3,3
Djemke,0,3,3
Djemm,3,0,3
Djemmelza,0,3,3
Djemmie,3,0,3
Djemor,3,0,3
Djemoun,3,0,3
Djemuël,3,0,3
Djémy,3,0,3
Djemylo,3,0,3
Djemyro,3,0,3
Djen-Des,3,0,3
Djen-Lynn,0,3,3
Djenaaya,0,3,3
Djenaba,0,3,3
Djénabou,0,3,3
Djenabu,0,3,3
Djenaero,3,0,3
Djenaeya,0,3,3
Djenah-Soumaya,0,3,3
Djenaia,0,3,3
Djenaih,0,3,3
Djénaillee,0,3,3
Djenaily,0,3,3
Djenaïra,0,3,3
Djénairo,3,0,3
Djènairo,3,0,3
Djenairy,0,3,3
Djenaisha,0,3,3
Djenaishely,0,3,3
Djenaively,0,3,3
Djenal,3,0,3
Djenaliah,0,3,3
Djenana,0,3,3
Djenandro,3,0,3
Djénara,0,3,3
Djenario,3,0,3
Djenarmo,3,0,3
Djènaya,0,3,3
Djenayah,0,3,3
Djénayah,0,3,3
Djenayda,0,3,3
Djenaydi,0,3,3
Djénayo,3,0,3
Djenayrell,3,0,3
Djenayrha,0,3,3
Djenaysha,0,3,3
Djenayza,0,3,3
Djencley,3,0,3
Djency,3,0,3
Djendie,3,0,3
Djendo,3,0,3
Djendroe,3,0,3
Djéne,0,3,3
Djene,0,3,3
Djeneal,3,0,3
Djénéba,0,3,3
Djeneida,0,3,3
Djeneira,0,3,3
Djenel,3,0,3
Djenella,0,3,3
Djenella-Ann,0,3,3
Djenelly,0,3,3
Djenera,0,3,3
Djenérino,3,0,3
Djenesis,0,3,3
Djenéva,0,3,3
Djenez,0,3,3
Djeng,3,0,3
Djenges,3,0,3
Djenghiz,3,0,3
Djengish,3,0,3
Djenha,0,3,3
Djéni,0,3,3
Djeni-Lynn,0,3,3
Djeniah,0,3,3
Djeniairo,3,0,3
Djeniba,0,3,3
Djénica,0,3,3
Djenicia,0,3,3
Djenida,0,3,3
Djénie,0,3,3
Djeniëllio,3,0,3
Djenifa,0,3,3
Djenih,3,0,3
Djenildo,3,0,3
Djenilo,3,0,3
Djenina,0,3,3
Djenini,3,0,3
Djenino,3,0,3
Djenique,3,0,3
Djénisa,0,3,3
Djenisia,0,3,3
Djenissa,0,3,3
Djeniz,3,0,3
Djenja,0,3,3
Djenkco,3,0,3
Djenko,3,0,3
Djenna-Amber,0,3,3
Djenna-Deen,0,3,3
Djenna-Liyaah,0,3,3
Djenna-Louisa,0,3,3
Djenna-Mae,0,3,3
Djennaba,0,3,3
Djennaley,0,3,3
Djennaley-Rose,0,3,3
Djennaly,0,3,3
Djennan,3,0,3
Djènné,0,3,3
Djennefer,0,3,3
Djennelaisa,0,3,3
Djenneley,0,3,3
Djennelly,0,3,3
Djennely's,0,3,3
Djennén,3,0,3
Djennensley,3,0,3
Djennerino,3,0,3
Djenneron,3,0,3
Djénnes,0,3,3
Djennessy,0,3,3
Djennha,0,3,3
Djennies,0,3,3
Djenniffer,0,3,3
Djennique,0,3,3
Djennish,0,3,3
Djènny,0,3,3
Djennyfer,0,3,3
Djènoa,0,3,3
Djenoh,3,0,3
Djenólan,3,0,3
Djenomy,3,0,3
Djenorah,0,3,3
Djenore,0,3,3
Djenova,0,3,3
Djenro,3,0,3
Djens,3,0,3
Djenseley,3,0,3
Djensen,0,3,3
Djensey,0,3,3
Djensie,0,3,3
Djensleyano,3,0,3
Djenssily,3,0,3
Djensy,0,3,3
Djent,3,0,3
Djentali,0,3,3
Djenté,3,0,3
Djenteney,3,0,3
Djentezio,3,0,3
Djenthan,3,0,3
Djenthe,0,3,3
Djènti,3,0,3
Djentie,0,3,3
Djentina,0,3,3
Djentl,3,0,3
Djentli,0,3,3
Djenty,0,3,3
Djény,0,3,3
Djenysa,0,3,3
Djenyse,0,3,3
Djenyvo,3,0,3
Djenz,3,0,3
Djenzelo,3,0,3
Djenzie,0,3,3
Djenzio,3,0,3
Djenzo,3,0,3
Djenzon,3,0,3
Djenzyl,3,0,3
Djeo,3,0,3
Djeomairo,3,0,3
Djéonny,0,3,3
Djephaniah,3,0,3
Djèphiën,3,0,3
Djepp,3,0,3
Djequin,3,0,3
Djer,3,0,3
Djera,0,3,3
Djeraely,3,0,3
Djerai,3,0,3
Djeraily,3,0,3
Djeraisa,0,3,3
Djeraisha,0,3,3
Djeraiya,3,0,3
Djeral,3,0,3
Djeralld,3,0,3
Djèramày,3,0,3
Djeramayah,3,0,3
Djéramy,3,0,3
Djerana,0,3,3
Djeranda,0,3,3
Djerandy,3,0,3
Djeranemo,3,0,3
Djèranie,0,3,3
Djérano,3,0,3
Djeravian,3,0,3
Djerayson,3,0,3
Djerby,3,0,3
Djercinjo,3,0,3
Djerdaly,0,3,3
Djerdeney,0,3,3
Djerdis,3,0,3
Djerdy,3,0,3
Djerehna,0,3,3
Djerelaysa,0,3,3
Djerelia,0,3,3
Djereliyah,0,3,3
Djerelsio,3,0,3
Djerelto,3,0,3
Djeremay,3,0,3
Djeremias,3,0,3
Djeremie,3,0,3
Djéreno,3,0,3
Djerenzio,3,0,3
Djerenzzo,3,0,3
Djereylio,3,0,3
Djerf,3,0,3
Djerhin,0,3,3
Djerho,3,0,3
Djerie,0,3,3
Djeriena,0,3,3
Djerilyano,3,0,3
Djerin,0,3,3
Djerino,3,0,3
Djérion,3,0,3
Djeriska,0,3,3
Djerissa,0,3,3
Djerivio,3,0,3
Djerk,3,0,3
Djerlie,3,0,3
Djermanio,3,0,3
Djermany,3,0,3
Djermayne,3,0,3
Djermery,3,0,3
Djermey,3,0,3
Djermi,3,0,3
Djermie,3,0,3
Djermil,3,0,3
Djermilah,0,3,3
Djermilio,3,0,3
Djermilla,0,3,3
Djerminio,3,0,3
Djermmy,3,0,3
Djérmo,3,0,3
Djerna,0,3,3
Djernay,3,0,3
Djernell,3,0,3
Djernello,3,0,3
Djernesto,3,0,3
Djèro,3,0,3
Djeromar,3,0,3
Djeromay,3,0,3
Djérome,3,0,3
Djerome,3,0,3
Djeromena,0,3,3
Djeromey,0,3,3
Djeromy,3,0,3
Djeron,3,0,3
Djèron,3,0,3
Djerona,0,3,3
Djèrone,3,0,3
Djeroon,3,0,3
Djerrailly,0,3,3
Djerran,3,0,3
Djerreld,3,0,3
Djerrelee,0,3,3
Djerri,3,0,3
Djerrie,3,0,3
Djerrilio,3,0,3
Djerrin,3,0,3
Djerro,3,0,3
Djerroll,3,0,3
Djerrylaissa,0,3,3
Djersey,0,3,3
Djersino,3,0,3
Djeru,3,0,3
Djeruza,0,3,3
Djervelle,3,0,3
Djervi,3,0,3
Djervino,3,0,3
Djery,3,0,3
Djerzinyo,3,0,3
Djerzy,3,0,3
Djès'Lyn,0,3,3
Djesäi,3,0,3
Djésaijah,0,3,3
Djesairo,3,0,3
Djesaiya,3,0,3
Djesaloh,3,0,3
Djesano,3,0,3
Djesarinio,3,0,3
Djescho,3,0,3
Djesden,3,0,3
Djeseley,0,3,3
Djeselinio,3,0,3
Djesely,3,0,3
Djeselyne,0,3,3
Djesenia,0,3,3
Djeser,3,0,3
Djeserin,0,3,3
Djesey,3,0,3
Djeshanteley,0,3,3
Djeshantelly,0,3,3
Djesharo,3,0,3
Djeshayden,3,0,3
Djèshelly,0,3,3
Djeshendley,3,0,3
Djeshra,0,3,3
Djeshwin,3,0,3
Djeshyia,0,3,3
Djesijno,3,0,3
Djesika,0,3,3
Djesileey,0,3,3
Djesilian,3,0,3
Djesinio,3,0,3
Djesko,3,0,3
Djeslee,0,3,3
Djesleen,0,3,3
Djesley-Jay,0,3,3
Djesley-Ray,3,0,3
Djeslien,0,3,3
Djeslin-Jane,0,3,3
Djeslina,0,3,3
Djeslyne,0,3,3
Djesmaé,0,3,3
Djesman,0,3,3
Djesmé,0,3,3
Djesmedé,0,3,3
Djesmée,0,3,3
Djesmeé,0,3,3
Djesmey,0,3,3
Djèsmin,0,3,3
Djesmina,0,3,3
Djesmon,3,0,3
Djesmynn,0,3,3
Djesnie,0,3,3
Djesny,0,3,3
Djesra,3,0,3
Djesrai,3,0,3
Djesraiyenna,0,3,3
Djessaiano,3,0,3
Djessalyn,0,3,3
Djessamy,0,3,3
Djesse-Jeffrey,3,0,3
Djessebel,0,3,3
Djessen,3,0,3
Djessenia,0,3,3
Djesshenie,0,3,3
Djèssica,0,3,3
Djèssie,0,3,3
Djessie-Jay,3,0,3
Djessij,0,3,3
Djessika,0,3,3
Djessil,3,0,3
Djessilá,0,3,3
Djesslinn,0,3,3
Djessmae,0,3,3
Djesso,3,0,3
Djèssy,0,3,3
Djessy-chung,3,0,3
Djessy-Djay,3,0,3
Djessy-Lex,3,0,3
Djessyca,0,3,3
Djestely,0,3,3
Djesteny,0,3,3
Djesther,3,0,3
Djestiny,3,0,3
Djeswant,3,0,3
Djeswhen,3,0,3
Djesyllia,0,3,3
Djesz,0,3,3
Djeszlyn,0,3,3
Djeszlyne,0,3,3
Djeszmay,0,3,3
Djeszy,0,3,3
Djet,3,0,3
Djethel,3,0,3
Djethry,0,3,3
Djetindra,3,0,3
Djetley,3,0,3
Djettah,0,3,3
Djeudonné,3,0,3
Djeurmy,0,3,3
Djeusminde,0,3,3
Djeuvun,3,0,3
Djeuwke,0,3,3
Djev,3,0,3
Djèva,0,3,3
Djevaiana,0,3,3
Djevailey,3,0,3
Djevain,3,0,3
Djevaina,0,3,3
Djevainleyson,3,0,3
Djévaino,3,0,3
Djevainy,0,3,3
Djévaira,0,3,3
Djevaishelley,0,3,3
Djevána,0,3,3
Djevancley,3,0,3
Djevandy,3,0,3
Djévaney,3,0,3
Djévaneya,0,3,3
Djevaneya,0,3,3
Djèvani,3,0,3
Djevani-Mae,0,3,3
Djevania,0,3,3
Djevanito,3,0,3
Djévanna,0,3,3
Djévanni,3,0,3
Djèvanni,3,0,3
Djévany,3,0,3
Djévanyo,3,0,3
Djevara,0,3,3
Djevaughn,3,0,3
Djèvaya,0,3,3
Djevaynio,3,0,3
Djevayno,3,0,3
Djévelino,3,0,3
Djevenchley,3,0,3
Djevenci,3,0,3
Djevendro,3,0,3
Djevenedy,3,0,3
Djeveneyo,3,0,3
Djevenie,3,0,3
Djevenna,0,3,3
Djevenny,3,0,3
Djevenselino,3,0,3
Djevenshio,3,0,3
Djevénsly,3,0,3
Djeveny,3,0,3
Djévi,3,0,3
Djeviani,3,0,3
Djevianie,0,3,3
Djéviano,3,0,3
Djevica,0,3,3
Djeviën,3,0,3
Djeviënna,0,3,3
Djevilin,0,3,3
Djévin,3,0,3
Djevina,0,3,3
Djevinio,3,0,3
Djévo,3,0,3
Djevón,3,0,3
Djevri,3,0,3
Djévy,0,3,3
Djew,3,0,3
Djéwan,3,0,3
Djewanna,0,3,3
Djewel,0,3,3
Djewelyn,0,3,3
Djewemy,0,3,3
Djewencio,3,0,3
Djewendley,3,0,3
Djewey,3,0,3
Djex-Ray,3,0,3
Djexs,3,0,3
Djey-Jay,3,0,3
Djeya,0,3,3
Djeyankoemar,3,0,3
Djeyano,3,0,3
Djeychairo,3,0,3
Djeydan,3,0,3
Djeyden,3,0,3
Djéyden,3,0,3
Djeydy,3,0,3
Djeyen,3,0,3
Djeyent,3,0,3
Djeyfaniah,3,0,3
Djeyin,3,0,3
Djéyla,0,3,3
Djeylan,0,3,3
Djeylana,0,3,3
Djéylana,0,3,3
Djéylano,3,0,3
Djeylano,3,0,3
Djeyleno,3,0,3
Djeylicio,3,0,3
Djeyliena,0,3,3
Djéylina,0,3,3
Djeylinn,0,3,3
Djeylisha,0,3,3
Djeylissa,0,3,3
Djeymairoh,3,0,3
Djeymar,3,0,3
Djeyneba,0,3,3
Djeynnah,0,3,3
Djeynoah,3,0,3
Djeynora,0,3,3
Djeyrell,3,0,3
Djeyrymar,3,0,3
Djeysin,3,0,3
Djeyvaires,3,0,3
Djeyvan,3,0,3
Djeyvanio,3,0,3
Djeyvano,3,0,3
Djéyvano,3,0,3
Djeyvin,3,0,3
Djēz,3,0,3
Djéz,3,0,3
Djez-Lin,0,3,3
Djezaja,3,0,3
Djezay,3,0,3
Djezeley,3,0,3
Djezelynn,0,3,3
Djezen,3,0,3
Djezera,0,3,3
Djezey,3,0,3
Djèzi,3,0,3
Djeźiämo,3,0,3
Djezian,3,0,3
Djezlin,0,3,3
Djezmin,0,3,3
Djezni,3,0,3
Djeznie,0,3,3
Djezno,3,0,3
Djezra,3,0,3
Djezyra,0,3,3
Djezz-Monde,3,0,3
Djezz-Rae,3,0,3
Djezza,0,3,3
Djezzabel,0,3,3
Djezze,3,0,3
Djezzebel,0,3,3
Djezzey,0,3,3
Djezzlynn,0,3,3
Djezzy-Jane,0,3,3
Djezzylinn,0,3,3
Djhalisa,0,3,3
Djhami,3,0,3
Djharanski,3,0,3
Djhasdény,0,3,3
Djheaven,3,0,3
Djheno,3,0,3
Djhino,3,0,3
Djhon,3,0,3
Djhonny,3,0,3
Djhwan,3,0,3
Dji'biguk,3,0,3
Dji-He,3,0,3
Djiaan,3,0,3
Djiago,3,0,3
Djiana,0,3,3
Djiangelo,3,0,3
Djiani,0,3,3
Djianne,0,3,3
Djianni,3,0,3
Djianno,3,0,3
Djïano,3,0,3
Djianoh,3,0,3
Djiany,0,3,3
Djiar,3,0,3
Djiara,0,3,3
Djibbi,3,0,3
Djibi,3,0,3
Djibraïl,3,0,3
Djibrail,3,0,3
Djibran,3,0,3
Djibreel,3,0,3
Djibrella,0,3,3
Djibriël,3,0,3
Djibriel-Irfaan,3,0,3
Djibrilla,0,3,3
Djica,3,0,3
Djidade,3,0,3
Djidde,3,0,3
Djidjia,0,3,3
Djidjilore,0,3,3
Djidjoe,3,0,3
Djidjoho,3,0,3
Djidoula,3,0,3
Djiebe,0,3,3
Djiebriel,3,0,3
Djiègo,3,0,3
Djiek,3,0,3
Djielana,0,3,3
Djielayla,0,3,3
Djiellanie,3,0,3
Djiellinio,3,0,3
Djiemento,3,0,3
Djiën,3,0,3
Djien-Gie,3,0,3
Djienatkatoen,0,3,3
Djienay,0,3,3
Djiencionnairo,3,0,3
Djiendell,3,0,3
Djienéshka,0,3,3
Djiënna,0,3,3
Djiennailykha,0,3,3
Djiensley,3,0,3
Djieny,0,3,3
Djieran,3,0,3
Djierro,3,0,3
Djieshayna,0,3,3
Djiesjoani,0,3,3
Djiesto,3,0,3
Djietano,3,0,3
Djietindernarainsingh,3,0,3
Djietnarain,3,0,3
Djietsing,3,0,3
Djieudonne,3,0,3
Djieuke,0,3,3
Djieuwa,0,3,3
Djieuwe,3,0,3
Djieuwerke,0,3,3
Djieuwragen,3,0,3
Djievairo,3,0,3
Djievana,0,3,3
Djievano,3,0,3
Djievano-Sonnekay,3,0,3
Djievenzenhe,0,3,3
Djiewān,3,0,3
Djieyano,3,0,3
Djifa,3,0,3
Djigael,3,0,3
Djigal,3,0,3
Djigo,3,0,3
Djigui,3,0,3
Djihad,0,3,3
Djihane,0,3,3
Djihfhoe,3,0,3
Djijö,3,0,3
Djikam,0,3,3
Djike,0,3,3
Djikki,0,3,3
Djilaino,3,0,3
Djílan,3,0,3
Djilane,3,0,3
Djilanio,3,0,3
Djïlano,3,0,3
Djilano-Jay,3,0,3
Djilaro,3,0,3
Djilayna,0,3,3
Djilaysha,0,3,3
Djilcey,0,3,3
Djildauw,0,3,3
Djileandro,3,0,3
Djileila,0,3,3
Djilèn,0,3,3
Djileno,3,0,3
Djiley,3,0,3
Djilhaini,3,0,3
Djilhano,3,0,3
Djilia,0,3,3
Djilina,0,3,3
Djilio,3,0,3
Djilla,0,3,3
Djillany,0,3,3
Djillen,3,0,3
Djilles,3,0,3
Djillevany,0,3,3
Djillia,0,3,3
Djillie,0,3,3
Djillina,0,3,3
Djillisha,0,3,3
Djillsa,0,3,3
Djilmyna,0,3,3
Djilou,0,3,3
Djilsie,0,3,3
Djilvanny,3,0,3
Djilvano,3,0,3
Djilviën,0,3,3
Djilvina,0,3,3
Djilyan,3,0,3
Djilze,0,3,3
Djimaima,0,3,3
Djimaïra,0,3,3
Djimaira,0,3,3
Djimäiro,3,0,3
Djimairon,3,0,3
Djimarha,0,3,3
Djimaryion,3,0,3
Djimat,3,0,3
Djimayra,0,3,3
Djimé,3,0,3
Djimelly,3,0,3
Djimenay,0,3,3
Djimila,0,3,3
Djiminy,3,0,3
Djimiro,3,0,3
Djimm,3,0,3
Djimma,0,3,3
Djimme,3,0,3
Djimmer-Jan,3,0,3
Djimmert,3,0,3
Djimmin,3,0,3
Djimmy-Jay,3,0,3
Djimoen,3,0,3
Djimón,3,0,3
Djina-Marie,0,3,3
Djinaan,0,3,3
Djinaila,0,3,3
Djinailo,3,0,3
Djinaily,0,3,3
Djinaïro,3,0,3
Djinat,0,3,3
Djinckx,3,0,3
Djindersingh,3,0,3
Djindjee,0,3,3
Djindy,0,3,3
Djinen,0,3,3
Djineo,3,0,3
Djingli,3,0,3
Djingy,0,3,3
Djininio,3,0,3
Djinintou,0,3,3
Djinja,0,3,3
Djinks,0,3,3
Djinnata,0,3,3
Djinni,0,3,3
Djinno,3,0,3
Djinoah,3,0,3
Djinoh,3,0,3
Djinsley,0,3,3
Djinthayro,3,0,3
Djintri,3,0,3
Djinu,3,0,3
Djiomairo,3,0,3
Djion,3,0,3
Djiona,0,3,3
Djioney,3,0,3
Djionielson,3,0,3
Djior,3,0,3
Djiorgiña,0,3,3
Djiorna,0,3,3
Djiorro,3,0,3
Djiraimo,3,0,3
Djiraiyah,3,0,3
Djirano,3,0,3
Djirayley,3,0,3
Djirco,3,0,3
Djirena,0,3,3
Djirk,3,0,3
Djirnie,0,3,3
Djirny,0,3,3
Djirona,0,3,3
Djirze,3,0,3
Djisaicani,0,3,3
Djisenia,0,3,3
Djishainy,0,3,3
Djishairo,3,0,3
Djishanio,3,0,3
Djishano,3,0,3
Djismarai,0,3,3
Djismerai,0,3,3
Djisri,0,3,3
Djit,0,3,3
Djitenderdath,3,0,3
Djitendra,3,0,3
Djitinkumar,3,0,3
Djito,3,0,3
Djitro,3,0,3
Djitza,3,0,3
Djitzen,3,0,3
Djivanah,0,3,3
Djivanna,0,3,3
Djivanni,3,0,3
Djivarro,3,0,3
Djivenna,0,3,3
Djívenny,0,3,3
Djivey,3,0,3
Djivin,3,0,3
Djiwano,3,0,3
Djiwika,0,3,3
Djix-Jones,0,3,3
Djixxe,3,0,3
Djiyan,3,0,3
Djiyedjome,3,0,3
Djiyem,0,3,3
Djiyenn,3,0,3
Djiyenna,0,3,3
Djiyoo,3,0,3
Djizé,0,3,3
Djlana,0,3,3
Djlangelo,3,0,3
Djlexius,0,3,3
Djnaba,0,3,3
Djnairo,3,0,3
Djo-Ann,0,3,3
Djo-Dyhn,3,0,3
Djö-Wensly,3,0,3
Djoa-Dean,3,0,3
Djoaa,0,3,3
Djoahquin,3,0,3
Djoamena,3,0,3
Djoàn,0,3,3
Djoána,0,3,3
Djoaney,0,3,3
Djoani,3,0,3
Djoanita,0,3,3
Djoann,0,3,3
Djoannah,0,3,3
Djoara,0,3,3
Djoayne,0,3,3
Djobel,0,3,3
Djobey,3,0,3
Djobi,0,3,3
Djoca,0,3,3
Djocca,3,0,3
Djocelyn,0,3,3
Djocey,0,3,3
Djochianey,0,3,3
Djoci,0,3,3
Djodecy,3,0,3
Djodison,3,0,3
Djodjie,3,0,3
Djodjo,0,3,3
Djodtie,0,3,3
Djoea,3,0,3
Djoearijah,0,3,3
Djoebair,3,0,3
Djoebellina,0,3,3
Djoedie,0,3,3
Djoedjoe,0,3,3
Djoedy,0,3,3
Djoehadi,3,0,3
Djoehannah,0,3,3
Djoeike,0,3,3
Djoek,3,0,3
Djoeki,0,3,3
Djoekie,0,3,3
Djoeky,3,0,3
Djoeleah,0,3,3
Djoëli,0,3,3
Djoelia,0,3,3
Djoélias,3,0,3
Djoeliëne,0,3,3
Djoelja,0,3,3
Djoèlla,0,3,3
Djoels,3,0,3
Djoely,0,3,3
Djoély,0,3,3
Djoemadie,3,0,3
Djoemairah,0,3,3
Djoemakir,3,0,3
Djoemandoe,3,0,3
Djoemano,3,0,3
Djoemian,3,0,3
Djoemieni,0,3,3
Djoemijah,0,3,3
Djoemini,0,3,3
Djoeminie,0,3,3
Djoemsa,3,0,3
Djoemsari,3,0,3
Djoémy,0,3,3
Djoen-Sen,3,0,3
Djoenaysa,0,3,3
Djoeneidith,3,0,3
Djoeng,3,0,3
Djoenila,0,3,3
Djoeny,3,0,3
Djoerdi,3,0,3
Djoerdina,0,3,3
Djoerdtje,0,3,3
Djoerhia,0,3,3
Djoes,3,0,3
Djoesha,3,0,3
Djoeska,0,3,3
Djoeske,0,3,3
Djoestina,0,3,3
Djoevany,3,0,3
Djoewairia,0,3,3
Djoewairija,0,3,3
Djoewairiya,0,3,3
Djoewairiyyah,0,3,3
Djoewalapersad,3,0,3
Djoewari,3,0,3
Djoewarijja,0,3,3
Djoewarina,0,3,3
Djoewarja,0,3,3
Djoewayriyah,0,3,3
Djoewe,3,0,3
Djoewi,3,0,3
Djoewon,3,0,3
Djofanny,3,0,3
Djoffra,3,0,3
Djoffrey,3,0,3
Djoffry,3,0,3
Djofhen,3,0,3
Djofr,3,0,3
Djofre,3,0,3
Djogga,3,0,3
Djogieta,0,3,3
Djoginderpersad,3,0,3
Djogirno,3,0,3
Djoh,3,0,3
Djoha,3,0,3
Djohanny,3,0,3
Djohey,3,0,3
Djohlapersad,3,0,3
Djôhney,0,3,3
Djohnie,3,0,3
Djohra,0,3,3
Djohrell,3,0,3
Djohwy,3,0,3
Djohy,0,3,3
Djoia,0,3,3
Djoica,0,3,3
Djoie,3,0,3
Djoij,3,0,3
Djoïna,0,3,3
Djoiska,0,3,3
Djojah,0,3,3
Djojo,3,0,3
Djojodipoero,3,0,3
Djojoe,0,3,3
Djoki,3,0,3
Djokke,3,0,3
Djolaija,3,0,3
Djolaine,0,3,3
Djolan,0,3,3
Djolanda,0,3,3
Djolara,0,3,3
Djolé,0,3,3
Djolée,0,3,3
Djolein,0,3,3
Djolencio,3,0,3
Djolènne,0,3,3
Djoliba,0,3,3
Djolicia,0,3,3
Djolly,0,3,3
Djoloh,3,0,3
Djoly,0,3,3
Djolyna,0,3,3
Djomai,3,0,3
Djomailey,3,0,3
Djomairon,3,0,3
Djomalia,0,3,3
Djoman,3,0,3
Djomana,0,3,3
Djomano,3,0,3
Djomarah,0,3,3
Djómarley,3,0,3
Djomay,0,3,3
Djomayro,3,0,3
Djomé,3,0,3
Djomecia,0,3,3
Djomeredhit,0,3,3
Djomerleyson,3,0,3
Djomi,0,3,3
Djomie,0,3,3
Djomiene,0,3,3
Djomo,0,3,3
Djon-Jan,3,0,3
Djon-Martin,3,0,3
Djonai,3,0,3
Djonaid,3,0,3
Djonatello,3,0,3
Djonayley,0,3,3
Djonayvion,3,0,3
Djonesaba,0,3,3
Djoney,3,0,3
Djonice,0,3,3
Djonin,0,3,3
Djoninio,3,0,3
Djoniño,3,0,3
Djonise,0,3,3
Djonita,0,3,3
Djonitho,3,0,3
Djonlee,3,0,3
Djonne,3,0,3
Djonni,3,0,3
Djonovhy,3,0,3
Djonsa,3,0,3
Djoody,0,3,3
Djools,0,3,3
Djoolz,0,3,3
Djoowslien,0,3,3
Djooz,3,0,3
Djoplin,0,3,3
Djor-Gina,0,3,3
Djoraino,3,0,3
Djoram,3,0,3
Djorando,3,0,3
Djorani,3,0,3
Djoraya,0,3,3
Djoraysho,3,0,3
Djorchy,3,0,3
Djorck,3,0,3
Djordano,3,0,3
Djordee,3,0,3
Djörden,3,0,3
Djordinio,3,0,3
Djordjani,3,0,3
Djordjević,0,3,3
Djordjho,3,0,3
Djordji,3,0,3
Djordun,3,0,3
Djordynel,3,0,3
Djorécio,3,0,3
Djoreno,3,0,3
Djorenthly,3,0,3
Djoreth,3,0,3
Djorfino,3,0,3
Djorg,3,0,3
Djorgedjo,3,0,3
Djorgen,3,0,3
Djorghinyo,3,0,3
Djorgiano,3,0,3
Djorgie,3,0,3
Djorginjo,3,0,3
Djorginyo,3,0,3
Djorgles,3,0,3
Djorhia,0,3,3
Djoriana,0,3,3
Djorico,3,0,3
Djorigna,0,3,3
Djorike,0,3,3
Djorino,3,0,3
Djorjiño,3,0,3
Djorkahyff,3,0,3
Djorke,3,0,3
Djorlando,3,0,3
Djormano,3,0,3
Djormhi,3,0,3
Djormi,3,0,3
Djormias,3,0,3
Djormor,0,3,3
Djornafario,3,0,3
Djorne,0,3,3
Djornell,3,0,3
Djornobuah,3,0,3
Djorny,3,0,3
Djoromias,3,0,3
Djorre,3,0,3
Djorri,3,0,3
Djorsen,3,0,3
Djort,3,0,3
Djorvi,3,0,3
Djoryan,3,0,3
Djoryo,3,0,3
Djosam,0,3,3
Djósaweny,0,3,3
Djoseanne,0,3,3
Djosely,0,3,3
Djoseo,3,0,3
Djosephine,0,3,3
Djoser,3,0,3
Djosevir,3,0,3
Djoseye,0,3,3
Djoshi,3,0,3
Djoshy,3,0,3
Djosi,3,0,3
Djosia,0,3,3
Djosie,0,3,3
Djoska,0,3,3
Djoslin,0,3,3
Djosmee,0,3,3
Djoss,3,0,3
Djosser,3,0,3
Djossi,3,0,3
Djossy,0,3,3
Djoszuwa,3,0,3
Djothi,0,3,3
Djotiespersad,3,0,3
Djotishpersad,3,0,3
Djotta,0,3,3
Djotte,0,3,3
Djotti,0,3,3
Djottieperkas,3,0,3
Djoty,0,3,3
Djoudé,0,3,3
Djoudi,3,0,3
Djoufia,3,0,3
Djouh,3,0,3
Djouhingbhaka,3,0,3
Djouls,0,3,3
Djouma,3,0,3
Djoumaira,0,3,3
Djounie,0,3,3
Djouome,3,0,3
Djouya,3,0,3
Djovaani,3,0,3
Djovah,0,3,3
Djovainey,0,3,3
Djovainsly,3,0,3
Djovajo,3,0,3
Djovanaily,0,3,3
Djovanie,3,0,3
Djovannie,3,0,3
Djovario,3,0,3
Djovayden,3,0,3
Djovayn,3,0,3
Djovayno,3,0,3
Djovelino,3,0,3
Djovelli,3,0,3
Djovennely,0,3,3
Djovey,3,0,3
Djovie,3,0,3
Djovin,3,0,3
Djovina,0,3,3
Djowa,0,3,3
Djowairija,0,3,3
Djowairiya,0,3,3
Djowan,3,0,3
Djowani,3,0,3
Djowe,3,0,3
Djowell,3,0,3
Djowello,3,0,3
Djowéna,0,3,3
Djowess,3,0,3
Djówie,3,0,3
Djowindah,0,3,3
Djowney,3,0,3
Djowrain,0,3,3
Djoy-Mila,0,3,3
Djòya,0,3,3
Djoya-jay,0,3,3
Djoya-Mae,0,3,3
Djoyca,0,3,3
Djoyi,3,0,3
Djoyie,0,3,3
Djoyke,0,3,3
Djoyri,3,0,3
Djoysely,0,3,3
Djôzeph,3,0,3
Djozie,0,3,3
Dju-Anita,0,3,3
Dju-jan,3,0,3
Djuaan,3,0,3
Djuada,0,3,3
Djuaja,0,3,3
Djuanita,0,3,3
Djuano,3,0,3
Djuanro,3,0,3
Djuanti,0,3,3
Djuara,3,0,3
Djuari,3,0,3
Djuariah,0,3,3
Djuarian,3,0,3
Djubaedah,0,3,3
Djubaidha,0,3,3
Djubelina,0,3,3
Djud,0,3,3
Djudan,3,0,3
Djudjuna,0,3,3
Djueno,3,0,3
Djuey,3,0,3
Djufara,0,3,3
Djugashvili,3,0,3
Djuhna,0,3,3
Djuita,0,3,3
Djuka,0,3,3
Djŭke,0,3,3
Djula-Lou,0,3,3
Djulai,3,0,3
Djulain,3,0,3
Djulan,3,0,3
Djulano,3,0,3
Djulayn,0,3,3
Djulde,0,3,3
Djuléan,3,0,3
Djulee,0,3,3
Djuleine,0,3,3
Djulez,3,0,3
Djulfidana,0,3,3
Djulianes,3,0,3
Djulianti,0,3,3
Djulie,0,3,3
Djulién,3,0,3
Djulienna,0,3,3
Djulieta,0,3,3
Djulin,0,3,3
Djuline,0,3,3
Djúlio,3,0,3
Djulisse,0,3,3
Djulitha,0,3,3
Djuliza,0,3,3
Djulla,0,3,3
Djulliëtta,0,3,3
Djully,0,3,3
Djulray,3,0,3
Djulvin,3,0,3
Djulyan,3,0,3
Djulyna,0,3,3
Djulyviéndro,3,0,3
Djumaira,0,3,3
Djumali,3,0,3
Djumaney,3,0,3
Djumari,3,0,3
Djumaro,3,0,3
Djumay,0,3,3
Djumblah,3,0,3
Djumeirah,3,0,3
Djumilah,0,3,3
Djumin,3,0,3
Djumira,0,3,3
Djumma-Shahmirbakhshi,3,0,3
Djun,3,0,3
Djûna,0,3,3
Djuna-li,0,3,3
Djunaedi,3,0,3
Djunaileys,0,3,3
Djunaisa,0,3,3
Djunait,3,0,3
Djunaita,0,3,3
Djunardi,3,0,3
Djunay,3,0,3
Djunayda,0,3,3
Djundrick,3,0,3
Djune-Ann,0,3,3
Djune-Djolie,0,3,3
Djunelano,3,0,3
Djunengsih,0,3,3
Djuneyd,3,0,3
Djunid,3,0,3
Djunies,0,3,3
Djunis,0,3,3
Djunise,0,3,3
Djunisze,0,3,3
Djunja,0,3,3
Djunlonelle,3,0,3
Djunnery,3,0,3
Djunnya,0,3,3
Djunric,3,0,3
Djunyla,0,3,3
Djunyx,3,0,3
Djura-Dewi,0,3,3
Djuradahnia,0,3,3
Djuradiah,0,3,3
Djuraisa,0,3,3
Djûrana,0,3,3
Djurcia,0,3,3
Djurdje,3,0,3
Djurdjina,0,3,3
Djuree,3,0,3
Djurell,3,0,3
Djuren,3,0,3
Djurenshley,3,0,3
Djurette,0,3,3
Djurgel,3,0,3
Djürgen,3,0,3
Djurgindhano,3,0,3
Djurian,3,0,3
Djurién,3,0,3
Djurihanna,0,3,3
Djurik,3,0,3
Djurinho,3,0,3
Djurinsley,3,0,3
Djurisa,0,3,3
Djuriv,3,0,3
Djuriviën,3,0,3
Djurjan,3,0,3
Djurmaine,3,0,3
Djurmen,3,0,3
Djurmy,3,0,3
Djurn-Mion,3,0,3
Djurniavandi,3,0,3
Djurny,3,0,3
Djürny,0,3,3
Djurr,3,0,3
Djurra-Elin,0,3,3
Djurray,3,0,3
Djürré,3,0,3
Djurre-Albert,3,0,3
Djurre-Jan,3,0,3
Djurre-Pieter,3,0,3
Djurrel,3,0,3
Djurretta,0,3,3
Djurriaan,3,0,3
Djurrian,3,0,3
Djurrina,0,3,3
Djurryen,3,0,3
Djurvansio,3,0,3
Djürvin,3,0,3
Djury,3,0,3
Djuseppe,3,0,3
Djusmy,3,0,3
Djustinn,3,0,3
Djustus,3,0,3
Djusty,0,3,3
Djustyn,3,0,3
Djuswandkoemar,3,0,3
Djuul,0,3,3
Djuule,0,3,3
Djuulie,0,3,3
Djuultje,0,3,3
Djuulz,0,3,3
Djuurd,3,0,3
Djuuwke,0,3,3
Djuvainelly,0,3,3
Djuvanie,3,0,3
Djuvendrick,3,0,3
Djuvenna,0,3,3
Djuvensley,3,0,3
Djuviano,3,0,3
Djuwa-Roza,0,3,3
Djuwairiyah,0,3,3
Djuwanita,0,3,3
Djuwariya-Gatoen,0,3,3
Djuwariyya,0,3,3
Djuwayriya,0,3,3
Djuwayriyah,0,3,3
Djuwayriyyah,0,3,3
Djuwendry,3,0,3
Djuwke,0,3,3
Djuwla,0,3,3
Djvenna,0,3,3
Djwala,3,0,3
Djwan,3,0,3
Djyadee,0,3,3
Djyan,3,0,3
Djyanisyah-Dahlia,0,3,3
Djyar,3,0,3
Djyer,3,0,3
Djylaila,0,3,3
Djylairo,3,0,3
Djylaisa,0,3,3
Djymairo,3,0,3
Djyna,0,3,3
Djyntha,0,3,3
Djynthe,0,3,3
Djyovanny,3,0,3
Djyra,0,3,3
Djyraina,0,3,3
Djyro,3,0,3
Djyvana,0,3,3
Djyve,3,0,3
Djzenghis,3,0,3
Djørna,0,3,3
Dkurt,3,0,3
Dlaan,0,3,3
Dlain,3,0,3
Dlair,3,0,3
Dlan,3,0,3
Dlana,0,3,3
Dlanor,3,0,3
Dlanpar,0,3,3
Dlara,0,3,3
Dlawar,3,0,3
Dlawer,3,0,3
Dlegend,3,0,3
Dléh,3,0,3
Dleh,3,0,3
Dleir,3,0,3
Dlem,3,0,3
Dlgas,0,3,3
Dliemaan,3,0,3
Dlien,0,3,3
Dlîn,0,3,3
Dline,0,3,3
Dlisa,0,3,3
Dliwia,0,3,3
Dlman,3,0,3
Dlovān,3,0,3
Dlsha,0,3,3
Dlwin,0,3,3
Dlyandro,3,0,3
Dmarion,3,0,3
DMG,3,0,3
Dmitar,3,0,3
Dmitri-Roman,3,0,3
Dmitrievitch,3,0,3
Dmitrii,3,0,3
Dmitrijevich,3,0,3
Dmitrijevna,0,3,3
Dmitrijewitsch,3,0,3
Dmitrijewna,0,3,3
Dmitritsj,3,0,3
Dmitrivich,3,0,3
Dmitrivitch,3,0,3
Dmitrivitsj,3,0,3
Dmitriy,3,0,3
Dmitriya,0,3,3
Dmitriyevich,3,0,3
Dmitryewich,3,0,3
Dmitryewna,0,3,3
DMMP,0,3,3
DMP,0,3,3
Dmytro,3,0,3
Dnari,3,0,3
Dnashtrine,3,0,3
Dnyan,3,0,3
Do'a,0,3,3
Do-Anne,0,3,3
Do-Elle,0,3,3
Do-mea,0,3,3
Do-Quyen,0,3,3
Do-Quynh,0,3,3
Doaâ,0,3,3
Doáa,0,3,3
Doâa,0,3,3
Doäa,0,3,3
Doăe,0,3,3
Doae-Zinab,0,3,3
Doaie,3,0,3
Doaitse,3,0,3
Doaitske,0,3,3
Doamedique,0,3,3
Doàn,3,0,3
Doan-Viêt,3,0,3
Doanda,0,3,3
Doane,3,0,3
Doani,0,3,3
Doanne,0,3,3
Doarkosu,3,0,3
Doarthijs,0,3,3
Doashri,0,3,3
Dobar,3,0,3
Dobber,3,0,3
Dobbin,3,0,3
Dobhran,3,0,3
Dobin,3,0,3
Doblin,3,0,3
Dobrawa,0,3,3
Dobraydel,3,0,3
Dobremi,0,3,3
Dobrilov,3,0,3
Dobrilova,0,3,3
Dobrinka,0,3,3
Dobrinov,3,0,3
Dobrinova,0,3,3
Dobrivoje,3,0,3
Dobrochna,0,3,3
Dobroe-Kolokoe,3,0,3
Dobromir,3,0,3
Dobru,3,0,3
Doby-Jim,3,0,3
Doca,0,3,3
Docas,0,3,3
Docha,3,0,3
Dochana,0,3,3
Dochi,3,0,3
Dochia,0,3,3
Dochithea,0,3,3
Dochra,0,3,3
Docilia,0,3,3
Docithe,3,0,3
Docithéa,0,3,3
Docithea,0,3,3
Dock,3,0,3
Docks,3,0,3
Dockx,3,0,3
Docora,0,3,3
Docson,3,0,3
Doctora,0,3,3
Doda,0,3,3
Dodaï,3,0,3
Doday,0,3,3
Dodd,0,3,3
Dodiane,0,3,3
Dôdic,0,3,3
Dodien,0,3,3
Dodijntje,0,3,3
Dodinho,3,0,3
Dodinus,3,0,3
Dodona,0,3,3
Dodonéa,0,3,3
Dodou,3,0,3
Dodowaa,0,3,3
Dodrik,3,0,3
dody,3,0,3
Dody-Samuel,3,0,3
Doeá,0,3,3
Doeaé,0,3,3
Doeae,0,3,3
Doeah,3,0,3
Doebie,3,0,3
Doebien,0,3,3
Doebrashca,0,3,3
Doeby,3,0,3
Doechinus,3,0,3
Doecke,3,0,3
Doedeke,0,3,3
Doederick,3,0,3
Doederine,0,3,3
Doedetje,0,3,3
Doedette,0,3,3
Doedhnath,3,0,3
Doedhnathkumar,3,0,3
Doedine,0,3,3
Doedinus,3,0,3
Doedja,0,3,3
Doedjana,0,3,3
Doëdo,3,0,3
Doedoe,3,0,3
Doedonea,0,3,3
Doedtie,0,3,3
Doedtsje,0,3,3
Doedy,0,3,3
Doef,3,0,3
Doeijë,3,0,3
Doeijenne,0,3,3
Doeïna,0,3,3
Doeke-Jan,3,0,3
Doekeliena,0,3,3
Doekharan,3,0,3
Doekhie,3,0,3
Doekla,0,3,3
Doeko-Jan,3,0,3
Doël,3,0,3
Doelah,3,0,3
Doele,3,0,3
Doelie,3,0,3
Doeliechanderwatie,0,3,3
Doelinda,0,3,3
Doelja,0,3,3
Doeljazan,3,0,3
Doelrochman,3,0,3
Doelse,0,3,3
Doeman,3,0,3
Doemandath,3,0,3
Doemilah,0,3,3
Doeminggas,0,3,3
Doemini,0,3,3
Doën,3,0,3
Doenan,3,0,3
Doenardus,3,0,3
Doenem,0,3,3
Doenetsjka,0,3,3
Doenjasja,0,3,3
Doenka,0,3,3
Doennath,3,0,3
Doenos,3,0,3
Doens,3,0,3
Doep,3,0,3
Doëra,0,3,3
Doëran,3,0,3
Doerdaana,0,3,3
Doerdje,0,3,3
Doeretha,0,3,3
Doergadevi,0,3,3
Doergawattiedevie,0,3,3
Doergee,0,3,3
Doeriena,0,3,3
Doerina,0,3,3
Doerinder,3,0,3
Doerine,0,3,3
Doerinkumar,3,0,3
Doerpatie,0,3,3
Doersila,0,3,3
Doescha,0,3,3
Doeschkâ,0,3,3
Doeschke,0,3,3
Doesela,0,3,3
Doeshant,3,0,3
Doesjent,3,0,3
Doesjinka,0,3,3
Doet-Sifra,0,3,3
Doetchaine,0,3,3
Doeteke,0,3,3
Doeth,0,3,3
Doethe,0,3,3
Doethëa,0,3,3
Doethéa,0,3,3
Doethy,0,3,3
Doethyna,0,3,3
Doetiena,0,3,3
Doetsi,0,3,3
Doetsia,0,3,3
Doetzen,0,3,3
Doewanda,0,3,3
Doewelina,0,3,3
Doewenne,0,3,3
Doewet,0,3,3
Doewiena,0,3,3
Doewienes,3,0,3
Doewy,3,0,3
Doeze,3,0,3
Doezina,0,3,3
Doff,3,0,3
Doffour,3,0,3
Doffy,0,3,3
Dofi,3,0,3
Dofien,0,3,3
Dofine,0,3,3
Dofinizoumou,3,0,3
Dofoah,0,3,3
Dofraeno,3,0,3
Doġa,0,3,3
Doǵa,3,0,3
Doġa-Hasret,3,0,3
Doğacan,3,0,3
Doğaçhan,3,0,3
Doǵagül,0,3,3
Dogal,3,0,3
Dogăl,3,0,3
Doġan,3,0,3
Doĝanay,3,0,3
Doġanay,3,0,3
Doǵancan,3,0,3
Doğaner,3,0,3
Doğanur,0,3,3
Doganur,0,3,3
Dogi,0,3,3
Dogine,0,3,3
Doğkan,3,0,3
Doglas,3,0,3
Dogon,0,3,3
Dogt,0,3,3
Doğuca,3,0,3
Doǵucan,3,0,3
Dogucan,3,0,3
Doğucan,3,0,3
Doĝukaan,3,0,3
Doğukaan,3,0,3
Dogukaan,3,0,3
Dogukan-enes,3,0,3
Doğukan-Izzet,3,0,3
Dogum,3,0,3
Doğus,3,0,3
Doĝus,3,0,3
Doĝuş,3,0,3
Doǵuş,3,0,3
Doguşcan,3,0,3
Doharta,0,3,3
Dohawalie,0,3,3
Dohiny,3,0,3
Dohjera,0,3,3
Dohkmaj,0,3,3
Dohn,3,0,3
Doho,3,0,3
Dohra,0,3,3
Doijke,0,3,3
Doîlon,0,3,3
Doina-Maria,0,3,3
Doinja-Wera,0,3,3
Doinya,0,3,3
Doïs,0,3,3
Doishero,3,0,3
Doisikoosu,3,0,3
Doj,3,0,3
Doj'n,0,3,3
Dojani,0,3,3
Dojanicia,0,3,3
Dojera,0,3,3
Dojin,3,0,3
Dojka,0,3,3
Dojo,0,3,3
Dojoel,3,0,3
Dokas,3,0,3
Dokhtari,0,3,3
Doks,3,0,3
Doksano,3,0,3
Dolagy,0,3,3
Dolanay,0,3,3
Doland,3,0,3
Dolanho,3,0,3
Dolanthe,0,3,3
Dolany,0,3,3
Dolanya,0,3,3
Dolapo,0,3,3
Dolaya,0,3,3
Dolcho,3,0,3
Dolci,0,3,3
Dolciña,0,3,3
Dolcis,0,3,3
Dole,3,0,3
Doleida,0,3,3
Dolein,0,3,3
Doless,0,3,3
Dolf-Bart,3,0,3
Dolf-Henri,3,0,3
Dolf-Jan,3,0,3
Dolf-Jay,3,0,3
Dolf-Johan,3,0,3
Dolf-Pieter,3,0,3
Dolf-Victor,3,0,3
Dolfa,0,3,3
Dolfein,3,0,3
Dolfentji,0,3,3
Dolfi,0,3,3
Dolfientje,0,3,3
Dolfies,3,0,3
Dolfijntje,0,3,3
Dolfino,3,0,3
Dolfito,3,0,3
Dolfius,3,0,3
Dolfje,0,3,3
Dolfried,3,0,3
Dolfus,3,0,3
Dolian,0,3,3
Dolieno,3,0,3
Dolin,0,3,3
Dôlinda,3,0,3
Doline,0,3,3
Dolivro,3,0,3
Dolker,0,3,3
Dolland,3,0,3
Dollari,3,0,3
Dolleke,0,3,3
Dollifinna,0,3,3
Dollinka,0,3,3
Dollmano,3,0,3
Dollores,0,3,3
Dolly-June,0,3,3
Dollyana,0,3,3
Dolma-Yeshe,0,3,3
Dolmina,0,3,3
Dolonne,0,3,3
Doloor,0,3,3
Dolorans,0,3,3
Dolóres,0,3,3
Dolorèse,0,3,3
Doloressa,0,3,3
Doloretta,0,3,3
Dolorèz,0,3,3
Dolories,0,3,3
Dolphen,3,0,3
Dolphi,3,0,3
Dolphinie,0,3,3
Dolphinus,3,0,3
Dolphis,3,0,3
Dolpo,3,0,3
Doluca,3,0,3
Dolunur,3,0,3
Dolvey,3,0,3
Dolvinus,3,0,3
Dolysha,0,3,3
Doma,0,3,3
Domacassée,0,3,3
Domacilia,0,3,3
Domadios,3,0,3
Domadious,3,0,3
Domagoj,3,0,3
Domaico,3,0,3
Domailys,0,3,3
Domairo,3,0,3
Domán,3,0,3
Domangue,3,0,3
Domanic,3,0,3
Domanica,0,3,3
Domaniciqu,0,3,3
Domanico,3,0,3
Domanique,0,3,3
Domano,3,0,3
Domar,0,3,3
Domariana,0,3,3
Domatila,0,3,3
Domatilia,0,3,3
Domatillo,3,0,3
Domazio,3,0,3
Dombaxi,3,0,3
Domei,0,3,3
Domeinica,0,3,3
Domelia,0,3,3
Domeljo,0,3,3
Domelso,3,0,3
Domelzo,3,0,3
Domen,3,0,3
Domenca,0,3,3
Domène,0,3,3
Domenga,0,3,3
Domeníc,3,0,3
Domènica,0,3,3
Domenica-Soréna,0,3,3
Domenice,0,3,3
Domènico,3,0,3
Domenieke,0,3,3
Domenigo,3,0,3
Doménigue,0,3,3
Doméniko,3,0,3
Domenikus,3,0,3
Domenilia,0,3,3
Domeniqo,3,0,3
Doméniqua,0,3,3
Domenka,0,3,3
Domenty,3,0,3
Domeqeun,3,0,3
Domernik,3,0,3
Dometilia,0,3,3
Domey,0,3,3
Domhnall,3,0,3
Domian,3,0,3
Domiano,3,0,3
Domicci,3,0,3
Domicela,0,3,3
Domicella,0,3,3
Domicia,0,3,3
Domie,3,0,3
Domieck,3,0,3
Domiek,0,3,3
Domiel,3,0,3
Domiën,3,0,3
Domieneke,0,3,3
Domienggoes,3,0,3
Domilino,3,0,3
Domilson,3,0,3
Dominant,3,0,3
Dominatto,0,3,3
Domincha,0,3,3
Dominde,0,3,3
Domine,3,0,3
Dominea,0,3,3
Domingcos,3,0,3
Domingga,0,3,3
Dominggaz,0,3,3
Dominggues,3,0,3
Domingguesse,3,0,3
Dominguez,3,0,3
Domingús,3,0,3
Domíngus,3,0,3
Dominguss,3,0,3
Dóminic,3,0,3
Dominic-Edward,3,0,3
Dominic-Marley,3,0,3
Dominic-Maxwell,3,0,3
Dominic-Mete-Han,3,0,3
Dominicana,0,3,3
Dominicia,0,3,3
Dominicianus,3,0,3
Dominicius,3,0,3
Dóminick,3,0,3
Dominicolas,3,0,3
Dominie,0,3,3
Dominig,3,0,3
Dominikos,3,0,3
Dóminiq,3,0,3
Dominiqc,3,0,3
Dominiqe,3,0,3
Dominiqeu,0,3,3
Dominiqua,0,3,3
Dôminique,0,3,3
Dominíque,0,3,3
Dominique-Chantal,0,3,3
Dominique-Maureen,0,3,3
Dominiquez,3,0,3
Dominiqueze,3,0,3
Dominisha,0,3,3
Dominqa,0,3,3
Dominqas,0,3,3
Dominty,3,0,3
Dominyc,0,3,3
Dominyck,3,0,3
Dominyk,3,0,3
Dominykas,3,0,3
Dominyssia,0,3,3
Domirella,0,3,3
Domitcia,0,3,3
Domithilla,0,3,3
Domitilda,0,3,3
Domitilia,0,3,3
Domitillae,0,3,3
Domitille,0,3,3
Domitio,3,0,3
Domittilla,0,3,3
Domizella,0,3,3
Domiziano,3,0,3
Domka,0,3,3
Dommenic,3,0,3
Dommeniek,0,3,3
Dommicja,0,3,3
Domminggoes,3,0,3
Dommini,3,0,3
Domminique,0,3,3
Domnicella,0,3,3
Domokos,3,0,3
Domonica,0,3,3
Domonicus,3,0,3
Domonieqe,0,3,3
Domvina,0,3,3
Domy-Elninama,0,3,3
Domynick,3,0,3
Domynthe,0,3,3
Dôn,3,0,3
Don'Kayden,3,0,3
Don'shyvano,3,0,3
Don-Adelio,3,0,3
Don-Alcaesio,3,0,3
Don-Alexander,3,0,3
Don-Alitio,3,0,3
Don-Alvin,3,0,3
Don-Amour,3,0,3
Don-Angelo,3,0,3
Don-C,3,0,3
Don-Carlito,3,0,3
Don-Carlos,3,0,3
Don-Charoen,0,3,3
Don-Charro,3,0,3
Don-Chemaro,3,0,3
Don-Chemarro,3,0,3
Don-Chero,3,0,3
Don-Constantino,3,0,3
Don-Daniël,3,0,3
Don-Daniello,3,0,3
Don-Delaiah,3,0,3
Don-Diëgo,3,0,3
Don-Diégo,3,0,3
Don-Diègo,3,0,3
Dón-Djahlayo,3,0,3
Don-Dofrin,3,0,3
Don-duco,3,0,3
Don-dumairo,3,0,3
Don-Eduwaldo,3,0,3
Don-Elliott,3,0,3
Don-Emmanuël,3,0,3
Don-Errit,3,0,3
Don-Frederik,3,0,3
Don-G'iany,3,0,3
Don-Gennaïo,3,0,3
Don-Gianni,3,0,3
Don-Gyaino,3,0,3
Don-Jay,3,0,3
Don-Jazzley,3,0,3
Don-Jelayo,3,0,3
Don-Jennai,3,0,3
Don-Jhneiro,3,0,3
Don-Joël,3,0,3
Don-John,3,0,3
Don-Joshua,3,0,3
Don-Juanito,3,0,3
Dôn-Lai,3,0,3
Don-Louis,3,0,3
Don-Louise,3,0,3
Don-Luciano,3,0,3
Don-Margünjo,3,0,3
Don-Martin,3,0,3
Don-Michel,3,0,3
Don-Noël,3,0,3
Don-Ramon,3,0,3
Don-Robin,3,0,3
Don-Santino,3,0,3
Don-Sergio,3,0,3
Don-Shaylo,3,0,3
Don-Shyvano,3,0,3
Don-Tobias,3,0,3
Don-Vito,3,0,3
Don-Xavié,3,0,3
Don-Xaviër,3,0,3
Don-Zevi,3,0,3
Doña-Yitzmani,0,3,3
Donaat,3,0,3
Donachienne,0,3,3
Donacia,0,3,3
Donaciemento,3,0,3
Donacimento,3,0,3
Donadeo,3,0,3
Donadieu,3,0,3
Donadino,3,0,3
Donaez,3,0,3
Donagay,3,0,3
Donagi,3,0,3
Donagy,3,0,3
Donai,3,0,3
Donaisa,0,3,3
Donaisha,0,3,3
Donaishelley,0,3,3
Donald-Sebastiaan,3,0,3
Donalde,0,3,3
Donaldine,0,3,3
Donaldoni,3,0,3
Donalfonsus,3,0,3
Donaline,0,3,3
Donaliomar,3,0,3
Donalis,0,3,3
Donalisa,0,3,3
Donall,3,0,3
Donalt,3,0,3
Donaly,3,0,3
Donamay,0,3,3
Donandra,0,3,3
Donanthony,3,0,3
Donapatina,0,3,3
Donara,0,3,3
Donario,3,0,3
Donas,3,0,3
Donashantely,0,3,3
Donata-Benedicta,0,3,3
Donata-Bettina,0,3,3
Donaté,3,0,3
Donatèlla,0,3,3
Donatelle,0,3,3
Donaten,3,0,3
Donath,3,0,3
Donathilia,0,3,3
Donathus,3,0,3
Donatiën,3,0,3
Donatiènne,0,3,3
Donatila,0,3,3
Donatis,3,0,3
Donato-Antonio,3,0,3
Donatto,3,0,3
Donaycho,3,0,3
Donayra,0,3,3
Doncan,3,0,3
Doncarlos,3,0,3
Doncerro,3,0,3
Donchadh,3,0,3
Doncharay,0,3,3
Doncharo,3,0,3
Donchavaël,0,3,3
Donchavèl,3,0,3
Donchâvell,3,0,3
Donchemaro,3,0,3
Donchenairo,3,0,3
Donchernio,3,0,3
Doncherno,3,0,3
DonChevel,3,0,3
Donchevelle,0,3,3
Donchirano,3,0,3
Donchivano,3,0,3
Donco,3,0,3
Doncorleon,3,0,3
Dondedieu,3,0,3
Dondelayo,3,0,3
Dondervaro,3,0,3
Dondhynio,3,0,3
Dondinho,3,0,3
Dondinnio,3,0,3
Dôndü,0,3,3
Dôndu,0,3,3
Döndühanim,0,3,3
Döndünur,0,3,3
Doné-Gichelle,0,3,3
Done-Jill,3,0,3
Donea,0,3,3
Donécha,0,3,3
Donéchio,3,0,3
Donee,3,0,3
Donegé,3,0,3
Donek,3,0,3
Donelie,0,3,3
Donely,3,0,3
Donensho,3,0,3
Dönenur,0,3,3
Donephan,3,0,3
Donephe,3,0,3
Donephon,3,0,3
Donequi,3,0,3
Donèsa,0,3,3
Donesa,0,3,3
Donesco,3,0,3
Donesto,3,0,3
Donette,0,3,3
Doneville,3,0,3
Donevinio,3,0,3
Doney,3,0,3
Doneyshia,0,3,3
Donfinjo,3,0,3
Dông,3,0,3
Dong-Cheng,3,0,3
Dong-Feng,0,3,3
Dong-In,0,3,3
Dong-Jia,0,3,3
Dong-Ju,3,0,3
Dong-La,0,3,3
Dong-Lan,0,3,3
Dong-Liang,3,0,3
Dong-O,3,0,3
Dong-Soo,3,0,3
Dong-Sun,3,0,3
Dong-won,3,0,3
Dong-Xián,3,0,3
Dong-Xu,3,0,3
Dong-Yen,0,3,3
Dong-Yun,0,3,3
Dongfangchen,0,3,3
Donghe,0,3,3
Dongjao,0,3,3
Dongjia,3,0,3
Dongming,3,0,3
Dongqi,0,3,3
Donguan,3,0,3
Dongxiang,3,0,3
Dongxiong,3,0,3
Donïa,0,3,3
Donicacius,3,0,3
Donichio,3,0,3
Donieck,3,0,3
Donieke,3,0,3
Doniël,3,0,3
Doniella,0,3,3
Donieyre,3,0,3
Doniez,0,3,3
Donij,0,3,3
Donija,0,3,3
Donijs,3,0,3
Donilio,3,0,3
Donill,3,0,3
Donillo,3,0,3
Donine,0,3,3
Doningus,3,0,3
Doninicus,3,0,3
Doninio,3,0,3
Donis,3,0,3
Donisa,0,3,3
Donischa,0,3,3
Donishia,0,3,3
Donita-Rose,0,3,3
Donivan,3,0,3
Donizeti,3,0,3
Donjah,0,3,3
Donjali,0,3,3
Donjay,3,0,3
Donjaydo,3,0,3
Donjé,3,0,3
Donjeboy,3,0,3
Donjéla,0,3,3
Donjella,0,3,3
Donjelson,3,0,3
Donjèta,0,3,3
Donjéta,0,3,3
Donjoey,3,0,3
Donjuano,3,0,3
Donkan,3,0,3
Donkersloot,3,0,3
Donla,0,3,3
Donlamar,3,0,3
Donluca,3,0,3
Donlucky,3,0,3
Donmanike,0,3,3
Donmar,3,0,3
Donmarcos,3,0,3
Donmellow,3,0,3
Dönmez,3,0,3
Donn-Savon,3,0,3
Donna-Franka,0,3,3
Donna-Gina,0,3,3
Donna-Inez,0,3,3
Donna-Ize,0,3,3
Donna-Jo,0,3,3
Donna-Joy,0,3,3
Donna-Lisa,0,3,3
Donna-Lou,0,3,3
Donna-Louise,0,3,3
Donna-Luisa,0,3,3
Donna-Lynn,0,3,3
Donna-Mae,0,3,3
Donna-Maria,0,3,3
Donna-Marie,0,3,3
Donna-May,0,3,3
Donna-Moon,0,3,3
Donna-Tinke,0,3,3
Donna-Xaviera,0,3,3
Donnabella,0,3,3
Donnachaidh,3,0,3
Donnadoni,3,0,3
Donnaé,0,3,3
Donnaelys,0,3,3
Donnali,0,3,3
Donnalie,0,3,3
Donnally,0,3,3
Donnalynne,0,3,3
Donnard,3,0,3
Donnatela-Belle,0,3,3
Donnatella-Catherina,0,3,3
Donnatus,3,0,3
Donnaty,3,0,3
Donncha,0,3,3
Donnè,3,0,3
Donneë,0,3,3
Donnegay,3,0,3
Donnegé,3,0,3
Donnegicia,0,3,3
Donneh,3,0,3
Donnehue,3,0,3
Donneld,3,0,3
Dönnell,3,0,3
Donnelley,3,0,3
Donnellie,3,0,3
DonneQi,3,0,3
Donnequi,3,0,3
Donnes,3,0,3
Donnetella,0,3,3
Donnetta,0,3,3
Donneven,3,0,3
Donnéy,0,3,3
Donnielle,0,3,3
Donnieva,0,3,3
Donnik,3,0,3
Donnina,0,3,3
Donnitha,0,3,3
Donniva,0,3,3
Donnivani,3,0,3
Donniver,3,0,3
Donnivio,3,0,3
Donnizia,0,3,3
Donnoek-Sanne,0,3,3
Donnovon,3,0,3
Donnozzo,3,0,3
Donny-Alan,3,0,3
Donny-Boy,3,0,3
Donny-Dean,3,0,3
Donny-Jack,3,0,3
Donny-Jerry,3,0,3
Donny-Lee,3,0,3
Donny-Rydjano,3,0,3
Donnyae,3,0,3
Donnyhan,3,0,3
Donoe,3,0,3
Donofan,3,0,3
Donolan,3,0,3
Donophan,3,0,3
Donough,3,0,3
Donova,0,3,3
Donovàn,3,0,3
Donovan-Jochem,3,0,3
Donovan-Lee,3,0,3
Donover,3,0,3
Donpetro,3,0,3
Donque,3,0,3
Donquinten,3,0,3
Donranero,3,0,3
Dons,0,3,3
Donsah,3,0,3
Dönsel,0,3,3
Donshamaro,3,0,3
Donshemaro,3,0,3
Donshimaro,3,0,3
Donta,0,3,3
Dontarious,3,0,3
Dontaye,0,3,3
Donténe,3,0,3
Donteu,3,0,3
Donthé,3,0,3
Donthe,3,0,3
Dontreyu,3,0,3
Dontrie,3,0,3
Donty,3,0,3
Donus,0,3,3
Donvalencio,3,0,3
Donvalentino,3,0,3
Donvalino,3,0,3
Donvanyo,3,0,3
Donvido,3,0,3
Donvincenzo,3,0,3
Donvinchenzo,3,0,3
Donvito,3,0,3
Dónya,0,3,3
Donyae,0,3,3
Donyah,0,3,3
Donye,3,0,3
Donyela,0,3,3
Donyelle,0,3,3
Donyez,0,3,3
Donyiah,0,3,3
Donyina,0,3,3
Donyschia,0,3,3
Donze,0,3,3
Doo,0,3,3
Doobia,3,0,3
Dooby,3,0,3
Dooije,3,0,3
Dooitsen,3,0,3
Dooitzen-Jan,3,0,3
Dooka,0,3,3
Doominggus,3,0,3
Doona,0,3,3
Doontje,0,3,3
Doordiena,0,3,3
Doorghadevi,0,3,3
Doorien,0,3,3
Doorina,0,3,3
Dooriya,0,3,3
Doorleene,0,3,3
Doormieke,0,3,3
Doormine,0,3,3
Dooro,0,3,3
Dooron,3,0,3
Doorsa,0,3,3
Doorson,3,0,3
Doortina,0,3,3
Doortji,0,3,3
Doorus,3,0,3
Dôpey,3,0,3
Döphanny,3,0,3
Dopke,3,0,3
Doppie,0,3,3
Doppy,3,0,3
Doqui,0,3,3
Dor,3,0,3
Dora-Lisa,0,3,3
Dora-Lyn,0,3,3
Doradina,0,3,3
Dorado,3,0,3
Doragee,0,3,3
Doragina,0,3,3
Dorai,3,0,3
Dorain,0,3,3
Doraisa,0,3,3
Dorait,0,3,3
Doraja,0,3,3
Dorajane,0,3,3
Doralba,0,3,3
Doraleine,0,3,3
Dorali,0,3,3
Doralies,0,3,3
Doralinde,0,3,3
Doraline,0,3,3
Doralinn,0,3,3
Doralis,0,3,3
Doralise,0,3,3
Doralot,0,3,3
Doraly,0,3,3
Doralyn,0,3,3
Dóran,3,0,3
Doràn,0,3,3
Dorando,3,0,3
Dorane,3,0,3
Doranella,0,3,3
Dorani,0,3,3
Doranka,0,3,3
Doranneke,0,3,3
Doranyana,0,3,3
Doranzyò,3,0,3
Doratehea,0,3,3
Dorateia,0,3,3
Dorathèe,0,3,3
Dorathij,0,3,3
Dorathine,0,3,3
Doraya,0,3,3
Dorbin,3,0,3
Dorca,0,3,3
Dorcaasia,0,3,3
Dorcarmen,0,3,3
Dorcarsia,0,3,3
Dorcelia,0,3,3
Dorcey,3,0,3
Dorcilla,0,3,3
Dordi,3,0,3
Dordja,0,3,3
Dordje,3,0,3
Dordthy,0,3,3
Dordzji,3,0,3
Dorè,0,3,3
Doreanna,0,3,3
Doréanne,0,3,3
Doreano,3,0,3
Dorecia,0,3,3
Doredina,0,3,3
Dorëen,0,3,3
Doreena,0,3,3
Doreensja,0,3,3
Doreentje,0,3,3
Doreh,0,3,3
Dorehty,0,3,3
Doreina,0,3,3
Doreine,0,3,3
Dorela,0,3,3
Doreleen,0,3,3
Doreleintje,0,3,3
Dorelia,0,3,3
Doreliese,0,3,3
Dorelle,0,3,3
Dorelynn,0,3,3
Doren,3,0,3
Dorendel,0,3,3
Dorenieke,0,3,3
Dorenn,3,0,3
Dorens,0,3,3
Dorense,0,3,3
Dorensius,3,0,3
Dorente,0,3,3
Dorentha,0,3,3
Dorentien,0,3,3
Dorentino,3,0,3
Dorentjie,0,3,3
Dorentsje,0,3,3
Dorephiena,0,3,3
Doresia,0,3,3
Doresse,0,3,3
Doresta,0,3,3
Doreteus,3,0,3
Dorethê,0,3,3
Dorethëa,0,3,3
Doretheé,0,3,3
Doretheke,0,3,3
Doretherus,3,0,3
Dorethëus,3,0,3
Dorethey,0,3,3
Dorethy-jane,0,3,3
Doretia,0,3,3
Doretina,0,3,3
Doretka,3,0,3
Dorètte,0,3,3
Doretti,0,3,3
Dorety,0,3,3
Dorez,3,0,3
Dorfientje,0,3,3
Dorganai,0,3,3
Dorgeshwatie,0,3,3
Dorhy,3,0,3
Doriamin,0,3,3
Dorián,3,0,3
Doriän,3,0,3
Dorianca,0,3,3
Doriani,3,0,3
Dorianke,0,3,3
Dorianthy,0,3,3
Dorianto,3,0,3
Dorichima,3,0,3
Dorick,3,0,3
Dorico,3,0,3
Dorieka,0,3,3
Doriël,3,0,3
Dõriën,3,0,3
Dorien-José,0,3,3
Dorien-Margriet,0,3,3
Dorienelle,0,3,3
Doriënna,0,3,3
Dorienna,0,3,3
Dories,0,3,3
Doriesa,0,3,3
Doriese,0,3,3
Doriët,0,3,3
Dorieta,0,3,3
Doriëtta,0,3,3
Doriëttie,0,3,3
Dorigaya,0,3,3
Dorigo,3,0,3
Dorija,0,3,3
Dorijana,0,3,3
Dorilea,0,3,3
Dorim,3,0,3
Dorina-Maria,0,3,3
Dorinchen,3,0,3
Dorinder,0,3,3
Dorinie,0,3,3
Dorinique,0,3,3
Dorinka,0,3,3
Dorinke,0,3,3
Dorinte,0,3,3
Dorinth,3,0,3
Dorinthia,0,3,3
Dorís,0,3,3
Doris-Mae,0,3,3
Doris-Sophie,0,3,3
Dorisha,0,3,3
Dorishma,0,3,3
Dorisso,3,0,3
Doritea,0,3,3
Dorithia,0,3,3
Dorithij,0,3,3
Doritia,0,3,3
Dorius,3,0,3
Doriyan,3,0,3
Doriza,0,3,3
Dorizia,0,3,3
Dorjani,3,0,3
Dorjé,3,0,3
Dorjee,3,0,3
Dorji,3,0,3
Dorjino,3,0,3
Dörjmanoo,3,0,3
Dorkan,3,0,3
Dorkus,3,0,3
Dorleen,0,3,3
Dorleijn,3,0,3
Dorlina,0,3,3
Dorly,0,3,3
Dormain,0,3,3
Dormauli,0,3,3
Dormenti,0,3,3
Dormin,3,0,3
Dormina,0,3,3
Dormischa,0,3,3
Dorn,0,3,3
Dorné,3,0,3
Dornelie,0,3,3
Dornell,3,0,3
Dorni,0,3,3
Dornja,0,3,3
Doró,0,3,3
Doro-Thea,0,3,3
Dorocia,0,3,3
Dorofeya,0,3,3
Dorohtij,0,3,3
Dorolies,0,3,3
Doromal,3,0,3
Doròn,0,3,3
Doronée,0,3,3
Doroni,3,0,3
Doronica,0,3,3
Doronique,0,3,3
Doroq,3,0,3
Dororetha,3,0,3
Dororthea,0,3,3
Doros,3,0,3
Dorosário,0,3,3
Dorosque,0,3,3
Dorotansoe,0,3,3
Dorote,0,3,3
Doroteja,0,3,3
Doroteo,3,0,3
Doroteus,3,0,3
Doroth,0,3,3
Dorothaeus,3,0,3
Dorothé-Jane,0,3,3
Doröthea,3,0,3
Dórothea,0,3,3
Dorothèa,0,3,3
Dorothea-Maria,0,3,3
Dorothéé,0,3,3
Dorotheë,0,3,3
Dorothée-Marie,0,3,3
Dorotheia,0,3,3
Dorotheïa,0,3,3
Dorotheos,3,0,3
Dorothera,0,3,3
Dorothij,0,3,3
Dôrothy,0,3,3
Dorothyjane,0,3,3
Dorotrea,0,3,3
Dorowna,0,3,3
Dorphentji,0,3,3
Dorrée,0,3,3
Dorreke,0,3,3
Dorrell,3,0,3
Dorretta,0,3,3
Dorri,0,3,3
Dorrianna,0,3,3
Dorrianne,0,3,3
Dorriene,0,3,3
Dorriet,0,3,3
Dorrileen,0,3,3
Dorrity,0,3,3
Dorro,0,3,3
Dorry-Anne,0,3,3
Dorrys,3,0,3
Dorsaaf,0,3,3
Dorsaf,0,3,3
Dorsamin,0,3,3
Dorsan,0,3,3
Dorsay,0,3,3
Dorschilla,0,3,3
Dorsella,0,3,3
Dorsey,0,3,3
Dorsheila,0,3,3
Dorsiela,0,3,3
Dorsien,0,3,3
Dorsine,0,3,3
Dorsun,3,0,3
Dorsy,0,3,3
Dortan,3,0,3
Dortea,0,3,3
Dorteis,3,0,3
Dörthe,0,3,3
Dorthes,3,0,3
Dorthi,0,3,3
Dorthie,0,3,3
Dorthya,0,3,3
Dorti,0,3,3
Dortiany,0,3,3
Dortie,0,3,3
Dortya,0,3,3
Dorukan,3,0,3
Dorukcan,3,0,3
Dorusje,0,3,3
Dorustheo,3,0,3
Doruthea,0,3,3
Dorvan,3,0,3
Dorya,0,3,3
Doryann,3,0,3
Doryé,3,0,3
Doryet,0,3,3
Doryke,0,3,3
Doryna,0,3,3
Dorynke,0,3,3
Doryoosh,3,0,3
Dorythé,0,3,3
Dorythéa,0,3,3
Dorythy,0,3,3
Dorzad,0,3,3
Dosangelino,3,0,3
Dosanjh,3,0,3
Dosantey,3,0,3
Dosanto,3,0,3
Dosco,3,0,3
Doseah,0,3,3
Doshima,0,3,3
Doshke,0,3,3
Dosie,0,3,3
Dositeo,3,0,3
Dosithé,0,3,3
Dosithe,0,3,3
Dositheë,0,3,3
Dositheôs,3,0,3
Dosja,0,3,3
Dosjka,3,0,3
Döske,0,3,3
Doşno,3,0,3
Dossi,3,0,3
Dostja,0,3,3
Dosty,3,0,3
Dosy,0,3,3
Dosya,0,3,3
Dotaw,3,0,3
Dothan,3,0,3
Dothias,3,0,3
Dothy,0,3,3
Doting,3,0,3
Doto,0,3,3
Dotoli,3,0,3
Dotrice,0,3,3
Dotsen,3,0,3
Dotsjka,0,3,3
Dotter,0,3,3
Dotti,0,3,3
Dóttir,0,3,3
Dotzia,0,3,3
Dou,0,3,3
Dou'a,0,3,3
Douâ,0,3,3
Douä,0,3,3
Douaă,0,3,3
Douáa,0,3,3
Douäa,0,3,3
Douaã,0,3,3
Douadi,3,0,3
Douah,0,3,3
Douai,3,0,3
Douane,3,0,3
Douanka,0,3,3
Douau,0,3,3
Doubas,3,0,3
Doubé,3,0,3
Doubet,3,0,3
Double,0,3,3
Doucas,0,3,3
Doucette,0,3,3
Doucoure,0,3,3
Douda,3,0,3
Doudemar,3,0,3
Doudja,0,3,3
Doudouce,0,3,3
Doudtzen,0,3,3
Doudy,3,0,3
Douentza,0,3,3
Douette,0,3,3
Doufi,3,0,3
Doufy,0,3,3
Dougherty,0,3,3
Dougina,0,3,3
Dougles,3,0,3
Dougray,3,0,3
Dougy,3,0,3
Douia,0,3,3
Douïne,0,3,3
Douine,0,3,3
Douisa,0,3,3
Doujana,3,0,3
Douksen,0,3,3
Doulan,3,0,3
Doulce,0,3,3
Doulet,0,3,3
Doulett,0,3,3
Doulyaz,3,0,3
Doumic,3,0,3
Dounérou,3,0,3
Dounhia,0,3,3
Douni,0,3,3
Dounîa,0,3,3
Dounía,0,3,3
Dounia-Dina,0,3,3
Douniazad,0,3,3
Douniazed,0,3,3
Douniel,3,0,3
Douniël,3,0,3
Douniyal,3,0,3
Dounja-Mariska,0,3,3
Dounyana,0,3,3
Douraied,3,0,3
Dourcie,0,3,3
Douréen,0,3,3
Doureen,0,3,3
Dourez,3,0,3
Dourian,3,0,3
Douriard,3,0,3
Douriena,0,3,3
Dourina,0,3,3
Dourinda,0,3,3
Douriz,0,3,3
Dousa,0,3,3
Doushica,0,3,3
Dousi,3,0,3
Doussouba,0,3,3
Douth,3,0,3
Douts,0,3,3
Doutske,0,3,3
Doutsy,0,3,3
Doutzen-Jolie,0,3,3
Doutzen-Pink,0,3,3
Douville,3,0,3
Douw,3,0,3
Douwàd,3,0,3
Douwco,3,0,3
Douwe-Aant,3,0,3
Douwe-Anne,3,0,3
Douwe-Auke,3,0,3
Douwe-Bertus,3,0,3
Douwe-Derk,3,0,3
Douwe-Dirk,3,0,3
Douwe-Henk,3,0,3
Douwe-Jente,3,0,3
Douwe-Jitse,3,0,3
Douwe-John,3,0,3
Douwe-Mick,3,0,3
Douwe-piet,3,0,3
Douwe-Reiner,3,0,3
Douwe-Tom,3,0,3
Douwegina,0,3,3
Douweina,0,3,3
Douwelientje,0,3,3
Douwenda,0,3,3
Douwera,3,0,3
Douweriza,0,3,3
Douweszoon,3,0,3
Douwieger,3,0,3
Douwieke,0,3,3
Douwiene,0,3,3
Douwin,3,0,3
Douwinde,0,3,3
Douwinja,0,3,3
Douwliena,0,3,3
Douwline,0,3,3
Douwrens,3,0,3
Douwrina,0,3,3
Douwtsen,0,3,3
Douwyn,0,3,3
Douzoe,3,0,3
Dovaldino,3,0,3
Dovan,3,0,3
Dovanio,3,0,3
Dovanny,3,0,3
Dovaro,3,0,3
Dovber,3,0,3
Dovena,3,0,3
Dovenshely,0,3,3
Dovente,3,0,3
Dowa,0,3,3
Dowayne,3,0,3
Dowel,0,3,3
Doweni,0,3,3
Dowera,0,3,3
Dowerah,0,3,3
Dowile,0,3,3
Dowke,3,0,3
Dowlat,0,3,3
Döwlatia,0,3,3
Dowlatia,0,3,3
Dowrat,0,3,3
Dowy,3,0,3
Doxa,3,0,3
Doxy,3,0,3
Doycke,0,3,3
Doye,3,0,3
Doyènne,0,3,3
Doyero,3,0,3
Doygun,3,0,3
Doyl,3,0,3
Doytse,3,0,3
Doytsen,3,0,3
Dozdar,0,3,3
Dozethea,0,3,3
Dozien,0,3,3
Dozieza,0,3,3
Dozinho,3,0,3
DPSM,0,3,3
Dquanisho,3,0,3
Dra,3,0,3
Draak,3,0,3
Draaq,3,0,3
Draciën,3,0,3
Dracir,3,0,3
Dracoslava,0,3,3
Draga,0,3,3
Dragaha,0,3,3
Dragamira,0,3,3
Dragić,3,0,3
Draginja,0,3,3
Dragisa,0,3,3
Dragisha,3,0,3
Dragmar,3,0,3
Dragomirova,0,3,3
Dragoš,3,0,3
Dragoş,3,0,3
Dragosh,3,0,3
Draguna,0,3,3
Draham,3,0,3
Drahcir,3,0,3
Drahuska,0,3,3
Drahuška,0,3,3
Draina,0,3,3
Drajonair,3,0,3
Drakan,3,0,3
Drakhan,3,0,3
Drako,3,0,3
Drakon,3,0,3
Drakos,3,0,3
Dramani,3,0,3
Drame,3,0,3
Dramé,3,0,3
Dramee,3,0,3
Dranger,3,0,3
Dranna,0,3,3
Dranyelly,0,3,3
Dras,3,0,3
Drashika,0,3,3
Drasius,3,0,3
Dravida,0,3,3
Dravik,3,0,3
Dravindredath,3,0,3
Drawin,3,0,3
Drawinand,3,0,3
Drawita,0,3,3
Draycen,3,0,3
Draychelle,0,3,3
Drayda,0,3,3
Drayden,3,0,3
Draylon,3,0,3
Draynishaina,0,3,3
Drayviendry,3,0,3
Drayxavier,3,0,3
Drazan,3,0,3
Drazen,3,0,3
Draženka,0,3,3
Drazzic,3,0,3
Dré-Khalif,3,0,3
Dreayen,3,0,3
Dreciana,0,3,3
Dréciano,3,0,3
Dredd,3,0,3
Dredley,3,0,3
Dreek,3,0,3
Dreesha,0,3,3
Dreesien,0,3,3
Dreeske,0,3,3
Dreetjuh,3,0,3
Dreeuwske,0,3,3
Drefa,0,3,3
Dreginyo,3,0,3
Drehan,3,0,3
Dreisli,3,0,3
Dréjan,3,0,3
Drejan,3,0,3
Dréjean,3,0,3
Drejton,3,0,3
Dreke,0,3,3
Drely,3,0,3
Drem,3,0,3
Drémar,3,0,3
Dremilandres,3,0,3
Dremishello,3,0,3
Dremy,3,0,3
Drena,0,3,3
Dreni,3,0,3
Drenis,3,0,3
Drenna,0,3,3
Drent,3,0,3
Drentske,0,3,3
Dresdal,3,0,3
Dresien,0,3,3
Dreson,3,0,3
Dress,3,0,3
Dresy,0,3,3
Dreufus,3,0,3
Dreuwina,0,3,3
Drevendra,3,0,3
Dreviènne,0,3,3
Dréw,0,3,3
Drewan,3,0,3
Drewelina,0,3,3
Dréwen,3,0,3
Drewien,3,0,3
Drewin,3,0,3
Drewinder,3,0,3
Drewinderdew,3,0,3
Drewinus,3,0,3
Drewshalin,0,3,3
Drex,3,0,3
Dreymiun,3,0,3
Drezic,3,0,3
Drezie,0,3,3
Drgam,3,0,3
Drheyko,3,0,3
Driana,0,3,3
Driane,3,0,3
Drians,3,0,3
Drico,3,0,3
Dricsjuandro,3,0,3
Drid,3,0,3
Dridewroko,3,0,3
Drieck,3,0,3
Driecke,0,3,3
Drieën,0,3,3
Drieëtte,0,3,3
Drieks,3,0,3
Driën,0,3,3
Drien,0,3,3
Driene,0,3,3
Drieneke,0,3,3
Dries-Evert,3,0,3
Driescill,0,3,3
Drieseréé,0,3,3
Drieseree,0,3,3
Drieset,0,3,3
Drieshty,0,3,3
Driesiena,0,3,3
Driesjan,3,0,3
Driesjen,0,3,3
Drieska,0,3,3
Driessano,3,0,3
Driesse,3,0,3
Driessina,0,3,3
Driest,3,0,3
Driesthy,0,3,3
Driesz,3,0,3
Driewana,0,3,3
Driewiena,0,3,3
Drija,3,0,3
Drikske,0,3,3
Drillan,3,0,3
Drinart,3,0,3
Drine,0,3,3
Drinus,3,0,3
Drioich,3,0,3
Driouch,3,0,3
Drisa,0,3,3
Driscol,3,0,3
Driséra,0,3,3
Drishaansing,3,0,3
Drishara,0,3,3
Drishay,3,0,3
Drishiya,0,3,3
Drishtdyuman,3,0,3
Drishti-Devi,0,3,3
Drisia,0,3,3
Driskaa,0,3,3
Driss-Lakbir,3,0,3
Drisse,3,0,3
Drissi,3,0,3
Drissila,0,3,3
Drissmatu,0,3,3
Drithi,0,3,3
Dritonit,3,0,3
Driva,0,3,3
Drivald,3,0,3
Driziena,0,3,3
Drizz,3,0,3
Dro,3,0,3
Drobo,0,3,3
Drocilla,0,3,3
Droen,0,3,3
Droepadih,0,3,3
Droesilia,0,3,3
Droesje,0,3,3
Droesjka,0,3,3
Droewenarainsingh,3,0,3
Drohan,3,0,3
Drohn,3,0,3
Dromelijn,0,3,3
Dromelot,0,3,3
Dronacharya,3,0,3
Dronatjar,3,0,3
Dronha,3,0,3
Droom,0,3,3
Dropatie,0,3,3
Dropetie,0,3,3
Droshn,3,0,3
Drostan,3,0,3
Drouhin,0,3,3
Drozjan,3,0,3
Druart,3,0,3
Drucela,0,3,3
Drucila,0,3,3
Drucillia,0,3,3
Drucylla,0,3,3
Druhangeley,0,3,3
Drûiws,3,0,3
Drujola,0,3,3
Druke,0,3,3
Drum,3,0,3
Drumengeley,0,3,3
Drummado,3,0,3
Druna,0,3,3
Drunnella,0,3,3
Drupathi,0,3,3
Druppeltje,0,3,3
Druscela,0,3,3
Drusius,3,0,3
Druson,3,0,3
Drussela,0,3,3
Drussella,0,3,3
Drutcela,0,3,3
Druthelio,3,0,3
Druuna,0,3,3
Druus,3,0,3
Druv,3,0,3
Druvenshell,3,0,3
Dryad,3,0,3
Dryas,3,0,3
Dryendel,3,0,3
Dryon,3,0,3
Drysten,3,0,3
Dschafar,3,0,3
Dschigme,0,3,3
Dshamilja,0,3,3
Dshanté,0,3,3
Dshawndele,0,3,3
Dshay-Anna,0,3,3
Dshayra,0,3,3
Dshayrion,3,0,3
Dshine,3,0,3
Dshomar,3,0,3
Dshyro,3,0,3
Dsjang,0,3,3
Dsjynairo,3,0,3
Dsjyrina,0,3,3
Dsquared,3,0,3
Dtishti,0,3,3
Du'ale,3,0,3
Du'ayb,3,0,3
Du'Chandrion,3,0,3
Du'jaine,3,0,3
Du-Bois,3,0,3
Du-Wu-Feng,3,0,3
Duaale,3,0,3
Duae,0,3,3
Dualeh,3,0,3
Dûan,3,0,3
Duãn,0,3,3
Dúana,0,3,3
Duana,0,3,3
Duàne,0,3,3
Duané,3,0,3
Duâne,3,0,3
Duane-John,3,0,3
Duane-Jordann,3,0,3
Duane-Lee,3,0,3
Duang,0,3,3
Duangwan,0,3,3
Duanice,0,3,3
Duanitchio,3,0,3
Duanke,0,3,3
Duanlan,3,0,3
Duannley,0,3,3
Duanra,0,3,3
Duante,3,0,3
Duantè,0,3,3
Duanur,0,3,3
Duanytcho,3,0,3
Duard,3,0,3
Duarly,3,0,3
Duarshirlien,0,3,3
Duart,3,0,3
Duasti,3,0,3
Duasu,0,3,3
Dubaern,3,0,3
Dùbash,3,0,3
Dubbel,3,0,3
Dubbelle,3,0,3
Dubbelt,3,0,3
Dubberlysse,0,3,3
Dube,3,0,3
Dubé,3,0,3
Dubem,3,0,3
DuBeyond,3,0,3
Dubh,0,3,3
Dubi,3,0,3
Dubiënne,0,3,3
Dubin,3,0,3
Dubjiên,3,0,3
Dubno,3,0,3
Duboné,3,0,3
Dubora,0,3,3
Duborg,3,0,3
Dubravko,3,0,3
Dubrilla,0,3,3
Dubrosius,0,3,3
Duc-Anh,3,0,3
Duc-Binh,3,0,3
Duc-Hoa,3,0,3
Duc-Milan,3,0,3
Duc-Phong,3,0,3
Duc-Thao,3,0,3
Duc-Thông,3,0,3
Ducana,3,0,3
Duçanca,0,3,3
Ducardo,3,0,3
Ducati,3,0,3
Ducca,3,0,3
Duccan,3,0,3
Duce,3,0,3
Ducela,0,3,3
Duçem,0,3,3
Duchairo,3,0,3
Duchan,3,0,3
Duchane,3,0,3
Duchanka,0,3,3
Duchardes,3,0,3
Duchardney,3,0,3
Ducharme,0,3,3
Duchein,3,0,3
Duchel,3,0,3
Duchenne,3,0,3
Ducheska,0,3,3
Duchesnea,0,3,3
Duchess,0,3,3
Duchesse,0,3,3
Duchien,3,0,3
Duchiënne,3,0,3
Duchin,3,0,3
Ducia,0,3,3
Ducian,3,0,3
Ducie,0,3,3
Duciel,0,3,3
Ducil,0,3,3
Ducke,0,3,3
Ducklas,3,0,3
Ducky,0,3,3
Ducleaux,3,0,3
Duco-Bob,3,0,3
Duco-Daan,3,0,3
Ducoline,0,3,3
Ducon,3,0,3
Ducowina,0,3,3
Ductai,3,0,3
Ducyca,0,3,3
Ducydasha,0,3,3
Duda,3,0,3
Duda-Manuel,3,0,3
Dudayev,3,0,3
Dudchently,3,0,3
Duddly,3,0,3
Duddy,3,0,3
Dude,3,0,3
Dudek,3,0,3
Dudeyliano,3,0,3
Dudjan,3,0,3
Dudlen,3,0,3
Dudleymar,3,0,3
Dudrich,3,0,3
Dudthly,3,0,3
Dudubeyda,0,3,3
Dudunaz,0,3,3
Dudus,3,0,3
Duduzile,0,3,3
Düdy,0,3,3
Dudyen,0,3,3
Dueca,0,3,3
Duël,3,0,3
Duela,0,3,3
Duella,0,3,3
Duelle,0,3,3
Dueña,0,3,3
Duëna,0,3,3
Duenci,3,0,3
Duender,3,0,3
Duene,3,0,3
Duenjeanla,0,3,3
Duènn,0,3,3
Duenne,0,3,3
Duert,3,0,3
Duette,0,3,3
Dufargell,3,0,3
Dufera,0,3,3
Duffera,3,0,3
Duffie,0,3,3
Dufine,0,3,3
Dufour,3,0,3
Dufresne,3,0,3
Dugagjin,3,0,3
Dugald,3,0,3
Dugary,3,0,3
Dugi,3,0,3
Dugule,3,0,3
Duguneh,3,0,3
Dûha,3,0,3
Düha,3,0,3
Duhân,3,0,3
Duhan-Nur,0,3,3
Duhanur,0,3,3
Duhe,3,0,3
Duifien,3,0,3
Duifjen,0,3,3
Duijfje,0,3,3
Duilioamo,3,0,3
Duimelot,0,3,3
Duimphina,0,3,3
Duintina,0,3,3
Duïnya,0,3,3
Duir,3,0,3
Duiveke,0,3,3
Duivina,0,3,3
Duja,3,0,3
Dujaanah,0,3,3
Dujan,3,0,3
Dujanah,0,3,3
Dujennie,0,3,3
Dujo,3,0,3
Dujonne,0,3,3
Dujour,0,3,3
Duk,3,0,3
Dukdak,3,0,3
Duke-Denise,0,3,3
Dukiena,0,3,3
Dukion,3,0,3
Dukkeliene,0,3,3
Dukkha,0,3,3
Dukoh,0,3,3
Dukson,3,0,3
Duku,3,0,3
Dukuray,3,0,3
Dukuze,3,0,3
dül,0,3,3
Dulaahi,3,0,3
Dulahi,3,0,3
Dulakshe,3,0,3
Dulan,3,0,3
Dulcamar,3,0,3
Dulce-Flore,0,3,3
Dulce-maria,0,3,3
Dulcea,0,3,3
Dulcelina,0,3,3
Dulceline,0,3,3
Dulcemar,0,3,3
Dúlcémaria,0,3,3
Dulcendra,0,3,3
Dulceneia,0,3,3
Dulcenia,0,3,3
Dulcette,0,3,3
Dulchara,0,3,3
Dulciaan,0,3,3
Dulciano,3,0,3
Dulcibella,0,3,3
Dulciene,0,3,3
Dulciëne,0,3,3
Dulcilene,0,3,3
Dulcina,0,3,3
Dulcinha,0,3,3
Dulcybelle,0,3,3
Dulcynea,0,3,3
Dulé,3,0,3
Duléé,3,0,3
Duleen,3,0,3
Duleida,0,3,3
Duleke,0,3,3
Dulencefyan,3,0,3
Dúlenn,0,3,3
Duleymis,0,3,3
Dulfina,0,3,3
Dulfine,0,3,3
Dulguun,3,0,3
Dulianus,3,0,3
Dulice,0,3,3
Duliënne,0,3,3
Dulija,0,3,3
Dulijon,3,0,3
Dúlio,3,0,3
Dulius,3,0,3
Dulkefl,3,0,3
Dulkie,3,0,3
Dullah,0,3,3
Dullereen,0,3,3
Dulles,3,0,3
Dullina,0,3,3
Dullivan,3,0,3
Dullyna,0,3,3
Dulsey,0,3,3
Dulshad,3,0,3
Dulsina,0,3,3
Dultje,0,3,3
Dulvé,0,3,3
Dulviani,0,3,3
Dulzare,0,3,3
Dulzia,0,3,3
Dulzino,3,0,3
Dumain,3,0,3
Dumaine,3,0,3
Dumalandrie,3,0,3
Dumali,0,3,3
Dumar,3,0,3
Dumbo,3,0,3
Dumé,0,3,3
Dumiana,0,3,3
Dumindha,0,3,3
Duminggas,0,3,3
Duminggoes,3,0,3
Dumisa,3,0,3
Dumky,3,0,3
Dumnodi,0,3,3
Dun,3,0,3
Dunã,0,3,3
Dunaj,3,0,3
Dunamgery,3,0,3
Dunante,0,3,3
Dunaun,3,0,3
Dunavka,0,3,3
Dunca,0,3,3
Duncan-Walker,3,0,3
Dunccan,3,0,3
Duncer,3,0,3
Dunchall,3,0,3
Duncin,3,0,3
Duncinella,0,3,3
Dunckun,3,0,3
Dundee,0,3,3
Dundee-Duncan,3,0,3
Dundu,0,3,3
Düne,0,3,3
Dûne,0,3,3
Duneh,3,0,3
Dunel,0,3,3
Dunelsqa,0,3,3
Dunesjka,0,3,3
Dunetschka,0,3,3
Duneya,0,3,3
Dúngal,3,0,3
Dünia,0,3,3
Duniah,0,3,3
Dunie,3,0,3
Düniya,0,3,3
Duniyo,0,3,3
Dűnja,0,3,3
Dunjah,0,3,3
Dunjana,0,3,3
Dunken,3,0,3
Dunley,3,0,3
Dunlop,3,0,3
Dunna,0,3,3
Duno,3,0,3
Dunoël,3,0,3
Duny,0,3,3
Dûnya,0,3,3
Dunyaanies,0,3,3
Dünyam,0,3,3
Dünyamin,3,0,3
Dunyasha,0,3,3
Duoduo,0,3,3
Duomoh,3,0,3
Duon,3,0,3
Düong,3,0,3
Duori,0,3,3
Duoyan,3,0,3
Dupe,0,3,3
Duperey,3,0,3
Duphnine,0,3,3
Dupina,0,3,3
Dupré,3,0,3
Duprey,3,0,3
Duquessa,0,3,3
Duquiona,0,3,3
Dur-E-Shehwar,0,3,3
Dura,0,3,3
Duraghini,0,3,3
Düran,3,0,3
Durana,0,3,3
Durance,0,3,3
Durando,3,0,3
Duranie,0,3,3
Duranté,3,0,3
Durany,3,0,3
Durati,3,0,3
Duray,3,0,3
Durban,3,0,3
Durbin,3,0,3
Durda,0,3,3
Durdanegül,0,3,3
Dürdanenur,0,3,3
Durdarshi,3,0,3
Durdica,0,3,3
Durdjodhun,3,0,3
Durduhan,3,0,3
Durea,0,3,3
Dureau,3,0,3
Dureesa,3,0,3
Durell,3,0,3
Durengo,3,0,3
Durentina,0,3,3
Duresa,0,3,3
Duretti,0,3,3
Durfal,3,0,3
Durfine,0,3,3
Durfke,0,3,3
Durftje,0,3,3
Durgã,0,3,3
Durgaa,0,3,3
Durgacharan,3,0,3
Durgadevi,0,3,3
Durgadutt,3,0,3
Durganandini,0,3,3
Durgapersad,3,0,3
Durgé,3,0,3
Durgesha,0,3,3
Durgha,0,3,3
Durgül,0,3,3
Durgun,3,0,3
Durhak,3,0,3
Durhan,3,0,3
Durhasan,3,0,3
Durijesh,3,0,3
Durijn,3,0,3
Durinda,0,3,3
Duriya,0,3,3
Dűriye,0,3,3
Durja,3,0,3
Durk-Evert,3,0,3
Durk-Pieter,3,0,3
Durkadın,0,3,3
Durkerika,0,3,3
Durkje-Aaltje,0,3,3
Durko,3,0,3
Durktje,0,3,3
Durmi,0,3,3
Durmin,3,0,3
Durmuşali,3,0,3
Durmuşcan,3,0,3
Durmuşefe,3,0,3
Durmuşhan,3,0,3
Durna,0,3,3
Durnah,0,3,3
Durong,3,0,3
Durowaa,0,3,3
Durowaah,0,3,3
Durowah,0,3,3
Durowoaah,0,3,3
Durran,3,0,3
Durrel,3,0,3
Durreyd,3,0,3
Durri,0,3,3
Durritia,0,3,3
Dürriye,0,3,3
Durry,0,3,3
Durrylinn,0,3,3
Dursa,0,3,3
Dursah,0,3,3
Dursan,3,0,3
Durşen,0,3,3
Dursin,0,3,3
Dursine,0,3,3
Dursitu,0,3,3
Dursul,0,3,3
Dürsün,0,3,3
Dursun-Kűrşat,3,0,3
Dursuncan,3,0,3
Dursunel,0,3,3
Dursunnisa,0,3,3
Dürtge,0,3,3
Duruibe,3,0,3
Duruntina,0,3,3
Duruşah,0,3,3
Duruşan,0,3,3
Duruye,0,3,3
Durvien,3,0,3
Durvin,3,0,3
Durvine,0,3,3
Durvish,3,0,3
Durwinn,3,0,3
Dury,3,0,3
Duryantian,3,0,3
Duryly,3,0,3
Duśan,3,0,3
Dusăn,0,3,3
Dusana,0,3,3
Dusange,0,3,3
Dûsanka,0,3,3
Düsanka,0,3,3
Dusanna,0,3,3
Dusannah,0,3,3
Dusano,3,0,3
Dusanthan,3,0,3
Dusanthe,3,0,3
Düsca,0,3,3
Duschanka,0,3,3
Duschein,3,0,3
Duschenka,0,3,3
Duschinka,0,3,3
Dusco,3,0,3
Duseryo,3,0,3
Dusha,0,3,3
Dushaika,0,3,3
Dushenna,0,3,3
Dushently,3,0,3
Dushiayra,0,3,3
Dushiento,3,0,3
Dushyanth,3,0,3
Dushyanti,0,3,3
Dushyiani,0,3,3
Dusia,0,3,3
Dusija,0,3,3
Dusit,3,0,3
Dŭsja,0,3,3
Dusjant,3,0,3
Dusjko,3,0,3
Duskin,0,3,3
Dusolina,0,3,3
Duşra,0,3,3
Dussanjh,3,0,3
Dussells,3,0,3
Dussels,3,0,3
Dussey,3,0,3
Dustean,3,0,3
Dustian,3,0,3
Dustiano,3,0,3
Dustie,0,3,3
Dustiene,0,3,3
Dustin-Daniëll,3,0,3
Dustin-Dwight,3,0,3
Dustin-Michael,3,0,3
Dustine,0,3,3
Dustiny,0,3,3
Dustley,3,0,3
Dusty-Boyd,3,0,3
Dusty-Ryder,3,0,3
Dusu,3,0,3
Dūşūm,0,3,3
Düşüm,0,3,3
Dut,3,0,3
Duta,3,0,3
Dutchess,0,3,3
Dutchika,0,3,3
Dutchy,3,0,3
Duteijne,0,3,3
Dutinder,3,0,3
Dutleyson,3,0,3
Dutmer,3,0,3
Duto,3,0,3
Dutri,0,3,3
Dutsaida,0,3,3
Dutsie,0,3,3
Dutsy,0,3,3
Dutta,3,0,3
Duuck,3,0,3
Duud,3,0,3
Duuf,0,3,3
Duum,0,3,3
Duunn,3,0,3
Duurko,3,0,3
Duurtine,0,3,3
Duusje,0,3,3
Duvaan,3,0,3
Duvae,0,3,3
Duvaine,0,3,3
Duvall,3,0,3
Duvee,0,3,3
Duver,3,0,3
Duvigna,0,3,3
Duvnphna,0,3,3
Düvsen,3,0,3
Duw,0,3,3
Duwa,0,3,3
Duwailyce,0,3,3
Duwaine,3,0,3
Duwana,0,3,3
Duwane,3,0,3
Duwaraha,0,3,3
Duward,3,0,3
Duwattje,0,3,3
Duwegarda,0,3,3
Duwel-Jenelee,0,3,3
Duwèn,3,0,3
Duwenja,0,3,3
Duwera,0,3,3
Duwerina,0,3,3
Duwienus,3,0,3
Duwik,0,3,3
Duwine,0,3,3
Duwiyanto,3,0,3
Duwthika,0,3,3
duy,3,0,3
Duy-Dinh,3,0,3
Duycuong,3,0,3
Duyemo,3,0,3
Duyenne,0,3,3
Duyfken,0,3,3
Duyǵu,0,3,3
Duygu-Asena,0,3,3
Duygunisa,0,3,3
Duygunur,0,3,3
Duyker,0,3,3
Duykhanh,3,0,3
Duyxsi,3,0,3
Dúzgún,3,0,3
Duzon,3,0,3
Duzoñe,3,0,3
Duzyano,3,0,3
Dvanne,0,3,3
Dvijesh,3,0,3
Dvir,3,0,3
Dvonia,0,3,3
Dwaase,3,0,3
Dwaen,3,0,3
Dwaid,3,0,3
Dwaight,3,0,3
Dwainey,3,0,3
Dwainisha,0,3,3
Dwaite,3,0,3
Dwaith,3,0,3
Dwaiyne,3,0,3
Dwandana,0,3,3
Dwandley,3,0,3
Dwanja,0,3,3
Dwanmena,3,0,3
Dwanna,0,3,3
Dwaraisha,0,3,3
Dwaresa,0,3,3
Dwarka,3,0,3
Dwarlene,0,3,3
Dwarsha,0,3,3
Dwasna,0,3,3
Dwayde,3,0,3
Dwayen,3,0,3
Dwayenne,0,3,3
Dwayna,3,0,3
Dwayncio,3,0,3
Dwayne-Jamal,3,0,3
Dwayne-Kelvin,3,0,3
Dwaynelo,3,0,3
Dwaynice,0,3,3
Dwaynilio,3,0,3
Dwaynley,3,0,3
Dwayson,3,0,3
Dwé,3,0,3
Dwean,3,0,3
Dwehny,0,3,3
Dweith,3,0,3
Dwemoh,3,0,3
Dwenchelo,3,0,3
Dwendo,3,0,3
Dwenn,0,3,3
Dwensly,3,0,3
Dwentarina,0,3,3
Dwentley,3,0,3
Dwenya,0,3,3
Dwéquenso,3,0,3
Dwiadmaja,3,0,3
Dwichandra,0,3,3
Dwide,3,0,3
Dwie,0,3,3
Dwieka,0,3,3
Dwiena,0,3,3
Dwieneke,0,3,3
Dwieta,0,3,3
Dwigh-Shalaino,3,0,3
Dwighson,3,0,3
Dwight-Anthony,3,0,3
Dwight-Brian,3,0,3
Dwight-Jamill,3,0,3
Dwight-Javon,3,0,3
Dwightley,3,0,3
Dwigt,3,0,3
Dwiguna,3,0,3
Dwijanto,3,0,3
Dwijesh,3,0,3
Dwikalandoro,3,0,3
Dwiko,3,0,3
Dwiky,3,0,3
Dwim,3,0,3
Dwina,0,3,3
Dwinand,3,0,3
Dwinaty,0,3,3
Dwine,0,3,3
Dwinny,0,3,3
Dwinta,0,3,3
Dwipa,3,0,3
Dwipayana,3,0,3
Dwipayani,0,3,3
Dwipuspitasari,0,3,3
Dwiputra,3,0,3
Dwira,3,0,3
Dwirah,0,3,3
Dwiseptiana,0,3,3
Dwisha,0,3,3
Dwitama,3,0,3
Dwivedi,0,3,3
Dwiwiyarti,0,3,3
Dwiyansyah,0,3,3
Dwiyanti,0,3,3
DWJ,0,3,3
DWM,3,0,3
Dworah,0,3,3
Dwotje,0,3,3
Dwoyne,3,0,3
Dwumfuor,3,0,3
Dwumoh,0,3,3
Dwyght,3,0,3
Dwyner,3,0,3
Dwyrichelo,3,0,3
Dwyte,3,0,3
Dy'anchely,0,3,3
Dy'Angelo,3,0,3
Dy'arra,0,3,3
Dy'chagwaine,0,3,3
Dy'chelayno,3,0,3
Dy'cherdenio,3,0,3
Dy'chermairo,3,0,3
Dy'ginaro,3,0,3
Dy'laica,0,3,3
Dy'miliarose,0,3,3
Dy'naira,0,3,3
Dy'nerio,3,0,3
Dy'Nero,3,0,3
Dy'shaelyan,0,3,3
Dy'shaino,3,0,3
Dy'shairah,0,3,3
Dy'vaine,3,0,3
Dy'vensio,3,0,3
Dy-ailys,0,3,3
Dy-Angelis,0,3,3
Dy-Angelo,3,0,3
Dy-Anna,0,3,3
Dy-Cherely,0,3,3
Dy-Chiano,3,0,3
Dy-Énise,0,3,3
Dy-Faithely,0,3,3
Dy-Jaen,3,0,3
Dy-jaino,3,0,3
Dy-Jairo,3,0,3
Dy-Mairo,3,0,3
Dy-shanaira,0,3,3
Dy-shaun,3,0,3
Dy-shawn,3,0,3
Dy-Sheraino,3,0,3
Dy-vairo,3,0,3
Dya-Dyi,0,3,3
Dyable,3,0,3
Dyacintha,0,3,3
Dyade,3,0,3
Dyae,0,3,3
Dyaebel,3,0,3
Dyaèla,0,3,3
Dyaëla,0,3,3
Dyaelis,0,3,3
Dyaella,0,3,3
Dyaenick,3,0,3
Dyaevòn,3,0,3
Dyahnaisa,0,3,3
Dyahya-Dee,0,3,3
Dyai-Lin,3,0,3
Dyaïda,0,3,3
Dyaila,0,3,3
Dyailisa,0,3,3
Dyaino,3,0,3
Dyainseley,3,0,3
Dyairen,3,0,3
Dyáirh,3,0,3
Dyaïro,3,0,3
Dyairow,3,0,3
Dyaj,3,0,3
Dyaja,0,3,3
Dyajomy,0,3,3
Dyakez,3,0,3
Dyalan,3,0,3
Dyalaysha,0,3,3
Dyaldys,0,3,3
Dyaldyson,3,0,3
Dyale,3,0,3
Dyalen,3,0,3
Dyaley,3,0,3
Dyalia,0,3,3
Dyaliena,0,3,3
Dyalisia,0,3,3
Dyalissa,0,3,3
Dyaluna,0,3,3
Dyalyna,0,3,3
Dyamahl,3,0,3
Dyamaicha,0,3,3
Dyamaira,0,3,3
Dyamantey,3,0,3
Dyamantha,0,3,3
Dyamanthy,0,3,3
Dyamara,0,3,3
Dyamarsha,0,3,3
Dyamay,3,0,3
Dyame,3,0,3
Dyamel,3,0,3
Dyamie,3,0,3
Dyamila,0,3,3
Dyamillia,0,3,3
Dyamillo,3,0,3
Dyamiro,3,0,3
Dyamon,3,0,3
Dyamont,3,0,3
Dyan-Alexandria,0,3,3
Dyanä,0,3,3
Dyanah,0,3,3
Dyanairich,0,3,3
Dyanairo,3,0,3
Dyanaisa,0,3,3
Dyanaisha,0,3,3
Dyanarah,0,3,3
Dyance,0,3,3
Dyanci,3,0,3
Dyanco,3,0,3
Dyanden,3,0,3
Dyandi,3,0,3
Dyandrah,0,3,3
Dyandre,3,0,3
Dyandré,3,0,3
Dyandy,0,3,3
Dyané,3,0,3
Dyanecy,0,3,3
Dyanera,0,3,3
Dyanesia,0,3,3
Dyangela,0,3,3
Dyangelin,0,3,3
Dyangeri,3,0,3
Dyangero,3,0,3
Dyanica,0,3,3
Dyanice,0,3,3
Dyanilo,3,0,3
Dyanischia,0,3,3
Dyanisio,3,0,3
Dyanko,3,0,3
Dyannai,0,3,3
Dyänne,0,3,3
Dyannelia,0,3,3
Dyannelie,0,3,3
Dyanola,0,3,3
Dyant,3,0,3
Dyanté,3,0,3
Dyanthe-Anne,0,3,3
Dyanthel,0,3,3
Dyanthony,3,0,3
Dyara-Romaysa,0,3,3
Dyaran,3,0,3
Dyardeniën,3,0,3
Dyareno,3,0,3
Dyaresko,3,0,3
Dyarha,0,3,3
Dyarie,3,0,3
Dyarlissa,0,3,3
Dyarmo,3,0,3
Dyaron,3,0,3
Dyarrell,3,0,3
Dyarro,3,0,3
Dyas,3,0,3
Dyaseron,3,0,3
Dyasha,0,3,3
Dyasmin,0,3,3
Dyaswant,3,0,3
Dyavino,3,0,3
Dyaxx,3,0,3
Dyayro,3,0,3
Dyayvano,3,0,3
Dyazan,3,0,3
Dyazlinne,0,3,3
Dyazmillia,0,3,3
Dycaira,0,3,3
Dycé,0,3,3
Dyce-Lee,3,0,3
Dycenne,0,3,3
Dychaily,0,3,3
Dychainie,0,3,3
Dychainoh,3,0,3
Dychanairo,3,0,3
Dychanayra,0,3,3
Dychandley,3,0,3
Dychaneli,0,3,3
Dychanell,0,3,3
Dychario,3,0,3
Dychavenna,0,3,3
Dyche,3,0,3
Dychelen,0,3,3
Dychenaily,0,3,3
Dychenairo,3,0,3
Dychénally,0,3,3
Dychendley,3,0,3
Dychentely,0,3,3
Dychero,3,0,3
Dycheviero,3,0,3
Dychinairo,3,0,3
Dychiro,3,0,3
Dychiva,0,3,3
Dycho,3,0,3
Dycianey,0,3,3
Dyciano,3,0,3
Dyciëna,0,3,3
Dycienna,0,3,3
Dycka,0,3,3
Dycke-Fardau,0,3,3
Dydiano,3,0,3
Dydjano,3,0,3
Dydra,0,3,3
Dydria,0,3,3
Dydsje,0,3,3
Dydy,0,3,3
Dydyano,3,0,3
Dyé,3,0,3
Dyé-Malick,3,0,3
Dyea,0,3,3
Dyean,0,3,3
Dyeandro,3,0,3
Dyearah,0,3,3
Dyeblo,3,0,3
Dyecelin,0,3,3
Dyeden,3,0,3
Dyeelinn,0,3,3
Dyêgô,3,0,3
Dyégo,3,0,3
Dyela,0,3,3
Dyelain,0,3,3
Dyeliana,0,3,3
Dyelin,3,0,3
Dyelissa,0,3,3
Dyelvana,0,3,3
Dyèm,0,3,3
Dyemi,0,3,3
Dyemi-Djano,3,0,3
Dyéna,0,3,3
Dyenaira,0,3,3
Dyenaisa,0,3,3
Dyenaya,0,3,3
Dyenchely,0,3,3
Dyenco,3,0,3
Dyendo,3,0,3
Dyendra,0,3,3
Dyendro,3,0,3
Dyene,0,3,3
Dyenelin,0,3,3
Dyengelo,3,0,3
Dyenice,0,3,3
Dyénie,0,3,3
Dyenn,3,0,3
Dyenno,3,0,3
Dyéno,3,0,3
Dyensi,0,3,3
Dyènso,3,0,3
Dyenthe,0,3,3
Dyenthelo,3,0,3
Dyentho,3,0,3
Dyento,3,0,3
Dyeon,3,0,3
Dyereno,3,0,3
Dyermen,3,0,3
Dyermo,3,0,3
Dyero,3,0,3
Dyerondrik,3,0,3
Dyeshua,3,0,3
Dyess,0,3,3
Dyessïr,3,0,3
Dyesslinn,0,3,3
Dyesslynn,0,3,3
Dyesthe,3,0,3
Dyestin,3,0,3
Dyestino,3,0,3
Dyevan,3,0,3
Dyevano,3,0,3
Dyevedley,3,0,3
Dyevi,3,0,3
Dyex,3,0,3
Dyexx,3,0,3
Dyez,3,0,3
Dyezz,3,0,3
Dyfa,0,3,3
Dyfaino,3,0,3
Dyfanjah,0,3,3
Dyferdio,3,0,3
Dyfredyaino,3,0,3
Dyfri,0,3,3
Dyge,0,3,3
Dygean,3,0,3
Dygeeyllo,3,0,3
Dygeney,0,3,3
Dyginna,0,3,3
Dygiorgie,3,0,3
Dygna,0,3,3
Dyguan,3,0,3
Dyhia,0,3,3
Dyhlia,0,3,3
Dyhna,0,3,3
Dyhnaisa,0,3,3
Dyhnes,0,3,3
Dyia,0,3,3
Dyiani,3,0,3
Dyiannio,3,0,3
Dyianoe,3,0,3
Dyiar,3,0,3
Dyiesha,0,3,3
Dyigiana,0,3,3
Dyima,0,3,3
Dyindhar,3,0,3
Dyinta,0,3,3
Dyione,0,3,3
Dyiri,3,0,3
Dyishwarie,0,3,3
Dyisse,3,0,3
Dyiu,3,0,3
Dyjana,0,3,3
Dyjanysha,0,3,3
Dyjaro,3,0,3
Dyjay,3,0,3
Dyjen,3,0,3
Dykaene,3,0,3
Dykenzo,3,0,3
Dykes,0,3,3
Dyko,3,0,3
Dykra,0,3,3
Dyl-Jean,3,0,3
Dylae,3,0,3
Dylaica,3,0,3
Dylaidjo,3,0,3
Dylaila-Renesmeé,0,3,3
Dylaima,0,3,3
Dylains,0,3,3
Dylaïren,3,0,3
Dylairo,3,0,3
Dylaizja,0,3,3
Dylama,0,3,3
Dylamo,3,0,3
Dylàn,3,0,3
Dýlan,3,0,3
Dylan-Ad,3,0,3
Dylan-Adriaan,3,0,3
Dylan-Diëgo,3,0,3
Dylan-Gijs,3,0,3
Dylan-Jay,3,0,3
Dylan-Jessy,3,0,3
Dylan-Jo,3,0,3
Dylan-Julian,3,0,3
Dylan-June-Marley,0,3,3
Dylan-Liam,3,0,3
Dylan-Monique,0,3,3
Dylan-Thomas,3,0,3
Dylan-Tyler,3,0,3
"Dylana,",0,3,3
Dylana-Joy,0,3,3
Dylana-Maria,0,3,3
Dylana-Romee,0,3,3
Dyland,3,0,3
Dylanda,0,3,3
Dylandro,3,0,3
Dylangelo,3,0,3
Dylänisa,0,3,3
Dylanisa,0,3,3
Dylanne,0,3,3
Dylàno,3,0,3
Dylanó,3,0,3
Dylano-Gilvanni,3,0,3
Dylano-Joe,3,0,3
Dylano-River,3,0,3
Dylany,0,3,3
Dylanyo,3,0,3
Dylara-Julia,0,3,3
Dylarah-Joy,0,3,3
Dylarius,3,0,3
Dylaro,3,0,3
Dylayah,0,3,3
Dylaysha,0,3,3
Dylean,3,0,3
Dyleana,0,3,3
Dyleane,0,3,3
Dyleen,0,3,3
Dyleena,0,3,3
Dyleenja,0,3,3
Dyleilla,0,3,3
Dyleisa,0,3,3
Dylek,0,3,3
Dylencinio,3,0,3
Dylenoah,3,0,3
Dylermo,3,0,3
Dyleyla,0,3,3
Dylice,0,3,3
Dyliën,3,0,3
Dyliëne,0,3,3
Dyliënne,0,3,3
Dylieson,3,0,3
Dylima,3,0,3
Dylinda,0,3,3
Dyline,0,3,3
Dylinno,3,0,3
Dylino,3,0,3
Dylishah,0,3,3
Dylishia,0,3,3
Dyllan-Demian,3,0,3
Dyllan-Karl,3,0,3
Dyllana,0,3,3
Dyllandro,3,0,3
Dyllann,3,0,3
Dylle,0,3,3
Dyllène,0,3,3
Dylleni,0,3,3
Dylles,3,0,3
Dyllisa,0,3,3
Dyllison,3,0,3
Dylmar,3,0,3
Dyloe,0,3,3
Dylogène,3,0,3
Dylquensio,3,0,3
Dylshaad,3,0,3
Dylsina,0,3,3
Dylson,3,0,3
Dylton,3,0,3
Dyluca,3,0,3
Dylundo,3,0,3
Dylvan,3,0,3
Dylvano,3,0,3
Dylwyn,3,0,3
Dylyano,3,0,3
Dylyny,0,3,3
Dym,3,0,3
Dymaggio,3,0,3
Dymah,0,3,3
Dymai,3,0,3
Dymaikel,3,0,3
Dymaily,0,3,3
Dymaine,0,3,3
Dymalia,0,3,3
Dyman,3,0,3
Dymanio,3,0,3
Dymantha,0,3,3
Dymara,0,3,3
Dymariziano,3,0,3
Dymeiro,3,0,3
Dymelsa,0,3,3
Dymelza,0,3,3
Dymer,3,0,3
Dymetri,3,0,3
Dymf,0,3,3
Dymfny,0,3,3
Dymian,3,0,3
Dymiana,0,3,3
Dymili,0,3,3
Dymitr,3,0,3
Dymke,0,3,3
Dymme,3,0,3
Dymont,0,3,3
Dymoreno,3,0,3
Dympena,0,3,3
Dympfina,0,3,3
Dymphene,0,3,3
Dympheni,0,3,3
Dymphenus,3,0,3
Dymphey,0,3,3
Dymphiena,0,3,3
Dymphilly,0,3,3
Dymphka,0,3,3
Dymphke,0,3,3
Dymphna-Mei,0,3,3
Dymphni,0,3,3
Dymphny,0,3,3
Dymphonia,0,3,3
Dymphus,3,0,3
Dympyna,0,3,3
Dymutcia,0,3,3
Dymytry,3,0,3
Dymytry-Jan,3,0,3
Dynaichel,3,0,3
Dynaïgelly,3,0,3
Dynaïro,3,0,3
Dynaischa,0,3,3
Dynaishelly,0,3,3
Dynaisio,3,0,3
Dynaiza,0,3,3
Dynajah,0,3,3
Dynaldo,3,0,3
Dynaleeh,0,3,3
Dynamie,0,3,3
Dynancio,3,0,3
Dynanda,0,3,3
Dynande,0,3,3
Dynandi,3,0,3
Dynandus,3,0,3
Dynanne,0,3,3
Dynard,3,0,3
Dynariska,0,3,3
Dynash,3,0,3
Dynasty,0,3,3
Dynaton,3,0,3
Dynautra,0,3,3
Dynayrice,0,3,3
Dyncent,3,0,3
Dyncke,0,3,3
Dyncy,0,3,3
Dynealy,0,3,3
Dynel,0,3,3
Dynelca,0,3,3
Dynella,0,3,3
Dynelly,0,3,3
Dynero,3,0,3
Dynesty,0,3,3
Dynetain,3,0,3
Dyngeman,3,0,3
Dynhina,0,3,3
Dynian,3,0,3
Dyniel,3,0,3
Dyniël,3,0,3
Dyniëlla,0,3,3
Dynigel,3,0,3
Dynion,3,0,3
Dynique,0,3,3
Dyniro,3,0,3
Dynirrah,0,3,3
Dynishya,0,3,3
Dynisius,3,0,3
Dynithia,0,3,3
Dynja,0,3,3
Dynjandi,3,0,3
Dynk,3,0,3
Dynlan,3,0,3
Dynna,0,3,3
Dynnand,3,0,3
Dynne,0,3,3
Dynnoa,3,0,3
Dynõa,0,3,3
Dynoa,0,3,3
Dynola,0,3,3
Dynoucha,0,3,3
Dynphena,0,3,3
Dynphia,0,3,3
Dynrick,3,0,3
Dynss,3,0,3
Dynte,0,3,3
Dynth,0,3,3
Dyo'aïsha,0,3,3
Dyo-Ann,0,3,3
Dyoberto,3,0,3
Dyochuri,0,3,3
Dyoëll,3,0,3
Dyoerdt,3,0,3
Dyofensio,3,0,3
Dyogo,3,0,3
Dyoia,0,3,3
Dyoke,0,3,3
Dyomar,3,0,3
Dyomarah,0,3,3
Dyomayro,3,0,3
Dyón,3,0,3
Dyon-Kyano,3,0,3
Dyon-Stacey,3,0,3
Dyonara,0,3,3
Dyoncé,0,3,3
Dyonda,0,3,3
Dyoné,0,3,3
Dyonicio,3,0,3
Dyonijs,3,0,3
Dyonischa,0,3,3
Dyonisio,0,3,3
Dyonisos,3,0,3
Dyonizius,3,0,3
Dyonizy,3,0,3
Dyoñna,0,3,3
Dyonnailys,0,3,3
Dyonne-Faye,0,3,3
Dyonnes,3,0,3
Dyonnisis,3,0,3
Dyonno,3,0,3
Dyonson,3,0,3
Dyonté,3,0,3
Dyonysia,0,3,3
Dyorcher,3,0,3
Dyorcy,3,0,3
Dyordan,3,0,3
Dyordano,3,0,3
Dyordi,3,0,3
Dyordin,3,0,3
Dyore,0,3,3
Dyorel,3,0,3
Dyorn,3,0,3
Dyorno,3,0,3
Dyosa,0,3,3
Dyotie,0,3,3
Dyotta,0,3,3
Dyoumi,0,3,3
Dyouna,0,3,3
Dyouri,3,0,3
Dyovani,3,0,3
Dyovanna,0,3,3
Dyovanni,3,0,3
Dyovanno,3,0,3
Dyovano,3,0,3
Dyóya,0,3,3
Dyphena,0,3,3
Dyquan,3,0,3
Dyquando,3,0,3
Dyque,3,0,3
Dyra,0,3,3
Dyraily,3,0,3
Dyraisha,0,3,3
Dyraiya,0,3,3
Dyrance,3,0,3
Dyrancio,3,0,3
Dyrc,3,0,3
Dyrdre,0,3,3
Dyrealian,3,0,3
Dyreasha,0,3,3
Dyreen,0,3,3
Dyrelthon,3,0,3
Dyrence,3,0,3
Dyreno,3,0,3
Dyrenzo,3,0,3
Dyrhona,0,3,3
Dyrick,3,0,3
Dyriël,3,0,3
Dyriën,3,0,3
Dyrileyo,3,0,3
Dyrine,0,3,3
Dyritsha,0,3,3
Dyronison,3,0,3
Dyrrel,3,0,3
Dyrtzen,0,3,3
Dyrumon,3,0,3
Dyrup,0,3,3
Dysa,0,3,3
Dysairen,3,0,3
Dyschel,3,0,3
Dyse,3,0,3
Dysel,3,0,3
Dysette,0,3,3
Dysha,0,3,3
Dyshaéley,0,3,3
Dyshailey,0,3,3
Dyshaimely,0,3,3
Dyshaineley,0,3,3
Dyshainely,0,3,3
Dyshairell,3,0,3
Dyshairen,3,0,3
Dyshairmo,3,0,3
Dyshaïro,3,0,3
Dyshairon,3,0,3
Dyshana,0,3,3
Dyshanaira,0,3,3
Dyshandé,3,0,3
Dyshane,3,0,3
Dyshané,0,3,3
Dyshante,0,3,3
Dyshanthi,0,3,3
Dysharell,0,3,3
Dysharo,3,0,3
Dyshauwn,3,0,3
Dyshawn,3,0,3
Dyshawne,3,0,3
Dyshaya,0,3,3
Dyshayra,0,3,3
Dyshean,3,0,3
Dysheira,0,3,3
Dyshelaine,0,3,3
Dysheleana,0,3,3
Dyshenayli,0,3,3
Dyshenayly,0,3,3
Dyshentley,3,0,3
Dyshently,3,0,3
Dyshento,3,0,3
Dysheraily,0,3,3
Dysherell,0,3,3
Dyshiën,3,0,3
Dyshiloh,3,0,3
Dyshjon,3,0,3
Dyshonee,3,0,3
Dyshonn,3,0,3
Dyshooniër,3,0,3
Dysigne,3,0,3
Dysine,0,3,3
Dysire,3,0,3
Dysjenco,3,0,3
Dysjendro,3,0,3
Dyske,0,3,3
Dyslan,3,0,3
Dyslie,3,0,3
Dysthanie,0,3,3
Dystiny,3,0,3
Dysty,0,3,3
Dyswel,3,0,3
Dytaisha,0,3,3
Dyte,0,3,3
Dythiane,0,3,3
Dythiënne,0,3,3
Dytiano,3,0,3
Dytlinde,0,3,3
Dytreshio,3,0,3
Dytte,0,3,3
Dyuano,3,0,3
Dyuli,0,3,3
Dyun-Hie,3,0,3
Dyura,3,0,3
Dyuta,3,0,3
Dyvaiden,3,0,3
Dyvailo,3,0,3
Dyvaina,0,3,3
Dyvainio,3,0,3
Dyvairon,3,0,3
Dyvaishenara,0,3,3
Dyvan,3,0,3
Dyvandro,3,0,3
Dyvane,3,0,3
Dyvàngelo,3,0,3
Dyvania,0,3,3
Dyvanno,3,0,3
Dyvanny,0,3,3
Dyvantely,0,3,3
Dyvanyo,3,0,3
Dyvayenne,0,3,3
Dyvèn,3,0,3
Dyvenica,0,3,3
Dyvënselo,3,0,3
Dyvenshelo,3,0,3
Dyvento,3,0,3
Dyverno,3,0,3
Dyvesh,3,0,3
Dyveshely,0,3,3
Dyvia,0,3,3
Dyviano,3,0,3
Dyviëngely,0,3,3
Dyviëny,0,3,3
Dyvija,0,3,3
Dyvina,0,3,3
Dyvine,3,0,3
Dyvio,3,0,3
Dyviöna,0,3,3
Dyvionn,3,0,3
Dyvisha,0,3,3
Dyvynarth,3,0,3
Dywel,3,0,3
Dywen,3,0,3
Dyyango,3,0,3
Dyzah,0,3,3
Dyzainy,0,3,3
Dyzairo,3,0,3
Dyzel,3,0,3
Dyzhanteli,0,3,3
Dyzhelle,0,3,3
Dyzhiro,3,0,3
Dyziano,3,0,3
Dyzilio,3,0,3
Dyzion,3,0,3
Dyzzel,0,3,3
Dza,0,3,3
Džahir,3,0,3
Dzaki,3,0,3
Dzakpasu,3,0,3
Dzalila,0,3,3
Dzamila,0,3,3
Dźana,0,3,3
Dzandu,0,3,3
Dzanel,3,0,3
Džanela,0,3,3
Dzanh,3,0,3
Dzarah,0,3,3
Dzazilla,0,3,3
Dzejda,0,3,3
Dzejden,3,0,3
Dzejdin,3,0,3
Dzejlan,3,0,3
Dzejlana,0,3,3
Džejlana,0,3,3
Dzejna,0,3,3
Džejna,0,3,3
Dzeladin,3,0,3
Dzelila,0,3,3
Dzelin,0,3,3
Dzemail,3,0,3
Džemil,3,0,3
Dzemila,0,3,3
Dzemilla,0,3,3
Dzemo,3,0,3
Dzemsad,3,0,3
Dzena,0,3,3
Džena,0,3,3
Dzengizhan,3,0,3
Dženis,3,0,3
Dźenis,3,0,3
Dźenita,0,3,3
Dženiver,0,3,3
Dzenja,0,3,3
Džeraldas,3,0,3
Dzevat,3,0,3
Dževat,3,0,3
Dzewi,3,0,3
Dzhamilya,0,3,3
Dzieu,0,3,3
Dzignefa,0,3,3
Dzin,3,0,3
Dzindua-Dzaui,0,3,3
Dzineli,0,3,3
Dzino,3,0,3
Dzintar,3,0,3
Dzja-El,3,0,3
Džjamiro,3,0,3
Dzjarhiño,3,0,3
Dzjay-Lo-Barda,0,3,3
Dzjay-Mi,0,3,3
Dzje-Saya,3,0,3
Dzjeeden,3,0,3
Dzjenghis,3,0,3
Dzjinn,3,0,3
Dzjinn-Dzjr,0,3,3
Dzjino,3,0,3
Dzjoegasj,3,0,3
Dzjon,3,0,3
Dzjoorn,3,0,3
Dzjoy,3,0,3
Dzjunia,0,3,3
Dzmitrievich,3,0,3
Dzoel-Kisli,3,0,3
Dzoué,0,3,3
Dzsulio,3,0,3
Dzu,3,0,3
Džuki,3,0,3
Dzulhaya,0,3,3
Dzuli,0,3,3
Dzulia,0,3,3
Dzulrizkal,3,0,3
Dzũng,3,0,3
Dzunia,0,3,3
Dzuwa,3,0,3
D¿Lyshia,0,3,3
