Name,Men,Women,Total
Elisabeth,16536,293952,310488
Elizabeth,990,67576,68566
Esther,185,41416,41601
Erik,34811,97,34908
Eva,116,31340,31456
Emma,300,29547,29847
Eduard,27973,327,28300
Edwin,26792,73,26865
Evert,24519,29,24548
Eric,23152,126,23278
Elise,408,22466,22874
Ellen,116,22417,22533
Eline,12,19740,19752
Erwin,18355,93,18448
Everdina,167,17908,18075
Elisa,1100,14510,15610
Engelina,143,13310,13453
Egbert,13349,19,13368
Eveline,70,12140,12210
Esmee,3,10726,10729
Evelien,38,10259,10297
Edward,9886,37,9923
Esmée,3,8015,8018
Eleonora,128,7778,7906
Everardus,7729,47,7776
Ernst,7616,20,7636
Edith,87,7446,7533
Evi,3,7363,7366
Emile,6660,342,7002
Emiel,6749,121,6870
Eliza,1721,5023,6744
Esmeralda,18,5681,5699
Emily,10,5527,5537
Elly,58,5157,5215
Erica,22,5123,5145
Emanuel,4949,194,5143
Elena,19,5013,5032
Engelbertus,4849,28,4877
Elias,4813,26,4839
Elin,25,4730,4755
Ella,23,4725,4748
Eduardus,4527,133,4660
Elsje,3,4593,4596
Erna,62,4522,4584
Eddy,4452,79,4531
Elvira,78,4378,4456
Elize,103,4313,4416
Emilie,36,4166,4202
Eugène,3866,174,4040
Evy,3,3768,3771
Evertje,6,3524,3530
Egbertus,3514,15,3529
Ester,22,3480,3502
Eelco,3406,3,3409
Egidius,3034,231,3265
Egberdina,10,3247,3257
Else,44,3203,3247
Eugenie,85,3074,3159
Emmy,47,3084,3131
Everhardus,2796,11,2807
Edgar,2786,8,2794
Evelyn,17,2713,2730
Els,48,2614,2662
Emre,2637,3,2640
Elif,3,2632,2635
Emilia,67,2552,2619
Euphemia,27,2571,2598
Emmanuel,2400,178,2578
Ezra,2154,419,2573
Elke,19,2549,2568
Eefje,6,2537,2543
Elske,3,2496,2499
Erika,17,2452,2469
Esra,148,2254,2402
Etienne,2251,116,2367
Elsa,29,2278,2307
Ellis,112,2134,2246
Eleonore,21,2216,2237
Ernest,2169,47,2216
Enrico,2144,7,2151
Eelke,1842,287,2129
Ewout,2101,0,2101
Elbert,2057,9,2066
Evelina,20,1999,2019
Engelbert,1914,34,1948
Elijah,1903,41,1944
Ewoud,1859,3,1862
Emil,1796,8,1804
Evan,1717,11,1728
Elina,5,1622,1627
Elles,26,1598,1624
Emir,1604,3,1607
Everarda,11,1574,1585
Evie,3,1568,1571
Estelle,3,1527,1530
Edmond,1424,62,1486
Elaine,3,1464,1467
Ewald,1394,11,1405
Edo,1394,3,1397
Engbert,1318,3,1321
Eelkje,3,1311,1314
Elsbeth,3,1286,1289
Enzo,1254,3,1257
Emerentia,37,1210,1247
Engeltje,3,1229,1232
Eli,1152,66,1218
Enes,1183,3,1186
Esma,0,1182,1182
Eren,1173,8,1181
Ernestine,7,1173,1180
Elle,157,997,1154
Emine,3,1137,1140
Elianne,3,1131,1134
Evita,0,1117,1117
Elfriede,12,1101,1113
Esmé,11,1096,1107
Esmay,3,1105,1108
Elbertus,1089,3,1092
Eef,305,754,1059
Efe,1039,11,1050
Eugenius,1013,22,1035
Eileen,3,1022,1025
Emelie,39,985,1024
Elroy,1015,3,1018
Engelberta,3,996,999
Eltje,379,620,999
Emin,970,3,973
Emerentiana,12,953,965
Elza,76,867,943
Elia,673,260,933
Egberta,3,926,929
Eddie,900,21,921
Evelyne,6,897,903
Elmar,881,13,894
Elsina,3,890,893
Elwin,883,5,888
Eden,304,572,876
Ebru,0,840,840
Eugenia,28,811,839
Elze,206,630,836
Emilio,833,3,836
Enrique,818,11,829
Everhard,826,0,826
Emy,3,802,805
Elisabet,8,794,802
Elian,660,141,801
Eefke,3,785,788
Egbertje,3,787,790
Ela,3,784,787
Elizabet,12,771,783
Engelbertha,5,771,776
Elmer,764,3,767
Eke,91,667,758
Estella,6,731,737
Elodie,28,704,732
Eliane,7,706,713
Eduarda,3,701,704
Erich,681,15,696
Erin,106,589,695
Ernesto,692,3,695
Eibert,693,0,693
Eise,687,3,690
Eugénie,7,684,691
Ellie,22,665,687
Emilius,657,30,687
Ernestina,3,678,681
Egon,661,12,673
Elma,5,663,668
Enno,664,3,667
Elisabetha,7,630,637
Ethan,636,0,636
Emanuël,609,24,633
Ensar,633,0,633
Eltjo,625,0,625
Egidia,8,602,610
Egbertha,3,603,606
Eray,602,0,602
Elsien,3,596,599
Eduardo,584,3,587
Eppo,587,0,587
Eymen,581,0,581
Eeltje,410,169,579
Eldert,576,0,576
Emmely,3,574,577
Eugene,544,29,573
Emirhan,565,0,565
Engeline,3,558,561
Ecrin,3,551,554
Emmelie,3,547,550
Eunice,3,546,549
Eleanor,5,540,545
Elzo,544,0,544
Elsiena,0,539,539
Eloise,0,535,535
Eloïse,0,530,530
Edmund,516,6,522
Erick,516,3,519
Eda,0,517,517
Erdem,509,3,512
Edwina,3,507,510
Elyse,0,507,507
Eliana,3,502,505
Esila,0,494,494
Eloy,487,3,490
Everard,477,3,480
Everdine,3,474,477
Elvera,3,474,477
Erkan,469,3,472
Erva,8,460,468
Emanuela,6,457,463
Esmiralda,3,456,459
Elisha,58,393,451
Esperanza,6,445,451
Emke,44,404,448
Eeke,12,429,441
Engelien,3,437,440
Emmie,3,434,437
Eveliene,3,434,437
Elvis,399,36,435
Ettje,3,432,435
Esmeé,0,426,426
Evert-Jan,420,3,423
Etiënne,385,35,420
Elvire,17,399,416
Ebeltje,0,414,414
Errol,412,3,415
Eildert,412,0,412
Ebel,381,20,401
Emely,5,395,400
Erik-Jan,400,0,400
Elisah,11,388,399
Emelia,22,377,399
Ebelina,3,385,388
Eugenio,367,8,375
Elien,3,368,371
Eibertje,0,368,368
Ericus,359,3,362
Eelko,354,3,357
Elfrieda,10,345,355
Edmée,9,343,352
Esmaralda,0,352,352
Eimert,351,0,351
Estrella,3,350,353
Eeuwe,348,3,351
Eize,348,3,351
Ernestus,344,3,347
Everharda,3,344,347
Eve,7,330,337
Elbertha,0,336,336
Edouard,326,7,333
Edwinus,330,0,330
Egbertina,0,330,330
Ellemijn,0,330,330
Ezgi,3,327,330
Elco,326,0,326
Emmanuël,311,15,326
Elvin,271,49,320
Elsemieke,0,319,319
Eslem,3,314,317
Elanur,0,316,316
Eligius,306,10,316
Etje,3,314,317
Emel,3,308,311
Evalina,3,308,311
Embertus,299,8,307
Evelijn,0,306,306
Edmundus,297,8,305
Elynn,0,305,305
Efraïm,301,3,304
Enna,3,303,306
Esli,216,87,303
Everdien,3,299,302
Erol,298,0,298
Evaline,3,297,300
Emanuelle,11,284,295
Elbertje,0,292,292
Egbertdina,0,291,291
Epke,188,98,286
Erhan,285,3,288
Elliot,279,6,285
Ernst-Jan,284,0,284
Elmira,3,281,284
Elleke,3,278,281
Everina,3,275,278
Enne,240,34,274
Engelmundus,269,3,272
Esselina,3,266,269
Ewan,268,3,271
Emi,3,265,268
Ekrem,263,0,263
Ebe,259,3,262
Emmanuela,3,261,264
Egge,261,0,261
Elja,35,226,261
Elberta,0,260,260
Engin,259,3,262
Estée,3,257,260
Evangeline,0,257,257
Ethel,3,251,254
Ece,0,247,247
Emrah,245,0,245
Ercan,243,3,246
Elisabertus,243,0,243
Eddine,235,5,240
Elselina,3,239,242
Egbertine,0,239,239
Editha,3,237,240
Eleanora,3,234,237
Enya,3,236,239
Elissa,3,236,239
Ersin,236,3,239
Eduward,233,3,236
Elbrich,3,234,237
Ebony,5,229,234
Edgard,221,13,234
Emericus,227,5,232
Edzard,228,3,231
Eleni,3,228,231
Emmeline,0,230,230
Ewaldus,226,3,229
Eleonoor,12,207,219
Ebrina,3,217,220
Ebbe,199,13,212
Emanuella,3,209,212
Eppe,207,3,210
Eisse,208,3,211
Erno,207,0,207
Edin,172,34,206
Elis,88,118,206
Elisabert,194,11,205
Eusebius,202,3,205
Eyüp,203,0,203
Elouise,0,201,201
Erasmus,196,3,199
Elsemiek,0,198,198
Emiliano,198,0,198
Ege,193,3,196
Enny,8,187,195
Elzina,0,194,194
Emmerentia,0,194,194
Edna,0,193,193
Espen,183,10,193
Ebele,191,0,191
Elton,191,0,191
Ertuğrul,191,0,191
Ellemieke,0,189,189
Enora,0,185,185
Earl,183,0,183
Elibertus,183,0,183
Eliah,170,12,182
Erdal,181,3,184
Elsie,3,180,183
Eliz,3,178,181
Erzsébet,3,177,180
Egbertien,3,178,181
Elseline,0,179,179
Emmanuelle,3,176,179
Edzo,176,0,176
Ekke,169,6,175
Eléonore,3,170,173
Ebrar,49,121,170
Ezechiël,166,3,169
Esteban,167,3,170
Elibert,167,0,167
Elysa,3,165,168
Evalien,3,164,167
Evertine,0,166,166
Elana,0,165,165
Elizabertus,165,0,165
Elyne,0,165,165
Eric-Jan,165,0,165
Eugen,165,0,165
Engbertus,163,0,163
Edze,161,3,164
Edmondus,147,14,161
Eliano,160,0,160
Emme,19,141,160
Evianne,0,160,160
Elzelina,0,159,159
Esin,3,154,157
Everdiena,3,156,159
Elora,0,157,157
Ebo,153,3,156
Enrica,3,154,157
Elon,141,14,155
Eugéne,143,11,154
Elice,3,152,155
Eberhard,150,3,153
Ede,134,18,152
Ediz,152,0,152
Elmas,9,143,152
Eleanore,3,149,152
Enola,0,150,150
Elfride,3,146,149
Emmi,0,147,147
Emo,147,0,147
Elviera,5,141,146
Emina,0,146,146
Ewa,3,144,147
Edina,0,145,145
Ettina,0,145,145
Everlina,3,143,146
Edson,143,0,143
Elie,123,20,143
Everlien,0,143,143
Enver,141,3,144
Ermina,0,142,142
Eliyah,116,24,140
Eustachius,129,11,140
Eufemia,3,136,139
Everdinus,138,3,141
Elfi,3,136,139
Elyesa,127,11,138
Etty,3,135,138
Efraim,134,3,137
Eite,136,0,136
Ernesta,3,134,137
Eimbertus,134,3,137
Evin,39,96,135
Edmunda,8,126,134
Engelinus,134,0,134
Eddo,133,0,133
Egilius,129,3,132
Eit,132,3,135
Elfrida,3,129,132
Elida,0,133,133
Etta,0,133,133
Emmigje,0,131,131
Ender,126,3,129
Epko,130,0,130
Engberdina,0,129,129
Elisabertha,3,127,130
Erwinus,126,3,129
Edine,7,120,127
Elyn,0,127,127
Emmo,127,0,127
Einte,126,0,126
Engeliena,0,126,126
Eerde,125,0,125
Elvan,26,99,125
Eran,122,3,125
Edda,3,123,126
Elberdina,3,123,126
Elenora,3,123,126
Emmaly,3,123,126
Emmetje,0,124,124
Ena,3,123,126
Erben,123,0,123
Esseline,0,122,122
Elmo,120,3,123
Elso,120,0,120
Emad,98,22,120
Emiliana,3,117,120
Enis,120,0,120
Eigje,0,119,119
Eros,119,0,119
Errit,119,0,119
Evertdina,3,118,121
Edvard,116,3,119
Emmanuella,0,117,117
Enzio,115,3,118
Ebubekir,116,0,116
Eike,19,97,116
Elio,115,3,118
Enise,0,116,116
Erwina,0,116,116
Ewold,116,0,116
Elano,115,0,115
Eylem,3,111,114
Esmeralde,3,113,116
Elliott,111,3,114
Esha,3,109,112
Esmae,0,112,112
Edanur,0,111,111
Edy,53,58,111
Ecem,0,110,110
Edu,106,3,109
Ernie,63,47,110
Evander,109,3,112
Eldin,101,8,109
Elizabetha,3,107,110
Edie,28,80,108
Einar,108,0,108
Elvi,3,104,107
Erlinde,0,108,108
Emeline,0,107,107
Emmerentiana,3,106,109
Esmanur,0,107,107
Eulalia,8,99,107
Elisabetta,3,105,108
Elisius,105,3,108
Elziena,0,106,106
Eiko,104,3,107
Eilko,105,0,105
Emie,0,104,104
Ertugrul,104,0,104
Eowyn,3,102,105
Elger,101,3,104
Eerke,97,3,100
Evren,93,8,101
Edmee,3,98,101
Elcke,0,100,100
Elzeline,0,100,100
Emmelien,0,100,100
Emmily,0,100,100
Elizan,0,98,98
Elyas,94,3,97
Emille,76,22,98
Esad,97,0,97
Eggo,96,0,96
Elene,0,96,96
Ebertus,95,0,95
Eelze,93,3,96
Ennio,94,3,97
Ephraim,91,3,94
Ebbo,94,0,94
Edwine,0,94,94
Emmarentia,0,94,94
Esme,3,93,96
Esri,5,89,94
Everline,0,94,94
Elay,85,8,93
Eloi,89,3,92
Esper,88,5,93
Ellenoor,0,92,92
Emran,91,3,94
Erris,88,3,91
Evertjan,92,0,92
Edmonda,0,91,91
Elbertine,0,90,90
Elinn,0,90,90
Elodia,13,77,90
Engele,62,28,90
Edzer,89,0,89
Eliene,0,89,89
Elysia,0,89,89
Ervin,88,3,91
Elfie,3,87,90
Elies,29,59,88
Elli,5,83,88
Emelda,10,78,88
Erma,0,88,88
Ertan,88,0,88
Elène,3,86,89
Eling,81,6,87
Elinor,3,83,86
Emrullah,87,0,87
Esat,87,0,87
Ewalda,3,85,88
Eiso,86,0,86
Edmundo,84,3,87
Eilt,85,0,85
Elnathan,84,3,87
Elody,3,84,87
Eloisa,3,84,87
Ephraïm,85,0,85
Eser,70,15,85
Evelynn,3,84,87
Engelke,79,5,84
Etiènne,80,3,83
Elyza,0,83,83
Ephemia,0,82,82
Evertina,0,82,82
Eeuwit,81,0,81
Eilke,31,50,81
Enid,3,80,83
Edison,78,3,81
Elbertina,0,80,80
Elona,0,80,80
Elyssa,0,80,80
Eppie,22,58,80
Ethem,80,0,80
Ekram,3,75,78
Elselien,0,79,79
Emircan,79,0,79
Enoch,78,3,81
Eflin,0,78,78
Emmylou,3,77,80
Eppien,0,78,78
Eije,48,29,77
Eja,3,75,78
Eliam,77,0,77
Emese,0,77,77
Ergün,77,0,77
Esen,8,69,77
Eske,3,75,78
Eward,77,0,77
Elko,76,0,76
Ellina,0,76,76
Ente,53,23,76
Ermelinda,0,76,76
Eliëzer,75,0,75
Emilianus,74,3,77
Enneke,3,74,77
Egemen,74,0,74
Emmeke,0,74,74
Erdinç,74,0,74
Evanne,0,74,74
Eleonor,12,61,73
Elham,25,48,73
Ellinor,3,70,73
Eltina,0,73,73
Elvie,3,72,75
Emira,0,73,73
Emmalie,0,73,73
Eelje,3,71,74
Egilia,3,71,74
Eisso,72,0,72
Eligia,0,72,72
Ellert,72,0,72
Elva,0,72,72
Everon,71,3,74
Edmar,68,3,71
Eibertha,0,71,71
Ekin,42,29,71
Eljada,20,51,71
Eljakim,69,3,72
Emanuele,50,21,71
Erina,0,71,71
Ebbel,70,0,70
Eduardina,3,69,72
Egberdiena,0,70,70
Elizebeth,0,70,70
Esmond,69,0,69
Eveliena,3,68,71
Egberdien,0,68,68
Eibertus,68,0,68
Elbartus,68,0,68
Elsken,0,68,68
Ema,0,68,68
Ersan,67,3,70
Ettie,0,68,68
Eugènie,3,67,70
Ezrah,56,12,68
Edsko,67,0,67
Elgar,66,3,69
Elisebeth,3,66,69
Elisia,3,65,68
Ellena,3,66,69
Elysha,3,66,69
Emerentius,67,0,67
Esdert,67,0,67
Euan,67,0,67
Ebba,0,66,66
Edger,65,3,68
Elenore,3,65,68
Elionora,3,65,68
Ely,52,14,66
Emerence,6,60,66
Eusebio,62,3,65
Eliora,0,65,65
Erhard,65,0,65
Elderina,0,64,64
Ellard,64,0,64
Ezequiel,64,0,64
Elan,51,12,63
Euphrasia,5,58,63
Evrim,28,35,63
Ekaterina,0,62,62
Ekko,60,3,63
Emelina,0,62,62
Enza,3,59,62
Erinn,7,55,62
Evangelina,0,62,62
Ebenezer,59,3,62
Emmarentiana,3,60,63
Eulalie,12,49,61
Eelkjen,0,60,60
Elâ,0,60,60
Elea,3,59,62
Ennie,7,53,60
Esse,25,35,60
Egbert-Jan,59,0,59
Eleysa,0,59,59
Elgin,51,8,59
Elte,53,6,59
Eyup,59,0,59
Elizabertha,0,58,58
Ellemiek,0,58,58
Elvy,3,55,58
Elya,10,48,58
Ernstjan,58,0,58
Esselien,0,58,58
Evine,0,58,58
Eimbert,56,3,59
Elmi,20,37,57
Emerson,55,3,58
Emery,41,16,57
Ewit,57,0,57
Erlijn,7,49,56
Etelka,0,56,56
Evelijne,0,56,56
Evelin,3,55,58
Ezau,56,0,56
Elfida,0,55,55
Elizah,5,50,55
Emberta,3,54,57
Erdi,55,0,55
Estee,3,54,57
Evangelos,54,3,57
Edmé,8,46,54
Efekan,54,0,54
Eilish,0,54,54
Eljero,54,0,54
Elyanne,0,54,54
Eusebia,3,52,55
Egmond,53,0,53
Eimericus,51,3,54
Elisheva,0,53,53
Emarentia,0,53,53
Engelbart,53,0,53
Erfan,53,0,53
Ebu,52,0,52
Efina,0,52,52
Egberdine,0,52,52
Eiberdina,0,52,52
Elanor,3,51,54
Elvia,0,52,52
Emkje,0,52,52
Etien,48,3,51
Euredice,0,52,52
Edi,24,27,51
Eerko,51,0,51
Elmy,3,48,51
Emerie,35,16,51
Engbertha,0,51,51
Eskil,45,6,51
Evana,0,51,51
Evani,37,14,51
Evelientje,0,51,51
Everd,51,0,51
Egidio,48,3,51
Eliaz,50,0,50
Elim,36,14,50
Elsayed,27,23,50
Erdoğan,50,0,50
Essam,37,13,50
Estel,5,45,50
Ezri,20,30,50
Edsge,48,3,51
Eeuwkje,0,49,49
Eisina,0,49,49
Elna,0,49,49
Emiele,28,21,49
Esdra,49,0,49
Evaristus,48,3,51
Eyşan,0,49,49
Edeltrudis,22,26,48
Edsel,48,0,48
Eesge,48,0,48
Elaisa,0,48,48
Eman,15,33,48
Embrecht,48,0,48
Emmelina,0,48,48
Erny,16,32,48
Etem,48,0,48
Everly,3,45,48
Evina,3,47,50
Ewart,48,0,48
Eiske,0,47,47
Eka,9,38,47
Elaiza,0,47,47
Eleana,0,47,47
Elizabert,46,3,49
Endy,47,0,47
Eri,18,29,47
Erroll,47,0,47
Esmeray,0,47,47
Eamon,46,0,46
Elai,43,3,46
Elife,0,46,46
Ellij,0,46,46
Emilienne,3,44,47
Eslina,0,46,46
Esméralda,0,46,46
Espérance,3,43,46
Esrah,5,41,46
Evian,35,11,46
Eiltje,0,45,45
Elfried,41,3,44
Eliot,44,3,47
Elvina,3,44,47
Enith,0,45,45
Epco,45,0,45
Ernstina,0,45,45
Eszter,0,45,45
Eurydice,0,45,45
Efsa,0,44,44
Ehsan,38,6,44
Elsabeth,0,44,44
Elyze,0,44,44
Eva-Maria,0,44,44
Everijntje,0,44,44
Ezekiel,43,3,46
Eben,41,3,44
Edon,40,3,43
Elianna,0,43,43
Eliena,0,43,43
Elisanne,0,43,43
Elmire,0,43,43
Eme,40,3,43
Eustachia,0,43,43
Eustatius,41,3,44
Ebeline,0,42,42
Ebrahim,40,3,43
Elaijah,39,3,42
Eldina,3,39,42
Emilian,42,0,42
Emrys,38,3,41
Engberta,0,42,42
Engelhard,39,3,42
Eppiena,3,41,44
Era,3,40,43
Ernastina,0,42,42
Ernestinus,42,0,42
Esly,11,31,42
Euft,42,0,42
Everhardina,3,41,44
Ewaldina,0,42,42
Eldar,41,0,41
Eléna,0,41,41
Elicia,3,40,43
Elkana,27,14,41
Erie,9,32,41
Esley,8,33,41
Eyyub,41,0,41
Edwald,40,0,40
Einbert,40,0,40
Erland,40,0,40
Esosa,13,27,40
Euridice,0,40,40
Evangelia,0,40,40
Echica,0,39,39
Edinho,38,3,41
Eleazar,38,3,41
Ellenora,3,38,41
Ember,3,37,40
Emerica,3,37,40
Engelmunda,0,39,39
Erlend,39,0,39
Esben,37,3,40
Evalyn,0,39,39
Everinus,39,0,39
Ebelien,0,38,38
Eika,0,38,38
Elsemarie,0,38,38
Elsine,0,38,38
Elzard,38,0,38
Emko,38,0,38
Ergin,38,0,38
Edsard,37,0,37
Eeuwke,22,15,37
Electa,0,37,37
Eliseo,37,0,37
Ellechien,0,37,37
Ellyne,0,37,37
Emma-Sophie,0,37,37
Erman,36,3,39
Eslin,3,35,38
Esterella,0,37,37
Etiën,36,3,39
Eva-Lynn,0,37,37
Eya,0,37,37
Edit,3,33,36
Eegje,0,36,36
Efrem,33,3,36
Eilard,36,0,36
Eilert,36,0,36
Eleen,0,36,36
Eliël,32,3,35
Eliesabeth,3,34,37
Elija,29,7,36
Elkan,35,3,38
Ellechiena,0,36,36
Ellery,27,9,36
Emilija,0,36,36
Engelberdina,0,36,36
Enje,9,27,36
Erjan,36,0,36
Eryn,3,34,37
Esil,0,36,36
Esterlina,0,36,36
Eza,3,32,35
Edou,28,7,35
Eelse,33,3,36
Egide,23,12,35
Eimberta,0,35,35
Elga,0,35,35
Elline,0,35,35
Elyan,29,6,35
Elzbieta,3,34,37
Elzemieke,0,35,35
Enisa,0,35,35
Erdina,0,35,35
Ermin,35,0,35
Esi,0,35,35
Edris,32,3,35
Eeuwout,34,0,34
Ehab,30,3,33
Eijmert,34,0,34
Ekaterini,0,34,34
Ekber,34,0,34
Eléonora,0,34,34
Eljah,22,12,34
Ellae,0,34,34
Ellenore,0,34,34
Emanuëlle,0,34,34
Emerance,3,32,35
Erico,34,0,34
Eschwin,33,3,36
Esengül,0,34,34
Esger,33,3,36
Estherlina,0,34,34
Evaristo,32,3,35
Edoardo,33,0,33
Edvin,33,0,33
Elard,33,0,33
Elaysa,0,33,33
Eliazar,33,0,33
Elion,29,3,32
Elyana,0,33,33
Emar,33,0,33
Emeli,0,33,33
Emerald,14,19,33
Emillio,33,0,33
Endre,33,0,33
Eppina,0,33,33
Esau,33,0,33
Everwijn,33,0,33
Eylül,0,33,33
Ezio,33,0,33
Eelktje,0,32,32
Efecan,32,0,32
Eisje,0,32,32
Eko,31,3,34
Elayza,0,32,32
Elbrig,3,30,33
Ele,29,3,32
Elifnur,0,32,32
Elifsu,0,32,32
Eliska,0,32,32
Eljo,23,9,32
Elout,31,3,34
Elsanne,0,32,32
Emérence,0,32,32
Erdogan,31,3,34
Eritia,0,32,32
Erling,32,0,32
Ermelinde,3,30,33
Errisje,0,32,32
Esebius,32,0,32
Ebeldina,0,31,31
Edita,0,31,31
Edmay,0,31,31
Edsger,31,0,31
Eesje,0,31,31
Effie,0,31,31
Elçin,0,31,31
Eoin,29,3,32
Erneste,5,26,31
Erni,7,24,31
Erwan,31,0,31
Evalie,0,31,31
Ebbing,30,0,30
Edwarda,0,30,30
Eeuwoud,30,0,30
Egje,0,30,30
Eletta,3,29,32
Eleyna,0,30,30
Elieke,0,30,30
Elinora,0,30,30
Elwyn,24,6,30
Emelien,0,30,30
Emerencia,0,30,30
Emerentianus,30,0,30
Emerita,3,27,30
Eno,26,3,29
Enric,28,3,31
Erline,0,30,30
Ersen,30,0,30
Erwine,3,28,31
Esraa,0,30,30
Eşref,30,0,30
Eugeniusz,30,0,30
Evanna,0,30,30
Everine,0,30,30
Eamonn,29,0,29
Edemondus,27,3,30
Eduwardus,27,3,30
Eibe,29,0,29
Eiberta,3,28,31
Elain,3,27,30
Elda,0,29,29
Elías,29,0,29
Elivia,0,29,29
Elssien,0,29,29
Eltiena,0,29,29
Elviere,3,28,31
Elzelien,0,29,29
Engelbertina,0,29,29
Ennes,29,0,29
Epeus,29,0,29
Ephrem,24,5,29
Erikjan,29,0,29
Eshana,0,29,29
Esta,3,28,31
Estefanus,29,0,29
Euphrasie,0,29,29
Evadina,0,29,29
Evera,0,29,29
Edwardo,28,0,28
Eefko,28,0,28
Eenje,16,12,28
Efemia,3,27,30
Efua,3,27,30
Elisaberta,0,28,28
Eliya,13,15,28
Elizaberthus,28,0,28
Elkie,0,28,28
Elrieke,0,28,28
Elyane,3,27,30
Elzinus,28,0,28
Emelius,27,3,30
Emmericus,28,0,28
Erminio,27,3,30
Estela,0,28,28
Ette,26,3,29
Evans,26,3,29
Everardina,0,28,28
Evia,0,28,28
Ewina,0,28,28
Ebeliena,0,27,27
Edde,27,0,27
Edis,26,3,29
Egberdinus,27,0,27
Eijse,27,0,27
Eitje,0,27,27
Elbrecht,7,20,27
Elen,3,26,29
Eliezabeth,3,26,29
Elisio,25,3,28
Ellegonda,0,27,27
Elouisa,0,27,27
Elsbet,0,27,27
Elzemiek,0,27,27
Emalia,3,24,27
Emanuëla,0,27,27
Embert,26,3,29
Emila,0,27,27
Emrecan,27,0,27
Eng,17,10,27
Engbertdina,0,27,27
Eris,11,16,27
Eron,27,0,27
Esa,9,18,27
Eslie,3,26,29
Eswin,27,0,27
Eugeen,25,3,28
Evandro,27,0,27
Evelyna,0,27,27
Evertien,3,25,28
Ean,22,3,25
Ebert,26,0,26
Efkan,26,0,26
Egwin,26,0,26
Eida,0,26,26
Eilderdina,0,26,26
Eile,25,3,28
Elaha,0,26,26
Elaina,0,26,26
Elbarta,0,26,26
Eleanne,0,26,26
Eliseus,26,0,26
Elisje,0,26,26
Elka,0,26,26
Ellerus,26,0,26
Else-Marie,0,26,26
Elyah,17,9,26
Erald,26,0,26
Eska,3,25,28
Esthelle,0,26,26
Evi-Lynn,0,26,26
Eylin,0,26,26
Earvin,25,0,25
Edwardus,24,3,27
Edzerd,25,0,25
Egbart,25,0,25
Ekelina,0,25,25
Elaya,3,21,24
Elba,3,24,27
Eligio,24,3,27
Elsemarijn,0,25,25
Emeka,19,6,25
Emmelotte,0,25,25
Enea,17,8,25
Eneas,25,0,25
Engellina,0,25,25
Engracia,3,24,27
Enos,24,3,27
Erim,18,7,25
Erkam,25,0,25
Ernstine,0,25,25
Ervina,0,25,25
Esam,20,5,25
Ese,14,11,25
Eta,3,24,27
Etsko,25,0,25
Evarina,0,25,25
Everett,23,3,26
Evey,3,24,27
Eartha,0,24,24
Eder,23,3,26
Edip,23,3,26
Edric,24,0,24
Edser,24,0,24
Eedse,24,0,24
Eghosa,10,14,24
Elder,24,0,24
Eleanoor,0,24,24
Eleonorah,0,24,24
Eleora,0,24,24
Elfred,24,0,24
Elidia,0,24,24
Elief,0,24,24
Eliese,0,24,24
Eliëtte,0,24,24
Elinore,3,23,26
Eljoënai,21,3,24
Ello,24,0,24
Eltien,3,22,25
Elvier,3,21,24
Elzien,3,23,26
Embertha,0,24,24
Emirkan,24,0,24
Emmée,0,24,24
Emon,24,0,24
Emory,21,3,24
Enide,0,24,24
Erena,3,23,26
Erike,0,24,24
Erikus,24,0,24
Ernastine,0,24,24
Ernestien,0,24,24
Estefania,0,24,24
Esthel,0,24,24
Eudia,0,24,24
Evora,0,24,24
Eymard,18,6,24
Eddin,23,0,23
Egelina,0,23,23
Eibertina,0,23,23
Eino,23,0,23
Eiselina,0,23,23
Eldon,23,0,23
Elizaveta,0,23,23
Elrik,23,0,23
Elsebeth,0,23,23
Elwira,0,23,23
Elyna,0,23,23
Emilda,0,23,23
Engbertina,0,23,23
Engelbrecht,23,0,23
Engelhardus,23,0,23
Errin,9,14,23
Erzsebet,0,23,23
Esja,0,23,23
Esmey,0,23,23
Esmiranda,0,23,23
Estrellita,0,23,23
Etinosa,15,8,23
Etto,22,3,25
Ettore,23,0,23
Evalin,3,22,25
Everdientje,0,23,23
Ebi,15,7,22
Eckhardt,22,0,22
Eddij,22,0,22
Edsart,22,0,22
Efosa,18,3,21
Efrain,22,0,22
Eijke,3,20,23
Eirik,22,0,22
Eitze,22,0,22
Elenor,3,21,24
Elifnaz,0,22,22
Ellien,0,22,22
Elyon,20,3,23
Emilly,3,21,24
Emmanuëla,0,22,22
Emmelot,0,22,22
Emmett,22,0,22
Engelbartus,22,0,22
Engelientje,0,22,22
Ennis,18,3,21
Erke,3,18,21
Erlin,15,7,22
Ermano,22,0,22
Ermert,22,0,22
Eugené,20,3,23
Evelinda,0,22,22
Ewin,10,12,22
Eyal,22,0,22
Ebberdina,3,20,23
Edgardo,21,0,21
Edsilia,0,21,21
Edske,7,14,21
Eduart,21,0,21
Efehan,21,0,21
Efisio,21,0,21
Eglantine,0,21,21
Eira,0,21,21
Eissina,0,21,21
Elandia,0,21,21
Elayah,12,9,21
Elayne,0,21,21
Eldrid,3,17,20
Eldridge,17,3,20
Elibart,21,0,21
Eloïsa,0,21,21
Elsbert,17,3,20
Elżbieta,0,21,21
Embregt,21,0,21
Emili,3,20,23
Emmelyn,0,21,21
Enneken,0,21,21
Erjon,21,0,21
Erlanda,0,21,21
Erzina,0,21,21
Esmira,0,21,21
Esranur,0,21,21
Essia,0,21,21
Etina,0,21,21
Eus,19,3,22
Eva-Marie,0,21,21
Eckhard,20,0,20
Edeline,0,20,20
Edem,16,3,19
Eduardine,0,20,20
Edwig,17,3,20
Eertwijn,20,0,20
Eeva,0,20,20
Efendi,20,0,20
El-Din,12,8,20
Elaysha,3,19,22
Eleane,0,20,20
Elebertus,20,0,20
Eliezer,20,0,20
Elike,0,20,20
Elisabete,0,20,20
Elisbeth,3,19,22
Eliseba,3,19,22
Elje,3,18,21
Elonie,0,20,20
Elsienus,20,0,20
Elsita,0,20,20
Elwine,0,20,20
Elysée,3,17,20
Emiliënne,0,20,20
Emilliano,20,0,20
Emlyn,13,7,20
Emond,20,0,20
Emyl,20,0,20
Endrina,0,20,20
Envy,7,13,20
Epeüs,20,0,20
Erice,3,18,21
Erksje,0,20,20
Ermelindis,3,18,21
Ernö,20,0,20
Ernstje,0,20,20
Ersoy,20,0,20
Erynn,0,20,20
Erza,3,18,21
Esmer,7,13,20
Estevan,20,0,20
Esthella,0,20,20
Evany,3,16,19
Evarista,0,20,20
Evergradus,20,0,20
Ezzat,14,6,20
Edel,6,13,19
Edeltraud,3,17,20
Edumondus,19,0,19
Effi,0,19,19
Efren,17,3,20
Efsun,3,17,20
Eimerdina,0,19,19
Eleena,0,19,19
Eleny,0,19,19
Eleon,17,3,20
Eliazer,19,0,19
Elisjeba,0,19,19
Elita,0,19,19
Eliv,0,19,19
Ellanoor,0,19,19
Ellianne,0,19,19
Elouan,19,0,19
Elpida,0,19,19
Elsy,0,19,19
Emeri,18,3,21
Emillia,0,19,19
Emmaline,0,19,19
Engela,0,19,19
Enja,0,19,19
Enricus,19,0,19
Epifanio,19,0,19
Eremina,0,19,19
Ermanno,19,0,19
Ernestes,19,0,19
Erryn,13,6,19
Ervanur,0,19,19
Ery,6,13,19
Erzsi,3,18,21
Esperance,0,19,19
Estell,3,18,21
Ettiena,0,19,19
Eugèn,19,0,19
Evalynn,0,19,19
Evertjen,0,19,19
Ewaldine,0,19,19
Eyyüb,19,0,19
Ezechiel,19,0,19
Ebbetje,0,18,18
Ebbie,3,16,19
Edelina,0,18,18
Edemond,16,3,19
Edom,3,15,18
Edumond,17,3,20
Edwardine,0,18,18
Eempien,0,18,18
Eerin,3,17,20
Egberto,18,0,18
Eivin,18,0,18
Elanora,0,18,18
Elbartha,0,18,18
Elchien,0,18,18
Eldad,16,3,19
Elektra,0,18,18
Eleonardus,18,0,18
Elfin,5,13,18
Elinde,0,18,18
Eliška,0,18,18
Elius,18,0,18
Elizias,18,0,18
Elmara,0,18,18
Elric,18,0,18
Elsabé,0,18,18
Elsinus,18,0,18
Emalie,3,16,19
Emaly,0,18,18
Emmanuëlla,0,18,18
Encarnacion,3,17,20
Enriqueta,0,18,18
Erenay,18,0,18
Erlinda,0,18,18
Escha,3,16,19
Eşe,0,18,18
Esmoreit,8,10,18
Esperansa,0,18,18
Esti,0,18,18
Etske,5,13,18
Everista,3,16,19
Ewe,18,0,18
Eyda,0,18,18
Eyyüp,18,0,18
Ebby,3,16,19
Eco,17,0,17
Edona,0,17,17
Edse,17,0,17
Eesger,17,0,17
Egbertjan,17,0,17
Eijbert,17,0,17
Eimerd,17,0,17
Ejder,17,0,17
Elaisha,3,15,18
Elenoor,0,17,17
Eliberth,17,0,17
Elisaberthus,17,0,17
Elisabeta,3,16,19
Eljay,17,0,17
Elmina,3,16,19
Elsas,11,6,17
Elvio,17,0,17
Emanuell,17,0,17
Emilië,3,16,19
Emmerikus,17,0,17
Engelberthus,17,0,17
Engelbregt,17,0,17
Enrike,3,15,18
Epkje,0,17,17
Erian,14,3,17
Erion,17,0,17
Erkay,17,0,17
Erlyn,3,16,19
Ermine,0,17,17
Erminia,0,17,17
Erykah,0,17,17
Esmèe,0,17,17
Essina,0,17,17
Euphrosine,0,17,17
Euwe,17,0,17
Everdiene,0,17,17
Evira,0,17,17
Evyn,14,3,17
Ewoudt,17,0,17
Eyad,16,3,19
Eyse,16,3,19
Eyüb,17,0,17
Eberdina,0,16,16
Ebolina,0,16,16
Edmonde,0,16,16
Edwige,3,14,17
Eele,16,0,16
Efdal,16,0,16
Egberte,0,16,16
Eleutherius,16,0,16
Eliahna,0,16,16
Elisée,9,7,16
Elisias,16,0,16
Eljoenai,15,3,18
Elom,12,3,15
Elwina,0,16,16
Elysabeth,0,16,16
Emal,16,0,16
Emerens,5,11,16
Emma-Louise,0,16,16
Emma-Lynn,0,16,16
Emmanuëlle,0,16,16
Emsal,3,14,17
Engbertje,0,16,16
Engelmundis,15,3,18
Enggelina,0,16,16
Enneüs,16,0,16
Enriko,16,0,16
Epifania,0,16,16
Ercüment,16,0,16
Ericka,0,16,16
Erjen,16,0,16
Erkin,16,0,16
Erkje,0,16,16
Erzo,16,0,16
Eseosa,6,10,16
Eshan,15,3,18
Esmaa,0,16,16
Esméé,0,16,16
Essa,7,9,16
Eugénia,0,16,16
Eunike,0,16,16
Evelinde,0,16,16
Everwina,0,16,16
Evolet,0,16,16
Ewoudina,0,16,16
Ealse,14,3,17
Earle,11,3,14
Eashan,15,0,15
Easton,13,3,16
Ecco,15,0,15
Edeltruda,0,15,15
Edessa,0,15,15
Edgardus,12,3,15
Eduardes,14,3,17
Eeltsje,14,3,17
Eesha,0,15,15
Eeske,0,15,15
Effendi,15,0,15
Efie,0,15,15
Egberdientje,0,15,15
Eggina,0,15,15
Egid,9,6,15
Egmont,15,0,15
Eleftherios,15,0,15
Eliab,14,3,17
Elijan,13,3,16
Elika,0,15,15
Elisabethe,3,13,16
Ellian,8,7,15
Ellin,3,12,15
Ellouise,0,15,15
Elmin,14,3,17
Eloghosa,5,10,15
Elsama,15,0,15
Elyjah,14,3,17
Emani,3,12,15
Emberdina,0,15,15
Emmanuele,0,15,15
Emmelia,0,15,15
Emmij,3,14,17
Engje,0,15,15
Eniola,3,13,16
Ephram,15,0,15
Erenst,15,0,15
Ericson,15,0,15
Erikson,15,0,15
Ermpje,0,15,15
Erne,3,13,16
Ernes,14,3,17
Esmir,6,9,15
Esperança,3,14,17
Estherella,0,15,15
Eszra,3,11,14
Etan,15,0,15
Etna,0,15,15
Eulogio,15,0,15
Eustatia,3,13,16
Evald,15,0,15
Evangelista,3,13,16
Evano,15,0,15
Evely,0,15,15
Evgenia,3,14,17
Evy-Lynn,0,15,15
Ewen,15,0,15
Ebertina,0,14,14
Edemon,13,3,16
Edgarius,13,3,16
Edial,14,0,14
Edibe,0,14,14
Edseline,0,14,14
Edwardina,0,14,14
Eemke,3,10,13
Eerhard,14,0,14
Eero,14,0,14
Effendy,10,3,13
Efi,3,13,16
Egbarta,0,14,14
Egberthe,0,14,14
Egbertiena,0,14,14
Egbertinus,14,0,14
Egehan,14,0,14
Eiltina,0,14,14
Eléa,0,14,14
Electra,3,13,16
Elfje,0,14,14
Elín,3,13,16
Eliott,14,0,14
Elisheba,0,14,14
Eliva,0,14,14
Eliyana,0,14,14
Elizia,0,14,14
Elkina,0,14,14
Ellegien,0,14,14
Elleni,0,14,14
Ellinore,0,14,14
Ellyn,3,13,16
Elmie,0,14,14
Elnaz,0,14,14
Elohim,14,0,14
Elsenoor,0,14,14
Elvedin,14,0,14
Emélie,0,14,14
Emeric,13,3,16
Emielia,3,13,16
Emielle,8,6,14
Emmalyn,3,13,16
Emme-Lotte,0,14,14
Emna,0,14,14
Emra,7,7,14
Endymion,14,0,14
Engeldina,0,14,14
Enhar,14,0,14
Enorah,0,14,14
Erez,14,0,14
Erieke,0,14,14
Erné,13,3,16
Eryk,14,0,14
Esclarmonde,0,14,14
Esmarelda,0,14,14
Eugeni,3,13,16
Eulogia,0,14,14
Eustache,14,0,14
Evaliene,0,14,14
Evalyne,0,14,14
Everhart,14,0,14
Evgeny,13,3,16
Ewouda,0,14,14
Eyleen,0,14,14
Eyram,7,7,14
Eytan,14,0,14
Eyyup,14,0,14
Eckart,13,0,13
Eddi,12,3,15
Edelburga,3,12,15
Edeltraut,3,11,14
Eeffina,0,13,13
Eetske,0,13,13
Efekaan,13,0,13
Efron,13,0,13
Egan,13,0,13
Egidiana,0,13,13
Egina,0,13,13
Eguidius,13,0,13
Ehlana,0,13,13
Ekkina,0,13,13
Ekua,3,12,15
El-Sayed,8,5,13
Elamin,11,3,14
Elânur,0,13,13
Elara,0,13,13
Elberth,13,0,13
Elbrigje,0,13,13
Eleuterio,13,0,13
Elianus,13,0,13
Eliette,0,13,13
Elieve,0,13,13
Elizabettha,0,13,13
Eljan,13,0,13
Ellart,13,0,13
Ellenor,3,11,14
Ellisa,0,13,13
Elmedina,0,13,13
Elsche,0,13,13
Elsebé,0,13,13
Elselinde,0,13,13
Elwood,13,0,13
Elynne,0,13,13
Emerenciana,0,13,13
Emerikus,12,3,15
Emmechiena,0,13,13
Emmerika,0,13,13
Ems,3,10,13
Enez,13,0,13
Engelhardt,13,0,13
Engelko,13,0,13
Enrika,3,12,15
Erencan,13,0,13
Erja,0,13,13
Ernée,3,12,15
Erwijn,13,0,13
Esai,10,3,13
Essiena,0,13,13
Estèlle,0,13,13
Estrela,3,11,14
Ettien,3,12,15
Eugenine,0,13,13
Evalinde,0,13,13
Evelein,0,13,13
Everardo,13,0,13
Everton,13,0,13
Evra,7,6,13
Ezo,0,13,13
Eagan,12,0,12
Ebbelina,0,12,12
Ebelientje,0,12,12
Eberhart,12,0,12
Ecenaz,0,12,12
Edan,12,0,12
Edelgard,3,11,14
Edmon,12,0,12
Edwien,7,5,12
Edyta,0,12,12
Eefie,0,12,12
Eetje,0,12,12
Eetze,12,0,12
Efia,0,12,12
Egberthus,12,0,12
Egberts,10,3,13
Egenius,10,3,13
Eggerdina,0,12,12
Eggiena,0,12,12
Ego,11,3,14
Egondina,0,12,12
Eibertine,0,12,12
Eifina,0,12,12
Eijberdina,0,12,12
Eildertdina,0,12,12
Eilina,0,12,12
Eimbertha,0,12,12
Einje,12,0,12
Eizo,12,0,12
Ejaz,11,3,14
Elani,3,11,14
Elbregt,3,8,11
Eleftheria,0,12,12
Elegonda,0,12,12
Elèni,0,12,12
Eliberthus,12,0,12
Elicio,12,0,12
Eliel,10,3,13
Elimar,10,3,13
Elizaberth,12,0,12
Elizabete,0,12,12
Eljosha,3,10,13
Elle-Noor,0,12,12
Elloise,0,12,12
Ellymay,0,12,12
Elmera,0,12,12
Elmert,12,0,12
Elmore,12,0,12
Elo,11,3,14
Elron,12,0,12
Elseba,0,12,12
Elsio,12,0,12
Elsjen,0,12,12
Elvyra,0,12,12
Emanuëlla,0,12,12
Emer,3,9,12
Emincan,12,0,12
Emjay,7,5,12
Emmalien,0,12,12
Emmalina,0,12,12
Emmerensia,0,12,12
Emmerik,12,0,12
Enigma,0,12,12
Enoria,3,11,14
Entelina,0,12,12
Erinke,0,12,12
Errusje,0,12,12
Erry,5,7,12
Esilya,0,12,12
Esko,12,0,12
Esmahan,0,12,12
Esohe,0,12,12
Estéban,12,0,12
Estefan,12,0,12
Estefano,12,0,12
Estévan,12,0,12
Esty,0,12,12
Etha,0,12,12
Etiene,5,7,12
Etjen,3,8,11
Euníce,0,12,12
Euphrosina,0,12,12
Eustasius,12,0,12
Evangely,0,12,12
Evararda,0,12,12
Evelia,0,12,12
Everen,12,0,12
Evien,0,12,12
Evitha,0,12,12
Eyden,11,3,14
Eylard,12,0,12
Eymert,12,0,12
Eyub,12,0,12
Early,8,3,11
Ebbele,11,0,11
Ecenur,0,11,11
Edcar,11,0,11
Edilson,11,0,11
Edwer,6,5,11
Eede,3,7,10
Eert,11,0,11
Efnan,3,10,13
Egbartus,11,0,11
Egbertdiena,0,11,11
Egida,0,11,11
Egtbert,11,0,11
Egzon,11,0,11
Ehrhard,11,0,11
Eisa,7,3,10
Eisinga,8,3,11
Ejay,11,0,11
Eladio,11,0,11
Elah,3,7,10
Elek,11,0,11
Eleutheria,0,11,11
Elhaam,3,7,10
Elinne,0,11,11
Elinoor,0,11,11
Elior,10,3,13
Elisabethus,11,0,11
Elisabettha,0,11,11
Elizabeta,0,11,11
Elizie,0,11,11
Ellanora,0,11,11
Elliana,0,11,11
Ellys,0,11,11
Elois,3,7,10
Elsalina,0,11,11
Elseliene,0,11,11
Elselinda,0,11,11
Elvir,11,0,11
Elysse,0,11,11
Eminenur,0,11,11
Emmee,0,11,11
Emmerson,11,0,11
Emmet,11,0,11
Emmilie,0,11,11
Enbiya,10,3,13
Endrit,11,0,11
Endry,3,7,10
Engbertine,0,11,11
Engelly,0,11,11
Enrieke,0,11,11
Enrik,11,0,11
Enso,11,0,11
Epiphania,0,11,11
Erardus,11,0,11
Ergül,7,3,10
Erlina,0,11,11
Ermelindes,0,11,11
Ernstdina,0,11,11
Ertuĝrul,11,0,11
Esgo,11,0,11
Eshwin,11,0,11
Eskander,11,0,11
Esparanza,0,11,11
Essel,6,5,11
Essie,3,10,13
Esterelle,0,11,11
Estha,0,11,11
Estralita,0,11,11
Eugénio,10,3,13
Everadus,11,0,11
Everieke,0,11,11
Ewelina,0,11,11
Ewiena,0,11,11
Exan,11,0,11
Eyman,11,0,11
Ezina,0,11,11
Eaden,8,3,11
Ebina,0,10,10
Eçrin,0,10,10
Edelwina,0,10,10
Edithe,0,10,10
Edney,8,3,11
Edonia,0,10,10
Eefina,0,10,10
Eenjo,10,0,10
Eeuwouda,0,10,10
Effah,8,3,11
Efigenia,0,10,10
Efigenio,10,0,10
Efran,9,3,12
Efrim,10,0,10
Eggedina,0,10,10
Egonia,3,9,12
Egor,10,0,10
Eid,8,3,11
Eijmerdina,0,10,10
Einikje,0,10,10
Eirene,0,10,10
Eithel,10,0,10
Ejiro,8,3,11
Ekina,0,10,10
Eklefina,0,10,10
Elanaz,0,10,10
Elane,0,10,10
Elayna,0,10,10
Elbert-Jan,10,0,10
Elbreg,0,10,10
Elchanan,10,0,10
Eldertina,0,10,10
Eldrick,10,0,10
Elenah,0,10,10
Elenita,0,10,10
Eleonard,10,0,10
Elessar,10,0,10
Elf,3,7,10
Elfira,0,10,10
Elfridus,10,0,10
Elhadj,10,0,10
Elianora,3,9,12
Elibeth,9,3,12
Elieza,5,5,10
Elisanna,0,10,10
Elisé,7,3,10
Elisea,0,10,10
Eliseüs,10,0,10
Elishia,0,10,10
Elisja,3,8,11
Elizar,8,3,11
Elkjaer,10,0,10
Ella-Noor,0,10,10
Ellias,10,0,10
Elmedin,10,0,10
Elmyra,0,10,10
Elonka,3,9,12
Else-Mieke,0,10,10
Elselijn,0,10,10
Elson,10,0,10
Eltjen,9,3,12
Elysah,0,10,10
Elyzabeth,3,9,12
Emaan,3,9,12
Emarentiana,0,10,10
Emaricus,10,0,10
Emas,8,3,11
Embertina,0,10,10
Emeralda,0,10,10
Emidio,10,0,10
Emiko,3,9,12
Emilien,5,5,10
Emiline,0,10,10
Emmerich,10,0,10
Enda,3,7,10
Ener,10,0,10
Engelbarta,0,10,10
Engeliene,0,10,10
Enjo,10,0,10
Enlil,10,0,10
Ennolina,0,10,10
Enzi,7,3,10
Epëus,10,0,10
Epie,5,5,10
Eraldo,10,0,10
Erasmo,10,0,10
Eric-Paul,10,0,10
Erik-Paul,10,0,10
Eritje,0,10,10
Erkina,0,10,10
Erla,0,10,10
Ermalinda,0,10,10
Ernestino,10,0,10
Errold,10,0,10
Ersel,10,0,10
Ersina,0,10,10
Eshal,0,10,10
Eshley,0,10,10
Eshra,3,9,12
Esmea,0,10,10
Esrin,0,10,10
Estelita,3,9,12
Estephanus,10,0,10
Estin,9,3,12
Eston,10,0,10
Ethelka,0,10,10
Etzel,10,0,10
Euclides,10,0,10
Eustacio,10,0,10
Euzebius,10,0,10
Evarist,9,3,12
Everaldo,10,0,10
Everdinand,10,0,10
Everest,9,3,12
Everijna,0,10,10
Everliene,0,10,10
Everlyn,0,10,10
Evernardus,10,0,10
Evertse,9,3,12
Evienne,0,10,10
Evodius,10,0,10
Evon,5,5,10
Evonne,0,10,10
Eyra,0,10,10
Eysan,0,10,10
Ezana,8,3,11
Ezekiël,10,0,10
Ezmira,0,10,10
Ecaterina,3,8,11
Eckhart,9,0,9
Eclin,0,9,9
Edgarda,3,8,11
Edigna,0,9,9
Edion,9,0,9
Edje,3,6,9
Edley,9,0,9
Edmilson,9,0,9
Edmondo,9,0,9
Edolina,0,9,9
Eduarde,3,8,11
Edzart,9,0,9
Eefkina,0,9,9
Eeldrik,9,0,9
Eertje,0,9,9
Eertse,9,0,9
Efa,0,9,9
Efiena,0,9,9
Efrahim,9,0,9
Efthimios,9,0,9
Egberth,9,0,9
Egen,9,0,9
Egil,9,0,9
Eijbertus,9,0,9
Eijmard,5,3,8
Eijmbertus,8,3,11
Eila,0,9,9
Eilardus,9,0,9
Eirini,0,9,9
Eiris,3,8,11
Eivissa,3,8,11
Ekeline,0,9,9
Elanie,0,9,9
Elany,0,9,9
Elayh,9,0,9
Elazar,9,0,9
Eldo,6,3,9
Eleke,0,9,9
Elezias,9,0,9
Elfa,0,9,9
Elfy,0,9,9
Elidus,9,0,9
Elienne,0,9,9
Elihu,9,0,9
Elionore,0,9,9
Eliorah,0,9,9
Eliselore,0,9,9
Elisse,0,9,9
Elizeus,9,0,9
Eljas,9,0,9
Eljin,8,3,11
Elkin,9,0,9
Ella-Mae,0,9,9
Ellechina,0,9,9
Ellenique,0,9,9
Ellerd,9,0,9
Elsabe,0,9,9
Elsabein,0,9,9
Elsebee,0,9,9
Elsebein,0,9,9
Elsha,0,9,9
Elvar,9,0,9
Elviro,9,0,9
Elysé,8,3,11
Elysio,9,0,9
Elzabé,0,9,9
Elzem,0,9,9
Elzert,9,0,9
Emee,0,9,9
Emelin,0,9,9
Emill,9,0,9
Emire,3,8,11
Emmeken,0,9,9
Emmeli,0,9,9
Emmelieke,0,9,9
Emmelijn,0,9,9
Emmelou,0,9,9
Emmerensje,0,9,9
Emmina,0,9,9
Emrehan,9,0,9
Emrik,9,0,9
Encarnación,0,9,9
Engelberthe,0,9,9
Enjetta,0,9,9
Enke,0,9,9
Enni,3,8,11
Ennikje,0,9,9
Enrichetta,0,9,9
Ensio,9,0,9
Enyonam,3,7,10
Eoghan,9,0,9
Eos,3,6,9
Epiphanius,9,0,9
Eranio,9,0,9
Erden,9,0,9
Erdinc,9,0,9
Erianne,0,9,9
Erickson,9,0,9
Erikje,0,9,9
Erine,0,9,9
Erkenraadje,0,9,9
Erkut,9,0,9
Ernst-Paul,9,0,9
Escher,7,3,10
Esderdina,0,9,9
Eshaan,9,0,9
Eskelhoff,8,3,11
Eskelina,0,9,9
Esken,9,0,9
Eslam,8,3,11
Esmael,7,3,10
Esmaralde,0,9,9
Esmeraldo,9,0,9
Esmijn,0,9,9
Esmiralde,0,9,9
Esmy,0,9,9
Espérence,3,8,11
Esref,9,0,9
Esrom,9,0,9
Estalita,0,9,9
Estera,0,9,9
Esterina,0,9,9
Esthère,3,6,9
Estherina,0,9,9
Estrid,0,9,9
Etiena,0,9,9
Etiénne,9,0,9
Etk,0,9,9
Ettiré,9,0,9
Ettjen,0,9,9
Eudes,7,3,10
Eufrasia,0,9,9
Eun,3,7,10
Euodia,0,9,9
Europa,3,8,11
Eva-Luna,0,9,9
Evah,0,9,9
Evaly,0,9,9
Evanthe,0,9,9
Evegradus,9,0,9
Even,9,0,9
Evenardus,9,0,9
Everhardes,9,0,9
Everhardt,9,0,9
Evertdiena,0,9,9
Everwinus,9,0,9
Eviënne,0,9,9
Evla,0,9,9
Evo,9,0,9
Evyan,8,3,11
Ewoldina,0,9,9
Eyob,9,0,9
Eabe,8,0,8
Eagle,8,0,8
Ebbina,0,8,8
Eber,8,0,8
Ebertha,0,8,8
Eboney,3,6,9
Ebuzer,8,0,8
Ecehan,0,8,8
Ecmel,3,7,10
Edâ,0,8,8
Edelbert,8,0,8
Edhem,8,0,8
Edien,3,7,10
Edouardus,7,3,10
Edries,8,0,8
Eentje,0,8,8
Eento,8,0,8
Eep,8,0,8
Eerske,3,5,8
Ees,6,3,9
Eessa,3,7,10
Eeuwina,0,8,8
Eeuwkjen,0,8,8
Efien,0,8,8
Eftelya,0,8,8
Egbertdien,0,8,8
Egbertiene,0,8,8
EHM,3,7,10
Ehsaan,7,3,10
Eigbert,8,0,8
Eijda,0,8,8
Eikbert,8,0,8
Eikina,0,8,8
Eilis,0,8,8
Eiliyah,0,8,8
Eireen,0,8,8
EJM,3,5,8
Ekelien,0,8,8
Ekiena,0,8,8
Ekow,8,0,8
Eladia,0,8,8
Elarus,8,0,8
Elasu,0,8,8
Elberte,0,8,8
Eldine,0,8,8
Eldrina,0,8,8
Eleas,8,0,8
Elefteria,0,8,8
Elem,0,8,8
Elemerse,0,8,8
Eléne,0,8,8
Elenie,0,8,8
Eleonara,0,8,8
Eleonorus,8,0,8
Elía,5,3,8
Eliesa,0,8,8
Elieze,0,8,8
Elijn,0,8,8
Elinda,0,8,8
Elisaberth,7,3,10
Elisan,3,7,10
Elisette,3,7,10
Elishewa,0,8,8
Elison,8,0,8
Elisua,3,5,8
Elizabetta,0,8,8
Ellegiena,0,8,8
Ellegina,0,8,8
Ellenus,8,0,8
Elleny,0,8,8
Eller,8,0,8
Ellice,0,8,8
Elliena,0,8,8
Ellise,0,8,8
Ellyna,0,8,8
Elnatan,7,3,10
Elnora,0,8,8
Elnur,5,3,8
Elodi,3,7,10
Eloïs,3,7,10
Eloísa,0,8,8
Elone,0,8,8
Elou,0,8,8
Elrick,8,0,8
Elrico,8,0,8
Elrond,8,0,8
Elsabijn,0,8,8
Elsaline,0,8,8
Elselieke,0,8,8
Elselyn,0,8,8
Elsemijn,0,8,8
Elsi,3,7,10
Elsiene,0,8,8
Elskea,0,8,8
Elspeth,0,8,8
Eltine,0,8,8
Elvana,0,8,8
Elycia,0,8,8
Elyshia,0,8,8
Emannuel,6,3,9
Emco,8,0,8
Emèl,0,8,8
Emelyn,0,8,8
Emere,0,8,8
Emillie,0,8,8
Emilus,6,3,9
Emma-Lee,0,8,8
Emmali,0,8,8
Emmé,0,8,8
Emmeliene,0,8,8
Emmelin,0,8,8
Emmerica,0,8,8
Emmy-Lou,0,8,8
Emriye,0,8,8
Emylia,0,8,8
Endrik,8,0,8
Engelbartha,0,8,8
Engelena,0,8,8
Enock,8,0,8
Enore,3,5,8
Ento,8,0,8
Erato,3,7,10
Erbay,8,0,8
Erdeniz,7,3,10
Erem,5,3,8
Erene,0,8,8
Ergun,8,0,8
Ericsson,8,0,8
Eriënne,3,6,9
Erlijne,0,8,8
Erlo,8,0,8
Ermelindo,8,0,8
Ermelindus,7,3,10
Ermenegildo,8,0,8
Ernanda,0,8,8
Ernout,8,0,8
Eroll,8,0,8
Ersilia,3,7,10
Eseline,0,8,8
Esinam,3,7,10
Esmerelda,0,8,8
Esmin,6,3,9
Esseliene,0,8,8
Estefani,0,8,8
Estienne,3,3,6
Estrelia,0,8,8
Estreya,0,8,8
Etsje,3,7,10
Ettjo,8,0,8
Euphrasina,0,8,8
Eurdice,0,8,8
Euson,8,0,8
Eustacia,0,8,8
Euthalia,0,8,8
Evania,0,8,8
Evanthia,0,8,8
Evardus,8,0,8
Evart,8,0,8
Everentia,0,8,8
Everiena,0,8,8
Everlientje,0,8,8
Evermarus,8,0,8
Every,6,3,9
Evgeni,8,0,8
Eweka,3,3,6
Ewi,3,7,10
Ewoudia,3,7,10
Ewy,0,8,8
Ezinne,0,8,8
Easge,7,0,7
Eason,7,0,7
Eavan,3,3,6
Ebbi,0,7,7
Eberta,0,7,7
Ebunoluwa,3,3,6
Ecorlina,0,7,7
Ecren,3,6,9
Edden,3,5,8
Eddina,0,7,7
Edelmar,7,0,7
Edlyn,0,7,7
Edme,3,6,9
Ednan,7,0,7
Edoard,7,0,7
Edouarda,0,7,7
Edouardo,7,0,7
Edrian,6,3,9
Edselina,0,7,7
Eduan,7,0,7
Eduwarda,0,7,7
Eduwardo,7,0,7
Edvige,3,6,9
Edwyn,7,0,7
Eege,7,0,7
Eekje,0,7,7
Eerlanda,0,7,7
Eerlandje,0,7,7
Eevi,0,7,7
Efisia,0,7,7
Efra,3,5,8
Efstathios,7,0,7
Eftal,6,3,9
Efza,0,7,7
Egbartha,0,7,7
Egberd,7,0,7
Egbinus,7,0,7
Egedina,0,7,7
Eghosasere,6,3,9
Eiben,7,0,7
Eiberdinus,7,0,7
Eigina,0,7,7
Eija,0,7,7
Eilco,7,0,7
Eim,7,0,7
Eimen,7,0,7
Eiziena,0,7,7
Eje,3,5,8
Ejnar,7,0,7
Ekam,6,3,9
Ekim,5,3,8
Elainy,0,7,7
Elberto,7,0,7
Elcira,0,7,7
Eldiena,0,7,7
Eldrich,7,0,7
Elean,3,3,6
Eleanah,0,7,7
Elèna,0,7,7
Elfine,0,7,7
Elfreyda,0,7,7
Elfri,0,7,7
Elhouda,0,7,7
Elianah,0,7,7
Elianore,0,7,7
Eliass,7,0,7
Eliberta,0,7,7
Eliënne,0,7,7
Eliisa,0,7,7
Elino,7,0,7
Elisabel,0,7,7
Elisabella,0,7,7
Elisabeth-Anne,0,7,7
Elisandra,0,7,7
Eliyahu,7,0,7
Elizio,7,0,7
Elkjar,7,0,7
Ellaine,0,7,7
Ellebertus,7,0,7
Elleen,0,7,7
Ellemay,0,7,7
Elleonora,0,7,7
Ellia,3,6,9
Ellora,0,7,7
Elly-May,0,7,7
Eloa,0,7,7
Eloï,3,5,8
Elrika,0,7,7
Elro,7,0,7
Elsard,7,0,7
Elserieke,3,6,9
Elsira,0,7,7
Eltica,0,7,7
Eltinus,7,0,7
Eluney,3,3,6
Elvita,0,7,7
Elydia,3,6,9
Elyes,6,3,9
Elzienus,7,0,7
Elzira,0,7,7
Emanuèl,7,0,7
Emefa,0,7,7
Emek,3,3,6
Emelly,0,7,7
Emerentienne,0,7,7
Emiley,0,7,7
Emilla,0,7,7
Emilya,0,7,7
Emiş,0,7,7
Emma-Rose,0,7,7
Emmalee,0,7,7
Emmanouil,7,0,7
Emmeliek,0,7,7
Emmelyne,0,7,7
Emmelynn,0,7,7
Endang,3,3,6
Endi,7,0,7
Endo,6,3,9
Engelhart,6,3,9
Engeltien,0,7,7
Enita,0,7,7
Eniz,6,3,9
Ennetje,0,7,7
Ennia,0,7,7
Enoh,3,3,6
Enteny,6,3,9
Eóin,7,0,7
Eon,7,0,7
Epicharius,7,0,7
Eppedina,0,7,7
Eppy,3,6,9
Erçan,7,0,7
Ercole,7,0,7
Ereldina,0,7,7
Erienne,3,5,8
Erisa,0,7,7
Erk,7,0,7
Erkie,0,7,7
Erlangga,6,3,9
Erly,0,7,7
Ermando,7,0,7
Ermenie,0,7,7
Ermo,7,0,7
Ernst-Willem,7,0,7
Ervik,7,0,7
Erwien,7,0,7
Erzebeth,0,7,7
Eshaal,0,7,7
Eshita,0,7,7
Eshna,3,6,9
Esilanur,0,7,7
Eskeline,0,7,7
Esmagül,0,7,7
Esmina,0,7,7
Esna,0,7,7
Esso,7,0,7
Essy,0,7,7
Estanislao,7,0,7
Esteé,0,7,7
Esterel,0,7,7
Estie,3,6,9
Estine,3,6,9
Estrelita,0,7,7
Etkin,3,3,6
Eudoxia,3,6,9
Eugêne,7,0,7
Eugeny,0,7,7
Eulodie,0,7,7
Euredise,0,7,7
Eurodice,0,7,7
Evangelie,0,7,7
Evangelino,6,3,9
Evangelo,7,0,7
Evar,7,0,7
Evedina,0,7,7
Evelie,0,7,7
Evelise,0,7,7
Everada,0,7,7
Everardes,7,0,7
Everien,3,6,9
Everlyne,0,7,7
Eyke,3,6,9
Eyla,0,7,7
Eze,5,3,8
Ezzahra,0,7,7
Eabele,6,0,6
EAM,3,3,6
Earde,6,0,6
Ebbegien,0,6,6
Ebbert,6,0,6
Ebbigje,0,6,6
Ebenhard,6,0,6
Eberhardt,6,0,6
Ebian,6,0,6
Ebtisam,0,6,6
ECM,0,6,6
Edelberto,6,0,6
Edelmira,0,6,6
Edian,6,0,6
Edisona,0,6,6
Edonis,6,0,6
Edrik,6,0,6
Edserdina,0,6,6
Edsert,6,0,6
Edvaldo,6,0,6
Edwar,5,3,8
Edwards,6,0,6
Edyn,3,3,6
Edzardina,0,6,6
Eeffien,0,6,6
Eelhart,6,0,6
Eelkina,0,6,6
Eerdse,6,0,6
Eesjen,0,6,6
Effy,0,6,6
Efil,0,6,6
Efke,3,3,6
Efrayim,6,0,6
Efrosina,0,6,6
Efrosini,0,6,6
Efstratios,6,0,6
Efthimia,0,6,6
Egelinus,6,0,6
Eger,6,0,6
Eggelina,0,6,6
Ehan,6,0,6
Ehigie,3,3,6
Ehlin,0,6,6
Eijgje,0,6,6
Eijo,6,0,6
Eijte,6,0,6
Eikeline,0,6,6
Eilkelina,0,6,6
Eilkina,0,6,6
Eilleen,0,6,6
Eiltjo,6,0,6
Eimer,6,0,6
Eirin,3,5,8
Eisiena,0,6,6
Eissiena,0,6,6
Ejona,0,6,6
Ekatherina,0,6,6
Ekene,5,3,8
Ekhlasse,0,6,6
Eki,3,3,6
Ekkes,3,3,6
Elaia,3,3,6
Elaih,6,0,6
Elaise,0,6,6
Elanne,0,6,6
Elbart,6,0,6
Elbe,3,3,6
Elberthus,6,0,6
Eldana,0,6,6
Elderdina,0,6,6
Elderik,6,0,6
Electus,6,0,6
Eleissawy,3,3,6
Elemoet,0,6,6
Elfina,0,6,6
Elgero,6,0,6
Eliakim,5,3,8
Eliasse,5,3,8
Elica,0,6,6
Eliezabet,0,6,6
Eligje,0,6,6
Elijanne,0,6,6
Elijne,0,6,6
Elisama,3,3,6
Elisandro,6,0,6
Elisangela,0,6,6
Eliséba,0,6,6
Elisenda,0,6,6
Elishevah,0,6,6
Elishua,3,3,6
Elisjah,3,5,8
Elisya,0,6,6
Elizya,0,6,6
Eljon,6,0,6
Elki,0,6,6
Ellah,3,5,8
Ellaha,0,6,6
Ellanor,3,5,8
Ellengard,0,6,6
Ellinoor,0,6,6
Elliz,0,6,6
Ellyanne,0,6,6
Ellysa,0,6,6
Elmehdi,6,0,6
Elmir,6,0,6
Elphine,3,5,8
Elsbertha,0,6,6
Elsbertus,6,0,6
Elselot,0,6,6
Elselotte,0,6,6
Elsevera,0,6,6
Elsientje,0,6,6
Elssiena,0,6,6
Elsziena,0,6,6
Elt,6,0,6
Elta,0,6,6
Eltjedina,0,6,6
Eluna,0,6,6
Elve,0,6,6
Elvida,0,6,6
Elvine,0,6,6
Elvyre,0,6,6
Elyce,0,6,6
Elysee,3,5,8
Emam,3,3,6
Emanuél,6,0,6
Emée,0,6,6
Emeliano,6,0,6
Emelinde,3,5,8
Emelio,6,0,6
Emerika,0,6,6
Emielio,6,0,6
Emien,5,3,8
Emília,0,6,6
Emirto,6,0,6
Emmalin,0,6,6
Emmanuéla,0,6,6
Emmechien,0,6,6
Emmen,6,0,6
Emmerance,0,6,6
Emmerentius,6,0,6
Endah,0,6,6
Endri,3,3,6
Eneida,0,6,6
Eneke,0,6,6
Engelberte,0,6,6
Engelberts,6,0,6
Engelin,3,5,8
Engincan,6,0,6
Engy,0,6,6
Eni,3,5,8
Enkjen,0,6,6
Enmanuel,6,0,6
Ennëus,6,0,6
Ennur,3,5,8
Enriqué,6,0,6
Enriquez,6,0,6
Enthony,6,0,6
Enyo,3,3,6
Ephron,6,0,6
Ephyra,0,6,6
Epiphany,0,6,6
Epkea,0,6,6
Eppolina,0,6,6
Eral,5,3,8
Eralp,6,0,6
Erasta,0,6,6
Erastus,6,0,6
Ercilia,0,6,6
Erdin,6,0,6
Erdo,6,0,6
Erduan,6,0,6
Erdwin,6,0,6
Eres,3,3,6
Erikszoon,6,0,6
Erique,3,3,6
Erlwin,6,0,6
Ermanda,0,6,6
Ermelendis,3,3,6
Ermias,6,0,6
Ernad,6,0,6
Ernee,3,5,8
Ernestiene,0,6,6
Ernita,0,6,6
Ernsje,0,6,6
Ernske,0,6,6
Eromosele,6,0,6
Erona,0,6,6
Erresina,0,6,6
Erriet,6,0,6
Ersa,0,6,6
Erszébet,0,6,6
Ervinna,0,6,6
Erwyn,6,0,6
Esaiah,6,0,6
Esaias,6,0,6
Esco,5,3,8
Esdras,6,0,6
Eshly,3,3,6
Eshwa,0,6,6
Eshwar,6,0,6
Eskandar,6,0,6
Eski,0,6,6
Esmar,3,3,6
Esmara,0,6,6
Esmarije,0,6,6
Esmat,3,3,6
Esmeranda,0,6,6
Esmieralda,0,6,6
Esperanca,0,6,6
Essine,0,6,6
Essiya,0,6,6
Esstella,0,6,6
Esté,0,6,6
Estefana,0,6,6
Estefanía,0,6,6
Estémoa,3,5,8
Esten,5,3,8
Estrea,0,6,6
Ete,6,0,6
Etel,0,6,6
Etelvina,0,6,6
Etièn,6,0,6
Etiène,5,3,8
Etienette,0,6,6
Etiosa,3,3,6
Etjo,6,0,6
Ettha,0,6,6
Ettiënne,5,3,8
Ettine,0,6,6
Eugine,3,3,6
Eumir,6,0,6
Euphemie,0,6,6
Euphemius,6,0,6
Euphronia,3,5,8
Euryanthe,0,6,6
Eustochia,0,6,6
Euterpe,0,6,6
Eva-Sophie,0,6,6
Evaliena,0,6,6
Evanie,3,3,6
Evdokia,0,6,6
Evedien,0,6,6
Evelijntje,0,6,6
Evelinn,0,6,6
Evelio,6,0,6
Evemia,0,6,6
Eventius,6,0,6
Evergerardus,6,0,6
Everliena,0,6,6
Evertinus,6,0,6
Evertson,6,0,6
Evi-Anne,0,6,6
Evîn,0,6,6
Evodie,0,6,6
Evyanne,0,6,6
Evynne,0,6,6
Ewalt,6,0,6
Ewardus,6,0,6
Ewere,5,3,8
Ewert,6,0,6
Ewine,0,6,6
Ewouter,6,0,6
Ewyn,5,3,8
Exaverius,6,0,6
Eyassu,3,5,8
Eyso,6,0,6
Eady,0,5,5
Easy,3,3,6
Ebbedina,0,5,5
Ebbegina,0,5,5
Ebelinus,5,0,5
Ebelke,0,5,5
Ebeltien,0,5,5
Ebere,3,3,6
Eberhardina,0,5,5
Eberhardine,0,5,5
Eberthus,5,0,5
Ebriena,0,5,5
Ebrinus,5,0,5
Ebun,3,3,6
Eby,3,3,6
Ecevit,5,0,5
Eclesia,0,5,5
Eddem,5,0,5
Edechien,0,5,5
Edelien,0,5,5
Edeltrude,0,5,5
Edeltrudus,3,3,6
Edema,3,3,6
Edemundus,5,0,5
Edilberto,5,0,5
Edinio,5,0,5
Edinne,3,3,6
Edir,5,0,5
Edlef,5,0,5
Edmunde,0,5,5
Edoja,3,3,6
Edoward,5,0,5
Edrick,5,0,5
Edso,5,0,5
Edwaldus,5,0,5
Edward-John,5,0,5
Edwart,5,0,5
Edwoud,5,0,5
Edwout,5,0,5
Edzelina,0,5,5
Edzerdina,0,5,5
Edzko,5,0,5
Eedsger,5,0,5
Eefjen,0,5,5
Eekelina,0,5,5
Eelker,5,0,5
Eelkes,5,0,5
Eempje,0,5,5
Eemy,0,5,5
Eerik,5,0,5
Eerland,0,5,5
Eertze,5,0,5
Eetse,5,0,5
Eeuwk,0,5,5
Efemena,3,3,6
Effe,3,3,6
Eflal,0,5,5
Efrat,3,3,6
Efrata,3,3,6
Egalina,0,5,5
Egarius,5,0,5
Egbe,3,3,6
Egberti,0,5,5
Egelantine,0,5,5
Egges,5,0,5
Eggie,3,3,6
Eghard,5,0,5
Egilda,0,5,5
Egle,3,3,6
Ehi,3,3,6
Ehigiator,3,3,6
Ehlèn,0,5,5
Ehssan,3,3,6
Eibeltje,0,5,5
Eilderd,5,0,5
Eilene,0,5,5
Eilien,0,5,5
Eimberdina,0,5,5
Eimerica,0,5,5
Eimertje,0,5,5
Einjo,5,0,5
Eitan,5,0,5
Eithan,5,0,5
Eitine,0,5,5
Eitse,5,0,5
Eizina,0,5,5
Ejub,5,0,5
Ekea,0,5,5
Ekhard,5,0,5
Ekhart,5,0,5
Ekie,3,3,6
Ekkelina,0,5,5
Ekolina,0,5,5
Ekta,0,5,5
Eky,0,5,5
Elaisah,0,5,5
Elanda,3,3,6
Elanoor,0,5,5
Elanore,0,5,5
Elberthe,0,5,5
Elbrechtje,0,5,5
Elby,3,3,6
Elca,0,5,5
Eldeen,5,0,5
Eldertje,0,5,5
Eldimar,5,0,5
Eldor,5,0,5
Eldred,3,3,6
Eleah,0,5,5
Eleanna,0,5,5
Elebartha,0,5,5
Elector,3,3,6
Elegina,0,5,5
Eleine,0,5,5
Eleison,5,0,5
Elemér,5,0,5
Elenay,0,5,5
Eléni,0,5,5
Elerus,5,0,5
Eleuteria,0,5,5
Elfredo,5,0,5
Elfriedus,5,0,5
Elgiva,0,5,5
Elhame,0,5,5
Eli-Jan,5,0,5
Eliaan,0,5,5
Elián,5,0,5
Eliantha,0,5,5
Eliasar,5,0,5
Eliatha,3,3,6
Elibartus,5,0,5
Eliesbeth,0,5,5
Elijes,5,0,5
Elijha,3,3,6
Elilta,0,5,5
Elira,0,5,5
Eliseu,5,0,5
Elish,0,5,5
Elisiana,0,5,5
Elissia,0,5,5
Eliszabeth,0,5,5
Elitsa,0,5,5
Elivah,0,5,5
Elive,0,5,5
Eliyano,5,0,5
Eliyas,5,0,5
Elizaberta,0,5,5
Elizanne,0,5,5
Elkiopas,5,0,5
Elky,0,5,5
Ell,3,3,6
Ella-Marie,0,5,5
Ellana,0,5,5
Ellanur,0,5,5
Elleanor,0,5,5
Elleanore,0,5,5
Ellebertha,0,5,5
Ellemarie,0,5,5
Ellemeike,0,5,5
Ellemein,0,5,5
Ellene,0,5,5
Ellija,3,3,6
Ellion,3,3,6
Ellissa,0,5,5
Ellize,0,5,5
Ellody,0,5,5
Ellory,3,3,6
Ellouisa,0,5,5
Ellyse,0,5,5
Elmahdi,5,0,5
Elmarije,0,5,5
Elmon,5,0,5
Eloah,3,3,6
Eloïn,0,5,5
Eloïne,0,5,5
Elonora,0,5,5
Elphi,0,5,5
Elrie,3,3,6
Elrike,0,5,5
Elsabina,0,5,5
Elsah,0,5,5
Elsanna,0,5,5
Elsart,5,0,5
Elsebina,0,5,5
Elselies,0,5,5
Elsemarieke,0,5,5
Elsemarije,0,5,5
Elsenora,0,5,5
Elsert,5,0,5
Elsevier,3,3,6
Elshout,3,3,6
Elssina,0,5,5
Elten,5,0,5
Elviëra,0,5,5
Elwy,3,3,6
Elyasa,3,3,6
Elyase,5,0,5
Elyseo,5,0,5
Elzana,0,5,5
Elzeliene,0,5,5
Emane,0,5,5
Emano,5,0,5
Emanual,5,0,5
Emanuelson,5,0,5
Emara,0,5,5
Emarentianus,5,0,5
Embertine,0,5,5
Emed,5,0,5
Emela,0,5,5
Emelieke,0,5,5
Emelij,0,5,5
Emelita,0,5,5
Emérance,0,5,5
Emeraude,3,3,6
Emerenthia,0,5,5
Emerentiane,0,5,5
Emeria,0,5,5
Emése,0,5,5
Emgert,5,0,5
Emiely,0,5,5
Emileo,5,0,5
Emiliya,0,5,5
Emillius,5,0,5
Emily-Rose,0,5,5
Emilyn,0,5,5
Emirah,3,3,6
Emiterio,5,0,5
Emka,0,5,5
Emmae,0,5,5
Emmarence,0,5,5
Emmia,0,5,5
Empress,0,5,5
Emral,3,3,6
Enah,0,5,5
Enam,3,3,6
Enar,3,3,6
Enée,3,3,6
Engelberth,5,0,5
Engelinda,0,5,5
Engelinia,0,5,5
Engelmundes,5,0,5
Engely,0,5,5
Engen,5,0,5
Engina,0,5,5
Enikö,0,5,5
Enio,5,0,5
Enjelina,0,5,5
Enki,3,3,6
Ennius,5,0,5
Ennogiena,0,5,5
Enoa,0,5,5
Enoah,3,3,6
Enoma,3,3,6
Enow,3,3,6
Enricco,5,0,5
Enrick,5,0,5
Enriquo,5,0,5
Ensa,3,3,6
Enseline,0,5,5
Enta,0,5,5
Entje,3,3,6
Eomer,5,0,5
Ephraem,5,0,5
Epi,5,0,5
Eponine,0,5,5
Eppine,0,5,5
Epping,3,3,6
Erbil,5,0,5
Erblin,5,0,5
Erco,5,0,5
Erda,3,3,6
Erdim,5,0,5
Eriana,0,5,5
Ericjan,5,0,5
Erieka,0,5,5
Erinda,0,5,5
Erisha,0,5,5
Erjona,0,5,5
Ermeline,0,5,5
Ermena,0,5,5
Ermenilda,0,5,5
Ermioni,0,5,5
Ermis,5,0,5
Ern,3,3,6
Ernadina,3,3,6
Ernastiena,0,5,5
Ernestiena,3,3,6
Ernst-Peter,5,0,5
Errie,3,3,6
Erron,5,0,5
Ersiena,0,5,5
Erstger,5,0,5
Erszébeth,0,5,5
Ertaç,5,0,5
Ertuğ,5,0,5
Erturul,5,0,5
Erwen,5,0,5
Esan,5,0,5
Esaya,3,3,6
Eseoghene,3,3,6
Esey,5,0,5
Eskea,0,5,5
Eskol,3,3,6
Esmâ,0,5,5
Esmaël,5,0,5
Esmail,3,3,6
Esmyralda,0,5,5
Esron,5,0,5
Esselyn,3,3,6
Estafania,0,5,5
Estebana,0,5,5
Estefanie,0,5,5
Estepanus,5,0,5
Esterinah,0,5,5
Estevez,3,3,6
Estherlita,0,5,5
Estrild,0,5,5
Eszti,0,5,5
Ethie,0,5,5
Ethy,0,5,5
Etosha,3,3,6
Ettiene,3,3,6
Etwaria,0,5,5
Etwi,3,3,6
Eudokia,3,3,6
Eufrosina,0,5,5
Eugenne,5,0,5
Eugonia,0,5,5
Eumalie,3,3,6
Eunise,0,5,5
Euphémia,0,5,5
Euphémie,0,5,5
Euphenia,0,5,5
Euphratia,0,5,5
Euphrosyne,0,5,5
Eurvin,5,0,5
Eusébio,5,0,5
Eustaquio,5,0,5
Eustella,0,5,5
Eva-Lin,0,5,5
Eva-Louise,0,5,5
Evadney,0,5,5
Evagelia,0,5,5
Evalinda,0,5,5
Evangelin,0,5,5
Evarest,5,0,5
Evdoxia,0,5,5
Eveke,0,5,5
Evelinus,5,0,5
Eventia,0,5,5
Ever,3,3,6
Everanda,0,5,5
Everart,5,0,5
Evergrada,0,5,5
Everley,3,3,6
Everlinda,0,5,5
Everrina,0,5,5
Evers,5,0,5
Evertiena,0,5,5
Everts,5,0,5
Eviana,0,5,5
Evika,0,5,5
Evilynn,0,5,5
Evite,0,5,5
Evliya,3,3,6
Evodia,0,5,5
Evony,0,5,5
Evrardus,5,0,5
Evron,5,0,5
Evy-Linn,0,5,5
Evy-Mae,0,5,5
Ewoutdina,0,5,5
Eyan,5,0,5
Eydie,0,5,5
Eydis,0,5,5
Eyüphan,5,0,5
Eyzo,5,0,5
Ezer,5,0,5
Ezi,0,5,5
E-Jay,3,0,3
E-jay,3,0,3
Eala,0,3,3
Eames,3,0,3
Earnst,3,0,3
Easger,3,0,3
Eathan,3,0,3
Eayon,3,0,3
Eba,3,3,6
Eban,3,0,3
Ebeldiena,0,3,3
Ebellina,0,3,3
Ebertine,0,3,3
Ebes,3,0,3
Eble,3,0,3
Ebram,3,0,3
Ebtissam,0,3,3
Ebu-Bekir,3,0,3
Ebyan,0,3,3
Echika,0,3,3
Echnaton,3,0,3
Echo,3,3,6
Eckard,3,0,3
Ecre,0,3,3
Edder,3,0,3
Eddyson,3,0,3
Edegard,3,0,3
Edemonda,0,3,3
Ederik,3,0,3
Edes,3,0,3
Edeste,0,3,3
Edgardina,0,3,3
Edia,3,3,6
Ediana,0,3,3
Ediena,0,3,3
Ediomar,3,0,3
Edivaldo,3,0,3
Edjan,3,0,3
Edmara,0,3,3
Edmir,3,0,3
Edmünd,3,0,3
Edora,0,3,3
Edosa,3,0,3
Edrina,0,3,3
Edriss,3,3,6
Eduar,3,3,6
Eduke,3,0,3
Edwiena,0,3,3
Edwin-Jan,3,0,3
Edwines,3,0,3
Edzio,3,0,3
Eefco,3,0,3
Eeftje,0,3,3
Eegert,3,0,3
Eekjen,0,3,3
Eelbren,0,3,3
Eelderik,3,0,3
Eeldert,3,0,3
Eeline,0,3,3
Eeljo,3,0,3
Eelkelina,0,3,3
Eelsiena,0,3,3
Eelsina,0,3,3
Eeme,3,0,3
Eemil,3,0,3
Eene,3,0,3
Eerd,3,0,3
Eerenst,3,0,3
Eerkedina,0,3,3
Eerkina,0,3,3
Eernst,3,0,3
Eetina,0,3,3
Eeuwelina,0,3,3
Eevee,0,3,3
Eewe,3,0,3
Effendie,3,0,3
Efrail,3,0,3
Efraïn,3,0,3
Efrin,3,3,6
Efruz,0,3,3
Efy,0,3,3
Egens,3,0,3
Egfried,3,0,3
Eggelien,0,3,3
Egheosa,3,3,6
Egmund,3,0,3
Egodina,0,3,3
Ehirim,3,3,6
Ehrin,3,3,6
Ehud,3,0,3
Eiberdine,0,3,3
Eiberlien,0,3,3
Eiblin,3,3,6
Eide,3,0,3
Eidiena,0,3,3
Eijltje,0,3,3
Eijmarda,0,3,3
Eijmbert,3,0,3
Eijsbert,3,0,3
Eijze,3,0,3
Eikes,3,0,3
Eilderdiena,0,3,3
Eilderika,0,3,3
Eildertina,0,3,3
Eildertje,0,3,3
Eilgiena,0,3,3
Eilof,3,0,3
Eiluned,0,3,3
Eiman,3,3,6
Eimar,3,0,3
Eimear,0,3,3
Eimke,3,3,6
Eipke,0,3,3
Eire,3,3,6
Eirinn,0,3,3
Eiskje,0,3,3
Eissa,3,3,6
Eitel,3,0,3
Eitina,0,3,3
Eivor,0,3,3
Ejal,3,0,3
Ejan,3,0,3
Ejla,0,3,3
Ekelijn,0,3,3
Ekkehard,3,0,3
Ekkelien,0,3,3
Ekkelientje,0,3,3
Ekundayo,3,3,6
Elais,0,3,3
Elaizah,0,3,3
Elam,3,3,6
Elanna,0,3,3
Elaria,0,3,3
Elasa,3,3,6
Elayjah,0,3,3
Elayno,3,0,3
Elbard,3,0,3
Elbartje,0,3,3
Elbereth,3,3,6
Elcin,0,3,3
Elcina,0,3,3
Elcio,3,0,3
Eldien,3,3,6
Eldion,3,0,3
Eldy,3,0,3
Eleano,3,0,3
Eleasha,0,3,3
Elebert,3,0,3
Eleberth,3,0,3
Elefterios,3,0,3
Eleona,0,3,3
Eleonardo,3,0,3
Eleone,0,3,3
Elestine,0,3,3
Eleterius,3,0,3
Elettra,0,3,3
Elewout,3,0,3
Elfia,0,3,3
Elfleda,0,3,3
Elfry,0,3,3
Elgreenio,3,0,3
Elhadi,3,0,3
Elhadje,3,0,3
Elhaj,3,3,6
Elhana,3,3,6
Elhem,0,3,3
Eliaçin,3,3,6
Eliandra,0,3,3
Eliani,0,3,3
Elianoor,0,3,3
Elianthe,0,3,3
Eliat,3,0,3
Elide,0,3,3
Eliènne,0,3,3
Eliesha,3,3,6
Elifgül,0,3,3
Eligonda,0,3,3
Elima,0,3,3
Elimelech,3,0,3
Elinka,0,3,3
Elionne,0,3,3
Elionoor,0,3,3
Elios,3,0,3
Eliran,3,0,3
Elisar,3,3,6
Elisaveta,0,3,3
Elischa,3,3,6
Elise-Marie,3,3,6
Elizangela,0,3,3
Elizebertus,3,0,3
Elizebet,0,3,3
Elizée,3,3,6
Elizha,0,3,3
Elizius,3,0,3
Eljairo,3,0,3
Eljasaf,3,0,3
Eljesa,0,3,3
Elkje,0,3,3
Ella-Maria,0,3,3
Ella-Rose,0,3,3
Ellaline,0,3,3
Ellanie,0,3,3
Ellanore,0,3,3
Elleberta,0,3,3
Ellechie,0,3,3
Ellegiedina,0,3,3
Ellekijn,0,3,3
Ellenie,0,3,3
Ellenna,0,3,3
Ellex,3,3,6
Elliam,3,0,3
Elliane,0,3,3
Ellijah,3,3,6
Ellisha,0,3,3
Ellynoor,0,3,3
Elmarye,0,3,3
Elme,3,0,3
Elmonda,0,3,3
Elnoah,3,0,3
Eloïze,0,3,3
Elounda,0,3,3
Elowyn,0,3,3
Eloysa,0,3,3
Eloyse,0,3,3
Elra,0,3,3
Elri,3,3,6
Elsberth,3,3,6
Else-Maria,0,3,3
Elsefien,0,3,3
Elseus,3,0,3
Elshaday,3,3,6
Elsheshtawy,3,0,3
Elsiana,0,3,3
Elsienna,0,3,3
Elskeline,0,3,3
Elsko,3,0,3
Eltaf,3,0,3
Eltayeb,3,3,6
Eltin,3,3,6
Eltjan,3,0,3
Eltjes,3,0,3
Elto,3,0,3
Eltsje,0,3,3
Eluisa,0,3,3
Elune,0,3,3
Elvano,3,3,6
Elvere,0,3,3
Elvezia,0,3,3
Elvike,0,3,3
Elvinio,3,0,3
Elwi,3,3,6
Elwien,3,3,6
Elwinus,3,0,3
Elyano,3,0,3
Elyessa,3,3,6
Elys,0,3,3
Elysanne,0,3,3
Elyzah,3,3,6
Elzalina,0,3,3
Elzardina,0,3,3
Elzebeth,0,3,3
Elzeliena,0,3,3
Elzelinde,0,3,3
Elzemarie,0,3,3
Elzemarijn,0,3,3
Elzy,0,3,3
Emaad,3,0,3
Emalda,0,3,3
Emaline,0,3,3
Emalisa,0,3,3
Emana,0,3,3
Emanuelly,0,3,3
Emany,3,3,6
Embiya,3,0,3
Emeldine,0,3,3
Emélia,0,3,3
Emeliana,0,3,3
Emeliet,0,3,3
Emelijn,0,3,3
Emelynn,0,3,3
Emen,3,3,6
Emera,0,3,3
Emerito,3,0,3
Emero,3,0,3
Emeterio,3,0,3
Emgerd,3,0,3
Emiël,3,3,6
Emielda,0,3,3
Emigdio,3,0,3
Emilé,3,3,6
Emiliaan,3,0,3
Emilina,0,3,3
Emilja,0,3,3
Emilou,0,3,3
Emilto,3,0,3
Emily-Jane,0,3,3
Emly,0,3,3
Emma-Lotte,0,3,3
Emma-Maria,0,3,3
Emmah,0,3,3
Emmalotte,0,3,3
Emmalynn,0,3,3
Emmelinde,0,3,3
Emmerick,3,0,3
Emmerinciana,0,3,3
Emmilia,0,3,3
Emmilou,0,3,3
Emraan,3,0,3
Emre-Can,3,0,3
Emri,3,3,6
Emro,3,0,3
Emy-Lee,3,3,6
Enara,0,3,3
Enas,3,3,6
Encarna,0,3,3
Endip,3,0,3
Endrico,3,0,3
Endro,3,0,3
Endurance,3,3,6
Enedina,0,3,3
Eneeltje,0,3,3
Enelia,0,3,3
Engdal,3,3,6
Enge,0,3,3
Engelbertine,0,3,3
Engelharda,0,3,3
Engeli,0,3,3
Engeltine,0,3,3
Engrid,0,3,3
Enine,0,3,3
Enisha,0,3,3
Enit,0,3,3
Enkina,0,3,3
Ennechiena,0,3,3
Ennely,0,3,3
Ennette,0,3,3
Ennya,0,3,3
Enok,3,3,6
Enrice,3,3,6
Enriëtte,0,3,3
Enriqua,0,3,3
Ensaf,0,3,3
Ensley,0,3,3
Entenie,3,0,3
Envi,3,3,6
Enyeto,3,0,3
Epéus,3,0,3
Ephrema,0,3,3
Epiphanes,3,0,3
Eppediena,0,3,3
Epril,0,3,3
Eqbal,3,3,6
Eralda,0,3,3
Eram,3,3,6
Erard,3,0,3
Erasma,0,3,3
Erbert,3,0,3
Erdenay,3,0,3
Erek,3,0,3
Erekita,0,3,3
Erembertus,3,0,3
Erhardt,3,0,3
Eriberto,3,0,3
Eric-Willem,3,0,3
Erien,0,3,3
Erik-Alexander,3,0,3
Erik-Hans,3,0,3
Eriq,3,0,3
Erita,3,3,6
Erith,3,3,6
Erlan,3,0,3
Erle,3,3,6
Erlena,0,3,3
Ermelendes,0,3,3
Ermgard,0,3,3
Ermida,0,3,3
Ernadine,0,3,3
Ernald,3,0,3
Ernani,3,3,6
Ernesztina,0,3,3
Erren,3,3,6
Errico,3,0,3
Erristina,0,3,3
Erro,3,0,3
Erryt,3,0,3
Erşan,3,0,3
Ershad,3,0,3
Erskine,3,0,3
Ersun,3,0,3
Erszi,0,3,3
Ertuġrul,3,0,3
Ertunç,3,0,3
Erum,0,3,3
Ervâ,0,3,3
Ervan,3,3,6
Erwin-Jan,3,0,3
Erya,0,3,3
Erzebet,0,3,3
Erzi,0,3,3
Erzie,0,3,3
Es'ad,3,0,3
Esaja,3,3,6
Esayah,3,3,6
Escada,0,3,3
Escorcio,3,3,6
Esdor,3,0,3
Esfandiar,3,0,3
Eshak,3,3,6
Eshani,0,3,3
Eshtia,3,3,6
Esilay,0,3,3
Esira,0,3,3
Esiya,0,3,3
Esje,0,3,3
Esker,3,3,6
Esla,0,3,3
Esline,0,3,3
Esmaé,0,3,3
Esmaïl,3,0,3
Esmaranda,0,3,3
Esmarel,0,3,3
Esmarijn,0,3,3
Esmè,0,3,3
Esmeè,0,3,3
Esmerald,3,3,6
Esperant,3,3,6
Espéranza,0,3,3
Esperanzo,3,0,3
Esran,3,0,3
Esre,3,3,6
Esry,0,3,3
Essi,0,3,3
Estaban,3,0,3
Estafanus,3,0,3
Estario,3,0,3
Estèl,0,3,3
Esterdina,0,3,3
Esterre,0,3,3
Esthé,3,3,6
Estherly,0,3,3
Estia,0,3,3
Estillio,3,0,3
Estra,0,3,3
Eternity,0,3,3
Ethelle,0,3,3
Etiëne,3,3,6
Etiennette,0,3,3
Etin-Osa,3,3,6
Etke,0,3,3
Etoile,3,3,6
Etornam,3,3,6
Etso,3,0,3
Etwin,3,0,3
Eucharia,0,3,3
Eucharistica,3,3,6
Eufracia,0,3,3
Eufratia,3,3,6
Eugenè,3,3,6
Eugënie,0,3,3
Eugenija,0,3,3
Eugènio,3,0,3
Eugènius,3,0,3
Eugidius,3,0,3
Eunicia,0,3,3
Eurosia,0,3,3
Eustacius,3,3,6
Eustasia,0,3,3
Eustatio,3,3,6
Euthymia,0,3,3
Eva-Linde,0,3,3
Eva-Lisa,0,3,3
Eva-Lotte,0,3,3
Eva-Marije,0,3,3
Evalijne,0,3,3
Evamaria,0,3,3
Evangeley,0,3,3
Evangelyn,0,3,3
Evanilda,0,3,3
Evanilson,3,0,3
Evanio,3,0,3
Evarardus,3,0,3
Evariste,3,3,6
Evas,3,0,3
Eve-Marie,0,3,3
Evelienne,0,3,3
Evelineke,0,3,3
Evelon,3,3,6
Evelynne,0,3,3
Evenster,3,3,6
Everaud,3,0,3
Everdini,0,3,3
Evere,0,3,3
Everhardine,0,3,3
Everrardus,3,0,3
Everson,3,0,3
Evert-Henk,3,0,3
Evert-Jaap,3,0,3
Evert-jan,3,0,3
Eves,3,3,6
Evette,0,3,3
Evgenievna,0,3,3
Evica,0,3,3
Eviën,3,3,6
Eviena,0,3,3
Eviene,0,3,3
Evindar,3,3,6
Evlin,0,3,3
Evlyn,0,3,3
Evran,3,0,3
Evrard,3,0,3
Evri,3,3,6
Ewalde,0,3,3
Ewanda,0,3,3
Ewangelos,3,0,3
Ewardina,0,3,3
Ewbank,3,3,6
Ewdokija,0,3,3
Ewoudine,0,3,3
Ewura,0,3,3
Ewurabena,0,3,3
Exauce,3,3,6
Exodus,3,3,6
Eyip,3,0,3
Eylish,0,3,3
Eymarda,0,3,3
Eyoub,3,0,3
Eyte,3,0,3
Eyupcan,3,0,3
Eyüpcan,3,0,3
Eyvind,3,0,3
Eywa,0,3,3
Eyze,3,0,3
Ezabella,0,3,3
Ezar,3,0,3
Ezginur,0,3,3
Eable,3,0,3
Eaen,3,0,3
Ealbertus,3,0,3
Eana,0,3,3
Eann,3,0,3
Earline,0,3,3
Earnest,3,0,3
Earny,3,0,3
Earryt,3,0,3
Eashaan,3,0,3
East,3,0,3
Eatske,0,3,3
Eayani,3,0,3
Ebai,3,0,3
Ebart,3,0,3
Ebbalisa,0,3,3
Ebbeny,3,3,6
Ebbodina,0,3,3
Ebbony,0,3,3
Ebeliene,0,3,3
Ebelin,0,3,3
Ebelinda,0,3,3
Ebelle,0,3,3
Ebeltina,0,3,3
Eben-Haëzer,3,0,3
Ebenhaëzer,3,0,3
Eberechukwu,3,3,6
Eberhardus,3,0,3
Eberina,0,3,3
Eberinders,3,0,3
Ebetha,3,3,6
Ebiere,0,3,3
Ebiesuwa,0,3,3
Ebihara,3,3,6
Eboh,3,3,6
Ebra,0,3,3
Ebrahiem,3,0,3
Ebrâr,3,0,3
Ebrine,0,3,3
Ebruh,0,3,3
Ebube,3,0,3
Ebubechukwu,3,0,3
Eçe,0,3,3
Ecemnur,0,3,3
Ecesu,0,3,3
Echelle,0,3,3
Ecker,3,0,3
Ecko,3,0,3
Ecky,3,0,3
Eda-Nur,0,3,3
Edagül,0,3,3
Edana,0,3,3
Edbert,3,0,3
Edd,3,0,3
Eddison,3,0,3
Eddy-Pieter,3,0,3
Edean,3,0,3
Edegina,0,3,3
Edelberta,0,3,3
Edelbertha,0,3,3
Edelbertus,3,0,3
Edelwald,3,0,3
Edelweiss,0,3,3
Edelwine,0,3,3
Edemar,3,3,6
Edena,0,3,3
Edesta,0,3,3
Ediet,0,3,3
Edil,3,3,6
Edile,3,0,3
Edilia,0,3,3
Edilio,3,0,3
Edinjo,3,0,3
Edino,3,0,3
Edisa,0,3,3
Edite,0,3,3
Edla,3,3,6
Edles,3,0,3
Edlynn,0,3,3
Edmeé,0,3,3
Edmont,3,0,3
Edmunt,3,0,3
Edmy,0,3,3
Edny,0,3,3
Edoarda,0,3,3
Edoina,0,3,3
Edolie,0,3,3
Edouw,3,0,3
Edria,0,3,3
Edserd,3,0,3
Edszoon,3,0,3
Eduardi,3,3,6
Eduardovich,3,0,3
Eduina,0,3,3
Edultrudis,3,0,3
Eduviges,3,3,6
Edvina,0,3,3
Edwalt,3,0,3
Edwärd,3,0,3
Edward-Jan,3,0,3
Edwen,3,0,3
Edwi,3,3,6
Edwich,3,0,3
Edwiga,0,3,3
Edwinszoon,3,0,3
Edwold,3,0,3
Edword,3,0,3
Edwuard,3,0,3
Edyan,3,3,6
Edylson,3,0,3
Edyna,0,3,3
Edytha,0,3,3
Edzar,3,0,3
Edzardus,3,0,3
Edzger,3,0,3
Eean,3,0,3
Eedze,3,0,3
Eefien,0,3,3
Eefvelien,0,3,3
Eeg,3,3,6
Eek,3,0,3
Eekedina,0,3,3
Eel,3,0,3
Eeleke,0,3,3
Eelke-Jan,3,0,3
Eelkiena,0,3,3
Eelkman,3,0,3
Eelrich,3,0,3
Eepke,0,3,3
Eepril,0,3,3
Eerdze,3,0,3
Eesa,3,3,6
Eeshwar,3,0,3
Eetjo,3,0,3
Eev,3,3,6
Eevy,0,3,3
Effelyn,0,3,3
Efradus,3,0,3
Efrah,3,3,6
Efram,3,0,3
Efri,3,3,6
Efruze,0,3,3
Efşan,0,3,3
Efsane,0,3,3
Efstathia,0,3,3
Efsu,0,3,3
Efthichia,0,3,3
Eftichia,0,3,3
Efuah,0,3,3
Egbarthus,3,0,3
Egber,3,0,3
Egbèrt,3,0,3
Egbertdine,0,3,3
Egbertienus,3,0,3
Egbertin,0,3,3
Egbertowitsj,3,0,3
Egberty,0,3,3
Egecan,3,0,3
Egedia,0,3,3
Eggert,3,0,3
Egginus,3,0,3
Eghe,3,3,6
Eghonghon,3,3,6
Egideus,3,0,3
Egied,3,0,3
Egilio,3,0,3
Egill,3,0,3
Eginhard,3,0,3
Eginius,3,0,3
Egmonda,0,3,3
Egron,3,0,3
Egydius,3,0,3
Egzona,0,3,3
Ehad,3,0,3
Ehikioya,3,0,3
Ehimwenma,3,3,6
Ehis,3,0,3
Ehran,3,0,3
Ehren,3,0,3
Eialin,0,3,3
Eibartus,3,0,3
Eibina,0,3,3
Eidina,0,3,3
Eif,3,3,6
Eihem,3,0,3
Eijaz,3,0,3
Eijbarta,0,3,3
Eijbartha,0,3,3
Eijbeltje,0,3,3
Eijelina,0,3,3
Eiji,3,0,3
Eijngberd,3,0,3
Eijsbrand,3,0,3
Eikelina,0,3,3
Eikolina,0,3,3
Eilana,0,3,3
Eilean,0,3,3
Eileithyia,0,3,3
Eilena,0,3,3
Eilertdina,0,3,3
Eili,0,3,3
Eilidh,0,3,3
Eiline,0,3,3
Eilje,0,3,3
Eillish,0,3,3
Eilyn,0,3,3
Eimaan,0,3,3
Eimardo,3,0,3
Eime,3,3,6
Eimerika,0,3,3
Einara,0,3,3
Eint,3,0,3
Eip,3,0,3
Eipka,0,3,3
Eirène,0,3,3
Eirrah,0,3,3
Eits,3,0,3
Eiza,0,3,3
Ejiroghene,3,3,6
Ejup,3,0,3
Ekatarina,0,3,3
Ekerhorden,3,3,6
Ekje,0,3,3
Eklevina,0,3,3
Ekliopas,3,0,3
Eklou,3,0,3
Ekoué,3,0,3
Ekraam,0,3,3
Ekure,3,3,6
El-din,3,3,6
El-Fattah,3,3,6
El-Jay,3,0,3
El-Menim,3,0,3
El-Shaddai,3,3,6
Elaa,0,3,3
Elad,3,0,3
Elada,0,3,3
Elaheh,0,3,3
Elahi,3,0,3
Elaijh,3,0,3
Elaila,0,3,3
Elainé,0,3,3
Elaiyah,3,0,3
Elania,0,3,3
Elarbi,3,0,3
Elayas,3,0,3
Elaysah,0,3,3
Elber,3,0,3
Elberich,0,3,3
Elberti,0,3,3
Elbeurda,3,3,6
Elbi,0,3,3
Elbio,3,0,3
Elbregje,0,3,3
Elbricht,0,3,3
Elbrug,0,3,3
Elça,0,3,3
Elcan,3,3,6
Elce,0,3,3
Eldarovna,0,3,3
Elden,3,0,3
Elderd,3,0,3
Eldgie,3,0,3
Eldi,0,3,3
Eldir,3,3,6
Eldora,0,3,3
Eldridson,3,0,3
Eldrin,3,0,3
Eldyn,3,0,3
Eleandro,3,0,3
Eléazar,3,0,3
Elebarta,0,3,3
Elegancia,0,3,3
Eleida,0,3,3
Elejandro,3,0,3
Elenitsa,0,3,3
Elenna,0,3,3
Eleno,3,0,3
Elenur,0,3,3
Elenya,0,3,3
Eleo,3,0,3
Eleonóra,0,3,3
Eles,3,0,3
Eleuthera,0,3,3
Eleuthère,0,3,3
Elevira,0,3,3
Elexander,3,0,3
Elexandra,0,3,3
Elfien,0,3,3
Elfiene,0,3,3
Elfra,0,3,3
Elfrie,0,3,3
Elfriedo,3,0,3
Elfrieke,0,3,3
Elge,0,3,3
Elgenia,0,3,3
Elgert,3,0,3
Elgien,0,3,3
Elgiena,0,3,3
Elgina,0,3,3
Elgine,3,3,6
Elgithe,0,3,3
Elgo,0,3,3
Elgyn,3,0,3
Eli-Jah,3,0,3
Eliahu,3,0,3
Eliandro,3,0,3
Elianette,0,3,3
Elianor,3,3,6
Eliaquim,3,0,3
Eliase,3,3,6
Eliaser,3,0,3
Eliassie,0,3,3
Eliasz,3,0,3
Eliav,3,0,3
Eliava,0,3,3
Elicha,3,3,6
Elidad,3,0,3
Elidio,3,0,3
Elidon,3,0,3
Eliëlle,0,3,3
Elieneke,0,3,3
Elienke,0,3,3
Eliesabet,0,3,3
Elieser,3,0,3
Elif-Naz,0,3,3
Elifsena,0,3,3
Eliguis,3,0,3
Elijana,0,3,3
Elijano,3,0,3
Elijh,3,0,3
Elikem,0,3,3
Elimelek,3,0,3
Elìn,0,3,3
Elinam,3,0,3
Elineke,0,3,3
Elings,3,3,6
Elinus,3,0,3
Elioenai,3,0,3
Elionai,3,3,6
Elionor,0,3,3
Elionous,3,0,3
Eliore,0,3,3
Elique,0,3,3
Elisa-Joan,0,3,3
Elisabelle,0,3,3
Elisabeth-Maria,0,3,3
Elisadora,0,3,3
Elisaeus,3,0,3
Elise-Lotte,0,3,3
Elisebertus,3,0,3
Elisee,0,3,3
Eliselotte,0,3,3
Elishah,3,3,6
Elishja,0,3,3
Elishya,0,3,3
Elislam,3,0,3
Elissah,0,3,3
Elisson,3,3,6
Elista,0,3,3
Elisze,0,3,3
Elixander,3,0,3
Eliyanah,0,3,3
Eliyon,3,0,3
Eliys,3,0,3
Elizabethus,3,0,3
Elizama,3,0,3
Elizandra,0,3,3
Elizanna,0,3,3
Elizardo,3,0,3
Elizaweta,0,3,3
Elizbeth,0,3,3
Elizeba,0,3,3
Eljahro,3,0,3
Eljen,3,3,6
Eljenai,3,0,3
Eljer,3,0,3
Eljoenaï,3,0,3
Elkanah,3,0,3
Elkijopas,3,0,3
Ell-Jay,3,0,3
Ellas,3,3,6
Elle-Mae,0,3,3
Elle-Marie,0,3,3
Elleanora,0,3,3
Ellebartus,3,0,3
Ellelinore,0,3,3
Ellemae,0,3,3
Ellemarieke,0,3,3
Ellemien,0,3,3
Ellemina,0,3,3
Ellen-Jane,0,3,3
Elleniek,0,3,3
Ellenita,0,3,3
Ellentine,0,3,3
Ellesse,0,3,3
Ellewies,0,3,3
Ellick,3,0,3
Ellida,0,3,3
Elling,3,0,3
Ellionora,0,3,3
Ellorene,0,3,3
Ellroy,3,0,3
Ellyah,3,3,6
Ellyana,0,3,3
Ellyce,0,3,3
Ellysia,0,3,3
Elmaza,0,3,3
Elmiere,0,3,3
Elmor,3,0,3
Elmundo,3,0,3
Elniño,3,0,3
Elno,3,0,3
Eloá,0,3,3
Elodius,3,0,3
Eloe,0,3,3
Elof,3,0,3
Eloïc,3,3,6
Eloina,0,3,3
Eloiza,0,3,3
Elouis,3,3,6
Elouïse,0,3,3
Elowen,0,3,3
Elowise,0,3,3
Eloys,3,0,3
Elroi,3,0,3
Elroij,3,0,3
Elsabee,0,3,3
Elsabeen,0,3,3
Elsabetha,0,3,3
Elsberta,0,3,3
Else-Lynn,0,3,3
Else-Marieke,0,3,3
Else-Marije,0,3,3
Elsebah,0,3,3
Elsebe,0,3,3
Elseberthe,0,3,3
Elsebet,0,3,3
Elsebetha,0,3,3
Elselie,0,3,3
Elseos,3,0,3
Elserd,3,0,3
Elsevinus,3,0,3
Elsin,3,0,3
Elske-Marije,0,3,3
Elskje,0,3,3
Elsolina,0,3,3
Elsze,0,3,3
Eltienus,3,0,3
Elu,3,3,6
Elubertus,3,0,3
Elumba,3,3,6
Elvarina,0,3,3
Elveda,0,3,3
Elven,3,0,3
Elviano,3,0,3
Elvianus,3,0,3
Elviira,0,3,3
Elvinho,3,0,3
Elvino,3,0,3
Elvisa,0,3,3
Elvison,3,0,3
Elvriede,0,3,3
Elvyn,3,0,3
Elwan,0,3,3
Elwing,3,3,6
Elwir,3,0,3
Elwis,3,0,3
Elyanna,0,3,3
Elzabad,3,3,6
Elzanne,0,3,3
Elzearia,0,3,3
Elzebert,3,0,3
Elzelinda,0,3,3
Elzeos,3,3,6
Elzerd,3,0,3
Elzerdine,0,3,3
Elzerina,0,3,3
Elzevier,3,0,3
Elzi,0,3,3
Emanna,0,3,3
Emánuel,3,0,3
Emarentius,3,0,3
Emberto,3,3,6
Embiena,0,3,3
Emeke,3,3,6
Emelde,0,3,3
Emèlie,0,3,3
Emelinda,0,3,3
Emelton,3,0,3
Emére,0,3,3
Emerensia,0,3,3
Emerensiana,0,3,3
Emergo,3,0,3
Emerich,3,0,3
Emerij,3,0,3
Emeritiana,0,3,3
Emerline,0,3,3
Emetullah,0,3,3
Emia,0,3,3
Emidius,3,0,3
Emiek,3,3,6
Emieke,0,3,3
Emielie,3,3,6
Emiellio,3,0,3
Emiglia,0,3,3
Emilea,0,3,3
Emilee,0,3,3
Emiliah,0,3,3
Emilián,3,0,3
Emiliani,0,3,3
Emilieke,0,3,3
Emilin,0,3,3
Emilita,0,3,3
Emilliana,0,3,3
Emilo,3,0,3
Emilton,3,0,3
Emirali,3,0,3
Emiran,3,0,3
Emiray,3,0,3
Emirentiana,0,3,3
Emirkaan,3,0,3
Emiro,3,0,3
Emis,0,3,3
Emkea,0,3,3
Emmabeth,0,3,3
Emmaleigh,0,3,3
Emmalinde,0,3,3
Emmalisa,0,3,3
Emmalize,0,3,3
Emman,3,3,6
Emmanouel,3,0,3
Emmarensia,0,3,3
Emmarensiana,0,3,3
Emmarica,0,3,3
Emmel,0,3,3
Emmeleen,0,3,3
Emmeley,0,3,3
Emmelise,0,3,3
Emmelly,0,3,3
Emmeloe,0,3,3
Emmerancia,0,3,3
Emmerence,0,3,3
Emmerencia,0,3,3
Emmerensiana,0,3,3
Emmerentianus,3,0,3
Emmerijnsje,0,3,3
Emmiel,3,0,3
Emmus,3,0,3
Emöke,0,3,3
Emondus,3,0,3
Emperatriz,0,3,3
Emrich,3,0,3
Emrick,3,0,3
Emricus,3,0,3
Emris,3,0,3
Emry,3,0,3
Emske,0,3,3
EMT,0,3,3
Emus,3,0,3
Emyle,3,0,3
Enak,3,0,3
Encarnita,0,3,3
Encratia,0,3,3
Ende,3,3,6
Endie,3,0,3
Endré,3,3,6
Eneko,3,0,3
Eness,3,0,3
Engberdien,0,3,3
Engelaar,3,0,3
Engelardus,3,0,3
Engelbertje,0,3,3
Engelique,0,3,3
Engelmunde,0,3,3
Engelo,3,0,3
Engena,0,3,3
Engie,0,3,3
Englebert,3,0,3
Enida,0,3,3
Eniek,0,3,3
Enina,0,3,3
Enjay,3,3,6
Enn,0,3,3
Enneliena,0,3,3
Enneus,3,0,3
Ennita,0,3,3
Ennora,0,3,3
Enoc,3,0,3
Enro,3,0,3
Ensâr,3,0,3
Ensari,3,0,3
Enselina,0,3,3
Enske,0,3,3
Entia,0,3,3
Entyiia,0,3,3
Enuma,3,3,6
Envar,3,0,3
Enwer,3,0,3
Enwerem,3,0,3
Enyel,3,3,6
Enyinnaya,3,3,6
Enze,3,0,3
Enzian,3,3,6
Eola,0,3,3
Eowijn,3,3,6
Eowin,3,3,6
Ephie,0,3,3
Ephifania,0,3,3
Ephraël,3,0,3
Ephrahim,3,0,3
Epkedine,0,3,3
Epkina,0,3,3
Epkjen,0,3,3
Epkoline,0,3,3
EPM,0,3,3
Epona,0,3,3
Eppelina,0,3,3
Eppi,0,3,3
Epru,0,3,3
Epy,3,0,3
Eranda,0,3,3
Erardo,3,0,3
Erawan,3,3,6
Erblina,0,3,3
Erce,3,0,3
Erdan,3,0,3
Erde,3,3,6
Erdoĝan,3,0,3
Erduvan,3,0,3
Ereltje,0,3,3
Erenstiena,0,3,3
Ergul,3,3,6
Erhun,3,0,3
Eric-Peter,3,0,3
Ericia,0,3,3
Erick-Jan,3,0,3
Ericke,0,3,3
Eriek,3,3,6
Erietta,0,3,3
Erijk,3,0,3
Erijon,3,0,3
Erik-Peter,3,0,3
Erik-Wim,3,0,3
Eriko,3,3,6
Erilea,0,3,3
Erima,0,3,3
Erini,0,3,3
Erinne,0,3,3
Eriny,0,3,3
Eriona,0,3,3
Erisje,0,3,3
Eriska,0,3,3
Eritrea,0,3,3
Erkembodo,3,0,3
Erkenraadtje,0,3,3
Erko,3,0,3
Erl,3,0,3
Erlandine,0,3,3
Erleijne,0,3,3
Erlisa,0,3,3
Erlynn,3,3,6
Ermalinde,0,3,3
Ermedina,0,3,3
Ermenia,0,3,3
Ermeralda,0,3,3
Ermesinde,0,3,3
Ermi,0,3,3
Ermie,0,3,3
Erminus,3,0,3
Ermira,0,3,3
Ernand,3,0,3
Ernando,3,0,3
Ernest-Jan,3,0,3
Ernestro,3,0,3
Erney,3,0,3
Ernis,3,0,3
Ernst-Hugo,3,0,3
Ernus,0,3,3
Eronia,0,3,3
Eronicus,3,0,3
Errel,3,0,3
Erres,3,0,3
Errestina,0,3,3
Errita,0,3,3
Ersi,3,3,6
Ersta,3,3,6
Ertem,3,0,3
Ertunc,3,0,3
Ertürk,3,0,3
Ervagül,0,3,3
Erving,3,0,3
Erwald,3,0,3
Erwann,3,0,3
Erwinius,3,0,3
Erwinovich,3,0,3
Eryka,0,3,3
Eryt,0,3,3
Erzilia,0,3,3
Erzsebeth,0,3,3
Erzsébeth,0,3,3
Esaia,3,0,3
Esaie,3,3,6
Esayias,3,3,6
Esca,3,3,6
Escolastica,0,3,3
Esderd,3,0,3
Ese-Osa,3,3,6
Esechiel,3,0,3
Esed,3,0,3
Esef,3,0,3
Esenay,0,3,3
Eseosasere,0,3,3
Eshaya,3,3,6
Eshber,3,0,3
Eshe,0,3,3
Eshmé,0,3,3
Eshton,3,0,3
Esia,0,3,3
Esiri,3,3,6
Eskaline,0,3,3
Eskill,3,0,3
Eslim,0,3,3
Eslyn,0,3,3
Esmatullah,3,0,3
Esmëe,0,3,3
Esmehan,0,3,3
Esméralde,0,3,3
Esmerij,0,3,3
Esmerita,0,3,3
Esmi,0,3,3
Esmilia,0,3,3
Esni,0,3,3
Eson,3,0,3
Espedito,3,0,3
Esperancia,0,3,3
Esperantia,0,3,3
Espri,0,3,3
Esprit,3,3,6
Esquibil,3,0,3
Esrae,0,3,3
Essalina,0,3,3
Essan,3,3,6
Essenam,0,3,3
Essiel,0,3,3
Essilfie,3,3,6
Essilia,0,3,3
Essylt,0,3,3
Estafano,3,0,3
Estalitha,0,3,3
Estatira,0,3,3
Estavana,0,3,3
Este,0,3,3
Estéfano,3,0,3
Estelle-Marie,0,3,3
Estemoa,3,3,6
Estémoah,0,3,3
Estephan,3,0,3
Eşter,3,0,3
Estevão,3,0,3
Esthera,3,3,6
Estheralda,0,3,3
Estherelita,0,3,3
Estherelle,0,3,3
Estian,3,0,3
Estibaliz,0,3,3
Estien,3,0,3
Estor,3,0,3
Estrada,3,3,6
Estranila,0,3,3
Estrêla,0,3,3
Eswald,3,0,3
Esya,0,3,3
Etenesh,0,3,3
Eternal,3,0,3
Ethelbert,3,3,6
Ethlinn,0,3,3
Ethlyn,0,3,3
Ethna,0,3,3
Etiênne,3,3,6
Etigius,3,0,3
Etine,0,3,3
Etinosasere,3,0,3
Etjan,3,3,6
Etka,3,0,3
Ettiëne,3,0,3
Ettienne,3,0,3
Ettinus,3,0,3
Etus,3,0,3
Eudora,0,3,3
Eudrice,0,3,3
Eugeline,0,3,3
Eugemar,3,0,3
Eugemia,0,3,3
Eugeniè,0,3,3
Eugenien,0,3,3
Eugenis,3,3,6
Eugénius,3,3,6
Eugeria,0,3,3
Eugerius,3,0,3
Eugien,3,3,6
Euginio,3,0,3
Eula,0,3,3
Euladio,3,0,3
Eulalio,3,0,3
Eulogius,3,0,3
Eulolia,0,3,3
Euphemina,0,3,3
Euphrozina,0,3,3
Euredyce,0,3,3
Eureka,0,3,3
Euridyce,0,3,3
Eustace,3,0,3
Eustagio,3,0,3
Eustagius,3,0,3
Eustathia,0,3,3
Eutychia,0,3,3
Euvemia,0,3,3
Euvgenia,0,3,3
Euwkje,0,3,3
Eva-Britt,0,3,3
Eva-Jane,0,3,3
Eva-Lotta,0,3,3
Eva-Marijn,0,3,3
Evadine,0,3,3
Evaldo,3,0,3
Evalijn,0,3,3
Evalinn,0,3,3
Evandale,3,0,3
Evangela,0,3,3
Evangelen,3,0,3
Evangelitsa,0,3,3
Evann,3,0,3
Evanny,3,3,6
Evardina,0,3,3
Evarine,0,3,3
Evary,0,3,3
Evatina,0,3,3
Evbu,3,3,6
Evedine,0,3,3
Evelaar,3,3,6
Eveleen,0,3,3
Eveleine,0,3,3
Evelieke,0,3,3
Eveny,0,3,3
Everarde,0,3,3
Everbert,3,0,3
Everda,0,3,3
Everet,3,0,3
Evergardus,3,0,3
Evergrardus,3,0,3
Everiene,0,3,3
Everijndert,3,0,3
Everita,0,3,3
Everjanne,0,3,3
Evermara,0,3,3
Evermodus,3,0,3
Eversen,3,0,3
Evgeniy,3,0,3
Evi-Lou,0,3,3
Evida,0,3,3
Eviek,0,3,3
Evmorfia,0,3,3
Evolien,0,3,3
Evolina,0,3,3
Evrie,3,3,6
Evry,3,3,6
Evşen,0,3,3
Evy-Rose,0,3,3
Evyen,3,0,3
Ewal,3,0,3
Ewertje,0,3,3
Ewijn,3,0,3
Ewka,3,3,6
Ewo,3,0,3
Ewolt,3,0,3
Ewurama,0,3,3
Exaucé,3,0,3
Exel,3,0,3
Expedito,3,0,3
Exphrisie,0,3,3
Exupère,3,0,3
Eyaz,3,0,3
Eybert,3,0,3
Eydan,3,0,3
Eye,3,0,3
Eyka,0,3,3
Eylien,0,3,3
Eylinn,0,3,3
Eylul,0,3,3
Eymbert,3,0,3
Eymbertus,3,0,3
Eyoel,3,0,3
Eyota,0,3,3
Eysbrand,3,0,3
Eyşe,0,3,3
Eyuphan,3,0,3
Eyvor,0,3,3
Eyyûb,3,0,3
Ezaya,3,3,6
Ezeten,3,3,6
Ezgin,3,3,6
Eziah,3,0,3
Ezinwa,3,3,6
Ezla,0,3,3
Ezzedine,3,0,3
E'djaaz,3,0,3
E'domar,3,0,3
Eabel,3,3,6
Eade,3,0,3
Eadric,3,0,3
Eadze,3,0,3
Eagle-Eye,3,0,3
Ealze,3,0,3
Eamiljes,3,0,3
Eang,0,3,3
Eanna,0,3,3
Earcela,0,3,3
Eärendil,3,3,6
Earik,3,0,3
Earlé,3,0,3
Earlean,0,3,3
Earlene,0,3,3
Earley,3,0,3
Earshman,3,3,6
Earta,0,3,3
Earth,3,0,3
Easha,0,3,3
Easter,0,3,3
Eastern,0,3,3
Easwari,0,3,3
Eaton,3,0,3
Eaugenius,3,3,6
Ebad,3,0,3
Ebana,3,3,6
Ebanehita,3,3,6
Ebben,3,0,3
Ebbertus,3,0,3
Ebbiena,0,3,3
Ebedina,0,3,3
Ebeid,3,3,6
Ebelbina,0,3,3
Ebelechukwu,0,3,3
Ebelene,0,3,3
Ebeles,0,3,3
Ebelette,0,3,3
Ebella,0,3,3
Ebeltinus,3,0,3
Eben-Ezer,0,3,3
Eberard,3,0,3
Eberti,3,0,3
Eberto,3,0,3
Ebhojiaye,3,3,6
Ebie,0,3,3
Ebied,3,3,6
Ebienes,3,0,3
Ebilla,0,3,3
Ebitha,0,3,3
Ebitimi,0,3,3
Ebke,3,0,3
Ebko,3,0,3
Ebla,0,3,3
Eblin,0,3,3
Ebo-Jan,3,0,3
Ebolien,0,3,3
Ebolt,3,0,3
Ebon,3,0,3
Eboni,0,3,3
Ebonie,0,3,3
Ebor,3,0,3
Ebosetale,3,3,6
Ebraheem,3,0,3
Ebrahima,3,0,3
Ebrarnur,0,3,3
Ebrien,3,3,6
Ebrima,3,0,3
Ebrû,0,3,3
Ebrü,0,3,3
Ebrugül,0,3,3
Ebrul,0,3,3
Ebtesam,0,3,3
Ebü,3,0,3
Ebûbekir,3,0,3
Ebuka,3,0,3
Ebuwa,0,3,3
Ebva,0,3,3
Ecatharina,0,3,3
Ecemsu,0,3,3
Echata,0,3,3
Echavarria,3,3,6
Echbert,3,0,3
Echi,0,3,3
ECJ,0,3,3
Eclaire,0,3,3
Eclipse,3,3,6
Ecran,0,3,3
Ecrinnaz,0,3,3
Ecrinnisa,0,3,3
Ectore,3,0,3
Edanaz,0,3,3
Edar,3,0,3
Edcillia,0,3,3
Eddard,3,0,3
Eddelien,0,3,3
Eddichi,3,0,3
Eddrik,3,0,3
Edegarde,0,3,3
Edegardus,3,0,3
Edelgarde,0,3,3
Edelgardis,0,3,3
Edelgonda,0,3,3
Edelhard,3,0,3
Edelhart,3,3,6
Edelmiro,3,0,3
Edelstijn,3,3,6
Edeltje,0,3,3
Edeltrud,3,3,6
Edeltrudes,0,3,3
Edemunda,0,3,3
Edén,3,3,6
Edencio,3,0,3
Edenio,3,0,3
Ederd,3,0,3
Edestius,3,0,3
Edette,0,3,3
Edevaldo,3,0,3
Edgar-Alan,3,0,3
Edgarovna,0,3,3
Edge,3,0,3
Edhen,0,3,3
Ediel,3,0,3
Ediene,0,3,3
Edij,3,0,3
Edija,0,3,3
Edijon,3,0,3
Edilbert,3,0,3
Ediline,0,3,3
Ediltrudus,3,0,3
Edilza,0,3,3
Edim,3,0,3
Edinia,0,3,3
Ediño,3,0,3
Ediri,3,3,6
Edirin,3,0,3
Edíth,0,3,3
Edithio,3,0,3
Edjaaz,3,0,3
Edjer,3,0,3
Edkar,3,0,3
Edko,3,0,3
Edlin,0,3,3
Edline,0,3,3
Edlyne,0,3,3
Edmaira,0,3,3
Edmila,0,3,3
Edmiro,3,0,3
Edmona,0,3,3
Edmondes,3,3,6
Edmondson,3,0,3
Edmundes,3,0,3
Edmundis,3,0,3
Edmundy,3,3,6
Edo-Jan,3,0,3
Edolf,3,0,3
Edoliena,0,3,3
Edonie,0,3,3
Edor,3,0,3
Edowardo,3,0,3
Edozie,3,0,3
Edra,3,3,6
Edriano,3,0,3
Edrion,3,0,3
Eds,3,0,3
Edselien,0,3,3
Edsen,3,0,3
Edserdt,3,0,3
Edsillia,0,3,3
Edsinio,3,0,3
Edskea,0,3,3
Edskina,0,3,3
Edsmenia,0,3,3
Edsun,3,0,3
Edua,0,3,3
Edual,3,0,3
Edualda,0,3,3
Eduard-Jan,3,0,3
Eduardis,3,3,6
Eduardos,3,0,3
Edumundo,3,0,3
Edurne,0,3,3
Edusei,3,3,6
Edvandro,3,0,3
Edvar,3,0,3
Edvart,3,0,3
Edwaldo,3,0,3
Edwan,3,0,3
Edwardszoon,3,0,3
Edwert,3,0,3
Edwil,3,0,3
Edwim,3,0,3
Edwindus,3,0,3
Edwinius,3,0,3
Edwinne,0,3,3
Edwino,3,0,3
Edwinovich,3,0,3
Edwise,0,3,3
Edwoldus,3,0,3
Edyth,0,3,3
Edzedina,0,3,3
Edziena,0,3,3
Edzjer,3,0,3
Edzkona,0,3,3
Eeb,3,0,3
Eechje,0,3,3
Eeco,3,0,3
Eed,3,0,3
Eedie,0,3,3
Eedrida,0,3,3
Eef-Jan,3,0,3
Eeffie,0,3,3
Eefiena,0,3,3
Eeko,3,0,3
Eekta,0,3,3
Eeky,0,3,3
Eelberdiena,0,3,3
Eelce,3,3,6
Eelcke,3,0,3
Eelcko,3,0,3
Eelco-Jan,3,0,3
Eelderika,0,3,3
Eelia,3,3,6
Eelie,3,0,3
Eelien,0,3,3
Eelis,3,0,3
Eelka,0,3,3
Eelo,3,0,3
Eelon,3,0,3
Eeltjes,3,3,6
Eeman,3,3,6
Eemeli,3,0,3
Eemen,3,0,3
Eemondt,3,0,3
Eempiena,0,3,3
Eems,3,0,3
Eepkedina,0,3,3
Eera,0,3,3
Eerdina,0,3,3
Eerewijn,3,0,3
Eerkelina,0,3,3
Eerkiena,0,3,3
Eesah,3,0,3
Eesges,3,0,3
Eessijna,0,3,3
Eeta,0,3,3
Eeuwoudt,3,0,3
Eewout,3,0,3
Efai,3,3,6
Efaï,3,3,6
Efé,3,3,6
Efend,3,0,3
Eferaldo,3,0,3
Efeze,0,3,3
Effa,0,3,3
Effat,0,3,3
Effelin,0,3,3
Effina,0,3,3
Efhrem,3,0,3
Efiah,0,3,3
Efide,0,3,3
Efilay,0,3,3
Efim,3,0,3
Efin,3,3,6
Efine,0,3,3
Efka,0,3,3
Eflyn,0,3,3
Efna,0,3,3
Efnaan,0,3,3
Efnem,0,3,3
Efnen,0,3,3
Efraëm,3,0,3
Efraïma,0,3,3
Efrajim,3,0,3
Efranur,0,3,3
Efrasia,0,3,3
Efrath,3,3,6
Efrén,3,0,3
Efrie,0,3,3
Efrine,0,3,3
Efsan,0,3,3
Efstratia,0,3,3
Eftalya,0,3,3
Efthalia,0,3,3
Efthymia,0,3,3
Efthymios,3,0,3
Eftimia,0,3,3
Eftimios,3,0,3
Eftychia,0,3,3
Efuwa,0,3,3
Egbartje,0,3,3
Egberchiena,0,3,3
Egberlinde,0,3,3
Egbert-jan,3,0,3
Egberthien,0,3,3
Egberthine,0,3,3
Egberttina,0,3,3
Egelien,0,3,3
Egem,3,3,6
Egeonu,3,3,6
Egerio,3,0,3
Egeron,3,0,3
Egfrida,0,3,3
Eggebert,3,0,3
Eggeline,0,3,3
Egger,3,0,3
Eggerik,3,0,3
Eggerk,3,0,3
Eggheric,3,0,3
Eggine,0,3,3
Eggon,3,0,3
Eggonda,0,3,3
Eggy,3,3,6
Eghan,3,0,3
Egideo,3,0,3
Egidie,3,3,6
Egidus,3,0,3
Egie,3,0,3
Egiena,0,3,3
Egilianus,3,0,3
Eginatus,3,0,3
Egit,3,0,3
Egla,0,3,3
Eglas,0,3,3
EGM,3,3,6
Egna,0,3,3
Egnatius,3,0,3
Egodinus,3,0,3
Egona,0,3,3
Egone,0,3,3
Egonis,3,0,3
Egtbertdina,0,3,3
Egtbertus,3,0,3
Eguidia,0,3,3
Egypt,3,3,6
Ehidiamen,3,0,3
Ehinomen,0,3,3
Ehiremen,3,0,3
Ehizele,3,0,3
Ehizojie,3,0,3
Ehlem,0,3,3
Ehlén,0,3,3
Ehmad,3,0,3
Ehrald,3,0,3
Ehrenreich,3,0,3
Ehrich,3,0,3
Ehsanullah,3,0,3
Ehsen,3,0,3
Ehtesham,3,0,3
Ehuibra,0,3,3
Eibart,3,0,3
Eibelliena,0,3,3
Eiberdien,0,3,3
Eibert-Jan,3,0,3
Eibhlin,0,3,3
Eibke,0,3,3
Eick,3,0,3
Eico,3,0,3
Eidelon,3,0,3
Eie,3,3,6
Eifion,3,0,3
Eifke,0,3,3
Eiham,3,0,3
Eijberta,0,3,3
Eijk,3,0,3
Eijko,3,0,3
Eijkolina,0,3,3
Eijlard,3,0,3
Eijmerd,3,0,3
Eijna,0,3,3
Eijsiena,0,3,3
Eijsina,0,3,3
Eijska,0,3,3
Eijso,3,0,3
Eijsse,3,0,3
Eijtje,0,3,3
Eikje,0,3,3
Eikus,3,0,3
Eilan,0,3,3
Eilarda,0,3,3
Eilbert,3,0,3
Eileene,0,3,3
Eilef,3,0,3
Eilertina,0,3,3
Eilerts,3,0,3
Eiletta,0,3,3
Eiliena,0,3,3
Eilís,0,3,3
Eilktje,0,3,3
Eillert,3,0,3
Eilmar,3,0,3
Eilmer,3,0,3
Eilsina,0,3,3
Eilskov,3,0,3
Eilyne,0,3,3
Eimerdine,0,3,3
Eimeric,3,0,3
Eimerina,0,3,3
Eimert-Jan,3,0,3
Eina,0,3,3
Einardina,0,3,3
Eing,0,3,3
Eingelina,0,3,3
Einink,3,3,6
Einja,0,3,3
Einse,3,0,3
Eintje,0,3,3
Einze,3,0,3
Eireann,3,3,6
Eirènè,0,3,3
Eirian,3,3,6
Eirien,3,3,6
Eirlys,0,3,3
Eirwen,3,3,6
Eirwyn,0,3,3
Eiryn,0,3,3
Eis,3,0,3
Eisbert,3,0,3
Eisbertus,3,0,3
Eisbrandt,3,0,3
Eise-Jan,3,0,3
Eiselien,0,3,3
Eisine,0,3,3
Eisselijntje,0,3,3
Eisselina,0,3,3
Eito,3,0,3
Eitske,0,3,3
Eitte,3,0,3
Eivi,3,3,6
Eïza,0,3,3
Eize-Jan,3,0,3
Eizelina,0,3,3
EJC,0,3,3
Ejen,3,0,3
Ejes,3,0,3
EJH,3,0,3
Ejmin,3,0,3
Ejna,0,3,3
Ejo,3,0,3
Ekamjot,3,0,3
Ekamveer,3,0,3
Ekatharina,0,3,3
Ekedina,0,3,3
Ekeliene,0,3,3
Ekelyn,0,3,3
Ekhaguere,0,3,3
Eking,3,0,3
Ekisha,0,3,3
Ekka,0,3,3
Ekkehart,3,0,3
Ekkeliena,0,3,3
Ekkeline,0,3,3
Ekkie,3,0,3
Ekklesia,3,3,6
Eklofina,0,3,3
Ekmel,3,0,3
Eknath,3,0,3
Ekon,3,0,3
Ekremcan,3,0,3
Eksteen,3,0,3
Ektmond,3,0,3
Ekwunife,3,0,3
El-Amine,3,0,3
El-Aziz,0,3,3
El-Deen,3,3,6
El-Desouky,0,3,3
el-Din,3,0,3
El-Hachimi,3,0,3
El-Houda,0,3,3
El-Mutalib,3,0,3
El-Niño,3,0,3
El-Rachieda,0,3,3
El-Roy,3,0,3
El-Sadig,3,3,6
El-said,3,3,6
El-Shazli,3,3,6
Elabidine,3,0,3
Elaf,0,3,3
Elagül,0,3,3
Elahe,0,3,3
Elaiah,3,3,6
Elaige,3,0,3
Elaini,0,3,3
Elaj,3,3,6
Elajah,3,0,3
Elambertus,3,0,3
Elanah,0,3,3
Elanca,3,3,6
Elando,3,0,3
Elangelo,3,0,3
Eláni,0,3,3
Elanio,3,0,3
Elanisa,0,3,3
Elanûr,0,3,3
Elardus,3,0,3
Elario,3,0,3
Elart,3,0,3
Elas,3,0,3
Elaud,3,0,3
Elaydi,3,0,3
Elayla,0,3,3
Elayson,3,0,3
Elaziz,3,0,3
Elazzab,0,3,3
Elbachir,3,0,3
Elbartine,0,3,3
Elberdine,0,3,3
Elbergina,0,3,3
Elbertdina,0,3,3
Elberthina,0,3,3
Elbertie,0,3,3
Elbeth,3,3,6
Elbien,3,0,3
Elbis,3,3,6
Elbrech,0,3,3
Elbruz,3,0,3
Elcana,3,3,6
Elcharro,3,0,3
Elchienus,3,0,3
Elchiopas,3,0,3
Elcolina,0,3,3
Elderinus,3,0,3
Eldertine,0,3,3
Eldinah,0,3,3
Eldjé,0,3,3
Eldjo,3,0,3
Eldjoenai,3,0,3
Eldjonai,3,0,3
Eldjoro,3,0,3
Eldra,3,3,6
Eldric,3,0,3
Eldried,3,3,6
Eldriena,0,3,3
Eldrion,3,0,3
Eldryson,3,0,3
Eldur,3,0,3
Eldwin,3,0,3
Eldwina,0,3,3
Eleadora,0,3,3
Eléanor,0,3,3
Eléanora,0,3,3
Eleanorah,0,3,3
Eleazer,3,0,3
Eleenka,0,3,3
Eleia,0,3,3
Eleina,0,3,3
Eleisa,0,3,3
Eleiza,0,3,3
Eleja,3,0,3
Elemnur,0,3,3
Elemva,3,3,6
Elèn,0,3,3
Eleña,0,3,3
Elena-Maria,0,3,3
Elencio,3,0,3
Elendil,3,3,6
Elenia,0,3,3
Elenne,0,3,3
Elenni,0,3,3
Elénore,0,3,3
Elèny,0,3,3
Eleón,3,0,3
Eléona,0,3,3
Eleonarda,0,3,3
Eleonare,0,3,3
Eleonie,0,3,3
Eléonoor,0,3,3
Eléonor,0,3,3
Elert,3,0,3
Elesha,0,3,3
Elessio,3,0,3
Eletha,0,3,3
Eleveira,0,3,3
Elevteria,0,3,3
Elexandro,3,0,3
Eleyana,0,3,3
Eleye,3,3,6
Elez,3,0,3
Elezan,0,3,3
Elfidan,0,3,3
Elfiere,0,3,3
Elfire,0,3,3
Elfrina,0,3,3
Elfrit,0,3,3
Elgan,3,0,3
Elganan,3,3,6
Elgiano,3,0,3
Elginio,3,0,3
Elgon,3,0,3
Elgonda,0,3,3
Elhabib,3,0,3
Elhadji,3,0,3
Elhady,3,0,3
Elhakim,3,3,6
Elhan,3,0,3
Elhassan,3,3,6
Elhibir,3,3,6
Elhossin,3,0,3
Elhoussain,3,0,3
Elhuda,0,3,3
Elí,3,3,6
Eli-anne,0,3,3
Eli-Bertus,3,0,3
Eli-Yah,3,0,3
Eliabeth,0,3,3
Eliada,0,3,3
Eliáh,3,3,6
Eliaine,0,3,3
Eliajah,3,0,3
Eliambertus,3,0,3
Elianda,0,3,3
Elianny,0,3,3
Eliany,0,3,3
Eliard,3,0,3
Elïas,3,0,3
Eliazär,3,0,3
Elibertha,0,3,3
Elibettus,3,0,3
Elicabeth,0,3,3
Elidora,0,3,3
Elieda,0,3,3
Elienay,0,3,3
Eliëne,0,3,3
Eliesje,0,3,3
Elieske,0,3,3
Eliev,0,3,3
Eliézer,3,0,3
Elif-Nur,0,3,3
Elifa,0,3,3
Elifaz,3,0,3
Elifnas,0,3,3
Elifnisa,0,3,3
Elifsare,0,3,3
Elifsultan,0,3,3
Elij,3,0,3
EliJah,3,0,3
Elijah-Lee,3,3,6
Elijahoe,3,0,3
Elijandra,0,3,3
Elijas,3,0,3
Elijay,3,0,3
Elikah,0,3,3
Elikia,3,0,3
Elikplem,3,0,3
Elikya,0,3,3
Elin-Kim,0,3,3
Elinaz,0,3,3
Elined,0,3,3
Elinio,3,0,3
Elinny,0,3,3
Elinoah,3,3,6
Elinour,0,3,3
Elinur,3,3,6
Elinya,0,3,3
Eliodoro,3,0,3
Eliona,0,3,3
Elione,0,3,3
Eliphas,3,0,3
Elisà,3,3,6
Elisa-Lynn,0,3,3
Elisaar,0,3,3
Elisabeth-An,0,3,3
Elisabeth-Mary,0,3,3
Elisabétha,0,3,3
Elisabethje,0,3,3
Elisans,0,3,3
Elisanur,0,3,3
Elisarah,0,3,3
Elisatbeth,0,3,3
Elisavet,0,3,3
Elíse,0,3,3
Elise-Maria,0,3,3
Eliseberthus,3,0,3
Eliséo,3,0,3
Elisesdochter,0,3,3
Elisey,3,0,3
Elishama,0,3,3
Elishe,0,3,3
Elishera,0,3,3
Elisita,0,3,3
Elissabeth,0,3,3
Elissandro,3,0,3
Elissar,0,3,3
Elisuah,0,3,3
Elisyah,0,3,3
Elisyano,3,0,3
Elitsoer,3,0,3
Eliud,3,0,3
Eliviène,0,3,3
Elivio,3,0,3
Elixandra,0,3,3
Eliyahno,3,0,3
Eliyanna,0,3,3
Eliyanne,0,3,3
Elíza,0,3,3
Eliza-Bert,3,0,3
Elizabart,3,0,3
Elizabelle,0,3,3
Elizabethe,0,3,3
Elizabetje,0,3,3
Elizadora,0,3,3
Elizana,0,3,3
Elizard,3,0,3
Elizé,3,3,6
Elize-Marie,0,3,3
Elizea,0,3,3
Elizebertha,0,3,3
Elizeu,3,0,3
Elizi,0,3,3
Elizma,0,3,3
Elizsabeth,0,3,3
Elizy,3,0,3
Eljack,0,3,3
Eljade,0,3,3
Eljakin,3,3,6
Eljam,3,0,3
Eljanna,0,3,3
Eljanne,0,3,3
Eljasz,3,0,3
Eljereau,3,0,3
Eljéro,3,0,3
Eljeroy,3,0,3
Eljerreau,3,0,3
Eljoënay,3,0,3
Eljonai,3,3,6
Eljonay,3,0,3
Elkeline,0,3,3
Elkena,3,0,3
Elkess,3,3,6
Elkiena,0,3,3
Ellá,0,3,3
Ella-Bo,0,3,3
Ella-Britt,0,3,3
Ella-Joy,0,3,3
Ella-May,0,3,3
Ella-Sophia,0,3,3
Ellafi,3,0,3
Ellaina,0,3,3
Ellamieke,0,3,3
Ellamijn,0,3,3
Ellamira,0,3,3
Ellani,0,3,3
Ellany,0,3,3
Ellar,3,0,3
Ellardt,3,0,3
Ellardus,3,0,3
Elle-Kari,0,3,3
Elle-Nora,0,3,3
Elle-Sofie,0,3,3
Elleander,0,3,3
Elledie,0,3,3
Elledy,0,3,3
Elleena,0,3,3
Elleh,0,3,3
Ellekana,0,3,3
Elleko,3,0,3
Ellemijke,0,3,3
Ellemijne,0,3,3
Ellemine,0,3,3
Ellen-Jacqueline,0,3,3
Ellen-Joyce,0,3,3
Elléna,0,3,3
Elléne,0,3,3
Ellène,0,3,3
Ellennora,3,3,6
Ellenour,3,3,6
Ellenoy,3,3,6
Elleonore,0,3,3
Ellerieke,0,3,3
Ellerius,3,0,3
Ellerona,0,3,3
Ellesen,0,3,3
Ellessa,0,3,3
Ellestine,0,3,3
Ellewina,0,3,3
Elley,3,3,6
Ellianna,0,3,3
Elliano,3,0,3
Ellies,0,3,3
Elliese,0,3,3
Elliëtte,0,3,3
Ellif,0,3,3
Elligje,0,3,3
Ellika,0,3,3
Elliona,0,3,3
Ellisabeth,0,3,3
Ellisen,0,3,3
Ellison,3,3,6
Ellissigne,0,3,3
Ellisson,0,3,3
Elliza,0,3,3
Ellodie,0,3,3
Elloïse,0,3,3
Ellon,3,3,6
Ellona,0,3,3
Elloodie,0,3,3
Ellowyn,0,3,3
Ellya,3,3,6
Ellyan,3,3,6
Ellyane,0,3,3
Ellyas,3,0,3
Ellyda,0,3,3
Ellyina,0,3,3
Ellynie,0,3,3
Ellyon,3,0,3
Ellyot,3,0,3
Ellyssa,0,3,3
Ellyza,3,3,6
Ellzjon,3,0,3
Elm,3,0,3
Elmadani,3,0,3
Elmain,3,0,3
Elman,3,0,3
Elmary,0,3,3
Elmasnur,0,3,3
Elmée,0,3,3
Elmine,0,3,3
Elmobarak,3,3,6
Elmyre,0,3,3
Elne,3,3,6
Elnisa,0,3,3
Elnor,3,0,3
Elnour,3,0,3
Elny,0,3,3
Elodey,3,3,6
Elodine,0,3,3
Elogio,3,0,3
Eloine,0,3,3
Elöise,0,3,3
Eloisha,0,3,3
Eloize,0,3,3
Elok,0,3,3
Elonca,0,3,3
Eloni,0,3,3
Elonia,0,3,3
Eloniek,0,3,3
Elonique,0,3,3
Elony,0,3,3
Elore,0,3,3
Eloria,0,3,3
Elory,0,3,3
Elouafi,3,0,3
Eloud,3,0,3
Elouishandrinne,0,3,3
Elouiza,0,3,3
Elouize,0,3,3
Elousha,0,3,3
Elov,3,0,3
Elphinstone,3,3,6
Elphire,0,3,3
Elphrim,3,0,3
Elpidia,0,3,3
Elpidio,3,0,3
Elrah,3,0,3
Elran,3,0,3
Elrich,3,0,3
Elriecke,0,3,3
Elriëtte,0,3,3
Elrin,3,0,3
Elrina,0,3,3
Elrinio,3,0,3
Elsabea,0,3,3
Elsabine,0,3,3
Elsadek,3,3,6
Elsafan,3,3,6
Elsalie,0,3,3
Elsalinde,0,3,3
Elsan,3,3,6
Else-Jasmijn,0,3,3
Else-Lotte,0,3,3
Else-Marijke,0,3,3
Elsebaai,3,3,6
Elsebijn,0,3,3
Elsedien,0,3,3
Elsedine,0,3,3
Elsejos,3,3,6
Elseliena,0,3,3
Elselyne,0,3,3
Elsemaria,0,3,3
Elsemarijke,0,3,3
Elsemia,0,3,3
Elsemien,0,3,3
Elsenore,0,3,3
Elseviere,0,3,3
Elsevira,0,3,3
Elshaddai,0,3,3
Elshahid,3,3,6
Elshamandy,3,3,6
Elshenawi,3,3,6
Elsia,0,3,3
Elsiddig,3,3,6
Elsiera,0,3,3
Elsios,3,0,3
Elsius,3,0,3
Elsja,0,3,3
Elska,0,3,3
Elskelina,0,3,3
Elskemare,0,3,3
Elsmarie,0,3,3
Elsmeralda,0,3,3
Elsmieke,0,3,3
Elssinus,3,0,3
Elstine,0,3,3
Elston,3,3,6
Elsward,3,0,3
Elsworth,3,0,3
Elsza,3,3,6
Eltabie,0,3,3
Elterish,3,0,3
Elthon,3,0,3
Eltjodina,0,3,3
Elton-John,3,0,3
Eluana,0,3,3
Eluard,3,0,3
Elubertha,0,3,3
Eluned,0,3,3
Eluteria,0,3,3
Elvanio,3,0,3
Elvedina,0,3,3
Elverdina,0,3,3
Elverina,0,3,3
Elviana,0,3,3
Elvido,3,0,3
Elviëre,0,3,3
Elvinda,0,3,3
Elvinia,0,3,3
Elvirah,0,3,3
Elviron,3,0,3
Elweyn,3,0,3
Elwire,0,3,3
Ely-Ann,0,3,3
Elyahu,3,0,3
Elyairo,3,0,3
Elyakim,3,0,3
Elyamani,3,0,3
Elyamo,3,0,3
Elyanora,0,3,3
Elyar,3,0,3
Elyass,3,3,6
Elyasu,3,0,3
Elyaz,3,0,3
Elyda,0,3,3
Elyero,3,0,3
Elyf,0,3,3
Elyfe,0,3,3
Elygius,3,0,3
Elyh,3,0,3
Elyin,3,0,3
Elyke,0,3,3
Elym,3,0,3
Elynde,0,3,3
Elynore,0,3,3
Elýsa,0,3,3
Elyso,3,0,3
Elyss,0,3,3
Elyssia,0,3,3
Elyvia,0,3,3
Elyz,0,3,3
Elzabeth,3,3,6
Elzahra,0,3,3
Elzalien,0,3,3
Elzaline,0,3,3
Elzano,3,0,3
Elzart,3,0,3
Elzeara,0,3,3
Elzéard,3,3,6
Elzeba,0,3,3
Elzebee,0,3,3
Elzelies,0,3,3
Elzemijntje,0,3,3
Elzeus,3,0,3
Elzeviera,0,3,3
Elzienco,3,3,6
Elzinga,0,3,3
Emabel,0,3,3
Emaculata,0,3,3
Emade,3,0,3
Emalise,0,3,3
Emame,0,3,3
Emang,3,0,3
Emania,0,3,3
Emanouël,3,0,3
Emanta,0,3,3
Emanuèla,0,3,3
Emanuële,0,3,3
Emanuels,3,0,3
Emarah,0,3,3
Emardo,3,0,3
Emare,0,3,3
Emarensia,3,3,6
Emarikus,3,0,3
Emarina,0,3,3
Emaro,3,0,3
Ematullah,0,3,3
Emay,0,3,3
Embarek,3,0,3
Embla,0,3,3
Embregta,0,3,3
Emca,0,3,3
Emé,0,3,3
Emecia,0,3,3
Emelain,0,3,3
Emelcio,3,0,3
Emeldus,3,0,3
Emelencia,0,3,3
Emelentia,0,3,3
Emelí,0,3,3
Emeliene,0,3,3
Emeliënne,0,3,3
Emelior,3,0,3
Emelise,0,3,3
Emella,0,3,3
Emellie,0,3,3
Emelyne,0,3,3
Emem,3,3,6
Emeralde,0,3,3
Emercio,3,0,3
Emerenciano,3,0,3
Emerencio,3,0,3
Emerency,0,3,3
Emerenske,0,3,3
Emerentiaan,3,0,3
Emerentianna,0,3,3
Emerentie,0,3,3
Emerentina,0,3,3
Emerentio,3,0,3
Emerina,0,3,3
Emerintiana,0,3,3
Emerique,3,3,6
Emérita,0,3,3
Emerius,3,0,3
Emerly,0,3,3
Emeron,3,0,3
Emert,3,0,3
Emeth,3,0,3
Emeti,0,3,3
Emfeddal,3,0,3
Emgerdina,0,3,3
Emgré,0,3,3
Emicia,0,3,3
Emieli,0,3,3
Emiene,0,3,3
Emier,3,0,3
Emigilda,0,3,3
Emilano,3,0,3
Emile-Jan,3,0,3
Emiles,3,0,3
Emilia-Rose,0,3,3
Emiliane,0,3,3
Emiliany,0,3,3
Emilicia,0,3,3
Emiliek,0,3,3
Emiliën,3,0,3
Emiliene,0,3,3
Emilij,3,3,6
Emilijano,3,0,3
Emílio,3,0,3
Emilka,0,3,3
Emilli,0,3,3
Emillienne,0,3,3
Emillus,3,0,3
Emils,3,0,3
Emilson,3,0,3
Emily-Jade,0,3,3
Emily-May,0,3,3
Emily-Sophie,0,3,3
Emilyano,3,0,3
Emilynn,0,3,3
Emine-Nur,0,3,3
Eminhan,3,0,3
Eminora,0,3,3
Emique,0,3,3
Emirefe,3,0,3
Emirentia,0,3,3
Emiriana,0,3,3
Emiron,3,0,3
Emise,0,3,3
Emişe,0,3,3
Emisha,0,3,3
EMJ,3,3,6
Emjé,3,0,3
Emlin,3,0,3
Emlynne,0,3,3
Emma-Claire,0,3,3
Emma-Elisabeth,0,3,3
Emma-Elise,0,3,3
Emma-Fleur,0,3,3
Emma-Jane,0,3,3
Emma-Lena,0,3,3
Emma-Lin,0,3,3
Emma-Lisa,0,3,3
Emma-Mae,0,3,3
Emma-Sophia,0,3,3
Emmachiena,0,3,3
Emmad,3,0,3
Emmaliene,0,3,3
Emmalouise,0,3,3
Emmannuel,3,0,3
Emmanual,3,0,3
Emmanuèl,3,0,3
Emmanuële,0,3,3
Emmanuélla,0,3,3
Emmarenciana,0,3,3
Emmarentius,3,0,3
Emmaroos,0,3,3
Emmaus,3,0,3
Emme-Lise,0,3,3
Emmechie,0,3,3
Emmechina,0,3,3
Emmegiena,0,3,3
Emmelientje,0,3,3
Emméline,0,3,3
Emmerald,3,3,6
Emmerenciana,0,3,3
Emmerents,3,0,3
Emmerintiana,0,3,3
Emmert,3,0,3
Emmery,3,0,3
Emmeth,3,0,3
Emmiely,0,3,3
Emmien,3,0,3
Emmil,3,0,3
Emmilienne,0,3,3
Emmillie,0,3,3
Emmilly,0,3,3
Emmit,3,0,3
Emmitt,3,0,3
Emmo-Willem,3,0,3
Emmochiena,0,3,3
Emmy-Jo,0,3,3
Emonda,0,3,3
Emony,0,3,3
Emora,0,3,3
Empora,0,3,3
Emren,3,0,3
Emrie,3,3,6
Emrihan,3,0,3
Emrije,0,3,3
Emsly,3,0,3
Emuel,3,0,3
Emwry,3,0,3
Emylee,0,3,3
Emylie,0,3,3
Emylien,0,3,3
Emyr,3,0,3
Enaam,3,3,6
Enakshi,0,3,3
Enan,3,3,6
Enarda,0,3,3
Enayat,3,3,6
Encarni,0,3,3
Encino,3,0,3
Endeavour,3,0,3
Endel,3,0,3
Endemina,0,3,3
Enderhan,3,0,3
Endira,0,3,3
Endla,0,3,3
Endreina,0,3,3
Endreintje,0,3,3
Endrica,0,3,3
Endrika,0,3,3
Endrita,0,3,3
Endrius,3,0,3
Ene,0,3,3
Enéa,0,3,3
Eneah,3,3,6
Enehizena,3,0,3
Enel,3,3,6
Enerah,0,3,3
Enero,3,0,3
Enesa,0,3,3
Enescan,3,0,3
Eneshan,3,0,3
Enesta,0,3,3
Enesto,3,0,3
Enfal,3,3,6
Engalina,0,3,3
Engberte,0,3,3
Engberthe,0,3,3
Engberts,3,0,3
Engdawork,3,3,6
Engebert,3,0,3
Engeborg,0,3,3
Engedi,3,3,6
Engelbertie,0,3,3
Engeleberth,3,0,3
Engelenus,3,0,3
Engelica,3,3,6
Engelie,3,3,6
Engelienart,3,0,3
Engelienus,3,0,3
Engelisa,0,3,3
Engellien,0,3,3
Engelliena,0,3,3
Engelmonda,0,3,3
Engelstad,3,0,3
Engeltina,0,3,3
Engelus,3,0,3
Engelyn,0,3,3
Engeni,0,3,3
Enger,0,3,3
Englina,0,3,3
Engline,0,3,3
Englo,0,3,3
Engly,0,3,3
Engnie,0,3,3
Engrácia,0,3,3
Enia,0,3,3
Enice,0,3,3
Enieke,0,3,3
Enif,0,3,3
Enikje,0,3,3
Enikő,0,3,3
Enila,0,3,3
Enitan,0,3,3
Eniton,3,3,6
Enize,0,3,3
Enjoli,0,3,3
Enjomar,3,0,3
Enka,0,3,3
Enkelien,0,3,3
Enkido,3,0,3
Enkje,0,3,3
Enko,3,0,3
Enly,0,3,3
Ennah,0,3,3
Ennea,3,3,6
Ennechina,0,3,3
Ennerina,0,3,3
Ennij,0,3,3
Ennin,3,3,6
Ennisa,0,3,3
Enno-Jan,3,0,3
Ennolien,0,3,3
Ennyo,3,0,3
Enochina,0,3,3
Enri,3,0,3
Enrich,3,0,3
Enricos,3,0,3
Enriq,3,0,3
Enriqo,3,0,3
Enriqueo,3,0,3
Enriques,3,0,3
Enriquillo,3,0,3
Enriquita,0,3,3
Enron,0,3,3
Ense,3,3,6
Enser,3,0,3
Ensoph,3,0,3
Entesaar,0,3,3
Entesar,0,3,3
Entheny,3,0,3
Entoline,0,3,3
Entoni,3,0,3
Entony,3,0,3
Entsje,3,0,3
Enus,3,0,3
Enverney,3,0,3
Eny,3,3,6
Enyinna,3,0,3
Enzeli,3,0,3
Enzo-Gabriel,3,0,3
Eobaan,3,0,3
Eobanus,3,0,3
Eoghain,3,0,3
Eowen,0,3,3
Epea,0,3,3
Ephelyn,0,3,3
Ephifanius,3,0,3
Ephramina,0,3,3
Ephrim,3,0,3
Epicarus,3,0,3
Epicures,3,0,3
Epifani,0,3,3
Epigarius,3,0,3
Epimachus,3,3,6
Epje,0,3,3
Epkes,3,0,3
Eppes,3,0,3
Eppoliena,0,3,3
Eppoline,0,3,3
Eppone,0,3,3
Eptisam,0,3,3
Equiano,3,0,3
Equinox,3,3,6
Eragon,3,0,3
Erah,3,3,6
Eraj,3,3,6
Eraldina,0,3,3
Eraldus,3,0,3
Erana,0,3,3
Erann,3,0,3
Eraz,3,0,3
Erbakan,3,0,3
Erbany,0,3,3
Erbatur,3,0,3
Erbey,3,0,3
Erbout,3,0,3
Ercell,3,0,3
Ercem,3,0,3
Erci,3,0,3
Ercihan,3,0,3
Ercil,3,3,6
Ercin,3,0,3
Erçin,3,0,3
Ercolano,3,0,3
Ercolina,0,3,3
Erdemalp,3,0,3
Erdjan,3,0,3
Erdman,3,0,3
Erdmann,3,0,3
Erdmuthe,0,3,3
Erdy,0,3,3
Ere,3,3,6
Ereke,0,3,3
Erel,3,0,3
Erella,0,3,3
Eremine,0,3,3
Erèn,3,0,3
Eren-Can,3,0,3
Eréndira,0,3,3
Erengül,0,3,3
Erent,3,0,3
Ereza,0,3,3
Erhunse,3,3,6
Eri-Ann,0,3,3
Eria,0,3,3
Erianna,0,3,3
Eriano,3,0,3
Eric-jan,3,0,3
Eric-Johan,3,0,3
Eric-Lars,3,0,3
Eric-Martijn,3,0,3
Ericha,0,3,3
Erichetta,0,3,3
Ericiano,3,0,3
Ericzaina,0,3,3
Eriël,3,3,6
Eriene,0,3,3
Eries,3,0,3
Eriete,0,3,3
Eriëtta,0,3,3
Erijona,0,3,3
Erik-Bart,3,0,3
Erik-Christiaan,3,0,3
Erik-Jaap,3,0,3
Erik-jan,3,0,3
Erik-Johannes,3,0,3
Erik-John,3,0,3
Erik-Robert,3,0,3
Erik-Willem,3,0,3
Eriksdochter,0,3,3
Eriksson,3,0,3
Erinka,0,3,3
Erinna,0,3,3
Erise,0,3,3
Erit,0,3,3
Eritza,0,3,3
Erivaldo,3,0,3
Erivan,0,3,3
Eriwan,0,3,3
Erix,3,0,3
Erkenbald,3,0,3
Erki,3,0,3
Erkki,3,0,3
Erlando,3,0,3
Erlein,0,3,3
Erlene,0,3,3
Erleta,0,3,3
Erliana,0,3,3
Erlien,0,3,3
Erlinga,0,3,3
Erlof,3,0,3
Ermal,3,0,3
Ermenegilda,0,3,3
Ermengarde,0,3,3
Ermes,3,0,3
Ermgarda,0,3,3
Ermien,0,3,3
Ermindo,3,3,6
Ermino,3,0,3
Erminold,3,0,3
Ermintrude,0,3,3
Ermir,3,0,3
Ermita,0,3,3
Ermonda,0,3,3
Ermyas,3,0,3
Ernada,0,3,3
Ernalien,0,3,3
Ernany,3,3,6
Ernardo,3,0,3
Ernasto,3,0,3
Ernate,0,3,3
Ernesthina,0,3,3
Ernestio,3,0,3
Ernic,3,0,3
Ernica,0,3,3
Ernika,0,3,3
Ernst-Jaap,3,0,3
Ernst-Martijn,3,0,3
Eroïca,0,3,3
Erold,3,0,3
Eronildo,3,0,3
Erovice,3,0,3
Eroyer,3,0,3
Eroz,3,0,3
Erquiles,3,0,3
Erquimo,3,0,3
Erral,3,0,3
Erray,3,0,3
Erremina,0,3,3
Errich,3,0,3
Errick,3,0,3
Errikos,3,0,3
Ersal,3,0,3
Ersay,3,0,3
Ersébeth,0,3,3
Ersenio,3,0,3
Ershel,3,0,3
Ersih,0,3,3
Erskin,3,0,3
Erson,3,0,3
Ersu,3,0,3
Erta,0,3,3
Ertug,3,0,3
Ertuǵrul,3,0,3
Erturan,3,0,3
Eruindo,3,0,3
Erundina,0,3,3
Erus,3,0,3
Ervanaz,0,3,3
Ervenia,0,3,3
Ervinio,3,0,3
Ervis,3,3,6
Erwer,3,0,3
Erwi,3,3,6
Erwiena,0,3,3
Erwines,3,3,6
Erwinn,3,0,3
Erwino,3,0,3
Eryc,3,0,3
Erze,3,0,3
Erzsike,3,3,6
Esaam,3,0,3
Esalet,3,3,6
Esana,0,3,3
Esaü,3,0,3
Esbir,0,3,3
Esbjörn,3,0,3
Esbjørn,3,0,3
Escobar,3,0,3
Escolástica,0,3,3
Esder,3,0,3
Esdy,3,0,3
Esechiël,3,0,3
Esedullah,3,0,3
Eseh,3,3,6
Eseme,3,0,3
Esengo,3,3,6
Eseohe,0,3,3
Esham,3,0,3
Eshania,0,3,3
Eshant-ley,0,3,3
Eshanthaly,0,3,3
Eshelle,0,3,3
Eshika,0,3,3
Eshow,3,3,6
Esiena,0,3,3
Esile,0,3,3
Esilla,0,3,3
Esiore,3,0,3
Esiyla,0,3,3
Esjay,3,3,6
Eskel,3,0,3
Eskje,0,3,3
Eskjill,3,0,3
Eslanda,0,3,3
Eslemnur,0,3,3
Eslie-Fleur,0,3,3
Eslien,0,3,3
Esliena,0,3,3
Eslynn,0,3,3
Esmaeil,3,0,3
Esmai,0,3,3
Esmalia,0,3,3
Esmann,3,3,6
Esmaray,0,3,3
Esmarij,0,3,3
Esmaye,0,3,3
Esmayralda,0,3,3
Esmeë,0,3,3
Esmeeralda,0,3,3
Esmeline,0,3,3
Esmena,0,3,3
Esmenur,0,3,3
Esmeral,0,3,3
Esmèralda,0,3,3
Esmerelde,0,3,3
Esmerijn,0,3,3
Esmet,3,3,6
Esméya,0,3,3
Esmeya,0,3,3
Esmie,0,3,3
Esmila,0,3,3
Esmilio,3,0,3
Esmirah,0,3,3
Esmirelda,0,3,3
Esmirna,0,3,3
Esmyra,0,3,3
Esné,0,3,3
Esogban,3,0,3
Espàralda,0,3,3
Espenn,3,0,3
Esperia,0,3,3
Espheranza,0,3,3
Espiranza,0,3,3
Espoir,3,3,6
Esrâ,0,3,3
Esraella,0,3,3
Esrahan,0,3,3
Esré,0,3,3
Esrha,0,3,3
Esrick,3,0,3
Essed,3,0,3
Esselinus,3,0,3
Essen,0,3,3
Essey,3,0,3
Essien,3,0,3
Essiyah,0,3,3
Essuman,3,0,3
Estafan,3,0,3
Estala,3,3,6
Estancia,0,3,3
Estanislau,3,0,3
Estèban,3,0,3
Estebanita,0,3,3
Estefanoes,3,0,3
Estefany,0,3,3
Estega,3,0,3
Estèle,0,3,3
Estelina,0,3,3
Esteline,0,3,3
Estelle-Claire,0,3,3
Estèphe,3,0,3
Estèra,0,3,3
Estéra,0,3,3
Esterino,3,0,3
Estes,3,3,6
Estevanus,3,0,3
Estêvão,3,0,3
Esthée,0,3,3
Esthefanus,3,0,3
Esther-Maria,0,3,3
Esther-Rosa,0,3,3
Esthermaria,0,3,3
Estherrella,0,3,3
Esthine,0,3,3
Esthy,0,3,3
Estiana,0,3,3
Estié,0,3,3
Estiën,3,0,3
Estifanas,3,0,3
Estina,0,3,3
Estlin,0,3,3
Esto,3,0,3
Estreja,0,3,3
Estrelle,0,3,3
Esui,0,3,3
Eswara,0,3,3
Esyana,0,3,3
Eszelina,0,3,3
Esztike,0,3,3
Etain,3,3,6
Etana,0,3,3
Etania,0,3,3
Etbodi,3,0,3
Etcar,3,0,3
Etchica,0,3,3
Etèl,0,3,3
Etelfanie,0,3,3
Etemcan,3,0,3
Ethaniël,3,0,3
Ethelberg,0,3,3
Ethelberga,0,3,3
Ethelca,0,3,3
Ethelina,0,3,3
Ethelinda,0,3,3
Etheline,0,3,3
Ethelmoed,0,3,3
Ethelried,3,0,3
Etherius,3,3,6
Ethiën,3,0,3
Ethienne,3,0,3
Ethina,0,3,3
Ethlin,0,3,3
Ethline,0,3,3
Ethnan,3,0,3
Ethne,0,3,3
Etho,3,0,3
Ethoes,3,3,6
Etiandra,0,3,3
Etie,3,3,6
Etienna,0,3,3
Etïenne,3,0,3
Etiennë,3,0,3
Etiré,3,0,3
Etji,0,3,3
Etlon,3,0,3
Etmay,0,3,3
Etmé,0,3,3
Etnan,3,0,3
Etoes,3,0,3
Etoine,3,0,3
Etteke,0,3,3
Ettelina,0,3,3
Etteray,3,0,3
Ettij,0,3,3
Ettiree,3,0,3
Ettmer,3,0,3
Ettolina,0,3,3
Etu,3,0,3
Etuk,3,0,3
Etwan,3,0,3
Etward,3,0,3
Etwich,3,0,3
Etwien,3,3,6
Etzo,3,0,3
Euberta,0,3,3
Eudoxie,0,3,3
Eufemio,3,0,3
Eufemius,3,0,3
Eufenia,0,3,3
Eufrânio,0,3,3
Eufrasio,3,0,3
Eugèle,0,3,3
Eugelie,0,3,3
Eugella,0,3,3
Eugelouise,0,3,3
Eugelyn,0,3,3
Eugén,3,0,3
Eugena,0,3,3
Eugendrick,3,0,3
Eugenette,0,3,3
Eugeney,0,3,3
Eugènia,0,3,3
Eugenice,0,3,3
Eugeniek,0,3,3
Eugênio,3,0,3
Eugenus,3,0,3
Eugerrius,3,0,3
Eugidia,0,3,3
Eugiène,3,0,3
Eugiene,3,0,3
Eugina,0,3,3
Euginia,0,3,3
Eugnasius,3,0,3
Eugunio,3,0,3
Eujenia,0,3,3
Eulodia,0,3,3
Euman,3,0,3
Eunies,0,3,3
Euniika,0,3,3
Euphemi,0,3,3
Euphemio,0,3,3
Euphoria,0,3,3
Euphrase,0,3,3
Euredic,0,3,3
Eurediche,0,3,3
Eurène,0,3,3
Eureudise,0,3,3
Eurides,0,3,3
Euritha,0,3,3
Eurl,3,0,3
Eurly,3,3,6
Eurmie,0,3,3
Euron,3,0,3
Europe,3,3,6
Eurtha,0,3,3
Eurvel,3,0,3
Eurydike,0,3,3
Eustach,3,0,3
Eustachio,0,3,3
Eustathios,3,0,3
Eustochium,0,3,3
Eutienne,3,0,3
Euzevius,3,0,3
Eva-Joan,0,3,3
Eva-Jolien,0,3,3
Eva-Lena,0,3,3
Eva-Loïs,0,3,3
Eva-Lune,0,3,3
Eva-Roos,0,3,3
Eva-Rosa,0,3,3
Evageline,0,3,3
Evaggelia,0,3,3
Evaine,0,3,3
Evaïr,3,0,3
Evali,0,3,3
Evalino,3,0,3
Evalise,0,3,3
Evalize,0,3,3
Evalotta,0,3,3
Evalotte,0,3,3
Evaluna,0,3,3
Evalysha,0,3,3
Evanda,0,3,3
Evandra,0,3,3
Evane,3,3,6
Evaney,3,3,6
Evangel,3,3,6
Evangeli,3,3,6
Evangeliën,0,3,3
Evangeliene,0,3,3
Evangelyne,0,3,3
Evaniah,0,3,3
Evanildo,3,0,3
Evanity,0,3,3
Evanlyn,0,3,3
Evannah,0,3,3
Evanus,3,0,3
Evarada,0,3,3
Evarard,3,0,3
Evareste,3,3,6
Evariena,0,3,3
Evariesto,3,0,3
Evarildo,3,0,3
Evarinus,3,0,3
Evasio,3,0,3
Evé,0,3,3
Eve-Angeline,0,3,3
Eve-Lynn,0,3,3
Eve-Noëlle,0,3,3
Eveanna,0,3,3
Evelette,0,3,3
Eveleyn,0,3,3
Evelies,0,3,3
Eveliina,0,3,3
Evelinio,3,0,3
Evelino,3,0,3
Evelischa,0,3,3
Evelisha,0,3,3
Evelize,0,3,3
Evellina,3,3,6
Evene,0,3,3
Eventio,0,3,3
Everaart,3,0,3
Everado,3,3,6
Everalda,0,3,3
Everaldus,3,0,3
Everando,3,0,3
Everandus,3,0,3
Everardi,3,3,6
Everardine,0,3,3
Everbertha,0,3,3
Everbertus,3,0,3
Everdean,0,3,3
Everdice,0,3,3
Everdienke,0,3,3
Everdinan,3,0,3
Everdinant,3,0,3
Everdyce,0,3,3
Everéna,0,3,3
Everencia,0,3,3
Evererdus,3,0,3
Everesta,0,3,3
Evergista,0,3,3
Everharde,0,3,3
Evericus,3,0,3
Everie,3,3,6
Everik,3,0,3
Everika,0,3,3
Everil,0,3,3
Everinda,0,3,3
Evering,3,0,3
Everistha,0,3,3
Everistus,3,0,3
Everleigh,0,3,3
Everlinde,0,3,3
Evermoda,0,3,3
Evermoet,3,3,6
Evermondus,3,0,3
Everna,0,3,3
Evernarda,0,3,3
Everradus,3,0,3
Everrarda,0,3,3
Everstina,0,3,3
Evert-André,3,0,3
Evert-Jelle,3,0,3
Evert-Kees,3,0,3
Evert-Willem,3,0,3
Evertgradus,3,0,3
Everth,3,0,3
Everthardus,3,0,3
Evertiene,0,3,3
Evertlina,0,3,3
Evertsje,0,3,3
Evertus,3,0,3
Everwiena,0,3,3
Everwin,3,0,3
Eveta,0,3,3
Evgen,3,0,3
Evgenie,3,0,3
Evgeniyevna,0,3,3
Evgenyevna,0,3,3
Evguenia,0,3,3
Evi-Jolie,0,3,3
Evi-Loïs,0,3,3
Evi-Rose,0,3,3
Eviani,0,3,3
Evianna,0,3,3
Eviano,3,0,3
Evias,3,0,3
Evíe,0,3,3
Evie-Jolie,0,3,3
Evie-Mae,0,3,3
Evieke,0,3,3
Eviënna,0,3,3
Evike,0,3,3
Eviline,0,3,3
Evilou,0,3,3
Evinio,3,0,3
Evio,3,0,3
Evithe,0,3,3
Evito,3,0,3
Eviya,0,3,3
Evley,3,0,3
Evlon,0,3,3
Evlynn,0,3,3
EVM,0,3,3
Evolène,0,3,3
Evoleth,0,3,3
Evoli,0,3,3
Evolijn,0,3,3
Evonia,0,3,3
Evoron,3,0,3
Evoy,3,0,3
Evradithe,0,3,3
Evradus,3,0,3
Evrardine,0,3,3
Evrasi,0,3,3
Evrina,0,3,3
Evşan,0,3,3
Evvy,0,3,3
Evy-Ann,0,3,3
Evy-Anne,0,3,3
Evy-Jane,0,3,3
Evy-Lou,0,3,3
Evy-lynn,0,3,3
Evylin,0,3,3
Evylinde,0,3,3
Evylinn,0,3,3
Evyne,0,3,3
Evyta,0,3,3
Ewaen,3,0,3
Ewaldis,0,3,3
Ewaldo,3,0,3
Ewalina,0,3,3
Ewana,0,3,3
Ewangelia,0,3,3
Ewansiha,3,0,3
Ewaud,3,0,3
Ewaut,3,0,3
Eweline,0,3,3
Ewes,3,0,3
Ewien,0,3,3
Ewiene,0,3,3
Ewing,3,0,3
Ewinus,3,0,3
Ewoenam,0,3,3
Ewoma,3,3,6
Ewomazino,3,0,3
Ewoo,3,3,6
Ewoudtsje,0,3,3
Ewout-Jan,3,0,3
Exaucee,0,3,3
Exaucer,3,0,3
Excalibur,3,0,3
Excon,3,0,3
Exina,0,3,3
Expedita,0,3,3
Expeditus,3,0,3
Externo,3,0,3
Eyaaz,3,0,3
Eyah,0,3,3
Eyana,0,3,3
Eyas,3,0,3
Eyasu,3,0,3
Eybe,3,0,3
Eydin,3,0,3
Eydís,0,3,3
Eyelar,0,3,3
Eyelien,0,3,3
Eyfer,3,3,6
Eygje,0,3,3
Eyitayo,3,3,6
Eyja,3,3,6
Eyk,3,0,3
Eylana,0,3,3
Eylbertha,0,3,3
Eylina,0,3,3
Eylisch,0,3,3
Eymardine,0,3,3
Eymardus,3,0,3
Eyna,0,3,3
Eynar,3,0,3
Eyner,3,0,3
Eyni,0,3,3
Eynur,0,3,3
Eyo,3,0,3
Eyong,0,3,3
Eyran,3,3,6
Eyvan,3,0,3
Eyvaz,3,0,3
Eyyoub,3,0,3
Ezabelle,0,3,3
Ezaijah,3,0,3
Ezamet,0,3,3
Ezan,3,0,3
Ezarya,3,0,3
Ezauella,0,3,3
Ezeanya,0,3,3
Ezechias,3,0,3
Ezefia,0,3,3
Ezel,0,3,3
Ezeqiel,3,0,3
Ezevia,0,3,3
Ezger,3,0,3
Ezhil,0,3,3
Ezin,0,3,3
Eziquel,3,0,3
Ezli,3,3,6
Ezmé,0,3,3
Ezmée,0,3,3
Ezmee,0,3,3
Ezraël,3,3,6
Ezrai,3,3,6
Ezran,3,0,3
Ezriella,0,3,3
Ezrin,3,3,6
Ezron,3,0,3
Ezry,0,3,3
Ezugwu,3,0,3
Ezvin,3,0,3
Ezy,0,3,3
Ezzard,3,0,3
Ezzeldin,3,0,3
Ezzie,0,3,3
E'-Derrion,3,0,3
E'chica,0,3,3
E'dianney,3,0,3
E'dyra,0,3,3
E'Jayno,3,0,3
E'jaz,3,0,3
E'jene,0,3,3
E'la,0,3,3
E'layjah,3,0,3
E'Lijah,0,3,3
E'lisabeth,0,3,3
E'lisse,0,3,3
E'lysha,0,3,3
E'Maur,0,3,3
E'mile,3,0,3
E'millysea,0,3,3
E'mogean,0,3,3
E'ray,3,0,3
E'sancio,3,0,3
E'shadaily,0,3,3
E'shandrick,3,0,3
E'Tyshra,0,3,3
E'Ulalie,0,3,3
E'vaïnchelo,3,0,3
E'Yanlah,0,3,3
E-ginio,3,0,3
E-Jayden,3,0,3
E-Louisa,0,3,3
E-louise,0,3,3
E-Riyane,0,3,3
E-shri,3,0,3
E-Tchu,0,3,3
E-Vender,3,0,3
E.C.M.,0,3,3
Ea'nileyah,0,3,3
Ea-shenn,3,0,3
Ea-Sophie,0,3,3
EAbe,3,0,3
Eabelina,0,3,3
Eabeline,0,3,3
Eabeltje,0,3,3
Eabes,3,0,3
Eábha,0,3,3
Eachan,3,0,3
Eachann,3,0,3
Ead,3,0,3
Eadan,3,0,3
Eadem,3,0,3
Eadgar,3,0,3
Eadlin,0,3,3
Eadlyn,0,3,3
Eadmund,3,0,3
Eadse,3,0,3
Eadsger,3,0,3
Eafat,0,3,3
EAG,3,0,3
Eage,3,0,3
Eagel,3,0,3
Eaghan,3,0,3
Eagide,0,3,3
Eagina,0,3,3
Eaglechan,3,0,3
Eagleray,3,0,3
Eaglestar,3,0,3
Eagon,3,0,3
Eaiya,0,3,3
Eakta,0,3,3
Ealaine,0,3,3
Ealbertha,0,3,3
Ealdana,0,3,3
Ealdun,3,0,3
Ealen,3,0,3
Ealiane,0,3,3
Ealien,0,3,3
Ealke,3,0,3
Ealla,0,3,3
Eallin,0,3,3
Eallison,3,0,3
Ealsen-David,3,0,3
Ealtsje,3,0,3
Ealyjah,3,0,3
Ealyn,0,3,3
Ealysa,0,3,3
Eaman,0,3,3
Eamar,0,3,3
Eame,3,0,3
Eamey,0,3,3
Eamila,0,3,3
Eamin,3,0,3
Eammon,3,0,3
Eamon-Wei,3,0,3
Eams,3,0,3
Eamy,0,3,3
Eandas,3,0,3
Eander,3,0,3
Eandy,3,0,3
Eane,0,3,3
Eaneas,3,0,3
Eani,3,0,3
Eanne,0,3,3
Eanraig,3,0,3
Eanruig,3,0,3
Eardell,3,0,3
Eardley,3,0,3
Eardy,3,0,3
Earedice,0,3,3
Earendil,3,0,3
Earfan,3,0,3
Earina,0,3,3
Earine,0,3,3
Earl-Lorenzo-Achmed,3,0,3
Earld,3,0,3
Earle-June,0,3,3
Earleetha,0,3,3
Earleyann,0,3,3
Earlicia,0,3,3
Earliecia,0,3,3
Earllando,3,0,3
Earlmain,3,0,3
Earlton,3,0,3
Earlygene,3,0,3
Earlyse,0,3,3
Earlysean,3,0,3
Earlysha,0,3,3
Earlyson,3,0,3
Earn,3,0,3
Earo,3,0,3
Earol,3,0,3
Earon,3,0,3
Earshaently,3,0,3
Earshean,3,0,3
Earshiënne,0,3,3
Earthly,3,0,3
Earthy,0,3,3
Earvareny,0,3,3
Earvion,3,0,3
Earvy,3,0,3
Earwinn,3,0,3
Earyn,3,0,3
Eas,3,0,3
Easa,3,0,3
Eash,3,0,3
Eashana,0,3,3
Eashani,0,3,3
Eashanpersad,3,0,3
Eashen,3,0,3
Eashoa,3,0,3
Eashwari,0,3,3
Eashwaridevi,0,3,3
Easly,3,0,3
Eassa,3,0,3
Eáster,0,3,3
Eastes,3,0,3
Easther,0,3,3
Easthon,3,0,3
Eástre,0,3,3
Eastwood,3,0,3
Easwara,0,3,3
Easwarasothy,3,0,3
Eathur,3,0,3
Eats,3,0,3
Eatse,3,0,3
Eauphélie,0,3,3
Eave,0,3,3
Eaven,3,0,3
Eaverly,0,3,3
Eaverly-Nova,0,3,3
Eaveron,3,0,3
Eavley-Jo,0,3,3
Eavy,0,3,3
Eavyas,3,0,3
Eawyn,3,0,3
Eay'n,3,0,3
Eayan,3,0,3
Eayden,3,0,3
Eayes,0,3,3
Eäyla,0,3,3
Eazeraku,3,0,3
Eazia,0,3,3
Eazie,3,0,3
Eazy,3,0,3
Ebâ,3,0,3
Ebado,0,3,3
Ebadollah,3,0,3
Ebadullah,3,0,3
Ebadurahman,3,0,3
Ebagua,3,0,3
Ebakoleane,3,0,3
Ebaldina,0,3,3
Ebalehita,0,3,3
Ebami,3,0,3
Ebamüslüm,3,0,3
Ebân,3,0,3
Ebangelin-Karunya,0,3,3
Ebany,0,3,3
Ebarbara,0,3,3
Ebartha,0,3,3
Ebarthold,3,0,3
Ebartus,3,0,3
Ebban,3,0,3
Ebbe-Jan,3,0,3
Ebbe-Jort,3,0,3
Ebbechien,0,3,3
Ebbediena,0,3,3
Ebbegie,0,3,3
Ebbejoris,3,0,3
Ebberd,3,0,3
Ebberdiena,0,3,3
Ebberta,0,3,3
Ebbes,3,0,3
Ebbeta,0,3,3
Ebbonney,3,0,3
Ebbygail,0,3,3
Ebco,3,0,3
Ebdilqadir,3,0,3
Ebe-Jan,3,0,3
Ebechi,0,3,3
Ebediena,0,3,3
Ebèl,0,3,3
Ebel-Jan,3,0,3
Ebel-Willem,3,0,3
Ebelbiena,0,3,3
Ebeldien,0,3,3
Ebeldinus,3,0,3
Ebelenie,0,3,3
Ebelfez,3,0,3
Ebelfezil,3,0,3
Ebelhard,3,0,3
Ebelia,0,3,3
Ebelie,0,3,3
Ebelijn,0,3,3
Ebell,3,0,3
Ebels,3,0,3
Ebelta,0,3,3
Ebeltsje,0,3,3
Ebelyn,0,3,3
Ebem,0,3,3
Eben-Dan,3,0,3
Eben-Haezer,3,0,3
Eben-Manasse,3,0,3
Eben-Zer,0,3,3
Ebenawederu,3,0,3
Ebenezakaran,3,0,3
Ebenezar,3,0,3
Ebenezer-Festus,3,0,3
Ebenhäzer,3,0,3
Ebenhezer,3,0,3
Ebeni,0,3,3
Ebenius,3,0,3
Ebenizer,3,0,3
Ebenmosi,0,3,3
Ebeny,0,3,3
Eberdinus,3,0,3
Ebère,3,0,3
Eberechi,3,0,3
Eberfanius,3,0,3
Ebergardt,3,0,3
Eberhilde,0,3,3
Eberliena,0,3,3
Eberlina,0,3,3
Eberly,3,0,3
Ebernezer,3,0,3
Ebertien,0,3,3
Ebertinus,3,0,3
Ebervanius,3,0,3
Ebesio,3,0,3
Ebewhen,0,3,3
Ebgerdina,0,3,3
Ebhodaghe,0,3,3
Ebiare,0,3,3
Ebiarede,0,3,3
Ebiena,0,3,3
Ebiënne,0,3,3
Ebienus,3,0,3
Ebigail,0,3,3
Ebigeal,0,3,3
Ebigyiwa,0,3,3
Ebihanur,0,3,3
Ebikeme,3,0,3
Ebilehita,0,3,3
Ebilfez,3,0,3
Ebinéa,0,3,3
Ebinum,3,0,3
Ebioma,0,3,3
Ebirama,0,3,3
Ebisa,3,0,3
Ebisan,3,0,3
Ebisinde,3,0,3
Ebisse,0,3,3
Ebita,0,3,3
Ebitonmo,3,0,3
Ebiuware,0,3,3
Ebizie,3,0,3
Ebo-Jazz,0,3,3
Ebob,0,3,3
Ebolette,0,3,3
Ebolientje,0,3,3
Ebonardus,3,0,3
Ebone,3,0,3
Ebonece,0,3,3
Ebonieke,0,3,3
Ebonique,0,3,3
Ebonisha,0,3,3
Ebonita,0,3,3
Ebonka,3,0,3
Ebonnie,0,3,3
Ebonny,0,3,3
Ebony-Louise,0,3,3
Ebony-Naomi,0,3,3
Ebonyze,0,3,3
Ebooika,0,3,3
Ebooyka,0,3,3
Ebora,0,3,3
Eborah,0,3,3
Ebory,0,3,3
Eboseta,0,3,3
Eboseyi,3,0,3
Ebosiem,0,3,3
Ebot,3,0,3
Ebou,3,0,3
Ebow,3,0,3
Ebraahiem,3,0,3
Ebraam,3,0,3
Ebrahem,3,0,3
Ebral,0,3,3
Ebran,3,0,3
Ebranda,0,3,3
Ebrār,0,3,3
Ebras,3,0,3
Ebrayem,3,0,3
Ebraylton,3,0,3
Ebred,3,0,3
Ebrem,3,0,3
Ebrendina,0,3,3
Ebriël,3,0,3
Ebriene,0,3,3
Ebrim,3,0,3
Ebrïn,3,0,3
Ebrineke,0,3,3
Ebron,3,0,3
Ebru-Hamdiye,0,3,3
Ebru-Nur,0,3,3
Ebrunagme,0,3,3
Ebrunisa,0,3,3
Ebrunur,0,3,3
Ebrychenne,0,3,3
Ebsiba,0,3,3
Ebsibah,0,3,3
Ebtesama,0,3,3
Ebtessam,0,3,3
Ebtihal,0,3,3
Ebtihel,0,3,3
Ebtisem,0,3,3
Ebtissame,0,3,3
Ebû,3,0,3
Ebu's-Sena,3,0,3
Ebuali,3,0,3
Ebuamin,3,0,3
Ebubechi,3,0,3
Ebübekir,3,0,3
Ebubekir-Ömer-Faruk,3,0,3
Ebubekr,3,0,3
Ebul,3,0,3
Ebülfez,3,0,3
Ebulley,3,0,3
Ebune,0,3,3
Eburwin,3,0,3
Ebutalha,3,0,3
Ebutalib,3,0,3
Ebutalip,3,0,3
Ebya,0,3,3
Ebyanne,0,3,3
Ebygaine,0,3,3
Eça,3,0,3
ECA,0,3,3
Eca,0,3,3
Ecan,3,0,3
Ecardice,0,3,3
Ecarna,0,3,3
Ecaterina-Alexia,0,3,3
Ecatherine,0,3,3
Ecatherini,0,3,3
ECB,3,0,3
ECC,0,3,3
Ecca,3,0,3
Ecclesiae,0,3,3
Ecclesiaste,3,0,3
Ecclesiastica,0,3,3
Eçè,0,3,3
Ece-Lina,0,3,3
Ecekan,3,0,3
Ecelia,0,3,3
ECEM,0,3,3
Ecemnas,0,3,3
Ecemnaz,0,3,3
Ecemsultan,0,3,3
Eceselin,0,3,3
Echa,0,3,3
Echani,0,3,3
Echart,3,0,3
Echberdinus,3,0,3
Echberta,0,3,3
Echbertje,0,3,3
Echbertsje,0,3,3
Echbertus,3,0,3
Echdly,3,0,3
Eche,3,0,3
Echen,3,0,3
Echën,3,0,3
Echevarría,3,0,3
Echezkiel,3,0,3
Echezona,3,0,3
Echezonachi,3,0,3
Echico,3,0,3
Echiël,3,0,3
Echiendo,3,0,3
Echin,3,0,3
Echion,3,0,3
Echlin,3,0,3
Echna,3,0,3
Echnica,0,3,3
Echrak,0,3,3
Echtberdina,3,0,3
Echtbertus,3,0,3
Echteld,0,3,3
Echteltje,0,3,3
Echura,0,3,3
Ecia,0,3,3
Ecilin,0,3,3
Ecio,3,0,3
Ecirin,0,3,3
Eck,3,0,3
Ecka,3,0,3
Eckardt,3,0,3
Eckberdiena,0,3,3
Eckbert,3,0,3
Ecke,3,0,3
Eckehard,3,0,3
Eckelina,0,3,3
Eckersly,3,0,3
Eckert,3,0,3
Eckharda,0,3,3
Eckhmar,0,3,3
Eckley,3,0,3
Eckly,3,0,3
Eclâ,0,3,3
Eclat,3,0,3
Eclofina,0,3,3
Eclovien,0,3,3
Eço,3,0,3
ECO,3,0,3
Ecoline,0,3,3
Econ,3,0,3
Ecornette,0,3,3
Ecory,3,0,3
Ecra,0,3,3
Ecram,0,3,3
Ecrîn,0,3,3
Ecrinhavva,0,3,3
Ecylia,0,3,3
Ed-Dine,3,0,3
Ed-dine,3,0,3
Ed-Jan,3,0,3
Ed-jenmailys,0,3,3
Ed-Kenny,3,0,3
Ed-Rick,3,0,3
Ed-Shainy,0,3,3
Ed-Wim,3,0,3
Ed-Yenay,3,0,3
Edá,0,3,3
Edafe,0,3,3
Edah,0,3,3
Edahvon,3,0,3
Edaine,3,0,3
Edainn,3,0,3
Edalecio,3,0,3
Edalena,0,3,3
Edalia,0,3,3
Edalmo,3,0,3
Edam,3,0,3
Edane,0,3,3
Edanedy,0,3,3
Edania,0,3,3
Edanna,0,3,3
Edano,3,0,3
Edânur,0,3,3
Edar-Pierre,3,0,3
Edau,3,0,3
Edbart,3,0,3
Edber,3,0,3
Edbrenytzia,0,3,3
Edburga,0,3,3
Edcelino,3,0,3
Edcell,3,0,3
Edchano,3,0,3
Eddah,0,3,3
Eddan,3,0,3
Eddaniël,3,0,3
Eddeliese,0,3,3
Eddiana,0,3,3
Eddie-Brian,3,0,3
Eddiena,0,3,3
Eddiënne,0,3,3
Eddierson,3,0,3
eddine,3,0,3
Eddinho,3,0,3
Eddinne,3,0,3
Eddino,3,0,3
Eddy-Anton,3,0,3
Eddy-Edson,3,0,3
Eddy-Martijn,3,0,3
Eddy-Peter,3,0,3
Eddyboy,3,0,3
Eddylainny,0,3,3
Eddymilson,3,0,3
Eddymir,3,0,3
Eddymond,3,0,3
Eddyn,3,0,3
Edebali,3,0,3
Edechiena,0,3,3
Edee,0,3,3
Edeel,3,0,3
Edega,3,0,3
Edegar,3,0,3
Edeghonghon,0,3,3
Edegiena,0,3,3
Edek,3,0,3
Edelaine,0,3,3
Edelberga,0,3,3
Edelbjörg,0,3,3
Edelfredus,3,0,3
Edelfrieda,0,3,3
Edelhaard,3,0,3
Edelharda,0,3,3
Edeli,0,3,3
Edelia,0,3,3
Edeliana,0,3,3
Edeliano,3,0,3
Edelicia,0,3,3
Edeliende,0,3,3
Edelienna,0,3,3
Edelientje,0,3,3
Edelin,0,3,3
Edelino,3,0,3
Edelisa,0,3,3
Edelison,3,0,3
Edellief,0,3,3
Edellion,3,0,3
Edelsjen,3,0,3
Edelssy,3,0,3
Edelsynne,0,3,3
Edeltruida,0,3,3
Edeltry,0,3,3
Edelwarda,0,3,3
Edelweis,0,3,3
Edely,0,3,3
Edelyn,0,3,3
Edéme,0,3,3
Edemin,0,3,3
Edemodus,3,0,3
Edemondo,3,0,3
Edèn,0,3,3
Eden-Grace,0,3,3
Eden-John,3,0,3
Eden-Maria,0,3,3
Eden-Rose,0,3,3
Eden-Saphir,0,3,3
Eden-Sher,0,3,3
Eden-Skye,0,3,3
Edéna,0,3,3
Edenaïzer,3,0,3
Edengulu,3,0,3
Edeniaries,0,3,3
Edenies,0,3,3
Edenilce,0,3,3
Edenishia,0,3,3
Edenlee,0,3,3
Edenlief,0,3,3
Edenmar,3,0,3
Edenshaley,0,3,3
Edèr,3,0,3
Edére,3,0,3
Ederick,3,0,3
Ederico,3,0,3
Ederiges,3,0,3
Ederlindo,3,0,3
Edermila,0,3,3
Ederson,3,0,3
Edert,3,0,3
Edesa,0,3,3
Edescha,0,3,3
Edèse,3,0,3
Edesiri,3,0,3
Edéson,3,0,3
Edet,0,3,3
Edeth,0,3,3
Edevinedro,3,0,3
Edewalda,0,3,3
Edeward,3,0,3
Edewinus,3,0,3
Edey,3,0,3
Edfainny,0,3,3
Edfried,3,0,3
EDG,0,3,3
Edgar-Allen,3,0,3
Edgar-Etienne,3,0,3
Edgar-Jan,3,0,3
Edgarde,0,3,3
Edgardine,0,3,3
Edgario,3,0,3
Edgart,0,3,3
Edgarus,3,0,3
Edgenio,3,0,3
Edgerdina,0,3,3
Edgerius,3,0,3
Edgerton,3,0,3
Edgidus,3,0,3
Edgmayr,3,0,3
Edgo,3,0,3
Edguard,3,0,3
Edgworth,3,0,3
Edhardy,3,0,3
Edhema,0,3,3
Edhinho,3,0,3
Edhinio,3,0,3
Edhiño,3,0,3
Edhuige,0,3,3
Edi-Lou,0,3,3
Ediah,0,3,3
Ediangeline,0,3,3
Edianne,0,3,3
Ediantely,0,3,3
Edib,3,0,3
Edicinio,3,0,3
Edick,3,0,3
Edicxion,3,0,3
Edidh,0,3,3
Edidiong,0,3,3
Ediejana,0,3,3
Ediekje,0,3,3
Ediele,3,0,3
Edieltridus,3,0,3
Ediem,3,0,3
Ediën,3,0,3
Edïen,0,3,3
Ediesjra,0,3,3
Ediessabelle,0,3,3
Edige,0,3,3
Edigius,3,0,3
Edihami,0,3,3
Edihnio,3,0,3
Edijta,0,3,3
Edik,3,0,3
Edikan,0,3,3
Edikley,3,0,3
Ediks,3,0,3
Edilaine,0,3,3
Edilena,0,3,3
Edilene,0,3,3
Ediliana,0,3,3
Edilienne,0,3,3
Edililah,0,3,3
Edilius,3,0,3
Edilmar,3,0,3
Edilsia,0,3,3
Edilyn,0,3,3
Edilynho,3,0,3
Edima,0,3,3
Edimar,3,0,3
Edimayron,3,0,3
Edimero,3,0,3
Edimundi,3,0,3
Edín,3,0,3
Edin-Jane,0,3,3
Edinah,0,3,3
Edinaro,3,0,3
Edinayra,0,3,3
Edinee,3,0,3
Edinette,0,3,3
Edingson,3,0,3
Edinha,0,3,3
Edinhio,3,0,3
Edinhos,3,0,3
Edinilson,3,0,3
Edinn,0,3,3
edinne,3,0,3
Edinño,3,0,3
Ediňo,3,0,3
Edinson,3,0,3
Edinyo,3,0,3
Edio,0,3,3
Edionise,0,3,3
Edior,3,0,3
Ediora,0,3,3
Edioye,3,0,3
Ediphan,3,0,3
Edirceu,3,0,3
Edirne,3,0,3
Ediron,3,0,3
Edirson,3,0,3
Edisaira,0,3,3
Ediscillia,0,3,3
Ediselle,0,3,3
Edish,0,3,3
Edisha,0,3,3
Edishaira,0,3,3
Edishenne,0,3,3
Edishna,0,3,3
Edisson,3,0,3
Edistius,3,0,3
Edith-Aleida,0,3,3
Edith-Beryl,0,3,3
Edith-Francisca,0,3,3
Edith-José,0,3,3
Edith-Margaretha,0,3,3
Edith-Maria,0,3,3
Edith-Pauline,0,3,3
Edithah,0,3,3
Edithia,0,3,3
Edithina,0,3,3
Edithley,0,3,3
Edithsha,0,3,3
Edithsona,0,3,3
Edithzyana,0,3,3
Editon,3,0,3
Editt,0,3,3
Edivan,3,0,3
Edivani,3,0,3
Edivania,0,3,3
Edivânia,0,3,3
Edivanio,3,0,3
Edivigus,0,3,3
Edizairo,3,0,3
Edizcan,3,0,3
Ediztan,3,0,3
EDJ,3,0,3
Edjee,3,0,3
Edjéhra,0,3,3
Edjidomar,3,0,3
Edjunairys,0,3,3
Edka,3,0,3
Edlam,0,3,3
Edlamar,3,0,3
Edlan,3,0,3
Edlanio,3,0,3
Edlawit,0,3,3
Edle,0,3,3
Edlena,0,3,3
Edlery,3,0,3
Edli-Bat-El,0,3,3
Edlijah,3,0,3
Edlijn,3,0,3
Edlina,0,3,3
Edlinde,0,3,3
Edlir,3,0,3
Edlujuska,0,3,3
Edly,3,0,3
Edlynne,0,3,3
Edlyson,3,0,3
Edmaé,0,3,3
Edmae,0,3,3
Edmai,3,0,3
Edmaiah,0,3,3
Edmailys,0,3,3
Edmarhiño,3,0,3
Edmarin,0,3,3
Edmarla,0,3,3
Edmarlies,0,3,3
Edmarly,0,3,3
Edmarlyson,3,0,3
Edmartin,3,0,3
Edmayra,0,3,3
Edmayro,3,0,3
Edmea,0,3,3
Edmead,3,0,3
Edmêe,0,3,3
Edmeereina,0,3,3
Edmeida,0,3,3
Edmelia,0,3,3
Edmelinio,3,0,3
Edmelisha,0,3,3
Edmelson,3,0,3
Edmeralda,0,3,3
Edmerd,3,0,3
Edmien,0,3,3
Edmildo,3,0,3
Edmiliano,3,0,3
Edmilio,3,0,3
Edmiljanah,0,3,3
Edmilsa,0,3,3
Edmilse,0,3,3
Edminda,0,3,3
Edmine,0,3,3
Edmira,0,3,3
Edmircel,3,0,3
Edmirda,0,3,3
Edmiroda,3,0,3
Edmirson,3,0,3
Edmönd,3,0,3
Edmond-Douglas,3,0,3
Edmond-Julien,3,0,3
Edmondina,0,3,3
Edmondis,3,0,3
Edmondt,3,0,3
Edmora,0,3,3
Edmour,3,0,3
Edmundos,3,0,3
Edmylia,0,3,3
Edmylson,3,0,3
Edna-Magdalena,0,3,3
Ednaida,0,3,3
Ednaira,0,3,3
Ednamé,0,3,3
Ednardus,3,0,3
Ednei,3,0,3
Ednel,3,0,3
Ednessa,0,3,3
Ednha,3,0,3
Ednico,3,0,3
Ednildo,3,0,3
Ednir,0,3,3
Ednison,3,0,3
Edno,3,0,3
Edny-John,3,0,3
Edô,3,0,3
Edo-Jaap,3,0,3
Edo-Martijn,3,0,3
Edo-Richard,3,0,3
Edo-Wouter,3,0,3
Edoaldus,3,0,3
Edoardus,3,0,3
Edobor,3,0,3
Edocia,0,3,3
Edodina,0,3,3
Edoewadus,3,0,3
Edoghogho,0,3,3
Edogina,0,3,3
Edogun,0,3,3
Edoh,3,0,3
Edoino,3,0,3
Edojariogba,3,0,3
Edoka,3,0,3
Edolena,0,3,3
Edolien,0,3,3
Edolinda,0,3,3
Edolita,0,3,3
Edoltrudis,0,3,3
Edomar,3,0,3
Edon-Gyan,3,0,3
Edoni,3,0,3
Edonisa,0,3,3
Edonita,0,3,3
Edonna,0,3,3
Edony,0,3,3
Edoo,3,0,3
Edoobo,3,0,3
Edorion,3,0,3
Edoritha,0,3,3
Edouardina,0,3,3
Edouardine,0,3,3
Edouinus,3,0,3
Edouward,3,0,3
Edow,3,0,3
Edowaldo,3,0,3
Edowen,0,3,3
Edowina,0,3,3
Edoxia,0,3,3
Edoxie,0,3,3
Edoxis,3,0,3
Edrea,0,3,3
Edrean,3,0,3
Edrëcion,3,0,3
Edremiah,3,0,3
Edres,3,0,3
Edrey,3,0,3
Edrian-Lee,3,0,3
Edrianne,0,3,3
Edrice,0,3,3
Edricke,3,0,3
Edrickson,3,0,3
Edrico,3,0,3
Edrie,0,3,3
Edrieën,0,3,3
Edriekus,3,0,3
Edriël,3,0,3
Edrielsel,3,0,3
Edriën,3,0,3
Edriënne,0,3,3
Edriëtte,0,3,3
Edriges,3,0,3
Edrihanne,0,3,3
Edrilano,3,0,3
Edrin,3,0,3
Edrionne,3,0,3
Edrissa,3,0,3
Edroes,3,0,3
Edrogai-ry,3,0,3
Edroy,3,0,3
Edry,3,0,3
Edryan,3,0,3
Edsan,0,3,3
Edsander,3,0,3
Edsar,3,0,3
Edsardus,3,0,3
Edsco,3,0,3
Edsela,0,3,3
Edseliano,3,0,3
Edseliën,0,3,3
Edselsey,0,3,3
Edselyne,0,3,3
Edseny,0,3,3
Edshainy,0,3,3
Edshanaira,0,3,3
Edshano,3,0,3
Edshanteley,0,3,3
Edshaynel,3,0,3
Edshely,0,3,3
Edshenairo,3,0,3
Edshilya,0,3,3
Edsilio,3,0,3
Edsillya,0,3,3
Edsin,0,3,3
Edsiona,0,3,3
Edsjer,3,0,3
Edskedina,0,3,3
Edskiena,0,3,3
Edsko-Wytze,3,0,3
Edsolaine,0,3,3
Edstina,0,3,3
Edston,3,0,3
Edsverchainery,0,3,3
Edsylia,0,3,3
Edtredison,3,0,3
Eduah,3,0,3
Edualdo,3,0,3
Eduanna,0,3,3
Eduärd,3,0,3
Eduard-Eddy,3,0,3
Eduard-Johan,3,0,3
Eduard-Paul,3,0,3
Eduard-Robert,3,0,3
Eduard-Willem,3,0,3
Eduardie,0,3,3
Eduardino,3,0,3
Eduardo-Alexander,3,0,3
Eduardo-Junior,3,0,3
Eduardovič,3,0,3
Eduardovna,0,3,3
Eduards,3,0,3
Eduardt,3,0,3
Eduarte,3,0,3
Eduarth,3,0,3
Edubiyi,3,0,3
Edugie,0,3,3
Eduhardus,3,0,3
Eduïne,0,3,3
Eduine,0,3,3
Eduino,3,0,3
Eduiwina,0,3,3
Edul,3,0,3
Eduline,0,3,3
Edun,0,3,3
Eduna,0,3,3
Eduriënne,0,3,3
Edurina,0,3,3
Edutia,0,3,3
Eduvard,3,0,3
Eduvie,3,0,3
Eduw,3,0,3
Eduwa,0,3,3
Eduwaard,3,0,3
Eduwaldus,3,0,3
Eduwalt,3,0,3
Eduwardes,3,0,3
Eduwart,3,0,3
Eduwen,3,0,3
Eduwhard,3,0,3
Eduwigus,0,3,3
Eduwina,0,3,3
Eduwine,0,3,3
Eduwu,0,3,3
Edvalyed,3,0,3
Edvan,3,0,3
Edvânyo,3,0,3
Edvarda,0,3,3
Edvardas,3,0,3
Edveralldrick,3,0,3
Edverell,3,0,3
Edvert,3,0,3
Edvic,3,0,3
Edvidge,3,0,3
Edvil,0,3,3
Edvinas,3,0,3
Edvino,3,0,3
Edvrit,3,0,3
Edwalda,0,3,3
Edwaldes,3,0,3
Edwand,3,0,3
Edward-Evert,3,0,3
Edward-Frank,3,0,3
Edward-Jarich,3,0,3
Edwarddina,0,3,3
Edwarde,0,3,3
Edwardes,3,0,3
Edwardos,3,0,3
Edwaria,0,3,3
Edwarlienne,0,3,3
Edway,3,0,3
Edwayra,0,3,3
Edwerd,3,0,3
Edwhald,3,0,3
Edwhard,3,0,3
Edwidge,0,3,3
Edwiëne,0,3,3
Edwiene,0,3,3
Edwienio,3,0,3
Edwies,0,3,3
Edwiese,3,0,3
Edwiesje,0,3,3
Edwiges,3,0,3
Edwillem,3,0,3
Edwin-Elias,3,0,3
Edwin-Gerald,3,0,3
Edwin-Jay,3,0,3
Edwin-Patrick,3,0,3
Edwin-Remco,3,0,3
Edwin-Richard,3,0,3
Edwin-Roelf,3,0,3
Edwin-Rolf,3,0,3
Edwin-Rudolf,3,0,3
Edwinda,0,3,3
Edwineily,0,3,3
Edwinem,3,0,3
Edwinguez,3,0,3
Edwinia,0,3,3
Edwinn,3,0,3
Edwinna,0,3,3
Edwinni,3,0,3
Edwinnus,3,0,3
Edwolda,0,3,3
Edworth,3,0,3
Edwuardo,3,0,3
Edwy,3,0,3
Edwyna,0,3,3
Edwyne,0,3,3
Edy-Christina,0,3,3
Edyani,3,0,3
Edyara,0,3,3
Edyart,3,0,3
Edyberto,3,0,3
Edyfanio,3,0,3
Edylan,3,0,3
Edyloe,3,0,3
Edymar,3,0,3
Edymson,3,0,3
Edyne,0,3,3
Edyra,0,3,3
Edyron,3,0,3
Edyt,0,3,3
Edyvairo,3,0,3
Edyvanio,3,0,3
Edyviano,3,0,3
Edza,0,3,3
Edzarda,0,3,3
Edzejan,3,0,3
Edzel,3,0,3
Edzerina,0,3,3
Edzert,3,0,3
Edzhayno,3,0,3
Edzia,0,3,3
Edziene,0,3,3
Edzin,3,0,3
Edzina,0,3,3
Edziu,3,0,3
Edzke,0,3,3
Edzodiena,0,3,3
Edzodine,0,3,3
Edzoon,3,0,3
Edzordzi,3,0,3
Eebbaa,0,3,3
Eebs,3,0,3
Eecke,0,3,3
Eedo,3,0,3
Eedrita,0,3,3
Eedriviëny,0,3,3
Eedsje,3,0,3
Eefannie,0,3,3
Eefany,3,0,3
Eeferdt,3,0,3
Eefiene,0,3,3
Eefiëne,0,3,3
Eefinah,0,3,3
Eefkelina,0,3,3
Eefken,0,3,3
Eefraïm,3,0,3
Eefrem,3,0,3
Eefrie,0,3,3
Eefron,3,0,3
Eeft,3,0,3
Eefyne,0,3,3
Eegina,0,3,3
Eehem,3,0,3
EEJ,0,3,3
Eeka,0,3,3
Eekelien,0,3,3
Eekelies,0,3,3
Eeker,3,0,3
Eekie,0,3,3
Eektadevy,0,3,3
Eektha,0,3,3
Eelaha,0,3,3
Eeland,0,3,3
Eelbarta,0,3,3
Eelbrendina,0,3,3
Eelcje,0,3,3
Eelco-Bart,3,0,3
Eelco-John,3,0,3
Eelco-Marcel,3,0,3
Eelco-Sjoerd,3,0,3
Eelcolien,0,3,3
Eelcolina,0,3,3
Eelcoline,0,3,3
Eeldri,3,0,3
Eelejan,3,0,3
Eelelijon,3,0,3
Eelèn,0,3,3
Eelena,0,3,3
Eeliam,0,3,3
Eelias,3,0,3
Eeliesabet,0,3,3
Eelif,0,3,3
Eelijah,3,0,3
Eeling,0,3,3
Eelisha,0,3,3
Eeljalien,0,3,3
Eelke-Alwin,3,0,3
Eelke-Bas,3,0,3
Eelke-Guido,3,0,3
Eelke-Pieter,3,0,3
Eelke-Wybe,3,0,3
Eelko-Jan,3,0,3
Eelko-Peter,3,0,3
Eelkon,3,0,3
Eelkus,3,0,3
Eelliesa,0,3,3
Eellina,0,3,3
Eellisant,0,3,3
Eelmer,3,0,3
Eels,0,3,3
Eelse-jan,3,0,3
Eelsea,0,3,3
Eelselina,0,3,3
Eelste,0,3,3
Eeltjan,3,0,3
Eeltje-Anne,3,0,3
Eeltje-Sijtse,3,0,3
Eeltjo,3,0,3
Eely,0,3,3
Eely-Janna,0,3,3
Eelysha,0,3,3
Eelze-Jan,3,0,3
Eelzen,3,0,3
Eelzer,3,0,3
EEM,0,3,3
Eemad,3,0,3
Eemal,3,0,3
Eemar,0,3,3
Eembert,3,0,3
Eemelina,0,3,3
Eemie,0,3,3
Eemiel,3,0,3
Eemij,0,3,3
Eemken,0,3,3
Eemse,0,3,3
Eemtien,0,3,3
Een,0,3,3
Eena,0,3,3
Eendra,3,0,3
Eeneke,0,3,3
Eenes,3,0,3
Eengeliene,0,3,3
Eenig,0,3,3
Eenikje,0,3,3
Eenjelina,0,3,3
Eenke,0,3,3
Eenling,0,3,3
Eentina,0,3,3
Eep-Jan,3,0,3
Eepe,3,0,3
Eephraïma,0,3,3
Eepko,3,0,3
Eerda,0,3,3
Eeresmina,0,3,3
Eerie,0,3,3
Eérin,0,3,3
Eerisius,3,0,3
Eerka,0,3,3
Eerkogiena,0,3,3
Eeron,3,0,3
Eersteling,0,3,3
Eerte,0,3,3
Eertsje,0,3,3
Eertwina,0,3,3
Eertza,3,0,3
Eervan,3,0,3
Eerwaldus,3,0,3
Eerwijn,3,0,3
Eerze,0,3,3
Eesger-Theunis,3,0,3
Eesháni,0,3,3
Eeshani,0,3,3
Eeshantaly,0,3,3
Eeshon,3,0,3
Eeshwary,0,3,3
Eeskèa,0,3,3
Eeti,0,3,3
Eetsche,0,3,3
Eeuke,3,0,3
Eeuwcona,0,3,3
Eeuweïna,0,3,3
Eeuwen,3,0,3
Eeuwie,3,0,3
Eeuwiena,0,3,3
Eeuwine,0,3,3
Eeuwintius,3,0,3
Eeuwitha,0,3,3
Eeuwkie,0,3,3
Eeuwoudina,0,3,3
Eeuwrenske,0,3,3
Eeva-Liisa,0,3,3
Eevano,3,0,3
Eeverardus,3,0,3
Eevrard,3,0,3
Eewit,3,0,3
Eewoud,3,0,3
Eeya,0,3,3
Eeyan,3,0,3
Eeyor,3,0,3
Eeziquiel,3,0,3
EFA,3,0,3
Efaâna,0,3,3
Efah,3,0,3
Efahim,3,0,3
Efalay,3,0,3
Efaliena,0,3,3
Efalijn,0,3,3
Efange,3,0,3
Efani,0,3,3
Efanio,3,0,3
Efanja,0,3,3
Efanne,0,3,3
Efanny,0,3,3
Efarieldo,3,0,3
Efasio,3,0,3
Efatni,0,3,3
Efaura,0,3,3
Efay,0,3,3
Efaz,3,0,3
Efdokia,0,3,3
Efè,3,0,3
Efe-Can,3,0,3
Efe-Kaan,3,0,3
Efe-Omosere,3,0,3
Efe-Tobore,3,0,3
Efe-Yusuf,3,0,3
Efea,0,3,3
Efeçan,3,0,3
Efehi,0,3,3
Efekâân,3,0,3
Efelie,0,3,3
Efemé,0,3,3
Efemert,3,0,3
Efemwonkiekie,0,3,3
Efendy,3,0,3
Efenosose,3,0,3
Efeoghene,3,0,3
Efeosa,3,0,3
Eferay,3,0,3
Eferdina,0,3,3
Eferhard,3,0,3
Eferhardus,3,0,3
Efermoda,0,3,3
Efert,3,0,3
Efesio,3,0,3
Efezias,0,3,3
Effapanin,3,0,3
Effay,3,0,3
Effedy,3,0,3
Effelayne,0,3,3
Effeley,3,0,3
Effelino,3,0,3
Effellin,0,3,3
Effery,3,0,3
Effes,3,0,3
Effeta,0,3,3
Effhia,0,3,3
Effia,0,3,3
Effinia,0,3,3
Effja,3,0,3
Effort,3,0,3
Effraim,3,0,3
Effraïm,3,0,3
Effrem,3,0,3
Effren,3,0,3
Effrin,3,0,3
Effron,3,0,3
Efgenia,0,3,3
Efgeny,0,3,3
EFH,3,0,3
Efhemia,0,3,3
Efherson,3,0,3
Efhraim,3,0,3
Efhtimia,0,3,3
Efía,0,3,3
Efian,3,0,3
Eficia,0,3,3
Eficio,3,0,3
Efiël,0,3,3
Efiene,0,3,3
Efienus,3,0,3
Efife,0,3,3
Efigênia,0,3,3
Efilia,0,3,3
Efinus,3,0,3
Efiotu,0,3,3
Efisietta,0,3,3
Efisiucia,0,3,3
Efjé,3,0,3
Efjo,3,0,3
Efkân,3,0,3
Efken,0,3,3
Efla,0,3,3
Eflanur,0,3,3
Eflat,3,0,3
Eflatun,3,0,3
Eflfrieda,0,3,3
Eflinsu,0,3,3
Eflynn,0,3,3
EFM,3,0,3
Efnane,0,3,3
Efne,0,3,3
Efobomwanyahio,3,0,3
Efod,3,0,3
Efoé,3,0,3
Efoe,3,0,3
Efoea,0,3,3
Efomo,0,3,3
Efomon,0,3,3
Efonge,0,3,3
Efracia,0,3,3
Efrado,3,0,3
Efradoes,3,0,3
Efraem,3,0,3
Efraien,3,0,3
Efráim,3,0,3
Efraín,3,0,3
Efraína,0,3,3
Efraine,3,0,3
Efrando,3,0,3
Efranicha,0,3,3
Efrank,3,0,3
Efranthia,0,3,3
Efratha,3,0,3
Efratie,0,3,3
Efraüm,3,0,3
Efred,3,0,3
Efredy,3,0,3
Efreén,3,0,3
Efrèn,3,0,3
Efrëna,0,3,3
Efrengelly,0,3,3
Efréngerline,0,3,3
Efrenzjeeniek,0,3,3
Efresina,0,3,3
Efriam,3,0,3
Efrich,3,0,3
Efrida,0,3,3
Efriem,3,0,3
Efriën,3,0,3
Efril,3,0,3
Efrisilia,0,3,3
Efrom,3,0,3
Efrona,0,3,3
Efroni,3,0,3
Efronshina,0,3,3
Efronsina,0,3,3
Efrosin,0,3,3
Efrosyni,0,3,3
Efrouw,0,3,3
Efruardes,3,0,3
Efrûz,0,3,3
Efrym,3,0,3
Efsanur,0,3,3
Efsendiyar,3,0,3
Efstathea,0,3,3
Efstathian,0,3,3
Efstátios,3,0,3
Efsûn,3,0,3
Eftaleita,0,3,3
Eftalia,0,3,3
Efterpi,0,3,3
Efthalía,0,3,3
Eftichios,3,0,3
Efto,3,0,3
Eftychios,3,0,3
Eftygia,0,3,3
Efuia,3,0,3
Efurosi,3,0,3
Efva,0,3,3
Egadia,0,3,3
Egaël,3,0,3
Egaëniah,0,3,3
Egali,0,3,3
Egan-Ryan,3,0,3
Egas,3,0,3
Egaz,3,0,3
Egbadina,0,3,3
Egbal,0,3,3
Egbefumere,0,3,3
Egbèr,3,0,3
Egberda,0,3,3
Egberdien-Dirkje,0,3,3
Egberdieni,0,3,3
Egberdienko,3,0,3
Egberdinand,3,0,3
Egberdinant,3,0,3
Egberdines,3,0,3
Egberdini,0,3,3
Egberdino,3,0,3
Egberdiny,0,3,3
Egberht,3,0,3
Egberiena,0,3,3
Egberin,0,3,3
Egbernette,0,3,3
Egbert-Arend,3,0,3
Egbert-Gerhard,3,0,3
Egbert-Gerrit,3,0,3
Egbert-Harm,3,0,3
Egbert-Jacob,3,0,3
Egbert-Jeffrey,3,0,3
Egbert-junior,3,0,3
Egbert-Rob,3,0,3
Egbert-Roelof,3,0,3
Egbert-Willem,3,0,3
Egbert-Yoshua,3,0,3
Egbertdini,0,3,3
Egbertdinus,3,0,3
Egbertdiny,0,3,3
Egbertes,3,0,3
Egberthson,3,0,3
Egbertienke,0,3,3
Egbertines,3,0,3
Egbertinie,0,3,3
Egbertino,3,0,3
Egbertius,3,0,3
Egbertjen,0,3,3
Egbertrice,0,3,3
Egbertrientje,0,3,3
Egbertte,0,3,3
Egbertyna,0,3,3
Egbettina,0,3,3
Egbi,0,3,3
Egbina,0,3,3
Egbinie,0,3,3
Egbo,3,0,3
Egbona,3,0,3
Egbowon,3,0,3
EGC,3,0,3
Egco,3,0,3
Egdinand,3,0,3
Egdy,3,0,3
Ege-Karizma,3,0,3
Egedius,3,0,3
Egeen,3,0,3
Egeh,0,3,3
Eğehan,3,0,3
Egelantina,0,3,3
Egelberta,0,3,3
Egelia,0,3,3
Egeline,0,3,3
Egelius,3,0,3
Eğemen,3,0,3
Egenderick,3,0,3
Egenharta,0,3,3
Egenia,0,3,3
Egenie,0,3,3
Egenio,3,0,3
Egenolph,3,0,3
Egeon,3,0,3
Egerarda,0,3,3
Egerton,3,0,3
Egeryna,0,3,3
Egeunia,0,3,3
Egeunus,3,0,3
Egezio,3,0,3
Egfridus,3,0,3
Egfriedus,3,0,3
Eggar,3,0,3
Eggbert,3,0,3
Egge-Jan,3,0,3
Eggediena,0,3,3
Eggelena,0,3,3
Eggeliena,0,3,3
Eggelientje,0,3,3
Eggeric,3,0,3
Eggerk-Jan,3,0,3
Eggerline,0,3,3
Eggerton,3,0,3
Eggetta,0,3,3
Eggi,0,3,3
Eggolina,0,3,3
Egharevba,0,3,3
Eghbert,3,0,3
Eghemwanre,3,0,3
Egheomwanre,3,0,3
Egheosasere,3,0,3
Egherdine,0,3,3
Eghewenma,0,3,3
Eghiaruwa,0,3,3
Eghmont,3,0,3
Eghonghon-iye,3,0,3
Eghuosa,3,0,3
Egi,3,0,3
Egiabhase,0,3,3
Egiateta,3,0,3
Egîd,3,0,3
Egidea,0,3,3
Egiderus,3,0,3
Egidi,3,0,3
Egidiantelly,0,3,3
Egidieus,3,0,3
Egidiï,3,0,3
Egidion,3,0,3
Egidiu,3,0,3
Egidye,0,3,3
Egiedius,3,0,3
Egien,3,0,3
Egila,0,3,3
Egildo,3,0,3
Egilé,0,3,3
Egiliana,0,3,3
Egillia,0,3,3
Egillius,0,3,3
Egils,3,0,3
Egin,3,0,3
Eginhardt,3,0,3
Eginia,0,3,3
Eginio,3,0,3
Egino,3,0,3
Eginolf,3,0,3
Egiorjeny,0,3,3
Egiornic,3,0,3
Egisio,3,0,3
Egissippo,3,0,3
Eǵît,3,0,3
Egite,0,3,3
Egith,0,3,3
Egitta,0,3,3
Egitte,0,3,3
Egiudius,3,0,3
Egizabetta,0,3,3
Egizabettha,0,3,3
Eglaas,0,3,3
Eglantyne,0,3,3
Eglė,0,3,3
Eglé,0,3,3
Eglem,0,3,3
Eglentyne,0,3,3
Eglesiah,0,3,3
Egli,3,0,3
Eglinjo,3,0,3
Eglirianne,0,3,3
Eglona,0,3,3
Egmailis,0,3,3
Egmar,3,0,3
Egmarla,0,3,3
Egmen,3,0,3
Egmil,3,0,3
EGMTH,0,3,3
Egmundus,3,0,3
Egnaldo,3,0,3
Egnar,3,0,3
Egnazio,3,0,3
Egnis,0,3,3
Egnocinthia,0,3,3
Egnonam,0,3,3
Egoirchantely,0,3,3
Egold,3,0,3
Egolf,3,0,3
Egolina,0,3,3
Egom,3,0,3
Egon-Martijn,3,0,3
Egonda,0,3,3
Egonie,0,3,3
Egonius,3,0,3
Egonne,0,3,3
Egonni,0,3,3
Egons,3,0,3
Egonus,3,0,3
Egoretty,0,3,3
Egosha,0,3,3
Egretta,0,3,3
Egrid,0,3,3
Egrit,0,3,3
EGS,0,3,3
Egsberto,3,0,3
EGT,0,3,3
Egtberdina,0,3,3
Egtbertine,0,3,3
Egter,0,3,3
Egtrude,0,3,3
Eguasa,0,3,3
Eguia,0,3,3
Eguide,3,0,3
Eguine,0,3,3
Eguono,3,0,3
Eguonor,0,3,3
Eguy,3,0,3
Egward,3,0,3
Egwau,3,0,3
Egwène,0,3,3
Egwene,0,3,3
Egwina,0,3,3
Egwue,0,3,3
Egyda,0,3,3
Egyella,0,3,3
Egyewaah,0,3,3
Egyimah,0,3,3
Egzan,3,0,3
Ehaab,3,0,3
Ehaan,3,0,3
Ehat,3,0,3
Ehata,0,3,3
Ehdi,0,3,3
Ehe,0,3,3
Ehel,0,3,3
Ehianeta,0,3,3
Ehiaquina,3,0,3
Ehibhantie,3,0,3
Ehidiame,0,3,3
Ehighanorhia,3,0,3
Ehije,3,0,3
Ehil,3,0,3
Ehilelimhenkhian,0,3,3
Ehimare,3,0,3
Ehimen,3,0,3
Ehimika,3,0,3
Ehimwema,0,3,3
Ehinome,0,3,3
Ehinomwen,0,3,3
Ehioze,3,0,3
Ehiozelle,3,0,3
Ehireme,3,0,3
Ehirhemhen,3,0,3
Ehiuefume,0,3,3
Ehiwenma,3,0,3
Ehizemen,3,0,3
Ehizogie,0,3,3
Ehizokae,3,0,3
Ehlemiah,3,0,3
Ehlena,0,3,3
Ehléne,0,3,3
Ehlibeyt,3,0,3
Ehlicio,3,0,3
Ehlimana,0,3,3
Ehlimen,3,0,3
Ehlrick,3,0,3
Ehman,0,3,3
Ehmed,3,0,3
Ehmen,0,3,3
Ehod,0,3,3
Ehoghon,0,3,3
Ehouman,0,3,3
Ehralyn,0,3,3
Ehregott,3,0,3
Ehrenfrieda,0,3,3
Ehrengard,0,3,3
Ehrentraut,0,3,3
Ehret,0,3,3
Ehrhardt,3,0,3
Ehrig,3,0,3
Ehsa,3,0,3
Ehsaan-ul,3,0,3
Ehsaneh,0,3,3
Ehsanolla,3,0,3
Ehsas,0,3,3
Ehscha,0,3,3
Ehshan,3,0,3
Ehsmier,0,3,3
Ehsoena,0,3,3
Ehssane,0,3,3
Ehta,0,3,3
Ehtasham,3,0,3
Ehtem,3,0,3
Ehtimaad,0,3,3
Ehtisham,3,0,3
Ehtlien,0,3,3
Ehtline,0,3,3
Ehunse,3,0,3
Ehvan,3,0,3
Ehwald,3,0,3
Ehwalt,3,0,3
Ehwarda,0,3,3
Ehyeme,0,3,3
Eialinke,0,3,3
Eiba,0,3,3
Eibarta,0,3,3
Eibartha,0,3,3
Eibedina,0,3,3
Eibedine,0,3,3
Eibeke,0,3,3
Eibele,3,0,3
Eibelina,0,3,3
Eibeline,0,3,3
Eibellien,0,3,3
Eiberieke,0,3,3
Eiberline,0,3,3
Eibért,3,0,3
Eibert-Egbert,3,0,3
Eibèrte,0,3,3
Eiberthe,0,3,3
Eiberthien,3,0,3
Eibertjan,3,0,3
Eiberto,3,0,3
Eibertyne,0,3,3
Eibetje,0,3,3
Eibhear,3,0,3
Eibhlín,0,3,3
Eibregje,0,3,3
Eibttesam,0,3,3
Eidermark,3,0,3
Eidha,0,3,3
Eidie,0,3,3
Eidijana,0,3,3
Eidimir,3,0,3
Eidine,0,3,3
Eidis,0,3,3
Eidison,3,0,3
Eidlet,0,3,3
Eido,3,0,3
Eiesrom,3,0,3
Eiffel,0,3,3
Eifiena,0,3,3
Eigbertha,0,3,3
Eigbertje,0,3,3
Eiger,3,0,3
Eigert,3,0,3
Eighleen,0,3,3
Eighlin,0,3,3
Eight,0,3,3
Eigiena,0,3,3
Eigil,3,0,3
Eigke,0,3,3
Eihlinn,0,3,3
Eihtel,3,0,3
Eij,0,3,3
Eijah,3,0,3
Eijalina,0,3,3
Eijans,3,0,3
Eijbelina,0,3,3
Eijbertha,0,3,3
Eijbertje,0,3,3
Eijck,3,0,3
Eijdina,0,3,3
Eijes,3,0,3
Eijgbert,3,0,3
Eijldert,3,0,3
Eijlert,3,0,3
Eijllert,3,0,3
Eijmée,0,3,3
Eijmeke,0,3,3
Eijmen,3,0,3
Eijmertje,0,3,3
Eijmgard,0,3,3
Eijnnert,3,0,3
Eijreen,0,3,3
Eijtine,0,3,3
Eijwan,3,0,3
Eikbertha,0,3,3
Eikiena,0,3,3
Eikine,0,3,3
Eikraam,0,3,3
Eila-Kristina,0,3,3
Eilab,3,0,3
Eilam,3,0,3
Eilán,0,3,3
Eilantha,0,3,3
Eilardina,0,3,3
Eilaria,0,3,3
Eilberta,0,3,3
Eilda,0,3,3
Eilder,3,0,3
Eilders,3,0,3
Eildertine,0,3,3
Eilderts,3,0,3
Eildina,0,3,3
Eiléanóir,0,3,3
Eiledon,0,3,3
Eilen,0,3,3
Eiléne,0,3,3
Eilerdiena,0,3,3
Eilerdina,0,3,3
Eilertjedina,0,3,3
Eileyna,0,3,3
Eilhard,3,0,3
Eilhlin,0,3,3
Eilida,0,3,3
Eilijn,0,3,3
Eilin,0,3,3
Eilinna,0,3,3
Eilinora,0,3,3
Eilisa,0,3,3
Eilisch,0,3,3
Eilíse,0,3,3
Eiliv,3,0,3
Eiljas,3,0,3
Eilka,0,3,3
Eilkiena,0,3,3
Eilkje,0,3,3
Eilkolina,0,3,3
Eilkoline,0,3,3
Eillebrecht,3,0,3
Eillen,0,3,3
Eilliyah,0,3,3
Eilmerik,3,0,3
Eilonwy,0,3,3
Eiloreen,0,3,3
Eilruth,3,0,3
Eils,3,0,3
Eiltco,3,0,3
Eiltdina,0,3,3
Eily,0,3,3
Eilys,0,3,3
Eilzabeth,0,3,3
Eimad,3,0,3
Eimard,3,0,3
Eimarda,0,3,3
Eimardus,3,0,3
Eimart,3,0,3
Eimbartha,0,3,3
Eimein,0,3,3
Eimeke,0,3,3
Eimerdinus,3,0,3
Eimerieke,0,3,3
Eimerik,3,0,3
Eimertina,0,3,3
Eimertine,0,3,3
Eimertinus,3,0,3
Eimi,0,3,3
Eimiera,0,3,3
Eimkje,0,3,3
Eimo,3,0,3
Eimy,0,3,3
Ein,0,3,3
Einac,3,0,3
Einari,3,0,3
Einat,0,3,3
Einaudi,3,0,3
Einav,0,3,3
Einberdina,0,3,3
Einbertus,3,0,3
Eingelke,3,0,3
Eingfah,0,3,3
Einice,3,0,3
Einin,0,3,3
Einis,3,0,3
Einïu,0,3,3
Einmary,0,3,3
Einrí,3,0,3
Einstein,3,0,3
Eintemaxemilium,3,0,3
Einténiës,3,0,3
Einya,0,3,3
Einzegie,0,3,3
Eipie,0,3,3
Eira-Marie,0,3,3
Eiralill,0,3,3
Eirean,0,3,3
Eirelien,0,3,3
Eiréne,0,3,3
Eireny,0,3,3
Eiric,3,0,3
Eiríkr,3,0,3
Eirny,0,3,3
Eiryanne,0,3,3
Eirynn,0,3,3
Eïsa,3,0,3
Eisam,3,0,3
Eisbrand,3,0,3
Eischa,0,3,3
Eische,0,3,3
Eise-Hendrik,3,0,3
Eise-Peter,3,0,3
Eise-Rhoode,0,3,3
Eise-Sjoerd,3,0,3
Eisebius,3,0,3
Eiselijn,0,3,3
Eisen,3,0,3
Eisengy,0,3,3
Eisha,0,3,3
Eïsha,0,3,3
Eishalien,0,3,3
Eishmeet,3,0,3
Eisientje,0,3,3
Eisilvo,3,0,3
Eisinus,3,0,3
Eisjen,0,3,3
Eiskelina,0,3,3
Eisora,0,3,3
Eisosa,0,3,3
Eissai,3,0,3
Eissawy,0,3,3
Eisse-Jan,3,0,3
Eisse-Marten,3,0,3
Eisseliena,0,3,3
Eisselijne,0,3,3
Eisseline,0,3,3
Eissella,0,3,3
Eissenius,3,0,3
Eissientje,0,3,3
Eisze,3,0,3
Eiszelina,0,3,3
Eit-Jan,3,0,3
Eitel-Friedrich,3,0,3
Eitelien,0,3,3
Eitelijne,0,3,3
Eitelina,0,3,3
Eithne,0,3,3
Eiti,0,3,3
Eitiena,0,3,3
Eitienne,3,0,3
Eitret,0,3,3
Eittina,0,3,3
Eiven,3,0,3
Eivie,0,3,3
Eivy,0,3,3
Eiya,0,3,3
Eiyob,3,0,3
Eizatuallah,3,0,3
Eizaz,3,0,3
Eize-Albert,3,0,3
Eize-Fokke,3,0,3
Eizebius,3,0,3
Eizemina,0,3,3
Eizes,3,0,3
Ejaaz,3,0,3
Ejae,3,0,3
Ejah,0,3,3
Ejaiah,0,3,3
Ejamo,3,0,3
Ejanne,0,3,3
Ejau,3,0,3
Ejayie,0,3,3
Ejayra,0,3,3
EJD,0,3,3
Ejda,0,3,3
Ejdar,3,0,3
EJE,3,0,3
Ejegor,0,3,3
Ejehiekhin,0,3,3
Ejemeare,3,0,3
Ejemen,0,3,3
Ejemite,0,3,3
Ejetta,0,3,3
Ejeytar,3,0,3
EJF,0,3,3
EJG,0,3,3
Ejgill,3,0,3
Ejieke,3,0,3
Ejighe,3,0,3
Ejike,3,0,3
Ejilay,3,0,3
Ejim,3,0,3
Ejin,3,0,3
Ejiro-Oghene,3,0,3
Ejiroghena,0,3,3
Ejirooghene,0,3,3
Ejita,0,3,3
Ejituru,3,0,3
EJJD,3,0,3
Ejler,3,0,3
Ejma,0,3,3
Ejner,3,0,3
Ejnur,0,3,3
Ejob,3,0,3
Ejoeb,3,0,3
Ejoël,3,0,3
Ejon,3,0,3
Ejora,3,0,3
Ejouwoghene,3,0,3
Ejsmund,3,0,3
EJV,3,0,3
Ejvet,3,0,3
EJW,0,3,3
Eka-Chai,3,0,3
Ekad,3,0,3
Ekadesia,0,3,3
Ekadina,0,3,3
Ekahmpreet,3,0,3
Ekaitz,3,0,3
Ekaliena,0,3,3
Ekalina,0,3,3
Ekamber,3,0,3
Ekamdeep,3,0,3
Ekampreet,0,3,3
Ekamvir,3,0,3
Ekanand,3,0,3
Ekang,0,3,3
Ekanga,3,0,3
Ekansh,3,0,3
Ekaputri,0,3,3
Ekaraat,3,0,3
Ekarat,3,0,3
Ekata,0,3,3
Ekatarine,0,3,3
Ekatarini,0,3,3
Ekatha,3,0,3
Ekathina,0,3,3
Ekatirini,0,3,3
Ekbal,0,3,3
Ekbert,3,0,3
Ekeke,3,0,3
Ekele,3,0,3
Ekeleba,0,3,3
Ekeledilichukwu,3,0,3
Ekeledirichukwu,3,0,3
Ekelene,0,3,3
Ekélien,0,3,3
Ekelyne,0,3,3
Ekemakhome,3,0,3
Ekemeke,3,0,3
Ekendra,3,0,3
Ekenedilichukwu,3,0,3
Ekeoma,3,0,3
Ekerina,0,3,3
Ekhakpitan,0,3,3
Ekhardt,3,0,3
Ekhi,0,3,3
Ekhio,3,0,3
Ekhlass,0,3,3
Ekhoeorose,0,3,3
Ekhorose,3,0,3
Ekide,0,3,3
Ekighawogho,0,3,3
Ekima,0,3,3
Ekinsu,0,3,3
Ekiomado,0,3,3
Ekipa,0,3,3
Ekiyemoyi,3,0,3
Ekkaline,0,3,3
Ekkelak,3,0,3
Ekkerhard,3,0,3
Ekki,0,3,3
Eklavina,0,3,3
Ekleopas,3,0,3
Ekleyopas,3,0,3
Eklimya,0,3,3
Eklish,3,0,3
Eklovina,0,3,3
Eklund,3,0,3
Ekmatollah,3,0,3
Ekmen,3,0,3
Eknathdew,3,0,3
Eknoor,3,0,3
Ekoko,0,3,3
Ekolestari,0,3,3
Ekolien,0,3,3
Ekoma,3,0,3
Ekraamhoesein,3,0,3
Ekrame,0,3,3
Ekrem-Said,3,0,3
Ekrima,3,0,3
Ekris,3,0,3
Ekron,3,0,3
Eksimar,0,3,3
Eksterlina,0,3,3
Ektha,0,3,3
Eku,0,3,3
Ekuase,3,0,3
Ekue,3,0,3
Ekuwa,0,3,3
Ekwama,0,3,3
Ekwan,0,3,3
Ekward,3,0,3
Ekwia,0,3,3
Ekwutosi,0,3,3
El'ain,0,3,3
El'azar,3,0,3
El'genneallée,0,3,3
El'gero,3,0,3
El'ginea,0,3,3
El'Hassan,3,0,3
El'Hassani,0,3,3
El'jah,3,0,3
El'Jero,3,0,3
El'Joraino,3,0,3
El'Josha,0,3,3
El'va,0,3,3
El'yada,0,3,3
El-,0,3,3
El-Awady,3,0,3
El-Azim,3,0,3
El-Baaz,3,0,3
El-Bachir,3,0,3
El-bader,0,3,3
El-Banna,0,3,3
El-Batoul,0,3,3
El-Beşir,3,0,3
El-Dawoudy,3,0,3
El-Décharo,3,0,3
El-Djazaïri,3,0,3
El-Djiro,3,0,3
El-Djoenai,3,0,3
El-Donai,0,3,3
El-eazar,3,0,3
El-Elyon,0,3,3
El-Emin,3,0,3
El-Fatah,0,3,3
El-Frieda,0,3,3
El-Gibbor,3,0,3
el-Habib,3,0,3
El-Hadi,3,0,3
El-Halim,0,3,3
El-Hallaj,3,0,3
el-Hamdy,3,0,3
El-hoda,0,3,3
El-hossayn,3,0,3
el-Houda,0,3,3
El-Hussein,3,0,3
El-inâ,0,3,3
El-Jada,0,3,3
El-Jahsea,3,0,3
El-Jaïro,3,0,3
El-Jairo,3,0,3
El-Jareau,3,0,3
El-jaymar,3,0,3
El-Jaymar,3,0,3
El-Jero,3,0,3
El-jero,3,0,3
El-Jorai,3,0,3
El-Kadi,0,3,3
El-Kamla,0,3,3
El-Kettani,3,0,3
El-Khair,0,3,3
El-Khalek,0,3,3
El-Khamssa,0,3,3
El-Khattab,0,3,3
El-Lõyh,3,0,3
EL-Lyona,0,3,3
El-Mahdi,3,0,3
El-Maria,0,3,3
El-Mayra,0,3,3
El-Mehdi,3,0,3
El-Mohsen,0,3,3
El-Mokhtar,3,0,3
El-Nadiem,3,0,3
El-Nahas,3,0,3
El-Niarô,3,0,3
El-Raazy,3,0,3
El-Rachid,3,0,3
El-Rahim,3,0,3
El-Raouf,3,0,3
El-Rehim,3,0,3
El-Ro-Jahvenynio,3,0,3
El-Romeo,3,0,3
El-Sadek,3,0,3
El-Samaual,3,0,3
El-Shadai,3,0,3
El-Shadája,0,3,3
El-Shaddaï,3,0,3
El-shaddaï,3,0,3
El-shaddai,0,3,3
El-Shadday,0,3,3
El-Shaddia,3,0,3
El-Shakur,3,0,3
El-Shams,3,0,3
El-Shaynon,3,0,3
El-Taib,0,3,3
El-Walid,3,0,3
El-yah,0,3,3
El-Yaira,0,3,3
El-Yanae,0,3,3
El-yanea,0,3,3
El-Yarique,3,0,3
El-Yon,3,0,3
El-Zahraä,0,3,3
El-Ziyad,3,0,3
El-Zohra,0,3,3
El.Hadji,3,0,3
Elă,0,3,3
Ela-Noé,0,3,3
Ela-zoë,0,3,3
Elaaf,0,3,3
Elaaiyza,0,3,3
Elaay,0,3,3
Elabdin,3,0,3
Elabedien,3,0,3
Elabid,3,0,3
Elackiya,0,3,3
Eladier,3,0,3
Eladis,3,0,3
Eladje,3,0,3
Eladji,3,0,3
Eladmi,0,3,3
Elaena,0,3,3
Elaëshia,0,3,3
Elagregor,3,0,3
Elâh,0,3,3
elah,3,0,3
Elah-Vickson,3,0,3
Elahah,0,3,3
Elahattin,3,0,3
Elahjero,3,0,3
Elahn,3,0,3
Elai-jah,3,0,3
Elaï-Novell,3,0,3
Elaïa,0,3,3
Elaïah,3,0,3
Elaicha,0,3,3
Elaichero,3,0,3
Elaid,3,0,3
Elaïd,3,0,3
Elaida,0,3,3
Elaidi,0,3,3
Elaidy,0,3,3
Elaifa,0,3,3
Elaihja,3,0,3
Elaij,3,0,3
Elaïjah,3,0,3
Elaìjhah,3,0,3
Elaijoh,3,0,3
Elain-Manon,0,3,3
Elaíne,0,3,3
Elâine,0,3,3
Elaîne,0,3,3
Elàine,0,3,3
Elaine-Leene,0,3,3
Elainie,0,3,3
Elainna,0,3,3
Elaino,3,0,3
Elainqia,0,3,3
Elainsa,0,3,3
Elainya,0,3,3
Elaionas,0,3,3
Elaisar,3,0,3
Elaïsha,0,3,3
Elaishandro,3,0,3
Elaisio,3,0,3
Elaisja,3,0,3
Eláisyah,0,3,3
Elaitchia,0,3,3
Elaithia,0,3,3
Elaiy,3,0,3
Elaiyeni,0,3,3
Elaiyo,3,0,3
Elaizha,0,3,3
Elaja,0,3,3
Elajas,3,0,3
Elakbar,3,0,3
Elakkia,0,3,3
Elakseka,0,3,3
Elaktahat,3,0,3
Elalia,0,3,3
Elamien,3,0,3
Elamine,3,0,3
Elanabeth,0,3,3
Elanany,3,0,3
Elanâs,0,3,3
Elânaz,0,3,3
Elancho,3,0,3
Elandi,3,0,3
Elandina,0,3,3
Elandra,0,3,3
Elandro,3,0,3
Elang,3,0,3
Elanga,0,3,3
Elango,3,0,3
Elanicia,0,3,3
Elaniek,0,3,3
Elanique,0,3,3
Elanir,0,3,3
Elaniya,0,3,3
Elanja,0,3,3
Elanjay,3,0,3
Elanoar,0,3,3
Elansjely,0,3,3
Elansjently,3,0,3
Elant,3,0,3
Elănur,0,3,3
Elanür,0,3,3
Elanur-Sophia,0,3,3
Elanurcan,0,3,3
Elanya,0,3,3
Elanyo,3,0,3
Elar,3,0,3
Elardo,3,0,3
Elarya,0,3,3
Elasah,3,0,3
Elasghar,3,0,3
Elashrey,3,0,3
Elaster,3,0,3
Elastine,0,3,3
Elat,0,3,3
Elatérius,3,0,3
Elath,3,0,3
Elatries,3,0,3
Elau,3,0,3
Elaudine,0,3,3
Elaudt,3,0,3
Elaura,0,3,3
Elaventhan,3,0,3
Elavita,0,3,3
Elawise,0,3,3
Elay-Jah,3,0,3
Eläya,0,3,3
Elayaraj,3,0,3
Elayda,0,3,3
Elaydia,0,3,3
Elaydjah,3,0,3
Elaye,3,0,3
Elayga,0,3,3
Elayhia,3,0,3
Elayis,3,0,3
Elayisa,0,3,3
Elaynio,3,0,3
Elayra,0,3,3
Elayshia,0,3,3
Elaysho,3,0,3
Elayssa,0,3,3
Elayzah,0,3,3
Elaz,3,0,3
Elazaro,3,0,3
Elazim,0,3,3
Elbahia,0,3,3
Elbakkay,3,0,3
Elbareth,3,0,3
Elbarino,3,0,3
Elbarth,0,3,3
Elbatın,3,0,3
Elbatoul,0,3,3
Elbekkay,3,0,3
Elbekkey,3,0,3
Elben,3,0,3
Elbente,0,3,3
Elbér,3,0,3
Elberd,3,0,3
Elberdien,0,3,3
Elberdinus,3,0,3
Elberik,3,0,3
Elbern,3,0,3
Elberr,0,3,3
Elbért,3,0,3
Elbèrt,3,0,3
Elbert-timo,3,0,3
Elbert-Willem,3,0,3
Elbertes,3,0,3
Elberth-Wim,3,0,3
Elberthje,0,3,3
Elbertien,0,3,3
Elbertiene,0,3,3
Elbertjen,0,3,3
Elbertte,0,3,3
Elberttine,0,3,3
Elbery,0,3,3
Elbey-oğlu,3,0,3
Elbian,3,0,3
Elbin,3,0,3
Elbrand,3,0,3
Elbrechta,0,3,3
Elbridge,3,0,3
Elbrigt,0,3,3
Elbring,0,3,3
Elbrus,3,0,3
Elbulen,3,0,3
Elburg,0,3,3
ELC,0,3,3
Elcania,0,3,3
Elcano,3,0,3
Elcelena,0,3,3
Elcelisio,3,0,3
Elchendrick,3,0,3
Elcheny,0,3,3
Elchiena,0,3,3
Elchiëra,0,3,3
Elchin,3,0,3
Elchina,0,3,3
Elci,0,3,3
Elcia,0,3,3
Elciano,3,0,3
Elçican,3,0,3
Elcie,0,3,3
Elciena,0,3,3
Elcim,0,3,3
Elcinda,0,3,3
Elcinisha,0,3,3
Elciopas,3,0,3
Elcka,0,3,3
Elcker,3,0,3
Elcla,3,0,3
Elclaira,0,3,3
Elcoline,0,3,3
Elcon,3,0,3
Elcuete,3,0,3
Elcuterio,3,0,3
Eldaä,3,0,3
Eldaat,3,0,3
Eldad-Jan,3,0,3
Eldan,3,0,3
Eldard,3,0,3
Eldarovich,3,0,3
Eldat,3,0,3
Eldean,3,0,3
Eldefonsis,0,3,3
Eldeltruda,0,3,3
Eldem,3,0,3
Eldemiro,3,0,3
Eldena,0,3,3
Elderick,3,0,3
Elderien,3,0,3
Elderman,3,0,3
Eldermira,0,3,3
Eldernijat,3,0,3
Elderoy,3,0,3
Elderson,3,0,3
Eldert-Jan,3,0,3
Elderttine,0,3,3
Eldes,3,0,3
Eldesoky,3,0,3
Eldgerinio,3,0,3
Eldgin,3,0,3
Eldia,0,3,3
Eldiane,0,3,3
Eldick,3,0,3
Eldik,3,0,3
Eldín,3,0,3
Eldinaysha,0,3,3
Elding,3,0,3
Eldiñio,3,0,3
Eldinya,0,3,3
Eldira,0,3,3
Eldjahda,3,0,3
Eldjarah,0,3,3
Eldjarino,3,0,3
Eldjaro,3,0,3
Eldjee,3,0,3
Eldjenay,3,0,3
Eldjenne-Elsjéra,0,3,3
Eldjero,3,0,3
Eldjey,0,3,3
Eldjifa,0,3,3
Eldjin,3,0,3
Eldjiro,3,0,3
Eldmira,0,3,3
Eldomar,3,0,3
Eldoron,3,0,3
Eldorus,3,0,3
Eldrek,3,0,3
Eldren,3,0,3
Eldreny,3,0,3
Eldréson,3,0,3
Eldreyñina,0,3,3
Eldri,3,0,3
Eldriana,0,3,3
Eldrichd,3,0,3
Eldriche,3,0,3
Eldrichmar,3,0,3
Eldrickson,3,0,3
Eldridg,3,0,3
Eldriec,3,0,3
Eldrigde,3,0,3
Eldrige,3,0,3
Eldright,3,0,3
Eldrik,3,0,3
Eldrikaz,3,0,3
Eldrine,3,0,3
Eldritch,3,0,3
Eldriyon,3,0,3
Elduardo,3,0,3
Eldwiena,0,3,3
Ele'ynne,0,3,3
Eleá,0,3,3
Elea-Nore,0,3,3
Eleaas,3,0,3
Eleacim,3,0,3
Eleáh,0,3,3
Eleajah,0,3,3
Eléan,3,0,3
Eleanara,0,3,3
Eleandra,0,3,3
Eléane,0,3,3
Eleaner,0,3,3
Eleann,0,3,3
Eléanne,0,3,3
Eleannora,0,3,3
Eléanor-Jane,0,3,3
Eleanor-Rose,0,3,3
Eleanora-Chloé,0,3,3
Eléanore,0,3,3
Elearda,0,3,3
Eléas,3,0,3
Eleasa,0,3,3
Eleasah,3,0,3
Eleasar,3,0,3
Elease,0,3,3
Eleaz,3,0,3
Eléaz,3,0,3
Eleaza,3,0,3
Eleázar,3,0,3
Elëazar,3,0,3
Eleazaro,3,0,3
Elëazer,3,0,3
Elebartus,3,0,3
Elebertes,3,0,3
Elebertha,0,3,3
Elec,3,0,3
Elechina,0,3,3
Electi,0,3,3
Electo,3,0,3
Elee,0,3,3
Eleeah,0,3,3
Eleefa,0,3,3
Eleele,0,3,3
Eleën,0,3,3
Eleesio,3,0,3
Eleeza,0,3,3
Elef,3,0,3
Elefelet,3,0,3
Eleftaria,3,0,3
Elefthéria,0,3,3
Elefthérios,3,0,3
Elegast,3,0,3
Eleghosa,0,3,3
Elegienus,3,0,3
Elegio,3,0,3
Elegito,3,0,3
Elegius,3,0,3
Elegua,3,0,3
Elegy,0,3,3
Eleho,0,3,3
Elei,3,0,3
Eleï,3,0,3
Eleias,3,0,3
Eleidja,0,3,3
Eleijah,0,3,3
Eleijn,0,3,3
Eleijne,0,3,3
Eleily,0,3,3
Elein,0,3,3
Eleio,3,0,3
Eleis,3,0,3
Eleisah,0,3,3
Eleithea,0,3,3
Eleizer,3,0,3
Elejan,3,0,3
Elejante,0,3,3
Elejenora,0,3,3
Elejna,0,3,3
Elejon,0,3,3
Elekta,3,0,3
Elela,0,3,3
Eleleth,0,3,3
Elelyone,3,0,3
Elemar,3,0,3
Elemèr,3,0,3
Elemer,3,0,3
Elemier,3,0,3
Elemina,0,3,3
Elemira,0,3,3
Elemout,0,3,3
Elena-Anna,0,3,3
Elena-Doorke,0,3,3
Elena-Felien,0,3,3
Elena-Jaëly,0,3,3
Eléna-Jean,0,3,3
Elena-Joy,0,3,3
Elena-Norah,0,3,3
Elena-Stasja,0,3,3
Elenae,0,3,3
Elenamargriet,0,3,3
Elenani,3,0,3
Elenard,3,0,3
Elenarina,0,3,3
Elend,3,0,3
Elené,0,3,3
Elènè,0,3,3
Eleneora,0,3,3
Eleni-Dominique,0,3,3
Elenice,0,3,3
Elenieke,0,3,3
Elenin,0,3,3
Elenion,3,0,3
Elenka,0,3,3
Elènne,0,3,3
Elenny,0,3,3
Elénny,0,3,3
Elennya,0,3,3
Elenoare,0,3,3
Elenoir,3,0,3
Elenonora,0,3,3
Elënora,0,3,3
Elénorah,0,3,3
Elenóre,0,3,3
Elensia,0,3,3
Elentheria,0,3,3
Elény,0,3,3
Eleodor,3,0,3
Eleodoro,3,0,3
Eleoïse,0,3,3
Eléon,3,0,3
Eléöna,0,3,3
Eleondis,3,0,3
Eleonera,0,3,3
Eleoni,0,3,3
Eléonne,0,3,3
Eleonne,0,3,3
Eleonoir,0,3,3
Eleonoire,0,3,3
Eleonoora,0,3,3
Elèonora,0,3,3
Eleonora-Mei,0,3,3
Eleonora-Yolanda,0,3,3
Eléonorah,0,3,3
Eleonord,0,3,3
Eleonoré,0,3,3
Eléonore-Elise,0,3,3
Eleonore-Joanna,0,3,3
Eleonorma,0,3,3
Eleonova,0,3,3
Eleony,0,3,3
Eleor,3,0,3
Eleore,3,0,3
Eleorieke,0,3,3
Eleorine,0,3,3
Eleos,3,0,3
Elephtherios,3,0,3
Eleria,0,3,3
Elerie,0,3,3
Elerin,3,0,3
Elerius,3,0,3
Elery,3,0,3
Elesa,0,3,3
Elésabeth,0,3,3
Elesabeth,0,3,3
Elesh,3,0,3
Elèshja,0,3,3
Elesio,3,0,3
Elesius,3,0,3
Elesse,3,0,3
Elesta,0,3,3
Eleste,0,3,3
Elester,3,0,3
Elestra,0,3,3
Elestrina,0,3,3
Elesya,0,3,3
Eleta,0,3,3
Eletair,3,0,3
Eleterio,3,0,3
Elethu,3,0,3
Elettha,0,3,3
Eleunora,0,3,3
Eleussa,0,3,3
Eleuterus,3,0,3
Elev,3,0,3
Elevânia,0,3,3
Elevi,3,0,3
Elevyan,3,0,3
Elewa,3,0,3
Elex,3,0,3
Elexis,0,3,3
Elexteeria,0,3,3
Elexy,0,3,3
Eley,3,0,3
Eleya,0,3,3
Eleyah,0,3,3
Eleyas,3,0,3
Eleygha,0,3,3
Eleyn,0,3,3
Eleyra,0,3,3
Eleyse,0,3,3
Eleysha,0,3,3
Eleza,0,3,3
Elezia,0,3,3
Eleziana,0,3,3
Eleziário,3,0,3
Eleziër,3,0,3
Elezina,0,3,3
Elfaira,0,3,3
Elfairo,3,0,3
Elfaki,3,0,3
Elfana,0,3,3
Elfarai,3,0,3
Elfaray,3,0,3
Elfarouq,3,0,3
Elfattah,3,0,3
Elfe,0,3,3
Elfeli,0,3,3
Elfeline,0,3,3
Elfera,0,3,3
Elferina,0,3,3
Elfey,0,3,3
Elffin,3,0,3
Elfhi,0,3,3
Elfide,0,3,3
Elfientje,0,3,3
Elfiera,0,3,3
Elfinia,0,3,3
Elfinn,3,0,3
Elfinus,3,0,3
Elfirdouas,0,3,3
Elfirus,3,0,3
Elfke,0,3,3
Elfledah,0,3,3
Elfnesh,0,3,3
Elford,3,0,3
Elfrajo,3,0,3
Elfrani,0,3,3
Elfrat,3,0,3
Elfrede,0,3,3
Elfreida,0,3,3
Elfric,3,0,3
Elfrick,3,0,3
Elfrido,3,0,3
Elfrids,3,0,3
Elfriède,0,3,3
Elfriene,0,3,3
Elfriet,3,0,3
Elfrike,0,3,3
Elfrim,3,0,3
Elfrisha,0,3,3
Elfrun,0,3,3
Elfstan,3,0,3
Elftherie,0,3,3
Elfynisha,0,3,3
Elfystiani,0,3,3
Elg,3,0,3
ELG,0,3,3
Elgallia,0,3,3
Elgara,0,3,3
Elgard,0,3,3
Elgelino,3,0,3
Elgenaï,3,0,3
Elgendi,3,0,3
Elgendy,3,0,3
Elgenique,0,3,3
Elgera,0,3,3
Elgereau,3,0,3
Elgerica,0,3,3
Elgerick,3,0,3
Elgersma,3,0,3
Elgfried,3,0,3
Elghali,3,0,3
Elghalia,0,3,3
Elghalil,3,0,3
Elghannam,0,3,3
Elghayam,3,0,3
Elghinio,3,0,3
Elghouti,3,0,3
Elgi,0,3,3
Elgianni,3,0,3
Elgiënne,0,3,3
Elgienus,3,0,3
Elgifary,3,0,3
Elgiien,3,0,3
Elgino,3,0,3
Elginus,3,0,3
Elginy,3,0,3
Elgio,3,0,3
Elgiomar,3,0,3
Elgion,3,0,3
Elgiroy,3,0,3
Elgita,0,3,3
Elgitha,0,3,3
Elgivaro,3,0,3
Elgonde,0,3,3
Elgrace,0,3,3
Elgrada,0,3,3
Elgrid,0,3,3
Elgrin,0,3,3
Elgritta,0,3,3
Elguzali,3,0,3
Elgymar,3,0,3
Elgyno,3,0,3
Elgyon,3,0,3
Elha,0,3,3
Elhaarith,3,0,3
Elhak,3,0,3
Elhamida,0,3,3
Elharun,3,0,3
Elhassane,3,0,3
Elhassen,3,0,3
Elhawari,3,0,3
Elhea,0,3,3
Elhiraak,0,3,3
Elho,0,3,3
Elhoda,0,3,3
Elhoeda,0,3,3
Elhoucine,3,0,3
Elhousine,3,0,3
Elhoussine,3,0,3
Elhussein,3,0,3
Elhys,0,3,3
Eli'ezer,3,0,3
Eli-Ann,0,3,3
Eli-Anne,0,3,3
Eli-Boaz,3,0,3
Eli-Evian,3,0,3
Eli-Faizel,3,0,3
Eli-jah,3,0,3
Eli-James,3,0,3
Eli-Janne,0,3,3
Eli-Jano,3,0,3
Eli-Jay,0,3,3
Eli-Jayh,3,0,3
Eli-Jin,3,0,3
Eli-Joah,3,0,3
Eli-joy,0,3,3
Eli-May,0,3,3
Eli-Prince,3,0,3
Eli-Rose,0,3,3
Eli-Xavi,3,0,3
Eli-yah,3,0,3
Elïa,0,3,3
Eliá,0,3,3
Elia-Esaie,3,0,3
Eliaane,0,3,3
Eliaass,3,0,3
Eliades,3,0,3
Eliador,3,0,3
Elíah,3,0,3
Elïah,3,0,3
Eliah-Kilani,3,0,3
Eliahs,3,0,3
Eliaja-,0,3,3
Elial,3,0,3
Eliala,0,3,3
Eliamani,0,3,3
Eliamara,0,3,3
Eliamo,3,0,3
Eliamore,0,3,3
Elían,3,0,3
Elïan,3,0,3
Elian-Amanda,0,3,3
Elian-Erkens,3,0,3
Elianca,0,3,3
Eliance,0,3,3
Eliander,3,0,3
Eliando,3,0,3
Elianey,0,3,3
Elianie,0,3,3
Eliànne,0,3,3
Elianne-marie,0,3,3
Elianneke,0,3,3
Eliannis,0,3,3
Elianó,3,0,3
Eliano-Luca,3,0,3
Elianóra,0,3,3
Elianos,3,0,3
Elianshely,0,3,3
Elianta,0,3,3
Eliante,0,3,3
Elianti,0,3,3
Eliantine,0,3,3
Elianto,3,0,3
Elianys,0,3,3
Elianyse,0,3,3
Eliaquím,3,0,3
Eliar,3,0,3
Eliarie,0,3,3
Eliart,3,0,3
Eliäs,3,0,3
Eliás,3,0,3
Eliáš,3,0,3
Elias-Ali,3,0,3
Elias-Jo,3,0,3
Eliasa,0,3,3
Eliasabdulbais,3,0,3
Eliasabeth,0,3,3
Eliasaf,3,0,3
Eliasmiquel,3,0,3
Eliasser,3,0,3
Eliasz-Devereux,3,0,3
Eliata,0,3,3
Eliathe,0,3,3
Eliatzer,3,0,3
Eliayah,0,3,3
Eliaza,0,3,3
Eliäzer,3,0,3
Eliazia,0,3,3
Elibe,0,3,3
Eliberthy,0,3,3
Eliberto,3,0,3
Elibet,3,0,3
Eliçe,0,3,3
Elicey,3,0,3
Elichora,0,3,3
Elichoref,3,0,3
Eliciano,3,0,3
Eliciantha,0,3,3
Eliciën,0,3,3
Eliciënna,0,3,3
Eliciño,3,0,3
Elick,3,0,3
Elicus,3,0,3
Elicya,0,3,3
Elid,3,0,3
Elidacia,0,3,3
Elidah,0,3,3
Elidé,0,3,3
Elidea,0,3,3
Elidh,0,3,3
Elidie,0,3,3
Eliditty,0,3,3
Elidius,3,0,3
Elidjay,3,0,3
Elidjo,3,0,3
Elidor,3,0,3
Elieana,0,3,3
Elieas,3,0,3
Elieata,0,3,3
Eliebert,3,0,3
Elieen,0,3,3
Eliëes,3,0,3
Elieëzer,3,0,3
Eliefah,0,3,3
Eliejanus,3,0,3
Eliek,0,3,3
Elieka,0,3,3
Elielle,0,3,3
Eliëlza,0,3,3
Elièlza,0,3,3
Eliën,0,3,3
Elienai,0,3,3
Elienaï,3,0,3
Eliéne,0,3,3
Eliène,0,3,3
Elienelle,0,3,3
Elienje,0,3,3
Eliënna,0,3,3
Elienora,0,3,3
Eliënora,0,3,3
Eliënrik,3,0,3
Elieo,3,0,3
Eliès,3,0,3
Eliës,3,0,3
Elies-Anne,0,3,3
Eliesabecht,0,3,3
Eliesabertus,3,0,3
Eliesabetha,0,3,3
Eliesebet,0,3,3
Eliesebeth,0,3,3
Eliëser,3,0,3
Eliesja,0,3,3
Eliesjeanne,0,3,3
Elieska,0,3,3
Eliess,3,0,3
Eliesse,0,3,3
Eliet,0,3,3
Eliët,0,3,3
Eliète,0,3,3
Elietsoer,3,0,3
Eliètte,0,3,3
Elieva,0,3,3
Eliez,3,0,3
Eliezabetha,0,3,3
Eliezar,3,0,3
Eliëze,0,3,3
Eliezebet,0,3,3
Elïezer,3,0,3
Eliezer-Simchah,3,0,3
Eliezir,3,0,3
Eliëzra,0,3,3
Elíf,0,3,3
Elif-Büşra,0,3,3
Elif-Esmée,0,3,3
Elif-Nilufer,0,3,3
Elif-Sümeyye,0,3,3
Elif-Zühre,0,3,3
Elifana,0,3,3
Elifas,3,0,3
Elifay,0,3,3
Elifaya,0,3,3
Elifcan,0,3,3
Elifeda,0,3,3
Elifela,0,3,3
Eliflina,0,3,3
Elifnida,0,3,3
Elifraina,0,3,3
Elifşah,0,3,3
Elifsinem,0,3,3
Elifsura,0,3,3
Elifyaren,0,3,3
Elifzeynep,0,3,3
Elifzümra,0,3,3
Elige,0,3,3
Eligeorah,0,3,3
Eligha,3,0,3
Elighius,3,0,3
Elignarda,0,3,3
Elignor,0,3,3
Elih,3,0,3
Eliha,0,3,3
Elihano,3,0,3
Eliijah,3,0,3
Eliina,0,3,3
Eliine,0,3,3
Eliisabet,0,3,3
Eliisabeth,0,3,3
Elijaa,3,0,3
Elijaah,3,0,3
ELijah,3,0,3
Elijãh,3,0,3
elijah,3,0,3
Elijah-Akaji,0,3,3
Elijah-Ali,3,0,3
Elijah-Charis,3,0,3
Elijah-Isaih,3,0,3
Elijah-Jaïro,3,0,3
Elijah-Jay,3,0,3
Elijah-levani,3,0,3
Elijah-Maria,0,3,3
Elijah-Mason,3,0,3
Elijah-Ny,0,3,3
Elijaha,3,0,3
Elijahblue,0,3,3
Elijahna,0,3,3
Elijahno,3,0,3
Elijahu,3,0,3
Elijakim,3,0,3
Elijanna,0,3,3
Elijanno,3,0,3
Elijda,0,3,3
Elijdia,0,3,3
Elijdjah,0,3,3
Elijenora,0,3,3
Elijesa,0,3,3
Elijet,0,3,3
Elijezer,3,0,3
Elijjah,0,3,3
Elijo'na,0,3,3
Elijohoe,3,0,3
Elijomar,3,0,3
Elijoth,3,0,3
Elijsa,0,3,3
Elijsabeth,0,3,3
Elijsha,3,0,3
Elijson,3,0,3
Elijssa,0,3,3
Elijuan,3,0,3
Elijyah,3,0,3
Elijzabeth,0,3,3
Elik,0,3,3
Elikai,3,0,3
Elikanna,0,3,3
Elikes,3,0,3
Elikja,0,3,3
Elikje,0,3,3
Elikka,0,3,3
Elikken,3,0,3
Elikus,3,0,3
Elil,0,3,3
Elilan,3,0,3
Elilas,3,0,3
Elileine,0,3,3
Elili,0,3,3
Elilian,0,3,3
Eliliane,0,3,3
Elilini,0,3,3
Elilis,3,0,3
Elillandra,0,3,3
Elilliène-Parisia,0,3,3
Eliloria,0,3,3
Elimalko,3,0,3
Elimare,3,0,3
Elimaté,0,3,3
Elimilk,3,0,3
Elimond,3,0,3
Elin-Dore,0,3,3
Elin-Mae,0,3,3
Elin-Marie,0,3,3
Elina-Elif,0,3,3
Elina-Fatima,0,3,3
Elina-Sophie,0,3,3
Elina-Vera,0,3,3
Elinah,0,3,3
Elinai,3,0,3
Elinaisha,0,3,3
Elinatan,3,0,3
Elinathan,3,0,3
Elindi,0,3,3
Elindo,3,0,3
Elinè,0,3,3
Eliné,0,3,3
Eline-Chloë,0,3,3
Eline-Claire,0,3,3
Eline-Jeike,0,3,3
Eline-José,0,3,3
Eline-Karen,0,3,3
Eline-Marie,0,3,3
Eline-Marije,0,3,3
Eline-Vere,0,3,3
Elinea,0,3,3
Elineira,0,3,3
Elineisha,0,3,3
Elinel,0,3,3
Elineora,0,3,3
Elinesofie,0,3,3
Elinet,0,3,3
Elinette,0,3,3
Eliñho,3,0,3
Elini,0,3,3
Elinie,0,3,3
Elinitsa,0,3,3
Elinjo,0,3,3
Elinoam,0,3,3
Elinoir,0,3,3
Elinor-Simcha,0,3,3
Elinorah,0,3,3
Elinot,0,3,3
Elinso,3,0,3
Elinson,3,0,3
Eliny,0,3,3
Elinyo,3,0,3
Eliodor,3,0,3
Eliomar,3,0,3
Elionardus,3,0,3
Elionil,3,0,3
Eliony,0,3,3
Eliotch,3,0,3
Eliphaz,3,0,3
Eliphelet,0,3,3
Eliphia,0,3,3
Elirey,3,0,3
Elirio,3,0,3
Eliron,0,3,3
Elirone,3,0,3
Elirose,0,3,3
Eliroy,3,0,3
Elísa,0,3,3
Elisā,0,3,3
Elisa-Abigail,0,3,3
Elisa-ann,0,3,3
Elisa-Bella,0,3,3
Elisa-Berthe,0,3,3
Elisa-Dian,0,3,3
Elisa-Jana,0,3,3
Elisa-Jane,0,3,3
Elisa-Janne,0,3,3
Elisa-Jay,3,0,3
Elisa-Joost,3,0,3
Elisa-Joy,0,3,3
Elisa-Lena,0,3,3
Elisa-Lin,0,3,3
Elisa-Louise,0,3,3
Elisa-Maria,0,3,3
Elisa-Marie,0,3,3
Elisa-Moise,0,3,3
Elisa-Natascha,0,3,3
Elisa-Ninke,0,3,3
Elisa-rica,0,3,3
Elisa-Roos,0,3,3
Elisa-Rosa,0,3,3
Elisa-Sharon,0,3,3
Elisa-Sofia,0,3,3
Elisa-Sophie,0,3,3
Elisabarta,0,3,3
Elisabarth,3,0,3
Elisabartha,0,3,3
Elisabath,0,3,3
Elisabebt,0,3,3
Elisabed,0,3,3
Elisabeh,0,3,3
Elisabeht,0,3,3
Elisabell,0,3,3
Elisaberth-Jan,3,0,3
Elísabet,0,3,3
Elisabeth-Angelina,0,3,3
Elisabeth-ann,0,3,3
Elisabeth-Anna,0,3,3
Elisabeth-Antoinetta,0,3,3
Elisabeth-Caroline,0,3,3
Elisabeth-Charlotte,0,3,3
Elisabeth-Geertruida,0,3,3
Elisabeth-Gerarda,0,3,3
Elisabeth-Jade,0,3,3
Elisabeth-Marjon,0,3,3
Elisabeth-Nies,0,3,3
Elisabeth-Sophia,0,3,3
Elisabeth-Susanne,0,3,3
Elisabethantonia,0,3,3
Elisabethdina,0,3,3
Elisabethtje,0,3,3
Elisabeti,0,3,3
Elisabetjh,0,3,3
Elisabétta,0,3,3
Elisabette,0,3,3
Elisabetus,0,3,3
Elisabregtje,0,3,3
Elisabteh,0,3,3
Elisáh,0,3,3
Elisah-Maria,0,3,3
Elisah-Nora,0,3,3
Elisahlot,0,3,3
Elisahlotte,0,3,3
Elisalena,0,3,3
Elisaloth,0,3,3
Elisalyn,0,3,3
Elisalynn,0,3,3
Elisamaria,0,3,3
Elisande,0,3,3
Elisandely,0,3,3
Elisander,3,0,3
Elisangéla,0,3,3
Elisanio,3,0,3
Elisanoor,0,3,3
Elisante,0,3,3
Elisario,3,0,3
Elisaweta,0,3,3
Elisbaeth,0,3,3
Elisbert,3,0,3
Elisberto,3,0,3
Elisbet,0,3,3
Elisca,0,3,3
Elischava,0,3,3
Elischawah,0,3,3
Elisë,0,3,3
Elisè,0,3,3
Elise-Angélique,0,3,3
Elise-Ann,0,3,3
Elise-Anne,0,3,3
Elise-Berthe,0,3,3
Elise-Céline,0,3,3
Elise-Charlotte,0,3,3
Elise-Elena,0,3,3
Elise-Emanuela,0,3,3
Elise-Fleur,0,3,3
Elise-France,0,3,3
Elise-Hanne,0,3,3
Elise-Jane,0,3,3
Elise-Joan,0,3,3
Elise-Julia,0,3,3
Elise-Kamla,0,3,3
Elise-Kim,0,3,3
Elise-Lea,0,3,3
Elise-Lena,0,3,3
Elise-Lisanne,0,3,3
Elise-Lo,0,3,3
Elise-Lynn,0,3,3
Elise-Mae,0,3,3
Elise-Margaretha,0,3,3
Elise-marie,0,3,3
Elise-May,0,3,3
Elise-Michelle,0,3,3
Elise-Rosé,0,3,3
Elisébe,0,3,3
Elisebeau,0,3,3
Elisebertha,0,3,3
Eliseberthe,0,3,3
Elisebet,0,3,3
Elisebine,0,3,3
Eliséé,3,0,3
Eliseé,0,3,3
Elisei,3,0,3
Elisen,0,3,3
Elisenoor,0,3,3
Elisete,0,3,3
Elisetta,0,3,3
Elisëus,3,0,3
Elïsha,0,3,3
Elísha,3,0,3
Elisha-Flavia,0,3,3
Elisha-Joy,0,3,3
Elishadon,3,0,3
Elishaira,0,3,3
Elisham,3,0,3
Elishan,3,0,3
Elishana,0,3,3
Elishanti,0,3,3
Elishba,0,3,3
Elishéba,0,3,3
Elisheena,0,3,3
Elishel,3,0,3
Elishenne,0,3,3
Elishewah,0,3,3
Elishka,0,3,3
Elisi,0,3,3
Elísia,0,3,3
Elisia-Rose,0,3,3
Elisiäh,3,0,3
Elisiah,3,0,3
Elisiandro,3,0,3
Elisibho,3,0,3
Elisijah,0,3,3
Elisinde,0,3,3
Elísio,3,0,3
Elisiya,0,3,3
Elisj,3,0,3
Elisjabeth,0,3,3
Elisjas,0,3,3
Elisjawâ,0,3,3
Elisjèba,0,3,3
Elisjèva,0,3,3
Elisjéva,0,3,3
Elisjewa,0,3,3
Elisjewah,0,3,3
Eliskan,3,0,3
Eliske,0,3,3
Elisken,0,3,3
Elismar,0,3,3
Elismina,0,3,3
Eliso,3,0,3
Elispert,3,0,3
Elissa-,0,3,3
Elissabath,0,3,3
Elissabet,0,3,3
Elissavet,0,3,3
Elissio,3,0,3
Elissius,3,0,3
Elissja,0,3,3
Elisso,0,3,3
Elistha,0,3,3
Elisúa,3,0,3
Elisur,3,0,3
Elisus,3,0,3
Elisza,0,3,3
Elitah,0,3,3
Elith,3,0,3
Elitje,0,3,3
Elito,3,0,3
Elitsie,0,3,3
Elitsur,3,0,3
Elitza,0,3,3
Eliut,3,0,3
Elivana,0,3,3
Elivea,0,3,3
Elivëan,0,3,3
Elivelton,3,0,3
Elivera,0,3,3
Eliviano,3,0,3
Eliviëne,0,3,3
Eliviénne,0,3,3
Eliviènne,0,3,3
Elivienne,0,3,3
Elivina,0,3,3
Elivira,0,3,3
Elivirah,0,3,3
Elivius,3,0,3
Elix,0,3,3
Elïya,3,0,3
Eliyaa,0,3,3
Eliyaah,3,0,3
Elïyah,0,3,3
Eliyam,3,0,3
Eliyan,0,3,3
Eliyani,0,3,3
Eliyati,0,3,3
Eliyav,3,0,3
Eliyem,3,0,3
Eliyen,0,3,3
Eliyénn,0,3,3
Eliyfe,0,3,3
Eliyha,3,0,3
Eliyo,3,0,3
Eliyora,0,3,3
Eliyorah,0,3,3
Eliysée,3,0,3
Eliysheba,0,3,3
Eliyyah,0,3,3
Elíz,0,3,3
Eliz-Anne,0,3,3
Eliza-Bertha,0,3,3
Eliza-Beth,0,3,3
Eliza-Jane,0,3,3
Eliza-Jo,0,3,3
Eliza-Mae,0,3,3
Eliza-Maria,0,3,3
Eliza-Rose,0,3,3
Eliza-Sophie,0,3,3
Eliza-Wilhelmina,0,3,3
Elizaa,0,3,3
Elizabeh,0,3,3
Elizabeht,0,3,3
Elizabel,0,3,3
Elizabella,3,0,3
Elizaberthe,0,3,3
Elizabertie,0,3,3
ELizabeth,0,3,3
Elızabeth,0,3,3
Elizabeth-Adeodata,0,3,3
Elizabeth-Adriana,0,3,3
Elizabeth-Ann,0,3,3
Elizabeth-Egbertha,0,3,3
Elizabeth-Ellen,0,3,3
Elizabeth-Emma,0,3,3
Elizabeth-Gisèle,0,3,3
Elizabeth-Grietje,0,3,3
Elizabeth-Hedwig,0,3,3
Elizabeth-Louise,0,3,3
Elizabeth-Ronaï,0,3,3
Elizabeth-Sebina,0,3,3
Elizabétha,0,3,3
Elizabethes,0,3,3
Elizabethje,0,3,3
Elizabett,0,3,3
Elizabetth,0,3,3
Elizabettus,3,0,3
Elizafien,0,3,3
Elizainy,0,3,3
Elizaira,0,3,3
Elizajorie,0,3,3
Elizaleen,0,3,3
Elizalora,0,3,3
Elizamaria,0,3,3
Elizanda,0,3,3
Elizandro,3,0,3
Elizane,0,3,3
Elizangelina,0,3,3
Elizangelo,3,0,3
Elizanora,0,3,3
Elizanus,3,0,3
Elizaro,3,0,3
Elizas,3,0,3
Elizavetta,0,3,3
Elizayah,3,0,3
Elizba,0,3,3
Elizè,0,3,3
Elíze,0,3,3
Elize-Anne,0,3,3
Elize-Isabel,0,3,3
Elize-Jane,0,3,3
Elize-Lotte,0,3,3
Elize-Veron,0,3,3
Elize-Ylana,0,3,3
Elizeangèla,0,3,3
Elizeanne,0,3,3
Elizeas,3,0,3
Elizebert,3,0,3
Elizebethe,0,3,3
Elizee,0,3,3
Elizeh,0,3,3
Elizelotte,0,3,3
Elizen,0,3,3
Elizer,0,3,3
Elizete,0,3,3
Elizeth,0,3,3
Elizette,0,3,3
Elizëus,3,0,3
Elizeüs,3,0,3
Elizhan,0,3,3
Elizhar,0,3,3
Eliziana,0,3,3
Eliziano,3,0,3
Elizibeth,0,3,3
Eliziën,0,3,3
Elizinde,0,3,3
Elizjah,3,0,3
Elizjenne,0,3,3
Elizsa,0,3,3
Elizua,0,3,3
Elizus,3,0,3
Elizza,0,3,3
Elizze,0,3,3
ELJ,0,3,3
Elja-Suan,0,3,3
Eljaas,3,0,3
Eljaass,3,0,3
Eljae,3,0,3
Eljafarah,3,0,3
Eljah-Farah,3,0,3
Eljahnaï,3,0,3
Eljahnai,3,0,3
Eljahqim,3,0,3
Eljahreau,3,0,3
Eljahron,3,0,3
Eljai-Shane,3,0,3
Eljaïro,3,0,3
Eljakhim,3,0,3
Eljakiem,3,0,3
Eljakinah-Judee,0,3,3
Eljana,0,3,3
Eljandro,3,0,3
Eljané,0,3,3
Eljaneau,3,0,3
Eljanie,0,3,3
Eljany,0,3,3
Eljarai,3,0,3
Eljarean,3,0,3
Eljareau,3,0,3
Eljaro,3,0,3
Eljarreau,3,0,3
Eljasas,3,0,3
Eljaydah,0,3,3
Eljayden,3,0,3
Eljayh,3,0,3
Eljayro,3,0,3
Elje-Marnon,0,3,3
Eljealia,0,3,3
Eljeanne,0,3,3
Eljeany,0,3,3
Eljée,0,3,3
Eljehoënai,3,0,3
Eljenéiah,3,0,3
Eljenora,0,3,3
Eljeriëangely,0,3,3
Eljeroh,3,0,3
Eljeron,3,0,3
Eljerreou,3,0,3
Eljerrino,3,0,3
Eljes,0,3,3
Eljet,0,3,3
Eljeyro,3,0,3
Eljhero,3,0,3
Eljhin,3,0,3
Eljhonai,3,0,3
Eljiero,3,0,3
Eljieroh,3,0,3
Eljina,0,3,3
Eljiro,3,0,3
Eljiroy,3,0,3
Eljive,0,3,3
Eljoar,3,0,3
Eljoe,3,0,3
Eljoëna,0,3,3
Eljöenai,3,0,3
Eljoênaï,3,0,3
Eljoënaï,3,0,3
Eljoénai,3,0,3
Eljoënaira,0,3,3
Eljoke,0,3,3
Eljomaris,3,0,3
Eljonora,0,3,3
Eljósha,3,0,3
Eljosha-Elia,3,0,3
Eljoshua,3,0,3
Eljozua,3,0,3
Eljust,0,3,3
Eljyro,3,0,3
Elk,3,0,3
Elkader,3,0,3
Elkam,3,0,3
Elkamla,0,3,3
Elké,0,3,3
Elke-Anouk,0,3,3
Elke-Britta,0,3,3
Elke-Maria,0,3,3
Elke-Sien,0,3,3
Elke-Valeska,0,3,3
Elkhair,3,0,3
Elkhalifa,0,3,3
Elkia,0,3,3
Elkine,0,3,3
Elkington,0,3,3
Elkinson,0,3,3
Elkon,3,0,3
Elkot,3,0,3
Ell'Jereau,3,0,3
Ell-Dinaijerro,3,0,3
Ell-Jenairo,3,0,3
Ell-Shaineley,0,3,3
Ella'noor,0,3,3
Ella-ann,0,3,3
Ella-Blue,0,3,3
Ella-Elise,0,3,3
Ella-Fleur,0,3,3
Ella-Gül,0,3,3
Ella-ì,0,3,3
Ella-Jakoba,0,3,3
Ella-Joe,0,3,3
Ella-Jordan,0,3,3
Ella-Laure,0,3,3
Ella-Lise,0,3,3
Ella-Louisa,0,3,3
Ella-Luz,0,3,3
Ella-Manou,0,3,3
Ella-Marit,0,3,3
Ella-Maya,0,3,3
Ella-Maye,0,3,3
Ella-Milou,0,3,3
Ella-mira,0,3,3
Ella-Noä,0,3,3
Ella-Noa,0,3,3
Ella-Nora,0,3,3
Ella-Romée,0,3,3
Ella-Roos,0,3,3
Ella-Sophie,0,3,3
Ella-Sterre,0,3,3
Ella-Zoë,0,3,3
Ellableu,0,3,3
Elladin,3,0,3
Ellaé,0,3,3
Ellae-Noor,0,3,3
Ellaenoor,0,3,3
Ellaenore,0,3,3
Ellah-may,0,3,3
Ellahè,0,3,3
Ellaï,0,3,3
Ellaij-Yah,3,0,3
Ellaija,0,3,3
Ellaijah,3,0,3
Ellain,0,3,3
Ellaisa,0,3,3
Ellaiza,0,3,3
Ellamae,0,3,3
Ellamaria,0,3,3
Ellamarie,0,3,3
Ellamée,0,3,3
Ellan,3,0,3
Ellane,0,3,3
Ellaninthe,0,3,3
Ellannie,0,3,3
Ellanoire,0,3,3
Ellanorra,0,3,3
Ellanoure,0,3,3
Ellanova,0,3,3
Ellardina,0,3,3
Ellare,0,3,3
Ellaria,0,3,3
Ellarosa,0,3,3
Ellary,3,0,3
Ellasandra,0,3,3
Ellatha,0,3,3
Ellatif,3,0,3
Ellatio,3,0,3
Ellau,0,3,3
Ellaure,0,3,3
Ellavira,0,3,3
Ellawaty,0,3,3
Ellaya,0,3,3
Ellaycia,0,3,3
Ellayne,0,3,3
Ellayza,0,3,3
Ellcke,0,3,3
Elldred,3,0,3
Ellé,0,3,3
Elle-Fleur,0,3,3
Elle-Floor,0,3,3
Elle-Louise,0,3,3
Elle-Lynn,0,3,3
Elle-Maartje,0,3,3
Elle-mae,0,3,3
Elle-Maria,0,3,3
Elle-May,0,3,3
Elle-Merije,0,3,3
Elle-Mieke,0,3,3
Elle-Noé,0,3,3
Elle-noor,0,3,3
Elle-Nova,0,3,3
Elle-Rins,0,3,3
Elle-Wijntje,0,3,3
Elleanour,0,3,3
Ellebel,0,3,3
Ellebeth,0,3,3
Ellechediena,0,3,3
Ellechiene,0,3,3
Ellechini,0,3,3
Elledina,0,3,3
Elledine,0,3,3
Ellee,0,3,3
Ellefien,0,3,3
Ellegediena,0,3,3
Ellëirrah,0,3,3
Ellek,3,0,3
Ellekari,0,3,3
Ellekx,3,0,3
Elleluna,0,3,3
Ellemare,0,3,3
Ellemée,0,3,3
Ellemee,0,3,3
Ellemeintje,0,3,3
Ellemie,0,3,3
ElleMieke,0,3,3
Ellemijnke,0,3,3
Ellemijntje,0,3,3
Ellemint,0,3,3
Ellemyn,0,3,3
Ellën,0,3,3
Ellen-Alinda,0,3,3
Ellen-Claire,0,3,3
Ellen-Corien,0,3,3
Ellen-Corine,0,3,3
Ellen-Cornelia,0,3,3
Ellen-Diantha,0,3,3
Ellen-Dien,0,3,3
Ellen-Fay,0,3,3
Ellen-Fleur,0,3,3
Ellen-Jae,0,3,3
Ellen-James,0,3,3
Ellen-Jean,0,3,3
Ellen-Jolijn,0,3,3
Ellen-José,0,3,3
Ellen-Joy,0,3,3
Ellen-Louise,0,3,3
Ellen-Mai,0,3,3
Ellen-Marie,0,3,3
Ellen-Marieke,0,3,3
Ellen-Marije,0,3,3
Ellen-Mary,0,3,3
Ellen-Neel,0,3,3
Ellen-Petra,0,3,3
Ellen-Rose,0,3,3
Ellen-Sophie,0,3,3
Ellen-Wien,0,3,3
Ellenaer,0,3,3
Ellenata,0,3,3
Ellend,3,0,3
Ellêne,0,3,3
Ellener,0,3,3
Elleney,0,3,3
Ellengonda,0,3,3
Elléni,0,3,3
Ellenice,0,3,3
Ellénita,0,3,3
Ellenitsa,0,3,3
Ellenjae,0,3,3
Ellenjane,0,3,3
Ellenly,0,3,3
Ellenmarie,0,3,3
Ellenmarijn,0,3,3
Ellennique,0,3,3
Ellennoor,0,3,3
Elleñoir,0,3,3
Ellenoir,0,3,3
Ellenorah,0,3,3
Ellenouk,0,3,3
Ellenpetra,0,3,3
Ellenrina,0,3,3
Ellens,3,0,3
Ellenstina,0,3,3
Ellentiene,0,3,3
Ellentje,0,3,3
Ellents,3,0,3
Ellëon,3,0,3
Elléonore,0,3,3
Elleora,0,3,3
Ellerdiena,0,3,3
Ellereen,0,3,3
Elleri,0,3,3
Ellerie,0,3,3
Ellerien,0,3,3
Ellerij,3,0,3
Ellerine,0,3,3
Ellerley,0,3,3
Elleroy,3,0,3
Ellertsz,3,0,3
Ellesa,3,0,3
Ellesien,0,3,3
Ellessar,3,0,3
Ellèssha,0,3,3
Ellestien,0,3,3
Ellestina,0,3,3
Elletra,0,3,3
Ellettha,0,3,3
Ellev,0,3,3
Ellevin,0,3,3
Ellewiene,0,3,3
Ellewiese,0,3,3
Ellewijs,0,3,3
Ellexsus,3,0,3
Elleya-Areall,0,3,3
Elleysha,0,3,3
Ellez,3,0,3
Elĺf,0,3,3
Ellfrieda,0,3,3
Ellhonhia,0,3,3
Elli-nor,0,3,3
Elli-Nor,0,3,3
Ellia-Jo,0,3,3
Elliani,0,3,3
Elliard,0,3,3
Ellico,0,3,3
Ellidy,0,3,3
Ellie-Anna,0,3,3
Ellie-Dora,0,3,3
Ellie-Mai,0,3,3
Ellie-May,0,3,3
Ellieanne,0,3,3
Ellieda,0,3,3
Ellieke,0,3,3
Elliene,0,3,3
Elliënne,0,3,3
Elliesha,0,3,3
Elliët,3,0,3
Elliette,0,3,3
Elliezabet,0,3,3
Ellife,0,3,3
Ellik,3,0,3
Ellinda,0,3,3
Ellinde,0,3,3
Ellines,0,3,3
Ellinge,0,3,3
Ellington-Baigh,3,0,3
Ellinora,0,3,3
Ellionoor,0,3,3
Ellionor,0,3,3
Ellionore,0,3,3
Ellioth,3,0,3
Ellip,3,0,3
Ellique,0,3,3
Elliroxan,0,3,3
Ellis-Claire,0,3,3
Ellis-Marie,0,3,3
Ellisah,0,3,3
Ellise-Lotte,0,3,3
Ellisenka,0,3,3
Ellisheva,0,3,3
Ellishiya,0,3,3
Ellisia,0,3,3
Ellisieno,3,0,3
Ellisse,0,3,3
Ellistar,3,0,3
Ellister,0,3,3
Ellita,0,3,3
Elliyaan,0,3,3
Elliyah,3,0,3
Elliyana,0,3,3
Ellizabeth,0,3,3
Ellizio,3,0,3
Elljen,0,3,3
Ellmeraio,3,0,3
Ellmi,0,3,3
Elloa,0,3,3
Ellöa,0,3,3
Ellodeine,0,3,3
Ellodin,0,3,3
Elloec,0,3,3
Elloïs,0,3,3
Ellois,3,0,3
Elloisa,0,3,3
Ellone,0,3,3
Ellonie,0,3,3
Ellony,0,3,3
Elloreen,0,3,3
Ellosiena,0,3,3
Ellosina,0,3,3
Ellovey,0,3,3
Ellowien,0,3,3
Ellowieze,0,3,3
Elloy,3,0,3
Elloyne,3,0,3
Ellren,3,0,3
Ellridge,3,0,3
Ellsworth,3,0,3
Ellton,3,0,3
Ellucy,0,3,3
Ellundi,3,0,3
Ellus,0,3,3
Ellvira,0,3,3
Ellwyn,0,3,3
Elly-Ann,0,3,3
Elly-Anne,0,3,3
Elly-Jalea,0,3,3
Elly-Jo,0,3,3
Elly-Lineke,0,3,3
Elly-Maria,0,3,3
Elly-Marijke,0,3,3
Elly-Mien,0,3,3
Elly-Myrta,0,3,3
Ellyándra,0,3,3
Ellyanna,0,3,3
Ellýanna,0,3,3
Ellyano,3,0,3
Ellyanoor,0,3,3
Ellyberthe,0,3,3
Ellybeth,0,3,3
Ellydochter,0,3,3
Ellyjah,3,0,3
Ellyjanne,0,3,3
Ellymae,0,3,3
Ellyni,0,3,3
Ellynne,0,3,3
Ellynora,0,3,3
Ellyonora,0,3,3
Ellyott,3,0,3
Ellys-Elize,0,3,3
Ellysina,0,3,3
Ellyson,3,0,3
Ellyz,0,3,3
Ellza,0,3,3
ELM,0,3,3
Elmadan,3,0,3
Elmae,0,3,3
ElMahdi,3,0,3
Elmahdia,0,3,3
Elmahi,3,0,3
Elmaida,0,3,3
Elmaine,0,3,3
Elmaira,0,3,3
Elmajid,3,0,3
Elmaki,3,0,3
Elmalyn,0,3,3
Elmanaida,0,3,3
Elmando,3,0,3
Elmaneldina,0,3,3
Elmanuel,3,0,3
Elmar-Jabes,3,0,3
Elmard,3,0,3
Elmardo,3,0,3
Elmarich,3,0,3
Elmarie,0,3,3
Elmarijn,0,3,3
Elmaris,0,3,3
Elmarisa,0,3,3
Elmaro,3,0,3
Elmaro-Lamar,3,0,3
Elmartin,3,0,3
Elmasije,0,3,3
Elmasiye,0,3,3
Elmass,3,0,3
Elmati,3,0,3
Elmatine,0,3,3
Elmayra,0,3,3
Elmayro,3,0,3
Elmáz,3,0,3
Elmé,0,3,3
Elmeijra,0,3,3
Elmeiry,0,3,3
Elmeleanne,0,3,3
Elmelik,0,3,3
Elmelin,0,3,3
Elmerd,3,0,3
Elmère,0,3,3
Elmere,0,3,3
Elmerick,3,0,3
Elmero,3,0,3
Elmeroy,3,0,3
Elmerra,0,3,3
Elmerson,3,0,3
Elmerus,3,0,3
Elmery,3,0,3
Elmi-Dora,0,3,3
Elmid,3,0,3
Elmieke,0,3,3
Elmiera,0,3,3
Elmijra,0,3,3
Elmiljo,3,0,3
Elmiloudi,3,0,3
Elmíra,0,3,3
Elmirah,0,3,3
Elmiria,3,0,3
Elmis,0,3,3
Elmisch,3,0,3
Elmit,3,0,3
Elmiye,0,3,3
Elmke,0,3,3
Elmoatamid,3,0,3
Elmonde,0,3,3
Elmoneim,3,0,3
Elmoo,3,0,3
Elmosa,0,3,3
Elmourtada,3,0,3
Elmoustafa,3,0,3
Elms,3,0,3
Elmudo,3,0,3
Elmund,3,0,3
Elmuntaha,0,3,3
Elmur,3,0,3
Elmurtada,3,0,3
Elmya,3,0,3
Elmyn,0,3,3
Elmyr,3,0,3
Elmyro,3,0,3
Elnaäm,3,0,3
Elnada,0,3,3
Elnagi,3,0,3
Elnahrwey,0,3,3
Elnaro,3,0,3
Elnáthan,3,0,3
Elnesta,0,3,3
Elnesto,3,0,3
Elnette,0,3,3
Elnicio,3,0,3
Elnienio,3,0,3
Elniro,3,0,3
Elnita,0,3,3
Elnizio,3,0,3
Elnoer,3,0,3
Elnoura,0,3,3
Elnoy,3,0,3
Elnoya,0,3,3
Elnus,3,0,3
Elo-esi,0,3,3
Elóa,0,3,3
Eloane,0,3,3
Eloanne,0,3,3
Eloany,0,3,3
Elochukwu,0,3,3
Elódi,0,3,3
Elodin,3,0,3
Elodina,0,3,3
Eloditte,0,3,3
Eloena,0,3,3
Eloeska,3,0,3
Elogema,3,0,3
Elogia,0,3,3
Elogius,3,0,3
Elogni,3,0,3
Elohay,3,0,3
Elohem,0,3,3
Elohi,0,3,3
Elohiem,3,0,3
Elohima,0,3,3
Elohor,0,3,3
Eloi-Alexandre,3,0,3
Eloide,3,0,3
Eloigine,3,0,3
Eloihm,3,0,3
Eloij,3,0,3
Eloïm,3,0,3
Eloína,0,3,3
Eloïna,0,3,3
Eloirey,0,3,3
Eloís,0,3,3
Eloïsah,0,3,3
EloÏse,0,3,3
Eloisë,0,3,3
Eloïsha,0,3,3
Eloixe,0,3,3
Eloiy,3,0,3
Eloiyse,0,3,3
Eloizah,0,3,3
Eloke,3,0,3
Elombe,3,0,3
Elón,3,0,3
Elona-Bernadette,0,3,3
Elonai,3,0,3
Elonanda,0,3,3
Elonard,3,0,3
Elonda,0,3,3
Elonge,3,0,3
Elonne,0,3,3
Elonore,0,3,3
Elonzo,3,0,3
Elooi,3,0,3
Elooy,3,0,3
Elora-Danan,0,3,3
Elora-Louise,0,3,3
Elorm,0,3,3
Elornie,0,3,3
Elornora,0,3,3
Elorri,0,3,3
Elouahed,3,0,3
Elouahid,3,0,3
Elouann,0,3,3
Elouar,3,0,3
Elouarda,0,3,3
Elouareda,0,3,3
Elouari,3,0,3
Elouenne,0,3,3
Elouètt,0,3,3
Elouisah,0,3,3
Elouissya,0,3,3
Elouïza,0,3,3
Elousette,0,3,3
Elousia,0,3,3
Elouwisa,0,3,3
Elovio,3,0,3
Elowhine,0,3,3
Elowira,0,3,3
Elowyse,0,3,3
Elóy,3,0,3
Eloy-Dion,3,0,3
Eloy-John,3,0,3
Eloy-Reese,3,0,3
Eloyd,3,0,3
Eloyisa,0,3,3
Eloyn,3,0,3
Eloysius,3,0,3
Elphaidis,0,3,3
Elphaïdis,0,3,3
Elphanie,0,3,3
Elphia,0,3,3
Elphida,0,3,3
Elphie,0,3,3
Elphiera,0,3,3
Elphira,0,3,3
Elpidha,0,3,3
Elpidoforos,3,0,3
Elpierrine,0,3,3
Elpine,0,3,3
Elpinicky,0,3,3
Elpiniki,0,3,3
Elpis,0,3,3
Elqasha,3,0,3
Elquimé,3,0,3
Elqwin,3,0,3
Elrabeb,0,3,3
Elrad,3,0,3
Elrafi,3,0,3
Elrahmane,3,0,3
Elray,3,0,3
Elrazek,3,0,3
Elre,0,3,3
Elred,3,0,3
Elrene,0,3,3
Elrica,0,3,3
Elricha,0,3,3
Elrichano,3,0,3
Elrick-Jan,3,0,3
Elricke,0,3,3
Elriehenne,0,3,3
Elriete,0,3,3
Elrikus,3,0,3
Elrimajo,3,0,3
Elrine,0,3,3
Elrino,3,0,3
Elriska,0,3,3
Elriva,3,0,3
Elrkya,0,3,3
Elro'i,3,0,3
Elrod,3,0,3
Elroemaisa,0,3,3
Elrohir,3,0,3
Elroï,3,0,3
Elroie,0,3,3
Elroly-Mysette,0,3,3
Elromeo,3,0,3
Elròn,3,0,3
Elrooy,3,0,3
Elrosa,0,3,3
Elrose,0,3,3
Elry,3,0,3
Els-Ann,0,3,3
Els-Annemein,0,3,3
Els-Ellen,0,3,3
Els-Lisette,0,3,3
Els-Sophia,0,3,3
Elsa-Jane,0,3,3
Elsa-Jolien,0,3,3
Elsa-Lien,0,3,3
Elsa-Mae,0,3,3
Elsa-Maria,0,3,3
Elsa-Pichjena,0,3,3
Elsabeau,0,3,3
Elsabene,0,3,3
Elsabertha,0,3,3
Elsabet,0,3,3
Elsabien,0,3,3
Elsaday,0,3,3
Elsadaye,0,3,3
Elsafine,0,3,3
Elsajed,3,0,3
Elsalam,3,0,3
Elsalieneke,0,3,3
Elsalino,3,0,3
Elsaly,0,3,3
Elsamani,0,3,3
Elsamanoudy,0,3,3
Elsamarie,0,3,3
Elsamiek,0,3,3
Elsamina,0,3,3
Elsani,3,0,3
Elsannie,0,3,3
Elsanus,3,0,3
Elsão,3,0,3
Elsapana,0,3,3
Elsar,3,0,3
Elsara,0,3,3
Elsarina,0,3,3
Elsat,3,0,3
Elsayd,3,0,3
ElSayed,0,3,3
Elsayeda,0,3,3
Elsayida-Chadidja,0,3,3
Elsbeht,0,3,3
Elsbertina,0,3,3
Elsbethia,0,3,3
Elsbrecht,0,3,3
Elschadai,0,3,3
Elscheanna,0,3,3
Elschen,0,3,3
Elsco,3,0,3
Else-Anne,0,3,3
Else-Fieke,0,3,3
Else-Fleur,0,3,3
Else-Ina,0,3,3
Else-Ine,0,3,3
Else-Julie,0,3,3
Else-Kirsten,0,3,3
Else-Lieke,0,3,3
Else-Liene,0,3,3
Else-Liese,0,3,3
Else-Loes,0,3,3
Else-Maj,0,3,3
Else-Mareij,0,3,3
Else-Margriet,0,3,3
Else-marie,0,3,3
Else-Mariëtte,0,3,3
Else-Marij,0,3,3
Else-Marijk,0,3,3
Else-Marijn,0,3,3
Else-Marijne,0,3,3
Else-Marike,0,3,3
Else-Marit,0,3,3
Else-Marleen,0,3,3
Else-Marlies,0,3,3
Else-Mary,0,3,3
Else-Meike,0,3,3
Else-Miek,0,3,3
Else-Mijke,0,3,3
Else-Nienke,0,3,3
Else-Noor,0,3,3
Else-Nora,0,3,3
Else-Ré,0,3,3
Else-Renee,0,3,3
Else-Ruth,0,3,3
Else-Suzanne,0,3,3
Else-Tine,0,3,3
Else-Wil,0,3,3
Elseara,0,3,3
Elseas,3,0,3
Elséba,0,3,3
Elsebeen,0,3,3
Elseberth,3,0,3
Elsebetta,0,3,3
Elsebettus,3,0,3
Elsebi,0,3,3
Elsediena,0,3,3
Elsedina,0,3,3
Elsefine,0,3,3
Elsefriede,0,3,3
Elsejikke,0,3,3
Elseke,0,3,3
Elseleen,0,3,3
Elseli,0,3,3
Elselide,0,3,3
Elselienne,0,3,3
Elselientje,0,3,3
Elseligia,0,3,3
Elselijne,0,3,3
Elselinus,3,0,3
Elselonny,0,3,3
Elsely,0,3,3
Elsemarchien,0,3,3
Elsemargien,0,3,3
Elsemarij,0,3,3
Elsemarijna,0,3,3
Elsemerel,0,3,3
Elsemie,0,3,3
Elsemiecke,0,3,3
Elsemienke,0,3,3
Elsemijne,0,3,3
Elsemina,0,3,3
Elsemoon,0,3,3
Elseniek,0,3,3
Elser,3,0,3
Elsera,3,0,3
Elserdina,0,3,3
Elseregina,3,0,3
Elseriekje,0,3,3
Elserienke,0,3,3
Elserike,0,3,3
Elserikst,0,3,3
Elserita,0,3,3
Elserose,0,3,3
Elseverius,3,0,3
Elsevia,0,3,3
Elseviera,0,3,3
Elsevine,0,3,3
Elsewine,0,3,3
Elshad,3,0,3
Elshadai,3,0,3
Elshadaï,0,3,3
Elshaine,0,3,3
Elshana,0,3,3
Elshart,3,0,3
Elshaylis,0,3,3
Elshe,0,3,3
Elsheba,0,3,3
Elshelys,0,3,3
Elshenay,0,3,3
Elsheney,0,3,3
Elsherlin,0,3,3
Elshontely,0,3,3
Elsias,3,0,3
Elsides,3,0,3
Elsidu,3,0,3
Elsie-Louise,0,3,3
Elsie-May,0,3,3
Elsien-Lena,0,3,3
Elsieneke,0,3,3
Elsienes,3,0,3
Elsienne,0,3,3
Elsieno,3,0,3
Elsieth,0,3,3
Elsih,0,3,3
Elsilia,0,3,3
Elsimone,0,3,3
Elsines,3,0,3
Elsinho,3,0,3
Elsinore,0,3,3
Elsinta,0,3,3
Elsinyô,3,0,3
Elsioes,0,3,3
Elsion,3,0,3
Elsiors,3,0,3
Elsisio,3,0,3
Elsitha,0,3,3
Elsja-Renée,0,3,3
Elsjaloom,0,3,3
Elsjelina,0,3,3
Elsjemarie,0,3,3
Elsjenora,0,3,3
Elsjenuska,0,3,3
Elsjeray,0,3,3
Elsjoerdinio,3,0,3
Elsjorie,0,3,3
Elsjy,0,3,3
Elskarin,0,3,3
Elske-Anne,0,3,3
Elske-Jet,0,3,3
Elske-Lianne,0,3,3
Elske-Rina,0,3,3
Elske-San,0,3,3
Elske-Sanne,0,3,3
Elske-Veerle,0,3,3
Elskedei,0,3,3
Elslynn,0,3,3
Elsmae,0,3,3
Elsmainy,0,3,3
Elsmar,3,0,3
Elsmari,0,3,3
Elsmarije,0,3,3
Elsmarjan,0,3,3
Elsmien,0,3,3
Elsoe,0,3,3
Elsoo,3,0,3
Elssa,0,3,3
Elssard,3,0,3
Elssienus,3,0,3
Elssy,0,3,3
Elstef,0,3,3
Elstella,0,3,3
Elsten,3,0,3
Elstiena,0,3,3
Elstina,0,3,3
Elstriellio,3,0,3
Elsu,0,3,3
Elsuché,3,0,3
Elsuraiya,0,3,3
Elswick,0,3,3
Elswin,3,0,3
Elswout,3,0,3
Elswyth,0,3,3
Elszaa,0,3,3
Elszebeth,0,3,3
Elszen,3,0,3
Elszina,0,3,3
Elszinus,3,0,3
Elszo,3,0,3
Eltan,3,0,3
Eltayip,3,0,3
Eltebir,3,0,3
Elteebeldeen,3,0,3
Eltekeh,0,3,3
Elthan,3,0,3
Eltharion,3,0,3
Elthazar,3,0,3
Elthe,0,3,3
Elthea,0,3,3
Elthen,3,0,3
Eltheny,3,0,3
Elthjo,3,0,3
Elthonie,3,0,3
Eltiene,0,3,3
Eltika,0,3,3
Eltio,3,0,3
Eltiona,0,3,3
Eltjara,0,3,3
Eltjeliene,0,3,3
Eltjenna,0,3,3
Eltjho,3,0,3
Eltjo-Arie,3,0,3
Eltjo-Jan,3,0,3
Eltjo-Jos,3,0,3
Eltjohanna,0,3,3
Elton-Anderson,3,0,3
Elton-Dave,3,0,3
Eltorio,3,0,3
Eltoro,3,0,3
Eltson,3,0,3
Eltus,3,0,3
Elty,0,3,3
Eltyo,3,0,3
Eltyshon,3,0,3
Eluán,3,0,3
Eluce,0,3,3
Elucia,0,3,3
Eluciano,3,0,3
Elucy,0,3,3
Elud,3,0,3
Elueterio,3,0,3
Eluf,3,0,3
Eluïd,3,0,3
Eluida,0,3,3
Eluïs,3,0,3
Eluise,0,3,3
Eluiz,0,3,3
Elukali,3,0,3
Elukessu,3,0,3
Elunari,0,3,3
Elunay,0,3,3
Elunda,0,3,3
Elunde,0,3,3
Elundra,0,3,3
Elupina,0,3,3
Eluriyun,3,0,3
Elus,3,0,3
Eluska,0,3,3
Eluterio,3,0,3
Eluthera,0,3,3
Elutheria,0,3,3
Eluwany,3,0,3
Eluysse,0,3,3
Eluzai,3,0,3
Eluzaï,3,0,3
Elvaliene,0,3,3
Elvalina,0,3,3
Elvalleyjay,3,0,3
Elvanie,0,3,3
Elvanilda,0,3,3
Elvanny,0,3,3
Elvany,0,3,3
Elvara,0,3,3
Elvaré,0,3,3
Elvare,0,3,3
Elvarez,3,0,3
Elvario,3,0,3
Elvaris,0,3,3
Elvaro,3,0,3
Elvas,3,0,3
Elveerne,0,3,3
Elvelice,0,3,3
Elvelie,0,3,3
Elvenao,3,0,3
Elveo,3,0,3
Elver,3,0,3
Elverd,3,0,3
Elverdo,3,0,3
Elveric,3,0,3
Elverich,3,0,3
Elverick,3,0,3
Elveriño,3,0,3
Elvero,3,0,3
Elverson,3,0,3
Elvery,3,0,3
Elvey,0,3,3
Elvia-Oksana,0,3,3
Elvian,3,0,3
Elvianes,3,0,3
Elviani,0,3,3
Elvianis,0,3,3
Elvianna,0,3,3
Elvianne,0,3,3
Elvianto,3,0,3
Elviar,3,0,3
Elviawaty,0,3,3
Elvick,3,0,3
Elvidar,0,3,3
Elvides,3,0,3
Elviëdo,3,0,3
Elvieira,0,3,3
Elvieke,0,3,3
Elvienna,0,3,3
Elviënne,0,3,3
Elviénne,0,3,3
Elviëno,3,0,3
Elviënsley,3,0,3
Elvïento,3,0,3
Elvièra,0,3,3
Elviéra,0,3,3
Elvierra,0,3,3
Elvigia,0,3,3
Elvika,0,3,3
Elvimar,3,0,3
Elvin-Nisa,0,3,3
Elvin-Shâne,3,0,3
Elving,3,0,3
Elvinn,3,0,3
Elvinyah,0,3,3
Elvion,3,0,3
Elvira-Golda,0,3,3
Elviré,0,3,3
Elviria,0,3,3
Elvirienne,0,3,3
Elvirio,3,0,3
Elvirion,3,0,3
Elvis-Hubertus,3,0,3
Elvis-Peter,3,0,3
Elvishiënska,0,3,3
Elvisito,3,0,3
Elvissa,0,3,3
Elvito,3,0,3
Elviza,0,3,3
Elvize,0,3,3
Elvoera,0,3,3
Elvrera,0,3,3
Elvri,3,0,3
Elvrick,3,0,3
Elvrina,0,3,3
Elvyon,3,0,3
Elwa,0,3,3
Elwadoud,3,0,3
Elwahid,3,0,3
Elward,0,3,3
Elwcetta,0,3,3
Elwedin,3,0,3
Elwedina,0,3,3
Elwelef,3,0,3
Elwie,0,3,3
Elwiera,0,3,3
Elwijn,0,3,3
Elwilne,0,3,3
Elwinah,0,3,3
Elwinio,3,0,3
Elwino,3,0,3
Elwisa,0,3,3
Elwisan,0,3,3
Elwiza,0,3,3
Elwize,0,3,3
Elwyna,0,3,3
Elwynne,0,3,3
Elwyze,0,3,3
Elxander,0,3,3
Elxiënne,0,3,3
Ely'Jah,3,0,3
Ely-jah,3,0,3
Ely-Shana,0,3,3
Elyáa,0,3,3
Elyaas,3,0,3
Elyad,3,0,3
Elyada,3,0,3
Elyáda,0,3,3
Elyáh,3,0,3
Elyahnai,3,0,3
Elyainne,0,3,3
Elyaino,3,0,3
Elyaira,0,3,3
Elyaisho,3,0,3
Elyakot,0,3,3
Elyam,3,0,3
Elyamir,3,0,3
Elyánne,0,3,3
Elyanoh,3,0,3
Elyanur,0,3,3
Elyas-Kadir,3,0,3
Elyazi,3,0,3
Elyazid,3,0,3
Elýazz,3,0,3
Elyberth,3,0,3
Elybra,0,3,3
Elyca,0,3,3
Elycha,0,3,3
Elychana,0,3,3
Elychia,0,3,3
Elydjah,3,0,3
Elyèn,0,3,3
Elyéro,3,0,3
Elyesâ,3,0,3
Elyezel,3,0,3
Elyias,3,0,3
Elyja,0,3,3
Elyjane,0,3,3
Elyka,0,3,3
Elyla,0,3,3
Elylayah,0,3,3
Elymaane,3,0,3
Elynah,0,3,3
Elynaida,0,3,3
Elynda,0,3,3
Elýne,0,3,3
Elyni,0,3,3
Elynisha,0,3,3
Elynja,0,3,3
Elynora,0,3,3
Elynoska,0,3,3
Elynza,0,3,3
Elyo,3,0,3
Elyod,3,0,3
Elyoenai,3,0,3
Elyoenaïa,0,3,3
Elyòn,3,0,3
Elyõn,3,0,3
Elyonae,0,3,3
Elyonai,3,0,3
Elyonne,0,3,3
Elyonora,0,3,3
Elyor,3,0,3
Elyot,0,3,3
Elyra,0,3,3
Elyrah,0,3,3
Elyron,3,0,3
Elysä,0,3,3
Elysa-Maria,0,3,3
Elysabah,3,0,3
Elysabet,0,3,3
Elysander,3,0,3
Elysaya,0,3,3
Elysce,0,3,3
Elyse-Rose,0,3,3
Elysea,0,3,3
Elyseé,0,3,3
Elysen,3,0,3
Elyseüs,3,0,3
Elyseus,3,0,3
Elyshea,0,3,3
Elyshewa,0,3,3
Elyshwa,0,3,3
Elysian,3,0,3
Elysiha,0,3,3
Elyska,0,3,3
Elyson,3,0,3
Elyssa-Amelie,0,3,3
Elyssée,0,3,3
Elyssio,3,0,3
Elysta,0,3,3
Elytia,0,3,3
Elýtis,3,0,3
Elyun,3,0,3
Elyve,0,3,3
Elyven,0,3,3
Elyviënne,0,3,3
Elyvio,3,0,3
Elyvon,0,3,3
Elyvonne,0,3,3
Elyzaveta,0,3,3
Elyziah,0,3,3
Elyzsiáh,0,3,3
Elza-Baukje,0,3,3
Elza-Lin,0,3,3
Elza-Paulien,0,3,3
Elzaba,0,3,3
Elzabe,0,3,3
Elzabea,0,3,3
Elzabijn,0,3,3
Elzadai,3,0,3
Elzahraa,0,3,3
Elzalie,0,3,3
Elzalinde,0,3,3
Elzama,3,0,3
Elzamieke,0,3,3
Elzan,0,3,3
Elzanetta,0,3,3
Elzanus,3,0,3
Elzar,3,0,3
Elzara,0,3,3
Elzarde,0,3,3
Elzaria,0,3,3
Elzbeta,0,3,3
Elzbeth,0,3,3
Elźbieta,0,3,3
Elžbieta,0,3,3
Elzbiéta,0,3,3
Elzbiëto,3,0,3
Elze-Marie,0,3,3
Elze-Marieke,0,3,3
Elze-Miek,0,3,3
Elze-Mieke,0,3,3
Elzearea,0,3,3
Elzearius,3,0,3
Elzearus,3,0,3
Elzebet,0,3,3
Elzebienus,3,0,3
Elzebina,0,3,3
Elzedina,0,3,3
Elzeke,0,3,3
Elzelientje,0,3,3
Elzelou,0,3,3
Elzelyne,0,3,3
Elzemaaike,0,3,3
Elzemarieke,0,3,3
Elzemarij,0,3,3
Elzemarijke,0,3,3
Elzemia,0,3,3
Elzemien,0,3,3
Elzenoor,0,3,3
Elzerdina,0,3,3
Elzerieke,0,3,3
Elzerta,0,3,3
Elzertus,3,0,3
Elzetine,0,3,3
Elzève,0,3,3
Elzevera,0,3,3
Elzévir,3,0,3
Elzewieke,0,3,3
Elzey,0,3,3
Elzha,0,3,3
Elzharaa,0,3,3
Elzia,3,0,3
Elzianus,3,0,3
Elzie,0,3,3
Elziene,0,3,3
Elzifa,0,3,3
Elzilia,0,3,3
Elzine,0,3,3
Elzino,3,0,3
Elzire,0,3,3
Elzius,3,0,3
Elzoberth,3,0,3
Elzoline,0,3,3
Elzona,0,3,3
Elzra,0,3,3
Elzrah,0,3,3
Elæve,0,3,3
Em'Barek,3,0,3
Em-Djay,3,0,3
Em-Ellien,0,3,3
Emaal,3,0,3
Emaanah,0,3,3
Emable,0,3,3
Emacula,0,3,3
Emad-Eldin,3,0,3
Emada,0,3,3
Emadel-din,0,3,3
Emaduwela,0,3,3
Emadvelon,3,0,3
Emadvelyn,0,3,3
Emaé,0,3,3
EMAG,3,0,3
Emagilda,0,3,3
Emahell,3,0,3
Emai,3,0,3
Emaily,0,3,3
Emaima,0,3,3
Emain,0,3,3
Emairo,3,0,3
Emaisa,0,3,3
Emaisherly,0,3,3
Emaiyra,0,3,3
Emál,3,0,3
Emalaysia,0,3,3
Emalee,0,3,3
Emali,0,3,3
Emaliëla,0,3,3
Emalien,0,3,3
Emalina,0,3,3
Emalinio,3,0,3
Emalyn,0,3,3
Emambu,0,3,3
Emamuel,3,0,3
Emāna,0,3,3
Emanah,0,3,3
Emandus,3,0,3
Emanie,3,0,3
Emannuell,3,0,3
Emannuella,0,3,3
Emannuelle,0,3,3
Emanoël,3,0,3
Emanouil,3,0,3
Emans,3,0,3
Emantia,0,3,3
Emanu'el,3,0,3
Emanua,0,3,3
Emanuala,0,3,3
Emanudei,3,0,3
Emanuêl,3,0,3
Emanüel,3,0,3
Emanuel-Ramon,3,0,3
Emanuéla,0,3,3
Emanuéle,0,3,3
Emanuele-Levi,3,0,3
Emanueli,0,3,3
Emanuélio,3,0,3
Emanüell,3,0,3
Emánuella,0,3,3
Emanuellë,0,3,3
Emanuellé,0,3,3
Emanuelle-Esther,0,3,3
Emanuelli,3,0,3
Emanuelson-Dominico,3,0,3
Emanullah,3,0,3
Emanus,3,0,3
Emanuwel,3,0,3
Emanuwell,3,0,3
Emarance,3,0,3
Emarenciana,0,3,3
Emarenthia,0,3,3
Emarentiea,0,3,3
Emariciano,3,0,3
Emarliano,3,0,3
Emarly,0,3,3
Emarosa,0,3,3
Emarson,3,0,3
Emary,3,0,3
Emasheline,0,3,3
Ematha,0,3,3
Emathyst,0,3,3
Emauel,3,0,3
Emauritius,3,0,3
Emaury,0,3,3
Emaus,3,0,3
Emawati,0,3,3
Emaxaida,0,3,3
Emaylson,3,0,3
Emayra,0,3,3
Emaysha,0,3,3
Emaza,0,3,3
EMB,0,3,3
Embandala,0,3,3
Embartus,3,0,3
Embelinda,0,3,3
Emberlee,0,3,3
Emberley,0,3,3
Emberlynn,0,3,3
Embèrt,3,0,3
Emberthe,0,3,3
Emberthus,3,0,3
Embherlyn,0,3,3
Embrace,3,0,3
Embrag,3,0,3
Embrain,3,0,3
Embre,0,3,3
Embreal,0,3,3
Embrechta,0,3,3
Embrechtus,3,0,3
Embregtus,3,0,3
Embrine,0,3,3
Embro,3,0,3
Embrosyo,3,0,3
Emcee,3,0,3
Emcey,3,0,3
Emchelcy,0,3,3
Emdimaira,0,3,3
Emdin,3,0,3
Emdy,0,3,3
Eme-line,0,3,3
Emea,0,3,3
Emec,3,0,3
Emeçe,0,3,3
Emed-Eddin,3,0,3
Emedio,3,0,3
Emeé,0,3,3
Emeely,0,3,3
Emeerna,0,3,3
Emeese,0,3,3
Emeeuwis,3,0,3
Emef,3,0,3
Emefa-Adika,0,3,3
Emefiele,3,0,3
Emegonda,0,3,3
Emeh,3,0,3
Emekor,0,3,3
Emelayna,0,3,3
Emeldes,0,3,3
Emeldina,0,3,3
Emeleo,3,0,3
Emeley-Rose,0,3,3
Eméli,0,3,3
Emëlia,0,3,3
Emelice,0,3,3
Emelicia,0,3,3
Emelië,0,3,3
Emelie-Jane,0,3,3
Emelie-Jo,0,3,3
Emelie-Roos,0,3,3
Emeliek,0,3,3
Emeliena,0,3,3
Emeliènne,0,3,3
Emelies,0,3,3
Emelindy,0,3,3
Eméline,0,3,3
Emelino,3,0,3
Emelinton,3,0,3
Emelique,0,3,3
Emelisa,0,3,3
Emelisia,0,3,3
Emeliya,0,3,3
Emeliza,0,3,3
Emellio,3,0,3
Emelt,3,0,3
Emelydia,0,3,3
Emelye,0,3,3
Emelyke,0,3,3
Ememegilda,0,3,3
Emenat,0,3,3
Emene,0,3,3
Emenet,0,3,3
Eméni,0,3,3
Emeni,0,3,3
Emenike,3,0,3
Emenile,0,3,3
Emenio,3,0,3
Emenlan,0,3,3
Emenny,0,3,3
Emenor,0,3,3
Emensio,3,0,3
Ementely,0,3,3
Ementi,0,3,3
Eménuél,3,0,3
Emenuel,3,0,3
Eméra,0,3,3
Emeral,3,0,3
Emeraldus,3,0,3
Emeraldyn,3,0,3
Emeranca,0,3,3
Emeranche,0,3,3
Emerans,3,0,3
Emeranse,3,0,3
Emerantia,0,3,3
Emerantius,3,0,3
Emeranz,0,3,3
Emerardus,3,0,3
Emercan,3,0,3
Emère,0,3,3
Emerelle,0,3,3
Emerênciana,0,3,3
Emerent,3,0,3
Emerenthiana,0,3,3
Emerenthius,3,0,3
Emerentiani,0,3,3
Emerentiania,0,3,3
Emerentrana,0,3,3
Emerenz,3,0,3
Emerenzia,0,3,3
Emereo,3,0,3
Emerianne,0,3,3
Emericiana,0,3,3
Emerick,3,0,3
Emerico,3,0,3
Emeride,0,3,3
Emerié,3,0,3
Emerijn,3,0,3
Emerik,3,0,3
Emerike,0,3,3
Emerilda,0,3,3
Emerillio,3,0,3
Emerim,0,3,3
Emerinus,3,0,3
Emerio,3,0,3
Emérique,3,0,3
Emerite,0,3,3
Emerith,0,3,3
Emeritha,0,3,3
Emeritus,3,0,3
Emerjiëlly,0,3,3
Emerode,0,3,3
Emerose,0,3,3
Emesa,0,3,3
Emeshanty,0,3,3
Emestine,0,3,3
Emetejerhe,0,3,3
Emeteria,0,3,3
Emeto,3,0,3
Emey,0,3,3
Emeylson,3,0,3
Emeze,0,3,3
Emezie,3,0,3
Emfedal,3,0,3
EMG,0,3,3
Emgard,3,0,3
Emgardus,3,0,3
Emgbert,3,0,3
Emger,3,0,3
Emgud,3,0,3
EMH,3,0,3
Emhammed,3,0,3
Emhe,0,3,3
Emhemed,3,0,3
Emí,0,3,3
Emi-Lynn,0,3,3
Emial,3,0,3
Emiàn,3,0,3
Emian,3,0,3
Emiany,0,3,3
Emiatti,0,3,3
Emichaël,3,0,3
Emick,3,0,3
Emid,3,0,3
Emidgia,0,3,3
Emidia,0,3,3
Emidiana,0,3,3
Emieh-Justiça,0,3,3
Emièl,3,0,3
Emiel-Corné,3,0,3
Emielde,0,3,3
Emielê,3,0,3
Emiële,0,3,3
Emielencia,0,3,3
Emielenzo,3,0,3
Emieleus,0,3,3
Emielian,3,0,3
Emielianus,3,0,3
Emielienne,3,0,3
Emielijivna,0,3,3
Emielijovich,3,0,3
Emielius,3,0,3
Emielja,0,3,3
Emielje,0,3,3
Emieljo,3,0,3
Emielka,0,3,3
Emielkumar,3,0,3
Emiellia,0,3,3
Emielliano,3,0,3
Emielou,0,3,3
Emielus,3,0,3
Emielya,0,3,3
Emiën,3,0,3
Emiena,0,3,3
Emiené,0,3,3
Emiënne,0,3,3
Emietje,0,3,3
Emiëtte,0,3,3
Emig,3,0,3
Emigda,0,3,3
Emigdia,0,3,3
Emighaly,0,3,3
Emighana,0,3,3
Emigidio,3,0,3
Emigio,3,0,3
Emiglio,3,0,3
Emii,0,3,3
Emiily,0,3,3
Emijet,0,3,3
Emik,0,3,3
Emika,0,3,3
Emiké,0,3,3
Emil'yano,3,0,3
Emil-Jan,3,0,3
Emil-Louis,3,0,3
Emilaine,0,3,3
Emilan,3,0,3
Emilana,0,3,3
Emilandus,3,0,3
Emilania,0,3,3
Emilanus,3,0,3
Emilay,0,3,3
Emilca,0,3,3
Emildes,0,3,3
Emildina,0,3,3
Emildo,3,0,3
Emildus,3,0,3
Emile-Auguste,3,0,3
Emile-Didier,3,0,3
Emile-Herm,3,0,3
Emile-Joël,3,0,3
Emile-Mathieu,3,0,3
Emile-Rogier,3,0,3
Emile-Ruben,3,0,3
Emileana,0,3,3
Emileandro,3,0,3
Emileen,0,3,3
Emileigh,0,3,3
Emilen,0,3,3
Emilena,0,3,3
Emileon,3,0,3
Emileson,3,0,3
Emileyan,3,0,3
Emilia-Brianne,0,3,3
Emilia-Lily,0,3,3
Emiliaano,3,0,3
Emiliance,3,0,3
Emiliandro,3,0,3
Emilianis,0,3,3
Emilianos,3,0,3
Emilianthaly,0,3,3
Emiliè,0,3,3
Emilíe-Apple,0,3,3
Emilie-ema,0,3,3
Emiliëne,0,3,3
Emiliènne,0,3,3
Emiliet,0,3,3
Emilijan,3,0,3
Emilily,0,3,3
Emilio-gjalt,3,0,3
Emilio-Iv,3,0,3
Emilion,3,0,3
Emilior,3,0,3
Emilios,3,0,3
Emiljano,3,0,3
Emilje,0,3,3
Emille-Pedro,3,0,3
Emillene,0,3,3
Emillian,3,0,3
Emillianio,3,0,3
Emillianus,3,0,3
Emilliën,0,3,3
Emilliena,0,3,3
Emilliene,0,3,3
Emillienna,0,3,3
Emilliënne,0,3,3
Emillij,0,3,3
Emillion,3,0,3
Emillo,3,0,3
Emilova,0,3,3
Emilse,0,3,3
Emilu,0,3,3
Emilva,0,3,3
Emily-Annemarie,0,3,3
Emily-Dorthe,0,3,3
Emily-Fay,0,3,3
Emily-Grace,0,3,3
Emily-Jill,0,3,3
Emily-Joy,0,3,3
Emily-Julie,0,3,3
Emily-Juliette,0,3,3
Emily-Merel,0,3,3
Emily-Sharon,0,3,3
Emily-Sue,0,3,3
Emilyana,0,3,3
Emilyo,3,0,3
Emima,0,3,3
Emîn,3,0,3
Emin-Esad,3,0,3
Emin-Tuĝra,3,0,3
Emina-Louise,0,3,3
Emìne,0,3,3
Emine-Noa,0,3,3
Emine-Rojda,0,3,3
Eminelina,0,3,3
Eminenaz,0,3,3
Eminentia,0,3,3
Eminesu,0,3,3
Emini,0,3,3
Eminna,0,3,3
Eminnur,3,0,3
Eminşah,3,0,3
Eminta,0,3,3
Emintahir,3,0,3
Emintha,0,3,3
Eminullah,3,0,3
Eminy,0,3,3
Emio,3,0,3
Emiola,3,0,3
Emir-Can,3,0,3
Emirâ,0,3,3
Emiraine,0,3,3
Emirakif,3,0,3
Emiralda,0,3,3
Emiraldus,3,0,3
Emirangely,0,3,3
Emirayno,3,0,3
Emirbaybars,3,0,3
Emirçan,3,0,3
Emirenscia,0,3,3
Emirentius,3,0,3
Emirgul,0,3,3
Emirhaan,3,0,3
Emirham,3,0,3
Emirkagan,3,0,3
Emirkerim,3,0,3
Emirkilal,3,0,3
Emiron-Maximiliano,3,0,3
Emirşah,3,0,3
Emirtho,3,0,3
Emiry,0,3,3
Emisah,0,3,3
Emişen,0,3,3
Emişgül,0,3,3
Emita,0,3,3
Emitherio,3,0,3
Emitis,0,3,3
Emiyre,0,3,3
Emjory,0,3,3
Emkelina,0,3,3
Emkeszoon,3,0,3
Emko-Hessel,3,0,3
Emla,0,3,3
Emlanda,0,3,3
Emlania,0,3,3
Emley,0,3,3
Emli,0,3,3
Emlien,0,3,3
Emlynn,0,3,3
Emmà,0,3,3
EMMA,0,3,3
Emma-Beatrice,0,3,3
Emma-Belle,0,3,3
Emma-Bernice,0,3,3
Emma-Caroline,0,3,3
Emma-Charlotte,0,3,3
Emma-Christina,0,3,3
Emma-Clare,0,3,3
Emma-Eliane,0,3,3
Emma-Emily,0,3,3
Emma-Fay,0,3,3
Emma-Faye,0,3,3
Emma-Fien,0,3,3
Emma-Gwen,0,3,3
Emma-Helena,0,3,3
Emma-Jasmijn,0,3,3
Emma-Jean,0,3,3
Emma-Jill,0,3,3
Emma-Joan,0,3,3
Emma-Jolie,0,3,3
Emma-Jordan,0,3,3
Emma-Josephine,0,3,3
Emma-Joules,0,3,3
Emma-Joy,0,3,3
Emma-Juliana,0,3,3
Emma-Julie,0,3,3
Emma-Juliet,0,3,3
Emma-Kee,0,3,3
Emma-Kirsten,0,3,3
Emma-Li,0,3,3
Emma-Licia,0,3,3
Emma-Lie,0,3,3
Emma-lieke,0,3,3
Emma-Lieve,0,3,3
Emma-Linde,0,3,3
Emma-Lise,0,3,3
Emma-Lorin,0,3,3
Emma-Lou,0,3,3
Emma-Louisa,0,3,3
Emma-Louïse,0,3,3
Emma-Luwine,0,3,3
Emma-Marie,0,3,3
Emma-Martje,0,3,3
Emma-Melene,0,3,3
Emma-Mirte,0,3,3
Emma-Noor,0,3,3
Emma-Noora,0,3,3
Emma-Ray,0,3,3
Emma-Renna,0,3,3
Emma-Rixt,0,3,3
Emma-Roos,0,3,3
Emma-Rosalinde,0,3,3
Emma-Ruth,0,3,3
Emma-Silke,0,3,3
Emma-Sofie,0,3,3
Emma-Valeria,0,3,3
Emmagina,0,3,3
Emmagreet,0,3,3
Emmaj,0,3,3
Emmajan,0,3,3
Emmajane,0,3,3
Emmalda,0,3,3
Emmalean,0,3,3
Emmaleida,0,3,3
Emmaley,0,3,3
Emmalie-Joan,0,3,3
Emmalies,0,3,3
Emmalinne,0,3,3
Emmaliz,0,3,3
Emmally,0,3,3
Emmalot,0,3,3
Emmaluce,0,3,3
Emmalyna,0,3,3
Emmalyne,0,3,3
Emmalynne,0,3,3
Emmalysa,0,3,3
Emmalyse,0,3,3
Emmanaly,0,3,3
Emmani,3,0,3
Emmaniel,3,0,3
Emmaniël,3,0,3
Emmannuella,0,3,3
Emmano,3,0,3
Emmanoëlla,0,3,3
Emmanouela,0,3,3
Emmanoyel,3,0,3
Emmanu-ela,0,3,3
Emmanualla,0,3,3
Emmanueel,3,0,3
Emmanuél,3,0,3
Emmanuêl,3,0,3
Emmanuël-la,0,3,3
Emmanúela,0,3,3
Emmanuèla,0,3,3
Emmanuell,3,0,3
Emmanuèlla,0,3,3
Emmanuella-Corinne,0,3,3
Emmanuellë,0,3,3
Emmanuèlle,0,3,3
Emmanuelli,0,3,3
Emmany,0,3,3
Emmar,0,3,3
Emmarald,0,3,3
Emmarelle,0,3,3
Emmarencia,0,3,3
Emmaria,0,3,3
Emmarijnsje,0,3,3
Emmarika,0,3,3
Emmarina,0,3,3
Emmarinjo,3,0,3
Emmarintia,0,3,3
Emmarly,0,3,3
Emmarose,0,3,3
Emmarrit,0,3,3
Emmart,3,0,3
Emmarye,0,3,3
Emmasia,3,0,3
Emmasophie,0,3,3
Emmatina,0,3,3
Emmatine,0,3,3
Emmay,0,3,3
Emmay-Sofie,0,3,3
Emmbeat,0,3,3
Emme-Fleur,0,3,3
Emme-Jet,0,3,3
Emme-Lin,0,3,3
Emme-Lot,0,3,3
Emme-Lou,0,3,3
Emme-Lynn,0,3,3
Emme-Zoete,0,3,3
Emmed,3,0,3
Emmeé,0,3,3
Emmegien,0,3,3
Emmegina,0,3,3
Emmelaure,0,3,3
Emmeleia,0,3,3
Emmeleigh-Ailien,0,3,3
Emmeleine,0,3,3
Emmélie,0,3,3
Emmelief,0,3,3
Emmelies,0,3,3
Emmeliet,0,3,3
Emmelieve,0,3,3
Emmelime,0,3,3
Emmelisa,0,3,3
Emmelius,3,0,3
Emmelly-Jocé,0,3,3
Emmelti,0,3,3
Emmely-Lou,0,3,3
Emmenem,0,3,3
Emmengge,0,3,3
Emmenie,0,3,3
Emmeram,3,0,3
Emmerens,3,0,3
Emmerensiane,0,3,3
Emmerenthiana,0,3,3
Emmerentianna,0,3,3
Emmerentienne,0,3,3
Emmerenza,0,3,3
Emmerette,0,3,3
Emmerieke,0,3,3
Emmerig,0,3,3
Emmerikes,3,0,3
Emmerink,3,0,3
Emmerintia,0,3,3
Emmerique,0,3,3
Emmero,3,0,3
Emmès,0,3,3
Emmetoullah,0,3,3
Emmì,0,3,3
Emmi-Jane,0,3,3
Emmi-Lou,0,3,3
Emmi-Rose,0,3,3
Emmicha,0,3,3
Emmie-Lena,0,3,3
Emmie-Lou,0,3,3
Emmielia,0,3,3
Emmieline,0,3,3
Emmiena,0,3,3
Emmigien,0,3,3
Emmiké,0,3,3
Emmiko,0,3,3
Emmile,0,3,3
Emmilian,3,0,3
Emmiljka,0,3,3
Emmilyn,0,3,3
Emmilyna,0,3,3
Emmin,3,0,3
Emmir,3,0,3
Emmitje,0,3,3
Emmlia,0,3,3
Emmly,0,3,3
Emmma,0,3,3
Emmon,3,0,3
Emmone,0,3,3
Emmory,3,0,3
Emmu,0,3,3
Emmuëla,0,3,3
Emmy-Asheley,0,3,3
Emmy-Joe,0,3,3
Emmy-Koos,0,3,3
Emmy-Louise,0,3,3
Emmy-Marijt,0,3,3
Emmylee,0,3,3
Emmyliën,0,3,3
Emmylotte,0,3,3
Emmylou-Jane,0,3,3
Emmyna,0,3,3
Emmyrencia,0,3,3
Emmyricia,0,3,3
Emne,0,3,3
Emnée,0,3,3
Emneidyshantelly,0,3,3
Emnet,0,3,3
Emni,0,3,3
Emoa,0,3,3
Emoenah,0,3,3
Emoh,0,3,3
Emona,0,3,3
Emondt,3,0,3
Emoni,0,3,3
Emonthyele,0,3,3
Emooi,0,3,3
Emoot,3,0,3
Emor,3,0,3
Emorentia,0,3,3
Emóri,0,3,3
Emoro,3,0,3
Emosioriameh,0,3,3
Emoura,0,3,3
Emous,3,0,3
Emoyeni,0,3,3
Emozino,3,0,3
Emperor,3,0,3
Emphraël,0,3,3
Emphyra,0,3,3
Emporio,3,0,3
Emproar,3,0,3
Emptage,3,0,3
Emrach,3,0,3
Emrag,3,0,3
Emrâh,3,0,3
Emrana,0,3,3
Emrantia,0,3,3
Emranullah,3,0,3
Emrè,3,0,3
Emre-Ali,3,0,3
Emre-Ziya,3,0,3
Emrel,3,0,3
Emrentia,0,3,3
Emrica,0,3,3
Emrico,3,0,3
Emrika,0,3,3
Emrikus,3,0,3
Emsela,0,3,3
Emsi,0,3,3
Emsina,0,3,3
Emsley,3,0,3
Emson,3,0,3
Emtine,0,3,3
Emu,0,3,3
Emuél,3,0,3
Emuela,0,3,3
Emuetiyanosa,0,3,3
Emukun,0,3,3
Emuline,0,3,3
Emuna,0,3,3
Emunah,0,3,3
Emurlah,3,0,3
Emurogheneruru,3,0,3
Emwan,3,0,3
Emwindosa,3,0,3
Emwinomwan,3,0,3
Emy-Farah,0,3,3
Emy-Iliana,0,3,3
Emy-Lynn,0,3,3
Emyen,0,3,3
Emyko,0,3,3
Emylea,0,3,3
Emylenora,0,3,3
Emylian,3,0,3
Emyliawati,0,3,3
Emylicia,0,3,3
Emyliene,0,3,3
Emyline,0,3,3
Emylou,0,3,3
Emyn,0,3,3
Emynaily,0,3,3
Emyne,0,3,3
Emyram,0,3,3
Emyranda,0,3,3
Emyrène,0,3,3
Emyriana,0,3,3
Emyrica,0,3,3
Emyriën,0,3,3
Emyrieshelys,0,3,3
Emyron,3,0,3
Emyshentely,0,3,3
Emytha,0,3,3
Emyviënne,0,3,3
Emzizi,3,0,3
En'gillius,3,0,3
En'Rico,3,0,3
En-Chadda,0,3,3
En-Hui,0,3,3
En-Jian,3,0,3
En-Jie,3,0,3
En-Qi,0,3,3
En-Ruo,3,0,3
En-Sháo,0,3,3
En-Shuo,3,0,3
En-Wei,3,0,3
Enaas,3,0,3
Enaaya,0,3,3
Enad,3,0,3
Enadi,0,3,3
Enahm,3,0,3
Enahsu,0,3,3
Enahu,3,0,3
Enahzio,3,0,3
Enaida,0,3,3
Enailys,0,3,3
Enairo,3,0,3
Enaisa,0,3,3
Enait,0,3,3
Enakai,3,0,3
Enaksi,0,3,3
Enala,0,3,3
Enalisha,0,3,3
Enamika,0,3,3
Enando,3,0,3
Enang,3,0,3
Enanga,0,3,3
Enanna,0,3,3
Enardinio,3,0,3
Enardus,3,0,3
Enarú,0,3,3
Enashaitely,0,3,3
Enass,0,3,3
Enat,0,3,3
Enath,0,3,3
Enawati,0,3,3
Enaya,0,3,3
Enayah,0,3,3
Enayet,0,3,3
Enayla,0,3,3
Enayra,0,3,3
Enayron,3,0,3
Enaysha,0,3,3
Enberto,3,0,3
Encarnação,0,3,3
Encelina,0,3,3
Enchely,0,3,3
Enchico,3,0,3
Enci,0,3,3
Encilla,0,3,3
Enco,3,0,3
Ency,3,0,3
Endá,0,3,3
Endain,0,3,3
Endalè,0,3,3
Endalecio,3,0,3
Endam,0,3,3
Endean,3,0,3
Endeaver,3,0,3
Endeavor,0,3,3
Endek,3,0,3
Endeke,0,3,3
Endekie,0,3,3
Endely,0,3,3
Endenly,3,0,3
Endercan,3,0,3
Enderdjeta,0,3,3
Enderica,0,3,3
Enderienna,0,3,3
Enderina,0,3,3
Endes,3,0,3
Endéus,3,0,3
Endfen,3,0,3
Endimion,3,0,3
Endin,3,0,3
Endita,0,3,3
Endjelina,0,3,3
Endjiliena,0,3,3
Endliz,0,3,3
Endolien,0,3,3
Endolina,0,3,3
Endonita,0,3,3
Endora,0,3,3
Endra,3,0,3
Endres,3,0,3
Endrew,3,0,3
Endria,0,3,3
Endriati,0,3,3
Endrick,3,0,3
Endrid,3,0,3
Endrie,3,0,3
Endriean,3,0,3
Endrilon,3,0,3
Endrin,3,0,3
Endriño,3,0,3
Endru,3,0,3
Endryas,0,3,3
Endrycio,3,0,3
Endrys,3,0,3
Endyka,3,0,3
Endza,0,3,3
Ené,3,0,3
Enealyano,3,0,3
Enéas,3,0,3
Enëas,3,0,3
Enebi,3,0,3
Ened,0,3,3
Eneda,0,3,3
Enedin,3,0,3
Eneias,3,0,3
Eneïef,0,3,3
Enelerai,0,3,3
Enelício,3,0,3
Eneliën,0,3,3
Enelís,0,3,3
Enelita,0,3,3
Enellia,0,3,3
Enellina,0,3,3
Enem,0,3,3
Enencio,3,0,3
Enerdil,3,0,3
Enere,0,3,3
Enerina,0,3,3
Enerio,3,0,3
Enès,3,0,3
Enes-Furkan,3,0,3
Enesfuat,3,0,3
Enesharun,3,0,3
Eneshe,0,3,3
Eneskaan,3,0,3
Enet,0,3,3
Enetta,0,3,3
Enette,0,3,3
Eneüs,3,0,3
Enezia,0,3,3
Enfâl,0,3,3
Enfeli,3,0,3
Enfer,3,0,3
Enferney,3,0,3
Enferny,3,0,3
Enfie,0,3,3
Enfimo,3,0,3
Enfrien,3,0,3
Enfys,0,3,3
Enga,0,3,3
Engahero,3,0,3
Engaline,0,3,3
Engarcia,0,3,3
Engberley,0,3,3
Engbért,3,0,3
Engbert-Jan,3,0,3
Engbert-Peter,3,0,3
Engberta-Dorothea,0,3,3
Engbertdien,0,3,3
Engbertdiena,0,3,3
Engberti,0,3,3
Engbertien,0,3,3
Engbertiny,0,3,3
Engdashet,0,3,3
Engedy,0,3,3
Engeelique,0,3,3
Engél,3,0,3
Engel-Jan,3,0,3
Engel-Johan,3,0,3
Engelbente,0,3,3
Engelbep,0,3,3
Engelberdiena,0,3,3
Engelbert-Martijn,3,0,3
Engelberti,0,3,3
Engelbertien,0,3,3
Engelberto,3,0,3
Engelbeth,3,0,3
Engelbetsy,0,3,3
Engelboaz,3,0,3
Engelbrechta,0,3,3
Engelcke,3,0,3
Engelebertus,3,0,3
Engelen,3,0,3
Engelfrida,0,3,3
Engelfriede,0,3,3
Engelgiano,3,0,3
Engelhelena,0,3,3
Engelicus,3,0,3
Engelida,0,3,3
Engélie,0,3,3
Engelief,0,3,3
Engeliek,0,3,3
Engelieneke,0,3,3
Engelienne,0,3,3
Engelientjen,0,3,3
Engelijntje,0,3,3
Engelinde,0,3,3
Engeline-Arianne,0,3,3
Engelineke,0,3,3
Engeling,0,3,3
Engelino,0,3,3
Engélique,0,3,3
Engelise,0,3,3
Engelize,0,3,3
Engeljon,0,3,3
Engelle,3,0,3
Engelley,0,3,3
Engelleya,0,3,3
Engellica,0,3,3
Engelliene,0,3,3
Engellientje,0,3,3
Engellinda,0,3,3
Engelline,0,3,3
Engellyne,0,3,3
Engelmondus,3,0,3
Engelnora,0,3,3
Engelordus,3,0,3
Engelry,3,0,3
Engelson,3,0,3
Engeltom,3,0,3
Engeltruda,0,3,3
Engeltrudis,0,3,3
Engenatius,3,0,3
Engenie,0,3,3
Engenius,3,0,3
Engentje,0,3,3
Engerina,0,3,3
Engetina,0,3,3
Engetje,0,3,3
Enggeline,0,3,3
Enggenetha,0,3,3
Enggenita,0,3,3
Engi,0,3,3
Engie-Lane,0,3,3
Engiena,0,3,3
Engin-can,3,0,3
Enginhan,3,0,3
Enginio,3,0,3
Engino,3,0,3
Engio,3,0,3
Engiy,0,3,3
Engjell,3,0,3
Engji,0,3,3
Engjull,3,0,3
Engkjen,0,3,3
Englantina,0,3,3
Englica,0,3,3
Englyke,0,3,3
Engmar,0,3,3
Engola,3,0,3
Engowei,0,3,3
Engratia,0,3,3
Engske,0,3,3
Engül,0,3,3
Enhao,3,0,3
Eni-Lir,3,0,3
Enica,0,3,3
Enicha,0,3,3
Enicho,3,0,3
Enicio,3,0,3
Enicus,3,0,3
Enie,0,3,3
Eniefryd,3,0,3
Eniel,3,0,3
Eniet,0,3,3
Enieta,0,3,3
Enifere,0,3,3
Enik,0,3,3
Enike,0,3,3
Enikör,0,3,3
Enilehsia,0,3,3
Enilia,0,3,3
Enilien,0,3,3
Enillia,0,3,3
Enily,0,3,3
Enim,0,3,3
Enime,0,3,3
Enimie,0,3,3
Enin,0,3,3
Eninga,0,3,3
Eninio,3,0,3
Enink,0,3,3
Enique,0,3,3
Enîs,3,0,3
Enis-Martin,3,0,3
Enisah,0,3,3
Eniscan,3,0,3
Enisenur,0,3,3
Enishan,3,0,3
Enisrio,3,0,3
Enissa,0,3,3
Enite,0,3,3
Enitia,0,3,3
Enito,3,0,3
Enitor,3,0,3
Enivertely,0,3,3
Eniya,0,3,3
Eniyahse,0,3,3
Enizio,3,0,3
Enjar,3,0,3
Enjay-Noah,3,0,3
Enjel,3,0,3
Enjelique,0,3,3
Enjenmar,3,0,3
Enjie,3,0,3
Enjohlino,3,0,3
Enjolino,3,0,3
Enjomara,0,3,3
Enjostin,3,0,3
Enjoylente,0,3,3
Enju,3,0,3
Enjulo,3,0,3
Enjun,3,0,3
Enjy,0,3,3
Enk,3,0,3
Enkel,0,3,3
Enkela,0,3,3
Enkeli,0,3,3
Enkelli,0,3,3
Enkhmaa,0,3,3
Enkii,3,0,3
Enkosi,3,0,3
Enkui,3,0,3
Enlai,3,0,3
Enle,0,3,3
Enliel,3,0,3
Enlin,0,3,3
Enmanuela,0,3,3
Enmei,0,3,3
Enmery,0,3,3
Enna-Jane,0,3,3
Enna-Linn,0,3,3
Enna-Maria,0,3,3
Ennalie,0,3,3
Ennard,3,0,3
Ennata,0,3,3
Ennatha,0,3,3
Enndy,3,0,3
Enné,3,0,3
Enne-Jan,3,0,3
Enneas,3,0,3
Ennechien,0,3,3
Ennedy,0,3,3
Ennejan,3,0,3
Enneley,0,3,3
Ennelie,0,3,3
Ennelies,0,3,3
Ennelina,0,3,3
Enneline,0,3,3
Ennelita,0,3,3
Ennelly,0,3,3
Enneman,3,0,3
Ennemay,0,3,3
Enneri,0,3,3
Ennestoria,0,3,3
Ennetta,0,3,3
Enniah,0,3,3
Enniath,3,0,3
Ennigje,0,3,3
Ennik,0,3,3
Ennika,0,3,3
Ennissa,0,3,3
Ennock,3,0,3
Ennodia,0,3,3
Ennodius,3,0,3
Ennoia,0,3,3
Ennola,0,3,3
Ennore,0,3,3
Ennorieko,3,0,3
Ennouar,0,3,3
Ennour,3,0,3
Ennowyn,3,0,3
Enny-Grietje,0,3,3
Enny-Rieke,0,3,3
Enny-Sanne,0,3,3
Enoà,3,0,3
Enobong,0,3,3
Enocencia,0,3,3
Enochine,0,3,3
Enodios,3,0,3
Enofe,3,0,3
Enoghama,0,3,3
Enoghyin,3,0,3
Enoito,0,3,3
Enokobosare,3,0,3
Enola-Zoë,0,3,3
Enoline,0,3,3
Enolino,3,0,3
Enolla,0,3,3
Enomies,0,3,3
Enon,3,0,3
Enong,0,3,3
Enor,0,3,3
Enory,0,3,3
Enosadiaekor,0,3,3
Enosencia,0,3,3
Enoseta,3,0,3
Enosh,3,0,3
Enou,3,0,3
Enour,3,0,3
Enouschka,0,3,3
Enovefa,0,3,3
Enovwor,0,3,3
Enowbi,3,0,3
Enoy,0,3,3
Enoyoze,0,3,3
Enoziegbe,3,0,3
Enqiao,0,3,3
Enricha,0,3,3
Enrichette,0,3,3
Enricho,3,0,3
Enricke,0,3,3
Enricko,3,0,3
Enríco,3,0,3
Enriëlle,0,3,3
Enriëtta,0,3,3
Enriette,0,3,3
Enrigetta,0,3,3
Enrigillio,3,0,3
Enrigo,3,0,3
Enrigue,3,0,3
Enriguillo,3,0,3
Enrikke,0,3,3
Enrikos,3,0,3
Enrikus,3,0,3
Enrimmon,3,0,3
Enrinah,0,3,3
Enriqco,3,0,3
Enriqe,3,0,3
Enrique-Luiz,3,0,3
Enriquece,3,0,3
Enriquetta,0,3,3
Enriquéz,3,0,3
Enris,3,0,3
Enrisar,3,0,3
Enrisha,0,3,3
Enriside,3,0,3
Enriu,0,3,3
Enrivian,3,0,3
Enrö,3,0,3
Enrogel,3,0,3
Enroy,3,0,3
Enrrique,3,0,3
Enru,0,3,3
Ens,0,3,3
Ensabella,0,3,3
Ensalina,0,3,3
Ensara,0,3,3
Ensem,0,3,3
Enserio,3,0,3
Ensforth,3,0,3
Ensha,3,0,3
Enshley,3,0,3
Ensien,0,3,3
Ensiena,0,3,3
Ensienio,3,0,3
Ensiom,3,0,3
Ensley-Jade,0,3,3
Enslin,3,0,3
Ensmos,3,0,3
Ensō,3,0,3
Enson,3,0,3
Ensor,3,0,3
Enssan,3,0,3
Ensuenos,0,3,3
Ensy,3,0,3
Ensyano,3,0,3
Enszo,3,0,3
Entachi,3,0,3
Entan,3,0,3
Entaney,0,3,3
Enteke,0,3,3
Enteline,0,3,3
Enten,3,0,3
Entenette,0,3,3
Enteni,3,0,3
Enthalia,0,3,3
Enthany,3,0,3
Enthenni,3,0,3
Entho,0,3,3
Enthuga,0,3,3
Enti,0,3,3
Entiënne,3,0,3
Entih,0,3,3
Entina,0,3,3
Entintielle,0,3,3
Entisar,0,3,3
Entissar,0,3,3
Entjon,3,0,3
Entjum,0,3,3
Entkea,0,3,3
Entong,3,0,3
Entonnyo,3,0,3
Entornie,3,0,3
Entsar,0,3,3
Entse,3,0,3
Entsie,3,0,3
Entsimo,0,3,3
Entya,0,3,3
Entyia,0,3,3
Entzo,3,0,3
Enu,3,0,3
Enüel,3,0,3
Enuen,3,0,3
Enuoma,0,3,3
Envaiyo,3,0,3
Envangelina,0,3,3
Envian,3,0,3
Envira,0,3,3
Envy-Linn,0,3,3
Enwei,3,0,3
Enwer-Yuzkhan,3,0,3
Enxi,0,3,3
EnXi,0,3,3
Enyà,0,3,3
Enya-Maria,0,3,3
Enyan,0,3,3
Enyanam,0,3,3
Enyang,3,0,3
Enyce,0,3,3
Enyd,0,3,3
Enyell,3,0,3
Enyfried,3,0,3
Enyi,3,0,3
Enyimayra,0,3,3
Enyta,0,3,3
Enythio,3,0,3
Enyu,0,3,3
Enyuan,3,0,3
Enzä,0,3,3
Enza-Mae,0,3,3
Enzelina,0,3,3
Enzï,3,0,3
Enzia,0,3,3
Enzie,3,0,3
Enzilda,0,3,3
Enzinho,3,0,3
Enzo-Eugène,3,0,3
Enzy,3,0,3
Eogán,3,0,3
Eòghainn,3,0,3
Eoghann,3,0,3
Eoine,0,3,3
Eolande,0,3,3
Eolin,0,3,3
Eolyne,0,3,3
Eon-Shane,3,0,3
Eonise,0,3,3
Eora,0,3,3
Eös,0,3,3
Eostar,0,3,3
Eovar,3,0,3
Eówyn,0,3,3
Eowynn,0,3,3
Epa,3,0,3
Epafrodita,0,3,3
Epaminondas,3,0,3
Epanamako,3,0,3
Epe,3,0,3
Epecharius,3,0,3
Epedina,3,0,3
Epénetus,3,0,3
Epert,3,0,3
Epeti,0,3,3
Epey,3,0,3
EPH,3,0,3
Epha,0,3,3
Ephandy,3,0,3
Ephanie,0,3,3
Ephany,0,3,3
Ephariën,3,0,3
Ephedra,0,3,3
Ephema,0,3,3
Ephendrich,3,0,3
Ephengy,3,0,3
Ephenshany,0,3,3
Ephenshely,0,3,3
Epheny,0,3,3
Epheo,3,0,3
Epher-Rich,3,0,3
Epherd,3,0,3
Epherich,3,0,3
Epherio,3,0,3
Epheumia,0,3,3
Ephigenia,0,3,3
Ephina,0,3,3
Ephine,0,3,3
Ephiny,0,3,3
Ephraam,3,0,3
Ephracia,3,0,3
Ephraëm,3,0,3
Ephraím,3,0,3
Ephraima,0,3,3
Ephraïma,0,3,3
Ephraïme,0,3,3
Ephrain,3,0,3
Ephrajim,3,0,3
Ephramar,3,0,3
Ephrata,0,3,3
Ephrém,3,0,3
Ephriam,3,0,3
Ephrisius,3,0,3
Ephrosina,0,3,3
Epicanus,3,0,3
Epicharis,3,0,3
Epicurus,3,0,3
Epieta,0,3,3
Epifanes,3,0,3
Epifanièl,3,0,3
Epifánio,3,0,3
Epihany,0,3,3
Epimetheus,3,0,3
Epinoia,0,3,3
Epiny,0,3,3
Epiphaneia,0,3,3
Epiphani,0,3,3
Epiphanie,0,3,3
Epiphanio,3,0,3
Epiphanus,3,0,3
Epipheni,0,3,3
Epithea,0,3,3
Epivanio,3,0,3
EPJM,3,0,3
Epka,0,3,3
Epkedina,0,3,3
Epkiena,0,3,3
Epktje,0,3,3
Epola,0,3,3
Epolina,0,3,3
Epolonia,3,0,3
Epolonio,0,3,3
Epóna,0,3,3
Eppelientje,0,3,3
Epperson,3,0,3
Eppie-Ytje,0,3,3
Eppienus,3,0,3
Eppinus,3,0,3
Eppius,3,0,3
Epporia,0,3,3
Epriel,0,3,3
Eprul,0,3,3
Epruul,0,3,3
Epryl,0,3,3
Epsilon,3,0,3
Eptehal,0,3,3
EPW,0,3,3
Eqin,3,0,3
Equa,0,3,3
Equalizer,0,3,3
Equelle,0,3,3
Equila,0,3,3
Equiline,0,3,3
Equilius,3,0,3
Equillia,0,3,3
Equin,3,0,3
Equiteria,0,3,3
Equon,3,0,3
Equono,0,3,3
Equranda,0,3,3
Er'Angel,0,3,3
ERA,3,0,3
Era-Lynn,0,3,3
Erabella,0,3,3
Eracena,0,3,3
Eradea,0,3,3
Erafaile,3,0,3
Eraida,0,3,3
Eraim,3,0,3
Eralfelino,3,0,3
Eralio,3,0,3
Erally,0,3,3
Eralt,3,0,3
Eramsyah,3,0,3
Eràn,3,0,3
Eranca,0,3,3
Erand,3,0,3
Erande,0,3,3
Erandeni,3,0,3
Erandi,0,3,3
Eranie,0,3,3
Eranjo,3,0,3
Erano,3,0,3
Eras,3,0,3
Erasme,3,0,3
Erasmia,0,3,3
Erasmina,0,3,3
Erasmios,3,0,3
Erast,3,0,3
Erastha,0,3,3
Erastheus,3,0,3
Erasto,3,0,3
Eraya,0,3,3
Erayane,3,0,3
Eraycan,3,0,3
Eraylin,0,3,3
Eraylinson,3,0,3
Eraysheline,0,3,3
Erazo,3,0,3
Erba,0,3,3
Erbana,0,3,3
Erbardina,0,3,3
Erbendino,3,0,3
Erberdina,0,3,3
Erberk,3,0,3
Erberto,3,0,3
Erbilcan,3,0,3
Erbin,3,0,3
Erboy-Tuger,3,0,3
Ercadio,3,0,3
Erceline,0,3,3
Ercey,3,0,3
Erchan,3,0,3
Erchen,0,3,3
Erchulles,3,0,3
Ercilio,3,0,3
Ercillia,0,3,3
Ercino,3,0,3
Ercivan,3,0,3
Erciyes,3,0,3
Ercjan,3,0,3
Erclyn,3,0,3
Ercolie,0,3,3
Ercümend,3,0,3
Ercument,3,0,3
Ercviano,3,0,3
Ercy,3,0,3
Erdağ,3,0,3
Erdalcan,3,0,3
Erdall,3,0,3
Erdéjo,3,0,3
Erdelino,3,0,3
Erdem-Kazim,3,0,3
Erdener,3,0,3
Erdenne,3,0,3
Erdhmann,3,0,3
Erdian,3,0,3
Erdianata,3,0,3
Erdiç,3,0,3
Erdica,0,3,3
Erdican,3,0,3
Erdie,0,3,3
Erdien,0,3,3
Erdiena,0,3,3
Erdiene,0,3,3
Erdihan,3,0,3
Erdil,3,0,3
Erdim-Can,3,0,3
Erdinay,3,0,3
Erdine,0,3,3
Erdisa,0,3,3
Erdise,0,3,3
Erdit,3,0,3
Erdjumen,3,0,3
Erdly,3,0,3
Erdmut,3,0,3
Erdoan,3,0,3
Erdocan,3,0,3
Erdoǵan,3,0,3
Erdoġan,3,0,3
Erdoğdu,3,0,3
Erdolfa,0,3,3
Erdona,0,3,3
Erdost,3,0,3
Erdovan,3,0,3
Erdugan,3,0,3
Erean,3,0,3
Erebus,3,0,3
Erec,3,0,3
Ereck,3,0,3
Eregiño,3,0,3
Erela,0,3,3
Ereline,0,3,3
Ereltien,0,3,3
Ereltina,0,3,3
Erembrecht,3,0,3
Erén,3,0,3
Eren-Bora,3,0,3
Eren-Cem,3,0,3
Eren-Semir,3,0,3
Ereña,0,3,3
Erena-Mia,0,3,3
Erenalp,3,0,3
Erenbrecht,3,0,3
Erend,3,0,3
Erendien,0,3,3
Erendinc,3,0,3
Erends,3,0,3
Erendur,3,0,3
Erène,0,3,3
Erener,3,0,3
Erenfride,0,3,3
Erenfridus,3,0,3
Erenhan,3,0,3
Erenkul,3,0,3
Ereno,3,0,3
Erens,3,0,3
Erenst-Johan,3,0,3
Erenstina,0,3,3
Erenstine,0,3,3
Erentalha,3,0,3
Erentrudes,0,3,3
Erentrudis,0,3,3
Ereny,0,3,3
Ereo,3,0,3
Ereon,3,0,3
Ererer,3,0,3
Ereshva,0,3,3
Erestin,0,3,3
Erestine,0,3,3
Eretz,0,3,3
Erewijn,3,0,3
Erewinus,3,0,3
Ereya,0,3,3
Erfaan,3,0,3
Erfani,3,0,3
Erfert,3,0,3
Erfilindo,3,0,3
Erfin,3,0,3
Ergaalem,0,3,3
Ergad,3,0,3
Ergard,3,0,3
Ergardo,3,0,3
Ergebeth,0,3,3
Ergen,3,0,3
Ergenekon,0,3,3
Ergi,3,0,3
Ergil,3,0,3
Ergine,0,3,3
Erginer,3,0,3
Erginia,0,3,3
Erginnio,3,0,3
Ergio,3,0,3
Ergiz,3,0,3
Ergo,3,0,3
Ergouia,0,3,3
Ergulio,3,0,3
Ergümen,3,0,3
Ergún,3,0,3
Ergünsu,3,0,3
Erhad,3,0,3
Erhara,0,3,3
Erhardus,3,0,3
Erhat,3,0,3
Erhlig,3,0,3
Erhomwon,0,3,3
Erhunmwun,3,0,3
Erhunosa,0,3,3
Eri-cha,0,3,3
Eriadorah,0,3,3
Erianah,0,3,3
Eriane,0,3,3
Eriann,3,0,3
Erianneshca,0,3,3
Eriany,0,3,3
Erianys,0,3,3
Eriayo,3,0,3
Eribert,3,0,3
Eric-Anton,3,0,3
Eric-Arjen,3,0,3
Eric-Bart,3,0,3
Eric-Bas,3,0,3
Eric-Christiaan,3,0,3
Eric-Ernst,3,0,3
Eric-Glenn,3,0,3
Eric-Ian,3,0,3
Eric-Jaap,3,0,3
Eric-Johannes,3,0,3
Eric-John,3,0,3
Eric-Joost,3,0,3
Eric-Marcel,3,0,3
Eric-Martin,3,0,3
Eric-Matthijs,3,0,3
Eric-Nico,3,0,3
Eric-Nigel,3,0,3
Eric-Robert,3,0,3
Eric-Yann,3,0,3
Erica-Annet,0,3,3
Erica-Louise,0,3,3
Erica-Tamara,0,3,3
Ericane,0,3,3
Ericardo,3,0,3
Ericardus,3,0,3
Ericco,3,0,3
Ericel,3,0,3
Erich-Bertholt,3,0,3
Erich-Jan,3,0,3
Erichja,0,3,3
Erichs,3,0,3
Erichtza,0,3,3
Ericio,3,0,3
Erick-Jean,3,0,3
Erick-Junior,3,0,3
Erickjan,3,0,3
Ericksayna,0,3,3
Ericoram,3,0,3
Ericq,3,0,3
Ericque,3,0,3
Ericselya,0,3,3
Ericssen,3,0,3
Ericsz,3,0,3
Ericszoon,3,0,3
Eridana,0,3,3
Eridania,0,3,3
Eridon,3,0,3
Eridulcia,0,3,3
Eridyce,0,3,3
Erieg,0,3,3
Eriej,0,3,3
Eriëla,0,3,3
Erièn,0,3,3
Eriën,0,3,3
Erienel,3,0,3
Eriènne,0,3,3
Erifili,0,3,3
Erigené,3,0,3
Erigo,3,0,3
Erigone,0,3,3
Eriifeoluwasimi,3,0,3
Erijaa,0,3,3
Erijah,0,3,3
Erijan,3,0,3
Erijane,0,3,3
Erijola,0,3,3
Erik-Bastiaan,3,0,3
Erik-Daniel,3,0,3
Erik-Dirk,3,0,3
Erik-Dolf,3,0,3
Erik-Emiterio,3,0,3
Erik-Floris,3,0,3
Erik-Franc,3,0,3
Erik-Frans,3,0,3
Erik-Jeen,3,0,3
Erik-Jelle,3,0,3
Erik-Jesse,3,0,3
Erik-Jo,3,0,3
Erik-Johann,3,0,3
Erik-Joost,3,0,3
Erik-Martijn,3,0,3
Erik-Niels,3,0,3
Erik-Onno,3,0,3
Erik-Otto,3,0,3
Erik-Pieter,3,0,3
Erik-Ronald,3,0,3
Erik-Sander,3,0,3
Erik-Sebastiaan,3,0,3
Erik-Sebastian,3,0,3
Erik-Simon,3,0,3
Erik-Sjoerd,3,0,3
Erik-Thijs,3,0,3
Erik-Ynte,3,0,3
Erika-Jantine,0,3,3
Erikah,0,3,3
Erikdoal,3,0,3
Erikjunior,3,0,3
Erikly,3,0,3
Erikovich,3,0,3
Erikszn,3,0,3
Erikza,0,3,3
Erilada,0,3,3
Erilène,0,3,3
Erilianna,0,3,3
Erilla,0,3,3
Erilynn,0,3,3
Erimar,0,3,3
Erin-Hanna,0,3,3
Erin-Noëlle,0,3,3
Erinç,3,0,3
Erinca,0,3,3
Erinch,3,0,3
Erind,3,0,3
Erindale,3,0,3
Erindo,3,0,3
Eriné,0,3,3
Erineu,3,0,3
Eriniel,3,0,3
Erinita,0,3,3
Erínn,3,0,3
Erinus,3,0,3
Erio,3,0,3
Erionel,3,0,3
Erionushca,0,3,3
Eriş,3,0,3
Erisca,0,3,3
Erishayna,0,3,3
Erison,3,0,3
Erissa,0,3,3
Eritage,3,0,3
Erithia,0,3,3
Erixon,3,0,3
Eriya,0,3,3
Eriyana,0,3,3
Erizayro,3,0,3
Erjanique,0,3,3
Erjanne,0,3,3
Erjetta,0,3,3
Erjola,0,3,3
Erkant,3,0,3
Erkchil,3,0,3
Erkelly,3,0,3
Erkembode,3,0,3
Erkenfried,3,0,3
Erkenraad,3,0,3
Erkenraatje,0,3,3
Erkeny,3,0,3
Erkeraadje,0,3,3
Erkinay,0,3,3
Erkinovna,0,3,3
Erks,3,0,3
Erkurt,3,0,3
Erlana,3,0,3
Erlane,0,3,3
Erlang,3,0,3
Erlanga,3,0,3
Erlean,3,0,3
Erleena,0,3,3
Erleijn,0,3,3
Erleina,0,3,3
Erleine,0,3,3
Erlen,0,3,3
Erlènda,0,3,3
Erleyn,0,3,3
Erleyne,0,3,3
Erleyson,3,0,3
Erlfried,0,3,3
Erlgard,0,3,3
Erlicio,3,0,3
Erlie,0,3,3
Erlieangely,0,3,3
Erligaëdionn,3,0,3
Erligia,0,3,3
Erligiaëny,0,3,3
Erlimar,3,0,3
Erlinah,0,3,3
Erlinbay,0,3,3
Erlind,3,0,3
Erlindo,3,0,3
Erlington,3,0,3
Erlinne,0,3,3
Erlis,3,0,3
Erlise,0,3,3
Erlison,3,0,3
Erlito,3,0,3
Erliza,0,3,3
Erlner,3,0,3
Erlon,3,0,3
Erlya,0,3,3
Erlyene,0,3,3
Erlyne,0,3,3
Erlynke,0,3,3
Erlynne,0,3,3
Ermafrientje,0,3,3
Ermafrintje,0,3,3
Ermaily,0,3,3
Ermalicia,0,3,3
Ermaly,0,3,3
Ermana,0,3,3
Ermayra,0,3,3
Ermboud,3,0,3
Erme,3,0,3
Ermee,0,3,3
Ermel,3,0,3
Ermelie,0,3,3
Ermelijne,0,3,3
Ermelita,0,3,3
Ermellinde,0,3,3
Ermeluidis,0,3,3
Ermen,3,0,3
Ermenhild,0,3,3
Ermentrude,0,3,3
Ermers,3,0,3
Ermet,3,0,3
Erméte,0,3,3
Ermgardus,3,0,3
Ermhild,0,3,3
Ermiene,0,3,3
Ermike,0,3,3
Ermiliënska,0,3,3
Ermilindo,3,0,3
Ermilisia,0,3,3
Ermilliano,3,0,3
Ermillio,3,0,3
Erminalda,0,3,3
Erminaro,3,0,3
Erminey,0,3,3
Erminius,3,0,3
Ermire,0,3,3
Ermiya,3,0,3
Ermiya-semi,3,0,3
Ermiyah,0,3,3
Ermiyas,3,0,3
Ermlia,0,3,3
Ermlinde,0,3,3
Ermoeni,0,3,3
Ermold,3,0,3
Ermon,3,0,3
Ermond,3,0,3
Ermonne,0,3,3
Ermulindus,0,3,3
Ermuntsia,0,3,3
Ermus,3,0,3
Ermy,0,3,3
Ernà,0,3,3
Erna-Dina,0,3,3
Erna-José,0,3,3
Ernadita,0,3,3
Ernaishely,0,3,3
Ernalda,0,3,3
Ernaldo,3,0,3
Ernaldus,3,0,3
Ernalina,0,3,3
Ernaline,0,3,3
Ernalt,3,0,3
Ernan,3,0,3
Ernandine,0,3,3
Ernandus,3,0,3
Ernanetty,0,3,3
Ernant,3,0,3
Ernard,3,0,3
Ernardus,3,0,3
Ernastien,0,3,3
Ernastin,0,3,3
Ernastinus,3,0,3
Ernawati,0,3,3
Erncell,3,0,3
Erneast,3,0,3
Ernecely,0,3,3
Erneisio,3,0,3
Ernelde,0,3,3
Ernelis,0,3,3
Ernelise,0,3,3
Ernelle,3,0,3
Erneman,3,0,3
Erner,3,0,3
Ernest-Louis,3,0,3
Ernest-Pjotr,3,0,3
Ernest-Ralph,3,0,3
Ernestho,3,0,3
Ernestiënne,0,3,3
Ernestienne,0,3,3
Ernèstine,0,3,3
Ernestis,3,0,3
Ernésto,3,0,3
Ernèsto,3,0,3
Ernesto-Che,3,0,3
Ernestyna,0,3,3
Erngelo,3,0,3
Ernh,3,0,3
Ernhna,0,3,3
Ernice,0,3,3
Ernich,0,3,3
Ernicia,0,3,3
Ernij,0,3,3
Ernilia,0,3,3
Ernina,0,3,3
Ernine,0,3,3
Ernique,0,3,3
Ernistina,0,3,3
Ernisto,3,0,3
Ernnet,3,0,3
Ernol,3,0,3
Ernold,3,0,3
Ernolda,0,3,3
Ernoldina,0,3,3
Ernoldine,0,3,3
Ernon,3,0,3
Ernosca,0,3,3
Ernoud,3,0,3
Erns,3,0,3
Ernsche,0,3,3
Ernsébertus,3,0,3
Ernst-Alexander,3,0,3
Ernst-Anton,3,0,3
Ernst-August,3,0,3
Ernst-Casimir,3,0,3
Ernst-Christiaan,3,0,3
Ernst-Christian,3,0,3
Ernst-Engbert,3,0,3
Ernst-Erik,3,0,3
Ernst-Hendrik,3,0,3
Ernst-Jacob,3,0,3
Ernst-Ján,3,0,3
Ernst-Johan,3,0,3
Ernst-Johannes,3,0,3
Ernst-Joost,3,0,3
Ernst-Jurjen,3,0,3
Ernst-Laurens,3,0,3
Ernst-Lodewijk,3,0,3
Ernst-Lucas,3,0,3
Ernst-Maarten,3,0,3
Ernst-Menso,3,0,3
Ernst-Pieter,3,0,3
Ernst-Reindert,3,0,3
Ernst-Victor,3,0,3
Ernsta,0,3,3
Ernstes,3,0,3
Ernstien,0,3,3
Ernstiena,0,3,3
Ernstlina,0,3,3
Ernsttina,0,3,3
Ernur,0,3,3
Ernyo,3,0,3
Ernzt,3,0,3
Erodia,0,3,3
Erodina,0,3,3
Erodino,3,0,3
Erodita,0,3,3
Erofili,0,3,3
Erofylh,0,3,3
Erohnia,0,3,3
Eröica,0,3,3
Eroica,0,3,3
Eröl,3,0,3
Erol-Kaan,3,0,3
Erolcan,3,0,3
Erolenna,0,3,3
Erolhan,3,0,3
Eroline,0,3,3
Eroll-Jafer,3,0,3
Eromesha,0,3,3
Eromi,0,3,3
Eromildo,3,0,3
Eromo,0,3,3
Eromomelen,3,0,3
Eromunsele,3,0,3
Eromy,0,3,3
Erondino,3,0,3
Erone,0,3,3
Eronius,3,0,3
Eronne,0,3,3
Eroputra,3,0,3
Eroritse,3,0,3
Eroshan,3,0,3
Erosina,0,3,3
Erotida,0,3,3
Erowyna,0,3,3
Eroy,3,0,3
Erquia,0,3,3
Erra,0,3,3
Erraga,3,0,3
Errah,0,3,3
Errald,3,0,3
Erraldus,3,0,3
Erran,3,0,3
Errando,3,0,3
Errato,0,3,3
Erreld,3,0,3
Errely,3,0,3
Erremine,0,3,3
Errens,3,0,3
Erresien,0,3,3
Erressina,0,3,3
Errestine,0,3,3
Erret,3,0,3
Erretje,0,3,3
Errez,3,0,3
Errèz,3,0,3
Errezina,0,3,3
Erria,0,3,3
Erric,3,0,3
Errica,0,3,3
Errick-Daniël,3,0,3
Erriët,3,0,3
Erriëtte,0,3,3
Errik,3,0,3
Errikje,0,3,3
Errin-Mea,0,3,3
Errina,0,3,3
Errington,3,0,3
Errison,3,0,3
Erritch,0,3,3
Errith,3,0,3
Erritia,0,3,3
Errjerick,3,0,3
Erroen,3,0,3
Errol-Junior,3,0,3
Errolani,0,3,3
Errolflyn,3,0,3
Errolina,0,3,3
Errolly,0,3,3
Errolson,3,0,3
Erroly,0,3,3
Errouh,0,3,3
Erroy,3,0,3
Errus,0,3,3
Erry-Robbert,3,0,3
Erryan,0,3,3
Erryke,0,3,3
Erryshar,3,0,3
Erryssa,0,3,3
Ersad,3,0,3
Ersard,3,0,3
Erschad,3,0,3
Ersdal,3,0,3
Erse,0,3,3
Ersebet,0,3,3
Ersebeth,0,3,3
Ersein,3,0,3
Erselien,0,3,3
Erselien-Cato,0,3,3
Erselina,0,3,3
Erselinia,0,3,3
Erselna,0,3,3
Ersem,3,0,3
Erşen,3,0,3
Ersha,0,3,3
Ershaline,0,3,3
Ershan,3,0,3
Ershelin,0,3,3
Ersheline,0,3,3
Ersiën,3,0,3
Ersiglia,0,3,3
Ersika,0,3,3
Ersilio,3,0,3
Ersilya,0,3,3
Ersimio,3,0,3
Ersinio,3,0,3
Ersot,3,0,3
Erst,3,0,3
Erston,3,0,3
Ersy,0,3,3
Erszebet,0,3,3
Erszêbeth,0,3,3
Erszebèth,0,3,3
Erszie,0,3,3
Erszika,0,3,3
Ertac,3,0,3
Ertal,3,0,3
Ertas,3,0,3
Ertaş,3,0,3
Ertekin,3,0,3
Erten,0,3,3
Ertina,0,3,3
Ertjo,3,0,3
Erton,3,0,3
Ertuğrul-Aras,3,0,3
Ertuğrulhan,3,0,3
Ertuna,3,0,3
Ertur,3,0,3
Erturun,3,0,3
Ertwin,3,0,3
Erty,0,3,3
Eruan,3,0,3
Erubiel,3,0,3
Erudice,0,3,3
Erudite,0,3,3
Eruely,0,3,3
Eruma,0,3,3
Erumgardus,0,3,3
Erumia,0,3,3
Erundio,3,0,3
Eruse,3,0,3
Erusha,0,3,3
Erutan,3,0,3
Erva-Nas,0,3,3
Ervaar,3,0,3
Ervahn,3,0,3
Ervamina,0,3,3
Ervano,3,0,3
Ervantin,0,3,3
Ervée,3,0,3
Ervelina,0,3,3
Erven,3,0,3
Ervera,0,3,3
Ervesa,0,3,3
Ervi,0,3,3
Ervianderick,3,0,3
Erviandry,3,0,3
Ervic,3,0,3
Erviena,0,3,3
Ervilia,0,3,3
Ervilinda,0,3,3
Ervilio,3,0,3
Ervine,0,3,3
Ervinho,3,0,3
Ervinia,0,3,3
Ervyn,3,0,3
Erwani,0,3,3
Erward,3,0,3
Erwein,3,0,3
Erwema,0,3,3
Erwemalo,0,3,3
Erwianda,0,3,3
Erwich,3,0,3
Erwidi,3,0,3
Erwien-Vykash,3,0,3
Erwienanda,0,3,3
Erwiene,0,3,3
Erwil,3,0,3
Erwillmar,3,0,3
Erwin-Arthur,3,0,3
Erwin-Dursly,3,0,3
Erwin-Hendrik,3,0,3
Erwin-Jetse,3,0,3
Erwin-junior,3,0,3
Erwin-Jürgen,3,0,3
Erwin-Willem,3,0,3
Erwinaiska,0,3,3
Erwinaldo,3,0,3
Erwind,3,0,3
Erwindus,3,0,3
Erwinio,3,0,3
Erwinkoemar,3,0,3
Erwinna,0,3,3
Erwinnus,3,0,3
Erwisa,0,3,3
Erwita,0,3,3
Erwon,3,0,3
Erxhan,3,0,3
Erxinio,3,0,3
Ery-Annalien,0,3,3
Eryan,3,0,3
Eryane,0,3,3
Eryavan,3,0,3
Eryenne,0,3,3
Erykay,0,3,3
Eryke,0,3,3
Erykha,0,3,3
Erymantheia,0,3,3
Eryna,0,3,3
Eryng,0,3,3
Erynna,0,3,3
Erynton,3,0,3
Eryonna,0,3,3
Erysca,0,3,3
Eryunairo,3,0,3
Eryze,0,3,3
Erzabeth,0,3,3
Erzade,3,0,3
Erzana,0,3,3
Erzatz,3,0,3
Erzébet,3,0,3
Erzèbeth,0,3,3
Erzen,3,0,3
Erzinus,3,0,3
Erzoah,3,0,3
Erzsabeth,0,3,3
Erzsébertus,3,0,3
Erzśebet,0,3,3
Erzsėbet,0,3,3
Erzsibeth,0,3,3
Erzsie,0,3,3
Erzsy,0,3,3
Erzulie,0,3,3
Es'Lee,0,3,3
Es-Mirra,0,3,3
Es-Said,0,3,3
Es-Solh,0,3,3
Esaba,0,3,3
Esabella,0,3,3
Esabet,0,3,3
Esada,0,3,3
Esadullah,3,0,3
Esah,0,3,3
Esaï,3,0,3
Esaiad,3,0,3
Esaïro,3,0,3
Esajah,3,0,3
Esajas,3,0,3
Esaju,0,3,3
Esak,0,3,3
Esanalehey,0,3,3
Esane,0,3,3
Esar,3,0,3
Esarai,0,3,3
Esathan,3,0,3
Esaù,3,0,3
Esaul,3,0,3
Esauro,3,0,3
Esauw,3,0,3
Esay,3,0,3
Esaye,0,3,3
Esbar,0,3,3
Esbelita,0,3,3
Esbena,0,3,3
Eşber,3,0,3
Esbern,3,0,3
Esbietta,0,3,3
Esbjorn,3,0,3
Esbo,3,0,3
Esbon,3,0,3
Esbranda,0,3,3
Escade,0,3,3
Escaloïnda,0,3,3
Escalona,0,3,3
Escalouinda,0,3,3
Escamillio,3,0,3
Escanda,0,3,3
Escandaro,3,0,3
Escandon,0,3,3
Escar,3,0,3
Escarlen,0,3,3
Escarlet,0,3,3
Escarlina,0,3,3
Escdästica,0,3,3
Esch,0,3,3
Escherich,3,0,3
Eschita,0,3,3
Eschmee,0,3,3
Eschmel,0,3,3
Escho,3,0,3
Eschvind,3,0,3
Eschyle,3,0,3
Esclairmonde,0,3,3
Esclamonde,0,3,3
Escoffina,0,3,3
Escoffine,0,3,3
Escolástico,3,0,3
Escórcio,0,3,3
Escorlinda,0,3,3
Escra,0,3,3
Esdalena,0,3,3
Esdira,0,3,3
Esdorando,3,0,3
Ese-Oghene,0,3,3
Esebio,0,3,3
Esedali,3,0,3
Esedallah,3,0,3
Eseduah,0,3,3
Eseigbe,3,0,3
Esejbe,3,0,3
Eselah,0,3,3
Esele,0,3,3
Esemena,0,3,3
Esemuia,3,0,3
Esén,0,3,3
Esen-Iclal,0,3,3
Esenam,0,3,3
Esenĝül,0,3,3
Esenija,0,3,3
Esennur,0,3,3
Esentay,3,0,3
Eseray,3,0,3
Eset,3,0,3
Eseya,3,0,3
Esfa,0,3,3
Esfaar,0,3,3
Esfaurijze,0,3,3
Esgar,3,0,3
Esge,3,0,3
Esgeralda,0,3,3
Esgher,3,0,3
Esh,3,0,3
Esh'lyon,3,0,3
Eshab,3,0,3
Eshanika,0,3,3
Eshanti,0,3,3
Eshantiël,3,0,3
Eshaq,3,0,3
Eshat,3,0,3
Eshaun,3,0,3
Eshayra,0,3,3
Eshé,0,3,3
Esheandro,3,0,3
Esheilay,0,3,3
Eshel,0,3,3
Eshely,0,3,3
Esher,3,0,3
Eshera,0,3,3
Eshete,3,0,3
Eshi,0,3,3
Eshiofuneh,3,0,3
Eshitta,0,3,3
Eshiya,0,3,3
Eshja,0,3,3
Eshka,0,3,3
Eshkar,0,3,3
Eshli,3,0,3
Eshlie,0,3,3
Eshmalia,0,3,3
Eshman,0,3,3
Eshmée,0,3,3
Eshney,0,3,3
Eshper,3,0,3
Eshq,0,3,3
Eshrat,0,3,3
Eshraya,0,3,3
Eshrée,0,3,3
Eshri,0,3,3
Eshroa,0,3,3
Eshta,0,3,3
Eshu,3,0,3
Eshvary,0,3,3
Eshwindro,3,0,3
Eshya,0,3,3
Eshyneley,0,3,3
Esiano,3,0,3
Esias,3,0,3
Esidro,3,0,3
Esiejemine,3,0,3
Esifanu,3,0,3
Esih,0,3,3
Esijah,3,0,3
Esikhodel,0,3,3
Esiky,3,0,3
Esîla,0,3,3
Esila-Sude,0,3,3
Esilaa,0,3,3
Esillanur,0,3,3
Esilva,0,3,3
Esim,3,0,3
Esime,3,0,3
Esina,0,3,3
Esinan,0,3,3
Esindem,0,3,3
Esined,0,3,3
Esiora,0,3,3
Esiquio,3,0,3
Esirdai,0,3,3
Esire,0,3,3
Esita,0,3,3
Esivana,0,3,3
Esivit,3,0,3
Esiyoma,0,3,3
Esiyora,0,3,3
Esjar,3,0,3
Eska-Domingo,3,0,3
Eskaja,0,3,3
Eskal,0,3,3
Eskalowinda,0,3,3
Eskander-Amir,3,0,3
Eskar,3,0,3
Eskari,3,0,3
Eskarina,0,3,3
Eskarous,3,0,3
Eskéa,0,3,3
Eskee,3,0,3
Eskelda,0,3,3
Eskeliena,0,3,3
Eskild,3,0,3
Eskillus,3,0,3
Eskindir,0,3,3
Eskydio,3,0,3
Eskyl,3,0,3
Eslah,0,3,3
Eslaine,0,3,3
Esle,0,3,3
Esled,0,3,3
Esleen,0,3,3
Eşlem,0,3,3
Eslemefe,3,0,3
Eslen,0,3,3
Eslí,3,0,3
Esli-Son,3,0,3
Eslianne,0,3,3
Eslimé,0,3,3
Eslina-Naz,0,3,3
Esliro,3,0,3
Esloaire,0,3,3
Eslyne,0,3,3
Eslytha,0,3,3
Esma-Beyza,0,3,3
Esma-Nur,0,3,3
Esma-Sofia,0,3,3
Esma-ül,0,3,3
Esmacan,0,3,3
Esmachiah,0,3,3
Esmaë,0,3,3
Esmáe,0,3,3
Esmaela,0,3,3
Esmaëla,0,3,3
Esmaëlda,0,3,3
Esmaha,0,3,3
Esmahane,0,3,3
Esmahatun,0,3,3
Esmaid,0,3,3
Esmaiel,3,0,3
Esmaij,0,3,3
Esmailla,0,3,3
Esmaine,0,3,3
Esmairieke,0,3,3
Esmaliya,0,3,3
Esmaly,0,3,3
Esmamiray,0,3,3
Esman,3,0,3
Esmana,0,3,3
Esmani,3,0,3
Esmaniël,3,0,3
Esmanil,3,0,3
Esmano,3,0,3
Esmanto,3,0,3
Esmarein,0,3,3
Esmarèl,0,3,3
Esmarèll,0,3,3
Esmarely,0,3,3
Esmarijt,0,3,3
Esmarin,0,3,3
Esmarinda,0,3,3
Esmario,3,0,3
Esmaro,3,0,3
Esmary,0,3,3
Esmaryt,0,3,3
Esmaul,0,3,3
Esmay-Claire,0,3,3
Esmay-Marlou,0,3,3
Esmaya,0,3,3
Esmayel,3,0,3
Esmayia,0,3,3
Esmayl,3,0,3
Esmê,0,3,3
Esmeà,0,3,3
Esmeê,0,3,3
Esmeē,0,3,3
Esmêe,0,3,3
Esmēe,0,3,3
Esmée-Carlijn,0,3,3
Esmée-Elisabeth,0,3,3
Esmee-Joyce,0,3,3
Esmee-Louise,0,3,3
Esmée-Lynn,0,3,3
Esmee-Rose,0,3,3
Esmée-Rose,0,3,3
Esmée-Wylinda,0,3,3
Esmegûl,0,3,3
Esmegül,0,3,3
Esmehanim,0,3,3
Esmei,0,3,3
Esmeij,0,3,3
Esmeil,3,0,3
Esmeiralda,0,3,3
Esmeiry,0,3,3
Esmeja,0,3,3
Esmela,0,3,3
Esmeldy,0,3,3
Esmelie,0,3,3
Esmelinda,0,3,3
Esmély,0,3,3
Esmen,0,3,3
Esmenaz,0,3,3
Esméne,0,3,3
Esmeralda-Akoeba,0,3,3
Esmeralda-José,0,3,3
Esmeralda-Vienna,0,3,3
Esmeraldino,3,0,3
Esmerana,0,3,3
Esmeraycan,0,3,3
Esmere,0,3,3
Esmeree,0,3,3
Esméreille,0,3,3
Esmereille,0,3,3
Esmerely,0,3,3
Esmerheyt,0,3,3
Esmérije,0,3,3
Esmerije,0,3,3
Esmerilde,0,3,3
Esmerinda,0,3,3
Esmerinde,0,3,3
Esmerling,3,0,3
Esmerly,3,0,3
Esmery,0,3,3
Esmerya,0,3,3
Esmêy,0,3,3
Esmhara,0,3,3
Esmhée,0,3,3
Esmidé,0,3,3
Esmiera,0,3,3
Esmierelda,0,3,3
Esmil,3,0,3
Esmiline,0,3,3
Esmilla,0,3,3
Esmily,0,3,3
Esmine,0,3,3
Eşmine,0,3,3
Esmione,0,3,3
Esmiralda-Fransisca,0,3,3
Esmiraldus,3,0,3
Esmirea,0,3,3
Esmireille,0,3,3
Esmirelis,0,3,3
Esmirijn,0,3,3
Esmo,3,0,3
Esmodee,0,3,3
Esmonda,0,3,3
Esmoranda,0,3,3
Esmoreith,3,0,3
Esmoreyt,0,3,3
Esmund,3,0,3
Esmyr,0,3,3
Esmyrald,0,3,3
Esnanur,0,3,3
Esnas,0,3,3
Esneda,0,3,3
Esnéh,0,3,3
Esngayd,3,0,3
Esnie,3,0,3
Esnildo,3,0,3
Esohè,0,3,3
Esohel,0,3,3
Esohen,0,3,3
Esomchi,3,0,3
Esona,0,3,3
Esono,3,0,3
Esor,0,3,3
Esosasee,3,0,3
Esotu,0,3,3
Esou,3,0,3
Esoun,0,3,3
Espace,3,0,3
Espacio,3,0,3
Espanta,0,3,3
Esparant,3,0,3
Espe,3,0,3
Espelana,0,3,3
Espenbach,3,0,3
Espèr,0,3,3
Esper-Sverre,3,0,3
Espera,0,3,3
Espérançe,0,3,3
Esperançe,0,3,3
Esperançia,0,3,3
Esperando,3,0,3
Esperañsa,0,3,3
Esperanse,0,3,3
Esperansia,0,3,3
Esperanto,3,0,3
Esperanza-Flaviana,0,3,3
Espèras,3,0,3
Espère,3,0,3
Esperence,0,3,3
Esperensa,0,3,3
Espérer,0,3,3
Espero,3,0,3
Espirito,3,0,3
Espranza,0,3,3
Espréa,0,3,3
Esprea,0,3,3
Esqua,0,3,3
Esquana,0,3,3
Esquara,0,3,3
Esrä,0,3,3
Esra-Gizem,0,3,3
Esra-Kevser,0,3,3
Esra-Laura,0,3,3
Esra-Nur,0,3,3
Esra-nûr,0,3,3
Esra-Sophia,0,3,3
Esra-Sultan,0,3,3
Esraae,0,3,3
Esrafil,3,0,3
Esragül,0,3,3
Esraïm,3,0,3
Esramaya,0,3,3
Esrar,3,0,3
Esrefunnisa,0,3,3
Esrhar,3,0,3
Esri-Vajèn,0,3,3
Esrik,0,3,3
Esrion,3,0,3
Esroa,0,3,3
Esrondyell,0,3,3
Esrose,0,3,3
Esru,0,3,3
Essaâdja,0,3,3
Essaam,3,0,3
Essaba,0,3,3
Essabella,0,3,3
Essad,3,0,3
Essadia,0,3,3
Essadik,3,0,3
Essafia,0,3,3
Essaia,3,0,3
Essalam,3,0,3
Essandra,0,3,3
Essaouira,0,3,3
Essarba,0,3,3
Essay,3,0,3
Essebeth,0,3,3
Essedullah,3,0,3
Esseh,3,0,3
Essela,0,3,3
Esseldina,0,3,3
Esseliena,0,3,3
Esselin,0,3,3
EsSelina,0,3,3
Esselinda,0,3,3
Esseline-Tamara,0,3,3
Esselle,0,3,3
Essellina,0,3,3
Essename,0,3,3
Essenc,0,3,3
Essence,0,3,3
Essene,0,3,3
Essenesse,0,3,3
Esseni,0,3,3
Essennur,0,3,3
Esser,3,0,3
Esserick,3,0,3
Essete,0,3,3
Esshaygeno,3,0,3
Essiën,3,0,3
Essiene,0,3,3
Essila,0,3,3
Essilya,0,3,3
Essim,3,0,3
Essin,0,3,3
Essinia,0,3,3
Essiré,0,3,3
Essja,0,3,3
Essli,3,0,3
Essmaa,0,3,3
Essmail,3,0,3
Essmaralda,0,3,3
Essmay,0,3,3
Essmé,0,3,3
Essohaname,3,0,3
Essono,3,0,3
Essoufia,0,3,3
Essox,3,0,3
Essra,0,3,3
Essrae,0,3,3
Esstanley,3,0,3
Esstelle,0,3,3
Esstrela,0,3,3
Esstrellia,0,3,3
Esswine,0,3,3
Essya,0,3,3
Essyah,0,3,3
Essyl,0,3,3
Esta-an,0,3,3
Esta-Mariska,0,3,3
Estàban,3,0,3
Estabana,0,3,3
Estachio,3,0,3
Estácio,3,0,3
Estaevarah,0,3,3
Estafana,0,3,3
Estafani,0,3,3
Estafanie,0,3,3
Estafany,0,3,3
Estafio,3,0,3
Estailin,3,0,3
Estaire,0,3,3
Estalia,0,3,3
Estaline,0,3,3
Estalise,0,3,3
Estana,0,3,3
Estanea,0,3,3
Estanelle,0,3,3
Estanisa,0,3,3
Estanisio,3,0,3
Estanita,0,3,3
Estann,3,0,3
Estany,0,3,3
Estarel,0,3,3
Estarella,0,3,3
Estariel,0,3,3
Estas,0,3,3
Estate,0,3,3
Estavan,3,0,3
Estavanus,3,0,3
Estavine,0,3,3
Estawro,3,0,3
Estay,0,3,3
Estazy,0,3,3
Estchimah,0,3,3
Estea,0,3,3
Estebain,3,0,3
Estebanaia,0,3,3
Estebanie,0,3,3
Estebano,3,0,3
Estebe,0,3,3
Estebiany,0,3,3
Estēe,0,3,3
Estêe,0,3,3
Estéé,0,3,3
Esteè,0,3,3
Estée-Chloë,0,3,3
Estée-Genelva,0,3,3
Estée-Lauren,0,3,3
Estée-Louise,0,3,3
Estéejade,0,3,3
Esteem,0,3,3
Estéfan,3,0,3
Estèfan,3,0,3
Estéfania,0,3,3
Estefaniá,0,3,3
Estefânio,3,0,3
Estefanos,3,0,3
Estéfany,0,3,3
Estefenni,0,3,3
Estefer,0,3,3
Estefhan,3,0,3
Estefini,0,3,3
Estégà,3,0,3
Estéla,0,3,3
Estèla,0,3,3
Estelée,0,3,3
Estelista,3,0,3
Estelisto,3,0,3
Estelite,0,3,3
Estell-Marie,0,3,3
Estëlla,0,3,3
Estellà,0,3,3
Estella-Joy,0,3,3
Estellen,0,3,3
Estelles,0,3,3
Estellita,0,3,3
Estello,3,0,3
Estelly,0,3,3
Estelone,0,3,3
Estelya,0,3,3
Estemóah,3,0,3
Estemoah,0,3,3
Estenci,0,3,3
Estenley,3,0,3
Estenna,0,3,3
Estephane,0,3,3
Estephani,0,3,3
Estephanie,0,3,3
Estephano,3,0,3
Estér,0,3,3
Estêr,0,3,3
Estèr,0,3,3
Ester-Britt,0,3,3
Ester-Carla,0,3,3
Ester-ella,0,3,3
Ester-Mirjam,0,3,3
Ester-Riek,0,3,3
Esteraida,0,3,3
Esterdien,0,3,3
Estêre,0,3,3
Estérel,0,3,3
Esteréla,0,3,3
Esterelda,0,3,3
Esterellita,0,3,3
Esterfiana,0,3,3
Esterfien,0,3,3
Esteriek,0,3,3
Esteriko,3,0,3
Esterilda,0,3,3
Esterillo,3,0,3
Esterine,0,3,3
Esterita,0,3,3
Esterliena,0,3,3
Estèrlina,0,3,3
Esterlinda,0,3,3
Esterline,0,3,3
Esterlita,0,3,3
Esterlitha,0,3,3
Esterly,0,3,3
Esterno,3,0,3
Esterra,0,3,3
Esterrel,0,3,3
Esterrela,0,3,3
Esterrella,0,3,3
Estert,3,0,3
Estertje,0,3,3
Estervina,0,3,3
Esterwatie,0,3,3
Estev,3,0,3
Estevam,3,0,3
Estevàn,3,0,3
Estevana,0,3,3
Estevani,0,3,3
Estevano,3,0,3
Estévano,3,0,3
Esteváo,3,0,3
Estevâo,3,0,3
Estevaö,3,0,3
Estevario,3,0,3
Esteve,3,0,3
Estève,3,0,3
Estevelan,3,0,3
Esteven,3,0,3
Estevido,3,0,3
Esthalita,0,3,3
Esthan,3,0,3
Esthappen,3,0,3
Estheban,3,0,3
Esthéé,3,0,3
Estheer,0,3,3
Esthél,0,3,3
Esthèl,0,3,3
Esthela,0,3,3
Esthèle,0,3,3
Esthelita,0,3,3
Esthèlle,0,3,3
Esthèr,0,3,3
Esther-Alida,0,3,3
Esther-Ann,0,3,3
Esther-Anne,0,3,3
Esther-Annette,0,3,3
Esther-Berlinda,0,3,3
Esther-Brigitte,0,3,3
Esther-Daniëlle,0,3,3
Esther-Dewi,0,3,3
Esther-Elisabeth,0,3,3
Esther-Elise,0,3,3
Esther-Ella,0,3,3
Esther-Ganna,0,3,3
Esther-Gilah,0,3,3
Esther-Jane,0,3,3
Esther-Jean,0,3,3
Esther-Jellina,0,3,3
Esther-Jesabelle,0,3,3
Esther-Joke,0,3,3
Esther-Joy,0,3,3
Esther-Lilly,0,3,3
Esther-Lisanne,0,3,3
Esther-Louise,0,3,3
Esther-Marie,0,3,3
Esther-Mart,0,3,3
Esther-Michelle,0,3,3
Esther-Mirjam,0,3,3
Esther-Myriam,0,3,3
Esther-Naomi,0,3,3
Esther-Nieki,0,3,3
Esther-Noor,0,3,3
Esther-Pascal,0,3,3
Esther-Pauline,0,3,3
Esther-Rae,0,3,3
Esther-Renée,0,3,3
Esther-Rina,0,3,3
Esther-Rosalind,0,3,3
Esther-Simone,0,3,3
Esther-Vivienne,0,3,3
Estherbel,0,3,3
Esthercita,0,3,3
Esthereè,0,3,3
Estherel,0,3,3
Estheria,0,3,3
Estheriek,0,3,3
Estherkezia,0,3,3
Estherley,0,3,3
Estherlien,0,3,3
Estherline,0,3,3
Estherlitha,0,3,3
Estherus,3,0,3
Esthervira,0,3,3
Esthévan,3,0,3
Esthevano,3,0,3
Esthiana,0,3,3
Esthmée,0,3,3
Esthrea,0,3,3
Esthrella,0,3,3
Esthyani,0,3,3
Estianne,0,3,3
Estiany,0,3,3
Estica,0,3,3
Estichrak,0,3,3
Estië,0,3,3
Estiene,0,3,3
Estiënne,3,0,3
Estifan,3,0,3
Estifano,3,0,3
Estike,0,3,3
Estilda,0,3,3
Estilla,0,3,3
Estimée,0,3,3
Estinos,3,0,3
Estipania,0,3,3
Estira,0,3,3
Estirahayu,0,3,3
Estise,0,3,3
Estivalia,0,3,3
Estivaliz,0,3,3
Estivianus,3,0,3
Estiyanti,0,3,3
Estke,0,3,3
Estolastico,3,0,3
Estonia,0,3,3
Estou,3,0,3
Estraella,0,3,3
Estrailla,0,3,3
Estralina,0,3,3
Estralitta,0,3,3
Estranicha,0,3,3
Estre,0,3,3
Estrehita,0,3,3
Estrel,0,3,3
Estrelea,0,3,3
Estrélia,0,3,3
Estrelina,0,3,3
Estrelio,3,0,3
Estrelitha,0,3,3
Estrélla,0,3,3
Estrëlla,0,3,3
Estrellah,0,3,3
Estrellia,0,3,3
Estrellina,0,3,3
Estrello,3,0,3
Estrélo,3,0,3
Estrenita,0,3,3
Estresse,0,3,3
Estreyta,0,3,3
Estrhalita,0,3,3
Estri,0,3,3
Estriena,0,3,3
Estriene,0,3,3
Estrilde,0,3,3
Estrina,0,3,3
Estrit,0,3,3
Estry,0,3,3
Estufanus,3,0,3
Estukó,0,3,3
Estulie,0,3,3
Esturély,0,3,3
Esua,3,0,3
Esuan,0,3,3
Esubalew,3,0,3
Esubdink,0,3,3
Esuhei,3,0,3
Esung,0,3,3
Esusenya,0,3,3
Esvé,0,3,3
Esved,3,0,3
Esvedra,0,3,3
Esvédra,0,3,3
Esvelda,0,3,3
Esvet,3,0,3
Eswalda,0,3,3
Eswaran,3,0,3
Esxandéro,3,0,3
Esy,0,3,3
Esyl,0,3,3
Esyla,0,3,3
Esyllt,0,3,3
Eszaijah,3,0,3
Eszry,3,0,3
Eszteca,3,0,3
Eszty,0,3,3
Etadaferua,3,0,3
Etah,3,0,3
Etaka,0,3,3
Etaka-Ako-Aya,3,0,3
Etar,3,0,3
Etber,3,0,3
Etbram,3,0,3
Etchenne,3,0,3
Etchico,3,0,3
Etchika,0,3,3
Etchu,3,0,3
Etebommi,3,0,3
Eteh,3,0,3
Etele,3,0,3
Etelfina,0,3,3
Etelina,0,3,3
Etelinda,0,3,3
Etèlke,0,3,3
Etelssya,0,3,3
Etemad,3,0,3
Eteng,3,0,3
Etenoescha,0,3,3
Eteocles,3,0,3
Etèr,0,3,3
Etetu,3,0,3
Etga,3,0,3
Ethaen,3,0,3
Ethalina,0,3,3
Ethama,0,3,3
Ethan-Rory,3,0,3
Ethan-Rowdy,3,0,3
Ethanaël,3,0,3
Ethanael,3,0,3
Ethearea,0,3,3
Ethecke,0,3,3
Ethèl,0,3,3
Ethelberta,0,3,3
Etheldine,0,3,3
Etheldrida,0,3,3
Ethelfina,0,3,3
Ethelia,3,0,3
Ethelinde,0,3,3
Ethellina,0,3,3
Ethelma,0,3,3
Ethelrède,0,3,3
Ethelson,3,0,3
Ethelworth,3,0,3
Ethelyn,0,3,3
Ethem-Affan,3,0,3
Ethen,3,0,3
Ethèn,3,0,3
Etherald,3,0,3
Ethes,3,0,3
Ethia,0,3,3
Ethian,3,0,3
Ethiano,3,0,3
Ethica,0,3,3
Ethien,3,0,3
Ethiene,3,0,3
Ethienelo,3,0,3
Ethiènne,3,0,3
Ethio,3,0,3
Ethjel,0,3,3
Ethly,0,3,3
Ethlyën,0,3,3
Ethlyne,0,3,3
Ethmar,3,0,3
Ethnety,0,3,3
Ethney,3,0,3
Ethniël,3,0,3
Ethny,0,3,3
Ethry,3,0,3
Ethsel,3,0,3
Ethu,0,3,3
Ethwaldo,3,0,3
Ethwiese,0,3,3
Ethwin,3,0,3
Ethya,0,3,3
Ethyr,3,0,3
Eti,3,0,3
Etia,0,3,3
Etiany,0,3,3
Eticha,0,3,3
Etick,3,0,3
Etiël,3,0,3
Etiëlle,0,3,3
Etiënna,0,3,3
Etiènna,0,3,3
Etienné,3,0,3
Etiennè,0,3,3
Etienne-Luca,3,0,3
Etiënnea,0,3,3
Etiënno,3,0,3
Etifania,0,3,3
Etim,3,0,3
Etimio,3,0,3
Etin,3,0,3
Etinette,0,3,3
Etiniah,0,3,3
Etinösa,0,3,3
Etja,3,0,3
Etje-Rieka,0,3,3
Etjeng,3,0,3
Etjenne,0,3,3
ETJM,0,3,3
Etlena,0,3,3
Etley,3,0,3
Etlien,0,3,3
Etlinde,0,3,3
Etmar,3,0,3
Etmata,0,3,3
Etmee,0,3,3
Etmen,3,0,3
Etmien,0,3,3
Etmon,0,3,3
Etmond,3,0,3
Etnando,3,0,3
Etniel,3,0,3
Etnylaysha,0,3,3
Etoinuelle,0,3,3
Etolina,0,3,3
Etomi,3,0,3
Etomie,0,3,3
Etonge,3,0,3
Etongo,3,0,3
Etonia,0,3,3
Etornam-Adika,3,0,3
Etorre,3,0,3
Etou's,3,0,3
Etougui,0,3,3
Etra,0,3,3
Etrit,3,0,3
Etronel,3,0,3
Etrude,0,3,3
Etsco,3,0,3
Etse,3,0,3
Etsedagho,0,3,3
Etsen,3,0,3
Etseoghena,0,3,3
Etsiwah,0,3,3
Etskolina,0,3,3
Etson,3,0,3
Etsuko,0,3,3
Ett,3,0,3
Etteige-ur,3,0,3
Ettenoe,0,3,3
Ettetus,0,3,3
Etti,0,3,3
Ettiemke,0,3,3
Ettiën,3,0,3
Ettiène,3,0,3
Ettiere,3,0,3
Ettire,3,0,3
Ettmari,3,0,3
Ettmiro,3,0,3
Ettolrasch,0,3,3
Etton,3,0,3
Ettorayne,0,3,3
Ettrich,3,0,3
Ettsie,0,3,3
Ettsilia,0,3,3
Etturee,3,0,3
Ettuska,0,3,3
Ettyna,0,3,3
Ettyrée,3,0,3
Etua,3,0,3
Etuska,0,3,3
Etvaino,3,0,3
Etvam,3,0,3
Etvari,0,3,3
Etwain,3,0,3
Etwald,3,0,3
Etwar,3,0,3
Etwari,0,3,3
Etwarie,0,3,3
Etwarien,0,3,3
Etwaroe,3,0,3
Etwaroe-Marchel,3,0,3
Etwi-Yeboah,3,0,3
Ety,0,3,3
Etyen,3,0,3
Etyson,3,0,3
Etze,3,0,3
Etzer-Jouke,3,0,3
Etzerd,3,0,3
Eu'hommie,3,0,3
Eu-Disonalissa,0,3,3
Eu-Jeanelson,3,0,3
Euanna,0,3,3
Eucaristica,0,3,3
Eucebio,3,0,3
Euçenira,0,3,3
Euchaire,3,0,3
Euchan,0,3,3
Eucharis,0,3,3
Eucharista,0,3,3
Eucharius,3,0,3
Euchedise,0,3,3
Eucheline,0,3,3
Euchemar,3,0,3
Euchen,3,0,3
Euchendel,3,0,3
Euchene,3,0,3
Euchently,3,0,3
Eucheria,0,3,3
Eucheristica,0,3,3
Eucherius,3,0,3
Euchiene,0,3,3
Euchstas,3,0,3
Euchstatius,3,0,3
Euchynaira,0,3,3
Euclidia,0,3,3
Euclise,0,3,3
Eucrizainia,0,3,3
Eudald,3,0,3
Eudarice,0,3,3
Eudásio,3,0,3
Eude,3,0,3
Eudelia,0,3,3
Eudilia,0,3,3
Eudjino,3,0,3
Eudo,3,0,3
Eudocie,0,3,3
Eudokius,3,0,3
Eudokya,0,3,3
Eudor,3,0,3
Eudosia,0,3,3
Eudrick,3,0,3
Eudris,3,0,3
Eudrus,0,3,3
Eudry,3,0,3
Euducia,0,3,3
Euduiza,0,3,3
Euduwar,3,0,3
Eudwane,3,0,3
Eudward,3,0,3
Eudwardo,3,0,3
Eudwarles,3,0,3
Eufemie,0,3,3
Eufemy,0,3,3
Eufesio,3,0,3
Eufi,3,0,3
Eufim,3,0,3
Eufisia,0,3,3
Euflachius,3,0,3
Euforie,3,0,3
Eufraat,0,3,3
Eufracine,0,3,3
Eufrägelie,0,3,3
Eufrasie,0,3,3
Eufrasius,3,0,3
Eufrazina,0,3,3
Eufredo,3,0,3
Eufren,3,0,3
Eufria,0,3,3
Eufriede,0,3,3
Eufrocina,0,3,3
Eufronia,3,0,3
Eufrosyne,0,3,3
Eug,0,3,3
Eugairo,3,0,3
Eugana,0,3,3
Eugano,3,0,3
Eugaroula,0,3,3
Eugean,0,3,3
Eugeanne,3,0,3
Eugebius,0,3,3
Eugeda,0,3,3
Eugedina,0,3,3
Eugedius,3,0,3
Eugele,3,0,3
Eugélica,0,3,3
Eugelien,0,3,3
Eugello,3,0,3
Eugemarie,0,3,3
Eugemine,0,3,3
Eugèn-Vidal,3,0,3
Eugenah,0,3,3
Eugenaily,0,3,3
Eugenaïs,0,3,3
Eugenayro,3,0,3
Eugendel,3,0,3
Eugendra,0,3,3
Eugèné,3,0,3
Eugëne,3,0,3
Eugénè,3,0,3
Eugène-A,3,0,3
Eugène-Emile,3,0,3
Eugène-Gérard,3,0,3
Eugène-Pasquale,3,0,3
Eugènedimier,3,0,3
Eugenel,3,0,3
Eugeneo,3,0,3
Eugenerie,3,0,3
Eugenetley,3,0,3
Eugenéy,3,0,3
Eugeneys,0,3,3
Eúgenia,0,3,3
Eugeniano,3,0,3
Eugeñie,0,3,3
Eugênie,0,3,3
Eugeniëldo,3,0,3
Eugenieus,3,0,3
Eugenik,0,3,3
Eugenina,0,3,3
Eugenino,3,0,3
Eugeñio,3,0,3
Eugenion,3,0,3
Eugenior,3,0,3
Eugenios,3,0,3
Eugenique,0,3,3
Eugenise,0,3,3
Eugeniuz,3,0,3
Eugenja,0,3,3
Eugenjly,0,3,3
Eugenley,3,0,3
Eugeno,3,0,3
Eugèno,3,0,3
Eugenon,3,0,3
Eugènrico,3,0,3
Eugensley,3,0,3
Eugensly,3,0,3
Eugentely,0,3,3
Eugently,3,0,3
Eugény,0,3,3
Euger,3,0,3
Eugerel,3,0,3
Eugerie,0,3,3
Eugeriene,0,3,3
Eugerio,3,0,3
Eugery,0,3,3
Eugette,0,3,3
Eugeunia,0,3,3
Eugeverny,0,3,3
Eughevianelis,0,3,3
Eugién,3,0,3
Eugienia,0,3,3
Eugienius,0,3,3
Eugienjusz,3,0,3
Eugienusz,3,0,3
Eugiëtte,0,3,3
Eugin,3,0,3
Euginé,0,3,3
Eugnie,0,3,3
Eugoëhainsley,3,0,3
Eugona,0,3,3
Eugstacius,3,0,3
Euguenia,0,3,3
Euguino,3,0,3
Eugune,3,0,3
Eugustina,0,3,3
Eugyque,3,0,3
Euhlalia,0,3,3
Euhommie,3,0,3
Euijen,3,0,3
Eujayra,0,3,3
Eujayra-Enjoly,0,3,3
Eujenio,3,0,3
Eujoel,3,0,3
Eujunaiska,0,3,3
Eujurviënska,0,3,3
Eukeria,0,3,3
Eukleidês,3,0,3
Euktje,0,3,3
Euladie,0,3,3
Eulalee,0,3,3
Eulàlia,0,3,3
Eulan,3,0,3
Eulario,3,0,3
Eulaysa,0,3,3
Euleen,0,3,3
Eulène,0,3,3
Euleterio,3,0,3
Euletheria,0,3,3
Euliano,3,0,3
Euliefaled,0,3,3
Eulies,0,3,3
Euline,0,3,3
Eulisha,0,3,3
Eulishara,0,3,3
Eulizany,0,3,3
Eulìze,0,3,3
Eulolius,3,0,3
Euly,3,0,3
Eumalis,0,3,3
Eumar,3,0,3
Eumer,3,0,3
Eumie,0,3,3
Eumira,0,3,3
Eumirel,0,3,3
Eumorphia,0,3,3
eun,0,3,3
Eun-ah,0,3,3
Eun-ja,0,3,3
Eun-Jeong,0,3,3
Eun-mi,0,3,3
Eun-Seong,3,0,3
Eun-Sil,0,3,3
Eun-sil,0,3,3
Eun-Sun,0,3,3
Eunan,3,0,3
Eunelda,0,3,3
Eunetta,0,3,3
Eung,3,0,3
Eunica,0,3,3
Eunicé,0,3,3
Euniche,0,3,3
Eunicio,3,0,3
Euniece,0,3,3
Eunieke,0,3,3
Euniké,0,3,3
Eunilda,0,3,3
Eunir,3,0,3
Eunira,0,3,3
Eunis,0,3,3
Eunisha,0,3,3
Eunitiën,3,0,3
Eunive-Marie,0,3,3
Eunize,0,3,3
Eunizia,0,3,3
Eunju,0,3,3
Eunnice,0,3,3
Euobanus,3,0,3
Euoel,3,0,3
Eupator,3,0,3
Euphacia,0,3,3
Euphebia,0,3,3
Euphelia,0,3,3
Euphème,0,3,3
Euphemea,0,3,3
Euphèmia,0,3,3
Eupherasia,0,3,3
Eupherine,0,3,3
Euphonia,0,3,3
Euphoriël,3,0,3
Euphra,0,3,3
Euphracia,0,3,3
Euphraciena,0,3,3
Euphransia,0,3,3
Euphrasine,0,3,3
Euphrasius,3,0,3
Euphrat,3,0,3
Euphratius,3,0,3
Euphrazie,0,3,3
Euphrine,0,3,3
Euphro,0,3,3
Euphrosijne,0,3,3
Eupiphania,0,3,3
Eupiphanius,3,0,3
Eupremio,3,0,3
Euqiçac,3,0,3
Euqinio,3,0,3
Euquino,3,0,3
Euraamakoba,0,3,3
Euradece,0,3,3
Euradia,0,3,3
Euradice,0,3,3
Euraino,3,0,3
Eural,3,0,3
Eurania,0,3,3
Euranie,0,3,3
Euranne,0,3,3
Euranny,0,3,3
Eürat,3,0,3
Euraysia,0,3,3
Eurbanos,3,0,3
Eurchano,3,0,3
Eurchelise,0,3,3
Eurchenise,0,3,3
Eurdese,0,3,3
Eurdhice,0,3,3
Eurdise,0,3,3
Eurdish,0,3,3
Eurditta,0,3,3
Eurecella,0,3,3
Eurecia,0,3,3
Euredich,0,3,3
Euredieke,0,3,3
Euredische,0,3,3
Euredishe,0,3,3
Euréke,0,3,3
Eurel,3,0,3
Eurela,0,3,3
Eureline,0,3,3
Eurelio,3,0,3
Eurella,0,3,3
Eurelyson,3,0,3
Euremia,0,3,3
Eurene,0,3,3
Eurenique,0,3,3
Euresio,3,0,3
Eureuka,0,3,3
Eurgenia,0,3,3
Eurgilia,0,3,3
Eurgino,3,0,3
Eurhedice,0,3,3
Eurian,3,0,3
Euribis,3,0,3
Eurica,0,3,3
Eurice,0,3,3
Euricen,3,0,3
Eurich,3,0,3
Eurico,3,0,3
Euridese,0,3,3
Euridio,3,0,3
Eurigice,0,3,3
Eurika,0,3,3
Eurilio,3,0,3
Eurina,0,3,3
Eurinice,0,3,3
Euripidis,3,0,3
Eurisio,3,0,3
Eurita,0,3,3
Eurivania,0,3,3
Eurizio,3,0,3
Eurlen,3,0,3
Eurlien,0,3,3
Eurline,0,3,3
Eurlyssa-Maria,0,3,3
Eurmilly,0,3,3
Eurnalisa,0,3,3
Euro,3,0,3
Eurodici,0,3,3
Eurodin,0,3,3
Eurodise,0,3,3
Euromo,3,0,3
Eurona,0,3,3
Euronice,0,3,3
Eurovanny,3,0,3
Eurredice,0,3,3
Eursenie,0,3,3
Eurshanie,0,3,3
Eursheillia,0,3,3
Eursheline,0,3,3
Eurshila,0,3,3
Eursila,0,3,3
Eursley,3,0,3
Eurssen,3,0,3
Eursthon,3,0,3
Eurtje,0,3,3
Eurtson,3,0,3
Eurty,0,3,3
Eurudice,0,3,3
Euryan,3,0,3
Euryanta,0,3,3
Euryanthis,3,0,3
Euryclides,3,0,3
Eurydice-Eugenie,0,3,3
Eurydise,0,3,3
Eurynice,0,3,3
Eurystheus,3,0,3
Eurzila,0,3,3
Eusaphina,0,3,3
Euschano,3,0,3
Eusèbe,0,3,3
Eusébia,0,3,3
Eusebiah,0,3,3
Eusebina,0,3,3
Euselin,0,3,3
Euselius,3,0,3
Euseneo,3,0,3
Eushaenailie,0,3,3
Eushantily,0,3,3
Eusharo,3,0,3
Eushenn,3,0,3
Eushennis,0,3,3
Eusheny,0,3,3
Eushinely,0,3,3
Eusibius,3,0,3
Eusiën,3,0,3
Eusil,0,3,3
Eustaach,3,0,3
Eustaas,3,0,3
Eustachias,3,0,3
Eustaclia,0,3,3
Eustany,3,0,3
Eustaqia,0,3,3
Eustasie,0,3,3
Eustasio,3,0,3
Eustatios,3,0,3
Eustatious,3,0,3
Eustatuis,3,0,3
Eustec,3,0,3
Eustellus,3,0,3
Eusten,3,0,3
Eusticia,0,3,3
Eustiquia,0,3,3
Eustocheum,0,3,3
Eustolia,0,3,3
Eustoqia,0,3,3
Eustoquia,0,3,3
Eustratios,3,0,3
Eustuce,3,0,3
Eutalia,0,3,3
Eutequio,3,0,3
Euthalina,0,3,3
Euthymios,3,0,3
Euthymius,3,0,3
Eutigia,0,3,3
Eutigius,3,0,3
Eutimio,3,0,3
Eutizio,3,0,3
Eutropia,0,3,3
Eutropio,3,0,3
Eutychios,3,0,3
Euvenielson,3,0,3
Euvinio,3,0,3
Euvino,3,0,3
Euvynio,3,0,3
Euwald,3,0,3
Euwfemia,0,3,3
Euwina,0,3,3
Euwine,0,3,3
Euwke,3,0,3
Euwout,3,0,3
Euzebia,0,3,3
Euzebina,0,3,3
Euzébio,3,0,3
Euzebiusz,3,0,3
Euzenice,0,3,3
Euzeny,0,3,3
Euzhan,0,3,3
Euzinya,0,3,3
EVA,0,3,3
Eva-Adèle,0,3,3
Eva-Alexé,0,3,3
Eva-Angelica,0,3,3
Eva-Anna,0,3,3
Eva-Arda,0,3,3
Eva-Beth,0,3,3
Eva-Charlotte,0,3,3
Eva-Christina,0,3,3
Eva-Christine,0,3,3
Eva-Desiree,0,3,3
Eva-Dora,0,3,3
Eva-dore,0,3,3
Eva-Eleonore-Maria,0,3,3
Eva-Elisa,0,3,3
Eva-Elise,0,3,3
Eva-Elizabeth,0,3,3
Eva-Elize,0,3,3
Eva-Fleur,0,3,3
Eva-Floor,0,3,3
Eva-Grace,0,3,3
Eva-hanne,0,3,3
Eva-Hélène,0,3,3
Eva-Hilde,0,3,3
Eva-Imani,0,3,3
Eva-Jasmijn,0,3,3
Eva-Jeane,0,3,3
Eva-Jeannette,0,3,3
Eva-Jenny,0,3,3
Eva-Joëlle,0,3,3
Eva-Johanna,0,3,3
Eva-Jolie,0,3,3
Eva-Jones,0,3,3
Eva-Joy,0,3,3
Eva-Julia,0,3,3
Eva-Julie,0,3,3
Eva-Juul,0,3,3
Eva-Lavelle,0,3,3
Eva-Leonie,0,3,3
Eva-Leonne,0,3,3
Eva-Lien,0,3,3
Eva-Linn,0,3,3
Eva-Liza,0,3,3
Eva-Loes,0,3,3
Eva-Loraina,0,3,3
Eva-Loraine,0,3,3
Eva-Luz,0,3,3
Eva-Lynde,0,3,3
Eva-lynn,0,3,3
Eva-Lyse,0,3,3
Eva-Madou,0,3,3
Eva-Mae,0,3,3
Eva-Maij,0,3,3
Eva-Mara,0,3,3
Eva-María,0,3,3
Eva-Marieke,0,3,3
Eva-Marij,0,3,3
Eva-Mariken,0,3,3
Eva-Marit,0,3,3
Eva-Maritta,0,3,3
Eva-Marri,0,3,3
Eva-Melief,0,3,3
Eva-Mieke,0,3,3
Eva-Mignon,0,3,3
Eva-Mirre,0,3,3
Eva-Naära,0,3,3
Eva-Nadine,0,3,3
Eva-Nelle-Marie,0,3,3
Eva-Nina,0,3,3
Eva-Nine,0,3,3
Eva-Noa,0,3,3
Eva-Norah,0,3,3
Eva-Olivia,0,3,3
Eva-Pascalle,0,3,3
Eva-Rosalie,0,3,3
Eva-Rose,0,3,3
Eva-Sarah,0,3,3
Eva-Sharon,0,3,3
Eva-Sjan,0,3,3
Eva-Sofie,0,3,3
Eva-Sophia,0,3,3
Eva-Tine,0,3,3
Eva-Viènna,0,3,3
Evabella,0,3,3
Evabritt,0,3,3
Evacia,0,3,3
Evacuata,0,3,3
Evad,0,3,3
Evade,0,3,3
Evader,3,0,3
Evadien,0,3,3
Evadiene,0,3,3
Evadini,0,3,3
Evadne,0,3,3
Evado,3,0,3
Evaedina,0,3,3
Evagelina,0,3,3
Evagelos,3,0,3
Evagista,0,3,3
Evaguelos,3,0,3
Evah'Leah,0,3,3
Evaharda,0,3,3
Evahno,3,0,3
Evaily,0,3,3
Evain,3,0,3
Evaingely,0,3,3
Evainne,0,3,3
Evaino,3,0,3
Evairo,3,0,3
Evaishka,0,3,3
EvaJade,0,3,3
EvaJulia,0,3,3
Evajune,0,3,3
Evalane,0,3,3
Evalda,0,3,3
Evaldy,0,3,3
Evaleanda,0,3,3
Evalee,0,3,3
Evaleen,0,3,3
Evaleigh,0,3,3
Evälein,0,3,3
Evaleine,0,3,3
Evalena,0,3,3
Evaley,0,3,3
Evalieke,0,3,3
Evalientje,0,3,3
Evalies,0,3,3
Evalisa,0,3,3
Evalisha,0,3,3
Evalisia,0,3,3
Evaliya,0,3,3
Evaliyah,0,3,3
Evaliza,0,3,3
Evalley,0,3,3
Evalon,0,3,3
Evalore,0,3,3
Evalune,0,3,3
Evalyna,0,3,3
Evalyne-Janyne,0,3,3
Evalynne,0,3,3
Evamarie,0,3,3
Eván,3,0,3
Evan-Anthony,3,0,3
Evan-Dean,3,0,3
Evan-Joël,3,0,3
Evána,0,3,3
Evanah,0,3,3
Evanana,0,3,3
Evanarda,0,3,3
Evanboyd,3,0,3
Evanca,0,3,3
Evancheliënn,0,3,3
Evandel,3,0,3
Evando,3,0,3
Evandor,3,0,3
Evandy,3,0,3
Evanes,0,3,3
Evanesse,0,3,3
Evanetie,0,3,3
Evangalista,0,3,3
Evangelhyn,0,3,3
Evangelía,0,3,3
Evangelica,0,3,3
Evángelie,0,3,3
Evangelien,0,3,3
Evângeline,0,3,3
Evangelinë,0,3,3
Evangéline,0,3,3
Evangeline-Lily,0,3,3
Evangelinia,0,3,3
Evangelis,3,0,3
Evangelisa,0,3,3
Evangeliska,0,3,3
Evangelisto,3,0,3
Evangelly,0,3,3
Evangelynn,0,3,3
Evanggelia,0,3,3
Evangielia,0,3,3
Evangil,3,0,3
Evangoline,0,3,3
Evanha,0,3,3
Eváni,0,3,3
Evanî,0,3,3
Evanicia,0,3,3
Evanien,0,3,3
Evanilza,0,3,3
Evanina,0,3,3
Evanisha,0,3,3
Evanison,3,0,3
Evann-Johnthan,3,0,3
Evannie,0,3,3
Evanold,3,0,3
Evanshely,3,0,3
Evante,3,0,3
Evanti,0,3,3
Evanty,3,0,3
Evanuela,0,3,3
Evany-Jane,0,3,3
Evanya,0,3,3
Evarado,3,0,3
Evaraldo,3,0,3
Evarardina,0,3,3
Evarasi,0,3,3
Evard,3,0,3
Evardien,0,3,3
Evardney,0,3,3
Evaresto,3,0,3
Evarez,3,0,3
Evarice,3,0,3
Evariest,3,0,3
Evarietus,3,0,3
Evaris,3,0,3
Evaristhus,0,3,3
Evaristi,0,3,3
Evaristina,0,3,3
Evaristis,3,0,3
Evarno,3,0,3
Evaron,3,0,3
Evaryse,0,3,3
Evasya,0,3,3
Evaudia,0,3,3
Evaya,0,3,3
Evayin,0,3,3
Evaylee,0,3,3
Evayne,0,3,3
Evayno,3,0,3
Evayyelia,0,3,3
Evbakoaro,3,0,3
Evbiobomwan,0,3,3
Evbuomwan,3,0,3
Evdokija,0,3,3
Evdomos,3,0,3
Eve-Esmaé,0,3,3
Eve-Galá,0,3,3
Eve-Mae,0,3,3
Eve-phily,0,3,3
Eveah,0,3,3
Evean,3,0,3
Evéan,3,0,3
Eveangela,0,3,3
Evediena,0,3,3
Evedinah,0,3,3
Evee,0,3,3
Evegiña,0,3,3
Eveharda,0,3,3
Eveil,3,0,3
Evejanda,0,3,3
Evéjo,0,3,3
Evel,0,3,3
Evelay-Pip,0,3,3
Eveldin,3,0,3
Evelea,0,3,3
Eveleigh,0,3,3
Eveleijn,0,3,3
Eveleijntje,0,3,3
Evelene,0,3,3
Evelène,0,3,3
Evelet,0,3,3
Eveleyne,0,3,3
Evelialtje,0,3,3
Evelice,0,3,3
Evelicia,0,3,3
Evelien-Jeannette,0,3,3
Evelien-Margarete,0,3,3
Evelien-Maria,0,3,3
Evelieneke,0,3,3
Evelienke,0,3,3
Evelijna,0,3,3
Evelīna,0,3,3
Evelindo,3,0,3
Eveline-Cécile,0,3,3
Eveline-Daniëlle,0,3,3
Eveline-Mareille,0,3,3
Eveline-Maria,0,3,3
Eveline-Maureen,0,3,3
Eveline-Rosemarie,0,3,3
Evelinna,0,3,3
Evelinne,0,3,3
Evelintje,0,3,3
Eveliny,0,3,3
Evelique,0,3,3
Evelita,0,3,3
Eveliza,0,3,3
Evellius,3,0,3
Evelly,0,3,3
Evelotte,0,3,3
Evelson,3,0,3
Evelyene,0,3,3
Evélyn,0,3,3
Evelyn-Denise,0,3,3
Evelyn-Liz,0,3,3
Evelyn-Maureen,0,3,3
Evelyne-Jade,0,3,3
Evelyno,3,0,3
Evelynora,0,3,3
Evelyshay,0,3,3
Evemarie,0,3,3
Evémia,0,3,3
Evemien,0,3,3
Evémius,3,0,3
Evencio,3,0,3
Evend,3,0,3
Eveney,0,3,3
Evengeline,0,3,3
Evengelino,0,3,3
Evengely,0,3,3
Evenhuis,3,0,3
Evenildo,3,0,3
Evenilson,3,0,3
Evenita,0,3,3
Evenlien,0,3,3
Evenlyn,0,3,3
Evenne,0,3,3
Evennie,0,3,3
Evens,3,0,3
Eveny-Roïs,0,3,3
Evenynke,0,3,3
Evenzo,3,0,3
Evéra,0,3,3
Everades,3,0,3
Everadina,0,3,3
Everaldine,0,3,3
Everaldo-Marino,3,0,3
Everane,3,0,3
Everanna,0,3,3
Everantus,3,0,3
Everárd,3,0,3
Everard-Johan,3,0,3
Everardini,0,3,3
Everardinus,3,0,3
Everardor,3,0,3
Everasi,0,3,3
Everbarda,0,3,3
Everd-Dennis,3,0,3
Everdene,0,3,3
Everdhart,3,0,3
Everdieni,0,3,3
Everdijn,0,3,3
Everdina-Clara,0,3,3
Everdine-Elisabeth,0,3,3
Everdineke,0,3,3
Everdines,3,0,3
Everdinie,0,3,3
Everdiny,0,3,3
Everdirkje,0,3,3
Everdita,0,3,3
Everdje,0,3,3
Everdy,3,0,3
Everdyna,0,3,3
Evére,0,3,3
Everé,3,0,3
Everein,3,0,3
Evereina,0,3,3
Evereintje,0,3,3
Everensia,0,3,3
Everethe,0,3,3
Everetta,0,3,3
Everette,3,0,3
Everey,3,0,3
Evergeradus,3,0,3
Evergerarda,0,3,3
Evergiste,3,0,3
Everhard-Herman,3,0,3
Everhardiena,0,3,3
Everhardis,3,0,3
Everhild,0,3,3
Everi,0,3,3
Evéria,0,3,3
Everic,3,0,3
Everica,0,3,3
Everich,3,0,3
Everick,3,0,3
Everidge,3,0,3
Everiënne,0,3,3
Everijne,0,3,3
Everijnes,3,0,3
Everijnus,3,0,3
Everike,0,3,3
Everild,0,3,3
Everildis,3,0,3
Everildo,3,0,3
Everilina,0,3,3
Everim,3,0,3
Everima,0,3,3
Everinde,0,3,3
Everini,0,3,3
Everino,3,0,3
Everinta,0,3,3
Everionne,3,0,3
Evérique,0,3,3
Everisto,3,0,3
Everius,3,0,3
Everjanna,0,3,3
Everlander,3,0,3
Everlandus,3,0,3
Everlardus,3,0,3
Everlast,3,0,3
Everlie,0,3,3
Everlique,0,3,3
Everlon,3,0,3
Everlynn,0,3,3
Evernall,0,3,3
Evernanda,0,3,3
Evernardo,3,0,3
Evernel,3,0,3
Evernesa,3,0,3
Evernoldus,3,0,3
Everom,3,0,3
Everonne,3,0,3
Everoos,0,3,3
Everrada,0,3,3
Everradis,3,0,3
Everranda,3,0,3
Everrard,3,0,3
Everrett,3,0,3
Everriena,0,3,3
Everse,3,0,3
Eversley,3,0,3
Evert-Aalt,3,0,3
Evert-Aart,3,0,3
Evert-Aike,3,0,3
Evert-Anne,3,0,3
Evert-Barend,3,0,3
Evert-Boudewijn,3,0,3
Evert-Dirk,3,0,3
Evert-Erik,3,0,3
Evert-Ernst,3,0,3
Evert-Folkert,3,0,3
Evert-Hans,3,0,3
Evert-Harm,3,0,3
Evert-Helmert,3,0,3
Evert-Hendrik,3,0,3
Evert-Job,3,0,3
Evert-Julian,3,0,3
Evert-Laurens,3,0,3
Evert-Marie,3,0,3
Evert-Paul,3,0,3
Evert-René,3,0,3
Evert-Stephané,3,0,3
Evert-Tim,3,0,3
Evert-Wim,3,0,3
Evert-Yde,3,0,3
Evertdiene,0,3,3
Evertdientje,0,3,3
Evertdine,0,3,3
Evêrte,0,3,3
Evertgardus,3,0,3
Evertino,3,0,3
Evertjanna,0,3,3
Evertje-Elise,0,3,3
Evertje-Janna,0,3,3
Evertnor,3,0,3
Evertt,3,0,3
Everuengel,3,0,3
Everwinde,0,3,3
Everycke,0,3,3
Everyn,0,3,3
Everyna,0,3,3
Eveth,0,3,3
Evetta,0,3,3
Eveurine,0,3,3
Eveyen,3,0,3
Eveymar,3,0,3
Evezia,0,3,3
Evfy,0,3,3
Evgenevich,3,0,3
Evgeney,3,0,3
Evgenievich,3,0,3
Evgenii,3,0,3
Evgenija,0,3,3
Evgenios,3,0,3
Evgeniya,0,3,3
Evgeniyevich,3,0,3
Evgenyevich,3,0,3
Evgheni,3,0,3
Evghenia,0,3,3
Evgueni,3,0,3
Evha,0,3,3
Evhan,3,0,3
Evhenlyson,3,0,3
Eví,0,3,3
Evi-Aimee,0,3,3
Evi-anne,0,3,3
Evi-Bo,0,3,3
Evi-Jade,0,3,3
Evi-Jenna,0,3,3
Evi-Jet,0,3,3
Evi-Joy,0,3,3
Evi-Laurel,0,3,3
Evi-Lavin,0,3,3
Evi-Lie,0,3,3
Evi-Lin,0,3,3
Evi-Linde,0,3,3
Evi-Linn,0,3,3
Evi-Lise,0,3,3
Evi-Louise,0,3,3
Evi-Lu,0,3,3
Evi-lynn,0,3,3
Evi-Mara,0,3,3
Evi-Maria,0,3,3
Evi-Marie,0,3,3
Evi-Marlène,0,3,3
Evi-May,0,3,3
Evi-Naya,0,3,3
Evi-Noë,0,3,3
Evi-Nola,0,3,3
Evi-Nora,0,3,3
Evi-Roza,0,3,3
Evi-Saar,0,3,3
Evi-Sofie,0,3,3
Evi-Sophia,0,3,3
Evi-Sophie,0,3,3
Evía,0,3,3
Eviaan,3,0,3
Eviakase,3,0,3
Evial,0,3,3
Eviane,0,3,3
Eviann,0,3,3
Eviäntilly,0,3,3
Evianto,3,0,3
Evic,3,0,3
Evicha,3,0,3
Evicienne,0,3,3
Eviciënne,0,3,3
Evidence,3,0,3
Evië,0,3,3
Evie-Britt,0,3,3
Evie-Rose,0,3,3
Evieanna,0,3,3
Evielien,0,3,3
Evielou,0,3,3
Evièn,3,0,3
Evienna,0,3,3
Eviënthaly,0,3,3
Eviëntheline,0,3,3
Evierenske,0,3,3
Eviet,3,0,3
Evieta,0,3,3
Eviete,0,3,3
Eviëtte,0,3,3
Evijanne,0,3,3
Evila,0,3,3
Evilde,0,3,3
Evilena,0,3,3
Evilia,0,3,3
Evilie,0,3,3
Evilina,0,3,3
Evilyn,0,3,3
Evilyne,0,3,3
Evimare,0,3,3
Eviminio,3,0,3
Evind,3,0,3
Evîndar,3,0,3
Evinella,0,3,3
Evinga,0,3,3
Evinia,0,3,3
Evinnur,0,3,3
Evinora,0,3,3
Eviolente,0,3,3
Evion,3,0,3
Eviona,0,3,3
Evionne,0,3,3
Eviphany,0,3,3
Evique,0,3,3
Evire,0,3,3
Evirive,0,3,3
Eviroos,0,3,3
Evisa,0,3,3
Evissa,0,3,3
Evíta,0,3,3
Evita-Maria,0,3,3
Evittòrio,3,0,3
Eviva,0,3,3
Eviza,0,3,3
Evjatar,3,0,3
Evka,3,0,3
Evke,0,3,3
Evlina,0,3,3
Evlo,0,3,3
Evlyne,0,3,3
Evmarie,0,3,3
Evna,0,3,3
Evody,0,3,3
Evolay,0,3,3
Evoleh,0,3,3
Evolette,0,3,3
Evolie,0,3,3
Evoline,0,3,3
Evolyn,0,3,3
Evona,0,3,3
Evonna,0,3,3
Evonnae,0,3,3
Evonnio,3,0,3
Evory,0,3,3
Evoya,0,3,3
Evrain,3,0,3
Evranisa,0,3,3
Evrard-Nicolas,3,0,3
Evrardina,0,3,3
Evre,3,0,3
Evreda,0,3,3
Evremond,3,0,3
Evridiki,0,3,3
Evriënne,0,3,3
Evrijs,3,0,3
Evrill,0,3,3
Evrin,0,3,3
Evron-Dempsey,3,0,3
Evropi,0,3,3
Evsa,0,3,3
Evstratios,3,0,3
Evtaliyah,0,3,3
Evthimios,3,0,3
Evtimova,0,3,3
Evtychios,3,0,3
Evuardus,3,0,3
Evununge,0,3,3
Evvab,3,0,3
Evvi,0,3,3
Evvie,0,3,3
Evý,0,3,3
Evy'leny,0,3,3
Evy-ann,0,3,3
Evy-Anna,0,3,3
Evy-Helen,0,3,3
Evy-Janne,0,3,3
Evy-Jean,0,3,3
Evy-Jolie,0,3,3
Evy-Leona,0,3,3
Evy-Lin,0,3,3
Evy-linn,0,3,3
Evy-Marie,0,3,3
Evy-Marlotte,0,3,3
Evy-Noé,0,3,3
Evy-Roos,0,3,3
Evy-Sam,0,3,3
Evy-Sophie,0,3,3
Evyann,0,3,3
Evyano,3,0,3
Evyatar,3,0,3
Evyavan,3,0,3
Evyda,0,3,3
Evyendie,3,0,3
Evyenie,0,3,3
Evyenne,0,3,3
Evylina,0,3,3
Evylinne,0,3,3
Evymillio,3,0,3
Evyna,0,3,3
Evynn,3,0,3
Evyonah,0,3,3
Evyra,0,3,3
Ewa-Joan,0,3,3
Ewaan,0,3,3
Ewad,3,0,3
Ewald-Jan,3,0,3
Ewaldes,3,0,3
Ewaldi,3,0,3
Ewaldia,0,3,3
Ewaldiena,0,3,3
Ewaldin,3,0,3
Ewane,3,0,3
Ewange,0,3,3
Ewangely,3,0,3
Ewann,3,0,3
Ewanna,0,3,3
Ewantfoula,0,3,3
Ewantha,3,0,3
Ewaw,3,0,3
EWC,0,3,3
Ewdokya,0,3,3
Eweah,0,3,3
Eweghana,0,3,3
Eweh,0,3,3
Eweliena,0,3,3
Ewemade,0,3,3
Ewenam,0,3,3
Ewency,3,0,3
Ewensa,0,3,3
Ewenye,0,3,3
Ewerardus,3,0,3
Ewerdt,3,0,3
Ewgenia,0,3,3
Ewgenie,3,0,3
Ewgenija,0,3,3
Ewgienia,3,0,3
Ewhenia,0,3,3
Ewheny,3,0,3
Ewid,3,0,3
Ewie,0,3,3
Ewindar,3,0,3
Ewita,0,3,3
Ewjenia,0,3,3
EWJJ,0,3,3
Ewlin,0,3,3
Ewokolo,0,3,3
Ewoldus,3,0,3
Ewon,3,0,3
Ewong,0,3,3
Eword,3,0,3
Ewoud-Jan,3,0,3
Ewoudszoon,3,0,3
Ewoudus,3,0,3
Ewout-Hessel,3,0,3
Ewout-Sijtze,3,0,3
Ewouterina,0,3,3
Ewoutina,0,3,3
Ewoutine,0,3,3
Ewoutszoon,3,0,3
Ewrahim,3,0,3
Ewrin,0,3,3
Ewshem,3,0,3
EWT,0,3,3
Ewuadowa,0,3,3
Ewura-Esi,0,3,3
Ewuraa,0,3,3
Ewuraadjowa,0,3,3
Ewurabina,0,3,3
Ewurajuwa,0,3,3
Ewuresi,0,3,3
Ewurokuwa,0,3,3
Ewusiwa,0,3,3
Ewuziem,0,3,3
Ewwin,0,3,3
Ewynn,0,3,3
Ewzel,3,0,3
Exaldus,3,0,3
Exalta,0,3,3
Exaltación,3,0,3
Exaltacion,0,3,3
Exalté,3,0,3
Exantia,0,3,3
Exaucée,0,3,3
Exaudian,3,0,3
Exceqiel,3,0,3
Exclodina,0,3,3
Exegese,3,0,3
Exelgeorge,3,0,3
Exequiel,3,0,3
Exequiela,0,3,3
Exhaucé-Bandeira,3,0,3
Exhaucee,0,3,3
Exi,3,0,3
Exinia,0,3,3
Exiojenia,0,3,3
Exley,3,0,3
Exly,3,0,3
Exocie,3,0,3
Exode,3,0,3
Exodina,0,3,3
Exon,3,0,3
Exorcé,3,0,3
Exosé,3,0,3
Exouce,3,0,3
Exouzia,0,3,3
Expedicto,3,0,3
Expeditho,3,0,3
Exsanita,0,3,3
Exselienne,0,3,3
Exsell,3,0,3
Exson,3,0,3
Exstacy,0,3,3
Exsterline,0,3,3
Exsul,3,0,3
Exuperia,0,3,3
Exuperius,3,0,3
Exus,3,0,3
Exzavier,3,0,3
Exzira,0,3,3
Exzona,0,3,3
Ey-Shanno,3,0,3
Eya-Lave,0,3,3
Eya-Parya,0,3,3
Eyaad,3,0,3
Eyaal,3,0,3
Eyalayra,0,3,3
Eybarta,0,3,3
Eybartus,3,0,3
Eydinne,3,0,3
Eydriyen,0,3,3
Eye-Shandra,0,3,3
Eyebie,0,3,3
Eyecheä,0,3,3
Eyefynn,3,0,3
Eyehnur,0,3,3
Eyèn,0,3,3
Eyenalem,0,3,3
Eyeram,3,0,3
Eyere,0,3,3
Eyero,3,0,3
Eyerusalem,0,3,3
Eyes,3,0,3
Eyeshara,0,3,3
Eyeson,0,3,3
Eyevan,3,0,3
Eyfhara,0,3,3
Eyfke,0,3,3
Eyham,3,0,3
Eyhmani,3,0,3
Eyi,0,3,3
Eyib,3,0,3
Eyidey,0,3,3
Eyimofe,3,0,3
Eyinn,0,3,3
Eyinna,0,3,3
Eyken,0,3,3
Eyko,3,0,3
Eylan,3,0,3
Eylán,0,3,3
Eylano,3,0,3
Eylarda,0,3,3
Eyldert,3,0,3
Eyle,3,0,3
Eylean,0,3,3
Eyleigh,0,3,3
Eylenah,0,3,3
Eylence,0,3,3
Eylene,0,3,3
Eyler,3,0,3
Eylie,0,3,3
Eylîn,0,3,3
Eylissa,0,3,3
Eylke,0,3,3
Eylla,0,3,3
Eylo,3,0,3
Eylon,3,0,3
Eyloul,0,3,3
Eyltje,0,3,3
Eyluana,0,3,3
Eylūl,0,3,3
Eymaine,3,0,3
Eymane,0,3,3
Eymani,0,3,3
Eymar,3,0,3
Eymberta,0,3,3
Eymbertha,0,3,3
Eymeehra,0,3,3
Eymeke,0,3,3
Eymerdina,0,3,3
Eymi,0,3,3
Eymond,3,0,3
Eynana,3,0,3
Eynelle,0,3,3
Eyngelice,0,3,3
Eynn,3,0,3
Eyo-El,3,0,3
Eyobed,3,0,3
Eyobel,3,0,3
Eyoeb,3,0,3
Eyoep,3,0,3
Eyole,3,0,3
Eyolin,0,3,3
Eyomar,3,0,3
Eyong-Tabong,3,0,3
Eyonse,3,0,3
Eyosiyas,3,0,3
Eyosyas,3,0,3
Eyoto,3,0,3
Eyoual,3,0,3
Eyoup,3,0,3
Eyovaldric,3,0,3
Eyphrasina,0,3,3
Eyre,3,0,3
Eyrene,0,3,3
Eyron,3,0,3
Eyrún,0,3,3
Eysa,0,3,3
Eysaiah,0,3,3
Eysam,3,0,3
Eysenur,0,3,3
Eysina,0,3,3
Eysse,3,0,3
Eyt,3,0,3
Eytam,0,3,3
Eytel,3,0,3
Eyten,0,3,3
Eytha,0,3,3
Eythóra,0,3,3
Eytie,0,3,3
Eytje,0,3,3
Eyubhan,3,0,3
Eyübi,3,0,3
Eyuel,3,0,3
Eyumir,3,0,3
Eyûp,3,0,3
Eyuriano,3,0,3
Eyven,3,0,3
Eyvi,0,3,3
Eyvinn,3,0,3
Eywa-Nahko,3,0,3
Eywen,0,3,3
Eyyubhan,3,0,3
Eyyûp,3,0,3
Eyđdis,0,3,3
Ez-El-Aba,3,0,3
Ezà,3,0,3
Eza-Elin,0,3,3
Ezaan,3,0,3
Ezahra,0,3,3
Ezaias,3,0,3
Ezairah,0,3,3
Ezandrio,3,0,3
Ezandro,3,0,3
Ezanne,0,3,3
Ezara,0,3,3
Ezard,3,0,3
Ezáya,0,3,3
Ezcan,0,3,3
Ezdin,3,0,3
Ezdinşer,3,0,3
Ezdio,3,0,3
Ezdişer,3,0,3
Ezéa,3,0,3
Ezebius,3,0,3
Ezechiaël,3,0,3
Ezèchiël,3,0,3
Ezechıël,3,0,3
Ezéchiël,3,0,3
Ezechiele,3,0,3
Ezechiëlla,0,3,3
Ezechielle,0,3,3
Ezeddeen,3,0,3
Ezeddin,3,0,3
Ezedubem,3,0,3
Ezegiël,3,0,3
Ezeiza,0,3,3
Ezekial,3,0,3
Ezekiël-Jeremiah,3,0,3
Ezekile,3,0,3
Ezekyel,3,0,3
Ezela,0,3,3
Ezelhan,0,3,3
Ezemsinachi,3,0,3
Ezennaya,3,0,3
Ezenwa,3,0,3
Ezeoha,3,0,3
Ezeoranu,0,3,3
Ezequias,3,0,3
Ezequiël,3,0,3
Ezequíel,3,0,3
Ezequïel,3,0,3
Ezequiëlla,0,3,3
Ezequil,3,0,3
Ezera,3,0,3
Ezerina,0,3,3
Ezği,0,3,3
Ezgihan,0,3,3
Ezgim,0,3,3
Ezginaz,0,3,3
Ezgisu,0,3,3
Ezgü,0,3,3
Ezhan,3,0,3
Ezhar,3,0,3
Ezher,0,3,3
Ezhilini,0,3,3
Ezhno,3,0,3
Ezhra,0,3,3
Ezia,0,3,3
Eziakhiël,3,0,3
Ezichiël,3,0,3
Ezidani,3,0,3
Ezied,3,0,3
Eziena,0,3,3
Ezigbo,0,3,3
Ezikel,3,0,3
Ezikiel,3,0,3
Ezilma,0,3,3
Ezimar,3,0,3
Ezinna,0,3,3
Ezioma,0,3,3
Eziongebër,3,0,3
Eziqias,3,0,3
Eziquël,3,0,3
Eziquias,3,0,3
Ezita,0,3,3
Eziye,0,3,3
Ezley,3,0,3
Ezlia,0,3,3
Ezling,0,3,3
Ezly,3,0,3
Ezma,0,3,3
Ezman,0,3,3
Ezmar,3,0,3
Ezmecey,0,3,3
Ezméralda,0,3,3
Ezmeryn,0,3,3
Ezmeyah,0,3,3
Ezmhaltwhon,0,3,3
Ezmi,0,3,3
Ezmir,3,0,3
Ezner,0,3,3
Eznir,3,0,3
Ezperanza,0,3,3
Ezpiransa,0,3,3
Ezra-Jesse,3,0,3
Ezra-Jonah,3,0,3
Ezra-Luciano,3,0,3
Ezraëla,0,3,3
Ezraella,0,3,3
Ezraellah,0,3,3
Ezraëus,3,0,3
Ezraiella,0,3,3
Ezrak,3,0,3
Ezram,3,0,3
Ezramiah,3,0,3
Ezrey,3,0,3
Ezrha,3,0,3
Ezri-Ann,0,3,3
Ezrie,0,3,3
Ezriël,3,0,3
Ezriëla,0,3,3
Ezriëlla,0,3,3
Ezrom,3,0,3
Eztega,3,0,3
Ezwan,3,0,3
Ezyo,3,0,3
Ezz,3,0,3
Ezza,0,3,3
Ezzahiria,0,3,3
Ezzahraa,0,3,3
Ezzarely,0,3,3
Ezzatullah,3,0,3
Ezzdinne,3,0,3
Ezzeddin,3,0,3
Ezzelina,0,3,3
Ezzerd,3,0,3
Ezzo,3,0,3
