Name,Men,Women,Total
Franciscus,167807,2736,170543
Francisca,870,80261,81131
Frederik,50106,117,50223
Frank,31685,180,31865
Frans,27590,217,27807
Femke,29,20654,20683
Frederika,73,20065,20138
Fleur,12,19579,19591
Francina,174,19196,19370
Ferdinand,17979,164,18143
Floris,16637,7,16644
Floor,635,10614,11249
Finn,10680,135,10815
Fenna,3,10318,10321
Fredericus,7864,54,7918
Francis,3145,4599,7744
Fabian,7341,14,7355
François,6956,134,7090
Frederikus,6636,32,6668
Frits,6360,30,6390
Froukje,6,6101,6107
Felix,5229,97,5326
Frederique,111,4919,5030
Feline,3,4809,4812
Freddy,4140,80,4220
Florian,4161,56,4217
Fay,12,4071,4083
Fatima,7,4004,4011
Fenne,49,3905,3954
Frederica,37,3803,3840
Folkert,3798,3,3801
Fedde,3754,6,3760
Freek,3742,7,3749
Françoise,32,3599,3631
Floortje,3,3554,3557
Felicia,6,3441,3447
Franciska,28,3352,3380
Fokke,3351,5,3356
Ferry,3316,31,3347
Frederike,3,3084,3087
Florence,73,2960,3033
Franklin,2900,13,2913
Fabiënne,17,2874,2891
Freerk,2781,0,2781
Faye,5,2775,2780
Fredrik,2777,3,2780
Friso,2680,0,2680
Francine,37,2619,2656
Fien,12,2579,2591
Fiene,3,2533,2536
Frédérique,52,2483,2535
Femmigje,3,2343,2346
Frieda,18,2321,2339
Fiona,3,2305,2308
Fredrika,3,2201,2204
Fabienne,12,2174,2186
Flora,9,2043,2052
Famke,0,2015,2015
Fokje,0,2012,2012
Fatma,3,1960,1963
Ferdinandus,1882,26,1908
Francien,30,1758,1788
Francesca,8,1753,1761
Friedrich,1684,6,1690
Frederieke,3,1665,1668
Fokko,1617,3,1620
Fred,1593,21,1614
Florine,3,1593,1596
Faith,26,1548,1574
Francesco,1473,56,1529
Francisco,1490,32,1522
Féline,0,1512,1512
Fernando,1485,11,1496
Farah,34,1442,1476
Frances,96,1368,1464
Feike,1349,110,1459
Fatih,1416,3,1419
Frederick,1393,12,1405
Fréderique,23,1365,1388
Fem,3,1342,1345
Furkan,1282,0,1282
Fransiscus,1201,36,1237
Fieke,3,1193,1196
Ferdi,1130,14,1144
Franka,6,1134,1140
Florentina,57,1074,1131
Frederiek,24,1063,1087
Franz,1066,9,1075
Florentine,10,1061,1071
Foppe,1069,3,1072
Feikje,3,1002,1005
Frouke,18,980,998
Felice,63,933,996
Fransisca,8,960,968
Frida,13,953,966
Femia,3,943,946
Fennigje,0,943,943
Fernanda,3,912,915
Flore,6,910,916
Filippus,908,3,911
Fabio,906,3,909
Fransina,3,907,910
Faas,884,3,887
Filip,875,3,878
Fynn,829,29,858
Fennechien,3,837,840
Ferdinanda,3,834,837
Fons,827,9,836
Florien,3,827,830
Fanny,8,787,795
Florus,761,3,764
Fouad,749,11,760
Francijna,12,712,724
Frederic,706,15,721
Frouwke,0,717,717
Foekje,0,712,712
Femmy,3,700,703
Freya,3,685,688
Freddie,636,39,675
Florentius,659,13,672
Fransje,29,637,666
Fenny,3,655,658
Febe,36,613,649
Fredrikus,646,0,646
Flynn,594,40,634
Ferdy,619,11,630
Faya,0,623,623
Franciskus,610,7,617
Falco,608,3,611
Faruk,596,3,599
Fabiola,6,570,576
Flip,571,3,574
Frédéric,568,7,575
Franziska,3,566,569
Fedor,563,3,566
Ferre,550,12,562
Floyd,553,9,562
Franke,511,49,560
Fardau,3,555,558
Francois,538,16,554
Franca,6,542,548
Felicity,0,547,547
Fayenne,0,523,523
Fenneke,0,514,514
Farid,488,10,498
Ferhat,492,3,495
Fitzgerald,486,5,491
Farida,3,484,487
Fernand,463,11,474
Ferenc,455,5,460
Fender,438,18,456
Florina,3,448,451
Fadoua,0,446,446
Felicitas,36,410,446
Fatiha,3,443,446
Foeke,439,3,442
Femme,83,355,438
Fetje,0,437,437
Femmie,0,433,433
Funda,0,427,427
Felipe,418,3,421
Felien,0,407,407
Feije,365,39,404
Feyza,0,392,392
Fayèn,0,390,390
Ferron,384,3,387
Filiz,0,384,384
Feiko,380,3,383
Friederike,3,360,363
Frouwina,0,359,359
Faris,351,6,357
Fijgje,0,357,357
Fennie,0,356,356
Fadime,0,350,350
Frenk,342,7,349
Femm,0,346,346
Fenneken,0,342,342
Florent,321,20,341
Finley,314,20,334
Fenje,3,331,334
Fiep,3,324,327
Fimke,0,327,327
Frens,323,3,326
Faysal,316,7,323
Fennetje,0,321,321
Frouwkje,0,317,317
Fritz,308,3,311
Fransien,3,308,311
Fernande,6,303,309
Fijtje,0,307,307
Freerkje,0,307,307
Franky,276,28,304
Francijntje,0,303,303
Florianne,0,302,302
Femmetje,0,299,299
Femma,3,292,295
Frankie,241,48,289
Flo,36,252,288
Franco,280,5,285
Faisal,266,14,280
Félice,6,270,276
Fernandus,262,8,270
Frouktje,0,269,269
Fayen,3,263,266
Fenno,263,3,266
Fae,3,261,264
Florens,244,17,261
Flint,260,0,260
Faiza,0,259,259
Fauve,3,256,259
Franciena,3,255,258
Floran,225,28,253
Fajah,0,250,250
Figo,249,3,252
Florida,3,242,245
Florentijn,230,12,242
Fransiska,0,241,241
Francoise,5,235,240
Fokeltje,0,239,239
Fabrice,232,5,237
Firdaouss,0,236,236
Fennechiena,0,232,232
Ferran,230,3,233
Florance,3,226,229
Faissal,228,0,228
Florentinus,225,3,228
Filomena,7,217,224
Foktje,0,223,223
Fake,216,0,216
Fettje,3,211,214
Finette,0,212,212
Franck,210,3,213
Fabiana,3,208,211
Filippa,0,210,210
Fennegien,0,209,209
Faber,205,3,208
Faylinn,0,206,206
Florentia,3,202,205
Felicita,7,196,203
Fong,102,100,202
Fulco,199,0,199
Fallon,15,183,198
Fayah,0,194,194
Femmina,3,193,196
Fer,187,5,192
Fokkelina,0,192,192
Folkje,0,189,189
Frauke,3,186,189
Fung,134,55,189
Frido,187,3,190
Florijn,150,32,182
Fouzia,0,182,182
Fabiën,51,129,180
Filou,3,178,181
Fina,3,177,180
Fija,0,173,173
Fraukje,0,173,173
Frederico,173,0,173
Falko,172,0,172
Fijke,39,133,172
Francies,157,15,172
Fop,168,3,171
Fenn,131,38,169
Friederich,168,3,171
Franc,167,3,170
Fabien,131,33,164
Fos,161,3,164
Flores,141,21,162
Fokelina,0,161,161
Friederika,3,156,159
Forra,3,155,158
Fahd,152,3,155
Firdaous,3,153,156
Federico,152,0,152
Fadi,144,6,150
Feliz,18,130,148
Flor,41,107,148
Freeke,3,145,148
Freija,0,146,146
Finnley,142,3,145
Freke,6,139,145
Firat,143,0,143
Fayenn,0,142,142
Feitze,142,0,142
Franziskus,142,0,142
Fiore,7,133,140
Fokkina,0,140,140
Fie,3,137,140
Frea,0,138,138
Feride,0,137,137
Floris-Jan,137,0,137
Fennechina,0,134,134
Fleurtje,0,134,134
Feliciano,132,0,132
Fetze,131,0,131
Fimme,130,3,133
Faouzi,130,0,130
Farhan,122,5,127
Feite,127,0,127
Finne,42,85,127
Fabrizio,124,3,127
Fikri,122,3,125
Fin,118,7,125
Ferdie,116,7,123
Fianne,0,123,123
Florencia,0,123,123
Fen,69,53,122
Floriaan,122,0,122
Florentien,3,117,120
Fei,57,62,119
Ferris,114,5,119
Frerik,117,3,120
Faisel,117,0,117
Fintje,0,117,117
Fjodor,117,0,117
Feico,116,0,116
Fransisco,115,3,118
Ference,113,3,116
Firdevs,3,113,116
Fabiènne,0,113,113
Feija,0,113,113
Fidelia,8,102,110
Farouk,107,3,110
Floren,77,32,109
Figen,0,108,108
Fayenna,0,106,106
Fébe,3,105,108
Ferrie,101,3,104
Feya,0,104,104
Firdaus,23,81,104
Felina,0,103,103
Filippina,0,102,102
Fredrica,0,102,102
Femina,0,101,101
Fredricus,101,0,101
Fernandina,3,97,100
Florimond,89,10,99
Feddo,95,3,98
Fikret,96,3,99
Fredrike,0,98,98
Fabianus,95,3,98
Fleurine,0,97,97
Folgert,97,0,97
Fransiena,0,95,95
Fausto,93,3,96
Franske,7,86,93
Fabiano,92,0,92
Fang,27,65,92
Flinn,83,9,92
Folke,88,3,91
Fai,88,3,91
Femmechien,0,91,91
Foort,90,3,93
France,6,85,91
Frodo,91,0,91
Ferdinant,90,0,90
Florieke,0,90,90
Foske,0,90,90
Francy,5,84,89
Fardou,0,88,88
Feng,59,29,88
Fientje,3,87,90
Fatoumata,0,86,86
Fidan,5,81,86
Franceska,0,86,86
Fares,85,0,85
Fayline,0,85,85
Funs,84,3,87
Fabe,75,9,84
Farisha,0,84,84
Fileine,0,84,84
Fokelien,0,84,84
Francyna,3,81,84
Froukina,0,84,84
Francinus,83,0,83
Frankje,6,77,83
Fan,32,50,82
Farley,81,3,84
Fevzi,82,0,82
Fieneke,3,81,84
Freark,82,0,82
Fara,0,81,81
Faried,79,3,82
Fatimah,0,81,81
Fenja,0,81,81
Ferhan,39,42,81
Fiorella,0,81,81
Franciszek,80,3,83
Fré,52,29,81
Faiz,79,3,82
Fuat,80,0,80
Fatine,0,79,79
Feliciana,0,78,78
Feitse,77,0,77
Fera,3,75,78
Fia,3,75,78
Fredy,36,41,77
Farzana,0,76,76
Fatmanur,0,76,76
Fekke,76,0,76
Flemming,76,0,76
Folkerdina,0,76,76
Folkertje,0,76,76
Folmer,75,0,75
Franny,3,71,74
Faroek,74,0,74
Faustina,3,71,74
Feroz,73,3,76
Filipe,72,3,75
Faraaz,73,0,73
Farina,0,73,73
Fela,36,37,73
Flavia,0,73,73
Frédèrique,0,73,73
Feie,62,10,72
Fidelis,65,7,72
Fienne,0,72,72
Filippo,69,3,72
Fox,66,6,72
Fabianne,0,70,70
Felicie,6,64,70
Félix,67,3,70
Fester,70,0,70
Folker,69,3,72
Fosse,67,3,70
Fréderic,67,3,70
Fatna,0,69,69
Ferren,66,3,69
Fey,6,63,69
Freda,0,69,69
Frederich,69,0,69
Fulya,0,69,69
Fajèn,0,68,68
Falk,66,3,69
Fadila,0,67,67
Faizel,67,0,67
Fopkje,0,67,67
Freerkien,0,67,67
Fahri,66,0,66
Femi,3,61,64
Fernandes,49,16,65
Fonger,65,0,65
Feye,46,18,64
Feyona,0,64,64
Filemon,63,3,66
Faylin,3,62,65
Félien,0,63,63
Freekje,3,61,64
Frithjof,63,0,63
Farrah,0,62,62
Fauzia,0,62,62
Femie,0,62,62
Foss,61,0,61
Fransis,28,33,61
Frencis,15,46,61
Faik,57,3,60
Ferit,59,3,62
Flavio,60,0,60
Friedel,19,41,60
Fahima,0,59,59
Farhad,58,3,61
Fenke,3,57,60
Ferdina,3,58,61
Fokeline,0,59,59
Frenky,49,10,59
Froukjen,0,59,59
Feodor,58,0,58
Frey,44,14,58
Fariël,3,54,57
Federica,0,57,57
Fine,3,56,59
Firmin,54,3,57
Fran,14,43,57
Farahnaz,3,54,57
Fennegina,0,56,56
Fetsje,0,56,56
Filine,0,56,56
Franklyn,56,0,56
Frederieka,0,56,56
Fairouz,3,54,57
Falke,37,18,55
Fedja,54,3,57
Ferencz,55,0,55
Fijs,55,0,55
Firas,52,3,55
Fannie,0,54,54
Fatin,3,51,54
Fitz,54,0,54
Florenz,54,0,54
Florinus,54,0,54
Freerkina,0,54,54
Feddrik,53,0,53
Feliene,0,53,53
Felisa,0,53,53
Ferda,5,48,53
Fırat,53,0,53
Foke,12,41,53
Foskea,0,53,53
Fatıma,0,52,52
Frenkie,35,16,51
Faziel,50,0,50
Félicia,0,50,50
Fietje,0,50,50
Fije,25,25,50
Fokkiena,0,50,50
Francella,0,50,50
Fredericke,3,48,51
Fygo,50,0,50
Fady,47,3,50
Fedoua,0,49,49
Feika,0,49,49
Femy,0,49,49
Ferdinando,48,3,51
Florimondus,44,5,49
Florinda,0,49,49
Francijn,3,45,48
Fransine,0,49,49
Fritser,49,0,49
Fabricio,48,0,48
Fahad,46,3,49
Filipa,0,48,48
Firoz,47,3,50
Florin,32,16,48
Focco,47,3,50
Fortunata,0,48,48
Frankwin,47,3,50
Frans-Jan,48,0,48
Freja,3,47,50
Fronica,0,48,48
Fardo,14,33,47
Faustino,46,3,49
Feray,3,45,48
Fikriye,0,47,47
Focko,47,0,47
Fadil,45,3,48
Faizal,43,3,46
Fathi,36,10,46
Fayén,3,45,48
Félipe,46,0,46
Felisha,0,46,46
Fennichje,3,43,46
Finnian,46,0,46
Fredrick,46,0,46
Friedrik,46,0,46
Fuad,37,9,46
Feia,0,45,45
Fern,22,23,45
Ferri,45,0,45
Flin,31,14,45
Frouk,0,45,45
Fatou,0,44,44
Fayaaz,44,0,44
Ferdinande,3,43,46
Feyo,44,0,44
Finlay,39,5,44
Fokkelien,0,44,44
Fransciscus,44,0,44
Franzisca,0,44,44
Free,27,17,44
Faithlynn,0,43,43
Fardeen,43,0,43
Farhana,0,43,43
Farooq,31,12,43
Fawzi,38,5,43
Fayette,0,43,43
Feodora,3,42,45
Fier,43,0,43
Fionn,37,6,43
Fokkolina,0,43,43
Frijke,0,43,43
Felicianus,42,0,42
Femmichje,0,42,42
Fermin,41,3,44
Fidel,41,3,44
Firoza,0,42,42
Firuze,0,42,42
Fleurie,0,42,42
Franciene,3,40,43
Francientje,0,42,42
Franscisca,0,42,42
Fronika,0,42,42
Fabia,0,41,41
Farhaan,39,3,42
Fehmi,41,0,41
Fennanda,0,41,41
Flory,3,40,43
Folchert,41,0,41
Frouwktje,0,41,41
Fahrettin,40,0,40
Faja,3,39,42
Faraz,39,3,42
Fedora,0,40,40
Ferial,3,38,41
Fianna,0,40,40
Fransiskus,40,0,40
Freerktje,0,40,40
Frouwe,0,40,40
Faustinus,39,0,39
Floriene,0,39,39
Fun,14,25,39
Farahilde,3,36,39
Farzaana,0,38,38
Fayènn,0,38,38
Fiena,3,37,40
Fikria,0,38,38
Finet,0,38,38
Firdaws,3,36,39
Florie,0,38,38
Friedhelm,38,0,38
Fahim,35,3,38
Falicia,0,37,37
Fayrouz,0,37,37
Feiktje,0,37,37
Felin,3,34,37
Femmi,0,37,37
Florencio,36,3,39
Fortuna,3,33,36
Franchesca,0,37,37
Fredric,37,0,37
Fanneke,0,36,36
Fas,36,0,36
Femmeke,0,36,36
Fijko,36,0,36
Fiora,0,36,36
Fon,26,10,36
Fabius,33,3,36
Fadma,0,35,35
Faizan,35,0,35
Faycal,35,0,35
Fazilet,0,35,35
Febian,35,0,35
Femmegien,0,35,35
Fennegiena,0,35,35
Fiebo,35,0,35
Flyn,32,3,35
Fortunatus,35,0,35
Fridtjof,35,0,35
Fridus,35,0,35
Frouwine,0,35,35
Fulps,35,0,35
Fabiane,0,34,34
Farahnaaz,0,34,34
Felicio,34,0,34
Femkje,0,34,34
Femminus,34,0,34
Feriha,0,34,34
Fermina,3,31,34
Fiorenza,0,34,34
Foka,0,34,34
Fokjen,0,34,34
Frouwiena,0,34,34
Faysel,33,0,33
Fetske,0,33,33
Fiënna,0,33,33
Finy,6,27,33
Fora,0,33,33
Fransciska,0,33,33
Frouwkina,0,33,33
Fahriye,0,32,32
Faisca,0,32,32
Faithley,0,32,32
Faranaaz,3,31,34
Faria,3,31,34
Fatema,0,32,32
Favour,11,21,32
Ferdinandina,0,32,32
Feronica,3,31,34
Feyzullah,32,0,32
Fijkje,0,32,32
Florette,0,32,32
Florinde,0,32,32
Fonny,8,24,32
Fortunato,32,0,32
Francie,0,32,32
Frederice,3,31,34
Freyja,0,32,32
Froucke,3,31,34
Fabiënna,0,31,31
Fadia,3,30,33
Faes,30,3,33
Faranaz,0,31,31
Fardin,31,0,31
Farha,3,30,33
Fausta,3,30,33
Fayza,0,31,31
Fazia,0,31,31
Feisal,29,3,32
Felia,0,31,31
Felipa,3,30,33
Fergus,31,0,31
Fernandez,31,0,31
Feyyaz,31,0,31
Fiënne,0,31,31
Filippe,30,3,33
Floriana,0,31,31
Fopke,28,3,31
Franko,31,0,31
Fredriek,3,28,31
Fanne,0,30,30
Fayçal,30,0,30
Fazli,29,3,32
Femmegina,0,30,30
Fennigjen,0,30,30
Finian,28,3,31
Frans-Jozef,27,3,30
Fredrich,30,0,30
Fanta,0,29,29
Farrell,28,3,31
Fawzia,0,29,29
Felicité,3,27,30
Fendi,9,20,29
Feyoena,0,29,29
Florentino,29,0,29
Fokkeline,0,29,29
Folko,26,3,29
Frenck,29,0,29
Faraisha,0,28,28
Fayola,0,28,28
Filips,28,0,28
Finch,26,3,29
Finnegan,27,3,30
Fintan,28,0,28
Fiza,3,27,30
Floria,3,27,30
Fried,26,3,29
Friede,3,24,27
Froukien,0,28,28
Falisha,0,27,27
Feliks,26,3,29
Felize,0,27,27
Ferah,3,25,28
Fere,3,24,27
Ferlin,23,3,26
Filibertus,27,0,27
Firenze,6,21,27
Floribertus,26,3,29
Flynt,26,3,29
Folgerdina,0,27,27
Franciske,3,26,29
Françosia,0,27,27
Fredie,9,18,27
Fabiénne,0,26,26
Fée,0,26,26
Fethi,26,0,26
Fidessa,0,26,26
Fione,0,26,26
Florisca,0,26,26
Flow,6,20,26
Fokkien,0,26,26
Fonne,7,19,26
Frans-Willem,26,0,26
Frederik-Jan,26,0,26
Fredo,26,0,26
Frimpong,18,8,26
Fadwa,0,25,25
Faïssal,25,0,25
Faïza,0,25,25
Fania,0,25,25
Farai,16,9,25
Fatmagül,0,25,25
Fatoş,0,25,25
Fay-Lynn,0,25,25
Feli,3,23,26
Félicien,23,3,26
Femmo,25,0,25
Fenya,0,25,25
Fernandine,3,24,27
Ferra,0,25,25
Ferro,24,3,27
Fiebe,14,11,25
Fieve,0,25,25
Filia,0,25,25
Finny,7,18,25
Fiola,0,25,25
Fleurance,0,25,25
Foekelina,0,25,25
Francette,0,25,25
Franciszka,0,25,25
František,24,3,27
Frency,3,23,26
Frouwtje,0,25,25
Fabián,24,0,24
Fahmi,20,3,23
Fedderik,24,0,24
Félicité,0,24,24
Fenella,0,24,24
Ferat,24,0,24
Feridun,24,0,24
Fernon,24,0,24
Fiènne,0,24,24
Finna,0,24,24
Fiorenzo,24,0,24
Fokkeliena,0,24,24
Fopje,0,24,24
Françiscus,24,0,24
Franscina,0,24,24
Frenklin,23,3,26
Faduma,0,23,23
Fahmy,12,11,23
Faisa,0,23,23
Farhat,11,12,23
Fathy,13,10,23
Fati,7,16,23
Fatima-Zahra,0,23,23
Fazil,23,0,23
Fekko,23,0,23
Félicie,0,23,23
Fiori,3,20,23
Florentin,21,3,24
Foppo,23,0,23
Fouke,23,0,23
Françis,11,12,23
Fransientje,0,23,23
Franziscus,23,0,23
Freerik,23,0,23
Fridolina,0,23,23
Friederik,23,0,23
Frieke,0,23,23
Frija,0,23,23
Frister,23,0,23
Frosina,0,23,23
Frouko,23,0,23
Fadel,19,3,22
Fadim,0,22,22
Fancy,3,21,24
Fatime,0,22,22
Fawzy,16,6,22
Fazal,17,5,22
Feikina,0,22,22
Feikjen,0,22,22
Feitje,3,21,24
Féliz,3,20,23
Ferid,22,0,22
Ferrand,22,0,22
Filippine,0,22,22
Fimkje,0,22,22
Finja,0,22,22
Fleurien,0,22,22
Flippina,0,22,22
Florenzo,20,3,23
Foeng,10,12,22
Fogeltje,0,22,22
Folquinus,22,0,22
Francelle,0,22,22
Frannie,3,21,24
Fransesca,0,22,22
Franzina,0,22,22
Frederiekje,0,22,22
Fridjof,22,0,22
Fridolin,22,0,22
Fritjof,22,0,22
Frouwka,0,22,22
Fabijan,21,0,21
Fabina,0,21,21
Fabricius,19,3,22
Fadimana,0,21,21
Fahiem,21,0,21
Falina,0,21,21
Faridah,0,21,21
Faro,19,3,22
Fatmata,0,21,21
Feddy,16,5,21
Fedra,0,21,21
Felise,3,20,23
Fennah,0,21,21
Fenni,3,18,21
Fentje,3,20,23
Ferd,20,3,23
Ferona,0,21,21
Feroza,0,21,21
Fettah,21,0,21
Feyzanur,0,21,21
Fidelya,0,21,21
Filmon,21,0,21
Filomeno,21,0,21
Fince,21,0,21
Finz,21,0,21
Fionna,0,21,21
Fiorina,0,21,21
Flaviana,3,18,21
Floore,0,21,21
Floranne,0,21,21
Floriberta,3,18,21
Fok,17,3,20
Francheska,3,20,23
Françina,0,21,21
Françine,3,20,23
Frederikes,21,0,21
Freia,0,21,21
Fresco,20,3,23
Fresia,0,21,21
Fritzgerald,21,0,21
Fulp,21,0,21
Fabièn,5,15,20
Faith-Lynn,0,20,20
Faithlyn,0,20,20
Fajen,0,20,20
Falentijn,20,0,20
Farduw,0,20,20
Farish,20,0,20
Faron,19,3,22
Farzia,0,20,20
Fatim,0,20,20
Fayaz,20,0,20
Feijo,19,3,22
Ferrence,20,0,20
Fethullah,20,0,20
Fimmigje,0,20,20
Finally,3,19,22
Fleuris,19,3,22
Florendina,0,20,20
Flori,3,18,21
Floriske,0,20,20
Folco,20,0,20
Forrest,19,3,22
Francus,19,3,22
Frank-Jan,20,0,20
Fransesco,17,3,20
Fredericka,3,19,22
Fredrieke,0,20,20
Frie,18,3,21
Friese,20,0,20
Fritske,18,3,21
Frouwien,0,20,20
Fabiëne,0,19,19
Fabyan,19,0,19
Faizaan,19,0,19
Fariz,17,3,20
Farshad,19,0,19
Fatimazohra,0,19,19
Fawaz,17,3,20
Fea,0,19,19
Fede,6,13,19
Felyne,0,19,19
Ferré,15,3,18
Fidelus,19,0,19
Finbar,19,0,19
Fincent,19,0,19
Fira,0,19,19
Fletcher,19,0,19
Folkert-Jan,19,0,19
Franci,5,14,19
Franjo,19,0,19
Fransie,7,12,19
Freddi,18,3,21
Fridericus,19,0,19
Friederieke,0,19,19
Friedus,19,0,19
Frode,17,3,20
Fábio,18,0,18
Fadima,0,18,18
Fajjaaz,18,0,18
Fanuël,14,3,17
Fardoe,0,18,18
Faryal,0,18,18
Fayley,0,18,18
Fayliene,0,18,18
Febo,18,0,18
Felie,3,17,20
Ferhad,18,0,18
Ferrari,11,7,18
Fleurette,0,18,18
Florencius,18,0,18
Floryan,18,0,18
Fogelina,0,18,18
Folina,0,18,18
Fook,16,3,19
Forest,17,3,20
Former,18,0,18
Fotini,3,17,20
Françisca,0,18,18
Frankina,0,18,18
Fransijna,0,18,18
Franskje,0,18,18
Fredericia,0,18,18
Froukelina,0,18,18
Fyona,0,18,18
Faelynn,0,17,17
Faheem,17,0,17
Fanna,0,17,17
Fanuel,17,0,17
Fareed,15,3,18
Farrel,16,3,19
Fayden,10,7,17
Fedda,0,17,17
Felitia,0,17,17
Ferike,0,17,17
Ferruccio,17,0,17
Firmijn,15,3,18
Firmina,0,17,17
Fleure,3,16,19
Flipsje,0,17,17
Flordina,3,16,19
Folkertina,3,15,18
Fonsine,0,17,17
Fransijntje,0,17,17
Fréderike,0,17,17
Frenske,7,10,17
Fridolijn,0,17,17
Friedrika,0,17,17
Frouckje,0,17,17
Fürkan,17,0,17
Fadua,0,16,16
Fahed,16,0,16
Fairuz,0,16,16
Fairuza,0,16,16
Faries,16,0,16
Farishta,3,14,17
Farzan,16,0,16
Fat,16,0,16
Fathima,0,16,16
Fátima,3,15,18
Faylynn,0,16,16
Feargal,16,0,16
Felicien,12,3,15
Fennand,16,0,16
Fennechienus,16,0,16
Ferdaus,9,7,16
Ferdynand,15,3,18
Fero,11,5,16
Ferreira,9,7,16
Fifi,3,14,17
Filomina,0,16,16
Finie,3,14,17
Finnan,15,3,18
Florean,15,3,18
Florita,0,16,16
Foe,13,3,16
Foekina,0,16,16
Fokel,3,13,16
Folkertdina,0,16,16
Folkwin,16,0,16
Fonz,16,0,16
Formijn,16,0,16
Fransz,16,0,16
Freddij,15,3,18
Fredegonda,0,16,16
Fréderick,16,0,16
Fredrique,3,14,17
Frerich,16,0,16
Friedl,7,9,16
Faaria,0,15,15
Fadik,0,15,15
Faithly,0,15,15
Farhaad,14,3,17
Fariek,15,0,15
Fastwin,15,0,15
Fatima-Zohra,0,15,15
Faustin,14,3,17
Fauzi,13,3,16
Fayeline,0,15,15
Fayènne,0,15,15
Feijs,15,0,15
Felan,14,3,17
Feliciën,13,3,16
Femko,15,0,15
Ferena,3,13,16
Fernandel,15,0,15
Feryal,0,15,15
Feyzi,15,0,15
Fida,3,14,17
Fierman,14,3,17
Filémon,15,0,15
Fimmy,0,15,15
Firdes,0,15,15
Florentyna,0,15,15
Floriane,0,15,15
Floriska,0,15,15
Fopbertus,15,0,15
Foster,15,0,15
Franktje,0,15,15
Franne,3,13,16
Frans-Joseph,13,3,16
Fransicus,15,0,15
Fraser,15,0,15
Fredrieka,0,15,15
Frenkel,15,0,15
Frietzen,0,15,15
Frikko,15,0,15
Furgill,15,0,15
Fabienna,0,14,14
Fadumo,0,14,14
Faelan,14,0,14
Faiyaz,14,0,14
Faline,0,14,14
Fam,3,11,14
Fanity,0,14,14
Farheen,3,13,16
Farisa,0,14,14
Felicety,0,14,14
Félicitas,3,13,16
Felip,14,0,14
Felis,9,5,14
Felker,14,0,14
Felomena,3,13,16
Fely,0,14,14
Femmechiena,0,14,14
Femmechina,0,14,14
Femmegje,0,14,14
Femque,0,14,14
Fennetta,0,14,14
Ferens,14,0,14
Feven,0,14,14
Feysal,13,3,16
Filipus,14,0,14
Filsan,0,14,14
Fim,0,14,14
Fineke,0,14,14
Floradina,0,14,14
Floribert,13,3,16
Foad,14,0,14
Franki,12,3,15
Frasquita,0,14,14
Freeka,0,14,14
Fren,11,3,14
Frenny,3,12,15
Fride,0,14,14
Fries,14,0,14
Frieso,14,0,14
Furgel,14,0,14
Füsun,0,14,14
Fabiaan,13,0,13
Faïrouz,0,13,13
Fanja,3,12,15
Fanni,0,13,13
Farieda,0,13,13
Farly,12,3,15
Farouq,13,0,13
Farzad,13,0,13
Fayan,12,3,15
Faylina,0,13,13
Fayyaz,12,3,15
Fazila,0,13,13
Fedele,12,3,15
Feder,13,0,13
Feis,12,3,15
Félicienne,0,13,13
Félin,0,13,13
Ferian,11,3,14
Ferko,13,0,13
Ferrell,12,3,15
Festus,13,0,13
Fevziye,0,13,13
Feza,3,10,13
Fidelius,13,0,13
Fijgtje,0,13,13
Finke,5,8,13
Finus,13,0,13
Fion,7,6,13
Flavius,13,0,13
Focke,13,0,13
Folef,13,0,13
Folksje,0,13,13
Fortuné,12,3,15
Fosu,11,3,14
Francicus,13,0,13
Francin,3,10,13
Francisque,8,5,13
Francka,3,12,15
Fransinus,12,3,15
Fredérique,3,9,12
Fredi,8,5,13
Freek-Jan,13,0,13
Friedo,12,3,15
Friedrike,0,13,13
Fritsje,0,13,13
Frouka,0,13,13
Frouwkjen,0,13,13
Fyenne,0,13,13
Fyke,5,8,13
Fabi,6,6,12
Faissel,12,0,12
Fanisha,0,12,12
Fardouw,0,12,12
Farhaana,0,12,12
Farris,12,0,12
Fasil,11,3,14
Fatouma,0,12,12
Faust,11,3,14
Fawad,12,0,12
Fayez,11,3,14
Fayth,0,12,12
Feben,3,10,13
Feda,3,10,13
Fedi,12,0,12
Fehime,0,12,12
Félinn,0,12,12
Felippe,12,0,12
Felyn,0,12,12
Femmia,3,11,14
Fennita,0,12,12
Feran,11,3,14
Ferdinandes,12,0,12
Ferida,0,12,12
Ferina,0,12,12
Ferman,11,3,14
Ferna,0,12,12
Fernan,10,3,13
Feron,11,3,14
Fes,12,0,12
Fico,12,0,12
Fides,3,9,12
Fienke,0,12,12
Filipina,0,12,12
Filique,0,12,12
Filomeen,0,12,12
Foekjen,0,12,12
Foen,5,7,12
Fokke-Jan,12,0,12
Folbert,12,0,12
Fonda,3,11,14
Fonnie,3,8,11
Fortune,6,6,12
Fozia,0,12,12
Franceline,0,12,12
Francia,0,12,12
Francosia,0,12,12
Frâns,12,0,12
Franzes,7,5,12
Fredau,0,12,12
Frédérick,12,0,12
Fredina,0,12,12
Frensel,12,0,12
Frensina,0,12,12
Frerick,12,0,12
Friderika,0,12,12
Frides,12,0,12
Friederikus,12,0,12
Frouwko,12,0,12
Fryda,0,12,12
Fuaad,9,3,12
Faatima,0,11,11
Fabrizia,0,11,11
Faiçal,10,3,13
Fais,11,0,11
Faizah,0,11,11
Fajr,5,6,11
Falentina,0,11,11
Falentinus,11,0,11
Fana,3,10,13
Farcia,0,11,11
Fariel,7,3,10
Fariha,0,11,11
Faryel,0,11,11
Fasco,11,0,11
Fatemeh,0,11,11
Fatos,3,10,13
Fauel,11,0,11
Fayha,0,11,11
Fédor,11,0,11
Fedrik,11,0,11
Fehim,11,0,11
Feibe,11,0,11
Feinje,0,11,11
Feja,0,11,11
Félicitée,3,10,13
Femmigjen,0,11,11
Fennardus,11,0,11
Fennechine,3,10,13
Fennia,0,11,11
Feraaz,11,0,11
Ferdane,0,11,11
Ferdaous,0,11,11
Ferdian,11,0,11
Ferentia,0,11,11
Ferne,7,3,10
Fethiye,0,11,11
Fetullah,11,0,11
Fiepko,11,0,11
Fijbe,11,0,11
Fini,3,9,12
Fink,10,3,13
Fleury,0,11,11
Florijne,0,11,11
Foday,11,0,11
Fokeliena,0,11,11
Fokken,11,0,11
Fokkie,3,10,13
Folkerus,11,0,11
Folkina,0,11,11
Folly,3,7,10
Fontessa,0,11,11
Foon,8,3,11
Fouzi,11,0,11
Franciescus,11,0,11
Franscisco,10,3,13
Franse,11,0,11
Fransiene,0,11,11
Fréderik,11,0,11
Frederikke,0,11,11
Frenneke,0,11,11
Fresina,0,11,11
Friedericke,0,11,11
Friesina,0,11,11
Frigyes,11,0,11
Frisco,10,3,13
Fritzi,0,11,11
Frizo,11,0,11
Fulgentia,0,11,11
Fusina,0,11,11
Faachira,0,10,10
Faaris,10,0,10
Fabiona,0,10,10
Fabritius,5,5,10
Faelin,3,9,12
Faey,0,10,10
Faical,10,0,10
Faidra,0,10,10
Falak,0,10,10
Fallou,10,0,10
Fama,0,10,10
Fardien,10,0,10
Faroen,9,3,12
Fatah,8,3,11
Fateh,9,3,12
Fateha,0,10,10
Fatuma,0,10,10
Fausia,0,10,10
Fayelynn,0,10,10
Feddina,0,10,10
Feetje,0,10,10
Felicienne,3,9,12
Félina,0,10,10
Fèline,0,10,10
Felino,10,0,10
Femmieke,0,10,10
Fenix,9,3,12
Ferdau,3,9,12
Feria,0,10,10
Ferihan,0,10,10
Fèron,10,0,10
Ferrah,0,10,10
Ferrán,10,0,10
Fian,3,8,11
Fibi,0,10,10
Fidae,3,7,10
Fieny,3,7,10
Fil,10,0,10
Filein,0,10,10
Fille,3,9,12
Finidi,10,0,10
Finity,0,10,10
Finje,0,10,10
Finola,0,10,10
Fintsje,0,10,10
Firaaz,10,0,10
Firdous,3,7,10
Firooz,10,0,10
Fleurieke,0,10,10
Fleurina,0,10,10
Fleurke,0,10,10
Floorke,0,10,10
Florès,3,8,11
Florica,0,10,10
Florijan,10,0,10
Florissa,0,10,10
Foei,7,3,10
Folkerts,9,3,12
Foppa,0,10,10
Fordjour,5,5,10
Fouchien,0,10,10
Fouchiena,0,10,10
Francesc,10,0,10
Francise,3,9,12
Franek,9,3,12
Frantisek,10,0,10
Franzis,3,8,11
Frederikje,0,10,10
Frederikszoon,10,0,10
Freerkie,0,10,10
Frence,10,0,10
Freshta,0,10,10
Fridy,0,10,10
Frya,0,10,10
Fyenna,0,10,10
Fah,7,3,10
Faina,0,9,9
Fairy,0,9,9
Fame,3,7,10
Faralda,0,9,9
Farchanda,0,9,9
Fariba,0,9,9
Fariez,9,0,9
Farshid,9,0,9
Fartun,0,9,9
Fathia,0,9,9
Fatimazahra,0,9,9
Fattah,8,3,11
Faye-Lynn,0,9,9
Fayek,5,3,8
Fayelinn,0,9,9
Fayénn,0,9,9
Fayke,3,8,11
Faylicia,0,9,9
Fazlı,9,0,9
Feijke,9,0,9
Feitzen,9,0,9
Felecita,0,9,9
Felicitée,3,8,11
Félie,0,9,9
Felijne,0,9,9
Feliza,0,9,9
Femmelina,0,9,9
Fenko,9,0,9
Fennechie,0,9,9
Feraye,0,9,9
Ferdinandine,0,9,9
Ferdous,3,7,10
Ferenz,9,0,9
Feres,9,0,9
Ferhaad,9,0,9
Ferjo,9,0,9
Feronia,0,9,9
Ferzana,0,9,9
Fetzen,9,0,9
Fibo,9,0,9
Fijtjen,0,9,9
Filiberta,0,9,9
Filijne,0,9,9
Fillip,9,0,9
Finanda,0,9,9
Finnlay,9,0,9
Fiorentina,0,9,9
Firass,9,0,9
Firazia,0,9,9
Firyal,0,9,9
Flavianus,9,0,9
Fleming,5,3,8
Fleurianne,0,9,9
Flóra,0,9,9
Floratina,0,9,9
Floredina,0,9,9
Florentyn,9,0,9
Florenza,0,9,9
Floretta,0,9,9
Florimont,9,0,9
Florrie,0,9,9
Foek,7,3,10
Foelke,0,9,9
Folashade,0,9,9
Folkwarda,0,9,9
Fou,3,5,8
Foukje,0,9,9
Francess,0,9,9
Francky,7,3,10
Franneke,0,9,9
Franscesca,0,9,9
Fransois,8,3,11
Franziena,0,9,9
Frederieck,3,7,10
Frederiecke,0,9,9
Fréderieke,0,9,9
Frederiko,9,0,9
Freerkjen,0,9,9
Friderich,9,0,9
Friederica,0,9,9
Friedjof,9,0,9
Frikke,9,0,9
Fritsina,0,9,9
Fronie,0,9,9
Frougje,0,9,9
Fui,3,7,10
Fulgentius,9,0,9
Fulko,9,0,9
Furaha,3,5,8
Faakje,0,8,8
Fabianna,0,8,8
Fabiène,0,8,8
Fabiene,0,8,8
Fabion,8,0,8
Fabrizzio,8,0,8
Fahid,8,0,8
Faïz,8,0,8
Fajar,6,3,9
Fakelina,0,8,8
Falah,3,3,6
Falcon,7,3,10
Fanina,0,8,8
Fanke,0,8,8
Faouzia,0,8,8
Farahnas,0,8,8
Faran,8,0,8
Farell,8,0,8
Farman,6,3,9
Farsana,0,8,8
Farzanah,0,8,8
Fasina,0,8,8
Fathiya,3,7,10
Fathma,0,8,8
Fatimatül,0,8,8
Fatimzahra,0,8,8
Faton,8,0,8
Favian,8,0,8
Fawn,0,8,8
Fayé,0,8,8
Faylice,0,8,8
Feara,0,8,8
Febronia,0,8,8
Fedya,8,0,8
Feebe,3,7,10
Feikien,0,8,8
Felecia,0,8,8
Feliciënne,0,8,8
Felieke,0,8,8
Félize,0,8,8
Felomina,0,8,8
Fende,3,7,10
Feniks,7,3,10
Ferani,3,6,9
Ferdaws,5,3,8
Feriël,3,7,10
Fernanne,3,7,10
Feronika,0,8,8
Ferreria,0,8,8
Ferrerius,7,3,10
Ferrij,8,0,8
Fetih,8,0,8
Fetse,8,0,8
Feyke,3,3,6
Feyline,0,8,8
Fez,8,0,8
Fiamma,0,8,8
Fiaz,6,3,9
Fijgina,0,8,8
Fillin,8,0,8
Finetta,0,8,8
Firaas,8,0,8
Firaz,6,3,9
Flair,0,8,8
Flamur,8,0,8
Flávio,8,0,8
Florand,8,0,8
Florike,0,8,8
Florry,0,8,8
Floryth,0,8,8
Fnan,3,5,8
Fode,8,0,8
Foppina,0,8,8
Foxy,0,8,8
Francé,0,8,8
Francel,3,6,9
Françesca,0,8,8
Franchesco,8,0,8
Francienne,0,8,8
Francisus,7,3,10
Frank-Willem,8,0,8
Franklina,0,8,8
Frans-Pieter,8,0,8
Franscis,3,3,6
Freddo,8,0,8
Frederikdina,0,8,8
Fredou,3,6,9
Freemer,0,8,8
Freike,0,8,8
Fria,0,8,8
Fribbelt,8,0,8
Fridoline,0,8,8
Fridrik,8,0,8
Friedes,8,0,8
Frone,3,7,10
Frouchina,0,8,8
Frumentius,8,0,8
Fulgencio,8,0,8
Furat,7,3,10
Furqan,7,3,10
Faaiza,0,7,7
Fabine,0,7,7
Faby,3,6,9
Faeline,0,7,7
Falcão,3,3,6
Fanchette,0,7,7
Faraiza,0,7,7
Fardowsa,0,7,7
Farel,7,0,7
Fari,3,3,6
Farial,0,7,7
Farian,6,3,9
Faride,3,6,9
Farielda,3,6,9
Farilda,0,7,7
Fariza,0,7,7
Farshaad,7,0,7
Faruq,7,0,7
Farzin,7,0,7
Fatimata,0,7,7
Fatmana,0,7,7
Fatu,0,7,7
Fatumata,0,7,7
Faustus,7,0,7
Fay-Linn,0,7,7
Fayka,0,7,7
Faylee,0,7,7
Faysa,0,7,7
Fazira,0,7,7
Feanne,0,7,7
Feddie,6,3,9
Feijtus,7,0,7
Feikelina,0,7,7
Feiste,7,0,7
Felicius,7,0,7
Felicja,3,5,8
Felisia,0,7,7
Felixia,0,7,7
Fella,3,6,9
Femmelien,0,7,7
Fempje,0,7,7
Fenia,0,7,7
Fenjo,6,3,9
Fennard,7,0,7
Fennette,0,7,7
Fennina,0,7,7
Ferano,7,0,7
Férenc,7,0,7
Fergie,3,5,8
Ferginio,7,0,7
Ferno,5,3,8
Ferrin,7,0,7
Feruze,0,7,7
Ferya,0,7,7
Feryat,6,3,9
Fetty,0,7,7
Fiana,0,7,7
Fiducia,0,7,7
Fieni,0,7,7
Fienie,0,7,7
Fienna,0,7,7
Fijchje,0,7,7
Fijkina,0,7,7
Fijnanda,0,7,7
Fijnardus,7,0,7
Filibert,7,0,7
Filien,0,7,7
Filijn,3,5,8
Filippos,7,0,7
Filis,0,7,7
Filius,6,3,9
Fill,7,0,7
Filo,3,3,6
Fimmie,0,7,7
Finnean,7,0,7
Finou,0,7,7
Finte,3,6,9
Fionnuala,0,7,7
Firenzo,7,0,7
Firmo,7,0,7
Firosa,0,7,7
Fitzroy,7,0,7
FJM,5,3,8
Flame,3,6,9
Fleuri,0,7,7
Flien,0,7,7
Floks,0,7,7
Floordina,0,7,7
Florensia,0,7,7
Florianus,7,0,7
Florim,7,0,7
Florius,7,0,7
Floryn,5,3,8
Flos,3,3,6
Flox,3,6,9
Fokalien,0,7,7
Fokele,7,0,7
Fokeltsje,0,7,7
Folasade,0,7,7
Folgertdina,0,7,7
Folken,7,0,7
Folpert,7,0,7
Fonseca,5,3,8
Fonske,0,7,7
Fopjen,0,7,7
Ford,5,3,8
Foskéa,0,7,7
Fotios,7,0,7
Fouk,0,7,7
Francelina,0,7,7
Francisko,7,0,7
Francklin,6,3,9
Franklien,7,0,7
Franscesco,7,0,7
Fransjan,7,0,7
Franska,3,6,9
Franszoon,7,0,7
Franzje,0,7,7
Fredegonde,0,7,7
Frederie,0,7,7
Frédy,3,3,6
Freedom,5,3,8
Freerkiena,0,7,7
Frencisca,0,7,7
Freyr,7,0,7
Fridi,3,3,6
Fridolinus,7,0,7
Frietsen,0,7,7
Frumentia,0,7,7
Frytsen,3,3,6
Fumilayo,3,6,9
Funske,7,0,7
Fyanne,0,7,7
Fynne,3,6,9
Fyra,0,7,7
Faaltje,0,6,6
Faaziel,6,0,6
Fabel,3,3,6
Fabiëlle,0,6,6
Fadilah,0,6,6
Faedra,0,6,6
Faek,6,0,6
Fahrid,6,0,6
Faiez,3,5,8
Faika,0,6,6
Fairley,5,3,8
Faisha,0,6,6
Fakhri,5,3,8
Falaq,0,6,6
Falloney,0,6,6
Fandi,6,0,6
Fane,5,3,8
Fanessa,0,6,6
Fani,0,6,6
Faniëlla,0,6,6
Fano,6,0,6
Faolán,6,0,6
Faouaz,6,0,6
Farag,3,3,6
Faraisa,0,6,6
Faranas,0,6,6
Fardous,0,6,6
Fardow,0,6,6
Farhiya,0,6,6
Farias,3,3,6
Fariëlle,0,6,6
Farlon,6,0,6
Faroeq,6,0,6
Farren,3,3,6
Farry,3,3,6
Farshana,0,6,6
Farwa,0,6,6
Farzaan,6,0,6
Fasia,0,6,6
Fasiel,6,0,6
Fataah,3,3,6
Faten,0,6,6
Fatihhan,6,0,6
Fatina,0,6,6
Fatlum,6,0,6
Fats,6,0,6
Fattouma,0,6,6
Faustine,0,6,6
Faybian,6,0,6
Fayiz,6,0,6
Faylien,0,6,6
Fayme,0,6,6
Fayona,0,6,6
Fazina,0,6,6
Febia,0,6,6
Febiën,6,0,6
Fedelia,0,6,6
Féderique,0,6,6
Feeka,0,6,6
Feeke,0,6,6
Feem,3,5,8
Feichien,0,6,6
Feige,0,6,6
Feikes,6,0,6
Feka,0,6,6
Felecie,0,6,6
Feliciaan,6,0,6
Felicidad,0,6,6
Felinde,0,6,6
Felizia,0,6,6
Fenchiena,0,6,6
Fenda,0,6,6
Fenice,0,6,6
Fenicia,0,6,6
Fenmo,6,0,6
Fennande,0,6,6
Fenrir,6,0,6
Feras,6,0,6
Ferdin,6,0,6
Ferdine,0,6,6
Ferhaan,6,0,6
Ferieke,0,6,6
Ferk,6,0,6
Fernao,5,3,8
Féron,6,0,6
Ferrina,0,6,6
Fettina,0,6,6
Féya,0,6,6
Fhilomena,0,6,6
Fidele,6,0,6
Fidelio,5,3,8
Fidencio,5,3,8
Fido,6,0,6
Fief,0,6,6
Fiènna,0,6,6
Fiepke,0,6,6
Fiere,3,5,8
Fiet,0,6,6
Filebertus,5,3,8
Filène,0,6,6
Filho,6,0,6
Filipine,0,6,6
Fillis,3,5,8
Finbarr,5,3,8
Fir,5,3,8
Firmino,6,0,6
Fitim,6,0,6
Fitria,0,6,6
Fitsum,3,3,6
Fjell,6,0,6
Fleurence,0,6,6
Fleuri-Anne,0,6,6
Fleuriëtte,0,6,6
Fleurinus,6,0,6
Flohr,3,3,6
Floralie,0,6,6
Florant,6,0,6
Florantina,3,5,8
Floreanne,0,6,6
Florenca,0,6,6
Florensius,6,0,6
Florentio,3,3,6
Florimonde,0,6,6
Flud,6,0,6
Focalina,0,6,6
Foekelien,0,6,6
Fogina,0,6,6
Fokalina,0,6,6
Fokkelientje,0,6,6
Fokkolien,0,6,6
Foline,0,6,6
Folkelina,0,6,6
Folkmar,6,0,6
Fonzie,6,0,6
Foof,3,5,8
Foong,5,3,8
Forina,0,6,6
Fotis,6,0,6
Fouziya,0,6,6
Foz,3,3,6
Franceina,0,6,6
Francesko,5,3,8
Francetta,0,6,6
Francini,3,3,6
Francinia,0,6,6
Francita,0,6,6
Françoois,6,0,6
Françus,6,0,6
Francys,3,5,8
Frane,5,3,8
Franjeska,0,6,6
Franktina,0,6,6
Frano,6,0,6
Frans-Peter,6,0,6
Fransca,0,6,6
Franscus,5,3,8
Franses,3,5,8
Fransus,6,0,6
Franszina,0,6,6
Františka,0,6,6
Fraz,5,3,8
Fre,3,3,6
Frédèric,5,3,8
Frederien,0,6,6
Frederiks,5,3,8
Frederiqué,0,6,6
Frédrik,6,0,6
Fredrik-Jan,6,0,6
Freekina,0,6,6
Frerikje,0,6,6
Friedrica,0,6,6
Frits-Jan,6,0,6
Fritsder,6,0,6
Froneka,0,6,6
Frony,0,6,6
Froodtje,0,6,6
Frosien,0,6,6
Frouwbiena,0,6,6
Frouwkelina,0,6,6
Frouwkien,0,6,6
Froy,6,0,6
Frytzen,0,6,6
Fulvio,6,0,6
Furkân,6,0,6
Faake,5,0,5
Faan,5,0,5
Faatimah,0,5,5
Faazila,0,5,5
Fabiênne,0,5,5
Fabrian,3,3,6
Fabricia,0,5,5
Fabries,5,0,5
Fadl,5,0,5
Fadya,0,5,5
Faeden,3,3,6
Faedyn,0,5,5
Fael,3,3,6
Fahra,0,5,5
Fahrida,0,5,5
Faithe,3,3,6
Fajén,0,5,5
Faki,5,0,5
Falcke,3,3,6
Falentino,5,0,5
Falkert,5,0,5
Fallyn,0,5,5
Falon,3,3,6
Fanar,3,3,6
Fandy,3,3,6
Fanette,0,5,5
Fantine,0,5,5
Faolan,5,0,5
Farahnaas,0,5,5
Farda,0,5,5
Fareeha,0,5,5
Farentino,5,0,5
Faresh,5,0,5
Farhane,3,3,6
Farideh,0,5,5
Farino,5,0,5
Fariq,3,3,6
Fariyal,0,5,5
Farizah,0,5,5
Farran,3,3,6
Farried,5,0,5
Farsha,0,5,5
Farsia,0,5,5
Faryda,0,5,5
Fate,3,3,6
Fatehma,0,5,5
Fatemah,0,5,5
Fath,5,0,5
Fathallah,5,0,5
Fatiah,3,3,6
Fâtih,5,0,5
Fatimagatoen,0,5,5
Fawzaan,5,0,5
Fayanna,0,5,5
Faybe,0,5,5
Fayda,0,5,5
Fayla,0,5,5
Fayna,0,5,5
Fayz,5,0,5
Faziela,0,5,5
Fëanor,3,3,6
Feddes,5,0,5
Feden,3,3,6
Federic,5,0,5
Federick,5,0,5
Federik,5,0,5
Fedosja,0,5,5
Feentje,5,0,5
Feiz,3,3,6
Feiza,0,5,5
Felica,0,5,5
Felici,3,3,6
Féliene,0,5,5
Felisberto,5,0,5
Felixa,0,5,5
Felixina,0,5,5
Felíz,3,3,6
Feliziano,5,0,5
Fellah,0,5,5
Fellon,3,3,6
Femmiena,0,5,5
Femmij,0,5,5
Fendéla,0,5,5
Fendy,3,3,6
Fenita,0,5,5
Fennechientje,0,5,5
Fennechinus,5,0,5
Fennegienus,5,0,5
Fennert,5,0,5
Fennichjen,0,5,5
Fenniek,0,5,5
Fenniggien,0,5,5
Feo,3,3,6
Ferco,5,0,5
Ferde,3,3,6
Ferdiena,0,5,5
Férence,5,0,5
Fereshta,0,5,5
Fergino,5,0,5
Ferguut,5,0,5
Ferm,5,0,5
Fermín,5,0,5
Fernandia,0,5,5
Ferrel,3,3,6
Ferres,5,0,5
Fery,5,0,5
Ferzan,3,3,6
Feylin,3,3,6
Feysel,5,0,5
Ffion,0,5,5
FGM,3,3,6
Fhilip,5,0,5
Fhilippus,5,0,5
Fiebko,5,0,5
Fiène,0,5,5
Fiera,0,5,5
Figgo,5,0,5
Fij,0,5,5
Fijgien,0,5,5
Fijka,0,5,5
Fijnandus,5,0,5
Fijtsia,0,5,5
Fikreta,0,5,5
Filiene,0,5,5
Filippien,0,5,5
Findley,5,0,5
Finly,3,3,6
Finnie,0,5,5
Fino,5,0,5
Fionne,0,5,5
Fiony,0,5,5
Fiorello,5,0,5
Firgill,5,0,5
Firos,5,0,5
Fisun,0,5,5
Fito,5,0,5
Fitzpatrick,5,0,5
Fiúza,3,3,6
Flaminia,0,5,5
Flann,5,0,5
Fleur-Anne,0,5,5
Flinder,0,5,5
Flipje,0,5,5
Floor-Anne,0,5,5
Floràn,5,0,5
Florasina,0,5,5
Florein,3,3,6
Florèn,3,3,6
Florensa,0,5,5
Florense,0,5,5
Florenske,0,5,5
Florente,0,5,5
Florentiene,0,5,5
Florestan,5,0,5
Flórián,5,0,5
Florianna,0,5,5
Floribertha,0,5,5
Floriëlle,0,5,5
Floriena,0,5,5
Florijntje,0,5,5
Florimonda,0,5,5
Florindo,5,0,5
Florinne,0,5,5
Floryne,0,5,5
Floske,0,5,5
Flower,0,5,5
Fodé,5,0,5
Fokelyn,0,5,5
Fokina,0,5,5
Fokkerienus,5,0,5
Foktjen,0,5,5
Foky,0,5,5
Folguera,0,5,5
Folien,0,5,5
Folkedina,0,5,5
Folkertdiena,0,5,5
Folkertine,3,3,6
Folkolina,0,5,5
Fonsje,0,5,5
Foo,5,0,5
Fopkjen,0,5,5
Forlan,5,0,5
Formina,0,5,5
Foskelina,0,5,5
Fosuah,0,5,5
Fouchina,0,5,5
Françien,0,5,5
Franciesca,0,5,5
Francinette,0,5,5
Francino,3,3,6
Francoois,3,3,6
Frank-Paul,5,0,5
Frankelina,0,5,5
Frankey,3,3,6
Frans-Paul,5,0,5
Fransica,3,3,6
Fransico,5,0,5
Frauk,3,3,6
Fred-Jan,5,0,5
Fredelina,0,5,5
Frédérice,3,3,6
Frédric,5,0,5
Fredrico,5,0,5
Fredriekje,0,5,5
Freeda,0,5,5
Freekiena,0,5,5
Freemerika,0,5,5
Freena,0,5,5
Freerk-Jan,5,0,5
Freerkelina,0,5,5
Freida,0,5,5
Freij,3,3,6
Frena,0,5,5
Frenc,3,3,6
Frenchie,3,3,6
Frencina,0,5,5
Frenco,5,0,5
Fréya,0,5,5
Frids,5,0,5
Friedi,3,3,6
Frijtzen,0,5,5
Frith,3,3,6
Fro,0,5,5
Froni,0,5,5
Frootje,0,5,5
Frosja,0,5,5
Frouck,0,5,5
Frouco,3,3,6
Froukiena,0,5,5
Frouwkiena,0,5,5
Frozan,0,5,5
Fudayl,5,0,5
Funke,3,3,6
Funmilayo,0,5,5
Furchill,5,0,5
Furdjel,5,0,5
Furgan,5,0,5
Fya,0,5,5
Fyodor,5,0,5
Fyron,5,0,5
Faachier,3,0,3
Faam,0,3,3
Faatma,0,3,3
Faaya,0,3,3
Fabiani,3,3,6
Fabién,3,3,6
Fabiena,0,3,3
Fabiènna,0,3,3
Fabriana,0,3,3
Fabrisio,3,0,3
Fabyenne,0,3,3
Fadela,0,3,3
Fadey,3,0,3
Fadile,0,3,3
Fadoi,0,3,3
Faemke,0,3,3
Faeye,0,3,3
Fahir,3,0,3
Fahran,3,3,6
Fahreddin,3,0,3
Faia,0,3,3
Faimy,0,3,3
Faiyaaz,3,0,3
Faj,0,3,3
Fakiena,0,3,3
Fako,3,0,3
Falain,3,0,3
Falcao,3,0,3
Fall,3,3,6
Fallina,0,3,3
Famme,0,3,3
Fancisca,0,3,3
Faniel,3,0,3
Fannij,0,3,3
Fanya,0,3,3
Faquita,0,3,3
Faraj,3,3,6
Faramir,3,0,3
Farasha,0,3,3
Fardosa,0,3,3
Fare,3,0,3
Fareeda,0,3,3
Farencio,3,0,3
Fargo,3,0,3
Farhang,3,0,3
Fariah,3,3,6
Faridha,0,3,3
Fariena,0,3,3
Fariesha,0,3,3
Fariet,3,0,3
Farilde,0,3,3
Fario,3,0,3
Farishna,0,3,3
Fariss,3,0,3
Farissa,0,3,3
Farlyson,3,0,3
Faroesha,0,3,3
Farrid,3,0,3
Farzam,3,0,3
Fata,0,3,3
Fath-Allah,3,0,3
Fatien,0,3,3
Fatt,3,0,3
Fauna,0,3,3
Faustinia,0,3,3
Fauziah,0,3,3
Fauzy,3,3,6
Fawwaz,3,0,3
Fayelina,0,3,3
Faylize,0,3,3
Fayne,3,0,3
Fayra,0,3,3
Fayssal,3,0,3
Fayzan,3,0,3
Fazeel,3,0,3
Fazili,0,3,3
Febri,3,3,6
Fecco,3,0,3
Fedalma,0,3,3
Fedderius,3,0,3
Feddigje,0,3,3
Féden,0,3,3
Federique,0,3,3
Fédi,3,3,6
Fedia,3,3,6
Fedo,3,0,3
Feé,3,3,6
Feeling,3,0,3
Feerle,0,3,3
Feichina,0,3,3
Feicko,3,0,3
Feigina,0,3,3
Feigje,0,3,3
Feijgtje,0,3,3
Feijko,3,0,3
Feintje,0,3,3
Feisel,3,0,3
Feitzina,0,3,3
Feiya,0,3,3
Feizal,3,0,3
Fekea,0,3,3
Fekri,3,0,3
Felbe,3,0,3
Felemina,0,3,3
Felesita,0,3,3
Fèlicia,0,3,3
Félicity,0,3,3
Felienne,0,3,3
Felim,3,0,3
Félippe,3,3,6
Felissa,0,3,3
Felista,0,3,3
Felitcia,0,3,3
Felix-Jan,3,0,3
Felou,0,3,3
Felycia,0,3,3
Felynn,0,3,3
Fema,0,3,3
Femius,3,0,3
Femmalyn,0,3,3
Femmegiena,0,3,3
Femmelia,0,3,3
Femmine,0,3,3
Fenan,3,3,6
Fenanda,0,3,3
Fenderikus,3,0,3
Fenety,0,3,3
Fennegje,0,3,3
Fenner,3,0,3
Fennet,3,3,6
Fennety,0,3,3
Fennika,0,3,3
Fenton,3,0,3
Ferdienand,3,3,6
Ferdinald,3,0,3
Ferdo,3,0,3
Ferdos,3,3,6
Ferduw,0,3,3
Ferenć,3,0,3
Fereshteh,0,3,3
Feri,3,0,3
Férian,3,0,3
Ferie,3,3,6
Feritas,3,3,6
Ferkan,3,0,3
Fernaldo,3,0,3
Fernandiena,0,3,3
Fernantus,3,0,3
Ferny,3,3,6
Feroniek,0,3,3
Ferozkhan,3,0,3
Ferr,3,0,3
Ferrant,3,0,3
Ferrenc,3,0,3
Ferrer,3,0,3
Ferrol,3,0,3
Fersonia,0,3,3
Ferwin,3,0,3
Festina,0,3,3
Fetije,0,3,3
Fetiye,0,3,3
Feyla,0,3,3
Feylinn,0,3,3
Feytullah,3,0,3
Fezan,3,0,3
Fianda,0,3,3
Fiby,0,3,3
Fidde,3,0,3
Fideel,3,3,6
Fidèle,3,0,3
Fië,0,3,3
Fièn,0,3,3
Fienette,0,3,3
Fiero,3,3,6
Fiete,3,0,3
Figan,0,3,3
Fijan,3,3,6
Fijchiena,0,3,3
Fijchina,0,3,3
Fijda,0,3,3
Fijtina,0,3,3
Fijtse,3,0,3
Fiko,3,0,3
Filiberto,3,0,3
Filipien,0,3,3
Filipijntje,0,3,3
Filippes,3,0,3
Filistina,0,3,3
Fillepien,0,3,3
Fillippus,3,0,3
Filliz,0,3,3
Filomeel,0,3,3
Filomène,3,3,6
Filumena,0,3,3
Findlay,3,0,3
Findy,3,3,6
Finett,0,3,3
Finnbar,3,0,3
Finneke,0,3,3
Finney,3,0,3
Finnigje,0,3,3
Fior,3,3,6
Fiorela,0,3,3
Fiorent,3,0,3
Fiorentino,3,0,3
Firdauws,0,3,3
Firijn,3,0,3
Firmain,3,0,3
Firman,3,0,3
Firmansyah,3,0,3
Firuzan,0,3,3
Fita,0,3,3
Fitou,0,3,3
Fitriani,0,3,3
Fitsgerald,3,0,3
Fjäril,3,3,6
Fjolla,0,3,3
Fjord,3,0,3
Flavie,3,3,6
Flenn,3,0,3
Fleurentine,0,3,3
Fleurian,3,3,6
Fliere,3,0,3
Flinne,0,3,3
Florandus,3,3,6
Florantinus,3,0,3
Florbella,0,3,3
Floreana,0,3,3
Florena,0,3,3
Florènce,0,3,3
Florentiana,0,3,3
Florez,3,0,3
Floriano,3,0,3
Floriberto,3,0,3
Florimundus,3,0,3
Florisa,0,3,3
Florit,3,3,6
Flosje,0,3,3
Flux,3,3,6
Fobbe,3,0,3
Fockeline,0,3,3
Foecke,3,0,3
Foekelena,0,3,3
Foekeline,0,3,3
Foektje,0,3,3
Foeletina,0,3,3
Foelkedina,0,3,3
Fokelientje,0,3,3
Fokkoline,0,3,3
Folchien,0,3,3
Folckert,3,0,3
Folgertje,0,3,3
Folkea,0,3,3
Folkerina,0,3,3
Follena,0,3,3
Foncesca,0,3,3
Fonsina,0,3,3
Fontes,3,3,6
Foos,0,3,3
Foppe-Jan,3,0,3
Forat,3,0,3
Formijna,0,3,3
Fosca,0,3,3
Fossiea,0,3,3
Fossina,0,3,3
Fosuaa,0,3,3
Fosuaah,0,3,3
Foukjen,0,3,3
Fouzy,3,0,3
Foxx,3,3,6
Foy,3,3,6
Francée,0,3,3
Françesco,3,0,3
Francilla,0,3,3
Francille,0,3,3
Franciss,3,3,6
Francusca,0,3,3
Franken,3,0,3
Frankly,3,0,3
Franktinus,3,0,3
Frans-Anton,3,0,3
Franscal,3,3,6
Fransen,3,0,3
Franseska,0,3,3
Fransisko,3,0,3
Fransocia,0,3,3
Frany,0,3,3
Franzijna,0,3,3
Fraukina,0,3,3
Fraya,0,3,3
Frebora,0,3,3
Fredegandus,3,0,3
Fréderica,0,3,3
Frederickus,3,0,3
Fredericque,3,3,6
Fréderiek,0,3,3
Frederiekus,3,0,3
Frederik-Willem,3,0,3
Fréderika,0,3,3
Frédérike,0,3,3
Frederina,0,3,3
Frederyk,3,3,6
Frederyke,0,3,3
Fredine,0,3,3
Fredolinus,3,0,3
Fredrikke,0,3,3
Frédrique,0,3,3
Fredson,3,0,3
Freea,0,3,3
Freechien,0,3,3
Freeck,3,0,3
Freerkdina,0,3,3
Freka,0,3,3
Frekina,0,3,3
Frema,0,3,3
Frences,0,3,3
Frenchy,3,3,6
Frennie,3,3,6
Frensisca,0,3,3
Frenzo,3,0,3
Frian,3,3,6
Friderik,3,0,3
Friderike,0,3,3
Fridthjof,3,0,3
Friduwih,0,3,3
Friedemann,3,0,3
Friederieka,0,3,3
Friedy,3,3,6
Frieske,0,3,3
Friet,3,0,3
Frigga,0,3,3
Frijdrik,3,0,3
Frik,3,0,3
Frimpomaa,0,3,3
Frisia,0,3,3
Frits-Willem,3,0,3
Froda,0,3,3
Frontina,0,3,3
Froubina,0,3,3
Frouchje,0,3,3
Frougina,0,3,3
Froukea,0,3,3
Frouwchiena,0,3,3
Frouwinus,3,0,3
Fu'aad,3,3,6
Fuente,3,3,6
Fulberta,0,3,3
Fulbertha,0,3,3
Fulvia,0,3,3
Fürgel,3,0,3
Furgell,3,0,3
Furgil,3,0,3
Furlin,3,0,3
Furqaan,3,0,3
Future,3,3,6
Fye,3,3,6
Fylène,0,3,3
Fyline,0,3,3
Fyrena,0,3,3
Faab,3,0,3
Faaske,0,3,3
Faatiha,0,3,3
Fab,3,3,6
Faben,3,3,6
Fàbian,3,0,3
Fabiany,3,3,6
Fabiëlla,0,3,3
Fabiënn,0,3,3
Fabiyan,3,0,3
Fabriënne,0,3,3
Fabris,3,3,6
Fabyen,3,3,6
Fachri,3,3,6
Facina,0,3,3
Facunda,0,3,3
Facundo,3,0,3
Fadak,0,3,3
Faden,0,3,3
Fadette,0,3,3
Fadhi,3,0,3
Fadhila,0,3,3
Fadhili,3,0,3
Fadilla,0,3,3
Fadjar,3,3,6
Fadjr,3,3,6
Fadrique,3,0,3
Fadyan,3,0,3
Faé,0,3,3
Faegan,3,3,6
Faël,3,0,3
Faelinn,0,3,3
Faeza,0,3,3
Fahiema,0,3,3
Fahranaaz,0,3,3
Fahranaz,0,3,3
Fahti,3,0,3
Faida,0,3,3
Faïda,0,3,3
Faidon,3,0,3
Faidy,0,3,3
Faïl,3,0,3
Failey,0,3,3
Fain,3,0,3
Fair,3,3,6
Faira,0,3,3
Faïsa,0,3,3
Faïsal,3,0,3
Faishal,3,0,3
Faisil,3,0,3
Faith-Angely,0,3,3
Faith-lynn,0,3,3
Faithlin,0,3,3
Faize,0,3,3
Faizi,3,3,6
Fajalobi,3,3,6
Fajan,3,0,3
Fajenna,0,3,3
Fajer,3,3,6
Fakhr-Eddine,3,0,3
Fala,0,3,3
Falana,0,3,3
Falena,0,3,3
Falencia,0,3,3
Falentine,0,3,3
Falix,3,3,6
Fallery,0,3,3
Fallony,0,3,3
Fally,3,3,6
Falou,3,3,6
FAM,3,3,6
Famina,0,3,3
Fanah,0,3,3
Fanai,3,3,6
Fangio,3,0,3
Faniëlle,0,3,3
Fanno,3,3,6
Fanon,3,0,3
Fanou,0,3,3
Fantahun,3,3,6
Fantasia,0,3,3
Fany,0,3,3
Faraday,3,3,6
Farald,3,0,3
Faramarz,3,0,3
Farana,0,3,3
Faraysha,0,3,3
Farbod,3,0,3
Fared,3,0,3
Farella,0,3,3
Farez,3,0,3
Fareza,3,3,6
Farhia,0,3,3
Faricha,0,3,3
Faridagatoen,0,3,3
Fariën,3,3,6
Farien,0,3,3
Faril,3,0,3
Farin,0,3,3
Farinda,0,3,3
Farisai,0,3,3
Farista,0,3,3
Fariya,0,3,3
Farjad,3,0,3
Farnas,3,3,6
Faroekh,3,0,3
Farog,3,3,6
Farok,3,0,3
Farokh,3,0,3
Faroukh,3,0,3
Farousha,0,3,3
Farrakh,3,0,3
Farriël,0,3,3
Farron,0,3,3
Farrukh,3,3,6
Farukh,3,0,3
Farya,0,3,3
Faryan,3,0,3
Farzand,3,0,3
Farzaneh,0,3,3
Farzanna,0,3,3
Farzeen,0,3,3
Faserina,0,3,3
Fasieha,0,3,3
Fasih,3,0,3
Fasika,3,3,6
Faska,3,3,6
Fataki,3,3,6
Fatiema,0,3,3
Fatimatüz,0,3,3
Fatimeh,0,3,3
Fatmah,0,3,3
Fatme,0,3,3
Fatmeh,0,3,3
Faukje,0,3,3
Faun,3,3,6
Fausha,0,3,3
Faustyna,0,3,3
Favor,0,3,3
Fawziya,0,3,3
Fay-Lee,0,3,3
Fay-Lyn,0,3,3
Fay-lynn,0,3,3
Fayaas,3,0,3
Fayana,0,3,3
Faycel,3,0,3
Faydee,0,3,3
Fayed,3,0,3
Fayel,3,3,6
Fayelicia,0,3,3
Fayènna,0,3,3
Fayénna,0,3,3
Fayleigh,0,3,3
Faylen,3,0,3
Faylisha,0,3,3
Fayo,3,3,6
Fayruza,0,3,3
Fayzaan,3,0,3
Fazana,0,3,3
Fazıl,3,0,3
Fazile,0,3,3
Fazle,3,0,3
FCM,3,3,6
Feadora,0,3,3
Féan,3,0,3
Feargall,3,0,3
Feargel,3,0,3
Fearle,0,3,3
Feau,3,3,6
Febbe,0,3,3
Feberikus,3,0,3
Febrian,3,0,3
Febriana,0,3,3
Febronie,0,3,3
Feby,0,3,3
Feddrick,3,0,3
Fedek,0,3,3
Fedel,3,3,6
Federigo,3,0,3
Federike,0,3,3
Fedje,0,3,3
Fedrick,3,0,3
Feelin,0,3,3
Feemke,0,3,3
Feer,3,3,6
Feere,0,3,3
Fehmida,0,3,3
Feibina,0,3,3
Feijgje,0,3,3
Feijtje,0,3,3
Feijtse,3,3,6
Feike-Jan,3,0,3
Feikeliena,0,3,3
Feikolina,0,3,3
Feito,3,0,3
Fej,3,3,6
Felah,3,3,6
Félan,3,0,3
Fele,0,3,3
Felena,0,3,3
Felí,0,3,3
Felician,3,0,3
Felicië,0,3,3
Féliciën,3,0,3
Felicine,0,3,3
Félicita,0,3,3
Felicite,0,3,3
Felicitie,0,3,3
Felida,3,3,6
Félieke,0,3,3
Felies,3,3,6
Felinn,0,3,3
Félise,0,3,3
Felita,0,3,3
Felitsa,0,3,3
Felixe,3,3,6
Féliza,0,3,3
Felizardo,3,0,3
Felizitas,0,3,3
Felle,0,3,3
Fellen,3,3,6
Fellery,3,3,6
Fellicia,0,3,3
Felomeno,3,0,3
Felten,3,0,3
Félynn,0,3,3
Felyz,0,3,3
Fem-Ida,0,3,3
Femcke,0,3,3
Femco,3,0,3
Femerdina,0,3,3
Fèmi,3,3,6
Femine,0,3,3
Femmigina,0,3,3
Feni,3,3,6
Fenna-Lynn,0,3,3
Fenne-May,0,3,3
Fenne-Noor,0,3,3
Fennegie,0,3,3
Fenneginus,3,0,3
Fennek,3,0,3
Fennichien,0,3,3
Fennieke,0,3,3
Fennij,0,3,3
Fennik,3,0,3
Fennine,0,3,3
Fennity,0,3,3
Fenris,3,0,3
Féodor,3,0,3
Feofanya,0,3,3
Feona,0,3,3
Ferand,3,0,3
Ferany,0,3,3
Feraz,3,0,3
Ferdal,3,0,3
Ferdinantus,3,0,3
Ferdou,0,3,3
Ferdows,3,0,3
Fère,3,3,6
Ferenç,3,0,3
Fèrenc,3,0,3
Fereshte,0,3,3
Fergal,3,0,3
Fergan,3,0,3
Fergel,3,3,6
Fergil,3,0,3
Fergill,3,0,3
Fergio,3,0,3
Fergusson,3,3,6
Ferhana,0,3,3
Ferika,0,3,3
Ferillio,3,0,3
Ferine,0,3,3
Ferisha,0,3,3
Ferline,0,3,3
Ferlyn,3,3,6
Ferminia,0,3,3
Fermino,3,0,3
Fermudiye,0,3,3
Fernadina,0,3,3
Fernandi,3,3,6
Fernardus,3,0,3
Feronique,0,3,3
Feros,3,0,3
Ferràn,3,0,3
Ferrando,3,0,3
Ferrani,3,3,6
Ferrano,3,0,3
Ferrario,3,0,3
Ferreolus,3,0,3
Ferrero,3,0,3
Ferrian,3,0,3
Ferrigno,3,0,3
Fèrron,3,0,3
Ferry-Jan,3,0,3
Ferryn,0,3,3
Ferrys,0,3,3
Ferudun,3,0,3
Feruzan,0,3,3
Ferzi,3,0,3
Festim,3,0,3
Fettinus,3,0,3
Feyenne,0,3,3
Feyenoord,3,3,6
Feyrouz,0,3,3
Fhara,0,3,3
Fiach,3,0,3
Fiammetta,0,3,3
Fianjo,3,0,3
Fiankson,3,3,6
Fiankuh,3,0,3
Fiano,3,0,3
Fibie,0,3,3
Ficus,3,0,3
Fidaa,3,3,6
Fidèl,3,0,3
Fidencia,0,3,3
Fidgerald,3,0,3
Fidrika,0,3,3
Fiebodina,0,3,3
Fieda,0,3,3
Fieline,0,3,3
Fienus,3,0,3
Fieras,3,0,3
Fierke,3,3,6
Figaro,3,0,3
Figune,0,3,3
Fiifi,3,0,3
Fijelle,0,3,3
Fijkelina,0,3,3
Fijktje,0,3,3
Fijlina,0,3,3
Fijt,3,0,3
Fika,0,3,3
Fikre,3,3,6
Fikry,3,0,3
Fili,0,3,3
Filicita,0,3,3
Filimon,3,0,3
Filinta,3,0,3
Filio,3,0,3
Filipo,3,0,3
Filippijntje,0,3,3
Filja,0,3,3
Fillan,3,0,3
Filles,3,0,3
Fillijn,3,0,3
Fillippo,3,0,3
Filmo,3,3,6
Filoe,0,3,3
Filomar,3,0,3
Filomela,0,3,3
Filomene,0,3,3
Filomijn,0,3,3
Filyne,0,3,3
Filza,0,3,3
Financius,3,0,3
Finantius,3,0,3
Fincy,0,3,3
Finka,0,3,3
Finlee,3,0,3
Finmar,3,0,3
Finnick,3,0,3
Finnidy,3,0,3
Finnly,3,3,6
Finnz,3,0,3
Fins,3,3,6
Finsje,0,3,3
Fintcent,3,0,3
Finten,3,0,3
Fiodor,3,0,3
Fiolet,0,3,3
Fíona,0,3,3
Fionan,3,0,3
Fioretta,0,3,3
Fiorindo,3,0,3
Fiory,0,3,3
Firaash,3,0,3
Firaiza,0,3,3
Firano,3,0,3
Firdaousse,0,3,3
Firdoos,0,3,3
Firel,0,3,3
Firgil,3,0,3
Firminia,0,3,3
Firosh,3,0,3
Firouz,3,3,6
Firouze,0,3,3
Firre,3,0,3
Firuz,3,3,6
Firy,0,3,3
Fisayo,3,3,6
Fisnik,3,0,3
Fitch,3,0,3
Fitnat,0,3,3
Fivos,3,0,3
Fizza,0,3,3
Fjäll,3,0,3
Fjall,3,0,3
Fjern,3,0,3
Fjorgyn,0,3,3
Fjorre,3,0,3
Flávia,0,3,3
Flaviu,3,0,3
Flea,3,3,6
Fleuralie,0,3,3
Fleurentina,0,3,3
Fleuri-anne,0,3,3
Fleurice,0,3,3
Flex,3,0,3
Flier,3,3,6
Flink,3,0,3
Flits,3,3,6
Floorie,0,3,3
Flôr,3,3,6
Floraine,0,3,3
Florán,3,0,3
Floranda,0,3,3
Florans,3,3,6
Florantijn,3,0,3
Florantine,0,3,3
Floranus,3,0,3
Florediena,0,3,3
Floreine,0,3,3
Florelies,0,3,3
Florença,0,3,3
Florendia,0,3,3
Florentz,3,0,3
Florenze,0,3,3
Florestina,0,3,3
Floreta,0,3,3
Florienne,0,3,3
Floriënne,0,3,3
Florimon,3,0,3
Florinthe,0,3,3
Florith,0,3,3
Florjan,3,0,3
Floron,3,0,3
Flory-Anne,0,3,3
Flynth,3,0,3
Flynthe,0,3,3
Fniad,3,3,6
Fodil,3,0,3
Foekes,3,0,3
Foelkea,0,3,3
Fofana,3,3,6
Fofie,3,3,6
Fogarty,3,3,6
Fokaline,0,3,3
Fokeldina,0,3,3
Fokeliene,0,3,3
Fokelinus,3,0,3
Fokkedina,0,3,3
Fokker,3,0,3
Fokkobus,3,0,3
Fokkoliena,0,3,3
Foks,3,0,3
Folake,0,3,3
Folchertdina,0,3,3
Foliana,0,3,3
Folkera,0,3,3
Folkerdine,0,3,3
Folketinus,3,0,3
Follie,3,3,6
Folutianus,3,0,3
Foly,0,3,3
Fonesse,0,3,3
Fongla,0,3,3
Fonneke,0,3,3
Fonsa,0,3,3
Fonsie,3,3,6
Fopkelina,0,3,3
Foppelina,0,3,3
Foppes,3,0,3
Foran,3,0,3
Foree,3,3,6
Forteman,3,0,3
Fortes,3,3,6
Fosia,0,3,3
Foskiena,0,3,3
Fosko,3,0,3
Fosua,0,3,3
Fotiena,0,3,3
Fouaad,3,0,3
Fouâd,3,0,3
Foued,3,0,3
Foukina,0,3,3
Foustina,0,3,3
Fowzia,0,3,3
Fozi,3,0,3
Fraenk,3,3,6
Française,0,3,3
Francelyne,0,3,3
Francès,3,3,6
Francésca,0,3,3
Francescoli,3,0,3
Franchette,0,3,3
Francica,0,3,3
Franciëlla,0,3,3
Franciësco,3,0,3
Francijne,0,3,3
Francilia,0,3,3
Francinet,0,3,3
Fräncis,0,3,3
Franciskes,3,0,3
Francius,3,0,3
Franclin,3,0,3
Franćois,3,3,6
Francuscus,3,0,3
Francyne,0,3,3
Franja,3,3,6
Fränk,3,0,3
Frank-Peter,3,0,3
Frankel,3,0,3
Frankeline,0,3,3
Frankjan,3,0,3
Frankline,3,3,6
Franksina,0,3,3
Franquin,3,0,3
Frans-Hendrik,3,0,3
Frans-Joost,3,0,3
Frans-Joris,3,0,3
Frans-Josef,3,0,3
Fransciena,0,3,3
Franscine,0,3,3
Fransçoise,0,3,3
Franscoise,0,3,3
Fransecina,0,3,3
Fransi,3,3,6
Fransin,0,3,3
Fransiske,0,3,3
Fransisqo,3,0,3
Fransjeska,0,3,3
Fransoos,3,0,3
Franssisca,0,3,3
Fransyna,0,3,3
Fransziska,0,3,3
Frantz,3,0,3
Franz-Josef,3,0,3
Franz-Joseph,3,0,3
Franza,0,3,3
Franzcisca,0,3,3
Franzeska,0,3,3
Franzy,3,3,6
Frauka,0,3,3
Fréa,0,3,3
Frebus,3,0,3
Fredde,3,0,3
Frede,3,3,6
Frederi,3,3,6
Frédérica,0,3,3
Frédéricque,0,3,3
Frédericus,3,0,3
Frederikjan,3,0,3
Frederiksdochter,0,3,3
Frederiq,3,0,3
Frèderique,0,3,3
Frederita,0,3,3
Fredius,3,0,3
Fredjan,3,0,3
Fredolina,0,3,3
Fredrikes,3,0,3
Freerkine,0,3,3
Freerkkie,0,3,3
Freerrik,3,0,3
Frej,3,0,3
Frencie,3,3,6
Frencky,3,3,6
Frenne,3,3,6
Frensly,3,0,3
Frenz,3,0,3
Frenzy,0,3,3
Freric,3,0,3
Frerika,0,3,3
Freseman,3,0,3
Frets,3,0,3
Freweini,0,3,3
Frezia,0,3,3
Fri,3,3,6
Fridah,0,3,3
Fridel,0,3,3
Friderica,0,3,3
Fridrich,3,0,3
Fridunanth,3,3,6
Friedeman,3,0,3
Friedericus,3,0,3
Friedolien,0,3,3
Friedrikus,3,0,3
Frien,3,0,3
Friezina,0,3,3
Friggo,3,0,3
Frijda,0,3,3
Frijsina,0,3,3
Frins,3,0,3
Frischje,0,3,3
Friselia,0,3,3
Frishta,0,3,3
Frithiof,3,0,3
Frithjofna,0,3,3
Fritia,0,3,3
Fritsie,3,3,6
Frodulfus,3,0,3
Froilan,3,0,3
Fronno,3,0,3
Frosine,0,3,3
Frotina,0,3,3
Frouchiena,0,3,3
Froukelien,0,3,3
Frouktjen,0,3,3
Froutje,0,3,3
Frouwchien,0,3,3
Frouwgina,0,3,3
Frouwk,0,3,3
Frowina,0,3,3
Frum,0,3,3
Fryke,0,3,3
Fuan,3,0,3
Fudail,3,0,3
Fuego,3,0,3
Fülya,0,3,3
Fumi,0,3,3
Furaat,3,0,3
Furlan,3,3,6
Furlen,3,0,3
Furten,3,3,6
Fyan,3,0,3
Fycho,3,0,3
Fygi,0,3,3
Fyléne,0,3,3
Fylia,0,3,3
Fynette,0,3,3
Fyor,3,0,3
Fyren,3,0,3
Faa'iza,0,3,3
Faadi,3,0,3
Faadil,3,0,3
Faady,3,0,3
Faaiezah,0,3,3
Faaizah,0,3,3
Faaruuq,3,3,6
Faayah,0,3,3
Fabbio,3,0,3
Fabean,3,0,3
Fabes,3,3,6
Fabi-Jan,3,0,3
Fábián,3,0,3
Fabían,3,0,3
Fábian,3,0,3
Fäbian,3,0,3
Fabiän,3,0,3
Fabiàn,3,0,3
Fabie,3,3,6
Fabiëla,0,3,3
Fabiëly,0,3,3
Fabiha,0,3,3
Fabinne,0,3,3
Fabjan,3,0,3
Fabri,3,0,3
Fabriëlla,0,3,3
Fabrienne,0,3,3
Fabrina,0,3,3
Fabrio,3,0,3
Fabyo,3,0,3
Fabyola,0,3,3
Facco,3,0,3
Facinet,3,0,3
Fadeira,0,3,3
Fadella,0,3,3
Fadhil,3,0,3
Fadhilah,0,3,3
Fadie,3,0,3
Fadiela,0,3,3
Fadla,0,3,3
Fadli,3,0,3
Fadoen,0,3,3
Fadoun,0,3,3
Faeez,3,0,3
Faeley,0,3,3
Faëll,0,3,3
Faëlle,0,3,3
Faelyn,0,3,3
Faera,3,3,6
Faerle,0,3,3
Fafa,3,3,6
Fafany,0,3,3
FAG,0,3,3
Faga,3,3,6
Fagmar,0,3,3
Fahaad,3,0,3
Fahdi,0,3,3
Fahemy,3,0,3
Fahida,0,3,3
Fahiman,0,3,3
Fahire,0,3,3
Fahma,0,3,3
Fahratin,3,0,3
Fahria,0,3,3
Fahrudin,3,0,3
Fahyen,3,3,6
Faiaz,3,3,6
Faïçal,3,0,3
Faicel,3,0,3
Faiel,3,0,3
Faies,3,0,3
Faikcan,3,0,3
Faike,0,3,3
Faile,3,3,6
Failicia,0,3,3
Faily,0,3,3
Faïna,0,3,3
Faine,3,3,6
Fainelly,0,3,3
Fainne,0,3,3
Fairchild,3,3,6
Fairoz,0,3,3
Fairusha,0,3,3
Fairuzza,0,3,3
Faïsha,0,3,3
Faith-Lyn,0,3,3
Faiverinius,3,0,3
Faiya,0,3,3
Faiyenna,0,3,3
Faizia,0,3,3
Faizoel,3,0,3
Fajda,3,0,3
Faje,0,3,3
Fajenne,0,3,3
Fajgel,0,3,3
Fakat,3,0,3
Fakelientje,0,3,3
Fakher,3,3,6
Fakher-Eddine,3,0,3
Fakhir,3,3,6
Fakı,3,0,3
Fakina,0,3,3
Fakir,3,0,3
Falarie,0,3,3
Falasja,0,3,3
Falck,3,0,3
Falckje,0,3,3
Falda,0,3,3
Falegandro,3,0,3
Falencio,3,0,3
Falenteijn,3,0,3
Falien,0,3,3
Falinda,0,3,3
Falize,0,3,3
Falkje,0,3,3
Fallan,0,3,3
Fallory,0,3,3
Falun,0,3,3
Fambica,3,0,3
Fâmke,0,3,3
Famm,0,3,3
Famo,3,0,3
Famosa,0,3,3
Famoza,0,3,3
Fanaty,0,3,3
Fanciscus,3,0,3
Fanda,0,3,3
Fanday,3,3,6
Fanicia,0,3,3
Fanida,0,3,3
Faniël,3,0,3
Fannah,0,3,3
Fannette,0,3,3
Fanniëlla,0,3,3
Fanny-May,0,3,3
Fanos,0,3,3
Fanouritza,0,3,3
Fantana,3,0,3
Fantasy,0,3,3
Fanuella,0,3,3
Faoed,3,0,3
Faouz,3,0,3
Faqi,3,0,3
Far,0,3,3
Faraan,3,0,3
Faradiba,0,3,3
Farah-Diba,0,3,3
Farah-Dibah,0,3,3
Farah-Naaz,0,3,3
Farahdiba,0,3,3
Farahdin,3,0,3
Faraï,3,0,3
Faraja,0,3,3
Faramond,3,0,3
Faranaas,0,3,3
Faranak,0,3,3
Farao,3,3,6
Farax,0,3,3
Faray,3,0,3
Faraya,0,3,3
Farayza,0,3,3
Farazia,0,3,3
Farcha,0,3,3
Farciana,0,3,3
Fardaus,0,3,3
Fardean,3,0,3
Fardeau,0,3,3
Fardeenkhan,3,0,3
Fardi,3,0,3
Fardina,0,3,3
Fardiyah,0,3,3
Fardoos,0,3,3
Fardoza,0,3,3
Fardu,0,3,3
Fardusa,0,3,3
Fareez,3,0,3
Fareisha,0,3,3
Fareiza,0,3,3
Farelle,0,3,3
Farello,3,0,3
Farely,3,3,6
Farenzio,3,0,3
Faresha,0,3,3
Faress,3,0,3
Fareyl,0,3,3
Farga,3,3,6
Fargonda,0,3,3
Farh,3,3,6
Farhaas,3,0,3
Farham,3,0,3
Farhanah,0,3,3
Farhanaz,0,3,3
Farhanna,0,3,3
Farhien,0,3,3
Farhiyo,0,3,3
Fariaaz,3,0,3
Fariana,0,3,3
Farice,3,3,6
Farich,3,0,3
Faridi,0,3,3
Faridy,0,3,3
Farie,0,3,3
Fariedah,0,3,3
Farieha,0,3,3
Fariëlla,0,3,3
Farieza,0,3,3
Farih,3,0,3
Farinah,0,3,3
Farinha,0,3,3
Fâris,3,0,3
Farisch,3,0,3
Farischa,0,3,3
Farisia,0,3,3
Faristha,0,3,3
Farith,3,0,3
Faritsia,0,3,3
Farizeh,0,3,3
Farkhonda,0,3,3
Farleyna,0,3,3
Farleyson,3,0,3
Farlo,3,0,3
Farlton,3,0,3
Farna,3,3,6
Farnaaz,0,3,3
Farnam,3,0,3
Farnaz,3,3,6
Farnoosh,0,3,3
Faroekali,3,0,3
Farook,3,0,3
Farooqe,3,0,3
Faroq,3,0,3
Faroucha,0,3,3
Farrakhan,3,0,3
Farranaz,0,3,3
Farrida,0,3,3
Farrokh,3,0,3
Farsanna,0,3,3
Farshaan,3,0,3
Farsjad,3,0,3
Farson,3,0,3
Fartuun,0,3,3
Fâruk,3,0,3
Farxiya,0,3,3
Faryad,3,0,3
Faryar,3,0,3
Faryaz,3,0,3
Farzaad,3,0,3
Farzanagatoen,0,3,3
Farzane,0,3,3
Fasana,0,3,3
Fasanya,3,3,6
Fascha,0,3,3
Fascino,3,0,3
Faseih,3,3,6
Fasel,3,0,3
Fashira,0,3,3
Fasieh,3,0,3
Fasilia,0,3,3
Fasko,3,0,3
Fasla,0,3,3
Fastert,3,0,3
Fatali,3,3,6
Fatbardh,3,0,3
Fatey,0,3,3
Fatha,3,3,6
Fatiana,0,3,3
Fatihan,3,3,6
Fatima-Ezahra,0,3,3
Fatimatou,0,3,3
Fatimatu,0,3,3
Fatimatuz,0,3,3
Fatimatüzzehra,0,3,3
Fatimzohra,0,3,3
Fatisa,0,3,3
Fatisha,0,3,3
Fatjon,3,0,3
Fatjona,0,3,3
Fatlind,3,0,3
Fatlinda,0,3,3
Fatlume,0,3,3
Fatmanim,0,3,3
Fatmawati,0,3,3
Fatmir,3,0,3
Fatmire,0,3,3
Fatoma,0,3,3
Fatoua,0,3,3
Fatouch,0,3,3
Fattoum,0,3,3
Faty,0,3,3
Fauad,3,0,3
Faucia,0,3,3
Faud,3,0,3
Faudel,3,0,3
Fauelina,0,3,3
Fauke,3,3,6
Faullsia,0,3,3
Faushia,0,3,3
Fauvé,0,3,3
Fauwzia,0,3,3
Fauz,3,0,3
Fauziya,0,3,3
Fauziyah,0,3,3
Faviën,0,3,3
Favola,0,3,3
Favonia,0,3,3
Favorita,0,3,3
Fawcett,3,3,6
Fawzan,3,0,3
Fáy,0,3,3
Fay'den,0,3,3
Fay-Rose,0,3,3
Fayaad,3,0,3
Fayangeli,0,3,3
Faybien,3,3,6
Fayçale,3,3,6
Fayçel,3,0,3
Faydra,0,3,3
Faye-Lauren,0,3,3
Faye-Linn,0,3,3
Fayelin,0,3,3
Fayell,3,3,6
Fayella,0,3,3
Fayelle,0,3,3
Fàyen,0,3,3
Fayena,0,3,3
Fayence,0,3,3
Fayene,0,3,3
Fayénne,0,3,3
Faylana,0,3,3
Fayli,0,3,3
Faylie,0,3,3
Fayliz,0,3,3
Faylon,0,3,3
Fayren,3,0,3
Fayro,3,0,3
Fays,3,0,3
Faysall,3,0,3
Faza,0,3,3
Fazad,3,3,6
Fazan,3,0,3
Fazaziou,3,0,3
Fazel,3,0,3
Fazelzad,0,3,3
Fazier,3,0,3
Fé-Lynn,0,3,3
Feadan,0,3,3
Fealan,3,0,3
Feanor,3,0,3
Fearghas,3,0,3
Fearless,3,3,6
Fearne,0,3,3
Feay,0,3,3
Feaye,0,3,3
Fébé,0,3,3
Febean,3,0,3
Febegina,0,3,3
Feber,3,3,6
Febi,0,3,3
Febienne,0,3,3
Febriano,3,0,3
Febrina,0,3,3
Fébronia,0,3,3
Febronio,3,0,3
Febry,3,3,6
Fecilia,0,3,3
Fedai,3,0,3
Fedaia,0,3,3
Fedan,0,3,3
Feddau,0,3,3
Fedde-Jan,3,0,3
Feddechiena,0,3,3
Feddechina,0,3,3
Fedderica,0,3,3
Fedderick,3,0,3
Fedeline,0,3,3
Fedelius,3,0,3
Federiek,0,3,3
Federieke,0,3,3
Federika,0,3,3
Federiko,3,0,3
Fedie,0,3,3
Fedion,3,0,3
Fedon,3,0,3
Fédora,0,3,3
Fedorowna,0,3,3
Fedos,3,3,6
Fédra,0,3,3
Fedric,3,0,3
Fedrieka,0,3,3
Fedy,3,3,6
Fee-Luna,0,3,3
Feebie,0,3,3
Feedi,3,0,3
Feeërieke,0,3,3
Feel,0,3,3
Feeline,0,3,3
Feen,0,3,3
Feera,0,3,3
Feey,0,3,3
Féh,0,3,3
Fehd,3,0,3
Fehed,3,0,3
Fehima,0,3,3
Fehla,0,3,3
Fehmina,0,3,3
Fei-Fei,0,3,3
Feichiena,0,3,3
Feiga,0,3,3
Feij,0,3,3
Feije-Friso,3,0,3
Feijgina,0,3,3
Feijoena,0,3,3
Feijona,0,3,3
Feik,3,3,6
Feikalina,0,3,3
Feikelientje,0,3,3
Feikske,0,3,3
Feilicia,0,3,3
Feira,0,3,3
Feitoza,0,3,3
Fejay,3,0,3
Fejza,0,3,3
Fekelina,0,3,3
Fekkina,0,3,3
Fekria,0,3,3
Feky,3,0,3
Felana,0,3,3
Felbra,0,3,3
Feleci,0,3,3
Feleciano,3,3,6
Felecitas,0,3,3
Felecula,0,3,3
Féleine,0,3,3
Felène,0,3,3
Feleny,0,3,3
Felic,3,3,6
Felicano,3,0,3
Felicentia,0,3,3
Felicetta,0,3,3
Felicidade,0,3,3
Felicina,0,3,3
Felicitee,0,3,3
Felicitey,0,3,3
Felicito,3,0,3
Felicya,0,3,3
Félienne,0,3,3
Felijn,0,3,3
Feliksa,0,3,3
Felinè,0,3,3
Felinne,0,3,3
Félino,3,0,3
Felion,3,0,3
Felippa,0,3,3
Felisbela,0,3,3
Feliscia,0,3,3
Felissity,0,3,3
Felitiano,3,0,3
Feliu,3,0,3
Felíx,3,0,3
Fèlix,3,0,3
Felixiano,3,0,3
Felixon,3,0,3
Felke,3,0,3
Fellina,0,3,3
Felly,3,0,3
Felomea,0,3,3
Felon,3,0,3
Felopateer,3,0,3
Felpina,0,3,3
Fels,3,0,3
Felte,3,3,6
Felton,3,0,3
Feltser,3,0,3
Feluna,0,3,3
Félyn,0,3,3
Felyse,0,3,3
Femdo,3,0,3
Femian,3,0,3
Femiena,0,3,3
Femienes,3,0,3
Femja,0,3,3
Femka,0,3,3
Femmagrietha,0,3,3
Femmeken,0,3,3
Femmelieke,0,3,3
Femmeline,0,3,3
Femmelyn,0,3,3
Femmianne,0,3,3
Femmides,3,0,3
Femminge,0,3,3
Femya,0,3,3
Fena,0,3,3
Fenando,3,0,3
Fence,3,0,3
Fenchien,0,3,3
Fendela,0,3,3
Fendinand,3,0,3
Fenema,0,3,3
Fenette,0,3,3
Fêng,3,3,6
Fèng,3,3,6
Fenhard,3,0,3
Fenine,0,3,3
Fenisha,0,3,3
Fenite,0,3,3
Fenity,0,3,3
Fenlina,0,3,3
Fenna-Sophie,0,3,3
Fennadus,3,0,3
Fennando,3,0,3
Fennandus,3,0,3
Fenne-Beau,0,3,3
Fennechiene,0,3,3
Fennechienes,3,0,3
Fennegine,0,3,3
Fennelie,0,3,3
Fennelien,0,3,3
Fenneline,0,3,3
Fennemarie,0,3,3
Fennemieke,0,3,3
Fennen,3,3,6
Fennerina,0,3,3
Fennessa,0,3,3
Fennetie,0,3,3
Fennetijn,0,3,3
Fennick,3,0,3
Fennisia,0,3,3
Fennitje,0,3,3
Fennius,3,0,3
Fennolina,0,3,3
Fenrik,3,0,3
Fens,3,0,3
Fense,3,0,3
Fenske,0,3,3
Feofanija,0,3,3
Feolin,0,3,3
Fèr,3,0,3
Féra,0,3,3
Ferai,0,3,3
Feraiza,0,3,3
Fercan,3,0,3
Ferdaos,3,0,3
Ferdaouse,0,3,3
Ferdaouss,0,3,3
Ferdeinal,3,0,3
Ferderika,0,3,3
Ferdey,3,0,3
Ferdi-Jan,3,0,3
Ferdienandus,3,0,3
Ferdinad,3,0,3
Ferdinadus,3,0,3
Ferdinandi,0,3,3
Ferdinandt,3,0,3
Ferdjo,3,0,3
Ferdon,3,0,3
Ferdunand,3,0,3
Fereley,0,3,3
Ferenca,0,3,3
Fèrencz,3,0,3
Ferenike,0,3,3
Ferentina,0,3,3
Ferentius,3,0,3
Ferenza,0,3,3
Ferenze,3,0,3
Feresteh,0,3,3
Fergina,0,3,3
Ferguson,3,0,3
Ferhunde,0,3,3
Feriba,0,3,3
Feridi,3,3,6
Férieke,0,3,3
Feriel,0,3,3
Ferijn,3,0,3
Ferin,3,0,3
Ferinanda,0,3,3
Ferinaz,0,3,3
Ferinho,3,0,3
Ferinia,0,3,3
Ferinio,3,0,3
Feris,3,0,3
Ferishta,0,3,3
Feriştah,0,3,3
Ferita,0,3,3
Feriz,3,0,3
Ferize,0,3,3
Ferjan,3,0,3
Ferlano,3,0,3
Ferleyano,3,0,3
Ferlicia,0,3,3
Fermelis,0,3,3
Fermo,3,0,3
Fernán,3,0,3
Fernandien,0,3,3
Fernandinha,0,3,3
Fernandinho,3,0,3
Fernanduz,3,3,6
Fernardina,0,3,3
Ferndina,0,3,3
Ferneau,3,0,3
Fernessa,0,3,3
Ferney,3,0,3
Feroni,0,3,3
Ferosa,0,3,3
Ferouz,0,3,3
Feroz-Ali,3,0,3
Ferozah,0,3,3
Ferozan,0,3,3
Ferozh,3,0,3
Ferradina,0,3,3
Ferralini,0,3,3
Fèrran,3,0,3
Ferraz,0,3,3
Ferredina,0,3,3
Ferrens,3,0,3
Ferrenz,3,0,3
Ferried,3,0,3
Ferrier,3,0,3
Ferril,3,0,3
Férron,3,0,3
Ferrón,3,0,3
Ferrucio,3,0,3
Ferruh,3,0,3
Ferrulio,3,0,3
Fersana,0,3,3
Ferşat,3,0,3
Ferun,0,3,3
Ferus,3,3,6
Ferüska,0,3,3
Ferüze,0,3,3
Feryaad,3,0,3
Ferydoun,3,0,3
Feryel,0,3,3
Ferzende,3,0,3
Fesile,0,3,3
Fess,0,3,3
Festa,0,3,3
Feste,3,0,3
Festen,3,0,3
Fetanet,0,3,3
Feten,0,3,3
Feti,3,0,3
Fetina,0,3,3
Fets,3,3,6
Fetsum,3,0,3
Fetteke,0,3,3
Feugen,3,0,3
Feung,3,3,6
Feurlin,3,0,3
Feus,3,3,6
Fevzihan,3,0,3
Feyaaz,3,0,3
Feyaz,3,0,3
Feyco,3,0,3
Feyen,3,3,6
Feyishayo,3,0,3
Feykje,0,3,3
Feylène,0,3,3
Feylina,0,3,3
Feyna,0,3,3
Feyone,0,3,3
Feyruz,3,3,6
Feyzan,0,3,3
Fezaan,3,0,3
Fezara,0,3,3
Fezile,0,3,3
Fflûr,0,3,3
Fhâ,0,3,3
Fharida,0,3,3
Fharied,3,0,3
Fharly,3,0,3
Fhayda,0,3,3
Fhayenne,0,3,3
Fhemia,0,3,3
Fhenne,0,3,3
Fher,3,3,6
Fhillip,3,0,3
Fhon,3,3,6
Fiachra,3,0,3
Fianca,0,3,3
Fiani,3,3,6
Fiara,0,3,3
Fiatrix,0,3,3
Fibe,0,3,3
Fidania,0,3,3
Fidda,0,3,3
Fideles,3,0,3
Fidelina,0,3,3
Fideline,0,3,3
Fideliüs,3,0,3
Fidelma,0,3,3
Fidentia,0,3,3
Fidentius,3,3,6
Fidi,3,0,3
Fidyan,3,0,3
Fieb,0,3,3
Fiebedina,0,3,3
Fiebie,0,3,3
Fiebke,3,3,6
Fiek,3,3,6
Fielippus,3,0,3
Fiëne,0,3,3
Fiene-Julie,0,3,3
Fiene-Saar,0,3,3
Fiennie,0,3,3
Fierida,0,3,3
Fierine,0,3,3
Fierro,0,3,3
Fiethamelekot,3,0,3
Fif,3,0,3
Fifaidley,3,0,3
Fifamè,0,3,3
Fifian,0,3,3
Fifilia,0,3,3
Figani,3,0,3
Figini,0,3,3
Figline,0,3,3
Figou,3,0,3
Figueroa,0,3,3
Fijchien,0,3,3
Fijco,3,0,3
Fijgiena,0,3,3
Fijja,0,3,3
Fijnard,3,0,3
Fijntje,0,3,3
Fijol,3,3,6
Fijona,0,3,3
Fijske,0,3,3
Fikir,0,3,3
Fikko,3,0,3
Fiknet,0,3,3
Fikra,0,3,3
Filadelfia,0,3,3
Filan,3,3,6
Filandro,3,0,3
Filbert,3,0,3
Fildrina,0,3,3
Fileberta,0,3,3
Filemijntje,0,3,3
Filènne,0,3,3
Filgencio,3,0,3
Filiano,3,0,3
Filice,3,0,3
Filicia,0,3,3
Filida,0,3,3
Filienne,0,3,3
Filin,0,3,3
Filíp,3,0,3
Filip-Jan,3,0,3
Filipp,3,0,3
Filippini,0,3,3
Filito,3,0,3
Filiznur,0,3,3
Fillep,3,0,3
Fillepina,0,3,3
Fillicithé,0,3,3
Fillipo,3,0,3
Fillippina,0,3,3
Fillipus,3,0,3
Fillmore,3,0,3
Filly,3,3,6
Filmer,3,0,3
Filomeine,0,3,3
Filon,3,0,3
Filona,0,3,3
Fils,3,0,3
Filsø,0,3,3
Fimka,0,3,3
Fimmigjen,0,3,3
Finardus,3,0,3
Finau,3,3,6
Fincentia,0,3,3
Finco,3,0,3
Finda,0,3,3
Findik,0,3,3
Findo,3,0,3
Finebeth,0,3,3
Finely,0,3,3
Finessa,0,3,3
Finest,3,3,6
Fineth,0,3,3
Fingal,3,0,3
Finique,0,3,3
Finita,0,3,3
Finleigh,3,3,6
Finneas,3,0,3
Finnety,0,3,3
Finnigan,3,0,3
Finnli,3,3,6
Finns,3,0,3
Finya,0,3,3
Fioma,0,3,3
Fionah,0,3,3
Fionella,0,3,3
Fionie,0,3,3
Fíonn,3,0,3
Fionnbarr,3,0,3
Fionnghuala,0,3,3
Fiorano,3,0,3
Fiordaliza,0,3,3
Fiorentine,0,3,3
Fiorile,0,3,3
Fiorin,0,3,3
Fiorito,3,0,3
Fip,3,0,3
Firaisha,0,3,3
Firdauoss,0,3,3
Firdausi,0,3,3
Firdauz,3,0,3
Firdevis,0,3,3
Firdouas,0,3,3
Firdouz,3,3,6
Fire,3,3,6
Firenza,0,3,3
Firgel,3,0,3
Firiël,0,3,3
Firiyal,0,3,3
Firlia,0,3,3
Firmatus,3,0,3
Firmine,0,3,3
Firminus,3,0,3
Firomsa,3,0,3
Firooza,0,3,3
Firozkhan,3,0,3
Firros,3,0,3
Firuza,0,3,3
Fisher,3,0,3
Fisk,3,0,3
Fissel,3,0,3
Fiston,3,0,3
Fitalis,3,0,3
Fithe,3,0,3
Fitnet,0,3,3
Fitore,0,3,3
Fitra,3,3,6
Fitri,0,3,3
Fitzegerald,3,0,3
Fitzerald,3,0,3
Fitzrobert,3,0,3
Fitzwilliam,3,0,3
Fiyori,0,3,3
Fizaad,3,0,3
Fizan,3,0,3
Fize,0,3,3
Fjaere,0,3,3
Fjalar,3,0,3
Fjenneke,0,3,3
Fjerre,3,0,3
Fjödor,3,0,3
Fjodora,0,3,3
Fjodr,3,0,3
Fjona,0,3,3
Fjore,3,0,3
Flakron,3,0,3
Flama,0,3,3
Flamme,0,3,3
Flare,0,3,3
Flash,3,0,3
Flavian,3,0,3
Flaviano,3,0,3
Flavieke,0,3,3
Flavien,3,0,3
Flaviën,3,3,6
Flegon,3,0,3
Flemon,3,0,3
Flen,3,0,3
Fleuranne,0,3,3
Fleurique,0,3,3
Fleurisca,0,3,3
Fleurissa,0,3,3
Fleurycke,0,3,3
Fliene,0,3,3
Fliertje,0,3,3
Flim,3,0,3
Flinja,0,3,3
Flinth,3,0,3
Flippe,3,0,3
Fliss,0,3,3
Flloyd,3,0,3
FLM,3,0,3
Flobatier,3,0,3
Floid,3,0,3
Flok,0,3,3
Floki,3,0,3
Floo,3,3,6
Flooranne,0,3,3
Floorien,0,3,3
Flór,0,3,3
Floraan,3,3,6
Florac,3,0,3
Florah,0,3,3
Floralia,0,3,3
Floranna,0,3,3
Floratine,0,3,3
Florbela,0,3,3
Florcha,0,3,3
Floré,0,3,3
Floree,0,3,3
Floreen,0,3,3
Floregius,3,0,3
Florelin,0,3,3
Floreline,0,3,3
Floremijn,0,3,3
Florén,0,3,3
Florene,0,3,3
Florèns,3,3,6
Florènt,3,0,3
Florenta,0,3,3
Florenthijn,3,0,3
Florentijntje,0,3,3
Florents,3,0,3
Florentyne,0,3,3
Florenzio,3,0,3
Florés,3,3,6
Floretine,0,3,3
Floriberthus,3,0,3
Floriën,3,0,3
Florijanne,0,3,3
Florino,3,0,3
Florinsz,3,0,3
Florinte,0,3,3
Florion,3,0,3
Florise,0,3,3
Florisjan,3,0,3
Florisse,0,3,3
Florisz,3,0,3
Floritta,0,3,3
Florizel,3,0,3
Floro,3,0,3
Florosa,0,3,3
Florphina,0,3,3
Florre,3,0,3
Floruska,0,3,3
Floryanne,0,3,3
Florynn,0,3,3
Floss,0,3,3
Flossie,0,3,3
Floun,0,3,3
Flucie,3,0,3
Fly,3,3,6
FMG,3,3,6
FML,0,3,3
Foade,3,0,3
Fob,3,0,3
Fobi,0,3,3
Fobian,3,0,3
Fochive,3,0,3
Fodel,3,0,3
Foead,3,0,3
Foekdina,0,3,3
Foeke-Jan,3,0,3
Foeko,3,0,3
Foektjen,0,3,3
Foetina,0,3,3
Foezeil,3,0,3
Foezia,0,3,3
Fogine,0,3,3
Foh,0,3,3
Fokelena,0,3,3
Fokgiena,0,3,3
Fokie,0,3,3
Fokjelina,0,3,3
Fokke-Andries,3,0,3
Fokke-Pieter,3,0,3
Fokkeltje,0,3,3
Fokkerina,0,3,3
Fokkes,3,0,3
Fokkinus,3,0,3
Fokkobiena,0,3,3
Fokkolientje,0,3,3
Fokky,3,3,6
Fokolina,0,3,3
Folchereus,3,0,3
Folgerd,3,0,3
Folgerdiena,0,3,3
Folgers,3,0,3
Folgina,0,3,3
Foli,3,0,3
Folie,0,3,3
Folkarina,0,3,3
Folkeline,0,3,3
Folkerd,3,0,3
Folkerdiena,0,3,3
Folkersje,0,3,3
Folkertinus,3,0,3
Folkher,3,0,3
Follekert,3,0,3
Folmar,3,0,3
Folmerdina,0,3,3
Folpmer,3,0,3
Folquines,3,0,3
Fond,0,3,3
Fonja,0,3,3
Fonna,0,3,3
Fonongaloa,0,3,3
Fonsien,0,3,3
Fontaine,3,0,3
Fonte,0,3,3
Fonteyn,3,0,3
Fontijn,3,3,6
Fonyuy,3,3,6
Fonzy,3,0,3
Fooke,3,3,6
Fopko,3,0,3
Foppius,3,0,3
For,3,3,6
Forbes,3,0,3
Forchu,3,3,6
Fordjuor,3,0,3
Fordowsa,0,3,3
Forham,0,3,3
Forhan,3,0,3
Forkuoh,3,3,6
Formosa,0,3,3
Forrina,0,3,3
Forry,3,0,3
Forske,0,3,3
Fort,3,0,3
Fortina,0,3,3
Fortunat,3,0,3
Fortunée,0,3,3
Fortunes,3,3,6
Fortunus,3,0,3
Fosco,3,0,3
Foskeline,0,3,3
Foskien,0,3,3
Foskiene,0,3,3
Foskina,0,3,3
Fossea,0,3,3
Fossia,0,3,3
Fossum,3,3,6
Fosuhene,3,0,3
Fotinie,0,3,3
Foudail,3,0,3
Foukelien,0,3,3
Foukie,0,3,3
Foulina,0,3,3
Foulke,0,3,3
Foulkina,0,3,3
Fourat,3,3,6
Foustino,3,0,3
Fowsiyo,0,3,3
Fowziya,0,3,3
Foziya,0,3,3
FPJ,3,3,6
FPM,3,3,6
Frah,3,3,6
Fraisel,3,0,3
Fran-Xiayley,0,3,3
França,3,3,6
Francais,3,0,3
Francelia,0,3,3
Francelino,3,0,3
Francenny,0,3,3
Franceschina,0,3,3
Francescos,3,0,3
Francessca,0,3,3
Francet,0,3,3
Francheer,3,0,3
Franchine,0,3,3
Franchise,0,3,3
Franchy,0,3,3
Franciano,3,0,3
Francico,3,0,3
Franciënne,0,3,3
Francienus,3,0,3
Franciesco,3,0,3
Francinio,3,0,3
Francís,3,3,6
Fráncis,3,3,6
Fràncis,0,3,3
Francis-Paul,3,0,3
Franciscia,0,3,3
Françisco,3,0,3
Franciscus-Xaverius,3,0,3
Franciskia,0,3,3
Franciza,0,3,3
Francizca,0,3,3
Francke,3,0,3
François-Xavier,3,0,3
Françoise-Marie,0,3,3
Francona,0,3,3
Françoys,3,0,3
Francyn,0,3,3
Francyntje,0,3,3
Franda,3,3,6
Frandea,0,3,3
Frandy,3,0,3
Franella,0,3,3
Frangelico,3,0,3
Frangelo,3,0,3
Franique,0,3,3
Frank-Johan,3,0,3
Frank-Leo,3,0,3
Frank-Martijn,3,0,3
Frank-Robin,3,0,3
Frankciena,0,3,3
Frankena,0,3,3
Frankes,3,0,3
Frankjen,0,3,3
Frankley,3,0,3
Fränklin,3,0,3
Franktine,0,3,3
Frannah,0,3,3
Frans-Derk,3,0,3
Frans-Jaap,3,0,3
Frans-Jacob,3,0,3
Frans-Leendert,3,0,3
Frans-Marius,3,0,3
Frans-Otto,3,0,3
Fransan,0,3,3
Franscien,0,3,3
Franscijna,0,3,3
Franscz,3,0,3
Fransette,0,3,3
Franshelyn,0,3,3
Fransheska,0,3,3
Fransia,0,3,3
Fransicka,0,3,3
Fransies,3,0,3
Fransiskes,3,0,3
Franso,3,0,3
Fransoo,3,0,3
Franssienus,3,0,3
Fransson,3,0,3
Franswa,3,0,3
Fransy,3,3,6
Frantiska,0,3,3
Frants,3,0,3
Franulka,0,3,3
Franze,3,3,6
Franzel,3,0,3
Fränzel,3,3,6
Franzi,3,3,6
Franzien,0,3,3
Franzijntje,0,3,3
Franzisque,3,3,6
Franzita,0,3,3
Franzose,0,3,3
Fraulina,0,3,3
Frauwina,0,3,3
Frauwke,0,3,3
Frayan,3,0,3
Freadina,0,3,3
Freanne,0,3,3
Fred-Erik,3,0,3
Fréda,0,3,3
Fredderik,3,0,3
Freddrik,3,0,3
Fredegondus,3,0,3
Fredegunde,0,3,3
Fredeline,0,3,3
Fredemar,3,0,3
Frederia,0,3,3
Frèderic,3,0,3
Fréderice,0,3,3
Frédérico,3,0,3
Fréderico,3,0,3
Frédéricus,3,0,3
Frederiec,0,3,3
Frederieckje,0,3,3
Frederieks,3,0,3
Frederik-jan,3,0,3
Frédérika,0,3,3
Frederiken,0,3,3
Frederine,0,3,3
Frédérique-Anne,0,3,3
Fréderique-Noëlle,0,3,3
Frederiques,3,3,6
Fredeswinda,0,3,3
Fredeswynda,3,3,6
Fredij,3,0,3
Fredj,3,0,3
Fredly,3,0,3
Fredmar,3,3,6
Fredriech,3,0,3
Fredriks,3,0,3
Fredryk,3,0,3
Fredszoon,3,0,3
Freeja,0,3,3
Freek-Willem,3,0,3
Freekjan,3,0,3
Freeks,3,0,3
Freeky,3,0,3
Freeman,3,0,3
Freere,3,0,3
Freerkkina,0,3,3
Freertje,0,3,3
Fregina,0,3,3
Fregine,0,3,3
Frehley,3,0,3
Freicko,3,0,3
Freire,3,0,3
Freitas,3,3,6
Fréke,0,3,3
Frementia,0,3,3
Fremer,0,3,3
Frempong,3,0,3
Frencel,3,0,3
Frenci,0,3,3
Frencien,0,3,3
Frenciscus,3,0,3
Frenciska,0,3,3
Frendel,3,0,3
Frendo,3,0,3
Frendy,0,3,3
Frenkey,3,0,3
Frenko,3,0,3
Frenno,3,0,3
Frenscisca,0,3,3
Frensis,0,3,3
Frensley,3,0,3
Freny,0,3,3
Freo,3,3,6
Frerichs,3,3,6
Fréricus,3,0,3
Fresemann,3,0,3
Fresiena,0,3,3
Fresta,0,3,3
Freydis,3,0,3
Freyke,0,3,3
Frial,0,3,3
Frianda,0,3,3
Friandafilja,0,3,3
Frianko,3,0,3
Frianne,0,3,3
Friberg,3,3,6
Fricke,3,3,6
Frico,3,0,3
Frida-Rica,0,3,3
Friday,0,3,3
Frideborg,0,3,3
Frideswida,0,3,3
Fridja,0,3,3
Fridolf,3,0,3
Fridolien,0,3,3
Fridrika,0,3,3
Fridse,3,0,3
Fridseger,3,0,3
Fridser,3,0,3
Fridtjov,3,0,3
Frieanke,0,3,3
Friedarika,0,3,3
Friedegonda,0,3,3
Friedeke,0,3,3
Friedeliese,0,3,3
Friedelind,0,3,3
Friedeline,0,3,3
Frieden,3,0,3
Friedérich,3,0,3
Friederickus,3,0,3
Friedje,0,3,3
Friedolin,3,0,3
Friedolina,0,3,3
Friedric,3,0,3
Friedricha,0,3,3
Friedzoon,3,0,3
Friek,3,3,6
Frieze,3,0,3
Friezo,3,0,3
Friis,0,3,3
Friis-Holm,3,3,6
Frijkje,0,3,3
Frijsinus,3,0,3
Frike,0,3,3
Frikkelina,0,3,3
Frim,3,0,3
Frina,0,3,3
Frinsen,3,0,3
Frisina,0,3,3
Frisius,3,0,3
Friska,0,3,3
Friskje,0,3,3
Frista,0,3,3
Fritsgerald,3,0,3
Fritstjof,3,0,3
Fritsy,3,0,3
Froa,0,3,3
Froanne,0,3,3
Frodi,3,0,3
Frodine,0,3,3
Frodobertus,3,0,3
Froëling,3,3,6
Frog,3,0,3
Froke,0,3,3
Frolinde,0,3,3
Frona,0,3,3
Fronieca,0,3,3
Fronique,0,3,3
Fronnie,0,3,3
Frood,3,0,3
Frosiena,0,3,3
Frossia,0,3,3
Frossja,0,3,3
Frost,3,0,3
Frough,0,3,3
Froukienus,3,0,3
Froula,0,3,3
Froulina,0,3,3
Frouna,0,3,3
Frouwbina,0,3,3
Frouwgje,0,3,3
Frouwiene,0,3,3
Frouwienke,0,3,3
Frouwlina,0,3,3
Frouzan,0,3,3
Fructuosa,3,3,6
Frudo,3,0,3
Fruidwina,0,3,3
Fruna,0,3,3
Frydo,3,0,3
Fryso,3,0,3
Frytsia,0,3,3
Frøken,0,3,3
FTM,3,3,6
Fu'ad,3,0,3
Fued,3,0,3
Fuentes,0,3,3
Fuerte,3,3,6
Fufa,3,3,6
Fula,3,3,6
Fulbert,3,0,3
Fulden,0,3,3
Fulgence,3,3,6
Fulgencia,0,3,3
Fulmelia,0,3,3
Fülöp,3,0,3
Fulpina,0,3,3
Fumiko,0,3,3
Fumulamba,3,3,6
Fumuyala,3,3,6
Fundagül,0,3,3
Fundishia,0,3,3
Funez,3,0,3
Funk,3,0,3
Funmi,0,3,3
Fuong,3,3,6
Fur,3,0,3
Furchil,3,0,3
Furdjal,3,0,3
Furdjl,3,0,3
Fürgell,3,0,3
Fürgen,3,0,3
Furgen,3,0,3
Furginio,3,0,3
Furkaan,3,0,3
Furtado,3,3,6
Fürüzan,0,3,3
Fusao,3,0,3
Fusine,0,3,3
Fuwad,3,0,3
Fuzail,3,0,3
Füzuli,3,0,3
Fyanna,0,3,3
Fybi,0,3,3
Fyènne,0,3,3
Fyko,3,0,3
Fyleine,0,3,3
Fylèn,0,3,3
Fylene,0,3,3
Fylicia,0,3,3
Fyllon,3,0,3
Fynce,3,0,3
Fyne,0,3,3
Fynet,0,3,3
Fynian,3,0,3
Fynnian,3,0,3
Fyonna,0,3,3
F'arquillo,3,0,3
F'Eden,0,3,3
F-Verlon,3,0,3
F.B.M.,3,0,3
F.D.,3,0,3
F.H.,3,0,3
Fa'avae,3,0,3
Fa'Deshaley,0,3,3
Fa'ieza,0,3,3
Fa'inah,0,3,3
Fa'is,3,0,3
Fa'izah,0,3,3
Fa-Areëly,0,3,3
Fa-Jemerick,3,0,3
Fa-Joen,3,0,3
Fa-Lyrhia,0,3,3
Faa,0,3,3
Fââ,0,3,3
Faa'isa,0,3,3
Faa-iza-banu,0,3,3
Faabe,3,0,3
Faachiera,0,3,3
Faadak,0,3,3
Faadii,3,0,3
Faadimo,0,3,3
Faadma,0,3,3
Faaduma,0,3,3
Faadumo,0,3,3
Faagirah,0,3,3
Faahima,0,3,3
Faahir,3,0,3
Faahriez,3,0,3
Faaid,3,0,3
Faaike,0,3,3
Faaîza,0,3,3
Faaïza,0,3,3
Faaïzah,0,3,3
Faajah,0,3,3
Faakhir,3,0,3
Faakromah,0,3,3
Faale,0,3,3
Faamke,0,3,3
Faanke,0,3,3
Faantje,3,0,3
Faap,3,0,3
Faaraz,3,0,3
Faardin,3,0,3
Faares,3,0,3
Faarich,0,3,3
Faariez,3,0,3
Faariq,3,0,3
Faarjam,3,0,3
Faarly,3,0,3
Faarnaz,0,3,3
Faarne,3,0,3
Faaro,0,3,3
Faarshe,0,3,3
Faarsia,0,3,3
Faarya-Gatoen,0,3,3
Faarzana,0,3,3
Faarzia,0,3,3
Faas-Jan,3,0,3
Faashira,0,3,3
Faasman,3,0,3
Faat,3,0,3
Faateh,3,0,3
Faatemah,0,3,3
Faatih,3,0,3
Faatihah,0,3,3
Faatin,0,3,3
Faayyaaz,3,0,3
Faaz,3,0,3
Faazil,3,0,3
Faaziya,0,3,3
Faazlie,3,0,3
Fabaën,3,0,3
Fabayenna,0,3,3
Fabbiana,0,3,3
Fabbiano,3,0,3
Fabbienné,0,3,3
Fabby,0,3,3
Fäbe,0,3,3
Fabe-Floris,3,0,3
Fabea,0,3,3
Faberly,0,3,3
Faberta,0,3,3
Fabery,3,0,3
Fabetisch,0,3,3
Fabeya,0,3,3
Fabi-jan,3,0,3
Fäbiän,3,0,3
Fabian-Florin,3,0,3
Fabian-Gerben,3,0,3
Fabian-Jeremy,3,0,3
Fabian-Kyle,3,0,3
Fabian-Nicolas,3,0,3
Fabian-Ray,3,0,3
Fabian-Richard,3,0,3
Fabian-Victor,3,0,3
Fabianah,0,3,3
Fabianey,0,3,3
Fabiangelo,3,0,3
Fabianie,3,0,3
Fabianka,0,3,3
Fabiann,3,0,3
Fabianno,3,0,3
Fabiantly,0,3,3
Fabias,3,0,3
Fabiatto,3,0,3
Fabie-Janne,0,3,3
Fabieénna,0,3,3
Fabieënne,0,3,3
Fabiëley,0,3,3
Fabiëlka,0,3,3
Fabielle,0,3,3
Fabiên,0,3,3
Fabiéne,0,3,3
Fabiènn,0,3,3
Fabiénna,0,3,3
Fabiėnna,0,3,3
Fabienné,0,3,3
Fabiennè,0,3,3
Fabiënne-Marie,0,3,3
Fabienne-Sophie,0,3,3
Fabiënsa,0,3,3
Fabiëny,0,3,3
Fabiëro,3,0,3
Fabiero,3,0,3
Fabiëtte,0,3,3
Fabïjan,3,0,3
Fabijas,3,0,3
Fabijean,0,3,3
Fabijenna,0,3,3
Fabijn,3,0,3
Fabijo,3,0,3
Fabin,3,0,3
Fabinique,3,0,3
Fabino,3,0,3
Fabio-Wiwo,3,0,3
Fabiolita,0,3,3
Fabiolla,0,3,3
Fabión,3,0,3
Fabionailys,0,3,3
Fabiony,0,3,3
Fabishaino,3,0,3
Fabiun,3,0,3
Fabjen,0,3,3
Fabjèn,0,3,3
Fabjènne,0,3,3
Fabjon,3,0,3
Fable,3,0,3
Fabre,3,0,3
Fabregas,3,0,3
Fabrianne,0,3,3
Fabriano,3,0,3
Fábrice,3,0,3
Fabricé,3,0,3
Fabricianus,3,0,3
Fabriejella,0,3,3
Fabriela,0,3,3
Fabriëne,0,3,3
Fabriënna,0,3,3
Fabrini,0,3,3
Fabrisia,0,3,3
Fabrissa,0,3,3
Fabriyanti,0,3,3
Fabriz,3,0,3
Fabrize,3,0,3
Fabryson,3,0,3
Faby-Anne,0,3,3
Faby-Joan,0,3,3
Fabyèlca,0,3,3
Fabyelle,0,3,3
Fabyèn,0,3,3
Fabyenna,0,3,3
Fachana,0,3,3
Fachanie,3,0,3
Fachantelly,0,3,3
Fachayra,0,3,3
Fachayro,3,0,3
Facheera,0,3,3
Fachelle,0,3,3
Fachelli,3,0,3
Fachira,0,3,3
Fachria,0,3,3
Fachrias,3,0,3
Fachrieh,0,3,3
Fachruzi,3,0,3
Facia,0,3,3
Faciel,3,0,3
Facile,3,0,3
Facine,3,0,3
Facinèt,3,0,3
Facinio,3,0,3
Faco,3,0,3
Facolien,0,3,3
Facou,0,3,3
Fad,3,0,3
Fad-El,3,0,3
Fada,0,3,3
Fadaïsha,0,3,3
Faday-Shiara,0,3,3
Faddal,3,0,3
Faddia,0,3,3
Faddy,3,0,3
Fadé,0,3,3
Fadeia,0,3,3
Fadek,0,3,3
Fadéla,0,3,3
Fadeoi,0,3,3
Fadera,0,3,3
Fadewa,0,3,3
Fadhel,3,0,3
Fadhillah,3,0,3
Fadhima,0,3,3
Fadhl,3,0,3
Fadhli,3,0,3
Fadhyl,3,0,3
Fadiah,0,3,3
Fadiam,3,0,3
Fadiani,0,3,3
Fadiar,3,0,3
Fadiel,3,0,3
Fadiil,3,0,3
Fadıl,3,0,3
Fadıla,0,3,3
Fadilj,3,0,3
Fadillah,0,3,3
Fadilou,3,0,3
Fadimeana,0,3,3
Fadimenisa,0,3,3
Fadimenur,0,3,3
Fadimir,3,0,3
Fadina,0,3,3
Fadinja,0,3,3
Fadira,0,3,3
Fadis,0,3,3
Fadissa,0,3,3
Fadjah,0,3,3
Fadjardo,3,0,3
Fadjaro,3,0,3
Fadjerbano,0,3,3
Fadjil,3,0,3
Fadjiwa,0,3,3
Fadjoel,3,0,3
Fadjreddine,3,0,3
Fadjri,3,0,3
Fadlallah,3,0,3
Fadlalmoula,3,0,3
Fadlurrahman,3,0,3
Fadly,3,0,3
Fadmah,0,3,3
Fadna,0,3,3
Fadney,3,0,3
Fadoa,0,3,3
Fadol,3,0,3
Fador,3,0,3
Fadouia,0,3,3
Fadowa,0,3,3
Fadowwa,0,3,3
Fadri,3,0,3
Faduad,0,3,3
Fadumakiin,0,3,3
Fadutsie,3,0,3
Fadyla,0,3,3
Faë,0,3,3
Fae'Lilly,0,3,3
Fae-Anaïs,0,3,3
Fae-Lilly,0,3,3
Fae-Lynn,0,3,3
Fae-Lynne,0,3,3
Fae-Raven,0,3,3
Faé-Xaël,0,3,3
Fae-Yi,0,3,3
Faebe,0,3,3
Faebian,3,0,3
Faebiane,3,0,3
Faedey,3,0,3
Faeeza,0,3,3
Faeezah,0,3,3
Faeezha,0,3,3
Faeisaal,3,0,3
Faél,3,0,3
Faela,0,3,3
Fáelàn,3,0,3
Fáelán,3,0,3
Faelan-Quin,3,0,3
Fáelán-Quinn,3,0,3
Faelen,3,0,3
Faëli,0,3,3
Faelien,0,3,3
Faelijne,0,3,3
Faelina,0,3,3
Faell,0,3,3
Faella,0,3,3
Faellon,0,3,3
Faelon,3,0,3
Faely,0,3,3
Faelyjah,0,3,3
Faélyne,0,3,3
Faemen,3,0,3
Faemya,0,3,3
Faèn,0,3,3
Faëna,0,3,3
Faendely,0,3,3
Faëndra,0,3,3
Faendro,3,0,3
Faéntely,0,3,3
Faërell,3,0,3
Faeren,0,3,3
Faeris,3,0,3
Faéro,3,0,3
Faêro,3,0,3
Faero,3,0,3
Faeron,3,0,3
Faerony,0,3,3
Faethon,3,0,3
Faeya,0,3,3
Faèyen,0,3,3
Faeylinn,0,3,3
Faëz,3,0,3
Faez,3,0,3
Faezaan,3,0,3
Faezeh,0,3,3
Fafá,0,3,3
Fafah,3,0,3
Fafai,0,3,3
Fafali,0,3,3
Fafanding,3,0,3
Fafanny,0,3,3
Fafaricka,0,3,3
Faffiona,0,3,3
Fafhrd,3,0,3
Fafiani,0,3,3
Fafieanie,0,3,3
Fagardo,3,0,3
Faghi,0,3,3
Faghr,3,0,3
Faghrdin,3,0,3
Faghrelden,3,0,3
Fagja,0,3,3
Fagner,3,0,3
Fagracio,3,0,3
Fagus,3,0,3
FAH,3,0,3
Fah-Déh,3,0,3
Fah-ying,0,3,3
Faha,3,0,3
Fahaan,3,0,3
Fahadi,3,0,3
Fahaen,3,0,3
Fahajul,3,0,3
Fahbian,3,0,3
Fahcès,0,3,3
Fahd-Rashid,3,0,3
Fahe,0,3,3
Faheema,0,3,3
Faheley,0,3,3
Fahem,3,0,3
Fahema,0,3,3
Fahen,0,3,3
Faheza,0,3,3
Fahhad,3,0,3
Fahia,0,3,3
Fahied,3,0,3
Fahiima,0,3,3
Fahime,0,3,3
Fahisha,0,3,3
Fahishta,0,3,3
Fahista,0,3,3
Fahizan,0,3,3
Fahizen,0,3,3
Fahja,0,3,3
Fahjaad,3,0,3
Fahlavi,3,0,3
Fahm,0,3,3
Fahmet,3,0,3
Fahmida,0,3,3
Fahmie,3,0,3
Fahmieda,0,3,3
Fahmo,0,3,3
Fahnina,0,3,3
Fahno,3,0,3
Fahrä,0,3,3
Fahraana,0,3,3
Fahraaz,3,0,3
Fahrad,3,0,3
Fahrah-Bhadyra,0,3,3
Fahranaas,0,3,3
Fahrannaz,0,3,3
Fahrano,3,0,3
Fahraz,3,0,3
Fahreen,0,3,3
Fahrelle,0,3,3
Fahrena,0,3,3
Fahreza,3,0,3
Fahribe,0,3,3
Fahriehna,0,3,3
Fahris,3,0,3
Fahrisa,0,3,3
Fahrisna,0,3,3
Fahrner,0,3,3
Fahro,3,0,3
Fahroek,3,0,3
Fahroen,3,0,3
Fahrrah,0,3,3
Fahrünüsa,0,3,3
Fahrzin,3,0,3
Fahsal,3,0,3
Fahtih,3,0,3
Fahtima,0,3,3
Fahtiza,0,3,3
Fahyella,0,3,3
Fahzilmohamed,3,0,3
Faì'angelly,0,3,3
Fai'jaylinio,3,0,3
Fai-Jaylee,0,3,3
Fai-Jerick,3,0,3
Fai-lycia,0,3,3
Fai-Shedely,0,3,3
Faïaz,3,0,3
Faibiëncely,0,3,3
Faiby,0,3,3
Faica,0,3,3
Faicell,3,0,3
Faicha,0,3,3
Faichentely,0,3,3
Faico,3,0,3
Faid,3,0,3
Faidaan,3,0,3
Faidah,0,3,3
Faidely,0,3,3
Faiden,0,3,3
Faidey,0,3,3
Faidhienne,0,3,3
Faidinara,0,3,3
Faidion,3,0,3
Faidj,3,0,3
Faidrick,3,0,3
Faidrieson,3,0,3
Faie,0,3,3
Faièn,0,3,3
Faifley,0,3,3
Faifoo,0,3,3
Faigel,0,3,3
Faigi,0,3,3
Faihima,0,3,3
Faihley,0,3,3
Faijaaz,3,0,3
Faijas,3,0,3
Faijazali,3,0,3
Faije,0,3,3
Faijesca,0,3,3
Faijk,3,0,3
Faijna,0,3,3
Faijo,3,0,3
Faijroos,0,3,3
Faijsa,0,3,3
Faijsal,3,0,3
Faijssel,3,0,3
Faïk,3,0,3
Faikh,3,0,3
Faiko,3,0,3
Failen,3,0,3
Faillenn,0,3,3
Faily-Rosa,0,3,3
Failycia,0,3,3
Failynn-Rose,0,3,3
Failyson,3,0,3
Faima,0,3,3
Faiman,3,0,3
Faime,0,3,3
Faindel,3,0,3
Fainely,0,3,3
Fainie,0,3,3
Fainisha,0,3,3
Fainna,0,3,3
Fainyree,0,3,3
Faiola,0,3,3
Faiorella,0,3,3
Faiq,3,0,3
Faiq-Gizi,0,3,3
Faiqa,0,3,3
Fairchantily,0,3,3
Fairdjeney,0,3,3
Fairel,3,0,3
Fairen,0,3,3
Faireuz,0,3,3
Fairish,3,0,3
Fairisheny,0,3,3
Fairlani,0,3,3
Fairleen,0,3,3
Fairlight,0,3,3
Fairline,0,3,3
Fairlish,3,0,3
Fairload,3,0,3
Fairlychiona,0,3,3
Fairo,3,0,3
Fairoel,3,0,3
Fairoesh,3,0,3
Fairoez,3,0,3
Fairoiz,0,3,3
Fairon,3,0,3
Fairoos,0,3,3
Fairosa,0,3,3
Fairouse,0,3,3
Fairoush,0,3,3
Fairousha,0,3,3
Faïrouza,0,3,3
Fairouze,0,3,3
Fairoza,0,3,3
Fairoza-Aryana,0,3,3
Fairry,3,0,3
Fairsee,3,0,3
Fairuuz,0,3,3
Fairuzah,0,3,3
Fairwether,3,0,3
Fairya,0,3,3
Fairyn,0,3,3
Faisall,3,0,3
Faisane,0,3,3
Faïsca,0,3,3
Faïscha,0,3,3
Faisdrianna,0,3,3
Faisdriëlo,3,0,3
Faise,3,0,3
Faisèl,3,0,3
Faïsel,3,0,3
Faisel-Junior,3,0,3
Faiselali,3,0,3
Faiseline,0,3,3
Faisell,3,0,3
Faiselo,3,0,3
Faishagatoen,0,3,3
Faishaintely,0,3,3
Faishari,0,3,3
Faishedely,0,3,3
Faishelie,0,3,3
Faishendly,3,0,3
Faishentely,0,3,3
Faisiáne,0,3,3
Faisief,3,0,3
Faisiën,0,3,3
Faisiently,3,0,3
Faiskhan,3,0,3
Faisoel,3,0,3
Faison,3,0,3
Faïssa,0,3,3
Faissell,3,0,3
Faïssl,3,0,3
Faistha,0,3,3
Faisyendra,0,3,3
Faisyl,3,0,3
Faite,3,0,3
Faîth,0,3,3
Faith'Loveley,0,3,3
Faith-Chloé,0,3,3
Faith-Enora,0,3,3
Faith-Heavenley,0,3,3
Faith-Imani,0,3,3
Faith-Nova,0,3,3
Faith-Viëntely,0,3,3
Faithany,0,3,3
Faithdelinne,0,3,3
Faithdyn,3,0,3
Faithelley-Anne,0,3,3
Faithely,0,3,3
Faithevy,0,3,3
Faithfull,0,3,3
Faithfully,0,3,3
Faithinara,0,3,3
Faithisha,0,3,3
Faithlen,0,3,3
Faithlienne,0,3,3
Faithlinn,0,3,3
Faithlyann,0,3,3
Faiththrust,3,0,3
Faitley,0,3,3
Faiwusch,3,0,3
Faiyara,0,3,3
Faiyrouz,0,3,3
Faiyyaz,3,0,3
Faiz-Ahmad,3,0,3
Faizabanoe,0,3,3
Faïzah,0,3,3
Faízah,0,3,3
Faizali,0,3,3
Faizana,0,3,3
Faizarehman,0,3,3
Faizelalie,3,0,3
Faizell,3,0,3
Faizour,3,0,3
Faizrehman,3,0,3
Faizul,3,0,3
Faizy,3,0,3
Faja-Lobi,0,3,3
Fajah-Fae,0,3,3
Fajahanna,0,3,3
Fajalobie,0,3,3
Fajalynde,0,3,3
Fajardo,3,0,3
Fajari,0,3,3
Fajaria,0,3,3
Fajenelley,0,3,3
Fajennity,0,3,3
Fajette,0,3,3
Fajga,0,3,3
Fajgele,0,3,3
Fajian,3,0,3
Fajianto,3,0,3
Fajik,3,0,3
Fajischa,0,3,3
Fajjaas,3,0,3
Fajjaazdinaishel,3,0,3
Fâjo,3,0,3
Fajoen,3,0,3
Fajoeska,0,3,3
Fajola,0,3,3
Fajona,0,3,3
Fajreddine,3,0,3
Fajro,3,0,3
Fajruddin,3,0,3
Fajsal,3,0,3
Fajwel,3,0,3
Fajyaaz,3,0,3
Fajza,0,3,3
Fakan,3,0,3
Fakar,3,0,3
Fakbel,3,0,3
Fake-Jan,3,0,3
Fakelien,0,3,3
Fakeline,0,3,3
Fakhar,0,3,3
Fakherddine,3,0,3
Fakherdin,3,0,3
Fakhereddine,3,0,3
Fakhita,0,3,3
Fakhra,0,3,3
Fakhrdin,3,0,3
Fakhreddeine,3,0,3
Fakhriyya,0,3,3
Fakie,0,3,3
Fakiha,0,3,3
Fakioĝlu,3,0,3
Fakira,3,0,3
Fakirmohammed,3,0,3
Fakko,3,0,3
Fakouma,0,3,3
Fakri,3,0,3
Fakrurrazi,3,0,3
Fakryia,0,3,3
Fakteh,3,0,3
Fakyr,3,0,3
Falaal,3,0,3
Falabella,0,3,3
Falack,0,3,3
Falaine,0,3,3
Falaise,0,3,3
Falak-Naz,0,3,3
Falama,0,3,3
Falan,0,3,3
Falandina,0,3,3
Falani,0,3,3
Falanio,3,0,3
Falano,3,0,3
Falanta,0,3,3
Falasha,0,3,3
Falastin,0,3,3
Falaysia,0,3,3
Falca,0,3,3
Falcka,0,3,3
Falcko,3,0,3
Falconer,3,0,3
Falconetti,3,0,3
Falcor,3,0,3
Faldor,3,0,3
Falédorianos,3,0,3
Faleeya,0,3,3
Faleh,0,3,3
Faleno,3,0,3
Falensio,3,0,3
Falentein,3,0,3
Falènthe,0,3,3
Falentius,3,0,3
Falenzo,3,0,3
Faleo,3,0,3
Falera,0,3,3
Faléri,3,0,3
Faleria,3,0,3
Falerius,3,0,3
Falery,0,3,3
Faleska,0,3,3
Falestine,0,3,3
Falet,0,3,3
Falhéru,0,3,3
Fali,0,3,3
Falia,0,3,3
Falianna,0,3,3
Falica,0,3,3
Falicilla,0,3,3
Falicio,3,0,3
Falicity,0,3,3
Falicya,0,3,3
Falijne,0,3,3
Falik,3,0,3
Falikis,3,0,3
Falilatu,0,3,3
Falillou,3,0,3
Falilou,3,0,3
Falin,3,0,3
Falincio,3,0,3
Falise,3,0,3
Falishaina,0,3,3
Falishba,0,3,3
Falisia,0,3,3
Falita,0,3,3
Falitio,3,0,3
Faliyah,0,3,3
Faliyar,3,0,3
Faljoah,3,0,3
Falka,0,3,3
Falken,3,0,3
Falkor,3,0,3
Fallahi,0,3,3
Fallak,0,3,3
Fallariy,0,3,3
Falle,3,0,3
Fallen,0,3,3
Fallence,0,3,3
Falleny,0,3,3
Falleri,0,3,3
Fallerie,0,3,3
Fallesca,0,3,3
Falling,3,0,3
Fallisha,0,3,3
Fallisia,0,3,3
Falliviênn,0,3,3
Fallonia,0,3,3
Fallonie,0,3,3
Fallonn,0,3,3
Fallonney,0,3,3
Fallonsen,0,3,3
Fallujah,0,3,3
Falmata,3,0,3
Falmer,3,0,3
Falmira,0,3,3
Falo,3,0,3
Fàlo,0,3,3
Faloe,0,3,3
Falomi,0,3,3
Faloney,0,3,3
Falton,3,0,3
Faltrim,3,0,3
Falucia,0,3,3
Faluku,3,0,3
Falutchia,0,3,3
Falyn,0,3,3
Falynn,0,3,3
Falysha,0,3,3
Falyza,0,3,3
Fama-Yacine,0,3,3
Famassa,3,0,3
Famei,3,0,3
Famenne,0,3,3
Famhi,3,0,3
Fami,3,0,3
Famiedagatoen,0,3,3
Famiën,3,0,3
Family,3,0,3
Faminda,0,3,3
Fämke,3,0,3
Famke-Annika,0,3,3
Famke-Beau,0,3,3
Famke-Britt,0,3,3
Famke-Rose,0,3,3
Famke-Rowan,0,3,3
Famke-Song,0,3,3
Fammie,0,3,3
Fammy,3,0,3
Famoro,3,0,3
Famoudou,3,0,3
Famous,0,3,3
Famy,0,3,3
Famya,0,3,3
Famyi,0,3,3
Fán,0,3,3
Fan-Lie,0,3,3
Fanaah,0,3,3
Fanaar,0,3,3
Fanacy,0,3,3
Fanaisha,0,3,3
Fanaishely,0,3,3
Fanalilawa,3,0,3
Fanan,3,0,3
Fanancio,3,0,3
Fanando,3,0,3
Fanara,0,3,3
Fanarah,0,3,3
Fanatey,0,3,3
Fanc'h,3,0,3
Fanceline,0,3,3
Fanchanda,0,3,3
Fanchelo,3,0,3
Fanchon,0,3,3
Fancylinn,0,3,3
Fandarini,0,3,3
Fandey,3,0,3
Fandii,0,3,3
Fandor,3,0,3
Fanechia,0,3,3
Faneeza,0,3,3
Fanel,3,0,3
Fanesa,0,3,3
Fanfai,3,0,3
Fanfan,3,0,3
Fang-Ching,0,3,3
Fang-Fang,0,3,3
Fang-Yuen,0,3,3
Fang-Yuh,0,3,3
Fangeliz,3,0,3
Fangfang,0,3,3
Fanggidae,3,0,3
Fangina,0,3,3
Fangjie,3,0,3
Fanglan,0,3,3
Fangnanja,0,3,3
Fango,3,0,3
Fangorn,3,0,3
Fangying,0,3,3
Fánia,0,3,3
Fanic,3,0,3
Fanica,3,0,3
Fanicha,0,3,3
Fanie,3,0,3
Faniëla,0,3,3
Fanika,0,3,3
Faninho,3,0,3
Fanio,3,0,3
Fanion,0,3,3
Fanis,3,0,3
Fanisca,0,3,3
Fanishagatoen,0,3,3
Fanishwar,3,0,3
Fanitey,0,3,3
Faniya,0,3,3
Faniza,0,3,3
Fanka,0,3,3
Fanki,0,3,3
Fanlin,0,3,3
Fanly,3,0,3
Fann,0,3,3
Fannadinio,3,0,3
Fannahjade,0,3,3
Fannar,3,0,3
Fannaraisa,0,3,3
Fanneley,0,3,3
Fannely,0,3,3
Fanney,0,3,3
Fannicia,0,3,3
Fannie-Piet,0,3,3
Fanniëlle,0,3,3
Fannis,3,0,3
Fannita,0,3,3
Fannity,0,3,3
Fannius,3,0,3
Fannja,0,3,3
Fannya,0,3,3
Fanoëla,0,3,3
Fanoes,0,3,3
Fanol,3,0,3
Fanoula,0,3,3
Fanouria,0,3,3
Fanourios,3,0,3
Fanouris,3,0,3
Fanqi,3,0,3
Fanselia,3,0,3
Fansjo,3,0,3
Fansony,3,0,3
Fansuri,3,0,3
Fant,3,0,3
Fänta,0,3,3
Fantagbe,0,3,3
Fantah,0,3,3
Fantany,0,3,3
Fantaoulen,0,3,3
Fantastika,0,3,3
Fante,0,3,3
Fantesia,0,3,3
Fantha,0,3,3
Fanti,3,0,3
Fantieau,3,0,3
Fantin,3,0,3
Fanueel,3,0,3
Fanuél,3,0,3
Fanuèl,0,3,3
Fanuëlla,0,3,3
Fanuelle,0,3,3
Fanuëlle,0,3,3
Fanus,3,0,3
Fanwick,3,0,3
Fanysha,0,3,3
Fanyu,3,0,3
Faoiaz,3,0,3
Faolinn,0,3,3
Faony,0,3,3
Faora,0,3,3
Faoul,3,0,3
Faouzane,3,0,3
Faouze,3,0,3
Faouzeya,0,3,3
Faouzì,3,0,3
Faouziya,0,3,3
Faouzzia,0,3,3
Faoze,3,0,3
Faozi,3,0,3
Faozia,0,3,3
Fap,0,3,3
Fapiana,0,3,3
Faqir,3,0,3
Faquir,3,0,3
Far-J'son,3,0,3
Far-Jéla,0,3,3
Far-Sel,3,0,3
Fara-Diba,0,3,3
Fara-Jolie,0,3,3
Fara-Naash,0,3,3
Fara-Naaz,0,3,3
Faraahnaaz,0,3,3
Faraas,3,0,3
Faraaset,3,0,3
Faraash,3,0,3
Faraay,3,0,3
Faraazali,3,0,3
Faraazalie,3,0,3
Farabelle,0,3,3
Farabundo,3,0,3
Farach,3,0,3
Farad,3,0,3
Faradibah,0,3,3
Faradila,0,3,3
Faradina,0,3,3
Faradiya,0,3,3
Faradj,3,0,3
Faradja,0,3,3
Farady,0,3,3
Faraela,0,3,3
Faragalla,0,3,3
Farah-Jasmina,0,3,3
Farah-Lee,0,3,3
Farah-Lina,0,3,3
Farah-Liza,0,3,3
Farah-Mae,0,3,3
Farah-Nas,0,3,3
Farah-Sultaana,0,3,3
Farah-Talia,0,3,3
Farahdina,0,3,3
Farahdivah,0,3,3
Farahedin,3,0,3
Farahgathoen,0,3,3
Farahgatoen,0,3,3
Farahi,3,0,3
Farahiène,0,3,3
Farahiènne,0,3,3
Farahinde,0,3,3
Farahkhan,0,3,3
Farahmoh,0,3,3
Farahnash,0,3,3
Farahnazgatoen,0,3,3
Farahsha,0,3,3
Farai-Zola,0,3,3
Faraicha,0,3,3
Faraiisha,0,3,3
Faraij,3,0,3
Faraijah,0,3,3
Faraïlda,0,3,3
Faraïlde,0,3,3
Faraïn,0,3,3
Faraisagatoen,0,3,3
Faraissa,0,3,3
Faraisyo,3,0,3
Faraiz,3,0,3
Faraji,3,0,3
Farajih,3,0,3
Farak,0,3,3
Farakaman,3,0,3
Faraldo,3,0,3
Faraliba,0,3,3
Faralin,0,3,3
Faramaarz,3,0,3
Faramadé,0,3,3
Faramarieanska,0,3,3
Faramez,3,0,3
Faramonde,0,3,3
Faramont,3,0,3
Faramund,3,0,3
Faramunda,0,3,3
Faranah,0,3,3
Faranáhas,0,3,3
Faranahz,0,3,3
Faranash,0,3,3
Faranazh,0,3,3
Farand,3,0,3
Faranedis,0,3,3
Faranek,3,0,3
Faranes,0,3,3
Faraness,0,3,3
Farangees,0,3,3
Farangies,0,3,3
Farangis,0,3,3
Faranguice,0,3,3
Faranicia,0,3,3
Farannaz,0,3,3
Faranosh,3,0,3
Farantini,3,0,3
Farasat,3,0,3
Faraseni,0,3,3
Farash,3,0,3
Farashad,3,0,3
Farashna,0,3,3
Farasna,0,3,3
Farat,3,0,3
Faraushna,0,3,3
Farave,0,3,3
Faraycha,0,3,3
Farayi,0,3,3
Farayl,0,3,3
Farayley,0,3,3
Faraylicio,3,0,3
Farayna,0,3,3
Faraysa,0,3,3
Faraysah,0,3,3
Farayzah,0,3,3
Farba,0,3,3
Farbia,0,3,3
Farbiola,0,3,3
Farchat,3,0,3
Farchentley,3,0,3
Farchia,0,3,3
Farchira,0,3,3
Farciano,3,0,3
Fardad,3,0,3
Fardakis,0,3,3
Fardau-Brecht,0,3,3
Fardel,3,0,3
Fardelis,0,3,3
Fardheen,3,0,3
Fardia,0,3,3
Fardiënely,0,3,3
Färdinand,3,0,3
Fardis,3,0,3
Fardizeño,3,0,3
Fardjan,3,0,3
Fardjeny,0,3,3
Fardoosa,0,3,3
Fardos,3,0,3
Fardosi,3,0,3
Fardousa,0,3,3
Fardouse,0,3,3
Fardoussa-Idil,0,3,3
Farduasa,0,3,3
Fardun,3,0,3
Fardunand,3,0,3
Fardus,0,3,3
Farduskahan,3,0,3
Farduwke,0,3,3
Fardy,3,0,3
Fardyella,0,3,3
Fardyn,3,0,3
Fareally,0,3,3
Farealysa,0,3,3
Farede,3,0,3
Faredion,3,0,3
Faree'ah,0,3,3
Fareen,0,3,3
Fareena,0,3,3
Farees,3,0,3
Fareesa,0,3,3
Faréesha,0,3,3
Fareesha,0,3,3
Faref,3,0,3
Fareh,0,3,3
Farëil,0,3,3
Fareishagatoen,0,3,3
Farèl,3,0,3
Farela,0,3,3
Fareley,0,3,3
Farelida,0,3,3
Farelio,3,0,3
Farelly,0,3,3
Farély,0,3,3
Farelynn,0,3,3
Farèn,0,3,3
Faren,0,3,3
Farena,0,3,3
Farenas,0,3,3
Farencha,0,3,3
Farencz,3,0,3
Farénise,0,3,3
Farenko,3,0,3
Farenna,0,3,3
Farenno,3,0,3
Farény,0,3,3
Farenzo,3,0,3
Farès,3,0,3
Faresa,0,3,3
Faresia,0,3,3
Faretti,0,3,3
Fareyah,0,3,3
Fareynel,3,0,3
Fareysha,0,3,3
Farfara,0,3,3
Farfel,3,0,3
Fargaly,3,0,3
Farganda,0,3,3
Färgel,3,0,3
Fargh,0,3,3
Farghali,0,3,3
Fargie,3,0,3
Farginda,0,3,3
Fargino,3,0,3
Fargol,0,3,3
Fargunda,0,3,3
Farhaa,0,3,3
Farhaanaghatoen,0,3,3
Farhaanali,3,0,3
Farhaat,3,0,3
Farhaaz,3,0,3
Farhanaaz,0,3,3
Farhanagatoen,0,3,3
Farhani,3,0,3
Farhanoedin,3,0,3
Farhas,3,0,3
Farhat-Anas,3,0,3
Farhathey,0,3,3
Farhenna,0,3,3
Farhes,3,0,3
Farhiem,3,0,3
Farhienah,0,3,3
Farhiet,3,0,3
Farhija,0,3,3
Farhin,0,3,3
Farhina,0,3,3
Fari-Angelly,0,3,3
Fariaal,0,3,3
Farianaas,0,3,3
Faric,3,0,3
Fariccio,3,0,3
Farichaghatoen,0,3,3
Faricho,3,0,3
Faricia,0,3,3
Farick,3,0,3
Farïd,3,0,3
Farid-Vadim,3,0,3
Faridahmad,3,0,3
Faridat,0,3,3
Faridda,0,3,3
Faridee,0,3,3
Faridèh,0,3,3
Faridh,3,0,3
Faridhe,0,3,3
Faridie,0,3,3
Faridoedin,3,0,3
Faridollha,3,0,3
Faridun,3,0,3
Fariea,0,3,3
Faried-Ul-Haq,3,0,3
Fariedagatoen,0,3,3
Fariedhoesein,3,0,3
Fariedoeddien,3,0,3
Farieg,3,0,3
Fariegh,3,0,3
Fariél,0,3,3
Fariëlda,0,3,3
Fariëll,0,3,3
Farielle,0,3,3
Fariem,3,0,3
Farienagatoen,0,3,3
Fariengelo,3,0,3
Fariënne,0,3,3
Farieq,3,0,3
Fariesa,0,3,3
Fariesh,3,0,3
Farieshna,0,3,3
Fariesja,0,3,3
Farieska,0,3,3
Fariët,3,0,3
Fariga,3,0,3
Farigño,3,0,3
Farigou,3,0,3
Farihah,0,3,3
Farihana,0,3,3
Farihienne,0,3,3
Fariidah,0,3,3
Fariistha,0,3,3
Farija,0,3,3
Farijëana,0,3,3
Farijel,0,3,3
Farijënny,0,3,3
Farijm,3,0,3
Farijn,0,3,3
Farijoula,0,3,3
Farijsha,0,3,3
Farik,3,0,3
Fariliënne,0,3,3
Farilyndra,0,3,3
Farim,3,0,3
Farima,0,3,3
Farimah,0,3,3
Farín,0,3,3
Farina-Jhabien,0,3,3
Farinaaz,0,3,3
Farinagatoen,0,3,3
Fariñela,0,3,3
Farinelly,0,3,3
Faringa,3,0,3
Farinhio,3,0,3
Fariñho,3,0,3
Farinia,0,3,3
Fariniah,0,3,3
Farinja,0,3,3
Farinoush,0,3,3
Farinus,3,0,3
Fariollety,0,3,3
Farion,3,0,3
Farione,0,3,3
Farique,0,3,3
Fariqul,3,0,3
Farira,0,3,3
Faris-Dien,3,0,3
Faris-Eddine,3,0,3
Faris-Hamid,3,0,3
Farisada,0,3,3
Farisahmedshafeeq,3,0,3
Farisano,3,0,3
Farisca,0,3,3
Fârise,0,3,3
Fariseddine,3,0,3
Farishana,0,3,3
Farishayno,3,0,3
Farishba,0,3,3
Farishia,0,3,3
Farishma,0,3,3
Farisho,3,0,3
Farisi,3,0,3
Farisna,0,3,3
Farisya,0,3,3
Farisz,3,0,3
Farit,3,0,3
Farita,0,3,3
Farithcia,0,3,3
Farity,0,3,3
Faritza,0,3,3
Fariviënne,0,3,3
Farixa,0,3,3
Fariyanto,3,0,3
Fariyel,0,3,3
Fariyela,0,3,3
Farizagatoen,0,3,3
Farizal,3,0,3
Farizha,0,3,3
Farj,0,3,3
Farja,0,3,3
Farjal,3,0,3
Farkas,3,0,3
Farla,0,3,3
Farlada,0,3,3
Farlan,3,0,3
Farleyangelo,3,0,3
Farleymar,3,0,3
Farleysa,0,3,3
Farlez,3,0,3
Farli,3,0,3
Farlianne,0,3,3
Farlie,3,0,3
Farliënne,0,3,3
Farlinde,0,3,3
Farlison,3,0,3
Farllyda,0,3,3
Farlou,0,3,3
Farlqimir,3,0,3
Farly-Ann,0,3,3
Farmaan,3,0,3
Farmaanali,3,0,3
Farmah,3,0,3
Farmina,0,3,3
Farnáz,0,3,3
Farnell,3,0,3
Farnés,0,3,3
Farneylouska,0,3,3
Farnia,0,3,3
Farnisha,0,3,3
Farnitio,3,0,3
Farnoed,3,0,3
Farnoesh,0,3,3
Farnon,3,0,3
Farnoush,0,3,3
Farnsworth,3,0,3
Faroe,3,0,3
Faroech,3,0,3
Faroed,3,0,3
Faroedh,3,0,3
Faroeg,3,0,3
Faroehnishia,0,3,3
Faroeknaaz,0,3,3
Faroel,3,0,3
Faroesjca,0,3,3
Faroesjka,0,3,3
Farola,0,3,3
Farolito,3,0,3
Faromine,0,3,3
Faromy,0,3,3
Farón,0,3,3
Farone,0,3,3
Faronella,0,3,3
Farookh,3,0,3
Farooz,3,0,3
Faroshia,0,3,3
Farouch,3,0,3
Farouche,0,3,3
Faroucia,0,3,3
Faroug,3,0,3
Farough,3,0,3
Faroujea,0,3,3
Farouk-Semche-Eddine,3,0,3
Faroukhkhan,3,0,3
Farouqe,3,0,3
Farouscha,0,3,3
Farousshia,0,3,3
Farousya,0,3,3
Farouze,0,3,3
Farouzia,0,3,3
Farowk,3,0,3
Farox,3,0,3
Faroz,3,0,3
Farq,3,0,3
Farquard,3,0,3
Farquhar,3,0,3
Farr,3,0,3
Farra,0,3,3
Farraaz,3,0,3
Farraday,0,3,3
Farrah-Lin,0,3,3
Farrah-Lynn,0,3,3
Farrahdiva,0,3,3
Farrahnaaz,0,3,3
Farrahnaz,0,3,3
Farrahnoe,0,3,3
Farrahton,0,3,3
Farrai,3,0,3
Farraj,3,0,3
Farranas,0,3,3
Farrath,0,3,3
Farrayh,3,0,3
Farraysah,0,3,3
Farrecey,0,3,3
Farred,3,0,3
Farrél,3,0,3
Fàrrel,3,0,3
Farreldyno,3,0,3
Farres,3,0,3
Farrez,3,0,3
Farri,3,0,3
Farrieda,0,3,3
Farriel,3,0,3
Farriëlla,0,3,3
Farrijn,3,0,3
Farrin,0,3,3
Farrion,3,0,3
Farrise,0,3,3
Farrizio,3,0,3
Farroech,3,0,3
Farroek,3,0,3
Farroush,3,0,3
Farrow,3,0,3
Farryan,3,0,3
Farryena,0,3,3
Farryl,0,3,3
Farryn,0,3,3
Farsad,3,0,3
Farsan,3,0,3
Farshaad-Ali,3,0,3
Farshaaz,3,0,3
Farshah,3,0,3
Farshal,3,0,3
Farshanagatoen,0,3,3
Farshanda,0,3,3
Farshanna,0,3,3
Farsheen,0,3,3
Farshil,3,0,3
Farshin,3,0,3
Farsiah,0,3,3
Farsiel,0,3,3
Farsija,0,3,3
Farte,0,3,3
Farth,3,0,3
Fartini,0,3,3
Fartuur,0,3,3
Faru,3,0,3
Faruch,3,0,3
Fâruk-Ender,3,0,3
Farulian,3,0,3
Farunka,0,3,3
Farunya,0,3,3
Faruque,3,0,3
Farus,3,0,3
Farusjka,0,3,3
Farviantely,0,3,3
Farwah,0,3,3
Farwana,0,3,3
Farxan,3,0,3
Faryaab,0,3,3
Faryaad,3,0,3
Faryaal,0,3,3
Faryaaz,3,0,3
Faryael,0,3,3
Faryël,0,3,3
Faryel-Gatoen,0,3,3
Faryl,3,0,3
Faryna,0,3,3
Faryne,0,3,3
Farzaanagatoen,0,3,3
Farzaanah,0,3,3
Farzahd,3,0,3
Farzâna,0,3,3
Farzanha,0,3,3
Farzannah,0,3,3
Farzhad,3,0,3
Farzhan,3,0,3
Farzien,0,3,3
Fasanda,3,0,3
Fasantha-Devie,0,3,3
Fascal,0,3,3
Faseeh,3,0,3
Faseehah,0,3,3
Faselalikhan,3,0,3
Fasella,0,3,3
Fashalli,0,3,3
Fashana,0,3,3
Fashantely,0,3,3
Fashella,0,3,3
Fashey,3,0,3
Fashied,3,0,3
Fashiony,0,3,3
Fashna,0,3,3
Fasi,3,0,3
Fasiaha,0,3,3
Fasial,3,0,3
Fasiela,0,3,3
Fasiella,0,3,3
Fasiena,0,3,3
Fasiera,0,3,3
Fasiha,0,3,3
Fasihagatoen,0,3,3
Fasihi,3,0,3
Fasila,0,3,3
Fasista,0,3,3
Fasiwlla,3,0,3
Fasixka,0,3,3
Fasiya,0,3,3
Fasjana,0,3,3
Fasma,0,3,3
Fasoroti,3,0,3
Fasroel,3,0,3
Fasshay,3,0,3
Fassi,3,0,3
Fassia,0,3,3
Fassih,3,0,3
Fassil,3,0,3
Fassinika,0,3,3
Fastolf,3,0,3
Fastwina,0,3,3
Fasyl,3,0,3
Fataga,0,3,3
Fatal,3,0,3
Fatala,0,3,3
Fatama,0,3,3
Fatamia,0,3,3
Fatan,0,3,3
Fatana,0,3,3
Fataniah,0,3,3
Fatax,3,0,3
Fatbardha,0,3,3
Fatciara,0,3,3
Fateema,0,3,3
Fateen,3,0,3
Fatehveer,3,0,3
Fatem,0,3,3
Fatéma,0,3,3
Fatemata,0,3,3
Fateme,0,3,3
Fatemina,0,3,3
Fatemzohra,0,3,3
Fäten,0,3,3
Fatgzon,3,0,3
Fathalla,0,3,3
Fathaya,0,3,3
Fathelrahman,0,3,3
Fathema,0,3,3
Fathiah,0,3,3
Fathie,3,0,3
Fathiha,0,3,3
Fathihah,0,3,3
Fathkinné,0,3,3
Fathoela,3,0,3
Fathollah,3,0,3
Fathul,3,0,3
Fathuma,0,3,3
Fathur,3,0,3
Fathurrahman,3,0,3
Fathya,0,3,3
Fatia,0,3,3
Fatich,3,0,3
Faticia,0,3,3
Fatieha,0,3,3
Fatiehn,0,3,3
Fatiemah,0,3,3
Fatig,3,0,3
Fatiga,0,3,3
Fatih-Can,3,0,3
Fatihe,0,3,3
Fatihmo,3,0,3
Fatik,0,3,3
Fatím,0,3,3
Fatim-Ezahra,0,3,3
Fàtima,0,3,3
Fâtima,0,3,3
Fatima-Azzahra,0,3,3
Fatima-tu-Zara,0,3,3
Fatima-Zaahra,0,3,3
Fatima-Zahara,0,3,3
Fatima-Zahrae,0,3,3
Fatima-Zara,0,3,3
Fatima-Zehra,0,3,3
Fatimaa,0,3,3
Fatimaalzahra,0,3,3
Fatimadiniz,0,3,3
Fatimaezohra,0,3,3
Fatimah-Zahragatoen,0,3,3
Fatimah-Zohra,0,3,3
Fatimana,0,3,3
Fatimanur,0,3,3
Fatimatözzehra,0,3,3
Fatimatul,0,3,3
Fatimatülzehra,0,3,3
Fatimatúz,0,3,3
Fatımatüz,0,3,3
Fatimatuzzehra,0,3,3
Fatimazhara,0,3,3
Fatimazouhra,0,3,3
Fatimë,0,3,3
Fatimetou,0,3,3
Fatimetu,0,3,3
Fatimi,0,3,3
Fatimma,0,3,3
Fatimsaara,0,3,3
Fatimt,0,3,3
Fatimzaahra,0,3,3
Fatimzahraa,0,3,3
Fatimzara,0,3,3
Fatinha,0,3,3
Fatinne,0,3,3
Fatinur,0,3,3
Fatioel,3,0,3
Fatir,3,0,3
Fatiş,0,3,3
Fatis,0,3,3
Fatiu,3,0,3
Fatius,3,0,3
Fatiya,0,3,3
Fatiye,0,3,3
Fatjan,3,0,3
Fatka,0,3,3
Fatlan,3,0,3
Fatlena,0,3,3
Fatlien,0,3,3
Fatma-,0,3,3
Fatma-Atra,0,3,3
Fatma-Gul,0,3,3
Fatma-nur,0,3,3
Fatma-Nur,0,3,3
Fatma-Ravza,0,3,3
Fatma-Zohra,0,3,3
Fatmagatoen,0,3,3
Fatmagul,0,3,3
Fatmahanim,0,3,3
Fatmai,0,3,3
Fatmanaz,0,3,3
Fatmasena,0,3,3
Fatmatalie,0,3,3
Fatmatta,0,3,3
Fatmatul,0,3,3
Fatmatuz,0,3,3
Fatmatuzzehra,0,3,3
Fatmawatti,0,3,3
Fatmé,0,3,3
Fatnah,0,3,3
Fatoch,0,3,3
Fatoema,0,3,3
Fatomazahra,0,3,3
Fatonmata,0,3,3
Fatony,0,3,3
Fatouche,0,3,3
Fatoud,0,3,3
Fatouh,0,3,3
Fatoumatabhoye,0,3,3
Fatoumatabinta,0,3,3
Fatoumatta,0,3,3
Fatouta,0,3,3
Fatsa,3,0,3
Fatteh,3,0,3
Fattema,0,3,3
Fattih,3,0,3
Fattima,0,3,3
Fattimah,0,3,3
Fattiye,0,3,3
Fatty-Jay,0,3,3
Fatü,0,3,3
Fatumatuz,0,3,3
Fatumazahra,0,3,3
Fatumina,0,3,3
Fatzian,0,3,3
Faubrizio,3,0,3
Fauchia,0,3,3
Fauchon,3,0,3
Faucon,3,0,3
Faudji,3,0,3
Faufé,0,3,3
Faugcia,0,3,3
Faugently,3,0,3
Fauke-Maria,0,3,3
Faulia,0,3,3
Faulkera,0,3,3
Faulkner,3,0,3
Faulus,3,0,3
Faunia,0,3,3
Fauny,0,3,3
Fauqiath,0,3,3
Fauragena,0,3,3
Fauré,3,0,3
Faure,0,3,3
Fauroesha,0,3,3
Fausa,0,3,3
Faush-stino,3,0,3
Faushiagatoen,0,3,3
Faushindra,0,3,3
Fausiagatoen,0,3,3
Fausil,3,0,3
Fauske,3,0,3
Fauson,3,0,3
Faust-Taufique,3,0,3
Fausten,3,0,3
Faustiniano,0,3,3
Faustinianus,3,0,3
Faustius,3,0,3
Fausty,3,0,3
Fausya,0,3,3
Fautzia,0,3,3
Fauv,0,3,3
Fauves,0,3,3
Fauvette,0,3,3
Fauwsija,0,3,3
Fauwzya,0,3,3
Fauzana,0,3,3
Fauzani,3,0,3
Fauzaya,0,3,3
Fauzey,3,0,3
Fauziä,0,3,3
Fauzïa,0,3,3
Fauzie,3,0,3
Fauziea,0,3,3
Fauziya-Daro-Bempah,0,3,3
Fauziyya,0,3,3
Fauzya,0,3,3
Favelle,0,3,3
Favia,0,3,3
Faviana,0,3,3
Faviënne,0,3,3
Favienne,0,3,3
Favier,3,0,3
Favino,3,0,3
Favio,3,0,3
Faviola,0,3,3
Faviona,0,3,3
Favod,3,0,3
Favon,0,3,3
Favor-Elizy,0,3,3
Favourleen,0,3,3
Favre,0,3,3
Favyene,0,3,3
Favzia,0,3,3
FAW,3,0,3
Faw-wāz,3,0,3
Fawaaz,3,0,3
Fawad-Khan,3,0,3
Fawkia,0,3,3
Fawqia,0,3,3
Fawzea,0,3,3
Fawziah,0,3,3
Fawziyah,0,3,3
Faxdi,3,0,3
Fay'Angelly,0,3,3
Fay'den-river,0,3,3
Fay-Angely,0,3,3
Fay-Ann,0,3,3
Fay-Anne,0,3,3
Fay-Ashira,0,3,3
Fay-Cenella,0,3,3
Fay-Dee,0,3,3
Fay-Donna,0,3,3
Fay-Ellen,0,3,3
Fay-Fara,0,3,3
Fay-Feline,0,3,3
Fay-jehro,3,0,3
Fay-Jewel,0,3,3
Fay-Liann,0,3,3
Fay-Lieke,0,3,3
Fay-Lien,0,3,3
Fay-Lillian,0,3,3
Fay-Lin,0,3,3
Fay-Lina,0,3,3
Fay-linn,0,3,3
Fay-Livia,0,3,3
Fay-Liz,0,3,3
Fay-Luna,0,3,3
Fay-Lynne,0,3,3
Fay-Maria,0,3,3
Fay-Rachel,0,3,3
Fay-rin,0,3,3
Fay-Sophie,0,3,3
Fay-Yara,0,3,3
Fay-Yun,0,3,3
Fáya,0,3,3
Fayà,0,3,3
Fayá,0,3,3
Faya-Fay,0,3,3
Faya-Lynn,0,3,3
Faya-May,0,3,3
Faya-Sofie,0,3,3
Fayaazhoesein,3,0,3
Fayad,3,0,3
Fayae,0,3,3
Fáyah,0,3,3
Fayah-Jo,0,3,3
Fayal,3,0,3
Fayalin,0,3,3
Fayaluna,0,3,3
Fayána,0,3,3
Fayancio,3,0,3
Fayannah,0,3,3
Fayanne,0,3,3
Fayar,0,3,3
Fayasofia,0,3,3
Fayastong,0,3,3
Fayazulhasan,3,0,3
Faybi,0,3,3
Faybiën,3,0,3
Faybienne,0,3,3
Fayborah,0,3,3
Faybyan,3,0,3
Fayce,3,0,3
Faychelana,0,3,3
Fayco,3,0,3
Fayd,3,0,3
Faydala,0,3,3
Faydee-Ismaël,3,0,3
Faydenn,0,3,3
Faydien,3,0,3
Faydin,0,3,3
Faydion,3,0,3
Faydon,0,3,3
Faydor,0,3,3
Fayë,0,3,3
Fäye,0,3,3
Faye-Aimylee,0,3,3
Faye-Anna,0,3,3
Faye-blue,0,3,3
Faye-Briana,0,3,3
Faye-Frence,3,0,3
Faye-Havana,0,3,3
Faye-Jayleigh,0,3,3
Faye-Lee,0,3,3
Faye-Lian,0,3,3
Faye-Loïse,0,3,3
Faye-Long,0,3,3
Faye-Lou,0,3,3
Faye-Louise,0,3,3
Faye-Lucia,0,3,3
Faye-Sofie,0,3,3
Fayean,0,3,3
Fayeanah,0,3,3
Fayeanny,0,3,3
Fayebièn,0,3,3
Fayedey,0,3,3
Fayedon,0,3,3
Fayegale,0,3,3
Fayéh,0,3,3
Fayelène,0,3,3
Fayelene,0,3,3
Fayeliene,0,3,3
Fayelisa,0,3,3
Fayëlla,0,3,3
Fayelsa,0,3,3
Fayên,0,3,3
Fáyen,0,3,3
Fayen-Lana,0,3,3
Fayèna,0,3,3
Fayënce,3,0,3
Fayennä,0,3,3
Fayënna,0,3,3
Fayennah,0,3,3
Fáyenne,0,3,3
Fayenno,3,0,3
Fayèno,3,0,3
Fayento,3,0,3
Fayenzo,3,0,3
Fayeonnah,0,3,3
Fayeorah,0,3,3
Fayera,0,3,3
Fayeronn,3,0,3
Fayerouze,0,3,3
Fayès,0,3,3
Fayeskanie,0,3,3
Fayesse,0,3,3
Fayett,0,3,3
Fayetta,0,3,3
Fayfay,0,3,3
Fayga,0,3,3
Faygun,0,3,3
Fayh,0,3,3
Fayhae,0,3,3
Fayhe,0,3,3
Fayi,3,0,3
Fayia,3,0,3
Fayiah,3,0,3
Fayide,0,3,3
Fayiënna,0,3,3
Fayiënne,0,3,3
Fayik,3,0,3
Fayim,3,0,3
Fayin,0,3,3
Fayina,0,3,3
Fayindy,0,3,3
Fayis,3,0,3
Fayisha,0,3,3
Fayja,0,3,3
Fayjan,0,3,3
Fayjén,0,3,3
Fayk,3,0,3
Faykah,0,3,3
Fayko,3,0,3
Faylan,0,3,3
Faylann,3,0,3
Faylano,3,0,3
Fayleine,0,3,3
Faylena,0,3,3
Faylene,0,3,3
Faylerique,0,3,3
Fayliëne,0,3,3
Fayliënne,0,3,3
Faylieve,0,3,3
Faylinn-Aimée,0,3,3
Faylinne,0,3,3
Faylise,0,3,3
Fayliv,0,3,3
Fayliza,0,3,3
Fayloysia,0,3,3
Fayluna,0,3,3
Faylyn,0,3,3
Faym,0,3,3
Faymée,0,3,3
Faymena,0,3,3
Faymia,0,3,3
Fayn,3,0,3
Faynaron,3,0,3
Fáyne,0,3,3
Faynel,3,0,3
Faynia,0,3,3
Faynith,0,3,3
Fayoena,0,3,3
Fayol,0,3,3
Fayollah,0,3,3
Fayoni,0,3,3
Fayou,3,0,3
Fayrah,0,3,3
Fayrano,3,0,3
Fayrene,0,3,3
Fayrenio,3,0,3
Fayrhone,3,0,3
Fayriëne,0,3,3
Fayrique,0,3,3
Fayroez,0,3,3
Fayron,3,0,3
Fayrouche,0,3,3
Fayrous,0,3,3
Fayroussa,0,3,3
Fayrouza,0,3,3
Fayrović,3,0,3
Fayroz,0,3,3
Fayrozah,0,3,3
Fayruz,0,3,3
Faysah,0,3,3
Faysca,0,3,3
Faysha,0,3,3
Fayshanthelly,0,3,3
Faysienly,3,0,3
Fayssel,3,0,3
Faytdjana,0,3,3
Faytje,0,3,3
Fayun,0,3,3
Fayvel,3,0,3
Fayxel,3,0,3
Fayy,0,3,3
Fayyaad,3,0,3
Fayyaadkhan,3,0,3
Fayyad,3,0,3
Fayyas,3,0,3
Fayyed,3,0,3
Fayzah,0,3,3
Fayzal,3,0,3
Fayzana,0,3,3
Fayze,0,3,3
Fayzi,0,3,3
Fazaana,0,3,3
Fazail,3,0,3
Fazalzad,0,3,3
Fazarini,0,3,3
Fazeem,3,0,3
Fazël,3,0,3
Fazell,3,0,3
Fazerina,0,3,3
Fazida,0,3,3
Fazieja,0,3,3
Faziera,0,3,3
Fazierah,0,3,3
Faziette,0,3,3
Fâzil,3,0,3
Fazilagatoen,0,3,3
Fazileh,0,3,3
Fazilie,0,3,3
Fazilla,0,3,3
Fazily,0,3,3
Fazinda,0,3,3
Fazinoor,0,3,3
Fazio,3,0,3
Faziragatoen,0,3,3
Faziret,0,3,3
Faziye,0,3,3
Fazlil,3,0,3
Fazloerachman,3,0,3
Fazlunniza,0,3,3
Fazlurrahman,3,0,3
Fazni,0,3,3
Fazrina,0,3,3
FBM,3,0,3
FCF,0,3,3
FCTH,3,0,3
Fe-anne,0,3,3
Fe-Judith,3,0,3
Fé-Lize,0,3,3
Fe-Yuna,0,3,3
Feaghen,3,0,3
Fealey,0,3,3
Fealinn,0,3,3
Fealyn,0,3,3
Fealynn,0,3,3
Feamy,0,3,3
Fean,3,0,3
Feandro,3,0,3
Feangelo,3,0,3
Féanor,3,0,3
Feantaly,0,3,3
Feardgal,3,0,3
Feare,0,3,3
Feargail,3,0,3
Fearghal,3,0,3
Fearghul,3,0,3
Fearghus,3,0,3
Fearlania,0,3,3
Fearly,3,0,3
Fearn,0,3,3
Fearnelley,3,0,3
Fearon,3,0,3
Fearquel,3,0,3
Fearynn,0,3,3
Feature,0,3,3
Feayley,0,3,3
Feaylinn,0,3,3
Febby,0,3,3
Fèbe,0,3,3
Febé,0,3,3
Febeaire,0,3,3
Febela,0,3,3
Febericus,3,0,3
Feberta,0,3,3
Fébian,3,0,3
Febiana,0,3,3
Febie,3,0,3
Febien,3,0,3
Fébien,0,3,3
Febijan,3,0,3
Febijon,3,0,3
Febina,0,3,3
Febine,0,3,3
Febion,3,0,3
Febogina,0,3,3
Febora,0,3,3
Febrery,0,3,3
Febrichien,0,3,3
Febriko,3,0,3
Febritiyandana,0,3,3
FeBriyanthi,0,3,3
Febriyanto,3,0,3
Febron,0,3,3
Febrónia,0,3,3
Febronius,3,0,3
Februsia,0,3,3
Fébyan,3,0,3
Fecera,0,3,3
Féchano,3,0,3
Fechbeth,3,0,3
Fechenzo-Bernardo,3,0,3
Fechter,3,0,3
Fechukwu,0,3,3
Fecilianus,3,0,3
Feculius,3,0,3
Fecylia,0,3,3
Fedaşah,3,0,3
Fedayi,3,0,3
Fèdayi,3,0,3
Feddah,3,0,3
Feddan,3,0,3
Fêdde,3,0,3
Fèdde,3,0,3
Fedde-Geert,3,0,3
Fedde-Hajo,3,0,3
Fedde-Minze,3,0,3
Fedde-Tabe,3,0,3
Feddelina,0,3,3
Feddeline,0,3,3
Fedder,3,0,3
Fedderika,0,3,3
Feddi,3,0,3
Feddo-Jan,3,0,3
Feddouws,0,3,3
Fedec,0,3,3
Fédélicia,0,3,3
Fedelinne,0,3,3
Fedelity,0,3,3
Fèden,0,3,3
Féderic,3,0,3
Fèderica,0,3,3
Féderica,0,3,3
Féderico,3,0,3
Federicus,3,0,3
Féderieke,0,3,3
Fédérique,0,3,3
Federona,0,3,3
Federowna,0,3,3
Federyke,0,3,3
Fédes,0,3,3
Fedhi,3,0,3
Fèdia,0,3,3
Fedian,3,0,3
Fedidja,3,0,3
Fedik,3,0,3
Fedïley,0,3,3
Fediline,0,3,3
Fedin,0,3,3
Fedir,3,0,3
Fediye,0,3,3
Fedjai,3,0,3
Fedla,0,3,3
Fédoa,0,3,3
Fédor-Jan,3,0,3
Fedor-Jelte,3,0,3
Fedor-Rico,3,0,3
Fedorah,0,3,3
Fedore,0,3,3
Fedorine,0,3,3
Fedorov,3,0,3
Fedorow,3,0,3
Fedosia,0,3,3
Fedoumata,0,3,3
Fedran,3,0,3
Fedria,0,3,3
Fédrick,3,0,3
Fedrika,0,3,3
Fedrique,3,0,3
Fedrisia,0,3,3
Fedron,3,0,3
Fedse,3,0,3
Fedske,0,3,3
Fedua,0,3,3
Fee-Elise,0,3,3
Fee-Lauren,0,3,3
Fee-Lin,0,3,3
Fée-Lise,0,3,3
Fee-Lynn,0,3,3
Fee-Noa,0,3,3
Feeb,3,0,3
Feeda,3,0,3
Feedhra,0,3,3
Feedy,3,0,3
Feeë,0,3,3
Feehi,0,3,3
Feei,0,3,3
Feej,0,3,3
Feekea,0,3,3
Feekelina,0,3,3
Feekeline,0,3,3
Feela,0,3,3
Feele,0,3,3
Feelena,0,3,3
Feelien,0,3,3
Feeneet,3,0,3
Feeowyn,0,3,3
Feerdinand,3,0,3
Féerie,0,3,3
Feerman,3,0,3
Feeroz,3,0,3
Feerozah,0,3,3
Feesie,3,0,3
Feeter,3,0,3
Feetja,3,0,3
Feeya,0,3,3
Feeyene,0,3,3
Feezan,3,0,3
Fefan,3,0,3
Fefke,0,3,3
Fefziye,0,3,3
Fegan,0,3,3
Fehan,3,0,3
Fehdi,3,0,3
Fehe,3,0,3
Fehiema,0,3,3
Fehiman,0,3,3
Féhla,0,3,3
Fehliciyano,3,0,3
Fehljuschka,0,3,3
Fehmi-Can,3,0,3
Fehmi-Han,3,0,3
Fehmidah,0,3,3
Fehmihan,3,0,3
Fehmiye,0,3,3
Fehn,3,0,3
Fehr,0,3,3
Fehrenca,0,3,3
Fehrence,3,0,3
Fehri,3,0,3
Fehrricio,3,0,3
Fehzaan,3,0,3
Fei-lin,0,3,3
Fei-Tze,3,0,3
Fei-Yen,0,3,3
Feichi,3,0,3
Feico-Michiel,3,0,3
Feicolina,0,3,3
Feid,0,3,3
Feidal,3,0,3
Feië,3,0,3
Feie-Klaas,3,0,3
Feifan,0,3,3
Feigien,0,3,3
Feih,0,3,3
Feihong,3,0,3
Feijchiena,0,3,3
Feijes,3,0,3
Feijkje,0,3,3
Feijntje,0,3,3
Feijoa,0,3,3
Feijon,3,0,3
Feijt,3,0,3
Feijte,3,0,3
Feijthus,3,0,3
Feijze,0,3,3
Feijzes,3,0,3
Feike-Anna,0,3,3
Feike-Marijn,3,0,3
Feike-Wierd,3,0,3
Feikeline,0,3,3
Feikje-Anna,0,3,3
Feikke,3,0,3
Feikoline,0,3,3
Feikus,3,0,3
Feila,0,3,3
Feilice,0,3,3
Feilim,3,0,3
Feiline,0,3,3
Feim,3,0,3
Fein,3,0,3
Feinalda,0,3,3
Feinanda,0,3,3
Feio,0,3,3
Feioena,0,3,3
Feipater,3,0,3
FeiRan,0,3,3
Feirefisz,0,3,3
Feirgil,3,0,3
Feiri,3,0,3
Feiros,3,0,3
Feirose,0,3,3
Feiroz,3,0,3
Feiruz,0,3,3
Feisje,0,3,3
Feiska,0,3,3
Feissel,3,0,3
Feite-Jurre,3,0,3
Feithe,3,0,3
Feitius,3,0,3
Feitziena,0,3,3
Feiven,0,3,3
Feiwina,0,3,3
Feixiang,3,0,3
Feixuan,0,3,3
Feiyang,3,0,3
Feiyin,0,3,3
Feiyo,0,3,3
Féiza,0,3,3
Feizel,3,0,3
Fejah,0,3,3
Fejahno,3,0,3
Fejaz,3,0,3
Feje,0,3,3
Fejean,3,0,3
Fejiro,3,0,3
Fejora,0,3,3
Fejr,0,3,3
Fek,3,0,3
Feke,0,3,3
Fekelien,0,3,3
Fekher,3,0,3
Fekhr-Eddine,3,0,3
Fekjan,3,0,3
Fekje,0,3,3
Fekka,0,3,3
Fekkes,3,0,3
Fekkien,0,3,3
Fékkora,0,3,3
Fekpe,3,0,3
Fekry,3,0,3
Fel,3,0,3
Felá,3,0,3
Féla,0,3,3
Felachi,3,0,3
Feladia,0,3,3
Félaine,0,3,3
Felaino,3,0,3
Felainy,0,3,3
Felalei,3,0,3
Félana,0,3,3
Felanitx,0,3,3
Felano,3,0,3
Felany,0,3,3
Felas,3,0,3
Felasfaw,0,3,3
Felat,3,0,3
Felco,3,0,3
Felderica,0,3,3
Felderina,0,3,3
Feldryn,0,3,3
Felé,3,0,3
Féléa,0,3,3
Felecaty,0,3,3
Felecety,0,3,3
Felecianus,3,0,3
Felecidad,0,3,3
Féleciënne,0,3,3
Felecieta,0,3,3
Felécita,0,3,3
Felecity,0,3,3
Feleen,0,3,3
Feleena,0,3,3
Feleg,3,0,3
Felegewerki,0,3,3
Felegia,0,3,3
Felein,0,3,3
Feleine,0,3,3
Felek,0,3,3
Felematou,0,3,3
Felemez,3,0,3
Félena,0,3,3
Felencia,0,3,3
Félène,0,3,3
Felerich,3,0,3
Feleryne,0,3,3
Felesiya,0,3,3
Feleti,3,0,3
Feletia,0,3,3
Feletiana,0,3,3
Felex,3,0,3
Feley,0,3,3
Feleyshanella,0,3,3
Felfel,3,0,3
Feli-Belle,0,3,3
Feli-Vienne,0,3,3
Felía,0,3,3
Felianna,0,3,3
Felianne,0,3,3
Felibetti,0,3,3
Felibor,3,0,3
Felić,3,0,3
Feliĉa,0,3,3
Feliça,0,3,3
Felíce,0,3,3
Feliçe,0,3,3
Felicethy,0,3,3
Felichairo,3,0,3
Felichano,3,0,3
Felichia,0,3,3
Felichyra,0,3,3
Felici-Jani,0,3,3
Felícia,0,3,3
Félicia-Dae,0,3,3
Felicia-Joy,0,3,3
Feliciaá,0,3,3
Felicián,3,0,3
Félician,3,0,3
Felicianna,0,3,3
Féliciano,3,0,3
Feliciata,0,3,3
Feliciatjie,0,3,3
Felicidas,0,3,3
Feliciein,3,0,3
Feliciëla,0,3,3
Feliciėn,3,0,3
Felicièn,3,0,3
Felicién,3,0,3
Feliciëne,3,0,3
Feliciene,0,3,3
Feliciénne,0,3,3
Feliciènne,0,3,3
Felīcija,0,3,3
Felicino,3,0,3
Felicis,3,0,3
Felicisima,0,3,3
Felicistar,0,3,3
Felicitasia,0,3,3
Félicitee,0,3,3
Felicithas,0,3,3
Felicithe,0,3,3
Feliciti,0,3,3
Felicitia,0,3,3
Felicity-Alisa,0,3,3
Felicity-Ann,0,3,3
Felicity-Jane,0,3,3
Felicity-Jayne,0,3,3
Felicity-Marie,0,3,3
Felicity-Skye,0,3,3
Feliciya,0,3,3
Feliciyano,3,0,3
Felictia,0,3,3
Felictina,0,3,3
Felicula,0,3,3
Feliecano,3,0,3
Feliek,0,3,3
Felién,0,3,3
Feliena,0,3,3
Feliëne,0,3,3
Féliep,3,0,3
Félieve,0,3,3
Feliex,0,3,3
Felika,0,3,3
Felima,0,3,3
Felimar,3,0,3
Felimon,3,0,3
Felín,0,3,3
Fèlina,0,3,3
Félinde,0,3,3
Felíne,0,3,3
Feline-,0,3,3
Feline-Bo,0,3,3
Féline-Jolie,0,3,3
Feline-Julie,0,3,3
Feline-Quirine,0,3,3
Félines,0,3,3
Félini,0,3,3
Felinia,0,3,3
Feliniño,3,0,3
Felinio,3,0,3
Felinja,0,3,3
Félinne,0,3,3
Felintcia,0,3,3
Felinthe,0,3,3
Felinto,3,0,3
Felinya,0,3,3
Felipé,3,0,3
Felípe,3,0,3
Felipe-Alexander,3,0,3
Felipense,3,0,3
Felipez,3,0,3
Felipi,3,0,3
Felipy,3,0,3
Félique,0,3,3
Felira,0,3,3
Felís,3,0,3
Felisano,3,0,3
Feliscio,3,0,3
Felisette,0,3,3
Felisety,0,3,3
Felísha,0,3,3
Felishainy,0,3,3
Felishety,0,3,3
Felisiana,0,3,3
Felisiano,3,0,3
Felisimar,3,0,3
Felisinio,3,0,3
Felisita,0,3,3
Felisitie,0,3,3
Felissety,0,3,3
Felissisimo,3,0,3
Felistas,0,3,3
Felister,0,3,3
Felitciano,3,0,3
Felitcio,3,0,3
Felitio,3,0,3
Felito,3,0,3
Felitscia,0,3,3
Felitsio,3,0,3
Felitza,0,3,3
Felitziano,3,0,3
Felix-Augustus,3,0,3
Felix-Benjamin,3,0,3
Felix-Friso,3,0,3
Felix-jan,3,0,3
Felix-Valentijn,3,0,3
Felixandre,3,0,3
Felixcia,0,3,3
Felixcius,3,0,3
Felixendra,0,3,3
Felixine,0,3,3
Felixio,3,0,3
Felixsinos,3,0,3
Feliy,3,0,3
Feliya,0,3,3
Felìz,0,3,3
Felizio,3,0,3
Felizya,0,3,3
Félizz,0,3,3
Fellaini,3,0,3
Fellan,3,0,3
Fellani,3,0,3
Fellania,0,3,3
Fellany,0,3,3
Fellar,3,0,3
Fellaz,3,0,3
Felleng,0,3,3
Feller,3,0,3
Fellicano,3,0,3
Fellicio,3,0,3
Fellicithy,0,3,3
Fellicity,0,3,3
Fellin,0,3,3
Felline,0,3,3
Fellipe,3,0,3
Fellipé,3,0,3
Fellisenty,0,3,3
Fello,3,0,3
Fellodi,0,3,3
Fellomena,0,3,3
Felloraisa,0,3,3
Fellow-Rob,3,0,3
Fellychya,0,3,3
Fellycia,0,3,3
Fellycity,0,3,3
Felma,0,3,3
Felmen,3,0,3
Felmon,3,0,3
Felmy,0,3,3
Felocitas,0,3,3
Féloesja,0,3,3
Féloïse,0,3,3
Félon,3,0,3
Felona,0,3,3
Feloney,0,3,3
Felonie,0,3,3
Felony,0,3,3
Felopatier,3,0,3
Felotje,3,0,3
Félou,0,3,3
Felox,3,0,3
Felry,3,0,3
Felsan,0,3,3
Felsey,3,0,3
Felt,3,0,3
Feltely,0,3,3
Feltse,3,0,3
Felucia,0,3,3
Felucia-Marie,0,3,3
Felucula,0,3,3
Felumena,0,3,3
Féluna,0,3,3
Félune,0,3,3
Félvia,0,3,3
Felviany,0,3,3
Felyce,0,3,3
Félycia,0,3,3
Felyna,0,3,3
Félyne,0,3,3
Felyshia,0,3,3
FEM,3,0,3
Fem-Elise,0,3,3
Female,0,3,3
Femalley,0,3,3
Femalyn,0,3,3
Fembea,0,3,3
Femberthus,3,0,3
Femca,0,3,3
Femce,0,3,3
Fème,0,3,3
Femedith,0,3,3
Feméry,0,3,3
Femgina,0,3,3
Femia-Halina,0,3,3
Femiene,0,3,3
Femih,3,0,3
Femilou,0,3,3
Fémina,0,3,3
Fémine,0,3,3
Feminia,0,3,3
Feminique,0,3,3
Féminique,0,3,3
Feminus,3,0,3
Femio,3,0,3
Femios,3,0,3
Femish,0,3,3
Femiüs,3,0,3
Femk,0,3,3
Femke-Catharina,0,3,3
Femke-Eline,0,3,3
Femke-Eva,0,3,3
Femke-Fetske,0,3,3
Femke-Fleur,0,3,3
Femke-Jinke,0,3,3
Femke-Liedewij,0,3,3
Femke-Mare,0,3,3
Femke-Maria,0,3,3
Femke-Marieke,0,3,3
Femke-Melanie,0,3,3
Femke-Yvette,0,3,3
Femkelien,0,3,3
Femmalien,0,3,3
Femmanus,3,0,3
Femme-Fleur,0,3,3
Femmé-Lynn,0,3,3
Femmechiene,0,3,3
Femmechientje,0,3,3
Femmée,0,3,3
Femmegie,0,3,3
Femmegiene,0,3,3
Femmegienus,3,0,3
Femmegine,0,3,3
Femmegonde,0,3,3
Femmeliek,0,3,3
Femmelientje,0,3,3
Femmelies,0,3,3
Femmelijn,0,3,3
Femmelin,0,3,3
Femmelisa,0,3,3
Femmelise,0,3,3
Femmena,0,3,3
Femmetje-Jacoba,0,3,3
Femmetjen,0,3,3
Femmette,0,3,3
Femmichien,0,3,3
Femmichina,0,3,3
Femmiëlle,0,3,3
Femmien,0,3,3
Femmiga,0,3,3
Femmigchien,0,3,3
Femmiggien,0,3,3
Femmigje-Margje,0,3,3
Femmigje-Marie,0,3,3
Femminde,0,3,3
Femminke,0,3,3
Femmita,0,3,3
Femmius,3,0,3
Femmy-Joy,0,3,3
Femp,0,3,3
Femras,0,3,3
Femtienus,3,0,3
Femtine,0,3,3
Femtinus,3,0,3
Fémy,0,3,3
Femysella,0,3,3
Fen-hui,0,3,3
Fen-Yong,3,0,3
Fenaa,0,3,3
Fenael,3,0,3
Fenai,3,0,3
Fenaïs,0,3,3
Fenaiya,0,3,3
Fenand,3,0,3
Fenanja,0,3,3
Fenantia,0,3,3
Fenati,0,3,3
Fenatty,0,3,3
Fenchienus,3,0,3
Fenchina,0,3,3
Fenchinus,3,0,3
Fenchurch,0,3,3
Fend,3,0,3
Fendal,3,0,3
Fendel,3,0,3
Fender-Joe,3,0,3
Fender-Nathan,3,0,3
Fender-Storm,3,0,3
Fenderieka,0,3,3
Fenderus,3,0,3
Fendina,0,3,3
Fendo,3,0,3
Fendria,0,3,3
Fendrika,0,3,3
Fendrus,3,0,3
Fendry,3,0,3
Fendur,3,0,3
Fenea,0,3,3
Feneghina,0,3,3
Fenek,0,3,3
Fenelity,0,3,3
Fenelon,0,3,3
Fenemia,0,3,3
Fenen,3,0,3
Fenena,0,3,3
Fenenna,0,3,3
Fenensia,0,3,3
Fenessa,0,3,3
Fenesse,0,3,3
Fenethy,0,3,3
Fènéti,0,3,3
Féng,3,0,3
Feng-Go,3,0,3
Feng-Kee,3,0,3
Féng-Ngai,3,0,3
Feng-Nian,3,0,3
Feng-Yi,0,3,3
Fengbao,3,0,3
Fengela,0,3,3
Fengery,0,3,3
Fenghe,0,3,3
Fenghua,3,0,3
Fenghui,0,3,3
Fengiena,0,3,3
Fengina,0,3,3
Fengkai,3,0,3
Fengte,0,3,3
Fengwei,3,0,3
Fengyuan,3,0,3
Fenhand,3,0,3
Fenhar,0,3,3
Fenian,0,3,3
Fenica,0,3,3
Feniciana,0,3,3
Fenicis,0,3,3
Fenida,0,3,3
Feniek,0,3,3
Fènieke,0,3,3
Fenieke,0,3,3
Fenigje,0,3,3
Fenika,0,3,3
Fenike,0,3,3
Fenimah,0,3,3
Fenimore,3,0,3
Fenina,0,3,3
Fènique,0,3,3
Fénique,0,3,3
Fenique,0,3,3
Fenisia,0,3,3
Fenisie,3,0,3
Fenisya,0,3,3
Fénite,0,3,3
Fênix,3,0,3
Fénja,0,3,3
Fenjamara,0,3,3
Fenji,3,0,3
Fenjolien,0,3,3
Fenjolin,0,3,3
Fenka,0,3,3
Fenki,0,3,3
Fenleia,0,3,3
Fenley,3,0,3
Fenlichano,3,0,3
Fenna-Esmee,0,3,3
Fenna-Faye,0,3,3
Fenna-Felien,0,3,3
Fenna-Geartsje,0,3,3
Fenna-Jo,0,3,3
Fenna-Julia,0,3,3
Fenna-Lise,0,3,3
Fenna-Lucia,0,3,3
Fenna-Marie,0,3,3
Fenna-Sherin,0,3,3
Fenna-Woutera,0,3,3
Fennaar,3,0,3
Fennachien,0,3,3
Fennachiena,0,3,3
Fennadien,0,3,3
Fennado,3,0,3
Fennagiena,0,3,3
Fennagina,0,3,3
Fennalie,0,3,3
Fennaliese,0,3,3
Fennaly,0,3,3
Fennan,0,3,3
Fennandes,3,0,3
Fennandy,0,3,3
Fennangela,0,3,3
Fennarda,0,3,3
Fennas,3,0,3
Fennate,0,3,3
Fennaty,0,3,3
Fenne-kee,0,3,3
Fenne-Lynn,0,3,3
Fenne-Mae,0,3,3
Fenne-Marie,0,3,3
Fenne-Meyke,0,3,3
Fenne-Roos,0,3,3
Fenne-Uilkjen,0,3,3
Fennechines,3,0,3
Fenneghien,0,3,3
Fenneghina,0,3,3
Fennègien,0,3,3
Fennegin,0,3,3
Fennegonda,0,3,3
Fennelice,0,3,3
Fennelijn,0,3,3
Fennelin,0,3,3
Fennelina,0,3,3
Fennella,0,3,3
Fennelyn,0,3,3
Fennemijn,0,3,3
Fennenna,0,3,3
Fennepixie,0,3,3
Fennera,0,3,3
Fennerieke,0,3,3
Fennerikus,3,0,3
Fennerly,0,3,3
Fennert-Jan,3,0,3
Fennét,0,3,3
Fennèt,0,3,3
Fennetey,0,3,3
Fennianda,0,3,3
Fennice,0,3,3
Fennichie,0,3,3
Fenniëlla,0,3,3
Fenniks,3,0,3
Fennington,3,0,3
Fennique,0,3,3
Fennis,3,0,3
Fennit,3,0,3
Fennkea,0,3,3
Fennley,3,0,3
Fennly,3,0,3
Fennochiena,0,3,3
Fennom,3,0,3
Fennon,3,0,3
Fennrosa,3,0,3
Fenny-Ann,0,3,3
Fenny-Claire,0,3,3
Fennyannie,0,3,3
Feno,3,0,3
Fenodely,0,3,3
Fenom,3,0,3
Fenora,0,3,3
Fenre,3,0,3
Fenreinie,0,3,3
Fenrich,3,0,3
Fenrico,3,0,3
Fenrike,0,3,3
Fenrique,0,3,3
Fenriz,3,0,3
Fensina,0,3,3
Fenson,3,0,3
Fenstre,0,3,3
Fent,3,0,3
Fentia,0,3,3
Fentih,3,0,3
Fentina,0,3,3
Fentine,0,3,3
Fentino,3,0,3
Fentisha,0,3,3
Fentjelina,0,3,3
Fenty,3,0,3
Fenucci,3,0,3
Fenuel,3,0,3
Fenuts,3,0,3
Fenwick,3,0,3
Fenyareran,0,3,3
Fenyi,0,3,3
Fenysha,0,3,3
Fénysha,0,3,3
Feodin,0,3,3
Feodoor,3,0,3
Feodorowna,0,3,3
Feodosia,0,3,3
Feoël,3,0,3
Feofar,3,0,3
Feoh,0,3,3
Feoline,0,3,3
Féona,0,3,3
Feone,0,3,3
Feonn,3,0,3
Feoras,3,0,3
Feore,0,3,3
Feoroz,3,0,3
Fepi,0,3,3
Fepke,0,3,3
Feqe,3,0,3
FER,3,0,3
Fer'Angelo,3,0,3
Fer'Quengely,0,3,3
Fer-El,3,0,3
Fer-Jan,3,0,3
Fer-Rinia,0,3,3
Fera-Ella,0,3,3
Fera-Lynn,0,3,3
Feraan,3,0,3
Feraas,3,0,3
Feraaz-Aziez,3,0,3
Férah,0,3,3
Ferahşad,0,3,3
Feraish,3,0,3
Feraissa,0,3,3
Feraja,0,3,3
Feraldina,0,3,3
Feraldo,3,0,3
Ferami,3,0,3
Feramin,3,0,3
Feramiz,3,0,3
Feramuz,3,0,3
Féran,3,0,3
Fèran,3,0,3
Ferana,0,3,3
Ferance,3,0,3
Feranda,0,3,3
Ferande,0,3,3
Ferandri,3,0,3
Ferania,0,3,3
Feranie,0,3,3
Feranne,0,3,3
Feranno,3,0,3
Ferant,3,0,3
Fěrany,0,3,3
Féranz,3,0,3
Ferari,3,0,3
Feraş,3,0,3
Feraset,3,0,3
Feraya,0,3,3
Ferayi,0,3,3
Féraz,3,0,3
Ferbe,3,0,3
Ferbjan,3,0,3
Ferchad-Shah,3,0,3
Fercheo,3,0,3
Ferciano,3,0,3
Ferda-Han,0,3,3
Ferdağ,0,3,3
Ferdaoc,3,0,3
Ferdaoes,0,3,3
Ferdaves,0,3,3
Ferdawes,3,0,3
Ferdeen,3,0,3
Ferdelien,0,3,3
Ferden,3,0,3
Ferdenandus,3,0,3
Ferderique,0,3,3
Ferdews,0,3,3
Ferdeze,0,3,3
Ferdgie,3,0,3
Ferdi-Nando,3,0,3
Ferdia,3,0,3
Ferdiaan,3,0,3
Ferdiano,3,0,3
Ferdiany,3,0,3
Ferdieënne,0,3,3
Ferdientje,0,3,3
Ferdihan,3,0,3
Ferdij,3,0,3
Ferdijanda,0,3,3
Ferdinal,3,0,3
Ferdinàn,3,0,3
Ferdinánd,3,0,3
Ferdinand-Juriaan,3,0,3
Ferdinand-Pieter,3,0,3
Ferdinandszoon,3,0,3
Ferdinantiena,0,3,3
Ferdinara,0,3,3
Ferdindand,3,0,3
Ferdinnand,3,0,3
Ferdino,3,0,3
Ferdinoldus,3,0,3
Ferdipkumar,3,0,3
Ferditasari,0,3,3
Ferdixon,3,0,3
Ferdjan,3,0,3
Ferdjani,3,0,3
Ferdl,3,0,3
Ferdnand,3,0,3
Ferdoes,0,3,3
Ferdolino,3,0,3
Ferdoos,0,3,3
Ferdose,0,3,3
Ferdoz,0,3,3
Ferdrik,3,0,3
Ferduis,3,0,3
Ferdun,3,0,3
Ferdunandus,3,0,3
Ferdus,0,3,3
Ferdynandus,3,0,3
Ferdynel,3,0,3
Fêre,3,0,3
Ferè,3,0,3
Fére,0,3,3
Féreau,3,0,3
Fereau,3,0,3
Ferebory,3,0,3
Fereç,3,0,3
Feredakhatoen,0,3,3
Ferediana,0,3,3
Feredith,0,3,3
Feredon,3,0,3
Feredun,3,0,3
Feredy,0,3,3
Fereidon,3,0,3
Fereille,0,3,3
Férein,3,0,3
Féreina,0,3,3
Fereld,3,0,3
Fereli,0,3,3
Ferelijn,0,3,3
Ferelio,3,0,3
Férena,0,3,3
Ferènc,3,0,3
Ferenc-Jan,3,0,3
Ferenće,3,0,3
Ferénce,3,0,3
Ferençe,3,0,3
Férènce,3,0,3
Ferenck,3,0,3
Ferency,3,0,3
Férencz,3,0,3
Ferene,0,3,3
Ferenique,0,3,3
Férens,3,0,3
Ferenzio,3,0,3
Ferenzo,3,0,3
Fereria,0,3,3
Fererius,3,0,3
Fererro,3,0,3
Fereshde,0,3,3
Feresia,0,3,3
Ferestha,0,3,3
Ferestina,0,3,3
Feretti,3,0,3
Fereweyni,0,3,3
Fereydon,3,0,3
Fereydoon,0,3,3
Fereydoun,3,0,3
Fereydun,3,0,3
Fergany,3,0,3
Fergerson,3,0,3
Ferghino,3,0,3
Fergi,0,3,3
Fergilio,3,0,3
Fergine,0,3,3
Ferglia,0,3,3
Fergo,3,0,3
Fergornio,3,0,3
Fergustijn,3,0,3
Fergy,0,3,3
Fergynia,0,3,3
Ferhaanagatoen,0,3,3
Ferhaaz,3,0,3
Ferhad-Ali,3,0,3
Ferhadcan,3,0,3
Ferhadkhan,3,0,3
Ferhaed,3,0,3
Ferhard,3,0,3
Ferhealy's,0,3,3
Féri,3,0,3
Fériale,0,3,3
Feriana,0,3,3
Fericus,3,0,3
Férid,3,0,3
Feridenur,0,3,3
Feried,3,0,3
Fériel,0,3,3
Ferier,3,0,3
Feriesh,3,0,3
Feriez,3,0,3
Ferifa,0,3,3
Ferighton,3,0,3
Ferihagül,0,3,3
Ferik,3,0,3
Ferill,0,3,3
Ferinda,0,3,3
Ferinhio,3,0,3
Ferinjo,3,0,3
Feriño,3,0,3
Ferio,3,0,3
Ferisa,0,3,3
Ferisho,3,0,3
Ferisu,0,3,3
Ferithan,3,0,3
Feriyde,0,3,3
Feriye,0,3,3
Feriza,0,3,3
Ferjal,0,3,3
Ferjèni,3,0,3
Ferjoh,3,0,3
Ferkat,3,0,3
Ferkó,3,0,3
Ferl,3,0,3
Ferlaino,3,0,3
Ferlan,3,0,3
Ferland,3,0,3
Ferlanda,0,3,3
Férle,0,3,3
Ferleecia,0,3,3
Ferlen,3,0,3
Ferlequines,3,0,3
Ferliana,0,3,3
Ferlice-Sophie,0,3,3
Ferliciano,3,0,3
Ferlicity,0,3,3
Ferlie,0,3,3
Ferlijn,3,0,3
Ferling,3,0,3
Ferluci,3,0,3
Ferly,3,0,3
Fermanda,0,3,3
Fermani,3,0,3
Fermannus,3,0,3
Fermano,3,0,3
Fermatas,3,0,3
Fermend,3,0,3
Fermendo,3,0,3
Ferment,3,0,3
Fermi,3,0,3
Fermilio,3,0,3
Fermine,0,3,3
Ferminio,3,0,3
Ferminus,3,0,3
Fermon,3,0,3
Fermude,0,3,3
Fernaaz,0,3,3
Fernadine,0,3,3
Fernal,3,0,3
Fernançe,0,3,3
Fernandé,0,3,3
Fernandeth,0,3,3
Fernández,3,0,3
Fernandin,0,3,3
Fernandiño,3,0,3
Fernandino,3,0,3
Fernándo,3,0,3
Fernando-Alejandro,3,0,3
Fernando-Milano,3,0,3
Fernandos,3,0,3
Fernansio,3,0,3
Fernant,3,0,3
Fernante,0,3,3
Fernanti,0,3,3
Fernantia,0,3,3
Fernantius,3,0,3
Fernão,3,0,3
Fernáo,3,0,3
Fernäo,3,0,3
Fernard,3,0,3
Fernardes,3,0,3
Fernardo,3,0,3
Fernas,3,0,3
Fernau,0,3,3
Fernaud,3,0,3
Fernc,3,0,3
Ferndt,3,0,3
Ferné,3,0,3
Ferniand,3,0,3
Fernice,0,3,3
Fernicke,0,3,3
Fernie,0,3,3
Fernillië,0,3,3
Fernin,3,0,3
Ferninand,3,0,3
Fernino,3,0,3
Fernou,0,3,3
Fernst,3,0,3
Féroe,0,3,3
Feroeska,0,3,3
Ferogh,0,3,3
Feròn,3,0,3
Ferón,3,0,3
Feroneka,0,3,3
Feronie,0,3,3
Feronne,0,3,3
Ferooz,3,0,3
Ferooza,0,3,3
Ferosh,3,0,3
Ferosina,0,3,3
Feroskan,3,0,3
Feroughy,3,0,3
Feroya,0,3,3
Feróz,3,0,3
Feroz-Khan,3,0,3
Ferozá,0,3,3
Ferozagatoen,0,3,3
Feroze,3,0,3
Ferozkan,3,0,3
Ferr-Shadid,3,0,3
Fèrra,0,3,3
Ferra-mari,0,3,3
Ferraan,3,0,3
Ferral,3,0,3
Ferrald,3,0,3
Ferran-Issandro,3,0,3
Ferrance,3,0,3
Ferrandina,0,3,3
Ferrania,0,3,3
Ferrans,3,0,3
Ferranta,0,3,3
Ferrar,3,0,3
Ferrara,0,3,3
Ferraro,3,0,3
Ferrary,0,3,3
Ferras,3,0,3
Ferrawati,0,3,3
Ferraya,0,3,3
Fêrre,3,0,3
Ferreh,3,0,3
Ferreicha,0,3,3
Ferreke,3,0,3
Ferrena,0,3,3
Ferrencz,3,0,3
Ferrent,3,0,3
Ferreolo,3,0,3
Férrer,3,0,3
Ferrera,0,3,3
Ferrery,3,0,3
Ferrey,3,0,3
Ferri-Han,0,3,3
Ferrial,0,3,3
Ferrick,3,0,3
Ferriel,0,3,3
Ferrien,3,0,3
Ferrienne,0,3,3
Ferriet,3,0,3
Ferrinand,3,0,3
Ferrinanda,0,3,3
Ferrinandus,3,0,3
Ferringo,3,0,3
Ferrinio,3,0,3
Ferrino,3,0,3
Ferris-Dean,3,0,3
Ferrisa,0,3,3
Ferrity,0,3,3
Ferriyjah,3,0,3
Ferroh,3,0,3
Ferrold,3,0,3
Ferron-Martines,3,0,3
Ferroucci,3,0,3
Ferroudja,0,3,3
Ferrucci,3,0,3
Ferrum,3,0,3
Ferry-Angelo,3,0,3
Ferry-Diego,3,0,3
Ferry-Roy,3,0,3
Ferryaldus,3,0,3
Ferryandus,3,0,3
Ferryevna,0,3,3
Ferryjando,3,0,3
Ferryl,3,0,3
Ferrylouise,3,0,3
Ferrysha,0,3,3
Fers,3,0,3
Fersai,0,3,3
Fersalina,0,3,3
Fershana,0,3,3
Fershano,3,0,3
Fershta,0,3,3
Fershteh,0,3,3
Ferson,3,0,3
Fersy,3,0,3
Fert,3,0,3
Fertom,3,0,3
Ferton,3,0,3
Fertus,3,0,3
Feru,3,0,3
Feruccio,3,0,3
Ferüdün,3,0,3
Feruh,3,0,3
Ferukh,3,0,3
Ferula,0,3,3
Ferünzia,0,3,3
Ferüs,0,3,3
Feruza,0,3,3
Fervène,0,3,3
Ferwa,0,3,3
Ferwerd,3,0,3
Feryad,3,0,3
Feryâl,0,3,3
Fêryan,3,0,3
Féryan,3,0,3
Feryba,0,3,3
Feryciano,3,0,3
Feryjano,3,0,3
Feryl,3,0,3
Feryllia,0,3,3
Féryn,3,0,3
Ferystha,0,3,3
Ferza,0,3,3
Ferzanagatoen,0,3,3
Ferzanah,0,3,3
Ferzane,0,3,3
Ferzettin,3,0,3
Férzhana,0,3,3
Ferziye,0,3,3
Ferzullah,3,0,3
Fesavanny,0,3,3
Feseha,0,3,3
Fesel,3,0,3
Fesil,3,0,3
Fesila,0,3,3
Feska,0,3,3
Fëson,3,0,3
Fessahaie,3,0,3
Fessal,3,0,3
Festerdina,0,3,3
Festor,3,0,3
Fetah,3,0,3
Fetat,0,3,3
Fetcia,0,3,3
Fetegue,3,0,3
Fetelity,0,3,3
Fetgwa,3,0,3
Feth-Allah,3,0,3
Fethi-Kerem,3,0,3
Fethihan,3,0,3
Fethihattin,3,0,3
Fethiya,0,3,3
Fetia,0,3,3
Fetihcan,3,0,3
Fetija,0,3,3
Fetin,0,3,3
Fètine,0,3,3
Fetjana,0,3,3
Fetjenda,0,3,3
Feto,3,0,3
Fetrosina,0,3,3
Fetsie,0,3,3
Fetsy,0,3,3
Fettan,0,3,3
Fetuah,3,0,3
Fetun,0,3,3
Feudor,3,0,3
Feungfah,0,3,3
Feunny,3,0,3
Feunou,3,0,3
Feurdjel,3,0,3
Feurgill,3,0,3
Feurlen,3,0,3
Feursey,0,3,3
Feusari,0,3,3
Feuzi,3,0,3
Féve,0,3,3
Fevelien,0,3,3
Fevelyn,0,3,3
Fever,3,0,3
Fevkiye,0,3,3
Fevrier,0,3,3
Fevrina,0,3,3
Fevronia,0,3,3
Fevza,0,3,3
Fevzettin,3,0,3
Fevzulah,3,0,3
Fevzye,0,3,3
Fewaad,3,0,3
Fewe,0,3,3
Fewzü,3,0,3
Fexamit,0,3,3
Féy,0,3,3
Fey-Licity,0,3,3
Feya-Linn,0,3,3
Feyah,0,3,3
Feyan,3,0,3
Feyani,0,3,3
Feyanna,0,3,3
Feyanne,0,3,3
Feyano,3,0,3
Feyd,3,0,3
Feydian,3,0,3
Feydor,3,0,3
Feydra,0,3,3
Feyedor,3,0,3
Feyèn,0,3,3
Feyene,0,3,3
Feyenna,0,3,3
Féyenna,0,3,3
Feygina,0,3,3
Feygtje,0,3,3
Feyim,3,0,3
Feyin,3,0,3
Feyisade,0,3,3
Feyisayo,0,3,3
Feyishola,0,3,3
Feyiz,0,3,3
Feyje,3,0,3
Feyko,3,0,3
Feyle,0,3,3
Feyli,0,3,3
Feyliene,0,3,3
Feylisa,0,3,3
Feylize,0,3,3
Feyme,0,3,3
Feymilano,3,0,3
Feynuus,0,3,3
Fèyona,0,3,3
Féyonie,0,3,3
Feyonna,0,3,3
Feyou,0,3,3
Feyouna,0,3,3
Feyra,0,3,3
Feyrefiz,3,0,3
Feyro,3,0,3
Feyron,3,0,3
Feyrus,0,3,3
Feys,3,0,3
Feyseel,3,0,3
Feyssal,3,0,3
Feyt,3,0,3
Feytje,0,3,3
Feyuna,0,3,3
Feyy,0,3,3
Feyyat,3,0,3
Feyzâ,0,3,3
Feyzaan,3,0,3
Feyziye,0,3,3
Feyzul,3,0,3
Feyzulla,3,0,3
Fezâ,3,0,3
Fezah,0,3,3
Fezail,3,0,3
Fezanur,0,3,3
Fezhel,3,0,3
Fezire,0,3,3
Feztus,3,0,3
Ffenne,0,3,3
FFM,3,0,3
Ffodor,3,0,3
Ffrench,3,0,3
FGH,0,3,3
FGJ,0,3,3
Fhacyl,3,0,3
Fhadjáro,3,0,3
Fhadomo,0,3,3
Fhaély,0,3,3
Fhais,3,0,3
Fhaisal,3,0,3
Fhaisel,3,0,3
Fhaishel,3,0,3
Fhaitrion,3,0,3
Fhalysha,0,3,3
Fhana,0,3,3
Fhanucia,0,3,3
Fharaigha,0,3,3
Fharanas,0,3,3
Fhares,3,0,3
Fharetin,3,0,3
Fhareyliez,3,0,3
Fhareynis,0,3,3
Fharid,3,0,3
Fharies,3,0,3
Fharis,3,0,3
Fharizha,0,3,3
Fharoek,3,0,3
Fharrell,3,0,3
Fharrly,3,0,3
Fharyanella,0,3,3
Fharzanagatoen,0,3,3
Fhathima,0,3,3
Fhatima,0,3,3
Fhaushia,0,3,3
Fhay,0,3,3
Fhaya,0,3,3
Fhaycenella,0,3,3
Fhayendra,0,3,3
Fhayènne,0,3,3
Fhazharhy,3,0,3
Fhazia,0,3,3
Fhebe,0,3,3
Fheliysythy,0,3,3
Fhemistoklis,3,0,3
Fhendy,3,0,3
Fhenji,0,3,3
Fhëodora,0,3,3
Fheran,3,0,3
Fhernaaz,0,3,3
Fhil,3,0,3
Fhilbertus,3,0,3
Fhilipe,3,0,3
Fhilipina,0,3,3
Fhilippine,0,3,3
Fhilogene,3,0,3
Fhilomera,3,0,3
Fhiraaz,3,0,3
Fhiroods,3,0,3
Fhiyani,0,3,3
FHJ,3,0,3
FHM,3,0,3
Fhoat,3,0,3
Fhoei,3,0,3
Fhoekelina,3,0,3
Fhoemathie,0,3,3
Fhreja,0,3,3
Fhrenk,3,0,3
Fhuong,0,3,3
Fhylicia,0,3,3
Fhyona,0,3,3
Fi-Hoe,3,0,3
Fi-Jo,0,3,3
Fiacre,3,0,3
Fiadella,0,3,3
Fiadora,0,3,3
Fiai,0,3,3
Fiakpui,0,3,3
Fialka,0,3,3
Fialma,0,3,3
Fiametta,0,3,3
Fiammingo,3,0,3
Fianchelo,3,0,3
Fianco,3,0,3
Fiandro,3,0,3
Fiangely,0,3,3
Fianju,3,0,3
Fiann,3,0,3
Fiannah,0,3,3
Fiannuala,0,3,3
Fianny,0,3,3
Fianonna,0,3,3
Fianse,0,3,3
Fianso,3,0,3
Fianti,0,3,3
Fianu,0,3,3
Fianzo,3,0,3
Fiatorbo,3,0,3
Fiazel,3,0,3
Fiazya,0,3,3
Fibbe,3,0,3
Fibeke,0,3,3
Fibian,3,0,3
Fibikemi,3,0,3
Fibila,0,3,3
Ficarlo,3,0,3
Ficelle,0,3,3
Ficenza,0,3,3
Ficenzo,3,0,3
Ficky,0,3,3
Fictoi,0,3,3
Fictor,3,0,3
Fictorina,0,3,3
Fidaá,0,3,3
Fidah,3,0,3
Fidail,3,0,3
Fidaliaan,0,3,3
Fidana,0,3,3
Fidancia,0,3,3
Fidane,0,3,3
Fidangül,0,3,3
Fiddah,0,3,3
Fidder,3,0,3
Fiddes,3,0,3
Fiddra,0,3,3
Fide,3,0,3
Fidél,3,0,3
Fidela,0,3,3
Fidéla,0,3,3
Fidéle,0,3,3
Fideli,0,3,3
Fideliana,0,3,3
Fidélio,3,0,3
Fidélis,3,0,3
Fidelita,0,3,3
Fidelity,0,3,3
Fidell,3,0,3
Fidelle,3,0,3
Fıdelya,0,3,3
Fidem,0,3,3
Fidensio,3,0,3
Fiderica,0,3,3
Fiderya,0,3,3
Fidès,0,3,3
Fidesca,0,3,3
Fidesse,3,0,3
Fidha,3,0,3
Fidis,0,3,3
Fidjé,3,0,3
Fidji,0,3,3
Fidjiah,0,3,3
Fidon,3,0,3
Fidora,0,3,3
Fidosja,0,3,3
Fidossius,3,0,3
Fidoua,0,3,3
Fidus,3,0,3
Fidutia,0,3,3
Fie-Anne,0,3,3
Fie-Ling,0,3,3
Fiea,0,3,3
Fiebi,0,3,3
Fiebiënne,0,3,3
Fieby,0,3,3
Fieco,0,3,3
Fiedel,3,0,3
Fiedeldei,3,0,3
Fiedeldie,0,3,3
Fiedo,3,0,3
Fiefe,0,3,3
Fiege,3,0,3
Fiego,3,0,3
Fiëhna,0,3,3
Fiejanna,0,3,3
Fieje,0,3,3
Fiejenetti,0,3,3
Fiejet,0,3,3
Fieke-Neeltje,0,3,3
Fiekri,3,0,3
Fiel,3,0,3
Fiël,0,3,3
Fielder,3,0,3
Fielding,3,0,3
Fieleda,0,3,3
Fielemina,0,3,3
Fielemon,3,0,3
Fielene,0,3,3
Fielepien,0,3,3
Fielicia,0,3,3
Fielijn,0,3,3
Fielip,3,0,3
Fielippe,3,0,3
Fielja,0,3,3
Fiëlla,0,3,3
Fielliep,3,0,3
Fielmon,3,0,3
Fielomena,0,3,3
Fielou,0,3,3
Fiem,3,0,3
Fiemke,0,3,3
Fien-Sofie,0,3,3
Fiëna,0,3,3
Fiena-Marie,0,3,3
Fienamaria,0,3,3
Fienanda,0,3,3
Fiénda,0,3,3
Fiëndly,3,0,3
Fiéne,0,3,3
Fiene-Fleur,0,3,3
Fiene-Lize,0,3,3
Fiene-Lou,0,3,3
Fiene-Marie,0,3,3
Fienelle,0,3,3
Fienelot,0,3,3
Fienelotte,0,3,3
Fienemarij,0,3,3
Fienemien,0,3,3
Fiener,3,0,3
Fienes,3,0,3
Fienjan,0,3,3
Fiènn,0,3,3
Fienn,0,3,3
Fiénne,0,3,3
Fienneke,0,3,3
Fienny,0,3,3
Fienta,0,3,3
Fiëntley,3,0,3
Fiepkolina,0,3,3
Fieps,3,0,3
Fiepus,3,0,3
Fieraas,3,0,3
Fierabras,3,0,3
Fieranda,0,3,3
Fieranta,0,3,3
Fierel,0,3,3
Fierena,0,3,3
Fierie,0,3,3
Fierle,0,3,3
Fieroeze,0,3,3
Fierosa,0,3,3
Fieroza,0,3,3
Fierozagatoen,0,3,3
Fierra,0,3,3
Fièrra,0,3,3
Fièrro,3,0,3
Fierté,0,3,3
Fiesal,0,3,3
Fiesel,3,0,3
Fiesnoedat,3,0,3
Fiesole,0,3,3
Fièssa,0,3,3
Fieta,0,3,3
Fieteke,0,3,3
Fietra,0,3,3
Fievel,3,0,3
Fieviënne,0,3,3
Fiezana,0,3,3
Fifamé,0,3,3
Fifamie,0,3,3
Fifianne,0,3,3
Fifiënne,0,3,3
Fifne,0,3,3
Fifth,0,3,3
Fify,0,3,3
Figaida,0,3,3
Figarro,3,0,3
Fiĝen,0,3,3
Fighardt,3,0,3
Figi,3,0,3
Figiendry,3,0,3
Figiorinio,3,0,3
Fignon,3,0,3
Figó,3,0,3
Figoriena,3,0,3
Figue,0,3,3
Figueiredo,3,0,3
Figueirêdo,0,3,3
Figueleine,0,3,3
Figuereido,3,0,3
Fihr,3,0,3
Fihri,3,0,3
Fihroodj,3,0,3
Fiidow,3,0,3
FIJ,3,0,3
Fij-Jan,3,0,3
Fijanca,0,3,3
Fijanda,0,3,3
Fijanne,0,3,3
Fijard,3,0,3
Fijarda,0,3,3
Fijay,3,0,3
Fijaya,0,3,3
Fijayna,0,3,3
Fijaz,3,0,3
Fijbedina,0,3,3
Fijbian,3,0,3
Fijbiena,0,3,3
Fijbina,0,3,3
Fijbo,3,0,3
Fijbowina,0,3,3
Fijchiene,0,3,3
Fijcia,0,3,3
Fijdie,0,3,3
Fíjeanty,0,3,3
Fijenna,0,3,3
Fijgan,0,3,3
Fijgbert,3,0,3
Fijgelina,0,3,3
Fijggina,0,3,3
Fijghje,0,3,3
Fiji,0,3,3
Fijje,3,0,3
Fijk,3,0,3
Fijke-Marjanne,0,3,3
Fijkeline,0,3,3
Fijkke,3,0,3
Fijko-Jan,3,0,3
Fijn,0,3,3
Fijna,0,3,3
Fijnant,3,0,3
Fijnia,0,3,3
Fijonne,0,3,3
Fijren,3,0,3
Fijrina,0,3,3
Fijs-Jan,3,0,3
Fijsal,3,0,3
Fijsina,0,3,3
Fijsjan,3,0,3
Fijss,3,0,3
Fijssal,3,0,3
Fijten,3,0,3
Fik,3,0,3
Fikadu,0,3,3
Fike,0,3,3
Fikhri,3,0,3
Fikito,3,0,3
Fikram,3,0,3
Fikred,3,0,3
Fikret-Ali,3,0,3
Fikrete,0,3,3
Fíkrí,3,0,3
Fikrie,3,0,3
Fikrit,0,3,3
Fikru,3,0,3
Fila,3,0,3
Filaberta,0,3,3
Filadelfio,3,0,3
Filadelfo,3,0,3
Filaine,0,3,3
Filar,0,3,3
Filas,3,0,3
Filbertus,3,0,3
Filbina,0,3,3
Filco,3,0,3
Filecx,3,0,3
Fileena,0,3,3
Fileijne,0,3,3
Filemea,0,3,3
Filemene,0,3,3
Filemijn,0,3,3
Filemijna,0,3,3
Filemijne,0,3,3
Filemina,0,3,3
Filemona,0,3,3
Filéna,0,3,3
Filena,0,3,3
Fílèna,0,3,3
Filene,0,3,3
Fileno,3,0,3
Filep,3,0,3
Fileta,0,3,3
Filex,3,0,3
Filez,0,3,3
Filiacion,3,0,3
Filian,0,3,3
Filiana,0,3,3
Filianne,0,3,3
Filiaquarta,0,3,3
Filibertha,0,3,3
Filiciani,3,0,3
Filiciano,3,0,3
Filicianus,3,0,3
Filicie,0,3,3
Filiciëne,0,3,3
Filicity,0,3,3
Filicya,0,3,3
Filidor,3,0,3
Filiep,3,0,3
Filifera,0,3,3
Filina,0,3,3
Filino,3,0,3
Filiolus,3,0,3
Filip-Oscar,3,0,3
Filipé,3,0,3
Fílipe,3,0,3
Filiphine,0,3,3
Filiphus,3,0,3
Filipia,0,3,3
Filipijn,3,0,3
Filipinas,0,3,3
Filippi,3,0,3
Filippinus,3,0,3
Filipsiena,0,3,3
Filisa,0,3,3
Filisio,0,3,3
Filisminia,0,3,3
Filismino,3,0,3
Filistin,0,3,3
Filix,0,3,3
Filize,0,3,3
Filizia,0,3,3
Filizya,0,3,3
Filla,0,3,3
Fillemina,0,3,3
Fillepine,0,3,3
Fillicety,0,3,3
Fillicie,0,3,3
Fillicity,0,3,3
Fillipe,3,0,3
Fillipes,3,0,3
Fillipien,0,3,3
Fillipina,0,3,3
Fillipp,3,0,3
Fillippe,0,3,3
Fillippine,0,3,3
Fillizaghi,3,0,3
Fillmoore,3,0,3
Fillomijna,0,3,3
Fillus,3,0,3
Filma,0,3,3
Filmawi,3,0,3
Filmos,3,0,3
Filó,0,3,3
Filobatier,3,0,3
Filobattier,3,0,3
Filoemene,0,3,3
Filogenia,0,3,3
Filogonio,3,0,3
Filoksinos,3,0,3
Filomèle,0,3,3
Filomen,0,3,3
Filoméne,0,3,3
Filomeni,0,3,3
Filomenia,0,3,3
Filomenna,0,3,3
Filomijne,0,3,3
Filomijntje,0,3,3
Filomon,3,0,3
Filonka,0,3,3
Filopateer,3,0,3
Filopatier,3,0,3
Filopatur,3,0,3
Filoreno,3,0,3
Filosen,3,0,3
Filot,0,3,3
Filotea,0,3,3
Filothea,0,3,3
Filotte,0,3,3
Filous,3,0,3
Filseta,0,3,3
Filson,3,0,3
Filú,0,3,3
Filûmena,0,3,3
Fily,0,3,3
Filynn,0,3,3
Filzan,0,3,3
Fima,0,3,3
Fimm,0,3,3
Fimme-jan,3,0,3
Fimmegje,0,3,3
Fimmina,0,3,3
Fimmo,3,0,3
Finagnon,0,3,3
Finaila,0,3,3
Finaleigh,0,3,3
Finaly,0,3,3
Finan,0,3,3
Financa,0,3,3
Financia,0,3,3
Finander,3,0,3
Finando,3,0,3
Finans,3,0,3
Finara,0,3,3
Finatia,0,3,3
Finaz,0,3,3
Finche,3,0,3
Finchenzo,3,0,3
Fincher,3,0,3
Findelina,0,3,3
Finden,3,0,3
Findi,0,3,3
Findlater,0,3,3
Findoer,3,0,3
Finé,0,3,3
Fine-José,0,3,3
Finee,0,3,3
Fineley,0,3,3
Fines,3,0,3
Finesse,0,3,3
Finethe,0,3,3
Fineti,0,3,3
Finety,0,3,3
Fineza,0,3,3
Finfola,0,3,3
Fing,3,0,3
Finghan,0,3,3
Finhas,3,0,3
Finia,0,3,3
Finiàn,3,0,3
Finicia,0,3,3
Finike,0,3,3
Finiowei,3,0,3
Finis,3,0,3
Finist,3,0,3
Finisterre,0,3,3
Finjan,3,0,3
Finjella,0,3,3
Fïnley,3,0,3
Finley-Beau,3,0,3
Finley-Dean,3,0,3
Finley-Elson,3,0,3
Finlie,3,0,3
Fínn,3,0,3
Finn-Ivo,3,0,3
Finn-Jay,3,0,3
Finn-Joël,3,0,3
Finn-Jorian,3,0,3
Finn-Lucas,3,0,3
Finn-Luka,3,0,3
Finn-Ravi,3,0,3
Finn-Robert,3,0,3
Finn-Sébastien,3,0,3
Finn-Thijmen,3,0,3
Finn-Valentijn,3,0,3
Finn-Zdzislaw,3,0,3
Finnar,3,0,3
Finnbarr,3,0,3
Finnbjørn,3,0,3
Finne-Daan,0,3,3
Finnéan,3,0,3
Finnedy,3,0,3
Finnen,3,0,3
Finner,3,0,3
Finnette,0,3,3
Finnianus,3,0,3
Finnidi,3,0,3
Finniën,3,0,3
Finnighan,3,0,3
Finnik,3,0,3
Finniko,3,0,3
Finnity,0,3,3
Finnlaye,0,3,3
Finnlo,3,0,3
Finnmar,3,0,3
Finnmark,3,0,3
Finnrick,3,0,3
Finnten,3,0,3
Finnuala,0,3,3
Finnur,3,0,3
Finnvarri,3,0,3
Finnya,0,3,3
Finnyan,3,0,3
Finonila,0,3,3
Finouk,0,3,3
Finry,0,3,3
Finse,3,0,3
Finsey,0,3,3
Finsha,0,3,3
Finska,0,3,3
Finske,0,3,3
Finsmar,3,0,3
Fintcentine,0,3,3
Fintgi,0,3,3
Finto,3,0,3
Finvarra,3,0,3
Finyenso,3,0,3
Finyerd,3,0,3
Finze,0,3,3
Finzenzo,3,0,3
Fio,0,3,3
Fiodna,0,3,3
Fioen,0,3,3
Fiolaine,0,3,3
Fiolanda,0,3,3
Fioldaliza,0,3,3
Fioletta,0,3,3
Fiolette,0,3,3
Fiolijn,0,3,3
Fiona-May,0,3,3
Fiona-Rae,0,3,3
Fionalin,0,3,3
Fionán,3,0,3
Fionda,0,3,3
Fionique,0,3,3
Fionn-Damián,3,0,3
Fionnbhar,3,0,3
Fionnbharr,3,0,3
Fionntán,3,0,3
Fionnúir,0,3,3
Fionnula,0,3,3
Fiontina,0,3,3
Fionulla,0,3,3
Fioon,3,0,3
Fiorah,0,3,3
Fioran,3,0,3
Fiorancia,0,3,3
Fiorantino,3,0,3
Fioravante,3,0,3
Fiordalisa,0,3,3
Fiordistella,0,3,3
Fiorèlla,0,3,3
Fiorelleyz,0,3,3
Fiorelo,3,0,3
Fiorens,0,3,3
Fiorensa,0,3,3
Fiorenso,3,0,3
Fiorentiate,0,3,3
Fiorgen,3,0,3
Fioricca,0,3,3
Fiorie,0,3,3
Fiorieneke,0,3,3
Fiorienne,0,3,3
Fiorigia,0,3,3
Fiorille,0,3,3
Fiorinda,0,3,3
Fiorine,0,3,3
Fiorique,3,0,3
Fiorita,0,3,3
Fiorri,0,3,3
Fiortinia,0,3,3
Fiorucci,0,3,3
Fir-Jeaño,3,0,3
Firaa-Ooli,3,0,3
Firaaj,3,0,3
Firaazh,3,0,3
Firaazkhan,3,0,3
Firaciagatoen,0,3,3
Firahsha,0,3,3
Firaisa,0,3,3
Firaj,3,0,3
Firaol,3,0,3
Firar,3,0,3
Firãs,3,0,3
Firasia,0,3,3
Fîrat,3,0,3
Fıratali,3,0,3
Firayana,0,3,3
Firazkhan,3,0,3
Firdaouz,0,3,3
Firdausa,0,3,3
Firdause,0,3,3
Firdausia,0,3,3
Firdauss,0,3,3
Firdausse,0,3,3
Firdauwz,0,3,3
Firdavs,3,0,3
Firdeaus,0,3,3
Firdefs,0,3,3
Firdeviz,0,3,3
Firdevsi,0,3,3
Firdevsnur,0,3,3
Firdevüs,0,3,3
Firdevz,0,3,3
Firdews,0,3,3
Firdez,0,3,3
Firdhausi,0,3,3
Firdianti,0,3,3
Firdjel,3,0,3
Firdovsi,3,0,3
Firdows,0,3,3
Firdowsa,0,3,3
Fireel,0,3,3
Fireke,0,3,3
Firenca,0,3,3
Firens,3,0,3
Firensa,0,3,3
Firènse,0,3,3
Firentzio,3,0,3
Firenz,3,0,3
Firenzi,3,0,3
Firew,0,3,3
Fireweyni,0,3,3
Firgell,3,0,3
Firgella,0,3,3
Firgenie,0,3,3
Firginio,3,0,3
Firhat,3,0,3
Firides,0,3,3
Firien,0,3,3
Firince,0,3,3
Firland,0,3,3
Firliana,0,3,3
Firmaine,0,3,3
Firmannafiri,3,0,3
Firmansjah,3,0,3
Firmata,0,3,3
Firmen,3,0,3
Firminio,3,0,3
Firmyn,3,0,3
Firn,3,0,3
Firnella,0,3,3
Firnum,3,0,3
Firodj,3,0,3
Firoen,3,0,3
Firoezé,0,3,3
Firona,0,3,3
Firoos,0,3,3
Firos-Sharma,3,0,3
Firosha,0,3,3
Firoshagatoen,0,3,3
Firoskan,3,0,3
Firoskhan,3,0,3
Firóz,3,0,3
Firozagatoen,0,3,3
Firozah,0,3,3
Firozahgatoen,0,3,3
Firozh,3,0,3
Firpo,3,0,3
Firsa,0,3,3
Firsat,3,0,3
Firshaan,3,0,3
First,3,0,3
Firsten,3,0,3
Firth,3,0,3
Firthe,0,3,3
Firtina,3,0,3
Firuly,3,0,3
Firūze,0,3,3
Firûze,0,3,3
Firüze,0,3,3
Firuzeh,0,3,3
Firwin,3,0,3
Fìry,0,3,3
Firya,0,3,3
Firyalle,0,3,3
Firyan,0,3,3
Firyel,0,3,3
Fisad,3,0,3
Fisayomi,0,3,3
Fiscal,3,0,3
Fischer,3,0,3
Fisela,0,3,3
Fishal,3,0,3
Fishel,3,0,3
Fishiandraly,0,3,3
Fiské,3,0,3
Fisseha,3,0,3
Fistor,3,0,3
Fitah,3,0,3
Fitaurari,3,0,3
Fitaw,0,3,3
Fitelli,0,3,3
Fitgerald,3,0,3
Fithri,0,3,3
Fitiavana,0,3,3
Fitis,0,3,3
Fitjantie,0,3,3
Fitjenza,0,3,3
Fitna,0,3,3
Fitradini,0,3,3
Fitrah,0,3,3
Fitratahmad,3,0,3
Fitriana,0,3,3
Fitrianne,0,3,3
Fitrija,0,3,3
Fitriyah,0,3,3
Fituri,3,0,3
Fitzallan,3,0,3
Fitzchevalric,3,0,3
Fitzedwin,3,0,3
Fitzgarld,3,0,3
Fitzgerald-Oliver,3,0,3
Fitzgereald,3,0,3
Fitzgerold,3,0,3
Fitzhenry,3,0,3
Fitzjames,3,0,3
Fitzjan,3,0,3
Fitzmartin,3,0,3
FitzMartin,3,0,3
Fitzmaurice,3,0,3
Fiu,0,3,3
Fiuggi,3,0,3
Fius,3,0,3
Fivan,3,0,3
Five,3,0,3
Fivengi,0,3,3
Fivianne,0,3,3
Fix,3,0,3
Fiyaz,0,3,3
Fiye,3,0,3
Fiyenna,0,3,3
Fiyo,3,0,3
Fiyorela,3,0,3
Fiyorri,0,3,3
Fiyouska,0,3,3
Fizana,0,3,3
Fizien,0,3,3
Fjaell,3,0,3
Fjalle,3,0,3
Fjälle,0,3,3
Fjara,0,3,3
Fjaran,3,0,3
Fjardin,3,0,3
Fjärel,3,0,3
FJC,3,0,3
Fjen,0,3,3
Fjenne,0,3,3
Fjilka,0,3,3
FJLM,0,3,3
Fjodorovna,0,3,3
Fjodorowitsj,3,0,3
Fjonda,0,3,3
Fjorder,3,0,3
Fjordi,3,0,3
Fjorela,0,3,3
Fjorella,0,3,3
Fjorentin,3,0,3
Fjorien,0,3,3
Fjoukje,0,3,3
Fjør,0,3,3
Flacito,3,0,3
Fladimilção,3,0,3
Fladimir,3,0,3
Flafianus,3,0,3
FLAH,0,3,3
Flahisa,0,3,3
Flahrety,3,0,3
Flaine,0,3,3
Flaire,0,3,3
Flamarion,3,0,3
Flames,3,0,3
Flamia,0,3,3
Flamke,0,3,3
Flamma,3,0,3
Flamora,0,3,3
Flan,3,0,3
Fland,3,0,3
Flandrijs,3,0,3
Flandrina,0,3,3
Flangeru,3,0,3
Flania,0,3,3
Flannan,3,0,3
Flannery,0,3,3
Flanora,0,3,3
Flans,3,0,3
Flantinus,3,0,3
Fläör,0,3,3
Flatelli,3,0,3
Flatié,3,0,3
Flaura,0,3,3
Flaurentino,3,0,3
Flava,0,3,3
Flavel,3,0,3
Flavianes,3,0,3
Flavié,0,3,3
Flavienne,0,3,3
Flaviënne,0,3,3
Flaviënny,0,3,3
Flavijan,3,0,3
Flavijo,3,0,3
Flavinho,3,0,3
Flàvio,3,0,3
Flavió,3,0,3
Flaviona,0,3,3
Flavus,3,0,3
Flavy,0,3,3
Flayens,3,0,3
Flayn,3,0,3
Fleandra,0,3,3
Fleau,0,3,3
Fledda,0,3,3
Fleem,3,0,3
Flem,3,0,3
Flenora,0,3,3
Fleonore,0,3,3
Fler,3,0,3
Fleria,0,3,3
Flerin,3,0,3
Flerona,0,3,3
Fletch,3,0,3
Fleur-anne,0,3,3
Fleur-Annelijn,0,3,3
Fleur-Caroline,0,3,3
Fleur-Cecille,0,3,3
Fleur-Edeltraud,0,3,3
Fleur-Elanie,0,3,3
Fleur-Elène,0,3,3
Fleur-Elise,0,3,3
Fleur-Fay,0,3,3
Fleur-Feline,0,3,3
Fleur-Lotte,0,3,3
Fleur-Louise,0,3,3
Fleur-Marie,0,3,3
Fleur-Mimi,0,3,3
Fleur-Olivia,0,3,3
Fleur-Sophie,0,3,3
Fleur-Stefanie,0,3,3
Fleuraly,0,3,3
Fleurantine,0,3,3
Fleurdina,0,3,3
Fleurélie,0,3,3
Fleurelijn,0,3,3
Fleurella,0,3,3
Fleurentien,0,3,3
Fleuríe,0,3,3
Fleurie-Anne,0,3,3
Fleuriejan,0,3,3
Fleurienne,0,3,3
Fleurientje,0,3,3
Fleurinda,0,3,3
Fleurinke,0,3,3
Fleurisanne,0,3,3
Fleurise,0,3,3
Fleuriska,0,3,3
Fleurisse,0,3,3
Fleurita,0,3,3
Fleurosa,0,3,3
Fleurrella,0,3,3
Fleurus,3,0,3
Fleury-Anne,0,3,3
Fleviano,3,0,3
Flevinus,3,0,3
Flexy,3,0,3
FLH,3,0,3
Flief,3,0,3
Flijne,0,3,3
Flikis,3,0,3
Flinck,3,0,3
Flinq,3,0,3
Flinter,0,3,3
Flip-Antoin,3,0,3
Flipina,0,3,3
Flipine,0,3,3
Flippo,3,0,3
Flista,0,3,3
Fliz,0,3,3
Fló,0,3,3
Flo-Florence,0,3,3
Flo-Sophie,0,3,3
Floare,0,3,3
Floareanne,0,3,3
Flobathier,3,0,3
Flobatir,3,0,3
Flober,3,0,3
Flockje,0,3,3
Floe,3,0,3
Floenke,0,3,3
Floep,0,3,3
Floes,0,3,3
Floeske,3,0,3
Flohil,0,3,3
Flohre,0,3,3
Flohrenz,3,0,3
Floijd,3,0,3
Floir,3,0,3
Flóki,3,0,3
Flokje,0,3,3
Flomincia,3,0,3
Flomo,3,0,3
Flona,0,3,3
Flonza,0,3,3
Floor-Anna,0,3,3
Floor-Else,0,3,3
Floor-Jan,3,0,3
Floor-Sanne,0,3,3
Floor-Willem,3,0,3
Floorangelo,3,0,3
Floorans,3,0,3
Floorda,0,3,3
Flooren,0,3,3
Floori-Anne,0,3,3
Flooriene,0,3,3
Floorijne,0,3,3
Floorina,0,3,3
Floorinda,0,3,3
Flooris,3,0,3
Floorjani,0,3,3
Floorszoon,3,0,3
Floort,3,0,3
Floortje-Anne,0,3,3
Floortje-Carlijn,0,3,3
Floortje-Jo,0,3,3
Floortje-Kim,0,3,3
Floortje-Loes,0,3,3
Floortje-Marie,0,3,3
Floortje-Pien,0,3,3
Floos,0,3,3
Flopatir,3,0,3
Flora-Ann,0,3,3
Flora-Anna,0,3,3
Flora-Aurora,0,3,3
Flora-Bella,0,3,3
Flora-Jane,0,3,3
Flora-Liza,0,3,3
Flora-Olivia,0,3,3
Flora-Yaiza,0,3,3
Florabelle,0,3,3
Florabertha,0,3,3
Florain,3,0,3
Floraline,0,3,3
Floralyn,0,3,3
Floramaria,0,3,3
Floranca,0,3,3
Floránce,0,3,3
Floranci,0,3,3
Florane,0,3,3
Florangel,0,3,3
Florangy,0,3,3
Florank,3,0,3
Florann,0,3,3
Floranova,0,3,3
Floransia,0,3,3
Floranthina,0,3,3
Florantyna,0,3,3
Florayna,0,3,3
Florbert,3,0,3
Flordalisa,0,3,3
Flordeliza,0,3,3
Flordemaria,0,3,3
Flóre,0,3,3
Flore-Jolie,0,3,3
Flore-Louise,0,3,3
Flore-Sophie,0,3,3
Floreal,3,0,3
Floreanna,0,3,3
Floredinus,3,0,3
Floregina,0,3,3
Floregine,0,3,3
Florelein,0,3,3
Florelien,0,3,3
Florelinde,0,3,3
Florelise,0,3,3
Floremie,0,3,3
Flórence,0,3,3
Florènce-Aimée,0,3,3
Florence-Marie,0,3,3
Florence-Sophie,0,3,3
Florenceson,3,0,3
Florencetina,0,3,3
Florenciana,0,3,3
Florenco,3,0,3
Florenço,3,0,3
Florenda,0,3,3
Florène,0,3,3
Florenhce,3,0,3
Florenica,0,3,3
Florenja,0,3,3
Florenjelique,0,3,3
Florens-Jan,3,0,3
Florenscia,0,3,3
Florènse,0,3,3
Florensio,3,0,3
Florenska,0,3,3
Florént,0,3,3
Florenteyn,3,0,3
Florenthe,0,3,3
Florenthyn,3,0,3
Florentianus,3,0,3
Florentijna,0,3,3
Florentine-Maria,0,3,3
Florentinia,0,3,3
Florentsz,3,0,3
Floreo,3,0,3
Flores-Christof,3,0,3
Flores-Folkert,3,0,3
Florès-Wilhelmina,0,3,3
Floresca,0,3,3
Florese,0,3,3
Floresina,0,3,3
Floresita,0,3,3
Floresta,0,3,3
Floretha,0,3,3
Floretina,0,3,3
Floreyn,3,0,3
Floreyne,0,3,3
Florezina,0,3,3
Flori-jan,3,0,3
Floriaantje,0,3,3
Floriaen,3,0,3
Florial,3,0,3
Floriam,3,0,3
Florián,3,0,3
Florían,3,0,3
Floriàn,3,0,3
Flórian,0,3,3
Florian-Arthur,3,0,3
Florian-Joachim,3,0,3
Florian-Julius,3,0,3
Florian-Marin,3,0,3
Florian-Pieter,3,0,3
Florianda,0,3,3
Floriani,0,3,3
Flórianne,0,3,3
Florianne-Liberty,0,3,3
Floriant,3,0,3
Floriantijn,3,0,3
Floribela,0,3,3
Floribella,0,3,3
Floribelle,0,3,3
Floriberti,0,3,3
Floribetta,0,3,3
Floricienta,0,3,3
Florick,3,0,3
Florid,0,3,3
Floride,0,3,3
Floridina,0,3,3
Florido,3,0,3
Floridus,3,0,3
Flòrie,0,3,3
Floríe,0,3,3
Floriean,3,0,3
Floriek,0,3,3
Florieneke,0,3,3
Floriènne,0,3,3
Floriensdochter,0,3,3
Florient,3,0,3
Florientje,0,3,3
Floriëtte,0,3,3
Florijanto,3,0,3
Florije,0,3,3
Florijna,0,3,3
Florika,0,3,3
Florimina,0,3,3
Florimo,3,0,3
Florimondy,3,0,3
Florimundes,3,0,3
Florín,3,0,3
Florin-Saskia,0,3,3
Florinel,3,0,3
Florinella,0,3,3
Florinetta,0,3,3
Florinha,0,3,3
Florinio,3,0,3
Florinoor,0,3,3
Florinsia,0,3,3
Florint,3,0,3
Florintina,0,3,3
Floriny,0,3,3
Florinza,0,3,3
Florio,3,0,3
Floripa,0,3,3
Flóris,3,0,3
Floris-Adriaan,3,0,3
Floris-Alexander,3,0,3
Floris-Andy,3,0,3
Floris-Anton,3,0,3
Floris-Bastiaan,3,0,3
Floris-Beau,3,0,3
Floris-Corné,3,0,3
Floris-Ernst,3,0,3
Floris-Finn,3,0,3
Floris-Frank,3,0,3
Floris-Frits,3,0,3
Floris-Hendrik,3,0,3
Floris-Jaan,3,0,3
Floris-Jacob,3,0,3
Floris-Jean,3,0,3
Floris-Jeff,3,0,3
Floris-Jelle,3,0,3
Floris-Jeroen,3,0,3
Floris-Job,3,0,3
Floris-Joël,3,0,3
Floris-Johan,3,0,3
Floris-Marijn,3,0,3
Floris-Martijn,3,0,3
Floris-Meryn,3,0,3
Floris-Olivier,3,0,3
Floris-Pepijn,3,0,3
Floris-Pieter,3,0,3
Floris-René,3,0,3
Floris-Rob,3,0,3
Floris-Tijmen,3,0,3
Floris-Tijn,3,0,3
Floris-Toon,3,0,3
Floris-Willem,3,0,3
Floris-Wouter,3,0,3
Florisande,0,3,3
Florisbell,0,3,3
Florisel,0,3,3
Florisina,0,3,3
Floriso,3,0,3
Florista,0,3,3
Florix,3,0,3
Floriyan,3,0,3
Florleency,0,3,3
Flormaria,0,3,3
Flormylu,0,3,3
Flornita,0,3,3
Florrencis,3,0,3
Florrens,0,3,3
Florrentina,0,3,3
Florreta,0,3,3
Florriën,0,3,3
Florrys,0,3,3
Flortje,0,3,3
Florus-Jan,3,0,3
Florus-Joost,3,0,3
Florus-Tom,3,0,3
Florvie,0,3,3
Florybertus,3,0,3
Florys,3,0,3
Florysch-Thobyaz,3,0,3
Floryt,0,3,3
Florzinha,0,3,3
Floscula,0,3,3
Flotty,3,0,3
Flourish,0,3,3
Flourita,0,3,3
Floxy,0,3,3
Floy,0,3,3
Floyan,3,0,3
Floyd-Silvijn,3,0,3
Floydzard,3,0,3
Flrat,3,0,3
Flu,0,3,3
Fluğencio,3,0,3
Flup,3,0,3
Flurentia,0,3,3
Flurim,3,0,3
Flurin,3,0,3
Flurina,0,3,3
Flursira,0,3,3
Flutur,0,3,3
Flýgur,0,3,3
Flync,3,0,3
Flynn-Laurens,3,0,3
Flynn-may,0,3,3
Flynnt,3,0,3
Flyur,3,0,3
FMM,0,3,3
FMT,0,3,3
Fnaan,0,3,3
FNL,3,0,3
Fnot,0,3,3
Fo'ad,3,0,3
Foa,3,0,3
Foaad,3,0,3
Foäd,3,0,3
Foahlan,3,0,3
Foaïd,3,0,3
Foan,0,3,3
Foaud,3,0,3
Foaz,3,0,3
Fobang,3,0,3
Fobbo,3,0,3
Fobke,0,3,3
Fochinus,3,0,3
Focina,0,3,3
Fock,3,0,3
Fockelina,0,3,3
Fockelinus,3,0,3
Focken,3,0,3
Fockina,0,3,3
Fockolina,0,3,3
Fockona,0,3,3
Focqueline,0,3,3
Fodayan,3,0,3
Fodayl,3,0,3
Fodemoussa,3,0,3
Fodiyah,0,3,3
Fodwor,0,3,3
Fodykaba,3,0,3
Foe-Chiang,3,0,3
Foe-Kiong,3,0,3
Foe-Kwai,3,0,3
Foe-Tjoen,3,0,3
Foeäd,3,0,3
Foeat,3,0,3
Foebe,0,3,3
Foechiena,0,3,3
Foeco,3,0,3
Foedail,3,0,3
Foei-Fong,0,3,3
Foei-Ken,3,0,3
Foei-Thien,0,3,3
Foeitjien,0,3,3
Foek-Mien,3,0,3
Foek-Sheng,3,0,3
Foek-Yam,3,0,3
Foek-Yen,0,3,3
Foeken,3,0,3
Foekke,3,0,3
Foeklin,3,0,3
Foeksam,3,0,3
Foekzhen,3,0,3
Foeldrik,3,0,3
Foeldrika,0,3,3
Foelina,0,3,3
Foelkeline,0,3,3
Foelkina,0,3,3
Foelko,3,0,3
Foenda,0,3,3
Foeng-Ling,0,3,3
Foenke,0,3,3
Foerqaan,3,0,3
Foet,3,0,3
Foetsan,3,0,3
Foey,3,0,3
Foezail,3,0,3
Fofieh,0,3,3
Fofin,3,0,3
Fog,3,0,3
Fogalle,0,3,3
Fogan,0,3,3
Fogel,0,3,3
Fogelena,0,3,3
Fogeliena,0,3,3
Fogitte,0,3,3
Fograj,0,3,3
Fohat,3,0,3
Foillanus,3,0,3
Foiz,3,0,3
Fojan,3,0,3
Fojez,3,0,3
Fokaliena,0,3,3
Fokalin,0,3,3
Fokalinda,0,3,3
Fokalisa,0,3,3
Fokas,3,0,3
Fokchiena,0,3,3
Fokco,3,0,3
Fokelette,0,3,3
Fokelin,0,3,3
Fokelinda,0,3,3
Fokeliny,0,3,3
Fokellina,0,3,3
Fokelline,0,3,3
Fokèltje,0,3,3
Fokelyne,0,3,3
Fokes,3,0,3
Fokgina,0,3,3
Fokima,0,3,3
Fokine,0,3,3
Fokje-Anna,0,3,3
Fokje-Anne,0,3,3
Fokje-Margriet,0,3,3
Fokjelienke,0,3,3
Fokjeline,0,3,3
Fokka,0,3,3
Fokkaliena,0,3,3
Fokke-Djoerd,3,0,3
Fokke-Geert,3,0,3
Fokke-Harm,3,0,3
Fokke-Lammert,3,0,3
Fokke-Maarten,3,0,3
Fokke-Simme,3,0,3
Fokke-Sjoerd,3,0,3
Fokkea,0,3,3
Fokkedien,0,3,3
Fokkeliene,0,3,3
Fokkelinda,0,3,3
Fokkelini,0,3,3
Fokkelline,0,3,3
Fokkemijn,0,3,3
Fokkesz,3,0,3
Fokketine,0,3,3
Fokkine,0,3,3
Fokkje,0,3,3
Fokko-Aldert,3,0,3
Fokko-Ernst,3,0,3
Fokko-Gert,3,0,3
Fokkobina,0,3,3
Fokkojan,3,0,3
Fokobien,0,3,3
Fokolien,0,3,3
Foksea,0,3,3
Fokuo,3,0,3
Foky-Anna,0,3,3
Fol,3,0,3
Fola,0,3,3
Folami,0,3,3
Folaran,0,3,3
Folarin,0,3,3
Folashadé,0,3,3
Folayemi,0,3,3
Folbertus,3,0,3
Folcherdina,0,3,3
Folcherus,3,0,3
Folcko,3,0,3
Folcmar,3,0,3
Folcuinus,3,0,3
Folcwinus,3,0,3
Foldert,3,0,3
Foléor,3,0,3
Folgera,0,3,3
Folgiena,0,3,3
Folguéra,0,3,3
Folguinus,3,0,3
Folianus,3,0,3
Folieke,0,3,3
Folinho,3,0,3
Folinus,3,0,3
Folka,0,3,3
Folkaliena,0,3,3
Folkalina,0,3,3
Folkard,3,0,3
Folkbert,3,0,3
Folke-Jurjan,3,0,3
Folkelinda,0,3,3
Folkeres,3,0,3
Folkers,3,0,3
Folkert-Jelmer,3,0,3
Folkert-Marius,3,0,3
Folkert-Oege,3,0,3
Folkerthea,0,3,3
Folkertsdochter,0,3,3
Folkertszoon,3,0,3
Folketine,0,3,3
Folkgard,0,3,3
Folkri,0,3,3
Folkward,3,0,3
Folkwine,0,3,3
Folleh,0,3,3
Folliene,0,3,3
Follina,0,3,3
Folline,0,3,3
Folmertje,0,3,3
Folmina,0,3,3
Folmine,0,3,3
Fololo,0,3,3
Folorunsho,3,0,3
Folptine,0,3,3
Folquinis,3,0,3
Folqwuines,3,0,3
Folste,0,3,3
Folterius,3,0,3
Folthinus,3,0,3
Foltje,0,3,3
Foltz,3,0,3
Folucianus,3,0,3
Foluke,0,3,3
Folutiana,0,3,3
Foluwashomi,3,0,3
Folvert,3,0,3
Folyanna,0,3,3
Folyanne,0,3,3
Foma,3,0,3
Fomilo,0,3,3
Fompke,0,3,3
Fomyo,3,0,3
Fon-Lai,3,0,3
Fon-Phoei,0,3,3
Fon-Wan,3,0,3
Fon-Wang,0,3,3
Fon-Yan,3,0,3
Fonchive,3,0,3
Foncia,3,0,3
Foncine,0,3,3
Fonde,0,3,3
Fondisa,0,3,3
Fonds,3,0,3
Fondy,3,0,3
Fong-Leng,0,3,3
Fong-Winson,3,0,3
Fong-Yee,0,3,3
Fonge,0,3,3
Föngen,3,0,3
Fongeriene,0,3,3
Fongerine,0,3,3
Fongert,3,0,3
Fongleng,0,3,3
Fongling,0,3,3
Fongman,3,0,3
Fongyan,0,3,3
Fonke,0,3,3
Fonnette,0,3,3
Fonni,0,3,3
Fons-Herbert,3,0,3
Fons-Jan,3,0,3
Fons-Willem,3,0,3
Fonsia,0,3,3
Fonsisca,0,3,3
Fonsjan,3,0,3
Fonsy,3,0,3
Fontalba,0,3,3
Fontan,3,0,3
Fontecha,3,0,3
Fonteleroy,3,0,3
Fontenna,0,3,3
Fonthé,0,3,3
Fonthip,0,3,3
Fontina,0,3,3
Fonwaa,0,3,3
Fonza,0,3,3
Fonzarelli,3,0,3
Fonzerellie,3,0,3
Fonzerreli,3,0,3
Foojan,0,3,3
Fook-Wun,3,0,3
Fookje,0,3,3
Fooleea,0,3,3
Foong-Yee,0,3,3
Foor,3,0,3
Foose,3,0,3
Footiní,0,3,3
Fooziye,0,3,3
Fopberta,0,3,3
Fope,3,0,3
Fopka,0,3,3
Fopke-Jan,3,0,3
Foppe-Auke,3,0,3
Foppe-Henk,3,0,3
Foppe-Jaap,3,0,3
Foppe-Jilt,3,0,3
Foppeline,0,3,3
Foppie,0,3,3
Foraat,3,0,3
Forawyn,0,3,3
Foray,3,0,3
Forayva,0,3,3
Forcys,3,0,3
Fordah,3,0,3
Fordina,0,3,3
Fordry,3,0,3
Forelle,3,0,3
Forenkzy,3,0,3
Foreno,3,0,3
Forentine,0,3,3
Fores,3,0,3
Forése,3,0,3
Foresster,3,0,3
Forester,3,0,3
Forette,0,3,3
Forever,3,0,3
Forgie,3,0,3
Forginzja,0,3,3
Foria,0,3,3
Forien,0,3,3
Foriena,0,3,3
Forike,0,3,3
Förillio,3,0,3
Forine,0,3,3
Forino,3,0,3
Foris,3,0,3
Fóris,3,0,3
Forist,3,0,3
Forit,3,0,3
Foriwaa,0,3,3
Foriwaah,0,3,3
Forizjah,0,3,3
Forkea,0,3,3
Forkuo,3,0,3
Formelia,0,3,3
Formenson,3,0,3
Fornaio,3,0,3
Fornya,0,3,3
Forohg,3,0,3
Foroogh,0,3,3
Forouz,0,3,3
Forozan,0,3,3
Forrendina,0,3,3
Forrendinis,3,0,3
Forres,3,0,3
Forrester,3,0,3
Forrinus,3,0,3
Forryva,0,3,3
Forscina,0,3,3
Forsete,0,3,3
Forsina,0,3,3
Forsja,0,3,3
Forssen,3,0,3
Forster,0,3,3
Forsythia,0,3,3
Fortaleza,0,3,3
Forté,3,0,3
Forte,3,0,3
Fortima,0,3,3
Fortin,0,3,3
Fortinatus,3,0,3
Fortini,0,3,3
Fortis,3,0,3
Forttrim,3,0,3
Fortu,3,0,3
Fortuijn,3,0,3
Fortuin,0,3,3
Fortun,3,0,3
Fòrtuna,0,3,3
Fortunado,3,0,3
Fortunatan,3,0,3
Fortunatu,0,3,3
Fortunátus,3,0,3
Fortunë,0,3,3
Fortunee,0,3,3
Fortunella,0,3,3
Fortuun,0,3,3
Förüzan,0,3,3
Forza,0,3,3
Forzoh,3,0,3
Foscéa,0,3,3
Foscea,0,3,3
Foscer,3,0,3
Foscka,0,3,3
Foscolo,3,0,3
Fosha,0,3,3
Foshan,0,3,3
Fosien,0,3,3
Foska,0,3,3
Foskelien,0,3,3
Foskine,0,3,3
Fossanus,3,0,3
Fosta,0,3,3
Fostian,3,0,3
Fosuhemaa,0,3,3
Fosuhemaah,0,3,3
Fosuwaa,0,3,3
Fosz,3,0,3
Foteinakis,3,0,3
Foti,3,0,3
Fotigui,3,0,3
Fotine,0,3,3
Fotiní,0,3,3
Fotinos,3,0,3
Fotio,3,0,3
Fòtios,3,0,3
Fotoun,0,3,3
Fou-Ad,3,0,3
Fou-Khan,3,0,3
Foüad,3,0,3
Fouade,3,0,3
Fouadi,3,0,3
Fouadisca,0,3,3
Fouadovitch,3,0,3
Fouazi,3,0,3
Foubie,3,0,3
Foubiena,0,3,3
Fouche,3,0,3
Fouchienus,3,0,3
Fouda,0,3,3
Foudayl,3,0,3
Foudia,0,3,3
Foudina,0,3,3
Fouëd,3,0,3
Foues,3,0,3
Foufke,0,3,3
Fougiena,0,3,3
Fougina,0,3,3
Fouko,3,0,3
Foulette,0,3,3
Foulidis,0,3,3
Foulien,0,3,3
Foulkine,0,3,3
Foundel,3,0,3
Foung,3,0,3
Fountain,3,0,3
Four,3,0,3
Fourad,3,0,3
Fouraya,0,3,3
Fourlina,0,3,3
Fournier,3,0,3
Fourouzan,0,3,3
Fourqan,3,0,3
Fousha,0,3,3
Fousija,0,3,3
Foustinus,3,0,3
Fousya,0,3,3
Fouta,0,3,3
Foutah,3,0,3
Fouw,3,0,3
Fouwkje,0,3,3
Fouwsja,0,3,3
Fouxia,0,3,3
Fouzan,3,0,3
Fouzie,3,0,3
Fouzija,0,3,3
Fouziya-Ameerah,0,3,3
Fow,3,0,3
Fowaa,0,3,3
Fowaah,0,3,3
Fowaz,3,0,3
Fowles,3,0,3
Fowsi,3,0,3
Fowsiya,0,3,3
Foxter,3,0,3
Foyesur,3,0,3
Foyezur,3,0,3
Fozea,0,3,3
Fr'Ida,0,3,3
Fraa,0,3,3
Fraai,0,3,3
Fraaij,0,3,3
Fraas,3,0,3
Fraatje,0,3,3
Fraaz,3,0,3
Frabert,3,0,3
Frabian,3,0,3
Frabricius,3,0,3
Frabyen,3,0,3
Fracesco,3,0,3
Frachiel,3,0,3
Fracina,0,3,3
Fracisca,0,3,3
Fradel,0,3,3
Fradela,0,3,3
Fraden,3,0,3
Fradi,0,3,3
Fradiana,0,3,3
Fradj,3,0,3
Fraederik,3,0,3
Fraëncis,3,0,3
Fraenky,3,0,3
Fraenny,0,3,3
Fraësher,3,0,3
Fragen,0,3,3
Fragette,0,3,3
Fragile,0,3,3
Fraguas,0,3,3
Frai-Jylen,3,0,3
Fraichellynn,0,3,3
Fraiëndro,3,0,3
Frailon,3,0,3
Frainellis,0,3,3
Fraintley,3,0,3
Frair,0,3,3
Fraïsha,0,3,3
Fraishelrondley,3,0,3
Fraizhino,3,0,3
Fraj,3,0,3
Fraja,0,3,3
Frajo,3,0,3
Frajou,3,0,3
Framira,0,3,3
Framke,0,3,3
Framkje,0,3,3
Framon,3,0,3
Framorz,3,0,3
Fran-Laysha,0,3,3
Frana,0,3,3
Franaaz,0,3,3
Franara,0,3,3
Françaisca,0,3,3
Francalli,3,0,3
Françan,0,3,3
Francanne,0,3,3
Francarlo,3,0,3
Francart,3,0,3
France-Sophie,0,3,3
Franceijntje,0,3,3
Francein,0,3,3
Francela,0,3,3
Francelay,3,0,3
Francelij,0,3,3
Francelix,3,0,3
Francelize,0,3,3
Francelleke,0,3,3
Françelleke,0,3,3
Francello,3,0,3
Francena,0,3,3
Francensco,3,0,3
Fránces,0,3,3
Frances-Claire,0,3,3
Frances-Luna,0,3,3
Francèsca,0,3,3
Francesce,0,3,3
Franceschino,3,0,3
Frančesco,3,0,3
Francešco,3,0,3
Francèsco,3,0,3
Francescus,3,0,3
Françeska,0,3,3
Franćeska,0,3,3
Franceske,0,3,3
Francesne,0,3,3
Francessina,0,3,3
Francezca,0,3,3
Francha,3,0,3
Francheca,0,3,3
Franchel,3,0,3
Franchela,0,3,3
Franchelie,0,3,3
Franchell,3,0,3
Franchella,0,3,3
Franchelle,0,3,3
Franchellie,0,3,3
Franchêre,0,3,3
Franches,0,3,3
Franchéska,0,3,3
Franchesnis,0,3,3
Franchet,0,3,3
Franchezkah,0,3,3
Franchie,0,3,3
Franchis,0,3,3
Franchita,0,3,3
Franchoys,3,0,3
Francialu,0,3,3
Franciandy,3,0,3
Franciane,0,3,3
Francic,3,0,3
Francici,3,0,3
Francicia,0,3,3
Francicka,3,0,3
Francicsa,0,3,3
Francicsus,3,0,3
Franciel,3,0,3
Franciely,0,3,3
Franciem,3,0,3
Franciën,0,3,3
Franciëna,0,3,3
Franciëne,0,3,3
Franciënna,0,3,3
Françies,3,0,3
Franciésco,3,0,3
Francieska,0,3,3
Françiette,0,3,3
Francijntie,0,3,3
Francijnus,3,0,3
Francika,0,3,3
Francil,3,0,3
Francillia,0,3,3
Francillo,3,0,3
Francín,0,3,3
Francina-Antje,0,3,3
Francinata,0,3,3
Francineke,0,3,3
Francinella,0,3,3
Francines,3,0,3
Francineshka,0,3,3
Francinetti,0,3,3
Franciniënne,0,3,3
Francinisca,0,3,3
Francinius,3,0,3
Francinka,0,3,3
Francinna,0,3,3
Françinus,3,0,3
Franciny,0,3,3
Francio,3,0,3
Françios,3,0,3
Francis-Ann,0,3,3
Francis-Ing,3,0,3
Francis-Jolijn,0,3,3
Francis-Lynne,0,3,3
Francis-Mireille,0,3,3
Francisa,0,3,3
Fráncisca,0,3,3
Francisça,0,3,3
Francisca-Anna,0,3,3
Francisca-Jennifer,0,3,3
Francisca-Ramona,0,3,3
Franciscana,0,3,3
Franciscas,3,0,3
Francisces,3,0,3
Francischa,0,3,3
Franciscina,0,3,3
Franciscos,3,0,3
Franciscsa,0,3,3
Franciscua,3,0,3
Franciscus-Alexander,3,0,3
Franciscus-Fali,3,0,3
Franciscus-Hendrikus,3,0,3
Franciscus-Jan,3,0,3
Françise,0,3,3
Frančišek,3,0,3
Francisek,3,0,3
Franciseus,3,0,3
Francisia,0,3,3
Francisius,3,0,3
Françiska,0,3,3
Franciskovich,3,0,3
Franciskovna,0,3,3
Francisqus,0,3,3
Francissa,0,3,3
Francissca,0,3,3
Franciszeck,3,0,3
Franciszik,3,0,3
Fránciszka,0,3,3
Francizka,0,3,3
Frânck,3,0,3
Franck-Joris,3,0,3
Franckie,3,0,3
Francko,3,0,3
Francktina,0,3,3
Franclina,0,3,3
Franclyn,3,0,3
Françoi,3,0,3
Francoijs,3,0,3
Francoir,3,0,3
Franċois,3,0,3
Françoís,3,0,3
Francóis,3,0,3
François-Henri,3,0,3
François-Marie,3,0,3
François-Nicol,3,0,3
François-Robert,3,0,3
Françoisa,0,3,3
Francoïse,0,3,3
Franćoise,0,3,3
Françoise-Jeannette,0,3,3
Françoisia,0,3,3
Francoisia,0,3,3
Francoisse,0,3,3
Françon,3,0,3
Francons,3,0,3
Francos,3,0,3
Françose,0,3,3
Françoyse,0,3,3
Francsicus,3,0,3
Françua,3,0,3
Francuois,3,0,3
Françusca,0,3,3
Françuska,0,3,3
Francuska,0,3,3
Francwaïllie,0,3,3
Francy-Jean,0,3,3
Francy-Liano,3,0,3
Francyanne,0,3,3
Francyia,0,3,3
Francynus,3,0,3
Francziska,0,3,3
Frandaylie,0,3,3
Frandely,0,3,3
Frandi,3,0,3
Frandiënnegelo,3,0,3
Frandion,3,0,3
Frandjaily,0,3,3
Frandjomar,3,0,3
Frando,3,0,3
Frandra,0,3,3
Frandrikus,3,0,3
Frandry,3,0,3
Frandus,3,0,3
Frang,0,3,3
Franga,0,3,3
Frangelica,0,3,3
Frangely,0,3,3
Frangenio,3,0,3
Franghinio,3,0,3
Frangi,0,3,3
Frangiolly,3,0,3
Frangken,3,0,3
Frangy,0,3,3
Frangynella,0,3,3
Frania,0,3,3
Franick,3,0,3
Franico,3,0,3
Franis,0,3,3
Franisha,0,3,3
Franjasco,3,0,3
Franjaynuën,3,0,3
Franjean,0,3,3
Franjera,0,3,3
Franjesca,0,3,3
Franjescka,0,3,3
Franjessca,0,3,3
Franjeveny,0,3,3
Franjola,0,3,3
Frànk,3,0,3
Fránk,3,0,3
Frank-,3,0,3
Frank-Albert,3,0,3
Frank-Alexander,3,0,3
Frank-Anne,3,0,3
Frank-Antonie,3,0,3
Frank-Arnoud,3,0,3
Frank-Christiaan,3,0,3
Frank-Diederik,3,0,3
Frank-Edward,3,0,3
Frank-Erol,3,0,3
Frank-Gilbert,3,0,3
Frank-Glyn,3,0,3
Frank-Hoang,3,0,3
Frank-Hubert,3,0,3
Frank-Jaap,3,0,3
Frank-Jacco,3,0,3
Frank-Jeroen,3,0,3
Frank-John,3,0,3
Frank-Joost,3,0,3
Frank-Joseph,3,0,3
Frank-Jozef,3,0,3
Frank-Juriën,3,0,3
Frank-Laurence,3,0,3
Frank-Lewis,3,0,3
Frank-lin,3,0,3
Frank-Ludwin,3,0,3
Frank-Marcel,3,0,3
Frank-Michel,3,0,3
Frank-Renee,3,0,3
Frank-Robert,3,0,3
Frank-Sylvester,3,0,3
Frank-Xavier,3,0,3
Franka-Dewi,0,3,3
Franka-Marie,0,3,3
Frankcely,3,0,3
Frankchesca,0,3,3
Frankcicus,0,3,3
Frankcisca,0,3,3
Frankciscus,3,0,3
Frankciska,0,3,3
Frankciskus,3,0,3
Franke-Annemarie,0,3,3
Franke-Mijntje,0,3,3
Frankea,0,3,3
Frankelena,0,3,3
Frankelien,0,3,3
Frankeliena,0,3,3
Frankelieze,0,3,3
Frankeling,3,0,3
Frankelino,3,0,3
Frankeyli,3,0,3
Frankie-Kid,3,0,3
Frankiena,0,3,3
Frankij,3,0,3
Frankka,0,3,3
Frankky,3,0,3
Frankla,0,3,3
Fränkle,3,0,3
Frankleen,0,3,3
Frankleyn,3,0,3
Frânklin,3,0,3
Franklin'D,3,0,3
Franklin-Jan,3,0,3
Franklin-Junior,3,0,3
Frankling,0,3,3
Franklinn,3,0,3
Franklove,3,0,3
Franklynn,3,0,3
Frankmoore,3,0,3
Frankolien,0,3,3
Frankoliene,0,3,3
Frankomar,3,0,3
Frankot,3,0,3
Frankovna,0,3,3
Franksiska,0,3,3
Franksisko,3,0,3
Franksjors,3,0,3
Frankson,3,0,3
Franktiena,0,3,3
Frankton,3,0,3
Frankus,3,0,3
Frankward,3,0,3
Frankwinus,3,0,3
Fránky,3,0,3
Franlie,0,3,3
Franly,3,0,3
Frann,3,0,3
Frannailyshon,3,0,3
Frannette,0,3,3
Frannoir,3,0,3
Franqa,0,3,3
Franqois,3,0,3
Franqoise,0,3,3
Franquelino,3,0,3
Franriana,0,3,3
Franroël,3,0,3
Frans-Adrian,3,0,3
Frans-Albert,3,0,3
Frans-Antoine,3,0,3
Frans-Antoon,3,0,3
Frans-Bart,3,0,3
Frans-Bas,3,0,3
Frans-David,3,0,3
Frans-Dirk,3,0,3
Frans-Douwe,3,0,3
Frans-Felix,3,0,3
Frans-Friso,3,0,3
Frans-Gerard,0,3,3
Frans-Gerben,3,0,3
Frans-Henk,3,0,3
Frans-Hilko,3,0,3
Frans-Hubert,3,0,3
Frans-Johan,3,0,3
Frans-Julian,3,0,3
Frans-Jurgen,3,0,3
Frans-Karel,3,0,3
Frans-Kaspar,3,0,3
Frans-Kees,3,0,3
Frans-Koenraad,3,0,3
Frans-Lodewijk,3,0,3
Frans-Lucas,3,0,3
Frans-Maria,3,0,3
Frans-Mark,3,0,3
Frans-martinus,3,0,3
Frans-Maurits,3,0,3
Frans-Robbert,3,0,3
Frans-Rogéra,0,3,3
Frans-Roland,3,0,3
Frans-Ruben,3,0,3
Frans-Rutger,3,0,3
Frans-Theodoor,3,0,3
Frans-Wouter,3,0,3
Frans-zoon,3,0,3
Fransa,0,3,3
Fransanna,0,3,3
Fransario,3,0,3
Franscaise,0,3,3
Franscale,0,3,3
Fransces,3,0,3
Franscheca,0,3,3
Franschesco,3,0,3
Franscheska,0,3,3
Franschisca,0,3,3
Franscico,3,0,3
Franscijntje,0,3,3
Franscilla,0,3,3
Fransçina,0,3,3
Fransciskes,3,0,3
Franscisko,3,0,3
Fransçois,3,0,3
Franscois,3,0,3
Fransdek,3,0,3
Fransdonk,3,0,3
Fransel,3,0,3
Franselien,0,3,3
Franseline,0,3,3
Fransella,0,3,3
Franselle,0,3,3
Fransén,0,3,3
Franser,3,0,3
Fransese,0,3,3
Fransetta,0,3,3
Franseza,0,3,3
Fransezca,0,3,3
Fransgall,0,3,3
Fransgeorge,3,0,3
Fransgerda,0,3,3
Franshaiëne,0,3,3
Franshainy,0,3,3
Franshairo,3,0,3
Fransheline,0,3,3
Franshelle,0,3,3
Franshelly,0,3,3
Franshesca,0,3,3
Franshian,3,0,3
Franshimir,3,0,3
Fransias,0,3,3
Fransicca,0,3,3
Fransice,0,3,3
Fransiëlle,0,3,3
Fransiëna,0,3,3
Fransiënne,0,3,3
Fransiëska,0,3,3
Fransijds,3,0,3
Fransijn,0,3,3
Fransikus,3,0,3
Fransil,3,0,3
Fransilco,3,0,3
Fransilia,0,3,3
Fransiliènne,0,3,3
Fransineke,0,3,3
Fransinet,0,3,3
Fransinia,0,3,3
Fransiny,0,3,3
Frânsis,0,3,3
Fransiscaan,3,0,3
Fransisces,3,0,3
Fransiscia,0,3,3
Fransisk,3,0,3
Fransiskis,0,3,3
Fransizka,0,3,3
Fransje-Mare,0,3,3
Fransjo,3,0,3
Fransjoost,3,0,3
Fransjosef,3,0,3
Fransjozef,3,0,3
Fränsk,0,3,3
Fransk,3,0,3
Frânskje,0,3,3
Franslène,0,3,3
Fransley,3,0,3
Fransli,0,3,3
Franslyn,3,0,3
Fransmee,0,3,3
Fransnesia,0,3,3
Fransoi,3,0,3
Fransoise,0,3,3
Fransooy,3,0,3
Fransosia,0,3,3
Franspeter,3,0,3
Franssi,3,0,3
Franssien,0,3,3
Franssina,0,3,3
Franssiscus,3,0,3
Franssiska,0,3,3
Franstina,0,3,3
Franstine,0,3,3
Fransuella,0,3,3
Fransuze,0,3,3
Fransyfrah,0,3,3
Fransylla,0,3,3
Fransynna,0,3,3
Fransz-Jozef,3,0,3
Franszcisca,0,3,3
Franszisca,0,3,3
Frantek,3,0,3
Frantely,0,3,3
Frantina,0,3,3
Frantineke,0,3,3
Franto,3,0,3
Franton,3,0,3
Frantu,0,3,3
Franuska,0,3,3
Franxander,3,0,3
Franxante,0,3,3
Franxiscus,3,0,3
Franyer,3,0,3
Franyeska,0,3,3
Franyesli,0,3,3
Fränz,3,0,3
Franz-Eduard,3,0,3
Franz-Ewald,3,0,3
Franz-Jan,3,0,3
Franz-Jozef,3,0,3
Franz-Philip,3,0,3
Franz-Wouter,3,0,3
Franz-Xaver,3,0,3
Franzella,0,3,3
Frânzes,3,0,3
Franzesca,0,3,3
Franzestg,3,0,3
Franzhely,0,3,3
Franzicka,0,3,3
Franzientjen,0,3,3
Franzilienny,0,3,3
Franzine,0,3,3
Franziscka,0,3,3
Franzisco,3,0,3
Franzisqa,0,3,3
Franziva,0,3,3
Franzl,3,0,3
Franzli,3,0,3
Franzo,3,0,3
Franzois,3,0,3
Franzosus,3,0,3
Franzozus,3,0,3
Franzsen,3,0,3
Franzsiska,0,3,3
Franzus,0,3,3
Franzwa,3,0,3
Fraro,3,0,3
Frasa,3,0,3
Frashanty,0,3,3
Frasheilys,0,3,3
Frashell,3,0,3
Frasier,3,0,3
Frasina,0,3,3
Frasinsha,0,3,3
Frasquito,3,0,3
Frat,3,0,3
Fratheo,3,0,3
Fraucke,0,3,3
Fraukelina,0,3,3
Fraukje-Frédérique,0,3,3
Fraunchien,0,3,3
Fraury,0,3,3
Frautje,0,3,3
Frauwien,0,3,3
Frauwkje,0,3,3
Frauwkyna,0,3,3
Frauwley,3,0,3
Fravash,3,0,3
Fray,3,0,3
Fray-Eloise,0,3,3
Fraylon,3,0,3
Fraysel,3,0,3
Frazier,3,0,3
Frdaus,3,0,3
Frdous,3,0,3
Fre',0,3,3
Fré-anna,0,3,3
Fré-Christo,3,0,3
Fre-Jan,3,0,3
Fré-Meine,3,0,3
Fré-Nanda,0,3,3
Fré-Rieke,0,3,3
Frëa,0,3,3
Freä,0,3,3
Freak,3,0,3
Frealy,3,0,3
Frean,3,0,3
Fréan,0,3,3
Freanda,0,3,3
Freandyon,3,0,3
Fréanne,0,3,3
Frearick,3,0,3
Freark-Evert,3,0,3
Frearkje,0,3,3
Frearks,3,0,3
Freaya,0,3,3
Freba,0,3,3
Frébenmarjul,3,0,3
Freca,3,0,3
Frécal,3,0,3
Frecina,0,3,3
Frecinda,0,3,3
Freco,3,0,3
Fred-Anton,3,0,3
Fred-Michael,3,0,3
Fredagonda,0,3,3
Fredald,3,0,3
Fredanovka,0,3,3
Fredarique,0,3,3
Freddah,0,3,3
Freddinanda,0,3,3
Freddy-Brigitte,0,3,3
Freddy-Jo,3,0,3
Freddy-Marcel,3,0,3
Freddyco,3,0,3
Freddyjan,3,0,3
Freddymir,3,0,3
Frede-Rike,0,3,3
Fredegard,0,3,3
Frédégonde,0,3,3
Fredegundus,3,0,3
Fredeleen,0,3,3
Fredelief,0,3,3
Fredeliene,0,3,3
Fredelijn,0,3,3
Fredelineke,0,3,3
Fredelise,0,3,3
Fredemara,0,3,3
Fredenrica,3,0,3
Freder,3,0,3
Frederek,3,0,3
Fréderi,0,3,3
Frederiaan,3,0,3
Fredéric,3,0,3
Frèdéric,3,0,3
Frèdèric,3,0,3
Frederic-Jan,3,0,3
Fréderic-Jean,3,0,3
Fréderic-Joël,3,0,3
Frédéric-Marie,3,0,3
Frèderick,3,0,3
Frederíck,3,0,3
Frederick-Jan,3,0,3
Frederick-Sietse,3,0,3
Frédericke,0,3,3
Frederickje,0,3,3
Fredericks,3,0,3
Frederico-Miquel,3,0,3
Fredericos,3,0,3
Frédericque,0,3,3
Fredéricque,0,3,3
Frédérieck,0,3,3
Frederiecka,0,3,3
Frederiecus,3,0,3
Frederiek-Anne,0,3,3
Fréderieke-Christine,0,3,3
Frederieke-Désirée,0,3,3
Frederiekes,3,0,3
Frederiekie,0,3,3
Fréderieneke,0,3,3
Frederig,3,0,3
Frederigus,3,0,3
Frederijk,3,0,3
Frédèrik,3,0,3
Frederik-André,3,0,3
Frederik-Antoine,3,0,3
Frederik-Evert,3,0,3
Frederik-Florian,3,0,3
Frederik-Hendrik,3,0,3
Frederik-Jacob,3,0,3
Frederik-Joost,3,0,3
Frederik-Junior,3,0,3
Frederika-Antje,0,3,3
Frederika-Isabella,0,3,3
Frederika-Joanne,0,3,3
Frederika-Joy,0,3,3
Frederike-Margarthe,0,3,3
Frederikie,0,3,3
Fréderikke,0,3,3
Frederikson,3,0,3
Frederiksz,3,0,3
Frederink,3,0,3
Fréderiq,3,0,3
Fréderiqeu,0,3,3
Frederiqua,0,3,3
Frederiquè,0,3,3
Fredériqué,0,3,3
Frederíque,0,3,3
Fréderiqué,0,3,3
Fréderiquè,0,3,3
FrederiQue,0,3,3
Frederique-,0,3,3
Frédérique-Maria,0,3,3
Frédérique-Noëlle,0,3,3
Frederique-Rae,0,3,3
Frederique-Sophie,0,3,3
Frederiquo,3,0,3
Frederisha,0,3,3
Frederius,3,0,3
Frederix,3,0,3
Fredero,3,0,3
Frederrikka,0,3,3
Fredery,0,3,3
Frederycka,0,3,3
Frederycke,0,3,3
Frederyka,0,3,3
Fredevinda,0,3,3
Fredeward,3,0,3
Fredewieka,0,3,3
Fredewine,0,3,3
Frédi,3,0,3
Fredian,3,0,3
Fredica,0,3,3
Fredice,3,0,3
Fredicus,3,0,3
Fredien,0,3,3
Frediete,0,3,3
Fredije,3,0,3
Fredin,3,0,3
Fredinand,3,0,3
Frèdine,0,3,3
Fredirieke,0,3,3
Fredirika,0,3,3
Frediska,0,3,3
Fréditha,0,3,3
Fredje,0,3,3
Fredley,3,0,3
Fredlin,3,0,3
Fredny,3,0,3
Frédo,3,0,3
Fredolein,0,3,3
Frédolijn,3,0,3
Fredoline,0,3,3
Fredolines,3,0,3
Frédor,3,0,3
Fredor-Nikolai,3,0,3
Fredora,0,3,3
Fredovitsj,3,0,3
Fredovna,0,3,3
Fredrana,0,3,3
Fredri,0,3,3
Fredrianne,0,3,3
Frèdric,3,0,3
Frédrich,3,0,3
Fredricha,0,3,3
Fredricks,3,0,3
Fredrieca,0,3,3
Fredriekus,3,0,3
Frèdrik,3,0,3
Fredrik-Otto,3,0,3
Frédrike,0,3,3
Fredrikie,0,3,3
Fredrina,0,3,3
Fredrinus,3,0,3
Fredro,3,0,3
Fredroy,3,0,3
Fredry,0,3,3
Fredryke,0,3,3
Fredtiyo,3,0,3
Fredua-Agyeman,3,0,3
Freduah,3,0,3
Freduard,3,0,3
Fredulic,3,0,3
Fredus,3,0,3
Frédy-May,0,3,3
Fredyrica,0,3,3
Fredzoon,3,0,3
Frée,0,3,3
Free-Jenn,0,3,3
Freed,3,0,3
Freedah,0,3,3
Freede,0,3,3
Freedi,3,0,3
Freedie,0,3,3
Freedina,0,3,3
Freedo,3,0,3
Freeds,3,0,3
Freedy,0,3,3
Freeha,0,3,3
Freek-Andries,3,0,3
Freek-Peter,3,0,3
Freek-Pieter,3,0,3
Freek-Ron,3,0,3
Freekelina,0,3,3
Freekien,0,3,3
Freektje,0,3,3
Freelo,3,0,3
Freemelinn,0,3,3
Freen,0,3,3
Freepower,3,0,3
Freeq,0,3,3
Freer,0,3,3
Freerk-Adriaan,3,0,3
Freerk-Arjen,3,0,3
Freerk-Jaap,3,0,3
Freerke,0,3,3
Freerkelien,0,3,3
Freerkeliena,0,3,3
Freerkjan,3,0,3
Freerkkelina,0,3,3
Freerks,3,0,3
Freerksz,3,0,3
Freetje,0,3,3
Freeuw,3,0,3
Fregilio,3,0,3
Fregillia,0,3,3
Fregin,3,0,3
Frei,3,0,3
Freico,3,0,3
Freidany,3,0,3
Freijke,0,3,3
Freiko,3,0,3
Freilin,3,0,3
Frein,3,0,3
Freinet,3,0,3
Freiz,0,3,3
Fréja,0,3,3
Frejahno,3,0,3
Frejan,3,0,3
Frejanne,0,3,3
Frejano,3,0,3
Frekelina,0,3,3
Frekeline,0,3,3
Frelanda,0,3,3
Frelien,0,3,3
Frélina,0,3,3
Fréline,0,3,3
Freliza,0,3,3
Frelly,0,3,3
Frely,3,0,3
Fremah,0,3,3
Fréman,3,0,3
Fremco,3,0,3
Fremdo,3,0,3
Fremelien,0,3,3
Frémen,3,0,3
Frementinus,3,0,3
Fremery,0,3,3
Fremia,0,3,3
Frempomaa,0,3,3
Frempommaa,0,3,3
Fremy,0,3,3
Frénarda,0,3,3
Frencesca,0,3,3
Frencesco,3,0,3
French,3,0,3
Frenchesca,0,3,3
Frenchez,3,0,3
Frenciena,0,3,3
Frencinaiska,0,3,3
Frencis-Chay,0,3,3
Frenciss,3,0,3
Frenckie,3,0,3
Frenda,0,3,3
Frendi,3,0,3
Frendjemary,0,3,3
Frendly,3,0,3
Frendsel,3,0,3
Frenelly,0,3,3
Frenesy,0,3,3
Frenet,0,3,3
Frengey,3,0,3
Frengking,3,0,3
Freni,3,0,3
Frenie,0,3,3
Frenjel,3,0,3
Frenjolie,0,3,3
Frenk-Lino,3,0,3
Frenka,0,3,3
Frenkchris,3,0,3
Frenke,0,3,3
Frenki,0,3,3
Frenklin-Lloyd,3,0,3
Frenky-Dean,3,0,3
Frenky-Jade,0,3,3
Frenly,3,0,3
Frenn,0,3,3
Freno,3,0,3
Frens-Bart,3,0,3
Frensch,3,0,3
Frensciena,0,3,3
Frenscina,0,3,3
Frensciscus,3,0,3
Frense,3,0,3
Frenseline,0,3,3
Frensell,3,0,3
Frenses,0,3,3
Frensesco,3,0,3
Frenshel,3,0,3
Frenshinaiska,0,3,3
Frenshinuska,0,3,3
Frenshomar,3,0,3
Frensi,0,3,3
Frensie,0,3,3
Frensinette,0,3,3
Frensio,3,0,3
Frensiscus,3,0,3
Frensiska,0,3,3
Frensiskes,3,0,3
Frensmar,3,0,3
Frensoraylison,3,0,3
Frenstel,3,0,3
Frènts,3,0,3
Frentsz,3,0,3
Frenzé,3,0,3
Frenzel,3,0,3
Frenzey,0,3,3
Frenzia,0,3,3
Frenzl,0,3,3
Frepien,0,3,3
Frequin,3,0,3
Freranda,0,3,3
Frère,3,0,3
Frere,3,0,3
Freria,0,3,3
Frerian,3,0,3
Frerica,0,3,3
Frérick,3,0,3
Frérieke,0,3,3
Frérik,3,0,3
Frerikdina,0,3,3
Frerike,0,3,3
Frérike,0,3,3
Frérique,0,3,3
Frerk,3,0,3
Frero,3,0,3
Fresca,0,3,3
Fresca-Gaia,0,3,3
Freschta,0,3,3
Fresela,0,3,3
Fresenna,0,3,3
Freser,3,0,3
Fresh,3,0,3
Freshte,0,3,3
Fresilla,0,3,3
Fresjaron,3,0,3
Freskim,3,0,3
Fresku,3,0,3
Fresner,3,0,3
Fressco,3,0,3
Fressia,0,3,3
Fretho,3,0,3
Freudy,0,3,3
Freugenie,0,3,3
Freuke,0,3,3
Freulda,0,3,3
Freule,0,3,3
Frew,0,3,3
Fréwi,0,3,3
Freya-Eva,0,3,3
Freyalien,0,3,3
Freyalise,0,3,3
Freyan,3,0,3
Freyda,0,3,3
Freydach,3,0,3
Freyna,0,3,3
Frezam,3,0,3
Frêze,3,0,3
Freziena,0,3,3
Frezina,0,3,3
Frezjenie,0,3,3
Frianca,0,3,3
Frianisa,0,3,3
Frianke,0,3,3
Fric,3,0,3
Fricella,0,3,3
Fricolien,0,3,3
Fricsiana,0,3,3
Frida-Jacoba,0,3,3
Fridaniël,3,0,3
Fridarika,0,3,3
Fridegonde,0,3,3
Fridelike,0,3,3
Fridely,0,3,3
Frideric,3,0,3
Friderieke,0,3,3
Friderikje,0,3,3
Friderikus,3,0,3
Friderun,0,3,3
Frideswide,0,3,3
Fridhjof,3,0,3
Fridiawanti,0,3,3
Fridie,0,3,3
Fridiswida,0,3,3
Fridiswidus,3,0,3
Fridjoff,3,0,3
Fridjov,3,0,3
Fridolin-Alexander,3,0,3
Fridolyn,3,0,3
Fridor,3,0,3
Fridriek,3,0,3
Fridriekus,3,0,3
Fridriëtte,0,3,3
Fridrique,0,3,3
Fridserika,0,3,3
Fridsert,3,0,3
Fridthiov,3,0,3
Fridtjof-Olaf,3,0,3
Friduina,0,3,3
Friduino,3,0,3
Friduinus,3,0,3
Frieanne,0,3,3
Friecilla,3,0,3
Frièda,0,3,3
Friedah,0,3,3
Friedalina,0,3,3
Friedarike,0,3,3
Friedbert,3,0,3
Friedberta,0,3,3
Friedchen,0,3,3
Frieddie,0,3,3
Friedebald,3,0,3
Friëdel,0,3,3
Friedel-de-Maria,3,0,3
Friedeliene,0,3,3
Friedelina,0,3,3
Friedelle,0,3,3
Friedemar,3,0,3
Frieder,3,0,3
Friederic,0,3,3
Friederichina,0,3,3
Friederico,3,0,3
Friederiecka,0,3,3
Friederiek,0,3,3
Friederina,0,3,3
Friederique,0,3,3
Friederycke,0,3,3
Friedewien,0,3,3
Friedheim,3,0,3
Friedhelma,0,3,3
Friedhilde,0,3,3
Friedie,0,3,3
Friedj,3,0,3
Friedriche,0,3,3
Friedrichje,0,3,3
Friedricka,0,3,3
Friedricke,0,3,3
Friedriech,3,0,3
Friedriecke,0,3,3
Friedriek,3,0,3
Friedrig,0,3,3
Friedrique,0,3,3
Friedrun,0,3,3
Friedson,0,3,3
Friega,0,3,3
Friejanda,0,3,3
Friekeman,3,0,3
Frieks,3,0,3
Friena,0,3,3
Friendly,0,3,3
Frienka,3,0,3
Friensia,0,3,3
Friesje,0,3,3
Friethelm,3,0,3
Frietje,0,3,3
Frietjhof,3,0,3
Frietsje,0,3,3
Frietson,0,3,3
Frietz,3,0,3
Friferjo,3,0,3
Frigerio,0,3,3
Frigg,0,3,3
Frigge,3,0,3
Friggiola,0,3,3
Friggy,0,3,3
Frigiola,0,3,3
Frijanne,0,3,3
Frijdon,3,0,3
Frijillio,3,0,3
Frijo,3,0,3
Frijtje,0,3,3
Frikje,0,3,3
Frileyson,3,0,3
Frilia,0,3,3
Frilse,0,3,3
Frimani,0,3,3
Frimpomaah,0,3,3
Frimpomah,0,3,3
Frimpongmah,0,3,3
Frimponmaa,0,3,3
Frimponmaah,0,3,3
Frinal,0,3,3
Frinanda,0,3,3
Frinchi,0,3,3
Frinetta,0,3,3
Frinicy,0,3,3
Frinka,0,3,3
Frinke,0,3,3
Frino,3,0,3
Frinolino,3,0,3
Frins-Jon,3,0,3
Frinus,3,0,3
Frionn,3,0,3
Frippina,0,3,3
Frique,0,3,3
Friquette,0,3,3
Frisa,0,3,3
Frisca,0,3,3
Frischjen,0,3,3
Frisger,3,0,3
Frisian,3,0,3
Frisiano,3,0,3
Frisiena,0,3,3
Frisillia,0,3,3
Frisine,0,3,3
Friske,3,0,3
Friskien,0,3,3
Friskjen,0,3,3
Frismina,0,3,3
Friso-Quint,3,0,3
Fristel,0,3,3
Fristella,0,3,3
Frita,0,3,3
Fritiof,3,0,3
Fritjhof,3,0,3
Fritjoh,3,0,3
Frits-Anton,3,0,3
Frits-Gerald,3,0,3
Frits-Johan,3,0,3
Frits-Jos,3,0,3
Frits-Junior,3,0,3
Frits-Lodewijk,3,0,3
Frits-Niels,3,0,3
Frits-Peter,3,0,3
Frits-Pieter,3,0,3
Frits-Sybren,3,0,3
Fritsaerd,3,0,3
Fritschje,0,3,3
Fritsco,3,0,3
Fritse,3,0,3
Fritserdina,0,3,3
Fritserianus,3,0,3
Fritsertje,0,3,3
Fritsiena,0,3,3
Fritsiger,3,0,3
Fritsine,0,3,3
Fritsjan,3,0,3
Fritsjof,3,0,3
Fritskes,3,0,3
Fritskje,0,3,3
Fritszca,0,3,3
Fritz-Jeremy,3,0,3
Fritz-John,3,0,3
Fritz-Noël,3,0,3
Fritz-Otto,3,0,3
Fritze,3,0,3
Fritzer,3,0,3
Fritzie,0,3,3
Fritzina,0,3,3
Fritzl,3,0,3
Fritzy,0,3,3
Friuen,0,3,3
Frizal,3,0,3
Frizky,3,0,3
Frizoila,0,3,3
Frizzy,0,3,3
Friđrik,3,0,3
Froan,0,3,3
Froana,0,3,3
Froany,0,3,3
Froatsje,0,3,3
Frobère,3,0,3
Frobert,3,0,3
Frobërt,3,0,3
Frodia,0,3,3
Frodina,0,3,3
Frodolin,3,0,3
Frodor,3,0,3
Frodorowna,0,3,3
Froede,3,0,3
Froedy,0,3,3
Froehaar,0,3,3
Froek,3,0,3
Froekie,0,3,3
Froekje,0,3,3
Froeling,3,0,3
Frohaar,0,3,3
Frohar,0,3,3
Frohlock,0,3,3
Frohn,0,3,3
Froid,3,0,3
Froino,3,0,3
Fröjd,3,0,3
Frok,3,0,3
Frokje,0,3,3
Frolan,3,0,3
Frolien,0,3,3
Frolina,0,3,3
Frolisenka,0,3,3
Fromme,0,3,3
Fromo,3,0,3
Fromopog,3,0,3
Fromuthe,0,3,3
Frondéhly,0,3,3
Frondelly,0,3,3
Fronelies,0,3,3
Fronette,0,3,3
Fronny,0,3,3
Fronsa,3,0,3
Froscha,0,3,3
Frosha,0,3,3
Frosini,0,3,3
Froso,0,3,3
Frossinia,0,3,3
Frotho,3,0,3
Frotie,0,3,3
Froucka,0,3,3
Froud,3,0,3
Frouda,0,3,3
Frouelle,0,3,3
Frouja,0,3,3
Frouke-Antsje,0,3,3
Frouke-Tea,0,3,3
Froukelijn,0,3,3
Froukeline,0,3,3
Froukemarie,0,3,3
Froukesina,0,3,3
Froukine,0,3,3
Froukje-Cornelia,0,3,3
Froukje-Fayola,0,3,3
Froukje-Patricia,0,3,3
Froukje-Rolien,0,3,3
Froukje-Tiny,0,3,3
Froulanda,0,3,3
Froulien,0,3,3
Frouq,0,3,3
Frousiena,0,3,3
Frouwchina,0,3,3
Frouwginus,3,0,3
Frouwienko,3,0,3
Frouwientje,0,3,3
Frouwijna,0,3,3
Frouwinie,0,3,3
Frouwkeline,0,3,3
Frouwkge,0,3,3
Frouwkgien,0,3,3
Frouwko-Jan,3,0,3
Frouwline,0,3,3
Frouwsiena,0,3,3
Frouwynke,0,3,3
Frow,3,0,3
Frowa,0,3,3
Frowienke,0,3,3
Frowin,3,0,3
Frowine,0,3,3
Frowinus,3,0,3
Froya,0,3,3
Froydis,0,3,3
Froyenne,0,3,3
Froylan,3,0,3
Froylen,3,0,3
Froylin,3,0,3
Fru,3,0,3
Fruireu,3,0,3
Fruitty,0,3,3
Frumencia,3,0,3
Fruto,3,0,3
Fruzan,0,3,3
Fruzsina,0,3,3
Fry,0,3,3
Fryad,3,0,3
Fryan,3,0,3
Fryanda,0,3,3
Frydán,3,0,3
Fryde,0,3,3
Frydrik,3,0,3
Frydse,3,0,3
Fryken,0,3,3
Frynja,0,3,3
Fryrk,3,0,3
Fryse,3,0,3
Frysian,3,0,3
Fryske,3,0,3
FRYVI,0,3,3
Frzana,0,3,3
Frøydis,0,3,3
Fsiho,3,0,3
Fthat,3,0,3
Fthi,0,3,3
FTMM,0,3,3
Fu-Hao,3,0,3
Fu-Jun,0,3,3
Fu-Long,3,0,3
Fu-Rong,0,3,3
Fu-Sing,3,0,3
Fu-Yuan,3,0,3
Fuaád,3,0,3
Fuadi,3,0,3
Fuakyewaah,0,3,3
Fuanta,3,0,3
Fuatt,3,0,3
Fuawz,3,0,3
Fuayi,3,0,3
Fubara,3,0,3
Fubée,0,3,3
Fucia,0,3,3
Fuciková,0,3,3
Fuder,3,0,3
Fudia,0,3,3
Fue,3,0,3
Fuema,0,3,3
Fuen,0,3,3
Fuensanta,0,3,3
Fuerra,0,3,3
Fuerta,0,3,3
Fûgeltsje,0,3,3
Fuhad,3,0,3
Fuhat,3,0,3
Füheyre,3,0,3
Fuhrney,3,0,3
Fuiroz,0,3,3
Fujai,3,0,3
Fujaira,0,3,3
Fujimaro,3,0,3
Fujita,0,3,3
Fuk,3,0,3
Fukayna,0,3,3
Fuksodi,3,0,3
Fukuwa,3,0,3
Ful,3,0,3
Fulala,0,3,3
Fulana,0,3,3
Fulbertus,3,0,3
Fulci,3,0,3
Fülco,3,0,3
Fulco-Friso,3,0,3
Fulcoldus,3,0,3
Fulcus,3,0,3
Fülden,0,3,3
Fûlgencio,3,0,3
Fulgêncio,3,0,3
Fulgentie,0,3,3
Fulgentio,3,0,3
Fulian,3,0,3
Fulin,0,3,3
Fulis,0,3,3
Fülja,0,3,3
Fulko-Hartin,3,0,3
Full,3,0,3
Fulla,0,3,3
Fullah,3,0,3
Fullanny,3,0,3
Fullganzio,3,0,3
Fullton,3,0,3
Fulong,3,0,3
Fulpsine,0,3,3
Fultoni,0,3,3
Fûlya,0,3,3
Fulyahan,0,3,3
Fumba,3,0,3
Fumée,0,3,3
Fúmee,0,3,3
Fumilola,0,3,3
Fumiyo,0,3,3
Fummina,0,3,3
Funaisa,0,3,3
Funanya,0,3,3
Fundadora,0,3,3
Fune,0,3,3
Funessa,0,3,3
Fung'en,3,0,3
Fung'on,3,0,3
Fung-Lien,0,3,3
Fungaye,3,0,3
Funkiye,0,3,3
Funmilola,0,3,3
Funne,3,0,3
Funny,0,3,3
Funreng,0,3,3
Funta,0,3,3
Fuo,3,0,3
Fuowaah,0,3,3
Furaicha,0,3,3
Furaisa,0,3,3
Furaishelly,0,3,3
Furan,3,0,3
Furasha,0,3,3
Furayah,0,3,3
Füraycia,0,3,3
Furberry,3,0,3
Furbiën,3,0,3
Furchédely,0,3,3
Furchel,3,0,3
Furchell,3,0,3
Fürchelle,0,3,3
Furcinio,3,0,3
Furdain,3,0,3
Furdayn,3,0,3
Furdinn,3,0,3
Furdjil,3,0,3
Furdjin,3,0,3
Furgail,3,0,3
Furgaïn,3,0,3
Furgale,3,0,3
Fürgan,3,0,3
Fürgellino,3,0,3
Furgencio,3,0,3
Fürgeneay,0,3,3
Furgeney,0,3,3
Furghil,3,0,3
Furginho,3,0,3
Furginie,0,3,3
Furgio,3,0,3
Furhgeon,3,0,3
Furiano,3,0,3
Furillo,3,0,3
Furina,0,3,3
Furio,3,0,3
Furion,3,0,3
Fürizan,0,3,3
Furjalice,0,3,3
Furjensly,3,0,3
Fürjil,3,0,3
Fûrkan,3,0,3
Fűrkan,3,0,3
Fürkân,3,0,3
Furkan-Ali,3,0,3
Furkan-Kerim,3,0,3
Furkan-Yafes,3,0,3
Fürlan,3,0,3
Furlaney,0,3,3
Furlensuia,0,3,3
Furman,3,0,3
Furnell-Kane,3,0,3
Furnen,3,0,3
Furnety,0,3,3
Furnon,3,0,3
Furoza,0,3,3
Furozh,3,0,3
Furqa'an,3,0,3
Furrel,3,0,3
Furrie,0,3,3
Furrukh,3,0,3
Furseus,3,0,3
Furtin,3,0,3
Furtunato,3,0,3
Furu,0,3,3
Fury,3,0,3
Furyan,3,0,3
Furyganne,0,3,3
Furysia,0,3,3
Fusano,0,3,3
Fuseelah,0,3,3
Fusun,0,3,3
Futaii,3,0,3
Futi,3,0,3
Futila,3,0,3
Futorwosoe,0,3,3
Futura,0,3,3
Fuuk,0,3,3
Fuwah,0,3,3
Fuyo,0,3,3
Fuyo-Liu,3,0,3
Fùyou,3,0,3
Fuzum,3,0,3
Fuzz,3,0,3
FVG,0,3,3
FVT,3,0,3
FVW,3,0,3
FWAM,0,3,3
FWJ,0,3,3
FWM,3,0,3
Fyah,0,3,3
Fyalyn,0,3,3
Fyana,0,3,3
Fyanka,0,3,3
Fyannie,0,3,3
Fybie,0,3,3
Fybiena,0,3,3
Fych,3,0,3
Fycke,0,3,3
Fyco,3,0,3
Fydessa,0,3,3
Fydor,3,0,3
Fyen,3,0,3
Fyënna,0,3,3
Fyénne,0,3,3
Fyentiemala,0,3,3
Fyèrra,0,3,3
Fyfianne,0,3,3
Fygje,0,3,3
Fylan,3,0,3
Fylena,0,3,3
Fylenzo,3,0,3
Fyliam,3,0,3
Fylinn,0,3,3
Fylis,0,3,3
Fylison,3,0,3
Fylon,3,0,3
Fylou,3,0,3
Fylthen,3,0,3
Fymke,0,3,3
Fymkje,0,3,3
Fynai,3,0,3
Fynanda,0,3,3
Fyndell,3,0,3
Fynetta,0,3,3
Fynisha,0,3,3
Fynley,3,0,3
Fynn-Liam,3,0,3
Fýnni,0,3,3
Fynnix,3,0,3
Fynnley,3,0,3
Fynnten,3,0,3
Fyns,3,0,3
Fynsorosa,0,3,3
Fyntan,3,0,3
Fynthe,0,3,3
Fyo,3,0,3
Fyon,0,3,3
Fyonn,3,0,3
Fyori,0,3,3
Fyreel,0,3,3
Fyren-ben,3,0,3
Fyrene,0,3,3
Fyrenne,0,3,3
Fyrimain,3,0,3
Fyrion,3,0,3
Fyrone,3,0,3
Fyrosée,0,3,3
Fyrous,0,3,3
Fyroz,0,3,3
Fysal,3,0,3
Fyson,3,0,3
Fyssil,3,0,3
Fyt,3,0,3
Fytz,3,0,3
Fyxe,0,3,3
