Name,Men,Women,Total
Gerardus,228665,3963,232628
Gerrit,102026,68,102094
Geertruida,524,92229,92753
Gerarda,825,86588,87413
Gerard,45817,269,46086
Gertruda,3776,34025,37801
Grietje,10,31182,31192
Geertje,20,27313,27333
Geert,25502,66,25568
Gerhardus,25494,36,25530
Gijsbertus,22708,86,22794
Gerda,113,19663,19776
Gerdina,295,16428,16723
Gerritje,30,15704,15734
Gijs,14163,26,14189
Gijsbert,14134,22,14156
George,13453,188,13641
Gertrudis,4307,8055,12362
Gezina,35,11911,11946
Gerritdina,10,11892,11902
Godefridus,11309,215,11524
Gerardina,143,11201,11344
Gemma,1189,8579,9768
Geertruda,351,9185,9536
Gerhard,9424,12,9436
Gesina,49,9021,9070
Gerben,8707,8,8715
Guido,8455,118,8573
Gerharda,23,8541,8564
Geesje,7,7662,7669
Grada,46,7481,7527
Guus,7066,113,7179
Gijsbertha,19,6706,6725
Gijsberta,31,6511,6542
Giovanni,5743,45,5788
Gabriëlle,44,5594,5638
Gabriël,5337,285,5622
Godefrida,73,5069,5142
Guillaume,4453,428,4881
Glenn,4847,30,4877
Gert,4785,12,4797
Gertrude,152,4553,4705
Gerrie,292,3958,4250
Gustaaf,3964,110,4074
Goverdina,123,3614,3737
Guusje,11,3401,3412
Geeske,3,3347,3350
Gabriëlla,21,3262,3283
Gerrigje,5,3171,3176
Geraldine,16,3088,3104
Gradus,3033,27,3060
Geertrui,8,3007,3015
Govert,2911,10,2921
Gino,2869,19,2888
Godfried,2785,93,2878
Greta,18,2851,2869
Geziena,11,2857,2868
Gregorius,2775,49,2824
Gideon,2766,3,2769
Gertrud,254,2290,2544
Gretha,7,2503,2510
Gwen,81,2418,2499
Geerdina,56,2401,2457
Greetje,3,2369,2372
Gertjan,2363,3,2366
Gerald,2254,5,2259
Gijsberdina,50,2152,2202
Grace,17,2157,2174
Gertruida,94,2079,2173
Gaby,218,1935,2153
Gina,20,2105,2125
Geurt,2121,3,2124
Giel,2043,14,2057
Germaine,221,1704,1925
Geessien,3,1895,1898
Gea,3,1895,1898
Gert-Jan,1885,3,1888
Gerry,208,1680,1888
Gabrielle,34,1820,1854
Gerwin,1722,8,1730
Georgette,24,1690,1714
Gabriel,1637,72,1709
Georgina,3,1668,1671
Gilbert,1638,25,1663
Gregory,1654,6,1660
Gilles,1633,22,1655
Ghislaine,76,1571,1647
Gwendolyn,6,1633,1639
Gerbrand,1588,0,1588
Gezinus,1564,0,1564
Gerdien,3,1524,1527
Gosse,1457,3,1460
Gérard,1430,28,1458
Georg,1427,9,1436
Gabriella,7,1394,1401
Gerardine,28,1348,1376
Gerdine,3,1375,1378
Guy,1324,36,1360
Georgius,1345,12,1357
Gepke,10,1309,1319
Gerridina,3,1311,1314
Gianni,1273,26,1299
Gijsbertje,3,1232,1235
Geoffrey,1220,5,1225
Gesiena,5,1220,1225
Gerlinde,3,1161,1164
Gijsje,11,1148,1159
Gerlof,1095,3,1098
Gerjan,1062,13,1075
Geertrudis,549,495,1044
Gisela,15,991,1006
Gonda,10,995,1005
Giulia,3,964,967
Godelieve,28,928,956
Gaston,855,55,910
Geralda,3,895,898
Gerhardina,0,885,885
Geurtje,3,879,882
Geraldina,11,835,846
Guurtje,0,846,846
Gatoen,0,843,843
Gerrit-Jan,840,3,843
Geke,14,824,838
Gustav,803,5,808
Gerjanne,0,803,803
Gillian,329,465,794
Giuseppe,779,7,786
Gusta,17,765,782
Gjalt,765,0,765
Gerke,677,71,748
Gordina,39,685,724
Genoveva,49,668,717
Giovanna,6,709,715
Gera,3,708,711
Georgine,3,669,672
Giorgio,661,0,661
Gül,0,647,647
Geerte,13,629,642
Gerritjen,0,641,641
Guillermo,637,3,640
Ger,525,110,635
Gloria,7,627,634
Geertrude,11,614,625
Gertrudus,505,93,598
Gerbert,586,0,586
Gracia,7,579,586
Georges,552,30,582
Geert-Jan,578,3,581
Gabriela,3,575,578
Gillis,564,9,573
Gustave,458,103,561
Gordon,554,3,557
Ginger,10,547,557
Gökhan,552,0,552
Gavin,546,5,551
Gregor,526,5,531
Geertina,0,529,529
Geneviève,3,524,527
Gijsbrecht,524,3,527
Gido,523,3,526
Godefrieda,7,515,522
Gamze,0,501,501
Gigi,25,474,499
Gelske,0,497,497
Gizem,0,497,497
Gabriëla,6,489,495
Geerten,479,16,495
Gitte,3,487,490
Gerrita,0,488,488
Gioia,3,483,486
Gerri,14,471,485
Geessiena,3,483,486
Gerlinda,3,479,482
Gladys,3,476,479
Gonny,18,453,471
Geertruid,14,449,463
Giselle,5,456,461
Gesinus,459,0,459
Gerredina,0,454,454
Gaia,10,439,449
Gerco,416,3,419
Gosina,3,412,415
Gonnie,9,403,412
Govardus,407,3,410
Giovanny,402,5,407
Gertrudes,169,227,396
Gian,381,15,396
Gardina,0,394,394
Georgia,3,382,385
Grietina,0,385,385
Glen,376,8,384
Gooitzen,380,0,380
Gwenn,18,357,375
Günther,355,14,369
Gertie,80,287,367
Gabe,360,3,363
Gilian,338,25,363
Goossen,360,3,363
Gunnar,348,3,351
Geertien,0,348,348
Gertine,0,346,346
Gosewina,3,338,341
Gary,332,7,339
Grietinus,335,0,335
Ghislain,297,35,332
Gwendoline,3,330,333
Guurtruida,3,326,329
Gianna,3,319,322
Gerdinus,319,3,322
Gwenda,3,319,322
Gerbrig,20,299,319
Gio,311,3,314
Guillaumine,9,306,315
Geertruij,3,312,315
Gerdi,16,293,309
Germain,285,23,308
Gooitske,0,308,308
Greet,3,304,307
Geerhard,305,0,305
Gianluca,304,3,307
Gregorio,295,3,298
Gauke,296,0,296
Ginny,3,293,296
Gezienus,293,0,293
Garrit,292,0,292
Gregoria,0,290,290
Gitta,3,287,290
Gerardo,275,11,286
Gerdiena,0,286,286
Ginette,3,281,284
Godefriedus,276,7,283
Griet,0,283,283
Geesken,3,276,279
Grieta,0,276,276
Geerard,274,0,274
Gesine,3,272,275
Geronimo,269,3,272
Gerlachus,252,18,270
Garmt,268,0,268
Geessina,0,268,268
Guda,0,267,267
Gerko,263,3,266
Gülsüm,0,264,264
Germa,6,257,263
Gerson,261,3,264
Gosewinus,257,3,260
Geja,0,259,259
Glenda,3,256,259
Gabriele,60,198,258
Genesis,41,212,253
Giuliano,253,0,253
Geesien,3,249,252
Givano,250,0,250
Gabi,48,201,249
Geertruide,3,245,248
Giacomo,246,3,249
Geesina,3,244,247
Geertrudus,218,25,243
Gosen,242,3,245
Gerrianne,3,240,243
Gerd,232,7,239
Gerdie,11,228,239
Gyan,233,3,236
Geertjan,234,3,237
Geertrudes,131,101,232
Geraldo,229,3,232
Goos,221,3,224
Germ,223,0,223
Giliam,219,3,222
Germen,220,0,220
Guinevere,3,218,221
Geurdina,0,219,219
Gozewina,3,215,218
Gerdy,12,205,217
Goverina,0,217,217
Guustaaf,214,3,217
Geerlof,214,3,217
Gratia,3,215,218
Gré,5,211,216
Gerbrich,3,213,216
Giano,215,0,215
Goretti,18,197,215
Gisèle,3,210,213
Godert,213,0,213
Gabor,212,0,212
Gottfried,204,8,212
Graham,208,3,211
Gisella,3,208,211
Grytsje,0,208,208
Ghizlan,0,207,207
Gatske,0,205,205
Gertje,20,184,204
Gebina,0,202,202
Gidion,202,0,202
Gilberto,200,3,203
Gülay,3,201,204
Gerie,15,186,201
Geerit,199,3,202
Gommert,199,3,202
Geerke,3,196,199
Geertjen,0,199,199
Gradina,3,196,199
Giancarlo,198,0,198
Gijsbertina,0,196,196
Gene,190,3,193
Genevieve,3,191,194
Georgios,192,0,192
Günter,185,7,192
Gail,3,187,190
Gerbrandus,190,0,190
Getruida,3,188,191
Gerada,3,185,188
Geradus,181,3,184
Gwenny,5,180,185
Geeltje,3,181,184
Gerritjan,182,0,182
Gülcan,0,181,181
Geanne,3,178,181
Gwyneth,3,176,179
Gerk,175,0,175
Gertina,3,173,176
Guillemine,3,169,172
Gaatske,0,167,167
Guiseppe,164,3,167
Guilliano,165,0,165
Gustaf,155,10,165
Gydo,164,0,164
Godeliva,9,154,163
Gérardine,3,160,163
Gözde,0,161,161
Géraldine,0,160,160
Goris,160,0,160
Gabriële,5,153,158
Gudula,3,153,156
Galina,3,154,157
Geartsje,0,155,155
Gery,21,133,154
Gozina,3,153,156
Gaya,7,144,151
Geeke,3,147,150
Gerline,3,150,153
Gerold,151,0,151
Gijsbertine,0,151,151
Geri,21,129,150
Gerton,150,0,150
Geesjen,0,149,149
Gerkje,0,149,149
Gerretje,0,149,149
Gürkan,149,0,149
Gus,143,6,149
Gita,0,148,148
Gioya,3,145,148
Gerardes,143,3,146
Gerrieke,0,146,146
Gudrun,5,141,146
Gerlach,138,7,145
Gerriet,139,6,145
Gerdientje,0,144,144
Goosen,143,3,146
Gouke,131,13,144
Grietus,144,0,144
Gerja,0,143,143
Gineke,3,142,145
Geraldus,138,3,141
Given,100,42,142
Gertruud,15,126,141
Githa,0,141,141
Giulietta,0,141,141
Graciëlla,3,140,143
Ghizlane,0,140,140
Guyon,137,3,140
Geuchien,138,3,141
Gonneke,0,139,139
Grieto,136,3,139
Gerjo,124,14,138
Georgio,136,0,136
Ghatoen,0,136,136
Gezine,3,133,136
Gilda,5,128,133
Geralde,0,132,132
Gerina,3,131,134
Grete,3,131,134
Garrelt,131,0,131
Gijsberthus,131,0,131
Guno,131,0,131
Gennaro,130,0,130
Gilano,130,0,130
Graziella,3,129,132
Gaatze,129,0,129
Grietha,0,129,129
Gerianne,3,125,128
Grethe,3,125,128
Gerdiene,0,125,125
Gerriëtte,0,125,125
Gerrina,3,124,127
Gerty,13,112,125
Guilielmus,119,6,125
Gerhardine,0,124,124
Girbe,124,0,124
Geiske,0,123,123
Giny,3,120,123
Gisbert,121,3,124
Goof,120,3,123
Genaro,120,0,120
Gerritdiena,0,120,120
Gilliano,120,0,120
Gönül,0,120,120
Gatze,119,0,119
Gerberdina,3,116,119
Gia,62,57,119
Gülşah,0,119,119
Guusta,3,118,121
Gerit,118,0,118
Grietien,0,118,118
Gunther,110,8,118
Geneva,0,117,117
Giljam,116,0,116
Geradina,3,113,116
Gerbrigje,0,115,115
Georgie,62,51,113
Gelina,0,112,112
Goitske,0,112,112
Gaspard,107,3,110
Gilbertus,110,3,113
Gustavus,109,3,112
Gizella,3,107,110
Geerd,109,0,109
Geertiena,0,109,109
Gwendolyne,0,109,109
Gerrard,108,0,108
Gwendolina,0,108,108
Gaele,107,0,107
Gaetano,107,0,107
Gianno,107,0,107
Gersom,106,0,106
Giulio,106,0,106
Geesiena,0,105,105
Gilia,3,101,104
Giuseppina,3,104,107
Geraldien,0,104,104
Gesien,0,104,104
Giada,0,104,104
Gies,99,5,104
Geeta,0,103,103
Gerlofke,0,103,103
Gertia,0,103,103
Görkem,90,12,102
Gábor,101,0,101
Gebbina,0,101,101
Gieltje,3,99,102
Gudo,99,3,102
Gazi,99,0,99
Goswin,92,7,99
Gozewinus,99,0,99
Güney,98,3,101
Ganesh,96,3,99
Giovani,95,3,98
Graziëlla,3,96,99
Gurbe,96,3,99
Gottlieb,96,3,99
Gulielmus,91,6,97
Geoffry,93,3,96
Garcia,62,31,93
Gini,3,92,95
Gerrald,92,0,92
Gerrigjen,0,92,92
Giedo,92,0,92
Gökçe,11,81,92
Giliano,91,0,91
Gisele,3,88,91
Goran,90,3,93
Gerdinand,90,0,90
Goffe,90,0,90
Govertje,0,90,90
Geart,88,0,88
Geena,0,88,88
Gill,51,37,88
Graciela,0,88,88
Gyula,85,3,88
Gaitske,0,87,87
Geeuwke,87,0,87
Géke,3,85,88
Gualtherus,87,0,87
Geale,86,0,86
Geertruidus,85,3,88
Gerian,61,25,86
Giani,74,12,86
Guilhelmus,84,3,87
Gülhan,3,83,86
Gerlanda,0,85,85
Guust,84,3,87
Germanus,83,3,86
Garritdina,0,83,83
Geerling,83,0,83
Griffin,83,0,83
Gülşen,0,83,83
Giovannie,81,3,84
Geerlig,79,3,82
Geertine,0,81,81
Gerrarda,3,80,83
Giena,0,81,81
Garbrand,80,0,80
Gerjon,71,8,79
Germina,3,78,81
Gosuinus,79,0,79
Graziano,79,0,79
Gwendolijn,3,77,80
Gytha,3,78,81
Gerarde,0,78,78
Germana,6,72,78
Gonne,6,72,78
Gosem,78,0,78
Güler,0,78,78
Gustavo,77,3,80
Géneviève,0,77,77
Géza,75,3,78
Gabry,11,65,76
Gerbranda,0,76,76
Goudina,0,76,76
Guiliano,76,0,76
Gerlien,3,74,77
Gülseren,0,75,75
Gülten,0,75,75
Gysbert,75,0,75
Gayle,3,71,74
Gerieke,0,74,74
Germt,74,0,74
Godfrieda,0,74,74
Gosling,74,0,74
Goverdinus,74,0,74
Gaël,68,5,73
Gamal,53,20,73
Geerdine,0,73,73
Geralt,73,0,73
Gianny,61,12,73
Grazia,3,72,75
Gerad,72,0,72
Glijn,72,0,72
Geuko,71,0,71
Gwendolynn,0,71,71
Genairo,70,0,70
Gerita,0,70,70
Gijs-Jan,70,0,70
Giuliana,0,70,70
Gunter,64,6,70
Geerdiena,3,68,71
Gratiana,3,68,71
Griselda,0,69,69
Gwendy,5,64,69
Geertruy,0,68,68
Gerti,15,53,68
Gilliam,65,3,68
Glenny,45,23,68
Gelein,65,3,68
Gülsen,0,67,67
Guyonne,3,66,69
Garritjen,0,66,66
Gerrardus,66,0,66
Graciella,0,66,66
Gerlacus,62,3,65
Ghita,0,65,65
Godfridus,61,3,64
Gooitsen,65,0,65
Guadalupe,3,64,67
Garry,54,10,64
Gauri,3,62,65
Geuje,64,0,64
Govinda,52,12,64
Geertinus,63,0,63
Gelt,63,0,63
Généviève,0,63,63
Gerdo,62,3,65
Gerta,3,60,63
Giannina,0,63,63
Giesbert,63,0,63
Gilberte,3,62,65
Giorgia,0,63,63
Gosewijn,63,0,63
Grietjen,3,62,65
Geo,61,3,64
Gerardinus,61,3,64
Gisbertus,55,7,62
Godelive,3,59,62
Güven,61,3,64
Galid,61,0,61
Gallyon,3,59,62
Gareth,61,0,61
Giordano,61,0,61
Gommarus,60,3,63
Gonca,0,61,61
Grieko,61,0,61
Guillaumina,3,60,63
Gaugerica,0,60,60
Gommarius,58,3,61
Greg,59,3,62
Gwendolin,3,58,61
Gerbrandina,0,59,59
Gerike,0,59,59
Germania,12,47,59
Gerradina,0,59,59
Gretchen,3,58,61
Gepkea,0,58,58
Gerran,57,3,60
Gerreke,3,57,60
Getruda,3,55,58
Göran,57,3,60
Gülbahar,0,58,58
Güneş,11,47,58
Genelva,0,57,57
Gerriët,0,57,57
Gianne,0,57,57
Gaëlle,3,54,57
Gebiena,0,56,56
Geerhardus,56,0,56
Gelmer,56,0,56
Gerbina,3,55,58
Gie,49,7,56
György,55,3,58
Geertdina,0,55,55
Gellius,53,3,56
Gepko,53,3,56
Goitzen,55,0,55
Gülizar,0,55,55
Gerritdine,0,54,54
Grietsje,0,54,54
Grietzen,53,3,56
Guanita,0,54,54
Gaitrie,0,53,53
Gees,13,40,53
Gerbrecht,14,39,53
Gesienus,53,0,53
Gettje,0,53,53
Gidon,53,0,53
Gilmar,53,0,53
Gislaine,3,49,52
Gentiana,0,52,52
Georgino,52,0,52
Georgy,40,12,52
Gertha,3,49,52
Godelinde,0,52,52
Gonzalo,52,0,52
Gre,3,49,52
Gael,44,7,51
Gerhardes,51,0,51
Gerlise,0,51,51
Gökay,51,0,51
Goverd,51,0,51
Gozewijn,51,0,51
Gabri,33,17,50
Geertruijda,0,50,50
German,50,0,50
Godwin,49,3,52
Genovefa,5,44,49
Geran,40,9,49
Godelief,3,48,51
Goedele,0,49,49
Güllü,0,49,49
Gülüzar,0,49,49
Geertruidis,34,14,48
Geranda,0,48,48
Gerrine,0,48,48
Gijske,3,47,50
Giso,48,0,48
Gitana,0,48,48
Gyon,48,0,48
Gaspar,43,3,46
Gelinus,47,0,47
Gerlacha,0,47,47
Gijsbartus,47,0,47
Günay,27,20,47
Gwan,45,3,48
Gaurav,46,0,46
Gelijn,46,0,46
Geneviëve,0,46,46
Geordy,46,0,46
Gillina,0,46,46
Girigorio,46,0,46
Golda,3,44,47
Gordana,3,45,48
Gülden,0,46,46
Gaius,45,0,45
Geranne,0,45,45
Gijsbregt,45,0,45
Giray,45,0,45
Gitty,0,45,45
Gösta,39,6,45
Graciano,45,0,45
Gülsün,0,45,45
Gust,45,0,45
Gentle,22,22,44
Geordi,44,0,44
Georgetina,0,44,44
Gerardi,11,33,44
Germien,3,43,46
Gerolf,44,0,44
Giana,0,44,44
Gine,0,44,44
Giuseppa,0,44,44
Graeme,44,0,44
Guillemette,0,44,44
Gedeon,43,0,43
Geneviéve,0,43,43
Georgetta,3,42,45
Gieneke,0,43,43
Gorrit,42,3,45
Guan,42,3,45
Guenevere,3,42,45
Gustina,0,43,43
Geessie,0,42,42
Georginio,42,0,42
Gerjen,41,3,44
Gerret,42,0,42
Giandro,42,0,42
Gianfranco,41,3,44
Givenchy,20,22,42
Gomarus,42,0,42
Grieteke,0,42,42
Gwendolien,0,42,42
Gaye,3,39,42
Geessienus,41,0,41
Gerland,22,19,41
Gerritdien,0,41,41
Gianina,0,41,41
Gijsbarta,0,41,41
Godelieva,3,39,42
Godfrida,3,40,43
Goswinus,34,7,41
Goverdine,0,41,41
Gozen,41,0,41
Gregoire,33,8,41
Grietiena,0,41,41
Gwyn,15,26,41
Gautam,40,0,40
Geerthe,3,39,42
Geleijn,39,3,42
Godard,40,0,40
Gray,34,6,40
Guglielmo,40,0,40
Gülistan,0,40,40
Gwendelyn,0,40,40
Gyano,40,0,40
Gaatse,39,0,39
Geerda,0,39,39
Gelbrig,0,39,39
Gerhart,39,0,39
Gerine,0,39,39
Gerla,3,38,41
Gidi,26,13,39
Gilana,0,39,39
Grad,37,3,40
Grant,37,3,40
Guilherme,39,0,39
Gerbrandt,38,0,38
Gerzina,0,38,38
Getje,0,38,38
Geurtine,0,38,38
Gien,8,30,38
Gilberta,3,37,40
Giok,9,29,38
Gökmen,38,0,38
Grégoire,35,3,38
Gregoor,38,0,38
Guiljaam,38,0,38
Guurtruda,3,37,40
Gabie,9,28,37
Garda,0,37,37
Gaudentia,0,37,37
Geerie,3,36,39
Gerre,20,17,37
Gerregien,0,37,37
Ghyslaine,0,37,37
Gijsberth,37,0,37
Gijsberthe,0,37,37
Gitano,37,0,37
Givan,36,3,39
Guylian,35,3,38
Gabby,3,33,36
Gale,21,15,36
Geer,28,8,36
Georgi,29,7,36
Getty,3,35,38
Gielje,0,36,36
Glynis,0,36,36
Gotfried,36,0,36
Goudje,0,36,36
Grady,17,19,36
Griëtte,0,36,36
Gul,7,29,36
Gwendeline,0,36,36
Georgiana,0,35,35
Gerinda,0,35,35
Gerrike,0,35,35
Gesiene,0,35,35
Gil,31,3,34
Gilvano,35,0,35
Giorgina,3,34,37
Giovana,0,35,35
Giovanno,35,0,35
Giulian,35,0,35
Godiva,0,35,35
Gülnaz,0,35,35
Gylian,32,3,35
Galip,34,0,34
Gaukje,0,34,34
Gavino,34,0,34
Gawein,33,3,36
Gelbrich,0,34,34
Georgetine,0,34,34
Gerharde,0,34,34
Gerlin,3,32,35
Germano,33,3,36
Gerrechien,0,34,34
Gerwald,34,0,34
Ginie,0,34,34
Giovano,34,0,34
Godefrides,33,3,36
Graciëla,0,34,34
Gülçin,0,34,34
Gylano,34,0,34
Gani,30,3,33
Géanne,3,32,35
Geelke,0,33,33
Gelbrigje,0,33,33
Gérald,33,0,33
Gerbendina,0,33,33
Gerbertus,33,0,33
Gerlina,0,33,33
Gijsberte,0,33,33
Gryt,0,33,33
Gaudi,22,10,32
Gazina,3,30,33
Geen,31,3,34
Gerbe,32,0,32
Gerbren,32,0,32
Gertruid,3,28,31
Getrude,0,32,32
Gian-Luca,32,0,32
Gijsina,0,32,32
Gion,31,3,34
Gislain,27,5,32
Godebertha,0,32,32
Godefride,3,30,33
Gosé,27,5,32
Goya,16,16,32
Gunilla,0,32,32
Galed,29,3,32
Gean,21,10,31
Gebke,3,30,33
Gedula,3,30,33
Geesinus,31,0,31
Generosa,3,29,32
Gerhardt,31,0,31
Gerjanneke,0,31,31
Gerrinda,0,31,31
Gertraud,3,30,33
Gertruidis,11,20,31
Giles,30,3,33
Giomar,31,0,31
Girigoria,0,31,31
Gökçen,5,26,31
Govanni,31,0,31
Gracita,0,31,31
Gülbeyaz,0,31,31
Geerdien,0,30,30
Geerts,30,0,30
Geetanjali,0,30,30
Gerridiena,0,30,30
Gerritha,0,30,30
Gezienes,30,0,30
Giang,17,13,30
Giany,28,3,31
Göksel,28,3,31
Göktuğ,30,0,30
Guillano,30,0,30
Guled,24,6,30
Guo,25,5,30
Gwynn,8,22,30
Gyselle,0,30,30
Gala,0,29,29
Ganesha,18,11,29
Gauthier,26,3,29
Geertken,0,29,29
Geertruud,3,26,29
Gemme,27,3,30
Geniva,0,29,29
Geovanni,28,3,31
Gepkina,0,29,29
Gerard-Jan,29,0,29
Gero,29,0,29
Gerrardina,0,29,29
Gerrits,29,0,29
Gertrüd,0,29,29
Geza,26,3,29
Ghalid,29,0,29
Ghilaine,0,29,29
Gielia,3,27,30
Gila,3,27,30
Giverny,3,27,30
Glory,5,24,29
Gökan,29,0,29
Gossen,29,0,29
Gosuina,3,28,31
Grades,29,0,29
Gretina,0,29,29
Gudule,3,28,31
Guillelmus,24,5,29
Gwenneth,3,26,29
Garreth,28,0,28
Gebbigje,0,28,28
Geertruides,22,6,28
Gerardien,3,27,30
Gerrian,24,3,27
Gerrold,28,0,28
Gerte,0,28,28
Gertruide,0,28,28
Gerwen,28,0,28
Gerzon,28,0,28
Gilion,28,0,28
Gillion,28,0,28
Goldie,0,28,28
Gülsah,0,28,28
Garret,27,0,27
Géa,0,27,27
Gedion,27,0,27
Generino,27,0,27
Gerinde,0,27,27
Germent,27,0,27
Gerritta,0,27,27
Gerryt,27,0,27
Giltje,3,26,29
Gisette,0,27,27
Golida,0,27,27
Goswina,0,27,27
Grietine,0,27,27
Gualbertus,26,3,29
Guillaumette,0,27,27
Guillemina,3,24,27
Guillielmus,26,3,29
Güner,14,13,27
Guylaine,0,27,27
Gwendola,0,27,27
Gejanne,0,26,26
Gepka,0,26,26
Gerlieke,0,26,26
Gerrad,25,3,28
Giorginio,26,0,26
Giulliano,26,0,26
Gon,5,21,26
Gooske,0,26,26
Gosiena,0,26,26
Grignion,21,5,26
Gatse,25,0,25
Gawain,25,0,25
Geeraard,25,0,25
Geerarda,0,25,25
Geerdinus,25,0,25
Geertuida,0,25,25
Gellof,25,0,25
Ger-Jan,25,0,25
Gerano,25,0,25
Gerbrant,25,0,25
Geron,25,0,25
Gerralda,0,25,25
Gerrieta,0,25,25
Gerrittina,0,25,25
Geusje,0,25,25
Geuvert,25,0,25
Gian-Carlo,25,0,25
Gieljan,25,0,25
Gieze,23,3,26
Gijsbert-Jan,25,0,25
Ginairo,25,0,25
Gjilke,0,25,25
Godlief,24,3,27
Gooitsche,0,25,25
Grieco,25,0,25
Guilielma,0,25,25
Gwennie,0,25,25
Gabriéla,0,24,24
Gaike,18,6,24
Garance,0,24,24
Geerardus,24,0,24
Gelena,0,24,24
Gelfke,0,24,24
Gemmy,3,23,26
Geno,23,3,26
Genoah,23,3,26
Gernand,24,0,24
Gezelina,0,24,24
Gezines,24,0,24
Giannino,24,0,24
Gibson,23,3,26
Giesela,0,24,24
Gilani,19,5,24
Giliana,0,24,24
Ginus,24,0,24
Gisberta,0,24,24
Goan,20,3,23
Godfrey,24,0,24
Gonna,0,24,24
Goordina,0,24,24
Gorden,24,0,24
Gorgonius,23,3,26
Gosine,0,24,24
Grayson,17,7,24
Guillian,21,3,24
Gülnur,0,24,24
Güngör,16,8,24
Güray,24,0,24
Gyani,19,5,24
Gabriëll,20,3,23
Gee,12,11,23
Geert-Willem,23,0,23
Geoff,23,0,23
Geraline,0,23,23
Gerdia,0,23,23
Geredina,0,23,23
Gerjanna,0,23,23
Getrudis,3,21,24
Gezien,0,23,23
Ghislena,3,22,25
Gialt,23,0,23
Gin,12,11,23
Giselinde,0,23,23
Gizela,0,23,23
Goziena,0,23,23
Graciëlle,0,23,23
Grard,21,3,24
Grarda,0,23,23
Gregorie,21,3,24
Guilia,0,23,23
Guliano,23,0,23
Gyaan,23,0,23
Geerta,0,22,22
Geezina,0,22,22
Genna,3,20,23
Genowefa,3,21,24
Gepkje,0,22,22
Geppina,0,22,22
Gerredine,0,22,22
Gerridine,0,22,22
Gerritina,0,22,22
Gertien,0,22,22
Gerwina,3,21,24
Gesa,0,22,22
Gevano,22,0,22
Geziene,0,22,22
Giela,0,22,22
Gijsbartha,0,22,22
Gijsbreght,22,0,22
Giuditta,0,22,22
Gobelina,0,22,22
Godefriedes,21,3,24
Gommerina,0,22,22
Goossina,0,22,22
Goverinus,22,0,22
Gradda,0,22,22
Gretske,0,22,22
Grietienus,22,0,22
Gurbet,3,18,21
Gustava,0,22,22
Gusti,10,12,22
Galied,21,0,21
Galliano,21,0,21
Gartje,0,21,21
Gayatri,0,21,21
Geerharda,0,21,21
Geline,0,21,21
Géline,0,21,21
Gelte,21,0,21
Gerbentje,0,21,21
Gerber,20,3,23
Gerdineke,0,21,21
Germine,0,21,21
Gerriëlle,0,21,21
Gerro,21,0,21
Gert-jan,21,0,21
Gerwim,21,0,21
Geurdine,0,21,21
Gijsbertse,21,0,21
Giorgi,21,0,21
Gisla,0,21,21
Givenny,3,20,23
Glennis,3,19,22
Goikje,0,21,21
Goswijn,18,3,21
Guang,18,3,21
Gui,16,5,21
Gys,21,0,21
Gadija,0,20,20
Garreldina,0,20,20
Geerteke,0,20,20
Geertienus,20,0,20
Gelinde,6,14,20
Genara,0,20,20
Georginia,0,20,20
Gerd-Jan,20,0,20
Gerdienke,0,20,20
Gerritse,18,3,21
Gershon,20,0,20
Gervasius,20,0,20
Geurtina,0,20,20
Ghariba,0,20,20
Gieke,0,20,20
Giene,0,20,20
Gilermo,20,0,20
Gillermo,20,0,20
Gilmore,19,3,22
Giovany,20,0,20
Givanno,20,0,20
Gommerdina,0,20,20
Gooike,11,9,20
Gopal,20,0,20
Gosinus,20,0,20
Guiseppina,0,20,20
Gülfem,0,20,20
Gyvano,20,0,20
Gaëtan,18,3,21
Gaja,3,18,21
Gaytrie,0,19,19
Geessinus,19,0,19
Gejo,18,3,21
Gena,3,17,20
Geralynn,0,19,19
Geranimo,19,0,19
Gerhardi,7,12,19
Gerida,0,19,19
Gerolt,19,0,19
Gervasia,3,18,21
Geurtruida,0,19,19
Ghazal,3,17,20
Gilbèrt,19,0,19
Giljaam,18,3,21
Giorno,19,0,19
Giph,19,0,19
Gise,9,10,19
Göksu,3,15,18
Gorina,0,19,19
Gossina,0,19,19
Gotlieb,19,0,19
Gracella,0,19,19
Graciana,0,19,19
Gracie,3,18,21
Greelt,19,0,19
Grégor,19,0,19
Grianne,0,19,19
Gürhan,19,0,19
Gwynne,3,18,21
Gyliano,19,0,19
Gabin,16,3,19
Gabina,0,18,18
Gad,13,5,18
Gait,18,0,18
Galenus,18,0,18
Galil,18,0,18
Ganem,0,18,18
Ganna,0,18,18
Garlina,0,18,18
Garnout,18,0,18
Garvin,18,0,18
Gebhard,17,3,20
Geldrina,0,18,18
Gemke,0,18,18
Genius,15,3,18
Georgien,0,18,18
Gerbedina,0,18,18
Gerdieneke,0,18,18
Gerdjan,18,0,18
Gerlant,11,7,18
Gerrechiena,0,18,18
Gerrediena,0,18,18
Gerth,18,0,18
Geurina,0,18,18
Ghadija,0,18,18
Gidy,11,7,18
Gijsberdine,0,18,18
Gijsberdinus,18,0,18
Gijsbrand,18,0,18
Gijsjan,18,0,18
Giorgino,18,0,18
Giorgos,18,0,18
Girigorie,15,3,18
Gitanjali,0,18,18
Gökdeniz,18,0,18
Goletta,0,18,18
Gompert,18,0,18
Gozewiena,0,18,18
Gradie,5,13,18
Graziana,3,17,20
Grazyna,0,18,18
Gualthera,0,18,18
Guillermina,0,18,18
Guilliaume,15,3,18
Gulian,18,0,18
Gültekin,17,3,20
Gürsel,16,3,19
Gwendolen,0,18,18
Gwydion,18,0,18
Gaber,9,8,17
Gabrian,17,0,17
Galtjo,17,0,17
Gamaliël,17,0,17
Gangulphus,17,0,17
Garritje,0,17,17
Geelje,0,17,17
Geerlinde,0,17,17
Geessiene,0,17,17
Gelf,17,0,17
Genaya,0,17,17
Genis,12,5,17
Geralien,0,17,17
Gerleen,3,13,16
Gerlo,17,0,17
Gerlynn,0,17,17
Gerrat,17,0,17
Gerrebrand,17,0,17
Gerthe,3,15,18
Geuke,16,3,19
Giann,16,3,19
Gilius,16,3,19
Givani,15,3,18
Godeberta,0,17,17
Gomes,13,3,16
Gonzales,13,3,16
Gouda,0,17,17
Griete,0,17,17
Groeneveld,17,0,17
Guilleaume,17,0,17
Gülhanim,0,17,17
Gulielma,0,17,17
Gummarus,17,0,17
Gaetan,16,0,16
Gagandeep,9,7,16
Galal,12,3,15
Gangelhof,16,0,16
Gatsche,0,16,16
Gaudia,0,16,16
Gaugericus,15,3,18
Geesienus,16,0,16
Geffrey,16,0,16
Gem,10,6,16
Gencay,16,0,16
Genéva,0,16,16
Genia,0,16,16
Genoa,7,9,16
Geordie,16,0,16
Georgo,16,0,16
Geraldi,6,10,16
Geralyn,0,16,16
Gèrard,15,3,18
Gerde,3,14,17
Gerdin,6,10,16
Gergina,0,16,16
Gerhald,16,0,16
Gerlena,0,16,16
Gernant,16,0,16
Gerrelt,16,0,16
Gerrida,0,16,16
Gerrinde,0,16,16
Gershwin,16,0,16
Gerwalt,16,0,16
Geurt-Jan,16,0,16
Geuzina,0,16,16
Gewina,0,16,16
Ghaitrie,0,16,16
Ghulam,16,0,16
Giannini,10,6,16
Giaro,16,0,16
Gienus,16,0,16
Gildo,16,0,16
Giona,3,13,16
Gip,16,0,16
Gisa,3,13,16
Giséla,0,16,16
Givanni,15,3,18
Givencio,16,0,16
Godefriede,0,16,16
Godewijn,16,0,16
Godfriedus,14,3,17
Godina,0,16,16
Goedhart,15,3,18
Goldy,3,14,17
Golina,0,16,16
Gomarius,15,3,18
Gooijert,16,0,16
Gordianus,16,0,16
Goverdiena,0,16,16
Gradje,15,3,18
Grietjo,16,0,16
Guurt,14,3,17
Gwynedd,3,14,17
Gwynneth,0,16,16
Gyamfi,11,5,16
Gao,10,5,15
Garm,15,0,15
Gaspare,12,3,15
Gasper,15,0,15
Gealine,0,15,15
Geerhart,15,0,15
Geertha,0,15,15
Geertrud,3,11,14
Gelsche,0,15,15
Gemini,8,7,15
Gepkelina,0,15,15
Geradine,3,14,17
Gerardia,0,15,15
Gerdinant,15,0,15
Gerliene,0,15,15
Gerlind,0,15,15
Gerome,15,0,15
Gerra,0,15,15
Gerritdinand,15,0,15
Gershom,15,0,15
Gertrudi,0,15,15
Geselina,3,14,17
Ghassan,14,3,17
Gianella,0,15,15
Gieske,3,14,17
Gifty,0,15,15
Gilliana,0,15,15
Giovanie,15,0,15
Girigori,14,3,17
Gisèlle,3,14,17
Glaudia,0,15,15
Gobel,15,0,15
Goderd,15,0,15
Göktürk,15,0,15
Gonçalves,8,7,15
Gose,15,0,15
Goukje,0,15,15
Gouwke,3,13,16
Govaert,15,0,15
Grea,3,14,17
Greorgius,15,0,15
Gudron,8,7,15
Guilermo,15,0,15
Guiljam,11,3,14
Güleser,0,15,15
Gunar,15,0,15
Gurina,0,15,15
Gurpreet,7,8,15
Gustavine,0,15,15
Gwendelien,0,15,15
Gwenyth,3,14,17
Gyllian,11,3,14
Gysbertus,15,0,15
Gadisha,0,14,14
Gaea,0,14,14
Gaétan,14,0,14
Galvin,14,0,14
Gandalf,14,0,14
Ganga,3,10,13
Gararda,0,14,14
García,10,3,13
Gard,14,0,14
Garip,14,0,14
Gart,14,0,14
Garvey,14,0,14
Gauwe,14,0,14
Gay,3,10,13
Geanna,0,14,14
Geerardina,0,14,14
Geerle,7,7,14
Geesbertha,0,14,14
Geisje,0,14,14
Géjanne,0,14,14
Gelani,14,0,14
Gelland,3,11,14
Gemmie,3,11,14
Genesia,0,14,14
Genesius,14,0,14
Geppie,0,14,14
Gerayno,14,0,14
Gerlande,0,14,14
Gerlantje,0,14,14
Gerlize,0,14,14
Geroldus,14,0,14
Gerrij,3,12,15
Gerrite,0,14,14
Gers,14,0,14
Gerthilde,0,14,14
Gervaise,3,10,13
Gesines,14,0,14
Gettie,5,9,14
Geus,14,0,14
Ghani,11,3,14
Ghylène,0,14,14
Giel-Jan,14,0,14
Gijsbart,14,0,14
Gili,5,9,14
Gillyano,14,0,14
Gilson,14,0,14
Ginovanni,14,0,14
Ginuwine,14,0,14
Giomaro,14,0,14
Giovanca,0,14,14
Giraldo,14,0,14
Girish,13,3,16
Gisel,3,11,14
Gjelt,14,0,14
Gloire,7,7,14
Glyn,14,0,14
Gohan,14,0,14
Gommaris,14,0,14
Gondulphus,14,0,14
Gordiana,0,14,14
Goske,0,14,14
Govert-Jan,14,0,14
Grachella,0,14,14
Gregorey,14,0,14
Gretta,0,14,14
Grey,11,3,14
Griffith,13,3,16
Grignon,9,5,14
Guilaine,0,14,14
Gulay,0,14,14
Gummara,3,13,16
Günes,3,11,14
Gürcan,12,3,15
Güzel,3,10,13
Gaffar,13,0,13
Garbrandina,0,13,13
Garon,12,3,15
Garrincha,11,3,14
Gaudina,3,12,15
Gayan,13,0,13
Gaytri,0,13,13
Gazel,0,13,13
Geeziena,0,13,13
Gelsiena,0,13,13
Gemina,0,13,13
Gentil,11,3,14
Geofrey,13,0,13
Georgeus,13,0,13
Gerrada,0,13,13
Gerradus,13,0,13
Gerriedina,0,13,13
Gerwine,0,13,13
Ghalia,0,13,13
Ghazi,11,3,14
Ghislane,0,13,13
Gianpaolo,13,0,13
Giara,0,13,13
Gib,13,0,13
Gilroy,13,0,13
Gimairo,13,0,13
Giovan,13,0,13
Gisanne,0,13,13
Givana,0,13,13
Glynn,11,3,14
Glynnis,3,11,14
Godart,13,0,13
Godewina,0,13,13
Gondulfus,13,0,13
Gondulpha,0,13,13
Gonzaga,3,12,15
Gorgio,13,0,13
Gotthard,12,3,15
Gottlob,13,0,13
Goverdien,0,13,13
Gozewienus,13,0,13
Gracilia,0,13,13
Gregori,11,3,14
Gregorina,0,13,13
Gretel,3,12,15
Gretus,13,0,13
Güldane,0,13,13
Gülen,3,12,15
Gülfidan,0,13,13
Gulia,0,13,13
Guliëlmus,13,0,13
Gülnihal,0,13,13
Gunhild,3,11,14
Gurkan,13,0,13
Gustine,0,13,13
Gwaeron,11,3,14
Gwendela,0,13,13
Gwenhwyfar,0,13,13
Gysèle,0,13,13
Gaaije,12,0,12
Gaberlina,0,12,12
Gabrie,3,9,12
Gaelle,0,12,12
Galen,12,0,12
Galit,3,9,12
Gangolf,11,3,14
Garreld,12,0,12
Garreltje,0,12,12
Garrett,12,0,12
Gartjan,12,0,12
Geereke,0,12,12
Geertrudo,11,3,14
Geertruyda,0,12,12
Geetruida,0,12,12
Gellie,0,12,12
Gemairo,12,0,12
Genardus,12,0,12
Genio,12,0,12
Gepco,12,0,12
Gérarde,3,11,14
Gerardie,3,11,14
Gerardiena,0,12,12
Gerbens,11,3,14
Gerbregt,0,12,12
Gerdian,7,5,12
Gereke,0,12,12
Gerhardien,0,12,12
Geriëtte,0,12,12
Gerlinus,12,0,12
Gerlisa,0,12,12
Gerraldine,0,12,12
Gerto,12,0,12
Gesientje,0,12,12
Gesuina,3,11,14
Getsje,0,12,12
Geugien,12,0,12
Geugjen,12,0,12
Gezientje,0,12,12
Gheorghe,12,0,12
Ghofran,5,7,12
Gibril,12,0,12
Gieles,12,0,12
Gielke,3,8,11
Gieni,0,12,12
Giep,11,3,14
Gieta,0,12,12
Gijbertus,12,0,12
Gijsbertie,3,11,14
Gijze,12,0,12
Gijzina,0,12,12
Gilaine,0,12,12
Gilke,0,12,12
Gillean,10,3,13
Gioconda,0,12,12
Giscard,12,0,12
Giusi,3,11,14
Givaino,12,0,12
Gizelle,0,12,12
Glenys,0,12,12
Goaitske,0,12,12
Godfrid,12,0,12
Godlieb,11,3,14
Gökce,3,11,14
Gokhan,12,0,12
Gonard,12,0,12
Gonzalez,11,3,14
Gooikje,0,12,12
Goosem,12,0,12
Goosje,0,12,12
Gorginio,12,0,12
Goselina,0,12,12
Goserina,0,12,12
Gosewine,3,11,14
Gossé,12,0,12
Gosselina,0,12,12
Govind,12,0,12
Gracy,3,10,13
Graddus,12,0,12
Graig,12,0,12
Grardus,12,0,12
Grego,12,0,12
Griejanne,0,12,12
Gudila,0,12,12
Guibertus,11,3,14
Guillem,12,0,12
Guinnevere,0,12,12
Gulcan,0,12,12
Gülüstan,0,12,12
Gunner,12,0,12
Gustavina,0,12,12
Guurtrudes,0,12,12
Guuske,0,12,12
Guyan,12,0,12
Güzide,0,12,12
Gyasi,12,0,12
Gyuri,12,0,12
Gaaijo,11,0,11
Gaaike,10,3,13
Gabbe,11,0,11
Gaico,11,0,11
Gaily,3,10,13
Gangolphus,10,3,13
Garincha,11,0,11
Garion,11,0,11
Garmina,0,11,11
Garmtje,0,11,11
Garrent,11,0,11
Garrick,11,0,11
Garrigje,0,11,11
Gautier,11,0,11
Gedalja,7,3,10
Gede,11,0,11
Geera,0,11,11
Geerlag,11,0,11
Geertsje,0,11,11
Gejan,10,3,13
Gekelien,0,11,11
Gelde,11,0,11
Gelinda,0,11,11
Gennerino,11,0,11
Gentley,10,3,13
Gently,8,3,11
Georget,0,11,11
Geovani,11,0,11
Gerben-Jan,11,0,11
Gerbrichje,0,11,11
Gerhardiena,0,11,11
Gerlene,0,11,11
Gerlie,3,8,11
Gerlies,3,10,13
Germie,3,9,12
Gerona,0,11,11
Gerretdina,0,11,11
Gerrien,3,9,12
Gerrion,3,7,10
Gerrit-jan,11,0,11
Gerrit-Willem,11,0,11
Gerritsje,0,11,11
Gerritte,0,11,11
Gerron,11,0,11
Gertin,8,3,11
Gertwin,11,0,11
Gervin,11,0,11
Gésanne,0,11,11
Geuvertje,0,11,11
Geylani,11,0,11
Gharib,11,0,11
Gianluigi,11,0,11
Gidius,11,0,11
Gielbert,11,0,11
Giem,10,3,13
Gienie,0,11,11
Gigliola,0,11,11
Gilbertha,3,10,13
Ginaro,11,0,11
Ginevra,0,11,11
Giorgo,11,0,11
Gisou,3,10,13
Giuliani,11,0,11
Giyano,11,0,11
Godefridia,0,11,11
Godefroid,10,3,13
Gohar,3,8,11
Gökalp,9,3,12
Gomaria,3,10,13
Gommardina,3,10,13
Gooiske,0,11,11
Gooitse,11,0,11
Goose,11,0,11
Gooswijn,11,0,11
Gorgonia,3,10,13
Gosien,3,10,13
Gozerina,0,11,11
Gozinus,11,0,11
Granville,10,3,13
Gribbert,11,0,11
Grietsen,11,0,11
Grigori,11,0,11
Grigorios,11,0,11
Grzegorz,11,0,11
Guanito,11,0,11
Gudy,0,11,11
Guideon,11,0,11
Guilliam,9,3,12
Gülderen,0,11,11
Guleed,9,3,12
Gulizar,0,11,11
Gulliano,11,0,11
Gulliver,11,0,11
Gysella,0,11,11
Gyvan,11,0,11
Gabinus,10,0,10
Gabriell,7,3,10
Gabrijel,10,0,10
Gaetana,0,10,10
GAM,7,3,10
Gaugurica,0,10,10
Gaynor,3,6,9
Gazal,0,10,10
Gaziena,0,10,10
Gebena,0,10,10
Geerdje,0,10,10
Geertruit,0,10,10
Geery,3,7,10
Geesie,0,10,10
Gelder,10,0,10
Geldolph,10,0,10
Gelenus,10,0,10
Geleyn,10,0,10
Gelof,10,0,10
Gelsina,0,10,10
Genova,3,9,12
Geon,10,0,10
Georgey,7,3,10
Georgos,10,0,10
Geraad,10,0,10
Geraldino,10,0,10
Gérarda,0,10,10
Gerdes,5,5,10
Gerdines,10,0,10
Gerdus,10,0,10
Gerges,8,3,11
Gerhard-Jan,10,0,10
Gerlyn,0,10,10
Gernanda,0,10,10
Gerrebrandus,10,0,10
Gerritdinus,10,0,10
Gersina,0,10,10
Gertiene,0,10,10
Gertru,3,9,12
Gertrudo,6,3,9
Gertruidus,9,3,12
Gervais,10,0,10
Gesuino,10,0,10
Geurie,0,10,10
Gezelle,5,5,10
Ghada,0,10,10
Ghina,0,10,10
Ghino,10,0,10
Ghizlaine,0,10,10
Giacinta,0,10,10
Giandra,0,10,10
Giangelo,10,0,10
Giesbertus,10,0,10
Giese,3,7,10
Giesje,0,10,10
Gilio,10,0,10
Giljan,9,3,12
Gilly,3,9,12
Gilvana,0,10,10
Ging,3,7,10
Gioacchino,10,0,10
Giordi,10,0,10
Giosuè,9,3,12
Giosué,10,0,10
Girly,0,10,10
Giselda,0,10,10
Gislena,0,10,10
Githe,0,10,10
Givanny,10,0,10
Givon,10,0,10
Gladis,3,8,11
Glaudius,10,0,10
Glencora,0,10,10
Godeleva,0,10,10
Godelina,0,10,10
Godevinus,10,0,10
Goitse,10,0,10
Göksal,10,0,10
Gomaa,6,3,9
Gomez,9,3,12
Gonzalina,3,9,12
Gooi,10,0,10
Gooije,10,0,10
Gorus,10,0,10
Graça,3,9,12
Grassiana,0,10,10
Gratianus,10,0,10
Greetha,0,10,10
Grégory,10,0,10
Gresa,0,10,10
Guida,0,10,10
Guilaume,9,3,12
Gülben,0,10,10
Guliam,10,0,10
Gülkiz,0,10,10
Gulsah,0,10,10
Gülsima,0,10,10
Gunawan,10,0,10
Gunvor,0,10,10
Gürbüz,10,0,10
Gurnoor,7,3,10
Guul,9,3,12
Gwendelina,0,10,10
Gwendo,10,0,10
Gwenne,0,10,10
Gwylim,10,0,10
Gynairo,10,0,10
Gyöngyi,0,10,10
Gabrijela,0,9,9
Gagik,9,0,9
Gaitzen,9,0,9
Galiëne,0,9,9
Gan,9,0,9
Gar,3,6,9
Gardenia,0,9,9
Gardinus,9,0,9
Garfield,9,0,9
Gasina,0,9,9
Gaudentius,8,3,11
Gauguria,0,9,9
Gaula,0,9,9
Gaurie,0,9,9
Gavyn,9,0,9
Gawan,9,0,9
Géan,3,6,9
Gebbe,8,3,11
Gebines,9,0,9
Geerbertus,9,0,9
Geerjanne,0,9,9
Geerko,9,0,9
Geerrit,9,0,9
Geese,7,3,10
Geessine,0,9,9
Geezinus,9,0,9
Geliena,3,8,11
Gelino,9,0,9
Gelisa,0,9,9
Gelkje,0,9,9
Gemmeke,0,9,9
Genayro,9,0,9
Genice,0,9,9
Geoffroy,9,0,9
Georgus,9,0,9
Geovanna,0,9,9
Gerbij,0,9,9
Gerbin,9,0,9
Gerbine,0,9,9
Gerbrechtje,0,9,9
Geremy,9,0,9
Gerhan,9,0,9
Gérie,3,8,11
Gerika,0,9,9
Germar,9,0,9
Germi,0,9,9
Germon,9,0,9
Gernadina,3,7,10
Gerôme,9,0,9
Gerranda,0,9,9
Gerrianna,0,9,9
Gerritdinant,9,0,9
Gerritsina,0,9,9
Gerrittine,0,9,9
Gertdina,0,9,9
Gerwout,9,0,9
Gésine,3,8,11
Geu,9,0,9
Geugje,8,3,11
Geurardus,9,0,9
Geurtdina,0,9,9
Gevert,9,0,9
Gezal,0,9,9
Ghalied,8,3,11
Ghaya,0,9,9
Ghislenus,9,0,9
Gianinni,8,3,11
Gianlucca,9,0,9
Giannis,9,0,9
Giarno,9,0,9
Gienke,0,9,9
Gihan,3,8,11
Gijs-Bert,9,0,9
Gijsberdiena,0,9,9
Gilan,9,0,9
Ginah,0,9,9
Ginella,0,9,9
Ginio,9,0,9
Giordy,9,0,9
Gislenus,8,3,11
Git,3,5,8
Giusy,0,9,9
Glenford,9,0,9
Glennys,0,9,9
Glijna,0,9,9
Glorina,0,9,9
Göktan,9,0,9
Golden,6,3,9
Gonçalo,9,0,9
Goozina,0,9,9
Gorsseling,9,0,9
Grâce,3,8,11
Gregery,9,0,9
Grejanne,0,9,9
Gretinus,9,0,9
Griettina,0,9,9
Grita,0,9,9
Gualterus,9,0,9
Guevara,9,0,9
Guiljana,0,9,9
Güldâne,0,9,9
Gülser,0,9,9
Gülümser,0,9,9
Gunster,9,0,9
Gürcü,0,9,9
Gurleen,0,9,9
Gustaphine,0,9,9
Gustavia,0,9,9
Gustian,9,0,9
Gwendaline,0,9,9
Gwendel,6,3,9
Gwendolyna,0,9,9
Gyamfuah,0,9,9
Gyana,0,9,9
Gyimah,7,3,10
Gylana,0,9,9
Gylliano,9,0,9
Gaauwe,8,0,8
Gabian,8,0,8
Gabrièl,6,3,9
Gabriéle,0,8,8
Gabrièlla,3,7,10
Gabriélla,0,8,8
Gadze,8,0,8
Gaizka,8,0,8
Galadriel,0,8,8
Gamil,5,3,8
Gangelof,8,0,8
Ganime,0,8,8
Gardine,0,8,8
Gardy,3,3,6
Garrelina,0,8,8
Gaugerika,0,8,8
Gaurisha,0,8,8
Gautami,0,8,8
Gavi,6,3,9
Gayane,0,8,8
Gedi,3,6,9
Geelina,0,8,8
Geerco,8,0,8
Geerttruida,0,8,8
Geeszien,0,8,8
Gelida,0,8,8
Gelke,8,0,8
Gellért,8,0,8
Gelly,3,7,10
Gemaine,0,8,8
Gène,7,3,10
Génesis,3,5,8
Genieva,0,8,8
Gepkéa,0,8,8
Gerades,8,0,8
Geraldiene,0,8,8
Geraldin,0,8,8
Gerardis,8,0,8
Gerberig,3,7,10
Gerberta,0,8,8
Gerdianne,0,8,8
Gerhardie,3,5,8
Gerhilde,0,8,8
Geria,0,8,8
Geridina,0,8,8
Gerieta,0,8,8
Germo,8,0,8
Gerolda,3,7,10
Gerralt,8,0,8
Gerria,0,8,8
Gerriena,0,8,8
Gerriette,0,8,8
Gerrijanne,0,8,8
Gerritjanna,0,8,8
Gerrittje,0,8,8
Gerrolt,8,0,8
Gert-Wim,8,0,8
Gertrudie,0,8,8
Gertrudy,0,8,8
Gertrui,0,8,8
Gervano,8,0,8
Geuchiena,0,8,8
Geurdinus,8,0,8
Geuzinus,8,0,8
Ghali,8,0,8
Ghazala,0,8,8
Ghiselle,0,8,8
Ghoufrane,3,3,6
Giacinto,8,0,8
Giamo,8,0,8
Gianino,8,0,8
Giap,7,3,10
Gibran,7,3,10
Gidus,8,0,8
Gied,8,0,8
Gielis,7,3,10
Gilaino,8,0,8
Gilany,6,3,9
Gildrina,0,8,8
Gillia,0,8,8
Gillianne,0,8,8
Gillroy,8,0,8
Gilmour,7,3,10
Gilo,7,3,10
Ginet,0,8,8
Ginetta,0,8,8
Ginia,0,8,8
Ginou,3,7,10
Giocondo,7,3,10
Giomy,3,7,10
Giséle,0,8,8
Giullia,0,8,8
Givainy,0,8,8
Giyo,8,0,8
Gjetsje,0,8,8
Glenneth,7,3,10
Godschalk,7,3,10
Gökben,3,7,10
Golan,8,0,8
Gomaris,8,0,8
Goncagül,0,8,8
Goosina,0,8,8
Gor,8,0,8
Gorritje,0,8,8
Gosewiena,3,7,10
Gosia,3,6,9
Govanny,8,0,8
Govertine,0,8,8
Gozewien,3,3,6
Gracelle,0,8,8
Gracelynn,0,8,8
Gracielle,0,8,8
Gráinne,0,8,8
Greanne,0,8,8
Gréanne,0,8,8
Greja,0,8,8
Greke,0,8,8
Gretl,0,8,8
Greult,8,0,8
Greyson,8,0,8
Grieanne,0,8,8
Grigor,8,0,8
Gryte,0,8,8
Gubertus,8,0,8
Gudelina,0,8,8
Guen,3,3,6
Guerino,8,0,8
Guilbert,8,0,8
Guiliam,8,0,8
Guilian,8,0,8
Guillaine,0,8,8
Guillaum,7,3,10
Guillelmine,3,7,10
Guillia,0,8,8
Guillome,8,0,8
Guiseppa,0,8,8
Guitje,7,3,10
Gülenay,0,8,8
Gülgün,0,8,8
Gulistan,0,8,8
Gülşan,0,8,8
Gürbet,3,7,10
Guretta,0,8,8
Gustinus,8,0,8
Guus-Jan,8,0,8
Guydo,8,0,8
Guylain,7,3,10
Gwenaelle,0,8,8
Gweneth,3,7,10
Gwenna,0,8,8
Gwennan,0,8,8
Gyatso,8,0,8
Gyno,8,0,8
Gyonne,3,7,10
Gysberta,0,8,8
Gysbertha,0,8,8
Gysele,0,8,8
Gaatsche,0,7,7
Gabel,7,0,7
Gabino,7,0,7
Gada,0,7,7
Gadischa,0,7,7
Gadiza,0,7,7
Galadriël,3,6,9
Galena,0,7,7
Galida,0,7,7
Gâlip,7,0,7
Gamila,0,7,7
Gamzenur,0,7,7
Gandert,7,0,7
Gardiena,3,6,9
Garhardus,7,0,7
Garma,0,7,7
Garnoud,7,0,7
Gasparus,7,0,7
Gatzes,7,0,7
Gaudiosa,0,7,7
Gautama,7,0,7
Gavina,0,7,7
Gaylord,7,0,7
Gearte,0,7,7
Gebko,7,0,7
Gedy,0,7,7
Geele,7,0,7
Geeri,0,7,7
Geerina,0,7,7
Geert-Pieter,7,0,7
Geertrudi,0,7,7
Geesche,0,7,7
Geesine,0,7,7
Geeskelina,0,7,7
Geezien,3,6,9
Geffroy,7,0,7
Geiko,7,0,7
Geir,7,0,7
Gelano,7,0,7
Geliene,0,7,7
Gelmar,6,3,9
Gemmalina,0,7,7
Genarda,0,7,7
Genaud,7,0,7
Géne,5,3,8
Géneva,0,7,7
Génevieve,0,7,7
Généviëve,0,7,7
Genisis,3,5,8
Genny,3,6,9
Genoveffa,0,7,7
Gentia,0,7,7
Gentius,7,0,7
Gento,7,0,7
Georgea,0,7,7
Gep,7,0,7
Gèrald,7,0,7
Geranna,0,7,7
Gerárd,7,0,7
Géraud,7,0,7
Gerbregje,0,7,7
Gerby,3,5,8
Gereldine,0,7,7
Gerendina,0,7,7
Gereon,7,0,7
Gerhardinus,6,3,9
Gerherdina,0,7,7
Geriet,7,0,7
Gérina,0,7,7
Gerinus,7,0,7
Gerion,5,3,8
Gérita,0,7,7
Gerjanda,0,7,7
Gerjohn,6,3,9
Gerly,3,6,9
Germer,7,0,7
Gernardus,7,0,7
Gerof,7,0,7
Gerralde,0,7,7
Gerrebertus,7,0,7
Gerriene,0,7,7
Gerritine,0,7,7
Gerryanne,0,7,7
Gerstina,0,7,7
Gert-Jaap,7,0,7
Gert-Willem,7,0,7
Gertinus,7,0,7
Gertrudia,0,7,7
Gerulphus,7,0,7
Gervatia,0,7,7
Gervinho,7,0,7
Gervinus,7,0,7
Gesanne,0,7,7
Geselien,0,7,7
Gésina,0,7,7
Getrudus,3,3,6
Getulia,0,7,7
Geukina,0,7,7
Geuri,0,7,7
Ghaffar,3,3,6
Ghanem,3,3,6
Ghazali,6,3,9
Ghylaine,0,7,7
Giacomina,0,7,7
Gianelli,3,5,8
Gianelly,3,5,8
Giavanna,0,7,7
Gidian,5,3,8
Gieliam,7,0,7
Giesberta,0,7,7
Gijberdina,0,7,7
Gijs-Willem,7,0,7
Gijsbertes,7,0,7
Gilby,7,0,7
Gileine,0,7,7
Gilina,0,7,7
Giljano,7,0,7
Gillano,7,0,7
Gilliandro,7,0,7
Gilmara,0,7,7
Gimeno,7,0,7
Ginaira,0,7,7
Ginno,7,0,7
Gioele,7,0,7
Gioella,0,7,7
Giomairo,7,0,7
Giomara,3,6,9
Gionni,6,3,9
Giordana,0,7,7
Giovanne,3,6,9
Giovannina,0,7,7
Giovannino,7,0,7
Giralda,0,7,7
Girolamo,6,3,9
Giske,0,7,7
Gite,0,7,7
Gjaltina,0,7,7
Gjettje,0,7,7
Glenna,0,7,7
Goa,3,3,6
Gobertus,7,0,7
Godefried,7,0,7
Godine,0,7,7
Godswill,7,0,7
Godula,0,7,7
Godwill,7,0,7
Goijert,7,0,7
Goitze,7,0,7
Göknur,0,7,7
Göktug,7,0,7
Goldwin,7,0,7
Goldwyn,7,0,7
Golidanus,7,0,7
Gomara,0,7,7
Gonis,7,0,7
Gonni,3,6,9
Gooltje,0,7,7
Goossem,7,0,7
Goovert,7,0,7
Gooyert,7,0,7
Gorettie,0,7,7
Gosselaar,7,0,7
Gotske,0,7,7
Gottfrieda,0,7,7
Gouktje,0,7,7
Gourgel,3,3,6
Govardina,0,7,7
Govertina,0,7,7
Goyert,7,0,7
Grachita,0,7,7
Gracinda,0,7,7
Gradi,3,5,8
Granit,7,0,7
Gree,0,7,7
Greeta,0,7,7
Greeult,7,0,7
Gregoriana,3,6,9
Grethus,7,0,7
Grieke,0,7,7
Grigory,7,0,7
Grover,7,0,7
Gualberta,0,7,7
Guiko,7,0,7
Guilhelma,0,7,7
Guilhem,7,0,7
Guillamo,7,0,7
Guillermine,0,7,7
Guillette,0,7,7
Guilliana,0,7,7
Guiseppo,5,3,8
Gülcihan,0,7,7
Gülcin,0,7,7
Gulio,7,0,7
Gulled,6,3,9
Gülpembe,0,7,7
Gülperi,0,7,7
Gulsum,0,7,7
Gunda,0,7,7
Gunilda,0,7,7
Gusje,3,5,8
Gustaav,6,3,9
Güvenç,6,3,9
Güzin,0,7,7
Gwat,0,7,7
Gwendalina,0,7,7
Gwendalyn,0,7,7
Gwendelin,0,7,7
Gwilym,6,3,9
Gwin,3,5,8
Gyandro,7,0,7
Gyanne,0,7,7
Gylvano,7,0,7
Gyna,0,7,7
Györgyi,3,6,9
Gabriëllo,3,3,6
Gabryella,0,6,6
Gadir,3,5,8
Gaëlla,0,6,6
Gafar,6,0,6
Gaïa,3,5,8
Gairo,6,0,6
Gairoennisa,0,6,6
Gajus,6,0,6
Galahad,6,0,6
Galatea,0,6,6
Galith,0,6,6
Gallardo,3,3,6
Gamine,0,6,6
Gandola,0,6,6
Gang,6,0,6
Gardien,0,6,6
Gari,5,3,8
Garko,6,0,6
Garland,6,0,6
Garmiena,0,6,6
Garo,6,0,6
Garritdiene,0,6,6
Garth,6,0,6
Gartruida,0,6,6
Gavier,6,0,6
Gavril,6,0,6
Gawaine,6,0,6
Géanna,0,6,6
Geano,6,0,6
Geb,5,3,8
Gebbechien,0,6,6
Gebbiena,0,6,6
Gebert,6,0,6
Gebgerdina,0,6,6
Gebkea,0,6,6
Gédéon,6,0,6
Gedine,0,6,6
Geelof,6,0,6
Geerald,6,0,6
Geeralda,0,6,6
Geerdie,0,6,6
Geert-Hendrik,6,0,6
Geert-jan,6,0,6
Geertke,0,6,6
Geerto,6,0,6
Geertruuda,0,6,6
Geesfien,0,6,6
Geesiene,0,6,6
Geis,6,0,6
Geka,0,6,6
Gelien,0,6,6
Gelma,0,6,6
Gelswinda,0,6,6
Gelton,6,0,6
Gema,3,5,8
Gemara,0,6,6
Gemarja,3,5,8
Gemelli,3,3,6
Genco,6,0,6
Genell,0,6,6
Generoza,0,6,6
Genevie,0,6,6
Geneviêve,0,6,6
Genisha,0,6,6
Genista,0,6,6
Gennesis,0,6,6
Genno,6,0,6
Genta,0,6,6
Gentian,6,0,6
Geny,0,6,6
Georgeo,6,0,6
Geovanny,6,0,6
Ger-Janne,0,6,6
Géralda,0,6,6
Geraldy,3,3,6
Gerardy,0,6,6
Gerbern,6,0,6
Gerbertha,0,6,6
Gerbo,6,0,6
Gerbrandine,0,6,6
Gerbreg,0,6,6
Gerdiana,0,6,6
Gereno,6,0,6
Geret,6,0,6
Gerginio,6,0,6
Gerhalda,0,6,6
Gerhardo,6,0,6
Géri,0,6,6
Gerien,0,6,6
Gerino,6,0,6
Gerkjen,0,6,6
Gerlaca,0,6,6
Gerlaine,0,6,6
Gerlandtje,0,6,6
Gerlène,0,6,6
Gerli,3,5,8
Gerliena,0,6,6
Germanna,0,6,6
Germieke,0,6,6
Gerno,6,0,6
Géron,6,0,6
Geroni,5,3,8
Gerretta,0,6,6
Gerrie-Anne,0,6,6
Gerriejanne,0,6,6
Gerrienke,0,6,6
Gerrietta,0,6,6
Gerry-Anne,0,6,6
Gert-Hein,6,0,6
Gertiena,0,6,6
Gertrudina,0,6,6
Gervasio,5,3,8
Gervatius,6,0,6
Gerwert,6,0,6
Geryanne,0,6,6
Geurtjan,6,0,6
Gevin,6,0,6
Gevorg,6,0,6
Ghalil,6,0,6
Ghania,0,6,6
Gheeta,0,6,6
Ghislana,0,6,6
Ghisleen,3,3,6
Ghufran,3,3,6
Ghyta,0,6,6
Giambruno,3,3,6
Giampaolo,6,0,6
Gianmarco,6,0,6
Gianney,5,3,8
Giannie,3,3,6
Giao,3,3,6
Giavana,0,6,6
Gide,3,3,6
Gidia,0,6,6
Gielbertus,5,3,8
Gielhelmus,3,3,6
Gieljam,6,0,6
Gienes,6,0,6
Gijsbertdina,0,6,6
Gijsberti,6,0,6
Gijsberty,0,6,6
Gijsbrechtje,0,6,6
Gilad,6,0,6
Gilang,6,0,6
Gilaysa,0,6,6
Gilber,6,0,6
Gilbért,6,0,6
Gilead,6,0,6
Gilène,0,6,6
Gilgonda,0,6,6
Giliandro,6,0,6
Gilianne,0,6,6
Gillan,5,3,8
Gille,5,3,8
Gillus,6,0,6
Gilton,6,0,6
Gimaro,6,0,6
Ginelva,0,6,6
Ginna,3,5,8
Ginnie,3,5,8
Ginola,6,0,6
Gionaro,6,0,6
Gioni,3,3,6
Gionne,0,6,6
Giotta,0,6,6
Gisbertha,0,6,6
Giselaine,0,6,6
Gishlaine,0,6,6
Gislinde,0,6,6
Gittan,3,3,6
Giustina,0,6,6
Giusto,6,0,6
Givany,3,3,6
Givenchely,0,6,6
Gjald,6,0,6
Gjerryt,6,0,6
GJM,3,3,6
Gjolt,6,0,6
Gladwin,6,0,6
Glaphira,0,6,6
Goanita,0,6,6
Godefroi,3,3,6
Godewinus,6,0,6
Godlef,6,0,6
Goeman,6,0,6
Goike,3,3,6
Goke,0,6,6
Göksen,3,5,8
Gökşen,3,5,8
Gomer,3,3,6
Gong,5,3,8
Gonja,0,6,6
Gonsalvus,6,0,6
Gonzalva,0,6,6
Goossiena,0,6,6
Gooze,6,0,6
Gora,5,3,8
Gordinus,6,0,6
Gorge,5,3,8
Gorretti,0,6,6
Gorseling,6,0,6
Goselinus,6,0,6
Goudens,3,3,6
Goudswaard,6,0,6
Goutje,0,6,6
Govarda,0,6,6
Goverijna,0,6,6
Gozem,6,0,6
Gozeus,6,0,6
Gozewijnus,6,0,6
Graad,6,0,6
Gracelyn,0,6,6
Gradine,0,6,6
Grazielle,0,6,6
Grażyna,0,6,6
Great,5,3,8
Grétha,0,6,6
Gretia,0,6,6
Gretine,0,6,6
Gretje,0,6,6
Grietines,6,0,6
Grisha,5,3,8
Grubbelt,6,0,6
Grytha,0,6,6
Grytzen,6,0,6
Gudelia,0,6,6
Gudi,0,6,6
Gudie,3,3,6
Gudine,0,6,6
Guerrino,5,3,8
Guglielmina,0,6,6
Guide,3,3,6
Guilano,6,0,6
Guiliana,0,6,6
Guilio,6,0,6
Guillaam,6,0,6
Guillaime,3,3,6
Guilliamo,6,0,6
Guilly,6,0,6
Guiomar,3,3,6
Guitzen,6,0,6
Gülçan,0,6,6
Gülin,0,6,6
Guljaam,6,0,6
Gull,3,3,6
Güller,0,6,6
Gülnisa,0,6,6
Gulshan,3,3,6
Gummaris,5,3,8
Gurarda,0,6,6
Guri,0,6,6
Gurur,6,0,6
Gustaviana,0,6,6
Guuleed,6,0,6
Guyenne,3,5,8
Guyllian,6,0,6
Gyanni,3,3,6
Gydeon,6,0,6
Gydion,6,0,6
Gyekye,5,3,8
Gylène,0,6,6
Gabe-Jan,5,0,5
Gabriél,5,0,5
Gabriëllina,0,5,5
Gabrielo,3,3,6
Gabrio,5,0,5
Gadicha,0,5,5
Gadiedja,0,5,5
Gadske,0,5,5
Gaila,0,5,5
Gailey,0,5,5
Gairoenisa,0,5,5
Gaitlynn,0,5,5
Gaitsen,5,0,5
Galiek,5,0,5
Galiel,5,0,5
Galiena,0,5,5
Galileo,5,0,5
Galton,5,0,5
Galyna,3,3,6
Ganda,0,5,5
Gandhi,3,3,6
Gandolfo,3,3,6
Ganie,5,0,5
Garaad,3,3,6
Garada,0,5,5
Garben,5,0,5
Garbis,5,0,5
Gardianus,5,0,5
Garhard,5,0,5
Garib,3,3,6
Garmdina,0,5,5
Garrie,3,3,6
Gasinjetta,0,5,5
Gáspár,5,0,5
Gates,3,3,6
Gathoen,0,5,5
Gaudens,3,3,6
Gaudeta,3,3,6
Gaudí,3,3,6
Gavriël,5,0,5
Gavrilo,5,0,5
Gawijn,5,0,5
Gawin,5,0,5
Gawla,0,5,5
Gayetrie,0,5,5
Gazy,3,3,6
Geanda,0,5,5
Geartruda,0,5,5
Gebbegien,0,5,5
Geberta,0,5,5
Gebharda,0,5,5
Gebinus,5,0,5
Gediena,0,5,5
Geerhardt,5,0,5
Geerianne,0,5,5
Geerlanda,0,5,5
Geerlien,0,5,5
Geerlinda,0,5,5
Geerline,0,5,5
Geers,5,0,5
Geertie,0,5,5
Geertru,3,3,6
Geertrudy,0,5,5
Geertruydis,3,3,6
Geertruyt,0,5,5
Geesbert,5,0,5
Geessienes,5,0,5
Geetanjalie,0,5,5
Geetha,0,5,5
Geharda,0,5,5
Geilina,0,5,5
Geisbert,5,0,5
Gelainy,3,3,6
Gelderina,0,5,5
Geldina,0,5,5
Geldolf,5,0,5
Gelika,0,5,5
Gelila,0,5,5
Geluk,5,0,5
Gemayel,5,0,5
Genarro,5,0,5
Gené,3,3,6
Genelle,0,5,5
Genely,0,5,5
Genesy,0,5,5
Genette,0,5,5
Gènevieve,0,5,5
Genéviève,0,5,5
Genevièvre,0,5,5
Geng,3,3,6
Genghis,3,3,6
Genie,3,3,6
Genine,0,5,5
Genino,5,0,5
Genita,0,5,5
Gennaio,5,0,5
Gent,5,0,5
Genti,3,3,6
Gentille,3,3,6
Georgianna,0,5,5
Georgiano,5,0,5
Georgis,5,0,5
Geovany,5,0,5
Geppien,0,5,5
Géra,3,3,6
Geraldes,5,0,5
Geraldie,3,3,6
Geralie,0,5,5
Geralinda,0,5,5
Gerardiene,0,5,5
Gerardin,0,5,5
Gerardinia,0,5,5
Gérardus,5,0,5
Geraud,3,3,6
Geray,5,0,5
Gerbera,0,5,5
Gerbrands,5,0,5
Gerbregdina,0,5,5
Gerdilis,5,0,5
Gerdinie,0,5,5
Gerdiny,0,5,5
Gerdita,0,5,5
Geredine,0,5,5
Geremiah,5,0,5
Gergely,5,0,5
Gergino,5,0,5
Gergő,5,0,5
Gerhardigjen,0,5,5
Gerhold,5,0,5
Gerianna,0,5,5
Geriëlle,0,5,5
Gerjannie,0,5,5
Gerlando,5,0,5
Gerlijn,0,5,5
Gerlynde,0,5,5
Germanda,0,5,5
Germanio,5,0,5
Germmina,0,5,5
Gernoldina,0,5,5
Geromy,3,3,6
Gerondina,0,5,5
Géronimo,5,0,5
Gerraldina,0,5,5
Gerriana,0,5,5
Gerrick,5,0,5
Gerrietha,0,5,5
Gerrol,5,0,5
Gerstinna,0,5,5
Gerten,3,3,6
Gertruke,0,5,5
Gertstinna,0,5,5
Gerwi,3,3,6
Gerwinus,5,0,5
Géry,0,5,5
Geryan,3,3,6
Geske,0,5,5
Gesus,5,0,5
Getachew,5,0,5
Geuchie,5,0,5
Geuchies,5,0,5
Geuchje,5,0,5
Geurtdiena,0,5,5
Geurttruida,0,5,5
Geusina,0,5,5
Geuvel,5,0,5
Gewi,0,5,5
Geworg,5,0,5
Gezientjen,0,5,5
Ghalib,5,0,5
Ghalida,0,5,5
Gherardo,5,0,5
Ghian,5,0,5
Ghiel,5,0,5
Ghisbert,5,0,5
Ghiselaine,0,5,5
Ghisèle,0,5,5
GHM,3,3,6
Ghofrane,0,5,5
Gholam,3,3,6
Giacento,5,0,5
Gianey,5,0,5
Gianto,5,0,5
Gidéon,5,0,5
Giede,3,3,6
Giele,3,3,6
Gielijn,5,0,5
Gielly,3,3,6
Gieny,0,5,5
Giesberdina,0,5,5
Giesbertha,0,5,5
Giesla,3,3,6
Giesold,5,0,5
Giesselina,0,5,5
Gijpje,0,5,5
Gijsberters,3,3,6
Gijse,3,3,6
Gilah,0,5,5
Gilardino,5,0,5
Gilaya,0,5,5
Gilaysha,0,5,5
Gilbertico,5,0,5
Gileon,5,0,5
Giliani,3,3,6
Gilianus,5,0,5
Giljon,3,3,6
Gillani,3,3,6
Gillespie,5,0,5
Gillisa,0,5,5
Gillmar,5,0,5
Gilmaro,5,0,5
Gilmer,5,0,5
Gilyano,5,0,5
Gimara,0,5,5
Gimayra,0,5,5
Gimayro,5,0,5
Gimenne,0,5,5
Ginaily,0,5,5
Gingy,0,5,5
Ginty,3,3,6
Giong,3,3,6
Giora,3,3,6
Giorghinio,5,0,5
Gipsy,3,3,6
Girgis,3,3,6
Gisberto,5,0,5
Gishairo,5,0,5
Gishayro,5,0,5
Giulianne,0,5,5
Giuliette,0,5,5
Givaio,5,0,5
Givanio,5,0,5
Givayno,5,0,5
Givayo,5,0,5
Giverney,0,5,5
Giviano,5,0,5
Giyan,5,0,5
Giyon,5,0,5
Giza,0,5,5
Gjaltdina,0,5,5
Gjetje,0,5,5
Gjildert,5,0,5
Gjiltsje,0,5,5
Glady's,0,5,5
Glaudina,0,5,5
Glauke,0,5,5
Glein,3,3,6
Glendy,0,5,5
Glynes,0,5,5
Goasse,5,0,5
Goda,3,3,6
Godafrieda,0,5,5
Godeline,0,5,5
Godfred,5,0,5
Godi,3,3,6
Gody,3,3,6
Goede,3,3,6
Goeleke,0,5,5
Goemarus,5,0,5
Goitsen,5,0,5
Gojardus,5,0,5
Göktuĝ,5,0,5
Goliath,5,0,5
Gommaria,3,3,6
Gonea,0,5,5
Gonnij,0,5,5
Gooris,5,0,5
Gordi,5,0,5
Gordy,3,3,6
Gorgina,0,5,5
Gorgis,5,0,5
Gorinus,5,0,5
Gosewienus,5,0,5
Goslik,5,0,5
Goswien,3,3,6
Gothilda,0,5,5
Goudriaan,5,0,5
Goukes,5,0,5
Gouwe,3,3,6
Gouwtje,0,5,5
Goverine,0,5,5
Goverta,0,5,5
Gowina,0,5,5
Gozine,0,5,5
Graca,3,3,6
Grachelle,0,5,5
Gracilio,5,0,5
Gradciano,5,0,5
Graddy,3,3,6
Gradis,3,3,6
Granada,0,5,5
Grashuis,5,0,5
Gratis,5,0,5
Graziela,0,5,5
Greace,0,5,5
Grean,0,5,5
Greeth,0,5,5
Gregg,5,0,5
Gregina,0,5,5
Gregorios,5,0,5
Greto,5,0,5
Grewal,3,3,6
Grieselda,0,5,5
Grietdiena,0,5,5
Grigorio,5,0,5
Grimm,5,0,5
Griselde,0,5,5
Grisilde,3,3,6
Gritta,0,5,5
Grytje,0,5,5
Guadelupe,0,5,5
Guala,3,3,6
Gualbertha,0,5,5
Gualberto,3,3,6
Gudela,0,5,5
Guerlain,3,3,6
Guïdo,5,0,5
Guidon,5,0,5
Guiella,0,5,5
Guielmus,5,0,5
Guilelmus,3,3,6
Guilhermo,5,0,5
Guill,3,3,6
Guillaumène,3,3,6
Guillemaine,0,5,5
Guillielma,3,3,6
Guillion,5,0,5
Guinever,0,5,5
Guino,5,0,5
Guliëlma,3,3,6
Güliz,0,5,5
Gülse,0,5,5
Gulsen,0,5,5
Gulzar,3,3,6
Gundaric,3,3,6
Guney,5,0,5
Gurben,5,0,5
Gurie,0,5,5
Gurjit,3,3,6
Gürol,5,0,5
Guru,3,3,6
Gustha,3,3,6
Gusto,5,0,5
Guurdina,0,5,5
Guurtrude,0,5,5
Guurtrudis,0,5,5
Guylan,5,0,5
Guylène,0,5,5
Gwenaël,3,3,6
Gwendalin,3,3,6
Gwendelynn,0,5,5
GWM,3,3,6
Gyamfuaa,0,5,5
Gyanesh,5,0,5
Gyo,5,0,5
Gysa,0,5,5
Gysela,0,5,5
Gythe,0,5,5
Gyvaino,5,0,5
Gaba,3,3,6
Gabesche,0,3,3
Gabien,0,3,3
Gabrièle,0,3,3
Gabriën,3,0,3
Gabryel,3,0,3
Gäby,0,3,3
Gaddiël,3,0,3
Gadidja,0,3,3
Gadisa,0,3,3
Gaganpreet,3,3,6
Gai,3,0,3
Gaid,3,3,6
Gaime,3,0,3
Gaite,0,3,3
Gaitri,0,3,3
Galad,3,3,6
Galathea,0,3,3
Galib,3,3,6
Galicia,0,3,3
Galindo,3,3,6
Gallas,3,0,3
Galo,3,3,6
Galstaun,3,0,3
Gamage,3,3,6
Gana,0,3,3
Gangapersad,3,0,3
Gangerica,0,3,3
Gangolphia,0,3,3
Ganiya,0,3,3
Gaoula,0,3,3
Garabet,3,0,3
Garardus,3,0,3
Garba,3,0,3
Garcella,0,3,3
Garcelle,0,3,3
Gardner,3,3,6
Garen,3,0,3
Gargje,0,3,3
Garharda,0,3,3
Gariba,0,3,3
Garlein,3,0,3
Garmen,3,0,3
Garmtdina,0,3,3
Garp,3,0,3
Garrigjen,0,3,3
Garson,3,0,3
Gartina,0,3,3
Gasim,3,3,6
Gassan,3,0,3
Gâtske,0,3,3
Gaudete,3,3,6
Gaugeria,0,3,3
Gaugerius,3,0,3
Gaugura,0,3,3
Gaura,3,3,6
Gaurerius,3,0,3
Gavriel,3,0,3
Gayatrie,0,3,3
Gayco,3,0,3
Gayl,0,3,3
Gaynora,0,3,3
Gazali,3,0,3
Gde,3,0,3
Geana,0,3,3
Gearard,3,0,3
Geatano,3,0,3
Gébert,3,3,6
Gebkelina,0,3,3
Gedina,0,3,3
Gedule,0,3,3
Geellis,3,0,3
Geely,0,3,3
Geeraldina,0,3,3
Geeraldine,0,3,3
Geeran,3,3,6
Geerdiene,0,3,3
Geere,3,0,3
Geerhardina,0,3,3
Geerieke,0,3,3
Geerike,0,3,3
Geerine,0,3,3
Geerlinge,0,3,3
Geerrard,3,0,3
Geert-Anne,3,0,3
Geertdiena,0,3,3
Geertgen,3,0,3
Geertiene,0,3,3
Geertrina,0,3,3
Geertruijdis,0,3,3
Geertruyd,0,3,3
Geertruyus,3,0,3
Geeseline,0,3,3
Geesziena,0,3,3
Geetje,3,3,6
Geeuke,3,0,3
Geezienus,3,0,3
Geike,3,3,6
Gela,0,3,3
Geliano,3,0,3
Gélina,0,3,3
Gelius,3,0,3
Gellandina,0,3,3
Gellantje,0,3,3
Gelona,0,3,3
Gemaris,3,0,3
Gemmana,0,3,3
Gemmulus,3,0,3
Genady,3,3,6
Genaily,0,3,3
Génaro,3,0,3
Genc,3,0,3
Gencehan,3,0,3
Gencer,3,0,3
Genelia,0,3,3
Genero,3,0,3
Genesh,3,0,3
Genesio,3,3,6
Geneveva,0,3,3
Génévieve,0,3,3
Genevive,0,3,3
Geneyro,3,0,3
Genisa,0,3,3
Genji,3,3,6
Gennadi,3,0,3
Gennairo,3,0,3
Gennarino,3,0,3
Genne,3,3,6
Genora,0,3,3
Genrich,3,0,3
Gentiaan,3,0,3
Gentino,3,0,3
Genyva,0,3,3
Geoffery,3,0,3
Geofry,3,0,3
Géorg,3,0,3
Georga,0,3,3
Georgeta,0,3,3
Georgiene,0,3,3
Georginho,3,0,3
Georius,3,0,3
Geotano,3,0,3
Geovanie,3,0,3
Geppiena,0,3,3
Geradiena,0,3,3
Geraeds,3,3,6
Geraily,3,0,3
Geraino,3,0,3
Geral,3,0,3
Geralin,0,3,3
Geralise,0,3,3
Geraltine,0,3,3
Geraly,0,3,3
Gerande,0,3,3
Gerarddina,0,3,3
Gérardina,0,3,3
Gerardius,3,0,3
Gerart,3,0,3
Gerbien,0,3,3
Gerbrandis,3,0,3
Gerbrechje,0,3,3
Gerbrechta,0,3,3
Gerbregta,0,3,3
Gerbrenda,0,3,3
Gerdalina,0,3,3
Gerdaline,0,3,3
Gerdienus,3,0,3
Gerdje,0,3,3
Gerdrina,3,3,6
Gerdt,3,0,3
Gere,3,3,6
Geretruda,0,3,3
Gergio,3,0,3
Gergje,0,3,3
Geri-Anne,0,3,3
Gérian,3,0,3
Gerisha,0,3,3
Gerjet,3,3,6
Gerlienke,0,3,3
Gerlissa,0,3,3
Gerlofje,0,3,3
Gerlofs,3,0,3
Gerlotte,0,3,3
Germaina,3,3,6
Germani,3,0,3
Germanius,3,3,6
Germben,3,0,3
Germein,3,0,3
Germelina,0,3,3
Germin,3,3,6
Germke,0,3,3
Germonde,0,3,3
Gerna,0,3,3
Gernald,3,0,3
Gernaldo,3,0,3
Gernarda,0,3,3
Gérome,3,3,6
Gérôme,3,0,3
Geronda,0,3,3
Gerónimo,3,0,3
Gerrebertha,0,3,3
Gerrebregje,0,3,3
Gerregiena,0,3,3
Gerrel,3,0,3
Gerrement,3,0,3
Gerrie-anne,0,3,3
Gerriën,3,3,6
Gerriëtta,0,3,3
Gerrijt,3,0,3
Gerriska,0,3,3
Gerrit-Pieter,3,0,3
Gerritdientje,0,3,3
Gerritszoon,3,0,3
Gerthie,0,3,3
Gertienus,3,0,3
Gertij,3,3,6
Gertijn,3,0,3
Gertrudem,0,3,3
Gertske,0,3,3
Gerulpha,0,3,3
Gervanni,3,0,3
Gervinio,3,0,3
Gerward,3,0,3
Gerwil,3,3,6
Gerwinda,0,3,3
Gerwoud,3,0,3
Gerzinus,3,0,3
Gesela,0,3,3
Gésiena,0,3,3
Gesienke,0,3,3
Gesineke,0,3,3
Getahun,3,3,6
Getoar,3,0,3
Getruide,0,3,3
Getta,0,3,3
Geuchina,0,3,3
Geurda,0,3,3
Geurdien,0,3,3
Geurita,0,3,3
Geury,0,3,3
Geuvelina,0,3,3
Geze,3,3,6
Geziennus,3,0,3
Gézina,0,3,3
Gezineke,0,3,3
Gezinie,0,3,3
Ghadisha,0,3,3
Ghanesh,3,0,3
Ghasuta,3,0,3
Ghaytrie,0,3,3
Gherezgiher,3,3,6
Ghi,3,3,6
Ghie,3,3,6
Ghijsbert,3,0,3
Ghijsbrecht,3,0,3
Ghirmay,3,3,6
Ghislayne,0,3,3
Gho,3,3,6
Ghumman,3,3,6
Giairo,3,0,3
Giam,3,3,6
Gianda,3,3,6
Gianini,3,0,3
Giannely,3,3,6
Giannique,3,3,6
Gianpietro,3,0,3
Gianty,0,3,3
Gibbs,3,0,3
Gidde,3,0,3
Gidea,0,3,3
Gideona,0,3,3
Giderik,3,0,3
Gidie,0,3,3
Gielian,3,0,3
Gielijan,3,0,3
Giella,0,3,3
Giesberthe,0,3,3
Gietha,0,3,3
Gigiola,0,3,3
Gihunja,3,3,6
Gijbert,3,0,3
Gijberta,0,3,3
Gijbertje,0,3,3
Gijsberdien,0,3,3
Gijssina,0,3,3
Gijzo,3,0,3
Gilaila,0,3,3
Gilayla,0,3,3
Gilayno,3,0,3
Gilde,0,3,3
Gile,3,3,6
Gilena,0,3,3
Gilette,0,3,3
Giliamo,3,0,3
Gilieam,3,0,3
Gilis,3,3,6
Gilja,0,3,3
Gilliard,3,0,3
Gilliaume,3,0,3
Gillyan,3,3,6
Gilou,3,3,6
Gilsia,0,3,3
Gilvan,3,0,3
Gilvani,3,3,6
Gilven,3,0,3
Giman,3,0,3
Gimon,3,0,3
Ginayro,3,0,3
Ginelly,0,3,3
Gines,3,0,3
Ginga,3,3,6
Ginn,3,3,6
Ginoa,0,3,3
Gionaira,0,3,3
Giondrick,3,0,3
Gionina,0,3,3
Gionny,3,0,3
Gioom,3,0,3
Giordan,3,0,3
Giorgios,3,3,6
Giosue,3,0,3
Giovannio,3,0,3
Gioyah,0,3,3
Girano,3,0,3
Girigory,3,0,3
Girt,3,0,3
Gisèla,0,3,3
Giselindis,0,3,3
Gishaino,3,0,3
Gishaira,0,3,3
Gislène,0,3,3
Gissel,3,3,6
Gitan,3,3,6
Gitane,0,3,3
Giti,0,3,3
Gitti,0,3,3
Gittie,0,3,3
Giustino,3,0,3
Givairo,3,0,3
Givayren,3,0,3
Givenchio,3,0,3
Givencho,3,0,3
Givenna,0,3,3
Giveny,0,3,3
Gjaldina,0,3,3
Gjerrit,3,0,3
Gladijs,0,3,3
Gladwyn,3,0,3
Glady,0,3,3
Glendon,3,0,3
Glennery,3,3,6
Glennford,3,0,3
Glennie,3,3,6
Glodean,0,3,3
Glodi,3,3,6
Glória,0,3,3
Glorinda,0,3,3
Gobert,3,0,3
Godafrida,0,3,3
Godain,3,0,3
Godefricus,3,0,3
Godefrido,3,0,3
Godefrina,0,3,3
Godelivus,3,0,3
Goderik,3,0,3
Godfriedes,3,0,3
Godfriedt,3,0,3
Godson,3,0,3
Goeroepersad,3,0,3
Goert,3,0,3
Gofke,0,3,3
Goikina,0,3,3
Goikjen,0,3,3
Gök,3,0,3
Gökcen,0,3,3
Gola,0,3,3
Gold,3,3,6
Golde,0,3,3
Goliena,0,3,3
Gomar,3,0,3
Gonde,0,3,3
Gondje,0,3,3
Gondus,3,0,3
Gondy,0,3,3
Gönul,0,3,3
Gonzalvus,3,3,6
Goodwin,3,3,6
Gooszen,3,0,3
Goozen,3,0,3
Gopran,3,3,6
Gores,3,0,3
Goretta,3,3,6
Gorgi,3,3,6
Gorgino,3,0,3
Gos,3,0,3
Gosbert,3,0,3
Goseline,0,3,3
Gosewijna,0,3,3
Gosha,0,3,3
Goshi,0,3,3
Gosowina,0,3,3
Gossee,3,0,3
Gosseling,3,0,3
Gothelf,3,0,3
Gotze,3,0,3
Goudia,0,3,3
Goudius,3,0,3
Gougje,0,3,3
Gougura,0,3,3
Gouvea,3,3,6
Gouwguurda,0,3,3
Gouwina,0,3,3
Govina,0,3,3
Gowan,3,0,3
Gözdenur,0,3,3
Gozewine,0,3,3
Gozien,0,3,3
Grabriëlle,0,3,3
Graciël,3,3,6
Graciéla,0,3,3
Gracilla,0,3,3
Gracious,3,3,6
Grade,0,3,3
Gradianus,3,0,3
Gradius,3,0,3
Gran,3,3,6
Grand,3,0,3
Grasiana,0,3,3
Grasita,0,3,3
Gratiëlla,3,3,6
Gravella,0,3,3
Graydon,3,0,3
Graziëla,0,3,3
Graziëlle,0,3,3
Grebbert,3,0,3
Greca,0,3,3
Gredina,0,3,3
Greetjen,0,3,3
Gréjanne,0,3,3
Grethel,0,3,3
Gretty,0,3,3
Griedius,3,0,3
Griët,0,3,3
Griethe,0,3,3
Grietko,3,0,3
Griettienus,3,0,3
Griettinus,3,0,3
Grim,3,0,3
Grimoaldus,3,0,3
Gringo,3,0,3
Grisella,0,3,3
Gritinus,3,0,3
Gritt,3,3,6
Gritte,0,3,3
Gro,0,3,3
Groucho,3,0,3
Gryanne,0,3,3
GTM,3,3,6
Guana,0,3,3
Guerreiro,3,3,6
Guibert,3,0,3
Guidion,3,0,3
Guidy,3,3,6
Guiguitte,0,3,3
Guilain,3,0,3
Guilelmi,0,3,3
Guiliani,3,0,3
Guiliëlmus,3,0,3
Guillaumien,3,3,6
Guillaumme,3,3,6
Guille,3,3,6
Guilleaumine,0,3,3
Guillerma,0,3,3
Guilliani,3,0,3
Guinan,0,3,3
Guineverre,0,3,3
Guirec,3,0,3
Guiselle,0,3,3
Guisseppe,3,3,6
Guit,3,0,3
Guity,0,3,3
Guitze,3,0,3
Guja,0,3,3
Gulan,0,3,3
Gülbin,0,3,3
Gulborg,3,3,6
Gülce,0,3,3
Güldehan,0,3,3
Gülendam,0,3,3
Gülendem,0,3,3
Guler,3,3,6
Gülhanım,0,3,3
Gulion,3,3,6
Gullian,3,0,3
Güllüzar,0,3,3
Gülseher,0,3,3
Gülsema,0,3,3
Gülsu,0,3,3
Gumara,0,3,3
Gumarus,3,0,3
Gümüs,0,3,3
Gümüş,0,3,3
Gün,3,3,6
Guna,3,3,6
Gündüz,3,0,3
Gunnel,0,3,3
Günseli,0,3,3
Guntur,3,0,3
Guran,3,0,3
Gurjot,3,3,6
Gurman,3,3,6
Gursharan,3,3,6
Gürsoy,3,0,3
Gurveer,3,0,3
Gustafina,0,3,3
Gustavius,3,0,3
Gustin,3,0,3
Gusztáv,3,0,3
Guulke,0,3,3
Guven,3,0,3
Guy-François,3,0,3
Guyana,0,3,3
Guylano,3,0,3
Guyllaume,3,0,3
Guytano,3,0,3
Gwain,3,0,3
Gwenaëlle,0,3,3
Gwénaëlle,0,3,3
Gwendelijn,0,3,3
Gwendell,3,0,3
Gwendelyne,0,3,3
Gwendolijne,0,3,3
Gwenevere,0,3,3
Gwenhwyvar,0,3,3
Gwenndolyn,0,3,3
Gwijde,3,3,6
Gwion,3,0,3
Gwynnevere,0,3,3
Gyamfua,0,3,3
Gyanna,0,3,3
Gyanno,3,0,3
Gyansingh,3,0,3
Gyenzo,3,0,3
Gyermo,3,0,3
Gylan,3,0,3
Gylani,3,0,3
Gylermo,3,0,3
Gylliam,3,0,3
Gyllina,0,3,3
Gyona,0,3,3
Gyorgy,3,0,3
Gysette,0,3,3
Gyvairo,3,0,3
Gaard,3,0,3
Gaberdina,0,3,3
Gabiena,0,3,3
Gabij,0,3,3
Gabine,0,3,3
Gable,3,0,3
Gabo,3,3,6
Gabòr,3,0,3
Gabrand,3,0,3
Gábriel,3,0,3
Gabrïel,3,0,3
Gabriëlis,3,3,6
Gabriélle,0,3,3
Gabriëlo,3,0,3
Gabrien,3,3,6
Gabrina,0,3,3
Gader,3,0,3
Gadi,3,0,3
Gadiejah,0,3,3
Gadiel,3,0,3
Gadiël,3,0,3
Gadiga,0,3,3
Gadis,0,3,3
Gaél,3,0,3
Gaely,0,3,3
Gagan,3,0,3
Gago,3,0,3
Gaie,3,3,6
Gaiko,3,0,3
Gaiske,0,3,3
Gaitano,3,0,3
Gaitry,0,3,3
Gaiya,3,3,6
Gajanan,3,0,3
Gajane,0,3,3
Gal,0,3,3
Galama,3,0,3
Galeno,3,0,3
Galgani,0,3,3
Gali,3,3,6
Galia,0,3,3
Galila,0,3,3
Galinda,0,3,3
Galini,0,3,3
Galino,3,0,3
Galisha,0,3,3
Galja,0,3,3
Galli,3,3,6
Gallio,3,0,3
Galvano,3,0,3
Gam,3,3,6
Gamaliel,3,0,3
Ganam,0,3,3
Ganeshwar,3,0,3
Gangadevi,0,3,3
Gangulfa,0,3,3
Ganza,3,0,3
Garbrant,3,0,3
Garciano,3,0,3
Gardinia,0,3,3
Gareba,0,3,3
Garey,3,0,3
Garhardiena,0,3,3
Garibaldus,3,0,3
Garik,3,0,3
Garina,0,3,3
Garitiena,0,3,3
Garlacus,3,0,3
Garmannus,3,0,3
Garmine,0,3,3
Garmt-Jan,3,0,3
Garmtine,0,3,3
Garnett,3,0,3
Garredina,0,3,3
Garri,3,3,6
Garridina,0,3,3
Garrita,0,3,3
Garyson,3,0,3
Gassama,3,3,6
Gastonia,0,3,3
Gatera,0,3,3
Gauchericus,3,0,3
Gaudenz,3,0,3
Gaudiose,0,3,3
Gaudiosus,3,0,3
Gaudy,3,3,6
Gaugurika,0,3,3
Gaurish,3,0,3
Gautemie,0,3,3
Gautmi,0,3,3
Gauvain,3,0,3
Gauwgura,0,3,3
Gavan,3,0,3
Gaven,3,0,3
Gaviër,3,0,3
Gayathri,0,3,3
Gaylan,3,3,6
Gayney,0,3,3
Gaytriedevi,0,3,3
Gaytry,0,3,3
Gazanfer,3,0,3
Gé-Ann,0,3,3
Gé-Anne,0,3,3
Geandra,0,3,3
Geanette,0,3,3
Geanneke,0,3,3
Geanny,0,3,3
Geany,3,3,6
Geardus,3,0,3
Geary,3,0,3
Geaulie,0,3,3
Géby,3,3,6
Gedalia,0,3,3
Gédeon,3,0,3
Gedo,3,0,3
Geedi,3,0,3
Geeja,0,3,3
Geeles,3,0,3
Geenrardus,3,0,3
Geerada,3,3,6
Geeradus,3,0,3
Geerart,3,0,3
Geerds,3,0,3
Geeret,0,3,3
Geerjanna,3,3,6
Geerliena,0,3,3
Geerlina,0,3,3
Geert-Jaap,3,0,3
Geert-Johan,3,0,3
Geert-Maarten,3,0,3
Geertdine,0,3,3
Geertnentjes,3,0,3
Geertreuyt,0,3,3
Geertrijntje,0,3,3
Geertrudiana,0,3,3
Geertrudie,0,3,3
Geertruidina,0,3,3
Geertruitje,0,3,3
Geerus,3,0,3
Geessa,0,3,3
Geessin,3,3,6
Geet,0,3,3
Geetadevi,0,3,3
Geetanjeli,0,3,3
Geezard,3,0,3
Gégé,3,3,6
Gegorius,3,0,3
Geha,0,3,3
Geijsbert,3,0,3
Geijtruij,0,3,3
Géja,0,3,3
Géjanna,0,3,3
Gelaine,3,3,6
Gelaino,3,0,3
Gelbert,3,0,3
Gelbrie,0,3,3
Geldou,0,3,3
Gelène,0,3,3
Gelene,0,3,3
Gelfried,3,0,3
Gelfske,0,3,3
Gélien,0,3,3
Gélinda,0,3,3
Gelines,3,0,3
Gelis,3,0,3
Gelissa,0,3,3
Gellena,0,3,3
Gelmina,0,3,3
Geltrude,0,3,3
Geltske,0,3,3
Gelvin,3,3,6
Gelyna,0,3,3
GEM,0,3,3
Gemario,3,0,3
Gemaro,3,0,3
Gemey,0,3,3
Gemia,0,3,3
Gemillio,3,0,3
Gemima,0,3,3
Geminiana,0,3,3
Gemmea,0,3,3
Gemmi,3,3,6
Genaderain,3,0,3
Genailey,3,3,6
Genaira,0,3,3
Genay,3,3,6
Genayo,3,0,3
Gençay,3,0,3
Gendi,3,3,6
Gendrick,3,0,3
Geneau,3,3,6
Genecy,0,3,3
Geneidi,3,3,6
Genelfa,0,3,3
Genella,0,3,3
General,3,0,3
Género,3,0,3
Generoso,3,0,3
Genessa,0,3,3
Genetta,0,3,3
Genevieva,0,3,3
Géneviéve,0,3,3
Genevievé,0,3,3
Genise,0,3,3
Géniva,0,3,3
Geniviève,0,3,3
Genja,0,3,3
Gennady,3,0,3
Genni,3,3,6
Genomi,0,3,3
Gentijana,0,3,3
Gentillia,0,3,3
Gentjana,0,3,3
Gentrit,3,0,3
Genua,3,3,6
Genyro,3,0,3
Geona,0,3,3
Géonne,0,3,3
George-Jan,3,0,3
Georgeana,0,3,3
Georgieva,0,3,3
Georgij,3,0,3
Georgito,3,0,3
Georgstina,0,3,3
Georgtine,0,3,3
Geovana,0,3,3
Gepkeus,3,0,3
Geppy,0,3,3
Ger-Janneke,0,3,3
Geraard,3,0,3
Geradt,3,0,3
Géraldina,0,3,3
Geraldinus,3,0,3
Géraldo,3,0,3
Geraldson,3,0,3
Geralf,3,0,3
Geralina,0,3,3
Gerana,0,3,3
Géranne,0,3,3
Gérar,3,0,3
Géràrd,3,0,3
Gerardiana,0,3,3
Gerardini,0,3,3
Gerardjan,3,0,3
Gerartina,0,3,3
Gerartje,0,3,3
Gerasimos,3,0,3
Gerbald,3,0,3
Gerbert-Jan,3,0,3
Gerbertina,0,3,3
Gerbinus,3,0,3
Gerboud,3,0,3
Gerbrandes,3,0,3
Gerbrandiena,0,3,3
Gerbun,3,0,3
Gerburg,3,0,3
Gerdan,3,0,3
Gerdbrand,3,0,3
Gerdiane,0,3,3
Gerdinette,0,3,3
Gerdinis,3,0,3
Gerdino,3,0,3
Gerdion,3,0,3
Gerdon,3,0,3
Gerdur,3,0,3
Gerdwin,3,0,3
Gerel,3,0,3
Gereld,3,0,3
Gereline,0,3,3
Gereta,0,3,3
Geretta,0,3,3
Gerfried,3,0,3
Gerhadus,3,3,6
Gerhaldine,0,3,3
Gerhardis,3,3,6
Gerherda,0,3,3
Gerholt,3,0,3
Geriana,0,3,3
Geribertha,0,3,3
Gericus,3,0,3
Gerieka,0,3,3
Gérieke,0,3,3
Geriënne,0,3,3
Gerigorio,3,0,3
Gerijke,0,3,3
Gerik,3,0,3
Gerinio,3,0,3
Gerisa,0,3,3
Geritdina,0,3,3
Gerjano,3,0,3
Gerjette,0,3,3
Gerjoh,3,0,3
Gerjonne,0,3,3
Gerjos,3,0,3
Gerk-Jan,3,0,3
Gerkedina,0,3,3
Gerkus,3,0,3
Gerlandje,0,3,3
Gerleentje,0,3,3
Gerlice,0,3,3
Gerlint,0,3,3
Gerloff,3,0,3
Gerloffina,0,3,3
Gerlon,3,3,6
Gerlyne,0,3,3
Germande,0,3,3
Germane,3,3,6
Germanie,0,3,3
Germannes,3,0,3
Germannus,3,0,3
Germay,3,3,6
Germayne,3,3,6
Germijn,0,3,3
Germjan,3,0,3
Gernandina,0,3,3
Gernandus,3,0,3
Gernard,3,0,3
Gernick,3,0,3
Gernie,0,3,3
Gernot,3,3,6
Geroldina,0,3,3
Geroldine,0,3,3
Geroma,3,3,6
Geromi,3,0,3
Gerone,3,3,6
Geronie,0,3,3
Geronne,0,3,3
Geronymo,3,0,3
Gerradine,0,3,3
Gerrart,3,0,3
Gerrebina,0,3,3
Gerregina,0,3,3
Gerregje,0,3,3
Gerren,3,0,3
Gerrendina,0,3,3
Gerreta,0,3,3
Gerri-Anne,0,3,3
Gerrichje,0,3,3
Gerrico,3,0,3
Gerridien,0,3,3
Gerridinus,3,0,3
Gerriejan,3,3,6
Gerrietdina,0,3,3
Gerrietje,0,3,3
Gerrilyn,0,3,3
Gerrin,3,3,6
Gerrit-Dinant,3,0,3
Gerrit-Hendrik,3,0,3
Gerritdika,0,3,3
Gerrithelmina,0,3,3
Gerrolf,3,0,3
Gerrytsje,0,3,3
Gersien,0,3,3
Gersiena,3,3,6
Gersinio,3,0,3
Gérson,3,0,3
Gersten,3,0,3
Gert-Henk,3,0,3
Gert-Johan,3,0,3
Gert-Joost,3,0,3
Gert-Peter,3,0,3
Gerthan,3,0,3
Gerthrude,0,3,3
Gerthy,0,3,3
Gertineke,0,3,3
GertJan,3,0,3
Gertjo,3,3,6
Gertoine,3,0,3
Gertoon,3,0,3
Gertraude,0,3,3
Gertruce,0,3,3
Gertrûd,0,3,3
Gertse,3,0,3
Gertsje,0,3,3
Gertuda,0,3,3
Gertwina,0,3,3
Gerulf,3,0,3
Gerus,3,0,3
Gervaas,3,0,3
Gervacia,0,3,3
Gervacio,3,0,3
Gervase,3,3,6
Gervino,3,0,3
Gerwie,3,3,6
Geryke,0,3,3
Geryon,3,0,3
Gesche,0,3,3
Gesella,0,3,3
Geselle,0,3,3
Gesia,0,3,3
Gesita,0,3,3
Geska,0,3,3
Gesso,3,0,3
Geste,3,3,6
Gestelle,0,3,3
Geta,3,3,6
Getjan,3,0,3
Geubewinus,3,0,3
Geuchjen,3,0,3
Geuk,3,0,3
Geuralda,0,3,3
Geurianne,0,3,3
Geuske,0,3,3
Geuziena,0,3,3
Gévano,3,0,3
Geverdina,0,3,3
Gevino,3,0,3
Gevorgjan,3,0,3
Gevorgyan,3,3,6
Gevork,3,0,3
Geya,0,3,3
Gezieneke,0,3,3
GFM,3,3,6
Ghadir,0,3,3
Ghafir,3,0,3
Ghairoeniza,0,3,3
Ghaitry,0,3,3
Ghaled,3,0,3
Ghaliel,3,0,3
Ghaly,3,0,3
Ghan,3,0,3
Ghaniyah,0,3,3
Ghanna,0,3,3
Ghatidja,0,3,3
Ghauri,3,3,6
Ghazanfar,3,0,3
Ghazwan,3,3,6
Ghea,0,3,3
Gheena,0,3,3
Gherhard,3,0,3
Gherwin,3,0,3
Ghezai,3,3,6
Ghezal,0,3,3
Ghia,0,3,3
Ghiliano,3,0,3
Ghistelle,3,0,3
Ghitha,3,3,6
Ghitte,0,3,3
Ghylain,3,0,3
Ghylainn,3,3,6
Ghyslain,3,3,6
Giampiero,3,0,3
Gian-Paolo,3,0,3
Giando,3,0,3
Giandrick,3,0,3
Gianiro,3,0,3
Giarro,3,0,3
Giavi,3,0,3
Gica,3,3,6
Gichairo,3,0,3
Gidget,0,3,3
Gidiona,0,3,3
Giedie,3,3,6
Gielberta,0,3,3
Gielco,3,0,3
Gielianne,0,3,3
Gielles,3,0,3
Gielt,3,0,3
Gientje,0,3,3
Giërmo,3,0,3
Giërro,3,0,3
Gieselina,0,3,3
Gigije,0,3,3
Gijbertha,0,3,3
Gijem,3,3,6
Gijs-Bart,3,0,3
Gijs-Bertus,3,0,3
Gijsaberta,0,3,3
Gijsbert-Willem,3,0,3
Gijsbertien,3,3,6
Gijsbertinus,3,0,3
Gijsbrandt,3,0,3
Gijsella,0,3,3
Gijsmara,0,3,3
Gilanio,3,0,3
Gilat,3,3,6
Gilbartus,3,0,3
Gilberthe,3,3,6
Gilbertina,0,3,3
Gilbertine,0,3,3
Gilco,3,0,3
Gildas,3,3,6
Gildor,3,0,3
Gilein,3,0,3
Gilene,0,3,3
Gilford,3,0,3
Gilgamesh,3,0,3
Gilhelmus,3,0,3
Giliane,0,3,3
Gilicus,3,0,3
Gilijam,3,0,3
Gilino,3,0,3
Giljone,0,3,3
Gillaine,0,3,3
Gillany,3,3,6
Gillard,3,0,3
Gillaume,3,0,3
Gillette,3,3,6
Gilliamo,3,0,3
Gillien,3,3,6
Gillio,3,0,3
Gills,3,0,3
Gillvano,3,0,3
Gillyenne,0,3,3
Gilmayro,3,0,3
Gilmoora,0,3,3
Gilvanio,3,0,3
Gilvanno,3,0,3
Gima,0,3,3
Gimany,3,3,6
Gimel,3,3,6
Gina-Lisa,0,3,3
Ginaldo,3,0,3
Ginayla,0,3,3
Ginayra,0,3,3
Ginell,0,3,3
Ginelli,3,0,3
Ginikachukwu,3,3,6
Ginnette,0,3,3
Ginnifer,0,3,3
Ginovanny,3,0,3
Gió,3,0,3
Gioachino,3,0,3
Giofranco,3,0,3
Giolina,0,3,3
Giom,3,0,3
Giomano,3,0,3
Giomany,3,0,3
Gionathan,3,0,3
Gionna,0,3,3
Giordani,3,3,6
Giordanny,3,0,3
Giordany,3,3,6
Giorell,3,0,3
Giorella,0,3,3
Giorginhio,3,0,3
Giovanina,0,3,3
Giovara,0,3,3
Giovi,3,3,6
Giovina,0,3,3
Giovinco,3,0,3
Girard,3,0,3
Girardi,3,0,3
Girbedina,0,3,3
Giresh,3,0,3
Girl,0,3,3
Girmay,3,0,3
Gisabeth,0,3,3
Gisberthe,0,3,3
Gisell,0,3,3
Gisha,0,3,3
Gishainely,0,3,3
Gishayra,0,3,3
Gisina,0,3,3
Gislene,0,3,3
Gislinus,3,0,3
Gisolde,0,3,3
Gisselle,0,3,3
Githana,0,3,3
Gito,3,0,3
Gittel,0,3,3
Gity,0,3,3
Giuglio,3,0,3
Giuli,0,3,3
Giuliëtte,0,3,3
Giulina,0,3,3
Giuly,3,3,6
Giusephina,0,3,3
Giuseppino,3,0,3
Giuseppo,3,0,3
Giusseppe,3,0,3
Giv,3,0,3
Givainey,0,3,3
Givandro,3,0,3
Givaney,3,3,6
Givanté,3,0,3
Givaro,3,0,3
Givaya,0,3,3
Givayro,3,0,3
Given-Joy,3,3,6
Giya,0,3,3
Giyanto,3,0,3
Gizay,3,3,6
Gizi,0,3,3
Gjaltje,0,3,3
Gjert,3,0,3
Gjin,3,0,3
Gladina,0,3,3
Gladinus,3,0,3
Glaine,0,3,3
Glancy,0,3,3
Glasina,0,3,3
Glastra,3,0,3
Glaumann,3,3,6
Gleijn,3,0,3
Gleijna,0,3,3
Gleintje,0,3,3
Glena,0,3,3
Glendan,3,0,3
Glendora,0,3,3
Glenferd,3,0,3
Glensley,3,0,3
Gleone,0,3,3
Gleyna,0,3,3
Glinphrey,3,0,3
Glodie,3,3,6
Glori,0,3,3
Gloriana,0,3,3
Glorianne,0,3,3
Gloriant,3,0,3
Glorita,0,3,3
Glyniss,3,3,6
GMT,3,3,6
Goaitsen,3,0,3
Gobina,3,3,6
Goce,3,0,3
Goddelieva,0,3,3
Godefroy,3,0,3
Godehardus,3,0,3
Godelieveke,0,3,3
Godeschalkus,3,0,3
Godfroid,3,0,3
Godliep,3,0,3
Godwina,0,3,3
Goedschalk,3,0,3
Goeloed,0,3,3
Goeran,3,0,3
Goergina,0,3,3
Goja,0,3,3
Gökberk,3,0,3
Gökcan,3,0,3
Gökçehan,3,3,6
Göktuǵ,3,0,3
Golandam,0,3,3
Golettha,0,3,3
Gölge,0,3,3
Gomaar,3,3,6
Gomberdina,0,3,3
Gomeria,0,3,3
Gondaliva,0,3,3
Gondulf,3,0,3
Gondulfa,0,3,3
Gonjo,0,3,3
Gonno,3,0,3
Gonrarda,0,3,3
Gonsalva,0,3,3
Gonus,3,0,3
Gonzalvo,0,3,3
Goodluck,3,0,3
Gooisina,0,3,3
Gooitze,3,0,3
Goosewinus,3,0,3
Goosse,3,0,3
Goozem,3,0,3
Gopi,3,3,6
Gordian,3,0,3
Gordine,0,3,3
Goretty,3,3,6
Gorgonio,3,0,3
Gorselaar,3,0,3
Gorshid,3,3,6
Gosain,3,0,3
Gosewien,0,3,3
Gosewijntje,0,3,3
Goslink,3,0,3
Gospava,0,3,3
Gosseline,0,3,3
Gosses,3,3,6
Gosuïna,0,3,3
Gosuwinus,3,0,3
Gotfriedes,3,0,3
Gotharda,0,3,3
Gothardi,3,0,3
Gothardus,3,0,3
Gothlieb,3,0,3
Gotlief,3,0,3
Götz,3,0,3
Goudschaal,3,0,3
Gouguurda,0,3,3
Gouriye,3,0,3
Govanna,0,3,3
Goverien,0,3,3
Govertsen,3,0,3
Gowinda,3,0,3
Goyka,0,3,3
Gozali,3,3,6
Gozawina,0,3,3
Gözdem,0,3,3
Gozewijna,0,3,3
Gozie,3,3,6
Gozwinus,3,0,3
Graadje,3,3,6
Graads,3,0,3
Gracel,0,3,3
Graceson,3,0,3
Grachel,0,3,3
Gracian,3,3,6
Graciany,0,3,3
Gracillia,0,3,3
Gracinha,0,3,3
Gracjan,3,0,3
Gradeke,0,3,3
Gradien,0,3,3
Grafton,3,0,3
Grainne,0,3,3
Gralof,3,0,3
Grasia,0,3,3
Grata,0,3,3
Gratiano,3,0,3
Grazella,0,3,3
Grazziella,0,3,3
Grè,0,3,3
Grecia,0,3,3
Greco,3,3,6
Grecor,3,0,3
Gredine,0,3,3
Green,0,3,3
Greethe,0,3,3
Gregary,3,0,3
Gregore,3,0,3
Gregy,3,3,6
Grenada,0,3,3
Grensley,3,0,3
Greselda,0,3,3
Gresia,0,3,3
Gréta,0,3,3
Greteke,0,3,3
Gribbertus,3,0,3
Grietes,3,0,3
Grignionne,0,3,3
Grigoria,0,3,3
Grigorius,3,0,3
Grimbert,3,0,3
Grischa,3,0,3
Griseldis,3,3,6
Grisilda,0,3,3
Grisoula,0,3,3
Grite,0,3,3
Gritienus,3,0,3
Gruson,3,0,3
Gryta,0,3,3
Gryts,0,3,3
Grytte,0,3,3
Guadaloupe,0,3,3
Guaicaipuro,3,0,3
Gualtiero,3,0,3
Gualtrina,0,3,3
Guani,3,0,3
Guapo,3,0,3
Guardo,3,0,3
Guarjette,0,3,3
Gucci,3,3,6
Gudion,3,0,3
Gudulla,0,3,3
Guendalina,0,3,3
Guerlaine,0,3,3
Guglielma,3,3,6
Guhdar,3,0,3
Guido-Jan,3,0,3
Guielma,0,3,3
Guigne,0,3,3
Guikje,0,3,3
Guilhelmina,0,3,3
Guilhermina,0,3,3
Guilietta,0,3,3
Guillain,3,0,3
Guillanne,0,3,3
Guillelma,0,3,3
Guillemetta,0,3,3
Guillilmus,3,0,3
Guillio,3,0,3
Guillomine,0,3,3
Guimarães,3,3,6
Guinevère,0,3,3
Guirguis,3,3,6
Gűl,0,3,3
Gülây,0,3,3
Gulbadan,0,3,3
Gulbrand,3,0,3
Gülçe,0,3,3
Gulcihan,0,3,3
Guldane,0,3,3
Güldeste,0,3,3
Gülefşan,0,3,3
Gülfer,0,3,3
Gülferi,0,3,3
Gülhatun,0,3,3
Güllay,0,3,3
Güllizar,0,3,3
Gulnaz,0,3,3
Gülru,0,3,3
Gülsan,0,3,3
Gulşen,0,3,3
Gülsevim,0,3,3
Gülsum,0,3,3
Gülsun,0,3,3
Gulten,0,3,3
Gülter,0,3,3
Gulud,0,3,3
Gülüm,0,3,3
Gülüs,0,3,3
Gülüşan,0,3,3
Gülveren,0,3,3
Gulyan,3,0,3
Gundisalvus,3,0,3
Gune,0,3,3
Günhan,3,0,3
Gunifortus,3,0,3
Gunivortus,3,0,3
Gunna,0,3,3
Günnur,0,3,3
Gunthildis,3,3,6
Guobadia,3,3,6
Guranda,0,3,3
Gurdev,3,3,6
Gürel,3,0,3
Gurgen,3,0,3
Gurion,3,0,3
Gurneet,0,3,3
Gurney,3,3,6
Gurpinder,3,3,6
Gurtej,3,0,3
Gurvir,3,0,3
Gurwinder,3,0,3
Guslenes,3,0,3
Guslenus,3,0,3
Gusovina,3,3,6
Güsta,0,3,3
Gustaphus,3,0,3
Gustaw,3,0,3
Guste,3,3,6
Gustel,3,3,6
Gusztav,3,0,3
Guti,3,3,6
Guustaf,3,3,6
Guustina,0,3,3
Guy-Laurent,3,0,3
Guyanne,0,3,3
Guylou,0,3,3
Guyno,3,0,3
Guyot,3,0,3
Guz,3,0,3
Gwanito,3,0,3
Gwayne,3,0,3
Gwendal,3,3,6
Gwendeley,0,3,3
Gwendi,0,3,3
Gwendollyn,0,3,3
Gwenethy,0,3,3
Gwenisha,0,3,3
Gwennyth,0,3,3
Gwinn,0,3,3
Gwyndolyn,0,3,3
Gwynevere,0,3,3
Gwynned,0,3,3
Gyamfuwaa,0,3,3
Gyaneshwar,3,0,3
Gyangelo,3,0,3
Gyanie,3,3,6
Gyanto,3,0,3
Gydon,3,0,3
Gyem,3,3,6
Gylaine,0,3,3
Gyldenløve,3,0,3
Gylenne,0,3,3
Gyllion,3,0,3
Gymairo,3,0,3
Gymani,3,0,3
Gymora,0,3,3
Gyom,3,0,3
Gyözö,3,0,3
Gysanne,0,3,3
Gysbreght,3,0,3
Gyshaira,0,3,3
Gyshayro,3,0,3
Gysolt,3,0,3
Gyvani,3,0,3
Gzim,3,0,3
Gøste,0,3,3
G'Angelo,3,0,3
G'Heaven,0,3,3
G'nayro,3,0,3
G'shairo,3,0,3
G'shayro,3,0,3
G'shyro,3,0,3
G-Lissah,0,3,3
G.J.,3,3,6
Gaaitske,0,3,3
Gaale,3,0,3
Gaatoen,0,3,3
Gaatóen,0,3,3
Gaaye,3,0,3
Gabbi,0,3,3
Gabe-Hein,3,0,3
Gabena,0,3,3
Gaberiël,3,0,3
Gabey,0,3,3
Gabiëlle,0,3,3
Gabièr,3,0,3
Gabier,3,0,3
Gabija,0,3,3
Gabil,3,0,3
Gabir,3,0,3
Gàbor,3,0,3
Gabór,3,0,3
Gabriana,0,3,3
Gabrianna,0,3,3
Gabriano,3,0,3
Gabrieëla,0,3,3
Gabriēl,3,0,3
Gabrièla,0,3,3
Gabriëlina,0,3,3
Gabrièlle,0,3,3
Gabrielli,0,3,3
Gabriëlli,0,3,3
Gabriellina,0,3,3
Gabriello,3,0,3
Gabrielly,0,3,3
Gabriëlus,3,0,3
Gabrienne,0,3,3
Gabrijella,0,3,3
Gabriyel,3,0,3
Gabryelle,0,3,3
Gabrysia,0,3,3
Gáby,0,3,3
Gaby-Ann,0,3,3
Gaby-Jane,0,3,3
Gachatur,3,0,3
Gachik,3,0,3
Gacik,3,0,3
Gadar,3,0,3
Gaddo,3,0,3
Gadecha,0,3,3
Gadesha,0,3,3
Gadier,0,3,3
Gadim,3,0,3
Gadiri,3,0,3
Gadisja,0,3,3
Gadra,0,3,3
Gadriye,0,3,3
Gae,3,3,6
Gaelana,0,3,3
Gaële,3,3,6
Gaetske,0,3,3
Gaffaar,3,0,3
Gagarin,3,0,3
Gage,3,0,3
Gaibar,3,0,3
Gaibe,3,0,3
Gaida,0,3,3
Gaidhu,0,3,3
Gaïdic,0,3,3
Gaido,3,3,6
Gaijtrie,0,3,3
Gail-Ann,0,3,3
Gailan,3,0,3
Gaile,0,3,3
Gailivera,0,3,3
Gaill,3,3,6
Gaillard,3,0,3
Gailyon,0,3,3
Gaïm,3,0,3
Gaimely,0,3,3
Gainer,3,0,3
Gair,3,0,3
Gairoenissa,0,3,3
Gairoenniesa,0,3,3
Gaitan,3,0,3
Gaito,3,0,3
Gaitree,0,3,3
Gaitrie-Devi,0,3,3
Gaitriedebie,0,3,3
Gaitriedevi,0,3,3
Gaitriedevie,0,3,3
Gaitsche,0,3,3
Gaiyah,3,3,6
Gajah,0,3,3
Gajapersad,3,0,3
Gajatri,0,3,3
Gajendra,3,0,3
Gajic,3,3,6
Galado,0,3,3
Galadrielle,0,3,3
Galan,3,0,3
Galardo,3,0,3
Galarina,0,3,3
Galaxa,0,3,3
Galdino,3,0,3
Galdjo,3,0,3
Galeb,3,0,3
Galel,3,0,3
Galeyn,3,0,3
Galhana,0,3,3
Galiano,3,0,3
Galiën,3,3,6
Galiëna,0,3,3
Galih,3,3,6
Galilea,0,3,3
Galilsha,3,0,3
Galinka,0,3,3
Galle,3,0,3
Galled,3,0,3
Gallery,3,0,3
Galles,3,0,3
Galoust,3,0,3
Galunia,0,3,3
Galvão,3,0,3
Galya,3,3,6
Gamaal,3,0,3
Gamani,3,0,3
Gamar,3,0,3
Gambino,3,0,3
Gamel,3,0,3
Gamela,0,3,3
Gamey,3,0,3
Gamisa,0,3,3
Gamito,3,0,3
Ganan,3,3,6
Gandara,3,0,3
Gandolf,3,0,3
Gandor,3,0,3
Gandro,3,0,3
Ganegoda,3,3,6
Ganeme,0,3,3
Ganen,0,3,3
Ganes,3,0,3
Ganeshdath,3,0,3
Ganeshi,3,0,3
Ganeshkumar,3,0,3
Ganeshpersad,3,0,3
Gangaram,3,0,3
Gangulf,3,0,3
Ganimet,3,3,6
Ganiva,0,3,3
Gantinus,3,0,3
Gaone,0,3,3
Garabed,3,0,3
Garadus,3,0,3
Garahnce,0,3,3
Garai,3,0,3
Garalambos,3,0,3
Garang,3,0,3
Garantz,0,3,3
Garbrecht,3,0,3
Garçia,3,3,6
Garciana,0,3,3
Gardel,3,0,3
Garden,3,0,3
Gardi,3,3,6
Gardiana,0,3,3
Gardus,3,0,3
Garegin,3,0,3
Gareklia,0,3,3
Gareltje,0,3,3
Garendina,0,3,3
Gargie,0,3,3
Garick,3,0,3
Gariella,0,3,3
Garima,0,3,3
Garin,3,0,3
Garine,0,3,3
Garino,3,0,3
Garinsha,3,0,3
Garmaine,0,3,3
Garmdiena,0,3,3
Garment,3,0,3
Garmin,0,3,3
Garmond,3,0,3
Garmtiena,0,3,3
Garnet,3,0,3
Garnier,3,0,3
Garrat,3,0,3
Garren,3,0,3
Garretje,0,3,3
Garrison,3,0,3
Garrit-Jan,3,0,3
Garron,3,0,3
Garryll,3,0,3
Garryson,3,0,3
Gartjen,0,3,3
Garud,3,0,3
Garuda,3,0,3
Garv,3,0,3
Garvan,3,0,3
Garven,3,0,3
Garvy,3,3,6
Garyl,3,0,3
Garza,3,3,6
Garzinho,3,0,3
Gaser,3,0,3
Gasparina,0,3,3
Gaspert,3,0,3
Gasphar,3,0,3
Gassin,3,0,3
Gastone,3,3,6
Gastonne,0,3,3
Gatha,0,3,3
Gati,3,3,6
Gatiana,0,3,3
Gator,3,0,3
Gatso,3,0,3
Gattoen,0,3,3
Gau,3,0,3
Gaudence,0,3,3
Gaudinho,3,0,3
Gaudola,0,3,3
Gaukes,3,0,3
Gaultier,3,0,3
Gauranga,3,0,3
Gauravkoemar,3,0,3
Gauri-Sankar,3,0,3
Gauridevi,0,3,3
Gaury,0,3,3
Gauwina,0,3,3
Gauwke,3,0,3
Gauwla,0,3,3
Gauwrie,0,3,3
Gaviére,3,0,3
Gavrel,3,0,3
Gavrie,3,0,3
Gavriela,0,3,3
Gavriella,0,3,3
Gavriëlla,0,3,3
Gavriil,3,0,3
Gawaar,0,3,3
Gawad,3,3,6
Gayah,0,3,3
Gayaneh,0,3,3
Gayani,0,3,3
Gayathiri,0,3,3
Gayelle,0,3,3
Gayito,3,0,3
Gayla,0,3,3
Gayne,3,0,3
Gayron,3,0,3
Gaytan,3,3,6
Gaythrie,0,3,3
Gazaal,0,3,3
Gazala,0,3,3
Gazar,3,0,3
Gazmend,3,0,3
GCM,0,3,3
Ge-An,3,3,6
Gé-Anna,0,3,3
Gealda,0,3,3
Géalide,0,3,3
Gealt,3,0,3
Gean-Luca,3,0,3
Geander,3,0,3
Geandro,3,0,3
Geanova,3,3,6
Geart-Jan,3,0,3
Geartje,0,3,3
Geartrude,0,3,3
Geatan,3,0,3
Geba,3,0,3
Gebba,3,0,3
Gebbegje,0,3,3
Gebbichien,0,3,3
Gebbien,0,3,3
Gebbiggien,0,3,3
Gebbinus,3,0,3
Gebby,0,3,3
Geberdina,0,3,3
Gebien,0,3,3
Gebienes,3,0,3
Gebine,0,3,3
Gebkedina,0,3,3
Geblina,0,3,3
Gebra,3,3,6
Gebremariam,3,0,3
Gebriel,3,0,3
Gebwin,3,0,3
Gece,0,3,3
Géczy,3,3,6
Geddy,3,0,3
Gedeón,3,0,3
Gedeona,0,3,3
Gediz,0,3,3
Gedulia,0,3,3
Gedyon,3,0,3
Geecke,3,0,3
Geelida,0,3,3
Geelinus,3,0,3
Geeltina,0,3,3
Geemina,0,3,3
Geena-Lee,0,3,3
Geene,3,0,3
Geerad,3,0,3
Geeraldus,3,0,3
Geeranna,0,3,3
Geeranne,0,3,3
Geerben,3,0,3
Geerbrand,3,0,3
Geerd-Jan,3,0,3
Geerdruida,0,3,3
Geerhardes,3,0,3
Geerhardine,0,3,3
Geerherda,0,3,3
Geerian,3,0,3
Geerien,0,3,3
Geerjan,3,0,3
Geerjanneke,0,3,3
Geerlich,3,0,3
Geerloffina,0,3,3
Geermanda,0,3,3
Geerrie,0,3,3
Geert-Dirk,3,0,3
Geert-Frans,3,0,3
Geert-Harm,3,0,3
Geert-Hein,3,0,3
Geert-Henk,3,0,3
Geert-Hessel,3,0,3
Geert-Jelle,3,0,3
Geert-Peter,3,0,3
Geert-Roelof,3,0,3
Geert-Teunis,3,0,3
Geerth,3,0,3
Geerthruida,0,3,3
Geertienes,3,0,3
Geertiènne,3,3,6
Geertines,3,0,3
Geertini,0,3,3
Geertjanszoon,3,0,3
Geertjedina,0,3,3
Geertjenne,0,3,3
Geertreuijt,0,3,3
Geertruida-Maria,0,3,3
Geertruija,0,3,3
Geertruike,0,3,3
Geertruudes,3,3,6
Geertruudis,3,3,6
Geertruurda,0,3,3
Geertruydt,0,3,3
Geertsja,0,3,3
Geertske,0,3,3
Geerty,0,3,3
Geertze,0,3,3
Geesbertus,3,0,3
Geeselina,0,3,3
Geesfiena,0,3,3
Geesienes,3,0,3
Geesiennus,3,0,3
Geeskelien,0,3,3
Geeskeliena,0,3,3
Geessines,3,0,3
Geestinus,3,0,3
Geeszina,0,3,3
Geet-Anjali,0,3,3
Geetangelie,0,3,3
Geetanjaly,0,3,3
Geetanjelie,0,3,3
Geezines,3,0,3
Gefainy,0,3,3
Gefaithly,0,3,3
Gegrorius,3,0,3
Gehan,0,3,3
Gehrard,3,0,3
Gei,3,0,3
Geijs,3,0,3
Geische,0,3,3
Geisler,0,3,3
Geitske,0,3,3
Géjan,3,0,3
Gejanda,0,3,3
Geko,3,0,3
Gel,3,0,3
Gelainey,0,3,3
Gelana,0,3,3
Gélany,3,0,3
Gelasia,0,3,3
Gelasina,0,3,3
Gelayni,3,3,6
Gelaysa,0,3,3
Gelbrecht,3,3,6
Gelbrinus,3,0,3
Geldau,0,3,3
Geldert,3,0,3
Geleen,0,3,3
Gelegonda,0,3,3
Geli,0,3,3
Gelide,0,3,3
Gelie,0,3,3
Gelieke,0,3,3
Géliene,0,3,3
Gelijntje,0,3,3
Gelise,0,3,3
Gélise,0,3,3
Gelisha,0,3,3
Geliya,0,3,3
Geliyah,0,3,3
Geliza,0,3,3
Gélize,0,3,3
Gellant,3,3,6
Geller,3,0,3
Gellian,3,3,6
Gellina,0,3,3
Gellissina,0,3,3
Gelmerdina,0,3,3
Gelmerliena,0,3,3
Gelmore,3,0,3
Gelna,0,3,3
Gels,3,3,6
Gelsomina,0,3,3
Gelson,3,0,3
Geltruda,0,3,3
Gelvano,3,0,3
Gelwin,3,0,3
Gelya,0,3,3
Gemaira,0,3,3
Gemani,0,3,3
Gemanta,0,3,3
Gemar,3,0,3
Gemariah,3,3,6
Gemayle,3,0,3
Gemayro,3,0,3
Gemert,3,0,3
Gemiana,0,3,3
Gemin,3,3,6
Gemlin,0,3,3
Gemmualdus,3,0,3
Gemo,3,0,3
Gemy,3,3,6
Gen,3,3,6
Genaddi,3,0,3
Genae,0,3,3
Genaï,3,0,3
Genai,0,3,3
Genairey,0,3,3
Genard,3,0,3
Genardo,3,0,3
Genaró,3,0,3
Genau,3,0,3
Genavieve,0,3,3
Genciano,3,0,3
Gencio,3,0,3
Gency,3,3,6
Gender,3,0,3
Gendia,0,3,3
Genè,3,0,3
Genê,0,3,3
Genea,0,3,3
Geneal,3,0,3
Geneline,0,3,3
Genelly,3,3,6
Genélva,0,3,3
Geneo,3,0,3
Géneretta,0,3,3
Generosia,0,3,3
Genery,3,3,6
Genesey,0,3,3
Gênesis,3,3,6
Gënesis,0,3,3
Genesys,0,3,3
Genet,0,3,3
Genèva,0,3,3
Genevah,0,3,3
Genevaro,3,0,3
Geneve,0,3,3
Géneve,0,3,3
Genevé,0,3,3
Genevefa,0,3,3
Geneveve,0,3,3
Geneviëf,0,3,3
Geneviene,0,3,3
Genevière,0,3,3
Geneviev,0,3,3
Genévieve,0,3,3
Gèneviève,0,3,3
Geni,0,3,3
Genica,0,3,3
Geniece,0,3,3
Genien,0,3,3
Genifa,0,3,3
Genija,0,3,3
Genilio,3,0,3
Genille,0,3,3
Geninho,3,0,3
Geniqua,0,3,3
Genira,0,3,3
Genissa,0,3,3
Genith,0,3,3
Genitha,0,3,3
Geniyah,0,3,3
Genley,3,0,3
Genn,3,0,3
Gennara,0,3,3
Gennayro,3,0,3
Gennecy,0,3,3
Genneley,0,3,3
Gennevieve,0,3,3
Genniva,0,3,3
Genovevus,3,0,3
Genoviva,3,3,6
Gentel,3,0,3
Gentiane,0,3,3
Gentila,0,3,3
Gentilus,3,3,6
Gentl,0,3,3
Gentry,0,3,3
Genuwine,3,0,3
Genya,0,3,3
Genyra,0,3,3
Genys,3,3,6
Geofanny,3,0,3
Geomalyn,0,3,3
Geomar,3,0,3
Géon,3,0,3
Geoneal,3,0,3
Geor,3,0,3
Geora,3,3,6
Geordan,3,0,3
Géorge,3,0,3
George-Jean,3,0,3
Georgeann,0,3,3
Georgeanne,0,3,3
Georgeine,0,3,3
Georgelina,0,3,3
Georgelino,3,0,3
Georgenna,0,3,3
Georgeos,3,0,3
Georgephine,0,3,3
Georger,3,0,3
Georgery,3,0,3
Georgestina,0,3,3
Georgeth,0,3,3
Georgiane,3,3,6
Georgiena,0,3,3
Georgiette,0,3,3
Georgiev,3,0,3
Georgije,3,0,3
Georgina-Louise,0,3,3
Georgiño,3,0,3
Georgiy,3,0,3
Georgtina,0,3,3
Georz,3,0,3
Geovan,3,0,3
Geovane,3,0,3
Geovannie,3,0,3
Gepbina,0,3,3
Gepkolina,0,3,3
Geppienus,3,0,3
Gér,3,0,3
Ger-Ben,3,0,3
Geraardt,3,0,3
Geraart,3,0,3
Geradda,0,3,3
Geraddina,0,3,3
Gerade,0,3,3
Geradien,3,3,6
Geradiene,0,3,3
Geradin,0,3,3
Geradini,0,3,3
Geradinia,0,3,3
Gerado,3,0,3
Gerain,3,0,3
Geraint,3,0,3
Geraisa,0,3,3
Geraldiena,0,3,3
Geraldientje,0,3,3
Geraldinho,3,0,3
Geraldinio,3,0,3
Geraldyne,3,3,6
Gerali,0,3,3
Geralinde,0,3,3
Geralize,0,3,3
Gerally,3,0,3
Gerandina,0,3,3
Gerando,3,0,3
Geranie,3,3,6
Gérârd,3,0,3
Gêrard,3,0,3
Geràrd,3,0,3
Gérard-Philippe,3,0,3
Gerard-Willem,3,0,3
Gerardje,3,3,6
Gérardo,3,0,3
Gerardt,3,0,3
Gerardus-Majella,3,0,3
Gerardusz,3,0,3
Gerazie,0,3,3
Gerba,0,3,3
Gerbentina,0,3,3
Gerberdien,0,3,3
Gerberdine,0,3,3
Gerbertine,0,3,3
Gerbertje,0,3,3
Gerbia,0,3,3
Gerbie,3,0,3
Gerbiena,0,3,3
Gerbrande,0,3,3
Gerbrech,0,3,3
Gerbredina,0,3,3
Gerbriëlle,0,3,3
Gerbrigt,0,3,3
Gerbrin,3,0,3
Gerbrina,0,3,3
Gerburga,0,3,3
Gerchano,3,0,3
Gerçon,3,0,3
Gercounik,3,0,3
Gerdaan,3,0,3
Gerdalien,0,3,3
Gerdanus,3,0,3
Gerdbrandus,3,0,3
Gerdena,0,3,3
Gerdieke,0,3,3
Gerdielus,3,0,3
Gerdiënne,0,3,3
Gerdienne,0,3,3
Gerdinia,0,3,3
Gerdis,3,3,6
Gerdjelina,0,3,3
Gerdolf,3,0,3
Gerdrik,3,0,3
Gerdrika,0,3,3
Gerdrute,0,3,3
Gerdyn,3,3,6
Gerdyne,0,3,3
Geregorio,3,0,3
Gereldiena,0,3,3
Gereldina,3,3,6
Gereldo,3,0,3
Gerell,3,3,6
Gérelle,0,3,3
Gerelva,0,3,3
Geremias,3,0,3
Geren,0,3,3
Gerena,0,3,3
Gerencaie,3,3,6
Gerencio,3,0,3
Geréne,0,3,3
Gererdine,0,3,3
Gerfridus,3,0,3
Gerfriede,0,3,3
Gergesh,3,3,6
Gergis,3,3,6
Gergö,3,0,3
Gerhadina,0,3,3
Gerhard-Willem,3,0,3
Gerhardje,0,3,3
Gerhild,0,3,3
Gerhilda,0,3,3
Gérianne,0,3,3
Geriano,3,0,3
Gerick,3,0,3
Geridine,0,3,3
Gerie-Janne,0,3,3
Geriëlla,0,3,3
Geriena,0,3,3
Geriene,0,3,3
Gerienke,0,3,3
Geriët,0,3,3
Gerietha,0,3,3
Geriette,0,3,3
Gerigorie,3,0,3
Gerijanne,0,3,3
Gerilio,3,0,3
Gerineke,0,3,3
Geriniho,3,0,3
Gerinomo,3,0,3
Gerique,3,3,6
Geris,3,0,3
Gerissa,0,3,3
Gerite,0,3,3
Gérite,0,3,3
Geritha,0,3,3
Geritje,0,3,3
Gerjam,3,0,3
Gerjana,0,3,3
Gerjanke,0,3,3
Gerjanny,0,3,3
Gerjantien,0,3,3
Gerjelle,0,3,3
Gerjenda,0,3,3
Gerkes,3,0,3
Gerkodina,0,3,3
Gerktje,0,3,3
Gerlaantje,0,3,3
Gerladina,0,3,3
Gerladine,0,3,3
Gerlag,3,0,3
Gerlaka,0,3,3
Gerlano,3,0,3
Gerle,3,3,6
Gerlef,3,0,3
Gerleida,0,3,3
Gerleny,0,3,3
Gerley,3,0,3
Gerlian,3,3,6
Gerlide,0,3,3
Gerlieneke,0,3,3
Gerlieske,0,3,3
Gerlineke,0,3,3
Gerlinn,0,3,3
Gerlino,3,0,3
Gerlison,3,0,3
Gerliza,0,3,3
Gerloes,0,3,3
Germ-Jan,3,0,3
Germaïn,3,0,3
Germaïne,3,0,3
Germainne,3,0,3
Germaisa,0,3,3
Germanja,0,3,3
Germany,0,3,3
Germarie,0,3,3
Germaya,0,3,3
Germdina,0,3,3
Germe,3,0,3
Germey,3,0,3
Germiena,0,3,3
Germientje,0,3,3
Germijne,0,3,3
Germinio,3,0,3
Germinus,3,0,3
Germoni,3,3,6
Germy,0,3,3
Gernadinus,3,0,3
Gernando,3,0,3
Gernardina,0,3,3
Gerner,3,3,6
Gernette,0,3,3
Gerniek,3,0,3
Gernienke,0,3,3
Gernita,0,3,3
Gernold,3,0,3
Gernolda,0,3,3
Gernolde,0,3,3
Gernoldus,3,0,3
Gernout,3,0,3
Gerodi,3,0,3
Gerody,3,0,3
Geroen,3,0,3
Gerojo,3,0,3
Geromian,3,0,3
Geromio,3,0,3
Gerône,3,3,6
Geronima,0,3,3
Geronimus,3,0,3
Géronio,3,0,3
Géronne,0,3,3
Gerontia,0,3,3
Gerony,3,0,3
Gerout,3,0,3
Gerr,3,3,6
Gerrachina,0,3,3
Gerral,3,0,3
Gerraldien,0,3,3
Gerraldo,3,0,3
Gerrano,3,0,3
Gerrardi,0,3,3
Gerrardine,3,3,6
Gerredien,0,3,3
Gerrejanne,0,3,3
Gerreken,0,3,3
Gerreline,0,3,3
Gerresina,0,3,3
Gerrhardina,0,3,3
Gerri-Janne,0,3,3
Gerrie-Jan,3,3,6
Gerrie-Janne,0,3,3
Gerrieanne,0,3,3
Gerriediena,0,3,3
Gerriekus,3,0,3
Gerrièt,0,3,3
Gerriete,0,3,3
Gerrijke,0,3,3
Gerrik,3,0,3
Gerrika,0,3,3
Gerrinus,3,0,3
Gerrit-Dirk,3,0,3
Gerrit-Douwe,3,0,3
Gerrit-Jacob,3,0,3
Gerrit-Johan,3,0,3
Gerrit-Wim,3,0,3
Gerritdiene,0,3,3
Gerrith,3,0,3
Gerritruida,0,3,3
Gerritson,3,0,3
Gerritsz,3,0,3
Gerrittha,0,3,3
Gerritus,3,0,3
Gerritz,3,0,3
Gerroline,0,3,3
Gerronda,0,3,3
Gerrut,3,0,3
Gerryon,3,3,6
Gersie,3,0,3
Gèrson,3,0,3
Gerswin,3,0,3
Gersy,3,0,3
Gert-Anne,3,0,3
Gert-Anton,3,0,3
Gerteke,0,3,3
Gertho,3,0,3
Gertiana,0,3,3
Gertilde,0,3,3
Gertino,3,0,3
Gertom,3,0,3
Gertran,3,0,3
Gertrand,3,0,3
Gertreuda,0,3,3
Gertrina,0,3,3
Gertrouda,0,3,3
Gertrüde,0,3,3
Gèrtrude,0,3,3
Gertrudiana,0,3,3
Gertruth,0,3,3
Gertruuda,0,3,3
Gertruus,0,3,3
Gertsia,0,3,3
Gertude,0,3,3
Geru,3,0,3
Gerulfa,0,3,3
Geruluit,3,0,3
Gerung,3,0,3
Geruntius,3,0,3
Gervaes,3,0,3
Gervaino,3,0,3
Gervan,3,0,3
Gervanny,3,0,3
Gervany,3,3,6
Gerviani,0,3,3
Gerviano,3,0,3
Gerwanda,0,3,3
Gerwien,0,3,3
Gerwig,3,0,3
Gerwold,3,0,3
Gerwyn,3,0,3
Geryjanne,0,3,3
Gerymar,0,3,3
Gerzien,0,3,3
Gesanna,0,3,3
Geshwin,3,0,3
Gesida,0,3,3
Gesilla,0,3,3
Gesini,0,3,3
Geskea,0,3,3
Geskéa,0,3,3
Gesold,3,0,3
Gessica,0,3,3
Gessy,3,3,6
Gesù,3,0,3
Getanda,3,0,3
Getano,3,0,3
Gete,0,3,3
Gethy,0,3,3
Getinet,3,3,6
Getnet,3,3,6
Getreda,0,3,3
Getrud,3,3,6
Gétrude,0,3,3
Getrudes,0,3,3
Getruidus,3,0,3
Getske,0,3,3
Getti,0,3,3
Gettina,0,3,3
Getu,3,3,6
Getulio,3,0,3
Getúlio,3,0,3
Getulius,3,0,3
Geugie,3,0,3
Geugiena,0,3,3
Geugina,0,3,3
Geukea,0,3,3
Geukéa,0,3,3
Geukelina,0,3,3
Geuranne,0,3,3
Geurard,3,0,3
Geurd,3,0,3
Geurhardus,3,0,3
Geurian,3,0,3
Geurike,0,3,3
Geurinde,0,3,3
Geurrina,0,3,3
Geurtdine,0,3,3
Geurtinus,3,0,3
Geurtrude,0,3,3
Gevairo,3,0,3
Gèvano,3,0,3
Gevarro,3,0,3
Gevayro,3,0,3
Gevero,3,0,3
Gevher,0,3,3
Gevriye,3,0,3
Gewenda,0,3,3
Gewiena,0,3,3
Gewine,0,3,3
Gézá,3,0,3
Gëzim,3,0,3
Gezim,3,0,3
Gezinia,0,3,3
Gezinna,0,3,3
Geørge,3,0,3
GGM,0,3,3
Ghaanem,0,3,3
Ghadeer,0,3,3
Ghader,3,3,6
Ghadra,0,3,3
Ghafoer,3,0,3
Ghafoor,3,3,6
Ghaia,0,3,3
Ghairoennissa,0,3,3
Ghais,0,3,3
Ghaitree,0,3,3
Ghaja,0,3,3
Ghala,0,3,3
Ghandi,3,3,6
Ghanima,0,3,3
Ghannah,0,3,3
Ghanshaam,3,0,3
Ghansham,3,0,3
Ghati,3,0,3
Ghatiedja,0,3,3
Ghatoon,0,3,3
Ghatun,0,3,3
Ghaus,3,0,3
Ghautam,3,0,3
Ghautem,3,0,3
Ghazwn,3,3,6
Gheert,3,0,3
Gheliel,3,0,3
Ghene,3,0,3
Gheniva,0,3,3
Ghennan,0,3,3
Gherriano,3,0,3
Gheza,3,3,6
Ghiandro,3,0,3
Ghiara,0,3,3
Ghichelle,0,3,3
Ghiday,3,3,6
Ghideon,3,0,3
Ghien,3,0,3
Ghieta,0,3,3
Ghijs,3,0,3
Ghilène,0,3,3
Ghillian,3,3,6
Ghilliano,3,0,3
Ghislaina,0,3,3
Ghislainè,0,3,3
Ghislainne,0,3,3
Ghislein,3,3,6
Ghislène,0,3,3
Ghitta,0,3,3
Ghivano,3,0,3
Ghiza,3,3,6
Ghizlene,0,3,3
Ghjong,3,0,3
Ghomti,0,3,3
Ghor,3,0,3
Ghushi,0,3,3
Ghylene,0,3,3
Gi-Angely,0,3,3
Gi-Gi,0,3,3
Gi-Mairo,3,0,3
Gia-An,0,3,3
Giacco,3,0,3
Giacobbe,3,0,3
Giacominho,3,0,3
Giacommo,3,0,3
Giaconda,0,3,3
Giade,0,3,3
Giamar,3,0,3
Giamara,0,3,3
Giamaya,0,3,3
Giamaylla,0,3,3
Giamiro,3,0,3
Giampietro,3,0,3
Gían,3,0,3
Gian-carlo,3,0,3
Gian-Carlos,3,0,3
Gian-luca,3,0,3
Gianaro,3,0,3
Gianayra,0,3,3
Gianbattista,3,0,3
Gianca,0,3,3
Giancharro,3,0,3
Gianell,3,3,6
Gianelle,0,3,3
Gianessa,0,3,3
Gianetta,0,3,3
Gianette,0,3,3
Gianetti,0,3,3
Gianeya,0,3,3
Giangiorgio,3,0,3
Gianice,0,3,3
Gianie,3,0,3
Gianilo,3,0,3
Gianimo,3,0,3
Gianinna,0,3,3
Gianiva,0,3,3
Gianluka,3,0,3
Giänna,0,3,3
Giannelly,0,3,3
Giannoula,0,3,3
Gianoah,3,3,6
Gianomar,3,0,3
Gianpaulo,3,0,3
Gianrico,3,0,3
Giant,3,0,3
Giantano,3,0,3
Giantay,0,3,3
Gianté,3,0,3
Gianthely,0,3,3
Gianthony,3,0,3
Gianti,3,3,6
Giantonio,3,0,3
Gianymar,3,0,3
Giarmani,3,0,3
Giavanni,3,3,6
Giavano,3,0,3
Giavenna,0,3,3
Giayro,3,0,3
Gibbo,3,0,3
Gibby,3,3,6
Gibeon,3,0,3
Gibi,3,3,6
Gibor,3,0,3
Gibra,3,3,6
Gibrael,3,0,3
Gibraïl,3,0,3
Gibriel,3,0,3
Gic,0,3,3
Gichaira,0,3,3
Gichello,3,0,3
Gichengo,3,3,6
Gichi,3,3,6
Gicu,3,0,3
Gida,0,3,3
Giddy,0,3,3
Gidimadjor,3,0,3
Gidio,3,0,3
Gidn,3,0,3
Gidyon,3,0,3
Giebe,3,0,3
Giedus,3,0,3
Giejan,3,0,3
Giejermo,3,0,3
Gielbertha,0,3,3
Gielhelma,0,3,3
Gieliana,0,3,3
Gieliean,3,0,3
Gielion,3,3,6
Gielius,3,3,6
Giellian,3,0,3
Giely,0,3,3
Giënna,0,3,3
Giërra,0,3,3
Giert,0,3,3
Giertje,0,3,3
Giesella,0,3,3
Gieslawatie,0,3,3
Gietadebie,0,3,3
Giete,0,3,3
Giezelina,0,3,3
Gifanio,3,0,3
Gifano,3,0,3
Gifford,3,0,3
Giga,3,3,6
GiGi,0,3,3
Gigi-Jolie,0,3,3
Gigiana,0,3,3
Gigianna,0,3,3
Gigiano,3,0,3
Gigina,0,3,3
Gigino,3,0,3
Gigli,3,3,6
Giglio,3,0,3
Gigy,0,3,3
Gihaad,3,0,3
Gihlaine,0,3,3
Gihon,3,0,3
Gija,0,3,3
Gijano,3,0,3
Gijber,3,0,3
Gijp,3,0,3
Gijs-Herman,3,0,3
Gijs-Jaap,3,0,3
Gijs-Paul,3,0,3
Gijsa,0,3,3
Gijsbarth,3,0,3
Gijsberthine,0,3,3
Gijsbettine,0,3,3
Gijsbrechta,0,3,3
Gijseberta,0,3,3
Gijsine,0,3,3
Gijslenus,3,0,3
Gijswillem,3,0,3
Gijza,0,3,3
Gijzebregt,3,0,3
Gijzelina,0,3,3
Gijzelinde,0,3,3
Gika,3,3,6
Gilaan,3,3,6
Gilain,3,3,6
Gilainy,3,3,6
Gilaisha,0,3,3
Gilaney,0,3,3
Gilanne,0,3,3
Gilanni,3,0,3
Gilardinho,3,0,3
Gilaysho,3,0,3
Gilberd,3,3,6
Gilberti,3,0,3
Gilbertson,3,0,3
Gilbrano,3,0,3
Gilburt,3,0,3
Gildardo,3,0,3
Gildomar,3,0,3
Gildwin,3,0,3
Gilean,3,0,3
Gileandric,3,0,3
Gileisha,0,3,3
Gilestine,0,3,3
Gilfred,3,0,3
Gilgamesj,3,0,3
Giliaan,3,0,3
Gilianno,3,0,3
Gilinde,0,3,3
Giljaine,0,3,3
Giljandra,0,3,3
Giljandro,3,0,3
Giljermo,3,0,3
Gilla,0,3,3
Gillary,0,3,3
Gillbert,3,0,3
Gillberto,3,0,3
Gilleko,3,0,3
Gillemina,0,3,3
Gillen,3,0,3
Gilles-Jan,3,0,3
Gillesje,0,3,3
Gillezina,0,3,3
Gilliane,0,3,3
Gilliani,3,0,3
Gilliany,0,3,3
Gilliën,3,0,3
Gillise,0,3,3
Gillmore,3,0,3
Gillof,3,0,3
Gilloudina,0,3,3
Gillvani,3,3,6
Gillysa,0,3,3
Gilma,0,3,3
Gilmo,3,3,6
Gilmon,3,0,3
Gilrain,3,0,3
Gilse,0,3,3
Giltsje,0,3,3
Gilus,3,3,6
Gilvanie,3,3,6
Gilvannio,3,0,3
Gilvenso,3,0,3
Gilvenzo,3,0,3
Gilviano,3,0,3
Gilyan,3,3,6
Gilyana,0,3,3
Gilysha,0,3,3
Gilyssa,0,3,3
Gilzina,0,3,3
Gimani,3,0,3
Gimano,3,0,3
Gimaya,0,3,3
Gimena,0,3,3
Gimhani,0,3,3
Gimignano,3,0,3
Gimo,3,0,3
Gimoen,3,0,3
Gina-Maria,0,3,3
Ginaida,0,3,3
Ginaijro,3,0,3
Ginailys,0,3,3
Ginaisa,0,3,3
Ginalavany,0,3,3
Ginan,3,0,3
Ginaya,0,3,3
Ginayero,3,0,3
Ginaysha,0,3,3
Gincher,0,3,3
Ginelle,0,3,3
Ginello,3,0,3
Ginem,0,3,3
Ginero,3,0,3
Ginesty,0,3,3
Ginetto,3,0,3
Gingerley,0,3,3
Ginho,3,0,3
Ginika,0,3,3
Ginina,0,3,3
Ginney,0,3,3
Ginni,0,3,3
Giño,3,0,3
Ginoah,3,3,6
Ginthe,0,3,3
Ginthy,0,3,3
Gío,3,0,3
Gioa,3,3,6
Gioa-Dean,3,0,3
Gioakim,3,0,3
Gioandi,0,3,3
Gioanna,0,3,3
Gioberto,3,0,3
Gioëm,3,0,3
Giòia,0,3,3
Gioia-Faye,0,3,3
Gioiah,0,3,3
Gioja,0,3,3
Giok-Kie,3,0,3
Giolano,3,0,3
Giomani,3,3,6
Giomayra,0,3,3
Giomayro,3,0,3
Giome,3,0,3
Giomi,0,3,3
Gionara,0,3,3
Gionayra,0,3,3
Gionel,3,0,3
Gionetto,3,0,3
Gioney,3,0,3
Giono,3,0,3
Giony,3,3,6
Giorano,3,0,3
Giordanni,3,0,3
Giordon,3,0,3
Giorgetto,3,0,3
Giorghino,3,0,3
Giorgie,3,0,3
Giorginho,3,0,3
Giorgy,3,0,3
Giorlano,3,0,3
Giorni,3,0,3
Giörno,3,0,3
Giorvinio,3,0,3
Giota,0,3,3
Giotto,3,0,3
Giovachino,3,0,3
Giovania,0,3,3
Giovanino,3,0,3
Giovanka,0,3,3
Giovann,3,0,3
Giovannah,0,3,3
Giove,3,0,3
Giovelli,3,0,3
Giovelly,3,0,3
Gioviano,3,0,3
Gioviënsly,3,0,3
Giovinny,3,0,3
Gioyá,0,3,3
Giragos,3,0,3
Girailey,3,0,3
Giraily,3,0,3
Girayno,3,0,3
Girbaud,3,0,3
Girbeliena,0,3,3
Girben,3,0,3
Girbina,0,3,3
Girelle,3,3,6
Giri,3,0,3
Giridhar,3,0,3
Girija,0,3,3
Girolami,3,3,6
Girte,0,3,3
Girthe,0,3,3
Girtruud,0,3,3
Girum,3,3,6
Girvan,3,0,3
Girvin,3,0,3
Gisairo,3,0,3
Gisan,3,0,3
Gisandro,3,0,3
Gisaya,0,3,3
Gisayra,0,3,3
Gisèl,0,3,3
Giselé,0,3,3
Giselena,0,3,3
Giselène,0,3,3
Gisélia,0,3,3
Giselinus,3,0,3
Gisèll,0,3,3
Gisèlla,0,3,3
Gisely,0,3,3
Gishano,3,0,3
Gishantely,0,3,3
Gishantily,0,3,3
Giska,0,3,3
Gislane,0,3,3
Gislenne,0,3,3
Gislina,0,3,3
Gissa,3,0,3
Gissela,0,3,3
Gitâ,0,3,3
Gitani,3,0,3
Gitanjli,0,3,3
Gitau,3,0,3
Githara,0,3,3
Gitt,0,3,3
Gittah,0,3,3
Gitteke,0,3,3
Gittha,0,3,3
Giu,3,3,6
Giudo,3,0,3
Giugiaro,3,0,3
Giuglia,0,3,3
Giuliany,3,0,3
Giuliëtta,0,3,3
Giullaume,3,0,3
Giullermo,3,0,3
Giullian,3,0,3
Giulliana,0,3,3
Giullietta,0,3,3
Giuna,0,3,3
Giuseppi,3,0,3
Givaen,0,3,3
Givainely,0,3,3
Givaini,3,3,6
Givanildo,3,0,3
Givanisha,0,3,3
Givanna,0,3,3
Givean,3,0,3
Givelly,0,3,3
Givenciyo,3,0,3
Givency,0,3,3
Givendro,3,0,3
Giveney,0,3,3
Givens,0,3,3
Givensley,3,0,3
Givensly,3,0,3
Givenzo,3,0,3
Giverno,3,0,3
Giviany,3,3,6
Giwani,3,0,3
Gixandro,3,0,3
Giyandro,3,0,3
Giyani,3,0,3
Giyenna,0,3,3
Gizarleen,0,3,3
Gizel,0,3,3
Gizlan,0,3,3
Gizlane,0,3,3
Gizmo,3,0,3
Gjaldau,0,3,3
Gjalti,0,3,3
Gjaltine,0,3,3
Gjalts,3,0,3
Gjaltsz,3,0,3
GJC,3,0,3
Gjelana,0,3,3
Gjelina,0,3,3
Gjende,3,3,6
Gjergji,3,3,6
Gjil,0,3,3
Gjilkje,0,3,3
Gjiltje,0,3,3
Gjon,3,0,3
Gjordan,3,0,3
Gjorgina,0,3,3
Gjymshana,3,3,6
Gladice,0,3,3
Gladyss,0,3,3
Glain,0,3,3
Glaines,0,3,3
Glan,3,0,3
Glann,3,0,3
Glanville,3,3,6
Glauco,3,0,3
Glaucus,3,0,3
Glaude,3,0,3
Glaudi,3,3,6
Glaviano,3,0,3
Gleb,3,0,3
Gledis,3,3,6
Glenchomar,3,0,3
Glencimar,3,0,3
Glency,3,0,3
Glendel,3,3,6
Glendo,3,0,3
Glendomar,3,0,3
Glendrick,3,0,3
Glenn-Roy,3,0,3
Glennan,3,0,3
Glennard,3,0,3
Glenncora,0,3,3
Glennda,0,3,3
Glenne,0,3,3
Glenni,3,0,3
Glennice,0,3,3
Glenroy,3,0,3
Glenson,3,0,3
Glensy,3,0,3
Glentino,3,0,3
Glesni,0,3,3
Glines,0,3,3
Glinster,0,3,3
GLM,3,0,3
Glody,3,0,3
Gloriano,3,0,3
Glorie,3,3,6
Gloriën,0,3,3
Gloriënsha,0,3,3
Glorinus,3,0,3
Glotwich,3,0,3
Gloudina,0,3,3
Glynell,3,0,3
Glyneth,0,3,3
Glynnes,0,3,3
GMG,3,3,6
GMJ,3,3,6
GMM,0,3,3
Gnanasakthy,3,3,6
Goanna,0,3,3
Goar,3,0,3
Goatse,3,0,3
Gobarta,0,3,3
Gobeline,0,3,3
Gobi,3,0,3
Godarda,0,3,3
Goddefriedes,3,0,3
Gode,0,3,3
Godefridie,0,3,3
Godevriedus,3,0,3
Godeward,3,0,3
Godfriede,0,3,3
Godfriet,3,0,3
Godhardus,3,0,3
Godie,0,3,3
Godiho,3,0,3
Godo,3,0,3
Godofredo,3,0,3
Godrich,3,0,3
Godrie,3,3,6
Godsent,3,3,6
Godslove,3,0,3
Goduardus,3,0,3
Godufridus,3,0,3
Goduwes,3,0,3
Godwine,0,3,3
Goebertus,3,0,3
Goeffrey,3,0,3
Goentoer,3,0,3
Goerardus,3,0,3
Goesboe,0,3,3
Goeske,3,3,6
Goetji,3,0,3
Goewan,3,0,3
Goferdina,0,3,3
Goffert,3,0,3
Goffredo,3,0,3
Goffrey,3,0,3
Gogo,3,3,6
Göğüş,3,0,3
Goi,0,3,3
Goia,0,3,3
Goirfridus,3,3,6
Goitom,3,3,6
Goiya,3,3,6
Gojko,3,0,3
Gokan,3,0,3
Gokce,0,3,3
Göker,3,0,3
Gôkhan,3,0,3
Gökkan,3,0,3
Göksan,3,0,3
Göksenin,3,0,3
Gol,0,3,3
Goldia,0,3,3
Goldmund,3,0,3
Gölgem,0,3,3
Golightly,0,3,3
Goline,0,3,3
Golnaz,0,3,3
Golo,3,0,3
Goloud,0,3,3
Gomairo,3,0,3
Gomardina,0,3,3
Gomberta,0,3,3
Gomèr,3,0,3
Gomerdina,0,3,3
Gómez,3,0,3
Gommaar,3,0,3
Gommair,3,0,3
Gommer,3,0,3
Gonario,3,0,3
Gondalina,0,3,3
Gondaline,0,3,3
Gondeke,0,3,3
Gondela,0,3,3
Gondiana,0,3,3
Gondie,0,3,3
Gondina,0,3,3
Gondine,0,3,3
Gondis,3,3,6
Gondo,3,0,3
Gondula,0,3,3
Gones,3,0,3
Gonesh,3,0,3
Goni,3,0,3
Gonsita,0,3,3
Gonzuela,0,3,3
Gooie,3,0,3
Gooikjen,0,3,3
Goord,3,0,3
Goort,3,0,3
Goosiena,0,3,3
Goossé,3,3,6
Goossens,3,0,3
Goossewinus,3,0,3
Gooyaert,3,0,3
Gooye,3,0,3
Gopinath,3,0,3
Goranka,0,3,3
Gordan,3,0,3
Gordilio,3,0,3
Gordillio,3,0,3
Gordius,3,0,3
Goreti,0,3,3
Gorette,0,3,3
Gorev,3,0,3
Gorgeous,0,3,3
Gorgias,3,0,3
Gorgilio,3,0,3
Gorgiño,3,0,3
Gorgo,3,0,3
Gorgorius,3,0,3
Gorica,0,3,3
Goriena,0,3,3
Gorine,0,3,3
Goriska,0,3,3
Gorius,3,0,3
Gorizina,0,3,3
Gorka,3,0,3
Gorrina,0,3,3
Gors,3,0,3
Gorselina,0,3,3
Gorseman,3,0,3
Gory,3,3,6
Gosefa,0,3,3
Goseinus,3,0,3
Gosendina,0,3,3
Gosewines,3,0,3
Gosro,3,0,3
Gossa,0,3,3
Gosseliena,0,3,3
Gossewinus,3,0,3
Gossiena,0,3,3
Gossine,0,3,3
Gosta,0,3,3
Gosuine,0,3,3
Goswine,0,3,3
Gotana,3,0,3
Goten,3,0,3
Gotfriet,3,0,3
Gothilde,0,3,3
Gothy,3,0,3
Gotsche,0,3,3
Gotthilf,3,0,3
Gotti,3,0,3
Gottliebe,0,3,3
Goudencio,3,0,3
Goufrane,3,3,6
Gougericus,3,0,3
Gougeuricus,3,0,3
Gouido,3,0,3
Goundoba,0,3,3
Gouwguura,0,3,3
Gouwiena,0,3,3
Govan,3,0,3
Govard,3,0,3
Goverda,0,3,3
Goverdus,3,0,3
Goveriena,0,3,3
Goverrina,0,3,3
Govertjan,3,0,3
Govindan,3,0,3
Govindapersad,3,0,3
Govinder,3,3,6
Govindre,3,0,3
Gowri,0,3,3
Gowshik,3,0,3
Gowshikan,3,0,3
Gowtham,3,0,3
Goyakla,3,0,3
Goyal,3,0,3
Gozajeb,3,0,3
Gözden,0,3,3
Gözel,0,3,3
Gozelin,3,0,3
Gozelina,0,3,3
Gözen,3,3,6
Grabeline,0,3,3
Grabiël,3,0,3
Gracé,0,3,3
Grace-Ann,0,3,3
Grace-Lynn,0,3,3
Gracey,0,3,3
Grachell,0,3,3
Grachiëlla,0,3,3
Graçia,0,3,3
Graciaella,0,3,3
Gracianie,0,3,3
Gracianna,0,3,3
Gracias,3,3,6
Gracie-Ann,0,3,3
Gracieda,0,3,3
Graciele,0,3,3
Gracièlla,0,3,3
Graciete,0,3,3
Graciëtte,0,3,3
Gracieuse,0,3,3
Gracija,3,3,6
Gracillio,3,0,3
Gracio,3,0,3
Gracius,3,0,3
Grada-Maria,0,3,3
Gradcia,0,3,3
Gradeline,0,3,3
Gradiana,0,3,3
Gradiena,0,3,3
Grado,3,0,3
Graecia,0,3,3
Graeham,3,0,3
Graeven,3,0,3
Gragery,3,0,3
Grahda,0,3,3
Gràinne,0,3,3
Granda,0,3,3
Grando,3,0,3
Granja,3,3,6
Gransten,3,0,3
Grardje,3,3,6
Grashella,0,3,3
Gratienne,0,3,3
Gratina,0,3,3
Grayce,0,3,3
Grayden,3,0,3
Grayham,3,0,3
Grazie,0,3,3
Grazielia,0,3,3
Grazynka,0,3,3
Gré-Janne,0,3,3
Greadley,0,3,3
Greaham,3,0,3
Gréana,0,3,3
Greciano,3,0,3
Greddy,0,3,3
Gredinus,3,0,3
Gredy,0,3,3
Greece,0,3,3
Greer,0,3,3
Greete,0,3,3
Greetse,3,0,3
Gregely,3,3,6
Greggery,3,0,3
Greggy,3,0,3
Gregly,3,3,6
Grégoir,3,3,6
Gregordina,0,3,3
Gregorian,3,0,3
Gregorij,3,0,3
Gregório,3,0,3
Gregry,3,0,3
Gregson,3,0,3
Grejan,0,3,3
Gréline,0,3,3
Grenate,0,3,3
Grenda,0,3,3
Greorgina,0,3,3
Greqor,3,0,3
Greske,0,3,3
Grethilde,0,3,3
Gretienus,3,0,3
Grétine,0,3,3
Gretjeline,0,3,3
Gretruda,3,3,6
Gretsche,0,3,3
Gretschen,0,3,3
Grety,0,3,3
Grevle,3,3,6
Greylin,0,3,3
Greys,0,3,3
Grian,0,3,3
Gricel,0,3,3
Gricha,3,0,3
Gridi,0,3,3
Griean,0,3,3
Griedo,3,0,3
Grielof,3,0,3
Griëthe,0,3,3
Griethina,0,3,3
Grietienes,3,0,3
Grietientje,0,3,3
Griette,0,3,3
Griettine,0,3,3
Grietze,3,0,3
Griffely,0,3,3
Griffioen,3,3,6
Griffiths,3,0,3
Grignonja,0,3,3
Grigorie,3,0,3
Grigoris,3,0,3
Grimhilde,0,3,3
Griselle,0,3,3
Grisjo,3,0,3
Grisowalandis,3,0,3
Grisowalantos,3,0,3
Gristo,3,0,3
Gristos,3,0,3
Grit,3,3,6
Gritha,0,3,3
Gritina,0,3,3
Gritine,0,3,3
Gritli,0,3,3
Gritus,3,0,3
Grivano,3,0,3
Grof,3,0,3
Gröger,3,0,3
Groover,3,0,3
Grozdana,0,3,3
Gruben,0,3,3
Gruscha,0,3,3
Grusd,3,3,6
Grythe,0,3,3
Grøndahl,3,3,6
Guajardo,0,3,3
Gualtera,0,3,3
Gualtherie,3,0,3
Guăn,0,3,3
Guancarlos,3,0,3
Guanghui,3,3,6
Guanisha,0,3,3
Guardian,3,0,3
Guarina,0,3,3
Guarionex,3,0,3
Gubina,0,3,3
Gubine,0,3,3
Gübra,0,3,3
Gucciano,3,0,3
Gucia,0,3,3
Gude,0,3,3
Gudeke,0,3,3
Güdüla,0,3,3
Gueldon,3,0,3
Guellermo,3,0,3
Guenda,0,3,3
Guendaline,0,3,3
Guendolen,0,3,3
Guendoline,0,3,3
Guendolyn,0,3,3
Guenevère,0,3,3
Guenne,0,3,3
Guennevere,0,3,3
Guenther,3,0,3
Guermo,3,0,3
Guerrero,3,0,3
Guerric,3,0,3
Guevaro,3,0,3
Guevero,3,0,3
Gufran,3,3,6
Güher,0,3,3
Guher,0,3,3
Guia,0,3,3
Guialma,0,3,3
Guiberto,3,0,3
Guidarno,3,0,3
Guidi,3,3,6
Guidio,3,0,3
Guiermo,3,0,3
Guij,3,0,3
Guilana,0,3,3
Guilaumine,0,3,3
Guildo,3,0,3
Guilemus,3,0,3
Guilena,0,3,3
Guilène,0,3,3
Guiletta,0,3,3
Guilette,0,3,3
Guilherne,3,0,3
Guilianni,3,0,3
Guillaisho,3,0,3
Guillana,0,3,3
Guillauma,0,3,3
Guillaumene,0,3,3
Guillaumes,3,3,6
Guillaumey,3,3,6
Guillaumie,0,3,3
Guilléanne,0,3,3
Guilleaum,3,0,3
Guillelmina,0,3,3
Guillemma,3,3,6
Guillén,3,0,3
Guillène,0,3,3
Guilletta,0,3,3
Guilliard,3,0,3
Guilliaumé,3,0,3
Guilliëlmus,3,0,3
Guillierme,3,0,3
Guillietta,0,3,3
Guilliette,0,3,3
Guillimus,3,0,3
Guilliome,3,0,3
Guilliovanni,3,0,3
Guillôme,3,0,3
Guillomina,0,3,3
Guillon,3,0,3
Guillonne,3,3,6
Guillou,3,0,3
Guillyan,3,3,6
Guilmar,3,0,3
Guimar,3,0,3
Guimond,3,0,3
Guina,0,3,3
Guine,0,3,3
Guinea,3,3,6
Guinevére,0,3,3
Guininhio,3,0,3
Guinivere,0,3,3
Guinne,0,3,3
Guinness,3,0,3
Guiremo,3,0,3
Guiri,3,0,3
Guisayda,0,3,3
Guiscard,3,0,3
Guisepp,3,0,3
Guisette,0,3,3
Guishanteley,0,3,3
Guisto,3,0,3
Guisy,0,3,3
Guitman,3,3,6
Guitsen,3,0,3
Guitske,0,3,3
Guizeppe,3,0,3
Gulaam,3,0,3
Gulam,3,3,6
Gülan,0,3,3
Gulane,3,3,6
Gulbeyaz,0,3,3
Gulbran,3,0,3
Gülçiçek,0,3,3
Gulcin,0,3,3
Güldan,0,3,3
Gulden,0,3,3
Gülefer,0,3,3
Gülefza,0,3,3
Gulet,3,0,3
Gülfatma,0,3,3
Gulhan,0,3,3
Gulhanim,0,3,3
Gulhelmus,3,0,3
Guliana,0,3,3
Gulielmina,0,3,3
Guliënne,3,0,3
Gulietta,0,3,3
Guliette,0,3,3
Guliver,3,0,3
Güllühan,0,3,3
Gülnar,0,3,3
Gulperi,0,3,3
Gülpinar,0,3,3
Gulşah,0,3,3
Gülsehir,0,3,3
Gülsena,0,3,3
Gülsenem,0,3,3
Gülsüme,0,3,3
Gulsün,0,3,3
Gultom,3,3,6
Gülü,0,3,3
Gulustan,0,3,3
Güluzar,0,3,3
Gülya,0,3,3
Gülzade,0,3,3
Gumar,3,0,3
Gumaria,0,3,3
Gun,3,0,3
Günar,3,0,3
Gunardi,3,0,3
Gunay,3,3,6
Gunborg,0,3,3
Gundel,0,3,3
Gundgaard,3,3,6
Guner,3,0,3
Gunes,0,3,3
Guneş,3,3,6
Gungapersad,3,0,3
Gunhar,3,0,3
Gunn,3,0,3
Günnar,3,3,6
Gunne,3,3,6
Guntram,3,0,3
Gunza,3,0,3
Güpra,0,3,3
Gurbir,3,0,3
Gurbuz,3,0,3
Gürdal,3,0,3
Gurdeep,3,3,6
Gureke,0,3,3
Gurette,0,3,3
Gurhan,3,0,3
Gurinder,3,0,3
Gurjeet,3,0,3
Gurkamal,3,0,3
Gurkaran,3,0,3
Gurkiran,0,3,3
Gurlin,0,3,3
Gurmahi,3,3,6
Gurmeet,3,3,6
Gurmit,3,3,6
Gurshaan,3,3,6
Gurshan,3,0,3
Gurshwin,3,0,3
Gursimran,0,3,3
Gurth,3,0,3
Gurtley,3,0,3
Gurvinder,3,3,6
Gurwaraha,0,3,3
Gusine,0,3,3
Guske,3,3,6
Gusovinus,3,0,3
Gusstaaf,3,0,3
Güssüm,0,3,3
Güssün,0,3,3
Gustafine,0,3,3
Gustalie,0,3,3
Gustan,3,0,3
Gustaph,3,0,3
Güstav,3,0,3
Gustaves,3,3,6
Gustavianus,3,0,3
Gustavie,0,3,3
Gustavson,3,0,3
Gustella,0,3,3
Gustiaan,3,0,3
Gusty,3,3,6
Güsün,0,3,3
Gutama,3,0,3
Guuk,3,3,6
Guur,0,3,3
Guurda,0,3,3
Guurgonda,0,3,3
Guus-jan,3,0,3
Guustine,0,3,3
Guuz,3,0,3
Güvencan,3,0,3
Guy-Benoit,3,0,3
Guy-Jan,3,3,6
Guyano,3,0,3
Guybert,3,0,3
Guybertus,3,0,3
Guydeon,3,0,3
Guyermo,3,0,3
Guyliam,3,0,3
Guylliaume,3,0,3
Guyome,3,0,3
Guyri,3,0,3
Guyrin,3,0,3
Guythano,3,0,3
Guytho,3,0,3
Guze,0,3,3
Guzel,0,3,3
Guzide,0,3,3
Guzman,3,0,3
Gwency,0,3,3
Gwendala,0,3,3
Gwendale,3,3,6
Gwendaly,0,3,3
Gwendalynn,0,3,3
Gwendely,0,3,3
Gwendolene,0,3,3
Gwendoleyn,0,3,3
Gwendoliene,0,3,3
Gwenhyfar,3,3,6
Gwenith,0,3,3
Gwenja,0,3,3
Gwennaël,3,3,6
Gwennely,0,3,3
Gwennet,3,3,6
Gwennifer,0,3,3
Gwennyn,0,3,3
Gwensley,3,0,3
Gwindor,3,0,3
Gwyde,3,3,6
Gwydeon,3,0,3
Gwyline,0,3,3
Gwyned,0,3,3
Gwynnet,0,3,3
Gyaama,0,3,3
Gyamera,3,0,3
Gyandev,3,0,3
Gyane,0,3,3
Gydia,0,3,3
Gyen,3,0,3
Gyenne,0,3,3
Gyesiwaa,0,3,3
Gyi,3,0,3
Gyiano,3,0,3
Gyima,3,0,3
Gylaino,3,0,3
Gylanio,3,0,3
Gylayla,0,3,3
Gyleeno,3,0,3
Gylia,0,3,3
Gyliane,0,3,3
Gyliën,3,0,3
Gylino,3,0,3
Gylk,3,0,3
Gylla,0,3,3
Gyman,3,0,3
Gymano,3,0,3
Gymaro,3,0,3
Gymerio,3,0,3
Gymon,3,0,3
Gynaisha,0,3,3
Gynaro,3,0,3
Gynette,0,3,3
Gynio,3,0,3
Gynne,3,3,6
Gyome,3,0,3
Gyomi,0,3,3
Gyöngy,0,3,3
Gyonn,3,0,3
Gyorgio,3,0,3
Gyovanni,3,0,3
Gyrana,0,3,3
Gyrano,3,0,3
Gyrian,3,0,3
Gyro,3,0,3
Gysanto,3,0,3
Gysberdina,0,3,3
Gyshairo,3,0,3
Gysold,3,0,3
Gysselle,0,3,3
Gytano,3,0,3
Gytte,0,3,3
Gyulia,0,3,3
Gyunel,0,3,3
Gyvailynio,3,0,3
Gyvanio,3,0,3
Gyvanni,3,0,3
Gyzy,0,3,3
Gøran,3,0,3
G'angela,0,3,3
G'Angelly,0,3,3
G'angelo,3,0,3
G'angely,0,3,3
G'Anna,0,3,3
G'ayen,3,0,3
G'aylina,0,3,3
G'Cerley,0,3,3
G'Ciano,3,0,3
G'Claydee,0,3,3
G'dainery,0,3,3
G'dion,3,0,3
G'Eäfanie,0,3,3
G'eanie,0,3,3
G'edeny,0,3,3
G'edion,3,0,3
G'ellshearo,3,0,3
G'eriënna,0,3,3
G'eriensyni,0,3,3
G'ermina,0,3,3
G'fajah,0,3,3
G'Ferinio,3,0,3
G'freni,0,3,3
G'heaven,3,0,3
G'Heavenly,0,3,3
G'iandro,3,0,3
G'Ignacio,3,0,3
G'inylen,3,0,3
G'ion,3,0,3
G'ionna,0,3,3
G'Israelyne,0,3,3
G'lani,3,0,3
G'lano,3,0,3
G'lermo,3,0,3
G'llyarnise,0,3,3
G'Loïs,0,3,3
G'Mairo,3,0,3
G'mayro,3,0,3
G'Miley,0,3,3
G'millian,3,0,3
G'million,3,0,3
G'myro,3,0,3
G'nailen,3,0,3
G'Nairo,3,0,3
G'Naiyah,0,3,3
G'neal,3,0,3
G'Nëavah,0,3,3
G'Neävah,0,3,3
G'nervio,3,0,3
G'no,3,0,3
G'noa,0,3,3
G'önih,3,0,3
G'quan,3,0,3
G'quentony,3,0,3
G'rain,0,3,3
G'Romey,3,0,3
G'Rosah,0,3,3
G'Ryel,3,0,3
G'selle,0,3,3
G'Shaélis,0,3,3
G'shaino,3,0,3
G'shainy,0,3,3
G'Shantely,0,3,3
G'shanty-ann,0,3,3
G'Shayno,3,0,3
G'shayno,3,0,3
G'Shean,3,0,3
G'shenaira,0,3,3
G'Shiloh,3,0,3
G'shyren,3,0,3
G'Shyren,3,0,3
G'tano,3,0,3
G'tian,3,0,3
G'Uriel,3,0,3
G'uriënno,3,0,3
G'valentino,3,0,3
G'vannah,0,3,3
G'vany,3,0,3
G'vayndero,3,0,3
G'vayo,3,0,3
G'vayro,3,0,3
G'venchely,0,3,3
G'Vendrix,3,0,3
G'veno,3,0,3
G'ventley,3,0,3
G'viano,3,0,3
G'Viennely,0,3,3
G'Vior,3,0,3
G'wenteley,0,3,3
G'yanha,0,3,3
G'yanho,3,0,3
G'Yano,3,0,3
G'ynaisha,0,3,3
G'zeandra,0,3,3
G-andray,3,0,3
G-braïl,3,0,3
G-dyene,0,3,3
G-dyson,3,0,3
G-eandrick,3,0,3
G-Ensherly,0,3,3
G-Fairo,3,0,3
G-Heavenly,0,3,3
G-iomy,0,3,3
G-Jay,3,0,3
G-k'dean,3,0,3
G-Liano,3,0,3
G-lion,3,0,3
G-maily,0,3,3
G-mairo,3,0,3
G-Marley,3,0,3
G-may,0,3,3
G-Mayleah,0,3,3
G-Mayro,3,0,3
G-mayro,3,0,3
G-more,3,0,3
G-Nay,0,3,3
G-nayra,0,3,3
G-Nell,3,0,3
G-nero,3,0,3
G-Nesto,3,0,3
G-ney,0,3,3
G-nine,3,0,3
G-onio,3,0,3
G-raily,3,0,3
G-Rayli,3,0,3
G-Rayviën,3,0,3
G-Roy,3,0,3
G-Ryan,3,0,3
G-Ryel,3,0,3
G-ryon,3,0,3
G-Shairo,3,0,3
G-shawn,3,0,3
G-Shineaty,0,3,3
G-vensley,3,0,3
G-Vently,3,0,3
G-verio,3,0,3
G-vien,3,0,3
G-Viënely,0,3,3
G-wan,3,0,3
G-Wendley,3,0,3
G-Wendly,3,0,3
G.P.,3,0,3
Ga'al,3,0,3
Ga-Lai,0,3,3
Ga-Ram,3,0,3
Ga-Yi,0,3,3
Gaadeija,0,3,3
Gaadze,3,0,3
Gaafar,3,0,3
Gaaie,3,0,3
Gaaijes,3,0,3
Gaaiko,3,0,3
Gaaitridevie,0,3,3
Gaaitry,0,3,3
Gaaitzen,3,0,3
Gaajik,3,0,3
Gaalda,0,3,3
Gaaled,3,0,3
Gaalid,3,0,3
Gaalisha,0,3,3
Gaamal,3,0,3
Gaas,3,0,3
Gaaske,0,3,3
Gaassiena,0,3,3
Gaath,0,3,3
Gaathe,3,0,3
Gaathze,3,0,3
Gaatschke,0,3,3
Gaatzes,3,0,3
Gaauwke,0,3,3
Gab,3,0,3
GAB,0,3,3
Gabab,3,0,3
Gaballa,0,3,3
Gabardina,0,3,3
Gabariëlla,0,3,3
Gabbar,3,0,3
Gabber,3,0,3
Gabbes,3,0,3
Gabbiano,3,0,3
Gabbie,0,3,3
Gabbriel,3,0,3
Gabbriella,0,3,3
Gabby-Anne,0,3,3
Gabela,0,3,3
Gaberdeane,0,3,3
Gaberiëlla,0,3,3
Gabert,3,0,3
Gabertus,3,0,3
Gabes,3,0,3
Gabia,0,3,3
Gabibi,0,3,3
Gabieelle,0,3,3
Gabiël,3,0,3
Gabiella,0,3,3
Gabiëllen,0,3,3
Gabienus,3,0,3
Gabiër,3,0,3
Gabijus,3,0,3
Gábin,3,0,3
Gabion,3,0,3
Gabique,0,3,3
Gabit,3,0,3
Gabita,0,3,3
Gabius,3,0,3
Gabiyshtowb,0,3,3
Gäbor,3,0,3
Gabor-Gérard,3,0,3
Gabraël,3,0,3
Gabrandina,0,3,3
Gabré,0,3,3
Gabreal,3,0,3
Gabrecht,3,0,3
Gabreé,0,3,3
Gabree,0,3,3
Gabreilla,0,3,3
Gabrella,0,3,3
Gabriäl,0,3,3
Gabrialla,0,3,3
Gabriani,3,0,3
Gabriannah,0,3,3
Gabrianne,0,3,3
Gabrie-Anne,0,3,3
Gabrieäl,3,0,3
Gabrieel,3,0,3
Gabrieëlle,0,3,3
Gabriël-Daniël,3,0,3
Gabriël-Emanuel,3,0,3
Gabriël-Jozua,3,0,3
Gabriël-Marcel,3,0,3
Gabriël-Mex,3,0,3
Gabriëlâ,0,3,3
Gabriela-María,0,3,3
Gabrielė,0,3,3
Gabriëli,3,0,3
Gabriëlie,0,3,3
Gabrieliena,0,3,3
Gabrieliene,0,3,3
Gabrielina,0,3,3
Gabriëline,0,3,3
Gabrielinio,3,0,3
Gabrielis,3,0,3
Gabrielius,3,0,3
Gabriéll,3,0,3
Gabrìëll,3,0,3
Gabriëllà,0,3,3
Gabrïella,0,3,3
Gabriëlla-Eloïse,0,3,3
Gabriëlla-Esther,0,3,3
Gabriëlla-Rosa,0,3,3
Gábriëlle,0,3,3
Gabriēlle,0,3,3
Gabriëlle-Ann,0,3,3
Gabriëlle-veerle,0,3,3
Gabriëlleke,0,3,3
Gabriëllle,0,3,3
Gabriellus,3,0,3
Gabriëllus,3,0,3
Gabriënna,0,3,3
Gabriëtta,0,3,3
Gabriëtte,0,3,3
Gabríjela,0,3,3
Gabrijell,3,0,3
Gabril,3,0,3
Gabrilisa,0,3,3
Gabrilowitsch,3,0,3
Gabrine,0,3,3
Gabrinella,0,3,3
Gabrinus,3,0,3
Gabriola,0,3,3
Gabrion,3,0,3
Gabriśa,0,3,3
Gabritiëlle,0,3,3
Gabritta,0,3,3
Gabryan,3,0,3
Gabryeel,3,0,3
Gabryëla,0,3,3
Gabryela,0,3,3
Gabryéla,0,3,3
Gabryëll,3,0,3
Gabryell,0,3,3
Gabryen,3,0,3
Gabryjella,0,3,3
Gabryne,3,0,3
Gabs,3,0,3
Gabu,0,3,3
Gâby,0,3,3
Gaby-ann,0,3,3
Gaby-Claire,0,3,3
Gaby-Iyary,0,3,3
Gaby-Lynn,0,3,3
Gabylouise,0,3,3
Gabyon,3,0,3
GAC,0,3,3
Gacadur,3,0,3
Gacaiya,3,0,3
Gace,0,3,3
Gacel,0,3,3
Gacela,0,3,3
Gachan,3,0,3
Gachi,3,0,3
Gachiek,3,0,3
Gachilió,3,0,3
Gacía,0,3,3
Gacinta,0,3,3
Gadal,3,0,3
Gaddar,3,0,3
Gaddour,3,0,3
Gaddu,3,0,3
Gaddy,3,0,3
Gade,0,3,3
Gadeija,0,3,3
Gadeja,0,3,3
Gadejat,0,3,3
Gaden,3,0,3
Gadeya,0,3,3
Gadeza,0,3,3
Gadicia,0,3,3
Gadiedjah,0,3,3
Gadieja,0,3,3
Gadiella,0,3,3
Gadiëlle,0,3,3
Gadiena,0,3,3
Gadieza,0,3,3
Gadiid,3,0,3
Gadiija,0,3,3
Gadijsa,0,3,3
Gadina,0,3,3
Gading,3,0,3
Gadira,0,3,3
Gadiriye,0,3,3
Gadisă,0,3,3
Gadişa,0,3,3
Gadizja,0,3,3
Gadjendre,3,0,3
Gadjinder,3,0,3
Gadjindra,3,0,3
Gadjindrakumar,3,0,3
Gadjindrekoemar,3,0,3
Gadoen,0,3,3
Gadrah,0,3,3
Gadri,3,0,3
Gadriana,0,3,3
Gadriël,3,0,3
Gadriëlla,0,3,3
Gadry,3,0,3
Gadse,3,0,3
Gadu-Koni,3,0,3
Gadwinner,0,3,3
Gady,0,3,3
Gadysha,0,3,3
Gae'mairon,3,0,3
Gae-Dellinhio,3,0,3
Gaë-Lliano,3,0,3
Gae-Tan,3,0,3
Gaéa,0,3,3
Gaebriëll,3,0,3
Gaedé,0,3,3
Gaedeon,3,0,3
Gaèl,3,0,3
Gael-Eliah,3,0,3
Gaela,0,3,3
Gaëla,0,3,3
Gaelainy,0,3,3
Gaele-Jan,3,0,3
Gaelène,0,3,3
Gaëli,0,3,3
Gaeli,0,3,3
Gaelin,0,3,3
Gaeline,0,3,3
Gaéll,0,3,3
Gaëll,3,0,3
Gaell,0,3,3
Gaëll-Vian,3,0,3
Gaèlle,0,3,3
Gaelliana,0,3,3
Gaelliano,3,0,3
Gaeltje,0,3,3
Gaeltsje,0,3,3
Gaelwyn,3,0,3
Gaelyn,0,3,3
Gaemi-Lee,0,3,3
Gaener,3,0,3
Gaeno,3,0,3
Gaenor,3,0,3
Gaeny,0,3,3
Gaeonn,3,0,3
Gaereth,3,0,3
Gaerritje,3,0,3
Gaert,3,0,3
Gaeske,0,3,3
Gaet,3,0,3
Gaetain,3,0,3
Gaëtane,0,3,3
Gaetanina,0,3,3
Gaetanino,3,0,3
Gaětano,3,0,3
Gaëtano,3,0,3
Gaeth,3,0,3
Gaëthon,3,0,3
Gaevin,3,0,3
Gaeyel,3,0,3
Gafa,0,3,3
Gafaar,3,0,3
Gafalie,0,3,3
Gafannilly,0,3,3
Gaffarhoessen,3,0,3
Gaffer,0,3,3
Gaffiër,3,0,3
Gaffin,3,0,3
Gaffus,3,0,3
Gafiër,3,0,3
Gafoer,3,0,3
Gafoeran,0,3,3
Gafoeren,0,3,3
Gafoor,3,0,3
Gafour,3,0,3
Gafran,3,0,3
Gafure,0,3,3
Gafuur,3,0,3
Gafyn,3,0,3
Gagai,3,0,3
Gagakumari,0,3,3
Gagalum,0,3,3
Gagandip,3,0,3
Gaganjot,3,0,3
Gaganveer,0,3,3
Gağdas,0,3,3
Gagen,3,0,3
Gagendeep,3,0,3
Gaggan,3,0,3
Gagi,3,0,3
Gagikovna,0,3,3
Gah,3,0,3
Gah-Ching,3,0,3
Gahambu,3,0,3
Gahân,3,0,3
Gaharda,0,3,3
Gahbila,3,0,3
Gaheez,3,0,3
Gaheris,3,0,3
Gahiz,3,0,3
Gahle,0,3,3
Gahlia,0,3,3
Gahrance,0,3,3
Gáhyra,0,3,3
Gai-Ming,3,0,3
Gaìa,0,3,3
Gaia-Corrysa,0,3,3
Gaian,3,0,3
Gaianè,0,3,3
Gaiane,0,3,3
Gaiar,3,0,3
Gaibey,0,3,3
Gaiby,0,3,3
Gaica,0,3,3
Gaicus,3,0,3
Gaïd,0,3,3
Gaidaa,0,3,3
Gaiden,3,0,3
Gaidy,0,3,3
Gaied,0,3,3
Gaietan,3,0,3
Gaiety-Ellen,0,3,3
Gaiga,0,3,3
Gaijetri,0,3,3
Gaijko,3,0,3
Gaijo,3,0,3
Gaik,3,0,3
Gaikje,0,3,3
Gáil,0,3,3
Gailaïah,0,3,3
Gailane,0,3,3
Gailantelly,0,3,3
Gailany,3,0,3
Gailash,3,0,3
Gailaysah,0,3,3
Gailen,3,0,3
Gailiesé,0,3,3
Gailin,0,3,3
Gailina,0,3,3
Gailivéro,3,0,3
Gailjo,3,0,3
Gailleanne,0,3,3
Gaillenice,0,3,3
Gaillian,0,3,3
Gaillina,0,3,3
Gaillysio,3,0,3
Gailo,3,0,3
Gailor,3,0,3
Gailrayen,3,0,3
Gailvira,0,3,3
Gailynn,0,3,3
Gaim,3,0,3
Gaïmaly,0,3,3
Gaimarosa,0,3,3
Gaimbo,3,0,3
Gaimbone,3,0,3
Gaimen,3,0,3
Gain-Carlo,3,0,3
Gain-Luca,3,0,3
Gaina,0,3,3
Gainayra,0,3,3
Gaine,3,0,3
Gainny,3,0,3
Gaio,3,0,3
Gaiomi,0,3,3
Gaira,0,3,3
Gairi,3,0,3
Gairiandra,0,3,3
Gairiel,3,0,3
Gaïro,3,0,3
Gairoen,0,3,3
Gairoennissa,0,3,3
Gairon,3,0,3
Gaironeesa,0,3,3
Gaïrt,3,0,3
Gairvyno,3,0,3
Gairynaiska,0,3,3
Gairzinho,3,0,3
Gais,0,3,3
Gaisa,0,3,3
Gaisel,3,0,3
Gaïsha,0,3,3
Gaisie,3,0,3
Gaiska,3,0,3
Gaît,3,0,3
Gaitaenë,0,3,3
Gaïtan,3,0,3
Gaiteri,0,3,3
Gaiterie,0,3,3
Gaith,3,0,3
Gaïth,3,0,3
Gaitherie,0,3,3
Gaithlynn,0,3,3
Gaitlan,3,0,3
Gaitlin,0,3,3
Gaitoen,0,3,3
Gaitri-Devie,0,3,3
Gaitridebie,0,3,3
Gaitridevi,0,3,3
Gäitrie,0,3,3
Gaitriekumarie,0,3,3
Gaitrymala,0,3,3
Gaitse,3,0,3
Gaitska,0,3,3
Gaiwa,0,3,3
Gaiwin,3,0,3
Gaiza,0,3,3
GAJ,3,0,3
Gaja-Fleur,0,3,3
Gajadhar,3,0,3
Gajan,3,0,3
Gajanne,0,3,3
Gajatrie,0,3,3
Gaje,3,0,3
Gajebi,0,3,3
Gajell,3,0,3
Gajendranath,3,0,3
Gajendre,3,0,3
Gajenthiran,3,0,3
Gajetanus,3,0,3
Gajetri,0,3,3
Gajetrie,0,3,3
Gajinder,3,0,3
Gajja,0,3,3
Gajo,3,0,3
Gajra,0,3,3
Gajtriedewie,0,3,3
Gajugra,3,0,3
Gajun,3,0,3
Gajur,3,0,3
Gaker,3,0,3
Gakhal,3,0,3
Gakie,0,3,3
Gakima,0,3,3
Gakou,3,0,3
Gakuba,3,0,3
Gakwerere,3,0,3
Gal'vani,3,0,3
Galá,0,3,3
Galadriëlle,0,3,3
Galaf-Lobon,3,0,3
Galall,3,0,3
Galam,3,0,3
Galamai,0,3,3
Galang,3,0,3
Galanne,0,3,3
Galante,3,0,3
Galantha,0,3,3
Galat,3,0,3
Galata,0,3,3
Galateia,0,3,3
Galathéa,0,3,3
Galatia,0,3,3
Galaxie,0,3,3
Galayno,3,0,3
Galbert,3,0,3
Galdoen,3,0,3
Galead,3,0,3
Galeano,3,0,3
Galedd,3,0,3
Galein,3,0,3
Galèn,0,3,3
Galeni,0,3,3
Galeshka,3,0,3
Galexsia,0,3,3
Galian,3,0,3
Galiana,0,3,3
Gâlib,3,0,3
Galiëd,3,0,3
Galieda,0,3,3
Galieka,0,3,3
Galiël,3,0,3
Galiell,3,0,3
Galielrahman,3,0,3
Galien,0,3,3
Galièna,0,3,3
Galiet,3,0,3
Galieva,0,3,3
Galifa,3,0,3
Galiil,3,0,3
Galijn,3,0,3
Galik,3,0,3
Galikali,3,0,3
Galilah,0,3,3
Galilé,0,3,3
Galiléa,0,3,3
Galilei,3,0,3
Galilëo,3,0,3
Galilia,0,3,3
Galill,3,0,3
Galima,0,3,3
Galin,3,0,3
Galina-Maria,0,3,3
Galinho,3,0,3
Galinus,3,0,3
Galiotto,0,3,3
Gâlipcan,3,0,3
Galiq,3,0,3
Galisa,0,3,3
Galishah,0,3,3
Galishia,0,3,3
Galista,0,3,3
Galita,0,3,3
Galité,3,0,3
Galito,3,0,3
Galiunaa,0,3,3
Galiya,0,3,3
Galiye,0,3,3
Galiyeva,0,3,3
Galiyha,0,3,3
Galke,3,0,3
Gall,0,3,3
Gallain,0,3,3
Gallan,3,0,3
Gallania,0,3,3
Gallawey,3,0,3
Gallaxy,3,0,3
Gallee,0,3,3
Gallen,3,0,3
Gallena,0,3,3
Gallenus,3,0,3
Gallia,0,3,3
Galliana,0,3,3
Galliäno,3,0,3
Galliëngelies,0,3,3
Gallieth,0,3,3
Gallietkhan,3,0,3
Gallifrey,3,0,3
Gallil,3,0,3
Gallileä,0,3,3
Gallina,0,3,3
Gallindro,3,0,3
Gallinos,3,0,3
Gallinya,0,3,3
Gallistus,3,0,3
Gallitano,3,0,3
Galliyano,3,0,3
Gally,0,3,3
Gallyan,0,3,3
Gallyn,3,0,3
Galoeh,3,0,3
Galofke,0,3,3
Galomi,3,0,3
Galoshero,3,0,3
Galtero,3,0,3
Galtjeda,0,3,3
Galtung,3,0,3
Galuín,0,3,3
Galvani,3,0,3
Galvarino,3,0,3
Galvino,3,0,3
Galvon,3,0,3
Galyd,3,0,3
Galyto,3,0,3
Galziño,3,0,3
Gamaadiid,3,0,3
Gamadiid,3,0,3
Gamalat,0,3,3
Gamaleldin,3,0,3
Gamaliële,0,3,3
Gamalliel,3,0,3
Gaman,0,3,3
Gamaniël,3,0,3
Gamaniel,3,0,3
Gamara,0,3,3
Gamatha,3,0,3
Gamay,0,3,3
Gamayli,3,0,3
Gambit,3,0,3
Gamboa,3,0,3
Gamden,0,3,3
Gamé,3,0,3
Gameeidaa,0,3,3
Gamelbertus,3,0,3
Gameley,3,0,3
Gamelia,0,3,3
Gamely,0,3,3
Games,3,0,3
Gamet,0,3,3
Gamfi,3,0,3
Gamiël,3,0,3
Gamies,3,0,3
Gamiila,0,3,3
Gamíla,0,3,3
Gamilla,0,3,3
Gamillio,3,0,3
Gamma,0,3,3
Gammal,3,0,3
Gammar,0,3,3
Gamngi,3,0,3
Gamoesch,0,3,3
Gamol,3,0,3
Gamoye,3,0,3
Gamra,0,3,3
Gamunu,3,0,3
Gämza,0,3,3
Gamzè,0,3,3
Gamzegul,0,3,3
Gamzegül,0,3,3
Gamzu,3,0,3
Ganaëlle,0,3,3
Ganah,0,3,3
Ganairo,3,0,3
Ganaiwrong,3,0,3
Ganakaran,3,0,3
Ganapathi,3,0,3
Ganatte,0,3,3
Ganaysa,0,3,3
Gandaho,3,0,3
Gandari,0,3,3
Ganden,3,0,3
Gander,3,0,3
Ganderd,3,0,3
Gandharvika,0,3,3
Gandie,3,0,3
Gandithia,0,3,3
Gando,3,0,3
Gandolfa,0,3,3
Gandomba,0,3,3
Gandra,0,3,3
Gandravsain,3,0,3
Gandring,0,3,3
Gandulf,3,0,3
Gandy,3,0,3
Ganees,3,0,3
Ganeesh,3,0,3
Ganeev,0,3,3
Ganefia,0,3,3
Ganeiro,3,0,3
Ganeisha,0,3,3
Ganel,0,3,3
Ganeli,3,0,3
Ganell,0,3,3
Ganella,0,3,3
Ganelon,3,0,3
Ganendra,3,0,3
Ganera,0,3,3
Ganesh-Nandkumar,3,0,3
Ganeshakoemar,3,0,3
Ganeshan,3,0,3
Ganeshayani,0,3,3
Ganeshdoebé,3,0,3
Ganeshsam,3,0,3
Ganeshsingh,3,0,3
Ganeshu,3,0,3
Ganeshvar,3,0,3
Ganesja,3,0,3
Ganesjh,3,0,3
Ganespersad,3,0,3
Ganesya,3,0,3
Ganetho,3,0,3
Ganey,0,3,3
Ganfi,3,0,3
Ganford,3,0,3
Gangadei,0,3,3
Gangadewi,0,3,3
Gangadharsingh,3,0,3
Gangadin,3,0,3
Gangajalia,0,3,3
Gangellina,0,3,3
Gangelo,3,0,3
Gangenia,0,3,3
Gangenica,0,3,3
Gangericus,3,0,3
Gangerika,0,3,3
Gangerius,3,0,3
Gangesh,3,0,3
Gangotri,0,3,3
Gangrica,0,3,3
Gangrika,0,3,3
Gangsan,3,0,3
Gangsar,3,0,3
Gangulfus,3,0,3
Gangulpha,0,3,3
Gania,3,0,3
Ganieke,0,3,3
Ganiet,0,3,3
Ganilo,3,0,3
Ganim,3,0,3
Ganima,0,3,3
Ganimed,3,0,3
Ganimedes,3,0,3
Ganina,0,3,3
Ganino,3,0,3
Ganiyme,0,3,3
Ganiyu,3,0,3
Ganiyy,3,0,3
Ganjah,0,3,3
Ganjolfes,3,0,3
Ganjwok,0,3,3
Gank,0,3,3
Ganki,0,3,3
Ganly,3,0,3
Ganm,0,3,3
Gannert,3,0,3
Gannit,0,3,3
Ganny,0,3,3
Gano,3,0,3
Ganom,0,3,3
Ganon,0,3,3
Ganpat,3,0,3
Ganpath,3,0,3
Ganpati,0,3,3
Ganpatiedebie,0,3,3
Gansaa,0,3,3
Gansia,0,3,3
Gantam,3,0,3
Ganten,0,3,3
Ganthry,3,0,3
Ganum,0,3,3
Ganya,0,3,3
Ganymedes,3,0,3
Ganyo,3,0,3
Ganzeh,3,0,3
Gāo,3,0,3
Gaojue,3,0,3
Gaola,0,3,3
Gaon,3,0,3
Gaoussou,3,0,3
Gaowei,3,0,3
Gaoya,0,3,3
Gaoye,3,0,3
Gaoying,0,3,3
Gar-Gar,0,3,3
Gara,0,3,3
Garabeth,3,0,3
Garabit,3,0,3
Garacheca,0,3,3
Garagname,0,3,3
Garailyss,0,3,3
Garajunda,0,3,3
Garan,3,0,3
Garand,3,0,3
Garandly,3,0,3
Garani,3,0,3
Garanta,0,3,3
Garanti,3,0,3
Gârard,3,0,3
Garard,3,0,3
Garart,3,0,3
Garat,3,0,3
Garawani,3,0,3
Garay,3,0,3
Garbardina,0,3,3
Garbedina,0,3,3
Garberdina,0,3,3
Garberlina,0,3,3
Garbert,3,0,3
Garbiëlla,0,3,3
Garbin,3,0,3
Garbo,3,0,3
Garbouwie,3,0,3
Garbren,3,0,3
Garbrielle,0,3,3
Garbriëlle,0,3,3
Garby,0,3,3
Garchello,3,0,3
Garching,3,0,3
Garcias,3,0,3
Garciel,0,3,3
Garciëll,0,3,3
Garcileny,0,3,3
Garcio,3,0,3
Garco,3,0,3
Garçon,3,0,3
Gardaia,0,3,3
Garde,0,3,3
Gardeen,3,0,3
Gardelita,0,3,3
Gardènia,0,3,3
Gardera,0,3,3
Gardianne,0,3,3
Gardijan,3,0,3
Gardinald,3,0,3
Gardiner,3,0,3
Gardiño,3,0,3
Gardisha,0,3,3
Gardiza,0,3,3
Gardo,3,0,3
Gardra,0,3,3
Gardun,3,0,3
Gardyna,0,3,3
Gareb,3,0,3
Garedey,0,3,3
Gareed,3,0,3
Gareema,0,3,3
Garees,3,0,3
Garein,3,0,3
Garembertus,3,0,3
Garèn,3,0,3
Garence,0,3,3
Garendho,3,0,3
Garentin,3,0,3
Garesjah,3,0,3
Garett,3,0,3
Garetti,0,3,3
Garf,3,0,3
Garfeila,0,3,3
Garfild,3,0,3
Garfilino,3,0,3
Gargi,3,0,3
Gargien,0,3,3
Gargii,0,3,3
Gargis,3,0,3
Garh,3,0,3
Garhand,3,0,3
Garhardes,3,0,3
Garhardina,0,3,3
Garian,3,0,3
Garibald,3,0,3
Garibaldi,3,0,3
Garibe,0,3,3
Garibian,3,0,3
Garicia,0,3,3
Garidan,3,0,3
Garieba,0,3,3
Gariecca,0,3,3
Gariën,3,0,3
Gariep,3,0,3
Gariet,3,0,3
Garietha,0,3,3
Garietje,0,3,3
Garifalia,0,3,3
Gariklia,0,3,3
Garill,3,0,3
Garim,3,0,3
Garimiangelo,3,0,3
Garincia,3,0,3
Gárinio,3,0,3
Garis,0,3,3
Garishma,0,3,3
Garitdina,0,3,3
Garitje,0,3,3
Garito,3,0,3
Garke,3,0,3
Garlaine,0,3,3
Garlicia,0,3,3
Garlijn,0,3,3
Garlinus,3,0,3
Garlison,3,0,3
Garlonne,0,3,3
Garlos,3,0,3
Garly,3,0,3
Garlyson,3,0,3
Garmay,3,0,3
Garmdien,0,3,3
Garmène,0,3,3
Garmer,3,0,3
Garmia,0,3,3
Garmiël,3,0,3
Garmilla,0,3,3
Garmondeh,3,0,3
Garmt-Auke,3,0,3
Garmtina,0,3,3
Garmy,3,0,3
Garndina,0,3,3
Garnett-Nana,3,0,3
Garnick,3,0,3
Garnik,3,0,3
Garnita,0,3,3
Garnt,3,0,3
Garoela,0,3,3
Garoen,0,3,3
Garold,3,0,3
Garong,3,0,3
Garonne,0,3,3
Garoun,3,0,3
Garradiena,0,3,3
Garradina,0,3,3
Garrald,3,0,3
Garralda,0,3,3
Garrardus,3,0,3
Garray,3,0,3
Garregien,0,3,3
Garrel,3,0,3
Garreldine,0,3,3
Garreltdien,0,3,3
Garreltdina,0,3,3
Garreltina,0,3,3
Garrèn,3,0,3
Garretdina,0,3,3
Garretjen,0,3,3
Garric,3,0,3
Garrina,0,3,3
Garrinde,0,3,3
Garriott,3,0,3
Garritdiena,0,3,3
Garritdini,0,3,3
Garrite,0,3,3
Garritjanna,0,3,3
Garritta,0,3,3
Garro,3,0,3
Garrod,3,0,3
Garrold,3,0,3
Garrus,3,0,3
Garry-Lynn,0,3,3
Garryche,3,0,3
Garryd,3,0,3
Garryl,3,0,3
Garrytt,3,0,3
Garryzen,3,0,3
Garsana,3,0,3
Garse,3,0,3
Garshany,0,3,3
Garsield,3,0,3
Garsina,0,3,3
Garstine,0,3,3
Garston,3,0,3
Garto,3,0,3
Gartoen,0,3,3
Garton,3,0,3
Gartsina,0,3,3
Garvic,3,0,3
Garvie,3,0,3
Garville,3,0,3
Garvis,3,0,3
Garvv,3,0,3
Gary-Kenneth,3,0,3
Gary-Roy,3,0,3
Garyan,3,0,3
Garybaldi,3,0,3
Garyfalia,0,3,3
Garyjay-z,3,0,3
Garyk,3,0,3
Garyncha,3,0,3
Garyon,3,0,3
Garys,3,0,3
Garziff,3,0,3
Garzina,0,3,3
Garzinio,3,0,3
Garđar,3,0,3
Gasam,3,0,3
Gasan,3,0,3
Gasaro,0,3,3
Gasem,3,0,3
Gasha,0,3,3
Gashajar,3,0,3
Gashera,3,0,3
Gashia,0,3,3
Gashiha,0,3,3
Gashin,0,3,3
Gasira,0,3,3
Gasja,0,3,3
Gaske,0,3,3
Gasny,3,0,3
Gasore,3,0,3
Gaspaerdus,3,0,3
Gašpar,3,0,3
Gäspär,3,0,3
Gasparda,0,3,3
Gaspardine,0,3,3
Gaspardus,3,0,3
Gaspari,3,0,3
Gasparian,3,0,3
Gasparine,0,3,3
Gasparo,3,0,3
Gasperd,3,0,3
Gasser,3,0,3
Gassim,3,0,3
Gassimon,3,0,3
Gassimu,3,0,3
Gassy,3,0,3
Gasten,3,0,3
Gastón,3,0,3
Gastôn,3,0,3
Gaston-Guillaume,3,0,3
Gataena,0,3,3
Gatchik,3,0,3
Gatelynn,0,3,3
Gaterura,3,0,3
Gathan,3,0,3
Gathangelinho,3,0,3
Gathinka,0,3,3
Gatho,3,0,3
Gathoni,0,3,3
Gathoun,0,3,3
Gathy,0,3,3
Gatib,3,0,3
Gatibaru,0,3,3
Gatidja,0,3,3
Gatidjan,0,3,3
Gatie,0,3,3
Gatiedjagatoen,0,3,3
Gatiema,0,3,3
Gatien,3,0,3
Gatijan,0,3,3
Gatijha,0,3,3
Gatima,0,3,3
Gatin,0,3,3
Gatiya,0,3,3
Gatlin,3,0,3
Gatling,3,0,3
Gato,3,0,3
Gatoem,0,3,3
Gatoena,3,0,3
Gatoendjinath,0,3,3
Gatoenjannath,0,3,3
Gatoennisa,0,3,3
Gaton,0,3,3
Gatool,0,3,3
Gatore,0,3,3
Gatoun,0,3,3
Gatriye,0,3,3
Gatsia,0,3,3
Gatsiana,0,3,3
Gatsik,3,0,3
Gatsimbanyi,3,0,3
Gatsina,0,3,3
Gatskina,0,3,3
Gatto,0,3,3
Gattuso,3,0,3
Gatun,0,3,3
Gaturo,3,0,3
Gatzina,0,3,3
Gatzke,0,3,3
Gaubi,3,0,3
Gauchien,0,3,3
Gaúcho,3,0,3
Gaucho,0,3,3
Gaudalupe,0,3,3
Gaudelaine,0,3,3
Gaudêncio,3,0,3
Gaudencio,3,0,3
Gaudencja,0,3,3
Gaudenda,0,3,3
Gaudensius,3,0,3
Gaudenso,3,0,3
Gaudentsia,0,3,3
Gaudeo,3,0,3
Gaudéric,3,0,3
Gaudì,3,0,3
Gaudiamus,3,0,3
Gaudijon,3,0,3
Gaudino,3,0,3
Gaudje,0,3,3
Gaudrie,0,3,3
Gaugrika,0,3,3
GaukeJan,3,0,3
Gauko,3,0,3
Gaulberta,0,3,3
Gaulicia,0,3,3
Gaülli,0,3,3
Gaultheria,0,3,3
Gaultiér,3,0,3
Gaumukh,0,3,3
Gaura-Aarti,0,3,3
Gaurab,3,0,3
Gaurahari,3,0,3
Gaurānga,3,0,3
Gaurau,3,0,3
Gauravdeep,3,0,3
Gauravkumar,3,0,3
Gauravkumarsingh,3,0,3
Gauravsingh,3,0,3
Gauraw,3,0,3
Gaurericus,3,0,3
Gauridevie,0,3,3
Gauriganesh,3,0,3
Gaurika,0,3,3
Gaurinath,3,0,3
Gaurisa,0,3,3
Gaurishkumar,3,0,3
Gaurisingh,3,0,3
Gaurissa,0,3,3
Gauriysh,3,0,3
Gaushmie,0,3,3
Gausigan,3,0,3
Gausiya,0,3,3
Gautamie,0,3,3
Gautamiedebie,0,3,3
Gautamperkash,3,0,3
Gautamy,0,3,3
Gautham,3,0,3
Gauthamparkash,3,0,3
Gauthiér,3,0,3
Gauthmidevi,0,3,3
Gauthmy,0,3,3
Gauthuma,3,0,3
Gauttum,3,0,3
Gautum-Rishi,3,0,3
Gauwain,3,0,3
Gauwbertha,0,3,3
Gauwgerica,0,3,3
Gauwgerius,3,0,3
Gauwguria,0,3,3
Gauwguurda,0,3,3
Gauyllaume,3,0,3
Gauz-e-Azam,3,0,3
Gav-Jean,3,0,3
Gavairo,3,0,3
Gavanni,3,0,3
Gavannio,3,0,3
Gavanno,3,0,3
Gavarni,3,0,3
Gaveesha,0,3,3
Gavenia,0,3,3
Gaví,3,0,3
Gávian,3,0,3
Gaviano,3,0,3
Gaviël,3,0,3
Gaviënne,0,3,3
Gaviêr,3,0,3
Gaviér,3,0,3
Gaviera,0,3,3
Gavierio,3,0,3
Gavierré,3,0,3
Gaviert,3,0,3
Gavilan,3,0,3
Gavineyo,3,0,3
Gavinn,3,0,3
Gaviño,3,0,3
Gavins,0,3,3
Gaviota,0,3,3
Gaviria,3,0,3
Gavjër,3,0,3
Gavon,3,0,3
Gavri,3,0,3
Gavri'el,3,0,3
Gavriellah,0,3,3
Gavrielle,0,3,3
Gavriëlle,0,3,3
Gavriilia,0,3,3
Gavrila,0,3,3
Gavrilenko,3,0,3
Gavroche-Marie,0,3,3
Gawah-le,0,3,3
Gawaï,0,3,3
Gawal,3,0,3
Gawayn,3,0,3
Gawel,3,0,3
Gawen,3,0,3
Gawergeyous,3,0,3
Gawhara,0,3,3
Gawi,3,0,3
Gawie,3,0,3
Gawiér,3,0,3
Gawina,0,3,3
Gawinphop,3,0,3
Gawlah,0,3,3
Gawleh,0,3,3
Gawninder,0,3,3
Gawrisha,0,3,3
Gawshamie,0,3,3
Gawyn,3,0,3
Gawyne,0,3,3
Gaya-Yuna,0,3,3
Gayal,3,0,3
Gayana-Desirée,0,3,3
Gayand,3,0,3
Gayanna,0,3,3
Gayath,3,0,3
Gayathry,0,3,3
Gayatree,0,3,3
Gayatridebie,0,3,3
Gáyatridévi,0,3,3
Gayden,3,0,3
Gayel,0,3,3
Gayen,3,0,3
Gayer,3,0,3
Gayesha,0,3,3
Gayethrie,0,3,3
Gayfill,3,0,3
Gaygiola,0,3,3
Gayim,3,0,3
Gayko,3,0,3
Gaylano,3,0,3
Gayle-Thomas,3,0,3
Gayleen,0,3,3
Gaylen,0,3,3
Gaylene,0,3,3
Gaylian,3,0,3
Gaylianne,0,3,3
Gaylièn,3,0,3
Gaylin,3,0,3
Gaylinda,0,3,3
Gayllon,0,3,3
Gaynaydrio,3,0,3
Gaynel,0,3,3
Gaynelle,0,3,3
Gaynio,3,0,3
Gayny,0,3,3
Gayo,3,0,3
Gayr,3,0,3
Gayredien,3,0,3
Gayret,0,3,3
Gayrlan,0,3,3
Gayssiry,0,3,3
Gaytree,0,3,3
Gaytriedebi,0,3,3
Gaza,3,0,3
Gazaalie,3,0,3
Gazäl,0,3,3
Gazalle,0,3,3
Gazan,0,3,3
Gazbar,3,0,3
Gaze,0,3,3
Gazeale,0,3,3
Gazella,0,3,3
Gazienus,3,0,3
Gazinus,3,0,3
Gazioğlu,3,0,3
Gazith,0,3,3
Gazizah,0,3,3
Gazme,0,3,3
Gazwa,0,3,3
Gazwan,3,0,3
Gazza,3,0,3
Gazzy,3,0,3
Gbaffa,0,3,3
Gbatima,0,3,3
Gbedi,0,3,3
Gbelia,3,0,3
Gbemi,0,3,3
Gbenga,3,0,3
Gbénondé,0,3,3
Gbless,3,0,3
GBM,3,0,3
Gbolahan,3,0,3
Gborkwa,3,0,3
Gbrayner,3,0,3
Gbrial,3,0,3
Gbubemi,0,3,3
GCAB,0,3,3
GCP,3,0,3
Ge'diander,3,0,3
Ge'diandro,3,0,3
Gé-André,3,0,3
Gé-angéli,0,3,3
Gé-anna,0,3,3
Gé-anne,0,3,3
Ge-ja,0,3,3
Ge-Justin-Junior,3,0,3
Gé-Lua,0,3,3
Ge-nayra,0,3,3
Ge-Noah,3,0,3
Ge-ny,0,3,3
Ge-Rhoda,0,3,3
Gé-Sien,0,3,3
Ge-Vergely,0,3,3
Gé-Wé,3,0,3
Gea'vientelly,0,3,3
Gea-Diane,0,3,3
Gea-Henrike,0,3,3
Gea-Luitsje,0,3,3
Gea-Marit,0,3,3
Geabriël,3,0,3
Geabrion,3,0,3
Geacelynn,0,3,3
Geacinto,3,0,3
Geadora,0,3,3
Geafrican,3,0,3
Geahardus,3,0,3
Geald,3,0,3
Gealdine,0,3,3
Géalida,0,3,3
Gealina,0,3,3
Gealinda,0,3,3
Gealke,0,3,3
Gealma,0,3,3
Gealtje,0,3,3
Gealtsje,0,3,3
Gealy,0,3,3
Geamar,3,0,3
Geamiél,3,0,3
Geamilady,0,3,3
Geamilla,0,3,3
Geanairo,3,0,3
Geancarlo,3,0,3
Geanchello,3,0,3
Geancka,0,3,3
Géanda,0,3,3
Geande,0,3,3
Géander,3,0,3
Geandrea,0,3,3
Geandyno,3,0,3
Geanelle,0,3,3
Geanéta,0,3,3
Geaney,0,3,3
Geani,0,3,3
Geanif,0,3,3
Geanilly,0,3,3
Geanina,0,3,3
Geanine,0,3,3
Geanique,0,3,3
Geanly,0,3,3
Géann,0,3,3
Geannah,0,3,3
Géanne-Anke,0,3,3
Geanne-Anne,0,3,3
Geanne-Sifra,0,3,3
Geannerah,0,3,3
Geannette,0,3,3
Geanni,3,0,3
Geanno,3,0,3
Geáno,3,0,3
Geano-Jayden,3,0,3
Geanrico,3,0,3
Geanyisha,0,3,3
Géara,0,3,3
Gearald,3,0,3
Geard,3,0,3
Gearda,0,3,3
Geardina,0,3,3
Gèarell,3,0,3
Gearica,0,3,3
Gearld,3,0,3
Gearli,3,0,3
Gearona,0,3,3
Gearreld,3,0,3
Gearroid,3,0,3
Geart-Ate,3,0,3
Geart-Otte,3,0,3
Geart-Willem,3,0,3
Geartjan,3,0,3
Geartsen-Rikst,0,3,3
Gearvano,3,0,3
Geaston,3,0,3
Geatana,0,3,3
Geate,0,3,3
Géate,0,3,3
Geathen,3,0,3
Geaton,3,0,3
Geatrix,0,3,3
Geatse,3,0,3
Geauad,3,0,3
Geauke,3,0,3
Geaullie,0,3,3
Geaurol,3,0,3
Geavan,3,0,3
Geavanya,0,3,3
Geaven,0,3,3
Geayshaihely,0,3,3
Gebah,3,0,3
Gebbart,3,0,3
Gebbeke,0,3,3
Gebbelena,0,3,3
Gebbie,0,3,3
Gebbine,0,3,3
Gebeena,0,3,3
Geberd,3,0,3
Géberte,0,3,3
Gebertha,0,3,3
Géberthe,0,3,3
Gebhardina,0,3,3
Gebhardus,3,0,3
Gebhart,3,0,3
Gébi,0,3,3
Gebi,0,3,3
Gebianesh,0,3,3
Gebiliru,3,0,3
Gébin,0,3,3
Gebior,3,0,3
Gebirije,3,0,3
Gebkiena,0,3,3
Gebkina,0,3,3
Gebkje,0,3,3
Gebo,3,0,3
Gebrah,3,0,3
Gebraiel,3,0,3
Gebrandus,3,0,3
Gebrat,3,0,3
Gebregiorgis,0,3,3
Gebregje,0,3,3
Gebregziabher,0,3,3
Gebrehiwot,0,3,3
Gebrekirstos,3,0,3
Gebremeskel,3,0,3
Gebreselassie,3,0,3
Gebriël,3,0,3
Gebriëlla,0,3,3
Gebrihiwet,3,0,3
Gebril,3,0,3
Gebrina,0,3,3
Gebriyel,3,0,3
Gebry,0,3,3
Gebtina,0,3,3
Geburgis,0,3,3
Geby,0,3,3
Gecelin,0,3,3
Gecharailo,3,0,3
Géchris,3,0,3
Gecila,0,3,3
Gecilia,0,3,3
Gecily,0,3,3
Geco,3,0,3
Geda,0,3,3
Gedael,3,0,3
Gedaliah,0,3,3
Gedanique,0,3,3
Gedde,3,0,3
Geddick,3,0,3
Gedé,3,0,3
Gedeóna,0,3,3
Gedera,0,3,3
Gedesita,0,3,3
Gedesito,3,0,3
Gedésito,3,0,3
Gedewa,3,0,3
Gédi,0,3,3
Gedica,0,3,3
Gedie,0,3,3
Gedieke,0,3,3
Gedien,0,3,3
Gédiene,0,3,3
Gediene,0,3,3
Gediëne,0,3,3
Gédina,0,3,3
Gédine,0,3,3
Gedinne,0,3,3
Gedïon,3,0,3
Gediona,0,3,3
Gedionna,0,3,3
Gedir,3,0,3
Gedisha,0,3,3
Gedisia,0,3,3
Gedisja,0,3,3
Gedison,3,0,3
Gedius,0,3,3
Gedivianney,0,3,3
Gedon,3,0,3
Gedor,3,0,3
Gedrick,3,0,3
Gedrion,3,0,3
Gee-Jee,3,0,3
Geebie,0,3,3
Geedie,0,3,3
Geediën,3,0,3
Geeertruida,0,3,3
Geefsiena,0,3,3
Geehang,3,0,3
Geek,3,0,3
Geekelien,0,3,3
Geela,0,3,3
Geelanda,0,3,3
Geelay,3,0,3
Geelcke,0,3,3
Geelco,3,0,3
Geelie,0,3,3
Geelien,0,3,3
Geeliena,0,3,3
Geeliene,0,3,3
Geenaya,0,3,3
Geenia,0,3,3
Geenke,0,3,3
Geer-Anne,0,3,3
Geer-Janne,0,3,3
Geeradda,0,3,3
Geeraert,3,0,3
Geeraldien,0,3,3
Geeraldt,3,0,3
Geerali,0,3,3
Geeraline,0,3,3
Geeralt,3,0,3
Geerana,0,3,3
Geeranda,0,3,3
Geerandus,3,0,3
Geerardine,0,3,3
Geerbartus,3,0,3
Geerberta,0,3,3
Geerbertha,0,3,3
Geerbina,0,3,3
Geerbrandus,3,0,3
Geerd-jan,3,0,3
Geerd-Leon,3,0,3
Geerda-Dana,0,3,3
Geerddina,0,3,3
Geerdiane,0,3,3
Geerdienke,0,3,3
Geerdientje,0,3,3
Geerdinardus,3,0,3
Geerdines,3,0,3
Geerdolina,0,3,3
Geerdruda,0,3,3
Geerdrude,0,3,3
Geerdyna,0,3,3
Geereanne,0,3,3
Geereldine,0,3,3
Geeres,3,0,3
Geerfina,0,3,3
Geerfranka,0,3,3
Geergina,0,3,3
Geerhad,3,0,3
Geerhan,3,0,3
Geerhardien,0,3,3
Geerhendriks,3,0,3
Geeridiene,0,3,3
Geerieka,0,3,3
Geerinda,0,3,3
Geerineke,0,3,3
Geering,3,0,3
Geerique,0,3,3
Geerisa,0,3,3
Geerita,0,3,3
Geeritdina,0,3,3
Geeritje,0,3,3
Geerjanda,0,3,3
Geerjanke,0,3,3
Geerjeanne,0,3,3
Geerlan,3,0,3
Geerlande,0,3,3
Geerleida,0,3,3
Geerlen,3,0,3
Geerlienda,0,3,3
Geerliene,0,3,3
Geerlize,0,3,3
Geerlofa,0,3,3
Geerloff,3,0,3
Geerlofina,0,3,3
Geerlofine,0,3,3
Geerlofke,0,3,3
Geerlyna,0,3,3
Geerlynn,0,3,3
Geerma,0,3,3
Geernanda,0,3,3
Geernella,0,3,3
Geerold,3,0,3
Geeron,3,0,3
Geerone,0,3,3
Geerradus,3,0,3
Geerraldine,0,3,3
Geerran,3,0,3
Geerrardina,0,3,3
Geerrein,3,0,3
Geerrenda,0,3,3
Geerrieke,0,3,3
Geerriska,0,3,3
Geerrolf,3,0,3
Geerruud,3,0,3
Geerry,0,3,3
Geersey,0,3,3
Geershom,3,0,3
Geerson,3,0,3
Geerstina,0,3,3
Geert-Albert,3,0,3
Geert-Amse,3,0,3
Geert-André,3,0,3
Geert-Antonie,3,0,3
Geert-Arend,3,0,3
Geert-Bram,3,0,3
Geert-Corné,3,0,3
Geert-Cornelis,3,0,3
Geert-dina,0,3,3
Geert-Doeke,3,0,3
Geert-Elias,3,0,3
Geert-Evert,3,0,3
Geert-Fokko,3,0,3
Geert-Folkert,3,0,3
Geert-Jacob,3,0,3
Geert-Jeroen,3,0,3
Geert-Johann,3,0,3
Geert-Johannes,3,0,3
Geert-Jon,3,0,3
Geert-Joost,3,0,3
Geert-Joris,3,0,3
Geert-Jurjen,3,0,3
Geert-Leendert,3,0,3
Geert-Luca,3,0,3
Geert-Martijn,3,0,3
Geert-Matthijs,3,0,3
Geert-Mente,3,0,3
Geert-René,3,0,3
Geert-Roelf,3,0,3
Geert-Ruud,3,0,3
Geert-Sietse,3,0,3
Geert-Sietze,3,0,3
Geert-Steven,3,0,3
Geert-Wiebe,3,0,3
Geert-Yke,3,0,3
Geertali,3,0,3
Geertanne,0,3,3
Geertbert,3,0,3
Geertcia,0,3,3
Geertdie,0,3,3
Geertdouwe,3,0,3
Geerte-Mieke,0,3,3
Geertegriet,0,3,3
Geertemarie,0,3,3
Geertemie,0,3,3
Geerten-Has,3,0,3
Geerten-Pieter-Janno,3,0,3
Geerthan,3,0,3
Geerthardus,3,0,3
Geerthelda,0,3,3
Geerthenk,3,0,3
Geerthy,0,3,3
Geertieneke,0,3,3
Geertienke,0,3,3
Geertijn,3,0,3
Geertin,0,3,3
Geertina-Marjolein,0,3,3
Geertinka,0,3,3
Geertjaap,3,0,3
Geertjansdochter,0,3,3
Geertje-Anne,0,3,3
Geertje-Henrieke,0,3,3
Geertje-Jacomina,0,3,3
Geertje-Maria,0,3,3
Geertje-Marie,0,3,3
Geertjelina,0,3,3
Geertjendina,0,3,3
Geertjo,3,0,3
Geertlène,0,3,3
Geertman,3,0,3
Geertoine,3,0,3
Geertoosje,0,3,3
Geertoya,0,3,3
GeertPaul,3,0,3
Geertrauda,0,3,3
Geertreuda,0,3,3
Geertrijna,0,3,3
Geertrüd,0,3,3
Geertrudeke,0,3,3
Geertrudia,0,3,3
Geertrudine,0,3,3
Geertrui-Grietje,0,3,3
Geertruida-Anna,0,3,3
Geertruida-Geziena,0,3,3
Geertruida-Jacqueline,0,3,3
Geertruiden,3,0,3
Geertruidine,0,3,3
Geertruidje,0,3,3
Geertruth,3,0,3
Geertruu,0,3,3
Geertruude,0,3,3
Geertruus,0,3,3
Geertryda,0,3,3
Geertsz,3,0,3
Geertszoon,3,0,3
Geerttina,0,3,3
Geerttruides,3,0,3
Geertuda,0,3,3
Geertudus,0,3,3
Geertui,0,3,3
Geertuide,0,3,3
Geertus,3,0,3
Geertwim,3,0,3
Geerubijn,0,3,3
Geerudes,3,0,3
Geerwouda,0,3,3
Gees-Marije,0,3,3
Gees-sien,0,3,3
Geesanna,0,3,3
Geesbeth,0,3,3
Geeselinde,0,3,3
Geesella,0,3,3
Geesfina,0,3,3
Geesiela,0,3,3
Geesiens,3,0,3
Geesineke,0,3,3
Geesje-Anne,0,3,3
Geesje-Jeannette,0,3,3
Geesjenliene,0,3,3
Geesjien,0,3,3
Geeska,0,3,3
Geeske-Laura,0,3,3
Geeske-lien,0,3,3
Geeskea,0,3,3
Geeskje,0,3,3
Geessieneke,0,3,3
Geessienke,0,3,3
Geessienna,0,3,3
Geessiennes,3,0,3
Geessiennus,3,0,3
Geessientje,0,3,3
Geessje,0,3,3
Geestef,3,0,3
Geestienus,3,0,3
Geestina,0,3,3
Geeszinus,3,0,3
Geeta-Anuradha,0,3,3
Geetadatt,0,3,3
Geetadewi,0,3,3
Geetakumarie,0,3,3
Geetan,3,0,3
Geetanchelie,0,3,3
Geetandjali,0,3,3
Geetandjalie,0,3,3
Geetandjelie,0,3,3
Geetanglie,0,3,3
Geetanjala,0,3,3
Geetanjalee,0,3,3
Geetanjalidevi,0,3,3
Geetanjli,0,3,3
Geetanjuly,0,3,3
Geetaroy,0,3,3
Geetawatie,0,3,3
Geeth,3,0,3
Geethana,0,3,3
Geethusan,3,0,3
Geetika,0,3,3
Geetruda,0,3,3
Geety,0,3,3
Geeugjen,3,0,3
Geevarghese,3,0,3
Geewe,3,0,3
Geeys,3,0,3
Geeza,0,3,3
Geeze,0,3,3
Gefainely,0,3,3
Gefaini,0,3,3
Gefancy,0,3,3
Gefaro,3,0,3
Gefaynie,0,3,3
Gefemia,0,3,3
Geffanu,0,3,3
Geffany,0,3,3
Geffen,3,0,3
Geffery,3,0,3
Geffri,3,0,3
Geffrie,3,0,3
Gefiena,0,3,3
Gefion,0,3,3
Gefjon,3,0,3
Gefra,0,3,3
Gefteney,0,3,3
Gegam,3,0,3
Gegami,0,3,3
Geger,3,0,3
Gegorio,3,0,3
Geh,0,3,3
Gehade,3,0,3
Gehardo,3,0,3
Gehardus,3,0,3
Gehdrio,3,0,3
Geherda,0,3,3
Gehiba,0,3,3
Gehna,0,3,3
Gehnay,0,3,3
Gehora,0,3,3
Gehra,0,3,3
Gehrad,3,0,3
Gehrmann,3,0,3
Geiarda,0,3,3
Geijk,3,0,3
Geijsbertus,3,0,3
Geilana,0,3,3
Geilje,0,3,3
Geiltje,0,3,3
Geílza,0,3,3
Geinart,3,0,3
Geir-Anders,3,0,3
Geira,0,3,3
Geirmundarson,3,0,3
Geirolf,3,0,3
Geisbertus,3,0,3
Geiselij,0,3,3
Geiserick,3,0,3
Geisha,0,3,3
Geïth,3,0,3
Geithella,0,3,3
Geja-Rianne,0,3,3
Gejah,0,3,3
Gejainy,0,3,3
Gejalt,3,0,3
Gejalu,0,3,3
Gejana,0,3,3
Géjanke,0,3,3
Gejanna,0,3,3
Géjanneke,0,3,3
Gejanneke,0,3,3
Géjé,3,0,3
Gejeandery,0,3,3
Gejendaly,0,3,3
Gejette,0,3,3
Gejolien,0,3,3
Gejoline,0,3,3
Gejorgius,3,0,3
Géjory,0,3,3
Gejser,3,0,3
Gejza,3,0,3
Geké,0,3,3
Geke-Merijn,0,3,3
Gékelien,0,3,3
Gekelyn,0,3,3
Gekie,0,3,3
Gekko,3,0,3
Gekonie,3,0,3
Gékpawilli,3,0,3
Geky,0,3,3
Gelaan,3,0,3
Gelacia,0,3,3
Gelaga,3,0,3
Gelai,3,0,3
Gelaicio,3,0,3
Gèlainne,0,3,3
Gelali,3,0,3
Gelanda,0,3,3
Gelaney,3,0,3
Gelanio,3,0,3
Gelany,3,0,3
Gelanyo,3,0,3
Gelasine,0,3,3
Gelasio,3,0,3
Gelasius,3,0,3
Gelat,3,0,3
Gelaudi,0,3,3
Gèlaya,0,3,3
Gelayron,3,0,3
Gelberdiena,0,3,3
Gelbertico,3,0,3
Gelbertus,3,0,3
Gelbrech,3,0,3
Gelbrechtje,0,3,3
Gelbregje,0,3,3
Gelbrichje,0,3,3
Gelcino,3,0,3
Gelco,3,0,3
Gelda,0,3,3
Gelderick,3,0,3
Gelderinus,3,0,3
Geldolphina,0,3,3
Geldriena,0,3,3
Geldronick,3,0,3
Gele,3,0,3
Gelea,0,3,3
Geleandro,3,0,3
Geleida,0,3,3
Geleinus,3,0,3
Gelek,3,0,3
Geleke,0,3,3
Gelen,3,0,3
Gélena,0,3,3
Gélène,0,3,3
Gelenes,3,0,3
Gelènn,3,0,3
Geleno,3,0,3
Geles,3,0,3
Geley,3,0,3
Gelflin,3,0,3
Géli,3,0,3
Geliah,0,3,3
Gelian,3,0,3
Gelício,3,0,3
Gelicio,3,0,3
Gelicius,3,0,3
Gélieke,0,3,3
Gelieny,0,3,3
Gelievio,3,0,3
Gelilah,0,3,3
Gelin,0,3,3
Gèlina,0,3,3
Gèlinde,0,3,3
Gelindo,3,0,3
Geling,3,0,3
Gelinia,0,3,3
Gelinio,3,0,3
Gelinis,3,0,3
Gelinka,0,3,3
Geliño,3,0,3
Gelio,3,0,3
Gélisa,0,3,3
Gelisse,0,3,3
Gelizah,0,3,3
Gelize,0,3,3
Gelja,0,3,3
Geljer,3,0,3
Gelko,3,0,3
Gelkske,0,3,3
Gëlla,0,3,3
Gellaart,3,0,3
Gellaisa,0,3,3
Gellano,3,0,3
Gelled,3,0,3
Gelleken,3,0,3
Gellerino,3,0,3
Gellert,3,0,3
Gelles,3,0,3
Gelleti,0,3,3
Gelleyen,0,3,3
Gellianah,0,3,3
Gellien,3,0,3
Gelliën,0,3,3
Gellino,3,0,3
Gellit,3,0,3
Gellvin,3,0,3
Gelly-ann,0,3,3
Gellyon,3,0,3
Gelmara,0,3,3
Gelmerlina,0,3,3
Gelonda,0,3,3
Gelor,3,0,3
Gelou,0,3,3
Geloya,0,3,3
Gelricus,3,0,3
Gelrie,0,3,3
Gelschke,0,3,3
Gelscke,0,3,3
Gelse,0,3,3
Gelsidio,3,0,3
Gelsiô,3,0,3
Gelsje,0,3,3
Gelt-Jan,3,0,3
Gelten,3,0,3
Geltina,0,3,3
Geltine,0,3,3
Geltreda,0,3,3
Geltsche,0,3,3
Gelud,0,3,3
Geluo,0,3,3
Geluud,0,3,3
Gelver,3,0,3
Gelvianna,0,3,3
Gelvianno,3,0,3
Gelviero,3,0,3
Gelvio,3,0,3
Gelvis,3,0,3
Gelwerin,0,3,3
Gelwine,0,3,3
Gely,0,3,3
Gelyensca,0,3,3
Gelyne,0,3,3
Gelynna,0,3,3
Gelysse,0,3,3
Gelyviana,0,3,3
Gemaecio,3,0,3
Gemael,3,0,3
Gemaesia,0,3,3
Gemail,3,0,3
Gemailey,0,3,3
Gemaily,0,3,3
Gemain,3,0,3
Gémaine,0,3,3
Gemaïnho,3,0,3
Gemairy,3,0,3
Gemali,0,3,3
Gemalli,0,3,3
Gemaney,0,3,3
Gemanuel,3,0,3
Gêmany,0,3,3
Gemaria,0,3,3
Gemauro,3,0,3
Gemawati,0,3,3
Gemay,0,3,3
Gemayal,3,0,3
Gemayele,3,0,3
Gemayli,3,0,3
Gemayra,0,3,3
Gemayson,3,0,3
Gemb,3,0,3
Gemba,0,3,3
Gembe,0,3,3
Gember,0,3,3
Gembo,3,0,3
Gemell-Ray,3,0,3
Gemella,0,3,3
Gemelle,0,3,3
Gemello,3,0,3
Gemenay,0,3,3
Gemène,0,3,3
Gemérah,0,3,3
Gemero,3,0,3
Gemi,0,3,3
Gèmi,3,0,3
Gemiah,0,3,3
Gemie,0,3,3
Gemila,0,3,3
Gemilang,3,0,3
Gemillyo,3,0,3
Geminay,3,0,3
Gémini,0,3,3
Geminia,0,3,3
Geminianus,3,0,3
Gemino,3,0,3
Geminus,3,0,3
Gemiron,3,0,3
Gemisha,0,3,3
Gemkin,3,0,3
Gemko,3,0,3
Gemma'sdochter,0,3,3
Gemma-Louise,0,3,3
Gemmaa,0,3,3
Gemmaldi,3,0,3
Gemmalie,0,3,3
Gemmé-Faye,0,3,3
Gemmene,0,3,3
Gemmiah,0,3,3
Gemmira,0,3,3
Gemmo,3,0,3
Gèmo,3,0,3
Gemsaid,3,0,3
Gemylimar,3,0,3
Gemynaugh,3,0,3
Gemze,0,3,3
Gen-Paul,3,0,3
Genade,3,0,3
Genadi,3,0,3
Genadjevitch,3,0,3
Genadyjevitsj,3,0,3
Genäe,0,3,3
Genaeida,0,3,3
Genaël,0,3,3
Genáhro,3,0,3
Genaida,0,3,3
Genaidha,0,3,3
Genailey-faith,0,3,3
Genaillie,0,3,3
Genaio,3,0,3
Genairis,0,3,3
Gênairo,3,0,3
Genairoson,3,0,3
Genairro,3,0,3
Genaïs,0,3,3
Genaison,3,0,3
Genaively,0,3,3
Genaiya,0,3,3
Genaiza,0,3,3
Genald,3,0,3
Genaldina,0,3,3
Genalys,0,3,3
Genapersad,3,0,3
Genarayah,0,3,3
Genaria,0,3,3
Genario,3,0,3
Genarnula,0,3,3
Genâro,3,0,3
Geñarro,3,0,3
genarro,3,0,3
Genasario,3,0,3
Genate,0,3,3
Génate,0,3,3
Genavera,0,3,3
Genaviëve,0,3,3
Genàya,0,3,3
Genaycia,0,3,3
Genayhrylo,3,0,3
Genaylla,0,3,3
Genayma,0,3,3
Gënayro,3,0,3
Genayron,3,0,3
Genazia,0,3,3
Genç,3,0,3
Gencal,3,0,3
Gençer,3,0,3
Genciël,3,0,3
Gêncô,3,0,3
Gendaline,0,3,3
Gendarine,0,3,3
Gendell,3,0,3
Gendell-Kingsson,3,0,3
Genderdjeta,0,3,3
Gendis,0,3,3
Gendly,3,0,3
Gendolene,0,3,3
Gendra,0,3,3
Gèndrey,3,0,3
Gendric,3,0,3
Gendriocy,3,0,3
Gendro,3,0,3
Gendryani,0,3,3
Gendy,3,0,3
Gené-Fay,0,3,3
Gene-martin,3,0,3
Gene-Ray,3,0,3
Geneaï,0,3,3
Genealle,0,3,3
Genealy,0,3,3
Geneanira,0,3,3
Genearyve,0,3,3
Genecieve,0,3,3
Geneciëve,0,3,3
Genecio,3,0,3
Genée,0,3,3
Genéé,3,0,3
Genee,3,0,3
Geneely,0,3,3
Geneesh,3,0,3
Geneeva,0,3,3
Genefaas,3,0,3
Geneffley,3,0,3
Genefièvre,0,3,3
Genefique,0,3,3
Genefra,0,3,3
Geneill,0,3,3
Genëiro,3,0,3
Geneisha,0,3,3
Geneiva,0,3,3
Geneive,0,3,3
Génel,0,3,3
Genelda,0,3,3
Genele,0,3,3
Genelé,0,3,3
Genelee,0,3,3
Geneleysha,0,3,3
Gènelia,0,3,3
Genelieve,0,3,3
Genelina,0,3,3
Gënell,0,3,3
Genello,3,0,3
Genellopé,0,3,3
Genelo,3,0,3
Genelvi,0,3,3
Genendel,0,3,3
Genene,0,3,3
Geneö,3,0,3
Génépi,0,3,3
Genera,0,3,3
Generaadj,3,0,3
Generaino,3,0,3
Genérale,3,0,3
Generell,3,0,3
Generelle,0,3,3
Généreux,3,0,3
Generick,3,0,3
Generima,0,3,3
Generina,0,3,3
Generinio,3,0,3
Genérino,3,0,3
Gènerino,3,0,3
Génerino,3,0,3
Generio,3,0,3
Generito,3,0,3
Géneriva,0,3,3
Génerivo,3,0,3
Generlee,0,3,3
Generly,0,3,3
Genéro,3,0,3
Generosus,3,0,3
Generozia,0,3,3
Generrio,3,0,3
Génerro,3,0,3
Generva,0,3,3
Generyno,3,0,3
Genes,0,3,3
Genesco,3,0,3
Genese,3,0,3
Genesha,0,3,3
Geneshpersad,3,0,3
Genesice,0,3,3
Genesis-Ruth,0,3,3
Genesisa,0,3,3
Genesiss,0,3,3
Genesse,0,3,3
Genessee,0,3,3
Genessey,0,3,3
Genessis,0,3,3
Genestahs,0,3,3
Genesuis,0,3,3
Genesy-Joy,0,3,3
Genetia,0,3,3
Genetty,0,3,3
Genety,0,3,3
Généva,0,3,3
Genêva,0,3,3
Gèneva,0,3,3
Genevá,0,3,3
Genêve,0,3,3
Genève,0,3,3
Genevëive,0,3,3
Gènever,0,3,3
Genevera,0,3,3
Genévere,0,3,3
Genevety,0,3,3
Genevève,0,3,3
Genevevé,0,3,3
Genevevre,0,3,3
Génevie,0,3,3
Genevië,0,3,3
Géneviè,0,3,3
Genevief,0,3,3
Genevien,0,3,3
Geneviène,0,3,3
Genevier,0,3,3
Geneviër,0,3,3
Geneviera,0,3,3
Geneviëra,0,3,3
Genevieré,0,3,3
Gènevière,0,3,3
Geneviero,3,0,3
Genevierre,0,3,3
Génévièva,0,3,3
Genevievè,0,3,3
Genèviéve,0,3,3
Geneviěve,0,3,3
Généviévé,0,3,3
Genevìeve,0,3,3
Genèvievè,0,3,3
Genévievé,0,3,3
Gêneviéve,0,3,3
Génevievè,0,3,3
Gèneviéve,0,3,3
Génevievé,0,3,3
Geneviève-Sophie,0,3,3
Genevièvi,0,3,3
Genevievre,0,3,3
Genevièwe,0,3,3
Genevion,0,3,3
Geneviviene,0,3,3
Genevley,3,0,3
Genèvo,3,0,3
Genevra,0,3,3
Genevré,0,3,3
Genèvre,0,3,3
Genevuieve,0,3,3
Génevy,0,3,3
Genexis,0,3,3
Geneydjelis,0,3,3
Geneyva,0,3,3
Genezarosa,0,3,3
Genezia,0,3,3
Genezio,3,0,3
Genga,0,3,3
Genghini,3,0,3
Gengi,3,0,3
Gengiano,3,0,3
Gengiz,3,0,3
Gengizhan,3,0,3
Genice-Aubrey,0,3,3
Genicia,0,3,3
Genick,3,0,3
Genicyn,0,3,3
Genidiarra,0,3,3
Genidy,3,0,3
Geniefjeiva,0,3,3
Geniëla,0,3,3
Geniene,0,3,3
Geniënne,0,3,3
Geniesa,0,3,3
Geniesje,0,3,3
Genieta,0,3,3
Geniéva,0,3,3
Genieve,0,3,3
Genievé,0,3,3
Genieviève,0,3,3
Genieviéve,0,3,3
Gènifique,0,3,3
Genike,0,3,3
Genildo,3,0,3
Genilla,0,3,3
Genillio,3,0,3
Genimah,0,3,3
Genimar,0,3,3
Génine,0,3,3
Gèninho,3,0,3
Geniñho,3,0,3
Geninio,3,0,3
Geninna,0,3,3
Genious,3,0,3
Genisber,3,0,3
Genises,0,3,3
Genish,3,0,3
Genishia,0,3,3
Genisius,3,0,3
Genisse,0,3,3
Genisyen,0,3,3
Genital,3,0,3
Geniti,3,0,3
Genity,0,3,3
Genivaldo,3,0,3
Genive,0,3,3
Geniviëve,0,3,3
Genivre,0,3,3
Genivy,0,3,3
Geniya,0,3,3
Genlyn,0,3,3
Genmaarhidson,3,0,3
Genmay,0,3,3
Genmyo,3,0,3
Genna-Lee,0,3,3
Gennadewna,0,3,3
Gennadina,0,3,3
Gennadios,3,0,3
Gennadiwitch,3,0,3
Gennadiy,3,0,3
Gennar,0,3,3
Gennariëllo,3,0,3
Gennario,3,0,3
Gennaro-Dragisha,3,0,3
Gennarro,3,0,3
Gennavennely,0,3,3
Gennaviëve,0,3,3
Gennay,0,3,3
Gennayo,3,0,3
Gennayra,0,3,3
Genne-Javy,3,0,3
Genne-Leigh,0,3,3
Gennea,0,3,3
Gennelise,0,3,3
Gennely,0,3,3
Gennelyah,0,3,3
Gennelyne,0,3,3
Genneraily,0,3,3
Genneray,0,3,3
Gennesee,0,3,3
Gennesse,0,3,3
Gennesy,0,3,3
Gennesys,0,3,3
Gennevaey,0,3,3
Gennevieve-elise,0,3,3
Genney,0,3,3
Genniaro,3,0,3
Gennifer,0,3,3
Gennio,3,0,3
Gennis,3,0,3
Gennisis,3,0,3
Géno,3,0,3
Genoã,0,3,3
Gènoah,3,0,3
Génoah,3,0,3
Genoah-Manoï,0,3,3
Genobi,3,0,3
Génoeska,0,3,3
Genofeva,3,0,3
Genoha,3,0,3
Genola,0,3,3
Genomy,0,3,3
Génomy,0,3,3
Genorah,0,3,3
Genorah-Leigh,0,3,3
Genorivo,3,0,3
Genoshia,0,3,3
Genovah-Maria,0,3,3
Genovaite,0,3,3
Genovea,0,3,3
Genovena,0,3,3
Genovere,0,3,3
Genovese,3,0,3
Genovesi,3,0,3
Gênoveva,0,3,3
Genovéva,0,3,3
Génoveva,0,3,3
Genoveve,0,3,3
Genovevia,0,3,3
Genovevo,3,0,3
Genovewa,0,3,3
Genovhese,3,0,3
Genovia,0,3,3
Genovië,0,3,3
Genoviene,0,3,3
Genoviève,0,3,3
Génoviève,0,3,3
Genovifa,0,3,3
Genóvin,3,0,3
Genovio,3,0,3
Genovy,3,0,3
Genowa,0,3,3
Genowfa,0,3,3
Genrichio,3,0,3
Genrico,3,0,3
Genridge,3,0,3
Genroy,3,0,3
Gensah,0,3,3
Gensia,0,3,3
Genson,3,0,3
Genté,3,0,3
Gente,0,3,3
Gentell,3,0,3
Gentely,0,3,3
Genthia,0,3,3
Genthil,3,0,3
Gentianna,0,3,3
Gentianus,3,0,3
Gentie-Ann,0,3,3
Gentiele,3,0,3
Gentijan,3,0,3
Gentilezza,0,3,3
Gentilis,0,3,3
Gentilla,0,3,3
Gentillis,3,0,3
Gentiluomo,3,0,3
Gentines,3,0,3
Gentjan,3,0,3
Gentle-Raiz,3,0,3
Gentleh,0,3,3
Gèntly,3,0,3
Genton,3,0,3
Gentsley,3,0,3
Gentuywa,3,0,3
Genuève,3,0,3
Genuilla,0,3,3
Genuine,0,3,3
Genuino,3,0,3
Genus,0,3,3
Gênusêris,3,0,3
Genuveva,0,3,3
Genwoire,0,3,3
Geny-Mary,0,3,3
Genyce,0,3,3
Genyla,0,3,3
Genyle,3,0,3
Gényle,3,0,3
Genynjo,3,0,3
Genyron,3,0,3
Genysairah,0,3,3
Gényva,0,3,3
Genyviëfa,0,3,3
Genzo,3,0,3
Géo,3,0,3
Geodesie,3,0,3
Geodfrey,3,0,3
Geodien,0,3,3
Geodleyon,3,0,3
Geodoro,3,0,3
Geodys,3,0,3
Geof,3,0,3
Geoffanni,3,0,3
Geoffanny,3,0,3
Geoffeno,3,0,3
Geoffray,3,0,3
Geoffré,3,0,3
Geoffreij,3,0,3
Geoffréy,3,0,3
Geoffrey-Alain,3,0,3
Geoffrey-John,3,0,3
Geoffrig,3,0,3
Geoffroi,3,0,3
Geofra,3,0,3
Geofrandy,0,3,3
Geofredo,3,0,3
Geoge,3,0,3
Geogiev,3,0,3
Geogine,0,3,3
Geohan,3,0,3
Geok,0,3,3
Geöla,0,3,3
Geolien,0,3,3
Geolt,3,0,3
Geoma,3,0,3
Geomali,3,0,3
Géomar,3,0,3
Geomara,0,3,3
Geomarika,0,3,3
Geomaris,0,3,3
Geomayra,0,3,3
Géona,0,3,3
Geonardo,3,0,3
Geonario,3,0,3
Geonette,0,3,3
Geonicy,0,3,3
Geonn,3,0,3
Geonna,0,3,3
Geonne,0,3,3
Geophrey,3,0,3
Geopotus,3,0,3
Geôr,3,0,3
Geör,3,0,3
Georaida,0,3,3
Georan,3,0,3
Géorbella-Jocelyne,0,3,3
Georchella,0,3,3
Georchinio,3,0,3
Georcinio,3,0,3
Geordalousha,0,3,3
Geordana,0,3,3
Geordelyne,0,3,3
Georden,3,0,3
Geordery,3,0,3
Geordetty,0,3,3
Geordey,3,0,3
Geordhy,3,0,3
Geordian,3,0,3
Geordiano,3,0,3
Georen,3,0,3
Georenzo,3,0,3
Georetina,0,3,3
Georeve,0,3,3
Geörg,3,0,3
Gēorg,3,0,3
Georg-Hans,3,0,3
Georg-Hendrik,3,0,3
Georg-Pieter,3,0,3
Georgaeljoh,3,0,3
Georgana,0,3,3
Georgavïen,3,0,3
Georgay,3,0,3
Georgdiena,0,3,3
Georgdientje,0,3,3
Georgdy,3,0,3
George-Alexander,3,0,3
George-Angela,0,3,3
George-Henri,0,3,3
George-Jacob,3,0,3
George-Laurent,3,0,3
George-Léon,3,0,3
George-Matthew,3,0,3
George-Olivier,3,0,3
George-Vincent,3,0,3
George-Wendell,3,0,3
George-Yves,3,0,3
Georgeanna,0,3,3
Georgeanno,3,0,3
Georgeano,3,0,3
Georgeany,0,3,3
Georgecio,3,0,3
Georgedientje,0,3,3
Georgedine,0,3,3
Georgedon,3,0,3
Georgeena,0,3,3
Georgeëtte,0,3,3
Georgegelis,0,3,3
Georgegina,0,3,3
Georgeina,0,3,3
Georgejina,0,3,3
Georgelies,0,3,3
Georgeline,0,3,3
Georgella,0,3,3
Georgelly,0,3,3
Georgelys,0,3,3
Georgemenzio,3,0,3
Georgena,0,3,3
Georgencio,3,0,3
Georgène,0,3,3
Georgene,0,3,3
Georgenet,0,3,3
Georgentina,0,3,3
Georgentine,0,3,3
Georgenus,3,0,3
Georgeous,3,0,3
Georgerina,0,3,3
Georgés,0,3,3
Georges-François,3,0,3
Georges-Jan,3,0,3
Georgesefus,3,0,3
Georgesiene,0,3,3
Georgesina,0,3,3
Georgesine,0,3,3
Georgesinio,3,0,3
Georgeska,0,3,3
Georgestin,0,3,3
Georgestine,0,3,3
Georgetha,0,3,3
Georgetien,0,3,3
Georgëtte,0,3,3
Georgette-Marie,0,3,3
Georgevich,3,0,3
Georgeyenne,0,3,3
Georggette,0,3,3
Georggio,3,0,3
Georghe,3,0,3
Georghena,0,3,3
Georghinio,3,0,3
Georghino,3,0,3
Georghio,3,0,3
Georghy,3,0,3
Géorgia,0,3,3
Georgia-Antoinette,0,3,3
Georgia-May,0,3,3
Georgian,3,0,3
Georgiann,0,3,3
Georgianne,0,3,3
Georgianni,3,0,3
Georgië,3,0,3
Georgiet,0,3,3
Georgiëtte,0,3,3
Georgieus,3,0,3
Georgievich,3,0,3
Georgievna,0,3,3
Georgifa,0,3,3
Georgihno,3,0,3
Georgin,0,3,3
Georgiña,0,3,3
Géorgine,0,3,3
Georgini,0,3,3
Georginina,0,3,3
Geörginio,3,0,3
Georginna,0,3,3
Georginne,0,3,3
Georginno,3,0,3
Georginova,0,3,3
Georginus,3,0,3
Georginy,3,0,3
Georginyo,3,0,3
Géorgio,3,0,3
Georgio-Giovanni,3,0,3
Georgion,3,0,3
Georgios-Bernardos,3,0,3
Georgitsa,0,3,3
Georgivitch,3,0,3
Georgmell,3,0,3
Georgoni,3,0,3
Georgós,3,0,3
Georgovna,0,3,3
Georgrienia,0,3,3
Georguette,0,3,3
Geörgy,3,0,3
Georgyana,0,3,3
Georgyevich,3,0,3
Georgyna,0,3,3
Georick,3,0,3
Georim-Cooper,3,0,3
Georindo,3,0,3
Georjayli,0,3,3
Georjé,3,0,3
Georjeanne,0,3,3
Georjo,3,0,3
Georlaney,0,3,3
Georli,3,0,3
Georlis,3,0,3
Georlon,3,0,3
Geormani,3,0,3
Geornal,3,0,3
Geornany,0,3,3
Georneza,0,3,3
Geornó,3,0,3
Georny,3,0,3
Georoid,3,0,3
Georon,3,0,3
Georphine,0,3,3
Georrano,3,0,3
Georrayne,3,0,3
Georrich,3,0,3
Georsheeny,0,3,3
Georsine,0,3,3
Georstina,0,3,3
Georvanna,0,3,3
Georviën,0,3,3
Georzahif,3,0,3
Georziena,0,3,3
Geosairo,3,0,3
Geoseraiah,0,3,3
Geosy,3,0,3
Geothanaél,3,0,3
Geovanca,0,3,3
Geovanka,0,3,3
Geovanno,3,0,3
Géovanny,3,0,3
Geovanté,3,0,3
Geovayn,3,0,3
Geovedy,3,0,3
Geoventti,3,0,3
Geoverdi,3,0,3
Geoviangelly,0,3,3
Geoviero,3,0,3
Geowanna,0,3,3
Gepbiena,0,3,3
Gepbinus,3,0,3
Gepetto,3,0,3
Gepharda,0,3,3
Gephart,3,0,3
Gephen,3,0,3
Gepie,0,3,3
Gepje,0,3,3
Gepke-Christina,0,3,3
Gepke-Marin,0,3,3
Gepke-Marth,0,3,3
Gepke-Sophia,0,3,3
Gepkelien,0,3,3
Gepkien,0,3,3
Gepkiena,0,3,3
Gepkienes,3,0,3
Gepkine,0,3,3
Gepkjen,0,3,3
Gepkustina,0,3,3
Geppe,3,0,3
Geppi,0,3,3
Gequisia,0,3,3
Ger'raily,3,0,3
Ger-Aert,3,0,3
Ger-Angelo,3,0,3
Ger-Anneth,0,3,3
Ger-dé,0,3,3
Ger-drik,3,0,3
Ger-Hilde,0,3,3
Ger-Jain,3,0,3
Ger-janne,0,3,3
Ger-Jen,3,0,3
Ger-jo,3,0,3
Ger-Ko,3,0,3
Ger-Nienke,0,3,3
Ger-Noa,0,3,3
Ger-Pieter,3,0,3
Ger-Ryan,3,0,3
Ger-Ton,3,0,3
Ger-Trudie,0,3,3
Ger-Truud,0,3,3
Ger-Wim,3,0,3
Gerá,0,3,3
Gera-Alien,0,3,3
Gera-Liz,0,3,3
Gera-Lynn,0,3,3
Géraald,3,0,3
Geraalde,0,3,3
Géraar,3,0,3
Geraar,3,0,3
Geraarda,0,3,3
Geraardus,3,0,3
Gerabranda,0,3,3
Geracia,0,3,3
Gerad-Jan,3,0,3
Geraddus,3,0,3
Geradinha,0,3,3
Geradius,3,0,3
Geradri,0,3,3
Geraed,3,0,3
Geraeld,3,0,3
Geraert,3,0,3
Geraghty,0,3,3
Geragonda,0,3,3
Gerahdina,0,3,3
Gerailey,3,0,3
Gerailly,0,3,3
Geraima,0,3,3
Geraïn,3,0,3
Geraina,0,3,3
Gerainimo,3,0,3
Gerainy,0,3,3
Gerainys,0,3,3
Gerak,3,0,3
Geralca,0,3,3
Gerald-Johan,3,0,3
Gerald-Marini,3,0,3
Geraldette,0,3,3
Geraldieke,0,3,3
Géraldien,0,3,3
Geraldihno,3,0,3
Geraldina-Christina,0,3,3
Géráldine,0,3,3
Gèraldine,0,3,3
Geraldine-José,0,3,3
Geraldinia,0,3,3
Geraldiño,3,0,3
Geraldiny,0,3,3
Geràldo,3,0,3
Geraldtiene,0,3,3
Geralduz,3,0,3
Geraldywine,0,3,3
Geralen,0,3,3
Geralieke,0,3,3
Geraliene,0,3,3
Géraline,0,3,3
Geralinh,0,3,3
Geralinus,3,0,3
Geralisa,0,3,3
Geralka,0,3,3
Gérall,3,0,3
Gerallyn,0,3,3
Geralmine,0,3,3
Gérált,3,0,3
Geraltien,0,3,3
Geraltienne,0,3,3
Géraly,0,3,3
Geralyna,0,3,3
Geralyne,0,3,3
Géralynn,0,3,3
Geralynne,0,3,3
Geramaï,3,0,3
Geramias,3,0,3
Geramo,3,0,3
Geramy,3,0,3
Gêran,3,0,3
Gèran,3,0,3
Géran,3,0,3
Geràn,0,3,3
Geranca,0,3,3
Geranchelo,3,0,3
Geranco,3,0,3
Gerand,3,0,3
Gérand,3,0,3
Géranda,0,3,3
Gèranda,0,3,3
Gerandine,0,3,3
Geranemo,3,0,3
Gerani,0,3,3
Gérani,0,3,3
Géranie,0,3,3
Geránine,0,3,3
Geranio,3,0,3
Gerann,3,0,3
Géranna,0,3,3
Gerannah,0,3,3
Gèranne,0,3,3
Geranneke,0,3,3
Gerannie,0,3,3
Gerannimo,3,0,3
Gérano,3,0,3
Gerantina,0,3,3
Gerany,0,3,3
Gêrar,3,0,3
Gerarco,3,0,3
Gerärd,3,0,3
Gerard-Alfred,3,0,3
Gerard-Dirk,3,0,3
Gerard-Herman,3,0,3
Gérard-Jean,3,0,3
Gerard-Johan,3,0,3
Gerard-junior,3,0,3
Gerard-Marie,3,0,3
Gerard-Martin,3,0,3
Gerard-Paul,3,0,3
Gerard-Pieter,3,0,3
Gerard-Reinder,3,0,3
Gerard-Sorosh,3,0,3
Gerard-Werner,3,0,3
Gerarda-Johanna,0,3,3
Gerarda-Lina,0,3,3
Gerardaus,3,0,3
Gerardé,0,3,3
Gerardès,0,3,3
Gerardeus,3,0,3
Gerardha,0,3,3
Gerardianus,3,0,3
Gerardientje,0,3,3
Gèrardina,0,3,3
Gerardinho,3,0,3
Gerardinis,3,0,3
Gerardino,3,0,3
Gerardiny,0,3,3
Gerardov,3,0,3
Gerardovich,3,0,3
Gerardszoon,3,0,3
Gerardtina,3,0,3
Gerardus-Ivo,3,0,3
Gerardus-Johannes,3,0,3
Gerardus-Jurry,3,0,3
Gerardus-Marinus,3,0,3
Gerardusdochter,0,3,3
Gerardusmajella,3,0,3
Gerarduszoon,3,0,3
Gerarelina,0,3,3
Gerarlyn,0,3,3
Gerarnoldus,3,0,3
Gérart,3,0,3
Gerartine,0,3,3
Gerarus,3,0,3
Gerarwim,3,0,3
Gerasha,0,3,3
Gerasimo,3,0,3
Gerassimos,3,0,3
Gerasyano,3,0,3
Gerata,0,3,3
Geratdina,0,3,3
Geratina,0,3,3
Geraudi,0,3,3
Gerauld,3,0,3
Gerault,3,0,3
Geravi,3,0,3
Gerayen,3,0,3
Gerayleigh,0,3,3
Gerayley,3,0,3
Geraylie,3,0,3
Gerayn,3,0,3
Gerayni,0,3,3
Geraysa,0,3,3
Gerbart,3,0,3
Gerbasia,0,3,3
Gerbaud,3,0,3
Gerbbartha,0,3,3
Gerbdiena,0,3,3
Gerbean,3,0,3
Gerbedien,0,3,3
Gerbediena,0,3,3
Gerbedine,0,3,3
Gerbèn,3,0,3
Gérben,3,0,3
Gerben-Barry,3,0,3
Gerben-Jacob,3,0,3
Gerben-John,3,0,3
Gerben-Martijn,3,0,3
Gerben-Matthieu,3,0,3
Gerben-Nomde,3,0,3
Gerben-Pieter,3,0,3
Gerben-Tino,3,0,3
Gerben-Tjerk,3,0,3
Gerbendiene,0,3,3
Gerbendine,0,3,3
Gerbenjan,3,0,3
Gerbenna,0,3,3
Gerbenszn,3,0,3
Gerbentine,0,3,3
Gerberd,3,0,3
Gerberdiena,0,3,3
Gerberhard,3,0,3
Gerberich,0,3,3
Gerberiena,0,3,3
Gerberina,0,3,3
Gerbèrt,3,0,3
Gerbert-Wim,3,0,3
Gerberta-Bernice,0,3,3
Gerbertdina,0,3,3
Gerberthus,3,0,3
Gerbertjan,3,0,3
Gerbet,3,0,3
Gerbetine,0,3,3
Gerbettina,0,3,3
Gerbetty,0,3,3
Gerbhen,3,0,3
Gerbi,3,0,3
Gerbianco,0,3,3
Gerbiene,0,3,3
Gerbienna,0,3,3
Gerbisja,0,3,3
Gerborgh,3,0,3
Gerbout,3,0,3
Gerbra,0,3,3
Gerbram,3,0,3
Gerbrandien,0,3,3
Gerbrandius,3,0,3
Gerbrandsz,3,0,3
Gerbrechtina,0,3,3
Gerbregtje,0,3,3
Gerbrianne,0,3,3
Gerbricht,0,3,3
Gerbriëtte,0,3,3
Gerbrigdina,0,3,3
Gerbrigtje,0,3,3
Gerbrine,0,3,3
Gerbron,3,0,3
Gerbry,0,3,3
Gercely,0,3,3
Gercha,3,0,3
Gerchaily,0,3,3
Gerchaina,0,3,3
Gerchayten,3,0,3
Gerchel,3,0,3
Gerchien,0,3,3
Gerchina,0,3,3
Gerchiño,3,0,3
Gercinho,3,0,3
Gercinio,3,0,3
Gercinjo,3,0,3
Gercko,3,0,3
Gercoba,0,3,3
Gercoline,0,3,3
Gercora,0,3,3
Gerd-jan,3,0,3
Gerda-Ann,0,3,3
Gerda-Anna,0,3,3
Gerda-Janet,0,3,3
Gerda-Mari,0,3,3
Gerda-Marie,0,3,3
Gerda-Marieke,0,3,3
Gerda-Marijn,0,3,3
Gerdaantje,0,3,3
Gerdadina,0,3,3
Gerdaelma,0,3,3
Gerdaina,0,3,3
Gerdaine,0,3,3
Gerdais,3,0,3
Gerdal,3,0,3
Gerdalyn,0,3,3
Gerdamina,0,3,3
Gerdane,0,3,3
Gerdanja,0,3,3
Gerdanshelly,0,3,3
Gerdarda,0,3,3
Gerdardina,0,3,3
Gerdardus,0,3,3
Gerdau,0,3,3
Gerdeanne,0,3,3
Gerdeke,0,3,3
Gerdemarijn,0,3,3
Gerdemie,3,0,3
Gerden,3,0,3
Gerdeon,3,0,3
Gerder,3,0,3
Gerderieke,0,3,3
Gerderik,3,0,3
Gerderkje,0,3,3
Gerderut,0,3,3
Gerdesia,0,3,3
Gerdfried,3,0,3
Gerdha,0,3,3
Gerdhine,0,3,3
Gerdiaan,3,0,3
Gerdianca,0,3,3
Gerdiano,3,0,3
Gerdiek,0,3,3
Gerdiekus,3,0,3
Gerdiemar,3,0,3
Gerdiena-Johanna,0,3,3
Gerdienia,0,3,3
Gerdienna,0,3,3
Gerdientjen,0,3,3
Gerdijn,0,3,3
Gerdik,3,0,3
Gerdike,0,3,3
Gerdilus,3,0,3
Gerdina-Francisca-Maria,0,3,3
Gerdina-Uuntje,0,3,3
Gerdinald,3,0,3
Gerdinand-Jan,3,0,3
Gerdinanda,0,3,3
Gerdinande,0,3,3
Gèrdine,0,3,3
Gerdini,0,3,3
Gerdinique,0,3,3
Gerdinius,3,0,3
Gerdinja,0,3,3
Gerdinjo,3,0,3
Gerdinne,0,3,3
Gerdique,0,3,3
Gerdisa,0,3,3
Gerdisha,0,3,3
Gerdisja,0,3,3
Gerdison,3,0,3
Gerdite,0,3,3
Gerdjana,0,3,3
Gerdjie,3,0,3
Gerdjo,3,0,3
Gerdjoni,3,0,3
Gerdmund,3,0,3
Gerdolai,0,3,3
Gerdolien,0,3,3
Gerdoni,3,0,3
Gerdrea,0,3,3
Gerdreuta,0,3,3
Gerdrian,3,0,3
Gerdriana,0,3,3
Gerdrick,3,0,3
Gerdrickson,3,0,3
Gerdrie,0,3,3
Gerdriëngelson,3,0,3
Gerdrike,0,3,3
Gerdruth,0,3,3
Gerds,3,0,3
Gerdtinus,3,0,3
Gerdula,0,3,3
Gerdundula,0,3,3
Gerdunia,0,3,3
Gerdusa,0,3,3
Gerdwiena,0,3,3
Gerdwina,0,3,3
Gerdy-Jana,0,3,3
Gerdyana,0,3,3
Gerdyardus,3,0,3
Gerdyke,0,3,3
Gerdyna,0,3,3
Gerdyon,3,0,3
Gerdze,3,0,3
Gerebernus,3,0,3
Gerebina,0,3,3
Geredien,0,3,3
Gerediny,0,3,3
Geregoria,0,3,3
Gerehnity,0,3,3
Gereije,0,3,3
Gerein,0,3,3
Gerelbe,0,3,3
Gerelda,0,3,3
Gereldson,3,0,3
Gereliza,0,3,3
Gerella,0,3,3
Gerelle,0,3,3
Gerello,3,0,3
Gerelly,0,3,3
Gerély,0,3,3
Gerely,0,3,3
Gerelyen,0,3,3
Gerelys-an,0,3,3
Geremaia,3,0,3
Geremaih,3,0,3
Geremaino,3,0,3
Geremaiyah,0,3,3
Geremi,3,0,3
Geremya,3,0,3
Gerence,3,0,3
Gereniah,0,3,3
Gerenimo,3,0,3
Gerenjelo,3,0,3
Gerenke,0,3,3
Gerensly,3,0,3
Gerente,3,0,3
Gereny,3,0,3
Gerenz,3,0,3
Gerènze,3,0,3
Gerenzo,3,0,3
Gereone,3,0,3
Gererdiena,0,3,3
Gereró,3,0,3
Geres,3,0,3
Gerèse,0,3,3
Gereso,0,3,3
Geretdine,0,3,3
Geretha,0,3,3
Geretje,0,3,3
Geretrudis,0,3,3
Geretruida,0,3,3
Gérette,0,3,3
Geretti,0,3,3
Gereylika,0,3,3
Gerffert,3,0,3
Gerfiany,0,3,3
Gerfieke,0,3,3
Gerfiënety,0,3,3
Gerfo,3,0,3
Gerfon,3,0,3
Gerfonda,0,3,3
Gerfri,3,0,3
Gerfrieda,0,3,3
Gerfy,3,0,3
Gergan,3,0,3
Gergana,0,3,3
Gerge,3,0,3
Gergeley,3,0,3
Gergien,0,3,3
Gergiena,0,3,3
Gergini,3,0,3
Gerginus-Jan,3,0,3
Gergion,3,0,3
Gergit,0,3,3
Gergiz,3,0,3
Gergjen,0,3,3
Gergory,3,0,3
Gerha,0,3,3
Gerhad,3,0,3
Gerhada,0,3,3
Gerhadieus,3,0,3
Gérhald,3,0,3
Gerhaldien,0,3,3
Gerhalina,0,3,3
Gerhana,0,3,3
Gèrhanie,0,3,3
Gerhanna,0,3,3
Gerhanne,0,3,3
Gérhard,3,0,3
Gerhard-Age,3,0,3
Gerhard-Henk,3,0,3
Gerhardette,0,3,3
Gerhardiene,0,3,3
Gerhardigje,0,3,3
Gerhardino,3,0,3
Gerhardrianus,3,0,3
Gerhardüs,3,0,3
Gerhardus-Anton,3,0,3
Gerhardus-Ronald,3,0,3
Gerharduske,0,3,3
Gerhardy,3,0,3
Gerharm,3,0,3
Gerharma,0,3,3
Gerhart-Johannes,3,0,3
Gerharta,0,3,3
Gerhartdina,0,3,3
Gerhben,3,0,3
Gerheilly,0,3,3
Gerhen,0,3,3
Gerheno,3,0,3
Gerherdine,0,3,3
Gerhesdine,0,3,3
Gerhie,3,0,3
Gerhille,0,3,3
Gèri,0,3,3
Geri-Janne,0,3,3
Geri-janne,0,3,3
Géria,0,3,3
Gèriah,0,3,3
Gerianda,0,3,3
Geriane,0,3,3
Gerianny,0,3,3
Geriant,3,0,3
Geribe,0,3,3
Geriberto,3,0,3
Gerichvienska,0,3,3
Gericio,3,0,3
Gericke,0,3,3
Gerickson,3,0,3
Gerico,3,0,3
Geriebrandus,3,0,3
Gerieck,0,3,3
Geriejanne,0,3,3
Geriek,0,3,3
Gérien,0,3,3
Geriën,0,3,3
Gériene,0,3,3
Gerieneke,0,3,3
Gerientje,0,3,3
Gerier,3,0,3
Geriëtt,0,3,3
Gerigoria,0,3,3
Gerigory,3,0,3
Gerija,0,3,3
Gerijan,3,0,3
Gerijel,0,3,3
Gerijnne,0,3,3
Gérike,0,3,3
Gerikus,3,0,3
Geriley,3,0,3
Gerilinda,0,3,3
Gerillyn,0,3,3
Gerilse,0,3,3
Gerilynn,0,3,3
Gerima,0,3,3
Gerimauit,0,3,3
Gérimo,3,0,3
Gérine,0,3,3
Gerinho,3,0,3
Gerini,0,3,3
Gerinke,0,3,3
Gerinna,0,3,3
Geriño,3,0,3
Gerinsa,0,3,3
Gerinza,0,3,3
Gerioda,0,3,3
Gerios,3,0,3
Gérique,0,3,3
Gerise,0,3,3
Gerisienne,0,3,3
Geriska,0,3,3
Gerison,3,0,3
Gérissa,0,3,3
Gerit-John,3,0,3
Gerita-Kim,0,3,3
Geritia,0,3,3
Gerits,3,0,3
Geritsza,0,3,3
Geritta,0,3,3
Gerittina,0,3,3
Gerittje,0,3,3
Gerius,3,0,3
Gériyanne,0,3,3
Geriza,0,3,3
Gerjacco,3,0,3
Gerjah,0,3,3
Gerjalda,0,3,3
Gerjaldo,3,0,3
GerJan,3,0,3
Gerjandien,0,3,3
Gerjanella,0,3,3
Gerjanet,0,3,3
Gerjay,3,0,3
Gerje,0,3,3
Gerjella,0,3,3
Gerjendel,3,0,3
Gerjenne,0,3,3
Gerjenneke,0,3,3
Gerjeroen,3,0,3
Gerjhard,3,0,3
GerJo,3,0,3
Gerjo-Henk,3,0,3
Gerjoen,3,0,3
Gerjolein,0,3,3
Gerjonna,0,3,3
Gerjonnah,0,3,3
Gerjorn,3,0,3
Gerk-Johan,3,0,3
Gerka,0,3,3
Gerke-Jan,3,0,3
Gerkelientje,0,3,3
Gerkelina,0,3,3
Gerko-Ivo,3,0,3
Gerkos,3,0,3
Gérla,0,3,3
Gerlac,3,0,3
Gerlacho,3,0,3
Gerlacia,0,3,3
Gerlakes,3,0,3
Gerlamo,3,0,3
Gerlan,3,0,3
Gerlana,0,3,3
Gerlardina,0,3,3
Gerlau,3,0,3
Gerlayno,3,0,3
Gerleo,3,0,3
Gerleonne,0,3,3
Gerleyson,3,0,3
Gerlf,3,0,3
Gerli-jay,3,0,3
Gerlia,0,3,3
Gerlianne,0,3,3
Gerlich,3,0,3
Gerlicia,0,3,3
Gerliende,0,3,3
Gerliesa,0,3,3
Gerliese,0,3,3
Gerliesje,0,3,3
Gerlietha,0,3,3
Gerlieza,0,3,3
Gerlieze,0,3,3
Gerlif,3,0,3
Gerlijne,0,3,3
Gerlijntje,0,3,3
Gerlindis,0,3,3
Gerline-Marjan,0,3,3
Gerling,3,0,3
Gerlinka,0,3,3
Gerlis,0,3,3
Gerlisha,0,3,3
Gerlius,3,0,3
Gerloeske,0,3,3
Gerlof-Jaap,3,0,3
Gerlof-Jan,3,0,3
Gerlofina,0,3,3
Gerlofsche,0,3,3
Gerlofson,3,0,3
Gerlona,0,3,3
Gerlt,3,0,3
Gérly,0,3,3
Gerlyda,0,3,3
Gerlyna,0,3,3
Gerlynda,0,3,3
Gerlyno,3,0,3
Gerlyse,0,3,3
Gerlyson,3,0,3
Germ-Oene,3,0,3
Germ-Sjoerd,3,0,3
Germaan,3,0,3
Germach,3,0,3
Germadus,3,0,3
Germaen,0,3,3
Germah,0,3,3
Germahin,3,0,3
Germahyn,3,0,3
Germaiël,0,3,3
Germaila,0,3,3
Germailly,0,3,3
Germaily,0,3,3
Germaín,3,0,3
Gèrmain,3,0,3
Germainé,0,3,3
Germainë,0,3,3
Gèrmaine,0,3,3
Germainie,0,3,3
Germainy,3,0,3
Germairne,0,3,3
Germairo,3,0,3
Germaise,3,0,3
Germaisel,3,0,3
Germaja,0,3,3
Germalia,0,3,3
Germalinda,0,3,3
Germán,3,0,3
Germanaisha,0,3,3
Germândio,3,0,3
Germando,3,0,3
Germanhin,3,0,3
Germanique,0,3,3
Germanis,3,0,3
Germanne,0,3,3
Germanyo,3,0,3
Germara,0,3,3
Germarijnse,3,0,3
Germaris,3,0,3
Germarja,0,3,3
Germaro,0,3,3
Germas,3,0,3
Germax,3,0,3
Germayine,3,0,3
Germayn,3,0,3
Germbiena,0,3,3
Germbina,0,3,3
Germee,0,3,3
Germelaine,0,3,3
Germelda,0,3,3
Germelien,0,3,3
Germelino,3,0,3
Germendy,0,3,3
Germene,0,3,3
Germené,0,3,3
Germenta,0,3,3
Germeta,0,3,3
Germhenk,3,0,3
Germia,0,3,3
Germienailys,0,3,3
Germiene,0,3,3
Germienke,0,3,3
Germienna,0,3,3
Germihaila,0,3,3
Germija,0,3,3
Germijntje,0,3,3
Germilaisha,0,3,3
Germiliandro,3,0,3
Germilio,3,0,3
Germilito,3,0,3
Germillio,3,0,3
Germillion,3,0,3
Germinal,3,0,3
Germinda,0,3,3
Germiné,0,3,3
Germineke,0,3,3
Germinof,3,0,3
Germiquelito,3,0,3
Germiriano,3,0,3
Germiya,3,0,3
Germôn,3,0,3
Germonda,0,3,3
Germt-Jo,3,0,3
Germtina,0,3,3
Germund,3,0,3
Germus,3,0,3
Germylaine,0,3,3
Germylong,3,0,3
Gern,3,0,3
Gernacia,0,3,3
Gernada,0,3,3
Gernadet,0,3,3
Gernadiën,0,3,3
Gernadine,0,3,3
Gernailis,0,3,3
Gernaisa,0,3,3
Gernaishely,0,3,3
Gernaiska,0,3,3
Gernaithon,3,0,3
Gernandinho,3,0,3
Gernardine,0,3,3
Gernardo,3,0,3
Gernato,3,0,3
Gernaud,0,3,3
Gernay-Shaley,0,3,3
Gernay-Shalo,3,0,3
Gernayshlo,3,0,3
Gernbauer,0,3,3
Gerné,0,3,3
Gerneaud,3,0,3
Gernecia,0,3,3
Gernedinis,3,0,3
Gernel,0,3,3
Gernélli,0,3,3
Gernello,3,0,3
Gernetta,0,3,3
Gernevety,0,3,3
Gerney,0,3,3
Gernia,0,3,3
Gérnice,0,3,3
Gernice,0,3,3
Gernicha,0,3,3
Gernine,0,3,3
Gernique,0,3,3
Gernivon,3,0,3
Gernoëllys,0,3,3
Gernoldie,0,3,3
Gérnomi,3,0,3
Gernou,3,0,3
Gernt,3,0,3
Gernynke,0,3,3
Geroah,3,0,3
Gerobey,3,0,3
Gerocina,0,3,3
Gerodina,0,3,3
Gerodine,0,3,3
Geroel,0,3,3
Gerogori,3,0,3
Gérohn,3,0,3
Gerola,0,3,3
Gérold,3,0,3
Gerold-John,3,0,3
Gerolde,0,3,3
Geroldiën,0,3,3
Géroldine,0,3,3
Geroldvienne,0,3,3
Gerolien,0,3,3
Gerolph,3,0,3
Gerolphus,3,0,3
Gerolyn,0,3,3
Gérom,3,0,3
Geromairo,3,0,3
Geróme,3,0,3
Gerômé,3,0,3
Geromeo,3,0,3
Geromero,3,0,3
Geromino,3,0,3
Geromme,3,0,3
Géromy,0,3,3
Gèron,3,0,3
Geroné,0,3,3
Geronemo,3,0,3
Geroneymo,3,0,3
Geroniek,0,3,3
Geronihmo,3,0,3
Gérônimo,3,0,3
Gerõnimo,0,3,3
Geroninho,3,0,3
Geronique,0,3,3
Geronisma,0,3,3
Géronna,0,3,3
Geronnimo,3,0,3
Gerorgius,3,0,3
Gerosa,3,0,3
Gerowika,0,3,3
Geroy,3,0,3
Gerpetrus,3,0,3
Gerquenson,3,0,3
Gerraad,3,0,3
Gerradiena,0,3,3
Gerradin,0,3,3
Gerradt,3,0,3
Gerrael,3,0,3
Gerraili,3,0,3
Gerraldson,3,0,3
Gerraldus,3,0,3
Gerraly,3,0,3
Gerramy,3,0,3
Gerrandina,0,3,3
Gerranne,0,3,3
Gèrrard,3,0,3
Gérrard,3,0,3
Gerrard-Jan,3,0,3
Gerrarde,0,3,3
Gerrardis,3,0,3
Gerrardo,3,0,3
Gerratien,0,3,3
Gerreau,3,0,3
Gerreben,3,0,3
Gerreberdina,0,3,3
Gerrebranda,0,3,3
Gerrebrandina,0,3,3
Gerrechina,0,3,3
Gerred,3,0,3
Gerrediene,0,3,3
Gerredinus,3,0,3
Gerreetje,0,3,3
Gerregie,0,3,3
Gerreginus,3,0,3
Gerreint,3,0,3
Gerreiny,0,3,3
Gerreldina,0,3,3
Gerreldine,0,3,3
Gerrelinda,0,3,3
Gerrelino,3,0,3
Gerrellee,3,0,3
Gerrenice,0,3,3
Gerrenlain,0,3,3
Gerrentje,0,3,3
Gerreo,0,3,3
Gerreon,3,0,3
Gerrerda,0,3,3
Gerres,3,0,3
Gerretdinus,3,0,3
Gerreth,3,0,3
Gerréthen,3,0,3
Gerretina,0,3,3
Gerretjen,0,3,3
Gerrett,3,0,3
Gerrette,0,3,3
Gerrevain,3,0,3
Gerrey,3,0,3
Gerrezina,0,3,3
Gerri-Dina,0,3,3
Gerri-janne,0,3,3
Gerrianda,0,3,3
Gerriane,0,3,3
Gerrianka,0,3,3
Gerrianne-Henrieke,0,3,3
Gerrich,3,0,3
Gerrichie,0,3,3
Gerrid,3,0,3
Gerridiene,0,3,3
Gerridina-Elizabeth-Lena,0,3,3
Gerridus,3,0,3
Gerrie-Anna,0,3,3
Gerrie-Anneke,0,3,3
Gerrie-Cor,0,3,3
Gerrie-Janna,0,3,3
Gerrie-janne,0,3,3
Gerrie-Jo,3,0,3
Gerrie-John,3,0,3
Gerrie-Marie,0,3,3
Gerrie-Sanne,0,3,3
Gerrie-Wilma,0,3,3
Gerriea,0,3,3
Gerried,3,0,3
Gerrieda,0,3,3
Gerrieka,0,3,3
Gerriël,0,3,3
Gerrielle,0,3,3
Gerrienne,3,0,3
Gerrieonne,0,3,3
Gerrietdiena,0,3,3
Gerriëte,0,3,3
Gerrietjan,3,0,3
Gerriëtt,0,3,3
Gerriētte,0,3,3
Gerrig,3,0,3
Gerriggi,0,3,3
Gerrigien,0,3,3
Gerrigiena,0,3,3
Gerrigje-Maria,0,3,3
Gerrijana,0,3,3
Gerrijanda,0,3,3
Gerrijanna,0,3,3
Gerrikje,0,3,3
Gerrikke,3,0,3
Gerril,3,0,3
Gerriley,3,0,3
Gerrilinde,0,3,3
Gerrim,3,0,3
Gerriña,0,3,3
Gerrineke,0,3,3
Gerrinne,0,3,3
Gerriño,3,0,3
Gerrinthe,0,3,3
Gerrio,3,0,3
Gerrique,0,3,3
Gerris,3,0,3
Gerrisca,0,3,3
Gerrisiena,0,3,3
Gerrisje,0,3,3
Gerriske,0,3,3
Gerrit-Aart,3,0,3
Gerrit-Albert,3,0,3
Gerrit-Bartholomeus,3,0,3
Gerrit-Bastiaan,3,0,3
Gerrit-Christiaan,3,0,3
Gerrit-Daniël,3,0,3
Gerrit-Dick,3,0,3
Gerrit-Dinand,3,0,3
Gerrit-Frank,3,0,3
Gerrit-Frits,3,0,3
Gerrit-Gerco,3,0,3
Gerrit-Gradus,3,0,3
Gerrit-Han,3,0,3
Gerrit-Hein,3,0,3
Gerrit-Henk,3,0,3
Gerrit-Iman,3,0,3
Gerrit-Jaap,3,0,3
Gerrit-Jan-Willem,3,0,3
Gerrit-Jasper,3,0,3
Gerrit-Jeroen,3,0,3
Gerrit-Joost,3,0,3
Gerrit-Joris,3,0,3
Gerrit-Kees,3,0,3
Gerrit-Kjeld,3,0,3
Gerrit-Klaas,3,0,3
Gerrit-Lachminarain,3,0,3
Gerrit-Lorenz,3,0,3
Gerrit-Nico,3,0,3
Gerrit-Oene,3,0,3
Gerrit-Paul,3,0,3
Gerrit-Peter,3,0,3
Gerrit-Raffel,3,0,3
Gerrit-Ruth,3,0,3
Gerrit-Wijnand,3,0,3
Gerrit-Willem-Jan,3,0,3
Gerrit-Yme,3,0,3
Gerritbartha,3,0,3
Gerritbiena,0,3,3
Gerritbina,0,3,3
Gerritbrand,3,0,3
Gerritdana,0,3,3
Gerritdientjen,0,3,3
Gerritdina-Johanna,0,3,3
Gerritdinah,0,3,3
Gerritdineke,0,3,3
Gerritdini,0,3,3
Gerritdino,3,0,3
Gerrithans,3,0,3
Gerritiena,0,3,3
Gerritjan-Gerben,3,0,3
Gerritjan-Willem,3,0,3
Gerritjannetje,0,3,3
Gerritje-Anne,0,3,3
Gerritje-Gerjanne,0,3,3
Gerritje-Gerrie,0,3,3
Gerritje-Janna,0,3,3
Gerritje-Willempje,0,3,3
Gerritji,0,3,3
Gerritlina,0,3,3
Gerritsa,0,3,3
Gerritsha,0,3,3
Gerritsonson,3,0,3
Gerrittiena,0,3,3
Gerrittruida,0,3,3
Gerritwillem,3,0,3
Gerrity,0,3,3
Gerritzen,3,0,3
Gerritzon,3,0,3
Gerritzoon,3,0,3
Gerrius,3,0,3
Gerriviëne,0,3,3
Gerriyon,0,3,3
Gerrlien,0,3,3
Gerrolda,0,3,3
Gerrolde,0,3,3
Gerroldine,0,3,3
Gerroldus,3,0,3
Gerrolson,3,0,3
Gerrona,0,3,3
Gerruth,0,3,3
Gerry-Ann,0,3,3
Gerry-Lou,0,3,3
Gerryan,3,0,3
Gerryana,0,3,3
Gerrychje,0,3,3
Gerrydina,0,3,3
Gerryjan,3,0,3
Gerryjanne,0,3,3
Gerryke,0,3,3
Gerryl,3,0,3
Gerrylor,3,0,3
Gerrylynn,0,3,3
Gerrynius,3,0,3
Gerryonne,0,3,3
Gerryse,0,3,3
Gerryt-Douwe,3,0,3
Gerryta,0,3,3
Gerrytdina,0,3,3
Gersa,0,3,3
Gersal,3,0,3
Gersandre,0,3,3
Gersanna,0,3,3
Gersanne,0,3,3
Gerscha,0,3,3
Gersen,3,0,3
Gersén,3,0,3
Gersénio,3,0,3
Gersephiniho,3,0,3
Gershairo,3,0,3
Gersham,3,0,3
Gershardion,3,0,3
Gersharmillion,3,0,3
Gersharra,0,3,3
Gershawn,3,0,3
Gershelino,3,0,3
Gershen,3,0,3
Gersheny,0,3,3
Gershianne,0,3,3
Gershly,3,0,3
Gérshon,3,0,3
Gèrshon,3,0,3
Gersi,3,0,3
Gersianne,0,3,3
Gersiano,3,0,3
Gersiene,0,3,3
Gersiëntely,0,3,3
Gersihno,3,0,3
Gersimi,0,3,3
Gersinho,3,0,3
Gersinjo,3,0,3
Gersiño,3,0,3
Gersjhendley,3,0,3
Gersjom,3,0,3
Gersjon,3,0,3
Gersjonida,0,3,3
Gersmarie,0,3,3
Gersón,3,0,3
Gersony,0,3,3
Gerstagraaf,0,3,3
Gerstel,0,3,3
Gerstella,0,3,3
Gerstiena,0,3,3
Gerstin,3,0,3
Gerston,3,0,3
Gersus,3,0,3
Gerswhin,3,0,3
Gersyd,3,0,3
Gersyl,0,3,3
Gerszoon,3,0,3
Gert-,3,0,3
Gert-Coen,3,0,3
Gert-Dinand,3,0,3
Gert-Ewout,3,0,3
Gert-Franke,3,0,3
Gert-Han,3,0,3
Gert-Hans,3,0,3
Gert-Harm,3,0,3
Gert-Harmannes,3,0,3
Gert-Hendrik,3,0,3
Gèrt-Jan,3,0,3
Gert-Jeanne,3,0,3
Gert-Jo,3,0,3
Gert-Jos,3,0,3
Gert-Kees,3,0,3
Gert-Klaas,3,0,3
Gert-Krijn,3,0,3
Gert-Léon,3,0,3
Gert-Marcel,3,0,3
Gert-Marijn,3,0,3
Gert-Mark,3,0,3
Gert-Marten,3,0,3
Gert-Martijn,3,0,3
Gert-Michiel,3,0,3
Gert-Murk,3,0,3
Gert-Niels,3,0,3
Gert-Paul,3,0,3
Gert-Rik,3,0,3
Gert-Rudi,3,0,3
Gert-Ruth,3,0,3
Gert-Toine,3,0,3
Gert-Tom,3,0,3
Gert-Wessel,3,0,3
Gert-Win,3,0,3
Gertan,3,0,3
Gertasha,0,3,3
Gertbert,3,0,3
Gertbrand,3,0,3
Gertdien,0,3,3
Gerteka,0,3,3
Gertelson,3,0,3
Gerthein,3,0,3
Gerthenk,3,0,3
Gertheo,3,0,3
Gerthi,0,3,3
Gerthia,0,3,3
Gerthijn,3,0,3
Gerthilda,0,3,3
Gerthina,0,3,3
Gerthindrik,3,0,3
Gerthine,0,3,3
Gerthom,3,0,3
Gerthrua,0,3,3
Gertian,0,3,3
Gertijm,3,0,3
Gertinius,3,0,3
Gertius,3,0,3
Gertjal,3,0,3
Gertjan-Herman,3,0,3
Gertjan-Jelle,3,0,3
Gertjanne,0,3,3
Gertjanneke,0,3,3
Gertjanszoon,3,0,3
Gertjen,3,0,3
Gertji,0,3,3
GertJohan,3,0,3
Gertjohn,3,0,3
Gertke,3,0,3
Gertley,3,0,3
Gertman,3,0,3
Gertmar,3,0,3
Gertmine,0,3,3
Gertolina,0,3,3
Gertonette,0,3,3
Gertoni,0,3,3
Gertonio,3,0,3
Gertrauda,0,3,3
Gertraudi,0,3,3
Gertraute,0,3,3
Gertrich,3,0,3
Gertrik,3,0,3
Gertroda,0,3,3
Gertrŭ,0,3,3
Gertrŭd,0,3,3
Gertrùd,0,3,3
Gértrude,0,3,3
Gertrudel,0,3,3
Gertruden,0,3,3
Gertrudez,0,3,3
Gertrudiane,0,3,3
Gertrudiebert,3,0,3
Gertrudio,0,3,3
Gertrudt,0,3,3
Gertruhde,0,3,3
Gertruïde,0,3,3
Gertruides,0,3,3
Gertruido,3,0,3
Gertruidy,0,3,3
Gertruijda,0,3,3
Gertruse,0,3,3
Gertrutt,0,3,3
Gertruudus,3,0,3
Gertruusta,0,3,3
Gertselene,0,3,3
Gertszoon,3,0,3
Gerttia,0,3,3
Gertudis,0,3,3
Gertudus,3,0,3
Gertus,3,0,3
Gertwillem,3,0,3
Gertzoon,3,0,3
Gerubina,0,3,3
Gerude,3,0,3
Gerudes,3,0,3
Geruillo,3,0,3
Geruisa,0,3,3
Gerulfia,0,3,3
Gerulfus,3,0,3
Gerutruda,0,3,3
Gerva,0,3,3
Gervain,3,0,3
Gervana,0,3,3
Gervane,3,0,3
Gervania,0,3,3
Gervanio,3,0,3
Gervantely,0,3,3
Gervaro,3,0,3
Gervasiea,0,3,3
Gervaso,3,0,3
Gervayro,3,0,3
Gerve,3,0,3
Gervelando,3,0,3
Gerveliñio,3,0,3
Gerven,3,0,3
Gèrven,3,0,3
Gervensly,3,0,3
Gerveny,0,3,3
Gerverdson,3,0,3
Gervianni,3,0,3
Gerviany,3,0,3
Gervien,3,0,3
Gervienetty,0,3,3
Gervienus,3,0,3
Gervine,0,3,3
Gervinia,0,3,3
Gerviniano,3,0,3
Gervinnio,3,0,3
Gervinyo,3,0,3
Gervirlion,3,0,3
Gervois,3,0,3
Gervya,0,3,3
Gervyon,3,0,3
Gerwalda,0,3,3
Gerwaldus,3,0,3
Gerwan,3,0,3
Gerwanio,3,0,3
Gerwenchella,0,3,3
Gerwendrick,3,0,3
Gerwerd,3,0,3
Gerwian,3,0,3
Gerwic,3,0,3
Gerwiea,0,3,3
Gerwiena,0,3,3
Gerwiene,0,3,3
Gerwiens,3,0,3
Gerwihl,3,0,3
Gerwilda,0,3,3
Gerwilde,0,3,3
Gerwille,0,3,3
Gerwin-Ane,3,0,3
Gerwin-Gerardus,3,0,3
Gerwineke,0,3,3
Gerwolt,3,0,3
Gerwonia,0,3,3
Gery-Beau,0,3,3
Gerya,0,3,3
Geryane,0,3,3
Geryann,3,0,3
Geryanna,0,3,3
Géryanne,0,3,3
Geryano,3,0,3
Gerybet,3,0,3
Geryelle,0,3,3
Geryfrén,3,0,3
Gerygoria,0,3,3
Gerylio,3,0,3
Geryo,3,0,3
Geryos,0,3,3
Geryse,0,3,3
Geryson,3,0,3
Gerza,3,0,3
Gerzia,0,3,3
Gerzie,0,3,3
Gerziena,0,3,3
Gerzin,3,0,3
Gerzine,0,3,3
Gerzinho,3,0,3
Gerzjomir,3,0,3
Ges,0,3,3
Gesalien,0,3,3
Gesalina,0,3,3
Gesan,0,3,3
Gesar,3,0,3
Gescha,0,3,3
Gescheline,0,3,3
Gese,0,3,3
Geselinde,0,3,3
Géseline,0,3,3
Gésella,0,3,3
Geselma,0,3,3
Gesemani,0,3,3
Gesencio,3,0,3
Geserio,3,0,3
Gesèry,0,3,3
Geses,3,0,3
Gesewina,0,3,3
Gesha,0,3,3
Géshaeno,3,0,3
Geshal,3,0,3
Geshany,0,3,3
Geshlyne,0,3,3
Gesi,0,3,3
Gesianna,0,3,3
Gésiène,0,3,3
Gesienes,3,0,3
Gésienes,3,0,3
Gesilda,3,0,3
Gesin,3,0,3
Gesina-Hinderkien,0,3,3
Gesinia,0,3,3
Gesinneke,0,3,3
Gesino,3,0,3
Gesite,0,3,3
Géskea,0,3,3
Gesken,0,3,3
Gesl,3,0,3
Gesley,3,0,3
Geslina,0,3,3
Gesly,0,3,3
Géslymar,3,0,3
Geslyn,3,0,3
Gesna,0,3,3
Gesner,3,0,3
Gesoena,0,3,3
Gesrauw,3,0,3
Gesriël,3,0,3
Gesrôhn,3,0,3
Gessa,0,3,3
Gesse,0,3,3
Gesseray,3,0,3
Gessiena,0,3,3
Gessina,0,3,3
Gessler,3,0,3
Gesten,3,0,3
Gester,3,0,3
Gestine,0,3,3
Geston,3,0,3
Gestow,3,0,3
Gestrid,0,3,3
Gestrudis,0,3,3
Gestsdóttir,0,3,3
Gestsson,3,0,3
Gesualdo,3,0,3
Gesvin,3,0,3
Gesyina,0,3,3
Gesyna,0,3,3
Gesz,0,3,3
Getalem,3,0,3
Getangelie,0,3,3
Getarda,0,3,3
Getayawkal,3,0,3
Getené,0,3,3
Getey,0,3,3
Geth,3,0,3
Gethildis,3,0,3
Gethin,3,0,3
Geti,0,3,3
Getie,0,3,3
Gétih,0,3,3
Getina,0,3,3
Getine,0,3,3
Getjada,0,3,3
Getmar,3,0,3
Getner,3,0,3
Getrea,0,3,3
Getredis,0,3,3
Getrisje,0,3,3
Getru,0,3,3
Gette,0,3,3
Getteke,0,3,3
Gettjen,0,3,3
Gètulio,3,0,3
Getwil,0,3,3
Getwin,3,0,3
Getyar,3,0,3
Getynio,3,0,3
Getzëmane,0,3,3
Getzje,0,3,3
Geubel,3,0,3
Geuchièn,3,0,3
Geuchiene,0,3,3
Geuchinus,3,0,3
Geugenuha,0,3,3
Geujelien,0,3,3
Geujelientje,0,3,3
Geujelina,0,3,3
Geujelinde,0,3,3
Geukedina,0,3,3
Geukelientje,0,3,3
Geukolien,0,3,3
Geula,0,3,3
Geulanda,0,3,3
Geuljerka,0,3,3
Geumaaraishlien,0,3,3
Geuné,0,3,3
Geune,0,3,3
Geuradina,0,3,3
Geurarda,0,3,3
Geurerika,0,3,3
Geureyda,0,3,3
Geurge,3,0,3
Geurica,0,3,3
Geurieke,0,3,3
Geuriëtte,0,3,3
Geurika,0,3,3
Geurine,0,3,3
Geurinette,0,3,3
Geurino,3,0,3
Geurisette,0,3,3
Geuritha,0,3,3
Geurl,3,0,3
Geurlinda,0,3,3
Geurlinde,0,3,3
Geurlique,0,3,3
Geurmeny,0,3,3
Geurodisc,0,3,3
Geurrita,0,3,3
Geursaid,3,0,3
Geursand,0,3,3
Geursina,0,3,3
Geurt-Hein,3,0,3
Geurt-Hendrik,3,0,3
Geurt-Paul,3,0,3
Geurt-Sander,3,0,3
Geurte,0,3,3
Geurteloise,0,3,3
Geurten,3,0,3
Geurthina,0,3,3
Geurtiene,0,3,3
Geurtje-Anna,0,3,3
Geurtjen,0,3,3
Geurtrina,0,3,3
Geurtruda,0,3,3
Geurtse,3,0,3
Geurtwin,3,0,3
Geuryan,0,3,3
Geuselinde,0,3,3
Geusette,0,3,3
Geuvelien,0,3,3
Geuverdina,0,3,3
Geuze,3,0,3
Geva,0,3,3
Gevaert,3,0,3
Gevah,0,3,3
Gevahron,3,0,3
Gevainey,0,3,3
Gevainio,3,0,3
Gevainly,0,3,3
Gevainy,0,3,3
Gevairio,3,0,3
Gèvale,3,0,3
Gevan,3,0,3
Gevandro,3,0,3
Gevanel,3,0,3
Gevaney,3,0,3
Gevani,3,0,3
Gévani,3,0,3
Gevanie,3,0,3
Gevanio,3,0,3
Gevanny,3,0,3
Gevanthé,3,0,3
Gevany,0,3,3
Gevara,3,0,3
Gevarez,3,0,3
Gevario,3,0,3
Gevaro,3,0,3
Gevas,3,0,3
Gevaudan,3,0,3
Gevayno,3,0,3
Gevelia,0,3,3
Gevelina,0,3,3
Gèvella,0,3,3
Gevendhro,3,0,3
Gevendra,0,3,3
Gevenelly,0,3,3
Gevenley,3,0,3
Gevensley,3,0,3
Gevenzo,3,0,3
Gevernants,3,0,3
Geverny,0,3,3
Gévero,3,0,3
Geveron,3,0,3
Geverynio,3,0,3
Geviëan,3,0,3
Geviën,3,0,3
Gevile,0,3,3
Geviljo,3,0,3
Geville,3,0,3
Gevillo,3,0,3
Gèvin,3,0,3
Gevine,0,3,3
Gevinio,3,0,3
Gevinyo,3,0,3
Gevion,3,0,3
Gevionne,3,0,3
Gévirnick,3,0,3
Geviyano,3,0,3
Gevoï,3,0,3
Gévon,3,0,3
Gevonté,3,0,3
Gevorgi,3,0,3
Gevrey,3,0,3
Gevrye,3,0,3
Gevyor,3,0,3
Gewaldine,0,3,3
Gewargis,3,0,3
Gewayne,3,0,3
Gewelke,0,3,3
Gewen,3,0,3
Gewin,3,0,3
Geyano,3,0,3
Géybryell,3,0,3
Geyda,0,3,3
Geydrionne,3,0,3
Geyenomar,3,0,3
Geyers,3,0,3
Geyke,0,3,3
Geylan,3,0,3
Geylend,3,0,3
Geylice,0,3,3
Geylon,3,0,3
Geylord,3,0,3
Gëynailynn,0,3,3
Géynara,0,3,3
Geyoureino,3,0,3
Geyovani,3,0,3
Geyria,0,3,3
Geyrodinhio,3,0,3
Geyvden-Gyeor,3,0,3
Geyveny,0,3,3
Geyviën,3,0,3
Geyvientley,3,0,3
Geyvion,3,0,3
Gezadi,0,3,3
Gezana,0,3,3
Gezane,3,0,3
Gezani,3,0,3
Gezann,0,3,3
Gezaro,3,0,3
Gezelien,0,3,3
Gézella,0,3,3
Gezer,3,0,3
Gezi,3,0,3
Gézien,0,3,3
Géziena,0,3,3
Gezilla,0,3,3
Gezina-Gitâ,0,3,3
Gezina-Jenneken,0,3,3
Gezinius,3,0,3
Gezino,3,0,3
Gezinus-Jan,3,0,3
Gezinusjan,3,0,3
Gezlan,0,3,3
Gezmiş,3,0,3
Gezmis,3,0,3
Gezy,0,3,3
Gezzelina,0,3,3
GGFT,0,3,3
GGL,3,0,3
Ggula,3,0,3
Gh'eanella,0,3,3
Gha,3,0,3
GHA,3,0,3
Ghaaliyah,0,3,3
Ghaandew,3,0,3
Ghaazaal,0,3,3
Ghaazal,0,3,3
Ghabriel,3,0,3
Ghabryl,3,0,3
Ghadah,0,3,3
Ghadeja,0,3,3
Ghadidja,0,3,3
Ghadiedjah,0,3,3
Ghadieja,0,3,3
Ghadier,0,3,3
Ghadiri,3,0,3
Ghadisja,0,3,3
Ghadizja,0,3,3
Ghadjinder,3,0,3
Ghàffaar,3,0,3
Ghaffari,3,0,3
Ghaffoer,3,0,3
Ghafoeran,0,3,3
Ghafour,3,0,3
Ghai,0,3,3
Ghai-Njon,0,3,3
Ghaibar,3,0,3
Ghaietrie,0,3,3
Ghaijtrie,0,3,3
Ghailán,3,0,3
Ghailas,0,3,3
Ghair,3,0,3
Ghaira,0,3,3
Ghaireddine,3,0,3
Ghairo,3,0,3
Ghairoelniesa,0,3,3
Ghairoenisa,0,3,3
Ghairoennisha,0,3,3
Ghairti,0,3,3
Ghaisan,3,0,3
Ghaiterie,0,3,3
Ghaitridebi,0,3,3
Ghaitridewie,0,3,3
Ghaitriedevi,0,3,3
Ghaitriedibie,0,3,3
Ghaiya,0,3,3
Ghaiytri,0,3,3
Ghajadin,3,0,3
Ghajah,3,0,3
Ghajendraperkash,3,0,3
Ghaldia,0,3,3
Ghaleb,3,0,3
Ghaleel,3,0,3
Ghalem,3,0,3
Ghalieda,0,3,3
Ghaliedkhan,3,0,3
Ghalief,3,0,3
Ghaliefa,3,0,3
Ghaliet,3,0,3
Ghaliha,0,3,3
Ghalil-allah,3,0,3
Ghalilijan,3,0,3
Ghalisia,0,3,3
Ghalissa,0,3,3
Ghaliyah,0,3,3
Ghalliel,3,0,3
Ghallil,3,0,3
Ghalya,0,3,3
Ghamallia,0,3,3
Ghamar,3,0,3
Ghamel,3,0,3
Ghamkin,3,0,3
Ghamssa,0,3,3
Ghamté,3,0,3
Ghanam,0,3,3
Ghanani,0,3,3
Ghanda,0,3,3
Ghando,3,0,3
Ghaneesha,0,3,3
Ghaneley,0,3,3
Ghanella,0,3,3
Ghaneme,0,3,3
Ghanena,0,3,3
Ghanes,3,0,3
Ghangsar,3,0,3
Ghàni,3,0,3
Ghanice,3,0,3
Ghanie,3,0,3
Ghanifah,0,3,3
Ghanish,3,0,3
Ghanisha,0,3,3
Ghaniya,0,3,3
Ghannila,0,3,3
Ghannis,3,0,3
Ghannou,0,3,3
Ghansa,0,3,3
Ghansjaam,3,0,3
Ghanta,0,3,3
Ghanteir,0,3,3
Ghanti,0,3,3
Ghaouti,3,0,3
Gharae,0,3,3
Gharam,0,3,3
Gharboua,0,3,3
Gharbye,0,3,3
Ghardinja,0,3,3
Ghàrell,3,0,3
Gharghosht,3,0,3
Ghari,0,3,3
Gharinnio,3,0,3
Ghasem,3,0,3
Ghasemi,3,0,3
Ghashayar,3,0,3
Ghassaan,3,0,3
Ghassán,3,0,3
Ghassem,3,0,3
Ghassen,3,0,3
Ghaswantrie,0,3,3
Ghatab,3,0,3
Ghatchik,3,0,3
Ghatera,0,3,3
Ghathoen,0,3,3
Ghathy,0,3,3
Ghatija,0,3,3
Ghatoennisa,0,3,3
Ghatool,0,3,3
Ghatoun,0,3,3
Ghatra,0,3,3
Ghaulah,0,3,3
Ghaurish,3,0,3
Ghausia,0,3,3
Ghausiazem,3,0,3
Ghautemie,0,3,3
Ghauzi,0,3,3
Ghawaze-Ali,3,0,3
Ghawla,0,3,3
Ghawridebi,0,3,3
Ghayas,0,3,3
Ghayton,3,0,3
Ghaytridewie,0,3,3
Ghayyas,3,0,3
Ghazalah,0,3,3
Ghazaleh,0,3,3
Ghazie,3,0,3
Ghazima,0,3,3
Ghazouan,3,0,3
Ghazya,0,3,3
GHB,0,3,3
Ghbrel,3,0,3
Gheano,3,0,3
Ghëarmiangelijanno,3,0,3
Gheaven,3,0,3
Ghebre,3,0,3
Ghebryal,3,0,3
Ghede,0,3,3
Ghedy,0,3,3
Ghee,3,0,3
Gheerdina,0,3,3
Gheesian,3,0,3
Gheetangeli,0,3,3
Gheetanjëlie,0,3,3
Gheetanyali,0,3,3
Ghéhan,0,3,3
Ghelamacel,3,0,3
Ghelaya,0,3,3
Ghelayni,0,3,3
Ghelaysha,0,3,3
Ghelion,3,0,3
Ghelmaan,3,0,3
Ghelmer,3,0,3
Ghemma,0,3,3
Ghemoh,3,0,3
Ghendewa,3,0,3
Ghenea,0,3,3
Ghenefega,3,0,3
Ghenery,0,3,3
Ghenesakapoer,3,0,3
Ghenesis,0,3,3
Ghengis,3,0,3
Ghenino,3,0,3
Ghennet,3,0,3
Ghenny,3,0,3
Ghenrickson,3,0,3
Gheorghesin,3,0,3
Gher,3,0,3
Ghera,0,3,3
Gheranimo,3,0,3
Gherayshomain,3,0,3
Gherben,3,0,3
Ghergash,3,0,3
Ghergh,3,0,3
Gherina,0,3,3
Gherj-cy,0,3,3
Gherja,3,0,3
Ghermain,3,0,3
Ghermanio,3,0,3
Ghermawit,0,3,3
Ghermy,3,0,3
Ghernayli,0,3,3
Ghernmirlin,0,3,3
Ghernot,3,0,3
Ghersioon,3,0,3
Ghèrvion,3,0,3
Ghesghis,3,0,3
Ghesina,0,3,3
Ghesmin,0,3,3
Ghésus,3,0,3
Ghet,3,0,3
Gheti,0,3,3
Ghetsina,0,3,3
Ghevanity,0,3,3
Ghevently,3,0,3
Ghevurah,0,3,3
Ghewet,0,3,3
Gheylanna,0,3,3
Gheyshaun,3,0,3
Ghezlan,0,3,3
Ghezus,3,0,3
GHF,0,3,3
Ghfar,3,0,3
Ghi'Nay-Briannah,0,3,3
Ghi'Shaino,3,0,3
Ghi'zaïna,0,3,3
Ghi-Ferron,3,0,3
Ghiada,0,3,3
Ghian-Rafic,3,0,3
Ghianna,0,3,3
Ghiannah,0,3,3
Ghiant,3,0,3
Ghiarelyse,0,3,3
Ghiarley,0,3,3
Ghiaro,3,0,3
Ghias,3,0,3
Ghiaz,3,0,3
Ghicella,0,3,3
Ghichaino,3,0,3
Ghidei,0,3,3
Ghidoine,0,3,3
Ghidy,0,3,3
GhieDejan,3,0,3
Ghiem,0,3,3
Ghien-fa,3,0,3
Ghien-jien,3,0,3
Ghien-Liong,3,0,3
Ghiera,0,3,3
Ghierdew,3,0,3
Ghieslain,3,0,3
Ghieslaine,0,3,3
Ghietandjelie,0,3,3
Ghieti,0,3,3
Ghifara,3,0,3
Ghifari,3,0,3
Ghihad,3,0,3
Ghijan,3,0,3
Ghilain,3,0,3
Ghilan,3,0,3
Ghilanio,3,0,3
Ghilano,3,0,3
Ghilartensio,3,0,3
Ghilas,3,0,3
Ghilèine,0,3,3
Ghileman,3,0,3
Ghilenne,0,3,3
Ghilermo,3,0,3
Ghileyna,0,3,3
Ghiliana,0,3,3
Ghiline,0,3,3
Ghiljo,3,0,3
Ghill-Xavier,3,0,3
Ghillaine,0,3,3
Ghillan,3,0,3
Ghilles,3,0,3
Ghilon,3,0,3
Ghilsebertha,0,3,3
Ghima,3,0,3
Ghimany,3,0,3
Ghimirey,0,3,3
Ghinaira,0,3,3
Ghinaisheley,0,3,3
Ghinaya,0,3,3
Ghinayla,0,3,3
Ghinayro,3,0,3
Ghindi,3,0,3
Ghineffty,0,3,3
Ghinhunley,3,0,3
Ghinnelves,3,0,3
Ghinnjurno,3,0,3
Ghinregvalña,0,3,3
Ghinriavely,0,3,3
Ghiny,0,3,3
Ghioane,3,0,3
Ghionne,0,3,3
Ghiorghi,3,0,3
Ghiosua,3,0,3
Ghiot,3,0,3
Ghiovanni,3,0,3
Ghioya,0,3,3
Ghirdjanand,3,0,3
Ghirëano,3,0,3
Ghiresh,3,0,3
Ghirish,3,0,3
Ghirmai,3,0,3
Ghirmaye,3,0,3
Ghirshan,3,0,3
Ghirtruida,0,3,3
Ghiry,3,0,3
Ghis-Ann,0,3,3
Ghisa,0,3,3
Ghisaikumar,3,0,3
Ghisan,0,3,3
Ghisana,0,3,3
Ghisanlall,3,0,3
Ghisberthe,0,3,3
Ghisbertine,0,3,3
Ghisberto,3,0,3
Ghisbertus,3,0,3
Ghisebert,3,0,3
Ghisêl,0,3,3
Ghiselein,3,0,3
Ghiselène,0,3,3
Ghiselinde,0,3,3
Ghishainely,0,3,3
Ghishaino,3,0,3
Ghisladebi,0,3,3
Ghislain-Charles,3,0,3
Ghislainé,0,3,3
Ghislaïne,0,3,3
Ghislaine-Nevada,0,3,3
Ghislaines,3,0,3
Ghislainey,0,3,3
Ghislaintje,0,3,3
Ghislainy,0,3,3
Ghislaire,0,3,3
Ghislanus,3,0,3
Ghislayn,0,3,3
Ghisleine,0,3,3
Ghislen,3,0,3
Ghislene,0,3,3
Ghislenia,0,3,3
Ghisline,0,3,3
Ghisonra,0,3,3
Ghisron,3,0,3
Ghisslaine,0,3,3
Ghistella,0,3,3
Ghitana,0,3,3
Ghiti,0,3,3
Ghitza,3,0,3
Ghitze,3,0,3
Ghiva,0,3,3
Ghivainsheley,0,3,3
Ghivanisha,0,3,3
Ghivanne,0,3,3
Ghiven,3,0,3
Ghivinio,3,0,3
Ghivon,3,0,3
Ghivyra,0,3,3
Ghiyath,3,0,3
Ghiyemi,0,3,3
Ghiyorgihno,3,0,3
Ghizala,0,3,3
Ghizelda,0,3,3
Ghizlaan,0,3,3
Ghizlain,0,3,3
Ghizlaïne,0,3,3
Ghizlen,0,3,3
Ghizlîn,0,3,3
Ghizr,3,0,3
GHJ,3,0,3
Ghleijmer,3,0,3
Ghlowy,0,3,3
Ghnsa,0,3,3
Ghodratullah,0,3,3
Ghoeda,3,0,3
Ghoelam,3,0,3
Ghoelradj,3,0,3
Ghoeman,0,3,3
Ghoemti,0,3,3
Ghoesma,0,3,3
Ghoesmadebie,0,3,3
Ghoesna,0,3,3
Ghofraan,3,0,3
Ghohir-e-Houssain,3,0,3
Gholfo,0,3,3
Ghon-Fa,3,0,3
Ghong,3,0,3
Ghonson,3,0,3
Ghoos,3,0,3
Ghoria,0,3,3
Ghorman,3,0,3
Ghoroor,3,0,3
Ghosroh,3,0,3
Ghotidja,0,3,3
Ghotidjah,0,3,3
Ghoufran,0,3,3
Ghoufrâne,0,3,3
Ghoulam,3,0,3
Ghoulem,3,0,3
Ghouloud,0,3,3
Ghouri,0,3,3
Ghousia,0,3,3
Ghoussun,0,3,3
Ghouti,3,0,3
Ghovand,3,0,3
Ghoyla,0,3,3
Ghozaïma,3,0,3
Ghrabielle,0,3,3
Ghraisainne,0,3,3
Ghrisi,0,3,3
Ghrislaine,0,3,3
Ghuana,0,3,3
Ghubaib,3,0,3
Ghuido,3,0,3
Ghuislaine,0,3,3
Ghulam-Hasnain,3,0,3
Ghulammujaddid,3,0,3
Ghulmrasool,0,3,3
Ghun,3,0,3
Ghunisca,0,3,3
Ghünter,3,0,3
Ghunter,0,3,3
Ghunwantie,0,3,3
Ghuóme,3,0,3
Ghurahoo,0,3,3
Ghurmy,3,0,3
Ghuroedatt,3,0,3
Ghuryann,0,3,3
Ghusboo,0,3,3
Ghushanjali,0,3,3
Ghusjal,3,0,3
Ghuy,3,0,3
Ghuylian,3,0,3
Ghyanho,3,0,3
Ghyani,3,0,3
Ghyarco,3,0,3
Ghybrian,3,0,3
Ghydo,3,0,3
Ghylaìne,0,3,3
Ghyli,0,3,3
Ghylia,0,3,3
Ghyma,3,0,3
Ghymairo,3,0,3
Ghymareon,3,0,3
Ghynisa,0,3,3
Ghyno-Guanytho,3,0,3
Ghynomar,3,0,3
Ghyro,3,0,3
Ghyrroy,3,0,3
Ghysandra,0,3,3
Ghysbertus,3,0,3
Ghysbrecht,3,0,3
Ghyslanne,0,3,3
Ghyslayne,0,3,3
Ghysleen,0,3,3
Ghyslenus,3,0,3
Ghysmène,0,3,3
Ghyziara,0,3,3
Ghzal,0,3,3
Gi'anchelly,0,3,3
Gi'anni,3,0,3
Gi'Daniël,3,0,3
Gi'eavenny,0,3,3
Gi'Llayón,3,0,3
Gi'lliandro,3,0,3
Gi'mairo,3,0,3
Gi'Naisha,0,3,3
Gi'Omani,3,0,3
Gi'shaily,0,3,3
Gi'tchiode',3,0,3
Gi'vayno,3,0,3
Gi'venchelly,3,0,3
Gi'vendrey,3,0,3
Gi'viënchely,0,3,3
Gi-aime,0,3,3
Gi-angelie,0,3,3
Gi-Angelley,0,3,3
Gi-Angelly,0,3,3
Gi-Anne,0,3,3
Gi-antzio,3,0,3
Gi-chantely,0,3,3
Gi-Chaya,0,3,3
Gi-eäleé,0,3,3
Gi-éaly,0,3,3
Gi-eaven,0,3,3
Gi-elney,0,3,3
Gi-Engelly,0,3,3
Gi-gairo,3,0,3
Gi-gi,0,3,3
Gi-janne,0,3,3
Gi-jéahro,3,0,3
Gi-Jegra,0,3,3
Gi-lani,3,0,3
Gi-Lelie,0,3,3
Gi-Liandro,3,0,3
Gi-Lobie,0,3,3
Gi-lucisha,0,3,3
Gi-mani,3,0,3
Gi-Mayri,3,0,3
Gi-nailgiën,3,0,3
Gi-Noáh,3,0,3
Gi-omy,0,3,3
Gi-Rainey,3,0,3
Gi-Raishya,0,3,3
Gi-Rean,3,0,3
Gi-Shairon,3,0,3
Gi-Shane,3,0,3
Gi-vano,3,0,3
Gi-Viënchélly,0,3,3
Gi-viënchely,0,3,3
Gi-Viëntelley,0,3,3
Gi-Yara,0,3,3
Gi-yome,3,0,3
Gi-Yu,0,3,3
Gia'da,0,3,3
Gia'Liah,0,3,3
Gia-Alliana,0,3,3
Gia-Ân,3,0,3
Gia-Han,0,3,3
Gia-Huy,3,0,3
Gia-Linh,0,3,3
Gia-Man,0,3,3
Gia-Ngoc,0,3,3
Gia-Vienna,0,3,3
Giaanie,3,0,3
Giabao,3,0,3
Giacaé,0,3,3
Giacamo,3,0,3
Giacaro,3,0,3
Giacchini,0,3,3
Giacchino,3,0,3
Giacchomo,3,0,3
Giacenta,0,3,3
Giachellies,0,3,3
Giacintha,0,3,3
Giacintho,3,0,3
Giaco,3,0,3
Giacolina,0,3,3
Giacoma,0,3,3
Giacomo-Paulo,3,0,3
Giacyntha,0,3,3
Giadda,0,3,3
Giaden,3,0,3
Giadeska,0,3,3
Giadia,0,3,3
Giael,0,3,3
Giafeñoa,0,3,3
Giaffa,0,3,3
Giaffainy,0,3,3
Giagomo,3,0,3
Giagonda,0,3,3
Giahan,0,3,3
Giahé,3,0,3
Giahn,0,3,3
Giahuy,3,0,3
Giaida,0,3,3
Giaimo,3,0,3
Giainluca,3,0,3
Giãiny,0,3,3
Gialac,3,0,3
Gialam,3,0,3
Gialana,0,3,3
Gialesi,3,0,3
Gialina,0,3,3
Gialinho,3,0,3
Gialisa,0,3,3
Gialitca,0,3,3
Gialitzia,0,3,3
Giallino,3,0,3
Gialoc,3,0,3
Gialynah,0,3,3
Giamairo,3,0,3
Giamaro,3,0,3
Giamayla,0,3,3
Giambattista,0,3,3
Giambone,3,0,3
Giamel,3,0,3
Giameno,3,0,3
Giameziël,3,0,3
Giami,3,0,3
Giamila,0,3,3
Giamingga,0,3,3
Giaminh,3,0,3
Giammaria,3,0,3
Giammy,0,3,3
Giampaulo,3,0,3
Giampierro,3,0,3
Gián,3,0,3
Giàn,3,0,3
Gian-Claudio,3,0,3
Gian-Franca,0,3,3
Gian-Franco,3,0,3
Gian-Li,3,0,3
Gian-Lucca,3,0,3
Gian-Lucci,3,0,3
Gian-Nick,3,0,3
Gian-Noah,3,0,3
Gian-Philippe,3,0,3
Gian-Piëtro,3,0,3
Gian-Sjaquir,3,0,3
Gian-Vittore,3,0,3
Gianaisa,0,3,3
Gianalfredo,3,0,3
Gianantonio,3,0,3
Gianara,0,3,3
Gianaylee,0,3,3
Gianaysha,0,3,3
Gianberr,3,0,3
Giancarla,0,3,3
Giancarllo,3,0,3
GianCarlo,3,0,3
Giancarlos,3,0,3
Giancaslo,3,0,3
Giancey,3,0,3
Gianchely,0,3,3
Gianciaro,3,0,3
Gianclaudio,3,0,3
Gianco,3,0,3
Giancy,0,3,3
Giandaly,0,3,3
Giande,0,3,3
Gianderny,3,0,3
Giandinho,3,0,3
Giandjorcio,3,0,3
Giandré,3,0,3
Giandrëa,0,3,3
Giandrely,0,3,3
Giandreylis,0,3,3
Giandrickson,3,0,3
Giandruw,3,0,3
Giandry,3,0,3
Gianeau,3,0,3
Gianeïra,0,3,3
Gianeiro,3,0,3
Gianel,0,3,3
Gianéla,0,3,3
Gianelisa,0,3,3
Gianello,3,0,3
Gianelo,3,0,3
Gianelys,0,3,3
Gianerinio,3,0,3
Gianerro,3,0,3
Gianeysha,0,3,3
Gianferro,3,0,3
Gianfilippe,3,0,3
Gianfrancò,3,0,3
Gianfry,3,0,3
Giang-Chau,0,3,3
Giangello,3,0,3
Giangelly,0,3,3
Gianguido,3,0,3
Gianho,3,0,3
Giáni,3,0,3
Gianï,0,3,3
Giani-Luca,3,0,3
Gianicia,0,3,3
Gianié,3,0,3
Gianill,3,0,3
Gianin,0,3,3
Gianinah,0,3,3
Gianine,0,3,3
Gianinio,3,0,3
Gianisa,0,3,3
Gianisha,0,3,3
Gianison,3,0,3
Gianissy,0,3,3
Gianita,0,3,3
Gianitza,0,3,3
Gianiyah,0,3,3
Gianlaura,0,3,3
Gianlouis,3,0,3
Gianlucas,3,0,3
Gianlynho,3,0,3
Gianmaria,0,3,3
Gianmario,3,0,3
Gianmatteo,3,0,3
Gianmirélis,0,3,3
Giann-Carlo,3,0,3
Giann-Luca,3,0,3
Giann-Lucca,3,0,3
Giánna,0,3,3
Gianna-Belle,0,3,3
Gianna-Lee,0,3,3
Gianna-Lisa,0,3,3
Gianna-Nikita,0,3,3
Gianneala,0,3,3
Giannes,3,0,3
Giannì,3,0,3
Gianni-Angelo,3,0,3
Gianni-Ferré,3,0,3
Gianni-Luca,3,0,3
Gianni-Pieter,3,0,3
Giannilio,3,0,3
Giannina-Rachel,0,3,3
Gianniño,3,0,3
Gianniny,3,0,3
Giannio,3,0,3
Gianniro,3,0,3
Giannisa,0,3,3
Giannise,0,3,3
Giannpiero,3,0,3
Gianny-Davey,3,0,3
Gianny-Verginio,3,0,3
Giannymar,0,3,3
Giannys,0,3,3
Giannyva,0,3,3
Gianona,0,3,3
Gianos,3,0,3
Gianotte,0,3,3
Gianouall,3,0,3
Gianoulla,0,3,3
Gianovier,0,3,3
Gianpiero,3,0,3
Gianrah,0,3,3
Gianray,3,0,3
Gianrica,0,3,3
Giantal,0,3,3
Giantanelli,0,3,3
Giantaniadevi,0,3,3
Giantell,0,3,3
Giantely,0,3,3
Gianteny,0,3,3
Gianth,3,0,3
Gianthé,0,3,3
Gianthoney,3,0,3
Giantie,0,3,3
Giantino,3,0,3
Giantisha,0,3,3
Giantley,3,0,3
Giantly,0,3,3
Giantonia,3,0,3
Gianusca,0,3,3
Gianuschka,0,3,3
Gianyce,0,3,3
Gianyfer,0,3,3
Giar,3,0,3
Giarah,0,3,3
Giarayo,3,0,3
Giard,3,0,3
Giardané,3,0,3
Giardano,3,0,3
Giardella,0,3,3
Giardino,3,0,3
Giardo,3,0,3
Giardymar,3,0,3
Giarell,3,0,3
Giareno,3,0,3
Giari,3,0,3
Giarina,0,3,3
Giarino,3,0,3
Giarla,0,3,3
Giarlmila,0,3,3
Giarmo,3,0,3
Giarnailys,0,3,3
Giarra,3,0,3
Giarry,3,0,3
Giarvéno,3,0,3
Giasaly,0,3,3
Giasanne,0,3,3
Giasento,3,0,3
Giasyra,0,3,3
Giattino,3,0,3
Giaus,3,0,3
Giavalley,0,3,3
Giavana-Skye,0,3,3
Giavaney,3,0,3
Giavania,0,3,3
Giavanno,3,0,3
Giavany,3,0,3
Giavaro,3,0,3
Giavarrow,3,0,3
Giavelli,3,0,3
Giaven,3,0,3
Giavina,0,3,3
Giavinio,3,0,3
Giavinno,3,0,3
Giavino,3,0,3
Giayin,0,3,3
Giaz,3,0,3
Giazhagiarro,3,0,3
Gibb,3,0,3
Gibbe,3,0,3
Gibbôr,3,0,3
Gibe,0,3,3
Gibeau,3,0,3
Giber,0,3,3
Gibert,3,0,3
Giberthe,0,3,3
Gibika,0,3,3
Gibon,3,0,3
Gibraan,3,0,3
Gibraiel,3,0,3
Gibrail,3,0,3
Gibraill,3,0,3
Gibrand,3,0,3
Gibrano,3,0,3
Gibrean,3,0,3
Gibretta,0,3,3
Gibrile,3,0,3
Gibrilio,3,0,3
Gibrilla,3,0,3
Giby,0,3,3
Gicela,0,3,3
Giceley,0,3,3
Gicelia,0,3,3
Gicella,0,3,3
Gicena,0,3,3
Gichalinio,3,0,3
Gichano,3,0,3
Gichara,0,3,3
Gichayro,3,0,3
Gichelainy,0,3,3
Gichelle,0,3,3
Gichenely,0,3,3
Gicherson,3,0,3
Gichin,3,0,3
Gicilene,0,3,3
Gid,3,0,3
Gidador,3,0,3
Gidamas,3,0,3
Gidana,0,3,3
Gidanio,3,0,3
Gidano,3,0,3
Gidarno,3,0,3
Gidayū,3,0,3
Giddalti,3,0,3
Giddel,3,0,3
Giddo,3,0,3
Gidean,3,0,3
Gideanne,0,3,3
Gidee,0,3,3
Gidejan,3,0,3
Gidëon,3,0,3
Gidêon,3,0,3
Gídeon,3,0,3
Gideön,3,0,3
Gideon-Alexis,3,0,3
Gideon-Bavo,3,0,3
Gideon-Joël,3,0,3
Gideon-William,3,0,3
Gideone,3,0,3
Gideonis,3,0,3
Gideonovich,3,0,3
Gidery,3,0,3
Gidged,0,3,3
Gidiann,3,0,3
Gidiën,3,0,3
Gidijon,3,0,3
Gidimani,3,0,3
Gidiony,0,3,3
Gidir,3,0,3
Gidith,0,3,3
Gidjiano,3,0,3
Gidjo,3,0,3
Gidô,3,0,3
Gido-Geert,3,0,3
Gidolfus,3,0,3
Gidon-Davíd,3,0,3
Gidorjino,3,0,3
Giduvina,0,3,3
Gidyan,3,0,3
Gie-Hiap,3,0,3
Gie-raysho,3,0,3
Gië-Raysho,3,0,3
Gie-Vently,3,0,3
Gié-vorry,0,3,3
Gieanna,0,3,3
Gieaykaynna,0,3,3
Giebner,0,3,3
Giebrandus,3,0,3
Giedéon,3,0,3
Giedi,0,3,3
Giedith,0,3,3
Giedius,3,0,3
Giedje,0,3,3
Giedrė,0,3,3
Giedwina,0,3,3
Gief,3,0,3
Giegie,0,3,3
Giejin,3,0,3
Giël,0,3,3
Giel-Dirk,3,0,3
Gieldalina,0,3,3
Gieldina,0,3,3
Gieleke,0,3,3
Gielelmus,3,0,3
Gielermo,3,0,3
Gieliaum,0,3,3
Gielie,0,3,3
Gieliëlmus,3,0,3
Gielielmus,3,0,3
Gielihelmus,0,3,3
Gielina,0,3,3
Gielinde,0,3,3
Gieliom,3,0,3
Gieliomien,0,3,3
Gieljom,3,0,3
Gieljon,3,0,3
Giellanne,0,3,3
Giellaume,3,0,3
Giëlleney,0,3,3
Gielliaan,3,0,3
Gielliana,0,3,3
Gielliome,3,0,3
Giellius,0,3,3
Gielmon,3,0,3
Giëlmus,3,0,3
Gielo,3,0,3
Giels,3,0,3
Gielus,3,0,3
Gielyano,3,0,3
Giën,3,0,3
Gien-Anne,0,3,3
Gien-Khen,0,3,3
Giën-Sheyli,0,3,3
Gienande,0,3,3
Giendelys,0,3,3
Giendiena,0,3,3
Giëndra,0,3,3
Gienek,3,0,3
Gienet,0,3,3
Gienetta,0,3,3
Gienette,0,3,3
Gienia,0,3,3
Gienja,0,3,3
Giënly,0,3,3
Giènna,0,3,3
Giënne,0,3,3
Gienne-Lynn,0,3,3
Giëno,3,0,3
Giënto,3,0,3
Gíenus,3,0,3
Giënzo,3,0,3
Giepbert,3,0,3
Giepje,0,3,3
Gieracha,0,3,3
Gierden,3,0,3
Giergino,3,0,3
Giërmyllé,0,3,3
Gièrno,3,0,3
Giérra,0,3,3
Gierwarsing,3,0,3
Giesa,0,3,3
Giesanne,0,3,3
Giesbertes,3,0,3
Giesbertine,0,3,3
Giesbertje,0,3,3
Giesbetha,0,3,3
Giesecke,0,3,3
Gieseleine,0,3,3
Gieselinus,3,0,3
Gièsha,0,3,3
Gieshof,3,0,3
Giesleen,0,3,3
Gieslijn,0,3,3
Gieso,3,0,3
Giesse,3,0,3
Giet,3,0,3
Gietalkoemarie,0,3,3
Gietandjalidebie,0,3,3
Gietanjali,0,3,3
Gietawatie,0,3,3
Gietertje,0,3,3
Gietta,0,3,3
Giette,0,3,3
Giëvayno,3,0,3
Giewiena,0,3,3
Gieyairo,3,0,3
Giezèl,3,0,3
Giezela,0,3,3
Giezeldiena,0,3,3
Giezeldina,0,3,3
Gieziena,0,3,3
Gifaina,0,3,3
Gifairo,3,0,3
Gifarencia,0,3,3
Gifaro,3,0,3
Giferino,3,0,3
Giffiness,0,3,3
Giffney,3,0,3
Giffty,0,3,3
Gifiano,3,0,3
Gifineley,0,3,3
Giftaney,0,3,3
Gifuza,3,0,3
Gigairo,3,0,3
Giganti,3,0,3
Gigas,3,0,3
Gigbah,3,0,3
Gigdem,0,3,3
Giggs,0,3,3
Giggsy,0,3,3
Giggy,0,3,3
Gigi-Ice,0,3,3
Gigi-Ivy,0,3,3
Gigi-Raniah,0,3,3
Gigianne,0,3,3
Gigiën,0,3,3
Gigilaine,0,3,3
Gigine,0,3,3
Giginio,3,0,3
Gigivanna,0,3,3
Gigja,0,3,3
Gigl,3,0,3
Giglia,0,3,3
Gigliana,0,3,3
Gigo,3,0,3
Giguette,0,3,3
Giguru,3,0,3
Gihai,0,3,3
Gihannie,3,0,3
Gihen,0,3,3
Gihendrick,3,0,3
Gihin,3,0,3
Giichara,0,3,3
Giita,0,3,3
Giixah,0,3,3
Gijaal,3,0,3
Gijan,3,0,3
Gijandri,0,3,3
Gijandro,3,0,3
Gijani,3,0,3
Gijanne,0,3,3
Gijanni,3,0,3
Gijanomar,3,0,3
Gijanto,3,0,3
Gijar,3,0,3
Gijarmarty,3,0,3
Gijbertina,0,3,3
Gijbie,0,3,3
Gijco,3,0,3
Gijënie,0,3,3
Gijenzo,3,0,3
Giji,0,3,3
Gijje,3,0,3
Gijlina,0,3,3
Gijlje,0,3,3
Gijll,3,0,3
Gijnett,0,3,3
Gijo,3,0,3
Gijoana,0,3,3
Gijón,3,0,3
Gijongyi,0,3,3
Gijono,3,0,3
Gijori,3,0,3
Gijpberta,0,3,3
Gijpbertus,3,0,3
Gijpke,3,0,3
Gijro,3,0,3
Gijrulniesa,0,3,3
Gijs-Bernard,3,0,3
Gijs-Dirk,3,0,3
Gijs-Egbert,3,0,3
Gijs-Erik,3,0,3
Gijs-Hendrik,3,0,3
Gijs-Izaac,3,0,3
Gijs-jan,3,0,3
Gijs-Job,3,0,3
Gijs-Maarten,3,0,3
Gijs-Marten,3,0,3
Gijs-Martijn,3,0,3
Gijs-Peter,3,0,3
Gijs-Wim,3,0,3
Gijsaldert,3,0,3
Gijsantonius,3,0,3
Gijsbarthus,3,0,3
Gijsbastiaan,3,0,3
Gijsbèr,3,0,3
Gijsberd,3,0,3
Gijsberdilia,0,3,3
Gijsberdines,3,0,3
Gijsberdini,0,3,3
Gijsbernarda,0,3,3
Gijsbèrt,3,0,3
Gijsbert-Aart,3,0,3
Gijsbert-David,3,0,3
Gijsbert-Hendrik,3,0,3
Gijsbert-Hermen,3,0,3
Gijsbert-Julius,3,0,3
Gijsbert-Klaas,3,0,3
Gijsbert-Marie,3,0,3
Gijsbert-Pieter,3,0,3
Gijsbert-Wim,3,0,3
Gijsbertdiena,0,3,3
Gijsberthilde,0,3,3
Gijsberthina,0,3,3
Gijsberthy,0,3,3
Gijsbertineke,0,3,3
Gijsbertino,3,0,3
Gijsbertjan,3,0,3
Gijsbertsje,0,3,3
Gijsbertte,0,3,3
Gijsberttus,3,0,3
Gijsbertusjan,3,0,3
Gijsbeth,0,3,3
Gijsbetsy,0,3,3
Gijsbette,0,3,3
Gijsbettina,0,3,3
Gijsbherta,0,3,3
Gijsbrechje,0,3,3
Gijsbrecht-jan,3,0,3
Gijsbregcht,3,0,3
Gijsbregta,0,3,3
Gijsbregtje,0,3,3
Gijsbren,3,0,3
Gijsderk,3,0,3
Gijsdirk,3,0,3
Gijselah,0,3,3
Gijseldina,0,3,3
Gijseline,0,3,3
Gijshana,0,3,3
Gijshandro,3,0,3
Gijsia,0,3,3
Gijsjanne,0,3,3
Gijsje-Lien,0,3,3
Gijsjen,0,3,3
Gijsolt,3,0,3
Gijsse,3,0,3
Gijswouter,3,0,3
Gijuniord,3,0,3
Gijz,3,0,3
Gijzbertha,0,3,3
Gijzen,3,0,3
Gik,3,0,3
Gike,0,3,3
Gikenzio,3,0,3
Gil-Edgard,3,0,3
Gil-Jan,3,0,3
Gil-Vheyannchelly,0,3,3
Gilaad,3,0,3
Gilaicha,0,3,3
Gilainio,3,0,3
Gilaisa,0,3,3
Gilaisah,0,3,3
Gilaivy,0,3,3
Gilam,3,0,3
Gilanah,0,3,3
Gilandro,3,0,3
Gilangelo,3,0,3
Gilania,0,3,3
Gilanijevna,0,3,3
Gilaniyo,3,0,3
Gilanõ,3,0,3
Gilardinio,3,0,3
Gílardinio,3,0,3
Gilardiño,3,0,3
Gilarmo,3,0,3
Gilayah,0,3,3
Gilayni,3,0,3
Gilayshiahley,0,3,3
Gilayso,3,0,3
Gilayza,0,3,3
Gilbert-Loïc,3,0,3
Gilbertes,3,0,3
Gilbertho,3,0,3
Gilbertiën,3,0,3
Gilbian,3,0,3
Gilbo,3,0,3
Gilbrant,3,0,3
Gilbriano,3,0,3
Gilca,0,3,3
Gilchrist,3,0,3
Gildalja,0,3,3
Gildano,3,0,3
Gildardus,3,0,3
Gildegonda,0,3,3
Gilder,3,0,3
Gilderina,0,3,3
Gildert,3,0,3
Gildia,0,3,3
Gildina,0,3,3
Gildis,0,3,3
Gildon,3,0,3
Gildrickson,3,0,3
Gilduinus,3,0,3
Gildzia,0,3,3
Gileam,3,0,3
Gileandro,3,0,3
Gileen,0,3,3
Gileesa,0,3,3
Gilehncio,3,0,3
Gilehwa,0,3,3
Gileina,0,3,3
Gilem,0,3,3
Gilèn,3,0,3
Gilengio,3,0,3
Gilenne,0,3,3
Gilénny,0,3,3
Gilensio,3,0,3
Gilenxio,3,0,3
Gilenzo,3,0,3
Gilèon,3,0,3
Giléon,3,0,3
Gilerson,3,0,3
Gilesse,0,3,3
Gilestiena,0,3,3
Gilestina,0,3,3
Giley,3,0,3
Gileyna,0,3,3
Gilfano,3,0,3
Gilfensio,3,0,3
Gilfert,3,0,3
Gilg,3,0,3
Gilhaira,0,3,3
Gilhelmina,3,0,3
Giliah,0,3,3
Gilian-Gabel,3,0,3
Gilian-Gail,0,3,3
Giliandra,0,3,3
Gilianna,0,3,3
Giliantaly,0,3,3
Giliantely,0,3,3
Giliany,3,0,3
Giliarmo,3,0,3
Gilias,3,0,3
Giliaum,3,0,3
Giliea,0,3,3
Giliën,3,0,3
Giliena,0,3,3
Giliëndra,0,3,3
Giliëndro,3,0,3
Giliëndry,3,0,3
Giliënne,0,3,3
Gilienne,0,3,3
Giliërmo,3,0,3
Gilih,0,3,3
Gilijan,3,0,3
Gilijandro,3,0,3
Giliola,0,3,3
Giliom,3,0,3
Giliomar,3,0,3
Giliomien,0,3,3
Giliondrick,3,0,3
Gilionette,0,3,3
Gilios,3,0,3
Gilisabeth,0,3,3
Giliya,0,3,3
Giljardus,3,0,3
Giljhano,3,0,3
Giljiandro,3,0,3
Gilkia,0,3,3
Gilkje,0,3,3
Gilko,3,0,3
Gill-Ann,0,3,3
Gill-Fana,0,3,3
Gill-liaah,0,3,3
Gillah,0,3,3
Gillain,3,0,3
Gillaini,0,3,3
Gillaino,3,0,3
Gillaisho,3,0,3
Gillara,0,3,3
Gillardina,0,3,3
Gillardinhio,3,0,3
Gillâumine,0,3,3
Gillaycio,3,0,3
Gillberth,3,0,3
Gillbertha,0,3,3
Gillbrano,3,0,3
Gillby,3,0,3
Gilldany,3,0,3
Gilleain,3,0,3
Gilleam,3,0,3
Gilleaume,3,0,3
Gillebrandus,3,0,3
Gillenn,3,0,3
Gilleny,0,3,3
Gilleon,3,0,3
Gilleone,3,0,3
Gilleonoor,0,3,3
Gillèrmo,3,0,3
Gilles-Philippe,3,0,3
Gilleske,0,3,3
Gillesnigel,3,0,3
Gillestina,0,3,3
Gillestino,3,0,3
Gilleszoon,3,0,3
Gillford,3,0,3
Gillfred,3,0,3
Gilliaan,0,3,3
Gilliaard,3,0,3
Gilliamme,3,0,3
Gillianara,0,3,3
Gillianda,0,3,3
Gillianno,3,0,3
Gilliáno,3,0,3
Gillianty,0,3,3
Gilliar,3,0,3
Gilliarmo,3,0,3
Gilliaum,3,0,3
Gillièn,0,3,3
Gillienne,0,3,3
Gillierd,3,0,3
Gilliërmo,3,0,3
Gilligan,3,0,3
Gillijs,3,0,3
Gilliom,3,0,3
Gillione,0,3,3
Gilliord,3,0,3
Gillisje,0,3,3
Gillison,3,0,3
Gillisse,0,3,3
Gillius,3,0,3
Gillivien,0,3,3
Gilliyan,3,0,3
Gilljano,3,0,3
Gilljunhio,3,0,3
Gillmaine,3,0,3
Gillmairo,3,0,3
Gillmano,3,0,3
Gillodina,0,3,3
Gillomar,3,0,3
Gillone,3,0,3
Gillor,3,0,3
Gillraylo,3,0,3
Gillryan,3,0,3
Gillshairo,3,0,3
Gillvan,3,0,3
Gillvany,3,0,3
Gillvon,3,0,3
Gillyaney,0,3,3
Gillyanna,0,3,3
Gillyanne,0,3,3
Gillyannie,0,3,3
Gillyard,3,0,3
Gillyena,0,3,3
Gillyon,3,0,3
Gillyshainy,0,3,3
Gillyvano,3,0,3
Gilmain,3,0,3
Gilmaïra,0,3,3
Gilmairo,3,0,3
Gilmairon,3,0,3
Gilmairy,0,3,3
Gilman,3,0,3
Gilmano,3,0,3
Gilmarda,0,3,3
Gilmário,3,0,3
Gilmarly,3,0,3
Gilmarson,3,0,3
Gilmary's,0,3,3
Gilmee,3,0,3
Gilmée,0,3,3
Gilmira,0,3,3
Gilmoor,0,3,3
Gilmora,0,3,3
Gilmoreya,0,3,3
Gilmoure,3,0,3
Gilnesia,0,3,3
Gilnesiah,0,3,3
Gilnissa,0,3,3
Gilon,3,0,3
Gilona,0,3,3
Gilonette,0,3,3
Giloni,3,0,3
Gilorah,0,3,3
Gilorenzo,3,0,3
Gilorgio,3,0,3
Giloyd,3,0,3
Gilphaeden,3,0,3
Gilpin,3,0,3
Gilraino,3,0,3
Gilrently,3,0,3
Gilrich,3,0,3
Gils,3,0,3
Gilsa,0,3,3
Gilselyne,0,3,3
Gilsensio,3,0,3
Gilseong,0,3,3
Gilshainely,0,3,3
Gilshakaihna,0,3,3
Gilshan,3,0,3
Gilshana,0,3,3
Gilshanira,0,3,3
Gilshayro,3,0,3
Gilsherro,3,0,3
Gilsi,3,0,3
Gilske,0,3,3
Gilso,3,0,3
Gilthlion,3,0,3
Giltjes,0,3,3
Giluca,0,3,3
Giluchepa,0,3,3
Gilvanaishely,0,3,3
Gilvancio,3,0,3
Gilvandro,3,0,3
Gilvaneide,0,3,3
Gilvania,0,3,3
Gilvanni,3,0,3
Gilvanny,0,3,3
Gilvany,3,0,3
Gilvanya,0,3,3
Gilvarius,3,0,3
Gilvaro,3,0,3
Gilvencio,3,0,3
Gilvester,3,0,3
Gilviancio,3,0,3
Gilviánna,0,3,3
Gilvienna,0,3,3
Gilviëntelly,0,3,3
Gilviërno,3,0,3
Gilvirnio,3,0,3
Gilvonio,3,0,3
Gilvy,3,0,3
Gilwan,3,0,3
Gilwana,0,3,3
Gily,0,3,3
Gilyandra,0,3,3
Gilyane,0,3,3
Gilyani,0,3,3
Gilyanno,3,0,3
Gilyartiën,3,0,3
Gilyenna,0,3,3
Gilyenne,0,3,3
Gilyme,3,0,3
Gilynair,3,0,3
Gilyome,3,0,3
Gilyon,3,0,3
Gilzinjó,3,0,3
Gim,3,0,3
Gimae,0,3,3
Gimagiël,3,0,3
Gimaine,0,3,3
Gimaïro,3,0,3
Gimaja,0,3,3
Gimar,3,0,3
Gimarez,3,0,3
Gimari,3,0,3
Gimario,3,0,3
Gimarley,3,0,3
Gimat,3,0,3
Gimay,0,3,3
Gimaydi,3,0,3
Gimayny,3,0,3
Gimaysha,0,3,3
Gimberley,0,3,3
Gimeiro,3,0,3
Gimellio,3,0,3
Gimêne,0,3,3
Giméne,0,3,3
Giménne,0,3,3
Gimi,3,0,3
Gimiliano,3,0,3
Gimill,3,0,3
Gimin,3,0,3
Giminio,3,0,3
Gimio,3,0,3
Gimiro,3,0,3
Gimke-Gideon,3,0,3
Gimle,3,0,3
Gimley,3,0,3
Gimly,0,3,3
Gimondi,3,0,3
Gimora,0,3,3
Gimoraisha,0,3,3
Gimy,3,0,3
Gimyanti,0,3,3
Gimyno,3,0,3
Gin-Bang,3,0,3
Gin-Hing,3,0,3
Gin-Ming,3,0,3
Gin-Tsiu,3,0,3
Gin-Wing,3,0,3
Gina-Ann,0,3,3
Gina-Bonita,0,3,3
Gina-Jane,0,3,3
Gina-Lee,0,3,3
Gina-Leigh,0,3,3
Gina-Liza,0,3,3
Gina-Louise,0,3,3
Gina-may,0,3,3
Gina-Rita,0,3,3
Gina-Romana,0,3,3
Gina-Siërra,0,3,3
Gina-Sylvana,0,3,3
Ginacely,0,3,3
Ginada,0,3,3
Ginaiceley,0,3,3
Ginaichely,0,3,3
Ginaidrick,3,0,3
Ginaika,0,3,3
Ginailis,0,3,3
Ginain,0,3,3
Ginaïo,3,0,3
Ginairely,0,3,3
Ginairha,0,3,3
Ginairi,0,3,3
Ginairu,3,0,3
Ginaisha,0,3,3
Ginaisheli,0,3,3
Ginaiska,0,3,3
Ginaisley,0,3,3
Ginaiverly,0,3,3
Ginaivy,0,3,3
Ginalaura,0,3,3
Ginalda,0,3,3
Ginaldy,3,0,3
Ginalia,0,3,3
Ginalie,0,3,3
Ginaluca,0,3,3
Ginanayra,0,3,3
Ginanda,0,3,3
Ginando,3,0,3
Ginania,0,3,3
Ginanjar,3,0,3
Ginano,3,0,3
Ginant,3,0,3
Ginantly,0,3,3
Ginar,3,0,3
Ginara,0,3,3
Ginarah,0,3,3
Ginarro,3,0,3
Ginary,0,3,3
Ginat,0,3,3
Ginato,3,0,3
Ginatri,3,0,3
Ginay,0,3,3
Ginayselien,0,3,3
Ginayserly,0,3,3
Ginayska,0,3,3
Ginbar,3,0,3
Ginchung,3,0,3
Gind,3,0,3
Gindelika,0,3,3
Ginder,0,3,3
Gindey,0,3,3
Gindia,3,0,3
Gindrah,0,3,3
Gindy,3,0,3
Ginéah,0,3,3
Gineau,3,0,3
Ginebra,0,3,3
Gineëva,0,3,3
Gineilly,0,3,3
Gineira,0,3,3
Ginel,3,0,3
Ginéla,0,3,3
Gineldeon,3,0,3
Ginelo,3,0,3
Ginelvia,0,3,3
Ginëmberley,0,3,3
Gineo,3,0,3
Ginerva,0,3,3
Ginés,3,0,3
Ginesca,0,3,3
Ginéshyo,3,0,3
Gineska,0,3,3
Ginessa,0,3,3
Ginesse,0,3,3
Ginessy,0,3,3
Gineth,0,3,3
Gineton,3,0,3
Ginette-Constance,0,3,3
Ginetti,0,3,3
Ginewell,3,0,3
Gineya-Aliya,0,3,3
Ginez,3,0,3
Ginger-Inèz,0,3,3
Ginger-Michelle,0,3,3
Gingerbeau,0,3,3
Gingerly,0,3,3
Gingerro,3,0,3
Gingerry,3,0,3
Gingey,0,3,3
Gingie,0,3,3
Gingir,0,3,3
Gingiuello,3,0,3
Gini-Ramih,0,3,3
Ginian,3,0,3
Ginikanwa,0,3,3
Gininger,3,0,3
Gininho,3,0,3
Giniö,3,0,3
Giñio,3,0,3
Ginita,0,3,3
Ginitaney,0,3,3
Ginitha,0,3,3
Ginitho,3,0,3
Ginitra,0,3,3
Ginius,3,0,3
Giniusio,3,0,3
Giniwin,0,3,3
Ginjay,3,0,3
Ginji,3,0,3
Ginjiro,3,0,3
Ginjo,3,0,3
Ginjow,3,0,3
Ginke,0,3,3
Ginnaira,0,3,3
Ginnario,3,0,3
Ginne,0,3,3
Ginnefine,0,3,3
Ginneke,0,3,3
Ginnerelle,0,3,3
Ginnethon,3,0,3
Ginnio,0,3,3
Ginny-Leen,0,3,3
Ginõ,3,0,3
Ginó,3,0,3
Gino-Abdel,3,0,3
Gino-Angelo,3,0,3
Gino-Danyél,3,0,3
Gino-Fierre,3,0,3
Gino-Gianni,3,0,3
Gino-Jay,3,0,3
Gino-Lee,3,0,3
Gino-Luca,3,0,3
Gino-Luciano,3,0,3
Gino-Viëre,3,0,3
Ginoay,3,0,3
Ginoé,0,3,3
Ginoël,3,0,3
Ginoëlla,0,3,3
Ginofierre,3,0,3
Ginofley,3,0,3
Ginoli,3,0,3
Ginolina,0,3,3
Ginomai-Zao,3,0,3
Ginomaiya,0,3,3
Ginomar,3,0,3
Ginomie,0,3,3
Ginoshwen,3,0,3
Ginoson,3,0,3
Ginosylvano,3,0,3
Ginouëlla,0,3,3
Ginouque,0,3,3
Ginoux,0,3,3
Ginovan,3,0,3
Ginovani,3,0,3
Ginoveva,0,3,3
Ginovevo,3,0,3
Ginoviër,3,0,3
Ginowetsley,3,0,3
Ginoyè,3,0,3
Ginseley,3,0,3
Ginsely,3,0,3
Ginshil,0,3,3
Ginsley,0,3,3
Ginsteny,0,3,3
Ginsy,0,3,3
Gintey,0,3,3
Ginther,3,0,3
Ginu,3,0,3
Ginuwyne,3,0,3
Ginya,0,3,3
Ginylo,3,0,3
Ginyro,3,0,3
Ginyta,0,3,3
Ginza,0,3,3
Ginzy,0,3,3
Giò,0,3,3
Gio'Vincio,3,0,3
Gio-Ann,0,3,3
Gio-anne-Marry,0,3,3
Gio-Given,3,0,3
Gio-Jay,3,0,3
Gió-luna,0,3,3
Gio-Milan,3,0,3
Gio-Nailley,0,3,3
Gio-Renys,3,0,3
Gio-Shawn,3,0,3
Gio-Viendrick,3,0,3
Gioacchina,0,3,3
Gioachimo,3,0,3
Gioah,3,0,3
Gioan,3,0,3
Gioana,0,3,3
Gioandrick,3,0,3
Gioandrow,3,0,3
Gioani,3,0,3
Gioanno,3,0,3
Gioaquim,3,0,3
Gioavanna,0,3,3
Giobatta,3,0,3
Giobbe,3,0,3
Gioberti,3,0,3
Giocarlo,3,0,3
Giochino,3,0,3
Giocinto,3,0,3
Giocomo,3,0,3
Gioconde,0,3,3
Giodairy,3,0,3
Giodano,3,0,3
Giodanté,3,0,3
Giodariën,3,0,3
Giodarvy,3,0,3
Giodi,3,0,3
Gioél,3,0,3
Gioela,0,3,3
Gioëlla,0,3,3
Gioen,0,3,3
Gioëngelo,3,0,3
Giofana,0,3,3
Giofanna,0,3,3
Giofannie,3,0,3
Giofanny,3,0,3
Gioferny,3,0,3
Gioffry,3,0,3
Giogia,0,3,3
Giogio,3,0,3
Giogonda,0,3,3
Gioh,3,0,3
Giohanni,3,0,3
Giöia,0,3,3
Gióia,0,3,3
Gioia-Jaëlla,0,3,3
Gioia-Nina,0,3,3
Gioia-Onawa,0,3,3
Gioialynn,0,3,3
Gioian,3,0,3
Gioiello,3,0,3
Gioilano,3,0,3
Gioily,3,0,3
Gioira,0,3,3
Giojeanelly,0,3,3
Giojvani,3,0,3
Giola,0,3,3
Giolancia,0,3,3
Giolayah,0,3,3
Giolaysho,3,0,3
Gioleta,0,3,3
Giolie,0,3,3
Giolimar,3,0,3
Giolita,0,3,3
Gioluca,3,0,3
Gioluisanto,3,0,3
Giolus,3,0,3
Giolysha,0,3,3
Giomaira,0,3,3
Giomairis,0,3,3
Giomaly,3,0,3
Giomangio,3,0,3
Giomanio,3,0,3
Giomantini,3,0,3
Giomarah,0,3,3
Giomarcy,0,3,3
Giomardi,3,0,3
Giomariënne,0,3,3
Giomarley,3,0,3
Giomarlick,3,0,3
Giomarly,3,0,3
Giomarra,0,3,3
Giomatiro,3,0,3
Giomay,3,0,3
Giomé,3,0,3
Giomeesha,0,3,3
Giomero,3,0,3
Giomie,0,3,3
Giomir,3,0,3
Giommaria,3,0,3
Giomme,0,3,3
Gión,3,0,3
Gíon-Dani,3,0,3
Giona-Lee,0,3,3
Gionaïro,3,0,3
Gionaisely,0,3,3
Gionaisha,0,3,3
Gionaldricson,3,0,3
Gionarda,0,3,3
Gionarlo,3,0,3
Gionarro,3,0,3
Gionatan,3,0,3
Giondano,3,0,3
Gíondré,3,0,3
Giondree,3,0,3
Giondro,3,0,3
Giondy,0,3,3
Gionefley,3,0,3
Gionell,3,0,3
Giònella,0,3,3
Gionella,0,3,3
Gionello,3,0,3
Gionelly,3,0,3
Gioney-Chang,3,0,3
Gionice,0,3,3
Gionicia,0,3,3
Gioninho,3,0,3
Gionir,0,3,3
Gionira,0,3,3
Gionisia,0,3,3
Gionita,0,3,3
Gionley,3,0,3
Gionnan,3,0,3
Gionnelle,3,0,3
Gionney,3,0,3
Gionno,3,0,3
Gionoushka,0,3,3
Giontanisha,0,3,3
Gionvengelo,3,0,3
Gïony,3,0,3
Giophany,3,0,3
Gioquentley,3,0,3
Gior,3,0,3
Gior'Vinnio,3,0,3
Gior-Ginnio,3,0,3
Gior-Jean,3,0,3
Giorachio,3,0,3
Giorah,3,0,3
Giorailly,3,0,3
Gioraily,3,0,3
Gioraino,3,0,3
Gioranley,3,0,3
Giorayo,3,0,3
Gioraysha,0,3,3
Giorcia,0,3,3
Giorcinyo,3,0,3
Giordales,3,0,3
Giordaney,3,0,3
Giordanio,3,0,3
Giordanna,0,3,3
Giordanno,3,0,3
Giordao,3,0,3
Giordee,3,0,3
Giordélon,3,0,3
Giordena,0,3,3
Giordialis,0,3,3
Giordian,3,0,3
Giordin,0,3,3
Giordina,0,3,3
Giordiva,0,3,3
Giordjiano,3,0,3
Giordjinio,3,0,3
Giordjo,3,0,3
Giordyson,3,0,3
Giorello,3,0,3
Gioremi,3,0,3
Gioreno,3,0,3
Gioreyvani,3,0,3
Giorg,3,0,3
Giorgello,3,0,3
Giorgelys,0,3,3
Giorgethe,0,3,3
Giorgetta,0,3,3
Giorgette,0,3,3
Giorgetti,0,3,3
Giorgia-Rose,0,3,3
Giorgiana,0,3,3
Giorgiani,3,0,3
Giorgianna,0,3,3
Giorgianni,3,0,3
Giorgianno,3,0,3
Giorgiano,3,0,3
Giorgiëno,3,0,3
Giorgillio,3,0,3
Giorgine,0,3,3
Giorginnio,3,0,3
Giorgiño,3,0,3
Giorginy,3,0,3
Giorgio-Angelo,3,0,3
Giorgio-Jean,3,0,3
Giorgious,3,0,3
Giorgis,3,0,3
Giorgivo,3,0,3
Giorguinho,3,0,3
Giorgyo,3,0,3
Gioriano,3,0,3
Giorino,3,0,3
Gioriviënne,0,3,3
Giorjiñho,3,0,3
Giorlando,3,0,3
Giorlany,3,0,3
Giorlayne,0,3,3
Giorlleyne,3,0,3
Giormaïro,3,0,3
Giormani,3,0,3
Giormeo,3,0,3
Giormina,0,3,3
Giorna,0,3,3
Giornetti,3,0,3
Giorney,3,0,3
Giornic,3,0,3
Giornilio,3,0,3
Giornny,3,0,3
Giorny,3,0,3
Giorraylio,3,0,3
Giorsio,3,0,3
Giorso,3,0,3
Giorvain,3,0,3
Giorvanni,3,0,3
Giorvany,3,0,3
Giorvino,3,0,3
Gioryl,3,0,3
Giorysha,0,3,3
Gios,3,0,3
Giosafatto,3,0,3
Giosé,3,0,3
Gioseffe,3,0,3
Gioseppe,3,0,3
Gioseppina,0,3,3
Giosergio,3,0,3
Gioshayno,3,0,3
Giossinny,3,0,3
Gioula,0,3,3
Gioulkhan,0,3,3
Giouvanie,3,0,3
Giovaana,0,3,3
Giovadelson,3,0,3
Giovaëlly,3,0,3
Giovainelly,0,3,3
Giovainely,0,3,3
Giovainna,0,3,3
Giovaino,3,0,3
Giövainy,0,3,3
Giovairick,3,0,3
Giovaldy,3,0,3
Giovandrick,3,0,3
Giovane,3,0,3
Giovanel,3,0,3
Giovanello,3,0,3
Giovannetta,0,3,3
Giovanney,3,0,3
Giovanni-Angelo,3,0,3
Giovanni-Battista,3,0,3
Giovanni-Bosco,3,0,3
Giovanni-Cavani,3,0,3
Giovanni-Eduard,3,0,3
Giovanni-Edward,3,0,3
Giovanni-Gino,3,0,3
Giovanni-Maria,3,0,3
Giovannico,3,0,3
Giovannilson,3,0,3
Giovannisa,0,3,3
Giovanny-Luciano,3,0,3
Giovannya,0,3,3
Giovanry,3,0,3
Giovarni,3,0,3
Giovarri,3,0,3
Giovaughn,3,0,3
Giovayriqson,3,0,3
Giöveany,3,0,3
Giovedy,0,3,3
Giovely,3,0,3
Giovenale,3,0,3
Giovéncho,3,0,3
Giovencio,3,0,3
Giovengelly,0,3,3
Giovenia,0,3,3
Giovenne,3,0,3
Giovennethy,3,0,3
Giovenny,3,0,3
Giovensley,3,0,3
Giovensly,3,0,3
Gioventely,3,0,3
Gioventi,3,0,3
Gioventino,3,0,3
Giovianca,0,3,3
Giovianity,0,3,3
Giovianni,3,0,3
Gioviannio,3,0,3
Giovianny,3,0,3
Giovianson,3,0,3
Gioviantley,3,0,3
Giovianty,0,3,3
Gioviën,3,0,3
Giovienca,0,3,3
Gioviëngelly,3,0,3
Giovienny,0,3,3
Gioviënska,0,3,3
Gioviëntly,3,0,3
Giovincenzo,3,0,3
Giovinci,3,0,3
Giovincio,3,0,3
Giovine,3,0,3
Giovinella,0,3,3
Giovinio,3,0,3
Giovinno,3,0,3
Giovino,3,0,3
Giovinsy,3,0,3
Giovy,3,0,3
Giowainy,3,0,3
Giowani,3,0,3
Giowayn,3,0,3
Giowell,3,0,3
Giowena,0,3,3
Giowendel,3,0,3
Giowendi,3,0,3
Giowensly,3,0,3
Giowi,3,0,3
Giowin,3,0,3
Giowy,3,0,3
Gioya-Anne,0,3,3
Gioya-Elana,0,3,3
Gioya-Giuliana,0,3,3
Gioyara,0,3,3
Giphaya,0,3,3
Giphea,0,3,3
Gipke,0,3,3
Gipp,3,0,3
Gipsylove,3,0,3
Giqiu,0,3,3
Gique,0,3,3
Giquecionne,3,0,3
Giquentley,3,0,3
Gira,0,3,3
Girac,3,0,3
Girachlien,0,3,3
Giradus,3,0,3
Girah,0,3,3
Giraigel,3,0,3
Girailee,3,0,3
Giraïly,3,0,3
Girainyson,3,0,3
Girair,3,0,3
Giraisely,0,3,3
Giraisha,0,3,3
Giraisho,3,0,3
Giraj,3,0,3
Giraldo-William,3,0,3
Girambe,0,3,3
Giramley,3,0,3
Giranda,0,3,3
Girani,3,0,3
Girany,3,0,3
Girarda,0,3,3
Girardelli,3,0,3
Girardus,3,0,3
Girasol,0,3,3
Giraylison,3,0,3
Giraylla,0,3,3
Girayllisiyo,3,0,3
Giraymo,3,0,3
Giraynho,3,0,3
Girayo,3,0,3
Giraysho,3,0,3
Giraytio,3,0,3
Girbdina,0,3,3
Girbelina,0,3,3
Girbena,0,3,3
Girbien,0,3,3
Girby,0,3,3
Girdhar,3,0,3
Girdjelina,0,3,3
Gireas,3,0,3
Giree,0,3,3
Girenso,3,0,3
Gires,3,0,3
Girey,3,0,3
Girhvänly,3,0,3
Girian,3,0,3
Giribaldius,3,0,3
Giridhari,3,0,3
Giriegorio,3,0,3
Giries,3,0,3
Giriesh,3,0,3
Girigiori,3,0,3
Girigoris,3,0,3
Giriisha,3,0,3
Girindra,3,0,3
Girion,3,0,3
Giriona,0,3,3
Girishna,0,3,3
Girlaimy,0,3,3
Girley,0,3,3
Girlie,0,3,3
Girly-Ann,0,3,3
Girma,3,0,3
Girnaël,0,3,3
Girod,3,0,3
Girogiany,3,0,3
Girolama,0,3,3
Girolando,3,0,3
Giromar,3,0,3
Girome,0,3,3
Giromy,0,3,3
Giron,3,0,3
Girónima,0,3,3
Gironimo,3,0,3
Girónimo,3,0,3
Gironne,3,0,3
Girony,3,0,3
Giroux,3,0,3
Girra,3,0,3
Girresse,3,0,3
Girrte,0,3,3
Girschwin,3,0,3
Girseline,0,3,3
Girson,3,0,3
Girt-Jan,3,0,3
Girtje,0,3,3
Girtrud,0,3,3
Girvianno,3,0,3
Girwar,3,0,3
Giryadevi,0,3,3
Girylo,3,0,3
Gis,3,0,3
Gis-Elize,3,0,3
Gisabeau,0,3,3
Gisabelle,0,3,3
Gisaengely,0,3,3
Gisah,0,3,3
Gisaira,0,3,3
Gisala,0,3,3
Gisanna,0,3,3
Gisberdina,0,3,3
Gisberte,0,3,3
Gisberth,3,0,3
Gisberti,0,3,3
Gisbertina,0,3,3
Giscar,3,0,3
Giscarde,0,3,3
Gischja,0,3,3
Gisé,0,3,3
Giseida,0,3,3
Giseila,0,3,3
Giseke,0,3,3
Giseken,0,3,3
Gisêla,0,3,3
Giselá,0,3,3
Gisela-Daniëlla,0,3,3
Giselain,0,3,3
Giselar,0,3,3
Giselbert,3,0,3
Giselbertus,3,0,3
Gísèle,0,3,3
Gisêle,0,3,3
Gisèle-Aude,0,3,3
Giselebertus,3,0,3
Giseleine,0,3,3
Gisélemarie,0,3,3
Gisélemence,0,3,3
Giselher,3,0,3
Giseli,0,3,3
Giselica,0,3,3
Giselien,0,3,3
Giselijn,0,3,3
Giselina,0,3,3
Giselinda,0,3,3
Giselka,0,3,3
Gisellé,0,3,3
Giselle-Minette,0,3,3
Giselli,0,3,3
Gisellie,0,3,3
Giselo,3,0,3
Giselon,0,3,3
Gisem,0,3,3
Gisenco,3,0,3
Gisenne,0,3,3
Gisep,3,0,3
Gisert,3,0,3
Giseyla,0,3,3
Gishaina,0,3,3
Gishaineley,0,3,3
Gishairon,3,0,3
Gishana,0,3,3
Gishandra,0,3,3
Gishandro,3,0,3
Gishané,0,3,3
Gishanety,0,3,3
Gishannely's,0,3,3
Gishanti,0,3,3
Gishanty,0,3,3
Gishany,0,3,3
Gishard,3,0,3
Gishawn,3,0,3
Gishayna,0,3,3
Gisheila,0,3,3
Gishela,0,3,3
Gishele,0,3,3
Gishendley,3,0,3
Gishentley,0,3,3
Gishëvays,0,3,3
Gishlianne,0,3,3
Gishyleah,0,3,3
Gisia,0,3,3
Gisila,0,3,3
Gisilla,0,3,3
Gisine,0,3,3
Gisja,0,3,3
Gisken,3,0,3
Gisladevie,0,3,3
Gislan,3,0,3
Gislana,0,3,3
Gislé,0,3,3
Gislebertus,3,0,3
Gislen,0,3,3
Gislenggo,3,0,3
Gisley,0,3,3
Gísli,3,0,3
Gisli,0,3,3
Gislin,3,0,3
Gislon,3,0,3
Gislyn,0,3,3
Gismaella,0,3,3
Gismaily,0,3,3
Gismajliënne,0,3,3
Gismaro,3,0,3
Gismet,0,3,3
Gismo,3,0,3
Gisna,0,3,3
Gisnella,0,3,3
Gisolt,3,0,3
Gisora,0,3,3
Gisouk,0,3,3
Gisriana,0,3,3
Gisrou,3,0,3
Gisselen,0,3,3
Gissella,0,3,3
Gissette,0,3,3
Gisshairo,3,0,3
Gistaaf,3,0,3
Gistevainio,3,0,3
Gistina,0,3,3
Gisubizo,3,0,3
Giswinne,0,3,3
Gitā,0,3,3
Gită,0,3,3
Gitadevi,0,3,3
Gitadewi,0,3,3
Gitama,0,3,3
Gitanchali,0,3,3
Gitandjali,0,3,3
Gitandjlie,0,3,3
Gitangelie,0,3,3
Gitangely,0,3,3
Gitania,0,3,3
Gitanie,3,0,3
Gitanja,0,3,3
Gitanjalie,0,3,3
Gitanjeally,0,3,3
Gitánjeli,0,3,3
Gitanjili,0,3,3
Gitanjlie,0,3,3
Gitansh,3,0,3
Gitarina,0,3,3
Gitary,3,0,3
Gitchell,3,0,3
Gitchie,3,0,3
Gitella,0,3,3
Gitendro,3,0,3
Githaniël,3,0,3
Githano,3,0,3
Githayanie,0,3,3
Githuku,3,0,3
Githy,0,3,3
Gitika,0,3,3
Gitka,0,3,3
Gitlan,3,0,3
Giton,3,0,3
Gitroy,3,0,3
Gitske,0,3,3
Gitters,3,0,3
Gittje,0,3,3
Gittley,0,3,3
Gittli,0,3,3
Gitto,0,3,3
Gittrude,0,3,3
Gituenny,0,3,3
Gituti,3,0,3
Giuanna,0,3,3
Giuelle,0,3,3
Giugliana,0,3,3
Giujermo,3,0,3
Giula,0,3,3
Giulano,3,0,3
Giuleano,3,0,3
Giulermo,3,0,3
Giules,0,3,3
Giuletta,0,3,3
Giulí,0,3,3
Gíulia,0,3,3
Giulia-Cécile,0,3,3
Giulia-Esmée,0,3,3
Giulia-Gerarda,0,3,3
Giulia-Linda,0,3,3
Giulia-Mae,0,3,3
Giuliaan,3,0,3
Giuliam,3,0,3
Giuliamo,3,0,3
Giuliane,0,3,3
Giulianna,0,3,3
Giulianno,3,0,3
Giuliano-Ferro,3,0,3
Giulie,0,3,3
Giulieta,0,3,3
Giuliétta,0,3,3
Giuliètta,0,3,3
Giulin,3,0,3
Giulini,3,0,3
Giuliò,3,0,3
Giuliva,0,3,3
Giuliyenna,0,3,3
Giuliza,0,3,3
Giullentina,0,3,3
Giullianna,0,3,3
Giulliet,0,3,3
Giulliette,0,3,3
Giullinda,0,3,3
Giullio,3,0,3
Giulvano,3,0,3
Giulyanto,3,0,3
Giulyn,0,3,3
Giunardo,3,0,3
Giunéva,0,3,3
Giunia,0,3,3
Giuno,3,0,3
Giuppina,0,3,3
Giuri,3,0,3
Giurmane,3,0,3
Giurnic,3,0,3
Giusanna,0,3,3
Giusella,0,3,3
Giusep,3,0,3
Giusepho,3,0,3
Giusepina,0,3,3
Giusèppe,3,0,3
Giuseppine,0,3,3
Giusetina,0,3,3
Giusheena,0,3,3
Giusica,0,3,3
Giustelle,0,3,3
Giusti,3,0,3
Giustin,3,0,3
Giusva,0,3,3
Giuzeppe,3,0,3
Giv-Gennick,3,0,3
Givaana,0,3,3
Givaël,3,0,3
Givahney,0,3,3
Givaicho,3,0,3
Givaiho,3,0,3
Givaillo,3,0,3
Givailly,0,3,3
Givailynio,3,0,3
Givaín,3,0,3
Givaine,3,0,3
Givainelyn,0,3,3
Givainen,3,0,3
Givainnely,0,3,3
Givaintely,0,3,3
Givaio-Morsenio,3,0,3
Givaira,0,3,3
Givairen,3,0,3
Givallio,3,0,3
Giván,3,0,3
Givanaillo,3,0,3
Givanaylish,3,0,3
Givanchely,0,3,3
Givanchi,3,0,3
Givancy,3,0,3
Givandanie,0,3,3
Givanely,0,3,3
Givaneo,3,0,3
Gìvaneyo,3,0,3
Givaneyo,3,0,3
Givanie,3,0,3
Givanielo,3,0,3
Givaniljo,3,0,3
Givanjelo,3,0,3
Givanley,3,0,3
Givannia,0,3,3
Givannie,3,0,3
Givannii,3,0,3
Givannilio,3,0,3
Givanò,3,0,3
Givaño,3,0,3
Givano-Gilly,3,0,3
Givanoh,3,0,3
Givanso,3,0,3
Givanti,3,0,3
Givar,3,0,3
Givara,3,0,3
Givareau,0,3,3
Givarell,3,0,3
Givario,3,0,3
Givarrah,0,3,3
Givary,3,0,3
Givat,0,3,3
Givayen,0,3,3
Givaylen,3,0,3
Givaylon,3,0,3
Givayna,0,3,3
Giveany,0,3,3
Givefinaly,0,3,3
Givefinely,0,3,3
Givelli,3,0,3
Givello,3,0,3
Givelys,0,3,3
Givèn,3,0,3
Givén,0,3,3
Given-Hope,0,3,3
Given-Joyfull-Love,0,3,3
Given-Nur,3,0,3
Given-Sying,0,3,3
Givenah,0,3,3
Givencely,3,0,3
Givencesly,3,0,3
Givench,3,0,3
Givencha,0,3,3
Givenchelly,0,3,3
Givenchley,0,3,3
Givenchly,3,0,3
Gívenchy,0,3,3
Givenci,0,3,3
Givencia,0,3,3
Gívencianni,3,0,3
Givéncio,3,0,3
Givencìo,3,0,3
Givencyo,3,0,3
Givendyo,3,0,3
Givenelly,0,3,3
Givengelin,0,3,3
Givengellië,0,3,3
Givengo,3,0,3
Givenley,3,0,3
Givenlly,0,3,3
Givenly,0,3,3
Givenni,0,3,3
Givensely,0,3,3
Givenshio,3,0,3
Givensi,0,3,3
Givensio,3,0,3
Giventely,0,3,3
Giventley,3,0,3
Givento,3,0,3
Givernie,3,0,3
Givero,3,0,3
Givès,0,3,3
Givet,0,3,3
Giveylëan,3,0,3
Giviancio,3,0,3
Givianelly,0,3,3
Givianne,0,3,3
Givienna,0,3,3
Givienne,0,3,3
Giviënne,0,3,3
Giviennely,0,3,3
Giviënsheley,0,3,3
Giviëntely,0,3,3
Givieny,0,3,3
Giviëro,3,0,3
Givin,3,0,3
Givine,0,3,3
Givinho,3,0,3
Givinio,3,0,3
Giviro,3,0,3
Givo,3,0,3
Givonche,3,0,3
Givurny,0,3,3
Givyano,3,0,3
Givyhno,3,0,3
Givyro,3,0,3
Giwan,3,0,3
Giwana,0,3,3
Giwe,3,0,3
Giwell,3,0,3
Giwes,0,3,3
Giwisaan,3,0,3
Giwitta,0,3,3
Gixiëntely,0,3,3
Giyaan,3,0,3
Giyafet,0,3,3
Giyaira,0,3,3
Giyairo,3,0,3
Giyana,0,3,3
Giyanna,0,3,3
Giyanno,3,0,3
Giyanow,3,0,3
Giyar,3,0,3
Giyaro,3,0,3
Giyas,3,0,3
Giyasetdin,3,0,3
Giyasettin,3,0,3
Giyatno,3,0,3
Giyem,0,3,3
Giyendel,3,0,3
Giyendro,3,0,3
Giyenne,0,3,3
Giyenzo,3,0,3
Giyermo,3,0,3
Giyerro,3,0,3
Giyin,0,3,3
Giyón,3,0,3
Giyoni,3,0,3
Giyovaldrick,3,0,3
Giyvanna,0,3,3
Gizaira,0,3,3
Gizalena,0,3,3
Gizane,0,3,3
Gizanna,0,3,3
Gizé,0,3,3
Gizèle,0,3,3
Gizelien,0,3,3
Gizelina,0,3,3
Gizélle,0,3,3
Gizemnur,0,3,3
Gizeuda,0,3,3
Gizha,0,3,3
Gizhan,3,0,3
Gizia,0,3,3
Gizianni,3,0,3
Gizina,0,3,3
Gizing,0,3,3
Gizion,3,0,3
Gizla,0,3,3
Gizlaan,0,3,3
Gizmai,3,0,3
Gizmaila,0,3,3
Gizmé,0,3,3
Gizo,3,0,3
Gizzer,3,0,3
Gizziah,0,3,3
Gizzy,0,3,3
GJA,0,3,3
Gjaan,3,0,3
Gjaevania,0,3,3
Gjaldie,0,3,3
Gjalithe,0,3,3
Gjält,3,0,3
Gjalt-Jan,3,0,3
Gjalt-Jorn,3,0,3
Gjalt-Symen,3,0,3
Gjalta,0,3,3
Gjaltdine,0,3,3
Gjaltiene,0,3,3
Gjaltjan,3,0,3
Gjancarlo,3,0,3
Gjaneshkoemar,3,0,3
Gjantelma,0,3,3
Gjanthony,3,0,3
Gjaorgi,3,0,3
Gjardiniëre,3,0,3
Gjarm,3,0,3
Gjejlane,0,3,3
Gjelena,0,3,3
Gjeleyna,0,3,3
Gjelja,0,3,3
Gjelte,3,0,3
Gjelwin,3,0,3
Gjenet,3,0,3
Gjenete,0,3,3
Gjeranni,3,0,3
Gjerben,3,0,3
Gjergj,3,0,3
Gjermund,3,0,3
Gjerraiya,3,0,3
Gjertine,0,3,3
Gjerulf,3,0,3
Gjet,0,3,3
Gjetapa,3,0,3
Gjette,0,3,3
Gjettie,0,3,3
Gjetty,0,3,3
Gjevencio,3,0,3
Gjezel,3,0,3
GJF,0,3,3
GJG,3,0,3
Gjhaden,3,0,3
Gjiannie,3,0,3
Gjill,3,0,3
Gjina,0,3,3
Gjinoa,0,3,3
Gjinovefa,0,3,3
Gjivai,3,0,3
Gjivano,3,0,3
GJJ,0,3,3
GJJF,0,3,3
GJMW,0,3,3
Gjorjino,3,0,3
Gjorno,3,0,3
Gjosse,3,0,3
Gjowni,0,3,3
GJT,3,0,3
Gjulasfije,0,3,3
Gjulia,0,3,3
Gjuliano,3,0,3
Gjuljeta,0,3,3
Gjuro,3,0,3
Gjuzepe,3,0,3
Gjyher,0,3,3
Gjylë,0,3,3
Gjylieta,0,3,3
Gjylsym,0,3,3
Gjørild,0,3,3
Gkien,3,0,3
Gkila,0,3,3
Gkolaa,0,3,3
Gladiance,0,3,3
Gladimir,3,0,3
Gladine,0,3,3
Gladiola,0,3,3
Gladios,3,0,3
Gladise,0,3,3
Gladish,0,3,3
Gladiz,0,3,3
Gladness,0,3,3
Gladstone,3,0,3
Gladusa,0,3,3
Gladyce,0,3,3
Gladysch,0,3,3
Gladyson,3,0,3
Gladyz,0,3,3
Glaemba,0,3,3
Glaenda,0,3,3
Glafira,0,3,3
Glaicy,0,3,3
Glajdian,3,0,3
Glamine,0,3,3
Glamour,0,3,3
Glamy,0,3,3
Glancij,3,0,3
Glanda,0,3,3
Glanelcha,0,3,3
Glanesha,0,3,3
Glanny,3,0,3
Glanys,0,3,3
Glariana,0,3,3
Glarice,0,3,3
Glaricha,0,3,3
Glariscia,0,3,3
Glarissa,0,3,3
Glaritchia,0,3,3
Glaritcia,0,3,3
Glaro,3,0,3
Glascha,0,3,3
Gláucia,0,3,3
Glàucio,3,0,3
Glaudio,3,0,3
Glawa,3,0,3
Glawen,3,0,3
Glawenda,0,3,3
Glawin,3,0,3
Glaxtem,3,0,3
Glay,3,0,3
Glaya,0,3,3
Glayan,3,0,3
Glaycie,0,3,3
Glaydon,3,0,3
Glaydouska,0,3,3
Glaynal,3,0,3
Glayness,0,3,3
Glaynisha,0,3,3
Glayniss,0,3,3
Gleam,3,0,3
Glebert,3,0,3
Gleddy,3,0,3
Gledio,3,0,3
Gledovic,3,0,3
Gledy,0,3,3
Gleen,3,0,3
Gleico,3,0,3
Gleion,0,3,3
Gleison,3,0,3
Glem,3,0,3
Glement,3,0,3
Glemiël,3,0,3
Glemmy,0,3,3
Glenald,3,0,3
Glenalee,0,3,3
Glenchella,0,3,3
Glenchello,3,0,3
Glencio,3,0,3
Glendale,3,0,3
Glendalyn,0,3,3
Glendamar,0,3,3
Glendely,0,3,3
Glendelyn,0,3,3
Glendemiek,0,3,3
Glendius,3,0,3
Glendola,0,3,3
Glendolien,0,3,3
Glendrina,0,3,3
Glendys,0,3,3
Glene,0,3,3
Glenelys,0,3,3
Glenevon,3,0,3
Glenfurd,3,0,3
Glengely,0,3,3
Glenice,0,3,3
Gleniëtte,0,3,3
Glenijla,0,3,3
Gleniño,3,0,3
Glenio,3,0,3
Glenisha,0,3,3
Glenister,0,3,3
Glenix,3,0,3
Glenjeally,0,3,3
Glenlloyd,3,0,3
Glenmaris,0,3,3
Glenmarys,0,3,3
Glénn,3,0,3
Glenn-Adonis,3,0,3
Glenn-Alvin,3,0,3
Glenn-Cedric,3,0,3
Glenn-ford,3,0,3
Glenn-Iain,3,0,3
Glenn-Ian,3,0,3
Glenn-isayah,3,0,3
Glenn-Jo,3,0,3
Glenn-Joël,3,0,3
Glenn-Jordy,3,0,3
Glenn-junior,3,0,3
Glenn-Kelvin,3,0,3
Glenn-Ludvie,3,0,3
Glenn-Mar,3,0,3
Glenn-Marlin,3,0,3
Glenn-Marvin,3,0,3
Glenn-Mitchel,3,0,3
Glenn-Peter,3,0,3
Glenn-Piërre,3,0,3
Glenn-Plus,3,0,3
Glenn-Ray,3,0,3
Glenn-Valentino,3,0,3
Glenn-Willem,3,0,3
Glenna-Jean,0,3,3
Glennaijah,0,3,3
Glenndell,3,0,3
Glenndrick,3,0,3
Glenndul,0,3,3
Glennécha,0,3,3
Glenned,3,0,3
Glennediena,0,3,3
Glennelis,0,3,3
Glennelise,0,3,3
Glennelyn,0,3,3
Glennen,3,0,3
Glennerd-Pier,3,0,3
Glennes,0,3,3
Glennese,0,3,3
Glennesha,0,3,3
Glenneviën,0,3,3
Glennfer,3,0,3
Glenngiomar,3,0,3
Glennic,3,0,3
Glennicia,0,3,3
Glennicio,3,0,3
Glennischa,0,3,3
Glennisha,0,3,3
Glennita,0,3,3
Glenniz,0,3,3
Glennji,0,3,3
Glenno,3,0,3
Glennoch,3,0,3
Glennovier,3,0,3
Glennroy,3,0,3
Glenns,3,0,3
Glennson,3,0,3
Glennton,3,0,3
Glenny-Fabian,3,0,3
Glennyl,3,0,3
Glennysan,3,0,3
Glennyson,3,0,3
Glenovan,3,0,3
Glenrhinio,3,0,3
Glenrich,3,0,3
Glenshavano,3,0,3
Glenshenira,0,3,3
Glenshory,3,0,3
Glensia,0,3,3
Glenso,3,0,3
Glenus,3,0,3
Glenville,3,0,3
Glenynda,0,3,3
Gleonne,0,3,3
Gleony,0,3,3
Glerinio,3,0,3
Glerisha,0,3,3
Glermo,3,0,3
Glerrich,3,0,3
Glerrold,3,0,3
Glesandro,3,0,3
Glesby,3,0,3
Glevanes,3,0,3
Gleymian,3,0,3
Glharrys,3,0,3
GLI,0,3,3
Gliantely,0,3,3
Gliceria,0,3,3
Glicerio,3,0,3
Glicerios,3,0,3
Glicia,0,3,3
Glidden,3,0,3
Glienchelo,3,0,3
Gliezel,0,3,3
Gligor,3,0,3
Gligorija,3,0,3
Glijnderdina,0,3,3
Glijnis,0,3,3
Glijntje,0,3,3
Glijsa,0,3,3
Glikeria,0,3,3
Glimina,0,3,3
Glinicë,0,3,3
Glino,3,0,3
Glins,3,0,3
Glion,3,0,3
Glisa,0,3,3
Glisciano,3,0,3
Gliseria,0,3,3
Glislaine,0,3,3
Glissah,0,3,3
Glitivan,3,0,3
Gló,0,3,3
Globy,3,0,3
Glodesindis,0,3,3
Glodi-Brandon,3,0,3
Glodis,3,0,3
Gloed,0,3,3
Glofaithope,0,3,3
Gloidi,3,0,3
Gloire-Adieu,3,0,3
Gloria-Jeanne,0,3,3
Gloria-Jessy,0,3,3
Glorian,0,3,3
Gloríana,0,3,3
Gloriangela,0,3,3
Gloriann,0,3,3
Gloriciel,0,3,3
Gloridie,0,3,3
Gloriebet,0,3,3
Gloriejessa,0,3,3
Gloriette,0,3,3
Glorifé,3,0,3
Glorifica,0,3,3
Glorify,0,3,3
Glorine,0,3,3
Gloriosa,0,3,3
Glorious,0,3,3
Gloris,3,0,3
Glorisell,0,3,3
Gloriyah,0,3,3
Glory-Ann,0,3,3
Glory-ann,0,3,3
Glory-Ruth,0,3,3
Glorya,3,0,3
Gloryanna,0,3,3
Gloryette,0,3,3
Gloudie,3,0,3
Gloudius,3,0,3
Glourinda,0,3,3
Glover,0,3,3
Glow,0,3,3
Glowian,3,0,3
Glowie,0,3,3
Glyann,0,3,3
Glychanick,3,0,3
Glyde,3,0,3
Glynairo,3,0,3
Glyndwr,3,0,3
Glyne,0,3,3
Glyne-Mae,0,3,3
Glyness,0,3,3
Glynette,0,3,3
Glynia,0,3,3
Glynnelle,0,3,3
Glyonne,0,3,3
Gmantambo,0,3,3
GME,0,3,3
GMH,0,3,3
Gmi,0,3,3
Gmja,0,3,3
GML,3,0,3
GMS,0,3,3
Gnahoui,3,0,3
Gnalen,0,3,3
Gnámptó,3,0,3
Gnanachelvi,0,3,3
Gnara,0,3,3
Gneiffely,0,3,3
Gnejli,3,0,3
Gnele,0,3,3
Gneomar,3,0,3
Gnesh,3,0,3
Gniniyeréma,3,0,3
GNM,3,0,3
Goada,0,3,3
Goani,3,0,3
Goanito,3,0,3
Goanu,0,3,3
Goapèle,0,3,3
Goard,3,0,3
Goaris,3,0,3
Goashin,3,0,3
Goasling,3,0,3
Goatai,0,3,3
Goatsesz,3,0,3
Goatske,0,3,3
Goazewyn,3,0,3
Goban,3,0,3
Gobana,0,3,3
Gobardhan,3,0,3
Gobardhanpersad,3,0,3
Gobbi,0,3,3
Gobe,3,0,3
Goberdhan,3,0,3
Gobertha,0,3,3
Gobertina,0,3,3
Goberto,3,0,3
Gobin,3,0,3
Gobind,3,0,3
Gobindsingh,3,0,3
Gobo,3,0,3
Gobrien,3,0,3
Gocha,0,3,3
God-Love,0,3,3
Godabertha,0,3,3
Godaert,3,0,3
Godalin,3,0,3
Godalivo,3,0,3
Godalys,0,3,3
Godana,0,3,3
Godavari,0,3,3
Godbles,3,0,3
Godbless,3,0,3
Goddelieve,0,3,3
Goddes,0,3,3
Goddess,0,3,3
Goddfried,3,0,3
Goddin,3,0,3
Goddy,3,0,3
Godé,3,0,3
Gode-Florian,3,0,3
Godebald,3,0,3
Godebert,3,0,3
Godebertus,3,0,3
Godefidus,3,0,3
Godefreda,0,3,3
Godefredo,3,0,3
Godefria,0,3,3
Godefridi,3,0,3
Godefridius,3,0,3
Godefridüs,3,0,3
Godefrie,0,3,3
Godefriedo,3,0,3
Godefrieke,0,3,3
Godefrydus,3,0,3
Godegrandus,3,0,3
Godehard,3,0,3
Godejan,3,0,3
Godela,0,3,3
Godelaine,0,3,3
Godelein,0,3,3
Godelevus,3,0,3
Godelie,3,0,3
Godeliefje,0,3,3
Godeliena,0,3,3
Godelinda,0,3,3
Godelise,0,3,3
Godelivia,0,3,3
Godemar,3,0,3
Godemer,3,0,3
Godena,0,3,3
Godenfrieda,0,3,3
Godenoul,3,0,3
Goder,3,0,3
Goderd-Jan,3,0,3
Goderdina,0,3,3
Goderfridus,3,0,3
Goderick,3,0,3
Godericus,3,0,3
Goderieke,0,3,3
Goderika,0,3,3
Goderikus,3,0,3
Godetia,0,3,3
Godette,0,3,3
Godéva,0,3,3
Godeva,0,3,3
Godevaart,3,0,3
Godewiena,0,3,3
Godewin,3,0,3
Godewine,0,3,3
Godffred,3,0,3
Godfly,3,0,3
Godfread,3,0,3
Godfride,0,3,3
Godfrides,3,0,3
Godfrie,3,0,3
Godfrierd,3,0,3
Godfroide,0,3,3
Godgift,3,0,3
Godhard,3,0,3
Godhardt,3,0,3
Godhelphina,0,3,3
Godian,3,0,3
Godida,3,0,3
Godiena,0,3,3
Godiene,0,3,3
Godifridus,3,0,3
Godilief,0,3,3
Godilla,0,3,3
Godinetje,0,3,3
Godípha,0,3,3
Godiva-Claire,0,3,3
Godleine,0,3,3
Godley,3,0,3
Godlieve,0,3,3
Godlike,0,3,3
Godlive,0,3,3
Godlof,3,0,3
Godluck,0,3,3
Godmar,3,0,3
Godnyere,3,0,3
Godoleva,0,3,3
Godor,3,0,3
Godrica,0,3,3
Gödrun,0,3,3
Godsainy,0,3,3
Godschalck,3,0,3
Godsend,3,0,3
Godsfriund,3,0,3
Godspower,3,0,3
Godstemple,3,0,3
Godswin,3,0,3
Godtholde,0,3,3
Godtlieb,3,0,3
Goduard,3,0,3
Godwell,3,0,3
Godwil,3,0,3
Godwinna,0,3,3
Godwinner,0,3,3
Godwynne,3,0,3
Goean,3,0,3
Goeanita,0,3,3
Goedefrides,3,0,3
Goedelieve,0,3,3
Goedemoed,3,0,3
Goederoen,0,3,3
Goedroen,0,3,3
Goefawatie,0,3,3
Goefridus,3,0,3
Goehwelke,0,3,3
Goeike,0,3,3
Goeiske,3,0,3
Goël,0,3,3
Goela,0,3,3
Goelab-Hoessein,3,0,3
Goelabia,0,3,3
Goelam,3,0,3
Goelammohamed,3,0,3
Goele,0,3,3
Goeled,3,0,3
Goelia,0,3,3
Goelja,3,0,3
Goeljarkhan,3,0,3
Goellisa,0,3,3
Goelmohamed,3,0,3
Goelmohammed,3,0,3
Goelnaar,0,3,3
Goelnaaz,0,3,3
Goelschen,0,3,3
Goelzar,3,0,3
Goemaneh,3,0,3
Goemdial,3,0,3
Goemel,3,0,3
Goen,3,0,3
Goen-Flere,3,0,3
Goenaav,0,3,3
Goenawan,3,0,3
Goenawaty,0,3,3
Goentje,0,3,3
Goentur,3,0,3
Goenwatie,0,3,3
Goerannè,3,0,3
Goercharan,3,0,3
Goerdatpersad,3,0,3
Goerdev,3,0,3
Goerdien,3,0,3
Goerem,3,0,3
Goerge,3,0,3
Goergelsy,0,3,3
Goeritje,0,3,3
Goerjan,3,0,3
Goermish,3,0,3
Goesei,3,0,3
Goesila,0,3,3
Goesje,0,3,3
Goesmadevi,0,3,3
Goesta,3,0,3
Goeswijn,3,0,3
Goewanita,0,3,3
Goffa,3,0,3
Goffe-Jan,3,0,3
Goffes,3,0,3
Goffried,3,0,3
Gofina,0,3,3
Gofran,0,3,3
Gofrieda,0,3,3
Gog,3,0,3
Gogan,3,0,3
Gogen,3,0,3
Gogina,0,3,3
Gögsal,3,0,3
Gögüş,0,3,3
Góh-Fung,3,0,3
Gohair,3,0,3
Goher,3,0,3
Göher,0,3,3
Goher-Ejaz,3,0,3
Gohkan,3,0,3
Göhlaij,0,3,3
Gohrvenson,3,0,3
Goiás,3,0,3
Goija,0,3,3
Goijke,3,0,3
Goischke,0,3,3
Goiske,0,3,3
Goisuè,3,0,3
Goits,0,3,3
Goivanni,3,0,3
Goiya-Ghyslaine,0,3,3
Gojah,0,3,3
Gojannes,3,0,3
Gojel,3,0,3
Gojert,3,0,3
Gojiro,3,0,3
Gojka,0,3,3
Gojo,0,3,3
Gökâlp,3,0,3
Gokay,3,0,3
Gökbey,3,0,3
Gökçan,3,0,3
Gōkcan,3,0,3
Gokcan,3,0,3
Gokçe,0,3,3
Gökçeay,0,3,3
Gökçegül,0,3,3
Gökcehan,0,3,3
Gökçek,0,3,3
Gökçekaan,3,0,3
Gökçenur,0,3,3
Gökcer,3,0,3
Gökçetuĝ,0,3,3
Gökdağ,3,0,3
Gökdal,3,0,3
Gökden,3,0,3
Gökdu,3,0,3
Gokeline,0,3,3
Gőkem,3,0,3
Gōkhan,3,0,3
Gókhan,3,0,3
Gőkhan,3,0,3
Gökhun,3,0,3
Gokie,0,3,3
Gökkiz,0,3,3
Gőkmen,3,0,3
Göko,3,0,3
Gökşan,3,0,3
Gökşat,3,0,3
Gökselin,0,3,3
Göksem,0,3,3
Göksever,3,0,3
Gökşin,0,3,3
Göksoy,3,0,3
Göktalay,3,0,3
Gőktan,3,0,3
Göktay,3,0,3
Göktenur,0,3,3
Göktu,3,0,3
Göktuğra,3,0,3
Göktugrul,3,0,3
Göktunç,3,0,3
Golabsing,3,0,3
Golahle,0,3,3
Golalai,0,3,3
Golani,3,0,3
Gölay,0,3,3
Gölcan,0,3,3
Goldarina,0,3,3
Goldberg,3,0,3
Golddy,0,3,3
Goldefridus,3,0,3
Goldele,0,3,3
Goldelé,0,3,3
Golden-Prince,3,0,3
Goldenfrida,0,3,3
Goldfried,3,0,3
Goldi,0,3,3
Goldina,3,0,3
Goldine,0,3,3
Goldmar,3,0,3
Goldwynn,3,0,3
Gole,0,3,3
Golea,0,3,3
Golein,0,3,3
Goleni,0,3,3
Gölhan,0,3,3
Golieda,0,3,3
Gölin,0,3,3
Golinda,0,3,3
Golitah,0,3,3
Gölkem,3,0,3
Gölken,3,0,3
Golley,3,0,3
Gollondrina,0,3,3
Golly,3,0,3
Golnar,0,3,3
Golnishan,0,3,3
Golod,0,3,3
Golof,3,0,3
Golphia,0,3,3
Gölşa,0,3,3
Gölşah,0,3,3
Gölsen,0,3,3
Gölsum,0,3,3
Golub,3,0,3
Golud,0,3,3
Golvinio,3,0,3
Goly,0,3,3
Golzar,0,3,3
Gomaire,3,0,3
Goman,3,0,3
Gomanus,3,0,3
Gomarina,0,3,3
Gomarinus,3,0,3
Gomarley,3,0,3
Gomarlio,3,0,3
Gomatidevi,0,3,3
Gombertha,0,3,3
Gombertus,3,0,3
Gomera,0,3,3
Gomére,3,0,3
Gomesjunior,3,0,3
Gommaire,3,0,3
Gommarina,0,3,3
Gommert-Jan,3,0,3
Gommertina,0,3,3
Gommertje,0,3,3
Gomperdina,0,3,3
Gomti,0,3,3
Gonah,0,3,3
Gonardus,3,0,3
Gonathan,3,0,3
Gonça,0,3,3
Goncagûl,0,3,3
Goncagul,0,3,3
Gonçales,3,0,3
Goncales,0,3,3
Goncalves,0,3,3
Goncha,0,3,3
Gonciana,0,3,3
Gondal,3,0,3
Gondalien,0,3,3
Gondelijn,0,3,3
Gondelinde,0,3,3
Gondeline,0,3,3
Gondestina,0,3,3
Gondi,0,3,3
Gondia,0,3,3
Gondien,0,3,3
Gondilio,3,0,3
Gondosoetomo,3,0,3
Gondulph,3,0,3
Gondza,0,3,3
Gone,0,3,3
Goneer,0,3,3
Gonelda,0,3,3
Gonem,3,0,3
Gonesina,0,3,3
Gonette,0,3,3
Gōng,3,0,3
Gong-Ling,3,0,3
Gongara,3,0,3
Gongericus,3,0,3
Gongli,0,3,3
Gonglin,0,3,3
Gongolphus,3,0,3
Gongsun,3,0,3
Gongura,0,3,3
Gonia,0,3,3
Gonier,0,3,3
Gonisha,0,3,3
Gonissa,0,3,3
Gönlüm,0,3,3
Gonnalien,0,3,3
Gönnar,3,0,3
Gonnard,3,0,3
Gonne-An,0,3,3
Gonne-Tine,0,3,3
Gonnelia,0,3,3
Gonnelieke,0,3,3
Gonnelien,0,3,3
Gonnet,0,3,3
Gonnigan,3,0,3
Gonnke,3,0,3
Gonnus,3,0,3
Gono,3,0,3
Gonsaga,0,3,3
Gonsales,0,3,3
Gonsalinia,0,3,3
Gonsalo,3,0,3
Gonsolina,0,3,3
Gonsuga,0,3,3
Gonthard,3,0,3
Gontje,0,3,3
Gónûl,0,3,3
Gonzala,0,3,3
González,0,3,3
Gonzaline,0,3,3
Gonzaliza,0,3,3
Gonzalve,3,0,3
Gonzalves,3,0,3
Gonzeliza,0,3,3
Gonzo,3,0,3
Goo,0,3,3
Good,3,0,3
Goodarz,3,0,3
Goodheart,3,0,3
Goodlyn,0,3,3
Goodmagh,3,0,3
Goodman,0,3,3
Goodness,0,3,3
Goodnews,3,0,3
Goodson,3,0,3
Goodwill,3,0,3
Goodwinn,3,0,3
Goody,3,0,3
Goofdefridus,3,0,3
Goofjan,3,0,3
Goofy,3,0,3
Gooiert,3,0,3
Gooikina,0,3,3
Gooitina,0,3,3
Gooitje,0,3,3
Gooitskina,0,3,3
Gooitskje,0,3,3
Gooitzem,3,0,3
Gooitzen-Andries,3,0,3
Gooitzie,0,3,3
Gooke,0,3,3
Goon,3,0,3
Goona,3,0,3
Goopal,3,0,3
Goopher,3,0,3
Gooran,3,0,3
Goordinus,3,0,3
Goordt,3,0,3
Goos-Jan,3,0,3
Goos-Jolle,3,0,3
Goos-Maarten,3,0,3
Goos-Willem,3,0,3
Goosbert,3,0,3
Gooselientje,0,3,3
Goosenfriedus,3,0,3
Goosens,3,0,3
Goosewienus,3,0,3
Goosewijn,3,0,3
Goosien,0,3,3
Goosienus,3,0,3
Goosjen,0,3,3
Goosling,3,0,3
Goosselien,0,3,3
Goossewina,0,3,3
Goossinus,3,0,3
Goossum,3,0,3
Gooszina,0,3,3
Gootje,0,3,3
Gootske,0,3,3
Goozefus,3,0,3
Goozewina,0,3,3
Goozum,3,0,3
Gopaal,3,0,3
Gopal-Raj,3,0,3
Gopalsingh,3,0,3
Goral,0,3,3
Gōran,3,0,3
Gorana,0,3,3
Goranco,3,0,3
Goranova,0,3,3
Gorar,3,0,3
Gorav,3,0,3
Gorawani,3,0,3
Gorben,3,0,3
Görbet,0,3,3
Gorch,3,0,3
Gorchino,3,0,3
Gordeev,3,0,3
Gordei,3,0,3
Gordell,3,0,3
Gordeno,3,0,3
Gordenzio,3,0,3
Gordey,3,0,3
Gordia,0,3,3
Gordiano,3,0,3
Gordien,0,3,3
Gordiena,0,3,3
Gordillo,3,0,3
Gordious,3,0,3
Gordiva,0,3,3
Gordji,3,0,3
Gordon-Hubert,3,0,3
Gordon-Lee,3,0,3
Gordon-Wesley,3,0,3
Gordona,0,3,3
Goreginio,3,0,3
Goreish,3,0,3
Gorekh,3,0,3
Goren,3,0,3
Goresina,0,3,3
Gorey,0,3,3
Gorga,0,3,3
Görge,0,3,3
Görgé,0,3,3
Gorgeane,0,3,3
Gorgelina,0,3,3
Gorgen,3,0,3
Gorgestine,0,3,3
Gorgette,0,3,3
Gorgevic,3,0,3
Gorgey,3,0,3
Gorghina,0,3,3
Gorgiany,3,0,3
Gorginho,3,0,3
Gorgito,3,0,3
Gorgon,3,0,3
Gorgona,0,3,3
Gorgoneus,3,0,3
Gorian,3,0,3
Gorino,3,0,3
Goriske,0,3,3
Gorissa,0,3,3
Gorizia,0,3,3
Gorje,3,0,3
Görkay,3,0,3
Gőrkem,3,0,3
Gorkem,3,0,3
Gôrkem,3,0,3
Gormand,0,3,3
Gormlaith,0,3,3
Gornelda,0,3,3
Gornelly,0,3,3
Gorottie,0,3,3
Gorret,3,0,3
Gorretie,0,3,3
Gorri,3,0,3
Gorrie,0,3,3
Gorrine,0,3,3
Gorrits,3,0,3
Gorry,0,3,3
Görsev,0,3,3
Gorsha,3,0,3
Gorshied,0,3,3
Gorsinus,3,0,3
Gorsselina,0,3,3
Gorswi,3,0,3
Gortie,3,0,3
Görur,3,0,3
Gorwin,3,0,3
Gosaburo,3,0,3
Gosalie,0,3,3
Gosalinda,0,3,3
Gosawina,0,3,3
Gosbertus,3,0,3
Gosceu,3,0,3
Goscha,0,3,3
Gosee,3,0,3
Gosegonna,3,0,3
Gosela,0,3,3
Goselien,0,3,3
Goselinda,0,3,3
Gosenline,0,3,3
Goser,3,0,3
Gosevinus,3,0,3
Gosewijne,0,3,3
Gosewilli,3,0,3
Gosewin,3,0,3
Gosfe,0,3,3
Gosh,3,0,3
Goshitha,0,3,3
Goshkelle,0,3,3
Goshwin,3,0,3
Gosiene,0,3,3
Gosienne,0,3,3
Gosienus,3,0,3
Gosimo,3,0,3
Gosin,3,0,3
Gosiwina,0,3,3
Gosja,3,0,3
Gosjan,3,0,3
Gosje,0,3,3
Gosjha,3,0,3
Goska,3,0,3
Gosko,3,0,3
Goslieb,3,0,3
Gosliks,3,0,3
Goslingh,3,0,3
Gospodinov,3,0,3
Goss,3,0,3
Gossaart,3,0,3
Gossaert,3,0,3
Gosschalk,3,0,3
Gosse-Gjalt,3,0,3
Gosse-Jan,3,0,3
Gosse-Pieter,3,0,3
Gossejan,3,0,3
Gosselijn,0,3,3
Gosselik,3,0,3
Gosselin,0,3,3
Gosselinda,0,3,3
Gosselinus,3,0,3
Gosseltje,0,3,3
Gossewina,0,3,3
Gosseyn,3,0,3
Gossien,0,3,3
Gossiene,0,3,3
Gossienus,3,0,3
Gossing,3,0,3
Gossington,3,0,3
Gossinus,3,0,3
Gossje,0,3,3
Gosso,3,0,3
Gostar,3,0,3
Göstav,3,0,3
Gostine,0,3,3
Gosto,3,0,3
Gosu,3,0,3
Gosuiinus,3,0,3
Gosuin,3,0,3
Gosuïne,0,3,3
Gosuines,3,0,3
Gosuïnus,3,0,3
Gosum,3,0,3
Gosun,0,3,3
Gosuwina,0,3,3
Gosvami,3,0,3
Goswami,3,0,3
Goswiena,0,3,3
Goswienus,3,0,3
Goswijna,0,3,3
Gosze,3,0,3
Gótama,3,0,3
Gotang,0,3,3
Gotard,3,0,3
Göte,3,0,3
Gotfrida,0,3,3
Gothardine,0,3,3
Gothardo,0,3,3
Gothfried,3,0,3
Gothishia,0,3,3
Gothon,3,0,3
Gothynia,0,3,3
Gotien,0,3,3
Gotin,3,0,3
Gotine,3,0,3
Gotiva,3,0,3
Goton,3,0,3
Gotse,3,0,3
Gôtske,0,3,3
Gottard,3,0,3
Gottfrid,3,0,3
Gottfrida,0,3,3
Gottfriede,0,3,3
Gottfriedus,3,0,3
Gotthelf,3,0,3
Gotthold,3,0,3
Gottlib,3,0,3
Gottliebin,0,3,3
Gottliep,3,0,3
Gottreich,3,0,3
Gotty,3,0,3
Götwin,3,0,3
Gotwin,3,0,3
Gou,3,0,3
Goubertha,0,3,3
Goudberg,3,0,3
Goude,3,0,3
Gouden,3,0,3
Goudentcia,0,3,3
Goudentia,0,3,3
Goudentius,3,0,3
Goudeta,0,3,3
Goudine,0,3,3
Goudinus,3,0,3
Goudiose,0,3,3
Goudiosus,3,0,3
Goudriana,0,3,3
Goudtje,0,3,3
Gouê,3,0,3
Gougerika,0,3,3
Gougerius,3,0,3
Gougurika,0,3,3
Goujtiena,0,3,3
Gouke-Jan,3,0,3
Goukelina,0,3,3
Goula,0,3,3
Goulandris,3,0,3
Goule,3,0,3
Gouloud,0,3,3
Goulwindé,3,0,3
Goumana,0,3,3
Gouncha,0,3,3
Gounoue,3,0,3
Gour,3,0,3
Gourchon,3,0,3
Goureyssi,3,0,3
Gourgen,3,0,3
Gourgio,3,0,3
Gouri,0,3,3
Gourlay,3,0,3
Gourma,3,0,3
Goursly,3,0,3
Gouryella,0,3,3
Gousa,0,3,3
Goussem,0,3,3
Gout,3,0,3
Goutham,3,0,3
Gouw,3,0,3
Gouweke,0,3,3
Gouwine,0,3,3
Govaart,3,0,3
Govaerdina,3,0,3
Govana,0,3,3
Govand,3,0,3
Govani,3,0,3
Govannie,3,0,3
Govannny,3,0,3
Govano,3,0,3
Govanté,3,0,3
Govar,3,0,3
Govardes,3,0,3
Govardhan,3,0,3
Govart,3,0,3
Govend,3,0,3
Goveniayle,3,0,3
Gover,3,0,3
Goverardus,3,0,3
Goverdientje,0,3,3
Goverdineke,0,3,3
Goverdinia,0,3,3
Govereina,0,3,3
Goverhardus,3,0,3
Goverini,0,3,3
Goverline,0,3,3
Goverlise,0,3,3
Governini,0,3,3
Govert-Jacobus,3,0,3
Govert-Johannes,3,0,3
Govertszoon,3,0,3
Govi,0,3,3
Goviano,3,0,3
Govindam,3,0,3
Govinde,3,0,3
Govindi,0,3,3
Govindkumar,3,0,3
Govindsing,3,0,3
Govindsingh,3,0,3
Govinka,0,3,3
Govraan,0,3,3
Gowanito,3,0,3
Gowanny,0,3,3
Gowayriya,0,3,3
Gowena,0,3,3
Gowin,3,0,3
Gowinde,0,3,3
Gowini,3,0,3
Gowridevi,0,3,3
Gowrishan,3,0,3
Gowshalya,0,3,3
Gowshigan,3,0,3
Gowshika,0,3,3
Gowthaman,3,0,3
Gowyn,3,0,3
Goy,3,0,3
Goyaart,3,0,3
Goyaert,3,0,3
Goyan,3,0,3
Goyard,3,0,3
Goyathay,0,3,3
Goyi,3,0,3
Goyita,0,3,3
Goyke,3,0,3
Goytom,3,0,3
Gozainy,0,3,3
Gozaj,3,0,3
Gozam,0,3,3
Gozarina,0,3,3
Gozayma,3,0,3
Gôzde,0,3,3
Gozde,0,3,3
Goze,3,0,3
Gozef,3,0,3
Gozelinus,3,0,3
Gözer,3,0,3
Gozer,3,0,3
Gozeriena,0,3,3
Gozetti,0,3,3
Gozeüs,3,0,3
Gozevink,3,0,3
Gozewiene,0,3,3
Gozewienes,3,0,3
Gozewijntje,0,3,3
Gozewinand,3,0,3
Gozewines,3,0,3
Gozewyna,0,3,3
Goziem,0,3,3
Goziëm,0,3,3
Goziene,0,3,3
Gozik,0,3,3
Gozo,3,0,3
Gozuina,0,3,3
Gozuwijn,3,0,3
Gozuwina,0,3,3
Gozwin,3,0,3
Gozy,0,3,3
GPC,3,0,3
GPH,3,0,3
Gquan,3,0,3
Graadus,3,0,3
Graatje,3,0,3
Graatsij,3,0,3
Graatze,3,0,3
Grabel,3,0,3
Grabiel,3,0,3
Grabiëla,0,3,3
Grabiella,0,3,3
Grabiëlla,0,3,3
Grabielle,0,3,3
Grabiëlle,0,3,3
Grabriela,0,3,3
Grabriële,0,3,3
Grabriella,0,3,3
Grabrielle,0,3,3
Graças,0,3,3
Graccela,0,3,3
Graçe,0,3,3
Gracè,0,3,3
Grace-Beli,0,3,3
Grace-Haily,0,3,3
Grace-Holly,0,3,3
Grace-Kim,0,3,3
Grace-Ley,0,3,3
Grace-Melody,0,3,3
Grace-Mercy,0,3,3
Grace-Zyenna,0,3,3
Graceano,3,0,3
Gracebel,0,3,3
Gracechano,3,0,3
Graceila,0,3,3
Gracejelaine,0,3,3
Gracela,0,3,3
Grâcelène,0,3,3
Gracelfa,0,3,3
Graceliano,3,0,3
Gracelino,3,0,3
Gracèlla,0,3,3
Gracélla,0,3,3
Gracelynne,0,3,3
Gracento,3,0,3
Gracerose,0,3,3
Graces,0,3,3
Gracesia,0,3,3
Gracesilda,0,3,3
Gracevie,0,3,3
Graceyn,0,3,3
Gracha,0,3,3
Grachélla,0,3,3
Grachëlla,0,3,3
Grachiano,3,0,3
Grachieta,0,3,3
Grácia,0,3,3
Graciáella,0,3,3
Gracialey,0,3,3
Gracialla,0,3,3
Graçiana,0,3,3
Graciane,0,3,3
Gracianio,3,0,3
Gracianno,3,0,3
Gracianus,3,0,3
Graçias,3,0,3
Gracië,0,3,3
Graciel,3,0,3
Graciél,0,3,3
Gracièle,0,3,3
Graciële,0,3,3
Graciélla,0,3,3
Graciélle,0,3,3
Graciello,3,0,3
Graciëlly,0,3,3
Gracielo,3,0,3
Graciëlo,3,0,3
Graciënco,3,0,3
Graciëta,0,3,3
Graciéte,0,3,3
Graciëth,0,3,3
Gracijela,0,3,3
Gracila,0,3,3
Graciliano,3,0,3
Gracilinda,0,3,3
Gracille,0,3,3
Gracilliano,3,0,3
Gracina,0,3,3
Graciniano,3,0,3
Gracinio,3,0,3
Gracinity,0,3,3
Graçio,3,0,3
Gracitha,0,3,3
Grackson,3,0,3
Gracy-Anne,0,3,3
Gracyanne,0,3,3
Gracyella,0,3,3
Gracyllis,0,3,3
Grad-Jan,3,0,3
Grada-Marie,0,3,3
Gradah,0,3,3
Gradake,0,3,3
Gradaline,0,3,3
Gradanie,0,3,3
Gradanni,0,3,3
Gradannie,0,3,3
Gradas,3,0,3
Gradciana,0,3,3
Graddo,3,0,3
Gradelynn,0,3,3
Gradene,0,3,3
Gradey,3,0,3
Gradia,0,3,3
Gradie-Dinanga,0,3,3
Gradiene,0,3,3
Gradinie,0,3,3
Gradipha,0,3,3
Gradisha,0,3,3
Gradith,0,3,3
Gradjan,3,0,3
Gradolf,3,0,3
Grador,3,0,3
Gradtiana,0,3,3
Gradu-ann,0,3,3
Gradus-Johannes,3,0,3
Gradustien,0,3,3
Gradys,0,3,3
Graechiëlla,0,3,3
Graecian,3,0,3
Graesia,0,3,3
Graeson,3,0,3
Grafe,3,0,3
Grafethon,3,0,3
Graffaela,0,3,3
Graffety,0,3,3
Grafina,0,3,3
Graften,3,0,3
Graghy,3,0,3
Grahame,3,0,3
Grahaperkasa,3,0,3
Grahem,3,0,3
Grahnar,0,3,3
Grahym,3,0,3
Graidy,0,3,3
Graierny,0,3,3
Graige,0,3,3
Graigory,3,0,3
Graimie,3,0,3
Graínne,0,3,3
Gralane,0,3,3
Gralina,0,3,3
Gram,3,0,3
Gramar,3,0,3
Gramend,3,0,3
Grammie,0,3,3
Granaldo,3,0,3
Grancyèntely,0,3,3
Grandedi,3,0,3
Grandella,0,3,3
Grandetta,0,3,3
Grandfield,3,0,3
Grandih,0,3,3
Grandville,3,0,3
Grandy,0,3,3
Grane,0,3,3
Graneth,0,3,3
Granferny,3,0,3
Granger,3,0,3
Graniëllo,3,0,3
Graniluska,0,3,3
Granita,0,3,3
Granley,3,0,3
Gränna,0,3,3
Granneke,0,3,3
Grantley,3,0,3
Granuaile,0,3,3
Granvella,0,3,3
Granya,0,3,3
Granyke,0,3,3
Graphica,0,3,3
Graque,3,0,3
Grardina,0,3,3
Grardjan,3,0,3
Grardy,0,3,3
Graschel,0,3,3
Graschella,0,3,3
Grasciella,0,3,3
Grascilla,0,3,3
Graselda,0,3,3
Grasella,0,3,3
Grasha,0,3,3
Grashia,0,3,3
Grasiella,0,3,3
Grasiëlla,0,3,3
Grasiëllo,3,0,3
Grasientje,0,3,3
Grasïlda,0,3,3
Graske,0,3,3
Grassiëlla,0,3,3
Grat,3,0,3
Gratalina,0,3,3
Gratcela,0,3,3
Gratchen,0,3,3
Grate,0,3,3
Gratha,0,3,3
Gratiaan,3,0,3
Gratian,3,0,3
Gratiani,0,3,3
Gratias,0,3,3
Gratiëla,0,3,3
Gratiella,0,3,3
Gratien,3,0,3
Gratiën,3,0,3
Gratiënne,3,0,3
Gratitia,0,3,3
Gratje,3,0,3
Grätl,0,3,3
Gratman,3,0,3
Gratold,3,0,3
Grats,3,0,3
Gratus,3,0,3
Graudi,3,0,3
Gravalius,3,0,3
Gravano,3,0,3
Graves,3,0,3
Gravidia,0,3,3
Graviel,3,0,3
Graviela,0,3,3
Gravil,3,0,3
Gravina,0,3,3
Gravinella,3,0,3
Gravino,3,0,3
Graviria,0,3,3
Gravitania,0,3,3
Grawford,3,0,3
Gray-Shandro,3,0,3
Grayem,3,0,3
Graylon,0,3,3
Graysen,3,0,3
Grayven,3,0,3
GrayWolf,3,0,3
Grazianno,3,0,3
Grazielena,0,3,3
Graziello,3,0,3
Graziëtta,0,3,3
Grazilla,0,3,3
Grazina,0,3,3
Grazinka,0,3,3
Graziosa,0,3,3
Grazita,0,3,3
Graźyna,0,3,3
Grazzia,0,3,3
Grazziela,0,3,3
Grazziëlla,0,3,3
Gre-Angeline,0,3,3
Gré-Ann,0,3,3
Gre-Anna,0,3,3
Gré-Anna,0,3,3
Gre-Anne,0,3,3
Gre-Anneke,0,3,3
Gre-Janne,0,3,3
Gré-Mishaira,0,3,3
Greaddus,3,0,3
Greadleyna,0,3,3
Greadoortje,0,3,3
Greafdy,3,0,3
Greagen,3,0,3
Greagory,3,0,3
Greahm,3,0,3
Greald,3,0,3
Grealda,0,3,3
Greame,3,0,3
Greanca,0,3,3
Greann,0,3,3
Greanna,0,3,3
Greardus,3,0,3
Greater,0,3,3
Greatest,3,0,3
Greatfully,0,3,3
Greatia,0,3,3
Grebber,3,0,3
Grebert,0,3,3
Grece,0,3,3
Grecencio,3,0,3
Grechella,0,3,3
Gréchiël,3,0,3
Grechinio,3,0,3
Grecie,0,3,3
Grecilla,0,3,3
Grecio,3,0,3
Grecorya,0,3,3
Gred,3,0,3
Greda,0,3,3
Gredda,0,3,3
Gredeon,3,0,3
Gredia,0,3,3
Grédien,0,3,3
Grediena,0,3,3
Grédineke,0,3,3
Gredvan,3,0,3
Gredys,0,3,3
Grée,0,3,3
Greejanna,0,3,3
Greenaway,0,3,3
Greenfield,3,0,3
Grees,0,3,3
Greeswanty,0,3,3
Greet-Anne,0,3,3
Greet-Elizabeth,0,3,3
Greethilde,0,3,3
Greetina,0,3,3
Greetjan,0,3,3
Greetje-Nel,0,3,3
Greetruida,0,3,3
Grefner,3,0,3
Gregardus,3,0,3
Greger,3,0,3
Gregeri,3,0,3
Gregersen,3,0,3
Gregg-Duane,3,0,3
Gregg-John,3,0,3
Greggorey,3,0,3
Greghorius,3,0,3
Gregie,0,3,3
Gregior,3,0,3
Gregiorzinaiska,0,3,3
Grégo,3,0,3
Gregoeb,3,0,3
Gregoir,3,0,3
Gregoirie,3,0,3
Grègor,3,0,3
Gregor-Adrian,3,0,3
Gregor-Jan,3,0,3
Gregor-Nikolai,3,0,3
Gregoretha,0,3,3
Gregorgina,0,3,3
Gregori-Jan,3,0,3
Grégoria,0,3,3
Gregorice,0,3,3
Gregorich,3,0,3
Gregorien,0,3,3
Gregorine,0,3,3
Gregorinio,3,0,3
Grègorio,3,0,3
Gregorious,3,0,3
Gregorita,0,3,3
Grégorius,3,0,3
Gregoriy,3,0,3
Gregorjé,3,0,3
Gregorr,3,0,3
Gregorson,3,0,3
Gregoruis,3,0,3
Gregòry,3,0,3
Gregory-Severus,3,0,3
Gregoryroy,3,0,3
Gregseliena,0,3,3
Greguio,3,0,3
Gregyor,3,0,3
Grehandra,0,3,3
Gréhilde,0,3,3
Grehori,3,0,3
GreJan,0,3,3
Gréjanna,0,3,3
Grejo,3,0,3
Grejon,3,0,3
Grejorg,3,0,3
Gréleanna,0,3,3
Grelène,0,3,3
Grelie,0,3,3
Grelinde,0,3,3
Gremar,3,0,3
Gremelcio,3,0,3
Gremira,0,3,3
Gren,3,0,3
Grenache,0,3,3
Grenaisha,0,3,3
Grénate,0,3,3
Grencinio,3,0,3
Grendid,0,3,3
Grenesha,0,3,3
Grenjer,3,0,3
Grenlin,0,3,3
Grenoble,0,3,3
Grensly,3,0,3
Grenti,0,3,3
Grenysha,0,3,3
Greogishah,0,3,3
Greogoria,0,3,3
Greogorio,3,0,3
Greogory,3,0,3
Greonne,0,3,3
Greorggius,0,3,3
Greorgia,0,3,3
Greowanita,0,3,3
Gréqoire,0,3,3
Greqory,3,0,3
Grerie,0,3,3
Grerigoria,0,3,3
Gres,0,3,3
Gresendo,3,0,3
Greshaina,0,3,3
Gresham,0,3,3
Greshane,0,3,3
Gresiella,0,3,3
Gresjana,0,3,3
Gresley,3,0,3
Gresome,3,0,3
Grestella,0,3,3
Greta-Jeanne,0,3,3
Greta-Jiska,0,3,3
Greta-Marie,0,3,3
Gretana,0,3,3
Gretanje,0,3,3
Gretanne,0,3,3
Gretchan-Ann,0,3,3
Grètchen,0,3,3
Gretcher,3,0,3
Grethando,3,0,3
Gréthe,0,3,3
Grethi,0,3,3
Grethilda,0,3,3
Gretho,3,0,3
Grethy,0,3,3
Grétia,0,3,3
Gretie,0,3,3
Gretien,0,3,3
Gretiena,0,3,3
Gretienne,0,3,3
Gretiènne,0,3,3
Grétina,0,3,3
Gretines,3,0,3
Grétinus,3,0,3
Gretke,0,3,3
Gretler,3,0,3
Gretlie,3,0,3
Grétonne,0,3,3
Gretruida,0,3,3
Gretsen,0,3,3
Grétsia,0,3,3
Gretsky,3,0,3
Grett,3,0,3
Grette,0,3,3
Grettie,0,3,3
Gretue,3,0,3
Gretzky,3,0,3
Grevaino,3,0,3
Greve,3,0,3
Grevelink,3,0,3
Grevelling,0,3,3
Grevelyne,0,3,3
Greven,3,0,3
Greveny,0,3,3
Greverson,3,0,3
Grevilla,0,3,3
Grevin,3,0,3
Greving,3,0,3
Grevonny,3,0,3
Grewensely,0,3,3
Grewheno,3,0,3
Gréwim,3,0,3
Grewina,0,3,3
Gréyan,0,3,3
Greydishaino,3,0,3
Greydjen,3,0,3
Greydon,3,0,3
Greygory,3,0,3
Greyliano,3,0,3
Greylison,3,0,3
Greymiory,3,0,3
Greynailys,0,3,3
Greysha,0,3,3
Greyshanio,3,0,3
Greysia,0,3,3
Greysson,3,0,3
Greyzi,0,3,3
Grezia,0,3,3
Grézjène,0,3,3
Grézvan,0,3,3
Grgo,3,0,3
Gria,0,3,3
Griancey,0,3,3
Griane,0,3,3
Griccella,0,3,3
Gricela,0,3,3
Grichelle,0,3,3
Grichely,0,3,3
Griciela,0,3,3
Grico,3,0,3
Gridje,0,3,3
Grie,0,3,3
Grieanda,0,3,3
Grieane,0,3,3
Grieart,3,0,3
Griecella,0,3,3
Griecelle,0,3,3
Griedina,0,3,3
Grieëtte,0,3,3
Griegio,3,0,3
Grieja,0,3,3
Griejan,3,0,3
Griejetta,0,3,3
Griejette,0,3,3
Griejohn,3,0,3
Grielinde,0,3,3
Griëlle,0,3,3
Griemo,3,0,3
Grienette,0,3,3
Grienggrai,3,0,3
Griesovelandies,3,0,3
Griet-Anne,0,3,3
Griet-Tine,0,3,3
Grietdina,0,3,3
Griëte,0,3,3
Griethilda,0,3,3
Griethine,0,3,3
Griethje,0,3,3
Grietho,3,0,3
Griethus,3,0,3
Grietia,0,3,3
Grietie,0,3,3
Grietineke,0,3,3
Grietino,3,0,3
Grietis,3,0,3
Grietitia,0,3,3
Grietje-Anna,0,3,3
Grietje-Corrie,0,3,3
Grietje-Francien,0,3,3
Grietje-Gerdina,0,3,3
Grietje-Gerlina,0,3,3
Grietje-Jantje,0,3,3
Grietje-Nel,0,3,3
Grietje-Nely,0,3,3
Grietje-Rengertje,0,3,3
Grietje-Rinske,0,3,3
Grietje-Trudy,0,3,3
Grietjerippen,0,3,3
Grietjes,0,3,3
Grietke,0,3,3
Grietonnis,3,0,3
Grietrijntje,0,3,3
Grietruida,0,3,3
Grietsella,0,3,3
Grietske,0,3,3
Grietta,0,3,3
Griettheus,3,0,3
Griettien,0,3,3
Griettines,3,0,3
Grietto,3,0,3
Griettus,3,0,3
Grietty,0,3,3
Grietynke,0,3,3
Griève,0,3,3
Grieyanne,0,3,3
Griezine,3,0,3
Griezinus,3,0,3
Griff,0,3,3
Griffany,0,3,3
Griffian,3,0,3
Griffien,3,0,3
Griffinie,0,3,3
Griffyn,3,0,3
Grift,0,3,3
Griften,3,0,3
Grifton,3,0,3
Griges,3,0,3
Grigitte,0,3,3
Grigo,3,0,3
Grigore,3,0,3
Grigorji,3,0,3
Grigóry,3,0,3
Grigoryevich,3,0,3
Grigoryevna,0,3,3
Grigtzel,3,0,3
Grijanne,0,3,3
Grijta,0,3,3
Grilena,0,3,3
Grilt,3,0,3
Grimaldi,3,0,3
Grimaldus,3,0,3
Grimaldy,0,3,3
Grimbald,3,0,3
Grimme,3,0,3
Grimmius,3,0,3
Grimoald,3,0,3
Grimshaw,3,0,3
Grina,0,3,3
Gringa,0,3,3
Gringer,3,0,3
Grinka,0,3,3
Grinshenairo,3,0,3
Griny,0,3,3
Gríofa,3,0,3
Griomar,3,0,3
Grion,0,3,3
Griovanni,3,0,3
Gris,3,0,3
Grisaidy,0,3,3
Grisalda,0,3,3
Grisales,0,3,3
Grisanne,0,3,3
Grisanthi,0,3,3
Grischka,3,0,3
Grisel,0,3,3
Grisela,0,3,3
Grisêldis,0,3,3
Griseldus,3,0,3
Grisenkho,3,0,3
Grish,3,0,3
Grisham,3,0,3
Grishantely,0,3,3
Grishena,0,3,3
Grishja,3,0,3
Grishkaputra,3,0,3
Grisi,0,3,3
Grisja,3,0,3
Grisley,3,0,3
Grisolde,0,3,3
Grisovalandios,3,0,3
Grisowalandou,0,3,3
Grispine,0,3,3
Grissenda,0,3,3
Grista,0,3,3
Gristian,3,0,3
Gristina,0,3,3
Grisúla,0,3,3
Grisula,0,3,3
Grisza,3,0,3
Griteke,0,3,3
Grithe,0,3,3
Gritien,0,3,3
Gritje,0,3,3
Gritly,0,3,3
Grito,3,0,3
Grivanildo,3,0,3
Grivencia,0,3,3
Grivera,0,3,3
Grizelda,0,3,3
Grizeleenie,3,0,3
Grizzlis,0,3,3
GRJM,0,3,3
Grodefrieda,0,3,3
Groene,3,0,3
Groesje,0,3,3
Groesjenjka,0,3,3
Groesjenka,0,3,3
Grogan,0,3,3
Grogery,3,0,3
Grogory,3,0,3
Groira,3,0,3
Gromit,3,0,3
Grondea,0,3,3
Groom,3,0,3
Groote,3,0,3
Groove,3,0,3
Grosarbah,3,0,3
Grosby,3,0,3
Grosh,3,0,3
Gross,0,3,3
Groushencka,0,3,3
Grovannij,3,0,3
Grubina,0,3,3
Grudete,3,0,3
Gruijter,3,0,3
Grunja,0,3,3
Grunk,3,0,3
Grunwald,0,3,3
Grusé,3,0,3
Grusjenka,0,3,3
Grusosimus,3,0,3
Grut,0,3,3
Gruus,3,0,3
Gruz,3,0,3
Gryamfi,3,0,3
Grychelle,0,3,3
Gryffin,3,0,3
Grygory,3,0,3
Grykci,3,0,3
Gryko,3,0,3
Gryselda,0,3,3
Grysilde,0,3,3
Grystan,3,0,3
Gryt-Janna,0,3,3
Grytalien,0,3,3
Gryteloek,0,3,3
Grytha-Arjenne,0,3,3
Grytine,0,3,3
Grytse,3,0,3
Grytsen,3,0,3
Grytsje-Aag,0,3,3
Grytteke,0,3,3
Gryvanca,0,3,3
Gryvean,3,0,3
Gryvon,3,0,3
Gryzee,0,3,3
Grzesiu,3,0,3
Gsandro,3,0,3
Gshal,3,0,3
GSJ,0,3,3
GSJP,0,3,3
GSM,0,3,3
GTA,3,0,3
Gting,0,3,3
Gua,0,3,3
Guacimara,0,3,3
Guacymara,0,3,3
Guadalajara,0,3,3
Guadalube,0,3,3
Guadalup,0,3,3
Guadalupez,0,3,3
Guadelainqia,0,3,3
Guadélainqia,0,3,3
Guadeloupe,0,3,3
Guadelupé,0,3,3
Guadioso,3,0,3
Guaielle,0,3,3
Guaira,0,3,3
Guaita,0,3,3
Guajira,0,3,3
Gualbertina,0,3,3
Gualdin,3,0,3
Gualdinho,3,0,3
Gualdino,3,0,3
Gualdoline,0,3,3
Gualina,0,3,3
Gualinio,3,0,3
Guallinio,3,0,3
Gualter,3,0,3
Gualteri,3,0,3
Gualtiery,3,0,3
Guan-Cheng,3,0,3
Guan-Guan,0,3,3
Guan-Li,3,0,3
Guan-Wen,3,0,3
Guan-Yang,3,0,3
Guan-Yao,3,0,3
Guan-Zhi,3,0,3
Guanbernardo,3,0,3
Guando,3,0,3
Guāng,3,0,3
Guang-hua,3,0,3
Guang-Hui,3,0,3
Guang-Ming,3,0,3
Guangyiau,3,0,3
Guangyue,0,3,3
Güanita,0,3,3
Guanitha,0,3,3
Guanitza,0,3,3
Guanjiang,3,0,3
Guanjun,3,0,3
Guanming,3,0,3
Guanq,3,0,3
Guanta,0,3,3
Guanta-Namera,0,3,3
Guantierro,3,0,3
Guantio,3,0,3
Guanyin,3,0,3
Guapa,0,3,3
Guarasi,0,3,3
Guardiano,3,0,3
Guardina,0,3,3
Guariënne,0,3,3
Guario,3,0,3
Guarniero,3,0,3
Guarracino,3,0,3
Guarzon,3,0,3
Guava,3,0,3
Guavano,3,0,3
Guavar,3,0,3
Guaya,0,3,3
Guayca,0,3,3
Guba,3,0,3
Gubeeb,3,0,3
Guberdina,0,3,3
Guberta,0,3,3
Gübeyaz,0,3,3
Gubilay,3,0,3
Gucchel,0,3,3
Gucciana,0,3,3
Guceray,3,0,3
Guché,3,0,3
Guchel,3,0,3
Guchiano,3,0,3
Guci,3,0,3
Guciano,3,0,3
Gudde,0,3,3
Gudder,3,0,3
Guddie,0,3,3
Guddusi,3,0,3
Gudel,0,3,3
Gudélia,0,3,3
Gudeline,0,3,3
Gudelio,3,0,3
Gudian,3,0,3
Gudikje,0,3,3
Gudina,0,3,3
Gudio,3,0,3
Guditta,0,3,3
Gudjón,3,0,3
Gudmund,3,0,3
Gudmunder,3,0,3
Güdo,3,0,3
Gudolina,0,3,3
Gudrid,0,3,3
Gudrïen,0,3,3
Güdrün,0,3,3
Gudrün,0,3,3
Gudrún,0,3,3
Gudry,3,0,3
Gudsmar,3,0,3
Gudu,0,3,3
Gudulia,0,3,3
Gudulpha,0,3,3
Gudur,3,0,3
Gudus,3,0,3
Guduul,0,3,3
Gué,3,0,3
Gue,3,0,3
Gue-lee,0,3,3
Gueanaviera,0,3,3
Guebe,3,0,3
Guedes,0,3,3
Gueladio,3,0,3
Gueldira,0,3,3
Guelleh,3,0,3
Guellerma,0,3,3
Guelma,0,3,3
Guelmina,0,3,3
Guemaaryenelson,3,0,3
Guena,0,3,3
Guenaël,3,0,3
Guénaelle,0,3,3
Guenaëlle,0,3,3
Guénaut,3,0,3
Guencherlly,3,0,3
Guendelien,0,3,3
Guendelina,0,3,3
Guenette,0,3,3
Guenevaer,0,3,3
Guenéver,0,3,3
Guenevera,0,3,3
Gueneverre,0,3,3
Gueniévre,0,3,3
Guenièvre,0,3,3
Guenilsan,0,3,3
Guennan,0,3,3
Guenneverre,0,3,3
Guennevive,0,3,3
Guénoëlle,0,3,3
Guénolé,3,0,3
Guénolée,0,3,3
Guensa,0,3,3
Guenseley,0,3,3
Gueorguiev,3,0,3
Guerda,0,3,3
Guerde,3,0,3
Guerden,3,0,3
Guerdine,0,3,3
Guerdon,3,0,3
Guéreaud,3,0,3
Guéren,3,0,3
Guérin,3,0,3
Guerin,3,0,3
Guerina,0,3,3
Guernica,0,3,3
Guernino,3,0,3
Guernsheanick,3,0,3
Guernycha,0,3,3
Guernyson,3,0,3
Guerolaitis,3,0,3
Guerrera,0,3,3
Guerrica,0,3,3
Guerrin,3,0,3
Guerrina,0,3,3
Guerscham,3,0,3
Guerschon,3,0,3
Guërson,3,0,3
Guertie,0,3,3
Guery,3,0,3
Guesia,0,3,3
Guess,0,3,3
Guessan,3,0,3
Guessetty,0,3,3
Guestaferro,3,0,3
Guetano,3,0,3
Guettant,3,0,3
Guevana,0,3,3
Guévara,3,0,3
Guevarra,3,0,3
Guevienne,3,0,3
Gughielmo,3,0,3
Gugliëlmina,0,3,3
Guglièlmo,3,0,3
Gugliemo,3,0,3
Gugliermo,3,0,3
Gugulethu,0,3,3
Guhad,3,0,3
Guhelmus,3,0,3
Guhnar,3,0,3
Gùi,0,3,3
Gui-Gui,0,3,3
Guía,0,3,3
Guialdino,3,0,3
Guian,3,0,3
Guiano,3,0,3
Guiara,0,3,3
Guiaro,3,0,3
Guiba,3,0,3
Guibertha,0,3,3
Guicela,0,3,3
Guichard,3,0,3
Guichel,3,0,3
Guichelle,0,3,3
Guiciel,3,0,3
Guicièla,0,3,3
Guid,3,0,3
Guidetrilinie,0,3,3
Guidetti,3,0,3
Guidia,0,3,3
Guidiam,3,0,3
Guidine,0,3,3
Guidione,3,0,3
Guido-Bart,3,0,3
Guido-Bram,3,0,3
Guido-Carlo,3,0,3
Guido-Étienne,3,0,3
Guido-Johan,3,0,3
Guido-Matthijs,3,0,3
Guido-Willem,3,0,3
Guidomine,0,3,3
Guidor,3,0,3
Guidorine,0,3,3
Guidorus,3,0,3
Guidrijon,3,0,3
Guiduin,0,3,3
Guiduina,0,3,3
Guidwinus,3,0,3
Guidyn,0,3,3
Guieane,0,3,3
Guiellermo,3,0,3
Guiellirmo,3,0,3
Guiëlma,0,3,3
Guielmo,3,0,3
Guiëlmo,3,0,3
Guièm,3,0,3
Guienne,0,3,3
Guiermina,0,3,3
Guiette,0,3,3
Guifré,3,0,3
Guigno,3,0,3
Guihelmus,3,0,3
Guijenique,0,3,3
Guijkeensun,3,0,3
Guike,3,0,3
Guil,3,0,3
Guil'heaven,0,3,3
Guila,3,0,3
Guilaisha,0,3,3
Guilametta,0,3,3
Guilan,3,0,3
Guilando,3,0,3
Guilann,0,3,3
Guilanne,0,3,3
Guilara,0,3,3
Guilaysho,3,0,3
Guilbrano,3,0,3
Guilchansa,0,3,3
Guileano,3,0,3
Guileilmus,3,0,3
Guïlelma,0,3,3
Guilelmina,0,3,3
Guilemaine,0,3,3
Guilemine,0,3,3
Guilén,3,0,3
Guilenia,0,3,3
Guilera,0,3,3
Guilford,3,0,3
Guilgeanio,3,0,3
Guilhelmi,0,3,3
Guilhelmine,0,3,3
Guilïan,3,0,3
Guiliane,0,3,3
Guilianice,0,3,3
Guilianie,0,3,3
Guilianio,3,0,3
Guilianna,0,3,3
Guilianne,0,3,3
Guiliara,0,3,3
Guiliaume,3,0,3
Guiliëlma,0,3,3
Guiliemo,3,0,3
Guiliëtta,0,3,3
Guiliette,0,3,3
Guilin,0,3,3
Guïlio,3,0,3
Guilion,3,0,3
Guilitta,0,3,3
Guiljaem,3,0,3
Guiljano,3,0,3
Guiljemien,0,3,3
Guiljermo,3,0,3
Guilla,0,3,3
Guilla'em,3,0,3
Guillaino,3,0,3
Guillame,3,0,3
Guillametta,0,3,3
Guillan,3,0,3
Guillanie,3,0,3
Guillanja,0,3,3
Guillara,0,3,3
Guillard,3,0,3
Guillard-Dilain,3,0,3
Guillau,3,0,3
Guilläume,3,0,3
Guillaume-Louis,3,0,3
Guillaume-Michel,3,0,3
Guillauminne,0,3,3
Guillaummette,3,0,3
Guillauri,3,0,3
Guillauvénsley,3,0,3
Guilleame,3,0,3
Guilleaumetta,0,3,3
Guilleaumina,0,3,3
Guilledore,3,0,3
Guillelme,3,0,3
Guillelmo,3,0,3
Guillëlmo,3,0,3
Guillém,3,0,3
Guillemène,0,3,3
Guillemiene,0,3,3
Guillemna,3,0,3
Guillemus,3,0,3
Guillen,3,0,3
Guillencio,3,0,3
Guillenço,3,0,3
Guillendro,3,0,3
Guillenette,0,3,3
Guillenghelo,3,0,3
Guillensly,3,0,3
Guiller,3,0,3
Guillerm,3,0,3
Guillermaily,0,3,3
Guillermana,0,3,3
Guillermé,0,3,3
Guillermi,0,3,3
Guillerminho,3,0,3
Guillermito,3,0,3
Guillermory,3,0,3
Guillet,3,0,3
Guillford,3,0,3
Guilliaem,3,0,3
Guilliame,3,0,3
Guilliamme,3,0,3
Guilliando,3,0,3
Guilliandro,3,0,3
Guillianne,0,3,3
Guillianno,3,0,3
Guillianon,3,0,3
Guilliant,0,3,3
Guilliasha,0,3,3
Guillielmina,0,3,3
Guïlliëlmus,3,0,3
Guilliën,3,0,3
Guillien,3,0,3
Guilliendrick,3,0,3
Guilliendro,3,0,3
Guilliène,0,3,3
Guilliënne,3,0,3
Guilliérmo,3,0,3
Guillièrmo,3,0,3
Guillin,3,0,3
Guillique,0,3,3
Guillium,0,3,3
Guilliyano,3,0,3
Guillnayra,0,3,3
Guilló,3,0,3
Guilloam,3,0,3
Guillomaro,3,0,3
Guillomène,3,0,3
Guillomette,0,3,3
Guillomy,3,0,3
Guillonard,3,0,3
Guillovani,3,0,3
Guillrich,3,0,3
Guilluame,3,0,3
Guillvano,3,0,3
Guillyana,0,3,3
Guillyandro,3,0,3
Guillynio,3,0,3
Guilometta,0,3,3
Guilravaö,3,0,3
Guïlse,0,3,3
Guilvan,3,0,3
Guilvano,3,0,3
Guilvi,3,0,3
Guilvy,3,0,3
Guily,3,0,3
Guilyano,3,0,3
Guilyenza,0,3,3
Guim,3,0,3
Guimaraes,3,0,3
Guimarez,3,0,3
Guimette,0,3,3
Guinar,3,0,3
Guindem,0,3,3
Guindo,0,3,3
Guindoline,0,3,3
Guinero,3,0,3
Guinessa,0,3,3
Guinevaere,0,3,3
Guinevar,0,3,3
Guinevera,0,3,3
Guinévère,0,3,3
Guineveve,0,3,3
Guinevièra,0,3,3
Guineviére,0,3,3
Guinevieve,0,3,3
Guinevire,0,3,3
Guinhael,0,3,3
Guinio,3,0,3
Guinivère,0,3,3
Guiniverre,0,3,3
Guinn,3,0,3
Guinnevera,0,3,3
Guinnevère,0,3,3
Guinneverne,0,3,3
Guinnevre,0,3,3
Guinnie,0,3,3
Guinnifer,0,3,3
Guinongu,0,3,3
Guintoli,3,0,3
Guiny,0,3,3
Guio,3,0,3
Guiomara,0,3,3
Guion,3,0,3
Guiora,0,3,3
Guiot,3,0,3
Guiovanni,3,0,3
Guiren,3,0,3
Guirencé,3,0,3
Guirgis,3,0,3
Guirino,3,0,3
Guirlinda,3,0,3
Guirmina,0,3,3
Guirmine,0,3,3
Guirmo,3,0,3
Guironey,3,0,3
Guírurgy,3,0,3
Guisainro,3,0,3
Guisando,3,0,3
Guisèle,0,3,3
Guisella,0,3,3
Guisenne,0,3,3
Guisepe,3,0,3
Guisephina,0,3,3
Guisepina,0,3,3
Guiseppe-Oliviér,3,0,3
Guiseppi,3,0,3
Guishaïra,0,3,3
Guishaynelly,0,3,3
Guisinri,0,3,3
Guisjainri,0,3,3
Guislaine,0,3,3
Guisou,0,3,3
Guissell,0,3,3
Guissep,3,0,3
Guisseppine,0,3,3
Guisseppino,3,0,3
Guisthinio,3,0,3
Guit-Jan,3,0,3
Guitan,3,0,3
Guitarra,0,3,3
Guitesse,0,3,3
Guitjan,3,0,3
Guito,0,3,3
Guitsche,0,3,3
Guitze-Jan,3,0,3
Guiv,3,0,3
Guivaïno,3,0,3
Guivaio,3,0,3
Guivan,3,0,3
Guivanna,0,3,3
Guive,3,0,3
Guiverno,3,0,3
Guivien,3,0,3
Guivinio,3,0,3
Guivret,3,0,3
Guiwenneth,0,3,3
Guiyara,0,3,3
Guiyon,3,0,3
Guizot,3,0,3
Gujanne,0,3,3
Gukmen,3,0,3
Gŭl,0,3,3
Gül-Melek,0,3,3
Gül-Peri,0,3,3
Gul-Rukh,0,3,3
Gula,0,3,3
Gülabat,0,3,3
Gulabi,0,3,3
Gulafsha,0,3,3
Gülağa,3,0,3
Gulai,0,3,3
Gulaid,3,0,3
Gulainy,0,3,3
Gülaj,0,3,3
Gulalay,0,3,3
Gülandem,0,3,3
Gülanur,0,3,3
Gülanür,0,3,3
Gülasor,0,3,3
Gülasya,0,3,3
Gulav,0,3,3
Gûlây,0,3,3
Gûlay,0,3,3
Gülayşe,0,3,3
Gulaysho,3,0,3
Gülaysu,0,3,3
Gulazer,0,3,3
Gulba,3,0,3
Gűlbahar,0,3,3
Gulbahar,0,3,3
Gülbahr,0,3,3
Gülban,0,3,3
Gülbanu,0,3,3
Gülbarin,0,3,3
Gülbaz,0,3,3
Gulbe,3,0,3
Gulbeddin,3,0,3
Gulbehar,0,3,3
Gülbehice,0,3,3
Gülbetül,0,3,3
Gülbey,3,0,3
Gülbeyas,0,3,3
Gülbiyaz,0,3,3
Gülbün,0,3,3
Gülbüs,0,3,3
Gülcahan,0,3,3
Gűlcan,0,3,3
Gülcay,0,3,3
Gülçay,0,3,3
Gűlce,0,3,3
Gülcehan,0,3,3
Gülçehre,0,3,3
Gulceren,0,3,3
Gulchehrah,0,3,3
Gülcicek,0,3,3
Gulçin,0,3,3
Güldali,0,3,3
Güldân,0,3,3
Güldăne,0,3,3
Güldede,3,0,3
Güldedekiz,0,3,3
Guldenaar,0,3,3
Güldeniz,0,3,3
Güldenur,0,3,3
Güldinç,0,3,3
Güldöne,0,3,3
Güldönüş,0,3,3
Güle,0,3,3
Gule,0,3,3
Gülean,0,3,3
Güleç,0,3,3
Guleesh,3,0,3
Gulelvan,0,3,3
Gülemder,0,3,3
Gulemina,0,3,3
Gülemine,0,3,3
Gulen,0,3,3
Gülenaz,0,3,3
Gulenda,0,3,3
Gulendam,0,3,3
Gülende,0,3,3
Gülengül,0,3,3
Guleo,3,0,3
Gülerdem,0,3,3
Güleren,0,3,3
Gülersun,0,3,3
Gülerya,0,3,3
Gülesen,0,3,3
Guleser,0,3,3
Gülesin,0,3,3
Gulfem,0,3,3
Gülfen,0,3,3
Gulfer,0,3,3
Gülferan,3,0,3
Gulfidan,0,3,3
Gülfikar,0,3,3
Gülfisan,0,3,3
Gülgen,0,3,3
Gülham,0,3,3
Gűlhan,3,0,3
Gülhân,0,3,3
Gülhani,0,3,3
Gülhas,0,3,3
Gülhazar,0,3,3
Gulhelma,0,3,3
Gülhin,0,3,3
Gülhizar,0,3,3
Guli,3,0,3
Guliama,0,3,3
Gulianne,0,3,3
Gulianus,3,0,3
Gulied,3,0,3
Gulielmine,0,3,3
Gulielmo,3,0,3
Gulièlmus,3,0,3
Guliëtte,0,3,3
Gulijn,0,3,3
Gülinay,0,3,3
Gulinda,0,3,3
Guliön,3,0,3
Gülipek,0,3,3
Gülişah,0,3,3
Gülişan,0,3,3
Gülisan,0,3,3
Gülisdan,0,3,3
Gulîstan,0,3,3
Gulita,0,3,3
Guliz,0,3,3
Gûlizar,0,3,3
Gülızar,0,3,3
Gulje,0,3,3
Guljina,0,3,3
Guljit,0,3,3
Gulka,0,3,3
Gulkiz,0,3,3
Gülkız,0,3,3
Güll,0,3,3
Gullalai,0,3,3
Gullamallie,3,0,3
Güllas,0,3,3
Gullborg,0,3,3
Gulle,0,3,3
Gullermo,3,0,3
Gullet,3,0,3
Gulliantino,3,0,3
Gulliaume,3,0,3
Gullietta,0,3,3
Gulliko,0,3,3
Güllinaz,0,3,3
Gullion,3,0,3
Gullit,3,0,3
Gullizar,0,3,3
Güllüşah,0,3,3
Gullyano,3,0,3
Gülmay,0,3,3
Gülmedine,0,3,3
Gülmina,0,3,3
Gülmisal,0,3,3
Gulmuhammed,3,0,3
Gülnadiye,0,3,3
Gülname,0,3,3
Gülnara,0,3,3
Gulnarya,0,3,3
Gulnas,0,3,3
Gülnazik,0,3,3
Gülnazli,0,3,3
Gülnez,0,3,3
Gülnida,0,3,3
Gülnimet,0,3,3
Gulnisa,0,3,3
Gülnür,0,3,3
Gulnur,0,3,3
Guloet,0,3,3
Gülom,0,3,3
Gülper,0,3,3
Gülperin,0,3,3
Gulrez,0,3,3
Gülsade,0,3,3
Gülsâh,0,3,3
Gűlşah,0,3,3
Gulsan,3,0,3
Gülsare,0,3,3
Gülschen,0,3,3
Gülsefa,0,3,3
Gülsel,0,3,3
Gülseli,0,3,3
Gülsem,0,3,3
Gülsemin,0,3,3
Gülşemin,0,3,3
Gülşenay,0,3,3
Gulsennaz,0,3,3
Gülsennur,0,3,3
Gülsenur,0,3,3
Gulser,0,3,3
Gulseren,0,3,3
Gülserin,0,3,3
Gulserin,0,3,3
Gülsev,0,3,3
Gülseven,0,3,3
Gülsever,0,3,3
Gulsevim,0,3,3
Gülsey,0,3,3
Gülshan,0,3,3
Gulshen,0,3,3
Gulsima,0,3,3
Gülsime,0,3,3
Gülşin,0,3,3
Gülsina,0,3,3
Gülsiye,0,3,3
Gülsoy,3,0,3
Gûlsûm,0,3,3
Gülsūm,0,3,3
Gülsümer,0,3,3
Gülsümhanim,0,3,3
Gülsümnur,0,3,3
Gŭlsŭn,0,3,3
Gülşün,0,3,3
Gulsun,0,3,3
Gülsuna,0,3,3
Gültaç,0,3,3
Gültan,0,3,3
Gültane,0,3,3
Gültanem,0,3,3
Gültaner,3,0,3
Gültaze,0,3,3
Gülteri,0,3,3
Gültug,0,3,3
Gulu,3,0,3
Gülümsu,0,3,3
Gülünay,0,3,3
Gülürana,0,3,3
Guluşan,0,3,3
Gülüsan,0,3,3
Gülüsdan,0,3,3
Gülüsmü,0,3,3
Gúlúsum,0,3,3
Gülüzaar,0,3,3
Guluzar,0,3,3
Gulyaim,0,3,3
Gülyan,0,3,3
Gûlyan,3,0,3
Gulyana,0,3,3
Gülyeter,0,3,3
Gülzâr,0,3,3
Gülzar,0,3,3
Gülzâra,0,3,3
Gumaris,3,0,3
Gumas,3,0,3
Gumay,3,0,3
Gumbert,3,0,3
Gümer,0,3,3
Gumercinda,0,3,3
Gumercindo,3,0,3
Gumersindo,3,0,3
Gumilla,0,3,3
Gumma,0,3,3
Gummaria,0,3,3
Gumo,3,0,3
Gunaaf,0,3,3
Gunadi,3,0,3
Gunafir,3,0,3
Gunaj,3,0,3
Gunakorn,3,0,3
Gunard,3,0,3
Gunars,3,0,3
Gunarti,0,3,3
Gunauw,0,3,3
Gunawathi,0,3,3
Gûnay,0,3,3
Gunaydin,3,0,3
Gunbritt,0,3,3
Güncan,3,0,3
Gũnce,3,0,3
Günce,0,3,3
Gunche,0,3,3
Gundal,0,3,3
Gundalyn,0,3,3
Gundar,3,0,3
Gundarik,3,0,3
Gundelinda,0,3,3
Gundelinde,0,3,3
Gundeline,0,3,3
Gunder,3,0,3
Gunderla,0,3,3
Gündeş,0,3,3
Gundhilde,0,3,3
Gundi,0,3,3
Gundilda,0,3,3
Gundilo,3,0,3
Gundl,0,3,3
Gundo,0,3,3
Gundolf,3,0,3
Gundu,0,3,3
Gundula,0,3,3
Gundulphus,3,0,3
Gundur,0,3,3
Gunduz,3,0,3
Gündüzalp,3,0,3
Gundy,0,3,3
Guneç,0,3,3
Gunef,0,3,3
Gunegonda,0,3,3
Gunel,0,3,3
Gunella,0,3,3
Günen,3,0,3
Gunenzo,3,0,3
Güneri,3,0,3
Güneser,3,0,3
Güneşhan,3,0,3
Gűney,3,0,3
Günfer,0,3,3
Güngër,3,0,3
Güngön,3,0,3
Gungör,3,0,3
Gungor,3,0,3
Güngor,3,0,3
Gunhilda,0,3,3
Gunhilde,0,3,3
Guni,3,0,3
Guniberto,3,0,3
Guniëlle,0,3,3
Gunifordus,3,0,3
Gunika,0,3,3
Gunila,0,3,3
Gunilde,0,3,3
Gunio,3,0,3
Gunior,3,0,3
Gunivorta,0,3,3
Güniz,0,3,3
Günna,0,3,3
Gúnnar,3,0,3
Gunnar-Anders,3,0,3
Günnaz,0,3,3
Gunnhildur,0,3,3
Gunnlaugur,3,0,3
Gunno,3,0,3
Gunnvor,0,3,3
Gunny,3,0,3
Gunou,0,3,3
Gunsterdina,0,3,3
Günsün,0,3,3
Gunta,0,3,3
Güntaç,3,0,3
Guntar,3,0,3
Guntara,3,0,3
Gunter-Jan,3,0,3
Gűnther,3,0,3
Günther-Jochem,3,0,3
Günther-Leonardus,3,0,3
Guntherly,0,3,3
Guntherus,3,0,3
Günthilde,0,3,3
Guntrom,3,0,3
Güntuğ,3,0,3
Güntwin,3,0,3
Guntya,0,3,3
Günül,0,3,3
Gunvald,3,0,3
Gunver,0,3,3
Gunwor,0,3,3
Günyar,0,3,3
Gunywine,0,3,3
Günzel,0,3,3
Guo-cheng,3,0,3
Guo-He,3,0,3
Guo-jun,0,3,3
Guofeng,3,0,3
Guofu,3,0,3
Guoliang,3,0,3
Guowang,3,0,3
Gupse,0,3,3
Gur,3,0,3
Gura,0,3,3
Guracie,3,0,3
Guraibe,3,0,3
Güral,3,0,3
Guralda,0,3,3
Gürani,3,0,3
Guranke,0,3,3
Gurard,3,0,3
Gurardus,3,0,3
Guray,3,0,3
Guraycho,3,0,3
Guraynie,0,3,3
Gurbakhash,3,0,3
Gurbandan,3,0,3
Gürbani,3,0,3
Gurbani,0,3,3
Gurbax,3,0,3
Gurbedina,0,3,3
Gurber,3,0,3
Gurbes,3,0,3
Gürbey,3,0,3
Gurbina,0,3,3
Gürbür,3,0,3
Gürbuz,3,0,3
Gurcan,3,0,3
Gürcay,3,0,3
Gurcharan,3,0,3
Gurcharandass,3,0,3
Gurcu,0,3,3
Gürcünur,0,3,3
Gurdal,3,0,3
Gurdeepkaur,0,3,3
Gurdew,3,0,3
Gurdip,0,3,3
Gurdisha,0,3,3
Gureno,3,0,3
Gurenska,0,3,3
Gürerk,3,0,3
Gurgian,3,0,3
Gurgina,0,3,3
Gûrhan,3,0,3
Gürhat,3,0,3
Gurhsimmarjeet,3,0,3
Gurian,3,0,3
Guriana,0,3,3
Guriande,0,3,3
Gurianne,0,3,3
Guriarani,0,3,3
Guriën,3,0,3
Guriëtte,0,3,3
Gurikk,3,0,3
Gurinderjit,0,3,3
Gurine,0,3,3
Gurjinder,3,0,3
Gurjinderjit,3,0,3
Gurjod,0,3,3
Gūrkan,3,0,3
Gûrkan,3,0,3
Gurkarandeep,3,0,3
Gurkarman,0,3,3
Gurkarmandeep,3,0,3
Gurkirat,0,3,3
Gurlabh,3,0,3
Gürlek,3,0,3
Gürlizar,0,3,3
Gurly,0,3,3
Gurlyaqt,3,0,3
Gurmaila,0,3,3
Gurmeetkaur,0,3,3
Gurmeeysa,3,0,3
Gurmehar,3,0,3
Gurmej,3,0,3
Gurmohit,3,0,3
Gurmu,3,0,3
Gurneckraj,3,0,3
Gurneer,0,3,3
Gurnies,0,3,3
Gurnoorpreet,3,0,3
Gurnurleen,3,0,3
Gurnystika,0,3,3
Gurol,3,0,3
Gûrol,3,0,3
Gurpal,3,0,3
Gurpreetkaur,0,3,3
Gurpriet,0,3,3
Gurrely,0,3,3
Gursahibjit,3,0,3
Gürsat,3,0,3
Gürşat,3,0,3
Gürsay,3,0,3
Gursehaj,0,3,3
Gursel,3,0,3
Gurshaid,3,0,3
Gurshant,0,3,3
Gursharn,3,0,3
Gurshel,3,0,3
Gurshid,0,3,3
Gurshney,0,3,3
Gursimar,0,3,3
Gursimer,0,3,3
Gursion,3,0,3
Gursky,3,0,3
Gursoy,3,0,3
Gurssiën,3,0,3
Gürsün,0,3,3
Gurswin,3,0,3
Gurt,3,0,3
Gurtaj,3,0,3
Gürtan,3,0,3
Gurtaran,3,0,3
Gurten,0,3,3
Gurteswar,3,0,3
Gurtha,0,3,3
Gurthy,0,3,3
Gurtiën,0,3,3
Gurtje,3,0,3
Guruaisha,0,3,3
Gurudath,3,0,3
Gurudew,3,0,3
Guruhputra,3,0,3
Gurum,3,0,3
Gurumeet,3,0,3
Gurupharan,3,0,3
Gurupraba,0,3,3
Guruwaï,0,3,3
Guruya,3,0,3
Guruyani,0,3,3
Guruyero,3,0,3
Gurvano,3,0,3
Gurville,3,0,3
Gury,0,3,3
Guryon,3,0,3
Guşan,3,0,3
Gusan,0,3,3
Gusann,0,3,3
Gusanne,0,3,3
Gusbertus,3,0,3
Guse,0,3,3
Gusella,0,3,3
Gusev,3,0,3
Gusfer,3,0,3
Gushbu,0,3,3
Gushwenly,3,0,3
Gushwine,3,0,3
Gusina,0,3,3
Gusleeny,0,3,3
Guslena,0,3,3
Gusmaar,3,0,3
Gusman,3,0,3
Gusmano,3,0,3
Gusmaro,3,0,3
Gusna,0,3,3
Gusnaeni,0,3,3
Gusnaeny,0,3,3
Gusrana,0,3,3
Guss,3,0,3
Gust',3,0,3
Gustaaf-Karel,3,0,3
Gustaafina,0,3,3
Gustafa,0,3,3
Gustafanie,0,3,3
Gustafe,3,0,3
Gustaff,3,0,3
Güstaff,3,0,3
Gustafo,3,0,3
Gustalé,0,3,3
Gustalê,0,3,3
Gustanora,0,3,3
Gustaphina,0,3,3
Gustar,3,0,3
Gústav,3,0,3
Gûstav,3,0,3
Gustav-Carl,3,0,3
Gustavanio,3,0,3
Gustavas,3,0,3
Gustavi,0,3,3
Gustavio,3,0,3
Gustavos,3,0,3
Gustavs,3,0,3
Gustef,0,3,3
Gustevan,3,0,3
Gustheo,3,0,3
Güsti,0,3,3
Gustie,3,0,3
Gustiena,0,3,3
Gustify,3,0,3
Gustino,3,0,3
Gustiputra,3,0,3
Gustl,3,0,3
Güston,3,0,3
Gusuina,0,3,3
Guswently,3,0,3
Guswin,3,0,3
Gute,0,3,3
Gutei,0,3,3
Guterly,3,0,3
Guthrie,0,3,3
Gutina,0,3,3
Gutrenda,0,3,3
Gutret,3,0,3
Gutruida,0,3,3
Gutrun,0,3,3
Gutshairyson,3,0,3
Guttorm,3,0,3
Gutwin,3,0,3
Guuda,0,3,3
Guudo,3,0,3
Guuled,3,0,3
Guulleed,3,0,3
Guuretta,0,3,3
Guurina,0,3,3
Guurtrudus,0,3,3
Guurtruide,0,3,3
Guus-Dani,3,0,3
Guus-Evert,3,0,3
Guus-Pieter,3,0,3
Guusanne,0,3,3
Guusbert,3,0,3
Guusie,3,0,3
Guusje-Jelle,0,3,3
Guusje-Jorijn,0,3,3
Guusje-Loulou,0,3,3
Guusje-Sofie,0,3,3
Guuslenes,3,0,3
Guust-Jan,3,0,3
Guustaa,0,3,3
Guustaves,3,0,3
Guustavus,3,0,3
Guustiaan,3,0,3
Guustian,3,0,3
Guustijn,3,0,3
Guustin,3,0,3
Guustjan,3,0,3
Guutruida,0,3,3
Gűven,0,3,3
Güvenalp,3,0,3
Güvenc,0,3,3
Guvendley,3,0,3
Guviëlle,0,3,3
Guwan,3,0,3
Güwen,3,0,3
Guwin,3,0,3
Guwynne,3,0,3
Guy-Gavin,3,0,3
Guy-Georges,3,0,3
Guy-Gianno,3,0,3
Guy-Ive,3,0,3
Guy-Julian,3,0,3
Guy-Marcel,3,0,3
Guy-Michel,3,0,3
Guy-Mon,3,0,3
Guy-Paul,3,0,3
Guy-Porsche,3,0,3
Guy-seppe,3,0,3
Güya,0,3,3
Guya,0,3,3
Guyam,3,0,3
Guyang,3,0,3
Guyanho,3,0,3
Guyani,3,0,3
Guyanina,0,3,3
Guyaume,3,0,3
Guyda,0,3,3
Guydiönne,3,0,3
Guydolph,3,0,3
Guydon,3,0,3
Guyé,3,0,3
Guyellmo,3,0,3
Guyelma,0,3,3
Guyelmo,3,0,3
Güyen,3,0,3
Guyenzho,3,0,3
Guyestto,3,0,3
Guyette,0,3,3
Guyième,3,0,3
Guylai,3,0,3
Guylaíne,0,3,3
Guylaume,0,3,3
Guyleine,0,3,3
Guylèn,0,3,3
Guylherme,3,0,3
Guyliamo,3,0,3
Guyliano,3,0,3
Guylinn,0,3,3
Guyliyano,3,0,3
Guyllen,0,3,3
Guyllermo,3,0,3
Guylliam,3,0,3
Guylliano,3,0,3
Guymène,0,3,3
Guymon,3,0,3
Guyndo,3,0,3
Guyneau,3,0,3
Guynio,3,0,3
Guyo,0,3,3
Guyomar,3,0,3
Guyote,0,3,3
Guyphlynn,3,0,3
Guyrano,3,0,3
Guyrlie,3,0,3
Guyroi,3,0,3
Guyselijn,0,3,3
Guyseppe,3,0,3
Guyvaientio,3,0,3
Guyvan,3,0,3
Guyvaney,3,0,3
Guyvany,0,3,3
Guyve,3,0,3
Güzade,0,3,3
Guzaimah,3,0,3
Guzama,0,3,3
Guzanio,3,0,3
Guzanne,0,3,3
Güzelay,0,3,3
Güzelcan,0,3,3
Guzelle,0,3,3
Güzelleke,0,3,3
Guzema,3,0,3
Guzepe,3,0,3
Guzeppe,3,0,3
Güzeyya,0,3,3
Guzmaro,3,0,3
Guzstàv,3,0,3
Guzzie,0,3,3
Guđjón,3,0,3
Gvan,3,0,3
Gvarra,3,0,3
Gvencio,3,0,3
Gvenn,3,0,3
Gvozden,3,0,3
Gwa,0,3,3
Gwadja,3,0,3
Gwaga,0,3,3
Gwaihir,3,0,3
Gwaitsen,3,0,3
Gwalarn,3,0,3
Gwaltney,3,0,3
Gwamjis,3,0,3
Gwan-Lok,3,0,3
Gwanael,3,0,3
Gwananga,3,0,3
Gwando,3,0,3
Gwandoya,0,3,3
Gwane,3,0,3
Gwani,3,0,3
Gwanita,0,3,3
Gwanjan,3,0,3
Gwanjira,0,3,3
Gwanny,0,3,3
Gwanshiwah,0,3,3
Gwanta,0,3,3
Gwanu,3,0,3
Gwayn,3,0,3
Gwazak,3,0,3
Gwechanell,0,3,3
Gweitske,0,3,3
Gwelliam,3,0,3
Gwellyn,3,0,3
Gwemnita,0,3,3
Gwen-Anthony,3,0,3
Gwen-Divany,0,3,3
Gwen-Doris,0,3,3
Gwen-Jean,3,0,3
Gwen-Laycia,0,3,3
Gwen-Rose,0,3,3
Gwenady,0,3,3
Gwénaël,3,0,3
Gwenael,3,0,3
Gwenaëll,3,0,3
Gwenalisa,0,3,3
Gwenan,0,3,3
Gwend,0,3,3
Gwenda-Myra,0,3,3
Gwendaely,0,3,3
Gwendalien,0,3,3
Gwendalita,0,3,3
Gwendalyna,0,3,3
Gwendalyne,0,3,3
Gwendaric,3,0,3
Gwende,0,3,3
Gwendelinne,0,3,3
Gwendellin,0,3,3
Gwendelyna,0,3,3
Gwendelynne,0,3,3
Gwendelysha,0,3,3
Gwendia,0,3,3
Gwendid,0,3,3
Gwendina,0,3,3
Gwendise,0,3,3
Gwendlin,0,3,3
Gwendlyn,0,3,3
Gwendol,3,0,3
Gwendolee,0,3,3
Gwendolena,0,3,3
Gwendoley,0,3,3
Gwendolinda,0,3,3
Gwendolline,0,3,3
Gwendólyn,0,3,3
Gwendolyn-Joan,0,3,3
Gwendolynne,0,3,3
Gwendomar,3,0,3
Gwendrelison,3,0,3
Gwendrick,3,0,3
Gwendsley,3,0,3
Gwendsleyline,0,3,3
Gwendus,3,0,3
Gwendydd,0,3,3
Gwendyth,0,3,3
Gwened,0,3,3
Gwenefhar,0,3,3
Gwenefiër,0,3,3
Gweneira,0,3,3
Gwenesyce,0,3,3
Gwenette,3,0,3
Gwenety,0,3,3
Gwenevér,0,3,3
Gwenevera,0,3,3
Gwenevère,0,3,3
Gweneviére,0,3,3
Gwenevive,0,3,3
Gwenfrewi,0,3,3
Gwenfyd,0,3,3
Gwengeley,0,3,3
Gwenhwifar,0,3,3
Gwenhwyfer,0,3,3
Gwenielsa,0,3,3
Gweniffer,0,3,3
Gwenity,0,3,3
Gweniver,0,3,3
Gwenley,0,3,3
Gwenlin,0,3,3
Gwenllian,0,3,3
Gwenly,3,0,3
Gwenlynde,0,3,3
Gwenn-Aël,0,3,3
Gwenn-Evie,0,3,3
Gwenn-Phyllis,0,3,3
Gwennaële,0,3,3
Gwennaëlle,0,3,3
Gwenndola,0,3,3
Gwenndolynn,0,3,3
Gwennec,3,0,3
Gwennefevre,0,3,3
Gwenneke,0,3,3
Gwenneley,0,3,3
Gwennen,0,3,3
Gwennethaly,0,3,3
Gwennethynn,0,3,3
Gwennett,0,3,3
Gwennevere,0,3,3
Gwennevieve,0,3,3
Gwenneville,0,3,3
Gwenney,0,3,3
Gwennhwyfar,0,3,3
Gwennifair,0,3,3
Gwennijn,0,3,3
Gwennimar,3,0,3
Gwennis,0,3,3
Gwennit,0,3,3
Gwennith,0,3,3
Gwennley,0,3,3
Gwenno,3,0,3
Gwennoëlle,0,3,3
Gwennos,3,0,3
Gwennyviërre,0,3,3
Gwenoële,0,3,3
Gwènola,0,3,3
Gwénolé,3,0,3
Gwenore,0,3,3
Gwensly,3,0,3
Gwenthaly,0,3,3
Gwentley,3,0,3
Gwenvieve,0,3,3
Gwenyfar,0,3,3
Gwenyfere,0,3,3
Gwenyson,3,0,3
Gweth,0,3,3
Gweyn,0,3,3
GWH,3,0,3
Gwidon,3,0,3
Gwiedo,3,0,3
Gwijn,3,0,3
Gwijon-Reawijn,3,0,3
Gwildor,3,0,3
Gwinda,0,3,3
Gwindi,3,0,3
Gwine,3,0,3
Gwinelies,0,3,3
Gwinelyson,3,0,3
Gwineshely,0,3,3
Gwinette,0,3,3
Gwininoël,3,0,3
Gwinlenn,3,0,3
Gwinny,0,3,3
Gwinsea,0,3,3
Gwiseppe,3,0,3
Gwizinema,0,3,3
Gwladys,0,3,3
GWLJM,3,0,3
Gwlyged,3,0,3
Gwo-Hwa,3,0,3
Gwondoline,0,3,3
Gwoon,3,0,3
Gwuinavere,0,3,3
Gwy,3,0,3
Gwyaner,3,0,3
Gwyddion,3,0,3
Gwylan,3,0,3
Gwyn-Lee,0,3,3
Gwynaeth,0,3,3
Gwyndion,3,0,3
Gwyndolen,0,3,3
Gwyndolyne,0,3,3
Gwyndy,0,3,3
Gwyne,3,0,3
Gwynen,3,0,3
Gwyner,0,3,3
Gwynessa,0,3,3
Gwynet,0,3,3
Gwynette,0,3,3
Gwynfi,0,3,3
Gwynfor,3,0,3
Gwynfyd,0,3,3
Gwynith,0,3,3
Gwynna,0,3,3
Gwynndolen,0,3,3
Gwynndolyn,0,3,3
Gwynnedolyne,0,3,3
Gwynnfyd,0,3,3
Gwynyza,0,3,3
Gwyon,3,0,3
Gwyshainelly,0,3,3
Gwythanshelly,0,3,3
Gwythian,3,0,3
Gy'chano,3,0,3
Gy-Anna,0,3,3
Gy-Laino,3,0,3
Gy-Laisson,3,0,3
Gy-nairo,3,0,3
Gy-Rainel,3,0,3
Gy-vènshelly,0,3,3
Gya,0,3,3
Gyaamea,0,3,3
Gyaaneshwar,3,0,3
Gyaani,0,3,3
Gyabaah,0,3,3
Gyacintha,0,3,3
Gyago,3,0,3
Gyaichyno,3,0,3
Gyaimo,3,0,3
Gyala,3,0,3
Gyalmo,0,3,3
Gyalpo,3,0,3
Gyaltsen,3,0,3
Gyam,3,0,3
Gyamal,3,0,3
Gyambibi,0,3,3
Gyamea,0,3,3
Gyamfiwa,0,3,3
Gyamia,0,3,3
Gyamo,3,0,3
Gyampoh,0,3,3
Gyán,3,0,3
Gyan-Marciano,3,0,3
Gyan-Nairi,3,0,3
Gyan-Soender,3,0,3
Gyananand,3,0,3
Gyanciano,3,0,3
Gyandew,3,0,3
Gyandra,0,3,3
Gyandri,0,3,3
Gyanea,0,3,3
Gyanem,0,3,3
Gyaneshwari,0,3,3
Gyaneshwarie,0,3,3
Gyangela,0,3,3
Gyangèly,0,3,3
Gyanilo,3,0,3
Gyanique,3,0,3
Gyanisha,0,3,3
Gyankirti,3,0,3
Gyankumar,3,0,3
Gyann,3,0,3
Gyannely,0,3,3
Gyannino,3,0,3
Gyano-Pharrel,3,0,3
Gyansah,0,3,3
Gyansing,3,0,3
Gyantha-Noëmy,0,3,3
Gyantly,3,0,3
Gyanvashudeo,3,0,3
Gyany,3,0,3
Gyara,0,3,3
Gyarah,0,3,3
Gyaro,3,0,3
Gyaronne,3,0,3
Gyasi-Boateng,3,0,3
Gyasiwaah,0,3,3
Gyasto,3,0,3
Gyasuda,0,3,3
Gyau,3,0,3
Gyavayenne,0,3,3
Gyavi,3,0,3
Gyawu,0,3,3
Gybert,3,0,3
Gybren,3,0,3
Gybrile,3,0,3
Gybson,3,0,3
Gycederic,3,0,3
Gycela,0,3,3
Gycelle,0,3,3
Gycenia,0,3,3
Gychencello,3,0,3
Gydanno,3,0,3
Gydde,0,3,3
Gyde,3,0,3
Gydéon,3,0,3
Gydiene,0,3,3
Gyè,0,3,3
Gye,0,3,3
Gyeedu,3,0,3
Gyeimaa,0,3,3
Gyekyewaa,0,3,3
Gyembibi,0,3,3
Gyemfah,0,3,3
Gyencio,3,0,3
Gyendriën,3,0,3
Gyenin,0,3,3
Gyènna,0,3,3
Gyenna,0,3,3
Gyenno,3,0,3
Gyeno,3,0,3
Gyensio,3,0,3
Gyenza,0,3,3
Gyenzho,3,0,3
Gyermani,3,0,3
Gyéro,3,0,3
Gyerra,0,3,3
Gyerwin,3,0,3
Gyesbert,3,0,3
Gyhat,3,0,3
Gyieswaah,0,3,3
Gyimfuwah,0,3,3
Gyinto,3,0,3
Gyjairo,3,0,3
Gyjohme,3,0,3
Gyjon,3,0,3
Gyla,0,3,3
Gylaicha,0,3,3
Gylaisa,0,3,3
Gylaisha,0,3,3
Gylanie,3,0,3
Gylanno,3,0,3
Gylath,3,0,3
Gylbert,3,0,3
Gylberta,0,3,3
Gylbertino,3,0,3
Gyleen,3,0,3
Gylena,0,3,3
Gylencia,0,3,3
Gyléne,0,3,3
Gyleni,0,3,3
Gylènne,0,3,3
Gylenshio,3,0,3
Gyleon,3,0,3
Gylére,0,3,3
Gylfe,0,3,3
Gyliam,3,0,3
Gyliani,3,0,3
Gylianto,3,0,3
Gyliena,0,3,3
Gylina,0,3,3
Gylindo,3,0,3
Gylion,3,0,3
Gylius,3,0,3
Gyljandro,3,0,3
Gyljen,3,0,3
Gyljony,3,0,3
Gyll,3,0,3
Gyllan,3,0,3
Gyllard,3,0,3
Gyllarmo,3,0,3
Gylliaine,0,3,3
Gylliane,0,3,3
Gyllijayno,3,0,3
Gyllsavio,3,0,3
Gyllyana,0,3,3
Gylmah,0,3,3
Gylmar,3,0,3
Gylmaro,3,0,3
Gylo,3,0,3
Gylon,3,0,3
Gylona,0,3,3
Gyloniah,0,3,3
Gylseniyah,0,3,3
Gylshevano,3,0,3
Gylve,3,0,3
Gylyano,3,0,3
Gymaina,0,3,3
Gymaira,0,3,3
Gymar,0,3,3
Gymarainio,3,0,3
Gŷmaro,3,0,3
Gymena,0,3,3
Gymenna,0,3,3
Gymes,3,0,3
Gymisha,0,3,3
Gymnius,3,0,3
Gymoon,3,0,3
Gynaïda,0,3,3
Gynaigel,3,0,3
Gynaira,0,3,3
Gynan,3,0,3
Gyne,0,3,3
Gynella,0,3,3
Gynelli,3,0,3
Gynessa,0,3,3
Gynethe,0,3,3
Gynetta,0,3,3
Gyngstro,3,0,3
Gynia,0,3,3
Gyniara,0,3,3
Gynilla,0,3,3
Gyninho,3,0,3
Gynniva,0,3,3
Gynno,3,0,3
Gynomar,3,0,3
Gynoushka,0,3,3
Gynt,3,0,3
Gynthe,0,3,3
Gynther,3,0,3
Gynzia,0,3,3
Gyokusén,0,3,3
Gyomairo,3,0,3
Gýon,3,0,3
Gyonairo,3,0,3
Gyondry,3,0,3
Gyone,3,0,3
Gyonel,3,0,3
Gyong,3,0,3
Gyöngyike,0,3,3
Gyöngyvér,3,0,3
Gyoni,3,0,3
Gyor,3,0,3
Gyorgiënna,0,3,3
Györgyike,0,3,3
Györgyina,0,3,3
Gyorgyo-Sylvano,3,0,3
Györi,3,0,3
Gyorn,3,0,3
Gyorna,0,3,3
Gyorre,3,0,3
Gyot,3,0,3
Gyovana,0,3,3
Gyovanie,3,0,3
Gyoya,0,3,3
Gyoza,0,3,3
Gyphorio,3,0,3
Gypsie,0,3,3
Gypsy,0,3,3
Gyraicio,3,0,3
Gyraisha,0,3,3
Gyraisheley,0,3,3
Gyraldo,3,0,3
Gyran,3,0,3
Gyreallio,3,0,3
Gyrelsho,3,0,3
Gyrid,0,3,3
Gyrill,3,0,3
Gyrit,0,3,3
Gyrith,0,3,3
Gyrmen,0,3,3
Gyrosiah,0,3,3
Gysandra,0,3,3
Gysanna,0,3,3
Gysanno,3,0,3
Gysanthy,0,3,3
Gysaudrey,0,3,3
Gysbert-Carel,3,0,3
Gysbert-Jappe,3,0,3
Gysberthus,3,0,3
Gysbrecht,3,0,3
Gyse,0,3,3
Gysedy,0,3,3
Gyselinde,0,3,3
Gysell,0,3,3
Gysèlle,0,3,3
Gysenia,0,3,3
Gysensley,3,0,3
Gyséra,0,3,3
Gyshaina,0,3,3
Gyshandro,3,0,3
Gyshano,3,0,3
Gyshanti,0,3,3
Gyshanty,0,3,3
Gyshevaino,3,0,3
Gyshlaine,0,3,3
Gysilla,0,3,3
Gysina,0,3,3
Gysje,0,3,3
Gyske,0,3,3
Gyslaine,0,3,3
Gyslaine-Alphy,0,3,3
Gyslena,0,3,3
Gyso,3,0,3
Gyspaula,0,3,3
Gytana,0,3,3
Gytanchelee,0,3,3
Gyte,0,3,3
Gytha-Querine,0,3,3
Gythana,0,3,3
Gythano,3,0,3
Gyto,3,0,3
Gytta,0,3,3
Gyttagio,3,0,3
Gyuêrno,3,0,3
Gyulä,3,0,3
Gyulan,3,0,3
Gyurel,0,3,3
Gyurme,3,0,3
Gyury,3,0,3
Gyuszi,3,0,3
Gyvai,3,0,3
Gyvaïño,3,0,3
Gyvana,0,3,3
Gyvangell,3,0,3
Gyvanka,0,3,3
Gyvannie,3,0,3
Gyvayno,3,0,3
Gyvën,3,0,3
Gyven,3,0,3
Gyvenairo,3,0,3
Gyvencely,3,0,3
Gyvencio,3,0,3
Gyvencley,3,0,3
Gyvendro,3,0,3
Gyvenne,0,3,3
Gyvensley,3,0,3
Gyvenzo,3,0,3
Gyverno,3,0,3
Gywen,3,0,3
Gyweneth,0,3,3
Gyxandro,3,0,3
Gyzairo,3,0,3
Gyzion,3,0,3
Gzal,0,3,3
Gzifa,0,3,3
Gøren,0,3,3
