Name,Men,Women,Total
Hendrik,212450,430,212880
Hendrika,1134,179340,180474
Hendrikus,148649,1196,149845
Helena,5255,115254,120509
Henricus,115070,1556,116626
Hubertus,80591,2115,82706
Henrica,1116,59894,61010
Hermanus,47132,298,47430
Herman,41616,266,41882
Hubertina,2472,39390,41862
Hendricus,33197,344,33541
Henriëtte,323,29213,29536
Hans,28309,169,28478
Hermina,175,28122,28297
Harm,25337,18,25355
Hendrina,395,19349,19744
Hendrikje,21,16973,16994
Henri,16455,303,16758
Hugo,15819,76,15895
Henriette,292,15180,15472
Hendrica,200,14682,14882
Hubert,14348,320,14668
Henk,12208,66,12274
Henderika,16,10893,10909
Harmen,9587,5,9592
Harry,9250,82,9332
Huberta,138,8866,9004
Hillegonda,20,8365,8385
Hannah,7,8271,8278
Huberdina,238,7312,7550
Hanna,34,7310,7344
Hidde,7005,9,7014
Harmina,5,6723,6728
Henderikus,6491,3,6494
Hermannus,6060,3,6063
Huibert,5996,3,5999
Hélène,201,5707,5908
Heleen,40,5752,5792
Hester,18,5733,5751
Henry,5635,46,5681
Hilde,38,5640,5678
Helene,185,5481,5666
Henny,1068,4176,5244
Hein,5136,27,5163
Hilda,56,5039,5095
Harold,5040,36,5076
Hermine,45,4945,4990
Hanneke,15,4705,4720
Heinrich,4228,42,4270
Hermanna,13,4030,4043
Hiltje,16,3883,3899
Henrika,76,3632,3708
Harmke,8,3571,3579
Hessel,3492,8,3500
Heidi,37,3352,3389
Hindrik,3315,3,3318
Hedwig,140,3040,3180
Henrike,6,3171,3177
Hennie,677,2481,3158
Herma,3,3105,3108
Harmannus,3098,3,3101
Hubertine,82,2927,3009
Helen,15,2739,2754
Herbert,2705,20,2725
Hinke,112,2572,2684
Hilligje,3,2551,2554
Hamza,2543,6,2549
Henrieke,3,2450,2453
Helga,41,2378,2419
Harald,2307,14,2321
Huiberdina,11,2294,2305
Han,2104,150,2254
Huub,2182,42,2224
Harmanna,5,2199,2204
Henrietta,42,2123,2165
Henriëtta,31,2127,2158
Harrie,2073,56,2129
Henrikus,2009,39,2048
Hanne,146,1877,2023
Hillechien,3,1949,1952
Hermien,19,1873,1892
Hetty,12,1854,1866
Heintje,46,1799,1845
Hielke,1801,26,1827
Hilbert,1790,3,1793
Heiltje,3,1785,1788
Hailey,8,1723,1731
Hubertha,13,1709,1722
Henrik,1699,3,1702
Hinderika,3,1643,1646
Hyacinthus,1533,104,1637
Hildegard,64,1529,1593
Helène,56,1484,1540
Hermana,40,1481,1521
Hajar,3,1518,1521
Helma,18,1456,1474
Harma,3,1428,1431
Hyacintha,23,1373,1396
Hasan,1329,20,1349
Hylke,1218,71,1289
Hubrecht,1255,3,1258
Hatice,0,1253,1253
Harriët,5,1235,1240
Hüseyin,1182,0,1182
Hicham,1152,3,1155
Hendrike,0,1149,1149
Henderik,1142,0,1142
Hassan,1017,123,1140
Henriët,5,1134,1139
Huig,1109,0,1109
Hinderikus,1107,0,1107
Hieronymus,1085,16,1101
Huibrecht,1098,0,1098
Hermann,1088,6,1094
Hilbrand,1064,0,1064
Hakan,1058,0,1058
Hiske,82,975,1057
Hermen,1044,3,1047
Hinderkien,3,1044,1047
Huib,998,6,1004
Harriëtte,5,996,1001
Hillebrand,968,3,971
Huibertje,3,949,952
Hermannes,938,3,941
Hillechiena,0,901,901
Hendericus,892,5,897
Hieke,3,884,887
Hanane,0,877,877
Henderkien,3,859,862
Huibertus,857,3,860
Hannie,26,787,813
Hannelore,10,798,808
Henderina,3,757,760
Hanny,27,724,751
Hero,736,8,744
Harmpje,0,731,731
Hielkje,0,719,719
Hafsa,0,712,712
Hellen,16,691,707
Heiko,701,3,704
Halil,686,3,689
Hilje,3,670,673
Hilko,652,3,655
Hillie,3,651,654
Heinz,627,17,644
Henrico,626,6,632
Hilly,6,626,632
Henk-Jan,630,3,633
Hope,23,595,618
Hildegonda,3,613,616
Humphrey,609,5,614
Harvey,598,7,605
Hannes,568,7,575
Heine,548,12,560
Harke,559,0,559
Hilal,36,523,559
Hayat,14,536,550
Hilke,62,488,550
Hille,477,68,545
Harun,538,0,538
Hadassa,0,532,532
Houda,0,526,526
Halima,3,515,518
Herre,513,3,516
Heidy,3,505,508
Harriet,11,496,507
Hillechina,3,492,495
Helenus,488,3,491
Hong,339,152,491
Hülya,0,485,485
Hendrik-Jan,482,0,482
Hansje,52,421,473
Hendrick,466,0,466
Hayley,6,456,462
Hedy,8,453,461
Hedzer,458,3,461
Hilco,458,0,458
Hiba,0,455,455
Helmut,436,8,444
Halbe,441,3,444
Haije,442,0,442
Hilletje,0,434,434
Hindrikje,0,433,433
Harmanus,430,3,433
Homme,428,3,431
Hind,0,428,428
Hajo,422,3,425
Hotze,419,0,419
Hella,0,418,418
Hermanda,3,416,419
Heike,117,296,413
Henderica,3,411,414
Hemmo,405,3,408
Harro,398,3,401
Hette,394,8,402
Hendri,384,15,399
Herm,392,3,395
Henrie,371,19,390
Huiberta,0,386,386
Hayo,381,0,381
Honoré,311,60,371
Henrique,210,159,369
Hao,348,18,366
Heimen,365,0,365
Heino,357,3,360
Hakim,352,8,360
Hendrieka,3,355,358
Hayden,271,81,352
Hillegien,0,352,352
Hanan,5,346,351
Hortense,18,333,351
Haye,348,3,351
Henrita,7,341,348
Henric,339,3,342
Hira,17,322,339
Hamid,317,21,338
Hilbertus,338,0,338
Hijlke,335,0,335
Hjalmar,322,0,322
Harriette,3,317,320
Hindertje,0,317,317
Henrick,314,0,314
Howard,308,3,311
Harley,250,58,308
Hussein,241,67,308
Hermijntje,0,306,306
Haijo,302,0,302
Haiko,296,0,296
Harm-Jan,295,0,295
Haci,291,3,294
Hermiena,6,287,293
Hermance,3,289,292
Haaije,291,0,291
Hendrinus,289,3,292
Helin,0,280,280
Hadassah,0,277,277
Hindrika,0,274,274
Haley,11,262,273
Hendriktje,0,271,271
Hijlkje,0,269,269
Houkje,3,265,268
Huibertha,0,264,264
Hermania,9,254,263
Hui,71,190,261
Hanae,0,258,258
Hendrine,3,253,256
Harmien,3,254,257
Hasna,0,255,255
Harman,250,3,253
Herwin,252,3,255
Huibregt,252,3,255
Hendrieke,0,250,250
Hildebrand,247,3,250
Hana,7,240,247
Hazel,7,240,247
Hoang,173,74,247
Henke,102,144,246
Havva,0,245,245
Hyacintus,230,14,244
Hartog,237,5,242
Hedde,234,7,241
Hendrijntje,0,241,241
Hendriena,3,238,241
Hotske,0,239,239
Hanno,238,0,238
Hacer,0,232,232
Herald,229,3,232
Haico,230,0,230
Helmer,229,0,229
Hazal,0,228,228
Harmtje,0,227,227
Heavenly,0,219,219
Hafida,0,218,218
Harmtien,0,218,218
Hendrikes,214,3,217
Huibertina,0,216,216
Hindriktje,0,215,215
Hakima,0,214,214
Hadewych,5,208,213
Hang,136,75,211
Hesther,3,207,210
Harco,204,0,204
Hillegina,3,202,205
Hidaya,0,203,203
Helmich,201,3,204
Hung,176,25,201
Harmannes,199,0,199
Hava,0,199,199
Heather,0,199,199
Harmine,0,198,198
Horst,195,3,198
Hümeyra,0,198,198
Hubregt,197,0,197
Hartger,196,0,196
Hendriëtte,0,196,196
Hillegonde,0,196,196
Hedda,20,172,192
Hettie,3,189,192
Haydar,190,3,193
Hendrikjen,0,189,189
Hasse,48,140,188
Hussain,169,19,188
Haike,98,89,187
Helmuth,179,8,187
Heika,0,185,185
Humphry,184,0,184
Henna,3,182,185
Harko,182,0,182
Heleentje,0,181,181
Hiddo,181,0,181
Hendrien,3,173,176
Harmiena,0,176,176
Hedwich,12,164,176
Hesselina,0,176,176
Hoi,39,135,174
Hendry,162,6,168
Herbertus,165,3,168
Herke,163,3,166
Hinne,155,12,167
Hector,159,7,166
Hub,138,28,166
Halina,3,164,167
Hin,154,11,165
Hortensia,10,155,165
Hylkje,0,165,165
Hedi,20,144,164
Henryk,163,3,166
Haris,162,0,162
Hilma,3,161,164
Huseyin,162,0,162
Hilarius,157,3,160
Honoria,3,157,160
Hanke,7,153,160
Hamdi,132,26,158
Heerke,158,0,158
Harrold,155,3,158
Hubertinus,152,3,155
Habiba,0,154,154
Hananja,49,104,153
Hanife,0,151,151
Haitam,150,0,150
Hijmen,149,3,152
Hariëtte,3,148,151
Hasret,18,131,149
Hillegiena,0,149,149
Hermanes,148,0,148
Hebe,16,131,147
Helmert,147,0,147
Henriet,3,146,149
Hepke,144,3,147
Henkjan,144,0,144
Hank,134,9,143
Huy,141,3,144
Hai,86,56,142
Heero,141,0,141
Helmina,6,135,141
Holger,141,0,141
Hyacinta,5,136,141
Habib,134,5,139
Henno,139,0,139
Hafid,137,3,140
Hildo,137,3,140
Huite,138,0,138
Harrij,130,7,137
Hinderk,137,0,137
Helouise,0,134,134
Hyronimus,132,3,135
Heinze,133,0,133
Hilvert,133,0,133
Hazina,0,131,131
Henni,39,92,131
Halime,0,130,130
Hedwigis,17,113,130
Henkie,125,5,130
Heaven,16,113,129
Hagar,12,116,128
Huibertine,0,128,128
Hatim,125,3,128
Holly,3,124,127
Huigje,0,127,127
Hilleke,3,123,126
Hilmar,105,20,125
Haroun,121,3,124
Hay,107,17,124
Heere,124,0,124
Heije,116,8,124
Helmig,124,0,124
Herminus,123,3,126
Haring,123,0,123
Hendriksje,0,123,123
Huguette,0,122,122
Hiëronymus,120,3,123
Hildegardis,5,116,121
Henrieka,3,118,121
Hilmi,119,0,119
Herjan,117,3,120
Harbert,117,0,117
Henrina,3,114,117
Hikmet,100,16,116
Hanim,0,115,115
Hawa,0,115,115
Hendriekus,115,0,115
Hebeltje,0,114,114
Harjan,109,3,112
Herber,111,3,114
Hua,57,56,113
Hendrie,106,6,112
Hermiene,3,111,114
Havin,0,110,110
Henne,70,40,110
Hertha,0,110,110
Hantje,70,39,109
Harmjan,109,0,109
Hatun,0,109,109
Hayriye,0,109,109
Helenius,108,3,111
Halit,107,3,110
Haroen,107,0,107
Hiranur,0,107,107
Heronimus,106,0,106
Hélena,5,100,105
Hadi,93,11,104
Henrice,6,98,104
Herta,3,103,106
Hoite,104,0,104
Hunter,90,14,104
Herlena,5,98,103
Hadewich,0,102,102
Hee,66,36,102
Heert,101,0,101
Helmi,7,94,101
Hentje,3,100,103
Hera,3,97,100
Hugolina,0,101,101
Haider,96,3,99
Hei,69,31,100
Hieronimus,97,3,100
Hiltjo,100,0,100
Heidie,3,98,101
Hiltsje,0,99,99
Hitje,5,94,99
Hittje,3,98,101
Hillechienus,98,0,98
Harris,93,3,96
Huug,94,3,97
Hadewina,0,96,96
Handan,0,95,95
Henrieta,0,95,95
Huberdine,0,95,95
Hyke,5,90,95
Hypolitus,89,6,95
Hinderik,93,3,96
Hubrina,0,94,94
Harminus,93,0,93
Hildegarde,3,89,92
Harrit,92,0,92
Hasina,3,90,93
Henderike,0,91,91
Habibe,0,90,90
Halim,81,9,90
Hemmechien,0,90,90
Hoa,42,48,90
Hijltje,70,19,89
Hortence,3,87,90
Heléne,3,85,88
Hinrich,87,0,87
Hyacinthe,6,81,87
Hanita,0,86,86
Herberdina,0,86,86
Hillary,7,79,86
Hon,81,5,86
Huberto,79,7,86
Henderijntje,0,85,85
Haitze,84,0,84
Hannan,8,76,84
Hing,61,22,83
Hanni,6,76,82
Hien,56,26,82
Hillichje,0,82,82
Hamide,3,80,83
Hèlen,3,80,83
Hemke,49,32,81
Hendriek,16,65,81
Hendrikjan,80,3,83
Hestia,0,81,81
Hildegarda,3,80,83
Hoesein,81,0,81
Hildegonde,3,74,77
Hobbe,78,0,78
Hommo,78,0,78
Huriye,0,78,78
Hazar,60,17,77
Heilina,0,77,77
Herold,77,0,77
Hinde,0,77,77
Hugh,75,3,78
Hakki,76,0,76
Heribertus,74,3,77
Hizkia,63,13,76
Harper,19,56,75
Hadewij,3,72,75
Hayrunnisa,0,74,74
Hendrientje,0,74,74
Hala,0,73,73
Harrison,72,3,75
Helge,53,20,73
Hendrikien,0,73,73
Hiskia,21,52,73
Hubèrt,71,3,74
Haron,68,3,71
Hilary,7,65,72
Hilgonda,0,72,72
Houdayfa,72,0,72
Humberto,72,0,72
Hande,0,71,71
Henderieka,0,71,71
Hermientje,0,71,71
Hani,41,29,70
Harwin,70,0,70
Heijo,70,0,70
Hesseltje,0,70,70
Hicran,0,70,70
Hielko,70,0,70
Harmans,69,0,69
Helina,0,69,69
Hendrico,69,0,69
Henria,0,69,69
Henrich,68,3,71
Hesdy,66,3,69
Him,69,0,69
Heico,68,0,68
Hilâl,3,66,69
Hilberta,0,68,68
Hindrikus,67,3,70
Héléna,5,62,67
Hélèna,7,60,67
Heng,58,9,67
Hamed,49,17,66
Hans-Peter,66,0,66
Harmanda,0,66,66
Hartman,66,0,66
Hinko,66,0,66
Hiu,13,53,66
Hylco,66,0,66
Heléna,3,62,65
Hoeke,65,0,65
Huigerina,0,65,65
Hacı,64,0,64
Hadewijch,0,64,64
Hafssa,0,64,64
Hanifa,0,64,64
Haylee,0,64,64
Hendriekje,3,63,66
Henning,64,0,64
Hidzer,64,0,64
Hok,61,3,64
Hosea,62,3,65
Huda,3,60,63
Hulda,0,64,64
Hamilton,63,0,63
Heloïse,0,63,63
Hillebrandus,63,0,63
Humbert,63,0,63
Hebrina,0,62,62
Hermi,6,56,62
Houria,0,62,62
Hubertien,3,58,61
Harie,53,8,61
Harmijntje,0,61,61
Harri,60,3,63
Héléne,3,60,63
Hyacinth,42,19,61
Haebeltje,0,60,60
Hariette,0,60,60
Harpert,60,0,60
Hayco,60,0,60
Heimerik,60,0,60
Heini,36,24,60
Hillina,0,60,60
Har,45,14,59
Hermanie,3,58,61
Hieronyma,0,59,59
Houssine,59,0,59
Huberthus,59,0,59
Henderikje,0,58,58
Hermione,0,58,58
Hesse,54,3,57
Hoyte,58,0,58
Haitske,0,57,57
Hamit,57,0,57
Harriëtta,3,56,59
Hashim,47,10,57
Hervé,57,0,57
Hillegondus,57,0,57
Hugina,0,57,57
Hugorina,0,57,57
Hwa,12,45,57
Hendriëtta,3,55,58
Hilleen,0,56,56
Hoo,53,3,56
Houssam,56,0,56
Halis,55,0,55
Hanifi,55,0,55
Has,53,3,56
Hermes,54,3,57
Horatio,55,0,55
Hanad,51,3,54
Harrald,54,0,54
Hasibe,0,54,54
Hayke,30,24,54
Hediye,0,54,54
Hilaire,41,13,54
Hilaria,3,53,56
Hilberdina,0,54,54
Hilja,0,54,54
Hotse,54,0,54
Hou,49,5,54
Hamida,3,49,52
Helmar,53,0,53
Hendric,53,0,53
Hennij,16,37,53
Hergen,53,0,53
Hidayet,43,10,53
Hijman,53,0,53
Hilbertha,0,53,53
Honorine,6,47,53
Huiberdine,0,53,53
Hulya,0,53,53
Hale,3,51,54
Hamzah,51,3,54
Helle,12,40,52
Henoch,52,0,52
Henrianne,0,52,52
Heribert,50,3,53
Houdaifa,52,0,52
Hadewig,3,48,51
Harmony,3,48,51
Hatiçe,0,51,51
Henco,51,0,51
Hendriët,0,51,51
Hens,46,5,51
Herlinde,3,50,53
Hijke,5,46,51
Hobie,50,3,53
Hoessein,51,0,51
Huu,50,3,53
Hadia,0,50,50
Hage,50,0,50
Haya,0,50,50
Hayleigh,3,49,52
Husna,0,50,50
Hadewieg,0,49,49
Hariët,0,49,49
Hayri,49,0,49
Hillena,0,49,49
Hisse,49,0,49
Hoda,3,48,51
Huberte,0,49,49
Haidy,0,48,48
Hanoch,48,0,48
Harmientje,0,48,48
Hedser,47,3,50
Heleendert,48,0,48
Hillechinus,48,0,48
Hudayfa,48,0,48
Haakon,47,0,47
Hafize,0,47,47
Hailie,0,47,47
Halid,47,0,47
Heijmen,47,0,47
Heske,0,47,47
Haaye,45,3,48
Harte,37,9,46
Hasnae,0,46,46
Heime,45,3,48
Hélene,5,41,46
Herminia,0,46,46
Hieu,40,6,46
Hossein,45,3,48
Haily,3,44,47
Having,45,0,45
Henderkina,0,45,45
Henja,3,43,46
Hermie,6,39,45
Herriëtte,0,45,45
Hieltje,30,15,45
Huberthe,0,45,45
Hüsna,0,45,45
Hadrianus,44,0,44
Hardy,40,3,43
Haytham,44,0,44
Heikina,0,44,44
Heildina,0,44,44
Helmy,12,32,44
Hennieke,0,44,44
Hildert,44,0,44
Hisham,44,0,44
Huzeyfe,44,0,44
Hymke,3,42,45
Hayati,38,5,43
Henders,3,39,42
Hesham,32,11,43
Houssain,43,0,43
Hüma,0,43,43
Haroon,38,3,41
Hayrettin,42,0,42
Heidemarie,0,42,42
Heilke,11,31,42
Henneke,0,42,42
Hent,42,0,42
Herco,42,0,42
Hestera,3,41,44
Hilchien,0,42,42
Hinderkje,0,42,42
Hinse,41,3,44
Hippolytus,42,0,42
Huey,39,3,42
Haske,25,16,41
Hassana,0,41,41
Hebelina,3,40,43
Heertje,40,3,43
Helmie,5,36,41
Heloise,0,41,41
Hendriko,41,0,41
Herben,41,0,41
Hermandus,41,0,41
Hermijn,3,37,40
Hillegond,3,37,40
Hossam,41,0,41
Huong,0,41,41
Helmine,3,39,42
Hendrickje,0,40,40
Hendrickus,39,3,42
Henjo,38,3,41
Herberta,0,40,40
Herlinda,0,40,40
Heronymus,39,3,42
Hila,0,40,40
Houke,31,9,40
Hanief,39,0,39
Hanin,6,33,39
Hanske,3,37,40
Héloïse,0,39,39
Hillebranda,0,39,39
Human,39,0,39
Hau,29,9,38
Heba,0,38,38
Henderikes,38,0,38
Hendriks,38,0,38
Hesterina,0,38,38
Hinderktje,0,38,38
Holke,38,0,38
Hyginus,35,3,38
Hany,24,13,37
Hauke,29,8,37
Heddy,6,31,37
Heerko,37,0,37
Heinie,18,19,37
Helmus,37,0,37
Hemme,37,0,37
Herremijntje,0,37,37
Hillegienus,37,0,37
Hodan,3,36,39
Hanaa,0,36,36
Hantzen,0,36,36
Havana,0,36,36
Haytam,36,0,36
Heerco,36,0,36
Heina,3,34,37
Hilarion,32,3,35
Hildegardus,27,9,36
Hittjo,36,0,36
Hadde,35,0,35
Haitham,30,5,35
Haje,35,0,35
Harre,31,3,34
Heijltje,0,35,35
Helmoed,35,0,35
Hendertje,0,35,35
Henske,0,35,35
Hermy,3,31,34
Hinderkie,0,35,35
Hoai,15,20,35
Honorius,30,5,35
Huang,22,13,35
Hanjo,31,3,34
Hanka,3,33,36
Hendrekien,0,34,34
Hibo,3,30,33
Hil,17,17,34
Hill,12,22,34
Hillechiene,0,34,34
Hilligjen,3,33,36
Hotsche,0,34,34
Hulusi,34,0,34
Habbo,33,0,33
Hains,33,0,33
Hari,30,3,33
Haukje,0,33,33
Heidelinde,0,33,33
Heimerich,33,0,33
Helprig,33,0,33
Henriek,17,16,33
Hildagonda,0,33,33
Hisko,33,0,33
Honorina,6,27,33
Hosé,32,3,35
Humeyra,0,33,33
Haidar,30,3,33
Hamdy,23,9,32
Hedwiga,0,32,32
Helder,26,6,32
Hercules,32,0,32
Hermano,29,3,32
Hetje,0,32,32
Hielco,32,0,32
Hifa,0,32,32
Hinte,6,26,32
Hoan,24,8,32
Huberdinus,32,0,32
Huybert,32,0,32
Huynh,15,17,32
Hadja,3,30,33
Hakeem,31,0,31
Hanco,31,0,31
Hasnain,31,0,31
Hasti,3,28,31
Hayk,31,0,31
Heiny,10,21,31
Hendrique,11,20,31
Hermelinde,0,31,31
Hermke,0,31,31
Hiektje,0,31,31
Hilga,0,31,31
Hillemina,0,31,31
Houcine,31,0,31
Hristo,31,0,31
Hüsniye,0,31,31
Hylkia,3,30,33
Hanh,3,28,31
Hansen,28,3,31
Hasseltje,0,30,30
Hellena,0,30,30
Henderiekus,30,0,30
Hensley,30,0,30
Herdina,3,29,32
Hermanne,0,30,30
Hernandez,30,0,30
Hian,25,5,30
Hilbrandus,30,0,30
Hoege,30,0,30
Hosanna,3,29,32
Huan,18,12,30
Huyen,3,29,32
Habel,29,0,29
Haktan,29,0,29
Hannalore,3,28,31
Harjo,29,0,29
Havvanur,0,29,29
Heintjen,0,29,29
Helger,27,3,30
Henky,26,3,29
Hennes,28,3,31
Henriko,29,0,29
Herbertha,0,29,29
Herriët,0,29,29
Herwig,29,0,29
Hey,22,7,29
Hilleginus,29,0,29
Hillegje,0,29,29
Husein,26,3,29
Hüsne,0,29,29
Haluk,28,0,28
Haro,28,0,28
Haroune,28,0,28
Hasiena,0,28,28
Heide,3,27,30
Heinriëtte,0,28,28
Hente,10,18,28
Herbertina,0,28,28
Hermandina,0,28,28
Hermanis,28,0,28
Himmet,27,3,30
Honora,0,28,28
Horatius,28,0,28
Hwie,23,5,28
Haika,0,27,27
Haitse,27,0,27
Halewijn,26,3,29
Hanif,25,3,28
Harmtiena,0,27,27
Hassen,25,3,28
Hayrullah,27,0,27
Hendrietta,0,27,27
Hendrix,26,3,29
Hermijna,0,27,27
Herna,0,27,27
Hernando,27,0,27
Hetske,3,24,27
Hilbrandt,27,0,27
Hillenius,27,0,27
Hooite,26,3,29
Horace,26,3,29
Hozan,13,14,27
Haite,25,3,28
Hanja,0,26,26
Harish,25,3,28
Hebel,24,3,27
Hemmechiena,0,26,26
Hendriana,3,25,28
Hendriette,0,26,26
Henrij,25,3,28
Henrikes,25,3,28
Hilkina,0,26,26
Hindericus,26,0,26
Hinderkina,0,26,26
Hinkje,0,26,26
Hugoline,0,26,26
Huitje,0,26,26
Hylko,26,0,26
Haagje,0,25,25
Hadeweij,3,24,27
Harme,24,3,27
Harmens,20,5,25
Harms,24,3,27
Harnold,24,3,27
Haylie,0,25,25
Hazem,23,3,26
Hedman,25,0,25
Hege,3,24,27
Hen,23,3,26
Henka,0,25,25
Herbertine,0,25,25
Herko,25,0,25
Hermeta,0,25,25
Hestrina,0,25,25
Hesus,24,3,27
Hijacintha,0,25,25
Hike,0,25,25
Hilario,25,0,25
Hillery,0,25,25
Hillian,3,24,27
Honorée,0,25,25
Huigina,0,25,25
Hafsah,0,24,24
Hamish,24,0,24
Hanry,24,0,24
Hans-Willem,24,0,24
Hanskje,0,24,24
Harmtina,0,24,24
Haydee,0,24,24
Hedwiges,5,19,24
Heikki,24,0,24
Hendria,0,24,24
Hendricka,0,24,24
Henrietha,0,24,24
Hermieke,0,24,24
Hichem,24,0,24
Hijacinthus,19,5,24
Hilbrandina,0,24,24
Hinda,0,24,24
Hinderkiena,0,24,24
Hinnie,7,17,24
Horia,3,23,26
Hosna,0,24,24
Houwina,0,24,24
Huibje,0,24,24
Huijbert,24,0,24
Hüsnü,24,0,24
Hafiz,21,3,24
Hans-Jürgen,21,3,24
Harmiene,0,23,23
Hatem,19,3,22
Hayal,3,22,25
Haydée,0,23,23
Heline,0,23,23
Héloise,0,23,23
Hemmy,13,10,23
Hendrikkien,0,23,23
Herlina,0,23,23
Hidayah,0,23,23
Hidda,0,23,23
Hiele,23,0,23
Hijme,23,0,23
Hilverdina,0,23,23
Hinrike,0,23,23
Hortance,0,23,23
Hyltje,21,3,24
Hadil,3,18,21
Hadriana,0,22,22
Hagen,21,3,24
Hamadi,21,3,24
Hanım,0,22,22
Hayet,0,22,22
Hèlène,0,22,22
Hendrijna,0,22,22
Henricke,0,22,22
Hermani,9,13,22
Hesder,22,0,22
Hilchiena,0,22,22
Hina,0,22,22
Hiska,0,22,22
Huike,22,0,22
Hypolita,0,22,22
Haben,14,7,21
Hadiya,0,21,21
Hadjar,0,21,21
Haik,20,3,23
Hakkı,21,0,21
Hamda,3,20,23
Hannette,0,21,21
Hanri,21,0,21
Haseeb,19,3,22
Hazim,21,0,21
Heinricus,21,0,21
Heins,20,3,23
Henze,20,3,23
Hijlkjen,0,21,21
Hilbertina,0,21,21
Hiljo,20,3,23
Hillebertus,20,3,23
Hink,20,3,23
Hiro,20,3,23
Hoy,6,15,21
Haasje,0,20,20
Hadewey,3,19,22
Hamse,20,0,20
Hanaan,0,20,20
Hannelie,0,20,20
Hanriëtte,0,20,20
Hanson,17,3,20
Hareld,20,0,20
Harld,20,0,20
Harvy,20,0,20
Hattum,20,0,20
Hawin,0,20,20
Hayrünnisa,0,20,20
Hedwige,3,19,22
Hedwina,3,18,21
Heikelina,3,19,22
Hemmina,0,20,20
Henderine,0,20,20
Henko,20,0,20
Hennita,0,20,20
Hermelina,0,20,20
Hijbo,20,0,20
Hillagonda,0,20,20
Hillegardus,20,0,20
Hillien,0,20,20
Hinderica,0,20,20
Hiskina,0,20,20
Hodaifa,20,0,20
Hue,3,18,21
Hwee,9,11,20
Hypolite,19,3,22
Hadriaan,19,0,19
Hady,9,10,19
Hafieza,0,19,19
Hanine,10,9,19
Hansina,0,19,19
Harmken,3,18,21
Harrietta,0,19,19
Hauw,18,3,21
Healey,0,19,19
Heidrun,0,19,19
Hein-Jan,19,0,19
Helana,0,19,19
Héleen,0,19,19
Helèna,3,18,21
Hemko,19,0,19
Hena,3,17,20
Henderieke,0,19,19
Hendra,8,11,19
Hendrianne,0,19,19
Hendrikka,3,18,21
Henk-Willem,19,0,19
Henriques,18,3,21
Henryka,0,19,19
Hermin,5,14,19
Hes,13,6,19
Hetto,19,0,19
Heyman,14,5,19
Hibbe,17,3,20
Hidde-Jan,19,0,19
Hiebo,19,0,19
Hiepko,19,0,19
Hijko,18,3,21
Hilair,17,3,20
Hilbranda,0,19,19
Hildebrandus,18,3,21
Hilli,0,19,19
Hinriëtte,0,19,19
HJM,10,9,19
Holkje,0,19,19
Horacio,19,0,19
Houssein,17,3,20
Houssnia,0,19,19
Hubert-Jan,19,0,19
Hubertes,19,0,19
Hubertje,0,19,19
Hüda,3,17,20
Hugues,19,0,19
Hyun,11,8,19
Hager,0,18,18
Hajer,3,16,19
Haji,10,8,18
Halle,9,9,18
Hamada,12,6,18
Hania,0,18,18
Hannesje,0,18,18
Harmen-Jan,17,3,20
Harpreet,6,12,18
Harryette,0,18,18
Hartmut,18,0,18
Hartwig,18,0,18
Hasib,18,0,18
Hayder,18,0,18
Heavenley,0,18,18
Hedwigus,10,8,18
Helia,0,18,18
Helios,18,0,18
Hemmie,12,6,18
Henderkiena,0,18,18
Hendrinand,18,0,18
Hennah,0,18,18
Henok,18,0,18
Henriëte,0,18,18
Hensen,18,0,18
Herolina,0,18,18
Herrald,18,0,18
Hevin,0,18,18
Hillard,18,0,18
Hillechie,0,18,18
Hillechine,0,18,18
Hillianne,0,18,18
Hilse,3,15,18
Hinrik,18,0,18
Hiram,18,0,18
Hiwa,12,6,18
Holden,18,0,18
Honey,3,17,20
Hortencia,0,18,18
Hosni,17,3,20
Houssaine,16,3,19
Huri,0,18,18
Haaike,9,8,17
Haan,15,3,18
Habip,17,0,17
Hafiza,0,17,17
Haile,16,3,19
Haim,16,3,19
Halling,17,0,17
Hamied,17,0,17
Hamke,17,0,17
Hammad,16,3,19
Hans-Christiaan,17,0,17
Harleen,0,17,17
Harmon,14,3,17
Harno,17,0,17
Haryanto,17,0,17
Haşim,17,0,17
Heaven-Leigh,0,17,17
Heiman,17,0,17
Hemant,17,0,17
Herina,3,16,19
Hermia,0,17,17
Hermon,14,3,17
Herro,17,0,17
Herry,16,3,19
Hesna,0,17,17
Hetwig,3,16,19
Hiddes,16,3,19
Hiem,17,0,17
Hillegie,0,17,17
Hilliena,0,17,17
Hippolyta,0,17,17
Hiskea,3,15,18
Hobertina,0,17,17
Homan,17,0,17
Hose,17,0,17
Huberdien,0,17,17
Hubrechta,0,17,17
Hudayfah,17,0,17
Hugerina,0,17,17
Huiberdinus,17,0,17
Hürü,0,17,17
Habon,0,16,16
Hachim,16,0,16
Hadássa,0,16,16
Hammie,3,15,18
Hamsa,13,3,16
Hannisje,0,16,16
Harmana,0,16,16
Harmanne,0,16,16
Harmieke,0,16,16
Hashem,14,3,17
Hayam,0,16,16
Hayrun,0,16,16
Heimert,16,0,16
Heliante,0,16,16
Henderkje,0,16,16
Henryke,0,16,16
Hermenegilda,0,16,16
Herrick,16,0,16
Hielkjen,0,16,16
Hijlko,16,0,16
Hilbrant,16,0,16
Hiltina,0,16,16
Hinderike,0,16,16
Hinderina,0,16,16
Hindrikjen,0,16,16
Hironimus,16,0,16
His,3,12,15
Hitjo,16,0,16
Hobe,16,0,16
Hoesna,0,16,16
Hol,13,3,16
Holland,16,0,16
Honorata,3,14,17
Hsiao,6,10,16
Huber,16,0,16
Huiberina,0,16,16
Huma,0,16,16
Husain,15,3,18
Hypoliet,11,5,16
Hadda,0,15,15
Hadina,0,15,15
Hadis,10,5,15
Haikina,0,15,15
Haja,0,15,15
Hajira,0,15,15
Hakiem,15,0,15
Hamiyet,0,15,15
Hammy,3,13,16
Hannelies,0,15,15
Hanszoon,15,0,15
Hanzen,13,3,16
Harjot,6,9,15
Hartono,15,0,15
Haziena,0,15,15
Heildert,15,0,15
Heiliger,15,0,15
Heily,3,14,17
Heimrich,15,0,15
Heintina,0,15,15
Hendina,0,15,15
Hendrikkus,14,3,17
Henrite,0,15,15
Herbie,14,3,17
Herman-Jan,15,0,15
Hesje,0,15,15
Hewad,15,0,15
Hezron,15,0,15
Hilton,15,0,15
Himani,0,15,15
Hossain,12,3,15
Hugette,0,15,15
Hussam,12,3,15
Hyronima,0,15,15
Haakje,0,14,14
Habil,14,0,14
Hadice,0,14,14
Hadley,11,3,14
Haize,14,0,14
Hajat,0,14,14
Halbert,14,0,14
Haliema,0,14,14
Halinka,0,14,14
Hami,13,3,16
Haniya,0,14,14
Hanko,14,0,14
Hannibal,14,0,14
Hardwin,14,0,14
Harja,3,12,15
Harrypersad,14,0,14
Hashi,6,8,14
Hasim,13,3,16
Heepke,3,13,16
Heinrike,0,14,14
Helianthe,0,14,14
Hemma,0,14,14
Hemradj,14,0,14
Henderick,14,0,14
Hendriekes,14,0,14
Hendrik-Willem,14,0,14
Henriëta,0,14,14
Hermanius,13,3,16
Herme,13,3,16
Hermenegildus,12,3,15
Hermpje,0,14,14
Hersilia,0,14,14
Hesli,12,3,15
Hetta,0,14,14
Heymen,14,0,14
Hezekiah,14,0,14
Hichame,14,0,14
Hijlco,14,0,14
Hilkea,0,14,14
Hilliene,0,14,14
Hilligchien,0,14,14
Hippolyte,12,3,15
Hironymus,13,3,16
Hodayfa,14,0,14
Houdijn,14,0,14
Houssni,14,0,14
Houyam,3,13,16
How,13,3,16
Hudson,13,3,16
Hugonda,0,14,14
Huiberdiena,0,14,14
Hun,11,3,14
Halenur,0,13,13
Halide,0,13,13
Halise,0,13,13
Hann,9,3,12
Hannita,3,12,15
Harijanto,13,0,13
Harjen,12,3,15
Harlindis,0,13,13
Haroldus,13,0,13
Hary,12,3,15
Hassaan,13,0,13
Hasso,13,0,13
Haydi,0,13,13
Hayko,13,0,13
Hazelina,0,13,13
Hedvig,0,13,13
Heikolina,0,13,13
Heinke,5,8,13
Hèlena,0,13,13
Heleni,3,12,15
Heli,3,9,12
Helien,0,13,13
Helly,3,10,13
Helmud,13,0,13
Henriëtha,0,13,13
Henrine,0,13,13
Hermalina,3,12,15
Hermane,0,13,13
Hermelijn,3,11,14
Hernan,13,0,13
Heroen,13,0,13
Hertzen,13,0,13
Hesdey,13,0,13
Hiepke,13,0,13
Hilbartus,13,0,13
Hilger,13,0,13
Hilla,3,12,15
Hilledina,0,13,13
Hillen,3,10,13
Hillouise,0,13,13
Hinco,13,0,13
Hinderieka,0,13,13
Hinny,3,11,14
Hirzo,13,0,13
Hizichius,13,0,13
Hoesain,13,0,13
Holmer,13,0,13
Hubèr,11,3,14
Hüdanur,0,13,13
Hugolinus,13,0,13
Huiberdien,3,12,15
Humbertus,13,0,13
Hussen,12,3,15
Hyacinthia,3,12,15
Haaie,12,0,12
Hadewiena,0,12,12
Hadewijn,12,0,12
Haeije,12,0,12
Haeley,3,11,14
Hafez,9,3,12
Haifa,0,12,12
Hajnalka,0,12,12
Halbo,12,0,12
Halo,7,5,12
Hamdan,10,3,13
Hameed,10,3,13
Hammadi,12,0,12
Hanefi,12,0,12
Haniefa,0,12,12
Hannele,0,12,12
Harkelina,0,12,12
Harmdina,0,12,12
Hasker,12,0,12
Hassnae,0,12,12
Hazerina,0,12,12
Hecham,12,0,12
Hedie,0,12,12
Heiline,0,12,12
Heilko,12,0,12
Heinderijntje,0,12,12
Heindersje,0,12,12
Heinse,12,0,12
Helaine,0,12,12
Heleanne,0,12,12
Helèn,0,12,12
Helmien,0,12,12
Helprich,12,0,12
Hemantkumar,12,0,12
Henda,0,12,12
Henderk,12,0,12
Hendriene,0,12,12
Henriekus,12,0,12
Henriëlle,0,12,12
Henryette,0,12,12
Hense,10,3,13
Hentjen,0,12,12
Heraldus,12,0,12
Herculano,12,0,12
Hermando,12,0,12
Hermini,3,10,13
Heron,12,0,12
Hesley,8,3,11
Hesseline,0,12,12
Hesterdina,0,12,12
Heye,8,3,11
Heyme,11,3,14
Hiacinthus,11,3,14
Hibah,0,12,12
Hijpolitus,11,3,14
Hilbertine,0,12,12
Hillarius,12,0,12
Hillebrandt,12,0,12
Hillegarda,0,12,12
Hillene,0,12,12
Hilline,0,12,12
Hindrekien,0,12,12
Hiskje,0,12,12
Hjerke,12,0,12
Hjördis,0,12,12
Homerus,12,0,12
Houssaïn,12,0,12
Hovhannes,12,0,12
Hoyam,0,12,12
Hudhayfah,12,0,12
Huibert-Jan,12,0,12
Humaira,0,12,12
Humprey,12,0,12
Husam,10,3,13
Hadiye,0,11,11
Hadjer,0,11,11
Hafeez,7,3,10
Hafiez,11,0,11
Hagop,11,0,11
Halilibrahim,11,0,11
Halimah,3,9,12
Hamlet,10,3,13
Hanrie,11,0,11
Hans-Christian,11,0,11
Hans-Jan,11,0,11
Hans-Jurgen,11,0,11
Hans-Paul,11,0,11
Hansie,6,5,11
Hanso,11,0,11
Hanzade,0,11,11
Happy,3,7,10
Hardi,10,3,13
Hares,11,0,11
Hariëtta,0,11,11
Harkes,11,0,11
Harmpien,0,11,11
Harremijntje,0,11,11
Harrianne,0,11,11
Hayte,11,0,11
Heath,10,3,13
Hedwieg,3,9,12
Heileke,0,11,11
Hekmat,3,8,11
Helan,3,8,11
Helené,3,10,13
Helenie,0,11,11
Hellmut,11,0,11
Helmke,3,10,13
Hem,10,3,13
Hemantkoemar,11,0,11
Henderientje,0,11,11
Hendy,3,7,10
Henkje,3,10,13
Henriete,3,10,13
Hepie,0,11,11
Herculana,0,11,11
Herculanus,11,0,11
Heriberta,0,11,11
Herik,11,0,11
Herjanne,0,11,11
Herleen,3,10,13
Herlindis,0,11,11
Hermanse,0,11,11
Heronia,0,11,11
Hestertje,0,11,11
Hidir,11,0,11
Hikmat,3,7,10
Hilchienus,11,0,11
Hilgert,11,0,11
Hilgina,0,11,11
Hilgo,11,0,11
Hilsje,0,11,11
Himke,7,3,10
Hindricus,11,0,11
Hindrike,0,11,11
Hinze,10,3,13
Hiroshi,11,0,11
Hızır,11,0,11
Hjelmar,11,0,11
Ho-Yin,11,0,11
Hoàng,10,3,13
Hortentia,3,10,13
Hosam,10,3,13
Hosein,11,0,11
Houkjen,0,11,11
Hrithik,11,0,11
Huberina,0,11,11
Hubertin,5,6,11
Hüdaverdi,11,0,11
Hudeyfa,11,0,11
Hurşit,11,0,11
Huygen,11,0,11
Hyacintes,10,3,13
Haddy,3,7,10
Hadjra,0,10,10
Hafza,0,10,10
Hagos,5,5,10
Hajir,3,9,12
Håkon,10,0,10
Haldun,10,0,10
Halley,3,6,9
Halvar,10,0,10
Hamad,10,0,10
Hân,3,9,12
Hanien,0,10,10
Hannelotte,0,10,10
Hante,3,9,12
Hanzala,10,0,10
Harber,8,3,11
Harlan,9,3,12
Harlow,3,7,10
Harmelina,0,10,10
Harmmina,0,10,10
Harmpjen,0,10,10
Harrend,10,0,10
Haticenur,0,10,10
Haylen,3,8,11
Heddeke,0,10,10
Hederik,10,0,10
Hedley,10,0,10
Heeres,10,0,10
Heijen,8,3,11
Heijman,10,0,10
Heilco,9,3,12
Heilena,0,10,10
Heines,10,0,10
Heinri,9,3,12
Hektor,10,0,10
Helanus,10,0,10
Hélen,0,10,10
Hèlene,0,10,10
Helewise,0,10,10
Helgo,10,0,10
Hellmuth,10,0,10
Hellouise,0,10,10
Helmertje,0,10,10
Helmug,10,0,10
Hemen,8,3,11
Hend,5,5,10
Henderinus,10,0,10
Henley,10,0,10
Hennieta,0,10,10
Henro,10,0,10
Hepkje,0,10,10
Herby,10,0,10
Heribertha,0,10,10
Hermela,0,10,10
Hermeline,0,10,10
Hernandes,10,0,10
Hernany,10,0,10
Herominus,10,0,10
Heros,10,0,10
Hertog,10,0,10
Hestra,0,10,10
Heval,7,3,10
Hevi,3,9,12
HGM,6,3,9
Hieronijmus,10,0,10
Hilberto,10,0,10
Hilbina,0,10,10
Hildebertus,10,0,10
Hildina,0,10,10
Hilka,0,10,10
Hilkelina,0,10,10
Hilkolina,0,10,10
Hilmer,10,0,10
Hiltruda,0,10,10
Hinka,0,10,10
Hinno,10,0,10
Hjerre,10,0,10
Hoe,9,3,12
Holk,3,8,11
Holm,7,3,10
Holy,3,7,10
Hoogwerff,10,0,10
Houterman,10,0,10
Huberdiena,3,9,12
Hubertdina,3,9,12
Huberthina,0,10,10
Huberti,3,6,9
Hubrechtje,0,10,10
Huibarta,3,9,12
Humilus,9,3,12
Hygina,3,9,12
Hymen,10,0,10
Haatje,9,0,9
Habibah,0,9,9
Hachem,9,0,9
Hadasse,0,9,9
Hade,3,6,9
Hadji,6,3,9
Haga,3,7,10
Hagge,9,0,9
Haijte,9,0,9
Haintje,9,0,9
Haise,9,0,9
Haitem,9,0,9
Hajrah,0,9,9
Halena,0,9,9
Hamze,9,0,9
Hanar,0,9,9
Handrie,9,0,9
Hanneli,0,9,9
Hannelieke,0,9,9
Hannet,0,9,9
Hans-Dieter,7,3,10
Haralt,9,0,9
Harben,9,0,9
Harda,0,9,9
Hardley,9,0,9
Haresh,9,0,9
Harianto,9,0,9
Haripersad,9,0,9
Harjanne,0,9,9
Harkina,0,9,9
Harmijna,0,9,9
Harmpina,0,9,9
Hartini,0,9,9
Hartwich,9,0,9
Hasibullah,9,0,9
Hasiholan,6,3,9
Hasko,9,0,9
Hasmik,0,9,9
Haval,8,3,11
Hawar,8,3,11
Haytem,9,0,9
Heddo,9,0,9
Heikobus,9,0,9
Heiner,8,3,11
Heleena,0,9,9
Helio,9,0,9
Heliodora,3,8,11
Helke,3,8,11
Helmerik,9,0,9
Helperi,9,0,9
Hely,3,7,10
Hemmechina,0,9,9
Hemmegien,0,9,9
Hems,9,0,9
Hemza,9,0,9
Henderkie,0,9,9
Hendré,9,0,9
Henniek,3,6,9
Henricka,0,9,9
Henrien,3,6,9
Henrienke,0,9,9
Henriètte,0,9,9
Henrinus,9,0,9
Henryc,9,0,9
Henryck,9,0,9
Hensem,9,0,9
Hensly,9,0,9
Hephzibah,0,9,9
Herm-Jan,9,0,9
Hermandine,0,9,9
Hermanja,0,9,9
Herrie,8,3,11
Hesam,9,0,9
Hettje,0,9,9
Hiep,8,3,11
Hijbe,9,0,9
Hijle,9,0,9
Hika,0,9,9
Hilbertje,0,9,9
Hildebranda,0,9,9
Hillebrandina,0,9,9
Hilleken,0,9,9
Hindertien,0,9,9
Hinrika,0,9,9
Hiskias,9,0,9
Hizir,9,0,9
Holst,6,3,9
Hommina,0,9,9
Hosdé,3,7,10
Hosnia,0,9,9
Hsiang,5,3,8
Huck,9,0,9
Hugobertus,9,0,9
Huibrechtje,0,9,9
Huigen,9,0,9
Huijbrecht,9,0,9
Humilitas,3,7,10
Hungerus,8,3,11
Huzaifa,9,0,9
Hyacint,6,3,9
Haayo,8,0,8
Habbe,8,0,8
Haddo,8,0,8
Haddou,8,0,8
Hadeel,0,8,8
Hadelina,0,8,8
Haduwé,0,8,8
Hafidjan,0,8,8
Hailley,0,8,8
Hajk,8,0,8
Hakon,8,0,8
Hakop,8,0,8
Haleema,0,8,8
Hâlis,8,0,8
Halmar,8,0,8
Halomoan,8,0,8
Haneen,0,8,8
Hanen,0,8,8
Hannemieke,0,8,8
Hannus,8,0,8
Hanriette,0,8,8
Hansine,0,8,8
Hansson,8,0,8
Hanuman,8,0,8
Hardeep,6,3,9
Hardina,0,8,8
Harger,8,0,8
Harlette,0,8,8
Harmienus,8,0,8
Harmy,0,8,8
Hartgert,8,0,8
Harumi,3,7,10
Harut,8,0,8
Hasana,0,8,8
Haseena,0,8,8
Hashir,8,0,8
Hasiba,0,8,8
Hayaat,3,7,10
Haydn,8,0,8
HCM,3,3,6
Heber,8,0,8
Hebina,0,8,8
Heiltjen,0,8,8
Heindrik,8,0,8
Heinske,0,8,8
Heite,8,0,8
Hejran,8,0,8
Heko,8,0,8
Hélèn,0,8,8
Helénè,0,8,8
Helinda,3,7,10
Heliodorus,8,0,8
Hellebart,8,0,8
Helms,8,0,8
Hemed,6,3,9
Hemi,6,3,9
Henderson,8,0,8
Hendrikszoon,8,0,8
Henriétte,0,8,8
Henritha,3,7,10
Heran,5,3,8
Heres,7,3,10
Hermenegild,6,3,9
Hermenia,3,7,10
Herminio,8,0,8
Hernán,8,0,8
Hernanda,0,8,8
Herstina,0,8,8
Heru,8,0,8
Herwi,3,6,9
Herwijn,8,0,8
Herwina,3,7,10
Hesper,3,7,10
Hesselien,0,8,8
Hesselius,8,0,8
Hessie,0,8,8
Hesterus,8,0,8
Hetti,0,8,8
Hewan,3,7,10
Heyltje,0,8,8
Hiacintha,0,8,8
Hiang,3,7,10
Hıdır,8,0,8
Hielktje,0,8,8
Hiemke,0,8,8
Hijlle,8,0,8
Hikari,0,8,8
Hild,7,3,10
Hildebertha,0,8,8
Hildebrandt,8,0,8
Hildur,0,8,8
Hilena,0,8,8
Hiljan,5,3,8
Hillegard,3,3,6
Hillegonna,0,8,8
Hilligonda,0,8,8
Hinata,0,8,8
Hindrina,0,8,8
Hinneman,8,0,8
Hinrieke,0,8,8
Hitsje,0,8,8
Hjørdis,3,7,10
Hoberthina,0,8,8
Hoby,7,3,10
Hombertus,8,0,8
Houd,8,0,8
Houw,8,0,8
Hovsep,8,0,8
Hsia,3,6,9
Hubért,7,3,10
Huen,3,5,8
Huib-Jan,8,0,8
Huibartus,8,0,8
Humfried,8,0,8
Humilia,0,8,8
Humiliana,0,8,8
Huquette,0,8,8
Hüseyincan,8,0,8
Hüzeyfe,8,0,8
Hylda,0,8,8
Hylle,8,0,8
Hyppolitus,7,3,10
Haddewina,0,7,7
Hademar,7,0,7
Hadiah,3,3,6
Hadiatou,0,7,7
Hadiel,0,7,7
Hadya,0,7,7
Hagewold,7,0,7
Hagi,7,0,7
Haïfae,0,7,7
Hailey-Jade,0,7,7
Hajara,0,7,7
Hajra,0,7,7
Halberta,0,7,7
Haldor,7,0,7
Hâle,0,7,7
Haliman,0,7,7
Hamidan,3,6,9
Hammeke,7,0,7
Hammink,7,0,7
Hanafi,7,0,7
Hanani,3,6,9
Hanifah,0,7,7
Hannieke,0,7,7
Hanock,7,0,7
Hanok,7,0,7
Hans-Joachim,7,0,7
Hansi,3,6,9
Hanz,6,3,9
Hardewijn,7,0,7
Harika,0,7,7
Harina,0,7,7
Harjet,0,7,7
Hark,7,0,7
Harmania,0,7,7
Harrent,7,0,7
Harriëte,0,7,7
Harryt,6,3,9
Haru,5,3,8
Haruun,7,0,7
Hasanah,3,6,9
Hasbia,0,7,7
Hassna,0,7,7
Hatiyce,0,7,7
Hawwa,0,7,7
Hayes,6,3,9
Hayward,7,0,7
Hazan,3,6,9
Hazine,0,7,7
Heavenleigh,0,7,7
Hedia,0,7,7
Heena,0,7,7
Heerrina,0,7,7
Heertjen,7,0,7
Heijme,7,0,7
Heijmert,7,0,7
Heiltien,0,7,7
Heiltina,0,7,7
Heimerikje,0,7,7
Heinny,3,6,9
Heinrica,0,7,7
Hejar,3,3,6
Helén,0,7,7
Helêne,0,7,7
Helenes,6,3,9
Helgert,7,0,7
Helianne,0,7,7
Heliantha,0,7,7
Helmertina,0,7,7
Hemco,7,0,7
Hemwatie,0,7,7
Hendirk,7,0,7
Hendrikina,0,7,7
Hendro,7,0,7
Henki,6,3,9
Henner,7,0,7
Henriecke,0,7,7
Henrik-Jan,7,0,7
Henriquez,5,3,8
Henya,3,6,9
Herda,0,7,7
Hermaine,3,6,9
Hermannie,0,7,7
Hermenie,0,7,7
Hermijndert,7,0,7
Hermines,7,0,7
Hermingard,0,7,7
Hermjan,7,0,7
Hermus,7,0,7
Hermyn,0,7,7
Heronima,0,7,7
Herres,7,0,7
Herrik,7,0,7
Herrold,7,0,7
Herwald,7,0,7
Herwich,7,0,7
Herwinus,7,0,7
Hessina,0,7,7
Heva,0,7,7
Hewin,3,6,9
Heysem,7,0,7
Hiacyntha,0,7,7
Hicret,3,5,8
Hiekiena,0,7,7
Hienke,0,7,7
Hieronim,7,0,7
Hiëronyma,0,7,7
Hilbert-Jan,7,0,7
Hildemarie,0,7,7
Hildy,0,7,7
Hilfred,5,3,8
Hilgard,5,3,8
Hilginus,7,0,7
Hilkje,0,7,7
Hillebartus,7,0,7
Hillebert,7,0,7
Hillebrant,7,0,7
Hillegine,0,7,7
Hillegon,3,6,9
Hiltjen,5,3,8
Hiltrudis,3,6,9
Hindele,0,7,7
Hinriette,0,7,7
Hipkje,0,7,7
Hipolito,7,0,7
Hipolitus,7,0,7
Hippolitus,7,0,7
Hirad,7,0,7
Hishaam,7,0,7
Hiskelina,0,7,7
Hitesh,7,0,7
Hittie,0,7,7
Hitty,0,7,7
Hivda,0,7,7
Hiyab,0,7,7
Hjalmer,7,0,7
Homaira,0,7,7
Hông,0,7,7
Honny,3,3,6
Honore,5,3,8
Hor,5,3,8
Hora,3,3,6
Hosep,7,0,7
Hossin,6,3,9
Houweling,7,0,7
Houwer,7,0,7
Hoving,6,3,9
Hrant,6,3,9
Hritik,7,0,7
Hrvoje,7,0,7
Hsien,5,3,8
Hsiu,3,3,6
Hubartus,7,0,7
Hubriena,0,7,7
Hudaifa,7,0,7
Hugonia,0,7,7
Huiberte,0,7,7
Huijbertus,7,0,7
Huijbregt,6,3,9
Huivertje,0,7,7
Hüriye,0,7,7
Hursit,7,0,7
Hüsamettin,7,0,7
Husnain,7,0,7
Husni,6,3,9
Huubje,3,3,6
Huup,7,0,7
Hyacinte,0,7,7
Haajar,0,6,6
Habakuk,3,3,6
Habieb,6,0,6
Haboon,0,6,6
Haco,6,0,6
Hadar,3,5,8
Hadas,0,6,6
Haddon,6,0,6
Hadelinus,6,0,6
Hader,3,3,6
Hadeweg,0,6,6
Hadewiech,0,6,6
Hadewinus,6,0,6
Hadiyah,0,6,6
Hae,0,6,6
Hagan,3,3,6
Hagger,5,3,8
Haiat,0,6,6
Haiden,5,3,8
Haig,6,0,6
Hajrudin,6,0,6
Halbertje,0,6,6
Halimo,0,6,6
Halla,0,6,6
Hamaad,6,0,6
Hamdiye,0,6,6
Hamieda,0,6,6
Hanadi,0,6,6
Hanako,0,6,6
Hanasa,0,6,6
Hankje,0,6,6
Hannek,6,0,6
Hanneleen,0,6,6
Hannerieke,0,6,6
Hano,5,3,8
Hans-Maarten,6,0,6
Hans-Pieter,6,0,6
Hanzo,6,0,6
Hara,3,5,8
Hardew,6,0,6
Hareem,3,5,8
Harieke,0,6,6
Harlinda,0,6,6
Harmie,3,5,8
Harmijn,3,5,8
Harmtinus,6,0,6
Harsha,3,3,6
Harske,0,6,6
Harthger,6,0,6
Hartley,6,0,6
Haruki,6,0,6
Hasrat,5,3,8
Hassanatou,0,6,6
Hassiba,0,6,6
Hassina,0,6,6
Hatty,0,6,6
Hauk,5,3,8
Havik,6,0,6
Hawal,6,0,6
Haydé,0,6,6
Haythem,6,0,6
Heart,3,3,6
Heavenly-Joy,0,6,6
Hebbo,6,0,6
Hedica,0,6,6
Hedske,0,6,6
Heeko,6,0,6
Heela,0,6,6
Heerina,0,6,6
Heidina,0,6,6
Heidine,0,6,6
Heijmerikus,6,0,6
Heiki,3,3,6
Heiliena,0,6,6
Heimerick,6,0,6
Heimon,6,0,6
Heindrina,0,6,6
Hela,0,6,6
Helbert,6,0,6
Helco,6,0,6
Helda,0,6,6
Helenia,0,6,6
Helenita,0,6,6
Helgard,3,5,8
Helian,3,3,6
Helix,6,0,6
Helko,6,0,6
Hellas,3,3,6
Hellegert,6,0,6
Hellemina,0,6,6
Helm,5,3,8
Helmerick,6,0,6
Helwin,3,3,6
HEM,3,3,6
Hemawatie,0,6,6
Hemlata,0,6,6
Henck,6,0,6
Henderdjeta,0,6,6
Hendereina,0,6,6
Henderic,6,0,6
Henderiek,0,6,6
Henderijn,3,5,8
Henderita,0,6,6
Hendi,3,5,8
Hendje,0,6,6
Hendo,6,0,6
Hendriejettha,0,6,6
Hendrijetta,0,6,6
Hendryetta,0,6,6
Hendryna,0,6,6
Henk-Paul,6,0,6
Henock,5,3,8
Henos,6,0,6
Henri-Paul,5,3,8
Henrian,6,0,6
Henrichus,6,0,6
Henrickus,6,0,6
Henrijette,0,6,6
Henzo,6,0,6
Hepco,6,0,6
Heraldine,0,6,6
Heraldo,6,0,6
Herbartus,6,0,6
Herberdine,0,6,6
Herbert-Jan,6,0,6
Hermande,0,6,6
Hermanides,6,0,6
Hermans,6,0,6
Hermawan,5,3,8
Hermelien,0,6,6
Hermieneke,0,6,6
Hermienke,0,6,6
Hermineke,0,6,6
Heroma,3,5,8
Herperus,6,0,6
Herremijn,0,6,6
Herremina,0,6,6
Herriette,0,6,6
Herrit,6,0,6
Hersina,0,6,6
Hesling,6,0,6
Hesly,3,3,6
Hessel-Jan,6,0,6
Hessels,6,0,6
Hesta,3,5,8
Heston,6,0,6
Hewa,3,3,6
Hewi,3,3,6
Heyn,6,0,6
Heyo,6,0,6
Hiacintus,5,3,8
Hibaq,0,6,6
Hibba,0,6,6
Hidayat,6,0,6
Hidderina,0,6,6
Hiddina,0,6,6
Hiddy,3,5,8
Hidser,6,0,6
Hidzerdiena,0,6,6
Hiebe,6,0,6
Hielkina,0,6,6
Hijacinthe,3,5,8
Hilany,0,6,6
Hildagard,0,6,6
Hildegondus,6,0,6
Hildemar,6,0,6
Hilduarda,0,6,6
Hildwin,6,0,6
Hilgiena,0,6,6
Hilgje,0,6,6
Hilgonde,0,6,6
Hilkiena,0,6,6
Hillal,3,5,8
Hillechonde,0,6,6
Hillegiene,0,6,6
Hillène,0,6,6
Hillia,0,6,6
Hilliggiena,0,6,6
Hilmina,0,6,6
Hilona,0,6,6
Hilwert,6,0,6
Himanshu,6,0,6
Himradj,6,0,6
Hindrieke,0,6,6
Hindrikien,0,6,6
Hinkjen,0,6,6
Hinna,0,6,6
Hinnerika,0,6,6
Hinnerikus,6,0,6
Hinrica,0,6,6
Hip,3,3,6
Hiresh,6,0,6
Hiskeja,0,6,6
Hittina,0,6,6
Hiwet,0,6,6
Hjordis,3,5,8
Hlalia,0,6,6
Hodaïfa,6,0,6
Holga,0,6,6
Homine,5,3,8
Hommerus,6,0,6
Honoratus,6,0,6
Honorea,0,6,6
Hoon,3,3,6
Hoske,0,6,6
Hounaida,0,6,6
Housni,6,0,6
Housnia,0,6,6
Houssem,6,0,6
Houston,3,3,6
Houwe,6,0,6
Houwert,5,3,8
Houwkina,0,6,6
Hoyin,6,0,6
Hrach,6,0,6
Hrishikesh,6,0,6
Hsi,5,3,8
Hsin,3,3,6
Hsueh,3,3,6
Hube,3,3,6
Hubine,0,6,6
Hugine,0,6,6
Hugon,5,3,8
Huiberd,6,0,6
Huibertdina,0,6,6
Huibrina,0,6,6
Huigbertus,6,0,6
Huigtje,0,6,6
Hünkar,6,0,6
Hürkan,6,0,6
Hurley,6,0,6
Huybertus,6,0,6
Huybrecht,6,0,6
Huyên,0,6,6
Hwan,5,3,8
Hyacinthius,5,3,8
Hyacintius,5,3,8
Hykina,3,5,8
Hylbrand,6,0,6
Hylcke,3,3,6
Hylmar,6,0,6
Hypatia,0,6,6
Hyronymus,6,0,6
Haagtje,0,5,5
Haala,0,5,5
Haarsema,5,0,5
Haashim,5,0,5
Habentius,3,3,6
Habibullah,5,0,5
Hadidja,0,5,5
Hadisa,0,5,5
Hadrina,0,5,5
Haebele,5,0,5
Haely,3,3,6
Hafésa,0,5,5
Haggith,0,5,5
Haiderali,5,0,5
Haidi,0,5,5
Haie,3,3,6
Haijina,0,5,5
Haijke,3,3,6
Haikje,0,5,5
Hailee,0,5,5
Haileigh,0,5,5
Hailke,0,5,5
Haïtam,5,0,5
Haitje,3,3,6
Hajia,0,5,5
Hajoline,0,5,5
Halema,0,5,5
Halensis,0,5,5
Hally,0,5,5
Halvard,5,0,5
Hama,3,3,6
Hamar,5,0,5
Hâmi,5,0,5
Hamidou,5,0,5
Hammo,5,0,5
Hammou,5,0,5
Hanelore,0,5,5
Hanina,0,5,5
Hannae,0,5,5
Hannalie,0,5,5
Hanne-Wil,0,5,5
Hanneken,0,5,5
Hanneloes,0,5,5
Hanneloor,3,3,6
Hannemiek,0,5,5
Hanniël,3,3,6
Hanriët,0,5,5
Hans-Eric,5,0,5
Hans-Hendrik,5,0,5
Hanspeter,5,0,5
Hansradj,5,0,5
Hantsje,3,3,6
Haowen,5,0,5
Haq,5,0,5
Haralda,3,3,6
Harash,5,0,5
Harbertdina,0,5,5
Hardjo,5,0,5
Hardjono,3,3,6
Harietta,0,5,5
Harith,5,0,5
Hariyanto,5,0,5
Harjinder,3,3,6
Harjit,3,3,6
Harjono,5,0,5
Harlina,0,5,5
Harmandeep,5,0,5
Harmanes,5,0,5
Harmanpreet,3,3,6
Harmea,0,5,5
Harmenke,0,5,5
Harmkelina,0,5,5
Harmptje,0,5,5
Harnarain,5,0,5
Harremina,0,5,5
Harring,5,0,5
Harriot,3,3,6
Harry-Jan,5,0,5
Harsimran,3,3,6
Harsono,5,0,5
Hartina,0,5,5
Hartje,0,5,5
Harto,5,0,5
Hartrijk,5,0,5
Hasancan,5,0,5
Hasham,5,0,5
Hashmi,5,0,5
Haska,3,3,6
Hassatou,0,5,5
Hasyim,3,3,6
Hate,5,0,5
Haticetül,0,5,5
Hatta,3,3,6
Hatte,5,0,5
Haura,0,5,5
Havanna,0,5,5
Havanur,0,5,5
Havila,3,3,6
Havize,0,5,5
Haweya,3,3,6
Hayar,0,5,5
Hayel,3,3,6
Hayrunisa,0,5,5
Hazarinus,5,0,5
Heabeltje,0,5,5
Headley,5,0,5
Heddi,3,3,6
Heddie,3,3,6
Heder,5,0,5
Hedo,5,0,5
Hedwigia,0,5,5
Hedwin,5,0,5
Hedzerika,0,5,5
Heeltje,0,5,5
Heerkje,0,5,5
Heger,3,3,6
Hei-Yee,0,5,5
Heider,5,0,5
Heijnderik,5,0,5
Heijolina,0,5,5
Heikedina,0,5,5
Heinrikus,5,0,5
Heinte,3,3,6
Heitina,0,5,5
Heja,3,3,6
Helai,0,5,5
Helaire,3,3,6
Helal,5,0,5
Helenis,5,0,5
Helenka,0,5,5
Helenne,0,5,5
Heleny,0,5,5
Heleonora,0,5,5
Helez,3,3,6
Helfred,5,0,5
Hêlîn,0,5,5
Hellemine,0,5,5
Hellene,0,5,5
Heller,3,3,6
Helminus,5,0,5
Helmo,5,0,5
Helna,3,3,6
Heloisa,0,5,5
Hélouise,0,5,5
Hemmegie,0,5,5
Hemmeterius,5,0,5
Hendelina,0,5,5
Henderdiena,0,5,5
Henderfina,0,5,5
Henderiekes,5,0,5
Henderieks,5,0,5
Henderien,0,5,5
Henderiktje,0,5,5
Hendersje,0,5,5
Hendriaantje,0,5,5
Hendrickes,5,0,5
Hendriëlle,0,5,5
Hendriën,3,3,6
Hendriënne,0,5,5
Hendrijette,0,5,5
Hendrin,3,3,6
Henk-Peter,5,0,5
Henkelina,0,5,5
Henniëlle,0,5,5
Hennique,0,5,5
Henra,0,5,5
Henrieca,0,5,5
Henriecus,5,0,5
Henrijk,3,3,6
Henrikje,0,5,5
Henrikke,0,5,5
Henrycus,5,0,5
Henrykus,3,3,6
Hentina,0,5,5
Henziena,0,5,5
Hepko,5,0,5
Herawati,0,5,5
Herdine,0,5,5
Hereman,5,0,5
Herena,0,5,5
Heresh,3,3,6
Heriberto,5,0,5
Heriëtte,0,5,5
Herjo,5,0,5
Herlene,0,5,5
Hermain,5,0,5
Hermanneke,0,5,5
Hermansje,0,5,5
Hermeintje,0,5,5
Hermelinda,0,5,5
Hermenegildis,3,3,6
Hermenigildus,3,3,6
Hermienus,5,0,5
Hermijne,0,5,5
Herminius,5,0,5
Herona,0,5,5
Heroniemus,5,0,5
Heronimo,3,3,6
Herrebertus,5,0,5
Herremanus,5,0,5
Herriet,3,3,6
Herske,0,5,5
Herubertus,5,0,5
Herwert,5,0,5
Hestina,0,5,5
Hettina,0,5,5
Heydi,0,5,5
Heynric,5,0,5
Hiacinta,0,5,5
Hibaaq,0,5,5
Hibolina,3,3,6
Hide,5,0,5
Hiekje,0,5,5
Hieko,5,0,5
Hiel,3,3,6
Hiela,0,5,5
Hietsje,0,5,5
Hijlkes,3,3,6
Hilbren,5,0,5
Hildebert,5,0,5
Hildegart,0,5,5
Hildegina,0,5,5
Hildine,0,5,5
Hilegonda,0,5,5
Hilène,0,5,5
Hilge,3,3,6
Hilgien,0,5,5
Hilin,0,5,5
Hilkia,3,3,6
Hillebart,5,0,5
Hillebertha,0,5,5
Hillechienes,5,0,5
Hillechonda,0,5,5
Hilleris,5,0,5
Hillona,0,5,5
Himaya,0,5,5
Himesh,5,0,5
Hinderikes,5,0,5
Hindi,3,3,6
Hindirk,5,0,5
Hindrikkien,0,5,5
Hindriks,5,0,5
Hinkelien,0,5,5
Hinkes,5,0,5
Hinri,5,0,5
Hirsi,3,3,6
Hischeja,0,5,5
Hivi,0,5,5
Hoāng,3,3,6
Hoei,3,3,6
Hoesne,0,5,5
Hogan,5,0,5
Hoitje,0,5,5
Holbe,5,0,5
Holkjen,0,5,5
Hollie,3,3,6
Homer,5,0,5
Honesta,0,5,5
Hooi,3,3,6
Hoshang,5,0,5
Hoshiar,3,3,6
Hottie,0,5,5
Houari,5,0,5
Houdaïfa,5,0,5
Houk,5,0,5
Housam,5,0,5
Houssin,5,0,5
Houwine,0,5,5
Hovik,5,0,5
Howie,3,3,6
Howik,5,0,5
HPM,3,3,6
Hripsime,0,5,5
Hristijan,5,0,5
Hsu,3,3,6
Huai,5,0,5
Hubart,5,0,5
Hubertiena,3,3,6
Hubertines,5,0,5
Hubregta,0,5,5
Hud,5,0,5
Hüdai,5,0,5
Hudhaifah,5,0,5
Hugolien,0,5,5
Hugonetta,0,5,5
Hugorinus,5,0,5
Huiberthus,5,0,5
Huibertinus,3,3,6
Huigbert,5,0,5
Huigine,0,5,5
Huip,5,0,5
Hulisi,5,0,5
Humair,5,0,5
Humam,3,3,6
Huon,5,0,5
Hüreyre,3,3,6
Husamettin,5,0,5
Huseen,3,3,6
Hüsnanur,0,5,5
Husniye,0,5,5
Hussin,3,3,6
Huubke,3,3,6
Huyb,5,0,5
Hwat,5,0,5
Hyachinta,0,5,5
Hybo,5,0,5
Hyde,3,3,6
Hyder,5,0,5
Hye,3,3,6
Hyltsje,3,3,6
Hypolytus,5,0,5
Hyrum,5,0,5
Haaf,3,0,3
Haaijo,3,0,3
Haarun,3,0,3
Haatim,3,0,3
Habibi,3,3,6
Habte,3,0,3
Haçi,3,0,3
Hacob,3,0,3
Hada,0,3,3
Hadasa,0,3,3
Hades,3,0,3
Hadessa,0,3,3
Hadewine,0,3,3
Hadhoum,0,3,3
Hadjera,0,3,3
Hadrian,3,0,3
Haentje,3,0,3
Hafeda,0,3,3
Hafidh,3,3,6
Hafieda,0,3,3
Hafis,3,3,6
Hagata,0,3,3
Haidie,0,3,3
Haija,0,3,3
Haime,3,0,3
Hairo,3,0,3
Hajare,0,3,3
Hajiba,0,3,3
Hajonides,3,3,6
Hajrija,0,3,3
Hakar,3,0,3
Hakema,0,3,3
Haki,3,0,3
Hakob,3,0,3
Håkonsen,3,3,6
Hal,3,0,3
Halbart,3,0,3
Halbedina,0,3,3
Halbertus,3,0,3
Halimagatoen,0,3,3
Halimatou,0,3,3
Hallel,3,3,6
Halvor,3,0,3
Haly,3,3,6
Hamasa,0,3,3
Hamdaan,3,0,3
Hamido,3,0,3
Hamima,0,3,3
Hammaad,3,0,3
Hammadalla,3,3,6
Hamood,3,3,6
Hanaâ,0,3,3
Hanafy,3,3,6
Hanah,0,3,3
Hananjah,0,3,3
Haned,3,0,3
Haneefa,0,3,3
Hanette,0,3,3
Hanky,3,3,6
Hanna-Maria,0,3,3
Hannanja,0,3,3
Hanne-Lotte,0,3,3
Hannelinde,0,3,3
Hannelize,0,3,3
Hannely,0,3,3
Hannemarie,0,3,3
Hannemijn,0,3,3
Hanrieke,0,3,3
Hâns,3,0,3
Hans-Jaap,3,0,3
Hans-Jelle,3,0,3
Hansa,0,3,3
Hänschen,3,3,6
Hanse,3,0,3
Hansiena,0,3,3
Hansjan,3,0,3
Hansko,3,0,3
Hansradjie,0,3,3
Hansz,3,0,3
Hanum,0,3,3
Haoran,3,0,3
Haoyan,3,3,6
Haoyu,3,0,3
Haraldus,3,0,3
Harberdina,0,3,3
Harbertus,3,0,3
Harcolinus,3,0,3
Hardo,3,0,3
Harich,3,0,3
Hariet,3,3,6
Harim,3,3,6
Harir,0,3,3
Harisa,0,3,3
Harising,3,0,3
Harkebina,0,3,3
Harkje,0,3,3
Harkobus,3,0,3
Harm-Jaap,3,0,3
Harm-Pieter,3,0,3
Harm-Willem,3,0,3
Harmance,0,3,3
Harmando,3,0,3
Harmeintje,0,3,3
Harmentje,0,3,3
Harmineke,0,3,3
Harmines,3,0,3
Harmkje,0,3,3
Harmtine,0,3,3
Harna,0,3,3
Harold-Jan,3,0,3
Haroldine,0,3,3
Harrelt,3,0,3
Harrian,3,3,6
Harriën,3,0,3
Harron,3,0,3
Harryetta,0,3,3
Harsh,3,0,3
Hartgerdina,0,3,3
Hartinie,0,3,3
Harty,3,3,6
Haruna,3,3,6
Harutyun,3,0,3
Harvin,3,0,3
Hasene,0,3,3
Hashiem,3,0,3
Hashmat,3,3,6
Hasine,0,3,3
Hasnaa,0,3,3
Hata,0,3,3
Hatip,3,0,3
Hatko,3,3,6
Hattem,3,0,3
Havel,3,0,3
Havi,3,3,6
Havida,0,3,3
Havy,3,3,6
Hawkar,3,3,6
Hawkin,3,0,3
Hawre,3,0,3
Hayate,0,3,3
Hayfa,0,3,3
Hayford,3,3,6
Haze,0,3,3
Hazima,0,3,3
Headly,3,0,3
Hearke,3,0,3
Heathcliff,3,0,3
Heavely,0,3,3
Hébe,0,3,3
Hebedina,0,3,3
Hebeline,0,3,3
Hebert,3,0,3
Hebron,3,0,3
Heco,3,3,6
Hectorine,0,3,3
Hedar,3,0,3
Hedaya,3,3,6
Heddewina,0,3,3
Heddina,0,3,3
Hedera,0,3,3
Hedil,0,3,3
Hedra,3,3,6
Hedri,0,3,3
Hedvige,0,3,3
Hedwigh,0,3,3
Hedwych,0,3,3
Hedzerina,0,3,3
Heedze,3,0,3
Heelke,3,0,3
Heereman,3,0,3
Heeske,0,3,3
Hegazy,3,3,6
Heichina,0,3,3
Heidelore,0,3,3
Heidria,0,3,3
Heijkoop,3,3,6
Heijmericus,3,0,3
Heijmerik,3,0,3
Heijn,3,0,3
Heikien,0,3,3
Heikiena,0,3,3
Heikoline,0,3,3
Heilbertus,3,0,3
Heileen,3,3,6
Heilene,0,3,3
Heili,0,3,3
Heilleke,3,0,3
Heilwine,0,3,3
Heindert,3,0,3
Heindrich,3,0,3
Heindrika,0,3,3
Heinkje,0,3,3
Heinric,3,0,3
Heinrick,3,0,3
Heinriette,0,3,3
Heinszoon,3,0,3
Helain,3,3,6
Helegonda,0,3,3
Helenard,3,0,3
Hélenè,3,3,6
Hèléne,0,3,3
Helenite,0,3,3
Heleno,3,0,3
Helfrich,3,0,3
Helias,3,0,3
Heliene,0,3,3
Hêlin,0,3,3
Helinde,0,3,3
Hellemart,3,0,3
Hellie,3,3,6
Helmerdina,0,3,3
Helmes,3,0,3
Helmoet,3,3,6
Helperus,3,0,3
Helprigdina,0,3,3
Helprigina,0,3,3
Helvi,0,3,3
Hemkina,0,3,3
Hemmes,3,0,3
Henase,0,3,3
Hende,0,3,3
Hendereintje,0,3,3
Henderico,3,0,3
Henderiekje,0,3,3
Henderik-Jan,3,0,3
Henderiko,3,0,3
Hendery,3,3,6
Hendien,0,3,3
Hendjen,3,3,6
Hendrawan,3,0,3
Hendrea,0,3,3
Hendreina,0,3,3
Hendrice,0,3,3
Hendrich,3,0,3
Hendrieks,3,0,3
Hendrik-Pieter,3,0,3
Hendrikkina,0,3,3
Hendrini,0,3,3
Hendriques,3,0,3
Hendrita,0,3,3
Hendryk,3,3,6
Henedina,0,3,3
Henk-Jaap,3,0,3
Henk-jan,3,0,3
Hennely,0,3,3
Hennerieke,0,3,3
Hennine,0,3,3
Hennis,3,3,6
Henriene,0,3,3
Henrijetta,0,3,3
Henritia,0,3,3
Hènry,3,0,3
Henzen,3,0,3
Herberth,3,0,3
Herbi,3,0,3
Herbrand,3,0,3
Herbrecht,3,0,3
Herdi,3,3,6
Herebertus,3,0,3
Herenia,0,3,3
Hering,3,0,3
Herk,3,0,3
Herkjen,0,3,3
Hermalinda,0,3,3
Herman-Joseph,3,0,3
Hermand,3,0,3
Hermanni,0,3,3
Hermée,0,3,3
Hermenegildo,3,0,3
Hermenigilda,0,3,3
Hermenigildis,0,3,3
Hermès,3,0,3
Herminette,0,3,3
Herms,3,0,3
Hernani,3,0,3
Herne,3,3,6
Herodia,0,3,3
Herón,3,0,3
Herri,3,0,3
Herriëtta,0,3,3
Herrius,3,0,3
Herrman,3,0,3
Herrmann,3,0,3
Herschel,3,0,3
Hertwig,3,3,6
Heruberta,0,3,3
Herve,3,0,3
Hesdie,3,0,3
Hesterlina,0,3,3
Hetteke,0,3,3
Hettes,3,0,3
Hettij,0,3,3
Hettine,0,3,3
Hetwich,0,3,3
Heya,0,3,3
Heybet,3,3,6
HFM,3,3,6
Hichaam,3,0,3
Hiçran,0,3,3
Hieka,0,3,3
Hiekeline,0,3,3
Hiên,3,3,6
Hieroniemus,3,0,3
Hieronima,0,3,3
Hiêú,3,0,3
Higinia,0,3,3
Higinio,3,0,3
Hijka,0,3,3
Hijncijnatus,3,0,3
Hijra,0,3,3
Hikmatullah,3,3,6
Hilaal,3,0,3
Hilalnur,0,3,3
Hilana,0,3,3
Hilardus,3,0,3
Hilarión,3,0,3
Hilde-Marie,0,3,3
Hildegardes,3,3,6
Hildemara,0,3,3
Hildemarij,0,3,3
Hilderik,3,0,3
Hildi,0,3,3
Hildie,0,3,3
Hilding,3,0,3
Hilgienus,3,0,3
Hiljen,3,3,6
Hillany,0,3,3
Hillebrandia,0,3,3
Hillechientje,0,3,3
Hillerie,3,3,6
Hillert,3,0,3
Hilliante,0,3,3
Hilligtje,0,3,3
Hillinda,0,3,3
Hillinde,0,3,3
Hillo,3,0,3
Hilonka,0,3,3
Hiltrude,0,3,3
Himme,3,0,3
Himpje,0,3,3
Hincke,3,3,6
Hinderieks,3,0,3
Hinderken,0,3,3
Hindrieka,0,3,3
Hindriëtta,0,3,3
Hindrijettha,0,3,3
Hindrikin,0,3,3
Hinrick,3,0,3
Hinrikus,3,0,3
Hinthe,0,3,3
Hiong,3,3,6
Hipolita,0,3,3
Hipólito,3,0,3
Hipolytus,3,0,3
Hiran,3,3,6
Hiroki,3,0,3
Hiromi,3,3,6
Hirwa,3,3,6
Hisam,3,0,3
Hischam,3,0,3
Hiskiena,3,3,6
Hissina,0,3,3
Hitendra,3,0,3
Hitzerus,3,0,3
Hiva,0,3,3
Hiyam,0,3,3
Hjalte,3,0,3
HMM,3,3,6
Ho-Man,3,0,3
Hobart,3,3,6
Hodia,3,3,6
Hodo,0,3,3
Hoeman,3,0,3
Hoemeira,0,3,3
Hoessain,3,0,3
Hoey,3,3,6
Hoijte,3,0,3
Holidi,3,0,3
Hollandina,0,3,3
Honor,3,3,6
Honya,0,3,3
Hoodo,0,3,3
Hoong,3,3,6
Hop,3,3,6
Hoppe,3,0,3
Horizon,3,0,3
Hortensa,0,3,3
Hortensius,3,0,3
Hortulana,0,3,3
Horus,3,0,3
Hosana,3,3,6
Hoshyar,3,3,6
Hotty,3,3,6
houda,0,3,3
Houdayfah,3,0,3
Houko,3,0,3
Houktje,0,3,3
Houssam-Eddine,3,0,3
Hovan,3,3,6
Hovseb,3,3,6
Hovyd,0,3,3
Howen,3,0,3
Hriday,3,0,3
Hroswitha,0,3,3
Huat,3,0,3
Hubère,3,0,3
Hubertini,0,3,3
Hubertinie,3,3,6
Hubertino,3,0,3
Huckleberry,3,0,3
Hudhayfa,3,0,3
Huê,3,3,6
Huei,3,3,6
Hugelina,0,3,3
Hugestinus,3,0,3
Hugobald,3,0,3
Hugobert,3,0,3
Hugorientje,0,3,3
Hugorine,0,3,3
Hugouw,3,0,3
Huguenot,3,3,6
Huì,0,3,3
Huibartha,0,3,3
Huibergiena,0,3,3
Huibrechta,0,3,3
Humberta,0,3,3
Humera,0,3,3
Hümerya,0,3,3
Huner,3,0,3
Hungeria,3,3,6
Hur,3,3,6
Hürrem,0,3,3
Hurricane,3,0,3
Hurtley,3,0,3
Huruuse,3,3,6
Husniya,0,3,3
Huso,3,0,3
Hüsran,0,3,3
Husseen,3,3,6
Husson,3,0,3
Hwang,3,0,3
Hyab,3,3,6
Hyachintus,3,0,3
Hyacintia,0,3,3
Hyacynthus,3,0,3
Hyancintha,0,3,3
Hyko,3,3,6
Hylde,0,3,3
Hylkjen,0,3,3
Hypolithus,3,3,6
Hyppolite,3,0,3
Haa,0,3,3
Haadiya,0,3,3
Haaning,3,3,6
Habeba,0,3,3
Habeltje,0,3,3
Habiballah,3,0,3
Habibatou,0,3,3
Habieba,0,3,3
Habiel,3,0,3
Habsa,0,3,3
Haceli,3,0,3
Haciali,3,0,3
Hadasz,3,0,3
Hadawiena,0,3,3
Hadeer,0,3,3
Hadel,3,3,6
Hadelin,3,0,3
Hadelinde,0,3,3
Hadeline,3,3,6
Hadewijk,0,3,3
Hadewin,3,3,6
Hadiatu,0,3,3
Hadidjah,0,3,3
Hadies,3,0,3
Hadifa,3,0,3
Hadiqa,0,3,3
Hadiyyah,0,3,3
Hadj,3,0,3
Hadjara,0,3,3
Hadly,3,3,6
Haduwij,0,3,3
Haebel,0,3,3
Haelin,0,3,3
Haeven,3,3,6
Hafed,3,0,3
Hafsae,0,3,3
HAG,3,3,6
Haggaï,3,0,3
Haggai,3,3,6
Haia,0,3,3
Haibeh,3,3,6
Haijat,0,3,3
Haijeltjo,3,0,3
Haikie,0,3,3
Haikoline,0,3,3
Haileselassie,3,0,3
Hailey-Lynn,0,3,3
Hainuwele,0,3,3
Hainz,3,0,3
Haira,3,3,6
Hais,3,0,3
Haisha,0,3,3
Haiske,3,3,6
Haissam,3,3,6
Haithem,3,0,3
Hajé,3,0,3
Hakam,3,3,6
Håkan,3,0,3
Hakem,3,0,3
Hakiima,0,3,3
Hako,3,0,3
Halbertina,0,3,3
Haldir,3,0,3
Haleh,0,3,3
Hali,3,3,6
Halifa,3,3,6
Halilapatih,3,0,3
Halilcan,3,0,3
Halimat,0,3,3
Haline,0,3,3
Halka,0,3,3
Hall,3,3,6
Hallil,3,0,3
Hallina,0,3,3
Hallvar,3,0,3
Halmina,0,3,3
Halûk,3,0,3
Halwest,3,0,3
Haman,3,0,3
Hamd,3,0,3
Hamdija,3,3,6
Hamdiya,0,3,3
Hamdullah,3,0,3
Hame,3,0,3
Hamel,3,0,3
Hamer,3,3,6
Hamidreza,3,0,3
Hamilcar,3,0,3
Hamim,3,0,3
Haminoto,3,3,6
Hamis,3,3,6
Hamiyyet,0,3,3
Hamoda,3,0,3
Hamoon,3,0,3
Hamou,3,3,6
Hamouda,3,0,3
Hamta,0,3,3
Hamzeh,3,0,3
Hán,3,3,6
Hanady,0,3,3
Hanana,0,3,3
Hananiah,3,3,6
Hanas,3,3,6
Handricus,3,0,3
Hane,3,3,6
Haniefah,0,3,3
Haniël,3,0,3
Haniva,0,3,3
Hannad,3,0,3
Hannah-Mae,0,3,3
Hannah-Maria,0,3,3
Hannah-Sophie,0,3,3
Hannalize,0,3,3
Hanne-Marie,0,3,3
Hanne-Mieke,0,3,3
Hanneh,0,3,3
Hannelien,0,3,3
Hannelot,0,3,3
Hannetta,0,3,3
Hannia,0,3,3
Hanniek,3,3,6
Hanniëlle,0,3,3
Hanniggien,0,3,3
Hannigje,0,3,3
Hannij,0,3,3
Hannika,0,3,3
Hannis,3,0,3
Hannoch,3,0,3
Hanns,3,0,3
Hannu,3,0,3
Hans-Erik,3,0,3
Hans-Georg,3,0,3
Hans-Jorg,3,0,3
Hans-Martijn,3,0,3
Hans-Olivier,3,0,3
Hans-Robert,3,0,3
Hansjürgen,3,0,3
Hansley,3,0,3
Hansraj,3,0,3
Hanya,0,3,3
Hanzes,3,3,6
Hao-Ran,3,0,3
Haotian,3,0,3
Haoyang,3,3,6
Harberta,0,3,3
Harbrand,3,0,3
Harcko,3,0,3
Hardenberg,3,0,3
Hardev,3,3,6
Hardolfia,0,3,3
Haremiena,0,3,3
Harerta,3,3,6
Haria,3,3,6
Harian,3,0,3
Harianne,0,3,3
Hariati,0,3,3
Haridath,3,0,3
Hariejetta,0,3,3
Hariëlle,0,3,3
Hariena,0,3,3
Hariepersad,3,0,3
Harier,0,3,3
Harijati,0,3,3
Harinck,3,0,3
Harinder,3,3,6
Harini,0,3,3
Harishchandra,3,0,3
Harit,3,3,6
Hariton,3,0,3
Harjati,0,3,3
Harjeet,3,3,6
Harjivan,3,3,6
Harkelinus,3,0,3
Harkiran,3,3,6
Harkirat,3,3,6
Harkishan,3,0,3
Harland,3,0,3
Harlee,0,3,3
Harlen,3,3,6
Harlena,0,3,3
Harline,0,3,3
Harmco,3,0,3
Harmenda,0,3,3
Harmenjan,3,0,3
Harmi,0,3,3
Harmienke,0,3,3
Harmique,0,3,3
Harmpke,0,3,3
Harmtienus,3,0,3
Harolf,3,0,3
Haroliemus,3,0,3
Harouna,3,0,3
Harpal,3,0,3
Harralt,3,0,3
Harremaagje,0,3,3
Harremannus,3,0,3
Harremijndert,3,0,3
Harrewijn,3,0,3
Harrie-Jan,3,3,6
Harriejet,0,3,3
Harrijetta,0,3,3
Harrina,0,3,3
Harryet,0,3,3
Harryson,3,0,3
Hartogh,3,0,3
Hartwica,0,3,3
Harün,3,0,3
Harutjun,3,0,3
Harwich,3,3,6
Hasaan,3,0,3
Hasanain,3,0,3
Hasanat,3,3,6
Hasanna,0,3,3
Hasar,3,3,6
Hasbi,3,0,3
Hase,3,3,6
Hasena,0,3,3
Hasher,3,0,3
Hasian,3,3,6
Hasieb,3,0,3
Hasnah,0,3,3
Hasnu,3,0,3
Hasoloan,3,0,3
Hassania,0,3,3
Hassie,3,3,6
Hassin,3,3,6
Hassini,3,0,3
Hassnin,3,0,3
Hassouna,3,3,6
Hasty,3,3,6
Hatam,3,3,6
Hatef,3,3,6
Hatica,0,3,3
Haticetülkübra,0,3,3
Hatin,0,3,3
Hatshepsut,0,3,3
Hattab,3,0,3
Haukeline,0,3,3
Havard,3,3,6
Havely,3,0,3
Havily,0,3,3
Havza,0,3,3
Haw,3,3,6
Hawick,3,0,3
Hawîn,0,3,3
Hawo,0,3,3
Hawra,0,3,3
Hayad,0,3,3
Haydeé,0,3,3
Haydie,3,3,6
Haydy,0,3,3
Hayé,3,0,3
Hayette,0,3,3
Hayir,3,3,6
Haynalka,3,0,3
Hayrı,3,0,3
Hayven,3,0,3
Hazarja,3,0,3
Hazer,3,3,6
Hazia,0,3,3
Haziem,3,0,3
Hazime,0,3,3
Hazjar,3,3,6
Hazragatoen,0,3,3
Hazrat,3,0,3
HCJ,3,3,6
Healy,0,3,3
Heaven-Lee,0,3,3
Heaveny,0,3,3
Hebé,0,3,3
Hébé,0,3,3
Hebelien,0,3,3
Hebûn,3,0,3
Héctor,3,0,3
Heda,0,3,3
Heden,3,3,6
Hederick,3,0,3
Hédi,3,3,6
Hedin,3,0,3
Hedlich,3,0,3
Hedrik,3,0,3
Hedro,3,0,3
Hedserina,0,3,3
Hedvika,0,3,3
Hedwiega,0,3,3
Hedye,0,3,3
Heenze,3,0,3
Heera,0,3,3
Heerdina,0,3,3
Heeuw,0,3,3
Heflin,3,0,3
Hegelund,3,0,3
Heibina,0,3,3
Heidar,3,0,3
Heidema,3,3,6
Heidemaria,0,3,3
Heidewika,0,3,3
Heijke,3,3,6
Heijlke,3,3,6
Heiken,3,0,3
Heikoliena,0,3,3
Heikoop,3,3,6
Heilda,3,0,3
Heilida,0,3,3
Heilien,0,3,3
Heilkje,0,3,3
Heim,3,0,3
Heimerig,3,0,3
Heinette,0,3,3
Heinis,3,0,3
Heinita,0,3,3
Heinje,0,3,3
Heinrie,3,0,3
Heinrika,0,3,3
Heinrina,0,3,3
Heinrita,0,3,3
Heinsius,3,0,3
Heintz,3,0,3
Heisam,3,0,3
Heitje,0,3,3
Hekmatullah,3,0,3
Hekon,3,0,3
Helay,0,3,3
Helbin,0,3,3
Hèléna,0,3,3
Helena-Maria,0,3,3
Helenardus,3,0,3
Hélène-Marie,0,3,3
Heleyna,0,3,3
Helfriede,0,3,3
Helgi,3,0,3
Helima,0,3,3
Helîn,0,3,3
Heling,3,3,6
Hélio,3,0,3
Héliodore,0,3,3
Hélion,3,0,3
Helisa,0,3,3
Helja,0,3,3
Helleen,0,3,3
Hellegonda,3,3,6
Hellenie,0,3,3
Hellin,0,3,3
Hellus,3,0,3
Helmond,3,0,3
Helmout,3,3,6
Heltje,3,3,6
Hemand,3,0,3
Hemani,0,3,3
Hemert,3,0,3
Hemida,3,3,6
Hemin,3,0,3
Hemn,3,3,6
Hemraj,3,0,3
Hendawy,3,3,6
Hendekie,0,3,3
Hender,3,0,3
Henderie,3,0,3
Henderiena,0,3,3
Henderienus,3,0,3
Henderktje,0,3,3
Hendersken,0,3,3
Hendie,0,3,3
Hendik,3,0,3
Hendirkje,0,3,3
Hendrawati,0,3,3
Hendrianus,3,0,3
Hendricks,3,3,6
Hendrickson,3,0,3
Hendrieca,0,3,3
Hendriekie,0,3,3
Hendriekske,0,3,3
Hendrijke,0,3,3
Hendrik-Jacob,3,0,3
Hendrik-jan,3,0,3
Hendrik-Jelle,3,0,3
Hendrik-Johan,3,0,3
Hendriken,0,3,3
Hendrikin,0,3,3
Hendrikke,0,3,3
Hendrikt,3,0,3
Hendrinette,0,3,3
Hendrinia,0,3,3
Hendrino,3,0,3
Hendryca,0,3,3
Hendryka,0,3,3
Héng,3,0,3
Hengen,3,0,3
Henger,3,3,6
Heni,3,3,6
Henine,0,3,3
HenkJan,3,0,3
Henly,3,3,6
Hennekaat,0,3,3
Hennessy,0,3,3
Hennike,0,3,3
Hennos,3,0,3
Henoc,3,0,3
Henon,3,0,3
Henrey,3,0,3
Henrianna,0,3,3
Henrichette,0,3,3
Henricia,0,3,3
Henricio,3,3,6
Henricje,0,3,3
Henriekje,0,3,3
Henriëth,0,3,3
Henrietje,0,3,3
Henriettë,0,3,3
Henrïette,0,3,3
Henriëttha,0,3,3
Henriëtto,0,3,3
Henrijetha,0,3,3
Henriq,3,0,3
Henriqua,0,3,3
Henris,3,3,6
Henritta,0,3,3
Henritte,0,3,3
Henryca,0,3,3
Hensel,3,3,6
Henson,3,0,3
Hentine,0,3,3
Heny,3,3,6
Henzina,0,3,3
Hepkelina,0,3,3
Heracles,3,0,3
Heralda,0,3,3
Herbe,3,0,3
Herberd,3,0,3
Herbertje,0,3,3
Hercelina,0,3,3
Here,3,0,3
Herian,3,0,3
Herien,3,3,6
Herjen,3,0,3
Herkje,0,3,3
Herlindes,0,3,3
Herling,3,0,3
Herlisa,0,3,3
Herlof,3,0,3
Herman-Jozef,3,0,3
Herman-Peter,3,0,3
Herman-Pieter,3,0,3
Hermanae,0,3,3
Hermanos,3,0,3
Hermansz,3,0,3
Hermanto,3,0,3
Hermeindert,3,0,3
Hermelijne,0,3,3
Hermelijntje,0,3,3
Hermengilde,0,3,3
Hermenius,3,0,3
Hermez,3,3,6
Hermienne,0,3,3
Herminda,0,3,3
Herminegilda,3,3,6
Herminie,0,3,3
Hermsen,3,0,3
Hernald,3,0,3
Hernandus,3,0,3
Herónimo,3,0,3
Heronius,3,0,3
Herpert,3,0,3
Herrina,0,3,3
Hersan,3,3,6
Hersi,3,0,3
Hersseltje,0,3,3
Herubertha,0,3,3
Herwart,3,3,6
Herwien,3,0,3
Hesefius,3,0,3
Hesja,3,3,6
Hesron,3,0,3
Hess,3,3,6
Hesselena,0,3,3
Hessellina,0,3,3
Hessen,3,0,3
Hessy,0,3,3
Hesterik,3,0,3
Hestrea,0,3,3
Hetsche,0,3,3
Hettel,3,0,3
Hetzer,3,0,3
Heung,3,3,6
Heuong,0,3,3
Hêvî,0,3,3
Hew,0,3,3
Heyco,3,0,3
Heyko,3,0,3
Heykoop,3,0,3
Heylena,0,3,3
Heyli,0,3,3
Heymerik,3,0,3
Hezal,0,3,3
Hezro,3,0,3
Hiacynthus,3,0,3
Hiam,0,3,3
Hibaag,0,3,3
Hibatallah,0,3,3
Hidajat,3,0,3
Hiddegonda,0,3,3
Hidtje,0,3,3
Hie,3,0,3
Hieba,0,3,3
Hieftje,0,3,3
Hielina,0,3,3
Hielka,0,3,3
Hielle,3,0,3
Hielletta,0,3,3
Hiêp,3,0,3
Hiêu,3,3,6
Hiew,0,3,3
Hifanur,0,3,3
Hijab,0,3,3
Hikaru,3,0,3
Hilarina,0,3,3
Hilário,3,0,3
Hilbertdina,0,3,3
Hilchiene,0,3,3
Hildan,3,3,6
Hildana,0,3,3
Hildefonsa,0,3,3
Hildegardt,0,3,3
Hildegundis,0,3,3
Hildelies,0,3,3
Hilden,3,3,6
Hildeward,3,0,3
Hildia,0,3,3
Hildr,3,3,6
Hilduardus,3,0,3
Hilelimus,3,0,3
Hilfried,3,0,3
Hilgen,0,3,3
Hilgond,0,3,3
Hilian,0,3,3
Hiljanne,0,3,3
Hilkedina,0,3,3
Hilkeline,0,3,3
Hilkka,0,3,3
Hillaria,0,3,3
Hillebrands,3,3,6
Hillebrandy,0,3,3
Hillegchien,0,3,3
Hillegondes,3,0,3
Hillel,3,0,3
Hillemore,0,3,3
Hillenique,0,3,3
Hillevi,0,3,3
Hillewies,0,3,3
Hilliard,3,0,3
Hillichien,0,3,3
Hillichina,0,3,3
Hilligien,0,3,3
Hilligiena,0,3,3
Hilligina,0,3,3
Hilliginus,3,0,3
Hillij,0,3,3
Hillyanne,0,3,3
Hilouise,0,3,3
Hilow,3,3,6
Hilrieke,0,3,3
Hilske,0,3,3
Hilta,0,3,3
Hima,3,3,6
Hinderieke,0,3,3
Hinderiekus,3,0,3
Hinderijke,0,3,3
Hinderikje,0,3,3
Hindertina,0,3,3
Hindrick,3,0,3
Hindrik-Jan,3,0,3
Hindy,0,3,3
Hineni,0,3,3
Hinnertje,0,3,3
Hinnette,0,3,3
Hinrichs,3,3,6
Hinriët,0,3,3
Hinsiena,0,3,3
Hipke,3,0,3
Hipko,3,0,3
Hippocrates,3,0,3
Hippolit,3,0,3
Hirsch,3,0,3
Hisa,3,3,6
Hisca,0,3,3
Hisje,0,3,3
Hiskine,0,3,3
Hiskya,0,3,3
Hitomi,0,3,3
Hittsje,0,3,3
Hitzera,0,3,3
Hivan,3,3,6
Hiwan,3,3,6
Hizra,0,3,3
HJA,3,3,6
Hjälmar,3,0,3
Hla,0,3,3
HMG,3,3,6
HMJ,3,3,6
Ho-Wan,3,0,3
Ho-Wing,3,0,3
Hoc,3,0,3
Hocine,3,0,3
Hodaya,3,3,6
Hodman,0,3,3
Hoebert,3,0,3
Hoebertina,0,3,3
Hoeceles,3,3,6
Hoechard,3,0,3
Hoedayfa,3,0,3
Hoedhaifah,3,0,3
Hoemaira,0,3,3
Hofsté,3,0,3
Hogir,3,0,3
Hohin,3,0,3
Hoi-Chun,3,0,3
Hoi-Lam,0,3,3
Hoi-San,0,3,3
Hoi-Yan,0,3,3
Hoitine,0,3,3
Hoker,3,0,3
Holanda,0,3,3
Holck,0,3,3
Holli,0,3,3
Hollo,3,0,3
Holmar,3,0,3
Holterman,3,0,3
Holtrust,3,3,6
Holya,0,3,3
Homeer,3,3,6
Homera,0,3,3
Hommine,0,3,3
Hommolina,0,3,3
Homobonus,3,0,3
Honer,3,0,3
Hóng,3,3,6
Honia,0,3,3
Honney,0,3,3
Honorah,0,3,3
Honoreus,3,0,3
Honza,3,0,3
Hoogheid,3,0,3
Hootina,0,3,3
Hopper,3,3,6
Horatia,3,3,6
Horiye,0,3,3
Hörmet,3,3,6
Horrie,3,3,6
Hörü,0,3,3
Hosay,0,3,3
Hosny,3,0,3
Hosper,3,0,3
Hossen,3,0,3
Hotgerus,3,0,3
Hotses,3,0,3
Hotso,3,0,3
Houng,3,0,3
Housain,3,0,3
Houshang,3,0,3
Housna,0,3,3
Houssaïne,3,0,3
Houweltje,0,3,3
Houwo,3,0,3
Hovannes,3,0,3
Hovestadt,3,0,3
Howe,3,0,3
Howel,3,0,3
Hoyt,3,0,3
Hrishita,0,3,3
HTM,0,3,3
Hubald,3,0,3
Hubanie,0,3,3
Hubelina,0,3,3
Hubér,3,0,3
Hübert,3,0,3
Hubert-jan,3,0,3
Hubertie,0,3,3
Hubertiene,0,3,3
Hubertijn,3,3,6
Hubertinia,3,3,6
Hubertiny,3,3,6
Hubeyb,3,0,3
Hubrechtina,0,3,3
Hubregtje,0,3,3
Hubrien,3,0,3
Hucham,3,3,6
Hüdayi,3,0,3
Huddleston,3,0,3
Huez,3,3,6
Huge,3,0,3
Hugestines,3,0,3
Hughe,3,0,3
Hugien,3,3,6
Hugius,3,0,3
Hugo-Jan,3,0,3
Hugonius,3,0,3
Hugrina,0,3,3
Hui-Hui,0,3,3
Huibertien,0,3,3
Huiberty,0,3,3
Huigh,3,0,3
Huigo,3,0,3
Huitte,3,0,3
Huizerina,0,3,3
Huk,3,0,3
Hulia,0,3,3
Hülja,0,3,3
Hümanur,0,3,3
Humanus,3,0,3
Humilius,3,0,3
Humphrie,3,0,3
Hunan,3,0,3
Hunor,3,0,3
Huntley,3,0,3
Hupie,3,3,6
Hurby,3,0,3
Hureyra,0,3,3
Hurle,3,0,3
Hurly,3,0,3
Hürriyet,0,3,3
Husaam,3,0,3
Husin,3,0,3
Hüsrev,3,0,3
Husrev,3,0,3
Husseini,3,0,3
Hussien,3,0,3
Huyg,3,0,3
Huzaifah,3,0,3
HWM,3,3,6
Hyacinthis,3,0,3
Hydi,0,3,3
Hyle,3,0,3
Hylene,0,3,3
Hyme,3,0,3
Hypolith,3,0,3
Hypolithe,3,3,6
Hypolitis,3,0,3
Hypolyte,3,3,6
Hyppoliet,3,0,3
Hyssam,3,0,3
Haadi,3,0,3
Haadjar,0,3,3
Haagen,3,0,3
Haags-Alimah,0,3,3
Haahr,3,0,3
Haajelina,0,3,3
Haamid,3,0,3
Haaris,3,0,3
Haaroen,3,0,3
Haaron,3,0,3
Haashi,3,0,3
Haassan,3,0,3
Haawa,0,3,3
Habashy,3,3,6
Habe,3,0,3
Habeeb,3,0,3
Habeş,3,0,3
Habi,0,3,3
Habiban,0,3,3
Habibkhan,3,0,3
Habibo,0,3,3
Habo,3,0,3
Habsi,0,3,3
Haby,0,3,3
Hacar,0,3,3
Haçer,0,3,3
Haci-Ahmet,3,0,3
Hacimurat,3,0,3
Hacina,0,3,3
Haciosman,3,0,3
Hacl,3,0,3
Hadasah,0,3,3
Hadass,0,3,3
Hadaya,0,3,3
Haddasah,0,3,3
Haddassa,0,3,3
Haddassah,0,3,3
Haddia,0,3,3
Hadewei,0,3,3
Hadewien,0,3,3
Hadger,3,0,3
Hadgu,0,3,3
Hadie,3,0,3
Hadier,0,3,3
Hadija,0,3,3
Hadijanto,3,0,3
Hadir,0,3,3
Haditjah,0,3,3
Hadiza,0,3,3
Hadje,3,3,6
Hadjidja,0,3,3
Hadjra-Gatoen,0,3,3
Hado,3,0,3
Hadoum,0,3,3
Hadriel,3,0,3
Hadwina,0,3,3
Hadyl,0,3,3
Haebe,0,3,3
Haeden,3,0,3
Haedewych,0,3,3
Haefje,0,3,3
Hael,0,3,3
Haeres,3,0,3
Haete,3,0,3
Haevenley,0,3,3
HAF,3,3,6
Hafeeza,0,3,3
Hafidi,3,0,3
Hafiedj,3,0,3
Hafizah,0,3,3
Hafs,3,0,3
Hafzah,0,3,3
Hafzallah,3,3,6
Hagine,0,3,3
Hagr,0,3,3
Haholongan,3,3,6
Haiawi,3,0,3
Haicin,0,3,3
Haïco,3,0,3
Haid,3,0,3
Haida,3,3,6
Haïdara,3,3,6
Haidee,0,3,3
Haidée,0,3,3
Haigina,0,3,3
Haijkina,0,3,3
Haijoke,0,3,3
Haijolina,0,3,3
Haijona,0,3,3
Haikaz,3,0,3
Haïkel,3,0,3
Haiki,0,3,3
Hailey-Jane,0,3,3
Hailey-Jay,0,3,3
Hailey-Mae,0,3,3
Hailey-May,0,3,3
Hailly,0,3,3
Hailtje,0,3,3
Hailu,3,0,3
Haïm,3,0,3
Haimé,3,3,6
Haimo,3,0,3
Haino,3,0,3
Hainuwelé,0,3,3
Haio,3,0,3
Haisam,3,0,3
Hait,0,3,3
Haites,3,0,3
Haïthem,3,0,3
Haithm,3,0,3
Haiv,0,3,3
Haiyan,3,3,6
Hajah,0,3,3
Hajdin,3,0,3
Hajera,0,3,3
Hajirah,0,3,3
Hajizada,3,3,6
Hajjar,0,3,3
Hajnal,0,3,3
Hakhunts,3,3,6
Hakime,0,3,3
Hakkan,3,0,3
Hákon,3,0,3
Hakverdi,3,0,3
Halaa,0,3,3
Halan,3,3,6
Halawa,0,3,3
Halberdina,0,3,3
Halbertha,0,3,3
Halbes,3,0,3
Hâldun,3,0,3
Haldur,3,0,3
Haley-Joy,0,3,3
Halez,0,3,3
Halida,0,3,3
Halidun,3,0,3
Halife,3,0,3
Haliima,0,3,3
Halik,3,0,3
Hâlim,3,0,3
Hâlise,0,3,3
Halja,0,3,3
Halke,3,0,3
Halkina,0,3,3
Hallima,0,3,3
Halma,0,3,3
Halona,0,3,3
Halrin,3,0,3
Haltje,0,3,3
Hâluk,3,0,3
Halyma,0,3,3
Halyna,0,3,3
Hamabas,3,3,6
Hamal,3,0,3
Hamam,3,0,3
Hamanda,0,3,3
Hamani,3,0,3
Hamath,3,0,3
Hamau,3,3,6
Hamden,3,0,3
Hamdia,0,3,3
Hamdoun,3,3,6
Hameda,0,3,3
Hamet,3,0,3
Hameza,3,0,3
Hamidah,0,3,3
Hamidhoesein,3,0,3
Hamidullah,3,0,3
Hamin,3,0,3
Hamiye,0,3,3
Hamiz,3,0,3
Hamkes,3,0,3
Hamlin,3,0,3
Hammada,3,0,3
Hammam,3,0,3
Hammasa,3,3,6
Hammed,3,0,3
Hammid,3,3,6
Hammond,3,0,3
Hammoud,3,0,3
Hamna,0,3,3
Hamnah,0,3,3
Hamno,3,0,3
Hamoen,3,0,3
Hamonangan,3,0,3
Hamoud,3,0,3
Hams,3,3,6
Hamsini,0,3,3
Hamyd,0,3,3
Hamzacan,3,0,3
Hamzha,3,0,3
han,3,0,3
Han-Willem,3,0,3
Hanaar,0,3,3
Hanabi,0,3,3
Hanalei,0,3,3
Hanami,0,3,3
Hanania,0,3,3
Hanânja,3,0,3
Hananne,0,3,3
Hananya,0,3,3
Hanbury,3,0,3
Hanca,0,3,3
Handayana,3,0,3
Handenur,0,3,3
Handoyo,3,0,3
Handren,3,0,3
Haneef,3,0,3
Haneefah,0,3,3
Haney,3,3,6
Hăng,0,3,3
Hangau,3,0,3
Hanibal,3,0,3
Hanie,3,3,6
Hanieh,0,3,3
Haniel,3,0,3
Hanielle,0,3,3
Haniëlle,0,3,3
Hanija,0,3,3
Hanime,0,3,3
Hanise,0,3,3
Hanival,3,0,3
Hanje,0,3,3
Hankie,0,3,3
Hankina,0,3,3
Hanlar,3,0,3
Hanna-Loïs,0,3,3
Hannah-Liz,0,3,3
Hannah-Lore,0,3,3
Hannah-Lotte,0,3,3
Hannah-Marie,0,3,3
Hannah-Ruth,0,3,3
Hannalice,0,3,3
Hannane,0,3,3
Hannanjah,0,3,3
Hannchen,0,3,3
Hanne-Louise,0,3,3
Hanne-Marieke,0,3,3
Hanne-Mayke,0,3,3
Hanne-Roos,0,3,3
Hannelise,0,3,3
Hannelohre,0,3,3
Hanneloore,0,3,3
Hannelora,0,3,3
Hannelou,0,3,3
Hanneman,3,0,3
Hannemarieke,0,3,3
Hannemijne,0,3,3
Hannen,0,3,3
Hannerie,0,3,3
Hanneriek,0,3,3
Hanold,3,0,3
Hanora,0,3,3
Hanouk,3,3,6
Hanrick,3,0,3
Hanrico,3,0,3
Hanriëtta,0,3,3
Hanrique,0,3,3
Hans-Alexander,3,0,3
Hans-Günther,3,0,3
Hans-Jacob,3,0,3
Hans-jan,3,0,3
Hans-Jochem,3,0,3
Hans-Jörg,3,0,3
Hans-Jörgen,3,0,3
Hans-Jurjen,3,0,3
Hans-Richard,3,0,3
Hans-Rogier,3,0,3
Hans-Udo,3,0,3
Hans-Werner,3,0,3
Hanscita,0,3,3
Hanskind,3,0,3
Hansse,3,3,6
Hansy,0,3,3
Hanyo,3,0,3
Hanzalah,3,0,3
Hao-Yu,3,0,3
Haochen,3,0,3
Haou,3,0,3
Hap,3,0,3
Hapet,3,0,3
Hapry,3,0,3
Hapsari,3,3,6
HAR,0,3,3
Harahap,3,3,6
Haralde,0,3,3
Haraldina,0,3,3
Haram,3,0,3
Haran,3,0,3
Haras,3,0,3
Harbans,3,0,3
Harbrecht,3,0,3
Harcoline,0,3,3
Harcourt,3,0,3
Harcus,3,0,3
Hard,3,0,3
Hardea,0,3,3
Hardewich,0,3,3
Hardin,3,0,3
Hardis,3,0,3
Hardrik,3,0,3
Hardu,3,0,3
Harent,3,0,3
Hargobind,3,0,3
Hargun,3,3,6
Hariadi,3,0,3
Hariatie,0,3,3
Haridew,3,0,3
Harien,3,0,3
Haries,3,0,3
Harif,3,0,3
Harijette,0,3,3
Harikumar,3,0,3
Harilal,3,0,3
Harima,3,3,6
Harinarain,3,0,3
Harinath,3,0,3
Harings,0,3,3
Harisan,3,0,3
Harisch,3,0,3
Harishankar,3,0,3
Harishkoemar,3,0,3
Hariwaan,3,0,3
Harjanda,0,3,3
Harjanna,0,3,3
Harjette,0,3,3
Harjon,3,0,3
Harkamal,3,3,6
Harkeerat,3,3,6
Harkisoen,3,0,3
Harkolientje,0,3,3
Harkolina,0,3,3
Harlem,3,0,3
Harlène,0,3,3
Harli,3,3,6
Harligje,0,3,3
Harlinde,3,3,6
Harlindes,0,3,3
Harlof,3,0,3
Harly,3,3,6
Harm-Hendrik,3,0,3
Harm-Jesse,3,0,3
Harm-Paul,3,0,3
Harmand,3,0,3
Harmande,3,3,6
Harmandus,3,0,3
Harmann,3,0,3
Harmeet,3,0,3
Harmentina,0,3,3
Harmes,3,0,3
Harmia,0,3,3
Harmiëtte,0,3,3
Harmijntjen,0,3,3
Harminder,3,0,3
Harminka,0,3,3
Harminke,0,3,3
Harminna,0,3,3
Harmkelien,0,3,3
Harmma,0,3,3
Harmmeinders,3,0,3
Harmold,3,0,3
Harmona,0,3,3
Harmonia,0,3,3
Harmpiena,0,3,3
Harmsen,3,0,3
Harmske,0,3,3
Harne,3,0,3
Harneet,3,3,6
Harni,0,3,3
Harnie,0,3,3
Harnoldus,3,0,3
Harnoor,3,0,3
Harnoud,3,0,3
Harnt,3,0,3
Haroene,3,0,3
Haroldina,0,3,3
Haroldo,3,0,3
Harolt,3,0,3
Harout,3,0,3
Harp,3,3,6
Harpertszoon,3,0,3
Harpi,0,3,3
Harpo,3,0,3
Harr,3,0,3
Harreld,3,0,3
Harrente,3,0,3
Harrianna,0,3,3
Harrico,3,0,3
Harricus,3,0,3
Harrieëthe,0,3,3
Harrieke,3,3,6
Harriëlla,0,3,3
Harriëlle,0,3,3
Harriena,0,3,3
Harrièt,0,3,3
Harriett,0,3,3
Harripersad,3,0,3
Harrisson,3,0,3
Harrod,3,0,3
Harry-jet,0,3,3
Harryan,3,3,6
Harryanne,0,3,3
Harryanto,3,0,3
Harryëtte,0,3,3
Harrysingh,3,0,3
Harshavardhan,3,0,3
Harshini,0,3,3
Harshita,0,3,3
Harshpreet,3,3,6
Harshvir,3,0,3
Harsini,0,3,3
Hartati,0,3,3
Hartej,3,0,3
Hartkamp,3,0,3
Hartmuth,3,0,3
Harton,3,0,3
Hartrudis,0,3,3
Hartvig,3,0,3
Haruka,0,3,3
Hârûn,3,0,3
Haruto,3,0,3
Harveer,3,0,3
Harvie,3,0,3
Harvinder,3,3,6
Harwinder,3,3,6
Haryanti,0,3,3
Haryt,3,0,3
Hasaam,3,0,3
Hasanaat,0,3,3
Hasanali,3,0,3
Hasani,3,0,3
Hasanian,3,3,6
Hasankhanli,3,0,3
Hasanuddin,3,3,6
Haseebullah,3,0,3
Hasenat,0,3,3
Haset,0,3,3
Hasgül,3,3,6
Hashan,3,0,3
Hashimi,3,3,6
Hashish,3,0,3
Hasibenur,0,3,3
Hasiel,3,0,3
Hasjiem,3,0,3
Hasjmet,3,0,3
Hask,3,0,3
Haskar,0,3,3
Haşmet,3,0,3
Hasmin,3,3,6
Hasnat,3,0,3
Hasnayn,3,0,3
Hasni,3,3,6
Hasnia,0,3,3
Haspo,3,0,3
Hassanain,3,3,6
Hassanatu,0,3,3
Hassani,3,0,3
Hassel,3,3,6
Hasset,0,3,3
Hassien,0,3,3
Hassim,3,0,3
Hassimiou,3,0,3
Hassoon,3,3,6
Hasu,3,0,3
Hat,3,3,6
Hatger,3,0,3
Haticegül,0,3,3
Hatidža,0,3,3
Hatige,0,3,3
Hatiye,0,3,3
Hatto,3,0,3
Hâtun,0,3,3
Haua,0,3,3
Haujin,3,3,6
Haur,3,0,3
Havahanim,0,3,3
Havanaz,0,3,3
Havane,0,3,3
Havannah,0,3,3
Havilah,0,3,3
Havîn,0,3,3
Havise,0,3,3
Havsa,0,3,3
Hawah,0,3,3
Hawaika,0,3,3
Haward,3,0,3
Hawe,3,3,6
Hawi,3,0,3
Hawil,3,0,3
Hawisha,0,3,3
Hawkeye,3,0,3
Hawler,3,3,6
Hawley,0,3,3
Hawraa,0,3,3
Hawry,3,3,6
Hawyar,3,0,3
Hayaa,0,3,3
Hayaam,0,3,3
Hayaan,3,0,3
Hayah,0,3,3
Hayame,0,3,3
Hayda,0,3,3
Hayde,0,3,3
Haydenn,3,0,3
Haydon,3,0,3
Haydosus,3,0,3
Hayenius,3,0,3
Hayfae,0,3,3
Hayik,3,3,6
Hayki,3,0,3
Hayleen,0,3,3
Hayley-Jade,0,3,3
Hayman,3,3,6
Hayme,0,3,3
Hayriya,0,3,3
Hayro,3,0,3
Hayru,0,3,3
Hayrul,0,3,3
Hayrulnisa,0,3,3
Hayrün,0,3,3
Haysam,3,0,3
Haytse,3,0,3
Haytske,0,3,3
Hazara,0,3,3
Hazari,3,0,3
Hazarij,3,0,3
Hazin,3,0,3
Haziq,3,0,3
Haziz,3,0,3
Hazlewood,3,0,3
Hazm,3,0,3
Hazme,0,3,3
Hazret,3,0,3
Hazuki,0,3,3
Hea,0,3,3
Hean,3,3,6
Heaveney,0,3,3
Heavenlee,0,3,3
Heavenly-Angel,0,3,3
Heavynne,0,3,3
Hebbe,3,0,3
Hebbelina,0,3,3
Hebbeltien,0,3,3
Hebbeltiena,0,3,3
Hebbina,0,3,3
Hebechina,0,3,3
Heben,3,3,6
Heberth,3,0,3
Hebertus,3,0,3
Hebie,0,3,3
Hebiena,0,3,3
Hebine,0,3,3
Hebo,3,3,6
Hebolina,0,3,3
Hebri,3,0,3
Hebun,3,0,3
Hechmi,3,0,3
Hede,0,3,3
Hedewich,0,3,3
Hedewig,0,3,3
Hedgar,3,0,3
Hedika,0,3,3
Hedina,0,3,3
Hedjran,3,0,3
Hedly,3,0,3
Hedrikus,3,0,3
Hedry,0,3,3
Hedwicha,0,3,3
Hedyati,0,3,3
Hedyl,0,3,3
Hee-Yi,0,3,3
Heemszoon,3,0,3
Heepkea,0,3,3
Heerd,3,0,3
Heering,3,0,3
Heerkes,3,0,3
Heerselis,3,0,3
Heerte,0,3,3
Heertze,3,3,6
Hefny,3,0,3
Hefzalla,3,0,3
Hefzibah,0,3,3
Hegel,3,0,3
Hei-Man,0,3,3
Hei-Yin,0,3,3
Heiben,3,3,6
Heida,0,3,3
Heidela,0,3,3
Heideline,0,3,3
Heiderieke,0,3,3
Heija,0,3,3
Heijechina,0,3,3
Heijeline,0,3,3
Heijlena,0,3,3
Heijliger,3,0,3
Heijlkes,3,0,3
Heijltjen,0,3,3
Heijtiena,0,3,3
Heijting,3,0,3
Heike-Jan,3,0,3
Heikea,0,3,3
Heikelien,0,3,3
Heikelinus,3,0,3
Heikoba,0,3,3
Heikolinus,3,0,3
Heilbert,3,0,3
Heile,3,3,6
Heiletta,0,3,3
Heilette,0,3,3
Heilgarde,0,3,3
Heilie,0,3,3
Heiligert,3,0,3
Heilka,0,3,3
Heilsiena,0,3,3
Heilsina,0,3,3
Heilwig,3,3,6
Heilzina,0,3,3
Heima,0,3,3
Heimann,3,0,3
Heimer,3,0,3
Heimo,3,0,3
Heimrik,3,0,3
Heimy,3,3,6
Hein-Pieter,3,0,3
Hein-Willem,3,0,3
Heinanda,0,3,3
Heindereintje,0,3,3
Heinderientjen,0,3,3
Heinderina,0,3,3
Heindrichus,3,0,3
Heindrikus,3,0,3
Heine-Jan,3,0,3
Heinedina,0,3,3
Heineke,3,3,6
Heinen,3,0,3
Heinetta,0,3,3
Heing,3,3,6
Heinja,0,3,3
Heinko,3,0,3
Heinrietta,0,3,3
Heinrik,3,0,3
Heinrique,0,3,3
Heintse,3,0,3
Heinz-Jürgen,3,3,6
Heio,3,0,3
Heirish,3,3,6
Heitske,0,3,3
Heitz,3,0,3
Heitze,3,0,3
Hêja,0,3,3
Hejan,3,0,3
Hejer,0,3,3
Hekim,3,0,3
Hélan,3,3,6
Helanda,0,3,3
Helani,0,3,3
Helanie,0,3,3
Helbertine,0,3,3
Helbrecht,3,0,3
Heldemarus,3,0,3
Hélder,3,0,3
Helean,0,3,3
Heleine,0,3,3
Hêlen,0,3,3
Helêna,0,3,3
Hélèneke,0,3,3
Heleonardus,3,0,3
Heley,0,3,3
Helfrik,3,0,3
Helguson,3,0,3
Héliane,0,3,3
Hélianthe,0,3,3
Hélin,3,3,6
Helinä,0,3,3
Helise,0,3,3
Heliz,0,3,3
Heljo,0,3,3
Hellechien,0,3,3
Hellegina,0,3,3
Helleke,0,3,3
Hellenë,0,3,3
Hellène,0,3,3
Hellenië,0,3,3
Hellenique,0,3,3
Hellinde,0,3,3
Helloise,0,3,3
Helmania,0,3,3
Helmara,0,3,3
Helmertine,0,3,3
Helmerus,3,0,3
Helmiena,0,3,3
Helmonda,0,3,3
Helmouth,3,0,3
Helmtine,0,3,3
Helmuht,3,0,3
Helmüt,3,0,3
Helnaz,0,3,3
Heloísa,0,3,3
Helöise,0,3,3
Helouisa,0,3,3
Helun,0,3,3
Helvetia,0,3,3
Helwia,3,0,3
Helwina,0,3,3
Helya,0,3,3
Hema,0,3,3
Heman,3,0,3
Hemandkoemar,3,0,3
Hemchien,0,3,3
Hemchienus,3,0,3
Hemdiye,0,3,3
Hemelina,0,3,3
Hemend,3,0,3
Hement,3,0,3
Hemera,0,3,3
Hemgiena,0,3,3
Heming,3,3,6
Hemka,0,3,3
Hemmat,3,0,3
Hemmegiena,0,3,3
Hemmeritius,3,0,3
Hemmi,3,0,3
Hemmona,0,3,3
Hemzah,3,0,3
Henan,3,3,6
Henar,3,3,6
Henbert,3,0,3
Hencor,3,0,3
Hendarika,0,3,3
Hendarto,3,0,3
Henderdjetha,0,3,3
Henderdjetta,0,3,3
Henderekien,0,3,3
Henderikjan,3,0,3
Henderique,0,3,3
Henderitte,0,3,3
Henderken,0,3,3
Henderrieka,0,3,3
Hendert,3,0,3
Henderyck,3,0,3
Hendine,0,3,3
Hendini,0,3,3
Hendreëtta,0,3,3
Hendreintje,0,3,3
Hendren,3,0,3
Hendriaan,3,0,3
Hendricas,3,3,6
Hendriecke,0,3,3
Hendriejetta,0,3,3
Hendrienes,3,0,3
Hendrienetta,0,3,3
Hendrienus,3,0,3
Hendries,3,0,3
Hendriet,0,3,3
Hendriete,0,3,3
Hendrijanne,0,3,3
Hendrijeta,0,3,3
Hendrijn,0,3,3
Hendrijnus,3,0,3
Hendrik-Albert,3,0,3
Hendrik-Arie,3,0,3
Hendrik-Geert,3,0,3
Hendrik-Harm,3,0,3
Hendrik-Jaap,3,0,3
Hendrik-Johannes,3,0,3
Hendrik-Klaas,3,0,3
Hendrik-Paul,3,0,3
Hendrik-Roelof,3,0,3
Hendrikkiena,0,3,3
Hendrikson,3,0,3
Hendrikzoon,3,0,3
Hendrinet,0,3,3
Hendriqua,0,3,3
Hendriyana,3,3,6
Hendryeta,0,3,3
Hener,3,0,3
Hengiano,3,0,3
Hèni,3,0,3
Henia,0,3,3
Henica,0,3,3
Heniek,3,0,3
Henifa,0,3,3
Henita,0,3,3
Henjan,3,0,3
Henk-Gert,3,0,3
Henk-Johan,3,0,3
Henk-John,3,0,3
Henk-Martijn,3,0,3
Henk-Pieter,3,0,3
Henk-Rik,3,0,3
Henkbert,3,0,3
Henkus,3,0,3
Henlena,0,3,3
Henli,3,0,3
Henlieke,0,3,3
Hennan,0,3,3
Hennard,3,0,3
Hennella,0,3,3
Hennemieke,0,3,3
Hennerietus,3,0,3
Hennerita,0,3,3
Hennessey,0,3,3
Hennette,0,3,3
Hennica,0,3,3
Hennice,0,3,3
Henniette,0,3,3
Henniya,0,3,3
Hennry,3,0,3
Hennyette,0,3,3
Henray,3,0,3
Henri-John,3,0,3
Henri-Pierre,3,0,3
Henri-Robert,3,0,3
Henribertus,3,0,3
Henrices,3,0,3
Henricis,3,0,3
Henricko,3,0,3
Henrida,0,3,3
Henrieëtte,0,3,3
Henriejet,0,3,3
Henrieko,3,0,3
Henriëlla,0,3,3
Henriena,0,3,3
Henrieth,0,3,3
Henriethe,0,3,3
Henriëthe,0,3,3
Henriëtt,0,3,3
Henriètta,0,3,3
Hënriette,0,3,3
Henrietto,3,3,6
Henriettte,0,3,3
Henrikas,3,0,3
Henriki,0,3,3
Henrikszoon,3,0,3
Henriqueta,0,3,3
Henrry,3,0,3
Henryco,3,0,3
Henryta,0,3,3
Hensia,0,3,3
Hensy,0,3,3
Henthe,0,3,3
Hentie,3,3,6
Hentji,3,0,3
Hep,3,0,3
Hepeltje,0,3,3
Heppie,3,3,6
Heppy,0,3,3
Her,3,0,3
Hèrald,3,0,3
Heralt,3,0,3
Herbart,3,0,3
Herbertien,0,3,3
Hercai,0,3,3
Hercilia,0,3,3
Hercule,3,0,3
Herculinus,3,0,3
Herders,3,3,6
Herdes,3,0,3
Herdis,0,3,3
Herdwina,0,3,3
Heredina,0,3,3
Hereen,0,3,3
Herem,3,0,3
Herene,0,3,3
Herfriede,3,3,6
Hergé,3,0,3
Hergert,3,0,3
Heri,3,3,6
Herica,0,3,3
Herike,0,3,3
Herimes,3,0,3
Herin,0,3,3
Heriold,3,0,3
Herish,3,0,3
Herja,0,3,3
Herjon,3,3,6
Herke-Jan,3,0,3
Herkeline,0,3,3
Herleendert,3,0,3
Herleentje,0,3,3
Herliana,0,3,3
Herlova,0,3,3
Hèrm,3,0,3
Hermachillus,3,0,3
Hermaja,0,3,3
Hermalia,0,3,3
Hermalien,0,3,3
Hermalijn,0,3,3
Hermandes,3,0,3
Hermandien,0,3,3
Hermanidus,3,0,3
Hermanique,0,3,3
Hermanito,3,0,3
Hermannis,3,0,3
Hermansen,3,0,3
Hermanus-Jan,3,0,3
Hermany,3,3,6
Hermar,3,0,3
Hermé,3,3,6
Hermeina,0,3,3
Hermejan,3,0,3
Hermelindis,0,3,3
Hermèn,3,0,3
Hermenefried,3,3,6
Hermengard,3,3,6
Hermenigild,3,0,3
Hermenigildo,3,0,3
Hermenilda,0,3,3
Hermerik,3,0,3
Hermian,3,3,6
Hermienna,0,3,3
Hermínia,0,3,3
Hermino,3,3,6
Hermíoné,0,3,3
Hermogenes,3,0,3
Hermptje,0,3,3
Hermtjen,0,3,3
Hernàn,3,0,3
Hernández,3,0,3
Hernarda,0,3,3
Hernitte,0,3,3
Herodes,3,0,3
Herodina,0,3,3
Heromina,0,3,3
Heromiys,3,3,6
Herre-Jan,3,0,3
Herrebert,3,0,3
Herrebout,3,3,6
Herrejan,3,0,3
Herrejanna,0,3,3
Herreke,0,3,3
Herribertus,3,0,3
Herrieke,0,3,3
Herrietta,0,3,3
Herris,3,0,3
Herriyana,3,3,6
Herron,3,3,6
Herryt,3,0,3
Hersel,3,0,3
Hershel,3,0,3
Hersillia,0,3,3
Herson,3,0,3
Herstella,0,3,3
Hertano,3,0,3
Herte,3,3,6
Hertgert,3,0,3
Herthy,3,3,6
Herti,0,3,3
Hertina,0,3,3
Hertje,0,3,3
Hertzl,3,0,3
Hervilio,3,0,3
Herwerd,3,0,3
Herwim,3,0,3
Herwine,0,3,3
Hery,3,3,6
Herzon,3,0,3
Hesco,3,0,3
Hesichius,3,0,3
Heskia,3,3,6
Heslie,0,3,3
Hesmé,0,3,3
Hesra,0,3,3
Hessam,3,0,3
Hesseldina,0,3,3
Hesseliena,0,3,3
Hesseljan,3,0,3
Hesselmina,0,3,3
Hessichius,3,0,3
Hesten,3,0,3
Hestéra,0,3,3
Hesterliena,0,3,3
Hesthera,0,3,3
Hestine,0,3,3
Hestrinus,3,0,3
Hesva,0,3,3
Heszel,3,0,3
Hetly,3,0,3
Hetsje,0,3,3
Hetterich,3,0,3
Hetzerus,3,0,3
Heu,0,3,3
Heugerina,0,3,3
Heuvelinde,3,3,6
Heviandi,3,0,3
Hevida,0,3,3
Hewitt,3,0,3
Heyal,3,3,6
Heyfa,0,3,3
Heykal,3,3,6
Heylkes,3,0,3
Heym,3,0,3
Heyna,0,3,3
Hezel,0,3,3
Hezja,3,3,6
Hezus,3,0,3
HHM,3,3,6
Hiacinth,3,0,3
Hibat-Allah,0,3,3
Hibe,0,3,3
Hichan,3,0,3
Hidajet,3,3,6
Hidderinus,3,0,3
Hiddora,0,3,3
Hideaki,3,0,3
Hideo,3,0,3
Hideyoshi,3,0,3
Hiebelina,0,3,3
Hiekie,0,3,3
Hiekina,0,3,3
Hielda,0,3,3
Hielena,0,3,3
Hielize,0,3,3
Hielke-Jan,3,0,3
Hielmer,3,0,3
Hielo,3,0,3
Hiels,3,0,3
Hieraj,3,3,6
Hiero,3,0,3
Hierona,0,3,3
Hierone,0,3,3
Hiëronimus,3,0,3
Hieronymos,3,0,3
Hiërro,3,0,3
Hierro,3,0,3
Hiéu,3,0,3
Hieuw,3,0,3
Hifsa,0,3,3
Hifza,0,3,3
Higazy,3,0,3
Higen,3,0,3
Higgens,3,0,3
Higgs,3,0,3
Higino,3,0,3
Hijacintus,3,0,3
Hijdi,0,3,3
Hijk,3,0,3
Hijlarius,3,0,3
Hijlbert,3,0,3
Hijlbrand,3,0,3
Hijlena,0,3,3
Hijlkeline,0,3,3
Hijmanda,0,3,3
Hijmina,0,3,3
Hijnanda,0,3,3
Hijnderijntje,0,3,3
Hijntje,3,3,6
Hijpke,0,3,3
Hijpolijtus,3,3,6
Hijronimus,3,0,3
Hikma,0,3,3
Hikmate,0,3,3
Hilăl,0,3,3
Hilalay,0,3,3
Hilare,3,3,6
Hilarus,3,0,3
Hilbartha,0,3,3
Hilberte,0,3,3
Hilbertjan,3,0,3
Hilbiena,0,3,3
Hilbo,3,0,3
Hilbrandine,0,3,3
Hilbrecht,3,0,3
Hilchard,3,0,3
Hilchinus,3,0,3
Hildachiena,0,3,3
Hildau,0,3,3
Hildburg,0,3,3
Hilde-Marije,0,3,3
Hildeberta,0,3,3
Hildeburga,3,3,6
Hildegondis,3,0,3
Hildegundus,0,3,3
Hildeke,0,3,3
Hildelien,0,3,3
Hildemarijn,0,3,3
Hildemaris,0,3,3
Hilderdina,0,3,3
Hilderick,3,0,3
Hilderieke,0,3,3
Hilderig,3,0,3
Hildje,0,3,3
Hilduard,3,0,3
Hilel,3,3,6
Hilère,3,0,3
Hilfert,3,0,3
Hilgerda,0,3,3
Hilhart,3,0,3
Hilina,0,3,3
Hiliodoro,3,0,3
Hiljodien,0,3,3
Hiljon,3,3,6
Hilkéa,0,3,3
Hilkebina,0,3,3
Hilkedine,0,3,3
Hilkoliena,0,3,3
Hilkotine,0,3,3
Hillart,3,0,3
Hille-Jan,3,0,3
Hillefien,0,3,3
Hillegarde,0,3,3
Hillegienes,3,0,3
Hillenaar,3,3,6
Hilleouise,0,3,3
Hilletta,0,3,3
Hillianthe,0,3,3
Hillichiena,0,3,3
Hillientje,0,3,3
Hilliëtte,0,3,3
Hilligardus,3,0,3
Hilliot,3,3,6
Hillisa,0,3,3
Hilly-Anne,0,3,3
Hillyano,3,0,3
Hillyjanne,0,3,3
Hilmican,3,0,3
Hilonia,0,3,3
Hilrich,3,0,3
Hils,3,3,6
Hilsarina,0,3,3
Hilsiena,0,3,3
Hilsondis,0,3,3
Hilterdina,0,3,3
Hiltinus,3,0,3
Hilverd,3,0,3
Hilvertdiena,0,3,3
Hilvertine,0,3,3
Hilward,3,0,3
Hilze,3,3,6
Himaaya,0,3,3
Himal,3,0,3
Himalia,0,3,3
Himat,3,0,3
Himé,0,3,3
Himsha,0,3,3
Hincka,0,3,3
Hinderi,3,0,3
Hinderia,0,3,3
Hinderiekes,3,0,3
Hinderijkus,3,0,3
Hinderinus,3,0,3
Hinderite,0,3,3
Hindina,0,3,3
Hindri,3,0,3
Hindrikta,0,3,3
Hine,0,3,3
Hinja,0,3,3
Hinkca,0,3,3
Hinkeliena,0,3,3
Hinkina,0,3,3
Hinkinus,3,0,3
Hinnerkien,0,3,3
Hinni,0,3,3
Hinricus,3,0,3
Hinriëtta,0,3,3
Hinsje,0,3,3
Hintje,3,3,6
Hiob,3,0,3
Hipatius,3,0,3
Hipkjen,0,3,3
Hippoliet,3,3,6
Hirasu,0,3,3
Hirena,3,3,6
Hirko,3,0,3
Hirma,3,3,6
Hirona,0,3,3
Hirondina,0,3,3
Hirra,0,3,3
Hirschel,3,0,3
Hisar,3,0,3
Hisco,3,0,3
Hissiena,0,3,3
Hito,3,3,6
Hitske,0,3,3
Hitsko,3,0,3
Hiuman,0,3,3
Hîwa,3,0,3
Hiwda,0,3,3
Hiwi,0,3,3
Hiwie,0,3,3
Hiwot,0,3,3
Hizkya,3,0,3
Hjarald,3,0,3
HJB,0,3,3
HJE,0,3,3
Hjelma,0,3,3
Hjelte,3,0,3
Hjepkje,0,3,3
HJG,3,3,6
HJJ,3,3,6
Hlilam,3,0,3
HLM,3,3,6
HMA,0,3,3
HMC,3,3,6
Hmza,3,0,3
Ho-Chun,3,0,3
Ho-Hin,3,0,3
Ho-Nam,3,0,3
Hoā,3,0,3
Hoá,0,3,3
Hoã,3,0,3
Hòa,3,3,6
Hoagy,3,0,3
Hoat,3,0,3
Hoatse,3,0,3
Hoatske,0,3,3
Hoâtske,0,3,3
Hobbertus,3,0,3
Hobbes,3,0,3
Hoberta,0,3,3
Hoberthien,0,3,3
Hobey,3,0,3
Hoching,3,3,6
Hock,3,0,3
Hod,3,0,3
Hodavja,3,0,3
Hodda,0,3,3
Hodeifa,3,0,3
Hodyfa,3,0,3
Hoeckoo,3,0,3
Hoeda,0,3,3
Hoedaifa,3,0,3
Hoegina,0,3,3
Hoekefina,0,3,3
Hoeng,3,3,6
Hoesam,3,0,3
Hoesenie,3,0,3
Hoesjar,3,0,3
Hoessin,3,0,3
Hofman,3,3,6
Hofni,3,0,3
Hofsep,3,0,3
Hoi-Kee,0,3,3
Hoi-Ming,3,0,3
Hoito,3,0,3
Holda,0,3,3
Holin,0,3,3
Hollanda,0,3,3
Holpherna,0,3,3
Holstein,3,0,3
Holt,3,3,6
Holtius,3,3,6
Homa,0,3,3
Homar,3,0,3
Homero,3,0,3
Homran,3,0,3
Honar,3,0,3
Hongbo,3,0,3
Hongxi,3,0,3
Honija,0,3,3
Honilatoe,0,3,3
Honneré,3,0,3
Honorate,0,3,3
Honoratius,3,0,3
Honorien,0,3,3
Honorio,3,0,3
Honorus,3,0,3
Honour,0,3,3
Honychurch,3,3,6
Hooshang,3,0,3
Hoot,3,0,3
Hopko,3,0,3
Hoque,3,0,3
Horatcio,3,0,3
Horion,3,0,3
Horlando,3,0,3
Horn,3,3,6
Horrëus,3,0,3
Horry,3,0,3
Horsio,3,0,3
Horst-Dieter,3,3,6
Hortens,0,3,3
Horthensia,0,3,3
Hortske,0,3,3
Hosa,0,3,3
Hosain,3,0,3
Hosannah,0,3,3
Hosei,0,3,3
Hoseyn,3,0,3
Hoshi,3,3,6
Hoshiyar,3,0,3
Hoshmmand,3,0,3
Hosi,3,3,6
Hosnah,0,3,3
Hospitia,0,3,3
Hossameldin,3,0,3
Hossijn,3,0,3
Hotaka,3,0,3
Hotma,3,3,6
Hottem,3,0,3
Houbertina,0,3,3
Houcein,3,0,3
Houceine,3,0,3
Houdeyfa,3,0,3
Hougert,3,0,3
Houkeline,0,3,3
Houkina,0,3,3
Houlton,3,0,3
Houman,3,0,3
Houra,0,3,3
Houriya,0,3,3
Housein,3,0,3
Housem,3,0,3
Housny,3,0,3
Houssna,0,3,3
Houstina,0,3,3
Houstinus,3,0,3
Houyame,0,3,3
Hovestad,3,0,3
Hoyan,0,3,3
Hoz,3,0,3
Hozaan,0,3,3
Hratch,3,0,3
Hrayr,3,0,3
Hristina,0,3,3
Hristos,3,0,3
Hristov,3,0,3
Hritesh,3,0,3
Hrithika,0,3,3
Hritika,0,3,3
Hsiung,3,0,3
Huajun,3,3,6
Huayra,3,3,6
Hubaer,3,0,3
Hubair,3,0,3
Hubartha,0,3,3
Hubartina,0,3,3
Hubé,0,3,3
Huberthy,0,3,3
Hubertis,3,3,6
Hubo,3,0,3
Hubrine,0,3,3
Hüdâ,0,3,3
Hűdanur,0,3,3
Hüdaver,3,0,3
Huddie,3,0,3
Hudion,3,0,3
Hufemia,0,3,3
Hugarina,0,3,3
Hugebertha,0,3,3
Huger,3,0,3
Hughes,3,0,3
Hughette,0,3,3
Hughie,3,0,3
Hugin,3,0,3
Hugo-Paul,3,0,3
Hugo-Sebastian,3,0,3
Hugoëtte,0,3,3
Hugotina,0,3,3
Hugowinus,3,0,3
Hui-Xian,0,3,3
Huiberthe,0,3,3
Huibertiena,0,3,3
Huibertinie,0,3,3
Huibreght,3,0,3
Huibregta,0,3,3
Huibregtje,0,3,3
Huig-Anne,3,0,3
Huig-Jan,3,0,3
Huigberta,0,3,3
Huigerrina,0,3,3
Huigiena,0,3,3
Huigorina,0,3,3
Huijgina,0,3,3
Huime,3,0,3
Huipko,3,0,3
Huisert,3,0,3
Huites,3,0,3
Huitina,0,3,3
Huixin,0,3,3
Hulbertus,3,0,3
Huldah,0,3,3
Hulderik,3,0,3
Hülüsi,3,0,3
Hûlya,0,3,3
Humairah,0,3,3
Humara,0,3,3
Hümaşah,0,3,3
Humble,3,0,3
Humeira,0,3,3
Hümeysa,0,3,3
Hümeyye,0,3,3
Humfrey,3,0,3
Humfry,3,0,3
Humilis,0,3,3
Humilta,0,3,3
Humira,0,3,3
Humma,0,3,3
Hummelen,3,0,3
Humna,0,3,3
Humpfrey,3,0,3
Humphreij,3,0,3
Humphried,3,0,3
Humran,3,3,6
Humu,0,3,3
Humulus,3,0,3
Hùng,3,0,3
Hūng,3,0,3
Hunger,3,0,3
Hungera,0,3,3
Hungerius,3,0,3
Hunkar,3,0,3
Huno,3,0,3
Huo,3,0,3
Hurbannie,3,0,3
Hurbertus,3,0,3
Huria,0,3,3
Huriya,0,3,3
Hurkan,3,0,3
Hurma,3,3,6
Hürmüz,0,3,3
Hursley,3,0,3
Hurtado,3,0,3
Hurwina,0,3,3
Hürye,0,3,3
Husayn,3,0,3
Husejin,3,0,3
Husen,3,3,6
Hûseyin,3,0,3
Hűseyin,3,0,3
Hüseyn,3,0,3
Hushang,3,0,3
Husn,0,3,3
Husnaa,0,3,3
Husnabanu,0,3,3
Husne,0,3,3
Husnia,0,3,3
Husnul,3,3,6
Hüsnüye,0,3,3
Hussainali,0,3,3
Hussan,3,3,6
Husseyin,3,0,3
Huubert,3,0,3
Hüveyda,0,3,3
Huxley,3,0,3
Huybregt,3,0,3
Huych,3,0,3
Huzefa,3,0,3
Hüzün,0,3,3
Hway,3,0,3
Hwen,3,3,6
Hyachinte,0,3,3
Hyacintho,3,0,3
Hyacyntha,0,3,3
Hyam,3,3,6
Hyancinthus,3,0,3
Hyasinta,0,3,3
Hyatt,3,3,6
Hyba,0,3,3
Hybrand,3,0,3
Hychem,3,0,3
Hycinth,0,3,3
Hydar,3,0,3
Hydde,3,0,3
Hydra,0,3,3
Hyeon,0,3,3
Hyeronimus,3,0,3
Hygines,3,0,3
Hyla,0,3,3
Hylcko,3,0,3
Hyleco,3,0,3
Hylena,0,3,3
Hylke-Paul,3,0,3
Hylona,0,3,3
Hyman,3,0,3
Hymne,0,3,3
Hynderyntje,0,3,3
Hynke,0,3,3
Hynth,0,3,3
Hyo,3,3,6
Hypholitha,0,3,3
Hypolitha,0,3,3
Hypolytha,0,3,3
Hyppolyta,0,3,3
Hyron,3,0,3
Hyroniemus,3,0,3
Hyske,3,3,6
Hyuna,0,3,3
Hyung,3,0,3
Hørlyck,0,3,3
H'ahmet,3,0,3
H'anne,0,3,3
H'bibi,3,0,3
H'lalia,0,3,3
H'memet,3,0,3
H'Mida,3,0,3
H'risto,3,0,3
H.E.A.,3,0,3
H.G.J.,0,3,3
H.J.,3,0,3
H.M.,3,0,3
Ha'amid,3,0,3
Hā-An,0,3,3
Ha-My,0,3,3
Ha-Vy,0,3,3
Ha-Yin,0,3,3
Haabeltje,0,3,3
Haabiel,3,0,3
Haabiil,3,0,3
Haachim,3,0,3
Haadia,0,3,3
Haadie,3,0,3
Haadiyah,0,3,3
Haadjera,0,3,3
Haady,3,0,3
Haafizaghatoen,0,3,3
Haag,3,0,3
Haagr,0,3,3
Haaija,0,3,3
Haaijesz,3,0,3
Haaikeline,0,3,3
Haaikje,0,3,3
Haaïn,3,0,3
Haaino,3,0,3
Haajara,0,3,3
Haajarah,0,3,3
Haaji,3,0,3
Haajier,0,3,3
Haajo,3,0,3
Haakan,3,0,3
Haâkon,3,0,3
Haaktje,0,3,3
Haaltje,0,3,3
Haamasa,0,3,3
Haamed,3,0,3
Haamida,0,3,3
Haamim,3,0,3
Haamta,0,3,3
Haana,0,3,3
Haanan,0,3,3
Haanie,0,3,3
Haanish,3,0,3
Haaniya,0,3,3
Haannah,0,3,3
Haaro,3,0,3
Haaruun,3,0,3
Haarys,3,0,3
Haasan,3,0,3
Haasher,3,0,3
Haashin,3,0,3
Haashmi,3,0,3
Haasim,3,0,3
Haasini,0,3,3
Haasjen,0,3,3
Haasjir,3,0,3
Haasti,0,3,3
Haau,0,3,3
Haazeeza,0,3,3
Haazhen,0,3,3
Haazig,3,0,3
Haazim,3,0,3
Haaziq,3,0,3
Hababo,0,3,3
Habakov,3,0,3
Habaneh,3,0,3
Habanus,3,0,3
Habas,3,0,3
Habbas,3,0,3
Habben,0,3,3
Habbert,3,0,3
Habbes,3,0,3
Habbib,3,0,3
Habbijna,0,3,3
Habbina,0,3,3
Habdel-Raheem,3,0,3
Habdi,3,0,3
Habeeba,0,3,3
Habelas,3,0,3
Habelyn,0,3,3
Habenga,3,0,3
Habert,3,0,3
Habes,3,0,3
Habeta,0,3,3
Habibatou-Sy,0,3,3
Habibbullah,3,0,3
Habibhoesein,3,0,3
Habibie,3,0,3
Habibiye,0,3,3
Habibun,3,0,3
Habie,0,3,3
Habieboel,3,0,3
Habiebrahman,3,0,3
Habier,0,3,3
Habiiba,0,3,3
Habiibo,0,3,3
Habiil,3,0,3
Habilhan,3,0,3
Habin,3,0,3
Habina,0,3,3
Habineza,3,0,3
Habiybe,0,3,3
Haboc,3,0,3
Habone,0,3,3
Habsan,0,3,3
Habsane,0,3,3
Habssa,0,3,3
Habtamu,3,0,3
Habtemariam,3,0,3
Habti,0,3,3
Habtom,3,0,3
Habusa,0,3,3
Habyl,3,0,3
Hac,3,0,3
HAC,0,3,3
Hacca,0,3,3
Haçca,0,3,3
Hacen,3,0,3
Hacéne,3,0,3
Hâcer,0,3,3
Hacerife,0,3,3
Hacersude,0,3,3
Hach,0,3,3
Hachar,0,3,3
Hachemia,0,3,3
Hachik,3,0,3
Hachikaru,0,3,3
Hachir,0,3,3
Hachmi,3,0,3
Hachmia,0,3,3
Hachoucha,0,3,3
Haci-Ali,3,0,3
Hacı-Arda,3,0,3
Hacıahmet,3,0,3
Haciahmet,3,0,3
Hacıali,3,0,3
Haciaslan,3,0,3
Hacib,3,0,3
Haciba,0,3,3
Hacibekir,3,0,3
Hacibey,3,0,3
Hacice,0,3,3
Hacidogan,3,0,3
Haciël,3,0,3
Haciënna,0,3,3
Hacihan,3,0,3
Haçik,3,0,3
Hacike,3,0,3
Hacikiz,0,3,3
Hacile,0,3,3
Hacinta,0,3,3
Hacınuh,3,0,3
HaciÖmer,3,0,3
Hacire,0,3,3
Haçiyle,0,3,3
Hacklin,3,0,3
Hacobo,3,0,3
Hacqueline,0,3,3
Haculina,0,3,3
HAD,3,0,3
Hadaccah,0,3,3
Hadacha,0,3,3
Hadaf,3,0,3
Hadama,0,3,3
Hadan,0,3,3
Hádassa,0,3,3
Hadássah,0,3,3
Hadassha,0,3,3
Hadawina,0,3,3
Hadba,0,3,3
Haddah,0,3,3
Haddasa,0,3,3
Hadden,3,0,3
Hadderina,0,3,3
Haddewiena,0,3,3
Haddewig,0,3,3
Haddie,0,3,3
Haddis,3,0,3
Haddiyya,0,3,3
Haddouia,0,3,3
Haddyjato,0,3,3
Hadé,0,3,3
Hadeed,3,0,3
Hadeil,0,3,3
Hadelef,3,0,3
Hadelena,0,3,3
Hadeloga,0,3,3
Hadera,3,0,3
Hadessha,0,3,3
Hadeway,0,3,3
Hadeweijn,3,0,3
Hadewigh,0,3,3
Hadewijck,0,3,3
Hadewy,0,3,3
Hadewyn,0,3,3
Hadhba,0,3,3
Hadhidhah,0,3,3
Hadhy,3,0,3
Hadianto,3,0,3
Hadiboesono,3,0,3
Hadice-tül,0,3,3
Hadicha,0,3,3
Hadidjami,3,0,3
Hadidjath,0,3,3
Hadied,3,0,3
Hadieh,0,3,3
Hadiël,3,0,3
Hadien,3,0,3
Hadiena,0,3,3
Hadieseh,0,3,3
Hadiessa,0,3,3
Hadijanti,0,3,3
Hadika,0,3,3
Hadikusuma,3,0,3
Hadin,0,3,3
Hadiningrat,3,0,3
Hadiratou,0,3,3
Hadise,0,3,3
Hadith,3,0,3
Hadiyan,3,0,3
Hadiyatallah,0,3,3
Hadiyatih,0,3,3
Hadiyya,0,3,3
Hadizah,0,3,3
hadj,3,0,3
Hadjadur,3,0,3
Hadjah,0,3,3
Hadjalmar,3,0,3
Hadjar-Sadat,0,3,3
Hadjeragatoen,0,3,3
Hadjerali,3,0,3
Hadjie,3,0,3
Hadjiratou,0,3,3
Hadjiratu,0,3,3
Hadjja,0,3,3
Hadjranisha,0,3,3
Hadjratali,3,0,3
Hadjroen,0,3,3
Hadjy,3,0,3
Hadla,0,3,3
HADM,3,0,3
Hadom,0,3,3
Hadou,3,0,3
Hadqa,0,3,3
Hadra,0,3,3
Hadria,0,3,3
Hadrianes,3,0,3
Hadriata,0,3,3
Hadrien,3,0,3
Hadrine,0,3,3
Haduwe,0,3,3
Hadwig,0,3,3
Hadwigis,0,3,3
Hädy,0,3,3
Hadyah,0,3,3
Hadyia,0,3,3
Hadyle,0,3,3
Hadyn,3,0,3
Hadze,3,0,3
Hadzira,0,3,3
HAE,3,0,3
Hae-Ching,0,3,3
Hae-ung,3,0,3
Haeba,0,3,3
Haebaragi,0,3,3
Haebolina,0,3,3
Haeby,0,3,3
Haeder,3,0,3
Haedoti,0,3,3
Haedy,0,3,3
Haege,0,3,3
Haeijo,3,0,3
Haeike,0,3,3
Haeite,3,0,3
Haël,3,0,3
Haelen,0,3,3
Haeley-Angel,0,3,3
Haeley-Jayn,0,3,3
Haelynn,0,3,3
Haemish,3,0,3
Haen,0,3,3
Haenen,0,3,3
Haerani,0,3,3
Haerezoon,3,0,3
Haerveu,3,0,3
Haevenly,0,3,3
Haeyes,3,0,3
Haezel,0,3,3
Haëzer,3,0,3
Hafaf,0,3,3
Hafcezah,0,3,3
Hafeth,3,0,3
Haffeid,3,0,3
Hafford,3,0,3
Haffsa,0,3,3
Hafia,3,0,3
Hafic,3,0,3
Hafica,0,3,3
Hafide,3,0,3
Hafidz,3,0,3
Hafied,3,0,3
Hafies,3,0,3
Hafiesa,0,3,3
Hafiju,3,0,3
Hafilant,3,0,3
Hafita,0,3,3
Hafız,3,0,3
Hafizagatoen,0,3,3
Hafize-nur,0,3,3
Hafizkhan,3,0,3
Hafizurrahman,3,0,3
Hafra,0,3,3
Hafsagatoen,0,3,3
Hafsanur,0,3,3
Hafsia,0,3,3
Hafssat,0,3,3
Hafthor,3,0,3
Haftom,3,0,3
Hafur,3,0,3
Hagal,0,3,3
Haganrih,3,0,3
Hägar,3,0,3
Hagatha,0,3,3
Hage-Jan,3,0,3
Hagetha,0,3,3
Haggar,3,0,3
Haggis,0,3,3
Haghira,0,3,3
Hagiël,3,0,3
Hagima,0,3,3
Hagios,0,3,3
Hagir,0,3,3
Hagiratu,0,3,3
HAGM,0,3,3
Hagma,0,3,3
Hagob,3,0,3
Hagrid,3,0,3
Hahmet,3,0,3
Hahn,3,0,3
Hăi,3,0,3
Hãi,0,3,3
Hai-Dang,3,0,3
Hai-Jie,3,0,3
Hai-My,0,3,3
Hai-Ning,0,3,3
Hai-yi,0,3,3
Hai-yu,3,0,3
Haiate,0,3,3
Haiba,0,3,3
Haibe,3,0,3
Haiby,0,3,3
Haice,3,0,3
Haicha,0,3,3
Haicintho,3,0,3
Haidakhandi,0,3,3
Haidallah,3,0,3
Haidang,3,0,3
Haïdar,3,0,3
Haidar-Ali,3,0,3
Haidara,3,0,3
Haidaralkaraar,3,0,3
Haide,0,3,3
Haidé,0,3,3
Haïdee,0,3,3
Haidejin,3,0,3
Haidel,3,0,3
Haidelley,3,0,3
Haidelys,0,3,3
Haidénshely,0,3,3
Haider-Ali,3,0,3
Haiderabbas,3,0,3
Haidey-Jade,0,3,3
Haidiën,3,0,3
Haidienne,0,3,3
Haidij,0,3,3
Haidr,3,0,3
Haidrikson,3,0,3
Haidrun,0,3,3
Haidwina,0,3,3
Haidyn,0,3,3
Haiek,3,0,3
Haïfa,0,3,3
Haifaa,0,3,3
Haïffa,0,3,3
Haihua,0,3,3
Haiijo,3,0,3
Haij,3,0,3
Haiĵe,3,0,3
Haijes,3,0,3
Haijetha,0,3,3
Haijine,0,3,3
Haijjetta,0,3,3
Haijnes,3,0,3
Haijogina,0,3,3
Haijolanda,0,3,3
Haijolande,0,3,3
Haijold,3,0,3
Haijria,0,3,3
Haïk,3,0,3
Haïke,3,0,3
Haikel,3,0,3
Haikiena,0,3,3
Haikke,3,0,3
Haikolien,0,3,3
Haikoliena,0,3,3
Haila,0,3,3
Hailan,0,3,3
Hailany,0,3,3
Hailda,0,3,3
Haileab,3,0,3
Haileen,0,3,3
Hailemelkot,3,0,3
Hailemichael,0,3,3
Hailene,0,3,3
Haíley,0,3,3
Hailey-Ann,0,3,3
Hailey-Blue,0,3,3
Hailey-Jaye,0,3,3
Hailey-Joann,0,3,3
Hailey-Joy,0,3,3
Hailey-Rae,0,3,3
Hailey-Savannah,0,3,3
Hailey-Yade,0,3,3
Haili,3,0,3
Hailian,0,3,3
Hailie-Jade,0,3,3
Hailina,0,3,3
Hailing,3,0,3
Hailko,3,0,3
Haillie,0,3,3
Hailtjo,3,0,3
Hailton,3,0,3
Hailwood,0,3,3
Haily-Lynn,0,3,3
Haimanot,0,3,3
Haimi,0,3,3
Haimil,0,3,3
Haimito,3,0,3
Haimon,3,0,3
Haimona,3,0,3
Haimy,3,0,3
Hain,3,0,3
Haina,0,3,3
Haini,0,3,3
Hainie,3,0,3
Hainly,3,0,3
Hainriëtta,0,3,3
Haipeng,3,0,3
Haiqing,3,0,3
Hairam,3,0,3
Hairat,0,3,3
Haire,0,3,3
Hairend,3,0,3
Hairesh,3,0,3
Hairicka,0,3,3
Hairie,3,0,3
Hairoem,3,0,3
Hairun,3,0,3
Hairy,0,3,3
Hairya,0,3,3
Hairyson,3,0,3
Haisell,3,0,3
Haisiat,3,0,3
Haisiena,0,3,3
Haisja,0,3,3
Haisley,0,3,3
Haitee,0,3,3
Haitjer,3,0,3
Haitsen,3,0,3
Haitson,3,0,3
Haïtze,3,0,3
Haivelly,0,3,3
Haivery,3,0,3
Haivin,3,0,3
Haivy,3,0,3
Haivyn,0,3,3
Haiya,0,3,3
Haiydan,0,3,3
Haizem,3,0,3
HAJ,3,0,3
Hajaad,0,3,3
Hajabalu,0,3,3
Hajad,0,3,3
Hajal,0,3,3
Hajamariama,0,3,3
Hajamarie,0,3,3
Hajambalu,0,3,3
Hajarah,0,3,3
Hajati,0,3,3
Hajatti,0,3,3
Hajdar,3,0,3
Hajdarovitch,3,0,3
Hajdea,3,0,3
Hajed,0,3,3
Hajeena,0,3,3
Hajet,0,3,3
Hajhra,0,3,3
HaJi,3,0,3
Hajid,3,0,3
Hajie,3,0,3
Hajik,3,0,3
Hajja,0,3,3
Hajje,0,3,3
Hajko,3,0,3
Hajkoehi,0,3,3
Hajmal,3,0,3
Hajmaly,3,0,3
Hajna,0,3,3
Hajolina,0,3,3
Hajon,3,0,3
Hajraha,0,3,3
Hajran,0,3,3
Hajrenik,3,0,3
Hajrije,0,3,3
Hajriz,3,0,3
Hajrullah,3,0,3
Hakaan,3,0,3
Hâkan,3,0,3
Hàkan,3,0,3
Hakan-Efe,3,0,3
Hakani,0,3,3
Hake,3,0,3
Hakeena,0,3,3
Hakeesha,0,3,3
Hakiema,0,3,3
Hakiimo,0,3,3
Hakiki,3,0,3
Hakimi,3,0,3
Hakimzadeh,0,3,3
Hakkai,3,0,3
Hakkican,3,0,3
Hakkim,3,0,3
Hakky,3,0,3
Hakmat,3,0,3
Hakobi,0,3,3
Hakomi,0,3,3
Häkon,3,0,3
Hála,0,3,3
Hala-Fayrouz,0,3,3
Halae,0,3,3
Halah,0,3,3
Halana,0,3,3
Halandú,3,0,3
Halandy,3,0,3
Halat,0,3,3
Halawantuni,3,0,3
Halbardina,0,3,3
Halbe-Jan,3,0,3
Halbertino,3,0,3
Halbertsje,0,3,3
Halbest,3,0,3
Halbin,0,3,3
Halbina,0,3,3
Halboury,3,0,3
Halca,0,3,3
Halcion,0,3,3
Halcon,3,0,3
Halcyon,3,0,3
Halcyone,0,3,3
Haldar,3,0,3
Halde,3,0,3
Haldemar,3,0,3
Halden,3,0,3
Haldo,3,0,3
Haldy,0,3,3
Halè,0,3,3
Haleem,0,3,3
Haleemata,0,3,3
Halef,3,0,3
Halegül,0,3,3
Hâlegül,0,3,3
Haleigh,0,3,3
Haleigha,0,3,3
Halek,3,0,3
Halen,3,0,3
Hâlenur,0,3,3
Halevi,0,3,3
Haley-Jade,0,3,3
Haleyiana,0,3,3
Halfdan,3,0,3
Halfra,3,0,3
Halgan,0,3,3
Halgün,3,0,3
Halia,0,3,3
Haliaeetus,3,0,3
Halicha,0,3,3
Hâlid,3,0,3
Halidhan,3,0,3
Halidja,0,3,3
Halidjan,0,3,3
Halidu,3,0,3
Halie,0,3,3
Haliem,3,0,3
Haliemagatoen,0,3,3
Haliemah,0,3,3
Halien,0,3,3
Halif,3,0,3
Halihma,0,3,3
Haliim,3,0,3
Halijah,0,3,3
Halíka,0,3,3
Hâlil,3,0,3
Halîl,3,0,3
Halil-Can,3,0,3
Halil-Ersan,3,0,3
Halil-Ibrahim,3,0,3
Halilbrahim,3,0,3
Halile,0,3,3
Halilefe,3,0,3
Halilmert,3,0,3
Haliltalha,3,0,3
Halilullah,3,0,3
Halima-Saadia,0,3,3
Halimaghatoenisha,0,3,3
Halimanisa,0,3,3
Halimaria,0,3,3
Halimatu,0,3,3
Halimatus,0,3,3
Halimcan,3,0,3
Halimen,0,3,3
Halimenisa,0,3,3
Halimenur,0,3,3
Halimot,0,3,3
Halimotshadia,0,3,3
Halin,3,0,3
Halinde,0,3,3
Halines,3,0,3
Halisa,0,3,3
Halisă,0,3,3
Halitcan,3,0,3
Haliva,0,3,3
Haliye,0,3,3
HALJ,0,3,3
Halkaut,3,0,3
Halko,3,0,3
Hallam,3,0,3
Hallard,3,0,3
Hallat,0,3,3
Halldis,0,3,3
Halldor,3,0,3
Halledor,3,0,3
Halleen,0,3,3
Halleh,0,3,3
Halleli,0,3,3
Halleluja,0,3,3
Halleluya,3,0,3
Halleluyah,0,3,3
Hallery,0,3,3
Halliday,0,3,3
Hallimagatoen,0,3,3
Halliman,0,3,3
Hallimatu,0,3,3
Hallisa,0,3,3
Hallouma,0,3,3
Hallowanger,3,0,3
Hallulies,0,3,3
Halmahera,3,0,3
Halmat,3,0,3
Halmer,3,0,3
Halobihon,3,0,3
Halouma,0,3,3
Halsted,3,0,3
Halsten,3,0,3
Halu,3,0,3
Halük,3,0,3
Halum,0,3,3
Halusein,3,0,3
Haluska,0,3,3
Haluszka,0,3,3
Haluwest,3,0,3
Halvdan,3,0,3
Halýna,0,3,3
Halyot,3,0,3
Hamady,3,0,3
Hamail,0,3,3
Hamala,3,0,3
Hamama,0,3,3
Hamamin,0,3,3
Hamanja,0,3,3
Hamara,0,3,3
Hamarah,0,3,3
Hamasah,0,3,3
Hamasat,0,3,3
Hamat,3,0,3
Hamaun,3,0,3
Hamawandy,3,0,3
Hamayl,3,0,3
Hamayoen,3,0,3
Hamayon,3,0,3
Hamayoon,3,0,3
Hambote,3,0,3
Hamco,3,0,3
Hamdaa,0,3,3
Hamdane,3,0,3
Hamde,0,3,3
Hamdhala,3,0,3
Hamdican,3,0,3
Hamdine,0,3,3
Hamdiyah,0,3,3
Hamdja,3,0,3
Hamdouni,3,0,3
Hamduniye,0,3,3
Hamé,3,0,3
hamed,3,0,3
Hameddo,3,0,3
Hamedi,3,0,3
Hamedullah,3,0,3
Hamedy,3,0,3
Hameeda,0,3,3
Hameedan,0,3,3
Hameer,3,0,3
Hamena,0,3,3
Hamera,0,3,3
Hamesh,3,0,3
Hamesha,0,3,3
Hamest,0,3,3
Hamez,3,0,3
Hamidagatoen,0,3,3
Hamidagtoen,0,3,3
Hamidãh,0,3,3
Hamidat,0,3,3
Hamideh,0,3,3
Hamidettin,3,0,3
Hamidi,3,0,3
Hamidin,0,3,3
Hamidine,3,0,3
Hamidiye,0,3,3
Hamidkhan,3,0,3
Hamidollah,3,0,3
Hamieda-Bano,0,3,3
Hamiida,0,3,3
Hamiijet,0,3,3
Hamina,0,3,3
Haminatou,0,3,3
Hamirah,0,3,3
Hamiro,3,0,3
Hamisa,0,3,3
Hamisch,3,0,3
Hamise,0,3,3
Hamish-John,3,0,3
Hamist,3,0,3
Hamisu,3,0,3
Hamithan,3,0,3
Hamiza,3,0,3
Hamjata,3,0,3
Hamjeet,3,0,3
Hamka,0,3,3
Hamkea,0,3,3
Hamlyn,3,0,3
Hamma,0,3,3
Hammaam,3,0,3
Hammadkhan,3,0,3
Hammady,0,3,3
Hamme,3,0,3
Hammedey,3,0,3
Hammidi,3,0,3
Hammigje,0,3,3
Hamming,3,0,3
Hamminguinho,3,0,3
Hammout,0,3,3
Hammu,0,3,3
Hammud,0,3,3
Hammudi,3,0,3
Hammur,3,0,3
Hammza,3,0,3
Hamo,3,0,3
Hamode,3,0,3
Hamoedi,3,0,3
Hamon,3,0,3
Hamond,3,0,3
Hamosa,0,3,3
Hamoudi,3,0,3
Hamoun,3,0,3
Hamour,3,0,3
Hamov,3,0,3
Hamovitsj,3,0,3
Hamparsom,3,0,3
Hampdon,3,0,3
Hampie,3,0,3
Hampique,3,0,3
Hampshire,3,0,3
Hampton,3,0,3
Hamra,0,3,3
Hamraaz,3,0,3
Hamran,3,0,3
Hamrin,3,0,3
Hamsaaniya,0,3,3
Hamsah,3,0,3
Hamsha,0,3,3
Hamsi,3,0,3
Hamsija,0,3,3
Hamsika,0,3,3
Hamsin,3,0,3
Hamsjah,0,3,3
Hamsurhagatoen,0,3,3
Hamuera,3,0,3
Hamusa,3,0,3
Hamuu,3,0,3
Hamwar,3,0,3
Hamy,0,3,3
Hamya,3,0,3
Hamyo,0,3,3
Hamza-Jan,3,0,3
Hamza-Kadir,3,0,3
Hamza-Mert,3,0,3
Hamza-Mokhtar,3,0,3
Hamzabilal,3,0,3
Hamzae,3,0,3
Hamzafaki,3,0,3
Hamzé,3,0,3
Hamzë,3,0,3
Hamzia,0,3,3
Hàn,3,0,3
Han-Alexander,3,0,3
Han-dan,0,3,3
Han-Diederik,3,0,3
Han-Dieu,3,0,3
Han-Kiet,3,0,3
Han-Kwang,3,0,3
Han-Lin,3,0,3
Han-Ling,0,3,3
Han-Liong,3,0,3
Han-Mark,3,0,3
Han-Max,3,0,3
Han-Menno,3,0,3
Han-Na,0,3,3
Han-Paul,3,0,3
Han-Tian,3,0,3
Han-Tsong,3,0,3
Han-We,3,0,3
Han-Yi,3,0,3
Han-Yo,3,0,3
Han-Ywan,3,0,3
Hanâ,0,3,3
Hanâa,0,3,3
Hanadie,0,3,3
Hanadje,0,3,3
Hanädy,0,3,3
Hanaè,0,3,3
Hanaê,0,3,3
Hanael,0,3,3
Hanaël,3,0,3
Hanaen,0,3,3
Hánah,0,3,3
Hanaï,0,3,3
Hanalee,0,3,3
Hanaloora,0,3,3
Hanalori,0,3,3
Hanan'ja,0,3,3
Hanan-Ali,0,3,3
Hananeel,0,3,3
Hananeh,0,3,3
Hanánjah,3,0,3
Hananje,3,0,3
Hanann,0,3,3
Hanaou,0,3,3
Hanari,0,3,3
Hanat,3,0,3
Hanatu,0,3,3
Hanaya,0,3,3
Hanbo,3,0,3
Hanc,3,0,3
Hancey,3,0,3
Hancheline,0,3,3
Hanchen,3,0,3
Hanchley,0,3,3
Handa,3,0,3
Handaijani,0,3,3
Hande-Tuğba,0,3,3
Handegül,0,3,3
Handerske,0,3,3
Handesha,0,3,3
Handi,3,0,3
Handiëlle,0,3,3
Handiye,0,3,3
Handley,0,3,3
Hando,3,0,3
Handoko,3,0,3
Handreen,3,0,3
Handri,3,0,3
Handric,3,0,3
Handriek,3,0,3
Handries,3,0,3
Handsome,3,0,3
Handy,3,0,3
Hanèdi,0,3,3
Hanedy,0,3,3
Hanée,0,3,3
Haneesha,0,3,3
Hanefa,0,3,3
Haneh,0,3,3
Haneli,0,3,3
Hanell,0,3,3
Haneloore,0,3,3
Hanene,0,3,3
Hanenur,0,3,3
Haneul,3,0,3
Haneyo,3,0,3
Háng,3,0,3
Hańg,0,3,3
Hàng,0,3,3
Hang-Le,0,3,3
Hang-Vivian,0,3,3
Hang-Yee,0,3,3
Hang-Yuk,3,0,3
Hanga,0,3,3
Hangauw,3,0,3
Hangelien,0,3,3
Hangelina,0,3,3
Hangga,3,0,3
Hangiriani,0,3,3
Hangyie,0,3,3
Hanhtrang,0,3,3
Hani-Michael,3,0,3
Haniah,0,3,3
Hanibel,0,3,3
Hanidjah,0,3,3
Hanië,0,3,3
Hanieck,3,0,3
Haniefagatoen,0,3,3
Haniefe,0,3,3
Haniele,0,3,3
Haniëlla,0,3,3
Hanifa-Sarah,0,3,3
Hanifagatoen,0,3,3
Hanifé,3,0,3
Hanifenur,0,3,3
Haniff,3,0,3
Haniffa,3,0,3
Hanifi-Deniz,3,0,3
Haniif,3,0,3
Hanijna,0,3,3
Hänik,3,0,3
Hanimzer,0,3,3
Håning,0,3,3
Hanipa,0,3,3
Hanîs,3,0,3
Hanisa,0,3,3
Hanisha,0,3,3
Hanitha,0,3,3
Hanito,0,3,3
Haniyah,0,3,3
Haniye,3,0,3
Haniyeh,0,3,3
Haniyya,3,0,3
Haniza,0,3,3
Hanjéko,3,0,3
Hanjilla,0,3,3
Hanjö,3,0,3
Hanjolette,0,3,3
Hankey,3,0,3
Hankin,3,0,3
Hankit,3,0,3
Hanle,0,3,3
Hanley,3,0,3
Hanlin,3,0,3
Hanlis,3,0,3
Hanlun,3,0,3
Hanná,0,3,3
Hanna-Alise,0,3,3
Hanna-Carolina,0,3,3
Hanna-Clara,0,3,3
Hanna-Elizabeth,0,3,3
Hanna-Floor,0,3,3
Hanna-Fronie,0,3,3
Hanna-Helena,0,3,3
Hanna-Iet,0,3,3
Hanna-Isa,0,3,3
Hanna-Joëlle,0,3,3
Hanna-José,0,3,3
Hanna-Joy,0,3,3
Hanna-Lee,0,3,3
Hanna-Lena,0,3,3
Hanna-Letteke,0,3,3
Hanna-Liena,0,3,3
Hanna-Lieske,0,3,3
Hanna-Line,0,3,3
Hanna-Linne,0,3,3
Hanna-Lotte,0,3,3
Hanna-Mae,0,3,3
Hanna-Maike,0,3,3
Hanna-Ruth,0,3,3
Hanna-Sara,0,3,3
Hanna-Theresa,0,3,3
Hanna-Vera,0,3,3
Hanna-Wille,0,3,3
Hanna-Yeshi,0,3,3
Hannaan,0,3,3
Hannach,0,3,3
Hannadea,0,3,3
Hannah-Amay,0,3,3
Hannah-Carina,0,3,3
Hannah-Eliene,0,3,3
Hannah-Faith,0,3,3
Hannah-Fé,0,3,3
Hannah-Fleur,0,3,3
Hannah-Grace,0,3,3
Hannah-Jet,0,3,3
Hannah-Jua,0,3,3
Hannah-Karen,0,3,3
Hannah-Lauren,0,3,3
Hannah-Lieke,0,3,3
Hannah-Linh,0,3,3
Hannah-Lisa,0,3,3
Hannah-lize,0,3,3
Hannah-Lize,0,3,3
Hannah-Loor,0,3,3
Hannah-Louise,0,3,3
Hannah-Lynn,0,3,3
Hannah-Mathilde,0,3,3
Hannah-Rita,0,3,3
Hannah-Tamaar,0,3,3
Hannah-Tine,0,3,3
Hannahfleur,0,3,3
Hannahilde,0,3,3
Hannahlore,0,3,3
Hannahmay,0,3,3
Hannako,0,3,3
Hannaleen,0,3,3
Hannalène,0,3,3
Hannalieke,0,3,3
Hannalien,0,3,3
Hannalise,0,3,3
Hannaliza,0,3,3
Hannalouk,0,3,3
Hannamarie,0,3,3
Hannameel,0,3,3
Hannamie,0,3,3
Hannana,0,3,3
Hannaneh,0,3,3
Hannanel,0,3,3
Hannanore,0,3,3
Hannar,3,0,3
Hannarah,0,3,3
Hannaré,0,3,3
Hannasophie,0,3,3
Hannath,3,0,3
Hannatou,0,3,3
Hannawil,0,3,3
Hanne-Beth,0,3,3
Hanne-Elise,0,3,3
Hanne-Esther,0,3,3
Hanne-Eva,0,3,3
Hanne-Floor,0,3,3
Hanne-jan,3,0,3
Hanne-Jozien,0,3,3
Hanne-Juul,0,3,3
Hanne-Lea,0,3,3
Hanne-Leen,0,3,3
Hanne-Lieke,0,3,3
Hanne-Lise,0,3,3
Hanne-Loes,0,3,3
Hanne-Lohre,0,3,3
Hanne-Lore,0,3,3
Hanne-Lynn,0,3,3
Hanne-Marei,0,3,3
Hanne-Maria,0,3,3
Hanne-mary,0,3,3
Hanne-May,0,3,3
Hanne-Meike,0,3,3
Hanne-Merel,0,3,3
Hanne-Noor,0,3,3
Hanne-Rieke,0,3,3
Hanne-rike,0,3,3
Hanne-Sien,0,3,3
Hanne-Sophie,0,3,3
Hannebeth,0,3,3
Hannechien,0,3,3
Hannechiena,0,3,3
Hannedien,0,3,3
Hannee,0,3,3
Hannegien,0,3,3
Hannegina,0,3,3
Hannegreet,0,3,3
Hannejet,0,3,3
Hannejetje,0,3,3
Hanneke-Dela,0,3,3
Hanneke-Doret,0,3,3
Hanneke-Linda,0,3,3
Hannekim,0,3,3
Hannekin,0,3,3
Hannekke,0,3,3
Hannel,0,3,3
Hannelaure,0,3,3
Hannelee,0,3,3
Hanneleih,0,3,3
Hannelena,0,3,3
Hannelide,0,3,3
Hannelief,0,3,3
Hanneliek,0,3,3
Hanneliese,0,3,3
Hanneliesje,0,3,3
Hannelieze,0,3,3
Hannelijn,0,3,3
Hannelijne,0,3,3
Hannelin,0,3,3
Hannelisa,0,3,3
Hannelita,0,3,3
Hanneliza,0,3,3
Hannelly,0,3,3
Hannelous,0,3,3
Hannelynn,0,3,3
Hannelys,0,3,3
Hannemarijn,0,3,3
Hannemie,0,3,3
Hannemiene,0,3,3
Hannemy,0,3,3
Hannennah,0,3,3
Hanner,3,0,3
Hannes-Jan,3,0,3
Hannesa,0,3,3
Hannesie,0,3,3
Hanneszoon,3,0,3
Hannetine,0,3,3
Hannetje,0,3,3
Hannewies,0,3,3
Hannewil,0,3,3
Hanniball,3,0,3
Hannick,3,0,3
Hanniefa,0,3,3
Hanniejette,0,3,3
Hanniel,3,0,3
Hannieta,0,3,3
Hannifan,0,3,3
Hannimalyun,0,3,3
Hannin,0,3,3
Hannina,0,3,3
Hannine,0,3,3
Hanning,0,3,3
Hannique,0,3,3
Hanno-Elwin,3,0,3
Hanno-Wybren,3,0,3
Hannoeske,0,3,3
Hannok,3,0,3
Hannolore,0,3,3
Hannoun,0,3,3
Hannszoon,3,0,3
Hannubal,3,0,3
Hannuël,3,0,3
Hannuschka,0,3,3
Hannye,0,3,3
Hanoek,0,3,3
Hanoem,0,3,3
Hanoeman,3,0,3
Hanoman,3,0,3
Hanoon,0,3,3
Hanosh,3,0,3
Hanoum,0,3,3
Hanoush,3,0,3
Hanqi,3,0,3
Hanraoi,3,0,3
Hanricus,3,0,3
Hanriekens,3,0,3
Hanriëta,0,3,3
Hanriëte,0,3,3
Hanrike,0,3,3
Hanrikus,3,0,3
Hanriot,3,0,3
Hanrita,0,3,3
Hanro,3,0,3
Hanroe,3,0,3
Hans-Albert,3,0,3
Hans-Andreas,3,0,3
Hans-Antonie,3,0,3
Hans-Arjen,3,0,3
Hans-Arno,3,0,3
Hans-Auke,3,0,3
Hans-Bastiaan,3,0,3
Hans-Bauke,3,0,3
Hans-Ben,3,0,3
Hans-Benno,3,0,3
Hans-Björn,3,0,3
Hans-Bruno,3,0,3
Hans-Cornelis,3,0,3
Hans-Cristiaan,3,0,3
Hans-David,3,0,3
Hans-Dirk,3,0,3
Hans-Eduard,3,0,3
Hans-Edwin,3,0,3
Hans-Egon,3,0,3
Hans-Elias,3,0,3
Hans-Evert,3,0,3
Hans-Ewout,3,0,3
Hans-Filip,3,0,3
Hans-Floris,3,0,3
Hans-Frank,3,0,3
Hans-Friedrich,3,0,3
Hans-Geert,3,0,3
Hans-George,3,0,3
Hans-Gerrit,3,0,3
Hans-Gert,3,0,3
Hans-Gijsbert,3,0,3
Hans-Gregor,3,0,3
Hans-Günter,3,0,3
Hans-Hein,3,0,3
Hans-Helmut,3,0,3
Hans-Henk,3,0,3
Hans-Herbert,3,0,3
Hans-Hermann,3,0,3
Hans-Hero,3,0,3
Hans-Hubert,3,0,3
Hans-Ingmar,3,0,3
Hans-Jaco,3,0,3
Hans-Jelmer,3,0,3
Hans-Jeroen,3,0,3
Hans-Johachim,0,3,3
Hans-Johan,3,0,3
Hans-Johannes,3,0,3
Hans-Jos,3,0,3
Hans-Jules,3,0,3
Hans-Kees,3,0,3
Hans-Kristian,3,0,3
Hans-Kurt,3,0,3
Hans-Lars,3,0,3
Hans-Lauren,3,0,3
Hans-Leo,3,0,3
Hans-Louis,3,0,3
Hans-Luc,3,0,3
Hans-Lukas,3,0,3
Hans-Marc,3,0,3
Hans-Marten,3,0,3
Hans-Martien,3,0,3
Hans-Michael,3,0,3
Hans-Mitchell,3,0,3
Hans-Olaf,3,0,3
Hans-Olav,3,0,3
Hans-Ortwin,3,0,3
Hans-peter,3,0,3
Hans-Robin,3,0,3
Hans-Rochus,3,0,3
Hans-Rudolf,3,0,3
Hans-Simon,3,0,3
Hans-Sjouke,3,0,3
Hans-Tijnen,3,0,3
Hans-Walter,3,0,3
Hans-wilt,3,0,3
Hans-Wim,3,0,3
Hans-Wolfgang,3,0,3
Hans-Wouter,3,0,3
Hansaliesje,0,3,3
Hansaraj,3,0,3
Hansbert,3,0,3
Hansbertinés,3,0,3
Hansbram,3,0,3
Hanschika,0,3,3
Hansco,3,0,3
Hansdew,3,0,3
Hansdirk,3,0,3
Hanselien,0,3,3
Hanseline,0,3,3
Hansepeter,3,0,3
Hansey,3,0,3
Hansgeorg,3,0,3
Hanshika,0,3,3
Hansiella,0,3,3
Hansien,0,3,3
Hansika,0,3,3
Hansines,3,0,3
Hansique,0,3,3
Hansita,0,3,3
Hansjelle,3,0,3
Hansjorg,3,0,3
Hansjörg,3,0,3
Hansjozef,3,0,3
Hansjürg,3,0,3
Hansjűrg,3,0,3
Hansjürg-Frans,3,0,3
Hansk,0,3,3
Hanskumar,3,0,3
Hansl,3,0,3
Hansman,3,0,3
Hansni,0,3,3
Hanspieter,3,0,3
Hansraaj,3,0,3
Hansradja,0,3,3
Hansradji,0,3,3
Hansradjia,0,3,3
Hansradjit,0,3,3
Hansraji,0,3,3
Hansranie,0,3,3
Hanssen,3,0,3
Hansvi,0,3,3
Hanswerner,3,0,3
Hanswillem,3,0,3
Hanswouter,3,0,3
Hanter,3,0,3
Hantheny,3,0,3
Hantiediwie,0,3,3
Hantina,0,3,3
Hantine,0,3,3
Hants,3,0,3
Hantsen,0,3,3
Hanuansh,3,0,3
Hanuch,3,0,3
Hanudeep,3,0,3
Hanuela,0,3,3
Hanujan,3,0,3
Hanumshah,0,3,3
Hanuš,3,0,3
Hanuschka,0,3,3
Hanusia,0,3,3
Hanwei,3,0,3
Hanwen,3,0,3
Hanwu,3,0,3
Hánxī,0,3,3
Hanxiang,3,0,3
Hanye,0,3,3
Hanyeh,0,3,3
Hanyn,0,3,3
Hanysha,0,3,3
Hanyu,3,0,3
Hanza,3,0,3
Hanzallah,3,0,3
Hanzele,3,0,3
Hanzhe,3,0,3
Hanzina,0,3,3
Hanzla,3,0,3
Hāo,3,0,3
Háo,3,0,3
hao,3,0,3
Hao-Chen,3,0,3
Hao-Chi,3,0,3
Hao-Hao,3,0,3
Hao-hsüan,3,0,3
Hao-Jie,3,0,3
Hao-Khan,3,0,3
Hao-Lei,3,0,3
Hao-Nam,3,0,3
Hao-Ting,3,0,3
Hao-Wei,3,0,3
Haobo,3,0,3
Haodi,3,0,3
Haofong,3,0,3
Haohin,3,0,3
Haoittef,0,3,3
Haojie,3,0,3
Haojun,3,0,3
Haokai,3,0,3
Haole,3,0,3
Haoming,3,0,3
Haong,3,0,3
Haoqing,3,0,3
Haoquan,3,0,3
Haor,3,0,3
Haoraa,0,3,3
Haossajn,3,0,3
Haouae,0,3,3
Haouari,3,0,3
Haouaria,0,3,3
Haouida,0,3,3
Haoulatou,0,3,3
Haowa,0,3,3
Haoxuan,3,0,3
Haoyi,3,0,3
Haoyuan,0,3,3
Haozin,0,3,3
Haozun,3,0,3
Hapisa,0,3,3
Haplo,3,0,3
Happily,0,3,3
Happuck,0,3,3
Happyness,0,3,3
Hapsuno,3,0,3
haq,3,0,3
Haqeem,3,0,3
Haque,3,0,3
Haquila,0,3,3
Har-Lee,3,0,3
Harabi,3,0,3
Harada,0,3,3
Haradin,3,0,3
Haradina,3,0,3
Haralambos,3,0,3
Haralampos,3,0,3
Harald-Alexander,3,0,3
Harald-David,3,0,3
Harald-Embert,3,0,3
Harald-Peter,3,0,3
Harald-Willem,3,0,3
Harald-Wim,3,0,3
Haraldien,0,3,3
Haraldine,0,3,3
Haraldo,3,0,3
Haraldsson,3,0,3
Haraldstad,3,0,3
Haraldszoon,3,0,3
Harana,0,3,3
Haranka,0,3,3
Harany,0,3,3
Harard,3,0,3
Hararit,0,3,3
Harashpal,3,0,3
Harathi,0,3,3
Harbancekoemar,3,0,3
Harbancekumar,3,0,3
Harbar,3,0,3
Harbart,3,0,3
Harbartha,0,3,3
Harbedina,0,3,3
Harberd,3,0,3
Harbertdine,0,3,3
Harbi,0,3,3
Harbin,3,0,3
Harbind,3,0,3
Harbinder,3,0,3
Harbir,3,0,3
Harboe,3,0,3
Harbourn,3,0,3
Harbrandt,3,0,3
Harcent,3,0,3
Harchal,3,0,3
Harchharn,3,0,3
Harcola,0,3,3
Harcolien,0,3,3
Harcolientje,0,3,3
Hardcore,3,0,3
Hardee,0,3,3
Hardei,0,3,3
Hardeie,0,3,3
Hardewina,0,3,3
Hardewperkas,3,0,3
Hardey,3,0,3
Hardger,3,0,3
Hardhio,3,0,3
Hardian,3,0,3
Hardic,3,0,3
Hardie,0,3,3
Hardien,3,0,3
Hardilpreet,3,0,3
Hardine,0,3,3
Hardini,0,3,3
Hardip,3,0,3
Hardiyanti,3,0,3
Hardj,3,0,3
Hardjari,0,3,3
Hardjensley,3,0,3
Hardjitsingh,3,0,3
Hardly,3,0,3
Hardmoed,3,0,3
Harduine,0,3,3
Hardwich,3,0,3
Hardyono,3,0,3
Hardyputera,3,0,3
Hare,3,0,3
Haredin,3,0,3
Hareed,0,3,3
Hareël-Heinrich,3,0,3
Haregu,0,3,3
Hareijna,0,3,3
Harèl,0,3,3
Härel,3,0,3
Harel,3,0,3
Harem,3,0,3
Haremie,0,3,3
Haremond,3,0,3
Harenda,0,3,3
Haresdath,3,0,3
Harésh,3,0,3
Hareth,3,0,3
Harette,0,3,3
Hareune,3,0,3
Harevan,3,0,3
Harewich,0,3,3
Harez,3,0,3
Harfandie,0,3,3
Harfateh,3,0,3
Harfer,3,0,3
Harge,3,0,3
Hargert,3,0,3
Hargitt,0,3,3
Hargo,3,0,3
Hargon,3,0,3
Hargorv,3,0,3
Hargreaves,3,0,3
Hargriet,0,3,3
Hargurjit,3,0,3
Harhangi,3,0,3
Harhold,3,0,3
Harhon,3,0,3
Hària,3,0,3
Hariah,0,3,3
Hariananda,0,3,3
Hariano,3,0,3
Hariar,0,3,3
Hariaste,0,3,3
Hariaty,0,3,3
Haribachan,3,0,3
Haribans,3,0,3
Haricha,0,3,3
Harichand,3,0,3
Harichandre,3,0,3
Haricharan,3,0,3
Haricides,3,0,3
Haricus,3,0,3
Haridas,3,0,3
Haridatpersad,3,0,3
Haridev,3,0,3
Haridimos,3,0,3
Haridu,3,0,3
Hariduth,3,0,3
Hárie,3,0,3
Harieëtte,0,3,3
Hariejet,0,3,3
Hariëm,3,0,3
Hariën,3,0,3
Harienne,0,3,3
Hariesch,3,0,3
Hariesh,3,0,3
Harièt,0,3,3
Hariëte,0,3,3
Hariètte,0,3,3
Hariėtte,0,3,3
Hariëttha,0,3,3
Hariewa,0,3,3
Harig,3,0,3
Hariggie,0,3,3
Hariharan,3,0,3
Hariishan,3,0,3
Harij,3,0,3
Harija,0,3,3
Harijan,3,0,3
Harijani,0,3,3
Harijanti,0,3,3
Harijantie,0,3,3
Harijeta,0,3,3
Harijetta,0,3,3
Harijke,0,3,3
Harijn,3,0,3
Harijna,0,3,3
Harijono,3,0,3
Harike,0,3,3
Harikisoen,3,0,3
Harikleia,0,3,3
Harikrishna,3,0,3
Harikus,3,0,3
Harindra,3,0,3
Harindro,3,0,3
Hariny,0,3,3
Hario,3,0,3
Harioetomo,3,0,3
Harion,0,3,3
Hariowald,3,0,3
Harip,3,0,3
Haripranoto,3,0,3
Haripriya,0,3,3
Haris-Bin,3,0,3
Harisaan,3,0,3
Harisaran,3,0,3
Harishchand,3,0,3
Harishini,0,3,3
Harishkumar,3,0,3
Harishvardhan,3,0,3
Harisios,3,0,3
Harisla,0,3,3
Harison,3,0,3
Hariss,3,0,3
Harissa,0,3,3
Harisvar,3,0,3
Hariththiran,3,0,3
Haritina,0,3,3
Haritz,3,0,3
Hariwin,3,0,3
Hariyama,3,0,3
Hariyani,0,3,3
Hariyati,0,3,3
Hariyo,3,0,3
Hariz,3,0,3
Harjaap,3,0,3
Harjadi,3,0,3
Harjanneke,0,3,3
Harjanti,0,3,3
Harjanto,3,0,3
Harjap,3,0,3
Harjas,0,3,3
Harjeevan,3,0,3
Harjindar,3,0,3
Harjirje,0,3,3
Harjoban,3,0,3
Harjoot,3,0,3
Harjulian,3,0,3
Harjyoti,0,3,3
Harka'a,3,0,3
Harkalaus,3,0,3
Harke-Hugo,3,0,3
Harke-Pauwel,3,0,3
Harkea,0,3,3
Harkeliena,0,3,3
Harkeline,0,3,3
Harkens,3,0,3
Harkers,3,0,3
Harkesh,3,0,3
Harkiena,0,3,3
Harko-Jan,3,0,3
Harkoba,0,3,3
Harkoby,0,3,3
Harkodina,0,3,3
Harkolien,0,3,3
Harkoliena,0,3,3
Harkolinus,3,0,3
Harkon,3,0,3
Harkoriena,0,3,3
Harkoson,3,0,3
Harkül,3,0,3
Harl,3,0,3
Harla,0,3,3
Harle,0,3,3
Harlean,0,3,3
Harleey,3,0,3
Harleigh,3,0,3
Harlém,3,0,3
Harlenne,0,3,3
Harlet,0,3,3
Harley-Amaryllis,0,3,3
Harley-Anna,0,3,3
Harley-Dean,3,0,3
Harley-Ed,3,0,3
Harley-Hendrik,3,0,3
Harley-Jane,0,3,3
Harleyette,0,3,3
Harleynn,0,3,3
Harliana,0,3,3
Harlie,3,0,3
Harlieda,0,3,3
Harlij,3,0,3
Harlin,0,3,3
Harlindus,0,3,3
Harlissa,0,3,3
Harliza,0,3,3
Harlochan,3,0,3
Harlod,3,0,3
Harlolena,0,3,3
Harlon,3,0,3
Harlyne,0,3,3
Harlynn,0,3,3
Harm-Alle,3,0,3
Harm-Anton,3,0,3
Harm-Bastiaan,3,0,3
Harm-Berend,3,0,3
Harm-Chris,3,0,3
Harm-Fokko,3,0,3
Harm-Geert,3,0,3
Harm-Geurt,3,0,3
Harm-Ids,3,0,3
Harm-jan,3,0,3
Harm-Jannes,3,0,3
Harm-Jeen,3,0,3
Harm-Jelle,3,0,3
Harm-Jet,0,3,3
Harm-Klaas,3,0,3
Harm-Kornelis,3,0,3
Harm-Luit,3,0,3
Harm-Oebele,3,0,3
Harm-Peter,3,0,3
Harm-Riekele,3,0,3
Harm-Roel,3,0,3
Harm-Roelof,3,0,3
Harm-Roland,3,0,3
Harm-Thijs,3,0,3
Harm-Thomas,3,0,3
Harm-Tjeerd,3,0,3
Harm-Wabe,3,0,3
Harm-Wiebe,3,0,3
Harm-Wolter,3,0,3
Harm-Wouter,3,0,3
Harm-Ydo,3,0,3
Harma-Jane,0,3,3
Harmaagje,0,3,3
Harmaan,3,0,3
Harmada,0,3,3
Harmalina,0,3,3
Harmaline,0,3,3
Harmanas,3,0,3
Harmandes,3,0,3
Harmandi,0,3,3
Harmanis,3,0,3
Harmanius,3,0,3
Harmanja,0,3,3
Harmanjit,0,3,3
Harmanneke,0,3,3
Harmanni,0,3,3
Harmanno,3,0,3
Harmannus-Homme,3,0,3
Harmannus-Sjoerd,3,0,3
Harmanny,0,3,3
Harmano,3,0,3
Harmanprit,3,0,3
Harmanse,0,3,3
Harmara,3,0,3
Harmari,0,3,3
Harmaria,0,3,3
Harmarien,0,3,3
Harmarijn,0,3,3
Harmathea,0,3,3
Harmauw-Michaël,3,0,3
Harmberend,0,3,3
Harmca,0,3,3
Harmé,3,0,3
Harméa,0,3,3
Harmedro,3,0,3
Harmée,0,3,3
Harmein,0,3,3
Harmél,3,0,3
Harmelia,0,3,3
Harmélie,0,3,3
Harmelijn,0,3,3
Harmely,0,3,3
Härmely,0,3,3
Harmen-Jetze,3,0,3
Harmen-Luut,3,0,3
Harmen-Pieter,3,0,3
Harmen-Roel,3,0,3
Harmen-Steff,3,0,3
Harmen-Taeke,3,0,3
Harmen-Thomas,3,0,3
Harmen-Tijs,3,0,3
Harmen-Tjeerd,3,0,3
Harmen-Tom,3,0,3
Harmen-Willem,3,0,3
Harmena,0,3,3
Harmendina,0,3,3
Harmenna,0,3,3
Harmensz,3,0,3
Harmenszoon,3,0,3
Harmentine,0,3,3
Harmenus,3,0,3
Harmer,3,0,3
Harmger,3,0,3
Harmhan,3,0,3
Harmiek,0,3,3
Harmiel,3,0,3
Harmieneke,0,3,3
Harmiënne,0,3,3
Harmijke,0,3,3
Harmijndert,3,0,3
Harmike,0,3,3
Harmilde,0,3,3
Harmin,3,0,3
Harmina-Aaltje,0,3,3
Harmina-Cornelia,0,3,3
Harmina-Johanna,0,3,3
Harminda,0,3,3
Harminderjeet,3,0,3
Harminderjit,3,0,3
Harmindra,3,0,3
Harmini,0,3,3
Harminie,0,3,3
Harminnus,3,0,3
Harmione,0,3,3
Harmit,0,3,3
Harmita,0,3,3
HarmJan,3,0,3
Harmjan-Hilco,3,0,3
Harmjannus,3,0,3
Harmke-Margje,0,3,3
Harmke-Willemtje,0,3,3
Harmkea,0,3,3
Harmkina,0,3,3
Harmman,3,0,3
Harmmanda,0,3,3
Harmmanus,3,0,3
Harmmiena,0,3,3
Harmmijntje,0,3,3
Harmohat,3,0,3
Harmond,3,0,3
Harmondo,3,0,3
Harmone,0,3,3
Harmonyeliz,0,3,3
Harmpie,0,3,3
Harmszoon,3,0,3
Harmtijn,3,0,3
Harmtin,0,3,3
Harmtjebuter,0,3,3
Harmtjen,0,3,3
Harmyn,0,3,3
Harn,3,0,3
Harnald,3,0,3
Harnaldo,3,0,3
Harnalies,0,3,3
Harnam,3,0,3
Harnan,3,0,3
Harnananpersad,3,0,3
Harnandan,3,0,3
Harnek,3,0,3
Harnell,3,0,3
Harnet,0,3,3
Harnia,0,3,3
Harnienke,0,3,3
Harnifer,0,3,3
Harnil,3,0,3
Harnit,0,3,3
Harnita,0,3,3
Harnolda,0,3,3
Harnolie,0,3,3
Harnuur,3,0,3
Haroel,3,0,3
Haroen-al-Rashied,3,0,3
Haroenalrashied,3,0,3
Haroet,3,0,3
Haroetjoen,3,0,3
Harold-Benno,3,0,3
Harold-Doa,3,0,3
Harold-Jean,3,0,3
Harold-Quinten,3,0,3
Harolda,0,3,3
Haroldszoon,3,0,3
Haroldyna,0,3,3
Harolej,0,3,3
Harolina,0,3,3
Harone,3,0,3
Haronia,0,3,3
Harou,3,0,3
Harouschka,0,3,3
Haroutioun,3,0,3
Harowati,0,3,3
Harozoe,0,3,3
Harpeet,0,3,3
Harper-Rose,0,3,3
Harper-Seven,0,3,3
Harpersad,3,0,3
Harpertsz,3,0,3
Harphey,3,0,3
Harpina,0,3,3
Harpinder,0,3,3
Harprit,3,0,3
Harra,3,0,3
Harram,0,3,3
Harran,0,3,3
Harrand,3,0,3
Harremanus,3,0,3
Harret,3,0,3
Harrewiena,0,3,3
Harriana,0,3,3
Harriano,3,0,3
Harriat,0,3,3
Harrica,0,3,3
Harrick,3,0,3
Harricke,0,3,3
Harridat,3,0,3
Harridew,3,0,3
Harrie-Jette,0,3,3
Harriean,3,0,3
Harrieana,0,3,3
Harrieët,0,3,3
Harrieëtte,0,3,3
Harriejette,0,3,3
Harrien,3,0,3
Harriene,0,3,3
Harrienke,0,3,3
Harriepersad,3,0,3
Harries,3,0,3
Harrïet,0,3,3
Harriét,0,3,3
Harriet-Ann,0,3,3
Harriët-Kafula,0,3,3
Harriëta-Papatya,0,3,3
Harriete,0,3,3
Harriethe,0,3,3
Harriétte,0,3,3
Harriëttegisla,0,3,3
Harriëttha,0,3,3
Harriettine,0,3,3
Harrïjan,3,0,3
Harrijanne,0,3,3
Harrijantie,0,3,3
Harrijella,0,3,3
Harrijette,0,3,3
Harrijke,0,3,3
Harrik,3,0,3
Harrinarain,3,0,3
Harrinx,3,0,3
Harriolus,3,0,3
Harrion,3,0,3
Hárris,3,0,3
Harrisa,0,3,3
Harrisaran,3,0,3
Harrish,3,0,3
Harrish-Chander,3,0,3
Harrita,0,3,3
Harrits,3,0,3
Harrius,3,0,3
Harrjith,3,0,3
Harroon,3,0,3
Harrosetta,0,3,3
Harroun,3,0,3
Harrÿ,3,0,3
Harry-Alexander,3,0,3
Harry-Ann,0,3,3
Harry-Anton,3,0,3
Harry-Antoonii,3,0,3
Harry-Dorus,3,0,3
Harry-Frans,3,0,3
Harry-Herman,3,0,3
Harry-Imre,3,0,3
Harry-Jay,3,0,3
Harry-Job,3,0,3
Harry-John,3,0,3
Harry-Karel,3,0,3
Harry-Loek,3,0,3
Harry-Nicolas,3,0,3
Harry-Niek,3,0,3
Harry-persad,3,0,3
Harry-Willem,3,0,3
Harry-Winai,3,0,3
Harryando,3,0,3
Harrychan,3,0,3
Harrychand,3,0,3
Harrydat,3,0,3
Harrydath,3,0,3
Harryenderpersad,3,0,3
Harryët,0,3,3
Harryèt,0,3,3
Harryëtta,0,3,3
Harryjan,3,0,3
Harryjette,0,3,3
Harrykrishnan,3,0,3
Harrykrishne,3,0,3
Harrylène,0,3,3
Harryman,3,0,3
Harrymin,3,0,3
Harrynarainsing,3,0,3
Harrynette,0,3,3
Harryono,3,0,3
Harryprakash,3,0,3
Harryprasad,3,0,3
Harrys,3,0,3
Harrysimon,3,0,3
Harrysing,3,0,3
Harrysom,3,0,3
Harrytje,3,0,3
Harrytsje,0,3,3
Harryus,3,0,3
Harryzon,3,0,3
Hars,3,0,3
Harsemran,0,3,3
Harshaan,3,0,3
Harshad,3,0,3
Harshal,0,3,3
Harshan,3,0,3
Harsharan,0,3,3
Harshdeep,3,0,3
Harsher,3,0,3
Harshmeet,0,3,3
Harshvardhan,3,0,3
Harshwati,0,3,3
Harshwatie,0,3,3
Harshwier,3,0,3
Harsimar,0,3,3
Harsimrat,0,3,3
Harsoyo,3,0,3
Harspreet,3,0,3
Harsukhjit,3,0,3
Harsyanti,0,3,3
Hart-Jan,3,0,3
Harta,0,3,3
Hartana,3,0,3
Harteij,3,0,3
Harten,3,0,3
Hartenberg,3,0,3
Hartfried,3,0,3
Hartgerina,0,3,3
Hartgest,3,0,3
Harthe,0,3,3
Harti,0,3,3
Harti-Luis,3,0,3
Hartie,3,0,3
Hartine,0,3,3
Harting,3,0,3
Hartjon,3,0,3
Hartliefje,0,3,3
Hartlyn,0,3,3
Hartmoed,3,0,3
Hartoch,3,0,3
Hartoko,3,0,3
Hartopraijetno,3,0,3
Harts,3,0,3
Hartwick,3,0,3
Hartwicus,3,0,3
Hartwiek,3,0,3
Hartwijn,3,0,3
Hartwin,3,0,3
Harue,0,3,3
Harufa,0,3,3
Haruko,0,3,3
Hârun,3,0,3
Harunah,3,0,3
Haruneren,3,0,3
Harunia,0,3,3
Harunkumar,3,0,3
Haruno,0,3,3
Haruo,3,0,3
Harutiun,3,0,3
Harutsyun,3,0,3
Haruur,3,0,3
Harva,0,3,3
Harvelina,0,3,3
Harvelinio,3,0,3
Harvelino,3,0,3
Harvely,0,3,3
Harveny,3,0,3
Harvest,0,3,3
Harvidge,3,0,3
Harvieks,3,0,3
Harviënny,0,3,3
Harvik,3,0,3
Harvilaina,0,3,3
Harvina,0,3,3
Harvinsley,3,0,3
Harvionne,0,3,3
Harviron,3,0,3
Harvrey,3,0,3
Harvydione,3,0,3
Harwati,0,3,3
Harwein,3,0,3
Harwi,3,0,3
Harwie,3,0,3
Harwien,0,3,3
Harwill,3,0,3
Harwout,3,0,3
Hary-Yanto,3,0,3
Haryan,3,0,3
Haryano,3,0,3
Haryash,3,0,3
Haryella,0,3,3
Haryen,3,0,3
Haryendra,3,0,3
Haryette,0,3,3
Harym,3,0,3
Harynette,0,3,3
Haryo,3,0,3
Haryono,3,0,3
Haryshan,3,0,3
Harzien,0,3,3
Harzijin,0,3,3
Harzratali,3,0,3
Hasadek,3,0,3
Hasadiah,3,0,3
Hasal,0,3,3
Hasan-Ali,3,0,3
Hasan-ata,3,0,3
Hasan-Murat,3,0,3
Hasan-Ugur,3,0,3
Hasanaen,3,0,3
Hasanatoe,0,3,3
Hasandi,0,3,3
Hasane,3,0,3
Hasaneren,3,0,3
Hasanhüseyin,3,0,3
Hasanhuseyin,3,0,3
Hasanı,3,0,3
Hasania,0,3,3
Hasanija,0,3,3
Hasanladif,3,0,3
Hasannah,0,3,3
Hasansalih,3,0,3
Hasanzal,3,0,3
Hasarfan,0,3,3
Hasat,0,3,3
Hasb,3,0,3
Hasbelkarim,3,0,3
Hasbiye,0,3,3
Hascar,3,0,3
Hascha,0,3,3
Hasco,3,0,3
Hasdrubal,3,0,3
Hasebulla,3,0,3
Haseeba,0,3,3
Haseerat,0,3,3
Haselina,0,3,3
Hasely,3,0,3
Hasen,3,0,3
Hasenaat,0,3,3
Hasfa,0,3,3
Hasha,0,3,3
Hashaam,3,0,3
Hashansha,3,0,3
Hashar,0,3,3
Hashatun,0,3,3
Hashen,3,0,3
Hashleen-Kaur,0,3,3
Hashmatali,3,0,3
Hashvit,3,0,3
Haşian,3,0,3
Hasiballah,3,0,3
Hasibollah,3,0,3
Hasibus,3,0,3
Hasieba,0,3,3
Hasiebula,3,0,3
Hasiem,3,0,3
Hasien,0,3,3
Hasime,0,3,3
Hasin,3,0,3
Hasinagatoen,0,3,3
Hasinah,0,3,3
Hasinus,3,0,3
Hasip,3,0,3
Hasiret,0,3,3
Hasis,3,0,3
Hasiyah,0,3,3
Hasiybe,0,3,3
Hasiye,0,3,3
Hasiyne,0,3,3
Hasjar,0,3,3
Hasje,3,0,3
Hasjer,3,0,3
Hasken,3,0,3
Haskje,0,3,3
Haslino,3,0,3
Hasmat,3,0,3
Hasmathrai,3,0,3
Hasmatia,0,3,3
Haşmethan,3,0,3
Hasmi,3,0,3
Hasmid,3,0,3
Hasmieu,3,0,3
Hasmig,0,3,3
Hasminder,3,0,3
Hasmoenisa,0,3,3
Hasnáa,0,3,3
Hasnaâ,0,3,3
Hasnaat,3,0,3
Hasnain-Raza,3,0,3
Hasnan,3,0,3
Hasnän,3,0,3
Hasnein,3,0,3
Hasnija,0,3,3
Hasniya,0,3,3
Hasnoedin,3,0,3
Hasnudin,3,0,3
Haso,3,0,3
Hasor,3,0,3
Haspert,3,0,3
Hasra,0,3,3
Hasred,0,3,3
Hasroennisa,0,3,3
Hasrun,3,0,3
Hassaan-Hasnayn,3,0,3
Hassam,3,0,3
Hassan-Ali,3,0,3
Hassan-Id,3,0,3
Hassanal,3,0,3
Hassane,3,0,3
Hassanen,3,0,3
Hassanin,3,0,3
Hasseen,3,0,3
Hasseena,0,3,3
Hasselien,0,3,3
Hasselina,0,3,3
Hasseltsje,0,3,3
Hassem,3,0,3
Hassena,0,3,3
Hassenat,0,3,3
Hassi,3,0,3
Hassia,0,3,3
Hassibullah,3,0,3
Hassine,3,0,3
Hassira,0,3,3
Hassnaâ,0,3,3
Hassnaa,0,3,3
Hassnain,3,0,3
Hassnen,3,0,3
Hassnia,0,3,3
Hasson,3,0,3
Hast,3,0,3
Hastam,3,0,3
Haster,0,3,3
Hastiin,3,0,3
Hastin,3,0,3
Hastings,3,0,3
Hastoohi,0,3,3
Hastuti,0,3,3
Hastyan,3,0,3
Hasudungan,3,0,3
Hasuuna,3,0,3
Hasvita,0,3,3
HAT,0,3,3
Hatapon,0,3,3
Hatarou,3,0,3
Hatasoeka,0,3,3
Hatay,3,0,3
Hatça,0,3,3
Hatch,3,0,3
Hateau,3,0,3
Hatema,0,3,3
Hateme,0,3,3
Hates,3,0,3
Hateya,0,3,3
Hatha,3,0,3
Hathem,3,0,3
Hathi,0,3,3
Hathim,3,0,3
Hathor,0,3,3
Hathrit,3,0,3
Hathu,0,3,3
Hatîce,0,3,3
Hâtice,0,3,3
Hatice'tül,0,3,3
Hatice'tül-Kübra,0,3,3
Hatice-i,0,3,3
Hatice-Rümeysa,0,3,3
Hatice-Sedef,0,3,3
Haticehanim,0,3,3
Haticeikübra,0,3,3
Haticenaz,0,3,3
Haticezülal,0,3,3
Hatidza,0,3,3
Hatidźa,0,3,3
Hatigoran,3,0,3
Hatike,0,3,3
Hatikwa,0,3,3
Hatima,0,3,3
Hatimah,0,3,3
Hatimbhai,3,0,3
Hatime,0,3,3
Hatina,0,3,3
Hatinah,0,3,3
Hatiwé,0,3,3
Hatiyca,0,3,3
Hatmane,0,3,3
Hatmoko,3,0,3
Hatomi,0,3,3
Hatsa,0,3,3
Hattapikeij,0,3,3
Hattar,3,0,3
Hattaya,0,3,3
Hattice,0,3,3
Hattim,3,0,3
Hattirsatha,3,0,3
Hatuai,3,0,3
Hatuc,0,3,3
Hatuniasa,3,0,3
Hatyate,0,3,3
Hatzdaqah,3,0,3
Hatziri,3,0,3
Hâu,0,3,3
Hau-Lim,3,0,3
Hau-yi,0,3,3
Hau-Yin,3,0,3
Hau-Yung,3,0,3
Hauar,3,0,3
Hauatef,0,3,3
Hauber,3,0,3
Haubrey,0,3,3
Haugen,3,0,3
Haujien,0,3,3
Haukar,3,0,3
Hauke-Jan,3,0,3
Haukedina,0,3,3
Haukeli,0,3,3
Haukelina,0,3,3
Haun,3,0,3
Haunaz,0,3,3
Hauraa,0,3,3
Hauraki,3,0,3
Haureija,0,3,3
Hauschultz,0,3,3
Hausep,3,0,3
Hauta,3,0,3
Hauw-Kiong,3,0,3
Hauwa,0,3,3
Hauwe,3,0,3
Hauwelina,0,3,3
Hauwert,3,0,3
Hauwiar,3,0,3
Hauwiene,0,3,3
Hauwine,0,3,3
Hauwwa,0,3,3
Hauyan,0,3,3
Hauyu,3,0,3
Hauzjin,3,0,3
Havaana,0,3,3
Havacan,0,3,3
Havadis,3,0,3
Havaf,0,3,3
Havanah,0,3,3
Havanli,0,3,3
Havanne,0,3,3
Havas,3,0,3
Havaska,0,3,3
Have,3,0,3
Haved,3,0,3
Havelaar,3,0,3
Havelina,0,3,3
Havenne,0,3,3
Havic,3,0,3
Havick,3,0,3
Havicka,0,3,3
Havid,3,0,3
Havikja,0,3,3
Havillah,0,3,3
Havina,0,3,3
Havink,3,0,3
Havisha,0,3,3
Havita,0,3,3
Haviva,0,3,3
Haviz,3,0,3
Haviza,0,3,3
Havran,3,0,3
Havren,3,0,3
Havvaana,0,3,3
Havvadilek,0,3,3
Havvagül,0,3,3
Havvana,0,3,3
Havvanisa,0,3,3
Hawa-Kobor,0,3,3
Hawa-Marie,0,3,3
Hawai,0,3,3
Hawaii,3,0,3
Hawaikiroakahukura,3,0,3
Hawalli,3,0,3
Hawanadar,0,3,3
Hawanatu,0,3,3
Hawanda,0,3,3
Hawaou,0,3,3
Hawash,3,0,3
Hawazin,3,0,3
Hawbir,3,0,3
Hawdem,3,0,3
Hawdin,3,0,3
Hawéa,3,0,3
Hawea,0,3,3
Haweed,3,0,3
Haween,3,0,3
Hawikjo,3,0,3
Hawilson,3,0,3
Hawjar,3,0,3
Hawk,3,0,3
Hawodhol,0,3,3
Hawraz,3,0,3
Hawree,0,3,3
Hawren,0,3,3
Hawsang,3,0,3
Hawthorne,3,0,3
Hawwaa-Nour,0,3,3
Hawya,0,3,3
Hawyah,0,3,3
Hax,3,0,3
Haxhi,3,0,3
Haxhino,3,0,3
Hay-ing,3,0,3
Hay-Liang,3,0,3
Hay-Linn,0,3,3
Hay-Nan,3,0,3
Hayaath,0,3,3
Hayabusa,3,0,3
Hayanne,0,3,3
Hayao,3,0,3
Hayarpi,0,3,3
Hayasdan,3,0,3
Hayashi,3,0,3
Hayatida,0,3,3
Hayatim,3,0,3
Hayatım,0,3,3
Hayato,3,0,3
Haybado,0,3,3
Haybar,3,0,3
Haybe,3,0,3
Haycan,3,0,3
Hayck,3,0,3
Hayckes,3,0,3
Hayd'n,3,0,3
Haydak,3,0,3
Haydara,3,0,3
Haydarcan,3,0,3
Haydény,0,3,3
Hayderali,3,0,3
Haydia,0,3,3
Haydie-Ann,0,3,3
Haydioliene,0,3,3
Haydir,3,0,3
Häydn,3,0,3
Haydo,3,0,3
Haydren,3,0,3
Haydrian,3,0,3
Haydrick,3,0,3
Haydrisha,0,3,3
Haydyn,3,0,3
Háye,3,0,3
Hayed,0,3,3
Hayek,3,0,3
Hayelnur,0,3,3
Hayganuş,0,3,3
Hayganus,0,3,3
Haygo,0,3,3
Hayim,3,0,3
Hayina,0,3,3
Hayine,0,3,3
Hayirli,0,3,3
Hayje,3,0,3
Hayka,0,3,3
Haykanuch,0,3,3
Haykaz,3,0,3
Hayke-Vroukijn,0,3,3
Haykel,3,0,3
Haylanne,0,3,3
Haylay,0,3,3
Hayle,0,3,3
Haylee-Grace,0,3,3
Hayleigh-Jade,0,3,3
HayLey,0,3,3
Hayley-Brooklynn,0,3,3
Hayley-Jay,0,3,3
Hayley-June,0,3,3
Hayley-Lynn,0,3,3
Hayley-Rey,0,3,3
Hayley-Skye,0,3,3
Hayli,0,3,3
Hayliane,0,3,3
Haylienne,0,3,3
Haylly,0,3,3
Haylo,0,3,3
Haylssa,0,3,3
Hayly,0,3,3
Haymar,3,0,3
Haymegül,0,3,3
Haymel,3,0,3
Haymen,3,0,3
Haymo,3,0,3
Hayn,3,0,3
Haynalda,0,3,3
Haynes,3,0,3
Haynetdin,3,0,3
Haynie,0,3,3
Haynja,0,3,3
Hayno,3,0,3
Haynrig,3,0,3
Haÿo,3,0,3
Hayo-Pieter,3,0,3
Hayolien,0,3,3
Hayoline,0,3,3
Hayona,0,3,3
Hayoum,3,0,3
Hayra,0,3,3
Hayrani,3,0,3
Hayreddin,3,0,3
Hayreg,3,0,3
Hayret,0,3,3
Hayretdin,3,0,3
Hayretin,3,0,3
Hayrie,0,3,3
Hayrië,0,3,3
Hayrison,3,0,3
Hayriyenur,0,3,3
Hayron,3,0,3
Hayrullâh,3,0,3
Hayrun-Nisa,0,3,3
Hayrünisa,0,3,3
Hayrunnisâ,0,3,3
Hayrunnüsa,0,3,3
Hayruse,0,3,3
Hays,3,0,3
Haysem,3,0,3
Haysha,0,3,3
Hayske,0,3,3
Hayssam,3,0,3
Hayteme,3,0,3
Haytze,3,0,3
Hayune,0,3,3
Hayung,3,0,3
Hayuningtyas,0,3,3
Haywad,3,0,3
Haywout,3,0,3
Hayy,3,0,3
Hayyan,3,0,3
Hayzell,0,3,3
Haza,0,3,3
Hazäel,3,0,3
Hazael,3,0,3
Hazaël,0,3,3
Hazâl,0,3,3
Hazal-Tuǵçenur,0,3,3
Hazalnur,0,3,3
Hazaraab,3,0,3
Hazaratali,3,0,3
Hazarcan,3,0,3
Hazarhan,3,0,3
Hazarina,0,3,3
Hazat,3,0,3
Hazêl,0,3,3
Hazel-fleur,0,3,3
Hazel-Lee,0,3,3
Hazeliena,0,3,3
Hazelle,0,3,3
Hazemi,0,3,3
Hazemina,0,3,3
Hazena,0,3,3
Hazerien,0,3,3
Hazernur,0,3,3
Hazewina,0,3,3
Hazha,0,3,3
Haziekia,3,0,3
Hazien,0,3,3
Hazieq,3,0,3
Haziez,3,0,3
Hazifan,0,3,3
Hazinus,3,0,3
Haziqul,3,0,3
Hazir,3,0,3
Hazira,0,3,3
Haziretiali,3,0,3
Haziza,0,3,3
Hazja,0,3,3
Hazjier,3,0,3
Hazlami,3,0,3
Hazle,0,3,3
Hazmi,3,0,3
Hazmik,0,3,3
Hazna,0,3,3
Hazniye,0,3,3
Haznya,0,3,3
Hazra,0,3,3
Hazrad-Ali,3,0,3
Hazrath,3,0,3
Hazretali,3,0,3
Hazreti,3,0,3
HBA,3,0,3
Hbibha,0,3,3
HBM,3,0,3
HCG,0,3,3
HDF,3,0,3
Hdia,0,3,3
HDier,0,3,3
HDM,0,3,3
He-He,3,0,3
He-ing,0,3,3
He-Ji,0,3,3
Hé-jin,0,3,3
He-Leong,3,0,3
He-Pao,3,0,3
He-Sheng,3,0,3
Hé-Tong,0,3,3
Hè-Zhèng,3,0,3
Heabele,3,0,3
Headell,3,0,3
Headen,3,0,3
Header,3,0,3
Headij,0,3,3
Heady,0,3,3
Healani,0,3,3
Heall,3,0,3
Healle,0,3,3
Heally,3,0,3
Healow,0,3,3
Healthy,0,3,3
Heamley,0,3,3
Heang,0,3,3
Heanne,0,3,3
Heariët,0,3,3
Hearo,3,0,3
Hearou,0,3,3
Heartley,3,0,3
Heather-Ann,0,3,3
Heather-Mae,0,3,3
Heatherly,0,3,3
Heaton,3,0,3
Heaven-lee,0,3,3
Heaven-leigh,0,3,3
Heaven-Lynn,0,3,3
Heavenise,0,3,3
Heavenli,0,3,3
Heavenly-Amari,0,3,3
Heavenly-Destiny,0,3,3
Heavenly-Eden,3,0,3
Heavenly-Grace,0,3,3
Heavenly-Hope,0,3,3
Heavenly-ion,3,0,3
Heavenly-Jane,0,3,3
Heavenly-Nora,0,3,3
Heavenly-Royalty,0,3,3
Heavenly-Sharon,0,3,3
Heavenlykesia,0,3,3
Heavenlyn,0,3,3
Heavenlysha,0,3,3
Heavenlyshaira,0,3,3
Heavenna,0,3,3
Heavenny,0,3,3
Heavens,0,3,3
Heaveyley,3,0,3
Heazel,0,3,3
Heazle,0,3,3
Heb,3,0,3
Héba,0,3,3
Hebah,0,3,3
Hebatallah,0,3,3
Hebba,0,3,3
Hebbah,0,3,3
Hebbeltina,0,3,3
Hebbeltje,0,3,3
Hèbè,0,3,3
Hebechinus,3,0,3
Hebeh,0,3,3
Hebelbiena,0,3,3
Hebelbina,0,3,3
Hebelh,0,3,3
Hebelia,0,3,3
Hebeliena,0,3,3
Hebelientje,0,3,3
Hebelinda,0,3,3
Hebelyna,0,3,3
Heberdina,0,3,3
Hebertine,0,3,3
Hebichina,0,3,3
Hebiene,0,3,3
Hebip,3,0,3
Hebke,3,0,3
Hebrea,0,3,3
Hebrich,0,3,3
Hebrien,0,3,3
Hebriena,0,3,3
Hebrietta,0,3,3
Hebwo,0,3,3
Hecate,0,3,3
Heçer,0,3,3
Hechám,3,0,3
Hecjir,0,3,3
Hectarius,3,0,3
Hectorina,0,3,3
Hedaia,0,3,3
Hedayatollah,3,0,3
Hedayatullah,3,0,3
Hedd,3,0,3
Hedde-Jan,3,0,3
Hedde-Sjoerd,3,0,3
Heddefridus,3,0,3
Hedden,0,3,3
Hedderwina,0,3,3
Heddes,3,0,3
Heddewich,0,3,3
Heddine,0,3,3
Heddus,3,0,3
Heddwyn,3,0,3
Heddy-John,3,0,3
Heddy-Resi,0,3,3
Hedeel,0,3,3
Hedegaard,3,0,3
Hedelberto,3,0,3
Hedele,0,3,3
Hedèle,0,3,3
Hedelinde,0,3,3
Hedemann,3,0,3
Hedenheyn,3,0,3
Hédera,0,3,3
Hedey,0,3,3
Hedeya,3,0,3
Hedfridus,3,0,3
Hedhijfa,3,0,3
Hèdi,0,3,3
Hêdi,0,3,3
Hèdia,0,3,3
Hédia,0,3,3
Hedianeth,0,3,3
Hedieh,0,3,3
Hédiel,0,3,3
Hediene,0,3,3
Hediil,0,3,3
Hédika,0,3,3
Hedilen,0,3,3
Hedili,3,0,3
Hedinn,3,0,3
Hedir,0,3,3
Hedison,3,0,3
Hediya,0,3,3
Hédiya,0,3,3
Hediyeh,0,3,3
Hedla,0,3,3
Hedlund,0,3,3
Hedney,0,3,3
Hedon,3,0,3
Hèdonè,0,3,3
Hedrie,0,3,3
Hedrika,0,3,3
Hedryann,3,0,3
Hedsert,3,0,3
Hedtje,0,3,3
Hedva,0,3,3
Hedweg,0,3,3
Hedwey,3,0,3
Hedwîch,0,3,3
Hedwiche,0,3,3
Hedwick,3,0,3
Hedwidus,3,0,3
Hedwiech,0,3,3
Hédwig,0,3,3
Hedwigi,0,3,3
Hedwigin,0,3,3
Hedwinus,3,0,3
Hèdwiqes,3,0,3
Hedwyn,3,0,3
Hedwynn,3,0,3
Hèdy,3,0,3
Hedy-Faye,0,3,3
Hedy-Jane,0,3,3
Hedya,0,3,3
Hedzers,3,0,3
Hée,3,0,3
Hee-Dave,3,0,3
Hee-Man,0,3,3
Hee-Ming,3,0,3
Hee-Sun,0,3,3
Hee-Yie,0,3,3
Hee-Yu,0,3,3
Heebel,3,0,3
Heebeltje,0,3,3
Heebina,0,3,3
Heeble,3,0,3
Heedy,0,3,3
Heeger,3,0,3
Heehang,3,0,3
Heejin,0,3,3
Heejran,3,0,3
Heekiu,3,0,3
Heelco,3,0,3
Heeleendert,3,0,3
Heeley,0,3,3
Heelien,0,3,3
Heeltsje,0,3,3
Heemad,3,0,3
Heemradj,3,0,3
Heemwatie,0,3,3
Heend,0,3,3
Heener,3,0,3
Heenjees,3,0,3
Heenoch,3,0,3
Heeny,0,3,3
Heep,0,3,3
Heepina,0,3,3
Heerapersad,3,0,3
Heerbertus,3,0,3
Heerday,3,0,3
Heereke,3,0,3
Heerekes,3,0,3
Heerets,3,0,3
Heerick,3,0,3
Heerinus,3,0,3
Heerkelina,0,3,3
Heerkezina,0,3,3
Heerko-Peter,3,0,3
Heerman,3,0,3
Heermina,0,3,3
Heeronymus,3,0,3
Heersh,0,3,3
Heerswijnde,0,3,3
Heert-Jan,3,0,3
Heerthan,3,0,3
Heertina,0,3,3
Heertjes,3,0,3
Heertjesz,3,0,3
Hees,3,0,3
Heeseon,3,0,3
Heesu,0,3,3
Heevi,0,3,3
Heevy,0,3,3
Heewad,3,0,3
Heeyun,3,0,3
Hefaistos,3,0,3
Héfeny,0,3,3
Hefi,3,0,3
Hefney,3,0,3
Hefsibah,0,3,3
Hefziba,0,3,3
Hefzy,0,3,3
Hega,3,0,3
Hegbert,3,0,3
Heghineh,0,3,3
Hegi,0,3,3
Hego,3,0,3
Hegy,3,0,3
HEH,0,3,3
Hehtemmad,3,0,3
Hehua,3,0,3
Hei-Lok,0,3,3
Hei-On,3,0,3
Hei-Sun,3,0,3
Hei-Wah,0,3,3
Hei-Yie,0,3,3
Heia,0,3,3
Heiberg,0,3,3
Heichinus,3,0,3
Heicoline,0,3,3
Heid,3,0,3
Heide-Hesther,0,3,3
Heide-Lise,0,3,3
Heide-Rieke,0,3,3
Heidede,0,3,3
Heidelinda,0,3,3
Heidelinne,0,3,3
Heidelynde,0,3,3
Heidemer,3,0,3
Heiderica,0,3,3
Heidewieka,0,3,3
Heidhrun,0,3,3
Heidi-Maria,3,0,3
Heidianne,0,3,3
Heidiëlle,0,3,3
Heidijona,0,3,3
Heidilinde,0,3,3
Heidilus,3,0,3
Heidita,0,3,3
Heidl,0,3,3
Heidlene,0,3,3
Heidniusa,0,3,3
Heido,3,0,3
Heidrid,0,3,3
Heidrika,0,3,3
Heidron,0,3,3
Heidrunn,0,3,3
Heidy-Christien,0,3,3
Heie,3,0,3
Heifetz,3,0,3
Heihnrich,3,0,3
Heijcke,0,3,3
Heijco,3,0,3
Heijdy,0,3,3
Heijechiena,0,3,3
Heijeltien,0,3,3
Heijldiena,0,3,3
Heijli,0,3,3
Heijlk,0,3,3
Heijlkje,0,3,3
Heijmentje,0,3,3
Heijmke,0,3,3
Heijmradus,3,0,3
Heijnderika,0,3,3
Heijndrika,0,3,3
Heijntje,0,3,3
Heijogina,0,3,3
Heijoliena,0,3,3
Heijra,0,3,3
Heijs,3,0,3
Heik,3,0,3
Heika-Maria,0,3,3
Heike-Jet,0,3,3
Heikel,3,0,3
Heikelientje,0,3,3
Heikeline,0,3,3
Heikelya,0,3,3
Heikie,0,3,3
Heikim,3,0,3
Heikochiena,0,3,3
Heikolien,0,3,3
Heilbartus,3,0,3
Heilderina,0,3,3
Heildiena,0,3,3
Heileifa,0,3,3
Heilenius,3,0,3
Heilenus,3,0,3
Heilet,0,3,3
Heilettha,0,3,3
Heiley-Alitza,0,3,3
Heilia,0,3,3
Heilidus,3,0,3
Heiliene,0,3,3
Heiligerd,3,0,3
Heilinda,0,3,3
Heilise,0,3,3
Heiljette,0,3,3
Heilkelien,0,3,3
Heilkelina,0,3,3
Heilkina,0,3,3
Heillina,0,3,3
Heilly,0,3,3
Heilrinda,0,3,3
Heiltiena,0,3,3
Heiltine,0,3,3
Heiltjo,3,0,3
Heiltsje,0,3,3
Heilwich,3,0,3
Heilwin,0,3,3
Heilycke,0,3,3
Heilyon,3,0,3
Heimanda,0,3,3
Heimanna,0,3,3
Heimar,3,0,3
Heimard,3,0,3
Heimbartus,3,0,3
Heimdall,3,0,3
Heimen-Arie,3,0,3
Heimenrikje,0,3,3
Heimentje,0,3,3
Heimerica,0,3,3
Heimerichske,0,3,3
Heimericus,3,0,3
Heimerika,0,3,3
Heimerique,0,3,3
Heimie,3,0,3
Heimieke,0,3,3
Heimina,0,3,3
Heimke,0,3,3
Heimriëtte,0,3,3
Heimrik-Gijs,3,0,3
Heimtrud,0,3,3
Hein-Carl,3,0,3
Hein-Falco,3,0,3
Hein-Hendrik,3,0,3
Hein-Johan,3,0,3
Hein-Jos,3,0,3
Hein-Lammert,3,0,3
Hein-Leo,3,0,3
Hein-Peter,3,0,3
Hein-Rick,3,0,3
Heinalde,0,3,3
Heinbert,3,0,3
Heinche,3,0,3
Heinderein,3,0,3
Heinderich,3,0,3
Heinderik,3,0,3
Heinderika,0,3,3
Heindina,0,3,3
Heindo,3,0,3
Heindrick,3,0,3
Heindrieke,0,3,3
Heine-Jogchum,3,0,3
Heine-Paul,3,0,3
Heinejan,3,0,3
Heinerina,0,3,3
Heinhjo,3,0,3
Heinig,3,0,3
Heinine,0,3,3
Heinjan,3,0,3
Heinney-Lies,0,3,3
Heinnie,0,3,3
Heino-Jan,3,0,3
Heinoud,3,0,3
Heinpieter,3,0,3
Heinrich-Jan,3,0,3
Heinrichina,0,3,3
Heinrichje,0,3,3
Heinrichus,3,0,3
Heinrico,3,0,3
Heinrieke,0,3,3
Heinriet,0,3,3
Heinriëtta,0,3,3
Heinrig,3,0,3
Heinrik-Jan,3,0,3
Heinrite,0,3,3
Heinritus,3,0,3
Heinry,3,0,3
Heinsje,0,3,3
Heinsz,3,0,3
Heintiena,0,3,3
Heintjie,3,0,3
Heintsje,0,3,3
Heintze,3,0,3
Heinz-Dieter,0,3,3
Heinz-Erhard,3,0,3
Heinz-Günther,3,0,3
Heinz-Hugo,3,0,3
Heinz-Peter,3,0,3
Heinz-Werner,3,0,3
Heinzel,3,0,3
Heinzelina,0,3,3
Heinzi,3,0,3
Heiralde,0,3,3
Heiri,3,0,3
Heiriette,0,3,3
Heis,0,3,3
Heiske,0,3,3
Heison,3,0,3
Heissem,3,0,3
Heit,3,0,3
Heita,0,3,3
Heitam,3,0,3
Heitem,3,0,3
Heith,3,0,3
Heitor,3,0,3
Heits,3,0,3
Heitse,3,0,3
Heitsje,0,3,3
Heitung,0,3,3
Heiv,0,3,3
Heiwe,3,0,3
Heiwun,0,3,3
Heiyi,0,3,3
HEJ,3,0,3
Heĵa,3,0,3
Héja,3,0,3
Hejab,0,3,3
Hejé,0,3,3
Heji,0,3,3
Hejie,0,3,3
Hejien,3,0,3
Hejil,0,3,3
Hejomie,0,3,3
Hejring,3,0,3
Hekamiah,3,0,3
Hekate,0,3,3
Hekáza,0,3,3
Hekber,3,0,3
Hekda,0,3,3
Heke,0,3,3
Hekelesio,3,0,3
Hekes,3,0,3
Hekima,0,3,3
Hekkä,3,0,3
Hekka,0,3,3
Hekke,3,0,3
Hekkelman,0,3,3
Hekmet,0,3,3
Hektoras,3,0,3
Héla,0,3,3
Heladio,3,0,3
Helah,0,3,3
Helaida,0,3,3
Helaina,0,3,3
Helair,3,0,3
Hélair,0,3,3
Hélaire,3,0,3
Helaisa,0,3,3
Helam,0,3,3
Hélán,0,3,3
Helando,3,0,3
Helania,0,3,3
Helano,3,0,3
Helar,0,3,3
Helara,0,3,3
Helardus,3,0,3
Helaria,0,3,3
Helario,3,0,3
Helarius,3,0,3
Helawis,0,3,3
Helayna,0,3,3
Helbart,3,0,3
Helbe,3,0,3
Helber,3,0,3
Helberdina,0,3,3
Helbertijn,0,3,3
Helbien,0,3,3
Helbyn,0,3,3
Helcha,0,3,3
Helcia,0,3,3
Helcy,0,3,3
Heldana,0,3,3
Helde,3,0,3
Heldemar,3,0,3
Helder-Camara,0,3,3
Helderina,0,3,3
Heldi,0,3,3
Heldig,3,0,3
Heldine,0,3,3
Heldje,0,3,3
Heldrika,0,3,3
Heldy,0,3,3
Heleane,0,3,3
Heleanna,0,3,3
Heleanthe,0,3,3
Helee,0,3,3
Hèleen,0,3,3
Heleen-Dinet,0,3,3
Heleenderd,3,0,3
Heleene,0,3,3
Heleenka,0,3,3
Heleenna,0,3,3
Helefer,0,3,3
Heleijne,0,3,3
Heleina,0,3,3
Helelimus,3,0,3
Helemy,0,3,3
Helên,0,3,3
Helen-Ann,0,3,3
Helen-Betty,0,3,3
Helen-Claire,0,3,3
Hélen-Louise,0,3,3
Helen-Rose,0,3,3
Helen-Thérèse,0,3,3
Helená,0,3,3
Hėlèna,0,3,3
HeLenA,0,3,3
Helena-Alexandra,0,3,3
Helena-Anastasia,0,3,3
Helena-Clara,0,3,3
Helena-Elisabeth,0,3,3
Helena-Emma,0,3,3
Helena-Grietje,0,3,3
Helena-Harriëtte,0,3,3
Helena-Jane,0,3,3
Helena-Jayda,0,3,3
Helena-Johanna,0,3,3
Helena-Josephina,0,3,3
Helena-Leigh,0,3,3
Helena-Louise,0,3,3
Helena-Renessa,0,3,3
Helenah,0,3,3
Helenar,3,0,3
Helenarda,0,3,3
Helencius,3,0,3
Heléné,0,3,3
Hèlené,0,3,3
Helenè,0,3,3
Helëne,0,3,3
Hélêne,0,3,3
Hêlene,0,3,3
Hélène-Antoinette,0,3,3
Helene-Elizabeth,0,3,3
Helène-Mescal,0,3,3
Helenerd,3,0,3
Hèléni,0,3,3
Hèlenie,0,3,3
Helenio,3,0,3
Hèlenique,0,3,3
Helenique,0,3,3
Helenira,0,3,3
Helenisa,0,3,3
Helenitca,0,3,3
Helenmarie,0,3,3
Helenni,0,3,3
Helennia,0,3,3
Helennique,0,3,3
Helenoor,0,3,3
Helenor,0,3,3
Helenora,0,3,3
Helenore,0,3,3
Helenos,3,0,3
Hélenus,3,0,3
Hélénus,3,0,3
Hèleny,0,3,3
Helèny,0,3,3
Helenzo,3,0,3
Heleodora,0,3,3
Heleonorah,0,3,3
Helerda,0,3,3
Helère,3,0,3
Helerick,0,3,3
Helery,0,3,3
Helery-Louisa,0,3,3
Heleta,0,3,3
Héley,0,3,3
Heleyshaira,0,3,3
Helfréy,3,0,3
Helfriech,3,0,3
Helfried,3,0,3
Helga-An,0,3,3
Helga-Maria,0,3,3
Helgadina,0,3,3
Helgarda,0,3,3
Helgardus,3,0,3
Helgënesis,0,3,3
Helgesen,3,0,3
Helgina,0,3,3
Helgonda,0,3,3
Helhana,0,3,3
Heliadora,0,3,3
Heliana,0,3,3
Helianawati,0,3,3
Heliane,0,3,3
Heliant,3,0,3
Heliasandro,3,0,3
Helicke,0,3,3
Helicon,3,0,3
Helida,0,3,3
Helie,0,3,3
Heliema,0,3,3
Helier,3,0,3
Heliet,0,3,3
Helija,0,3,3
Helijiah,3,0,3
Helijl,3,0,3
Helijn,0,3,3
Hèlin,0,3,3
Helin-Nur,0,3,3
Hélina,0,3,3
Helinay,0,3,3
Helindert,3,0,3
Héline,0,3,3
Helinete,0,3,3
Helinhira,0,3,3
Helini,0,3,3
Heliniek,3,0,3
Helinio,3,0,3
Helinja,0,3,3
Helinth,0,3,3
Helinus,3,0,3
Heliodoor,3,0,3
Heliodor,3,0,3
Heliodore,0,3,3
Hèlios,3,0,3
Helis,0,3,3
Helisha,0,3,3
Helitero,3,0,3
Heliton,3,0,3
Heliuet,3,0,3
Helius,3,0,3
Helixa,0,3,3
Heliyan,0,3,3
Heliza,3,0,3
Helizeh,0,3,3
Helka,0,3,3
Hellae,0,3,3
Hellal,3,0,3
Hellan,0,3,3
Hellanie,0,3,3
Hellar,3,0,3
Hellari,0,3,3
Hellebartine,0,3,3
Hellebertus,3,0,3
Helleborine,0,3,3
Hellechiena,0,3,3
Helleena,0,3,3
Hellelouise,0,3,3
Héllen,0,3,3
Héllènë,0,3,3
Hellenika,0,3,3
Hellenisa,0,3,3
Helleny,0,3,3
Helles,3,0,3
Hellewies,0,3,3
Hellewise,0,3,3
Helley,0,3,3
Helli,0,3,3
Hellianne,0,3,3
Helliberend,3,0,3
Helliena,0,3,3
Helliger,3,0,3
Helligje,0,3,3
Hellime,0,3,3
Hellina,0,3,3
Hellinda,0,3,3
Hellinga,3,0,3
Hellis,0,3,3
Hellivano,3,0,3
Hellmund,3,0,3
Helloïse,3,0,3
Hellouis,3,0,3
Héllouise,0,3,3
Hellwig,3,0,3
Hellyne,0,3,3
Helman,3,0,3
Helmana,0,3,3
Helmartina,0,3,3
Helmbrecht,3,0,3
Helmerika,0,3,3
Helmet,3,0,3
Helmfried,3,0,3
Helmgard,0,3,3
Helmia,0,3,3
Helmichgina,0,3,3
Helmichina,0,3,3
Helmigh,3,0,3
Helmigina,0,3,3
Helmigjan,3,0,3
Helmijntje,0,3,3
Helmin,3,0,3
Helminde,0,3,3
Helmique,0,3,3
Helmira,0,3,3
Helmont,3,0,3
Helmonte,3,0,3
Helmoud,3,0,3
Helmovina,0,3,3
Helmrich,3,0,3
Helmtraud,0,3,3
Helmtrudis,0,3,3
Helmuch,3,0,3
Helmund,3,0,3
Helmunt,3,0,3
Helmur,3,0,3
Helmute,0,3,3
Heln,0,3,3
Héloisa,0,3,3
Heloìsa,0,3,3
Heloïsa,0,3,3
Hèloïse,0,3,3
Heloïsse,0,3,3
Hélona,0,3,3
Helona,0,3,3
Helonia,0,3,3
Hèlouisa,0,3,3
Hèlouise,0,3,3
Helouïse,0,3,3
Helouisse,0,3,3
Helouiwies,0,3,3
Helouyse,0,3,3
Heloysa,0,3,3
Helpéri,3,0,3
Helrinus,3,0,3
Helsa,0,3,3
Helscha,0,3,3
Helsharey,0,3,3
Helsje,0,3,3
Helsy,0,3,3
Helther,0,3,3
Heluk,3,0,3
Helva,0,3,3
Helvard,3,0,3
Helverus,3,0,3
Helvia,0,3,3
Helvie,0,3,3
Helvin,0,3,3
Helvino,3,0,3
Helvitius,3,0,3
Helvy,3,0,3
Helward,3,0,3
Helwert,3,0,3
Helwi,0,3,3
Helwich,0,3,3
Helwie,0,3,3
Helwine,0,3,3
Hély,0,3,3
Helyanthe,0,3,3
Helydia,0,3,3
Helyette,0,3,3
Helyin,0,3,3
Helyn,0,3,3
Helziane,0,3,3
Helzo,3,0,3
Héma,0,3,3
Hemachal,3,0,3
Hemachandra,3,0,3
Hemad,3,0,3
Hemadebie,0,3,3
Hemadullah,3,0,3
Hemakoemarie,0,3,3
Hemalini,0,3,3
Hemamelinie,0,3,3
Hemandkumaar,3,0,3
Hemangini,0,3,3
Hemankoemar,3,0,3
Hemankumar,3,0,3
Hemanshi,0,3,3
Hemanth,3,0,3
Hemantha,3,0,3
Hemantini,0,3,3
Hemanus,3,0,3
Hemar,3,0,3
Hemara,3,0,3
Hemaraj,3,0,3
Hemaseh,0,3,3
Hemat,3,0,3
Hemchan,3,0,3
Hemchand,3,0,3
Hemchandra,3,0,3
Hemchandre,3,0,3
Hemchiene,0,3,3
Hemda,0,3,3
Hemdan,3,0,3
Hemdi,3,0,3
Heme,3,0,3
Hemedi,3,0,3
Hêmen,3,0,3
Hemendrasing,3,0,3
Hemengül,0,3,3
Hementkoemar,3,0,3
Hêmera,0,3,3
Hemerentia,0,3,3
Hemeroud,3,0,3
Hemes,3,0,3
Hemetulha,3,0,3
Hemfar,3,0,3
Hemide,0,3,3
Hemie,0,3,3
Hemiena,0,3,3
Hemilius,3,0,3
Hemir,3,0,3
Hemish,3,0,3
Hemk,3,0,3
Hemkaran,3,0,3
Hémke,3,0,3
Hemkeliena,0,3,3
Hemko-Juriaan,3,0,3
Hemlet,3,0,3
Hemman,3,0,3
Hemmant,3,0,3
Hemmechie,0,3,3
Hemmechiene,0,3,3
Hemmem,3,0,3
Hemmenkoemar,3,0,3
Hemmigien,0,3,3
Hemmine,0,3,3
Hemming,3,0,3
Hemmo-Jan,3,0,3
Hemmo-Lute,3,0,3
Hemnath,3,0,3
Hemo,3,0,3
Hemoni,0,3,3
Hemraadj,3,0,3
Hemradji,0,3,3
Hemradjie,0,3,3
Hemrajd,3,0,3
Hemran,3,0,3
Hemri,3,0,3
Hemrieck,3,0,3
Hemriette,0,3,3
Hemrik,3,0,3
Hemrin,0,3,3
Hemsing,3,0,3
Hemtjandra,3,0,3
Hemus,3,0,3
Hemwantie,0,3,3
Hen-Ka,0,3,3
Hen-Nam,0,3,3
Hen-rick,3,0,3
Hen-Riete,0,3,3
Hèna,0,3,3
Henae,0,3,3
Henalatu,3,0,3
Henaly,0,3,3
Henann,0,3,3
Henanne,0,3,3
Henao,3,0,3
Henard,3,0,3
Henarijo,0,3,3
Henas,0,3,3
Henasa,0,3,3
Henby,0,3,3
Henc,3,0,3
Hencees,3,0,3
Hencelen,0,3,3
Hencha,0,3,3
Henckelyne,0,3,3
Hencko,3,0,3
Hencky,3,0,3
Hencora,0,3,3
Hency,3,0,3
Hencys,0,3,3
Hendaav,3,0,3
Hendanto,3,0,3
Hendav,0,3,3
Hendeke,0,3,3
Hendekien,0,3,3
Hendel,3,0,3
Hendele,0,3,3
Hendeline,0,3,3
Hendeltje,0,3,3
Hendereijntje,0,3,3
Henderein,3,0,3
Henderia,0,3,3
Henderic-Jan,3,0,3
Henderice,0,3,3
Henderich,3,0,3
Hendericka,0,3,3
Henderiecke,0,3,3
Henderieki,0,3,3
Henderiete,0,3,3
Henderiëtta,0,3,3
Henderiette,0,3,3
Henderijetta,0,3,3
Henderijna,0,3,3
Henderijne,0,3,3
Henderika-Eline,0,3,3
Henderika-Jantiena-Angéla,0,3,3
Henderika-Maria-Gesina,0,3,3
Henderikas,3,0,3
Hénderike,0,3,3
Henderiki,0,3,3
Henderikie,0,3,3
Henderikien,0,3,3
Henderines,3,0,3
Henderiska,0,3,3
Henderite,0,3,3
Henderjetta,0,3,3
Henderkien-Rika,0,3,3
Henderkira,0,3,3
Hendermijntje,0,3,3
Henderrik,3,0,3
Henderrika,0,3,3
Hendersjen,0,3,3
Hendertine,0,3,3
Hendertjeta,0,3,3
Henderwena,0,3,3
Henderycke,0,3,3
Henderyke,0,3,3
Hendewines,3,0,3
Hendiec,0,3,3
Hendijka,0,3,3
Hendika,0,3,3
Hendirca,0,3,3
Hendirika,0,3,3
Hendirkien,0,3,3
Hendla,0,3,3
Hendle,0,3,3
Hendley,3,0,3
Hendly,3,0,3
Hendora,0,3,3
Hendorieke,0,3,3
Hendr,3,0,3
Hendra-Kartika,0,3,3
Hendreas,3,0,3
Hendredjeta,0,3,3
Hendrejet,0,3,3
Hendrek,3,0,3
Hendrekje,0,3,3
Hendrekkien,0,3,3
Hendrey,3,0,3
Hendri-Jan,3,0,3
Hendrian,3,0,3
Hendriand,3,0,3
Hendriane,0,3,3
Hendrianna,0,3,3
Hendriano,3,0,3
Hendrianto,3,0,3
Hendrica-Anna,0,3,3
Hendrica-Hanna,0,3,3
Hendrices,3,0,3
Hendrichard,3,0,3
Hendrichs,3,0,3
Hendrick-Jan,3,0,3
Hendrickjan,3,0,3
Hendrickx,3,0,3
Hendricus-Sjoerd,3,0,3
Hendriea,0,3,3
Hendriech,3,0,3
Hendrieckje,0,3,3
Hendriejette,0,3,3
Hendriekjen,0,3,3
Hendrieksken,0,3,3
Hendriéla,0,3,3
Hendriëla,0,3,3
Hendriélle,0,3,3
Hendrienke,0,3,3
Hendrienne,0,3,3
Hendriesje,0,3,3
Hendrietje,0,3,3
Hendriexa,0,3,3
Hendrigo,3,0,3
Hendrigos,3,0,3
Hendrij,3,0,3
HendriJanus,3,0,3
Hendrijanus,3,0,3
Hendrijetha,0,3,3
Hendrijk,3,0,3
Hendrijnes,3,0,3
Hendrik-Adam,3,0,3
Hendrik-Aiko,3,0,3
Hendrik-Andries,3,0,3
Hendrik-Anne,3,0,3
Hendrik-Anno,3,0,3
Hendrik-Antoon,3,0,3
Hendrik-Arend,3,0,3
Hendrik-Bart,3,0,3
Hendrik-Boudewijn,3,0,3
Hendrik-Coen,3,0,3
Hendrik-Cor,3,0,3
Hendrik-Cornelis,3,0,3
Hendrik-Cristiaan,3,0,3
Hendrik-Erwin,3,0,3
Hendrik-Franz,3,0,3
Hendrik-Friso,3,0,3
Hendrik-Gerard,3,0,3
Hendrik-Geurt,3,0,3
Hendrik-Hans,3,0,3
Hendrik-Hein,3,0,3
Hendrik-Henk,3,0,3
Hendrik-Henri,3,0,3
Hendrik-Janny,3,0,3
Hendrik-Jans,3,0,3
Hendrik-Jean,3,0,3
Hendrik-Jo,3,0,3
Hendrik-Johannus,3,0,3
Hendrik-John,3,0,3
Hendrik-Jos,3,0,3
Hendrik-Joseph,3,0,3
Hendrik-Junior,3,0,3
Hendrik-Koenraad,3,0,3
Hendrik-Lykle,3,0,3
Hendrik-Mark,3,0,3
Hendrik-Martijn,3,0,3
Hendrik-Oege,3,0,3
Hendrik-Oswald,3,0,3
Hendrik-Quintus,3,0,3
Hendrik-Rimmert,3,0,3
Hendrik-Rut,3,0,3
Hendrik-Sipke,3,0,3
Hendrik-Sjoerd,3,0,3
Hendrik-Tije,3,0,3
Hendrik-Walter,3,0,3
Hendrika-Antonia,0,3,3
Hendrika-Dina,0,3,3
Hendrika-Gerritdina,0,3,3
Hendrika-Hiske,0,3,3
Hendrika-Janna,0,3,3
Hendrika-Jantina,0,3,3
Hendrika-Martina,0,3,3
Hendrika-Roelfina,0,3,3
Hendrikas,3,0,3
Hendrikcus,3,0,3
Hendriké,3,0,3
Hendrikens,3,0,3
Hendrikia,0,3,3
Hendrikie,0,3,3
Hendrikiena,0,3,3
Hendrikis,3,0,3
Hendrikjaap,3,0,3
HendrikJan,3,0,3
Hendrikjan-Dirk,3,0,3
Hendrikje-Arendina,0,3,3
Hendrikje-Hennie,0,3,3
Hendrikje-Jauwkien,0,3,3
Hendrikje-Johanna,0,3,3
Hendrikje-Lubberta,0,3,3
Hendrikjèn,0,3,3
Hendrikkes,3,0,3
Hendrikkie,0,3,3
Hendrikoo,3,0,3
Hendrikse,0,3,3
Hendriksen,3,0,3
Hendriksz,3,0,3
Hendrikús,3,0,3
Hendrikus-Abraham,3,0,3
Hendrikus-Arjan,3,0,3
Hendrikus-Jan,3,0,3
Hendrikvisser,3,0,3
Hendrikz,3,0,3
Hendrikzn,3,0,3
Hendrilena,0,3,3
Hendrilla,0,3,3
Hendrinard,3,0,3
Hendriné,0,3,3
Hendrineke,0,3,3
Hendrinelle,0,3,3
Hendrines,3,0,3
Hendriq-Chiaro,3,0,3
Hendriqes,3,0,3
Hendriquez,3,0,3
Hendrisia,0,3,3
Hendrivano,3,0,3
Hendriyan,3,0,3
Hendrow,3,0,3
Hendrya,0,3,3
Hendryck,3,0,3
Hendrycke,0,3,3
Hendryckje,0,3,3
Hendryke,0,3,3
Hendryko,3,0,3
Hendryksen,3,0,3
Hendryntje,0,3,3
Hendrynus,3,0,3
Hendse,3,0,3
Hendsley,3,0,3
Hendt,3,0,3
Hendyke,0,3,3
Hene,3,0,3
Henea,0,3,3
Hened,3,0,3
Heneefa,0,3,3
Henehwaa,0,3,3
Henely,0,3,3
Henerique,3,0,3
Henery,3,0,3
Henes,0,3,3
Henesis,0,3,3
Heneve,0,3,3
Henfri,3,0,3
Henfried,3,0,3
Hèng,3,0,3
Heng-Lik,3,0,3
Heng-Wor,3,0,3
Hengameh,0,3,3
Hengav,3,0,3
Hengjie,3,0,3
Hengk,3,0,3
Hengki,3,0,3
Hengkij,3,0,3
Hengko,3,0,3
Hengky,3,0,3
Hengum,3,0,3
Henief,3,0,3
Henieke,0,3,3
Heniëtte,0,3,3
Heninge,0,3,3
Heniqeu's,3,0,3
Henique,0,3,3
Henishia,0,3,3
Heniu,3,0,3
Henje,0,3,3
Henjola,0,3,3
Henjoma,0,3,3
Henjorike,0,3,3
Henk-Adriaan,3,0,3
Henk-Agnes,3,0,3
Henk-Albert,3,0,3
Henk-Ale,3,0,3
Henk-Alexander,3,0,3
Henk-Ben,3,0,3
Henk-Carlos,3,0,3
Henk-Christiaan,3,0,3
Henk-Christian,3,0,3
Henk-Daniël,3,0,3
Henk-Dirk,3,0,3
Henk-Dorus,3,0,3
Henk-Egbert,3,0,3
Henk-Elbert,3,0,3
Henk-Eric,3,0,3
Henk-Gabriël,3,0,3
Henk-Gabriel,3,0,3
Henk-Heine,3,0,3
Henk-Herman,3,0,3
Henk-Humphrey,3,0,3
Henk-Ipe,3,0,3
Henk-Jans,3,0,3
Henk-Jelle,3,0,3
Henk-Joost,3,0,3
Henk-Julian,3,0,3
Henk-Klaas,3,0,3
Henk-Lasse,3,0,3
Henk-Maarten,3,0,3
Henk-Marcel,3,0,3
Henk-Marten,3,0,3
Henk-Martin,3,0,3
Henk-Onno,3,0,3
Henk-Philip,3,0,3
Henk-Roel,3,0,3
Henk-Sipko,3,0,3
Henk-Teun,3,0,3
Henk-Thijs,3,0,3
Henk-Tijmen,3,0,3
Henk-Wiggert,3,0,3
Henk-Wijnand,3,0,3
Henk-Wijnant,3,0,3
Henk-Ype,3,0,3
Henkdrik,3,0,3
Hènke,3,0,3
Henke-Zeth,3,0,3
Henkedaan,3,0,3
Henkeman,3,0,3
Henken,3,0,3
Henkey,3,0,3
Henkiena,0,3,3
Henkis,3,0,3
Henkjarn,3,0,3
Henkjelle,3,0,3
Henkjen,3,0,3
Henklan,3,0,3
Henkmichel,3,0,3
Henks,3,0,3
Henkske,3,0,3
Henktruida,0,3,3
Henlee,3,0,3
Henleke,3,0,3
Henlie,3,0,3
Henlyze,0,3,3
Henn,3,0,3
Hènn,0,3,3
Henna-Anne,0,3,3
Henna-Elizabeth,0,3,3
Henna-Jant,0,3,3
Hennadi,0,3,3
Hennaé,0,3,3
Hennalice,0,3,3
Hennalie,0,3,3
Hennanne,0,3,3
Hennay,3,0,3
Henndie,0,3,3
Henne-Jan,3,0,3
Henne-Jane,0,3,3
Henne-Rixt,0,3,3
Hennechien,0,3,3
Hennek,3,0,3
Hennelie,0,3,3
Henneline,0,3,3
Hennelize,0,3,3
Hennelyn,0,3,3
Hennen,0,3,3
Hennerica,0,3,3
Hennerie,3,0,3
Henneriekes,3,0,3
Hennerik,3,0,3
Hennerike,0,3,3
Hennerina,0,3,3
Henneriqeu,3,0,3
Hennery,3,0,3
Hennesino,3,0,3
Henneske,3,0,3
Hennesy,3,0,3
Hennet,0,3,3
Hennic,3,0,3
Hennie-Anne,0,3,3
Hennie-Margriet,0,3,3
Henniël,0,3,3
Henniene,0,3,3
Hennieriëtte,0,3,3
Hennieszoon,3,0,3
Henniët,0,3,3
Henniëtte,0,3,3
Hennig,3,0,3
Hennigjen,0,3,3
Hennik,3,0,3
Hennin,0,3,3
Hennina,0,3,3
Henningh,3,0,3
Hennington,3,0,3
Hennitet,0,3,3
Hennitha,0,3,3
Hennoch,3,0,3
Hennok,3,0,3
Hennon,3,0,3
Hennor,3,0,3
Hennrica,0,3,3
Hennriëtte,0,3,3
Hennriette,0,3,3
Henns,3,0,3
Hennty,0,3,3
Henny-Berber,0,3,3
Henny-Claire,0,3,3
Henny-Elise,0,3,3
Henny-Rieke,0,3,3
Hennyfried,0,3,3
Hennyne,0,3,3
Hennynke,0,3,3
Hennytha,0,3,3
Hénoc,3,0,3
Hénoch,3,0,3
Henochine,0,3,3
Henog,3,0,3
Henoria,0,3,3
Henraima,0,3,3
Henrdricus,3,0,3
Henré,3,0,3
Henretta,0,3,3
Hénri,3,0,3
Henri-Alain,3,0,3
Henri-Aloïs,3,0,3
Henri-Amin,3,0,3
Henri-Christ,3,0,3
Henri-Dominique,3,0,3
Henri-Jacques,3,0,3
Henri-Jan,3,0,3
Henri-Jean,0,3,3
Henri-Jette,0,3,3
Henri-Joe,3,0,3
Henri-Louis,3,0,3
Henri-Martin,3,0,3
Henri-Theodoor,3,0,3
Henri-Willem,3,0,3
Henri-Wouter,3,0,3
Henri-Yan,3,0,3
Henriaetta,0,3,3
Henriana,0,3,3
Henrianda,0,3,3
Henric-Jan,3,0,3
Hènrica,0,3,3
Henricas,3,0,3
Henriccus,3,0,3
Hènrice,3,0,3
Henricetda,0,3,3
Henricha,0,3,3
Henrichelle,0,3,3
Henrichetta,0,3,3
Henricius,3,0,3
Henricjan,3,0,3
Henrick-jan,3,0,3
Henrick-Peter,3,0,3
Henríco,3,0,3
Henricque,0,3,3
Henricüs,3,0,3
Henricus-Paul,3,0,3
Hènrie,3,0,3
Henrië,3,0,3
Henrie-Antonie,3,0,3
Henrieck,3,0,3
Henrieëtta,0,3,3
Henriejetta,0,3,3
Henrieke-Janine,0,3,3
Henriekke,0,3,3
Henriël,0,3,3
Henriéla,0,3,3
Henrienk,3,0,3
Henriënna,0,3,3
Henriënne,0,3,3
Henriennus,3,0,3
Henrienta,0,3,3
Henriënthaly,0,3,3
Henrienus,3,0,3
Henriët-Janet,0,3,3
Henriëtda,0,3,3
Henriëtje,0,3,3
Henrieto,3,0,3
Henriëto,0,3,3
Henrïetta,0,3,3
Henriëtte-Antoinette,0,3,3
Henriëtte-Louisa,0,3,3
Henriëtte-Margé,0,3,3
Henriëtte-Renée,0,3,3
Henriëtte-Roelanda,0,3,3
Henriettha,0,3,3
Henrietthe,0,3,3
Henrietti,0,3,3
Henriëttte,3,0,3
Henrig,3,0,3
Henrigue,3,0,3
Henriikka,0,3,3
Henrijan,3,0,3
Henrijet,0,3,3
Henrijnette,0,3,3
Henrik-Frank,3,0,3
Henrik-Willem,3,0,3
Henrikca,0,3,3
Henrike-Jantine,0,3,3
Henrike-Joanne,0,3,3
Henrike-Lusan,0,3,3
Henrikka,0,3,3
Henrilette,0,3,3
Henrinis,3,0,3
Henrion,3,0,3
Henrione,0,3,3
Henrionne,0,3,3
Henriqué,3,0,3
Henriquet,3,0,3
Henriquetta,0,3,3
Henriquie,3,0,3
Henrisch,3,0,3
Henrisdochter,0,3,3
Henrish,3,0,3
Henrishel,3,0,3
Henriske,0,3,3
Henrisse,0,3,3
Henrito,0,3,3
Henritus,3,0,3
Henrix,3,0,3
Henriza,0,3,3
Henrize,0,3,3
Henrley,3,0,3
Henrold,3,0,3
Henroy,3,0,3
Henrri,3,0,3
Henrrian,3,0,3
Henrriët,0,3,3
Henrriëtte,0,3,3
Henrrique,3,0,3
Henruud,3,0,3
Henry-Anthonio,3,0,3
Henry-Denian,3,0,3
Henry-Jacques,3,0,3
Henry-John,3,0,3
Henry-Lee,3,0,3
Henry-Richard,3,0,3
Henry-Thierry,3,0,3
Henrya,0,3,3
Henryan,3,0,3
Henryanne,0,3,3
Henrycke,0,3,3
Henryëla,0,3,3
Henryet,0,3,3
Henryetta,0,3,3
Henrykly,3,0,3
Henryna,0,3,3
Henryson,3,0,3
Henselina,0,3,3
Hensey,3,0,3
Henshaw,3,0,3
Hensina,0,3,3
Hensja,0,3,3
Henslie,3,0,3
Henslij,3,0,3
Hensman,3,0,3
Hensum,3,0,3
Hensze,0,3,3
Hentien,0,3,3
Hento,3,0,3
Henu,0,3,3
Henuel,3,0,3
Henuela,0,3,3
Henwei,3,0,3
Henwi,3,0,3
Henyan,3,0,3
Henyandre,3,0,3
Henylen,0,3,3
Henynke,0,3,3
Henyo,3,0,3
Hènyr,3,0,3
Henzel,3,0,3
Henzeline,0,3,3
Henzio,3,0,3
Henzson,3,0,3
Héol,0,3,3
Heong,3,0,3
Heow,0,3,3
Hephaistion,3,0,3
Hephatius,3,0,3
Hepolita,0,3,3
Hepziba,0,3,3
Hepzibah,0,3,3
Heqi,3,0,3
Heqian,3,0,3
Her-jan,3,0,3
Hèra,3,0,3
Hera-Mijke,0,3,3
Heraaf,3,0,3
Heracléa,0,3,3
Heraclia,0,3,3
Heraclio,3,0,3
Heraclis,3,0,3
Heraclius,0,3,3
Heraclys,3,0,3
Heradiene,0,3,3
Herakles,3,0,3
Heral,3,0,3
Hérald,3,0,3
Heralde,0,3,3
Heraldina,0,3,3
Heraldy,3,0,3
Heralth,3,0,3
Heram,3,0,3
Heramina,0,3,3
Herana,0,3,3
Heranando,3,0,3
Herani,0,3,3
Herard,3,0,3
Heras,3,0,3
Heratania,0,3,3
Heraut,3,0,3
Herawan,3,0,3
Herb,3,0,3
Herbadina,0,3,3
Herbedina,0,3,3
Herbeline,0,3,3
Herberd-Jelle,3,0,3
Herberda,0,3,3
Herberdien,0,3,3
Herberdinie,0,3,3
Herberdinus,3,0,3
Herberia,0,3,3
Herberien,0,3,3
Herbert-Paul,3,0,3
Herbertdina,0,3,3
Herbertdine,0,3,3
Herberthe,0,3,3
Herbertino,3,0,3
Herbertley,0,3,3
Herbertly,3,0,3
Herbertlyn,0,3,3
Herbertovich,3,0,3
Herbet,3,0,3
Herbetine,0,3,3
Herbey,3,0,3
Herborgh,3,0,3
Herbrina,0,3,3
Herc,3,0,3
Hercha,0,3,3
Herchel,3,0,3
Herchil,3,0,3
Herck,3,0,3
Herculen,3,0,3
Herculine,0,3,3
Herdally,3,0,3
Herdan,3,0,3
Herdeep,3,0,3
Herdenberg,3,0,3
Herdey,3,0,3
Herdinand,3,0,3
Herdrik,3,0,3
Herdwieg,0,3,3
Herdwig,3,0,3
Hereberta,0,3,3
Hereberthus,3,0,3
Heremias,3,0,3
Heremina,0,3,3
Heremus,3,0,3
Herenas,3,0,3
Herend,3,0,3
Hereni,0,3,3
Herenio,3,0,3
Hereswit,0,3,3
Hereswith,0,3,3
Hereward,3,0,3
Herewina,0,3,3
Herfan,3,0,3
Herfried,3,0,3
Herga,0,3,3
Herge,3,0,3
Hergett,3,0,3
Hergienald,3,0,3
Hergine,0,3,3
Hergun,0,3,3
Hergwin,3,0,3
Heriallee,0,3,3
Herialt,3,0,3
Heriaty,0,3,3
Heric,3,0,3
Herich,3,0,3
Herick,0,3,3
Herico,3,0,3
Hèrié,0,3,3
Herieke,0,3,3
Heriene,0,3,3
Heriëtta,0,3,3
Herij,3,0,3
Heriknaz,0,3,3
Herikus,3,0,3
Herilen,0,3,3
Herimela,0,3,3
Hérine,0,3,3
Herisch,0,3,3
Heritie,3,0,3
Heritien,3,0,3
Herity,0,3,3
Herjaky,3,0,3
Hèrjan,3,0,3
Herjanke,0,3,3
Herjanti,0,3,3
Herjet,0,3,3
Herjolijn,0,3,3
Herk-Jan,3,0,3
Herkelens,3,0,3
Herkelijn,3,0,3
Herkert,0,3,3
Herkulaas,3,0,3
Herkuline,0,3,3
Herkus,3,0,3
Herla,0,3,3
Herlaar,3,0,3
Herlan,3,0,3
Herlanda,0,3,3
Herlani,0,3,3
Herlanny,3,0,3
Herleena,0,3,3
Herlein,3,0,3
Herlenard,3,0,3
Herlène,0,3,3
Herlenius,3,0,3
Herli,0,3,3
Herliena,0,3,3
Herlientje,0,3,3
Herlijn,0,3,3
Herline,0,3,3
Herlinne,0,3,3
Herlliano,3,0,3
Herlofje,0,3,3
Herluf,3,0,3
Herly,3,0,3
Herlyshendrickson,3,0,3
Herma-Dina,0,3,3
Herma-Louise,0,3,3
Herma-Tine,0,3,3
Hermagoras,0,3,3
Hermah,0,3,3
Hermahien,3,0,3
Hermaiten,3,0,3
Hermajon,0,3,3
Hermalinde,0,3,3
Hermaline,0,3,3
Hermalinna,0,3,3
Hermán,3,0,3
Herman-Antonie,3,0,3
Herman-Dick,3,0,3
Herman-Gerrit,3,0,3
Herman-Hans,3,0,3
Herman-Jaap,3,0,3
Herman-jaap,3,0,3
Herman-Johan,3,0,3
Herman-John,3,0,3
Herman-Jorik,3,0,3
Herman-Josef,3,0,3
Herman-Lucas,3,0,3
Herman-Paul,3,0,3
Herman-Petrus,3,0,3
Herman-Thijs,3,0,3
Hermana-Maria,0,3,3
Hermandad,3,0,3
Hermandath,3,0,3
Hermander,3,0,3
Hermandez,3,0,3
Hermandia,0,3,3
Hermandie,0,3,3
Hermandiena,0,3,3
Hermandjelo,3,0,3
Hermandy,0,3,3
Hermanez,3,0,3
Hermanguelo,3,0,3
Hermanica,0,3,3
Hermanicus,3,0,3
Hermaniia,0,3,3
Hermanine,0,3,3
Hermanita,0,3,3
Hermanjan,3,0,3
Hermanje,3,0,3
Hermanjunior,3,0,3
Hermann-Josef,3,0,3
Hermannetje,0,3,3
Hermanno,3,0,3
Hermanny,0,3,3
Hermanoes,3,0,3
Hermanold,3,0,3
Hermanovna,0,3,3
Hermansdotter,0,3,3
Hermansita,0,3,3
Hermanszoon,3,0,3
Hermante,0,3,3
Hermantina,0,3,3
Hermantine,0,3,3
Hermantinus,3,0,3
Hermantje,0,3,3
Hermanuel,3,0,3
Hermanus-Albertus,3,0,3
Hermanus-Josephus,3,0,3
Hermanusz,3,0,3
Hermanza,0,3,3
Hermanze,0,3,3
Hermanzoon,3,0,3
Hermarinde,0,3,3
Hermarinke,0,3,3
HerMarja,0,3,3
Hermas,3,0,3
Hermate,0,3,3
Hermaus,3,0,3
Hermco,3,0,3
Hermdrik,3,0,3
Herméa,0,3,3
Hermeen,0,3,3
Hermegilde,0,3,3
Hermein,0,3,3
Hermeinna,0,3,3
Hermeke,0,3,3
Hermelanda,0,3,3
Hermelein,0,3,3
Hermelena,0,3,3
Hermelia,0,3,3
Hermelicus,3,0,3
Hermelin,0,3,3
Hermelindus,3,0,3
Hermelino,3,0,3
Hermella,0,3,3
Hermelyne,0,3,3
Hermelys,0,3,3
Hermen-Jan,3,0,3
Hermence,0,3,3
Hermendina,0,3,3
Hermène,0,3,3
Hermenefridus,3,0,3
Hermenegilde,0,3,3
Hermengild,3,0,3
Hermengilda,0,3,3
Hermengildis,0,3,3
Hermengildus,3,0,3
Hermeni,3,0,3
Herménie,0,3,3
Hermenigilde,0,3,3
Hermenjan,3,0,3
Hermentien,0,3,3
Hermentinus,3,0,3
Hermentje,0,3,3
Hermenus,3,0,3
Hermeregilda,0,3,3
Hermés,3,0,3
Hermetia,0,3,3
Hermgard,0,3,3
Hermhen,3,0,3
Hermi-Corine,0,3,3
Hermianne,0,3,3
Hermichildes,3,0,3
Hermida,0,3,3
Hermidione,3,0,3
Hermiek,0,3,3
Hermienja,0,3,3
Hermienjo,3,0,3
Hermienn,0,3,3
Hermienta,0,3,3
Hermientjen,0,3,3
Hermieta,0,3,3
Hermiëtte,0,3,3
Hermijnderd,3,0,3
Hermijnia,0,3,3
Hermijnie,0,3,3
Hermijnus,3,0,3
Hermike,0,3,3
Hermila,0,3,3
Hermilda,0,3,3
Hermilo,3,0,3
Hermina-Elisabeth,0,3,3
Hermina-Marrigje,0,3,3
Hermina-Mienie,0,3,3
Herminah,0,3,3
Hermind,3,0,3
Herminde,0,3,3
Herminé,0,3,3
Hermine-Gertie,0,3,3
Hermine-Henrita,0,3,3
Hermine-Jantine,0,3,3
Herminecus,3,0,3
Herminegilde,0,3,3
Herminegildus,0,3,3
Herminekus,3,0,3
Herminigild,3,0,3
Herminigilda,0,3,3
Herminigildo,3,0,3
Hermïnio,3,0,3
Herminiö,3,0,3
Herminis,3,0,3
Herminke,0,3,3
Herminna,0,3,3
Herminnus,3,0,3
Herminta,0,3,3
Hermion,0,3,3
Hermíone,0,3,3
Hermioné,0,3,3
Hermique,0,3,3
Hermirande,0,3,3
Hermis,3,0,3
Hermita,0,3,3
Hermjanna,0,3,3
Hermjanne,0,3,3
Hermken,0,3,3
Hermko,3,0,3
Hermlinde,0,3,3
Hermnia,0,3,3
Hermöd,3,0,3
Hermogenus,3,0,3
Hermoginez,3,0,3
Hermona,0,3,3
Hermonia,0,3,3
Hermonica,0,3,3
Hermonie,0,3,3
Hermonius,3,0,3
Hermoza,0,3,3
Hermpjen,0,3,3
Hermse,3,0,3
Hermunn,3,0,3
Hermüt,3,0,3
Hermynko,3,0,3
Hern,3,0,3
Hernándes,3,0,3
Hernandt,3,0,3
Hernâni,3,0,3
Hernanne,0,3,3
Hernardo,3,0,3
Hernardus,3,0,3
Hernaz,0,3,3
Herné,3,0,3
Herneet,0,3,3
Hernes,3,0,3
Hernesto,3,0,3
Herney,3,0,3
Herni,0,3,3
Hernic,3,0,3
Hernie,0,3,3
Herniek,3,0,3
Hernold,3,0,3
Hernonia,0,3,3
Herny,3,0,3
Hero-Jakob,3,0,3
Heroda,0,3,3
Herodiada,0,3,3
Herodias,3,0,3
Herodientje,0,3,3
Herodine,0,3,3
Herodus,3,0,3
Herodya,0,3,3
Heroet,3,0,3
Herogientje,0,3,3
Heroijnimus,3,0,3
Heroïna,0,3,3
Heroïne,0,3,3
Herol,3,0,3
Hêrold,3,0,3
Herolf,3,0,3
Herolia,0,3,3
Herolien,0,3,3
Herolinda,0,3,3
Heroline,0,3,3
Herolines,3,0,3
Herom,3,0,3
Heromeus,3,0,3
Heromien,0,3,3
Heromijena,0,3,3
Heromius,3,0,3
Heromyis,3,0,3
Heromyno,3,0,3
Heroniema,0,3,3
Héronique,0,3,3
Herony,0,3,3
Heronyma,0,3,3
Heronymos,3,0,3
Herotje,0,3,3
Herould,3,0,3
Herout,3,0,3
Herper,3,0,3
Herperta,0,3,3
Herquta,0,3,3
Herra,0,3,3
Herŕainó,3,0,3
Herralf,3,0,3
Herralt,3,0,3
Herran,3,0,3
Herrbolt,3,0,3
Herre-Jakob,3,0,3
Herrebartus,3,0,3
Herreld,3,0,3
Herrelie,0,3,3
Herrenio,3,0,3
Herrera,0,3,3
Herrette,0,3,3
Herria,0,3,3
Herrianto,3,0,3
Herribert,3,0,3
Herrien,0,3,3
Herrietje,0,3,3
Herriëtt,0,3,3
Herrika,0,3,3
Herrikje,0,3,3
Herrikus,3,0,3
Herrinette,0,3,3
Herrinus,3,0,3
Herriot,3,0,3
Herrita,0,3,3
Herrite,0,3,3
Herritte,0,3,3
Herritz,3,0,3
Herrolina,0,3,3
Herroz,3,0,3
Herrta,0,3,3
Herrybeth,3,0,3
Herryette,0,3,3
Hers,3,0,3
Hersaid,3,0,3
Hersaindro,3,0,3
Herschell,3,0,3
Herschi,3,0,3
Hersigo,3,0,3
Hersley,3,0,3
Herst,3,0,3
Hersterus,3,0,3
Herstrinus,3,0,3
Herswieta,0,3,3
Hertense,0,3,3
Hertger,3,0,3
Hertie,0,3,3
Hertin,3,0,3
Hertine,0,3,3
Hertoch,3,0,3
Hertrude,0,3,3
Hertruida,0,3,3
Hertse,0,3,3
Hertus,3,0,3
Hertwich,3,0,3
Hertwin,3,0,3
Hertz,3,0,3
Herudana,3,0,3
Hérvé,3,0,3
Hervée,0,3,3
Hervel,3,0,3
Hervesta,0,3,3
Hervey,3,0,3
Herviano,3,0,3
Hervie,3,0,3
Herviënny,0,3,3
Hervin,0,3,3
Hèrvion,3,0,3
Hervjano,3,0,3
Herwaldus,3,0,3
Herwarth,3,0,3
Herwen,3,0,3
Herwiena,0,3,3
Herwijna,0,3,3
Herwijne,0,3,3
Herwil,3,0,3
Herwilh-Johan,3,0,3
Herwines,3,0,3
Herwit,3,0,3
Herwout,3,0,3
Herwy,0,3,3
Herwyna,0,3,3
Heryad,3,0,3
Heryaǵ,0,3,3
Heryanto,3,0,3
Héryka,0,3,3
Herynn,0,3,3
Heryslav,3,0,3
Herzeleïde,0,3,3
Herzen,3,0,3
Herzhien,3,0,3
Herzi,0,3,3
Hesce,0,3,3
Hesdi,3,0,3
Hesdina,0,3,3
Hesdo,3,0,3
Hesed,3,0,3
Hesen,3,0,3
Heshan,3,0,3
Heshel,3,0,3
Heshen,0,3,3
Heshley,3,0,3
Heshmeet,0,3,3
Heshwa,0,3,3
Hesi,0,3,3
Hesibe,0,3,3
Hesin,3,0,3
Hesjona,0,3,3
Heskey,3,0,3
Heskiel,3,0,3
Heskil,3,0,3
Hesly-Jay,3,0,3
Heslyne,0,3,3
Hesmalien,0,3,3
Hesmary,0,3,3
Hesnaa,0,3,3
Hesne,0,3,3
Heso,3,0,3
Hesoo,0,3,3
Hésou,3,0,3
Hespe,3,0,3
Hesraar,3,0,3
Hesral,3,0,3
Hesrat,0,3,3
Hessa,0,3,3
Hessaana,0,3,3
Hessal,3,0,3
Hessan,3,0,3
Hesschley,0,3,3
Hesse-Anne,0,3,3
Hessein,3,0,3
Hessel-Aart,3,0,3
Hessel-Klaas,3,0,3
Hessel-Lode,3,0,3
Hessel-Sytse,3,0,3
Hessèle,0,3,3
Hesseleen,0,3,3
Hesselita,0,3,3
Hessellien,0,3,3
Hessellientje,0,3,3
Hesselt,3,0,3
Hesseltsje,0,3,3
Hessephius,3,0,3
Hessi,0,3,3
Hessilia,0,3,3
Hesso,3,0,3
Hessu,3,0,3
Hestell,0,3,3
Hester-Helena,0,3,3
Hester-Hendrika,0,3,3
Hester-Linde,0,3,3
Hesteria,0,3,3
Hesteric,3,0,3
Hesterinus,3,0,3
Hesteris,3,0,3
Hesterke,0,3,3
Hestermina,0,3,3
Hesterstina,0,3,3
Hesti,0,3,3
Hestiar,3,0,3
Hestie,0,3,3
Hestria,0,3,3
Hesty,0,3,3
Hestya,0,3,3
Hesuchia,0,3,3
Hesusita,0,3,3
Hesward,3,0,3
Hesychius,3,0,3
Hetaria,0,3,3
Hetclif,3,0,3
Hetdor,3,0,3
Hetem,3,0,3
Heteróclito,3,0,3
Hetger,3,0,3
Hetina,0,3,3
Hetish,3,0,3
Hetisha,0,3,3
Hetley,0,3,3
Hetman,3,0,3
Hetminton,3,0,3
Hetny,3,0,3
Hetoewi,0,3,3
Hetos,3,0,3
Hetse,3,0,3
Hetser,3,0,3
Hette-Anne,3,0,3
Hette-Marie,0,3,3
Hettha,0,3,3
Hettie-Hannah,0,3,3
Hettiena,0,3,3
Hetwey,0,3,3
Hetwieg,0,3,3
Hetwiegers,0,3,3
Hetwiga,0,3,3
Hetwina,0,3,3
Heujer,3,0,3
Heulénio,3,0,3
Heulyn,3,0,3
Heun,3,0,3
Heung-jin,3,0,3
Heung-Ling,0,3,3
Heung-Wing,3,0,3
Heuria,0,3,3
Heurtin,0,3,3
Heusin,3,0,3
Heuwer,3,0,3
Heuy,3,0,3
Heuyen,0,3,3
Hevan,0,3,3
Hevana,0,3,3
Hevanly,0,3,3
Hëvanly-Angel,0,3,3
Hevar,0,3,3
Heve,3,0,3
Hevelcan,0,3,3
Hevelijn,0,3,3
Hevens,0,3,3
Heveny,0,3,3
Heves,0,3,3
Hevgin,3,0,3
Hévî,0,3,3
Hévian,3,0,3
Hêvida,0,3,3
Hevien,0,3,3
Hevila,0,3,3
Hêvîn,0,3,3
Hevind,3,0,3
Hevinyo,3,0,3
Hevjale,0,3,3
Hevon,3,0,3
Hevont,3,0,3
Hevrest,3,0,3
Hêvy,0,3,3
Hew-Eng,0,3,3
Hewaad,3,0,3
Hewaar,3,0,3
Hewar,3,0,3
Hewelin,0,3,3
Hewer,3,0,3
Hewien,0,3,3
Hewîn,0,3,3
Hewina,0,3,3
Hewler,0,3,3
Hewley,3,0,3
Hewr,3,0,3
Hexadioctux,3,0,3
Hexu,3,0,3
Hey-Tung,0,3,3
Hey-Yu,0,3,3
Heyab,0,3,3
Heyab-El,0,3,3
Heybe,3,0,3
Heybert,3,0,3
Heybettullah,3,0,3
Heydar,3,0,3
Heydé,0,3,3
Heyde,0,3,3
Heyden,3,0,3
Heyder,3,0,3
Heydine,0,3,3
Heydrun,0,3,3
Heyechina,0,3,3
Heyke,0,3,3
Heyl,3,0,3
Heylco,3,0,3
Heyle,3,0,3
Heylee,0,3,3
Heyley,0,3,3
Heylie,0,3,3
Heylina,0,3,3
Heylken,0,3,3
Heyly,0,3,3
Heyme-Dieter,3,0,3
Heymerick,3,0,3
Heymert,3,0,3
Heymradus,3,0,3
Heymüne,0,3,3
Heyn-Tjalling,3,0,3
Heynderik,3,0,3
Heyne,3,0,3
Heyno,3,0,3
Heyoan,3,0,3
Heyolina,0,3,3
Heysam,3,0,3
Heysham,3,0,3
Heystek,3,0,3
Heytam,3,0,3
Heytem,3,0,3
Heytiena,0,3,3
Heytim,3,0,3
Heyting,3,0,3
Heyu,3,0,3
Heyue,0,3,3
Heyun,3,0,3
Heyv,0,3,3
Heywad,3,0,3
Heyzel,3,0,3
Heyzjin,0,3,3
Hez,3,0,3
Heza,3,0,3
Hezan,0,3,3
Hezber,3,0,3
Heze,0,3,3
Hezeke,0,3,3
Hezekiel,3,0,3
Hezha,3,0,3
Hezira,0,3,3
Hezni,0,3,3
Heznor,3,0,3
Hezra,0,3,3
Hezrai,3,0,3
Hezria,0,3,3
Hezrien,0,3,3
Hfan,3,0,3
HFF,0,3,3
HFL,0,3,3
HFT,0,3,3
HGA,3,0,3
HGG,0,3,3
HGH,0,3,3
HGJ,3,0,3
HGJAM,3,0,3
HHA,3,0,3
Hhével,3,0,3
HHH,3,0,3
HHMG,0,3,3
Hi-jarobia,0,3,3
Hi-Yuan,3,0,3
Hiacintes,0,3,3
Hiacintia,0,3,3
Hiacinto,3,0,3
Hiacynta,0,3,3
Hiacyntius,3,0,3
Hiake,3,0,3
Hialyne,0,3,3
Hiaman,3,0,3
Hiamovi,3,0,3
Hian-Joeng,3,0,3
Hian-Seng,3,0,3
Hian-Siong,3,0,3
Hiang-li,0,3,3
Hiap,0,3,3
Hiara,0,3,3
Hias,3,0,3
Hiasan,3,0,3
Hiat-Ali,3,0,3
Hiba-t,0,3,3
Hiba-Zineb,0,3,3
Hibac,0,3,3
Hibag,0,3,3
Hibatoe-Allah,0,3,3
Hibatouallah,0,3,3
Hibatul,0,3,3
Hibatulah,0,3,3
Hibatullah,0,3,3
Hibbah-Allah,0,3,3
Hibban,3,0,3
Hibbatul-Shafi,0,3,3
Hibbel,0,3,3
Hibbuot,3,0,3
Hibelice,0,3,3
Hibelle,0,3,3
Hibigje,0,3,3
Hicabi,3,0,3
Hicaz,0,3,3
Hichael,3,0,3
Hichamme,3,0,3
Hichelle,0,3,3
Hichèm,3,0,3
Hichra,0,3,3
Hicks,3,0,3
Hiclal,0,3,3
Hiclif,3,0,3
Hico,3,0,3
Hicrannur,0,3,3
Hiçret,0,3,3
Hicri,3,0,3
Hida,0,3,3
Hidaajat,3,0,3
Hidaayah,0,3,3
Hidaia,0,3,3
Hidaja,0,3,3
Hidajeta,0,3,3
Hidajete,0,3,3
Hidalgo,3,0,3
Hidania,0,3,3
Hidanur,0,3,3
Hidanya,0,3,3
Hidar,3,0,3
Hidat,0,3,3
Hidaya-Allah,0,3,3
Hidayaat-Oellah,3,0,3
Hidayae,0,3,3
Hidaye,0,3,3
Hidayetolah,3,0,3
Hidde-Anco,3,0,3
Hidde-Bas,3,0,3
Hidde-Daniël,3,0,3
Hidde-Finne,3,0,3
Hidde-Johan,3,0,3
Hidde-Jurre,3,0,3
Hidde-Kees,3,0,3
Hidde-Martijn,3,0,3
Hidde-Mathijs,3,0,3
Hidde-Paul,3,0,3
Hidde-Peter,3,0,3
Hiddedina,0,3,3
Hiddeke,0,3,3
Hiddekella,0,3,3
Hiddi,0,3,3
Hiddiena,0,3,3
Hiddingh,3,0,3
Hiddionel,3,0,3
Hiddo-Sierd,3,0,3
Hiddonna,0,3,3
Hideja,0,3,3
Hidekel,3,0,3
Hideliëne,0,3,3
Hidenori,3,0,3
Hidewi,3,0,3
Hideya,0,3,3
Hidhe,0,3,3
Hidia,0,3,3
Hidig,3,0,3
Hidilton,3,0,3
Hidiyah,0,3,3
Hidjra,0,3,3
Hidly,0,3,3
Hidrik,3,0,3
Hidsje,0,3,3
Hidske,0,3,3
Hidulphus,3,0,3
Hidup,3,0,3
Hidy,0,3,3
Hidyo,0,3,3
Hidzerdina,0,3,3
Hieab,3,0,3
Hiedajadali,3,0,3
Hiedajetoellah,3,0,3
Hiedayedali,3,0,3
Hiedija,0,3,3
Hieenwaa,0,3,3
Hiefazia,0,3,3
Hiego,3,0,3
Hieke-Douwien,0,3,3
Hieke-Maria,0,3,3
Hiekelien,0,3,3
Hiekelientje,0,3,3
Hieken,3,0,3
Hiekus,3,0,3
Hielaysa,0,3,3
Hielcoline,0,3,3
Hiele-Jehannes,3,0,3
Hieleke,3,0,3
Hielekje,0,3,3
Hielida,0,3,3
Hielkdina,0,3,3
Hielke-Douwe,3,0,3
Hielkelina,0,3,3
Hielkes,3,0,3
Hiella,0,3,3
Hiellebrand,3,0,3
Hielliena,0,3,3
Hielona,0,3,3
Hielrich,3,0,3
Hieltsje,3,0,3
Hiemla,0,3,3
Hienah,0,3,3
Hiend,0,3,3
Hiëndry,3,0,3
Hieng,3,0,3
Hienna,0,3,3
Hienos,3,0,3
Hienrich,3,0,3
Hiepie,3,0,3
Hiera,3,0,3
Hierachand,3,0,3
Hieralall,3,0,3
Hieram,3,0,3
Hierdénath,3,0,3
Hiërijontimea,0,3,3
Hièro,3,0,3
Hiëromyus,3,0,3
Hieroniem,3,0,3
Hieronimo,3,0,3
Hiëronimos,3,0,3
Hieronique,0,3,3
Hieronumus,3,0,3
Hïeronyma,0,3,3
Hieronyme,0,3,3
Hieronymes,3,0,3
Hieronymo,3,0,3
Hiëronymos,3,0,3
Hierònymos,3,0,3
Hieronymous,3,0,3
Hièronymus,3,0,3
Hieropolis,3,0,3
Hieu-An,0,3,3
Hieu-Fong,0,3,3
Hîéu-Trung,3,0,3
Hievi,0,3,3
Hiew-Lin,0,3,3
Hiew-Thoeng,3,0,3
Hiew-Yuk,0,3,3
Hiewa,0,3,3
Hiewiedaar,0,3,3
HIF,0,3,3
Hifaá,0,3,3
Hifridus,3,0,3
Hifzi,3,0,3
Hifzoar,3,0,3
High,3,0,3
Higina,0,3,3
Higran,3,0,3
Higri,0,3,3
Higuaín,3,0,3
Hiham,3,0,3
Hihanna,0,3,3
Hiil,3,0,3
Hiillaal,3,0,3
Hijaab,0,3,3
Hijacenthus,3,0,3
Hijacinta,0,3,3
Hijacinthoes,3,0,3
Hijarobia,0,3,3
Hijasentha,0,3,3
Hijba,0,3,3
Hijbeliena,0,3,3
Hijbo-Jan,3,0,3
Hijbodina,0,3,3
Hijboline,0,3,3
Hijbrand,3,0,3
Hijcke,0,3,3
Hijco,3,0,3
Hijdar,3,0,3
Hijdie,0,3,3
Hije,3,0,3
Hijginus,3,0,3
Hijjab,0,3,3
Hijji,3,0,3
Hijke-Jan,3,0,3
Hijlades,3,0,3
Hijlberta,0,3,3
Hijlcke,3,0,3
Hijlcolina,0,3,3
Hijleke,0,3,3
Hijligondus,3,0,3
Hijlina,0,3,3
Hijmie,0,3,3
Hijmke,0,3,3
Hijmriët,0,3,3
Hijn,3,0,3
Hijnderiena,0,3,3
Hijnke,0,3,3
Hijnno,3,0,3
Hijnrietta,0,3,3
Hijnse,3,0,3
Hijo,3,0,3
Hijpko,3,0,3
Hijpoliet,3,0,3
Hijpolita,0,3,3
Hijppolite,3,0,3
Hijrah,0,3,3
Hijronimo,0,3,3
Hijsam,3,0,3
Hijtman,3,0,3
Hijzah,3,0,3
Hijzal,3,0,3
Hijzje,0,3,3
Hikar,3,0,3
Hikina,0,3,3
Hikke,3,0,3
Hikmattullah,3,0,3
Hikmet-Hüseyin,3,0,3
Hikmetcan,3,0,3
Hikmete,0,3,3
Hikmetullah,3,0,3
Hiknur,0,3,3
Hilá,0,3,3
Hilaaël,3,0,3
Hilaan,0,3,3
Hilaer,3,0,3
Hilaere,3,0,3
Hilagonda,0,3,3
Hilagunda,0,3,3
Hilah,0,3,3
Hilaij,0,3,3
Hilaine,0,3,3
Hilairina,0,3,3
Hilāl,0,3,3
Hilâl-Gamze,0,3,3
Hilalleah,0,3,3
Hilan,3,0,3
Hilàn,3,0,3
Hilanie,0,3,3
Hilanius,3,0,3
Hilanka,0,3,3
Hilanna,0,3,3
Hilano,3,0,3
Hilar,3,0,3
Hilara,0,3,3
Hilardo,3,0,3
Hilarie,0,3,3
Hilay,0,3,3
Hilayda,0,3,3
Hilbart,3,0,3
Hilbedina,0,3,3
Hilberdiena,0,3,3
Hilberdines,3,0,3
Hilberma,0,3,3
Hilbèrt,3,0,3
Hilbért,3,0,3
Hilbert-Paul,3,0,3
Hilberth,3,0,3
Hilberthe,0,3,3
Hilbertico,0,3,3
Hilberts,3,0,3
Hilberttina,0,3,3
Hilbeth,3,0,3
Hilbettien,0,3,3
Hilbin,0,3,3
Hilborn,3,0,3
Hilbran,3,0,3
Hilbrand-Joost,3,0,3
Hilbrandia,0,3,3
Hilbrantiena,0,3,3
Hilbrantina,0,3,3
Hilchairo,3,0,3
Hilchie,0,3,3
Hilchina,0,3,3
Hilcke,3,0,3
Hilda-Diny,0,3,3
Hildagarda,0,3,3
Hildagientje,0,3,3
Hildagina,0,3,3
Hildagonde,0,3,3
Hildane,0,3,3
Hildanette,0,3,3
Hildani,3,0,3
Hildany,0,3,3
Hildard,3,0,3
Hildborg,0,3,3
Hilde-Anne,0,3,3
Hilde-Christien,0,3,3
Hilde-Gees,0,3,3
Hilde-Hieke,0,3,3
Hilde-Hyk,0,3,3
Hilde-Karin,0,3,3
Hilde-Lisette,0,3,3
Hilde-Lotte,0,3,3
Hilde-marij,0,3,3
Hilde-Marjan,0,3,3
Hilde-Zita,0,3,3
Hildeberth,0,3,3
Hildebjørg,0,3,3
Hildebrandes,3,0,3
Hildebrands,3,0,3
Hildebrant,3,0,3
Hildeburgia,0,3,3
Hildechard,0,3,3
Hildechiena,0,3,3
Hildefridus,0,3,3
Hildefrieda,0,3,3
Hildega,0,3,3
Hildegaard,0,3,3
Hildegon,0,3,3
Hildegond,3,0,3
Hildegonna,0,3,3
Hildegrad,0,3,3
Hildegrim,3,0,3
Hildegunn,0,3,3
Hildeleen,0,3,3
Hildelena,0,3,3
Hildeline,0,3,3
Hildeloes,0,3,3
Hildemare,0,3,3
Hildemarthe,0,3,3
Hildemunde,0,3,3
Hilderd,3,0,3
Hilderika,0,3,3
Hilderike,0,3,3
Hilderikus,3,0,3
Hildert-Jan,3,0,3
Hildeswind,0,3,3
Hildewarda,0,3,3
Hildewina,0,3,3
Hildewine,0,3,3
Hildger,3,0,3
Hildiänne,0,3,3
Hildiarda,0,3,3
Hildienne,0,3,3
Hildiomar,3,0,3
Hildou,0,3,3
Hildra,0,3,3
Hildrik,3,0,3
Hildrika,0,3,3
Hildrun,0,3,3
Hildry,3,0,3
Hildtraut,0,3,3
Hildtrud,0,3,3
Hilduardo,3,0,3
Hildwyna,0,3,3
Hile,3,0,3
Hilechien,0,3,3
Hilegien,0,3,3
Hilegiena,0,3,3
Hilegje,0,3,3
Hileir,3,0,3
Hilema,0,3,3
Hilen,3,0,3
Hilene,0,3,3
Hiletta,0,3,3
Hilewiese,0,3,3
Hiley,3,0,3
Hilfina,0,3,3
Hilfrid,3,0,3
Hilgarda,0,3,3
Hilgarina,0,3,3
Hilgerd,3,0,3
Hilgert-Jan,3,0,3
Hilghinus,3,0,3
Hilgienes,3,0,3
Hilgonia,0,3,3
Hilgrada,0,3,3
Hilgur,3,0,3
Hilham,3,0,3
Hilhardt,3,0,3
Hilhelmina,0,3,3
Hilia,0,3,3
Hiliana,0,3,3
Hilianthe,0,3,3
Hiliase,3,0,3
Hilibranda,0,3,3
Hilibrande,0,3,3
Hilida,0,3,3
Hiligonda,0,3,3
Hílisa,0,3,3
Hilit,0,3,3
Hilje-Gonda,0,3,3
Hiljette,0,3,3
Hiljonda,0,3,3
Hiljonne,0,3,3
Hiljory,0,3,3
Hilkemina,0,3,3
Hilken,0,3,3
Hilkert,3,0,3
Hilkiene,0,3,3
Hilkijah,0,3,3
Hilkjen,0,3,3
Hilko-Jan,3,0,3
Hilkoda,0,3,3
Hilkyja,0,3,3
Hill-Lock,3,0,3
Hillagond,0,3,3
Hillah,0,3,3
Hillaine,0,3,3
Hillan,3,0,3
Hillana,0,3,3
Hillanda,0,3,3
Hillandy,0,3,3
Hillanje,0,3,3
Hillaray,0,3,3
Hillardo,3,0,3
Hillardus,3,0,3
Hillarey,0,3,3
Hillarieke,0,3,3
Hillario,3,0,3
Hillary-Anousca,0,3,3
Hillaryos,3,0,3
Hillborg,0,3,3
Hille-Cathelijne,0,3,3
Hille-Doede,3,0,3
Hille-Janna,0,3,3
Hille-Loïse,0,3,3
Hille-Louise,0,3,3
Hilléanne,0,3,3
Hillebas,3,0,3
Hilleberta,0,3,3
Hilleborg,0,3,3
Hillebrande,0,3,3
Hillebrandes,3,0,3
Hillebrandie,0,3,3
Hillebrandien,0,3,3
Hillebrandje,0,3,3
Hillebrenda,0,3,3
Hilledie,3,0,3
Hilledine,0,3,3
Hillegeert,0,3,3
Hillegerde,0,3,3
Hilleggien,0,3,3
Hillegientje,0,3,3
Hillegonne,0,3,3
Hillegonnie,0,3,3
Hillegont,0,3,3
Hillegrarda,0,3,3
Hillegré,0,3,3
Hillein,0,3,3
Hillelouise,0,3,3
Hillemien,0,3,3
Hillemiena,0,3,3
Hillemijn,0,3,3
Hilléne,0,3,3
Hillenson,3,0,3
Hillenus,3,0,3
Hilleny,0,3,3
Hilleouse,0,3,3
Hilleray,0,3,3
Hillerd,3,0,3
Hillergina,0,3,3
Hillerich,3,0,3
Hillery-Ann,0,3,3
Hilles,3,0,3
Hillestiena,0,3,3
Hillette,0,3,3
Hillewesie,0,3,3
Hillewiesse,0,3,3
Hillfung,0,3,3
Hillgrada,0,3,3
Hilliann,0,3,3
Hilliano,3,0,3
Hillianta,0,3,3
Hillibrandus,3,0,3
Hillichientje,0,3,3
Hillichienus,3,0,3
Hillichinus,3,0,3
Hillida,0,3,3
Hillie-Anne,0,3,3
Hillie-Annie,0,3,3
Hillieanne,0,3,3
Hilliejan,0,3,3
Hillienke,0,3,3
Hilliët,0,3,3
Hillieta,0,3,3
Hillig,0,3,3
Hilligard,3,0,3
Hilligchiena,0,3,3
Hilliger,3,0,3
Hilliggien,0,3,3
Hilligie,0,3,3
Hillijn,0,3,3
Hillin,0,3,3
Hillingdonia,0,3,3
Hillinna,0,3,3
Hillis,0,3,3
Hillise,0,3,3
Hilliza,0,3,3
Hillöise,0,3,3
Hillrich,3,0,3
Hillyana,0,3,3
Hillyanna,0,3,3
Hillyante,0,3,3
Hillychia,0,3,3
Hillyna,0,3,3
Hillyona,0,3,3
Hillyoung,3,0,3
Hillyreach,0,3,3
Hillysa,0,3,3
Hilman,3,0,3
Hilmand,3,0,3
Hilmanda,0,3,3
Hilmar-Niels,3,0,3
Hilmen,0,3,3
Hilmieke,0,3,3
Hilmije,0,3,3
Hilmitunahan,3,0,3
Hilmiya,0,3,3
Hilmiye,0,3,3
Hilmoed,3,0,3
Hilmon,3,0,3
Hilna,0,3,3
Hilneke,0,3,3
Hilnette,0,3,3
Hilnora,0,3,3
Hilouska,0,3,3
Hilowle,3,0,3
Hilrena,0,3,3
Hilri-janny,0,3,3
Hilriël,0,3,3
Hilrike,0,3,3
Hilroy,3,0,3
Hilry,0,3,3
Hilsa,0,3,3
Hilsemonde,0,3,3
Hilt,3,0,3
Hiltinca,0,3,3
Hilting,0,3,3
Hiltje-Tini,0,3,3
Hiltjedochter,0,3,3
Hiltony,0,3,3
Hiltraud,0,3,3
Hiltrudus,0,3,3
Hiltruud,0,3,3
Hiltzen,3,0,3
Hiluk,3,0,3
Hilvan,0,3,3
Hilvelina,0,3,3
Hilverda,0,3,3
Hilverdiena,0,3,3
Hilverencia,0,3,3
Hilvers,3,0,3
Hilvert-Jan,3,0,3
Hilvert-Willem,3,0,3
Hilvertdina,0,3,3
Hilvertdine,0,3,3
Hilvertje,0,3,3
Hilvi,0,3,3
Hilwa,0,3,3
Hilweh,0,3,3
Hilwerd,3,0,3
Hilwiena,0,3,3
Hilwinde,0,3,3
Hily,0,3,3
Hily-Rheye,0,3,3
Hilya,0,3,3
Hilye,0,3,3
Hilza,0,3,3
Himadjuwita,0,3,3
Himajo,0,3,3
Himala,3,0,3
Himan,0,3,3
Himana,0,3,3
Himanish,3,0,3
Himanjali,0,3,3
Himano,3,0,3
Himans,3,0,3
Himanshi,0,3,3
Himanshoe,3,0,3
Himansoerai,3,0,3
Himansuroy,3,0,3
Himantha,3,0,3
Himasa,0,3,3
Himatjalkoemarie,0,3,3
Himawan,3,0,3
Himbe,3,0,3
Himbrah,0,3,3
Himchander,3,0,3
Himdath,3,0,3
Himdjiet,3,0,3
Hime,0,3,3
Himen,3,0,3
Himeshkumar,3,0,3
Himiah,0,3,3
Himma,3,0,3
Himmat,3,0,3
Himmetcan,3,0,3
Himmia,0,3,3
Himoet,0,3,3
Himolaan,3,0,3
Himphrey,3,0,3
Himra,0,3,3
Himraaj,3,0,3
Himradjie,0,3,3
Himraj,3,0,3
Himsa,3,0,3
Himwatie,0,3,3
Himyar,3,0,3
Himzo,3,0,3
hin,3,0,3
Hin-Giauw,3,0,3
Hin-Lun,3,0,3
Hin-Yu,3,0,3
Hin-Yung,3,0,3
Hinaash,3,0,3
Hinako,0,3,3
Hinami,0,3,3
Hinaya,0,3,3
Hindav,3,0,3
Hindeline,0,3,3
Hindely,0,3,3
Hinden,0,3,3
Hinderic,3,0,3
Hinderiec,0,3,3
Hinderiek,0,3,3
Hinderiena,0,3,3
Hinderika-Everdina,0,3,3
Hinderiktje,0,3,3
Hinderke,3,0,3
Hinderrike,0,3,3
Hinders,3,0,3
Hindertienes,3,0,3
Hindertjen,0,3,3
Hindia,0,3,3
Hindine,3,0,3
Hindio,0,3,3
Hindira,0,3,3
Hindirika,0,3,3
Hindirktje,0,3,3
Hindoen,3,0,3
Hindra,0,3,3
Hindrek,3,0,3
Hindrekin,0,3,3
Hindric,3,0,3
Hindrich,3,0,3
Hindrico,3,0,3
Hindriektje,0,3,3
Hindriena,0,3,3
Hindrietta,0,3,3
Hindrik-Jans,3,0,3
Hindrikes,3,0,3
Hindrikka,0,3,3
Hindrikkiena,0,3,3
Hindrin,0,3,3
Hindrine,0,3,3
Hindryetta,0,3,3
Hindun,0,3,3
Hindyo,0,3,3
Hineihana,0,3,3
Hing-Long,3,0,3
Hinh,3,0,3
Hinipi,3,0,3
Hinke-Grietje,0,3,3
Hinke-Janet,0,3,3
Hinke-Maike,0,3,3
Hinke-Mare,0,3,3
Hinkelina,0,3,3
Hinkie,3,0,3
Hinkjan,3,0,3
Hinktje,0,3,3
Hinktjen,0,3,3
Hinky,0,3,3
Hinnaagatoen,0,3,3
Hinnazamir,0,3,3
Hinne-Albert,3,0,3
Hinne-Anne,3,0,3
Hinne-Martijn,3,0,3
Hinnerkje,0,3,3
Hinny-Anna,0,3,3
Hino,3,0,3
Hinorada,0,3,3
Hinre,0,3,3
Hinric,3,0,3
Hinricha,0,3,3
Hinrien,0,3,3
Hinriëta,0,3,3
Hinriëthe,0,3,3
Hinrietta,0,3,3
Hinrijke,0,3,3
Hinrikes,3,0,3
Hinrique,3,0,3
Hinry,3,0,3
Hinsejan,3,0,3
Hinson,3,0,3
Hinsona,0,3,3
Hint,0,3,3
Hinto,3,0,3
Hinton,3,0,3
Hintoo,3,0,3
Hinzano,3,0,3
Hinzhi,3,0,3
Hipoli,3,0,3
Hipolina,0,3,3
Hipollita,0,3,3
Hipp,3,0,3
Hippe,3,0,3
Hippie,0,3,3
Hippo,3,0,3
Hippodamea,0,3,3
Hippolijte,3,0,3
Hippolijtha,0,3,3
Hippolijthe,3,0,3
Hippolijtus,3,0,3
Hippolite,3,0,3
Hippolyt,3,0,3
Hippolytes,3,0,3
Hippolyth,3,0,3
Hippolytos,3,0,3
Hìra,0,3,3
Hirâ,0,3,3
Hira-Nur-Leyla,0,3,3
Hiraani,0,3,3
Hirah,0,3,3
Hiraina,0,3,3
Hiraldo,3,0,3
Hiranaz,0,3,3
Hirano,3,0,3
Hiranthie,0,3,3
Hiranyawrât,3,0,3
Hirapersad,3,0,3
Hiras,3,0,3
Hiraya,0,3,3
Hirbod,3,0,3
Hirchel,3,0,3
Hirco,3,0,3
Hirday-pal,3,0,3
Hirdaya,3,0,3
Hireb,3,0,3
Hireimah,0,3,3
Hirendra,3,0,3
Hirene,0,3,3
Hirent,3,0,3
Hiri,3,0,3
Hiria,3,0,3
Hirinder,3,0,3
Hirisha,0,3,3
Hiristo,3,0,3
Hirity,0,3,3
Hirja,0,3,3
Hirjan,3,0,3
Hirlande,0,3,3
Hirmania,0,3,3
Hirnaqchi,0,3,3
Hirokie,3,0,3
Hiroko,0,3,3
Hiroko-Sun,0,3,3
Hironima,0,3,3
Hironimo,3,0,3
Hironius,3,0,3
Hironyma,0,3,3
Hiroyoshi,3,0,3
Hiroyuki,3,0,3
Hirsh,3,0,3
Hirshant,3,0,3
Hirta,0,3,3
Hirthe,0,3,3
Hirtje,3,0,3
Hiru,3,0,3
Hirun,3,0,3
Hirundo,3,0,3
Hiruni,0,3,3
Hirushan,3,0,3
Hirut,0,3,3
Hiryenne,0,3,3
Hiryus,3,0,3
Hirze,3,0,3
Hirzina,0,3,3
Hisae,0,3,3
Hisao,3,0,3
Hisayo,0,3,3
Hiscal,3,0,3
Hischia,0,3,3
Hiscke,0,3,3
Hiscolina,0,3,3
Hisdert,3,0,3
Hisei,3,0,3
Hisette,0,3,3
Hishee,3,0,3
Hisja,3,0,3
Hisjaam,3,0,3
Hisjem,3,0,3
Hiske-Freerkje,0,3,3
Hiske-Käthy,0,3,3
Hiskéa,0,3,3
Hiskea-Tjakina,0,3,3
Hiskeliena,0,3,3
Hiskeline,0,3,3
Hiskelyn,0,3,3
Hiskía,3,0,3
Hiskija,0,3,3
Hiskolina,0,3,3
Hislaine,0,3,3
Hismain,3,0,3
Hismaín,3,0,3
Hismar,3,0,3
Hismia,0,3,3
Hisol,0,3,3
Hissam,3,0,3
Hissan,3,0,3
Hissen,0,3,3
Hissie,0,3,3
Hissien,0,3,3
Hisso,3,0,3
Histeria,0,3,3
Hisulene,0,3,3
Hiswan,3,0,3
Hiswill,3,0,3
Hiszina,0,3,3
Hit,3,0,3
Hita,3,0,3
Hitaishi,0,3,3
Hitasau,3,0,3
Hitaschja,0,3,3
Hitia,0,3,3
Hitindra,3,0,3
Hitje-Regina,0,3,3
Hitserus,3,0,3
Hitsie,0,3,3
Hitti,0,3,3
Hittine,0,3,3
Hittje-Marieke,0,3,3
Hittrix,0,3,3
Hitwigges,3,0,3
Hiu-Fong,3,0,3
Hiu-Fung,3,0,3
Hiu-Lam,0,3,3
Hiu-Suet,0,3,3
Hiu-Tung,0,3,3
Hiu-Yan,0,3,3
Hiu-Yeung,0,3,3
Hiuching,0,3,3
Hiung,3,0,3
Hîva,0,3,3
Hivanisha,0,3,3
Hivar,3,0,3
Hivay,0,3,3
Hive,0,3,3
Hivron,0,3,3
Hivy,0,3,3
Hiw,0,3,3
Hiwâ,0,3,3
Hiwaad,3,0,3
Hiwad,3,0,3
Hiwaynur,0,3,3
Hiwe,3,0,3
Hiya,0,3,3
Hiyèl,3,0,3
Hiygmah,0,3,3
Hiyomi,0,3,3
Hiyrari,0,3,3
Hizam,3,0,3
Hizar,3,0,3
Hizer,3,0,3
Hizniye,0,3,3
Hizqeel,3,0,3
Hizskia,3,0,3
Hjaldemara,0,3,3
Hjaldemir,3,0,3
Hjallmar,3,0,3
Hjálmar,3,0,3
Hjalmar-Immanuël,3,0,3
Hjalmara,0,3,3
Hjálmarsdóttir,0,3,3
Hjalmr,3,0,3
Hjälte,3,0,3
Hjango,3,0,3
Hjarne,3,0,3
HJC,0,3,3
Hjelde,0,3,3
Hjelmer,3,0,3
Hjerremy,3,0,3
Hjet,0,3,3
HJI,3,0,3
Hjildau,0,3,3
HJN,0,3,3
Hjoen,0,3,3
Hjörlef,3,0,3
Hjort,3,0,3
Hjortur,3,0,3
HJP,0,3,3
Hjun,3,0,3
Hjuvi,3,0,3
HJW,3,0,3
Hjørdis-Kersti,0,3,3
Hkadija,0,3,3
Hkawn,0,3,3
Hkawng,3,0,3
Hkum,3,0,3
Hlallia,0,3,3
Hlema,0,3,3
Hlengiwe,0,3,3
Hlenka,0,3,3
Hlima,0,3,3
Hliya,0,3,3
HLLM,3,0,3
Hlodowig,3,0,3
HMB,3,0,3
Hmdan,0,3,3
HMFW,0,3,3
Hmida,3,0,3
Hmidouch,3,0,3
HML,3,0,3
HMMA,3,0,3
HMMH,3,0,3
HMP,0,3,3
HMS,0,3,3
HMT,0,3,3
Hmu,3,0,3
HMW,0,3,3
Hnady,0,3,3
Hnan,0,3,3
Hnana,0,3,3
Hnane,0,3,3
Hniya,0,3,3
Ho-Ching,3,0,3
Ho-chun,3,0,3
Ho-Foeng,3,0,3
Ho-Fung,3,0,3
Ho-Ho,0,3,3
Ho-In,3,0,3
Ho-King,3,0,3
Ho-Kit,3,0,3
Ho-Kong,3,0,3
Ho-Kong-Mien,3,0,3
Ho-kong-mien,0,3,3
Ho-Kuen,3,0,3
Ho-Lam,3,0,3
Ho-Ling,3,0,3
Ho-lung,3,0,3
Ho-Lung,3,0,3
Ho-nam,3,0,3
Ho-Pan,3,0,3
Ho-Pin,3,0,3
Ho-Pong,3,0,3
Ho-sie-tjon,0,3,3
Ho-tat,3,0,3
Ho-Thad,3,0,3
Ho-Tong,3,0,3
Ho-Wai,3,0,3
Ho-Wha,3,0,3
Ho-Yan,0,3,3
Ho-Yen,3,0,3
Ho-Yi,3,0,3
Ho-yin,3,0,3
Ho-Ying,0,3,3
Hoà,3,0,3
Hoa-Lan,3,0,3
Hòa-Lan,0,3,3
Hoa-Mi,0,3,3
Hoa-Nam,3,0,3
Hoa-Nhi,0,3,3
Hoài,3,0,3
Hòai,3,0,3
Hoai-Viet,3,0,3
Hoaite,3,0,3
Hoaitsje,0,3,3
Hoami,0,3,3
Hoan-Kim,3,0,3
hoang,3,0,3
Hoäng,3,0,3
Hoàng-Anh,3,0,3
Hoàng-Huy,3,0,3
Hoang-Lam,3,0,3
Hoang-Lan,0,3,3
Hoang-Thuy,3,0,3
Hoang-Tôn,3,0,3
Hoangchau,0,3,3
Hoanglinh,0,3,3
Hoangnhung,0,3,3
Hoangoanh,0,3,3
Hoanh,3,0,3
Hoaquin,3,0,3
Hoathi,0,3,3
Hôatske,0,3,3
Hob,3,0,3
Hobar,3,0,3
Hobarth,3,0,3
Hobbina,0,3,3
Hobbine,0,3,3
Hobcyn,3,0,3
Hoberthinna,0,3,3
Hobester,3,0,3
Hobil,3,0,3
Hobina,0,3,3
Hobrin,3,0,3
Hoce,3,0,3
Hoceïn,3,0,3
Hoceme,3,0,3
hoda,0,3,3
Hodaa,0,3,3
Hodaëfa,3,0,3
Hodaiah,0,3,3
Hodaisa,0,3,3
Hodaja,0,3,3
Hodajah,0,3,3
Hodajfa,3,0,3
Hodayna,0,3,3
Hodea,0,3,3
Hodeliva,0,3,3
Hoden,0,3,3
Hodha,0,3,3
Hodhaifa,3,0,3
Hodiyan,3,0,3
Hodna,0,3,3
Hodon,0,3,3
Hodse,3,0,3
Hodske,0,3,3
Hody,3,0,3
Hoeakpe,3,0,3
Hoebe,3,0,3
Hoebeer,3,0,3
Hoebère,3,0,3
Hoebinald,3,0,3
Hoebradj,3,0,3
Hoebradjie,0,3,3
Hoedaa,0,3,3
Hoedaifah,3,0,3
Hoedeifah,3,0,3
Hoedeyfa,3,0,3
Hoedhaifa,3,0,3
Hoedhayfa,3,0,3
Hoedia,3,0,3
Hoedzaifah,3,0,3
Hoegien,0,3,3
Hoeki,3,0,3
Hoekstrada,0,3,3
Hoelie,3,0,3
Hoelsi,0,3,3
Hoemairaa,0,3,3
Hoemairah,0,3,3
Hoemar,3,0,3
Hoemed,3,0,3
Hoemeirra,0,3,3
Hoenaïda,0,3,3
Hoener,3,0,3
Hoepradji,0,3,3
Hoereira,0,3,3
Hoeria,0,3,3
Hoeriah,0,3,3
Hoesaij,0,3,3
Hoesamaddin,3,0,3
Hoesana,0,3,3
Hoesano,3,0,3
Hoesay,0,3,3
Hoeseen,3,0,3
Hoeseinali,3,0,3
Hoesej,0,3,3
Hoesèm,3,0,3
Hoesen,3,0,3
Hoeshna,0,3,3
Hoesian,3,0,3
Hoesnabanu,0,3,3
Hoesne-Banoe,0,3,3
Hoesne-Bibi,0,3,3
Hoesne-Farah,0,3,3
Hoesne-Firoza,0,3,3
Hoesneara,0,3,3
Hoesnia,0,3,3
Hoessam,3,0,3
Hoesseina,0,3,3
Hoessen,3,0,3
Hoessien,3,0,3
Hoew,3,0,3
Hoeyam,0,3,3
Hoeyame,0,3,3
Hoezyfa,3,0,3
Hofailo,3,0,3
Hoffman,3,0,3
Hofiel,3,0,3
Hofnie,3,0,3
Hogai,0,3,3
Hogard,3,0,3
Hogarth,3,0,3
Hogay,0,3,3
Hoger,3,0,3
Hoggar,3,0,3
Högni,3,0,3
Hogr,3,0,3
Hoh,3,0,3
Hohanes,3,0,3
Hohng,3,0,3
Hoi-Au,0,3,3
Hoi-Bo,0,3,3
Hoi-Ching,0,3,3
Hoi-Hee,3,0,3
Hoi-Hong,3,0,3
Hoi-Kam,0,3,3
Hoi-Kang,3,0,3
Hoi-Kin,3,0,3
Hoi-Kiu,0,3,3
Hoi-Ling,0,3,3
Hoi-Mee,0,3,3
Hoi-Shan,0,3,3
Hoi-Suen,0,3,3
Hoi-Tsang,3,0,3
Hoi-Tung,0,3,3
Hoi-Yee,0,3,3
Hoi-yee,0,3,3
Hoi-Yie,0,3,3
Hoi-Yin,3,0,3
Hoi-Ying,0,3,3
Hoi-Yiu,0,3,3
Hoi-Yum,0,3,3
Hoidong,0,3,3
Höier,3,0,3
Hoihee,3,0,3
Hoikay,0,3,3
Hoiling,0,3,3
Hoimonti,0,3,3
Hoin,0,3,3
Hoinuj,3,0,3
Hoiram,0,3,3
Hoitina,0,3,3
Hoitze,3,0,3
Hoiyiu,0,3,3
Hoj,0,3,3
Hojatullah,3,0,3
Hojer,3,0,3
Hojin,3,0,3
Hok-Him,3,0,3
Hok-Ken,3,0,3
Hok-Leung,3,0,3
Hok-Lim,3,0,3
Hok-Yuen,3,0,3
Hoka,3,0,3
Hokaminai,3,0,3
Hokar,3,0,3
Hokit,3,0,3
Hökkes,3,0,3
Hokkie,3,0,3
Hoklin,3,0,3
Hokliong,3,0,3
Hoksi,3,0,3
Hoku,0,3,3
Hokuaonani,0,3,3
Hokyu,3,0,3
Hol-San,3,0,3
Holaco,3,0,3
Holakou,3,0,3
Holan,3,0,3
Holbertihna,0,3,3
Holbox,3,0,3
Holch,3,0,3
Holcherd,3,0,3
Holco,3,0,3
Holde,0,3,3
Holder,3,0,3
Holdert,3,0,3
Holding,3,0,3
Holdinga,3,0,3
Holdy,0,3,3
Holepherna,0,3,3
Holephernes,3,0,3
Holeun,3,0,3
Holger-Sven,3,0,3
Holgie,3,0,3
Holiah,0,3,3
Holiday,3,0,3
Holivud,3,0,3
Holke-Hans,3,0,3
Holl-Yee,0,3,3
Holla,3,0,3
Hollandine,0,3,3
Hollando,3,0,3
Hollen,3,0,3
Hollenath,3,0,3
Hollis,3,0,3
Hollister,3,0,3
Holly-Jane,0,3,3
Holly-Sue,0,3,3
Holma,0,3,3
Holmarus,3,0,3
Holong,0,3,3
Holophernus,3,0,3
Holphernus,3,0,3
Hölscher,0,3,3
Hölter,3,0,3
Holtman,3,0,3
Holton,3,0,3
Holwijn,3,0,3
Holyas,3,0,3
Holyfield,3,0,3
Homad,3,0,3
Homajon,3,0,3
Homane,3,0,3
Homannus,3,0,3
Homataj,0,3,3
Homayon,3,0,3
Homayoon,3,0,3
Homayoun,3,0,3
Homayra,0,3,3
Homber,3,0,3
Hombertico,3,0,3
Hombrequito,3,0,3
Homdath,3,0,3
Home,3,0,3
Homeara,0,3,3
Homeidou,3,0,3
Homeira,0,3,3
Homeyra,0,3,3
Homgo,3,0,3
Homi,0,3,3
Homib,0,3,3
Homina,0,3,3
Homira,0,3,3
Homkje,0,3,3
Hommarus,3,0,3
Hommeke,0,3,3
Hommelina,0,3,3
Hommerdina,0,3,3
Hommy,3,0,3
Homobonis,3,0,3
Homoud,3,0,3
Homradjie,0,3,3
Hon-Ming,3,0,3
Hon-Si,3,0,3
Hon-Wing,3,0,3
Hon-Woen,3,0,3
Hon-Yin,3,0,3
Honaeida,0,3,3
Honai,0,3,3
Honaida,0,3,3
Honain,3,0,3
Honam,3,0,3
Honary,0,3,3
Honas,3,0,3
Honayda,0,3,3
Honda,3,0,3
Honea,0,3,3
Honeré,3,0,3
Honerina,0,3,3
Honest,0,3,3
Honestly,0,3,3
Honestus,3,0,3
Honesty,3,0,3
Honey-Dhaymond,0,3,3
Honey-Lee,0,3,3
Honfung,3,0,3
Hōng,0,3,3
Hong-Hong,0,3,3
Hong-Kee,3,0,3
Hong-Kiu,3,0,3
Hong-Lee,3,0,3
Hong-Li,3,0,3
Hong-Ling,0,3,3
Hong-Linh,0,3,3
Hong-May,3,0,3
Hong-Nhung,0,3,3
Hong-Nio,0,3,3
Hong-Wah,3,0,3
Hong-wei,3,0,3
Hong-Wha,3,0,3
Hong-Yee,0,3,3
Hong-Yiu,0,3,3
Hong-Yu,3,0,3
Hong-Zhen,3,0,3
Honganh,0,3,3
Hongfaa,0,3,3
Hongfha,0,3,3
Hongli,3,0,3
Hongling,0,3,3
Hongnhi,0,3,3
Hongsaeng,3,0,3
Hongwei,3,0,3
Hongwha,3,0,3
Hongye,0,3,3
Hongyue,3,0,3
Hongzhang,0,3,3
HóngZhēn,3,0,3
Honimoa,0,3,3
Honja,0,3,3
Honkar,0,3,3
Honla,0,3,3
Honna,0,3,3
Honne-Marij,0,3,3
Honneur,0,3,3
Honnie,3,0,3
Honnix,3,0,3
Honnoré,0,3,3
Honnyca,0,3,3
Hono,0,3,3
Honoka,0,3,3
Honolulu,0,3,3
Honoratha,0,3,3
Honorato,3,0,3
Honoree,0,3,3
Honorica,0,3,3
Honoriel,3,0,3
Honorin,0,3,3
Honorinus,3,0,3
Honório,3,0,3
Honorta,0,3,3
Honoura,0,3,3
Honourabel,0,3,3
Honovi,3,0,3
Honyin,3,0,3
Hoo-Laam,3,0,3
Hoo-Man,3,0,3
Hoo-Ming,3,0,3
Hoo-yan,3,0,3
Hoo-Yee,0,3,3
Hood,3,0,3
Hoodeh,0,3,3
Hoogwerf,3,0,3
Hooi-Ying,0,3,3
Hookmani,3,0,3
Hooly,3,0,3
Hooman,3,0,3
Hoorain,0,3,3
Hoosay,0,3,3
Hooshiar,3,0,3
Hooshmand,3,0,3
Hoote,3,0,3
Hooto,3,0,3
Hoover,3,0,3
Hooy,0,3,3
Hope-Faith,0,3,3
Hope-Jordan,0,3,3
Hope-logán,0,3,3
Hope-Vayeanne,0,3,3
Hopewell,3,0,3
Hopke,0,3,3
Hopson,3,0,3
Horacia,0,3,3
Horaira,3,0,3
Horaïra,3,0,3
Horalina,0,3,3
Horalio,3,0,3
Horas,3,0,3
Horatchio,3,0,3
Horatiu,3,0,3
Horaytio,3,0,3
Horbert,3,0,3
Horbertina,0,3,3
Horby,3,0,3
Horchia,0,3,3
Horchio,3,0,3
Horcio,3,0,3
Hordina,0,3,3
Horea,3,0,3
Horeb,3,0,3
Horecia,0,3,3
Horentius,3,0,3
Horfan,3,0,3
Horfanullah,3,0,3
Horfeo,3,0,3
Horge,3,0,3
Horija,0,3,3
Horillyo,3,0,3
Horizio,3,0,3
Horja-Said,0,3,3
Hormah,0,3,3
Hormatullah,3,0,3
Hormer,3,0,3
Hormez,3,0,3
Hornbæk,0,3,3
Hornela,0,3,3
Hornoria,0,3,3
Horphee,0,3,3
Horpina,0,3,3
Horreüs,3,0,3
Horria,0,3,3
Horriah,0,3,3
Horroen,3,0,3
Hors,3,0,3
Horsina,0,3,3
Horsje,0,3,3
Horst-Peter,3,0,3
Horst-Walter,3,0,3
Horste,0,3,3
Horstina,0,3,3
Horstmar,3,0,3
Horta,0,3,3
Hortanse,0,3,3
Hortansi,0,3,3
Hortelinda,0,3,3
Hortênce,0,3,3
Hortensianus,3,0,3
Hortensio,3,0,3
Hortenze,0,3,3
Horthens,3,0,3
Horthesia,0,3,3
Hortilana,0,3,3
Hortisha,0,3,3
Horton,3,0,3
Hortse,3,0,3
Horuma,0,3,3
Horyin,3,0,3
Hosaam,3,0,3
Hosai,0,3,3
Hosaijn,3,0,3
Hosainotoe,0,3,3
Hosannah-Jean,0,3,3
Hosayan,3,0,3
Hoscar,3,0,3
Hoschang,3,0,3
Hoscorn,3,0,3
Hosdee,0,3,3
Hosè,3,0,3
Hose-Gregorio,3,0,3
Hoséa,3,0,3
Hoséah,3,0,3
Hoséana,0,3,3
Hoselitto,3,0,3
Hosem,3,0,3
Hosenk,3,0,3
Hosenuël,3,0,3
Hoseph,3,0,3
Hoseyin,3,0,3
Hosfe,3,0,3
Hosham,3,0,3
Hoshank,3,0,3
Hosheenu,0,3,3
Hosher,3,0,3
Hoshiaar,3,0,3
Hoshiana,0,3,3
Hoshiko,3,0,3
Hoshnarain,3,0,3
Hosiana,0,3,3
Hosiek,3,0,3
Hosita,0,3,3
Hosmin,3,0,3
Hosneia,0,3,3
Hosney,3,0,3
Hosniya,0,3,3
Hosniyyah,0,3,3
Hosrov,3,0,3
Hoss,3,0,3
Hossaam,3,0,3
Hossaein,3,0,3
Hossai,0,3,3
Hossaïn,3,0,3
Hossaine,3,0,3
Hossaini,3,0,3
Hossam-Addin,3,0,3
Hossameddine,3,0,3
Hossana,0,3,3
Hossanatu,0,3,3
Hosse,3,0,3
Hosseen,3,0,3
Hosseïn,3,0,3
Hosseine,3,0,3
Hossine,3,0,3
Hossy,0,3,3
Hostina,0,3,3
Hotaro,3,0,3
Hotay,3,0,3
Hotei,3,0,3
Hotger,3,0,3
Hotgera,0,3,3
Hother,3,0,3
Hothi,3,0,3
Hotiene,0,3,3
Hotlief,3,0,3
Hotman,3,0,3
Hotrie,0,3,3
Hotschke,0,3,3
Hotspur,0,3,3
Hottum,3,0,3
Hotu,3,0,3
Hotze-Haaije,3,0,3
Hotzelena,0,3,3
Hotzes,3,0,3
Hóu,3,0,3
Hou-Di,3,0,3
Hou-Jin,3,0,3
Hou-Yu,3,0,3
Houaida,0,3,3
Houanna,0,3,3
Houard,3,0,3
Houaria,0,3,3
Houayda,0,3,3
Houcem,3,0,3
Houçin,3,0,3
Houcine-Reza,3,0,3
Houdaa,0,3,3
Houdaina,0,3,3
Houdein,3,0,3
Houdeva,3,0,3
Houdhaifa,3,0,3
Houdiafa,3,0,3
Houdifa,3,0,3
Houdina,0,3,3
Houdine,0,3,3
Houdini,3,0,3
Houéssè,0,3,3
Houévi,0,3,3
Houkéa,0,3,3
Houkea,0,3,3
Houkedina,0,3,3
Houkeliena,0,3,3
Houkelina,0,3,3
Houkine,0,3,3
Houky,3,0,3
Houldsworth,3,0,3
Houle,3,0,3
Houleye,0,3,3
Houmam,3,0,3
Houmeiraa,0,3,3
Houn,3,0,3
Hounaïda,0,3,3
Hounayfa,3,0,3
Houncanrin,0,3,3
Houng-Lung,3,0,3
Houoiria,0,3,3
Houphouët-Boigny,3,0,3
Hourija,0,3,3
Hourma,3,0,3
Hourya,0,3,3
Housaynatou,0,3,3
Housene,3,0,3
Housham,3,0,3
Housheng,3,0,3
Houshu,3,0,3
Housin,3,0,3
Housnie,3,0,3
Housnya,0,3,3
Houssa,3,0,3
Houssaen,3,0,3
Houssain-Ali,3,0,3
Houssainatou,0,3,3
Houssameddine,3,0,3
Housseïn,3,0,3
Housseïne,3,0,3
Housseyn,3,0,3
Höussine,3,0,3
Houstlin,0,3,3
Houwa,0,3,3
Houwaïda,0,3,3
Houwajda,0,3,3
Houward,3,0,3
Houwart,3,0,3
Houweda,0,3,3
Houwelina,0,3,3
Houwien,0,3,3
Houwinus,3,0,3
Houwke,3,0,3
Houwko,3,0,3
Houwra,0,3,3
Houwraz,3,0,3
Houwyn,0,3,3
Houyem,0,3,3
Houzaïfa,3,0,3
Houzin,3,0,3
Hovanes,3,0,3
Hovanis,3,0,3
Hovannouhi,0,3,3
Hovar,3,0,3
Hovard,3,0,3
Hovaz,3,0,3
Hovel,3,0,3
Hoveline,0,3,3
Hoverdina,0,3,3
Hovhanec,3,0,3
Hovhanes,3,0,3
Hovig,3,0,3
Hovinay,3,0,3
How-Sennie,3,0,3
Howa,0,3,3
Howah,3,0,3
Howaida,0,3,3
Howanes,3,0,3
Howang,3,0,3
Howannakia,0,3,3
Howannés,3,0,3
Howannes,3,0,3
Howannis,3,0,3
Howard-Jan,3,0,3
Howardbrowne,0,3,3
Howardo,3,0,3
Howdinio,3,0,3
Howell,3,0,3
Howena,0,3,3
Howenthly,3,0,3
Howey,3,0,3
Howhanes,3,0,3
Howhannes,3,0,3
Howiky,0,3,3
Howor,3,0,3
Howsika,0,3,3
Howthan,3,0,3
Howu,3,0,3
Hoy-Huen,3,0,3
Hoy-Jing,0,3,3
Hoy-Kay,0,3,3
Hoy-Ting,0,3,3
Hoy-Yan,0,3,3
Hoyaam,0,3,3
Hoyd,3,0,3
Hoyee,0,3,3
Hoyi,0,3,3
Hoying,0,3,3
Hozair,3,0,3
Hozak,3,0,3
Hozanna,0,3,3
Hozar,3,0,3
Hozeas,3,0,3
Hozhin,3,0,3
Hozier,3,0,3
Hpungjet,3,0,3
HPW,3,0,3
Hraban,3,0,3
Hracho,3,0,3
Hrafninn,0,3,3
Hrair,3,0,3
Hrak,3,0,3
Hram,3,0,3
Hrarshi,3,0,3
Hrash,3,0,3
Hrehaan,3,0,3
Hribar,0,3,3
Hridayanand,0,3,3
Hridayendrapersad,3,0,3
Hrihan,3,0,3
Hripsimé,0,3,3
Hrisantia,3,0,3
Hrishik,3,0,3
Hrishivesh,3,0,3
Hrisikes,3,0,3
Hriskesh,3,0,3
Hristian,3,0,3
Hristova,0,3,3
Hrisvariel,3,0,3
Hriteesha,0,3,3
Hrithikradj,3,0,3
Hritish,3,0,3
Hritisha,0,3,3
HRM,0,3,3
Hroar,3,0,3
Hrodbern,3,0,3
Hrodgar,3,0,3
Hrodlind,0,3,3
Hrolf,3,0,3
Hrönn,0,3,3
Hrorje,0,3,3
Hrosnata,3,0,3
Hrosvitha,0,3,3
Hrun,3,0,3
Hrut,0,3,3
Hruy,3,0,3
Hrvoj,3,0,3
Hrwoje,3,0,3
Hrydayesh,3,0,3
Hsach,3,0,3
Hsher,3,0,3
Hshmetullah,3,0,3
Hsiao-fei,0,3,3
Hsiao-Hui,0,3,3
Hsiao-Qiao,0,3,3
Hsiao-Zhen,0,3,3
Hsieh,0,3,3
Hsien-Hê,3,0,3
Hsien-Pêng,3,0,3
Hsiieh,0,3,3
Hsing-Foo,3,0,3
Hsing-Lee,3,0,3
Hsing-Tzu,0,3,3
Hsio,3,0,3
Hsiù,0,3,3
Hsiu-Li,0,3,3
Hssain,3,0,3
Hssaine,3,0,3
Hsu-Ben,3,0,3
Hsu-Bert,3,0,3
Hsu-chieh,0,3,3
Hsu-gao,0,3,3
Hsu-Hao,3,0,3
Hsü-Hua,3,0,3
Hsü-Jong,3,0,3
Hsu-Liang,3,0,3
Hsu-Min,3,0,3
Hsü-Ning,3,0,3
Hsu-sia,0,3,3
Hsü-yen,0,3,3
Hsuan,0,3,3
Hsüch,0,3,3
Hsuen,0,3,3
Hsukang,3,0,3
HTA,3,0,3
HTC,0,3,3
Htoi,0,3,3
Htun,3,0,3
Hu-Cheung,3,0,3
Hu-Feng,3,0,3
Hu-Kim,3,0,3
Hu-Xiu,0,3,3
Hu-Yen,3,0,3
Hua-zhen,3,0,3
Huah,3,0,3
Huaijian,3,0,3
Huaira,3,0,3
Huaita,0,3,3
Huala,0,3,3
Hualong,3,0,3
Huaman,3,0,3
Huan-Yu,3,0,3
Huanca,0,3,3
Huáng,0,3,3
Huang-da,3,0,3
Huangjie,3,0,3
Huanillo,3,0,3
Huanna,0,3,3
Huanne,0,3,3
Huanxin,0,3,3
Huara,0,3,3
Huascar,3,0,3
Huascarán,3,0,3
Huayamqui-mayta,3,0,3
Huayana,3,0,3
Huayi,3,0,3
Huayro,3,0,3
Hubaib,3,0,3
Hubaish,3,0,3
Hubbard,3,0,3
Hubbe,3,0,3
Hubberdina,0,3,3
Hubbertina,0,3,3
Hubdar,3,0,3
Hubee,0,3,3
Hubel,3,0,3
Huben,3,0,3
Hüben,0,3,3
Hubencio,3,0,3
Hubenk,3,0,3
Hubër,3,0,3
Huberd,3,0,3
Huberda,0,3,3
Huberdiana,0,3,3
Hubérdiena,0,3,3
Huberdienna,0,3,3
Huberdin,0,3,3
Huberdinah,0,3,3
Huberdini,0,3,3
Huberline,0,3,3
Huberna,0,3,3
Huberslyon,3,0,3
Hûbert,3,0,3
Húbert,3,0,3
Hubert-Jean,3,0,3
Hubert-Joseph,3,0,3
Hubert-Liu,3,0,3
Hubert-Willem,3,0,3
Hubèrte,0,3,3
Hubertelle,0,3,3
Huberth,3,0,3
Huberthan,3,0,3
Huberthinus,3,0,3
Hubertico,3,0,3
Hubertiën,3,0,3
Hubertilla,3,0,3
Húbertina,0,3,3
Hubertley,3,0,3
Hubertlon,3,0,3
Hubertrus,3,0,3
Hubertsje,0,3,3
Hubertuina,0,3,3
Hubertus-Leendert,3,0,3
Hubertwina,0,3,3
Huberty,0,3,3
Hubertyn,0,3,3
Hubetrus,3,0,3
Hübeyb,3,0,3
Hubgert,3,0,3
Hubianne,0,3,3
Hubie,3,0,3
Hubiene,3,0,3
Hubiënna,0,3,3
Hubing,3,0,3
Hubke,0,3,3
Hubobé,3,0,3
Hubolina,0,3,3
Hubra,0,3,3
Hubrecht-Willem,3,0,3
Hubrechtine,0,3,3
Hubrechtjen,0,3,3
Hubregtina,0,3,3
Hubren,3,0,3
Hubrey,3,0,3
Hubrianne,0,3,3
Hubrienes,3,0,3
Huburt,3,0,3
Huburtina,0,3,3
Huby,0,3,3
Hüccet,3,0,3
Huchen,3,0,3
Huchena,0,3,3
Hucita,3,0,3
Hucko,3,0,3
Huco,3,0,3
Hüdã,0,3,3
Hudaibiya,0,3,3
Hudaifah,3,0,3
Hudais,3,0,3
Hudalfa,3,0,3
Hudanur,0,3,3
Hudânur,0,3,3
Hüdayfa,3,0,3
Hudda,0,3,3
Hudefa,3,0,3
Hudesa,0,3,3
Hudevar,3,0,3
Hudey,0,3,3
Hüdeyisselil,0,3,3
Hudhaif,3,0,3
Hudhaifa,3,0,3
Hudione,0,3,3
Hudo,3,0,3
Hudriane,3,0,3
Huduina,0,3,3
Huë,0,3,3
Hué,0,3,3
Hue-An,0,3,3
Hue-Chau,0,3,3
Hue-Hey,0,3,3
Hue-Huong,0,3,3
Huê-Huong,0,3,3
Hue-Khanh,0,3,3
Hue-Kieu,0,3,3
Hue-yan,0,3,3
Hueberegt,3,0,3
Huëlle,0,3,3
Huemalan,0,3,3
Huen-Lim,3,0,3
Huentli,3,0,3
Huet,3,0,3
Huetta,0,3,3
Huey-Dean,3,0,3
Hufaiz,3,0,3
Hufranca,0,3,3
Hufré,3,0,3
Hug,3,0,3
Hug-ward,3,0,3
Hugabertha,0,3,3
Huganna,0,3,3
Hugbald,3,0,3
Hugbert,3,0,3
Hugejo,3,0,3
Hugelinde,0,3,3
Hugerine,0,3,3
Hugestina,0,3,3
Huget,0,3,3
Hugethe,0,3,3
Hughet,0,3,3
Hughina,0,3,3
Hugiena,0,3,3
Hugiene,0,3,3
Hugienie,0,3,3
Hugienne,0,3,3
Hugnette,0,3,3
Hugo-Beatty,3,0,3
Hugo-Christo,3,0,3
Hugo-Geert,3,0,3
Hugo-Gijs,3,0,3
Hugo-Karl,3,0,3
Hugo-Max,3,0,3
Hugo-Nicolas,3,0,3
Hugo-Quint,3,0,3
Hugo-Sebastiaan,3,0,3
Hugo-Willem,3,0,3
HugoJulian,3,0,3
Hugoliena,0,3,3
Hugolin,3,0,3
Hugolines,3,0,3
Hugolino,0,3,3
Hugolyna,0,3,3
Hugona,0,3,3
Hugoña,0,3,3
Hugonde,0,3,3
Hugonette,0,3,3
Hugoon,3,0,3
Hugoson,3,0,3
Hugrijna,0,3,3
Hugue,3,0,3
Huguetta,0,3,3
Huguina,0,3,3
Hugwin,3,0,3
Huh,3,0,3
Huhng,3,0,3
Huí,3,0,3
Hui-Dong,3,0,3
Hui-En,0,3,3
Hui-Jing,0,3,3
Hui-Ling,0,3,3
Hui-Long,3,0,3
Hui-Shan,0,3,3
Hui-Wing,0,3,3
Hui-Xiang,3,0,3
Hui-Yin,0,3,3
Huiam,0,3,3
Huib-Ariën,3,0,3
Huib-Hans,3,0,3
Huib-Mark,3,0,3
Huibastiaan,3,0,3
Huibdina,0,3,3
Huiben,3,0,3
Huiber,3,0,3
Huibèr,3,0,3
Huibergina,0,3,3
Huibért,0,3,3
Huibert-Meijer,3,0,3
Huibert-Paul,3,0,3
Huibertes,3,0,3
Huibertjan,3,0,3
Huiberto,3,0,3
Huibertteunis,3,0,3
Huibie,0,3,3
Huibin,3,0,3
Huibke,0,3,3
Huibrand,3,0,3
Huibrechiena,0,3,3
Huibrechtha,0,3,3
Huibregina,0,3,3
Huibrine,0,3,3
Huibzoon,3,0,3
Huigberdina,0,3,3
Huigbertha,0,3,3
Huige,3,0,3
Huigerd,3,0,3
Huigerdina,0,3,3
Huigeriena,0,3,3
Huigerine,0,3,3
Huigert,3,0,3
Huigien,0,3,3
Huigrianta,0,3,3
Huigrina,0,3,3
Huijb,0,3,3
Huijbert-Pieter,3,0,3
Huijberta,0,3,3
Huijbertina,0,3,3
Huijg,3,0,3
Huijghen,3,0,3
Huijiao,0,3,3
Huijpe,3,0,3
Huik,3,0,3
Huiko,3,0,3
Huillca,3,0,3
Huimar,0,3,3
Huimen,3,0,3
Huimin,3,0,3
Huininga,0,3,3
Huiong,0,3,3
Huipie,0,3,3
Huipje,0,3,3
Huiqun,0,3,3
Huiraa,0,3,3
Huishi,3,0,3
Huisina,0,3,3
Huiskes,3,0,3
Huithacá,3,0,3
Huitske,0,3,3
Huitzilín,3,0,3
Huiverdina,0,3,3
Huixia,0,3,3
Huixian,0,3,3
Huìxīn,0,3,3
Huiyang,3,0,3
Huiyi,0,3,3
Huiyon,3,0,3
Huiyue,3,0,3
Huizhen,0,3,3
Hujaymah,0,3,3
Hukam,3,0,3
Huke,0,3,3
Hukun,0,3,3
Hul,3,0,3
Hulanno,0,3,3
Hulaputih,0,3,3
Hûlda,0,3,3
Hülda,0,3,3
Huldi,3,0,3
Huldreich,3,0,3
Huldrike,0,3,3
Huleyde,0,3,3
Huli,0,3,3
Huliëta,0,3,3
Huligsi,3,0,3
Hulin,0,3,3
Hulio,3,0,3
Hulita,0,3,3
Huliya,0,3,3
Hüliya,0,3,3
Hüliyah,0,3,3
Hulja,0,3,3
Huljandro,3,0,3
Hulko,3,0,3
Hüllah,3,0,3
Hulleriek,3,0,3
Hülliya,0,3,3
Hulman,0,3,3
Hulmund,3,0,3
Hulot,0,3,3
Hulso,3,0,3
Hulusican,3,0,3
Hūlya,0,3,3
Húlya,0,3,3
Hülyâ,0,3,3
Hülyã,0,3,3
Hűlya,0,3,3
Hulyie,0,3,3
Hum,3,0,3
Hümâ,0,3,3
Humaad,3,0,3
Humaila,0,3,3
Humaina,0,3,3
Humairaá,0,3,3
Humairaa,0,3,3
Humajoon,3,0,3
Humality,0,3,3
Humanoer,0,3,3
Humarah,0,3,3
Humasultan,0,3,3
Hümay,0,3,3
Humay,0,3,3
Humayoun,0,3,3
Humayra,0,3,3
Hümayra,0,3,3
Humayrah,0,3,3
Humber,3,0,3
Humberth,3,0,3
Humbertha,0,3,3
Humbérto,3,0,3
Humblea,3,0,3
Humbrey,3,0,3
Hümdanur,0,3,3
Humeiragatoen,0,3,3
Humère,3,0,3
Humerey,3,0,3
Humerth,3,0,3
Hümeryâ,0,3,3
Humeyde,0,3,3
Hűmeyra,0,3,3
Hūmeyra,0,3,3
Hümeyranur,0,3,3
Humfrida,0,3,3
Humfrie,3,0,3
Humidia,0,3,3
Humiel,3,0,3
Humielis,3,0,3
Humilyana,0,3,3
Humirsa,0,3,3
Humisha,0,3,3
Humita,0,3,3
Hummel,0,3,3
Hummelie,0,3,3
Hummer-Kingston,3,0,3
Hümmühan,0,3,3
Hummul,0,3,3
Humpfrie,3,0,3
Humphrey-Pieter,3,0,3
Humphreydiene,0,3,3
Humphrick,3,0,3
Humpie,3,0,3
Humprhey,3,0,3
Hums,3,0,3
Humuliana,0,3,3
Humure,0,3,3
Humvrich,3,0,3
Humyar,3,0,3
Hunab,3,0,3
Hunahpu,3,0,3
Hunaiskely,0,3,3
Hunar,3,0,3
Hunata,0,3,3
Hunayda,0,3,3
Hunberto,3,0,3
Hundée,3,0,3
Hundry,3,0,3
Hüne,0,3,3
Huneda,0,3,3
Hunflied,3,0,3
Hunfrie,3,0,3
Hüng,3,0,3
Hung-Soo,3,0,3
Hungar,3,0,3
Hungeres,3,0,3
Hunggu,0,3,3
Hunk,3,0,3
Hünkâr,3,0,3
Hunker,3,0,3
Hunleyson,3,0,3
Hunora,0,3,3
Huns,3,0,3
Hunzo,3,0,3
Huong-Mai,0,3,3
Huong-Nam,0,3,3
Huoth,3,0,3
Hupe,3,0,3
Hupert,0,3,3
Huppi,3,0,3
Huqo,3,0,3
Hür,3,0,3
Huraimon,3,0,3
Hurain,0,3,3
Huraiz,3,0,3
Hüray,0,3,3
Hurbert,3,0,3
Hurbie,3,0,3
Hürcan,0,3,3
Hurchell,3,0,3
Hure,0,3,3
Hureya,0,3,3
Hüreyra,0,3,3
Hureyre,3,0,3
Huri-Sultan,0,3,3
Hurican,0,3,3
Hurinur,0,3,3
Huriser,0,3,3
Hüriyet,0,3,3
Hűrkan,0,3,3
Hurliënne,0,3,3
Hurliko,0,3,3
Hürmet,0,3,3
Hürmüse,0,3,3
Hürmüye,0,3,3
Hurnet,0,3,3
Hurreyre,3,0,3
Hurriyah,0,3,3
Hürriye,0,3,3
Hurriyyet,3,0,3
Hürrü,3,0,3
Hurşadiye,0,3,3
Hurseline,0,3,3
Hürseven,3,0,3
Hürşeyit,3,0,3
Hurşid,3,0,3
Hurst,0,3,3
Hursut,3,0,3
Hurşut,3,0,3
Hurum,3,0,3
Huruwanua,3,0,3
Hürüzet,0,3,3
Huruziye,0,3,3
Hurvely,3,0,3
Hurwen,3,0,3
Hurye,0,3,3
Hurygan,3,0,3
Husaamuddien,3,0,3
Husai,0,3,3
Husainatou,0,3,3
Husam-ud-Din,3,0,3
Hüsamedtin,3,0,3
Hüsametdin,3,0,3
Husan,3,0,3
Husanna,0,3,3
Husay,0,3,3
Husayni,0,3,3
Huse,3,0,3
Huseijin,3,0,3
Huseijn,3,0,3
Huseinatu,0,3,3
Huseke,0,3,3
Hüsen,3,0,3
Huséné,3,0,3
Huseyen,3,0,3
Húseyin,3,0,3
Hüseyin-Ali,3,0,3
Hüseyin-Eren,3,0,3
Hüseyin-Mete,3,0,3
Hüseyin-Mustafa,3,0,3
Hüseyinali,3,0,3
Hüseyinhan,3,0,3
Hüseyintuna,3,0,3
Hüseyln,3,0,3
Huseyn,3,0,3
Hûseynali,3,0,3
Hüseyyin-Oguzhan,3,0,3
Husham,3,0,3
Hushendell,3,0,3
Husheyna,0,3,3
Hushmand,3,0,3
Husing,3,0,3
Husinkje,3,0,3
Huska,3,0,3
Husman,3,0,3
Hŭsna,0,3,3
Husnaa-banu,0,3,3
Hüsnânur,0,3,3
Husnanur,0,3,3
Husnara,0,3,3
Husnbanu,0,3,3
Hüsnegül,0,3,3
Husnein,3,0,3
Hüsni,3,0,3
Hüsniya,0,3,3
Husniyah,0,3,3
Hûsniye,0,3,3
Hüsniyehanim,0,3,3
Husniyya,0,3,3
Husnu,3,0,3
Hüsra,0,3,3
Husra,0,3,3
Hussaen,3,0,3
Hussaini,3,0,3
Hussana,0,3,3
Husseen-Farook,3,0,3
Husseina,0,3,3
Hussèn,3,0,3
Hüsseyin,3,0,3
Husseyn,3,0,3
Hussine,0,3,3
Hussnain,3,0,3
Hussyn,3,0,3
Hustephor,3,0,3
Huswatun,0,3,3
Huswinus,3,0,3
Huta,0,3,3
Hutchinsen,3,0,3
Hutton,3,0,3
Hũu,3,0,3
Huu-Hiep,3,0,3
Huube,3,0,3
Huuberta,0,3,3
Huubertus,3,0,3
Huubi,0,3,3
Huubien,0,3,3
Huubrecht,3,0,3
Huubske,0,3,3
Huubson,3,0,3
Huudu,0,3,3
Huugbertus,3,0,3
Huuk,3,0,3
Huulong,3,0,3
Huun,0,3,3
Huvat,3,0,3
Huviëntelly,0,3,3
Huviin,0,3,3
Huvroëttus,3,0,3
Huwald,3,0,3
Huward,3,0,3
Huwen,0,3,3
Huxxly,0,3,3
Huy-Daan,3,0,3
Huy-Dung,3,0,3
Huy-Kiet,3,0,3
Huy-Long,3,0,3
Huy-Vu,3,0,3
Huyam,0,3,3
Huybért,3,0,3
Huybertine,0,3,3
Huychman,3,0,3
Huygh,3,0,3
Huyghen,3,0,3
Huygo,3,0,3
Huz,0,3,3
Huzail,3,0,3
Huzhixuan,0,3,3
Huzjeen,3,0,3
Hüzne,3,0,3
Huzume,0,3,3
Huzur,3,0,3
Hvass,3,0,3
Hvergelmir,0,3,3
Hviid,3,0,3
Hwa-Lotte,0,3,3
Hwa-Sun,0,3,3
Hwah,0,3,3
Hwai,3,0,3
Hwaïda,0,3,3
Hwaij,3,0,3
Hway-li,0,3,3
HWC,3,0,3
HWCJ,3,0,3
Hwe,0,3,3
HWF,3,0,3
Hwidie,0,3,3
HWJ,3,0,3
HWP,3,0,3
HWV,0,3,3
Hwyam,0,3,3
Hwyfar,3,0,3
Hy-Cang,3,0,3
Hyaat,0,3,3
Hyabäb,0,3,3
Hyabel,0,3,3
Hyabna,0,3,3
Hyacentha,0,3,3
Hyacenthus,3,0,3
Hyacentius,3,0,3
Hyachintha,0,3,3
Hyachinthe,0,3,3
Hyachinthus,3,0,3
Hyachintius,3,0,3
Hyacient,0,3,3
Hyacynte,0,3,3
Hyacynthia,0,3,3
Hyalmar,3,0,3
Hyanand,3,0,3
Hyancintus,0,3,3
Hyandley,0,3,3
Hyasm,3,0,3
Hyazinthus,3,0,3
Hybertha,0,3,3
Hybertine,0,3,3
Hybertz,3,0,3
Hycile,0,3,3
Hycina,0,3,3
Hycintha,0,3,3
Hycinthia,0,3,3
Hycke,0,3,3
Hycko,3,0,3
Hyco,3,0,3
Hydaïa,0,3,3
Hyday,0,3,3
Hydea,0,3,3
Hydeb,0,3,3
Hyden,3,0,3
Hydia,0,3,3
Hydienne,0,3,3
Hydion,3,0,3
Hydit,0,3,3
Hydro,3,0,3
Hydulphia,0,3,3
Hydulphus,3,0,3
Hydy,0,3,3
Hye-lim,0,3,3
Hye-ran,0,3,3
Hyelle,0,3,3
Hyeonu,3,0,3
Hyeronia,0,3,3
Hyewfung,3,0,3
Hyewjing,0,3,3
Hyewlam,0,3,3
Hyewtung,3,0,3
Hygendro,3,0,3
Hyginis,3,0,3
Hyhacintia,0,3,3
Hyja,3,0,3
Hyjran,3,0,3
Hykma,0,3,3
Hylades,3,0,3
Hylahna,0,3,3
Hylarï,3,0,3
Hylarion,3,0,3
Hylarius,3,0,3
Hylbren,3,0,3
Hylenia,0,3,3
Hylgar,0,3,3
Hylgard,3,0,3
Hylgurd,3,0,3
Hylianyra,0,3,3
Hylja,0,3,3
Hylke-Tjitte,3,0,3
Hylkea,0,3,3
Hylkes,3,0,3
Hylkeszoon,3,0,3
Hylktje,0,3,3
Hylkya,0,3,3
Hylla,0,3,3
Hyllan,3,0,3
Hyllène,0,3,3
Hyllie,0,3,3
Hymann,3,0,3
Hymare,0,3,3
Hynano,0,3,3
Hynd,0,3,3
Hynde,0,3,3
Hyndrianto,3,0,3
Hynds,0,3,3
Hynne,0,3,3
Hynrick,3,0,3
Hynze,3,0,3
Hyoana,0,3,3
Hyon,0,3,3
Hypolietus,3,0,3
Hypolijtha,0,3,3
Hypolina,0,3,3
Hypolites,3,0,3
Hypolitte,3,0,3
Hypolythus,3,0,3
Hyppocrates,3,0,3
Hyppolithus,3,0,3
Hyppolytus,3,0,3
Hyra,0,3,3
Hyrich,3,0,3
Hyrije,0,3,3
Hyrikson,3,0,3
Hyrominus,3,0,3
Hyrona,0,3,3
Hyronimo,0,3,3
Hyslop,3,0,3
Hysnije,0,3,3
Hyson,3,0,3
Hytel,3,0,3
Hytham,3,0,3
Hythea,0,3,3
Hytra,0,3,3
Hyun-Ju,0,3,3
Hyun-Shik,3,0,3
Hyun-Sik,3,0,3
Hyun-Sook,0,3,3
Hyung-Woo,3,0,3
Hyunna,0,3,3
Hyusein,3,0,3
Hyuseinov,3,0,3
Hywad,3,0,3
Hywell,3,0,3
Hyze,3,0,3
Høeg,3,0,3
