Name,Men,Women,Total
Ingrid,245,37674,37919
Iris,45,26220,26265
Irene,295,25210,25505
Ilse,49,18306,18355
Inge,192,16549,16741
Ida,684,15276,15960
Isa,457,12079,12536
Isabella,252,12068,12320
Ilona,77,11113,11190
Ingeborg,41,9565,9606
Irma,275,9237,9512
Isabel,16,9010,9026
Ivo,8619,88,8707
Isabelle,32,8284,8316
Indy,639,5103,5742
Ignatius,4789,239,5028
Ineke,32,4478,4510
Ivonne,74,4401,4475
Ian,4412,6,4418
Imke,181,3960,4141
Ina,10,3631,3641
Ibrahim,3467,125,3592
Isis,8,3291,3299
Ivar,3091,5,3096
Iwan,2869,13,2882
Ivan,2652,15,2667
Ilja,879,1594,2473
Inez,27,2446,2473
Ilonka,8,2298,2306
Ingmar,2175,81,2256
Ivy,54,2107,2161
Ismail,1989,44,2033
Ilias,2022,3,2025
Izaäk,1933,3,1936
Imane,3,1869,1872
Izaak,1847,5,1852
Isaac,1659,5,1664
IJsbrand,1652,3,1655
Irmgard,61,1500,1561
Imran,1425,66,1491
Igor,1441,7,1448
Ignatia,7,1362,1369
Ine,74,1286,1360
Izak,1174,3,1177
Ilyas,1141,7,1148
Imre,764,370,1134
Ise,28,1065,1093
Ivana,3,1078,1081
Iza,52,988,1040
Ids,996,3,999
Immanuel,975,14,989
Imme,207,758,965
Isolde,3,946,949
Iman,439,480,919
Ikram,10,904,914
Isabeau,9,878,887
Imelda,24,853,877
Ietje,3,862,865
Indra,161,694,855
Inger,34,809,843
Ismaël,831,9,840
Ilayda,0,836,836
Ines,14,800,814
Ingetje,0,814,814
Irem,0,800,800
IJtje,0,795,795
Isaiah,739,40,779
Inaya,0,775,775
Ilana,3,753,756
Imani,19,708,727
Irena,24,665,689
Ize,8,681,689
Ilham,10,671,681
Irène,25,638,663
Immanuël,642,16,658
Indira,3,653,656
Isra,16,615,631
Isidorus,621,9,630
Ike,269,353,622
Irina,3,586,589
Isaäc,579,0,579
IJmkje,0,574,574
Imad,567,7,574
Ido,550,3,553
Ismay,5,513,518
Issam,512,3,515
IJbeltje,0,511,511
Ieke,59,436,495
Ivette,3,490,493
Isha,81,408,489
Ibtissam,3,474,477
Indi,61,410,471
Ivanka,3,467,470
Ingo,458,3,461
Ismael,420,15,435
Iva,5,430,435
Ismaïl,433,0,433
Izabella,3,430,433
India,8,411,419
Ischa,293,96,389
Ilya,260,117,377
Isaak,373,3,376
Izzy,43,316,359
Idris,327,26,353
IJpe,351,0,351
Ide,303,47,350
Imara,0,348,348
Iliass,342,0,342
Iskander,339,3,342
Imraan,328,0,328
Ilan,318,3,321
Ikrame,0,317,317
Ishaan,316,0,316
Israe,3,314,317
Ilay,304,10,314
Ireen,11,301,312
Ira,55,256,311
Ivor,311,0,311
Immetje,3,302,305
Ilze,3,298,301
IJnskje,0,298,298
IJke,113,182,295
Imrane,294,0,294
Ilvy,0,287,287
Irmina,8,278,286
Irfan,281,3,284
Inga,9,258,267
Ishana,0,266,266
Imkje,3,261,264
Isaura,0,261,261
Iemkje,0,258,258
IJda,3,257,260
Imro,258,0,258
Iefke,0,244,244
Ignace,185,58,243
Ivon,52,191,243
Ilone,3,237,240
Ireneus,232,5,237
István,233,3,236
Ilhame,0,233,233
IJme,226,3,229
Ilker,224,3,227
Ihsan,198,26,224
Ilva,3,216,219
Ilsa,3,215,218
Idske,17,198,215
Iebeltje,0,213,213
Isidoor,193,18,211
Ishak,203,6,209
Ilhan,187,12,199
Inke,36,163,199
Ilke,14,182,196
IJde,195,0,195
Inès,0,195,195
Ivano,194,3,197
Inssaf,0,192,192
Inara,3,187,190
Iven,187,3,190
Isidora,3,183,186
Isaäk,185,0,185
Iede,182,0,182
Ihsane,8,174,182
Iréne,3,176,179
Isaï,168,10,178
Iemke,90,82,172
IJnze,169,0,169
Indigo,79,88,167
Irving,163,3,166
Ianthe,0,164,164
Ismet,158,5,163
Immy,3,161,164
Issa,135,27,162
Ikra,5,154,159
Iona,3,156,159
Ilknur,0,157,157
Israa,0,157,157
Inèz,3,154,157
Ishan,155,0,155
Ite,144,11,155
Innocentius,152,3,155
Inés,3,148,151
Ive,91,58,149
Innocentia,3,143,146
Isobel,0,147,147
Ignacio,146,0,146
Intissar,0,146,146
Ipek,0,146,146
Ishika,0,143,143
Ilian,133,9,142
Islam,112,30,142
Ishani,0,141,141
Imaan,9,131,140
Israël,136,3,139
Ilkay,86,52,138
Isadora,0,138,138
Ilka,3,135,138
Ioannis,132,3,135
Insaf,0,131,131
Itske,12,118,130
Irfaan,128,3,131
Inci,3,126,129
Iekje,0,127,127
IJttje,0,126,126
Itje,3,120,123
Iggy,106,15,121
Iektje,0,118,118
Ilco,117,3,120
IJfke,0,117,117
Ileen,0,117,117
Indah,3,112,115
Indie,20,96,116
Iddo,114,0,114
Ika,3,113,116
Ishara,0,114,114
Istvan,114,0,114
Ichelle,0,113,113
Iduna,0,113,113
Indiana,48,65,113
Irini,0,113,113
Inass,3,111,114
Ires,3,111,114
Idelette,0,111,111
Immaculata,8,103,111
Imogen,3,110,113
Isabell,0,110,110
Ilma,0,109,109
Imca,0,109,109
Ingemar,86,23,109
Ibeltje,0,106,106
Idriss,102,3,105
Idse,105,3,108
Inne,76,30,106
Ishaq,106,0,106
İbrahim,103,0,103
Ingena,0,103,103
Ibo,102,0,102
Izaac,102,0,102
IJbele,101,0,101
Ilena,3,99,102
Imanuel,97,3,100
Inas,8,91,99
Iain,98,0,98
Ime,82,16,98
Irenaeus,95,3,98
Ita,3,94,97
Imko,97,0,97
Ing,36,59,95
Inti,46,49,95
Irwin,92,3,95
Ilaysa,0,94,94
Ingeborgh,0,94,94
İrem,3,93,96
Izabel,0,94,94
Izzie,0,94,94
Ivory,46,47,93
Ilonca,0,92,92
Imma,3,89,92
Irmak,3,91,94
Irsa,0,92,92
Isayah,73,19,92
IJnske,0,91,91
Ino,84,6,90
Iefje,0,89,89
İsmail,89,0,89
Ingvar,88,0,88
IJvonne,0,87,87
Imco,86,3,89
Ibe,86,0,86
IJzebrand,86,0,86
Imka,0,86,86
Isedorus,86,0,86
Izaäc,85,0,85
Isidore,69,15,84
Ivanna,0,84,84
Ilyasse,83,0,83
Ingje,0,83,83
Irvin,82,3,85
IJntze,82,0,82
Isla,3,79,82
Isak,79,3,82
Ipe,79,3,82
Ieme,59,19,78
IJtzen,78,0,78
Iliana,0,78,78
Ivanildo,78,0,78
Idil,0,77,77
Iebele,77,0,77
Izzet,77,0,77
Ishaya,3,75,78
Ietske,0,74,74
Ihab,72,3,75
Inaaya,0,74,74
Inayah,0,74,74
Inte,40,33,73
Isedora,3,71,74
Iker,71,0,71
Ingelina,0,71,71
Iqbal,45,26,71
Isar,69,3,72
Illias,69,0,69
Imaani,0,69,69
Imen,3,65,68
Ishaaq,69,0,69
Ishita,0,69,69
Ishwar,69,0,69
Israel,68,3,71
Ilene,0,68,68
Ilija,66,3,69
Isam,68,0,68
Issrae,0,68,68
Inka,3,66,69
Isabela,0,67,67
Ibtissame,0,66,66
IJkje,0,66,66
Ilyass,66,0,66
Isai,60,5,65
Ivey,26,39,65
Immigje,0,64,64
Iske,3,63,66
Iben,37,26,63
Ismene,0,63,63
Ilyaas,61,3,64
Ima,3,60,63
Ingen,47,15,62
Izebrand,62,0,62
Irenea,3,60,63
Irshaad,58,3,61
Isah,23,38,61
Isidor,60,3,63
Imar,59,3,62
Ibtisam,0,59,59
Iet,3,57,60
IJpkje,0,59,59
Imany,3,58,61
Isiah,59,0,59
Ileana,0,58,58
Iqra,0,58,58
Idsert,57,0,57
Idskje,0,57,57
Ilai,53,3,56
Iclal,0,55,55
Idzard,55,0,55
IJmert,55,0,55
Ila,3,52,55
Ingvild,0,55,55
Intisar,0,55,55
Ioanna,0,55,55
Ibtisame,0,54,54
Igmar,53,3,56
Iskandar,53,3,56
Ieteke,0,53,53
Inneke,3,52,55
Ilia,38,14,52
Ilmar,51,3,54
Ignas,51,0,51
Ilyana,0,51,51
Ismayil,51,0,51
Ivona,3,49,52
Ilanit,3,49,52
Ilon,13,37,50
Ioan,49,3,52
Irja,3,49,52
Irwan,50,0,50
Iwana,0,50,50
Ietsje,0,49,49
Ignaz,48,3,51
Ilaisa,0,49,49
Indya,0,49,49
Inske,0,49,49
Irshad,49,0,49
Işil,0,49,49
Iyad,49,0,49
Ibolya,0,48,48
Idwer,30,18,48
Ilyes,48,0,48
Immie,0,48,48
Iraida,0,48,48
İlayda,0,47,47
Irmgardis,3,43,46
Italo,47,0,47
Ibrahiem,46,0,46
Ienskje,0,46,46
Ietse,46,0,46
Igo,45,3,48
Imanda,0,46,46
Immo,45,3,48
Irmo,45,3,48
Isanne,0,46,46
Iwe,46,0,46
Iene,28,17,45
Iko,43,3,46
Illona,0,45,45
Isaias,45,0,45
Isan,32,13,45
Ilaria,0,44,44
Ilbina,0,44,44
Inan,42,3,45
Inoa,7,37,44
Irén,0,44,44
Irmin,26,18,44
Iron,42,3,45
Ismahan,0,44,44
Isodorus,44,0,44
Ilaysha,0,43,43
Iboya,0,42,42
Ies,31,11,42
Ikenna,42,0,42
Ildikó,0,42,42
Immanuela,0,42,42
Inkje,0,42,42
Ishvar,42,0,42
IJje,41,0,41
Impje,0,41,41
Intan,7,34,41
Ioana,0,41,41
Idalina,3,39,42
Ieneke,0,40,40
Ikhlas,3,37,40
Ilaya,3,38,41
Iljitsj,39,3,42
Imtiaz,36,3,39
Iny,3,37,40
Iara,0,39,39
Ildiko,0,39,39
Ilvie,0,39,39
Ingomar,39,0,39
Ingwer,38,3,41
Izabelle,0,39,39
Iason,38,0,38
IJpke,32,6,38
Ikbal,15,23,38
Ilda,0,38,38
Iloy,38,0,38
Ilza,0,38,38
Ingela,0,38,38
Iskender,38,0,38
Izel,0,38,38
IJnte,37,0,37
Ilano,37,0,37
Ingelise,0,37,37
Inigo,35,3,38
Ion,36,3,39
Iselle,0,37,37
Issey,20,17,37
Ibtihal,0,36,36
Ico,36,0,36
Idaline,3,35,38
IJnse,36,0,36
IJtske,0,36,36
Ikina,0,36,36
İlknur,0,36,36
Ilko,36,0,36
Immina,0,36,36
Inse,26,10,36
Ione,3,34,37
Irith,0,36,36
Isaya,9,27,36
Isidro,36,0,36
Ivonna,0,36,36
IJktje,0,35,35
Imana,0,35,35
Immanuelle,0,35,35
Irna,0,35,35
Isac,35,0,35
Ives,33,3,36
Ivone,3,34,37
Ivora,0,35,35
Ibbe,34,0,34
Ifeoma,0,34,34
IJbe,34,0,34
Ineya,0,34,34
Irvan,34,0,34
Ignacia,0,33,33
Ignata,0,33,33
Ignazio,33,0,33
IJmke,29,3,32
Ipo,33,0,33
Isabo,0,33,33
Ishtar,10,23,33
Isidoro,32,3,35
Itse,32,3,35
Iann,32,0,32
Ibele,31,3,34
Ien,3,28,31
Imaya,0,32,32
Inca,3,29,32
Inder,31,3,34
Indrani,0,32,32
Inês,3,30,33
Ingrit,3,31,34
Isa-Beau,0,32,32
Isara,3,31,34
Izara,0,32,32
Izem,3,31,34
Ibelina,0,31,31
Idsard,31,0,31
Iebe,30,3,33
Ielke,19,12,31
Igoné,0,31,31
Inanna,0,31,31
Ithamar,30,3,33
Iver,29,3,32
Ivet,0,31,31
Izaira,0,31,31
Idde,29,3,32
Ienske,0,30,30
Iepie,0,30,30
Iesa,24,6,30
Igle,30,0,30
Imala,3,29,32
Immerentia,0,30,30
Inze,25,5,30
Isja,12,18,30
Izar,28,3,31
Idalie,3,28,31
Idan,25,3,28
Ieuwkje,0,29,29
IJbert,29,0,29
Iliyas,29,0,29
Illya,20,9,29
Imadeddine,29,0,29
Inessa,0,29,29
Irvine,17,12,29
Isaia,21,8,29
Ishmael,29,0,29
Itamar,29,0,29
Ibrahima,28,0,28
Igna,3,27,30
IJsebrand,28,0,28
Ilhami,28,0,28
Imri,20,8,28
Inno,27,3,30
Isaline,0,28,28
Işıl,3,27,30
Izabela,0,28,28
Ibn,25,3,28
Icenius,27,0,27
Idries,27,0,27
IJsbranda,0,27,27
Infinity,3,26,29
Ish,27,0,27
Iteke,0,27,27
Ivanca,0,27,27
Ivie,3,26,29
Iwona,0,27,27
Izzi,3,25,28
Ichiro,26,0,26
Idar,26,0,26
IJf,24,3,27
Ikechukwu,25,3,28
Illse,0,26,26
Immanuëlle,0,26,26
Irian,24,3,27
Isse,18,8,26
Izhar,24,3,27
Idalia,0,25,25
Iepe,25,0,25
Ignatio,22,3,25
Ilyano,25,0,25
Ilysa,0,25,25
Imanuël,25,0,25
Indyra,0,25,25
Ingel,23,3,26
Ingolf,25,0,25
Irisa,3,24,27
Irit,0,25,25
Isebel,3,24,27
Israfil,25,0,25
Itai,25,0,25
Ivica,23,3,26
Izaura,0,25,25
Izza,3,24,27
Ica,3,22,25
Iedje,0,24,24
IJsbrandt,24,0,24
Imilda,3,23,26
Inayat,24,0,24
Iolanda,0,24,24
Irish,3,23,26
Ismahane,0,24,24
Isolda,0,24,24
Itte,3,20,23
Ichraq,0,23,23
Ienke,0,23,23
Ietze,22,3,25
Ihsaan,16,7,23
IJbelina,0,23,23
IJge,23,0,23
IJmte,23,0,23
İlker,23,0,23
Imkea,0,23,23
Ingenetta,0,23,23
Iren,8,15,23
Irza,3,22,25
İsa,23,0,23
Ishayra,0,23,23
Izaline,0,23,23
Idiris,22,0,22
Iep,16,6,22
Ieuwe,22,0,22
IJeb,21,3,24
Ijen,22,0,22
IJtsen,22,0,22
Ilayah,12,10,22
Ilvi,0,22,22
Imtiaaz,22,0,22
Inéz,0,22,22
Ini,3,21,24
Irenus,22,0,22
Ishaak,22,0,22
Izayah,22,0,22
Idsge,21,0,21
Ihssane,0,21,21
Ikhlasse,0,21,21
Ikraam,3,20,23
Iljan,21,0,21
Imari,8,13,21
Indrawatie,0,21,21
Inocencia,3,20,23
Iram,3,18,21
Irmy,3,20,23
Irthe,0,21,21
Ismee,3,19,22
Istar,3,17,20
Italia,0,21,21
Iverna,0,21,21
Iete,14,6,20
Ife,5,15,20
Ilaf,3,16,19
Ilaisha,3,19,22
Ilario,20,0,20
Ilayza,0,20,20
Ilkan,20,0,20
Imano,20,0,20
Imkelina,0,20,20
Ingeburg,3,19,22
İpek,0,20,20
Ireneo,16,3,19
Isalie,0,20,20
Ishai,20,0,20
Iska,7,13,20
Ismar,20,0,20
Issy,3,18,21
Iván,20,0,20
Iago,19,0,19
Ief,9,10,19
Ige,17,3,20
İhsan,19,0,19
Ikranur,0,19,19
Ilani,0,19,19
Ileyna,0,19,19
Ilmari,18,3,21
Ilyza,0,19,19
Imkina,0,19,19
Imo,19,0,19
Indirah,0,19,19
Inocentius,18,3,21
Intje,0,19,19
Irah,0,19,19
Irais,0,19,19
Irmine,0,19,19
Irsjaad,19,0,19
Issabella,0,19,19
Ittje,0,19,19
Ivanne,3,18,21
Icarus,18,0,18
Ichrak,0,18,18
Iclâl,0,18,18
Idhuna,0,18,18
Idzerd,18,0,18
Iek,3,16,19
Ienje,0,18,18
Ietzen,18,0,18
Ifeanyi,15,3,18
Ifna,0,18,18
Igno,18,0,18
Ijaz,13,5,18
IJmkjen,0,18,18
IJntje,9,9,18
Ikhlaas,3,17,20
Ilaiza,0,18,18
Ilir,18,0,18
Immechien,0,18,18
Indio,18,0,18
Indiya,0,18,18
Indji,5,13,18
Insa,3,17,20
Ipie,0,18,18
Irmgarda,0,18,18
Isandro,18,0,18
Isedoor,16,3,19
Iselin,3,17,20
Ishmaël,18,0,18
Its,18,0,18
Iverson,18,0,18
Izla,0,18,18
Idir,17,0,17
Iedigje,0,17,17
Iepkje,0,17,17
Iliano,17,0,17
Ilyan,16,3,19
Imade,6,11,17
Imbert,17,0,17
Imena,0,17,17
Immi,0,17,17
Inanç,16,3,19
Indre,3,15,18
Inesz,0,17,17
Inette,0,17,17
Ingenborg,0,17,17
Inna,3,16,19
Iole,0,17,17
Irine,0,17,17
Irmi,0,17,17
Iso,14,3,17
Ivetta,0,17,17
Iyan,17,0,17
Izebel,0,17,17
Idsart,16,0,16
Idskjen,0,16,16
Iemtje,0,16,16
Iepke,0,16,16
Igino,14,3,17
Ignatz,16,0,16
IJntske,0,16,16
Ilayna,0,16,16
Illeana,0,16,16
Illja,3,14,17
Ilse-Marie,0,16,16
Imayra,0,16,16
Inda,0,16,16
Ingeline,0,16,16
Inja,3,14,17
Irana,3,15,18
Iria,0,16,16
Iroy,16,0,16
Isarah,0,16,16
Isebrand,16,0,16
Isma,3,14,17
Ivane,3,14,17
Ivania,0,16,16
Iwein,16,0,16
Iwinosa,7,9,16
Ixchel,0,16,16
Izah,8,8,16
Izy,3,15,18
Iana,0,15,15
Iban,15,0,15
Ibel,12,3,15
Ifor,15,0,15
Ifrah,0,15,15
IJsbert,15,0,15
IJsbrant,15,0,15
IJze,14,3,17
Ikelina,0,15,15
Ildefonsa,0,15,15
Iljaas,15,0,15
Illiana,0,15,15
Ily,3,11,14
Imare,3,14,17
Imelina,0,15,15
Immeke,0,15,15
Imogene,3,12,15
Imra,3,14,17
Inde,0,15,15
Indian,7,8,15
Indrah,3,14,17
Iñez,0,15,15
Ingram,11,3,14
Ingwar,14,3,17
Inocentia,0,15,15
Inus,10,5,15
Iraisha,0,15,15
Irawan,14,3,17
Irie,3,12,15
Irin,3,12,15
Irona,0,15,15
Isaira,0,15,15
Isajah,14,3,17
Isanna,0,15,15
Isedore,10,5,15
Ishvari,0,15,15
Isi,5,10,15
Ismée,0,15,15
Israh,0,15,15
Itohan,0,15,15
Iulia,0,15,15
Iwar,15,0,15
Izis,0,15,15
Ianne,3,13,16
Ice,11,3,14
Idrissa,7,7,14
Iense,13,3,16
Ijeoma,0,14,14
IJgje,0,14,14
IJpeus,12,3,15
Iklima,0,14,14
Ilah,9,5,14
Ilhem,0,14,14
Iliya,12,3,15
Iljas,14,0,14
Illian,11,3,14
Ilo,10,3,13
Ilonne,0,14,14
Immánuel,14,0,14
Immerentiana,0,14,14
Immertje,0,14,14
Inesh,12,3,15
Iness,0,14,14
Ingenita,0,14,14
Innes,7,7,14
Insina,0,14,14
Isao,14,0,14
Isaure,3,13,16
Isfrida,3,13,16
Ishano,14,0,14
İsmet,14,0,14
Isodora,0,14,14
Isza,3,12,15
Ivanov,13,3,16
Iwanna,0,14,14
Izaiah,14,0,14
İzzet,14,0,14
Ibraheem,13,0,13
Idzert,13,0,13
Ielse,0,13,13
Iemand,12,3,15
Iemkjen,0,13,13
Iepkien,0,13,13
Ifeanyichukwu,11,3,14
Ignate,0,13,13
Ihssan,3,10,13
Iljana,0,13,13
Iljitsch,13,0,13
Illy,0,13,13
Ilske,0,13,13
Ilsu,0,13,13
Imgard,3,12,15
Imkjen,0,13,13
Immechina,0,13,13
Imola,0,13,13
Imtiyaaz,13,0,13
Inem,3,11,14
Inet,0,13,13
Ingbert,13,0,13
Ingemarie,0,13,13
Insiena,0,13,13
Intisaar,0,13,13
Irmanda,0,13,13
Isalynn,0,13,13
Isé,3,12,15
Ishaira,0,13,13
Ishwari,0,13,13
Isil,3,12,15
Islay,3,12,15
Ismonda,0,13,13
Itsko,13,0,13
Ibraahim,12,0,12
Iena,0,12,12
Iffet,0,12,12
IJede,12,0,12
IJltje,3,11,14
IJne,12,0,12
Ijsbrand,12,0,12
Ikiena,0,12,12
İkra,3,11,14
Ilaine,0,12,12
Ildephonse,3,8,11
Ilina,0,12,12
Ilvan,9,3,12
Ilysha,3,11,14
Imaad,12,0,12
Imalda,3,11,14
Imdat,12,0,12
Imert,12,0,12
Imina,0,12,12
Immanuella,0,12,12
Imtje,0,12,12
Indey,3,11,14
Indrawati,0,12,12
Ineza,3,10,13
Ingenieta,0,12,12
Ink,3,10,13
Inola,0,12,12
Irénée,6,6,12
Ireneüs,12,0,12
Irenius,12,0,12
Irenka,0,12,12
Isaïah,10,3,13
Isaiha,12,0,12
Isaijah,12,0,12
Isana,0,12,12
Isatu,0,12,12
Isebelle,0,12,12
Ishanvi,0,12,12
Ishi,7,5,12
Isman,10,3,13
Ismey,0,12,12
Ismihan,0,12,12
Itay,11,3,14
Itta,0,12,12
Iyobosa,3,8,11
Ibeling,11,0,11
Iboyca,0,11,11
Ibtisaam,0,11,11
Ieda,0,11,11
Iemktje,0,11,11
Iftikhar,7,3,10
Ignaas,9,3,12
Ignatine,0,11,11
IJbertus,11,0,11
IJsbrandina,0,11,11
IJsbrandus,11,0,11
IJte,11,0,11
IJtze,11,0,11
Ilaij,11,0,11
Ilanka,0,11,11
Ildefonsus,11,0,11
Ildephonsa,0,11,11
Ilhaam,0,11,11
Iljah,10,3,13
Ilje,8,3,11
Illyas,11,0,11
Ilvo,11,0,11
Ilyaz,11,0,11
Imbertus,11,0,11
Imee,0,11,11
Imène,0,11,11
Imie,0,11,11
Imy,0,11,11
Inden,3,8,11
Ingelien,0,11,11
Ingred,0,11,11
Inkeri,0,11,11
Inouk,3,10,13
Iprahim,11,0,11
Iraj,10,3,13
Iraz,3,10,13
Iremnur,0,11,11
Irèn,0,11,11
İrfan,11,0,11
Irka,0,11,11
Irmela,0,11,11
Isa-Mae,0,11,11
Isaa,7,3,10
Isaaq,7,3,10
Isalinde,0,11,11
Isebella,0,11,11
Isette,0,11,11
Ishairo,11,0,11
Ishrat,6,5,11
Ismaiel,11,0,11
Ismo,11,0,11
Isolina,0,11,11
Istwan,10,3,13
Ivy-Lynn,0,11,11
Ixora,0,11,11
Iyanla,0,11,11
Izäak,11,0,11
Izo,11,0,11
Izzah,0,11,11
Ibolyka,0,10,10
Idje,0,10,10
Idze,10,0,10
Ifeoluwa,3,8,11
Ifunanya,3,9,12
Ignacy,10,0,10
Ijan,10,0,10
IJberdina,0,10,10
IJpkjen,0,10,10
IJske,7,3,10
Iki,0,10,10
Ikraan,0,10,10
Iktje,3,9,12
Ilara,0,10,10
Ildephonsus,9,3,12
İlkay,6,3,9
Ilkim,0,10,10
Ilou,0,10,10
Ilsemarie,0,10,10
Ilyse,0,10,10
Imand,10,0,10
Imber,3,8,11
Imeldina,0,10,10
Imeldine,0,10,10
Immanuëlla,0,10,10
Immelie,3,9,12
Imren,3,8,11
Inaam,0,10,10
Inácio,8,3,11
Indjomar,10,0,10
Indranie,0,10,10
Ingar,10,0,10
Ingriet,0,10,10
Inie,0,10,10
Inky,3,9,12
Inmaculada,0,10,10
Innocent,9,3,12
Inviolata,0,10,10
Iphigenia,0,10,10
Irissa,0,10,10
Irme,3,9,12
Irmen,5,5,10
Irmgardus,7,3,10
Isa-Bo,0,10,10
Isaja,10,0,10
Isamara,0,10,10
Isata,0,10,10
Isatou,0,10,10
Isea,3,8,11
Iseah,8,3,11
Ishaniya,0,10,10
Ishiqa,0,10,10
Ismeralda,0,10,10
Issah,10,0,10
Ivandro,10,0,10
Ivany,3,8,11
Ivessa,0,10,10
Iwert,10,0,10
Iyaad,10,0,10
Izac,10,0,10
Izarah,0,10,10
Ianna,0,9,9
Ibrich,0,9,9
Ibro,9,0,9
Idonea,0,9,9
Ieb,3,8,11
Ientje,6,3,9
Ietsen,9,0,9
Ifigenia,3,8,11
Ifra,3,8,11
Igone,0,9,9
IJka,0,9,9
IJle,9,0,9
IJnschje,0,9,9
Iklim,0,9,9
Ilbert,9,0,9
Ildi,3,7,10
Ilhaan,0,9,9
Illonka,0,9,9
Imam,8,3,11
Imed,9,0,9
Imi,3,8,11
Immacolata,0,9,9
Immegien,0,9,9
Imré,9,0,9
Inaas,0,9,9
Inari,3,7,10
Inaysa,0,9,9
Indiah,0,9,9
Indivar,9,0,9
Indradevi,0,9,9
Ingebörg,0,9,9
Ingelies,0,9,9
Ingelou,0,9,9
Inkie,0,9,9
Innis,5,3,8
Innocence,3,8,11
Inocencio,9,0,9
Intina,0,9,9
Inya,0,9,9
Ioannes,9,0,9
Irinka,0,9,9
Irisabella,0,9,9
Irsan,9,0,9
Irvy,0,9,9
Iryna,0,9,9
Isa-Lynn,0,9,9
Isamar,3,8,11
Iselda,0,9,9
İshak,9,0,9
Ishanie,0,9,9
Ishany,0,9,9
Ishay,9,0,9
Isidra,0,9,9
Isioma,3,5,8
Iskje,0,9,9
Islim,3,8,11
Ismé,0,9,9
Ismène,0,9,9
Isoken,3,8,11
Isora,0,9,9
Issac,9,0,9
Ity,3,6,9
Ivani,3,7,10
Iwa,3,7,10
Iwo,9,0,9
Iyana,0,9,9
Iyed,9,0,9
Izai,9,0,9
Izay,8,3,11
Izette,3,8,11
Izra,3,6,9
Ibeline,3,7,10
Ibella,0,8,8
Ibra,8,0,8
Ides,3,3,6
Idi,3,6,9
Idigje,0,8,8
Idrees,6,3,9
Idun,3,7,10
Ieuwina,0,8,8
Iglaas,3,5,8
Ignat,7,3,10
Ignatiana,0,8,8
IJchiena,0,8,8
IJdo,8,0,8
IJep,8,0,8
IJko,8,0,8
IJmktje,0,8,8
IJnskjen,0,8,8
IJpie,0,8,8
IJzina,0,8,8
Ikaia,8,0,8
Ikar,7,3,10
Ikko,8,0,8
Ikponmwosa,6,3,9
Ikran,0,8,8
Ilaaf,0,8,8
Ilane,0,8,8
Ilari,7,3,10
Ilbey,8,0,8
Ildefons,7,3,10
Ilenia,0,8,8
Ilga,0,8,8
Ilinca,0,8,8
Ilise,0,8,8
Ilkkan,7,3,10
Ilsanne,0,8,8
İlyas,8,0,8
Imogeen,3,7,10
İnci,0,8,8
Indu,0,8,8
Ingerid,0,8,8
Ingur,8,0,8
Iñigo,8,0,8
Inis,0,8,8
Iola,0,8,8
Iolente,0,8,8
Iraïda,0,8,8
Irené,3,5,8
Irjan,7,3,10
Irmelin,0,8,8
Irmtraud,0,8,8
Irshan,8,0,8
Irvana,0,8,8
Isa-Belle,0,8,8
Isabèl,0,8,8
Isadore,3,5,8
Isard,8,0,8
Isaro,3,7,10
Isas,8,0,8
Isay,7,3,10
Isca,3,6,9
Isco,8,0,8
Isebeau,3,6,9
Iseline,0,8,8
Isina,0,8,8
Isley,3,5,8
Ismae,0,8,8
Isola,0,8,8
Israr,3,3,6
Ista,3,7,10
Itisberga,0,8,8
Ito,8,0,8
Ivanova,0,8,8
Ivèn,7,3,10
Izadora,0,8,8
Izarra,0,8,8
Izaya,3,7,10
Izet,6,3,9
Izi,3,6,9
Iziz,0,8,8
Ianto,7,0,7
Ibeliena,0,7,7
Ibtihaje,0,7,7
Idanus,7,0,7
Ideke,0,7,7
Idesbald,7,0,7
İdil,0,7,7
Idis,3,5,8
Idolina,0,7,7
Idriz,7,0,7
Idso,7,0,7
Ielkje,0,7,7
Ieske,3,3,6
Ieta,0,7,7
Ieuan,7,0,7
Iewke,7,0,7
Igal,7,0,7
Igge,7,0,7
Iggi,6,3,9
Iginio,7,0,7
Ignaat,7,0,7
Ignasia,0,7,7
Ignatie,3,3,6
Igorevna,0,7,7
Iheb,7,0,7
Ijay,7,0,7
IJbeling,7,0,7
IJkelina,0,7,7
IJkjen,0,7,7
IJnje,0,7,7
IJolanda,0,7,7
IJpo,7,0,7
IJtse,7,0,7
IJtsje,0,7,7
Ilaisah,0,7,7
Ilâyda,0,7,7
Ilgin,3,6,9
Iliane,0,7,7
Ilisa,0,7,7
Iljo,6,3,9
Illa,3,3,6
Illana,0,7,7
Ilmer,6,3,9
Ilmy,0,7,7
Ilter,7,0,7
Iltje,0,7,7
Ilvia,0,7,7
Ilyssa,0,7,7
Imaculata,0,7,7
Imada,0,7,7
Imaira,0,7,7
Imanuela,0,7,7
Imanuelle,0,7,7
Imechien,0,7,7
Imelde,0,7,7
Imgrid,0,7,7
Imktje,0,7,7
Immánuël,7,0,7
Immechiena,0,7,7
Immelina,0,7,7
Ina-Séu,0,7,7
Inam,5,3,8
Incilay,0,7,7
Indari,0,7,7
Indhira,0,7,7
Indri,3,6,9
Indy-Lynn,0,7,7
Inesa,0,7,7
Ingeli,0,7,7
Ingelore,0,7,7
Ingenette,0,7,7
Ingie,0,7,7
Inia,3,6,9
Insaaf,0,7,7
Insha,0,7,7
Inthe,0,7,7
Inza,3,6,9
Iraisa,0,7,7
Irayda,0,7,7
Iremsu,0,7,7
Iréna,0,7,7
Iriet,0,7,7
Irmlinde,0,7,7
Iro,3,5,8
Irteza,3,3,6
Isa-Bella,0,7,7
Isäac,7,0,7
Isamae,0,7,7
Isbrand,7,0,7
Isel,3,6,9
Isenia,3,6,9
Ishar,7,0,7
Ishayro,7,0,7
Ishimwe,5,3,8
Ishvara,3,3,6
Ishya,3,6,9
Isia,0,7,7
Işilay,0,7,7
Isjah,3,6,9
Iskjen,0,7,7
Islah,0,7,7
Islem,3,3,6
Ismaél,7,0,7
Ismaela,0,7,7
Ismenia,0,7,7
Ismigül,0,7,7
Isobella,0,7,7
Isobelle,0,7,7
Isodoor,7,0,7
Isoline,3,6,9
Israëla,0,7,7
Isrid,0,7,7
Issabel,0,7,7
Issabelle,0,7,7
Issem,7,0,7
Isthar,3,6,9
Itha,0,7,7
Ithiël,6,3,9
Itie,3,5,8
Itina,0,7,7
Itsche,0,7,7
Itskje,0,7,7
Ittie,3,6,9
Itze,7,0,7
Ivah,0,7,7
Ivander,7,0,7
Ivi,3,6,9
Iwen,7,0,7
Ixia,0,7,7
Iyabo,0,7,7
Iyen,7,0,7
Izairo,7,0,7
Izalina,0,7,7
Izan,6,3,9
Izdihar,0,7,7
Izumi,0,7,7
Iannis,6,0,6
Ibi,3,3,6
ibne,6,0,6
Iboja,0,6,6
Iboyka,0,6,6
Ibtisem,0,6,6
Idana,0,6,6
Idestius,6,0,6
Idie,3,3,6
Idith,0,6,6
Idolfus,6,0,6
Idonia,0,6,6
Idrick,6,0,6
Idwine,0,6,6
Idy,3,5,8
Iebelo,6,0,6
Ieko,6,0,6
Iemko,6,0,6
Iente,5,3,8
Iepkjen,0,6,6
Iesha,0,6,6
Ievan,6,0,6
Ifa,0,6,6
Ifakat,0,6,6
Ifan,6,0,6
Ifar,6,0,6
Ifraah,0,6,6
Iftegaar,6,0,6
Iginia,0,6,6
Iglas,0,6,6
Ignacius,6,0,6
Ignasio,6,0,6
Ignasius,6,0,6
Ignazia,0,6,6
Ignes,0,6,6
Igrayne,3,5,8
Ihaab,5,3,8
IJbel,3,3,6
IJeme,6,0,6
Ijlal,0,6,6
IJmtje,0,6,6
IJssebrand,6,0,6
IJssel,3,3,6
IJtsche,0,6,6
IJzaak,6,0,6
Ikechi,5,3,8
Ikhlass,0,6,6
Ikie,0,6,6
Ilaijah,6,0,6
Ilanga,0,6,6
Ilaydanur,0,6,6
Ilbiena,0,6,6
Ilca,0,6,6
Ilen,0,6,6
Ilène,0,6,6
Ileyda,0,6,6
İlhami,6,0,6
İlhan,6,0,6
Ilijana,0,6,6
Ilijas,6,0,6
Iline,0,6,6
Ilinka,0,6,6
Ilios,6,0,6
Iljits,6,0,6
Illyana,0,6,6
Ilmatar,3,3,6
Iloisa,0,6,6
Iloncka,3,5,8
Iluh,0,6,6
Iluska,0,6,6
Ilwaad,0,6,6
Imah,3,5,8
Imairo,6,0,6
Imaney,0,6,6
Imanie,0,6,6
Imaro,6,0,6
Imarus,6,0,6
Imeltina,0,6,6
Imeltje,0,6,6
Immanuëla,0,6,6
Immer,5,3,8
Impkje,0,6,6
Inacio,5,3,8
Inana,0,6,6
Inarah,0,6,6
Indera,3,5,8
Indiomar,6,0,6
Indro,6,0,6
Ingele,3,3,6
Ingelotte,0,6,6
Ingentje,0,6,6
Iniesta,3,3,6
Injo,5,3,8
Inkjen,0,6,6
Inko,6,0,6
Innocenta,0,6,6
Inoah,3,3,6
Inocente,5,3,8
Inouschka,0,6,6
Inta,0,6,6
Inten,0,6,6
Inuk,3,3,6
Ioanis,6,0,6
Ippe,6,0,6
Irawati,0,6,6
Ireentje,0,6,6
Irêne,0,6,6
Irenëus,6,0,6
Irenia,0,6,6
Irenke,0,6,6
Iri,3,3,6
Irien,0,6,6
Irmeline,0,6,6
Irmengard,0,6,6
Irmgart,0,6,6
Irmingard,0,6,6
Irven,6,0,6
Isaack,6,0,6
Isaam,6,0,6
Isabeth,0,6,6
Isae,3,3,6
Isaías,6,0,6
Isalotte,0,6,6
Iscander,6,0,6
Ischelle,0,6,6
Isée,0,6,6
Ises,3,5,8
Isetta,0,6,6
Ishal,0,6,6
Ishania,0,6,6
Ishayen,6,0,6
Ishtiaq,3,3,6
Ishwarya,0,6,6
Isidoris,6,0,6
Işılay,0,6,6
Iskra,0,6,6
Ismaëla,0,6,6
Ismara,0,6,6
Isminaz,0,6,6
Isoura,0,6,6
İsra,0,6,6
Issachar,6,0,6
Issi,3,5,8
Istanbul,3,5,8
Istvàn,6,0,6
Isy,3,5,8
Itty,0,6,6
Iulian,6,0,6
Iuno,0,6,6
Ivailo,6,0,6
Ivannah,0,6,6
Ivanovna,0,6,6
Ivery,3,3,6
Ivin,6,0,6
Ivy-Mae,0,6,6
Iyanu,5,3,8
Iyas,6,0,6
Izaan,6,0,6
Izaï,6,0,6
Izanne,0,6,6
Iam,3,3,6
Iba,3,3,6
Ibou,5,0,5
Ibraahiem,5,0,5
Ibtihaj,0,5,5
Ibtihale,0,5,5
Icha,3,3,6
Idaira,0,5,5
Idal,0,5,5
Idalette,0,5,5
Idamina,0,5,5
Idaniël,5,0,5
Idelet,0,5,5
Idelia,0,5,5
Iden,3,3,6
Idger,5,0,5
Idiana,0,5,5
Idina,0,5,5
Idjaaz,5,0,5
Idman,0,5,5
Idnan,3,3,6
Idsche,0,5,5
Idwerd,0,5,5
Idyl,0,5,5
Idzarda,0,5,5
Iebelina,0,5,5
Ielktje,0,5,5
Iem,3,3,6
Iempkje,0,5,5
Iën,5,0,5
Ienko,5,0,5
Iepelina,0,5,5
Iesebrand,5,0,5
Iesje,3,3,6
Ifeyinwa,0,5,5
Ifraaz,5,0,5
Igbinosa,3,3,6
Igilius,5,0,5
Ignard,5,0,5
Ignatina,0,5,5
Ignatios,5,0,5
Igorevich,5,0,5
Igra,0,5,5
IJbeline,0,5,5
Ijja,0,5,5
IJmo,5,0,5
IJnsche,3,3,6
IJntse,5,0,5
Ijona,0,5,5
IJwe,5,0,5
IJzebranda,0,5,5
Ikje,0,5,5
Ilaino,5,0,5
Ilaise,0,5,5
Ilaj,5,0,5
Ilaniek,0,5,5
Ilanith,0,5,5
Ilany,0,5,5
Ilar,5,0,5
Ildefonso,5,0,5
Ileah,3,3,6
Ilfa,0,5,5
Ilidio,5,0,5
Ilissa,0,5,5
Ilius,5,0,5
Ilkcan,3,3,6
Ilkin,3,3,6
Ilkka,3,3,6
Illan,3,3,6
Illaysa,0,5,5
Ilmi,3,3,6
Iloe,0,5,5
Ilsan,0,5,5
Ilu,0,5,5
Imad-Eddine,5,0,5
Imaine,0,5,5
Imanuella,0,5,5
Imèn,0,5,5
Imene,0,5,5
Imilia,0,5,5
Imkéa,0,5,5
Immegonda,0,5,5
Imry,3,3,6
Imte,3,3,6
Imtiyaz,5,0,5
Inaayah,0,5,5
Inaira,0,5,5
Inaissa,0,5,5
Iñaki,5,0,5
Inaria,0,5,5
Inasse,0,5,5
Inayet,3,3,6
Inchirah,0,5,5
Inderjeet,3,3,6
Inderjit,3,3,6
Indrayani,0,5,5
Indriani,0,5,5
Ineida,0,5,5
Inêz,0,5,5
Ingebjörg,0,5,5
Ingold,3,3,6
Ingor,5,0,5
Ingried,0,5,5
Ingritta,0,5,5
Ingvarda,0,5,5
Ingwio,3,3,6
Inje,0,5,5
Inn,3,3,6
Inny,3,3,6
Inoek,3,3,6
Intze,3,3,6
Iôannês,5,0,5
Ioni,0,5,5
Ionica,0,5,5
Ionna,0,5,5
Ionne,0,5,5
Ipelina,0,5,5
Ipke,3,3,6
Ipko,5,0,5
Iqlaas,0,5,5
Iqlas,0,5,5
Irani,0,5,5
Irda,0,5,5
Irenaea,0,5,5
Ireneia,0,5,5
Ireneusz,5,0,5
Irès,0,5,5
Iresa,0,5,5
Irio,5,0,5
Irisha,0,5,5
Iriz,0,5,5
Irmgilda,0,5,5
Irovana,3,3,6
Irshaan,5,0,5
Irulan,3,3,6
Irwinia,0,5,5
Isack,5,0,5
Isaija,5,0,5
Isalin,0,5,5
Isalyn,0,5,5
Isandra,0,5,5
Isbelia,0,5,5
Isedor,5,0,5
Isella,0,5,5
Iseo,3,3,6
Isfridus,5,0,5
Isfrieda,0,5,5
Ishaara,0,5,5
Ishaiya,0,5,5
Ishane,3,3,6
Ishant,5,0,5
Ishanya,0,5,5
Ishmerai,3,3,6
Ishvan,5,0,5
Işık,3,3,6
Iskay,3,3,6
Isma'il,5,0,5
Ismaëlle,3,3,6
Ismahaan,0,5,5
Ismat,3,3,6
Ismelda,0,5,5
Ismini,0,5,5
Isotta,0,5,5
Isranur,0,5,5
Issaiah,3,3,6
Issak,5,0,5
Issan,3,3,6
Issis,0,5,5
Iswar,5,0,5
Ithar,3,3,6
Itsk,3,3,6
Itza,3,3,6
Itzel,0,5,5
Iustus,5,0,5
Ivaan,5,0,5
Ivairo,5,0,5
Ivanhoe,5,0,5
Ivaro,5,0,5
Ivich,0,5,5
Ivka,0,5,5
Ivvy,3,3,6
Ivy-Rose,0,5,5
Iwina,0,5,5
Ixiomar,5,0,5
Iyara,0,5,5
Iyob,3,3,6
Izaä,0,5,5
Izaack,5,0,5
Izaäka,0,5,5
Izabell,0,5,5
Izayra,0,5,5
Izé,0,5,5
Izeah,3,3,6
Izzettin,5,0,5
Iano,3,0,3
Iáson,3,0,3
Ibai,3,0,3
Ibeldina,0,3,3
Ibelia,0,3,3
Ibis,3,0,3
Ibojka,0,3,3
Ibtissem,0,3,3
Icas,3,0,3
Ichel,0,3,3
Ichlaas,3,3,6
Icho,3,0,3
Ichraf,3,3,6
Ichsan,3,0,3
İclal,0,3,3
Idaan,3,0,3
Idara,0,3,3
Idea,0,3,3
Idelfons,3,0,3
Idia,0,3,3
Idisona,0,3,3
Idjaz,3,0,3
Idre,3,3,6
Idskeüs,3,0,3
Idskia,0,3,3
Idtskje,0,3,3
Iduard,3,0,3
Idune,0,3,3
Iebeltsje,0,3,3
Ieka,0,3,3
Ielkina,0,3,3
Ieman,3,3,6
Iemme,3,3,6
Iempje,0,3,3
Iens,3,3,6
Ienschje,0,3,3
Ientse,3,0,3
Iepje,0,3,3
Ierfaan,3,0,3
Ietie,0,3,3
Iety,0,3,3
Iewe,3,0,3
Iffat,3,3,6
Ifke,0,3,3
Iftin,0,3,3
Igraine,0,3,3
Iheoma,0,3,3
Iikka,3,0,3
IJgbert,3,0,3
IJlke,3,0,3
IJmertje,0,3,3
IJmie,0,3,3
IJmkina,0,3,3
IJpes,3,3,6
IJpje,0,3,3
IJse,3,0,3
Ijzebrand,3,0,3
Ikaros,3,0,3
Iklimya,0,3,3
Iks,3,0,3
Ilahi,3,3,6
Ilaina,0,3,3
Ilaiyah,3,3,6
Ilanah,0,3,3
Ilayra,0,3,3
Ilbine,0,3,3
Ildar,3,0,3
Ildefonse,0,3,3
Ildeniz,3,3,6
Ildica,0,3,3
Ilef,0,3,3
Iléne,0,3,3
Ileyza,0,3,3
Ilgın,3,3,6
Iliaas,3,3,6
Iliad,3,0,3
Ilicia,0,3,3
Ilidia,0,3,3
Ilie,3,0,3
Ilinichna,0,3,3
Iliza,0,3,3
Ilkje,0,3,3
Illah,3,0,3
Illand,3,3,6
Illay,3,0,3
Illia,3,3,6
Ilmas,3,0,3
Iloiza,0,3,3
Ilonda,0,3,3
Ilori,3,3,6
Ilsabeth,0,3,3
Iluminada,0,3,3
Ilunga,3,0,3
Ilvar,3,0,3
Ilwad,0,3,3
Ilyah,3,0,3
Imaany,0,3,3
Imaculada,0,3,3
Imarah,0,3,3
Imayro,3,0,3
Imela,3,3,6
Imelia,0,3,3
Imelsa,0,3,3
Imgert,3,0,3
Imichje,0,3,3
Imkeline,0,3,3
Imkes,3,0,3
Immaculée,3,3,6
Immànuel,3,0,3
Immanuele,3,3,6
Immelda,0,3,3
Immerensiana,0,3,3
Immerie,0,3,3
İmran,3,3,6
Imrana,3,3,6
Imsiana,0,3,3
Inaajat,3,0,3
Inacia,0,3,3
Inah,0,3,3
Inanc,3,0,3
Inayra,0,3,3
Ince,3,3,6
Inchomar,3,0,3
Inçi,0,3,3
Inday,0,3,3
Inderjiet,3,0,3
Indika,3,3,6
Indiki,0,3,3
Indraj,3,0,3
Indrawan,3,0,3
Indriati,0,3,3
Indy-Rose,0,3,3
Indygo,3,3,6
Iné,0,3,3
Inesse,0,3,3
Inge-Lise,0,3,3
Inge-Louise,0,3,3
Ingegerd,0,3,3
Ingelot,0,3,3
Ingenatius,3,0,3
Ingenitha,0,3,3
Ingerlise,0,3,3
Ingi,0,3,3
Ingienus,3,0,3
Ingobert,3,0,3
Ingredette,0,3,3
Ingri,0,3,3
Ingrida,0,3,3
Ingward,3,0,3
Ingwin,3,0,3
Ingy,0,3,3
Inique,3,3,6
Inisha,0,3,3
Inma,0,3,3
Innie,3,3,6
Innocentio,3,3,6
Inora,0,3,3
Inou,3,3,6
Inoue,3,3,6
Inra,3,3,6
Inskje,0,3,3
Into,3,0,3
Inu,3,3,6
Ioann,3,0,3
Iohannes,3,0,3
Iolanthe,0,3,3
Ionel,3,0,3
Iosif,3,0,3
Iracema,0,3,3
Irakoze,3,3,6
Iraya,0,3,3
Iraysha,0,3,3
Ire,3,3,6
Irek,3,0,3
Iréné,3,0,3
Irénke,0,3,3
Irenne,0,3,3
Ireno,3,0,3
Iriana,0,3,3
Iric,3,0,3
Irik,3,0,3
Irinda,0,3,3
Irineu,3,3,6
Irineus,3,0,3
Irinie,0,3,3
Irla,0,3,3
Irman,3,0,3
Irmhild,3,3,6
Irminia,0,3,3
Irmon,3,0,3
Irmtrud,0,3,3
Irne,0,3,3
Irolt,3,0,3
Irşad,3,0,3
Irus,3,3,6
Irvaan,3,0,3
Irvie,0,3,3
Isa-beau,0,3,3
Isa-Marie,0,3,3
Isa-Sofie,0,3,3
Isaäcs,3,0,3
Isaah,3,3,6
Isaaï,3,0,3
Isadee,0,3,3
Isadoor,3,3,6
Isador,3,3,6
Isahak,3,0,3
Isaí,3,0,3
Isaïas,3,0,3
Isalina,0,3,3
Isamu,3,0,3
Isare,0,3,3
Isayrah,0,3,3
Iscar,3,0,3
Ischka,3,3,6
Isee,0,3,3
Isela,0,3,3
Isele,0,3,3
Isen,3,3,6
Isey,0,3,3
Isfahan,3,0,3
Ishaac,3,0,3
Ishaani,0,3,3
Ishaanvi,0,3,3
Ishel,3,3,6
Ishfaaq,3,0,3
Ishmail,3,0,3
Ishmar,3,0,3
Ishwan,3,0,3
Ishwardath,3,0,3
Ishwarie,0,3,3
Isik,3,3,6
Isilde,0,3,3
Isiz,0,3,3
Isjfaaq,3,0,3
İslam,3,3,6
Ismaeil,3,0,3
Ismaèl,3,0,3
Ismaëll,3,0,3
Ismah,0,3,3
Ismena,0,3,3
Ismi,0,3,3
Ismonde,0,3,3
Israae,0,3,3
Israela,0,3,3
Issra,0,3,3
Istana,3,3,6
Isuekebhor,3,3,6
Isyan,3,0,3
Ithai,3,0,3
Ithaka,0,3,3
Itsje,0,3,3
Ittai,3,0,3
Ittisberga,0,3,3
Itzhak,3,0,3
Ivanieldo,3,0,3
Ivanio,3,3,6
Ivanisha,0,3,3
Ivanno,3,3,6
Ivanus,3,0,3
Ivemie,3,3,6
Iverne,0,3,3
Ivete,0,3,3
Ivonka,0,3,3
Ivy-Joy,0,3,3
Ivy-May,0,3,3
Iwanka,0,3,3
Iwanowitch,3,3,6
Iyayi,3,0,3
Iyesogie,3,3,6
Iyobel,3,0,3
Izairah,0,3,3
Izana,0,3,3
Izarina,0,3,3
Izaro,3,3,6
Izea,3,3,6
Izebella,0,3,3
Izhaar,3,0,3
Izina,0,3,3
Izolda,0,3,3
Izzat,3,3,6
Iaera,0,3,3
Iantha,0,3,3
Ibegbulem,3,3,6
Ibiş,3,0,3
Ibiza,0,3,3
Iboika,0,3,3
Ibora,0,3,3
Ibrahiim,3,0,3
Ibrahime,3,0,3
Ibram,3,0,3
Ibrar,3,0,3
Ibtihaal,0,3,3
Icar,3,0,3
Icey,0,3,3
Ichella,0,3,3
Ichi,3,3,6
İclâl,0,3,3
Ida-Maria,0,3,3
Idalgo,3,0,3
Idalien,0,3,3
Idanja,0,3,3
Idas,3,0,3
Iddris,3,3,6
Idel,3,3,6
Idette,0,3,3
Idiatou,0,3,3
Idichje,0,3,3
Idiliana,0,3,3
Idolfes,3,0,3
Idona,0,3,3
Idrich,3,0,3
Idrisse,3,3,6
Idserd,3,0,3
Idsje,0,3,3
Idtz,3,0,3
Idunn,0,3,3
Idzo,3,0,3
Ied,0,3,3
Iedjaaz,3,0,3
Iedries,3,0,3
Iedske,0,3,3
Ielja,0,3,3
Ieltje,0,3,3
Ielze,0,3,3
Iemanda,0,3,3
Iemy,0,3,3
Ienaas,0,3,3
Ienge,3,3,6
Ienigje,0,3,3
Iepy,0,3,3
Iera,0,3,3
Ieram,0,3,3
Iershaad,3,0,3
Iestyn,3,0,3
Ietsie,3,3,6
Ietskiena,0,3,3
Ifè,3,3,6
Ifemia,0,3,3
Ifeta,3,3,6
Iffah,0,3,3
Ifigeneia,0,3,3
Ifmorel,3,0,3
Iftegar,3,0,3
Ifteghar,3,0,3
Ify,0,3,3
Igbinoba,3,3,6
Igidius,3,0,3
Iglaash,3,3,6
Igminia,0,3,3
Ignác,3,0,3
Igorewna,0,3,3
Ihlas,3,0,3
Ihlay,3,0,3
Ihlja,0,3,3
Ihya,3,0,3
Iimaan,0,3,3
Ijaaz,3,0,3
IJbelien,0,3,3
IJbo,3,0,3
IJes,0,3,3
IJga,0,3,3
Ijjou,0,3,3
IJk,3,3,6
IJkele,3,0,3
IJkina,0,3,3
IJlia,0,3,3
IJlona,0,3,3
IJM,3,3,6
IJma,0,3,3
IJmelda,0,3,3
IJna,0,3,3
IJs,3,0,3
IJsa,3,3,6
IJsbertus,3,0,3
IJtjen,3,3,6
IJvo,3,0,3
IJzendoorn,3,3,6
Ikaro,3,0,3
Ikas,3,3,6
Iké,3,0,3
Ikeliena,0,3,3
Ikke,0,3,3
Ikki,0,3,3
Ikramiye,0,3,3
Ikwunna,0,3,3
Iky,0,3,3
Ilaï,3,0,3
Ilaïa,0,3,3
Ilain,3,3,6
Ilajah,3,0,3
Ilajda,0,3,3
Ilanca,0,3,3
Ilaniet,0,3,3
Ilary,3,3,6
Ilayjah,3,3,6
Ilayla,0,3,3
Ilaysah,0,3,3
İlber,3,0,3
Ildephons,3,0,3
Ildico,0,3,3
Ildo,3,0,3
Ilea,0,3,3
Ilean,3,3,6
Ileane,0,3,3
Ilenna,0,3,3
Ilette,0,3,3
Ilhana,0,3,3
Ili,0,3,3
Iliandra,0,3,3
Iliandro,3,0,3
Ilías,3,0,3
İlias,3,0,3
Ilijah,3,3,6
Ilim,3,0,3
Ilin,0,3,3
Iliria,0,3,3
Ilirjana,0,3,3
Ilisabeth,0,3,3
Ilisha,0,3,3
Ilisia,0,3,3
Ilithyia,0,3,3
Iliyes,3,0,3
Ilize,0,3,3
Iljitz,3,0,3
Iljona,0,3,3
Ilkbal,3,3,6
Ilkel,0,3,3
Ilkem,3,3,6
Ilksen,0,3,3
Illari,3,3,6
Illeane,0,3,3
Illegina,0,3,3
Illemina,0,3,3
Illiano,3,0,3
Illinois,3,3,6
Illuminata,0,3,3
Illyanne,0,3,3
Ilna,0,3,3
Ilonie,3,3,6
Ilonja,0,3,3
Ilonna,0,3,3
Iloon,0,3,3
Ilousa,0,3,3
Ilsabe,0,3,3
Ilse-Maria,0,3,3
Ilse-Marije,0,3,3
Ilus,0,3,3
Ilvana,0,3,3
Ilve,0,3,3
Ilyâs,3,0,3
Ilyna,0,3,3
Ilysah,0,3,3
Ilyze,0,3,3
Imad-eddine,3,0,3
Imande,0,3,3
Imaran,3,0,3
Imay,3,3,6
Imée,0,3,3
Imeldis,0,3,3
Imelie,3,3,6
Imeltine,0,3,3
Iméne,0,3,3
Imer,3,0,3
Imerentia,0,3,3
Imerio,3,0,3
Imerta,0,3,3
Imge,3,3,6
İmge,0,3,3
Imgerd,3,0,3
Imil,3,0,3
Imkiena,0,3,3
Immaculatae,0,3,3
Imman,0,3,3
Immanuél,3,0,3
Immanüel,3,3,6
Immanuell,3,0,3
Immegina,0,3,3
Immelien,0,3,3
Immen,0,3,3
Immerance,0,3,3
Immerendina,0,3,3
Immeritsiana,0,3,3
Immichje,0,3,3
Immique,0,3,3
Immorita,0,3,3
Imoh,3,3,6
Imor,3,3,6
Imrah,0,3,3
Imron,3,0,3
Imtiaas,3,0,3
Imuetinyan,3,0,3
Inaayat,3,0,3
Inal,3,0,3
İnan,3,0,3
Inaro,3,0,3
Inase,0,3,3
Inay,3,3,6
Inaysha,0,3,3
Inbar,3,3,6
Indhy,3,3,6
Indila,0,3,3
Indria,0,3,3
Indriana,0,3,3
Indriya,3,3,6
Indyana,3,3,6
Inees,0,3,3
Inela,0,3,3
Inesia,0,3,3
Ingabire,0,3,3
Ingalina,0,3,3
Ingberta,0,3,3
Inge-Lisa,0,3,3
Ingebjorg,0,3,3
Ingebourg,0,3,3
Ingeliena,0,3,3
Ingeltje,0,3,3
Ingemare,0,3,3
Ingenar,3,0,3
Ingenata,0,3,3
Ingenatus,3,0,3
Ingenus,3,0,3
Inger-Lise,0,3,3
Inggrid,0,3,3
Ingiomar,3,0,3
Ingka,0,3,3
Ingrith,0,3,3
Ingrun,0,3,3
Ingun,0,3,3
Ingunn,0,3,3
Ingvil,0,3,3
Iniek,3,3,6
Inioluwa,3,3,6
Inkondo,3,3,6
Innocencia,0,3,3
Inocensia,0,3,3
Inocensio,3,0,3
Inocentes,3,3,6
Inoesjka,0,3,3
Inonge,0,3,3
Inoué,3,3,6
Inouska,0,3,3
Inshirah,0,3,3
Inşirah,0,3,3
Insirah,0,3,3
Inssafe,0,3,3
Intesar,0,3,3
Intisam,0,3,3
Inzo,3,0,3
Iohanna,0,3,3
Iolana,0,3,3
Iony,0,3,3
Iorek,3,0,3
Ioulianos,3,0,3
Iphigeneia,0,3,3
Iptissam,0,3,3
Iqbaal,3,3,6
Irada,0,3,3
Iraina,0,3,3
Iraïs,0,3,3
Iraja,3,3,6
Iraklis,3,0,3
Iray,3,3,6
Irchaad,3,0,3
Ireine,0,3,3
Irella,0,3,3
Irèna,3,3,6
Irenaëi,0,3,3
Irenaëus,3,0,3
Irenè,0,3,3
Irenée,0,3,3
Irenéus,3,0,3
Irenosen,0,3,3
Ireza,3,3,6
Irfaniye,0,3,3
Irghin,3,3,6
Iriane,0,3,3
Iriani,0,3,3
Irice,0,3,3
Iride,0,3,3
Irineo,3,0,3
Irisch,0,3,3
Irise,3,3,6
Irjanto,3,0,3
Irm,0,3,3
Irmana,0,3,3
Irmeli,0,3,3
Irmgarde,0,3,3
Irmgardia,0,3,3
Irmhilde,0,3,3
Irmonda,0,3,3
Irnes,3,0,3
Irngard,0,3,3
Irnsje,0,3,3
Irone,3,3,6
Irosha,0,3,3
Irre,0,3,3
Irshat,3,0,3
Irum,0,3,3
Irvano,3,0,3
Irvi,3,3,6
Iryana,0,3,3
Isa-Lotte,0,3,3
Isa-May,0,3,3
Isabél,0,3,3
Isabele,0,3,3
Isabella-Sophie,0,3,3
Isabellita,0,3,3
Isabellus,3,0,3
Isacq,3,0,3
Isaïa,3,3,6
Isaida,0,3,3
Isaih,3,0,3
Isaïra,0,3,3
Isairo,3,0,3
Isaiyah,3,0,3
Isala,0,3,3
Isalena,0,3,3
Isali,0,3,3
Isambard,3,0,3
Isani,3,3,6
Isaq,3,0,3
Isaque,3,0,3
Isarina,0,3,3
Isaurah,0,3,3
Isayas,3,0,3
Isayen,3,3,6
Isayra,0,3,3
Isbelio,3,0,3
Isbert,3,0,3
Iscah,3,0,3
Ischi,3,3,6
Isedorius,3,0,3
Iselde,0,3,3
Iseleine,0,3,3
Iselinde,0,3,3
Iselinn,0,3,3
Iserdei,0,3,3
Isère,0,3,3
Isgar,3,0,3
Ishaa,0,3,3
Ishaal,0,3,3
Ishae,3,0,3
Ishaï,3,0,3
Ishaiah,3,3,6
Ishari,0,3,3
Ishayu,3,0,3
Ishbel,0,3,3
Ishelle,0,3,3
Ishfaq,3,3,6
Ishvaridevi,0,3,3
Ishwaq,0,3,3
Isidorius,3,0,3
Isidre,3,0,3
Isiguzo,3,3,6
Isijah,3,3,6
Işik,3,3,6
Isika,0,3,3
Isildur,3,0,3
Isimbi,0,3,3
Isjitar,0,3,3
Isjtar,0,3,3
Iskandra,0,3,3
Ismaa'iel,3,0,3
Ismaeel,3,0,3
Ismaella,0,3,3
Ismahen,0,3,3
Ismaila,3,3,6
Ismaralda,0,3,3
Ismarelda,0,3,3
Ismaya,3,3,6
Ismeta,0,3,3
Ismetcan,3,0,3
İsmihan,0,3,3
Ismine,3,3,6
Ismintha,0,3,3
Isnardo,3,0,3
Isoef,3,0,3
Isole,0,3,3
Isoud,0,3,3
Isrâ,0,3,3
Israëlla,0,3,3
Isri,0,3,3
Issaac,3,3,6
Issameldien,3,3,6
Issay,3,3,6
Istegar,3,0,3
Isto,3,3,6
Istry,0,3,3
Istvân,3,0,3
Isuara,0,3,3
Isuf,3,0,3
Isvar,3,0,3
Iswardath,3,0,3
Isze,0,3,3
Itana,0,3,3
Ithan,3,0,3
Itheria,0,3,3
Ithran,3,0,3
Iti,0,3,3
Itri,3,0,3
Itxaso,0,3,3
Itzae,3,3,6
Itzayana,0,3,3
Itziar,0,3,3
Iuliana,0,3,3
Iúna,3,0,3
Ivaldo,3,0,3
Ivalo,0,3,3
Ivanah,0,3,3
Ivanho,3,0,3
Ivanilio,3,0,3
Ivanja,0,3,3
Ivanke,0,3,3
Ivannildo,3,0,3
Ivanny,0,3,3
Ivanovich,3,0,3
Ivas,3,0,3
Ivaya,0,3,3
Ivaylo,3,0,3
Ivayna,0,3,3
Ivelisse,0,3,3
Ivena,3,3,6
Ivenildo,3,0,3
Ivenne,3,3,6
Ivna,0,3,3
Ivo-Jan,3,0,3
Ivonia,0,3,3
Ivorey,3,3,6
Ivorius,3,0,3
Ivry,3,3,6
Ivy-Jane,0,3,3
Ivy-Maé,0,3,3
Iwanov,3,0,3
Iwao,3,0,3
Iwokura,3,3,6
Ixel,0,3,3
Ixella,0,3,3
Ixion,3,0,3
Iya,3,3,6
Iyabode,0,3,3
Iyani,0,3,3
Iyanna,0,3,3
Iyanomo,3,3,6
Iyke,3,0,3
Iyore,0,3,3
Iza-Beau,0,3,3
Izabeau,0,3,3
Izahra,0,3,3
Izaia,3,3,6
Izajah,3,0,3
Izanna,3,3,6
Izee,0,3,3
Izegrim,3,0,3
Izelina,0,3,3
İzem,0,3,3
Izere,3,0,3
Izes,0,3,3
Izidor,3,0,3
Izolina,0,3,3
Izoura,0,3,3
Izzadin,0,3,3
Izze,0,3,3
Izzedin,3,3,6
I'esha,0,3,3
I'jaz,3,0,3
Iacob,3,0,3
Iada,0,3,3
Iahn,3,0,3
Iakovos,3,0,3
Iambe,0,3,3
Iän,3,0,3
Ian-Sean,3,0,3
Iancu,3,3,6
Ianis,3,0,3
Iante,0,3,3
Ianus,3,0,3
Iarlaith,3,0,3
Iasha,0,3,3
Iasonas,3,0,3
Ibad,3,0,3
Ibado,0,3,3
Ibar,3,0,3
Ibby,0,3,3
Ibelinus,3,0,3
Ibelle,0,3,3
Ibellina,0,3,3
Ibelo,3,0,3
Ibère,3,0,3
Ibertha,0,3,3
Ibeth,0,3,3
Ibhazehiebo,3,0,3
Ibnu,3,0,3
Iboe,3,3,6
Ibohja,3,3,6
Ibolija,0,3,3
Ibólya,0,3,3
Ibolyká,0,3,3
Ibon,3,0,3
Ibonese,0,3,3
Ibor,3,0,3
Ibrah,0,3,3
Ibrahem,3,3,6
Ibrahimcan,3,0,3
Ibraim,3,0,3
Ibranda,0,3,3
Ibrani,3,0,3
Ibren,3,0,3
Ibtisan,0,3,3
Ibukun,3,3,6
Icare,3,3,6
Ichaine,0,3,3
Ichairo,3,0,3
Ichell,0,3,3
Ichlas,0,3,3
Icidro,3,0,3
Icram,0,3,3
Icu,0,3,3
Idah,0,3,3
Idaisa,0,3,3
Idaliene,0,3,3
Idaly,3,0,3
Idalyne,0,3,3
Idarah,0,3,3
Ideal,3,0,3
Idegiena,0,3,3
Idehen,0,3,3
Ideley,0,3,3
Idelfonso,3,0,3
Idelgo,3,0,3
Idem,0,3,3
Idemar,3,3,6
Idert,3,0,3
Idhar,3,3,6
Idian,3,0,3
Idikie,0,3,3
Idilia,0,3,3
Idilio,3,0,3
Idillio,3,0,3
Idin,3,0,3
Idine,0,3,3
Idiriz,3,0,3
Idistius,3,0,3
Idius,3,0,3
Idja,0,3,3
Idoen,0,3,3
Idoena,0,3,3
Idolette,0,3,3
Idonie,3,3,6
Idonius,3,0,3
Idoor,3,0,3
Idora,0,3,3
Idowu,0,3,3
Idra,3,3,6
Idrieth,0,3,3
Idriis,3,0,3
Idrina,0,3,3
Idrissou,3,0,3
Idrith,0,3,3
Ids-Jan,3,0,3
Idser,3,0,3
Idu,3,0,3
Idus,3,0,3
Idut,3,3,6
Idylle,0,3,3
Idzi,3,0,3
Iebel,3,0,3
Iebelientje,0,3,3
Iebelinus,3,0,3
Iedan,3,3,6
Iedette,0,3,3
Iedo,3,0,3
Iee,0,3,3
Iefa,0,3,3
Iefan,3,0,3
Iefemia,0,3,3
Iefra,0,3,3
Iege,3,0,3
Iegte,0,3,3
Iekelien,0,3,3
Iekelina,0,3,3
Iekeline,0,3,3
Ieklina,0,3,3
Iektjo,3,0,3
Iela,0,3,3
Ielaf,0,3,3
Ieljaas,3,0,3
Ielkelina,0,3,3
Ielkien,0,3,3
Ielko,3,0,3
Ielsa,0,3,3
Iema,0,3,3
Iemco,3,0,3
Iemeke,0,3,3
Iemelina,0,3,3
Iemeltje,0,3,3
Iemie,0,3,3
Iemka,0,3,3
Iempke,0,3,3
Iempktje,0,3,3
Ienes,0,3,3
Ienschkje,0,3,3
Iensien,0,3,3
Ienskorinus,3,0,3
Iepka,0,3,3
Iepko,3,0,3
Ierina,0,3,3
Ieris,0,3,3
Ierma,0,3,3
Iersaad,3,0,3
Iershad,3,0,3
Iersjaad,3,0,3
Iesbrand,3,0,3
Ieshan,3,0,3
Iesja,0,3,3
Ietsia,0,3,3
Ietskina,0,3,3
Ieuwkjen,0,3,3
Ieve,0,3,3
Ieze,3,0,3
Ifana,0,3,3
Ifandro,3,0,3
Ifanius,3,3,6
Ifé,0,3,3
Ifeani,0,3,3
Ifeatu,3,3,6
Ifeatuchukwu,3,0,3
Ifechukwu,3,3,6
Ifedayo,0,3,3
Ifediora,3,3,6
Ifelino,3,0,3
Ifetayo,0,3,3
Ifetola,0,3,3
İffet,0,3,3
Ifomba,3,3,6
Ifraïm,3,0,3
Ifran,3,0,3
Ifrea,0,3,3
Ifree,0,3,3
Iftar,3,3,6
Iftekaar,3,0,3
Iftekar,3,0,3
Ifunanyachi,0,3,3
Ifunanyachukwu,3,3,6
Ifunaya,3,3,6
Iga,0,3,3
Iganda,0,3,3
Igbal,3,0,3
Igbinidu,3,3,6
Igbinoghodua,3,3,6
Iger,3,0,3
Ighlas,3,3,6
Igidia,0,3,3
IGM,0,3,3
Igma,0,3,3
Ignacz,3,0,3
Ignathia,0,3,3
Ignathius,3,0,3
Ignati,0,3,3
Igniazio,3,0,3
Ignit,3,3,6
Igora,0,3,3
Igorevitch,3,0,3
Igorevitsj,3,0,3
Igorevych,3,0,3
Igorius,3,0,3
Igorowitch,3,0,3
Igoy,0,3,3
Igy,0,3,3
Ihabe,3,0,3
Ihichukwu,3,3,6
Ihirwe,3,0,3
Ihleya,0,3,3
Ihme,3,0,3
Ihne,3,3,6
Ihnes,0,3,3
Ihsân,3,0,3
Ihsaniye,0,3,3
Ihsèn,0,3,3
Ihuoma,3,3,6
Ijana,0,3,3
IJannick,3,0,3
IJara,3,3,6
IJasmina,0,3,3
IJbeltsje,0,3,3
IJberta,0,3,3
Ije,3,0,3
IJette,3,0,3
IJfiena,0,3,3
IJfje,0,3,3
IJftinus,3,0,3
IJgo,3,0,3
IJgram,3,0,3
Ijim,0,3,3
Ijke,0,3,3
IJkiena,0,3,3
IJlal,0,3,3
IJlje,0,3,3
IJmberdina,0,3,3
IJmbert,3,0,3
IJmelines,3,0,3
IJmen,3,0,3
IJmetje,0,3,3
IJmker,0,3,3
IJmpkje,0,3,3
IJnt,3,0,3
IJntsche,0,3,3
IJnzo,3,0,3
IJoeri,3,0,3
Ijolanda,0,3,3
Ijole,0,3,3
IJsbrandia,0,3,3
IJsbrandje,0,3,3
Ijsbrant,3,0,3
IJsbranta,0,3,3
IJsbrugt,3,0,3
IJsje,0,3,3
IJtienus,3,0,3
IJves,3,0,3
IJvette,0,3,3
IJzak,3,0,3
IJzebrandje,0,3,3
IJzerhard,3,3,6
IJziena,0,3,3
Ikabod,3,0,3
Ikaika,3,0,3
Ikbâl,0,3,3
Ikelien,0,3,3
Ikeline,0,3,3
Ikem,3,3,6
Ikemefuna,3,0,3
Ikenius,3,0,3
Ikhide,3,0,3
Ikia,0,3,3
Ikka,0,3,3
Ikkelina,0,3,3
Iklil,3,3,6
Iklime,0,3,3
Iknur,0,3,3
Ikponmwonsa,3,0,3
Ikrah,0,3,3
Ikrar,3,3,6
Iksan,3,0,3
Iksha,0,3,3
Ilaan,3,0,3
Ilaay,3,0,3
Ilaaya,0,3,3
Ilaha,0,3,3
Ilaicha,0,3,3
Ilaida,0,3,3
Ilaïsha,0,3,3
Ilaissa,0,3,3
Ilaitsia,0,3,3
Ilaiysa,0,3,3
Ilaizah,0,3,3
Ilania,0,3,3
Ilanie,0,3,3
Ilanique,0,3,3
Ilanite,0,3,3
Ilas,3,0,3
Ilāy,3,0,3
Ilayas,3,0,3
Ilaydin,3,0,3
Ilayh,3,0,3
Ilayhan,3,0,3
Ilaysia,0,3,3
Ilcan,3,3,6
Ildau,0,3,3
İldem,0,3,3
Ildem,0,3,3
Ildemar,3,0,3
İldeniz,0,3,3
Ildert,3,0,3
Ildigo,0,3,3
Ildikò,0,3,3
Ildphonsus,3,0,3
Ileanne,0,3,3
Ileida,0,3,3
Ilektra,0,3,3
Ilem,0,3,3
Ilèn,3,3,6
Iléna,0,3,3
Ilenne,0,3,3
Ileonsa,3,3,6
Iler,3,0,3
Ilère,3,0,3
Ilesh,3,0,3
Iley,0,3,3
Ilford,3,0,3
Ilfrida,0,3,3
Ilgar,3,0,3
Ilgaz,3,0,3
Ilgi,0,3,3
Ilgit,3,3,6
Ilha,0,3,3
Iliah,3,0,3
Iliam,3,0,3
Ilián,3,0,3
Ilianna,0,3,3
Ilica,0,3,3
Iliena,0,3,3
Iliene,0,3,3
Ilieonora,0,3,3
Ilijsa,0,3,3
Ilijse,0,3,3
Ilima,0,3,3
Ilio,3,0,3
Ilion,3,0,3
Iliona,0,3,3
Ilione,0,3,3
Ilionora,0,3,3
Ilirian,3,0,3
Ilirida,0,3,3
Ilisio,3,0,3
Iliyah,0,3,3
Iliyan,3,0,3
Iliyano,3,0,3
Ilizabeth,0,3,3
Iljar,3,0,3
Iljen,3,0,3
Iljitch,3,0,3
Iljoesja,3,3,6
Iljoeska,0,3,3
Iljon,3,0,3
Iljouchka,3,3,6
İlke,3,3,6
Ilkyaz,0,3,3
Illaijah,3,0,3
Illaisah,0,3,3
Illanga,0,3,3
Illani,0,3,3
Illaya,0,3,3
Illaysha,0,3,3
Illés,3,0,3
Illie,0,3,3
Illion,3,0,3
Illis,0,3,3
Illiyana,0,3,3
Illone,0,3,3
Illyria,0,3,3
Ilmara,0,3,3
Ilmarin,3,0,3
Ilme,3,3,6
Ilminur,0,3,3
Ilmo,3,0,3
Iloeska,0,3,3
Iloma,0,3,3
Ilóna,0,3,3
Iloni,0,3,3
Ilonke,0,3,3
Ilony,0,3,3
Ilory,0,3,3
Ilouze,0,3,3
Iloysa,0,3,3
Ilpha,0,3,3
Ilroy,3,0,3
Ils,0,3,3
Ilsabé,0,3,3
Ilsabée,0,3,3
Ilsabein,0,3,3
Ilse-Sophie,0,3,3
Ilsedore,0,3,3
Ilselotte,0,3,3
Ilsetientje,0,3,3
Ilsina,0,3,3
Ilson,3,0,3
Ilta,0,3,3
Ilteber,3,3,6
Iluka,3,3,6
Iluna,0,3,3
Iluneida,0,3,3
Ilvano,3,0,3
Ilvona,0,3,3
Ilwa,0,3,3
Ilwat,0,3,3
Ily-Rensina,0,3,3
Ilyani,0,3,3
Ilyar,3,0,3
Ilyari,0,3,3
Ilyasah,0,3,3
Ilyèn,0,3,3
Ilyena,0,3,3
Ilyess,3,0,3
Ilyich,3,0,3
Ilyinichna,0,3,3
Ilyjah,3,0,3
Ilyne,0,3,3
Ilyo,3,0,3
Ilyra,0,3,3
Imaane,0,3,3
Imaanie,0,3,3
İmad,3,0,3
Imadé,0,3,3
Imadeldin,3,0,3
Imaer,0,3,3
Imagina,0,3,3
Imagine,0,3,3
Imaia,3,3,6
Imal,3,3,6
Imaly,0,3,3
Imán,0,3,3
Imané,0,3,3
Imanï,0,3,3
Imanol,3,0,3
Imanu'el,3,0,3
Imanuél,3,0,3
Imanuëlla,0,3,3
Imaranzia,0,3,3
Imardo,3,0,3
Imasha,0,3,3
Imasogie,3,0,3
Imaura,0,3,3
Imayah,0,3,3
Imayrah,0,3,3
Imdaad,3,0,3
Imdad,3,0,3
Imdy,3,3,6
Imeen,0,3,3
Imeldus,3,0,3
Imeliana,0,3,3
Imelien,0,3,3
Imelinus,3,0,3
Imentina,0,3,3
Imeraldo,3,0,3
Imerentiana,0,3,3
Imhotep,3,0,3
Imilla,0,3,3
Imirtie,0,3,3
Imisha,0,3,3
Imkeliene,0,3,3
Imkine,0,3,3
Immacula,0,3,3
Immaculada,0,3,3
Immaculate,0,3,3
Immaculé,3,3,6
Immaculee,0,3,3
Immani,3,3,6
Immanu'el,3,0,3
Immanuëll,3,0,3
Immarentia,0,3,3
Immé,0,3,3
Immekijn,0,3,3
Immerançe,0,3,3
Immerdina,0,3,3
Immere,3,0,3
Immerencia,0,3,3
Immertina,0,3,3
Immet,3,3,6
Imms,3,0,3
Imna,0,3,3
Imogène,0,3,3
Imon,3,0,3
Imona,0,3,3
Imora,0,3,3
Imoru,3,3,6
Impke,0,3,3
Imraankhan,3,0,3
Imrán,3,0,3
Imrankhan,3,0,3
Imreh,0,3,3
Imroing,3,0,3
Imrulqaiz,3,0,3
Imtijaaz,3,0,3
Imtithal,0,3,3
Imtyaaz,3,0,3
Imuetinyanosa,0,3,3
Imus,3,0,3
Imwenosa,3,3,6
Imwonghomwen,0,3,3
Inaâm,0,3,3
Inaçio,3,0,3
Inada,0,3,3
Inaeya,0,3,3
Inaï,0,3,3
Inaida,0,3,3
Inaïssa,0,3,3
Inajat,3,3,6
Inaki,3,0,3
Inakora,0,3,3
Inanda,0,3,3
Inane,3,3,6
Inar,3,3,6
Inarda,3,3,6
Inayatullah,3,0,3
Inaz,0,3,3
Inbal,0,3,3
Inchela,0,3,3
Inchul,0,3,3
Inchy,0,3,3
Incila,0,3,3
Inco,3,0,3
Incoronata,0,3,3
Incy,0,3,3
Indalecio,3,0,3
Indali,0,3,3
Indalo,3,0,3
Indenne,0,3,3
Indepentia,0,3,3
Inderani,0,3,3
Inderdath,3,0,3
Inderdee,0,3,3
Inderdew,3,0,3
Inderkumar,3,0,3
Inderpal,3,3,6
Inderpreet,0,3,3
Inderraj,3,0,3
Indi-Jane,0,3,3
India-May,0,3,3
Indica,0,3,3
Indir,3,3,6
Indiradevi,0,3,3
Indis,0,3,3
Indith,0,3,3
Indjall,3,0,3
Indjomara,0,3,3
Indola,0,3,3
Indradebie,0,3,3
Indradewi,0,3,3
Indrajani,0,3,3
Indrajati,0,3,3
Indrawatty,0,3,3
Indrawaty,0,3,3
Indrejeet,3,0,3
Indrek,3,0,3
Indriane,0,3,3
Indrianne,0,3,3
Indrianto,3,0,3
Indroniel,3,0,3
Indry,0,3,3
Induja,0,3,3
Indy-Jade,0,3,3
Indy-Jane,0,3,3
Indy-Joan,0,3,3
Indy-Lou,0,3,3
Indy-May,0,3,3
Indyh,3,3,6
Indyo,3,0,3
Ine-Marije,0,3,3
Inea,0,3,3
Inée,0,3,3
Inego,3,3,6
Inek,3,3,6
Ineken,0,3,3
Inelien,0,3,3
Inelise,0,3,3
Inemarie,0,3,3
Inemieke,0,3,3
Inerhunwa,0,3,3
Inese,0,3,3
Ineth,0,3,3
Ineus,3,0,3
Iňez,0,3,3
Ingabritt,0,3,3
Ingairo,3,0,3
Ingalisa,0,3,3
Ingard,0,3,3
Ingbertha,0,3,3
Ingè,3,3,6
Inge-Britt,0,3,3
Inge-Lize,0,3,3
Inge-Loes,0,3,3
Inge-Lotte,0,3,3
Inge-Marie,0,3,3
Ingebrecht,3,0,3
Ingebritt,0,3,3
Ingefleur,0,3,3
Ingegärd,0,3,3
Ingelbert,3,0,3
Ingelie,0,3,3
Ingeliese,0,3,3
Ingelisa,0,3,3
Ingelize,0,3,3
Ingeltsje,0,3,3
Ingely,0,3,3
Ingeman,3,0,3
Ingenborgh,0,3,3
Ingenet,0,3,3
Ingenlina,0,3,3
Inger-Helene,0,3,3
Inger-Marie,0,3,3
Ingerborg,0,3,3
Ingerita,0,3,3
Ingever,0,3,3
Ingfried,3,0,3
Inggrit,0,3,3
Ingher,0,3,3
Ingina,0,3,3
Ingjald,3,0,3
Ingmer,3,0,3
Ingnatius,3,0,3
Ingona,0,3,3
Ingra,0,3,3
Ingracia,0,3,3
Ingreta,0,3,3
Ingretha,0,3,3
Ingrid-Maria,0,3,3
Ingride,0,3,3
Ingridis,0,3,3
Ingridszoon,3,0,3
Ingrio,0,3,3
Ingus,3,3,6
Ingvald,3,0,3
Ingvarr,3,0,3
Ingve,3,0,3
Inhapid,0,3,3
Inice,0,3,3
Inico,3,0,3
Inid,0,3,3
Inina,0,3,3
Inish,3,0,3
Iñiy,0,3,3
Iniyan,3,0,3
Inju,3,0,3
Inkania,0,3,3
Inkea,0,3,3
Inken,0,3,3
Inki,0,3,3
Inmar,3,3,6
Innana,0,3,3
Innekje,0,3,3
Inneman,3,0,3
Inni,3,0,3
Innid,0,3,3
Innique,0,3,3
Innocens,3,3,6
Innocenzo,3,0,3
Innokenty,3,0,3
Innosentius,3,0,3
Innuendo,3,0,3
Inoeska,0,3,3
Inoi,0,3,3
Inolda,0,3,3
Inoni,0,3,3
Inosent,3,0,3
Inova,0,3,3
Inque,0,3,3
Insan,3,3,6
Insani,3,3,6
Inshara,0,3,3
Insherah,0,3,3
Insien,0,3,3
Insiya,0,3,3
Insiyah,0,3,3
Insoraki,0,3,3
Insos,0,3,3
Inssa,3,0,3
Intani,0,3,3
Inthira,0,3,3
Inthusha,0,3,3
Intinus,3,0,3
Intse,0,3,3
Intsje,0,3,3
Inuschka,0,3,3
Invar,3,0,3
Invi,3,3,6
Invy,0,3,3
Inyo,3,0,3
Inzamam,3,0,3
Ioa,0,3,3
Ioanne,0,3,3
Iolaus,3,0,3
Ionas,3,0,3
Ionathan,3,0,3
Ionela,0,3,3
Iong,3,0,3
Ionuţ,3,0,3
Ionut,3,0,3
Iordache,3,0,3
Iordanis,3,0,3
Iosella,0,3,3
Iosja,3,3,6
Iosto,3,0,3
Ioulievich,3,0,3
Iovanni,3,0,3
Iowa,0,3,3
Ipar,0,3,3
Ipeliena,0,3,3
Iphi,0,3,3
Ipina,0,3,3
Ippy,3,3,6
Ipy,0,3,3
Iqrah,0,3,3
Iquel,3,3,6
Iraeneus,3,0,3
Iraima,0,3,3
Irainah,0,3,3
Iran,3,0,3
Iranda,0,3,3
Iranie,0,3,3
Iranïo,3,0,3
Irano,3,0,3
Iras,3,0,3
Iravati,0,3,3
Iravonne,0,3,3
Iré,0,3,3
Irechukwu,3,3,6
Ireda,0,3,3
Irelle,0,3,3
Iremnaz,0,3,3
Irenäeus,3,0,3
Irenikus,3,0,3
Irenio,3,0,3
Irenion,3,3,6
Irénka,0,3,3
Ireny,0,3,3
Ireoluwa,3,3,6
Irés,0,3,3
Iresh,3,3,6
Irette,0,3,3
Irey,3,0,3
Irfahn,3,0,3
Irfane,3,3,6
Irfani,3,3,6
Irfania,0,3,3
Irfankhan,3,0,3
Irfanullah,3,0,3
Irié,3,0,3
Irinëus,3,0,3
Irinja,0,3,3
Irinoushka,0,3,3
Iris-Jane,0,3,3
Irisanne,0,3,3
Irisia,0,3,3
Iriska,0,3,3
Irisz,0,3,3
Irivati,0,3,3
Irjo,3,3,6
Irko,3,0,3
Irlanda,0,3,3
Irlene,0,3,3
Irlon,3,0,3
Irmala,0,3,3
Irmaline,0,3,3
Irmani,0,3,3
Irmano,3,0,3
Irmanus,3,0,3
Irmawati,0,3,3
Irmaya,0,3,3
Irmelda,0,3,3
Irmelinde,0,3,3
Irmgarhdt,0,3,3
Irmgarth,0,3,3
Irmgrad,0,3,3
Irmingarda,0,3,3
Irmke,0,3,3
Irmlinda,0,3,3
Irmtraut,0,3,3
Iroen,3,0,3
Irogeny,3,0,3
Irondina,0,3,3
Ironelis,0,3,3
Irpa,0,3,3
Irrfan,3,0,3
Irrin,0,3,3
Irris,0,3,3
Irsad,3,0,3
Irsah,0,3,3
Irse,0,3,3
Irsha,0,3,3
Irsjad,3,0,3
Irslan,3,0,3
Irso,3,0,3
Irtiqa,0,3,3
Iruña,3,3,6
Irva,0,3,3
Irwen,3,0,3
Iry,3,0,3
Irya,3,3,6
Iryda,0,3,3
Iryn,0,3,3
Irys,0,3,3
Irysha,0,3,3
Irzah,0,3,3
Irze,3,0,3
Isa-bella,0,3,3
Isa-Fay,0,3,3
Isa-Linde,0,3,3
Isa-Linn,0,3,3
Isa-Luna,0,3,3
Isa-mae,0,3,3
Isa-may,0,3,3
Isa-Noa,0,3,3
Isa-Norah,0,3,3
Isa-Sophie,0,3,3
Isa-Zayn,3,0,3
Isaäck,3,0,3
Isaacs,3,0,3
Isäak,3,0,3
Isabel-Sophie,0,3,3
Isabella-Rose,0,3,3
Isabèlle,0,3,3
Isabelle-Sophie,0,3,3
Isabelo,3,0,3
Isabilla,0,3,3
Isaca,3,3,6
Isadorah,0,3,3
Isaeah,3,0,3
Isafia,0,3,3
Isahan,3,0,3
Isahia,3,3,6
Isaiaha,3,0,3
Isairah,0,3,3
Isäk,3,0,3
Isalia,0,3,3
Isaliah,0,3,3
Isalino,3,0,3
Isalita,0,3,3
Isalot,0,3,3
Isaly,0,3,3
Isamdin,3,0,3
Isander,3,0,3
Isandre,0,3,3
Isane,0,3,3
Isany,0,3,3
Isaray,3,3,6
Isario,3,0,3
Isbel,0,3,3
Ischara,0,3,3
Ischella,0,3,3
Ischia,3,3,6
Ischille,0,3,3
Isebrandt,3,0,3
Isedoris,3,0,3
Iseke,0,3,3
Isèl,0,3,3
Iselein,3,3,6
Iseleina,0,3,3
Iselena,0,3,3
Iselien,3,3,6
Iselore,0,3,3
Iselot,0,3,3
Iselotte,0,3,3
Iselou,0,3,3
Iselynn,0,3,3
Isem,3,0,3
Iserdee,0,3,3
Ishaar,3,0,3
Ishaay,3,0,3
Ishadebie,0,3,3
Ishah,0,3,3
Ishaja,3,3,6
Ishâk,3,0,3
Ishaka,3,0,3
Isham,3,0,3
Ishand,3,0,3
Ishandro,3,0,3
Ishaniyah,0,3,3
Ishanna,0,3,3
Ishantely,0,3,3
Ishanty,0,3,3
Isharo,3,0,3
Ishata,0,3,3
Ishayah,0,3,3
Ishayan,3,0,3
Ishe,3,3,6
Ishema,3,3,6
Ishen,3,0,3
Ishgan,3,0,3
Ishia,0,3,3
Ishira,0,3,3
Ishley,3,0,3
Ishmaela,0,3,3
Ishmay,0,3,3
Ishpreet,3,3,6
Ishq,0,3,3
Ishrad,3,0,3
Ishraq,3,3,6
Ishri,3,3,6
Ishtara,0,3,3
Ishti,0,3,3
Ishtiyaq,3,0,3
Ishu,3,0,3
Ishubala,0,3,3
Ishvaran,3,0,3
Ishvarie,0,3,3
Ishwara,0,3,3
Ishwardat,3,0,3
Ishwarpersad,3,0,3
Ishwer,3,0,3
Ishyrah,0,3,3
Ishyta,0,3,3
Isiaah,3,0,3
Isick,3,0,3
Isid,3,0,3
Iside,0,3,3
Isild,0,3,3
Isilda,0,3,3
Isimeme,0,3,3
Işın,0,3,3
Isine,0,3,3
Isira,0,3,3
Isjrat,3,0,3
Iskak,3,3,6
İskender,3,0,3
Islaam,3,3,6
Islaine,0,3,3
Islâm,3,0,3
Islame,3,0,3
Isle,0,3,3
Isleen,0,3,3
Islène,0,3,3
Isma'iel,3,0,3
Ismaail,3,0,3
Ismäel,3,0,3
Ismaely,0,3,3
Ismahil,3,0,3
Ismaiah,3,0,3
Ismaiil,3,0,3
Ismaîl,3,0,3
Ismailcan,3,0,3
Ismailefe,3,0,3
Ismaine,3,3,6
Ismajl,3,0,3
Ismalia,0,3,3
Ismani,3,3,6
Ismanto,3,0,3
Ismayl,3,0,3
Ismayne,0,3,3
Ismel,3,3,6
Isméne,0,3,3
Ismerai,0,3,3
Ismiano,3,0,3
Isnarda,0,3,3
Isniina,0,3,3
Isolène,0,3,3
Isolene,0,3,3
Isolino,3,0,3
Isolt,3,3,6
Isonde,0,3,3
Isosa,0,3,3
Isoude,0,3,3
Israâ,0,3,3
Isreal,3,0,3
Isrune,0,3,3
Issabela,0,3,3
Issabell,0,3,3
Issagha,3,0,3
Issaka,3,3,6
Issam-Eddine,3,0,3
Issara,3,3,6
Issaschar,3,0,3
Issatou,0,3,3
Issaura,0,3,3
Issayah,3,3,6
Issebel,0,3,3
Issekya,3,3,6
Issiah,3,0,3
Issifou,3,0,3
Isslam,3,0,3
Issraa,0,3,3
Issraae,0,3,3
Istabraq,0,3,3
Istahil,0,3,3
Istefan,3,0,3
Istella,0,3,3
İstemihan,3,0,3
Isthesia,3,3,6
Istra,0,3,3
Istref,3,0,3
Isuela,0,3,3
Isus,0,3,3
Isvari,0,3,3
Iswald,3,0,3
Iswara,3,3,6
Iswerdath,3,0,3
Isxaaq,3,0,3
Isyana,0,3,3
Isys,3,0,3
Iszabella,0,3,3
Itaj,3,0,3
Itala,0,3,3
Italico,3,0,3
Itger,3,0,3
Ithay,3,0,3
Ithuriël,3,0,3
Itia,0,3,3
Itiël,3,3,6
Itiena,0,3,3
Itih,0,3,3
Itja,3,3,6
Itjah,3,3,6
Itjem,0,3,3
Itjenne,0,3,3
Itmar,3,0,3
Itofo,3,0,3
Itope,3,3,6
Itoro-Obong,3,0,3
Itos,3,0,3
Itsen,3,0,3
Itsert,3,0,3
Itty-Anne,0,3,3
Ituze,0,3,3
Itwara,3,3,6
Itxaro,3,0,3
Itz,3,3,6
Itzá,0,3,3
Itzard,3,0,3
Itzen,3,0,3
Iuri,3,0,3
Ivaana,0,3,3
Ivaar,3,0,3
Ivai,3,0,3
Ivaina,0,3,3
Ivaldina,0,3,3
Ivàn,3,0,3
Ivanda,0,3,3
Ivangeline,0,3,3
Ivangelo,3,0,3
Ivangka,0,3,3
Ivanie,0,3,3
Ivanilda,0,3,3
Ivanity,0,3,3
Ivanjo,3,0,3
Ivánka,0,3,3
Ivankov,3,0,3
Ivannaisa,0,3,3
Ivannowitz,3,0,3
Ivanya,0,3,3
Ivanyo,3,0,3
Ivardus,3,0,3
Ivarildo,3,0,3
Ivayen,3,3,6
Ivayo,3,0,3
Iveke,0,3,3
Ivel,3,0,3
Ivelina,0,3,3
Iveline,0,3,3
Ivelisa,0,3,3
Ivender,3,0,3
Ivenes,0,3,3
Ivengelo,3,0,3
Ivenja,0,3,3
Ivensley,3,3,6
Ivera,0,3,3
Iverron,3,0,3
Ivescia,0,3,3
Iveta,0,3,3
Ivil,3,0,3
Ivio,3,3,6
Iviraldo,3,0,3
Ivita,0,3,3
Ivo-Marijn,3,0,3
Ivoline,0,3,3
Ivonneke,0,3,3
Ivoo,3,0,3
Ivorne,0,3,3
Ivov,3,0,3
Ivova,0,3,3
Ivra,3,3,6
Ivran,3,0,3
Ivri,3,0,3
Ivy-Blue,3,3,6
Ivy-Lee,0,3,3
Ivy-Noa,0,3,3
Ivyanne,0,3,3
Iwald,3,0,3
Iwalia,0,3,3
Iwán,3,0,3
Iwanda,0,3,3
Iwang,3,0,3
Iwanoff,3,0,3
Iwanowitsch,3,0,3
Iwanowitz,3,0,3
Iwany,3,3,6
Iwayan,3,0,3
Iwaz,3,0,3
Iwema,3,0,3
Iwera,0,3,3
Iwetta,0,3,3
Iwijn,3,0,3
Iwita,3,3,6
Ixan,3,0,3
Ixchelle,0,3,3
Ixélia,0,3,3
Iyaaz,3,0,3
Iyanuoluwa,3,3,6
Iyari,0,3,3
Iyaro,0,3,3
Iye,3,3,6
Iyegbekosa,3,0,3
Iyem,0,3,3
Iyenoma,3,3,6
Iyer,3,0,3
Iyobo,0,3,3
Iyona,0,3,3
Iza-Bella,0,3,3
Iza-Belle,0,3,3
Izack,3,0,3
Izaël,3,0,3
Izahir,3,0,3
Izaijah,3,0,3
Izaïr,3,0,3
Izaïra,0,3,3
Izaïro,3,0,3
Izäk,3,0,3
Izakiël,3,0,3
Izaldeen,3,0,3
Izaly,0,3,3
Izalynn,0,3,3
Izania,0,3,3
Izany,3,3,6
Izaque,3,0,3
Izari,3,3,6
Izario,3,0,3
Izaskun,0,3,3
Izauwra,0,3,3
Izayro,3,0,3
Izbul,3,0,3
Izebelle,0,3,3
Izebranda,0,3,3
Izée,0,3,3
Izèl,0,3,3
Izell,0,3,3
Izellah,0,3,3
Izen,3,0,3
Izequiel,3,0,3
Izera,0,3,3
Izeyah,3,0,3
Izhaan,3,0,3
Izhak,3,0,3
Iziengbe,3,0,3
Izka,0,3,3
Izmael,3,0,3
Izmaël,3,0,3
Izmar,3,0,3
Izmir,0,3,3
Izna,0,3,3
Izuchukwu,3,0,3
Izyan,3,0,3
Izydor,3,0,3
Izzeldin,3,0,3
I'ana,0,3,3
I'anayde,0,3,3
I'annah,0,3,3
I'chéyla,0,3,3
I'Chontell,0,3,3
I'dior,3,0,3
I'Djindré,0,3,3
I'ir,0,3,3
I'laisha,0,3,3
I'Layza,0,3,3
I'leana,0,3,3
I'lee,0,3,3
I'Liyah,0,3,3
I'lliana,0,3,3
I'maisha,0,3,3
I'mani,0,3,3
I'osefa,3,0,3
I'Quaela,0,3,3
I'sa,3,0,3
I'saiah,3,0,3
I'sheba,0,3,3
I'vanysa,0,3,3
I'Vinea,0,3,3
I'vy,0,3,3
I'zaz,3,0,3
I-Amara,0,3,3
I-An,3,0,3
I-caya,0,3,3
I-Chairo,3,0,3
I-Cheng,3,0,3
I-Jay,3,0,3
I-Judah,3,0,3
I-Leah,0,3,3
I-li,0,3,3
I-Maan,0,3,3
I-Mny,3,0,3
I-Noah,3,0,3
I-noah,0,3,3
I-pricia,0,3,3
I-Shairo,3,0,3
I-Shin,3,0,3
I-tyng,0,3,3
I-Yen,3,0,3
Iaa,0,3,3
Iaad,3,0,3
Iaaz,3,0,3
Iachimo,3,0,3
Iacinta,0,3,3
Iacobien,0,3,3
Iacobus,3,0,3
Iacopo,3,0,3
Iad,3,0,3
Iadonai,0,3,3
Iaen,3,0,3
Iah,3,0,3
Iahu-Anat,0,3,3
Iäin,3,0,3
Iáin,3,0,3
Iainn,3,0,3
Iaira,0,3,3
Iaïsha,0,3,3
Iakobos,3,0,3
Ialaya,0,3,3
Ialeesa,0,3,3
IAM,3,0,3
Iama,3,0,3
Iamais,3,0,3
Iammo,3,0,3
Iamo,3,0,3
Iamze,0,3,3
Ian-Alexander,3,0,3
Ian-Arris,3,0,3
Ian-Christian,3,0,3
Ian-Joe,3,0,3
Ian-John,3,0,3
Ian-Levi,3,0,3
Ian-Luc,3,0,3
Ian-Nolan,3,0,3
Ian-Paul,3,0,3
Ian-Sergej,3,0,3
Ian-Vinnie,3,0,3
Ianai,0,3,3
Ianari,3,0,3
Ianathonius,0,3,3
Iandra,0,3,3
Ianiev,3,0,3
Ianik,3,0,3
Ianke,0,3,3
Iannai,3,0,3
Ianneke,0,3,3
Iannick,3,0,3
Ianny,3,0,3
Iansina,0,3,3
Ianthae,0,3,3
Ianthi,0,3,3
Ianthy,0,3,3
Iantra,0,3,3
Iaquinta,3,0,3
Iard,3,0,3
Iarda,0,3,3
Iarla,3,0,3
Iarnjot,0,3,3
Iarr,0,3,3
Iaru,0,3,3
Iasmina,0,3,3
Iasoon,3,0,3
Iassin,3,0,3
Iasson,3,0,3
Iavana,0,3,3
Iavon,3,0,3
Iavor,3,0,3
Iayanna,0,3,3
Iazhi,3,0,3
Ibaa,0,3,3
Ibaad,3,0,3
Ibadat,0,3,3
Ibadete,0,3,3
Ibadullah,3,0,3
Ibakire,0,3,3
Ibán,3,0,3
Ibanez,3,0,3
Ibanson,3,0,3
Ibarat,3,0,3
Ibared,3,0,3
Ibart,3,0,3
Ibaya,0,3,3
Ibbel,3,0,3
Ibbeltje,0,3,3
Ibbie,0,3,3
Ibbo,3,0,3
Ibdsaam,0,3,3
Ibéla,0,3,3
Ibéle,0,3,3
Ibelena,0,3,3
Ibelot,3,0,3
Ibeltsje,0,3,3
Iben-Sophie,0,3,3
Ibenn,0,3,3
Ibernice,0,3,3
Ibert,3,0,3
Iberta,0,3,3
Ibertina,0,3,3
Ibetihal,0,3,3
Ibeyi,0,3,3
Ibezimako,3,0,3
Ibhade,0,3,3
Ibidun,0,3,3
Ibiere,0,3,3
Ibigje,0,3,3
Ibil,3,0,3
Ibim,0,3,3
Ibimi,3,0,3
Ibiraahim,3,0,3
Ibirahim,3,0,3
Ibironkke,0,3,3
Ibiš,3,0,3
Ibisçan,3,0,3
Ibish,3,0,3
Ibitisame,0,3,3
Ibiuwa,0,3,3
Ibiye,0,3,3
Ibiyekroma,0,3,3
Ibizay,0,3,3
Ibjol-Z,3,0,3
Iblaal,3,0,3
Iblo,3,0,3
ibn,3,0,3
Ibn-Hasan,3,0,3
Ibn-Hussein,3,0,3
Ibna,0,3,3
Ibnal,3,0,3
Ibnatu,0,3,3
Ibne,3,0,3
Ibnesa,0,3,3
Ibni,3,0,3
Ibniabas,3,0,3
Ibnnour,3,0,3
Ibnoe,3,0,3
Ibo-Jan,3,0,3
Iboica,0,3,3
Ibojká,0,3,3
Ibolia,0,3,3
Ibolijka,0,3,3
Ibolinus,3,0,3
Ibooica,0,3,3
Iboornia,0,3,3
Ibooyca,0,3,3
Iborah,0,3,3
Ibork,3,0,3
Ibourahim,3,0,3
Ibouram,3,0,3
Ibr'hiem,3,0,3
Ibraahiim,3,0,3
Ibraar,3,0,3
Ibrach,3,0,3
Ibrachim,3,0,3
Ibraham,3,0,3
Ibrahéem,3,0,3
Ibrahiimo,3,0,3
Ibrāhīm,3,0,3
Ibrâhim,3,0,3
Ibrahim-Ebrar,3,0,3
Ibrahim-El-Khallil,3,0,3
Ibrahimasory,3,0,3
İbrahimbey,3,0,3
Ibrahimethem,3,0,3
Ibrahimzübeyir,3,0,3
Ibrahym,3,0,3
Ibraïm,3,0,3
Ibranur,0,3,3
Ibrhaim,3,0,3
Ibrian,3,0,3
Ibrichje,0,3,3
Ibrihim,3,0,3
Ibrisa,0,3,3
Ibsa,3,0,3
Ibsan,3,0,3
Ibshana,0,3,3
Ibtehal,0,3,3
Ibtesaam,0,3,3
Ibtesam,0,3,3
Ibtessam,0,3,3
Ibthaal,0,3,3
Ibtiha,0,3,3
Ibtissa,0,3,3
Ibtissaam,0,3,3
Ibuchim,0,3,3
Ibuki,3,0,3
Ibukunolu,3,0,3
Ibukunoluwa,3,0,3
Ibukuoluwa,0,3,3
Ibuni,0,3,3
Ibunkun,0,3,3
Ibuola,3,0,3
Iby,0,3,3
Ibzan,3,0,3
Icabod,3,0,3
Içaco,3,0,3
Icairo,3,0,3
Icaïro,3,0,3
Icallin,0,3,3
Icara,0,3,3
Icarinoma,0,3,3
Icarius,3,0,3
Icaro,3,0,3
Icatú,0,3,3
Icatya,0,3,3
Iccah,3,0,3
Icchok,3,0,3
Ice'lynn,0,3,3
Icea,0,3,3
Iceal,3,0,3
Icee,0,3,3
Icée,0,3,3
Icek,3,0,3
Iceley,0,3,3
Icelynn,0,3,3
Iceni,0,3,3
Icenta,0,3,3
Iceses,0,3,3
Icet,0,3,3
Iceton,3,0,3
Ichaan,3,0,3
Ichaber,3,0,3
Ichaëlla,0,3,3
Ichanta,0,3,3
Ichara,0,3,3
Ichata,0,3,3
Ichayra,0,3,3
Ichèl,0,3,3
Ichél,0,3,3
Ichelina,0,3,3
Ichèlle,0,3,3
Ichenius,3,0,3
Ichimaru,3,0,3
Ichla,0,3,3
Ichmaël,3,0,3
Ichmenah,0,3,3
Ichnatius,3,0,3
Ichnaya,3,0,3
Ichnovia,0,3,3
Ichnygel,3,0,3
Ichodore,3,0,3
Ichor,3,0,3
Ichsansaputra,3,0,3
Ichsany,0,3,3
Ichthiaan,3,0,3
Ichtus,3,0,3
Ichun,0,3,3
Ichwan,3,0,3
Ici,0,3,3
Icil,0,3,3
Icilio,3,0,3
Icilla,0,3,3
Içim,0,3,3
Icita,0,3,3
Ickmar,3,0,3
Icko,3,0,3
Icky,0,3,3
Icläl,0,3,3
İclâlnur,0,3,3
Icleiber,3,0,3
Icnat,3,0,3
Icoba,0,3,3
Icolaas,3,0,3
Icus,3,0,3
Icxiúh,0,3,3
Icys,0,3,3
Ida-Aida,0,3,3
Ida-Alia,0,3,3
Ida-Bagoes,3,0,3
Ida-bertha,0,3,3
Ida-Dorien,0,3,3
Ida-Kaisa,0,3,3
Ida-Lina,0,3,3
Ida-Marie,0,3,3
Ida-Marieken,0,3,3
Ida-Mary,0,3,3
Idaatje,0,3,3
Idaberta,0,3,3
Idabo,3,0,3
Idada,0,3,3
İdadiye,0,3,3
Idagreet,0,3,3
Idahor,3,0,3
Idahosa,3,0,3
Idaia,0,3,3
Idaila,0,3,3
Idaily,0,3,3
Idairis,0,3,3
Idaja,0,3,3
Idája,0,3,3
İdal,0,3,3
Idalaisha,0,3,3
Idalberto,3,0,3
Idalécio,3,0,3
Idalene,0,3,3
Idalet,0,3,3
Idaletta,0,3,3
Idali,0,3,3
Idalid,0,3,3
Idalida,0,3,3
Idalin,0,3,3
Idalinda,0,3,3
Idalinde,0,3,3
Idalino,3,0,3
Idalisa,0,3,3
Idaljene,0,3,3
Idalon,0,3,3
Idalsisa,0,3,3
Idam,3,0,3
Idamante,3,0,3
Idamaria,0,3,3
Idamarie,0,3,3
Idàn,3,0,3
Idanell,0,3,3
Idanha,0,3,3
Idania,0,3,3
Idanie,0,3,3
Idaniella,0,3,3
Idanika,0,3,3
Idanise,0,3,3
Idannah,0,3,3
Idanne,0,3,3
Idaraya,0,3,3
Idarina,0,3,3
Idarite,0,3,3
Idarius,0,3,3
Idarose,0,3,3
Idaward,3,0,3
Idawart,3,0,3
Idawati,0,3,3
Idayah,0,3,3
Idayet,3,0,3
Idayoe,0,3,3
Idayu,0,3,3
Idberga,0,3,3
Iddegien,0,3,3
Iddhi,0,3,3
Iddigje,0,3,3
Iddisimba,3,0,3
Ide-Jan,3,0,3
Ideali,3,0,3
Ideen,3,0,3
Idefons,3,0,3
Idega,0,3,3
Idegienus,3,0,3
Idegina,0,3,3
Idei,3,0,3
Idel-Karel,3,0,3
Idelberto,3,0,3
Idelco,3,0,3
Idéle,0,3,3
Idelès,0,3,3
Ideletta,0,3,3
Idelfonds,3,0,3
Idelfonsa,0,3,3
Idelfonsia,0,3,3
Idelfonsus,3,0,3
Idelgio,3,0,3
Idélia,0,3,3
Idelie,0,3,3
Ideliëne,0,3,3
Idelijn,0,3,3
Ideline,0,3,3
Ideliona,0,3,3
Idelisa,0,3,3
Idellette,0,3,3
Idelliene,0,3,3
Idelma,0,3,3
Idelmiro,3,0,3
Idelotte,0,3,3
Idelphonse,3,0,3
Idelphonsus,3,0,3
Idelta,0,3,3
Idelyn,0,3,3
Idema,0,3,3
Idemila,0,3,3
Idemudia,3,0,3
Idenaro,3,0,3
Idenisa,0,3,3
Idensha,0,3,3
Ideo,3,0,3
Iderisa,3,0,3
Iderlindo,3,0,3
Idessay,3,0,3
Idesse,0,3,3
Idesta,0,3,3
Idet,0,3,3
Idetta,0,3,3
Idewardina,0,3,3
Idewij,0,3,3
Idfrides,3,0,3
Idhara,0,3,3
Idhayati,0,3,3
Idhe,3,0,3
Idhune,3,0,3
Idiahlasiena,0,3,3
Idiamo,3,0,3
Ididja,0,3,3
Idigidius,3,0,3
Idiht,0,3,3
Idiil,0,3,3
İdilay,0,3,3
Idilcan,0,3,3
Idilfino,3,0,3
Idiliene,0,3,3
Idilione,3,0,3
Idilius,3,0,3
Idille,0,3,3
Iding,3,0,3
Idinne,3,0,3
Idiophine,0,3,3
Idiriana,0,3,3
Idisbalda,0,3,3
Idite,0,3,3
Idiye,0,3,3
Idiyen,0,3,3
Idjah,3,0,3
Idjaida,0,3,3
Idjan,0,3,3
Idjanu,3,0,3
Idjaya,0,3,3
Idjaz-Haries,3,0,3
Idji,3,0,3
Idjinio,3,0,3
Idjo,0,3,3
Idma,0,3,3
Idmand,3,0,3
Idmar,3,0,3
Idna,0,3,3
Ido-Alwin,3,0,3
Ido-Jan,3,0,3
Idoarta,0,3,3
Idocus,3,0,3
Idohans,3,0,3
Idoia,0,3,3
Idolien,0,3,3
Idoline,0,3,3
Idolino,3,0,3
Idolly,0,3,3
Idolphus,3,0,3
Idomar,3,0,3
Idomeneas,3,0,3
Idonee,0,3,3
Idonna,0,3,3
Idonnie,3,0,3
Idore,3,0,3
Idoudi,3,0,3
Idre-Anne,0,3,3
Idream,3,0,3
Idri-ann,0,3,3
Idrian,3,0,3
Idrice,0,3,3
Idriess,3,0,3
Idrïs,3,0,3
Idris-Luay,3,0,3
Idrisa,3,0,3
Idrisca,0,3,3
Idrisch,3,0,3
Idrish,3,0,3
Idrishan,3,0,3
Idrisi,3,0,3
Idrissia,0,3,3
Idrissy,3,0,3
Idrus,3,0,3
Ids-Jelle,3,0,3
Ids-Pieter,3,0,3
Ids-Willem,3,0,3
Idsander,3,0,3
Idsanne,0,3,3
Idsardi,3,0,3
Idsedorus,3,0,3
Idsert-Jesse,3,0,3
Idserta,0,3,3
Idses,3,0,3
Idsidorus,3,0,3
Idsjerk,3,0,3
Idske-Antje,0,3,3
Idsko,3,0,3
Idsodiene,0,3,3
Idsy,0,3,3
Idszoon,3,0,3
Iduberga,0,3,3
Idup,0,3,3
Iduria,3,0,3
Iduscha,0,3,3
Idvard,3,0,3
Idwaina,0,3,3
Idwal,3,0,3
Idwert,0,3,3
Idwin,3,0,3
Idwinge,0,3,3
Idwinus,3,0,3
Idwyne,0,3,3
Idyawati,0,3,3
Idyliënne,0,3,3
Idysha,0,3,3
Idz,3,0,3
Idza,0,3,3
Idzaerda,0,3,3
Idzardina,0,3,3
Idzerda,3,0,3
Ie-Ting,0,3,3
Iead,3,0,3
Iean,3,0,3
Ieann,3,0,3
Iebarthoesen,3,0,3
Iebeliene,0,3,3
Iebeling,3,0,3
Iebelke,0,3,3
Iebeltsje-Anne,0,3,3
Ieberich,3,0,3
Iebkje,0,3,3
Ieca,0,3,3
Iecke,0,3,3
Iecram,0,3,3
Iedeke,0,3,3
Ieden,3,0,3
Iedenentjes,3,0,3
Iedi,0,3,3
Iedie,0,3,3
Iedriessha,3,0,3
Iedskjen,0,3,3
Iefanne,0,3,3
Iefe,0,3,3
Iefejes,3,0,3
Iefijen,0,3,3
Ieftegar,3,0,3
Ieftiegaar,3,0,3
Ieftigar-Ahamad,3,0,3
Ieheb,3,0,3
Iejeste,0,3,3
Iekaterina,0,3,3
Iekbaloennisa,0,3,3
Iekeliene,0,3,3
Iekiena,0,3,3
Iekita,0,3,3
Iekjen,0,3,3
Iekram,0,3,3
Ielaaf,0,3,3
Ielaana,0,3,3
Ielan,0,3,3
Ielco,3,0,3
Ieleena,0,3,3
Ielef,0,3,3
Ieleke,0,3,3
Ielias,3,0,3
Ieliënne,0,3,3
Ielij,0,3,3
Ielise,0,3,3
Ieliya,3,0,3
Ielka,0,3,3
Iella,0,3,3
Ielma,0,3,3
Ielon,3,0,3
Ielona,0,3,3
Ielonka,0,3,3
Iels,3,0,3
Ielya,3,0,3
Ielynke,0,3,3
Iëm,0,3,3
Iem-Lan,0,3,3
Iemaad,3,0,3
Iemaan,0,3,3
Iemad,3,0,3
Iemaya,0,3,3
Iemcke,0,3,3
Iemdaad,3,0,3
Iemegien,0,3,3
Iemelda,0,3,3
Iemetje,0,3,3
Iemkea,0,3,3
Iemkiena,0,3,3
Iemlaak,3,0,3
Iemma,0,3,3
Iemman,3,0,3
Iemmie,0,3,3
Iemptje,0,3,3
Iemptkje,0,3,3
Iemraan,3,0,3
Iemraan-Abdoel,3,0,3
Iemran,3,0,3
Iemro,3,0,3
Ienas,0,3,3
Ienco,3,0,3
Ienderdjiet,3,0,3
Iendra,0,3,3
Ienemiek,0,3,3
Ienemieke,0,3,3
Ienet,0,3,3
Ienewiene,0,3,3
Ieniendra,0,3,3
Iennaas,0,3,3
Ienne,0,3,3
Ienneke,0,3,3
Iennenniesa,0,3,3
Iennie,0,3,3
Ieno,3,0,3
Ienola,0,3,3
Iensche,0,3,3
Iensje,0,3,3
Ientan,0,3,3
Ientske,0,3,3
Ientze,3,0,3
Ieny,0,3,3
Ienze,3,0,3
Ienzella,0,3,3
Ieona,0,3,3
Iepelien,0,3,3
Iepi,0,3,3
Iepkelina,0,3,3
Iepp,3,0,3
Ieppie,0,3,3
Iere,3,0,3
Iereen,3,0,3
Ierenaeus,3,0,3
Ierene,0,3,3
Ierfania,0,3,3
Ierke,3,0,3
Ieroen,3,0,3
Ieron,3,0,3
Ieronius,3,0,3
Ierring,3,0,3
Iersa,0,3,3
Iervaan,3,0,3
Iery-Jay,3,0,3
Iësa,3,0,3
Iesay,3,0,3
Iesbert,3,0,3
Iese,0,3,3
Iesfahan,3,0,3
Iesh,3,0,3
Iésha,0,3,3
Ieshaaq,3,0,3
Ieshany,0,3,3
Ieshayna,0,3,3
Ieshel,0,3,3
Ieshia,0,3,3
Ieshta,0,3,3
Ieshweriedevie,0,3,3
Iesis,0,3,3
Ieska,0,3,3
Ieskje,0,3,3
Iéso,3,0,3
Iesraviel,3,0,3
Iessa,3,0,3
Iësta,0,3,3
Iestegaar,3,0,3
Iestegar,3,0,3
Iesteka,3,0,3
Iestván,3,0,3
Iesy,0,3,3
Iet-Ine,0,3,3
Ietelien,0,3,3
Iethaar,0,3,3
Ietiena,0,3,3
Ietine,0,3,3
Ietsche,0,3,3
Ietse-Jan,3,0,3
Ietsiena,0,3,3
Iettje,0,3,3
Ieuwerdina,0,3,3
Ieuwktje,0,3,3
Ieva,0,3,3
Ievo,3,0,3
Ievonne,0,3,3
Iewelien,0,3,3
Ieyad,3,0,3
Ieysa,3,0,3
Ieza,0,3,3
Iezaan,3,0,3
Iezabella,0,3,3
Iezebel,0,3,3
Iezet,3,0,3
Ifaa,3,0,3
Ifaan,3,0,3
Ifaas,3,0,3
Ifada,3,0,3
Ifae,0,3,3
Ifaenyh,0,3,3
Ifagat,0,3,3
Ifah,0,3,3
Ifajah,0,3,3
İfakat,0,3,3
Ifang,3,0,3
Ifanha,0,3,3
Ifania,0,3,3
Ifanie,0,3,3
Ifanike,0,3,3
Ifano,3,0,3
Ifanwy,0,3,3
Ifany,3,0,3
Ifara,0,3,3
Ifarah,0,3,3
Ifarao-Jah,0,3,3
Ifat,0,3,3
Ifaya,0,3,3
Ifayet,3,0,3
Ifaysha,0,3,3
Ife-Bunmi,0,3,3
Ifè-Nigella,0,3,3
Ifėadigo,0,3,3
Ifeadikachukwu,3,0,3
Ifeandji,3,0,3
Ifeanyi-Chukwu,3,0,3
Ifeanyi-Junior,3,0,3
Ifeayi,3,0,3
Ifechi,3,0,3
Ifechim,3,0,3
Ifechukwude,3,0,3
Ifedinmachukwu,3,0,3
Ifedola,0,3,3
Ifèlayo,0,3,3
Ifelunwa,0,3,3
Iféluwa,0,3,3
Ifema,0,3,3
Ifemi,0,3,3
Ifenna,3,0,3
Ifeobu,3,0,3
Ifeola,0,3,3
Ifesinachukwu,3,0,3
Ifesowapo,3,0,3
Ifetta,0,3,3
Iffan,3,0,3
Iffar,3,0,3
Iffetta,0,3,3
Iffraan,3,0,3
Ifftin,3,0,3
Ifgencio,3,0,3
IFH,0,3,3
Ifhat,0,3,3
Ifi,0,3,3
Ifie,0,3,3
Ifigenea,0,3,3
Ifijennia,0,3,3
Ifje,0,3,3
Ifmorél,3,0,3
Ifnalia,0,3,3
Ifonda,0,3,3
Ifonna,0,3,3
Ifor-Bert,3,0,3
Ifraaha,0,3,3
Ifraan,3,0,3
Ifraax,0,3,3
Ifrahim,3,0,3
Ifrayza,0,3,3
Ifraz,3,0,3
Ifrazkhan,3,0,3
Ifren,3,0,3
Ifri,3,0,3
Ifrim,3,0,3
Ifroze,0,3,3
Ifsa,0,3,3
Iftaanaa,3,0,3
İftade,0,3,3
Iftagaar,3,0,3
Iftakar,3,0,3
Ifte,3,0,3
Iftegaralikhan,3,0,3
Ifteghaar,3,0,3
Iftekhar,3,0,3
Iftekharkhan,3,0,3
Iftekharul,3,0,3
Iften,0,3,3
Ifthimé,0,3,3
Iftichaar,3,0,3
Iftihan,3,0,3
Iftikhaar,0,3,3
Iftinan,0,3,3
Ifueko,0,3,3
Ifuela,0,3,3
Ifuelah,0,3,3
Ifuoma,0,3,3
Ifvonieldo,3,0,3
Ifvy,0,3,3
Ifwa,3,0,3
Ifyani,0,3,3
Ifygenia,0,3,3
Ifzan,3,0,3
Igabaneza,3,0,3
Igabe,3,0,3
Igaël,3,0,3
Igan,3,0,3
Igatius,3,0,3
Igbela,0,3,3
Igberase,3,0,3
Igbinevbo,3,0,3
Igbinigie,0,3,3
Igbinoghene,0,3,3
Igbinore,0,3,3
Igbinowa,0,3,3
Igdalia,0,3,3
Igee,3,0,3
Igelé,0,3,3
Igèle,0,3,3
Igenia,0,3,3
Igenius,3,0,3
Igenne,0,3,3
Igenzo,3,0,3
Igeo,3,0,3
Igeoma,0,3,3
Igermo,3,0,3
Igerno,3,0,3
Igeuria,0,3,3
Iggey,3,0,3
Iggie,0,3,3
Iggij,3,0,3
Iggy-Lou,0,3,3
Iggybep,3,0,3
IGH,0,3,3
Ighama,0,3,3
Ighigenia,0,3,3
Ighlaas,0,3,3
Ighni,0,3,3
Igho,0,3,3
Ighogho,0,3,3
Ighor,3,0,3
Igiea,0,3,3
Igíliano,3,0,3
Igina,0,3,3
Iginió,3,0,3
Igior,3,0,3
Igiora,0,3,3
Igiraneza,3,0,3
Igizeneza,0,3,3
Iglak,3,0,3
Iglasias,3,0,3
Iglesias,0,3,3
Igmarelies,0,3,3
Igmarelys,0,3,3
Igmariënne,0,3,3
Igmario,3,0,3
Igmaris,0,3,3
Igmarjulio,3,0,3
Igmarsio,3,0,3
Igmaruli,3,0,3
Igmi,0,3,3
Ignaa,0,3,3
Ignaats,3,0,3
Ignac,3,0,3
Ignach,0,3,3
Ignacie,0,3,3
Ignácio,3,0,3
Ignācio,3,0,3
Ignació,3,0,3
Ignácius,3,0,3
Ignacx,3,0,3
Ignaece,3,0,3
Ignaisha,0,3,3
Ignaldo,3,0,3
Ignalia,0,3,3
Ignancia,0,3,3
Ignanke,0,3,3
Ignanzio,3,0,3
Ignarda,0,3,3
Ignarst,3,0,3
Ignart,3,0,3
Ignartius,3,0,3
Ignartz,3,0,3
Ignaś,0,3,3
Ignascio,3,0,3
Ignase,0,3,3
Ignashia,0,3,3
Ignasi,3,0,3
Ignasz,3,0,3
Ignatiane,0,3,3
Ignatien,0,3,3
Ignátio,3,0,3
Ignatius-Piërre,3,0,3
Ignatiusa,0,3,3
Ignatiyos,3,0,3
Ignatris,3,0,3
Ignatus,3,0,3
Ignatya,0,3,3
Ignayro,3,0,3
Ignazcio,3,0,3
Ignazius,3,0,3
Igneborg,0,3,3
Ignert,3,0,3
Ignesia,0,3,3
Ignetia,0,3,3
Ignez,0,3,3
Igniatzia,0,3,3
Ignicious,3,0,3
Igniosa,0,3,3
Ignis,3,0,3
Ignisious,3,0,3
Ignitaus,0,3,3
Ignjat,3,0,3
Ignjatije,3,0,3
Ignobert,3,0,3
Ignogo,0,3,3
Ignore,3,0,3
Ignoree,0,3,3
Igny,3,0,3
Igô,3,0,3
Igojah,0,3,3
Igolt,3,0,3
Igoner,0,3,3
Igör,3,0,3
Igor-Alexander,3,0,3
Igor-Ivo,3,0,3
Igor-Olivier,3,0,3
Igorević,3,0,3
Igorivna,0,3,3
IGPJ,0,3,3
Igraan,0,3,3
Igraine-Leah,0,3,3
Igram,3,0,3
Igrasam,0,3,3
Igratius,3,0,3
Igred,3,0,3
Igrien,0,3,3
Igry,0,3,3
Igshaira,0,3,3
Igshanti,0,3,3
Igto,3,0,3
Iguacu,3,0,3
Iguain,3,0,3
Iguana,0,3,3
Iguen,3,0,3
Iguidius,3,0,3
Iguru,3,0,3
Igwandie,3,0,3
Ih'saan,0,3,3
Ihaël,3,0,3
Ihaisa,0,3,3
Ihamier,3,0,3
Ihassan,3,0,3
Ihayazo,3,0,3
Ihbo,3,0,3
Ihcen,3,0,3
Ihdia,0,3,3
Ihdirelez,3,0,3
Iheamo,3,0,3
Iheanacho,3,0,3
Iheanyi,3,0,3
Iheanyichukwu,3,0,3
Ihekeh,3,0,3
Iheomy,0,3,3
Ihesane,0,3,3
Ihgillya,0,3,3
Ihibaibalé,3,0,3
Ihiese,0,3,3
Ihime,0,3,3
Ihing,3,0,3
Ihinorse,0,3,3
Ihinosen,0,3,3
Ihiobun,3,0,3
Ihisan,3,0,3
Ihka,0,3,3
Ihkam,0,3,3
Ihl,0,3,3
Ihlara,0,3,3
Ihlya,0,3,3
Ihnasya,0,3,3
Ihnke,3,0,3
Ihnken,3,0,3
Ihno,3,0,3
Ihoghama,3,0,3
Ihogoza,0,3,3
Ihomea,0,3,3
Ihozo,0,3,3
Ihram,0,3,3
Ihrin,0,3,3
Ihrsad,3,0,3
ihsan,3,0,3
Ihsana,0,3,3
Ihsani,0,3,3
Ihsanne,0,3,3
Ihsen,0,3,3
Ihsene,0,3,3
İhssane,0,3,3
Ihswari,0,3,3
IHT,0,3,3
Ihtasham,3,0,3
Ihtiarovič,3,0,3
Ihtiarovna,0,3,3
Ihtishaam,3,0,3
Ihvan,0,3,3
Ihwanti,0,3,3
Ihyda,0,3,3
Ihzar,3,0,3
Iida,0,3,3
IIe,3,0,3
III,3,0,3
IIias,3,0,3
Iik,0,3,3
Iillis,3,0,3
Iilya,0,3,3
Iilyass,3,0,3
Iiman,0,3,3
Iïn,0,3,3
Iiona,0,3,3
Iiris,0,3,3
Iiro,3,0,3
Iis,0,3,3
Iisa,0,3,3
Iïsha,0,3,3
Iivari,3,0,3
Iive,0,3,3
Iiyomi,0,3,3
Ija-Ikoko,3,0,3
Ijaabo,0,3,3
Ijaas,3,0,3
Ijaba,0,3,3
Ijabo,0,3,3
Ijacil,3,0,3
Ijad,3,0,3
Ijada,0,3,3
IJadega,0,3,3
Ijahja,0,3,3
Ijai,0,3,3
Ijaïro,3,0,3
Ijanjan,3,0,3
Ijanne,0,3,3
Ijante,0,3,3
Ijara,3,0,3
IJari,3,0,3
IJasmin,0,3,3
Ijaykoemar,3,0,3
Ijayrah,0,3,3
Ijazkhan,3,0,3
IJbartus,3,0,3
Ijbe,3,0,3
IJbeldina,0,3,3
IJbeliena,0,3,3
IJbelinda,0,3,3
IJbell,0,3,3
IJbella,0,3,3
IJbellina,0,3,3
Ijbeltje,0,3,3
IJbeltje-Dieuwke,0,3,3
IJber,3,0,3
IJberdinus,3,0,3
IJbertha,0,3,3
Ijbertha,0,3,3
IJbertina,0,3,3
IJbertinus,3,0,3
IJbertje,0,3,3
Ijbertus,3,0,3
IJbetje,0,3,3
IJbettine,0,3,3
IJbie,0,3,3
IJbigje,0,3,3
IJbora,0,3,3
IJbrent,3,0,3
IJdalina,0,3,3
IJdelena,0,3,3
IJdelina,0,3,3
IJdeline,0,3,3
IJdie,0,3,3
IJdina,0,3,3
IJdwer,0,3,3
IJebe,3,0,3
IJefke,0,3,3
IJefkje,0,3,3
Ijegbulem,0,3,3
Ijem,0,3,3
IJemarô,3,0,3
Ijendu,0,3,3
IJenskjen,0,3,3
IJentel,0,3,3
IJepe,3,0,3
IJepkje,0,3,3
IJerewiesina,0,3,3
Ijesa,3,0,3
IJfana,0,3,3
Ijff,3,0,3
IJffe,3,0,3
Ijfke,0,3,3
IJfko,3,0,3
IJgberdina,0,3,3
IJgenius,3,0,3
IJgerne,0,3,3
IJges,3,0,3
IJgis,3,0,3
IJi,0,3,3
IJi-Kuang,3,0,3
Ijjali,0,3,3
IJjejan,3,0,3
IJkelien,0,3,3
IJkeline,0,3,3
IJko-Jan,3,0,3
IJktjen,0,3,3
Ijlaal,0,3,3
İjlal,0,3,3
Ijlâl,0,3,3
IJlbertus,3,0,3
IJldert,3,0,3
IJldina,0,3,3
IJlien,0,3,3
IJlja,3,0,3
Ijlke,0,3,3
IJlonne,0,3,3
IJlse,0,3,3
IJmar,3,0,3
IJmard,3,0,3
IJmelina,0,3,3
IJmericus,3,0,3
IJmi,0,3,3
IJmka,0,3,3
IJmkes,3,0,3
Ijmkje,0,3,3
IJmko,3,0,3
IJmkus,3,0,3
IJmmechina,0,3,3
IJmpje,0,3,3
IJnardus,3,0,3
IJneke,0,3,3
IJnes,3,0,3
IJnke,0,3,3
IJnksje,0,3,3
IJno,3,0,3
Ijnowah,0,3,3
IJnschke,0,3,3
Ijnse,3,0,3
Ijnske,0,3,3
IJnsken,0,3,3
IJnte-Sjoerd,3,0,3
IJntskje,0,3,3
Ijntze,3,0,3
IJntze-Marc,3,0,3
IJnzen,3,0,3
IJnzette,0,3,3
IJnzina,0,3,3
IJo,3,0,3
Ijo,3,0,3
Ijobel,0,3,3
Ijoh,0,3,3
IJolande,0,3,3
Ijolus,3,0,3
Ijon,3,0,3
Ijoné,0,3,3
Ijoni,0,3,3
Ijorick,3,0,3
Ijorka,0,3,3
Ijot,0,3,3
Ijou,0,3,3
Ijoya,0,3,3
Ijoyda,0,3,3
IJpe-Theo,3,0,3
IJpeús,3,0,3
IJpéus,3,0,3
IJrma,0,3,3
Ijs,3,0,3
Ijsa,0,3,3
IJsah,0,3,3
IJsberdina,0,3,3
IJsbrand-Jan,3,0,3
IJsbrandes,3,0,3
IJsbrandzoon,3,0,3
IJsbrecht,3,0,3
IJschbrand,3,0,3
IJsele,0,3,3
IJsenbrant,3,0,3
IJsha,0,3,3
IJsia,0,3,3
IJsina,0,3,3
IJska,3,0,3
IJskje,0,3,3
IJsla,0,3,3
IJsse,3,0,3
IJssie,0,3,3
IJstwilda,0,3,3
IJt,3,0,3
IJta,0,3,3
IJtie,0,3,3
IJtiena,0,3,3
IJtina,0,3,3
Ijtje,0,3,3
IJto,3,0,3
IJtt,0,3,3
IJtzela,3,0,3
Ijunda,0,3,3
Ijvan,3,0,3
IJvanna,0,3,3
IJve,3,0,3
IJvi,0,3,3
IJvonna,0,3,3
IJvy,3,0,3
IJwerdina,0,3,3
IJza,0,3,3
IJzaäk,3,0,3
IJzaaks,3,0,3
IJzan,3,0,3
IJzbert,3,0,3
Ijze,3,0,3
IJzebrandina,0,3,3
IJzebrant,3,0,3
Ijzina,0,3,3
Ika-Louise,0,3,3
Ikaay,0,3,3
Ikadé,0,3,3
Ikael,3,0,3
Ikai,3,0,3
Ikaiya,3,0,3
Ikaja,0,3,3
Ikal,3,0,3
Ikalef,3,0,3
Ikam,0,3,3
Ikamba,0,3,3
Ikan,0,3,3
Ikana,0,3,3
Ikana-Ifelo,0,3,3
Ikanella,0,3,3
Ikapata,0,3,3
Ikarios,3,0,3
Ikarus,3,0,3
Ikaya,3,0,3
İkbal,3,0,3
İkbâl,3,0,3
Ikbale,0,3,3
Ikechikow,3,0,3
Ikechiku,3,0,3
Ikeda,3,0,3
Ikedia,0,3,3
Ikefe,3,0,3
Ikegwuonu,3,0,3
Ikele,0,3,3
Ikemba,3,0,3
Ikemefina,3,0,3
Ikemefule,3,0,3
Ikemsinachi,3,0,3
Iken,3,0,3
Ikenyo,3,0,3
Ikeotuonye,0,3,3
Ikèr,3,0,3
Ikeycha,0,3,3
Ikhamioya,3,0,3
Ikhana,0,3,3
Ikhile,0,3,3
Ikhinobele,3,0,3
Ikhlaq,3,0,3
Ikhlase,0,3,3
Ikhra,0,3,3
Ikhzan,3,0,3
Ikira,0,3,3
Ikita,3,0,3
Ikk,3,0,3
Ikkes,3,0,3
Ikkje,0,3,3
Ikksie,0,3,3
Iklaas,3,0,3
iklima,0,3,3
İklimya,0,3,3
Iklin,0,3,3
Ikmatu,0,3,3
İknur,0,3,3
Ikona,0,3,3
Ikonija,0,3,3
Ikony,0,3,3
Ikor,3,0,3
Ikos,3,0,3
Ikpmwonsa,3,0,3
Ikpomwosa,3,0,3
Ikponbhosa,3,0,3
Ikponwonosa,3,0,3
Ikponwonsa,3,0,3
Ikponwosa,3,0,3
Ikpowosa,3,0,3
Ikpuomwosa,3,0,3
Ikraham,0,3,3
Ikrâm,0,3,3
İkram,0,3,3
Ikram-Kadir,0,3,3
Ikrama,3,0,3
Ikramy,3,0,3
Ikránur,0,3,3
Ikrima,3,0,3
Ikroop,3,0,3
Iksander,3,0,3
Iktsje,0,3,3
Ikuko,0,3,3
Ikumala,0,3,3
Ikuna,0,3,3
Ikwuagwu,3,0,3
Il-tshi,3,0,3
Il-Vera,0,3,3
Ilaany,0,3,3
Ilaboya,3,0,3
Iladsiha,0,3,3
Ilaeira,0,3,3
Iláf,0,3,3
Ilahaan,0,3,3
Ilaica,0,3,3
Ilaichia,0,3,3
Ilaïda,0,3,3
Ilaidya,0,3,3
Ilaiesa,0,3,3
Ilaigh,0,3,3
Ilaigi,3,0,3
Ilaija,3,0,3
Ilaijda,0,3,3
Ilaijsiah,0,3,3
Ilaika,0,3,3
Ilainey,0,3,3
Ilainho,3,0,3
Ilairah,0,3,3
Ilairjo,3,0,3
Ilaïsa,0,3,3
Ilaischa,0,3,3
Ilaison,3,0,3
Ilaisya,0,3,3
Ilaiy,3,0,3
Ilaiyo,3,0,3
Ilaïza,0,3,3
Ilakka,0,3,3
Ilala,0,3,3
Ilán,3,0,3
Ilana-Rosa,0,3,3
Ilana-Rose,0,3,3
Ilanara,0,3,3
Ilanaysha,0,3,3
Ilande,0,3,3
Ilaney,0,3,3
Ilango,3,0,3
Ilanih,0,3,3
Ilanio,3,0,3
Ilanira,0,3,3
Ilanja,0,3,3
Ilanne,0,3,3
Ilanno,3,0,3
Ilano-Inge,3,0,3
Ilanya,0,3,3
Ilariella,0,3,3
Ilario-Jace,3,0,3
Ilarya,0,3,3
Ilashanty,0,3,3
Ilato,3,0,3
Ilauna,0,3,3
Ilavarassen,3,0,3
Ilaventhan,0,3,3
Ilawarasan,3,0,3
Ilawe,3,0,3
ILay,3,0,3
Ilay-Djery,3,0,3
Ilayaah,0,3,3
Ilayan,3,0,3
Ilaycan,3,0,3
İlâyda,0,3,3
Ilayda-Nur,0,3,3
Ilaydjah,3,0,3
Ilayen,3,0,3
Ilayes,3,0,3
İlayna,0,3,3
Ilaynah,0,3,3
Ilayndro,3,0,3
Ilayne,0,3,3
Ilaynur,0,3,3
Ilayshia,0,3,3
Ilayssa,0,3,3
Ilayya,0,3,3
Ilayzah,0,3,3
Ilayzha,0,3,3
Ilayzo,3,0,3
Ilaz,3,0,3
Ilaza,0,3,3
Ilban,3,0,3
İlbay,3,0,3
Ilben,3,0,3
Ilberta,0,3,3
Ilbertha,0,3,3
İlbey,3,0,3
Ilbienes,3,0,3
Ilbilge,0,3,3
Ilbra,0,3,3
Ilbrand,3,0,3
Ilce,0,3,3
Ilcehan,3,0,3
Ilchaizan,0,3,3
Ilchy,0,3,3
Ilcia,0,3,3
Ilcke,3,0,3
Ilčo,3,0,3
Ilda-Sofia,0,3,3
Ildaphonsa,0,3,3
Ildebranda,0,3,3
Ildebrando,3,0,3
Ildegonda,0,3,3
Ildenfons,0,3,3
Ildevonda,0,3,3
Ildike,0,3,3
Ildikö,0,3,3
Ildis,0,3,3
Ildjindo,3,0,3
Ildri,0,3,3
Ildrid,0,3,3
Ildriën,3,0,3
Ildy,0,3,3
Ilé,0,3,3
Ile,3,0,3
Ileaf,0,3,3
Iléana,0,3,3
Ileanna,0,3,3
Ileano,3,0,3
Ileanor,0,3,3
Ileanos,3,0,3
Ileara,0,3,3
Ileas,3,0,3
Ileayah,3,0,3
Ilechukwu,3,0,3
Iledor,0,3,3
Ileena,0,3,3
Ileenja,0,3,3
Ileey,0,3,3
Ileha,0,3,3
Ileigh,3,0,3
Ileila,0,3,3
Ileina,0,3,3
Ileisa,3,0,3
Ileischa,0,3,3
Ileiza,0,3,3
Ilekhue,3,0,3
Ilela,0,3,3
Ilènah,0,3,3
Ilenemari,0,3,3
Ilenita,0,3,3
Ilenka,0,3,3
Ilenn,0,3,3
Ilenus,3,0,3
Ileny,0,3,3
Ilenya,0,3,3
Ilenys,0,3,3
Ilenza,0,3,3
Ilenzi,0,3,3
Ilenzo,3,0,3
Ileonor,0,3,3
Ileonora,0,3,3
Ilerioluwa,0,3,3
Ilés,3,0,3
Iles,0,3,3
Ilesha,0,3,3
Ileterius,3,0,3
Iletje,0,3,3
Iletta,0,3,3
Ileuk,0,3,3
Ilewa,0,3,3
Ilexy,0,3,3
Ileya,0,3,3
Ileyana,0,3,3
Ileyandro,3,0,3
Ileyas,3,0,3
Ileyha,0,3,3
Ileylah,0,3,3
İleyza,0,3,3
Ilfanise,0,3,3
Ilfat,3,0,3
Ilfendrina,0,3,3
Ilfet,0,3,3
Ilfie,0,3,3
Ilfons,3,0,3
Ilfra,0,3,3
Ilfva,0,3,3
Ilfy,0,3,3
Ilgiën,0,3,3
Ilgihan,0,3,3
İlgin,0,3,3
Ilgınay,0,3,3
Ilgje,0,3,3
Ilhaame,0,3,3
Ilhad,3,0,3
Ilhamogly,3,0,3
Ilhamsyah,3,0,3
Ilhani,3,0,3
ILHAW,0,3,3
Ilhaysa,0,3,3
Ilhêm,0,3,3
Ilhjah,3,0,3
Ilhyano,3,0,3
Ilìa,3,0,3
Iliaa,0,3,3
Iliaaz,3,0,3
Iliac,3,0,3
Iliada,0,3,3
Ilianne,0,3,3
Ilianny,0,3,3
Ilianthe,0,3,3
Ilianthi,0,3,3
Iliäs,3,0,3
Ilias-Fais,3,0,3
Ilias-Mir,3,0,3
Ilias-Mohamed,3,0,3
Iliassou,3,0,3
Iliavana,0,3,3
Iliaz,3,0,3
Ilídia,0,3,3
Ilidius,3,0,3
Iliean,0,3,3
Ilien,0,3,3
Ilies,3,0,3
Iliëwa,0,3,3
Ilij,3,0,3
Ilijan,3,0,3
Ilijes,3,0,3
Ilijn,0,3,3
Ilijuma,0,3,3
Ilijza,0,3,3
Ilika,0,3,3
Ilikovich,3,0,3
Ililta,0,3,3
İlim,0,3,3
Ilima-Lei,0,3,3
Ilimdar,3,0,3
Ilinde,0,3,3
Ilinishna,0,3,3
Ilionne,0,3,3
Ilios-Stelios,3,0,3
Ilira,0,3,3
Iliriana,0,3,3
Ilirianë,0,3,3
Ilirik,3,0,3
Ilisabethe,0,3,3
Ilishah,0,3,3
Ilisias,3,0,3
Ilisyo,3,0,3
Ilitch,3,0,3
Ilithya,0,3,3
Ilithya-Abigaël,0,3,3
Ilitsche,0,3,3
Ilitsj,3,0,3
Ilitso,3,0,3
Ilitta,0,3,3
Iliyaas,3,0,3
Iliyana,0,3,3
Iliyaz,3,0,3
Ilizza,0,3,3
Iljà,3,0,3
Ilja-Dominique,0,3,3
Ilja-Duna,0,3,3
Ilja-Julie,0,3,3
Ilja-Maria,0,3,3
Ilja-Marije,0,3,3
Ilja-Rosa,0,3,3
Iljaaz,3,0,3
Iljack,3,0,3
Iljam,3,0,3
Iljano,3,0,3
Iljari,3,0,3
Iljasin,3,0,3
Iljawitsh,3,0,3
Iljekim,3,0,3
Iljenora,0,3,3
Iljhenka,0,3,3
Iljin,3,0,3
Iljitst,3,0,3
Iljiwitz,3,0,3
Iljoena,0,3,3
Iljoes,0,3,3
Iljoeschka,3,0,3
Iljoesjcha,0,3,3
Iljonoor,0,3,3
Iljuschka,3,0,3
Ilk,0,3,3
Ilkai,0,3,3
Ilkày,3,0,3
Ilkây,0,3,3
Ilkay-Khan,3,0,3
İlkbahar,0,3,3
Ilke-Rieke,0,3,3
Ilkesever,0,3,3
Ilkgül,0,3,3
İlkim,0,3,3
İlkin,0,3,3
Ilkinur,0,3,3
Ilknaz,0,3,3
Ilknoer,0,3,3
Ilknür,0,3,3
Ilktje,0,3,3
Ilkutay,3,0,3
Ill-Aysa,0,3,3
Ill-Yah,3,0,3
Illaf,0,3,3
Illaha,0,3,3
Illai,3,0,3
Illaï,3,0,3
Illaih,3,0,3
Illaijh,3,0,3
Illaise,0,3,3
Illaisha,0,3,3
Illalie,3,0,3
Illanera,0,3,3
Illanie,0,3,3
Illaniek,0,3,3
Illanio,3,0,3
Illanit,0,3,3
Illanite,0,3,3
Illanith,0,3,3
Illanna,0,3,3
Illano,3,0,3
Illard,3,0,3
Illario,3,0,3
Illarion,3,0,3
Illaro,3,0,3
Illary,3,0,3
Illas,3,0,3
Illayah,3,0,3
Illayda,0,3,3
Illayjah,0,3,3
Illayno,3,0,3
Illaysja,0,3,3
Illayson,3,0,3
Illayuqsami,3,0,3
Ille,3,0,3
Illeanna,0,3,3
Illechina,0,3,3
Illee,0,3,3
Illefonsus,3,0,3
Illekiyan,3,0,3
Illen,3,0,3
Illeniana,0,3,3
Illenoia,0,3,3
Illenora,0,3,3
Illes,3,0,3
Illex,3,0,3
Illgner,3,0,3
Illham,0,3,3
Illiad,3,0,3
Illiah,3,0,3
Illiam,3,0,3
Illiane,0,3,3
Illiann,3,0,3
Illiante,0,3,3
Illiariy,0,3,3
Illiasse,3,0,3
Illiesa,0,3,3
Illigiene,0,3,3
Illigje,0,3,3
Illijah,3,0,3
Illin,0,3,3
Illine,0,3,3
Illirich,3,0,3
Illisa,0,3,3
Illisse,0,3,3
Illissia,0,3,3
Illius,3,0,3
Illiya,3,0,3
Illiyas,3,0,3
Illiyas-Vitas,3,0,3
Illiyeen,0,3,3
Illiyes,3,0,3
Illiyoen,3,0,3
Illja-Lucas,3,0,3
Illji,3,0,3
Illjie,3,0,3
Illka,3,0,3
Illmar,0,3,3
Illonca,0,3,3
Illonna,0,3,3
Illoson,3,0,3
Illoy,3,0,3
Illsa,0,3,3
Illum,3,0,3
Illusia,0,3,3
Illvan,3,0,3
Illyan,3,0,3
Illyano,3,0,3
İllyas,3,0,3
Illyes,3,0,3
Illyesse,3,0,3
Illyiahnah,0,3,3
Illyn,0,3,3
Illyna,0,3,3
Illyne,0,3,3
Illynie,0,3,3
Illyrian,3,0,3
Illyriana,0,3,3
Illyssa,0,3,3
Illyssia,0,3,3
Ilm-i,3,0,3
Ilmaas,3,0,3
Ilmairon,3,0,3
Ilman,3,0,3
Ilmaniye,0,3,3
Ilmarinen,3,0,3
Ilmars,3,0,3
Ilmaz,3,0,3
Ilmé,0,3,3
Ilmess,3,0,3
Ilmgard,0,3,3
Ilmihan,0,3,3
İlmiye,0,3,3
Ilmoniem,3,0,3
Ilmor,3,0,3
Ilmyra,0,3,3
Ilnez,0,3,3
Ilnishaira,0,3,3
Ilnoushka,0,3,3
Iloa,0,3,3
Iloanah,0,3,3
Iloba,3,0,3
Ilock,3,0,3
Ilodis,3,0,3
Iloé,0,3,3
Iloena,0,3,3
Iloes,0,3,3
Iloesjka,0,3,3
Ilojzy,3,0,3
Ilomé,0,3,3
Ilomera,0,3,3
Iloná,0,3,3
Ilôna,0,3,3
Ilòna,0,3,3
Ilona-Agnes,0,3,3
Ilona-Ruby,0,3,3
Ilonah,0,3,3
Ilonardus,3,0,3
Ilóne,0,3,3
Ilonet,0,3,3
Ilonette,0,3,3
Ilong,3,0,3
Ilonga,0,3,3
Ilonia,0,3,3
Ilonika,0,3,3
Ilonius,3,0,3
Ilonk,0,3,3
Ilònka,0,3,3
Iloo,3,0,3
Ilora,0,3,3
Ilorin,3,0,3
Iloucha,0,3,3
Ilouka,0,3,3
Iloumar,3,0,3
Iloura,0,3,3
Ilove,0,3,3
Ilowa,0,3,3
Iloyd,3,0,3
Iloyka,0,3,3
Iloz,0,3,3
Ilpo,3,0,3
Ilquina,0,3,3
Ilra,0,3,3
Ilrhean,0,3,3
Ilrish,0,3,3
Ilro,3,0,3
Ilsa-Elle,0,3,3
Ilsabella,0,3,3
Ilsabeta,0,3,3
Ilsâd,0,3,3
Ilsäd,0,3,3
Ilsah,0,3,3
Ilsama,3,0,3
Ilsaro,3,0,3
Ilsbeth,0,3,3
Ilsé,0,3,3
Ilse-Anne,0,3,3
Ilse-Ariëlle,0,3,3
Ilse-Fokje,0,3,3
Ilse-Gerdie,0,3,3
Ilse-Ilona,0,3,3
Ilse-José,0,3,3
Ilse-Kathelijne,0,3,3
Ilse-Kayleigh,0,3,3
Ilse-Loïs,0,3,3
Ilse-Lore,0,3,3
Ilse-Lyonne,0,3,3
Ilse-Madelief,0,3,3
Ilse-Mare,0,3,3
Ilse-Margot,0,3,3
Ilse-Marieke,0,3,3
Ilse-Marij,0,3,3
Ilse-Marijn,0,3,3
Ilse-Marye,0,3,3
Ilse-May,0,3,3
Ilse-Mira,0,3,3
Ilse-Monique,0,3,3
Ilse-Noa,0,3,3
Ilse-Sigrid,0,3,3
Ilse-Willemijntje,0,3,3
Ilsebeth,0,3,3
Ilsedora,0,3,3
Ilsefiene,0,3,3
Ilselien,0,3,3
Ilselies,0,3,3
Ilselinde,0,3,3
Ilseline,0,3,3
Ilselore,0,3,3
Ilselyn,0,3,3
Ilsemaria,0,3,3
Ilsemarije,0,3,3
Ilsemien,0,3,3
Ilsen,3,0,3
Ilsette,0,3,3
Ilsha,0,3,3
Ilshwanya,0,3,3
Ilsiarah,0,3,3
Ilsida,0,3,3
Ilsiën,0,3,3
Ilsjanie,0,3,3
Ilsje,0,3,3
Ilsoldar,3,0,3
İlsu,0,3,3
Ilswai,0,3,3
Ilsy,0,3,3
Ilsø,3,0,3
Iltaf,3,0,3
Iltar,3,0,3
Iltay,3,0,3
Ilteris,3,0,3
Iltifaat,0,3,3
Iltireh,0,3,3
Ilton,3,0,3
Iluana,0,3,3
Iluminade,0,3,3
Iluminanda,0,3,3
Iluminée,0,3,3
Ilumishanda,0,3,3
Ilusch,0,3,3
Ilusz,0,3,3
Ilva-Madeline,0,3,3
Ilvain,3,0,3
Ilvanna,0,3,3
Ilvany,0,3,3
Ilvay,3,0,3
Ilvencio,3,0,3
Ilveria,0,3,3
Ilvetta,0,3,3
Ilvey,0,3,3
Ilvije,0,3,3
Ilvin,3,0,3
Ilvio,3,0,3
Ilvira,0,3,3
Ilvy-Joy,0,3,3
Ilwagan,3,0,3
Ilwen,0,3,3
Ilwienkaur,0,3,3
Ilwina,0,3,3
Ilwits,3,0,3
İlya,0,3,3
Ilyaasien,3,0,3
Ilyaaz,3,0,3
Ilyada,0,3,3
Ilyam,3,0,3
Ilyama,0,3,3
Ilyami,0,3,3
Ilyamo,3,0,3
Ilyana-Ida,0,3,3
Ilyané,3,0,3
Ilyane,0,3,3
Ilyās,3,0,3
Ilyasalie,3,0,3
Ilyash,3,0,3
Ilyasin,3,0,3
İlyass,3,0,3
Ilyasu,0,3,3
Ilyda,0,3,3
Ilydia,0,3,3
Ilydyas,0,3,3
Ilyen,3,0,3
Ilyês,3,0,3
Ilyès,3,0,3
Ilyesse,3,0,3
Ilyette,0,3,3
Ilyez,3,0,3
Ilyia,0,3,3
Ilyitch,3,0,3
Ilynke,0,3,3
Ilyon,3,0,3
Ilyos,3,0,3
Ilyshïa,0,3,3
Ilyshua,3,0,3
Ilysia,0,3,3
Ilyssha,0,3,3
Ilythia,0,3,3
Ilytsj,3,0,3
Ilyva,0,3,3
Ilyzha,0,3,3
Ilzė,0,3,3
Ilzy,0,3,3
Im-Bian,3,0,3
Im-Elievitch,3,0,3
Ima-Margriet,0,3,3
Ima-Obong,0,3,3
Imaâd,3,0,3
Imaainjaly,0,3,3
Imaana,0,3,3
Imaanbaks,3,0,3
Imaanh,0,3,3
Imaani-Ghislain,0,3,3
Imaani-Salina,0,3,3
Imaas,3,0,3
Imable,0,3,3
Imad-dine,3,0,3
Imad-Dine,3,0,3
Imadalddin,3,0,3
Imadh,3,0,3
Imadi,3,0,3
Imadonwinyi,3,0,3
Imaduddin,3,0,3
Imadullah,3,0,3
Imae,0,3,3
Imaé,0,3,3
Imaël,3,0,3
Imaen,0,3,3
Imafidon,3,0,3
Imagen,0,3,3
Imagene,0,3,3
Imagilet,0,3,3
Imahai,3,0,3
Imahan,0,3,3
Imahn,3,0,3
Imahni,0,3,3
Imaiah,0,3,3
Imaijah,0,3,3
Imailah,0,3,3
Imaily,0,3,3
Imain,0,3,3
Imaïne,0,3,3
Imaires,0,3,3
Imaïri-Saraï,0,3,3
Imairys,0,3,3
Imaisa,0,3,3
Imajynn,0,3,3
Imakti,0,3,3
Imalah,0,3,3
Imalay,0,3,3
Imalchijah,3,0,3
Imaley,0,3,3
Imali,0,3,3
Imalia,0,3,3
Imalie,0,3,3
Imalina,0,3,3
Imalo,3,0,3
Imambux,3,0,3
Imamdi,3,0,3
Imamin,3,0,3
Imamu,3,0,3
Imân,0,3,3
Imän,0,3,3
Imàn,0,3,3
İman,0,3,3
Iman-Joëlla,0,3,3
Iman-Safia,0,3,3
Imanah,0,3,3
Imanchand,0,3,3
Imâne,0,3,3
İmane,0,3,3
Imane-Maghnia,0,3,3
Imang,3,0,3
Imáni,0,3,3
İmani,0,3,3
Imani-Aïscha,0,3,3
Imani-Intan,0,3,3
Imani-Jane,0,3,3
Imani-Jurnàe,0,3,3
Imani-Khatoen,0,3,3
Imani-Rose,0,3,3
Imania,0,3,3
Imaniar,0,3,3
Imaniraysa,0,3,3
Imanishi,3,0,3
Imann,0,3,3
Imanni,0,3,3
Imannoël,3,0,3
Imannuel,3,0,3
Imannuelle,0,3,3
Imant,3,0,3
Imanu,3,0,3
Imanuèl,3,0,3
Imanüel,3,0,3
Imanuële,0,3,3
Imanverdi,3,0,3
Imao,3,0,3
Imar-Roché,3,0,3
Imaraicia,0,3,3
Imard,3,0,3
Imardjo,3,0,3
Imaré,3,0,3
Imargeno,3,0,3
Imaric,3,0,3
Imarin,0,3,3
Imarisha,0,3,3
Imarsho,3,0,3
Imarukhor,0,3,3
Imas,0,3,3
Imasyen,3,0,3
Imat,3,0,3
Imaury,3,0,3
Imawan,3,0,3
Imayda,0,3,3
Imaygiany,3,0,3
Imayni,0,3,3
Imba,0,3,3
Imbart,3,0,3
Imbe,0,3,3
Imbenia,0,3,3
Imberta,0,3,3
Imbre,0,3,3
Imbu,3,0,3
Imcard,0,3,3
Imcetty,0,3,3
Imchaël,0,3,3
Imcke,0,3,3
Imdáa-Luna,0,3,3
Imdolai,3,0,3
Imduarbuah,0,3,3
Imé,3,0,3
Imea,0,3,3
Imealua,3,0,3
Imeela,0,3,3
Imegián,0,3,3
Imegonda,0,3,3
Imek,3,0,3
Imel,3,0,3
Imelda-Mae,0,3,3
Imeldi,0,3,3
Imeldie,3,0,3
Imeldij,0,3,3
Imeldo,3,0,3
Imeldy,0,3,3
Imele,0,3,3
Imelita,0,3,3
Imellda,0,3,3
Imelnigio,3,0,3
Imelra,0,3,3
Imelsien,0,3,3
Imeltiena,0,3,3
Imelva,0,3,3
Imely,0,3,3
Imélysh,0,3,3
Imelza,0,3,3
Imén,0,3,3
Imeni,0,3,3
Imeno,3,0,3
Imenva,0,3,3
Imeraisa,0,3,3
Imerantia,0,3,3
Imere,3,0,3
Imerensia,0,3,3
Imerentius,3,0,3
Imergonda,0,3,3
Imeria,0,3,3
Imericus,3,0,3
Imério,3,0,3
Imerita,0,3,3
Imero-Ali,3,0,3
Imerson,3,0,3
Imerú,0,3,3
Imesh,3,0,3
Imetje,0,3,3
Imex-wes,3,0,3
Imeyra,0,3,3
Imeza,0,3,3
Iméze,0,3,3
Imfama,0,3,3
Imfura,0,3,3
Imgracia,0,3,3
Imgrad,0,3,3
Imgriet,0,3,3
Imhan,0,3,3
Imhar,3,0,3
Imhelena,0,3,3
Imias,0,3,3
Imielja,0,3,3
Imighty,3,0,3
Imilde,0,3,3
Imilena,0,3,3
Imileno,3,0,3
Imilhio,3,0,3
Imiliana,0,3,3
Imilja,3,0,3
Imillia,0,3,3
Imilliano,3,0,3
Imillio,3,0,3
Imin,0,3,3
Iminetta,0,3,3
Imingarda,0,3,3
Imion,3,0,3
Imiraldo,3,0,3
Imirensiana,0,3,3
Imis,0,3,3
Imischa,0,3,3
Imiterio,3,0,3
Imiza,0,3,3
IMJ,0,3,3
Imjen,0,3,3
Imkan,3,0,3
Imke-Klarie,0,3,3
Imke-Sebastiana,0,3,3
Imkelien,0,3,3
Imken,0,3,3
Imkge,0,3,3
Imkje-Fimke,0,3,3
Imlay,3,0,3
Imli,0,3,3
Imly,0,3,3
Imm,0,3,3
Immaanuël,3,0,3
ImmacLara,0,3,3
Immacolato,3,0,3
Immad,3,0,3
Immaël,3,0,3
Immah,0,3,3
Immai,0,3,3
Immajean,0,3,3
Immalda,0,3,3
Immân,0,3,3
Immana,0,3,3
Immand,3,0,3
Immaniël,3,0,3
Immaniuell,3,0,3
Immanu,3,0,3
Immanué,0,3,3
Immànuël,3,0,3
Immanuèl,3,0,3
Immanuël-Jeshua,3,0,3
Immánuela,0,3,3
Immanuelraj,3,0,3
Immanuelsen,3,0,3
Immanuëlson,3,0,3
Immar,3,0,3
Immarch,3,0,3
Immarie,0,3,3
Imme-Marie,0,3,3
Imme-Mathilde,0,3,3
Immechienus,3,0,3
Immee,0,3,3
Immegiena,0,3,3
Immegrarda,0,3,3
Immehan,0,3,3
Immeine,0,3,3
Immeldine,0,3,3
Immeliena,0,3,3
Immeliesje,0,3,3
Immeline,0,3,3
Immer-Jan,3,0,3
Immeralde,0,3,3
Immerançse,0,3,3
Immerence,0,3,3
Immerens,0,3,3
Immerentius,3,0,3
Immeritsianus,3,0,3
Immerline,0,3,3
Immert,3,0,3
Immerz,3,0,3
Immerzeel,0,3,3
Immette,0,3,3
Immeyara,0,3,3
Immianne,0,3,3
Immich,0,3,3
Immiena,0,3,3
Immig,3,0,3
Immigjen,0,3,3
Immigülsüm,0,3,3
Immihani,0,3,3
Immij,0,3,3
Immily,0,3,3
Imminette,0,3,3
Imminus,3,0,3
Immis,0,3,3
Immogen,0,3,3
Immolata,0,3,3
Immorentia,0,3,3
Immortelle,0,3,3
Immuhan,0,3,3
Imnah,3,0,3
Imnairo,3,0,3
Imne,0,3,3
Imoa,0,3,3
Imoan,0,3,3
Imoei,0,3,3
Imoen,0,3,3
Imogan,0,3,3
Imogé,3,0,3
Imogén,3,0,3
Imogen-Eline,0,3,3
Imogen-Mae,0,3,3
Imogen-Reese,0,3,3
Imogené,0,3,3
Imogéne,0,3,3
Imoghean,0,3,3
Imogyne,0,3,3
Imoha,0,3,3
Imohen,0,3,3
Imohtep,3,0,3
Imojean,0,3,3
Imokhia,3,0,3
Imole,3,0,3
Imoleayomi,0,3,3
Imoline,0,3,3
Imonise,0,3,3
Imoraisha,0,3,3
Imorayley,3,0,3
Imorello,3,0,3
Imoreo,3,0,3
Imori,0,3,3
Imorita,0,3,3
Imorya,0,3,3
Imose,0,3,3
Imously,3,0,3
Imoya,0,3,3
Imoyan,3,0,3
Imoze,0,3,3
Impala,0,3,3
Impencia,0,3,3
Imperia,0,3,3
Impi,3,0,3
Impia,0,3,3
Imprinetta,0,3,3
Imraana,0,3,3
Imraaz,3,0,3
Imraël,3,0,3
Imrahn,3,0,3
Imraisha,0,3,3
Imral,0,3,3
Imram,3,0,3
Imramsjah,3,0,3
Imràn,3,0,3
Imrân,3,0,3
Imran-Ul-Haq,3,0,3
Imranhaider,3,0,3
Imrans,0,3,3
Imransha,3,0,3
Imrasia,0,3,3
Imrat,3,0,3
Imraxny,3,0,3
Imraz,3,0,3
Imrè,3,0,3
Imre-Jan,3,0,3
Imre-Keiran,3,0,3
Imre-Tobias,3,0,3
Imree,0,3,3
Imrehan,0,3,3
İmren,0,3,3
Imrenash,3,0,3
Imri-Joshua,3,0,3
Imrich,3,0,3
Imrichs,3,0,3
Imrid,3,0,3
Imrie,0,3,3
Imriel,3,0,3
Imriël,3,0,3
Imriet,3,0,3
Imriti,0,3,3
Imroen,3,0,3
Imrohn,3,0,3
Imrow-Akash,3,0,3
Imroz,3,0,3
Imruh,3,0,3
Imrul,3,0,3
Ims,3,0,3
Imsaal,0,3,3
Imse,0,3,3
Imshad,3,0,3
Imshaimary,0,3,3
Imshairo,3,0,3
Imsherienne,0,3,3
Imson,3,0,3
Imtahal,0,3,3
Imtaz,3,0,3
Imthehaaz,3,0,3
Imtiaze,0,3,3
Imtiazuddin,3,0,3
Imtieas,3,0,3
Imtijaz,3,0,3
Imtisäl,0,3,3
Imtisam,0,3,3
Imtiyaaz-Ali,3,0,3
Imtjedina,0,3,3
Imuanganu,0,3,3
Imuee,0,3,3
Imuetinya,0,3,3
Imuetiyan,0,3,3
Imully,0,3,3
Imur,3,0,3
Imuthes,3,0,3
Imuze,3,0,3
Imvira,0,3,3
Imwinosa,0,3,3
Imyra,0,3,3
Imzadi,3,0,3
In'yairo,3,0,3
In-Sik,3,0,3
In-Sook,0,3,3
Ina-Geke,0,3,3
Ina-Latu,0,3,3
Ina-Laura,0,3,3
Ina-Lisa,0,3,3
Ina-Maria,0,3,3
Ina-Marie,0,3,3
Ina-Pati,0,3,3
Ina-Sama,0,3,3
Ina-séu,0,3,3
Ina-seu,0,3,3
Ina-Séy,0,3,3
Ina-Simona,0,3,3
Ina-Upele,0,3,3
Inaame,0,3,3
Inaâme,0,3,3
Inaara,0,3,3
Inaasha,0,3,3
Inaaysha,0,3,3
Inabankobwa,0,3,3
Inabiyah,0,3,3
Inac,3,0,3
Inaç,3,0,3
Inachos,3,0,3
Inàcia,0,3,3
Inácia,0,3,3
Inàcio,3,0,3
Inaco,3,0,3
Inadia,0,3,3
Inadir,3,0,3
Inadja,0,3,3
Inäes,3,0,3
Inaës,3,0,3
Inagio,3,0,3
Inaí,0,3,3
Inai-wheé,0,3,3
Inaichel,3,0,3
Inaijah,0,3,3
Inaijat,3,0,3
Inaïsa,0,3,3
Inaisha,0,3,3
Inaiska,0,3,3
Inait-Alie,3,0,3
Inaitalie,3,0,3
Inaitoela,3,0,3
Inaïya,0,3,3
Inaja,0,3,3
Inakia,0,3,3
Inakki,3,0,3
Inala,0,3,3
Inalatu,0,3,3
Inalda,0,3,3
Inalesia,0,3,3
Inalessy,0,3,3
Inalito,3,0,3
Inalynn,0,3,3
Inamaea,0,3,3
Inamariana,0,3,3
Inambari,0,3,3
Inami,3,0,3
Inamoni,0,3,3
Inamoratha,0,3,3
İnanç,3,0,3
Inang,0,3,3
Inangda,0,3,3
Inani,0,3,3
Inanué,0,3,3
Inao,0,3,3
Inapelé,0,3,3
Inaraso,0,3,3
Inarna,0,3,3
Inarukundo,0,3,3
Inascha,0,3,3
Inasdóttir,0,3,3
Inaseôe,0,3,3
Inaseu,0,3,3
Inashaka,0,3,3
Inasja,0,3,3
Inastasia,0,3,3
Inata,0,3,3
Inatalita,0,3,3
Inate,0,3,3
Inaupaty,0,3,3
Inawai,0,3,3
Inawatie,0,3,3
Inawaty,0,3,3
Inaway,0,3,3
Inay-Narrain,3,0,3
Inaya-Neyla,0,3,3
Inaya-Nour,0,3,3
Inayaa,0,3,3
Inayaah,0,3,3
Inayad,3,0,3
Inayah-Joy,0,3,3
Inayah-Nawale,0,3,3
Inayat-Khan,3,0,3
Inayath,3,0,3
Inayatkhan,3,0,3
Inayda,0,3,3
Inayin,3,0,3
Inaylah,0,3,3
Inayli,0,3,3
Inayma,0,3,3
Inaynah,0,3,3
Inayssa,0,3,3
Inazio,3,0,3
Inbae,3,0,3
Inberdina,0,3,3
Inbraciadhinia,0,3,3
Inçaf,0,3,3
Incaf,0,3,3
Incar,3,0,3
Incarnita,0,3,3
Incelmo,3,0,3
Incey,0,3,3
Incha,0,3,3
Inchala,0,3,3
Inchanalie,3,0,3
Inchanie,0,3,3
Inchelita,0,3,3
Incher,0,3,3
Inchór,3,0,3
Inchoriley,3,0,3
Inciay,0,3,3
Incilâ,0,3,3
İncilay,0,3,3
Incilaya,0,3,3
İncili,0,3,3
Inçinaz,0,3,3
Incinur,0,3,3
Inck,3,0,3
Incke,0,3,3
Incomio,0,3,3
Indaba,0,3,3
Indah-Mawar,0,3,3
Indahjani,0,3,3
Indahsari,0,3,3
Indaia,0,3,3
Indal,3,0,3
Indalencio,3,0,3
Indar,3,0,3
Indara,3,0,3
Indardat,3,0,3
Indaria,0,3,3
Indarinie,0,3,3
Indarjeetsingh,3,0,3
Indarto,3,0,3
Indasusanti,0,3,3
Indat,3,0,3
Indé,0,3,3
Inde-Alia,0,3,3
Indee,0,3,3
Indeli,0,3,3
Indelmar,3,0,3
Indenpencia,0,3,3
Independence,0,3,3
Inderawaty,0,3,3
Inderdeep,0,3,3
Inderdeth,3,0,3
Inderdjiet,3,0,3
Inderdjietsing,3,0,3
Inderjay,3,0,3
Inderjot,3,0,3
Inderk,3,0,3
Inderkoemar,3,0,3
Inderlie,0,3,3
Indermanie,3,0,3
Inderpalsingh,3,0,3
Inderprakash,3,0,3
Inderpriet,3,0,3
Inderraaj-Anand,3,0,3
Indersen,3,0,3
Indersing,3,0,3
Inderveer,3,0,3
Inderwatie,0,3,3
Indes,3,0,3
Indesh,3,0,3
Indezon,3,0,3
Indhadeeq,0,3,3
Indhau,3,0,3
Indher,0,3,3
Indhiya,0,3,3
Indi-Anah,3,0,3
Indi-anna,0,3,3
Indi-Danitsja,0,3,3
Indi-Eva,0,3,3
Indi-Lennon,3,0,3
Indi-Maven,3,0,3
Indi-Rain,0,3,3
Indi-Sun,0,3,3
Indía,0,3,3
India-Catalina,0,3,3
India-Chloë,0,3,3
India-Grace,0,3,3
India-Lourdes,0,3,3
India-Rosa,0,3,3
India-Rose,0,3,3
India-Seven,0,3,3
Indiamar,3,0,3
Indiamara,0,3,3
Indiamari,0,3,3
Indiana-Jo,0,3,3
Indianè,0,3,3
Indianette,0,3,3
Indianna,0,3,3
Indiano,3,0,3
Indianola-Clara-Elizabeth,0,3,3
Indiara,0,3,3
Indiaysha,0,3,3
Indie-Mae,0,3,3
Indie-Noëlle,0,3,3
Indie-rose,0,3,3
Indiego,3,0,3
Indigianti,0,3,3
Indigo-Jane,0,3,3
Indigofera,0,3,3
Indih,0,3,3
Indii,0,3,3
Indiira,0,3,3
Indij,0,3,3
Indija,0,3,3
Indik,3,0,3
Indike,3,0,3
Indinho,3,0,3
Indinhy,0,3,3
Indiño,3,0,3
Indique,0,3,3
Indira-Eden,0,3,3
Indiraya,0,3,3
Indirayani,0,3,3
Indirha,0,3,3
Indisja,0,3,3
Inditia,0,3,3
Indivancely,0,3,3
Indíya,0,3,3
Indīya,0,3,3
Indiyali,0,3,3
Indiyana,0,3,3
Indjaïsa,0,3,3
Indjari,0,3,3
Indjeelgatoen,0,3,3
Indjefar,0,3,3
Indjenaya,0,3,3
Indjenely,0,3,3
Indjha,0,3,3
Indjira,0,3,3
Indjiris,0,3,3
Indjoirson,3,0,3
Indjomaira,0,3,3
Indmäl,3,0,3
Indo,3,0,3
Indocentia,0,3,3
Indodakazi,0,3,3
Indonal,3,0,3
Indoniella,0,3,3
Indrá,0,3,3
Indra-Ayu,0,3,3
Indra-dewa,3,0,3
Indra-Wattin,0,3,3
Indradebi,0,3,3
Indradevie,0,3,3
Indradew,3,0,3
Indradj,3,0,3
Indradjaja,3,0,3
Indrahoetie,0,3,3
IndraJaya,3,0,3
Indrajeet,3,0,3
Indrakoemarie,0,3,3
Indramawati,0,3,3
Indranathi,3,0,3
Indraniedewie,0,3,3
Indranil,3,0,3
Indrany,0,3,3
Indraprabowo,3,0,3
Indrasih,0,3,3
Indrasta,3,0,3
Indrati,0,3,3
Indrawathie,0,3,3
Indrawatti,0,3,3
Indrawirjani,0,3,3
Indrayana,3,0,3
Indrayanti,0,3,3
Indrayati,0,3,3
Indrayono,3,0,3
Indrejietsing,3,0,3
Indrekoemar,3,0,3
Indrenand,3,0,3
Indrenath,3,0,3
Indrepersad,3,0,3
Indrewatie,0,3,3
Indrhi,0,3,3
Indrianati,0,3,3
Indrianie,0,3,3
Indriano,3,0,3
Indriany,0,3,3
Indriasari,0,3,3
Indriaty,0,3,3
Indriawiduri,0,3,3
Indrick,3,0,3
Indriël,3,0,3
Indrijani,0,3,3
Indrijati,0,3,3
Indrijatno,3,0,3
Indrina,0,3,3
Indrinasari,0,3,3
Indris,0,3,3
Indrit,3,0,3
Indriyajay,3,0,3
Indriyati,0,3,3
Indse,3,0,3
Indske,0,3,3
Indueja,0,3,3
Induna,0,3,3
Indunil,3,0,3
Industrius,3,0,3
indy,0,3,3
Indy-Arie,0,3,3
Indy-Cheyenne,0,3,3
Indy-Eléona,0,3,3
Indy-Fleur,0,3,3
Indy-Irene,0,3,3
Indy-Izabella,0,3,3
Indy-Jace,0,3,3
Indy-Jayne,0,3,3
Indy-Joëlle,0,3,3
Indy-Joy,0,3,3
Indy-June,0,3,3
Indy-Lillou,0,3,3
Indy-Luna,0,3,3
Indy-Maé,0,3,3
Indy-Mae,0,3,3
Indy-shanti,0,3,3
Indy-Siana,0,3,3
Indy-Yae,0,3,3
Indýa,0,3,3
Indya-Raven,0,3,3
Indyah,0,3,3
Indyanola,0,3,3
Indyka,3,0,3
Indynah,0,3,3
Indyrah,0,3,3
Indysa,0,3,3
Indzia,0,3,3
Ine-Belle,0,3,3
Ine-Elise,0,3,3
Ine-Joy,0,3,3
Ine-Lou,0,3,3
Ine-Louise,0,3,3
Ine-Marie,0,3,3
Ine-Mieke,0,3,3
Ine-Sophie,0,3,3
Ine-Trees,0,3,3
Ine-Vera,0,3,3
Ine-Will,0,3,3
Ineah,0,3,3
Inechio,3,0,3
Inecia,0,3,3
Ineda,0,3,3
Inedt,0,3,3
Inee,0,3,3
Ineé,0,3,3
Ineem,0,3,3
Inegbenoje,3,0,3
Ineh,0,3,3
Ineka,0,3,3
Inéke,0,3,3
Ineke-Tjaaktje,0,3,3
Inel,3,0,3
Inèl,0,3,3
Inelberth,3,0,3
Inelda,0,3,3
Ineldina,0,3,3
Inelia,0,3,3
Inelie,0,3,3
Inelke,0,3,3
Inèlke,0,3,3
Inelli,0,3,3
Inelotte,0,3,3
Inema,3,0,3
Inemarg,0,3,3
Inemaria,0,3,3
Inemarieke,0,3,3
Inemarije,0,3,3
Inemesitabasi,0,3,3
Inemoon,0,3,3
Inena,0,3,3
Inence,0,3,3
Inengha,0,3,3
Ineo,3,0,3
Inerbrawen,0,3,3
Ineriek,0,3,3
Iňes,0,3,3
Iñés,0,3,3
Iñes,0,3,3
Inesca,0,3,3
Iñesh,0,3,3
Inesio,3,0,3
Inesita,0,3,3
Ineska,0,3,3
Inèssa,0,3,3
Inèsz,0,3,3
Inetta,0,3,3
Inéya,0,3,3
Ineyah,0,3,3
Ineysa,0,3,3
Ineź,0,3,3
Inez-Izabella,0,3,3
Inez-Marlies,0,3,3
Inèza,0,3,3
Inèze,0,3,3
Inezea,3,0,3
Inezio,3,0,3
Ineztha,0,3,3
Infairio,0,3,3
Infairo,3,0,3
Infamia,0,3,3
Infante,3,0,3
Infiniti,0,3,3
Infrid,0,3,3
Infun,0,3,3
Infunsaneraro,0,3,3
Infunwairowin,0,3,3
Inga-Lill,0,3,3
Inga-Maria,0,3,3
Inga-Marinka,0,3,3
Ingabilay,0,3,3
Ingabilé,0,3,3
Ingabrit,0,3,3
Ingald,3,0,3
Ingalice,0,3,3
Ingalill,0,3,3
Ingamar,0,3,3
Inganna,0,3,3
Ingarenan,0,3,3
Ingarit,0,3,3
Ingata,0,3,3
Ingbart,3,0,3
Ingberd,3,0,3
Ingbertus,3,0,3
Ingborg,0,3,3
Ingbrit,0,3,3
Ingbritt,0,3,3
IngBritt,0,3,3
Ingca,0,3,3
Ingchel,0,3,3
Ingco,3,0,3
Ingdrissa,0,3,3
Inge-Ange,0,3,3
Inge-Brit,0,3,3
Inge-Christien,0,3,3
Inge-Christine,0,3,3
Inge-Claire,0,3,3
Inge-Frida,0,3,3
Inge-Hester,0,3,3
Inge-Joy,0,3,3
Inge-Judith,0,3,3
Inge-Kirsten,0,3,3
Inge-Lien,0,3,3
Inge-Lore,0,3,3
Inge-Lot,0,3,3
Inge-Lou,0,3,3
Inge-Margreet,0,3,3
Inge-Margriet,0,3,3
Inge-Marij,0,3,3
Inge-Marije,0,3,3
Inge-marije,0,3,3
Inge-Marleen,0,3,3
Inge-Marrit,0,3,3
Inge-Roeliena,0,3,3
Inge-Roos,0,3,3
Ingebalda,0,3,3
Ingeberte,0,3,3
Ingebjürg,0,3,3
Ingebjørg,0,3,3
Ingebo,0,3,3
Ingeborch,0,3,3
Ingeborg-Daniëlle,0,3,3
Ingeborg-Désirée,0,3,3
Ingeborg-Francis,0,3,3
Ingeborg-Louise,0,3,3
Ingeborga,0,3,3
Ingeborn,0,3,3
Ingebrid,0,3,3
Ingebrigt,3,0,3
Ingebrit,0,3,3
Ingedina,0,3,3
Ingeëndreally,0,3,3
Ingeera,0,3,3
Ingega,0,3,3
Ingegard,0,3,3
Ingegetha,0,3,3
Ingéla,0,3,3
Ingelaar,0,3,3
Ingelanda,0,3,3
Ingêle,0,3,3
Ingelě,0,3,3
Ingeleen,0,3,3
Ingelein,0,3,3
Ingeleiv,0,3,3
Ingelene,0,3,3
Ingelhart,3,0,3
Ingelia,0,3,3
Ingeliano,3,0,3
Ingelice,0,3,3
Ingeliene,0,3,3
Ingeliesje,0,3,3
Ingelijn,0,3,3
Ingelis,0,3,3
Ingeliseth,3,0,3
Ingelke,0,3,3
Ingellan,0,3,3
Ingelles,0,3,3
Ingelmar,3,0,3
Ingelmardo,3,0,3
Ingeloes,0,3,3
Ingelsmar,3,0,3
Ingelyse,0,3,3
Ingelyxe,0,3,3
Ingemaj,0,3,3
Ingemara,0,3,3
Ingemari,0,3,3
Ingemaria,0,3,3
Ingemarij,0,3,3
Ingemarit,0,3,3
Ingemund,0,3,3
Ingéna,0,3,3
Ingenaira,0,3,3
Ingenate,0,3,3
Ingenatia,0,3,3
Ingenatie,0,3,3
Ingenaz,0,3,3
Ingenetje,0,3,3
Ingeni,0,3,3
Ingenitus,3,0,3
Ingeñor,3,0,3
Ingenore,0,3,3
Ingèr,0,3,3
Inger-Britt,0,3,3
Inger-Elze,0,3,3
Inger-Iselin,0,3,3
Inger-Johanne,0,3,3
Inger-Liv,0,3,3
Inger-Margit,0,3,3
Inger-Marije,0,3,3
Inger-Sophie,0,3,3
Ingéra,0,3,3
Ingerd,3,0,3
Ingeri,0,3,3
Ingeria,0,3,3
Ingeriek,0,3,3
Ingerit,3,0,3
Ingermar,3,0,3
Ingermud,0,3,3
Ingerson,3,0,3
Ingertruda,0,3,3
Ingery,0,3,3
Ingeryerd,0,3,3
Inges,0,3,3
Ingetraud,0,3,3
Ingetraut,0,3,3
Ingetta,0,3,3
Ingeva,0,3,3
Ingey,0,3,3
Ingeyla,0,3,3
Ingfar,3,0,3
Ingfelde,0,3,3
Ingfield,0,3,3
Ingfri,0,3,3
Ingfrieda,0,3,3
Inggélina,0,3,3
Inggelina,0,3,3
Inghar,3,0,3
Inghean,0,3,3
Ingheborg,0,3,3
Inghen,0,3,3
Inghinn,0,3,3
Inghinne,0,3,3
Inghold,0,3,3
Ingia,0,3,3
Ingianairy,0,3,3
Ingibjörg,0,3,3
Ingiil,0,3,3
Ingila,0,3,3
Ingilius,3,0,3
Ingilt,0,3,3
Ingily,0,3,3
Ingimar,3,0,3
Ingin,3,0,3
Inginayro,3,0,3
Inginia,0,3,3
Ingiro,3,0,3
Ingjard,0,3,3
Ingjeborg,0,3,3
Ingke,0,3,3
Ingko,3,0,3
Ingkur,0,3,3
Ingla,0,3,3
Ingler,0,3,3
Inglis,0,3,3
Inglitha,0,3,3
Ingma,0,3,3
Ingmarie,0,3,3
Ingmarr,3,0,3
Ingmarson,3,0,3
Ingna,0,3,3
Ingnar,3,0,3
Ingnas,3,0,3
Ingnatia,0,3,3
Ingnax,3,0,3
Ingnazio,3,0,3
Ingnita,0,3,3
Ingoaldus,3,0,3
Ingobart,3,0,3
Ingoberga,0,3,3
Ingocentius,3,0,3
Ingola,0,3,3
Ingoldby,3,0,3
Ingolouska,0,3,3
Ingombe,3,0,3
Ingonde,0,3,3
Ingot,3,0,3
Ingraam,3,0,3
Ingradus,3,0,3
Ingrame,3,0,3
Ingrazia,0,3,3
Ingre,0,3,3
Ingrete,0,3,3
Ingretta,0,3,3
Ingriano,3,0,3
Ingrid-Birgitta,0,3,3
Ingrid-Desirée,0,3,3
Ingrid-Ellen,0,3,3
Ingrid-Erica,0,3,3
Ingrid-Florentine,0,3,3
Ingrid-John,0,3,3
Ingrid-Kirsten,0,3,3
Ingrid-Marie,0,3,3
Ingrid-Sophie,0,3,3
Ingridan,0,3,3
Ingriddina,0,3,3
Ingridia,0,3,3
Ingridina,0,3,3
Ingridsdochter,0,3,3
Ingrie,0,3,3
Ingrielle,0,3,3
Ingrita,0,3,3
Ingritte,0,3,3
Ingtawan,0,3,3
Inguald,3,0,3
Inguilo,3,0,3
Ingumar,3,0,3
Ingunde,0,3,3
Ingvard,3,0,3
Ingvelde,0,3,3
Ingver,3,0,3
Ingvield,0,3,3
Ingvild-Ilse,0,3,3
Ingvill,0,3,3
Ingwald,3,0,3
Ingwell,0,3,3
Ingwerd,3,0,3
Ingwerda,0,3,3
Ingwi,3,0,3
Ingwy,0,3,3
Inhaxio,3,0,3
Inhez,0,3,3
Inhua,0,3,3
Ini-Colette,0,3,3
Inian,3,0,3
Iniana,0,3,3
Iniane,0,3,3
Iniate,0,3,3
Inica,0,3,3
Inicia,0,3,3
Inieka,0,3,3
Iniën,0,3,3
Iniez,0,3,3
Inigelly,0,3,3
Inígo,3,0,3
Iniha,0,3,3
Inika-Devi,0,3,3
Iniki,0,3,3
Iniko,0,3,3
Inim,0,3,3
Inind,0,3,3
Inirita,0,3,3
Inisa,0,3,3
Init,0,3,3
Inity,3,0,3
Inivhoya,0,3,3
Iniya,0,3,3
Iniyavan,3,0,3
Iniyawan,3,0,3
Iniz,0,3,3
Injac,0,3,3
Injahname,0,3,3
Injahnelly,0,3,3
Injar,0,3,3
Injeriëne,0,3,3
Injes,0,3,3
Injhomaly,3,0,3
Inji,0,3,3
Injobert,3,0,3
Injodh,3,0,3
Injomar,3,0,3
Injshrah-Marchirah,0,3,3
Inkah,0,3,3
Inkawe,0,3,3
Inkechi,0,3,3
Inkelina,0,3,3
Inkennela,0,3,3
Inkidochter,0,3,3
Inkilap,3,0,3
Inkrid,0,3,3
Inkwar,3,0,3
Inlé,0,3,3
Inli,0,3,3
Inlil,3,0,3
Inly,3,0,3
Inmaggo,3,0,3
Inmanuel,3,0,3
Inmara,0,3,3
Innai,0,3,3
Innamorata,0,3,3
Innapel,0,3,3
Innas,0,3,3
Innaysa,0,3,3
Innbranna,0,3,3
Inné,0,3,3
Inneborg,0,3,3
Innema,0,3,3
Inneri,0,3,3
Innet,0,3,3
Innetta,0,3,3
Innette,0,3,3
Innexentia,0,3,3
Innez,0,3,3
Innik,0,3,3
Innina,0,3,3
Innis-Roy,3,0,3
Inniss,0,3,3
Inniyan,3,0,3
Innocencio,3,0,3
Innocencius,3,0,3
Innocensia,0,3,3
Innocensio,3,0,3
Innocente,3,0,3
Innocentes,3,0,3
Innocenza,0,3,3
Innocia,0,3,3
Innocía,0,3,3
Innoncencio,3,0,3
Innoncentia,0,3,3
Innorah,0,3,3
Innousha,0,3,3
Innouska,0,3,3
Innsaei,3,0,3
Inny-Nanda,0,3,3
Ino-Arjan,3,0,3
Ino-V,3,0,3
Ino-Yntze,3,0,3
Inocean,3,0,3
Inocêncio,3,0,3
Inocent,3,0,3
Inocenta,0,3,3
Inocentha,0,3,3
Inocenties,3,0,3
Inocentina,0,3,3
Inocento,3,0,3
Inocientely,0,3,3
Inoema,0,3,3
Inoeschka,0,3,3
Inoeshka,0,3,3
Inoewentely,0,3,3
Inoey,0,3,3
Inoka,0,3,3
Inolette,0,3,3
Inolies,0,3,3
Inome,0,3,3
Inomi,0,3,3
Inona,0,3,3
Inoncentius,3,0,3
Inong,0,3,3
Inönü,3,0,3
Inore,3,0,3
Inorien,0,3,3
Inorite,0,3,3
Inorsia,0,3,3
Inosencia,0,3,3
Inosencio,3,0,3
Inosente,3,0,3
Inoshan,3,0,3
Inouchka,0,3,3
Inoui,3,0,3
Inouï,0,3,3
Inoura,0,3,3
Inoushka,0,3,3
Inovitch,3,0,3
Inovy,0,3,3
Inowah,3,0,3
Inpajo,3,0,3
Inq,3,0,3
Inrica,0,3,3
Inrine,0,3,3
Ins,3,0,3
Insaafali,3,0,3
Insafe,0,3,3
Insam,0,3,3
Insamber,0,3,3
Insar,0,3,3
Insawaires,0,3,3
Inschje,0,3,3
Insejatiningsih,0,3,3
Insel,3,0,3
Inselina,0,3,3
Insenna,0,3,3
Inserah-Yoyce,0,3,3
Inseri,0,3,3
Inshaal,0,3,3
Inshan,3,0,3
Inshare,0,3,3
Insharra,0,3,3
Inshélly,0,3,3
Inshera,0,3,3
Inshira,0,3,3
Inshiraah,0,3,3
Inshuanë,0,3,3
Insia,0,3,3
Insine,0,3,3
Insje,0,3,3
Insos-Mathilda,0,3,3
Insperee,0,3,3
Inspiratie,0,3,3
Inssaaf,0,3,3
Inssar,3,0,3
Insu,0,3,3
Insü,0,3,3
Insula,0,3,3
Insulinde,0,3,3
Insyur,3,0,3
Intaaz,3,0,3
Intaferja,0,3,3
Intalina,0,3,3
Intasar,0,3,3
Intashyo,0,3,3
Intaz,3,0,3
Intesaar,0,3,3
Inthanon,3,0,3
Intharin,3,0,3
Inthas,3,0,3
Inthenoe,0,3,3
Inthikka,0,3,3
Inthuja,0,3,3
Inthujan,3,0,3
Inthumathulan,3,0,3
Inthuya,0,3,3
Inti-Munay,0,3,3
Intia,0,3,3
Intiaaz-ali,3,0,3
Intifah,0,3,3
Intini,0,3,3
Intisaf,0,3,3
Intisare,0,3,3
Intizara,0,3,3
Intske,0,3,3
Intty-Ann,0,3,3
Inty,0,3,3
Intyago,3,0,3
Intyaz,3,0,3
Inua,0,3,3
Inuck,3,0,3
Inudja,3,0,3
Inuït,3,0,3
Inula,0,3,3
Inum,0,3,3
Inung,3,0,3
Invajo,3,0,3
Invecion,0,3,3
Invencion,0,3,3
Invension,3,0,3
Invivo,0,3,3
Inwa,3,0,3
Inwaranda,0,3,3
Inwardo,0,3,3
Inwe,0,3,3
Inxiomar,3,0,3
Inyan,3,0,3
Inyene,0,3,3
Inyomar,3,0,3
Inytsia,0,3,3
Inz,0,3,3
Inzaghi,3,0,3
Inzah,0,3,3
Inzal,3,0,3
Inzamaam,3,0,3
Inzane,3,0,3
Inzar,0,3,3
Inzea,0,3,3
Inzel,0,3,3
Inzio,3,0,3
Inzomar,3,0,3
Inzu,3,0,3
Inzy,0,3,3
Io-Lynne,0,3,3
Io-Nymuee,0,3,3
Ioachim,3,0,3
Ioachime,3,0,3
Ioala,0,3,3
Ióan,3,0,3
Ioane,3,0,3
Ioanes,3,0,3
Ioanica,3,0,3
Ióannèn,3,0,3
Ioánnes,3,0,3
Ioas,3,0,3
Iob,3,0,3
Iocaste,0,3,3
Iody,3,0,3
Iohan,3,0,3
Iohann,3,0,3
Iohannis,3,0,3
Iokaste,0,3,3
Iolaïna,0,3,3
Iolande,0,3,3
Iolani,0,3,3
Iolaos,3,0,3
Iolas,3,0,3
Iolaüs,3,0,3
Iolaysa,0,3,3
Iolen,0,3,3
Iolenthe,0,3,3
Ioli,3,0,3
Iolie,0,3,3
Iolyn,3,0,3
Ioma,0,3,3
Iomar,3,0,3
Iomée,0,3,3
Iomi,0,3,3
Iomo,3,0,3
Iomy,0,3,3
Ionasc,3,0,3
Ionatán,3,0,3
Ionda,0,3,3
Ioné,0,3,3
Ionée,0,3,3
Ionella,0,3,3
Iones,3,0,3
Ioney,0,3,3
Ionia,0,3,3
Ionieke,0,3,3
Ionin,0,3,3
Ionnes,3,0,3
Ionno,3,0,3
Iora,0,3,3
Ioran,3,0,3
Iorana,0,3,3
Iordana,0,3,3
Iorgos,3,0,3
Iori,3,0,3
Iorinde,0,3,3
Iorio,3,0,3
Iorus,3,0,3
Iorwerth,3,0,3
Iosa,0,3,3
Iosca,0,3,3
Iosebawna,0,3,3
Iosee,0,3,3
Ioshua,3,0,3
Iosifovich,3,0,3
Iosina,0,3,3
Ioska,0,3,3
Iosta,0,3,3
Iosu,3,0,3
Iosua,3,0,3
Iouan,3,0,3
Ioulios,3,0,3
Iourjewitch,3,0,3
Iourjewna,0,3,3
Iovan,3,0,3
Iovanna,0,3,3
Ioviano,3,0,3
Iovina,0,3,3
Iowah,0,3,3
Ip-In,3,0,3
Ip-Sung,3,0,3
Ipa,0,3,3
Ipare,0,3,3
Iparhan,0,3,3
Ipas,3,0,3
Ipedina,0,3,3
Ipejelle,3,0,3
Ipek-Dursun,0,3,3
Ipek-Ece,0,3,3
Ipeus,3,0,3
Iphael,3,0,3
Iphanius,3,0,3
Iphanuël,3,0,3
Iphegenië,0,3,3
Iphigene,0,3,3
Iphigéneia,0,3,3
Iphigenie,0,3,3
Iphimedeia,0,3,3
Iphnan,0,3,3
Iphona,0,3,3
Iphonsia,0,3,3
Iphora,0,3,3
Iphrahim,3,0,3
Iphraïm,3,0,3
Iphy,0,3,3
Iphydes,3,0,3
Ipje,0,3,3
Ipkiena,0,3,3
Ipkina,0,3,3
Ipkje,0,3,3
Ipo-Jan,3,0,3
Ipokrates,3,0,3
Ipolina,0,3,3
Ipomwosa,3,0,3
Ipongo,3,0,3
Ippocratis,3,0,3
Ippokratis,3,0,3
Ippolito,3,0,3
Iprissa,0,3,3
Iprooh,0,3,3
Ipshita,0,3,3
Iptessam,0,3,3
Iptisam,0,3,3
Iqaan,3,0,3
Iqbaar,3,0,3
Iqbel,0,3,3
Iqben,3,0,3
Iqeunio,3,0,3
Iqnâz,3,0,3
Iqraa,0,3,3
Iqramul,3,0,3
Iqraqani,0,3,3
Iqua,0,3,3
Iquerma,0,3,3
Iquique,0,3,3
Iquisha,0,3,3
Ir-son,3,0,3
Ira-Lisa,0,3,3
Iraash,3,0,3
Iraaz,3,0,3
Irabella,0,3,3
Iraci,0,3,3
Iracilda,0,3,3
Iracy,0,3,3
Irade,0,3,3
Iradj,3,0,3
Iraelia,0,3,3
Iraem,0,3,3
Iraes,0,3,3
Irafet,3,0,3
Iragi,0,3,3
Irahuza,0,3,3
Iraia,0,3,3
Iraiah,0,3,3
Irainys,0,3,3
Iraiola,0,3,3
Iraischa,0,3,3
Iraïsha,0,3,3
Iraiya,0,3,3
Iraïyah,0,3,3
Iraiza,0,3,3
Iraizha,0,3,3
Iraji,3,0,3
Irak,3,0,3
Irakli,3,0,3
Iralda,0,3,3
Iramawati,0,3,3
Irande,0,3,3
Irane,0,3,3
Iraneemely,0,3,3
Iranga,3,0,3
Iranidebi,0,3,3
Iranila,0,3,3
Iranisio,3,0,3
Iraniya,0,3,3
Iranke,0,3,3
Irankunda,3,0,3
Iranur,0,3,3
Irasey,0,3,3
Irasia,0,3,3
Irath,0,3,3
Iratxe,0,3,3
Irawade,0,3,3
Irawana,0,3,3
Irawatie,0,3,3
Irawaty,0,3,3
Irawo,3,0,3
Irawoneko,3,0,3
İray,0,3,3
Irayfha,0,3,3
Irayme,0,3,3
Irayn,3,0,3
Irayno,3,0,3
Iraysa,0,3,3
Irazgül,0,3,3
Irazya,0,3,3
Irban,3,0,3
Irben,3,0,3
Irberto,3,0,3
Irbing,3,0,3
Ircaad,3,0,3
Irchad,0,3,3
Irchal,3,0,3
Irchell,3,0,3
Irco,3,0,3
Irdie,0,3,3
Irdiputra,3,0,3
Irdiputri,0,3,3
Irea,0,3,3
Ireace,0,3,3
Ireal,3,0,3
Irean,3,0,3
Ireanne,0,3,3
Irebis,0,3,3
Iredia,3,0,3
Iredina,0,3,3
Irëe,0,3,3
Ireem,0,3,3
Ireena,0,3,3
Ireenah,0,3,3
Ireene,0,3,3
Ireenke,0,3,3
Ireia,0,3,3
Ireina,0,3,3
Irej,0,3,3
Irék,3,0,3
Irel,0,3,3
Irela,0,3,3
Ireland,0,3,3
Ireley,0,3,3
Irelis,0,3,3
Irell,3,0,3
Irelson,3,0,3
Irem-Nazli,0,3,3
Irem-Sofia,0,3,3
Irema,0,3,3
Iremgül,0,3,3
İremnur,0,3,3
iremnur,0,3,3
Iremo,3,0,3
Iremone,0,3,3
Irēn,0,3,3
Irên,0,3,3
Irenaco,3,0,3
Irenaisha,0,3,3
Irenäus,3,0,3
Irenca,0,3,3
Irenco,3,0,3
Irenda,0,3,3
Irende,0,3,3
Irendo,3,0,3
Irenë,0,3,3
Irèné,0,3,3
Irene-Cecile,0,3,3
Irene-Dionne,0,3,3
Irene-Kate,0,3,3
Irene-Laura,0,3,3
Irene-Margje,0,3,3
Irene-Marlise,0,3,3
Irene-Shirley,0,3,3
Irenéa,0,3,3
Ireneaus,3,0,3
Irenee,0,3,3
Irénee,3,0,3
Irenes,3,0,3
Irenewsz,3,0,3
Ireng,3,0,3
Irenis,0,3,3
Irènka,0,3,3
Irènke,0,3,3
Irenophora,0,3,3
Irensia,0,3,3
Irente,0,3,3
Irenys,0,3,3
Irenza,0,3,3
Irenzo,3,0,3
Ireoluwayimika,3,0,3
Ireon,3,0,3
Ireón,3,0,3
Iresha,0,3,3
Iretide,0,3,3
Iretiola,0,3,3
Irevaan,3,0,3
Irewanbhor,3,0,3
Ireyne,0,3,3
Irez,0,3,3
Irfa,0,3,3
Irfaanah,0,3,3
Irfaanullah,3,0,3
Irfaaz,3,0,3
Irfam,3,0,3
Irfana,0,3,3
Irfanerdem,3,0,3
Irfhan,3,0,3
Irge,0,3,3
Irguna,0,3,3
Irha,0,3,3
Irhaa,0,3,3
Irhaaz,3,0,3
Irhan,3,0,3
Irhayda,0,3,3
Irhaysa,0,3,3
Irheen,0,3,3
Irí,3,0,3
Iriacinthe,0,3,3
Iriad,0,3,3
Iriah,3,0,3
Irial,3,0,3
Irialis,0,3,3
Iriamita,0,3,3
Irianah,3,0,3
Irianie,0,3,3
Irianne,0,3,3
Iriano,3,0,3
Irianti,0,3,3
Irianto,3,0,3
Irich,3,0,3
Iricia,0,3,3
Irick,3,0,3
Iridessa,0,3,3
Iridi,0,3,3
Iridian,0,3,3
Iriée,0,3,3
Iriel,0,3,3
Iriél,0,3,3
Iriena,0,3,3
Iriéngelly,0,3,3
Iriëntely,0,3,3
Irigitha,0,3,3
Irihie,0,3,3
Iriho,3,0,3
Irijan,0,3,3
Irijanti,0,3,3
Irijenan,0,3,3
Irika,0,3,3
Iriké,0,3,3
Irikee,0,3,3
Irikefe,3,0,3
Iriks,3,0,3
Irikwaihene,3,0,3
Iril,0,3,3
Irilena,0,3,3
Irillio,3,0,3
Irimgard,0,3,3
Irimie,3,0,3
Irina-Devi,0,3,3
Irinaea,0,3,3
Irinaeos,3,0,3
Irinah,0,3,3
Irinde,0,3,3
Irinea,0,3,3
Iríní,0,3,3
Irinisia,0,3,3
Irinn,0,3,3
Irinne,0,3,3
Irino,3,0,3
Iriñoewamo,0,3,3
Irinova,0,3,3
Irinscha,0,3,3
Iriny,0,3,3
Iriobehi,3,0,3
Irion,3,0,3
Iriona,0,3,3
Iripar,3,0,3
Irís,0,3,3
İris,0,3,3
Iris-Arianne,0,3,3
Iris-Carolina,0,3,3
Iris-Chanique,0,3,3
Iris-Demi,0,3,3
Iris-Elizabeth,0,3,3
Iris-Ilione,0,3,3
Iris-Janine,0,3,3
Iris-Jasmijn,0,3,3
Iris-Klaske,0,3,3
Iris-Mae,0,3,3
Iris-Manon,0,3,3
Iris-Sophie,0,3,3
Iris-sophie,0,3,3
Irisabelle,0,3,3
Irisabeth,0,3,3
Irisalomi,0,3,3
Irisan,3,0,3
Irisanna,0,3,3
Irisati,0,3,3
Irischiana,0,3,3
Iriselle,0,3,3
Irisgil,0,3,3
Irishelmar,3,0,3
Irishkumar,3,0,3
Irisio,3,0,3
Irisjen,0,3,3
Irisjka,0,3,3
Irisjoana,0,3,3
Iriso,3,0,3
Irison,3,0,3
Irista,0,3,3
Irisyeita,0,3,3
Irita,0,3,3
Iritsia,0,3,3
Irius,3,0,3
Iriya,3,0,3
Iriyda,0,3,3
Iriza,0,3,3
Irize,0,3,3
Irizoldi,0,3,3
Irjana,0,3,3
Irjanda,0,3,3
Irjedriën,3,0,3
Irjem,0,3,3
Irjin,3,0,3
Irke,0,3,3
Irke-Marjen,0,3,3
Irken,3,0,3
Irky,0,3,3
Irlain,0,3,3
Irlando,3,0,3
Irlanovitsj,3,0,3
Irleen,0,3,3
Irlen,3,0,3
Irlena,0,3,3
Irléne,0,3,3
Irli,0,3,3
Irlienne,0,3,3
Irlin,0,3,3
Irlinde,0,3,3
Irma-Elise,0,3,3
Irma-Jacomina,0,3,3
Irma-Monica,0,3,3
Irmagard,0,3,3
Irmagdalena,0,3,3
Irmai,0,3,3
Irmald,3,0,3
Irmalia,0,3,3
Irmalina,0,3,3
Irmaniela,0,3,3
Irmanita,0,3,3
Irmanuel,3,0,3
Irmanuelo,3,0,3
Irmardo,3,0,3
Irmarentia,0,3,3
Irmargart,0,3,3
Irmari,0,3,3
Irmaria,0,3,3
Irmarijke,0,3,3
Irmawan,3,0,3
Irmayanti,0,3,3
Irmayas,3,0,3
Irmayra,0,3,3
Irmbert,3,0,3
Irmbertha,0,3,3
Irmee,0,3,3
Irmée,0,3,3
Irmegard,0,3,3
Irmel,3,0,3
Irmelar,0,3,3
Irmelien,0,3,3
Irmeliene,0,3,3
Irmelijn,0,3,3
Irméline,0,3,3
Irmely,0,3,3
Irmena,0,3,3
Irmengarda,0,3,3
Irmengarde,0,3,3
Irmeno,3,0,3
Irmfried,3,0,3
Irmgaard,0,3,3
Irmgard-Anna,0,3,3
Irmgradis,0,3,3
Irmhard,3,0,3
Irmhardt,0,3,3
Irmhen,0,3,3
Irmhild-Marritte,0,3,3
Irmhilda,0,3,3
Irmice,0,3,3
Irmie,0,3,3
Irmila,0,3,3
Irmilia,0,3,3
Irminalda,0,3,3
Irminbert,0,3,3
Irmingardis,0,3,3
Irminger,3,0,3
Irminie,0,3,3
Irminlinde,0,3,3
Irmis,0,3,3
Irmito,3,0,3
Irmlind,0,3,3
Irmonj,0,3,3
Irmosa,0,3,3
Irmtrüd,0,3,3
Irmula,0,3,3
Irmundt,3,0,3
Irmuska,0,3,3
Irnarsha,0,3,3
Irnaysha,0,3,3
Irnbrana,0,3,3
Irnel,3,0,3
Irngrid,0,3,3
Irnie,0,3,3
Irny,0,3,3
Iró,0,3,3
Irodion,3,0,3
Iroghama,3,0,3
Iroidy,3,0,3
Irolan,3,0,3
Iroland,3,0,3
Irolayh,0,3,3
Iroleena,0,3,3
Iroma,0,3,3
Iromgarda,0,3,3
Iromy,0,3,3
Ironde,3,0,3
Irondus,3,0,3
Ironé,0,3,3
Ironea,0,3,3
Ironee,0,3,3
Ironica,0,3,3
Ironie,0,3,3
Ironimeo,3,0,3
Ironimus,3,0,3
Ironius,3,0,3
Ironne,0,3,3
Iroqeena,0,3,3
Iroquoi,3,0,3
Iroquois,3,0,3
Iroschka,0,3,3
Iroseyike,0,3,3
Iroska,0,3,3
Irowa,0,3,3
Irpan,3,0,3
Irphin,3,0,3
Irrahman,3,0,3
Irraj,0,3,3
Irrem,0,3,3
Irrena,0,3,3
Irriane,0,3,3
Irriberto,3,0,3
Irridy,0,3,3
Irrina,0,3,3
Irry-Jean,0,3,3
Irša,0,3,3
Irsaad,3,0,3
Irsaadh,3,0,3
Irsadee,0,3,3
Irsalien,0,3,3
Irsanjee,3,0,3
Irsänne,0,3,3
Irşat,3,0,3
Irscha,0,3,3
Irschad,3,0,3
Irscheynha,0,3,3
Irsem,0,3,3
Irsen,0,3,3
Irsh,3,0,3
Irshaad-Ahmed,3,0,3
Irshaad-Ali,3,0,3
Irshad-Ali,3,0,3
Irshad-Hoesein,3,0,3
Irshadali,3,0,3
Irshadhoesein,3,0,3
Irshadkhan,3,0,3
Irshadshah,3,0,3
Irshadurrahman,3,0,3
Irshaf,3,0,3
Irshainy,0,3,3
Irshana,0,3,3
Irshano,3,0,3
Irshayed,3,0,3
Irshen,3,0,3
Irshi,3,0,3
Irshia,0,3,3
Irshita,0,3,3
Irshkienne,0,3,3
Irsiya,0,3,3
Irsjadhoesein,3,0,3
Irske,0,3,3
Irsy,0,3,3
Irsya,0,3,3
Irtaza,3,0,3
Irtika,0,3,3
Irtischa,0,3,3
Irtza,3,0,3
Irtzaa,3,0,3
Iru,3,0,3
Irudin,3,0,3
Irudinaden,3,0,3
Irun,3,0,3
Irune,0,3,3
Irupe,0,3,3
Iruschka,0,3,3
Irusia,0,3,3
Irv,3,0,3
Irvain,3,0,3
Irvaliëne,0,3,3
Irvaloeska,0,3,3
Irvani,3,0,3
Irvania,0,3,3
Irvansyah,3,0,3
Irvelien,0,3,3
Irviana,0,3,3
Irvianny,0,3,3
Irvién,0,3,3
Irviena,0,3,3
Irviënnise,0,3,3
Irviëtte,0,3,3
Irvinella,0,3,3
Irvingia,0,3,3
Irvingill,3,0,3
Irvingly,3,0,3
Irvingnho,3,0,3
Irvington,3,0,3
Irvinio,3,0,3
Irvinson,3,0,3
Irvmayël,3,0,3
Irvyandall,3,0,3
Irwaan,3,0,3
Irwansyah,3,0,3
Irwijn,3,0,3
Irwing,3,0,3
Irwo,3,0,3
Irwyn,3,0,3
Iryal,3,0,3
Iryan,3,0,3
Iryandi,3,0,3
Iryani,0,3,3
Iryanka,0,3,3
Iryantho,3,0,3
Irysia,0,3,3
Iryss,0,3,3
Irzad,3,0,3
Irzha,0,3,3
Irzhaad,3,0,3
Is'mâil,3,0,3
Is-haak,3,0,3
Isá,3,0,3
Isa'Joëlle,0,3,3
Isa'norah,0,3,3
Isa-al-Qasim,3,0,3
Isa-Bente,0,3,3
Isa-Bouzian,3,0,3
Isa-Britt,0,3,3
Isa-Door,0,3,3
Isa-Faye,0,3,3
Isa-Filou,0,3,3
Isa-Gaia,0,3,3
Isa-Jane,0,3,3
Isa-Lee,0,3,3
Isa-Lei,0,3,3
Isa-Lena,0,3,3
Isa-Lin,0,3,3
Isa-Liz,0,3,3
Isa-Lois,0,3,3
Isa-Loïs,0,3,3
Isa-Lot,0,3,3
Isa-Lou,0,3,3
Isa-Mai,0,3,3
Isa-Mara,0,3,3
Isa-Mare,0,3,3
Isa-Maria,0,3,3
Isa-Marij,0,3,3
Isa-Marjo,0,3,3
Isa-Nell,0,3,3
Isa-Nienke,0,3,3
Isa-Noë,0,3,3
Isa-Noëlla,0,3,3
Isa-noëlle,0,3,3
Isa-Noëlle,0,3,3
Isa-Romée,0,3,3
Isa-Romy,0,3,3
Isa-Roos,0,3,3
Isa-Rose,0,3,3
Isa-Ruth,0,3,3
Isa-Sofia,0,3,3
Isa-Vajen,0,3,3
Isa-Victoria,0,3,3
Isaä,0,3,3
Isaaac,3,0,3
Isaäak,3,0,3
Isaâc,3,0,3
Isaac-Daniel,3,0,3
Isaac-James,3,0,3
Isaäc-Jan,3,0,3
Isaäca,0,3,3
Isaad,0,3,3
Isaai,3,0,3
Isaain,3,0,3
Isaäk-Jan,3,0,3
Isaäk-Mathias,3,0,3
Isaakje,0,3,3
Isaäkje,0,3,3
Isââm,0,3,3
Isaan,3,0,3
Isaar,0,3,3
Isaay,3,0,3
Isaayah,3,0,3
Isabbela,0,3,3
Isabé,0,3,3
Isabeau-Dannique,0,3,3
Isábel,0,3,3
Isabel-Adriana,0,3,3
Isabel-Alexandra,0,3,3
Isabel-Maria,0,3,3
Isabel-May,0,3,3
Isabel-Rose,0,3,3
Isabelana,0,3,3
Isabelia,0,3,3
Isabellä,0,3,3
isabella,0,3,3
Isabella-Beau,0,3,3
Isabella-Jane,0,3,3
Isabella-Marie,0,3,3
Isabella-Rosaria,0,3,3
Isabella-Shiraz,0,3,3
Isabellah,0,3,3
Isabelle-Aimée,0,3,3
Isabelle-Aline,0,3,3
Isabelle-Anna,0,3,3
Isabelle-Claartje,0,3,3
Isabelle-Marie,0,3,3
Isabelle-Rose,0,3,3
Isabelle-Sophia,0,3,3
Isabellla,0,3,3
Isabello,3,0,3
Isabente,0,3,3
Isabenthe,0,3,3
Isaber,0,3,3
Isabetha,0,3,3
Isabette,0,3,3
Isabina,0,3,3
Isabine,0,3,3
Isable,0,3,3
Isacan,3,0,3
Isacar,3,0,3
Isacc,3,0,3
Isacco,3,0,3
Isachar,3,0,3
Isaciël,3,0,3
Isacio,3,0,3
Isâcqa,0,3,3
Isadé,0,3,3
Isadée,0,3,3
Isadela,0,3,3
Isadevi,0,3,3
Isadorus,3,0,3
Isadur,0,3,3
Isaec,3,0,3
Isael,3,0,3
Isáel,3,0,3
Isaëlle,0,3,3
Isaeyah,3,0,3
Isafara,0,3,3
Isafaye,0,3,3
Isagani,3,0,3
Isaharah,0,3,3
Isahbel,0,3,3
Isaï-Noël,3,0,3
Isai-Zayn,3,0,3
Isaíah,3,0,3
Isaiah-Benjahmin,3,0,3
Isaïah-faé,0,3,3
Isaiah-Ivo,3,0,3
Isàiah-Shamanou,3,0,3
Isaian,3,0,3
Isaiän,3,0,3
Isaïda,0,3,3
Isaïe,3,0,3
Isaië,3,0,3
Isaie,3,0,3
Isaiha-Pattimura,3,0,3
Isaihah,3,0,3
Isaihja,3,0,3
Isaihra,0,3,3
Isaihya,3,0,3
Isaïn,3,0,3
Isaina,0,3,3
Isaïr,3,0,3
Isaireau-Nathan,3,0,3
Isairis,0,3,3
Isaïron,3,0,3
Isairy,0,3,3
Isais,3,0,3
Isaïsa,0,3,3
Isaïsah,3,0,3
Isaïyah,3,0,3
Isaj,3,0,3
Isajah-Leroy,3,0,3
Isajas,3,0,3
Isaka,3,0,3
Isakay-Liasé,0,3,3
Isakh,3,0,3
Isakiel,3,0,3
Isako,0,3,3
Isakson,3,0,3
Isal,3,0,3
Isalabella,0,3,3
Isalde,0,3,3
Isalen,0,3,3
Isáliah,0,3,3
Isalieke,0,3,3
Isalien,0,3,3
Isalinn,0,3,3
Isaloe,0,3,3
Isaloi,0,3,3
Isalore,0,3,3
Isaluna,0,3,3
Isalyne,0,3,3
Isamadien,3,0,3
Isamaira,0,3,3
Isamár,0,3,3
Isamare,0,3,3
Isamarella,0,3,3
Isamawemale,3,0,3
Isambu,3,0,3
Isame,3,0,3
Isameddine,3,0,3
Isamedin,3,0,3
Isamée,0,3,3
Isameira,0,3,3
Isameya,0,3,3
Isamijn,0,3,3
Isamoira,0,3,3
Isamone,0,3,3
Isamuël,3,0,3
Isande,0,3,3
Isandor,3,0,3
Isanel,0,3,3
Isaniël,3,0,3
Isanity,0,3,3
Isaniye,0,3,3
Isanoa,0,3,3
Isanthe,0,3,3
Isantina,0,3,3
Isanya,0,3,3
Isanyo,3,0,3
Isãora,0,3,3
Isaquiel,3,0,3
Isaraï,0,3,3
Isarai,3,0,3
Isaraila,0,3,3
Isaraya,0,3,3
Isarayudh,3,0,3
Isardjiet,3,0,3
Isarea,0,3,3
Isarella,0,3,3
Isarencka,0,3,3
Isaria,0,3,3
Isariah,0,3,3
Isarie,0,3,3
Isarin,0,3,3
Isarumi,0,3,3
Isashi,0,3,3
Isatif,3,0,3
Isatoy,0,3,3
Isatrude,0,3,3
Isatu-tity,0,3,3
Isaude,0,3,3
Isaura-Joy,0,3,3
Isaura-Tara,0,3,3
Isauré,0,3,3
Isauria,0,3,3
Isaurinda,0,3,3
Isauro,3,0,3
Isave,3,0,3
Isavella,0,3,3
Isavie,0,3,3
Isavre,0,3,3
Isawolda,0,3,3
Isay-Jamill,3,0,3
Işaya,3,0,3
Isäya,3,0,3
Isayah-Paul,3,0,3
Isayah-Raelho,3,0,3
Isaye,3,0,3
Isayir,3,0,3
Isayjah,3,0,3
Isayla,0,3,3
Isáyra,0,3,3
Isayren,3,0,3
Isayro,3,0,3
Isayron,3,0,3
Isbah,0,3,3
Isberga,0,3,3
Isbertha,0,3,3
Isbeth,0,3,3
Isbian,3,0,3
Isbister,3,0,3
Isbrant,3,0,3
Ischabella,0,3,3
Ischam,3,0,3
Ischana,0,3,3
Ischaya,0,3,3
Ischaza,0,3,3
Ische,3,0,3
Ischel,0,3,3
Ischico,0,3,3
Ischika,0,3,3
Ischirion,0,3,3
Ischita,0,3,3
Ischkra,3,0,3
Ischmar,3,0,3
Ischrah,0,3,3
Ischrat-Ali,0,3,3
Ischta,0,3,3
Ischu,3,0,3
Ischyrion,0,3,3
Isda,3,0,3
Isdéra,3,0,3
Isdera,0,3,3
Isdiah,0,3,3
Isdo,3,0,3
Isdor,3,0,3
Isè,0,3,3
Ise-Beau,0,3,3
Ise-Bo,0,3,3
Ise-Britt,0,3,3
Ise-Fay,0,3,3
Ise-Fleur,0,3,3
Ise-Jinthe,0,3,3
Ise-Loïs,0,3,3
Ise-Lori,0,3,3
Ise-Lou,0,3,3
Ise-lynn,0,3,3
Ise-Lynn,0,3,3
Ise-Marlinde,0,3,3
Ise-May,0,3,3
Ise-may,0,3,3
Isea-Luna,0,3,3
Iseada,3,0,3
Iseak,3,0,3
Isebell,0,3,3
Iseboud,3,0,3
Isebrandina,0,3,3
Isebrant,3,0,3
Isebrée,0,3,3
Iseck,3,0,3
Isedeau,0,3,3
Iseé,0,3,3
Iseĩ,3,0,3
Isei,3,0,3
Isei-Kaya,3,0,3
Iseïah,3,0,3
Iseikh,3,0,3
Iseja,3,0,3
Iselah,3,0,3
Isèle,0,3,3
Iselia,0,3,3
Isell,0,3,3
Isèlle,0,3,3
Isello,3,0,3
Iselnando,3,0,3
Iselott,0,3,3
Iselyne,0,3,3
Isemare,0,3,3
Isembange,0,3,3
Iseme,0,3,3
Isemijn,0,3,3
Isenbrand,3,0,3
Isendoor,3,0,3
Isene,0,3,3
Isengrim,3,0,3
Isenhart,3,0,3
Iseñia,0,3,3
Isènne,0,3,3
Isenoud,3,0,3
Isentrud,0,3,3
Iséo,0,3,3
Iser,3,0,3
Isérah,0,3,3
Iseran,3,0,3
Iserlini,0,3,3
Iserosa,0,3,3
Iset,0,3,3
Isethy,0,3,3
Iseu,0,3,3
Iseul,0,3,3
Iseya,0,3,3
Iseyah,0,3,3
Iseyas,3,0,3
Isez,0,3,3
Isfaha,0,3,3
Isfahaan,3,0,3
Isfahani,3,0,3
Isfahany,3,0,3
Isfani,0,3,3
Isfar,3,0,3
Isfride,0,3,3
Isfried,3,0,3
Isgoehi,0,3,3
Ish-Raëhl,3,0,3
Isha-Ariana,0,3,3
Isha-Belle,0,3,3
Isha-Devi,0,3,3
Ishaag,3,0,3
Ishaaj,3,0,3
Ishaandeep,3,0,3
Ishaanhoesein,3,0,3
Ishaankapoor,3,0,3
Ishaano,3,0,3
Ishaanvey,0,3,3
Ishaanwir,3,0,3
Ishaaya,0,3,3
Ishaaz,3,0,3
Ishabeau,0,3,3
Ishabella,0,3,3
Ishaëll,0,3,3
Ishaga,3,0,3
Ishah-Deney,0,3,3
Ishaia,0,3,3
Ishaida,0,3,3
Ishaideney,0,3,3
Ishaihely,0,3,3
Ishaima,0,3,3
Ishainahtaly,0,3,3
Ishainelly,0,3,3
Ishairanisha,0,3,3
Ishairda,0,3,3
Ishairie,0,3,3
Ishaisa,0,3,3
Ishaiy-Neally,0,3,3
Ishaiya-Lee,0,3,3
Ishaiya-Naëlly,0,3,3
Ishajayla,0,3,3
Ishamail,3,0,3
Ishamar,0,3,3
Ishamiena,0,3,3
Ishana-Jadí,0,3,3
Ishanadevi,0,3,3
Ishanand,3,0,3
Ishandee,0,3,3
Ishando,3,0,3
Ishandra,0,3,3
Ishandrick,3,0,3
Ishandy,0,3,3
Ishanel,3,0,3
Ishaneyka,0,3,3
Ishanidevi,0,3,3
Ishaniedewie,0,3,3
Ishanika,0,3,3
Ishankoemar,3,0,3
Ishanq,3,0,3
Ishanti,0,3,3
Ishanvidevi,0,3,3
Ishanvie,0,3,3
Ishanvir,3,0,3
Ishanvy,0,3,3
Ishanwer,3,0,3
Ishanwi,0,3,3
Ishaor,3,0,3
Ishâq,3,0,3
Ishaque,3,0,3
Ishare,3,0,3
Isharie,0,3,3
Isharin,3,0,3
Ishariya,0,3,3
Isharry,0,3,3
Ishary,0,3,3
Isharyanto,3,0,3
Ishasha,0,3,3
Ishasna,0,3,3
Ishat,3,0,3
Ishaura,0,3,3
Ishavaino,3,0,3
Ishaviera,0,3,3
Ishavij,0,3,3
Ishayadevi,0,3,3
Ishayed,3,0,3
Ishaykumar,3,0,3
Ishaylee,0,3,3
Ishayndria,0,3,3
Ishayney,0,3,3
Ishayni,0,3,3
Ishayra-Lee,0,3,3
Ishayrha,0,3,3
Ishayron,3,0,3
Ishca,3,0,3
Ishé,3,0,3
Isheanesu,3,0,3
Isheen,3,0,3
Isheeta,0,3,3
Ishèle,0,3,3
Ishelien,0,3,3
Isheline,0,3,3
Ishèlle,0,3,3
Ishemenkia,0,3,3
Ishena,0,3,3
Ishenely,0,3,3
Ishengoma,3,0,3
Isher,3,0,3
Isherali,3,0,3
Isherpreet,3,0,3
Isheya,0,3,3
Ishfag,3,0,3
Ishfahan,3,0,3
Ishfandiyaar,3,0,3
Ishfarah,0,3,3
Ishfehaan,3,0,3
Ishfehania,0,3,3
Ishiah,0,3,3
Ishica,0,3,3
Ishido,3,0,3
Ishietta,0,3,3
Ishijah,3,0,3
Ishikaa,0,3,3
Ishikadevi,0,3,3
Ishilde,0,3,3
Ishill,0,3,3
Ishilly,0,3,3
Ishinta,0,3,3
Ishiqa-Devi,0,3,3
Ishir,3,0,3
Ishista,0,3,3
Ishitar,0,3,3
Ishitta,0,3,3
Ishja,3,0,3
Ishjaar,3,0,3
Ishjah,0,3,3
Ishk,3,0,3
Ishkander,3,0,3
Ishkapoor,3,0,3
Ishkra,0,3,3
Ishla,0,3,3
Ishma,0,3,3
Ishmaal,0,3,3
Ishmaël-Jaïr,3,0,3
Ishmaéla,0,3,3
Ishmaeley,3,0,3
Ishmaëll,3,0,3
Ishmaëlle,0,3,3
Ishmahely,0,3,3
Ishmahiem,3,0,3
Ishmairys,0,3,3
Ishmara,0,3,3
Ishmayra,0,3,3
Ishmée,0,3,3
Ishmeet,3,0,3
Ishminder,3,0,3
Ishmisa,0,3,3
Ishna,0,3,3
Ishni,0,3,3
Isho,3,0,3
Ishola,3,0,3
Ishor,3,0,3
Ishpal,3,0,3
Ishque,3,0,3
Ishra,0,3,3
Ishraaf,3,0,3
Ishraak,3,0,3
Ishratbano,0,3,3
Ishrina,0,3,3
Ishron,3,0,3
Ishruach,3,0,3
Ishry,0,3,3
Ishta,3,0,3
Ishtegar,3,0,3
Ishtiag-Hoesein,3,0,3
Ishtiyaaq,3,0,3
Ishtiyaz,3,0,3
Ishtmita,0,3,3
Ishtvaan,3,0,3
Ishtwan,3,0,3
Ishua,3,0,3
Ishuar,3,0,3
Ishul,3,0,3
Ishura,0,3,3
Ishurwe,0,3,3
Ishvardat,3,0,3
Ishvardath,3,0,3
Ishvardatt,3,0,3
Ishvarjeet,3,0,3
Ishvarkoemar,3,0,3
Ishvarkumar,3,0,3
Ishveen,0,3,3
Ishven,3,0,3
Ishwa,0,3,3
Ishwag,0,3,3
Ishwar-Koemar,3,0,3
Ishwaranand,3,0,3
Ishwarchander,3,0,3
Ishwardathsharma,3,0,3
Ishwardevi,0,3,3
Ishwaresh,3,0,3
Ishwaria,0,3,3
Ishwaridevi,0,3,3
Ishwarji,3,0,3
Ishwarkoemar,3,0,3
Ishwarradj,3,0,3
Ishwary,0,3,3
Ishwaryan,3,0,3
Ishwell,3,0,3
Ishwen,3,0,3
Ishwerdath,3,0,3
Ishwerie,0,3,3
Ishyaan,3,0,3
Ishyani,0,3,3
Ishyano,3,0,3
Ishyla,0,3,3
Ishyna,0,3,3
Isi-Mae,0,3,3
Isiadora,0,3,3
Isïah,3,0,3
Isiaih,3,0,3
Isiaka,3,0,3
Isian,3,0,3
Isiang,0,3,3
Isianne,0,3,3
Isias,3,0,3
Isiatu,0,3,3
Isibabhone,0,3,3
Isic,3,0,3
Isida,0,3,3
Isideau,0,3,3
Isidores,3,0,3
Isidorienne,0,3,3
Isidrian,3,0,3
Isie,0,3,3
Isiefe,3,0,3
Isif,3,0,3
Isikha,0,3,3
Işikhan,3,0,3
Isikhomen,0,3,3
Isikhuemen,3,0,3
Isilay,0,3,3
Isiléne,0,3,3
Isilsu,0,3,3
Işilsu,0,3,3
Isimeime,3,0,3
Isimèmè,0,3,3
Isimemen,0,3,3
Isimenmen,3,0,3
Isin,3,0,3
Işin,0,3,3
Isin-Nur,3,0,3
Isindra,0,3,3
Işıner,3,0,3
Işınsu,0,3,3
Isio,0,3,3
Isiqa,0,3,3
Isiquiel,3,0,3
Isiria,3,0,3
Isís,0,3,3
İsis,0,3,3
Isis-Bella,0,3,3
Isis-Catharina,0,3,3
Isis-Elvira,0,3,3
Isis-Faë,0,3,3
Isis-Faye,0,3,3
Isis-Liv,0,3,3
Isis-maë,0,3,3
Isis-Marley,0,3,3
Isis-Nikita,0,3,3
Isis-Rae,0,3,3
Isis-Yara,0,3,3
Isise,0,3,3
Isita,0,3,3
Isiuwa,0,3,3
Isizele,0,3,3
Isj,3,0,3
Isj-Sjah,0,3,3
Isjaam,3,0,3
Isjaan,3,0,3
Isjairo,3,0,3
Isjan,3,0,3
Isjandro,3,0,3
Isjara,0,3,3
Isjchanovitsj,3,0,3
Isjchanovna,0,3,3
Isje,3,0,3
Isjed,3,0,3
Isjiel,3,0,3
Isjo,3,0,3
Isjolde,0,3,3
Isjsjah,0,3,3
Isjthar,0,3,3
Isjtiaq,3,0,3
Iskaj,3,0,3
Iskamella,0,3,3
Iskandaarof,3,0,3
Iskandrovna,0,3,3
Iskar,3,0,3
Iskaran,3,0,3
Iskayhuari,3,0,3
Iskhander,3,0,3
Iskren,3,0,3
Isla-Rose,0,3,3
Islaa,0,3,3
Islah-Ud-Din,3,0,3
Islám,0,3,3
Islamia,0,3,3
Islamturk,3,0,3
Island,3,0,3
Islande,0,3,3
Islean,0,3,3
Isleya,0,3,3
Isleyni,0,3,3
Isli,0,3,3
Islwyn,3,0,3
Isly,3,0,3
Ismã'il,3,0,3
Isma-iel,3,0,3
Ismaael,3,0,3
Ismaaiel,3,0,3
Ismaal,3,0,3
Ismaarha,0,3,3
Ismaay,0,3,3
Ismad,3,0,3
Ismadali,3,0,3
Ismaêl,3,0,3
Ismaēl,3,0,3
Işmaël,3,0,3
Ismael-Ali,3,0,3
Ismaële,3,0,3
Ismaele,0,3,3
Ismaëli,3,0,3
Ismaëlla,0,3,3
Ismaëly,0,3,3
Ismaen,3,0,3
Ismagil,3,0,3
Ismahal,0,3,3
İsmahan,0,3,3
Ismahene,0,3,3
Ismaï,0,3,3
Ismaijel,3,0,3
Ismâïl,3,0,3
İsmaïl,3,0,3
Ismail-Emirhan,3,0,3
Ismaïla,3,0,3
Ismaile,3,0,3
Ismailhan,3,0,3
Ismailia,0,3,3
Ismaill,3,0,3
İsmailsemi,3,0,3
Ismailyetis,3,0,3
Ismain,3,0,3
Ismaïne,3,0,3
Ismairy,0,3,3
Ismaja,3,0,3
Ismajel,3,0,3
Ismajlo,3,0,3
Ismalda,0,3,3
Ismalino,3,0,3
Ismally,0,3,3
Ismanaël,3,0,3
Ismanee,0,3,3
Ismanie,0,3,3
Ismansyah,3,0,3
Ismanuel,3,0,3
Ismaray,0,3,3
Ismard,3,0,3
Ismarda,0,3,3
Ismarely,0,3,3
Ismari,0,3,3
Ismarinda,0,3,3
Ismatullah,3,0,3
Ismayawati,0,3,3
Ismaye,0,3,3
Ismayïl,3,0,3
Ismayn,0,3,3
Ismed,3,0,3
Ismeheen,0,3,3
Ismël,0,3,3
Ismell,3,0,3
Ismen,3,0,3
Ismeraldo,3,0,3
Ismeralis,0,3,3
Ismeranda,0,3,3
Ismérie,0,3,3
Ismetata,3,0,3
Ismethan,3,0,3
Ismeya,0,3,3
Ismhan,0,3,3
Ismia,0,3,3
Ismiani,0,3,3
Ismiati,0,3,3
Ismiella,0,3,3
Ismiër,3,0,3
Ismijnee,0,3,3
Ismil,3,0,3
Ismina,0,3,3
Ismíni,0,3,3
Isminia,0,3,3
Ismiqül,0,3,3
Ismir,3,0,3
Ismiralda,0,3,3
Ismirralda,0,3,3
Ismit,3,0,3
Ismiye,0,3,3
Ismodin,3,0,3
Ismon,3,0,3
Ismoran,3,0,3
Ismoyo,3,0,3
Ismuni,0,3,3
Ismyanthi,0,3,3
Isnaba,3,0,3
Isnaldy,0,3,3
Isnardia,0,3,3
Isnardine,0,3,3
Isnardus,3,0,3
Isnarti,0,3,3
Isned,0,3,3
Isni,3,0,3
Isnianto,3,0,3
Isnijantho,3,0,3
Isnino,0,3,3
Isnoralda,0,3,3
Isnyanto,3,0,3
Isoaldo,3,0,3
Isobell,0,3,3
Isod,3,0,3
Isodore,3,0,3
Isodoris,3,0,3
Isoe,3,0,3
Isoël,0,3,3
Isoëlla,0,3,3
Isoijel,3,0,3
Isola-del-Sole,0,3,3
Isolabella,0,3,3
Isolanda,0,3,3
Isolande,0,3,3
Isold,0,3,3
Isolde-Marie,0,3,3
Isolicia,0,3,3
Ison,3,0,3
Isona,0,3,3
Isonke,0,3,3
Isonlicia,0,3,3
Isonne,0,3,3
Isorah,0,3,3
Isoray,3,0,3
Isorella,0,3,3
Isorn,3,0,3
Isou,3,0,3
Isoux,0,3,3
Ispahan,3,0,3
Ispiranza,0,3,3
Isquill,3,0,3
Isra'a,0,3,3
Israá,0,3,3
Isrâa,0,3,3
Israà,0,3,3
Israah,0,3,3
Israėl,3,0,3
Israel-James,3,0,3
Israëli,3,0,3
Israeli,3,0,3
Israella,0,3,3
Israëlla-Sarah,0,3,3
Israëllina,0,3,3
Israely,3,0,3
Israf,3,0,3
Israfiel-Mohamed,3,0,3
Israhatun,0,3,3
Israil,3,0,3
Isral,3,0,3
Isralianne,0,3,3
Isralie,0,3,3
Isrami,0,3,3
Isran,3,0,3
Israna,0,3,3
Isranand,3,0,3
Israni,0,3,3
Israniël,3,0,3
Isrânur,0,3,3
Israrhoesein,3,0,3
Israwana,0,3,3
Israyel,3,0,3
Israylis,0,3,3
Isrea,3,0,3
Isrel,3,0,3
Isrendy,3,0,3
Isri-Lara,0,3,3
Isrie,0,3,3
Isriyah,0,3,3
Iss,3,0,3
Issa-Ahmed,3,0,3
Issacar,3,0,3
Issack,3,0,3
Issaco,3,0,3
Issadeen,0,3,3
Issaf,3,0,3
Issaga,3,0,3
Issäh,3,0,3
Issahoesein,3,0,3
Issaï,3,0,3
Issalia,0,3,3
Issalou,0,3,3
Issalyn,0,3,3
Issam-Mouloud,3,0,3
Issameddine,3,0,3
Issandro,3,0,3
Issanka,0,3,3
Issaraphong,3,0,3
Issariah,0,3,3
Issariya,0,3,3
Issaya,0,3,3
Issayas,3,0,3
Isscha,3,0,3
Issebella,0,3,3
Issehak,3,0,3
Issei,3,0,3
Isselotte,0,3,3
Issen,3,0,3
Issenia,0,3,3
Isser,3,0,3
Isserdei,0,3,3
Isserdien,3,0,3
Isshak,3,0,3
Isshiah,3,0,3
Issia,0,3,3
Issiaga,3,0,3
Issiaka,3,0,3
Issidor,3,0,3
Issie,0,3,3
Issir,0,3,3
Issjah,0,3,3
Issmarayni,0,3,3
Issola,0,3,3
Issoria,0,3,3
Issoua,3,0,3
Issrae-Nour,0,3,3
Issur,3,0,3
Istafakoelali,3,0,3
Istagar,3,0,3
Istaih,3,0,3
Istanee,3,0,3
Istantine,0,3,3
Istarlin,0,3,3
Istas,3,0,3
Istefano,3,0,3
Istefansapata,3,0,3
Istefanus,3,0,3
Isterel,0,3,3
Isterida,0,3,3
Isterlin,0,3,3
Istfán,3,0,3
Isthagar,3,0,3
Isthea,0,3,3
Isthyhati,0,3,3
Istiakh,3,0,3
Istiaque,3,0,3
Istifaa,3,0,3
İstiklal,3,0,3
Istiklâl,3,0,3
Istischhad,0,3,3
Istrahel,3,0,3
Istran,3,0,3
Istrelia,0,3,3
Istrelio,3,0,3
Istrey,0,3,3
Istri,0,3,3
Istrija,0,3,3
Istu,3,0,3
Istvaan,3,0,3
Istvån,3,0,3
István-Erik,3,0,3
Istvanka,0,3,3
Istvänne,3,0,3
Isu,0,3,3
Isudas,3,0,3
Isudijal,3,0,3
Isul,3,0,3
Isunaé,0,3,3
Isungi,3,0,3
Isuofia,0,3,3
Isura,0,3,3
Isuru,3,0,3
Isuzu,0,3,3
Isvaldino,3,0,3
Isvan,3,0,3
Isván,3,0,3
Isvanty,0,3,3
Isvara,3,0,3
Isvi,3,0,3
Iswahyudy,3,0,3
Iswalda,0,3,3
Iswan,3,0,3
Iswanti,0,3,3
Iswaran,3,0,3
Iswarbala,0,3,3
Iswardasi,0,3,3
Iswari,0,3,3
Iswarnand,3,0,3
Iswatie,0,3,3
Isweli,3,0,3
Iswendrey,3,0,3
Iswin,3,0,3
Iswue,0,3,3
Isya,0,3,3
Isyah,3,0,3
İsyan,3,0,3
Isyankar,0,3,3
Isyar,3,0,3
Isyara,0,3,3
Isybeäna,0,3,3
Isydor,3,0,3
Isyem,3,0,3
Isyla,0,3,3
Isyss,0,3,3
Iszaac,3,0,3
Iszaak,3,0,3
Iszabelle,0,3,3
Iszaira,0,3,3
Iszak,3,0,3
Iszák,3,0,3
Iszie,0,3,3
Iszmir,3,0,3
Iszraa,0,3,3
Isztar,0,3,3
Itaayhi,0,3,3
Itaca,0,3,3
Itachi,3,0,3
Itah,3,0,3
Itahisa,0,3,3
Itaï,3,0,3
Ital,3,0,3
Italaine,0,3,3
Italiana,0,3,3
Italieko,3,0,3
Italién,0,3,3
Italienna,0,3,3
Italina,0,3,3
Italla,0,3,3
Itam,3,0,3
Itami,0,3,3
Itania,0,3,3
Itanio,3,0,3
Itaqua,0,3,3
Itasham,3,0,3
Itati,0,3,3
Itaty,0,3,3
Itayna,0,3,3
Itaysa,0,3,3
Itchairo,3,0,3
Itchiro,3,0,3
Iteesha,0,3,3
Iteka,0,3,3
Itel,0,3,3
Itelberga,0,3,3
Itelga,0,3,3
Itelvina,0,3,3
Itelvino,3,0,3
Itenaki,0,3,3
Iter,3,0,3
Iterno,3,0,3
Itgen,3,0,3
Ithaar,3,0,3
Ithaca,0,3,3
Ithaï,3,0,3
Ithalee,0,3,3
Ithân,3,0,3
Ithaniël,3,0,3
Ithas,3,0,3
Ithea,0,3,3
Ithen,3,0,3
Itherius,3,0,3
Ithero,3,0,3
Ithiel,3,0,3
Ithih,0,3,3
Ithika,0,3,3
Ithila,0,3,3
Ithiomar,3,0,3
Ithipoln,3,0,3
Ithohan,0,3,3
Ithrane,0,3,3
Ithry,0,3,3
Itidaal,0,3,3
Itidal,0,3,3
Itiën,3,0,3
Itiënne,3,0,3
Itienne,3,0,3
Itiënnovich,3,0,3
Itika,0,3,3
Itikaasan,3,0,3
Itinsa,0,3,3
Itinus,3,0,3
Itiomar,3,0,3
Itira,0,3,3
Itisal,0,3,3
Itisam,0,3,3
Itiya,0,3,3
Itjard,3,0,3
Itjènè,0,3,3
Itjih,0,3,3
Itjin,0,3,3
ITM,0,3,3
Itman,0,3,3
Itohonsa,0,3,3
Itonje,0,3,3
Itouba,3,0,3
Itria,0,3,3
Itsa,0,3,3
Itsala,0,3,3
Itsart,3,0,3
Itschert,3,0,3
Itschje,0,3,3
Itsco,3,0,3
Itseme,0,3,3
Itshak,3,0,3
Itsham,3,0,3
Itsjan,3,0,3
Itsjilla,0,3,3
Itskina,0,3,3
Itskjetta,0,3,3
Itso,3,0,3
Itsoya,0,3,3
Itsshainely,0,3,3
Itsub,0,3,3
Itsvan,3,0,3
Ittamar,3,0,3
Itteke,0,3,3
Ittéman,3,0,3
Itthiphon,3,0,3
Itti,0,3,3
Ittla,0,3,3
Itto,3,0,3
Itu,0,3,3
Itua,3,0,3
Ituah,0,3,3
Itumeleng,3,0,3
Itumezi,0,3,3
Itunuoluwa,0,3,3
Itur,3,0,3
Iturius,3,0,3
Itvar,0,3,3
Itwarie,0,3,3
Itxase,0,3,3
Itylomania,0,3,3
Itzack,3,0,3
Itzáe,3,0,3
Itzamara,0,3,3
Itzamna,3,0,3
Itzchak,3,0,3
Itzél,0,3,3
Itzert,3,0,3
Itzi,0,3,3
Itzia,0,3,3
Itzik,3,0,3
Iuana,0,3,3
Iucundus,3,0,3
Iue,0,3,3
Iuke,0,3,3
Iuliu,3,0,3
Iuna,0,3,3
Iune,0,3,3
Iuniana,0,3,3
Iunjie,3,0,3
Iurilli,0,3,3
Iurmain,3,0,3
Iury,3,0,3
Ius,3,0,3
Iust,3,0,3
Iustin,3,0,3
Iustine,0,3,3
Iustitia,0,3,3
Iuti,3,0,3
Iva-Mae,0,3,3
Iva-Maria,0,3,3
Iva-naysha,0,3,3
Iva-Nova,0,3,3
Ivaay,3,0,3
Ivabèlla,0,3,3
Ivada,0,3,3
Ivae,0,3,3
Ivaen,3,0,3
Ivaena,0,3,3
Ivahka,0,3,3
Ivaiënne,0,3,3
Ivaino,3,0,3
Ivainyo,3,0,3
Ivaio,3,0,3
Ivairéy,3,0,3
Ivaiyen,3,0,3
Ivajlo,3,0,3
Ivalda,0,3,3
Ivaldinha,0,3,3
Ivaldir,3,0,3
Ivali,0,3,3
Ivalí,0,3,3
Ivaline,0,3,3
Ivalnera,0,3,3
Ivamaría,0,3,3
Ivamer,0,3,3
Ivan-Ashiteve,3,0,3
Ivan-Carlos,3,0,3
Ivan-Filipe,3,0,3
Ivan-Joël,3,0,3
Ivàna,0,3,3
Ivâna,0,3,3
Ivanaicha,0,3,3
Ivanaisa,0,3,3
Ivanaj,3,0,3
Ivanaldo,3,0,3
Ivanchello,3,0,3
Ivanchelly,0,3,3
Ivancheney,0,3,3
Ivančica,0,3,3
Ivancka,0,3,3
Ivancke,0,3,3
Ivanco,3,0,3
Ivandana,0,3,3
Ivandelcio,3,0,3
Ivandelly,0,3,3
Ivandjino,3,0,3
Ivando,3,0,3
Ivandra,0,3,3
Ivandrew,3,0,3
Ivandy,0,3,3
Ivanealson,3,0,3
Ivanealy,0,3,3
Ivaneldo,3,0,3
Ivanella,0,3,3
Ivaney,0,3,3
Ivaneza,0,3,3
Ivangellie,0,3,3
Ivangely,0,3,3
Ivangelyno,3,0,3
Ivanhildo,3,0,3
Ivanice,0,3,3
Ivanicha,0,3,3
Ivaniël,3,0,3
Ivaniëll,3,0,3
Ivanilsa,0,3,3
Ivanilson,3,0,3
Ivanin,3,0,3
Ivanir,3,0,3
Ivanius,3,0,3
Ivaniyo,3,0,3
Ivaniza,0,3,3
Ivanka-Mayana,0,3,3
Ivankoe,3,0,3
Ivann,3,0,3
Ivanni,3,0,3
Ivannick,3,0,3
Ivanniël,3,0,3
Ivannige,3,0,3
Ivannïlda,0,3,3
Ivannilio,3,0,3
Ivannilton,3,0,3
Ivánno,3,0,3
Ivanno-Pindon,3,0,3
Ivannyldo,3,0,3
Ivanof,3,0,3
Ivanovych,3,0,3
Ivanow,3,0,3
Ivanowitsch,3,0,3
Ivanowitsj,3,0,3
Ivanowna,0,3,3
Ivans,3,0,3
Ivanteé,3,0,3
Ivantelly,0,3,3
Ivanthy,3,0,3
Ivanti,0,3,3
Ivantley,3,0,3
Ivanttely,0,3,3
Ivanyldo,3,0,3
Ivar-Heikki,3,0,3
Ivar-Jarl,3,0,3
Ivar-Lukas,3,0,3
Ivar-Otto,3,0,3
Ivar-Yari,3,0,3
Ivara,0,3,3
Ivard,3,0,3
Ivardi,3,0,3
Ivardo,3,0,3
Ivaresa,0,3,3
Ivari,3,0,3
Ivariënne,0,3,3
Ivarina,0,3,3
Ivario,3,0,3
Ivarna,0,3,3
Ivaron,3,0,3
Ivarr,3,0,3
Ivary,0,3,3
Ivash,3,0,3
Ivay,3,0,3
Ivayda,0,3,3
Ivaylov,3,0,3
Ivayra,0,3,3
Ivayrah,0,3,3
Ivayran,3,0,3
Ivayren,3,0,3
Ivayrickson,3,0,3
Ivayshree,0,3,3
Ivaz,3,0,3
Ivdorán,3,0,3
Ive'morell,3,0,3
Ivean,3,0,3
Ivebio,3,0,3
Ivee,0,3,3
Iveel,3,0,3
Ivelan,0,3,3
Ivelien,0,3,3
Ivelise,0,3,3
Ivèn-Dean,3,0,3
Ivèn-Storm,3,0,3
Ivenaldo,3,0,3
Ivence,3,0,3
Ivenchaney,0,3,3
Ivenchy,0,3,3
Ivendel,3,0,3
Ivendell,3,0,3
Ivenea,0,3,3
Ivenetey,0,3,3
Ivenity,0,3,3
Ivenjaly,0,3,3
Ivenka,0,3,3
Ivennesharley,0,3,3
Ivens,3,0,3
Ivense,0,3,3
Iventelly,0,3,3
Iveny,0,3,3
Ivenyldo,3,0,3
Ivèr,3,0,3
Iver-Jan,3,0,3
Iverick,3,0,3
Ivernildo,3,0,3
Iveron,3,0,3
Ivest,3,0,3
Ivettha,0,3,3
Ivhainely,0,3,3
Ivhana,0,3,3
Ivhano,3,0,3
Ivhar,3,0,3
Ivho,3,0,3
Ivian,3,0,3
Iviana,0,3,3
Ivianne,0,3,3
Ivianne-Marie,0,3,3
Iviano,3,0,3
Ivié,0,3,3
Ivie-Zonne,0,3,3
Iviek,0,3,3
Iviëlla,0,3,3
Ivien,0,3,3
Iviën,0,3,3
Iviëncherly,0,3,3
Iviënna,0,3,3
Iviènne,0,3,3
Ivijahn,0,3,3
Ivina,0,3,3
Ivindo,3,0,3
Ivine,0,3,3
Ivino,3,0,3
Iviolata,0,3,3
Iviolenne,0,3,3
Iviomar,3,0,3
Ivion,3,0,3
Iviona,0,3,3
Ivionieca,0,3,3
Ivira,0,3,3
Ivis,0,3,3
Ivius,0,3,3
Ivke,0,3,3
Ivko,3,0,3
Ivlite,0,3,3
Ivmel,0,3,3
Ivmerco,3,0,3
Ivmorell,3,0,3
Ivnatio,3,0,3
Ivnocesco,3,0,3
Ivnohëangelly,0,3,3
Ivo-Christian,3,0,3
Ivo-Marc,3,0,3
Ivo-Martijn,3,0,3
Ivo-Martin,3,0,3
Ivo-Paul,3,0,3
Ivobenja,3,0,3
Ivoir,3,0,3
Ivoire,0,3,3
Ivola,0,3,3
Ivoletta,0,3,3
Ivoly,0,3,3
Ivomar,3,0,3
Ivomarie,0,3,3
Ivonardus,3,0,3
Ivoncne,0,3,3
Ivonicia,3,0,3
Ivonier,3,0,3
Ivonique,3,0,3
Ivonis,3,0,3
Ivonn,0,3,3
Ivonnarda,0,3,3
Ivonneluc,0,3,3
Ivonnie,0,3,3
Ivonnij,0,3,3
Ivonnus,0,3,3
Ivonnyati,0,3,3
Ivonora,0,3,3
Ivons,3,0,3
Ivonus,3,0,3
Ivony,0,3,3
Ivoora,0,3,3
Ivor-Elin,3,0,3
Ivoredjo,3,0,3
Ivori,0,3,3
Ivorina,0,3,3
Ivorine,0,3,3
Ivorna,0,3,3
Ivornus,3,0,3
Ivorus,3,0,3
Ivory-Cheyenne,0,3,3
Ivotino,3,0,3
Ivoyka,0,3,3
Ivraina,0,3,3
Ivramabama,3,0,3
Ivrenna,0,3,3
Ivreon,3,0,3
Ivrian,0,3,3
Ivron,3,0,3
Ivrylle,0,3,3
Ivy'Anne,0,3,3
Ivy-an,0,3,3
Ivy-Angel,0,3,3
Ivy-Ann,0,3,3
Ivy-Bréana,0,3,3
Ivy-Cruz,3,0,3
Ivy-Dewi,0,3,3
Ivy-Djay,3,0,3
Ivy-Djoy,0,3,3
Ivy-Ela,0,3,3
Ivy-Flore,0,3,3
Ivy-George,3,0,3
Ivy-Jae,0,3,3
Ivy-Jay,3,0,3
Ivy-Jules,0,3,3
Ivy-Leigh,0,3,3
Ivy-li,0,3,3
Ivy-Lilly,0,3,3
Ivy-Liv,0,3,3
Ivy-Loreta,0,3,3
Ivy-Louise,0,3,3
Ivy-Mare,0,3,3
Ivy-Nyree,0,3,3
Ivy-Scarlet,0,3,3
Ivy-Summer,0,3,3
Ivy-Xavier,3,0,3
Ivyana,0,3,3
Ivyanio,3,0,3
Ivyann,0,3,3
Ivyanna,0,3,3
Ivyano,3,0,3
Ivye,0,3,3
Ivyella,0,3,3
Ivyjen,3,0,3
Ivylina,0,3,3
Ivymae,0,3,3
Ivyne,0,3,3
Ivyra,0,3,3
Ivyrette,0,3,3
Ivysito,3,0,3
Iwa-Djaéro,3,0,3
Iwah,0,3,3
Iwailo,3,0,3
Iwalewa,0,3,3
Iwalisha,0,3,3
Iwalt,3,0,3
Iwän,3,0,3
Iwan-Antonio,3,0,3
Iwan-Junior,3,0,3
Iwan-Marc,3,0,3
Iwanah,0,3,3
Iwanea,3,0,3
Iwango,3,0,3
Iwanildo,3,0,3
Iwanja,0,3,3
Iwanjuschka,3,0,3
Iwann'nova,3,0,3
Iwanne,0,3,3
Iwano,3,0,3
Iwanof,3,0,3
Iwanovitsj,3,0,3
Iwanovna,0,3,3
Iwanowna,3,0,3
Iwanpersad,3,0,3
Iwardt,3,0,3
Iwart,3,0,3
Iwaynie,0,3,3
Iwaynitchiyo,3,0,3
Iwedina,0,3,3
Iwenni,3,0,3
Iwenosa,0,3,3
Iwently,3,0,3
Iwer,3,0,3
Iwerra,0,3,3
Iwgenie,3,0,3
Iwica,3,0,3
Iwie,3,0,3
Iwikje,0,3,3
Iwin,3,0,3
Iwinda,0,3,3
Iwine,0,3,3
Iwinnosa,3,0,3
Iwinosase,0,3,3
Iwka,0,3,3
Iwke,0,3,3
Iwolda,0,3,3
Iwonda,0,3,3
Iwonka,0,3,3
Iwris,0,3,3
Iwy,3,0,3
Iwyerimye,0,3,3
Ixabelle,0,3,3
Ixaïnuq,0,3,3
Ixam,3,0,3
Ixancharé,0,3,3
Ixander-Ioän,3,0,3
Ixchell,0,3,3
Ixchelteny,0,3,3
Ixchieni,0,3,3
Ixeandro,3,0,3
Ixent,3,0,3
Ixian,0,3,3
Ixiomara,0,3,3
Ixionne,0,3,3
Ixiora,0,3,3
Ixley,0,3,3
Ixmucane,0,3,3
Ixsan,3,0,3
Ixxi,0,3,3
Ixylainne,0,3,3
Iy-Ling,0,3,3
Iyaadh,3,0,3
Iyaan,3,0,3
Iyabi,0,3,3
Iyabodé,0,3,3
Iyaboh,0,3,3
Iyade,0,3,3
Iyagbaye,0,3,3
Iyah,0,3,3
Iyahiye,3,0,3
Iyahman,3,0,3
Iyahmey,3,0,3
Iyaila,0,3,3
Iyainsha,0,3,3
Iyala,0,3,3
Iyalisha,0,3,3
Iyamide,0,3,3
Iyaminde,0,3,3
Iyamu,3,0,3
Iyanda,3,0,3
Iyaniwura,0,3,3
Iyanlah,0,3,3
Iyanno,3,0,3
Iyanthé,0,3,3
Iyanthy,0,3,3
Iyanugold,3,0,3
Iyanumi,0,3,3
Iyarah,0,3,3
Iyaré,3,0,3
Iyare,3,0,3
Iyassu,3,0,3
Iyasu,3,0,3
Iyatha,0,3,3
Iyayiosa,3,0,3
Iyaz,3,0,3
Iyazfaiziersarief,3,0,3
Iyehd,3,0,3
Iyekeetin,3,0,3
Iyengumwena,3,0,3
Iyenna,0,3,3
Iyere,0,3,3
Iyes,0,3,3
Iyesomi,0,3,3
Iyeswarya,0,3,3
Iyhab,3,0,3
Iyie,0,3,3
Iyinbor,3,0,3
Iyinoluwa,0,3,3
Iyinta,0,3,3
Iyla,0,3,3
Iylaf,0,3,3
Iyleen,0,3,3
Iylias,3,0,3
Iymaan,0,3,3
Iyman,3,0,3
Iymen,0,3,3
Iyndelson,3,0,3
Iynem,0,3,3
Iyngaran,3,0,3
Iyoab,3,0,3
Iyoas,3,0,3
Iyoko,0,3,3
Iyolo,0,3,3
Iyomo,0,3,3
Iyon,3,0,3
Iyoné,0,3,3
Iyonnasee,0,3,3
Iyor,0,3,3
Iyori,0,3,3
Iysa,3,0,3
Iysen,0,3,3
Iyuna,0,3,3
Iyvi-Dean,3,0,3
Iyzebel,0,3,3
Iz-Dine,3,0,3
Iza-Bo,0,3,3
Iza-Jazz,0,3,3
Iza-Jolie,0,3,3
Iza-Lhoé,0,3,3
Iza-Loïs,0,3,3
Iza-Lotte,0,3,3
Iza-Lynn,0,3,3
Iza-lynn,0,3,3
Iza-may,0,3,3
Iza-Romee,0,3,3
Izaach,3,0,3
Izaäck,3,0,3
Izaah,3,0,3
Izâak,3,0,3
Izaák,3,0,3
Izaäk-Steven,3,0,3
Izaaka,0,3,3
Iźaaz,3,0,3
Izabel-Mae,0,3,3
Izabéla,0,3,3
Izabella-Pietia,0,3,3
Izacc,3,0,3
Izach,3,0,3
Izachiël,3,0,3
Izacqa,0,3,3
Izaddin,3,0,3
Izadi,0,3,3
Izadin,3,0,3
Izador,3,0,3
Izady,0,3,3
Izae,0,3,3
Izaedali,3,0,3
Izaeks,3,0,3
Izaelle,0,3,3
Izafae,0,3,3
Izafina,0,3,3
Izahaic,3,0,3
Izahkaiah,3,0,3
Izahyr,3,0,3
Izaïah,3,0,3
Izaias,3,0,3
Izaïk,3,0,3
Izaïre,3,0,3
Izairoh,3,0,3
Izaiyah,3,0,3
Izajda,0,3,3
Izák,3,0,3
Izaka,3,0,3
Izakje,0,3,3
Izakkura,0,3,3
Izalay,0,3,3
Izalea,0,3,3
Izalene,0,3,3
Izalie,0,3,3
Izalinda,0,3,3
Izalinde,0,3,3
Izalot,0,3,3
Izalotte,0,3,3
Izamar,0,3,3
Izamy,0,3,3
Izanah,3,0,3
Izander,3,0,3
Izanka,0,3,3
Izanneke,0,3,3
Izáque,3,0,3
Izaquiel,3,0,3
Izard,3,0,3
Izaris,3,0,3
Izarius,3,0,3
Izàrra,0,3,3
Izarre,0,3,3
Izart,3,0,3
Izas,3,0,3
Izatullah,3,0,3
Izaurah,0,3,3
Izax,3,0,3
Izayana,0,3,3
Izayen,3,0,3
Izayiah,3,0,3
Izayier,3,0,3
Izayon,3,0,3
Izayrha,0,3,3
Izchak,3,0,3
Izdem,0,3,3
Izdien,3,0,3
Ize-Marie,0,3,3
Ize-Nora,0,3,3
Izëa,3,0,3
Izéah,3,0,3
Izeaion,3,0,3
Izebeau,0,3,3
Izebël,0,3,3
Izebell,0,3,3
Izébella,0,3,3
Izeboud,3,0,3
Izebrandina,0,3,3
Izeddin,3,0,3
Izedîn,3,0,3
Izedonmwen,3,0,3
Izegaegbe,3,0,3
Izegbe,0,3,3
Izehi,0,3,3
Izeia,0,3,3
Izeja,3,0,3
Izejah,3,0,3
Izél,0,3,3
Izelot,0,3,3
Izenah,0,3,3
Izene,0,3,3
Izenea,0,3,3
Izengbe,0,3,3
Izengo,3,0,3
Izenka,0,3,3
Izenore,0,3,3
Izeo,3,0,3
Izeqiel,3,0,3
Izer,3,0,3
Izerda,0,3,3
Izerina,0,3,3
Izeta,0,3,3
Izéy,0,3,3
Izeya,3,0,3
Izéyla,0,3,3
Izgen,0,3,3
Izgi,0,3,3
İzgü,0,3,3
Izgü,0,3,3
Izhaak,3,0,3
Izhack,3,0,3
Izhae,0,3,3
Izhailyn,3,0,3
Izhan,3,0,3
Izhara,0,3,3
Izhaura,0,3,3
Izhia,3,0,3
Izïa,0,3,3
Iziah,3,0,3
Izias,3,0,3
Izidorus,3,0,3
Iziegbe,0,3,3
Izieka,0,3,3
Iziël,3,0,3
Izienes,3,0,3
Iziengbuwa,0,3,3
Izik,3,0,3
Izilda,0,3,3
Iziya,3,0,3
Iziza,3,0,3
Izkandar,3,0,3
Izko,3,0,3
Izlem,0,3,3
Izli,3,0,3
Izma,0,3,3
Izmaeel,3,0,3
Izmarij,3,0,3
Izmawèn,3,0,3
Izmay,0,3,3
Izmee,0,3,3
Izmerai,0,3,3
Iznadzenja,0,3,3
Izobel,0,3,3
Izoduwa,3,0,3
Izoelal,3,0,3
Izohra,0,3,3
Izojie,3,0,3
Izoli,3,0,3
Izolita,0,3,3
Izona,0,3,3
Izou,0,3,3
Izquierdo,3,0,3
Izrah,0,3,3
Izrahiah,3,0,3
Izrar,3,0,3
Izre,0,3,3
Izri,3,0,3
Izsan,3,0,3
Izsea,0,3,3
Iztà,0,3,3
Izu,0,3,3
Izumo,3,0,3
Izundu,3,0,3
Izurah,0,3,3
Izwari,0,3,3
Izwasie,0,3,3
Izya,0,3,3
Izyaan,3,0,3
Izydora,0,3,3
Izyen,3,0,3
Izz-al-din,3,0,3
Izz-An-Nissa,0,3,3
Izz-Eddine,3,0,3
Izzaa,0,3,3
Izzabel,0,3,3
Izzabella,0,3,3
Izzaddin,3,0,3
Izzadorra,0,3,3
Izzah-Jae,0,3,3
Izzaira,0,3,3
Izzaldin,3,0,3
Izzaly,0,3,3
Izzetcan,3,0,3
Izzetdin,3,0,3
İzzettin,3,0,3
Izziël,3,0,3
Izzittin,3,0,3
Izzly,0,3,3
Izzmarè,0,3,3
Izzo,3,0,3
Izzy-Fay,0,3,3
Izzy-Livine,0,3,3
Izzy-Romé,0,3,3
