Name,Men,Women,Total
Johannes,813633,6827,820460
Johanna,8875,724630,733505
Jan,376312,685,376997
Jacobus,182290,1479,183769
Jacoba,867,124753,125620
Johan,107540,429,107969
Jacob,85079,70,85149
Joseph,67721,2366,70087
Jozef,67289,2060,69349
Josephina,2201,67046,69247
Josephus,68109,1011,69120
Jeroen,57907,114,58021
Jacqueline,314,35319,35633
Jolanda,196,33118,33314
Janna,41,30440,30481
Julia,182,28656,28838
Joannes,28331,266,28597
Jantje,330,26843,27173
Jasper,24096,16,24112
Judith,175,22976,23151
Jesse,21724,412,22136
Joost,22083,39,22122
Josepha,286,21488,21774
Jelle,21698,50,21748
Jannetje,25,21559,21584
Joanna,300,21022,21322
Josephine,507,20610,21117
John,19128,191,19319
Joyce,126,19146,19272
Jeannette,223,18300,18523
Jeffrey,17580,35,17615
Julian,17431,50,17481
José,2336,13473,15809
Jantina,21,15105,15126
Jessica,45,15022,15067
Joris,15005,22,15027
Janneke,16,14223,14239
Jasmijn,3,13651,13654
Jonathan,12355,8,12363
Justin,12037,33,12070
Joey,11885,103,11988
Jordy,11373,59,11432
Jakob,10729,13,10742
Jean,9674,1024,10698
Jennifer,41,10255,10296
Jeanne,271,9629,9900
Janny,46,9845,9891
Joshua,9660,61,9721
Jayden,9418,152,9570
Josina,130,9355,9485
Jannie,37,9189,9226
Janine,33,9152,9185
Julius,9002,55,9057
Jannigje,9,9018,9027
Jacques,8797,163,8960
Job,8929,19,8948
Joep,8846,36,8882
Jaap,8622,5,8627
Jens,8539,11,8550
Jeanette,83,8450,8533
Jochem,8086,13,8099
Jozefina,227,7575,7802
Joël,7419,196,7615
James,7307,72,7379
Jansje,5,7172,7177
Johannus,6931,161,7092
Johnny,6960,42,7002
Joanne,9,6953,6962
Jill,45,6887,6932
Juliana,218,6556,6774
Julie,15,6697,6712
Jacomina,42,6626,6668
Jenny,85,6515,6600
Joan,1802,4521,6323
Jamie,3508,2761,6269
Jason,6229,3,6232
Jack,6131,55,6186
Janke,10,6071,6081
Jesper,6018,3,6021
Jurgen,5957,23,5980
Jos,5569,388,5957
Joy,549,5286,5835
Johannis,5638,5,5643
Jurre,5523,3,5526
Jane,41,5446,5487
Jelmer,5477,3,5480
Jenneke,5,5424,5429
Jeltje,7,5406,5413
Janne,275,5082,5357
Joëlle,30,5317,5347
Jim,5318,14,5332
Joke,44,5230,5274
Jade,55,5214,5269
Jordi,5185,27,5212
Jeremy,5132,8,5140
Jarno,5094,7,5101
Jimmy,5037,35,5072
Josef,4846,163,5009
Jannes,4960,8,4968
Jantine,9,4866,4875
Jay,4664,181,4845
Jozina,21,4803,4824
Juliette,35,4706,4741
Jules,4365,339,4704
Jurjen,4315,6,4321
Jip,3106,1207,4313
Jorn,4214,5,4219
Jeanine,52,4166,4218
Janet,5,4188,4193
Jaimy,2398,1791,4189
Josefina,158,3973,4131
Jelte,4030,3,4033
Jitske,3,3816,3819
Jentje,456,3315,3771
Jorrit,3625,16,3641
Joeri,3582,14,3596
Johann,3554,23,3577
Joachim,3475,68,3543
Juliëtte,29,3479,3508
Juul,1131,2107,3238
Jonas,3202,7,3209
Jort,3207,0,3207
Jessie,536,2637,3173
Jans,2257,908,3165
Jolien,3,3120,3123
Jacco,3114,5,3119
Jannette,5,3105,3110
Jet,18,3083,3101
Jari,3086,14,3100
Junior,2956,20,2976
Jerry,2937,32,2969
Jan-Willem,2932,8,2940
Jantien,23,2831,2854
Josefien,37,2772,2809
Jolie,3,2749,2752
Jordan,2264,448,2712
Jurriaan,2686,3,2689
Jouke,2574,87,2661
Joop,2512,45,2557
Jolijn,3,2546,2549
Jetske,3,2496,2499
Jolande,14,2419,2433
Jozephus,2364,19,2383
Jop,2375,6,2381
Johanne,17,2361,2378
Jozeph,2340,24,2364
Jente,567,1791,2358
Jennigje,3,2282,2285
Jozefa,49,2158,2207
Josine,20,2129,2149
Jessy,1017,1128,2145
Joukje,3,2014,2017
Jakobus,2000,13,2013
Jacky,849,1130,1979
Janette,6,1973,1979
Jacquelina,21,1905,1926
Justus,1895,3,1898
Julien,1762,67,1829
Joran,1824,3,1827
Jakoba,6,1776,1782
Josefine,36,1704,1740
Jenneken,3,1708,1711
Jantiena,3,1706,1709
Jenna,3,1682,1685
Jozefus,1650,15,1665
Jonah,1579,57,1636
Jacobine,3,1537,1540
Jürgen,1498,26,1524
Josien,9,1506,1515
Jorien,51,1459,1510
Jake,1501,3,1504
Jayson,1501,3,1504
Joas,1462,0,1462
Jozephina,23,1417,1440
Josefa,29,1406,1435
Justine,16,1413,1429
Jorg,1417,5,1422
June,30,1391,1421
Jilles,1394,13,1407
Jacobje,3,1398,1401
Jurriën,1396,3,1399
Jasmine,3,1392,1395
Josée,23,1368,1391
Jennie,3,1377,1380
Jana,11,1365,1376
Jeanet,8,1365,1373
Jean-Paul,1335,21,1356
Jace,1333,21,1354
Justina,25,1324,1349
Jamal,1299,31,1330
Juan,1310,17,1327
Janita,0,1303,1303
Joppe,1276,24,1300
Jette,27,1242,1269
Jody,284,984,1268
Jikke,68,1184,1252
Jara,15,1231,1246
Jozua,1228,3,1231
Jonne,592,620,1212
Jermaine,1191,20,1211
Jaylinn,3,1197,1200
Jackie,172,1026,1198
Jantinus,1196,3,1199
Jax,1178,8,1186
Janice,6,1173,1179
Jur,1173,3,1176
Jacobina,15,1159,1174
Jaantje,3,1159,1162
Jildou,0,1157,1157
Josje,37,1112,1149
Jurrien,1095,35,1130
Jaco,1108,8,1116
Jada,3,1107,1110
Joe,1044,35,1079
Jeremiah,1069,6,1075
Jamila,3,1069,1072
Jurian,1053,0,1053
Joram,1048,3,1051
Jasmin,29,1018,1047
Jannet,3,1038,1041
Jiska,23,1012,1035
Jacomijntje,3,1027,1030
Joëlla,0,1022,1022
Jozias,1017,0,1017
Jinte,22,975,997
Jorik,988,3,991
Jeannet,7,977,984
Joséphine,16,954,970
Jacintha,8,952,960
Jannick,926,27,953
Jacquelien,6,943,949
Jitse,929,5,934
Jannetta,3,924,927
Jetze,918,0,918
Jayda,0,907,907
Jaïr,889,5,894
Jeffry,882,3,885
Jelke,688,181,869
Julianus,859,10,869
Jorinde,0,862,862
Jacinta,18,843,861
Jazz,426,434,860
Joni,117,743,860
Jona,648,207,855
Jacoline,6,844,850
Juanita,3,847,850
Josephien,40,806,846
Juliën,814,32,846
Jacobien,0,833,833
Jeannine,31,800,831
Jörgen,830,3,833
Justinus,824,3,827
Juliët,3,820,823
Juriaan,815,0,815
Jedidja,110,703,813
Jurrian,808,3,811
Johanneke,0,803,803
Jonna,5,788,793
Jaapje,8,784,792
Jaron,788,3,791
Jon,770,18,788
Johny,761,13,774
Josette,11,761,772
Jaël,330,432,762
Jamilla,3,756,759
Jeannetta,16,740,756
Jaqueline,7,741,748
Jochum,737,3,740
Juna,11,724,735
Jeske,0,730,730
Janske,7,718,725
Jentina,0,724,724
Jamy,354,366,720
Jorian,711,7,718
Joah,704,13,717
Jeen,704,3,707
Jitze,707,3,710
Joren,701,3,704
Jorieke,0,699,699
Jorick,686,0,686
Jorden,671,13,684
Jojanneke,0,681,681
Jaime,534,137,671
Judy,13,658,671
Jerome,658,12,670
Jinthe,3,667,670
Jannis,661,8,669
Jessey,526,141,667
Janina,6,657,663
Jozefine,22,638,660
Jimi,634,25,659
Joos,605,46,651
Jozefien,28,623,651
Jaleesa,3,649,652
Jord,647,3,650
Jori,454,194,648
Jozepha,6,642,648
Janetta,3,638,641
Jermain,637,0,637
Juliet,3,635,638
Jaden,550,82,632
Joline,3,631,634
Jairo,624,0,624
Jorina,3,613,616
Jaylen,596,13,609
Jetty,3,601,604
Judocus,587,9,596
Janiek,164,425,589
Jo-Ann,3,571,574
Jolein,0,572,572
Janus,565,3,568
Just,567,0,567
Juno,155,402,557
Janou,66,490,556
Jeff,550,5,555
Jula,3,546,549
Jeane,3,547,550
Jaouad,546,0,546
Jayce,533,13,546
Jobina,8,529,537
Jefta,516,20,536
Juda,500,33,533
Jean-Pierre,515,16,531
Jaro,521,3,524
Jeronimus,513,6,519
Jacolien,0,516,516
Jose,205,308,513
Jaimie,222,290,512
Jelly,0,509,509
Jaxx,501,5,506
Jocelyn,22,480,502
Josh,469,33,502
Jenne,396,103,499
Joery,495,3,498
Jethro,496,3,499
Javier,491,3,494
Josefus,475,9,484
Jenthe,30,452,482
Jillian,36,446,482
Jaylin,23,458,481
Joes,386,87,473
Joaquin,470,3,473
Janique,27,443,470
Jildau,3,466,469
Julienne,24,444,468
Jasmina,3,463,466
Jinke,6,453,459
Jeremias,441,3,444
Jelena,0,441,441
Joya,6,430,436
Jasperina,3,433,436
Jerôme,424,8,432
Jia,186,245,431
Jaylee,8,422,430
Jo-Anne,3,424,427
Jetse,424,3,427
Jorine,0,422,422
Jippe,372,45,417
Jobje,5,408,413
Jef,399,12,411
Jorge,396,8,404
Jurrie,394,5,399
Jelmar,394,3,397
Jesaja,364,32,396
Japke,3,388,391
Jellie,3,389,392
Jelske,3,387,390
Jopie,173,215,388
Jaylano,382,0,382
Joel,367,14,381
Josse,307,72,379
Jordie,358,17,375
Jerney,16,358,374
Jacomine,3,369,372
Jun,302,69,371
Janniek,182,180,362
Joëll,318,41,359
Jeppe,355,3,358
Jule,35,320,355
Janni,7,347,354
Jibbe,349,3,352
Joeke,255,97,352
Joske,20,332,352
Janis,165,185,350
Julianne,3,347,350
Jodie,10,337,347
Janno,340,3,343
Jarne,340,3,343
Joosje,0,341,341
Jérôme,333,7,340
Jac,309,27,336
Jennefer,3,332,335
Jailey,3,329,332
Jerrel,332,0,332
Joann,10,320,330
Julio,329,0,329
Jady,18,304,322
Jolene,3,321,324
Jayant,320,0,320
Janick,295,21,316
Julan,311,3,314
Jazzlyn,3,312,315
Janco,312,0,312
Jeanny,27,285,312
Jan-Pieter,308,3,311
Juultje,0,310,310
Jaya,27,281,308
Jogchum,308,0,308
Jory,258,50,308
Jeremia,284,23,307
Jelger,303,3,306
Jetta,3,302,305
Jan-Jaap,302,0,302
Jess,88,214,302
Juliano,301,3,304
Jewel,9,292,301
Jitte,92,204,296
Jodi,47,248,295
Jentien,3,292,295
Jerina,0,293,293
Jildert,293,0,293
Jamil,288,3,291
Jadey,11,279,290
Jillis,275,10,285
Jolina,3,284,287
Jacey,63,221,284
Jayla,0,284,284
Jonny,270,13,283
Jael,115,167,282
Jaydee,70,212,282
Jacomijn,3,273,276
Jantiene,0,274,274
Joany,7,266,273
Jarig,272,0,272
Jan-Paul,271,0,271
Josiena,3,265,268
Jorne,261,6,267
Jiri,251,13,264
Janko,263,0,263
Jeanetta,5,258,263
João,254,7,261
Jiske,5,254,259
Jones,215,40,255
Jaiden,240,13,253
Jamiro,253,0,253
Jacobi,20,232,252
Jarmo,252,0,252
Jille,219,33,252
Johanan,246,5,251
Jent,243,7,250
Judah,243,7,250
Joaquim,246,3,249
Jozephine,3,245,248
Jochen,241,3,244
Jawad,239,3,242
Jerom,243,0,243
Josias,241,3,244
Jaring,241,0,241
Jin,151,90,241
Jaimey,175,64,239
Janey,3,236,239
Jonatan,238,3,241
Jannine,3,233,236
Jackson,232,3,235
Jesus,209,24,233
Josha,147,85,232
Jennegien,0,231,231
Jetje,0,230,230
Joziena,0,230,230
Jayvano,228,0,228
Josinus,226,3,229
Joska,41,186,227
Jaelynn,0,226,226
Jettie,3,222,225
Josta,3,224,227
Jantienus,224,0,224
Javi,221,3,224
Janelle,3,222,225
Jared,223,0,223
Jihane,0,221,221
July,3,219,222
Jeftha,217,3,220
Jeltsje,0,219,219
Jing,59,160,219
Jie,145,73,218
Judoca,6,211,217
Jacomijna,3,213,216
Jorgen,216,0,216
Jansina,0,215,215
Jelco,208,3,211
Jentinus,210,0,210
Joana,3,209,212
Judit,3,209,212
Jolanthe,0,208,208
Juup,195,13,208
Jannita,0,207,207
Jilke,79,128,207
Jackelien,3,204,207
Jaidy,46,160,206
Jisse,167,39,206
Joffrey,204,3,207
Jamey,161,43,204
Jai,187,16,203
Josanne,0,203,203
Josie,3,201,204
Jurjan,203,0,203
Joa,133,69,202
Jannah,3,200,203
Jaydon,201,0,201
Jordanus,196,5,201
Jenoah,188,12,200
Jair,198,3,201
Josua,192,6,198
Jayne,3,195,198
Jerre,197,0,197
Jordin,180,15,195
Jeichien,0,194,194
Jaivey,193,0,193
Jantsje,0,193,193
Jerzy,188,5,193
Jesslyn,0,193,193
Juliaan,190,3,193
Jørgen,192,3,195
Janien,0,192,192
Jay-Jay,180,12,192
Jony,35,157,192
Jakobje,0,191,191
Jazzley,156,35,191
Jools,17,173,190
Jouri,187,3,190
Justice,145,45,190
Jacolina,3,186,189
Jazzlynn,0,187,187
Jolle,184,3,187
Jalou,3,184,187
Jutta,3,184,187
Jacomien,0,184,184
Jelka,0,184,184
Jeltina,0,184,184
Jurrina,0,183,183
Jascha,134,48,182
Josiah,180,3,183
Juriën,179,3,182
Johannetta,3,179,182
Jurriena,0,180,180
Janieke,0,178,178
Jelani,159,19,178
Jaike,5,172,177
Jamie-Lee,3,173,176
Joannus,174,3,177
Juditha,3,173,176
Janoah,143,30,173
Jedidjah,29,144,173
Joelle,3,171,174
Jimme,169,3,172
Jeep,170,3,173
Jolinde,0,171,171
Josia,154,17,171
Jurriana,3,170,173
Jafeth,170,0,170
Jaïro,170,0,170
Jaques,167,3,170
Jelis,168,3,171
Jilt,168,3,171
Jorin,152,16,168
Jurie,166,3,169
Justen,167,0,167
Jarik,165,0,165
Jarl,165,0,165
Jersey,48,117,165
Johnnie,163,3,166
Joury,162,3,165
Jaivy,162,3,165
Jaromir,164,0,164
Jasja,53,111,164
Jo-Anna,3,162,165
Jan-Peter,162,0,162
Jenske,3,158,161
Junus,161,3,164
Jaysen,161,0,161
Jermo,160,0,160
Jaïra,0,159,159
Jan-Hendrik,157,3,160
Juri,155,3,158
Jozien,5,152,157
Jantjen,3,153,156
Jellina,0,156,156
Jemima,0,156,156
Jolan,115,40,155
Jannieke,3,153,156
Jante,10,144,154
Jits,135,19,154
Joanneke,0,154,154
Jackeline,3,152,155
Joerie,150,3,153
Junayd,153,0,153
Janka,3,150,153
Jaspert,152,0,152
Jany,8,143,151
Jean-Luc,148,3,151
Jolieke,0,151,151
Jaeda,0,150,150
Josja,59,91,150
Janouk,3,148,151
Jaycee,29,120,149
Jimmie,136,13,149
Jisk,142,7,149
Jytte,0,149,149
Jasmien,0,148,148
Jennigjen,0,148,148
Jannus,146,3,149
Jae,88,58,146
Jisca,0,146,146
Jerphaas,144,0,144
Joleen,3,141,144
Jolinda,0,144,144
Juliënne,9,135,144
Jielis,143,0,143
Jiya,0,143,143
Jörg,140,3,143
Jacko,141,3,144
Jidde,139,3,142
Jalal,137,3,140
Jenairo,141,0,141
Jordina,8,133,141
Jadwiga,3,137,140
Jarco,138,3,141
Jaxon,139,0,139
Jiro,138,3,141
Juana,0,139,139
Jakomina,0,138,138
Jeannot,129,9,138
Jesca,0,138,138
Jonneke,0,138,138
Junaid,137,3,140
Jazlynn,0,137,137
Jeanique,3,134,137
Jornt,137,0,137
József,137,0,137
Jorre,136,0,136
Josca,12,124,136
Juliska,3,135,138
Janwillem,134,3,137
Jaylynn,0,135,135
Jo-ann,0,135,135
Jorijn,64,71,135
Jurn,134,0,134
Jaliyah,0,133,133
Jessika,0,133,133
Josefiene,0,133,133
Jaycen,132,0,132
Joli,3,128,131
Jullian,131,3,134
Jabir,130,3,133
Jentine,0,131,131
Joostina,0,131,131
Juanito,131,0,131
Jorinda,0,130,130
Jozinus,129,3,132
Julot,3,129,132
Jennah,0,128,128
Jakko,127,0,127
Jean-Marie,110,17,127
Jesina,0,127,127
Jochanan,126,3,129
Johnathan,127,0,127
Jowi,112,15,127
Jeevan,126,0,126
Jo-anne,0,126,126
Jalisa,0,125,125
Jihad,34,91,125
Jurianus,125,0,125
Johnno,124,0,124
Josee,3,120,123
Jozé,8,116,124
Joek,108,15,123
Judina,0,123,123
Jaquelina,3,119,122
Jesiah,119,3,122
Jil,7,115,122
Jalil,113,8,121
Jansen,107,14,121
Joppa,0,121,121
Jayanti,0,120,120
Jayro,120,0,120
Joanie,3,119,122
Jogchem,120,0,120
Jeantine,3,118,121
Jelisa,0,119,119
Jenno,119,0,119
Jard,96,22,118
Jian,101,17,118
Jenita,0,117,117
Jilly,0,117,117
Joanita,3,116,119
Jenke,14,102,116
Jannat,0,115,115
Jazzy,47,68,115
Jaan,76,38,114
Jovita,7,107,114
Jayley,14,99,113
Jurren,113,0,113
Jurrit,112,3,115
Jense,111,3,114
Juliane,3,109,112
Julietta,3,111,114
Jenine,0,111,111
Jorim,110,3,113
Jörn,111,0,111
Jaëla,0,110,110
Jaira,3,109,112
Jannij,0,110,110
Jerona,3,108,111
Jovan,110,0,110
Jamairo,109,0,109
Jayde,3,107,110
Johannah,3,108,111
Jarich,108,0,108
Jerremy,108,0,108
Jeffery,106,3,109
Jerrold,107,0,107
Jolisa,0,107,107
Jorinus,106,3,109
Jurrianus,106,3,109
Jelina,0,106,106
Jesley,84,22,106
Jinne,83,23,106
Jülide,0,106,106
Jefferson,105,0,105
Joseline,0,105,105
Jeannie,3,100,103
Jelles,101,3,104
Jessi,22,81,103
Joannis,102,0,102
Jooske,3,101,104
Jowan,100,3,103
Jakobina,0,101,101
Jen,59,42,101
Jodocus,97,3,100
Jorie,30,71,101
Jacobijn,3,99,102
Jannik,99,3,102
Jaydan,95,5,100
Joakim,99,3,102
Jolyn,0,100,100
Jorike,0,100,100
Justa,6,94,100
Jani,78,21,99
Jarod,99,0,99
Jivan,93,6,99
Joliene,0,99,99
Jovanka,3,97,100
Janie,7,91,98
Jenifer,3,97,100
Jorit,94,3,97
Jorrick,98,0,98
Joselien,3,97,100
Jaeden,93,3,96
Jelt,97,0,97
Jezina,0,97,97
Jovanni,94,3,97
Jacominus,96,0,96
Jeoffrey,96,0,96
Jeromy,89,7,96
Jobbe,95,3,98
Jordana,3,95,98
Jan-Hein,95,0,95
Jehannes,95,0,95
Jessa,0,95,95
Jocelyne,3,94,97
Jomima,0,95,95
Jovi,85,10,95
Jarnick,94,0,94
Jeichiena,0,94,94
Joaquín,94,0,94
Jouk,86,8,94
Jaap-Jan,93,0,93
Joaz,93,0,93
Jamel,91,3,94
Jayvi,91,3,94
János,91,0,91
Jary,90,3,93
Jaschenka,7,84,91
Jhonny,91,0,91
Jozefiena,3,87,90
Jano,89,3,92
Jean-Louis,88,3,91
Jermy,90,0,90
Jolé,0,90,90
Jan-Dirk,89,0,89
Joia,6,83,89
Josefiena,3,87,90
Josianne,3,86,89
Judica,3,88,91
Juulke,3,85,88
Janse,84,3,87
Jaydey,64,24,88
Jaydi,28,60,88
Jazlyn,0,88,88
Jean-Marc,87,3,90
Jeany,3,87,90
Jelkje,0,88,88
Johannette,0,88,88
Jojanne,0,88,88
Josephia,3,87,90
Julianna,0,88,88
Jacinto,85,3,88
Jeichina,3,86,89
Jeslyn,3,84,87
Jolke,79,8,87
Jurina,3,86,89
Jalissa,0,86,86
Jarin,76,10,86
Jarko,86,0,86
Jenetta,3,85,88
Jennita,0,86,86
Jorren,86,0,86
Jami,42,43,85
Joane,3,83,86
Jouwert,83,3,86
Julma,20,65,85
Jurg,85,0,85
Jaëlle,3,83,86
Jagger,79,5,84
Jayna,3,83,86
Jeremey,84,0,84
Jolenta,3,83,86
Jaymie,52,31,83
Jella,3,81,84
Joëy,82,3,85
Josephius,82,3,85
Judi,8,75,83
Juninho,83,0,83
Jacinthe,0,82,82
Jevon,80,3,83
Jasmyn,0,80,80
Jauke,69,11,80
Jelleke,10,70,80
Jesslynn,3,79,82
Johnson,77,3,80
Julin,0,80,80
Jaafar,79,0,79
Jaanvi,0,79,79
Jaber,79,0,79
Jamina,0,79,79
Jemairo,79,0,79
Jolita,0,79,79
Jaheim,78,0,78
Jeike,3,76,79
Jemaine,13,65,78
Jennyfer,3,77,80
Jesaiah,75,3,78
Jihan,5,73,78
Jobkien,0,78,78
Jordey,78,0,78
Jorja,0,78,78
Jacklyn,3,76,79
Jadon,77,0,77
Jasin,75,3,78
Jeron,74,3,77
Jonno,75,3,78
Jorrin,76,3,79
Junia,0,77,77
Jyoti,5,72,77
Jan-Joost,76,0,76
Jaylie,3,75,78
Jurry,74,3,77
Jamai,72,3,75
Janaya,0,75,75
Janthe,3,71,74
Jeanna,0,75,75
Jelma,0,75,75
Jochina,0,75,75
Joice,3,74,77
Judikje,0,75,75
Jaelyn,0,74,74
Jakobine,3,73,76
Jan-Maarten,74,0,74
Jayme,59,15,74
Jeanneke,3,73,76
Jappe,71,3,74
Jessin,72,3,75
Joly,3,69,72
Jonnie,63,10,73
Julika,0,73,73
Jaclyn,0,72,72
Jacy,43,29,72
Jann,63,9,72
Jayleigh,3,69,72
Jazmin,0,72,72
Jenni,0,72,72
Jonie,6,66,72
Julliette,0,72,72
Juune,3,71,74
Jalila,3,70,73
Jarick,71,0,71
Jacoby,3,66,69
Jako,70,0,70
Jasperdina,0,70,70
Jenson,70,0,70
Josépha,3,68,71
Jerusha,3,68,71
Jeslynn,3,68,71
Jiskje,0,69,69
Jolin,3,67,70
Juline,0,69,69
Jannemieke,0,68,68
Japhet,68,0,68
Jarah,3,64,67
Jaylan,67,3,70
Jorna,11,57,68
Judie,0,68,68
Jerfaas,67,0,67
Jolette,0,67,67
Joscha,29,38,67
Jaidey,3,63,66
Janayah,0,66,66
Jesmer,66,0,66
Jindra,14,52,66
Julliëtte,0,66,66
Janell,10,55,65
Jelano,65,0,65
Jered,65,0,65
Jhon,63,3,66
Jo-An,3,64,67
Jovana,0,65,65
Jovanny,62,3,65
Justien,6,59,65
Jacelyn,3,63,66
Jaymz,63,3,66
Jayno,64,0,64
Jebbigje,0,64,64
Jefrey,64,0,64
Jeronimo,64,0,64
Jordaan,63,3,66
Jacyntha,3,62,65
Janinka,0,63,63
Jazz-Lynn,0,63,63
Jeldau,3,60,63
Jilani,58,5,63
Jorgo,62,3,65
Josip,63,0,63
Jago,61,3,64
Jaily,3,59,62
Jaline,0,62,62
Jamaica,3,61,64
Jamar,59,3,62
Janik,60,3,63
Jayron,62,0,62
Jelissa,0,62,62
Jenette,0,62,62
Jeremi,62,0,62
Jorrik,62,0,62
Josué,59,3,62
Jovani,62,0,62
Jacq,54,7,61
Jakub,61,0,61
Jenaya,0,61,61
Jeska,0,61,61
Jetsche,3,60,63
Jora,9,52,61
Josita,3,59,62
Jaela,0,60,60
Jetteke,0,60,60
Jimte,60,0,60
Joanny,3,56,59
Jolet,0,60,60
Julyan,60,0,60
Jurien,45,15,60
Jainy,0,59,59
Jansien,0,59,59
Janszoon,59,0,59
Januarius,58,3,61
Jennieke,0,59,59
Jero,59,0,59
Jeshua,58,3,61
Jobke,9,50,59
Jolijne,0,59,59
Jorginho,59,0,59
Jorryt,58,3,61
Jozine,3,57,60
Jacobiene,3,57,60
Jale,0,58,58
Janek,57,3,60
Janel,5,53,58
Jasperine,0,58,58
Jayh,58,0,58
Jean-Jacques,56,3,59
Jentiena,0,58,58
Jesmay,0,58,58
Jettina,0,58,58
Jimmi,51,7,58
Josan,3,55,58
Julisa,0,58,58
Julliët,0,58,58
Jamilah,0,57,57
Jan-Kees,57,0,57
Jayesh,57,0,57
Jinan,8,49,57
Joachem,57,0,57
Joao,57,0,57
Jochebed,0,57,57
Juliëtta,3,56,59
Jacquelline,0,56,56
Jaimee,7,49,56
Jairzinho,56,0,56
Janos,54,3,57
Jarie,53,3,56
Jehan,45,11,56
Jimke,39,17,56
Jitsche,3,53,56
Johanneske,0,56,56
Jola,3,55,58
Jorben,56,0,56
Josep,56,0,56
Jadi,22,33,55
Jahmairo,55,0,55
Jarmila,0,55,55
Javey,55,0,55
Jeanina,0,55,55
Jezz,24,31,55
Jolmer,52,3,55
Joltje,0,55,55
Jura,14,41,55
Juriana,0,55,55
Jusuf,54,3,57
Jachin,54,0,54
Jafar,52,3,55
Jaida,0,54,54
Jamilia,3,53,56
Jannic,49,5,54
Jayven,54,0,54
Jelto,54,0,54
Jiyan,37,17,54
Josiene,0,54,54
Juun,29,25,54
Jaapkien,0,53,53
Jacoliene,0,53,53
Jalina,0,53,53
Jase,52,3,55
Jennely,0,53,53
Jensen,51,3,54
Joshi,40,13,53
Julieta,0,53,53
Jacob-Jan,52,0,52
Jafet,51,3,54
Jakobien,0,52,52
Jaroslav,51,3,54
Jayjay,50,3,53
Jaylon,52,0,52
Jaymian,52,0,52
Jean-Claude,51,3,54
Jeanice,3,51,54
Jehanne,0,52,52
Jericho,52,0,52
Jinane,0,52,52
Jitka,0,52,52
Joesoef,52,0,52
Josephe,14,38,52
Josephes,50,3,53
Josephinus,52,0,52
Jouw,52,0,52
Joyceline,3,51,54
Jadie,0,51,51
Jaëll,35,16,51
Jailynn,0,51,51
Jamahl,51,0,51
Jannemiek,0,51,51
Jansiena,0,51,51
Jaxson,51,0,51
Jaz,22,29,51
Jelko,51,0,51
Jennet,0,51,51
Joab,51,0,51
Joen,40,11,51
Jöran,51,0,51
Jorgos,50,3,53
Jotte,24,27,51
Jalmar,50,0,50
Janae,0,50,50
Janienke,0,50,50
Jeanelle,0,50,50
Jelline,0,50,50
Jennis,33,17,50
Joëla,0,50,50
Jolt,50,0,50
Julen,48,3,51
Julièn,48,3,51
Julle,50,0,50
Jacelynn,0,49,49
Jacobie,3,46,49
Jaëlla,0,49,49
Jan-Henk,49,0,49
Jaye,26,23,49
Jaylana,0,49,49
Jayliano,49,0,49
Jemke,49,0,49
Josiane,3,46,49
Joukjen,0,49,49
Juwayriya,0,49,49
Jaelle,3,47,50
Janneau,45,3,48
Jardi,46,3,49
Jay-Lynn,0,48,48
Jaydie,5,43,48
Jayen,46,3,49
Jaylina,0,48,48
Jeffrie,48,0,48
Jeljer,48,0,48
Jennine,0,48,48
Jep,47,3,50
Jerke,46,3,49
Jessamy,3,46,49
Jeu,39,9,48
Jochemina,0,48,48
Jolanta,3,45,48
Josephiene,0,48,48
Josijna,3,47,50
Jozette,3,47,50
Julissa,0,48,48
Jad,47,0,47
Jazzlin,0,47,47
Jedida,0,47,47
Jela,3,46,49
Jenze,46,3,49
Jobine,0,47,47
Johana,0,47,47
Jons,47,0,47
Jorno,47,0,47
Joséfa,0,47,47
Josetta,0,47,47
Jostina,0,47,47
Jude,38,9,47
Jaaptje,0,46,46
Jacobe,3,43,46
Jaimy-Lee,3,45,48
Jankje,0,46,46
Janneman,46,0,46
Jannetjen,0,46,46
Jannique,9,37,46
Jeene,46,0,46
Jenz,46,0,46
Jerayno,46,0,46
Jinny,3,44,47
Jo-an,3,45,48
Johanus,42,3,45
Jolise,0,46,46
Jong,31,15,46
Jalyssa,0,45,45
Janella,0,45,45
Jannemarie,0,45,45
Jannika,0,45,45
Jappie,45,0,45
Jaroah,43,3,46
Java,5,40,45
Jaydin,26,19,45
Jelany,25,20,45
Jelrik,45,0,45
Jenn,5,40,45
Jennes,41,3,44
Jestin,45,0,45
Jibril,43,3,46
Jinx,9,36,45
Jitty,0,45,45
Jonan,45,0,45
Jozijntje,0,45,45
Jurek,45,0,45
Jurrendina,0,45,45
Juuls,5,40,45
Jacqui,3,40,43
Jahnoah,44,0,44
Jailyn,0,44,44
Jakoline,0,44,44
Jalien,0,44,44
Jamelia,0,44,44
Jarell,38,6,44
Jassin,43,3,46
Javed,33,11,44
Jean-Michel,44,0,44
Jeanita,0,44,44
Jennette,0,44,44
Jera,3,40,43
Jewell,3,43,46
Jipp,33,11,44
Jolynn,0,44,44
Jopkien,0,44,44
Jor,44,0,44
Joute,44,0,44
Joycelyn,0,44,44
Jozsef,42,3,45
Juelz,37,7,44
Julitta,0,44,44
Jaïrus,42,3,45
Jan-Julius,43,0,43
Jasha,27,16,43
Jeanne-Marie,0,43,43
Jeltine,0,43,43
Jena,3,42,45
Jeriena,0,43,43
Jesaya,35,8,43
Jifke,0,43,43
Josi,5,38,43
Jynthe,0,43,43
Jaenette,3,41,44
Jasna,0,42,42
Jawhara,0,42,42
Jazzmin,0,42,42
Jenniffer,0,42,42
Jentl,3,40,43
Josèph,35,7,42
Julián,42,0,42
Justian,42,0,42
Jannina,0,41,41
Jaquelien,0,41,41
Jeda,3,40,43
Jedidiah,23,18,41
Jeremie,41,0,41
Jerrol,41,0,41
Jilis,39,3,42
Jolante,3,40,43
Jomi,11,30,41
Jorma,35,6,41
Joss,10,31,41
Josseline,3,40,43
Jua,13,28,41
Julya,0,41,41
Jurryt,40,3,43
Jacobiena,0,40,40
Jacomijne,0,40,40
Jadzia,0,40,40
Jaella,0,40,40
Jakolien,0,40,40
Jamaal,32,8,40
Jameson,39,3,42
Jan-Bart,40,0,40
Janika,3,38,41
Japien,3,39,42
Jayceon,40,0,40
Jaymi,28,12,40
Jelier,40,0,40
Jeslin,3,37,40
Jiddo,40,0,40
Jieles,40,0,40
Jirre,39,3,42
Joënna,0,40,40
Jomar,38,3,41
Joon,33,7,40
Josephin,3,39,42
Josey,21,19,40
Jourica,0,40,40
Jaak,39,0,39
Jaimi,21,18,39
Jakop,39,0,39
Jaldert,39,0,39
Jamian,38,3,41
Jamiel,39,0,39
Jansjen,0,39,39
Jayani,3,36,39
Jenelle,3,38,41
Jentsje,39,0,39
Jerica,3,38,41
Jes,12,27,39
Jezus,36,3,39
Jilling,38,3,41
Jipke,3,38,41
Joani,5,34,39
Johanita,3,38,41
Jore,35,3,38
Jorke,36,3,39
Josy,3,37,40
Jukka,39,0,39
Jurr,39,0,39
Jussi,37,3,40
Jacinte,0,38,38
Janay,3,34,37
Jannesje,0,38,38
Jarred,38,0,38
Jart,38,0,38
Jaswant,38,0,38
Jaylani,29,9,38
Jebbe,37,3,40
Jenice,3,37,40
Jeno,36,3,39
Jérome,37,3,40
Jisseltje,0,38,38
Joannie,3,37,40
Johanni,5,33,38
Jork,38,0,38
Josea,6,32,38
Jowy,34,3,37
Julie-Anne,0,38,38
Julita,0,38,38
Jung,27,11,38
Jurrinus,38,0,38
Jaina,3,36,39
Janaika,0,37,37
Japie,25,12,37
Jarka,6,31,37
Jaslynn,0,37,37
Jelita,3,36,39
Jennij,3,35,38
Jerrie,36,3,39
Jesselyn,0,37,37
Jezebel,0,37,37
Jinse,36,3,39
Jiry,34,3,37
Jocelynn,3,36,39
Johannnes,37,0,37
Jojakim,36,3,39
Joleine,0,37,37
Jonias,37,0,37
Jonina,0,37,37
Jopke,3,34,37
Joumana,0,37,37
Juhani,37,0,37
Julotte,0,37,37
Jurfaas,37,0,37
Jalen,35,3,38
Jan-Douwe,36,0,36
Jandina,0,36,36
Janessa,0,36,36
Jaycey,16,20,36
Jaydae,0,36,36
Jeanien,0,36,36
Jefke,14,22,36
Jehudi,34,3,37
Jemuël,36,0,36
Jene,34,3,37
Jenieke,0,36,36
Jerryt,36,0,36
Jessyca,0,36,36
Joar,35,3,38
Jobert,36,0,36
John-Paul,35,3,38
Joldert,36,0,36
Jouktje,0,36,36
Judea,8,28,36
Judik,0,36,36
Jacqeline,0,35,35
Jalysa,3,34,37
JAM,18,17,35
Janieck,25,10,35
Janike,0,35,35
Janjaap,35,0,35
Jarek,35,0,35
Jayvin,35,0,35
Jedi,26,9,35
Jelaisa,0,35,35
Jennechien,0,35,35
Jerano,35,0,35
Jermias,35,0,35
Jesler,7,28,35
Jhené,0,35,35
Jirina,0,35,35
Johanes,34,3,37
Jordyn,5,30,35
Joris-Jan,35,0,35
Journey,11,24,35
Jozephien,0,35,35
Juriena,0,35,35
Juwayria,0,35,35
Jaklien,0,34,34
Janairo,34,0,34
Janetje,0,34,34
Janin,3,32,35
Janisha,0,34,34
Jannica,0,34,34
Jannicke,0,34,34
Jarke,34,0,34
Javy,33,3,36
Jayan,32,3,35
Jayin,34,0,34
Jayli,3,33,36
Jayshri,0,34,34
Jelien,0,34,34
Jemina,0,34,34
Jemuel,34,0,34
Jermey,34,0,34
Jiang,26,8,34
Jireh,18,16,34
Joë,29,5,34
Joenoes,34,0,34
Josephiena,3,32,35
Joséphina,0,34,34
Józef,34,0,34
Judic,0,34,34
Jumana,0,34,34
Juule,3,33,36
Jackey,8,25,33
Jahja,32,3,35
Jaicey,3,30,33
Jan-Albert,33,0,33
Janiene,0,33,33
Jannieta,0,33,33
Jant,3,31,34
Jarle,33,0,33
Jarreau,32,3,35
Jean-Philippe,33,0,33
Jefry,33,0,33
Jeldert,33,0,33
Jeremaih,33,0,33
Jerryl,33,0,33
Johnatan,33,0,33
Johnie,32,3,35
Jolente,0,33,33
Joostje,3,32,35
Joselyn,0,33,33
Jowie,32,3,35
Júlia,0,33,33
Jabikje,0,32,32
Jaccoline,0,32,32
Jacobs,31,3,34
Jacquline,3,31,34
Jadyn,6,26,32
Jahliyah,0,32,32
Jahrell,32,0,32
Jahzara,0,32,32
Jakobtje,0,32,32
Janusz,32,0,32
Jaran,30,3,33
Jarvin,32,0,32
Jayand,31,3,34
Jayantie,0,32,32
Jayviën,32,0,32
Jeline,0,32,32
Jem,29,3,32
Jenayro,32,0,32
Jenell,3,29,32
Jennetje,0,32,32
Jenö,31,3,34
Jesús,30,3,33
Jez,22,10,32
Jhelisa,0,32,32
Jitta,0,32,32
Joal,29,3,32
Jolee,0,32,32
Jone,7,25,32
Joriene,0,32,32
Jovanca,0,32,32
Jowanna,0,32,32
Jowin,30,3,33
Jabik,31,0,31
Jacen,31,0,31
Jacomiena,0,31,31
Jamely,0,31,31
Jander,31,0,31
Jantines,31,0,31
Jark,31,0,31
Jassim,30,3,33
Jayshree,0,31,31
Jeanot,30,3,33
Jenay,3,28,31
Joella,0,31,31
Jolanka,3,30,33
Jorai,31,0,31
Jourika,0,31,31
Joyca,0,31,31
Judas,29,3,32
Juste,26,5,31
Jabbar,30,0,30
Jacha,3,28,31
Jacomientje,0,30,30
Jacquelin,3,29,32
Jaison,30,0,30
Jan-Baptist,29,3,32
Jan-Jacob,30,0,30
Jannien,0,30,30
Janoa,11,19,30
Jarina,0,30,30
Jarissa,0,30,30
Jarni,30,0,30
Jaydian,30,0,30
Jaymee,7,23,30
Jealynn,0,30,30
Jeana,0,30,30
Jeldou,0,30,30
Jenai,3,29,32
Jeraino,30,0,30
Jester,24,6,30
Jetro,30,0,30
Jidske,0,30,30
Joekje,0,30,30
Johanis,30,0,30
Jolique,0,30,30
Jorunn,3,26,29
Josanna,0,30,30
Joset,0,30,30
Jurney,5,25,30
Jurrijn,30,0,30
Jabeen,0,29,29
Jade-Lynn,0,29,29
Jaimely,0,29,29
Jan-Joris,29,0,29
Janic,21,8,29
Jantienes,29,0,29
Jarrik,29,0,29
Javan,29,0,29
Jenet,0,29,29
Jephta,24,5,29
Jeronymus,29,0,29
Jevano,29,0,29
Jikkie,0,29,29
Jillert,29,0,29
Jillina,0,29,29
Jino,27,3,30
Jojo,20,9,29
Jolijt,0,29,29
Jonelle,0,29,29
Joney,3,26,29
Josientje,0,29,29
Jouko,29,0,29
Julina,0,29,29
Julliën,26,3,29
Julliet,3,28,31
Juraj,28,3,31
Jørn,28,3,31
Jaana,3,27,30
Jahan,15,13,28
Jahmar,28,0,28
Jalena,0,28,28
Javon,27,3,30
Jaymen,28,0,28
Jaynie,0,28,28
Jaythan,28,0,28
Jeena,0,28,28
Jemy,17,11,28
Jeniffer,3,26,29
Jeri,15,13,28
Jerson,28,0,28
Jevi,26,3,29
Jheronimus,28,0,28
Jikkemien,0,28,28
Jins,27,3,30
Jint,17,11,28
Jis,21,7,28
Jivano,28,0,28
Joanan,28,0,28
Jocé,0,28,28
Jomy,3,26,29
Jonell,9,19,28
Jorni,26,3,29
Josbert,28,0,28
Josselien,0,28,28
Jotham,28,0,28
Jumanah,0,28,28
Jacinda,0,27,27
Jacobijne,0,27,27
Jahlisa,0,27,27
Jakke,26,3,29
Jaleesha,0,27,27
Jame,24,3,27
Janai,13,14,27
Janniene,0,27,27
Jasim,26,3,29
Jaylian,26,3,29
Jehuda,26,3,29
Jellis,27,0,27
Jenco,27,0,27
Jesslin,3,26,29
Jo-anna,0,27,27
Joannette,0,27,27
Jobien,3,26,29
Johna,8,19,27
Jonita,0,27,27
Joolz,6,21,27
Josèphe,13,14,27
Jossy,11,16,27
Jovany,26,3,29
Juke,7,20,27
Juniper,3,24,27
Jurdina,0,27,27
Jurgina,0,27,27
Jury,26,3,29
Jabril,24,3,27
Jacobjen,0,26,26
Jadé,3,24,27
Jadine,0,26,26
Jaely,0,26,26
Jaey,24,3,27
Jamay,19,7,26
Jamie-Lynn,0,26,26
Jamira,0,26,26
Jan-Harm,26,0,26
Janica,3,25,28
Janieta,0,26,26
Jankien,0,26,26
Jannai,18,8,26
Jarda,16,10,26
Jarrel,26,0,26
Jaspar,26,0,26
Jasprina,0,26,26
Jay-Linn,0,26,26
Jayra,3,25,28
Jedaja,14,12,26
Jelbrich,3,25,28
Jeleesa,0,26,26
Jenaro,26,0,26
Jenayah,0,26,26
Jentel,3,24,27
Jesajah,22,3,25
Jietske,3,25,28
Jorika,0,26,26
Josselin,7,19,26
Juma,20,6,26
Juwita,0,26,26
Jaap-Willem,25,0,25
Jacek,25,0,25
Jacque,23,3,26
Jadelynn,0,25,25
Jae-Lynn,0,25,25
Jahir,25,0,25
Jahmal,25,0,25
Jalisha,0,25,25
Jama,15,10,25
Jamall,25,0,25
Jamillah,0,25,25
Jan-Thijs,25,0,25
Jankees,25,0,25
Jardy,18,7,25
Jareth,25,0,25
Jasey,22,3,25
Jaycie,3,23,26
Jaydah,3,24,27
Jaydy,6,19,25
Jayton,25,0,25
Jayvey,25,0,25
Jayvion,25,0,25
Jayvon,25,0,25
Jemimah,0,25,25
Jennate,0,25,25
Jermano,25,0,25
Jeroentje,3,21,24
Jerone,23,3,26
Jeroon,25,0,25
Jess-Lynn,3,24,27
Jessley,11,14,25
Jilali,25,0,25
Jimena,0,25,25
Jina,0,25,25
Jintje,0,25,25
Jodokus,24,3,27
Josry,25,0,25
Jossie,3,22,25
Julie-Ann,0,25,25
Justino,24,3,27
Jylano,25,0,25
Jyotika,0,25,25
Jacqueliene,0,24,24
Jadah,3,23,26
Jahmeiro,24,0,24
Jainey,0,24,24
Jaloe,0,24,24
Jameel,21,3,24
Jan-Arie,24,0,24
Jan-Geert,24,0,24
Jancko,24,0,24
Janda,0,24,24
Jannigjen,0,24,24
Jarn,23,3,26
Jasmijne,0,24,24
Jasperijntje,0,24,24
Jasvant,24,0,24
Jaycob,24,0,24
Jaynairo,24,0,24
Jayvian,24,0,24
Jefferey,24,0,24
Jeleijntje,0,24,24
Jelica,0,24,24
Jellien,0,24,24
Jels,15,9,24
Jenaira,0,24,24
Jeroena,0,24,24
Joän,5,19,24
Jolán,0,24,24
Jolena,0,24,24
Jomana,0,24,24
Jomme,24,0,24
Joona,21,3,24
Joriena,0,24,24
Jorris,24,0,24
Jorus,24,0,24
Josue,24,0,24
Julija,0,24,24
Julijan,24,0,24
Junita,0,24,24
Junius,24,0,24
Jurianna,0,24,24
Jacobes,21,3,24
Jacorine,0,23,23
Jaen,7,16,23
Jaimz,23,0,23
Jamaira,3,22,25
Jan-Gerrit,23,0,23
Jan-Karel,23,0,23
Jan-Mark,23,0,23
Jan-Piet,23,0,23
Jan-Roelof,23,0,23
Janca,0,23,23
Jang,8,15,23
Jannegien,0,23,23
Jawi,21,3,24
Jay-Lee,3,19,22
Jaycee-Lynn,0,23,23
Jean-Baptiste,22,3,25
Jeliza,0,23,23
Jemayro,23,0,23
Jento,23,0,23
Jeramy,23,0,23
Jereno,23,0,23
Jesprina,0,23,23
Jett,8,15,23
Jien,8,15,23
Jilda,0,23,23
Jilde,3,22,25
Jindy,0,23,23
Jiskjen,0,23,23
Jock,22,3,25
Johannie,0,23,23
Johannna,0,23,23
Jolly,3,20,23
Jopje,3,22,25
Jozefes,22,3,25
Julliano,23,0,23
Jure,23,0,23
Jurmain,23,0,23
Jacklynn,0,22,22
Jacobo,22,0,22
Jahlani,21,3,24
Jahnairo,22,0,22
Jakov,22,0,22
Jamaine,3,20,23
Jan-Wouter,22,0,22
Janeiro,22,0,22
Janeke,0,22,22
Jannemijn,0,22,22
Janoe,5,17,22
Jarrin,22,0,22
Jaume,22,0,22
Javina,0,22,22
Jelaney,3,18,21
Jennichje,0,22,22
Jeriël,22,0,22
Jerro,22,0,22
Jessiah,20,3,23
Jigal,22,0,22
Jinze,21,3,24
Jismerai,15,7,22
Jissy,3,21,24
Jitschak,22,0,22
Joâo,21,3,24
Joaquina,0,22,22
Jodien,0,22,22
Joën,6,16,22
Johannita,3,21,24
Johara,0,22,22
Jojan,11,11,22
Joley,3,20,23
Jonker,22,0,22
Joostinus,22,0,22
Jorah,13,9,22
Jordao,22,0,22
Jorijna,0,22,22
Jorita,0,22,22
Jorran,21,3,24
Josco,22,0,22
Josefin,0,22,22
Jovanna,3,21,24
Julide,0,22,22
Jupiter,20,3,23
Jurmaine,22,0,22
Jurri,22,0,22
Justo,22,0,22
Juta,0,22,22
Jaaike,0,21,21
Jacks,20,3,23
Jahliya,0,21,21
Jaimé,13,8,21
Jaleel,21,0,21
Jalke,14,7,21
Jamir,20,3,23
Jan-Anne,21,0,21
Janaica,0,21,21
Jango,21,0,21
Jannegje,0,21,21
Jannike,0,21,21
Jantie,0,21,21
Jarro,21,0,21
Jasminka,0,21,21
Jayvie,21,0,21
Jazmine,0,21,21
Jeavi,20,3,23
Jehudith,3,19,22
Jelthe,21,0,21
Jenda,3,18,21
Jérémie,21,0,21
Jerrit,21,0,21
Jik,12,9,21
Joán,3,17,20
Joännes,21,0,21
Joanni,8,13,21
Joëtta,0,21,21
Jojada,16,5,21
Jolijna,0,21,21
Jolyne,0,21,21
Jomaro,21,0,21
Jorell,19,3,22
Josè,8,13,21
Joselina,3,20,23
Jovano,21,0,21
Jovino,21,0,21
Jozéfa,3,19,22
Julieke,0,21,21
Junilla,0,21,21
Junis,20,3,23
Jutka,0,21,21
Jaedon,20,0,20
Jaéla,0,20,20
Jaeley,0,20,20
Jaep,20,0,20
Jahvensly,20,0,20
Jamy-Lee,0,20,20
Jannieck,12,8,20
Jansse,20,0,20
Jantineke,0,20,20
Jardel,20,0,20
Jarron,20,0,20
Jasir,20,0,20
Jaslene,0,20,20
Jaswan,20,0,20
Jay-Dee,8,12,20
Jaylino,20,0,20
Jemma,0,20,20
Jenisha,0,20,20
Jeremaya,17,3,20
Jerfi,18,3,21
Jerico,20,0,20
Jesajas,20,0,20
Jesmin,3,18,21
Jessenia,0,20,20
Jilmar,20,0,20
Jinell,3,19,22
Joänna,0,20,20
Joannetta,3,19,22
Jocelin,12,8,20
Jochim,19,3,22
Jocintha,0,20,20
Joena,3,19,22
Joeske,0,20,20
Joletta,0,20,20
Joonas,19,3,22
Joor,20,0,20
Joost-Jan,20,0,20
Joreen,0,20,20
Jorel,19,3,22
Joric,20,0,20
Jorica,0,20,20
Joséfine,3,18,21
Jowell,17,3,20
Jowenna,0,20,20
Joys,3,18,21
Jubilee,3,17,20
Juran,20,0,20
Jurick,20,0,20
Jacira,0,19,19
Jadranka,0,19,19
Jakira,0,19,19
Jakomijna,0,19,19
Jaleeza,0,19,19
Jamo,19,0,19
Jan-Herman,19,0,19
Jannegie,0,19,19
Jannelien,0,19,19
Jannètje,0,19,19
Jannice,0,19,19
Jardell,19,0,19
Jarrod,19,0,19
Jasien,19,0,19
Jathan,19,0,19
Jawhar,17,3,20
Jaydion,19,0,19
Jaylisa,0,19,19
Jeada,0,19,19
Jealey,0,19,19
Jeanie,0,19,19
Jeannelle,0,19,19
Jediaël,18,3,21
Jeetendra,19,0,19
Jelaysa,0,19,19
Jelle-Jan,19,0,19
Jelsje,0,19,19
Jenessa,0,19,19
Jerien,11,8,19
Jermina,0,19,19
Jerno,19,0,19
Jesco,19,0,19
Jikje,0,19,19
Jilco,19,0,19
Jildo,11,8,19
Jiles,19,0,19
Jiwan,19,0,19
Joachimus,19,0,19
Jobkie,0,19,19
Joeki,3,17,20
Joënne,0,19,19
Joffry,19,0,19
Jogien,0,19,19
Johanny,3,15,18
Joie,3,16,19
Joliena,0,19,19
Jomairo,19,0,19
Jonte,17,3,20
Jorius,19,0,19
Jorrith,17,3,20
Jozia,12,7,19
Jozienus,19,0,19
JPM,8,11,19
Julier,19,0,19
Jaad,18,0,18
Jaccolien,0,18,18
Jacobinus,18,0,18
Jadira,0,18,18
Jagdies,18,0,18
Jahvairo,18,0,18
Jaley,0,18,18
Jamari,18,0,18
Jamayra,0,18,18
Jamin,16,3,19
Jamiroquai,18,0,18
Janise,0,18,18
Janoux,3,17,20
Jardo,18,0,18
Jarieke,0,18,18
Jarino,18,0,18
Jarit,14,3,17
Jarst,18,0,18
Jarwin,18,0,18
Jatin,17,3,20
Javiër,16,3,19
Jaylyn,3,17,20
Jayren,18,0,18
Jean-François,18,0,18
Jeanella,0,18,18
Jedid-Jah,13,5,18
Jedinja,0,18,18
Jee,13,5,18
Jeichienus,18,0,18
Jeltjo,18,0,18
Jenae,0,18,18
Jenaily,0,18,18
Jentjen,3,17,20
Jessé,16,3,19
Jetsina,0,18,18
Jetsko,18,0,18
Jévano,18,0,18
JHM,9,9,18
Jikkina,0,18,18
Jilje,18,0,18
Jilmer,18,0,18
Jimm,18,0,18
Jinske,0,18,18
Jirka,9,9,18
Joachiem,18,0,18
Jocelijn,3,17,20
Joekie,3,16,19
Jogina,0,18,18
Jolies,0,18,18
Jolling,18,0,18
Jonadab,18,0,18
Jordynn,0,18,18
Jorianne,0,18,18
Jorino,18,0,18
Jorissa,0,18,18
Jorrien,0,18,18
Josephie,0,18,18
Joséphus,18,0,18
Joslin,7,11,18
Josquin,18,0,18
Jostein,18,0,18
Jousef,18,0,18
Joussef,18,0,18
Joycelin,0,18,18
Jozijna,0,18,18
Judika,0,18,18
Julisca,0,18,18
Jullien,13,5,18
Jurjendina,0,18,18
Jurne,17,3,20
Justinianus,17,3,20
Juulz,3,14,17
J'adore,0,17,17
Jaatje,0,17,17
Jaceline,0,17,17
Jacobtje,0,17,17
Jacolijn,0,17,17
Jacomijndert,17,0,17
Jah,13,3,16
Jahvensley,17,0,17
Jaitske,0,17,17
Jalysha,0,17,17
Jan-Erik,17,0,17
Jan-Jelle,17,0,17
Janicke,0,17,17
Janpieter,17,0,17
Jare,3,13,16
Jaroslava,3,16,19
Jarvis,17,0,17
Jasleen,0,17,17
Jaslyn,3,16,19
Jaspreet,5,12,17
Jasserina,0,17,17
Javairo,17,0,17
Jaylah,0,17,17
Jaymar,17,0,17
Jayrell,17,0,17
Jazley,6,11,17
Jeaninne,0,17,17
Jeanno,17,0,17
Jeano,16,3,19
Jelmen,17,0,17
Jelsche,0,17,17
Jennemieke,0,17,17
Jennika,0,17,17
Jeremaiah,17,0,17
Jeremih,17,0,17
Jeritza,0,17,17
Jerrald,17,0,17
Jesayah,15,3,18
Jessalyn,0,17,17
Jieke,3,16,19
Jilia,3,16,19
Jissia,7,10,17
Joceline,0,17,17
Jochbeth,0,17,17
Jochgem,17,0,17
Joèl,13,3,16
John-Boy,17,0,17
Johnna,3,15,18
Jokelien,0,17,17
Jolène,0,17,17
Joopje,0,17,17
Joscelyn,3,13,16
Joselito,17,0,17
Josin,13,3,16
Josra,3,15,18
Josselyn,0,17,17
Josyne,0,17,17
Jouayria,0,17,17
Jowena,0,17,17
Joze,3,14,17
Jozet,3,15,18
Jubelina,0,17,17
Judig,0,17,17
Juel,12,5,17
Juha,16,3,19
Juliánna,0,17,17
Juria,0,17,17
Jurmen,17,0,17
Juwel,5,12,17
Jacklin,3,13,16
Jaconias,16,0,16
Jadelyn,0,16,16
Jaelin,3,15,18
Jaeven,16,0,16
Jaffar,12,3,15
Jagdish,15,3,18
Jaheem,16,0,16
Jahmai,16,0,16
Jahmani,13,3,16
Jaïre,3,12,15
Jamaro,16,0,16
Jamayro,16,0,16
Janah,3,14,17
Janiro,16,0,16
Jantijn,15,3,18
Japikje,0,16,16
Jarg,16,0,16
Jasemin,0,16,16
Jashwant,16,0,16
Javaid,14,3,17
Jaydean,15,3,18
Jayke,15,3,18
Jaylee-Ann,0,16,16
Jazzlinn,0,16,16
Jeandré,16,0,16
Jeanneau,13,3,16
Jeannetje,0,16,16
Jelia,0,16,16
Jelies,16,0,16
Jeltien,0,16,16
Jemain,15,3,18
Jemi,8,8,16
Jeremai,16,0,16
Jesmae,0,16,16
Jesselynn,0,16,16
Jies,3,12,15
Jilan,11,5,16
Jilkje,0,16,16
JJM,11,5,16
Joanette,0,16,16
Joantine,0,16,16
Joé,5,11,16
Joest,16,0,16
Joh,11,5,16
John-John,16,0,16
Johnas,16,0,16
Jóia,3,15,18
Jomina,0,16,16
Jonel,5,11,16
Jonette,0,16,16
Jonice,0,16,16
Joortje,0,16,16
Josephta,0,16,16
Josian,5,11,16
Joslyn,3,12,15
Jost,16,0,16
Josyanne,3,15,18
Jounaid,15,3,18
Jounes,16,0,16
Jovina,0,16,16
Joye,3,14,17
Jozefia,0,16,16
Jozefiene,0,16,16
Jozefius,16,0,16
Joziene,0,16,16
Junes,14,3,17
Junte,16,0,16
Justy,8,8,16
Juwayriyah,0,16,16
Jabez,15,0,15
Jacobijntje,0,15,15
Jahmarley,13,3,16
Jahmiro,15,0,15
Jaidee,3,11,14
Jaimen,15,0,15
Jaimy-Lynn,0,15,15
Jalini,0,15,15
Jannelle,0,15,15
Japina,0,15,15
Jarine,0,15,15
Jarmilla,0,15,15
Jaroslaw,15,0,15
Jarre,14,3,17
Jarvi,15,0,15
Jasmeet,5,10,15
Javiera,0,15,15
Javin,15,0,15
Jaxen,15,0,15
Jaxy,0,15,15
Jaymairo,15,0,15
Jayvee,14,3,17
Jazlin,3,13,16
JCM,8,7,15
Jeandro,15,0,15
Jeantje,0,15,15
Jeb,15,0,15
Jehu,15,0,15
Jelaino,15,0,15
Jelaya,0,15,15
Jelijn,0,15,15
Jelysa,0,15,15
Jemmy,13,3,16
Jeraily,12,3,15
Jerino,15,0,15
Jerk,15,0,15
Jerker,15,0,15
Jerko,15,0,15
Jeroah,15,0,15
Jeronima,0,15,15
Jesra,10,5,15
Jevaino,15,0,15
JGM,6,9,15
Jielia,0,15,15
Jilano,15,0,15
Jimkje,0,15,15
Jiři,15,0,15
Jirska,0,15,15
Jizreël,14,3,17
Joachima,0,15,15
Joachime,3,14,17
Joannita,0,15,15
Jocbeth,0,15,15
Jocea,0,15,15
Jodina,0,15,15
Joell,10,5,15
Johanna-Maria,0,15,15
Johen,9,6,15
Jolize,0,15,15
Jolyon,15,0,15
Jónathan,15,0,15
Jondalar,15,0,15
Jonine,0,15,15
Jordano,15,0,15
Jorginio,15,0,15
Jorny,15,0,15
Jorwin,15,0,15
Joseba,3,11,14
Jouhaina,0,15,15
Joycelynn,0,15,15
Jozea,0,15,15
Juanna,3,14,17
Junah,3,12,15
Junairo,15,0,15
Juneau,9,6,15
Jurijn,15,0,15
Jurphaas,15,0,15
Justyna,0,15,15
Jabe,14,0,14
Jabrane,14,0,14
Jacandra,0,14,14
Jackelina,3,13,16
Jacki,6,8,14
Jaddai,5,9,14
Jahmilla,0,14,14
Jaim,14,0,14
Jalle,14,0,14
Jameela,0,14,14
Jamela,0,14,14
Jamile,10,3,13
Janes,14,0,14
Janitha,0,14,14
Janto,14,0,14
Jarien,7,7,14
Jarna,0,14,14
Jarnik,14,0,14
Jasinta,0,14,14
Jasmeen,0,14,14
Jawina,0,14,14
Jayenna,0,14,14
Jaylena,0,14,14
Jealina,0,14,14
Jeanel,3,12,15
Jeaney,0,14,14
Jedediah,14,0,14
Jeichiene,0,14,14
Jeigien,0,14,14
Jemie,8,6,14
Jerald,14,0,14
Jeran,13,3,16
Jeremay,14,0,14
Jérémy,14,0,14
Jesaia,11,3,14
Jeshurun,14,0,14
Jhanvi,0,14,14
Jhenna,0,14,14
Jildis,0,14,14
Jilte,5,9,14
Jinn,3,10,13
Jit,6,8,14
Jiva,3,12,15
Jivaro,14,0,14
Joanetta,0,14,14
Joanke,3,13,16
Jodoka,0,14,14
Joely,0,14,14
Joeye,12,3,15
Johans,14,0,14
Johnnij,14,0,14
Jolissa,0,14,14
Jonge,13,3,16
Jonieke,0,14,14
Jopy,8,6,14
Joreno,14,0,14
Jorga,0,14,14
Joriek,3,12,15
Joseé,3,11,14
Joshka,3,10,13
Jouad,14,0,14
Jousra,0,14,14
Joyah,0,14,14
Jozephius,14,0,14
Juani,11,3,14
Judigje,0,14,14
Julean,14,0,14
Juley,0,14,14
Julias,14,0,14
Júlio,14,0,14
Junice,0,14,14
Justiena,3,13,16
Juus,12,3,15
Juwairiya,0,14,14
Jyll,0,14,14
Jacely,0,13,13
Jacintho,13,0,13
Jacomeintje,0,13,13
Jaedyn,3,12,15
Jaffa,0,13,13
Jahlil,13,0,13
Jahzion,13,0,13
Jaidyn,3,12,15
Jairus,13,0,13
Jaiven,13,0,13
Jakkele,13,0,13
Jamail,13,0,13
Jamal-Eddine,13,0,13
Jamilo,13,0,13
Jamison,13,0,13
Jan-Christiaan,13,0,13
Jan-Derk,13,0,13
Jan-Martijn,13,0,13
Janhendrik,13,0,13
Jannechien,0,13,13
Jannerieke,0,13,13
Janot,12,3,15
Janson,13,0,13
Japkje,0,13,13
Jaquline,3,12,15
Jareau,12,3,15
Jarrick,13,0,13
Jaser,12,3,15
Jasira,0,13,13
Jasparus,13,0,13
Javid,13,0,13
Jaw,13,0,13
Jayceley,0,13,13
Jayliana,0,13,13
Jayms,13,0,13
Jaynoah,12,3,15
Jayvelino,13,0,13
Jazmyn,0,13,13
Jazzly,6,7,13
Jeady,3,12,15
Jean-Yves,13,0,13
Jeason,13,0,13
Jeavano,13,0,13
Jeffreij,13,0,13
Jelisha,0,13,13
Jeliyah,0,13,13
Jellisa,0,13,13
Jemme,12,3,15
Jenica,3,12,15
Jenina,0,13,13
Jenise,0,13,13
Jenko,13,0,13
Jennice,0,13,13
Jerine,0,13,13
Jermi,13,0,13
Jerna,0,13,13
Jerold,13,0,13
Jerrell,13,0,13
Jerrely,8,5,13
Jeruël,13,0,13
Jesney,3,10,13
Jessmay,0,13,13
Jeva,3,11,14
Jevgeni,13,0,13
Jevin,12,3,15
Jexx,12,3,15
Jiao,3,12,15
Jiayi,3,12,15
Jila,0,13,13
Jilbert,13,0,13
Jillia,0,13,13
Jillz,0,13,13
Jimin,11,3,14
Jira,3,12,15
Jiří,13,0,13
Jizri,12,3,15
Jo-Janneke,0,13,13
Joannah,0,13,13
Johannet,3,12,15
Johantje,0,13,13
Jojanna,0,13,13
Joland,12,3,15
Joleyn,0,13,13
Jonique,0,13,13
Jonnij,13,0,13
Jorijntje,0,13,13
Jorry,12,3,15
Josafat,13,0,13
Josèphine,0,13,13
Josepho,6,7,13
Joshuah,13,0,13
Josko,13,0,13
Jottje,13,0,13
Joubert,12,3,15
Joukina,0,13,13
Jourik,13,0,13
Jowel,8,5,13
Jowen,3,9,12
Joyke,0,13,13
Jozefhina,0,13,13
Jozetta,0,13,13
Jucunda,0,13,13
Judoka,0,13,13
Juliene,3,10,13
Julka,0,13,13
Jurinus,13,0,13
Jusra,0,13,13
Jutte,3,9,12
Juventia,0,13,13
Jaapjan,12,0,12
Jachim,12,0,12
Jachinta,0,12,12
Jacolientje,0,12,12
Jacquie,3,10,13
Jaé,7,5,12
Jaedy,3,9,12
Jaelah,3,11,14
Jaell,8,3,11
Jaenet,0,12,12
Jaevano,12,0,12
Jahfari,12,0,12
Jahleesa,0,12,12
Jahlina,0,12,12
Jahmaira,0,12,12
Jahnavi,0,12,12
Jahvinio,12,0,12
Jahya,9,3,12
Jaila,0,12,12
Jaitse,12,0,12
Jalda,0,12,12
Jamilio,12,0,12
Jamill,11,3,14
Jamillo,12,0,12
Jan-Cees,12,0,12
Jan-Johan,12,0,12
Jan-willem,12,0,12
Janaira,0,12,12
Janan,3,8,11
Janeau,10,3,13
Janely,3,8,11
Janeth,0,12,12
Janicia,0,12,12
Janira,0,12,12
Jankina,0,12,12
Janneske,0,12,12
Jannettha,0,12,12
Janu,10,3,13
Jaouhara,0,12,12
Japik,12,0,12
Jarinde,0,12,12
Jassem,12,0,12
Jasser,12,0,12
Jay-Dean,12,0,12
Jayano,12,0,12
Jaydison,12,0,12
Jayfano,12,0,12
Jayvani,12,0,12
Jayviano,12,0,12
Jaywant,12,0,12
Jean-Baptist,12,0,12
Jeanin,3,10,13
Jeannel,3,11,14
Jedaiah,10,3,13
Jedy,3,8,11
Jeewan,12,0,12
Jefrem,12,0,12
Jeftah,12,0,12
Jelin,3,10,13
Jemal,12,0,12
Jemar,12,0,12
Jemaro,12,0,12
Jenah,0,12,12
Jenayra,0,12,12
Jennemie,3,10,13
Jenniek,3,9,12
Jeraldo,12,0,12
Jeray,12,0,12
Jerel,7,5,12
Jerell,12,0,12
Jeremyah,12,0,12
Jerfy,12,0,12
Jerinus,12,0,12
Jermia,8,3,11
Jerne,11,3,14
Jeroom,12,0,12
Jerri,12,0,12
Jerusa,0,12,12
Jerwin,12,0,12
Jevairo,12,0,12
Jeyda,0,12,12
Jicky,3,10,13
Jilian,6,6,12
Jipkje,0,12,12
Jitsina,0,12,12
Jivika,0,12,12
Joalien,0,12,12
Joash,12,0,12
Jobst,12,0,12
Jochébed,0,12,12
Johannas,12,0,12
Jojet,3,11,14
Jordann,9,3,12
Jordine,0,12,12
Jören,12,0,12
Joria,0,12,12
Jorney,12,0,12
Josaphat,12,0,12
Josephita,0,12,12
Josewina,0,12,12
Josuha,12,0,12
Jouhara,0,12,12
Jozy,7,5,12
Jr.,12,0,12
Judicus,12,0,12
Julie-Jet,0,12,12
Juliusz,11,3,14
Jullius,12,0,12
Juny,7,5,12
Jurria,0,12,12
Jurrianne,0,12,12
Justijn,12,0,12
Juwan,11,3,14
Juwayriah,0,12,12
Jabriël,11,0,11
Jackobus,11,0,11
Jacob-Willem,11,0,11
Jacobyne,0,11,11
Jacov,11,0,11
Jaèl,6,5,11
Jahangir,10,3,13
Jahlano,11,0,11
Jahleel,11,0,11
Jahmayra,0,11,11
Jahnoa,8,3,11
Jahvano,11,0,11
Jailee,3,10,13
Jaïm,11,0,11
Jairen,11,0,11
Jaïris,3,10,13
Jakim,11,0,11
Jallal,11,0,11
Jalloh,5,6,11
Jamèl,11,0,11
Jamyla,0,11,11
Jan-Bas,11,0,11
Jan-Jasper,11,0,11
Jan-Mathijs,10,3,13
Jan-Teunis,11,0,11
Janat,0,11,11
Jandine,0,11,11
Jané,0,11,11
Janicy,0,11,11
Janissa,0,11,11
Jankie,0,11,11
Jannesien,0,11,11
Jannyck,7,3,10
Janpeter,11,0,11
Jansz,8,3,11
Januska,0,11,11
Janvier,9,3,12
Jarinda,0,11,11
Jarrell,11,0,11
Jarrett,10,3,13
Jarzinho,11,0,11
Jasperien,0,11,11
Jassine,11,0,11
Jaukje,0,11,11
Javelin,8,3,11
Jaycelynn,0,11,11
JayJay,11,0,11
Jaylenn,11,0,11
Jayline,0,11,11
Jaylion,11,0,11
Jaynee,0,11,11
Jayshano,11,0,11
Jayvairo,11,0,11
Jayvanio,11,0,11
Jayz,11,0,11
Jazz-lynn,0,11,11
Jeamy,3,7,10
Jean-Maurice,11,0,11
Jeannita,0,11,11
Jeanpierre,11,0,11
Jeavy,11,0,11
Jed,11,0,11
Jehro,11,0,11
Jel,5,6,11
Jeli,0,11,11
Jeltiena,0,11,11
Jelyn,0,11,11
Jemisa,0,11,11
Jenaïro,11,0,11
Jentske,0,11,11
Jeramiah,11,0,11
Jerobeam,11,0,11
Jerónimo,11,0,11
Jeronius,11,0,11
Jerony,9,3,12
Jerta,0,11,11
Jervin,11,0,11
Jesarela,0,11,11
Jeschurun,11,0,11
Jeshaja,10,3,13
Jesinus,11,0,11
Jesmee,0,11,11
Jesmina,0,11,11
Jessalynn,0,11,11
Jesseline,0,11,11
Jessly,3,10,13
Jessye,3,10,13
Jesua,10,3,13
Jeton,11,0,11
Jeyla,0,11,11
Jibriel,11,0,11
Jilske,0,11,11
Jiltje,3,9,12
Jo-Lynn,0,11,11
Joàn,3,7,10
Joanieke,0,11,11
Jochiena,0,11,11
Joco,3,10,13
Jodecy,5,6,11
Jodine,0,11,11
Jodoca,0,11,11
Joffre,11,0,11
Johanno,6,5,11
Jokeline,0,11,11
Jolice,0,11,11
Jonathon,11,0,11
Jonella,0,11,11
Jonn,11,0,11
Joopie,3,8,11
Joostdina,0,11,11
Jootje,3,9,12
Jordinus,11,0,11
Jordon,11,0,11
Jorein,3,7,10
Jorghino,10,3,13
Josefita,3,10,13
Joselynn,0,11,11
Joseppe,11,0,11
Joshlyn,0,11,11
Josijntje,0,11,11
Josimar,11,0,11
Jostijn,10,3,13
Josyna,0,11,11
Jotie,3,8,11
Joucke,8,3,11
Joukien,0,11,11
Jovian,11,0,11
Jowella,0,11,11
Jozanna,0,11,11
Jozefta,0,11,11
Juan-Carlos,11,0,11
Juko,11,0,11
Juleke,0,11,11
Juliètte,0,11,11
Julijn,0,11,11
Jullia,0,11,11
Juray,11,0,11
Jurge,11,0,11
Jurijna,0,11,11
Jurko,11,0,11
Jurriene,0,11,11
Jaake,10,0,10
Jaakko,10,0,10
Jabari,10,0,10
Jabes,10,0,10
Jaccomijn,0,10,10
Jacelien,3,9,12
Jacobia,0,10,10
Jacopo,10,0,10
Jacquelyn,0,10,10
Jacquoline,0,10,10
Jadiel,9,3,12
Jadore,0,10,10
Jadran,10,0,10
Jaélynn,0,10,10
Jaenine,3,9,12
Jaennette,0,10,10
Jah-Noah,10,0,10
Jahiro,10,0,10
Jahmil,10,0,10
Jahmila,0,10,10
Jaicy,3,8,11
Jaidan,10,0,10
Jaidon,10,0,10
Jain,5,5,10
Jairon,10,0,10
Jaishri,3,9,12
Jaitoen,0,10,10
Jakomijn,0,10,10
Jalie,0,10,10
Jamille,3,6,9
Jamillia,0,10,10
Jan-Berend,10,0,10
Jan-David,10,0,10
Jan-Frederik,10,0,10
Jan-Harmen,10,0,10
Jan-Marten,10,0,10
Jan-Niek,10,0,10
Janbart,10,0,10
Janeska,0,10,10
Janisa,0,10,10
Jannek,8,3,11
Janneken,3,9,12
Jansine,0,10,10
Jantientje,0,10,10
Japiena,0,10,10
Jaquin,9,3,12
Jardena,0,10,10
Jarmain,10,0,10
Jarmaine,7,3,10
Jaroen,10,0,10
Jarren,10,0,10
Jarreth,10,0,10
Jarryd,10,0,10
Jasdeep,7,3,10
Jasmein,0,10,10
Jasoda,0,10,10
Jasperinus,10,0,10
Jaspriena,0,10,10
Javayro,10,0,10
Jave,10,0,10
Jayanthi,0,10,10
Jayendra,9,3,12
Jaylene,0,10,10
Jayliah,0,10,10
Jayliën,0,10,10
Jayliënne,0,10,10
Jaylissa,0,10,10
Jaymes,9,3,12
Jayni,0,10,10
Jayrano,10,0,10
Jaysan,10,0,10
Jaysey,7,3,10
Jaysley,8,3,11
Jazzmay,0,10,10
Jazzmine,0,10,10
Jeaden,9,3,12
Jeanpaul,10,0,10
Jecobus,9,3,12
Jedithja,0,10,10
Jeenke,0,10,10
Jelanie,6,3,9
Jelbert,10,0,10
Jelizah,0,10,10
Jenaisa,0,10,10
Jenaiya,0,10,10
Jenelva,0,10,10
Jenka,0,10,10
Jenneley,0,10,10
Jennichjen,0,10,10
Jennike,0,10,10
Jenoa,3,7,10
Jents,9,3,12
Jentse,10,0,10
Jerah,8,3,11
Jeremya,9,3,12
Jeriah,9,3,12
Jermayne,9,3,12
Jern,10,0,10
Jerny,3,7,10
Jerphia,0,10,10
Jerreau,10,0,10
Jerrelino,10,0,10
Jerren,10,0,10
Jery,8,3,11
Jesica,0,10,10
Jesko,10,0,10
Jesmé,0,10,10
Jeson,10,0,10
Jessai,10,0,10
Jessamine,0,10,10
Jesser,10,0,10
Jessina,0,10,10
Jettine,3,9,12
Jetzke,0,10,10
Jevainy,0,10,10
Jeylin,0,10,10
Jezien,0,10,10
Jezinus,10,0,10
Jiano,10,0,10
Jiraiya,9,3,12
Jiřina,0,10,10
Jirmeja,7,3,10
Jivin,10,0,10
JLM,8,3,11
Joad,10,0,10
Joandy,5,5,10
JoAnn,0,10,10
Jobbina,0,10,10
Jocelina,0,10,10
Joél,9,3,12
Joene,8,3,11
Joenes,10,0,10
Joeng,8,3,11
Jofrey,10,0,10
Joghem,10,0,10
Johanson,10,0,10
John-Patrick,10,0,10
Joi,3,8,11
Jolée,0,10,10
Joma,0,10,10
Jonetta,0,10,10
Jonis,9,3,12
Jordany,8,3,11
Jorghinio,10,0,10
Jorienke,0,10,10
Jorinke,0,10,10
Josefia,0,10,10
Josefie,0,10,10
Joséfina,0,10,10
Josewiena,0,10,10
Jot,5,5,10
Jotje,6,3,9
Jou,9,3,12
Jouelle,0,10,10
Joulz,3,6,9
Jourdain,10,0,10
Jowina,0,10,10
Joy-Ann,0,10,10
Joyner,5,5,10
Jozefinus,10,0,10
Jozientje,0,10,10
Juara,5,5,10
Judora,0,10,10
Juerd,10,0,10
Jui,5,5,10
Juliam,9,3,12
Julíe,0,10,10
Julién,10,0,10
Julis,9,3,12
July-Ann,0,10,10
Junot,9,3,12
Jup,10,0,10
Jurandy,9,3,12
Juremy,10,0,10
Jurran,10,0,10
Jurre-Jan,10,0,10
Jursley,10,0,10
Justyn,10,0,10
Juvencio,10,0,10
Jaabir,9,0,9
Jaapien,0,9,9
Jabar,5,3,8
Jacomiene,0,9,9
Jacorien,0,9,9
Jacquelientje,0,9,9
Jacquéline,0,9,9
Jacquemine,0,9,9
Jadian,9,0,9
Jadin,6,3,9
Jaé-Lynn,0,9,9
Jaece,9,0,9
Jaedan,9,0,9
Jaél,6,3,9
Jaelinn,0,9,9
Jaéll,8,3,11
Jaély,0,9,9
Jaevi,9,0,9
Jaevy,9,0,9
Jahlysa,0,9,9
Jahmaily,0,9,9
Jahrencio,9,0,9
Jailson,9,0,9
Jaine,0,9,9
Jaino,9,0,9
Jaisa,3,8,11
Jakelien,3,8,11
Jakeline,0,9,9
Jakobs,9,0,9
Jakomijntje,0,9,9
Jali,3,6,9
Jalicia,0,9,9
Jalt,9,0,9
Jamaima,0,9,9
Jamano,9,0,9
Jamara,0,9,9
Jamee,3,6,9
Jamero,9,0,9
Jan-Arend,9,0,9
Jan-Evert,9,0,9
Jan-Jozef,9,0,9
Janilo,9,0,9
Janja,3,8,11
Jannely,0,9,9
Jannienke,0,9,9
Jannitha,0,9,9
Janssina,0,9,9
Jantino,9,0,9
Janton,9,0,9
Janty,3,8,11
Janz,8,3,11
Jaouhar,8,3,11
Japheth,9,0,9
Jarule,9,0,9
Jasen,9,0,9
Jasintha,0,9,9
Jaslin,0,9,9
Jasodra,0,9,9
Javiero,9,0,9
Jawikje,0,9,9
Jaxxon,9,0,9
Jay-Sean,9,0,9
Jayco,9,0,9
Jaydrian,9,0,9
Jayly,3,7,10
Jayney,0,9,9
Jayvë,9,0,9
Jayvelinio,9,0,9
Jayvyn,9,0,9
Jaze,9,0,9
Jazmay,0,9,9
Jealy,3,8,11
Jealyn,0,9,9
Jeanell,3,7,10
Jeanely,0,9,9
Jeannice,0,9,9
Jeannina,0,9,9
Jeannique,0,9,9
Jeannou,3,8,11
Jechiël,9,0,9
Jediah,9,0,9
Jefte,6,3,9
Jegor,9,0,9
Jehiel,9,0,9
Jekaterina,0,9,9
Jelayno,9,0,9
Jelinka,0,9,9
Jellena,0,9,9
Jelliene,0,9,9
Jelme,9,0,9
Jelmina,0,9,9
Jelter,9,0,9
JEM,5,3,8
Jemaima,0,9,9
Jenayo,9,0,9
Jendina,0,9,9
Jendrick,9,0,9
Jeneau,8,3,11
Jeng,5,3,8
Jeniek,3,8,11
Jeniyah,0,9,9
Jennegie,0,9,9
Jennius,8,3,11
Jeny,3,7,10
Jere,9,0,9
Jeremina,0,9,9
Jerena,0,9,9
Jerenzo,9,0,9
Jeresa,0,9,9
Jerron,9,0,9
Jertske,0,9,9
Jeru,8,3,11
Jerven,9,0,9
Jervis,9,0,9
Jesk,3,6,9
Jesly,3,5,8
Jessaï,9,0,9
Jeunessa,0,9,9
Jezebelle,0,9,9
Jezelina,0,9,9
Jhonnie,9,0,9
Jiddu,9,0,9
Jilana,0,9,9
Jill-Ann,0,9,9
Jilla,0,9,9
Jillie,0,9,9
Jils,5,3,8
Jimco,9,0,9
Jiovanni,9,0,9
Jishnu,9,0,9
Jismaël,9,0,9
Jissel,3,8,11
Jitendra,9,0,9
Jitzke,0,9,9
Jiu,3,5,8
Jo'anna,0,9,9
Jo-Anneke,0,9,9
Jo-Ellen,0,9,9
Joachina,0,9,9
Joaney,0,9,9
Jobkina,0,9,9
Jocelien,0,9,9
Joch,9,0,9
Jochien,0,9,9
Jodeci,6,3,9
Joèlla,0,9,9
Joèlle,0,9,9
Joera,7,3,10
Joessef,3,6,9
Joëtte,0,9,9
Johan-Willem,9,0,9
Johannella,0,9,9
Johfra,8,3,11
Joka,3,8,11
Jolantha,0,9,9
Jole,3,5,8
Joleigh,0,9,9
Jonafia,0,9,9
Jonay,7,3,10
Joniek,0,9,9
Jonnah,3,7,10
Jonni,6,3,9
Jono,9,0,9
Joostine,0,9,9
Jorco,9,0,9
Jorens,9,0,9
Jorisje,0,9,9
Jors,9,0,9
Josaphina,0,9,9
José-Marie,3,7,10
Josella,0,9,9
Josephio,3,8,11
Josophina,0,9,9
Jostine,0,9,9
Josuah,9,0,9
Joti,3,7,10
Joud,6,3,9
Joudia,0,9,9
Jouiria,0,9,9
Jovannie,8,3,11
Joy-Lynn,0,9,9
Joycelien,0,9,9
Józefa,3,8,11
Jozefin,0,9,9
Jozephia,3,8,11
Jozeva,0,9,9
Jubert,9,0,9
Julèn,8,3,11
Juletta,0,9,9
Juliani,5,3,8
Juliènne,0,9,9
Julima,0,9,9
Julles,8,3,11
Junayda,0,9,9
Junhao,9,0,9
Junne,8,3,11
Junny,9,0,9
Jurendy,9,0,9
Jurianne,0,9,9
Juriënne,0,9,9
Jurny,3,7,10
Jurrienus,9,0,9
Jursey,3,6,9
Justi,3,5,8
Jutha,3,8,11
Juvani,9,0,9
J-Jay,8,0,8
Jaakje,0,8,8
Jaakop,8,0,8
Jabin,7,3,10
Jacey-Lynn,0,8,8
Jaci,3,7,10
Jacinth,3,6,9
Jacobert,8,0,8
Jacobis,8,0,8
Jacoliena,0,8,8
Jacquin,8,0,8
Jacqulina,0,8,8
Jacub,8,0,8
Jadan,8,0,8
Jadely,0,8,8
Jaelen,8,0,8
Jaéli,3,7,10
Jaemy,5,3,8
Jaenne,3,7,10
Jaeson,8,0,8
Jaevey,8,0,8
Jafaar,8,0,8
Jagoda,0,8,8
Jahier,8,0,8
Jahlino,8,0,8
Jahmayro,8,0,8
Jahmilio,8,0,8
Jaide,0,8,8
Jaier,8,0,8
Jailen,6,3,9
Jainaba,0,8,8
Jainarain,8,0,8
Jaïsa,0,8,8
Jaivano,8,0,8
Jakle,8,0,8
Jakobe,0,8,8
Jalana,0,8,8
Jaliah,0,8,8
Jalmari,8,0,8
Jalon,8,0,8
Jamaël,8,0,8
Jamael,8,0,8
Jamaila,0,8,8
Jamaya,3,7,10
Jamayla,0,8,8
Jamecia,0,8,8
Jameelah,0,8,8
Jameley,3,7,10
Jamell,6,3,9
Jamia,0,8,8
Jamie-lee,0,8,8
Jamiela,0,8,8
Jamuna,3,7,10
Jan-Cornelis,8,0,8
Jan-Leo,8,0,8
Janaisha,0,8,8
Janayro,8,0,8
Jandirk,8,0,8
Jane-Ann,0,8,8
Janea,0,8,8
Janez,8,0,8
Jania,0,8,8
Janillio,8,0,8
Janinne,3,7,10
Jannate,0,8,8
Janne-Marie,0,8,8
Jannel,3,5,8
Jannemie,0,8,8
Jannessiena,0,8,8
Jannot,7,3,10
Janoek,3,7,10
Janoeska,0,8,8
Janosh,8,0,8
Janyne,0,8,8
Janzen,3,7,10
Jao,7,3,10
Jaomi,0,8,8
Jarden,7,3,10
Jarel,6,3,9
Jaric,8,0,8
Jarid,7,3,10
Jarigina,0,8,8
Jarkko,8,0,8
Jarold,8,0,8
Jarret,8,0,8
Jarryl,8,0,8
Jashvant,8,0,8
Jasmyna,0,8,8
Jasparis,8,0,8
Jassir,8,0,8
Jaswand,8,0,8
Jata,0,8,8
Jate,3,7,10
Jatinder,6,3,9
Jawed,8,0,8
Jay-jay,8,0,8
Jay-lynn,0,8,8
Jayantkumar,8,0,8
Jayd,3,3,6
Jaydiël,8,0,8
Jayhlano,8,0,8
Jayhlen,8,0,8
Jaylany,3,6,9
Jaylison,8,0,8
Jayten,8,0,8
Jayvanti,0,8,8
Jayve,7,3,10
Jaziah,8,0,8
Jazlinn,0,8,8
Jazy,6,3,9
Jazzebel,0,8,8
Jeaniene,0,8,8
Jeannôt,6,3,9
Jeanou,3,7,10
Jedidah,0,8,8
Jeet,5,3,8
Jeetin,8,0,8
Jeffrin,7,3,10
Jeikelina,0,8,8
Jelaina,0,8,8
Jelainy,3,7,10
Jelana,0,8,8
Jelda,0,8,8
Jelicia,0,8,8
Jelise,0,8,8
Jellert,8,0,8
Jemaya,3,7,10
Jenascia,0,8,8
Jendo,8,0,8
Jeni,3,7,10
Jennaly,0,8,8
Jennick,7,3,10
Jennienke,0,8,8
Jentiene,0,8,8
Jeraih,8,0,8
Jeremaiha,7,3,10
Jerle,8,0,8
Jermiah,7,3,10
Jéron,8,0,8
Jeroni,6,3,9
Jerrard,8,0,8
Jerrica,0,8,8
Jersley,8,0,8
Jervaas,8,0,8
Jeselina,0,8,8
Jesia,0,8,8
Jesje,0,8,8
Jespe,8,0,8
Jessah,0,8,8
Jessely,0,8,8
Jesten,8,0,8
Jésus,8,0,8
Jettiena,0,8,8
Jevan,8,0,8
Jevy,8,0,8
Jewan,7,3,10
Jeyna,0,8,8
Jezra,7,3,10
Jhaleesa,0,8,8
Jhamal,8,0,8
Jheroen,8,0,8
Jiahao,7,3,10
Jianni,8,0,8
Jielt,8,0,8
Jikky,0,8,8
Jildes,0,8,8
Jilko,8,0,8
Jillard,8,0,8
Jilou,0,8,8
Jilse,0,8,8
Jimna,3,3,6
Jimy,8,0,8
Jinda,3,7,10
Jiselle,0,8,8
Jismaja,5,3,8
Jissie,0,8,8
Jitteke,0,8,8
Jittie,0,8,8
Jivani,5,3,8
JMJ,3,6,9
Joanique,3,7,10
Joanka,0,8,8
Joart,8,0,8
Jochempje,0,8,8
Jöel,8,0,8
Joëlly,3,7,10
Joepke,3,7,10
Joerik,8,0,8
Jogé,0,8,8
Johán,8,0,8
Johan-Pieter,8,0,8
Johnn,8,0,8
Jokke,7,3,10
Jol,3,3,6
Jolenne,0,8,8
Joliek,0,8,8
Jolijntje,0,8,8
Joliza,0,8,8
Jomaira,0,8,8
Jomie,3,7,10
Jonairo,8,0,8
Jonard,8,0,8
Jonatán,8,0,8
Jonathas,8,0,8
Jonet,0,8,8
Jongejaap,8,0,8
Jonty,7,3,10
Joppina,0,8,8
Jorda,3,5,8
Jores,8,0,8
Jorgina,0,8,8
Joriaan,8,0,8
Jorijke,0,8,8
Jorinthe,0,8,8
Jorjan,8,0,8
Jorrijn,7,3,10
Jorrinde,0,8,8
Jorrit-Jan,8,0,8
Jorte,3,3,6
Joryn,3,7,10
Joscelin,3,3,6
Joschka,7,3,10
Josefhina,0,8,8
Josefientje,0,8,8
Joshe,3,3,6
Joshue,8,0,8
Joshy,3,3,6
Josiana,0,8,8
Josphina,0,8,8
Josuina,0,8,8
Josyane,3,7,10
Joszef,8,0,8
Jotika,0,8,8
Jotta,0,8,8
Jounaida,0,8,8
Jounayd,8,0,8
Jovanie,8,0,8
Jovie,3,7,10
Jovy,7,3,10
Joylin,0,8,8
Jozeas,8,0,8
Jozèf,7,3,10
Jozephes,7,3,10
Jozephiena,0,8,8
Jozephinus,8,0,8
Juanisha,0,8,8
Juano,8,0,8
Juaquin,8,0,8
Juba,8,0,8
Judita,3,7,10
Judithje,0,8,8
Judokus,8,0,8
Juël,7,3,10
Juhi,0,8,8
Julaybib,8,0,8
Julee,0,8,8
Julianita,0,8,8
Juliëne,3,7,10
Julion,8,0,8
Junias,5,3,8
Jurena,0,8,8
Jurensley,8,0,8
Jürine,0,8,8
Juris,8,0,8
Jurjaan,8,0,8
Jurjun,8,0,8
Jürn,8,0,8
Jurrena,0,8,8
Jurriëtte,0,8,8
Juryan,8,0,8
Juub,8,0,8
Juurt,8,0,8
Juweriya,0,8,8
Juzijna,0,8,8
Jynn,3,7,10
Jynte,0,8,8
Jyotish,8,0,8
Jyro,8,0,8
Jyron,8,0,8
Ja'akov,7,0,7
Jaba,0,7,7
Jabekien,0,7,7
Jabien,0,7,7
Jabriel,7,0,7
Jabulani,7,0,7
Jaceley,3,6,9
Jacie,3,6,9
Jacobée,3,6,9
Jacobyn,0,7,7
Jacomein,0,7,7
Jacomo,7,0,7
Jacomyna,0,7,7
Jacoseba,0,7,7
Jacqelina,0,7,7
Jacyra,0,7,7
Jadee,3,6,9
Jadeley,3,6,9
Jadith,0,7,7
Jaedeny,0,7,7
Jaédian,7,0,7
Jaena,0,7,7
Jaëra,3,5,8
Jafer,7,0,7
Jag,7,0,7
Jahailey,0,7,7
Jahmailey,0,7,7
Jahmali,7,0,7
Jahmall,7,0,7
Jahmari,7,0,7
Jahmaya,0,7,7
Jahmiel,7,0,7
Jahmilia,0,7,7
Jahna,0,7,7
Jahnaya,0,7,7
Jahnell,3,5,8
Jahreno,7,0,7
Jahrone,7,0,7
Jahson,7,0,7
Jaice,6,3,9
Jaidev,7,0,7
Jaijant,7,0,7
Jaika,0,7,7
Jaimée,3,5,8
Jaimes,6,3,9
Jairadj,7,0,7
Jairah,0,7,7
Jaire,3,5,8
Jairson,7,0,7
Jaivi,7,0,7
Jaiwan,7,0,7
Jakobi,0,7,7
Jala,0,7,7
Jalaleddine,7,0,7
Jaleasa,0,7,7
Jaleena,0,7,7
Jaleyna,0,7,7
Jaliza,0,7,7
Jalmer,7,0,7
Jalynn,0,7,7
Jamé,5,3,8
Jamella,0,7,7
Jamen,7,0,7
Jamiën,7,0,7
Jan-Bert,7,0,7
Jan-Daan,7,0,7
Jan-Daniël,7,0,7
Jan-Joop,6,3,9
Jan-Jurjen,7,0,7
Jan-Marc,7,0,7
Jan-Martin,7,0,7
Jan-Matthijs,7,0,7
Jan-Michiel,7,0,7
Jan-Philip,7,0,7
Jan-Rein,7,0,7
Jan-Theo,7,0,7
Jan-Thomas,7,0,7
Jan-Wieger,7,0,7
Jancina,0,7,7
Jandira,0,7,7
Janelly,3,5,8
Janesh,7,0,7
Janeta,0,7,7
Janida,0,7,7
Janiel,6,3,9
Janigje,0,7,7
Janilla,0,7,7
Janinke,0,7,7
Janiya,0,7,7
Jannelies,0,7,7
Jannetha,0,7,7
Janosch,7,0,7
Janouska,0,7,7
Janset,0,7,7
Jansie,3,6,9
Janssien,0,7,7
Januschka,0,7,7
Jaqueliene,0,7,7
Jaquelin,3,6,9
Jar,6,3,9
Jarmil,7,0,7
Jarnell,6,3,9
Jaromír,7,0,7
Jarosław,7,0,7
Jarrold,7,0,7
Jaru,7,0,7
Järvi,7,0,7
Jashan,7,0,7
Jashley,3,6,9
Jasina,0,7,7
Jasperd,7,0,7
Jattje,0,7,7
Jau,3,3,6
Jauko,7,0,7
Javad,7,0,7
Javen,7,0,7
Javiér,7,0,7
Jawaad,7,0,7
Jawahir,3,6,9
Jawid,7,0,7
Jay-Cee,3,5,8
Jayanna,0,7,7
Jaydenn,6,3,9
Jaydior,7,0,7
Jaydrick,7,0,7
Jaylaino,7,0,7
Jaylia,0,7,7
Jaymin,7,0,7
Jaymon,7,0,7
Jayrone,7,0,7
Jayshairo,7,0,7
Jayvan,7,0,7
Jayvana,0,7,7
Jeacquelina,0,7,7
Jean-Luca,7,0,7
Jean-Pascal,7,0,7
Jeanelly,0,7,7
Jeaven,7,0,7
Jechonja,3,3,6
Jehoshua,7,0,7
Jekke,3,6,9
Jeleintje,0,7,7
Jeles,7,0,7
Jeliano,7,0,7
Jeliena,0,7,7
Jelinus,7,0,7
Jelletje,0,7,7
Jelliena,0,7,7
Jellinda,0,7,7
Jelse,5,3,8
Jeltske,0,7,7
Jelyna,0,7,7
Jemaily,3,5,8
Jemay,3,3,6
Jemila,0,7,7
Jence,7,0,7
Jendy,3,5,8
Jenilee,0,7,7
Jenisa,0,7,7
Jennat,0,7,7
Jennegiena,0,7,7
Jennegje,0,7,7
Jenner,7,0,7
Jenney,0,7,7
Jennina,0,7,7
Jennylee,0,7,7
Jénoah,6,3,9
Jensje,5,3,8
Jensley,7,0,7
Jentley,5,3,8
Jenty,3,6,9
Jepke,3,3,6
Jerailey,3,3,6
Jeremain,7,0,7
Jerin,6,3,9
Jerinho,7,0,7
Jermairo,7,0,7
Jeroen-Paul,7,0,7
Jeromé,7,0,7
Jeromina,0,7,7
Jerred,7,0,7
Jerrico,7,0,7
Jerril,6,3,9
Jerrin,6,3,9
Jersica,3,6,9
Jeruel,7,0,7
Jeskjen,0,7,7
Jesmey,0,7,7
Jessaja,3,3,6
Jesse-Jan,7,0,7
Jets,3,3,6
Jeunesse,0,7,7
Jex,6,3,9
Jezzy,3,5,8
Jhan,6,3,9
Jhinty,3,6,9
Jiale,6,3,9
Jiaqi,3,3,6
Jibrail,7,0,7
Jibriil,7,0,7
Jiers,3,5,8
Jikkelien,0,7,7
Jilka,0,7,7
Jillerd,7,0,7
Jilliane,0,7,7
Jilliën,0,7,7
Jillus,7,0,7
Jillyan,0,7,7
Jindi,3,3,6
Jinna,0,7,7
Jinora,0,7,7
Jintina,0,7,7
Jionni,6,3,9
Jirah,3,5,8
Jirri,7,0,7
Jirvis,7,0,7
Jitesh,7,0,7
Jix,7,0,7
Jo-Hanna,0,7,7
Joachin,5,3,8
Jóah,7,0,7
Joanda,0,7,7
Joannet,0,7,7
Joav,7,0,7
Jobe,7,0,7
Jobs,3,3,6
Jochbet,0,7,7
Jochima,0,7,7
Jochine,0,7,7
Joedo,7,0,7
Joeij,6,3,9
Joëly,0,7,7
Joesef,7,0,7
Joesra,0,7,7
Joffrie,7,0,7
Jofina,0,7,7
Jogchimus,7,0,7
Johannesz,7,0,7
Johanszoon,7,0,7
Johenna,0,7,7
John-Pierre,7,0,7
Johnaton,7,0,7
Joko,3,3,6
Jolandus,7,0,7
Joleida,0,7,7
Joleijn,0,7,7
Jolentha,0,7,7
Jolsje,0,7,7
Jomanda,0,7,7
Jomara,0,7,7
Joo,3,3,6
Jordão,7,0,7
Joré,5,3,8
Jorèl,7,0,7
Jorèn,7,0,7
Jorith,5,3,8
Jorret,7,0,7
Jorrian,7,0,7
Josa,3,5,8
Josaiah,7,0,7
Joseanne,0,7,7
Joseas,7,0,7
Joséba,0,7,7
Joseef,7,0,7
Joseffina,0,7,7
Josefinus,7,0,7
Josefius,7,0,7
Joseke,0,7,7
Joseliene,0,7,7
Joselijn,0,7,7
Joselyne,0,7,7
Josepfina,3,6,9
Josephi,0,7,7
Josephientje,0,7,7
Joseth,3,3,6
Joséva,0,7,7
Joshan,7,0,7
Joshja,3,6,9
Joshué,7,0,7
Josines,7,0,7
Josinia,0,7,7
Josri,7,0,7
Jostan,6,3,9
Josuë,5,3,8
Jotam,7,0,7
Jothan,7,0,7
Jouhaïna,0,7,7
Joukeline,0,7,7
Joup,7,0,7
Jouwairiya,0,7,7
Jovairo,7,0,7
Jox,7,0,7
Joyja,0,7,7
Joylynn,0,7,7
Joyra,0,7,7
Jozanne,0,7,7
Jozeffina,0,7,7
Jozep,7,0,7
Jozhua,7,0,7
Jozianne,0,7,7
Jozsi,5,3,8
Jozuf,7,0,7
Juanes,7,0,7
Juanitha,0,7,7
Jubbe,7,0,7
Jubel,0,7,7
Juco,7,0,7
Judick,3,3,6
Judine,0,7,7
Jue,3,3,6
Juen,5,3,8
Julet,0,7,7
Julette,0,7,7
Julianti,0,7,7
Julica,0,7,7
Julinho,7,0,7
Julliana,3,6,9
Julus,7,0,7
Junell,3,5,8
Junette,0,7,7
Júnior,7,0,7
Juraisa,0,7,7
Jurdanus,7,0,7
Jurden,7,0,7
Jurell,7,0,7
Jürjen,7,0,7
Juro,7,0,7
Jurrienne,0,7,7
Jurrine,0,7,7
Jurrines,7,0,7
Jurritje,0,7,7
Jurrius,6,3,9
Jurvin,7,0,7
Jurwin,7,0,7
Jusina,0,7,7
Jussara,0,7,7
Justiene,0,7,7
Justitia,0,7,7
Juud,3,6,9
Juvenalis,7,0,7
Juwain,7,0,7
Juwairiyah,0,7,7
Juzuf,7,0,7
JWM,5,3,8
Jylana,0,7,7
Jørg,7,0,7
Jaade,0,6,6
Jaaichien,0,6,6
Jaane,3,5,8
Jaas,6,0,6
Jaccobine,0,6,6
Jacey-Lee,0,6,6
Jackele,6,0,6
Jackelyn,0,6,6
Jackelyne,0,6,6
Jacklien,3,5,8
Jackx,6,0,6
Jacobszoon,6,0,6
Jacodien,0,6,6
Jacolyne,0,6,6
Jacop,6,0,6
Jacorina,0,6,6
Jacqelien,0,6,6
Jacqie,0,6,6
Jacx,6,0,6
Jadè,0,6,6
Jadena,0,6,6
Jadir,6,0,6
Jadranko,6,0,6
Jaeliyah,0,6,6
Jaëly,3,5,8
Jaemi,3,3,6
Jaene,3,5,8
Jaero,6,0,6
Jafari,5,3,8
Jagdew,6,0,6
Jage,3,3,6
Jager,6,0,6
Jagna,0,6,6
Jah-Liyah,0,6,6
Jahdiel,6,0,6
Jahdiël,3,3,6
Jahfairo,6,0,6
Jahiem,6,0,6
Jahlaisa,0,6,6
Jahlaya,0,6,6
Jahmaly,6,0,6
Jahmario,6,0,6
Jahnayro,6,0,6
Jahneiro,6,0,6
Jahraino,6,0,6
Jahro,6,0,6
Jahviño,6,0,6
Jahvino,6,0,6
Jaibreyon,6,0,6
Jaicey-Lynn,0,6,6
Jaider,6,0,6
Jaije,6,0,6
Jaikishan,6,0,6
Jailin,0,6,6
Jaimie-Lee,0,6,6
Jaimily,0,6,6
Jairaj,6,0,6
Jairomy,3,3,6
Jaïrzinho,6,0,6
Jaisey,3,3,6
Jaishree,0,6,6
Jaisingh,6,0,6
Jaisy,3,3,6
Jaitze,6,0,6
Jaivon,6,0,6
Jaiwantie,0,6,6
Jaiyana,0,6,6
Jaja,3,3,6
Jajo,3,3,6
Jakey,6,0,6
Jakkelien,0,6,6
Jakobijn,0,6,6
Jakup,6,0,6
Jalaysa,0,6,6
Jaleh,0,6,6
Jaleisha,0,6,6
Jaliene,0,6,6
Jalin,3,5,8
Jalise,3,5,8
Jalisia,0,6,6
Jamaily,0,6,6
Jamaisa,0,6,6
Jamali,6,0,6
Jamalia,0,6,6
Jaman,3,3,6
Jamani,5,3,8
Jamary,3,3,6
Jamillio,6,0,6
Jamine,0,6,6
Jamshid,6,0,6
Jamylee,0,6,6
Jamyro,6,0,6
Jan-Alexander,6,0,6
Jan-Bertus,6,0,6
Jan-Carel,6,0,6
Jan-Herm,6,0,6
Jan-Hidde,6,0,6
Jan-Hubert,6,0,6
Jan-Jan,6,0,6
Jan-Joseph,5,3,8
Jan-Leendert,6,0,6
Jan-Maurits,6,0,6
Jan-Simon,6,0,6
Jan-Teun,6,0,6
Janaat,0,6,6
Janaï,3,3,6
Janaisa,0,6,6
Janeal,5,3,8
Janesca,0,6,6
Janett,0,6,6
Janeva,0,6,6
Janieka,0,6,6
Janila,0,6,6
Janillo,6,0,6
Janineke,3,5,8
Janiyah,0,6,6
Janjan,5,3,8
Jankelina,0,6,6
Janna-Maria,0,6,6
Jannae,0,6,6
Janne-Marije,0,6,6
Jannekee,0,6,6
Jannelieke,0,6,6
Jannella,0,6,6
Jannigie,0,6,6
Jannyne,0,6,6
Janouck,0,6,6
Jansienus,6,0,6
Janssen,6,0,6
Janti,0,6,6
Janvi,0,6,6
Janyl,6,0,6
Jaouaher,0,6,6
Jarein,6,0,6
Jarena,3,5,8
Jarey,6,0,6
Jargo,6,0,6
Jarijn,5,3,8
Jarike,0,6,6
Jarinke,0,6,6
Jaris,5,3,8
Jarisha,0,6,6
Jarkje,0,6,6
Jarra,3,3,6
Jaryll,6,0,6
Jashlyn,0,6,6
Jashlynn,0,6,6
Jashua,6,0,6
Jashwan,6,0,6
Jaska,3,3,6
Jaskirat,3,3,6
Jaslyne,0,6,6
Jasmijntje,0,6,6
Jasmyne,0,6,6
Jaspal,3,3,6
Jasperijna,0,6,6
Jassica,0,6,6
Jasslyn,0,6,6
Jat,3,3,6
Javano,6,0,6
Javino,6,0,6
Jay-den,6,0,6
Jay-linn,0,6,6
Jayanth,6,0,6
Jayantri,0,6,6
Jayashri,0,6,6
Jayci,3,3,6
Jayciano,6,0,6
Jaylee-ann,0,6,6
Jaylisha,0,6,6
Jaymaro,6,0,6
Jaymely,0,6,6
Jaymiën,6,0,6
Jaymiley,0,6,6
Jayrino,6,0,6
Jayromar,6,0,6
Jaysun,6,0,6
Jayvinio,6,0,6
Jaywan,6,0,6
Jaz-Lynn,0,6,6
Jazeah,5,3,8
Jazz-Mae,0,6,6
Jazzney,3,5,8
Jealena,0,6,6
Jeami,3,3,6
Jeamie,3,3,6
Jéan,6,0,6
Jean-Carlo,6,0,6
Jean-George,6,0,6
Jean-Pièrre,6,0,6
Jeandine,0,6,6
Jeanett,0,6,6
Jeann,0,6,6
Jéanne,0,6,6
Jeanni,0,6,6
Jeantien,0,6,6
Jeantina,0,6,6
Jedde,5,3,8
Jedidia,3,3,6
Jeentina,0,6,6
Jeetinder,6,0,6
Jeetindra,6,0,6
Jeeva,3,3,6
Jefri,6,0,6
Jehlani,5,3,8
Jehona,0,6,6
Jeichine,0,6,6
Jeiselina,0,6,6
Jeleasa,0,6,6
Jelijne,0,6,6
Jellard,6,0,6
Jellianne,0,6,6
Jello,6,0,6
Jelrick,6,0,6
Jelwin,6,0,6
Jema,0,6,6
Jemel,5,3,8
Jenan,3,3,6
Jendayi,0,6,6
Jendrik,6,0,6
Jené,3,3,6
Jenefer,0,6,6
Jeneiro,6,0,6
Jenel,0,6,6
Jenella,0,6,6
Jenelly,3,5,8
Jeneva,0,6,6
Jenieta,0,6,6
Jenique,3,5,8
Jenje,0,6,6
Jenna-Lynn,0,6,6
Jennecy,0,6,6
Jenneffer,0,6,6
Jennessy,0,6,6
Jennesy,0,6,6
Jennetta,0,6,6
Jennigien,0,6,6
Jennilee,0,6,6
Jenta,0,6,6
Jenten,6,0,6
Jenth,5,3,8
Jentienus,6,0,6
Jentines,5,3,8
Jentle,3,5,8
Jeordy,5,3,8
Jeralyn,0,6,6
Jeras,6,0,6
Jerco,6,0,6
Jeremaine,6,0,6
Jeremayah,6,0,6
Jerephaas,6,0,6
Jerez,6,0,6
Jeriano,6,0,6
Jerimias,6,0,6
Jerinio,6,0,6
Jerlin,3,3,6
Jermay,6,0,6
Jermen,6,0,6
Jeroem,5,3,8
Jeroenis,6,0,6
Jeromey,6,0,6
Jeroy,6,0,6
Jerrelyn,0,6,6
Jerremiah,6,0,6
Jerromy,6,0,6
Jeruscha,0,6,6
Jervina,0,6,6
Jesaias,6,0,6
Jesel,3,5,8
Jeslinn,0,6,6
Jesmar,6,0,6
Jesner,6,0,6
Jesry,3,3,6
Jessaiah,3,3,6
Jesse-James,5,3,8
Jesselina,0,6,6
Jessien,3,3,6
Jesusita,0,6,6
Jetskalina,0,6,6
Jettchen,0,6,6
Jeulle,6,0,6
Jeune,0,6,6
Jevainey,0,6,6
Jevani,5,3,8
Jevaughn,6,0,6
Jevayro,6,0,6
Jewels,0,6,6
Jezza,3,3,6
Jezzebel,0,6,6
Jhalisa,0,6,6
Jhanna,0,6,6
Jhenaé,0,6,6
Jiannis,5,3,8
Jié,3,3,6
Jieldou,0,6,6
Jigme,5,3,8
Jikkemijn,0,6,6
Jikko,6,0,6
Jilany,5,3,8
Jilca,0,6,6
Jildouw,0,6,6
Jilgert,3,3,6
Jillianne,0,6,6
Jillisa,0,6,6
Jills,0,6,6
Jilly-Ann,0,6,6
Jilvano,6,0,6
Jim-Bob,6,0,6
Jimmy-Dean,6,0,6
Jinaan,0,6,6
Jinde,0,6,6
Jink,5,3,8
Jirayr,6,0,6
Jirry,6,0,6
Jitin,6,0,6
Jitsje,0,6,6
Jivana,0,6,6
JJA,5,3,8
JMM,3,5,8
Jo-Elle,0,6,6
Jo-Jan,3,3,6
Jo-Lee,3,5,8
Joach,6,0,6
Joaline,0,6,6
Joanet,0,6,6
Joanske,3,3,6
Joaqim,6,0,6
Jochemien,0,6,6
Jochomina,0,6,6
Jocinta,0,6,6
Jocomina,0,6,6
Joedy,3,3,6
Joële,3,5,8
Joës,6,0,6
Joeska,0,6,6
Jogchemina,0,6,6
Jogeeta,0,6,6
Jogesh,6,0,6
Johaina,0,6,6
Johaira,0,6,6
Jóhanan,5,3,8
Johanette,0,6,6
Johannan,6,0,6
Johannes-Baptist,6,0,6
Johanneszoon,6,0,6
Johantine,0,6,6
Johnij,6,0,6
Johnnathan,6,0,6
Johosua,6,0,6
Johran,6,0,6
Joina,3,5,8
Joja,3,5,8
Jokko,6,0,6
Jolaine,0,6,6
Jolana,0,6,6
Jolida,0,6,6
Jolienke,0,6,6
Jolinn,0,6,6
Jolles,6,0,6
Jomien,3,5,8
Jonadap,6,0,6
Jonesy,3,3,6
Jongejan,5,3,8
Joost-Willem,6,0,6
Joplin,3,3,6
Joray,5,3,8
Jorde,6,0,6
Jorek,6,0,6
Jorlan,6,0,6
Jornick,6,0,6
Jornie,6,0,6
Jorrel,6,0,6
Jorri,6,0,6
Joryan,6,0,6
Josafina,3,3,6
José-Maria,3,3,6
Josefes,6,0,6
Joséfien,0,6,6
Joselino,3,3,6
Joséph,6,0,6
Joshlynn,0,6,6
Josinta,3,5,8
Josipa,0,6,6
Josphine,0,6,6
Josselyne,3,5,8
Joszua,6,0,6
Jothi,0,6,6
Jottum,6,0,6
Jouck,3,5,8
Jouco,6,0,6
Jouëlle,3,5,8
Jovanda,0,6,6
Jovo,6,0,6
Jowana,0,6,6
Jowien,0,6,6
Joyanna,0,6,6
Joycelina,0,6,6
Joyka,0,6,6
Joylien,0,6,6
Joyti,0,6,6
Jozan,3,3,6
Jozee,0,6,6
Jozeffa,0,6,6
Jozefha,3,5,8
Jozelien,3,5,8
Joziah,6,0,6
Jozuah,6,0,6
JTM,3,3,6
Juarez,6,0,6
Jubin,5,3,8
Judan,6,0,6
Judeska,0,6,6
Judite,0,6,6
Judithe,0,6,6
Judmar,6,0,6
Juka,3,3,6
Julé,0,6,6
Juliène,3,3,6
Julièt,0,6,6
Juliun,6,0,6
Jullie,0,6,6
Jullienne,3,3,6
Jullisa,0,6,6
Julyen,5,3,8
Julynn,0,6,6
Jumairo,6,0,6
Jumeirah,0,6,6
Jùn,6,0,6
Junai,3,3,6
Juninhio,6,0,6
Jurai,3,3,6
Jurainy,3,3,6
Juric,6,0,6
Juriean,6,0,6
Jurijan,6,0,6
Jurion,6,0,6
Jurjens,6,0,6
Jurriaantje,0,6,6
Jurrijan,6,0,6
Jurvezina,0,6,6
Justan,6,0,6
Justiana,0,6,6
Juwairia,0,6,6
Juweria,0,6,6
Jynx,3,3,6
Jyothi,3,3,6
Jøran,6,0,6
J'Adore,0,5,5
J'Noah,5,0,5
J'velinio,5,0,5
Jaâfar,5,0,5
Jaanie,0,5,5
Jaap-Jelle,5,0,5
Jaap-Pieter,5,0,5
Jaasien,5,0,5
Jabbie,0,5,5
Jabriil,5,0,5
Jaccobien,0,5,5
Jaccoliene,0,5,5
Jackline,0,5,5
Jackob,5,0,5
Jacobea,3,3,6
Jacobientje,0,5,5
Jacolijne,0,5,5
Jacolin,0,5,5
Jacolyn,0,5,5
Jacquelijn,0,5,5
Jacquelijne,3,3,6
Jacquiline,0,5,5
Jacquo,5,0,5
Jader,5,0,5
Jaëda,0,5,5
Jaedin,3,3,6
Jaeike,0,5,5
Jaeleigh,0,5,5
Jaélla,0,5,5
Jaenai,3,3,6
Jaennet,0,5,5
Jaeron,5,0,5
Jaeviën,5,0,5
Jagjit,3,3,6
Jah-el,3,3,6
Jahel,3,3,6
Jahlaino,5,0,5
Jahlayna,0,5,5
Jahlencio,5,0,5
Jahlia,0,5,5
Jahlicia,0,5,5
Jahlisha,0,5,5
Jahlivia,0,5,5
Jahlynn,0,5,5
Jahmaro,5,0,5
Jahmel,3,3,6
Jahmore,5,0,5
Jahnaily,0,5,5
Jahnay,3,3,6
Jahnelle,0,5,5
Jahnice,0,5,5
Jahnilo,5,0,5
Jahno,5,0,5
Jahnu,5,0,5
Jahreace,5,0,5
Jahrenzo,5,0,5
Jahweh,3,3,6
Jahzaira,0,5,5
Jahziah,5,0,5
Jaïda,0,5,5
Jaidae,0,5,5
Jaihro,5,0,5
Jailly,3,3,6
Jaimini,3,3,6
Jaimmy,3,3,6
Jaimy-lee,0,5,5
Jaimylee,0,5,5
Jaïrah,0,5,5
Jaivanti,3,3,6
Jaiveer,5,0,5
Jaivin,5,0,5
Jaiya,0,5,5
Jak,5,0,5
Jaka,3,3,6
Jakin,5,0,5
Jaklin,0,5,5
Jakob-Jan,5,0,5
Jakobiena,0,5,5
Jalaisa,0,5,5
Jaleah,0,5,5
Jalencio,5,0,5
Jalene,0,5,5
Jaliena,0,5,5
Jalino,3,3,6
Jalitha,0,5,5
Jaliya,0,5,5
Jalta,0,5,5
Jaly,3,3,6
Jalyna,0,5,5
Jam,5,0,5
Jamaa,0,5,5
Jamaico,5,0,5
Jamany,3,3,6
Jamario,5,0,5
Jamilee,0,5,5
Jamily,0,5,5
Jamyl,5,0,5
Jamyra,0,5,5
Jan-Adriaan,5,0,5
Jan-André,5,0,5
Jan-Anton,5,0,5
Jan-Auke,5,0,5
Jan-Coen,5,0,5
Jan-Dick,5,0,5
Jan-Frans,5,0,5
Jan-Jelmer,5,0,5
Jan-Jeroen,5,0,5
Jan-Jurre,5,0,5
Jan-Luuk,5,0,5
Jan-Marinus,5,0,5
Jan-Robert,5,0,5
Janaé,3,3,6
Janaina,0,5,5
Janaína,0,5,5
Janaki,0,5,5
Janao,3,3,6
Janayra,0,5,5
Janbert,5,0,5
Jandra,0,5,5
Janèl,3,3,6
Janello,5,0,5
Janero,5,0,5
Janete,3,3,6
Janharm,5,0,5
Janico,5,0,5
Janiece,0,5,5
Janish,0,5,5
Janity,0,5,5
Janiva,0,5,5
Janjoost,5,0,5
Jankobus,5,0,5
Janneh,0,5,5
Jannelie,0,5,5
Janneline,0,5,5
Jannemarije,0,5,5
Jannicka,0,5,5
Jannieka,0,5,5
Jannisje,0,5,5
Jannyke,0,5,5
Janosz,5,0,5
Janouschka,0,5,5
Janthijs,5,0,5
Janthina,0,5,5
Jantienna,0,5,5
Jantin,3,3,6
Janyk,3,3,6
Janyke,0,5,5
Janyta,0,5,5
Jarett,5,0,5
Jarico,3,3,6
Jarigje,0,5,5
Jarith,3,3,6
Jarla,0,5,5
Jarnail,3,3,6
Jarnold,5,0,5
Jaromy,3,3,6
Jarvey,5,0,5
Jasbir,3,3,6
Jash,5,0,5
Jasinto,5,0,5
Jaskaran,5,0,5
Jasmay,0,5,5
Jasmiene,0,5,5
Jasprijntje,0,5,5
Jatou,0,5,5
Jauad,5,0,5
Jauk,3,3,6
Javae,0,5,5
Javaj,3,3,6
Javelyn,3,3,6
Javion,5,0,5
Javotte,0,5,5
Jawwad,5,0,5
Jay'len,5,0,5
Jay-dee,3,3,6
Jay-lee,0,5,5
Jay-Noah,5,0,5
Jayandro,5,0,5
Jaycy,3,3,6
Jaydeline,0,5,5
Jayder,5,0,5
Jayhson,5,0,5
Jaylo,3,3,6
Jayon,5,0,5
Jaysa,0,5,5
Jaysean,5,0,5
Jaysee,3,3,6
Jaysin,5,0,5
Jayveon,5,0,5
Jayvien,5,0,5
Jayzen,3,3,6
Jazmín,0,5,5
Jazz-Lyn,0,5,5
Jazzlee,3,3,6
Jazzmae,0,5,5
Jean-Bart,5,0,5
Jean-Gérard,5,0,5
Jean-Max,5,0,5
Jean-Noël,5,0,5
Jean-René,5,0,5
Jeanaily,0,5,5
Jeandino,5,0,5
Jeaneau,3,3,6
Jeaneke,0,5,5
Jeanic,3,3,6
Jeanke,5,0,5
Jeannoux,0,5,5
Jeavin,5,0,5
Jeay,5,0,5
Jebbegina,0,5,5
Jechiel,5,0,5
Jeck,5,0,5
Jecky,3,3,6
Jeddy,3,3,6
Jeden,5,0,5
Jediael,5,0,5
Jedid,3,3,6
Jedid-jah,0,5,5
Jedina,0,5,5
Jeek,5,0,5
Jeentje,3,3,6
Jeevika,0,5,5
Jefflyn,3,3,6
Jeffri,5,0,5
Jeffy,5,0,5
Jéhan,3,3,6
Jehizkia,3,3,6
Jeigiena,0,5,5
Jeika,0,5,5
Jeip,5,0,5
Jekele,5,0,5
Jelaiza,0,5,5
Jélano,5,0,5
Jelayah,0,5,5
Jelaysah,0,5,5
Jeldrik,5,0,5
Jeleisha,0,5,5
Jélin,3,3,6
Jelize,0,5,5
Jelli,0,5,5
Jellico,5,0,5
Jellyne,0,5,5
Jelsa,0,5,5
Jelsey,3,3,6
Jelten,5,0,5
Jeltjen,0,5,5
Jeltse,5,0,5
Jelus,5,0,5
Jelvin,5,0,5
Jelynn,0,5,5
Jemail,5,0,5
Jemaira,0,5,5
Jemell,3,3,6
Jemey,5,0,5
Jemiah,3,3,6
Jemilla,0,5,5
Jenailey,0,5,5
Jenairah,0,5,5
Jenci,3,3,6
Jenea,0,5,5
Jeneffer,0,5,5
Jenerino,5,0,5
Jenero,5,0,5
Jenessy,0,5,5
Jenie,0,5,5
Jenien,0,5,5
Jenika,0,5,5
Jeninhio,5,0,5
Jenissa,0,5,5
Jeniva,0,5,5
Jenmar,5,0,5
Jennae,0,5,5
Jenneau,5,0,5
Jennelie,0,5,5
Jennemiek,0,5,5
Jennerino,5,0,5
Jenniefer,0,5,5
Jennieta,0,5,5
Jennique,0,5,5
Jennish,0,5,5
Jennitha,0,5,5
Jennyta,0,5,5
Jensly,5,0,5
Jenthel,3,3,6
Jenti,0,5,5
Jenzo,5,0,5
Jeoffry,3,3,6
Jeon,3,3,6
Jeordie,5,0,5
Jephtha,3,3,6
Jephthah,5,0,5
Jeramias,5,0,5
Jercy,3,3,6
Jerello,5,0,5
Jeremine,3,3,6
Jereon,5,0,5
Jerieke,0,5,5
Jerim,3,3,6
Jerinde,0,5,5
Jerisa,0,5,5
Jerlyn,0,5,5
Jerman,5,0,5
Jermaya,3,3,6
Jermayn,5,0,5
Jermell,5,0,5
Jeroel,5,0,5
Jerra,3,3,6
Jerral,5,0,5
Jerran,5,0,5
Jerremia,5,0,5
Jerrey,5,0,5
Jerrik,5,0,5
Jersy,3,3,6
Jert,5,0,5
Jerversina,0,5,5
Jesaïah,5,0,5
Jesanna,0,5,5
Jeseline,0,5,5
Jesenia,0,5,5
Jeshaya,3,3,6
Jesin,5,0,5
Jesine,3,3,6
Jesmine,0,5,5
Jesna,0,5,5
Jessee,3,3,6
Jessia,3,3,6
Jesslinn,0,5,5
Jessmae,0,5,5
Jesualda,3,3,6
Jeswin,5,0,5
Jeta,0,5,5
Jetsiena,0,5,5
Jevaro,5,0,5
Jevencio,5,0,5
Jévon,5,0,5
Jewa,0,5,5
Jeyan,3,3,6
Jeyson,5,0,5
Jezaias,5,0,5
Jezzley,5,0,5
Jhamila,0,5,5
Jhonas,5,0,5
Jhonatan,5,0,5
Jhonathan,5,0,5
Jia-Hao,5,0,5
Jia-Li,0,5,5
Jiah,3,3,6
Jiali,0,5,5
Jialin,0,5,5
Jiandro,5,0,5
Jiani,3,3,6
Jiawei,5,0,5
Jib,5,0,5
Jibreel,3,3,6
Jide,3,3,6
Jids,5,0,5
Jieskje,0,5,5
Jiggy,5,0,5
Jihaan,0,5,5
Jilaino,5,0,5
Jildiz,0,5,5
Jilena,0,5,5
Jillan,3,3,6
Jillana,0,5,5
Jillsey,0,5,5
Jilva,0,5,5
Jimeno,5,0,5
Jiminy,5,0,5
Jimmechina,0,5,5
Jimmy-Lee,5,0,5
Jindrich,5,0,5
Jingyi,0,5,5
Jinnie,0,5,5
Jinty,0,5,5
Jio,3,3,6
Jiorgos,5,0,5
Jirko,5,0,5
Jiron,5,0,5
Jirvesina,0,5,5
Jishai,3,3,6
Jiss,3,3,6
Jissica,0,5,5
Jisvi,5,0,5
Jitcia,0,5,5
Jo-Annie,0,5,5
Jóan,5,0,5
Joân,3,3,6
Joanca,0,5,5
Joänne,0,5,5
Joăo,5,0,5
Joardy,5,0,5
Job-Jan,5,0,5
Jobiena,0,5,5
Jocbet,0,5,5
Jocha,3,3,6
Jochebeth,3,3,6
Jochewed,0,5,5
Jocko,5,0,5
Jocoba,0,5,5
Jocominus,3,3,6
Jocy,0,5,5
Jodee,0,5,5
Joeda,0,5,5
Joéla,0,5,5
Joélle,0,5,5
Joëllen,0,5,5
Joëllo,5,0,5
Joëlson,5,0,5
Joeran,5,0,5
Joeren,3,3,6
Joerian,5,0,5
Joey-Lee,5,0,5
Joghum,5,0,5
Jogiena,0,5,5
Joha,3,3,6
Johaily,0,5,5
Johan-Baptist,5,0,5
Johan-Hendrik,5,0,5
Johanke,0,5,5
Johannieta,0,5,5
Johnelle,0,5,5
Johni,3,3,6
Joïa,0,5,5
Joïs,3,3,6
Joisain,5,0,5
Joiya,0,5,5
Jolaisa,0,5,5
Joldina,0,5,5
Joléne,0,5,5
Joleyne,0,5,5
Jolianne,0,5,5
Jolié,0,5,5
Jolíe,0,5,5
Jolientje,0,5,5
Joliese,0,5,5
Jolyna,0,5,5
Jomani,3,3,6
Jomari,3,3,6
Jomijn,0,5,5
Jomine,0,5,5
Jón,5,0,5
Jonaid,5,0,5
Jonar,5,0,5
Jonate,0,5,5
Jonavon,5,0,5
Jonica,0,5,5
Joomay,3,3,6
Joosten,5,0,5
Jopi,3,3,6
Joppie,3,3,6
Jor-el,5,0,5
Joraisa,0,5,5
Joranne,0,5,5
Jordee,0,5,5
Jordena,0,5,5
Jordh,5,0,5
Jordien,0,5,5
Jorena,0,5,5
Jorgé,5,0,5
Jorgino,5,0,5
Jorgy,3,3,6
Joriam,3,3,6
Jornandes,5,0,5
Joro,5,0,5
Jörre,5,0,5
Jorrell,5,0,5
Jorritje,0,5,5
Jorryn,3,3,6
Jorun,3,3,6
Jorvik,5,0,5
Josalien,0,5,5
Josaya,3,3,6
Joschua,3,3,6
Joséa,0,5,5
Joséanne,0,5,5
Joséf,5,0,5
Josefta,0,5,5
Joséke,0,5,5
Josélito,5,0,5
Joselle,0,5,5
Josephinia,0,5,5
Joshia,3,3,6
Joshila,0,5,5
Joshina,0,5,5
Josienne,0,5,5
Josienus,5,0,5
Josijn,0,5,5
Jóska,5,0,5
Josmar,5,0,5
Josselijn,0,5,5
Jossette,0,5,5
Jossien,0,5,5
Jostin,3,3,6
Jostinus,5,0,5
Jotan,5,0,5
Jotine,0,5,5
Jouel,3,3,6
Jouert,5,0,5
Jouhayna,0,5,5
Joumanah,0,5,5
Joumane,3,3,6
Jounaina,0,5,5
Jouwairia,0,5,5
Jovaino,5,0,5
Joyia,3,3,6
Joylene,0,5,5
Joz,5,0,5
Jozée,3,3,6
Jozefita,0,5,5
Jozephiene,0,5,5
Jozialina,0,5,5
Jòzsef,3,3,6
Juanne,0,5,5
Juannita,0,5,5
Juany,3,3,6
Jubele,0,5,5
Judegien,0,5,5
Judetha,0,5,5
Judiena,0,5,5
Juditta,0,5,5
Judrika,0,5,5
Juduck,0,5,5
Juelson,5,0,5
Juillette,0,5,5
Julaika,0,5,5
Julbert,3,3,6
Julène,0,5,5
Julez,3,3,6
Juliaantje,0,5,5
Juliann,3,3,6
Juliant,5,0,5
Julié,0,5,5
Juliënna,0,5,5
Julieth,0,5,5
Julijana,0,5,5
Julios,5,0,5
Julise,0,5,5
Julisha,0,5,5
Julja,0,5,5
Julliënne,0,5,5
Jullo,5,0,5
Jully,0,5,5
Jumano,5,0,5
Jumina,0,5,5
Junaida,0,5,5
Junaira,0,5,5
Juney,0,5,5
Junie,3,3,6
Junjie,5,0,5
Juraino,5,0,5
Jűrgen,5,0,5
Jurgo,5,0,5
Jüri,3,3,6
Jurienne,3,3,6
Jürina,0,5,5
Jurmy,5,0,5
Jurriane,0,5,5
Jurrienna,0,5,5
Jurryan,5,0,5
Jurvinio,5,0,5
Jusak,5,0,5
Justiaan,5,0,5
Justiniano,5,0,5
Jutina,0,5,5
Jutine,0,5,5
Juurd,5,0,5
Juut,3,3,6
Juval,5,0,5
Juvan,5,0,5
Juvenal,5,0,5
Juvenile,5,0,5
Juvensley,5,0,5
Juwariyah,0,5,5
Jvalini,0,5,5
JWJ,3,3,6
Jyllian,3,3,6
Jørre,5,0,5
J'aezriël,3,0,3
J'esmey,0,3,3
J'Milano,3,0,3
Jaäcov,3,0,3
Jaantjen,0,3,3
Jaapkiena,0,3,3
Jaapkina,0,3,3
Jabhar,3,0,3
Jabuk,3,0,3
Jacelle,0,3,3
Jacinthia,0,3,3
Jaclin,0,3,3
Jaclynn,0,3,3
Jacobbina,0,3,3
Jacobein,0,3,3
Jacobse,3,0,3
Jacolein,0,3,3
Jacolia,0,3,3
Jacolinde,0,3,3
Jacolise,0,3,3
Jacomyntje,0,3,3
Jacopje,0,3,3
Jacqlien,0,3,3
Jacqline,0,3,3
Jacqolien,0,3,3
Jacqoline,0,3,3
Jacqualine,0,3,3
Jacynta,0,3,3
Jáda,0,3,3
Jada-Lynn,0,3,3
Jada-Maé,0,3,3
Jäden,3,3,6
Jadesola,0,3,3
Jadouan,3,0,3
Jae-Sun,3,0,3
Jaedian,3,0,3
Jáel,3,3,6
Jaëlah,0,3,3
Jaeleah,0,3,3
Jaeliviano,3,0,3
Jaeren,3,0,3
Jaevian,3,0,3
Jaevon,3,0,3
Jafed,3,0,3
Jagdiespersad,3,0,3
Jagmohan,3,0,3
Jah-Given,3,3,6
Jah-Marley,3,3,6
Jah-Raily,3,0,3
Jahaira,0,3,3
Jahfaino,3,0,3
Jahfaira,0,3,3
Jahfar,3,0,3
Jahfaro,3,0,3
Jahid,3,0,3
Jahina,0,3,3
Jahkeem,3,0,3
Jahlana,0,3,3
Jahlany,3,0,3
Jahleeya,0,3,3
Jahley,3,3,6
Jahliano,3,0,3
Jahlion,3,0,3
Jahlissa,0,3,3
Jahmelia,0,3,3
Jahmir,3,0,3
Jahmyra,0,3,3
Jahnailey,0,3,3
Jahnaira,0,3,3
Jahnesta,3,3,6
Jahniño,3,0,3
Jahnisha,0,3,3
Jahnomy,0,3,3
Jahnyll,3,0,3
Jahraily,3,0,3
Jahraya,3,3,6
Jahreese,3,3,6
Jahrel,3,0,3
Jahrèll,3,0,3
Jahrensio,3,0,3
Jahrome,3,0,3
Jahron,3,0,3
Jahshairo,3,0,3
Jahvaino,3,0,3
Jahvencio,3,0,3
Jahvon,3,0,3
Jahyr,3,0,3
Jahziël,3,3,6
Jaia,0,3,3
Jaid,3,3,6
Jaidew,3,0,3
Jailany,3,3,6
Jailinn,0,3,3
Jaimani,3,3,6
Jaimeley,0,3,3
Jaimelynn,0,3,3
Jaimiro,3,0,3
Jaimy-Dean,3,0,3
Jaimy-Joy,0,3,3
Jaïn,3,3,6
Jainand,3,0,3
Jairzino,3,0,3
Jaitsche,0,3,3
Jaiwant,3,0,3
Jaiyant,3,0,3
Jaiyro,3,0,3
Jaize,3,3,6
Jaj,3,0,3
Jakeem,3,0,3
Jakelijn,0,3,3
Jakobes,3,0,3
Jakobjen,0,3,3
Jakomien,0,3,3
Jakow,3,0,3
Jalale,3,0,3
Jalaya,0,3,3
Jaleesah,0,3,3
Jaleese,0,3,3
Jaleysha,0,3,3
Jaliesa,0,3,3
Jalilah,0,3,3
Jalinda,0,3,3
Jalio,3,0,3
Jalis,3,3,6
Jaliska,0,3,3
Jalize,0,3,3
Jalyn,3,3,6
Jamac,3,3,6
Jamain,3,0,3
Jamaïro,3,0,3
Jamaluddin,3,0,3
Jamanda,0,3,3
Jamaru,3,0,3
Jamayl,3,0,3
Jambres,3,0,3
Jamée,0,3,3
Jameiro,3,0,3
Jamie-Leigh,0,3,3
Jamier,3,0,3
Jamileh,0,3,3
Jamilya,0,3,3
Jamirah,0,3,3
Jammu,3,3,6
Jamres,3,0,3
Jamyson,3,0,3
Jan-Aart,3,0,3
Jan-Arjen,3,0,3
Jan-Bernard,3,0,3
Jan-Chris,3,0,3
Jan-Diederick,3,0,3
Jan-Dries,3,0,3
Jan-Eric,3,0,3
Jan-Friso,3,0,3
Jan-Gerard,3,0,3
Jan-Gert,3,0,3
Jan-Jakob,3,0,3
Jan-Jesse,3,0,3
Jan-Jochem,3,0,3
Jan-Johannes,3,0,3
Jan-Jouke,3,0,3
Jan-Lodewijk,3,0,3
Jan-Lucas,3,0,3
Jan-Machiel,3,0,3
Jan-Marcel,3,0,3
Jan-Reint,3,0,3
Jan-Ruben,3,0,3
Jan-Tiemen,3,0,3
Jan-Tijmen,3,0,3
Jan-Tinus,3,0,3
Jan-Wessel,3,0,3
Jan-Wilhelm,3,0,3
Janaa,0,3,3
Janaily,0,3,3
Janaye,0,3,3
Janderk,3,0,3
Jandré,3,0,3
Jandre,3,3,6
Janeira,0,3,3
Janela,0,3,3
Janetty,0,3,3
Janety,0,3,3
Janeya,0,3,3
Janhein,3,0,3
Janiël,3,0,3
Janilson,3,0,3
Janinho,3,0,3
Janiqua,0,3,3
Janischa,0,3,3
Janiska,0,3,3
Janista,0,3,3
Janite,0,3,3
Janito,3,0,3
Janitza,0,3,3
Janjo,3,0,3
Janjua,3,3,6
Jankiena,0,3,3
Janman,3,0,3
Janmar,3,0,3
Jannaï,3,3,6
Jannalie,0,3,3
Janneck,3,0,3
Janneco,0,3,3
Jannemietje,0,3,3
Janniecke,0,3,3
Jannietta,0,3,3
Jannig,0,3,3
Jannitje,0,3,3
Jannoah,3,3,6
Jannouk,0,3,3
Jannyce,0,3,3
Jannyk,3,0,3
Janoes,3,3,6
Janomi,0,3,3
Janôt,3,0,3
Janouke,0,3,3
Janrienus,3,0,3
Jansinus,3,0,3
Jantinie,0,3,3
Jantonius,3,0,3
January,0,3,3
Jaoued,3,0,3
Jap,3,3,6
Jaqulina,0,3,3
Jarald,3,0,3
Jaranda,0,3,3
Jardin,3,0,3
Jardina,0,3,3
Jaré,3,3,6
Jareno,3,0,3
Jarice,3,3,6
Jariën,3,0,3
Jariska,0,3,3
Jarisse,0,3,3
Jarita,0,3,3
Jarkina,0,3,3
Jarola,0,3,3
Jarona,0,3,3
Jarrah,3,0,3
Jarri,3,3,6
Jarrit,3,0,3
Jasamin,0,3,3
Jasar,3,0,3
Jasem,3,0,3
Jashlin,0,3,3
Jasine,3,3,6
Jasinka,0,3,3
Jaskamal,3,3,6
Jasley,0,3,3
Jasmia,0,3,3
Jasmiena,0,3,3
Jasmira,0,3,3
Jastin,3,0,3
Jastina,0,3,3
Jaswankumar,3,0,3
Jasy,3,3,6
Jathniël,3,0,3
Jatina,0,3,3
Jatje,0,3,3
Jato,3,0,3
Javairea,0,3,3
Javanna,0,3,3
Javaro,3,0,3
Javea,3,3,6
Javiën,3,0,3
Jawa,3,3,6
Jaweria,0,3,3
Jaxton,3,0,3
Jay-Ann,0,3,3
Jay-Anthony,3,0,3
Jay-D,3,3,6
Jay-d,3,0,3
Jay-Lano,3,0,3
Jay-Liano,3,0,3
Jay-Ro,3,0,3
Jayantika,0,3,3
Jayce-Lee,3,3,6
Jaycee-Lee,0,3,3
Jaycelin,0,3,3
Jaycelinn,0,3,3
Jaycelyn,0,3,3
Jaydeney,0,3,3
Jaydeny,0,3,3
Jaydeon,3,0,3
Jaydiën,3,3,6
Jayeed,3,0,3
Jayenne,0,3,3
Jayenti,0,3,3
Jaygo,3,0,3
Jayhvano,3,0,3
Jaykoemar,3,0,3
Jaykrishan,3,0,3
Jaylaina,0,3,3
Jaylé,0,3,3
Jayleah,0,3,3
Jayleigh-Ann,0,3,3
Jayleno,3,0,3
Jaylicia,0,3,3
Jaylien,3,3,6
Jayluca,3,0,3
Jaymano,3,0,3
Jaymiliano,3,0,3
Jaymiro,3,0,3
Jaymy,3,3,6
Jayn,0,3,3
Jaynah,0,3,3
Jaynell,3,3,6
Jayo,3,3,6
Jays,3,0,3
Jayshan,3,0,3
Jaysi,3,3,6
Jayvannio,3,0,3
Jayvant,3,0,3
Jayvaughn,3,0,3
Jayvino,3,0,3
Jayvy,3,0,3
Jazarah,0,3,3
Jazmae,0,3,3
Jazmijn,0,3,3
Jazz-May,0,3,3
Jazzelyn,0,3,3
Jazzie,3,3,6
Jazzmyn,0,3,3
JBM,3,0,3
Jeacqueline,0,3,3
Jealine,0,3,3
Jealisa,0,3,3
Jean-Carlos,3,0,3
Jean-Guillaume,3,0,3
Jean-paul,3,0,3
Jean-Philip,3,0,3
Jean-Piërre,3,0,3
Jeanairo,3,0,3
Jeanay,0,3,3
Jeancarlo,3,0,3
Jeancy,3,0,3
Jeandre,3,0,3
Jeandrick,3,0,3
Jeaneth,0,3,3
Jeanetje,0,3,3
Jeanetty,0,3,3
Jeanick,3,3,6
Jeaniek,0,3,3
Jeanieke,0,3,3
Jeanisha,0,3,3
Jeanmarie,3,3,6
Jeannete,0,3,3
Jeanneton,0,3,3
Jeannick,3,3,6
Jeannien,0,3,3
Jeannij,0,3,3
Jeavon,3,0,3
Jedaya,3,3,6
Jedda,3,3,6
Jeelis,3,0,3
Jeens,3,0,3
Jeeven,3,0,3
Jeffro,3,0,3
Jeffroy,3,0,3
Jefrim,3,0,3
Jehad,3,3,6
Jeheskel,3,0,3
Jeheskiël,3,0,3
Jehia,3,0,3
Jehmar,3,0,3
Jehoeda,3,0,3
Jehosua,3,3,6
Jeice,3,0,3
Jeigina,0,3,3
Jeiltje,0,3,3
Jeipo,3,0,3
Jelaisha,0,3,3
Jelayla,0,3,3
Jelayna,0,3,3
Jeldina,0,3,3
Jeleyna,0,3,3
Jelie,0,3,3
Jelientje,0,3,3
Jelilah,0,3,3
Jelinde,0,3,3
Jelino,3,0,3
Jelisah,0,3,3
Jelisaveta,0,3,3
Jelizaveta,0,3,3
Jelkes,3,0,3
Jelkina,0,3,3
Jellechina,0,3,3
Jellegina,0,3,3
Jelletta,0,3,3
Jellines,3,0,3
Jellinus,3,0,3
Jellyna,0,3,3
Jelmer-Jan,3,0,3
Jelson,3,0,3
Jelta,0,3,3
Jeltinus,3,0,3
Jelva,0,3,3
Jemaël,3,0,3
Jemailey,3,3,6
Jemella,0,3,3
Jemelle,3,3,6
Jemero,3,0,3
Jemery,3,0,3
Jemil,3,0,3
Jemilio,3,0,3
Jemyro,3,0,3
Jen-Ai,0,3,3
Jen-ai,0,3,3
Jéna,0,3,3
Jenaica,0,3,3
Jenaida,0,3,3
Jenaila,0,3,3
Jenaisha,0,3,3
Jenalice,0,3,3
Jenaly,0,3,3
Jenane,0,3,3
Jenara,0,3,3
Jenayden,3,0,3
Jeneah,0,3,3
Jenelia,0,3,3
Jenely,0,3,3
Jeniah,0,3,3
Jenilson,3,0,3
Jenily,0,3,3
Jenin,0,3,3
Jenischa,0,3,3
Jenish,3,0,3
Jenitha,0,3,3
Jenito,3,0,3
Jennalee,0,3,3
Jennaley,0,3,3
Jennecke,0,3,3
Jennelee,0,3,3
Jennelyn,0,3,3
Jennerly,0,3,3
Jennety,0,3,3
Jennica,0,3,3
Jennikke,0,3,3
Jenniley,0,3,3
Jenniver,0,3,3
Jenny-Lee,0,3,3
Jenő,3,0,3
Jenou,0,3,3
Jenrieke,0,3,3
Jensey,3,3,6
Jensie,3,3,6
Jensine,0,3,3
Jensy,3,3,6
Jentie,0,3,3
Jently,0,3,3
Jentze,3,0,3
Jenya,0,3,3
Jephte,3,0,3
Jepp,3,0,3
Jer,3,0,3
Jeraimo,3,0,3
Jeraison,3,0,3
Jeramaih,3,0,3
Jeramia,3,3,6
Jerany,3,3,6
Jerdy,3,3,6
Jerella,0,3,3
Jerely,3,3,6
Jeremij,3,0,3
Jerenso,3,0,3
Jerfey,3,0,3
Jerghinio,3,0,3
Jerienus,3,0,3
Jerijntje,0,3,3
Jerik,3,0,3
Jerilee,0,3,3
Jeriley,3,0,3
Jerimiah,3,0,3
Jerimo,3,0,3
Jerio,3,0,3
Jerise,0,3,3
Jerisha,0,3,3
Jermaïne,3,0,3
Jermani,3,0,3
Jermin,3,3,6
Jermine,3,3,6
Jernej,3,0,3
Jeroh,3,0,3
Jerol,3,0,3
Jerolin,3,3,6
Jeromay,3,0,3
Jeromeo,3,0,3
Jeronijmus,3,0,3
Jerphasina,0,3,3
Jerraldo,3,0,3
Jerreld,3,0,3
Jerremey,3,0,3
Jerret,3,0,3
Jerrian,3,3,6
Jerrick,3,0,3
Jerrina,0,3,3
Jerris,3,3,6
Jerryson,3,0,3
Jersen,3,0,3
Jerswin,3,0,3
Jerusalem,3,3,6
Jervinho,3,0,3
Jervinio,3,0,3
Jeser,3,0,3
Jesha,3,3,6
Jesher,3,0,3
Jeshwant,3,0,3
Jesminne,0,3,3
Jespen,3,0,3
Jesseca,0,3,3
Jesseke,0,3,3
Jessie-Lee,0,3,3
Jessine,3,3,6
Jessy-Lee,0,3,3
Jesta,0,3,3
Jesto,3,0,3
Jeston,3,0,3
Jesu,3,0,3
Jèthro,3,0,3
Jetiena,0,3,3
Jetke,0,3,3
Jetsken,3,3,6
Jetti,0,3,3
Jettij,0,3,3
Jeudi,3,3,6
Jevensly,3,0,3
Jey,3,3,6
Jeylaani,3,0,3
Jeylani,3,3,6
Jezaiah,3,0,3
Jezalina,0,3,3
Jeziah,3,3,6
Jezija,0,3,3
Jezlyn,0,3,3
Jezreel,3,3,6
JFM,3,0,3
Jhaëll,3,0,3
Jhairo,3,0,3
Jhalissa,0,3,3
Jhana,0,3,3
Jharell,3,0,3
Jharon,3,0,3
Jhenae,0,3,3
Jherrel,3,3,6
Jhim,3,0,3
Jhonno,3,0,3
Jhonson,3,0,3
Jhony,3,3,6
Jhor,3,0,3
Jiahui,3,3,6
Jiaxin,3,3,6
Jibraïl,3,0,3
Jick,3,0,3
Jielles,3,0,3
Jielus,3,0,3
Jiesk,3,0,3
Jietze,3,0,3
Jiew,3,3,6
Jijs,3,0,3
Jikkiena,0,3,3
Jilanie,3,0,3
Jildar,3,0,3
Jildu,0,3,3
Jiliano,3,0,3
Jilina,0,3,3
Jiline,0,3,3
Jillane,0,3,3
Jillayne,0,3,3
Jilliano,3,0,3
Jilline,0,3,3
Jillvana,0,3,3
Jiltina,0,3,3
Jilvan,3,0,3
Jima,3,0,3
Jimairo,3,0,3
Jimell,3,0,3
Jimenez,3,3,6
Jimmo,3,0,3
Jinah,3,3,6
Jincey,0,3,3
Jingjing,0,3,3
Jingxi,0,3,3
Jingxuan,3,3,6
Jinka,0,3,3
Jinko,3,0,3
Jinni,0,3,3
Jinth,3,3,6
Jinto,3,0,3
Jiona,0,3,3
Jiovanny,3,0,3
Jippie,3,3,6
Jirmea,3,0,3
Jirne,3,3,6
Jirte,0,3,3
Jirzy,3,0,3
Jiskah,0,3,3
Jitje,0,3,3
Jitser,3,0,3
Jitsiena,0,3,3
Jitska,0,3,3
Jittje,0,3,3
Jitzes,3,0,3
Jiunn,3,3,6
Jiyah,0,3,3
Jîyan,3,0,3
Jizrahja,0,3,3
Jizry,3,0,3
JJG,3,3,6
JMA,3,3,6
JMG,3,3,6
Joá,3,3,6
Joachemina,0,3,3
Joackim,3,3,6
Joancy,0,3,3
Joandro,3,0,3
Joanelle,0,3,3
Joanice,0,3,3
Joanike,0,3,3
Joanine,0,3,3
Joànn,0,3,3
Joánna,0,3,3
Joans,3,3,6
Joaquima,0,3,3
Joasap,3,0,3
Joast,3,0,3
Joba,0,3,3
Jobbechien,0,3,3
Jobbert,3,0,3
Jobbin,3,0,3
Jobel,3,3,6
Joberta,0,3,3
Jobiene,0,3,3
Jobin,3,0,3
Joce,3,3,6
Jocel,3,0,3
Joceleyn,0,3,3
Jocelino,3,0,3
Jocelynne,0,3,3
Jochan,3,0,3
Jochemine,0,3,3
Jochin,3,3,6
Jocine,0,3,3
Jocobus,3,0,3
Joda,3,3,6
Jodey,3,3,6
Joec,3,0,3
Joege,3,0,3
Joeka,3,3,6
Joela,0,3,3
Joelan,3,3,6
Joëlza,0,3,3
Joëna,0,3,3
Joere,3,0,3
Joerek,3,0,3
Joerick,3,0,3
Joesri,3,0,3
Joët,3,3,6
Joëzer,3,0,3
Joffri,3,0,3
Jofiël,3,3,6
Joggem,3,0,3
Joginder,3,0,3
Jogita,0,3,3
Jóhan,3,0,3
Johanetta,3,3,6
Johanka,0,3,3
Johannies,3,0,3
Johantina,0,3,3
Johar,3,0,3
Joharra,0,3,3
Johmar,3,0,3
John-André,3,0,3
John-Henry,3,0,3
John-Willem,3,0,3
John-William,3,0,3
Johnathen,3,0,3
Johnboy,3,0,3
Johosoa,3,0,3
Johra,0,3,3
Johrin,3,0,3
Johrit,3,0,3
Johwie,3,0,3
Joijce,0,3,3
Jojachin,3,0,3
Joji,3,3,6
Jok,3,3,6
Jolanca,0,3,3
Jolano,3,0,3
Jolean,0,3,3
Jolí,3,3,6
Jólie,0,3,3
Jolieneke,0,3,3
Jolike,0,3,3
Jollie,0,3,3
Jollius,3,0,3
Jolynde,0,3,3
Jom,3,0,3
Jomieke,0,3,3
Jonahtan,3,0,3
Jonaz,3,0,3
Joneal,3,0,3
Jonethan,3,0,3
Joniece,0,3,3
Jonke,3,3,6
Jonnathan,3,0,3
Jonnes,3,0,3
Jonnick,3,0,3
Jonquille,3,3,6
Jontsje,0,3,3
Joore,3,0,3
Joostiena,0,3,3
Joostszoon,3,0,3
Jopha,0,3,3
Joppert,3,0,3
Joppi,0,3,3
Jor-El,3,0,3
Jorald,3,0,3
Joraya,0,3,3
Jorayno,3,0,3
Jordanis,3,0,3
Jordian,3,0,3
Jördy,3,3,6
Jorem,3,0,3
Jorette,0,3,3
Jorey,3,0,3
Jőrgen,3,0,3
Jorgia,0,3,3
Jorid,3,3,6
Jorinne,0,3,3
Jorisa,0,3,3
Joriska,0,3,3
Jorisse,0,3,3
Jorm,3,0,3
Jornell,3,3,6
Jörren,3,0,3
Jorres,3,0,3
Jorrie,0,3,3
Jorth,3,0,3
Jortijn,3,0,3
Joryne,0,3,3
Josalynn,0,3,3
Josceline,3,3,6
José-Luis,3,0,3
Joseffa,0,3,3
Josefha,0,3,3
Josefhus,3,0,3
Joséfus,3,0,3
Joselin,0,3,3
Josemarie,3,3,6
Josephat,3,0,3
Joséphe,3,3,6
Joséphia,0,3,3
Joséphin,3,3,6
Joshita,0,3,3
Joshlin,3,3,6
Joshmar,3,0,3
Joshwa,3,0,3
Josía,3,0,3
Josianna,0,3,3
Josifina,0,3,3
Josino,3,3,6
Josique,0,3,3
Josley,3,0,3
Josmina,0,3,3
Jossé,3,3,6
Josselina,0,3,3
Jossin,3,3,6
Jossina,0,3,3
Jossip,3,0,3
Jostha,0,3,3
Jostiena,0,3,3
Josuel,3,0,3
Jószef,3,0,3
Jotish,3,0,3
Joubair,3,0,3
Jouetta,0,3,3
Joukelina,0,3,3
Jounayda,0,3,3
Jourian,3,0,3
Jourie,3,0,3
Jourike,0,3,3
Jouwerts,3,0,3
Jovain,3,0,3
Joven,3,0,3
Jovensly,3,0,3
Joviano,3,0,3
Jovinus,3,0,3
Jovito,3,0,3
Jowanka,0,3,3
Jowanne,0,3,3
Jowendley,3,0,3
Jowensley,3,0,3
Jowensly,3,0,3
Jowil,3,3,6
Jowita,0,3,3
Joy-Linn,0,3,3
Joyann,0,3,3
Joyanne,0,3,3
Joyeuse,0,3,3
Joyline,0,3,3
Joyse,0,3,3
Joyz,0,3,3
Joza,3,3,6
Jože,3,0,3
Jozefhus,3,0,3
Jozeline,0,3,3
Jozephita,0,3,3
Jozephta,0,3,3
Jozeth,0,3,3
Jozué,3,0,3
jr.,3,0,3
JRM,3,3,6
Juah,3,0,3
Juan-José,3,0,3
Jublina,0,3,3
Jucundus,3,0,3
Jud,3,3,6
Judeken,0,3,3
Juderika,0,3,3
Judia,3,3,6
Judieca,0,3,3
Judiktje,0,3,3
Judinus,3,0,3
Juditte,0,3,3
Judoc,3,0,3
Judy-Ann,0,3,3
Juella,0,3,3
Juëlla,0,3,3
Jugraj,3,0,3
Juhana,3,3,6
Juho,3,0,3
Julaisa,0,3,3
Julanda,0,3,3
Julea,0,3,3
Juléan,3,0,3
Julén,3,0,3
Juleo,3,0,3
Julf,3,0,3
Juli-Anne,0,3,3
Julia-Sophie,0,3,3
Juliandro,3,0,3
Julicia,0,3,3
Julië,0,3,3
Juliejet,0,3,3
Julienna,0,3,3
Juliete,0,3,3
Julijne,0,3,3
Julimina,0,3,3
July-Anne,0,3,3
Julysa,0,3,3
Jumaana,0,3,3
Jumah,3,0,3
Junaidy,3,3,6
Junailys,0,3,3
Junainah,0,3,3
Junaiska,0,3,3
Junaylee,0,3,3
Juneed,3,3,6
Junelle,0,3,3
Junez,3,0,3
Junho,3,0,3
Junio,3,0,3
Junn,3,3,6
Junoir,3,0,3
Juntjoi,3,0,3
Junya,0,3,3
Junyi,3,3,6
Juon,3,0,3
Juozas,3,0,3
Jupijn,3,3,6
Jurdy,3,0,3
Jurensly,3,0,3
Jurgens,3,0,3
Juriane,3,3,6
Juriël,3,0,3
Jurij,3,0,3
Jurijanus,3,0,3
Jurik,3,0,3
Jurita,0,3,3
Jurjaen,3,0,3
Jurjanne,0,3,3
Jurlie,3,3,6
Jurly,3,3,6
Jurnee,0,3,3
Jurrejan,3,0,3
Jurrentje,0,3,3
Jurrie-Jan,3,0,3
Jurrieën,3,0,3
Jurriënne,0,3,3
Jurries,3,0,3
Jurrikus,3,0,3
Jurswin,3,0,3
Jurta,0,3,3
Jurtko,3,0,3
Jurwensley,3,0,3
Jushua,3,0,3
Juske,3,3,6
Justhin,3,0,3
Justia,0,3,3
Justiano,3,0,3
Justicia,0,3,3
Justiniana,0,3,3
Justis,3,0,3
Juuke,3,3,6
Juurdiena,0,3,3
Juurtje,0,3,3
Juvena,0,3,3
Juventa,0,3,3
Juwe,0,3,3
Juwell,3,3,6
Juwendley,3,0,3
Juwensley,3,0,3
Juwensly,3,0,3
Juzef,3,0,3
Jyan,3,3,6
Jyla,0,3,3
Jylaisa,0,3,3
Jylke,3,3,6
Jylva,0,3,3
Jyn,0,3,3
J'Dion,3,0,3
J'esmay,0,3,3
J'noah,3,3,6
Ja-el,3,0,3
Jaac,3,0,3
Jaaf,3,0,3
Jaaijgiena,0,3,3
Jaantien,0,3,3
Jaanvie,0,3,3
Jaap-Kees,3,0,3
Jaapie,3,3,6
Jaaron,3,0,3
Jaartje,0,3,3
Jaasir,3,0,3
Jabali,3,0,3
Jabek,3,0,3
Jabi,3,3,6
Jabick,3,0,3
Jabier,3,0,3
Jabina,0,3,3
Jabine,0,3,3
Jabke,0,3,3
Jacco-Jan,3,0,3
Jacelina,0,3,3
Jacenta,0,3,3
Jacgueline,0,3,3
Jachenka,0,3,3
Jacin,3,0,3
Jacina,0,3,3
Jacine,3,3,6
Jacir,3,0,3
Jacke,3,3,6
Jackeliena,0,3,3
Jackeliene,0,3,3
Jackelin,0,3,3
Jacklyne,0,3,3
Jackoba,0,3,3
Jackolien,0,3,3
Jacky-Lynn,0,3,3
Jaclien,0,3,3
Jacline,0,3,3
Jacobjan,3,0,3
Jacobos,3,0,3
Jacobsen,3,0,3
Jacodine,0,3,3
Jacolette,0,3,3
Jacomino,3,0,3
Jacomintje,0,3,3
Jacoub,3,0,3
Jacqeuline,0,3,3
Jacqi,3,3,6
Jacqlyn,0,3,3
Jacqolina,0,3,3
Jacquel,3,3,6
Jacquelino,3,3,6
Jacquelynn,0,3,3
Jacquemijne,0,3,3
Jacquille,3,3,6
Jacynthe,3,3,6
Jada-Joy,0,3,3
Jadae,0,3,3
Jadaé,0,3,3
Jadalyn,0,3,3
Jade-Lee,0,3,3
Jadelice,0,3,3
Jadelinn,0,3,3
Jáden,3,3,6
Jadeney,0,3,3
Jadiël,3,0,3
Jadien,0,3,3
Jadire,3,0,3
Jadis,3,3,6
Jadoon,3,3,6
Jadrien,3,0,3
Jaecx,3,0,3
Jaed,3,0,3
Jaelan,3,0,3
Jaelena,0,3,3
Jaelina,0,3,3
Jaèll,3,0,3
Jaelly,0,3,3
Jaelyon,3,0,3
Jaemian,3,0,3
Jaënai,0,3,3
Jaentien,0,3,3
Jaer,3,3,6
Jaevion,3,0,3
Jaex,3,0,3
Jafairo,3,0,3
Jafaro,3,0,3
Jafaru,3,0,3
Jaffery,3,3,6
Jagannatha,3,0,3
Jagdis,3,0,3
Jaggatsingh,3,0,3
Jah'Rell,3,0,3
Jah-Hailey,0,3,3
Jah-nay,0,3,3
Jah-Rule,3,0,3
Jah-Zion,3,0,3
Jahanara,0,3,3
Jahcure,3,0,3
Jahden,3,0,3
Jaheym,3,0,3
Jahfaar,3,0,3
Jahfano,3,0,3
Jahfensley,3,0,3
Jahi,3,0,3
Jahil,3,3,6
Jahim,3,0,3
Jahïr,3,0,3
Jahjah,3,0,3
Jahje,3,0,3
Jahla,0,3,3
Jahlainy,0,3,3
Jahlea,0,3,3
Jahleesha,0,3,3
Jahlena,0,3,3
Jahlijah,3,3,6
Jahlill,3,0,3
Jahlinio,3,0,3
Jahliza,0,3,3
Jahlya,0,3,3
Jahlyah,3,3,6
Jahlycia,0,3,3
Jahlyza,0,3,3
Jahmaila,0,3,3
Jahmaima,0,3,3
Jahmalia,0,3,3
Jahmayson,3,0,3
Jahmell,3,0,3
Jahmilian,3,0,3
Jahmill,3,0,3
Jahmira,0,3,3
Jahnayra,0,3,3
Jahniel,3,0,3
Jahniella,0,3,3
Jahnillo,3,0,3
Jahniro,3,0,3
Jahnissa,0,3,3
Jahnomi,3,3,6
Jahnvi,0,3,3
Jahra,0,3,3
Jahrai,3,0,3
Jahraisa,0,3,3
Jahrdell,3,0,3
Jahri,3,0,3
Jahrule,3,0,3
Jahryson,3,0,3
Jahsaira,0,3,3
Jahsairo,3,0,3
Jahvainely,0,3,3
Jahvainy,0,3,3
Jahvan,3,0,3
Jahvani,3,0,3
Jahvanio,3,0,3
Jahvincio,3,0,3
Jahvinho,3,0,3
Jahzairo,3,0,3
Jahzinio,3,0,3
Jaiant,3,0,3
Jaichand,3,0,3
Jaïd,3,3,6
Jaideep,3,0,3
Jaideny,0,3,3
Jaidy-Bo,0,3,3
Jaiër,3,0,3
Jaikeline,0,3,3
Jaime-Lee,0,3,3
Jaimee-Lee,0,3,3
Jaimeny,3,3,6
Jaimiley,0,3,3
Jaimin,3,0,3
Jaimon,3,0,3
Jainarainsingh,3,0,3
Jaincy,0,3,3
Jainelly,0,3,3
Jainely,0,3,3
Jainine,0,3,3
Jaio,3,0,3
Jaiprekash,3,0,3
Jaír,3,0,3
Jairam,3,0,3
Jairano,3,0,3
Jaïrano,3,0,3
Jaïres,3,0,3
Jairick,3,0,3
Jairoh,3,0,3
Jaïs,3,3,6
Jaisen,3,0,3
Jaisey-Leigh,0,3,3
Jaishano,3,0,3
Jaitje,3,0,3
Jaivyn,3,0,3
Jaje,3,0,3
Jakco,3,0,3
Jakolina,0,3,3
Jakopje,0,3,3
Jalaisha,0,3,3
Jalane,0,3,3
Jalani,3,0,3
Jalano,3,0,3
Jalayno,3,0,3
Jaleeca,0,3,3
Jaleen,0,3,3
Jaleessa,0,3,3
Jalel,3,0,3
Jalesa,0,3,3
Jaleya,0,3,3
Jaleysa,0,3,3
Jalida,0,3,3
Jalieke,0,3,3
Jaliel,3,0,3
Jaliën,0,3,3
Jalinde,0,3,3
Jalinie,0,3,3
Jalisah,0,3,3
Jalita,0,3,3
Jallila,3,3,6
Jalte,3,0,3
Jaltje,0,3,3
Jalu,3,3,6
Jalyah,0,3,3
Jamae,0,3,3
Jamaï,3,0,3
Jamaja,3,3,6
Jamäl,3,0,3
Jamarion,3,0,3
Jamas,3,0,3
Jamayah,0,3,3
Jamayma,0,3,3
Jamelie,0,3,3
Jamena,0,3,3
Jamerson,3,0,3
Jamey-Lee,3,3,6
Jamez,3,0,3
Jamie-Joy,0,3,3
Jamiël,3,0,3
Jamieley,0,3,3
Jamieson,3,0,3
Jamilagatoen,0,3,3
Jamilha,0,3,3
Jamilson,3,0,3
Jamilynn,0,3,3
Jamima,0,3,3
Jaminica,0,3,3
Jamino,3,3,6
Jammiel,3,0,3
Jamoenapersad,3,0,3
Jamon,3,0,3
Jamshed,3,0,3
Jamyang,3,0,3
Jamz,3,0,3
Ján,3,0,3
jan,3,0,3
Jan-Abel,3,0,3
Jan-Adrianus,3,0,3
Jan-Albertus,3,0,3
Jan-Andries,3,0,3
Jan-Arne,3,0,3
Jan-Arnold,3,0,3
Jan-Bastiaan,3,0,3
Jan-Derek,3,0,3
Jan-Dolf,3,0,3
Jan-Egbert,3,0,3
Jan-Ernst,3,0,3
Jan-Francis,3,0,3
Jan-Frank,3,0,3
Jan-Gerben,3,0,3
Jan-Germ,3,0,3
Jan-Gijs,3,0,3
Jan-Hugo,3,0,3
Jan-Ivo,3,0,3
Jan-Jitze,3,0,3
Jan-Job,3,0,3
Jan-Klaas,3,0,3
Jan-Laurens,3,0,3
Jan-Louis,3,0,3
Jan-Luc,3,0,3
Jan-Luca,3,0,3
Jan-Michel,3,0,3
Jan-Nick,3,0,3
Jan-Otto,3,0,3
Jan-Renze,3,0,3
Jan-Sjoerd,3,0,3
Jan-Steven,3,0,3
Jan-Ties,3,0,3
Jan-Walter,3,0,3
Jan-Werner,3,0,3
Jan-Wicher,3,0,3
Jan-Wiebe,3,0,3
Jan-Wolter,3,0,3
Jan-Wybe,3,0,3
Janaiyah,0,3,3
Janani,0,3,3
Janar,3,3,6
Jance,3,3,6
Jancko's,3,3,6
Jancsi,3,0,3
Jandar,3,0,3
Jandiena,0,3,3
Jandino,3,0,3
Jando,3,0,3
Jandrik,3,0,3
Jandro,3,0,3
Janeah,0,3,3
Janeck,3,0,3
Janeen,0,3,3
Janeese,0,3,3
Janeeva,0,3,3
Janelee,0,3,3
Janeley,0,3,3
Janena,0,3,3
Janètje,0,3,3
Janeysha,0,3,3
Janhenk,3,0,3
Janicha,0,3,3
Janicka,0,3,3
Janiëlle,0,3,3
Janil,3,3,6
Janilio,3,0,3
Janinca,0,3,3
Janinde,0,3,3
Janini,3,3,6
Janisca,0,3,3
Janitta,0,3,3
Janjacob,3,0,3
Jankelien,0,3,3
Jankeline,0,3,3
Jankorf,3,0,3
Janmaarten,3,0,3
Janmarten,3,0,3
Jannad,0,3,3
Jannaly,0,3,3
Jannanda,0,3,3
Janne-Lynn,0,3,3
Janne-Maria,0,3,3
Janne-Wil,0,3,3
Jannekaatje,0,3,3
Janneké,0,3,3
Janneko,3,0,3
Jannelijne,0,3,3
Jannellie,0,3,3
Jannelot,0,3,3
Jannemarijn,0,3,3
Jannemien,0,3,3
Jannentas,3,0,3
Janner,3,0,3
Jannete,0,3,3
Jannetien,0,3,3
Jannetty,0,3,3
Jannichje,0,3,3
Jannico,3,0,3
Jannies,3,3,6
Jannige,0,3,3
Janninka,0,3,3
Jannisha,0,3,3
Jannissa,0,3,3
Jannou,3,3,6
Jannyta,0,3,3
Jànos,3,0,3
Janothan,3,0,3
Janpaul,3,0,3
Janpiet,3,0,3
Jansdochter,0,3,3
Jansea,0,3,3
Jansienes,3,0,3
Jansita,0,3,3
Janstina,0,3,3
Jansz.,3,3,6
Jantal,0,3,3
Janthea,0,3,3
Jantini,0,3,3
Jantony,3,0,3
Jantoon,3,0,3
Jântsje,0,3,3
Jantyna,0,3,3
Januaria,0,3,3
Januszoon,3,0,3
Janwim,3,0,3
Janyce,0,3,3
Janyro,3,0,3
Janzoon,3,0,3
Jaô,3,0,3
Jaouida,0,3,3
Japhetje,0,3,3
Japi,3,0,3
Japine,0,3,3
Japkjen,0,3,3
Japko,3,0,3
Jaqualine,0,3,3
Jaquie,0,3,3
Jaquoline,0,3,3
Jarabinda,0,3,3
Jaraino,3,0,3
Jaray,3,3,6
Jarca,0,3,3
Jarcha,3,3,6
Jarchinio,3,0,3
Jardan,3,0,3
Jarde,3,0,3
Jardenna,0,3,3
Jardie,3,3,6
Jardine,0,3,3
Jarella,0,3,3
Jaremy,3,0,3
Jaren,3,3,6
Jareshia,0,3,3
Jarim,3,0,3
Jarinho,3,0,3
Jarinka,0,3,3
Jarisa,0,3,3
Jarkolien,0,3,3
Jarlan,3,0,3
Jarmara,0,3,3
Jarmen,3,0,3
Jarnoud,3,0,3
Jarny,3,0,3
Jarobi,3,3,6
Jarón,3,0,3
Jaronn,3,0,3
Jaros,3,0,3
Jars,3,0,3
Jarusha,0,3,3
Jaruška,0,3,3
Jarvie,3,3,6
Jarvinho,3,0,3
Jarvy,3,0,3
Jaryl,3,0,3
Jaryn,3,0,3
Jarzino,3,0,3
Jasca,0,3,3
Jaseen,3,0,3
Jaselyn,0,3,3
Jashar,3,0,3
Jasher,3,0,3
Jashveer,3,3,6
Jashvin,3,0,3
Jasiah,3,3,6
Jasica,0,3,3
Jasiël,3,0,3
Jasione,0,3,3
Jasjit,3,3,6
Jasmen,0,3,3
Jasmila,0,3,3
Jasparina,0,3,3
Jasper-Jan,3,0,3
Jassana,0,3,3
Jassmin,0,3,3
Jaswantsingh,3,0,3
Jaswinder,3,0,3
Jatemie,0,3,3
Jathniel,3,0,3
Jathusan,3,0,3
Jati,0,3,3
Jatimi,3,3,6
Jatinem,3,3,6
Jauhara,0,3,3
Jaury,3,3,6
Javeed,3,3,6
Javelynn,0,3,3
Javèn,3,0,3
Javensly,3,0,3
Javeria,0,3,3
Javesh,3,0,3
Javeth,3,0,3
Javian,3,0,3
Javie,3,0,3
Javien,3,0,3
Javinho,3,0,3
Javlin,3,3,6
Jawaher,0,3,3
Jawan,3,0,3
Jawik,3,0,3
Jawin,3,0,3
Jaxs,3,0,3
Jay-C,3,3,6
Jay-Li,3,3,6
Jay-Luca,3,0,3
Jay-Shawn,3,0,3
Jay-Velino,3,0,3
Jay-Zion,3,0,3
Jayadevi,0,3,3
Jayah,0,3,3
Jayana,0,3,3
Jayanand,3,0,3
Jayantha,3,0,3
Jayantidevi,0,3,3
Jayantkoemar,3,0,3
Jayantsingh,3,0,3
Jayceelynn,0,3,3
Jaycelee,0,3,3
Jaycelina,0,3,3
Jaycharel,0,3,3
Jaycian,3,0,3
Jayciël,3,0,3
Jayda-Lynn,0,3,3
Jaydé,3,3,6
Jayde-Lynn,0,3,3
Jaydèn,3,0,3
Jayden-Lee,3,0,3
Jaydeson,3,0,3
Jaydev,3,0,3
Jaydha,0,3,3
Jaydienne,0,3,3
Jaydinn,0,3,3
Jaydrickson,3,0,3
Jayel,3,0,3
Jayell,3,0,3
Jayentie,0,3,3
Jayhla,0,3,3
Jayhliano,3,0,3
Jayhlinn,0,3,3
Jaylaisa,0,3,3
Jaylanio,3,0,3
Jaylea,0,3,3
Jaylean,0,3,3
Jaylée,3,3,6
Jayleen,0,3,3
Jayleeza,0,3,3
Jayléna,0,3,3
Jaylenne,0,3,3
Jayli-Ann,0,3,3
Jayliam,3,0,3
Jayliandro,3,0,3
Jaylinna,0,3,3
Jaymaira,0,3,3
Jaymani,3,0,3
Jaymeli,0,3,3
Jaymelie,0,3,3
Jaymey,3,3,6
Jaymillio,3,0,3
Jaymison,3,0,3
Jaymo,3,0,3
Jaymuël,3,0,3
Jaynaro,3,0,3
Jaynoa,3,3,6
Jayny,0,3,3
Jayrah,0,3,3
Jayraino,3,0,3
Jayrese,3,0,3
Jayresh,3,0,3
Jayronn,3,0,3
Jayshawn,3,0,3
Jayshon,3,0,3
Jayshrie,0,3,3
Jayvé,3,0,3
Jayvelinho,3,0,3
Jayvhen,3,0,3
Jayvièn,3,0,3
Jayviëndro,3,0,3
Jayvinn,3,0,3
Jaywi,3,0,3
Jaywin,3,0,3
Jazeera,0,3,3
Jaziel,3,3,6
Jazira,0,3,3
Jázmin,0,3,3
Jazz-Lee,0,3,3
Jazz-Lin,0,3,3
Jazz-mae,0,3,3
Jazzebelle,0,3,3
Jazzica,0,3,3
Jazzline,0,3,3
Jazzlyne,0,3,3
Jazzmina,0,3,3
JCA,3,3,6
JCH,3,3,6
Jea,0,3,3
Jea-Lynn,0,3,3
Jeacy,0,3,3
Jeadeny,0,3,3
Jeadrion,3,0,3
Jealana,0,3,3
Jealinn,0,3,3
Jeamar,3,3,6
Jeamir,3,0,3
Jean-Bernard,3,0,3
Jean-Christian,3,0,3
Jean-Henri,3,0,3
Jean-Leon,3,0,3
Jean-Lou,3,0,3
Jean-Loup,3,0,3
Jean-Mathieu,3,0,3
Jean-Michael,3,0,3
Jean-Miquel,3,0,3
Jeanalisa,0,3,3
Jeand,3,0,3
Jeandra,0,3,3
Jeandrich,3,0,3
Jeanete,0,3,3
Jeanetto,0,3,3
Jeanetton,0,3,3
Jeanienke,0,3,3
Jeannelly,0,3,3
Jeannettha,0,3,3
Jeanney,3,3,6
Jeanninne,0,3,3
Jeanôt,3,0,3
Jeanouk,0,3,3
Jeantal,0,3,3
Jeantely,0,3,3
Jeanuar,3,0,3
Jeara,0,3,3
Jearine,0,3,3
Jearl,3,3,6
Jearon,3,0,3
Jéavano,3,0,3
Jéayden,3,0,3
Jebbegje,0,3,3
Jéda,0,3,3
Jedajah,3,3,6
Jedia,3,0,3
Jedidyah,0,3,3
Jediël,3,0,3
Jeditha,0,3,3
Jeditja,3,3,6
Jedwiga,0,3,3
Jeel,3,3,6
Jeela,0,3,3
Jeele,3,3,6
Jeer,3,0,3
Jeetan,3,0,3
Jeevaratnam,3,3,6
Jefairo,3,0,3
Jefano,3,3,6
Jefaro,3,0,3
Jefensley,3,0,3
Jeffer,3,0,3
Jefferino,3,0,3
Jefflin,3,0,3
Jeffory,3,0,3
Jeflin,3,0,3
Jefrie,3,0,3
Jega,3,3,6
Jehanna,0,3,3
Jehezkiel,3,0,3
Jehojakim,3,0,3
Jehonathan,3,0,3
Jehosjua,3,0,3
Jehozua,3,0,3
Jehtro,3,0,3
Jehudah,3,0,3
Jeichinus,3,0,3
Jeïel,3,0,3
Jeikeline,0,3,3
Jeimy,0,3,3
Jeitsi,0,3,3
Jeka,3,3,6
Jekle,0,3,3
Jelainey,0,3,3
Jelay,3,3,6
Jelcher,3,0,3
Jeleen,0,3,3
Jeleline,0,3,3
Jélena,0,3,3
Jeléna,0,3,3
Jeleno,3,0,3
Jelermo,3,0,3
Jeleysa,0,3,3
Jelga,0,3,3
Jeliah,3,3,6
Jelika,0,3,3
Jélina,0,3,3
Jelinda,0,3,3
Jelion,3,0,3
Jelisej,3,0,3
Jeliz,0,3,3
Jelktje,0,3,3
Jell,3,3,6
Jellan,0,3,3
Jelle-Jaap,3,0,3
Jelledina,0,3,3
Jellen,3,3,6
Jellian,0,3,3
Jellichje,0,3,3
Jelligje,0,3,3
Jelna,0,3,3
Jelsiena,0,3,3
Jelsy,3,3,6
Jelteliena,0,3,3
Jélynn,0,3,3
Jelyssa,0,3,3
Jemaa,0,3,3
Jemayma,0,3,3
Jemelia,0,3,3
Jemelvio,3,0,3
Jemely,0,3,3
Jemian,3,0,3
Jemillah,0,3,3
Jemmie,3,3,6
Jemo,3,0,3
Jems,3,0,3
Jenailo,3,0,3
Jenaisly,0,3,3
Jenaiyah,0,3,3
Jenar,3,3,6
Jénaya,0,3,3
Jenaysha,0,3,3
Jend,3,0,3
Jendro,3,0,3
Jeneba,0,3,3
Jenee,0,3,3
Jeneley,0,3,3
Jenéro,3,0,3
Jenesa,0,3,3
Jenesairo,3,0,3
Jeneysa,0,3,3
Jeneysha,0,3,3
Jenfer,3,3,6
Jenieva,0,3,3
Jeniya,0,3,3
Jenjira,0,3,3
Jenken,3,3,6
Jenkje,0,3,3
Jennali,0,3,3
Jennay,0,3,3
Jenne-Lee,0,3,3
Jennechje,0,3,3
Jennegienus,3,0,3
Jennegina,0,3,3
Jennek,3,0,3
Jennelly,0,3,3
Jennemina,0,3,3
Jennery,0,3,3
Jennessa,0,3,3
Jennever,0,3,3
Jennia,0,3,3
Jennicka,0,3,3
Jennifa,0,3,3
Jennifer-Jane,0,3,3
Jennik,3,0,3
Jennily,0,3,3
Jennings,3,0,3
Jenniree,0,3,3
Jennise,0,3,3
Jennisha,0,3,3
Jenora,0,3,3
Jenriëtte,0,3,3
Jensina,0,3,3
Jensz,3,0,3
Jentha,0,3,3
Jentho,3,0,3
Jentienes,3,0,3
Jentini,0,3,3
Jentsen,3,0,3
Jeong,3,3,6
Jepkes,3,3,6
Jerado,3,0,3
Jerai,3,0,3
Jeraiah,3,3,6
Jerailo,3,0,3
Jerain,3,3,6
Jeraldine,0,3,3
Jeranimo,3,0,3
Jeraylio,3,0,3
Jeré,3,3,6
Jerelino,3,0,3
Jerelyn,0,3,3
Jeremaïh,3,0,3
Jeremïah,3,0,3
Jéremie,3,0,3
Jeremijah,3,0,3
Jeremiya,3,0,3
Jereyno,3,0,3
Jeri-Lynn,0,3,3
Jeria,3,0,3
Jeric,3,0,3
Jerida,0,3,3
Jeriel,3,0,3
Jeriëlle,0,3,3
Jerike,3,3,6
Jerique,3,3,6
Jermaih,3,0,3
Jermaina,0,3,3
Jermaino,3,0,3
Jermely,3,3,6
Jermien,0,3,3
Jernice,0,3,3
Jernie,3,3,6
Jéro,3,0,3
Jeroa,3,0,3
Jéroen,3,0,3
Jeroen-Bart,3,0,3
Jeroene,3,3,6
Jeroll,3,0,3
Jêrome,3,0,3
Jeromia,0,3,3
Jeromiah,3,0,3
Jeromie,3,3,6
Jerommeke,3,0,3
Jeronie,3,3,6
Jerphina,0,3,3
Jerray,3,0,3
Jerreley,3,3,6
Jerrello,3,0,3
Jerrelson,3,0,3
Jerrelynn,0,3,3
Jerricho,3,0,3
Jerrij,3,0,3
Jerrine,0,3,3
Jerrone,3,0,3
Jerryn,3,3,6
Jerse,3,0,3
Jervano,3,0,3
Jeryl,3,0,3
Jerzinho,3,0,3
Jésaja,3,0,3
Jesaréla,0,3,3
Jesceyro,3,0,3
Jescha,3,3,6
Jesé,3,0,3
Jesh,3,3,6
Jeshairo,3,0,3
Jeshano,3,0,3
Jesira,0,3,3
Jesjoea,3,0,3
Jesleen,0,3,3
Jesline,0,3,3
Jeslino,3,0,3
Jesme,0,3,3
Jesmijn,0,3,3
Jesperina,0,3,3
Jesrey,3,0,3
Jessaley,0,3,3
Jessamin,0,3,3
Jessany,0,3,3
Jessaya,3,3,6
Jesse-Dean,3,0,3
Jesse-Jay,3,0,3
Jesse-Lynn,0,3,3
Jessel,3,0,3
Jesseley,0,3,3
Jesselin,0,3,3
Jesselyne,0,3,3
Jessey-Jay,3,0,3
Jessie-James,3,0,3
Jessieca,0,3,3
Jessim,3,0,3
Jesson,3,0,3
Jessy-Jane,0,3,3
Jesurun,3,0,3
Jeswina,0,3,3
Jetce,3,0,3
Jetdina,0,3,3
Jeter,3,0,3
Jéthro,3,0,3
Jetmir,3,0,3
Jetska,0,3,3
Jetskea,0,3,3
Jetskelina,0,3,3
Jetskliena,0,3,3
Jetsklina,0,3,3
Jettha,0,3,3
Jetzes,3,0,3
Jeun,3,0,3
Jeurdan,3,3,6
Jeus,3,0,3
Jevailey,3,3,6
Jevainel,3,0,3
Jévana,0,3,3
Jevanio,3,0,3
Jevantly,3,0,3
Jevgenia,0,3,3
Jevgeny,3,0,3
Jevian,3,0,3
Jevina,0,3,3
Jevinio,3,0,3
Jevino,3,0,3
Jewanna,0,3,3
Jewannah,0,3,3
Jewannes,3,0,3
Jewgeni,3,0,3
Jewi,0,3,3
Jeyden,3,0,3
Jeylano,3,0,3
Jeyven,3,0,3
Jezabel,3,3,6
Jezanja,0,3,3
Jeziël,3,0,3
Jeziena,0,3,3
Jezion,3,0,3
Jezualda,0,3,3
Jezualdus,3,0,3
Jezzebell,0,3,3
Jezzie,0,3,3
Jezzlyn,0,3,3
JGA,3,3,6
Jhai,3,3,6
Jhamall,3,0,3
Jhamiro,3,0,3
Jhamyma,0,3,3
Jhanell,3,3,6
Jhara,0,3,3
Jhelissa,0,3,3
Jhen,3,3,6
Jhene,0,3,3
Jhenea,0,3,3
Jhennifer,0,3,3
Jhenoah,3,0,3
Jheronymus,3,0,3
Jheryl,3,0,3
JHF,3,3,6
Jhoanna,0,3,3
Jhovanna,0,3,3
Jiā,3,0,3
Jia-li,0,3,3
Jia-Liang,3,0,3
Jia-Ling,0,3,3
Jia-Qi,3,3,6
Jia-Wei,3,3,6
Jiaan,3,3,6
Jiahe,3,3,6
Jiajun,3,0,3
Jiaro,3,0,3
Jiaxi,3,3,6
Jiaxuan,3,3,6
Jiayin,0,3,3
Jiaying,0,3,3
Jibbelina,0,3,3
Jibi,0,3,3
Jibran,3,0,3
Jicke,3,3,6
Jieble,3,0,3
Jiel,3,3,6
Jielisse,3,0,3
Jiellarda,0,3,3
Jietnarain,3,0,3
Jieuwkjen,0,3,3
Jiezeltje,0,3,3
Jigaye,0,3,3
Jigeal,3,0,3
Jigger,3,3,6
Jigoro,3,0,3
Jih,3,0,3
Jihaad,3,3,6
Jihed,3,0,3
Jijke,0,3,3
Jijo,3,3,6
Jike,3,3,6
Jilaya,0,3,3
Jiliana,0,3,3
Jillaine,0,3,3
Jillali,3,0,3
Jillani,3,0,3
Jillany,0,3,3
Jillardus,3,0,3
Jilldou,0,3,3
Jillean,0,3,3
Jilleen,0,3,3
Jillesina,0,3,3
Jillessen,3,0,3
Jilliana,0,3,3
Jilliëtte,0,3,3
Jillissina,0,3,3
Jillphano,3,0,3
Jillvano,3,0,3
Jilmaz,3,0,3
Jilne,0,3,3
Jiltine,0,3,3
Jilus,3,0,3
Jilvana,0,3,3
Jimaro,3,0,3
Jimé,3,0,3
Jimi-Jaey,3,0,3
Jimmy-Boy,3,0,3
Jinaira,0,3,3
Jincy,0,3,3
Jinder,3,3,6
Jinera,0,3,3
Jinesh,3,0,3
Jing-Jing,3,3,6
Jing-Yu,3,3,6
Jingga,0,3,3
Jinhao,3,0,3
Jini,0,3,3
Jinney,0,3,3
Jinre,0,3,3
Jintse,3,0,3
Jinz,3,0,3
Jioni,3,3,6
Jippes,3,3,6
Jiraya,3,3,6
Jirian,3,0,3
Jirke,3,3,6
Jirra,3,3,6
Jirsa,0,3,3
Jirvesinus,3,0,3
Jirvus,3,0,3
Jiryan,3,0,3
Jisi,3,3,6
Jismaya,3,3,6
Jisri,3,0,3
Jisseliena,0,3,3
Jisselina,0,3,3
Jisvy,3,3,6
Jitciea,0,3,3
Jitendre,3,0,3
Jittina,0,3,3
Jiulia,0,3,3
Jiun,3,3,6
Jivaney,3,0,3
Jivanti,0,3,3
Jivara,3,3,6
Jiven,3,0,3
Jivesh,3,0,3
Jivon,3,0,3
Jixx,3,0,3
Jiyani,0,3,3
Jizhar,3,0,3
Jizlia,3,3,6
Jizra,3,3,6
JMC,0,3,3
JME,0,3,3
JMF,3,3,6
JMH,3,3,6
JMT,0,3,3
Jo-Amy,0,3,3
Jo-Anny,0,3,3
Jo-Ella,0,3,3
Jo-Hannah,0,3,3
Jo-Rieke,0,3,3
Joachimina,0,3,3
Joachimma,0,3,3
Joacim,3,0,3
Joäl,3,3,6
Joalina,0,3,3
Joaly,0,3,3
Joamy,0,3,3
Joandi,3,3,6
Joaniek,0,3,3
Joanis,3,0,3
Joanitha,0,3,3
Joanito,3,0,3
Joanitta,0,3,3
Joanna-Maria,3,3,6
Joànne,0,3,3
JoAnne,0,3,3
Joannesdochter,0,3,3
Joanthe,0,3,3
Joaqin,3,0,3
Joaquinn,3,0,3
Joara,0,3,3
Joard,3,0,3
Joazef,3,0,3
Job-Joris,3,0,3
Joban,3,0,3
Jobelina,0,3,3
Jobi,3,3,6
Joblin,3,3,6
Joby,3,3,6
Jocco,3,0,3
Jocee,3,3,6
Jocelijne,0,3,3
Jocelinn,0,3,3
Jocely,3,3,6
Jocette,0,3,3
Jocey,3,3,6
Jochai,3,0,3
Jochemke,0,3,3
Jochems,3,0,3
Jochgum,3,0,3
Jochrista,0,3,3
Jocien,0,3,3
Jocina,0,3,3
Joconda,0,3,3
Jocqui,3,0,3
Jodan,3,0,3
Jodene,0,3,3
Jodhi,0,3,3
Jodieke,0,3,3
Joeck,3,0,3
Joeël,3,0,3
Joekenel,0,3,3
Joekjen,0,3,3
Joekus,3,0,3
Joeky,3,3,6
Joëley,0,3,3
Joeline,3,3,6
Joelja,0,3,3
Joëlke,0,3,3
Joèll,3,0,3
Joéll,3,0,3
Jöelle,0,3,3
Joêlle,0,3,3
Joély,3,3,6
Joemairo,3,0,3
Joéna,0,3,3
Joenna,0,3,3
Joenne,0,3,3
Joeny,3,3,6
Joëny,0,3,3
Joepe,3,3,6
Joepie,3,3,6
Joepje,3,3,6
Joerd,3,0,3
Joerdy,3,0,3
Joesje,0,3,3
Joewy,3,0,3
Jof,3,0,3
Jofairo,3,0,3
Joffe,3,0,3
Jogchumtje,0,3,3
Jogima,0,3,3
Johan-Peter,3,0,3
Johanna-Wilhelmina,0,3,3
Johannes-Paulus,3,0,3
Johannesje,0,3,3
Johanness,3,0,3
Johanneszn,3,0,3
Johannetje,0,3,3
Johanney,3,0,3
Johanniek,3,3,6
Johansen,3,0,3
Johansje,0,3,3
Johansson,3,0,3
Johfrey,3,0,3
Johlie,0,3,3
John-David,3,0,3
John-Peter,3,0,3
John-Pieter,3,0,3
John-Roy,3,0,3
Johnavon,3,0,3
Johnella,0,3,3
Johnine,0,3,3
Johno,3,0,3
Johnsen,3,0,3
Johnsson,3,0,3
Johnstone,3,0,3
Johrie,3,3,6
Joï,3,3,6
Joica,0,3,3
Joija,0,3,3
Joïna,0,3,3
Joïne,0,3,3
Jois,0,3,3
Joiselle,0,3,3
Joisse,0,3,3
Joist,3,0,3
Jojakin,3,3,6
Jokbet,0,3,3
Jokbeth,0,3,3
Joki,0,3,3
Jokunda,0,3,3
Joky,3,3,6
Jolainy,0,3,3
Jolandina,0,3,3
Jolèn,0,3,3
Jolenthe,0,3,3
Jolia,0,3,3
Jolian,3,3,6
Joliet,0,3,3
Joliette,0,3,3
Jolika,0,3,3
Jolineke,0,3,3
Jolinka,0,3,3
Jolinke,0,3,3
Jolino,3,0,3
Joliska,0,3,3
Jolitha,0,3,3
Jolkelina,0,3,3
Jolkes,3,0,3
Jollina,0,3,3
Jolomi,3,0,3
Jolon,3,3,6
Jolte,3,0,3
Jolynne,0,3,3
Jomario,3,0,3
Jomay,3,3,6
Jomayra,0,3,3
Jomayro,3,0,3
Jomir,3,0,3
Jonaé,3,3,6
Jonaël,3,0,3
Jonaida,0,3,3
Jonaira,0,3,3
Jonam,3,0,3
Jonanda,3,3,6
Jonapia,0,3,3
Jonás,3,0,3
Jonathal,3,0,3
Jonavan,3,0,3
Jonavia,0,3,3
Jondal,3,0,3
Jondar,3,0,3
Jondolar,3,0,3
Joné,3,3,6
Jonee,3,3,6
Jonia,0,3,3
Jonida,0,3,3
Jonier,0,3,3
Jonika,0,3,3
Joninho,3,0,3
Jonson,3,0,3
Jonthy,3,0,3
Jonti,3,3,6
Joof,3,0,3
Jook,3,3,6
Joorden,3,0,3
Jooris,3,0,3
Joostiene,0,3,3
Jophiel,3,3,6
Jopina,0,3,3
Jopp,3,0,3
Jopper,3,0,3
Jorana,0,3,3
Joras,3,0,3
Jordani,3,0,3
Jordanos,0,3,3
Jordean,3,0,3
Jordeny,3,0,3
Jordij,3,0,3
Jordino,3,0,3
Joreines,3,0,3
Jorenzo,3,0,3
Jórgen,3,0,3
Jorgette,0,3,3
Jorheng,3,0,3
Jori-Jan,3,0,3
Joricke,0,3,3
Joriën,3,0,3
Jories,3,0,3
Joriet,0,3,3
Jorinte,0,3,3
Jorique,3,3,6
Jorise,0,3,3
Jorisjan,3,0,3
Jorlanda,0,3,3
Jormina,0,3,3
Jörne,3,0,3
Jorrert,3,0,3
Jorrinda,0,3,3
Jorrita,0,3,3
Jort-Jan,3,0,3
Jorvin,3,0,3
Jorwen,3,0,3
Josafath,3,0,3
Josaih,3,0,3
Josaphine,0,3,3
Josche,0,3,3
Joschi,0,3,3
Josë,0,3,3
José-Anne,0,3,3
José-Antonio,3,0,3
Joseane,0,3,3
Josèf,3,0,3
Josefat,3,0,3
Josefo,3,3,6
Josefyn,0,3,3
Joseli,0,3,3
Joselie,0,3,3
Josélina,0,3,3
Joselinda,0,3,3
Joséline,0,3,3
Josemiek,0,3,3
Josemieke,0,3,3
Josepina,0,3,3
Josepus,3,0,3
Josevina,0,3,3
Joshephus,3,0,3
Joshey,3,0,3
Jòshua,3,0,3
Joshuá,3,0,3
Joshuan,3,3,6
Josiën,3,3,6
Josieta,0,3,3
Josijnus,3,0,3
Jositha,0,3,3
Josjah,3,3,6
Josjua,3,3,6
Josline,0,3,3
Josoa,3,0,3
Josper,3,0,3
Josquina,0,3,3
Jossa,0,3,3
Jossi,3,3,6
Josslyn,0,3,3
Joster,3,3,6
Josti,0,3,3
Josúa,0,3,3
Josuine,0,3,3
Josune,0,3,3
Josya,0,3,3
Josyn,0,3,3
Joszi,3,3,6
Joties,3,0,3
Jotina,0,3,3
Jotka,0,3,3
Jott,3,0,3
Jouairia,0,3,3
Jouaria,0,3,3
Joubrich,0,3,3
Jouella,3,3,6
Joung,3,3,6
Jouni,3,3,6
Jourdan,3,0,3
Jourdy,3,0,3
Joure,3,0,3
Journy,3,3,6
Jousuf,3,0,3
Joutsen,0,3,3
Jouwke,3,3,6
Jovainy,3,3,6
Jovanio,3,0,3
Jovanne,0,3,3
Jovanté,3,0,3
Jovaro,3,0,3
Jovey,3,0,3
Jovica,3,0,3
Joviënne,3,3,6
Jovinio,3,0,3
Jovitus,3,0,3
Jowanda,0,3,3
Jowelle,0,3,3
Jowendy,0,3,3
Jowenn,3,3,6
Jowinda,0,3,3
Jowine,0,3,3
Jowini,3,0,3
Joy'nae,0,3,3
Joy-Alice,0,3,3
Joy-ann,0,3,3
Joy-Anna,0,3,3
Joycé,0,3,3
Joyce-Lynn,0,3,3
Joycelyne,3,3,6
Joycie,0,3,3
Joyelle,0,3,3
Joyha,0,3,3
Joylanda,0,3,3
Joylean,0,3,3
Joylinn,0,3,3
Joyzelle,0,3,3
Jòzef,3,0,3
Jozef-Jan,3,0,3
Jozeffien,3,3,6
Jozefino,0,3,3
Jozefo,3,3,6
Jozéfus,3,0,3
Jozefvina,0,3,3
Jozepfina,0,3,3
Jozépha,0,3,3
Jozi,3,3,6
Jozienes,3,0,3
Jozita,0,3,3
Jozka,3,0,3
Jozséfa,0,3,3
Jozue,3,0,3
JPA,3,3,6
JPG,3,3,6
JTH,3,3,6
Juancito,3,0,3
Juardy,3,0,3
Juayl,3,0,3
Jub,3,0,3
Jubecca,0,3,3
Jubelien,0,3,3
Jubeline,0,3,3
Juci,0,3,3
Judd,3,0,3
Judé,3,3,6
Judella,0,3,3
Judesca,0,3,3
Judge,3,0,3
Judian,3,0,3
Judith-Ann,0,3,3
Judithia,0,3,3
Judithja,0,3,3
Juditje,0,3,3
Judorus,3,0,3
Judrich,3,3,6
Judriën,0,3,3
Judson,3,0,3
Juendry,3,0,3
Juenne,0,3,3
Juet,0,3,3
Jugo,3,0,3
Jugoslav,3,0,3
Juhayna,0,3,3
Juhl,3,3,6
Juillet,0,3,3
Juily,0,3,3
Juju,3,3,6
Jukong,3,3,6
Julana,0,3,3
Julche,0,3,3
Juleane,0,3,3
Juleen,0,3,3
Juleine,0,3,3
Julena,0,3,3
Julendro,3,0,3
Juleyna,0,3,3
Julí,0,3,3
Juliah,0,3,3
Juliän,3,0,3
Julianes,3,3,6
Julianto,3,0,3
Julie-Claire,0,3,3
Julie-Mae,0,3,3
Julie-Marie,0,3,3
Julie-Marthe,0,3,3
Julie-Sophie,0,3,3
Juliëna,0,3,3
Juliénne,0,3,3
Julies,3,3,6
Juliëta,0,3,3
Julietje,0,3,3
Juliett,0,3,3
Julike,0,3,3
Julinde,0,3,3
Julique,0,3,3
Julisia,0,3,3
Juliske,0,3,3
Juliya,0,3,3
Juliyan,3,0,3
Juljan,3,0,3
Julliena,0,3,3
Julliëne,0,3,3
Julliete,3,3,6
Julliëtta,0,3,3
Jullietta,0,3,3
Jullina,0,3,3
Jullio,3,0,3
Jullissa,0,3,3
Jullyan,3,3,6
Julmaine,0,3,3
Jum,3,0,3
Jumaira,0,3,3
Jumairah,0,3,3
Jumoke,0,3,3
Jun-Jie,3,0,3
Jun-Wei,3,0,3
Junaina,0,3,3
Junairis,0,3,3
Junaisa,0,3,3
Junalisa,0,3,3
Junaya,0,3,3
Junayra,0,3,3
June-Ann,0,3,3
Junel,3,3,6
Juniël,3,0,3
Juniñho,3,0,3
junior,3,0,3
Juniska,0,3,3
Junitha,0,3,3
Junle,3,0,3
Jupke,3,3,6
Juracy,3,3,6
Juraily,3,3,6
Juraisel,3,0,3
Juraiza,0,3,3
Jurand,3,0,3
Jurano,3,0,3
Jurben,3,0,3
Jurdanny,3,0,3
Jurdi,3,3,6
Jurdo,3,0,3
Juré,3,0,3
Jurel,3,3,6
Jurella,0,3,3
Jurelle,3,3,6
Jurema,0,3,3
Jurendel,3,0,3
Jurendi,3,0,3
Jurgan,3,0,3
Jurger,3,0,3
Jurgiene,0,3,3
Jurgis,3,0,3
Jurianes,3,0,3
Juriano,3,0,3
Jurich,3,0,3
Jurickson,3,0,3
Jurieke,0,3,3
Juriel,3,0,3
Jurin,3,3,6
Jurino,3,0,3
Jurith,0,3,3
Juriun,3,0,3
Jurjën,3,0,3
Jurjette,0,3,3
Jurlina,0,3,3
Jurnel,3,0,3
Jurnice,0,3,3
Jurremina,0,3,3
Jurret,3,0,3
Jurri-Jan,3,0,3
Jurrick,3,0,3
Jurriejan,3,0,3
Jurriëlle,0,3,3
Jurrietje,0,3,3
Jurris,3,0,3
Jurson,3,0,3
Jurven,3,0,3
Jurvensley,3,0,3
Juryt,3,0,3
Juslin,3,3,6
Juso,3,0,3
Justie,3,3,6
Justienus,3,0,3
Justify,3,3,6
Jusup,3,0,3
Juula,0,3,3
Juuleke,0,3,3
Juulie,0,3,3
Juupke,3,3,6
Juust,3,0,3
Juve,3,0,3
Juwariya,0,3,3
Juzyna,0,3,3
Jwan,3,3,6
Jwana,0,3,3
JWC,3,3,6
Jyano,3,0,3
Jye,3,3,6
Jyl,0,3,3
Jylte,0,3,3
Jyothika,0,3,3
Jyotie,0,3,3
Jytske,0,3,3
Jytta,0,3,3
J'Aliyah,0,3,3
J'amor,3,0,3
J'angelo,3,0,3
J'avery,3,0,3
J'caine,3,0,3
J'chairo,3,0,3
J'Chanel,3,3,6
J'Charell,0,3,3
J'cylano,3,0,3
J'Dee,3,3,6
J'Laya,0,3,3
J'leeta,0,3,3
J'Lemar,3,0,3
J'Lynn,0,3,3
J'miliano,3,0,3
J'Nae,0,3,3
J'Nayah,0,3,3
J'nehio,3,0,3
J'Omarion,3,0,3
J'son,3,0,3
J'vensley,3,0,3
J-Yves,3,0,3
Ja'acov,3,0,3
Ja'mari,3,0,3
Ja'nayra,0,3,3
Ja'neil,3,0,3
Ja-ir,3,0,3
Ja-Shealy,0,3,3
JAA,3,0,3
Jaack,3,3,6
Jaacob,3,0,3
Jaako,3,0,3
Jaaniya,0,3,3
Jaanvhi,0,3,3
Jaap-Adriaan,3,0,3
Jaap-Erik,3,0,3
Jaap-jan,3,0,3
Jaap-Martijn,3,0,3
Jaap-Peter,3,0,3
Jaapina,0,3,3
Jaappina,0,3,3
Jaäresja,0,3,3
Jaari,3,0,3
Jaay,3,0,3
Jaäziël,3,3,6
Jabbe,3,0,3
Jabber,3,0,3
Jabekje,0,3,3
Jabert,3,0,3
Jabidagatoen,0,3,3
Jabraan,3,0,3
Jabran,3,0,3
Jabula,3,3,6
Jabulane,3,0,3
JAC,3,3,6
Jacalien,0,3,3
Jacana,0,3,3
Jacarrino,3,0,3
Jacbert,3,0,3
Jacco-Willem,3,0,3
Jaccobert,3,0,3
Jaccobus,3,0,3
Jaccomien,0,3,3
Jaccomina,0,3,3
Jacé,3,3,6
Jace-James,3,0,3
Jace-Lynn,0,3,3
Jacee,0,3,3
Jaceey,0,3,3
Jaceliene,0,3,3
Jacelin,0,3,3
Jacelinn,0,3,3
Jacentha,0,3,3
Jacenty,3,0,3
Jachad,3,0,3
Jachintha,0,3,3
Jáchym,3,0,3
Jaciara,0,3,3
Jacien,3,0,3
Jacilyn,0,3,3
Jack-Willem,3,0,3
Jackel,3,0,3
Jackie-Lynn,0,3,3
Jackle,3,0,3
Jacklijn,0,3,3
Jackoline,0,3,3
Jackquelin,0,3,3
Jacky-Lee,3,3,6
Jáco,3,0,3
Jaco-Jan,3,0,3
Jacob-Hendrik,3,0,3
Jacob-Henk,3,0,3
Jacob-Johannes,3,0,3
Jacob-Maarten,3,0,3
Jacob-Pieter,3,0,3
Jacob-Wietse,3,0,3
Jacobamina,3,3,6
Jacobeine,0,3,3
Jacobertus,3,0,3
Jacobeth,0,3,3
Jacobienne,0,3,3
Jacobijna,0,3,3
Jacobin,3,3,6
Jacobino,3,3,6
Jacobsdochter,0,3,3
Jacobüs,3,0,3
Jacobus-Jan,3,0,3
Jacobusz,3,0,3
Jacodina,0,3,3
Jacoeb,3,0,3
Jacojan,3,0,3
Jacolene,0,3,3
Jacolies,0,3,3
Jacolinda,0,3,3
Jacolize,0,3,3
Jacolynn,0,3,3
Jacomar,3,3,6
Jacomenis,3,0,3
Jacomia,0,3,3
Jacomienus,3,0,3
Jacomus,3,0,3
Jacon,3,0,3
Jaconda,0,3,3
Jaconella,0,3,3
Jaconette,0,3,3
Jacos,3,0,3
Jacostijn,3,0,3
Jacovides,3,3,6
Jacovina,0,3,3
Jacowies,0,3,3
Jacq-Anne,0,3,3
Jacqlin,0,3,3
Jacqualina,0,3,3
Jacqué,0,3,3
Jacquelena,0,3,3
Jacquelène,0,3,3
Jacqueliena,0,3,3
Jacquelinia,0,3,3
Jacquelinne,0,3,3
Jacquely,0,3,3
Jacquelyne,0,3,3
Jacques-Jan,3,0,3
Jacques-Paul,3,0,3
Jacques-Pierre,3,0,3
Jacquilina,0,3,3
Jacquill,3,0,3
Jacquolien,0,3,3
Jacquolina,0,3,3
Jacquot,3,0,3
Jacquy,3,3,6
Jacqy,0,3,3
Jacues,3,0,3
Jacunda,0,3,3
Jacus,3,0,3
Jacyline,0,3,3
Jada-Lee,0,3,3
Jada-Mae,0,3,3
Jada-Rose,0,3,3
Jadaly,0,3,3
Jàde,0,3,3
Jade-lynn,0,3,3
Jadean,3,0,3
Jadeleigh,0,3,3
Jadelie,0,3,3
Jadelinyo,3,0,3
Jadelyne,0,3,3
Jâden,3,0,3
Jadenny,3,3,6
Jadeny,0,3,3
Jadeo,3,0,3
Jades,3,0,3
Jadia,0,3,3
Jadidjah,0,3,3
Jadiën,3,0,3
Jadiliño,3,0,3
Jadina,0,3,3
Jadinda,0,3,3
Jadion,3,0,3
Jadirah,0,3,3
Jadiro,3,0,3
Jado,3,0,3
Jadrickson,3,0,3
Jadvyga,0,3,3
Jady-Ann,0,3,3
Jady-Lee,0,3,3
Jadyan,3,0,3
Jadyen,3,0,3
Jadyne,0,3,3
Jadzía,0,3,3
Jae'andro,3,0,3
Jae'ceon,3,0,3
Jae'lynn,0,3,3
Jae'maro,3,0,3
Jae-Celine,0,3,3
Jae-Leigh,0,3,3
Jae-Million,3,0,3
Jae-Milyahni,0,3,3
Jaebker,3,0,3
Jaecqueline,0,3,3
Jaecy,3,0,3
Jaeda-Lynn,0,3,3
Jaedee,3,3,6
Jaedey,0,3,3
Jaedi,3,3,6
Jaédy,0,3,3
Jaedyon,3,0,3
Jaeger,3,0,3
Jaego,3,0,3
Jaélah,0,3,3
Jaelaisa,0,3,3
Jaëli,0,3,3
Jaeliano,3,0,3
Jaëliano,3,0,3
Jaélin,0,3,3
Jaeline,0,3,3
Jaelinne,0,3,3
Jaëlla-Joy,0,3,3
Jaelo,3,0,3
Jaelon,3,0,3
Jaëlson,3,0,3
Jaely-Ann,0,3,3
Jaëlya,0,3,3
Jaélyn,0,3,3
Jaëlynn,0,3,3
Jaelynne,0,3,3
Jaemaro,3,0,3
Jaemely,0,3,3
Jaemes,3,0,3
Jaems,3,0,3
Jaëmy,0,3,3
Jaén,0,3,3
Jaen-Paul,3,0,3
Jaenaï,3,3,6
Jaenairo,3,0,3
Jaenina,0,3,3
Jaenna,0,3,3
Jaënna,0,3,3
Jaennetta,0,3,3
Jaeny,0,3,3
Jaera,0,3,3
Jaerke,3,0,3
Jaerno,3,0,3
Jaesen,3,0,3
Jaesun,3,0,3
Jaëva,0,3,3
Jaevan,3,0,3
Jaëvano,3,0,3
Jaévian,3,0,3
Jaeviëlle,3,0,3
Jaeviënna,0,3,3
Jaeviënne,0,3,3
Jaevin,3,0,3
Jaevyan,3,0,3
Jaewin,3,0,3
Jaeyden,3,3,6
Jafaniël,3,0,3
Jafen,3,0,3
Jaffari,3,0,3
Jaffary,3,3,6
Jaffe,3,0,3
Jaffer,3,0,3
Jaffeth,3,0,3
Jaffie,0,3,3
Jafrey,3,0,3
JAG,3,0,3
Jaga,0,3,3
Jagai,3,0,3
Jagaira,0,3,3
Jagan,3,0,3
Jagdiesh,3,0,3
Jagernath,3,0,3
Jaghdies,3,0,3
Jagjeet,3,0,3
Jagjot,3,0,3
Jagmeet,3,0,3
Jagmohansingh,3,0,3
Jagnarain,3,0,3
Jagraj,3,0,3
Jagrani,0,3,3
Jagree,0,3,3
Jagruti,0,3,3
Jaguar,3,0,3
Jagulan,0,3,3
Jagwanti,0,3,3
Jagwantie,0,3,3
JAH,3,0,3
Jah',3,0,3
Jah'given,3,0,3
Jah'liya,0,3,3
Jah'neal,3,0,3
Jah'nealo,3,0,3
Jah'railey,3,0,3
Jah-laney,3,0,3
Jah-Liah,0,3,3
Jah-Livio,3,0,3
Jah-Lyah,0,3,3
Jah-mae,0,3,3
Jah-Maira,0,3,3
Jah-mani,3,0,3
Jah-Mani,0,3,3
Jah-maro,3,0,3
Jah-Mayra,0,3,3
Jah-Nina,0,3,3
Jah-Son,3,0,3
Jah-ziyah,3,0,3
Jah-Ziyah,3,0,3
Jahaily,0,3,3
Jahairy,3,0,3
Jahangeer,3,0,3
Jahanna,0,3,3
Jahanzeb,0,3,3
Jahayra,0,3,3
Jahaziel,3,0,3
Jahbari,3,0,3
Jahcairo,3,0,3
Jahcob,3,0,3
Jahcyra,0,3,3
Jahdah,0,3,3
Jahdai,3,0,3
Jahduar,3,0,3
Jahél,0,3,3
Jahen,3,0,3
Jahero,3,0,3
Jahfainy,0,3,3
Jahfarr,3,0,3
Jahfed,3,0,3
Jahhaely,0,3,3
Jahilson,3,0,3
Jahima,0,3,3
Jahin,3,3,6
Jahïra,0,3,3
Jahira,0,3,3
Jahknowy,3,0,3
Jahlay,3,3,6
Jahlayno,3,0,3
Jahlaysa,0,3,3
Jahlayza,0,3,3
Jahleah,0,3,3
Jahleisa,0,3,3
Jahlevi,3,0,3
Jahliño,3,0,3
Jahlito,3,0,3
Jahlyna,0,3,3
Jahlysha,0,3,3
Jahlyssa,0,3,3
Jahlyssia,0,3,3
Jahmae,0,3,3
Jahmael,3,0,3
Jahmail,3,0,3
Jahmaisa,0,3,3
Jahmanio,3,0,3
Jahmanti,0,3,3
Jahmanty,3,3,6
Jahmanuel,3,0,3
Jahmany,3,0,3
Jahmarleylion,3,0,3
Jahmary,3,0,3
Jahmayron,3,0,3
Jahmaysa,0,3,3
Jahmella,0,3,3
Jahmello,3,0,3
Jahmera,0,3,3
Jahmillio,3,0,3
Jahmina,0,3,3
Jahmiro-Kay,3,0,3
Jahmylia,0,3,3
Jahmyro,3,0,3
Jahn,3,0,3
Jahnae,0,3,3
Jahnaiza,0,3,3
Jahne,0,3,3
Jahneal,3,0,3
Jahnella,0,3,3
Jahnello,3,0,3
Jahnely,0,3,3
Jahnelyson,3,0,3
Jahnero,3,0,3
Jahnessa,0,3,3
Jahney,0,3,3
Jahnicha,0,3,3
Jahnillio,3,0,3
Jahnino,3,0,3
Jahnishia,0,3,3
Jahniva,0,3,3
Jahnora,0,3,3
Jahnyro,3,0,3
Jahquille,3,0,3
Jahrailey,3,0,3
Jahrailyson,3,0,3
Jahrano,3,0,3
Jahray,3,0,3
Jahreal,3,0,3
Jahren,3,3,6
Jahreyno,3,0,3
Jahriley,3,0,3
Jahrin,3,0,3
Jahrinho,3,0,3
Jahrino,3,0,3
Jahrissa,0,3,3
Jahriziño,3,0,3
Jahroy,3,0,3
Jahryll,3,0,3
Jahryllnio,3,0,3
Jahsarah,0,3,3
Jahsaya,3,3,6
Jahsayra,0,3,3
Jahseed,3,0,3
Jahshaira,0,3,3
Jahshantely,0,3,3
Jahshine,0,3,3
Jahsira,0,3,3
Jahsyra,0,3,3
Jahvanté,3,0,3
Jahvaro,3,0,3
Jahvayno,3,0,3
Jahvell,3,0,3
Jahvenna,0,3,3
Jahventley,3,3,6
Jahvi,3,0,3
Jahvier,3,0,3
Jahviér,3,0,3
Jahvina,0,3,3
Jahvinci,3,0,3
Jahwar,3,0,3
Jahwell,3,3,6
Jahwish,3,0,3
Jahyenna,0,3,3
Jahys,3,0,3
Jahzaïra,0,3,3
Jahzarah,0,3,3
Jahzarra,0,3,3
Jahzeel,3,0,3
Jaï,3,0,3
Jai-Dew,3,0,3
Jaicee,0,3,3
Jaicke,0,3,3
Jaico,3,0,3
Jaidah,0,3,3
Jaidevi,0,3,3
Jaidyan,3,0,3
Jaidynn,0,3,3
Jaie,3,3,6
Jaiel,3,0,3
Jaïer,3,0,3
Jaiero,3,0,3
Jaigien,0,3,3
Jaihra,0,3,3
Jaij,3,0,3
Jaija,0,3,3
Jaijand,3,0,3
Jaijendra,3,0,3
Jaijvi,3,0,3
Jaikrishna,3,0,3
Jaïl,3,0,3
Jail,0,3,3
Jailah,0,3,3
Jailani,3,0,3
Jailano,3,0,3
Jailene,0,3,3
Jailey-Ann,0,3,3
Jaili,0,3,3
Jailla,0,3,3
Jaillyn,0,3,3
Jailo,3,0,3
Jaiman,3,0,3
Jaimari,0,3,3
Jaimay,3,0,3
Jaimberly,0,3,3
Jaïme,3,0,3
Jaimeni,3,3,6
Jaimery,3,0,3
Jaimie-Lynn,0,3,3
Jaimij,3,0,3
Jaimito,3,0,3
Jaimo,3,0,3
Jainab,0,3,3
Jainath,3,0,3
Jainesh,3,0,3
Jainice,0,3,3
Jainny,0,3,3
Jaipersad,3,0,3
Jaíra,0,3,3
Jairajd,3,0,3
Jaired,3,0,3
Jairel,3,0,3
Jairell,3,0,3
Jairemy,3,0,3
Jairison,3,0,3
Jairno,3,0,3
Jaíro,3,0,3
Jairomir,3,0,3
Jaïrr,3,0,3
Jairziño,3,0,3
Jaishan,3,0,3
Jaishridebie,0,3,3
Jaishrie,0,3,3
Jaisley,3,3,6
Jaislynn,0,3,3
Jaith,0,3,3
Jaitley,0,3,3
Jaivant,3,0,3
Jaivany,3,0,3
Jaivesh,3,0,3
Jaivey-Jaxx,3,0,3
Jaivey-Jay,3,0,3
Jaiveyano,3,0,3
Jaivir,3,0,3
Jaiyah,0,3,3
Jaiyeola,3,3,6
Jaiyesh,3,0,3
Jaiz,3,0,3
Jaiza,0,3,3
Jaizley,3,0,3
Jaizy,0,3,3
Jajuan,3,0,3
Jakab,3,0,3
Jakandra,0,3,3
Jakels,3,0,3
Jakkel,3,0,3
Jakkie,3,0,3
Jakkolien,0,3,3
Jakkoline,0,3,3
Jakline,0,3,3
Jakobie,0,3,3
Jakobiene,0,3,3
Jakobis,3,0,3
Jakoeb,3,0,3
Jakomine,0,3,3
Jaksan,3,0,3
Jakson,3,0,3
Jal,0,3,3
Jalaica,0,3,3
Jalaila,0,3,3
Jalaine,0,3,3
Jalaino,3,0,3
Jalainy,0,3,3
Jalaja,0,3,3
Jalaluddin,3,0,3
Jalanka,0,3,3
Jaleeah,3,3,6
Jaleeya,0,3,3
Jaleeyah,0,3,3
Jaleezah,0,3,3
Jalega,0,3,3
Jaleisa,0,3,3
Jalencia,0,3,3
Jaléne,0,3,3
Jalenka,0,3,3
Jalenur,0,3,3
Jales,3,0,3
Jalessa,0,3,3
Jalika,0,3,3
Jalile,3,0,3
Jalill,3,0,3
Jalinho,3,0,3
Jalinn,0,3,3
Jalkien,0,3,3
Jalleesa,0,3,3
Jallysa,0,3,3
Jalya,0,3,3
Jalycia,0,3,3
Jalyne,0,3,3
Jalysia,0,3,3
Jamaíca,3,3,6
Jamaick,3,0,3
Jamaika,0,3,3
Jamailey,0,3,3
Jamailo,3,0,3
Jamaina,0,3,3
Jamairah,0,3,3
Jamairon,3,0,3
Jamaldin,3,0,3
Jamaldine,3,0,3
Jamantha,0,3,3
Jamareon,3,0,3
Jamaris,3,0,3
Jamarka,0,3,3
Jamaylia,0,3,3
Jambane,3,0,3
Jamboria,3,3,6
Jamea,0,3,3
Jamecio,3,0,3
Jamelle,3,3,6
Jamélya,0,3,3
Jametta,0,3,3
Jamiän,3,0,3
Jamicia,0,3,3
Jamida,0,3,3
Jámie,3,0,3
Jamie-Rose,0,3,3
Jamiek,3,3,6
Jamielynn,0,3,3
Jamien,3,0,3
Jamiena,0,3,3
Jamika,0,3,3
Jamïla,0,3,3
Jamilde,0,3,3
Jamilé,0,3,3
Jamilex,0,3,3
Jamiley,0,3,3
Jamili,3,3,6
Jamilja,0,3,3
Jamimah,0,3,3
Jamini,3,3,6
Jamiroh,3,0,3
Jamisha,0,3,3
Jamita,0,3,3
Jamma,3,3,6
Jammal,3,0,3
Jamman,3,0,3
Jammeh,3,0,3
Jammie,3,3,6
Jammylla,0,3,3
Jamna,3,3,6
Jamoena,3,0,3
Jamond,3,0,3
Jamor,3,0,3
Jampara,3,0,3
Jampie,3,0,3
Jamson,3,0,3
Jamuël,3,0,3
Jamura,0,3,3
Jamy-lee,0,3,3
Jamycia,0,3,3
Jamylin,0,3,3
Jamylo,3,0,3
Jamyreno,3,0,3
Jamyron,3,0,3
Jan-Age,3,0,3
Jan-arie,3,0,3
Jan-Barend,3,0,3
Jan-Bauke,3,0,3
Jan-Benno,3,0,3
Jan-Bouwe,3,0,3
Jan-Bram,3,0,3
Jan-Brand,3,0,3
Jan-Carlos,3,0,3
Jan-Charles,3,0,3
Jan-Christian,3,0,3
Jan-Cuno,3,0,3
Jan-Diederik,3,0,3
Jan-Dorus,3,0,3
Jan-Durk,3,0,3
Jan-Eege,3,0,3
Jan-Egge,3,0,3
Jan-Emmo,3,0,3
Jan-Ewout,3,0,3
Jan-Fokko,3,0,3
Jan-Franjo,3,0,3
Jan-Fred,3,0,3
Jan-Gerhard,3,0,3
Jan-Govert,3,0,3
Jan-Hans,3,0,3
Jan-Henderik,3,0,3
Jan-Hendrikszoon,3,0,3
Jan-Hendrikus,3,0,3
Jan-Hermen,3,0,3
Jan-Hindrik,3,0,3
Jan-Hinko,3,0,3
Jan-Huibert,3,0,3
Jan-jaap,3,0,3
Jan-Jelte,3,0,3
Jan-Jilles,3,0,3
Jan-Joep,3,0,3
Jan-joop,3,0,3
Jan-Jorrit,3,0,3
Jan-Junior,3,0,3
Jan-Jurgen,3,0,3
Jan-Jurie,3,0,3
Jan-Just,3,0,3
Jan-Koos,3,0,3
Jan-Lourens,3,0,3
Jan-Marie,3,0,3
Jan-Mart,3,0,3
Jan-Martien,3,0,3
Jan-Meint,3,0,3
Jan-Melle,3,0,3
Jan-Nicolaas,3,0,3
Jan-Okke,3,0,3
Jan-Olaf,3,0,3
Jan-Olivier,3,0,3
Jan-Pier,3,0,3
Jan-pieter,3,0,3
Jan-Reinder,3,0,3
Jan-Rob,3,0,3
Jan-Roel,3,0,3
Jan-Roelf,3,0,3
Jan-Romke,3,0,3
Jan-Ronald,3,0,3
Jan-Rutger,3,0,3
Jan-Sietse,3,0,3
Jan-Sytze,3,0,3
Jan-Teije,3,0,3
Jan-Thies,3,0,3
Jan-Tine,0,3,3
Jan-Tjerk,3,0,3
Jan-Tom,3,0,3
Jan-Ton,3,0,3
Jan-Tonnis,3,0,3
Jan-Victor,3,0,3
Jan-Wietse,3,0,3
Jan-Wilko,3,0,3
Jan-Wim,3,0,3
Janaart,3,0,3
Janaed,3,0,3
Janahan,3,0,3
Janaiah,0,3,3
Janaicha,0,3,3
Janaïro,3,0,3
Janaïs,0,3,3
Janaisca,0,3,3
Janaka,3,0,3
Jananda,0,3,3
Janarah,0,3,3
Janard,3,0,3
Janate,0,3,3
Janathan,3,0,3
Janathon,3,0,3
Janayca,0,3,3
Janayka,0,3,3
Janbertus,3,0,3
Jancees,3,0,3
Jancel,3,3,6
Jancien,0,3,3
Jancke,0,3,3
Jancoline,0,3,3
Jancy,0,3,3
Jandrieke,0,3,3
Jandrika,0,3,3
Jandrina,0,3,3
Jandu,3,0,3
Jandy,3,3,6
Jàne,3,0,3
Jane-Marie,0,3,3
Janêc,3,0,3
Janec,3,0,3
Janeczka,0,3,3
Janée,0,3,3
Janee,3,3,6
Janeeta,0,3,3
Janeirys,0,3,3
Janéla,0,3,3
Janelsy,0,3,3
Janelva,0,3,3
Janene,0,3,3
Janesa,0,3,3
Janèt,0,3,3
Janetly,0,3,3
Janetti,0,3,3
Janettie,0,3,3
Janèz,3,3,6
Janfrans,3,0,3
Janfred,3,0,3
Janga,3,3,6
Jangbahadoer,3,0,3
Janhidde,3,0,3
Janhvi,0,3,3
Janiah,0,3,3
Janiçe,0,3,3
Janicey,0,3,3
Janiecke,0,3,3
Janienka,0,3,3
Janiera,0,3,3
Janies,0,3,3
Janiet,0,3,3
Janifa,0,3,3
Janiko,3,0,3
Janilda,0,3,3
Janile,3,0,3
Janiley,0,3,3
Janille,0,3,3
Janinco,3,0,3
Janino,3,0,3
Jânio,3,0,3
Janio,3,0,3
Janishka,0,3,3
Janisia,0,3,3
Janiv,3,0,3
Janiz,3,3,6
Janize,0,3,3
Janjoris,3,0,3
Jankarel,3,0,3
Jankelin,0,3,3
Janki,0,3,3
Jankinus,3,0,3
Jankipersad,3,0,3
Jankir,0,3,3
Jankolien,0,3,3
Janky,0,3,3
Janly,3,0,3
Janna-Ant,0,3,3
Janna-Sophie,0,3,3
Jannaat,0,3,3
Jannalien,0,3,3
Jannamaria,0,3,3
Jannan,0,3,3
Jannar,3,0,3
Jannard,3,0,3
Jannas,3,0,3
Jannath,0,3,3
Jannatha,0,3,3
Janné,3,3,6
Janne-Job,3,3,6
Janne-Minke,0,3,3
Jannechje,0,3,3
Jannegienes,3,0,3
Jannegré,0,3,3
Jannelein,0,3,3
Janneley,0,3,3
Janneli,0,3,3
Jannelore,0,3,3
Jannemarieke,0,3,3
Jannemeis,0,3,3
Jannemienke,0,3,3
Jannerino,3,0,3
Janneryno,3,0,3
Jannesca,0,3,3
Janneska,0,3,3
Jannesse,0,3,3
Jannessien,0,3,3
Janneth,0,3,3
Jannettje,0,3,3
Jannewietske,0,3,3
Jannich,0,3,3
Janniel,3,0,3
Janniëlle,0,3,3
Janniena,0,3,3
Jannientje,0,3,3
Jannifer,0,3,3
Jannigtje,0,3,3
Jannin,0,3,3
Jannity,0,3,3
Jannoa,0,3,3
Jannoula,0,3,3
Janntje,0,3,3
Jannu,3,3,6
Jannyn,0,3,3
Janoeschka,0,3,3
Janolda,0,3,3
Janon,0,3,3
Janora,0,3,3
Janorah,0,3,3
Janós,3,0,3
Janoul,3,3,6
Janqueline,0,3,3
Jansdotter,0,3,3
Janselina,0,3,3
Jansi,0,3,3
Jansiënne,0,3,3
Jansientje,0,3,3
Jansiska,0,3,3
Janssiena,0,3,3
Janszn,3,0,3
Janta,0,3,3
Janté,0,3,3
Jantella,0,3,3
Jantelle,0,3,3
Janter,3,0,3
Jantge,0,3,3
Jantho,3,0,3
Janthony,3,0,3
Jantiemes,3,0,3
Jantieneke,0,3,3
Jantieny,0,3,3
Jantiny,0,3,3
Jantoinette,0,3,3
Jantonie,3,0,3
Jantonio,3,0,3
Jantyne,0,3,3
Januar,3,0,3
Januaris,3,0,3
Januela,0,3,3
Januella,0,3,3
Janusch,3,0,3
Janushka,0,3,3
Janussie,3,0,3
Janwouter,3,0,3
Janycke,0,3,3
Janyda,0,3,3
Janylo,3,0,3
Janyn,0,3,3
Jão,3,0,3
Jaochim,3,0,3
Jaohara,0,3,3
Jaou,3,0,3
Jaoudat,3,0,3
Jaoul,3,0,3
Jaouria,0,3,3
Japekien,0,3,3
Japhette,0,3,3
Japhy,3,0,3
Japje,3,0,3
Jaqeline,0,3,3
Jaqin,3,0,3
Jaquel,3,3,6
Jaquelyn,0,3,3
Jaquille,3,0,3
Jaquim,3,0,3
Jarai,3,3,6
Jaraï,3,3,6
Jarandina,0,3,3
Jarayno,3,0,3
Jarcinio,3,0,3
Jardelle,3,3,6
Jardian,3,0,3
Jardinho,3,0,3
Jardino,3,0,3
Jareach,3,3,6
Jarec,3,0,3
Jaregiena,0,3,3
Jarèll,3,0,3
Jarelys,0,3,3
Jarend,3,0,3
Jaresa,0,3,3
Jaret,3,0,3
Jarge,3,3,6
Jarha,3,3,6
Jarian,3,0,3
Jariatu,0,3,3
Jarichje,0,3,3
Jariek,3,0,3
Jariel,3,3,6
Jariënne,0,3,3
Jarieu,0,3,3
Jarika,0,3,3
Jarima,0,3,3
Jaringina,0,3,3
Jarinthe,0,3,3
Jarinzo,3,0,3
Jario,3,0,3
Jarique,3,0,3
Jarius,3,0,3
Jariyah,3,0,3
Jarkolina,0,3,3
Jarlath,3,0,3
Jarlo,3,0,3
Jarlon,3,0,3
Jarlyn,0,3,3
Jarmani,3,0,3
Jarme,3,0,3
Jarmel,3,0,3
Jarmin,3,3,6
Jarmine,3,3,6
Jarmke,0,3,3
Jarneau,3,0,3
Jarnel,3,3,6
Jaroe,0,3,3
Jaroeska,0,3,3
Jarolin,0,3,3
Jarome,3,0,3
Jarony,0,3,3
Jarosj,3,0,3
Jarrald,3,0,3
Jarrèl,3,0,3
Jarreld,3,0,3
Jarrich,3,0,3
Jarrion,3,0,3
Jarrow,3,0,3
Jarry,3,0,3
Jarsinio,3,0,3
Jarson,3,0,3
Jarsto,3,0,3
Jarud,3,0,3
Jaruso,3,0,3
Jarvez,3,0,3
Jarvid,3,0,3
Jarvina,0,3,3
Järvinen,3,3,6
Jarvinio,3,0,3
Jarwo,3,0,3
Jarysa,0,3,3
Jasa,0,3,3
Jasairo,3,0,3
Jasaman,0,3,3
Jaşar,3,3,6
Jasaya,3,3,6
Jaschka,0,3,3
Jasco,3,0,3
Jasdev,3,0,3
Jasel,3,0,3
Jasely,3,0,3
Jasemina,0,3,3
Jasenka,0,3,3
Jaset,0,3,3
Jasferius,3,0,3
Jashano,3,0,3
Jashayra,0,3,3
Jashinta,0,3,3
Jashiro,3,0,3
Jashita,0,3,3
Jashmine,0,3,3
Jashna,0,3,3
Jashoda,0,3,3
Jashvan,3,0,3
Jashvantkumar,3,0,3
Jashwankumar,3,0,3
Jashwin,3,0,3
Jasia,0,3,3
Jasiel,3,3,6
Jasika,0,3,3
Jasirah,0,3,3
Jasiyah,3,3,6
Jasje,0,3,3
Jasjka,0,3,3
Jaskarn,3,0,3
Jaske,3,0,3
Jaskeerat,3,3,6
Jasline,3,3,6
Jasly,0,3,3
Jasmae,0,3,3
Jasmaine,0,3,3
Jasman,3,3,6
Jasmé,0,3,3
Jasmeera,0,3,3
Jasmena,0,3,3
Jasmilla,0,3,3
Jasmín,0,3,3
Jasminda,0,3,3
Jasminé,0,3,3
Jasmini,0,3,3
Jasminta,0,3,3
Jasmir,3,0,3
Jasodia,0,3,3
Jason-Dean,3,0,3
Jason-John,3,0,3
Jasonas,3,0,3
Jaspart,3,0,3
Jaspe,3,0,3
Jaspen,3,0,3
Jasper-Willem,3,0,3
Jasperus,3,0,3
Jaspis,3,0,3
Jasrah,0,3,3
Jassa,3,3,6
Jassam,0,3,3
Jassi,3,0,3
Jassien,3,0,3
Jassina,0,3,3
Jast,3,0,3
Jasthin,3,0,3
Jasuja,3,3,6
Jasvantkumar,3,0,3
Jasvantpersad,3,0,3
Jasvantsing,3,0,3
Jasveer,3,0,3
Jasvir,3,0,3
Jaswantie,0,3,3
Jaswantkumar,3,0,3
Jasween,3,3,6
Jaswina,0,3,3
Jasyn,3,3,6
Jatan,3,0,3
Jathursan,3,0,3
Jathushan,3,0,3
Jatiman,3,0,3
Jatimin,3,0,3
Jatno,3,0,3
Jaubert,3,0,3
Jaun,3,0,3
Jaunita,0,3,3
Jaurieke,0,3,3
Jaus,3,0,3
Jauwk,3,0,3
Jauwkje,0,3,3
Javaï,0,3,3
Javai,0,3,3
Javanni,3,0,3
Javarne,3,0,3
Javarné,3,0,3
Javay,3,0,3
Javeaney,0,3,3
Javeley,3,0,3
Javelly,3,3,6
Javenly,3,0,3
Javensley,3,0,3
Javeon,3,0,3
Javeron,3,0,3
Javet,3,0,3
Javez,3,0,3
Javié,3,3,6
Javiël,3,0,3
Javiënsley,3,0,3
Javièr,3,0,3
Javiéra,0,3,3
Javinio,3,0,3
Javior,3,0,3
Javiro,3,0,3
Javorka,0,3,3
Jawaharlal,3,0,3
Jawara,3,0,3
Jawies,3,0,3
Jawor,3,0,3
Jawson,3,0,3
Jaxim,3,0,3
Jaxley,3,0,3
Jaxx-Jaylann,3,0,3
Jaxz,3,0,3
Jay'Dior,3,0,3
Jay'Lee,0,3,3
Jay'liano,3,0,3
Jay-Angely,0,3,3
Jay-cee,3,0,3
Jay-Cey,0,3,3
Jay-David,3,0,3
Jay-dion,3,0,3
Jay-don,3,0,3
Jay-la,0,3,3
Jay-Leanne,0,3,3
Jay-Liah,0,3,3
Jay-Lin,0,3,3
Jay-Lyann,0,3,3
Jay-Miliano,3,0,3
Jay-Morell,3,0,3
Jay-Noël,3,0,3
Jay-Novelly,3,0,3
Jay-Quinn,3,0,3
Jay-Raj,3,0,3
Jay-Riley,3,0,3
Jay-Ron,3,0,3
Jay-Vano,3,0,3
Jay-Z,3,0,3
Jaya-Lynn,0,3,3
Jayalakshmi,0,3,3
Jayalaxmi,0,3,3
Jayandkumar,3,0,3
Jayandraj,3,0,3
Jayangelo,3,0,3
Jayanne,0,3,3
Jayany,3,3,6
Jayati,0,3,3
Jayavarman,3,0,3
Jayawardena,3,0,3
Jayawatie,0,3,3
Jayben,3,0,3
Jaybreyon,3,0,3
Jaybriën,3,0,3
Jaycé,3,3,6
Jaycée,3,3,6
Jaycee-Linn,0,3,3
Jaycee-lynn,0,3,3
Jayceline,0,3,3
Jaycelino,3,0,3
Jaycéon,3,0,3
Jaycilee,0,3,3
Jayda-Rose,0,3,3
Jaydani,3,3,6
Jaydano,3,0,3
Jaydea,3,3,6
Jaydeigh,0,3,3
Jaydel,3,0,3
Jaydelin,0,3,3
Jaydelina,0,3,3
Jaydelmar,3,0,3
Jaydelyn,0,3,3
Jaydelynn,0,3,3
Jaydemir,3,0,3
Jayden-Harley,3,0,3
Jaydeni,0,3,3
Jaydenson,3,0,3
Jaydi-May,0,3,3
Jaydiano,3,0,3
Jaydine,3,3,6
Jaydith,0,3,3
Jaydn,3,0,3
Jaydo,3,0,3
Jaydra,0,3,3
Jaydrion,3,0,3
Jayedian,3,0,3
Jayël,3,0,3
Jayeleigh,0,3,3
Jayendre,3,0,3
Jayéndro,3,0,3
Jayent,3,0,3
Jaygan,3,0,3
Jaygen,3,0,3
Jayh-Lynn,0,3,3
Jayha,0,3,3
Jayhan,3,0,3
Jayhden,3,0,3
Jayhen,3,0,3
Jayhlon,3,0,3
Jayhlynn,0,3,3
Jayhrese,3,0,3
Jayish,3,0,3
Jayjiva,0,3,3
Jaykishen,3,0,3
Jaykumar,3,0,3
Jaylaisha,0,3,3
Jaylanie,3,3,6
Jaylaysa,0,3,3
Jayle,0,3,3
Jaylecy,0,3,3
Jayleesa,0,3,3
Jayleeson,3,0,3
Jaylencio,3,0,3
Jayleni,0,3,3
Jayleon,3,0,3
Jaylesh,3,0,3
Jayleyson,3,0,3
Jayli-ann,0,3,3
Jayliaah,0,3,3
Jayliann,0,3,3
Jaylicio,3,0,3
Jayliéna,0,3,3
Jayliënna,0,3,3
Jaylienne,0,3,3
Jaylinho,3,0,3
Jaylinio,3,0,3
Jaylinn-Jill,0,3,3
Jaylinn-Joy,0,3,3
Jaylinne,0,3,3
Jaylishia,0,3,3
Jayliviano,3,0,3
Jayllen,3,0,3
Jayllin,0,3,3
Jaylong,3,0,3
Jayluna,0,3,3
Jayma,0,3,3
Jaymala,0,3,3
Jaymarion,3,0,3
Jaymay,0,3,3
Jaymayro,3,0,3
Jayme-Lee,0,3,3
Jaymée,0,3,3
Jaymelee,0,3,3
Jaymeley,0,3,3
Jaymie-Lee,0,3,3
Jaymilano,3,0,3
Jaymilio,3,0,3
Jaymill,3,0,3
Jaymini,3,3,6
Jaymira,0,3,3
Jaymond,3,0,3
Jaynaijah,0,3,3
Jaynaira,0,3,3
Jaynan,3,0,3
Jaynely,0,3,3
Jaynen,3,0,3
Jaynesh,3,0,3
Jaynia,0,3,3
Jayniël,3,0,3
Jaynina,0,3,3
Jaynine,0,3,3
Jaynio,3,0,3
Jaynisairo,3,0,3
Jaynisha,0,3,3
Jaynon,3,0,3
Jaynovy,3,0,3
Jayone,3,0,3
Jayquan,3,0,3
Jayquin,3,0,3
Jayquinn,3,0,3
Jayr,3,0,3
Jayraisa,0,3,3
Jayraj,3,0,3
Jayran,3,0,3
Jayresa,0,3,3
Jayriann,3,0,3
Jayriley,3,0,3
Jayrinho,3,0,3
Jayrion,3,0,3
Jayrome,3,0,3
Jayromir,3,0,3
Jayroy,3,0,3
Jayrrell,3,0,3
Jaysari,0,3,3
Jayse,3,0,3
Jaysheel,3,0,3
Jayshridevi,0,3,3
Jaysie,3,3,6
Jaysingh,3,0,3
Jaysira,0,3,3
Jayslin,0,3,3
Jaysree,0,3,3
Jaytan,3,0,3
Jaythano,3,0,3
Jaythen,3,0,3
Jaython,3,0,3
Jayuar,3,0,3
Jayvaino,3,0,3
Jayvalino,3,0,3
Jayvanni,3,0,3
Jayvanno,3,0,3
Jayvaro,3,0,3
Jayved,3,0,3
Jayveer,3,0,3
Jayvelin,0,3,3
Jayveliña,0,3,3
Jayvelly,0,3,3
Jayvensley,3,0,3
Jayverailo,3,0,3
Jayveron,3,0,3
Jayverrell,3,0,3
Jayvonn,3,0,3
Jayyen,0,3,3
Jayze,3,0,3
Jayzi,3,0,3
Jayzinio,3,0,3
Jayzir,3,0,3
Jayzon,3,0,3
Jazba,0,3,3
Jazéa,3,0,3
Jazeps,3,0,3
Jazey,3,0,3
Jaziba,0,3,3
Jazie,3,0,3
Jaziro,3,0,3
Jazlene,0,3,3
Jazlyne,0,3,3
Jazmaira,0,3,3
Jazmé,0,3,3
Jazmien,0,3,3
Jazon,3,0,3
Jazsmin,0,3,3
Jazwin,3,0,3
Jazz-Linn,0,3,3
Jazz-Lynne,0,3,3
Jazze,3,0,3
Jazzelle,0,3,3
Jazzelynn,0,3,3
Jazzey,3,3,6
Jazzi,3,3,6
Jazzleigh,0,3,3
Jazzley-Joy,0,3,3
Jazzlyn-Jay,0,3,3
JazzLynn,0,3,3
Jazzlynne,0,3,3
Jazzton,3,0,3
Jazzy-Joy,0,3,3
Jazzy-Lee,0,3,3
JCG,3,3,6
JCL,3,3,6
Je'leya,0,3,3
Je-ni,0,3,3
Jea-Annely,0,3,3
Jea-Mairo,3,0,3
Jeaan,3,3,6
Jeacelyn,0,3,3
Jeack,3,0,3
Jeacques,3,0,3
Jeade,3,3,6
Jeadey,0,3,3
Jeadiël,3,0,3
Jeadon,3,0,3
Jealany,3,0,3
Jealen,3,0,3
Jealida,0,3,3
Jealie,0,3,3
Jealiviano,3,0,3
Jealy-Ann,0,3,3
Jealyna,0,3,3
Jeamely,0,3,3
Jeamen,3,0,3
Jeamila,0,3,3
Jean-André,3,0,3
Jean-Ann,0,3,3
Jean-Anne,0,3,3
Jean-Antoine,3,0,3
Jean-Christophe,3,0,3
Jean-Daniel,3,0,3
Jean-Daniël,3,0,3
Jean-Drick,3,0,3
Jean-Frédéric,3,0,3
Jean-Gilles,3,0,3
Jean-Jaques,3,0,3
Jean-Joseph,3,0,3
Jean-Laurent,3,0,3
Jean-Marcel,3,0,3
Jean-Mari,3,3,6
Jean-Maria,3,3,6
Jean-Marinus,3,0,3
Jean-Martin,3,0,3
Jean-Michaël,3,0,3
Jean-Peter,3,0,3
Jean-Philipe,3,0,3
Jean-Phillipe,3,0,3
Jean-pierre,3,0,3
Jean-Piérre,3,0,3
Jean-Robert,3,0,3
Jeanaero,0,3,3
Jeanailys,0,3,3
Jeanaira,0,3,3
Jeanaïro,3,0,3
Jeananda,0,3,3
Jeanaya,0,3,3
Jeancarlos,3,0,3
Jeandomar,3,0,3
Jeandrelica,0,3,3
Jeandrelika,0,3,3
Jeandrely,0,3,3
Jeandry,3,3,6
Jeane-Marie,0,3,3
Jeane-Mary,0,3,3
Jeanee,0,3,3
Jeanethe,0,3,3
Jeanida,0,3,3
Jeaniena,0,3,3
Jeanila,0,3,3
Jeanillo,3,0,3
Jeanino,3,0,3
Jeanira,0,3,3
Jeaniro,3,0,3
Jeanisa,0,3,3
Jeanise,0,3,3
Jeanluc,3,0,3
Jeanmarc,3,0,3
Jeanne-Louise,0,3,3
Jeanne-Mae,0,3,3
Jeanne-Monique,0,3,3
Jeannée,0,3,3
Jeannelia,0,3,3
Jeannell,0,3,3
Jeannella,0,3,3
Jeannemarie,0,3,3
Jeannemieke,0,3,3
Jeanneth,0,3,3
Jeannettie,0,3,3
Jeannety,0,3,3
Jeanniene,0,3,3
Jeannietta,0,3,3
Jeannin,0,3,3
Jeannis,3,3,6
Jeannise,0,3,3
Jeannurvel,3,0,3
Jéano,3,0,3
Jeanrick,3,0,3
Jeanti,3,3,6
Jeanty,0,3,3
Jearayno,3,0,3
Jeari,3,0,3
Jearim,3,0,3
Jearlon,3,3,6
Jearmine,3,0,3
Jearno,3,0,3
Jearsley,3,0,3
Jearwin,3,0,3
Jeasen,3,0,3
Jeathrai,3,0,3
Jeavey,3,3,6
Jeavian,3,0,3
Jeavion,3,0,3
Jeayla,0,3,3
Jeayna,0,3,3
Jeayro,3,0,3
Jeba,3,3,6
Jebb,3,0,3
Jebbechien,0,3,3
Jebbechiena,0,3,3
Jebbina,0,3,3
Jebbo,3,0,3
Jebby,0,3,3
Jebediah,3,0,3
Jebet,0,3,3
Jebrail,0,3,3
Jebril,3,0,3
Jecco,3,0,3
Jecely,0,3,3
Jechelina,0,3,3
Jechia,3,3,6
Jechien,0,3,3
Jeco,3,0,3
Jecob,3,0,3
Jecobson,3,0,3
Jecoliah,0,3,3
Jecyntha,0,3,3
Jedd,3,0,3
Jedidjo,3,0,3
Jedie,3,3,6
Jediedjah,3,0,3
Jedifado,3,0,3
Jedison,3,0,3
Jeditjah,0,3,3
Jedocus,3,0,3
Jedouan,3,0,3
Jédy,0,3,3
Jeeco,3,0,3
Jeeltje,0,3,3
Jeely,0,3,3
Jeerie,3,3,6
Jeetankoemar,3,0,3
Jeetendar,3,3,6
Jeetender,3,0,3
Jeetendrasingh,3,0,3
Jeevakaran,3,0,3
Jeevani,0,3,3
Jeevesh,3,0,3
Jeeya,0,3,3
Jefainy,0,3,3
Jefayro,3,0,3
Jeféo,3,0,3
Jeffano,3,0,3
Jeffany,3,3,6
Jefferi,3,0,3
Jefferij,3,0,3
Jeffie,0,3,3
Jeffreyson,3,0,3
Jeffried,3,0,3
Jeffrij,3,0,3
Jeffrison,3,0,3
Jefgeni,3,0,3
Jefim,3,0,3
Jefimija,0,3,3
Jefira,0,3,3
Jefjeny,3,0,3
Jefro,3,0,3
Jefthe,3,3,6
Jeger,3,0,3
Jegien,0,3,3
Jegina,0,3,3
Jeginus,3,0,3
Jego,3,0,3
Jehane,0,3,3
Jehat,3,0,3
Jeheskiel,3,0,3
Jehiah,3,3,6
Jehiël,3,0,3
Jehna,0,3,3
Jehnaylee,0,3,3
Jehonatan,3,0,3
Jehosjoea,3,0,3
Jehosoa,3,0,3
Jehova,3,0,3
Jehovany,3,0,3
Jehraino,3,0,3
Jèhro,3,0,3
Jehudit,0,3,3
Jehvensley,3,0,3
Jehvensly,3,0,3
Jei,3,3,6
Jeiël,3,0,3
Jeigie,0,3,3
Jeije,3,0,3
Jeiquin,0,3,3
Jeisa,0,3,3
Jeja,0,3,3
Jejo,3,0,3
Jekina,0,3,3
Jekkemina,0,3,3
Jekoba,0,3,3
Jekta,3,0,3
Jéla,0,3,3
Jelah,0,3,3
Jelaila,0,3,3
Jelairo,3,0,3
Jelaissa,0,3,3
Jelal,3,0,3
Jelan,0,3,3
Jelanda,0,3,3
Jëlano,3,0,3
Jelayda,0,3,3
Jelaysha,0,3,3
Jelayza,0,3,3
Jelca,3,3,6
Jelcke,3,0,3
Jelde,3,0,3
Jeldora,0,3,3
Jeleah,0,3,3
Jeleena,0,3,3
Jèlena,0,3,3
Jelenie,0,3,3
Jelenka,0,3,3
Jelessa,0,3,3
Jelesto,3,0,3
Jeleyntje,0,3,3
Jelgar,3,0,3
Jelice,0,3,3
Jelienke,0,3,3
Jelijntje,0,3,3
Jelinke,0,3,3
Jelinn,0,3,3
Jelisavka,0,3,3
Jelisje,0,3,3
Jelissavetta,0,3,3
Jelissiena,0,3,3
Jélisya,0,3,3
Jelivio,3,0,3
Jeliya,0,3,3
Jelizabeth,0,3,3
Jelken,3,0,3
Jelle-Anne,3,0,3
Jelle-Bart,3,0,3
Jelle-Geert,3,0,3
Jelle-Johannes,3,0,3
Jelle-Marten,3,0,3
Jelle-Martijn,3,0,3
Jellejan,3,0,3
Jellejetta,0,3,3
Jellemieke,0,3,3
Jellemine,0,3,3
Jelleny,3,3,6
Jellery,0,3,3
Jellica,0,3,3
Jellieke,0,3,3
Jellienke,0,3,3
Jellino,3,0,3
Jelne,3,0,3
Jelot,0,3,3
Jelrich,3,0,3
Jelstiena,0,3,3
Jelte-Maarten,3,0,3
Jeltes,3,0,3
Jeltsen,3,3,6
Jelwa,0,3,3
Jely,3,3,6
Jélyn,0,3,3
Jelyno,3,0,3
Jelyse,0,3,3
Jelysha,0,3,3
Jelyzah,0,3,3
Jemae,0,3,3
Jemai,3,3,6
Jemaila,0,3,3
Jemaina,0,3,3
Jemall,3,0,3
Jemana,0,3,3
Jemano,3,0,3
Jemari,3,0,3
Jemarr,3,0,3
Jemayla,0,3,3
Jemayli,0,3,3
Jemayra,0,3,3
Jémayro,3,0,3
Jemeldy,0,3,3
Jemelsa,0,3,3
Jemen,3,0,3
Jemia,3,3,6
Jemiel,3,0,3
Jemien,0,3,3
Jemijn,0,3,3
Jemille,0,3,3
Jemillio,3,0,3
Jemilyo,3,0,3
Jemin,3,3,6
Jeminah,0,3,3
Jemira,0,3,3
Jemkje,0,3,3
Jemm,3,0,3
Jemmerson,3,0,3
Jemorly,3,0,3
Jémuel,3,0,3
Jemuél,3,0,3
Jemyma,0,3,3
Jen-Ay,3,3,6
Jenaba,0,3,3
Jenabel,0,3,3
Jenaely,0,3,3
Jenaiah,0,3,3
Jenailley,0,3,3
Jenairi,3,0,3
Jenairis,0,3,3
Jenairys,0,3,3
Jenaiva,0,3,3
Jenaiyo,3,0,3
Jenal,3,0,3
Jenalda,0,3,3
Jenalisa,0,3,3
Jenalynn,0,3,3
Jenanja,3,3,6
Jenany,0,3,3
Jenarah,0,3,3
Jenayla,0,3,3
Jenaylah,0,3,3
Jency,3,3,6
Jendaya,0,3,3
Jendé,0,3,3
Jendell,3,0,3
Jendi,0,3,3
Jendien,0,3,3
Jendri,3,0,3
Jendry,3,0,3
Jeneady,3,3,6
Jeneal,3,0,3
Jenello,3,0,3
Jenera,0,3,3
Jenerick,3,0,3
Jenesis,3,3,6
Jeneta,0,3,3
Jeneviëve,0,3,3
Jeneviève,0,3,3
Jenevieve,0,3,3
Jeney,3,3,6
Jenghis,3,0,3
Jenia,0,3,3
Jènice,0,3,3
Jenicia,0,3,3
Jenienke,0,3,3
Jenik,3,0,3
Jenila,0,3,3
Jeniley,0,3,3
Jenilio,3,0,3
Jenillio,3,0,3
Jeninio,3,0,3
Jeninke,0,3,3
Jeninyo,3,0,3
Jenissi,0,3,3
Jenitta,0,3,3
Jenja,3,3,6
Jenna-Lee,0,3,3
Jenna-Leigh,0,3,3
Jenna-Louise,0,3,3
Jenna-Mae,0,3,3
Jennalie,0,3,3
Jennaya,0,3,3
Jennayah,0,3,3
Jenné,0,3,3
Jenne-Marie,0,3,3
Jennechiena,0,3,3
Jennelina,0,3,3
Jenneline,0,3,3
Jennelle,0,3,3
Jennerfer,0,3,3
Jennerie,0,3,3
Jennerley,0,3,3
Jenneviev,0,3,3
Jennichina,0,3,3
Jenniena,0,3,3
Jennies,0,3,3
Jennifer-Ann,0,3,3
Jennifer-Lynn,0,3,3
Jenniferr,0,3,3
Jenning,3,0,3
Jennipher,0,3,3
Jennisa,0,3,3
Jenniska,0,3,3
Jennite,0,3,3
Jenniz,0,3,3
Jennö,3,0,3
Jenny-Lynn,0,3,3
Jennyce,0,3,3
Jennyffer,0,3,3
Jennyka,0,3,3
Jennymar,0,3,3
Jennypher,0,3,3
Jennyson,3,3,6
Jéno,3,0,3
Jenomy,3,3,6
Jenorah,0,3,3
Jenôt,3,0,3
Jenovic,3,0,3
Jenrico,3,0,3
Jenriët,0,3,3
Jens-Erik,3,0,3
Jens-Peter,3,0,3
Jensche,0,3,3
Jensi,3,0,3
Jensivar,3,0,3
Jenst,3,0,3
Jentsche,0,3,3
Jenuati,0,3,3
Jenyca,0,3,3
Jeomar,3,0,3
Jeomi,0,3,3
Jéon,3,0,3
Jeordi,3,0,3
Jeorge,3,0,3
Jeovani,3,0,3
Jeovanna,0,3,3
Jeovanny,3,0,3
Jeoyre,0,3,3
Jépé,3,0,3
Jephthé,3,0,3
Jepkje,0,3,3
Jeps,3,0,3
Jerachmiël,3,0,3
Jeracio,3,0,3
Jerad,3,0,3
Jeraiho,3,0,3
Jerailyson,3,0,3
Jeraimy,3,0,3
Jerainy,3,3,6
Jeraio,3,0,3
Jeraisa,0,3,3
Jeraiva,0,3,3
Jeral,3,0,3
Jeraldy,3,3,6
Jerall,3,0,3
Jeram,3,0,3
Jeramaiah,3,0,3
Jeramey,3,0,3
Jeramo,3,0,3
Jerani,3,3,6
Jeranio,3,0,3
Jerasimos,3,0,3
Jeraylo,3,0,3
Jerayson,3,0,3
Jerayva,0,3,3
Jerben,3,0,3
Jercley,3,0,3
Jerdan,3,0,3
Jerdani,3,3,6
Jerden,3,0,3
Jerdi,3,0,3
Jerdina,0,3,3
Jerdo,3,0,3
Jereau,3,0,3
Jereaux,3,0,3
Jereino,3,0,3
Jereldo,3,0,3
Jerelio,3,0,3
Jeréll,3,3,6
Jerelva,0,3,3
Jerelys,0,3,3
Jerem,3,0,3
Jeremaijah,3,0,3
Jeremaja,3,0,3
Jeremías,3,0,3
Jeremiel,3,0,3
Jeremmy,3,0,3
Jeremo,3,0,3
Jerémy,3,0,3
Jeremy-Jay,3,0,3
Jereni,0,3,3
Jereny,3,3,6
Jeret,3,0,3
Jereth,3,3,6
Jerfina,0,3,3
Jergé,3,0,3
Jerginio,3,0,3
Jerian,3,0,3
Jèrica,0,3,3
Jerice,0,3,3
Jericha,0,3,3
Jerichio,3,0,3
Jericio,3,0,3
Jerick,3,0,3
Jericko,3,0,3
Jerickson,3,0,3
Jeriene,0,3,3
Jerilyn,0,3,3
Jerimi,3,0,3
Jerinca,0,3,3
Jerinda,0,3,3
Jeriñho,3,0,3
Jerinyo,3,0,3
Jerisho,3,0,3
Jerissa,0,3,3
Jerito,3,0,3
Jerka,3,3,6
Jerl,3,0,3
Jerlano,3,0,3
Jerley,0,3,3
Jerlinio,3,0,3
Jerlino,3,0,3
Jerlon,3,0,3
Jerloo,3,0,3
Jerlyson,3,0,3
Jermai,3,0,3
Jermaily,0,3,3
Jermany,3,0,3
Jermaylon,3,0,3
Jermayma,0,3,3
Jermayra,0,3,3
Jermea,3,3,6
Jermeau,3,0,3
Jermeline,0,3,3
Jermeni,0,3,3
Jermeno,3,0,3
Jermeny,3,3,6
Jermian,3,0,3
Jerminio,3,0,3
Jermolai,3,0,3
Jermya,3,3,6
Jernaisa,0,3,3
Jernas,3,0,3
Jernoah,3,0,3
Jernst,3,0,3
Jernt,3,0,3
Jerobian,3,0,3
Jeroen-Anton,3,0,3
Jeroen-Bas,3,0,3
Jeroen-Jan,3,0,3
Jeroen-Mark,3,0,3
Jeroen-Pascal,3,0,3
Jeroen-Peter,3,0,3
Jeroense,3,0,3
Jeroesja,0,3,3
Jeroina,0,3,3
Jerôm,3,0,3
Jeroma,0,3,3
Jeromahya,3,0,3
Jerômé,3,0,3
Jèrôme,3,0,3
Jeromes,3,0,3
Jeromeus,3,0,3
Jerominus,3,0,3
Jeromius,3,0,3
Jeromme,3,0,3
Jèron,3,0,3
Jerónima,0,3,3
Jeronne,3,0,3
Jeronymo,3,0,3
Jerphaes,3,0,3
Jerphanion,3,3,6
Jerr,3,0,3
Jerraily,3,0,3
Jerraino,3,0,3
Jerramy,3,0,3
Jerranny,3,3,6
Jerrél,3,0,3
Jerrelee,3,3,6
Jerrelisio,3,0,3
Jerremay,3,0,3
Jerremaya,3,3,6
Jerremias,3,0,3
Jerres,3,0,3
Jerreth,3,0,3
Jerrianne,0,3,3
Jerriël,3,0,3
Jerrimy,3,0,3
Jerrinny,3,0,3
Jerrino,3,0,3
Jerroll,3,0,3
Jerromaine,3,0,3
Jerry-Lynn,0,3,3
Jerryll,3,0,3
Jerscha,0,3,3
Jerseline,0,3,3
Jerseyua,3,0,3
Jershan,3,0,3
Jersie,0,3,3
Jersly,3,0,3
Jerun,3,0,3
Jerushah,0,3,3
Jeruza,3,3,6
Jeruzah,3,3,6
Jeruzalem,3,3,6
Jervanio,3,0,3
Jervian,3,0,3
Jervinus,3,0,3
Jerwan,3,0,3
Jeryano,3,0,3
Jerze,3,0,3
Jesa,3,3,6
Jesaija,3,0,3
Jesaiya,3,3,6
Jesana,0,3,3
Jesario,3,0,3
Jesayo,3,0,3
Jescher,3,0,3
Jescica,0,3,3
Jeseah,3,3,6
Jesein,3,0,3
Jeselle,0,3,3
Jesen,3,0,3
Jeseñea,0,3,3
Jeshaira,0,3,3
Jeshawn,3,0,3
Jeshay,3,0,3
Jeshayro,3,0,3
Jeshe,3,3,6
Jeshely,0,3,3
Jeshety,0,3,3
Jeshley,0,3,3
Jeshwenie,0,3,3
Jesi,3,3,6
Jesien,0,3,3
Jesiena,0,3,3
Jesiene,0,3,3
Jesijntje,0,3,3
Jesika,0,3,3
Jesimiël,3,0,3
Jesle,3,0,3
Jeslie,3,0,3
Jeslina,0,3,3
Jeslyne,0,3,3
Jeslynne,0,3,3
Jesmaé,0,3,3
Jesmée,0,3,3
Jesmeé,0,3,3
Jesmien,0,3,3
Jesmill,0,3,3
Jesmir,3,0,3
Jesnie,0,3,3
Jespah,3,0,3
Jespar,3,0,3
Jespha,3,0,3
Jesrael,3,0,3
Jesron,3,0,3
Jess-Mae,0,3,3
Jess-May,0,3,3
Jessaiha,3,3,6
Jessamie,0,3,3
Jessan,3,0,3
Jessana,0,3,3
Jèsse,3,0,3
Jesse-Beau,3,0,3
Jesse-Lee,3,3,6
Jesse-Martijn,3,0,3
Jesse-Michiel,3,0,3
Jessebell,0,3,3
Jesseka,0,3,3
Jessela,0,3,3
Jessemy,0,3,3
Jessen,3,0,3
Jesseny,0,3,3
Jesseroen,3,0,3
Jesserun,3,0,3
Jessery,3,0,3
Jesshua,3,0,3
Jessiah-Damian,3,0,3
Jessij,0,3,3
Jessinia,0,3,3
Jesslene,0,3,3
Jessler,0,3,3
Jessline,0,3,3
Jessmin,0,3,3
Jessminder,0,3,3
Jessmine,0,3,3
Jessron,3,0,3
Jesstin,3,0,3
Jessy-Jay,0,3,3
Jessy-Joëlle,0,3,3
Jestan,3,0,3
Jeste,0,3,3
Jesteny,0,3,3
Jestler,0,3,3
Jestyn,3,0,3
Jesuina,0,3,3
Jesusa,0,3,3
Jesvin,3,0,3
Jesy,0,3,3
Jesyca,0,3,3
Jesz,0,3,3
Jetendra,3,0,3
Jetesa,0,3,3
Jeth,0,3,3
Jetinder,3,0,3
Jetjen,0,3,3
Jetschke,0,3,3
Jette-José,0,3,3
Jettro,3,0,3
Jetz,3,0,3
Jetzesz,3,0,3
Jetzie,0,3,3
Jetzo,3,0,3
Jeube,3,0,3
Jeüel,3,0,3
Jeumen,0,3,3
Jeuran,3,0,3
Jeurendina,3,3,6
Jeurney,0,3,3
Jeurriana,0,3,3
Jeurrianus,3,0,3
Jev,3,0,3
Jèva,0,3,3
Jevai,3,0,3
Jèvan,3,0,3
Jévan,3,0,3
Jevancy,3,0,3
Jevanni,3,0,3
Jëvano,3,0,3
Jevanté,3,0,3
Jevayen,3,0,3
Jeven,3,0,3
Jevenci,3,0,3
Jevenity,0,3,3
Jevensley,3,0,3
Jeveraino,3,0,3
Jévian,3,0,3
Jevie,3,0,3
Jevinyo,3,0,3
Jevlin,3,3,6
Jèvon,3,0,3
Jevonte,3,0,3
Jevry,3,0,3
JEW,3,3,6
Jewanne,0,3,3
Jewdokia,0,3,3
Jewël,3,3,6
Jewelle,0,3,3
Jewells,3,3,6
Jewely,0,3,3
Jey-Jey,3,0,3
Jeya,0,3,3
Jéyano,3,0,3
Jeyano,3,0,3
Jeyarajah,3,3,6
Jeyasingam,3,3,6
Jeylena,0,3,3
Jeyliciënne,0,3,3
Jeylie,0,3,3
Jeylina,0,3,3
Jeylisa,0,3,3
Jeylo,0,3,3
Jeymar,3,0,3
Jeymi,3,0,3
Jeynairo,3,0,3
Jeyro,3,0,3
Jeysha,0,3,3
Jezairo,3,0,3
Jezaja,3,0,3
Jezaya,3,0,3
Jezayah,3,0,3
Jezelle,0,3,3
Jezhlyn,0,3,3
Jèziah,3,0,3
Jezley,3,3,6
Jezlynn,0,3,3
Jezmar,3,0,3
Jezreël,3,0,3
Jezua,3,0,3
Jezulina,0,3,3
Jezzabel,0,3,3
Jezze,3,3,6
JFJ,3,3,6
JGG,3,3,6
JGW,0,3,3
Jhade,3,3,6
Jhaden,3,0,3
Jhaell,3,0,3
Jhagmark,3,0,3
Jhaiden,3,0,3
Jhair,3,0,3
Jhakira,0,3,3
Jhaleisa,0,3,3
Jhalil,3,0,3
Jhalill,3,0,3
Jhaliya,0,3,3
Jhaliyah,0,3,3
Jhamaira,0,3,3
Jhamaly,0,3,3
Jhamel,3,0,3
Jhamilla,0,3,3
Jhamir,3,0,3
Jhamyro,3,0,3
Jhand,3,0,3
Jhané,0,3,3
Jhanish,3,0,3
Jhannemay,0,3,3
Jhared,3,0,3
Jharmain,3,0,3
Jhason,3,0,3
Jhaswanty,0,3,3
Jhay,3,0,3
Jhayden,3,0,3
Jhaymani,3,0,3
Jhazara,0,3,3
JHB,3,3,6
Jhe-Noah,3,0,3
Jhéano,3,0,3
Jheano,3,0,3
Jhelaisa,0,3,3
Jheliya,0,3,3
Jhelysa,0,3,3
Jhemany,3,0,3
Jhemila,0,3,3
Jhemyla,0,3,3
Jhendelyn,0,3,3
Jhenou,0,3,3
Jhens,3,0,3
Jhensley,3,0,3
Jheraidenney,0,3,3
Jheraisa,0,3,3
Jheraizo,3,0,3
Jherino,3,0,3
Jherome,3,0,3
Jhevaino,3,0,3
Jhilani,3,0,3
Jhimmy,3,0,3
Jhino,3,0,3
JHL,3,3,6
Jhlan,3,0,3
Jhoan,3,0,3
Jhoëll,3,0,3
Jhones,3,0,3
Jhoni,0,3,3
Jhonn,3,0,3
Jhonnij,3,0,3
Jhorano,3,0,3
Jhordan,3,0,3
Jhordy,3,0,3
Jhorel,3,3,6
Jhorna,0,3,3
Jhosua,3,0,3
Jhoty,0,3,3
JHT,3,3,6
JHW,3,3,6
JHWM,0,3,3
Jhyro,3,0,3
Ji-Min,3,3,6
Ji-Yan,0,3,3
Jia-Jun,3,0,3
Jia-Le,3,3,6
Jia-Xing,0,3,3
Jia-Yi,0,3,3
Jia-Ying,3,3,6
Jiaïn,3,3,6
Jiakai,3,0,3
Jialing,0,3,3
Jiameng,0,3,3
Jiamin,0,3,3
Jiàn,3,0,3
Jianing,0,3,3
Jiann,3,0,3
Jianna,0,3,3
Jianno,3,0,3
Jianny,3,0,3
Jianthi,0,3,3
Jianxi,3,3,6
Jiar,3,3,6
Jiarong,3,0,3
Jiaru,3,3,6
Jiarui,3,3,6
Jiaxing,3,3,6
Jiayu,3,0,3
Jibb,3,0,3
Jibid,0,3,3
Jibraeel,3,3,6
Jibrael,3,0,3
Jicarilla,3,3,6
Jichelle,0,3,3
Jickey,3,3,6
Jiddy,0,3,3
Jidenna,3,0,3
Jidse,3,0,3
Jïeita,0,3,3
Jiem,3,0,3
Jiënety,0,3,3
Jiënna,0,3,3
Jiera,0,3,3
Jiery,0,3,3
Jiet,3,3,6
Jietin,3,0,3
Jiffiena,0,3,3
Jihanne,0,3,3
Jihen,0,3,3
Jijgiena,0,3,3
Jiji,3,3,6
Jikka,0,3,3
Jikkiene,0,3,3
Jiks,3,0,3
Jilaina,0,3,3
Jilaisa,0,3,3
Jilaney,3,3,6
Jilayna,0,3,3
Jilayno,3,0,3
Jilaysa,0,3,3
Jilber,3,0,3
Jilberto,3,0,3
Jilby,3,3,6
Jild,3,0,3
Jildan,3,3,6
Jilderke,0,3,3
Jildez,0,3,3
Jilène,0,3,3
Jileyna,0,3,3
Jilisse,3,0,3
Jilkay,3,0,3
Jilkjen,0,3,3
Jill-ann,0,3,3
Jill-Lisa,0,3,3
Jillano,3,0,3
Jillarda,0,3,3
Jilldau,0,3,3
Jilldis,0,3,3
Jillen,0,3,3
Jillena,0,3,3
Jillene,0,3,3
Jilli,0,3,3
Jilliann,0,3,3
Jillien,0,3,3
Jillin,0,3,3
Jilliz,0,3,3
Jillon,3,3,6
Jilly-Anne,0,3,3
Jillyna,0,3,3
Jilma,0,3,3
Jilmara,0,3,3
Jilo,3,0,3
Jiltes,3,0,3
Jilthe,0,3,3
Jiltiena,0,3,3
Jilton,3,0,3
Jilve,0,3,3
Jilz,0,3,3
JIM,0,3,3
Jimat,3,3,6
Jimayro,3,0,3
Jimbo,3,0,3
Jime,3,3,6
Jiménez,3,0,3
Jimi-Ray,3,0,3
Jimko,3,0,3
Jimmel,3,0,3
Jimmey,3,0,3
Jimmigje,0,3,3
Jimny,3,0,3
Jimo,3,0,3
Jin-Jin,0,3,3
Jinaya,0,3,3
Jindar,3,0,3
Jindee,0,3,3
Jindey,0,3,3
Jindhy,0,3,3
Jindie,3,3,6
Jindřiška,0,3,3
Jinelle,0,3,3
Jingyao,3,3,6
Jingying,0,3,3
Jinho,3,0,3
Jinju,0,3,3
Jinnah,0,3,3
Jinnay,0,3,3
Jinon,3,0,3
Jinra,0,3,3
Jinrong,3,0,3
Jinrui,3,0,3
Jinten,3,0,3
Jintsje,3,0,3
Jiny,0,3,3
Jinyang,3,0,3
Jioa,0,3,3
Jiomaro,3,0,3
Jion,3,0,3
Jionell,3,0,3
Jiovani,3,0,3
Jippus,3,0,3
Jiraino,3,0,3
Jirair,3,0,3
Jirano,3,0,3
Jirapat,3,0,3
Jiraphan,3,0,3
Jiray,3,0,3
Jirèh,0,3,3
Jirin,3,3,6
Jirini,3,0,3
Jirmeah,0,3,3
Jirmias,3,0,3
Jirna,0,3,3
Jîro,3,0,3
Jironey,3,3,6
Jirsi,3,0,3
Jischaka,0,3,3
Jiscka,0,3,3
Jishaira,0,3,3
Jishar,3,0,3
Jishayro,3,0,3
Jiskar,3,0,3
Jisper,3,0,3
Jisprina,0,3,3
Jisra,3,0,3
Jisraël,3,0,3
Jisrael,3,0,3
Jisroël,3,0,3
Jistina,0,3,3
Jiswalda,0,3,3
Jithran,3,0,3
Jithro,3,0,3
Jitra,0,3,3
Jitsa,0,3,3
Jitsak,3,0,3
Jitsch,3,0,3
Jitse-Jan,3,0,3
Jitsko,3,0,3
Jitz,3,0,3
Jitzak,3,0,3
Jitzewiene,3,3,6
Jiulietta,0,3,3
Jiuw,0,3,3
Jivaino,3,0,3
Jivairo,3,0,3
Jivanio,3,0,3
Jivayna,0,3,3
Jivayno,3,0,3
Jive,3,0,3
Jivenchy,3,0,3
Jivey,3,0,3
Jiwani,3,3,6
Jiwoo,3,0,3
Jiyana,0,3,3
Jiyang,3,0,3
Jiyar,3,0,3
Jiyara,0,3,3
Jiyen,3,3,6
Jizz,3,3,6
JJC,3,3,6
Jlynn,0,3,3
Jme,3,0,3
JML,3,3,6
JMP,3,3,6
Jnan,3,0,3
Jnani,3,0,3
Jnoah,3,0,3
Jo'an,3,3,6
Jo'ann,0,3,3
Jo'Anna,0,3,3
Jo'anne,0,3,3
Jo-ailey,0,3,3
Jo-Andy,3,0,3
Jo-Ann'Ly,0,3,3
Jo-El,3,3,6
Jo-Ell,0,3,3
Jo-elle,0,3,3
Jo-enna,0,3,3
Jo-Enna,0,3,3
Jo-Eve,0,3,3
Jo-han,3,0,3
Jo-hannah,0,3,3
Jo-hanne,0,3,3
Jo-Hanne,0,3,3
Jo-Janna,0,3,3
Jo-Jo,3,3,6
Jo-Laine,0,3,3
Jo-Leen,3,3,6
Jo-Lieke,0,3,3
Jo-Lien,0,3,3
Jo-Maro,3,0,3
Jo-Mayra,0,3,3
Jo-sien,0,3,3
Jo-Vienna,0,3,3
Jo-wen,0,3,3
Jo-Wil,0,3,3
Joaa,0,3,3
Joachine,0,3,3
Joachum,3,0,3
Joacomina,0,3,3
Joaddan,0,3,3
Joaguin,3,3,6
Joáh,3,0,3
Joaisa,0,3,3
Joakin,3,3,6
Joalle,0,3,3
Joally,0,3,3
Joami,0,3,3
Joan-Ann,0,3,3
Jõana,0,3,3
Joancey,0,3,3
Joandra,0,3,3
Joandry,3,0,3
Joàne,0,3,3
Joanella,0,3,3
Joanes,3,0,3
Joanetty,0,3,3
Joanicia,0,3,3
Joanika,0,3,3
Joanilla,3,3,6
Joanina,0,3,3
Joanja,0,3,3
Joánn,0,3,3
JoAnna,0,3,3
Joanna-Lynn,0,3,3
Jóanne,0,3,3
Joánne,0,3,3
Joannella,0,3,3
Joannity,0,3,3
Joanno,0,3,3
Joano,3,0,3
Joantien,0,3,3
Joantina,0,3,3
Joanus,3,0,3
Joāo,3,3,6
Jöao,3,0,3
Joardi,3,0,3
Joardo,3,0,3
Joari,3,3,6
Joaria,0,3,3
Joark,3,0,3
Joarrit,3,0,3
Joarryt,3,0,3
Joary,3,0,3
Joasab,3,0,3
Joäz,3,0,3
Job-Willem,3,0,3
Jobanpreet,3,3,6
Jobb,3,0,3
Jobbeke,0,3,3
Jobber,3,0,3
Jobbine,0,3,3
Jobé,3,3,6
Jobelle,0,3,3
Joben,3,0,3
Jobertha,0,3,3
Joberto,3,0,3
Jobim,3,0,3
Jobinus,3,0,3
Jobse,3,3,6
Jobyna,0,3,3
Joca,0,3,3
Jocan,3,0,3
Jocaro,3,0,3
Jocelein,0,3,3
Jocella,0,3,3
Jocephine,0,3,3
Jochaim,3,0,3
Jochebel,0,3,3
Jochebet,0,3,3
Jochem-Alexander,3,0,3
Jochem-Jacob,3,0,3
Jochémina,0,3,3
Jochie,3,3,6
Jochiema,0,3,3
Jochum-Jan,3,0,3
Jociene,3,3,6
Jocinda,0,3,3
Jociwalter,3,0,3
Jockbeth,0,3,3
Jocky,3,0,3
Jocoline,0,3,3
Jocunda,0,3,3
Jocyntha,0,3,3
Jod,3,0,3
Jodai,0,3,3
Jodé,3,3,6
Jodea,0,3,3
Jodette,0,3,3
Jodia,0,3,3
Jodith,0,3,3
Joditha,0,3,3
Jodok,3,0,3
Joe-Ann,3,3,6
Joe-Joe,3,3,6
Joe-Lynn,3,0,3
Joeagonde,0,3,3
Joeba,0,3,3
Joëd,3,0,3
Joedi,3,3,6
Joeh,3,0,3
Joeï,3,3,6
Joei,3,0,3
Joekina,0,3,3
Joêl,3,0,3
Joele,0,3,3
Joéli,3,3,6
Joëli,3,3,6
Joelie,0,3,3
Joelina,0,3,3
Joelise,0,3,3
Joelka,0,3,3
Joélla,0,3,3
Joëlleke,0,3,3
Joelliane,0,3,3
Joëllina,0,3,3
Joëlline,0,3,3
Joelly,0,3,3
Joëlma,0,3,3
Joëlsa,0,3,3
Joelyn,0,3,3
Joëlyon,3,0,3
Joëm,3,3,6
Joemar,3,0,3
Joëmi,0,3,3
Joemratni,0,3,3
Joén,3,3,6
Joen-Mooi,0,3,3
Joenaid,3,0,3
Joenathan,3,3,6
Joendy,3,0,3
Joenior,3,0,3
Joenis,3,0,3
Joénna,0,3,3
Joènne,0,3,3
Joenny,3,3,6
Joënsley,3,0,3
Joep-Joris,3,0,3
Joer,3,0,3
Joerdi,3,0,3
Joeri-Alexander,3,0,3
Joeriaan,3,0,3
Joerien,0,3,3
Joerina,0,3,3
Joerjen,3,0,3
Joerka,3,3,6
Joert,3,0,3
Joeseph,3,0,3
Joesja,3,3,6
Joesoep,3,0,3
Joestina,0,3,3
Joet,3,0,3
Joetha,0,3,3
Joetta,0,3,3
Joeval,3,3,6
Joevanny,3,0,3
Joewairiya,0,3,3
Joewanie,3,0,3
Joewe,3,0,3
Joewella,0,3,3
Joéy,3,0,3
Joey-Boy,3,0,3
Joey-Dean,3,0,3
Jofende,3,0,3
Joffi,3,3,6
Joffner,3,0,3
Joffra,0,3,3
Joffroi,3,0,3
Jofine,0,3,3
Jofinus,3,0,3
Jofre,3,0,3
Jofré,3,3,6
Jofri,3,0,3
Jofry,3,3,6
Joggum,3,0,3
Joggumina,0,3,3
Joginda,3,0,3
Jogra,0,3,3
Johachim,3,0,3
Johailey,0,3,3
Johan-Bastiaan,3,0,3
Johan-Christiaan,3,0,3
Johan-Martijn,3,0,3
Johan-Olav,3,0,3
Johanda,0,3,3
Johandrick,3,0,3
Johanella,0,3,3
Johaniel,3,0,3
Johanieta,0,3,3
Johanitius,3,0,3
Johanna-Baptista,0,3,3
Johanna-Cornelia,0,3,3
Johannes-Bosco,3,0,3
Johannes-Egbert,3,0,3
Johannes-Jacob,3,0,3
Johannes-Jan,3,0,3
Johannes-Peter,3,0,3
Johannes-Pieter,3,0,3
Johanneth,3,3,6
Johannettie,0,3,3
Johannieke,0,3,3
Johannina,0,3,3
Johannis-Willem,3,0,3
Johannius,3,0,3
Johansiena,0,3,3
Johansley,3,0,3
Johanthan,3,0,3
Johari,0,3,3
Johas,3,0,3
Johasia,0,3,3
Johayrick,3,0,3
Johbert,3,0,3
Johdai,0,3,3
Johely,0,3,3
Johenneke,0,3,3
Johenny,0,3,3
Johfaana,0,3,3
Johhannes,3,0,3
Johhny,3,0,3
Johi,0,3,3
Johlanda,0,3,3
Johlina,0,3,3
Johmairo,3,0,3
Johmi,3,0,3
John-Carlo,3,0,3
John-James,3,0,3
John-Lucas,3,0,3
John-Martin,3,0,3
John-Michel,3,0,3
John-Thomas,3,0,3
Johnan,3,0,3
Johnar,3,0,3
Johnard,3,0,3
Johnathon,3,0,3
Johnay,3,0,3
Johnda,0,3,3
Johndon,3,0,3
Johney,0,3,3
Johnnatan,3,0,3
Johnne,3,3,6
Johnnes,3,0,3
Johnnette,0,3,3
Johnny-Boy,3,0,3
Johnny-Lee,3,0,3
Johnty,3,0,3
Johozua,3,0,3
Johpe,3,0,3
Johrell,3,0,3
Johri,3,0,3
Johrick,3,0,3
Johrik,3,0,3
Johros,3,0,3
Johs,3,0,3
Johsifina,0,3,3
Johsua,3,0,3
Johtine,0,3,3
Johvan,3,0,3
Johvanni,3,0,3
Johwenna,0,3,3
Johwi,3,0,3
Jòia,0,3,3
Joïda,0,3,3
Joij,0,3,3
Join,0,3,3
Joïsa,0,3,3
Jojachim,3,0,3
Jojannetje,0,3,3
Jokarina,0,3,3
Jokedina,0,3,3
Jokelyne,0,3,3
Jokim,3,0,3
Jokine,0,3,3
Jokoenda,0,3,3
Joksan,3,3,6
Joktan,3,0,3
Jolaaszoon,3,0,3
Jolain,0,3,3
Jolaina,0,3,3
Jolair,0,3,3
Jolantine,0,3,3
Jolaya,0,3,3
Jolbert,3,0,3
Joleé,0,3,3
Joleijntje,0,3,3
Jolenda,0,3,3
Joleni,0,3,3
Jolesa,0,3,3
Jolethe,0,3,3
Joleyna,0,3,3
Jolf,3,0,3
Joli-Coeur,3,3,6
Jolica,0,3,3
Jolicia,0,3,3
Jolicoeur,3,0,3
Jolie-Ann,0,3,3
Jolienne,0,3,3
Joliënne,0,3,3
Jolieta,0,3,3
Jolijtje,0,3,3
Jolisca,0,3,3
Jolka,0,3,3
Jolkien,0,3,3
Jolouise,0,3,3
Jolovena,0,3,3
Jolyde,0,3,3
Jolyke,0,3,3
Jolysa,0,3,3
Jolyse,0,3,3
JOM,3,0,3
Jomaike,0,3,3
Jomairis,0,3,3
Jomaisa,0,3,3
Jomaly,3,0,3
Jomano,3,0,3
Jomas,3,0,3
Jomaya,0,3,3
Jomé,3,3,6
Jomecia,0,3,3
Jomel,3,3,6
Jomellio,3,0,3
Jomiena,0,3,3
Jomilio,3,0,3
Jomin,3,3,6
Jomisa,0,3,3
Jomo,3,0,3
Jôn,3,0,3
Jon-Danilo,3,0,3
Jonad,3,0,3
Jonadem,3,3,6
Jonael,3,0,3
Jonaihra,0,3,3
Jonaily,0,3,3
Jonailys,0,3,3
Jonalyn,0,3,3
Jonanthan,3,0,3
Jonarda,3,3,6
Jonaske,0,3,3
Jonasz,3,0,3
Jonat,3,3,6
Jônathan,3,0,3
Jonathen,3,0,3
Jonayde,3,0,3
Jonayla,0,3,3
Jonca,0,3,3
Jonck,3,0,3
Jondahl,3,0,3
Jonée,0,3,3
Joneisha,0,3,3
Jonelda,0,3,3
Jonèll,3,3,6
Jonelleke,0,3,3
Joner,0,3,3
Jonhy,3,0,3
Jonick,3,0,3
Joniel,3,0,3
Jonien,0,3,3
Jonies,0,3,3
Jonieta,0,3,3
Jonike,0,3,3
Joninnio,3,0,3
Jonisha,0,3,3
Jonissa,0,3,3
Jonito,3,0,3
Jonkheer,3,0,3
Jonkvrouw,0,3,3
Jonli,3,0,3
Jonnas,3,0,3
Jonnetta,0,3,3
Jonnhattan,3,0,3
Jonoah,3,0,3
Jonovan,3,0,3
Jonquil,0,3,3
Jonsi,3,0,3
Jont,3,0,3
Jontay,3,0,3
Jonthe,0,3,3
Jonua,3,0,3
Jonya,0,3,3
Jonyce,0,3,3
Jonyna,0,3,3
Jooke,0,3,3
Jookje,0,3,3
Jooma,3,0,3
Joong,3,0,3
Joony,0,3,3
Joop-Jan,3,0,3
Joord,3,0,3
Joort,3,0,3
Joosep,3,0,3
Joosie,0,3,3
Joosiene,0,3,3
Joosmarijn,3,3,6
Joosson,3,0,3
Joosstinus,3,0,3
Joost-Alexander,3,0,3
Joost-Hendrik,3,0,3
Joost-Jelle,3,0,3
Joost-Jeroen,3,0,3
Joosta,0,3,3
Joosti,3,0,3
Joostsson,3,0,3
Jope,3,0,3
Jophia,0,3,3
Jophiël,3,3,6
Jophien,0,3,3
Jophina,0,3,3
Jopien,0,3,3
Jopkie,0,3,3
Jops,3,3,6
Joquai,3,0,3
Jör,3,0,3
Jorailyson,3,0,3
Joraisha,0,3,3
Jorak,3,0,3
Joralt,3,0,3
Jorand,0,3,3
Joranda,0,3,3
Joranna,0,3,3
Joranno,3,0,3
Jorbert,3,0,3
Jorca,3,3,6
Jorchinio,3,0,3
Jorchino,3,0,3
Jorck,3,0,3
Jorcsam,3,0,3
Jordache,3,0,3
Jordain,3,0,3
Jordane,3,3,6
Jordaney,3,3,6
Jordania,0,3,3
Jordanie,3,0,3
Jordanka,0,3,3
Jordâo,3,0,3
Jordick,3,0,3
Jordinho,3,0,3
Jordinio,3,0,3
Jordis,3,0,3
Jordly,3,0,3
Jordy-Joël,3,0,3
Jordyan,3,3,6
Jordyne,0,3,3
Joredo,3,0,3
Joréll,3,3,6
Jorèll,3,0,3
Jorelle,0,3,3
Jorely,3,0,3
Jorene,0,3,3
Jorepa,0,3,3
Joret,0,3,3
Joretta,0,3,3
Jörge,3,0,3
Jorgi,3,0,3
Jörgi,0,3,3
Jorgin,3,0,3
Jorgine,0,3,3
Jorgio,3,0,3
Jorgje,0,3,3
Jorhan,3,0,3
Joriane,0,3,3
Joriann,3,3,6
Jorias,3,0,3
Jorich,3,0,3
Jorieka,0,3,3
Joriël,3,0,3
Jorieneke,0,3,3
Jorienna,0,3,3
Jorienne,0,3,3
Jorienus,3,0,3
Jorieta,0,3,3
Jorijne,0,3,3
Jorikus,3,0,3
Jorindi,0,3,3
Jorinho,3,0,3
Jorinka,0,3,3
Jorisina,0,3,3
Jorite,0,3,3
Joriza,0,3,3
Jörjen,3,0,3
Jorka,3,3,6
Jorko,3,0,3
Jorkos,3,0,3
Jorley,3,3,6
Jormain,3,0,3
Jorman,3,0,3
Jormée,0,3,3
Jormy,3,3,6
Jörna,0,3,3
Jornand,3,0,3
Jörnann,3,0,3
Jornes,3,0,3
Jornik,3,0,3
Jorrim,3,0,3
Jorrina,0,3,3
Jorrine,0,3,3
Jorritsz,3,0,3
Jorro,3,0,3
Jorrun,3,0,3
Jort-Pieter,3,0,3
Joruan,3,0,3
Jorya,0,3,3
Joryke,0,3,3
Jorynde,0,3,3
Jorzinus,3,0,3
Jos-Pieter,3,0,3
Josaine,0,3,3
Josalie,0,3,3
Josaline,0,3,3
Josalyn,0,3,3
Josander,3,0,3
Josanneke,0,3,3
Joscelyne,0,3,3
Josê,0,3,3
José-Manuel,3,0,3
José-Yvonne,0,3,3
Joseana,0,3,3
Josebus,3,0,3
Joseetje,0,3,3
Josefe,0,3,3
Joseff,3,0,3
Joseffine,0,3,3
Josefiea,0,3,3
Josefley,3,0,3
Josel,0,3,3
Joseleen,3,3,6
Joselein,0,3,3
Joselia,0,3,3
Joseliena,0,3,3
Joselientje,0,3,3
Joselijne,0,3,3
Joselite,3,0,3
Josélyn,0,3,3
Josémaria,3,3,6
Josemaria,3,0,3
Josemine,0,3,3
Josene,0,3,3
Josepf,3,0,3
Josepfine,0,3,3
Joseph-Jan,3,0,3
Joseph-Marie,3,0,3
Joseph-Paul,3,0,3
Josephá,0,3,3
Josèpha,0,3,3
Josephan,3,0,3
Josephilda,0,3,3
Josèphina,0,3,3
Josephina-Maria,0,3,3
Josephinie,0,3,3
Josephino,3,3,6
Josephis,3,3,6
Josephti,0,3,3
Josephtina,0,3,3
Josephtine,0,3,3
Josesa,0,3,3
Josétje,0,3,3
Josètte,0,3,3
Joseva,0,3,3
Josewinus,3,0,3
Josfina,0,3,3
Joshah,3,0,3
Joshaya,3,0,3
Joshea,3,0,3
Joshefina,0,3,3
Joshelyn,0,3,3
Joshelynn,0,3,3
Joshen,3,0,3
Joshep,3,0,3
Josher,3,0,3
Joshiv,3,0,3
Joshiva,3,0,3
Joshoa,3,0,3
Jóshua,3,0,3
Joshwin,3,0,3
Josi-Anne,0,3,3
Josías,3,0,3
Josieke,0,3,3
Josieneke,0,3,3
Josif,3,0,3
Josifjah,0,3,3
Josija,0,3,3
Josijanne,0,3,3
Josijntjen,0,3,3
Josilla,0,3,3
Josineke,0,3,3
Josinetta,0,3,3
Josira,0,3,3
Josjola,3,0,3
Joslynn,0,3,3
Josmaily,0,3,3
Josmara,0,3,3
Josofina,0,3,3
Jospeh,3,0,3
Jospeha,0,3,3
Jospehus,3,0,3
Jospina,0,3,3
Josquine,0,3,3
Jossef,3,0,3
Josseleine,0,3,3
Josser,3,0,3
Jossian,3,3,6
Jossica,0,3,3
Jossif,3,0,3
Josslynn,0,3,3
Josten,3,0,3
Jostiene,0,3,3
Josualina,0,3,3
Josúe,3,0,3
Josuf,3,0,3
Joswa,3,0,3
Josylvio,3,0,3
Josyta,0,3,3
Jotikadevi,0,3,3
Jotter,3,0,3
Jotti,3,0,3
Jouaira,0,3,3
Jouairiya,0,3,3
Joubin,3,0,3
Joudy,0,3,3
Joued,3,0,3
Jouël,3,3,6
Jouette,0,3,3
Joufie,0,3,3
Jouhaïne,0,3,3
Jouhaira,0,3,3
Jouke-Jan,3,0,3
Joukelien,0,3,3
Joukes,3,0,3
Joukko,3,0,3
Joulie,0,3,3
Jouliska,0,3,3
Joumaan,0,3,3
Joumayna,0,3,3
Jouness,3,0,3
Joura,0,3,3
Jourandy,3,0,3
Jourey,3,0,3
Jouriek,0,3,3
Jourine,0,3,3
Jourmaine,3,3,6
Journee,0,3,3
Joursen,3,0,3
Jousif,3,0,3
Jousouf,3,0,3
Jousri,3,0,3
Joussra,0,3,3
Jouter,3,0,3
Joutje,0,3,3
Jouwe,3,0,3
Jouwkje,0,3,3
Jov,3,0,3
Jovaira,0,3,3
Jovalinho,3,0,3
Jovanah,0,3,3
Jovancka,0,3,3
Jovandro,3,0,3
Jováni,3,0,3
Jovannah,0,3,3
Jovanno,3,0,3
Jovario,3,0,3
Jovayn,3,0,3
Jovel,3,0,3
Joveline,0,3,3
Jovelli,3,0,3
Jovelyn,0,3,3
Jovémian,3,0,3
Jovencio,3,0,3
Joveni,3,0,3
Jovenna,0,3,3
Jovianne,3,3,6
Joviënka,0,3,3
Jovinho,3,0,3
Jovira,0,3,3
Jovitta,0,3,3
Jovius,3,0,3
Jowanita,0,3,3
Jowanny,3,0,3
Jowany,3,0,3
Jowayne,3,3,6
Jowayria,0,3,3
Jowé,3,3,6
Jowèn,0,3,3
Jowéna,0,3,3
Jowenne,0,3,3
Jowha,3,0,3
Jowiena,0,3,3
Jowley,0,3,3
Jownie,0,3,3
Jowny,0,3,3
Joxe,3,0,3
Joy's,0,3,3
Joy-Ellen,0,3,3
Joy-Jacey,0,3,3
Joy-Liann,0,3,3
Joyá,0,3,3
Joyana,0,3,3
Joyce-Chantal,0,3,3
Joycel,0,3,3
Joycella,0,3,3
Joycelynne,0,3,3
Joycet,0,3,3
Joycey,0,3,3
Joycy,0,3,3
Joyenna,0,3,3
Joyes,0,3,3
Joyful,0,3,3
Joyi,0,3,3
Joykumar,3,0,3
Joyla,0,3,3
Joylee,0,3,3
Joylen,3,3,6
Joylina,0,3,3
Joylisa,0,3,3
Joylyn,0,3,3
Joyna,0,3,3
Joynie,0,3,3
Joynina,0,3,3
Joyre,0,3,3
Joyri,3,0,3
Joyro,3,0,3
Joysi,0,3,3
Joysie,0,3,3
Jozalien,0,3,3
Jozebes,3,0,3
Jozefhine,0,3,3
Jozefie,0,3,3
Jozefienna,3,0,3
Jozefientje,0,3,3
Józefina,0,3,3
Jozefinia,0,3,3
Jozefis,3,0,3
Jozefszoon,3,0,3
Jozelina,0,3,3
Jozepf,3,0,3
Jozèph,3,0,3
Jozephfina,0,3,3
Jozepho,3,3,6
Jozeppe,3,0,3
Jozevius,3,0,3
Jozian,3,3,6
Joziana,0,3,3
Jozie,3,3,6
Jozijnes,3,0,3
Jozimar,3,0,3
Jozinas,3,0,3
Joziro,3,0,3
Jozo,3,0,3
Jozsa,0,3,3
Jozsefina,0,3,3
Józsi,3,3,6
Jozuafina,0,3,3
Jozuana,0,3,3
Jozuanna,0,3,3
JPJ,3,0,3
JTC,0,3,3
Juán,3,0,3
Juan-Antonio,3,0,3
Juan-Manuel,3,0,3
Juan-Pablo,3,0,3
Juancho,3,0,3
Juancitho,3,0,3
Juannito,3,0,3
Juanti,0,3,3
Juarno,3,0,3
Juaro,3,0,3
Juazhinto,3,0,3
Jubair,3,0,3
Jubal,3,0,3
Jubelle,0,3,3
Jubi,3,3,6
Jubinka,0,3,3
Juciano,3,0,3
Jucika,0,3,3
Jucke,3,0,3
Jucundines,3,0,3
Judaline,0,3,3
Judana,3,0,3
Judas-Thaddeus,3,0,3
Judayris,0,3,3
Juddegien,0,3,3
Juddiena,0,3,3
Judemarie,3,0,3
Juderieke,0,3,3
Judges,3,0,3
Judicia,0,3,3
Judiekie,0,3,3
Judiën,0,3,3
Judiga,0,3,3
Judin,0,3,3
Jüdith,0,3,3
Judith-Anne,0,3,3
Judithus,3,0,3
Judo,3,0,3
Judoke,0,3,3
Judrian,3,0,3
Judriana,0,3,3
Judrick,3,0,3
Judyann,0,3,3
Judyta,0,3,3
Juek,3,0,3
Juell,3,0,3
Juëlle,0,3,3
Juellz,3,0,3
Juèlz,3,3,6
Juén,3,0,3
Juenna,0,3,3
Juernene,0,3,3
Juhanni,3,0,3
Juïce,0,3,3
Juiliano,3,0,3
Juilliano,3,0,3
Juilliard,3,0,3
Juipe,3,0,3
Juirina,0,3,3
Jujairo,3,0,3
Jujhar,3,0,3
Jul,3,3,6
Julaisha,0,3,3
Julaïza,0,3,3
Julanar,0,3,3
Julayno,3,0,3
Jülchen,0,3,3
Juleah,0,3,3
Julée,0,3,3
Juleh,0,3,3
Julein,3,3,6
Juleman,3,0,3
Julene,0,3,3
Juleney,0,3,3
Julenne,0,3,3
Jules-Marie,0,3,3
Julia-Jadé,0,3,3
Juliandra,0,3,3
Julianie,0,3,3
Juliânna,0,3,3
Julianno,3,0,3
Julianny,0,3,3
Juliard,3,0,3
Julick,0,3,3
Julicke,0,3,3
Julidè,0,3,3
Júlie,0,3,3
Julie-Pomme,0,3,3
Julieck,0,3,3
Juliena,0,3,3
Juliëndro,3,0,3
Juliëte,0,3,3
Juliëth,0,3,3
Juliëtt,0,3,3
Julieus,3,0,3
Julihen,3,0,3
Julinn,0,3,3
Julischka,0,3,3
Julisse,0,3,3
Julite,0,3,3
Julitha,0,3,3
Julitza,0,3,3
Julivia,0,3,3
Juliyah,0,3,3
Juliyen,3,0,3
Juliza,0,3,3
Juljanna,0,3,3
Juljette,0,3,3
Jull,0,3,3
Julla,3,0,3
Julleke,3,3,6
Julley,3,3,6
Julliani,3,0,3
Jullianne,0,3,3
Julliard,3,0,3
Jullièt,0,3,3
Julline,0,3,3
Julliun,3,0,3
Julliyet,0,3,3
Jullodina,0,3,3
Julmar,3,3,6
Julo,3,0,3
Julocke,0,3,3
Julse,3,3,6
Julyana,0,3,3
Julyanne,0,3,3
Julyano,3,0,3
Julyne,0,3,3
Jumaane,3,0,3
Jumad,3,3,6
Jumainah,0,3,3
Jumanne,3,3,6
Jumar,3,0,3
Jumaynah,0,3,3
Jumayra,0,3,3
Jumee,0,3,3
Juna-Indy,0,3,3
Junaïd,3,0,3
Junaidah,0,3,3
Junaidrick,3,3,6
Junaila,0,3,3
Junaileys,0,3,3
Junaily,0,3,3
Junairick,3,0,3
Junalee,0,3,3
Junar,3,0,3
Junaydah,0,3,3
Junaysha,0,3,3
Junda,0,3,3
Jundalis,0,3,3
Jundi,0,3,3
Jundrich,3,0,3
Júne,0,3,3
Juneaut,3,0,3
Junee,0,3,3
Juneska,0,3,3
Junessa,0,3,3
Junian,3,0,3
Junianto,3,0,3
Junichi,3,3,6
Juniëlla,0,3,3
Junin,3,0,3
Juniño,3,0,3
Junion,3,0,3
Junique,0,3,3
Junisha,0,3,3
Junissa,0,3,3
Junitza,0,3,3
Junjira,0,3,3
Junko,0,3,3
Junna,0,3,3
Junnery,3,0,3
Junqi,3,3,6
Junsei,3,0,3
Junxi,3,3,6
Junxiang,3,0,3
Junzhe,3,0,3
Jupe,3,3,6
Jupina,0,3,3
Jupp,3,0,3
Jür,3,0,3
Juraichel,3,0,3
Jurailyson,3,0,3
Juraisha,0,3,3
Jurandyson,3,0,3
Jurayno,3,0,3
Juraysa,0,3,3
Jurchen,3,0,3
Jurco,3,0,3
Jurdamian,3,0,3
Jurdan,3,0,3
Jurdis,0,3,3
Jurè,3,0,3
Jureen,0,3,3
Jürek,3,0,3
Jurelis,0,3,3
Jurelly,3,3,6
Juremi,3,0,3
Juren,3,0,3
Jurenda,0,3,3
Jurendan,3,0,3
Jurendina,0,3,3
Jureno,3,0,3
Jurentley,3,0,3
Jurently,3,0,3
Jureny,3,0,3
Jurey,3,0,3
Jürg,3,0,3
Jurghen,3,0,3
Jurginus,3,0,3
Jüriaan,3,0,3
Juriaantje,0,3,3
Jurica,3,3,6
Jurieën,3,0,3
Juriëlle,0,3,3
Jurièn,3,0,3
Juriendina,0,3,3
Jurienna,0,3,3
Jurijne,0,3,3
Jurijnie,0,3,3
Jurinay,0,3,3
Jurinda,3,3,6
Jurinde,0,3,3
Jurine,0,3,3
Jurio,3,0,3
Jurios,3,0,3
Juriska,0,3,3
Jurit,0,3,3
Juriviënne,0,3,3
Jurja,0,3,3
Jurjentje,0,3,3
Jurka,3,3,6
Jurley,3,3,6
Jurliano,3,0,3
Jurma,0,3,3
Jurman,3,0,3
Jurmano,3,0,3
Jurmayro,3,0,3
Jurmick,3,0,3
Jurna,0,3,3
Jurnaisa,0,3,3
Jurnaisely,0,3,3
Jurnaiska,0,3,3
Jurnalisa,0,3,3
Jurnan,3,0,3
Jurni,3,0,3
Jurnick,3,0,3
Jurno,3,0,3
Juröl,3,0,3
Juromi,3,3,6
Jurone,3,0,3
Jurra,3,3,6
Jurreaan,3,0,3
Jurredina,0,3,3
Jurregiena,0,3,3
Jurrendiena,0,3,3
Jurriaen,3,0,3
Jurrieke,0,3,3
Jurrièn,3,0,3
Jurrienes,3,0,3
Jurrientje,0,3,3
Jurriët,0,3,3
Jurrin,3,0,3
Jurrion,3,0,3
Jurro,3,0,3
Jursely,3,3,6
Jursen,3,0,3
Jursten,3,0,3
Juruel,3,0,3
Jurvanio,3,0,3
Jurvany,3,0,3
Jurvensio,3,0,3
Jurvensly,3,0,3
Jurviën,3,0,3
Jurvien,3,0,3
Jurviënsley,3,0,3
Jus,3,0,3
Juscelino,3,0,3
Juscha,0,3,3
Juschka,0,3,3
Jusette,3,3,6
Juseus,3,0,3
Jusias,3,0,3
Jusijna,0,3,3
Jusoef,3,0,3
Juss,3,0,3
Jusstina,0,3,3
Jussuf,3,0,3
Justein,3,0,3
Justella,0,3,3
Justes,3,0,3
Justianus,3,0,3
Justijntje,0,3,3
Justima,3,3,6
Justin-Bryan,3,0,3
Justin-John,3,0,3
Justinian,3,0,3
Justinn,3,0,3
Justiny,0,3,3
Justius,3,0,3
Justu,3,0,3
Justun,3,0,3
Justwin,3,0,3
Jutphaas,3,0,3
Juudetje,0,3,3
Juudy,0,3,3
Juuk,0,3,3
Juulet,0,3,3
Juuli,0,3,3
Juulien,3,0,3
Juulle,0,3,3
Juurdina,0,3,3
Juuso,3,0,3
Juvainly,0,3,3
Juvainy,0,3,3
Juvanni,3,0,3
Juvanté,3,0,3
Juvayro,3,0,3
Juvecia,0,3,3
Juvedsel,3,0,3
Juvendel,3,0,3
Juvenia,0,3,3
Juvensly,3,0,3
Juventina,0,3,3
Juventius,3,0,3
Juventus,3,0,3
Juveny,3,0,3
Juverna,0,3,3
Juvian,3,0,3
Juvianey,0,3,3
Juwaine,3,3,6
Juwayn,3,0,3
Juwayriyyah,0,3,3
Juweiria,0,3,3
Juwella,0,3,3
Juwena,0,3,3
Juwendrick,3,0,3
Juwenska,0,3,3
Juwently,3,0,3
Juwill,0,3,3
Juwine,0,3,3
Juwl,0,3,3
Juwon,3,0,3
Juzua,3,0,3
JVM,3,3,6
JWT,0,3,3
Jylainah,0,3,3
Jylan,3,0,3
Jylène,0,3,3
Jylka,0,3,3
Jylliano,3,0,3
Jym,3,0,3
Jynona,0,3,3
Jyo,3,0,3
Jyothie,0,3,3
Jyotica,0,3,3
Jyotidebie,0,3,3
Jyotidevi,0,3,3
Jyotsna,0,3,3
Jyp,3,0,3
Jyra,0,3,3
Jyri,3,0,3
Jyrinpoika,3,0,3
Jyska,3,3,6
Jyu,3,0,3
Jyvano,3,0,3
J'aaliyah,0,3,3
J'adïr,3,0,3
J'Adoregrace,0,3,3
J'aeïro,3,0,3
J'Aelynn,0,3,3
J'Aémailey,0,3,3
J'Aimé,3,0,3
J'aime,0,3,3
J'aimely-Faith,0,3,3
J'aimes,3,0,3
J'aimi,0,3,3
J'ainero,3,0,3
J'ainy,0,3,3
J'aiyce,3,0,3
J'aliyah,0,3,3
J'Aliyah-ann,0,3,3
J'alwin,3,0,3
J'amairo,3,0,3
J'amaya,0,3,3
J'Amor,3,0,3
J'anaya,0,3,3
J'aneah,0,3,3
J'Angelly,0,3,3
J'Angelo,3,0,3
J'ann,0,3,3
J'Ann,0,3,3
J'anoah,3,0,3
J'Anson,0,3,3
J'ar,3,0,3
J'aroah,3,0,3
J'ayenna,0,3,3
J'ayrinson,3,0,3
J'brighton,3,0,3
J'chaïro,3,0,3
J'chanel,0,3,3
J'charell,0,3,3
J'chaveall,0,3,3
J'chefainey,0,3,3
J'chemaro,3,0,3
J'cilio,3,0,3
J'de-ann,0,3,3
J'Deci,0,3,3
J'deli,0,3,3
J'Delmar,3,0,3
J'Devinio,3,0,3
J'diël,3,0,3
J'Dior,3,0,3
J'drion,3,0,3
J'é,3,0,3
J'eadainne,0,3,3
J'eaviënne,0,3,3
J'eavienne,0,3,3
J'eaviènne,0,3,3
J'eleahnaïa,0,3,3
J'enaiselly,0,3,3
J'erôme,3,0,3
J'escairo,3,0,3
J'esmaey,0,3,3
J'Esmay,0,3,3
J'eviënne,0,3,3
J'evienne,0,3,3
J'gianny,3,0,3
J'h-nay,0,3,3
J'Haylee,0,3,3
J'hearnell,3,0,3
J'Heavenly,0,3,3
J'heavenó,3,0,3
J'iany,0,3,3
J'iselle,0,3,3
J'Keela,0,3,3
J'laino,3,0,3
J'Laiza,0,3,3
J'lani,0,3,3
J'lano,3,0,3
J'Lano,3,0,3
J'Lasiay,3,0,3
J'Layna,0,3,3
J'Layno,3,0,3
J'layno,3,0,3
J'leah,0,3,3
J'Lëanne,0,3,3
J'lee,0,3,3
J'Leeta,0,3,3
J'Leiandro,3,0,3
J'lemar,3,0,3
J'levon,3,0,3
J'Ley,3,0,3
J'leyna,0,3,3
J'lia,0,3,3
J'Lianne,0,3,3
J'liano,3,0,3
J'Liano,3,0,3
J'linio,3,0,3
J'lisa,0,3,3
J'lishana,0,3,3
J'livayno,3,0,3
J'Liviënna,0,3,3
J'liyah,0,3,3
J'lore,0,3,3
J'ly-vaisa,0,3,3
J'lyanna,0,3,3
J'Lylle,3,0,3
J'Lysio,3,0,3
J'main,3,0,3
J'maira,0,3,3
J'mar,3,0,3
J'may-lee,0,3,3
J'Mayron,3,0,3
J'mila,0,3,3
J'Miley,0,3,3
J'miley,0,3,3
J'miliane,0,3,3
J'Milliano,3,0,3
J'milliano,3,0,3
J'millïon,3,0,3
J'Milyahni,0,3,3
J'milyahni,0,3,3
J'myra,0,3,3
J'nah,0,3,3
J'nai,0,3,3
J'nay,0,3,3
J'naya,0,3,3
J'nayha,0,3,3
J'nayro,3,0,3
J'nayzia,0,3,3
J'Neau,3,0,3
J'neavah,0,3,3
J'nëiro,3,0,3
J'Nelle,0,3,3
J'nia,0,3,3
J'Nicole,0,3,3
J'niley,0,3,3
J'nino,3,0,3
J'Nisaïra,0,3,3
J'noäh,3,0,3
J'Novay,0,3,3
J'nya,0,3,3
J'Nyah,0,3,3
J'Nyell,3,0,3
J'Nylah,0,3,3
J'nyreau,3,0,3
J'nzo,3,0,3
J'omarion,3,0,3
J'Oneleys,0,3,3
J'Pedro,3,0,3
J'Queesia,0,3,3
J'Quencio,3,0,3
J'raeyllen,3,0,3
J'Raily,3,0,3
J'Rainna,0,3,3
J'Rainno,3,0,3
J'raysho,3,0,3
J'rea,3,0,3
J'relyson,3,0,3
J'Rensey,3,0,3
J'riah,0,3,3
J'rôme,3,0,3
J'Romy,0,3,3
J'rosah-Cicilia,0,3,3
J'rosah-Mae,0,3,3
J'Rosah-Mae,0,3,3
J'ryel,3,0,3
J'saily,0,3,3
J'shaëll,0,3,3
J'Shaïv,3,0,3
J'shawn,3,0,3
J'uriony,3,0,3
J'vaé,3,0,3
J'vaino,3,0,3
J'vairah,0,3,3
J'Vairah,0,3,3
J'vairo,3,0,3
J'valeen,0,3,3
J'vano,3,0,3
J'Vano,3,0,3
J'vaughn,3,0,3
J'vaughny,0,3,3
J'vean,3,0,3
J'veeny,0,3,3
J'velino,3,0,3
J'vendro,3,0,3
J'vensin,3,0,3
J'Vensley,3,0,3
J'vereaux,3,0,3
J'veyron,3,0,3
J'Viënne,0,3,3
J'viòn,3,0,3
J'Vïor,3,0,3
J'Vior,3,0,3
J'vyen,3,0,3
J'xiano,3,0,3
J'zaïro,3,0,3
J-ao,3,0,3
J-Araz,3,0,3
J-ci,3,0,3
J-hently,3,0,3
J-Jano,3,0,3
J-jay,3,0,3
J-Jeay,3,0,3
J-ko,3,0,3
J-Kwon,3,0,3
J-lan,3,0,3
J-láni,3,0,3
J-Lee,0,3,3
J-Leeta,0,3,3
J-len,3,0,3
J-lo,0,3,3
J-Lo,0,3,3
J-me,3,0,3
J-Me,3,0,3
J-Milio,3,0,3
J-Rayen,3,0,3
J-Rene,0,3,3
J-Sairah,0,3,3
J-Sayah,3,0,3
J-Sean,3,0,3
J-Shaireij,0,3,3
J-shano,3,0,3
J-Shell,0,3,3
J-Shentelo,3,0,3
J-vaine,3,0,3
J-vaiynelly,0,3,3
J-Valiën,0,3,3
J-Vano,3,0,3
J.C.D.,3,0,3
J.E.,0,3,3
J.E.M.,0,3,3
J.H.,3,0,3
J.J.,3,0,3
J.M.,3,0,3
J.M.L.,3,0,3
Ja'ad,3,0,3
Ja'afar,3,0,3
Jà'ar,3,0,3
Ja'eli,3,0,3
Ja'ëlle,0,3,3
Ja'far,3,0,3
Ja'fari,3,0,3
Ja'iesj,3,0,3
Ja'ir,3,0,3
Ja'ira,0,3,3
Ja'isha,0,3,3
Ja'la,0,3,3
Ja'Leesa,3,0,3
Ja'miel-Na'eem,3,0,3
Ja'nae,0,3,3
Ja'Nayra,0,3,3
Ja'neva,0,3,3
Ja'niyah,0,3,3
Ja'ruh,3,0,3
Ja'sontae,3,0,3
Ja'van,3,0,3
Já'zy,0,3,3
Ja-aydah,0,3,3
Ja-ëlee,0,3,3
Ja-ëll,3,0,3
Ja-éll,3,0,3
Ja-ella,0,3,3
Ja-hiem,3,0,3
Ja-i'rus,3,0,3
Ja-iesj,3,0,3
Ja-Ischa,0,3,3
Ja-Layna,0,3,3
Ja-lee,3,0,3
Ja-Ly,0,3,3
Ja-Mara,0,3,3
Ja-Navéa,0,3,3
Ja-Noah,3,0,3
Ja-rall,3,0,3
Ja-Rule,3,0,3
Ja-Shaely,0,3,3
Ja-Sinto,3,0,3
Ja-von,3,0,3
Ja-zay,0,3,3
JaÃ-Ro,3,0,3
Jaâ-ro,3,0,3
Jaab,3,0,3
Jaaber,3,0,3
Jaaco,3,0,3
Jaacoub,3,0,3
Jáad,3,0,3
Jaada,0,3,3
Jaade-Lieve,0,3,3
Jaadir,3,0,3
Jaadmohamed,3,0,3
Jaadri,3,0,3
Jaagdispersad,3,0,3
Jaahnvi,0,3,3
Jaahta,0,3,3
Jaai,0,3,3
Jaaichina,0,3,3
Jaaijtj,0,3,3
Jaaikelina,0,3,3
Jaakie,3,0,3
Jaakob,3,0,3
Jaakov,3,0,3
Jaäkov,3,0,3
Jaäl,3,0,3
Jaalda,0,3,3
Jaali,3,0,3
Jaalini,0,3,3
Jaalt,3,0,3
Jaaltinus,3,0,3
Jaamac,3,0,3
Jaan-Mika,3,0,3
Jaanaki,0,3,3
Jaanekee,0,3,3
Jaanette,0,3,3
Jaani,0,3,3
Jaanita,0,3,3
Jaanki,0,3,3
Jaannet,0,3,3
Jaannette,0,3,3
Jaantina,0,3,3
Jaäntje,3,0,3
Jaantjesdochter,0,3,3
Jaanvidevi,0,3,3
Jaanwi,0,3,3
Jaap-Albert,3,0,3
Jaap-Alwin,3,0,3
Jaap-Anne,3,0,3
Jaap-Dirk,3,0,3
Jaap-Eelke,3,0,3
Jaap-Elias,3,0,3
Jaap-Evert,3,0,3
Jaap-Ewoud,3,0,3
Jaap-Fokko,3,0,3
Jaap-Friso,3,0,3
Jaap-Geert,3,0,3
Jaap-Gerrit,3,0,3
Jaap-Hans,3,0,3
Jaap-Harm,3,0,3
Jaap-Hein,3,0,3
Jaap-Hendrik,3,0,3
Jaap-Herman,3,0,3
Jaap-Hugo,3,0,3
Jaap-Jacob,3,0,3
Jaap-Jasper,3,0,3
Jaap-Jene,3,0,3
Jaap-Jeroen,3,0,3
Jaap-Jille,3,0,3
Jaap-Joop,3,0,3
Jaap-Joost,3,0,3
Jaap-Joris,3,0,3
Jaap-Jos,3,0,3
Jaap-Jot,3,0,3
Jaap-Julius,3,0,3
Jaap-Jurriën,3,0,3
Jaap-Marcel,3,0,3
Jaap-Paul,3,0,3
Jaap-Seye,3,0,3
Jaap-Thijs,3,0,3
Jaap-Thomas,3,0,3
Jaapiena,0,3,3
JaapJan,3,0,3
Jaapjen,0,3,3
Jaapleendert,3,0,3
Jaappie,0,3,3
Jaappien,0,3,3
Jaapszoon,3,0,3
JaapWillem,3,0,3
Jaära,0,3,3
Jaara,0,3,3
Jaare,0,3,3
Jaäreshiah,3,0,3
Jaaresja,0,3,3
Jaärésja,3,0,3
Jaarich,3,0,3
Jaaring,3,0,3
Jaarmiya,3,0,3
Jaarno,3,0,3
Jaäsai,0,3,3
Jaasiël,3,0,3
Jaasiel,3,0,3
Jaäsiël,3,0,3
Jaasiin,3,0,3
Jaasmien,0,3,3
Jaason,3,0,3
Jaat,3,0,3
Jaatsje,0,3,3
Jaauwkien,0,3,3
Jaave,0,3,3
Jaawartu,3,0,3
Jaazaniah,3,0,3
Jaäzanja,3,0,3
Jaazia,0,3,3
Jaaziah,3,0,3
Jab,3,0,3
JAB,0,3,3
Jabaar,3,0,3
Jaball,3,0,3
Jabateh,3,0,3
Jabbo,3,0,3
Jabdviga,0,3,3
Jabé,0,3,3
Jabeda,0,3,3
Jabel,3,0,3
Jaben,3,0,3
Jaberrie,3,0,3
Jabian,3,0,3
Jabic,3,0,3
Jabida,0,3,3
Jabie,3,0,3
Jabiir,3,0,3
Jabil,3,0,3
Jabinah,0,3,3
Jabiru,3,0,3
Jabken,3,0,3
Jabob,3,0,3
Jabobus,3,0,3
Jabor,3,0,3
Jabott,3,0,3
Jabrel,3,0,3
Jabrël,3,0,3
Jabrila,0,3,3
Jabrill,3,0,3
Jabrina,0,3,3
Jabsera,0,3,3
Jabu,0,3,3
Jabuck,3,0,3
Jabuleli,0,3,3
Jabulile,0,3,3
Jabullah,3,0,3
Jac-Antonie,3,0,3
Jac-Lynn,0,3,3
Jac-Sjoerd,3,0,3
Jaca,3,0,3
Jacael,3,0,3
Jacaline,0,3,3
Jacan,3,0,3
Jacannathan,3,0,3
Jacantha,0,3,3
Jacaoba,0,3,3
Jacar,3,0,3
Jacara,0,3,3
Jacaranda,3,0,3
Jacarilla,0,3,3
Jacbet,0,3,3
Jaccan,0,3,3
Jacce,3,0,3
Jaccelijn,0,3,3
Jacciano,3,0,3
Jaccie,0,3,3
Jaccimo,3,0,3
Jaccó,3,0,3
Jacco-Adriaan,3,0,3
Jacco-Ben,3,0,3
Jacco-Bert,3,0,3
Jacco-Harm,3,0,3
Jacco-Juri,3,0,3
Jacco-Pepijn,3,0,3
Jacco-Pieter,3,0,3
Jacco-Youri,3,0,3
Jaccoba,0,3,3
Jaccobijn,0,3,3
Jaccobino,3,0,3
Jaccolienne,0,3,3
Jaccolijn,0,3,3
Jaccolina,0,3,3
Jaccolinda,0,3,3
Jaccolino,3,0,3
Jaccolynn,0,3,3
Jaccomein,0,3,3
Jaccomijntje,0,3,3
Jaccoriene,0,3,3
Jaccowillem,3,0,3
Jacdirk,3,0,3
Jáce,3,0,3
Jace'l,3,0,3
Jace'lyn,0,3,3
"Jace,",3,0,3
Jace-Aiden,3,0,3
Jace-Dean,3,0,3
Jace-lynn,0,3,3
Jace-Lynne,0,3,3
Jace-Yiano,3,0,3
Jacea,0,3,3
Jacee-Lynn,0,3,3
Jacel,0,3,3
Jacelene,0,3,3
Jacélia,0,3,3
Jacelientje,0,3,3
Jacelijn,0,3,3
Jacelly,0,3,3
Jacelyna,0,3,3
Jacelynn-Jade,0,3,3
Jacelynno,3,0,3
Jacemillyne,0,3,3
Jacen-Dean,3,0,3
Jacenda,0,3,3
Jacent,0,3,3
Jacenthilo,3,0,3
Jacenti,0,3,3
Jaceriël,3,0,3
Jaces,3,0,3
Jacetin,3,0,3
Jacetinio,3,0,3
Jacety,0,3,3
Jäcey,0,3,3
Jacey-J,0,3,3
Jacey-John,3,0,3
Jacey-Lane,0,3,3
Jacey-Leigh,0,3,3
Jacey-Lynne,0,3,3
Jacey-Mae,0,3,3
Jacey-Miguel,3,0,3
Jacey-Renay,0,3,3
Jaceylia,0,3,3
Jaceylinn,0,3,3
Jaceylynn,0,3,3
Jacfar,3,0,3
Jacgel,3,0,3
Jacger,3,0,3
Jacguemini,0,3,3
Jacgues,3,0,3
Jach,3,0,3
Jachai,3,0,3
Jachairo,3,0,3
Jachal,0,3,3
Jacharissa,0,3,3
Jachayro,3,0,3
Jachaziël,3,0,3
Jacheël,3,0,3
Jachel,0,3,3
Jacheline,0,3,3
Jachelle,0,3,3
Jachen,3,0,3
Jachien,3,0,3
Jachienke,0,3,3
Jachike,3,0,3
Jachimo,3,0,3
Jachinka,3,0,3
Jachinte,0,3,3
Jachintia,0,3,3
Jachja,3,0,3
Jachmai,3,0,3
Jachmine,0,3,3
Jacho,3,0,3
Jacholina,0,3,3
Jachonja,0,3,3
Jachseël,3,0,3
Jachym,3,0,3
Jáchyne,0,3,3
Jacian,3,0,3
Jacián,3,0,3
Jacianna,0,3,3
Jaciano,3,0,3
Jaçiara,0,3,3
Jaciarah,0,3,3
Jaciaro,3,0,3
Jaciel,3,0,3
Jaciënca,0,3,3
Jacijntha,0,3,3
Jacileida,0,3,3
Jaçilene,0,3,3
Jacilla,0,3,3
Jacilynn,0,3,3
Jacindra,0,3,3
Jacinho,3,0,3
Jacinka,0,3,3
Jacint,3,0,3
Jacinta-Maria,0,3,3
Jacintah,0,3,3
Jaçintha,0,3,3
Jacinthus,3,0,3
Jacintia,0,3,3
Jacintu,3,0,3
Jacïsa,0,3,3
Jacjo,3,0,3
Jack'lyn,0,3,3
"Jack,",0,3,3
Jack-Flynn,3,0,3
Jack-Frank,3,0,3
Jack-Gerard,3,0,3
Jack-Junior,3,0,3
Jack-Léon,3,0,3
Jack-Michel,3,0,3
Jack-Ming,3,0,3
Jack-Paul,3,0,3
Jack-Philip,3,0,3
Jack-Quintin,3,0,3
Jack-Ryan,3,0,3
Jack-Son,3,0,3
Jackalien,0,3,3
Jackaline,0,3,3
Jackarie,3,0,3
Jackarinho,3,0,3
Jacké,3,0,3
Jackeigh,0,3,3
Jackeleyn,0,3,3
Jackelientje,0,3,3
Jackelinde,0,3,3
Jacken,3,0,3
Jackeylies,0,3,3
Jackfrys,3,0,3
Jacki-Sophie,0,3,3
Jackie-Ann,0,3,3
Jackie-Bente,0,3,3
Jackie-Carice,0,3,3
Jackie-Jolene,0,3,3
Jackie-Lee,0,3,3
Jackie-Li,0,3,3
Jackie-Lou,0,3,3
Jackie-Louise,0,3,3
Jackie-Michèlle,0,3,3
Jackie-Paula,0,3,3
Jackie-Rey,0,3,3
Jackie-Sophie,0,3,3
Jackii,0,3,3
Jackira,0,3,3
Jackje,3,0,3
Jackjiang,3,0,3
Jackleen,0,3,3
Jacklein,0,3,3
Jackliene,0,3,3
Jacklinn,3,0,3
Jackly,3,0,3
Jacklynne,0,3,3
Jacklys,0,3,3
Jacknetson,0,3,3
Jackney,3,0,3
Jackobina,0,3,3
Jackoliene,0,3,3
Jackolina,0,3,3
Jackomijn,0,3,3
Jackomo,3,0,3
Jackoo,3,0,3
Jackqueline,0,3,3
Jackrin,3,0,3
Jackry,3,0,3
Jacksen,3,0,3
Jacksens,3,0,3
Jacksey,3,0,3
Jacksiree,0,3,3
Jacksito,3,0,3
Jackson-John,3,0,3
Jácky,0,3,3
Jacky-Ann,0,3,3
Jacky-Derya,0,3,3
Jacky-Doris,0,3,3
Jacky-Jaey,3,0,3
Jacky-Joy,0,3,3
Jacky-Rey,0,3,3
Jacky-Sean,3,0,3
Jacky-Wil,0,3,3
Jackylinn,0,3,3
Jackylus,3,0,3
Jackylyn,0,3,3
Jackz,3,0,3
Jacleo,3,0,3
Jacley,0,3,3
Jacliena,0,3,3
Jacliene,0,3,3
Jaclijn,0,3,3
Jaclyn-Maé,0,3,3
Jacneytta,0,3,3
Jacò,3,0,3
Jacó,3,0,3
Jàco,3,0,3
Jaco-Adriano,3,0,3
Jaco-Aljan,3,0,3
Jaco-Bas,3,0,3
Jaco-Bert,3,0,3
Jaco-Mijndert,3,0,3
Jaco-Paulo,3,0,3
Jaco-Pierre,3,0,3
Jaco-Raoul,3,0,3
Jaco-Willem,3,0,3
Jacoa,0,3,3
Jacöb,3,0,3
Jaćob,3,0,3
Jacob-Arend,3,0,3
Jacob-Dirk,3,0,3
Jacob-Eduard,3,0,3
Jacob-Floris,3,0,3
Jacob-Fokke,3,0,3
Jacob-Otto,3,0,3
Jacob-Rinse,3,0,3
Jacob-Victor,3,0,3
Jacob-Wieb,3,0,3
Jacob-Wouter,3,0,3
Jacoba-Albertha,0,3,3
Jacoba-Gezina,0,3,3
Jacobalina,0,3,3
Jacobanentjes,0,3,3
Jacobas,3,0,3
Jacobbiena,0,3,3
Jacobbine,0,3,3
Jacobdina,0,3,3
Jacobé,0,3,3
Jacobean,3,0,3
Jacobenthe,0,3,3
Jacobeo,3,0,3
Jacober,3,0,3
Jacoberry,3,0,3
Jacobertha,0,3,3
Jacobethe,0,3,3
Jacobeyn,0,3,3
Jacobeyne,0,3,3
Jacobies,3,0,3
Jacobijnus,3,0,3
Jacobinia,0,3,3
Jacobito,3,0,3
Jacobius,3,0,3
Jacobmina,0,3,3
Jacobo-Jairo,3,0,3
Jacoboes,3,0,3
Jacobpieter,3,0,3
Jacobszn,3,0,3
Jacobtjen,0,3,3
Jacobu,0,3,3
Jacobus-Johannes,3,0,3
Jacobuscoenen,3,0,3
Jacobusovna,0,3,3
Jacobuszoon,3,0,3
Jacobyna,0,3,3
Jacobzoon,3,0,3
Jacodiena,0,3,3
Jacohanna,0,3,3
Jacoï,0,3,3
Jacoïne,0,3,3
Jacoine,0,3,3
Jacole,0,3,3
Jacolène,0,3,3
Jacolet,0,3,3
Jacolie,0,3,3
Jacoliem,0,3,3
Jacoliene-Francien,0,3,3
Jacolienne,0,3,3
Jacoliese,0,3,3
Jacolijntje,0,3,3
Jacolino,3,0,3
Jacolotte,0,3,3
Jacom,3,0,3
Jacomaer,3,0,3
Jacomarg,0,3,3
Jacomayn,0,3,3
Jacomé,3,0,3
Jacomee,0,3,3
Jacomeina,0,3,3
Jacomeinda,0,3,3
Jacomeindert,3,0,3
Jacomeine,0,3,3
Jacomette,0,3,3
Jacomi,0,3,3
Jacomie,0,3,3
Jacomiek,0,3,3
Jacomieke,0,3,3
Jacomienes,3,0,3
Jacomienke,0,3,3
Jacomines,3,0,3
Jacominje,0,3,3
Jacominne,0,3,3
Jacomir,3,0,3
Jacomy,0,3,3
Jacomyn,0,3,3
Jacomyne,0,3,3
Jaconardo,3,0,3
Jaconel,0,3,3
Jaconell,0,3,3
Jaconic,3,0,3
Jaconina,0,3,3
Jaconine,0,3,3
Jaconis,3,0,3
Jaconjas,3,0,3
Jacoob,3,0,3
Jacoobje,0,3,3
Jacootje,0,3,3
Jacopa,0,3,3
Jacora,0,3,3
Jacorbine,0,3,3
Jacori,0,3,3
Jacoriene,0,3,3
Jacoriet,0,3,3
Jacorijntje,0,3,3
Jacorini,0,3,3
Jacornella,0,3,3
Jacosima,0,3,3
Jacosja,3,0,3
Jacot,0,3,3
Jacous,3,0,3
Jacow,3,0,3
Jacowai,3,0,3
Jacowien,0,3,3
Jacowiene,0,3,3
Jacowienes,3,0,3
Jacowillem,3,0,3
Jacowlewna,0,3,3
Jacozien,0,3,3
Jacqalina,0,3,3
Jacqe,3,0,3
Jacqeliene,0,3,3
Jacqelyne,0,3,3
Jacqes,3,0,3
Jacqeulien,0,3,3
Jacqeulin,0,3,3
Jacqin,3,0,3
Jacqina,0,3,3
Jacqliene,0,3,3
Jacqlinn,0,3,3
Jacqoba,0,3,3
Jacqpal,3,0,3
Jacqson,3,0,3
Jacqualien,0,3,3
Jacqualientje,0,3,3
Jacquan,3,0,3
Jacqueena,0,3,3
Jacquelette,0,3,3
Jacquelhin,0,3,3
Jacquelie,0,3,3
Jacquelienia,0,3,3
Jacquelies,0,3,3
Jacquelijntje,0,3,3
Jaćqueline,0,3,3
Jacquèline,0,3,3
Jacqueline-Ann,0,3,3
Jacqueline-Anne,0,3,3
Jacqueline-Cornelia,0,3,3
Jacqueline-Henriette,0,3,3
Jacqueline-José,0,3,3
Jacqueline-Maria,0,3,3
Jacqueline-Mia,0,3,3
Jacqueline-Vita,0,3,3
Jacquelini,0,3,3
Jacquelinus,3,0,3
Jacquell,0,3,3
Jacquellancyho,3,0,3
Jacquelle,0,3,3
Jacquelou,0,3,3
Jacquemijn,0,3,3
Jacqueny,0,3,3
Jacqueres,3,0,3
Jacques-André,3,0,3
Jacques-Anthonie,3,0,3
Jacques-François,3,0,3
Jacques-Gérard,3,0,3
Jacques-je,0,3,3
Jacques-Louis,3,0,3
Jacques-Marie,3,0,3
Jacques-Noah,3,0,3
Jacques-Pascal,3,0,3
Jacques-Peter,3,0,3
Jacques-Philip,3,0,3
Jacques-Ralph,3,0,3
Jacques-Willem,3,0,3
Jacquesha,0,3,3
Jacqueslynne,0,3,3
Jacquetta,0,3,3
Jacquette,0,3,3
Jacquez,3,0,3
Jacquí,0,3,3
Jacqui-Rae,0,3,3
Jacquiëlle,0,3,3
Jacquieno,3,0,3
Jacquil,0,3,3
Jacquine,0,3,3
Jacquinho,3,0,3
Jacquinio,3,0,3
Jacquinn,3,0,3
Jacquinta,0,3,3
Jacquira,0,3,3
Jacquis,3,0,3
Jacqulien,0,3,3
Jacquliene,0,3,3
Jacqulienia,0,3,3
Jacquoliene,0,3,3
Jacquomien,0,3,3
Jacquomine,0,3,3
Jacquub,3,0,3
Jacqyro,3,0,3
Jacrie,0,3,3
Jacson,3,0,3
Jactoïne,3,0,3
Jacub-Adam,3,0,3
Jacuba,3,0,3
Jacueline,0,3,3
Jaculien,0,3,3
Jaculiena,0,3,3
Jacup,3,0,3
Jacuwarna,0,3,3
Jacxeline,0,3,3
Jäcy,3,0,3
Jacy-Lee,0,3,3
Jacyl,3,0,3
Jacylee,0,3,3
Jacylin,0,3,3
Jacylinn,0,3,3
Jacyneida,0,3,3
Jacynth,0,3,3
Jacyntua,0,3,3
Jacyueline,0,3,3
Jad-Allah,3,0,3
Jäda,0,3,3
Jāda,0,3,3
Jada'nyh,3,0,3
Jada-Alicia,0,3,3
Jada-Angel,0,3,3
Jada-Chantell,0,3,3
Jada-Chevelle,0,3,3
Jada-Chloe,0,3,3
Jada-Dior,0,3,3
Jada-Jaë,0,3,3
Jada-lee,0,3,3
Jada-Leigh,0,3,3
Jada-Ly,0,3,3
Jada-Maè,0,3,3
Jada-maé,0,3,3
Jadael,3,0,3
Jadaen,0,3,3
Jadagatoen,0,3,3
Jadaica,0,3,3
Jadain,3,0,3
Jadal,3,0,3
Jadalice,0,3,3
Jadalisha,0,3,3
Jadallah,3,0,3
Jadalynn,0,3,3
Jadalysah,0,3,3
Jadanae,0,3,3
Jadane,0,3,3
Jadaney,0,3,3
Jadanicia,0,3,3
Jadano,3,0,3
Jadany,0,3,3
Jadara,0,3,3
Jadarian-Scott,3,0,3
Jadavai-Lynn,0,3,3
Jadawadee,0,3,3
Jaday,3,0,3
Jadaya,0,3,3
Jadayne,0,3,3
Jadde,3,0,3
Jaddi,3,0,3
Jaddy,3,0,3
Jáde,0,3,3
Jâde,0,3,3
Jâdé,0,3,3
Jäde,0,3,3
Jade-Adriana,0,3,3
Jade-Ashley,0,3,3
Jade-Demi,0,3,3
Jade-dulait,0,3,3
Jade-Elena,0,3,3
Jade-Faye,0,3,3
Jade-Isis,0,3,3
Jade-lee,0,3,3
Jade-Liënne,0,3,3
Jade-Lizzy,0,3,3
Jade-Lyan,0,3,3
Jade-Lyanne,0,3,3
Jade-Maria,0,3,3
Jade-Marie,0,3,3
Jade-Ming,0,3,3
Jade-Noëlle,0,3,3
Jade-Shelain,0,3,3
Jade-Thaïse,0,3,3
Jadéa,0,3,3
Jadeal,3,0,3
Jadéanna,0,3,3
Jadecee,3,0,3
Jadechi,0,3,3
Jadecia,0,3,3
Jadecy,3,0,3
Jaded,3,0,3
Jadeé,0,3,3
Jadeël,0,3,3
Jadeem,3,0,3
Jadeen,0,3,3
Jadeena,0,3,3
Jadeh,0,3,3
Jadeite,0,3,3
Jadek,3,0,3
Jadël,3,0,3
Jadelavie,0,3,3
Jadeli,0,3,3
Jadelien,0,3,3
Jadelin,0,3,3
Jadelinde,0,3,3
Jadeline,0,3,3
Jadelyan,0,3,3
Jadelys,0,3,3
Jademarijn,0,3,3
Jademely,0,3,3
Jademire,3,0,3
Jàden,0,3,3
Jãden,0,3,3
Jaden-Ace,3,0,3
Jaden-Christopher,3,0,3
Jaden-Gill,3,0,3
Jaden-Jesse,3,0,3
Jadéna,0,3,3
Jadenaya,0,3,3
Jadene,0,3,3
Jadenn,3,0,3
Jadenray,3,0,3
Jadeon,3,0,3
Jader-Jafir,3,0,3
Jaderlin,0,3,3
Jadern,3,0,3
Jaderrlyson,3,0,3
Jadety,0,3,3
Jadeveon,3,0,3
Jadévon,3,0,3
Jadey-Ashley,0,3,3
Jadey-Lee,3,0,3
Jadeyen,3,0,3
Jadeyon,0,3,3
Jadha,0,3,3
Jadhai,0,3,3
Jadhalyan,0,3,3
Jadhira,0,3,3
Jádi,0,3,3
Jadi-ann,0,3,3
Jadiän,3,0,3
Jadic,3,0,3
Jadicey,0,3,3
Jadicona,0,3,3
Jadidia,0,3,3
Jadidja,3,0,3
Jadieh,0,3,3
Jadiél,3,0,3
Jadiëll,3,0,3
Jadiene,0,3,3
Jadienne,0,3,3
Jadijem,0,3,3
Jadil,3,0,3
Jadili,0,3,3
Jadilson,3,0,3
Jadiluska,0,3,3
Jadinah,0,3,3
Jadinira,0,3,3
Jadinnaï,0,3,3
Jadinya,0,3,3
Jádis,0,3,3
Jadis-Jereli,0,3,3
Jadischa,0,3,3
Jadisha,0,3,3
Jadison,3,0,3
Jadithja,0,3,3
Jaditja,0,3,3
Jadiviga,0,3,3
Jadiye,0,3,3
Jadiz,0,3,3
Jadley,3,0,3
Jadly,0,3,3
Jadlyn,0,3,3
Jadoe,0,3,3
Jadolah,3,0,3
Jadonas,3,0,3
Jador,3,0,3
Jadoré,0,3,3
Jâdore,0,3,3
Jadórelys,0,3,3
Jadouane,3,0,3
Jadrach,3,0,3
Jadrana,0,3,3
Jadranca,0,3,3
Jadrankh,0,3,3
Jadre,3,0,3
Jadreon,3,0,3
Jadrian,3,0,3
Jadrianna,0,3,3
Jadrich,3,0,3
Jadrick,3,0,3
Jadrico,3,0,3
Jadrie,3,0,3
Jadriëangelo,3,0,3
Jadrieëna,0,3,3
Jadrik,3,0,3
Jadrin,3,0,3
Jádriön,3,0,3
Jadrique,3,0,3
Jadrun,3,0,3
Jadsar,3,0,3
Jadunath,3,0,3
Jadursan,3,0,3
Jadwar,3,0,3
Jadwicka,0,3,3
Jadwige,0,3,3
Jadwigo,3,0,3
Jadwija,0,3,3
Jadwina,0,3,3
Jady-Mae,0,3,3
Jady-Mayne,0,3,3
Jady-Mea,0,3,3
Jadya,0,3,3
Jàdya,0,3,3
Jadye,0,3,3
Jadyel,3,0,3
Jadylee,0,3,3
Jadyleigh,0,3,3
Jadyliënne,0,3,3
Jadylin,0,3,3
Jadyn-Eve,0,3,3
Jadyra,0,3,3
Jadyrangelo,3,0,3
Jadyson,3,0,3
Jae',3,0,3
Jae'celine,0,3,3
Jaé'diro,3,0,3
Jae'Drionne,3,0,3
Jae'Dyan,3,0,3
Jae'Dyenne,0,3,3
Jaë'Dyor,3,0,3
Jae'imani,0,3,3
Jae'l,3,0,3
Jae'Leah,0,3,3
Jae'lin,0,3,3
Jae'Lyann,0,3,3
Jae'Lynn,0,3,3
Jae'maelly,0,3,3
Jae'Mira,0,3,3
Jae'Naira,0,3,3
Jae'Nayeli,0,3,3
Jae'Nyah,0,3,3
Jae'ron,3,0,3
Jae'son,3,0,3
Jaë'vano,3,0,3
Jae'Viënne,3,0,3
Jae-Anchely,0,3,3
Jae-celine,0,3,3
Jae-Céline,0,3,3
Jae-Cennys,0,3,3
Jae-Ceon,3,0,3
Jae-charelle,0,3,3
Jae-Dong,3,0,3
Jae-fiann,0,3,3
Jae-Lan,3,0,3
Jae-Lee,0,3,3
Jae-Leen,0,3,3
Jae-liane,0,3,3
Jae-Liann,0,3,3
Jaé-Liann,0,3,3
Jaé-Lienny,0,3,3
Jae-Linn,0,3,3
Jae-lion,3,0,3
Jaë-Lisha,0,3,3
Jae-ll,0,3,3
Jaé-lyane,0,3,3
Jaé-Lyann,0,3,3
Jae-Lyen,0,3,3
Jae-Lyèn,0,3,3
Jae-lynn,0,3,3
Jaë-Lynn,0,3,3
Jae-Lynne,0,3,3
Jaé-Mairah,0,3,3
Jáe-Mary,0,3,3
Jae-million,3,0,3
Jaë-Nayah,0,3,3
Jae-Noé,0,3,3
Jae-Pharrel,3,0,3
Jae-Shawn,3,0,3
Jae-Won,3,0,3
Jaé-Xiana,0,3,3
Jae-Young,3,0,3
Jae-Zoé,0,3,3
Jaea,0,3,3
Jaean,3,0,3
Jaearon,3,0,3
Jaebes,3,0,3
Jaebet,3,0,3
Jaebets,3,0,3
Jaece-Leyaenn,0,3,3
Jaecelyn,0,3,3
Jaécelyn,0,3,3
Jaecen,3,0,3
Jaecey,3,0,3
Jaecey-May,0,3,3
Jaéchamiro,3,0,3
Jaechayron,3,0,3
Jaècillia,0,3,3
Jaecilynn,0,3,3
Jaécion,3,0,3
Jaecireal,0,3,3
Jaecques,3,0,3
Jaecy-Lynn,0,3,3
Jaecyon,3,0,3
Jaeda-Rose,0,3,3
Jaêdah,0,3,3
Jaede,0,3,3
Jaedefy,0,3,3
Jaedelano,3,0,3
Jaedeline,0,3,3
Jaedeney,0,3,3
Jaedeni,0,3,3
Jaëdhan,3,0,3
Jaëdi,0,3,3
Jaedi'Len,0,3,3
Jaedie,0,3,3
Jaediën,3,0,3
Jaedrick,3,0,3
Jaedriënne,0,3,3
Jaeduan,3,0,3
Jaedun,3,0,3
Jaëdy,0,3,3
Jaedy-Ann,0,3,3
Jaedy-Anne,0,3,3
Jaedy-elle,0,3,3
Jaédy-Lynn,0,3,3
Jaedynn,3,0,3
Jaëe,0,3,3
Jaeeda,0,3,3
Jaeely,0,3,3
Jäefar,3,0,3
Jaeffer,3,0,3
Jaegger,3,0,3
Jaeghen,3,0,3
Jaeh,3,0,3
Jaéh-Lynn,0,3,3
Jaehaylene,0,3,3
Jaehdan,3,0,3
Jaehee,3,0,3
Jaehemiya,0,3,3
Jaèhl,0,3,3
Jaehliám,3,0,3
Jaehovenha,0,3,3
Jaéhsley,3,0,3
Jaéhvian,3,0,3
Jaeko,3,0,3
Jaëĺ,0,3,3
Jaêl,3,0,3
Jäel,3,0,3
Jaél'rick,3,0,3
Jaèl-Naomi,0,3,3
Jaël-Philippa,0,3,3
Jaélaih,0,3,3
Jaëlainey,0,3,3
Jaelani,0,3,3
Jaelano,3,0,3
Jaelayen,3,0,3
Jaëlayna,0,3,3
Jaëlcy,0,3,3
Jaèlee,0,3,3
Jaelee,0,3,3
Jaeleesa,0,3,3
Jaeleigh-Ann,0,3,3
Jaélen,3,0,3
Jaelene,0,3,3
Jaelhan,3,0,3
Jaelhy,0,3,3
Jaeli-Ann,0,3,3
Jaéli-mae,0,3,3
Jaelia,0,3,3
Jaeliah,0,3,3
Jaëlian,3,0,3
Jaèliann,0,3,3
Jaelianne,0,3,3
Jaelicia-Lynn,0,3,3
Jaeliciano,3,0,3
Jaelie,0,3,3
Jaéliënne,0,3,3
Jáelinn,0,3,3
Jaelise,0,3,3
Jaelita,0,3,3
Jaelivia,0,3,3
Jaéliviënne,0,3,3
Jaéliya,0,3,3
Jaeliya,0,3,3
Jaéliyah,0,3,3
Jaeliyanah,0,3,3
Jaelkatji,0,3,3
Jaelke,0,3,3
Jaêll,3,0,3
Jäell,3,0,3
Jaêlla,0,3,3
Jaèlla,0,3,3
Jaëlla-Madé,0,3,3
Jaêllah,0,3,3
Jaellë,0,3,3
Jaelley,0,3,3
Jaellia,0,3,3
Jaélly,0,3,3
Jaellyn,0,3,3
Jaéllynn,0,3,3
Jaellyon,3,0,3
Jaeln,0,3,3
Jaëlro,3,0,3
Jaëlsha,0,3,3
Jaelshayro,3,0,3
Jaëlthon,3,0,3
Jaelvi,3,0,3
Jaelyann,0,3,3
Jaëlyano,3,0,3
Jaelyce,0,3,3
Jaélychairo,3,0,3
Jaelyen,0,3,3
Jaelynn-Joan,0,3,3
Jaelysa,0,3,3
Jaelyssa,0,3,3
Jaëlyviënne,0,3,3
Jaém,3,0,3
Jaem,0,3,3
Jaèm,0,3,3
Jaëma,3,0,3
Jaema,0,3,3
Jaëmailey,0,3,3
Jaemairo,3,0,3
Jaemali,3,0,3
Jaemayrah,0,3,3
Jaemelley,0,3,3
Jaémelley,0,3,3
Jaémelly,0,3,3
Jaemen,3,0,3
Jaemey,0,3,3
Jaémian,3,0,3
Jaemilla,0,3,3
Jaemily,0,3,3
Jaemin,3,0,3
Jaemma,0,3,3
Jaemmy,3,0,3
Jaemon,3,0,3
Jaemuël,3,0,3
Jaemz,3,0,3
Jaën,0,3,3
Jaen-Marie,3,0,3
Jaënaï,3,0,3
Jaénai,3,0,3
Jaenailise,0,3,3
Jaenay,3,0,3
Jaenayah,0,3,3
Jaendeline,0,3,3
Jaéne,0,3,3
Jaene-Mae,0,3,3
Jaenea,0,3,3
Jaeneiro,3,0,3
Jaenelle,0,3,3
Jaenetta,0,3,3
Jaenica,0,3,3
Jaenice,0,3,3
Jaenicey,0,3,3
Jaenie,0,3,3
Jaenileah,0,3,3
Jaeniola,0,3,3
Jaenion,3,0,3
Jaenley,3,0,3
Jaënnai,0,3,3
Jaënne,0,3,3
Jaenneke,0,3,3
Jaenney,0,3,3
Jaennine,0,3,3
Jaennot,3,0,3
Jaenny,0,3,3
Jaeno,3,0,3
Jaéno,3,0,3
Jaenoey,3,0,3
Jaenora,0,3,3
Jaenot,3,0,3
Jaens,3,0,3
Jaënsley,0,3,3
Jaentine,0,3,3
Jaentje,0,3,3
Jaentyn,3,0,3
Jaeon,3,0,3
Jaëphra,0,3,3
Jaepke,0,3,3
Jaeque,3,0,3
Jaequeline,0,3,3
Jaerayno,3,0,3
Jaercinio,3,0,3
Jaere'maijah-Joshua,3,0,3
Jaere-Miyai,3,0,3
Jaëren,3,0,3
Jaeri,3,0,3
Jaerick,3,0,3
Jaerim,3,0,3
Jaërla,0,3,3
Jaerley,3,0,3
Jaérohn,3,0,3
Jaerrai,3,0,3
Jaerts,3,0,3
Jaeruël,3,0,3
Jaeryell,3,0,3
Jaes,3,0,3
Jaesan,3,0,3
Jaesar,3,0,3
Jaesdja,3,0,3
Jaesh,3,0,3
Jaeshua,3,0,3
Jaesley,3,0,3
Jaéslyn,0,3,3
Jaesol,3,0,3
Jaésslyn,0,3,3
Jaesy,0,3,3
Jaeter,3,0,3
Jaetro,3,0,3
Jaeun,0,3,3
Jaeva,0,3,3
Jaévah,0,3,3
Jaevaleigh,0,3,3
Jaevanie,3,0,3
Jaevanno,3,0,3
Jaevba,0,3,3
Jaëvelina,0,3,3
Jaevelino,3,0,3
Jaëven,3,0,3
Jäeven,3,0,3
Jaévencio,3,0,3
Jaéveon,3,0,3
Jaeveon,3,0,3
Jaëvian,3,0,3
Jaèvian,3,0,3
Jaeviano,3,0,3
Jaéviél,3,0,3
Jaeviell,3,0,3
Jaéviën,3,0,3
Jaevién,3,0,3
Jaeviénne,0,3,3
Jaeviëno,3,0,3
Jaevienteley,0,3,3
Jaévion,3,0,3
Jaévon,3,0,3
Jaevyn,3,0,3
Jaewon,0,3,3
Jaewyn,3,0,3
Jaéxiana,0,3,3
Jaéxyana,0,3,3
Jaëy,3,0,3
Jaeya,0,3,3
Jaëyla,0,3,3
Jaeyla,0,3,3
Jaeylah,0,3,3
Jaeyleigh,0,3,3
Jaeylen,3,0,3
Jaeyllen,3,0,3
Jaeyno,3,0,3
Jaeyong,3,0,3
Jaeysun,3,0,3
Jaëzer,3,0,3
Jaeziël,3,0,3
Jaezriël,3,0,3
Jaezz,3,0,3
Jaf,3,0,3
Jafa,0,3,3
Jafaär,3,0,3
Jafano,3,0,3
Jafara,0,3,3
Jafarello,3,0,3
Jáfari,3,0,3
Jafario,3,0,3
Jafastra,0,3,3
Jafayo,3,0,3
Jafeli,3,0,3
Jaferro,3,0,3
Jaferson,3,0,3
Jafert,3,0,3
Jafeth-Jan,3,0,3
Jafez,3,0,3
Jaffá,0,3,3
Jaffaro,3,0,3
Jafferally,3,0,3
Jaffet,3,0,3
Jaffier,3,0,3
Jaffinio,3,0,3
Jaffir,3,0,3
Jaffreij,3,0,3
Jaffrey,3,0,3
Jaffry,3,0,3
Jafhetje,0,3,3
Jafila,3,0,3
Jafin,3,0,3
Jafina,0,3,3
Jafitah,0,3,3
Jafith,0,3,3
Jaflete,0,3,3
Jaflo,3,0,3
Jafna,0,3,3
Jafne,0,3,3
Jafo,3,0,3
Jafra,3,0,3
Jafrailyson,3,0,3
Jafre,3,0,3
Jafrin,3,0,3
Jafrinah,0,3,3
Jafta,3,0,3
Jaftha,3,0,3
Jafwant,3,0,3
Jagadishvari,0,3,3
Jagan-nivāsa,3,0,3
Jaganata,3,0,3
Jaganath,3,0,3
Jagandeep,3,0,3
Jagaranie,0,3,3
Jagarnath,3,0,3
Jagatkishore,3,0,3
Jagatpal,3,0,3
Jagay,3,0,3
Jagbeer,3,0,3
Jagbiersingh,3,0,3
Jağde,0,3,3
Jagdee,0,3,3
Jagdeep,3,0,3
Jagdei,0,3,3
Jagdeur,0,3,3
Jagdev,3,0,3
Jagdhies,3,0,3
Jagdhir,3,0,3
Jagdiep,3,0,3
Jagdiepsingh,3,0,3
Jagdies-Kumar,3,0,3
Jagdiesperkash,3,0,3
Jagdip,3,0,3
Jagdishpersad,3,0,3
Jagdishvar,3,0,3
Jagdispersad,3,0,3
Jageuline,0,3,3
Jaggansingh,3,0,3
Jagge,3,0,3
Jaggernauth,3,0,3
Jaggindersingh,3,0,3
Jaggy,3,0,3
Jaggy-James,3,0,3
Jaghanshree,3,0,3
Jaghatnarain,3,0,3
Jaghdis,3,0,3
Jaghnarain,3,0,3
Jaghut,0,3,3
Jagil,3,0,3
Jaginder,3,0,3
Jagir,3,0,3
Jagita,0,3,3
Jagja,3,0,3
Jagjeetsing,3,0,3
Jagjiet,0,3,3
Jagjosh,3,0,3
Jaglyn,0,3,3
Jagminder,3,0,3
Jagmohansing,3,0,3
Jagnalina,0,3,3
Jagoan,3,0,3
Jagomina,0,3,3
Jagon,3,0,3
Jagona,0,3,3
Jagonda,0,3,3
Jagpreet,3,0,3
Jagr,3,0,3
Jagranie,0,3,3
Jagratidevi,0,3,3
Jagritsingh,3,0,3
Jagro,3,0,3
Jagroe,3,0,3
Jagroep,3,0,3
Jagrytta,0,3,3
Jagsi,3,0,3
Jagua,3,0,3
Jaguan,3,0,3
Jaguarae,0,3,3
Jaguaro,3,0,3
Jagusia,0,3,3
Jagvinder,3,0,3
Jagwatie,0,3,3
Jah'Deevah,0,3,3
Jah'dorénho,3,0,3
Jah'Drinicio,3,0,3
Jah'élia,0,3,3
Jah'eliyah,0,3,3
Jah'ëlle,0,3,3
Jah'Evier,3,0,3
Jah'Failey,0,3,3
Jah'Fensley,3,0,3
Jah'Giani,3,0,3
Jah'Given,3,0,3
Jah'isha,0,3,3
Jah'Kayden,3,0,3
Jah'L,3,0,3
Jah'leane,0,3,3
Jah'Lejah,0,3,3
Jah'liandro,3,0,3
Jah'Livio,3,0,3
Jah'lyl,3,0,3
Jah'Lynn,0,3,3
Jah'lysa,0,3,3
Jah'maiah,0,3,3
Jah'mairo,3,0,3
Jah'mani,3,0,3
Jah'mar,3,0,3
Jah'Mayrah,0,3,3
Jah'mero,3,0,3
Jah'miel,3,0,3
Jah'millia,0,3,3
Jah'milliah,0,3,3
Jah'Million,3,0,3
Jah'million,3,0,3
Jah'milyo,3,0,3
Jah'nairo,3,0,3
Jah'neill,3,0,3
Jah'nell,0,3,3
Jah'Niah,0,3,3
Jah'nil,0,3,3
Jah'nisia-Lee,0,3,3
Jah'niyah,0,3,3
Jah'Niyah,0,3,3
Jah'Noah,3,0,3
Jah'noah,3,0,3
Jah'Oamy,0,3,3
Jah'Quincio,3,0,3
Jah'Railey,3,0,3
Jah'raily,3,0,3
Jah'raishia,0,3,3
Jah'rell,3,0,3
Jah'Reno,3,0,3
Jah'Rivin,3,0,3
Jah'saiah,3,0,3
Jah'Shainell,3,0,3
Jah'shiro,3,0,3
Jah'Shua,3,0,3
Jah'vani,3,0,3
Jah'vano,3,0,3
Jah'vientely,0,3,3
Jah'vonté,3,0,3
Jah'Zayen,3,0,3
Jah'Zayion,3,0,3
Jah'Zion,3,0,3
Jah'zion,3,0,3
Jah-Airo,3,0,3
Jah-Amore,0,3,3
Jah-Amy,0,3,3
Jah-angel,3,0,3
Jah-Angell,3,0,3
Jah-angely,0,3,3
Jah-Angely,0,3,3
Jah-Chelainey,0,3,3
Jah-eden,3,0,3
Jah-Eely,0,3,3
Jah-Ël,3,0,3
Jah-ël,3,0,3
Jah-Ela,0,3,3
Jah-Eli,3,0,3
Jah-Elia,0,3,3
Jah-Eliah,3,0,3
Jah-élio,3,0,3
Jah-Elio,3,0,3
Jah-Ell,3,0,3
Jah-Ella,0,3,3
Jah-Elle,0,3,3
Jah-Elly,0,3,3
Jah-Fayah,0,3,3
Jah-Fayra,0,3,3
Jah-finity,0,3,3
Jah-Fyara,0,3,3
Jah-Heal,3,0,3
Jah-Here,3,0,3
Jah-hyra,0,3,3
Jah-Icha,0,3,3
Jah-Iel,3,0,3
Jah-Ifarian,3,0,3
Jah-Ira,0,3,3
Jah-Irieson,3,0,3
Jah-Iro,3,0,3
Jah-Iron,3,0,3
Jah-Isa,0,3,3
Jah-ish,3,0,3
Jah-Isha,0,3,3
Jah-isha,0,3,3
Jah-Kayin,3,0,3
Jah-Keeyah,0,3,3
Jah-Keisha,0,3,3
Jah-keley,0,3,3
Jah-Kenzo,3,0,3
Jah-knowmi,0,3,3
Jah-Knowmi,0,3,3
Jah-Kobe,3,0,3
Jah-laino,3,0,3
Jah-laisa,0,3,3
Jah-Laney,3,0,3
Jah-lany,3,0,3
Jah-Lany,3,0,3
Jah-Laya,0,3,3
Jah-Layan,3,0,3
Jah-laysa,0,3,3
Jah-layza,0,3,3
Jah-Leah,0,3,3
Jah-Leeya,0,3,3
Jah-liah,0,3,3
Jah-Liana,0,3,3
Jah-Lien,0,3,3
Jah-Lijah,3,0,3
Jah-Lisa,0,3,3
Jah-Lisia,0,3,3
Jah-Livity,3,0,3
Jah-Liya,0,3,3
Jah-liyah,0,3,3
Jah-Liyo,3,0,3
Jah-Llyano,3,0,3
Jah-Luca,3,0,3
Jah-Luciëncio,3,0,3
Jah-Lyno,3,0,3
Jah-Made,0,3,3
Jah-Main,3,0,3
Jah-mainio,3,0,3
Jah-mairah,0,3,3
Jah-Mairo,3,0,3
Jah-Maley,3,0,3
Jah-Mall,3,0,3
Jah-Marcus,3,0,3
Jah-mari,3,0,3
Jah-Maya,0,3,3
Jah-Mayli,0,3,3
Jah-mayra,0,3,3
Jah-Mayrah,0,3,3
Jah-Maysin,3,0,3
Jah-Mayson,3,0,3
Jah-mecio,3,0,3
Jah-Meiro,3,0,3
Jah-mel,3,0,3
Jah-Miah,0,3,3
Jah-millia,0,3,3
Jah-Moore,3,0,3
Jah-Myra,0,3,3
Jah-Naija,0,3,3
Jah-Naïro,3,0,3
Jah-naya,0,3,3
Jah-Nayah,0,3,3
Jah-naysa,0,3,3
Jah-Naysa,0,3,3
Jah-Neal,3,0,3
Jah-Neeziah,0,3,3
Jah-Nell,0,3,3
Jah-nellio,3,0,3
Jah-Nellya,0,3,3
Jah-nesta,0,3,3
Jah-ney,0,3,3
Jah-Nigelo,3,0,3
Jah-Nildo,3,0,3
Jah-nima,0,3,3
Jah-nó,3,0,3
Jah-Noach,3,0,3
Jah-noah,3,0,3
Jah-nome,0,3,3
Jah-One,3,0,3
Jah-Oshua,3,0,3
Jah-Perla,0,3,3
Jah-Quan,3,0,3
Jah-Raëlcha,0,3,3
Jah-Railey,3,0,3
Jah-Raisha,0,3,3
Jah-Raissa,0,3,3
Jah-Raivéyson,3,0,3
Jah-Ranimo,3,0,3
Jah-Raycio,3,0,3
Jah-Rayli,3,0,3
Jah-ré,3,0,3
Jah-Reece,3,0,3
Jah-reece,3,0,3
Jah-Reino,3,0,3
Jah-Rhylio,3,0,3
Jah-rhyllio,3,0,3
Jah-Riley,3,0,3
Jah-Rinio,3,0,3
Jah-Rone,3,0,3
Jah-Rysha,0,3,3
Jah-Sajah,3,0,3
Jah-Selah,0,3,3
Jah-Senio,3,0,3
Jah-Shailey,0,3,3
Jah-Shamar,3,0,3
Jah-Sheyley,0,3,3
Jah-Shyno,3,0,3
Jah-Silah,0,3,3
Jah-Sioné,0,3,3
Jah-son,3,0,3
Jah-vainely,0,3,3
Jah-Vaino,3,0,3
Jah-Vairo,3,0,3
Jah-varo,3,0,3
Jah-Vayro,3,0,3
Jah-Velly,0,3,3
Jah-vencion,3,0,3
Jah-Viencly,3,0,3
Jah-vinno,3,0,3
Jah-Ya,3,0,3
Jah-Ynez,0,3,3
Jah-yrè,3,0,3
Jah-Zarah,0,3,3
Jah-Zayra,0,3,3
Jaha,3,0,3
Jahaan,3,0,3
Jahada,0,3,3
Jahaeldy,3,0,3
Jahafri,3,0,3
Jahailyson,3,0,3
Jahaimy,0,3,3
Jahainely,0,3,3
Jahainzaib,3,0,3
Jahaïra,0,3,3
Jahan-Ara,0,3,3
Jahanbin,3,0,3
Jahandad,3,0,3
Jahangeer-Wahab,3,0,3
Jahangely,0,3,3
Jahangirali,3,0,3
Jahāni,0,3,3
Jahanvi,0,3,3
Jahanwi,0,3,3
Jahanzaib,3,0,3
Jahara,0,3,3
Jahari,3,0,3
Jahavirio,3,0,3
Jahaya,3,0,3
Jahaye-Dyshi,3,0,3
Jahayru,3,0,3
Jahaziah,0,3,3
Jahbar,3,0,3
Jahblessings,3,0,3
Jahbriel,3,0,3
Jahcelio,3,0,3
Jahcely,0,3,3
Jahçenio,3,0,3
Jahchairo,3,0,3
Jahchano,3,0,3
Jahchell,0,3,3
Jahciano,3,0,3
Jahcinta,0,3,3
Jahcinto,3,0,3
Jahco,3,0,3
Jahcoba,0,3,3
Jahcysha,0,3,3
Jahdao,3,0,3
Jahdar,3,0,3
Jahdayhro,3,0,3
Jahdays,0,3,3
Jahdée,0,3,3
Jahdee,0,3,3
Jahdeleon,3,0,3
Jahdell,3,0,3
Jahdencia,0,3,3
Jahdeo,3,0,3
Jahdéon,3,0,3
Jahdiëlla,0,3,3
Jahdielle,0,3,3
Jahdiëne,0,3,3
Jahdiënneley,0,3,3
Jahdincio,3,0,3
Jahdiro,3,0,3
Jahdiya,0,3,3
Jahdo,3,0,3
Jahdoh,3,0,3
Jahdonaiyah,3,0,3
Jahealy,0,3,3
Jaheams,3,0,3
Jaheavah,0,3,3
Jaheda,0,3,3
Jahéem,3,0,3
Jaheïm,3,0,3
Jaheime,3,0,3
Jaheira,0,3,3
Jahël,3,0,3
Jahela,0,3,3
Jaheli,0,3,3
Jahelille,3,0,3
Jahelio,3,0,3
Jaheliyo,3,0,3
Jahello,3,0,3
Jahelro,3,0,3
Jahelson,3,0,3
Jahely,0,3,3
Jahelyson,3,0,3
Jahenuël,3,0,3
Jaherica,0,3,3
Jahfairel,3,0,3
Jahfairon,3,0,3
Jahfaiyro,3,0,3
Jahfaja,0,3,3
Jahfaney-Lyan,0,3,3
Jahfarah,0,3,3
Jahfarley,3,0,3
Jahfarray,3,0,3
Jahfaryan,3,0,3
Jahfaya,0,3,3
Jahfaye,3,0,3
Jahfayero,3,0,3
Jahfayneyson,3,0,3
Jahfayno,3,0,3
Jahfayrah,0,3,3
Jahfearo,3,0,3
Jahfelinio,3,0,3
Jahfenio,3,0,3
Jahfenly,3,0,3
Jahfensi,3,0,3
Jahfensio,3,0,3
Jahfensly,3,0,3
Jahfet,3,0,3
Jahfier,3,0,3
Jahfina,0,3,3
Jahfountaine,3,0,3
Jahfyah,3,0,3
Jahgiven,3,0,3
Jahgjaah,3,0,3
Jahguil,3,0,3
Jahguy,3,0,3
Jahia,0,3,3
Jahibreyon,3,0,3
Jahida,0,3,3
Jahidi,3,0,3
Jahiënne,0,3,3
Jahiër,3,0,3
Jahill,3,0,3
Jahillaijah,0,3,3
Jahillyo,3,0,3
Jahime,3,0,3
Jahimia,3,0,3
Jahinia,0,3,3
Jahír,3,0,3
Jahir-Urbano,3,0,3
Jahiris,0,3,3
Jahirius,3,0,3
Jahïro,3,0,3
Jahiron,3,0,3
Jahirsel,3,0,3
Jahirsinio,3,0,3
Jahirson,3,0,3
Jahiry,0,3,3
Jahis,3,0,3
Jahisha,0,3,3
Jahismael,3,0,3
Jahiz,3,0,3
Jahjaa,3,0,3
Jahjintie,0,3,3
Jahkea,0,3,3
Jahkini,0,3,3
Jähkir-Omarrí,3,0,3
Jahl-Rayvian,3,0,3
Jahlaen,3,0,3
Jahlaeyah,0,3,3
Jahlai,3,0,3
Jahlaijah,3,0,3
Jahlaira,0,3,3
Jahlaisha,0,3,3
Jahlaiyah,0,3,3
Jahlal,3,0,3
Jahlali,3,0,3
Jahlancio,3,0,3
Jahlane,3,0,3
Jahlaneyo,3,0,3
Jahlanio,3,0,3
Jahlaya-Jade,0,3,3
Jahlaya-Joy,0,3,3
Jahlayelio,3,0,3
Jahlayla,0,3,3
Jahlayne,3,0,3
Jahlaysha,0,3,3
Jahlead,3,0,3
Jahléah,0,3,3
Jahleani,0,3,3
Jahleayha,0,3,3
Jahleeah,0,3,3
Jahleel-Joe,3,0,3
Jahleena,0,3,3
Jahleescha,0,3,3
Jahleeyah,0,3,3
Jahleeza,0,3,3
Jahleiyah,0,3,3
Jahlen,3,0,3
Jahlencia,0,3,3
Jahlene,0,3,3
Jahleney,0,3,3
Jahleniya,0,3,3
Jahleny,0,3,3
Jahlény-Sadë,0,3,3
Jahlenzo,3,0,3
Jahlerio,3,0,3
Jahlesa,0,3,3
Jahlese,0,3,3
Jahlexandro,3,0,3
Jahlexsia,0,3,3
Jahlexus,0,3,3
Jahleya,0,3,3
Jahleyah,0,3,3
Jahleyna,0,3,3
Jahleysa,0,3,3
Jahleyviënne,0,3,3
Jahliaah,0,3,3
Jahlici,3,0,3
Jahlicio,3,0,3
Jahlicyra,0,3,3
Jahliek,3,0,3
Jahliënna,0,3,3
Jahlile,3,0,3
Jahlilson,3,0,3
Jahlinah,0,3,3
Jahlindo,3,0,3
Jahline,0,3,3
Jahlinho,3,0,3
Jahliñyo,3,0,3
Jahĺion,3,0,3
Jahlionah,0,3,3
Jahlionel,3,0,3
Jahliq,3,0,3
Jahlise,0,3,3
Jahlisia,0,3,3
Jahlissiana,0,3,3
Jahlive,3,0,3
Jahliveah,0,3,3
Jahliviana,0,3,3
Jahlivio,3,0,3
Jahlivion,3,0,3
Jahliyaño,3,0,3
Jahlizah,0,3,3
Jahlocensley,3,0,3
Jahlodinjho,3,0,3
Jahlove,3,0,3
Jahluca,3,0,3
Jahly,0,3,3
Jahlyana,0,3,3
Jahlyano,3,0,3
Jahlydia,0,3,3
Jahlyno,3,0,3
Jahlysia,0,3,3
Jahlyvio,3,0,3
Jahmaa-el,3,0,3
Jahmade,3,0,3
Jahmae-Lee,0,3,3
Jahmãeciano,3,0,3
Jahmaël,3,0,3
Jahmaesa,0,3,3
Jahmaijro,3,0,3
Jahmaik,3,0,3
Jahmaïl,3,0,3
Jahmaili,3,0,3
Jahmailia,0,3,3
Jahmailla,0,3,3
Jahmaio,3,0,3
Jahmairah,0,3,3
Jahmairoh,3,0,3
Jahmairon,3,0,3
Jahmairu,3,0,3
Jahmajesto,3,0,3
Jáhmal,3,0,3
Jahmäl,3,0,3
Jahmal-Randel,3,0,3
Jahmale,3,0,3
Jahmaley,3,0,3
Jahmaliyah,0,3,3
Jahmalli,3,0,3
Jahman,3,0,3
Jahmaney,3,0,3
Jahmáni,3,0,3
Jahmanie,3,0,3
Jahmano,3,0,3
Jahmanz,3,0,3
Jáhmar,3,0,3
Jahmara,0,3,3
Jahmarcus,3,0,3
Jahmariah,0,3,3
Jahmarie,3,0,3
Jahmariquai,3,0,3
Jahmariuanho,3,0,3
Jahmarleysha,0,3,3
Jahmarly,3,0,3
Jahmaru,3,0,3
Jahmaruh,3,0,3
Jahmasion,3,0,3
Jahmauro,3,0,3
Jahmay,3,0,3
Jahmayl,3,0,3
Jahmaylio,3,0,3
Jahmea-Lynn,0,3,3
Jahmecio,3,0,3
Jahmed,3,0,3
Jahmeeldon,3,0,3
Jahmeero,3,0,3
Jahmeira,0,3,3
Jahmekyah,0,3,3
Jahmèl,3,0,3
Jahmela,0,3,3
Jahmelijah,0,3,3
Jahmellio,3,0,3
Jahmelody,0,3,3
Jahmelsio,3,0,3
Jahmely,0,3,3
Jahmene,3,0,3
Jahméra,0,3,3
Jahmeraih,3,0,3
Jahmero,3,0,3
Jahmésa,0,3,3
Jahmesio,3,0,3
Jahmey,0,3,3
Jahmeyal,3,0,3
Jahmeyka,0,3,3
Jahmeyra,0,3,3
Jahmia,0,3,3
Jahmiél,3,0,3
Jahmiela,0,3,3
Jahmielia,0,3,3
Jahmien,3,0,3
Jahmighty,3,0,3
Jahmika,0,3,3
Jahmilah,0,3,3
Jahmilchion,3,0,3
Jahmilé,0,3,3
Jahmiley,0,3,3
Jahmiliah,0,3,3
Jahmillia,0,3,3
Jahmillian,3,0,3
Jahmilliana,0,3,3
Jahmillyano,3,0,3
Jahmilson,3,0,3
Jahmilyano,3,0,3
Jahmio,3,0,3
Jahmiriquay,3,0,3
Jahmirjano,3,0,3
Jahmoon,0,3,3
Jahmowa,0,3,3
Jahmoz'n,3,0,3
Jahmu'izz,3,0,3
Jahmuël,3,0,3
Jahmuëll,3,0,3
Jahmundo,3,0,3
Jahmyan,3,0,3
Jahmyl,3,0,3
Jahmyliah,0,3,3
Jahmylla,0,3,3
Jahnaël,3,0,3
Jahnah,0,3,3
Jahnaï,0,3,3
Jahnai,0,3,3
Jahnaila,0,3,3
Jahnailah,0,3,3
Jahnailys,0,3,3
Jahnairaley,0,3,3
Jahnaisa,0,3,3
Jahnaissa,0,3,3
Jahnaiya,0,3,3
Jahnakan,3,0,3
Jahnalia,0,3,3
Jahnami,3,0,3
Jahnaoh,3,0,3
Jahnash,3,0,3
Jahnathan,3,0,3
Jahnavi-Areen,0,3,3
Jahnavi-Devi,0,3,3
Jahnayah,0,3,3
Jahnayen,3,0,3
Jahnayhro,3,0,3
Jahnayla,0,3,3
Jahnayrah,0,3,3
Jahnayshaley,0,3,3
JahNayza,0,3,3
Jahndyon,3,0,3
Jahnéa,0,3,3
Jahneall,3,0,3
Jahneely,0,3,3
Jahneesha,0,3,3
Jahneiah,0,3,3
Jahneil,3,0,3
Jahneishaley,0,3,3
Jahnelia,0,3,3
Jahnelly,0,3,3
Jahnelsi,0,3,3
Jahnelson,3,0,3
Jahnelva,0,3,3
Jahneo,3,0,3
Jahnes,3,0,3
Jahnesley,0,3,3
Jahnet,0,3,3
Jahneyli,0,3,3
Jahneyo,3,0,3
Jahni,0,3,3
Jahniaca,0,3,3
Jahniaro,3,0,3
Jahniceo,3,0,3
Jahnida,0,3,3
Jahnielio,3,0,3
Jahniell,3,0,3
Jahniesa,0,3,3
Jahniesha,0,3,3
Jahnildo,3,0,3
Jahnilio,3,0,3
Jahnillon,3,0,3
Jahnílo,3,0,3
Jahnina,0,3,3
Jahninho,3,0,3
Jahninyo,3,0,3
Jahniquea,0,3,3
Jahnira,0,3,3
Jahniree,0,3,3
Jahnisia,0,3,3
Jahniso,3,0,3
Jahnita,0,3,3
Jahnitha,0,3,3
Jahnivea,0,3,3
Jahniya,0,3,3
Jahniyo,3,0,3
Jahnna,0,3,3
Jahnnay,3,0,3
Jahnne,0,3,3
Jahnno,3,0,3
Jahnoâ,3,0,3
Jahnoë,0,3,3
Jahnomie,0,3,3
Jahnorel,3,0,3
Jahnoudro,3,0,3
Jahnovy,3,0,3
Jahnowa,3,0,3
Jahnti,3,0,3
Jahnuel,3,0,3
Jahny,3,0,3
Jahnya,0,3,3
Jahnylla,0,3,3
Jahnyra,0,3,3
Jahnyssa,0,3,3
Jahonesoul,3,0,3
Jahora,0,3,3
Jahouh,3,0,3
Jahqiana,0,3,3
Jahqim,3,0,3
Jahquees,3,0,3
Jahqueez,3,0,3
Jahquel,3,0,3
Jahquency,3,0,3
Jahquincio,3,0,3
Jahquincy,3,0,3
Jahqwinsio,3,0,3
Jähra-Jane,0,3,3
Jahrah,0,3,3
Jahraido,3,0,3
Jahraijno,3,0,3
Jahraileyson,3,0,3
Jahraimy,3,0,3
Jahraina,0,3,3
Jahraisel,3,0,3
Jahraisha,0,3,3
Jahraiza,0,3,3
Jahraizo,3,0,3
Jahramaiah,0,3,3
Jahran,3,0,3
Jahranoa,0,3,3
Jahras,3,0,3
Jahraylio,3,0,3
JahRaylio,3,0,3
Jahraylo,3,0,3
Jahraynel,3,0,3
Jahrayo,3,0,3
Jahraysha,0,3,3
Jahrayso,3,0,3
Jahrayson,3,0,3
Jahraytley,3,0,3
Jahre,3,0,3
Jahred,3,0,3
Jahreda,0,3,3
Jahreem,3,0,3
Jahreilio,3,0,3
Jahreillio,3,0,3
Jahrelio,3,0,3
Jahrell-Miliano,3,0,3
Jahrella,0,3,3
Jahrelle,0,3,3
Jahrello,3,0,3
Jahrélo,3,0,3
Jahrely,3,0,3
Jahrelyo,3,0,3
Jahrélyo,3,0,3
Jahrelys,0,3,3
Jahremih,3,0,3
Jahreminho,3,0,3
Jahremo,3,0,3
Jahrenshio,3,0,3
Jahrensley,3,0,3
Jahrenziah,0,3,3
Jahrésha,0,3,3
Jahresi,0,3,3
Jahreso,3,0,3
Jahrey-lee,0,3,3
Jahreyla,0,3,3
Jahreyliën,3,0,3
Jahreylio,3,0,3
Jahreyn,3,0,3
Jahreza,3,0,3
Jahrezo,3,0,3
Jahrhino,3,0,3
Jahrhyllio,3,0,3
Jahriah,0,3,3
Jahrienne,0,3,3
Jahrif,3,0,3
Jahrifel,0,3,3
Jahrighton,3,0,3
Jahrillio,3,0,3
Jahrilly,3,0,3
Jahrina,0,3,3
Jahriño,3,0,3
Jahrinyo,3,0,3
Jahrinzo,3,0,3
Jahrio,3,0,3
Jahriq,3,0,3
Jahrisa,0,3,3
Jahrisah,0,3,3
Jahrisen,3,0,3
Jahrisha,0,3,3
Jahrissa-Chayenne,0,3,3
Jahrius,3,0,3
Jahrmany,3,0,3
Jahrmel,3,0,3
Jahrne,3,0,3
Jahrnell,3,0,3
Jahroa,3,0,3
Jahroe,3,0,3
Jahroël,3,0,3
Jahromay,3,0,3
Jahromey,3,0,3
Jahromy,0,3,3
Jahroné,3,0,3
Jahroney,3,0,3
Jahronhily,3,0,3
Jahronn,3,0,3
Jahros,3,0,3
Jahrow,3,0,3
Jahroya,0,3,3
Jahrquilliés,3,0,3
Jahrto,3,0,3
Jàhrule,3,0,3
Jahrulle,3,0,3
Jahryalo,3,0,3
Jahryentl,3,0,3
Jahrylinio,3,0,3
Jahrylio,3,0,3
Jahrylva,0,3,3
Jahryno,3,0,3
Jahrzino,3,0,3
Jahsaiah,3,0,3
Jahsaintley,3,0,3
Jahsajah,3,0,3
Jahsanti,0,3,3
Jahsaphiena,0,3,3
Jahsaryo,3,0,3
Jahsayah,0,3,3
Jahseah,3,0,3
Jahseh,3,0,3
Jahsendai,0,3,3
Jahserviño,3,0,3
Jahshaely,0,3,3
Jahshailey,0,3,3
Jahshailo,3,0,3
Jahshaily,0,3,3
Jahshaina,0,3,3
Jahshana,0,3,3
Jahshano,3,0,3
Jahshanti,0,3,3
Jahshayra,0,3,3
Jahshayron,3,0,3
Jahshea,0,3,3
Jahsheen,3,0,3
Jahshiloh,3,0,3
Jahshira,0,3,3
Jahshiro,3,0,3
Jahshua,3,0,3
Jâhshua,3,0,3
Jahshuan,3,0,3
Jahshyra,0,3,3
Jahsiah,3,0,3
Jahsias,3,0,3
Jahsien,3,0,3
Jahsilvio,3,0,3
Jahsin,3,0,3
Jahsinto,3,0,3
Jahsipha,0,3,3
Jahsiri,3,0,3
Jahsiya,0,3,3
Jahsmay,0,3,3
Jahsmienie,0,3,3
Jahsmina,0,3,3
Jahso,3,0,3
Jahstacia,0,3,3
Jahstiny,0,3,3
Jahsyah,3,0,3
Jahteneal,3,0,3
Jahtin,3,0,3
Jahtraya,0,3,3
Jahtryf,3,0,3
Jahtyron,3,0,3
Jahua,3,0,3
Jahuan,3,0,3
Jahuel,3,0,3
Jahui,0,3,3
Jahvael,3,0,3
Jahvailen,3,0,3
Jáhvairo,3,0,3
Jahvaiyro,3,0,3
Jahvalinho,3,0,3
Jahvana,0,3,3
Jahvánio,3,0,3
Jahvanity,0,3,3
Jahvanolito,3,0,3
Jahvansly,3,0,3
Jahvanto,3,0,3
Jahvaughn,3,0,3
Jahvayden,3,0,3
Jahvaylee,3,0,3
Jahvayo,3,0,3
Jahvayro,3,0,3
Jahveany,0,3,3
Jahveeria,0,3,3
Jahvelia,0,3,3
Jahvelinio,3,0,3
Jahvelle,3,0,3
Jahvelli,3,0,3
Jahvelly,3,0,3
Jahvenailey,0,3,3
Jahvencelly,3,0,3
Jahvenchello,3,0,3
Jahvencia,0,3,3
Jahvency,3,0,3
Jahvendi,3,0,3
Jahvendrix,3,0,3
Jahvene,3,0,3
Jahvenethy,0,3,3
Jahvenie,3,0,3
Jahvenley,3,0,3
Jahvenneley,0,3,3
Jahvenny,0,3,3
Jahvensely,3,0,3
Jahventely,0,3,3
Jahvenxio,3,0,3
Jahvet,3,0,3
Jahvey,3,0,3
Jahvianey,0,3,3
Jahviën,3,0,3
Jahviéne,0,3,3
Jahviënety,0,3,3
Jahvienio,3,0,3
Jahviensly,3,0,3
Jahviër,3,0,3
Jahvierio,3,0,3
Jahviëro,3,0,3
Jahviero,3,0,3
Jahvillion,3,0,3
Jahvinaicha,0,3,3
Jahviñaíro,3,0,3
Jahvinchio,3,0,3
JahVincy,3,0,3
Jahvinhio,3,0,3
Jahvinjo,3,0,3
Jahvinno,3,0,3
Jahvinny,3,0,3
Jahvion,3,0,3
Jahvisha,0,3,3
Jahvyérra,0,3,3
Jahvylcio,3,0,3
Jahvyn,3,0,3
Jahvyno,3,0,3
Jahvyro,3,0,3
Jahwad,3,0,3
Jahwalla,3,0,3
Jahwany,3,0,3
Jahwe,3,0,3
Jahwee,0,3,3
Jahwéh,3,0,3
Jahweno,3,0,3
Jahwensly,3,0,3
Jahwidaah,0,3,3
Jahwin,3,0,3
Jahwina,0,3,3
Jahwinsa,0,3,3
Jahwraisaja,0,3,3
Jahwrofe,0,3,3
Jahxïarv'no,3,0,3
Jahxiero,3,0,3
Jahyani,0,3,3
Jahyano,3,0,3
Jahyanthi,3,0,3
Jahydi,3,0,3
Jahyel,3,0,3
Jahyendrow,3,0,3
Jahyenne,0,3,3
Jahyi,3,0,3
Jahyleon,3,0,3
Jahyoutsly,0,3,3
Jahyre,3,0,3
Jahyron,3,0,3
Jahyrson,3,0,3
Jahza,0,3,3
Jahzaéla,0,3,3
Jahzahr,3,0,3
Jahzaiah,3,0,3
Jahzaiden,3,0,3
Jahzair,3,0,3
Jahzaniah,0,3,3
Jahzaniyah,3,0,3
Jahzaro,3,0,3
Jahzayah,3,0,3
Jahzayra,0,3,3
Jahzayrah,0,3,3
Jahzeah,3,0,3
Jahzeal,3,0,3
Jahzeël,3,0,3
Jahzeél,3,0,3
Jahzeer,3,0,3
Jahzeja,3,0,3
Jahzell,3,0,3
Jahzera,3,0,3
Jahzerah,0,3,3
Jahzeya,3,0,3
Jahzia,0,3,3
Jahziel,0,3,3
Jahziënne,0,3,3
Jahzinho,3,0,3
Jahzino,3,0,3
Jahzire,3,0,3
Jahziro,3,0,3
Jahziya,0,3,3
Jahziyah,0,3,3
Jahzmine,0,3,3
Jahzya,0,3,3
Jahzyra,0,3,3
Jai'Amir,3,0,3
Jai'angely,0,3,3
Jai'lin,0,3,3
Jai'Lysa,0,3,3
Jai'Michaina,0,3,3
Jai'reek,3,0,3
Jai'shenaily,0,3,3
Jai'yara,0,3,3
Jai-Anand,3,0,3
Jai-lana,0,3,3
Jai-Lana,0,3,3
Jai-Li,0,3,3
Jai-li,0,3,3
Jai-Liam,3,0,3
Jai-lyn,0,3,3
Jai-Maïcha,0,3,3
Jai-noah,3,0,3
Jai-Rean,3,0,3
Jai-Saran,3,0,3
Jaian,3,0,3
Jaiana,0,3,3
Jaïanah-Jade,0,3,3
Jaiansh,3,0,3
Jaiantie,0,3,3
Jaibeny,0,3,3
Jaica,3,0,3
Jaicen,3,0,3
Jaiceon,3,0,3
Jaicey-Leann,0,3,3
Jaichan,3,0,3
Jaichely,0,3,3
Jaichemar,3,0,3
Jaichien,0,3,3
Jaicy-Lee,0,3,3
Jaicy-Leigh,0,3,3
Jaicy-Lynn,0,3,3
Jaicylynn,0,3,3
Jaida-Lee,0,3,3
Jaidan-Prince,3,0,3
Jaidania,0,3,3
Jaidanny,0,3,3
Jaidat,3,0,3
Jaidavon,3,0,3
Jaide-Lynn,0,3,3
Jaidelize,0,3,3
Jaidely,0,3,3
Jaidelyne,0,3,3
Jaidelynn,0,3,3
Jaiden-,3,0,3
Jaiden-Lynn,0,3,3
Jaidety,0,3,3
Jaïdev,3,0,3
Jaidey-lynn,0,3,3
Jaidhiersing,3,0,3
Jaïdi,3,0,3
Jaidi,0,3,3
Jaidiën,3,0,3
Jaidieon,3,0,3
Jaidiepkumar,3,0,3
Jaidii,0,3,3
Jaidin,3,0,3
Jaidina,0,3,3
Jaidlin,3,0,3
Jaidlyn,0,3,3
Jaidlynn,0,3,3
Jaido,3,0,3
Jaïdon,3,0,3
Jaidrison,3,0,3
Jaidy'Ann,0,3,3
Jaidy-Ann,0,3,3
Jaidy-lee,0,3,3
Jaidy-Lee,0,3,3
Jaidy-Lynn,0,3,3
Jaidyen,3,0,3
Jaidyon,3,0,3
Jaiël,3,0,3
Jaiêll,3,0,3
Jaielle,0,3,3
JaiElle,0,3,3
Jaiën,3,0,3
Jaiendra,3,0,3
Jaieno,3,0,3
Jaienradj,3,0,3
Jaiëro,3,0,3
Jaïes,3,0,3
Jaiëza,0,3,3
Jaïf,3,0,3
Jaifima,0,3,3
Jaiforick,3,0,3
Jaigo,3,0,3
Jaihbreyon,3,0,3
Jaihlano,3,0,3
Jaïhr,3,0,3
Jaihra-Lee,0,3,3
Jaihrell,3,0,3
Jaihzihiön,3,0,3
Jaii-Lana,0,3,3
Jaiim,3,0,3
Jaiïm,3,0,3
Jaiïme,3,0,3
Jaiira,0,3,3
Jaijanthi,0,3,3
Jaijanti,0,3,3
Jaijantkumar,3,0,3
Jaijantperkash,3,0,3
Jaijda,0,3,3
Jaijke,0,3,3
Jaijkishan,3,0,3
Jaijlan,0,3,3
Jaijo,3,0,3
Jaijpal,3,0,3
Jaijwantie,0,3,3
Jaik,3,0,3
Jaikaran,3,0,3
Jaikelina,0,3,3
Jaikelty,3,0,3
Jaikirshan,3,0,3
Jaikisan,3,0,3
Jaikisen,3,0,3
Jaikishen,3,0,3
Jaikisoen,3,0,3
Jaiko,3,0,3
Jaikoemarie,0,3,3
Jaikrishan,3,0,3
Jaikrishne,3,0,3
Jaïla,0,3,3
Jailakshmi,0,3,3
Jaïlayo,3,0,3
Jaileay,0,3,3
Jaileela,3,0,3
Jaileen,0,3,3
Jaileesa,0,3,3
Jailèn,0,3,3
Jailéne,0,3,3
Jailey-Faith,0,3,3
Jailey-Lynn,0,3,3
Jailey-Mae,0,3,3
Jailey-Rosalie,0,3,3
Jailey-Rose,0,3,3
Jailey-Rox,0,3,3
Jailey-Yulisa,0,3,3
Jaileyjada,0,3,3
Jaileysia,0,3,3
Jaileyvéella,0,3,3
Jaileyvéena,0,3,3
Jailicia,0,3,3
Jailini,0,3,3
Jailis,0,3,3
Jailise,0,3,3
Jailish,3,0,3
Jailiyah,0,3,3
Jaïlja,0,3,3
Jailjindra,3,0,3
Jaill,0,3,3
Jaillan,0,3,3
Jaillina,0,3,3
Jaillissa,0,3,3
Jaillyluna,0,3,3
Jailof,3,0,3
Jailon,3,0,3
Jailson-Jair,3,0,3
Jaily-Ann,0,3,3
Jaily-ann,0,3,3
Jaily-Lynn,0,3,3
Jaily-Shaira,0,3,3
Jailyana,0,3,3
Jailyann,3,0,3
Jailycintha,0,3,3
Jailyna,0,3,3
Jailyne,0,3,3
Jaílynn,0,3,3
Jailynna,0,3,3
Jailyshia,0,3,3
Jailyss,0,3,3
Jailyvitchano,3,0,3
Jaima,0,3,3
Jaimairo,3,0,3
Jaimaley,0,3,3
Jaiman-Singh,3,0,3
Jaimar,3,0,3
Jaimarion,3,0,3
Jaimarley,3,0,3
Jaimary,0,3,3
Jaimaryson,3,0,3
Jaimaylio,3,0,3
Jaimden,3,0,3
Jaîme,3,0,3
Jaimè,3,0,3
Jaimē,0,3,3
Jaîmè,3,0,3
Jaime-Lynn,0,3,3
Jaime-Raul,3,0,3
Jaimee-Li,0,3,3
Jaimee-Lyann,0,3,3
Jaimee-Lynn,0,3,3
Jaimeleen,0,3,3
Jaimelin,0,3,3
Jaimello,3,0,3
Jaimerlee,0,3,3
Jaimeüel,3,0,3
Jaimey-Lynn,0,3,3
Jaimey-Sue,0,3,3
Jaimi-Lynn,0,3,3
Jaimia,0,3,3
Jaimian,3,0,3
Jaimie-Jane,0,3,3
Jaimie-Joy,0,3,3
Jaimie-Rachel,0,3,3
Jaimielee,0,3,3
Jaimij-Jane,0,3,3
Jaimiliano,3,0,3
Jaimilie,0,3,3
Jaimilson,3,0,3
Jaimir,3,0,3
Jaimiron,3,0,3
Jaimiun,3,0,3
Jaimmee,0,3,3
Jaimmi,3,0,3
Jaimnes,3,0,3
Jaimond,3,0,3
Jaims,3,0,3
Jaimsz,3,0,3
Jaımy,3,0,3
Jaïmy,0,3,3
Jaimy-Anne,0,3,3
Jaimy-Bryse,3,0,3
Jaimy-Ellen,0,3,3
Jaimy-Jane,0,3,3
Jaimy-Jax,3,0,3
Jaimy-Jill,0,3,3
Jáimy-Julian,3,0,3
Jaimy-Linn,0,3,3
Jaimy-Mar,3,0,3
Jaimy-Mason,3,0,3
Jaimy-Nova,0,3,3
Jaimy-Rae,0,3,3
Jaimy-Sky,0,3,3
Jaimyen,3,0,3
Jaimyla,0,3,3
Jaimylinn,0,3,3
Jaimyly,0,3,3
Jaimylynn,0,3,3
Jaimyro,3,0,3
Jaimyson,3,0,3
Jain-Long,3,0,3
Jaïna,0,3,3
Jaina-Lee,0,3,3
Jainabou,0,3,3
Jainaldo,3,0,3
Jainalee,0,3,3
Jainam,0,3,3
Jainan,3,0,3
Jainandan,3,0,3
Jainatie,0,3,3
Jaind,3,0,3
Jaïnda,0,3,3
Jaïndre,0,3,3
Jainea,0,3,3
Jainel,3,0,3
Jaineley,0,3,3
Jainell,3,0,3
Jainely'Ann,0,3,3
Jainenderpersad,3,0,3
Jainero,3,0,3
Jainetshley,0,3,3
Jainette,0,3,3
Jaing,0,3,3
Jaini,0,3,3
Jainie,0,3,3
Jainiël,3,0,3
Jainil,3,0,3
Jainisha,0,3,3
Jaïnishio,3,0,3
Jainnalie,0,3,3
Jaïno,3,0,3
Jainoah,3,0,3
Jainoelarab,0,3,3
Jainor,3,0,3
Jains,3,0,3
Jaïnstone,3,0,3
Jainub,0,3,3
Jainy-Lynn,0,3,3
Jaiolino,3,0,3
Jaione,0,3,3
Jaiorentley,3,0,3
Jaiperkash,3,0,3
Jaiprakash,3,0,3
Jaipreet,3,0,3
Jaïpur,3,0,3
Jaïque,3,0,3
Jãïr,3,0,3
Jaīr,3,0,3
Jäir,3,0,3
Jàir,0,3,3
Jaïr-Albertico,3,0,3
Jaïr-Ceasar,3,0,3
Jaïr-Charlie,3,0,3
Jaïr-James,3,0,3
Jáira,0,3,3
Jaïra-Mae,0,3,3
Jaira-Maé,0,3,3
Jairaldo,3,0,3
Jairan,3,0,3
Jairana,0,3,3
Jairanne,0,3,3
Jairchino,3,0,3
Jaïrcino,3,0,3
Jairdienne,0,3,3
Jairdylanio,3,0,3
Jairedj,3,0,3
Jairée,0,3,3
Jaïreen,0,3,3
Jaireenis,0,3,3
Jairelin,0,3,3
Jairely,0,3,3
Jaïren,3,0,3
Jäiren,3,0,3
Jaïrensly,3,0,3
Jairenzo,3,0,3
Jaireshkoemar,3,0,3
Jaïrhiño,3,0,3
Jairho,3,0,3
Jaïrho,3,0,3
Jairhzinho,3,0,3
Jairi,3,0,3
Jaïri,0,3,3
Jairiann,0,3,3
Jairic,3,0,3
Jaïric,3,0,3
Jairich,3,0,3
Jairiën,3,0,3
Jairiliano,3,0,3
Jairionelle,3,0,3
Jaïriq,3,0,3
Jaïrishanteley,0,3,3
Jaïrison,3,0,3
Jairissa,0,3,3
Jaïriüs,3,0,3
Jairius,3,0,3
Jairixson,3,0,3
Jaìro,3,0,3
Jairö,3,0,3
Jairodath,3,0,3
Jairöhne,3,0,3
Jairome,3,0,3
Jairomire,3,0,3
Jairona,0,3,3
Jaironai,3,0,3
Jairone,3,0,3
Jairos,3,0,3
Jairoson,3,0,3
Jairou,3,0,3
Jairow,3,0,3
Jairrainne,0,3,3
Jairshyno,3,0,3
Jairsingho,3,0,3
Jairsinho,3,0,3
Jairsinio,3,0,3
Jairsinò,3,0,3
Jairton,3,0,3
Jäirus,3,0,3
Jairusson,3,0,3
Jairvani,0,3,3
Jairvienis,0,3,3
Jairviëno,3,0,3
Jaïrwina,0,3,3
Jairyson,3,0,3
Jairzhiño,3,0,3
Jaïrzhiño,3,0,3
Jairzinhio,3,0,3
Jairziñho,3,0,3
Jaïrziñho,3,0,3
Jairzinio,3,0,3
Jairzinno,3,0,3
Jaisaïro,3,0,3
Jaisal,3,0,3
Jaïse,0,3,3
Jaisèl,0,3,3
Jaisel,0,3,3
Jaiselle,0,3,3
Jaisenn,3,0,3
Jaiseri,0,3,3
Jaiserie,0,3,3
Jaish,3,0,3
Jaisha,0,3,3
Jaïsha,0,3,3
Jaishanker,3,0,3
Jaishiv,3,0,3
Jaisjentley,3,0,3
Jaismen,0,3,3
Jaismit,0,3,3
Jaisonmar,3,0,3
Jaisrie,0,3,3
Jaisson,3,0,3
Jaissy-Lu,0,3,3
Jaite,3,0,3
Jaithley,0,3,3
Jaithlyne,0,3,3
Jaithsen,3,0,3
Jaitoennahar,0,3,3
Jaits,3,0,3
Jaitu,3,0,3
Jaivae,3,0,3
Jaivainy,3,0,3
Jaivaley,0,3,3
Jaïvanaly,0,3,3
Jaïvaney,3,0,3
Jaivanéy,0,3,3
Jaivaney,0,3,3
Jaive,3,0,3
Jaivelyn,0,3,3
Jaiverey,3,0,3
Jaivery,3,0,3
Jaivey-Jax,3,0,3
Jaiviero,3,0,3
Jaivijay,3,0,3
Jaivinio,3,0,3
Jaivïrioson,3,0,3
Jaivishnu,3,0,3
Jaïvjon,3,0,3
Jaïvo,3,0,3
Jaivo,3,0,3
Jaiwantkumar,3,0,3
Jaiwantsingh,3,0,3
Jaiwatie,0,3,3
Jaiwey,3,0,3
Jaiy-Monysha,0,3,3
Jaiyanna,0,3,3
Jaiyanti,0,3,3
Jaiyantie,0,3,3
Jaiyash,3,0,3
Jaiyce,3,0,3
Jaiyden,3,0,3
Jaiye,0,3,3
Jaiyena,0,3,3
Jaiyénna,0,3,3
Jaiyla,0,3,3
Jaiynivea,0,3,3
Jaiyon,3,0,3
Jaiyran,3,0,3
Jaiyren,3,0,3
Jaïz,3,0,3
Jaizah,0,3,3
Jaizel,0,3,3
Jaizha-Noah,3,0,3
Jaizzy,0,3,3
Jajand,3,0,3
Jajanira,0,3,3
Jajant,3,0,3
Jajantidevi,0,3,3
Jajantie,0,3,3
Jajanty,0,3,3
Jajde,0,3,3
Jajelina,0,3,3
Jajendra,3,0,3
Jajeri,0,3,3
Jajgelicka,0,3,3
Jaji,0,3,3
Jajinder,3,0,3
Jajke,0,3,3
JAJM,3,0,3
Jaju,3,0,3
Jájuan,3,0,3
Jak-Bong,3,0,3
Jak-Man,3,0,3
Jakaali,3,0,3
Jakane,3,0,3
Jakar,3,0,3
Jakari,3,0,3
Jakarta,0,3,3
Jakatto,3,0,3
Jakay,3,0,3
Jakayzah,0,3,3
Jakco-Bram,3,0,3
Jakcomijn,0,3,3
Jakcomina,0,3,3
Jáke,3,0,3
Jake-Aaron,3,0,3
Jake-danial,3,0,3
Jake-Dimitri,3,0,3
Jake-Julius,3,0,3
Jake-Lorenzo,3,0,3
Jake-Quinn,3,0,3
Jake-William,3,0,3
Jakecia-Shenaï,0,3,3
Jakeela,0,3,3
Jakeisha,0,3,3
Jakeliena,0,3,3
Jakelina,0,3,3
Jakemina,0,3,3
Jakemine,0,3,3
Jaker,0,3,3
Jakes,3,0,3
Jaket,3,0,3
Jakho,3,0,3
Jaki,3,0,3
Jaki-Marise,0,3,3
Jakimja,0,3,3
Jakina,0,3,3
Jakischa,0,3,3
Jakka,3,0,3
Jakkeline,0,3,3
Jakkellina,0,3,3
Jakkle,3,0,3
Jakkobien,0,3,3
Jakkrid,3,0,3
Jakliene,0,3,3
Jakob-Antoon,3,0,3
Jakoba-Janna,0,3,3
Jakobea,0,3,3
Jakobelle,0,3,3
Jakobert,3,0,3
Jakobijne,0,3,3
Jakobszoon,3,0,3
Jakobusina,0,3,3
Jakoby,0,3,3
Jakoda,0,3,3
Jakoewana,3,0,3
Jakoleen,0,3,3
Jakolein,0,3,3
Jakolette,0,3,3
Jakoliene,0,3,3
Jakolientje,0,3,3
Jakolynde-Janita,0,3,3
Jakomiena,0,3,3
Jakomijne,0,3,3
Jakondra,0,3,3
Jakonias,3,0,3
Jakonice,0,3,3
Jakonjas,0,3,3
Jakorien,0,3,3
Jakosien,0,3,3
Jakoslav,3,0,3
Jakova,0,3,3
Jakovljevič,3,0,3
Jakovljevna,0,3,3
Jakovos,3,0,3
Jakraphat,3,0,3
Jaks,3,0,3
Jakša,3,0,3
Jakumina,0,3,3
Jakuntalah,0,3,3
Jakus,3,0,3
Jakuwanari,3,0,3
Jakx,3,0,3
Jaky,3,0,3
Jakyl,3,0,3
Jakyra,0,3,3
Jakysh,3,0,3
Jakz,3,0,3
Jal-Ahmed,3,0,3
Jalaal,3,0,3
Jalaaluddin,3,0,3
Jalabi,3,0,3
Jalabine,0,3,3
Jalae,0,3,3
Jalaeya,0,3,3
Jalaeyah,0,3,3
Jalah,3,0,3
Jalahan,0,3,3
Jàlaine,0,3,3
Jalaira,0,3,3
Jalaissa,0,3,3
Jalaldeen,3,0,3
Jalaledine,3,0,3
Jalalle,3,0,3
Jalaluddien,3,0,3
Jalan,3,0,3
Jalanda,0,3,3
Jalandhar,3,0,3
Jalaney,0,3,3
Jalanie,0,3,3
Jalannah,0,3,3
Jalay,3,0,3
Jalaycha,0,3,3
Jalayla,0,3,3
Jalayna,0,3,3
Jalaysha,0,3,3
Jalayska,0,3,3
Jalayza,0,3,3
Jalbert,3,0,3
Jalçin,3,0,3
Jalcin,0,3,3
Jaldah,0,3,3
Jaldert-Jetse,3,0,3
Jaldine,0,3,3
Jaldira,0,3,3
Jaldo,3,0,3
Jâle,0,3,3
Jalé,0,3,3
Jále,0,3,3
Jalea,0,3,3
Jaleäl,3,0,3
Jalean,0,3,3
Jaleasha,0,3,3
Jaleayah,0,3,3
Jalee,0,3,3
Jalee-all,0,3,3
Jalee-Ann,0,3,3
Jaléel,3,0,3
Jaleel-Amani,3,0,3
Jáleesa,0,3,3
Jaléesa,0,3,3
Jaleesa-Kym,0,3,3
Jaleësáh,0,3,3
Jaleesia,0,3,3
Jaleey,0,3,3
Jaleeze,0,3,3
Jaleiya,0,3,3
Jalekhagatoen,0,3,3
Jalele,3,0,3
Jalen-Mae,0,3,3
Jálena,0,3,3
Jalendra,3,0,3
Jalène,0,3,3
Jaleno,3,0,3
Jalensyo,3,0,3
Jalentino,3,0,3
Jaleny,0,3,3
Jaleo,3,0,3
Jalesh,3,0,3
Jalesio,3,0,3
Jalessia,0,3,3
Jalessio,3,0,3
Jalet,0,3,3
Jalety,0,3,3
Jalexa,0,3,3
Jaley-ann,0,3,3
Jaléyah,0,3,3
Jaleyah,0,3,3
Jaleyen,3,0,3
Jaléyna,0,3,3
Jalhana,0,3,3
Jália,0,3,3
Jalia,0,3,3
Jaliana,0,3,3
Jalicha,0,3,3
Jalicya,0,3,3
Jaliemoenniesa,0,3,3
Jalienko,3,0,3
Jaliënne,0,3,3
Jalies,0,3,3
Jaliesha,0,3,3
Jaliessa,0,3,3
Jalighio,3,0,3
Jaliha,0,3,3
Jalihya,0,3,3
Jalilioh,3,0,3
Jalilkhan,3,0,3
Jalima,0,3,3
Jalina-Marjet,0,3,3
Jalina-Rose,0,3,3
Jalinah,0,3,3
Jalinco,3,0,3
Jalinidevi,0,3,3
Jaliniho,3,0,3
Jalinka,0,3,3
Jaliny,0,3,3
Jalion,3,0,3
Jalisca,0,3,3
Jaliscia,0,3,3
Jalishia,0,3,3
Jalishna,0,3,3
Jalissa-James,0,3,3
Jalisse,0,3,3
Jalissia,0,3,3
Jalitza,0,3,3
Jaliva,0,3,3
Jalivio,3,0,3
Jäliya,0,3,3
Jáliyah,0,3,3
Jaliyah-Jade,0,3,3
Jaliyha,0,3,3
Jaliyza,0,3,3
Jalizza,0,3,3
Jalko,3,0,3
Jalla,0,3,3
Jallalddine,3,0,3
Jallanie,3,0,3
Jallaysa,0,3,3
Jalled,3,0,3
Jallel,3,0,3
Jallem,3,0,3
Jallesa,0,3,3
Jallet,3,0,3
Jallia,0,3,3
Jalliah,0,3,3
Jallil,3,0,3
Jallina,0,3,3
Jallisa,0,3,3
Jallisha,0,3,3
Jallissa,0,3,3
Jalliyah,0,3,3
Jallon,3,0,3
Jallyn,0,3,3
Jalmairo,3,0,3
Jalmard,3,0,3
Jalmo,3,0,3
Jalo,0,3,3
Jalonde,0,3,3
Jaloul,3,0,3
Jaluc,3,0,3
Jaluca,3,0,3
Jaluciano,3,0,3
Jaluka,3,0,3
Jalune,0,3,3
Jalvik,3,0,3
Jalvina,0,3,3
Jalvinio,3,0,3
Jalwa,0,3,3
Jalyano,3,0,3
Jalycia-Jana,0,3,3
Jalycio,3,0,3
Jalyk,0,3,3
Jalyntje,0,3,3
Jalyse,0,3,3
Jalyssa-Jayli,0,3,3
Jalysso,3,0,3
Jalyva,0,3,3
Jalyviann,0,3,3
Jalyza,0,3,3
Jamâ,0,3,3
Jamâa,0,3,3
Jamaâ,0,3,3
Jamaál,3,0,3
Jamaal-al-Din,3,0,3
Jamaalud-Deen,3,0,3
Jamaani,3,0,3
Jamaari,3,0,3
Jamaaro,3,0,3
Jamaca,0,3,3
Jamad,0,3,3
Jamada,0,3,3
Jamadie,3,0,3
Jamaé,3,0,3
Jamaeda,0,3,3
Jamaëla,0,3,3
Jamaene,0,3,3
Jamaes,3,0,3
Jamah,3,0,3
Jamahli,3,0,3
Jamahrah,0,3,3
Jamaïca,0,3,3
Jamaido,3,0,3
Jamaijro,3,0,3
Jamailå,0,3,3
Jamaila-Marly,0,3,3
Jamailia,0,3,3
Jamailla,0,3,3
Jamaïma,0,3,3
Jamáiné,0,3,3
Jamaino,3,0,3
Jamainy,3,0,3
Jamaique,0,3,3
Jamaïque,3,0,3
Jamaïra,0,3,3
Jámairah,0,3,3
Jamairey,0,3,3
Jamairho,3,0,3
Jamairi,0,3,3
Jamairisan,0,3,3
Jamairra,0,3,3
Jamairy,3,0,3
Jamaishersan,0,3,3
Jamaiyah,0,3,3
Jamaiyro,3,0,3
Jamàl,3,0,3
Jamál,3,0,3
Jamal-Ara,0,3,3
Jamal-Jay,3,0,3
Jamal-Malic,3,0,3
Jamal-Rasheed,3,0,3
Jamal-Ul-Din,3,0,3
Jamalayah,0,3,3
Jamale,3,0,3
Jamaleddin,3,0,3
Jamaleddine,3,0,3
Jamalhi,3,0,3
Jamall-Alexander,3,0,3
Jamaludeen,3,0,3
Jamaly,0,3,3
Jamana,0,3,3
Jamande,0,3,3
Jamandy,0,3,3
Jamanti,0,3,3
Jamaoen,0,3,3
Jamarah,0,3,3
Jamarcio,3,0,3
Jamarcus,3,0,3
Jamareau,3,0,3
Jamarey,3,0,3
Jamarith,0,3,3
Jamarro,3,0,3
Jamarthy,3,0,3
Jamasin,3,0,3
Jamawi,3,0,3
Jamayca,0,3,3
Jamayel,3,0,3
Jamayle,0,3,3
Jamaylee,0,3,3
Jamaylla,0,3,3
Jamaylli,0,3,3
Jamayo,3,0,3
Jamayrison,3,0,3
Jamayron,3,0,3
Jamayru,3,0,3
Jamaysa,0,3,3
Jamaysah,0,3,3
Jamayza,0,3,3
JAMBC,3,0,3
Jame-Lee,0,3,3
Jameäh,0,3,3
Jamecha,0,3,3
Jamécia,0,3,3
Jamed,3,0,3
Jameenah,0,3,3
Jameera,0,3,3
Jameerah,0,3,3
Jameeren,3,0,3
Jameh,0,3,3
Jameil,3,0,3
Jameila,0,3,3
Jameilla,0,3,3
Jamein,0,3,3
Jameka,0,3,3
Jămel,3,0,3
Jàmel,3,0,3
Jaméla,0,3,3
Jamelat,0,3,3
Jamélé,3,0,3
Jameliah,0,3,3
Jameliano,3,0,3
Jamelio,3,0,3
Jameliya,0,3,3
Jamèll,0,3,3
Jamèlla,0,3,3
Jamelleroy,3,0,3
Jamelli,3,0,3
Jamellie,3,0,3
Jamello,3,0,3
Jamelo,3,0,3
Jamelsa,0,3,3
Jamelsio,3,0,3
Jamely-Lee,0,3,3
Jamelya,0,3,3
Jamelyn,0,3,3
Jamelyna,0,3,3
Jamenika,0,3,3
Jameno,3,0,3
Jameny,3,0,3
Jameo,3,0,3
Jamera,0,3,3
Jaméro,3,0,3
James-Dean,3,0,3
James-Hendrik,3,0,3
James-Indy,3,0,3
James-Jayden,3,0,3
James-John,3,0,3
James-Phyllon,3,0,3
James-Rose,3,0,3
Jamesa,0,3,3
Jamesah,3,0,3
Jamese,0,3,3
Jamesha,0,3,3
Jamesia,0,3,3
Jameslee,3,0,3
Jamesley,3,0,3
Jamesphil,3,0,3
Jamesson,3,0,3
Jaméy,3,0,3
Jamey-Leigh,0,3,3
Jamey-Ley,0,3,3
Jamey-Tyler,3,0,3
Jameyero,3,0,3
Jameyl,3,0,3
Jameyne,3,0,3
Jameyon,3,0,3
Jameyra,0,3,3
Jameyro,3,0,3
Jameysie,0,3,3
JAMF,3,0,3
Jami-Lee,0,3,3
Jami-Lynn,0,3,3
Jamiah,3,0,3
Jamial,3,0,3
Jamica,0,3,3
Jamice,3,0,3
Jamicha,0,3,3
Jamico,3,0,3
Jamid,3,0,3
Jamié,3,0,3
Jamíe,3,0,3
Jamie-Abigail,0,3,3
Jamie-Amber,0,3,3
Jamie-Dawn,0,3,3
Jamie-Dean,3,0,3
Jamie-Dee,0,3,3
Jamie-Faith,0,3,3
Jamie-Gina,0,3,3
Jamie-Joe,3,0,3
Jamie-Justin,3,0,3
Jamie-Ley,0,3,3
Jamie-Li,3,0,3
Jamie-Linn,0,3,3
Jamie-Lotte,0,3,3
Jamie-Lynne,0,3,3
Jamie-Moreno,3,0,3
Jamie-Naish,3,0,3
Jamie-Niels,3,0,3
Jamie-Stefany,0,3,3
Jamie-Yaiden,3,0,3
Jamieca,0,3,3
Jamieke,0,3,3
Jamielagatoen,0,3,3
JamieLee,0,3,3
Jamielee,0,3,3
Jamieleh,0,3,3
Jamiëll,3,0,3
Jamiella,0,3,3
Jamiëlle,0,3,3
Jamielo,3,0,3
Jamielyn,0,3,3
Jamienne,0,3,3
Jamieraell,0,3,3
Jamiesha,0,3,3
Jamihna,0,3,3
Jamii,0,3,3
Jamiila,0,3,3
Jamijn,0,3,3
Jamïl,3,0,3
Jamil-Benjamin,3,0,3
Jamila-Noortje,0,3,3
Jamilakhatoen,0,3,3
Jamilan,3,0,3
Jamilangelo,3,0,3
Jamilata,0,3,3
Jamilatu,0,3,3
Jamilda,0,3,3
Jamildon,3,0,3
Jamilean,3,0,3
Jamileè,0,3,3
Jamileeha-Dolores,0,3,3
Jamiler,0,3,3
Jamileth,0,3,3
Jamiliah,0,3,3
Jamiliò,3,0,3
Jamilkhan,3,0,3
Jamill-Anne,0,3,3
Jamill-Anthony,3,0,3
Jamillatu,0,3,3
Jamillé,0,3,3
Jamilley,0,3,3
Jamilliah,0,3,3
Jamilyana,0,3,3
Jamilyo,3,0,3
Jaminagatoen,0,3,3
Jaminah,0,3,3
Jaminie,0,3,3
Jaminiesha,0,3,3
Jaminke,0,3,3
Jaminske,0,3,3
Jaminson,3,0,3
Jaminta,0,3,3
Jamintha,0,3,3
Jaminu,3,0,3
Jamiqua,3,0,3
Jamique,0,3,3
Jamirho,3,0,3
Jamirico,3,0,3
Jamiriën,0,3,3
Jamirio,3,0,3
Jamirka,0,3,3
Jámiro,3,0,3
Jamiroqay,3,0,3
Jamirte,0,3,3
Jamisa,0,3,3
Jamiska,0,3,3
Jamisson,3,0,3
Jamiy,3,0,3
Jamiya,0,3,3
Jamiyah,3,0,3
Jamiyan,3,0,3
Jamiz,3,0,3
Jamm,3,0,3
Jammaal,3,0,3
Jammah,0,3,3
Jammel,3,0,3
Jammila,0,3,3
Jammillah,0,3,3
Jammillia,0,3,3
Jammin,3,0,3
Jammuna,0,3,3
Jammyl,3,0,3
Jamnapersad,3,0,3
Jamnongluk,3,0,3
Jamona,0,3,3
Jamoné,0,3,3
Jamone,0,3,3
Jamora,0,3,3
Jamorè-Jarè,3,0,3
Jamory,3,0,3
Jamos,3,0,3
JAMP,3,0,3
Jampa,3,0,3
Jampal,3,0,3
Jampke,0,3,3
Jamrey,3,0,3
Jams,3,0,3
Jamshad,0,3,3
Jamsheed,3,0,3
Jamshied,3,0,3
Jamsiano,3,0,3
Jamte,0,3,3
Jamuel,3,0,3
Jamuell,3,0,3
Jamuëll,3,0,3
Jamuga,3,0,3
Jamukha,3,0,3
Jamunha,0,3,3
Jamuni,0,3,3
Jamurissa,0,3,3
Jamy-Aal,0,3,3
Jamy-Delaney,0,3,3
Jamy-Joëlla,0,3,3
Jamy-Joy,0,3,3
Jamy-leigh,0,3,3
Jamy-Leigh,0,3,3
Jamy-Lie,0,3,3
Jamyal,3,0,3
Jamye,3,0,3
Jamyen,3,0,3
Jamyën,3,0,3
Jamyka,3,0,3
Jamyko,3,0,3
Jamyle,3,0,3
Jamylia,0,3,3
Jamyr,3,0,3
Jamyrell,3,0,3
Jamysia,0,3,3
Jan's,0,3,3
Jan-,3,0,3
Jan--Jelte,3,0,3
Jan-Aaldert,3,0,3
Jan-Aarnoud,3,0,3
Jan-Ab,3,0,3
Jan-Abdil,3,0,3
Jan-Adam,3,0,3
Jan-Aldert,3,0,3
Jan-Aldrick,3,0,3
Jan-Alex,3,0,3
Jan-Algimantas,3,0,3
Jan-Alix,3,0,3
Jan-Allard,3,0,3
Jan-Alle,3,0,3
Jan-Amos,3,0,3
Jan-Anthonie,3,0,3
Jan-Anthony,3,0,3
Jan-Antoin,3,0,3
Jan-Antonie,3,0,3
Jan-Antonius,0,3,3
Jan-Ard,3,0,3
Jan-Arent,3,0,3
Jan-Arjo,3,0,3
Jan-Arnoud,3,0,3
Jan-Arnout,3,0,3
Jan-Arnt,3,0,3
Jan-Auwke,3,0,3
Jan-Bartel,3,0,3
Jan-Bastiaansz,3,0,3
Jan-Benjamin,3,0,3
Jan-Berk,3,0,3
Jan-Bernhard,3,0,3
Jan-Bertram,3,0,3
Jan-Boaz,3,0,3
Jan-Bob,3,0,3
Jan-Bodi,3,0,3
Jan-Bonne,3,0,3
Jan-Bort,3,0,3
Jan-bos,3,0,3
Jan-Boudewijn,3,0,3
Jan-Bouke,3,0,3
Jan-Bouwen,3,0,3
Jan-Burkhard,3,0,3
Jan-Carlo,3,0,3
Jan-Carmen,0,3,3
Jan-Casper,3,0,3
Jan-Christiano,3,0,3
Jan-Christo,3,0,3
Jan-Cor,3,0,3
Jan-Corneel,3,0,3
Jan-Cornelius,0,3,3
Jan-Daniel,3,0,3
Jan-Dave,3,0,3
Jan-Dennis,3,0,3
Jan-Derrick,3,0,3
Jan-Diderik,3,0,3
Jan-Dieter,3,0,3
Jan-Dietert,3,0,3
Jan-Diether,3,0,3
Jan-Dinand,3,0,3
Jan-Dito,3,0,3
Jan-Doeke,3,0,3
Jan-Dominicus,3,0,3
Jan-Douwes,3,0,3
Jan-Ebele,3,0,3
Jan-Eddo,3,0,3
Jan-Edgar,3,0,3
Jan-Edo,3,0,3
Jan-Edwin,3,0,3
Jan-Eelco,3,0,3
Jan-Eidse,3,0,3
Jan-Eise,3,0,3
Jan-Eize,3,0,3
Jan-Elger,3,0,3
Jan-Elize,3,0,3
Jan-Elto,3,0,3
Jan-Emiel,3,0,3
Jan-Engel,3,0,3
Jan-Enne,3,0,3
Jan-Erick,3,0,3
Jan-Ernest,3,0,3
Jan-Ethan,3,0,3
Jan-Euwe,3,0,3
Jan-Fedde,3,0,3
Jan-Feddo,3,0,3
Jan-Felix,3,0,3
Jan-Filip,3,0,3
Jan-Flip,3,0,3
Jan-Floren,3,0,3
Jan-Floris,3,0,3
Jan-Florus,3,0,3
Jan-Fokke,3,0,3
Jan-Franke,3,0,3
Jan-frans,3,0,3
Jan-Freek,3,0,3
Jan-Freerk,3,0,3
Jan-Frens,3,0,3
Jan-Gauke,3,0,3
Jan-Gé,3,0,3
Jan-Geart,3,0,3
Jan-Georg,3,0,3
Jan-Gerardus,3,0,3
Jan-Gerlof,3,0,3
Jan-Gerritszoon,3,0,3
Jan-Geurt,3,0,3
Jan-Gideon,3,0,3
Jan-Giel,3,0,3
Jan-Gijsbert,3,0,3
Jan-Gijsbertus,3,0,3
Jan-Gosse,3,0,3
Jan-Gossen,3,0,3
Jan-Guillaume,3,0,3
Jan-Guus,3,0,3
Jan-Han,3,0,3
Jan-Harry,3,0,3
Jan-Haye,3,0,3
Jan-Heero,3,0,3
Jan-Heiko,3,0,3
Jan-Heimen,3,0,3
Jan-Henderikus,3,0,3
Jan-Henri,3,0,3
Jan-Henrick,3,0,3
Jan-Henrike,0,3,3
Jan-herman,3,0,3
Jan-Hero,3,0,3
Jan-Hilbrand,3,0,3
Jan-Hinderk,3,0,3
Jan-Hiske,3,0,3
Jan-Hommo,3,0,3
Jan-Huib,3,0,3
Jan-Huub,3,0,3
Jan-Huug,3,0,3
Jan-Ido,3,0,3
Jan-Ids,3,0,3
Jan-Idwer,3,0,3
Jan-Iemke,3,0,3
Jan-IJnze,3,0,3
Jan-Ipo,3,0,3
Jan-Jacco,3,0,3
Jan-jacob,3,0,3
Jan-Jacobus,3,0,3
Jan-Jacques,3,0,3
Jan-Jakko,3,0,3
Jan-Jakop,3,0,3
Jan-Jannes,3,0,3
Jan-Jannick,3,0,3
Jan-Jantinus,3,0,3
Jan-Jarko,3,0,3
Jan-Jaurie,3,0,3
Jan-Jelke,3,0,3
Jan-Jelles,3,0,3
Jan-Jetse,3,0,3
Jan-Jetze,3,0,3
Jan-Ji,0,3,3
Jan-Jilt,3,0,3
Jan-Jisse,3,0,3
Jan-Jits,3,0,3
Jan-Jo,3,0,3
Jan-Jochum,3,0,3
Jan-Joël,3,0,3
Jan-Joeran,3,0,3
Jan-Joery,3,0,3
Jan-Jogchum,3,0,3
Jan-Jonne,3,0,3
Jan-Joos,3,0,3
Jan-Jorg,3,0,3
Jan-Jörgen,3,0,3
Jan-Jorik,3,0,3
Jan-Julian,3,0,3
Jan-Julio,3,0,3
Jan-Jurien,3,0,3
Jan-Jurriaan,3,0,3
Jan-Jurriën,3,0,3
Jan-Justin,3,0,3
Jan-Karlo,3,0,3
Jan-Kees-Maarten,3,0,3
Jan-Kiers,3,0,3
Jan-Ko,3,0,3
Jan-Koen,3,0,3
Jan-Koene,3,0,3
Jan-Koob,3,0,3
Jan-Krijn,3,0,3
Jan-Lambertus,3,0,3
Jan-Laurensz,3,0,3
Jan-Leen,3,0,3
Jan-Lieuwe,3,0,3
Jan-Lieven,3,0,3
Jan-Ling,3,0,3
Jan-Ludolf,3,0,3
Jan-Luit,3,0,3
Jan-Luite,3,0,3
Jan-Luka,3,0,3
Jan-Lukas,3,0,3
Jan-Marchines,3,0,3
Jan-Marco,3,0,3
Jan-Marcus,3,0,3
Jan-Marien,3,0,3
Jan-Marius,3,0,3
Jan-Marne,3,0,3
Jan-Marnik,3,0,3
Jan-Mathéus,3,0,3
Jan-Mathieu,3,0,3
Jan-Matijn,3,0,3
Jan-Mattheüs,3,0,3
Jan-Mattheus,3,0,3
Jan-Maurice,3,0,3
Jan-Maurijn,3,0,3
Jan-Max,3,0,3
Jan-Maxim,3,0,3
Jan-Meijndert,3,0,3
Jan-Meile,3,0,3
Jan-Meine,3,0,3
Jan-Mendelt,3,0,3
Jan-Merijn,3,0,3
Jan-Mets,3,0,3
Jan-Michał,3,0,3
Jan-Mihai,3,0,3
Jan-Mindert,3,0,3
Jan-Minte,3,0,3
Jan-na,3,0,3
Jan-Nic,3,0,3
Jan-Nickolas,3,0,3
Jan-Nico,3,0,3
Jan-Noël,3,0,3
Jan-Okko,3,0,3
Jan-Ole,3,0,3
Jan-Olov,3,0,3
Jan-Oosting,3,0,3
Jan-Ouko,3,0,3
Jan-Pascal,3,0,3
Jan-Patrick,3,0,3
Jan-paul,3,0,3
Jan-Paulus,3,0,3
Jan-Pim,3,0,3
Jan-Piter,3,0,3
Jan-Pjotr,3,0,3
Jan-Poul,3,0,3
Jan-Pruisja,3,0,3
Jan-Quintus,3,0,3
Jan-Ray,3,0,3
Jan-Reijer,3,0,3
Jan-Reimer,3,0,3
Jan-Reindert,3,0,3
Jan-Reinier,3,0,3
Jan-Remco,3,0,3
Jan-Remko,3,0,3
Jan-René,3,0,3
Jan-Rengenier,3,0,3
Jan-Renno,3,0,3
Jan-Richter,3,0,3
Jan-Rico,3,0,3
Jan-Riemer,3,0,3
Jan-Rien,3,0,3
Jan-Rienk,3,0,3
Jan-Rijk,3,0,3
Jan-Rijken,3,0,3
Jan-Rik,3,0,3
Jan-Rikke,3,0,3
Jan-Rinse,3,0,3
Jan-Rinus,3,0,3
Jan-Rinze,3,0,3
Jan-Roeland,3,0,3
Jan-roelof,3,0,3
Jan-Roland,3,0,3
Jan-Roman,3,0,3
Jan-Ronnie,3,0,3
Jan-Roode,3,0,3
Jan-Rowald,3,0,3
Jan-Ruurt,3,0,3
Jan-Samuel,3,0,3
Jan-Santino,3,0,3
Jan-Sebastian,3,0,3
Jan-Sem,3,0,3
Jan-Siebe,3,0,3
Jan-Siegfried,3,0,3
Jan-Sieko,3,0,3
Jan-Sietze,3,0,3
Jan-Sikke,3,0,3
Jan-Stienus,3,0,3
Jan-Sybrand,3,0,3
Jan-Sybren,3,0,3
Jan-Taco,3,0,3
Jan-Taeke,3,0,3
Jan-Thedo,3,0,3
Jan-Thei,3,0,3
Jan-Theodoor,3,0,3
Jan-Theodorus,3,0,3
Jan-Thije,3,0,3
Jan-Thijn,3,0,3
Jan-Thyme,3,0,3
Jan-Tibbe,3,0,3
Jan-Tiddo,3,0,3
Jan-Tiede,3,0,3
Jan-Tieme,3,0,3
Jan-Tijn,3,0,3
Jan-Tijo,3,0,3
Jan-Tijs,3,0,3
Jan-Timo,3,0,3
Jan-tine,0,3,3
Jan-Tino,3,0,3
Jan-Tiny,3,0,3
Jan-Titus,3,0,3
Jan-Tjalling,3,0,3
Jan-Tjibbe,3,0,3
Jan-Tjits,3,0,3
Jan-Tjitte,3,0,3
Jan-Tycho,3,0,3
Jan-Tymen,3,0,3
Jan-Ugo,3,0,3
Jan-Ulf,3,0,3
Jan-Ulko,3,0,3
Jan-Vincent,3,0,3
Jan-Viraj,3,0,3
Jan-Volkert,3,0,3
Jan-Wander,3,0,3
Jan-Ward,3,0,3
Jan-Warner,3,0,3
Jan-Warntjo,3,0,3
Jan-Wâtse,3,0,3
Jan-Watse,3,0,3
Jan-Watze,3,0,3
Jan-Weert,3,0,3
Jan-Wigbold,3,0,3
Jan-Wijbrand,3,0,3
Jan-Wijbren,3,0,3
Jan-Wijtze,3,0,3
Jan-Wilfried,3,0,3
Jan-Wilke,3,0,3
Jan-William,3,0,3
Jan-Wilmar,3,0,3
Jan-Wobbe,3,0,3
Jan-Wout,3,0,3
Jan-Wybrand,3,0,3
Jan-Wycher,3,0,3
Jan-Xander,3,0,3
Jan-Yde,3,0,3
Jan-Yie,0,3,3
Jan-Ype,3,0,3
Jan-Ytsen,3,0,3
Jan-Yvar,3,0,3
Jan-Ze,0,3,3
Jan-Zeger,3,0,3
Jána,0,3,3
Jana-Desiree,0,3,3
Jana-Ina,0,3,3
Jana-Yasmina,0,3,3
Janaagje,3,0,3
Janaalzen,3,0,3
Janaath,3,0,3
Janacy,0,3,3
Janada,0,3,3
Janadi,0,3,3
Janaè,0,3,3
Janaë,0,3,3
Janae'Leah,0,3,3
Janae'v,0,3,3
Janaeden,3,0,3
Janaedy,3,0,3
Janaeh,0,3,3
Janaël,3,0,3
Janaéla,0,3,3
Janaell,0,3,3
Janagan,3,0,3
Janaia,0,3,3
Janaiayo,3,0,3
Janaicas,3,0,3
Janaicka,0,3,3
Janaida,0,3,3
Janaie,0,3,3
Janaifa,0,3,3
Janaih,0,3,3
Janaija,0,3,3
Janaïka,0,3,3
Janaila,0,3,3
Janailah,0,3,3
Janailey,0,3,3
Janailly,0,3,3
Janaima,0,3,3
Janaïra,0,3,3
Janaire,0,3,3
Janais,0,3,3
Janaisah,0,3,3
Janäise,0,3,3
Janaiska,0,3,3
Janaissa,0,3,3
Janaiv,0,3,3
Janak,3,0,3
Janakdewsing,3,0,3
Janakee,0,3,3
Jànal,3,0,3
Janalbert,3,0,3
Janali,3,0,3
Janalissa,0,3,3
Janaliza,0,3,3
Janalke,3,0,3
Janaly,0,3,3
Janamang,3,0,3
Janane,0,3,3
Jananiya,0,3,3
Jananja,0,3,3
Jananka,0,3,3
Jananna,0,3,3
Jananton,3,0,3
Janany,3,0,3
Janara,0,3,3
Janardan,3,0,3
Janardo,3,0,3
Janarend,3,0,3
JanArend,3,0,3
Janarie,3,0,3
Janaro,3,0,3
Janarthana,0,3,3
Janary,0,3,3
Janaska,0,3,3
Janasta,0,3,3
Janathe,0,3,3
Janatie,0,3,3
Janau,3,0,3
Janax,3,0,3
Janayiah,0,3,3
Janaylee,0,3,3
Janayli,0,3,3
Janayon,3,0,3
Janaysah,0,3,3
Janaysca,0,3,3
Janaysha,0,3,3
Janbar,3,0,3
Janbarend,3,0,3
Janber,3,0,3
Janberd,3,0,3
Janbernard,3,0,3
Janbos,3,0,3
Janboy,3,0,3
Janbrecht,3,0,3
Jancela,0,3,3
Jancey,0,3,3
Janché,0,3,3
Janche,3,0,3
Janci,3,0,3
Jancintha,0,3,3
Jancka,0,3,3
Jancob,3,0,3
Jancobus,3,0,3
Jancoen,3,0,3
Jancorla,0,3,3
Jancques,3,0,3
Jancu,0,3,3
Jand,3,0,3
Jandal,3,0,3
Jandall,3,0,3
Jandaniël,3,0,3
Jandauwe,3,0,3
Jandavid,3,0,3
Jandé,3,0,3
Jandhirio,3,0,3
Jandien,0,3,3
Jandike,0,3,3
Jandirkje,0,3,3
Jandish,3,0,3
Jandjaja,3,0,3
Jandl,0,3,3
Jandor,3,0,3
Jandoura,0,3,3
Jandrea,0,3,3
Jandri,0,3,3
Jandrica,0,3,3
Jandrick,3,0,3
Jandrinho,3,0,3
Jandry,3,0,3
Jáne,0,3,3
Jâne,0,3,3
Jane-Anne,0,3,3
Jane-Arall,0,3,3
Jane-Éva,0,3,3
Jane-Louisa,0,3,3
Jane-Louise,0,3,3
Jane-Mijntje,0,3,3
Jane-naley,0,3,3
Jane-nina,0,3,3
Jane-Noëlla,0,3,3
Janeaidis,0,3,3
Janeall,3,0,3
Janealy,0,3,3
Janeasa,0,3,3
Janeate,0,3,3
Janed,0,3,3
Janedey,0,3,3
Janedrikson,3,0,3
Janeeca,0,3,3
Janeed,3,0,3
Janeel,3,0,3
Janeëmi,0,3,3
Janeesha,0,3,3
Janeësha,0,3,3
Janeet,0,3,3
Janefey,0,3,3
Janegie,0,3,3
Janegriet,0,3,3
Janegy,0,3,3
Janeice,0,3,3
Janeicy,0,3,3
Janeih,0,3,3
Janeill,0,3,3
Janeilly,0,3,3
Janeily,0,3,3
Janéiro,3,0,3
Jãneiro,3,0,3
Janeisi,0,3,3
Janeïssa,0,3,3
Janekijn,0,3,3
Janël,0,3,3
Janél,0,3,3
Janel-Mari,0,3,3
Janelfa,3,0,3
Janeli,3,0,3
Janelie,0,3,3
Janelien,0,3,3
Janelies,0,3,3
Janelin,0,3,3
Janeline,0,3,3
Janelio,3,0,3
Janelis,0,3,3
Janéll,0,3,3
Janellah,0,3,3
Jänelle,0,3,3
Janelleke,0,3,3
Janelli,0,3,3
Janels,3,0,3
Janelson,3,0,3
Janeltjes,3,0,3
Janély,0,3,3
Janelyn,0,3,3
Janemie,0,3,3
Janemieke,0,3,3
Janenaisa,0,3,3
Janenally,0,3,3
Janenco,3,0,3
Janenely,0,3,3
Janeni,0,3,3
Janenita,0,3,3
Janenk,3,0,3
Janenka,0,3,3
Janenko,3,0,3
Janenkumar,3,0,3
Janeo,3,0,3
Janera,0,3,3
Janéra,0,3,3
Janeri,0,3,3
Janerice,0,3,3
Janerino,3,0,3
Janero-Javall,3,0,3
Janerry,0,3,3
Janerynno,3,0,3
Janesey,0,3,3
Janeseylin,0,3,3
Janeshca,0,3,3
Janesley,0,3,3
Janesse,0,3,3
Janessy,0,3,3
Janesta,0,3,3
Janesto,3,0,3
Jânet,0,3,3
Janet-Ann,0,3,3
Janet-Jade,0,3,3
Janet-Joyce,0,3,3
Janet-Lee,0,3,3
Janet-Leigh,0,3,3
Janetaly,0,3,3
Janethe,0,3,3
Janetine,0,3,3
Janètte,0,3,3
Janewa,0,3,3
Jańey,0,3,3
Janey'Lee,0,3,3
Janey-Leigh,0,3,3
Janey-Lynn,0,3,3
Janeyda,0,3,3
Janeye,0,3,3
Janeyfa,0,3,3
Janeymar,0,3,3
Janeymo,3,0,3
Janeyro,3,0,3
Janeyson,3,0,3
Janfer,3,0,3
Janfloris,3,0,3
Janfolkert,3,0,3
Janfong,0,3,3
Janfranco,3,0,3
Janfri,3,0,3
Janfrits,3,0,3
Jang-Lei,0,3,3
Jang-Tjong,3,0,3
Jangar,3,0,3
Jangchub,3,0,3
Jangeert,3,0,3
Jangelien,0,3,3
Jangelo,3,0,3
Jangerrit,3,0,3
Janghir,3,0,3
Jangina,0,3,3
Jangizgan,3,0,3
Jangla,0,3,3
Jangmu,3,0,3
Janharmen,3,0,3
Janhen,0,3,3
JanHendrik,3,0,3
Janherman,3,0,3
Janhermen,3,0,3
Janhilligje,0,3,3
Janhuib,3,0,3
Janian,3,0,3
Jánic,3,0,3
Janice-Jane,0,3,3
Janicely,0,3,3
Janicesha,0,3,3
Jänicia,0,3,3
Janicio,3,0,3
Janička,3,0,3
Janid,3,0,3
Janie-Lee,0,3,3
Janiecka,0,3,3
Janiefa,0,3,3
Janiekke,0,3,3
Jañiel,3,0,3
Janiele,0,3,3
Janiella,0,3,3
Janiëlla,0,3,3
Janiello,3,0,3
Janiels,3,0,3
Janiën,0,3,3
Janiena,0,3,3
Janienca,0,3,3
Janiene-Kobie,0,3,3
Janienne,0,3,3
Janientje,0,3,3
Janiër,3,0,3
Janier,0,3,3
Janiero,3,0,3
Janiesha,0,3,3
Janieske,0,3,3
Janieskje,0,3,3
Janiët,0,3,3
Janiete,0,3,3
Janiev,3,0,3
Janieve,0,3,3
Janigua,0,3,3
Janihro,3,0,3
Janija,0,3,3
Janijn,0,3,3
Janíka,0,3,3
Janilde,0,3,3
Janildo,3,0,3
Janileé,0,3,3
Janilexs,0,3,3
Janilho,3,0,3
Janilïa,0,3,3
Janilischa,0,3,3
Janilly,0,3,3
Janilse,0,3,3
Janilton,3,0,3
Janilz,3,0,3
Janime,0,3,3
Janinah,0,3,3
Janincka,0,3,3
Janine-Christel,0,3,3
Janine-Marie,0,3,3
Janine-Trude,0,3,3
Janiňio,3,0,3
Janinio,3,0,3
Janinja,0,3,3
Janiño,3,0,3
Janiny,0,3,3
Janior,3,0,3
Janipha,0,3,3
Janiq,0,3,3
Jánique,3,0,3
Janiqué,3,0,3
Janiquella,0,3,3
Janirellys,0,3,3
Janirro,3,0,3
Jänis,0,3,3
Janïs,3,0,3
Janis-Edmee,0,3,3
Janisah,0,3,3
Jänise,0,3,3
Janishia,0,3,3
Janishio,3,0,3
Janisian,0,3,3
Janisio,3,0,3
Janisse,0,3,3
Janissey,0,3,3
Janit,3,0,3
Janita-Marije,0,3,3
Janitadevi,0,3,3
Janitcia,0,3,3
Janitia,0,3,3
Janitra,3,0,3
Janitsa,0,3,3
Janitte,0,3,3
Janius,3,0,3
Janivar,0,3,3
Janivia,0,3,3
Janiviene,0,3,3
Janiviënska,0,3,3
Janiza,0,3,3
Janizah,0,3,3
JanJaap,3,0,3
JanJacob,3,0,3
Janjacq,3,0,3
Janjakob,3,0,3
Janjana,0,3,3
Janjappe,3,0,3
Janjarre,3,0,3
Janje,0,3,3
Janjetta,0,3,3
Janji,3,0,3
Janjic,0,3,3
Janjimco,3,0,3
Janjira,0,3,3
Janjob,3,0,3
Janjorgen,3,0,3
Janjouke,3,0,3
Janjuan,3,0,3
Janjulius,3,0,3
Janjullius,3,0,3
Janjurjen,3,0,3
Janjurrie,3,0,3
Jankayla,3,0,3
Janké,0,3,3
Janke-Liena,0,3,3
Janke-Marije,0,3,3
Janke-Renée,0,3,3
Janke-Riemke,0,3,3
JanKees,3,0,3
Jankeessen,3,0,3
Jankeman,0,3,3
Jankes,3,0,3
Jankhana,0,3,3
Jankhiek,3,0,3
Jankhim,3,0,3
Jankiedebie,0,3,3
Jankienus,3,0,3
Jankising,3,0,3
Janklaas,3,0,3
Janknegt,3,0,3
Jánko,3,0,3
Jankobien,0,3,3
Jankoffeman,3,0,3
Jankorrien,0,3,3
Janlaurens,3,0,3
Janlee,0,3,3
Janleen,3,0,3
Janley,3,0,3
Janlie,0,3,3
Janlijn,0,3,3
Janline,0,3,3
Janlinio,3,0,3
Janlourens,3,0,3
Janluka,3,0,3
Janmarinus,3,0,3
Janmartijn,3,0,3
Janmartin,3,0,3
Janmathijs,3,0,3
Janmendelt,3,0,3
Janmiek,3,0,3
Janmieke,0,3,3
Janmolenaar,3,0,3
Janmy,0,3,3
Jann-Alley,0,3,3
Jann-Anthe,3,0,3
Jann-Willemijn,0,3,3
Janna-Aleida,0,3,3
Janna-Femme,0,3,3
Janna-Francis,0,3,3
Janna-Grietje,0,3,3
Janna-Hendrika,0,3,3
Janna-Johanna,0,3,3
Janna-Marije,0,3,3
Janna-Marte,0,3,3
Janna-Mayra,0,3,3
Janna-Mieke,0,3,3
Janna-Mieneke,0,3,3
Janna-Popko,0,3,3
Janna-Rika,0,3,3
Janna-Rixt,0,3,3
Janna-rosa,0,3,3
Janna-Tasja,0,3,3
Janna-Tea,0,3,3
Janna-Trientje,0,3,3
Janna-Wietske,0,3,3
Jannaa-Wan,0,3,3
Jannabeth,0,3,3
Jannaday,0,3,3
Jannagelske,0,3,3
Jannaht,0,3,3
Jannahti,0,3,3
Jannaika,0,3,3
Jannaïro,3,0,3
Jannali,0,3,3
Jannaliene,0,3,3
Jannalina,0,3,3
Jannalynn,0,3,3
Jannamarrie,0,3,3
Jannamei,0,3,3
Jannamieke,0,3,3
Jannandra,0,3,3
Jannanette,0,3,3
Jannarike,0,3,3
Jannat-un-Nisa,0,3,3
Jannata,0,3,3
Jannatdeep,0,3,3
Jannatul,0,3,3
Jannay,3,0,3
Jannaya,0,3,3
Jannayla,0,3,3
Jannayra,0,3,3
Janne-Adrie,0,3,3
Janne-Beau,0,3,3
Janne-Elberta,0,3,3
Janne-Gre,0,3,3
Janne-Jet,0,3,3
Janne-Lieve,0,3,3
Janne-Maaike,0,3,3
Janne-Machteld,0,3,3
Janne-Mae,0,3,3
Janne-Maike,0,3,3
Janne-Marchien,0,3,3
Janne-Mare,0,3,3
Janne-Margo,0,3,3
Janne-Margriet,0,3,3
Janne-Marijke,0,3,3
Janne-Marissa,0,3,3
Janne-Marrije,0,3,3
Janne-Marte,0,3,3
Janne-Meije,0,3,3
Janne-Meike,0,3,3
Janne-Pauline,0,3,3
Janne-Pieke,0,3,3
Janne-Rins,0,3,3
Janne-Roos,0,3,3
Janne-Rosa,0,3,3
Janne-Sophie,0,3,3
Janne-Thijsje,0,3,3
Janne-Willemijn,0,3,3
Jannear,3,0,3
Janneatte,0,3,3
Jannebeth,0,3,3
Jannechie,0,3,3
Jannechiena,0,3,3
Jannefer,0,3,3
Jannefrank,0,3,3
Jannegé,0,3,3
Jannege,0,3,3
Jannegiena,0,3,3
Jannegiene,0,3,3
Jannegienus,3,0,3
Jannegine,0,3,3
Jannegouw,0,3,3
Janneiro,3,0,3
Jannejoleine,0,3,3
Janneke-Dirkje,0,3,3
Janneke-Georgie,0,3,3
Janneke-Marieke,0,3,3
Janneke-Sanne,0,3,3
Jannekes,3,0,3
Jannekien,0,3,3
Jannekijn,0,3,3
Jannekje,0,3,3
Jannekke,0,3,3
Jannèl,0,3,3
Jannela,0,3,3
Janneleen,0,3,3
Janneleentje,0,3,3
Jannelena,0,3,3
Jannelica,0,3,3
Janneliene,0,3,3
Jannelies-Liesanne,0,3,3
Jannelieve,0,3,3
Jannelijn,0,3,3
Jannelin,0,3,3
Jannelina,0,3,3
Jannelineke,0,3,3
Jannelis,3,0,3
Jannelize,0,3,3
Jannell,3,0,3
Janneloes,0,3,3
Jannemaij,0,3,3
Jannemar,3,0,3
Jannemarein,0,3,3
Jannemarthe,0,3,3
Jannemein,0,3,3
Jannemeinske,0,3,3
Jannemiena,0,3,3
Jannemij,0,3,3
Jannemije,0,3,3
Jannemijntje,0,3,3
Jannemis,0,3,3
Jannen,3,0,3
Jannenique,0,3,3
Jannens,3,0,3
Jannepaul,0,3,3
Jannephine,0,3,3
Jannerie,0,3,3
Janneriek,0,3,3
Jannerike,0,3,3
Jannès,3,0,3
Jannes-Derk,3,0,3
Jannes-Harmannus,3,0,3
Jannes-Willem,3,0,3
Jannesha,0,3,3
Jannesiena,0,3,3
Jannesjan,3,0,3
Jannessa,0,3,3
Jannessina,0,3,3
Jannesta,0,3,3
Jannèt,0,3,3
Janneta,0,3,3
Jannetjackson,0,3,3
Jannétje,0,3,3
Jannetje-Anna,0,3,3
Jannetje-Geertje,0,3,3
Jannett,0,3,3
Jannétte,0,3,3
Jannètte,0,3,3
Jannètthe,0,3,3
Jannetthe,0,3,3
Jannetti,0,3,3
Jannéttsy,0,3,3
Jannety,0,3,3
Jannetze,0,3,3
Jannevienne,0,3,3
Jannewil,0,3,3
Jannewim,3,0,3
Jannex,3,0,3
Janney,0,3,3
Jannez,3,0,3
Jannia,0,3,3
Jannicce,0,3,3
Jánnice,0,3,3
Jannickas,3,0,3
Jannida,0,3,3
Jannie-Annette,0,3,3
Jannie-Elisabeth,0,3,3
Jannie-Michelle,0,3,3
Jannie-Nelly,0,3,3
Jannie-Nienke,0,3,3
Janniebe,0,3,3
Janniece,0,3,3
Jannieco,0,3,3
Jannieffa,0,3,3
Janniell,3,0,3
Jannieneke,0,3,3
Jannienne,0,3,3
Jannieque,0,3,3
Jannieze,0,3,3
Jannighje,0,3,3
Jannigien,0,3,3
Jannigje-Hendrina,0,3,3
Jannikke,0,3,3
Jannilla,0,3,3
Jannillio,3,0,3
Jannillo,3,0,3
Jannineke,0,3,3
Janning,3,0,3
Janninus,3,0,3
Janniq,3,0,3
Janniree,0,3,3
Jannirée,0,3,3
Jannisa,0,3,3
Jannise,0,3,3
Jannisja,0,3,3
Jannista,0,3,3
Jannite,0,3,3
Jannitjic,0,3,3
Jannito,3,0,3
Jannitte,0,3,3
Janniver,3,0,3
Jannna,0,3,3
Jannnetje,0,3,3
Jannnigje,0,3,3
Janno-Paul,3,0,3
Jannoe,3,0,3
Jannoeck,3,0,3
Jannoeke,0,3,3
Jannoëll,3,0,3
Jannoesjka,0,3,3
Jannoh,3,0,3
Jannol,3,0,3
Jannörken,0,3,3
Jannousch,0,3,3
Jannoy,3,0,3
Jannuël,3,0,3
Jannum,3,0,3
Jannusch,3,0,3
Jannutje,3,0,3
Jannÿ,0,3,3
Janny-Dirkje,0,3,3
Janny-Ineke,0,3,3
Jannya,0,3,3
Jannyca,0,3,3
Jannycke,0,3,3
Jannyl,3,0,3
Jannyla,0,3,3
Jannylla,0,3,3
Jannynke,0,3,3
Jannyno,3,0,3
Jannyray,0,3,3
Jannys,0,3,3
Jannysha,0,3,3
Jannytha,0,3,3
Jannyvienne,0,3,3
Jaño,3,0,3
Janoá,3,0,3
Janoä,0,3,3
Janoach,3,0,3
Janoáh,3,0,3
Janoch,3,0,3
Janocha,3,0,3
Janoeah,3,0,3
Janoeck,0,3,3
Janoeke,0,3,3
Janoel,3,0,3
Janoël,0,3,3
Janoëlla,0,3,3
Janoesca,0,3,3
Janoh,3,0,3
Janoir,3,0,3
Janokke,0,3,3
Janoko,3,0,3
Janola,0,3,3
Janolijn,0,3,3
Janomie,0,3,3
Janomy,0,3,3
Janooi,0,3,3
Jänos,3,0,3
Janös,3,0,3
Janósh,3,0,3
Janoshan,3,0,3
Jánošika,3,0,3
Janotto,3,0,3
Janou-Jolijn,0,3,3
Janoua,0,3,3
Janouarissa,0,3,3
Janouh,3,0,3
Janour,3,0,3
Janourella,0,3,3
Janourisca,0,3,3
Janouscka,0,3,3
Janoush,3,0,3
Janoushka,0,3,3
Janova,0,3,3
Janovah,3,0,3
Janovel,3,0,3
Janowa,3,0,3
Janoya,0,3,3
Janoz,3,0,3
JanPaul,3,0,3
Janpen,3,0,3
JanPeter,3,0,3
Janphilip,3,0,3
Janpierre,3,0,3
JanPiet,3,0,3
JanPieter,3,0,3
Janpiter,3,0,3
Janreinder,3,0,3
Janric,3,0,3
Janrichetta,0,3,3
Janrieke,0,3,3
Janrike,0,3,3
Janro-Arie,3,0,3
Janroel,3,0,3
Janroelof,3,0,3
Janroen,3,0,3
Janroy,3,0,3
Janruurd,3,0,3
Janry,3,0,3
Jans-Hendrik,3,0,3
Jans-Maarten,3,0,3
Jans-Pieter,3,0,3
Jans-René,3,0,3
Jans-Riek,0,3,3
Jans-Tonnis,3,0,3
Jansbeth,0,3,3
Janscho,3,0,3
Jansciana,0,3,3
Jansee,0,3,3
Janseli,0,3,3
Janseline,0,3,3
Janselot,0,3,3
Jansemieke,0,3,3
Jansénio,3,0,3
Jansenio,3,0,3
Jansens,3,0,3
Janserey,0,3,3
Jansieneke,0,3,3
Jansinetta,0,3,3
Jansjaliene,0,3,3
Jansje-Iepke,0,3,3
Jansje-Marja,0,3,3
Jansje-Ruth,0,3,3
Janska,0,3,3
Janske-Jasja,0,3,3
Janskje,0,3,3
Jansley,3,0,3
Jansnetta,0,3,3
Jansnette,0,3,3
Jansolien,0,3,3
Jansonius,3,0,3
Jansson,3,0,3
Janstine,0,3,3
Janstoffel,3,0,3
Janstry,3,0,3
Jansy,0,3,3
Janszina,0,3,3
Jant-Yne,0,3,3
Jantalle,0,3,3
Jantally,0,3,3
Jantany,0,3,3
Jänte,0,3,3
Jantel,3,0,3
Jantenny,0,3,3
Jantessa,0,3,3
Janteun,3,0,3
Janteune,0,3,3
Janteunis,3,0,3
Jantha,0,3,3
Janthal,0,3,3
Janthera,0,3,3
Janthien,0,3,3
Janthijn,3,0,3
Janthine,0,3,3
Janthon,3,0,3
Jantieme,3,0,3
Jantiën,0,3,3
Jantién,0,3,3
Jantiên,0,3,3
Jantien-Annemarije,0,3,3
Jantien-Hilda,0,3,3
Jantiena-Cornelia,0,3,3
Jantienke,0,3,3
Jantienne,0,3,3
Jantijs,3,0,3
Jantimen,3,0,3
Jantimus,3,0,3
Jantina-Angelina,0,3,3
Jantina-El,0,3,3
Jantine-Fetsje,0,3,3
Jantine-Margriet,0,3,3
Jantinelle,0,3,3
Jantinka,0,3,3
Jantinna,0,3,3
Jantinny,0,3,3
Jantinusha,3,0,3
Jantja,0,3,3
Jântje,0,3,3
Jantje-Bieuwkje,0,3,3
Jantje-Fenje,0,3,3
Jantje-Hinke,0,3,3
Jantje-Johanna,0,3,3
Jantjeh,3,0,3
Jantjet,0,3,3
Jantke,0,3,3
Janto-Irawan,3,0,3
Jantoine,3,0,3
Jantoni,3,0,3
Jantonia,0,3,3
Jantonino,3,0,3
Jantr,3,0,3
Jantra,0,3,3
Jantrie,0,3,3
Jantrijna,0,3,3
Jantrude,0,3,3
Jantsen,3,0,3
Jantsj,0,3,3
Jantske,0,3,3
Jantsyne,0,3,3
Jantyn,0,3,3
Jantz,3,0,3
Jantzen,3,0,3
Janù,3,0,3
Janua,0,3,3
Januara,0,3,3
Januarie,0,3,3
Januario,3,0,3
Januário,3,0,3
Januda,3,0,3
Januël,3,0,3
Januely,0,3,3
Janueristan,3,0,3
Januf,3,0,3
Janujen,3,0,3
Janula,0,3,3
Janulidu,0,3,3
Januoska,0,3,3
Januran,3,0,3
Janus-Gertrudis,3,0,3
Janusha,0,3,3
Janusher,3,0,3
Janusje,0,3,3
Janvicco,3,0,3
Janvie,0,3,3
Janviér,3,0,3
Janwalter,3,0,3
Janwar,3,0,3
Janwessel,3,0,3
Janwhi,0,3,3
JanWillem,3,0,3
Janwillem-Henk,3,0,3
Janwillemse,3,0,3
Janwilly,3,0,3
Janwolter,3,0,3
Jâny,0,3,3
Janya,0,3,3
Janyakol,0,3,3
Janybele,3,0,3
Janyck,0,3,3
Janycka,0,3,3
Janyd,3,0,3
Janye,0,3,3
Janyi,0,3,3
Janyla,0,3,3
Janylina,0,3,3
Janyna,0,3,3
Janys,3,0,3
Janysso,3,0,3
Janytsia,0,3,3
Janytta,0,3,3
Janze,3,0,3
Janzhou,3,0,3
Janzon,3,0,3
Jaõ,3,0,3
Jäo,3,0,3
Jao-Nang,0,3,3
Jaoe,3,0,3
Jaoiad,3,0,3
Jaoid,3,0,3
Jaoide,3,0,3
Jaólo,3,0,3
Jaoma,0,3,3
Jaomy,0,3,3
Jãon,3,0,3
Jaoquin,3,0,3
Jaora,3,0,3
Jaorjeus,3,0,3
Jaos,3,0,3
Jaouade,3,0,3
Jaoudi,3,0,3
Jaoudy,3,0,3
Jaouia,0,3,3
Jaouillia,0,3,3
Jaouni,3,0,3
JAP,0,3,3
Japal,3,0,3
Japar,3,0,3
Japasro,3,0,3
Japco,3,0,3
Japeline,0,3,3
Japen,0,3,3
Japhenley,3,0,3
Japhet-Hazita,3,0,3
Japhet-Jireh,3,0,3
Japhetha,0,3,3
Japhina,0,3,3
Japhir,3,0,3
Japian,3,0,3
Japic,3,0,3
Japick,3,0,3
Japiene,0,3,3
Japienna,0,3,3
Japiëre,3,0,3
Japjyot,0,3,3
Japmanjeet,0,3,3
Japnaam,0,3,3
Japonais,3,0,3
Japonica,0,3,3
Jappalango,0,3,3
Jappat,0,3,3
Jappelien,0,3,3
Jappy,3,0,3
Japy,3,0,3
Japyne,0,3,3
Jaq,3,0,3
Jaqai,3,0,3
Jaqeal,3,0,3
Jaqelien,0,3,3
Jaqeulien,0,3,3
Jaqeuline,0,3,3
Jaqielle,3,0,3
Jaqilio,3,0,3
Jaqlynn,0,3,3
Jaqnalis,0,3,3
Jaqobus,3,0,3
Jaqolien,0,3,3
Jaqual,3,0,3
Jaquan,3,0,3
Jaquar-Dior,3,0,3
Jaquba,3,0,3
Jaqué,3,0,3
Jaqueen,0,3,3
Jaquelinie,0,3,3
Jaquelinne,0,3,3
Jaquelino,3,0,3
Jaquelise,0,3,3
Jaquelyne,0,3,3
Jaquelynn,0,3,3
Jaquemijn,0,3,3
Jaquemine,0,3,3
Jaquès,3,0,3
Jaques-Christine,3,0,3
Jaquese,3,0,3
Jaqueson,3,0,3
Jaquetta,0,3,3
Jaqueüs,3,0,3
Jaqui,3,0,3
Jaquiel,3,0,3
Jaquil,3,0,3
Jaquina,0,3,3
Jaquincio,3,0,3
Jaquinho,3,0,3
Jaquinio,3,0,3
Jaquinta,0,3,3
Jaquira,0,3,3
Jaquire,3,0,3
Jaquita,0,3,3
Jaquolina,0,3,3
Jaquomine,0,3,3
Jaquôt,3,0,3
Jaquy,3,0,3
Jaqwinsio,3,0,3
Jaqxon,3,0,3
Jar'dyniël,3,0,3
Jar'Nell,3,0,3
Jar-ell,3,0,3
Jára,0,3,3
Jara-Anna,0,3,3
Jara-Sophie,0,3,3
Jarab,3,0,3
Jarada,0,3,3
Jaraël,3,0,3
Jaragonai,0,3,3
Jaraguá,3,0,3
Jarah-Eaves,0,3,3
Jarahdhino,3,0,3
Jarahmeal,3,0,3
Jaraiden,3,0,3
Jaraiemy,0,3,3
Jaraily,0,3,3
Jarain,0,3,3
Jarair,0,3,3
Jaraisa,0,3,3
Jaraïsah,0,3,3
Jaraiviën,3,0,3
Jaraj,3,0,3
Jaraldo,3,0,3
Jaralsey,0,3,3
Jaralt,3,0,3
Jaraméh,0,3,3
Jaramelys,0,3,3
Jaramillo,3,0,3
Jaramyn,0,3,3
Jarana,0,3,3
Jaranchino,3,0,3
Jarand,3,0,3
Jarane,3,0,3
Jarani,3,0,3
Jaranka,0,3,3
Jarantino,3,0,3
Jaranyo,3,0,3
Jaras,3,0,3
Jaraselis,0,3,3
Jarath,3,0,3
Jarayah,3,0,3
Jaraylinn,0,3,3
Jaraylish,0,3,3
Jarayn,3,0,3
Jarayso,3,0,3
Jarbas,3,0,3
Jarceño,3,0,3
Jarch,3,0,3
Jarchall,3,0,3
Jarcia,0,3,3
Jarcinho,3,0,3
Jarcka,0,3,3
Jarcko,3,0,3
Jarcole,0,3,3
Jarcos,3,0,3
Jarcy,3,0,3
Jarcyommy,0,3,3
Jardail,0,3,3
Jardain,3,0,3
Jardé,0,3,3
Jardean,3,0,3
Jardeen,0,3,3
Jardèn,3,0,3
Jardënnys,0,3,3
Jardey,3,0,3
Jardien,0,3,3
Jardijn,3,0,3
Jardim,3,0,3
Jardinella,0,3,3
Jardinio,3,0,3
Jardinja,0,3,3
Jardion,3,0,3
Jardiontley,3,0,3
Jardly,3,0,3
Jardon,3,0,3
Jardson,3,0,3
Jarduan,3,0,3
Jareallino,3,0,3
Jareck,3,0,3
Jarecy,0,3,3
Jaredelnisha,0,3,3
Jaredison,3,0,3
Jaredsel,0,3,3
Jaree,3,0,3
Jareen,0,3,3
Jareesha,0,3,3
Jareg,3,0,3
Jarei,3,0,3
Jareili,0,3,3
Jareilys,0,3,3
Jarèk,3,0,3
Jarèl,3,0,3
Jarélio,3,0,3
Jarélix,0,3,3
Jàrell,3,0,3
Jarëll,3,0,3
Jârell,3,0,3
Jarelle,0,3,3
Jarelli,3,0,3
Jarello,3,0,3
Jarellsa,0,3,3
Jarelson,3,0,3
Jarelva,0,3,3
Jarely,0,3,3
Jarelyd,0,3,3
Jarélynn,0,3,3
Jarem,3,0,3
Jaremay,3,0,3
Jaremi,3,0,3
Jaremya,3,0,3
Jären,3,0,3
Jarèn,0,3,3
Jarendina,0,3,3
Jarenka,0,3,3
Jarenko,3,0,3
Jarenne,0,3,3
Jarenno,3,0,3
Jarensio,3,0,3
Jarenso,3,0,3
Jarento,3,0,3
Jarenzo,3,0,3
Jareon,3,0,3
Jareq,3,0,3
Jaresh,3,0,3
Jaresia,0,3,3
Jaresiah,0,3,3
Jareske,0,3,3
Jaressa,0,3,3
Jaresyah,3,0,3
Jareth-Jace,3,0,3
Jarette,0,3,3
Jareyënne,0,3,3
Jarèz,3,0,3
Jarfon,3,0,3
Jargen,3,0,3
Jargenis,3,0,3
Jargon,3,0,3
Jarhno-Mary,3,0,3
Jarho,3,0,3
Jàri,3,0,3
Jari-Lee,3,0,3
Jari-Lynn,0,3,3
Jari-Matti,3,0,3
Jari-Stefan,3,0,3
Jaria,0,3,3
Jariam,3,0,3
Jarianny,0,3,3
Jariayat,0,3,3
Jarib,3,0,3
Jarica,0,3,3
Jaricco,3,0,3
Jariche,3,0,3
Jarichyo,3,0,3
Jaričko,3,0,3
Jaridah,0,3,3
Jaride,0,3,3
Jarido,3,0,3
Jarieck,3,0,3
Jariël,3,0,3
Jarielio,3,0,3
Jariëll,3,0,3
Jariena,0,3,3
Jarienzo,3,0,3
Jarieyatuh,0,3,3
Jarif,3,0,3
Jariff,3,0,3
Jarije,0,3,3
Jarijma,0,3,3
Jarijsel,3,0,3
Jaril,3,0,3
Jarildo,3,0,3
Jarileen,3,0,3
Jarilene,0,3,3
Jarilla,0,3,3
Jarillio,3,0,3
Jarillo,3,0,3
Jarilluska,0,3,3
Jarilo,3,0,3
Jarily,0,3,3
Jarinder,3,0,3
Jariné,3,0,3
Jarine-Marissa,0,3,3
Jarini,0,3,3
Jarinio,3,0,3
Jarinne,0,3,3
Jarinse,3,0,3
Jarinte,0,3,3
Jarintha,0,3,3
Jariomes,3,0,3
Jarionne,3,0,3
Jarir,3,0,3
Jarisca,0,3,3
Jarisch,3,0,3
Jarisel,0,3,3
Jarish,3,0,3
Jarisi,0,3,3
Jarisko,3,0,3
Jarislav,3,0,3
Jarison,3,0,3
Jarisseti,0,3,3
Jarissha,0,3,3
Jarits,3,0,3
Jaritsa,0,3,3
Jaritsca,0,3,3
Jaritssa,0,3,3
Jaritte,0,3,3
Jariv,3,0,3
Jariviensca,0,3,3
Jariyatin,3,0,3
Jariza,0,3,3
Jarjis,3,0,3
Jarkasih,3,0,3
Jarkelina,0,3,3
Jarko-Jan,3,0,3
Jarkoba,0,3,3
Jarkoliena,0,3,3
Jarl-Jacob,3,0,3
Jarl-Louis,3,0,3
Jarlady,0,3,3
Jârle,0,3,3
Jarlean,0,3,3
Jarlentji,0,3,3
Jarlet,3,0,3
Jarley,3,0,3
Jarlicia,0,3,3
Jarlicio,3,0,3
Jarlin,0,3,3
Jarlinda,0,3,3
Jarlize,0,3,3
Jarll,3,0,3
Jarlot,0,3,3
Jarlyëtt,0,3,3
Jarlynn,0,3,3
Jarlytza,0,3,3
Jarma,0,3,3
Jarmaan,3,0,3
Jarmailinne,0,3,3
Jarmaisy,0,3,3
Jarmal,3,0,3
Jarman,3,0,3
Jarmany,0,3,3
Jarmee,0,3,3
Jarmée,0,3,3
Jarmein,0,3,3
Jarmèl,3,0,3
Jarmell,3,0,3
Jarmella,0,3,3
Jarmelle,3,0,3
Jarmenus,3,0,3
Jarmey,3,0,3
Jarmie,0,3,3
Jarmilato,3,0,3
Jarmilette,0,3,3
Jarmille,3,0,3
Jarmillie,0,3,3
Jarmillo,3,0,3
Jarmilynn,0,3,3
Jarmina,0,3,3
Jarminio,3,0,3
Jarmoslav,3,0,3
Jarmy,3,0,3
Jarmylo,3,0,3
Jarnah,0,3,3
Jarnal,3,0,3
Jarné,3,0,3
Jarneil,3,0,3
Jarnelison,3,0,3
Jarnelle,3,0,3
Jarnello,3,0,3
Jarnelo,3,0,3
Jarnely,0,3,3
Jarnic,3,0,3
Jarnieck,3,0,3
Jarniek,3,0,3
Jarnien,0,3,3
Jarnillio,3,0,3
Jarno-Sasker,3,0,3
Jarnoah,3,0,3
Jarnoh,3,0,3
Jaro-Kai,3,0,3
Jaro-Kaie,3,0,3
Jaroach,3,0,3
Jaroahny,0,3,3
Jaroby,0,3,3
Jarodiën,3,0,3
Jarodin,3,0,3
Jaroëh,3,0,3
Jaroek,3,0,3
Jaroël,3,0,3
Jaroel,3,0,3
Jaroena,0,3,3
Jaroescha,0,3,3
Jarol,3,0,3
Jaroli,0,3,3
Jarolien,0,3,3
Jaroline,0,3,3
Jarom,3,0,3
Jaromay,3,0,3
Jaromaya,3,0,3
Jaromé,3,0,3
Jaromey,0,3,3
Jaromi,3,0,3
Jaromier,3,0,3
Jaromin,3,0,3
Jaromira,0,3,3
Jaromíra,0,3,3
Járon,3,0,3
Jaròn,3,0,3
Jaroné,0,3,3
Jároni,3,0,3
Jaronisha,0,3,3
Jaronline,0,3,3
Jaronne,0,3,3
Jaroon,0,3,3
Jaropolk,3,0,3
Jarosa,3,0,3
Jaroshan,3,0,3
Jaroslinus,3,0,3
Jarousja,0,3,3
Jaroux,3,0,3
Jarow,3,0,3
Jarowi,3,0,3
Jarr,3,0,3
Jarrai,3,0,3
Jarralt,3,0,3
Jarrard,3,0,3
Jarrat,3,0,3
Jarré,3,0,3
Jarredson,3,0,3
Jarréld,3,0,3
Jarrèll,3,0,3
Jarrely,3,0,3
Jarremo,3,0,3
Jarreño,3,0,3
Jarrèt,3,0,3
Jarrey,3,0,3
Jarric,3,0,3
Jarrid,3,0,3
Jarrié,3,0,3
Jarrier,3,0,3
Jarrinée,0,3,3
Jarrish,3,0,3
Jarrol,3,0,3
Jarryld,3,0,3
Jarryll,3,0,3
Jarryn,0,3,3
Jarryt,3,0,3
Jarscha,3,0,3
Jarsel,3,0,3
Jarsiñho,3,0,3
Jarsmien,0,3,3
Jartan,3,0,3
Jartiëlle,0,3,3
Jarto,3,0,3
Jaruda,3,0,3
Jaruëla,0,3,3
Jaruh,0,3,3
Jarukhit,3,0,3
Jarulle,3,0,3
Jarun,3,0,3
Jaruna,3,0,3
Jarunah,3,0,3
Jaruphich,3,0,3
Jarus,3,0,3
Jaruwan-Noah,0,3,3
Jarvain,3,0,3
Jarvenio,3,0,3
Jarveny,0,3,3
Järviano,3,0,3
Jarvic,3,0,3
Jarvick,3,0,3
Jarviënty,0,3,3
Jarvik,3,0,3
Jarvilee,0,3,3
Järvin,3,0,3
Jarvinen,0,3,3
Jarviño,3,0,3
Jarvino,3,0,3
Jarwi,3,0,3
Jarwon,3,0,3
Jaryan,3,0,3
Jaryann,3,0,3
Jaryano-Shane,3,0,3
Jaryd,3,0,3
Jarymir,3,0,3
Jarymke,0,3,3
Jarynhio,3,0,3
Jarzhinio,3,0,3
Jarzihno,3,0,3
Jarzinio,3,0,3
Jarzinno,3,0,3
Järzly,3,0,3
Jarzy,0,3,3
Jasaar,3,0,3
Jasabiën,0,3,3
Jasael,3,0,3
Jasailey,0,3,3
Jasaira,0,3,3
Jasaja,0,3,3
Jasameen,0,3,3
Jasamine,0,3,3
Jasamy,0,3,3
Jasandip,3,0,3
Jašar,3,0,3
Jasara,0,3,3
Jasayah,0,3,3
Jasayra,0,3,3
Jasba,0,3,3
Jasbeen,0,3,3
Jasbeer,3,0,3
Jasbien,0,3,3
Jasbier,3,0,3
Jasbinder,0,3,3
Jasce,3,0,3
Jascelyn,0,3,3
Jascenka,0,3,3
Jasch,3,0,3
Jascha-Peter,3,0,3
Jascha-Shira,0,3,3
Jaschenca,0,3,3
Jaschenska,0,3,3
Jaschija,0,3,3
Jaschinka,0,3,3
Jaschinta,0,3,3
Jaschminka,0,3,3
Jasciane,3,0,3
Jascin,3,0,3
Jasdew,3,0,3
Jaseema,0,3,3
Jaseen-Tahha,3,0,3
Jaseena,0,3,3
Jaseley,3,0,3
Jaselio,3,0,3
Jasella,0,3,3
Jasemine,0,3,3
Jasemy,0,3,3
Jasenko,3,0,3
Jasenthan,3,0,3
Jasep,3,0,3
Jaser-Javier,3,0,3
Jasero,3,0,3
Jasfer,3,0,3
Jashaël,0,3,3
Jashailey,0,3,3
Jashaina,0,3,3
Jashairo,3,0,3
Jashandeep,0,3,3
Jashanjit,3,0,3
Jashanjot,3,0,3
Jashanty,0,3,3
Jashár,3,0,3
Jashbir,0,3,3
Jashcinth,0,3,3
Jashda,3,0,3
Jashealy-Ann,0,3,3
Jashendra,0,3,3
Jashently,0,3,3
Jashica,0,3,3
Jashier,3,0,3
Jashiew,3,0,3
Jashin,3,0,3
Jashina,0,3,3
Jashira,0,3,3
Jashirah,0,3,3
Jashiy,3,0,3
Jashja,3,0,3
Jashkoemar,3,0,3
Jashlene,0,3,3
Jashly,0,3,3
Jashmeet,3,0,3
Jashmijn,3,0,3
Jáshmin,0,3,3
Jashmin,0,3,3
Jashneley,0,3,3
Jasho,3,0,3
Jashodhara,0,3,3
Jashom,3,0,3
Jashon,3,0,3
Jashpreet,0,3,3
Jashray,3,0,3
Jashree,3,0,3
Jashton,3,0,3
Jashudew,3,0,3
Jashvanti,0,3,3
Jashvi,0,3,3
Jashwanand,3,0,3
Jashwand,3,0,3
Jashwanti,0,3,3
Jashwantpersad,3,0,3
Jashwantsing,3,0,3
Jashwantsingh,3,0,3
Jashwien,3,0,3
Jashwir,3,0,3
Jasi,3,0,3
Jasid,3,0,3
Jasiek,3,0,3
Jasielene,0,3,3
Jasiena,0,3,3
Jasier,3,0,3
Jasiera,0,3,3
Jasila,0,3,3
Jasilai,3,0,3
Jasimar,3,0,3
Jasing,3,0,3
Jasinho,3,0,3
Jasino,3,0,3
Jasintho,3,0,3
Jasintoe,3,0,3
Jasio,3,0,3
Jasip,3,0,3
Jasiri,3,0,3
Jasitha,0,3,3
Jasiu,3,0,3
Jasja-Regina,0,3,3
Jasjavarda,0,3,3
Jasjenka,0,3,3
Jasjha,0,3,3
Jasjin,3,0,3
Jasjwin,3,0,3
Jasker,3,0,3
Jaskiran,0,3,3
Jaskiranjit,0,3,3
Jaskirt,0,3,3
Jasleena,0,3,3
Jasleene,0,3,3
Jaslena,0,3,3
Jaslien,0,3,3
Jaslinn,0,3,3
Jaslynne,0,3,3
Jasm,3,0,3
Jasmaicol,3,0,3
Jasmaij,0,3,3
Jasmain,0,3,3
Jasmairon,3,0,3
Jasmandeep,3,0,3
Jasmarco,3,0,3
Jasmath,3,0,3
Jasmatie,0,3,3
Jasmayne,0,3,3
Jasme,0,3,3
Jasmea,0,3,3
Jasmee,0,3,3
Jasmée,0,3,3
Jasmeetkaur,0,3,3
Jasmeine,0,3,3
Jasmeley,0,3,3
Jasmeyna,0,3,3
Jasmiah,0,3,3
Jasmiengatoen,0,3,3
Jasmiha,0,3,3
Jasmiin,0,3,3
Jasmiini,0,3,3
Jasmijn-Annika,0,3,3
Jasmijn-Celise,0,3,3
Jasmijn-Isis,0,3,3
Jasmijn-Rosalie,0,3,3
Jasmijne-Jolie,0,3,3
Jasmijnie,0,3,3
Jasmijnke,0,3,3
Jasmil,0,3,3
Jasmim,3,0,3
Jäsmin,0,3,3
Jasmin-Iqbal,0,3,3
Jasmin-Selina,0,3,3
Jaśmina,0,3,3
Jasmiña,0,3,3
Jasmina-Latoya,0,3,3
Jasmina-Ranin,0,3,3
Jasminca,0,3,3
Jasmine-Ashley,0,3,3
Jasmine-Mae,0,3,3
Jasminey,0,3,3
Jasming,0,3,3
Jasminne,0,3,3
Jasminnisa,0,3,3
Jasminten,0,3,3
Jasmintha,0,3,3
Jasmiya,0,3,3
Jasmont,3,0,3
Jasmuna,0,3,3
Jasmy,0,3,3
Jasmynah,0,3,3
Jasmynca,0,3,3
Jasná,0,3,3
Jasnaï,3,0,3
Jasnavi,0,3,3
Jasne,0,3,3
Jasneen,0,3,3
Jasneet,0,3,3
Jasney,0,3,3
Jasobam,3,0,3
Jasoda-debie,0,3,3
Jasodadevi,0,3,3
Jasodadewie,0,3,3
Jasón,3,0,3
Jason-André,3,0,3
Jason-Anthony,3,0,3
Jason-Fenno,3,0,3
Jason-Henri,3,0,3
Jason-Jay,3,0,3
Jason-Lee,3,0,3
Jason-Paul,3,0,3
Jason-Romano,3,0,3
Jason-Thomas,3,0,3
Jason-Tycho,3,0,3
Jasone,3,0,3
Jasonetia,0,3,3
Jasonjunior,3,0,3
Jasonn,3,0,3
Jasoor,3,0,3
Jasor,3,0,3
Jasora,0,3,3
Jaspár,3,0,3
Jaspardina,0,3,3
Jasper-Arjen,3,0,3
Jasper-Carlo,3,0,3
Jasper-Chrispijn,3,0,3
Jasper-Derk,3,0,3
Jasper-Dirk,3,0,3
Jasper-Ewout,3,0,3
Jasper-Jacob,3,0,3
Jasper-Jim,3,0,3
Jasper-Job,3,0,3
Jasper-Joris,3,0,3
Jasper-Julien,3,0,3
Jasper-Leon,3,0,3
Jasper-Luc,3,0,3
Jasper-Marc,3,0,3
Jasper-Maria,3,0,3
Jasper-Marijn,3,0,3
Jasper-Olaf,3,0,3
Jasper-Theodoor,3,0,3
Jasper-Thijs,3,0,3
Jaspera,0,3,3
Jasperdien,0,3,3
Jasperiena,0,3,3
Jasperientje,0,3,3
Jasperlina,0,3,3
Jasperlinde,0,3,3
Jasperlis,0,3,3
Jasperly,0,3,3
Jasperoen,0,3,3
Jasperriena,0,3,3
Jaspersz.,3,0,3
Jaspertje,0,3,3
Jasperwachara,3,0,3
Jaspher,3,0,3
Jaspin,0,3,3
Jaspinder,0,3,3
Jasprem,3,0,3
Jaspret,3,0,3
Jaspriene,0,3,3
Jasprijn,0,3,3
Jasprine,0,3,3
Jasprit,3,0,3
Jasray,3,0,3
Jasroen,3,0,3
Jassal,3,0,3
Jassamin,0,3,3
Jassar,3,0,3
Jasselien,0,3,3
Jassemine,0,3,3
Jasserinus,3,0,3
Jassia,0,3,3
Jassie,3,0,3
Jassiel,3,0,3
Jassley,0,3,3
Jasslie,3,0,3
Jasslin,0,3,3
Jassmine,0,3,3
Jasso,3,0,3
Jasson,3,0,3
Jassonly,3,0,3
Jassparis,3,0,3
Jassr,3,0,3
Jassu,3,0,3
Jassua,3,0,3
Jassyn,3,0,3
Jastan,3,0,3
Jaster,3,0,3
Jastine,0,3,3
Jastrine,0,3,3
Jasundra,0,3,3
Jasvanine,0,3,3
Jasvant-Singh,3,0,3
Jasvantsingh,3,0,3
Jasveen,3,0,3
Jasvere,0,3,3
Jasvhant,3,0,3
Jasvier,3,0,3
Jasvin,0,3,3
Jasvina,0,3,3
Jasviny,0,3,3
Jasvodia,0,3,3
Jaswainya,0,3,3
Jaswanpersad,3,0,3
Jaswansing,3,0,3
Jaswansingh,3,0,3
Jaswanth,3,0,3
Jaswanti,0,3,3
Jaswantpersad,3,0,3
Jaswantprakash,3,0,3
Jaswatie,0,3,3
Jaswhantie,0,3,3
Jaswi,0,3,3
Jaswier,3,0,3
Jaswin,3,0,3
Jaswindersingh,3,0,3
Jaswintha,0,3,3
Jaswir,3,0,3
Jasý,0,3,3
Jasyl,3,0,3
Jasym,3,0,3
Jaszlyn,0,3,3
Jaszney,0,3,3
Jaszoë,0,3,3
JAT,0,3,3
JATA,3,0,3
Jatarah,0,3,3
Jatascha,0,3,3
Jatasja,0,3,3
Jatendra,3,0,3
Jathan-Juhani,3,0,3
Jathavan,3,0,3
Jathe,3,0,3
Jatheersan,3,0,3
Jatheüs,3,0,3
Jathienca,0,3,3
Jathin,3,0,3
Jathirs,3,0,3
Jathisan,3,0,3
Játhniël,3,0,3
Jathun,3,0,3
Jathurong,3,0,3
Jathy,3,0,3
Jatifah,0,3,3
Jatimah,0,3,3
Jatimpoe,0,3,3
Jatinah,0,3,3
Jatine,0,3,3
Jatinie,0,3,3
Jatinka,0,3,3
Jatisah,0,3,3
Jatish,3,0,3
Jatiswara,3,0,3
Jatly,3,0,3
Jatmia,0,3,3
Jatmin,3,0,3
Jatnael,3,0,3
Jatniël,3,0,3
Jaton,3,0,3
Jatra,3,0,3
Jatrib,3,0,3
Jatrie,0,3,3
Jatsiah,0,3,3
Jatsiér,3,0,3
Jatske,0,3,3
Jatsoery,0,3,3
Jatson,3,0,3
Jattie,0,3,3
Jattina,0,3,3
Jattir,3,0,3
Jatwico,3,0,3
Jatyn,3,0,3
Jatzuri,0,3,3
Jauaad,3,0,3
Jaubertina,0,3,3
Jaubri,3,0,3
Jauco,3,0,3
Jaudina,0,3,3
Jauge,3,0,3
Jauhari,3,0,3
Jauharina,0,3,3
Jauke-Jan,3,0,3
Jaukko,3,0,3
Jaulien,0,3,3
Jauma,3,0,3
Jaumain,3,0,3
Jaumar,3,0,3
Jaune,3,0,3
Jaunice,3,0,3
Jauno,3,0,3
Jauoad,3,0,3
Jaurana,0,3,3
Jauri,3,0,3
Jaurik,3,0,3
Jaurin,3,0,3
Jaurrel,3,0,3
Jausef,3,0,3
Jausia,0,3,3
Jautef,3,0,3
Jauvienne,3,0,3
Jauwerd,3,0,3
Jauwert,3,0,3
Jauwhannes,3,0,3
Jaux,3,0,3
Javaar,3,0,3
Javada,3,0,3
Javaed,3,0,3
Javagar,3,0,3
Javahio,3,0,3
Javaï-Cherae,0,3,3
Javaïd,3,0,3
Javainey,0,3,3
Javairon,3,0,3
Javaision,3,0,3
Javajo,3,0,3
Javajs,3,0,3
Javalda,3,0,3
Javale,3,0,3
Javali,3,0,3
Javanah,3,0,3
Javancely,0,3,3
Javandré,3,0,3
Javandro,3,0,3
Javanella,0,3,3
Javaney,0,3,3
Javanico,3,0,3
Javanne,0,3,3
Javanny,0,3,3
Javanthy,0,3,3
Javany,3,0,3
Javar,3,0,3
Javaria,0,3,3
Javaril,3,0,3
Javarno,3,0,3
Javarro,3,0,3
Javarron,3,0,3
Javasha,0,3,3
Javayden,3,0,3
Javayen,3,0,3
Javayn,3,0,3
Javayri,3,0,3
Javé,0,3,3
Jávea,3,0,3
Javeer,3,0,3
Javel,3,0,3
Javeli,3,0,3
Javeline,3,0,3
Javelinio,3,0,3
Javelinja,0,3,3
Javelinn,0,3,3
Javelon,3,0,3
Javely,0,3,3
Javelyne,0,3,3
Javencika,0,3,3
Javenda,0,3,3
Javender,3,0,3
Javenka,0,3,3
Javenley,3,0,3
Javeny,0,3,3
Javerailo,3,0,3
Javereia,0,3,3
Javeri,3,0,3
Javerno,3,0,3
Javerny,3,0,3
Javéry,3,0,3
Jávey,3,0,3
Javéz,3,0,3
Javí,3,0,3
Javi-Alexander,3,0,3
Javic,3,0,3
Javice,3,0,3
Javida,0,3,3
Javiëndrix,3,0,3
Javiëni,0,3,3
Javieno,3,0,3
Javíer,3,0,3
Jávier,3,0,3
Javïer,3,0,3
Javier-Andrès,3,0,3
Javier-Anibel,3,0,3
Javier-Benjamin,3,0,3
Javier-Francisco,3,0,3
Javier-Jr,3,0,3
Javier-Reza,3,0,3
Javièra,0,3,3
Javiëré,3,0,3
Javieria,0,3,3
Javiëro,3,0,3
Javierro,3,0,3
Javiery,3,0,3
Javieshainy,0,3,3
Javiesharo,3,0,3
Javijol,3,0,3
Javik,3,0,3
Javika,0,3,3
Javiley,3,0,3
Javiliel,0,3,3
Javilio,3,0,3
Javill,3,0,3
Javilon,3,0,3
Javince,3,0,3
Javine,3,0,3
Javinia,0,3,3
Javinka,0,3,3
Javinlia,0,3,3
Javinno,3,0,3
Jávion,3,0,3
Javir,3,0,3
Javira,0,3,3
Javis,3,0,3
Javitt,3,0,3
Javly,3,0,3
Javlyn,0,3,3
Javôn,3,0,3
Javondé,3,0,3
Javonne,0,3,3
Javonté,3,0,3
Javor,3,0,3
Javre,3,0,3
Javrick,3,0,3
Javrielo,3,0,3
Javuz,3,0,3
Javwd,0,3,3
Javyan,3,0,3
Javyell,3,0,3
Javyer,3,0,3
Javyn,3,0,3
Jawade,3,0,3
Jawah-B,3,0,3
Jawahar,3,0,3
Jawahier,0,3,3
Jawahire,0,3,3
Jawaid,3,0,3
Jawairia,0,3,3
Jawairiya,0,3,3
Jawalt,3,0,3
Jawanie,0,3,3
Jawanka,0,3,3
Jawansher,3,0,3
Jawar,3,0,3
Jawaria,0,3,3
Jawayriya,0,3,3
Jawdane,3,0,3
Jawdochia,0,3,3
Jawdokia,0,3,3
Jawe,0,3,3
Jaweed,3,0,3
Jaweh,3,0,3
Jawek,3,0,3
Jawen,0,3,3
Jawena,0,3,3
Jawenna,0,3,3
Jaweriya,0,3,3
Jawero,3,0,3
Jawey,3,0,3
Jawhaira,0,3,3
Jawharalhak,3,0,3
Jawhareddine,3,0,3
Jawia,0,3,3
Jawick,3,0,3
Jawiena,0,3,3
Jawieta,3,0,3
Jawijna,0,3,3
Jawilco,0,3,3
Jawine,0,3,3
Jawo,3,0,3
Jaws,3,0,3
Jawsan,3,0,3
Jawsef,3,0,3
Jax-Mylo,3,0,3
Jax-Taylor,3,0,3
Jax-Trevor,3,0,3
Jaxci,3,0,3
Jaxi,0,3,3
Jaxi-Mae,0,3,3
Jaxie,0,3,3
Jaxiel,3,0,3
Jaxin,3,0,3
Jaxine,0,3,3
Jaxom,3,0,3
Jaxriel,3,0,3
Jaxsen,3,0,3
Jaxten,3,0,3
Jaxx-,3,0,3
Jaxx-Benjamin,3,0,3
Jaxx-Damian,3,0,3
Jaxx-Jay,3,0,3
Jaxx-Joah,3,0,3
Jaxx-Sebbe,3,0,3
Jaxxen,3,0,3
Jaxxson,3,0,3
Jaxxy,0,3,3
Jaxy-Lynn,0,3,3
Jày,0,3,3
Jay',3,0,3
Jay'cob,3,0,3
Jay'dysheno,3,0,3
Jay'ella,0,3,3
Jay'faindro,3,0,3
Jay'l,0,3,3
Jay'la,0,3,3
Jay'lainy,3,0,3
Jay'lano,3,0,3
Jay'Leanelly,0,3,3
Jay'Leanne,0,3,3
Jay'lenora,0,3,3
Jay'Lincio,3,0,3
Jay'lon,3,0,3
Jay'Loriano,3,0,3
Jay'lyano,3,0,3
Jay'Michaino,3,0,3
Jay'miëll,3,0,3
Jay'Milano,3,0,3
Jay'minelsio,3,0,3
Jay'nah,0,3,3
Jay'nillio,3,0,3
Jay'ninho,3,0,3
Jay'niya,0,3,3
Jay'noah,3,0,3
Jay'raily,3,0,3
Jay'ron,3,0,3
Jay'Ron,3,0,3
Jay'Sean,3,0,3
Jay'shaino,3,0,3
Jay'Shandro,3,0,3
Jay'Shavelly,0,3,3
Jay'vairo,3,0,3
Jay'van,3,0,3
Jay'vano,3,0,3
Jay'Vaynell,3,0,3
Jay'ven,3,0,3
Jay'vion,3,0,3
Jay'yves,3,0,3
Jay-Adam,3,0,3
Jay-Aisha,0,3,3
Jay-Amerline,0,3,3
Jay-Amy,0,3,3
Jay-Anand,3,0,3
Jay-And,3,0,3
Jay-André,3,0,3
Jay-Andrew,3,0,3
Jay-Angelly,0,3,3
Jay-Angelo,3,0,3
Jay-Anna,0,3,3
Jay-Ansly,3,0,3
Jay-Bee,3,0,3
Jay-Bi,3,0,3
Jay-Brean,3,0,3
Jay-Breyon,3,0,3
Jay-Brian,3,0,3
Jay-Brië'll,3,0,3
Jay-c,3,0,3
Jay-Callen,3,0,3
Jay-cé,3,0,3
Jay-celiah,0,3,3
Jay-Céline,0,3,3
Jay-Celino,3,0,3
Jay-Cen,3,0,3
Jay-Chamillio,3,0,3
Jay-Chanel,3,0,3
Jay-Channelle,0,3,3
Jay-ci,3,0,3
Jay-Cob,3,0,3
Jay-D'laynah,0,3,3
Jay-D'mar,3,0,3
Jay-da,0,3,3
Jay-dah,0,3,3
Jay-Daïr,3,0,3
Jay-Dañel,3,0,3
Jay-Daniël,3,0,3
Jay-Deon,3,0,3
Jay-Dev,3,0,3
Jay-di,3,0,3
Jay-Diar,3,0,3
Jay-dilyean,0,3,3
Jay-dimar,3,0,3
Jay-Diomar,3,0,3
Jay-Dion,3,0,3
Jay-Dior,3,0,3
Jay-donell,3,0,3
Jay-Donell,3,0,3
Jay-Dre,3,0,3
Jay-Enah,0,3,3
Jay-enah,0,3,3
Jay-farell,3,0,3
Jay-Fari,3,0,3
Jay-fenicyo,3,0,3
Jay-Gène,3,0,3
Jay-Giani,3,0,3
Jay-Glenn,3,0,3
Jay-Heavenly,3,0,3
Jay-Ian,3,0,3
Jay-Iëanne,0,3,3
Jay-J,3,0,3
Jay-Jaire,3,0,3
Jay-Jamal,3,0,3
Jay-Jari,3,0,3
Jay-Jax,3,0,3
Jay-Jayann,0,3,3
Jay-Jeanrell,0,3,3
Jay-Jenoah,3,0,3
Jay-Karan,3,0,3
Jay-Keane,3,0,3
Jay-ko,3,0,3
Jay-Krishen,3,0,3
Jay-Kyano,3,0,3
Jay-Laila,0,3,3
Jay-laisa,0,3,3
Jay-Lan,3,0,3
Jay-Lana,0,3,3
Jay-Lance,3,0,3
Jay-lano,3,0,3
Jay-Lavinio,3,0,3
Jay-lean,0,3,3
Jay-Leann,0,3,3
Jay-Leesa,0,3,3
Jay-Leeson,3,0,3
Jay-Leigh,0,3,3
Jay-len,3,0,3
Jay-Leniesa,0,3,3
Jay-Lenn,3,0,3
Jay-Leno,3,0,3
Jay-Lèvayno,3,0,3
Jay-Ley,0,3,3
Jay-li,0,3,3
Jay-lia,0,3,3
Jay-liam,3,0,3
Jay-Liandro,3,0,3
Jay-Licia,0,3,3
Jay-Licienne,0,3,3
Jay-Lie,0,3,3
Jay-Lien,0,3,3
Jay-Lieson,3,0,3
Jay-Lina,0,3,3
Jay-Linn'Rae,0,3,3
Jay-Lino,3,0,3
Jay-Lion,3,0,3
Jay-Lisa,0,3,3
Jay-Lissa,0,3,3
Jay-Livaïro,3,0,3
Jay-Luano,3,0,3
Jay-Lyan,0,3,3
Jay-lychairo,3,0,3
Jay-Lychairo,3,0,3
Jay-Lyzah,0,3,3
Jay-Maiyra,0,3,3
Jay-manuel,3,0,3
Jay-Mar,3,0,3
Jay-Maron,3,0,3
Jay-mayra,0,3,3
Jay-Me,0,3,3
Jay-Milan,3,0,3
Jay-Milayno,3,0,3
Jay-Millian,3,0,3
Jay-Milliäno,3,0,3
Jay-Million,3,0,3
Jay-Milow,3,0,3
Jay-min,3,0,3
Jay-Muel,3,0,3
Jay-Nairo,3,0,3
Jay-neau,3,0,3
Jay-Nikolai,3,0,3
Jay-Nise,0,3,3
Jay-noah,0,3,3
Jay-O'Neal,3,0,3
Jay-oni,0,3,3
Jay-Oni,3,0,3
Jay-onie,0,3,3
Jay-Pascal,3,0,3
Jay-Phano,3,0,3
Jay-Pharell,3,0,3
Jay-Quan,3,0,3
Jay-quann,3,0,3
Jay-Quencio,3,0,3
Jay-Quin,3,0,3
Jay-Raaj,3,0,3
Jay-Radj,3,0,3
Jay-Railey,3,0,3
Jay-Raymond,3,0,3
Jay-Rell,3,0,3
Jay-Richi,3,0,3
Jay-Rick,3,0,3
Jay-Rinho,3,0,3
Jay-Rinzho,3,0,3
Jay-rish,3,0,3
Jay-Robbiëne,3,0,3
Jay-Rogue,3,0,3
Jay-Ronne,3,0,3
Jay-Roy,3,0,3
Jay-sean,3,0,3
Jay-sha,0,3,3
Jay-Shaan,3,0,3
Jay-Shainely,0,3,3
Jay-shano,3,0,3
Jay-Shano,3,0,3
Jay-Sharon,3,0,3
Jay-Shri,0,3,3
Jay-Smoke,3,0,3
Jay-Son,3,0,3
Jay-syon,3,0,3
Jay-T,3,0,3
Jay-Tee,3,0,3
Jay-Tino,3,0,3
Jay-Vaineley,0,3,3
Jay-Vaira,0,3,3
Jay-Vairo,3,0,3
Jay-Vanio,3,0,3
Jay-vano,3,0,3
Jay-Varnney,3,0,3
Jay-Vaughn,3,0,3
Jay-Vee,3,0,3
Jay-velino,3,0,3
Jay-Vellian,3,0,3
Jay-Ven,3,0,3
Jay-Vengelo,3,0,3
Jay-Vensley,3,0,3
Jay-Veron,3,0,3
Jay-Viandro,3,0,3
Jay-Viänsco,3,0,3
Jay-viën,3,0,3
Jay-Viëndrick,3,0,3
Jay-Viënn,3,0,3
Jay-viënshely,0,3,3
Jay-Vientelly,0,3,3
Jay-Viently,3,0,3
Jay-Vince,3,0,3
Jay-vinci,3,0,3
Jay-violin,3,0,3
Jay-vion,3,0,3
Jay-Yaro,3,0,3
Jay-Zhanow,3,0,3
Jay-zion,3,0,3
Jayā,0,3,3
Jayã,0,3,3
Jaya-Devi,0,3,3
Jaya-Jay'Ann,0,3,3
Jaya-Rani,0,3,3
Jaya-Victoria,0,3,3
Jayaanidevi,0,3,3
Jayadeva,3,0,3
Jayadewie,0,3,3
Jayaelle,0,3,3
Jayahnique,0,3,3
Jayahsh,3,0,3
Jayaino,3,0,3
Jayalalitha,0,3,3
Jayalath,3,0,3
Jayame,0,3,3
Jayampathi,3,0,3
Jayanandsingh,3,0,3
Jayand-Kumar,3,0,3
Jayander,3,0,3
Jayandersain,3,0,3
Jayandkoemar,3,0,3
Jayando,3,0,3
Jayandra,0,3,3
Jayandradj,3,0,3
Jayandsing,3,0,3
Jayane,0,3,3
Jayang,3,0,3
Jayani-Shadé,0,3,3
Jayanidevi,0,3,3
Jayanie,0,3,3
Jayanika,0,3,3
Jayankumar,3,0,3
Jayanma,3,0,3
Jayanni,0,3,3
Jayanradj,3,0,3
Jayanshu,3,0,3
Jayantee,0,3,3
Jayantely,0,3,3
Jayanthkumar,3,0,3
Jayänthony,3,0,3
Jayanthy,0,3,3
Jayanti-Devi,0,3,3
Jayantiwatie,0,3,3
Jayantreedevi,0,3,3
Jayanuh,3,0,3
Jayara,0,3,3
Jayaratne,3,0,3
Jayash,3,0,3
Jayashree,0,3,3
Jayasingha,3,0,3
Jayatie,0,3,3
Jayavidharti,0,3,3
Jayavihan,3,0,3
Jayawardhana,3,0,3
Jayawira,3,0,3
Jaybe,3,0,3
Jaybee,3,0,3
Jaybertson,3,0,3
Jaybey,0,3,3
Jaybiël,3,0,3
Jaybo,3,0,3
Jaybre,0,3,3
Jaybrean,3,0,3
Jaybreon,3,0,3
Jaybriëll,3,0,3
Jaybriyan,3,0,3
Jaybryon,3,0,3
Jayc'lee,0,3,3
Jayca,0,3,3
Jayce'ly,0,3,3
Jayce-Julian,3,0,3
Jaycea,0,3,3
Jaycean,3,0,3
Jayceé,0,3,3
Jaycee-Jean,3,0,3
Jaycee-lee,0,3,3
Jaycee-linn,0,3,3
Jaycee-Maey,0,3,3
JayceLeigh,0,3,3
Jaycelia,0,3,3
Jaycelinne,0,3,3
Jaycelly,0,3,3
Jaycely,0,3,3
Jaycelyn-Grace,0,3,3
Jaycelyna,0,3,3
Jaycento,3,0,3
Jayceny,0,3,3
Jaycëon,3,0,3
Jaycèon,3,0,3
Jayceone,3,0,3
Jaycey-Lee,0,3,3
Jaycey-Linn,0,3,3
Jaychaira,0,3,3
Jaychalyn,0,3,3
Jaychan,3,0,3
Jaychand,3,0,3
Jaychandro,3,0,3
Jaycharell,0,3,3
Jaycheandra,0,3,3
Jaychenni,0,3,3
Jaychia,0,3,3
Jaychiano,3,0,3
Jayciani,0,3,3
Jaycianno,3,0,3
Jaycianthely,0,3,3
Jaycie-Noë,0,3,3
Jaycïel,3,0,3
Jayciën,0,3,3
Jaycii,0,3,3
Jayciley,0,3,3
Jaycily,0,3,3
Jaycinho,3,0,3
Jaycio,3,0,3
Jaycion,3,0,3
Jaycko,3,0,3
Jaycoby,3,0,3
Jaycon,3,0,3
Jaycsang,3,0,3
Jaycynth,0,3,3
Jayd'Elisa,0,3,3
Jayd'n,3,0,3
Jayd-Lee,0,3,3
Jayda-Abigail,0,3,3
Jayda-Amber,0,3,3
Jayda-Chloé,0,3,3
Jayda-Fae,0,3,3
Jayda-Fay,0,3,3
Jayda-Germaine,0,3,3
Jayda-Ilayah,0,3,3
Jayda-lee,0,3,3
Jayda-Leigh,0,3,3
Jayda-May,0,3,3
Jayda-Roos,0,3,3
Jaydaci,0,3,3
Jaydaen,3,0,3
Jaydaja,3,0,3
Jaydali,0,3,3
Jaydalynn,0,3,3
Jaydanay,3,0,3
Jaydane,3,0,3
Jaydanie,0,3,3
Jaydashantheley,0,3,3
Jaydath,3,0,3
Jaydavon,3,0,3
Jaydayni,0,3,3
Jaydeanio,3,0,3
Jaydëann,3,0,3
Jaydeann,0,3,3
Jaydeci,0,3,3
JayDee,3,0,3
Jaydée,0,3,3
Jaydéé,0,3,3
Jaydeé,0,3,3
Jaydee-Caine,3,0,3
Jaydee-Kane,3,0,3
Jaydee-Maé,0,3,3
Jaydee-Mae,0,3,3
Jaydee-Rae,0,3,3
Jaydee-Viroen,3,0,3
Jaydeep,3,0,3
Jaydelee,0,3,3
Jaydeleigh,0,3,3
Jaydelie,0,3,3
Jaydeling,3,0,3
Jaydelinho,3,0,3
Jaydelino,3,0,3
Jaydeliño,3,0,3
Jaydelon,3,0,3
Jaydemar,3,0,3
Jaydemerie,3,0,3
Jaydên,3,0,3
Jâyden,3,0,3
Jaydén,3,0,3
Jayden-,3,0,3
Jayden-Amir,3,0,3
Jayden-Angelo,3,0,3
Jayden-Damian,3,0,3
Jayden-Damiãnõ,3,0,3
Jayden-Danté,3,0,3
Jayden-Dean,3,0,3
Jayden-Eduard,3,0,3
Jayden-Jacky,3,0,3
Jayden-Jason,3,0,3
Jayden-Jean,3,0,3
Jayden-Jesse,3,0,3
Jayden-Lamar,3,0,3
Jayden-Luca,3,0,3
Jayden-Lynn,0,3,3
Jayden-Maria,0,3,3
Jayden-Mark,3,0,3
Jayden-Maxwell,3,0,3
Jayden-Milano,3,0,3
Jayden-Mine,3,0,3
Jayden-Owen,3,0,3
Jayden-Presley,3,0,3
Jayden-Ray,3,0,3
Jayden-Rose,0,3,3
Jayden-Sjoerd,3,0,3
Jayden-Sky,3,0,3
Jayden-Taylor,3,0,3
Jaydenayra,0,3,3
Jaydene,0,3,3
Jaydenie,0,3,3
Jaydenlynn,0,3,3
Jaydennairo,3,0,3
Jaydennarain,3,0,3
Jaydensly,3,0,3
Jayderick,3,0,3
Jayderino,3,0,3
Jayderson,3,0,3
Jaydervill,3,0,3
Jaydes,0,3,3
Jaydeshentley,3,0,3
Jaydeven,3,0,3
Jaydevon,3,0,3
Jaydew,3,0,3
Jaydey-Lynn,0,3,3
Jaydeyson,3,0,3
JayDi,0,3,3
Jaydi-Ann,0,3,3
Jaydi-Leah,0,3,3
Jaydi-Son,3,0,3
Jaydiaël,3,0,3
Jaydiaen,3,0,3
Jaydianio,3,0,3
Jaydiannys,0,3,3
Jaydieh,0,3,3
Jaydiella,0,3,3
Jaydien,3,0,3
Jaydiënmar,3,0,3
Jaydiër,3,0,3
Jaydiliyah,0,3,3
Jaydilonn,3,0,3
Jaydimar,3,0,3
Jaydina,0,3,3
Jaydinho,3,0,3
Jaydinio,3,0,3
Jaydiño,3,0,3
Jaydiön,3,0,3
Jaydionn,3,0,3
Jaydiron,3,0,3
Jaydisan,3,0,3
Jaydivine,0,3,3
Jaydix,3,0,3
Jaydlen,3,0,3
Jaydone,3,0,3
Jaydor,3,0,3
Jaydouan,3,0,3
Jaydouane,3,0,3
Jaydrah,0,3,3
Jaydrëon,3,0,3
Jaydreyon,3,0,3
Jaydri-Anne,0,3,3
Jaydrich,3,0,3
Jaydrid,3,0,3
Jaydriel,3,0,3
Jaydriël,3,0,3
Jaydriën,3,0,3
Jaydrién,3,0,3
Jaydriëndrickson,3,0,3
Jaydrienne,0,3,3
Jaydrik,3,0,3
Jaydrone,3,0,3
Jaydsen,3,0,3
Jaydson,3,0,3
Jaydtienne,3,0,3
Jaydun,3,0,3
Jaydy-Mae,0,3,3
Jaydy-Sky,0,3,3
Jaydyën,3,0,3
Jaydylon,3,0,3
Jaydyn,3,0,3
Jaydynn,3,0,3
Jaydyon,3,0,3
Jaydyronne,3,0,3
Jaydyson,3,0,3
Jayed,3,0,3
Jayeda,0,3,3
Jayedion,3,0,3
Jayeduard,3,0,3
Jayeen,3,0,3
Jayeeta,0,3,3
Jayela,0,3,3
Jayelano,3,0,3
Jayeling,0,3,3
Jayèll,3,0,3
Jayëll,3,0,3
Jayelo,3,0,3
Jayëlson,3,0,3
Jayenderly,3,0,3
Jayendkumar,3,0,3
Jayendré,3,0,3
Jayendredath,3,0,3
Jayenn,0,3,3
Jayënnety,0,3,3
Jayenpersad,3,0,3
Jayenprakash,3,0,3
Jayensh-ny,0,3,3
Jayenshely,0,3,3
Jayenthi,0,3,3
Jayenthie,0,3,3
Jayentiemala,0,3,3
Jayentriedevie,0,3,3
Jayeshraj,3,0,3
Jayesteny,0,3,3
Jayfaan,3,0,3
Jayfelino,3,0,3
Jayfencio,3,0,3
Jayfi,3,0,3
Jayfiano,3,0,3
Jayfiën,3,0,3
Jayfiéro,3,0,3
Jayfinio,3,0,3
Jayfinn,3,0,3
Jayflinn,3,0,3
Jayfone,3,0,3
Jayfri,3,0,3
Jaygani,3,0,3
Jaygeaux,3,0,3
Jaygor,0,3,3
Jayh'cia,0,3,3
Jayh'leigh,0,3,3
Jayh'len,3,0,3
Jayh'livano,3,0,3
Jayh'Nillio,3,0,3
Jayh'on,3,0,3
Jayh-ante,3,0,3
Jayh-Lano,3,0,3
Jayh-lee,0,3,3
Jayh-Lemar,3,0,3
Jayh-Liano,3,0,3
Jayh-Mani,3,0,3
Jayh-Mell,3,0,3
Jayh-noah,3,0,3
Jayh-Ro,3,0,3
Jayh-Viëndro,3,0,3
Jayhaem,3,0,3
Jayháilleigh-Ann,0,3,3
Jayhailyson,3,0,3
Jayhardy,3,0,3
Jayhcio,3,0,3
Jayhda,0,3,3
Jayhdan,3,0,3
Jayhdion,3,0,3
Jayhdishano,3,0,3
Jayhdon,3,0,3
Jayhdro,3,0,3
Jayhenna,0,3,3
Jayhjayh,3,0,3
Jayhlan,3,0,3
Jayhlany,0,3,3
Jayhleel,3,0,3
Jayhleën,3,0,3
Jayhlenn,3,0,3
Jayhlia,0,3,3
Jayhlimar,3,0,3
Jayhlina,0,3,3
Jayhlisio,3,0,3
Jayhlypheáno,3,0,3
Jayhmaël,3,0,3
Jayhmani,3,0,3
Jayhmar,3,0,3
Jayhmen,3,0,3
Jayhmerio,3,0,3
Jayhmian,3,0,3
Jayhmilio,3,0,3
Jayhmson,3,0,3
Jayhnaiden,3,0,3
Jayhnairo,3,0,3
Jayhnaley,0,3,3
Jayhneli,0,3,3
Jayhnoäh,3,0,3
Jayhoun,3,0,3
Jayhra,0,3,3
Jayhricilo,3,0,3
Jayhshendley,3,0,3
Jayhún,3,0,3
Jayhvaion,3,0,3
Jayhvanio,3,0,3
Jayhveliano,3,0,3
Jayhvi'lliano,3,0,3
Jayhvion,3,0,3
Jayhvon,3,0,3
Jayhvone,3,0,3
Jayiana,0,3,3
Jayìn,3,0,3
Jayina,0,3,3
Jayind,3,0,3
Jayinderperkash,3,0,3
Jayindra,3,0,3
Jayindrapersad,3,0,3
Jayine,3,0,3
Jayinkoemar,3,0,3
Jayion,3,0,3
Jayizaira,0,3,3
Jayja,0,3,3
Jayjanno,3,0,3
Jayjano,3,0,3
Jayjeandino,3,0,3
JayJey,3,0,3
Jayk,3,0,3
Jaykaio,3,0,3
Jaykaran,3,0,3
Jaykee,3,0,3
Jayken,3,0,3
Jaykishan,3,0,3
Jayko,3,0,3
Jaykub,3,0,3
Jaykumarsingh,3,0,3
Jayla'Lina,0,3,3
Jayla-Lynn,0,3,3
Jaylaa,0,3,3
Jaylaan,3,0,3
Jayladio-Armano,3,0,3
Jaylahnay,3,0,3
Jaylainio,3,0,3
Jaylainy,0,3,3
Jaylairo,3,0,3
Jaylaison,3,0,3
Jaylaizo,3,0,3
Jaylán,3,0,3
Jaylän,3,0,3
Jaylan-Risciano,3,0,3
Jaylando,3,0,3
Jaylaney,3,0,3
Jaylanica,0,3,3
Jaylanno,3,0,3
Jaylaño,3,0,3
Jaylano-James,3,0,3
Jaylau,3,0,3
Jaylaya,0,3,3
Jaylayna,0,3,3
Jaylayo,3,0,3
Jaylé-Charlize,0,3,3
Jaylé-Jazz,0,3,3
Jayléah,0,3,3
Jayleana,0,3,3
Jayleann,0,3,3
Jayleano,3,0,3
Jayleaviënna,0,3,3
Jayleé,0,3,3
Jaylee-Anna,0,3,3
Jaylee-Dior,0,3,3
Jaylee-Do,0,3,3
Jaylee-Mae,0,3,3
Jaylee-Rose,0,3,3
Jaylee-yen,0,3,3
Jayleena,0,3,3
Jayleesha,0,3,3
Jayleidy,0,3,3
Jayleigha,0,3,3
Jayleila,0,3,3
Jayleisha,0,3,3
Jaylen-Jesse,3,0,3
Jaylen-Mace,3,0,3
Jaylen-River,3,0,3
Jaylenah,0,3,3
Jaylenkoemar,3,0,3
Jaylenna,0,3,3
Jaylerencio,3,0,3
Jayles,0,3,3
Jaylestina,0,3,3
Jayley-Ann,0,3,3
Jayley-ann,0,3,3
Jayley-Jo,0,3,3
Jaylha,0,3,3
Jaylhiano,3,0,3
Jayli-Anne,0,3,3
Jayli-Chentely,0,3,3
Jayli-él,0,3,3
Jayli-mae,0,3,3
Jayli-Maé,0,3,3
Jayli-ro,3,0,3
Jayli-Rose,0,3,3
Jayli-Sienne,0,3,3
Jayliancio,3,0,3
Jaylianho,3,0,3
Jaylianna,0,3,3
Jáyliannah,0,3,3
Jaylias,3,0,3
Jaylichano,3,0,3
Jayliciano,3,0,3
Jayliciënne,0,3,3
Jaylicin,0,3,3
Jaylie-Anne,0,3,3
Jayliëdon,3,0,3
Jayliegh,0,3,3
Jaylieh,0,3,3
Jayliël,3,0,3
Jaylién,0,3,3
Jayliène,0,3,3
Jayliënso,3,0,3
Jaylies,0,3,3
Jaylimaro,3,0,3
Jaylín,0,3,3
Jaylina-Chelise,0,3,3
Jaylínn,0,3,3
Jaylinn-Mae,0,3,3
Jaylinn-Zoë,0,3,3
Jaylinyo,3,0,3
Jaylio,3,0,3
Jaylion-D'leh,3,0,3
Jaylisah,0,3,3
Jaylisé,0,3,3
Jaylisia,0,3,3
Jayliss,0,3,3
Jaylissia,0,3,3
Jaylissio,3,0,3
Jaylitcio,3,0,3
Jaylius,3,0,3
Jayliviëndro,3,0,3
Jaylixiënne,0,3,3
Jayliyah,0,3,3
Jayliz,0,3,3
Jaylize,0,3,3
Jaylizio,3,0,3
Jaylizza,0,3,3
Jaylli-Ann,0,3,3
Jaylliam,3,0,3
Jaylly-Quincio,3,0,3
Jayloh,3,0,3
Jayloisa,0,3,3
Jaylonique,0,3,3
Jayloriano,3,0,3
Jaylrevano,3,0,3
Jaylsevainy,0,3,3
Jaylson,3,0,3
Jaylucia,0,3,3
Jaylvaino,3,0,3
Jaylvienne,0,3,3
Jayly-ann,0,3,3
Jayly-Ann,0,3,3
Jayly-anne,0,3,3
Jaylyandro,3,0,3
Jaylyano,3,0,3
Jaylymaio,3,0,3
Jaylyne,0,3,3
Jaylynn-Jada,0,3,3
Jaylynne,0,3,3
Jaylyon,3,0,3
Jaylyziënne,0,3,3
Jaymaaien,3,0,3
Jaymaey,3,0,3
Jaymahro,3,0,3
Jaymaih,3,0,3
Jaymain,3,0,3
Jaymaine,3,0,3
Jaymairah,0,3,3
Jaymairion,3,0,3
Jaymairissa,0,3,3
Jaymaisa,0,3,3
Jaymaiyro,3,0,3
Jaymalaine,0,3,3
Jaymalieh-Hope,0,3,3
Jayman,3,0,3
Jaymanuël,3,0,3
Jaymanuell,3,0,3
Jaymarcus,3,0,3
Jaymaréa,3,0,3
Jaymari,3,0,3
JayMari,3,0,3
Jaymarillo,3,0,3
Jaymario,3,0,3
Jaymarley,3,0,3
Jaymaru,3,0,3
Jaymayliano,3,0,3
Jaymë,3,0,3
Jaymé,3,0,3
Jayme-Lynn,0,3,3
Jayméan,3,0,3
Jaymeigh,0,3,3
Jaymeiro,3,0,3
Jaymelaino,3,0,3
Jaymelin,0,3,3
Jaymelisha,0,3,3
Jaymell,3,0,3
Jaymena,0,3,3
Jaymendo,3,0,3
Jaymenny,0,3,3
Jaymerick,3,0,3
Jaymerie,3,0,3
Jaymerio,3,0,3
Jaymeris,3,0,3
Jaymèsa,0,3,3
Jaymï,3,0,3
Jaymi-Lee,0,3,3
Jaymia,0,3,3
Jaymiän,3,0,3
Jaymian-Lee,3,0,3
Jaymicha,3,0,3
Jaymico,0,3,3
Jaymidon,3,0,3
Jaymiel,3,0,3
Jaymiël,3,0,3
Jaymieson,3,0,3
Jaymigon,3,0,3
Jaymil,3,0,3
Jaymilan,3,0,3
Jaymilaysha,0,3,3
Jaymile,3,0,3
Jaymilia,0,3,3
Jaymiliana,0,3,3
Jaymiline,0,3,3
Jaymilinho,3,0,3
Jaymilla,0,3,3
Jaymille,3,0,3
Jaymilliano,3,0,3
Jaymilo,3,0,3
Jaymilyo,3,0,3
Jaymio,3,0,3
Jaymion,3,0,3
Jaymir,3,0,3
Jaymiron,3,0,3
Jaymore,3,0,3
Jaymson,3,0,3
Jaymuel,3,0,3
Jaymylie,0,3,3
Jaymyro,3,0,3
Jayna-Lee,0,3,3
Jayna-lynn,0,3,3
Jayna-Lynn,0,3,3
Jaynaëngely,0,3,3
Jaynaiden,3,0,3
Jaynaika,0,3,3
Jaynailis,0,3,3
Jaynailisse,0,3,3
Jaynaisha,0,3,3
Jaynaldo,3,0,3
Jaynaleeza,0,3,3
Jaynaleigh,0,3,3
Jaynalisa,0,3,3
Jaynand,3,0,3
Jaynar,3,0,3
Jaynardo,3,0,3
Jaynarison,3,0,3
Jaynathan,3,0,3
Jaynaya,0,3,3
Jaynaysha,0,3,3
Jayné,0,3,3
Jayne-Ashley,0,3,3
Jayne-Elja,0,3,3
Jayne-Lee,0,3,3
Jayne-Lynn,0,3,3
Jaynealy,0,3,3
Jayneba,0,3,3
Jaynedelien,0,3,3
Jayneel,3,0,3
Jaynefa,0,3,3
Jayneill,3,0,3
Jayneiro,3,0,3
Jaynelie,0,3,3
Jaynella,0,3,3
Jaynelle,0,3,3
Jaynelly,0,3,3
Jaynelson,3,0,3
Jayneraino,3,0,3
Jaynerio,3,0,3
Jaynery,0,3,3
Jayneuwel,3,0,3
Jaynévaio,3,0,3
Jayniäl,3,0,3
Jaynice,0,3,3
Jayniceo,3,0,3
Jaynicha,0,3,3
Jaynick,3,0,3
Jayniel,3,0,3
Jayniello,3,0,3
Jayniëlmar,3,0,3
Jaynil,3,0,3
Jaynilo,3,0,3
Jaynilsson,3,0,3
Jayninia,0,3,3
Jaynique,3,0,3
Jayniro,3,0,3
Jaynish,3,0,3
Jaynisho,3,0,3
Jaynisyra,0,3,3
Jaynivaira,0,3,3
Jaynizya-Lynn,0,3,3
Jaynniesia,0,3,3
Jaynnifer,0,3,3
Jaynoah-Joëll,3,0,3
Jaynova,3,0,3
Jaynoza,0,3,3
Jaynrinse,0,3,3
Jaynuar,3,0,3
Jaynuel,3,0,3
Jaynuell,3,0,3
Jaynus,3,0,3
Jayomar,3,0,3
Jayomie,0,3,3
Jayoni,0,3,3
Jayonna,0,3,3
Jayonni,0,3,3
Jayoti,0,3,3
Jaypersad,3,0,3
Jayqueen,0,3,3
Jayraaj,3,0,3
Jayraël,3,0,3
Jayrain,3,0,3
Jayraïno,3,0,3
Jayraisley,3,0,3
Jayrakshan,3,0,3
Jayraldo,3,0,3
Jayrani,3,0,3
Jayranzo,3,0,3
Jayrard,3,0,3
Jayrayla,0,3,3
Jayrayli,3,0,3
Jayre'One,3,0,3
Jayreisha,0,3,3
Jayrel,3,0,3
Jayreli,0,3,3
Jayrelle,3,0,3
Jayrello,3,0,3
Jayremar,3,0,3
Jayrencio,3,0,3
Jayrendo,3,0,3
Jayrene,0,3,3
Jayrenie,0,3,3
Jayreno,3,0,3
Jayrensio,3,0,3
Jayrenthly,3,0,3
Jayreq,3,0,3
Jayrése,3,0,3
Jayress,3,0,3
Jayrha,3,0,3
Jayrhone,3,0,3
Jayri,3,0,3
Jayriano,3,0,3
Jayrick,3,0,3
Jayrico,3,0,3
Jayriekko,3,0,3
Jayriën,3,0,3
Jayriënne,0,3,3
Jayrikson,3,0,3
Jayril,3,0,3
Jayrin,3,0,3
Jayris,3,0,3
Jayrisch,3,0,3
Jayrishsingh,3,0,3
Jayrison,3,0,3
Jayrius,3,0,3
Jayromé,3,0,3
Jayromi,3,0,3
Jayron-Alrick,3,0,3
Jayroni,0,3,3
Jayronne,3,0,3
Jayrovino,3,0,3
Jayrowviensley,3,0,3
Jayrren,3,0,3
Jayrson,3,0,3
Jayru,3,0,3
Jaysah,0,3,3
Jaysailly,0,3,3
Jaysajah,3,0,3
Jaysamira,0,3,3
Jaysant,3,0,3
Jaysarel,3,0,3
Jaysario,3,0,3
Jaysaro,3,0,3
Jaysau,3,0,3
Jayscee,3,0,3
Jayseley,3,0,3
Jayselien,0,3,3
Jayselina,0,3,3
Jayseline,0,3,3
Jaysen-Dean,3,0,3
Jaysenn,3,0,3
Jayser,3,0,3
Jayseranö,3,0,3
Jaysha,0,3,3
Jayshaiënly,0,3,3
Jayshaino,3,0,3
Jayshaira,0,3,3
Jayshaleigh,0,3,3
Jayshaliënne,0,3,3
Jayshanaira,0,3,3
Jayshareen,0,3,3
Jayshawne,3,0,3
Jayshayani,0,3,3
Jayshayron,3,0,3
Jayshen,3,0,3
Jaysheni,0,3,3
Jayshenice,0,3,3
Jayshenno,3,0,3
Jayshira,0,3,3
Jayshmi,0,3,3
Jayshré,0,3,3
Jayshuan,3,0,3
Jaysiah,3,0,3
Jaysianna,0,3,3
Jaysiano,3,0,3
Jaysiderio,3,0,3
Jaysienna,0,3,3
Jaysienne,0,3,3
Jaysimar,3,0,3
Jaysing,3,0,3
Jaysiyör,3,0,3
Jaysleay,0,3,3
Jayslen,3,0,3
Jayslinn,0,3,3
Jaysly,0,3,3
Jayson-Dean,3,0,3
Jayson-Jenoah,3,0,3
Jayson-Jesse,3,0,3
Jayson-Railey,3,0,3
Jaysonpaul,3,0,3
Jaysrie,0,3,3
Jayssalin,0,3,3
Jaysson,3,0,3
Jayst,3,0,3
Jaysten,3,0,3
Jaystino,3,0,3
Jayston,3,0,3
Jaysu,3,0,3
Jaysuma,3,0,3
Jaysureno,3,0,3
Jaysvari,0,3,3
Jaysy,0,3,3
Jayta,0,3,3
Jaytano,3,0,3
Jaytee,3,0,3
Jaythlin,0,3,3
Jaythly,3,0,3
Jaythone,3,0,3
Jaythyn,3,0,3
Jayti,3,0,3
Jaytinsingh,3,0,3
Jaytu,0,3,3
Jayv,3,0,3
Jayvaan,3,0,3
Jayvaileon,3,0,3
Jayvain,3,0,3
Jayvaina,0,3,3
Jayvalinho,3,0,3
Jayvalinio,3,0,3
Jayvalley,3,0,3
Jayvallino,3,0,3
Jayvána,0,3,3
Jayvanairo,3,0,3
Jayvanchez,3,0,3
Jayvand,3,0,3
Jayvandrey,3,0,3
Jayvandro,3,0,3
Jayvaney,0,3,3
Jayvanioh,3,0,3
Jayvanny,3,0,3
Jayváno,3,0,3
Jayvano-Jay,3,0,3
Jayvanshello,3,0,3
Jayvansly,3,0,3
Jayvany,3,0,3
Jayvean,3,0,3
Jayveanly,3,0,3
Jayveleigh,0,3,3
Jayvén,3,0,3
Jayveney,0,3,3
Jayvenge,3,0,3
Jayvenn,3,0,3
Jayvènsily,0,3,3
Jayvensly,3,0,3
Jayvently,3,0,3
Jayveraisa,0,3,3
Jayves,3,0,3
Jayvi-Blue,3,0,3
Jayviän,3,0,3
Jayvianno,3,0,3
Jayviany,0,3,3
Jayvid,3,0,3
Jayvié,3,0,3
Jayvieën,3,0,3
Jayviendro,3,0,3
Jayvier,3,0,3
Jayvillian,3,0,3
Jayvilon,3,0,3
Jayvïn,3,0,3
Jayvin-lee,3,0,3
Jayvinairo,3,0,3
Jayvindath,3,0,3
Jayvine,3,0,3
Jayvinello,3,0,3
Jayvininho,3,0,3
Jayvinlee,3,0,3
Jayviño,3,0,3
Jayvionn,3,0,3
Jayvïor,3,0,3
Jayvir,3,0,3
Jayvison,3,0,3
Jayvius,3,0,3
Jayvony,3,0,3
Jayvren,3,0,3
Jayvrensey,3,0,3
Jáyvurly,3,0,3
Jayvus,3,0,3
Jayvylencio,3,0,3
Jayvynn,3,0,3
Jayvyon,3,0,3
Jaywaël,3,0,3
Jaywand,3,0,3
Jaywantie,0,3,3
Jaywen,3,0,3
Jaywhe,3,0,3
Jayxiënne,0,3,3
Jayzar,3,0,3
Jayzeanne,0,3,3
Jayzee,3,0,3
Jayzefai,3,0,3
Jayzèn,3,0,3
Jayzeray,3,0,3
Jayzey,3,0,3
Jayzhin,3,0,3
Jayziënne,0,3,3
Jayzin,3,0,3
Jayzinho,3,0,3
Jayzion,3,0,3
Jayzléé-Tyreé,3,0,3
Jayzson,3,0,3
Jayzyon,3,0,3
Jayŉoah,3,0,3
Jaz'Elle,0,3,3
Jaz-Elle,0,3,3
Jaz-Shuan,3,0,3
Jaza,0,3,3
Jazah,0,3,3
Jazahra,0,3,3
Jazaira,0,3,3
Jazaley,0,3,3
Jazan,3,0,3
Jazão,3,0,3
Jazara,0,3,3
Jazariya,0,3,3
Jazdani,3,0,3
Jazdia,0,3,3
Jazëah,3,0,3
Jazebel,0,3,3
Jazebell,0,3,3
Jazebelle,0,3,3
Jazeim,3,0,3
Jazell,3,0,3
Jazelle,0,3,3
Jazelyn,0,3,3
Jazem,3,0,3
Jazemin,0,3,3
Jazen,3,0,3
Jazerah,0,3,3
Jazia,0,3,3
Jazid,3,0,3
Jazied,3,0,3
Jazieel,0,3,3
Jaziël,3,0,3
Jazien,3,0,3
Jaziëro,3,0,3
Jazil,3,0,3
Jazill,3,0,3
Jazim,3,0,3
Jazima,0,3,3
Jazine,0,3,3
Jazínn,3,0,3
Jazio,3,0,3
Jazirah,0,3,3
Jaziz,3,0,3
Jazk,3,0,3
Jazlan,3,0,3
Jazlea,0,3,3
Jazlee,0,3,3
Jazleen,0,3,3
Jazlie,0,3,3
Jazlijn,0,3,3
Jazline,0,3,3
Jazly,0,3,3
Jazlynn-Fay,0,3,3
Jazmaë,0,3,3
Jazmaé,0,3,3
Jazmailo,3,0,3
Jazmaine,0,3,3
Jazmée,0,3,3
Jazmeet,0,3,3
Jazmen,0,3,3
Jazmina,0,3,3
Jazminda,0,3,3
Jazmirah,0,3,3
Jazmyne,0,3,3
Jazmynn,0,3,3
Jazmyra,0,3,3
Jazna,0,3,3
Jaznae,0,3,3
Jazni,0,3,3
Jazny,0,3,3
Jazper,3,0,3
Jazthon,3,0,3
Jazwyn,3,0,3
Jazyron,3,0,3
Jazz'Elle,0,3,3
Jazz'elle,0,3,3
Jazz'linn,0,3,3
Jazz'Lynn,0,3,3
Jazz'mae,0,3,3
Jazz-He,3,0,3
Jazz-lee,0,3,3
Jazz-Lena,0,3,3
Jazz-lin,0,3,3
Jazz-linn,0,3,3
Jazz-Luca,3,0,3
Jazz-Lyann,0,3,3
Jazz-lyn,0,3,3
Jazz-maé,0,3,3
Jazz-may,0,3,3
Jazz-Nayala,0,3,3
Jazza,0,3,3
Jazzabel,0,3,3
Jazzabell,0,3,3
Jazzae,0,3,3
Jazzahra,0,3,3
Jazzairah,0,3,3
Jazzairo,3,0,3
Jazzalea,0,3,3
Jazzaliyah,0,3,3
Jazzalyn,0,3,3
Jazzamin,0,3,3
Jazzamy,0,3,3
Jazzanine,0,3,3
Jazzareth,3,0,3
Jazzariah,0,3,3
Jazzciana,0,3,3
Jazzdyn,0,3,3
Jazzebella,0,3,3
Jazzefina,0,3,3
Jazzelin,0,3,3
Jazzeline,0,3,3
Jazzeny,0,3,3
Jàzzerio-achãz,3,0,3
Jazzey-May,0,3,3
Jazzha,0,3,3
Jazzim,3,0,3
Jazzl,0,3,3
Jazzlayn,0,3,3
Jazzleah,0,3,3
Jazzley'Jay,3,0,3
Jazzley-Fay,0,3,3
Jazzley-Rae,3,0,3
Jazzlie,0,3,3
Jazzlijnn,0,3,3
Jazzlina,0,3,3
Jazzlyn-Faith,0,3,3
Jazzlyna,0,3,3
Jazzlynn-José,0,3,3
Jazzlynn-Noël,0,3,3
Jazzmairo,3,0,3
Jazzmalin,0,3,3
Jazzmea,0,3,3
Jazzmee,0,3,3
Jazzmine-Kymora,0,3,3
Jazzmond,3,0,3
Jazzmoun,3,0,3
Jazzmya,0,3,3
Jazznaya,0,3,3
Jazzni,0,3,3
Jazzoé,0,3,3
Jazzpreet,0,3,3
Jazzraë,0,3,3
Jazzró,3,0,3
Jazzshian,0,3,3
Jazzson,3,0,3
Jazzy'J,0,3,3
Jazzy-Ann,0,3,3
Jazzy-Bo,0,3,3
Jazzy-Jasmin,0,3,3
Jazzy-Jo,0,3,3
Jazzy-June,3,0,3
Jazzy-Ray,3,0,3
Jazzybelle,0,3,3
Jazzylayah,0,3,3
JBA,0,3,3
Jbid,0,3,3
Jcanine,0,3,3
JCAP,0,3,3
Jcé,0,3,3
JCT,3,0,3
JCW,0,3,3
JDE,0,3,3
Jdion,3,0,3
JDT,0,3,3
Je'illio,3,0,3
Jé'la,0,3,3
Je'marie,3,0,3
Je'naely,0,3,3
Je'nairo,3,0,3
Je'Near,0,3,3
Je'Nissa,0,3,3
Je'rod,3,0,3
Je'rolon,3,0,3
Je'romhe,3,0,3
Je'Shaé,0,3,3
Je'Shara,0,3,3
Je'vano,3,0,3
Je'vaughn,3,0,3
Je'vaya,0,3,3
Je'zaya,3,0,3
Je'Zechiël,3,0,3
Je-Angelo,3,0,3
Je-anne,0,3,3
Jé-Anne,0,3,3
Je-feanely,0,3,3
Jè-Jè,3,0,3
Je-Jerione,3,0,3
Je-Joe,0,3,3
Je-Lanya,0,3,3
Je-Layno,3,0,3
Je-Leayah,0,3,3
Je-Marc,3,0,3
Je-Meayma,0,3,3
Je-Nailo,3,0,3
Je-Ní,0,3,3
Je-niece,0,3,3
Je-Rai,3,0,3
Je-vaino,3,0,3
Jea'Ceon,3,0,3
Jea'neyah,0,3,3
Jea'Nysha,0,3,3
Jea'sire,3,0,3
Jea-dé,3,0,3
Jea-Ennelly,0,3,3
Jea-Liyah,0,3,3
Jéa-Lyana,0,3,3
Jea-Lyann,0,3,3
Jéa-lynn,0,3,3
Jea-Mailey,0,3,3
Jea-Mayra,0,3,3
Jea-nairo,3,0,3
Jea-Shano,3,0,3
Jea-Sun,3,0,3
Jea-violin,3,0,3
Jeab,0,3,3
Jeabriëll,3,0,3
Jeabyez,0,3,3
Jeace,3,0,3
Jeaceli,0,3,3
Jeaceline,0,3,3
Jeaceon,3,0,3
Jéacillia,0,3,3
Jeacim,3,0,3
Jeaclyn,0,3,3
Jeacolena,0,3,3
Jeacqoline,0,3,3
Jëada,0,3,3
Jeada'Leigh,0,3,3
Jeada-Alanah,0,3,3
Jeada-Eveny,0,3,3
Jeada-Mae,0,3,3
Jeadah,0,3,3
Jeadalina,0,3,3
Jeadaney,0,3,3
Jeadany,0,3,3
Jeadeney-Céline,0,3,3
Jeadi,0,3,3
Jeadïan,3,0,3
Jéadian,3,0,3
Jeadidah,0,3,3
Jeadie,0,3,3
Jeadieke,0,3,3
Jeadièro,3,0,3
Jeadilson,3,0,3
Jeadin,3,0,3
Jeadine,0,3,3
Jeadonysha,0,3,3
Jeadot,3,0,3
Jeadrèlika,0,3,3
Jeadrick,3,0,3
Jeadriello,3,0,3
Jeady'elle,0,3,3
Jéady'vi,0,3,3
Jeady-Ann,0,3,3
Jeady-Elle,0,3,3
Jeadyann,0,3,3
Jeadyelle,3,0,3
Jeadyn,3,0,3
Jeadyson,3,0,3
Jeaelvis,3,0,3
Jéafai,3,0,3
Jèafai,3,0,3
Jeafano,3,0,3
Jeafenni,0,3,3
Jeafiano,3,0,3
Jeagan,3,0,3
Jeago,3,0,3
Jeahley,0,3,3
Jeahly,0,3,3
Jeahnee,0,3,3
Jeahnio,3,0,3
Jeahs,0,3,3
Jéailey,0,3,3
Jeailynn,0,3,3
Jëalan,3,0,3
Jealan,0,3,3
Jealangela,0,3,3
Jealano,3,0,3
Jealdemar,3,0,3
Jealee,0,3,3
Jealeece,0,3,3
Jealene,0,3,3
Jealey-Ann,0,3,3
Jeali'ann,0,3,3
Jeali-Ann,0,3,3
Jealiano,3,0,3
Jealïano,3,0,3
Jealicio,3,0,3
Jeálina,0,3,3
Jealinah,0,3,3
Jealinio,3,0,3
Jealise,0,3,3
Jealisio,3,0,3
Jealisiyah,0,3,3
Jealissa,0,3,3
Jëalliano,3,0,3
Jeally'an,0,3,3
Jealo,0,3,3
Jealon,3,0,3
Jealy-Ano,3,0,3
Jealya,0,3,3
Jealyne,0,3,3
Jealynna,0,3,3
Jealyon,3,0,3
Jeamahia,0,3,3
Jeamailison,3,0,3
Jeamaira,0,3,3
Jeamairon,3,0,3
Jeámano,3,0,3
Jeamantha,0,3,3
Jeamelle,0,3,3
Jeaméne,0,3,3
Jeamenne,0,3,3
Jeames,3,0,3
Jeamey,3,0,3
Jeamilio,3,0,3
Jeamille,0,3,3
Jeamin,3,0,3
Jeamine,0,3,3
Jeamiree,0,3,3
Jeamisha,0,3,3
Jéamo,3,0,3
Jeamon,3,0,3
Jeams,3,0,3
Jeamuël,3,0,3
Jeamy-Ann,0,3,3
Jeamy-Leah,0,3,3
Jeamzy,0,3,3
Jeán,3,0,3
Jean'L,0,3,3
Jean'Omar,3,0,3
Jean-,0,3,3
Jean-Adriaan,3,0,3
Jean-Aimé,3,0,3
Jean-Alber,3,0,3
Jean-Albert,3,0,3
Jean-Alette,0,3,3
Jean-Alphonse,3,0,3
Jean-Andra,0,3,3
Jean-Andres,3,0,3
Jean-Avery,3,0,3
Jean-Banbo,3,0,3
Jean-Batiste,3,0,3
Jean-Bente,3,0,3
Jean-Calaba,3,0,3
Jean-Cardy,3,0,3
Jean-Carol,0,3,3
Jean-Casimir,3,0,3
Jean-Charles,3,0,3
Jean-Christoff,3,0,3
Jéan-Cobus,3,0,3
Jean-Collin,3,0,3
Jean-Cristépher,3,0,3
Jean-Critien,3,0,3
Jean-Daisy,0,3,3
Jean-Damian,3,0,3
Jean-Darnel,3,0,3
Jean-Dély,0,3,3
Jean-Denis,3,0,3
Jean-Didier,3,0,3
Jean-Douglas,0,3,3
Jean-Draily,3,0,3
Jean-dré,3,0,3
Jean-Dré,3,0,3
Jean-Drell,0,3,3
Jean-drelys,0,3,3
Jean-drick,3,0,3
Jean-Druëlle,3,0,3
Jean-Druelle,0,3,3
Jean-Dwayne,3,0,3
Jean-dyna,0,3,3
Jean-Enrique,3,0,3
Jean-Eugene,3,0,3
Jean-Faisal,3,0,3
Jean-Ferdinand,3,0,3
Jean-Floyd,3,0,3
Jean-Franc,3,0,3
Jean-Francois,3,0,3
Jean-Frans,3,0,3
Jean-Gabriël,3,0,3
Jean-Geneve,0,3,3
Jean-Gennathalia,0,3,3
Jean-Gerard,3,0,3
Jean-Giliam,3,0,3
Jean-Gino,3,0,3
Jean-Guilaume,3,0,3
Jean-Hendricus,3,0,3
Jean-Hendrik,3,0,3
Jean-Hubert,3,0,3
Jean-Huub,3,0,3
Jean-ives,3,0,3
Jean-Jack,3,0,3
Jean-Jarré,3,0,3
Jean-Jean,3,0,3
Jean-Jerald,3,0,3
Jean-Jerry,3,0,3
Jean-Julien,3,0,3
Jean-Junaid,3,0,3
Jean-L',3,0,3
Jean-Leron,3,0,3
Jean-Liz,0,3,3
Jean-Louise,0,3,3
Jean-luca,3,0,3
Jean-Ludwig,3,0,3
Jean-Maarten,3,0,3
Jean-marc,3,0,3
Jean-Marck,3,0,3
Jean-Marianni,0,3,3
Jean-Marick,3,0,3
Jean-Marijn,3,0,3
Jean-Marino,3,0,3
Jean-Mark,3,0,3
Jean-Mart,3,0,3
Jean-Mary,3,0,3
Jean-Maxim,3,0,3
Jean-Maxime,3,0,3
Jean-Melviano,3,0,3
Jean-Menne,3,0,3
Jean-Micheal,3,0,3
Jean-Michèl,3,0,3
Jean-Mile,3,0,3
Jean-naisa,0,3,3
Jean-Nalissa,0,3,3
Jean-Neil,3,0,3
Jean-Nelle,0,3,3
Jean-Nic,3,0,3
Jean-Niek,3,0,3
Jean-Noëlle,0,3,3
Jean-Orvel,3,0,3
Jean-Pascale,3,0,3
Jean-Patrick,3,0,3
Jéan-Paul,3,0,3
Jean-Paul-Sebastian,3,0,3
Jean-Paulo,3,0,3
Jean-Perre,3,0,3
Jean-Pharino,3,0,3
Jean-Phille,0,3,3
Jean-Piëre,3,0,3
Jean-Piere,3,0,3
Jean-Pierré,3,0,3
Jean-Pierre-Nico,3,0,3
Jean-Pieter,3,0,3
Jean-Poul,3,0,3
Jean-Presney,0,3,3
Jean-Quint,3,0,3
Jean-R',3,0,3
Jean-railey,0,3,3
Jean-Raylis,0,3,3
Jean-Raymond,3,0,3
Jean-Remi,3,0,3
Jean-Rémie,3,0,3
Jean-Ric,3,0,3
Jean-Rich,3,0,3
Jean-Richard,3,0,3
Jean-Richie,3,0,3
Jean-Rinald,3,0,3
Jean-Rochér,3,0,3
Jean-Roger,3,0,3
Jean-Rose,3,0,3
Jean-Ruud,3,0,3
Jean-Ryan,3,0,3
Jean-Safino,3,0,3
Jean-Shaniek,3,0,3
Jean-Simon,3,0,3
Jean-Stefan,3,0,3
Jean-Stephane,3,0,3
Jean-Sueäno,3,0,3
Jean-Taz,0,3,3
Jean-Tell,0,3,3
Jean-Thiago,3,0,3
Jean-Thoma,3,0,3
Jean-Tiamo,3,0,3
Jean-Tienne,3,0,3
Jean-Tine,0,3,3
Jean-Toine,3,0,3
Jean-Ton,3,0,3
Jean-Travis,3,0,3
Jean-Tristan,3,0,3
Jean-Vié,3,0,3
Jean-viër,3,0,3
Jean-Vrij,3,0,3
Jean-Willy,3,0,3
Jean-Xioqueenaly,0,3,3
Jeána,0,3,3
Jeana-Lisa,0,3,3
Jeanacia,0,3,3
Jeanadiz,0,3,3
Jeanadíz,0,3,3
Jeanae,0,3,3
Jeanah,0,3,3
Jeanaidy,0,3,3
Jeanailly,0,3,3
Jeanaireau,3,0,3
Jeanairen,3,0,3
Jeanairy,0,3,3
Jeanaishely,0,3,3
Jeanaiskha,0,3,3
Jeanaïssa,0,3,3
Jeanaley,0,3,3
Jeanalicia,0,3,3
Jeanalie,0,3,3
Jeanalisha,0,3,3
Jeanalys,0,3,3
Jéanardo,3,0,3
Jeanardo,3,0,3
Jeanarisca,0,3,3
Jeanavon,3,0,3
Jeanavy,0,3,3
Jeanazya,0,3,3
Jeanbiero,3,0,3
Jeanceline,0,3,3
Jeanchelo,3,0,3
Jeanclair,3,0,3
Jeanclaude,3,0,3
Jeandael,3,0,3
Jeandaisy,0,3,3
Jeandaura,0,3,3
Jeandeara,0,3,3
Jeandelicka,0,3,3
Jeandelish,0,3,3
Jeandell,0,3,3
Jeandellis,0,3,3
Jeandelys,0,3,3
Jeandelyss,0,3,3
Jeandenis,3,0,3
Jeander,3,0,3
Jeanderee,0,3,3
Jeanderniceley,0,3,3
Jeandeshia,0,3,3
Jeandhino,3,0,3
Jeandico,3,0,3
Jeandiel,3,0,3
Jeandiene,3,0,3
Jeandiño,3,0,3
Jeandion,3,0,3
Jeandire,3,0,3
Jeandiro,3,0,3
Jeandjeeshelmari,0,3,3
Jeandoura,0,3,3
Jëandra,0,3,3
Jeandraly,0,3,3
Jeandray-Leigh,0,3,3
Jéandré,3,0,3
Jeandrealyka,0,3,3
Jeandréé-Ann,0,3,3
Jeandreelies,0,3,3
Jeandrelino,3,0,3
Jeandreliya,0,3,3
Jeandrellieka,0,3,3
Jeandrelly,0,3,3
Jeandrelys,0,3,3
Jeandreù,3,0,3
Jeandreu,3,0,3
Jeandrévyone,3,0,3
Jeandreyon,3,0,3
Jeandriana,0,3,3
Jeandric,3,0,3
Jeandriella,0,3,3
Jeandriënska,0,3,3
Jeandrik,3,0,3
Jeandrilica,0,3,3
Jeandrino,3,0,3
Jéandro,3,0,3
Jeandrouell,3,0,3
Jeandruëlle,3,0,3
Jeandy,0,3,3
Jeandyliën,0,3,3
Jeané,0,3,3
Jeane-Ann,0,3,3
Jeane-Daille,0,3,3
Jeane-Henriëtte,0,3,3
Jeane-Lee,0,3,3
Jeane-nemy,0,3,3
Jeane-Pierre,3,0,3
Jeaneaux,3,0,3
Jeaneeltje,0,3,3
Jeaneeva,0,3,3
Jeanefer,0,3,3
Jeaneira,0,3,3
Jeanela,0,3,3
Jeanelee,0,3,3
Jeanelene,0,3,3
Jeaneley,0,3,3
Jeaneli,0,3,3
Jeaneliene,0,3,3
Jeanelina,0,3,3
Jeaneline,0,3,3
Jeanelisa,0,3,3
Jeanelisha,0,3,3
Jeaneljow,3,0,3
Jeanellé,0,3,3
Jeanellie,0,3,3
Jeanellisa,0,3,3
Jeanelva,0,3,3
Jeanelvannia,0,3,3
Jeaneraishely,0,3,3
Jeanere,0,3,3
Jeanerelies,0,3,3
Jeanery,3,0,3
Jeanesa,0,3,3
Jeanesca,0,3,3
Jeanesse,0,3,3
Jeanesy,0,3,3
Jeanét,0,3,3
Jeanet-Catharina,0,3,3
Jeanet-Marion,0,3,3
Jeanetha,0,3,3
Jeanethson,3,0,3
Jeanethy,0,3,3
Jeanetine,0,3,3
Jeanètje,0,3,3
Jeanètte,0,3,3
Jeanette-Ingrid,0,3,3
Jeanette-Lucielle,0,3,3
Jeanette-Maria,0,3,3
Jeanette-Nadine,0,3,3
Jeanette-Susanne,0,3,3
Jeanettely,0,3,3
Jeanety,0,3,3
Jeanevaeh,0,3,3
Jeaneve,0,3,3
Jeaneviera,0,3,3
Jeanevio,3,0,3
Jeanevive,0,3,3
Jeanewëlly,0,3,3
Jeaney-Lenn,0,3,3
Jeanfilippe,3,0,3
Jeanfrançois,3,0,3
Jeang,3,0,3
Jeangelo,3,0,3
Jeangiolique,0,3,3
Jeanha,0,3,3
Jeanholainy,0,3,3
Jeanía,0,3,3
Jeania,0,3,3
Jeanica,0,3,3
Jeanicke,0,3,3
Jeanicque,0,3,3
Jeaniel,3,0,3
Jeaniele,0,3,3
Jeaniëlle,0,3,3
Jeanién,0,3,3
Jeanieneke,0,3,3
Jeanier,3,0,3
Jeanieta,0,3,3
Jeanietta,0,3,3
Jeanife,0,3,3
Jeanike,0,3,3
Jeanilet,0,3,3
Jeanilio,3,0,3
Jeanille,0,3,3
Jeanillio,3,0,3
Jeaniluschka,0,3,3
Jeanim,3,0,3
Jeanine-Faibeline,0,3,3
Jeanine-Josette,0,3,3
Jeanineke,0,3,3
Jeaniniyo,3,0,3
Jeaninna,0,3,3
Jeanir,3,0,3
Jeanirra,0,3,3
Jeanis,0,3,3
Jeanisca,0,3,3
Jeanissa,0,3,3
Jeanisse,0,3,3
Jeanit,0,3,3
Jeanitha,0,3,3
Jeanito,3,0,3
Jeanity,0,3,3
Jeanivienne,0,3,3
Jeanivio,3,0,3
Jeaniyah,0,3,3
Jeanjaar,3,0,3
Jeanjela,0,3,3
Jeanlentely,0,3,3
Jeànley,0,3,3
Jeanlisa,0,3,3
JeanLuc,3,0,3
Jeanluis,3,0,3
Jeanmac,3,0,3
Jeanmark,3,0,3
Jeanmartain,3,0,3
Jeanmary,0,3,3
Jeanmaurice,3,0,3
Jeanmaurick,3,0,3
Jeanmavìe,3,0,3
Jeanmeline,0,3,3
Jeanmiendro,3,0,3
Jeanmiguel,3,0,3
Jeanmillian,3,0,3
Jeanmiree,0,3,3
Jeanna-Lisa,0,3,3
Jeannae,0,3,3
Jeannah,0,3,3
Jeannaivery,0,3,3
Jeannalies,0,3,3
Jeannaliza,0,3,3
Jeannane,0,3,3
Jeannarain,0,3,3
Jeannarda,0,3,3
Jeannardus,3,0,3
Jeannayah,0,3,3
Jeannè,0,3,3
Jeänne,0,3,3
Jeanné,0,3,3
Jeanne-Aïcha,0,3,3
Jeanne-Alberta,0,3,3
Jeanne-Annette,0,3,3
Jeanne-Carlo,3,0,3
Jeanne-Cheyenne,0,3,3
Jeanne-Dark,0,3,3
Jeanne-Elise,0,3,3
Jeanne-Elizabeth,0,3,3
Jeanne-Eva,0,3,3
Jeanne-Johanna,0,3,3
Jeanne-Malena,0,3,3
Jeanne-Margaretha,0,3,3
Jeanne-marie,0,3,3
Jeanne-Marieke,0,3,3
Jeanne-Marij,0,3,3
Jeanne-Mary,0,3,3
Jeanne-Nelleke,0,3,3
Jeanne-Pièrre,3,0,3
Jeanne-Tine,0,3,3
Jeanne-Wietske,0,3,3
Jeanned,0,3,3
Jeannedine,0,3,3
Jeannedise,0,3,3
Jeanneleny,0,3,3
Jeannelie,0,3,3
Jeannelies,0,3,3
Jeannelis,0,3,3
Jeannelise,0,3,3
Jeannelishya,0,3,3
Jeannely,0,3,3
Jeannelycio,3,0,3
Jeannelyn,0,3,3
Jeannemae,0,3,3
Jeannemiek,0,3,3
Jeannenaillis,0,3,3
Jeanneriek,0,3,3
Jeanneriëlly,0,3,3
Jeannerwina,0,3,3
Jeannes,3,0,3
Jeannesca,0,3,3
Jeanneta,0,3,3
Jeannetina,0,3,3
Jeannètje,0,3,3
Jeannett,0,3,3
Jeannètte,0,3,3
jeannette,0,3,3
Jeannette-Desiree,0,3,3
Jeannette-Heleen,0,3,3
Jeannette-Louise,0,3,3
Jeannette-Maria,0,3,3
Jeannetteszoon,3,0,3
Jeannettey,0,3,3
Jeannetty,0,3,3
Jeanneviève,0,3,3
Jeannevive,0,3,3
Jeanney-Jean,0,3,3
Jeanneya,0,3,3
Jeanneylies,0,3,3
Jeannic,3,0,3
Jeannicke,0,3,3
Jeannieck,0,3,3
Jeanniël,3,0,3
Jeannielyn,0,3,3
Jeannieta,0,3,3
Jeànnih,0,3,3
Jeannischa,0,3,3
Jeannissa,0,3,3
Jeannisse,0,3,3
Jeannity,0,3,3
Jeannivrea,0,3,3
Jeannoa,0,3,3
Jeannon,0,3,3
Jeannouel,3,0,3
Jeannovy,3,0,3
Jeannuar,3,0,3
Jeanny-Lee,0,3,3
Jeannytha,0,3,3
Jeanö,3,0,3
Jeanoah,3,0,3
Jeanoek,0,3,3
Jeanoël,3,0,3
Jeanoir,0,3,3
Jeanolla,0,3,3
Jeanora,0,3,3
Jeanót,3,0,3
Jeanouschka,0,3,3
Jeanoviëlla,0,3,3
Jeanpatrick,3,0,3
JeanPaul,3,0,3
Jeanpaul-Leon,3,0,3
Jeanpharoa,3,0,3
Jeanpièrre,3,0,3
Jeanqueira,0,3,3
Jeanrailyson,3,0,3
Jeanreese,0,3,3
Jeanric,3,0,3
Jeanrik,0,3,3
Jeanrique,3,0,3
Jeanry,3,0,3
Jeansita,0,3,3
Jeanson-Markanthony,3,0,3
Jeansz,3,0,3
Jeantay,0,3,3
Jeante,0,3,3
Jeanteley,0,3,3
Jeanthal,0,3,3
Jeanthely,0,3,3
Jeantien-Louise,0,3,3
Jeantienne,0,3,3
Jeantiènne,3,0,3
Jeantile,0,3,3
Jeantilette,0,3,3
Jeantille,0,3,3
Jeantin,3,0,3
Jeantini,0,3,3
Jeantinne,0,3,3
Jeantley,3,0,3
Jeanton,3,0,3
Jeantrey,3,0,3
Jeantry,0,3,3
Jeanuelica,0,3,3
Jeanuerviënne,0,3,3
Jeanuska,0,3,3
Jeanviér,3,0,3
Jeanvier,3,0,3
Jeanvion,3,0,3
Jeanwyard,3,0,3
Jéany,3,0,3
Jeany-An,0,3,3
Jeany-Vienska,0,3,3
Jeanyfer,0,3,3
Jeanyille,3,0,3
Jeanymarie,0,3,3
Jeanyna,0,3,3
Jeanyne,0,3,3
Jeanyraiska,0,3,3
Jeanyviënne,0,3,3
Jeaol,0,3,3
Jeaphy,3,0,3
Jeaqeline,0,3,3
Jeaqueenah,0,3,3
Jeaques,3,0,3
Jeaquin,3,0,3
Jear-Marlyon,3,0,3
Jèara,0,3,3
Jearaidey,0,3,3
Jearainey,0,3,3
Jearaishelyn,0,3,3
Jearalynn,0,3,3
Jearay,0,3,3
Jeardéano,3,0,3
Jeardine,0,3,3
Jearel,3,0,3
Jearelis,0,3,3
Jearell,0,3,3
Jearelle,0,3,3
Jearemy,3,0,3
Jearena,0,3,3
Jearene,0,3,3
Jeargelias,0,3,3
Jeargendis,3,0,3
Jeargenis,3,0,3
Jearica,0,3,3
Jearick,3,0,3
Jearicxon,3,0,3
Jearien,0,3,3
Jearin,3,0,3
Jearina,0,3,3
Jearita,0,3,3
Jearlaine,0,3,3
Jearleeny,0,3,3
Jearlino,3,0,3
Jearlisa,0,3,3
Jearlissa,0,3,3
Jearlyn,0,3,3
Jearman,3,0,3
Jearmen,3,0,3
Jearmena,0,3,3
Jearmenio,3,0,3
Jearmey,3,0,3
Jearmijne,0,3,3
Jearmin,3,0,3
Jearnaldo,3,0,3
Jearnelis,3,0,3
Jearnelle,0,3,3
Jearney,0,3,3
Jearnie,0,3,3
Jearnisa,0,3,3
Jearny,0,3,3
Jearoy,3,0,3
Jearrel,3,0,3
Jearrick,3,0,3
Jearsun,3,0,3
Jearvensley,3,0,3
Jearverrely,0,3,3
Jearviëntely,0,3,3
Jearviëny,0,3,3
Jearyano,3,0,3
Jearylaisa,0,3,3
Jearyna,0,3,3
Jearysé,0,3,3
Jeasalin,0,3,3
Jeasan,3,0,3
Jease'leigh,0,3,3
Jeashel,3,0,3
Jeashell,0,3,3
Jeashyna,0,3,3
Jeasin,3,0,3
Jeasine,0,3,3
Jeasmeen,0,3,3
Jeason-O'Briën,3,0,3
Jeasray,3,0,3
Jeasy,3,0,3
Jeasz-Laine,0,3,3
Jèaszley,0,3,3
Jeaszmaine,3,0,3
Jeateon,3,0,3
Jeater,3,0,3
Jeathan,3,0,3
Jeathon,3,0,3
Jeau,0,3,3
Jeaubeth,3,0,3
Jeaudellyiana,0,3,3
Jeaudellysõn,3,0,3
Jeauline,0,3,3
Jeavan,3,0,3
Jeavana,0,3,3
Jeavania,0,3,3
Jeavanni,3,0,3
Jeavannily,0,3,3
Jéavany,3,0,3
Jeavell,3,0,3
Jéavelly,0,3,3
Jeáven,3,0,3
Jèaven,3,0,3
Jéaven,3,0,3
Jeavenie,0,3,3
Jeavenio,3,0,3
Jeavennely,0,3,3
Jeavenney,0,3,3
Jeavenska,0,3,3
Jeavensley,3,0,3
Jeavensly,3,0,3
Jeaveon,3,0,3
Jeaveron,3,0,3
Jeavhiënne,0,3,3
Jeaviandro,3,0,3
Jeaviano,3,0,3
Jeáviënne,0,3,3
Jeavierny,0,3,3
Jeavina,0,3,3
Jeavinno,3,0,3
Jeavino,3,0,3
Jeavinsiah,3,0,3
Jeavonne,0,3,3
Jeavyron,3,0,3
Jeay-Fano,3,0,3
Jeayano,3,0,3
Jeayceline,0,3,3
Jeayda-Lee,0,3,3
Jeayh,3,0,3
Jeaylano,3,0,3
Jeaylha,0,3,3
Jeaylhiano,3,0,3
Jeaylin,0,3,3
Jeaylinn,0,3,3
Jeaymore,3,0,3
Jeayne,0,3,3
Jeaysior,3,0,3
Jeaython,3,0,3
Jeayton,3,0,3
Jeayx,3,0,3
Jeazaira,0,3,3
Jeazara,0,3,3
Jebayr,3,0,3
Jebbegien,0,3,3
Jebbelina,0,3,3
Jebbie,3,0,3
Jebbien,0,3,3
Jebbigjen,0,3,3
Jebbilette,0,3,3
Jebel,3,0,3
Jebeli,3,0,3
Jebelina,0,3,3
Jebellah,3,0,3
Jeber,3,0,3
Jebera,0,3,3
Jeberequías,3,0,3
Jebethine,0,3,3
Jebez,3,0,3
Jebid,0,3,3
Jebina,0,3,3
Jeboah,3,0,3
Jebraiel,3,0,3
Jebran,3,0,3
Jebu,3,0,3
Jec,3,0,3
Jecatharina,0,3,3
Jecayren,3,0,3
Jecce,0,3,3
Jeccy,3,0,3
Jécelynn,0,3,3
Jecety,0,3,3
Jeceyra,0,3,3
Jechailo,3,0,3
Jechainely,0,3,3
Jechaïro,3,0,3
Jechano,3,0,3
Jéchanro,3,0,3
Jechanty,0,3,3
Jécharell,0,3,3
Jechdeja,3,0,3
Jechel,3,0,3
Jechelle,0,3,3
Jechen,3,0,3
Jechently,3,0,3
Jechezkeel,3,0,3
Jechezkiël,3,0,3
Jechi'eel,3,0,3
Jechieel,3,0,3
Jechiëli,3,0,3
Jechiena,0,3,3
Jechillo,3,0,3
Jechina,0,3,3
Jechizkia,0,3,3
Jecholiah,0,3,3
Jechôn,3,0,3
Jechonia,0,3,3
Jechònia,0,3,3
Jechonias,3,0,3
Jechonyah,0,3,3
Jeciah,0,3,3
Jeciayro,3,0,3
Jecica,0,3,3
Jecilda,0,3,3
Jecina,0,3,3
Jecinho,3,0,3
Jecinio,3,0,3
Jecinta,0,3,3
Jecira,0,3,3
Jeckey,3,0,3
Jecki,0,3,3
Jeckie,0,3,3
Jeckline,0,3,3
Jecko,0,3,3
Jecksen,3,0,3
Jecliff,3,0,3
Jecoba,0,3,3
Jecomina,0,3,3
Jeconia,3,0,3
Jeconiah,3,0,3
Jèda,0,3,3
Jedá,0,3,3
Jedaël,3,0,3
Jedah,0,3,3
Jedaidah,3,0,3
Jedaiël,3,0,3
Jedailey,0,3,3
Jedainy,0,3,3
Jedaliz,0,3,3
Jedally,0,3,3
Jedan,3,0,3
Jedana,0,3,3
Jedaney,0,3,3
Jedani,3,0,3
Jédani,3,0,3
Jedavon,3,0,3
Jedawan,0,3,3
Jedayah,3,0,3
Jeddae,3,0,3
Jeddah,0,3,3
Jeddelayd,0,3,3
Jedder,3,0,3
Jeddi,3,0,3
Jeddiah,3,0,3
Jeddidjah,0,3,3
Jeddo,3,0,3
Jeddox,3,0,3
Jedeail,3,0,3
Jedean,3,0,3
Jededaih,3,0,3
Jededayah,3,0,3
Jededia,3,0,3
Jedefai,0,3,3
Jedelyn,0,3,3
Jedemy,0,3,3
Jedenie,0,3,3
Jedeny,0,3,3
Jedetha,0,3,3
Jedethija,3,0,3
Jedetta,0,3,3
Jedh,3,0,3
Jedha,0,3,3
Jédi,0,3,3
Jediaèl,3,0,3
Jédiael,3,0,3
Jediaëlla,0,3,3
Jediaëlle,0,3,3
Jedial,3,0,3
Jedian,3,0,3
Jedicha,0,3,3
Jedída,0,3,3
Jedide,3,0,3
Jedidha,0,3,3
Jedidias,3,0,3
Jédidja,0,3,3
Jedidjachai,0,3,3
Jedielle,0,3,3
Jedijah,0,3,3
Jèdiké,0,3,3
Jedilio,3,0,3
Jediliyene,0,3,3
Jédimay,3,0,3
Jedinyo,3,0,3
Jedior,3,0,3
Jedir,3,0,3
Jediro,3,0,3
Jédishairo,3,0,3
Jeditah,0,3,3
Jeditsja,0,3,3
Jeditta,0,3,3
Jediya,0,3,3
Jediyaël,0,3,3
Jedjantie,0,3,3
Jedlisa,0,3,3
Jedly,3,0,3
Jedo,3,0,3
Jedon,3,0,3
Jèdonae,0,3,3
Jedoniël,3,0,3
Jedouane,3,0,3
Jedri,3,0,3
Jedricson,3,0,3
Jédrie,3,0,3
Jedriël,3,0,3
Jedriën,3,0,3
Jedrik,3,0,3
Jedrin,3,0,3
Jedrissa,0,3,3
Jedro,3,0,3
Jedryen,0,3,3
Jedrzej,3,0,3
Jedsel,3,0,3
Jeduthun,3,0,3
Jedutun,3,0,3
Jeduwanshi,3,0,3
Jedwin,3,0,3
Jedymar,3,0,3
Jedynae,0,3,3
Jedynak,3,0,3
Jedyvior,3,0,3
Jee-Kay,0,3,3
Jeear,3,0,3
Jeecovb,3,0,3
Jeeda,0,3,3
Jeedinder,3,0,3
Jeef,3,0,3
Jeeffoni,3,0,3
Jeeging,3,0,3
Jeehaan,0,3,3
Jeehoe,3,0,3
Jeekaen,3,0,3
Jeekle,0,3,3
Jeël,0,3,3
Jeëla,0,3,3
Jeeli,0,3,3
Jeëll,0,3,3
Jeelyn,0,3,3
Jeem,3,0,3
Jeemaa,0,3,3
Jeen-Jacob,3,0,3
Jeenaly,0,3,3
Jeender,3,0,3
Jeene-Lemay,3,0,3
Jeeni,0,3,3
Jeenine,0,3,3
Jeenius,3,0,3
Jeep-Tjamme,3,0,3
Jeepé,3,0,3
Jeepina,0,3,3
Jeepje,0,3,3
Jeeri,0,3,3
Jeerle,0,3,3
Jeëro,3,0,3
Jeersche,0,3,3
Jeertran,3,0,3
Jeery,3,0,3
Jees,3,0,3
Jeeske,0,3,3
Jeesun,3,0,3
Jeetai,3,0,3
Jeetanjali-Ranjeeta,0,3,3
Jeetay,3,0,3
Jeeten,3,0,3
Jeetender-Singh,3,0,3
Jeetendranath,3,0,3
Jeeth,3,0,3
Jeetha,0,3,3
Jeether,0,3,3
Jeetindere,3,0,3
Jeetinderkumar,3,0,3
Jeetindre,3,0,3
Jeetinkoemar,3,0,3
Jeetinkumar,3,0,3
Jeetish,3,0,3
Jeetsingh,3,0,3
Jeevah,3,0,3
Jeevana,0,3,3
Jeevankoemar,3,0,3
Jeevankumar,3,0,3
Jeevano,3,0,3
Jeevapersad,3,0,3
Jeeves,3,0,3
Jeevisha,0,3,3
Jeevy,3,0,3
Jeewa,3,0,3
Jeewandat,3,0,3
Jeewani,0,3,3
Jeeyadevi,0,3,3
Jeeyz,3,0,3
Jeez,3,0,3
Jefaeno,3,0,3
Jefaï,3,0,3
Jefainey,0,3,3
Jèfaino,3,0,3
Jefairio,3,0,3
Jefalley,0,3,3
Jefanio,3,0,3
Jefannally,0,3,3
Jéfano,3,0,3
Jefarell,3,0,3
Jefaria,0,3,3
Jefayrell,3,0,3
Jefayren,3,0,3
Jefayrié,3,0,3
Jefda,3,0,3
Jefden,3,0,3
Jefeason,3,0,3
Jeféliana,0,3,3
Jefenaira,0,3,3
Jefencio,3,0,3
Jefenely,0,3,3
Jefenley,0,3,3
Jefenny,0,3,3
Jefensie,0,3,3
Jefensly,3,0,3
Jefentelie,0,3,3
Jeferinio,3,0,3
Jeferno,3,0,3
Jeferro,3,0,3
Jeferson,3,0,3
Jefery,3,0,3
Jeff-lenn,3,0,3
Jeffaien,3,0,3
Jeffainey,0,3,3
Jeffaino,3,0,3
Jeffaira,0,3,3
Jeffairo,3,0,3
Jeffan,3,0,3
Jeffangelo,3,0,3
Jeffasal,3,0,3
Jeffayro,3,0,3
Jeffcaïra,0,3,3
Jeffe,0,3,3
Jeffee,3,0,3
Jeffelin,3,0,3
Jeffelino,3,0,3
Jeffell,0,3,3
Jeffenaito,3,0,3
Jeffeney,0,3,3
Jeffeny,3,0,3
Jeffeny-O'neal,3,0,3
Jeffeory,3,0,3
Jefferd,3,0,3
Jeffereys,3,0,3
Jefferinio,3,0,3
Jeffernney,3,0,3
Jeffero,3,0,3
Jeffers,3,0,3
Jefferśon,3,0,3
Jeffeson,3,0,3
Jeffhrey,3,0,3
Jeffin,3,0,3
Jeffina,0,3,3
Jeffinho,3,0,3
Jeffinio,3,0,3
Jeffjeane,0,3,3
Jeffling,3,0,3
Jefflino,3,0,3
Jeffloyd,3,0,3
Jefforna,0,3,3
Jeffray,3,0,3
Jeffraya,0,3,3
Jeffré,3,0,3
Jeffree,3,0,3
Jeffrem,3,0,3
Jeffrén,3,0,3
Jeffreson,3,0,3
Jeffrey-Bowen,3,0,3
Jeffrey-Jan,3,0,3
Jeffrey-Jari,3,0,3
Jeffrey-Jay,3,0,3
Jeffrey-Joy,3,0,3
Jeffrey-Junior,3,0,3
Jeffrey-Léon,3,0,3
Jeffrey-Leroy,3,0,3
Jeffrey-Louis,3,0,3
Jeffrey-Paul,3,0,3
Jeffrey-Quinten,3,0,3
Jeffrey-Stanley,3,0,3
Jeffrey-Wilhelmus,3,0,3
Jeffreydus,3,0,3
Jeffries,3,0,3
Jeffril,3,0,3
Jeffrim,3,0,3
Jeffrino,3,0,3
Jeffroi,3,0,3
Jeffwa,3,0,3
Jeffyahrouny,3,0,3
Jefherick,3,0,3
Jefherson,3,0,3
Jéfienna,0,3,3
Jefima,0,3,3
Jefimia,0,3,3
Jefina,0,3,3
Jefitho,3,0,3
Jefka,0,3,3
Jefko,3,0,3
Jefmaely,0,3,3
Jefner,3,0,3
Jefney,3,0,3
Jefrain,3,0,3
Jefrano,3,0,3
Jefrei,3,0,3
Jéfrem,3,0,3
Jefren,3,0,3
Jefrëy,3,0,3
Jefrica,0,3,3
Jefrosina,0,3,3
Jefrossinia,0,3,3
Jefrouy,3,0,3
Jefroy,3,0,3
Jefrrie,3,0,3
Jefson,3,0,3
Jefté,0,3,3
Jeftely,0,3,3
Jefterick,3,0,3
Jeftha-Anaru,3,0,3
Jefune,0,3,3
Jefunne,3,0,3
Jefvlin,3,0,3
Jéfyah,3,0,3
Jefyno,3,0,3
Jegana,0,3,3
Jeganath,3,0,3
Jeganeeth,3,0,3
Jegaro,3,0,3
Jegath,3,0,3
Jegatharsan,3,0,3
Jegatheeswaran,3,0,3
Jegesta,0,3,3
Jeghny,3,0,3
Jegine,0,3,3
Jegishé,3,0,3
Jegnisa,0,3,3
Jegny,3,0,3
Jegnyva,0,3,3
Jegór,3,0,3
Jeh'rell,3,0,3
Jeh'voughn,3,0,3
Jeh'Zayen,3,0,3
Jeh-Chello,3,0,3
Jeh-Noah,3,0,3
Jeh-Siaha,3,0,3
Jehangeer,3,0,3
Jehannah,0,3,3
Jéhanne,0,3,3
Jehanneke,0,3,3
Jehanneske,0,3,3
Jehannus,3,0,3
Jehanzeb,3,0,3
Jehayna,0,3,3
Jehbar,3,0,3
Jehdai,3,0,3
Jehdediah,3,0,3
Jehdeja,0,3,3
Jehdejah,3,0,3
Jehdia,0,3,3
Jehenara,0,3,3
Jéhène,0,3,3
Jeheskil,3,0,3
Jehezkial,0,3,3
Jehezkiël,3,0,3
Jehezqel,3,0,3
Jehfairo,3,0,3
Jehian,3,0,3
Jehiano,3,0,3
Jehika,0,3,3
Jehisly,0,3,3
Jehizkìa,3,0,3
Jehja,3,0,3
Jehjah,3,0,3
Jehlano,3,0,3
Jehlany,0,3,3
Jehleal,3,0,3
Jehlee,0,3,3
Jehlencio,3,0,3
Jehleonal,3,0,3
Jéhliano,3,0,3
Jehliena,0,3,3
Jehlijah,0,3,3
Jehlina,0,3,3
Jehlise,0,3,3
Jehmani,3,0,3
Jehmarlie,0,3,3
Jehmely,0,3,3
Jehmyr,3,0,3
Jehnay,0,3,3
Jehnayro,3,0,3
Jehndrick,3,0,3
Jehneal,3,0,3
Jehneo,3,0,3
Jehnies,0,3,3
Jehnil,3,0,3
Jehnine,0,3,3
Jehniñio,3,0,3
Jehnissi,0,3,3
Jehnna,0,3,3
Jehnnelee,0,3,3
Jehnnij,0,3,3
Jehnny,0,3,3
Jehnoah,3,0,3
Jéhnora,0,3,3
Jehoas,3,0,3
Jehôchânân,3,0,3
Jehodon,3,0,3
Jehoedith,0,3,3
Jehohanan,3,0,3
Jehonia,3,0,3
Jehonnes,3,0,3
Jehoram,3,0,3
Jéhoram,3,0,3
Jehoseba,0,3,3
Jehoseenu,3,0,3
Jehoseph,3,0,3
Jehosheba,0,3,3
Jehosjoe'a,3,0,3
Jehosjoia,3,0,3
Jehôsjuha,3,0,3
Jehosúa,3,0,3
Jehoswa,3,0,3
Jehouswa,3,0,3
Jehouzua,3,0,3
Jehovah,3,0,3
Jehovah-nis,3,0,3
Jehovselah,0,3,3
Jehozefat,3,0,3
Jehozoa,3,0,3
Jehra,0,3,3
Jehraily,3,0,3
Jehran,0,3,3
Jehraydo,3,0,3
Jehreel,3,0,3
Jehren,3,0,3
Jehryl,3,0,3
Jehsaja,0,3,3
Jehsarah,0,3,3
Jehsayen,3,0,3
Jehson,3,0,3
Jéhswah,3,0,3
Jehsyas,3,0,3
Jehú,3,0,3
Jehu'on,3,0,3
Jehuditah,0,3,3
Jehuditha,0,3,3
Jehudy,0,3,3
Jehuidy,3,0,3
Jehury,3,0,3
Jehvaino,3,0,3
Jehvainy,0,3,3
Jehvairo,3,0,3
Jehvently,3,0,3
Jehvino,3,0,3
Jehwer,3,0,3
Jehya,3,0,3
Jehziah,0,3,3
Jehzian,3,0,3
Jehzira,0,3,3
Jehzley,3,0,3
Jéiaro,3,0,3
Jeichgina,0,3,3
Jeichienes,3,0,3
Jeichientje,0,3,3
Jeichonda,0,3,3
Jeicsson,3,0,3
Jeicy,3,0,3
Jeïda,0,3,3
Jeidine,0,3,3
Jeidyvaldo,3,0,3
Jeiel,3,0,3
Jeigienus,3,0,3
Jeijntje,0,3,3
Jeikelijn,0,3,3
Jeiko,3,0,3
Jeiliciano,3,0,3
Jeilis,0,3,3
Jeilli,3,0,3
Jeilliano,3,0,3
Jeilthe,3,0,3
Jeily,0,3,3
Jeime,3,0,3
Jeimi,0,3,3
Jein,0,3,3
Jeina,0,3,3
Jeinte,0,3,3
Jeintje,0,3,3
Jeipe,3,0,3
Jeipina,0,3,3
Jeir,3,0,3
Jeire,0,3,3
Jeiri,0,3,3
Jeiriet,0,3,3
Jeiron,3,0,3
Jeiry,0,3,3
Jeïsa,0,3,3
Jeiselien,0,3,3
Jeisha,0,3,3
Jeisly,3,0,3
Jeison,3,0,3
Jeisraël,3,0,3
Jeissy,3,0,3
Jeisus,3,0,3
Jeivano,3,0,3
Jeizel,3,0,3
Jeizelina,0,3,3
Jejano,3,0,3
Jéjé,3,0,3
Jejeni,0,3,3
Jeji,0,3,3
Jejida,0,3,3
Jejoma,3,0,3
Jejouan,3,0,3
Jek,3,0,3
Jekara,0,3,3
Jekatarina,0,3,3
Jekaterine,0,3,3
Jekatharina,0,3,3
Jekatherina,0,3,3
Jekelijne,0,3,3
Jekensely,0,3,3
Jekk,3,0,3
Jekka,0,3,3
Jekkey,3,0,3
Jekkie,3,0,3
Jeko,3,0,3
Jekolja,0,3,3
Jekomina,0,3,3
Jékred,3,0,3
Jèl,0,3,3
Jêla,0,3,3
Jela-Maria,0,3,3
Jelaara,0,3,3
Jelady,0,3,3
Jelaeyah,0,3,3
Jelaeyno,3,0,3
Jelahny,3,0,3
Jelaiah,0,3,3
Jelaïh,3,0,3
Jelainah,0,3,3
Jelainie,0,3,3
Jelaïno,3,0,3
Jelairy,3,0,3
Jélaisa,0,3,3
Jelaïsa,0,3,3
Jelaisa-Rõse,0,3,3
Jelaisien,0,3,3
Jelaiska,0,3,3
Jelaiya,0,3,3
Jelaluddin,0,3,3
Jélana,0,3,3
Jèlana-Maria,0,3,3
Jélanah,0,3,3
Jelandi,3,0,3
Jelando,3,0,3
Jelangio,3,0,3
Jelani-Daniel,3,0,3
Jelaniho,3,0,3
Jelaniyo,3,0,3
Jelanne,0,3,3
Jeláno,3,0,3
Jélany,0,3,3
Jèlany,0,3,3
Jelard,3,0,3
Jélaro,3,0,3
Jelarso,3,0,3
Jelaya-joy,0,3,3
Jelayen,3,0,3
Jelayha,0,3,3
Jelayjah,0,3,3
Jelaylah,0,3,3
Jelaynet,0,3,3
Jelayni,0,3,3
Jelayo,3,0,3
Jelaysia,0,3,3
Jelayso,3,0,3
Jelaysön,3,0,3
Jelayssa,0,3,3
Jelbe,3,0,3
Jelberte,0,3,3
Jelbout,3,0,3
Jelce,3,0,3
Jelcey,0,3,3
Jelcoo,3,0,3
Jelcy,0,3,3
Jelcyo,3,0,3
Jeld,3,0,3
Jeldeke,0,3,3
Jelderik,3,0,3
Jelderke,0,3,3
Jeldi,3,0,3
Jeldican,0,3,3
Jeldine,0,3,3
Jeldôn,0,3,3
Jeldrig,3,0,3
Jele,0,3,3
Jelea,0,3,3
Jeleana,0,3,3
Jeleano,3,0,3
Jeleása,0,3,3
Jeleaugh,0,3,3
Jeleaza,0,3,3
Jeleel,3,0,3
Jeleese,0,3,3
Jeleesha,0,3,3
Jeleesia,0,3,3
Jelééssa,0,3,3
Jeleeza,0,3,3
Jeleeze,0,3,3
Jélegha,0,3,3
Jeleijn,0,3,3
Jelein,0,3,3
Jeleina,0,3,3
Jeleïro,3,0,3
Jelemiah,3,0,3
Jelen,3,0,3
Jelèna,0,3,3
Jelena-Jazzley,0,3,3
Jelencio,3,0,3
Jelène,0,3,3
Jelene,0,3,3
Jeleni,3,0,3
Jelénice,0,3,3
Jelenna,0,3,3
Jelensio,3,0,3
Jeleny,0,3,3
Jèleon,3,0,3
Jelerno,3,0,3
Jelérno,3,0,3
Jelésa,0,3,3
Jelewa,0,3,3
Jeley,0,3,3
Jeléyna,0,3,3
Jelge,3,0,3
Jelgert,3,0,3
Jelgina,0,3,3
Jelgo,3,0,3
Jelhany,3,0,3
Jéli,0,3,3
Jelian,0,3,3
Jeliaro,3,0,3
Jelias,3,0,3
Jeliča,0,3,3
Jelicha,0,3,3
Jeliciano,3,0,3
Jéliciano,3,0,3
Jelicio,3,0,3
Jelida,0,3,3
Jeliël,0,3,3
Jeliel,3,0,3
Jeliën,0,3,3
Jeliene,0,3,3
Jeliera,0,3,3
Jeliesa,0,3,3
Jelif,3,0,3
Jelighno,3,0,3
Jelikha,0,3,3
Jelilia,0,3,3
Jelilla,0,3,3
Jelilly,0,3,3
Jelinah,0,3,3
Jelincio,3,0,3
Jelincy,0,3,3
Jéline,0,3,3
Jelinho,3,0,3
Jélinn,0,3,3
Jelinne,0,3,3
Jèlino,3,0,3
Jélino,3,0,3
Jeliro,3,0,3
Jélisa,0,3,3
Jelisava,0,3,3
Jelisavetta,3,0,3
Jelisavietta,0,3,3
Jelisaweta,0,3,3
Jelisè,0,3,3
Jelisèj,3,0,3
Jélisha,0,3,3
Jélishia,0,3,3
Jelishia,0,3,3
Jelisiah,0,3,3
Jelisiena,0,3,3
Jelisina,0,3,3
Jelisio,3,0,3
Jeliska,0,3,3
Jelissa-Alina,0,3,3
Jelissé,0,3,3
Jelissen,3,0,3
Jelissety,0,3,3
Jelissia,0,3,3
Jelit,0,3,3
Jelitasari,0,3,3
Jélito,3,0,3
Jelitsa,0,3,3
Jelitska,0,3,3
Jelitza,0,3,3
Jéliv,0,3,3
Jelivano,3,0,3
Jelivienska,0,3,3
Jeliy,0,3,3
Jéliyaah,0,3,3
Jeliyaah-Xiarah,0,3,3
Jéliyah,0,3,3
Jeliyana,0,3,3
Jéliz,0,3,3
Jelizah-Rose,0,3,3
Jelizaweta,0,3,3
Jèlize,0,3,3
Jelizha,0,3,3
Jelizia,0,3,3
Jelizza,0,3,3
Jeljenna,0,3,3
Jeljer-Sjoerd,3,0,3
Jelk,3,0,3
Jelke-Ger,3,0,3
Jelkiena,0,3,3
Jell-roy,3,0,3
Jellani,3,0,3
Jellant,0,3,3
Jellantsje,0,3,3
Jellany,0,3,3
Jellar,3,0,3
Jelldeanio,3,0,3
Jelldrey,3,0,3
Jelldrick,3,0,3
Jelle-Adam,3,0,3
Jelle-André,3,0,3
Jelle-bart,3,0,3
Jelle-Christiaan,3,0,3
Jelle-Cornelis,3,0,3
Jelle-Doede,3,0,3
Jelle-Frank,3,0,3
Jelle-Friso,3,0,3
Jelle-Hans,3,0,3
Jelle-Harm,3,0,3
Jelle-Hendrik,3,0,3
Jelle-Hilko,3,0,3
Jelle-Jacob,3,0,3
Jelle-Jeroen,3,0,3
Jelle-Jochem,3,0,3
Jelle-Joost,3,0,3
Jelle-Julius,3,0,3
Jelle-Jurian,3,0,3
Jelle-Jurriën,3,0,3
Jelle-Maurice,3,0,3
Jelle-Meindert,3,0,3
Jelle-Merijn,3,0,3
Jelle-Paul,3,0,3
Jelle-Pieter,3,0,3
Jelle-Rick,3,0,3
Jelle-Rienk,3,0,3
Jelle-Roderick,3,0,3
Jelle-Ruurd,3,0,3
Jelle-Siene,3,0,3
Jelle-Thijs,3,0,3
Jelle-Tjerk,3,0,3
Jelle-Wiepke,3,0,3
Jelle-Wietse,3,0,3
Jelle-Willem,3,0,3
Jelle-Wim,3,0,3
Jelle-Yde,3,0,3
Jellease,0,3,3
Jellebaarssen,3,0,3
Jelledynson,3,0,3
Jelleen,0,3,3
Jellekje,0,3,3
Jellema,0,3,3
Jellemer,3,0,3
Jellemien,0,3,3
Jellemijn,0,3,3
Jellemina,0,3,3
Jellencinio,3,0,3
Jelleño,3,0,3
Jelleroy,3,0,3
Jellia,0,3,3
Jelliana,0,3,3
Jellichina,0,3,3
Jellicia,0,3,3
Jelliciënne,0,3,3
Jellida,0,3,3
Jellie-Nynke,0,3,3
Jellieske,0,3,3
Jelliet,0,3,3
Jellinah,0,3,3
Jellinio,3,0,3
Jellinka,0,3,3
Jellinke,0,3,3
Jellissa,0,3,3
Jellissa-Dabney,0,3,3
Jellmar,3,0,3
Jellony,0,3,3
Jelloua,0,3,3
Jellowy,0,3,3
Jellus,3,0,3
Jelly-Andrea,0,3,3
Jelly-Anna,0,3,3
Jelly-Jo,0,3,3
Jelly-Monique,0,3,3
Jellya,0,3,3
Jellyn,0,3,3
Jelmairo,3,0,3
Jelmart,3,0,3
Jelmel,3,0,3
Jelmèr,3,0,3
Jelmer-Durk,3,0,3
Jelmer-Gerrit,3,0,3
Jelmer-Huub,3,0,3
Jelmer-Jens,3,0,3
Jelmer-Sjouke,3,0,3
Jelméra,0,3,3
Jelmère,3,0,3
Jelmerina,0,3,3
Jelmert,3,0,3
Jelmien,0,3,3
Jelmo,3,0,3
Jelmur,3,0,3
Jelmy,0,3,3
Jeloesa,0,3,3
Jelome,3,0,3
Jelon,3,0,3
Jelona,0,3,3
Jelonka,0,3,3
Jelony,0,3,3
Jelove,0,3,3
Jeloyra,0,3,3
Jeloysia,0,3,3
Jelper,3,0,3
Jelphons,3,0,3
Jelro,3,0,3
Jelroy,3,0,3
Jelschke,0,3,3
Jelscke,0,3,3
Jelsen,3,0,3
Jelsie,0,3,3
Jelsikan,3,0,3
Jelsilino,3,0,3
Jelsina,0,3,3
Jelssy,0,3,3
Jelstin,3,0,3
Jelstje,0,3,3
Jelsye,0,3,3
Jeltan,3,0,3
Jeltcia,0,3,3
Jelte-Alexander,3,0,3
Jelte-Harm,3,0,3
Jelte-Roel,3,0,3
Jelthen,3,0,3
Jeltiene,0,3,3
Jeltineke,0,3,3
Jeltinke,0,3,3
Jeltje-Annette,0,3,3
Jeltje-Petra,0,3,3
Jeltmar,3,0,3
Jelton,3,0,3
Jeltonia,0,3,3
Jeltrien,0,3,3
Jeltsje-Afke,0,3,3
Jeltwin,3,0,3
Jeltzer,3,0,3
Jeltzia,0,3,3
Jeluendry,3,0,3
Jelvaneigh,0,3,3
Jelvera,0,3,3
Jelvey,3,0,3
Jelvina,0,3,3
Jelwerd,3,0,3
Jély-Leora,0,3,3
Jelya,0,3,3
Jelyah,3,0,3
Jelyan,3,0,3
Jelycia,0,3,3
Jelyenska,0,3,3
Jelymar,3,0,3
Jelynca,0,3,3
Jelyne,0,3,3
Jélysha,0,3,3
Jelyshia,0,3,3
Jelysia,0,3,3
Jelyso,3,0,3
Jelyza,0,3,3
Jelyze,0,3,3
Jelze,3,0,3
Jem-Dean,3,0,3
Jemâa,0,3,3
Jemaâ,0,3,3
Jemaal,3,0,3
Jemadi,3,0,3
Jemael,3,0,3
Jemaël-Ty,3,0,3
Jemaelij,0,3,3
Jemaer,3,0,3
Jemaey,0,3,3
Jemahl,3,0,3
Jemaica,0,3,3
Jemaihro,3,0,3
Jemaïl,3,0,3
Jemailly,0,3,3
Jemailo,3,0,3
Jemaimah,0,3,3
Jémain,3,0,3
Jemainé,0,3,3
Jemainy,3,0,3
Jemairel,3,0,3
Jemaïro,3,0,3
Jemairon,3,0,3
Jemairy,3,0,3
Jemaiyro,3,0,3
Jemaja,0,3,3
Jemalaino,3,0,3
Jemalh,3,0,3
Jemaly,0,3,3
Jémani,3,0,3
Jemantha,0,3,3
Jemanuël,3,0,3
Jemánuëll,3,0,3
Jemány,3,0,3
Jémar,3,0,3
Jemara,0,3,3
Jemarcio,3,0,3
Jemario,3,0,3
Jemarion,3,0,3
Jemarley,3,0,3
Jemarly,3,0,3
Jemarovan,3,0,3
Jemarro,3,0,3
Jemaycia,0,3,3
Jemayel,3,0,3
Jemaylee,0,3,3
Jemaylel,3,0,3
Jemaylia,0,3,3
Jemaylon,3,0,3
Jemayno,3,0,3
Jemayrho,3,0,3
Jemayroy,3,0,3
Jemaysa,0,3,3
Jember,3,0,3
Jembibi,0,3,3
Jemcko,3,0,3
Jemco,3,0,3
Jemé,3,0,3
Jemeah,0,3,3
Jemecio,3,0,3
Jemée,0,3,3
Jemee,0,3,3
Jemeiro,3,0,3
Jemeko,3,0,3
Jemeli,0,3,3
Jemelly,0,3,3
Jemelsi,0,3,3
Jemelycurtis,3,0,3
Jemema,0,3,3
Jeména,0,3,3
Jemena,0,3,3
Jemène,0,3,3
Jemeny,0,3,3
Jemeo,3,0,3
Jemer,3,0,3
Jemeralda,0,3,3
Jemere,3,0,3
Jémeriek,3,0,3
Jemerion,3,0,3
Jemesa,0,3,3
Jemeül,3,0,3
Jeméy,3,0,3
Jemez,3,0,3
Jémezy,3,0,3
Jemi'mah,0,3,3
Jemi-Cleif,3,0,3
Jemi-Gayle,0,3,3
Jemi-liza,0,3,3
Jemie-Lee,0,3,3
Jemielieo,3,0,3
Jemiena,0,3,3
Jémila,0,3,3
Jèmila,0,3,3
Jemilatu,0,3,3
Jemilian,3,0,3
Jemiliano,3,0,3
Jemiliyah,0,3,3
Jemilliah,0,3,3
Jémilly,0,3,3
Jemilo,3,0,3
Jemily,0,3,3
Jemíma,0,3,3
Jemimma,0,3,3
Jemine,0,3,3
Jemino,3,0,3
Jemio,3,0,3
Jemiriyeolu,0,3,3
Jemiron,3,0,3
Jémisa,0,3,3
Jemiyah,0,3,3
Jemkodiena,0,3,3
Jemmâa,0,3,3
Jemmall,3,0,3
Jemmanuël,3,0,3
Jemmely,0,3,3
Jemmerinio,3,0,3
Jemmero,3,0,3
Jemmery,0,3,3
Jemmey,0,3,3
Jemmfa,0,3,3
Jemmi,0,3,3
Jemmina,0,3,3
Jemmo,3,0,3
Jemon,3,0,3
Jemorain,3,0,3
Jemoreen,3,0,3
Jemory,3,0,3
Jempi,3,0,3
Jemsey,3,0,3
Jemsly,3,0,3
Jemuah,3,0,3
Jemual,3,0,3
Jémuëll,3,0,3
Jemus,3,0,3
Jemuwel,3,0,3
Jemvergy,3,0,3
Jemyah,0,3,3
Jemyenso,3,0,3
Jemylano,3,0,3
Jémyna,0,3,3
Jemyra,0,3,3
Jemyrose,3,0,3
Jen-ay,0,3,3
Jen-Gracèd,3,0,3
Jen-Jen,0,3,3
Jen-Lan,0,3,3
Jen-noëmi,0,3,3
Jen-ti,0,3,3
Jen-tien,0,3,3
Jen-Tsing,0,3,3
Jen-Tung,0,3,3
Jen-Willem,3,0,3
Jená,0,3,3
Jenacey,0,3,3
Jenacia,0,3,3
Jenad,3,0,3
Jenadi,3,0,3
Jenadia,0,3,3
Jenady,3,0,3
Jènae,0,3,3
Jenaé,0,3,3
Jenáe,0,3,3
Jenaeyha,0,3,3
Jenafer,0,3,3
Jénah,0,3,3
Jenahéé,0,3,3
Jenahlina,0,3,3
Jenahro,3,0,3
Jenaia-Aya,0,3,3
Jenaiah-Lynn,0,3,3
Jenaiah-Mae,0,3,3
Jenaiah-Maë,0,3,3
Jenaicha,0,3,3
Jenaid,3,0,3
Jenaigely,0,3,3
Jenaiha,0,3,3
Jenaijel,3,0,3
Jenaika,0,3,3
Jenaina,0,3,3
Jenainley,0,3,3
Jenaio,3,0,3
Jénaira,0,3,3
Jenairho,3,0,3
Jénairo,3,0,3
Jénairuz,3,0,3
Jenaisely,0,3,3
Jenaishly,0,3,3
Jenaisio,3,0,3
Jenaiska,0,3,3
Jenaiy,3,0,3
Jenaïya,0,3,3
Jenaiyla,0,3,3
Jenaiyra,0,3,3
Jénaiyra,0,3,3
Jenaiyro,3,0,3
Jenaj,0,3,3
Jenajla,0,3,3
Jènal,0,3,3
Jenalee,0,3,3
Jenaley,0,3,3
Jenalf,3,0,3
Jenaliese,0,3,3
Jenalina,0,3,3
Jenaliyah,0,3,3
Jenally,0,3,3
Jenalya,0,3,3
Jenalysa,0,3,3
Jénan,0,3,3
Jenani,0,3,3
Jenanke,0,3,3
Jenanly,0,3,3
Jenapher,0,3,3
Jénara,0,3,3
Jénara-Béla,0,3,3
Jenareau,3,0,3
Jenario,3,0,3
Jénaro,3,0,3
Jenarsan,3,0,3
Jenary,0,3,3
Jenata,0,3,3
Jenatalia,0,3,3
Jenathan,3,0,3
Jenatte,0,3,3
Jenau,3,0,3
Jenavaley,0,3,3
Jenavieve,0,3,3
Jénavya,0,3,3
Jenäy,0,3,3
Jénayah,0,3,3
Jenáyah,0,3,3
Jenayca,0,3,3
Jenaydi,3,0,3
Jenaydo,3,0,3
Jenayha,0,3,3
Jenaylee,0,3,3
Jenaylliah,0,3,3
Jenaylo,3,0,3
Jenayno,3,0,3
Jenayrek,3,0,3
Jenayreön,3,0,3
Jenayrick,3,0,3
Jénayro,3,0,3
Jenayrow,3,0,3
Jenayva,0,3,3
Jencey,3,0,3
Jencil,3,0,3
Jencke,0,3,3
Jendar,3,0,3
Jendeé,0,3,3
Jendely,0,3,3
Jenden,3,0,3
Jendena,0,3,3
Jendero,3,0,3
Jendetta,0,3,3
Jendie,0,3,3
Jendley,3,0,3
Jendon,3,0,3
Jendor,3,0,3
Jendra,3,0,3
Jęndrek,3,0,3
Jendreyko,3,0,3
Jèndric,3,0,3
Jendrij,3,0,3
Jendrionne,3,0,3
Jendroes,3,0,3
Jeneall,3,0,3
Jeneäll,3,0,3
Jenealvio,3,0,3
Jeneara,0,3,3
Jeneas,0,3,3
Jenease,0,3,3
Jeneasio,3,0,3
Jeneaux,3,0,3
Jeneay,3,0,3
Jenebi,0,3,3
Jenec,3,0,3
Jenecelya,0,3,3
Jenecy,0,3,3
Jenéda,0,3,3
Jenediah,0,3,3
Jeneé,0,3,3
Jenée,0,3,3
Jenef,3,0,3
Jenegy,0,3,3
Jeneh,0,3,3
Jeneifa,0,3,3
Jeneira,0,3,3
Jeneisa,0,3,3
Jeneisha,0,3,3
Jeneiya,0,3,3
Jenèl,0,3,3
Jénel,0,3,3
Jenelee,0,3,3
Jenèll,0,3,3
Jenélla,0,3,3
Jenelli,0,3,3
Jènelly,0,3,3
Jenelsa,0,3,3
Jenelvia,0,3,3
Jenelvo,3,0,3
Jenerailly,3,0,3
Jeneray,0,3,3
Jeneree,0,3,3
Jenerian,3,0,3
Jenerie,0,3,3
Jenerinhio,3,0,3
Jenerinjo,3,0,3
Jenerio,3,0,3
Jenerly,0,3,3
Jénero,3,0,3
Jenes,0,3,3
Jenesha,0,3,3
Jeneska,0,3,3
Jenesse,0,3,3
Jenessis,0,3,3
Jenesto,3,0,3
Jenetay,0,3,3
Jeneth,0,3,3
Jénetta,0,3,3
Jenette-Engelien,0,3,3
Jenety,0,3,3
Jenéva,0,3,3
Jènevah,0,3,3
Jenever,0,3,3
Jenevia,0,3,3
Jeneviënne,0,3,3
Jeneviëra,0,3,3
Jénéviéve,0,3,3
Jeneviéverly,0,3,3
Jenevièvre,0,3,3
Jenevive,0,3,3
Jenevra,0,3,3
Jeneya,0,3,3
Jeneyla,0,3,3
Jenéyla,0,3,3
Jeneyo,3,0,3
Jeneyro,3,0,3
Jenfrid,3,0,3
Jenfrie,3,0,3
Jeng-Jay,3,0,3
Jenga,3,0,3
Jengar,0,3,3
Jengelo,3,0,3
Jengeny,0,3,3
Jenghis-Lee,3,0,3
Jengies,3,0,3
Jengina,0,3,3
Jengis,3,0,3
Jengiz,3,0,3
Jengo,3,0,3
Jenheia,0,3,3
Jenhte,3,0,3
Jenhuel,3,0,3
Jenicio,3,0,3
Jenida,0,3,3
Jeniece,0,3,3
Jeniefer,0,3,3
Jeniëlla,0,3,3
Jenielson,3,0,3
Jenietta,0,3,3
Jeniëtte,0,3,3
Jeniëva,0,3,3
Jenifa,0,3,3
Jenifé,0,3,3
Jenifief,0,3,3
Jenigje,0,3,3
Jenigjen,0,3,3
Jenike,0,3,3
Jenil,3,0,3
Jenilda,0,3,3
Jeniljo,3,0,3
Jeníll,3,0,3
Jenill,0,3,3
Jenilso,3,0,3
Jénilson,3,0,3
Jeninca,0,3,3
Jeninho,3,0,3
Jeninja,0,3,3
Jeninka,0,3,3
Jenino,3,0,3
Jénio,3,0,3
Jènique,0,3,3
Jenira,0,3,3
Jenire,0,3,3
Jenis,0,3,3
Jenisah,0,3,3
Jenisan,3,0,3
Jenisch,0,3,3
Jénisha,0,3,3
Jenishya,0,3,3
Jenisio,3,0,3
Jenislawia,0,3,3
Jenisse,0,3,3
Jeniston,3,0,3
Jenisy,0,3,3
Jenitcia,0,3,3
Jenith,3,0,3
Jenithon,3,0,3
Jenitty,0,3,3
Jenity,0,3,3
Jenivëra,0,3,3
Jenivva,0,3,3
Jeniyah-Mae,0,3,3
Jeniz,0,3,3
Jenji,3,0,3
Jenjia,0,3,3
Jenk,3,0,3
Jenkediena,0,3,3
Jenkelien,0,3,3
Jenley,0,3,3
Jenli,0,3,3
Jenmay,0,3,3
Jenmietra,3,0,3
Jenmilano,3,0,3
Jenmirnay,0,3,3
Jenmy,0,3,3
Jènna,0,3,3
Jénna,0,3,3
Jenna-Christy,0,3,3
Jenna-Elise,0,3,3
Jenna-Eve,0,3,3
Jenna-Fay,0,3,3
Jenna-Fee,0,3,3
Jenna-Jane,0,3,3
Jenna-Jay,0,3,3
Jenna-Leena,0,3,3
Jenna-Ley,0,3,3
Jenna-Lisa,0,3,3
Jenna-luna,0,3,3
Jenna-Naima,0,3,3
Jenna-Vera,0,3,3
Jennaa,0,3,3
Jennacy,0,3,3
Jennafer,0,3,3
Jennafine,0,3,3
Jênnah,0,3,3
Jennah-Lynn,0,3,3
Jennah-sophia,0,3,3
Jennaica,0,3,3
Jennaicey,0,3,3
Jennailey,0,3,3
Jennairo,3,0,3
Jennaisa,0,3,3
Jennaisley,0,3,3
Jennalena,0,3,3
Jennalisha,0,3,3
Jennalyn,0,3,3
Jennalyvia,0,3,3
Jennamy,0,3,3
Jennan,0,3,3
Jennand,3,0,3
Jennanda,0,3,3
Jennane,3,0,3
Jennanna,0,3,3
Jennaro,3,0,3
Jennaryno,3,0,3
Jennarys,0,3,3
Jennastley,3,0,3
Jennath,0,3,3
Jennaty,0,3,3
Jennavicia,0,3,3
Jennavive,0,3,3
Jennaya-May,0,3,3
Jennayla,0,3,3
Jennazuliette,0,3,3
Jenne-Ljibbe,3,0,3
Jenne-Queen,0,3,3
Jenne-Thomas,3,0,3
Jenne-Wil,0,3,3
Jenneba,0,3,3
Jennec,3,0,3
Jennecey,3,0,3
Jennechienus,3,0,3
Jennechine,0,3,3
Jenneck,3,0,3
Jennedien,0,3,3
Jennef,3,0,3
Jennefelyn,0,3,3
Jennefie,0,3,3
Jennefiëro,3,0,3
Jennefir,0,3,3
Jennegiene,0,3,3
Jenneginus,3,0,3
Jenneh,0,3,3
Jennéh,0,3,3
Jenneke-Antoinet,0,3,3
Jenneke-Maria,0,3,3
Jenneken-Gerrie,0,3,3
Jenneko,3,0,3
Jennekoba,0,3,3
Jennekun,0,3,3
Jennèl,0,3,3
Jennel,0,3,3
Jennelaine,0,3,3
Jennele,0,3,3
Jenneleigh,0,3,3
Jennelieke,0,3,3
Jennelien,0,3,3
Jennélies,0,3,3
Jennelies,0,3,3
Jennelijn,0,3,3
Jennelisa,0,3,3
Jennelize,0,3,3
Jennellie,0,3,3
Jennelviën,0,3,3
Jennèly,0,3,3
Jennelys,0,3,3
Jennemarieke,0,3,3
Jennemay,0,3,3
Jennemein,0,3,3
Jennemien,0,3,3
Jenneray,0,3,3
Jennerayla,0,3,3
Jennerienne,0,3,3
Jennéryza,0,3,3
Jennesis-Talitha,0,3,3
Jenneson,3,0,3
Jennesse,0,3,3
Jennesty,0,3,3
Jènnet,0,3,3
Jennete,0,3,3
Jennetey,0,3,3
Jenneth,0,3,3
Jennethen,0,3,3
Jennètje,0,3,3
Jennett,3,0,3
Jennetty,0,3,3
Jenneveij,0,3,3
Jenneviëv,0,3,3
Jennida,0,3,3
Jennieka,0,3,3
Jennielynn,0,3,3
Jennien,0,3,3
Jenniene,0,3,3
Jenniet,0,3,3
Jennieve,0,3,3
Jennife,0,3,3
Jennifen,3,0,3
jennifer,0,3,3
Jennifer-Anna,0,3,3
Jennifer-Ashley,0,3,3
Jennifer-Eline,0,3,3
Jennifer-Emily,0,3,3
Jennifer-Jade,0,3,3
Jennifer-Jaen,0,3,3
Jennifer-Jo,0,3,3
Jennifer-Joan,0,3,3
Jennifer-Laura,0,3,3
Jennifer-Lee,0,3,3
Jennifer-Liesbeth,0,3,3
Jennifer-Naomi,0,3,3
Jennifer-Renee,0,3,3
Jennifer-Rose,0,3,3
Jennifer-Zhu,0,3,3
Jenniffer-Anne,0,3,3
Jenniffer-Christel,0,3,3
Jennifir,0,3,3
Jennifrey,0,3,3
Jennigie,0,3,3
Jennijer,0,3,3
Jennikus,3,0,3
Jennilsa,0,3,3
Jennilson,3,0,3
Jenninus,3,0,3
Jennio,3,0,3
Jennira,0,3,3
Jennischa,0,3,3
Jennisika,0,3,3
Jennisja,0,3,3
Jennissen,0,3,3
Jennissi,0,3,3
Jennivar,0,3,3
Jenniza,0,3,3
Jennize,0,3,3
Jennold,3,0,3
Jennon,3,0,3
Jennowi,0,3,3
Jennrino,3,0,3
Jennsen,0,3,3
Jennt,3,0,3
Jenny-An,0,3,3
Jenny-Glenn,3,0,3
Jenny-Jo,0,3,3
Jenny-Joleen,0,3,3
Jenny-Leen,0,3,3
Jenny-Lianà,0,3,3
Jenny-Mae,0,3,3
Jennyca,0,3,3
Jennyck,3,0,3
Jennyfa,0,3,3
Jennyke,0,3,3
Jennyl,3,0,3
Jennylynn,0,3,3
Jennyn,0,3,3
Jennyne,0,3,3
Jennyque,0,3,3
Jennyree,0,3,3
Jennyrose,0,3,3
Jennys,0,3,3
Jennysha,0,3,3
Jennyus,3,0,3
Jennyver,0,3,3
Jennyvienne,0,3,3
Jennyvivia,0,3,3
Jennywave,0,3,3
Jennyza,0,3,3
Jenó,3,0,3
Jenò,3,0,3
Jenôa,3,0,3
Jenoã,3,0,3
Jenoá,0,3,3
Jènoah,3,0,3
Jenoâh,3,0,3
Jenobio,3,0,3
Jenoe,0,3,3
Jenoesa,0,3,3
Jenolie,0,3,3
Jenomaro,3,0,3
Jènomi,0,3,3
Jenoncia,0,3,3
Jenor,3,0,3
Jenorie,0,3,3
Jenorvella,0,3,3
Jenosha,0,3,3
Jenot,3,0,3
Jenouska,0,3,3
Jenova,0,3,3
Jenovi,3,0,3
Jenovieley,0,3,3
Jenoyah,3,0,3
Jenrani,0,3,3
Jenricus,3,0,3
Jenrief,3,0,3
Jenrieka,0,3,3
Jenriëlla,0,3,3
Jenroy,3,0,3
Jenrri,3,0,3
Jens-Boaz,3,0,3
Jens-Christian,3,0,3
Jens-Eric,3,0,3
Jens-Hendrik,3,0,3
Jens-Ivar,3,0,3
Jens-Jann,3,0,3
Jens-Jochem,3,0,3
Jens-Joren,3,0,3
Jens-Leendert,3,0,3
Jens-Olaf,3,0,3
Jens-Otto,3,0,3
Jens-Thomas,3,0,3
Jens-Willem,3,0,3
Jens-Zoni,3,0,3
Jensan,3,0,3
Jenseh,3,0,3
Jenseley,3,0,3
Jenseney,0,3,3
Jensil,0,3,3
Jensinus,3,0,3
Jensjen,3,0,3
Jenske-Fleur,0,3,3
Jenski,3,0,3
Jenso,3,0,3
Jenssen,3,0,3
Jenstevyo,3,0,3
Jensworth,3,0,3
Jensynn,3,0,3
Jenszoon,3,0,3
Jent'l,0,3,3
Jentai,0,3,3
Jentan,3,0,3
Jente-Belle,0,3,3
Jente-Jasmijn,0,3,3
Jente-Marije,0,3,3
Jente-Marit,0,3,3
Jente-Piebe,3,0,3
Jente-Rixt,0,3,3
Jenteley,0,3,3
Jentely,0,3,3
Jentemi,3,0,3
Jenthe-Mae,0,3,3
Jenthe-Rixt,0,3,3
Jenthi,0,3,3
Jenthilde,0,3,3
Jenthl,0,3,3
Jenthley,0,3,3
Jentia,0,3,3
Jenticy,0,3,3
Jentientje,0,3,3
Jentila,3,0,3
Jentin,3,0,3
Jentine-Renske,0,3,3
Jentino,3,0,3
Jentius,3,0,3
Jèntje,3,0,3
Jentje-Hendrikje,0,3,3
Jentjes,3,0,3
Jentlee,3,0,3
Jentrey,3,0,3
Jents-Peter,3,0,3
Jentu,3,0,3
Jentus,3,0,3
Jentyl,3,0,3
Jenu,0,3,3
Jenual,3,0,3
Jenuàty,0,3,3
Jenuli,0,3,3
Jenusha,0,3,3
Jenushan,3,0,3
Jenushiya,0,3,3
Jenusien,3,0,3
Jenuta,0,3,3
Jenuvela,0,3,3
Jenuviene,0,3,3
Jenva,0,3,3
Jenwit,3,0,3
Jenyce,0,3,3
Jenycke,0,3,3
Jenyfer,0,3,3
Jenyley,0,3,3
Jenyn,0,3,3
Jenynio,3,0,3
Jenynjo,3,0,3
Jenyra,0,3,3
Jenyrho,3,0,3
Jenyro,3,0,3
Jenysa,0,3,3
Jénysa,0,3,3
Jenyse,0,3,3
Jenyska,0,3,3
Jenytha,0,3,3
Jenyviera,0,3,3
Jenziena,0,3,3
Jenzsca,0,3,3
Jenzy,3,0,3
Jeo,3,0,3
Jeo-Angely,0,3,3
Jeoffrij,3,0,3
Jeofimia,0,3,3
Jeöfrandy,3,0,3
Jeofrie,3,0,3
Jeofry,3,0,3
Jeolouise,0,3,3
Jeoly,0,3,3
Jeom,0,3,3
Jeomandry,3,0,3
Jeonathan,3,0,3
Jeone,3,0,3
Jeonel,3,0,3
Jeonie,0,3,3
Jeonmarie,0,3,3
Jeony,0,3,3
Jeordannio,3,0,3
Jeorgia,0,3,3
Jeorgio,3,0,3
Jeorgios,3,0,3
Jeorjia,0,3,3
Jeorjio,3,0,3
Jeorjios,3,0,3
Jeorneall,3,0,3
Jeorshenely,0,3,3
Jeorsheny,0,3,3
Jeorsli,3,0,3
Jeoryia,0,3,3
Jeorzinnio,3,0,3
Jeosonita,0,3,3
Jeovahni,3,0,3
Jeovania,0,3,3
Jeovany,3,0,3
Jeovenshley,3,0,3
Jeph,3,0,3
Jephainie,0,3,3
Jephán,3,0,3
Jephany,0,3,3
Jephery,3,0,3
Jepheune,0,3,3
Jéphianey,0,3,3
Jephlin,3,0,3
Jephrey,3,0,3
Jephrosina,0,3,3
Jephry,3,0,3
Jephtah,3,0,3
Jephtalee,0,3,3
Jephté,3,0,3
Jephtee,0,3,3
Jephthè,3,0,3
Jephthe,3,0,3
Jeppie,0,3,3
Jeppo,0,3,3
Jepse,0,3,3
Jeptah,3,0,3
Jepthah,3,0,3
Jeqai,3,0,3
Jeqennetie,0,3,3
Jeqiel,3,0,3
Jequaya,0,3,3
Jequille,3,0,3
Jèr,3,0,3
Jér,3,0,3
Jer-dieëny,0,3,3
Jer-noä,3,0,3
Jerach,3,0,3
Jerachmeël,3,0,3
Jeradaya,0,3,3
Jeraël,3,0,3
Jéraël,3,0,3
Jerahmeël,3,0,3
Jerahmiël,3,0,3
Jerahmy,3,0,3
Jerahn,3,0,3
Jeraï,3,0,3
Jeraicho,3,0,3
Jeraicio,3,0,3
Jeraiden,3,0,3
Jeraidenney,0,3,3
Jeraifa,0,3,3
Jeraïhson,3,0,3
Jeraik,3,0,3
Jerailen,3,0,3
Jeraïlio,3,0,3
Jerailio-Elijah,3,0,3
Jeraillo,3,0,3
Jerailly,3,0,3
Jeraïlo,3,0,3
Jérailo,3,0,3
Jeraima,0,3,3
Jeraina,0,3,3
Jeraindo,3,0,3
Jeraine,3,0,3
Jerainey,0,3,3
Jeraïsha,0,3,3
Jeraiya,0,3,3
Jeraiyah,3,0,3
Jeraiza,0,3,3
Jeraïzinio,3,0,3
Jeraldina,0,3,3
Jeraldio,3,0,3
Jeralin,0,3,3
Jeraline,0,3,3
Jeralinio,3,0,3
Jeralvin,3,0,3
Jeralynn,0,3,3
Jeramai,3,0,3
Jeramain,3,0,3
Jerami,3,0,3
Jeramiäs,3,0,3
Jeramiël,3,0,3
Jeramina,0,3,3
Jeramyah,3,0,3
Jerana,0,3,3
Jeranamo,3,0,3
Jerand,3,0,3
Jerando,3,0,3
Jerandrew,3,0,3
Jerandy,3,0,3
Jerândy,0,3,3
Jerangelo,3,0,3
Jeranisa,0,3,3
Jerann,0,3,3
Jérar,3,0,3
Jerard,3,0,3
Jerardin,0,3,3
Jerardy,3,0,3
Jerash,0,3,3
Jerasio,3,0,3
Jerason,3,0,3
Jeratysha,0,3,3
Jeraun,3,0,3
Jéray,3,0,3
Jeraya,0,3,3
Jerayamin,0,3,3
Jeraycia,0,3,3
Jeraycio,3,0,3
Jerayda,0,3,3
Jeraydgio,3,0,3
Jerayla,0,3,3
Jerayley,0,3,3
Jeraylie,0,3,3
Jerayly,3,0,3
Jeraymo,3,0,3
Jeraymon,3,0,3
Jerayna,0,3,3
Jeraynell,3,0,3
Jeraynimo,3,0,3
Jeraynio,3,0,3
Jeraynna,0,3,3
Jeraynne,0,3,3
Jerayny,0,3,3
Jeraysha,0,3,3
Jeraysho,3,0,3
Jeraysia,0,3,3
Jeraysiho,3,0,3
Jeraz,3,0,3
Jerbas,3,0,3
Jerberdina,0,3,3
Jerbriano,3,0,3
Jerby,3,0,3
Jerce,3,0,3
Jercel,3,0,3
Jercelania,0,3,3
Jercelinio,3,0,3
Jercelino,3,0,3
Jercely,3,0,3
Jercey,3,0,3
Jerchan,3,0,3
Jerchenilio,3,0,3
Jercherlo,3,0,3
Jerchery,0,3,3
Jerchim,3,0,3
Jercho,3,0,3
Jercinio,3,0,3
Jercinjo,3,0,3
Jercynaïro,3,0,3
Jerd,3,0,3
Jerdainsley,0,3,3
Jerdayna,0,3,3
Jerdelismar,3,0,3
Jerdert,3,0,3
Jerdian,3,0,3
Jerdiansley,3,0,3
Jerdinho,3,0,3
Jerdis,0,3,3
Jerdoni-desray,3,0,3
Jerdonnay,3,0,3
Jerdynald,3,0,3
Jéré,3,0,3
Jére,3,0,3
Jere'Naeem,3,0,3
Jere-miah,3,0,3
Jereal-Liano,3,0,3
Jereantely,0,3,3
Jereaux-Julius,3,0,3
Jerecey,0,3,3
Jerechyo,3,0,3
Jereda,0,3,3
Jeredd,3,0,3
Jeredé,0,3,3
Jerediah,3,0,3
Jeredy,3,0,3
Jerefayo,3,0,3
Jerego,3,0,3
Jereh,0,3,3
Jeréh,0,3,3
Jerehmaine,3,0,3
Jerehmia,3,0,3
Jerehmias,3,0,3
Jerehy,3,0,3
Jerein,3,0,3
Jèrel,3,0,3
Jerelayno,3,0,3
Jerelaysa,0,3,3
Jerelcio,3,0,3
Jereldey,3,0,3
Jereldine,0,3,3
Jereliah,0,3,3
Jerelies,0,3,3
Jerelin,0,3,3
Jerélio,3,0,3
Jèrell,3,0,3
Jerelle,0,3,3
Jerelly,0,3,3
Jerelly's,0,3,3
Jerelmo,3,0,3
Jerelmy,3,0,3
Jerelt,3,0,3
Jerelton,3,0,3
Jerelvin,3,0,3
Jerěly,0,3,3
Jerelynn,0,3,3
Jerelyson,3,0,3
Jeremae,3,0,3
Jeremaia,3,0,3
Jeremäih,3,0,3
Jeremaio,3,0,3
Jeremais,3,0,3
Jeremaisah,0,3,3
Jeremaisha,0,3,3
Jeremajah,3,0,3
Jèremay,3,0,3
Jerëmay,3,0,3
Jeremayo,3,0,3
Jereme,3,0,3
Jerémè,3,0,3
Jeremea,3,0,3
Jeremeen,3,0,3
Jeremeh,3,0,3
Jeremeno,3,0,3
Jérémi,3,0,3
Jeremía,3,0,3
Jeremiah-James,3,0,3
Jeremiaha,3,0,3
Jeremian,0,3,3
Jeremïas,3,0,3
Jerémias,3,0,3
Jeremiás,3,0,3
Jeremias-Jeroen,3,0,3
Jeremiasz,3,0,3
Jeremïaya,3,0,3
Jeremiaz,3,0,3
Jeremice,0,3,3
Jeremicis,3,0,3
Jeremiha,3,0,3
Jeremija,3,0,3
Jereminho,3,0,3
Jeremius,3,0,3
Jeremmie,3,0,3
Jeremmy-Jaffe,3,0,3
Jerémo,3,0,3
Jèrèmy,3,0,3
Jéremy,3,0,3
Jèremy,3,0,3
Jeremy-Chances,3,0,3
Jeremy-Cornée,3,0,3
Jeremy-Daniel,3,0,3
Jeremy-Dean,3,0,3
Jeremy-Erik,3,0,3
Jeremy-John,3,0,3
Jeremy-Joshua,3,0,3
Jeremy-Lee,3,0,3
Jeremy-Percy,3,0,3
jeremya,3,0,3
Jeremyas,3,0,3
Jeremyh,3,0,3
Jeremyiah,3,0,3
Jeremylano,3,0,3
Jeremyo,3,0,3
Jeremytcha,0,3,3
Jeren,3,0,3
Jerena-lee,0,3,3
Jerenai,3,0,3
Jerence,3,0,3
Jerencio,3,0,3
Jerenho,3,0,3
Jerenimo,3,0,3
Jerenio,3,0,3
Jerensio,3,0,3
Jerensley,3,0,3
Jerensly,3,0,3
Jerény,0,3,3
Jerera,0,3,3
Jerermia,3,0,3
Jeresia,0,3,3
Jeresio,3,0,3
Jereso,3,0,3
Jeressa,0,3,3
Jeresse,0,3,3
Jeresz,3,0,3
Jereus,3,0,3
Jereveaino,3,0,3
Jerevelinio,3,0,3
Jerevensely,3,0,3
Jerevesina,0,3,3
Jerevina,0,3,3
Jerewiesina,0,3,3
Jereyley,0,3,3
Jereylison,3,0,3
Jereyna,0,3,3
Jereysha,0,3,3
Jerf,3,0,3
Jerfa,0,3,3
Jerfaan,3,0,3
Jerfaasina,0,3,3
Jerfais,3,0,3
Jerfan,3,0,3
Jerfany,3,0,3
Jerfas,3,0,3
Jerfelinio,3,0,3
Jerfferney,3,0,3
Jerfhaas,3,0,3
Jerfinhio,3,0,3
Jerfino,3,0,3
Jerfsen,3,0,3
Jerg,3,0,3
Jerge,3,0,3
Jergen,3,0,3
Jergian,3,0,3
Jergilio,3,0,3
Jergina,0,3,3
Jerginhio,3,0,3
Jergiño,3,0,3
Jerginyo,3,0,3
Jergo,3,0,3
Jergolina,0,3,3
Jerguš,3,0,3
Jerhandsley,3,0,3
Jerhin,3,0,3
Jerhmano,3,0,3
Jerhonimo,3,0,3
Jerhoun,3,0,3
Jerhson,3,0,3
Jeriaan,3,0,3
Jeriala,0,3,3
Jérian,3,0,3
Jeriangenny,0,3,3
Jerianne,0,3,3
Jerias,3,0,3
Jeriay,3,0,3
Jeribika,0,3,3
Jeriça,0,3,3
Jericelle,0,3,3
Jericiah,0,3,3
Jèrick,3,0,3
Jericó,3,0,3
Jericoh,3,0,3
Jeridee,0,3,3
Jeridiah,3,0,3
Jerie,0,3,3
Jerieb,3,0,3
Jeríel,3,0,3
Jerielle,3,0,3
Jérien,3,0,3
Jeriënay,3,0,3
Jerïenten,3,0,3
Jerientje,0,3,3
Jerieta,0,3,3
Jerija,0,3,3
Jerijano,3,0,3
Jerijkah,0,3,3
Jerijn,0,3,3
Jerijo,3,0,3
Jerika,0,3,3
Jerikson,3,0,3
Jerilda,0,3,3
Jerildo,3,0,3
Jeriliano,3,0,3
Jerillio,3,0,3
Jerillo,3,0,3
Jerilynn,0,3,3
Jerimayjah,3,0,3
Jerimia,3,0,3
Jerimie,3,0,3
Jerimy,3,0,3
Jerinaima,0,3,3
Jerinel,3,0,3
Jerinelle,0,3,3
Jerinino,3,0,3
Jerinjo,3,0,3
Jerinka,0,3,3
Jerinke,0,3,3
Jériño,3,0,3
Jerinson,3,0,3
Jerion,3,0,3
Jerios,3,0,3
Jeris,0,3,3
Jerisan,3,0,3
Jerisi,3,0,3
Jeriska,0,3,3
Jerison,3,0,3
Jerisso,3,0,3
Jerita,0,3,3
Jeritcia,0,3,3
Jeritsa,0,3,3
Jeritz,3,0,3
Jerius,3,0,3
Jeriva,0,3,3
Jeriy-Anne,0,3,3
Jeriyah,3,0,3
Jerizeck,3,0,3
Jerjés,3,0,3
Jerken,3,0,3
Jerkie,3,0,3
Jerlaisca,0,3,3
Jerlay,3,0,3
Jerlaysia,0,3,3
Jerleny,0,3,3
Jerli-Marie,0,3,3
Jerliane,0,3,3
Jerliano,3,0,3
Jerlien,0,3,3
Jerliena,0,3,3
Jerliesa,0,3,3
Jerlijah,3,0,3
Jerline,0,3,3
Jerlissa,0,3,3
Jerlita,0,3,3
Jerllijah,3,0,3
Jerllyson,3,0,3
Jerlonny,3,0,3
Jerluka,3,0,3
Jerly-Ann,0,3,3
Jerlyiano,3,0,3
Jerm,3,0,3
Jerma,0,3,3
Jermah,3,0,3
Jermahir,3,0,3
Jermaiah,3,0,3
Jermaias,3,0,3
Jermaiden,3,0,3
Jermaiha,3,0,3
Jermail,3,0,3
Jermailine,0,3,3
Jermailyn,0,3,3
Jermaima,0,3,3
Jermaïn,3,0,3
Jermain-Alexander,3,0,3
Jermaine-Jermaine,3,0,3
Jermainlino,3,0,3
Jermainov,3,0,3
Jermainy,3,0,3
Jermainys,0,3,3
Jermaire,3,0,3
Jérmairo,3,0,3
Jermairon,3,0,3
Jermal,3,0,3
Jermaline,0,3,3
Jermana,0,3,3
Jermandino,3,0,3
Jermando,3,0,3
Jérmani,3,0,3
Jermanio,3,0,3
Jermanno,3,0,3
Jermanuel,3,0,3
Jermanyo,3,0,3
Jermario,3,0,3
Jermarviënne,0,3,3
Jermathy,0,3,3
Jermayah,3,0,3
Jermaynn,3,0,3
Jermayo,3,0,3
Jermayrah,0,3,3
Jermco,3,0,3
Jermedy,3,0,3
Jermeha,3,0,3
Jermein,3,0,3
Jermeja,3,0,3
Jermel,3,0,3
Jermelij,3,0,3
Jermelle,0,3,3
Jermelsa,0,3,3
Jermelys,0,3,3
Jermerino,3,0,3
Jermexinio,3,0,3
Jermeya,3,0,3
Jermica,0,3,3
Jermichenely,0,3,3
Jermie,3,0,3
Jermija,3,0,3
Jermila,0,3,3
Jermilio,3,0,3
Jermilla,0,3,3
Jermillhio,3,0,3
Jermilo,3,0,3
Jermilson,3,0,3
Jermima,0,3,3
Jerminyo,3,0,3
Jermio,3,0,3
Jermiro,3,0,3
Jermirson,3,0,3
Jermito,3,0,3
Jermmy,3,0,3
Jérmo,3,0,3
Jermo-Christian,3,0,3
Jermoh,3,0,3
Jèrmoh,3,0,3
Jérmona,0,3,3
Jermund,3,0,3
Jèrmy,3,0,3
Jermy-nelle,0,3,3
Jermy-nelly,0,3,3
Jermyah,3,0,3
Jermyne,3,0,3
Jermyrangelo,3,0,3
Jernaicio,3,0,3
Jernailly,0,3,3
Jernailo,3,0,3
Jernailys,0,3,3
Jernansety,0,3,3
Jernayda,0,3,3
Jernaysha,0,3,3
Jernecia,0,3,3
Jerneeshely,0,3,3
Jernefif,0,3,3
Jernelissa,0,3,3
Jernelle,0,3,3
Jerner,3,0,3
Jerneven,0,3,3
Jerni,0,3,3
Jernicio,3,0,3
Jerniël,3,0,3
Jernifer,0,3,3
Jernildo,3,0,3
Jernilius,3,0,3
Jernilson,3,0,3
Jernine,0,3,3
Jernino,3,0,3
Jerniqueyscha,0,3,3
Jernisha,0,3,3
Jernold,3,0,3
Jernycio,3,0,3
Jero-meo,3,0,3
Jéroah,3,0,3
Jerobiam,3,0,3
Jeroby,3,0,3
Jerochayo,3,0,3
Jerod,3,0,3
Jerod-Vince,3,0,3
Jerodaen,3,0,3
Jeroden,3,0,3
Jeroecham,3,0,3
Jeroelie,0,3,3
Jeroëme,3,0,3
Jeroeminus,3,0,3
Jeroen-Anne,3,0,3
Jeroen-Anthony,3,0,3
Jeroen-Bob,3,0,3
Jeroen-Donald,3,0,3
Jeroen-Elwin,3,0,3
Jeroen-Erik,3,0,3
Jeroen-Ferdinand,3,0,3
Jeroen-Frederik,3,0,3
Jeroen-Gerard,3,0,3
Jeroen-Hendrik,3,0,3
Jeroen-Jaccor,3,0,3
Jeroen-Jacob,3,0,3
Jeroen-Jarich,3,0,3
Jeroen-Jelle,3,0,3
Jeroen-Johannes,3,0,3
Jeroen-Ludwig,3,0,3
Jeroen-Maarten,3,0,3
Jeroen-Martijn,3,0,3
Jeroen-Mathijs,3,0,3
Jeroen-Pepijn,3,0,3
Jeroen-Pieter,3,0,3
Jeroen-Roberto,3,0,3
Jeroen-Stephan,3,0,3
Jeroen-Timmie,3,0,3
Jeroenes,3,0,3
Jeroennus,0,3,3
Jeroenovich,3,0,3
Jeroenovna,0,3,3
Jeroenszoon,3,0,3
Jeroenymus,3,0,3
Jeroesch,3,0,3
Jeroesha,0,3,3
Jeroesjalajim,0,3,3
Jeroham,3,0,3
Jérold,3,0,3
Jerolim,3,0,3
Jerolimo,3,0,3
Jeroline,0,3,3
Jerolldino,3,0,3
Jerolynn,0,3,3
Jérôm,3,0,3
Jeromaiah,3,0,3
Jeröme,3,0,3
Jèrome,3,0,3
Jérômè,3,0,3
Jeromè,3,0,3
Jeróme,3,0,3
Jéróme,0,3,3
Jerôme-Hubertus,3,0,3
Jeromi,0,3,3
Jeromian,3,0,3
Jeromimus,3,0,3
Jeromin,3,0,3
Jérômine,0,3,3
Jeromio,3,0,3
Jéromique,0,3,3
Jeromir,3,0,3
Jerómme,0,3,3
Jeromos,3,0,3
Jeromus,3,0,3
Jéromy,3,0,3
Jérômy,3,0,3
Jérôn,3,0,3
Jeróna,0,3,3
Jérone,3,0,3
Jerône,3,0,3
Jeroneci,3,0,3
Jeronemina,0,3,3
Jeronemo,3,0,3
Jeronémo,3,0,3
Jeronemus,3,0,3
Jèroni,0,3,3
Jeronia,0,3,3
Jeronihmo,3,0,3
Jeronim,3,0,3
Jeronime,0,3,3
Jeronimes,3,0,3
Jerônimo,3,0,3
Jéronne,0,3,3
Jeronnimo,3,0,3
Jeronomina,0,3,3
Jeronomy,3,0,3
Jeronpeter,3,0,3
Jérony,3,0,3
Jeronym,3,0,3
Jeroným,3,0,3
Jeroo,3,0,3
Jeroony,3,0,3
Jeros,3,0,3
Jeroslauw,3,0,3
Jeroucha,0,3,3
Jeroudi,0,3,3
Jerourik,3,0,3
Jeroush,3,0,3
Jerousha,0,3,3
Jerouska,0,3,3
Jerovan,3,0,3
Jerovence,3,0,3
Jeroya,0,3,3
Jerpfhaas,3,0,3
Jerphaasina,0,3,3
Jerphasine,0,3,3
Jerphercina,0,3,3
Jerphien,0,3,3
Jerquan,3,0,3
Jerra-Lynn,0,3,3
Jerradinho,3,0,3
Jerraël,3,0,3
Jerraï,3,0,3
Jerrailen,3,0,3
Jerrainemo,3,0,3
Jerraldus,3,0,3
Jerram,3,0,3
Jerramaya,3,0,3
Jerrana,0,3,3
Jerrandy,3,0,3
Jerrano,3,0,3
Jerrau,3,0,3
Jerravinyo,3,0,3
Jerrayles,0,3,3
Jerrayna,0,3,3
Jerraynall,3,0,3
Jerraynell,3,0,3
Jerrayva,0,3,3
Jerrayvian,3,0,3
Jerrchano,3,0,3
Jerre-Elisius,3,0,3
Jerre-lee,0,3,3
Jerre-may,0,3,3
Jerre-Nitcia,0,3,3
Jerreau-Mairo,3,0,3
Jerrecardo,3,0,3
Jerrefaas,3,0,3
Jerreh,3,0,3
Jerrehl,3,0,3
Jerrek,3,0,3
Jerrel-linho,3,0,3
Jerreleen,0,3,3
Jerrelien,0,3,3
Jerrelin,0,3,3
Jerreline,0,3,3
Jerrelly,0,3,3
Jerrellyn,0,3,3
Jerrelt,3,0,3
Jerrelthon,3,0,3
Jerrelton,3,0,3
Jerrelvino,3,0,3
Jerremaë,0,3,3
Jerremaï,3,0,3
Jerremai,3,0,3
Jerremaih,3,0,3
Jerremaiha,3,0,3
Jerremaihn,3,0,3
Jerremain,3,0,3
Jerremairo,3,0,3
Jerremayscha,0,3,3
Jerremi,3,0,3
Jerremine,0,3,3
Jerremyah,3,0,3
Jerremyh,3,0,3
Jerremylano,3,0,3
Jerrena,0,3,3
Jerrenaiska,0,3,3
Jerrence,3,0,3
Jerrencia,0,3,3
Jerrené,3,0,3
Jerrenice,0,3,3
Jerreniceya,0,3,3
Jerrensy,3,0,3
Jerrethon,3,0,3
Jerretysha,0,3,3
Jerrevajo,3,0,3
Jerrevesina,0,3,3
Jerrez,3,0,3
Jerrezino,3,0,3
Jerriano,3,0,3
Jerriany,0,3,3
Jerric,3,0,3
Jerrice,0,3,3
Jerricia,0,3,3
Jerricka,0,3,3
Jerrickson,3,0,3
Jerriënmar,0,3,3
Jerrijl,3,0,3
Jerrijn,3,0,3
Jerrily,0,3,3
Jerrilyn,0,3,3
Jerrinio,3,0,3
Jerrio,3,0,3
Jerrion,3,0,3
Jerrique,3,0,3
Jerrivan,3,0,3
Jerrli,3,0,3
Jerrobryane,3,0,3
Jerrod,3,0,3
Jerróh,3,0,3
Jerrol-lee,3,0,3
Jerroldina,0,3,3
Jerrolin,3,0,3
Jerrom,3,0,3
Jerronie,3,0,3
Jerronieck,3,0,3
Jerronique,3,0,3
Jerronyle,3,0,3
Jerrosie-Lee,0,3,3
Jerroson,3,0,3
Jerroy,3,0,3
Jerrsis,3,0,3
Jérry,3,0,3
Jerry-Boy,3,0,3
Jerry-Dean,3,0,3
Jerry-Jeremy,3,0,3
Jerry-Jiramia,3,0,3
Jerry-John,3,0,3
Jerry-Lee,0,3,3
Jerry-Lin,0,3,3
Jerry-Son,3,0,3
Jerryaino,3,0,3
Jerryc,3,0,3
Jerrycha,0,3,3
Jerrycho,3,0,3
Jerryco,3,0,3
Jerryd,3,0,3
Jerrylaiy,0,3,3
Jerryld,3,0,3
Jerrylin,0,3,3
Jerrymias,3,0,3
Jerrymie,3,0,3
Jerrymy,3,0,3
Jerryva,0,3,3
Jerryvia,0,3,3
Jersan,3,0,3
Jersandro,3,0,3
Jerselene,0,3,3
Jerseley,0,3,3
Jerselly,0,3,3
Jerselyn,0,3,3
Jersenio,3,0,3
Jersenney,3,0,3
Jerseylon,3,0,3
Jershainelly,0,3,3
Jershaino,3,0,3
Jershainy,0,3,3
Jershane,3,0,3
Jershantely,0,3,3
Jershelly,0,3,3
Jershenaily,0,3,3
Jèrsi,3,0,3
Jersiana,0,3,3
Jersini,0,3,3
Jersinia,0,3,3
Jersiño,3,0,3
Jersmayn,3,0,3
Jerson-George,3,0,3
Jersson,3,0,3
Jerssy,3,0,3
Jerstey,3,0,3
Jerstin,0,3,3
Jersvan,3,0,3
Jersyllino,3,0,3
Jersylva,0,3,3
Jersynio,3,0,3
Jersysito,3,0,3
Jerte,0,3,3
Jerth,3,0,3
Jërtha,0,3,3
Jertienne,3,0,3
Jertil,3,0,3
Jerua,3,0,3
Jeruchan,3,0,3
Jeruckson,3,0,3
Jéruda,0,3,3
Jeruëlle,0,3,3
Jeruëngellson,3,0,3
Jeruengelly,0,3,3
Jerull,3,0,3
Jerum,3,0,3
Jeruma,3,0,3
Jerumia,3,0,3
Jerusah,0,3,3
Jèruscha,0,3,3
Jerusè,3,0,3
Jerush,3,0,3
Jerushamae,0,3,3
Jerushan,3,0,3
Jerushga,0,3,3
Jerushia,0,3,3
Jeruto,0,3,3
Jeruzalemka,0,3,3
Jervaes,3,0,3
Jervain,3,0,3
Jervaino,3,0,3
Jervaira,0,3,3
Jervais,3,0,3
Jérvan,3,0,3
Jervana,0,3,3
Jervanie,3,0,3
Jervasio,3,0,3
Jervayen,3,0,3
Jervayne,3,0,3
Jervayno,3,0,3
Jervee,3,0,3
Jervel,3,0,3
Jerveline,0,3,3
Jervena,0,3,3
Jerveney,3,0,3
Jerversines,3,0,3
Jervesina,0,3,3
Jervesinus,3,0,3
Jervey,3,0,3
Jervi,3,0,3
Jerviánne,0,3,3
Jerviano,3,0,3
Jerviany,0,3,3
Jervie,3,0,3
Jervienne,0,3,3
Jêrvin,3,0,3
Jervinhio,3,0,3
Jervinnio,3,0,3
Jervion,3,0,3
Jervison,3,0,3
Jervyn,3,0,3
Jérvynio,3,0,3
Jerwanio,3,0,3
Jerwanny,3,0,3
Jerweensca,0,3,3
Jerwell,3,0,3
Jerwensly,3,0,3
Jerwently,3,0,3
Jerwilson,3,0,3
Jeryanno,3,0,3
Jerycha,0,3,3
Jeryda,0,3,3
Jeryëndelo,3,0,3
Jeryëndely,0,3,3
Jeryes,3,0,3
Jeryline,0,3,3
Jeryll,3,0,3
Jerylo,3,0,3
Jerymar,3,0,3
Jerymias,3,0,3
Jerymo,3,0,3
Jeryn,3,0,3
Jerynaiza,0,3,3
Jerynel,3,0,3
Jerynhio,3,0,3
Jerynho,3,0,3
Jerynna,0,3,3
Jérzayne,3,0,3
Jerzhino,3,0,3
Jerzinio,3,0,3
Jerziño,3,0,3
Jerzino,3,0,3
Jerzion,3,0,3
Jes-linn,0,3,3
Jes-Lyn,0,3,3
Jesabel,0,3,3
Jesahty,0,3,3
Jesai,3,0,3
Jésaï,3,0,3
Jesaïa,3,0,3
Jésaiah,3,0,3
Jesaiah-Joah,3,0,3
Jesaiahly,0,3,3
Jesaih,3,0,3
Jesaïja,3,0,3
Jesaijah,3,0,3
Jesaijas,3,0,3
Jesaijha,3,0,3
Jesaïn,3,0,3
Jesaïra,0,3,3
Jesaira,0,3,3
Jesaïro,3,0,3
Jesairon,3,0,3
Jesaiyah,3,0,3
Jesajahly,0,3,3
Jesajahoe,3,0,3
Jesajahu,3,0,3
Jesalina,0,3,3
Jésalisha,0,3,3
Jesalja,3,0,3
Jesallas,3,0,3
Jesamé,0,3,3
Jesamina,0,3,3
Jesamira,0,3,3
Jesammy,0,3,3
Jesamy,0,3,3
Jesan,3,0,3
Jesano,3,0,3
Jesanta,0,3,3
Jesanthan,3,0,3
Jesara,0,3,3
Jesaré,0,3,3
Jesarëla,0,3,3
Jesarella,0,3,3
Jésaryah,0,3,3
Jesavelle,0,3,3
Jesay,0,3,3
Jésaya,3,0,3
Jesáyah,0,3,3
Jesayarah,0,3,3
Jesayas,3,0,3
Jesayes,3,0,3
Jesayhro,3,0,3
Jesayli,0,3,3
Jesayno,3,0,3
Jesayra,0,3,3
Jesayro,3,0,3
Jesbie,3,0,3
Jesce,0,3,3
Jesceah,0,3,3
Jeschaël,3,0,3
Jeschinta,0,3,3
Jescie,0,3,3
Jescika,0,3,3
Jescilya,0,3,3
Jescinta,0,3,3
Jesdenira,0,3,3
Jesdon,3,0,3
Jesdy,0,3,3
Jese,3,0,3
Jesebella,0,3,3
Jesedakorn,3,0,3
Jesefina,0,3,3
Jeseja,3,0,3
Jeséjah,0,3,3
Jesek,3,0,3
Jeseleida,0,3,3
Jeseleidy,0,3,3
Jeselyn,0,3,3
Jeselyne,0,3,3
Jèsenia,0,3,3
Jesenjin,3,0,3
Jesenni,0,3,3
Jesenya,0,3,3
Jesephina,0,3,3
Jesephus,3,0,3
Jesepoes,3,0,3
Jeseppe,3,0,3
Jesepus,3,0,3
Jéseraih,0,3,3
Jeserayah,0,3,3
Jeserniely,0,3,3
Jeserno,3,0,3
Jeseyah,3,0,3
Jesfranjeley,0,3,3
Jesha'ja,3,0,3
Jeshaan,3,0,3
Jeshaely,0,3,3
Jeshaiah,3,0,3
Jeshajahu,3,0,3
Jeshamy,3,0,3
Jeshan,3,0,3
Jeshanairo,3,0,3
Jeshandro,3,0,3
Jesharela,0,3,3
Jeshaylee,0,3,3
Jeshayra,0,3,3
Jesheniva,0,3,3
Jesherna,0,3,3
Jèshey,0,3,3
Jeshia,3,0,3
Jeshian,3,0,3
Jeshica,0,3,3
Jeshiel,3,0,3
Jeshin,3,0,3
Jeshion,3,0,3
Jeshira,0,3,3
Jeshiwe,3,0,3
Jeshja,3,0,3
Jéshlyn,3,0,3
Jeshlyn,0,3,3
Jeshna,0,3,3
Jeshnahla,0,3,3
Jeshny,3,0,3
Jeshon,3,0,3
Jeshonja,0,3,3
Jeshraela,0,3,3
Jeshrien,0,3,3
Jeshrun,3,0,3
Jeshsana,0,3,3
Jeshshaan,3,0,3
Jeshúa,3,0,3
Jeshua-Amir,3,0,3
Jeshuaputra,3,0,3
Jeshuron,3,0,3
Jeshvankumar,3,0,3
Jeshvant,3,0,3
Jeshwa,3,0,3
Jeshwan,3,0,3
Jeshwan-Ray,3,0,3
Jeshwankumaar,3,0,3
Jèsi,3,0,3
Jesía,3,0,3
Jèsiah,3,0,3
Jesiah-Devaney,3,0,3
Jesiah-Kingsley,3,0,3
Jesiayah,3,0,3
Jesic,3,0,3
Jèsica,0,3,3
Jesick,3,0,3
Jesie,3,0,3
Jesilea,0,3,3
Jeşim,0,3,3
Jesimae,0,3,3
Jesimeel,3,0,3
Jesimiel,0,3,3
Jésine,0,3,3
Jesines,3,0,3
Jesinna,0,3,3
Jesiowin,3,0,3
Jesiree,0,3,3
Jesja,0,3,3
Jesjan,3,0,3
Jésjua,3,0,3
Jeska-Lisa,0,3,3
Jèske,0,3,3
Jeskje,0,3,3
Jeslane,0,3,3
Jeslée,3,0,3
Jesleigh,0,3,3
Jeslen,0,3,3
Jeslene,0,3,3
Jesley-ann,0,3,3
Jesley-James,0,3,3
Jesley-Joy,0,3,3
Jeslher,0,3,3
Jeslhinn,0,3,3
Jeslian,0,3,3
Jesliano,3,0,3
Jeslien,0,3,3
Jeslijn,0,3,3
Jeslly,0,3,3
Jeslyn-Faith,0,3,3
Jeslýne,0,3,3
Jeslyon,3,0,3
Jesmaey,0,3,3
Jesmai,0,3,3
Jesmain,0,3,3
Jesmaley,3,0,3
Jesmaray,3,0,3
Jesmèe,0,3,3
Jesmein,0,3,3
Jesmeline,0,3,3
Jesmenia,0,3,3
Jesmiah,0,3,3
Jesmian,3,0,3
Jesmiël,3,0,3
Jesmilla,0,3,3
Jesminder,0,3,3
Jesmo,3,0,3
Jesmon,3,0,3
Jesmond,3,0,3
Jesmonifa,0,3,3
Jesmy,0,3,3
Jesnah,0,3,3
Jesni,0,3,3
Jesniah,0,3,3
Jesniqua,0,3,3
Jeso,3,0,3
Jesoea,3,0,3
Jesomatie,0,3,3
Jespèr,3,0,3
Jesper-Bart,3,0,3
Jesper-James,3,0,3
Jesper-Jan,3,0,3
Jesper-Jille,3,0,3
Jesper-Mike,3,0,3
Jesper-Onne,3,0,3
Jesperre,0,3,3
Jespertina,0,3,3
Jesrah,3,0,3
Jesraida,0,3,3
Jesrie,0,3,3
Jesryamison,3,0,3
Jéss,3,0,3
Jess-Amy,0,3,3
Jess-Avery,3,0,3
Jess-Louise,0,3,3
Jess-Lyènn,0,3,3
Jess-Lyn,0,3,3
Jess-Lynne,0,3,3
Jess-Maé,0,3,3
Jess-mae,0,3,3
Jessa-Lynn,0,3,3
Jessa-Mila,0,3,3
Jessabelle,0,3,3
Jessada,3,0,3
Jessady,0,3,3
Jessaia,3,0,3
Jessairo,3,0,3
Jessali,0,3,3
Jessalie,0,3,3
Jessalin,0,3,3
Jessalina,0,3,3
Jessalyna,0,3,3
Jessamée,0,3,3
Jessamijn,0,3,3
Jessamina,0,3,3
Jessamy-Jean,0,3,3
Jessamyn,0,3,3
Jessannie,0,3,3
Jessano,3,0,3
Jessaraih,3,0,3
Jessardina,0,3,3
Jessaréla,0,3,3
Jessario,3,0,3
Jessay,3,0,3
Jessayah,3,0,3
Jessayrah,0,3,3
Jesschamino,3,0,3
Jesscia,0,3,3
Jessciamony,0,3,3
Jésse,3,0,3
jesse,3,0,3
Jessè,3,0,3
Jesse-Aldert,3,0,3
Jesse-Armando,3,0,3
Jesse-Ate,3,0,3
Jesse-Bo,3,0,3
Jesse-Daan,3,0,3
Jesse-Danae,0,3,3
Jesse-Geert,3,0,3
Jesse-Henri,3,0,3
Jesse-Jacob,3,0,3
Jesse-Jake,3,0,3
Jessé-James,3,0,3
Jesse-Jane,0,3,3
Jesse-Jens,3,0,3
Jesse-Joe,3,0,3
Jesse-Joey,3,0,3
Jesse-Johan,3,0,3
Jesse-Johannes,3,0,3
Jesse-Jorn,3,0,3
Jesse-Jorrit,3,0,3
Jesse-Leif,3,0,3
Jesse-Li,0,3,3
Jesse-Ljibbe,3,0,3
Jesse-Luuk,3,0,3
Jesse-Lyn,0,3,3
Jesse-Matt,3,0,3
Jesse-Merlijn,3,0,3
Jesse-Noël,3,0,3
Jesse-Samuel,3,0,3
Jesse-Sem,3,0,3
Jesse-Simon,3,0,3
Jesse-Thomas,3,0,3
Jesse-Tobias,3,0,3
Jessea,0,3,3
Jessebella,0,3,3
Jessebelle,0,3,3
Jessedy,0,3,3
Jesseé,3,0,3
Jessefaira,0,3,3
Jesseh,3,0,3
Jesselie,0,3,3
Jesseliena,0,3,3
Jesselino,3,0,3
Jesselvis,0,3,3
Jesselyna,0,3,3
Jessem,3,0,3
Jessemae,0,3,3
JesseMartyn,3,0,3
Jessemay,0,3,3
Jessemijn,0,3,3
Jessemijne,0,3,3
Jessemin,0,3,3
Jesserela,0,3,3
Jesserley,0,3,3
Jesserone,3,0,3
Jesses,3,0,3
Jesséy,3,0,3
Jessëy,3,0,3
Jessey-Ann,0,3,3
Jessey-Jaedon,3,0,3
Jessey-James,3,0,3
Jessey-Jane,0,3,3
Jessey-Joy,0,3,3
Jessey-Laine,0,3,3
Jessey-Loïc,3,0,3
Jessey-Lynn,0,3,3
Jessey-Ray,3,0,3
Jessey-Raye,0,3,3
Jesseylie,0,3,3
Jesseylliën,3,0,3
Jesseylynn,0,3,3
Jesseynia,0,3,3
Jesshayra,0,3,3
Jessi-Anousch,0,3,3
Jessiah-Joy,0,3,3
Jessiana,0,3,3
Jessiandra,0,3,3
Jessias,3,0,3
Jessica-Henriëtte,0,3,3
Jessica-Jane,0,3,3
Jessica-Louise,0,3,3
Jessica-Modesta,0,3,3
Jessica-Nathalie,0,3,3
Jessica-Petra,0,3,3
Jessica-Samantha,0,3,3
Jessicca,0,3,3
Jessice,0,3,3
Jessico,3,0,3
Jessie-Ann,0,3,3
Jessie-Ariane,0,3,3
Jessie-Bo,0,3,3
Jessie-Caro,0,3,3
Jessie-Jade,0,3,3
Jessie-Jazz,0,3,3
Jessie-Li,0,3,3
Jessie-Linn,0,3,3
Jessie-Louis,0,3,3
Jessie-mae,0,3,3
Jessie-Mae,0,3,3
Jessie-Marie,0,3,3
Jessie-Meike,0,3,3
Jessie-Pascal,3,0,3
Jessie-Vay,0,3,3
JessieJay,0,3,3
Jessieka,0,3,3
Jessieke,3,0,3
Jessiele,3,0,3
Jessiellen,0,3,3
Jessiem,3,0,3
Jessieme,3,0,3
Jessiene,3,0,3
Jessieni,0,3,3
Jessiënna,0,3,3
Jessiër,0,3,3
Jessii,0,3,3
Jessilyn,0,3,3
Jessimae,0,3,3
Jessimay,0,3,3
Jessimiël,3,0,3
Jessimo,3,0,3
Jessinda,0,3,3
Jessing,3,0,3
Jessinio,3,0,3
Jessirie,0,3,3
Jessiyah,0,3,3
Jesske,0,3,3
Jesslain,0,3,3
Jesslee,0,3,3
Jessley-Jae,0,3,3
Jessleyn,0,3,3
Jesslin-Joy,0,3,3
Jesslina,0,3,3
Jesslinda,0,3,3
Jesslyhn,0,3,3
Jesslyn-Narda,0,3,3
Jesslyna,0,3,3
Jesslyne,0,3,3
JessLynn,0,3,3
Jesslynn-Sophia,0,3,3
Jessma,0,3,3
Jessmaé,0,3,3
Jessmain,3,0,3
Jessmaine,0,3,3
Jessmaris,0,3,3
Jessmaya,0,3,3
Jessmé,0,3,3
Jessney,0,3,3
Jessny,0,3,3
Jesso,3,0,3
Jessonda,0,3,3
Jessop,0,3,3
Jessottiz,0,3,3
Jessr,3,0,3
Jessriël,3,0,3
Jessthon,3,0,3
Jesstien,0,3,3
Jessura,0,3,3
Jesswell,3,0,3
Jessy-ann,0,3,3
Jessy-Ann,0,3,3
Jessy-Beau,3,0,3
Jessy-Dee,0,3,3
Jessy-Delphina,0,3,3
Jessy-Djulevha,3,0,3
Jessy-J,0,3,3
Jessy-james,3,0,3
Jessy-Jefferson,3,0,3
Jessy-Joy,0,3,3
Jessy-June,0,3,3
Jessy-Justin,3,0,3
Jessy-Kay,3,0,3
Jessy-Leigh,0,3,3
Jessy-Lyen,0,3,3
Jessy-Lynn,0,3,3
Jessy-Manuela,0,3,3
Jessy-Mike,3,0,3
Jessy-Rae,0,3,3
Jessy-Ray,3,0,3
Jessyce,0,3,3
Jessyka,0,3,3
Jessylien,0,3,3
Jêstan,3,0,3
Jesteney,0,3,3
Jestenny,0,3,3
Jestéy,3,0,3
Jesther,3,0,3
Jesti,3,0,3
Jestices,3,0,3
Jestiena,0,3,3
Jestienis,3,0,3
Jestienne,0,3,3
Jestina,0,3,3
Jestine,0,3,3
Jestiney,0,3,3
Jestiny,0,3,3
Jèstony,3,0,3
Jesty,3,0,3
Jestyne,0,3,3
Jesúa,3,0,3
Jesuah,3,0,3
Jesualdo,3,0,3
Jesualdus,3,0,3
Jesub,3,0,3
Jesucita,0,3,3
Jesudian,3,0,3
Jesué,3,0,3
Jesuela,0,3,3
Jesuh,3,0,3
Jesuino,3,0,3
Jesuis,3,0,3
Jesumar,3,0,3
Jesumayowa,3,0,3
Jesun,3,0,3
Jesunobo,3,0,3
Jesur,3,0,3
Jesurum,3,0,3
Jesury,0,3,3
Jesûs,3,0,3
Jèsus,3,0,3
Jesùs,3,0,3
Jesus-Maria,3,0,3
Jesusana,0,3,3
Jesusing,3,0,3
Jesutheen,3,0,3
Jesutomileri,3,0,3
Jesuwaldo,3,0,3
Jesuwaldus,3,0,3
Jeswan,3,0,3
Jeswanth,3,0,3
Jeswantkumar,3,0,3
Jeswi,0,3,3
Jeswindevi,0,3,3
Jesya,0,3,3
Jesyah,0,3,3
Jesyanne,0,3,3
Jeszebel,0,3,3
Jeszek,3,0,3
Jeszika,0,3,3
Jeszlynn,0,3,3
Jeszu,3,0,3
jet,0,3,3
Jet-Anne,0,3,3
Jet-Mat,0,3,3
Jet-Sophie,0,3,3
Jetaim,0,3,3
Jétan,3,0,3
Jetashree,0,3,3
Jetchen,0,3,3
Jetëmira,0,3,3
Jetha,0,3,3
Jethe,0,3,3
Jetheendra,3,0,3
Jethel,0,3,3
Jether,3,0,3
Jethline,0,3,3
Jetho,3,0,3
Jethran,3,0,3
Jethro-Joël,3,0,3
Jethurshan,3,0,3
Jeti,0,3,3
Jetiën,3,0,3
Jetien,0,3,3
Jetiendra,3,0,3
Jetienus,3,0,3
Jetima,0,3,3
Jetin,3,0,3
Jetindranath,3,0,3
Jetis,0,3,3
Jetje-Janine,0,3,3
Jetjie,0,3,3
Jetkel,0,3,3
Jetlee,3,0,3
Jetley,3,0,3
Jetlien,0,3,3
Jetlir,3,0,3
Jetlira,0,3,3
Jetmerson,3,0,3
Jetrëll,3,0,3
Jetrho,3,0,3
Jetrie,3,0,3
Jetrin,3,0,3
Jètro,3,0,3
Jetsada,3,0,3
Jetschjen,0,3,3
Jetses,3,0,3
Jetsica,0,3,3
Jetsinus,3,0,3
Jetskaline,0,3,3
Jetske-Marlou,0,3,3
Jetskeliena,0,3,3
Jetskiena,0,3,3
Jetson,3,0,3
Jetsse,3,0,3
Jetsun,3,0,3
Jetsy,0,3,3
Jette-Anna,0,3,3
Jette-Marie,0,3,3
Jette-Renee,0,3,3
Jettelie,0,3,3
Jettemarie,0,3,3
Jettemien,0,3,3
Jettemijn,0,3,3
Jettero,3,0,3
Jetteu,0,3,3
Jetthro,3,0,3
Jettica,0,3,3
Jettienus,3,0,3
Jettin,3,0,3
Jettineke,0,3,3
Jettinem,0,3,3
Jettje,0,3,3
Jettrin,3,0,3
Jettyna,0,3,3
Jetumba,0,3,3
Jety,0,3,3
Jetzareal,3,0,3
Jetze-Dirk,3,0,3
Jetzina,0,3,3
Jeu-Han,3,0,3
Jeu-Me,0,3,3
Jeuad,3,0,3
Jeuana,0,3,3
Jéucilaine,0,3,3
Jeudiel,0,3,3
Jeudina,0,3,3
Jeudonnee,0,3,3
Jeuëdi,3,0,3
Jeugenlien,0,3,3
Jeuke,3,0,3
Jeule,3,0,3
Jeun-Jie,0,3,3
Jeunan,0,3,3
Jeuneviéve,0,3,3
Jeung,3,0,3
Jeunice,0,3,3
Jeunière,3,0,3
Jeunique,3,0,3
Jeunisse,0,3,3
Jeunke,3,0,3
Jeuno,3,0,3
Jeup,3,0,3
Jeuraydiz,0,3,3
Jeuren,3,0,3
Jeurgen,3,0,3
Jeurien,3,0,3
Jeurine,0,3,3
Jeurley,0,3,3
Jeurmain,3,0,3
Jeurmean,3,0,3
Jeurmen,3,0,3
Jeurmy,3,0,3
Jeurneley,0,3,3
Jeurnene,0,3,3
Jeurnice,0,3,3
Jeurnine,0,3,3
Jeuro,3,0,3
Jeurriaan,3,0,3
Jeurylline,3,0,3
Jeuske,0,3,3
Jeusleena,0,3,3
Jeuvendsley-Alex,3,0,3
Jeuvion,3,0,3
Jeuxdonique,0,3,3
Jevad,3,0,3
Jevaeh,0,3,3
Jévahno,3,0,3
Jevahno,3,0,3
Jevaily,0,3,3
Jevaina,0,3,3
Jevainely,0,3,3
Jevainley,0,3,3
Jévaino,3,0,3
Jevaïno,3,0,3
Jevaio,3,0,3
Jevaira,0,3,3
Jévaira,0,3,3
Jévairo,3,0,3
Jevaïro,3,0,3
Jevaiya,0,3,3
Jevalay,3,0,3
Jevaley,0,3,3
Jevàn,3,0,3
Jevancelino,3,0,3
Jevand,3,0,3
Jevando,3,0,3
Jevandro,3,0,3
Jevane,0,3,3
Jevanely,0,3,3
Jevanethy,0,3,3
Jevaney,3,0,3
Jévaney,3,0,3
Jevania,0,3,3
Jevaniah,0,3,3
Jevanicia,0,3,3
Jevanie,3,0,3
Jevanish,0,3,3
Jevanity,0,3,3
Jevanly,0,3,3
Jevanna,0,3,3
Jévanni,3,0,3
Jevannity,0,3,3
Jevanno,3,0,3
Jevansly,3,0,3
Jevanty,0,3,3
Jevany,3,0,3
Jevar,3,0,3
Jevardley,3,0,3
Jevarell,3,0,3
Jévari,3,0,3
Jévaro,3,0,3
Jèvaro,3,0,3
Jevarryianne,0,3,3
Jevarson,3,0,3
Jevat,3,0,3
Jevaun,3,0,3
Jevaya,0,3,3
Jevayh,3,0,3
Jevayno,3,0,3
Jevayra,0,3,3
Jeveanny,0,3,3
Jeveayra,0,3,3
Jeveille,3,0,3
Jeveinneley,0,3,3
Jevelina,0,3,3
Jevelinio,3,0,3
Jevelino,3,0,3
Jevell,3,0,3
Jevella,0,3,3
Jevelo,3,0,3
Jevelyn,0,3,3
Jevena,0,3,3
Jevencia,0,3,3
Jevenclyio,3,0,3
Jevendrio,3,0,3
Jevenely,0,3,3
Jevenety,0,3,3
Jevenhio,3,0,3
Jevenile,3,0,3
Jeveniley,0,3,3
Jevenio,3,0,3
Jévenio,3,0,3
Jevenisha,0,3,3
Jevenna,0,3,3
Jèvenna,0,3,3
Jevenneley,0,3,3
Jevennelly,0,3,3
Jeveno,3,0,3
Jevenon,3,0,3
Jevensely,3,0,3
Jevera,3,0,3
Jeveran,3,0,3
Jeveria,0,3,3
Jeveronaldski,3,0,3
Jeverryionne,3,0,3
Jeverynio,3,0,3
Jevey,3,0,3
Jevgenie,3,0,3
Jevgenij,3,0,3
Jevgeniy,3,0,3
Jevgény,3,0,3
Jevgiöny,3,0,3
Jevhen,3,0,3
Jevi-Ameer,3,0,3
Jevianne,3,0,3
Jeviano,3,0,3
Jeviantely,0,3,3
Jeviany,3,0,3
Jeviël,3,0,3
Jevien,3,0,3
Jeviën,3,0,3
Jeviëngelo,3,0,3
Jeviënsly,0,3,3
Jeviëntely,0,3,3
Jeviley,0,3,3
Jevilio,3,0,3
Jèvin,3,0,3
Jevinaiska,0,3,3
Jevinel,3,0,3
Jevinella,0,3,3
Jévinn,3,0,3
Jévion,3,0,3
Jevion,3,0,3
Jeviyra,0,3,3
Jevon-Shaquille,3,0,3
Jevonly,3,0,3
Jevonne,3,0,3
Jevontae,3,0,3
Jevonté,3,0,3
Jevrie,3,0,3
Jevrin,3,0,3
Jevto,3,0,3
Jew,3,0,3
Jewaad,3,0,3
Jewaan,0,3,3
Jewad,3,0,3
Jewah,0,3,3
Jewahier,3,0,3
Jewahira,0,3,3
Jewanah,0,3,3
Jewani,3,0,3
Jewanti,0,3,3
Jewar,3,0,3
Jeward,3,0,3
Jewaria,0,3,3
Jewayria,0,3,3
Jeweeuw,3,0,3
Jewel-Ann,0,3,3
Jewel-Jada,0,3,3
Jewel-Joan,0,3,3
Jewel-Lee,0,3,3
Jewel-Lin,0,3,3
Jewel-May,0,3,3
Jewela,0,3,3
Jewelfry,3,0,3
Jewéll,3,0,3
Jewell-Aimée,0,3,3
Jewella,0,3,3
Jewelliah,0,3,3
Jewellisa,0,3,3
Jewelry,3,0,3
Jewelyssa,0,3,3
Jewendly,0,3,3
Jeweria,0,3,3
Jewey,0,3,3
Jewgenij,3,0,3
Jewgeny,3,0,3
Jewhemya,0,3,3
Jewid,3,0,3
Jewika,0,3,3
Jewinso,3,0,3
Jewish,3,0,3
Jéwita,0,3,3
Jewita,0,3,3
Jewjira,0,3,3
Jewly,0,3,3
Jewtia,0,3,3
Jewvy,3,0,3
Jewy,0,3,3
Jexenia,0,3,3
Jexielle,0,3,3
Jexxi,0,3,3
Jey-Linn,0,3,3
Jeyakumar,3,0,3
Jeyam,3,0,3
Jéyanah,0,3,3
Jeyant,3,0,3
Jeyanth,3,0,3
Jeyantha,0,3,3
Jeyaprathep,3,0,3
Jeyaprija,0,3,3
Jeyarani,0,3,3
Jeyashana,0,3,3
Jeyathun,3,0,3
Jeyceley,0,3,3
Jeyceon,3,0,3
Jeyco,3,0,3
Jeycob,3,0,3
Jéyda,0,3,3
Jeyda-Lynn,0,3,3
Jeydaa,0,3,3
Jeydan,3,0,3
Jeydea,3,0,3
Jeydee,3,0,3
Jeydeline,0,3,3
Jeydiael,3,0,3
Jeydison,3,0,3
Jeyenne,0,3,3
Jeyent,3,0,3
Jeyfairo,3,0,3
Jeyha,0,3,3
Jeyka,0,3,3
Jeyko,3,0,3
Jeyla-Rose,0,3,3
Jeylah,0,3,3
Jeylaisa,0,3,3
Jeylan,0,3,3
Jeyleah,0,3,3
Jeyleigh-Ann,0,3,3
Jeylen,0,3,3
Jeyliam,3,0,3
Jeylian,3,0,3
Jeylie-Chloé,0,3,3
Jeylinn,0,3,3
Jeylissa,0,3,3
Jeyliyah,0,3,3
Jeylon,3,0,3
Jeymarie,0,3,3
Jéymaro,3,0,3
Jeyn,3,0,3
Jeynaba,0,3,3
Jeynalice,0,3,3
Jeynilson,3,0,3
Jeyninhio,3,0,3
Jeyno,3,0,3
Jeynoach,3,0,3
Jeyq,3,0,3
Jeyra,0,3,3
Jeyreasha,0,3,3
Jeyrian,3,0,3
Jéyro,3,0,3
Jeyron,3,0,3
Jeyshano,3,0,3
JeyShon,3,0,3
Jeysi,3,0,3
Jeysilaiha,0,3,3
Jeyslin,0,3,3
Jeysmell,0,3,3
Jeyte,3,0,3
Jeythan,3,0,3
Jeyvaingell,3,0,3
Jeyvano,3,0,3
Jeyveanys,0,3,3
Jeyvelencio,3,0,3
Jeyvencio,3,0,3
Jeyviano,3,0,3
Jeyviën,3,0,3
Jeyvinio,3,0,3
Jeyvon,3,0,3
Jeyzen,3,0,3
Jèz,0,3,3
Jez-Belle,0,3,3
Jez-Raeley,0,3,3
Jeza-Gayle,0,3,3
Jezah,3,0,3
Jezaira,0,3,3
Jezairah,0,3,3
Jezairha,0,3,3
Jezája,3,0,3
Jezajah,3,0,3
Jezaniah,0,3,3
Jezau,3,0,3
Jezayhro,3,0,3
Jezdan,3,0,3
Jèze,3,0,3
Jeze,3,0,3
Jezeah,0,3,3
Jezebel-Djuina,0,3,3
Jezebell,0,3,3
Jezef,3,0,3
Jezefa,0,3,3
Jezehel,0,3,3
Jezeia,0,3,3
Jezekiel,3,0,3
Jezen,3,0,3
Jezenia,0,3,3
Jezenna,0,3,3
Jezennia,0,3,3
Jezequiel,3,0,3
Jezes,3,0,3
Jezetta,0,3,3
Jezhayra,0,3,3
Jézhiara,0,3,3
Jezhion,3,0,3
Jezhna,0,3,3
Jezïah,3,0,3
Jezica,0,3,3
Jéziël,3,0,3
Jezienus,3,0,3
Jezijntje,0,3,3
Jezileyna,0,3,3
Jezin,3,0,3
Jézinho,3,0,3
Jezirah,0,3,3
Jezliah,0,3,3
Jezmaé,0,3,3
Jezmaray,3,0,3
Jezmay,0,3,3
Jezmeray,3,0,3
Jezmine,0,3,3
Jezoe,3,0,3
Jezrael,3,0,3
Jezrell,3,0,3
Jezriël,3,0,3
Jezron,3,0,3
Jezs,3,0,3
Jezsiah,3,0,3
Jézu,3,0,3
Jezuëll,3,0,3
Jezufino,3,0,3
Jezuïm,3,0,3
Jezuino,3,0,3
Jezujah,0,3,3
Jezum,3,0,3
Jezús,3,0,3
Jezûs,3,0,3
Jèzusvinio,3,0,3
Jezuwald,3,0,3
Jezuwaldus,3,0,3
Jezy,3,0,3
Jezya,0,3,3
Jèzz,0,3,3
Jezz-Amaya,0,3,3
Jezz-Lyn,0,3,3
Jezzebelle,0,3,3
Jezzeley,0,3,3
Jezzelin,0,3,3
Jezzen,3,0,3
Jezzey,3,0,3
Jezzlynn,0,3,3
Jezzmin,0,3,3
Jezzriel,3,0,3
Jèzzy,3,0,3
Jezzy-Jorden,0,3,3
JFA,0,3,3
JFC,0,3,3
JFG,0,3,3
JFJM,3,0,3
Jfran,3,0,3
Jfrosinia,0,3,3
JFS,3,0,3
JGC,0,3,3
JGJ,3,0,3
JGJM,0,3,3
JGML,0,3,3
JHA,3,0,3
Jha'mae,0,3,3
Jha-cell,0,3,3
Jha-myll,3,0,3
Jha-Riley,3,0,3
Jhaamwant,3,0,3
Jhaan,3,0,3
Jhaanvi,0,3,3
Jhaanvie,0,3,3
Jhackeline,0,3,3
Jhacobus,3,0,3
Jhadah,0,3,3
Jhaddlin,0,3,3
Jhadē,0,3,3
Jhadi,3,0,3
Jhadira,0,3,3
Jhado,3,0,3
Jhadon,3,0,3
Jhaedromar,3,0,3
Jhaeleëyson,3,0,3
Jhaéleigh,0,3,3
Jhaelen,3,0,3
Jhaéli,0,3,3
Jhaelon,3,0,3
Jhaélon,3,0,3
Jhaelynn,0,3,3
Jhaenine,0,3,3
Jhaevan,3,0,3
Jhaevansly,3,0,3
Jhaéymara,0,3,3
Jhahin,3,0,3
Jhahira,0,3,3
Jhaida,0,3,3
Jhaidon,3,0,3
Jhaiër,3,0,3
Jhaijandernath,3,0,3
Jhaila,0,3,3
Jhaily,3,0,3
Jhaim,3,0,3
Jhainho,3,0,3
Jhainlynn,0,3,3
Jhainryck,3,0,3
Jhaiperkash,3,0,3
Jhaïr,3,0,3
Jhaïra,0,3,3
Jhairam,3,0,3
Jhairee,3,0,3
Jhairen,3,0,3
Jhaïro,3,0,3
Jhairyck,3,0,3
Jhaishridevie,0,3,3
Jhaistindra,3,0,3
Jhaiy-Reyh,3,0,3
Jhaiytane,3,0,3
Jhake,3,0,3
Jhakiyn,3,0,3
Jhakyndra,0,3,3
Jhalal,3,0,3
Jhalano,3,0,3
Jhalany,3,0,3
Jhaleal,3,0,3
Jhalencio,3,0,3
Jhalensio,3,0,3
Jhaliesa,0,3,3
Jhalila,0,3,3
Jhalisiana,0,3,3
Jhalito,3,0,3
Jhaliyaäh,0,3,3
Jhallia,0,3,3
Jhâlmar,3,0,3
Jhalmar,3,0,3
Jhamairo,3,0,3
Jhamal-Shyheim,3,0,3
Jhamana,0,3,3
Jhamar,3,0,3
Jhamaria,0,3,3
Jhamarley,3,0,3
Jhamayson,3,0,3
Jhamelzio,3,0,3
Jhamie,3,0,3
Jhamiel,3,0,3
Jhamill-Ro,3,0,3
Jhamille,3,0,3
Jhamington,3,0,3
Jhamira,0,3,3
Jhamm,0,3,3
Jhamraj,3,0,3
Jhamtse,3,0,3
Jhamuëll,3,0,3
Jhamwatie,0,3,3
Jhamy,0,3,3
Jhamylio,3,0,3
Jhamylla,0,3,3
Jhamys,3,0,3
Jhan-Niek,3,0,3
Jhãna,0,3,3
Jhanae,0,3,3
Jhanairo,3,0,3
Jhanaly,0,3,3
Jhanaro,3,0,3
Jhanavi,0,3,3
Jhanayra,0,3,3
Jhandar,3,0,3
Jhandino,3,0,3
Jhandrelika,0,3,3
Jhandrikapersad,3,0,3
Jhanee,0,3,3
Jhaneiro,3,0,3
Jhanélia,0,3,3
Jhanelle,0,3,3
Jhânello,3,0,3
Jhanerly,0,3,3
Jhanesh,3,0,3
Jhanet,0,3,3
Jhanette,0,3,3
Jhanewi,0,3,3
Jhanick,3,0,3
Jhaniël,3,0,3
Jhanien,0,3,3
Jhanif,0,3,3
Jhanilio,3,0,3
Jhanimar,3,0,3
Jhanimara,0,3,3
Jhanina,0,3,3
Jhanio,3,0,3
Jhaniro,3,0,3
Jhanley,0,3,3
Jhanoa,0,3,3
Jhanoah,3,0,3
Jhanoek,3,0,3
Jhans,3,0,3
Jhanteni,3,0,3
Jhanushka,0,3,3
Jhanuska,0,3,3
Jhanyva,0,3,3
Jhanzeb,3,0,3
Jhaoquir,3,0,3
Jhaqueës,3,0,3
Jharailyson,3,0,3
Jharan,3,0,3
Jhardean,3,0,3
Jhardell,3,0,3
Jharel,3,0,3
Jharen,3,0,3
Jhareno,3,0,3
Jhari-Ameer,3,0,3
Jharick,3,0,3
Jhariel,3,0,3
Jharlysa,0,3,3
Jharlyson,3,0,3
Jharno,3,0,3
Jharo,3,0,3
Jharoël,3,0,3
Jharomi,3,0,3
Jharomy,0,3,3
Jharranda,0,3,3
Jharrel,3,0,3
Jharryen,0,3,3
Jharsinio,3,0,3
Jharül,3,0,3
Jharvey,3,0,3
Jhasani,3,0,3
Jhasario,3,0,3
Jhasbien,0,3,3
Jhase,3,0,3
Jhasmine,0,3,3
Jhaswant,3,0,3
Jhaswiendra,3,0,3
Jhathavi,0,3,3
Jhathawan,3,0,3
Jhaunely,0,3,3
Jhauw-Ling,0,3,3
Jhavainiah,0,3,3
Jhavaroh,3,0,3
Jhavencio,3,0,3
Jhavensly,3,0,3
Jhavian-Ameer,3,0,3
Jhaviëna,0,3,3
Jhavy,3,0,3
Jhawed,3,0,3
Jhay-Marvyèn,3,0,3
Jhaya,0,3,3
Jhayah,3,0,3
Jhayand,3,0,3
Jhayant,3,0,3
Jhaycion,3,0,3
Jhaydiën,3,0,3
Jhaydra,0,3,3
Jhaye,3,0,3
Jhaylen,3,0,3
Jhayli-an,0,3,3
Jhaymar,3,0,3
Jhayn,0,3,3
Jhayna,0,3,3
Jhaynarisio,3,0,3
Jhayomé,3,0,3
Jhayoni,3,0,3
Jhayrill,3,0,3
Jhayrone,3,0,3
Jhaysilliano,3,0,3
Jhaytan,3,0,3
Jhayverlinho,3,0,3
Jhaz,3,0,3
Jhazi,0,3,3
Jhazmine-Hailey,0,3,3
Jhazyro,3,0,3
Jhe,0,3,3
Jhe'nae,0,3,3
Jhe'rely,0,3,3
Jhe'zion,3,0,3
Jhe'zyra,0,3,3
Jhe-Dyean,3,0,3
Jhe-Léény,0,3,3
Jhe-Nevady,0,3,3
Jhe-Shairo,3,0,3
Jhe-Vainy,0,3,3
Jheandro,3,0,3
Jheane,0,3,3
Jheanesy,0,3,3
Jheariviënne,0,3,3
Jhearnell,3,0,3
Jhecairo,3,0,3
Jhechairon,3,0,3
Jhécia,0,3,3
Jhedi,0,3,3
Jhee,0,3,3
Jheena,3,0,3
Jheeni,0,3,3
Jheeza,0,3,3
Jhefaily,0,3,3
Jhefancy,0,3,3
Jhego,3,0,3
Jheirsinio,3,0,3
Jheislyn,0,3,3
Jhekira,0,3,3
Jhelainy,0,3,3
Jhelana,0,3,3
Jhélanaya,0,3,3
Jhelani,3,0,3
Jhelano,3,0,3
Jhelaysa,0,3,3
Jhéléna-Mary,0,3,3
Jheli,0,3,3
Jheliesa,0,3,3
Jhelinio,3,0,3
Jhelisah,0,3,3
Jhélyn,0,3,3
Jhelynn,0,3,3
Jhemaé,3,0,3
Jhemaëly,0,3,3
Jhemail,3,0,3
Jhemairo,3,0,3
Jheméah,0,3,3
Jhemearick,3,0,3
Jhemiro,3,0,3
Jhenai,0,3,3
Jhenaily,0,3,3
Jhenaio,3,0,3
Jhenairo,3,0,3
Jhenaro,3,0,3
Jhenavi,0,3,3
Jhenay,0,3,3
Jhenaya,0,3,3
Jhendrik,3,0,3
Jhène,0,3,3
Jhené-Aiko,0,3,3
Jhene-Fayra,0,3,3
Jheneá,0,3,3
Jheneâ,0,3,3
Jhenea'Lee,0,3,3
Jhenée,0,3,3
Jhenefer,0,3,3
Jhenéley,0,3,3
Jhenella,0,3,3
Jhenelley,0,3,3
Jhéneyo,3,0,3
Jheneyo,3,0,3
Jhenia,0,3,3
Jhenica,0,3,3
Jhenicia,0,3,3
Jhenijza,0,3,3
Jhenillia,0,3,3
Jhenisha,0,3,3
Jheniva,0,3,3
Jhennalie,0,3,3
Jhenne,0,3,3
Jhenne-lee,0,3,3
Jhennely,0,3,3
Jhennicka,0,3,3
Jhennity,0,3,3
Jhenny,0,3,3
Jhenó,3,0,3
Jhensjevaira,0,3,3
Jhentler,3,0,3
Jhenty,0,3,3
Jheo,3,0,3
Jheony,0,3,3
Jhepkje,0,3,3
Jheraidel,3,0,3
Jheraifa,0,3,3
Jheraison,3,0,3
Jheran,3,0,3
Jherano,3,0,3
Jherek,3,0,3
Jherel,3,0,3
Jherelix,3,0,3
Jherell,3,0,3
Jhéremaiah,3,0,3
Jhereny,0,3,3
Jherésia,0,3,3
Jherfenny,3,0,3
Jherfy,3,0,3
Jheri,3,0,3
Jherico,3,0,3
Jherik,3,0,3
Jherillion,3,0,3
Jherin,3,0,3
Jherjayfenson,3,0,3
Jherlenne,0,3,3
Jhermain,3,0,3
Jhermano,3,0,3
Jhermell,3,0,3
Jhermia,0,3,3
Jhermo,3,0,3
Jhero,3,0,3
Jheromey,3,0,3
Jhèromy,3,0,3
Jherón,3,0,3
Jhéron,3,0,3
Jheronika,0,3,3
Jherreld,3,0,3
Jhervaice,3,0,3
Jhervan,3,0,3
Jhervano,3,0,3
Jherven,3,0,3
Jherwin,3,0,3
Jhèryll,3,0,3
Jherzi,3,0,3
Jherziño,3,0,3
Jherzy-Morel,3,0,3
Jhésaiah,3,0,3
Jhesaira,0,3,3
Jhesaja,3,0,3
Jhesaya,3,0,3
Jhesayro,3,0,3
Jhesiral,3,0,3
Jhesmain,0,3,3
Jhesmie,0,3,3
Jhessel,3,0,3
Jhessely,0,3,3
Jhessie,0,3,3
Jhesu,3,0,3
Jhesus,3,0,3
Jheswan,3,0,3
Jhet,3,0,3
Jhett-Kennedy,3,0,3
Jhevainy,0,3,3
Jhevanee,0,3,3
Jhevayen,3,0,3
Jhevi-Donnée,3,0,3
JHevine,3,0,3
Jhevon,3,0,3
Jheylanio,3,0,3
Jheylano,3,0,3
Jheyliandro,3,0,3
Jhezaniah,0,3,3
Jhezzdin,0,3,3
JHG,0,3,3
Jhi'linn,0,3,3
Jhiago,3,0,3
Jhialie,0,3,3
Jhien,3,0,3
Jhilanie,3,0,3
Jhilano,3,0,3
Jhildis,0,3,3
Jhill,0,3,3
Jhillian,0,3,3
Jhillya,0,3,3
Jhillyann,0,3,3
Jhilon,3,0,3
Jhim-Youness,3,0,3
Jhimailey,0,3,3
Jhimy,3,0,3
Jhinairo,3,0,3
Jhinan,0,3,3
Jhinoa,3,0,3
Jhiovan,3,0,3
Jhireva,0,3,3
Jhiria,0,3,3
Jhirmain,3,0,3
Jhiro,3,0,3
Jhirre,3,0,3
Jhitinder,3,0,3
Jhivano,3,0,3
Jhiven,3,0,3
Jhivendro,3,0,3
Jhiwika,0,3,3
JHJ,3,0,3
Jhnayla,0,3,3
Jhnell,0,3,3
Jho'ëynna,0,3,3
Jho'vayno,3,0,3
Jho-Zyon,3,0,3
Jhoa,3,0,3
Jhoama,0,3,3
Jhoandrew,3,0,3
Jhoandrick,3,0,3
Jhoandry,0,3,3
Jhoanne,0,3,3
Jhoannes,0,3,3
Jhoany,3,0,3
Jhöcel,3,0,3
Jhodie,3,0,3
Jhoe,3,0,3
Jhoenny,0,3,3
Jhoerit,3,0,3
Jhoey,3,0,3
Jhohannes,3,0,3
Jhoize,0,3,3
Jhojan,3,0,3
Jholion,3,0,3
Jholy,0,3,3
Jhomano,3,0,3
Jhomar,3,0,3
Jhomari,3,0,3
Jhomäryel,0,3,3
Jhomay,3,0,3
Jhomeirys,0,3,3
Jhomero,3,0,3
Jhompo-A-Loktoe,3,0,3
Jhonadab,3,0,3
Jhonaila,0,3,3
Jhonaily,0,3,3
Jhonaira,0,3,3
Jhonairo,3,0,3
Jhonattan,3,0,3
Jhondi,3,0,3
Jhôndone,3,0,3
Jhonelle,0,3,3
Jhonerick,3,0,3
Jhoneten,3,0,3
Jhoney,0,3,3
Jhonhensley,3,0,3
Jhoninio,3,0,3
Jhonman,3,0,3
Jhonna,0,3,3
Jhonnaira,0,3,3
Jhonnevonne,0,3,3
Jhor-El,3,0,3
Jhoraïyso-Naïvicc,3,0,3
Jhordano,3,0,3
Jhordina,0,3,3
Jhorea,0,3,3
Jhorell,3,0,3
Jhorencia,0,3,3
Jhorie,3,0,3
Jhoriênangel,3,0,3
Jhorina,0,3,3
Jhorneal,3,0,3
Jhorniell,3,0,3
Jhorniery,3,0,3
Jhorno,3,0,3
Jhosé,3,0,3
Jhosefien,0,3,3
Jhosefus,3,0,3
Jhoseline,0,3,3
Jhosita,0,3,3
Jhoslaine,0,3,3
Jhosriel,3,0,3
Jhosuá,3,0,3
Jhoti,0,3,3
Jhotichaandni,0,3,3
Jhoties,3,0,3
Jhotiesh,3,0,3
Jhotika,0,3,3
Jhotikaroy,0,3,3
Jhotish,3,0,3
Jhovaino,3,0,3
Jhovanie,0,3,3
Jhovanny,3,0,3
Jhovano,3,0,3
Jhowenta,0,3,3
Jhowie,0,3,3
JHP,0,3,3
JHS,3,0,3
Jhuarden,3,0,3
Jhudea,3,0,3
Jhudency,3,0,3
Jhudibiancka,0,3,3
Jhudliëne,3,0,3
Jhudmar,3,0,3
Jhugo,3,0,3
Jhula,0,3,3
Jhulia,0,3,3
Jhulian,3,0,3
Jhuliano,3,0,3
Jhulishantely,0,3,3
Jhulisiano,3,0,3
Jhulissa,0,3,3
Jhulyjan,3,0,3
Jhumillion,3,0,3
Jhunelys,0,3,3
Jhunry,3,0,3
Jhunu,0,3,3
Jhunyré,3,0,3
Jhura,0,3,3
Jhurano,3,0,3
Jhurdiön,3,0,3
Jhurdyon,3,0,3
Jhurentley,3,0,3
Jhureny,3,0,3
Jhuresy,0,3,3
Jhurick,3,0,3
Jhuriënchaily,0,3,3
Jhurienshely,0,3,3
Jhurman,3,0,3
Jhurnaïmee,0,3,3
Jhurnaldiño,3,0,3
Jhurnevan,3,0,3
Jhurney,0,3,3
Jhurny,0,3,3
Jhurrel,3,0,3
Jhurrey,3,0,3
Jhurtley,3,0,3
Jhurvé,0,3,3
Jhurvean,3,0,3
Jhurvel,3,0,3
Jhurviën,0,3,3
Jhustus,3,0,3
Jhutty,3,0,3
Jhuviensly,3,0,3
Jhuweden,3,0,3
Jhuwéll,3,0,3
Jhuwella,0,3,3
Jhyliano,3,0,3
Jhylisa,0,3,3
Jhyri,3,0,3
Jhyrve,3,0,3
Jhyrvé,0,3,3
Jhyrvèan,3,0,3
Jhyrvéan,3,0,3
Jhyrviette,0,3,3
Ji'layneo,3,0,3
Ji'ley,3,0,3
Ji'Vonne,3,0,3
Ji-ciano,3,0,3
Ji-Fun,3,0,3
Ji-Han,3,0,3
Ji-Ho,3,0,3
Ji-Hoon,3,0,3
Ji-Joja,0,3,3
Ji-Mei,0,3,3
Ji-Naicely,0,3,3
Ji-On,3,0,3
Ji-Sing,3,0,3
Ji-tu,3,0,3
Ji-Vai,3,0,3
Ji-Wairo,3,0,3
Ji-Wan,3,0,3
Ji-Woo,3,0,3
Ji-Yau,0,3,3
Ji-Yeon,0,3,3
Ji-Yeung,3,0,3
Jïa,0,3,3
Jia-chao,3,0,3
Jia-Ching,0,3,3
Jia-Fen,0,3,3
Jia-He,0,3,3
Jia-Hua,0,3,3
Jia-Hui,3,0,3
Jia-Jie,3,0,3
Jia-jun,3,0,3
Jia-Lee,0,3,3
Jia-Lei,3,0,3
Jia-Leng,0,3,3
Jia-Lin,0,3,3
Jia-Marlin,0,3,3
Jia-Mei,0,3,3
Jia-Min,0,3,3
Jia-Mu,3,0,3
Jia-ne,0,3,3
Jia-ni,0,3,3
Jia-Wai,3,0,3
Jia-Wen,0,3,3
Jia-xiang,3,0,3
Jia-Xin,0,3,3
Jia-Xuan,0,3,3
Jia-Yan,0,3,3
Jia-Yu,0,3,3
Jia-Yue,0,3,3
Jia-Yung,3,0,3
Jia-Zhen,0,3,3
Jiabao,0,3,3
Jiabei,0,3,3
Jiabin,3,0,3
Jiablo,3,0,3
Jiabo,3,0,3
Jiacheng,3,0,3
Jiada,0,3,3
Jiading,0,3,3
Jiafu,0,3,3
Jiahan,3,0,3
Jiāhăo,0,3,3
Jiaheng,3,0,3
Jiahno,3,0,3
Jiahong,0,3,3
Jiaily,0,3,3
Jiain,3,0,3
Jiaivy,0,3,3
Jiajia,0,3,3
Jiajie,0,3,3
Jiajiung,3,0,3
Jialam,0,3,3
Jialan,3,0,3
Jiālè,3,0,3
JiaLe,0,3,3
JiaLi,0,3,3
Jialina,0,3,3
Jialinn,0,3,3
Jialong,3,0,3
Jialu,0,3,3
Jialun,3,0,3
Jiam,0,3,3
Jiamara,0,3,3
Jiamaro,3,0,3
Jiami,0,3,3
Jiaming,3,0,3
Jiamjit,0,3,3
Jiamyl,3,0,3
Jian-Ai,0,3,3
Jian-guang,3,0,3
Jian-Ren,3,0,3
Jian-Yi,0,3,3
Jian-Ying,0,3,3
Jiana,0,3,3
Jianara,0,3,3
Jianbo,3,0,3
Jianchao,3,0,3
Jiancheng,3,0,3
Jiandilly,0,3,3
Jiandlyck,3,0,3
Jiando,3,0,3
Jiandry,3,0,3
Jianely,0,3,3
Jianet,0,3,3
Jianfeng,3,0,3
Jiang-Li,3,0,3
Jiangelo,3,0,3
Jianglái,3,0,3
Jianglan,0,3,3
Jiango,3,0,3
Jiangyi,0,3,3
Jianian,3,0,3
Jianinie,0,3,3
Jianitadevi,0,3,3
Jiankai,3,0,3
Jianmin,3,0,3
Jiannie,3,0,3
Jiännie,3,0,3
Jianó,3,0,3
Jianoula,0,3,3
Jianoúla,0,3,3
Jiantie,0,3,3
Jianxiang,3,0,3
Jianxiao,0,3,3
Jiany,3,0,3
Jianye,3,0,3
Jianyi,3,0,3
Jiao-Jiao,0,3,3
Jiao-Long,3,0,3
Jiao-zhen,0,3,3
Jiaoxian,0,3,3
Jiaqian,0,3,3
Jiaqin,3,0,3
Jiaran,0,3,3
Jiare,0,3,3
Jiareu,3,0,3
Jiarno,3,0,3
Jiary,0,3,3
Jias,3,0,3
Jiasheng,3,0,3
Jiashu,3,0,3
Jiatan,0,3,3
Jiaupien,3,0,3
Jiawen,3,0,3
JiaXi,0,3,3
Jiaxiu,0,3,3
Jiayang,0,3,3
Jiayao,0,3,3
Jiayie,0,3,3
Jiāying,0,3,3
Jiayou,3,0,3
Jiayuan,0,3,3
Jiazhe,3,0,3
Jiba,3,0,3
Jibandy,3,0,3
Jibbeline,0,3,3
Jibbelle,3,0,3
Jibbellina,0,3,3
Jibber,3,0,3
Jibbiena,0,3,3
Jibbigje,0,3,3
Jibbina,0,3,3
Jibbo,3,0,3
Jibby,3,0,3
Jibé,3,0,3
Jibeau,3,0,3
Jibit,0,3,3
Jibraan,3,0,3
Jibrahim,3,0,3
Jibri,3,0,3
Jibriëll,3,0,3
Jibrilhoesein,3,0,3
Jibriyl,3,0,3
Jiby,3,0,3
Jicca,0,3,3
Jicela,0,3,3
Jichelliano,3,0,3
Jicheng,3,0,3
Jichia,3,0,3
Jicho,3,0,3
Jickeline,0,3,3
Jicker,3,0,3
Jickie,0,3,3
Jicomo,3,0,3
Jidane,3,0,3
Jidapa,0,3,3
Jidar,3,0,3
Jiddeke,0,3,3
Jiddëus,3,0,3
Jiddon,3,0,3
Jideobi,3,0,3
Jidi,0,3,3
Jidiëla,0,3,3
Jiditen,3,0,3
Jiditscha,0,3,3
Jidowanka,0,3,3
Jidskje,0,3,3
Jidz,3,0,3
jie,3,0,3
Jië,3,0,3
Jie-Chen,3,0,3
Jie-Eun,3,0,3
Jie-Fan,3,0,3
Jié-Fei,3,0,3
Jie-Fen,3,0,3
Jie-Fù,3,0,3
Jie-Hang,3,0,3
Jie-Hyun,0,3,3
Jié-Jié,3,0,3
Jie-Jing,0,3,3
Jie-Kei,0,3,3
Jie-Li,0,3,3
Jie-Lin,0,3,3
Jie-Loc,3,0,3
Jie-Min,3,0,3
Jie-Ngah,0,3,3
Jie-Ren,3,0,3
Jie-Rui,3,0,3
Jie-Soei-Lioeng,3,0,3
Jie-Xin,0,3,3
Jiea,3,0,3
Jieb,0,3,3
Jiecie,3,0,3
Jieda,0,3,3
Jiedebi,0,3,3
Jiego,3,0,3
Jieh,0,3,3
Jieja,0,3,3
Jieka,0,3,3
Jielda,0,3,3
Jieldau,0,3,3
Jielde,3,0,3
Jieldouw,0,3,3
Jieldré,3,0,3
Jielei,0,3,3
Jielène,0,3,3
Jieli,0,3,3
Jielin,3,0,3
Jieline,0,3,3
Jielke,3,0,3
Jielloeka,3,0,3
Jiëllyon,3,0,3
Jielong,3,0,3
Jieman,0,3,3
Jiemie,3,0,3
Jien-Fa,3,0,3
Jien-Hoo,3,0,3
Jien-Jie,0,3,3
Jien-Jien,0,3,3
Jiën-Yee,0,3,3
Jiéna,0,3,3
Jienny,0,3,3
Jienson,3,0,3
Jientai,0,3,3
Jienylson,3,0,3
Jiep,3,0,3
Jieronymus,3,0,3
Jierra,0,3,3
Jiërra,0,3,3
Jiese,0,3,3
Jiesje,0,3,3
Jiesseltje,0,3,3
Jietinder,3,0,3
Jietindre,3,0,3
Jiets,3,0,3
Jietse,3,0,3
Jieuw,3,0,3
Jieuw-Hee,3,0,3
Jieuwan,3,0,3
Jieuwen,3,0,3
Jievanne,3,0,3
Jievaro,3,0,3
Jiëvey,3,0,3
Jiewan,3,0,3
Jiewen,3,0,3
Jiexi,0,3,3
Jieyi,0,3,3
Jieze,0,3,3
Jifara,3,0,3
Jifenthza,0,3,3
Jiffany,0,3,3
Jiffeny,0,3,3
Jiffine,0,3,3
Jiffrin,3,0,3
Jifree,3,0,3
Jiftha-El,3,0,3
Jig,3,0,3
Jigael,3,0,3
Jigaël,3,0,3
Jigar,3,0,3
Jigdalja,0,3,3
Jiggs,3,0,3
Jiggy-Jae,3,0,3
Jighor,3,0,3
Jigmé,3,0,3
Jigs,3,0,3
Jihâd,0,3,3
Jihade,0,3,3
Jihain,0,3,3
Jihaina,0,3,3
Jihairick,3,0,3
Jihana,0,3,3
Jihandro,3,0,3
Jihaneve,0,3,3
Jiheisly,0,3,3
Jihlaisa,0,3,3
Jihm,3,0,3
Jihna,0,3,3
Jihndaïny,0,3,3
Jihrèn,3,0,3
Jihu,0,3,3
Jiijo,0,3,3
Jiing-Houng,3,0,3
Jiing-Sing,3,0,3
Jijan,3,0,3
Jijaro,3,0,3
Jijentie,0,3,3
Jijn,3,0,3
Jijoti,0,3,3
Jijsina,0,3,3
Jikala,0,3,3
Jikei,0,3,3
Jiki,0,3,3
Jikita,0,3,3
Jikke-Mien,0,3,3
Jikke-Rixt,0,3,3
Jikkelientje,0,3,3
Jikkeline,0,3,3
Jikkemieke,0,3,3
Jikkemina,0,3,3
Jikkemine,0,3,3
Jikki,0,3,3
Jikoino,3,0,3
Jikram,0,3,3
Jikse,0,3,3
Jil'lyna,0,3,3
Jîla,0,3,3
Jilaani,3,0,3
Jilac,3,0,3
Jilaena,0,3,3
Jilaida,0,3,3
Jilairo,3,0,3
Jilaisha,0,3,3
Jilal,3,0,3
Jilam,0,3,3
Jilanah,0,3,3
Jilanda,0,3,3
Jilane,0,3,3
Jilaneau,3,0,3
Jilanety,0,3,3
Jilanihoesain,3,0,3
Jilanio,3,0,3
Jilardine,0,3,3
Jilari,0,3,3
Jilasha,0,3,3
Jilayla,0,3,3
Jilbèr,3,0,3
Jilberdina,0,3,3
Jilbertus,3,0,3
Jilchrist,3,0,3
Jildauw,0,3,3
Jildien,0,3,3
Jildit,0,3,3
Jildoe,0,3,3
Jildou-Sophie,0,3,3
Jildré,3,0,3
Jildw,0,3,3
Jile,0,3,3
Jileah,0,3,3
Jileena,0,3,3
Jilei,3,0,3
Jilekha,0,3,3
Jilekhakhatoen,0,3,3
Jilemo,3,0,3
Jiléna,0,3,3
Jiléne,0,3,3
Jileni,3,0,3
Jilenko,3,0,3
Jilenxio,3,0,3
Jilermo,3,0,3
Jileyla,0,3,3
Jilger,3,0,3
Jilguero,3,0,3
Jilhany,3,0,3
Jili,0,3,3
Jiliam-James,3,0,3
Jilianah,0,3,3
Jíliano,3,0,3
Jilie,0,3,3
Jilien,0,3,3
Jilin,0,3,3
Jiliq,0,3,3
Jilïsha,0,3,3
Jilissa,0,3,3
Jilitha,0,3,3
Jilitsa,0,3,3
Jilius,3,0,3
Jiljanees,0,3,3
Jilkedina,0,3,3
Jill'Nomy,0,3,3
Jill-Alyson,0,3,3
Jill-An,0,3,3
Jill-Elisabeth,0,3,3
Jill-Elisah,0,3,3
Jill-Esmé,0,3,3
Jill-Esmée,0,3,3
Jill-Hilda,0,3,3
Jill-isa,0,3,3
Jill-ise,0,3,3
Jill-Ivy,0,3,3
Jill-iza,0,3,3
Jill-Jaffe,0,3,3
Jill-Lana,0,3,3
Jill-Leann,0,3,3
Jill-Lilly,0,3,3
Jill-Lyann,0,3,3
Jill-May,0,3,3
Jill-Nance,0,3,3
Jill-Nin,0,3,3
Jill-Nomy,0,3,3
Jill-Qiano,3,0,3
Jill-Vanny,3,0,3
Jill-Vienne,0,3,3
Jill-Zaira,0,3,3
Jillah,0,3,3
Jillaiza,0,3,3
Jillaly,3,0,3
Jillanka,0,3,3
Jillanna,0,3,3
Jillart,3,0,3
Jillary,0,3,3
Jillayna,0,3,3
Jillaysa,0,3,3
Jillbert,3,0,3
Jilldez,0,3,3
Jilldice,0,3,3
Jilldine,0,3,3
Jilldney,0,3,3
Jille-Jan,3,0,3
Jilleanne,0,3,3
Jilleasa,0,3,3
Jilleena,0,3,3
Jilleesa,0,3,3
Jilleese,0,3,3
Jilleke,0,3,3
Jillemina,0,3,3
Jillène,0,3,3
Jillene-Beau,0,3,3
Jillens,3,0,3
Jilles-Jacco,3,0,3
Jilles-Jan,3,0,3
Jilles-Roche,0,3,3
Jillesh,3,0,3
Jillesiena,0,3,3
Jilleske,0,3,3
Jillessa,0,3,3
Jilletta,0,3,3
Jillezina,0,3,3
Jilli-jan,3,0,3
Jilliaan,3,0,3
Jilliam,3,0,3
Jillian-Kiki,0,3,3
Jilliandro,3,0,3
Jillianna,0,3,3
Jillicia,0,3,3
Jillienne,0,3,3
Jillieta,0,3,3
Jilliëtta,0,3,3
Jillijantie,0,3,3
Jillijn,0,3,3
Jillio,3,0,3
Jillionda,0,3,3
Jillis-Jan,3,0,3
Jillisha,0,3,3
Jillisina,0,3,3
Jillisje,0,3,3
Jillissa,0,3,3
Jillisse,3,0,3
Jillius,3,0,3
Jilliyen,0,3,3
Jilliza,0,3,3
Jillize,0,3,3
Jilljana,0,3,3
Jilllean,0,3,3
Jillmara,0,3,3
Jillmer,3,0,3
Jillphana,0,3,3
Jillpháno,3,0,3
Jillrichia,0,3,3
Jillroy,3,0,3
Jillsander,3,0,3
Jillsee,0,3,3
Jillshera,0,3,3
Jillsiera,0,3,3
Jillsonjohn,3,0,3
Jillvani,0,3,3
Jillvanni,3,0,3
Jillvanny,0,3,3
Jillvary,0,3,3
Jilly-Anna,0,3,3
Jilly-James,0,3,3
Jilly-Jane,0,3,3
Jilly-Jean,0,3,3
Jillyano,3,0,3
Jillyene,0,3,3
Jillyenne,0,3,3
Jillyssa,0,3,3
Jilmario,3,0,3
Jilmas,3,0,3
Jilméscia,0,3,3
Jilmet,3,0,3
Jilmina,0,3,3
Jilmo-Asih,3,0,3
Jilmor,3,0,3
Jilnelda,0,3,3
Jilneth,3,0,3
Jilodrigo,3,0,3
Jilon,0,3,3
Jilphana,0,3,3
Jilphano,3,0,3
Jilsaynt,3,0,3
Jilsje,0,3,3
Jilson,3,0,3
Jiltar,3,0,3
Jiltsen,0,3,3
Jiltsje,3,0,3
Jilvánia,0,3,3
Jilvanni,3,0,3
Jilven,3,0,3
Jilviano,3,0,3
Jilvie,0,3,3
Jilviën,0,3,3
Jilvo,3,0,3
Jilvonne,0,3,3
Jilvy,3,0,3
Jilynne,0,3,3
Jilze,0,3,3
Jilzz,0,3,3
Jim-Boy,3,0,3
Jim-Dominique,3,0,3
Jim-Edward,3,0,3
Jim-Ian,3,0,3
Jim-Marius,3,0,3
Jim-Paul,3,0,3
Jim-Roy,3,0,3
Jimaale,3,0,3
Jimaidis,0,3,3
Jimaila,0,3,3
Jimailey,0,3,3
Jimaily,0,3,3
Jimaine,3,0,3
Jimaira,0,3,3
Jimani,0,3,3
Jimar,3,0,3
Jimarho,3,0,3
Jimarro,3,0,3
Jimaru,3,0,3
Jimary,0,3,3
Jimboy,3,0,3
Jimby,3,0,3
Jimck,3,0,3
Jimè,3,0,3
Jime'd,0,3,3
Jimei,3,0,3
Jimel,3,0,3
Jimelle,3,0,3
Jimellvio,3,0,3
Jimen,3,0,3
Jimèna,0,3,3
Jiména,0,3,3
Jimendez,3,0,3
Jimène,0,3,3
Jimenthez,3,0,3
Jimfrey,3,0,3
Jimhendry,3,0,3
Jimi-Dean,3,0,3
Jimi-Flynn,3,0,3
Jimi-Hendrik,3,0,3
Jimi-Jaimz,3,0,3
Jimi-James,3,0,3
Jimi-Jay,3,0,3
Jimi-Keith,3,0,3
Jimi-Lee,3,0,3
Jimi-Liam,3,0,3
Jimi-Nova,0,3,3
Jimicha,0,3,3
Jimie,3,0,3
Jimih,3,0,3
Jimila,0,3,3
Jimiliano,3,0,3
Jimilio,3,0,3
Jimilla,0,3,3
Jimily,3,0,3
Jimini,0,3,3
Jiminie,3,0,3
Jimira,0,3,3
Jimisola,3,0,3
Jimjohannes,3,0,3
Jimla,0,3,3
Jimlee,3,0,3
Jimlennox,3,0,3
JimLordgryna,0,3,3
Jimly,0,3,3
Jimma,3,0,3
Jimmar,3,0,3
Jimmayron,3,0,3
Jimmé,3,0,3
Jimme-Bob,3,0,3
Jimmechien,0,3,3
Jimmechiena,0,3,3
Jimmechiene,0,3,3
Jimmeginus,3,0,3
Jimmelayscha,0,3,3
Jimmen,3,0,3
Jimmer,3,0,3
Jimmery,3,0,3
Jimmi-Djay,3,0,3
Jimmick,3,0,3
Jimmie-Lebbertus,3,0,3
Jimmiella,0,3,3
Jimmiginus,3,0,3
Jimmii,3,0,3
Jimmillio,3,0,3
Jimmin,3,0,3
Jimminez,3,0,3
Jimming,0,3,3
Jimmior,3,0,3
Jimmorah,0,3,3
Jimmy-James,3,0,3
Jimmy-Jay,3,0,3
Jimmy-Jo,3,0,3
Jimmy-Joe,3,0,3
Jimmy-Lois,3,0,3
Jimmy-Mohamed,3,0,3
Jimmy-Ray,0,3,3
Jimmy-Tsang,3,0,3
Jimmyboy,3,0,3
Jimmykum,0,3,3
Jimmykumar,3,0,3
Jimmylio,3,0,3
Jimnah,0,3,3
Jimney,3,0,3
Jimpeter,3,0,3
Jimraisha,0,3,3
Jimray,3,0,3
Jimre,3,0,3
Jimriley,3,0,3
Jims,3,0,3
Jimslievy,0,3,3
Jimslovely,0,3,3
Jimson,3,0,3
Jimsum,3,0,3
Jimursha,0,3,3
Jimyldon,3,0,3
Jimym,3,0,3
Jimzy,3,0,3
Jìn,3,0,3
Jīn,0,3,3
Jin-Biao,3,0,3
Jin-cheng,3,0,3
Jin-Fa,3,0,3
Jin-Ha,3,0,3
Jin-Hua,3,0,3
Jin-I,0,3,3
Jin-Jang,0,3,3
Jin-Jay,3,0,3
Jin-Jun,3,0,3
Jin-Khee,3,0,3
Jin-Le,0,3,3
Jin-Li,0,3,3
Jin-Lin,0,3,3
Jin-Long,3,0,3
Jin-Ly,0,3,3
Jin-Pei,0,3,3
Jin-Qi,3,0,3
Jin-Tah,3,0,3
Jin-Tao,3,0,3
Jin-Tjat,3,0,3
Jin-Wen,0,3,3
Jin-Wěn,0,3,3
Jin-Xuan,3,0,3
Jinaat,0,3,3
Jinaid,3,0,3
Jinailly,0,3,3
Jinaily,0,3,3
Jinairo,3,0,3
Jinairy,0,3,3
Jinaïshély,0,3,3
Jinaissa,0,3,3
Jinal,0,3,3
Jinalies,0,3,3
Jinardo,3,0,3
Jinashwi,0,3,3
Jinaw,0,3,3
Jince,3,0,3
Jinchen,3,0,3
Jinco,3,0,3
Jindan,0,3,3
Jinderpersad,3,0,3
Jindh,0,3,3
Jindih,0,3,3
Jindřich,3,0,3
Jindriskha,0,3,3
Jînè,0,3,3
Jine,0,3,3
Jinê,0,3,3
Jîne,0,3,3
Jineda,0,3,3
Jinel,0,3,3
Jinella,0,3,3
Jinely,0,3,3
Jinerino,3,0,3
Jines,0,3,3
Jînès,0,3,3
Jinety,0,3,3
Jinfeng,3,0,3
Jinfù,3,0,3
jing,0,3,3
Jīng,0,3,3
Jing-Fa,3,0,3
Jing-Hang,3,0,3
Jing-Huái,3,0,3
Jing-Ráo,3,0,3
Jing-Yao,0,3,3
Jing-Zhon,3,0,3
Jinga,0,3,3
Jingar,3,0,3
Jingche,3,0,3
Jingchou,0,3,3
Jinggoy,3,0,3
Jinghe,3,0,3
Jingheng,3,0,3
Jingjie,3,0,3
Jingkai,3,0,3
Jīnglì,3,0,3
Jinglian,0,3,3
Jinglin,0,3,3
Jingling,0,3,3
Jinglu,0,3,3
Jingming,3,0,3
Jingoo,0,3,3
Jingrui,3,0,3
Jingwen,0,3,3
Jingya,0,3,3
Jinhan,3,0,3
Jinhua,0,3,3
Jinia,0,3,3
Jinianshelly,0,3,3
Jinilzian,3,0,3
Jininho,3,0,3
Jinisha,0,3,3
Jinity,0,3,3
Jinivio,3,0,3
Jinja,0,3,3
Jinjia,0,3,3
Jinjili,0,3,3
Jinke-Jeltsje,0,3,3
Jinkje,0,3,3
Jinksy,3,0,3
Jinky,0,3,3
Jinlan,3,0,3
Jinlin,3,0,3
Jinlong,3,0,3
Jinmar,3,0,3
Jinneley,0,3,3
Jinner,3,0,3
Jinnifer,0,3,3
Jinnigje,0,3,3
Jinning,3,0,3
Jinno,3,0,3
Jinoah,0,3,3
Jinomar,3,0,3
Jinou,0,3,3
Jinpei,0,3,3
Jinrou,0,3,3
Jinsey,0,3,3
Jinsky,3,0,3
Jinsmelly,0,3,3
Jinson,3,0,3
Jinsy,0,3,3
Jintae,3,0,3
Jintah,0,3,3
Jintaloma,0,3,3
Jintana,0,3,3
Jinte-esmee,0,3,3
Jinte-Yan,0,3,3
Jintel,0,3,3
Jintey,0,3,3
Jintha,0,3,3
Jinthie,0,3,3
Jinthy,0,3,3
Jinti,0,3,3
Jintinus,3,0,3
Jintro,3,0,3
Jints,3,0,3
Jinu,3,0,3
Jinvi,3,0,3
Jinwar,3,0,3
Jinxi,3,0,3
Jinxs,0,3,3
Jinxx,3,0,3
Jinya,0,3,3
Jinyanting,0,3,3
Jinyi,3,0,3
Jiñyo,3,0,3
Jinyu,3,0,3
Jinyuan,3,0,3
Jinzi,0,3,3
Jioany,3,0,3
Jioh,3,0,3
Jiok,0,3,3
Jionedrick,3,0,3
Jioney,0,3,3
Jiong,0,3,3
Jionny,3,0,3
Jiontae,0,3,3
Jiony,0,3,3
Jiordan,3,0,3
Jiordano,3,0,3
Jiorden,3,0,3
Jiordi,3,0,3
Jiordy,3,0,3
Jioreedi,3,0,3
Jiorenzo,3,0,3
Jiorgan,3,0,3
Jiorgeny,3,0,3
Jiorgia,0,3,3
Jiorginho,3,0,3
Jiorgios,3,0,3
Jiorgo,3,0,3
Jiorjo,3,0,3
Jiouxenne,0,3,3
Jiovan,3,0,3
Jiovannie,3,0,3
Jiovannio,3,0,3
Jiovany,3,0,3
Jioveedi,3,0,3
Jioya,0,3,3
Jip-Eric,3,0,3
Jip-Eva,0,3,3
Jip-Hang,3,0,3
Jip-Jan,3,0,3
Jip-Jeroen,3,0,3
Jip-Jesse,3,0,3
Jip-Joris,3,0,3
Jip-Meng,3,0,3
Jip-Reventón,3,0,3
Jip-Shen,0,3,3
Jip-Valentijn,3,0,3
Jipe,3,0,3
Jiph,3,0,3
Jipjulius,3,0,3
Jippe-Jim,3,0,3
Jippejan,3,0,3
Jippeke,0,3,3
Jippelotte,0,3,3
Jippina,0,3,3
Jipster,3,0,3
Jir,0,3,3
Jiradet,3,0,3
Jirâh-el,3,0,3
Jiraily,3,0,3
Jiraïm,3,0,3
Jiraiyah,3,0,3
Jirakorn,3,0,3
Jiraldo,3,0,3
Jirana,0,3,3
Jiranan,0,3,3
Jiranda,0,3,3
Jirandy,0,3,3
Jiranuch,0,3,3
Jirapa,0,3,3
Jirapha,0,3,3
Jirapron,0,3,3
Jirarat,0,3,3
Jiras,3,0,3
Jirassaya,0,3,3
Jirat,3,0,3
Jirawat,3,0,3
Jiraye,0,3,3
Jiraylon,3,0,3
Jirayno,3,0,3
Jirayo,3,0,3
Jirayu,3,0,3
Jirayut,3,0,3
Jirca,3,0,3
Jircina,0,3,3
Jirčka,0,3,3
Jirde,3,0,3
Jire,3,0,3
Jireël,3,0,3
Jiréh,3,0,3
Jiréh'Lee,0,3,3
Jireh-Junior,3,0,3
Jireh-Nissi,3,0,3
Jireha,0,3,3
Jirehill,3,0,3
Jirehinio,3,0,3
Jirehn,3,0,3
Jirehnissi,0,3,3
Jirehysi,0,3,3
Jirelle,0,3,3
Jiremy,3,0,3
Jiren,0,3,3
Jirendo,3,0,3
Jiréno,3,0,3
Jireth,0,3,3
Jirfina,0,3,3
Jirga,0,3,3
Jîri,3,0,3
Jiŕi,3,0,3
Jíří,3,0,3
Jiri-Alexander,3,0,3
Jiri-Julian,3,0,3
Jiria,0,3,3
Jiriah,3,0,3
Jiřinka,0,3,3
Jirinne,0,3,3
Jirinus,3,0,3
Jirisan,3,0,3
Jirisho,3,0,3
Jirith,0,3,3
Jirja,0,3,3
Jirk,3,0,3
Jirki,3,0,3
Jirky,3,0,3
Jirla,0,3,3
Jirlano,3,0,3
Jirle,0,3,3
Jirliënne,0,3,3
Jirm,3,0,3
Jirmé,0,3,3
Jirméja,3,0,3
Jirmejah,3,0,3
Jirméjah,3,0,3
Jirmejo,3,0,3
Jirmeya,3,0,3
Jirmi,3,0,3
Jirmiah,0,3,3
Jirmjaha,3,0,3
Jirmo,3,0,3
Jirn,3,0,3
Jirnte,0,3,3
Jiroh,3,0,3
Jirôme,3,0,3
Jirrian,3,0,3
Jirrin,0,3,3
Jirrine,0,3,3
Jirrith,3,0,3
Jirschi,3,0,3
Jirsten,0,3,3
Jirstin,0,3,3
Jirtin,3,0,3
Jirtsin,3,0,3
Jiru,3,0,3
Jirvan,3,0,3
Jirve,0,3,3
Jirvenzinus,3,0,3
Jirvi,0,3,3
Jirvina,0,3,3
Jirvo,3,0,3
Jirza,0,3,3
Jirzachem,0,3,3
Jisaen,3,0,3
Jisahbel,0,3,3
Jisaï,3,0,3
Jisai,3,0,3
Jisandro,3,0,3
Jisann,0,3,3
Jisanne,0,3,3
Jisayen,3,0,3
Jisayro,3,0,3
Jisbak,3,0,3
Jisce,0,3,3
Jischa,3,0,3
Jischka,0,3,3
Jischmaël,3,0,3
Jiseï,0,3,3
Jisei,3,0,3
Jisel,0,3,3
Jisella,0,3,3
Jisellah,0,3,3
Jiseth,0,3,3
Jisette,0,3,3
Jish-Ann,0,3,3
Jisha,3,0,3
Jishaia,3,0,3
Jisharah,0,3,3
Jishayna,0,3,3
Jishjairo,3,0,3
Jishmeray,3,0,3
Jishra,0,3,3
Jishu,3,0,3
Jishwan,3,0,3
Jisia,0,3,3
Jisiano,3,0,3
Jisica,0,3,3
Jisika,0,3,3
Jisjai,3,0,3
Jiska-Maria,0,3,3
Jiskasdochter,0,3,3
Jisko,3,0,3
Jislay,0,3,3
Jisle,3,0,3
Jismachja,0,3,3
Jismael,3,0,3
Jismaella,0,3,3
Jismaëlla,0,3,3
Jismayah,3,0,3
Jismenoa,0,3,3
Jismérai,3,0,3
Jismeraï,3,0,3
Jismeraia,0,3,3
Jismirano,3,0,3
Jisna,0,3,3
Jisolde,0,3,3
Jisp,3,0,3
Jispen,3,0,3
Jisperina,0,3,3
Jisraela,0,3,3
Jisraelle,0,3,3
Jisriël,3,0,3
Jisriëll,3,0,3
Jisry,3,0,3
Jissaï,3,0,3
Jissela,0,3,3
Jissele,3,0,3
Jisselien,0,3,3
Jisselijne,0,3,3
Jissella,0,3,3
Jissey,0,3,3
Jissi,0,3,3
Jissía,3,0,3
Jissika,0,3,3
Jissill,0,3,3
Jissina,0,3,3
Jisslaine,0,3,3
Jistica,0,3,3
Jistin,3,0,3
Jistine,0,3,3
Jisto,3,0,3
Jisva,3,0,3
Jiswald,3,0,3
Jiswanda,0,3,3
Jiswant,3,0,3
Jiswi,3,0,3
Jisze,0,3,3
Jiszka,0,3,3
Jiszy,0,3,3
Jita,0,3,3
Jitanseny,0,3,3
Jitchak,3,0,3
Jité,3,0,3
Jiteender,3,0,3
Jiteenkoemar,3,0,3
Jiten,3,0,3
Jitender,3,0,3
Jith,0,3,3
Jitha,0,3,3
Jithapon,0,3,3
Jithe,0,3,3
Jithream,3,0,3
Jithsia,0,3,3
Jiti,3,0,3
Jitinkoemar,3,0,3
Jitish,3,0,3
Jitke,0,3,3
Jitlada,0,3,3
Jitmar,3,0,3
Jitřenka,0,3,3
Jitsan,0,3,3
Jitschaka,0,3,3
Jitschaka-Delaja,0,3,3
Jitschaq,3,0,3
Jitsche-Evelien,0,3,3
Jitschke,0,3,3
Jitse-Hendrik,3,0,3
Jitse-Lambertinus,3,0,3
Jitsgak,3,0,3
Jitsia,0,3,3
Jitsica,0,3,3
Jitsie,0,3,3
Jitsk,3,0,3
Jitske-Akkelien,0,3,3
Jitskhak,3,0,3
Jitskiena,0,3,3
Jitskina,0,3,3
Jitsui,0,3,3
Jitsze,0,3,3
Jitsziena,0,3,3
Jitszke,0,3,3
Jittana,3,0,3
Jitter,3,0,3
Jityã,3,0,3
Jitzchak,3,0,3
Jitze-Jan,3,0,3
Jitze-Jelle,3,0,3
Jitzen,3,0,3
Jitzhag,3,0,3
Jitzhar,3,0,3
Jiuan,0,3,3
Jiuar,3,0,3
Jiulienne,0,3,3
Jiulio,3,0,3
Jiuna,0,3,3
Jiuren,3,0,3
Jiva-Saphalya,3,0,3
Jivaan,3,0,3
Jivago,3,0,3
Jivah,0,3,3
Jivai,3,0,3
Jivainey,0,3,3
Jivaisha,0,3,3
Jivaj,3,0,3
Jival,3,0,3
Jivali,3,0,3
Jiván,3,0,3
Jivana-Gwendolyn,0,3,3
Jivana-jun,0,3,3
Jivananda,3,0,3
Jivanjo,3,0,3
Jivanna,0,3,3
Jivanny,3,0,3
Jivantie,3,0,3
Jivario,3,0,3
Jivãro,3,0,3
Jivay,3,0,3
Jivaya,0,3,3
Jivayson,3,0,3
Jivé,0,3,3
Jiveli,0,3,3
Jivencho,3,0,3
Jiveney,0,3,3
Jivianelly,0,3,3
Jivianni,0,3,3
Jivini,0,3,3
Jivio,3,0,3
Jivira,0,3,3
Jivita,0,3,3
Jivka,0,3,3
Jivko,3,0,3
Jivone,3,0,3
Jivraj,3,0,3
Jivvil,3,0,3
Jiwa,0,3,3
Jîwan,3,0,3
Jiwandana,3,0,3
Jiwanpersad,3,0,3
Jiwara,3,0,3
Jiwika,0,3,3
Jiwit,3,0,3
Jiwitesh,3,0,3
Jiwo,3,0,3
Jiwoong,3,0,3
Jixainy,0,3,3
Jixi,0,3,3
Jixiang,3,0,3
Jixs,3,0,3
Jiy,3,0,3
Jiya-Devi,0,3,3
Jiyaan,3,0,3
Jiyaila,0,3,3
Jiyali,0,3,3
Jiyano,3,0,3
Jiyanthony,3,0,3
Jiyarani,0,3,3
Jiyeon,0,3,3
Jiynalisa,0,3,3
Jiyu,0,3,3
Jiywish,3,0,3
Jiyyan,3,0,3
Jiz,0,3,3
Jizah,3,0,3
Jizainy,0,3,3
Jizairis,0,3,3
Jizan,3,0,3
Jizdy,0,3,3
Jizela,0,3,3
Jizell,0,3,3
Jizelle,0,3,3
Jizhmahaël,3,0,3
Jizian,3,0,3
Jizion,3,0,3
Jizo,3,0,3
Jizraël,0,3,3
Jizraya,0,3,3
Jizreeël,3,0,3
Jizreél,3,0,3
Jizreel,3,0,3
Jizreela,0,3,3
Jizreéla,0,3,3
Jizriël,3,0,3
Jizuela,0,3,3
Jizzo,3,0,3
Jizzy,3,0,3
Jizzy-Joy,0,3,3
Jjay,3,0,3
JJB,3,0,3
JJHM,3,0,3
JJMJ,3,0,3
JJP,0,3,3
JJS,0,3,3
Jjuuko,3,0,3
JKH,3,0,3
JLA,3,0,3
Jlanya,0,3,3
Jlay,3,0,3
Jllyas,3,0,3
Jloah,0,3,3
Jlona,0,3,3
JLR,3,0,3
Jlubica,0,3,3
JLW,3,0,3
Jly-June,0,3,3
Jlyven,3,0,3
JMB,0,3,3
JMCJ,0,3,3
Jmelda,0,3,3
Jmeli,0,3,3
Jmercy,0,3,3
JMHW,3,0,3
JMI,3,0,3
JMJT,0,3,3
JMN,3,0,3
JMS,3,0,3
JMYF,3,0,3
Jn-Joire,3,0,3
Jnana,0,3,3
Jnaneshwar,3,0,3
Jñāneśvar,3,0,3
Jñanidevi,0,3,3
Jnay-Lee,0,3,3
Jneiro,3,0,3
Jnetjdew,3,0,3
JNF,3,0,3
JNJ,0,3,3
Jnr,3,0,3
Jo'aiden,3,0,3
Jo'Allah,0,3,3
Jo'ansho,3,0,3
Jo'ell,0,3,3
Jo'elle,0,3,3
Jo'essa,0,3,3
Jo'evy,0,3,3
Jo'linar,3,0,3
Jo'lynn,0,3,3
Jo'mayrah,0,3,3
Jo'nathan,3,0,3
Jo'nayro,3,0,3
Jo'neo,3,0,3
Jo'neyshia,0,3,3
Jo'Riley,3,0,3
Jo'shaira,0,3,3
Jo'vaino,3,0,3
Jo'venyo,3,0,3
Jo-aely,0,3,3
Jo-Agnes,0,3,3
Jo-Ailey,0,3,3
Jo-Alice,0,3,3
Jo-ân,0,3,3
Jo-Andra,0,3,3
Jo-andrick,3,0,3
Jo-andy,3,0,3
Jo-Angelo,3,0,3
Jo-anh,0,3,3
Jo-Anie,0,3,3
Jo-anke,0,3,3
Jo-Anko,3,0,3
Jo-ànn,0,3,3
Jo-Ann-Celies,0,3,3
Jo-annah,0,3,3
Jo-Ännah,0,3,3
Jo-Anncey,0,3,3
Jo-Anneay,0,3,3
Jo-Annecy,0,3,3
Jo-Annedelys,0,3,3
Jo-anneke,0,3,3
Jo-Anthe,0,3,3
Jo-Antoinette,0,3,3
Jo-Ashley,0,3,3
Jo-Bartha,0,3,3
Jo-Berdien,0,3,3
Jo-Bertus,3,0,3
Jo-Bina,0,3,3
Jo-celia,0,3,3
Jo-Chi,3,0,3
Jo-Cyn,0,3,3
Jo-Daiyno,3,0,3
Jo-Diennethy,0,3,3
Jo-Dyen,0,3,3
Jo-Eli,0,3,3
Jo-Elisa,0,3,3
Jo-Elise,0,3,3
Jo-Elke,0,3,3
Jo-Elleke,0,3,3
Jo-Else,0,3,3
Jo-Ely,0,3,3
Jo-Emmy,0,3,3
Jo-ëna,0,3,3
Jo-Enn,0,3,3
Jo-Eny,0,3,3
Jo-Eva,0,3,3
Jo-exio,3,0,3
Jo-Ferleyn,0,3,3
Jo-Francine,0,3,3
Jo-Frank,3,0,3
Jo-Gerdine,0,3,3
Jo-Han,3,0,3
Jo-Hanneke,0,3,3
Jo-hannes,3,0,3
Jo-Haylee,0,3,3
Jo-Heavenly,0,3,3
Jo-Hendri,3,0,3
Jo-Hendrikje,0,3,3
Jo-Henry,3,0,3
Jo-hynke,0,3,3
Jo-Ilva,0,3,3
Jo-in,0,3,3
Jo-Jane,0,3,3
Jo-Janne,0,3,3
Jo-janneke,0,3,3
Jo-Jean,0,3,3
Jo-Jeanneke,0,3,3
Jo-Jense,3,0,3
Jo-Jet,0,3,3
Jo-Jie,0,3,3
Jo-jo,3,0,3
Jo-Kiu,3,0,3
Jo-Lasijem,0,3,3
Jo-Lean,0,3,3
Jo-lene,0,3,3
Jo-Lene,0,3,3
Jo-Li,0,3,3
Jo-Lie,0,3,3
Jo-Liefia,0,3,3
Jo-Lin,0,3,3
Jo-line,0,3,3
Jo-Lisa,0,3,3
Jo-Loen,3,0,3
Jo-Louis,3,0,3
Jo-lyne,0,3,3
Jo-lynn,0,3,3
Jo-mäelys,0,3,3
Jo-Maily,0,3,3
Jo-Mairo,3,0,3
Jo-Mairro,3,0,3
Jo-mar,3,0,3
Jo-Mara,0,3,3
Jo-Mariëlle,0,3,3
Jo-Melia,0,3,3
Jo-Mien,0,3,3
Jo-Miliano,3,0,3
Jo-Nairo,3,0,3
Jo-nathan,3,0,3
Jo-Neal,3,0,3
Jo-Nel,0,3,3
Jo-Nele,0,3,3
Jo-Nelleke,0,3,3
Jo-Netta,0,3,3
Jo-Peter,3,0,3
Jo-rel,3,0,3
Jo-Renske,0,3,3
Jo-Renso,3,0,3
Jo-Rina,0,3,3
Jo-Rita,0,3,3
Jo-Robin,0,3,3
Jo-sanne,0,3,3
Jo-Sanne,0,3,3
Jo-Sef,3,0,3
Jo-Sen,0,3,3
Jo-shanty,0,3,3
Jo-Shelainy,0,3,3
Jo-Sientje,0,3,3
Jo-sofie,0,3,3
Jo-Sylvester,3,0,3
Jo-Tanja,0,3,3
Jo-Thalya,0,3,3
Jo-Tineke,0,3,3
Jo-tje,0,3,3
Jo-vanni,0,3,3
Jo-Venshely,0,3,3
Jo-Vianick,3,0,3
Jo-vienne,0,3,3
Jo-vina,0,3,3
Jo-Vincio,3,0,3
Jo-Wael,0,3,3
Jo-wel,0,3,3
Jo-Wen,3,0,3
Jo-Wenley,3,0,3
Jo-Wenn,0,3,3
Jo-Willy,0,3,3
Jo-Xana,0,3,3
Jo-y,3,0,3
Jo-Yin,0,3,3
Jo-Zita,0,3,3
Joä,3,0,3
Joã,0,3,3
Jôa,0,3,3
Joa-Lynn,0,3,3
Joaad,3,0,3
Joacha,0,3,3
Joachaz,3,0,3
Joachemus,3,0,3
Joächemus,3,0,3
Joachiema,0,3,3
Joachien,0,3,3
Jöachim,3,0,3
Joächim,3,0,3
Joachim-Chinouk,3,0,3
Joachim-Pehregryn,3,0,3
Joachius,3,0,3
Joacilia,0,3,3
Joacquim,3,0,3
Joacquín,3,0,3
Joäd,3,0,3
Joãdi,3,0,3
Joadien,0,3,3
Joady,0,3,3
Joaed,3,0,3
Joael,3,0,3
Joaelle,0,3,3
Joaely,3,0,3
Joaènne,0,3,3
Joafa,3,0,3
Joafieq,3,0,3
Joafin,3,0,3
Joag,3,0,3
Joaghim,3,0,3
Joaguina,0,3,3
Joàh,3,0,3
Joäh,3,0,3
Joah-Immanuël,3,0,3
Joah-Isaiah,3,0,3
Joah-James,3,0,3
Joah-Jay,3,0,3
Joah-Jesper,3,0,3
Joah-Troy,3,0,3
Joahlicio,3,0,3
Joahly,0,3,3
Joahna,0,3,3
Joahnan,3,0,3
Joahney,0,3,3
Joahnie,0,3,3
Joahnnes,3,0,3
Joahny,0,3,3
Joahquin,3,0,3
Joahquine,3,0,3
Joaida,0,3,3
Joaiden,3,0,3
Joaidy,0,3,3
Joaie,0,3,3
Joaillerie,0,3,3
Joainley,0,3,3
Joăio,3,0,3
Joakhim,3,0,3
Joakiem,3,0,3
Joakym,3,0,3
Joalain,3,0,3
Joalanda,0,3,3
Joali,0,3,3
Joalie,0,3,3
Joalinda,0,3,3
Joalinde,0,3,3
Joalino,3,0,3
Joälle,0,3,3
Joalt,3,0,3
Joaltsje,0,3,3
Joalycke,0,3,3
Joalyn,0,3,3
Joam,3,0,3
Joamo,3,0,3
Joämy,0,3,3
Joámy-Joy,0,3,3
Joăn,3,0,3
JoAn,0,3,3
Joan-Abel,3,0,3
Joan-ann,0,3,3
Joan-Anne,0,3,3
Joan-Christian,3,0,3
Joan-Claire,0,3,3
Joan-Dominique,0,3,3
Joan-Edith,0,3,3
Joan-Fe,0,3,3
Joan-Marie,0,3,3
Joan-Mary,0,3,3
Joan-Maureen,0,3,3
Joan-nah,0,3,3
Joan-Vidya,0,3,3
Joãna,0,3,3
Joäna,0,3,3
JoAna,0,3,3
Joána,0,3,3
Joana-Leah,0,3,3
Joana-Luisa,0,3,3
Joanabel,0,3,3
Joanah,0,3,3
Joanailees,0,3,3
Joanaisa,0,3,3
Joanal,0,3,3
Joanaley,0,3,3
Joanathan,3,0,3
Joanc,3,0,3
Joandi-Liann,0,3,3
Joandl,3,0,3
Joandre,3,0,3
Joandrea,0,3,3
Joandri,3,0,3
Joandrie,0,3,3
Joanè,0,3,3
Joâne,0,3,3
Jôaneace,0,3,3
Joaneke,0,3,3
Joanel,3,0,3
Joanell,0,3,3
Joänella,0,3,3
Joanelley,0,3,3
Joanery,0,3,3
Jôanes,3,0,3
Jöanes,3,0,3
Joaneva,0,3,3
Joaneyceline,0,3,3
Joanfran,3,0,3
Joangel,3,0,3
Joangela,0,3,3
Joangelo,3,0,3
Joanha,0,3,3
Joáni,3,0,3
Joani-Jay,0,3,3
Joanica,0,3,3
Joanick,0,3,3
Joanicka,0,3,3
Joanie-Ann,0,3,3
Joanieca,0,3,3
Joanièn,3,0,3
Joanige,0,3,3
Joanilson,3,0,3
Joaninho,3,0,3
Joaniq,3,0,3
Joanisha,0,3,3
Joanisleidy,0,3,3
Joaniza,0,3,3
Joanje,0,3,3
Joanko,3,0,3
Joanly,3,0,3
Joanmarie,0,3,3
Joanmoïre,0,3,3
Jôann,0,3,3
Joann-Lee,0,3,3
Joann-Lynn,0,3,3
Joânna,0,3,3
Jöanna,0,3,3
Jôanna,0,3,3
Joanna-Abygail,0,3,3
Joanna-Casey,0,3,3
Joanna-Sophia,0,3,3
Joanna-Zofia,0,3,3
Joannathan,3,0,3
Joânne,0,3,3
Joanne-Henrike,0,3,3
Joanne-Janine,0,3,3
Joanne-Liene,0,3,3
Joanne-Loes,0,3,3
Joanne-Maj,0,3,3
Joanne-Rose,0,3,3
Joannechristy,0,3,3
Joanneh,0,3,3
Joannell,0,3,3
Joannelley,0,3,3
Joannemie,0,3,3
Joannemijn,0,3,3
Joannen,3,0,3
Joannes-Baptista,3,0,3
Joannes-Chrysostomus,3,0,3
Joannes-Jacobus,3,0,3
Joannes-Maria,3,0,3
Joannes-Wilhelmus,3,0,3
Joannesy,0,3,3
Joannethy,0,3,3
Joannettha,0,3,3
Joannety,0,3,3
Joanney,0,3,3
Joannez,3,0,3
Joanniça,0,3,3
Joannieka,0,3,3
Joannieke,0,3,3
Joannigje,0,3,3
Joannike,0,3,3
Joannilla,0,3,3
Joannina,0,3,3
Joannine,0,3,3
Joannio,3,0,3
Joannisius,3,0,3
Joannite,0,3,3
Joannitta,0,3,3
Joannka,0,3,3
Joannnes,3,0,3
Joannou,3,0,3
Joanses,3,0,3
Joanshely,0,3,3
Joansie,3,0,3
Joansje,0,3,3
Joansly,3,0,3
Joantje,0,3,3
Joantsje,0,3,3
Joány,0,3,3
Joäny,0,3,3
Joany-Linn,0,3,3
Joanyna,0,3,3
Joào,3,0,3
Jôao,3,0,3
Joaó,3,0,3
Joáo,3,0,3
Joaõ,3,0,3
João-Lucas,3,0,3
João-Luis,3,0,3
João-Paulo,3,0,3
Joáo-Rese,3,0,3
João-Thiago,3,0,3
Joãolina,0,3,3
Joaoquim,3,0,3
Joaoquin,3,0,3
Joãoviño,3,0,3
Joaquilia,0,3,3
Joaquím,3,0,3
Joãquim,3,0,3
Joaquim-César,3,0,3
Joaquim-Cristiano,3,0,3
Joaqúin,3,0,3
Joäquin,3,0,3
Jõaquin,3,0,3
Joaquine,0,3,3
Joaquíne,3,0,3
Joaquinho,3,0,3
Joaquinten,3,0,3
Joâr,3,0,3
Joàr,3,0,3
Joarah,0,3,3
Joarchim,3,0,3
Joardailyson,3,0,3
Joarik,3,0,3
Joarin,3,0,3
Joarine,0,3,3
Joario,3,0,3
Joarlin,3,0,3
Joarmailyson,3,0,3
Joarn,3,0,3
Joarni,0,3,3
Joarno,3,0,3
Joäro,3,0,3
Joaro,3,0,3
Joarriët,0,3,3
JoArt,3,0,3
Joás,3,0,3
Joàs,3,0,3
Joäs,3,0,3
Joas-Jelle,3,0,3
Joase,0,3,3
Joäshley,0,3,3
Joasia,0,3,3
Joasin,3,0,3
Joasz,3,0,3
Joatham,3,0,3
Joâu,3,0,3
Joavently,3,0,3
Jöaveyron,3,0,3
Joawën,0,3,3
Joawhenna,0,3,3
Joax,3,0,3
Joay,3,0,3
Joayden,3,0,3
Joayra,0,3,3
Joayuin,3,0,3
Joazep,3,0,3
Job-Bas,3,0,3
Job-Emil,3,0,3
Job-Friso,3,0,3
Job-Jeroen,3,0,3
Job-Joël,3,0,3
Job-Johannes,3,0,3
Job-Luis,3,0,3
Job-Maarten,3,0,3
Job-Max,3,0,3
Job-Rens,3,0,3
Job-Valentijn,3,0,3
Job-Wybe,3,0,3
Jobbejan,3,0,3
Jobbet,0,3,3
Jobbi,3,0,3
Jobbinus,3,0,3
Jobea,0,3,3
Jobeal,3,0,3
Jobeanto,3,0,3
Jobeleen,0,3,3
Jobèn,3,0,3
Jobert-Jan,3,0,3
Joberte,0,3,3
Joberth,3,0,3
Joberthe,0,3,3
Jobetha,0,3,3
Jobetien,0,3,3
Jobetske,0,3,3
Jobia,0,3,3
Jobian,3,0,3
Jobiantara,3,0,3
Jobias,3,0,3
Jobientje,0,3,3
Jobieta,0,3,3
Jobijan,3,0,3
Jobijn,0,3,3
Jobinka,0,3,3
Jobjan,3,0,3
Jobkiena,0,3,3
Jobko,3,0,3
Joblina,0,3,3
Jobra,3,0,3
Jobrechtje,0,3,3
Jobredly,3,0,3
Jobriath,3,0,3
Jobrin,3,0,3
Jobs-André,3,0,3
Jobun,3,0,3
Jóby,0,3,3
Jobyline,0,3,3
Joc,3,0,3
Jocalien,0,3,3
Jocamina,0,3,3
Jocarda,0,3,3
Jocardo,3,0,3
Jocarine,0,3,3
Jocasta,0,3,3
Jocasty,0,3,3
Jocbed,0,3,3
Joccomine,0,3,3
Jocë,3,0,3
Jocefina,0,3,3
Jocela,0,3,3
Joceley,0,3,3
Jocelie,0,3,3
Jocelinda,0,3,3
Jocéline,0,3,3
Jocélio,3,0,3
Jocelle,0,3,3
Jocellyn,0,3,3
Jocelo,3,0,3
Jocélyn,0,3,3
Jocelynn-Jade,0,3,3
Jocently,3,0,3
Joceus,3,0,3
Jocevina,0,3,3
Jochabed,0,3,3
Jochabet,0,3,3
Jochabeth,0,3,3
Jochaïm,3,0,3
Jochán,3,0,3
Jochana,0,3,3
Jochannah,0,3,3
Jochanus,3,0,3
Jochany,0,3,3
Joché,0,3,3
Jochèbeth,0,3,3
Jochébeth,0,3,3
Jochelina,0,3,3
Jochém,3,0,3
Jochem-Jeroen,3,0,3
Jochem-Joost,3,0,3
Jochem-Jurrian,3,0,3
Jochem-Sebastian,3,0,3
Jochem-Willem,3,0,3
Jochema,0,3,3
Jochembet,0,3,3
Jochemijntje,0,3,3
Jochemin,3,0,3
Jocheminus,3,0,3
Jochemma,0,3,3
Jochen-Heije,3,0,3
Jochendly,3,0,3
Jochendrion,3,0,3
Jochène,0,3,3
Jocheno,3,0,3
Jochette,0,3,3
Jocheved-Bat-El,0,3,3
Jochewet,0,3,3
Jocheweth,0,3,3
Jochgina,0,3,3
Jochgom,3,0,3
Jochiem,3,0,3
Jochka,3,0,3
Jochosua,3,0,3
Jochuea,3,0,3
Jochumina,0,3,3
Jochumpje,0,3,3
Jochums,3,0,3
Jochumtje,0,3,3
Jochwet,0,3,3
Joci'mae,0,3,3
Jocia,0,3,3
Jocianne,0,3,3
Jociara,0,3,3
Jocida,0,3,3
Jociena,0,3,3
Jocil,0,3,3
Jocileno,3,0,3
Jocilla,0,3,3
Jocillo,3,0,3
Jocilyn,0,3,3
Jocini,3,0,3
Jocinto,3,0,3
Jocis,0,3,3
Jockemiena,0,3,3
Jockey,0,3,3
Jocki,3,0,3
Jöckseiny,0,3,3
Joclivia,0,3,3
Jocolien,0,3,3
Jocolina,0,3,3
Jocolyn,0,3,3
Jocomenis,3,0,3
Joconde,0,3,3
Jocordy,3,0,3
Jocova,3,0,3
Jocssander,3,0,3
Jócszef,3,0,3
Jocye,0,3,3
Jocylene,0,3,3
Jocyne,0,3,3
Jocyta,0,3,3
Jodahe,0,3,3
Jodalie,0,3,3
Jodarly,0,3,3
Jodayne,0,3,3
Jodayro,3,0,3
Joddy,3,0,3
Jodeane,0,3,3
Jodeb,0,3,3
Jodeeny,0,3,3
Jodel-Kasa,3,0,3
Jodelino,3,0,3
Jodely,0,3,3
Jodena,0,3,3
Jodessy,0,3,3
Jodet,0,3,3
Jodevicus,3,0,3
Jodi'Lynne,0,3,3
Jodi-ann,0,3,3
Jodian,3,0,3
Jodiandra,3,0,3
Jodica,0,3,3
Jodice,0,3,3
Jodie-Stefano,3,0,3
Jodieh,0,3,3
Jodiëlla,0,3,3
Jodiene,0,3,3
Jodienke,0,3,3
Jodiënne,3,0,3
Jodienne,0,3,3
Jodiete,0,3,3
Jodijn,0,3,3
Jodike,0,3,3
Jodima,0,3,3
Jodineke,0,3,3
Jodiñeo,3,0,3
Jodinya,3,0,3
Jodionne,3,0,3
Jódis,0,3,3
Jodison,3,0,3
Jodit,0,3,3
Jodoke,0,3,3
Jodora,0,3,3
Jodrich,3,0,3
Jodrie,0,3,3
Jodrik,3,0,3
Jodrikus,3,0,3
Jodsert,3,0,3
Jodth,3,0,3
Jody-Ann,0,3,3
Jody-Francisca,0,3,3
Jody-Lynn,0,3,3
Jody-Lynne,0,3,3
Jodyne,0,3,3
Jodyon,3,0,3
Joe-An,0,3,3
Joe-Andro,3,0,3
Joe-Änna,0,3,3
Joe-Anna,0,3,3
Joë-Anne,0,3,3
Joe-Anne,0,3,3
Joe-Bob,3,0,3
Joë-Dion,3,0,3
Joe-Ely,3,0,3
Joe-Eve,0,3,3
Joe-Everest,3,0,3
Joe-Fari,3,0,3
Joe-Han,3,0,3
Joe-Hanna,0,3,3
Joe-Hee,3,0,3
Joe-Ivan,3,0,3
Joe-Jathon,3,0,3
Joe-John,3,0,3
Joe-Mali-Thaffari,3,0,3
Joe-Saine,0,3,3
Joe-Saya,3,0,3
Joe-Sin,3,0,3
Joe-Sonia,0,3,3
Joe-Yee,0,3,3
Joeámi,0,3,3
Joean,3,0,3
Jóeandrey,3,0,3
Joeanton,0,3,3
Joeb,3,0,3
Joebelina,0,3,3
Joebert,3,0,3
Joebien,3,0,3
Joebin,3,0,3
Joecha,3,0,3
Joeci,0,3,3
Joecomijne,0,3,3
Joèd,3,0,3
Jóed,3,0,3
Joedainy,0,3,3
Joedina,0,3,3
Joedjono,3,0,3
Joëel,3,0,3
Joeéla,0,3,3
Joeffrey,3,0,3
Joeges,3,0,3
Joeghanoe,3,0,3
Joëhaily,0,3,3
Joehannes,3,0,3
Joehar,3,0,3
Joehariah,3,0,3
Joeharris,3,0,3
Joehna,0,3,3
Joéina,0,3,3
Joek-Tsoi,3,0,3
Joek-Wha,0,3,3
Joeke-Bauke,3,0,3
Joekeline,0,3,3
Joekine,0,3,3
Joekjan,3,0,3
Joeko,3,0,3
Joekoeriemè,0,3,3
Joekoerimye,0,3,3
JÖel,3,0,3
Jóel,3,0,3
JoëL,3,0,3
Joēl,3,0,3
Joël-Aron,3,0,3
Joël-Cornèl,3,0,3
Joël-Jayce,3,0,3
Joël-Jordan,0,3,3
Joel-Junior,3,0,3
Joël-Jurney,3,0,3
Joël-Manuel,3,0,3
Joël-Mark,3,0,3
Joël-Maxim,3,0,3
Joël-Raoul,3,0,3
Joël-Steven,3,0,3
Joèla,0,3,3
Joëlah,0,3,3
Joelante,0,3,3
Joelca,0,3,3
Joëlcharon,3,0,3
Joelcio,3,0,3
Joëlcio,3,0,3
Joëlder,3,0,3
Joëldrickson,3,0,3
Joeldry,3,0,3
Joëldry,3,0,3
Joêle,0,3,3
Joèle,0,3,3
Joelee,0,3,3
Joelerie,3,0,3
Joeli,3,0,3
Joelianoes,3,0,3
Joelica,0,3,3
Joelicio,3,0,3
Joélie,0,3,3
Joelieke,0,3,3
Joëlina,0,3,3
Joëline,0,3,3
Joélio,3,0,3
Joelioes,3,0,3
Joelisjka,0,3,3
Joëliza,0,3,3
Joeljano,3,0,3
Joëljayson,3,0,3
Jöell,3,0,3
Jöella,0,3,3
Joělla,0,3,3
Joella-fay,0,3,3
Joëlla-Gabriëlla,0,3,3
Joëlla-Idor,0,3,3
Joellë,0,3,3
Joēlle,0,3,3
Joëlle-Naomi,0,3,3
Joëlle-Noa,0,3,3
Joëlle-Pascalle,0,3,3
Joëlle-Rose,0,3,3
Joëlle-Sue,0,3,3
Joelleke,0,3,3
Joellen,0,3,3
Joëllery,3,0,3
Joellesa,3,0,3
Joëlley,0,3,3
Joëllha,0,3,3
Joëlli,0,3,3
Joëllia,0,3,3
Joelliana,0,3,3
Joëlliane,0,3,3
Joelliëna,0,3,3
Joëllin,0,3,3
Joëllique,0,3,3
Joellis,3,0,3
Joëllson,3,0,3
Joëllya,0,3,3
Joellyin,0,3,3
Joellyn,0,3,3
Joelma,0,3,3
Joëlse,0,3,3
Joëlsey,3,0,3
Joelson,3,0,3
Joeltje,0,3,3
Joelyenne,0,3,3
Joelyne,0,3,3
Joemaicel,3,0,3
Joeman,3,0,3
Joemana,0,3,3
Joéme,3,0,3
Joëmeily,0,3,3
Joemi,0,3,3
Joémie,0,3,3
Joemie,0,3,3
Joemini,0,3,3
Joemnia,0,3,3
Joemratan,0,3,3
Joemy,0,3,3
Joëmy,0,3,3
Joèn,0,3,3
Joen-Fo,3,0,3
Joen-Jin,3,0,3
Joen-Len,0,3,3
Joen-Mien,3,0,3
Joen-Tai,3,0,3
Joenaina,0,3,3
Joenardi,3,0,3
Joenarewa,3,0,3
Joenarnie,0,3,3
Joènca,0,3,3
Joëndely,0,3,3
Joëndrick,3,0,3
Joëndry,3,0,3
Joëne,0,3,3
Joënelley,0,3,3
Joenffrey,3,0,3
Joeng-Jien,3,0,3
Joeng-Jong,3,0,3
Joeng-Sien,3,0,3
Joeni,3,0,3
Joenia,0,3,3
Joenias,3,0,3
Joenie,0,3,3
Joeniek,0,3,3
Joenitadebi,0,3,3
Joënn,0,3,3
Joènna,0,3,3
Joennoes,3,0,3
Joènnsha,0,3,3
Joënny,0,3,3
Joensley,3,0,3
Joenus,3,0,3
Joeny-Lee,0,3,3
Joenyda,0,3,3
Joënyven,3,0,3
Joep-Antonio,3,0,3
Joep-Julie,0,3,3
Joep-Jurre,3,0,3
Joepeck,3,0,3
Joepha,0,3,3
Joephin,0,3,3
Joepi,3,0,3
Joepy,0,3,3
Joequairo,3,0,3
Joër,3,0,3
Joeraiye,3,0,3
Joeraldes,3,0,3
Joerani,0,3,3
Joeraparena,3,0,3
Joeraya,0,3,3
Joeraymi,3,0,3
Joerdayenne,0,3,3
Joerdien,3,0,3
Joerec,3,0,3
Joërelian,3,0,3
Joërell,3,0,3
Joerensley,3,0,3
Joeret,3,0,3
Joerga,0,3,3
Joerhe,3,0,3
Joeri-Quint,3,0,3
Joeri-Stefan,3,0,3
Joerianne,0,3,3
Joeriemadevi,0,3,3
Joeriën,3,0,3
Joerij,3,0,3
Joerika,0,3,3
Joerike,0,3,3
Joerim,3,0,3
Joerinus,3,0,3
Joeriovna,0,3,3
Joerisa,0,3,3
Joerit,3,0,3
Joerity,3,0,3
Joerjevitsj,3,0,3
Joerke,3,0,3
Joerko,3,0,3
Joerlande,0,3,3
Joermixia,0,3,3
Joeroy,3,0,3
Joerry,3,0,3
Joerviënelly,0,3,3
Joerviënthelly,0,3,3
Joeryën,3,0,3
Joes-Maartje,0,3,3
Joes-Yge,3,0,3
Joesé,0,3,3
Joesfanto,3,0,3
Joeshadrion,3,0,3
Joëshely,0,3,3
Joesif,3,0,3
Joesliar,3,0,3
Joesni,3,0,3
Joesnie,0,3,3
Joeso,3,0,3
Joesphina,0,3,3
Joesry,3,0,3
Joessi,3,0,3
Joesta,0,3,3
Joësta,0,3,3
Joestein,3,0,3
Joestie,0,3,3
Joestinus,3,0,3
Joesuf,3,0,3
Joetie,0,3,3
Joetjen,3,0,3
Joets,3,0,3
Joetse,0,3,3
Joette,0,3,3
Joëttien,0,3,3
Joéulla,0,3,3
Joeurij,0,3,3
Joevailey,3,0,3
Joevaniël,3,0,3
Joevanneley,0,3,3
Joevanni,3,0,3
Joevanni-Jean,3,0,3
Joevano,3,0,3
Joevany,3,0,3
Joevarrello,3,0,3
Joevciwan,3,0,3
Joéve,0,3,3
Joeve,3,0,3
Joeviair,3,0,3
Joewandly,3,0,3
Joewayria,0,3,3
Joewel,3,0,3
Joewelle,0,3,3
Joewey,3,0,3
Joewhen,3,0,3
Joëwi,3,0,3
Joewi,3,0,3
Joèy,3,0,3
Jöey,0,3,3
Joey-Bas,3,0,3
Joey-Brian,3,0,3
Joey-Che,3,0,3
Joey-Dylan,3,0,3
Joey-Dyon,3,0,3
Joey-Ezra,3,0,3
Joey-Finn,3,0,3
Joey-James,3,0,3
Joey-Jayce,3,0,3
Joey-Jazz,0,3,3
Joey-Joëll,3,0,3
Joey-junior,3,0,3
Joey-Michael,3,0,3
Joey-Pat,3,0,3
Joey-Paul,3,0,3
Joey-Renaldo,3,0,3
Joey-Ryan,3,0,3
Joey-Siem,3,0,3
Joey-Vijai,3,0,3
Joey-Vincent,3,0,3
Joey-Wouter,3,0,3
Joeyano,3,0,3
Joeyé,3,0,3
Joeyéna,0,3,3
Joeyi,3,0,3
Joeyin,3,0,3
Joeyina,0,3,3
Joeylynn,0,3,3
Joeynesia,3,0,3
Joëz,3,0,3
Joeze,3,0,3
Joézer,3,0,3
Joezer,3,0,3
Joezoef,3,0,3
Joëzsah,0,3,3
Jofa,3,0,3
Jofaihra,0,3,3
Jofainah,0,3,3
Jofainio,3,0,3
Jofainy,0,3,3
Jofan,0,3,3
Jofana,0,3,3
Jofanna,0,3,3
Jofanni,0,3,3
Jofanny,3,0,3
Jofany,3,0,3
Jofari,3,0,3
Jofarin,0,3,3
Jofayro,3,0,3
Jofeianna,0,3,3
Jofeira,0,3,3
Jofel,3,0,3
Jofelder,3,0,3
Jofelgien,3,0,3
Jofendely,0,3,3
Jofennie,0,3,3
Jofensley,3,0,3
Jofeph,3,0,3
Jofephine,3,0,3
Jofer,3,0,3
Joferdo,3,0,3
Joffany,3,0,3
Jofferson,3,0,3
Joffery,3,0,3
Joffrè,3,0,3
Joffree,3,0,3
Joffreiny,0,3,3
Joffrèy,3,0,3
Joffried,3,0,3
Joffrij,3,0,3
Jofien,0,3,3
Jofiene,0,3,3
Jofinah,0,3,3
Jofinn,3,0,3
Jofitho,3,0,3
Jofram,3,0,3
Jofrel,3,0,3
Jofrendy,0,3,3
Jofride,0,3,3
Jofridri,0,3,3
Jofuro,3,0,3
Jofyèl,3,0,3
Jog,3,0,3
Jogan,3,0,3
Jogard,3,0,3
Jogchem-Gerbrandt,3,0,3
Jogchemtje,0,3,3
Jogchen,3,0,3
Jogchina,0,3,3
Jogchumina,0,3,3
Jogébeth,0,3,3
Jogeerta,0,3,3
Jogeeta-Rani,0,3,3
Jogeetha,0,3,3
Jogeke,0,3,3
Joger,3,0,3
Jogéra,0,3,3
Jogeshwaridevi,0,3,3
Jogeweth,0,3,3
Jogg,3,0,3
Jogge,3,0,3
Joggli,3,0,3
Joghing,3,0,3
Joghitadivie,0,3,3
Jogiesingh,3,0,3
Jogillia,0,3,3
Jogindre,3,0,3
Jognie,0,3,3
Jogoh,3,0,3
Jogonda,0,3,3
Jögrey,3,0,3
Jogriet,0,3,3
Jogubertha,0,3,3
Jogwencio,3,0,3
Jogyasmara,3,0,3
Jogyta,0,3,3
Joh'n,3,0,3
Joh-Anna,0,3,3
Joh-Anne,0,3,3
Joh-annie,0,3,3
Johá-re,0,3,3
Johach,3,0,3
Johachine,0,3,3
Johagier,3,0,3
Johahna,0,3,3
Johaila,0,3,3
Johaili,0,3,3
Johailly,0,3,3
Johaines,3,0,3
Johaini,0,3,3
Johainny,0,3,3
Johainy,0,3,3
Johairick,3,0,3
Johairis,0,3,3
Johairo,3,0,3
Johaliene,0,3,3
Johamna,0,3,3
Johàn,3,0,3
Jöhan,3,0,3
Jòhan,3,0,3
Johan-Aart,3,0,3
Johan-Adriaan,3,0,3
Johan-Alexander,3,0,3
Johan-Allian,3,0,3
Johan-Alonso,3,0,3
Johan-Antonie,3,0,3
Johan-Bert,3,0,3
Johan-Bertwin,3,0,3
Johan-Chris,3,0,3
Johan-Constantijn,3,0,3
Johan-Derk,3,0,3
Johan-Enrico,3,0,3
Johan-Evert,3,0,3
Johan-Frans,3,0,3
Johan-Friso,3,0,3
Johan-Gerben,3,0,3
Johan-Hendrick,3,0,3
Johan-Henry,3,0,3
Johan-Herman,3,0,3
Johan-Hubert,3,0,3
Johan-Jaap,3,0,3
Johan-Jacob,3,0,3
Johan-just,3,0,3
Johan-Kees,3,0,3
Johan-Klaas,3,0,3
Johan-Lambert,3,0,3
Johan-Laurens,3,0,3
Johan-Louis,3,0,3
Johan-Marcel,3,0,3
Johan-Marie,3,0,3
Johan-Marius,3,0,3
Johan-Mark,3,0,3
Johan-Matthäus,3,0,3
Johan-Mies,3,0,3
Johan-Patrick,3,0,3
Johan-Pepijn,3,0,3
Johan-Petrus,3,0,3
Johan-Rutger,3,0,3
Johan-Sebastiaan,3,0,3
Johan-Tom,3,0,3
Johan-Walter,3,0,3
Jòhanan,3,0,3
Johancito,3,0,3
Johanco,3,0,3
Johand,3,0,3
Johandelmir,3,0,3
Johandra,0,3,3
Johandré,3,0,3
Johandries,3,0,3
Johandrix,3,0,3
Johandro,3,0,3
Jôhandry,3,0,3
Johane,0,3,3
Johanen,3,0,3
Johanes-Maseray,3,0,3
Johanet,0,3,3
Johanetha,0,3,3
Johanettie,0,3,3
Johangely,0,3,3
Johania,0,3,3
Johanic,3,0,3
Johanica,0,3,3
Johanie,3,0,3
Johanieke,0,3,3
Johanien,0,3,3
Johanine,0,3,3
Johanisha,0,3,3
Johanisse,0,3,3
Johank,0,3,3
Johanlina,0,3,3
Jóhann,3,0,3
Johann-Adriaan,3,0,3
Johann-Franz,3,0,3
Johann-Gerhard,3,0,3
Johann-Willem,3,0,3
Jóhanna,0,3,3
Johanna-Ann,0,3,3
Johanna-Anne,0,3,3
Johanna-Anneke,0,3,3
Johanna-Antonia,0,3,3
Johanna-Catharina,0,3,3
Johanna-Clara,0,3,3
Johanna-Cora,0,3,3
Johanna-Douwina,0,3,3
Johanna-Elizabeth,0,3,3
Johanna-Gerarda,0,3,3
Johanna-Gertie,0,3,3
Johanna-Grietsje,0,3,3
Johanna-Ida,0,3,3
Johanna-Jane,0,3,3
Johanna-Liepie,0,3,3
Johanna-Margriet,0,3,3
Johanna-Marie,0,3,3
Johanna-Marijke,0,3,3
Johanna-Marijntje,0,3,3
Johanna-Marina,0,3,3
Johanna-Sjoukje,0,3,3
Johanna-Stevendina,0,3,3
Johanna-Theresia,0,3,3
Johanna-Willemina,0,3,3
Johanna-Ymkje,0,3,3
Johanna.,0,3,3
Johannah-Lena,0,3,3
Johannaty,0,3,3
JohannaWilhelmina,0,3,3
Johanné,0,3,3
Johanne-Henrica,0,3,3
Johanne-Saar,0,3,3
Johannes-Aan,3,0,3
Johannes-Aegidius,3,0,3
Johannes-Andreas,3,0,3
Johannes-anne,3,0,3
Johannes-Anton,3,0,3
Johannes-Babtu,3,0,3
Johannes-Benjamin,3,0,3
Johannes-Eduward,3,0,3
Johannes-Gerard,3,0,3
Johannes-Hendrikus,3,0,3
Johannes-Jelte,3,0,3
Johannes-Kornelis,3,0,3
Johannes-Marcus,3,0,3
Johannes-Maria,3,0,3
Johannes-Martinus,3,0,3
Johannes-Michel,3,0,3
Johannes-Nicolaas,3,0,3
Johannes-Paul,3,0,3
Johannes-Petrus,3,0,3
Johannes-Rudolf,3,0,3
Johannes-San,3,0,3
Johannes-Siemen,3,0,3
Johannes-Sybe,3,0,3
Johannes-Teunis,3,0,3
Johannes-Willem,3,0,3
Johannes-William,3,0,3
Johannes.,3,0,3
Johannesdochter,0,3,3
Johanneshiele,3,0,3
Johannesse,0,3,3
Johanneszn.,3,0,3
Johannetti,0,3,3
Johannia,0,3,3
Johannika,0,3,3
Johannike,0,3,3
Johannis-Pieter,3,0,3
Johannitta,0,3,3
Johannitus,3,0,3
Johannottiena,3,0,3
Johanns,3,0,3
Johannüs,3,0,3
Johannys,0,3,3
Johano,3,0,3
Johanottiena,0,3,3
Johanovna,0,3,3
Johanpersad,3,0,3
Johanrens,3,0,3
Johansly,3,0,3
Johansy,3,0,3
Johansz,3,0,3
Johant,3,0,3
Johantal,3,0,3
Johantan,3,0,3
Johanthley,3,0,3
Johantley,3,0,3
Johantrus,3,0,3
Johanys,3,0,3
Joharah,0,3,3
Johardi,3,0,3
Joharmke,0,3,3
Joharran,3,0,3
Joharvey-Onne,3,0,3
Johassaf,3,0,3
Johavani,3,0,3
Johaynna,0,3,3
Johbeth,0,3,3
Johdan,3,0,3
Johdrik,3,0,3
Joheavenly,0,3,3
Johedy,3,0,3
Joheimi,0,3,3
Joheiry,0,3,3
Johel,0,3,3
Johell,3,0,3
Johelma,0,3,3
Johemely,0,3,3
Johemmy,3,0,3
Johendri,0,3,3
Jöhendrick,3,0,3
Johendrick,3,0,3
Johendrika,0,3,3
Johendrion,3,0,3
Johendrix,3,0,3
Johenke,0,3,3
Johenrey,3,0,3
Johenry,3,0,3
Johens,3,0,3
Johensly,3,0,3
Johentje,0,3,3
Johenzie,0,3,3
Johephus,3,0,3
Joheskel,3,0,3
Johetina,0,3,3
Johetty,0,3,3
Johfré,3,0,3
Johhana,0,3,3
Johhanes,3,0,3
Johhensly,3,0,3
Johil,0,3,3
Johilda,0,3,3
Johill,0,3,3
Johinte,0,3,3
Johir,3,0,3
Johita,0,3,3
Johlaine,0,3,3
Johlanie,3,0,3
Johlany,0,3,3
Johlee,0,3,3
Johleen,0,3,3
Johliena,0,3,3
Johliene,0,3,3
Johmaé,0,3,3
Johmae,0,3,3
Johmaro,3,0,3
Johmaysa,0,3,3
Johmien,0,3,3
Johmiendro,3,0,3
Johmillio,3,0,3
Johmina,0,3,3
Johmy,0,3,3
John-Aaldert,3,0,3
John-Achmed,3,0,3
John-Aëdy,3,0,3
John-Albert,3,0,3
John-Angelo,3,0,3
John-Arthur,3,0,3
John-Barry,3,0,3
John-boy,3,0,3
John-Christian,3,0,3
John-Claude,3,0,3
John-Dallas,3,0,3
John-Daniel,3,0,3
John-Daniël,3,0,3
John-Dick,3,0,3
John-Dirk,3,0,3
John-Dylan,3,0,3
John-Earl,3,0,3
John-Eduard,3,0,3
John-Egon,3,0,3
John-Erik,3,0,3
John-Ferdi,3,0,3
John-Frederik,3,0,3
John-George,3,0,3
John-Henderik,3,0,3
John-Henrik,3,0,3
John-Jan,3,0,3
John-Japhet,3,0,3
John-Jay,0,3,3
John-Jeffrey,3,0,3
John-Jo,3,0,3
John-Johannes,3,0,3
John-Jordan,3,0,3
John-Joy,3,0,3
John-Junior,3,0,3
John-Kristian,3,0,3
John-Lee,3,0,3
John-Leonard,3,0,3
John-Lewis,3,0,3
John-Liam,3,0,3
John-Lieffert,3,0,3
John-Maarten,3,0,3
John-Marc,3,0,3
John-Marcus,3,0,3
John-Marin,3,0,3
John-Marius,3,0,3
John-Mark,3,0,3
John-Maro,3,0,3
John-Marthin,3,0,3
John-Marvin,3,0,3
John-Mateo,3,0,3
John-Mathijs,3,0,3
John-May,0,3,3
John-Melle,3,0,3
John-Michael,3,0,3
John-Nun,3,0,3
John-Pascal,3,0,3
John-Philip,3,0,3
John-Phillip,3,0,3
John-Rafe,3,0,3
John-Robin,3,0,3
John-Roger,3,0,3
John-Ross,3,0,3
John-Salmon,3,0,3
John-Sebastiaan,3,0,3
John-Sefano,3,0,3
John-Seth,3,0,3
John-Tom,3,0,3
John-Vincent,3,0,3
John-Yarnick,3,0,3
Johnace,3,0,3
Johnacis,3,0,3
Johnah,3,0,3
Johnairo,3,0,3
Johnanes,3,0,3
Johnatan-james,3,0,3
Johnathann,3,0,3
Johnaula,0,3,3
Johnavan,3,0,3
Johnbert,3,0,3
JohnBruno,3,0,3
Johncarlis,3,0,3
Johnchris,3,0,3
Johncillo,3,0,3
Johndrou,3,0,3
Johndue,3,0,3
Johndy,3,0,3
Johne,3,0,3
Johneciare,0,3,3
Johneed,3,0,3
Johneen,3,0,3
Johnel,0,3,3
Johneli,0,3,3
Johnely,3,0,3
Johnes,3,0,3
Johnesia,0,3,3
Johnetan,3,0,3
Johnethen,3,0,3
Johnethon,3,0,3
Johneton,3,0,3
Johnfermi,3,0,3
Johnfrey,3,0,3
Johng,0,3,3
Johnian,3,0,3
Johnic,3,0,3
Johnica,0,3,3
Johnicia,0,3,3
Johnick,3,0,3
Johnico,3,0,3
Johnilyo,3,0,3
Johnira,0,3,3
Johnisa,0,3,3
Johnita,0,3,3
Johnjohn,3,0,3
Johnlynson,3,0,3
Johnmano,3,0,3
Johnmarie,3,0,3
Johnmayro,3,0,3
Johnnalie,0,3,3
Johnnallie,0,3,3
Johnneke,3,0,3
Johnnella,0,3,3
Johnnethan,3,0,3
Johnney,3,0,3
Johnni,3,0,3
Johnnie-Alexander,3,0,3
Johnnie-Jan,3,0,3
Johnnson,3,0,3
Johnny-Cheng,3,0,3
Johnny-Darwin,3,0,3
Johnny-Geert,3,0,3
Johnny-Jane,0,3,3
Johnny-Marcel,3,0,3
Johnny-rajindre,3,0,3
Johnnyto,3,0,3
Johnovan,3,0,3
Johnperry,3,0,3
Johnphil,3,0,3
Johnquil,0,3,3
Johnray,3,0,3
Johns,0,3,3
Johnsanny,0,3,3
Johnsanrhee,0,3,3
Johnshae,3,0,3
Johnson-Jiro,3,0,3
Johnsons,3,0,3
Johnston,3,0,3
Johnthe,3,0,3
Johnuel,3,0,3
Johnuk,3,0,3
Johnwick,3,0,3
Johnyllio,3,0,3
Johôchânan,3,0,3
Johois,3,0,3
Johora,0,3,3
Johoshua,3,0,3
Johoswa,3,0,3
Johozoa,3,0,3
Johozus,3,0,3
Johr,3,0,3
Johraisa,0,3,3
Johram,3,0,3
Johrany,0,3,3
Johrayno,3,0,3
Johrdine,3,0,3
Johrdy,3,0,3
Johre,3,0,3
Johreiny,0,3,3
Johrel,3,0,3
Johren,3,0,3
Johrencio,3,0,3
Johrensa,0,3,3
Johria,0,3,3
Johrian,3,0,3
Johrianne,0,3,3
Johrica,0,3,3
Johries,3,0,3
Johrina,0,3,3
Johrinda,0,3,3
Johrius,3,0,3
Johrja,0,3,3
Johrno,3,0,3
Johro,3,0,3
Johrus,3,0,3
Johrvenlee,3,0,3
Johsarsaki,3,0,3
Johsefina,0,3,3
Johsenn,3,0,3
Johsey,3,0,3
Johsy,3,0,3
Johtam,3,0,3
Johty,0,3,3
Johvain,3,0,3
Johvainelly,0,3,3
Johvainy,3,0,3
Johvano,3,0,3
Johwanna,0,3,3
Johwenety,0,3,3
Johwil,3,0,3
Johy,3,0,3
Johzien,0,3,3
Johzua,3,0,3
Joi-vienne,0,3,3
Joía,0,3,3
Joía-Lilly,0,3,3
Joialynne,0,3,3
Joiana,0,3,3
Joicelin,3,0,3
Joicelynn,0,3,3
Joicy,0,3,3
Joidie,0,3,3
Joié,0,3,3
Joieline,0,3,3
Joiina,0,3,3
Joijc,0,3,3
Joik,0,3,3
Joike,0,3,3
Joil,0,3,3
Joïlle,0,3,3
Joïm,3,0,3
Joim,3,0,3
Joïmke,0,3,3
Joimke,0,3,3
Joimy,0,3,3
Joindy,0,3,3
Joine,0,3,3
Joïneke,0,3,3
Joirah,0,3,3
Joiren,3,0,3
Joisainne,0,3,3
Joisel,0,3,3
Joisolito,0,3,3
Joison,3,0,3
Joiy,3,0,3
Joïzha,0,3,3
Joizy,0,3,3
Jójada,0,3,3
Jojadah,3,0,3
Jojam,3,0,3
Jojanan,3,0,3
Jojane,0,3,3
Jojaney,0,3,3
Jojannake,0,3,3
Jojanne-Cato,0,3,3
Jojannecke,0,3,3
Jojanneke-Corry,0,3,3
Jojanneke-leidie,0,3,3
Jojannes,3,0,3
Jojannieke,0,3,3
Jojanthe,0,3,3
Jojarib,3,0,3
Jojean,0,3,3
Jojeanneke,0,3,3
Jojenne,0,3,3
Jojenneke,0,3,3
Jojeromy,3,0,3
Jojette,0,3,3
Jojie,3,0,3
Jojk,3,0,3
Jojorico,0,3,3
Jok-Fan,0,3,3
Jokalien,0,3,3
Jokay,3,0,3
Joke-Jolijn,0,3,3
Jokeá,0,3,3
Jokebed,0,3,3
Jokedien,0,3,3
Jokejan,0,3,3
Jokelieke,0,3,3
Jokeliene,0,3,3
Jokelientje,0,3,3
Jokelyn,0,3,3
Jokemina,0,3,3
Jokéne,0,3,3
Jokie,3,0,3
Jokím,3,0,3
Jokita,0,3,3
Jokje,0,3,3
Jokkob,3,0,3
Jokkum,3,0,3
Jokoá,3,0,3
Jokobus,3,0,3
Jokoeza,3,0,3
Joks,3,0,3
Jökudu,0,3,3
Jökull,3,0,3
Jola-Jane,0,3,3
Jolaan,0,3,3
Jolade,3,0,3
Jolai,0,3,3
Jolaijla,0,3,3
Jolaima,0,3,3
Jolaimy,0,3,3
Jolainey,0,3,3
Jolainge,0,3,3
Joláisa,0,3,3
Jolaisha,0,3,3
Jolamira,0,3,3
Jolàn,3,0,3
Jólan,3,0,3
Jolân,0,3,3
Jolanda-Bertine,0,3,3
Jolanda-Monique,0,3,3
Jolânde,0,3,3
Jolandha,0,3,3
Jolandie,0,3,3
Jolandis,3,0,3
Jolando,3,0,3
Jolandy,0,3,3
Jolane,0,3,3
Jolani,0,3,3
Jólanka,0,3,3
Jolanna,0,3,3
Jolanne,0,3,3
Jolanni,0,3,3
Jolánta,0,3,3
Jolanty,3,0,3
Jolar,3,0,3
Jolata,0,3,3
Jolaute,0,3,3
Jolayn,0,3,3
Jolaynies,0,3,3
Jolca,0,3,3
Jold,3,0,3
Joldan,3,0,3
Jolderd,3,0,3
Jolderik,3,0,3
Jöle,0,3,3
Joledy,0,3,3
Joleena,0,3,3
Joleentje,0,3,3
Jolei,0,3,3
Joleid,3,0,3
Joleijne,0,3,3
Joleike,0,3,3
Joleina,0,3,3
Joleintje,0,3,3
Joleisha,0,3,3
Jolela,0,3,3
Jolén,0,3,3
Jolendre,3,0,3
Jólene,0,3,3
Jolene-Jane,0,3,3
Jolene-Joyce,0,3,3
Jolenie,0,3,3
Jolenn,3,0,3
Joleny,0,3,3
Joleo,0,3,3
Jolesca,0,3,3
Joleth,0,3,3
Jolexa,0,3,3
Joleyann,0,3,3
Joleys,0,3,3
Joleysa,0,3,3
Joleysia,0,3,3
Jolger,3,0,3
Jóli,0,3,3
Joliana,0,3,3
Joliano,3,0,3
Jolianto,3,0,3
Jolicha,0,3,3
Jolicke,0,3,3
Jolide,0,3,3
Joliè,0,3,3
Jolìe,0,3,3
Jolie-Esmée,0,3,3
Jolie-J'adore,0,3,3
Jolie-lima,0,3,3
Jolie-Liv,0,3,3
Jolie-Loïs,0,3,3
Jolie-Lola,0,3,3
Jolie-Lott,0,3,3
Jolie-lova,0,3,3
Jolie-Noël,0,3,3
Jolie-Philou,0,3,3
Jolie-Rose,0,3,3
Jolie-Vajen,0,3,3
Jolie-vere,0,3,3
Jolie-Willemijn,0,3,3
Jolieh,0,3,3
Jolieke-Fleur,0,3,3
Jolièn,0,3,3
Jolien-Maria,0,3,3
Joliena-Anna,0,3,3
Jolienca,0,3,3
Joliené,0,3,3
Jolienna,0,3,3
Joliesa,0,3,3
Jolieske,0,3,3
Joliët,0,3,3
Joliëtte,0,3,3
Jolieve,0,3,3
Jolieze,0,3,3
Joliffe,0,3,3
Jolij,0,3,3
Jolijn-Lisette,0,3,3
Jolima,0,3,3
Jólina,0,3,3
Jolinah,0,3,3
Jolincia,0,3,3
Jolindia,0,3,3
Jolindy,0,3,3
Jolinge,0,3,3
Jolinha-Luana,0,3,3
Jolinho,3,0,3
Jolinne,0,3,3
Jolinsa,0,3,3
Jolinte,0,3,3
Jolinthe,0,3,3
Jolinus,3,0,3
Jolioes,3,0,3
Jolion,3,0,3
Jolis,3,0,3
Jolite,0,3,3
Jolitia,0,3,3
Jolito,3,0,3
Jolitta,0,3,3
Jolive,0,3,3
Joliverd,3,0,3
Jolivere,0,3,3
Jolivia,0,3,3
Joliviën,0,3,3
Joliz,0,3,3
Jolizabete,0,3,3
Jolizz,0,3,3
Jolkje,0,3,3
Jolkjen,0,3,3
Jolla,0,3,3
Jollanda,0,3,3
Jollande,0,3,3
Jolleke,0,3,3
Jollen,0,3,3
Jollene,0,3,3
Jollete,0,3,3
Jolley,0,3,3
Jolli,0,3,3
Jollijn,0,3,3
Jollion,3,0,3
Jollyon,3,0,3
Jolme,3,0,3
Jolmiassa,0,3,3
Jolonka,0,3,3
Jolotje,0,3,3
Jolsilio,3,0,3
Jolsina,0,3,3
Jolter,3,0,3
Joltin,3,0,3
Joltsje,0,3,3
Joltteunusse,3,0,3
Joluca,0,3,3
Joluka,3,0,3
Jolwin,3,0,3
Joly-Eline,0,3,3
Jolya,0,3,3
Jolyan,3,0,3
Jolyanne,0,3,3
Jolyce,0,3,3
Jolycia,0,3,3
Jolyda,0,3,3
Jolyen,0,3,3
Jolynca,0,3,3
Jolynda,0,3,3
Jolyne-Merèl,0,3,3
Jolynthe,0,3,3
Jolyonne,0,3,3
Jolysia,0,3,3
Jolyvira,0,3,3
Jomaa,3,0,3
Jomaël,3,0,3
Jomaëri,0,3,3
Jomai,3,0,3
Jomaicha,0,3,3
Jomailla,0,3,3
Jomaily,0,3,3
Jomailyen,0,3,3
Jomain,3,0,3
Jomaina,0,3,3
Jomaine,0,3,3
Jomainy,3,0,3
Jomaioro,3,0,3
Jomaïra,0,3,3
Jómaira,0,3,3
Jomairah,0,3,3
Jomairely,0,3,3
Jomaïro,3,0,3
Jomairon,3,0,3
Jomalis,0,3,3
Joman,3,0,3
Jomanah,0,3,3
Jomando,3,0,3
Jomane,0,3,3
Jomár,3,0,3
Jomarice,0,3,3
Jomarie,3,0,3
Jomarin,3,0,3
Jomaris,3,0,3
Jomarly,3,0,3
Jomarsly,3,0,3
Jomarvi,3,0,3
Jomasha,0,3,3
Jomayah,0,3,3
Jomaylica,0,3,3
Jomayndrickson,3,0,3
Jombert,3,0,3
Jombi,3,0,3
Jomeena,0,3,3
Joméı,0,3,3
Jomei,3,0,3
Jomein,0,3,3
Jomeiry,0,3,3
Jomell,0,3,3
Jomellcio,3,0,3
Jomellian,3,0,3
Jomelvio,3,0,3
Jomely,0,3,3
Jomena,0,3,3
Jômena,0,3,3
Jomenie,0,3,3
Jomeny,3,0,3
Jomer,3,0,3
Jomero,3,0,3
Jomette,0,3,3
Jomey,0,3,3
Jomezia,0,3,3
Jomiel,3,0,3
Jomiene,0,3,3
Jomieneke,0,3,3
Jomienke,0,3,3
Jomile,0,3,3
Jomiljo,3,0,3
Jominda,0,3,3
Jominette,0,3,3
Jomino,3,0,3
Jominthe,0,3,3
Jominy,0,3,3
Jomiquai,0,3,3
Jomira,0,3,3
Jomiriën,0,3,3
Jomirro,3,0,3
Jomischa,0,3,3
Jomisha,0,3,3
Jomke,0,3,3
Jomm,3,0,3
Jomma,0,3,3
Jommie,3,0,3
Jomna,0,3,3
Jomoira,0,3,3
Jomoro,3,0,3
Jomycia,0,3,3
Jomysha,0,3,3
Jon'Raino,3,0,3
Jon-Benae,0,3,3
Jon-Benjamin,3,0,3
Jon-Christian,3,0,3
Jon-Dahl,3,0,3
Jon-Erik,3,0,3
Jon-Ivar,3,0,3
Jon-Jef,3,0,3
Jon-Jo,3,0,3
Jon-Junior,3,0,3
Jon-Mattijs,3,0,3
Jon-Pall,3,0,3
Jon-Patrick,3,0,3
Jon-Paul,3,0,3
Jon-Roger,3,0,3
Jon-Ruben,3,0,3
Jòn-Tjitte,3,0,3
Jona-Joël,3,0,3
Jonaan,3,0,3
Jonadaia,0,3,3
Jonadien,3,0,3
Jonadiënne,0,3,3
Jonadrian,3,0,3
Jonae,3,0,3
Jonaffia,0,3,3
Jonah-Ben,3,0,3
Jonah-James,3,0,3
Jonah-Jan,3,0,3
Jonah-Noah,3,0,3
Jonah-Petrus,3,0,3
Jonahan,3,0,3
Jonahton,3,0,3
Jonaï,3,0,3
Jonai,3,0,3
Jonaïda,0,3,3
Jonail,3,0,3
Jonainah,0,3,3
Jonairho,3,0,3
Jonairis,0,3,3
Jonaisa,0,3,3
Jonaisherny,0,3,3
Jonaison,3,0,3
Jonalda,0,3,3
Jonaley,0,3,3
Jonalisse,0,3,3
Jonalthan,3,0,3
Jonanan,3,0,3
Jonandie,0,3,3
Jonanke,0,3,3
Jonanne,0,3,3
Jonano,3,0,3
Jonantha,0,3,3
Jónanthan,3,0,3
Jonanthe,0,3,3
Jonaphan,3,0,3
Jonaquim,0,3,3
Jonaquin,3,0,3
Jónar,3,0,3
Jónard,3,0,3
Jonardo,3,0,3
Jonardus,3,0,3
Jonarie,0,3,3
Jonarys,0,3,3
Jónas,3,0,3
Jónás,3,0,3
Jonasch,3,0,3
Jonasja,0,3,3
Jonaska,0,3,3
Jonataan,3,0,3
Jonâtan,3,0,3
Jonatanamaal,3,0,3
Jonath,0,3,3
Jonatha,3,0,3
Jònathan,3,0,3
Jonathan-Cees,3,0,3
Jonathan-Dane,3,0,3
Jonathan-David,3,0,3
Jonathan-Johannes,3,0,3
Jonathan-Lesley,3,0,3
Jonathan-Pierre,3,0,3
Jonathan-Pieter,3,0,3
Jonathan-Zacharia,3,0,3
Jonathan-Zion,3,0,3
Jonathana,0,3,3
Jonathane,0,3,3
Jonathar,3,0,3
Jonathe,0,3,3
Jonathie,3,0,3
Jonathin,0,3,3
Jonathy,0,3,3
Jonathyan,3,0,3
Jonatijn,3,0,3
Jonato,3,0,3
Jonattan,3,0,3
Jonatus,3,0,3
Jonav,3,0,3
Jonaviyen,0,3,3
Jonavón,3,0,3
Jonayah,0,3,3
Jonayro,3,0,3
Jonboy,3,0,3
Jonce,0,3,3
Joncquil,3,0,3
Joncy,3,0,3
Jondi,3,0,3
Jondy,3,0,3
Jone-Mae,0,3,3
Jonean,3,0,3
Jónecie,0,3,3
Joneed,3,0,3
Joneer,0,3,3
Joneidy,3,0,3
Jonél,0,3,3
Joneldien,0,3,3
Jonelfa,0,3,3
Jonelia,0,3,3
JoNell,0,3,3
Jonéll,0,3,3
Jonellis,3,0,3
Jonensa,0,3,3
Jonera,0,3,3
Jonergio,3,0,3
Jonersey,3,0,3
Jonès,3,0,3
Jonesa,0,3,3
Joness,0,3,3
Jonessa,0,3,3
Jónesto,3,0,3
Jonethin,3,0,3
Jonetty,0,3,3
Jonevan,3,0,3
Jonevar,3,0,3
Joney-Lee,0,3,3
Jong-ju,3,0,3
Jonger,3,0,3
Jongers,3,0,3
Jongker,3,0,3
Jongkers,3,0,3
Jongkie,3,0,3
Jongkor,3,0,3
Jongoh,3,0,3
Jonha,3,0,3
Jonhan,3,0,3
Jonhatan,3,0,3
Jonhetan,3,0,3
Joní,0,3,3
Joni-Dorian,3,0,3
Joni-Jane,0,3,3
Joni-June,0,3,3
Joni-Marlene,0,3,3
Joniala,0,3,3
Joniana,0,3,3
Jonicke,0,3,3
Jonicle,0,3,3
Jonid,0,3,3
Jonieka,0,3,3
Joniell,3,0,3
Jonieske,0,3,3
Jonieyo,3,0,3
Jonigel,3,0,3
Jonihson,3,0,3
Jonil,3,0,3
Jonilio,3,0,3
Jonille,3,0,3
Jonilson,3,0,3
Jonim,3,0,3
Jónina,0,3,3
Joninah,0,3,3
Joningho,3,0,3
Joniniô,3,0,3
Joniñio,3,0,3
Joninko,3,0,3
Jonino,3,0,3
Joninsa,0,3,3
Jonior,3,0,3
Jonise,0,3,3
Jonishma,0,3,3
Jonisse,0,3,3
Jonita-Audrey,0,3,3
Jonith,0,3,3
Jonius,3,0,3
Jonivan,3,0,3
Jonivo,3,0,3
Jonja,0,3,3
Jonjon,0,3,3
Jonk,0,3,3
Jonka,3,0,3
Jonkey,3,0,3
Jonkhé,3,0,3
Jonkje,3,0,3
Jonkka,3,0,3
Jonkor,3,0,3
Jonkvrouwe,0,3,3
Jonky,3,0,3
Jonmar,3,0,3
Jonnã,0,3,3
Jonnart,3,0,3
Jonnason,3,0,3
Jonné,3,0,3
Jonne-Mare,0,3,3
Jonne-Marie,0,3,3
Jonne-mei,0,3,3
Jonnell,3,0,3
Jonnemei,0,3,3
Jonnemijn,0,3,3
Jonnès,3,0,3
Jonnet,0,3,3
Jonnieck,0,3,3
Jonnik,3,0,3
Jonnis,3,0,3
Jonnita,0,3,3
Jonnoa,0,3,3
Jonnus,3,0,3
Jonny-Dean,3,0,3
Jónó,3,0,3
Jonoh,3,0,3
Jonora,0,3,3
Jonorah,0,3,3
Jonos,3,0,3
Jonothan,3,0,3
Jonovio,3,0,3
Jonpaul,3,0,3
Jonquill,0,3,3
Jonruke,0,3,3
Jõns,3,0,3
Jonse,3,0,3
Jonsen,3,0,3
Jonsson,3,0,3
Jonst,3,0,3
Jonstel,0,3,3
Jonta,0,3,3
Jonteia,0,3,3
Jonten,3,0,3
Jontho,3,0,3
Jontie,3,0,3
Jontine,0,3,3
Jonto,3,0,3
Jonts,0,3,3
Jontsy,0,3,3
Jontys,3,0,3
Jonuella,0,3,3
Jonuma,0,3,3
Jonus,3,0,3
Jonut,3,0,3
Jonuz,3,0,3
Jonvensley,3,0,3
Jonveriando,3,0,3
Jônwena,0,3,3
Jony-Fay,0,3,3
Jonyel,3,0,3
Joob,3,0,3
Joochanan,3,0,3
Joocie,3,0,3
Joogie,3,0,3
Joohna,3,0,3
Joolc,0,3,3
Joom,3,0,3
Joomony,0,3,3
Joon-Jelle,3,0,3
Joonatan,3,0,3
Joonathan,3,0,3
Jooni,3,0,3
Joons,3,0,3
Joop-Joost,3,0,3
Joop-Pierre,3,0,3
Joopi,3,0,3
Joopszoon,3,0,3
Joopy,0,3,3
Jooren,3,0,3
Joori,3,0,3
Joorna,0,3,3
Joosefien,0,3,3
Joosephine,0,3,3
Joosey,0,3,3
Joosfien,0,3,3
Jooshua,3,0,3
Joosiena,0,3,3
Joosina,0,3,3
Joosje-Lenie,0,3,3
Joosk,3,0,3
Joosmina,0,3,3
Joossiena,0,3,3
Joost-Christiaan,3,0,3
Joost-Hein,3,0,3
Joost-Henk,3,0,3
Joost-Jaap,3,0,3
Joost-Jelmer,3,0,3
Joost-Joris,3,0,3
Joost-Julian,3,0,3
Joost-Martijn,3,0,3
Joost-Maurits,3,0,3
Joost-Michiel,3,0,3
Joost-Peter,3,0,3
Joost-Pieter,3,0,3
Joost-Thijs,3,0,3
Joost-Tymen,3,0,3
Joost.,3,0,3
Joostijn,3,0,3
Joostsdóttir,0,3,3
Joostzina,0,3,3
Joostzoon,3,0,3
Joosu,3,0,3
Joosy,0,3,3
Jooszina,0,3,3
Joot,3,0,3
Joothperkaas,3,0,3
Joovaï,0,3,3
Jóp,3,0,3
Jop-Hans,3,0,3
Jop-Jan,3,0,3
Jop-Jannes,3,0,3
Jop-Olivier,3,0,3
Jopelle,3,0,3
Jophan,3,0,3
Jopharo,3,0,3
Jophiano,3,0,3
Jophiene,0,3,3
Jophienne,0,3,3
Jophine,0,3,3
Jophra,3,0,3
Jophus,3,0,3
Jophy,0,3,3
Jopiter,3,0,3
Jopjanneke,0,3,3
Jopje-Timme,0,3,3
Jopk,3,0,3
Jöpke,0,3,3
Jopkina,0,3,3
Jopko,3,0,3
Jopolo,3,0,3
Joppe-Hans,3,0,3
Joppe-Jan,3,0,3
Joppien,0,3,3
Joppo,3,0,3
Joppy,0,3,3
Joqchem,3,0,3
Joque,0,3,3
Joques,3,0,3
Joraam,3,0,3
Jorabar,3,0,3
Jorad,3,0,3
Jorady,0,3,3
Joraï,3,0,3
Joraii,3,0,3
Joraijno,3,0,3
Joraily,0,3,3
Joraim,3,0,3
Joraima,0,3,3
Jorain,0,3,3
Joraina,0,3,3
Jorainey,0,3,3
Joraison,3,0,3
Joraja,0,3,3
Joral,3,0,3
Joraldien,0,3,3
Joraldo,3,0,3
Joralf,3,0,3
Joralie,0,3,3
Joralien,0,3,3
Joraline,0,3,3
Jorán,3,0,3
Joran-Dominique,3,0,3
Joranali,0,3,3
Jorando,3,0,3
Jorandy,3,0,3
Jorane,0,3,3
Jorangely,0,3,3
Joránio,3,0,3
Joranley,3,0,3
Joranni,3,0,3
Jorano,3,0,3
Joranos,3,0,3
Jöransson,3,0,3
Jorantly,3,0,3
Jorany,3,0,3
Jorard,3,0,3
Jorate,0,3,3
Joravar,3,0,3
Joravine,0,3,3
Jorayda,0,3,3
Joraylio,3,0,3
Joraylo,3,0,3
Joraynia,0,3,3
Joraynno,3,0,3
Joraysa,0,3,3
Jorbin,3,0,3
Jorcelene,0,3,3
Jorcelina,0,3,3
Jorceline,0,3,3
Jorch,3,0,3
Jorcha,3,0,3
Jorchime,3,0,3
Jorchina,0,3,3
Jorcylene,0,3,3
Jordae,0,3,3
Jordaenya,0,3,3
Jordahl,3,0,3
Jordaine,3,0,3
Jordainn,3,0,3
Jordaline,0,3,3
Jordán,3,0,3
Jordän,3,0,3
Jordan-Alphonsus,3,0,3
Jordan-Armelle,0,3,3
Jordan-Delphine,0,3,3
Jordan-Faith,0,3,3
Jordan-Janell,3,0,3
Jordan-Jill,0,3,3
Jordan-Lee,0,3,3
Jordan-Lence,0,3,3
Jordan-Lynn,0,3,3
Jordan-Mae,0,3,3
Jordan-Nash,3,0,3
Jordan-Nevada,0,3,3
Jordan-Ray,3,0,3
Jordanai,3,0,3
Jordanair,3,0,3
Jordancey,0,3,3
Jordanes,3,0,3
Jordanië,3,0,3
Jordanies,3,0,3
Jordann-Leroy,3,0,3
Jordanna,0,3,3
Jordanno,3,0,3
Jordaô,3,0,3
Jordăo,3,0,3
Jordaoh,3,0,3
Jordau,3,0,3
Jordayn,3,0,3
Jordayn-Joy,0,3,3
Jordd-Jan,3,0,3
Jordell,3,0,3
Jordeney,0,3,3
Jordengelo,3,0,3
Jordens,3,0,3
Jordenys,3,0,3
Jorderick,3,0,3
Jordery,3,0,3
Jordey-Kyrillos,3,0,3
Jordhan,3,0,3
Jordhi,3,0,3
Jordi-Collin,3,0,3
Jordi-Paco,3,0,3
Jordi-Pierre,3,0,3
Jordiaan,3,0,3
Jordiana,0,3,3
Jordiano,3,0,3
Jordiany,0,3,3
Jordicus,3,0,3
Jordienne,0,3,3
Jordín,3,0,3
Jordinhio,3,0,3
Jordini,3,0,3
Jordinjo,3,0,3
Jordinne,0,3,3
Jordiño,3,0,3
Jordio,3,0,3
Jördis,0,3,3
Jordjinio,3,0,3
Jordjino,3,0,3
Jordley,3,0,3
Jordrick,3,0,3
Jordu,3,0,3
Jordus,3,0,3
Jordy-Alco,3,0,3
Jordy-Boy,3,0,3
Jordy-Branco,3,0,3
Jordy-Brian,3,0,3
Jordy-Henry,3,0,3
Jordy-Joëlle,3,0,3
Jordy-Jurriën,3,0,3
Jordy-Marlon,3,0,3
Jordy-Pascal,3,0,3
Jordynio,3,0,3
Jordyno,3,0,3
Jordyo,3,0,3
Jordyon,3,0,3
Jordysh,3,0,3
Jordyson,3,0,3
Jorean,3,0,3
Joreanne,0,3,3
Joreck,3,0,3
Joree,3,0,3
Joreé,3,0,3
Joreesha,0,3,3
Joreija,0,3,3
Joreilly,3,0,3
Joreily,3,0,3
Joreina,0,3,3
Joreine,0,3,3
Joreinne,0,3,3
Joreintje,0,3,3
Joreisia,0,3,3
Jorél,3,0,3
Jörel,3,0,3
Jorelia,0,3,3
Jorelien,0,3,3
Jorelio,3,0,3
Jórell,3,0,3
Jörell,3,0,3
Jorella,0,3,3
Jorelsa,0,3,3
Jörelsa,0,3,3
Jorelus,3,0,3
Joremias,3,0,3
Jorémy,3,0,3
Jorén,3,0,3
Joren-Lee,3,0,3
Joréna,0,3,3
Jorenchio,3,0,3
Jorency,3,0,3
Jorend,3,0,3
Jorendy,3,0,3
Jorène,0,3,3
Jorenho,3,0,3
Jorénie,0,3,3
Jorenko,3,0,3
Joréno,3,0,3
Jôreno,3,0,3
Jorèns,3,0,3
Jorenska,0,3,3
Jorenso,3,0,3
Jorente,0,3,3
Jorenth,3,0,3
Jorentius,3,0,3
Jorentz,3,0,3
Jorés,3,0,3
Joresha,0,3,3
Joresse,0,3,3
Joreth,0,3,3
Joretha,0,3,3
Joreynel,3,0,3
Jorfeni,0,3,3
Jorfiane,0,3,3
Jorfiano,3,0,3
Jorfinio,3,0,3
Jőrg,3,0,3
Jorg-Arjen,3,0,3
Jorg-Dylan,3,0,3
Jorg-Jan,3,0,3
Jorg-Johan,3,0,3
Jorg-Willem,3,0,3
Jorgaef,3,0,3
Jorgan,3,0,3
Jorgas,3,0,3
Jorgë,3,0,3
Jorge-Junior,3,0,3
Jorgeandro,3,0,3
Jorgegina,0,3,3
Jorgeli,0,3,3
Jorgelina,0,3,3
Jorgely,0,3,3
Jörgen-Olaf,3,0,3
Jorgena,0,3,3
Jorgenne,3,0,3
Jorgens,3,0,3
Jörgens,3,0,3
Jorgensz,3,0,3
Jorger,3,0,3
Jorgh,3,0,3
Jorghiña,0,3,3
Jorghiño,3,0,3
Jorgihnio,3,0,3
Jorgiña,0,3,3
Jörgina,0,3,3
Jörgine,0,3,3
Jorgineo,3,0,3
Jorginho-Roy,3,0,3
Jorginia,0,3,3
Jorginiho,3,0,3
Jorginjo,3,0,3
Jorgiño,3,0,3
Jórgios,3,0,3
Jorgis,3,0,3
Jorgito,3,0,3
Jorgjia,0,3,3
Jörgo,3,0,3
Jorgon,3,0,3
Jorhana,0,3,3
Jorheno,3,0,3
Jorhino,3,0,3
Jorhius,3,0,3
Jóri,3,0,3
Jori-Martijn,3,0,3
Joriaen,3,0,3
Joriake,3,0,3
Jôrian,3,0,3
Joriana,0,3,3
Joriano,3,0,3
Jorice,3,0,3
Joricho,3,0,3
Jorickmar,3,0,3
Jorico,3,0,3
Jorida,0,3,3
Joridan,3,0,3
Joridiano,3,0,3
Joriejet,0,3,3
Jorieke-Corwien,0,3,3
Jorieko,3,0,3
Jorieno,3,0,3
Jorientje,0,3,3
Jorijkje,0,3,3
Jorijnus,3,0,3
Jorikes,3,0,3
Jorilee,0,3,3
Jorilet,0,3,3
Jörill,0,3,3
Jorillio,3,0,3
Jorim-André,3,0,3
Jorima,0,3,3
Jorinca,0,3,3
Jorind,3,0,3
Jorindel,0,3,3
Jörine,0,3,3
Jórine,0,3,3
Jorineke,0,3,3
Joringel,3,0,3
Joringka,0,3,3
Joriño,3,0,3
Jorinsca,0,3,3
Jorinske,0,3,3
Jorinsley,3,0,3
Joriny,0,3,3
Jório,3,0,3
Jorion,3,0,3
Joris-Anton,3,0,3
Joris-Bastiaan,3,0,3
Joris-Friso,3,0,3
Joris-Jasper,3,0,3
Joris-Jochem,3,0,3
Joris-Joos,3,0,3
Joris-Joost,3,0,3
Joris-Jop,3,0,3
Joris-Kees,3,0,3
Joris-Martijn,3,0,3
Joris-Paul,3,0,3
Joris-Wouter,3,0,3
Jorisca,0,3,3
Jorisdochter,0,3,3
Jorisha,0,3,3
Jorista,0,3,3
Jorisz,3,0,3
Joriszoon,3,0,3
Jorit-Jan,3,0,3
Joritha,0,3,3
Joritta,0,3,3
Joritz,3,0,3
Joriya,0,3,3
Joriz,3,0,3
Jörja,0,3,3
Jorjah,0,3,3
Jorjaydah,0,3,3
Jorje,3,0,3
Jorjen,3,0,3
Jorjia,0,3,3
Jorjo,3,0,3
Jörk,3,0,3
Jorkes,3,0,3
Jorkey,3,0,3
Jorkje,0,3,3
Jorkol,3,0,3
Jorlai,0,3,3
Jorlán,0,3,3
Jorlang,3,0,3
Jorld,3,0,3
Jorle,3,0,3
Jorléén,0,3,3
Jorlendel,3,0,3
Jorlie,0,3,3
Jorlien,0,3,3
Jorlijn,0,3,3
Jorlijne,0,3,3
Jorlin,3,0,3
Jorly,3,0,3
Jörma,3,0,3
Jormaine,3,0,3
Jormaino,3,0,3
Jormainy,3,0,3
Jormani,3,0,3
Jormany,3,0,3
Jormay,3,0,3
Jormayah,0,3,3
Jormeen,3,0,3
Jormeidy,0,3,3
Jormen,3,0,3
Jormias,3,0,3
Jormigña,0,3,3
Jorn-David,3,0,3
Jorn-Dimitri,3,0,3
Jorn-Gauke,3,0,3
Jorn-Jaap,3,0,3
Jorn-Jacob,3,0,3
Jorn-Jan,3,0,3
Jorn-Jasper,3,0,3
Jorn-Jorrit,3,0,3
Jorn-Leon,3,0,3
Jörn-Olav,3,0,3
Jörn-Peter,3,0,3
Jorn-Pieter,3,0,3
Jornack,3,0,3
Jornal,3,0,3
Jornan,3,0,3
Jörnan,3,0,3
Jornande,0,3,3
Jornann,3,0,3
Jornarda,0,3,3
Jornardo,3,0,3
Jornas,3,0,3
Jornathan,3,0,3
Jornd,3,0,3
Jornel,3,0,3
Jornelis,3,0,3
Jornelius,3,0,3
Jornen,3,0,3
Jorner,3,0,3
Jornert,3,0,3
Jornesto,3,0,3
Jornic,3,0,3
Jorniek,3,0,3
Jornit,3,0,3
Jornmax,3,0,3
Jorno-Willem,3,0,3
Jornt-Jan,3,0,3
Jörny,3,0,3
Jorobodi,3,0,3
Jorobodie,3,0,3
Joroes,0,3,3
Jorome,3,0,3
Joromiël,3,0,3
Joromy,3,0,3
Joromy'Ann,0,3,3
Jorona,0,3,3
Jorony,3,0,3
Jorothy,3,0,3
Joroty,0,3,3
Jörq,3,0,3
Jörquen,3,0,3
Jörquin,3,0,3
Jorra,0,3,3
Jorrah,3,0,3
Jorram,3,0,3
Jorrèl,3,0,3
Jorrelle,0,3,3
Jorrely,3,0,3
Jorreson,3,0,3
Jorresse,0,3,3
Jorrgen,3,0,3
Jorrica,0,3,3
Jorrieke,0,3,3
Jorriën,3,0,3
Jorriena,0,3,3
Jorriene,0,3,3
Jorriet,3,0,3
Jorrig,3,0,3
Jorrinio,3,0,3
Jorrins,3,0,3
Jorris-Matthijs,3,0,3
Jorriska,0,3,3
Jorrit-Hylke,3,0,3
Jorrit-Jaap,3,0,3
Jorrit-Jeen,3,0,3
Jorrit-Jelle,3,0,3
Jorrit-Leonard,3,0,3
Jorrit-Paul,3,0,3
Jorrit-Pepijn,3,0,3
Jorrit-Pier,3,0,3
Jorrit-Wim,3,0,3
Jorritt,3,0,3
Jorritte,0,3,3
Jorrittha,0,3,3
Jorrn,3,0,3
Jorron,3,0,3
Jorrunn,0,3,3
Jorrus,3,0,3
Jorryke,0,3,3
Jorryt-Ids,3,0,3
Jorryt-Jan,3,0,3
Jorrytsje,0,3,3
Jorselie,0,3,3
Jorseline,0,3,3
Jorselly,0,3,3
Jorsien,0,3,3
Jorsím,3,0,3
Jorsinda,0,3,3
Jorson,3,0,3
Jorssen,3,0,3
Jorsy,3,0,3
Jort-Jente,3,0,3
Jort-Jesse,3,0,3
Jort-Julian,3,0,3
Jort-Peter,3,0,3
Jortelle,0,3,3
Jorten,3,0,3
Jorthano,3,0,3
Jorthe,3,0,3
Jortia,0,3,3
Jortine,0,3,3
Jortjan,3,0,3
Jorudo,3,0,3
Jorule,3,0,3
Jorund,0,3,3
Jorunia,0,3,3
Jorunn-Martijn,3,0,3
Joruw,3,0,3
Jörvain,3,0,3
Jorvi,3,0,3
Jorvid,3,0,3
Jorviënka,0,3,3
Jorviênne,0,3,3
Jorvimaar,3,0,3
Jorvimar,3,0,3
Jorvimara,0,3,3
Jorving,3,0,3
Jorvynio,3,0,3
Jorwarnerson,3,0,3
Jorwensly,3,0,3
Jorwim,3,0,3
Joryam,3,0,3
Joryano,3,0,3
Joryel,0,3,3
Joryen-exio,3,0,3
Joryl,0,3,3
Jorylyn,0,3,3
Joryna,0,3,3
Jorynne,0,3,3
Jorynthe,0,3,3
Joryo,3,0,3
Jorysa,0,3,3
Joryt,3,0,3
Jorzinho,3,0,3
Jorzolino,3,0,3
Jorzôlino,3,0,3
Jòs,0,3,3
Jos-Albert,3,0,3
Jos-Bartje,3,0,3
Jos-Eline,0,3,3
Jos-hua,3,0,3
Jos-Jan,3,0,3
Jos-Jorrit,3,0,3
Jos-Leendert,3,0,3
Jos-Marien,0,3,3
Jos-Peter,3,0,3
Jos-Stefan,3,0,3
Josab,3,0,3
Josabina,0,3,3
Josacar,3,0,3
Josaël,3,0,3
Josael,0,3,3
Josafien,0,3,3
Josafine,0,3,3
Josah,3,0,3
Josahvinah,0,3,3
Josai,3,0,3
Josaiha,3,0,3
Josaily,0,3,3
Josain,3,0,3
Josainti,0,3,3
Josaja,3,0,3
Josaleigh,0,3,3
Josalienne,0,3,3
Josalijn,0,3,3
Josalijne,0,3,3
Josalinda,0,3,3
Josalo,0,3,3
Josaly,0,3,3
Josalyne,0,3,3
Josam,3,0,3
Josamina,0,3,3
Josàn,0,3,3
Josanca,0,3,3
Josandres,3,0,3
Josanly,3,0,3
Josanni,0,3,3
Josannus,3,0,3
Josanny,0,3,3
Josanth,3,0,3
Josanto,3,0,3
Josany,0,3,3
Josanya,0,3,3
Josanye,3,0,3
Josaph,3,0,3
Josaphatha,0,3,3
Josara,0,3,3
Josare,0,3,3
Josari,3,0,3
Josaria,0,3,3
Josarie,3,0,3
Josau,0,3,3
Josavia,0,3,3
Josavja,3,0,3
Josay,3,0,3
Josayah,3,0,3
Josbell,3,0,3
Josbeto,3,0,3
Joscar,3,0,3
Josce,0,3,3
Joscelia,3,0,3
Joscelinn,0,3,3
Joscelynn,0,3,3
Josceus,3,0,3
Joschintha,0,3,3
Joschkajet,0,3,3
Joschko,3,0,3
Joschy,3,0,3
Joscica,0,3,3
Joscilynn,0,3,3
Joscintha,0,3,3
Joscio,3,0,3
Josē,3,0,3
Jóse,3,0,3
Josė,3,0,3
Jôsé,0,3,3
Jose'phina,0,3,3
José-Angel,3,0,3
José-Anna,0,3,3
Jose-Anne,0,3,3
José-Carlos,3,0,3
José-Coletta,0,3,3
Jose-Enrique,3,0,3
Josè-fien,0,3,3
Jose-Gregerio,3,0,3
José-Hernandez,3,0,3
José-Ismaïl,3,0,3
Jose-Louis,3,0,3
Josè-Luis,3,0,3
José-Luiz,3,0,3
Jose-Maria,3,0,3
Jose-Miguel,3,0,3
José-Miguel,3,0,3
José-Ramón,3,0,3
José-Ramon,3,0,3
José-Roberto,3,0,3
José-Sabien,0,3,3
Joséan,0,3,3
Josean,3,0,3
Joséanildo,3,0,3
Joseaz,3,0,3
Joseb,3,0,3
Josebaalay,3,0,3
Josébah,0,3,3
Josébet,0,3,3
Joseca,0,3,3
Josedavid,3,0,3
Josedhus,3,0,3
Josedina,0,3,3
Josêe,0,3,3
Josée-Ellen,0,3,3
Josée-Louise,0,3,3
Josée-Mignonne,0,3,3
Joseefair,0,3,3
Joseeph,0,3,3
Jósef,3,0,3
Josef-François,3,0,3
Jösefa,0,3,3
Josèfa,0,3,3
Josefalda,0,3,3
Joséfan,3,0,3
Josefana,0,3,3
Josefany,0,3,3
Josefenna,0,3,3
Josefenne,0,3,3
Josefenus,3,0,3
Josefeta,0,3,3
Josèff,3,0,3
Josefh,3,0,3
Josefhine,0,3,3
Josefhis,3,0,3
Josefi,0,3,3
Joséfie,0,3,3
Josefieke,0,3,3
Josefien-Amie,0,3,3
Josefien-Petronella,0,3,3
Joséfiena,3,0,3
Josefiina,0,3,3
Josefillio,3,0,3
Jósefina,0,3,3
Josefina-Hendrika,0,3,3
Josefineke,0,3,3
Josefiny,0,3,3
Josefio,3,0,3
Josefitha,0,3,3
Josefphus,3,0,3
Joseft,3,0,3
Josefüs,3,0,3
Josefynn,0,3,3
Josehpes,3,0,3
Josehpina,0,3,3
Josehpus,3,0,3
Joseida,0,3,3
Josek,3,0,3
Joselaine,0,3,3
Josele,3,0,3
Joselené,0,3,3
Josélien,0,3,3
Joselies,0,3,3
Joselinde,0,3,3
Josélinha,0,3,3
Joselinn,0,3,3
Joseliza,0,3,3
Josello,3,0,3
Josels,0,3,3
Joseluís,3,0,3
Jósely,0,3,3
Josely,0,3,3
Josély,0,3,3
Josélynn,0,3,3
Josem,3,0,3
Josemar,3,0,3
Josemara,0,3,3
Josemaría,3,0,3
Josemba,0,3,3
Josemeily,0,3,3
Josemeu,3,0,3
Josemien,0,3,3
Josemijne,0,3,3
Josén,3,0,3
Josena,0,3,3
Josendrick,3,0,3
Josenie,0,3,3
Josenino,3,0,3
Josenne,0,3,3
Josenta,0,3,3
Joseo,0,3,3
Josèp,3,0,3
Josepa,0,3,3
Josepath,3,0,3
Josepes,0,3,3
Josepfien,0,3,3
Josepfiena,0,3,3
Josëph,3,0,3
Jósèph,3,0,3
Joseph-André,3,0,3
Joseph-Daniël,3,0,3
Joseph-Gerardus,3,0,3
Joseph-Hubert,3,0,3
Joseph-Jurelio,3,0,3
Joseph-Lennard,3,0,3
Joseph-Pierre,3,0,3
Josephane,0,3,3
Josephanie,0,3,3
Josephas,3,0,3
Josephé,0,3,3
Josephea,0,3,3
Josephen,3,0,3
Josephen-Xaver,3,0,3
Josépheo,3,0,3
Josepher,3,0,3
Josephiana,0,3,3
Joséphie,0,3,3
Joséphien,0,3,3
Josephila,0,3,3
Josephilde,0,3,3
Josephildo,0,3,3
Josephilia,0,3,3
Josephina-Helena,0,3,3
Josephine-Antoinette,0,3,3
Josephine-Bernadette,0,3,3
Josephine-Charlotte,0,3,3
Joséphine-Charlotte,0,3,3
Josephine-Marie,0,3,3
Josephine-Sylvana,0,3,3
Josephini,0,3,3
Josephitha,0,3,3
Josephke,0,3,3
Josephtea,0,3,3
Josephto,0,3,3
Josephüs,3,0,3
Josephus-Ben,3,0,3
Josephus-Louis,3,0,3
Josephus.,3,0,3
Josephy,0,3,3
Josephyna,0,3,3
Josephzn,3,0,3
Josepi,3,0,3
Josepoes,3,0,3
Josepp,3,0,3
Joseppa,0,3,3
Josepphus,3,0,3
Josequa,3,0,3
Josera,0,3,3
Joserian,3,0,3
Joserien,0,3,3
Joserina,0,3,3
Joserio,3,0,3
Josery,3,0,3
Joses,3,0,3
Josesito,3,0,3
Josesius,3,0,3
Josetha,3,0,3
Josethe,0,3,3
Joseto,3,0,3
Josett,0,3,3
Josette-Marie,0,3,3
Josettha,0,3,3
Joseu,3,0,3
Joséus,3,0,3
Josevan,3,0,3
Josevia,0,3,3
Joseviën,3,0,3
Josevien,0,3,3
Josévina,0,3,3
Josevus,3,0,3
Josevy,0,3,3
Josewien,0,3,3
Josewienus,3,0,3
Josewine,0,3,3
Josez,0,3,3
Josfine,0,3,3
Josfry,3,0,3
Josh-lee,3,0,3
Josh-Maddox,3,0,3
Josh-mae,0,3,3
Joshà,3,0,3
Josha-Jay,3,0,3
Joshae,3,0,3
Joshaifa,0,3,3
Joshaindrey,3,0,3
Joshainel,3,0,3
Joshainy,0,3,3
Joshaira,0,3,3
Joshairo,3,0,3
Joshandrie,3,0,3
Joshane,3,0,3
Joshannah,0,3,3
Joshanne,0,3,3
Joshanny,0,3,3
Joshano,3,0,3
Joshanthely,0,3,3
Joshanty,3,0,3
Josharissa,0,3,3
Joshavian,3,0,3
Joshayah,3,0,3
Joshayo,3,0,3
Joshayro,3,0,3
Josheany,0,3,3
Joshebed,0,3,3
Joshefa,0,3,3
Josheline,0,3,3
Joshelino,3,0,3
Joshelle,0,3,3
Joshena,0,3,3
Joshendley,0,3,3
Joshendli,3,0,3
Joshendy,3,0,3
Joshenne,0,3,3
Joshephina,0,3,3
Joshepina,0,3,3
Josheppe,3,0,3
Josherick,3,0,3
Joshéry,0,3,3
Jôshi,3,0,3
Joshi-Jai,3,0,3
Joshian,0,3,3
Joshie,0,3,3
Joshifina,0,3,3
Joshika,0,3,3
Joshima,0,3,3
Joshimar,3,0,3
Joshimo,3,0,3
Joshin,3,0,3
Joshinca,0,3,3
Joshinta,0,3,3
Joshiro,3,0,3
Joshivan,3,0,3
Joshiwa,3,0,3
Joshiya,3,0,3
Joshjan,3,0,3
Joshkuw,3,0,3
Joshma,3,0,3
Joshmaline,0,3,3
Joshna,3,0,3
Josho,0,3,3
Joshrim,3,0,3
Joshry,3,0,3
Joshten,3,0,3
Joshton,3,0,3
Joshu,3,0,3
Jôshua,3,0,3
Jöshua,3,0,3
Joshùa,3,0,3
Joshua-Arda,3,0,3
Joshua-Ben,3,0,3
Joshua-Bentley,3,0,3
Joshua-Daniel,3,0,3
Joshua-Danjell,3,0,3
Joshua-Elijah,3,0,3
Joshua-Floyd,3,0,3
Joshua-Ian,3,0,3
Joshua-Israel,3,0,3
Joshua-Jay,3,0,3
Joshua-Jo,3,0,3
Joshua-Jozef,3,0,3
Joshua-King,3,0,3
Joshua-Lee,3,0,3
Joshua-Paul,3,0,3
Joshuae,3,0,3
Joshuah-Dean,3,0,3
Joshuaily,0,3,3
Joshuana,0,3,3
Joshuë,3,0,3
Joshuël,3,0,3
Joshuëll,3,0,3
Joshuella,0,3,3
Joshuelle,0,3,3
Joshuena,0,3,3
Joshuendly,3,0,3
Joshueph,3,0,3
Joshui,3,0,3
Joshum,3,0,3
Joshuwa,3,0,3
Joshuwell,3,0,3
Joshwill,3,0,3
Joshya,3,0,3
Joshybrien,3,0,3
Josi-Meire,0,3,3
Josiä,3,0,3
Josia-Ann,0,3,3
Josiack,3,0,3
Josïah,3,0,3
Josíah,3,0,3
Josiah-Jahniel,3,0,3
Josiah-Mahender,3,0,3
Jósiane,0,3,3
Josiann,0,3,3
Josiäs,3,0,3
Josiba,3,0,3
Josica,0,3,3
Josidà,0,3,3
Jósie,0,3,3
Josié-ann,0,3,3
Josie-Lou,0,3,3
Josie-mae,0,3,3
Josiea,3,0,3
Josieka,0,3,3
Josiéla,0,3,3
Josiemar,3,0,3
Josiëna,0,3,3
Josienes,3,0,3
Josiënna,0,3,3
Josiephina,0,3,3
Josiette,0,3,3
Josifías,3,0,3
Josifja,0,3,3
Josike,0,3,3
Josil,3,0,3
Josilda,0,3,3
Josilein,0,3,3
Josilenio,3,0,3
Josilenny,0,3,3
Josilito,3,0,3
Josilmar,3,0,3
Josima,0,3,3
Josimus,3,0,3
Josina-Helena,0,3,3
Josina-Theodora,0,3,3
Josinah,0,3,3
Josinda,0,3,3
Josineide,0,3,3
Josini,3,0,3
Josinne,0,3,3
Josintha,0,3,3
Josiny,3,0,3
Josiphiah,3,0,3
Josiphine,0,3,3
Josivini,0,3,3
Josj,3,0,3
Josjan,3,0,3
Josjane,0,3,3
Josjanna,0,3,3
Josjanus,0,3,3
Josje-Milou,0,3,3
Josjha,3,0,3
Josji,0,3,3
Josjo,3,0,3
Joskä,3,0,3
Jôska,0,3,3
Jöska,3,0,3
Joskha,0,3,3
Joskhaira,0,3,3
Joskine,0,3,3
Joško,3,0,3
Josleny,0,3,3
Josliene,0,3,3
Josly,0,3,3
Josmalia,0,3,3
Josmarlijn,0,3,3
Josmeivy,3,0,3
Josmia,0,3,3
Josmie,0,3,3
Josmine,0,3,3
Josmy,3,0,3
Josna,0,3,3
Josnathan,3,0,3
Josney,3,0,3
Josni,3,0,3
Josnie,0,3,3
Joso,3,0,3
Jósofia,0,3,3
Josolito,3,0,3
Josono,3,0,3
Josophia,0,3,3
Josophie,0,3,3
Josopina,0,3,3
Josoua,3,0,3
Josovina,0,3,3
Jospehina,0,3,3
Jospehnine,0,3,3
Jospena,0,3,3
Josphiene,0,3,3
Josphin,0,3,3
Josphus,3,0,3
Jossah,0,3,3
Jossalyn,0,3,3
Jossanne,0,3,3
Jossary,0,3,3
Josscy,3,0,3
Jösse,3,0,3
Jossée,0,3,3
Josseke,0,3,3
Jossel,3,0,3
Jossele,3,0,3
Josselein,0,3,3
Josseliene,0,3,3
Josselientje,0,3,3
Jossélina,0,3,3
Jossep,3,0,3
Josseph,3,0,3
Josserina,0,3,3
Jóssia,3,0,3
Jossianne,0,3,3
Jossiene,0,3,3
Jossinda,0,3,3
Jossine,0,3,3
Jossintha,0,3,3
Jossisanne,0,3,3
Jossjeffa,3,0,3
Josslin,0,3,3
Josso,3,0,3
Jossof,3,0,3
Jossolino,3,0,3
Jossonie,0,3,3
Jossta,0,3,3
Jossua,3,0,3
Jossue,3,0,3
Jossueth,3,0,3
Jossver,3,0,3
Jösta,3,0,3
Joste,0,3,3
Josteliz,0,3,3
Jostiaan,3,0,3
Jostien,0,3,3
Jostientje,0,3,3
Jostino,3,0,3
Josto,3,0,3
Jostweena,0,3,3
Josty,3,0,3
Josuaina,0,3,3
Josuan,3,0,3
Jósue,3,0,3
Josuël,3,0,3
Josuely,0,3,3
Josuhua,3,0,3
Josuino,3,0,3
Josumijntje,0,3,3
Josuphina,0,3,3
Josuphus,0,3,3
Josura,0,3,3
Josuwe,3,0,3
Josuwea,3,0,3
Joswayne,3,0,3
Joswinda,0,3,3
Joswita,0,3,3
Josy-Anne,0,3,3
Josy-Marie,3,0,3
Josy-May,0,3,3
Jósyaen,3,0,3
Josyana,0,3,3
Josyell,3,0,3
Josyenne,0,3,3
Josyka,0,3,3
Josylvia,0,3,3
Josytta,0,3,3
Jósza,0,3,3
Joszèf,3,0,3
Joszefhus,3,0,3
Joszefine,0,3,3
Joszeph,3,0,3
Josziena,0,3,3
Joszika,3,0,3
Joszka,3,0,3
Jota,3,0,3
Jôtha,0,3,3
Jothams,0,3,3
Jothe,0,3,3
Jothella,0,3,3
Jothia,0,3,3
Jothie,0,3,3
Joti-Aarti,0,3,3
Jotica,0,3,3
Jotidevi,0,3,3
Jotiënne,3,0,3
Jotiesperkash,3,0,3
Jotiespersad,3,0,3
Jotikadebie,0,3,3
Jotikha,0,3,3
Jotineke,0,3,3
Jotis,3,0,3
Jotiskoemar,3,0,3
Jotisraadj,3,0,3
Jotr,3,0,3
Jotsa,3,0,3
Jotsena,0,3,3
Jottem,3,0,3
Jottie,0,3,3
Jotto,3,0,3
Jotty,3,0,3
Jotunn,3,0,3
Jotyka,0,3,3
Jotykarai,0,3,3
Jotysh,3,0,3
Joua,3,0,3
Jouan,3,0,3
Jouanca,3,0,3
Jouandi,0,3,3
Jouane,3,0,3
Jouanita,0,3,3
Jouanna,0,3,3
Jouanne-Charley,0,3,3
Jouare,3,0,3
Jouariya,0,3,3
Jouayrïa,0,3,3
Jouayriya,0,3,3
Joub,3,0,3
Jouba,0,3,3
Joubayr,3,0,3
Joube,3,0,3
Joubir,3,0,3
Joubrane,3,0,3
Joubyr,3,0,3
Joucka,0,3,3
Jouckje,0,3,3
Joucko,3,0,3
Joudat,3,0,3
Joudeal,3,0,3
Joudi,0,3,3
Joûdonnee,3,0,3
Joue,3,0,3
Jouëll,3,0,3
Joüelle,0,3,3
Jouellies,0,3,3
Jouen,0,3,3
Jouene,0,3,3
Joueria,0,3,3
Jouëzha,0,3,3
Jouffrey,3,0,3
Jougine,0,3,3
Jougo,3,0,3
Jouhairia,0,3,3
Jouhan,3,0,3
Jouhana,0,3,3
Jouhaybert,3,0,3
Jouhayman,3,0,3
Jouhayria,0,3,3
Jouhira,0,3,3
Jouhri,3,0,3
Joui,3,0,3
Jouiriya,0,3,3
Jouis,3,0,3
Jouïsom,3,0,3
Jouka,0,3,3
Jouke-Anne,3,0,3
Jouke-Henk,3,0,3
Jouke-Jelle,3,0,3
Jouke-Jeroen,3,0,3
Jouke-Klaas,3,0,3
Joukelientje,0,3,3
Joukepieter,3,0,3
Joukie,0,3,3
Joukje-IJmkje,0,3,3
Joukje-Joëlle,0,3,3
Joul,3,0,3
Joula,0,3,3
Joulan,3,0,3
Jouland,3,0,3
Joulande,0,3,3
Joulandinio,3,0,3
Joulde,0,3,3
Joulenda,0,3,3
Joulette,0,3,3
Jouleys,0,3,3
Joulia,0,3,3
Jouline,0,3,3
Joull,3,0,3
Joulle,3,0,3
Jouls,0,3,3
Joulyan,3,0,3
Joulze,0,3,3
Joulze-Jolie,0,3,3
Joulzs,0,3,3
Joumaily,0,3,3
Jouman,0,3,3
Joumani,3,0,3
Joumayra,0,3,3
Joumen,0,3,3
Jouna,0,3,3
Jounaïd,3,0,3
Jounas,3,0,3
Joundab,3,0,3
Jounella,0,3,3
Jounelly,0,3,3
Joungky,3,0,3
Jounia,0,3,3
Jounice,0,3,3
Jounior,3,0,3
Jounne,3,0,3
Jounnes,3,0,3
Jouno,3,0,3
Jouosua,3,0,3
Jour'nae,0,3,3
Jourain,0,3,3
Jouraine,0,3,3
Jouraj,3,0,3
Jouran,3,0,3
Jouray-Dion,3,0,3
Jourdan-Lee,0,3,3
Jourdanno,3,0,3
Jourdi,3,0,3
Jourdian,3,0,3
Jourdiano,3,0,3
Jourean,3,0,3
Jouren,3,0,3
Jourence,3,0,3
Jouria,0,3,3
Jouric,3,0,3
Jouricus,3,0,3
Jouriëllis,0,3,3
Jourina,0,3,3
Jourinda,0,3,3
Jourit,3,0,3
Jourites,3,0,3
Jourke,3,0,3
Jourlanda,0,3,3
Journ,3,0,3
Journaidy,3,0,3
Journalda,0,3,3
Journelly,0,3,3
Journiël,3,0,3
Joursenthly,3,0,3
Jourwensley,3,0,3
Jöüry,0,3,3
Jouryan,3,0,3
Jousé,3,0,3
Jouse-Lynn,0,3,3
Jousha,0,3,3
Joushua,3,0,3
Jousse,0,3,3
Jousseph,3,0,3
Joussouf,3,0,3
Jousy,0,3,3
Joutzen,0,3,3
Jouvan,3,0,3
Jouvé,0,3,3
Jouvenclhy,3,0,3
Jouwad,3,0,3
Jouwairiah,0,3,3
Jouwan,3,0,3
Jouwariyah,0,3,3
Jouwayria,0,3,3
Jouwayrya,0,3,3
Jouwer,0,3,3
Jouwerd,3,0,3
Jouwerke,0,3,3
Jouwertje,0,3,3
Jouwertsje,0,3,3
Jouweyriya,0,3,3
Jouwi,0,3,3
Jouwiria,0,3,3
Jouwktje,0,3,3
Jouyel,3,0,3
Jouzon,3,0,3
Jova,3,0,3
Jovaahn,3,0,3
Jovadi,0,3,3
Jovahn,3,0,3
Jovaihny,0,3,3
Jovaily,3,0,3
Jovainelley,0,3,3
Jovaini,3,0,3
Jovainna,0,3,3
Jovainnely,0,3,3
Jovainny,0,3,3
Jovairy,0,3,3
Jovaisly,0,3,3
Jòvan,3,0,3
Jóvan,3,0,3
Jovanče,3,0,3
Jovandry,3,0,3
Jovandy,3,0,3
Jovaney,3,0,3
Jovangely,0,3,3
Jovangoley,0,3,3
Jovania,0,3,3
Jovanildo,3,0,3
Jovanille,3,0,3
Jovanilson,3,0,3
Jovanjo,3,0,3
Jovanke,0,3,3
Jovánna,0,3,3
Jóvanni,0,3,3
Jovanoh,3,0,3
Jovanoti,3,0,3
Jovanotti,3,0,3
Jovanovich,3,0,3
Jovansley,3,0,3
Jovanyo,3,0,3
Jovanzo,3,0,3
Jovarinda,0,3,3
Jövaro,3,0,3
Jovaughn,3,0,3
Jovawn,3,0,3
Jovayro,3,0,3
Jove,3,0,3
Jovëan,3,0,3
Jovedis,3,0,3
Joveighnia,0,3,3
Joveinely,0,3,3
Jovelien,3,0,3
Jovelino,0,3,3
Jovelle,0,3,3
Jovelley,0,3,3
Jovello,3,0,3
Jovendell,3,0,3
Jovendric,3,0,3
Jovendro,3,0,3
Joveniën,3,0,3
Jovenno,3,0,3
Jovenska,0,3,3
Jovensleymar,3,0,3
Jovereen,3,0,3
Joverlo,3,0,3
Joveska,0,3,3
Joveyn,3,0,3
Jovi-Joël,3,0,3
Joviandy,3,0,3
Jovianelly,0,3,3
Jovianka,0,3,3
Jovianna,0,3,3
Joviansley,3,0,3
Jovianto,3,0,3
Joviarlyson,3,0,3
Joviča,0,3,3
Jovid,3,0,3
Joviëlla,0,3,3
Joviélle,0,3,3
Joviëlle,0,3,3
Joviën,3,0,3
Jovien,3,0,3
Jovienangely,0,3,3
Joviëndra,0,3,3
Joviene,3,0,3
Joviënna,0,3,3
Joviènne,0,3,3
Jovienne,0,3,3
Joviënsley,3,0,3
Joviëntley,3,0,3
Jovileno,3,0,3
Joviliano,3,0,3
Jovilio,3,0,3
Jovilius,3,0,3
Joville,3,0,3
Jovilyn,0,3,3
Jovin,3,0,3
Jovine,3,0,3
Jovinerius,3,0,3
Jovini,3,0,3
Jovinia,0,3,3
Joviñio,3,0,3
Jovitha,0,3,3
Jovon,3,0,3
Jovyana,0,3,3
Jovyde,0,3,3
Jovyn,0,3,3
Jovyni,3,0,3
Jow-Shaely,0,3,3
Jowa,3,0,3
Jowad,3,0,3
Jowah,3,0,3
Jowainna,0,3,3
Jowairia,0,3,3
Jowaïria,0,3,3
Jowairiyah,0,3,3
Jowal,3,0,3
Jowalt,3,0,3
Jowan-Pieter,3,0,3
Jowan-Tim,3,0,3
Jowani,3,0,3
Jowanijta,0,3,3
Jowanisha,0,3,3
Jowannah,0,3,3
Jowanneke,0,3,3
Jowano,3,0,3
Jowaria,0,3,3
Jowaro,3,0,3
Jowayra,0,3,3
Jowayriya,0,3,3
Jowchen,3,0,3
Jowe,0,3,3
Joweena,0,3,3
Jowéény,0,3,3
Joweilla,0,3,3
Jowél,3,0,3
Jowël,3,0,3
Jowel-Jony,3,0,3
Jowela,0,3,3
Jowellä,0,3,3
Jowély,0,3,3
Jowén,0,3,3
Jowėna,0,3,3
Jowenah,0,3,3
Jowencillo,3,0,3
Jowenda,0,3,3
Jowende,0,3,3
Jowendel,3,0,3
Jowendelis,0,3,3
Jowendly,3,0,3
Jowendrey,3,0,3
Jowendrick,3,0,3
Jowendrikson,3,0,3
Jowendro,3,0,3
Joweneley,0,3,3
Jowéney,0,3,3
Jowennah,0,3,3
Jowenné,0,3,3
Jowennha,0,3,3
Jowenny,3,0,3
Jowenpreet,3,0,3
Jowenschello,3,0,3
Jowenthley,3,0,3
Jowently,3,0,3
Joweny,3,0,3
Jowerd,3,0,3
Jowey,3,0,3
Jowhar,3,0,3
Jowhently,3,0,3
Jowhyta,0,3,3
Jowian,3,0,3
Jowielynne,0,3,3
Jowiend,3,0,3
Jówil,0,3,3
Jowill,0,3,3
Jowilona,0,3,3
Jowilti,3,0,3
Jowindi,0,3,3
Jowisha,0,3,3
Jowissa,0,3,3
Jowjaydien,3,0,3
Jowo,3,0,3
Jowrany,3,0,3
Jowsandy,3,0,3
Jowxian,0,3,3
Jowyday,3,0,3
Jowyn,0,3,3
Joxanley,0,3,3
Joxann,0,3,3
Joxx,3,0,3
Joxy,3,0,3
Joy'Amary,0,3,3
Joy'l,0,3,3
Joy'seemy,0,3,3
Joy-Ameris,0,3,3
Joy-Anne,0,3,3
Joy-C,0,3,3
Joy-Celène,0,3,3
Joy-Céline,0,3,3
Joy-Cherelle,0,3,3
Joy-Cherverny,0,3,3
Joy-Chou,3,0,3
Joy-Divine,0,3,3
Joy-Donnee,0,3,3
Joy-el,3,0,3
Joy-Elisabeth,0,3,3
Joy-Elizabeth,0,3,3
Joy-Ella,0,3,3
Joy-Ely,0,3,3
Joy-eux,0,3,3
Joy-Eve,0,3,3
Joy-Jermaine,3,0,3
Joy-Joëlle,0,3,3
Joy-José,0,3,3
Joy-Lana,0,3,3
Joy-Leane,0,3,3
Joy-Leanne,0,3,3
Joy-li,0,3,3
Joy-Lian,0,3,3
Joy-liann,0,3,3
Joy-lin,0,3,3
Joy-Lin,0,3,3
Joy-Lisa,0,3,3
Joy-Lise,0,3,3
Joy-Lois,0,3,3
Joy-Loïs,0,3,3
Joy-Louise,0,3,3
Joy-Lymah,0,3,3
Joy-marie,0,3,3
Joy-merence,0,3,3
Joy-Nae,0,3,3
Joy-Navhien-Rishi,3,0,3
Joy-Noah,3,0,3
Joy-Nouvell,3,0,3
Joy-Rell,3,0,3
Joy-Rianné,0,3,3
Joy-Riley,0,3,3
Joy-rôn,3,0,3
Joy-Savannah,0,3,3
Joy-Suè,0,3,3
Joy-Surajkumar,3,0,3
Joy-Wen,0,3,3
Joy-Willemina,0,3,3
Joy-Yeandra,0,3,3
Joy-Yuna,0,3,3
Joya-James,0,3,3
Joya-Jolynn,0,3,3
Joya-Lymá,0,3,3
Joya-Lynn,0,3,3
Joya-Mae,0,3,3
Joyakima,0,3,3
Joyal,0,3,3
Joyand,3,0,3
Joyani,0,3,3
Joyano,3,0,3
Joyant,3,0,3
Joyanterry,3,0,3
Joyanur,0,3,3
Joyarah,0,3,3
Joycalina,0,3,3
Joycaline,0,3,3
Jôyce,0,3,3
Joyce-anne,0,3,3
Joyce-Carolien,0,3,3
Joyce-Desiree,0,3,3
Joyce-Ellen,0,3,3
Joyce-Esmée,0,3,3
Joyce-Gracia,0,3,3
Joyce-Joanna,0,3,3
Joyce-Lou,0,3,3
Joyce-Louise,0,3,3
Joyce-Lyn,0,3,3
Joyce-lynn,0,3,3
Joyce-Manyi,0,3,3
Joyce-Marije,0,3,3
Joyce-Maureen,0,3,3
Joyce-Staley,0,3,3
Joyce-Veronique,0,3,3
Joyceanne,0,3,3
Joycee,0,3,3
Joycefina,0,3,3
Joycefine,0,3,3
Joycelaine,0,3,3
Joycelean,0,3,3
Joycelen,0,3,3
Joyceleyn,0,3,3
Joycelinn,0,3,3
Joycelinne,0,3,3
Joycelino,3,0,3
Joycelle,0,3,3
Joycèlynn,0,3,3
Joyces,0,3,3
Joyceshantenney,0,3,3
Joycestan,3,0,3
Joyche,0,3,3
Joycheriva,0,3,3
Joychinta,0,3,3
Joyci,0,3,3
Joycille,0,3,3
Joyco,0,3,3
Joyd,3,0,3
Joyda,0,3,3
Joydan,3,0,3
Joydan-Jessy,3,0,3
Joyden,3,0,3
Joydia,0,3,3
Joydie,3,0,3
Joydy,0,3,3
Joyeanne,0,3,3
Joyeeta,0,3,3
Joyel,0,3,3
Joyell,0,3,3
Joyén,0,3,3
Joyeria,0,3,3
Joyesley,0,3,3
Joyette,0,3,3
Joyfull,3,0,3
Joyfully-joe,0,3,3
Joygail,3,0,3
Joygill,3,0,3
Joyhen,0,3,3
Joyie,3,0,3
Joyik,3,0,3
Joyinder,3,0,3
Joyisa,0,3,3
Joyitha,0,3,3
Joyjada,0,3,3
Joyjano,3,0,3
Joyjen,0,3,3
Joylaine,0,3,3
Joylette,0,3,3
Joyley,0,3,3
Joylianio,3,0,3
Joylie,0,3,3
Joyliena,0,3,3
Joylinde,0,3,3
Joylique,0,3,3
Joylisha,0,3,3
Joyllvira,0,3,3
Joylyca,0,3,3
Joylyne,0,3,3
Joymaïro,3,0,3
Joymar,0,3,3
Joymiah,0,3,3
Joynal,3,0,3
Joyneal,0,3,3
Joynicia,0,3,3
Joynocenzio,3,0,3
Joypriet,3,0,3
Joyreau,3,0,3
Joyren,3,0,3
Joyrig,0,3,3
Joyrina,0,3,3
Joyron,3,0,3
Joyry,3,0,3
Joysa,0,3,3
Joysanne,0,3,3
Joyscilene,0,3,3
Joyseline,0,3,3
Joyselyn,0,3,3
Joysh,0,3,3
Joyshi,0,3,3
Joysianne,0,3,3
Joysien,0,3,3
Joyslin,0,3,3
Joysuee,0,3,3
Joysun,0,3,3
Joysyra,0,3,3
Joyvan,0,3,3
Joyvano,3,0,3
Joyvita,0,3,3
Joywella,0,3,3
Joywelle,0,3,3
Joywenna,0,3,3
Joywind,0,3,3
Joyy,0,3,3
Józafina,0,3,3
Jozafina,0,3,3
Jozaiah,3,0,3
Jozaine,0,3,3
Jozairo,3,0,3
Jozakar,3,0,3
Jozamart,3,0,3
Jozanno,3,0,3
Jozari,3,0,3
Jozarni,0,3,3
Jozauro,3,0,3
Jozayen,3,0,3
Joze-Miek,0,3,3
Jozéa,0,3,3
Jozeanne,0,3,3
Jozebus,3,0,3
Jozedy,3,0,3
Jozeefa,0,3,3
Jozeës,3,0,3
Jozéf,3,0,3
Jozef-Marie,3,0,3
Jozef-Paul,3,0,3
Jozef-Pierre,3,0,3
Jòzefa,0,3,3
Jozêfa,0,3,3
Jozèfa,0,3,3
Jozefca,0,3,3
Jozefe,0,3,3
Jozefea,0,3,3
Jozefera,0,3,3
Jozefez,3,0,3
Jozeff,3,0,3
Jozeffientje,0,3,3
Jozeffo,3,0,3
Jozefh,3,0,3
Jozéfha,0,3,3
Jozefhien,0,3,3
Jozefi,0,3,3
Jozéfina,0,3,3
Jozéfine,0,3,3
Jozefke,0,3,3
Jozefmaria,3,0,3
Jozefp,3,0,3
Jozefsdochter,0,3,3
Jozeftha,0,3,3
Jozefvien,0,3,3
Jòzefy,0,3,3
Jozefyn,0,3,3
Jozek,3,0,3
Jozeliena,0,3,3
Jozelin,0,3,3
Jozell,0,3,3
Jozella,0,3,3
Jozelle,0,3,3
Jozèn,0,3,3
Jozenette,0,3,3
Jozenn,0,3,3
Jozeo,0,3,3
Jozepfine,0,3,3
Jozepfta,0,3,3
Józeph,3,0,3
Jozeph-Anna,3,0,3
Jozephat,3,0,3
Jozephea,0,3,3
Jozephi,0,3,3
Jozéphia,0,3,3
Jozephientje,0,3,3
Jozephin,0,3,3
Jozéphina,0,3,3
Jozephinia,0,3,3
Jozephino,0,3,3
Jozephio,0,3,3
Jozephli,3,0,3
Jozephyna,0,3,3
Jozépoes,3,0,3
Jozepus,3,0,3
Jozerieke,0,3,3
Jozerik,3,0,3
Józert,3,0,3
Jozes,3,0,3
Jozeshus,3,0,3
Jozeta,0,3,3
Jozev,3,0,3
Jozevaat,3,0,3
Jozevina,0,3,3
Jozevus,3,0,3
Jozewienus,3,0,3
Jozhai,3,0,3
Jozhayh,3,0,3
Jozhé,0,3,3
Jozhef,3,0,3
Jozìah,3,0,3
Joziak,3,0,3
Jozica,0,3,3
Jozienke,0,3,3
Jozif,3,0,3
Jozijn,0,3,3
Jozina-Gosewina,0,3,3
Jozines,3,0,3
Jozinho,3,0,3
Jozinius,3,0,3
Jozinne,0,3,3
Jozino,3,0,3
Jozira,0,3,3
Jozivaldo,3,0,3
Jozja,3,0,3
Jožka,3,0,3
Jozley,3,0,3
Jozly,3,0,3
Jozmar,3,0,3
Jozoa,3,0,3
Jozoefkhan,3,0,3
Jozofa,0,3,3
Jozofine,0,3,3
Jozou,3,0,3
Jozphe,3,0,3
Józsa,0,3,3
Jozsèf,3,0,3
Jozsefa,0,3,3
Jozsefine,0,3,3
Jozsha,0,3,3
Józsika,3,0,3
Józska,3,0,3
Jozsua,3,0,3
Jozuä,3,0,3
Jozua-Jeremiah,3,0,3
Jozuanne,0,3,3
Jozueh,3,0,3
Jozuëla,0,3,3
Jozuwa,3,0,3
Jozyah,3,0,3
Jozyna,0,3,3
Jozzlynn,0,3,3
JPJE,3,0,3
JPL,0,3,3
JPMT,0,3,3
JPP,3,0,3
JPR,0,3,3
Jquan,3,0,3
Jquann,3,0,3
Jraduen,3,0,3
Jrene,0,3,3
Jrezsio,3,0,3
Jrfaan,3,0,3
JRiena,0,3,3
Jrisa,0,3,3
Jrue,3,0,3
Jryel,3,0,3
Jsabelle,0,3,3
Jsaltino,3,0,3
JSI,0,3,3
Jsis,0,3,3
JSJ,3,0,3
JSM,3,0,3
Json,3,0,3
JST,0,3,3
JTE,0,3,3
JTP,3,0,3
Jtzchak,3,0,3
Ju'no,3,0,3
Ju-Aillen,0,3,3
Ju-an,0,3,3
Ju-Andryson,3,0,3
Ju-Ayden,3,0,3
Ju-ely,0,3,3
Ju-Hin,3,0,3
Ju-Hyeong,3,0,3
Ju-Kentheny,0,3,3
Ju-Lai,3,0,3
Ju-Lan,0,3,3
Ju-Ling,0,3,3
Ju-Long,3,0,3
Ju-Nairo,3,0,3
Ju-Rientelly,0,3,3
Ju-Sen,0,3,3
Ju-Tin,3,0,3
Juà,3,0,3
Juaben,0,3,3
Juachin,3,0,3
Juahim,3,0,3
Juai,3,0,3
Juainly,0,3,3
Juaïria,0,3,3
Juaisa,0,3,3
Jual,3,0,3
Jualberto,3,0,3
Jualena,0,3,3
Jualina,0,3,3
Jualjo,3,0,3
Juama,3,0,3
Juambé,0,3,3
Juami,0,3,3
Júan,3,0,3
Juàn,3,0,3
Juän,3,0,3
Juan-Alejandro,3,0,3
Juan-Allen,3,0,3
Juan-Calos,3,0,3
Juan-Daveyzen,3,0,3
Juan-David,3,0,3
Juan-Faníos,3,0,3
Juan-Fran,3,0,3
Juan-Francisco,3,0,3
Juan-Gabriël,3,0,3
Juan-Hayo,3,0,3
Juan-Ignacio,3,0,3
Juan-Luca,3,0,3
Juan-Luis,3,0,3
Juan-Maarten,3,0,3
Juan-Mar,3,0,3
Juan-Marcello,3,0,3
Juan-Marcos,3,0,3
Juan-Michael,3,0,3
Juan-Miguel,3,0,3
Juan-Miquel,3,0,3
Juan-Quim,3,0,3
Juan-Rene,3,0,3
Juan-Shofar,3,0,3
Juan-tiano,3,0,3
Juāna,0,3,3
Juanamaria,0,3,3
Juânanda,0,3,3
Juancarlos,3,0,3
Juanchai,3,0,3
Juanda,0,3,3
Juandalynn,0,3,3
Juanderline,0,3,3
Juandoline,0,3,3
Juandra,0,3,3
Juandro,3,0,3
Juané,3,0,3
Juane,3,0,3
Juañé,3,0,3
Juanée,3,0,3
Juaneño,3,0,3
Juaneo,3,0,3
Juaney,0,3,3
Juanfranco,3,0,3
Juanica,0,3,3
Juanice,0,3,3
Juanicia,0,3,3
Juanija,0,3,3
Juanil,3,0,3
Juanill,3,0,3
Juanilla,0,3,3
Juánita,0,3,3
Juanite,0,3,3
Juanitho,3,0,3
Juanitia,0,3,3
Juanitto,3,0,3
Juanity,0,3,3
JuanJaime,3,0,3
Juanjaylo,3,0,3
Juanje,0,3,3
Juanjo,3,0,3
Juanjosé,3,0,3
Juann,0,3,3
Juannah,0,3,3
Juanneli,0,3,3
Juanno,3,0,3
Juanor,3,0,3
Juansito,3,0,3
Juanté,3,0,3
Juantina,0,3,3
Juanton,3,0,3
Juantonio,3,0,3
Juantre,3,0,3
Juanyé,3,0,3
Juanyta,0,3,3
Juar,3,0,3
Juard,3,0,3
Juardie,3,0,3
Juarnita,0,3,3
Juarsa,3,0,3
Juarth,3,0,3
Juarva,0,3,3
Juary,3,0,3
Juasaph,3,0,3
Juasinario,3,0,3
Juasvero,3,0,3
Jubayru,3,0,3
Jubbelina,0,3,3
Jubé,3,0,3
Jube,3,0,3
Jubei,3,0,3
Jubelee,0,3,3
Jubelientje,0,3,3
Jubella,0,3,3
Jubentley,3,0,3
Jubeque,3,0,3
Jubien,0,3,3
Jubiënne,0,3,3
Jubine,0,3,3
Jubingca,0,3,3
Jubinho,3,0,3
Jubitsa,0,3,3
Jublya,0,3,3
Jubo,3,0,3
Jubsia,0,3,3
Juby,3,0,3
Jubynar,3,0,3
Jucan,0,3,3
Jucce,3,0,3
Juceila,0,3,3
Jucel,3,0,3
Jücel,3,0,3
Jucelia,0,3,3
Jucelino,3,0,3
Jucella,0,3,3
Jucentely,0,3,3
Juchal,3,0,3
Juchentley,3,0,3
Juciane,0,3,3
Juciani,3,0,3
Juciën,3,0,3
Jucinda,0,3,3
Jucinta,0,3,3
Juciro,3,0,3
Jucuinda,0,3,3
Jucynthia,0,3,3
Juda-Lynne,0,3,3
Judaeus,3,0,3
Judah-Malachi,3,0,3
Judahae,3,0,3
Judahel,3,0,3
Judai,3,0,3
Judaía,0,3,3
Judaily,0,3,3
Judainshely,0,3,3
Judairo,3,0,3
Judal,0,3,3
Judalienne,0,3,3
Judalies,0,3,3
Judalon,0,3,3
Judaly,0,3,3
Judan-Engelly,0,3,3
Judanella,0,3,3
Judanelo,3,0,3
Judangelo,3,0,3
Judaniël,3,0,3
Judanni,0,3,3
Judany,3,0,3
Judaris,0,3,3
Judas-Thadeus,3,0,3
Judastadeo,3,0,3
Judavelee,0,3,3
Judaveneyior,3,0,3
Juddith,0,3,3
Juddrianne,0,3,3
Judeana,0,3,3
Judelco,3,0,3
Judelien,0,3,3
Judelka,0,3,3
Judellen,0,3,3
Judelys,0,3,3
Judélys,0,3,3
Judèn,3,0,3
Judencia,0,3,3
Judensio,3,0,3
Judensly,3,0,3
Judenzy,0,3,3
Juderéé,0,3,3
Judericka,0,3,3
Juderwin,3,0,3
Judes,3,0,3
Judesa,0,3,3
Judesia,0,3,3
Judessca,0,3,3
Judevery,3,0,3
Judeyah,0,3,3
Judgëlley,0,3,3
Judhistira,3,0,3
Judhistre,3,0,3
Judí,0,3,3
Judiaer,3,0,3
Jùdiann,0,3,3
Judianto,3,0,3
Judice,0,3,3
Judicea,0,3,3
Judicina,0,3,3
Judicine,0,3,3
Judicje,0,3,3
Judiek,0,3,3
Judieke,0,3,3
Judiëndly,3,0,3
Judienjelly,0,3,3
Judiënne,0,3,3
Judienne,0,3,3
Judiet,0,3,3
Judihaira,0,3,3
Judijk,0,3,3
Judike,0,3,3
Judilean,0,3,3
Judilena,0,3,3
Judimiva,0,3,3
Judinairis,0,3,3
Judinelli,0,3,3
Judion,3,0,3
Jüdirch,3,0,3
Judirée,0,3,3
Judiriën,0,3,3
Judisaira,0,3,3
Judisia,0,3,3
Judiska,0,3,3
Judisthir,3,0,3
Judith-Catharina,0,3,3
Judith-Damijntje,0,3,3
Judith-Francis,0,3,3
Judith-Greet,0,3,3
Judith-Henriëtte,0,3,3
Judith-Irene,0,3,3
Judith-Jane,0,3,3
Judith-Jeannet,0,3,3
Judith-Marie,0,3,3
Judith-Nynke,0,3,3
Judithea,0,3,3
Judithjah,0,3,3
Juditt,0,3,3
Judittha,0,3,3
Juditus,3,0,3
Judius,3,0,3
Judiyah,0,3,3
Judiyona,0,3,3
Judjilsa,0,3,3
Judka,0,3,3
Judkins,3,0,3
Judlycxea,0,3,3
Judocq,3,0,3
Judokia,0,3,3
Judonea,0,3,3
Judonee,3,0,3
Judou,0,3,3
Judovicus,3,0,3
Judredery,3,0,3
Judrély,0,3,3
Judreny,3,0,3
Judricson,3,0,3
Judrieka,0,3,3
Judriena,0,3,3
Judrienne,0,3,3
Judriënska,0,3,3
Judrienska,0,3,3
Judrientely,0,3,3
Judrike,0,3,3
Judrion,3,0,3
Judrionrick,3,0,3
Judsel,3,0,3
Judseldric,3,0,3
Judsen,3,0,3
Judtsje,0,3,3
Juduël,3,0,3
Judviantally,0,3,3
Judy-ann,0,3,3
Judy-Anne,0,3,3
Judy-Ruth,0,3,3
Judyeanne,0,3,3
Judyefska,0,3,3
Judyka,0,3,3
Juë,0,3,3
Jué-Jesse,0,3,3
Juèd,3,0,3
Jueda,0,3,3
Juéden,3,0,3
Jueden,3,0,3
Jüediannelyn,0,3,3
Juédith,0,3,3
Juél,3,0,3
Juel-Ann,0,3,3
Juel-San,3,0,3
Juelan,0,3,3
Jueles,3,0,3
Juëlili,0,3,3
Juell-Alexander,3,0,3
Juèlle,3,0,3
Juëlley,0,3,3
Juels,0,3,3
Juelton,3,0,3
Juëly,0,3,3
Juély,0,3,3
Juélz,3,0,3
Juelz-Jace,3,0,3
Juelzson,3,0,3
Juën,3,0,3
Júen,3,0,3
Juèn,0,3,3
Juenchealui,3,0,3
Juendley,3,0,3
Juëndra,0,3,3
Juëndro,3,0,3
Juene,0,3,3
Juënelian,0,3,3
Juënely,0,3,3
Juenly,3,0,3
Juennesse,0,3,3
Juently,3,0,3
Juèny,0,3,3
Juëquinaisheley,0,3,3
Juercyano,3,0,3
Jüergen,3,0,3
Juerismar,3,0,3
Juermain,3,0,3
Juernell,3,0,3
Juethendo,3,0,3
Juetta,0,3,3
Jueves-Santo,3,0,3
Jüewenthley,3,0,3
Jufailyson,3,0,3
Jufran,0,3,3
Jufrendy,3,0,3
Jufréno,3,0,3
Jufrie,3,0,3
Juftin,3,0,3
Jug,0,3,3
Juga,3,0,3
Jugal,3,0,3
Jugeena,0,3,3
Jugellis,0,3,3
Jugesh,3,0,3
Jugindre,3,0,3
Juglall,0,3,3
Juglans,3,0,3
Juglen,3,0,3
Juglyn,0,3,3
Jugolini,3,0,3
Jugurta,3,0,3
Jugurtha,3,0,3
Juhaiden,3,0,3
Juhaila,0,3,3
Juhailey,0,3,3
Juhaina,0,3,3
Juhaindy,0,3,3
Juhaira,0,3,3
Juhairick,3,0,3
Juhairy,3,0,3
Juhanara,0,3,3
Juhanna,0,3,3
Juhanne,0,3,3
Juhara,0,3,3
Juhaym,3,0,3
Juhayrich,3,0,3
Juhdrika,0,3,3
Juhendrick,3,0,3
Juhfaili,3,0,3
Juhfariënshalou,3,0,3
Juhlius,3,0,3
Juhly,0,3,3
Juhninno,3,0,3
Juhnino,3,0,3
Juhrian,3,0,3
Juhsuphfariênsly,3,0,3
Juhtlen,3,0,3
Juhtnalyn,0,3,3
Juhuendra,0,3,3
Juhwen,3,0,3
Juhyena,0,3,3
Juice-Judah,3,0,3
Juilette,0,3,3
Juilf,3,0,3
Juiliëno,3,0,3
Juiliette,0,3,3
Juille,0,3,3
Juillermo,3,0,3
Juilliet,0,3,3
Juilliët,0,3,3
Juincy,3,0,3
Juïnna,0,3,3
Juinton,3,0,3
Juis,3,0,3
Juiseppina,0,3,3
Juita,0,3,3
Juitje,0,3,3
Jujaira,0,3,3
Jujean,3,0,3
Jujeny,0,3,3
Juji,0,3,3
Jujinho,3,0,3
Jujuan,3,0,3
Jujube,0,3,3
Juk-Tjieng,0,3,3
Jüka,3,0,3
Jukai,3,0,3
Jukeelys,0,3,3
Jukeji,0,3,3
Jukeliena,0,3,3
Jukeni,0,3,3
Juki,0,3,3
Jukiah,3,0,3
Jukïen,3,0,3
Jukin,3,0,3
Jüksel,3,0,3
Juku,0,3,3
Jukudowani,0,3,3
Jul-Jensro,3,0,3
Jula-Liv,0,3,3
Jula-Louise,0,3,3
Julafer,0,3,3
Julah,0,3,3
Julai,0,3,3
Julaica,0,3,3
Julain,3,0,3
Julaina,0,3,3
Julaindra,0,3,3
Julaino,3,0,3
Julaiska,0,3,3
Julaiya,0,3,3
Julalac,0,3,3
Julalbert,3,0,3
Julann,3,0,3
Julanna,0,3,3
Julano,3,0,3
Julanus,3,0,3
Jular,3,0,3
Julas,3,0,3
Julawa,0,3,3
Julay,0,3,3
Julaya,0,3,3
Julayka,0,3,3
Julayne,0,3,3
Julberta,0,3,3
Julbertus,3,0,3
Julchen,0,3,3
Julciléa,0,3,3
Julday,3,0,3
Juldin,0,3,3
Juldona,3,0,3
Juldrich,3,0,3
Juldrick,3,0,3
Jule-John,3,0,3
Jule-Pauline,0,3,3
Juléa,0,3,3
Juleacia,0,3,3
Juleaney,0,3,3
Juleangelo,3,0,3
Juléanne,0,3,3
Juleanny,0,3,3
Juleano,3,0,3
Juléano,3,0,3
Juleany,0,3,3
Juleb,3,0,3
Juled,0,3,3
Juleeano,3,0,3
Juleedy,0,3,3
Juleenys,0,3,3
Juleesa,0,3,3
Juleetha,0,3,3
Juleeza,0,3,3
Julèh,0,3,3
Juleiano,3,0,3
Juleidy,0,3,3
Juleimy,0,3,3
Juleiny,0,3,3
Juleiska,0,3,3
Julejette,0,3,3
Julek,3,0,3
Julekha,0,3,3
Julema,0,3,3
Julemina,0,3,3
Julencio,3,0,3
Juléney,0,3,3
Julenska,0,3,3
Juléon,3,0,3
Juleon,3,0,3
Julerie,0,3,3
Juleriël,3,0,3
Julès,3,0,3
Jules-Guillaume,0,3,3
Jules-Jan,3,0,3
Jules-Jérôme,3,0,3
Jules-Louis,3,0,3
Jules-Peter,3,0,3
Jules-Willem,3,0,3
Julēsa,0,3,3
Julesjete,0,3,3
Julesliana,0,3,3
Julesson,3,0,3
Juleste,0,3,3
Julett,0,3,3
Juleya,0,3,3
Juleybi,3,0,3
Juleyda,0,3,3
Juleyka,0,3,3
Juleyn,3,0,3
Juleyson,3,0,3
Juleytee,0,3,3
Jülf,3,0,3
Jülgensio,3,0,3
Juli-Ann,0,3,3
Juli-Jan,3,0,3
Julía,0,3,3
Julia-Aimée,0,3,3
Julia-Benthe,0,3,3
Julia-Eveè,0,3,3
Julia-Evy,0,3,3
Julia-Francis,0,3,3
Julia-Jolee,0,3,3
Julia-Kaye,0,3,3
Julia-Lotte,0,3,3
Julia-Louise,0,3,3
Julia-Maria,0,3,3
Julia-Mercedes,0,3,3
Julia-Morène,0,3,3
Julia-Rosa,0,3,3
Julia-Sedna,0,3,3
Juliaan-Alexander,3,0,3
Juliaanis,3,0,3
Juliaans,3,0,3
Juliada,0,3,3
Juliain,0,3,3
Juliamaria,0,3,3
Júlian,3,0,3
julian,3,0,3
Julian-Déan,3,0,3
Julian-Dúghall,3,0,3
Julian-Guy,3,0,3
Julian-Jap,3,0,3
Julian-Jay,3,0,3
Julian-John,3,0,3
Julian-Kay,3,0,3
Julian-Lou,3,0,3
Julian-Louis,3,0,3
Julian-Remy,3,0,3
Julian-Sebastiaan,3,0,3
Julian-Steven,3,0,3
Julian-Xavi,3,0,3
Juliana-Jun,0,3,3
Juliana-Natasha,0,3,3
Juliandrew,3,0,3
Juliangela,0,3,3
Julianglenn,3,0,3
Julianis,0,3,3
Julianitha,0,3,3
Juliãnna,0,3,3
Juliannà,0,3,3
Júlianna,0,3,3
Julianneke,0,3,3
Juliannet,0,3,3
Julianni,3,0,3
Jüliano,3,0,3
Julianó,3,0,3
Julïano,3,0,3
Julians,3,0,3
Juliansyah,3,0,3
Juliantini,0,3,3
Juliantje,0,3,3
Juliany,3,0,3
Julião,3,0,3
Juliara,0,3,3
Juliartie,0,3,3
Juliastuti,0,3,3
Julibert,3,0,3
Julibertus,0,3,3
Julice,0,3,3
Julichka,0,3,3
Julicio,3,0,3
Julicka,0,3,3
Julida,0,3,3
Julidé,0,3,3
Jülidemu,0,3,3
Julidia,0,3,3
Julie-Andy,0,3,3
Julie-ann,0,3,3
Julie-Anna,0,3,3
Julie-Antoinet,0,3,3
Julie-Carolien,0,3,3
Julie-Christine,0,3,3
Julie-Dée,0,3,3
Julie-Elise,0,3,3
Julie-Esmée,0,3,3
Julie-Fee,0,3,3
Julie-Fleur,0,3,3
Julie-France,0,3,3
Julie-Jane,0,3,3
Julie-Jeth,0,3,3
Julie-Joan,0,3,3
Julie-Lijnn,0,3,3
Julie-Linn,0,3,3
Julie-Lou,0,3,3
Julie-Lucette,0,3,3
Julie-lynn,0,3,3
Julie-Mar,0,3,3
Julie-Marth,0,3,3
Julie-Noor,0,3,3
Julie-Renée,0,3,3
Julie-Rosan,0,3,3
Julie-Sue,0,3,3
Julieame,0,3,3
Julieanne,0,3,3
Juliëanne,0,3,3
Juliejan,3,0,3
Juliejella,0,3,3
Juliek,0,3,3
Juliëlle,0,3,3
Julielson,3,0,3
Juliëm,0,3,3
Juliemar,0,3,3
Julíen,3,0,3
Juliên,3,0,3
Julíën,3,0,3
Juliėn,3,0,3
Julien-Albert,3,0,3
Juliën-Alexander,3,0,3
Julien-Cécil,3,0,3
Julien-Nick,3,0,3
Juliën-Noël,3,0,3
Juliën-Thomas,3,0,3
Julien-Valère,3,0,3
Julien-Willem,3,0,3
Julienca,0,3,3
Juliënca,0,3,3
Juliènco,3,0,3
Juliëndelly,3,0,3
Juliëndrich,3,0,3
Juliéne,3,0,3
Juliënn,3,0,3
Julienne-Abigaël,0,3,3
Juliènny,0,3,3
Juliëns,3,0,3
Juliënsa,0,3,3
Juliës,3,0,3
Juliesa,0,3,3
Juliesia,0,3,3
Juliësus,3,0,3
Juliét,0,3,3
Juliète,0,3,3
Juliètt,0,3,3
Juliétte,0,3,3
Juliëtte-Constance,0,3,3
Juliëtte-Estée,0,3,3
Juliëtte-Helena,0,3,3
Juliette-Maria,0,3,3
Juliette-Mary,0,3,3
Juliette-Matisse,0,3,3
Juliëtte-May,0,3,3
Juliëtte-Mireille,0,3,3
Juliette-Tri,0,3,3
Julietto,3,0,3
Jülifio,3,0,3
Juligna,0,3,3
Julihan,3,0,3
Julii,0,3,3
Juliijna,0,3,3
Julij,3,0,3
Julijano,3,0,3
Julijette,0,3,3
Julik,3,0,3
Julilla,0,3,3
Julimaene,3,0,3
Julimar,0,3,3
Jülin,0,3,3
Julinara,0,3,3
Julinda,0,3,3
Julindo,3,0,3
Julindy,0,3,3
Julinette,0,3,3
Julinha,0,3,3
Julino,3,0,3
Julinus,3,0,3
Julio-Cesar,3,0,3
Julio-Luis,3,0,3
Julïohn,3,0,3
Julionita,0,3,3
Juliot,3,0,3
Julischa,0,3,3
Julischca,0,3,3
Juliscka,0,3,3
Julishya,0,3,3
Júliska,0,3,3
Juliška,0,3,3
Juliski,0,3,3
Julit,0,3,3
Julitsa,0,3,3
Juliun-Djace,3,0,3
Július,3,0,3
Julius-Bacilio,3,0,3
Julius-Olivier,3,0,3
Juliusjacob,3,0,3
Juliuszoon,3,0,3
Juliuz,3,0,3
Juliva,0,3,3
Julivienaly,0,3,3
Juliviëndro,3,0,3
Juliviënis,0,3,3
Juliyano,3,0,3
Juliyenna,0,3,3
Juliyus,3,0,3
Julizet,0,3,3
Juljen,3,0,3
Juljeta,0,3,3
Jullaisy,3,0,3
Jullakorn,3,0,3
Jullanda,0,3,3
Julleana,0,3,3
Jullender,3,0,3
Jullendro,3,0,3
Jullene,0,3,3
Jullenia,0,3,3
Jullenteny,3,0,3
Jullet,0,3,3
Julliän,0,3,3
Jullian-Dean,3,0,3
Jullian-noëll,3,0,3
Julliàndley,3,0,3
Julliandro,3,0,3
Julliane,0,3,3
Jullianfrits,3,0,3
Jullianna,0,3,3
Jullianti,0,3,3
Julliany,3,0,3
Jullias,3,0,3
Jullieanne,0,3,3
Jullién,3,0,3
Julliene,0,3,3
Julliénna,0,3,3
Julliës,3,0,3
Julliët-Raymonde,0,3,3
Jullieta,0,3,3
Julliëte,0,3,3
Jullietje,0,3,3
Julliett,0,3,3
Julliêtte,0,3,3
Julliëttte,0,3,3
Jüllisa,0,3,3
Jullitta,0,3,3
Jullittha,0,3,3
Julliyënne,0,3,3
Jullouis'äisha,0,3,3
Julls,3,0,3
Jüllvano,3,0,3
Jullya,0,3,3
Jullyanne,0,3,3
Jullyen,3,0,3
Jullyjan,3,0,3
Jullymar,0,3,3
Julmarionio,3,0,3
Julna,0,3,3
Julnar,0,3,3
Julott,0,3,3
Julpa,3,0,3
Julrailly,3,0,3
Julraince,0,3,3
Julriandy,3,0,3
Julrich,3,0,3
Julrick,3,0,3
Julrio,3,0,3
Juls,3,0,3
Julsahran,0,3,3
Jülsen,0,3,3
Julsi,0,3,3
Julsimar,0,3,3
Jultsje,0,3,3
Julugu,0,3,3
Juluis,3,0,3
Juluisa,0,3,3
Julvancio,3,0,3
Julvera,0,3,3
Julvienne,0,3,3
Julviënska,0,3,3
Julviezar,0,3,3
July-an,0,3,3
July-An,0,3,3
July-ann,0,3,3
July-Anna,0,3,3
July-Antje,0,3,3
July-Elle,0,3,3
July-Jan,0,3,3
Julyanah,0,3,3
Julyann,0,3,3
Julyanna-Devi,0,3,3
Julyca,0,3,3
Julye,0,3,3
Julyenka,0,3,3
Julyënne,0,3,3
Julyens,3,0,3
Julyëntino,3,0,3
Jülyet,0,3,3
Julyette,0,3,3
Julyjeht,0,3,3
Julyn,0,3,3
Julynne,0,3,3
Julyon,3,0,3
Julysha,0,3,3
Julyska,0,3,3
Julyson,3,0,3
Julyssa,0,3,3
Julystianna,0,3,3
Julyus,3,0,3
Júlz,3,0,3
Jumaanah,0,3,3
Jumadi,3,0,3
Jumaila,0,3,3
Jumailey,3,0,3
Jumain,3,0,3
Jumaina,0,3,3
Jumaine,3,0,3
Jumaïra,0,3,3
Jumairick,3,0,3
Jumairoh,3,0,3
Jumallieska,0,3,3
Jumani,0,3,3
Jumanji,3,0,3
Jumanta,3,0,3
Jumany,0,3,3
Jumara,0,3,3
Jumardlion,3,0,3
Jumarie,0,3,3
Jumario,3,0,3
Jumarno,3,0,3
Jumaro,3,0,3
Jumarso,0,3,3
Jumary,0,3,3
Jumayrah,0,3,3
Jumé,3,0,3
Jumeau,0,3,3
Jumeé,0,3,3
Jumée,0,3,3
Jumei,0,3,3
Jumeira,0,3,3
Jumel,3,0,3
Jumelette,0,3,3
Jumèna,0,3,3
Jumenda,0,3,3
Jumendrel,3,0,3
Jumeyna,0,3,3
Jumeyrah,0,3,3
Jumi,0,3,3
Jumila,0,3,3
Jumilah,0,3,3
Jumilla,0,3,3
Jumima,0,3,3
Juminah,0,3,3
Jumiñio,3,0,3
Juminten,0,3,3
Jumirah,3,0,3
Jumireen,0,3,3
Jumiro,3,0,3
Jumke,3,0,3
Jummah,0,3,3
Jummai,0,3,3
Jumme,3,0,3
Jumming,3,0,3
Jumphita,0,3,3
Jumphrey,3,0,3
Jumpie,3,0,3
Jumpy,3,0,3
Jumuël,3,0,3
Jumyro,3,0,3
Jün,3,0,3
Jūn,0,3,3
Jún,0,3,3
Jun-Hao,3,0,3
Jun-Hee,3,0,3
Jun-Ho,3,0,3
Jun-Hong,3,0,3
Jun-Hoo,3,0,3
Jun-Hui,3,0,3
Jun-Hyong,3,0,3
Jun-Il,3,0,3
Jùn-Jan,3,0,3
Jun-Jin,3,0,3
Jun-Kai,3,0,3
Jun-ling,0,3,3
Jun-Ling,0,3,3
Jun-Nan,3,0,3
Jun-Ning,3,0,3
Jun-Pei,0,3,3
Jun-Quan,0,3,3
Jun-Rui,0,3,3
Jun-Wah,0,3,3
Jun-xi,3,0,3
Jun-Xi,3,0,3
Jun-Xiong,3,0,3
Jun-Xiu,0,3,3
Jun-Yan,3,0,3
Jun-Yi,3,0,3
Jun-Yin,3,0,3
Jun-Young,3,0,3
Jun-Yu,3,0,3
Juná,0,3,3
Juna-Fay,0,3,3
Juna-Jayde,0,3,3
Juna-lee,0,3,3
Juna-Mae,0,3,3
Juna-Sofia,0,3,3
Juna-Vera,0,3,3
Junaddi,0,3,3
Junaed,3,0,3
Junaedi,3,0,3
Junaedl,3,0,3
Junaedy,3,0,3
Junael,3,0,3
Junaï,3,0,3
Junaichel,3,0,3
Junaiden,3,0,3
Junaidey,3,0,3
Junaidi,3,0,3
Junaidska,0,3,3
Junaika,0,3,3
Junaiker,3,0,3
Junailies,0,3,3
Junailo,3,0,3
Junaimée,0,3,3
Junain,3,0,3
Junaïra,0,3,3
Junairell,3,0,3
Junairi,0,3,3
Junairiendely,0,3,3
Junairy,0,3,3
Junaisha,0,3,3
Junaison,3,0,3
Junaitely,0,3,3
Junaitheley,0,3,3
Junaiyla,0,3,3
Junak,3,0,3
Junalda,0,3,3
Junalie,0,3,3
Junaline,0,3,3
Junaliska,0,3,3
Junalyn,0,3,3
Junan,0,3,3
Junas,3,0,3
Junatra,0,3,3
Junay,3,0,3
Junayash,3,0,3
Junaydee,0,3,3
Junaydi,3,0,3
Junaylis,0,3,3
Junaynah,0,3,3
Junayrick,3,0,3
Junayro,3,0,3
Junayska,0,3,3
Junayvelly,0,3,3
Junbin,3,0,3
Junbo,3,0,3
Juncal,0,3,3
Juncheng,3,0,3
Junco,3,0,3
Jundei,3,0,3
Jundiaris,0,3,3
Jundric,3,0,3
Jundrick,3,0,3
Jundriel,3,0,3
Jundy,0,3,3
Jûne,0,3,3
Juné,0,3,3
June-Dee,0,3,3
June-Kate,0,3,3
June-Nairo,3,0,3
June-que,0,3,3
June-Rae,0,3,3
June-raica,0,3,3
June-Rose,0,3,3
Junea,0,3,3
Junéa,0,3,3
Juneaida,0,3,3
Juneairo,3,0,3
Juneaka,0,3,3
Junean,3,0,3
Juned,3,0,3
Juneda,0,3,3
Junedrey,0,3,3
Juneena,0,3,3
Juneid,3,0,3
Juneirah-Lee,0,3,3
Juneiro,3,0,3
Juneirys,0,3,3
Juneke,0,3,3
Junelda,0,3,3
Junella,0,3,3
Junelly,0,3,3
Junenice,0,3,3
Juneoer,3,0,3
Junépe,3,0,3
Junerich,3,0,3
Junero,3,0,3
Junery,3,0,3
Jûnes,3,0,3
Junésha,0,3,3
Juneson,3,0,3
Junesse,3,0,3
Junesta,0,3,3
Juneth,0,3,3
Junethy,0,3,3
Junetie,0,3,3
Junewell,3,0,3
Juneyd,3,0,3
Juneydi,3,0,3
Juneyer,3,0,3
Juneyt,3,0,3
Junfei,3,0,3
Junfeng,3,0,3
Junfer,3,0,3
Jung-Ah,3,0,3
Jung-Ly,3,0,3
Junha,0,3,3
Junhe,3,0,3
Junhedely,0,3,3
Junhin,3,0,3
Junhino,3,0,3
Junhong,3,0,3
Junhor,3,0,3
Junhui,0,3,3
Juni-Midori,0,3,3
Juniad,3,0,3
Juniar,0,3,3
Juniari,0,3,3
Juniarni,0,3,3
Juniarta,0,3,3
Juniarti,0,3,3
Júnias,3,0,3
Junica,0,3,3
Junicia,0,3,3
Junid,3,0,3
Junie-Marie,0,3,3
Juniel,3,0,3
Juniëla,0,3,3
Juniëllo,3,0,3
Juniën,3,0,3
Junien,3,0,3
Junier,3,0,3
Juniër,3,0,3
Juniëtte,0,3,3
Junifer,0,3,3
Juniffer,3,0,3
Junihailey,0,3,3
Junihio,3,0,3
Junihño,3,0,3
Junihno,3,0,3
Junijsca,0,3,3
Junil,0,3,3
Junilde,0,3,3
Junilka,0,3,3
Junillio,3,0,3
Junimadi,3,0,3
Junimary,3,0,3
Junina,0,3,3
Junindah,0,3,3
Juningsih,0,3,3
Juninio,3,0,3
Juniniymje,0,3,3
Juninjo,3,0,3
Juninyo,3,0,3
Juniôr,3,0,3
Junior-Benjamin,3,0,3
Junior-Sjam,3,0,3
Junior-The-Great,3,0,3
Juniora,0,3,3
Junioraniel,3,0,3
Juniorgwen,3,0,3
Juniornaldo,3,0,3
Juniorus,3,0,3
Juniorzoon,3,0,3
Juniour,3,0,3
Junious,3,0,3
Junip,3,0,3
Junipera,0,3,3
Juniqua,0,3,3
Junirah,0,3,3
Junison,3,0,3
Junisza,0,3,3
Junith,0,3,3
Junito,3,0,3
Juniur,3,0,3
Juniva,0,3,3
Junix,3,0,3
Junixia,0,3,3
Juniya,0,3,3
Junjun,3,0,3
Junlung,3,0,3
Junlyndo,3,0,3
Junmairy,0,3,3
Junmar,3,0,3
Junmariön,3,0,3
Junmei,0,3,3
Junnah,0,3,3
Junnaichel,3,0,3
Junnaily,0,3,3
Junnan,3,0,3
Junnay,3,0,3
Junnëala,0,3,3
Junnel,3,0,3
Junnella,0,3,3
Junnerino,3,0,3
Junnes,3,0,3
Junni,3,0,3
Junnia,0,3,3
Junnicio,3,0,3
Junnico,3,0,3
Junnies,0,3,3
Junninio,3,0,3
Junniño,3,0,3
Junnior,3,0,3
Junnisa,0,3,3
Junnise,0,3,3
Junnsiën,3,0,3
Junnuo,3,0,3
Junnus,3,0,3
Junny-Reaggie,0,3,3
Junnyël,3,0,3
Junnyls,3,0,3
Junnysan,3,0,3
Junnysca,0,3,3
Junnyson,3,0,3
Junoa,3,0,3
Junoes,3,0,3
Junôt,3,0,3
Junping,0,3,3
Junrao,3,0,3
Junrayvi,3,0,3
Junree,3,0,3
Junsu,0,3,3
Juntrell,3,0,3
Junuar,3,0,3
Junuelies,0,3,3
Junuèlla,0,3,3
Junufa,0,3,3
Junuh,3,0,3
Jünus,3,0,3
Junus-Philipus,3,0,3
Junusa,3,0,3
Junuz,3,0,3
Junwei,3,0,3
Junwen,3,0,3
Junxian,3,0,3
Junxin,3,0,3
Junyandro,3,0,3
Junyca,0,3,3
Junyda,0,3,3
Junyfer,0,3,3
Junylisha,0,3,3
Junyor,3,0,3
JunYu,3,0,3
Junyviene,0,3,3
Juobier,3,0,3
Juochim,3,0,3
Juok,3,0,3
Juomi,3,0,3
Juossef,3,0,3
Juovian,0,3,3
Jupí,0,3,3
Jupieter,3,0,3
Jupiler,0,3,3
Jupin,0,3,3
Jupo,3,0,3
Jüpp,3,0,3
Juppke,3,0,3
Juqa,3,0,3
Juqadey,3,0,3
Juquin,3,0,3
Jur'Vaino,3,0,3
Jur'vienely,0,3,3
Jur-Ann,0,3,3
Jur-Dayshano,3,0,3
Jur-Encio,3,0,3
Jur-Faithly,0,3,3
Jur-ger,3,0,3
Jur-Jaynee,0,3,3
Jur-Jazzley,3,0,3
Jür-Jéna,0,3,3
Jur-Rayno,3,0,3
Jür-Vjáno,3,0,3
Juracey,0,3,3
Juraci,3,0,3
Juradi,3,0,3
Juraida,0,3,3
Juraij,3,0,3
Jurailey,3,0,3
Juraima,0,3,3
Jurain,3,0,3
Juraina,0,3,3
Juraine,3,0,3
Jurainell,3,0,3
Jurainely,0,3,3
Juraini,3,0,3
Jurainich,3,0,3
Jurainyenn,3,0,3
Jurainys,0,3,3
Juraisca,0,3,3
Juram,3,0,3
Juramar,3,0,3
Juran-Sam,3,0,3
Jurance,0,3,3
Juranda,0,3,3
Jurandall,3,0,3
Jurandi,3,0,3
Jurandir,3,0,3
Jurandsly,3,0,3
Jurangely,0,3,3
Jurani,3,0,3
Jurann,3,0,3
Jürano,3,0,3
Juransley,3,0,3
Juransly,3,0,3
Jurantley,3,0,3
Jurany,3,0,3
Juranymo,3,0,3
Juraporn,0,3,3
Juraroos,0,3,3
Juras,3,0,3
Jurassic,3,0,3
Jūratė,0,3,3
Jurate,0,3,3
Juratiëll,3,0,3
Jurayah,0,3,3
Juraydrick,3,0,3
Juraylia,0,3,3
Jurayna,0,3,3
Juraynel,3,0,3
Juraysho,3,0,3
Jurayson,3,0,3
Jurbiëna,0,3,3
Jurbin,3,0,3
Jurcelino,3,0,3
Jurcenello,3,0,3
Jurcherailio,3,0,3
Jurchiena,0,3,3
Jurchiene,0,3,3
Jurciënne,3,0,3
Jurcin,3,0,3
Jurcinyo,3,0,3
Jurda,0,3,3
Jurdaline,0,3,3
Jurdana,0,3,3
Jurdanur,0,3,3
Jurdany,3,0,3
Jurdão,3,0,3
Jurdao,3,0,3
Jurdaylise,0,3,3
Jurdaysha,0,3,3
Jurdaysi,0,3,3
Jurdelia,0,3,3
Jurdelies,0,3,3
Jurdeline,0,3,3
Jurdelion,3,0,3
Jurdelys,0,3,3
Jurdena,0,3,3
Jurdenia,0,3,3
Jurdeska,0,3,3
Jurdian,3,0,3
Jurdiën,3,0,3
Jürdien,3,0,3
Jürdiën,3,0,3
Jurdiénne,0,3,3
Jurdiëno,3,0,3
Jurdine,0,3,3
Jurdinella,0,3,3
Jürdinho,3,0,3
Jurdinho,3,0,3
Jurdinus,3,0,3
Jurdionangelo,3,0,3
Jurdjen,3,0,3
Jurdjono,3,0,3
Jurdley,3,0,3
Jurdney,3,0,3
Jurdwin,3,0,3
Jurea,0,3,3
Jureagen,3,0,3
Jureamy,3,0,3
Jurean,3,0,3
Jureck,3,0,3
Jured,0,3,3
Juredys,0,3,3
Jureej,3,0,3
Jureeliyan,0,3,3
Jureelo,3,0,3
Jureewan,0,3,3
Juregan,3,0,3
Jureillo,3,0,3
Jurein,3,0,3
Jureldo,3,0,3
Jurelies,0,3,3
Jurelison,3,0,3
Jurelka,0,3,3
Jurellio,3,0,3
Jurelo,3,0,3
Jurelvison,3,0,3
Jurelys,0,3,3
Juremia,0,3,3
Jüremy,3,0,3
Jurenchio,3,0,3
Jurencio,3,0,3
Jurendeley,3,0,3
Jurendell,3,0,3
Jurendellow,3,0,3
Jurendiena,0,3,3
Jurendley,3,0,3
Jurendon,3,0,3
Jurendrick,3,0,3
Jurene,0,3,3
Jurenie,3,0,3
Jurénimo,3,0,3
Jurenis,0,3,3
Jurennys,0,3,3
Jurenshelo,3,0,3
Jurensia,0,3,3
Jurensio,3,0,3
Jureny-,0,3,3
Jurenzy,3,0,3
Juressa,0,3,3
Juressca,0,3,3
Jureuginia,0,3,3
Jureva,0,3,3
Jureyden,3,0,3
Jureyliesé,0,3,3
Jureyna,0,3,3
Jureyvanaiicha-Joy,0,3,3
Jürfaeny,0,3,3
Jurfano,3,0,3
Jurfasina,0,3,3
Jurfayno,3,0,3
Jurfayrich,3,0,3
Jurfinally,0,3,3
Jurfranson,3,0,3
Jurfylee,0,3,3
Jurgailly,0,3,3
Jurgano,3,0,3
Jurgely,3,0,3
Jurgen-Bas,3,0,3
Jürgen-Jan,3,0,3
Jurgen-Jan,3,0,3
Jürgen-Ludwig,3,0,3
Jurgen-Thomas,3,0,3
Jurgend,3,0,3
Jürgend,3,0,3
Jurgenio,3,0,3
Jurgenrik,3,0,3
Jürgens,3,0,3
Jurgenson,3,0,3
Jurgensson,3,0,3
Jurgente,0,3,3
Jurgentina,0,3,3
Jurgera,0,3,3
Jurgerius,3,0,3
Jürges,3,0,3
Jürghen,3,0,3
Jurghinho,3,0,3
Jurgi,3,0,3
Jurgilyo,3,0,3
Jurgine,0,3,3
Jurginio,3,0,3
Jurgino,3,0,3
Jurgiyensa,0,3,3
Jurgje,0,3,3
Jurgjen,3,0,3
Jürgo,3,0,3
Jürgon,3,0,3
Jurgos,3,0,3
Jürgven,3,0,3
Jurgylio,3,0,3
Jurhaily,3,0,3
Jurhan,3,0,3
Jurhar,3,0,3
Jurhard,3,0,3
Jurheally,3,0,3
Jurho,3,0,3
Juri-j,3,0,3
Juri-Jan,3,0,3
Juriaan-Alexander,3,0,3
Juriad,3,0,3
Juriaen,3,0,3
Juriain,3,0,3
Juriäl,3,0,3
Jurial,3,0,3
Juriangel,3,0,3
Juricheline,0,3,3
Juricka,0,3,3
Jurickmar,3,0,3
Juriçza,0,3,3
Juricza,0,3,3
Juridia,0,3,3
Jürie,3,0,3
Jurie-Jan,3,0,3
Jurie-Nan,3,0,3
Juriejan,3,0,3
Juriela,0,3,3
Jurién,3,0,3
Juriendel,3,0,3
Juriënder,3,0,3
Juriëndy,3,0,3
Juriëngelly,3,0,3
Juriënlis,0,3,3
Juriennelys,0,3,3
Juriennerich,3,0,3
Juriënney,0,3,3
Juriënsely,0,3,3
Juriënsly,3,0,3
Juriëntely,0,3,3
Juriënys,0,3,3
Jurieta,0,3,3
Juriëtte,0,3,3
Juriette,0,3,3
Jurihno,3,0,3
Jurikson,3,0,3
Juril,3,0,3
Jurilette,0,3,3
Jurim,3,0,3
Jurimar,3,0,3
Jurimay,3,0,3
Jurinai,0,3,3
Jurindell,3,0,3
Jurinella,0,3,3
Jurines,3,0,3
Jurinho,3,0,3
Jurinke,0,3,3
Juriondrick,3,0,3
Juriq,3,0,3
Jurisa,0,3,3
Jurisan,0,3,3
Jurischka,0,3,3
Jurish,3,0,3
Jurishaèna,0,3,3
Jurishayno,3,0,3
Jurisianne,0,3,3
Jurison,3,0,3
Jurista,0,3,3
Juritsa,0,3,3
Jurius,3,0,3
Jurivana,0,3,3
Jurivienska,0,3,3
Jürjailee,0,3,3
Jurjan-Paul,3,0,3
Jurjana,0,3,3
Jurjanus,3,0,3
Jurjaydan,3,0,3
Jurjeaneley,0,3,3
Jurjen-Edward,3,0,3
Jurjen-Harm,3,0,3
Jurjen-Mark,3,0,3
Jurjen-Paul,3,0,3
Jurjen-Pieter,3,0,3
Jurjen-Rick,3,0,3
Jurjen-Sjouke,3,0,3
Jurjendrik,3,0,3
Jurjenrina,0,3,3
Jurjentiene,0,3,3
Jurjentsje,0,3,3
Jurjetje,0,3,3
Jurjiën,3,0,3
Jurjo,0,3,3
Jurjon,3,0,3
Jurkeigh-Leigh,0,3,3
Jurlaine,0,3,3
Jurlandino,3,0,3
Jurlaney,0,3,3
Jurlee-ann,0,3,3
Jurlene,0,3,3
Jurleneo,3,0,3
Jurlia,0,3,3
Jurlicia,0,3,3
Jurliciënne,0,3,3
Jurlien,0,3,3
Jurliena,0,3,3
Jurlin,3,0,3
Jurline,0,3,3
Jurlinio,3,0,3
Jurlinus,3,0,3
Jurlis,3,0,3
Jurlisa,0,3,3
Jurlison,3,0,3
Jurlon,3,0,3
Jurluiska,0,3,3
Jürluwisa,0,3,3
Jurly-Ann,0,3,3
Jurlyando,3,0,3
Jurlycia,0,3,3
Jürlynn,0,3,3
Jurm,3,0,3
Jurmaiä,0,3,3
Jurmaihl,3,0,3
Jurmailh,3,0,3
Jurmaily,0,3,3
Jurmailyson,3,0,3
Jurmaïn,3,0,3
Jurmainilson,3,0,3
Jurmairon,3,0,3
Jurmajshely,0,3,3
Jurmany,3,0,3
Jurmar,3,0,3
Jurmarie,0,3,3
Jürmay,3,0,3
Jurmaya,0,3,3
Jurmel,3,0,3
Jurmelánie,3,0,3
Jurmeliel,3,0,3
Jurmelino,3,0,3
Jurmell,3,0,3
Jürmen,3,0,3
Jurmenely,0,3,3
Jurmet,0,3,3
Jurmey,3,0,3
Jurmhen,3,0,3
Jurmiah,3,0,3
Jurmién,3,0,3
Jürmila,0,3,3
Jurmila,0,3,3
Jurmilian,3,0,3
Jurmiliën,0,3,3
Jurmilio,3,0,3
Jurmilva,0,3,3
Jurmina,0,3,3
Jurminho,3,0,3
Jurmunof,3,0,3
Jurmur,0,3,3
Jurmylio,3,0,3
Jűrn,3,0,3
Jurn-Fokke,3,0,3
Jurnadi,3,0,3
Jurnaida,0,3,3
Jurnaigel,3,0,3
Jurnaïs,0,3,3
Jurnaisheline,0,3,3
Jurnaishely,0,3,3
Jurnaisi,0,3,3
Jürnalia,0,3,3
Jurnalies,0,3,3
Jurnalina,0,3,3
Jurnaylis,0,3,3
Jurneidi,0,3,3
Jurneliga,0,3,3
Jurnell,3,0,3
Jurnely,0,3,3
Jurnerey,3,0,3
Jurnery,3,0,3
Jurnette,0,3,3
Jurneyson,3,0,3
Jurnialéney,0,3,3
Jurnic,3,0,3
Jürnie,0,3,3
Jurnië-Angely,0,3,3
Jurniek,3,0,3
Jurniëlla,0,3,3
Jurniska,0,3,3
Jurnixsen,3,0,3
Jurnovic,3,0,3
Jurnt,3,0,3
Jurnyan,0,3,3
Jurnyce,0,3,3
Jurnyson,3,0,3
Juro-Dwight,3,0,3
Juroen,3,0,3
Jürol,3,0,3
Juron,3,0,3
Jurona,0,3,3
Jurony,3,0,3
Juroy,3,0,3
Jurqueenalys,0,3,3
JurQueengelly,0,3,3
Jurqueengely,0,3,3
Jurracine,0,3,3
Jurraily,3,0,3
Jurraintly,3,0,3
Jurraisca,0,3,3
Jurramayca,0,3,3
Jurrandy,3,0,3
Jurrano,3,0,3
Jurray,3,0,3
Jurre-Christiaan,3,0,3
Jurre-Elias,3,0,3
Jurre-Geert,3,0,3
Jurre-Jaap,3,0,3
Jurre-Jozef,3,0,3
Jurre-Julius,3,0,3
Jurre-Pepijn,3,0,3
Jurre-Willem,3,0,3
Jurréan,3,0,3
Jurrein,3,0,3
Jurrejaap,3,0,3
Jurrell,3,0,3
Jurremayo,3,0,3
Jurremy,3,0,3
Jurrendel,3,0,3
Jurrendientje,0,3,3
Jurrendine,0,3,3
Jurrendsly,3,0,3
Jurrengina,0,3,3
Jurrens,3,0,3
Jurrensio,3,0,3
Jurrently,3,0,3
Jurretje,0,3,3
Jurrhiaan,3,0,3
Jürri,3,0,3
Jurriän,3,0,3
Jurrianna,0,3,3
Jurriano,3,0,3
Jurrians,3,0,3
Jurrieanne,0,3,3
Jurriejanna,0,3,3
Jurriën-Ewout,3,0,3
Jurriën-Lennard,3,0,3
Jurriendina,0,3,3
Jurrienia,0,3,3
Jurriëntly,0,3,3
Jurriet,0,3,3
Jurrijaan,3,0,3
Jurrijean,3,0,3
Jurrijen,3,0,3
Jurrika,0,3,3
Jürrina,0,3,3
Jurrinder,3,0,3
Jurrinho,3,0,3
Jurrino,3,0,3
Jurrisa,0,3,3
Jurriviëlla,0,3,3
Jurrivienne-Gelly,0,3,3
Jürrjan,3,0,3
Jurrjann,3,0,3
Jürrn,3,0,3
Jurrnaisca,0,3,3
Jurrody,3,0,3
Jurroen,3,0,3
Jurryann,3,0,3
Jurryna,0,3,3
Jurrynaiska,0,3,3
Jurryt-Feike,3,0,3
Jurryt-Jildert,3,0,3
Jurseandiliana,0,3,3
Jürsee,0,3,3
Jursel,3,0,3
Jurselmo,3,0,3
Jurseney,0,3,3
Jurshaina,0,3,3
Jurshairo,3,0,3
Jursheanelly,0,3,3
Jurshell,3,0,3
Jurshen,3,0,3
Jurshendly,3,0,3
Jurshenlo,3,0,3
Jursimon,3,0,3
Jursinho,3,0,3
Jursinio,3,0,3
Jursio,3,0,3
Jurslino,3,0,3
Jursly,3,0,3
Jursney,3,0,3
Jürswien,3,0,3
Jurt,3,0,3
Jürthy,3,0,3
Jurthy,3,0,3
Jurtiena,0,3,3
Juruënaty,0,3,3
Jurvain,3,0,3
Jurvainio,3,0,3
Jurvan,3,0,3
Jurvancio,3,0,3
Jurvandi,3,0,3
Jurvaney,0,3,3
Jurvaniela,0,3,3
Jurvanni,3,0,3
Jurvanny,3,0,3
Jurvano,3,0,3
Jurvanska,0,3,3
Jurveadrion,3,0,3
Jurveally,0,3,3
Jurvean,3,0,3
Jurveanelly,0,3,3
Jurveliño,3,0,3
Jurvely,3,0,3
Jurvén-shali,0,3,3
Jurvendy,3,0,3
Jurveney,3,0,3
Jurvenickson,3,0,3
Jurvenio,3,0,3
Jurvenny,3,0,3
Jurveraili,3,0,3
Jurverailo,3,0,3
Jurverzina,0,3,3
Jurvesina,0,3,3
Jurvian,3,0,3
Jurviana,0,3,3
Jurvie,3,0,3
Jurviënchangelo,3,0,3
Jurviëne,3,0,3
Jurviënna,0,3,3
Jurvienne,0,3,3
Jurviensel,3,0,3
Jurvienska,0,3,3
Jurvïensley,3,0,3
Jurvinho,3,0,3
Jurvinna,0,3,3
Jurvino,3,0,3
Jurviño,3,0,3
Jurvuntly,3,0,3
Jurvyel,3,0,3
Jürvyenn,3,0,3
Jurwel,3,0,3
Jurwentley,3,0,3
Jurwina,0,3,3
Jurwout,3,0,3
Jüry,3,0,3
Jurya,3,0,3
Juryaan,3,0,3
Juryai,0,3,3
Jurycienne,0,3,3
Jurydes,3,0,3
Juryef,3,0,3
Juryella,0,3,3
Juryen,3,0,3
Juryjan,3,0,3
Juryn,3,0,3
Jurynessa,0,3,3
Juryniö,3,0,3
Juryon,3,0,3
Jurzanif,0,3,3
Jusab,3,0,3
Jusaf,3,0,3
Jusainy,0,3,3
Jusaira,0,3,3
Jusairo,3,0,3
Jusalio,3,0,3
Jusana,0,3,3
Jusarah,0,3,3
Jusaya,3,0,3
Jusby,3,0,3
Juschemayo,3,0,3
Juscintha,0,3,3
Jusefa,0,3,3
Juselia,0,3,3
Juselino,3,0,3
Juserge,3,0,3
Juset,0,3,3
Juseta,0,3,3
Jusfchi,0,3,3
Jusfré,3,0,3
Jusha,3,0,3
Jushaidi,0,3,3
Jushaindro,3,0,3
Jushaira,0,3,3
Jushaylica,0,3,3
Jusherino,3,0,3
Jushin,3,0,3
Jushiv,3,0,3
Jushlino,3,0,3
Jushreya,0,3,3
Jushya,3,0,3
Jusianti,0,3,3
Jusilandia,0,3,3
Jusilia,0,3,3
Jusinta,0,3,3
Jusira,0,3,3
Jusje,0,3,3
Jusk,0,3,3
Juska,0,3,3
Jûske,0,3,3
Juskey,3,0,3
Juslain,3,0,3
Juslena,3,0,3
Jusley,3,0,3
Jusline,0,3,3
Juslyn,3,0,3
Jusmini,0,3,3
Jusnida,0,3,3
Jusnuel,3,0,3
Juson,3,0,3
Jusreiza,3,0,3
Jusrin,3,0,3
Jusry,3,0,3
Jussa,3,0,3
Jussef,3,0,3
Jussen,3,0,3
Jussie,0,3,3
Jussif,3,0,3
Jusstiena,0,3,3
Jussuela,0,3,3
Jussy,0,3,3
Just-Jan,3,0,3
Justain,3,0,3
Justelien,0,3,3
Justelle,0,3,3
Justen-Paul,3,0,3
Justephor,3,0,3
Juster,3,0,3
Justha,0,3,3
Justhen,3,0,3
Justhify,3,0,3
Justhiley,3,0,3
Justhine,0,3,3
Justhu,3,0,3
Juşti,0,3,3
Justianius,3,0,3
Justice-Arisa,0,3,3
Justice-Jayvhon,3,0,3
Justice-Levon,3,0,3
Justiën,3,0,3
Justienne,0,3,3
Justieno,3,0,3
Justifie,3,0,3
Justified,3,0,3
Justiina,0,3,3
Justín,3,0,3
Justin-Carlo,3,0,3
Justin-Chun,3,0,3
Justin-Dean,3,0,3
Justin-Donavan,3,0,3
Justin-Faith,3,0,3
Justin-Jay,3,0,3
Justin-Jesse,3,0,3
Justin-Joey,3,0,3
Justin-Julian,3,0,3
Justin-Lucas,3,0,3
Justin-Mark,3,0,3
Justin-Peter,3,0,3
Justin-Raoul,3,0,3
Justin-Ray,3,0,3
Justina-Bai,0,3,3
Justinae,0,3,3
Justinah,0,3,3
Justinca,0,3,3
Jüstine,0,3,3
Justine-Claire,0,3,3
Justines,3,0,3
Justinio,3,0,3
Justinka,0,3,3
Justise,3,0,3
Justisjah,0,3,3
Justitiel,3,0,3
Justiz,3,0,3
Justizya,0,3,3
Justlin,0,3,3
Justt,3,0,3
Jŭstus,3,0,3
Justus-Han,3,0,3
Justus-Jevon,3,0,3
Justuss,0,3,3
Justye,3,0,3
Justyne,0,3,3
Jusuél,3,0,3
Jüsuf,3,0,3
Jusuf-Abidin,3,0,3
Jusufkhan,3,0,3
Jusuph,3,0,3
Jusuuf,3,0,3
Jusyn,3,0,3
Jusyo,3,0,3
Jusztin,3,0,3
Jut,3,0,3
Jüta,0,3,3
Juta-Cato,0,3,3
Jutaylen,3,0,3
Jute,3,0,3
Jutenchaly-Ann,0,3,3
Juth,0,3,3
Juthka,0,3,3
Juthlyn,0,3,3
Juthson,3,0,3
Jutien,0,3,3
Jutinus,3,0,3
Jutitum,3,0,3
Jutje,0,3,3
Jutland,3,0,3
Jutrèvorley,0,3,3
Jutri,0,3,3
Jutrick,3,0,3
Jutruda,0,3,3
Jutter,3,0,3
Juttha,0,3,3
Juttina,0,3,3
Jutvenshelo,3,0,3
Juudje,0,3,3
Juuko,3,0,3
Juul-Güell,3,0,3
Juul-Jannes,3,0,3
Juul-Lotte,0,3,3
Juul-Marin,0,3,3
Juul-Vano,3,0,3
Juulcy,3,0,3
Juules,3,0,3
Juulia,0,3,3
Juuliano,3,0,3
Juulja,0,3,3
Juull,0,3,3
Juullite,0,3,3
Juully,0,3,3
Juulomi,0,3,3
Juulse,0,3,3
Juultje-Lieve,0,3,3
Juuluh,0,3,3
Juuna,0,3,3
Juunte,0,3,3
Juuntje,0,3,3
Juurdien,0,3,3
Juurina,0,3,3
Juurrientje,0,3,3
Juurtdina,0,3,3
Juustus,3,0,3
Juuth,0,3,3
Juutje,0,3,3
Juutse,0,3,3
Juuwls,0,3,3
Juva,3,0,3
Juvaina,0,3,3
Juvaine,3,0,3
Juvainely,0,3,3
Juvainley,3,0,3
Juvaisel,3,0,3
Juvana,0,3,3
Juvanida,0,3,3
Juvaniëll,3,0,3
Juvanio,3,0,3
Juvaro,3,0,3
Juvat,3,0,3
Juvayni,0,3,3
Juveane,3,0,3
Juveiro,3,0,3
Juvel,3,0,3
Juvela,0,3,3
Juveline,0,3,3
Juvelinio,3,0,3
Juveliño,3,0,3
Juvelino,3,0,3
Juvelis,0,3,3
Juvelli,0,3,3
Juvellincia,0,3,3
Juvelly,3,0,3
Juven,3,0,3
Juvenala,0,3,3
Juvenaldo,3,0,3
Juvenaris,3,0,3
Juvenata,0,3,3
Juvência,0,3,3
Juvendry,3,0,3
Juvenelli,3,0,3
Juvengio,3,0,3
Juvenil,3,0,3
Juvenilé,3,0,3
Juvenilio,3,0,3
Juvenille,3,0,3
Juvenilly,3,0,3
Juvenio,3,0,3
Juvenna,0,3,3
Juvenne,0,3,3
Juvennylo,3,0,3
Juvenyle,3,0,3
Juverly,3,0,3
Juvernijson,3,0,3
Juvernius,3,0,3
Juverno,3,0,3
Juverthy,3,0,3
Juvet,3,0,3
Juvia,0,3,3
Juvianna,0,3,3
Juvienca,0,3,3
Juviendëly,0,3,3
Juviëndrick,3,0,3
Juviëneley,0,3,3
Juviënely,0,3,3
Juviëngelly,3,0,3
Juviënne,0,3,3
Juvienska,0,3,3
Juviënsley,3,0,3
Juviensly,3,0,3
Juvientely,0,3,3
Juviently,3,0,3
Juviënton,3,0,3
Juvin,3,0,3
Juvina,0,3,3
Juvinal,3,0,3
Juvinalus,3,0,3
Juvinet,3,0,3
Juving,3,0,3
Juvino,3,0,3
Juvith,3,0,3
Juvone,3,0,3
Juvraaj,3,0,3
Juvyla,0,3,3
Juw,3,0,3
Juwa,3,0,3
Juwah,3,0,3
Juwaira,0,3,3
Juwairya,0,3,3
Juwan'El,3,0,3
Juwana,0,3,3
Juwanita,0,3,3
Juwanna,0,3,3
Juwaon,3,0,3
Juwaun,3,0,3
Juway,0,3,3
Juwayliya,0,3,3
Juwayra,0,3,3
Juwayrah,0,3,3
Juwé,3,0,3
Juweel,0,3,3
Juweldin,0,3,3
Juwelette,0,3,3
Juwelissa,0,3,3
Juwell-Yvie,0,3,3
Juwelle,0,3,3
Juwels,3,0,3
Juwelsen,3,0,3
Juwelson,3,0,3
Juwen,3,0,3
Juwendly,3,0,3
Juwendro,3,0,3
Juwendry,3,0,3
Juwendy,0,3,3
Juwenny,0,3,3
Juwentley,3,0,3
Juwer,3,0,3
Juweran,3,0,3
Juwil,0,3,3
Juwilangello,3,0,3
Juwin,3,0,3
Juwinita,0,3,3
Juwins,3,0,3
Juwrel,3,0,3
Juy,3,0,3
Juyan,0,3,3
Juyane,0,3,3
Juyeon,0,3,3
Juylius,3,0,3
Juzarsif,3,0,3
Juzary,3,0,3
Juzbay,3,0,3
Juze,0,3,3
Juzek,3,0,3
Juzeph,3,0,3
Juzette,0,3,3
Juzi,3,0,3
Juzia,0,3,3
Juzijntje,0,3,3
Juzina,0,3,3
Juzion,3,0,3
Juzjek,3,0,3
Juzra,0,3,3
Jvanio,3,0,3
Jvany,3,0,3
Jvianno,3,0,3
Jviano,3,0,3
Jvie,0,3,3
Jvika,0,3,3
JVMA,3,0,3
Jvon,3,0,3
Jvy,3,0,3
JWA,0,3,3
Jwaadnasir,3,0,3
Jwalapersad,3,0,3
Jwanyar,3,0,3
Jwendolyn,0,3,3
Jwgenija,0,3,3
JWH,3,0,3
Jwo,3,0,3
Jwonika,0,3,3
Jxaïjra,0,3,3
Jy'Avery,3,0,3
Jy-Amo,3,0,3
Jya,3,0,3
Jyaan,3,0,3
Jyael,3,0,3
Jyainy,0,3,3
Jyako,3,0,3
Jyalencia,0,3,3
Jyandro,3,0,3
Jyangelo,3,0,3
Jyani,0,3,3
Jyanla,0,3,3
Jyannis,0,3,3
Jyazzin,3,0,3
Jybbe,3,0,3
Jybe,3,0,3
Jyciano,3,0,3
Jycob,3,0,3
Jyelmiron,3,0,3
Jyendel,3,0,3
Jyenno,3,0,3
Jyeshtha,0,3,3
Jyesth,3,0,3
Jyestha,0,3,3
Jyh-Lei,3,0,3
Jyh-Mei,0,3,3
Jyhaddin,3,0,3
Jyhnairo,3,0,3
Jyhnee,3,0,3
Jyka,0,3,3
Jylaisha,0,3,3
Jylande,0,3,3
Jylane,0,3,3
Jylani,3,0,3
Jyldau,0,3,3
Jyldis,0,3,3
Jyle,3,0,3
Jyley,3,0,3
Jyliané,0,3,3
Jyliano,3,0,3
Jylisa,0,3,3
Jylla,0,3,3
Jylle,3,0,3
Jylles,3,0,3
Jyllize,0,3,3
Jyllz,0,3,3
Jylmar,3,0,3
Jylon,3,0,3
Jylona,0,3,3
Jylt,3,0,3
Jylvana,0,3,3
Jylze,0,3,3
Jyma,0,3,3
Jymaira,0,3,3
Jymairo,3,0,3
Jyman,0,3,3
Jymani,3,0,3
Jymano,3,0,3
Jymella,0,3,3
Jymme,3,0,3
Jymmie-Ray,3,0,3
Jyna,0,3,3
Jynaigely,0,3,3
Jynairo,3,0,3
Jynaro,3,0,3
Jynet,0,3,3
Jynia,0,3,3
Jynieldo,3,0,3
Jyno,3,0,3
Jynse,3,0,3
Jynus,0,3,3
Jynxx,0,3,3
Jyón,3,0,3
Jyonie,3,0,3
Jyot,0,3,3
Jyoti-Laxmiedevi,0,3,3
Jyotikaa,0,3,3
Jyotindra,3,0,3
Jyotis,0,3,3
Jyotisch,3,0,3
Jyotisha,0,3,3
Jyotishna,0,3,3
Jyotsana,0,3,3
Jyözö,3,0,3
Jyraily,3,0,3
Jyran,3,0,3
Jyrence,3,0,3
Jyrian,3,0,3
Jyrk,3,0,3
Jyrki,3,0,3
Jyrmo,3,0,3
Jyrna,0,3,3
Jyrone,3,0,3
Jyrralea,0,3,3
Jyrwa,0,3,3
Jyrxion,3,0,3
Jyseah,0,3,3
Jyske,0,3,3
Jyson,3,0,3
Jyssel,0,3,3
Jythaney,0,3,3
Jytin,3,0,3
Jyts,3,0,3
Jyut,0,3,3
Jyuzepe,3,0,3
Jyvaileon,3,0,3
Jyvaino,3,0,3
Jyvan,3,0,3
Jyvany,0,3,3
Jyvaro,3,0,3
Jyvon,3,0,3
Jywansa,3,0,3
Jyzelle,0,3,3
Jz-e,3,0,3
Jzaira,0,3,3
Jzi,0,3,3
Jæyson,3,0,3
Jøb,3,0,3
Jøcszef,3,0,3
Jørdis,0,3,3
Jørdy,3,0,3
Jøre,3,0,3
Jørgen-Peter,3,0,3
Jørgensen,3,0,3
Jørgenson,3,0,3
Jørgi,0,3,3
Jørgine,0,3,3
Jøri,3,0,3
Jørian,3,0,3
Jørine,0,3,3
Jørna,0,3,3
Jørney,0,3,3
Jørund,3,0,3
Jørvir,3,0,3
Jŉoah,3,0,3
