Name,Men,Women,Total
Klaas,32996,11,33007
Kim,870,27433,28303
Karin,115,26304,26419
Kevin,25250,60,25310
Karel,20752,153,20905
Koen,18129,30,18159
Kelly,303,10142,10445
Klazina,17,10242,10259
Kirsten,42,10216,10258
Kornelis,9911,0,9911
Katharina,255,7303,7558
Kees,6856,69,6925
Kimberley,18,6783,6801
Kimberly,13,6156,6169
Karlijn,3,5629,5632
Karen,31,5309,5340
Klasina,6,4691,4697
Klaasje,15,4433,4448
Kyra,15,4384,4399
Kay,4087,269,4356
Kiki,19,4333,4352
Kasper,3971,7,3978
Kai,3400,88,3488
Krijn,3476,3,3479
Kayleigh,10,3350,3360
Kaylee,6,3252,3258
Karina,36,3156,3192
Kristel,16,3082,3098
Kitty,21,3015,3036
Koenraad,2851,19,2870
Kornelia,5,2681,2686
Kenneth,2481,13,2494
Kyan,2443,7,2450
Keano,2374,0,2374
Katja,13,2085,2098
Kaj,2067,9,2076
Klaaske,3,1993,1996
Kris,1145,825,1970
Klaske,6,1902,1908
Kelvin,1881,0,1881
Kristian,1811,17,1828
Karim,1770,26,1796
Klara,17,1769,1786
Krista,3,1735,1738
Karl,1701,16,1717
Kate,3,1715,1718
Katinka,3,1681,1684
Kyara,3,1679,1682
Kaan,1564,0,1564
Kian,1469,10,1479
Koert,1461,3,1464
Kelsey,42,1376,1418
Khalid,1366,42,1408
Khadija,0,1366,1366
Kyano,1325,3,1328
Koos,1270,54,1324
Kaya,572,735,1307
Kick,1283,19,1302
Kenny,1247,16,1263
Karolina,5,1234,1239
Klaziena,3,1178,1181
Karst,1152,3,1155
Karsten,1099,3,1102
Kars,1071,0,1071
Karima,3,1059,1062
Kaoutar,0,1048,1048
Kristiaan,978,0,978
Kjell,934,3,937
Kumar,927,5,932
Kadir,922,3,925
Kristina,9,905,914
Kylian,884,28,912
Kjeld,898,3,901
Klaartje,3,859,862
Kerem,855,0,855
Kübra,0,854,854
Kiara,0,848,848
Krijntje,3,836,839
Kaatje,3,819,822
Kenji,770,10,780
Kira,3,770,773
Kane,715,7,722
Kathleen,7,711,718
Karoline,3,703,706
Kenan,683,0,683
Katarina,8,674,682
Kiran,389,286,675
Kyle,639,3,642
Karla,3,635,638
Kurt,625,11,636
Keimpe,635,0,635
Katrien,27,605,632
Krina,3,627,630
Kayra,342,271,613
Krijna,0,611,611
Korstiaan,607,3,610
Kylie,5,593,598
Kilian,590,7,597
Koosje,15,581,596
Keanu,574,7,581
Katie,0,573,573
Kaur,3,563,566
Kerim,558,5,563
Kristy,3,540,543
Katherina,21,503,524
Kemal,514,3,517
Kenzo,503,3,506
Ken,489,10,499
Kayla,3,478,481
Keet,0,479,479
Kishan,477,3,480
Kristine,3,469,472
Kathelijne,0,468,468
Kamiel,450,11,461
Karolien,3,451,454
Kenza,0,443,443
Karan,434,7,441
Kathy,3,435,438
Kamal,407,25,432
Kalle,420,6,426
Katrina,6,414,420
Kobus,412,0,412
Karine,3,388,391
Kee,70,322,392
Klaassien,0,388,388
Kirstin,3,373,376
Korneliske,0,370,370
Koray,365,3,368
Khan,325,39,364
Karien,7,352,359
Kors,353,3,356
Kaat,0,352,352
Keith,347,3,350
Krishna,320,26,346
Kornelius,340,3,343
Katherine,3,334,337
Kommer,333,3,336
Kyran,324,5,329
Kaja,108,213,321
Kit,240,81,321
Karlien,3,317,320
Kiona,0,319,319
Kato,18,296,314
Kaspar,302,8,310
Kyana,0,307,307
Klaas-Jan,295,0,295
Katelijne,3,287,290
Klazien,3,282,285
Kensi,0,282,282
Kirsty,3,281,284
Kayden,266,11,277
Koemar,273,0,273
Klasiena,0,271,271
Kamil,263,5,268
Killian,262,6,268
King,233,35,268
Koendert,268,0,268
Karianne,0,267,267
Kieran,248,6,254
Klazinus,251,0,251
Kavita,0,248,248
Klaassina,0,247,247
Klaassiena,0,244,244
Konrad,241,3,244
Kristie,0,244,244
Kristien,0,244,244
Karolus,240,3,243
Katharine,3,240,243
Kayne,241,0,241
Koene,239,0,239
Khalil,224,12,236
Karola,3,230,233
Kristin,0,232,232
Kathinka,0,229,229
Kerst,227,0,227
Kes,112,112,224
Kymani,193,29,222
Kendra,0,220,220
Kerstin,0,220,220
Kubilay,220,0,220
Krishan,217,0,217
Karishma,0,212,212
Kobe,194,15,209
Kornelisje,3,204,207
Käthe,5,199,204
Katerina,3,199,202
Keesje,11,188,199
Klaus,195,3,198
Kathelijn,0,198,198
Kiana,3,197,200
Kawtar,0,195,195
Kofi,194,0,194
Koba,3,187,190
Kik,174,13,187
Katy,3,182,185
Kaylie,3,182,185
Katrinus,183,0,183
Kayley,3,182,185
Kommertje,0,181,181
Khaled,136,43,179
Kristan,166,10,176
Kevser,3,174,177
Keira,0,172,172
Kaylin,14,156,170
Keshia,0,169,169
Kader,43,123,166
Karijn,3,162,165
Kimm,3,161,164
Klasien,0,165,165
Kniertje,0,164,164
Kari,21,141,162
Katalin,3,159,162
Kuzey,157,3,160
Kiano,157,0,157
Kyona,0,157,157
Kristen,21,135,156
Kwame,156,0,156
Keetje,0,154,154
Kaitlyn,0,151,151
Kajal,0,150,150
Katriena,3,147,150
Kees-Jan,145,0,145
Kwan,57,87,144
Katrijn,3,139,142
Kleis,141,0,141
Kubra,3,140,143
Kailey,5,135,140
Kika,3,137,140
Kwok,131,7,138
Kaylen,109,28,137
Korneel,135,3,138
Kürşat,136,0,136
Kingsley,133,3,136
Kimi,113,20,133
Kimmy,7,126,133
Konstantinos,131,3,134
Karlo,129,3,132
Katelijn,0,131,131
Koob,130,0,130
Kjelt,129,0,129
Kaily,3,127,130
Kirby,13,115,128
Kimora,0,127,127
Krystle,3,126,129
Kailash,125,3,128
Karelina,3,125,128
Kiet,121,5,126
Khaoula,0,125,125
Klasinus,125,0,125
Krystyna,3,122,125
Kaz,123,0,123
Kiek,10,113,123
Kingston,123,0,123
Kuno,121,3,124
Kristi,3,120,123
Keyano,119,0,119
Keisha,0,117,117
Kornelus,117,0,117
Kavish,115,0,115
Kwabena,114,0,114
Karlijne,0,112,112
Katharinus,112,0,112
Kazim,110,0,110
Kimo,95,9,104
Kiyan,104,0,104
Kareem,102,3,105
Klaasina,0,103,103
Kommerina,0,102,102
Kwaku,101,3,104
Kirsti,0,101,101
Keziban,0,100,100
Kariem,98,3,101
Kishen,99,0,99
Klarissa,0,99,99
Kardelen,0,98,98
Klarina,0,98,98
Kaithlyn,0,97,97
Kean,96,3,99
Klaasjan,96,0,96
Kenzi,22,73,95
Karam,91,3,94
Klasine,3,93,96
Kaleb,93,0,93
Katelynn,0,93,93
Khloé,0,93,93
Korstiana,0,93,93
Kumari,0,93,93
Kyllian,91,3,94
Kady,0,91,91
Kara,3,87,90
Karuna,8,83,91
Keyan,90,3,93
Kirti,3,89,92
Kerwin,89,3,92
Kajol,0,89,89
Kenrick,89,0,89
Kien,82,7,89
Kalinka,0,88,88
Kristianne,0,88,88
Kyo,75,13,88
Karol,85,3,88
Kwasi,86,0,86
Kiefer,84,3,87
Kundina,0,84,84
Kea,3,80,83
Klaar,68,15,83
Koeno,83,0,83
Kayan,71,11,82
Korné,82,0,82
Katarzyna,3,79,82
Kylan,80,3,83
Kadriye,0,80,80
Kaylinn,0,80,80
Kalina,0,79,79
Kezban,0,79,79
Klazine,0,79,79
Kristof,79,0,79
Kaia,9,69,78
Kicky,7,71,78
Kimber,3,76,79
Kina,5,73,78
Kaitlin,0,77,77
Keshav,77,0,77
Krispijn,77,0,77
Kunje,0,77,77
Kirstie,0,76,76
Katelyn,0,75,75
Kazimierz,75,0,75
Kağan,74,0,74
Kor,71,3,74
Krissy,0,74,74
Kasim,70,3,73
Kyro,72,3,75
Kyomi,3,71,74
Karsien,68,3,71
Kenley,62,9,71
Kiyomi,0,71,71
Kuinira,0,71,71
Kennedy,53,17,70
Klaes,70,0,70
Korina,0,70,70
Kyani,38,32,70
Kaye,44,25,69
Kerensa,3,68,71
Klaudia,3,66,69
Krisje,0,69,69
Kenna,5,63,68
Konstantin,68,0,68
Korine,0,68,68
Ky-mani,62,6,68
Kemâl,67,0,67
Khanh,31,36,67
Kok,62,5,67
Keltoum,3,65,68
Kendrick,66,0,66
Kester,66,0,66
Khang,64,3,67
Kiyana,0,66,66
Konstantijn,66,0,66
Károly,58,7,65
Kawita,0,65,65
Knelske,0,65,65
Kaiden,64,0,64
Kaïn,64,0,64
Kazimir,64,0,64
Kizzy,3,62,65
Kornelske,0,64,64
Kynan,63,3,66
Kaouthar,0,62,62
Kasimir,62,0,62
Kess,23,39,62
Kong,62,0,62
Karmen,0,61,61
Kassandra,0,61,61
Kaydee,7,54,61
Kent,61,0,61
Khushi,0,61,61
Kirstine,0,61,61
Kitana,0,61,61
Kathalijne,0,60,60
Kellie,3,58,61
Komal,3,59,62
Kürşad,60,0,60
Kayo,53,6,59
Kie,37,22,59
Ky-Mani,55,3,58
Kaelan,57,3,60
Kendall,25,33,58
Koenradus,57,3,60
Krystel,0,58,58
Kwint,58,0,58
Karline,0,57,57
Kaylan,54,3,57
Kelsy,3,56,59
Keri,3,55,58
Kartini,0,56,56
Kayhan,56,0,56
Kyrill,54,3,57
Keona,3,53,56
Kirana,3,53,56
Kyaro,55,0,55
Kyla,3,54,57
Kaine,53,3,56
Keoni,49,5,54
Kikki,3,51,54
Kyandro,54,0,54
Kamilla,0,53,53
Keenan,52,3,55
Keetie,0,53,53
Kenai,52,3,55
Kora,0,53,53
Kornel,52,3,55
Kristijan,53,0,53
Kamel,40,12,52
Keane,52,0,52
Keke,18,34,52
Kersten,18,34,52
Kiem,25,27,52
Karenina,0,51,51
Kenzie,23,28,51
Kiomi,0,51,51
Kiri,3,48,51
Kıvanç,51,0,51
Kiyara,0,51,51
Korien,0,51,51
Kriena,0,51,51
Kwadwo,51,0,51
Kwinten,51,0,51
Kyenna,3,50,53
Kabir,50,0,50
Kelley,5,45,50
Kenya,3,48,51
Klarinda,0,50,50
Koemarie,0,50,50
Kojo,50,0,50
Kwong,49,3,52
Kamran,43,6,49
Karl-Heinz,48,3,51
Keije,48,3,51
Keysha,0,49,49
Kaley,3,46,49
Kâmil,48,0,48
Karsina,0,48,48
Kashif,46,3,49
Katya,0,48,48
Kimball,23,25,48
Kunera,0,48,48
Kwesi,48,0,48
Kyen,48,0,48
Kaajal,0,47,47
Kaira,5,42,47
Kamila,0,47,47
Kang,39,8,47
Karmijn,3,45,48
Karo,22,25,47
Keo,47,0,47
Konadu,15,32,47
Kathalina,0,46,46
Kennard,46,0,46
Kunegonda,3,45,48
Kain,45,0,45
Kalijn,0,45,45
Kate-Lynn,0,45,45
Keung,44,3,47
Keziah,3,42,45
Kymora,0,45,45
Keoma,35,9,44
Kieke,0,44,44
Kieu,3,43,46
Krystian,44,0,44
Kailyn,0,43,43
Katalina,0,43,43
Kelt,43,0,43
Keyon,43,0,43
Khadijah,0,43,43
Kimani,22,21,43
Kinga,3,41,44
Kiu,22,21,43
Korrie,3,40,43
Kyann,43,0,43
Kaithlynn,0,42,42
Kajsa,0,42,42
Karsjen,42,0,42
Kartika,0,42,42
Keje,39,3,42
Khloë,0,42,42
Kyon,37,5,42
Kani,15,26,41
Karma,9,32,41
Katia,0,41,41
Katoo,3,40,43
Kaylah,0,41,41
Khallil,41,0,41
Kimmo,37,3,40
Kiraz,0,41,41
Kiymet,0,41,41
Klaarke,0,41,41
Klamer,41,0,41
Krientje,0,41,41
Krishen,41,0,41
Kunna,0,41,41
Kyrian,40,3,43
Kawthar,0,40,40
Kirsi,0,40,40
Konraad,40,0,40
Krish,39,3,42
Krissie,0,40,40
Kumarie,0,40,40
Katrine,0,39,39
Khai,38,3,41
Kike,3,35,38
Klarinus,39,0,39
Kun,27,12,39
Kah,23,15,38
Kasperdina,0,38,38
Kenn,38,0,38
Koopje,0,38,38
Kuindert,38,0,38
Kuinera,0,38,38
Kaelynn,0,37,37
Kamar,7,30,37
Kareline,3,36,39
Karleen,0,37,37
Karssien,37,0,37
Kautar,0,37,37
Keely,0,37,37
Kid,35,3,38
Kjel,36,3,39
Kornelie,0,37,37
Kallista,0,36,36
Kamille,3,35,38
Karlina,3,35,38
Kayle,23,13,36
Keesjan,36,0,36
Kenjiro,36,0,36
Kenzy,9,27,36
Kezia,3,35,38
Klazes,28,8,36
Kleisje,0,36,36
Knelsina,0,36,36
Krien,33,3,36
Kyron,32,3,35
Kailani,0,35,35
Kaisa,0,35,35
Karsje,0,35,35
Karste,35,0,35
Kempe,35,0,35
Kiera,0,35,35
Koertdina,0,35,35
Krzysztof,35,0,35
Kaelyn,3,32,35
Kan,30,3,33
Kenney,34,0,34
Kirill,33,3,36
Koko,7,27,34
Krieno,34,0,34
Kyrah,0,34,34
Kahraman,33,0,33
Kamilia,0,33,33
Karian,3,32,35
Kathryn,0,33,33
Kayen,31,3,34
Kely,0,33,33
Key,28,5,33
Keyana,0,33,33
Kiani,5,28,33
Kisha,3,31,34
Kodjo,33,0,33
Koenradina,3,31,34
Kunny,0,33,33
Kadiatou,0,32,32
Kaitlynn,0,32,32
Kathlyn,3,31,34
Kauthar,0,32,32
Khatoon,0,32,32
Khoa,32,0,32
Khouloud,0,32,32
Kiyano,32,0,32
Klemens,31,3,34
Klement,32,0,32
Kristiane,0,32,32
Kudret,24,8,32
Kuna,3,31,34
Kunnigje,0,32,32
Kaiya,5,26,31
Karenza,3,29,32
Kia,10,21,31
Kimaya,0,31,31
Knox,30,3,33
Kristopher,31,0,31
Kadija,0,30,30
Kalani,18,12,30
Karoly,20,10,30
Kartal,30,0,30
Kausar,3,28,31
Khatoen,0,30,30
Kinke,0,30,30
Klazientje,0,30,30
Ksenia,0,30,30
Kahlan,3,28,31
Kathrina,3,28,31
Katrijntje,0,29,29
Kawa,28,3,31
Keanan,29,0,29
Kelis,0,29,29
Kesia,3,28,31
Kinge,3,28,31
Kittie,0,29,29
Kristal,0,29,29
Kymo,27,3,30
Kysha,0,29,29
Kae,8,20,28
Kaija,3,26,29
Kamile,3,26,29
Katerine,0,28,28
Kay-Lee,3,27,30
Keng,20,8,28
Keren,5,23,28
Keyla,0,28,28
Kimara,0,28,28
Kirtie,3,27,30
Kody,27,3,30
Krijnie,0,28,28
Krisztina,0,28,28
Kuba,28,0,28
Kuintje,0,28,28
Kwadjo,28,0,28
Kaï,27,0,27
Kali,6,21,27
Kamla,0,27,27
Kareena,0,27,27
Karolijn,0,27,27
Karstina,0,27,27
Käthy,3,26,29
Kayli,0,27,27
Klarien,3,26,29
Knud,27,0,27
Kobi,6,21,27
Krisna,19,8,27
Kadeem,25,3,28
Karly,3,22,25
Karwan,22,3,25
Kayin,23,3,26
Keana,0,26,26
Kelian,21,5,26
Klaasiena,0,26,26
Klarine,0,26,26
Kolja,25,3,28
Kumru,0,26,26
Kundera,0,26,26
Kundert,26,0,26
Kwin,25,3,28
Kyarah,0,26,26
Kadiriye,0,25,25
Karli,9,16,25
Karlin,0,25,25
Kaylian,24,3,27
Kaylynn,0,25,25
Keara,0,25,25
Kemi,3,24,27
Keon,25,0,25
Keven,24,3,27
Kiam,24,3,27
Kiley,16,9,25
Kirankumar,25,0,25
Kiron,19,6,25
Korhan,25,0,25
Kornee,25,0,25
Kos,25,0,25
Kaleigh,0,24,24
Kalista,0,24,24
Karisma,0,24,24
Kashmira,0,24,24
Kassem,20,3,23
Katara,0,24,24
Katey,3,23,26
Katleen,3,23,26
Kayn,24,0,24
Kendal,16,8,24
Kinan,24,0,24
Kirty,3,23,26
Kite,23,3,26
Konstant,23,3,26
Korving,24,0,24
Kuen,14,10,24
Kyanu,23,3,26
Kyell,22,3,25
Kamala,3,22,25
Karelien,0,23,23
Karlein,0,23,23
Karoliena,0,23,23
Katarine,0,23,23
Kathariena,3,22,25
Kati,3,22,25
Katrientje,0,23,23
Kawish,23,0,23
Kazimier,23,0,23
Kenyi,22,3,25
Kiko,15,8,23
Kimia,3,22,25
Kinza,0,23,23
Kivanç,23,0,23
Klarie,0,23,23
Kosse,22,3,25
Kristoff,23,0,23
Kristoffer,23,0,23
Kya,3,22,25
Kye,21,3,24
Kylano,23,0,23
Kamini,0,22,22
Käte,3,20,23
Kâzim,22,0,22
Kellan,20,3,23
Kesley,6,16,22
Ket,16,6,22
Khalifa,17,5,22
Kholoud,0,22,22
Kirtan,21,3,24
Klaas-Willem,22,0,22
Klaasien,3,21,24
Klariska,0,22,22
Kreszentia,0,22,22
Krijno,22,0,22
Kundertje,0,22,22
Kunigunda,0,22,22
Kálmán,21,0,21
Kamlesh,21,0,21
Kanwal,3,19,22
Kanye,21,0,21
Kasperina,0,21,21
Kathelyne,0,21,21
Katina,3,20,23
Katolina,3,20,23
Katrin,0,21,21
Kayal,0,21,21
Kéano,21,0,21
Keaton,21,0,21
Keen,17,3,20
Kersti,0,21,21
Kest,21,0,21
Kevan,20,3,23
Kimon,21,0,21
Kiomy,3,20,23
Kiril,21,0,21
Kishore,19,3,22
Knut,21,0,21
Kolya,21,0,21
Konstantina,0,21,21
Kosta,21,0,21
Kostas,21,0,21
Kourosh,21,0,21
Kuan,11,10,21
Kwang,13,8,21
Kyah,3,19,22
Kyshaira,0,21,21
Kaey,20,0,20
Karas,20,0,20
Kariena,0,20,20
Kariene,0,20,20
Karlos,20,0,20
Karlyn,0,20,20
Kasia,0,20,20
Kaylani,3,19,22
Keelan,18,3,21
Keeley,0,20,20
Kellen,19,3,22
Kelso,19,3,22
Kervin,20,0,20
Ketsia,0,20,20
Ketura,0,20,20
Keylie,3,19,22
Kez,16,3,19
Kimberlie,0,20,20
Kimiya,0,20,20
Kirina,0,20,20
Kishaya,0,20,20
Kjersti,0,20,20
Kjille,3,16,19
Klaasjen,0,20,20
Kore,3,16,19
Korinne,0,20,20
Korstina,0,20,20
Kristijn,15,5,20
Kunigunde,3,19,22
Kusi,15,5,20
Kusuma,12,8,20
Kwun,8,12,20
Kahlen,3,18,21
Kaila,0,19,19
Kaio,19,0,19
Kareshma,0,19,19
Karsiena,0,19,19
Kartinie,0,19,19
Kasandra,0,19,19
Kasja,0,19,19
Kathalijn,0,19,19
Katlijn,0,19,19
Kay-Leigh,0,19,19
Kaylash,19,0,19
Kaylyn,0,19,19
Kealy,0,19,19
Kelechi,10,9,19
Kenay,19,0,19
Kenyon,19,0,19
Kerime,0,19,19
Khadar,18,3,21
Kibar,3,16,19
Kieron,19,0,19
Kima,3,16,19
Kishna,19,0,19
Koon,15,3,18
Kootje,6,13,19
Korneles,19,0,19
Krelis,19,0,19
Kristoffel,19,0,19
Kung,15,3,18
Kaay,18,0,18
Kacem,18,0,18
Kacper,18,0,18
Kaelin,6,12,18
Karani,18,0,18
Karoliene,0,18,18
Kathrin,0,18,18
Katootje,0,18,18
Kavitadevi,0,18,18
Kealan,18,0,18
Keegan,18,0,18
Keiran,18,0,18
Kelcy,3,17,20
Kellin,15,3,18
Kennith,18,0,18
Keye,18,0,18
Khalissa,0,18,18
Kiren,7,11,18
Klarieke,0,18,18
Klaziene,0,18,18
Korijn,16,3,19
Krishnadath,18,0,18
Krister,18,0,18
Kumara,16,3,19
Kunegonde,0,18,18
Kylana,0,18,18
Kyte,18,0,18
Kaate,3,16,19
Kaeden,16,3,19
Kaela,3,16,19
Kaithlin,0,17,17
Kanter,17,0,17
Kapoor,14,3,17
Karoena,0,17,17
Katholina,0,17,17
Keete,0,17,17
Kerry,6,11,17
Khymo,13,3,16
Kiaro,17,0,17
Kino,15,3,18
Kirsha,0,17,17
Klari,0,17,17
Knelsien,0,17,17
Kobie,3,15,18
Kostijn,17,0,17
Kristiana,0,17,17
Kunnechien,0,17,17
Kunnegonda,0,17,17
Kurtuluş,15,3,18
Kwasiba,0,17,17
Kyrano,17,0,17
Kadjel,0,16,16
Kagan,16,0,16
Kahan,16,0,16
Kailen,16,0,16
Kajetan,16,0,16
Kâmile,0,16,16
Kaneesha,0,16,16
Karmin,11,5,16
Kasey,9,7,16
Kathrine,0,16,16
Kaycee,6,10,16
Kaylisha,0,16,16
Keandro,16,0,16
Keita,10,6,16
Kelcey,3,12,15
Keno,16,0,16
Keyshia,0,16,16
Kha,9,7,16
Kheira,0,16,16
Khira,0,16,16
Kiat,12,3,15
Kièro,16,0,16
Kirsa,0,16,16
Koby,3,13,16
Köksal,16,0,16
Korstianus,16,0,16
Krisnadath,16,0,16
Krist,16,0,16
Kristo,16,0,16
Krystina,0,16,16
Kunal,16,0,16
Kylène,0,16,16
Kaân,15,0,15
Kadisha,3,14,17
Kadri,12,3,15
Kailynn,0,15,15
Kais,15,0,15
Kami,7,8,15
Karellina,0,15,15
Karinka,3,13,16
Kathelina,0,15,15
Kelly-Ann,0,15,15
Kem,11,3,14
Kèvin,15,0,15
Khadidja,0,15,15
Khadra,3,14,17
Khawla,0,15,15
Khurram,13,3,16
Kirin,3,11,14
Kirk,15,0,15
Kirolos,15,0,15
Klarijn,0,15,15
Klijs,15,0,15
Koelsoem,0,15,15
Krishnapersad,15,0,15
Krisja,0,15,15
Kym,0,15,15
Kymairo,15,0,15
Kyrsten,0,15,15
Kyvano,15,0,15
Kacey,3,13,16
Kaito,14,0,14
Kajan,12,3,15
Karahan,14,0,14
Karena,0,14,14
Karlie,3,13,16
Karun,14,0,14
Karyn,0,14,14
Kassim,13,3,16
Kathrien,3,13,16
Kavin,10,3,13
Kayahan,14,0,14
Kaylo,14,0,14
Kaylon,12,3,15
Kaysa,0,14,14
Kehlani,0,14,14
Kell,14,0,14
Kemen,14,0,14
Kempes,14,0,14
Kemy,8,6,14
Kenjy,14,0,14
Kensy,7,7,14
Kerewin,3,13,16
Kewita,0,14,14
Khee,7,7,14
Kiesha,0,14,14
Kije,14,0,14
Kil,14,0,14
Kilan,14,0,14
Kimmie,3,13,16
Kinsey,3,12,15
Kirian,13,3,16
Kiro,14,0,14
Kjelld,14,0,14
Klaas-Pieter,14,0,14
Klaris,8,6,14
Klazienus,14,0,14
Kodi,13,3,16
Koemari,0,14,14
Koenrardus,14,0,14
Konradus,14,0,14
Konstandinos,14,0,14
Koutar,0,14,14
Krin,13,3,16
Kristianus,14,0,14
Kweku,13,3,16
Kyenzo,14,0,14
Kyung,6,8,14
Kaarina,0,13,13
Kael,13,0,13
Kaeley,0,13,13
Kahlil,13,0,13
Kalea,0,13,13
Kalil,12,3,15
Kaltoum,0,13,13
Karankumar,13,0,13
Kardo,11,3,14
Kareltje,8,5,13
Karem,13,0,13
Karinne,0,13,13
Karman,8,5,13
Karos,13,0,13
Kasem,12,3,15
Kasım,13,0,13
Kasra,13,0,13
Kassina,3,12,15
Kathalijntje,3,11,14
Kathe,3,12,15
Kawieta,0,13,13
Keagan,13,0,13
Kéan,13,0,13
Keiko,3,11,14
Kelan,12,3,15
Kelby,3,9,12
Keli,3,12,15
Kelsi,3,11,14
Kelwin,13,0,13
Kenisha,0,13,13
Kesha,3,12,15
Keshawn,13,0,13
Keyara,0,13,13
Khing,10,3,13
Khloe,0,13,13
Kijan,13,0,13
Kiky,0,13,13
Kimberlin,0,13,13
Kine,0,13,13
Kismet,3,12,15
Kisna,13,0,13
Kito,13,0,13
Kiyo,10,3,13
Kjelle,10,3,13
Klaassen,13,0,13
Klarisa,0,13,13
Koert-Jan,13,0,13
Korinna,0,13,13
Krino,13,0,13
Kriss,3,11,14
Kristiena,0,13,13
Kunnie,0,13,13
Kuo,10,3,13
Kwami,13,0,13
Kwie,7,6,13
Kymara,0,13,13
Kyriakos,13,0,13
Kytana,0,13,13
Kadirhan,12,0,12
Kadjal,0,12,12
Kaelen,11,3,14
Kaemon,12,0,12
Kaeye,12,0,12
Kaida,3,11,14
Kajo,12,0,12
Kalinda,0,12,12
Kalisha,0,12,12
Kalpana,0,12,12
Karel-Jan,12,0,12
Karn,11,3,14
Karolijne,3,11,14
Karst-Jan,12,0,12
Kaspert,12,0,12
Katariena,0,12,12
Katharien,3,11,14
Kathelyn,0,12,12
Kathlijn,0,12,12
Katinga,0,12,12
Katrijna,0,12,12
Katusha,0,12,12
Kayani,9,3,12
Kayl,12,0,12
Kefas,12,0,12
Kelton,12,0,12
Kenz,12,0,12
Keturah,0,12,12
Keyane,11,3,14
Keyshawn,12,0,12
Khaalid,12,0,12
Khaddouj,0,12,12
Khalida,0,12,12
Khen,12,0,12
Khiem,11,3,14
Khoi,12,0,12
Khyan,12,0,12
Kiany,6,6,12
Kicki,3,11,14
Kila,0,12,12
Kimbely,0,12,12
Kinny,3,10,13
Kion,12,0,12
Kishaira,0,12,12
Kita,3,11,14
Kiyaan,10,3,13
Kjetil,12,0,12
Klarinde,0,12,12
Klasientje,0,12,12
Koertina,0,12,12
Koji,11,3,14
Konstanty,12,0,12
Kour,0,12,12
Kriene,12,0,12
Krishnakumar,9,3,12
Kristiene,0,12,12
Krisztián,12,0,12
Krit,11,3,14
Kuang,10,3,13
Kuiniera,0,12,12
Kumi,5,7,12
Kumsal,0,12,12
Kune,5,7,12
Küpra,0,12,12
Kürsat,12,0,12
Kyei,6,6,12
Kyenno,12,0,12
Kylee,0,12,12
Kyoko,0,12,12
Kyrana,0,12,12
Kyria,0,12,12
Kadem,8,3,11
Kaij,11,0,11
Kail,11,0,11
Kaileigh,0,11,11
Kairo,11,0,11
Kalin,3,7,10
Kamlawatie,0,11,11
Kamuran,6,5,11
Kanoa,9,3,12
Karanina,0,11,11
Kari-Anne,0,11,11
Karinus,11,0,11
Karlheinz,10,3,13
Karym,11,0,11
Katalijne,0,11,11
Katriene,0,11,11
Kawin,8,3,11
Kayleen,0,11,11
Kayro,11,0,11
Kealey,0,11,11
Keani,6,5,11
Keenen,10,3,13
Keja,3,9,12
Kelli,3,8,11
Kenrich,11,0,11
Kenson,11,0,11
Kerstje,0,11,11
Kesi,3,7,10
Kete,0,11,11
Kewin,10,3,13
Khaan,11,0,11
Khalaf,3,7,10
Khalek,11,0,11
Khin,10,3,13
Khong,9,3,12
Khusi,0,11,11
Khyra,0,11,11
Kiandra,0,11,11
Kianna,0,11,11
Kijn,7,3,10
Kiné,0,11,11
Kiowa,3,7,10
Klára,0,11,11
Klarisse,0,11,11
Klary,0,11,11
Klim,10,3,13
Knillis,11,0,11
Kobbe,11,0,11
Kobina,8,3,11
Koerdina,0,11,11
Kolijn,9,3,12
Koot,9,3,12
Korver,8,3,11
Krystal,0,11,11
Kum,8,3,11
Kunnegien,0,11,11
Kunno,11,0,11
Kwamina,11,0,11
Kyoma,3,9,12
Kyoni,7,3,10
Ka-Lok,10,0,10
Kaba,5,5,10
Kadi,3,9,12
Kahina,0,10,10
Kahn,10,0,10
Kailan,8,3,11
Kailee,0,10,10
Kalevi,10,0,10
Kalia,0,10,10
Kalvin,10,0,10
Kamber,10,0,10
Kamilah,0,10,10
Kampe,10,0,10
Kanisha,0,10,10
Karansingh,10,0,10
Karar,10,0,10
Karis,3,7,10
Karolin,0,10,10
Karstiena,0,10,10
Kartik,10,0,10
Kashmir,8,3,11
Kata,0,10,10
Kathie,0,10,10
Katiba,0,10,10
Katri,0,10,10
Kayi,3,9,12
Kayly,0,10,10
Kayran,10,0,10
Kazimiera,0,10,10
Keeke,0,10,10
Kekeli,7,3,10
Kemalettin,10,0,10
Kenly,8,3,11
Kentaro,10,0,10
Keremcan,10,0,10
Kesper,10,0,10
Kewan,10,0,10
Keyani,3,7,10
Keyleigh,0,10,10
Khadim,9,3,12
Khik,5,5,10
Kiaya,3,9,12
Kiliaan,10,0,10
Kiliana,0,10,10
Kim-Lian,0,10,10
Kimberlee,0,10,10
Kiora,3,9,12
Kitt,6,3,9
Kizito,6,3,9
Kliwon,10,0,10
Knelsje,0,10,10
Kobes,10,0,10
Kodyo,10,0,10
Koenrad,10,0,10
Koffi,10,0,10
Kon,9,3,12
Konstanze,0,10,10
Koo,5,5,10
Korinda,0,10,10
Krein,10,0,10
Krienje,0,10,10
Krienus,10,0,10
Kristle,0,10,10
Kűbra,0,10,10
Kübranur,0,10,10
Kunigonda,3,9,12
Kunne,3,9,12
Kwai,3,6,9
Kwakoe,10,0,10
Kwarteng,8,3,11
Kyamo,9,3,12
Kyliana,0,10,10
Kymaira,0,10,10
Kyna,3,9,12
Kyonne,0,10,10
Kyriaki,0,10,10
Kyrillos,10,0,10
Kyshairo,10,0,10
Kadek,6,3,9
Kahin,3,5,8
Kai-Arne,9,0,9
Kaim,9,0,9
Kairi,3,7,10
Kalena,0,9,9
Kamau,9,0,9
Kanita,0,9,9
Kanza,0,9,9
Karna,3,7,10
Karoy,9,0,9
Kassiena,0,9,9
Katarinus,9,0,9
Katelyne,0,9,9
Kathrinus,9,0,9
Katjana,0,9,9
Kaveeta,0,9,9
Kaylana,0,9,9
Keandra,0,9,9
Kehinde,3,7,10
Keighley,0,9,9
Keir,9,0,9
Kel,8,3,11
Kelsie,0,9,9
Kelvyn,9,0,9
Kelyn,3,7,10
Kenia,0,9,9
Kenta,9,0,9
Kento,9,0,9
Kerimcan,9,0,9
Kersje,3,7,10
Kerziban,0,9,9
Keshaw,9,0,9
Kesse,8,3,11
Kévin,9,0,9
Kevita,0,9,9
Keyhan,9,0,9
Keylan,9,0,9
Khaila,0,9,9
Khaleesi,0,9,9
Khe,7,3,10
Khuong,9,0,9
Kibo,9,0,9
Kida,0,9,9
Kidus,9,0,9
Kieren,6,3,9
Kijani,9,0,9
Kikkie,3,8,11
Kimiko,0,9,9
Kimya,0,9,9
Kinske,0,9,9
Kioni,3,8,11
Kirke,3,7,10
Kivanc,8,3,11
Kiyen,9,0,9
Kiyoshi,8,3,11
Kjartan,9,0,9
Klaassinus,9,0,9
Klaazina,0,9,9
Klare,0,9,9
Klassina,3,8,11
Klazines,9,0,9
Klementine,0,9,9
Knierke,0,9,9
Koertje,0,9,9
Komel,3,5,8
Kores,8,3,11
Korvink,9,0,9
Kosmo,9,0,9
Krieshan,9,0,9
Krikor,9,0,9
Kristelle,0,9,9
Kristinus,9,0,9
Kriston,9,0,9
Ksenija,3,8,11
Kübrâ,0,9,9
Kumarsingh,9,0,9
Kunder,9,0,9
Kushal,9,0,9
Kwakye,6,3,9
Kwee,5,3,8
Kyam,9,0,9
Kyanna,0,9,9
Kyanno,9,0,9
Kyeno,9,0,9
Kylo,9,0,9
Kyrie,3,5,8
Kyshana,0,9,9
Kyshawn,9,0,9
Ka-Wing,7,3,10
Kadidja,0,8,8
Kadim,8,0,8
Kae-Lynn,0,8,8
Kaël,7,3,10
Kaeleigh,0,8,8
Kaely,0,8,8
Kaĝan,8,0,8
Kairos,8,0,8
Kaiser,8,0,8
Kaisha,0,8,8
Kaithly,0,8,8
Kala,3,5,8
Kalasina,0,8,8
Kalila,0,8,8
Kalu,6,3,9
Kalyani,0,8,8
Kamaal,8,0,8
Kambiz,8,0,8
Kamelia,0,8,8
Kamelya,0,8,8
Karandeep,8,0,8
Karinda,0,8,8
Karlotte,0,8,8
Katelientje,0,8,8
Katelin,0,8,8
Kausilia,0,8,8
Kaveh,8,0,8
Kay-Arne,8,0,8
Kay-leigh,0,8,8
Kayano,8,0,8
Kâzım,8,0,8
Kazım,8,0,8
Keat,7,3,10
Keiji,8,0,8
Keley,3,7,10
Kélian,7,3,10
Kelie,0,8,8
Kelisha,0,8,8
Kelson,8,0,8
Kemp,8,0,8
Kennan,8,0,8
Kennie,7,3,10
Kenno,8,0,8
Kensey,3,5,8
Kenshin,8,0,8
Kensley,8,0,8
Kep,8,0,8
Kera,3,7,10
Keran,3,3,6
Kerolos,8,0,8
Kerr,8,0,8
Keterina,0,8,8
Kevyn,8,0,8
Keyra,0,8,8
Keyshaira,0,8,8
Keywan,7,3,10
Keza,0,8,8
Khader,7,3,10
Kharim,7,3,10
Khaya,3,3,6
Khiara,0,8,8
Khôi,7,3,10
Khurshid,3,5,8
Khyara,0,8,8
Kiandro,8,0,8
Kiira,0,8,8
Kijara,0,8,8
Kinaya,0,8,8
Kingsly,8,0,8
Kinou,3,6,9
Kiong,7,3,10
Kirandeep,3,7,10
Kishana,0,8,8
Kishankumar,8,0,8
Kishenkumar,8,0,8
Kishor,8,0,8
Kissy,0,8,8
Kiyani,5,3,8
Kiyaro,8,0,8
Kıymet,0,8,8
Kiyona,0,8,8
Klaais,8,0,8
Klarus,8,0,8
Kleijs,8,0,8
Koenraat,8,0,8
Kokkie,3,3,6
Konradina,0,8,8
Konradine,0,8,8
Konstantine,3,7,10
Koranteng,6,3,9
Kornelezina,0,8,8
Kostantinos,8,0,8
Kostiaan,8,0,8
Kowsar,0,8,8
Krelia,0,8,8
Kries,8,0,8
Krischan,8,0,8
Krishne,7,3,10
Krisjan,8,0,8
Kryn,8,0,8
Kryna,0,8,8
Kubulay,8,0,8
Kueng,8,0,8
Kuindertje,0,8,8
Kumaar,8,0,8
Kumba,0,8,8
Kundra,0,8,8
Kunigonde,3,7,10
Kunnegiena,0,8,8
Kurniawan,7,3,10
Kürsad,8,0,8
Kutay,8,0,8
Kyandra,0,8,8
Kyanne,0,8,8
Kyleigh,0,8,8
Kyler,7,3,10
Kyril,7,3,10
Ka-Chun,7,0,7
Ka-Ho,7,0,7
Ka-Ming,6,3,9
Ka-Yee,0,7,7
Kachiri,3,6,9
Kadia,0,7,7
Kafui,3,3,6
Kaho,7,0,7
Kaidy,0,7,7
Kaihan,7,0,7
Kailesh,7,0,7
Kailin,3,6,9
Kainaat,0,7,7
Kaïs,6,3,9
Kaisar,5,3,8
Kajel,0,7,7
Kalawatie,0,7,7
Kaling,3,6,9
Kalman,7,0,7
Kalonji,7,0,7
Kaltrina,0,7,7
Kalyan,6,3,9
Kalysha,0,7,7
Kamara,3,5,8
Kamlish,7,0,7
Kampo,7,0,7
Kamyar,7,0,7
Kana,3,3,6
Kankam,6,3,9
Kaori,3,5,8
Kaouter,0,7,7
Karabey,7,0,7
Karensa,0,7,7
Karijne,0,7,7
Karliene,0,7,7
Karole,0,7,7
Karsientje,0,7,7
Karsinah,0,7,7
Karsu,0,7,7
Karunia,3,6,9
Kasha,0,7,7
Kasparius,7,0,7
Kasparus,7,0,7
Kassahun,5,3,8
Kassander,7,0,7
Kataleya,0,7,7
Katariina,0,7,7
Katherijne,0,7,7
Katrienus,7,0,7
Katrijne,0,7,7
Kauser,3,6,9
Kayah,0,7,7
Kayd,5,3,8
Kayode,7,0,7
Kealyn,0,7,7
Keanen,7,0,7
Keayen,7,0,7
Kebir,7,0,7
Kedy,0,7,7
Keela,0,7,7
Kees-Willem,7,0,7
Keesha,0,7,7
Keesie,3,6,9
Keeva,0,7,7
Kellsey,0,7,7
Kemuël,7,0,7
Kemuel,7,0,7
Kennely,0,7,7
Kennet,7,0,7
Keone,6,3,9
Kerenza,0,7,7
Kerstina,0,7,7
Kessy,0,7,7
Keyanna,0,7,7
Keyanu,7,0,7
Keylee,0,7,7
Keyona,0,7,7
Khadir,7,0,7
Khady,3,6,9
Khamis,5,3,8
Khattab,3,3,6
Khay,7,0,7
Khushboo,0,7,7
Kiarash,7,0,7
Kimby,0,7,7
Kimley,0,7,7
Kimmi,0,7,7
Kimorah,0,7,7
Kinsley,6,3,9
Kirankoemar,7,0,7
Kiraya,0,7,7
Kirollos,7,0,7
Kirstina,0,7,7
Kisa,0,7,7
Kishandra,0,7,7
Kishano,7,0,7
Kissi,5,3,8
Kittij,3,6,9
Klaas-Jelle,7,0,7
Klasiene,0,7,7
Klaver,3,3,6
Klemina,0,7,7
Koan,6,3,9
Kobien,3,3,6
Koemaar,7,0,7
Koendina,0,7,7
Koerd,7,0,7
Koi,5,3,8
Kolinda,0,7,7
Kom,3,3,6
Kommerinus,7,0,7
Konnegonda,0,7,7
Koopjen,0,7,7
Korrinus,7,0,7
Korry,0,7,7
Kosar,3,6,9
Kosovare,0,7,7
Kousar,0,7,7
Krimhilde,0,7,7
Krishnan,7,0,7
Krishnawatie,0,7,7
Kriste,0,7,7
Kristjan,7,0,7
Kristl,0,7,7
Kristóf,7,0,7
Kriz,3,6,9
Krizia,0,7,7
Kruina,0,7,7
Krysta,0,7,7
Krystl,0,7,7
Kuina,0,7,7
Kunnechiena,0,7,7
Kuperus,6,3,9
Kurdo,7,0,7
Kurnia,6,3,9
Kush,7,0,7
Kwamé,7,0,7
Kyala,0,7,7
Kyelle,3,6,9
Kyera,0,7,7
Kyliam,7,0,7
Kyri,3,3,6
Kyrsa,0,7,7
Kyshandra,0,7,7
Kyshano,7,0,7
Ka-Kit,6,0,6
Ka-Man,3,3,6
Kadhim,6,0,6
Kadiatu,0,6,6
Kadijah,0,6,6
Kaeso,6,0,6
Kaïa,0,6,6
Kaidan,6,0,6
Kaije,6,0,6
Kailah,0,6,6
Kailashkumar,6,0,6
Kainan,6,0,6
Kainat,0,6,6
Kaïsha,3,5,8
Kalender,6,0,6
Kalid,6,0,6
Kalsoom,0,6,6
Kamahl,6,0,6
Kaman,3,3,6
Kamillia,0,6,6
Kamilya,0,6,6
Kamin,5,3,8
Kamisah,0,6,6
Kâmuran,3,3,6
Kamy,0,6,6
Kanchan,3,5,8
Kandeh,3,3,6
Kandy,3,3,6
Kanger,3,5,8
Kanne,3,3,6
Kannika,0,6,6
Kany,0,6,6
Karamchand,6,0,6
Karankoemar,6,0,6
Karansing,6,0,6
Karanveer,6,0,6
Karema,0,6,6
Karisha,0,6,6
Karlsson,6,0,6
Karmi,3,3,6
Karolinka,0,6,6
Karon,3,3,6
Karrar,6,0,6
Karstiaan,6,0,6
Karzan,5,3,8
Kasimier,6,0,6
Kasimierz,6,0,6
Kassidy,0,6,6
Kastor,6,0,6
Kasturi,3,5,8
Katelina,0,6,6
Katerien,0,6,6
Kateřina,0,6,6
Katerinus,6,0,6
Katherin,0,6,6
Kathérine,0,6,6
Käthie,0,6,6
Katlyn,0,6,6
Katouscha,0,6,6
Kauri,5,3,8
Kaushik,3,3,6
Kavi,3,3,6
Kawsar,0,6,6
Kaydin,5,3,8
Kaylano,6,0,6
Kayron,6,0,6
Kazia,0,6,6
Keanna,0,6,6
Keanno,6,0,6
Keany,3,3,6
Keayano,6,0,6
Kebba,6,0,6
Keefe,6,0,6
Keij,5,3,8
Keila,0,6,6
Kela,3,5,8
Keld,6,0,6
Kelin,3,3,6
Kelle,6,0,6
Kelsang,3,3,6
Kelsea,0,6,6
Kelte,5,3,8
Kemberly,0,6,6
Kenjie,6,0,6
Keown,6,0,6
Keriem,5,3,8
Kerin,3,3,6
Kersien,3,3,6
Keshini,0,6,6
Kety,3,5,8
Kevon,6,0,6
Keyaan,6,0,6
Kfir,6,0,6
Khais,3,3,6
Khaliel,5,3,8
Khalif,6,0,6
Khalisha,0,6,6
Khanam,0,6,6
Khatima,0,6,6
Khawar,3,3,6
Khim,3,5,8
Khuram,5,3,8
Kiann,6,0,6
Kibria,3,3,6
Kiena,0,6,6
Kiene,0,6,6
Kifah,3,3,6
Killy,6,0,6
Kimba,3,5,8
Kimera,0,6,6
Kingson,6,0,6
Kinie,0,6,6
Kinita,0,6,6
Kintje,0,6,6
Kiny,0,6,6
Kirah,0,6,6
Kiriakos,6,0,6
Kirtana,0,6,6
Kiruna,0,6,6
Kishainy,0,6,6
Kishara,0,6,6
Kiske,6,0,6
Kiva,0,6,6
Kjenta,0,6,6
Klaasine,0,6,6
Klaassens,3,3,6
Klaassie,0,6,6
Klaastina,0,6,6
Klaeske,0,6,6
Klarens,5,3,8
Klarise,0,6,6
Klas,3,3,6
Knellisje,0,6,6
Knilles,6,0,6
Koa,5,3,8
Kobra,0,6,6
Koda,6,0,6
Koenerdina,0,6,6
Koenie,6,0,6
Koentina,0,6,6
Koentje,0,6,6
Koerina,0,6,6
Kolette,0,6,6
Kollin,6,0,6
Konnie,0,6,6
Konstans,6,0,6
Kookaï,0,6,6
Koral,6,0,6
Korang,3,3,6
Korian,3,3,6
Korjan,6,0,6
Korlina,0,6,6
Korrina,0,6,6
Koser,0,6,6
Kosmas,6,0,6
Kouthar,0,6,6
Kreesje,0,6,6
Krešimir,6,0,6
Kriemhilde,0,6,6
Krijnanda,0,6,6
Krijne,5,3,8
Krijny,0,6,6
Krisse,3,3,6
Kristanne,0,6,6
Kristiano,6,0,6
Kristjaan,5,3,8
Kristofer,6,0,6
Kristyna,0,6,6
Krsna,5,3,8
Kübilay,6,0,6
Kui,3,3,6
Kuin,5,3,8
Kujtim,5,3,8
Kunnigjen,0,6,6
Kurd,6,0,6
Kwintijn,6,0,6
Kyenne,0,6,6
Kyeremeh,3,3,6
Kyjan,6,0,6
Kylaine,0,6,6
Kylani,3,5,8
Kyma,3,5,8
Kyora,0,6,6
Kyros,6,0,6
kyzy,0,6,6
Ka-Hee,3,3,6
Ka-Kee,0,5,5
Ka-Lai,0,5,5
Ka-Sing,5,0,5
Ka-Yan,0,5,5
Kaa,3,3,6
Kâan,5,0,5
Kaatjen,0,5,5
Kaayal,0,5,5
Kabamba,3,3,6
Kaboel,3,3,6
Kachina,3,3,6
Kachun,5,0,5
Kaden,5,0,5
Kadife,0,5,5
Kadijatu,0,5,5
Kadin,3,3,6
Kadira,0,5,5
Kadircan,5,0,5
Kaelani,3,3,6
Kafiye,0,5,5
Kailashnath,5,0,5
Kaili,3,3,6
Kainoa,5,0,5
Kaitana,0,5,5
Kako,5,0,5
Kalervo,5,0,5
Kaliem,5,0,5
Kalifa,3,3,6
Kalissa,0,5,5
Kamaldeep,3,3,6
Kamon,3,3,6
Kamsirah,0,5,5
Kanber,5,0,5
Kanda,3,3,6
Kanishka,3,3,6
Kanu,3,3,6
Kanya,0,5,5
Karah,0,5,5
Karanfil,0,5,5
Kareen,0,5,5
Karela,0,5,5
Kariann,0,5,5
Karie,3,3,6
Karikari,3,3,6
Karimah,0,5,5
Karime,3,3,6
Karinke,0,5,5
Karlan,3,3,6
Karm,3,3,6
Karni,3,3,6
Karno,3,3,6
Karoen,5,0,5
Karolientje,0,5,5
Karolyn,0,5,5
Karry,3,3,6
Karssiena,0,5,5
Kartikeya,5,0,5
Kartina,0,5,5
Karunesh,5,0,5
Kary,3,3,6
Kashish,0,5,5
Kasimira,0,5,5
Kasina,0,5,5
Kasirah,0,5,5
Kasnah,0,5,5
Katalijn,0,5,5
Katalijna,0,5,5
Katana,3,3,6
Katell,0,5,5
Kathalyne,0,5,5
Katharijne,0,5,5
Katherinus,5,0,5
Kathi,0,5,5
Katica,0,5,5
Katinke,0,5,5
Katniss,0,5,5
Kató,0,5,5
Katoesja,0,5,5
Katoesjka,0,5,5
Kattelijn,0,5,5
Katty,0,5,5
Kauã,5,0,5
Kavitha,0,5,5
Kawai,3,3,6
Kaweh,5,0,5
Kayenna,0,5,5
Kayenta,0,5,5
Kayleesha,0,5,5
Kayleisha,0,5,5
Kayliana,0,5,5
Kaynat,0,5,5
Kayson,5,0,5
Kaze,3,3,6
Kazem,5,0,5
Kazoe,0,5,5
Kealen,5,0,5
Keanne,0,5,5
Keäno,5,0,5
Keb,5,0,5
Kebron,5,0,5
Kée,0,5,5
Keean,5,0,5
Kefira,3,3,6
Keim,5,0,5
Keleigh,0,5,5
Kellis,0,5,5
Kelody,0,5,5
Kelten,3,3,6
Kempina,0,5,5
Kenau,0,5,5
Kenaya,3,3,6
Kency,3,3,6
Kenda,0,5,5
Kendell,3,3,6
Kendis,3,3,6
Kendrik,5,0,5
Kendy,3,3,6
Kene,5,0,5
Keremşah,5,0,5
Kerren,0,5,5
Kerstine,0,5,5
Kesari,3,3,6
Kesly,3,3,6
Kessia,0,5,5
Kessie,0,5,5
Ketan,5,0,5
Keti,0,5,5
Ketut,3,3,6
Keub,3,3,6
Keun,3,3,6
Keunera,0,5,5
Kevork,5,0,5
Kewieta,0,5,5
Keya,0,5,5
Keyshaina,0,5,5
Keyshana,0,5,5
Keyvan,5,0,5
Khadisha,0,5,5
Khaira,3,3,6
Khalia,3,3,6
Khanem,0,5,5
Khansae,0,5,5
Khatera,0,5,5
Khatidja,0,5,5
Khayri,3,3,6
Khian,5,0,5
Khizar,5,0,5
Khoshaba,3,3,6
Khymani,3,3,6
Kiaku,3,3,6
Kido,5,0,5
Kiên,3,3,6
Kiertje,0,5,5
Kikiann,0,5,5
Kilang,3,3,6
Kilianus,5,0,5
Killari,3,3,6
Kilyan,5,0,5
Kimany,0,5,5
Kimayah,0,5,5
Kimayra,0,5,5
Kimbel,3,3,6
Kimly,0,5,5
Kimora-Lee,0,5,5
Kimsy,0,5,5
Kinai,5,0,5
Kinda,3,3,6
Kinem,3,3,6
Kinne,3,3,6
Kir,3,3,6
Kire,3,3,6
Kirscha,0,5,5
Kirst,3,3,6
Kirste,0,5,5
Kischan,5,0,5
Kishandro,5,0,5
Kishayra,0,5,5
Kitara,3,3,6
Kivano,5,0,5
Kix,5,0,5
Kiya,3,3,6
Kiyarah,0,5,5
Kjaerby,3,3,6
Kjalt,5,0,5
Kjella,0,5,5
Klaas-Anne,5,0,5
Klaas-Harm,5,0,5
Klaas-Peter,5,0,5
Klamert,5,0,5
Klasan,3,3,6
Klea,0,5,5
Klementina,0,5,5
Klena,0,5,5
Klijem,0,5,5
Klotz,3,3,6
Knelis,5,0,5
Knelsiena,0,5,5
Knelzina,0,5,5
Koban,5,0,5
Koemi,0,5,5
Koendertje,0,5,5
Koenrada,0,5,5
Koh,5,0,5
Koksal,3,3,6
Kolk,3,3,6
Komar,5,0,5
Komla,5,0,5
Komlan,5,0,5
Konradin,5,0,5
Konstance,0,5,5
Konstantia,0,5,5
Kookai,0,5,5
Koops,5,0,5
Koppe,5,0,5
Korak,5,0,5
Korben,5,0,5
Korianne,0,5,5
Korkut,5,0,5
Kornelieke,0,5,5
Kornell,5,0,5
Koroma,3,3,6
Korsiaan,5,0,5
Korstian,5,0,5
Kosha,3,3,6
Kosina,0,5,5
Kotb,3,3,6
Kovan,5,0,5
Kresten,3,3,6
Kreszens,3,3,6
Kreszenz,0,5,5
Kriens,5,0,5
Kriesna,3,3,6
Krisha,3,3,6
Krishana,3,3,6
Krishankumar,5,0,5
Krishano,5,0,5
Krisnha,3,3,6
Kristèl,0,5,5
Kristján,5,0,5
Kristyn,0,5,5
Kryntje,0,5,5
Krystan,5,0,5
Kuddusi,5,0,5
Kuinje,0,5,5
Kuki,0,5,5
Kumah,5,0,5
Kunaal,5,0,5
Kunda,0,5,5
Kunira,0,5,5
Kupamara,0,5,5
Kurban,5,0,5
Kurina,0,5,5
Kurinus,5,0,5
Kursat,5,0,5
Kurşat,5,0,5
Kürt,5,0,5
Kuryakos,5,0,5
Kushtrim,5,0,5
Kusumaningtyas,3,3,6
Kuun,3,3,6
Kwinta,0,5,5
Kyento,5,0,5
Kyjardo,5,0,5
Kylann,5,0,5
Kymanie,3,3,6
Kyrell,5,0,5
Kyshan,5,0,5
Kythana,0,5,5
Kzar,0,5,5
Ka-Yi,0,3,3
Kaadjel,0,3,3
Kaän,3,0,3
Kaato,0,3,3
Kabita,0,3,3
Kaci,3,3,6
Kacy,0,3,3
Kada,3,3,6
Kadar,3,0,3
Kade,3,3,6
Kadisja,0,3,3
Kadiza,0,3,3
Kaedan,3,0,3
Kaei,3,0,3
Kaen,3,0,3
Kaethe,0,3,3
Kahlo,3,3,6
Kaie,3,3,6
Kailia,0,3,3
Kaity,0,3,3
Kaixin,3,3,6
Kaji,3,3,6
Kal,3,0,3
Kal-El,3,0,3
Kalai,3,3,6
Kalaya,0,3,3
Kaled,3,0,3
Kaleem,3,0,3
Kaleisha,0,3,3
Kaleva,3,0,3
Kalie,3,3,6
Kaline,0,3,3
Kaliopi,0,3,3
Kalja,0,3,3
Kallie,3,3,6
Kalliste,0,3,3
Kallisto,3,3,6
Kallon,3,3,6
Kalynda,0,3,3
Kama,0,3,3
Kamaran,3,3,6
Kamira,0,3,3
Kanar,3,3,6
Kanhaya,3,0,3
Kâni,3,0,3
Kanthi,0,3,3
Kaoma,0,3,3
Kaoru,3,3,6
Kapinga,0,3,3
Kaplan,3,0,3
Karaar,3,0,3
Karaas,3,0,3
Karana,3,3,6
Kardinus,3,0,3
Kareim,3,0,3
Karella,0,3,3
Karianka,0,3,3
Karice,0,3,3
Karik,3,0,3
Karím,3,0,3
Karimin,3,0,3
Karino,3,3,6
Karish,3,0,3
Karissa,0,3,3
Karita,0,3,3
Kariye,3,3,6
Karlen,3,0,3
Karlena,0,3,3
Karley,0,3,3
Karlinde,0,3,3
Karlis,3,0,3
Karlot,0,3,3
Karlus,3,0,3
Karmel,3,3,6
Karmijne,0,3,3
Karmini,3,3,6
Karowan,3,3,6
Karson,3,0,3
Karstje,0,3,3
Kartijem,0,3,3
Karunadevi,0,3,3
Karyna,0,3,3
Karzina,0,3,3
Kashaf,0,3,3
Kashma,0,3,3
Kasian,3,0,3
Kasijah,0,3,3
Kasinem,0,3,3
Kasmin,3,0,3
Kasmina,0,3,3
Kasmirah,0,3,3
Kasmiran,3,0,3
Kasperdiena,0,3,3
Kassie,3,0,3
Kassien,3,0,3
Kastina,0,3,3
Kastriot,3,0,3
Katan,3,3,6
Kataryna,0,3,3
Kateline,0,3,3
Katelinn,0,3,3
Katenka,0,3,3
Katerijne,0,3,3
Kathalena,0,3,3
Kathalijna,0,3,3
Kathalin,0,3,3
Kathara,0,3,3
Kathe-Lynn,0,3,3
Katheleine,0,3,3
Kathelijntje,0,3,3
Kathinca,0,3,3
Kathlene,0,3,3
Kathlin,0,3,3
Kathlynn,0,3,3
Katiana,0,3,3
Katinkha,0,3,3
Katjuscha,0,3,3
Katlijne,0,3,3
Katrines,3,0,3
Käty,0,3,3
Katyana,0,3,3
Katyna,0,3,3
Kauther,0,3,3
Kavitadebie,0,3,3
Kawitadevi,0,3,3
Kaydence,3,3,6
Kaydon,3,0,3
Kayel,3,3,6
Kayfi,3,3,6
Kaylee-Ann,0,3,3
Kayleigh-Ann,0,3,3
Kaylene,0,3,3
Kaylicia,0,3,3
Kaynaat,0,3,3
Kaynan,3,0,3
Kaytlin,0,3,3
Kazadi,3,0,3
Kazu,3,3,6
Keagen,3,0,3
Keala,0,3,3
Kealin,0,3,3
Këano,3,0,3
Kearan,3,3,6
Keavin,3,0,3
Keavy,0,3,3
Keben,3,0,3
Kebi,3,3,6
Keby,3,0,3
Keefer,3,3,6
Keelie,0,3,3
Keelin,0,3,3
Keelson,3,3,6
Keenya,0,3,3
Kehan,3,3,6
Kehly,0,3,3
Keie,3,0,3
Keilah,0,3,3
Keilana,0,3,3
Keitaro,3,0,3
Kejan,3,3,6
Kéje,3,0,3
Kejo,3,0,3
Keko,3,0,3
Kelani,3,3,6
Kelia,0,3,3
Kelina,0,3,3
Kèlis,0,3,3
Kelsay,0,3,3
Kemberley,0,3,3
Kemel,3,0,3
Kemis,3,0,3
Kemo,3,0,3
Kena,0,3,3
Kendji,3,0,3
Kendric,3,0,3
Kenechukwu,3,3,6
Kengy,3,0,3
Keni,3,3,6
Kenmar,3,0,3
Kennrick,3,0,3
Kenshi,3,3,6
Kensly,3,3,6
Kently,3,0,3
Keny,3,3,6
Kenyah,0,3,3
Kenyo,3,0,3
Kenzalina,0,3,3
Kenzey,3,3,6
Keomi,0,3,3
Keomy,0,3,3
Kerala,3,3,6
Kerar,3,0,3
Keriman,0,3,3
Kerimhan,3,0,3
Kerina,0,3,3
Kernelia,0,3,3
Kerrin,3,3,6
Kershaw,3,3,6
Kersiena,0,3,3
Keshone,3,0,3
Kesso,3,3,6
Ketie,0,3,3
Keunira,0,3,3
Keunskje,0,3,3
Keyân,3,0,3
Keyanni,3,3,6
Kéyano,3,0,3
Keyden,3,0,3
Keyen,3,0,3
Keynan,3,0,3
Khadisja,0,3,3
Khadouj,0,3,3
Khair,3,3,6
Khairi,3,0,3
Khairy,3,3,6
Kham,3,3,6
Khandro,3,3,6
Khánh,3,0,3
Khani,3,3,6
Khanyisile,0,3,3
Khashayar,3,0,3
Khatun,0,3,3
Khawaja,3,0,3
Khemradj,3,0,3
Khiam,3,3,6
Khien,3,3,6
Khodja,3,0,3
Khoen,3,0,3
Khun,3,0,3
Kiaan,3,0,3
Kiahna,0,3,3
Kiala,3,0,3
Kianni,3,3,6
Kianoush,3,0,3
Kibibi,0,3,3
Kichiro,3,0,3
Kidane,3,3,6
Kiënna,0,3,3
Kiersten,3,3,6
Kiertie,0,3,3
Kifle,3,3,6
Kijana,0,3,3
Killegina,0,3,3
Killyan,3,3,6
Kim-Ly,0,3,3
Kimbeley,0,3,3
Kimberleigh,0,3,3
Kimberleij,0,3,3
Kimberlij,0,3,3
Kimmely,0,3,3
Kimmerley,0,3,3
Kinjo,3,0,3
Kinley,3,3,6
Kinnie,3,3,6
Kinora,0,3,3
Kinzi,0,3,3
Kinzy,0,3,3
Kioe,3,3,6
Kioko,0,3,3
Kione,3,3,6
Kiranjit,0,3,3
Kirmani,3,0,3
Kirn,3,3,6
Kirolus,3,0,3
Kiros,3,0,3
Kirstey,0,3,3
Kirthi,0,3,3
Kirubel,3,0,3
Kiry,0,3,3
Kirya,0,3,3
Kishori,0,3,3
Kisoen,3,0,3
Kisoor,3,0,3
Kit-Yee,0,3,3
Kitai,3,3,6
Kitoko,3,3,6
Kiyam,3,0,3
Kiyoko,0,3,3
Kiza,3,3,6
Kjara,0,3,3
Kjelte,3,0,3
Kjento,3,0,3
Klaas-Albert,3,0,3
Klaas-Hendrik,3,0,3
Klaas-Johan,3,0,3
Klaasfien,0,3,3
Klaasinus,3,3,6
Klaassienus,3,0,3
Klaasziena,0,3,3
Klaaszina,0,3,3
Klaciena,0,3,3
Klacina,0,3,3
Klarianne,0,3,3
Klarice,0,3,3
Klaudie,0,3,3
Kleiske,0,3,3
Klemensia,0,3,3
Kleo,0,3,3
Kleysje,0,3,3
Kliff,3,0,3
Klijsina,0,3,3
Klint,3,3,6
Klom,3,3,6
Knelia,0,3,3
Knoxx,3,0,3
Koena,0,3,3
Koenraed,3,0,3
Koka,3,3,6
Kokou,3,0,3
Kologo,3,0,3
Komala,0,3,3
Komi,3,0,3
Kommerijna,0,3,3
Kona,0,3,3
Konca,0,3,3
Konstantino,3,0,3
Konstantinovich,3,0,3
Konstantinovna,0,3,3
Koomson,3,3,6
Koriene,0,3,3
Korinde,0,3,3
Korneeltje,0,3,3
Kornél,3,0,3
Kornelis-Jan,3,0,3
Kornelsien,0,3,3
Korsah,3,3,6
Korsina,0,3,3
Korstiaantje,0,3,3
Korts,3,0,3
Kosine,0,3,3
Kosma,3,3,6
Kosmos,3,0,3
Kostadin,3,0,3
Kosterus,3,0,3
Kourtney,0,3,3
Kowan,3,0,3
Kowk,3,3,6
Koy,3,0,3
Koya,3,3,6
Kreshnik,3,0,3
Kriek,3,3,6
Krieshen,3,0,3
Krieshna,3,0,3
Krijndert,3,0,3
Krijni,0,3,3
Krine,3,0,3
Krinus,3,0,3
Krishay,3,0,3
Krishenkumar,3,0,3
Krishma,0,3,3
Krishnadat,3,0,3
Krishnakumarie,0,3,3
Krishnanand,3,0,3
Kristella,0,3,3
Kristha,0,3,3
Kristiina,0,3,3
Kristtianne,0,3,3
Kriti,0,3,3
Kruijs,3,0,3
Kruimel,3,3,6
Krunoslav,3,0,3
Kryštof,3,0,3
Ksena,0,3,3
Kuine,0,3,3
Kulsoom,0,3,3
Kumail,3,0,3
Kundinus,3,0,3
Kuni,0,3,3
Kunie,0,3,3
Kunja,0,3,3
Kunnegina,0,3,3
Kurbet,3,3,6
Kurosh,3,0,3
Kursad,3,0,3
Kusay,3,0,3
Kusum,0,3,3
Kusumo,3,0,3
Kutsal,3,0,3
Kwa,3,3,6
Kwamboka,0,3,3
Kwartemaa,0,3,3
Kwen,3,3,6
Kwinte,0,3,3
Ky'mani,3,3,6
Ky-Anh,3,0,3
Ky-Shairo,3,0,3
Kyairo,3,0,3
Kyami,3,3,6
Kyane,0,3,3
Kyarha,0,3,3
Kychairo,3,0,3
Kyeano,3,0,3
Kyèn,3,0,3
Kyenta,0,3,3
Kyeremateng,3,0,3
Kyerewaah,0,3,3
Kyli,0,3,3
Kylianne,0,3,3
Kymany,3,3,6
Kymarley,3,0,3
Kymaro,3,0,3
Kymia,0,3,3
Kynai,3,0,3
Kyno,3,0,3
Kyren,3,3,6
Kyriakoula,0,3,3
Kyrillous,3,0,3
Kyrina,0,3,3
Kyshon,3,3,6
Kyuss,3,0,3
Kyvani,3,0,3
Ka-Hing,3,0,3
Ka-Ling,0,3,3
Ka-Long,3,0,3
Ka-ming,3,0,3
Ka-Wah,3,0,3
Kaaha,0,3,3
Kaaker,3,3,6
Kabba,3,0,3
Kabeer,3,0,3
Kabier,3,0,3
Kabil,3,0,3
Kabiné,3,0,3
Kabira,0,3,3
Kabuya,3,3,6
Kadee,3,3,6
Kadèr,3,3,6
Kadey,3,3,6
Kadhem,3,0,3
Kadian,3,0,3
Kadiata,0,3,3
Kadidia,0,3,3
Kadinah,0,3,3
Kadir-Can,3,0,3
Kadja,0,3,3
Kadra,0,3,3
Kaedy,0,3,3
Kaëla,0,3,3
Kaeli,0,3,3
Kaélynn,0,3,3
Kaene,3,0,3
Kaeo,3,0,3
Kaeylen,3,3,6
Kagiso,3,0,3
Kahee,3,0,3
Kahia,0,3,3
Kahsai,3,3,6
Kai-Uwe,3,0,3
Kaidey,0,3,3
Kaien,3,0,3
Kaihley,0,3,3
Kailaash,3,0,3
Kailano,3,0,3
Kailas,3,0,3
Kailish,3,0,3
Kailo,3,0,3
Kaima,0,3,3
Kaimen,3,0,3
Kaina,0,3,3
Kaipo,3,0,3
Kaïra,0,3,3
Kaiss,3,0,3
Kaitley,0,3,3
Kaius,3,0,3
Kaiyan,3,0,3
Kaiyo,3,0,3
Kajden,3,0,3
Kaje,3,0,3
Kajen,3,0,3
Kajim,3,3,6
Kajus,3,0,3
Kaka,0,3,3
Kakra,3,0,3
Kakro,3,3,6
Kalian,3,0,3
Kalien,0,3,3
Kalilah,0,3,3
Kalino,3,0,3
Kaliyah,0,3,3
Kalki,3,3,6
Kalkidan,0,3,3
Kallan,3,3,6
Kalli,3,3,6
Kallima,0,3,3
Kallo,3,3,6
Kalou,3,3,6
Kalthoum,0,3,3
Kaltrin,3,3,6
Kalun,3,0,3
Kaly,0,3,3
Kalyca,0,3,3
Kalyn,0,3,3
Kamalia,0,3,3
Kamaljit,3,3,6
Kamania,0,3,3
Kamba,0,3,3
Kambiri,3,3,6
Kamen,3,3,6
Kameron,3,0,3
Kamery,3,0,3
Kamiela,0,3,3
Kaminah,0,3,3
Kamirah,3,3,6
Kamiran,3,3,6
Kamo,3,0,3
Kamroenisa,0,3,3
Kamsi,3,3,6
Kamsiyochukwu,3,3,6
Kanbi,3,3,6
Kanchana,3,3,6
Kande,3,3,6
Kaneez,0,3,3
Kanhai,3,3,6
Kanhaija,3,0,3
Kanhaiya,3,0,3
Kanika,0,3,3
Kanna,0,3,3
Kanyi,3,3,6
Kanzi,3,3,6
Kao,3,0,3
Kaoutare,0,3,3
Kapila,3,3,6
Kapoer,3,0,3
Kaptein,3,3,6
Karabicak,3,0,3
Karabo,3,3,6
Karamba,3,0,3
Karamo,3,3,6
Karanjit,3,0,3
Kardie,3,3,6
Kåre,3,0,3
Karein,0,3,3
Kareldina,0,3,3
Karelle,0,3,3
Karellien,0,3,3
Karessa,0,3,3
Karez,0,3,3
Karhan,3,0,3
Karianna,0,3,3
Kariëlle,0,3,3
Kariema,0,3,3
Karilynn,0,3,3
Karimé,0,3,3
Karinan,0,3,3
Karinde,0,3,3
Karinina,0,3,3
Karjan,3,3,6
Karl-Jan,3,0,3
Karl-Peter,3,0,3
Karleine,0,3,3
Karlito,3,0,3
Karlon,3,3,6
Karmidjan,3,0,3
Karmina,0,3,3
Karnik,3,0,3
Karolj,3,0,3
Karoun,0,3,3
Karshan,3,0,3
Karsijem,0,3,3
Karsini,0,3,3
Karssina,0,3,3
Karstin,3,3,6
Karthiga,0,3,3
Karthik,3,0,3
Kartimin,3,0,3
Kartinah,0,3,3
Kartriena,0,3,3
Karya,3,3,6
Kasander,3,0,3
Kascha,0,3,3
Kaser,3,0,3
Kashaan,3,0,3
Kashipersad,3,0,3
Kashmala,0,3,3
Kashvi,0,3,3
Kasijem,3,3,6
Kasimin,3,0,3
Kasing,3,0,3
Kasir,3,0,3
Kasiran,3,3,6
Kasjens,3,0,3
Kasmir,3,0,3
Kassia,0,3,3
Kasthuri,0,3,3
Kataleina,0,3,3
Katalinka,0,3,3
Katanja,0,3,3
Katarien,0,3,3
Katarin,0,3,3
Kätchen,0,3,3
Kate-lynn,0,3,3
Katelien,0,3,3
Katende,3,3,6
Katharijna,0,3,3
Kathelin,0,3,3
Katheline,0,3,3
Kathenka,0,3,3
Kathlena,0,3,3
Katholijna,0,3,3
Katholijntje,0,3,3
Katiche,0,3,3
Katicza,0,3,3
Katidjah,0,3,3
Katifa,0,3,3
Katima,0,3,3
Katisha,0,3,3
Katiuscia,0,3,3
Katiya,0,3,3
Katka,0,3,3
Káto,3,3,6
Katrienke,0,3,3
Katriina,0,3,3
Katti,0,3,3
Katuscha,0,3,3
Katuschka,0,3,3
Kau,3,0,3
Kauan,3,0,3
Kaul,3,3,6
Kauli,3,0,3
Kaushal,3,3,6
Kavieta,0,3,3
Kavitadevie,0,3,3
Kawal,3,3,6
Kawasa,3,0,3
Kaweeta,0,3,3
Kawitadebie,0,3,3
Kawitha,0,3,3
Kay'den,3,0,3
Kay-dee,3,3,6
Kay-Gee,3,0,3
Kay-Linn,0,3,3
Kayacan,3,0,3
Kayana,3,3,6
Kayanurawa,3,0,3
Kayci,3,3,6
Kayee,0,3,3
Kayenat,0,3,3
Kayenne,0,3,3
Kaylany,0,3,3
Kaylé,0,3,3
Kaylee-Jane,0,3,3
Kaylia,0,3,3
Kayliano,3,0,3
Kaymi,0,3,3
Kaynen,3,0,3
Kayodé,3,0,3
Kayral,3,0,3
Kays,3,0,3
Kayshawn,3,0,3
Kayt,3,0,3
Kayu,3,3,6
Kayvan,3,0,3
Kazik,3,0,3
Kazimcan,3,0,3
Kazimira,3,3,6
Kaziwa,0,3,3
Kéa,0,3,3
Keaira,0,3,3
Keamon,3,0,3
Keanau,3,0,3
Keanay,3,0,3
Keann,3,0,3
Kearney,3,0,3
Keaten,3,0,3
Keathen,3,0,3
Keaven,3,0,3
Kebie,0,3,3
Kedarnath,3,0,3
Kedi,3,3,6
Keedy,3,3,6
Keera,0,3,3
Keerrina,0,3,3
Kees-Jaap,3,0,3
Keessie,3,3,6
Keesy,3,3,6
Keeyan,3,0,3
Keez,3,0,3
Keh,0,3,3
Keimpelina,0,3,3
Keimpke,3,3,6
Keïra,0,3,3
Keiry,3,0,3
Keïsha,3,3,6
Keishia,0,3,3
Keisuke,3,0,3
Keithley,3,3,6
Kéke,3,3,6
Kekoa,3,0,3
Kelcie,3,0,3
Kelice,0,3,3
Kelilah,0,3,3
Kelita,0,3,3
Kellian,3,3,6
Kellij,0,3,3
Kelly-Jane,0,3,3
Kelo,3,0,3
Kemala,0,3,3
Kemaleddin,3,0,3
Keman,3,0,3
Kèmi,0,3,3
Kemin,3,0,3
Kemla,0,3,3
Kemoh,3,0,3
Kempis,3,0,3
Kènan,3,0,3
Kenayah,0,3,3
Kenaz,3,0,3
Kendel,0,3,3
Kendi,3,3,6
Kendrah,0,3,3
Kendrew,3,0,3
Kenedid,3,3,6
Kenh,3,0,3
Kenichi,3,0,3
Kenja,0,3,3
Kenjay,3,0,3
Kenne,3,3,6
Kensei,3,3,6
Kensho,3,3,6
Kensia,0,3,3
Kenso,3,0,3
Kenth,3,0,3
Kenton,3,0,3
Kenzhi,3,0,3
Keonie,0,3,3
Keono,0,3,3
Kephas,3,0,3
Ker,3,3,6
Kerelos,3,0,3
Kerelus,3,0,3
Kerijn,3,0,3
Kérim,3,0,3
Kerima,0,3,3
Kerine,0,3,3
Kerlin,3,3,6
Kerlos,3,0,3
Kermina,0,3,3
Kero,3,0,3
Kerscha,0,3,3
Kersja,0,3,3
Kerstant,3,0,3
Kerttu,0,3,3
Kesewaa,0,3,3
Keshan,3,0,3
Keshet,3,3,6
Keshni,0,3,3
Keshnie,0,3,3
Kesiah,0,3,3
Kesiena,3,3,6
Kesja,0,3,3
Kessidy,0,3,3
Keston,3,0,3
Kestrel,3,3,6
Kesya,0,3,3
Kethan,3,0,3
Kethy,0,3,3
Ketrina,0,3,3
Ketrinus,3,0,3
Keu,3,0,3
Keup,3,0,3
Kevi,3,3,6
Kevino,3,3,6
Kevinson,3,0,3
Kewal,3,0,3
Kexin,0,3,3
Keyah,0,3,3
Keyanno,3,0,3
Keyhé,3,0,3
Keylard,3,3,6
Keylen,3,0,3
Keyley,0,3,3
Keylin,0,3,3
Keymora,0,3,3
Keyn,3,0,3
Keyno,3,0,3
Keys,3,3,6
Keyshainy,0,3,3
Keyshyno,3,0,3
Kezziban,0,3,3
Khabir,3,0,3
Khachik,3,0,3
Khadeeja,0,3,3
Khadiija,0,3,3
Khailesh,3,0,3
Khalied,3,0,3
Khalila,0,3,3
Khamissa,0,3,3
Khareem,3,0,3
Kharisma,0,3,3
Khatidjan,0,3,3
Khatija,0,3,3
Khattas,3,0,3
Khaula,0,3,3
Khawlah,0,3,3
Khaylee,0,3,3
Khean,3,0,3
Khemraj,3,0,3
Khendra,0,3,3
Khera,3,3,6
Kherington,0,3,3
Khi,3,3,6
Khiandra,0,3,3
Khianna,0,3,3
Khiet,3,3,6
Khit,3,0,3
Khitam,0,3,3
Khiva,3,3,6
Khizer,3,0,3
Khodeda,3,0,3
Khodr,3,3,6
Khoja,3,0,3
Khoshi,3,3,6
Khubaib,3,0,3
Khudarhim,3,3,6
Khulud,0,3,3
Khushal,3,0,3
Khybar,3,0,3
Khylian,3,3,6
Ki-jana,3,3,6
Ki-Yara,0,3,3
Kiah,3,3,6
Kiama,3,3,6
Kiamo,3,0,3
Kiangani,3,3,6
Kianne,0,3,3
Kianny,3,3,6
Kianoosh,3,0,3
Kianu,3,0,3
Kiaran,3,0,3
Kiauw,0,3,3
Kiba,3,3,6
Kibret,3,3,6
Kichy,0,3,3
Kickie,0,3,3
Kiddo,3,3,6
Kidist,0,3,3
Kief,3,0,3
Kiem-Fa,3,3,6
Kiem-Len,0,3,3
Kiëra,0,3,3
Kierankoemar,3,0,3
Kierina,0,3,3
Kiertina,0,3,3
Kieshan,3,0,3
Kieshen,3,0,3
Kiete,0,3,3
Kifayet,0,3,3
Kijano,3,0,3
Kijmpe,3,0,3
Kikianne,0,3,3
Kikie,0,3,3
Kilani,3,3,6
Kilat,3,0,3
Kilaya,0,3,3
Kilembe,3,3,6
Kiliaen,3,0,3
Kiliam,3,0,3
Kily,3,3,6
Kim-Lee,3,3,6
Kimah,3,3,6
Kimaira,0,3,3
Kimairo,3,0,3
Kiman,3,0,3
Kimbald,3,3,6
Kimberlay,0,3,3
Kimberli,0,3,3
Kimberlyn,0,3,3
Kimble,3,3,6
Kimbren,3,3,6
Kimmaya,0,3,3
Kimme,0,3,3
Kimmerly,0,3,3
Kimpe,3,3,6
Kimy,3,3,6
Kinanti,0,3,3
Kinay,3,0,3
Kindi,3,3,6
Kindy,3,3,6
Kineret,0,3,3
Kinfe,3,3,6
Kings,3,3,6
Kingsford,3,0,3
Kingsten,3,0,3
Kini,3,3,6
Kinnema,0,3,3
Kinor,3,0,3
Kinu,3,3,6
Kinzie,0,3,3
Kioma,3,3,6
Kionna,0,3,3
Kionne,0,3,3
Kiram,3,0,3
Kiranpreet,0,3,3
Kiras,3,3,6
Kircha,0,3,3
Kiriaki,0,3,3
Kirillovich,3,0,3
Kirillovna,0,3,3
Kirmina,0,3,3
Kirren,3,3,6
Kirse,0,3,3
Kirth,3,0,3
Kiryan,3,0,3
Kisanet,0,3,3
Kisar,3,0,3
Kishankoemar,3,0,3
Kishi,0,3,3
Kisho,3,0,3
Kisoorkumar,3,0,3
Kissima,3,0,3
Kitajima,3,3,6
Kitti,0,3,3
Kiven,3,0,3
Kiwa,3,3,6
Kiwan,3,0,3
Kiwani,3,0,3
Kiy,3,0,3
Kiyansh,3,0,3
Kiyomie,3,3,6
Kiyuba,3,3,6
Kizza,3,3,6
Kjaer,3,3,6
Kjellt,3,0,3
Kjelten,3,0,3
Kjerstin,0,3,3
Kjettil,3,0,3
Klaas-Dirk,3,0,3
Klaas-Douwe,3,0,3
Klaas-Henk,3,0,3
Klaas-jan,3,0,3
Klaas-Lucas,3,0,3
Klaas-Marten,3,0,3
Klaasie,0,3,3
Klaassientje,0,3,3
Klaire,3,3,6
Klarenda,0,3,3
Klarian,0,3,3
Klarike,0,3,3
Klarin,3,3,6
Klasienus,3,0,3
Klasines,3,0,3
Klasje,0,3,3
Klaudi,3,3,6
Klaudine,0,3,3
Klaudius,3,0,3
Klavertje,0,3,3
Klaviera,0,3,3
Klawdia,0,3,3
Klazienes,3,0,3
Kleanske,0,3,3
Klee,0,3,3
Kleopatra,0,3,3
Kleopatros,3,0,3
Klieneke,0,3,3
Klio,0,3,3
Klodian,3,0,3
Kneeltje,0,3,3
Knoet,3,3,6
Kobani,3,3,6
Kobby,3,0,3
Kobla,3,0,3
Kock,3,3,6
Koenszoon,3,0,3
Koerse,3,0,3
Koesmawatie,0,3,3
Kofie,3,0,3
Koks,0,3,3
Koku,3,0,3
Kolë,3,0,3
Kolin,3,0,3
Kolina,0,3,3
Komariah,0,3,3
Komeil,3,0,3
Komeng,0,3,3
Kommerien,3,3,6
Kommerijntje,0,3,3
Konah,3,3,6
Kondwani,3,3,6
Konra,0,3,3
Konstancja,0,3,3
Koopke,0,3,3
Koos-Jan,3,0,3
Koossien,0,3,3
Koradina,0,3,3
Korantemaa,0,3,3
Kordula,3,3,6
Korede,3,0,3
Kori,3,3,6
Korin,0,3,3
Korkor,0,3,3
Korley,3,3,6
Korliene,0,3,3
Korneli,0,3,3
Kornelisa,0,3,3
Kornelise,0,3,3
Kornellis,3,0,3
Korrine,0,3,3
Korstiane,0,3,3
Koru,3,3,6
Kosara,0,3,3
Kosheen,3,3,6
Koshila,0,3,3
Koshin,3,0,3
Kosisochukwu,0,3,3
Kosja,3,0,3
Koska,0,3,3
Koss,3,0,3
Kostan,3,0,3
Kostka,3,3,6
Kota,3,3,6
Kotey,3,0,3
Kouadio,3,0,3
Kouakou,3,0,3
Kouamé,3,0,3
Kouider,3,0,3
Kouros,3,3,6
Kow,3,0,3
Koyuki,0,3,3
Kozar,3,3,6
Kozina,0,3,3
Kral,3,0,3
Krasimir,3,3,6
Krassimir,3,0,3
Kreijn,3,0,3
Krenar,3,0,3
Krescentiana,0,3,3
Kresna,3,0,3
Kreszenzia,0,3,3
Kriesnadath,3,0,3
Krijnsina,0,3,3
Krim,3,0,3
Krimo,3,0,3
Krischa,0,3,3
Krischna,3,3,6
Krishand,3,0,3
Krishant,3,0,3
Krishanti,0,3,3
Krishnadatt,3,0,3
Krishnakoemarie,0,3,3
Krishnakumari,0,3,3
Krishnasing,3,0,3
Krisma,0,3,3
Krisnanand,3,0,3
Krissi,3,3,6
Kristanto,3,0,3
Kristell,0,3,3
Kristey,0,3,3
Kristophe,3,0,3
Kristýna,0,3,3
Kritika,0,3,3
Krokus,0,3,3
Kron,3,0,3
Krsto,3,0,3
Krysia,0,3,3
Krystiaan,3,0,3
Krystine,0,3,3
Ksanet,3,3,6
Ksatria,3,0,3
Kseniya,0,3,3
Kubat,3,0,3
Kubinka,0,3,3
Kûbra,0,3,3
Kuiniertje,0,3,3
Kujo,3,3,6
Kuma,3,3,6
Kumarsing,3,0,3
Kumbu,3,3,6
Kumo,3,0,3
Kuncewitzstig,3,3,6
Kundrina,0,3,3
Kunegondus,3,0,3
Kuneke,0,3,3
Kunerus,3,0,3
Kunga,3,3,6
Kunnechina,0,3,3
Kunnette,0,3,3
Kunta,3,3,6
Kunti,0,3,3
Kuny,3,3,6
Kuong,3,3,6
Kura,3,3,6
Kurby,0,3,3
Kurdistan,0,3,3
Kuri,3,3,6
Kuria,3,3,6
Kurian,3,0,3
Kurniati,0,3,3
Kurniawaty,0,3,3
Kűrşat,3,0,3
Kurth,3,0,3
Kurtulus,3,0,3
Kurvin,3,0,3
Kusha,3,3,6
Kutlay,3,0,3
Kuyper,3,3,6
Kwabina,3,0,3
Kwam,3,3,6
Kwasie,3,0,3
Kwei,3,3,6
Ky-mairo,3,0,3
Ky-Marley,3,3,6
Ky-Omi,0,3,3
Ky-shaira,0,3,3
Ky-shairo,3,0,3
Kyamee,0,3,3
Kyanie,0,3,3
Kyar,3,0,3
Kyaw,3,3,6
Kyden,3,0,3
Kyeiwaa,0,3,3
Kyela,0,3,3
Kyenn,3,0,3
Kyenso,3,0,3
Kyentha,0,3,3
Kyerewaa,0,3,3
Kyjano,3,0,3
Kyjara,0,3,3
Kylai,3,0,3
Kylen,3,3,6
Kylene,0,3,3
Kyliàn,3,0,3
Kylion,3,0,3
Kymano,3,0,3
Kymaya,0,3,3
Kymberley,0,3,3
Kymon,3,0,3
Kymora-Lee,0,3,3
Kymorah,0,3,3
Kynaston,3,0,3
Kyong,3,3,6
Kyra-Leigh,0,3,3
Kyriana,0,3,3
Kyrianne,0,3,3
Kyriël,3,3,6
Kyrolos,3,0,3
Kyshaina,0,3,3
Kyshara,0,3,3
Kyshia,0,3,3
Kysia,0,3,3
Kytha,0,3,3
Kyu,3,3,6
Kyvan,3,0,3
Kyvon,3,0,3
K'liyah,0,3,3
K'yandro,3,0,3
Ka-Bo,3,3,6
Ka-Fai,3,0,3
Ka-Hang,3,0,3
Ka-Hay,3,0,3
Ka-Kin,3,0,3
Ka-Lee,0,3,3
Ka-man,0,3,3
Ka-Men,0,3,3
Ka-Po,3,3,6
Ka-Shing,3,0,3
Ka-Sun,3,0,3
Ka-Wan,0,3,3
Ka-yan,0,3,3
Ka-yen,0,3,3
Kaä,3,0,3
Kaadjal,0,3,3
Kaahin,3,0,3
Kaai,3,0,3
Kaaj,3,0,3
Kaamil,3,0,3
Kâân,3,0,3
Kaare,3,0,3
Kaaren,0,3,3
Kaarlo,3,0,3
Kaatina,0,3,3
Kaayel,0,3,3
Kabanda,3,3,6
Kabe,3,0,3
Kabi,0,3,3
Kabilan,3,0,3
Kabin,3,0,3
Kabineh,3,0,3
Kabishan,3,0,3
Kablan,3,0,3
Kabo,3,3,6
Kabori,3,0,3
Kabriël,3,0,3
Kabriel,3,0,3
Kabuiku,3,3,6
Kabuki,3,3,6
Kabul,3,3,6
Kachi,3,0,3
Kadash,3,0,3
Kadassi,3,3,6
Kaddy,0,3,3
Kadergül,0,3,3
Kadesh,3,0,3
Kadhy,0,3,3
Kadidiatou,0,3,3
Kadiem,3,0,3
Kadier,0,3,3
Kadijatou,0,3,3
Kadini,3,0,3
Kadirai,0,3,3
Kadirye,0,3,3
Kadischa,0,3,3
Kadiye,3,3,6
Kadour,3,0,3
Kaede,3,3,6
Kaedee,0,3,3
Kaegan,3,0,3
Kaelah,0,3,3
Kaemen,3,0,3
Kaety,0,3,3
Kaew,3,0,3
Kaeyen,3,0,3
Kaeyla,0,3,3
Kafa,0,3,3
Kafi,3,3,6
Kafka,3,0,3
Kafong,3,3,6
Kagabo,3,0,3
Kaha,0,3,3
Kahana,3,0,3
Kahindi,3,0,3
Kahley,0,3,3
Kahly,0,3,3
Kahoo,3,0,3
Kahrim,3,0,3
Kahya,3,0,3
Kai-Hong,3,0,3
Kai-Jan,3,3,6
Kai-Ming,3,0,3
Kaiah,0,3,3
Kaian,3,0,3
Kaiana,0,3,3
Kaid,3,0,3
Kaii,3,3,6
Kaijan,3,0,3
Kaiji,3,0,3
Kaijun,3,0,3
Kaïlan,3,0,3
Kaïlani,0,3,3
Kailany,0,3,3
Kaile,3,0,3
Kailie,0,3,3
Kailly,0,3,3
Kailou,0,3,3
Kaïm,3,0,3
Kaimi,0,3,3
Kaimo,3,0,3
Kaïna,0,3,3
Kaína,0,3,3
Kaïnah,0,3,3
Kainth,3,0,3
Kainy,3,3,6
Kairav,3,0,3
Kairui,3,0,3
Kaïsa,0,3,3
Kaisey,3,3,6
Kaison,3,0,3
Kaissar,3,0,3
Kaisu,0,3,3
Kait,3,3,6
Kaitey,0,3,3
Kaithley,0,3,3
Kaithy,0,3,3
Kaitlinn,0,3,3
Kaizad,3,3,6
Kaj-Ivar,3,0,3
Kajah,3,3,6
Kajanda,0,3,3
Kajin,0,3,3
Kajira,0,3,3
Kakar,0,3,3
Kakin,3,0,3
Kakongo,3,0,3
Kakraba,3,3,6
Kal-el,3,0,3
Kalaichelvan,3,3,6
Kalam,3,0,3
Kalany,3,3,6
Kalasha,3,3,6
Kalb,3,3,6
Kaleab,3,0,3
Kalee,0,3,3
Kaleena,0,3,3
Kalemba,3,0,3
Kalen,3,3,6
Kalén,3,3,6
Kalenda,3,0,3
Kaleo,3,0,3
Kalev,3,0,3
Kaliah,0,3,3
Kalib,3,0,3
Kalienka,3,3,6
Kalilu,3,0,3
Kalinca,0,3,3
Kalip,3,0,3
Kaliska,0,3,3
Kalita,0,3,3
Kalitia,0,3,3
Kaliya,0,3,3
Kaljan,3,0,3
Kalkin,3,0,3
Kallai,3,0,3
Kallina,0,3,3
Kalliopi,0,3,3
Kalliroi,0,3,3
Kalliroï,0,3,3
Kallisti,0,3,3
Kally,3,0,3
Kallysta,0,3,3
Kalo,3,0,3
Kaloe,3,3,6
Kalok,3,0,3
Kalpanadevi,0,3,3
Kalsoum,0,3,3
Kalsum,0,3,3
Kaltun,0,3,3
Kaluperuma,3,3,6
Kalusha,3,3,6
Kalysta,0,3,3
Kam-Shing,3,0,3
Kamakshi,0,3,3
Kamalandua,3,3,6
Kamalika,0,3,3
Kamaljeet,0,3,3
Kamalkant,3,0,3
Kamalo,3,0,3
Kamalradj,3,0,3
Kamalsing,3,0,3
Kamaluddin,3,0,3
Kamand,0,3,3
Kamaria,0,3,3
Kamarie,3,0,3
Kamassan,3,0,3
Kamate,3,3,6
Kambie,0,3,3
Kamé,0,3,3
Kamea,0,3,3
Kameko,3,3,6
Kamesh,3,0,3
Kamilcan,3,0,3
Kamill,3,3,6
Kamina,0,3,3
Kaminie,0,3,3
Kamir,3,0,3
Kamisa,0,3,3
Kamisem,0,3,3
Kamisha,3,3,6
Kamissoko,3,0,3
Kamladevi,0,3,3
Kamlawati,0,3,3
Kamlin,0,3,3
Kamma,0,3,3
Kamp,3,3,6
Kampke,0,3,3
Kamroennissa,0,3,3
Kamsin,3,0,3
Kamta,3,0,3
Kamtapersad,3,0,3
Kamze,0,3,3
Kanaan,3,0,3
Kanae,0,3,3
Kanako,0,3,3
Kanan,3,0,3
Kanani,0,3,3
Kanat,3,0,3
Kanayo,3,0,3
Kandel,3,3,6
Kander,3,0,3
Kandow,3,0,3
Kaneko,3,3,6
Kaneshka,3,0,3
Kangjie,3,0,3
Kanî,3,3,6
Kanie,3,0,3
Kaniesha,0,3,3
Kaniga,3,3,6
Kanim,3,3,6
Kanischa,0,3,3
Kanish,3,0,3
Kanishk,3,0,3
Kaniwar,3,0,3
Kanji,3,0,3
Kankou,0,3,3
Kannan,3,0,3
Kannica,0,3,3
Kanny,3,3,6
Kanoah,3,0,3
Kantika,0,3,3
Kanuni,3,0,3
Kanzy,3,3,6
Kaolani,3,0,3
Kaon,3,0,3
Kaotar,0,3,3
Kaoukab,0,3,3
Kapela,3,0,3
Kapil,3,0,3
Kapilan,3,0,3
Kapildew,3,0,3
Kapo,3,0,3
Kappie,3,3,6
Kaptan,3,0,3
Karalinda,0,3,3
Karama,3,3,6
Karaman,3,3,6
Karamatkhan,3,0,3
Karamel,3,3,6
Karamoko,3,0,3
Karang,3,3,6
Karanja,3,0,3
Karapet,3,0,3
Karcie,0,3,3
Kardem,0,3,3
Kardien,3,0,3
Kardinah,0,3,3
Kardjono,3,0,3
Kardy,3,3,6
Karekin,3,0,3
Karel-Hendrik,3,0,3
Karelientje,0,3,3
Karelijne,0,3,3
Karelliena,0,3,3
Karèn,0,3,3
Karénina,0,3,3
Karg,3,0,3
Kargen,3,0,3
Kári,3,0,3
Karientje,0,3,3
Karifa,3,0,3
Karifala,3,0,3
Karijna,0,3,3
Karika,0,3,3
Karĩm,3,0,3
Karimovna,0,3,3
Karinah,0,3,3
Karini,0,3,3
Karinja,0,3,3
Karinna,0,3,3
Karinszoon,3,0,3
Karintha,0,3,3
Kariny,0,3,3
Karisa,0,3,3
Karishmadevi,0,3,3
Kariuki,3,0,3
Karle,3,3,6
Karlene,0,3,3
Karlieke,0,3,3
Karliena,0,3,3
Karlijntje,0,3,3
Karlineke,0,3,3
Karlize,0,3,3
Karloman,3,0,3
Karlson,3,0,3
Karmelita,0,3,3
Karminah,0,3,3
Karminie,0,3,3
Karnoldus,3,0,3
Karnsingh,3,0,3
Karnveer,3,0,3
Karog,3,0,3
Karolein,0,3,3
Karoli,3,0,3
Karolína,0,3,3
Karolinus,3,0,3
Karolis,3,0,3
Kàroly,3,3,6
Karongo,3,3,6
Karool,3,3,6
Karosh,3,0,3
Karrie,0,3,3
Karroliena,0,3,3
Karsie,0,3,3
Karsper,3,0,3
Karsta,0,3,3
Kart,3,0,3
Karta,3,0,3
Kartia,0,3,3
Kartica,0,3,3
Kartikadewi,0,3,3
Kartikasari,0,3,3
Kartono,3,0,3
Karwin,3,0,3
Karyan,0,3,3
Karyanne,0,3,3
Karyme,3,3,6
Karys,3,3,6
Kasa,3,0,3
Kasaana,3,3,6
Kasaf,3,0,3
Kasam,3,0,3
Kaschmiera,0,3,3
Kaseem,3,0,3
Kaseh,0,3,3
Kash,3,0,3
Kashan,3,0,3
Kashaya,0,3,3
Kashef,3,0,3
Kashia,0,3,3
Kashief,3,0,3
Kashmeera,0,3,3
Kasiah,0,3,3
Kasiana,0,3,3
Kasie,0,3,3
Kasif,3,0,3
Kasijan,3,0,3
Kasin,3,3,6
Kasj,3,3,6
Kasjan,3,0,3
Kasjmir,3,3,6
Kaslan,3,0,3
Kasmarie,3,3,6
Kasmer,3,0,3
Kasmi,0,3,3
Kasminah,0,3,3
Kasmira,0,3,3
Kaso,3,0,3
Kasongo,3,3,6
Kasparis,3,0,3
Kasperi,3,0,3
Kass,3,0,3
Kasse,3,0,3
Kassen,3,0,3
Kassimou,3,0,3
Kasujja,3,0,3
Kasumi,0,3,3
Kaswati,0,3,3
Kataala,3,0,3
Katalaya,0,3,3
Katalijntje,0,3,3
Katarsyny,0,3,3
Kataya,3,3,6
Katayoun,0,3,3
Kate-Lee,0,3,3
Kate-Linn,0,3,3
Kateriene,0,3,3
Katerines,3,0,3
Kateryna,0,3,3
Kath-Lynn,0,3,3
Kathalea,0,3,3
Kathaleine,0,3,3
Kathaleya,0,3,3
Katharin,3,3,6
Káthe,0,3,3
Katheleen,0,3,3
Kathelein,0,3,3
Kathelene,0,3,3
Kathelien,0,3,3
Katheriene,0,3,3
Kathia,0,3,3
Kathja,0,3,3
Kathlee,0,3,3
Kathlien,0,3,3
Kathlijne,0,3,3
Kathreen,0,3,3
Kathrijn,0,3,3
Kâtibe,0,3,3
Katidja,0,3,3
Kätie,0,3,3
Katie-Lynn,0,3,3
Katienke,0,3,3
Katija,0,3,3
Katin,0,3,3
Katinah,0,3,3
Katinca,0,3,3
Katingca,0,3,3
Katira,0,3,3
Katiza,0,3,3
Katje,0,3,3
Katjenka,0,3,3
Katjuscka,0,3,3
Katjuska,0,3,3
Katla,0,3,3
Katlien,0,3,3
Katlin,0,3,3
Kàto,0,3,3
Katolijna,0,3,3
Katoriena,0,3,3
Katoucha,0,3,3
Katrein,0,3,3
Katreintje,0,3,3
Katrieneke,0,3,3
Katrienes,3,0,3
Katrín,0,3,3
Katryne,0,3,3
Katta,3,3,6
Kattarina,0,3,3
Kattarine,0,3,3
Kattelijne,0,3,3
Kaudo,3,0,3
Kauko,3,0,3
Kaushalya,0,3,3
Kaushil,3,0,3
Kausilla,0,3,3
Kavanna,0,3,3
Kavas,3,0,3
Kaviesh,3,0,3
Kavisan,3,0,3
Kavita-Devi,0,3,3
Kavuma,3,3,6
Kaw,3,0,3
Kawaar,3,0,3
Kawah,3,0,3
Kawaljeet,3,0,3
Kawan,3,0,3
Kawe,3,0,3
Kawesh,3,0,3
Kawi,3,3,6
Kawichai,3,3,6
Kawina,0,3,3
Kawitadewi,0,3,3
Kawkab,0,3,3
Kawther,0,3,3
Kawzar,0,3,3
Kay-Dee,3,0,3
Kay-lee,0,3,3
Kay-Lyn,0,3,3
Kay-Lynn,0,3,3
Kay-Mani,3,0,3
Kayaan,3,0,3
Kayam,3,0,3
Kayane,0,3,3
Kayathri,0,3,3
Kaycey,3,3,6
Kaycie,3,0,3
Kaydan,3,0,3
KayDee,3,3,6
Kaydi,0,3,3
Kaydie,0,3,3
Kaydo,3,0,3
Kayembe,3,0,3
Kayèn,3,3,6
Kayenaat,0,3,3
Kayenzo,3,0,3
Kaygee,3,0,3
Kayie,0,3,3
Kayitah,3,3,6
Kayjay,3,3,6
Kaylaash,3,0,3
Kaylaigh,0,3,3
Kaylaney,0,3,3
Kayleah,0,3,3
Kaylean,3,3,6
Kayleb,3,0,3
Kayleé,0,3,3
Kaylee-ann,0,3,3
Kaylee-Anne,0,3,3
Kayleight,0,3,3
Kayleih,0,3,3
Kayleon,3,0,3
Kaylesh,3,0,3
Kayli-Ann,0,3,3
Kayliah,0,3,3
Kayliegh,0,3,3
Kaylien,0,3,3
Kayligh,0,3,3
Kaylina,0,3,3
Kaylis,0,3,3
Kayliyah,0,3,3
Kayllee,0,3,3
Kayman,3,3,6
Kaymen,3,0,3
Kayol,0,3,3
Kayranur,0,3,3
Kayreece,0,3,3
Kaysan,3,0,3
Kaysfeld,0,3,3
Kayshia,0,3,3
Kaytana,0,3,3
Kayth-Lynn,0,3,3
Kaythlin,0,3,3
Kaytlynn,0,3,3
Kayuta,3,0,3
Kayven,3,0,3
Kaywana,0,3,3
Kazeem,3,0,3
Käzim,3,0,3
Kazina,0,3,3
Kazinga,3,0,3
Kazmi,0,3,3
Kazsmer,3,0,3
Kazuki,3,0,3
Kazumi,0,3,3
Kazuo,3,0,3
Keaden,3,3,6
Keah,0,3,3
Keahi,3,3,6
Kealani,3,3,6
Keanah,0,3,3
Keanai,3,0,3
Keanaley,0,3,3
Keandré,3,0,3
Keaneau,3,0,3
Keanon,3,0,3
Kearny,3,0,3
Kearo,3,0,3
Keàsah,0,3,3
Keaston,3,0,3
Keayani,3,3,6
Keayden,3,0,3
Keba,3,0,3
Kebe,3,3,6
Kebere,3,3,6
Kebira,0,3,3
Kebire,0,3,3
Kebri,3,3,6
Keck,3,0,3
Kedar,3,0,3
Keden,3,3,6
Kedes,0,3,3
Kedie,0,3,3
Kedora,0,3,3
Kedves,3,3,6
Keeano,3,0,3
Keeanu,3,0,3
Keerthana,0,3,3
Keerti,0,3,3
Kees-Pieter,3,0,3
Keessen,3,0,3
Keeti,0,3,3
Keetlin,0,3,3
Keety,0,3,3
Keevin,3,0,3
Kefentse,3,0,3
Kefser,0,3,3
Kegam,3,0,3
Kehli,0,3,3
Kehnar,3,3,6
Keighran,3,0,3
Keigo,3,0,3
Keijen,3,0,3
Keijo,3,0,3
Keïla,0,3,3
Keimp,3,0,3
Keiron,3,0,3
Keisa,0,3,3
Keisan,3,0,3
Keishana,0,3,3
Keishandra,0,3,3
Keithan,3,0,3
Keiti,0,3,3
Keito,3,0,3
Keivin,3,0,3
Keizo,0,3,3
Kejano,3,0,3
Kekely,0,3,3
Kelaiah,0,3,3
Kélany,0,3,3
Keldon,3,0,3
Keli'i,3,3,6
Kelila,0,3,3
Kélis,0,3,3
Kelise,0,3,3
Kellam,3,3,6
Kelline,0,3,3
Kellisa,0,3,3
Kellody,0,3,3
Kelly-Joy,0,3,3
Kelly-Michelle,0,3,3
Kelmar,3,0,3
Kelmendi,3,3,6
Kelmiasa,3,0,3
Kelsey-Lynn,0,3,3
Kelshey,0,3,3
Kelta,0,3,3
Keltouma,0,3,3
Kelven,3,0,3
Kelyann,3,0,3
Kelysia,0,3,3
Kemâlettin,3,0,3
Kemaney,3,0,3
Kemar,3,0,3
Kemaro,3,0,3
Keme,3,3,6
Kemely,0,3,3
Kementári,3,3,6
Kemesha,0,3,3
Kemira,0,3,3
Kemme,3,3,6
Kemmy,0,3,3
Kemrich,3,0,3
Kénai,3,0,3
Kenar,0,3,3
Kenard,3,0,3
Kencey,3,0,3
Kencha,0,3,3
Kencia,0,3,3
Kende,3,0,3
Kendjy,3,0,3
Kendo,3,3,6
Kendri,3,3,6
Kendrich,3,0,3
Kendry,3,0,3
Kenechi,3,0,3
Keneth,3,0,3
Kengi,3,0,3
Kenie,3,3,6
Kenitay,3,0,3
Kenjero,3,0,3
Kenjey,3,0,3
Kennah,0,3,3
Kennery,3,0,3
Kennit,3,0,3
Kennly,0,3,3
Kennyson,3,0,3
Kenric,3,0,3
Kenrik,3,0,3
Kenroy,3,0,3
Kensa,0,3,3
Kensington,0,3,3
Kenti,3,0,3
Kentie,0,3,3
Kentley,3,0,3
Kenul,3,0,3
Kenvin,3,0,3
Kenworth,3,0,3
Kenwyn,3,0,3
Kènya,0,3,3
Kenyatta,0,3,3
Kenye,3,0,3
Kenyiro,3,0,3
Kenysha,0,3,3
Kenzel,3,0,3
Kenzo-Lee,3,0,3
Keola,0,3,3
Kéon,3,3,6
Keoné,3,3,6
Keong,3,0,3
Kéoni,3,3,6
Keony,3,3,6
Keramettin,3,0,3
Kerami,3,0,3
Kereline,0,3,3
Keremcem,3,0,3
Kèren,0,3,3
Keren-Happuch,0,3,3
Kerene,0,3,3
Kérensa,0,3,3
Kéri,0,3,3
Kerida,0,3,3
Kerien,3,3,6
Kerîm,3,0,3
Kerlen,3,3,6
Kerlijn,3,3,6
Kernel,3,0,3
Kerolus,3,0,3
Kerrar,3,0,3
Kerre,3,0,3
Kersen,3,0,3
Kerst-Jan,3,0,3
Kersterine,0,3,3
Kerstes,3,3,6
Kerstiaan,3,0,3
Kerstie,0,3,3
Kerstien,0,3,3
Kerttuli,0,3,3
Kesar,3,3,6
Kesh,3,0,3
Keshandra,0,3,3
Keshari,0,3,3
Keshava,3,0,3
Keshawno,3,3,6
Keshaya,0,3,3
Keshwar,3,0,3
Kesire,0,3,3
Kesler,3,0,3
Keşmir,3,3,6
Keso,3,3,6
Kesor,3,3,6
Kessedy,0,3,3
Kesterin,0,3,3
Kestienus,3,0,3
Kestra,0,3,3
Kesuma,0,3,3
Kesz,3,0,3
Keta,0,3,3
Ketha,0,3,3
Ketharagowri,0,3,3
Ketje,0,3,3
Ketlien,0,3,3
Ketlin,0,3,3
Ketrin,0,3,3
Kette,0,3,3
Keube,3,0,3
Keunske,0,3,3
Keva,0,3,3
Kevin-John,3,0,3
Kevin-Lee,3,0,3
Kevin-Paul,3,0,3
Kevina,0,3,3
Kevine,3,0,3
Kevineesha,0,3,3
Kevinovna,0,3,3
Kevish,3,0,3
Kevlin,3,0,3
Kevwe,3,0,3
Kewalsingh,3,0,3
Kewser,0,3,3
Keyam,3,0,3
Kéyanu,3,0,3
Kéyara,0,3,3
Keyaron,3,0,3
Keycha,0,3,3
Keydan,3,0,3
Keyel,3,0,3
Keyenna,0,3,3
Keyente,3,0,3
Keyenzo,3,0,3
Keyi,3,3,6
Keyin,3,3,6
Keylah,0,3,3
Keylani,0,3,3
Keymaro,3,0,3
Keynai,3,0,3
Keyo,3,0,3
Keyoga,3,0,3
Keyomie,0,3,3
Keyonah,0,3,3
Keyoni,0,3,3
Keyraino,3,0,3
Keyron,3,0,3
Keyse,3,0,3
Keyshaila,0,3,3
Keyshan,3,0,3
Keyshandro,3,0,3
Keyshani,0,3,3
Keyshano,3,0,3
Keyshon,3,0,3
Keyssy,0,3,3
Keyu,3,3,6
Kezía,0,3,3
Kezz,0,3,3
Khac,3,0,3
Khadeja,0,3,3
Khadem,3,0,3
Khadi,0,3,3
Khadidiatou,0,3,3
Khadidjah,0,3,3
Khadiedja,0,3,3
Khadiejah,0,3,3
Khadiga,0,3,3
Khadijatou,0,3,3
Khadijo,0,3,3
Khadika,0,3,3
Khadine,0,3,3
Khadiyah,0,3,3
Khadiza,0,3,3
Khadouja,0,3,3
Khadro,3,3,6
Khadya,0,3,3
Khah,3,0,3
Khairan,3,0,3
Khaireddine,3,0,3
Khairuddin,3,3,6
Khakan,3,0,3
Khaldoon,3,0,3
Khaleel,3,0,3
Khalefa,3,3,6
Khalehla,0,3,3
Khali,0,3,3
Khaliif,3,0,3
Khaliil,3,0,3
Khalisa,0,3,3
Khalon,3,0,3
Khalsa,0,3,3
Khamal,3,0,3
Khamiss,3,0,3
Khân,3,0,3
Khansa,0,3,3
Khansy,3,3,6
Khanya,3,3,6
Khanysha,0,3,3
Khara,3,3,6
Kharima,0,3,3
Khater,3,0,3
Khatib,0,3,3
Khatra,0,3,3
Khattak,0,3,3
Khauw,0,3,3
Khaver,3,0,3
Khayam,3,0,3
Khaylen,3,3,6
Khaylice,0,3,3
Khayra,0,3,3
Khayreddine,3,0,3
Khazar,3,3,6
Khe'Diangely,0,3,3
Kheelan,3,0,3
Kheely,0,3,3
Khei,3,0,3
Kheireddine,3,0,3
Khelian,3,0,3
Khem,3,0,3
Khemet,3,0,3
Khenan,3,0,3
Khengy,3,0,3
Khenny,3,0,3
Khensley,0,3,3
Kheong,3,0,3
Khesia,3,3,6
Khesraw,3,0,3
Khetam,0,3,3
Khiana,0,3,3
Khimradj,3,0,3
Khina,3,3,6
Khiona,0,3,3
Khiong,3,0,3
Khirbash,0,3,3
Khiron,3,0,3
Khirstine,0,3,3
Khirty,0,3,3
Khitana,0,3,3
Khiun,3,3,6
Khiyara,0,3,3
Khloè,0,3,3
Khodeir,3,3,6
Khorram,0,3,3
Khorshid,0,3,3
Khosla,0,3,3
Khosrow,3,0,3
Khoula,0,3,3
Khuja,3,3,6
Khung,3,0,3
Khursheed,0,3,3
Khusbhoo,0,3,3
Khusboo,0,3,3
Khush,3,3,6
Khushie,0,3,3
Khushpreet,0,3,3
Khusum,0,3,3
Khuyen,3,0,3
Khuzaymah,3,0,3
Khwaja,3,0,3
Khwezi,0,3,3
Khyèntsé,3,0,3
Khymora,0,3,3
Khynan,3,0,3
Khyran,3,0,3
Ki'yairo,3,0,3
Ki-Jan,3,0,3
Kiambi,3,3,6
Kiame,3,0,3
Kiami,3,0,3
Kiamy,3,3,6
Kían,3,0,3
Kiane,0,3,3
Kiannah,0,3,3
Kiantima,3,3,6
Kiao,0,3,3
Kiaora,0,3,3
Kïara,0,3,3
Kiarra,0,3,3
Kiavash,3,0,3
Kibra,3,0,3
Kibwe,3,0,3
Kic,3,0,3
Kicha,0,3,3
Kichan,3,0,3
Kichantely,0,3,3
Kichen,3,0,3
Kichi,0,3,3
Kidada,0,3,3
Kidani,3,3,6
Kidd,3,3,6
Kidor,3,0,3
Kiean,3,0,3
Kiearah,0,3,3
Kiedes,0,3,3
Kiehran,3,0,3
Kieki,0,3,3
Kielan,3,0,3
Kiem-Jien,3,0,3
Kiem-Njoek,0,3,3
Kiemlen,0,3,3
Kien-Foei,3,0,3
Kien-Yee,3,3,6
Kieng,3,3,6
Kiëno,3,0,3
Kientje,3,0,3
Kieny,0,3,3
Kiërra,0,3,3
Kierrina,0,3,3
Kiers,3,0,3
Kiert,3,0,3
Kiertiekoemarie,0,3,3
Kierty,3,3,6
Kiesse,3,0,3
Kiestra,3,0,3
Kiêt,3,0,3
Kieta,3,3,6
Kieth,3,0,3
Kiêū,0,3,3
Kiev,3,0,3
Kiflai,3,0,3
Kifulu,3,3,6
Kigen,3,0,3
Kiilerich,0,3,3
Kija,0,3,3
Kijm,3,0,3
Kijra,0,3,3
Kikai,3,0,3
Kiki-Anne,0,3,3
Kiki-Jane,0,3,3
Kikkert,3,0,3
Kikky,0,3,3
Kilaï,3,0,3
Kilaj,3,0,3
Kilana,0,3,3
Kilany,3,0,3
Kilay,3,3,6
Kilayah,0,3,3
Kili,3,3,6
Kiliane,0,3,3
Kilianne,0,3,3
Kılıç,3,0,3
Killa,3,3,6
Killan,3,0,3
Killegiena,0,3,3
Kim-Joyce,0,3,3
Kim-Lan,0,3,3
Kim-Phuong,0,3,3
Kimaro,3,0,3
Kimberley-Ann,0,3,3
Kimberly-Ann,0,3,3
Kimberly-Claire,0,3,3
Kimbly,0,3,3
Kimboley,0,3,3
Kimbre,0,3,3
Kimisha,0,3,3
Kimmberly,0,3,3
Kimmily,0,3,3
Kimoraisha,0,3,3
Kimsey,0,3,3
Kimtessa,0,3,3
Kimuena,0,3,3
Kimyra,0,3,3
Kinaan,3,0,3
Kinanthi,0,3,3
Kinanvuidi,3,0,3
Kinaysha,0,3,3
Kindra,0,3,3
Kinée,0,3,3
King-Man,3,0,3
Kingenge,0,3,3
Kingley,3,0,3
Kinh,3,0,3
Kinia,0,3,3
Kinna,3,3,6
Kinsa,0,3,3
Kinsi,0,3,3
Kinson,3,0,3
Kinsungila,3,3,6
Kinta,0,3,3
Kintaro,3,0,3
Kinte,3,0,3
Kinya,0,3,3
Kinyanjui,3,0,3
Kinze,3,3,6
Kio,3,3,6
Kiok,3,3,6
Kiomars,3,0,3
Kiomey,0,3,3
Kionah,0,3,3
Kiony,3,0,3
Kique,3,0,3
Kirani,0,3,3
Kiranjeet,0,3,3
Kiranjot,3,0,3
Kirano,3,0,3
Kiransing,3,0,3
Kirean,3,0,3
Kiria,0,3,3
Kiriako,3,0,3
Kiriakoula,0,3,3
Kiriana,0,3,3
Kirida,0,3,3
Kirijn,3,0,3
Kirikou,3,0,3
Kirilov,3,0,3
Kirine,0,3,3
Kirlon,3,0,3
Kirna,0,3,3
Kirpal,3,0,3
Kirrin,0,3,3
Kirsta,0,3,3
Kirsthe,0,3,3
Kirstiene,0,3,3
Kirstynn,0,3,3
Kirsy,0,3,3
Kirten,3,3,6
Kirthie,0,3,3
Kirthy,0,3,3
Kirtiedebie,0,3,3
Kirtikoemarie,0,3,3
Kiryll,3,0,3
Kirza,0,3,3
Kisakye,3,0,3
Kisby,3,3,6
Kisembo,0,3,3
Kishaan,3,0,3
Kishaina,0,3,3
Kishaivery,3,0,3
Kishani,0,3,3
Kishantely,0,3,3
Kishanteny,0,3,3
Kishanth,3,0,3
Kishanty,0,3,3
Kishaun,3,0,3
Kishawn,3,0,3
Kishil,3,3,6
Kishira,0,3,3
Kishoor,3,0,3
Kishorekumar,3,0,3
Kishwar,3,3,6
Kislon,3,0,3
Kissiwaa,0,3,3
Kissiwah,0,3,3
Kiswanna,0,3,3
Kit-Ling,0,3,3
Kit-Yu,0,3,3
Kitano,3,0,3
Kitay,3,0,3
Kitenge,3,3,6
Kithana,0,3,3
Kits,3,0,3
Kittel,3,3,6
Kittoe,3,0,3
Kittysdochter,0,3,3
Kiveli,0,3,3
Kivelly,0,3,3
Kivilcim,0,3,3
Kivin,3,0,3
Kiwanuka,3,0,3
Kiyane,3,3,6
Kiyas,3,0,3
Kiyëandra,0,3,3
Kiyenso,3,0,3
Kiyenzo,3,0,3
Kiyoni,0,3,3
Kiyora,0,3,3
Kizi,0,3,3
Kjenn,3,0,3
Kjerulff,3,3,6
Kjest,3,0,3
Kjetill,3,0,3
Kjirsten,0,3,3
Kjærby,0,3,3
Kjærsgaard,3,3,6
Klaas-Hessel,3,0,3
Klaas-Jaap,3,0,3
Klaas-Jelte,3,0,3
Klaas-Johannes,3,0,3
Klaas-Maarten,3,0,3
Klaasjaap,3,0,3
Klaassiene,0,3,3
Klaassine,0,3,3
Klaaszoon,3,0,3
Klaazien,0,3,3
Klaaziena,0,3,3
Klaazinus,3,0,3
Klaesje,0,3,3
Klair,0,3,3
Klais,3,0,3
Klärchen,0,3,3
Klarelse,0,3,3
Klares,3,0,3
Klariene,0,3,3
Klarientje,0,3,3
Klarita,0,3,3
Klaroen,3,0,3
Klasandra,0,3,3
Klasanne,0,3,3
Klasijntje,0,3,3
Klasika,0,3,3
Klasin,3,3,6
Klasinas,3,0,3
Klasinia,0,3,3
Klasmir,3,0,3
Klassien,0,3,3
Klasyna,0,3,3
Klausina,0,3,3
Klawattie,0,3,3
Klazanne,0,3,3
Klaze,3,0,3
Klazinia,0,3,3
Kleanthi,0,3,3
Kleberson,3,0,3
Klemao,3,0,3
Klen,3,0,3
Klenda,0,3,3
Kleon,3,0,3
Kleoniki,0,3,3
Klesina,0,3,3
Kleziena,0,3,3
Kliman,3,0,3
Kliment,3,0,3
Klinton,3,0,3
Klodi,3,3,6
Kloé,0,3,3
Klosina,0,3,3
Klotilde,0,3,3
Klozina,0,3,3
Knape,3,0,3
Knar,3,3,6
Knelssien,0,3,3
Knelziena,0,3,3
Kneschk,3,0,3
Kniera,0,3,3
Knightley,0,3,3
Knysna,0,3,3
Koai,0,3,3
Kobaş,3,0,3
Kobertus,3,0,3
Kochai,3,3,6
Kodra,3,3,6
Koe,3,3,6
Koelthoem,0,3,3
Koeman,3,0,3
Koenderdina,0,3,3
Koeni,3,3,6
Koenia,0,3,3
Koenke,3,3,6
Koenne,3,0,3
Koenti,0,3,3
Koeny,0,3,3
Koerlina,0,3,3
Koernia,3,0,3
Koersje,0,3,3
Koes,3,3,6
Koeshma,0,3,3
Koesma,0,3,3
Koesman,3,0,3
Kohan,3,0,3
Kohar,0,3,3
Koharu,0,3,3
Kohinoor,3,0,3
Kohji,3,0,3
Kohki,3,0,3
Köhler,3,0,3
Kohra,3,3,6
Kojak,3,0,3
Kok-Hung,3,0,3
Kokeb,3,3,6
Kokoro,3,3,6
Kol,3,0,3
Koliena,0,3,3
Kolla,3,3,6
Komail,3,0,3
Komam,3,0,3
Komang,3,3,6
Komayl,3,0,3
Kommel,0,3,3
Kommeriena,0,3,3
Konan,3,0,3
Koncagül,0,3,3
Konde,3,0,3
Kondi,3,0,3
Konigunde,3,3,6
Konlambigue,3,0,3
Konney,3,0,3
Kono,3,3,6
Konraat,3,0,3
Konrád,3,0,3
Konrade,0,3,3
Konstantinus,3,0,3
Konuralp,3,0,3
Konztanzia,0,3,3
Kooman,3,0,3
Koopman,3,0,3
Koosie,3,3,6
Korab,3,0,3
Koraisha,0,3,3
Koralalage,3,0,3
Koralie,3,3,6
Koran,0,3,3
Koranne,0,3,3
Kordo,3,0,3
Koreisha,0,3,3
Koren,3,3,6
Korey,3,0,3
Korinus,3,0,3
Korka,3,0,3
Korkies,3,0,3
Korkmaz,3,0,3
Korlieke,0,3,3
Korline,0,3,3
Korne,3,0,3
Korneelje,0,3,3
Kornele,0,3,3
Korneleske,0,3,3
Kornélia,0,3,3
Kornelias,3,0,3
Kornelissiena,0,3,3
Kornelsina,0,3,3
Kornelsje,0,3,3
Korona,0,3,3
Kors-Jan,3,0,3
Korsje,0,3,3
Korstera,0,3,3
Korstine,0,3,3
Korunus,3,0,3
Korvin,3,0,3
Kosaar,3,3,6
Kosey,3,0,3
Koshan,3,0,3
Kosi,3,0,3
Kossay,3,0,3
Kostandinos,3,0,3
Kostantin,3,0,3
Koster,3,0,3
Kosteres,3,0,3
Kostyantynovych,3,0,3
Kotaro,3,0,3
Kotchaporn,0,3,3
Kotuk,0,3,3
Koumana,3,3,6
Koundour,0,3,3
Kourt,3,0,3
Koviljka,0,3,3
Koyar,3,0,3
Koyomi,0,3,3
Kozines,3,0,3
Kpakpo,3,0,3
Krasimira,0,3,3
Kreintje,0,3,3
Kreon,3,0,3
Kres,3,3,6
Kresenzia,0,3,3
Krešo,3,0,3
Kresta,0,3,3
Kreta,0,3,3
Krichan,3,0,3
Krid,3,3,6
Krienette,0,3,3
Kriesen,3,0,3
Kriesnapersad,3,0,3
Krijn-Jan,3,0,3
Krijneke,0,3,3
Krijnette,0,3,3
Krijnjan,3,0,3
Krins,0,3,3
Krishanty,0,3,3
Krishanu,3,3,6
Krishara,0,3,3
Krishav,3,0,3
Krishita,0,3,3
Krishn,3,0,3
Krishnaa,0,3,3
Krishnadutt,3,0,3
Krishnakoemari,0,3,3
Krishnanan,3,0,3
Krishnapriya,0,3,3
Krishnedath,3,0,3
Krishnekoemarie,0,3,3
Krishnepersad,3,0,3
Krishtian,3,0,3
Krisla,0,3,3
Krislaine,0,3,3
Krisnakoemar,3,0,3
Krisnakoemarie,0,3,3
Krisnakumarie,0,3,3
Krison,3,0,3
Krisstiene,0,3,3
Krisstoffer,3,0,3
Kristalijn,0,3,3
Kristana,0,3,3
Kristanna,0,3,3
Kristapor,3,0,3
Kristhel,0,3,3
Kristhy,0,3,3
Kristia,0,3,3
Kristián,3,0,3
Kristiën,3,0,3
Kristinka,0,3,3
Kristinn,3,0,3
Kristinne,0,3,3
Kristion,3,0,3
Kristjana,0,3,3
Kristofoor,3,0,3
Kristos,3,0,3
Kristov,3,0,3
Kristy-Anne,0,3,3
Kristyne,0,3,3
Krisyanto,3,0,3
Krisztian,3,0,3
Kriya,3,0,3
Kroes,0,3,3
Krojf,3,0,3
Krolos,3,0,3
Krstina,0,3,3
Kruno,3,0,3
Krush,3,0,3
Kryshna,3,3,6
Kryspina,0,3,3
Krystelle,0,3,3
Krystof,3,0,3
Kua,0,3,3
Kuanzambi,3,3,6
Kuar,3,3,6
Kubi,3,3,6
Kübra-Nur,0,3,3
Kübülay,3,0,3
Kudakwashe,3,0,3
Kudjo,3,0,3
Kudrat,3,3,6
Kue,3,0,3
Kuëb,3,0,3
Kueb,3,0,3
Kuei,0,3,3
Kuffour,3,0,3
Kuijndert,3,0,3
Kuilenburg,3,0,3
Kuinder,3,0,3
Kuinderke,0,3,3
Kuirina,0,3,3
Kujtime,0,3,3
Kuku,3,0,3
Kukua,0,3,3
Külal,3,0,3
Kuldeep,3,0,3
Kuldip,3,0,3
Kuljeet,3,3,6
Kulmiye,3,0,3
Kulsoem,0,3,3
Kulsum,0,3,3
Kulthum,0,3,3
Kulvinder,3,3,6
Kumaira,0,3,3
Kumala,0,3,3
Kumarasari,0,3,3
Kumer,3,0,3
Kumiko,0,3,3
Kumira,3,3,6
Kumiwaa,0,3,3
Kummeling,3,3,6
Kumsa,3,0,3
Kunadu,3,3,6
Kunagonda,0,3,3
Kunam,3,0,3
Kunderina,0,3,3
Kundertsje,0,3,3
Kundine,0,3,3
Kundry,0,3,3
Kunedu,3,3,6
Kunegunda,0,3,3
Kunegunde,0,3,3
Kunette,0,3,3
Kuniera,0,3,3
Kunire,0,3,3
Kunnichien,0,3,3
Kunnigonda,0,3,3
Kunsel,0,3,3
Kunskje,0,3,3
Kunte,3,0,3
Kuntgina,0,3,3
Kunwar,3,3,6
Kuon,3,0,3
Kupano,3,3,6
Kupra,0,3,3
Kurani,3,0,3
Kurdy,3,0,3
Kurijn,3,0,3
Kurinna,0,3,3
Kurniawati,0,3,3
Kurşad,3,0,3
Kurtly,3,0,3
Kurubel,3,0,3
Kuruppu,3,3,6
Kus,0,3,3
Kushi,0,3,3
Kushik,3,0,3
Kusiwaa,0,3,3
Kusiwaah,0,3,3
Kussai,3,3,6
Kustaw,3,0,3
Kusumarini,0,3,3
Kusumawardhani,0,3,3
Kutloano,3,0,3
Kutluhan,3,0,3
Kutup,3,0,3
Kuukuwa,0,3,3
Kuul,3,0,3
Kuwarsingh,3,0,3
Květa,0,3,3
Kwado,3,0,3
Kwajo,3,0,3
Kwaning,3,0,3
Kwao,3,3,6
Kwartei,3,0,3
Kwea,0,3,3
Kwebena,3,0,3
Kwedjo,3,0,3
Kwesie,3,0,3
Kwien,0,3,3
Kwinn,3,3,6
Kwinsie,3,3,6
Kwinsy,3,0,3
Kwoeng,3,0,3
Kwok-Ming,3,0,3
Kwok-Tai,3,0,3
Kwon,3,0,3
Kwoon,3,0,3
Kwuan,3,3,6
Ky'an,3,0,3
Ky'ano,3,0,3
Ky'charell,0,3,3
Ky'shane,3,0,3
Ky-Chaira,0,3,3
Ky-Chairo,3,0,3
Ky-Jairo,3,0,3
Ky-Mairo,3,0,3
Ky-many,3,0,3
Ky-Maya,0,3,3
Ky-Mayah,0,3,3
Ky-Mayra,0,3,3
Ky-Mayro,3,0,3
Ky-Shaira,0,3,3
Ky-shawn,3,0,3
Ky-Shawn,3,0,3
Kyaira,0,3,3
Kyale,3,3,6
Kyama,3,3,6
Kyamani,3,0,3
Kyander,3,0,3
Kyanthe-Lee,0,3,3
Kyanu-Kayden,3,0,3
Kyará,0,3,3
Kyausha,0,3,3
Kyauta,0,3,3
Kyba,3,3,6
Kybele,0,3,3
Kychaira,0,3,3
Kyd,3,0,3
Kydo,3,0,3
Kyean,3,0,3
Kyëlla,0,3,3
Kyën,3,0,3
Kyere,3,3,6
Kyerematen,0,3,3
Kyero,3,0,3
Kyhra,0,3,3
Kyjel,3,0,3
Kyjuan,3,0,3
Kyke,0,3,3
Kylaina,0,3,3
Kylaisha,0,3,3
Kylean,3,0,3
Kylena,0,3,3
Kyley,3,3,6
Kylia,0,3,3
Kyllikki,0,3,3
Kyllion,3,0,3
Kymaini,0,3,3
Kymarah,0,3,3
Kymé,0,3,3
Kymi,3,0,3
Kymm,0,3,3
Kyn,3,0,3
Kynaï,3,3,6
Kynaira,0,3,3
Kyne,0,3,3
Kynja,0,3,3
Kynon,3,0,3
Kynthia,0,3,3
Kyonah,0,3,3
Kyone,3,3,6
Kyonn,3,0,3
Kyonna,0,3,3
Kyosha,0,3,3
Kyr,3,0,3
Kyra-Lynn,0,3,3
Kyraisha,0,3,3
Kyras,3,0,3
Kyre,3,0,3
Kyree,3,0,3
Kyrellos,3,0,3
Kyrem,3,0,3
Kyrenia,0,3,3
Kyrilla,0,3,3
Kyrin,0,3,3
Kyrlian,3,3,6
Kyrollos,3,0,3
Kyrsha,0,3,3
Kyrtha,0,3,3
Kyshaino,3,0,3
Kyshani,0,3,3
Kyshantely,0,3,3
Kyshaya,0,3,3
Kyshayra,0,3,3
Kysheira,0,3,3
Kyson,3,0,3
Kyszon,3,0,3
Kyvaino,3,0,3
Kyvana,0,3,3
Kyzaino,3,0,3
K'aeyano,3,0,3
K'ai,3,0,3
K'al,3,0,3
K'Aliysha,0,3,3
K'ang-Lok,3,0,3
K'Cee,3,0,3
K'chantelley,0,3,3
K'Chayra,0,3,3
K'Chewaynö,3,0,3
K'cianna,0,3,3
K'dyon,3,0,3
K'hai,3,0,3
K'iani,0,3,3
K'iche,3,0,3
K'jadey,0,3,3
K'Jaeden,3,0,3
K'leh,3,0,3
K'Lyann,0,3,3
K'mar,3,0,3
K'mari,3,0,3
K'Marley,3,0,3
K'Mayah,0,3,3
K'nion,3,0,3
K'Shaena-Lee,0,3,3
K'Shawn,3,0,3
K'Shaydior,3,0,3
K'shayro,3,0,3
K'Yandro,3,0,3
K'yano,3,0,3
K'yenzo,3,0,3
K'yeon,3,0,3
K'yomi,0,3,3
K-Allysha,0,3,3
K-ci,3,0,3
K-Ci,3,0,3
K-lainy,0,3,3
K-Lynn,0,3,3
K-mayn,3,0,3
K-Michelle,0,3,3
K-shairo,3,0,3
K-Shaun,3,0,3
K-shawndrick,3,0,3
K-Syonrich,3,0,3
Ka'an,3,0,3
Ka'den,3,0,3
Ka'Elah,0,3,3
Ka'eo,3,0,3
Ka'Neada,3,0,3
Ka'yra,0,3,3
Ka-an,0,3,3
Ka-Chai,3,0,3
Ka-Chan,3,0,3
Ka-Cheung,3,0,3
Ka-Ching,3,0,3
Ka-Choi,3,0,3
Ka-Chong,3,0,3
Ka-Chung,3,0,3
Ka-Cun,3,0,3
Ka-fai,3,0,3
Ka-Fay,3,0,3
Ka-fei,3,0,3
Ka-Feih,3,0,3
Ka-Fung,3,0,3
Ka-Hei,3,0,3
Ka-Hey,0,3,3
Ka-Hi,3,0,3
Ka-Him,3,0,3
Ka-Hin,3,0,3
Ka-ho,3,0,3
Ka-Hon,3,0,3
Ka-Hong,3,0,3
Ka-How,3,0,3
Ka-Hung,3,0,3
Ka-Ju,3,0,3
Ka-Jui,0,3,3
Ka-Ké,0,3,3
Ka-keung,3,0,3
Ka-Keung,3,0,3
Ka-Kun,3,0,3
Ka-lam,0,3,3
Ka-Lay,0,3,3
Ka-Le,3,0,3
Ka-Len,3,0,3
Ka-Leung,3,0,3
Ka-Li,0,3,3
Ka-ling,0,3,3
Ka-Loh,3,0,3
Ka-lok,0,3,3
Ka-Lun,3,0,3
Ka-Lung,3,0,3
Ka-Pan,3,0,3
Ka-Pin,3,0,3
Ka-Rien,0,3,3
Ka-shing,3,0,3
Ka-Sin,0,3,3
Ka-Sjong,3,0,3
Ka-Sung,0,3,3
Ka-Thy,0,3,3
Ka-Tim,3,0,3
Ka-Tjun,3,0,3
Ka-Tsai,3,0,3
Ka-Wai,3,0,3
Ka-wai,3,0,3
Ka-Way,3,0,3
Ka-Wey,3,0,3
Ka-Win,3,0,3
Ka-Yang,0,3,3
Ka-Yanh,0,3,3
Ka-Yann,0,3,3
Ka-yie,0,3,3
Ka-Yie,0,3,3
Ka-Yim,0,3,3
Ka-Yin,3,0,3
Ka-yin,0,3,3
Ka-Ying,0,3,3
Ka-Yip,3,0,3
Ka-Yu,3,0,3
Ka-Zhing,3,0,3
Ka?imiesz,3,0,3
Kaabil,3,0,3
Kaachire,0,3,3
Kaade,0,3,3
Kaadija,0,3,3
Kaafi,3,0,3
Kaafiya,0,3,3
Kaağan,3,0,3
Kaaho,0,3,3
Kaaij,3,0,3
Kaainaat,0,3,3
Kaaitje,0,3,3
Kaaja,0,3,3
Kaajan,0,3,3
Kaajel,0,3,3
Kaajol,0,3,3
Kaakyire,3,0,3
Kaaley,0,3,3
Kaamal,3,0,3
Kaamani,0,3,3
Kaamar,0,3,3
Kaami,0,3,3
Kaamilah,0,3,3
Kaamilla,0,3,3
Kaamni,0,3,3
Kaamran,3,0,3
Kaàn,3,0,3
Kaan-Ibrahim,3,0,3
Kaan-Ömer,3,0,3
Kaan-Simen,3,0,3
Kaan-Şükrü,3,0,3
Kaancan,3,0,3
Kaanene,3,0,3
Kaanhan,3,0,3
Kaanie,0,3,3
Kaanmanie,0,3,3
Kaantaha,3,0,3
Kaantharina,0,3,3
Kaany,0,3,3
Kaap,3,0,3
Kaar,3,0,3
Kaara,0,3,3
Kaardo,3,0,3
Kaarel,3,0,3
Kaarez,0,3,3
Kaari,0,3,3
Kaaro,3,0,3
Kaarthigan,3,0,3
Kaartik,3,0,3
Kaashif,3,0,3
Kaashin,3,0,3
Kaasim,3,0,3
Kaasjief,3,0,3
Kaat-Manu,3,0,3
Kaatayon,0,3,3
Kaatchie,0,3,3
Kaathe,0,3,3
Kaatie,0,3,3
Kaavi,0,3,3
Kaaviyan,3,0,3
Kaavya,0,3,3
Kaawdan,3,0,3
Kaay-Yske,3,0,3
Kaaya,0,3,3
Kabagaya,3,0,3
Kabanatu,0,3,3
Kabanga,3,0,3
Kabanga-Luabeya,3,0,3
Kabanishi,0,3,3
Kabaronga,3,0,3
Kabarudin,0,3,3
Kabas,0,3,3
Kabasele,3,0,3
Kabassa,3,0,3
Kabat,0,3,3
Kabbir,3,0,3
Kabedi,0,3,3
Kabehan,0,3,3
Kabelo,3,0,3
Kabengera,3,0,3
Kabeni,3,0,3
Kabeta,0,3,3
Kabeya,0,3,3
Kabibi,0,3,3
Kabieta,0,3,3
Kabilesh,3,0,3
Kabinet,3,0,3
Kabirat,0,3,3
Kabirna,0,3,3
Kabodeli,3,0,3
Kabongo,3,0,3
Kabor,3,0,3
Kaboul,3,0,3
Kaboule,3,0,3
Kabres,3,0,3
Kabriela,0,3,3
Kabriele,0,3,3
Kabriëlla,0,3,3
Kabriella,0,3,3
Kabril,3,0,3
Kabro,3,0,3
Kabula,0,3,3
Kabulaatje,0,3,3
Kabuli,0,3,3
Kabull,0,3,3
Kabulu,3,0,3
Kabuto,3,0,3
Kabutri,0,3,3
Kaby,0,3,3
Kabyera,3,0,3
Kabynanga,0,3,3
Kaceem,3,0,3
Kaceley,0,3,3
Kachadour,3,0,3
Kachag,3,0,3
Kachai,3,0,3
Kachama,3,0,3
Kachif,3,0,3
Kachine,0,3,3
Kachiun,3,0,3
Kachu,0,3,3
Kacie,0,3,3
Kacinthia,0,3,3
Kaçkar,3,0,3
Kacou,3,0,3
Kacpar,3,0,3
Käcy,0,3,3
Kaczynski,3,0,3
Kadafi,3,0,3
Kadance,0,3,3
Kadarsan,3,0,3
Kadarti,0,3,3
Kadarwati,0,3,3
Kadaulix,3,0,3
Kaddour,3,0,3
Kaddyja,0,3,3
Kaddyjatou,0,3,3
Kadeasha,0,3,3
Kadeecha,0,3,3
Kadeejat,0,3,3
Kadeesha,0,3,3
Kadega,0,3,3
Kadence,0,3,3
Kadér,0,3,3
Kàder,0,3,3
Kader-Hilal,0,3,3
Kadercan,3,0,3
Kadère,3,0,3
Kaderhussein,3,0,3
Kaderkhan,3,0,3
Kades,3,0,3
Kadesha,0,3,3
Kadeshia,0,3,3
Kadet,0,3,3
Kadex,3,0,3
Kadhesia,0,3,3
Kadialiou,3,0,3
Kadialy,3,0,3
Kadicha,0,3,3
Kadicia,0,3,3
Kadiclair,0,3,3
Kadidiata,0,3,3
Kadidyatou,0,3,3
Kadieja,0,3,3
Kadien,0,3,3
Kadigé,0,3,3
Kadigia,0,3,3
Kadıhan,3,0,3
Kadijad,0,3,3
Kadijem,0,3,3
Kadijent,3,0,3
Kadijna,0,3,3
Kadijtou,0,3,3
Kadíka,0,3,3
Kadila,3,0,3
Kadima,3,0,3
Kadime,0,3,3
Kadina,0,3,3
Kadinka,0,3,3
Kadiralp,3,0,3
Kadiran,0,3,3
Kadirçan,3,0,3
Kâdircan,3,0,3
Kadiri,3,0,3
Kadirkaan,3,0,3
Kadirsalih,3,0,3
Kadisa,0,3,3
Kadisjah,0,3,3
Kadişman,3,0,3
Kadissa,0,3,3
Kadissha,0,3,3
Kadiyatu,0,3,3
Kadizatu,0,3,3
Kadjalh,0,3,3
Kadjalkiran,0,3,3
Kadjana,0,3,3
Kadjata,0,3,3
Kadjatou,0,3,3
Kadje,0,3,3
Kadji,0,3,3
Kadmiel,3,0,3
Kadmiël,3,0,3
Kadnem,0,3,3
Kado,0,3,3
Kadom,3,0,3
Kadosh,3,0,3
Kadoury,3,0,3
Kadrah,0,3,3
Kadrić,3,0,3
Kadrije,0,3,3
Kadriya,0,3,3
Kadriye-Nur,0,3,3
Kadro,3,0,3
Kadum,3,0,3
Kady-Jane,0,3,3
Kady-Lee,0,3,3
Kadya,0,3,3
Kadyatou,0,3,3
Kadydia,0,3,3
Kadyn,3,0,3
Kadysha,0,3,3
Kadyshah,0,3,3
Kadyshona,0,3,3
Kadzu,0,3,3
Kaé,0,3,3
Kae'cey,3,0,3
Kae'don,3,0,3
Kae'shendrison,3,0,3
Kae-J'amore,0,3,3
Kae-Lee,0,3,3
Kae-Liana,0,3,3
Kae-Lyënn,0,3,3
Kae-lynn,0,3,3
Kae-lysha,0,3,3
Kae-Lysha,0,3,3
Kaebé,3,0,3
Kaed,3,0,3
Kaedence,3,0,3
Kaedin,3,0,3
Kaedon,3,0,3
Kaedrin,3,0,3
Kaedryon,3,0,3
Kaedyn,3,0,3
Kaégen,3,0,3
Kaehilani,0,3,3
Kaehlani,0,3,3
Kaehney,3,0,3
Kaeilani,0,3,3
Kaejay,3,0,3
Kaél,3,0,3
Kaele,0,3,3
Kaelèm,3,0,3
Kaelia,0,3,3
Kaëlig,3,0,3
Kaell,3,0,3
Kaella,0,3,3
Kaellan,3,0,3
Kaëlle,0,3,3
Kaelly,0,3,3
Kaelo,3,0,3
Kaëlon,3,0,3
Kaelon,3,0,3
Kaelus,3,0,3
Kaelvin,3,0,3
Kaelyn-Emi,0,3,3
Kaelynn-Ann,0,3,3
Kaelynne,0,3,3
Kaemi,3,0,3
Kaemin,3,0,3
Kaemoa,3,0,3
Kaemy,0,3,3
Kaena,0,3,3
Kaenai,3,0,3
Kaenan,3,0,3
Kaenen,3,0,3
Kaeno,3,0,3
Káeno,3,0,3
Kaera,0,3,3
Kaerl,3,0,3
Kaesar,3,0,3
Kaesey,3,0,3
Kaesha,0,3,3
Kaeshia,0,3,3
Kaésié,3,0,3
Kaesly,0,3,3
Kaete,0,3,3
Kaethy,0,3,3
Kaetie,0,3,3
Kaetochukwu,3,0,3
Kaevan,3,0,3
Kaewa,0,3,3
Kaewnuna,3,0,3
Kaeyan,3,0,3
Kaeyana,0,3,3
Kaéyani,3,0,3
Kaéyano,3,0,3
Kaeyano-Casey,3,0,3
Käeyla,0,3,3
Kaeylan,3,0,3
Kaeylin,0,3,3
Kaeylinn,0,3,3
Kaëyomi,0,3,3
Kaeysha,0,3,3
Kafafi,3,0,3
Kafai,3,0,3
Kafak,3,0,3
Kafali,3,0,3
Kafan,3,0,3
Kafay,3,0,3
Kafele,3,0,3
Kaffar,3,0,3
Kaffari,3,0,3
Kafia,0,3,3
Kafian,3,0,3
Kafiëntely,0,3,3
Kafiya,0,3,3
Kâfiye,0,3,3
Kafoei,3,0,3
Kağaan,3,0,3
Kagamba,3,0,3
Kágan,3,0,3
Kaǵan,3,0,3
Kagemulo,0,3,3
Kagha,3,0,3
Kagome,0,3,3
Kagor,3,0,3
Kah-Lai,0,3,3
Kah-Mei,0,3,3
Kah-sien,3,0,3
Kah-Wing,3,0,3
Kah-Xin,0,3,3
Kah-yan,0,3,3
Kah-Yien,3,0,3
Kahagniel,0,3,3
Kahagu,3,0,3
Kahamil,3,0,3
Kahamuamu,0,3,3
Kahao,3,0,3
Kaharuddien,3,0,3
Kahdra,0,3,3
Kahea,0,3,3
Kahealani,0,3,3
Kaheesha,0,3,3
Kahei,3,0,3
Kahemy,0,3,3
Kahen,3,0,3
Kaheruh,3,0,3
Kahfongwi,0,3,3
Kahi,0,3,3
Kahibe,0,3,3
Kahinat,0,3,3
Kahing,3,0,3
Kahira,0,3,3
Kahiya,0,3,3
Kahiyang,0,3,3
Kahja,0,3,3
Kahkashan,0,3,3
Kahlain,3,0,3
Kahlani,0,3,3
Kahle,0,3,3
Káhley,0,3,3
Kahlid,3,0,3
Kahlin,0,3,3
Kahliya,0,3,3
Kahlon,0,3,3
Kahlyn,0,3,3
Kahmal,3,0,3
Kähn,3,0,3
Kahnam,0,3,3
Kahnasarakeh,3,0,3
Kahnes,3,0,3
Kaholo,3,0,3
Kahong,3,0,3
Kahr,3,0,3
Kahra,3,0,3
Kahram,3,0,3
Kahramman,3,0,3
Kahren,0,3,3
Kahriman,3,0,3
Kahro,3,0,3
Kähte,0,3,3
Kahuan,3,0,3
Kahurangi,3,0,3
Kahwei,0,3,3
Kăi,3,0,3
Kãi,3,0,3
Kaí,3,0,3
Kai'den,3,0,3
Kai-Anne,3,0,3
Kai-arne,3,0,3
Kai-Cheong,3,0,3
Kai-Chin,3,0,3
Kai-Ching,0,3,3
Kai-Chun,3,0,3
Kai-Dapat,3,0,3
Kai-Don,3,0,3
Kai-Erik,3,0,3
Kai-Fung,3,0,3
Kai-Gio,3,0,3
Kai-Heng,3,0,3
Kai-Him,3,0,3
Kai-Hon,3,0,3
Kai-Jano,3,0,3
Kai-Jell,3,0,3
Kai-Jiu,3,0,3
Kai-Ko,3,0,3
Kai-Lan,0,3,3
Kai-Lani,0,3,3
Kai-Lee,3,0,3
Kai-lee,0,3,3
Kai-Li,3,0,3
Kai-li,0,3,3
Kai-lin,0,3,3
Kai-Lin,0,3,3
Kai-luca,3,0,3
Kai-Luka,3,0,3
Kai-Lynn,0,3,3
Kai-Man,0,3,3
Kai-Nasara,3,0,3
Kai-Nolen,3,0,3
Kăi-Reì,3,0,3
Kai-Ren,3,0,3
Kai-Ruan,3,0,3
Kai-Rui,3,0,3
Kai-Ting,0,3,3
Kai-wa,3,0,3
Kai-Wah,3,0,3
Kai-Wen,3,0,3
Kai-Wing,3,0,3
Kai-Xi,0,3,3
Kai-Xin,0,3,3
Kāi-Yăn,3,0,3
Kai-Yin,3,0,3
Kai-Yuan,3,0,3
Kaia-Berthe,0,3,3
Kaïah,0,3,3
Kaialyn,0,3,3
Kaiane,0,3,3
Kaida-Yindee,0,3,3
Kaidi,0,3,3
Kaidin,3,0,3
Kaidjah,0,3,3
Kaido,3,0,3
Kaidon,3,0,3
Kaiën,3,0,3
Kaiënsingh,3,0,3
Kaier,3,0,3
Kaif,3,0,3
Kaifan,3,0,3
Kâifie,3,0,3
Kaig,3,0,3
Kaiga,3,0,3
Kaighden,3,0,3
Kaighlen,3,0,3
Kaihana,0,3,3
Kaïhla,0,3,3
Kaihlani,0,3,3
Kaihua,3,0,3
Kaiilo,3,0,3
Kaiisha,0,3,3
Kaijal,0,3,3
Kaijbar,3,0,3
Kaìjé,3,0,3
Kaijie,3,0,3
Kaijlee,0,3,3
Kaijo,3,0,3
Kaijza,0,3,3
Kaikali,3,0,3
Kaikou,3,0,3
Kaikoura,3,0,3
Kaikura,3,0,3
Kailadsingh,3,0,3
Kaïlana,0,3,3
Kailandrio,3,0,3
Kailas-Robbie,3,0,3
Kailasch,3,0,3
Kailashkoemar,3,0,3
Kăilè,3,0,3
Kailea,0,3,3
Kaileena,0,3,3
Kaileesh,3,0,3
Kailei,0,3,3
Kaileigh-Ann,0,3,3
Kaileshkumar,3,0,3
Kaileshwar,3,0,3
Kailey-Ann,0,3,3
Kailhan,3,0,3
Kailian,3,0,3
Kailiana,0,3,3
Kāilín,0,3,3
Kailina,0,3,3
Kailinn,3,0,3
Kaïlish,3,0,3
Kailiya,0,3,3
Kailiyah,0,3,3
Kaillou,3,0,3
Kaillynn,0,3,3
Kaïma,0,3,3
Kaimana,3,0,3
Kaime,3,0,3
Kaimé,0,3,3
Kaimoehai,3,0,3
Kaimoet,3,0,3
Kaimoon,3,0,3
Kainaath,0,3,3
Kainah,0,3,3
Kainalu,3,0,3
Kainano,3,0,3
Kaïne,3,0,3
Kainè,0,3,3
Kainey,0,3,3
Kaing,0,3,3
Kainn,3,0,3
Kaïno,3,0,3
Kainon,3,0,3
Kainza,0,3,3
Kaió,3,0,3
Kaiomhe,0,3,3
Kaiori,3,0,3
Kaiowa,3,0,3
Kaiping,3,0,3
Kaïpo,3,0,3
Kaiqing,3,0,3
Kaique,3,0,3
Kairaluchukwu,0,3,3
Kairan,3,0,3
Kairdon,0,3,3
Kairina,0,3,3
Kairó,0,3,3
Kairomar,3,0,3
Kairon,3,0,3
Kaïros,3,0,3
Kairuan,3,0,3
Kairunisa,0,3,3
Kairy,0,3,3
Kaisa-Franka,0,3,3
Kaïsa-Fryda,0,3,3
Kaisan,3,0,3
Kaisara,0,3,3
Kaiseh,3,0,3
Kaisen,3,0,3
Kaish,0,3,3
Kaishi,3,0,3
Kaishu,3,0,3
Kaishun,3,0,3
Kaisja,0,3,3
Kaiske,3,0,3
Kaisla,0,3,3
Kaisly,0,3,3
Kaisor,3,0,3
Kaitan,3,0,3
Kaïtana,0,3,3
Kaith,0,3,3
Kaith-Lynn,0,3,3
Kaithan,3,0,3
Kaithleigh,0,3,3
Kaiti,0,3,3
Kaitia,0,3,3
Kaitja,0,3,3
Kaitjong,3,0,3
Kaitlan,0,3,3
Kaitlen,0,3,3
Kaitlene,0,3,3
Kaitlin-Mae,0,3,3
Kaitline,0,3,3
Kaitly,0,3,3
Kaitlyn-Jo,0,3,3
Kaitlynne,0,3,3
Kaitoh,3,0,3
Kaitong,3,0,3
Kaityusie,3,0,3
Kaitz,3,0,3
Kaivano,3,0,3
Kaiwana,0,3,3
Kaiwen,3,0,3
Kaiwing,3,0,3
Kăixìn,3,0,3
Kãixĩn,0,3,3
Kaïya,0,3,3
Kaiyah,0,3,3
Kaiyang,3,0,3
Kaiyaro,3,0,3
Kaiye,3,0,3
Kaiyen,3,0,3
Kaiyèn,0,3,3
Kaiyennah,0,3,3
Kaiyi,3,0,3
Kaiyin,3,0,3
Kaiyuan,3,0,3
Kaiza,3,0,3
Kaize,3,0,3
Kaizen,3,0,3
Kaizhe,3,0,3
Kaizlee,0,3,3
Kaizlin,3,0,3
KAJ,3,0,3
Kaj-Anders,3,0,3
Kaj-Arne,3,0,3
Kaj-Benjamin,3,0,3
Kaj-Erling,3,0,3
Kaj-Folkert,3,0,3
Kaj-jan,3,0,3
Kaj-Kristian,3,0,3
Kaj-Sege,3,0,3
Kaj-Theodoor,3,0,3
Kája,3,0,3
Kajaal,0,3,3
Kajaam,3,0,3
Kajair,3,0,3
Kajaldebi,0,3,3
Kajaldevie,0,3,3
Kajaldewi,0,3,3
Kajalkaminikoemarie,0,3,3
Kajalkiran,0,3,3
Kajalkoemari,0,3,3
Kajall,0,3,3
Kajalpreet,0,3,3
Kajana,0,3,3
Kajanan,3,0,3
Kajang,0,3,3
Kajash,3,0,3
Kajasharmilan,3,0,3
Kajati,0,3,3
Kajdries,3,0,3
Kajeeban,3,0,3
Kajeetharan,3,0,3
Kajeevan,3,0,3
Kajemuken,3,0,3
Kajèn,0,3,3
Kajenat,0,3,3
Kajhal,0,3,3
Kajie,3,0,3
Kajien,0,3,3
Kajik,3,0,3
Kajip,3,0,3
Kajitana,0,3,3
Kajj,3,0,3
Kajl,3,0,3
Kajlin,0,3,3
Kajlo,0,3,3
Kajmen,3,0,3
Kajoem,3,0,3
Kajoemsha,3,0,3
Kajoeta,3,0,3
Kajolpreet,0,3,3
Kajra,0,3,3
Käjsa,0,3,3
Kajsa-Marie,0,3,3
Kajtek,3,0,3
Kajue,3,0,3
Kajun,3,0,3
Kak,0,3,3
Kakai,3,0,3
Kakalo,3,0,3
Kakay,3,0,3
Kake,3,0,3
Kakee,0,3,3
Kakei,3,0,3
Kakere,3,0,3
Kaki,0,3,3
Kakiari,3,0,3
Kakien,3,0,3
Kakinka,0,3,3
Kakira,0,3,3
Kakit,3,0,3
Kakkada,3,0,3
Kakkar,0,3,3
Kakoma,3,0,3
Kakonde,3,0,3
Kaku,3,0,3
Kakyo,0,3,3
Kalab,3,0,3
Kalabe,3,0,3
Kalair,3,0,3
Kalali,3,0,3
Kalamoeddin,3,0,3
Kalan,3,0,3
Kalana,3,0,3
Kalanie,0,3,3
Kalap,3,0,3
Kalapdei,0,3,3
Kalapide,3,0,3
Kalartje,0,3,3
Kalarus,3,0,3
Kalasch,3,0,3
Kalasum,0,3,3
Kalawai,3,0,3
Kalawati,0,3,3
Kalayakorn,0,3,3
Kalbeddine,3,0,3
Kalben,0,3,3
Kalbieeva,0,3,3
Kalden,3,0,3
Kaleah,0,3,3
Kaleb-Benajaa,3,0,3
Kalebee,0,3,3
Kalebo,0,3,3
Kalece,3,0,3
Kaleesha,0,3,3
Kaleeshy,0,3,3
Kaleesi,0,3,3
Kaleeya,0,3,3
Kaleigha,0,3,3
Kaleikaumaka,0,3,3
Kalekye,0,3,3
Kalel,3,0,3
Kalem,3,0,3
Kalēn,3,0,3
Kalene,0,3,3
Kalenga,0,3,3
Kalengai,0,3,3
Kalep,3,0,3
Kalerwo,3,0,3
Kalesi,0,3,3
Kalevra,3,0,3
Káley,0,3,3
Kaleya,0,3,3
Kaleyn,0,3,3
Kali-Charan,3,0,3
Kalia-Ina,0,3,3
Kaliadie,3,0,3
Kàliah,0,3,3
Kalianda,0,3,3
Kaliang,0,3,3
Kaliano,3,0,3
Kalias,3,0,3
Kalice,0,3,3
Kalicha,0,3,3
Kalico,0,3,3
Kalida,0,3,3
Kalidah,0,3,3
Kalide,3,0,3
Kalidor,3,0,3
Kalieb,3,0,3
Kalies,0,3,3
Kaligh,0,3,3
Kalih,0,3,3
Kalika,0,3,3
Kalile,3,0,3
Kalilo,3,0,3
Kalilou,3,0,3
Kalim,3,0,3
Kalima,0,3,3
Kalimero,3,0,3
Kalimina,0,3,3
Kalinde,0,3,3
Kalineke,0,3,3
Kalinha,0,3,3
Kalinja,3,0,3
Kaliny,0,3,3
Kalinzi,3,0,3
Kaliope,0,3,3
Kalipha,0,3,3
Kaliq,3,0,3
Kalique,3,0,3
Kalir,3,0,3
Kalisa,3,0,3
Kalischa,0,3,3
Kalise,0,3,3
Kalish,3,0,3
Kalishaij,0,3,3
Kalisi,0,3,3
Kalistiana,0,3,3
Kalistina,0,3,3
Kalisto,3,0,3
Kalisya,0,3,3
Kalitha,0,3,3
Kalixa,0,3,3
Kaliyan,0,3,3
Kalizia,0,3,3
Kaljaan,3,0,3
Kaljaani,0,3,3
Kaljagina,0,3,3
Kaljeet,0,3,3
Kalju,3,0,3
Kalkan,3,0,3
Kalkidane,0,3,3
Kallawatie,0,3,3
Kallayani,0,3,3
Källe,3,0,3
Kalle-Julius,3,0,3
Kallen,3,0,3
Kallendi,0,3,3
Kalleo,3,0,3
Kalley,0,3,3
Kallieyaan,0,3,3
Kallinigta,0,3,3
Kallinikos,3,0,3
Kalliope,0,3,3
Kalliopie,0,3,3
Kallise,0,3,3
Kallístratos,3,0,3
Kallisty,0,3,3
Kallitsa,0,3,3
Kalliyan,0,3,3
Kallpa,3,0,3
Kallsy,0,3,3
Kallum,3,0,3
Kálman,3,0,3
Kalmer,3,0,3
Kaloeke,0,3,3
Kaloena,0,3,3
Kaloh,3,0,3
Kalokwera,3,0,3
Kalombo,3,0,3
Kalomira,0,3,3
Kalon,0,3,3
Kalongo,3,0,3
Kalony,3,0,3
Kalotina,0,3,3
Kalpa,3,0,3
Kalpena,0,3,3
Kalpenna,0,3,3
Kalpnath,3,0,3
Kalpoe,3,0,3
Kalsa,3,0,3
Kalsoem,0,3,3
Kalten,3,0,3
Kaltërosh,3,0,3
Kalthleen,0,3,3
Kalthouma,0,3,3
Kaltouma,0,3,3
Kaltrim,3,0,3
Kaltum,0,3,3
Kaltuma,0,3,3
Kaltumo,0,3,3
Kaluba,0,3,3
Kaluina,0,3,3
Kalule,3,0,3
Kaluna,0,3,3
Kalunde,0,3,3
Kalundi,3,0,3
Kalusa,0,3,3
Kaluthara,3,0,3
Kaluthare,3,0,3
Kalvis,3,0,3
Kalya,0,3,3
Kalyaan,3,0,3
Kalyaniammal,0,3,3
Kalyanidevi,0,3,3
Kalycha,0,3,3
Kalyem,0,3,3
Kalyla,0,3,3
Kalyma,0,3,3
Kalyna,0,3,3
Kalynho,3,0,3
Kalynka,0,3,3
Kalynn,0,3,3
Kalynna,0,3,3
Kalyon,3,0,3
Kalysia,0,3,3
Kalyson,3,0,3
Kam-Cheong,3,0,3
Kam-Chiu,0,3,3
Kam-Chuen,3,0,3
Kam-Fa,3,0,3
Kam-Ha,0,3,3
Kam-jai,3,0,3
Kam-Leung,3,0,3
Kam-Ling,0,3,3
Kam-Man,0,3,3
Kam-phong,3,0,3
Kam-Sing,3,0,3
Kam-Tjun,3,0,3
Kam-Yu,0,3,3
Kamaalmohamed,3,0,3
Kamaar,3,0,3
Kamadi,3,0,3
Kamady,0,3,3
Kamaël,3,0,3
Kamaha,3,0,3
Kamaksie-Dewi,0,3,3
Kamalā,0,3,3
Kamaladin,0,3,3
Kamalaiya,0,3,3
Kamalambikai,0,3,3
Kamaldebie,0,3,3
Kamaldeva,3,0,3
Kamaldine,0,3,3
Kamaldjit,3,0,3
Kamalh,3,0,3
Kamalkumar,3,0,3
Kamalkys,3,0,3
Kamallah,0,3,3
Kamalnath,3,0,3
Kamalu,3,0,3
Kamaluba,3,0,3
Kamaludin,3,0,3
Kamalya,0,3,3
Kamambi,3,0,3
Kamanajarè,3,0,3
Kamandi,3,0,3
Kamani,3,0,3
Kamano,3,0,3
Kamanpreet,0,3,3
Kamanu,3,0,3
Kamaratih,0,3,3
Kamari,3,0,3
Kamariah,0,3,3
Kamario,3,0,3
Kamarunisa,0,3,3
Kamasan,3,0,3
Kamawatie,0,3,3
Kamay,3,0,3
Kamaya,0,3,3
Kamayuk,3,0,3
Kambarage,3,0,3
Kambe,0,3,3
Kambej,3,0,3
Kambemba,3,0,3
Kamberley,0,3,3
Kambez,3,0,3
Kambil,3,0,3
Kambo,3,0,3
Kambuzia,3,0,3
Kambyzes,3,0,3
Kamdem,3,0,3
Kamdewkoemar,3,0,3
Kamee,0,3,3
Kameela,0,3,3
Kamei,0,3,3
Kameisha,0,3,3
Kamél,3,0,3
Kamelija,0,3,3
Kamelle,0,3,3
Kamellia,0,3,3
Kamelpreet,0,3,3
Kamergül,0,3,3
Kamernur,0,3,3
Kameshwari,0,3,3
Kamhing,3,0,3
Kami-Lynne,0,3,3
Kamïah,0,3,3
Kamiah,0,3,3
Kamiat,0,3,3
Kamidah,0,3,3
Kamidie,3,0,3
Kamidin,3,0,3
Kamie,0,3,3
Kamielus,0,3,3
Kamier,0,3,3
Kamih,3,0,3
Kàmilcan,3,0,3
Kâmilçan,3,0,3
Kámile,0,3,3
Kamilha,0,3,3
Kamili,0,3,3
Kamilius,3,0,3
Kamillah,0,3,3
Kámillia,0,3,3
Kamillo,3,0,3
Kamillus,3,0,3
Kamilou,3,0,3
Kamily,0,3,3
Kaminem,0,3,3
Kaminidevi,0,3,3
Kaminka,0,3,3
Kaminten,0,3,3
Kamiry,3,0,3
Kamisi,0,3,3
Kamjaar,3,0,3
Kamjar,3,0,3
Kamladebie,0,3,3
Kamlaithong,0,3,3
Kamle,0,3,3
Kamles,3,0,3
Kamlesh-Karan,3,0,3
Kamleshkumar,3,0,3
Kamleshwar,3,0,3
Kamlie,0,3,3
Kamliedevi,0,3,3
Kamlo,3,0,3
Kammah,0,3,3
Kammal,0,3,3
Kamman,3,0,3
Kammi,0,3,3
Kammiena,0,3,3
Kammol,3,0,3
Kammy,0,3,3
Kamnadevi,0,3,3
Kamnang,3,0,3
Kamneud,3,0,3
Kamoes,3,0,3
Kamonkan,0,3,3
Kamonnat,0,3,3
Kamonpan,0,3,3
Kamonshanok,0,3,3
Kamonthep,3,0,3
Kamonyoni,0,3,3
Kampamba,3,0,3
Kampgine,0,3,3
Kampie,0,3,3
Kampol,3,0,3
Kampona,0,3,3
Kamraan,3,0,3
Kamraan-Ali,3,0,3
Kamransha,3,0,3
Kamresh,3,0,3
Kamrin,0,3,3
Kamrish,3,0,3
Kamroenisha,0,3,3
Kamroennahar,0,3,3
Kamroenniesa,0,3,3
Kamroennisa,0,3,3
Kamroon,0,3,3
Kamsa,0,3,3
Kamshiga,0,3,3
Kamshri,0,3,3
Kamsijah,0,3,3
Kamsika,0,3,3
Kamsinah,0,3,3
Kamsing,3,0,3
Kamsisochukwu,3,0,3
Kamtai,3,0,3
Kamto,3,0,3
Kamtochukwu,3,0,3
Kamuell,3,0,3
Kamuena,3,0,3
Kamuika,0,3,3
Kamuus,3,0,3
Kamwanga,3,0,3
Kamyab,3,0,3
Kamyl,3,0,3
Kamyla,0,3,3
Kamyra,0,3,3
Kán,3,0,3
Kan-wah,3,0,3
Kana'an,3,0,3
Kanaal,0,3,3
Kanaän,3,0,3
Kanaar,0,3,3
Kanadid,3,0,3
Kanaë,3,0,3
Kanaha,0,3,3
Kanahan,3,0,3
Kanaia,0,3,3
Kanakulya,3,0,3
Kanang,0,3,3
Kananu,3,0,3
Kanaysha,0,3,3
Kancha,0,3,3
Kanchai,3,0,3
Kanchen,0,3,3
Kanchi,0,3,3
Kandake,0,3,3
Kandal,3,0,3
Kandanda,0,3,3
Kandé,0,3,3
Kandela,0,3,3
Kandhi,0,3,3
Kandi,0,3,3
Kandice,0,3,3
Kandidi,3,0,3
Kandila,0,3,3
Kandjoura,3,0,3
Kandolo,3,0,3
Kandou,3,0,3
Kandoussi,3,0,3
Kandra,0,3,3
Kandric,3,0,3
Kandu,3,0,3
Kane-Benjahmin,3,0,3
Kane-Klaas,3,0,3
Kaneel,0,3,3
Kanéésha,0,3,3
Kaneisha,0,3,3
Kañen,3,0,3
Kaner,3,0,3
Kanera,0,3,3
Kanesh,3,0,3
Kanesha,0,3,3
Kanevi,0,3,3
Kaney,0,3,3
Kaneza,0,3,3
Kanfitin,3,0,3
Kang-Chung,3,0,3
Kang-Kai,3,0,3
Kang-Ling,0,3,3
Kang-Ran,3,0,3
Kang-Xin,0,3,3
Kanganakumari,0,3,3
Kangboon,0,3,3
Kangle,0,3,3
Kangleh,0,3,3
Kangming,3,0,3
Kangna,0,3,3
Kangning,0,3,3
Kangwa,3,0,3
Kangwei,3,0,3
Kangxi,3,0,3
Kangya,0,3,3
Kanh,3,0,3
Kania,0,3,3
Kanial,0,3,3
Kanian,0,3,3
Kanime,0,3,3
Kanimet,0,3,3
Kanimoly,0,3,3
Kanin,3,0,3
Kanina,0,3,3
Kaningeye,3,0,3
Kanini,0,3,3
Kanis,3,0,3
Kanish-Kishore,3,0,3
Kaniska,0,3,3
Kanistha,0,3,3
Kanistra,3,0,3
Kanit,3,0,3
Kanith,3,0,3
Kanitha,0,3,3
Kanitsorn,3,0,3
Kaniwaar,3,0,3
Kaniyavan,3,0,3
Kaniye,0,3,3
Kaniz,0,3,3
Kanjanee,0,3,3
Kanjaw,0,3,3
Kankaew,0,3,3
Kankawi,3,0,3
Kankoila,3,0,3
Kankouba,0,3,3
Kanku,0,3,3
Kanlaya,0,3,3
Kanmál,3,0,3
Kannaï,3,0,3
Kannaiah,3,0,3
Kannathasan,3,0,3
Kannisha,0,3,3
Kannon,3,0,3
Kano,3,0,3
Kanoescha,0,3,3
Kanoknoet,0,3,3
Kanokphon,3,0,3
Kanokporn,0,3,3
Kanokrada,0,3,3
Kanokwan,0,3,3
Kanon,3,0,3
Kanoute,0,3,3
Kanphaknat,0,3,3
Kanphong,3,0,3
Kanrick,3,0,3
Kanşav,3,0,3
Kansinee,0,3,3
Kansuke,3,0,3
Kansy,0,3,3
Kanta,3,0,3
Kantadevi,0,3,3
Kantamasi,0,3,3
Kantar,3,0,3
Kanteh,0,3,3
Kantemir,3,0,3
Kantert,3,0,3
Kanth,3,0,3
Kanthida,0,3,3
Kanti,3,0,3
Kanticha,0,3,3
Kantidevi,0,3,3
Kantima,0,3,3
Kantimah,0,3,3
Kantisha,0,3,3
Kantjil,0,3,3
Kantly,3,0,3
Kantonia,0,3,3
Kantu,0,3,3
Kantuta,0,3,3
Kanun,3,0,3
Kanura,3,0,3
Kanusa,0,3,3
Kanush,0,3,3
Kanusha,0,3,3
Kanushka,0,3,3
Kanut,3,0,3
Kanval,0,3,3
Kanvarena,3,0,3
Kanvie,0,3,3
Kanwalpreet,0,3,3
Kanwarvir,3,0,3
Kanwel,0,3,3
Kanwes,3,0,3
Kanyan,3,0,3
Kanyana,0,3,3
Kanyana-Zoë,0,3,3
Kanyanee,0,3,3
Kanyange,0,3,3
Kanyarat,0,3,3
Kanyawady,0,3,3
Kanycha,0,3,3
Kanyé,3,0,3
Kanyee,3,0,3
Kanyn,3,0,3
Kanyon,3,0,3
Kanyow,0,3,3
Kanysa,0,3,3
Kanz,0,3,3
Kaoitar,0,3,3
Kaolin,0,3,3
Kaomä,0,3,3
Kaomi,0,3,3
Kaömy,3,0,3
Kaor,0,3,3
Kaoside,3,0,3
Kaosisochi,3,0,3
Kaosisuchim,0,3,3
Kaoter,0,3,3
Kaothar,0,3,3
Kaour,0,3,3
Kaourthar,0,3,3
Kaouwthar,0,3,3
Kaow,3,0,3
Kapadhia,0,3,3
Kaparamewa,3,0,3
Kapeesan,3,0,3
Kapenda,3,0,3
Kapenga,0,3,3
Kapepula,3,0,3
Kapesi,0,3,3
Kapieldew,3,0,3
Kapildath,3,0,3
Kapindra,3,0,3
Kapish,3,0,3
Kapono,3,0,3
Kappy,3,0,3
Kapriel,3,0,3
Kaptijn,3,0,3
Kar-Cheong,3,0,3
Kar-Ching,0,3,3
Kar-Hang,3,0,3
Kar-Kit,3,0,3
Kar-Ling,0,3,3
Kar-Shin,3,0,3
Kar-Wai,3,0,3
Kar-Wan,0,3,3
Kar-Yee,0,3,3
Kar-Yin,0,3,3
Kăra,0,3,3
Kara-Anamchara,0,3,3
Kara-Nina,0,3,3
Karaani,3,0,3
Karabay,3,0,3
Karabey-Graciano,3,0,3
Karabiçak,3,0,3
Karaca,0,3,3
Karacan,3,0,3
Karachi,0,3,3
Karadina,0,3,3
Karadj,3,0,3
Karadjietsing,3,0,3
Karadur,3,0,3
Karag,3,0,3
Karagolli,0,3,3
Karagöz,3,0,3
Karahn,3,0,3
Karajan,3,0,3
Karajina,0,3,3
Karali,0,3,3
Karalien,0,3,3
Karalis,0,3,3
Karalius,3,0,3
Karaly,0,3,3
Karàm,3,0,3
Karam-Eddine,3,0,3
Karamali,3,0,3
Karamallah,3,0,3
Karame,3,0,3
Karameddine,3,0,3
Karametoen,0,3,3
Karamon,3,0,3
Karamurat,3,0,3
Karamvir,3,0,3
Káran,3,0,3
Karan-Jashwantsingh,3,0,3
Karanalp,3,0,3
Karanbir,3,0,3
Karandath,3,0,3
Karanfilka,0,3,3
Karangely,0,3,3
Karanjiet,3,0,3
Karanpal,3,0,3
Karanprakash,3,0,3
Karanradj,3,0,3
Karanroop,3,0,3
Karanshah,3,0,3
Karanvir,3,0,3
Karatay,3,0,3
Karawan,3,0,3
Karawine,3,0,3
Karay,3,0,3
Karađorđe,3,0,3
Karba,3,0,3
Karben,0,3,3
Karca,0,3,3
Karcati,0,3,3
Karceno,3,0,3
Karch,3,0,3
Karchung,3,0,3
Karchy,3,0,3
Karda,3,0,3
Kardalen,0,3,3
Kardamon,3,0,3
Kardamyla,0,3,3
Kardelèn,0,3,3
Kardelijn,0,3,3
Kardia-Lara,0,3,3
Kardiatou,0,3,3
Kardiatu,0,3,3
Kardiman,3,0,3
Kardimin,3,0,3
Kardina,0,3,3
Kardiran,3,0,3
Karease,3,0,3
Kareb,3,0,3
Kareema,0,3,3
Kareinina,0,3,3
Karèl,3,0,3
Kárel,3,0,3
Karel-Fitzpatrick,3,0,3
Karel-Hein,3,0,3
Karel-Henk,3,0,3
Karel-John,3,0,3
Karel-Joseph,3,0,3
Karel-Lina,0,3,3
Karel-lina,0,3,3
Karel-Lodewijk,3,0,3
Karel-Niek,3,0,3
Karel-Oscar,3,0,3
Karel-Pieter,3,0,3
Karel-Rinze,3,0,3
Karel-Steven,3,0,3
Karel-Willem,3,0,3
Kareldrina,0,3,3
Karelena,0,3,3
Karelia,0,3,3
Karélia,0,3,3
Karelian,0,3,3
Kareliena,0,3,3
Karelijnsely,0,3,3
Kareline-Inez,0,3,3
Karelion,3,0,3
Karély,0,3,3
Karely,0,3,3
Kareman,0,3,3
Karembega,0,3,3
Karemely,0,3,3
Karemina,0,3,3
Karémo,0,3,3
Karen-An,0,3,3
Karen-Anke,0,3,3
Karen-Elise,0,3,3
Karen-Else,0,3,3
Karen-Mae,0,3,3
Karen-Marlies,0,3,3
Karéna,0,3,3
Karença,0,3,3
Karence,0,3,3
Karend,3,0,3
Kareni,3,0,3
Karenia,0,3,3
Kareniina,0,3,3
Karenin,0,3,3
Karènina,0,3,3
Karenlise,0,3,3
Karenly,0,3,3
Karenne,0,3,3
Karenovič,3,0,3
Karens,3,0,3
Karense,0,3,3
Karenska,0,3,3
Karenveer,3,0,3
Karènza,0,3,3
Karenze,0,3,3
Kareola,0,3,3
Karer,3,0,3
Karera,3,0,3
Karesa,0,3,3
Karesh,3,0,3
Kareshnie,0,3,3
Karesla,0,3,3
Karesma,0,3,3
Karestely,0,3,3
Kareth,0,3,3
Karfo,0,3,3
Karfoo,3,0,3
Kargbo,3,0,3
Karhu,3,0,3
Kari-An,0,3,3
Kari-Ann,0,3,3
Kari-anne,0,3,3
Kari-Janne,0,3,3
Kariane,0,3,3
Kariba,0,3,3
Karicia,0,3,3
Karidja,0,3,3
Karidjo,3,0,3
Kariel,3,0,3
Kariën,0,3,3
Karien-An,0,3,3
Kariëna,0,3,3
Karienke,0,3,3
Karieno,3,0,3
Karieshma,0,3,3
Kariesma,0,3,3
Karif,3,0,3
Kariim,3,0,3
Kariina,0,3,3
Karijana,0,3,3
Karijanne,0,3,3
Karijini,3,0,3
Karijmie,0,3,3
Karijnie,0,3,3
Karijntje,0,3,3
Karikari-Affodour,3,0,3
Karil,0,3,3
Karilee,0,3,3
Karîm,3,0,3
Karim-Alam,3,0,3
Karim-Amro,3,0,3
Karïma,0,3,3
Karimagatoen,0,3,3
Kariman,0,3,3
Karimar,3,0,3
Karimatou,0,3,3
Karimatu,0,3,3
Karimeh,0,3,3
Karimoeddien,3,0,3
Karimoen,3,0,3
Karimollah,3,0,3
Karimu,3,0,3
Karimun,0,3,3
Karín,0,3,3
Karin-Anne,0,3,3
Karin-Charlotte,0,3,3
Karin-Esther,0,3,3
Karin-Maria,0,3,3
Karin-Marjo,0,3,3
Karin-Meta,0,3,3
Karina-Jeannette,0,3,3
Karina-Victoria,0,3,3
Karinbrita,0,3,3
Karindra,0,3,3
Karine-An,0,3,3
Karine-Thérèse,0,3,3
Karinel,0,3,3
Karinga,3,0,3
Kariniela,0,3,3
Karinnina,0,3,3
Kariño,3,0,3
Karinsha,0,3,3
Karinya,0,3,3
Karinza,0,3,3
Kario,3,0,3
Karion,3,0,3
Karip,3,0,3
Karisanne,0,3,3
Karisch-Madelyn,0,3,3
Karischa,0,3,3
Karischma,0,3,3
Karise,0,3,3
Karishan,3,0,3
Karishaymey,0,3,3
Karishma-Shvetambara,0,3,3
Karishmadevie,0,3,3
Kariska,0,3,3
Karismha,0,3,3
Karismi,0,3,3
Karisni,0,3,3
Karisse,0,3,3
Karit,0,3,3
Karitha,0,3,3
Karithia,0,3,3
Kariu,3,0,3
Karium,0,3,3
Kariyah,0,3,3
Kariyanah,0,3,3
Karizma,0,3,3
Karja,0,3,3
Karjane,0,3,3
Karjela,0,3,3
Karjono,3,0,3
Karjuna,3,0,3
Karki,0,3,3
Karko,3,0,3
Karkour,3,0,3
Karl-Aad,3,0,3
Karl-Albert,3,0,3
Karl-August,3,0,3
Karl-Ferdinand,3,0,3
Karl-Finn,3,0,3
Karl-Frederick,3,0,3
Karl-Frederik,3,0,3
Karl-Gustav,3,0,3
Karl-Hein,3,0,3
Karl-Hendrik,3,0,3
Karl-Jochen,3,0,3
Karl-Josef,3,0,3
Karl-Josèff,3,0,3
Karl-Marten,3,0,3
Karl-Otto,3,0,3
Karla-Latyshia,0,3,3
Karlann,0,3,3
Karlatt,3,0,3
Karleanna,0,3,3
Karlee,0,3,3
Karlentic,3,0,3
Karleyn,0,3,3
Karleyshia,0,3,3
Karlfried,3,0,3
Karlhans,3,0,3
Karlheins,3,0,3
Karlicia,0,3,3
Karlieneke,0,3,3
Karlienka,0,3,3
Karlienke,0,3,3
Karlies,0,3,3
Karliesta,0,3,3
Karlijn-Lucienne,0,3,3
Karlijn-Sophie,0,3,3
Karlinda,0,3,3
Karlisa,0,3,3
Karlite,0,3,3
Karll,3,0,3
Karloes,0,3,3
Karlof,3,0,3
Karloš,3,0,3
Karlotta,0,3,3
Karlou,0,3,3
Karlous,3,0,3
Karlrina,0,3,3
Karlsz,3,0,3
Karlyah,0,3,3
Karlyne,0,3,3
Karmachand,3,0,3
Karmah,0,3,3
Karmalita,0,3,3
Karmana,0,3,3
Karmanie,0,3,3
Karmano,3,0,3
Karmayudhistria,3,0,3
Karmèl,0,3,3
Karmela,0,3,3
Karmele,0,3,3
Karmelijn,0,3,3
Karmelinde,0,3,3
Karmello,3,0,3
Kármen,0,3,3
Karmen-Linda,0,3,3
Karmend,3,0,3
Karmenlätta,0,3,3
Karmetyjana,0,3,3
Karmidie,3,0,3
Karmie,0,3,3
Kármijn,0,3,3
Karmijo,3,0,3
Karmil,3,0,3
Karmila,0,3,3
Karmilah,0,3,3
Karmill,3,0,3
Karmilla,0,3,3
Karmine,3,0,3
Karminem,0,3,3
Karminha,0,3,3
Karminten,3,0,3
Karmjit,3,0,3
Karmoon,3,0,3
Karnadi,3,0,3
Karnafane,0,3,3
Karnah,0,3,3
Karnail,3,0,3
Karnak,3,0,3
Karnasi,0,3,3
Karnbir,3,0,3
Karniek,3,0,3
Karniëlla,0,3,3
Karnig,3,0,3
Karnion,3,0,3
Karniq,3,0,3
Karniti,0,3,3
Karnjit,3,0,3
Karnmanee,0,3,3
Karnsing,3,0,3
Karnvir,3,0,3
Karó,0,3,3
Karoan,3,0,3
Karoba,3,0,3
Karobin,3,0,3
Karodina,0,3,3
Karoelle,0,3,3
Karoenadevi,0,3,3
Karoenashanker,3,0,3
Karoenia,0,3,3
Karoenja,3,0,3
Karoj,3,0,3
Karok,3,0,3
Karól,0,3,3
Karoleen,0,3,3
Karoléne,0,3,3
Karoles,3,0,3
Karoliina,0,3,3
Karolike,0,3,3
Károlin,0,3,3
Karolinda,0,3,3
Karolinde,0,3,3
Karolinne,0,3,3
Karolita,0,3,3
Karolka,0,3,3
Káròly,3,0,3
Karona,0,3,3
Karonyke,0,3,3
Karoo,3,0,3
Karopit,3,0,3
Karosa,3,0,3
Karouchka,0,3,3
Karouna,0,3,3
Karoussia,0,3,3
Karouw,3,0,3
Karoya,0,3,3
Karp,3,0,3
Karram,3,0,3
Karran,3,0,3
Karransingh,3,0,3
Karrawan,3,0,3
Karray,3,0,3
Karré,0,3,3
Karrea,0,3,3
Karrel,3,0,3
Karren,3,0,3
Karries,3,0,3
Karrigan,3,0,3
Karrina,0,3,3
Karrisma,0,3,3
Karrissah,0,3,3
Karron,0,3,3
Karrym,3,0,3
Kars-Jan,3,0,3
Kars-Michiel,3,0,3
Karsanak,0,3,3
Karsandra,0,3,3
Karsbert,3,0,3
Karsèn,3,0,3
Karsh,3,0,3
Karshiga,0,3,3
Karshin,3,0,3
Karshma,0,3,3
Karshouvianey,0,3,3
Karsienten,0,3,3
Karsienus,3,0,3
Karsih,0,3,3
Karsija,0,3,3
Karsimin,3,0,3
Karsinem,0,3,3
Karsing,3,0,3
Karsinha,0,3,3
Karsinie,0,3,3
Karsinjo,3,0,3
Karsjan,3,0,3
Karsken,3,0,3
Karsonadi,3,0,3
Karssienus,3,0,3
Kârst,3,0,3
Karst-Erik,3,0,3
Karst-Haaije,3,0,3
Karst-Janneke,0,3,3
Karsteijn,3,0,3
Karstein,3,0,3
Karsten-Jan,3,0,3
Karsten-Leon,3,0,3
Karsten-Ramon,3,0,3
Karsterina,0,3,3
Karstien,0,3,3
Karstjan,3,0,3
Karststina,0,3,3
Kartanegara,3,0,3
Kartarzyn,3,0,3
Karter,3,0,3
Kartharina,0,3,3
Karthi,3,0,3
Karthigan,3,0,3
Karthigeyan,3,0,3
Karthiha,0,3,3
Karthika,0,3,3
Karthina,0,3,3
Karthipan,3,0,3
Karthykan,3,0,3
Kartianus,3,0,3
Kartic,3,0,3
Kartick,3,0,3
Kartiekpershad,3,0,3
Kartieni,0,3,3
Kartienus,3,0,3
Kartigan,3,0,3
Kartikachandra,3,0,3
Kartikay,3,0,3
Kartike,3,0,3
Kartikey,3,0,3
Kartiko,3,0,3
Kartin,3,0,3
Kartinem,0,3,3
Kartiwan,3,0,3
Kartkawilly,3,0,3
Karto,3,0,3
Kartoecha,0,3,3
Kartomi,3,0,3
Kartrudis,3,0,3
Kartuscha,0,3,3
Kartusha,0,3,3
Kartyasa,0,3,3
Kartyem,0,3,3
Kartyk,3,0,3
Kartyke,3,0,3
Karucha,0,3,3
Karuda,3,0,3
Karuna-Devi,0,3,3
Karunadebi,0,3,3
Karunarathna,0,3,3
Karunarith,3,0,3
Karunathan,3,0,3
Karundeep,3,0,3
Karunika,0,3,3
Karunikadevi,0,3,3
Karünzio,3,0,3
Karusha,0,3,3
Karusip,0,3,3
Karuso,3,0,3
Karuud,3,0,3
Karvin,0,3,3
Karwien,0,3,3
Karwing,0,3,3
Karyadi,3,0,3
Karyanna,0,3,3
Karyda,0,3,3
Karyjera,3,0,3
Karynne,0,3,3
Karysha,0,3,3
Karzyna,0,3,3
Kas-Jan,3,0,3
Kasab,3,0,3
Kasahoun,3,0,3
Kasai,0,3,3
Kasal,0,3,3
Kasala,3,0,3
Kasan,3,0,3
Kasanda,3,0,3
Kasandan,0,3,3
Kasane,0,3,3
Kasantaroeno,3,0,3
Kasao,3,0,3
Kasaye,3,0,3
Kasayna,0,3,3
Kaschena,0,3,3
Kaschenka,0,3,3
Kaschia,0,3,3
Kaschmira,0,3,3
Kasdalla,0,3,3
Kasdi,3,0,3
Kase,3,0,3
Kaseer,3,0,3
Kaseka,0,3,3
Kasely,3,0,3
Kasendwe,3,0,3
Kasera,3,0,3
Kasfia,0,3,3
Kasfiena,0,3,3
Kashanda,0,3,3
Kashanma,0,3,3
Kashannah,0,3,3
Kasharel,0,3,3
Kashav,3,0,3
Kashawn,3,0,3
Kashawpersad,3,0,3
Kasheef,3,0,3
Kashelha,0,3,3
Kashena,0,3,3
Kashesya,0,3,3
Kashgari,3,0,3
Käshief,3,0,3
Kashifa,0,3,3
Kashifa-tun-Noor,0,3,3
Kashifali,3,0,3
Kashika,0,3,3
Kashila,0,3,3
Kashin,3,0,3
Kashing,3,0,3
Kashka,0,3,3
Kashley,0,3,3
Kashmar,3,0,3
Kashmeeradevi,0,3,3
Kashmier,3,0,3
Kashmièra,0,3,3
Kashmiri,0,3,3
Kashmitadebie,0,3,3
Kashmyra,0,3,3
Kashni,0,3,3
Kashoena,0,3,3
Kashwini,0,3,3
Kashyra,0,3,3
Kasi,3,0,3
Kaśia,0,3,3
Kasiadi,3,0,3
Kasiano,3,0,3
Kasiati,0,3,3
Kasid,0,3,3
Kasida,0,3,3
Kasiday,3,0,3
Kasidie,0,3,3
Kasidjem,0,3,3
Kāşif,3,0,3
Kaşif,3,0,3
Kâşif,3,0,3
Kasii,0,3,3
Kasijani,0,3,3
Kasijn,3,0,3
Kâsim,3,0,3
Kásım,3,0,3
Kasim-Ali,3,0,3
Kasima,0,3,3
Kasiman,3,0,3
Kasinah,0,3,3
Kasinta,0,3,3
Kasinwirjo,3,0,3
Kasio,3,0,3
Kasira,0,3,3
Kasireni,0,3,3
Kasiroen,3,0,3
Kasish,3,0,3
Kasit,3,0,3
Kasjana,0,3,3
Kasjani,0,3,3
Kasjmi,0,3,3
Kasjmira,0,3,3
Kaskade,0,3,3
Kasm,3,0,3
Kasma,0,3,3
Kasman,3,0,3
Kasmari,3,0,3
Kasme,3,0,3
Kásmér,3,0,3
Kasmia,0,3,3
Kasmie,0,3,3
Kasmiere,0,3,3
Kasmijantie,0,3,3
Kasmijanto,3,0,3
Kasminem,0,3,3
Kasmini,0,3,3
Kasminten,0,3,3
Kasmiyanti,0,3,3
Kasmoen,3,0,3
Kasmon,3,0,3
Kasnaif,0,3,3
Kasnatou,0,3,3
Kasni,0,3,3
Kasonde,0,3,3
Kasonso,3,0,3
Kasoya,3,0,3
Kasozi,3,0,3
Kaspaer,3,0,3
Kaspara,0,3,3
Kasparas,3,0,3
Kasparie,3,0,3
Kaspariene,0,3,3
Kasparina,0,3,3
Kaspars,3,0,3
Kaspen,3,0,3
Kaspér,3,0,3
Kasper-Jan,3,0,3
Kasper-Lee,3,0,3
Kasperek,3,0,3
Kasperria,0,3,3
Kasperus,3,0,3
Kaspian,3,0,3
Kaspur,3,0,3
Kàsra,3,0,3
Kasri,0,3,3
Kassan,3,0,3
Kassanah,0,3,3
Kassandri,0,3,3
Kasseem,3,0,3
Kassi,3,0,3
Kassian,3,0,3
Kassmi,3,0,3
Kassongo,3,0,3
Kassule,0,3,3
Kassy,0,3,3
Kastama,0,3,3
Kastantien,3,0,3
Kasteina,0,3,3
Kasthuran,3,0,3
Kasthury,0,3,3
Kastijem,0,3,3
Kastijna,0,3,3
Kastimo,3,0,3
Kastini,0,3,3
Kastinie,0,3,3
Kastinus,3,0,3
Kasto,3,0,3
Kastoerie,0,3,3
Kaston,3,0,3
Kastoria,0,3,3
Kastriani,3,0,3
Kasturie,0,3,3
Kasule,3,0,3
Kasumbaho,0,3,3
Kasun,3,0,3
Kasva,3,0,3
Kasviny,0,3,3
Kasya,0,3,3
Kasyanti,0,3,3
Kasyono,3,0,3
Kasza,0,3,3
Kaszmár,3,0,3
Kaszmira,0,3,3
Kaszpar,3,0,3
Kaszymir,3,0,3
Kataa,0,3,3
Kataan,0,3,3
Kataayoon,0,3,3
Katâde,3,0,3
Katade,3,0,3
Katajun,0,3,3
Katak,3,0,3
Katala,0,3,3
Katalah,0,3,3
Kataleijne,0,3,3
Kataleyah,0,3,3
Katalien,0,3,3
Kataliena,0,3,3
Katalijne-Monique,0,3,3
Kataline,0,3,3
Kataliyah,0,3,3
Katalyn,0,3,3
Katalyna,0,3,3
Katanjoe,3,0,3
Katanni,0,3,3
Katano,3,0,3
Katanya,0,3,3
Katanyuta,0,3,3
Katarah,0,3,3
Katarannada,0,3,3
Katari,3,0,3
Katarienies,3,0,3
Katarijna,0,3,3
Katarijne,0,3,3
Katarína,0,3,3
Katarynka,0,3,3
Katarynus,3,0,3
Katarzijna,0,3,3
Katatay,3,0,3
Katavzyna,0,3,3
Katayon,0,3,3
Katcharina,0,3,3
Katcharyna,0,3,3
Katcheca,3,0,3
Katchikally,3,0,3
Katchiri,0,3,3
Katchirie,0,3,3
Katdwina,0,3,3
Kăte,0,3,3
Kate-Ann,0,3,3
Kate-Hope,0,3,3
Kate-Jolie,0,3,3
Kate-Josephine,0,3,3
Kate-lien,0,3,3
Kate-Lyn,0,3,3
Kate-Mare,0,3,3
Kate-Rose,0,3,3
Katee,0,3,3
Kateh,0,3,3
Katël,3,0,3
Kateleen,0,3,3
Kateleine,0,3,3
Katelena,0,3,3
Katelene,0,3,3
Katelijntje,0,3,3
Kately,0,3,3
Katelynn-Roos,0,3,3
Kateriena,0,3,3
Katerijn,0,3,3
Katerin,0,3,3
Katerini,0,3,3
Katerzyna,0,3,3
Kath,0,3,3
Kätha,3,0,3
Kathaleen,0,3,3
Kathaleyne,0,3,3
Kathalie,0,3,3
Kathalien,0,3,3
Kathaline,0,3,3
Kathalinn,0,3,3
Kathalyn,0,3,3
Kathana,0,3,3
Kathangno,3,0,3
Kathareina,0,3,3
Katharena,0,3,3
Katharienus,3,0,3
Katharina-Helena,0,3,3
Katharineke,0,3,3
Katharinella,0,3,3
Katharinie,0,3,3
Katharinies,3,0,3
Kathariya,0,3,3
Katharzyna,0,3,3
Kathay,3,0,3
Kathayun,0,3,3
Käthchen,0,3,3
Käthe-Milou,0,3,3
Katheesan,3,0,3
Katheleijn,0,3,3
Katheleijne,0,3,3
Kathelena,0,3,3
Katheleya,0,3,3
Katheleyn,0,3,3
Katheleyne,0,3,3
Kathelinus,3,0,3
Kathely,0,3,3
Kathelynn,0,3,3
Kathen,0,3,3
Katherien,0,3,3
Katheriena,0,3,3
Katherijna,0,3,3
Kathérina,0,3,3
Katherline,0,3,3
Katheryn,0,3,3
Kathey,0,3,3
Käthi,0,3,3
Kathiara,0,3,3
Kathin,0,3,3
Kathina,0,3,3
Kathinga,0,3,3
Kathir,3,0,3
Kathlan,0,3,3
Kathleena,0,3,3
Kathleeya,0,3,3
Kathlen,0,3,3
Kathlène,0,3,3
Kathley,0,3,3
Kathlina,0,3,3
Kathly,0,3,3
Katho,3,0,3
Kathoen,0,3,3
Katholea,0,3,3
Katholien,0,3,3
Kathoo,0,3,3
Kathorinus,3,0,3
Kathriena,0,3,3
Kathrienus,3,0,3
Kathrijna,0,3,3
Kathrinne,0,3,3
Kathry,0,3,3
Kathryna,0,3,3
Kathryne,0,3,3
Kathrynne,0,3,3
Kathy-Alexandra,0,3,3
Kathy-May,0,3,3
Kathyrine,0,3,3
Käti,0,3,3
Katí,0,3,3
Katib,3,0,3
Katibé,0,3,3
Katibhan,3,0,3
Katibin,3,0,3
Kátie,0,3,3
Katie-Dante,0,3,3
Katie-Jane,0,3,3
Katie-Jo,0,3,3
Katie-Lee,0,3,3
Katie-Scarlett,0,3,3
Katienka,0,3,3
Katijem,0,3,3
Katijn,0,3,3
Katika,0,3,3
Katila,0,3,3
Katiloka,3,0,3
Katim,3,0,3
Katimah,0,3,3
Katimu,3,0,3
Katincka,0,3,3
Katingka,0,3,3
Katinha,0,3,3
Katini,0,3,3
Katino,3,0,3
Katioskah,0,3,3
Katiouscha,0,3,3
Katip,3,0,3
Katiri,3,0,3
Katishe,0,3,3
Kátiuska,0,3,3
Katiuska,0,3,3
Katiwa,0,3,3
Katixa,0,3,3
Katiyo,3,0,3
Katizia,0,3,3
Katja-Janine,0,3,3
Katja-Marit,0,3,3
Katjang,3,0,3
Katji,3,0,3
Katjiel,3,0,3
Katjinka,0,3,3
Katjoesja,0,3,3
Katjun,3,0,3
Katjy,0,3,3
Katlana,0,3,3
Katleya,0,3,3
Katlim,0,3,3
Katline,0,3,3
Katlyne,0,3,3
Katmah,0,3,3
Katmer,0,3,3
Kato-Dion,3,0,3
Katoe,0,3,3
Katoes,0,3,3
Katoeschka,0,3,3
Katoesha,0,3,3
Katoke,0,3,3
Katoliena,0,3,3
Katoras,3,0,3
Katousha,0,3,3
Katousja,0,3,3
Katoutite,3,0,3
Katra,0,3,3
Katran,3,0,3
Katre,0,3,3
Katrena,0,3,3
Katresu,0,3,3
Katribus,3,0,3
Katricia,0,3,3
Katrie,0,3,3
Katrie-Mari,0,3,3
Katriel,0,3,3
Katrienka,0,3,3
Katrijnes,3,0,3
Katrineke,0,3,3
Katrinette,3,0,3
Katrinke,0,3,3
Katriona,0,3,3
Katrischa,0,3,3
Katrisnan,3,0,3
Katrui,0,3,3
Katryn,0,3,3
Katrynes,3,0,3
Kats,0,3,3
Katsjina,0,3,3
Katsumi,0,3,3
Katsuo,3,0,3
Katsuzo,3,0,3
Katt,0,3,3
Kattalina,0,3,3
Kattelein,0,3,3
Kattelijntje,0,3,3
Kattelya,0,3,3
Kattelyne,0,3,3
Katterina,0,3,3
Katthy,0,3,3
Kattie,0,3,3
Kattija,0,3,3
Kattrin,0,3,3
Kattrina,0,3,3
Katu-Zolo,0,3,3
Katucha,0,3,3
Katulungi,3,0,3
Katumba,0,3,3
Katurah,0,3,3
Katuschja,0,3,3
Katy-Ann,0,3,3
Katy-Jo,0,3,3
Katy-Kei,0,3,3
Katy-Lee,0,3,3
Katy-mae,0,3,3
Katy-Ray,0,3,3
Katy-Rose,0,3,3
Katyayani,0,3,3
Katylijne,0,3,3
Katyra,0,3,3
Katyusha,0,3,3
Katzjena,0,3,3
Kaua,3,0,3
Kauana,0,3,3
Kaucer,0,3,3
Kauchar,0,3,3
Kaudir,3,0,3
Kauê,3,0,3
Kauhlesh,3,0,3
Kaui,3,0,3
Kaulane,0,3,3
Kaulesh,3,0,3
Kauleshwar,3,0,3
Kaumé,3,0,3
Kaume'a,3,0,3
Kaun,3,0,3
Kaunda,3,0,3
kaur,0,3,3
Kauriri,0,3,3
Kaus,3,0,3
Kausalya,0,3,3
Kausara,0,3,3
Kaushaly,0,3,3
Kausheki,0,3,3
Kaushilya,0,3,3
Kaushini,0,3,3
Kausieljadevie,0,3,3
Kausikachar,3,0,3
Kausilja,0,3,3
Kauter,0,3,3
Kauthara,0,3,3
Kauthum,3,0,3
Kauwa,3,0,3
Kauwar,3,0,3
Kauwieta,0,3,3
Kauwtar,0,3,3
Kauwthar,0,3,3
Kauzar,0,3,3
Kauzi,3,0,3
Kavadjaja,0,3,3
Kavai,3,0,3
Kavali,3,0,3
Kavan,0,3,3
Kavanti,0,3,3
Kavar,3,0,3
Kaveesh,3,0,3
Kaveesha,0,3,3
Kaveetadevi,0,3,3
Kavel,3,0,3
Kaveri,0,3,3
Kaveta-Kumarie,0,3,3
Kavetsa,0,3,3
Kaveya,0,3,3
Kaveyan,0,3,3
Kavien,0,3,3
Kavim,3,0,3
Kavina,0,3,3
Kavinash,3,0,3
Kavinath,3,0,3
Kavindra,0,3,3
Kavindre,3,0,3
Kavini,0,3,3
Kavinila,0,3,3
Kavino,3,0,3
Kavinyah,0,3,3
Kavipersad,3,0,3
Kavira,0,3,3
Kavisha,0,3,3
Kavishkumar,3,0,3
Kavishmisir,3,0,3
Kavishna,0,3,3
Kavishperkash,3,0,3
Kavishraj,3,0,3
Kavishsingh,3,0,3
Kavishya,0,3,3
Kavitadewi,0,3,3
Kavitadewie,0,3,3
Kavitanjali,0,3,3
Kavithadevi,0,3,3
Kavitharani,0,3,3
Kaviy,3,0,3
Kaviyan,3,0,3
Kaviyy,3,0,3
Kavy,0,3,3
Kavya,0,3,3
Kawandeep,3,0,3
Kawar,3,0,3
Kawaya,3,0,3
Kawcer,0,3,3
Kawé,0,3,3
Kaweesha,0,3,3
Kawelolani,3,0,3
Kawen,0,3,3
Kawena,0,3,3
Kawesear,3,0,3
Kawh,3,0,3
Kawian,3,0,3
Kàwian,3,0,3
Kawiena,0,3,3
Kawier,3,0,3
Kawietadewie,0,3,3
Kawietadivi,0,3,3
Kawietakumari,0,3,3
Kawinash,3,0,3
Kawing,3,0,3
Kawinn,3,0,3
Kawinten,0,3,3
Kawintra,0,3,3
Kawiradj,0,3,3
Kawiraj,3,0,3
Kawire,0,3,3
Kawisha,0,3,3
Kawita-Devi,0,3,3
Kawitadebi,0,3,3
Kawitadibie,0,3,3
Kawiza,3,0,3
Kawoes,3,0,3
Kawri,3,0,3
Kawser,0,3,3
Kawsillia,0,3,3
Kawter,0,3,3
Kawumpuli,0,3,3
Kawus,3,0,3
Kaxa,3,0,3
Kaxandra,0,3,3
Kaxian,3,0,3
Kaxin,0,3,3
Käy,0,3,3
Káy,0,3,3
Kay'Ginio,3,0,3
Kay'liah,0,3,3
Kay'liano,3,0,3
Kay'Liviana,0,3,3
Kay'llioumar,3,0,3
Kay'Lyann,0,3,3
Kay'Shawne,3,0,3
Kay-Alexander,3,0,3
Kay-Anne,3,0,3
Kay-Braney,0,3,3
Kay-C,0,3,3
Kay-Chavayro,3,0,3
Kay-Den,3,0,3
Kay-dion,3,0,3
Kay-El,3,0,3
Kay-G,3,0,3
Kay-Han,3,0,3
Kay-Jun,3,0,3
Kay-Kjell,3,0,3
Kay-lah,0,3,3
Kay-lana,0,3,3
Kay-Lani,0,3,3
Káy-Leigh,0,3,3
Kay-Leigh-Ann,0,3,3
Kay-Liann,0,3,3
Kay-Liha,0,3,3
Kay-Lin,0,3,3
Kay-Lisha,0,3,3
Kay-Logan,3,0,3
Kay-Luca,3,0,3
Kay-lycha,0,3,3
Kay-Lycha,0,3,3
Kay-lynn,0,3,3
Kay-Lyona,0,3,3
Kay-Maikel,3,0,3
Kay-mani,0,3,3
Kay-Marnix,3,0,3
Kay-Michael,3,0,3
Kay-Million,3,0,3
Kay-Neo,3,0,3
Kay-Nessim,3,0,3
Kay-noah,3,0,3
Kay-Ran,3,0,3
Kay-Ro,3,0,3
Kay-Shairo,3,0,3
Kay-Sue,0,3,3
Kay-Zion,3,0,3
Kàya,3,0,3
Kaya-Bo,0,3,3
Kaya-Indira,0,3,3
Kaya-James,3,0,3
Kaya-Jayden,3,0,3
Kaya-Mai,0,3,3
Kaya-Teagan,0,3,3
Kayaal,0,3,3
Kayaalp,3,0,3
Kayad,3,0,3
Kayaira,0,3,3
Kayako,0,3,3
Kayalan,3,0,3
Kayalishia,0,3,3
Kayalla,0,3,3
Kayalvili,0,3,3
Kayamaghan,3,0,3
Kayanarèpè,3,0,3
Kayanda,0,3,3
Kayanè,3,0,3
Kayang,3,0,3
Kayanna,0,3,3
Kayanne,0,3,3
Kayanth,3,0,3
Kayanti,0,3,3
Kayanty,0,3,3
Kayasan,3,0,3
Kayatana,0,3,3
Kaybe,0,3,3
Kayben,3,0,3
Kayberry,3,0,3
Kaybriana,0,3,3
Kaybrianey,0,3,3
Kayceigh,3,0,3
Kayceon,3,0,3
Kayciano,3,0,3
Kaycy,3,0,3
Kayda,0,3,3
Kaydance,0,3,3
Kayde,3,0,3
Kaydé,0,3,3
Kaydée,0,3,3
Kaydee-Bo,0,3,3
Kaydén,3,0,3
Kayden-Djay,3,0,3
Kayden-Jay,3,0,3
Kayden-Kenji,3,0,3
Kaydena,0,3,3
Kaydeon,3,0,3
Kaydey,0,3,3
Kaydiano,3,0,3
Kaydohn,3,0,3
Kaydrean,3,0,3
Kayé,3,0,3
Kaye-Justine,0,3,3
Kaye-Liam,3,0,3
Kaye-Lin,0,3,3
Kaye-Linn,0,3,3
Kayeal,3,0,3
Kayeela,0,3,3
Kayeesa,0,3,3
Kayela,0,3,3
Kayelan-Jilae,3,0,3
Kayeley,0,3,3
Kayèlla,0,3,3
Kayelle,0,3,3
Kayelu,3,0,3
Kayem,3,0,3
Kayèm,0,3,3
Kayemba,0,3,3
Kayènah,0,3,3
Kayenan,3,0,3
Kayeno,3,0,3
Kayèno,3,0,3
Kayetano,3,0,3
Kayeu,0,3,3
Kaygen,3,0,3
Kaygi,3,0,3
Kaygia,0,3,3
Kayh,3,0,3
Kayhlan,3,0,3
Kayhlani,0,3,3
Kayhnan,3,0,3
Kayhri,0,3,3
Kayia,0,3,3
Kayid,3,0,3
Kayiden,3,0,3
Kayigema,0,3,3
Kayıhan,3,0,3
Kayiira,3,0,3
Kayin-Dele,3,0,3
Kaying,0,3,3
Kayip,3,0,3
Kayira,0,3,3
Kayiraluchi,0,3,3
Kayiranga,3,0,3
Kayirangwa,0,3,3
Kayisha,0,3,3
Kayïsha,0,3,3
Kayitay,0,3,3
Kayiteshonga,0,3,3
Kayitha,0,3,3
Kayjàh,0,3,3
Kayko,3,0,3
Kayky,3,0,3
Kaylâ,0,3,3
Kàyla,0,3,3
Kayla-Alara,0,3,3
Kayla-Kay,0,3,3
Kayla-Laine,0,3,3
Kayla-Sharane,0,3,3
Kaylaa,0,3,3
Kaylahni,0,3,3
Kaylaine,0,3,3
Kaylainy,0,3,3
Kaylane,0,3,3
Kaylania,0,3,3
Kaylanie,0,3,3
Kaylanne,0,3,3
Kaylas,3,0,3
Kaylay,0,3,3
Kayleagh,0,3,3
Kayleanne,0,3,3
Kaylée,0,3,3
Kaylee-Clair,0,3,3
Kaylee-Finn,0,3,3
Kaylee-Lynn,0,3,3
Kaylee-Mimi,0,3,3
Kaylee-Noa,0,3,3
Kaylee-Virginia,0,3,3
Kayleena,0,3,3
Kaylef,3,0,3
Kayleich,0,3,3
Káyleigh,0,3,3
Kayleigh-Aimée,0,3,3
Kayleigh-ann,0,3,3
Kayleigh-Anne,0,3,3
Kayleigh-Anouk,0,3,3
Kayleigh-Caitlin,0,3,3
Kayleigh-Jae,0,3,3
Kayleigh-Jane,0,3,3
Kayleigh-Jasmine,0,3,3
Kayleigh-Jóann,0,3,3
Kayleigh-June,0,3,3
Kayleigh-mae,0,3,3
Kayleigh-Marilyn,0,3,3
Kayleigh-Marree,0,3,3
Kayleigh-Mellisa,0,3,3
Kayleigh-Quiana,0,3,3
Kayleigh-Rose,0,3,3
Kayleigh-Shaeye,0,3,3
Kayleigh-Sofie,0,3,3
Kayleigh-Sophie,0,3,3
Kayleigh-Virginia,0,3,3
Kayleigh-Yasmina,0,3,3
Kayleighia,0,3,3
Kayleluia,0,3,3
Kaylem,3,0,3
Kaylén,3,0,3
Kaylen-Jay,3,0,3
Kaylena,0,3,3
Kaylend,3,0,3
Kaylène,0,3,3
Kayleneth,0,3,3
Kaylènne,0,3,3
Kayler,3,0,3
Kaylesha,0,3,3
Kaylett,0,3,3
Kayley-Hendrika,0,3,3
Kayleyandra,0,3,3
Kayleygh,0,3,3
Kaylhan,3,0,3
Kaylhie,0,3,3
Kayliane,0,3,3
Kaylice,0,3,3
Kaylie-Marie,0,3,3
Kaylíe-Michelle,0,3,3
Kaylie-Romee,0,3,3
Kayliën,3,0,3
Kaylih,0,3,3
Kaylim,3,0,3
Kayline,0,3,3
Kaylinne,0,3,3
Kaylisa,0,3,3
Kaylischa,0,3,3
Kaylishia,0,3,3
Kaylisia,0,3,3
Kayliss,0,3,3
Kayllah,0,3,3
Kaylleigh,0,3,3
Kayllin,0,3,3
Kayllinn,0,3,3
Kaylotte,0,3,3
Kaylou,0,3,3
Kayly-ann,0,3,3
Kaylyana,0,3,3
Kaylyn-Fauve,0,3,3
Kaylyne,0,3,3
KayLynn,0,3,3
Kaylynn-Cheyenne,0,3,3
Kaylynne,0,3,3
Kaylysha,0,3,3
Káymailey,0,3,3
Kaymak,0,3,3
Kaymakam,3,0,3
Kaymie,3,0,3
Kaymir,3,0,3
Kaymon,3,0,3
Kaymone,3,0,3
Kaymor,3,0,3
Kaymorea,0,3,3
Káyn,3,0,3
Kayné,0,3,3
Kayne-Dancel,3,0,3
Kaynean,3,0,3
Kaynee,3,0,3
Kayneisha,0,3,3
Kayni,3,0,3
Kaynia,0,3,3
Kaynís,0,3,3
Kaynnelis,0,3,3
Kayno,3,0,3
Kaynoa,0,3,3
Kayntie,3,0,3
Kayola,0,3,3
Kayoma,0,3,3
Kayömi,0,3,3
Kayomi,0,3,3
Kayon,3,0,3
Kayonah,0,3,3
Kayongo,3,0,3
Kayoom,3,0,3
Kayowa,0,3,3
Kaypo,3,0,3
Kayr,3,0,3
kayra,3,0,3
Kayrah,0,3,3
Kayran-Jay,3,0,3
Kayren,3,0,3
Kayrie,3,0,3
Kayrone,3,0,3
Kaysah,0,3,3
Kayscha,0,3,3
Kayse,3,0,3
Kaysen,3,0,3
Kayser,3,0,3
Kaysha,0,3,3
Kaysia,0,3,3
Kaysie,0,3,3
Kaysley,0,3,3
Kaysure,3,0,3
Kaytan,0,3,3
Kaytano,3,0,3
Kayte,0,3,3
Kayten,3,0,3
Kaythelin,0,3,3
Kaythlyn,0,3,3
Kaythlynn,0,3,3
Kaytim,3,0,3
Kaytlinn,0,3,3
Kaytly,0,3,3
Kaytlyn,0,3,3
Kayto,3,0,3
Kaytra,0,3,3
Kayú,3,0,3
Kayuh,3,0,3
Kayum,3,0,3
Kayumi,0,3,3
Kayung,3,0,3
Kayus,3,0,3
Kayva-Jaël,0,3,3
Kayveandelly,0,3,3
Kayvenchely,0,3,3
Káyvencio,3,0,3
Kayveny,0,3,3
Kayvion,3,0,3
Kayvita,0,3,3
Kayvon,3,0,3
Kaywan,3,0,3
Kayxealitzah,0,3,3
Kayyum,3,0,3
Kayzhe,3,0,3
Kayzhi,3,0,3
Kayziah,0,3,3
Kazam,3,0,3
Kazamierz,3,0,3
Kazàn,3,0,3
Kazanfer,3,0,3
Kazar,0,3,3
Kazawadi,0,3,3
Kazek,3,0,3
Kazèm,3,0,3
Kazemier,3,0,3
Kazhal,0,3,3
Kazi,3,0,3
Kaziany,0,3,3
Kaziemierz,3,0,3
Kazijn,3,0,3
Kāzim,3,0,3
Kazimali,3,0,3
Kazime,0,3,3
Kazımhan,3,0,3
Kazimi,3,0,3
Kazimiecz,3,0,3
Kazimieras,3,0,3
Kazimiers,3,0,3
Kazimiersz,3,0,3
Kazimiesz,3,0,3
Kazimiez,3,0,3
Kazimirz,3,0,3
Kazin,0,3,3
Kazisia,0,3,3
Kazius,3,0,3
Kazja,3,0,3
Kazjin,0,3,3
Kazlin,0,3,3
Kazmiara,0,3,3
Kazmir,3,0,3
Kazmy,3,0,3
Kazo,3,0,3
Kazpar,3,0,3
Kazsimir,3,0,3
Kazuhito,3,0,3
Kazuma,3,0,3
Kazunari,3,0,3
Kazuto,3,0,3
Kazuya,3,0,3
Kazy,0,3,3
Kazzim,3,0,3
Kbila,0,3,3
Kcaj,3,0,3
Kchiche,0,3,3
Kcrisseydor,3,0,3
Kcun-Chang,3,0,3
Kdsty,0,3,3
Kdus,3,0,3
Ke'mani,3,0,3
Ke'morah,0,3,3
Ke'na,3,0,3
Ke'on,3,0,3
Ke'von,3,0,3
Ké-anne,0,3,3
Ke-Kung,3,0,3
Ke-Lei,3,0,3
Ké-mani,0,3,3
Ké-Manuel,3,0,3
Ké-Massie,0,3,3
Ke-niya,0,3,3
Ke-Sha,0,3,3
Ke-Shana,0,3,3
Ke-xin,0,3,3
Ke-yana,0,3,3
Kêa,0,3,3
Kea-Jay,0,3,3
Keabôna,0,3,3
Keaby,0,3,3
Keadian,3,0,3
Keadjuinè,0,3,3
Keady,0,3,3
Keafani,3,0,3
Keafer,3,0,3
Keaghan,3,0,3
Keahlee,0,3,3
Keahn,3,0,3
Keahnan,3,0,3
Keaïanny,0,3,3
Keajaiba,0,3,3
Keal,3,0,3
Kéal,3,0,3
Kealea,0,3,3
Kealem,3,0,3
Kealï,3,0,3
Keali,0,3,3
Kealynn,0,3,3
Kealynsha,0,3,3
Kealysha,0,3,3
Keam,3,0,3
Keama,3,0,3
Keámar,3,0,3
Keamara,0,3,3
Keamen,3,0,3
Keamora,0,3,3
Keàn,3,0,3
Keán,3,0,3
Keän,3,0,3
Këan,3,0,3
Kean-Ho,3,0,3
Kean-ilay,3,0,3
Keän-Latif,3,0,3
Kean-Ming,3,0,3
Keanaan,3,0,3
Keanán,3,0,3
Keandre,3,0,3
Keandric,3,0,3
Këandro,3,0,3
Keaneou,3,0,3
Kéaney,3,0,3
Keangel,3,0,3
Kéani,3,0,3
Keanie,3,0,3
Keanithy,0,3,3
Këanna,0,3,3
Keannah,0,3,3
Keanney,3,0,3
Keanny,0,3,3
Kèano,3,0,3
keano,3,0,3
Keanou,3,0,3
Keanshëny,0,3,3
Këanu,3,0,3
Keanü,0,3,3
Keanu-Boydge,3,0,3
Keanu-Djé,3,0,3
Keanu-Dylan,3,0,3
Keanu-Kai,3,0,3
Keanu-Rae,3,0,3
Keanua,3,0,3
Keanuo,3,0,3
Kéany,0,3,3
Keanyah,0,3,3
Keao,3,0,3
Keari,0,3,3
Kearon,3,0,3
Kearran,3,0,3
Kearthiny,0,3,3
Keasei,0,3,3
Keasha,0,3,3
Keashaly,0,3,3
Keashia,0,3,3
Kéasson,3,0,3
Keath,3,0,3
Keathroy,3,0,3
Keaty,0,3,3
Keaunu,3,0,3
Keava,0,3,3
Keavan,3,0,3
Keavann,3,0,3
Keave,3,0,3
Keavenny,0,3,3
Keaw,0,3,3
Keawan,3,0,3
Keawkalaya,0,3,3
Keawseri,3,0,3
Keaya,0,3,3
Keayalien,0,3,3
Keayon,3,0,3
Kéayshawn,3,0,3
Kéba,3,0,3
Kebahagiaan,0,3,3
Kebbay,0,3,3
Kèbeh,0,3,3
Kebila,3,0,3
Kebita,0,3,3
Kebo,3,0,3
Kebret,3,0,3
Kebrewesen,0,3,3
Kecedy,0,3,3
Kecey,0,3,3
Kecha,0,3,3
Kechano,3,0,3
Kechara,0,3,3
Kécherel,0,3,3
Kechetsik,3,0,3
Keci,3,0,3
Keciano,3,0,3
Keçilin,0,3,3
Ked,3,0,3
Kedamawit,0,3,3
Kedaton,0,3,3
Kedawit,0,3,3
Kedde,3,0,3
Keddie,0,3,3
Kede,3,0,3
Kedeline,0,3,3
Kedem,3,0,3
Kéden,3,0,3
Kedenni,0,3,3
Kedife,0,3,3
Kedin,0,3,3
Kedina,0,3,3
Kedir,3,0,3
Kedithia,0,3,3
Kediye,3,0,3
Kedjahno,3,0,3
Kédjay,3,0,3
Kèdma,0,3,3
Kedo,3,0,3
Kedrick,3,0,3
Kédrion,3,0,3
Kedris,0,3,3
Kedsirin,0,3,3
Kedson,3,0,3
Kedua,3,0,3
Kedunn,3,0,3
Kedwin,3,0,3
Kee-Chan,3,0,3
Kee-Hoei,3,0,3
Kee-Lion,3,0,3
Kee-Loi,3,0,3
Kee-Marie,0,3,3
Kee-Seng,3,0,3
Keea,0,3,3
Keeana,0,3,3
Keeani,0,3,3
Keeché,0,3,3
Keéchye,0,3,3
Keeci,3,0,3
Keedjen,3,0,3
Keedra,0,3,3
Keef,3,0,3
Keegen,3,0,3
Keehan,3,0,3
Keehua,3,0,3
Keejay,3,0,3
Keejet,0,3,3
Keejetje,0,3,3
Keejley,0,3,3
Keelah,0,3,3
Keelay,0,3,3
Keeli,0,3,3
Keelia,0,3,3
Keelian,3,0,3
Keeliegh,0,3,3
Keelisha,0,3,3
Keely-Ann,0,3,3
Keelyn,0,3,3
Keelynn,0,3,3
Keemoen,3,0,3
Keenai,3,0,3
Keene,3,0,3
Keeng,0,3,3
Keenie,3,0,3
Keeno,3,0,3
Keenyah,0,3,3
Keenza,0,3,3
Keeon,3,0,3
Keep,3,0,3
Keérajah,0,3,3
Keeran,3,0,3
Keerasak,3,0,3
Keerian,0,3,3
Keerle,3,0,3
Keerrinus,3,0,3
Keerthan,3,0,3
Keerthanan,3,0,3
Keerthi,0,3,3
Keerthiga,0,3,3
Keerthika,0,3,3
Keerththan,3,0,3
Keerthy,0,3,3
Keerty,0,3,3
kees,3,0,3
Kees-Arjen,3,0,3
Kees-Bastiaan,3,0,3
Kees-Bert,3,0,3
Kees-Dirk,3,0,3
Kees-Engbert,3,0,3
Kees-Ger,3,0,3
Kees-Hein,3,0,3
Kees-Henk,3,0,3
Kees-Hille,3,0,3
Kees-jan,3,0,3
Kees-Jens,3,0,3
Kees-Joris,3,0,3
Kees-Martijn,3,0,3
Kees-Michel,3,0,3
Kees-Peter,3,0,3
Kees-Sjoerd,3,0,3
Kees-Wim,3,0,3
Keescha,0,3,3
Keese,3,0,3
Keesen,3,0,3
Keeshaw,3,0,3
Keeshiana,0,3,3
Keeshor,3,0,3
Keeshwan,3,0,3
Keesi,3,0,3
Keeske,3,0,3
Keesly,0,3,3
Keesse,0,3,3
Keestiano,3,0,3
Keeswillem,3,0,3
Keeszn,3,0,3
Keeszoon,3,0,3
Keeta,0,3,3
Keetan,3,0,3
Keeto,3,0,3
Keeton,3,0,3
Keette,0,3,3
Keeuwla,0,3,3
Keevan,3,0,3
Keeve,3,0,3
Keever,3,0,3
Keewan,3,0,3
Keeyah,0,3,3
Keeyela,0,3,3
Keeyell,3,0,3
Keeyles,3,0,3
Keeyshia,0,3,3
Keezita,0,3,3
Kéezje-Lou,0,3,3
Kefaajet,3,0,3
Kefan,3,0,3
Kefann,3,0,3
Kefei,3,0,3
Kefenisha,0,3,3
Kéfera,0,3,3
Keffin,3,0,3
Kefi,0,3,3
Kefirah,0,3,3
Keflin,3,0,3
Kefren,3,0,3
Kefteny,0,3,3
Kefur,3,0,3
Kefv,3,0,3
Kegan,3,0,3
Kégbao,3,0,3
Kèh,3,0,3
Keh-Lani,0,3,3
Keheily,0,3,3
Kehi,3,0,3
Kehien,3,0,3
Kehila,3,0,3
Kehl,3,0,3
Kehla,0,3,3
Kehlany,0,3,3
Kehley,0,3,3
Kéhli,0,3,3
Kehlsey,0,3,3
Kéhmor,3,0,3
Kehndra,0,3,3
Kehoo,3,0,3
Kehrana,0,3,3
Kehs,3,0,3
Kehtan,3,0,3
Kehwin,3,0,3
Kei-Kevin,3,0,3
Kei-lah,0,3,3
Kei-li,0,3,3
Kei-Yanna,0,3,3
Kei-Yen,3,0,3
Keiana,0,3,3
Keiano,3,0,3
Keiara,0,3,3
Keiba,0,3,3
Keicely,0,3,3
Keicha,0,3,3
Keichi,3,0,3
Keicy,0,3,3
Keidi,0,3,3
Keif,3,0,3
Keifer,3,0,3
Keifha-Omilana,0,3,3
Keifi,3,0,3
Keighla,0,3,3
Keighlani,0,3,3
Keighleigh,0,3,3
Keighlen,0,3,3
Keighlin,0,3,3
Keighly'ann,0,3,3
Keighlyn,0,3,3
Keiha,3,0,3
Keihaan,3,0,3
Keihan,3,0,3
Keija,0,3,3
Keijmpe,3,0,3
Keijser,3,0,3
Keiki,0,3,3
Keilan,3,0,3
Keilani,0,3,3
Keilen,3,0,3
Keilie,0,3,3
Keily,0,3,3
Keilys,0,3,3
Keima,3,0,3
Keime,3,0,3
Keimpa,3,0,3
Keimpe-Jan,3,0,3
Keimpe-Oeds,3,0,3
Keimpes,3,0,3
Kein,3,0,3
Keïna,0,3,3
Keinaan,3,0,3
Keinpe,3,0,3
Keion,3,0,3
Kéion,3,0,3
Keirayesha,0,3,3
Keirion,3,0,3
Keiro,3,0,3
Keisandro,3,0,3
Keischa,0,3,3
Keise,0,3,3
Kéisha,0,3,3
Keisha-Jade,0,3,3
Keishantely,0,3,3
Keishanty,0,3,3
Keishara,0,3,3
Keishawna,0,3,3
Keishell,0,3,3
Keishona,0,3,3
Keishynis,0,3,3
Keisi,3,0,3
Keisya,0,3,3
Keïta,0,3,3
Keite,0,3,3
Keitharo,3,0,3
Keithen,3,0,3
Keithlan,3,0,3
Keithleen,0,3,3
Keithlyn,0,3,3
Keithon,3,0,3
Keiuro,3,0,3
Keiyi,3,0,3
Keiyona,0,3,3
Keiysha,0,3,3
Keiza,0,3,3
Keizjah,0,3,3
Kéja,0,3,3
Kejamo,3,0,3
Kejara,0,3,3
Kèjaro,3,0,3
Kejay,3,0,3
Kejdi,3,0,3
Kejia,0,3,3
Kejoma,0,3,3
Kejuan,3,0,3
Kek,0,3,3
Kèka,0,3,3
KekasihMu,3,0,3
Kéké,3,0,3
Kekea'o,0,3,3
Kekegha,3,0,3
Kékéli,3,0,3
Kèkellie,0,3,3
Kekessie,0,3,3
Keki,3,0,3
Kekona,3,0,3
Kekuta,3,0,3
Kël-luisa,0,3,3
Kelachi,3,0,3
Kelah,0,3,3
Kelai,0,3,3
Kelalo,3,0,3
Kelam,3,0,3
Kelamo,3,0,3
Kelana,3,0,3
Kelany,0,3,3
Kélara,0,3,3
Kelawatie,0,3,3
Kelawon,3,0,3
Kelay,0,3,3
Kélay,3,0,3
Kelaya,0,3,3
Kèlaya,0,3,3
Kelaysha,0,3,3
Kelbey,3,0,3
Kelci,0,3,3
Kelda,3,0,3
Keldi,0,3,3
Keldrick,3,0,3
Kele,3,0,3
Kéle,3,0,3
Keleb,3,0,3
Kelebek,0,3,3
Kelebone,3,0,3
Keléchi,3,0,3
Kelechukwu,3,0,3
Keled,3,0,3
Kelée,0,3,3
Keleke,0,3,3
Kelemen,3,0,3
Kelen,0,3,3
Kelene,0,3,3
Kelermo,3,0,3
Kelestia,0,3,3
Kelestin,3,0,3
Keletso,3,0,3
Kelhi-Nahray,0,3,3
Kelhsey,0,3,3
Keliam,3,0,3
Keliansein,3,0,3
Kelicia,0,3,3
Keliduan,3,0,3
Kélie,0,3,3
Kelielh,3,0,3
Kelija,0,3,3
Kelijah,0,3,3
Kelim,3,0,3
Kelime,0,3,3
Kelinda,0,3,3
Kelion,3,0,3
Keliś,0,3,3
Kelis-Melissa,0,3,3
Kelisch,0,3,3
Keliscia,0,3,3
Kélisha-Lauryn,0,3,3
Kelisjah,0,3,3
Kelissia,0,3,3
Kelisyah,0,3,3
Kelisyiah,0,3,3
Keliya,0,3,3
Keliyàn,0,3,3
Kéliyon,0,3,3
Keliza,0,3,3
Keljen,3,0,3
Keljenn,3,0,3
Kèll,3,0,3
Kéllah,0,3,3
Kéllan,3,0,3
Kellano,3,0,3
Kelleboz,3,0,3
Kellee,0,3,3
Kelleney,0,3,3
Kelley-Deanna,0,3,3
Kellia,0,3,3
Kéllian,3,0,3
Kelliana,0,3,3
Kellicia,0,3,3
Kellishah,0,3,3
Kellisz,3,0,3
Kèllody,0,3,3
Kellogg,3,0,3
Kellsay,0,3,3
Kelly-Adriana,0,3,3
Kelly-An,0,3,3
Kelly-Anne,0,3,3
Kelly-Berenice,0,3,3
Kelly-Demi,0,3,3
Kelly-Ida,0,3,3
Kelly-Jo,0,3,3
Kelly-Lee,0,3,3
Kelly-Lisa,0,3,3
Kelly-Maria,0,3,3
Kelly-Marleen,0,3,3
Kelly-Mary,0,3,3
Kelly-Mé,0,3,3
Kelly-Mercédes,0,3,3
Kellyain,3,0,3
Kellyann,0,3,3
Kellyn,0,3,3
Kellynsia,0,3,3
Kellyse,0,3,3
Kellysimone,0,3,3
Kellyson,3,0,3
Kellysón,3,0,3
Kelma,0,3,3
Kelman,3,0,3
Kelmaya,0,3,3
Kelme,3,0,3
Kelmo,3,0,3
Kelney,3,0,3
Kelolina,0,3,3
Kelomi,3,0,3
Kelong,3,0,3
Kelowna,0,3,3
Keloy,0,3,3
Kelse,0,3,3
Kelsee,0,3,3
Kelsey-Jane,0,3,3
Kelsey-Lee,0,3,3
Kelsey-Noëlle,0,3,3
Kelshaira,0,3,3
Kelshaw,3,0,3
Kelshour,3,0,3
Kelston,3,0,3
Kelsun,3,0,3
Kelsyana,0,3,3
Kelsyl,3,0,3
Kelth,3,0,3
Kelthoum,0,3,3
Keltoem,0,3,3
Kélusia,0,3,3
Kelvanus,3,0,3
Kelvery,3,0,3
Kelvia,0,3,3
Kelviano,3,0,3
Kelvin-Chet,3,0,3
Kelvin-Glenn,3,0,3
Kelvina,0,3,3
Kelvinho,3,0,3
Kelvion,3,0,3
Kelvy,3,0,3
Kelwei,3,0,3
Kelwen,3,0,3
Kelwyn,3,0,3
Këly,0,3,3
Kély,0,3,3
Kelya,0,3,3
Kelyah,0,3,3
Kélyam,3,0,3
Kelyan,3,0,3
Kelyënna,0,3,3
Kelyla,0,3,3
Kelyna,0,3,3
Kelys,0,3,3
Kelysa,0,3,3
Kelysha,0,3,3
Kemahu,3,0,3
Kemai,3,0,3
Kemail,3,0,3
Kemairah,0,3,3
Kêmal,3,0,3
Kémàl,3,0,3
Kemal-Can,3,0,3
Kemalcan,3,0,3
Kemalenes,3,0,3
Kemalkan,3,0,3
Kèman,3,0,3
Kemangi,0,3,3
Kémano,3,0,3
Kemany,3,0,3
Kemara,0,3,3
Kemarin,0,3,3
Kemarly,3,0,3
Kemarsha,0,3,3
Kemáy,0,3,3
Kemaya,0,3,3
Kemba,0,3,3
Kembabazi,0,3,3
Kembang,0,3,3
Kembara,3,0,3
Kemberlynn,0,3,3
Kembirly,0,3,3
Kembly,0,3,3
Kembou,3,0,3
Kémen,3,0,3
Kemeny,3,0,3
Kemet,3,0,3
Kemi-Senèn,0,3,3
Kémian,3,0,3
Kemidi,3,0,3
Kemijem,0,3,3
Kemil,3,0,3
Kémil,3,0,3
Kemila,0,3,3
Kemilisha,0,3,3
Kemille,0,3,3
Kemina,0,3,3
Kemirah,0,3,3
Kemirobicha,0,3,3
Kemisah,0,3,3
Kemiya,0,3,3
Kemlyen,3,0,3
Kemmegien,0,3,3
Kemmegiena,0,3,3
Kemmely,0,3,3
Kemmina,0,3,3
Kemmulai,3,0,3
Kèmn,3,0,3
Kémn,3,0,3
Kemn,3,0,3
Kémo,3,0,3
Kemorah,0,3,3
Kemos,3,0,3
Kèmoya,0,3,3
Kemperia,0,3,3
Kempke,0,3,3
Kempo,3,0,3
Kempton,3,0,3
Kemradj,0,3,3
Kemryn,0,3,3
Kemshaw,0,3,3
Kemuell,3,0,3
Kèmy,3,0,3
ken,0,3,3
Ken'Gi,3,0,3
Ken'ichi,3,0,3
Ken-An,0,3,3
Ken-Chairo,3,0,3
Ken-Chun,3,0,3
Ken-Fa,3,0,3
Ken-li,3,0,3
Ken-On,3,0,3
Ken-Patrick,3,0,3
Ken-Rick,3,0,3
Ken-shaira,0,3,3
Ken-Tsung,3,0,3
Ken-Woen,3,0,3
Kenaan,3,0,3
Kenad,0,3,3
Kénaël,3,0,3
Kenaël,3,0,3
Kenaï,3,0,3
Kenai-Yah,3,0,3
Kenaia,0,3,3
Kenaiah,3,0,3
Kenaij,3,0,3
Kenaima,3,0,3
Kenaja,3,0,3
Kenalie,0,3,3
Kenaly,3,0,3
Kenalysha,0,3,3
Kénan,3,0,3
Kenan-Köksal,3,0,3
Kenan-Yah'aphowr,3,0,3
Kenancan,3,0,3
Kenang,3,0,3
Kenani,3,0,3
Kenanias,3,0,3
Kenanja,3,0,3
Kenantevfik,3,0,3
Kenaoui,3,0,3
Kénassi,3,0,3
Kenawy,3,0,3
Kénaya,0,3,3
Kënayro,3,0,3
Kenberly,0,3,3
Kenchaïll,3,0,3
Kencherohma,0,3,3
Kenchi,3,0,3
Kencho,3,0,3
Kencio,3,0,3
Kency-Maé,0,3,3
Kendada,0,3,3
Kendadina,0,3,3
Kendahl,3,0,3
Kendai,3,0,3
Kendan-Cruz,3,0,3
Kendelijna,0,3,3
Kendely,0,3,3
Kender,3,0,3
Kenderic,3,0,3
Kenderly,0,3,3
Kendess,0,3,3
Kendhall,3,0,3
Kendice,0,3,3
Kendiche,0,3,3
Kendire,0,3,3
Kendise,0,3,3
Kendisha,0,3,3
Kendiva,0,3,3
Kendize,0,3,3
Kendjay,3,0,3
Kendjira,0,3,3
Kendly,3,0,3
Kendor,3,0,3
Kendradoutzen,0,3,3
Kendrake,3,0,3
Kendralicia,0,3,3
Kendreck,3,0,3
Kendrel,3,0,3
Kendrelley,3,0,3
Kendriejuth,3,0,3
Kendrig,3,0,3
Kendrih,3,0,3
Kendrion,3,0,3
Kendrix,3,0,3
Kendro,3,0,3
Kendryck,3,0,3
Kendwick,3,0,3
Kenedi,3,0,3
Keneesha,0,3,3
Keneilwe,0,3,3
Kenelm,3,0,3
Kenenna,3,0,3
Kenery,3,0,3
Kenes,0,3,3
Kenescha,0,3,3
Kenesha,0,3,3
Kenéz,3,0,3
Kenfa,3,0,3
Kenfai,3,0,3
Kenfu,3,0,3
Keng-Nio,0,3,3
Kengely,0,3,3
Kengey,3,0,3
Kéngne,0,3,3
Kengsley,3,0,3
Kenhan,3,0,3
Kenhard,3,0,3
Kenhjakna,3,0,3
Kenho,3,0,3
Keniada,0,3,3
Kenian,3,0,3
Kenichia,0,3,3
Kenicki,3,0,3
Keniera,0,3,3
Kenies,0,3,3
Keniesha,0,3,3
Kenilsa,0,3,3
Kènino,3,0,3
Kénisha,0,3,3
Kenishan,3,0,3
Kenishia,0,3,3
Kenita,0,3,3
Kenital,3,0,3
Kenith,3,0,3
Kenithia,0,3,3
Kenitia,0,3,3
Kenitsjah,0,3,3
Kenix,0,3,3
Keniza,0,3,3
Kenizé,0,3,3
Kenize,0,3,3
Kènizée,0,3,3
Kenjah,3,0,3
Kenjairo,3,0,3
Kenjaro,3,0,3
Kenjhai,3,0,3
Kenji-Lee,3,0,3
Kenji-Noah,3,0,3
Kenjijano,3,0,3
Kenjiro-Shae,3,0,3
Kenjo,3,0,3
Kenjoviën,3,0,3
Kenjuro,3,0,3
Kenkichi,3,0,3
Kenlayni,0,3,3
Kenleo,3,0,3
Kenli,0,3,3
Kenlin,3,0,3
Kenlly,0,3,3
Kenlucci,3,0,3
Kenlung,3,0,3
Kenly-Prier,3,0,3
Kenlyha,0,3,3
Kenlymar,3,0,3
Kenmairo,3,0,3
Kenn-Angel,3,0,3
Kennaila,0,3,3
Kennedi,0,3,3
Kennedid,3,0,3
Kennedjie,3,0,3
Kennelien,0,3,3
Kennelyn,0,3,3
Kennelyne,0,3,3
Kennemie,3,0,3
Kennerie,3,0,3
Kennesy,0,3,3
Kenneth-Alexander,3,0,3
Kenneth-Jan,3,0,3
Kenneth-Jay,3,0,3
Kennethcity,0,3,3
Kennethson,3,0,3
Kennethy,0,3,3
Kenneton,3,0,3
Kennhearly,0,3,3
Kenni,3,0,3
Kennice,0,3,3
Kennier,3,0,3
Kennij,3,0,3
Kennijendra,0,3,3
Kennion,3,0,3
Kennis,3,0,3
Kennisha,0,3,3
Kennison,3,0,3
Kennitha,0,3,3
Kennitschio,3,0,3
Kennitsia,0,3,3
Kennorthen,3,0,3
Kenny-Bernard,3,0,3
Kenny-Boy,3,0,3
Kenny-Dean,3,0,3
Kenny-John,3,0,3
Kenny-lee,3,0,3
Kennycha,0,3,3
Kennychio,3,0,3
Kennydied,3,0,3
Kennydra,0,3,3
Kennyiro,3,0,3
Kennyjo,0,3,3
Kennynho,3,0,3
Kennyon,3,0,3
Kennys,3,0,3
Kennyviene,0,3,3
Kénoa,0,3,3
Kénoah,3,0,3
Kenoly,3,0,3
Kenoo,3,0,3
Kenoojan,3,0,3
Kenora,0,3,3
Kenosha,0,3,3
Kenoue,3,0,3
Kenoyah,3,0,3
Kenrice,3,0,3
Kenrichvich,3,0,3
Kenrion,3,0,3
Kenritho,3,0,3
Kenro,3,0,3
Kenryck,3,0,3
Kenryu,3,0,3
Kens,3,0,3
Kensai,0,3,3
Kensaku,3,0,3
Kensandro,3,0,3
Kenscha,3,0,3
Kensel,3,0,3
Kensgillio,3,0,3
Kensha,0,3,3
Kenshainy,0,3,3
Kenshaira,0,3,3
Kenshiro-Jayden,3,0,3
Kenshyra,0,3,3
Kènsi,0,3,3
Kensi-Lynn,0,3,3
Kensi-Mae,0,3,3
Kensid-Clay,3,0,3
Kensie,0,3,3
Kensika,0,3,3
Kensilina,0,3,3
Kensio,3,0,3
Kensith,0,3,3
Kensji,3,0,3
Kensmil,3,0,3
Kensye,3,0,3
Kentada,3,0,3
Kentaurus,3,0,3
Kente,0,3,3
Kentè,3,0,3
Kenthe,0,3,3
Kenthly,3,0,3
Kentlie,3,0,3
Kentroy,3,0,3
Kentu,3,0,3
Kentucky,3,0,3
Kenty,3,0,3
Kenu,3,0,3
Kénu,0,3,3
Kenu-Nathanaël,3,0,3
Kenupa,3,0,3
Kenusha,0,3,3
Kenvy,3,0,3
Kenway,3,0,3
Kenyade,3,0,3
Kényan,3,0,3
Kenyana,0,3,3
Kenyangi,0,3,3
Kenyar,3,0,3
Kenyian,3,0,3
Kenyiti,0,3,3
Kenyrah,0,3,3
Kenyuoe,3,0,3
Kenza-Anjes,0,3,3
Kenzeo,3,0,3
Kenzi-Jewels,0,3,3
Kenzi-Vajen,0,3,3
Kenzia,0,3,3
Kenziëro,3,0,3
Kenzine,0,3,3
Kenzinho,3,0,3
Kenzio,3,0,3
Kenzji,3,0,3
Kènzo,3,0,3
Kenzo-Floris,3,0,3
Kenzo-Joy,3,0,3
Kenzo-Malik,3,0,3
Kenzou,3,0,3
Kenzy-rose,0,3,3
Kenzye,0,3,3
Kéo,3,0,3
Keocha,0,3,3
Keoga,3,0,3
Keohen,3,0,3
Kéola,0,3,3
Keolani,3,0,3
Kéoma,3,0,3
Keoma-Joaquím,3,0,3
Kéomah,0,3,3
Keôna,0,3,3
Kéona,0,3,3
Keona-Lee,0,3,3
Keonda,0,3,3
Keondré,3,0,3
Keoney,3,0,3
Keonhee,3,0,3
Keonne,0,3,3
Keonro,3,0,3
Keontae,3,0,3
Keonté,3,0,3
Keops,3,0,3
Keor,3,0,3
Kéora,3,0,3
Keorden,3,0,3
Keori,3,0,3
Keos,3,0,3
Keosha,0,3,3
Keough,0,3,3
Kèphas,3,0,3
Keppel,3,0,3
Kepten,3,0,3
Keqiao,0,3,3
Keqin,3,0,3
Keraar,3,0,3
Kerabi,3,0,3
Kerah,0,3,3
Kerain,0,3,3
Keraisha,0,3,3
Keram,3,0,3
Kerameddin,3,0,3
Kerametin,3,0,3
Kéran,3,0,3
Kerana,0,3,3
Kerani,0,3,3
Kerby,3,0,3
Kercha,0,3,3
Kerchano,3,0,3
Kercia,0,3,3
Kerdyñio,3,0,3
Kere,3,0,3
Kerefoa,3,0,3
Kereina,0,3,3
Kerel,3,0,3
Kerellos,3,0,3
Kerem-Bozo,3,0,3
Kerem-can,3,0,3
Kerem-Kaan,3,0,3
Keremdeniz,3,0,3
Keremhan,3,0,3
Kèrèn,0,3,3
Kéren,0,3,3
Keren-Happuc,0,3,3
Keren-Or,0,3,3
Kéren-Schamma,0,3,3
Kerena,0,3,3
Kerènsa,0,3,3
Kèrènsa,0,3,3
Kerensia,0,3,3
Kerenyaga,0,3,3
Kérenza,0,3,3
Kereshma,0,3,3
Keresjma,0,3,3
Kerestina,0,3,3
Keresztély,0,3,3
Kerewijn,0,3,3
Kerfala,3,0,3
Kerhin,3,0,3
Keriam,3,0,3
Kerian,3,0,3
Keriann,0,3,3
Kerianna,0,3,3
Kericia,0,3,3
Kericka,0,3,3
Kerienna,0,3,3
Kerija,0,3,3
Kerīm,3,0,3
Kerim-Yasin,3,0,3
Kerime-Nur,0,3,3
Kerimkaan,3,0,3
Kerimsu,3,0,3
Kerinus,3,0,3
Keriona,0,3,3
Keris,0,3,3
Kerisha,0,3,3
Kerishma,0,3,3
Keristhy,0,3,3
Keritha,0,3,3
Kerivienne,0,3,3
Keriyan,0,3,3
Kerl,3,0,3
Kerla,0,3,3
Kerlaine,0,3,3
Kerliai,3,0,3
Kerlie,0,3,3
Kerlina,0,3,3
Kerlinn,0,3,3
Kerlis,3,0,3
Kerly,0,3,3
Kerly-Sanne,0,3,3
Kermandj,0,3,3
Kernadi,3,0,3
Kerob,3,0,3
Keroen,3,0,3
Kerolin,0,3,3
Kerolis,3,0,3
Kerolles,3,0,3
Kerollos,3,0,3
Keron,3,0,3
Kerope,3,0,3
Kerra,0,3,3
Kerran,3,0,3
Kerrewin,3,0,3
Kerrie,0,3,3
Kerrolson,3,0,3
Kerryn,0,3,3
Kersaan,3,0,3
Kersanéla,0,3,3
Kersha,0,3,3
Kershawn,3,0,3
Kershiva,0,3,3
Kersieja,0,3,3
Kersina,0,3,3
Kersjom,3,0,3
Kerssja,0,3,3
Kersta,0,3,3
Kerstel,0,3,3
Kersteloete,0,3,3
Kersters,3,0,3
Kerstian,3,0,3
Kerstjan,3,0,3
Kèrsto,3,0,3
Kersty,0,3,3
Kerthana,0,3,3
Kerthis,0,3,3
Kertja,0,3,3
Kerttulie,0,3,3
Kertu,0,3,3
Kéru,3,0,3
Keru,0,3,3
Kerubel,3,0,3
Keruna,0,3,3
Kervel,3,0,3
Kervie,3,0,3
Kervilliano,3,0,3
Kervine,0,3,3
Kervyn,3,0,3
Kerwick,3,0,3
Kerwijn,3,0,3
Kerwyn,3,0,3
Kerym,3,0,3
Keryna,0,3,3
Kérzia,0,3,3
Kes-Saphira,0,3,3
Kesan,3,0,3
Kesandu,3,0,3
Kesanet,0,3,3
Kesang,3,0,3
Kesaon,3,0,3
Kesaria,0,3,3
Kesarin,0,3,3
Kesatria,3,0,3
Kesauv,3,0,3
Keśava,3,0,3
Kesava,3,0,3
Késaw,3,0,3
Kesawi,0,3,3
Kesaya,0,3,3
Kescha,0,3,3
Keschia,0,3,3
Kesean,3,0,3
Keseley,0,3,3
Kesewaah,0,3,3
Késha,0,3,3
Keshaf,3,0,3
Keshali,0,3,3
Keshandrick,3,0,3
Keshani,0,3,3
Keshantely,0,3,3
Keshar-Kumar,3,0,3
Keshara,0,3,3
Keshau,3,0,3
Késhaun,3,0,3
Kèshaun,3,0,3
Keshaun,3,0,3
Kèshav,3,0,3
Keshavam,3,0,3
Keshavi,0,3,3
keshaw,3,0,3
KeShawn,3,0,3
Keshawna,0,3,3
Keshen,3,0,3
Keshenie,0,3,3
Keshew,3,0,3
Keshia-Maël,0,3,3
Keshiah,0,3,3
Keshika,0,3,3
Keshin,3,0,3
Keshiona,0,3,3
Keshja,0,3,3
Keshley,0,3,3
Keshlok,0,3,3
Keshmile,0,3,3
Keshnia,0,3,3
Keshon,3,0,3
Keshonarayan,3,0,3
Késhone,3,0,3
Keshri,3,0,3
Keshron,3,0,3
Keshvam,3,0,3
Keshvan,3,0,3
Keshvi,0,3,3
Keshwan,3,0,3
Keshwanand,3,0,3
Keshwani,0,3,3
Keshwin,3,0,3
Kesiana,0,3,3
Kesie,0,3,3
Kesim,3,0,3
Kesius,3,0,3
Keskin,3,0,3
Kesla,0,3,3
Keslay,3,0,3
Keslayne,0,3,3
Keslin,0,3,3
Keslyn,0,3,3
Kesmar,3,0,3
Kesmon,3,0,3
Kesny,0,3,3
Kesorija,0,3,3
Kess-Ryann,0,3,3
Kessanpersad,3,0,3
Kessar,3,0,3
Kesseh,3,0,3
Kessel,3,0,3
Kessella,0,3,3
Kessi,0,3,3
Kesslee,3,0,3
Kessley,0,3,3
Késso,0,3,3
Kessya,0,3,3
Kesta,3,0,3
Kestarina,0,3,3
Kestel,0,3,3
Kesteloo,3,0,3
Kesten,3,0,3
Kesthely,0,3,3
Kestian,3,0,3
Kestin,3,0,3
Kestinus,3,0,3
Kestrin,3,0,3
Kestutis,3,0,3
Kesty,0,3,3
Keswani,0,3,3
Keswin,3,0,3
Ket-Fei,3,0,3
Ket-fu,3,0,3
Ket-Fung,3,0,3
Kétana,0,3,3
Ketandu,3,0,3
Ketang,3,0,3
Ketankumar,3,0,3
Ketanu,3,0,3
Ketarina,0,3,3
Ketch,3,0,3
Ketchie,0,3,3
Kete-Kete,3,0,3
Kete-Marie,0,3,3
Ketema,0,3,3
Ketereda,0,3,3
Ketevan,0,3,3
Ketfen,3,0,3
Ketharan,3,0,3
Ketherina,0,3,3
Ketherine,0,3,3
Kethia,0,3,3
Kethlien,0,3,3
Kethura,0,3,3
Ketia,0,3,3
Ketiga,0,3,3
Ketija,0,3,3
Ketirina,0,3,3
Ketjhen,0,3,3
Kétkidevi,0,3,3
Ketline,0,3,3
Ketlyn,0,3,3
Ketoera,0,3,3
Ketoula,0,3,3
Ketradebie,0,3,3
Ketrijna,0,3,3
Ketrines,3,0,3
Kets,3,0,3
Ketsha,0,3,3
Ketshia,0,3,3
Ketsia-Dinanga,0,3,3
Ketsija,0,3,3
Kett,3,0,3
Kettiba,0,3,3
Kettij,0,3,3
Kettly,0,3,3
Ketty,0,3,3
Kétura,0,3,3
Keturah-Ann,0,3,3
Ketysha,0,3,3
Keul,3,0,3
Keumg,3,0,3
Keuna,0,3,3
Keune,0,3,3
Keuning,3,0,3
Keurlien,0,3,3
Keurten,3,0,3
Keurvin,3,0,3
Keusary,3,0,3
Kev,3,0,3
Kev'n,3,0,3
Kevaijla,0,3,3
Kevain,3,0,3
Kevaïndro,3,0,3
Kevaïnyson,3,0,3
Kevalpersad,3,0,3
Kévan,3,0,3
Kevania,0,3,3
Kevanius,3,0,3
Kevanne,3,0,3
Kevano,3,0,3
Kevany,0,3,3
Kevas,3,0,3
Kéven,3,0,3
Kevén,3,0,3
Kevenny,0,3,3
Kevenslyändro,3,0,3
Keveny,0,3,3
Keveon,3,0,3
Kever,3,0,3
Keverley,3,0,3
Kevey,3,0,3
Kèvi,0,3,3
Kevian,3,0,3
Kevick,3,0,3
Kevienne,0,3,3
Keviennely,0,3,3
Keviliano,3,0,3
Kevill,3,0,3
kevin,3,0,3
Kevin-Adam,3,0,3
Kevin-Arie,3,0,3
Kevin-Cees,3,0,3
Kevin-Christiaan,3,0,3
Kevin-Jean,3,0,3
Kevin-Johan,3,0,3
Kevin-Juraij,3,0,3
Kevin-Karel,3,0,3
Kevin-Michael,3,0,3
Kevin-Mike,3,0,3
Kevin-Nico,3,0,3
Kevin-Noah,3,0,3
Kevin-Ray,3,0,3
Kevin-Victor,3,0,3
Kevinho,3,0,3
Kevini,3,0,3
Keviniho,3,0,3
Kevinius,3,0,3
Kevinkoemar,3,0,3
Kevinlon,3,0,3
Kevinnee,0,3,3
Kevinnitscha,0,3,3
Kevinraj,3,0,3
Kevinus,3,0,3
Kevir,3,0,3
Kevishkoemar,3,0,3
Kevitadevi,0,3,3
Kevitadevie,0,3,3
Kevitha,0,3,3
Keviya,0,3,3
Kevlyn,3,0,3
Kevo,3,0,3
Kevok,0,3,3
Kevonn,3,0,3
Kevorg,3,0,3
Kevrin,3,0,3
Kevseri,0,3,3
Kevserrana,0,3,3
Kew,3,0,3
Kewali,3,0,3
Kéwalin,0,3,3
Kewall,3,0,3
Kewana,0,3,3
Kewanis,3,0,3
Kewei,0,3,3
Kewelawatie,0,3,3
Keweshsingh,3,0,3
Kewéul,3,0,3
Kewî,0,3,3
Kewie,0,3,3
Kewieshkumar,3,0,3
Kewinas,3,0,3
Kewish,3,0,3
Kewiskumar,3,0,3
Kewla,3,0,3
Kewlapati,0,3,3
Kewlawati,0,3,3
Kewlawatie,0,3,3
Kework,3,0,3
Kewther,0,3,3
Kewy,0,3,3
Kexuan,0,3,3
Key'Angelley-Maé,0,3,3
Key'Manih,3,0,3
Key'sean,3,0,3
Key'shainy,0,3,3
Key-Chairo,3,0,3
Key-Chara,0,3,3
Key-Chentley,3,0,3
Key-jani,3,0,3
Key-Jano,3,0,3
Key-Laira,0,3,3
Kéy-Liano,3,0,3
Key-mani,3,0,3
Key-Maya,0,3,3
Key-Mike,3,0,3
Key-Ony,0,3,3
Key-Richana,0,3,3
Key-Sean,3,0,3
Key-Shafaindra,0,3,3
Key-Shandro,3,0,3
Key-shanty,0,3,3
Key-Shaun,3,0,3
Key-Shawn,3,0,3
Kéyah,0,3,3
Keyain,3,0,3
Keyaïr,3,0,3
Keyair,3,0,3
Keyairo,3,0,3
Keyaisha,0,3,3
Kéyan,3,0,3
Keyanah,0,3,3
Keyandra,0,3,3
Keyannah,0,3,3
Keyanne,0,3,3
Keyanta,3,0,3
Keyante,3,0,3
Keyarah,0,3,3
Keyaro,3,0,3
Keyarra,0,3,3
Keyat,3,0,3
Keycelee,0,3,3
Keychaira,0,3,3
Keychairo,3,0,3
Keychantally,0,3,3
Keychia,0,3,3
Keydianne,0,3,3
Keydira,0,3,3
Keydon,3,0,3
Keyé,3,0,3
Keyeanna,0,3,3
Keyella,0,3,3
Kéyen,3,0,3
Keyena,0,3,3
Keyenah-Gen,0,3,3
Keyendo,3,0,3
Keyenne,0,3,3
Keyennu,3,0,3
Keyeno,3,0,3
Keyera,0,3,3
Keyermo,3,0,3
Keyesz,3,0,3
Keyhe,3,0,3
Keyiana-Leigh,0,3,3
Keyisha,0,3,3
Keyiwa,0,3,3
Keyjandra,0,3,3
Keyjay,3,0,3
Keyjelle,3,0,3
Keyjen,0,3,3
Keyko,0,3,3
Keykubad,3,0,3
Keykubat,3,0,3
Keylaijah,0,3,3
Keylaina,0,3,3
Keylaisja,0,3,3
Keylambi,0,3,3
Keylana,0,3,3
Keylaney,0,3,3
Keylano,3,0,3
Keylar,3,0,3
Keylash,3,0,3
Keylee-Ann,0,3,3
Keyleescha,0,3,3
Keyleina,0,3,3
Keyleisha,0,3,3
Keylia,0,3,3
Keylián,0,3,3
Kéylian,0,3,3
Keylicia,0,3,3
Keyliëana,0,3,3
Keylina,0,3,3
Keylinn,0,3,3
Keylis,0,3,3
Keylischa,0,3,3
Keylisha,0,3,3
Keylon,3,0,3
Keyly,0,3,3
Keylyon,3,0,3
Keymaira,0,3,3
Keymairo,3,0,3
Keymani,3,0,3
Keymara,0,3,3
Keymaru,3,0,3
Keymaya,0,3,3
Keyme,3,0,3
Keympe,3,0,3
Keyna,0,3,3
Keynaan,3,0,3
Keynaya,0,3,3
Keynes,3,0,3
Keynoa,3,0,3
Keynon,3,0,3
Keyomi,0,3,3
Keyomo,3,0,3
Keyon'Dre,3,0,3
Keyondre,3,0,3
Keyonnah,0,3,3
Keyontae,3,0,3
Keyonté,3,0,3
Keyontee,3,0,3
Keyontre,3,0,3
Keyorah,0,3,3
Keyosha,0,3,3
Keyran,3,0,3
Keyricio,3,0,3
Keyro,3,0,3
Keyronie,0,3,3
Keys-Lynn,0,3,3
Keysan,3,0,3
Keysean,3,0,3
Keysha-Cassidy,0,3,3
Keyshaen,3,0,3
Keyshainah,0,3,3
Keyshaïno,3,0,3
Keyshairo,3,0,3
Keyshaïro,3,0,3
Keyshaley,0,3,3
Keyshandra,0,3,3
Keyshanelis,0,3,3
Keyshanely,0,3,3
Keyshanna,0,3,3
Keyshanti,0,3,3
Keyshara,0,3,3
Keysharah,0,3,3
Keyshawna,0,3,3
Keyshawno,3,0,3
Keyshaya,0,3,3
Keyshayro,3,0,3
Keyshela,0,3,3
Keyshella,0,3,3
Keyshelly,0,3,3
Keysjean,3,0,3
Keysjenee,0,3,3
Keysla,0,3,3
Keyssel,3,0,3
Keysy,0,3,3
Keyta,0,3,3
Keytana,0,3,3
Keytanja,0,3,3
Keyte,0,3,3
Keytleen,0,3,3
Keyton,3,0,3
Keyvairo,3,0,3
Keyvanio,3,0,3
Keyveneysha,0,3,3
Keyvenisha,0,3,3
Keyvi,3,0,3
Keyviel,3,0,3
Keyvin,3,0,3
Keyvo,3,0,3
Keyx,3,0,3
Keyzer,3,0,3
Keyzia,0,3,3
Keyzion,3,0,3
Kéz,0,3,3
Kezayah,0,3,3
Kezey,3,0,3
Kezhi,0,3,3
Kezi'ah,0,3,3
Kézia,0,3,3
Kéziah,0,3,3
Kezian,0,3,3
Keziatri,0,3,3
Keziea,0,3,3
Kezines,3,0,3
Kezje,0,3,3
Kezza,3,0,3
Kezzi,0,3,3
Kezziah,0,3,3
Kgaléko,3,0,3
Kgau-Ken,0,3,3
Kgawtipis,0,3,3
Kgong,3,0,3
Kha-Ghee,0,3,3
Kha-Han,3,0,3
Kha-Khin,3,0,3
Kha-Kung,3,0,3
Kha-Lai,0,3,3
Kha-Wing,3,0,3
Khaaled,3,0,3
Khaalieq,3,0,3
Khâan,3,0,3
Khaawmai,0,3,3
Khabane,3,0,3
Khabat,0,3,3
Khabeer,0,3,3
Khachek,3,0,3
Khadaffi,3,0,3
Khadafi,3,0,3
Khadan,0,3,3
Khaddisha,0,3,3
Khaddoja,0,3,3
Khaddouja,0,3,3
Khadeejah,0,3,3
Khadeem,3,0,3
Khadega,0,3,3
Khadejah,0,3,3
Khadidia,0,3,3
Khadidjatou,0,3,3
Khadiedjah,0,3,3
Khadighe,0,3,3
Khádija,0,3,3
Khadija-Aya,0,3,3
Khadija-Halima,0,3,3
Khadijaghatoen,0,3,3
Khadijattou,0,3,3
Khadijatu,0,3,3
Khadijeh,0,3,3
Khadil,3,0,3
Khadira,0,3,3
Khadischa,0,3,3
Khadîsha,0,3,3
Khadisia,0,3,3
Khaditja,0,3,3
Khadiya,0,3,3
Khadjia,0,3,3
Khadoma,0,3,3
Khadoudja,0,3,3
Khadouri,3,0,3
Khadouzja,0,3,3
Khadre,3,0,3
Khadum,0,3,3
Khaé-lynn,0,3,3
Khaella,0,3,3
Khaeron,3,0,3
Khaesharelle,0,3,3
Khaesil,0,3,3
Khaeta,0,3,3
Khahaïla,0,3,3
Khahan,3,0,3
Khahn,3,0,3
Khaï,0,3,3
Khai-Lan,3,0,3
Khai-Tam,3,0,3
Khaia,0,3,3
Khaibar,3,0,3
Khaidyron,3,0,3
Khaijah,0,3,3
Khaile,3,0,3
Khainat,0,3,3
Khaïr-Eddine,3,0,3
Khaïra,0,3,3
Khairallah,3,0,3
Khairatty,0,3,3
Khaïreddine,3,0,3
Khaireh,3,0,3
Khaireiah,0,3,3
Khairi-Shae,3,0,3
Khairia,0,3,3
Khairina,0,3,3
Khairoel,0,3,3
Khairon,3,0,3
Khairunisa,0,3,3
Khaïs,3,0,3
Khaïsha,0,3,3
Khaista,0,3,3
Khaixiang,3,0,3
Khaj,3,0,3
Khajasta,0,3,3
Khajik,3,0,3
Khajin,3,0,3
Khakdel,3,0,3
Khalal,3,0,3
Khàlan,0,3,3
Khalan,0,3,3
Khald,3,0,3
Khaldon,3,0,3
Khaldoun,3,0,3
Khaldūn,3,0,3
Khâle,0,3,3
Khaleah,0,3,3
Khâled,3,0,3
Khaleda,0,3,3
Khalede,3,0,3
Khaleesah,0,3,3
Khalel,3,0,3
Khalfani,3,0,3
Khalfuu,0,3,3
Khálid,3,0,3
Khalid-Hamza,3,0,3
Khalid-Sarah,0,3,3
Khalidat,0,3,3
Khalie,0,3,3
Khaliël,3,0,3
Khaliesha,0,3,3
Khalifah,3,0,3
Khalifala,3,0,3
Khalifie,3,0,3
Khalijakon,0,3,3
Khalïl,3,0,3
Khalilah,0,3,3
Khalile,3,0,3
Khalilu,3,0,3
Khalilurahaman,3,0,3
Khalinda,0,3,3
Khalique,3,0,3
Khalis,3,0,3
Khalisso,3,0,3
Khaliyah,0,3,3
Khalled,3,0,3
Khallid,3,0,3
Khalliel,3,0,3
Khaloudja,0,3,3
Khalsam,3,0,3
Khalvane,3,0,3
Khaly,0,3,3
Khàlyan,0,3,3
Khalyda,0,3,3
Khalysa,0,3,3
Khalysja,0,3,3
Khamar,3,0,3
Khamba,3,0,3
Khambiz,3,0,3
Khamies,3,0,3
Khamilia,0,3,3
Khamin,3,0,3
Khamit,3,0,3
Khammee,3,0,3
Khamol,3,0,3
Khamon,3,0,3
Khampan,0,3,3
Khamphang,0,3,3
Khamran,3,0,3
Khamthan,3,0,3
khan,3,0,3
Khan-Mahashaikh,3,0,3
Khana,0,3,3
Khanat,3,0,3
Khanaya,3,0,3
Khanda,0,3,3
Khandi,0,3,3
Khando,0,3,3
Khandor,3,0,3
Khandy,3,0,3
Khané,3,0,3
Khane,3,0,3
Khaneed,3,0,3
Khaneseeya,0,3,3
Khānh,3,0,3
Khanh-Tran,0,3,3
Khanh-Uyen,0,3,3
Khaniërschka,0,3,3
Khanm,0,3,3
Khanna,0,3,3
Khannea,0,3,3
Khanum,0,3,3
Khany,0,3,3
Khanya-Dewhi,0,3,3
Khanyisa,0,3,3
Khanysia,0,3,3
Khanzaman,3,0,3
Khanzi,3,0,3
Khaoula-Amina,0,3,3
Khaqan,3,0,3
Khar,0,3,3
Khar-Hoe,3,0,3
Kharanshu,3,0,3
Khardiatou,0,3,3
Khari,0,3,3
Khariba,0,3,3
Kharina,0,3,3
Kharine,0,3,3
Kharisa,0,3,3
Kharmila,0,3,3
Kharn,3,0,3
Kharngitha,0,3,3
Kharo,0,3,3
Kharoena,0,3,3
Kharom,3,0,3
Kharounkoemar,3,0,3
Khartik,3,0,3
Khashmeila,0,3,3
Khasidit,3,0,3
Khasiem,3,0,3
Khasing,3,0,3
Khasraw,0,3,3
Khataab,3,0,3
Khatchik,3,0,3
Khatelya,0,3,3
Khatereh,0,3,3
Khatib-ur,3,0,3
Khatien,0,3,3
Khatija-Ma,0,3,3
Khatir,3,0,3
Khatira,0,3,3
Khatlin,0,3,3
Khatoendjinath,0,3,3
Khatol,0,3,3
Khaton,0,3,3
Khatoun,0,3,3
Khatrana,0,3,3
Khattiya,3,0,3
Khatu,0,3,3
Khau,3,0,3
Khavan,3,0,3
Khavi,3,0,3
Khavitadebie,0,3,3
Khawita,0,3,3
Khawlaa,0,3,3
Khawther,0,3,3
Khayan,3,0,3
Khayat,0,3,3
Khaybar,3,0,3
Khayber,3,0,3
Khaycee,0,3,3
Khayden,3,0,3
Khaydey,3,0,3
Khaydira,0,3,3
Khayel,3,0,3
Khayeli-Amaya,0,3,3
Khayi,0,3,3
Khayla,0,3,3
Khaylan,3,0,3
Khaylas,3,0,3
Khayle,3,0,3
Khaylhara,0,3,3
Khaylian,3,0,3
Khayliëne,0,3,3
Khaylon,3,0,3
Khayrana,0,3,3
Khayre,3,0,3
Khayriya,0,3,3
Khayrun,0,3,3
Khayyam,3,0,3
Khayza,0,3,3
Khé,3,0,3
Khealy,0,3,3
Khéaly,0,3,3
Kheanen,3,0,3
Kheang,3,0,3
Kheden,3,0,3
Kheder,0,3,3
Khedesia,0,3,3
Khédidja,0,3,3
Khedier,0,3,3
Khedija,0,3,3
Khédija,0,3,3
Khédira,3,0,3
Khedira,0,3,3
Khedra,0,3,3
Khedy,0,3,3
Khedyra,0,3,3
Khee-Thoo,3,0,3
Kheenen,3,0,3
Kheerta,0,3,3
Kheezra,0,3,3
Kheiam,3,0,3
Kheir,3,0,3
Kheir-Eddine,3,0,3
Kheïra,0,3,3
Kheiraat,3,0,3
Kheiradine,3,0,3
Kheirdine,3,0,3
Kheisia,0,3,3
Kheisja,0,3,3
Kheit,3,0,3
Kheje,0,3,3
Khel,3,0,3
Khelaf,3,0,3
Khelan,3,0,3
Khelano,3,0,3
Khelany,0,3,3
Khelena,0,3,3
Kheley,0,3,3
Khelidja,0,3,3
Kheloud,0,3,3
Khelsey,0,3,3
Khelyan,3,0,3
Khemai,3,0,3
Khemais,3,0,3
Khèmais,3,0,3
Khemari,3,0,3
Kheminda,0,3,3
Khemissa,0,3,3
Khemka,3,0,3
Khemkaran,3,0,3
Khemon,3,0,3
Khemra,0,3,3
Khemraaj,3,0,3
Khemradji,0,3,3
Khemradjie,0,3,3
Khenai,3,0,3
Khenen,3,0,3
Khenesia,0,3,3
Kheng,3,0,3
Kheng-Kuan,0,3,3
Khenji,3,0,3
Khensa,0,3,3
Khensu,3,0,3
Khentetka,0,3,3
Khenya,0,3,3
Khenza,0,3,3
Khenzie,3,0,3
Khenzo,3,0,3
Kheo,3,0,3
Khepelwak,3,0,3
Kher'Diandro,3,0,3
Kher'Dion,3,0,3
Kheredine,3,0,3
Khèren,0,3,3
Kheri,3,0,3
Kheria,0,3,3
Kherija,0,3,3
Khernla,0,3,3
Kheroonnissa,0,3,3
Kherwin,3,0,3
Khes,0,3,3
Kheshayer,3,0,3
Khesheyra,0,3,3
Kheshini,0,3,3
Khesro,3,0,3
Khesrow,3,0,3
Khet,3,0,3
Khethiwe,0,3,3
Khetrin,0,3,3
Kheu,3,0,3
Khevish,3,0,3
Khewita,0,3,3
Khey-dion,3,0,3
Kheyano,3,0,3
Kheydjan,3,0,3
Kheydon,3,0,3
Kheysean,3,0,3
Kheyshawn,3,0,3
Kheyshawnley,0,3,3
Khi-Toy,0,3,3
Khia,0,3,3
Khiatia,0,3,3
Khibar,3,0,3
Khick,3,0,3
Khidir,0,3,3
Khie,3,0,3
Khiedor,3,0,3
Khiêm,3,0,3
Khien-Fa,3,0,3
Khiera,0,3,3
Khieron,3,0,3
Khiertie,0,3,3
Khiet-An,0,3,3
Khijahni,3,0,3
Khijoub,3,0,3
Khilainy,0,3,3
Khilayion,3,0,3
Khimani,3,0,3
Khimano,3,0,3
Khimany,3,0,3
Khimberley,0,3,3
Khimberly,0,3,3
Khimraj,3,0,3
Khinda,3,0,3
Khio,3,0,3
Khion,3,0,3
Khionnah,0,3,3
Khirad,0,3,3
Khiradin,3,0,3
Khirana,0,3,3
Khirande-Ryon,3,0,3
Khirania,0,3,3
Khireddine,3,0,3
Khiro,0,3,3
Khirstan,3,0,3
Khirsten,0,3,3
Khirtiekoemarie,0,3,3
Khiry,3,0,3
Khisan,3,0,3
Khishan,3,0,3
Khishansingh,3,0,3
Khismat,3,0,3
Khisraw,3,0,3
Khitaam,0,3,3
Khitame,0,3,3
Khitano,3,0,3
Khitara,0,3,3
Khiu,3,0,3
Khivan,3,0,3
Khivány,0,3,3
Khivo,3,0,3
Khiyagu,3,0,3
Khiyani,0,3,3
Khizr,3,0,3
Khkula,0,3,3
Khlifa,3,0,3
Khloê,0,3,3
Khlöe,0,3,3
Khnata,0,3,3
Khoa-Anh,3,0,3
Khoa-Nhat,3,0,3
Khoa-Van,3,0,3
Khoala,0,3,3
Khobfah,3,0,3
Khodabakhsh,3,0,3
Khodi,3,0,3
Khodor,3,0,3
Khoebchand,3,0,3
Khoeshi,0,3,3
Khoeshie,0,3,3
Khoesiaal,0,3,3
Khoesial,0,3,3
Khoesschradjie,0,3,3
Khoi-vi,3,0,3
Khoirijjah,0,3,3
Kholeda,0,3,3
Kholi,3,0,3
Kholilullah,3,0,3
Kholood,0,3,3
Khomaldevi,0,3,3
Khongkwan,3,0,3
Khonwarin,0,3,3
Khookhar,0,3,3
Khoonjung,3,0,3
Khora,0,3,3
Khoreshma,0,3,3
Khoroi,0,3,3
Khorosh,3,0,3
Khorsand,0,3,3
Khorseed,3,0,3
Khortas,3,0,3
Khosraw,3,0,3
Khosro,3,0,3
Khostay,0,3,3
Khoukazian,0,3,3
Khoulah,0,3,3
Khoulaida,0,3,3
Khouloude,0,3,3
Khoumissa,0,3,3
Khoushah,0,3,3
Khouzaima,3,0,3
Khozi,3,0,3
Khpelwaak,3,0,3
Khrisando,3,0,3
Khrisha,0,3,3
Khrishchay,3,0,3
Khrishnadath,3,0,3
Khrista,0,3,3
Khristian,3,0,3
Khristina,0,3,3
Khristine,0,3,3
Khriz,3,0,3
Khrystle,0,3,3
Khtoon,0,3,3
Khubeb,3,0,3
Khubi,0,3,3
Khubyb,3,0,3
Khudarahim,3,0,3
Khudaya,0,3,3
Khudeja,0,3,3
Khue,0,3,3
Khuê,0,3,3
Khulan,0,3,3
Khuluud,0,3,3
Khumar,3,0,3
Khumayra,0,3,3
Khumbo,3,0,3
Khunaf,0,3,3
Khunanya,3,0,3
Khunsa,0,3,3
Khunsha,0,3,3
Khunshah,0,3,3
Khurshed,0,3,3
Khursid,0,3,3
Khurum,3,0,3
Khusaal,3,0,3
Khusbapat,0,3,3
Khusbo,0,3,3
Khusboe,0,3,3
Khusbu,0,3,3
Khushad-Khan,3,0,3
Khushanjali,0,3,3
Khushbu,0,3,3
Khushdeep,0,3,3
Khushee,0,3,3
Khushnoor,0,3,3
Khushnud,3,0,3
Khushnuma,0,3,3
Khushtar,3,0,3
Khushvani,0,3,3
Khushveer,3,0,3
Khusraw,3,0,3
Khuun,3,0,3
Khuyên,0,3,3
Khwadja,3,0,3
Khwala,0,3,3
Khwamé,3,0,3
Khy'mani,3,0,3
Khy-Genthaly,0,3,3
Khy-Khan,3,0,3
Khy-landrysen,3,0,3
Khy-tyshaintely,0,3,3
Khya,0,3,3
Khyal,3,0,3
Khyalem,3,0,3
Khyam,3,0,3
Khyana,0,3,3
Khyanna,0,3,3
Khyano,3,0,3
Khyarah,0,3,3
Khyber,3,0,3
Khyda,0,3,3
Khyel,3,0,3
Khyla,0,3,3
Khylaï,3,0,3
Khylen,3,0,3
Khylin,3,0,3
Khylion,3,0,3
Khym,0,3,3
Khymanhi,3,0,3
Khymâni,0,3,3
Khymira,0,3,3
Khymora-Lee,0,3,3
Khymorah,0,3,3
Khyomi,0,3,3
Khyreesha,0,3,3
Khyroma,0,3,3
Khyron,3,0,3
Khyrunnisa,0,3,3
Khyshannah,0,3,3
Khyslaine,0,3,3
Ki'annah,0,3,3
Ki'Mani,0,3,3
Ki'mani,3,0,3
Ki'maysha,0,3,3
Ki'Myiah-Lee,0,3,3
Ki'Raysah,0,3,3
Ki'sean,3,0,3
Ki'shainy,0,3,3
Ki'shaynie,0,3,3
Ki'Yara,0,3,3
Ki'yenne,0,3,3
Ki'ziënny,0,3,3
Ki-,0,3,3
Ki-ann,0,3,3
Ki-Any,0,3,3
Ki-Chaino,3,0,3
Ki-chaira,0,3,3
Ki-Chaira,0,3,3
Ki-djairo,3,0,3
Ki-Ja,0,3,3
Ki-Jente,3,0,3
Ki-Joni,0,3,3
Ki-Ki,0,3,3
Ki-Laya,0,3,3
Ki-Lian,3,0,3
Ki-many,3,0,3
Ki-Marley,3,0,3
Ki-Marra,0,3,3
Ki-maya,0,3,3
Ki-mayro,3,0,3
Ki-naily,0,3,3
Ki-Ora,0,3,3
Ki-Sheena,0,3,3
Ki-Shon,3,0,3
Ki-vainy,0,3,3
Ki-Vensley,3,0,3
Ki-Yacho,3,0,3
Ki-Yano,3,0,3
Ki-yara,0,3,3
Ki-yeaneley,0,3,3
Ki-yeann,0,3,3
Ki-Yencha,0,3,3
Ki-yomi,0,3,3
Ki-Yoni,0,3,3
Ki-yoni,0,3,3
Ki-Yoon,3,0,3
Kiá,3,0,3
Kia-anna,0,3,3
Kiabi,0,3,3
Kiam-Gjoeng,3,0,3
Kiam-Woei,3,0,3
Kiamani,0,3,3
Kiambiyavanga,0,3,3
Kiambote,0,3,3
Kiän,3,0,3
Kian-Bing,3,0,3
Kian-Cas,3,0,3
Kïana,0,3,3
Kianaz,0,3,3
Kianday,3,0,3
Kiando,3,0,3
Kiandor,3,0,3
Kiandrah,0,3,3
Kianeah,0,3,3
Kianey,0,3,3
Kiang,3,0,3
Kianga,0,3,3
Kiangeline,0,3,3
Kianguembeny,0,3,3
Kianie,0,3,3
Kianira,0,3,3
Kianisha,0,3,3
Kianmehr,3,0,3
Kianna-Evon,0,3,3
Kïano,3,0,3
Kianoesh,3,0,3
Kianomari,3,0,3
Kianoor,0,3,3
Kianos,3,0,3
Kianosh,3,0,3
Kiansi,3,0,3
Kianté,0,3,3
Kianto,3,0,3
Kianty,0,3,3
Kianyleyda,0,3,3
Kiára,0,3,3
Kiara-Denise,0,3,3
Kiara-Jade,0,3,3
Kiara-Jaël,0,3,3
Kiara-Mila,0,3,3
Kiara-Ming,0,3,3
Kiara-Shevandy,0,3,3
Kiarah,0,3,3
Kiaralijn,0,3,3
Kiarao,3,0,3
Kiarasj,3,0,3
Kiaria,0,3,3
Kiarlon,3,0,3
Kiaru,0,3,3
Kias,3,0,3
Kiasumbu,0,3,3
Kiawette,0,3,3
Kiawsh,3,0,3
Kiayana,0,3,3
Kiayla,0,3,3
Kiayna,0,3,3
Kiaz,3,0,3
Kibacula,3,0,3
Kibaima,0,3,3
Kiban,3,0,3
Kibare,0,3,3
Kiber,3,0,3
Kiberley,0,3,3
Kibi,3,0,3
Kibir,0,3,3
Kibrab,3,0,3
Kibraiel,3,0,3
Kibri,0,3,3
Kican,0,3,3
Kicelle,0,3,3
Kich,3,0,3
Kichai,3,0,3
Kichaijra,0,3,3
Kichaira,0,3,3
Kichairëlson,3,0,3
Kichairo,3,0,3
Kichanty,0,3,3
Kichara,0,3,3
Kichardi,0,3,3
Kichel,0,3,3
Kichelle,0,3,3
Kichena,0,3,3
Kicho,3,0,3
Kicia,0,3,3
Kiciano,3,0,3
Kick-Janek,3,0,3
Kick-Jay,3,0,3
Kickan,0,3,3
Kicke,3,0,3
Kickel,0,3,3
kicki,0,3,3
Kickino,3,0,3
Kicks,3,0,3
Kićo,3,0,3
Kict,0,3,3
Kicx,3,0,3
Kid-Rafaël,3,0,3
Kidae,3,0,3
Kidan,0,3,3
Kidany,3,0,3
Kidara-Lee,0,3,3
Kidas,3,0,3
Kiddian,3,0,3
Kiddy,3,0,3
Kiden,0,3,3
Kidhaya,0,3,3
Kidi,0,3,3
Kidima,0,3,3
Kidisha,0,3,3
Kidius,3,0,3
Kidja,0,3,3
Kìdon,3,0,3
Kidon,3,0,3
Kie-Gwan,3,0,3
Kie-Joeng,3,0,3
Kie-Sang,3,0,3
Kiea,3,0,3
Kieara,0,3,3
Kieb,3,0,3
Kiechen,3,0,3
Kiechendew,3,0,3
Kieckx,3,0,3
Kied,3,0,3
Kiedis,3,0,3
Kiedo,3,0,3
Kiedt,3,0,3
Kiefajat,3,0,3
Kieja,0,3,3
Kiejel,0,3,3
Kiejony,0,3,3
Kieka,0,3,3
Kiekel,0,3,3
Kiekie,0,3,3
Kieks,0,3,3
Kieky,0,3,3
Kiel,3,0,3
Kiël,3,0,3
Kiëlt,3,0,3
Kiêm,3,0,3
Kiem-Fong,3,0,3
Kiem-Kjau,0,3,3
Kiem-Lan,0,3,3
Kiem-Lien,0,3,3
Kiem-Lin,0,3,3
Kiem-Liong,3,0,3
Kiem-Sien,3,0,3
Kiem-Woeng,3,0,3
Kiemia,0,3,3
Kiemiea,0,3,3
Kiemnen,0,3,3
Kiemo,3,0,3
Kiëmsha,0,3,3
Kiemtie,0,3,3
Kien-fung,3,0,3
Kien-Gjung,3,0,3
Kien-Long,3,0,3
Kien-nio,0,3,3
Kien-On,3,0,3
Kien-Sang,3,0,3
Kien-Sing,3,0,3
Kiên-Tâm,3,0,3
Kien-Thanh,3,0,3
Kien-Wai,3,0,3
Kien-Wha,3,0,3
Kiena-Thallina,0,3,3
Kienan,3,0,3
Kiëndrick,3,0,3
Kiengum,0,3,3
Kieni,0,3,3
Kienie,0,3,3
Kienne,0,3,3
Kiënne,0,3,3
Kiënno,3,0,3
Kienwah,3,0,3
Kiënzo,3,0,3
Kiér,3,0,3
Kier-Jan,3,0,3
Kíera,0,3,3
Kièra,0,3,3
Kierah,0,3,3
Kierán,3,0,3
Kiéran,3,0,3
Kierankumar,3,0,3
Kieranna,0,3,3
Kierayn,3,0,3
Kierdina,0,3,3
Kiere,3,0,3
Kierenkoemarie,0,3,3
Kiernsingh,3,0,3
Kierolus,3,0,3
Kiérra,0,3,3
Kierran,3,0,3
Kierren,3,0,3
Kierssiena,0,3,3
Kierstensara,0,3,3
Kierstina,0,3,3
Kierthi,0,3,3
Kierthidewi,0,3,3
Kierthiedewie,0,3,3
Kiertiekumar,3,0,3
Kiertine,0,3,3
Kieryn,0,3,3
Kierza,0,3,3
Kiesar,3,0,3
Kieschen,3,0,3
Kiese,3,0,3
Kieshaena,0,3,3
Kieshandra,0,3,3
Kieshankumar,3,0,3
Kieshn,3,0,3
Kiesion,3,0,3
Kiesja,0,3,3
Kiesoen,3,0,3
Kiesoor,3,0,3
Kiësse,3,0,3
Kietan,3,0,3
Kietana,0,3,3
Kietha,3,0,3
Kiethan,3,0,3
Kiethton,3,0,3
Kietje,0,3,3
Kietoera,0,3,3
Kietra,0,3,3
Kieu-Anh,0,3,3
Kieu-Phuong,0,3,3
Kieu-Yen-Trang,0,3,3
Kieuoanh,0,3,3
Kièv,3,0,3
Kieva,0,3,3
Kiever,3,0,3
Kieviany,0,3,3
Kiew,0,3,3
Kiewan,3,0,3
Kiewlen,0,3,3
Kieyala,0,3,3
Kieyila,0,3,3
Kieyo,3,0,3
Kifaayat,3,0,3
Kifano,3,0,3
Kifayat,3,0,3
Kiff,3,0,3
Kifil,0,3,3
Kifl,3,0,3
Kiflay,0,3,3
Kifuani,0,3,3
Kigoro,3,0,3
Kih,3,0,3
Kihami,3,0,3
Kihan,3,0,3
Kiho,0,3,3
Kihyo,3,0,3
Kiia,0,3,3
Kiian,3,0,3
Kiiara,0,3,3
Kiika,0,3,3
Kiin,0,3,3
Kiinty,0,3,3
Kiiru,3,0,3
Kiisa,0,3,3
Kiisikaawaasis,3,0,3
Kiistat,0,3,3
Kijahnira,0,3,3
Kijanu,3,0,3
Kijaro,3,0,3
Kijchaan,3,0,3
Kijenna,0,3,3
Kijenne,0,3,3
Kijenzo,3,0,3
Kijeosowo,0,3,3
Kijlo,3,0,3
Kijly,0,3,3
Kijmen,3,0,3
Kijo,3,0,3
Kijohn,3,0,3
Kijoma,3,0,3
Kijre,3,0,3
Kik-Qiong,3,0,3
Kik-Woen,3,0,3
Kikas,0,3,3
Kikè,3,0,3
Kikelomo,0,3,3
Kikhé,3,0,3
KiKi,0,3,3
Kiki-Aimee,0,3,3
Kiki-Carline,0,3,3
Kiki-Carmen,0,3,3
Kiki-Elle,0,3,3
Kiki-Hansje,0,3,3
Kiki-Jade,0,3,3
Kiki-Jasmijn,0,3,3
Kiki-Julie,0,3,3
Kiki-Kate,0,3,3
Kiki-Keet,0,3,3
Kiki-Lisannah,0,3,3
Kiki-Lynn,0,3,3
Kiki-Roos,0,3,3
Kiki-Vayen,0,3,3
Kiki-Yanou,0,3,3
Kiki-Yfke,0,3,3
Kiki-Zoë,0,3,3
Kikian,0,3,3
Kikiana,0,3,3
Kikiënne,0,3,3
Kikiï,0,3,3
Kikik,0,3,3
Kikiola,3,0,3
Kikitza,0,3,3
Kikke,3,0,3
Kikong,3,0,3
Kikongi,3,0,3
Kikoy,0,3,3
Kiku,0,3,3
Kikujiro,3,0,3
Kikumi,3,0,3
Kikuyo,0,3,3
Kiky-Jo,0,3,3
Kilai,3,0,3
Kilainy,0,3,3
Kilal,3,0,3
Kilamaya,0,3,3
Kilaney,0,3,3
Kilano,3,0,3
Kilby,0,3,3
Kild,3,0,3
Kildert,3,0,3
Kileab,3,0,3
Kilee,0,3,3
Kileen,0,3,3
Kileigh,0,3,3
Kilián,3,0,3
kilian,3,0,3
Kiliana-Renée,0,3,3
Kilianna,0,3,3
Kiliç,3,0,3
Kilicaslan,3,0,3
Kilijang,3,0,3
Kilima,0,3,3
Kilimandzjaro,3,0,3
Kilimanjaro,3,0,3
Kilion,3,0,3
Kilip,3,0,3
Kilivani,3,0,3
Kiliya,3,0,3
Kilja,0,3,3
Kiljan,3,0,3
Kiljon,3,0,3
Killaï,3,0,3
Killay,0,3,3
Kille,0,3,3
Killia,0,3,3
Killiam,3,0,3
Killiam-Cordell,3,0,3
Killiana,0,3,3
Killianne,0,3,3
Killiano,3,0,3
Killimanjahro,3,0,3
Killion,3,0,3
Killis,3,0,3
Killroy,3,0,3
Kilma,0,3,3
Kilmer,3,0,3
Kilmister,3,0,3
Kiloe,0,3,3
Kilolo,0,3,3
Kilse,0,3,3
Kilsoo,3,0,3
Kilsy,0,3,3
Kiltje-Vera,0,3,3
Kiluanji,3,0,3
Kilufya,3,0,3
Kilula,0,3,3
Kilunda,0,3,3
Kilvio,3,0,3
Kilwa,3,0,3
Kilya,0,3,3
Kilydd,3,0,3
Kilyss,3,0,3
kim,0,3,3
Kim-Adrian,3,0,3
Kim-Alexandra,0,3,3
Kim-An,0,3,3
Kim-Anh,0,3,3
Kim-Anouk,0,3,3
Kim-Camille,0,3,3
Kim-Carmen,0,3,3
Kim-Chi,0,3,3
Kim-Chung,3,0,3
Kim-Daiëll,3,0,3
Kim-Elise,0,3,3
Kim-Elle,0,3,3
Kim-Ellen,0,3,3
Kim-Heel,3,0,3
Kim-Hing,3,0,3
Kim-Hung,3,0,3
Kim-Jasmijn,0,3,3
Kim-Jill,0,3,3
Kim-Joanne,0,3,3
Kim-Johanna,0,3,3
Kim-John,3,0,3
Kim-Kelly,0,3,3
Kim-Larissa,0,3,3
Kim-Li,0,3,3
Kim-lian,0,3,3
Kim-Liang,3,0,3
Kim-Liên,0,3,3
Kim-Loeng,3,0,3
Kim-Long,3,0,3
Kim-Louise,0,3,3
Kim-Lyan,0,3,3
Kim-Lye,3,0,3
Kim-Magré,0,3,3
Kim-Mai,0,3,3
Kim-Manou,0,3,3
Kim-maya,0,3,3
Kim-Ming,3,0,3
Kim-My,0,3,3
Kim-Ngân,0,3,3
Kim-Oanh,0,3,3
Kim-Philomena,0,3,3
Kim-Phong,3,0,3
Kim-Phuc,0,3,3
Kim-Sa,0,3,3
Kim-San,3,0,3
Kim-Sian,0,3,3
Kim-Sue,0,3,3
Kim-Tessa,0,3,3
Kim-Thinh,3,0,3
Kim-Truc,0,3,3
Kim-Vaïnely,0,3,3
Kima-Jane,0,3,3
Kimaila,0,3,3
Kimaily,0,3,3
Kimairah-Lee,0,3,3
Kimáiro,3,0,3
Kimaisa,0,3,3
Kimalou,0,3,3
Kimaly,0,3,3
Kimán,3,0,3
Kimana,0,3,3
Kimane,3,0,3
Kimanh,0,3,3
Kimani-Maïa,0,3,3
Kimano,3,0,3
Kimanu,3,0,3
Kimanzi,3,0,3
Kimarcha,0,3,3
Kimarly,0,3,3
Kimathi,3,0,3
Kimauru,3,0,3
Kimaya-Jo,0,3,3
Kimaycha,0,3,3
Kimayna,0,3,3
Kimayrah,0,3,3
Kimayro,3,0,3
Kimbal,3,0,3
Kimbalt,3,0,3
Kimbel-Werner,3,0,3
Kimbell,3,0,3
Kimbella,0,3,3
Kimbelly,0,3,3
Kimbelyn-Tutu,0,3,3
Kimbembe,3,0,3
Kimberd,3,0,3
Kimberdina,0,3,3
Kimberlane,0,3,3
Kimberley-Anne,0,3,3
Kimberley-Darlene,0,3,3
Kimberley-Jade,0,3,3
Kimberley-Joy,0,3,3
Kimberley-Kay,0,3,3
Kimberley-Mina,0,3,3
Kimberley-Zoë,0,3,3
Kimberlly,0,3,3
Kimberly-Andrea,0,3,3
Kimberly-ann,0,3,3
Kimberly-Brigitte,0,3,3
Kimberly-Hedwig,0,3,3
Kimberly-jane,0,3,3
Kimberly-Mercedes,0,3,3
Kimbert,3,0,3
Kimbi,0,3,3
Kimblian,0,3,3
Kimbria,0,3,3
Kimbynette,0,3,3
Kimcara,0,3,3
Kimchau,0,3,3
Kimdjin,0,3,3
Kime,3,0,3
Kimeau,3,0,3
Kimée,0,3,3
Kimee,0,3,3
Kimely,0,3,3
Kiméra,0,3,3
Kimerly,0,3,3
Kimesa,0,3,3
Kimeta,0,3,3
Kiméysha,0,3,3
Kimfay,0,3,3
Kimhiang,0,3,3
Kimï,0,3,3
Kimi-Njordr,3,0,3
Kimian,3,0,3
Kimië,0,3,3
Kimija,0,3,3
Kimila,0,3,3
Kimiley,0,3,3
Kimin,3,0,3
Kimio,3,0,3
Kimiÿa,0,3,3
Kimiyo,0,3,3
Kimja,0,3,3
Kimkoemarie,0,3,3
Kimlay,0,3,3
Kimlea,0,3,3
Kimli,0,3,3
Kimlie,0,3,3
Kimmai,0,3,3
Kimmara,0,3,3
Kimmarah,0,3,3
Kimmeley,0,3,3
Kimmelotte,0,3,3
Kimmia,0,3,3
Kimmica,0,3,3
Kimmignonne,0,3,3
Kimmikae,0,3,3
Kimmylee,0,3,3
Kimmylou,0,3,3
Kimnecia,0,3,3
Kimney,0,3,3
Kimo-Joe,3,0,3
Kimoe,3,0,3
Kimoisa,0,3,3
Kimokeo,3,0,3
Kimonas,3,0,3
Kimoney,3,0,3
Kimongi,0,3,3
Kimoni,3,0,3
Kimora-Angel,0,3,3
Kimora-Eva,0,3,3
Kimora-Jade,0,3,3
Kimora-Ley,0,3,3
Kimora-Rose,0,3,3
Kimoraicha,0,3,3
Kimorra,0,3,3
Kimoura,0,3,3
Kimoy,0,3,3
Kimoya,0,3,3
Kimpa,0,3,3
Kimplaine,0,3,3
Kimra,0,3,3
Kimran,0,3,3
Kimrey,0,3,3
Kimriek,0,3,3
Kims,3,0,3
Kimsela,0,3,3
Kimsha,0,3,3
Kimshana,0,3,3
Kimshany-diana,0,3,3
Kimshelly,0,3,3
Kimskie,0,3,3
Kimteo,3,0,3
Kimthy,0,3,3
Kimuhu,3,0,3
Kimundo,3,0,3
Kimura,0,3,3
Kimurah,0,3,3
Kimuri,3,0,3
Kimwana,0,3,3
Kimwatie,0,3,3
Kimyla,0,3,3
Kimyro,3,0,3
Kin'an,3,0,3
Kin-Chong,3,0,3
Kin-Chung,3,0,3
Kin-Hee,3,0,3
Kin-Hei,3,0,3
Kin-Khjong,3,0,3
Kin-Laam,3,0,3
Kin-Len,3,0,3
Kin-Lok,3,0,3
Kin-Long,3,0,3
Kin-Ming,3,0,3
Kin-Ning,3,0,3
Kin-Pon,3,0,3
Kin-Pong,3,0,3
Kin-Sing,3,0,3
Kin-sing,3,0,3
Kin-Wah,3,0,3
Kin-Wai,3,0,3
Kin-wai,3,0,3
Kin-Yi,3,0,3
Kinaaï,3,0,3
Kinah,0,3,3
Kìnai,3,0,3
Kinaj,0,3,3
Kinandari,0,3,3
Kinane,0,3,3
Kinanya,0,3,3
Kinara,0,3,3
Kinarang,3,0,3
Kiñasa,0,3,3
Kinasih,0,3,3
Kinavuidi,0,3,3
Kinayro,3,0,3
Kincaid,3,0,3
Kincardine,0,3,3
Kincey,0,3,3
Kinchla,0,3,3
Kinciana,0,3,3
Kincky,3,0,3
Kindah,0,3,3
Kindhong,3,0,3
Kindika,0,3,3
Kindness,3,0,3
Kindo,0,3,3
Kindu,3,0,3
Kindua,3,0,3
Kinduelo,3,0,3
Kindvall,3,0,3
Kindye,3,0,3
Kindyee,3,0,3
Kine'm,0,3,3
Kineke,0,3,3
Kiněret,0,3,3
Kinereth,0,3,3
Kineta,0,3,3
Kinette,0,3,3
King-Capo,3,0,3
King-Carter,3,0,3
King-Fah,0,3,3
King-Fai,3,0,3
King-Hin,3,0,3
King-Hol,3,0,3
King-King,0,3,3
King-Lemuel,3,0,3
King-long,3,0,3
King-Maldive,3,0,3
King-Paul,3,0,3
King-Sau,3,0,3
King-zean,3,0,3
King-Zion,3,0,3
KingDavid,3,0,3
Kingfei,3,0,3
Kingi-Jane,0,3,3
Kingia,0,3,3
Kingjun,3,0,3
Kingombe,3,0,3
Kingsi,3,0,3
Kingslee,3,0,3
Kingsleigh,3,0,3
Kingsley-Jayvion,3,0,3
Kingsley-Jonah,3,0,3
Kingsley-Marley,3,0,3
Kingsthen,3,0,3
Kingswell,3,0,3
Kingsy-Lin,0,3,3
Kingue-Matol,3,0,3
Kingyew,3,0,3
Kinha,0,3,3
Kinhe,3,0,3
Kinhey,3,0,3
Kiniamo,3,0,3
Kinibuiro,0,3,3
Kinich,3,0,3
Kinikia,0,3,3
Kinimi,3,0,3
Kinino,3,0,3
Kinisha,0,3,3
Kinito,3,0,3
Kinjara,0,3,3
Kinji,3,0,3
Kink,3,0,3
Kinka,0,3,3
Kinke-Nienke,0,3,3
Kinko,0,3,3
Kinman,3,0,3
Kinnei,0,3,3
Kinnem,0,3,3
Kinnen,3,0,3
Kinneret,0,3,3
Kinnereth,0,3,3
Kinno,0,3,3
Kinnum,3,0,3
Kinnyta,3,0,3
Kinoah,3,0,3
Kinoe,3,0,3
Kinoiny,0,3,3
Kinon,3,0,3
Kinosha,0,3,3
Kinroy,3,0,3
Kinsaini,3,0,3
Kinsam,3,0,3
Kinse,3,0,3
Kinsella,0,3,3
Kinsen,3,0,3
Kinsha,0,3,3
Kinshasa,0,3,3
Kinsky,0,3,3
Kinsy,0,3,3
Kintadi,0,3,3
Kintan,0,3,3
Kintari,0,3,3
Kinté,0,3,3
Kinthy,0,3,3
Kinti,0,3,3
Kintie,0,3,3
Kintina,0,3,3
Kinto,3,0,3
Kinty,3,0,3
Kintyre,3,0,3
Kinvara,0,3,3
Kinwai,3,0,3
KinYee,0,3,3
Kinyera,3,0,3
Kinygel,3,0,3
Kinyi,0,3,3
Kinza-Malik,3,0,3
Kinzinho,3,0,3
Kinzola,0,3,3
Kinzzy,0,3,3
Kioa,0,3,3
Kïoff,3,0,3
Kioga,3,0,3
Kioja,0,3,3
Kiojah,0,3,3
Kiom,3,0,3
Kiomara,0,3,3
Kiome,3,0,3
Kiomelia,0,3,3
Kiomi-lynn,0,3,3
Kiomoko,0,3,3
Kioney,0,3,3
Kiongozi,3,0,3
Kionny,3,0,3
Kioom,3,0,3
Kioreshonel,3,0,3
Kiosha,0,3,3
Kioumaars,3,0,3
Kipa,0,3,3
Kipchirchir,3,0,3
Kipchumba,3,0,3
Kipkorir,3,0,3
Kipkurui,3,0,3
Kipmurgor,3,0,3
Kipper,3,0,3
Kippi,3,0,3
Kirá,0,3,3
Kira-Celea,0,3,3
Kira-Jane,0,3,3
Kira-lynn,0,3,3
Kira-Maj,0,3,3
Kira-Nerys,0,3,3
Kira-Noëlle,0,3,3
Kirabo,3,0,3
Kıraç,3,0,3
Kıraç-Akın,3,0,3
Kirachanty,0,3,3
Kirada,0,3,3
Kiradulinda,0,3,3
Kirae,0,3,3
Kirai,0,3,3
Kiraij,3,0,3
Király,3,0,3
Kiraly,3,0,3
Kiralynn,0,3,3
Kirâm,3,0,3
Kiramai,0,3,3
Kirán,3,0,3
Kíran,3,0,3
Kiran-Mala,0,3,3
Kiranchandra,0,3,3
Kirandevi,0,3,3
Kirandevikadevi,0,3,3
Kirandip,0,3,3
Kirangirire,3,0,3
Kiranie,0,3,3
Kirankoemarie,0,3,3
Kirankumarie,0,3,3
Kiranmala,0,3,3
Kiranmatie,0,3,3
Kiranmay,3,0,3
Kiranna,0,3,3
Kirannath,3,0,3
Kiranperkash,3,0,3
Kiranradj,3,0,3
Kiransauw,3,0,3
Kiransingh,3,0,3
Kirany,3,0,3
Kirath,3,0,3
Kiray,3,0,3
Kirayli,0,3,3
Kirayn,3,0,3
Kirayno,3,0,3
Kiraysha,0,3,3
Kirâze,0,3,3
Kirbij,0,3,3
Kirby-Angela,0,3,3
Kirchell,3,0,3
Kírdan,3,0,3
Kirdo,3,0,3
Kirdy,0,3,3
Kiré,3,0,3
Kirea,0,3,3
Kirellos,3,0,3
Kirelo,3,0,3
Kirelus,3,0,3
Kireña,0,3,3
Kirena,0,3,3
Kirendeep,0,3,3
Kirenha,0,3,3
Kirensa,0,3,3
Kireshsing,3,0,3
Kiresscha,0,3,3
Kirgian,3,0,3
Kirhan,3,0,3
Kirhone,3,0,3
Kiri-Bella,0,3,3
Kiri-Soleil,0,3,3
Kiriailis,0,3,3
Kiriakula,0,3,3
Kiriassa,0,3,3
Kiridneh,0,3,3
Kirié,0,3,3
Kirië,0,3,3
Kiriil,3,0,3
Kirija,0,3,3
Kirijana,0,3,3
Kiriko,0,3,3
Kirila,0,3,3
Kirillous,3,0,3
Kirillowitch,3,0,3
Kirilova,0,3,3
Kiringe,0,3,3
Kirisanth,3,0,3
Kirisch,3,0,3
Kiristina,0,3,3
Kirit,3,0,3
Kirith,0,3,3
Kiritika,0,3,3
Kiriyan,3,0,3
Kirjath,3,0,3
Kirjo,0,3,3
Kirkland,3,0,3
Kirkyra,0,3,3
Kirle,0,3,3
Kirlew,0,3,3
Kirley,0,3,3
Kirliam,0,3,3
Kirlian,0,3,3
Kirlianne,0,3,3
Kirlos,3,0,3
Kirly,0,3,3
Kirman,3,0,3
Kirmen,0,3,3
Kirmie,0,3,3
Kirnadi,3,0,3
Kirnady,3,0,3
Kirnjeet,0,3,3
Kirnwatie,0,3,3
Kirol,3,0,3
Kiroles,3,0,3
Kirollaysha,0,3,3
Kirolous,3,0,3
Kiromar,0,3,3
Kiromy,0,3,3
Kirona,0,3,3
Kirori,3,0,3
Kirov,3,0,3
Kirpa,0,3,3
Kirra,0,3,3
Kirredor,3,0,3
Kirrén,3,0,3
Kirron,3,0,3
Kirschlaine,0,3,3
Kirsen,0,3,3
Kirsey,0,3,3
Kirshano,3,0,3
Kirshanth,3,0,3
Kirshela,0,3,3
Kirshi,0,3,3
Kirsia,0,3,3
Kirsja,0,3,3
Kirsjon,3,0,3
Kirsley,0,3,3
Kirstain,0,3,3
Kirsteen,0,3,3
Kirstel,0,3,3
Kirsten-bo,0,3,3
Kirsten-Henny,0,3,3
Kirsten-Joy,0,3,3
Kirsten-Judith,0,3,3
Kirsten-Julie,0,3,3
Kirsten-Loïs,0,3,3
Kirsten-May,0,3,3
Kirsten-Senna,0,3,3
Kirsten-Stefanie,0,3,3
Kirstian,3,0,3
Kirstiana,0,3,3
Kirstien,0,3,3
Kirstin-Lara,0,3,3
Kirstin-Shelley,0,3,3
Kirstly,0,3,3
Kirstovan,3,0,3
Kirstyn,0,3,3
Kirt,3,0,3
Kirtankumar,3,0,3
Kirtanya,0,3,3
Kirtap,3,0,3
Kirtenkumarsingh,3,0,3
Kirthana,0,3,3
Kirthee,0,3,3
Kirthekaa,0,3,3
Kirththi,0,3,3
Kirtida,0,3,3
Kirtiedevi,0,3,3
Kirtiedevie,0,3,3
Kirtiekoemarie,0,3,3
Kirtiekumar,3,0,3
Kirtiga,0,3,3
Kirtiha,0,3,3
Kirtij,0,3,3
Kirtika,0,3,3
Kirtikiran,0,3,3
Kirtikoemar,3,0,3
Kirtikumar,3,0,3
Kirtin,3,0,3
Kirua,0,3,3
Kirumira,3,0,3
Kirusanthy,0,3,3
Kirushan,3,0,3
Kirushanth,3,0,3
Kirushanthan,3,0,3
Kirushnai,0,3,3
Kirut,0,3,3
Kiruthigan,3,0,3
Kiruthika,0,3,3
Kiruuta,3,0,3
Kiruyan,3,0,3
Kirwa,3,0,3
Kirwin,3,0,3
Kiryano,3,0,3
Kiryat,0,3,3
Kirylavna,0,3,3
Kiryno,3,0,3
Kiryson,3,0,3
Kirze,0,3,3
Kirzha,0,3,3
Kisaija,0,3,3
Kisainy,0,3,3
Kisaiya,0,3,3
Kisaka,0,3,3
Kisako,0,3,3
Kisan,3,0,3
Kisankoemar,3,0,3
Kisanna,0,3,3
Kisansing,3,0,3
Kisaro,3,0,3
Kisaya,0,3,3
Kisayra,0,3,3
Kischa,0,3,3
Kischaira,0,3,3
Kischen,3,0,3
Kischira,0,3,3
Kischja,0,3,3
Kischjana,0,3,3
Kisea,0,3,3
Kisei,0,3,3
Kisen,3,0,3
Kiserian,3,0,3
Kisglenn,3,0,3
Kish,3,0,3
Kish-Kalwa,3,0,3
Kishaidra,0,3,3
Kishaidy,0,3,3
Kishainelly,0,3,3
Kishairo,3,0,3
Kishan-Dewa,3,0,3
Kishan-Kumar,3,0,3
Kishan-Shivwham,3,0,3
Kishan-Singh,3,0,3
Kishanda,0,3,3
Kishandeep,3,0,3
Kishandley,3,0,3
Kishandy,0,3,3
Kishankumarsingh,3,0,3
Kishanperkash,3,0,3
Kishansing,3,0,3
Kishantelly,0,3,3
Kishanti,0,3,3
Kishantly,0,3,3
Kishany,0,3,3
Kishanya,0,3,3
Kishar,3,0,3
Kişhara,0,3,3
Kishaundra,0,3,3
Kishauwnda,0,3,3
Kishawni,3,0,3
Kishayli,0,3,3
Kishaylin,0,3,3
Kishayne,3,0,3
Kishayro,3,0,3
Kishédyen,3,0,3
Kisheeley,0,3,3
Kisheiba,0,3,3
Kisheira,0,3,3
kishelny,0,3,3
Kishendro,3,0,3
Kishensing,3,0,3
Kishentley,3,0,3
Kishia,0,3,3
Kishinity,0,3,3
Kishiro,3,0,3
Kishita,0,3,3
Kishiya,0,3,3
Kishja,0,3,3
Kishjuenkoemar,3,0,3
Kishmara,0,3,3
Kishn,3,0,3
Kishneet,0,3,3
Kishomika,0,3,3
Kishon,3,0,3
Kishona,0,3,3
Kishoorkoemar,3,0,3
Kishor-Kumar,3,0,3
Kishorachala,3,0,3
Kishorekoemar,3,0,3
Kishorilal,3,0,3
Kishorkumar,3,0,3
Kishu,3,0,3
Kishun,3,0,3
Kishunpersad,3,0,3
Kishwanda,0,3,3
Kishwer,0,3,3
Kishyana,0,3,3
Kishyna,0,3,3
Kisina,0,3,3
Kisito,3,0,3
Kisj,0,3,3
Kisjonah,0,3,3
Kisla,0,3,3
Kislain,3,0,3
Kislawatie,0,3,3
Kisley,3,0,3
Kismalayn,0,3,3
Kısmet,0,3,3
Kisoendath,3,0,3
Kisoendei,0,3,3
Kisoenlal,3,0,3
Kisoka,3,0,3
Kisoordat,3,0,3
Kisoorkoemar,3,0,3
Kisopan,3,0,3
Kiśora,3,0,3
Kisrien,0,3,3
Kiss,0,3,3
Kissada,3,0,3
Kissairis,0,3,3
Kissairy,0,3,3
Kissalu,3,0,3
Kissan,3,0,3
Kissanet,0,3,3
Kisser,3,0,3
Kisserie,0,3,3
Kisshendro,3,0,3
Kissiman,3,0,3
Kissimmee,0,3,3
Kissiwaah,0,3,3
Kissney,3,0,3
Kisso,3,0,3
Kissowen,3,0,3
Kistie,0,3,3
Kisu,0,3,3
Kisuf,0,3,3
Kisukidi,0,3,3
Kisule,3,0,3
Kisunkoemar,3,0,3
Kiswana,0,3,3
Kiswarie,0,3,3
Kisworo,3,0,3
Kisyairo,3,0,3
Kisyana,0,3,3
Kisz,0,3,3
Kit-Ark,0,3,3
Kit-Chong,0,3,3
Kit-Lam,0,3,3
Kit-Lin,3,0,3
Kit-San,0,3,3
Kit-Wah,3,0,3
Kit-Yan,0,3,3
Kit-Ying,0,3,3
Kitabu,3,0,3
Kitai-Amari,3,0,3
Kitaira,0,3,3
Kitana-Maria,0,3,3
Kitanea,3,0,3
Kitania,0,3,3
Kitanna,0,3,3
Kitaro,3,0,3
Kiteascha,0,3,3
Kitemmaly,0,3,3
Kitenda,0,3,3
Kitfai,3,0,3
Kitha,0,3,3
Kithanda,0,3,3
Kithany,0,3,3
Kithapat,0,3,3
Kithara,0,3,3
Kithiyon,3,0,3
Kitho,3,0,3
Kithom,3,0,3
Kithsiri,3,0,3
Kitiara,0,3,3
Kitika,0,3,3
Kitili,3,0,3
Kitinan,3,0,3
Kitisia,0,3,3
Kitling,0,3,3
Kitlun,3,0,3
Kitlyn,0,3,3
Kitoerah,0,3,3
Kiton,3,0,3
Kitsada,3,0,3
Kitseda,3,0,3
Kitsia,0,3,3
Kitsija,0,3,3
Kitson,3,0,3
Kittamaeth,3,0,3
Kittana,0,3,3
Kittannie,0,3,3
Kittaroo,3,0,3
Kittaya,0,3,3
Kitte,0,3,3
Kitten,0,3,3
Kittinan,3,0,3
Kittirina,0,3,3
Kittiyakon,0,3,3
Kitty-Madison,0,3,3
Kitty-Marie,0,3,3
Kitty-Marion,0,3,3
Kitty-Rose,0,3,3
Kittyszoon,3,0,3
Kituka,3,0,3
Kitwai,3,0,3
Kitwing,3,0,3
Kityanna,0,3,3
Kityara,0,3,3
Kityee,3,0,3
Kiu-Joe,3,0,3
Kiu-Joeng,3,0,3
Kiu-neh,3,0,3
Kiu-Tso,3,0,3
Kiuchun,3,0,3
Kiufung,3,0,3
Kiumars,3,0,3
Kiumers,3,0,3
Kiun,0,3,3
Kiung,3,0,3
Kiuntah,3,0,3
Kivah,0,3,3
Kivainely,0,3,3
Kivaio,3,0,3
Kivaka,3,0,3
Kivan,3,0,3
Kıvanc,3,0,3
Kivanc-Eren,3,0,3
Kivangeh,3,0,3
Kivani,0,3,3
Kivânja,0,3,3
Kivany,3,0,3
Kivar,3,0,3
Kiveka,0,3,3
Kiverna,0,3,3
Kivianni,0,3,3
Kiviano,3,0,3
Kiviaty,0,3,3
Kıvılcım,3,0,3
Kivinia,0,3,3
Kivita,0,3,3
Kivo,3,0,3
Kívo,3,0,3
Kivok,0,3,3
Kivu,3,0,3
Kivuila,0,3,3
Kivyan,0,3,3
Kiwalabye,3,0,3
Kiwanna,3,0,3
Kiweena,0,3,3
Kiwi,3,0,3
Kiwin,3,0,3
Kiyaen,3,0,3
Kiyafet,0,3,3
Kiyai,3,0,3
Kiyaja,0,3,3
Kıyam,3,0,3
Kiyambu,0,3,3
Kiyan-Dev,3,0,3
Kiyanah,0,3,3
Kiyandro,3,0,3
Kiyanngelo,3,0,3
Kïyano,3,0,3
Kiyáno,3,0,3
Kiyarash,3,0,3
Kiyari,0,3,3
Kiyash,3,0,3
Kiyasi,3,0,3
Kiyé,3,0,3
Kiye'Lany,0,3,3
Kiyefet,0,3,3
Kiyeiwaal,0,3,3
Kiyenci,3,0,3
Kiyendra,0,3,3
Kiyènn,0,3,3
Kiyenna,0,3,3
Kiyerra,0,3,3
Kiyimba,3,0,3
Kiyjano,3,0,3
Kiyla,0,3,3
Kiylaino,3,0,3
Kiyoe,0,3,3
Kiyomay,0,3,3
Kiyomi-Jaehn,0,3,3
Kiyomi-Méia,0,3,3
Kiyomid,0,3,3
Kiyommi,0,3,3
Kiyon,3,0,3
Kiyonah,0,3,3
Kiyone,3,0,3
Kiyono,0,3,3
Kiyoo,3,0,3
Kiyoyoshi,3,0,3
Kiyra,0,3,3
Kiyran,3,0,3
Kiyro,3,0,3
Kiysin,3,0,3
Kiyumi,0,3,3
Kiyuri,3,0,3
Kiyush,3,0,3
Kiz,0,3,3
Kizakana,0,3,3
Kizario,3,0,3
Kizhe,0,3,3
Kizhé,0,3,3
Kizia,0,3,3
Kızıl,0,3,3
Kizilay,0,3,3
Kizita,0,3,3
Kizo,3,0,3
Kizodisa,0,3,3
Kizzarsy,0,3,3
Kizzi,0,3,3
Kizzie,0,3,3
Kjaï,3,0,3
Kjalle,3,0,3
Kjaran,3,0,3
Kjay,3,0,3
Kjelcey,0,3,3
Kjelda,0,3,3
Kjeldo,3,0,3
Kjeldon,3,0,3
Kjeldt,3,0,3
Kjell-Erik,3,0,3
Kjell-Olivier,3,0,3
Kjell-Olof,3,0,3
Kjellai,0,3,3
Kjelle-Lars,3,0,3
Kjelry,3,0,3
Kjelsey,0,3,3
Kjelsi,0,3,3
Kjelsie,0,3,3
Kjelton,3,0,3
Kjeltt,3,0,3
Kjelty,0,3,3
Kjelvar,3,0,3
Kjelwyn,3,0,3
Kjenno,3,0,3
Kjentha,0,3,3
Kjenti,3,0,3
Kjer,3,0,3
Kjèrina,0,3,3
Kjerke,3,0,3
Kjerra,0,3,3
Kjerryt,3,0,3
Kjersten,0,3,3
Kjersty,0,3,3
Kjertan,3,0,3
Kjertil,3,0,3
Kjess,3,0,3
Kjet,3,0,3
Kjetyll,3,0,3
Kjield,3,0,3
Kjilla,0,3,3
Kjilly,0,3,3
KJJ,0,3,3
Kjöld,3,0,3
Kjore,3,0,3
KJV,3,0,3
KKendra,0,3,3
Kkira,0,3,3
KKPM,0,3,3
Klaara,0,3,3
Klaarien,0,3,3
Klaartje-Willemijn,0,3,3
Klaas-Abel,3,0,3
Klaas-Auke,3,0,3
Klaas-Boudewijn,3,0,3
Klaas-Christiaan,3,0,3
Klaas-Daniël,3,0,3
Klaas-Erik,3,0,3
Klaas-Geale,3,0,3
Klaas-Gerrit,3,0,3
Klaas-Hein,3,0,3
Klaas-Heine,3,0,3
Klaas-Hilbrandt,3,0,3
Klaas-Ina,0,3,3
Klaas-Jacob,3,0,3
Klaas-Jent,3,0,3
Klaas-Job,3,0,3
Klaas-Jochem,3,0,3
Klaas-Joep,3,0,3
Klaas-John,3,0,3
Klaas-Joris,3,0,3
Klaas-Jorrit,3,0,3
Klaas-Jurjen,3,0,3
Klaas-Lennart,3,0,3
Klaas-Machiel,3,0,3
Klaas-Marcel,3,0,3
Klaas-martin,3,0,3
Klaas-Maximilian,3,0,3
Klaas-Paul,3,0,3
Klaas-Richard,3,0,3
Klaas-Rutger,3,0,3
Klaas-Sander,3,0,3
Klaas-Sicco,3,0,3
Klaas-Siem,3,0,3
Klaas-Sierd,3,0,3
Klaas-Simon,3,0,3
Klaas-Teake,3,0,3
Klaas-Theo,3,0,3
Klaas-Tjeerd,3,0,3
Klaas-Tom,3,0,3
Klaas-Vincent,3,0,3
Klaas-Walter,3,0,3
Klaas-Wilhelm,3,0,3
Klaas-Wouter,3,0,3
Klaas-Wytze,3,0,3
Klaasa,0,3,3
Klaasbert,3,0,3
Klaasdochter,0,3,3
Klaasesz,3,0,3
Klaasfiena,0,3,3
Klaasfina,0,3,3
Klaashien,0,3,3
Klaasi,0,3,3
Klaasiene,0,3,3
Klaasientje,0,3,3
Klaasinia,0,3,3
Klaasjakob,3,0,3
Klaasje-Jacobà,0,3,3
Klaasje-Tine,0,3,3
Klaasjohan,3,0,3
Klaaske-Anna,0,3,3
Klaaspeter,3,0,3
Klaasse,3,0,3
Klaassienes,3,0,3
Klaasssin,0,3,3
Klaastinus,3,0,3
Klaaswillem,3,0,3
Klaasyna,0,3,3
Klaaszen,3,0,3
Klaatje,0,3,3
Klaaziene,0,3,3
Klaber,3,0,3
Klacien,0,3,3
Kladessika,0,3,3
Kladija,0,3,3
Kladus,3,0,3
Klae,0,3,3
Klaerke,0,3,3
Klaes-Jan,3,0,3
Klaes-Maarten,3,0,3
Klagera,0,3,3
Klaimy,0,3,3
Klajdi,3,0,3
Klamali,3,0,3
Klananda,0,3,3
Klannas,3,0,3
Klará,0,3,3
Klaraine,0,3,3
Klaran,0,3,3
Klaranna,0,3,3
Kläre,0,3,3
Klareijn,0,3,3
Klarein,0,3,3
Klarence,3,0,3
Klarense,0,3,3
Klarenso,3,0,3
Klarenze,0,3,3
Klarenzo,3,0,3
Klarette,0,3,3
Klári,0,3,3
Klaria,0,3,3
Klarianke,0,3,3
Klarid,0,3,3
Klaridad,0,3,3
Klarieanke,0,3,3
Klariena,0,3,3
Klaries,0,3,3
Klariesje,0,3,3
Klariet,0,3,3
Klariëtte,0,3,3
Klarij,0,3,3
Klarijntje,0,3,3
Klarinette,0,3,3
Klarinne,0,3,3
Klarista,0,3,3
Klarize,0,3,3
Klarke,0,3,3
Klarona,0,3,3
Klasaukje,0,3,3
Klasche,0,3,3
Klaschke,0,3,3
Klasco,3,0,3
Klasie,0,3,3
Klasietha,0,3,3
Klasijna,0,3,3
Klasina-Maria,0,3,3
Klasja,0,3,3
Klaska,0,3,3
Klâske,0,3,3
Klaske-Marleen,0,3,3
Klasminda,0,3,3
Klassiena,0,3,3
Klassienna,0,3,3
Klassientje,0,3,3
Klaster,3,0,3
Klasyntje,0,3,3
Klaszien,0,3,3
Klaszina,0,3,3
Klaudai,0,3,3
Klaudeta,0,3,3
Klâudia,0,3,3
Klaudija,0,3,3
Klaudina,0,3,3
Klaudinka,0,3,3
Klaus-Dieter,3,0,3
Klaus-Patrick,3,0,3
Klauwdia,0,3,3
Klauwertzina,0,3,3
Klaverjan,3,0,3
Klavier,0,3,3
Klavina,0,3,3
Klavira,0,3,3
Klawdija,0,3,3
Klay,3,0,3
Klaysey,0,3,3
Klaysis,0,3,3
Klayven,3,0,3
Klazez,3,0,3
Klazienna,0,3,3
Klaziënne,0,3,3
Klaziennus,3,0,3
Klazimke,0,3,3
Klazino,3,0,3
Kleanthis,3,0,3
Klearens,3,0,3
Kleber,3,0,3
Klebert,3,0,3
Klébert,0,3,3
Kledi,3,0,3
Kleem,3,0,3
Kleentje,0,3,3
Kleid,3,0,3
Kleides,3,0,3
Kleifran,3,0,3
Kleijsina,0,3,3
Kleijsje,0,3,3
Kleio,3,0,3
Kleïs,0,3,3
Kleiszes,3,0,3
Kleiton,3,0,3
Kleiwerd,3,0,3
Klemat,0,3,3
Klemelina,0,3,3
Klemensas,3,0,3
Klementia,0,3,3
Klementijne,3,0,3
Klementin,3,0,3
Klementinus,3,0,3
Klemers,3,0,3
Klémina,0,3,3
Klemmentsen,0,3,3
Klemmertina,0,3,3
Klenam,0,3,3
Klendie,0,3,3
Klenn,3,0,3
Klenneth,3,0,3
Klenny,3,0,3
Klenrich,3,0,3
Klenroy,3,0,3
Kleobis,3,0,3
Kleomenes,3,0,3
Kleopas,3,0,3
Kleophas,3,0,3
Kleora,0,3,3
Klerance,3,0,3
Klerent,3,0,3
Kleris,3,0,3
Klerona,0,3,3
Klervi,0,3,3
Klervie,3,0,3
Klesio,3,0,3
Kleudin,3,0,3
Klevis,3,0,3
Klewelia,0,3,3
Kleys,3,0,3
Kleyton,3,0,3
Kleze,3,0,3
Klham,0,3,3
Klhoé,0,3,3
Klian,3,0,3
Klianie,0,3,3
Klicia,0,3,3
Klien,3,0,3
Klienem,0,3,3
Klif,3,0,3
Klifferd,3,0,3
Kliften,3,0,3
Klijon,3,0,3
Klijs-Jan,3,0,3
Klijziena,0,3,3
Klimba,3,0,3
Klime,3,0,3
Klimeen,0,3,3
Klimenti,3,0,3
Klimentina,0,3,3
Klimin,3,0,3
Klimis,3,0,3
Klimmetina,0,3,3
Klimô,3,0,3
Klin,3,0,3
Klincker,3,0,3
Klinem,0,3,3
Klink,3,0,3
Klinte,0,3,3
Klinx,3,0,3
Kliscina,0,3,3
Klivio,3,0,3
Kliyanto,3,0,3
KLM,0,3,3
Klo,3,0,3
Klodia,0,3,3
Kloë,0,3,3
Klöne,3,0,3
Klorimene,0,3,3
Klothilde,0,3,3
Klotilda,0,3,3
Kloude,3,0,3
Klous,3,0,3
Klouwert,3,0,3
Klouwertsina,0,3,3
Kltom,0,3,3
Klu,3,0,3
Klûay,0,3,3
Kluuk,3,0,3
Kluun,3,0,3
Klyeim,0,3,3
Klyvia,0,3,3
KML,3,0,3
Knan,3,0,3
Knarik,0,3,3
Knarike,0,3,3
Kneel,3,0,3
Kneesha,0,3,3
Kneis,3,0,3
Knelisjen,0,3,3
Knelsientje,0,3,3
Knelsinus,3,0,3
Knera,0,3,3
Knierrina,0,3,3
Knighpley,0,3,3
Knight,3,0,3
Knip,3,0,3
Knishka,3,0,3
Knoed,3,0,3
Knoes,3,0,3
Knoester,3,0,3
Knofje,0,3,3
Knol,3,0,3
Knoll,3,0,3
Knollarts,3,0,3
Knollin,3,0,3
Knowell,0,3,3
Knowely,0,3,3
Knowle,3,0,3
Knowledge,3,0,3
Knoxville,3,0,3
Knûd,3,0,3
Knuderik,3,0,3
Ko-Lin,3,0,3
Ko-ning,0,3,3
Koa-Sing,3,0,3
Koala,0,3,3
Koami,3,0,3
Koane,0,3,3
Koatar,0,3,3
Koazifiah,0,3,3
Kobalt,3,0,3
Kobé,3,0,3
Kobeck,3,0,3
Kobeke,0,3,3
Kobélé,3,0,3
Kobele,0,3,3
Kobelien,0,3,3
Koben,3,0,3
Kobena,3,0,3
Kobert,3,0,3
Köbi,3,0,3
Kobia,0,3,3
Kobias,3,0,3
Kobieke,0,3,3
Kobin,3,0,3
Kobine,0,3,3
Kobo,3,0,3
Kobramy,0,3,3
Kobrin,3,0,3
Koc,3,0,3
Kočak,3,0,3
Kócak,3,0,3
Koçak,0,3,3
Koçer,0,3,3
Koçero,3,0,3
Koçgiri,3,0,3
Kochakhorn,0,3,3
Kochanie,0,3,3
Kochanipaa,0,3,3
Kocharjan,0,3,3
Kocher,3,0,3
Kochere,0,3,3
Kockie,0,3,3
Kocky,0,3,3
Kockyn,3,0,3
Kodai,3,0,3
Kodan,3,0,3
Kodchanipha,0,3,3
Kodde,3,0,3
Kode-Chebe,3,0,3
Kodey,3,0,3
Kodian,3,0,3
Kodijn,3,0,3
Kodin,3,0,3
Kodinus,3,0,3
Kodischa,0,3,3
Kodjiro,3,0,3
Kodom,3,0,3
Kodua,3,0,3
Kodwo,3,0,3
Kodyar,3,0,3
Koeang,0,3,3
Koeba,3,0,3
Koebeer,3,0,3
Koedensa,0,3,3
Koedsia,0,3,3
Koei,0,3,3
Koei-Fa,3,0,3
Koei-Phien,3,0,3
Koeifoeng,3,0,3
Koejoekoerimje,0,3,3
Koekie,3,0,3
Koekoejoe,0,3,3
Koelie,0,3,3
Koella,3,0,3
Koelradjie,0,3,3
Koelsum,0,3,3
Koelzoem,0,3,3
Koem,0,3,3
Koema,3,0,3
Koemaari,0,3,3
Koemar-Wishal,3,0,3
Koemariw,0,3,3
Koemarsingh,3,0,3
Koen-André,3,0,3
Koen-Evert,3,0,3
Koen-Hay,3,0,3
Koen-Hedrik,3,0,3
Koen-Jan,3,0,3
Koen-Maarten,3,0,3
Koen-Meng,3,0,3
Koen-Ming,0,3,3
Koen-Pòng,3,0,3
Koen-Robertos,3,0,3
Koen-Sing,3,0,3
Koen-Vir,3,0,3
Koen-Wah,3,0,3
Koen-Wietse,3,0,3
Koen-Willem,3,0,3
Koen-Yan,3,0,3
Koendanlall,0,3,3
Koender,3,0,3
Koenderd,3,0,3
Koendiena,0,3,3
Koendientje,0,3,3
Koendinus,3,0,3
Koene-Dirk,3,0,3
Koenes,0,3,3
Koengrades,3,0,3
Koenja,0,3,3
Koenjan,3,0,3
Koenraadiene,0,3,3
Koenraads,3,0,3
Koenrades,3,0,3
Koenradiena,0,3,3
Koenradius,3,0,3
Koenriena,0,3,3
Koenssøn,3,0,3
Koentie,0,3,3
Koentjebiharie,3,0,3
Koentoem,0,3,3
Koenye,0,3,3
Koerdelina,0,3,3
Koerdien,0,3,3
Koerdstan,0,3,3
Koerish,3,0,3
Koerisha,0,3,3
Koermal,3,0,3
Koerniawan,3,0,3
Koerniawanti,0,3,3
Koerosh,3,0,3
Koersinie,0,3,3
Koert-Egon,3,0,3
Koert-Karel,3,0,3
Koertane,3,0,3
Koertdinus,3,0,3
Koertiene,0,3,3
Koertine,0,3,3
Koertjan,3,0,3
Koerts,3,0,3
Koerttina,0,3,3
Koertyann,3,0,3
Koesabla,3,0,3
Koeschan,3,0,3
Koesh,3,0,3
Koeshenick,3,0,3
Koeshie,0,3,3
Koesminem,0,3,3
Koesminie,0,3,3
Koesnah,0,3,3
Koesni,0,3,3
Koesoemah,3,0,3
Koesoemaningtoeti,0,3,3
Koestinah,0,3,3
Koeswanto,3,0,3
Koeswara,0,3,3
Koeswardhana,3,0,3
Koeswhojo,3,0,3
Koetji,0,3,3
Koetsier,3,0,3
Koetsina,0,3,3
Koewar,3,0,3
Koewarsingh,3,0,3
Koey,3,0,3
Kof,3,0,3
Kofikuma,3,0,3
Kofina,0,3,3
Kofua,0,3,3
Koger,3,0,3
Kogul,3,0,3
Kôh,3,0,3
Koh-i-Noor,0,3,3
Koh-i-noor,0,3,3
Koharik,0,3,3
Kohei,3,0,3
Kohi,0,3,3
Kohinde,0,3,3
Kohllé,3,0,3
Kohmal,0,3,3
Kohuroepoen,3,0,3
Kohyar,3,0,3
Koidajo,0,3,3
Koido,0,3,3
Koina,0,3,3
Koios,3,0,3
Koj,3,0,3
Koja,3,0,3
Kojack,3,0,3
Kojadt,3,0,3
Kojah,0,3,3
Kojel,0,3,3
Kok-Heen,3,0,3
Kok-Ho,3,0,3
Kok-Kee,3,0,3
Kok-Wah,3,0,3
Kokab,3,0,3
Kokan,3,0,3
Kokbing,3,0,3
Koke,3,0,3
Kokebe,0,3,3
Kokfung,3,0,3
Kokh-Khung,3,0,3
Kokh-Wah,3,0,3
Kokhan,3,0,3
Kokho,3,0,3
Kokhun,3,0,3
Koki,3,0,3
Kokilau,0,3,3
Kokkie-Klaus,3,0,3
Kokkoh,0,3,3
Kokob,0,3,3
Kokoe,0,3,3
Kokoé,0,3,3
Kokoete,3,0,3
Kokose,0,3,3
Kokotchin,0,3,3
Kokoy,3,0,3
Kokoye,3,0,3
Kokpang,3,0,3
Köksan,3,0,3
Kokui,0,3,3
Kokwa,3,0,3
Kokwui,0,3,3
Koladé,3,0,3
Kolade,0,3,3
Kolaja,0,3,3
Kolanna,0,3,3
Kolbeinn,3,0,3
Kolderwina,0,3,3
Koldo,3,0,3
Koldobieke,3,0,3
Kole,3,0,3
Kolère,0,3,3
Kolesh,3,0,3
Kolesha,3,0,3
Koleta,0,3,3
Koletta,0,3,3
Kolié,3,0,3
Kolien,0,3,3
Kolifas,3,0,3
Koline,0,3,3
Kolisha,0,3,3
Kolivier,3,0,3
Kolle,3,0,3
Kollewijn,3,0,3
Kolliano,3,0,3
Kollie,3,0,3
Kollinde,0,3,3
Kollyn,3,0,3
Kolma,0,3,3
Kolman,3,0,3
Kolo,3,0,3
Koloe,0,3,3
Kolokoe-Jiji,3,0,3
Kolokoe-Liebie,0,3,3
Koloku,3,0,3
Kolonga,3,0,3
Kolongo,0,3,3
Koloub,0,3,3
Költekin,3,0,3
Kolten,3,0,3
Kolu,0,3,3
Kolvin,3,0,3
Kolynde,0,3,3
Komalkoemar,3,0,3
Komalpreet,0,3,3
Komalwati,0,3,3
Komas,3,0,3
Komba,0,3,3
Kombez,3,0,3
Kombong,3,0,3
Komdee,3,0,3
Kómel,3,0,3
Kômel,0,3,3
Komeldebi,0,3,3
Komelo,0,3,3
Komil,0,3,3
Koming,3,0,3
Komink,3,0,3
Komissa,0,3,3
Komla-Djabakou,3,0,3
Komlanvi,3,0,3
Komlavi,3,0,3
Komle,0,3,3
Kommare,3,0,3
Kommarina,0,3,3
Kommegonda,0,3,3
Kommer-Jan,3,0,3
Kommerdina,0,3,3
Kommert,3,0,3
Kommy,0,3,3
Komosha,0,3,3
Kompheak,3,0,3
Komria,0,3,3
Komriena,0,3,3
Kömüş,3,0,3
Kon-Jin,3,0,3
Kon-Liong,3,0,3
Konagyiwah,0,3,3
Konamah,0,3,3
Konando,3,0,3
Konapatty,3,0,3
Konate,0,3,3
Konaté,0,3,3
Konayi,3,0,3
Konc-Young,3,0,3
Kondigonda,0,3,3
Kondjeni,3,0,3
Konduah,3,0,3
Konduwige,0,3,3
Koné,0,3,3
Konêko,3,0,3
Koney,3,0,3
Kong-Foek,3,0,3
Kong-Jien,3,0,3
Kong-Rog-Huah,3,0,3
Kong-San,3,0,3
Kong-Shiau,3,0,3
Kong-Sien,3,0,3
Kong-Yen,0,3,3
Kongi,3,0,3
Kongolo,0,3,3
Kongpob,3,0,3
Kongyun,3,0,3
Koni,0,3,3
Koniba,0,3,3
Konika,0,3,3
Koniqe,0,3,3
Konira,0,3,3
Konita,0,3,3
Koniwin,3,0,3
Konja,0,3,3
Konlawat,3,0,3
Konminos,3,0,3
Konne,3,0,3
Konneh,0,3,3
Konner,3,0,3
Konnon,3,0,3
Konnor,3,0,3
Konny,0,3,3
Konoe,3,0,3
Konorad,3,0,3
Konraadina,0,3,3
Konrada,0,3,3
Konrades,3,0,3
Konradt,3,0,3
Konrard,3,0,3
Konstan,3,0,3
Konstanca,0,3,3
Konstancija,0,3,3
Konstandina,0,3,3
Konstandino,3,0,3
Konstansa,0,3,3
Konstanse,0,3,3
Konstansia,0,3,3
Konstansz,3,0,3
Konstantinoff,3,0,3
Konstantinova,0,3,3
Konstantinovitch,3,0,3
Konstantinovitsj,3,0,3
Konstantius,3,0,3
Konstantyn,3,0,3
Konstanza,0,3,3
Kontar,3,0,3
Konté,0,3,3
Konteh,3,0,3
Kontessa,0,3,3
Kontey,3,0,3
Kontiki,0,3,3
Kontire,0,3,3
Konur,3,0,3
Konuyawa,3,0,3
Kooba,0,3,3
Koobanaf,0,3,3
Koobs,3,0,3
Koogje,0,3,3
Kooichiroo,3,0,3
Kook,3,0,3
Kookay,3,0,3
Koom,0,3,3
Koomal,0,3,3
Koon-ging,3,0,3
Koonath,3,0,3
Kooni,0,3,3
Koop-Pieter,3,0,3
Koop-Willem,3,0,3
Koopalbert,3,0,3
Kooppien,0,3,3
Kooreman,0,3,3
Koort,3,0,3
Koos-Anne,3,0,3
Koos-Jaap,3,0,3
Koos-krijn,3,0,3
Koosar,0,3,3
Kooshan,3,0,3
Kooshmaanda,0,3,3
Koosjan,3,0,3
Koosje-Puck,0,3,3
Kooske,0,3,3
Koote,3,0,3
Kopér,3,0,3
Kopisé,3,0,3
Kopper,3,0,3
Kor-Jan,3,0,3
Koraal,0,3,3
Korah,0,3,3
Korahblawat,3,0,3
Koraisah,0,3,3
Koraïsin,0,3,3
Korala,0,3,3
Koralda,0,3,3
Koralia,0,3,3
Koralien,0,3,3
Koraline,0,3,3
Korall,0,3,3
Koralype,0,3,3
Koramoah,3,0,3
Korana,0,3,3
Koranchie,3,0,3
Koranda,0,3,3
Korani,3,0,3
Korankyewaah,0,3,3
Korarie,3,0,3
Koravit,3,0,3
Korawut,3,0,3
Korayma,0,3,3
Koraysha,0,3,3
Koraz,0,3,3
Korbib,3,0,3
Korbijn,3,0,3
Korbinian,3,0,3
Korcan,3,0,3
Kord,3,0,3
Kordian,3,0,3
Kordine,0,3,3
Kordum,3,0,3
Koré,0,3,3
Korella,0,3,3
Korenna,0,3,3
Korensa,0,3,3
Korentin,3,0,3
Korenzia,0,3,3
Koresh,3,0,3
Koresy,3,0,3
Koretta,0,3,3
Koreza,0,3,3
Korgan,3,0,3
Korhan-Tansu,3,0,3
Koriander,0,3,3
Korie,0,3,3
Koriena,0,3,3
Korienne,0,3,3
Korik,3,0,3
Korinthe,0,3,3
Korisande,0,3,3
Korja,0,3,3
Korjanne,0,3,3
Korkis,0,3,3
Korkoi,0,3,3
Korla,0,3,3
Korlan,3,0,3
Korlée,0,3,3
Korlee,3,0,3
Korleki,0,3,3
Korlijn,0,3,3
Korlijne,0,3,3
Korlinda,0,3,3
Kormanut,3,0,3
Korn,3,0,3
Kornald,3,0,3
Kornaleijne,0,3,3
Kornei,3,0,3
Korneille,3,0,3
Kornela,0,3,3
Kornelcie,0,3,3
Korneleah,0,3,3
Kornelian,3,0,3
Kornelice,0,3,3
Kornélie,0,3,3
Kornèlie,0,3,3
Korneliek,0,3,3
Korneliesje,0,3,3
Kornelija,0,3,3
Kornelije,3,0,3
Kornelijne,0,3,3
Kornelina,0,3,3
Kornelio,3,0,3
Kornelios,3,0,3
Kornelissa,0,3,3
Kornelissien,0,3,3
Korneliusz,3,0,3
Kornelizina,0,3,3
Kornelka,0,3,3
Kornella,0,3,3
Kornelleke,0,3,3
Kornelsie,0,3,3
Korneluske,0,3,3
Kornély,0,3,3
Kornely,0,3,3
Kornen,3,0,3
Korni,0,3,3
Kornijn,3,0,3
Kornil,3,0,3
Kornilios,3,0,3
Korno,3,0,3
Korny,3,0,3
Koroah,3,0,3
Korobkin,3,0,3
Korolija,3,0,3
Korolos,3,0,3
Koromoto,0,3,3
Koronis,0,3,3
Korosh,3,0,3
Koroube,0,3,3
Koroush,3,0,3
Korra,0,3,3
Korráh,0,3,3
Korrakot,3,0,3
Korrein,3,0,3
Korrian,0,3,3
Korrianne,0,3,3
Korrid,3,0,3
Korrien,0,3,3
Korriene,0,3,3
Korrin,0,3,3
Korrinna,0,3,3
Korrinne,0,3,3
Korrya,3,0,3
Korsan,3,0,3
Korsianne,0,3,3
Korsin,0,3,3
Korsine,0,3,3
Korsinus,3,0,3
Korsman,3,0,3
Korstiaana,0,3,3
Korstiaanna,0,3,3
Korstianne,0,3,3
Korstiena,0,3,3
Kortei,3,0,3
Korteikor,0,3,3
Korthea,0,3,3
Korvien,0,3,3
Korvina,0,3,3
Korwin,3,0,3
Körxatkaan,3,0,3
Koryan,3,0,3
Korzina,0,3,3
Kosa,0,3,3
Kosai,0,3,3
Kosal,3,0,3
Kosala,3,0,3
Kosalba,0,3,3
Kosaldjie,3,0,3
Kosana,0,3,3
Kosanne,0,3,3
Kosano,3,0,3
Koşar,3,0,3
Kosarah,3,0,3
Kosarel,3,0,3
Kosasi,3,0,3
Kosca,0,3,3
Kosciuszko,3,0,3
Koseku,3,0,3
Kösem,3,0,3
Koseyem,3,0,3
Koshala,0,3,3
Koshanth,3,0,3
Koshen,3,0,3
Koshi,3,0,3
Koshilia,0,3,3
Koshima,0,3,3
Koshiwah,0,3,3
Koshun,3,0,3
Koshyar,3,0,3
Kosie,3,0,3
Kosien,0,3,3
Kosima,0,3,3
Kosin,0,3,3
Kosisochi,3,0,3
Kosjber,3,0,3
Koski,3,0,3
Kosmo-Levi,3,0,3
Kosmoes,3,0,3
Kosmol,3,0,3
Kosmus,3,0,3
Kosnah,0,3,3
Kossi,3,0,3
Kossou,3,0,3
Kossy,3,0,3
Kostadina,0,3,3
Kostadinćo,3,0,3
Kostadinka,0,3,3
Kostadinov,3,0,3
Kostakis,3,0,3
Kostandin,3,0,3
Kostandis,3,0,3
Kostansa,0,3,3
Kostantina,0,3,3
Kostavina,0,3,3
Kostbariade,0,3,3
Kostein,3,0,3
Kostenka,0,3,3
Kostian,3,0,3
Kostik,3,0,3
Kostis,3,0,3
Kostja,3,0,3
Kostya,3,0,3
Kostyuchenko,0,3,3
Kosuke,3,0,3
Kosur,0,3,3
Koszja,3,0,3
Kot,3,0,3
Kotai,3,0,3
Kotalia,3,0,3
Kotayaman,3,0,3
Kotcher,3,0,3
Kote,3,0,3
Kotéa,3,0,3
Kothe,3,0,3
Kotje,3,0,3
Kotji,3,0,3
Kotjin,3,0,3
Koto,3,0,3
Kotobuki,0,3,3
Kotohori,3,0,3
Kotone,0,3,3
Kotor,3,0,3
Kouam,3,0,3
Kouamou,0,3,3
Kouassi,3,0,3
Kouboura,0,3,3
Koubouratou,0,3,3
Koudjo,3,0,3
Koudo,3,0,3
Kouji,3,0,3
Koukab,0,3,3
Koukal,3,0,3
Koula,0,3,3
Kouloud,0,3,3
Koultoumy,0,3,3
Koumari,0,3,3
Koumbe,3,0,3
Koun,3,0,3
Koung,3,0,3
Koungoum,0,3,3
Kouni,0,3,3
Koura,3,0,3
Kourouh,3,0,3
Kouselia,0,3,3
Kousher,0,3,3
Kousik,3,0,3
Kousil,0,3,3
Kousilia,0,3,3
Kousir,0,3,3
Kousjar,3,0,3
Kouter,0,3,3
Kouyédorida-saah,0,3,3
Kovaan,3,0,3
Kovin,3,0,3
Kowai,3,0,3
Kowal,3,0,3
Kowalczyk,0,3,3
Kowhorho,3,0,3
Kowinda,3,0,3
Kowk-Long,3,0,3
Kown,3,0,3
Kowser,0,3,3
Kowshi,0,3,3
Kowsilia,0,3,3
Kowtar,0,3,3
Kowuyang,3,0,3
Koyam,3,0,3
Koyan,3,0,3
Koyande,3,0,3
Koyena,0,3,3
Koyla,3,0,3
Kozala,3,0,3
Kozemarije,0,3,3
Kozhan,3,0,3
Kozialo,3,0,3
Koziena,0,3,3
Kozjien,3,0,3
Kozmo,3,0,3
Kozue,0,3,3
Kpadé,3,0,3
Kpason,3,0,3
Kpcte,3,0,3
Kpoto,3,0,3
Kra,3,0,3
Kraaltje,0,3,3
Krabah,0,3,3
Krabat,3,0,3
Kracia,0,3,3
Kraesten,3,0,3
Krah,3,0,3
Kraiwin,3,0,3
Krajendrenath,3,0,3
Kram,3,0,3
Kramadi,3,0,3
Kramer,0,3,3
Kramshend,3,0,3
Kranika,0,3,3
Kranjietsingh,3,0,3
Kranston,3,0,3
Krar,3,0,3
Kras,3,0,3
Krashankoemar,3,0,3
Krasimirova,0,3,3
Krasnapolski,3,0,3
Krassja,0,3,3
Kratiena,0,3,3
Kratjella,0,3,3
Kratos,3,0,3
Krav,3,0,3
Kraven,3,0,3
Kraysorn,3,0,3
Kraza,0,3,3
Krea,0,3,3
Kreana,0,3,3
Kreeisha,0,3,3
Kreel,3,0,3
Kreeya,0,3,3
Krefatia,0,3,3
Krei,3,0,3
Kreina,0,3,3
Kreinie,0,3,3
Krelisje,0,3,3
Krémo,3,0,3
Krescentia,0,3,3
Kresentia,0,3,3
Kresha,0,3,3
Kreshma,0,3,3
Kreshnah,3,0,3
Kresimir,3,0,3
Kresla,0,3,3
Kress,3,0,3
Krestho,3,0,3
Krestian,3,0,3
Krestina,0,3,3
Krestine,0,3,3
Krestos,3,0,3
Kreszensia,0,3,3
Krethegan,3,0,3
Kretienne,0,3,3
Kretiënne,3,0,3
Kretin,3,0,3
Kréum,3,0,3
Kreychelle,0,3,3
Kreyte,3,0,3
Kreziel,0,3,3
Krezimir,3,0,3
Krezina,0,3,3
Krezo,3,0,3
Kria,3,0,3
Krianda,0,3,3
Kriassa,0,3,3
Kricha,0,3,3
Kricheliënne,0,3,3
Krichendew,3,0,3
Krichnakumarh,3,0,3
Kricor,3,0,3
Kridakaan,3,0,3
Kriechankoemar,3,0,3
Krieke,3,0,3
Kriel,0,3,3
Kriemhild,0,3,3
Krienes,3,0,3
Krieny,0,3,3
Kriesh,3,0,3
Krieshankoemar,3,0,3
Krieshanta,3,0,3
Krieshenkumar,3,0,3
Krieshnakumarsing,3,0,3
Krieshnawatie,0,3,3
Krieshne,3,0,3
Krieshnekumar,3,0,3
Kriesnadat,3,0,3
Kriesnakoemar,3,0,3
Kriesnanand,3,0,3
Kriesnaradha,0,3,3
Kriesnasing,3,0,3
Kriesnechandre,3,0,3
Kriesnekoemarie,0,3,3
Kriessen,0,3,3
Kriest,3,0,3
Kriesty,0,3,3
Krihsanah,0,3,3
Krije,3,0,3
Krijesio,3,0,3
Krijlie,0,3,3
Krijn-Joost,3,0,3
Krijn-Pieter,3,0,3
Krijnardo,3,0,3
Krijnardus,3,0,3
Krijnen,0,3,3
Krijnera,0,3,3
Krijnerus,3,0,3
Krijnia,0,3,3
Krijnietha,0,3,3
Krijnis,3,0,3
Krijnita,0,3,3
Krijnn,3,0,3
Krijnna,0,3,3
Krijns,3,0,3
Krijnwienus,3,0,3
Krijstle,0,3,3
Krik,3,0,3
Krilena,0,3,3
Krilious,3,0,3
Krinas,0,3,3
Krindie,0,3,3
Krinie,0,3,3
Krinio,0,3,3
Krinsly,0,3,3
Krinz,0,3,3
Kripa,3,0,3
Kris-Anne,0,3,3
Kris-Joëlle,0,3,3
Kris-Pepijn,3,0,3
Kris-Tine,0,3,3
Krisairis,0,3,3
Krisantain,3,0,3
Krisanth,3,0,3
Krisbjorn,3,0,3
Krischma,0,3,3
Krischnadatt,3,0,3
Krischne,3,0,3
Krisco,3,0,3
Krisdiane,0,3,3
Krisdijanto,3,0,3
Krisdinna,3,0,3
Krisenda,0,3,3
Krisetyane,0,3,3
Krishaan,3,0,3
Krishaiv,3,0,3
Krishama,0,3,3
Krishan-Aurelio,3,0,3
Krishan-Kanhaya,3,0,3
Krishandath,3,0,3
Krishankoemar,3,0,3
Krishanth,3,0,3
Krishavpersad,3,0,3
Krishaya,0,3,3
Krishel,3,0,3
Krishenpersad,3,0,3
Krishentely,0,3,3
Krishi,3,0,3
Krishian,3,0,3
Krishina,0,3,3
Krishiv,3,0,3
Krishjanvijay,3,0,3
Krishje,3,0,3
Krishna-Dasa,3,0,3
Krishna-Devi,0,3,3
Krishna-Dew,3,0,3
Krishna-Priya,0,3,3
Krishnachand,3,0,3
Krishnack,3,0,3
Krishnadad,3,0,3
Krishnadett,3,0,3
Krishnadevi,0,3,3
Krishnadewie,0,3,3
Krishnadharam,3,0,3
Krishnadut,3,0,3
Krishnae,0,3,3
Krishnakand,3,0,3
Krishnakanhaya,3,0,3
Krishnakant,3,0,3
Krishnakoemar,3,0,3
krishnakumar,3,0,3
Krishnakuwarie,0,3,3
Krishnamurthy,3,0,3
Krishnamurti,0,3,3
Krishnamurty,3,0,3
Krishnand,3,0,3
Krishnansingh,3,0,3
Krishnaparkash,3,0,3
Krishnapradaya,0,3,3
Krïshnaprija,0,3,3
Krishnaradj,3,0,3
Krishnarain,3,0,3
Krishnatjardj,3,0,3
Krishnav,3,0,3
Krishnavalli,0,3,3
Krishnavi,0,3,3
Krishnay,3,0,3
Krishnaya,0,3,3
Krishne-gopal,3,0,3
Krishneautar,3,0,3
Krishnekoemaar,3,0,3
Krishnekoemar,3,0,3
Krishnekoemari,0,3,3
Krishnen,3,0,3
Krishneperkash,3,0,3
Krishni,0,3,3
Krishnnath,3,0,3
Krishsan,3,0,3
Krishta,0,3,3
Krishtiano,3,0,3
Krishtina,0,3,3
Krishyan,3,0,3
Krishyen,3,0,3
Krishznavi,0,3,3
Krisjaco,0,3,3
Krisjanti,0,3,3
Krisjnael,3,0,3
Krislee,3,0,3
Krislyn,0,3,3
Krislyna,0,3,3
Krismanto,3,0,3
Krismara,0,3,3
Krisnadani,3,0,3
Krisnadew,3,0,3
Krisnaduth,3,0,3
Krisnaga,3,0,3
Krisnakanaja,3,0,3
Krisnakumari,0,3,3
Krisnanant,3,0,3
Krisnapersad,3,0,3
Krisnawatie,0,3,3
Krisndath,3,0,3
Krisnedew,3,0,3
Krisnemureth,3,0,3
Krisneperkas,3,0,3
Krisnesing,3,0,3
Krisnie,0,3,3
Krisno,3,0,3
Krisôlita,0,3,3
Krispein,3,0,3
Krispina,0,3,3
Krispus,3,0,3
Krissa,0,3,3
Krissan,0,3,3
Krissanne,0,3,3
Krissey,0,3,3
Krissh,3,0,3
Krisshiya,0,3,3
Krissina,0,3,3
Krisstarah,0,3,3
Krisstian,3,0,3
Krissy-Jo,0,3,3
Krissy-Mae,0,3,3
Krissyënne,0,3,3
Krista-Lize,0,3,3
Krista-Maria,0,3,3
Krista-Titia,0,3,3
Kristaan,3,0,3
Kristabel,0,3,3
Kristal-Ylanka,0,3,3
Kristalia,0,3,3
Kristalize,0,3,3
Kristalla,0,3,3
Kristalyn,0,3,3
Kristán,3,0,3
Kristan-Doroté,0,3,3
Kristanja,0,3,3
Kristanney,0,3,3
Kristanti,0,3,3
Kristantie,0,3,3
Kristara,0,3,3
Kristavi,3,0,3
Kristborg,0,3,3
Kristéan,3,0,3
Kristeffer,3,0,3
Kristél,0,3,3
Kristêl,0,3,3
Kristel-Anne,0,3,3
Kristel-Kee,0,3,3
Kristel-Lynn,0,3,3
Kristelaine,0,3,3
Kristelbelle,0,3,3
Kristelien,0,3,3
Kristeline,0,3,3
Kristely,0,3,3
Kristen-Estella,0,3,3
Kristenly,0,3,3
Kristensa,0,3,3
Kristense,0,3,3
Kristerpher,3,0,3
Kristhiàn,3,0,3
Kristhian,3,0,3
Kristi-Ann,0,3,3
Kristi-anna,0,3,3
Kristi-Augustina,0,3,3
Kristi-Jan,3,0,3
Kristiàn,3,0,3
Kristian-jan,3,0,3
Kristianho,3,0,3
Kristiania,0,3,3
Kristianka,0,3,3
Kristiann,3,0,3
Kristianto,3,0,3
Kristida,0,3,3
Kristiejan,3,0,3
Kristiella,0,3,3
Kristièn,3,0,3
Kristiënne,0,3,3
Kristientje,0,3,3
Kristifir,3,0,3
Kristijana,0,3,3
Kristijano,3,0,3
Kristijna,0,3,3
Kristil,0,3,3
Kristilla,0,3,3
Kristín,0,3,3
Kristin-Louise,0,3,3
Kristīne,0,3,3
Kristiné,0,3,3
Kristineke,0,3,3
Kristinie,0,3,3
Kristiningrum,0,3,3
Kristino,3,0,3
Kristinov,3,0,3
Kristiny,0,3,3
Kristiyanto,3,0,3
Kristja,0,3,3
Kristjano,3,0,3
Kristly,0,3,3
Kristma,0,3,3
Kristn,3,0,3
Kristna,0,3,3
Kristnah,0,3,3
Kristőf,3,0,3
Kristofora,0,3,3
Kristoforus,3,0,3
Kristol,0,3,3
Kristono,3,0,3
Kristoph,3,0,3
Kristrun,0,3,3
Krists,3,0,3
Kristuel,3,0,3
Kristupas,3,0,3
Kristy-Ann,0,3,3
Kristy-anne,0,3,3
Kristyan,3,0,3
Kristyanne,0,3,3
Kristyanto,3,0,3
Kristyle,0,3,3
Kristýnka,0,3,3
Kristyvie,3,0,3
Krisz,0,3,3
Kriszo,3,0,3
Kriszta,0,3,3
Krisztiana,0,3,3
Krisztof,0,3,3
Krisztofer,3,0,3
Krita,0,3,3
Kritanjali,0,3,3
Krithik,3,0,3
Krithika,0,3,3
Kritik,3,0,3
Kritikacharja,3,0,3
Kritikha,0,3,3
Kritin,3,0,3
Krito,3,0,3
Kriton,3,0,3
Kritoss,3,0,3
Kritsa,0,3,3
Kritta,0,3,3
Krittanai,3,0,3
Krittika,0,3,3
Krittin,3,0,3
Krittiyanee,0,3,3
Kriwa,3,0,3
Kriyan,3,0,3
Kriyansh,3,0,3
Kriyesha,0,3,3
Kriyo,3,0,3
Križan,3,0,3
Kroankyi,0,3,3
Kroata,3,0,3
Kroe,3,0,3
Kroeso,3,0,3
Kroet,3,0,3
Krolis,3,0,3
Krolles,3,0,3
Krollus,3,0,3
Kromo,0,3,3
Krompeh,3,0,3
Kronkye,3,0,3
Kros,3,0,3
Krp,0,3,3
Krrish,3,0,3
Krshan,3,0,3
Krshma,0,3,3
Krshna,3,0,3
Krsnapriya,0,3,3
Krsnavalli,0,3,3
Krste,3,0,3
Kruama,0,3,3
Krubel,3,0,3
Kruger,3,0,3
Krugerina,0,3,3
Kruims,3,0,3
Kruin,3,0,3
Kruiz,3,0,3
Kruja,3,0,3
Krullaine,0,3,3
Krulle,3,0,3
Krusheny,0,3,3
Kruwah,0,3,3
Krylos,3,0,3
Kryno,3,0,3
Krynse,0,3,3
Krynske,0,3,3
Krypthon,3,0,3
Krys,0,3,3
Krysalis,0,3,3
Krysanthe,0,3,3
Kryschen,3,0,3
Kryschja,0,3,3
Krysha,0,3,3
Kryspin,3,0,3
Krystal-Marie,0,3,3
Krystalle,0,3,3
Krystallia,0,3,3
Kryste,3,0,3
Krystell,0,3,3
Krysten,0,3,3
Krysti,0,3,3
Krystianne,0,3,3
Krystiano,3,0,3
Krystie,0,3,3
Krystien,0,3,3
Krystin,0,3,3
Krystle-Jill,0,3,3
Krystopher,3,0,3
Krystyan,3,0,3
Krystyanne,0,3,3
Krystyne,0,3,3
Kryszta,0,3,3
Krysztof,3,0,3
Kryton,3,0,3
Kryzia,0,3,3
Krzysia,0,3,3
Krzystof,3,0,3
Ksara,0,3,3
Ksatriya,0,3,3
Ksavièr,3,0,3
Ksawery,3,0,3
Ksean,3,0,3
Ksenia-Nina,0,3,3
Ksenio,3,0,3
Kshatrani,0,3,3
Kshema,0,3,3
Kshiraya,0,3,3
Kshitij,3,0,3
Kshitijsingh,3,0,3
Kshma,0,3,3
Kshomnesh,3,0,3
Ksyl,3,0,3
Kuabena,3,0,3
Kuaeno,3,0,3
Kuan-Lun,3,0,3
Kuan-Yin,0,3,3
Kuan-Yu,3,0,3
Kuanda,0,3,3
Kuanhung,3,0,3
Kuano,3,0,3
Kuasi,3,0,3
Kuat,3,0,3
Kubala,3,0,3
Kubate,3,0,3
Kubatikisa,3,0,3
Kubatsirana,3,0,3
Kubbetdin,3,0,3
Kube,3,0,3
Kubelay,3,0,3
Kubetin,3,0,3
Kubilãy,3,0,3
Kubilây,3,0,3
Kubilayhan,3,0,3
Kübily,3,0,3
Kublay,3,0,3
Kubono,0,3,3
Kūbra,0,3,3
Kŭbra,0,3,3
Kübra-Sedef,0,3,3
Kübragül-Esila,0,3,3
Kubranur,0,3,3
Kűbranur,0,3,3
Kubulai,3,0,3
Kubülay,3,0,3
Kübülaykaan,3,0,3
Kubusch,3,0,3
Kucharski,3,0,3
Kuchsianneley,0,3,3
Kuchsiannely,0,3,3
Küçük,3,0,3
Kücük,3,0,3
Kucuk,3,0,3
Kudala,0,3,3
Kuday,3,0,3
Kuddus,3,0,3
Küddüs,3,0,3
Kuddusü,3,0,3
Kudeman,3,0,3
Kudi,0,3,3
Kudiratu,0,3,3
Kudivuila,0,3,3
Kudjoe,3,0,3
Kudra,3,0,3
Kudred,0,3,3
Küdret,0,3,3
Kudret-Cemil,3,0,3
Kudrin,3,0,3
Kudsi,3,0,3
Kudus,3,0,3
Kudzai,0,3,3
Kudzordzi,0,3,3
Kuem-Rye,0,3,3
Küeniertje,0,3,3
Kuete,3,0,3
Küfayet,0,3,3
Kufour,3,0,3
Kufundu,3,0,3
Kügan,3,0,3
Kugapalan,3,0,3
Kuif,3,0,3
Kuijnira,0,3,3
Kuineke,0,3,3
Kuinerus,3,0,3
Kuinie,0,3,3
Kuinier,3,0,3
Kuinio,0,3,3
Kuiper,3,0,3
Kuipers,0,3,3
Kuira,3,0,3
Kuji,3,0,3
Kujtesa,0,3,3
Kujtessa,0,3,3
Kuk,3,0,3
Kuk-ie,0,3,3
Kukdo,3,0,3
Kuke,3,0,3
Kukka,0,3,3
Kukula,3,0,3
Kula,0,3,3
Kulãn,3,0,3
Kulandee,0,3,3
Kularathna,3,0,3
Kulataviti,3,0,3
Kulbhushan,3,0,3
Külcan,0,3,3
Kuldiepnarain,3,0,3
Kuldipsingh,3,0,3
Kulhan,0,3,3
Kulharshinie,0,3,3
Kulian,3,0,3
Kulid,3,0,3
Külilk,0,3,3
Kuljit,3,0,3
Kulle,0,3,3
Kullie,3,0,3
Kulmije,3,0,3
Külpez,0,3,3
Külsüm,0,3,3
Kulsum-banu,0,3,3
Külte,0,3,3
Kulthoum,0,3,3
Kültigin,3,0,3
Kultsân,0,3,3
Kulu,0,3,3
Kulugamana,0,3,3
Kulumani,3,0,3
Kulumi,0,3,3
Kulveer,0,3,3
Kulwant,0,3,3
Kulwindre,3,0,3
Kumaji,3,0,3
Kumal,0,3,3
Kumalasari,0,3,3
Kumalie,0,3,3
Kumalo,3,0,3
kumara,3,0,3
Kumaran,3,0,3
Kumarlal,3,0,3
Kumarn,3,0,3
Kumarpersad,3,0,3
Kumary,0,3,3
Kumaş,0,3,3
Kumba-Komeh,0,3,3
Kumbert,3,0,3
Kumboko,3,0,3
Kumbuesamo,3,0,3
Kumbundu,0,3,3
Kume,0,3,3
Kumeang,3,0,3
Kumeil,3,0,3
Kumera,3,0,3
Kumhar,3,0,3
Kûmi,0,3,3
Kumle,0,3,3
Kummar,3,0,3
Kumra,0,3,3
Kumral,0,3,3
Kumrija,0,3,3
Kumuthini,0,3,3
Kumwelo,3,0,3
Kũn,0,3,3
Kun-Yin,0,3,3
Kun-Ze,3,0,3
Kunald,3,0,3
Kunar,3,0,3
Kunard,3,0,3
Kunat,3,0,3
Kuncoro,3,0,3
Kundan,3,0,3
Kundè,3,0,3
Kundike,0,3,3
Kündjom,3,0,3
Kündl,3,0,3
Kundrie,0,3,3
Kunegien,0,3,3
Kunegina,0,3,3
Kunégunda,3,0,3
Kunejunda,0,3,3
Kuner,3,0,3
Kung-Kel,3,0,3
Kung-Sing,3,0,3
Kunibert,3,0,3
Kûnie,0,3,3
Kunikunde,0,3,3
Kuning,3,0,3
Kunio,3,0,3
Kuniva,3,0,3
Kunjalsingh,3,0,3
Kunjo,3,0,3
Künkedina,0,3,3
Kunnakrit,3,0,3
Kunnegonde,0,3,3
Kunnetta,0,3,3
Künnette,0,3,3
Kunnigunde,0,3,3
Kunnimare,0,3,3
Kunnyran,3,0,3
Kunphen,3,0,3
Kunrad,3,0,3
Kunradus,3,0,3
Kunrah,0,3,3
Kunsang,0,3,3
Kunske,0,3,3
Kunt,3,0,3
Kuntana,0,3,3
Kuntay,3,0,3
Kunter,3,0,3
Kuntica,0,3,3
Kunting,0,3,3
Kuntu,3,0,3
Kuntua,0,3,3
Kunwal,0,3,3
Kunwarranveersing,3,0,3
Kunwer,3,0,3
Kunxi,0,3,3
Kunya,3,0,3
Kunz,3,0,3
Kunza,0,3,3
Kunzi,3,0,3
Kuo-Ke-Mie,0,3,3
Kuoje,3,0,3
Kuokor,0,3,3
Kuol,3,0,3
Kuona,0,3,3
Kuong-Houng,0,3,3
Kuordin,3,0,3
Kupaaq,0,3,3
Kupahinai,0,3,3
Kupameseh,0,3,3
Kupu,3,0,3
Kurabai,0,3,3
Kuraischa,0,3,3
Kurak,3,0,3
Kuralay,0,3,3
Kurama,3,0,3
Kurano-Jaré,3,0,3
Kuranojaré,3,0,3
Kurany,3,0,3
Kurash,3,0,3
Kuray,3,0,3
Kurbel,3,0,3
Kurbert,3,0,3
Kurchen,3,0,3
Kurdele,0,3,3
Kurdîn,0,3,3
Kurdman,3,0,3
Kurdstan,0,3,3
Kureyş,3,0,3
Kurgen,3,0,3
Kuriakos,3,0,3
Kuriakose,0,3,3
Kurie-Pasai,3,0,3
Kurien,0,3,3
Kurillos,3,0,3
Kurinniy,3,0,3
Kurira,3,0,3
Kurish,3,0,3
Kuriyah,0,3,3
Kurjo,3,0,3
Kurkor,0,3,3
Kurly,0,3,3
Kurmalli,3,0,3
Kurman,3,0,3
Kurmangali,3,0,3
Kurmi,0,3,3
Kurniadi,3,0,3
Kurollos,3,0,3
Kuroosh,3,0,3
Kuros,3,0,3
Kurosch,3,0,3
Kuroush,3,0,3
Kürşah,3,0,3
Kűrsat,3,0,3
Kurşatkaan,3,0,3
Kürshad,3,0,3
Kurshen,3,0,3
Kurslen,3,0,3
Kurt-Alexander,3,0,3
Kurt-Brian,3,0,3
Kurt-Heinz,3,0,3
Kurt-Henrik,3,0,3
Kurt-Jan,3,0,3
Kurt-Olaf,3,0,3
Kurt-Wilhelm,3,0,3
Kurta,0,3,3
Kurten,3,0,3
Kurthie,0,3,3
Kurti,0,3,3
Kurtin,3,0,3
Kurtina,0,3,3
Kürtine,0,3,3
Kurtine,0,3,3
Kurtius,3,0,3
Kurtlan,3,0,3
Kurtlee,3,0,3
Kurtley,3,0,3
Kurtlus,3,0,3
Kurtşah,3,0,3
Kurtus,3,0,3
Kuru,3,0,3
Kuruk,3,0,3
Kurumi,0,3,3
Kurvenée,0,3,3
Kurxat,3,0,3
Kuryakus,3,0,3
Kûs,3,0,3
Kusa,3,0,3
Küşâd,3,0,3
Kusaery,3,0,3
Kusayla,3,0,3
Kuşem,0,3,3
Kusem,3,0,3
Kuseyon,0,3,3
Kushalsingh,3,0,3
Kushan,3,0,3
Kusheshsingh,3,0,3
Kushika,0,3,3
Kushina,0,3,3
Kushinda,0,3,3
Kushreet,0,3,3
Kushton,3,0,3
Kushtron,3,0,3
Kusira,0,3,3
Kusiwah,0,3,3
Kusmartono,3,0,3
Kusnarti,0,3,3
Kusno,3,0,3
Kusproborini,0,3,3
Kussa,0,3,3
Kussumaakkar,3,0,3
Kustaa,3,0,3
Kustrini,0,3,3
Kusum-Hanskoemari,0,3,3
Kusumadewi,0,3,3
Kusumaningsih,0,3,3
Kusumasari,0,3,3
Kusumawardani,0,3,3
Kusumawati,0,3,3
Kuswandi,3,0,3
Kuswanto,3,0,3
Kutalmiş,3,0,3
Kütat,3,0,3
Kütay,3,0,3
Kutenda,3,0,3
Kuti,0,3,3
Kutiela,3,0,3
Kutluay,3,0,3
Kutorkor,0,3,3
Kutubu,0,3,3
Kuuëb,3,0,3
Kuuks,3,0,3
Kuukua,0,3,3
Kuvira,0,3,3
Kuwar,3,0,3
Kuwarpratap,3,0,3
Kuwarrathaursingh,3,0,3
Kuwer,3,0,3
Kuye,3,0,3
Kuyên,0,3,3
Kuylenburg,3,0,3
Kuyot,3,0,3
Kuyrena,0,3,3
Küzey,3,0,3
Kuzeyhan,3,0,3
Kuzih,3,0,3
Kuzolu,0,3,3
Kuzwayo,3,0,3
Kvanne,0,3,3
Kveta,0,3,3
Květoslava,0,3,3
Kvido,3,0,3
Kvinde,0,3,3
Kvist,3,0,3
Kvitia,0,3,3
Kvitova,0,3,3
Kwaakoa,0,3,3
Kwaakyewa,0,3,3
Kwaan,0,3,3
Kwaatimaa,0,3,3
Kwabea,0,3,3
Kwaben,0,3,3
Kwabeng,3,0,3
Kwabénna,3,0,3
Kwablah,3,0,3
Kwadzo,0,3,3
Kwafie,0,3,3
Kwafo,3,0,3
Kwahnta,0,3,3
Kwakijewaa,0,3,3
Kwakusekyi,3,0,3
Kwaky,3,0,3
Kwakyewa,0,3,3
Kwama,3,0,3
Kwamba,0,3,3
Kwambena,3,0,3
Kwame-Nyamekye,3,0,3
Kwamen,3,0,3
Kwamena,3,0,3
Kwan-Hee,3,0,3
Kwan-Hin,3,0,3
Kwan-Kit,3,0,3
Kwan-Ling,0,3,3
Kwan-Liong,3,0,3
Kwan-Sun,3,0,3
Kwan-Tai,3,0,3
Kwan-Yoe,3,0,3
Kwandy,0,3,3
Kwanele,0,3,3
Kwang-Ho,3,0,3
Kwang-Sok,3,0,3
Kwang-sun,3,0,3
Kwangjong,3,0,3
Kwanhathai,0,3,3
Kwanitha,0,3,3
Kwanjowa,0,3,3
Kwankye,0,3,3
Kwansa,3,0,3
Kwansah,3,0,3
Kwansima,0,3,3
Kwant,3,0,3
Kwanthicha,0,3,3
Kwanyi,0,3,3
Kwarina,0,3,3
Kwark,3,0,3
Kwarko,3,0,3
Kwarley,0,3,3
Kwarte,3,0,3
Kwartema,0,3,3
Kwartemaah,0,3,3
Kwartengmaa,0,3,3
Kwartin,3,0,3
Kwartmaah,0,3,3
Kwartyi,3,0,3
Kwase,3,0,3
Kwashiba,0,3,3
Kwashie,3,0,3
Kwashigan,3,0,3
Kwasin,0,3,3
Kwasiwa,0,3,3
Kwassi,3,0,3
Kwatei,3,0,3
Kwatema,0,3,3
Kwatemah,0,3,3
Kwateng,3,0,3
Kwaw,3,0,3
Kwaw-Martin,3,0,3
Kwayie,3,0,3
Kwe,3,0,3
Kwé,0,3,3
Kwealeng,3,0,3
Kweben,3,0,3
Kwegyir,3,0,3
Kweisja,0,3,3
Kwena,0,3,3
Kwenachukwu,3,0,3
Kwenda,0,3,3
Kwendolien,0,3,3
Kwendoline,0,3,3
Kwendy,0,3,3
Kwenge,0,3,3
Kwenin,3,0,3
Kwennie,0,3,3
Kweri,3,0,3
Kwerien,3,0,3
Kwestan,3,0,3
Kwesy,3,0,3
Kwey,3,0,3
Kweychain,3,0,3
Kwichiriza,0,3,3
Kwie-Jien,0,3,3
Kwie-Len,0,3,3
Kwie-Sang,3,0,3
Kwierina,0,3,3
Kwij,3,0,3
Kwiks,3,0,3
Kwikwi,0,3,3
Kwincy,0,3,3
Kwinde,3,0,3
Kwinjoeroemé,0,3,3
Kwinne,0,3,3
Kwinsey,3,0,3
Kwinsi,3,0,3
Kwintal,0,3,3
Kwinteh,3,0,3
Kwinti,3,0,3
Kwintie,0,3,3
Kwinton,3,0,3
Kwintun,3,0,3
Kwintus,3,0,3
Kwirine,0,3,3
Kwisilla,0,3,3
KWJ,3,0,3
Kwo,3,0,3
Kwo-Chang,3,0,3
Kwodwo,3,0,3
Kwoemaku,3,0,3
Kwoen,3,0,3
Kwoen-Wah,3,0,3
Kwofie,3,0,3
Kwoh-Wah,3,0,3
Kwok-Ban,3,0,3
Kwok-Bo,3,0,3
Kwok-Chu,3,0,3
Kwok-Fong,3,0,3
Kwok-Leung,3,0,3
Kwok-Lung,3,0,3
Kwok-Nam,3,0,3
Kwok-Sou,3,0,3
Kwok-Wai,3,0,3
Kwok-Wei,3,0,3
Kwon-Moon,3,0,3
Kwong-Chil,3,0,3
Kwork,3,0,3
Kwoy,3,0,3
Kwuku,3,0,3
Kwun-Bon,3,0,3
Kwung,0,3,3
Kwung-Bong,3,0,3
Kwyanne,3,0,3
Kwyn,3,0,3
"Ky""moara",0,3,3
Ky'an-Eli,3,0,3
Ky'ara,0,3,3
Ky'chairah,0,3,3
Ky'Chairo,3,0,3
Ky'laï,3,0,3
Ky'lorah,0,3,3
Ky'maira,0,3,3
Ky'mairo,3,0,3
Ky'noah,3,0,3
Ky'nzo,3,0,3
Ky'omi,0,3,3
Ky'rell,3,0,3
Ky'sean,3,0,3
Ky'Shaelee,0,3,3
Ky'shairah,0,3,3
Ky'Shairell,0,3,3
Ky'Shairo,3,0,3
Ky'shawn,3,0,3
Ky'shinea,0,3,3
Ky-An,3,0,3
Ky-ana,0,3,3
Ky-Ani,3,0,3
Ky-ano,3,0,3
Ky-chaira,0,3,3
Ky-cháira,0,3,3
Ky-chairo,3,0,3
Ky-Chan,3,0,3
Ky-chano,3,0,3
Ky-Charissa,0,3,3
Ky-Charra,0,3,3
Ky-Chong,3,0,3
Ky-Damani,3,0,3
Ky-Djaira,0,3,3
Ky-Do,3,0,3
Ky-Dong,3,0,3
Ky-Duy,3,0,3
Ky-Enie,3,0,3
Ky-èr,0,3,3
Ky-faishelyn,0,3,3
Ky-iano,3,0,3
Ky-Jadeny,0,3,3
Ky-jaeno,3,0,3
Ky-Jahno,3,0,3
Ky-jahr,3,0,3
Ky-Jain,3,0,3
Ky-jani,3,0,3
Ky-Jaylen,3,0,3
Ky-Jendrick,3,0,3
Ky-Jhaély,0,3,3
Ky-Juan,3,0,3
Ky-Lani,0,3,3
Ky-Lie,0,3,3
Ky-Lion,3,0,3
Ky-mae,0,3,3
Ky-maily,0,3,3
Ky-Maina,0,3,3
Ky-Maira,0,3,3
Ky-Mairah,0,3,3
Ky-mairah,0,3,3
Ky-Man,3,0,3
Ky-Many,0,3,3
Ky-Manysix,3,0,3
Ky-mara,0,3,3
Ky-Mara,0,3,3
Ky-Mari,3,0,3
Ky-Maro,3,0,3
Ky-maya,0,3,3
Ky-mayra,0,3,3
Ky-meirah,0,3,3
Ky-mia,0,3,3
Ky-moni,0,3,3
Ky-Morah,0,3,3
Ky-moraly,0,3,3
Ky-Naira,0,3,3
Ky-Noah,3,0,3
Ky-omi,0,3,3
Ky-ömi,0,3,3
Ky-rainy,0,3,3
Ky-rani,3,0,3
Ky-Shainy,0,3,3
Ky-Shana,0,3,3
Ky-shana,0,3,3
Ky-Shane,3,0,3
Ky-shayra,0,3,3
Ky-Sheldrenn,3,0,3
Ky-shentely,0,3,3
Ky-shervine,0,3,3
Ky-shona,0,3,3
Ky-Zjeriön,3,0,3
Ky-Zyan,3,0,3
Kyaan,3,0,3
Kyacey,3,0,3
Kyahcilia,0,3,3
Kyahi,3,0,3
Kyahri,0,3,3
Kyai,3,0,3
Kyäira,0,3,3
Kyairoh,3,0,3
Kyaisa,0,3,3
Kyaisha,0,3,3
Kyaksar,3,0,3
Kyalaka,3,0,3
Kyamon,3,0,3
Kyamuso,3,0,3
Kyamy,0,3,3
Kyán,3,0,3
Kyan-dante,3,0,3
Kyan-Dean,3,0,3
Kyan-Dion,3,0,3
Kyan-Eli,3,0,3
Kyan-Ghi,3,0,3
Kyan-Joshua,3,0,3
Kyan-Levi,3,0,3
Kyana-May,0,3,3
Kyanah,0,3,3
Kyanan,3,0,3
Kyanaro,3,0,3
Kyandjo,3,0,3
Kyandrou,3,0,3
Kyaneau,3,0,3
Kyangi,3,0,3
Kyanh,3,0,3
Kyanka,0,3,3
Kyannah,0,3,3
Kyanni,0,3,3
Kyannie,0,3,3
Kyanò,3,0,3
Kyanö,3,0,3
Kyano-Ace,3,0,3
Kyano-Tyler,3,0,3
Kyano-Willem,3,0,3
Kyanoe,0,3,3
Kyanomar,3,0,3
Kyanos,3,0,3
Kyanthi,0,3,3
Kyanxi,3,0,3
Kyany,0,3,3
Kyanzo,3,0,3
Kyapwa,3,0,3
Kyarä,0,3,3
Kyara-Bo,0,3,3
Kyara-Eva,0,3,3
Kyara-Jane,0,3,3
Kyara-Lee,0,3,3
Kyara-Maye,0,3,3
Kyara-Nylah,0,3,3
Kyara-Porsche,0,3,3
Kyara-Rose,0,3,3
Kyaran,3,0,3
Kyaratrix,0,3,3
Kyardo,3,0,3
Kyare,0,3,3
Kyarlehan,3,0,3
Kyarmen,3,0,3
Kyas,3,0,3
Kyasha,0,3,3
Kyblai,3,0,3
Kyboo,3,0,3
Kybra,0,3,3
Kycha,0,3,3
Kychaan,3,0,3
Kychaileigh,0,3,3
Kychan,3,0,3
Kychell,0,3,3
Kychelle,0,3,3
Kychiano,3,0,3
Kycho,3,0,3
Kyciara,0,3,3
Kyda,0,3,3
Kydeano,3,0,3
Kydeon,3,0,3
Kydian,3,0,3
Kydon,3,0,3
Kye-Lee,0,3,3
Kye-noah,3,0,3
Kye-Vaindro,3,0,3
Kyëan,3,0,3
Kyeanna,0,3,3
Kyeïra-Leigh,0,3,3
Kyeiwan,0,3,3
Kyekyire,0,3,3
Kyel,3,0,3
Kyël,3,0,3
Kyèla,0,3,3
Kyeld,3,0,3
Kyeldt,3,0,3
Kyëll,3,0,3
Kyèll,3,0,3
Kyëllan,3,0,3
Kyelt,3,0,3
Kyelten,3,0,3
Kyelwinn,3,0,3
Kyemiata,0,3,3
Kyemo,3,0,3
Kyena,0,3,3
Kyendo,3,0,3
Kyenêmo,3,0,3
Kyènne,0,3,3
Kyënnie,0,3,3
Kyèno,3,0,3
Kyenoah,3,0,3
Kyensley,3,0,3
Kyenta-Jacey,0,3,3
Kyenza,0,3,3
Kyenzha,0,3,3
Kyeon,3,0,3
Kyèra,0,3,3
Kyëra,0,3,3
Kyeraa,0,3,3
Kyeraah,0,3,3
Kyereba,0,3,3
Kyereh,3,0,3
Kyerem,0,3,3
Kyeremaah,0,3,3
Kyerewah,0,3,3
Kyerill,3,0,3
Kyerno,3,0,3
Kyéro,3,0,3
Kyeru,0,3,3
Kyeshano,3,0,3
Kyevi,3,0,3
Kyeyune,3,0,3
Kygaindro,3,0,3
Kygali,0,3,3
Kygo,3,0,3
Kyhan,3,0,3
Kyhle,3,0,3
Kyhmo,3,0,3
Kyi,3,0,3
Kyiana,0,3,3
Kyichanna,0,3,3
Kyiën,3,0,3
Kyila,0,3,3
Kyin,0,3,3
Kyira,0,3,3
Kyisha,0,3,3
Kyisha-Fay,0,3,3
Kyjala,0,3,3
Kyjana,0,3,3
Kyjani,0,3,3
Kyjean,3,0,3
Kyjesseley,0,3,3
Kyjessly,3,0,3
Kyjoni,3,0,3
Kyka,0,3,3
Kyl,3,0,3
kyla,0,3,3
Kylah-Rose,0,3,3
Kylaijah,0,3,3
Kylaino,3,0,3
Kylaisa,0,3,3
Kylaisho,3,0,3
Kylaiya,3,0,3
Kylanah,0,3,3
Kylania,0,3,3
Kylanio,3,0,3
Kylànn,3,0,3
Kylari,0,3,3
Kylars,3,0,3
Kylasha,0,3,3
Kylaya,0,3,3
Kyléan,3,0,3
Kylèan,3,0,3
Kyleen,0,3,3
Kyleeyah,0,3,3
Kyleigh-Joy,0,3,3
Kyleighan,3,0,3
Kyleinza,0,3,3
Kylèn,0,3,3
Kylencio,3,0,3
Kylenco,3,0,3
Kyléne,0,3,3
Kyléo,3,0,3
Kyleon,3,0,3
Kylescha,0,3,3
Kylesha,0,3,3
Kyleshia,0,3,3
Kyliaan,3,0,3
Kyliaen,3,0,3
Kyliah,0,3,3
Kylián,3,0,3
Kyliann,3,0,3
Kylianna,0,3,3
Kyliano,3,0,3
Kylie-Jane,0,3,3
Kylie-Mariah,0,3,3
Kylièn,3,0,3
Kylin,0,3,3
Kylinde,0,3,3
Kylisha,0,3,3
Kyliyah,0,3,3
Kyll,3,0,3
Kyllan,3,0,3
Kyllana,0,3,3
Kyllano,3,0,3
Kylle,3,0,3
Kylli,0,3,3
Kylliam,3,0,3
Kyllianus,3,0,3
Kyllie,0,3,3
Kylo-Sevàn,3,0,3
Kylona,0,3,3
Kylou,0,3,3
Kylrain,3,0,3
Kylta,0,3,3
Kylte,3,0,3
Kylvin,3,0,3
Kyly,0,3,3
Kyma-Mae,0,3,3
Kymaani,0,3,3
Kymai,3,0,3
Kymaïa,0,3,3
Kymaiah,0,3,3
Kymaina,0,3,3
Kymaino,3,0,3
Kymaira-Lyn,0,3,3
Kymairah,0,3,3
Kymali,3,0,3
Kymalie,3,0,3
Kyman,3,0,3
Kymana,0,3,3
Kymanah,0,3,3
Kymaney,3,0,3
Kymangelo,3,0,3
Kymani-Isaiah,3,0,3
Kymani-Jahziah,3,0,3
Kymani-Jshaiya,3,0,3
Kymani-Kanye,3,0,3
Kymani-Rose,0,3,3
Kymania,0,3,3
Kymanii,0,3,3
Kymanni,3,0,3
Kymany-dath,3,0,3
Kymanya,0,3,3
Kymari,3,0,3
Kymàrin,3,0,3
Kymarly,3,0,3
Kymayjo,3,0,3
Kymberlee-Charitee,0,3,3
Kymberlie,0,3,3
Kymberly,0,3,3
Kyméah,0,3,3
Kymera,0,3,3
Kymet,0,3,3
Kymhara,0,3,3
Kymiah,0,3,3
Kymiani,0,3,3
Kymiko,0,3,3
Kymiley,0,3,3
Kymilo,3,0,3
Kymmo,3,0,3
Kymmora,0,3,3
Kymojaro,3,0,3
Kympe,3,0,3
Kymya,0,3,3
Kynaero,3,0,3
Kynaigelo,3,0,3
Kynairo,3,0,3
Kynaja,0,3,3
Kynam,3,0,3
Kyndela,3,0,3
Kyndylan,3,0,3
Kyné,0,3,3
Kynereth,0,3,3
Kynesha,0,3,3
Kynessa,0,3,3
Kyng,3,0,3
Kynlee,0,3,3
Kynoah,0,3,3
Kynola,0,3,3
Kynske,0,3,3
Kynza,0,3,3
Kynzie,0,3,3
Kynzly,3,0,3
Kyo-K-Lyan,0,3,3
Kyo-Mani,3,0,3
Kyochi,3,0,3
Kyoga,3,0,3
Kyohei,3,0,3
Kyohna,0,3,3
Kyoja,0,3,3
Kyoka,0,3,3
Kyoki,3,0,3
Kyolla,0,3,3
Kyomars,3,0,3
Kyome,3,0,3
Kyomi-Rose,0,3,3
Kyomie,0,3,3
Kyon'dre,3,0,3
Kyöna,0,3,3
Kyona-Lee,0,3,3
Kyonarra,0,3,3
Kyondré,3,0,3
Kyong-Im,3,0,3
Kyonie,0,3,3
Kyono,3,0,3
Kyoñy,0,3,3
Kyor,3,0,3
Kyorene,3,0,3
Kyori,0,3,3
Kyorie,0,3,3
Kyoshi,3,0,3
Kyot,3,0,3
Kyowa,0,3,3
Kyra-Doortje,0,3,3
Kyra-Frédérique,0,3,3
Kyra-Jinx,0,3,3
Kyra-Linda,0,3,3
Kyra-Lisa,0,3,3
Kyra-Lou,0,3,3
Kyra-Louise,0,3,3
Kyra-lynne,0,3,3
Kyra-May,0,3,3
Kyra-Nova,0,3,3
Kyra-Simone,0,3,3
Kyra-Tamar,0,3,3
Kyraida,0,3,3
Kyraily,3,0,3
Kyraino,3,0,3
Kyralee,0,3,3
Kyralon,0,3,3
Kyram,0,3,3
Kyràn,3,0,3
Kyran-Ramiz,3,0,3
Kyranush,0,3,3
Kyrashenti,0,3,3
Kyrasz,3,0,3
Kyrea,0,3,3
Kyrec,3,0,3
Kyrehfa,0,3,3
Kyrel,0,3,3
Kyremaah,0,3,3
Kyrena,0,3,3
Kyrene,0,3,3
Kyrese,3,0,3
Kyresh,0,3,3
Kyrezha,0,3,3
Kyrha,3,0,3
Kyria-Zabibu,0,3,3
Kyriaan,3,0,3
Kyriacos,3,0,3
Kyriad,0,3,3
Kyriakia,0,3,3
Kyriako,3,0,3
Kyriakou,0,3,3
Kyriane,0,3,3
Kyrié,0,3,3
Kyriëlla,0,3,3
Kyriëlle,0,3,3
Kyriem,3,0,3
Kyrila,0,3,3
Kyrille,0,3,3
Kyrine,0,3,3
Kyrinja,0,3,3
Kyrinn,3,0,3
Kyrion,3,0,3
Kyrisa,0,3,3
Kyrna,0,3,3
Kyroh,3,0,3
Kyrohn,3,0,3
Kyrola,0,3,3
Kyrolis,3,0,3
Kyrolsha,0,3,3
Kyrolus,3,0,3
Kyromina,0,3,3
Kyrose,0,3,3
Kyrshia,0,3,3
Kyrsi,0,3,3
Kyrsia,0,3,3
Kyrste,0,3,3
Kyrstenn,0,3,3
Kyrsthen,0,3,3
Kyrstianne,0,3,3
Kyrstin,0,3,3
Kyrtan,3,0,3
Kyrthana,0,3,3
Kyrti,3,0,3
Kyrviënne,0,3,3
Kyryan,3,0,3
Kyryll,3,0,3
Kyryn,0,3,3
Kyrza,0,3,3
Kyrzia,0,3,3
Kysa,0,3,3
Kysam,0,3,3
Kysano,3,0,3
Kysarah,0,3,3
Kysaya,0,3,3
Kyscha,0,3,3
Kysela,0,3,3
Kyselka,0,3,3
Kyselle,0,3,3
Kyshaily,0,3,3
Kyshaindro,3,0,3
Kyshainely,0,3,3
Kyshaini,0,3,3
Kyshaire,0,3,3
Kyshaja,0,3,3
Kyshaná,0,3,3
Kyshandro,3,0,3
Kyshanio,3,0,3
Kyshanne,0,3,3
Kyshanti,0,3,3
Kyshaul,3,0,3
Kyshaun,3,0,3
Kyshaunna,0,3,3
Kyshawn-Dee,3,0,3
Kyshena-Theraisa,0,3,3
Kyshendley,3,0,3
Kyshiano,3,0,3
Kyshiara,0,3,3
Kyshine,3,0,3
Kyshinely,0,3,3
Kysho,3,0,3
Kyshoulia,0,3,3
Kyshynis,0,3,3
Kysia-Maé,0,3,3
Kysia-maé,0,3,3
Kysiah,0,3,3
Kysler,3,0,3
Kyson-Lee,3,0,3
Kysone,3,0,3
Kyta,0,3,3
Kytaii,3,0,3
Kytami-Kytama,0,3,3
Kytani,0,3,3
Kythan,3,0,3
Kythera,0,3,3
Kythiana,0,3,3
Kytka,0,3,3
Kyto,3,0,3
Kyturah,0,3,3
Kyu-Hee,3,0,3
Kyuija,0,3,3
Kyujia,0,3,3
Kyumaars,3,0,3
Kyun,3,0,3
Kyung-Ok,0,3,3
Kyunghee,0,3,3
Kyuoy,3,0,3
Kyvainy,0,3,3
Kyvaïro,3,0,3
Kyvairo,3,0,3
Kyvania,0,3,3
Kyvanio,3,0,3
Kyvanno,3,0,3
Kyvéli,0,3,3
Kyveli,0,3,3
Kyvensha,0,3,3
Kyvenshelo,3,0,3
Kyvenshely,0,3,3
Kyvianny,0,3,3
Kyvo,3,0,3
Kyvón,3,0,3
Kyvonté,3,0,3
Kywa,3,0,3
Kyzaira,0,3,3
Kyzairo,3,0,3
Kyziah,0,3,3
Kyzoe,0,3,3
