Name,Men,Women,Total
Leonardus,66777,1498,68275
Louise,683,60852,61535
Lambertus,49791,666,50457
Leendert,35376,29,35405
Lucas,33999,153,34152
Linda,144,32663,32807
Laura,53,31784,31837
Lisa,53,27675,27728
Louisa,1028,25613,26641
Louis,23783,341,24124
Lars,22801,16,22817
Lucia,771,21687,22458
Lotte,8,22170,22178
Leonie,332,17027,17359
Luuk,17076,11,17087
Laurens,16873,62,16935
Lieke,23,15439,15462
Lena,30,15422,15452
Leonard,15208,186,15394
Laurentius,13876,340,14216
Leonarda,127,13905,14032
Lodewijk,13203,214,13417
Lynn,27,13015,13042
Levi,12494,270,12764
Leon,12143,225,12368
Lisanne,11,11279,11290
Lamberta,135,10644,10779
Luca,9367,1376,10743
Ludovicus,9523,339,9862
Leo,9512,194,9706
Lisette,45,9167,9212
Luna,49,8067,8116
Lydia,59,7847,7906
Liam,7739,9,7748
Luc,7219,60,7279
Lara,3,6705,6708
Lianne,26,6549,6575
Loes,27,6339,6366
Loïs,41,6044,6085
Lukas,6079,6,6085
Lorenzo,6016,8,6024
Larissa,3,5524,5527
Lambert,5417,77,5494
Lina,20,5424,5444
Lilian,129,5264,5393
Liesbeth,59,5025,5084
Lammert,5048,3,5051
Lamberdina,114,4522,4636
Lauren,258,4240,4498
Liv,13,4401,4414
Leroy,4230,13,4243
Léon,4015,55,4070
Leentje,9,3977,3986
Lambertha,35,3882,3917
Lidwina,59,3772,3831
Lennart,3801,6,3807
Laurentia,34,3658,3692
Lizzy,6,3657,3663
Lise,7,3564,3571
Liduina,72,3424,3496
Liz,3,3487,3490
Leonora,42,3426,3468
Liza,41,3312,3353
Lonneke,3,3324,3327
Lieve,48,3064,3112
Luke,2957,84,3041
Leopold,2900,85,2985
Lijntje,3,2927,2930
Lucien,2835,70,2905
Lesley,1840,1057,2897
Leontine,47,2810,2857
Lana,3,2829,2832
Lola,3,2822,2825
Lourens,2813,3,2816
Loek,2718,84,2802
Lex,2740,12,2752
Lieuwe,2749,3,2752
Lindsey,7,2586,2593
Liselotte,8,2541,2549
Luka,1919,622,2541
Lily,19,2482,2501
Lize,7,2482,2489
Lucie,60,2352,2412
Luciano,2315,5,2320
Lucienne,54,2141,2195
Laurina,12,2151,2163
Lennard,2115,3,2118
Ludovica,48,1995,2043
Leander,1988,48,2036
Lee,1188,805,1993
Leuntje,3,1978,1981
Lindsay,18,1954,1972
Lambertina,32,1913,1945
Lois,54,1889,1943
Leanne,3,1893,1896
Livia,3,1879,1882
Lucy,16,1841,1857
Leonardo,1741,29,1770
Levina,12,1756,1768
Lea,50,1678,1728
Ludwig,1572,18,1590
Lindy,7,1533,1540
Lenn,1420,36,1456
Leonore,12,1437,1449
Levy,1369,78,1447
Laetitia,5,1434,1439
Lian,81,1356,1437
Laila,5,1403,1408
Layla,0,1401,1401
Lucretia,7,1391,1398
Lilly,3,1353,1356
Leah,3,1341,1344
Lubbertus,1337,0,1337
Linn,8,1308,1316
Ludwina,38,1274,1312
Lia,25,1282,1307
Laurence,751,542,1293
Lenie,29,1258,1287
Linsey,3,1260,1263
Lubertus,1256,3,1259
Lobke,3,1244,1247
Leona,21,1223,1244
Laurent,1212,26,1238
Lou,478,739,1217
Lubbert,1216,0,1216
Leontien,5,1197,1202
Lodevicus,1116,52,1168
Lammechien,3,1161,1164
Liane,5,1124,1129
Lenny,490,634,1124
Lammigje,3,1109,1112
Lutske,3,1095,1098
Lasse,1091,3,1094
Lysanne,0,1090,1090
Leslie,690,396,1086
Lorena,3,1055,1058
Lewis,949,40,989
Levinus,979,3,982
Lotus,14,960,974
Laurie,9,956,965
Len,861,93,954
Leyla,0,950,950
Lucinda,3,934,937
Léonie,3,929,932
Logan,802,126,928
Liva,9,913,922
Luciën,873,36,909
Leny,24,884,908
Lorraine,3,900,903
Lidia,8,888,896
Lidewij,3,880,883
Lizette,20,856,876
Loraine,3,872,875
Laurien,3,862,865
Lammerdina,3,841,844
Leila,3,835,838
Liliane,22,813,835
Liselot,0,835,835
Lin,129,648,777
Lies,20,753,773
Luitje,536,233,769
Lionel,742,3,745
Ludo,728,17,745
Loubna,0,742,742
Leni,6,733,739
Lida,3,732,735
Lloyd,723,8,731
Leoni,8,719,727
Lisan,3,724,727
Lenneke,0,700,700
Leen,607,88,695
Louwrens,693,0,693
Latifa,3,688,691
Lyanne,3,681,684
Lawrence,667,6,673
Lolkje,3,668,671
Luitzen,657,0,657
Lev,643,10,653
Leida,3,648,651
Lieneke,3,648,651
Lennon,639,10,649
Louiza,7,638,645
Leandro,640,3,643
Lennert,635,3,638
Lenthe,3,632,635
Lucius,628,3,631
Lolke,628,3,631
Leonoor,10,607,617
Leandra,3,604,607
Lillian,3,603,606
Lizz,0,604,604
Lijdia,0,599,599
Lubertha,0,596,596
Laure,3,592,595
Lijsje,0,586,586
Ling,59,527,586
Leontina,26,558,584
Liset,3,579,582
Liana,3,579,582
Luise,8,562,570
Luciënne,17,547,564
Luisa,3,558,561
Laïla,0,558,558
Luigi,518,12,530
Lien,11,513,524
Lourentius,519,3,522
Lyam,513,3,516
Leintje,3,508,511
Lieven,483,17,500
Lute,488,11,499
Lieselotte,3,497,500
Luciana,3,485,488
Leenderd,470,3,473
Latoya,3,461,464
Lune,5,456,461
Lucca,344,114,458
Lavinia,3,450,453
Lennaert,452,0,452
Lennox,404,45,449
Louwe,448,3,451
Lidy,8,440,448
Lucille,3,441,444
Loesje,3,434,437
Lourina,0,435,435
Lan,25,406,431
Lineke,0,427,427
Leone,60,360,420
Leonia,47,373,420
Lotta,0,420,420
Lotje,3,418,421
Leonhard,411,7,418
Lion,380,34,414
Lambertine,3,409,412
Lamyae,0,407,407
Laurette,0,407,407
Liene,0,407,407
Lis,3,393,396
Leonieke,0,394,394
Laurine,0,392,392
Luana,0,392,392
Lila,3,383,386
Lizanne,3,383,386
Liesje,0,380,380
Liselore,0,379,379
Lieuwkje,3,374,377
Latisha,3,372,375
Liyana,0,373,373
Laurus,370,0,370
Loet,344,26,370
Lorenz,361,5,366
Lein,352,13,365
Loran,309,51,360
Laureen,0,359,359
Lutina,0,359,359
Lenne,29,327,356
Lux,200,153,353
Lester,344,6,350
Lexi,3,348,351
Long,329,20,349
Lonne,6,339,345
Leonne,6,337,343
Lyda,3,339,342
Lowie,328,6,334
Luit,326,7,333
Luberta,3,331,334
Lammina,0,331,331
Louw,329,3,332
Lammechiena,0,328,328
Lammie,3,325,328
Luite,326,3,329
Ludolf,327,0,327
Liese,0,326,326
Linne,0,324,324
Lizzie,3,322,325
Lutgerdina,0,324,324
Lilianne,17,306,323
Lyan,32,284,316
Lean,180,131,311
Lesly,225,86,311
Linus,305,3,308
Lidwien,10,298,308
Lubberta,0,305,305
Lincy,3,300,303
Lientje,3,300,303
Libbe,294,0,294
Lizet,3,291,294
Luitjen,290,3,293
Loretta,0,291,291
Line,3,278,281
Lauri,22,255,277
Loulou,3,275,278
Luuc,275,3,278
Lili,3,273,276
Lubbertje,71,204,275
Lynne,3,274,277
Lummigje,0,273,273
Lok,184,87,271
Lai,45,223,268
Lourdes,3,263,266
Lieske,3,262,265
Lubbertha,0,264,264
Luz,16,248,264
Leunis,263,0,263
Loïc,262,3,265
Liena,3,259,262
Linette,0,259,259
Lijsbeth,0,258,258
Lijda,3,253,256
Lode,248,5,253
Lammegien,3,251,254
Levent,252,0,252
Lexie,0,249,249
Lissy,3,246,249
Lucian,234,12,246
Lammy,3,244,247
Letitia,3,243,246
Liefke,0,244,244
Lysbeth,0,244,244
Leopoldus,231,10,241
Leigh,30,209,239
Lauwrens,234,0,234
Loduvicus,215,18,233
Lissa,0,230,230
Lance,228,0,228
Lima,28,200,228
Lamar,188,39,227
Leffert,226,0,226
Lorette,3,224,227
Luan,192,34,226
Lucina,3,224,227
Luppo,225,0,225
Laurentina,3,221,224
Liliana,6,216,222
Lore,3,218,221
Lambrecht,221,0,221
Lilou,3,220,223
Lammertje,0,219,219
Lynette,0,218,218
Louwina,0,217,217
Lisenka,0,216,216
Loïse,3,215,218
Luchien,105,111,216
Louwerina,3,212,215
Lodevica,6,204,210
Lamkje,3,208,211
Luchiena,3,208,211
Levin,201,7,208
Lodewikus,201,7,208
Liedewij,0,206,206
Liora,0,206,206
Lino,194,11,205
Louay,203,3,206
Luus,5,199,204
Laszlo,193,10,203
Louk,192,10,202
Linh,26,175,201
Léontine,3,199,202
Larisa,0,199,199
Liona,3,196,199
Lothar,190,7,197
Lysette,0,197,197
Lenard,195,3,198
Loura,0,196,196
Lauran,179,16,195
Loeka,57,138,195
Louwerens,194,0,194
László,187,3,190
Loltje,0,190,190
Lyon,178,12,190
Lammechina,0,189,189
Lenette,0,189,189
Letty,0,189,189
Libertus,186,3,189
Lucette,0,189,189
Ludmilla,3,186,189
Loekie,19,168,187
Ludgerus,186,3,189
Leopoldine,3,185,188
Luchina,0,185,185
Lindsy,3,181,184
Larry,182,3,185
Lefert,182,0,182
Lourus,181,3,184
Lie,40,140,180
Lodewika,3,178,181
Loren,19,160,179
Lori,3,176,179
Lene,3,175,178
Leony,3,175,178
Lieselot,0,177,177
Lieze,0,176,176
Lavina,0,173,173
Lakshmi,3,169,172
Leena,0,172,172
Leia,0,172,172
Lenna,3,171,174
Liesanne,0,171,171
Lorin,21,150,171
Liekele,169,3,172
Livinus,155,15,170
Lolita,3,169,172
Louie,153,13,166
Lora,0,165,165
Lotfi,163,3,166
Laury,6,158,164
Linze,164,0,164
Lott,0,164,164
Lummetje,0,164,164
Lindi,3,162,165
Lysander,159,3,162
Lucky,89,72,161
Lambartus,160,0,160
Liang,139,21,160
Luduina,3,157,160
Leonardina,3,158,161
Luut,148,11,159
Liya,0,158,158
Lucianus,156,3,159
Loreen,0,157,157
Lienke,0,154,154
Lodewicus,151,3,154
Lynda,0,154,154
Leilani,0,152,152
Levie,127,25,152
Lyke,0,152,152
Laurenz,150,3,153
Lennie,28,123,151
Léonard,149,3,152
Lionne,0,151,151
Levon,148,3,151
Leopoldina,3,145,148
Lidwine,3,146,149
Liesbet,3,147,150
Lilia,3,147,150
Lya,3,147,150
Lisse,3,143,146
Lorenza,0,146,146
Lyana,0,146,146
Lani,9,136,145
Ludovic,140,3,143
Lichelle,0,143,143
Lijsbert,8,135,143
Lemar,141,3,144
Loeke,10,132,142
Lyn,3,140,143
León,140,0,140
Lizan,3,139,142
Lianna,0,139,139
Lone,3,136,139
Lucio,138,0,138
Luther,136,3,139
Luurt,138,0,138
Lucía,3,135,138
Leana,3,134,137
Lenora,0,134,134
Lubbigje,0,134,134
Lauraine,0,133,133
Liberta,0,133,133
Lejla,0,132,132
Lianda,3,131,134
Lajos,128,3,131
Lauretta,0,131,131
Leticia,0,131,131
Lutje,9,121,130
Lydie,3,127,130
Leeroy,129,0,129
Loe,83,46,129
Linsy,0,128,128
Levien,112,15,127
Loeki,12,115,127
Ludewina,0,126,126
Lijkele,125,0,125
Lyndsey,0,124,124
Lynsey,0,124,124
Lamke,0,123,123
Louize,0,123,123
Lamina,0,122,122
Leoniek,3,121,124
Lottie,0,122,122
Lynde,3,121,124
Lenore,0,121,121
Louella,0,121,121
Luce,13,108,121
Lyna,0,121,121
Lucinde,3,116,119
Lamia,0,117,117
Lilith,0,117,117
Lisbeth,3,114,117
Lumina,0,117,117
Loena,3,115,118
Lorijn,23,93,116
Lela,0,115,115
Liss,0,115,115
Lova,3,114,117
Lusanne,3,114,117
Lourentia,3,113,116
Lucilla,3,113,116
Lubbetje,0,113,113
Lilli,0,112,112
Laxmi,3,110,113
Lisanna,3,110,113
Lancelot,110,0,110
Licia,0,110,110
Laurencia,0,109,109
Lipkje,0,109,109
Louisius,108,3,111
Lambertje,3,107,110
Leijntje,0,108,108
Leonique,3,105,108
Loyd,103,3,106
Latifah,0,105,105
Livio,104,3,107
Ludmila,3,103,106
Lumen,47,58,105
Lenka,3,103,106
Lieveke,0,104,104
Lykele,101,3,104
Lale,3,102,105
Lando,100,3,103
Livvy,0,103,103
Ludger,103,0,103
Lulu,0,103,103
Lakisha,0,102,102
Louelle,3,101,104
Luutje,10,92,102
Leora,0,101,101
Liesette,0,101,101
Lamberthus,100,0,100
Lioba,3,99,102
Lemke,3,95,98
Lisabeth,3,98,101
Latif,94,3,97
Leonor,10,88,98
Letta,0,98,98
Louke,15,83,98
Louwrina,0,98,98
Love,12,86,98
Lun,89,9,98
Leonidas,90,7,97
Lizelotte,0,97,97
Lincoln,95,3,98
Laurian,35,60,95
Liberty,11,84,95
Lauryn,3,93,96
Luci,3,90,93
Leonel,90,3,93
Lotty,0,93,93
Lisa-Marie,3,91,94
Lokke,3,91,94
Loris,78,14,92
Lummechien,0,92,92
Louka,27,64,91
Lamis,0,90,90
Lody,74,16,90
Lorèn,5,85,90
Léone,3,85,88
Livy,3,88,91
Lodovicus,86,3,89
Lukina,0,89,89
Leya,0,88,88
Leylâ,0,88,88
Lidian,3,87,90
Linnea,0,88,88
Lippe,88,0,88
Lubbartus,88,0,88
Lubberdina,0,88,88
Luitsen,88,0,88
Levine,17,70,87
Lisetta,3,86,89
Lorna,0,87,87
Lucile,0,87,87
Lauwerina,0,86,86
Liske,14,72,86
Lolle,85,3,88
Louïse,0,86,86
Louisette,0,86,86
Lua,3,85,88
Lung,84,3,87
Leanna,0,85,85
Lenze,85,0,85
Leonardes,78,7,85
Lior,62,23,85
Lisandro,85,0,85
Livina,3,83,86
Luthera,0,85,85
Lahcen,81,3,84
Lammichje,0,84,84
Luktje,0,84,84
Lorelei,0,83,83
Lotti,3,82,85
Louisse,3,79,82
Ludy,28,55,83
Lulof,83,0,83
Lau,75,7,82
Lauwerens,82,0,82
Lideweij,0,82,82
Lyra,0,82,82
Loa,5,76,81
Lon,49,32,81
Lorain,7,74,81
Lyndon,80,0,80
Livay,78,3,81
Liyam,79,0,79
Luzia,3,77,80
Leann,3,76,79
Léonne,3,76,79
Liong,75,3,78
Lude,48,30,78
Liskje,0,77,77
Lakeisha,0,76,76
Laurentien,0,76,76
Laurentine,3,75,78
Lebuinus,76,0,76
Laban,75,0,75
Laurens-Jan,75,0,75
Lika,3,73,76
Luuke,3,72,75
Liduine,3,73,76
Livius,74,0,74
Lizze,0,74,74
Lubbe,74,0,74
Laas,73,0,73
Letizia,0,73,73
Liduïna,0,73,73
Lyonne,3,69,72
Lazlo,69,3,72
Lily-Rose,0,72,72
Lykle,71,3,74
Limke,0,71,71
Livai,71,0,71
Luiz,71,0,71
Lydian,3,68,71
Lano,62,8,70
Lelie,0,70,70
Loan,14,56,70
Lodewina,0,70,70
Lummina,0,70,70
Linet,0,69,69
Lowina,3,68,71
Layana,0,68,68
Lodi,39,29,68
Lukkina,0,68,68
Laurents,67,0,67
Lizabeth,3,65,68
Loredana,0,67,67
Lycke,0,67,67
Lard,65,3,68
Léa,0,66,66
Léanne,0,66,66
Lenno,66,0,66
Lona,3,65,68
Leatitia,3,63,66
Leijn,64,3,67
Laurenske,0,64,64
Léan,44,20,64
Lebertus,64,0,64
Leif,64,0,64
Lammertdina,0,63,63
Laut,61,3,64
Loise,0,63,63
Ludia,3,62,65
Lútsen,63,0,63
Lysa,0,63,63
Lammertina,0,62,62
Lazar,62,0,62
Leco,60,3,63
Leung,60,3,63
Lindo,60,3,63
Lita,0,61,61
Lubert,61,0,61
Luco,60,3,63
Leopolda,0,60,60
Leotine,3,57,60
Lieva,0,60,60
Liron,51,9,60
Larbi,59,0,59
Leendert-Jan,59,0,59
Lemmy,52,7,59
Libby,3,58,61
Lonny,12,47,59
Luay,56,3,59
Lubbina,0,59,59
Ludgera,0,59,59
Ludolph,59,0,59
Luigino,59,0,59
Landon,58,0,58
Lidewei,0,58,58
Lisandra,0,58,58
Livana,0,58,58
Lizelot,0,58,58
Lovely,3,55,58
Lucianne,0,58,58
Luck,58,0,58
Luiza,0,58,58
Lysan,0,58,58
Laurèl,0,57,57
Liban,48,9,57
Lovina,0,57,57
Lutgertje,3,56,59
Lyann,3,56,59
Lamine,50,6,56
Lette,0,56,56
Lévi,53,3,56
Levijn,55,3,58
Lewi,44,12,56
Lidewijde,0,56,56
Ligia,0,56,56
Lous,9,47,56
Luqman,56,0,56
Lyla,0,56,56
Ladislaus,47,8,55
Lamin,55,0,55
Laurenzo,55,0,55
Lizetta,5,50,55
Loys,11,44,55
Lauke,14,40,54
Lijsbertus,54,0,54
Lillie,0,54,54
Luigia,0,54,54
Laurèn,3,51,54
Lense,52,3,55
Lidya,0,53,53
Liedeke,0,53,53
Lio,26,27,53
Lione,3,52,55
Loïsa,0,53,53
Luutzen,53,0,53
Lambarta,0,52,52
Lamya,0,52,52
Laurinus,52,0,52
Lavin,6,46,52
Leocadia,0,52,52
Leontiene,0,52,52
Lexy,3,51,54
Liborius,52,0,52
Lijnie,0,52,52
Lorens,51,3,54
Ludina,0,52,52
Luken,51,3,54
Luutske,0,52,52
Lajla,0,51,51
Laudina,3,50,53
Laurenza,0,51,51
Leonida,3,49,52
Lindey,3,50,53
Lionell,50,3,53
Lorien,0,51,51
Louana,0,51,51
Lucan,49,3,52
Lummie,0,51,51
Lupko,51,0,51
Lamberto,48,3,51
Latischa,0,50,50
Laurensius,48,3,51
Lidewey,0,50,50
Lissette,0,50,50
Louris,50,0,50
Lucelle,3,49,52
Ludwinus,50,0,50
Luikje,0,50,50
Luiktje,0,50,50
Lutine,0,50,50
Laïs,3,47,50
Laverne,5,44,49
Levana,0,49,49
Liano,49,0,49
Liseth,3,48,51
Liu,25,24,49
Luud,43,6,49
Lambertdina,0,48,48
Laquisha,0,48,48
Lebuïnus,48,0,48
Leine,0,48,48
Levay,46,3,49
Lidwiena,3,45,48
Liny,0,48,48
Lygia,0,48,48
Lammegina,3,46,49
Laurena,0,47,47
Laurin,11,36,47
Lee-Ann,0,47,47
Leela,0,47,47
Lenardus,47,0,47
Libertha,0,47,47
Liduinus,47,0,47
Lisalotte,3,46,49
Lema,3,43,46
Libert,42,3,45
Livv,3,44,47
Luwe,46,0,46
Lyvia,0,46,46
Lalita,0,45,45
Larice,3,43,46
Leidy,0,45,45
Leonardi,19,26,45
Lilya,0,45,45
Lim,25,20,45
Lodewijck,45,0,45
Lokman,44,3,47
Lorelai,0,45,45
Louisia,0,45,45
Lubina,0,45,45
Lukje,0,45,45
Laurinda,0,44,44
Leigje,0,44,44
Liewe,42,3,45
Lilyan,0,44,44
Lutien,7,37,44
Lyanna,0,44,44
Lykke,3,43,46
Lyona,0,44,44
Lamberdine,3,41,44
Lambregt,43,0,43
Latife,0,43,43
Leanda,3,41,44
Léonore,0,43,43
Lidi,3,42,45
Liesl,0,43,43
Loisa,0,43,43
Lonnie,6,37,43
Lovis,7,36,43
Loy,34,9,43
Lucenzo,43,0,43
Ludzer,43,0,43
Lylian,0,43,43
Lyssa,0,43,43
Leenard,42,0,42
Léroy,42,0,42
Levinio,42,0,42
Lindert,42,0,42
Livine,0,42,42
Loyce,3,40,43
Lutgardis,9,33,42
Luttina,0,42,42
Lydwina,0,42,42
Lyenne,0,42,42
Lammieke,0,41,41
Lauris,39,3,42
Lemina,0,41,41
Leonarde,3,40,43
Levani,41,0,41
Lieuwke,16,25,41
Lijkle,41,0,41
Loana,0,41,41
Lorentz,41,0,41
Louwke,3,38,41
Lubna,0,41,41
Lyem,41,0,41
Lyse,3,40,43
Lambèrt,40,0,40
Lauwrina,0,40,40
Leng,8,32,40
Léoni,0,40,40
Liandra,0,40,40
Liesa,3,39,42
Ljubica,3,39,42
Loduvica,3,37,40
Louanne,0,40,40
Louwrentius,40,0,40
Lucenda,0,40,40
Ludwich,40,0,40
Ludwin,37,3,40
Lugina,0,40,40
Luiken,40,0,40
Lauranne,0,39,39
Leandros,39,0,39
Leanora,3,38,41
Link,37,3,40
Lique,0,39,39
Lise-Lotte,0,39,39
Litania,3,38,41
Llewellyn,29,10,39
Lourencius,39,0,39
Lowieke,21,18,39
Labina,0,38,38
Laia,0,38,38
Lammertine,0,38,38
Leron,38,0,38
Leyna,0,38,38
Liesbert,3,37,40
Lijanne,0,38,38
Lijna,0,38,38
Lilo,3,37,40
Limkje,0,38,38
Lincey,3,37,40
Lisha,0,38,38
Livano,38,0,38
Lubertine,0,38,38
Lynthe,0,38,38
Laurensia,0,37,37
Leenderina,0,37,37
Lesley-Ann,0,37,37
Linah,3,36,39
Linderdina,0,37,37
Lizzi,0,37,37
Louisiana,3,36,39
Luciena,0,37,37
Luciëne,3,33,36
Ludovika,0,37,37
Ludovikus,36,3,39
Luigiano,37,0,37
Luís,37,0,37
Lyano,37,0,37
Lysbert,3,35,38
Lyvana,0,37,37
Lamiae,0,36,36
Laudy,3,33,36
Leda,3,35,38
Leman,12,24,36
Lemuel,36,0,36
Lens,35,3,38
Liisa,0,36,36
Like,0,36,36
Lindie,0,36,36
Linna,0,36,36
Lleyton,36,0,36
Lodewijka,0,36,36
Lucrecia,0,36,36
Lutein,3,33,36
Lutger,36,0,36
Lutiena,0,36,36
Lyndi,0,36,36
Lacey,3,33,36
Lâle,0,35,35
Larisse,0,35,35
Laurianne,0,35,35
Lef,33,3,36
Léona,0,35,35
Lewina,0,35,35
Lidewy,0,35,35
Lieuwina,0,35,35
Liroy,35,0,35
Luciel,3,33,36
Lyske,0,35,35
Lammegiena,0,34,34
Laurensa,3,33,36
Lauro,34,0,34
Layanah,0,34,34
Lejon,34,0,34
Leonita,0,34,34
Liberata,3,32,35
Lideke,0,34,34
Linnéa,0,34,34
Loki,29,5,34
Loni,3,32,35
Louca,23,11,34
Louwerus,34,0,34
Lucièn,33,3,36
Lucine,0,34,34
Luigina,0,34,34
Lutherus,33,3,36
Lane,8,25,33
Lap,33,0,33
Larson,33,0,33
Laticia,0,33,33
Laurissa,0,33,33
Lawin,14,19,33
Leendrina,0,33,33
Leff,33,0,33
Leonid,32,3,35
Liem,25,8,33
Linc,33,0,33
Linden,19,14,33
Loeske,0,33,33
Louwra,0,33,33
Lucila,0,33,33
Lupe,3,29,32
Lynden,29,3,32
Laslo,30,3,33
Laurencius,32,0,32
Lauret,3,31,34
Leane,3,30,33
Lelia,3,31,34
Lenus,32,0,32
Leokadia,3,30,33
Lide,3,29,32
Lijgje,0,32,32
Lizeth,0,32,32
Lomme,32,0,32
London,17,15,32
Lorance,3,29,32
Lorence,15,17,32
Lucretius,32,0,32
Lukkiena,0,32,32
Lütfi,32,0,32
Lütfiye,0,32,32
Lyane,0,32,32
Lyckle,32,0,32
Lakeesha,0,31,31
Lalla,0,31,31
Larsson,30,3,33
Leeloo,0,31,31
Lely,0,31,31
Lemuël,31,0,31
Levano,31,0,31
Liesel,0,31,31
Linsay,0,31,31
Linthe,0,31,31
Lotteke,0,31,31
Louna,0,31,31
Louren,18,13,31
Luciènne,3,30,33
Lucresia,0,31,31
Lummy,0,31,31
Laya,0,30,30
Lazaro,29,3,32
Lebbert,30,0,30
Leendertje,0,30,30
Leonardine,0,30,30
Liandro,30,0,30
Lijbert,30,0,30
Lodewica,0,30,30
Loeky,6,24,30
Lorencio,30,0,30
Lorenso,30,0,30
Luanne,0,30,30
Lubbechien,0,30,30
Ludi,17,13,30
Luiksje,0,30,30
Luwina,0,30,30
Lydi,0,30,30
Lyndsay,0,30,30
Lysanna,0,30,30
Larah,0,29,29
Lászlo,29,0,29
Laurijn,10,19,29
Léander,27,3,30
Leilah,0,29,29
Lenke,3,28,31
Liara,0,29,29
Liekel,29,0,29
Lillianne,3,26,29
Lisah,0,29,29
Lodia,0,29,29
Lorinda,0,29,29
Luberthus,29,0,29
Luciene,3,27,30
Lusia,0,29,29
Lyanca,0,29,29
Lynnette,0,29,29
Lysbet,0,29,29
Larse,28,0,28
Laurance,3,25,28
Laurensje,0,28,28
Lavendel,0,28,28
Lavie,3,26,29
Layan,3,27,30
Leano,28,0,28
Lebartus,28,0,28
Lenz,28,0,28
Lestari,0,28,28
Linzy,0,28,28
Livi,3,26,29
Ljibbe,28,0,28
Longina,0,28,28
Lorainne,0,28,28
Lorene,3,27,30
Lorianne,0,28,28
Lowe,24,3,27
Lowis,9,19,28
Lucilia,0,28,28
Landa,3,25,28
Latysha,0,27,27
Laudine,0,27,27
Laurene,0,27,27
Lausanne,0,27,27
Lee-Roy,27,0,27
Leenderdina,3,26,29
Leïla,0,27,27
Lettie,0,27,27
Lièn,0,27,27
Lindomar,27,0,27
Lokmane,27,0,27
Loreana,0,27,27
Loui,24,3,27
Lout,23,3,26
Lucita,0,27,27
Ludgerdina,0,27,27
Ludwik,27,0,27
Luiten,27,0,27
Luk,23,3,26
Lume,19,8,27
Lummechiena,0,27,27
Lynet,0,27,27
Lysandro,27,0,27
Lysia,10,17,27
Lamberte,3,25,28
Lambertinus,26,0,26
Latrell,26,0,26
Laudi,0,26,26
Laurentz,26,0,26
Leberina,3,25,28
Leeuwkje,0,26,26
Leto,21,5,26
Levente,26,0,26
Levert,25,3,28
Levey,24,3,27
Lillith,0,26,26
Livanur,0,26,26
Loc,24,3,27
Loesanne,0,26,26
Lorrain,3,25,28
Lubartus,26,0,26
Lukiena,0,26,26
Lutgarda,3,25,28
Laantje,0,25,25
Laith,25,0,25
Lanny,17,8,25
Larz,25,0,25
Laurencio,25,0,25
Lazarus,25,0,25
Liah,0,25,25
Liedia,0,25,25
Lief,3,23,26
Lijkeltje,0,25,25
Lilawatie,0,25,25
Lilianna,3,24,27
Linquenda,0,25,25
Lissie,0,25,25
Lodewieke,3,24,27
Lolkjen,0,25,25
Loreena,0,25,25
Lorian,10,15,25
Louette,0,25,25
Loukina,0,25,25
Lowiese,0,25,25
Ludgardis,8,17,25
Lutgertien,0,25,25
Lycia,0,25,25
Lydianne,0,25,25
Lymée,0,25,25
Lyne,0,25,25
Lamberthe,0,24,24
Lammerdiena,0,24,24
Laryssa,0,24,24
Laticha,0,24,24
Laurel,6,18,24
Lebuina,0,24,24
Leidina,0,24,24
Leja,0,24,24
Lejan,19,5,24
Lenja,0,24,24
Leszek,24,0,24
Levai,24,0,24
Liebe,21,3,24
Lijon,24,0,24
Lijske,0,24,24
Lilja,0,24,24
Lilly-Ann,0,24,24
Linge,3,23,26
Loed,24,0,24
Loraina,0,24,24
Loret,0,24,24
Loudi,3,22,25
Louwers,24,0,24
Lowen,18,6,24
Lucresa,0,24,24
Luella,0,24,24
Lumbertus,24,0,24
Lupke,3,21,24
Lusina,0,24,24
Lutgarde,5,19,24
Lutgerus,24,0,24
Lynke,0,24,24
Laisa,0,23,23
Laksmi,0,23,23
Lamija,0,23,23
Lander,23,0,23
Laurelle,0,23,23
Lauwrentius,23,0,23
Leeuwke,17,6,23
Leike,12,11,23
Lejo,21,3,24
Lendert,23,0,23
Léontien,0,23,23
Lieffert,23,0,23
Lieukje,0,23,23
Lizy,3,22,25
Lóa,0,23,23
Loay,23,0,23
Lodevikus,21,3,24
Loiza,0,23,23
Lopes,16,7,23
Lorine,0,23,23
Lourents,23,0,23
Lowies,14,9,23
Lubette,0,23,23
Lucija,0,23,23
Lunette,0,23,23
Luurtske,0,23,23
Lyenna,0,23,23
Lysandra,0,23,23
Lyza,0,23,23
Lyze,0,23,23
Lyzette,0,23,23
Lafayette,17,5,22
Laiba,0,22,22
Lambèr,22,0,22
Lamert,22,0,22
Lammiena,0,22,22
Lauwrence,19,3,22
Lava,3,20,23
Lebrina,0,22,22
Leigh-Ann,0,22,22
Leighton,15,7,22
Lejanne,0,22,22
Leòn,22,0,22
Léonardus,21,3,24
Leotina,3,21,24
Letteke,3,21,24
Levinia,0,22,22
Leyana,0,22,22
Liann,3,21,24
Liddy,0,22,22
Lilah,0,22,22
Lilliane,3,21,24
Lisabet,0,22,22
Lively,0,22,22
Liyah,0,22,22
Ljiljana,0,22,22
Lodewieka,0,22,22
Lorik,21,3,24
Loth,7,15,22
Loua,0,22,22
Louïsa,0,22,22
Lousanne,0,22,22
Luanna,0,22,22
Lubbertina,0,22,22
Lucielle,3,21,24
Lucya,0,22,22
Lucyna,0,22,22
Ludwine,0,22,22
Luko,22,0,22
Lútzen,22,0,22
Lydeke,0,22,22
Lyen,8,14,22
Ladan,3,20,23
Latitia,0,21,21
Lauressa,3,20,23
Lavanya,0,21,21
Lavelle,9,12,21
Legina,0,21,21
Lévano,21,0,21
Lianneke,0,21,21
Lias,21,0,21
Lidija,0,21,21
Lieda,0,21,21
Liënne,0,21,21
Liesan,0,21,21
Lieza,0,21,21
Lipke,8,13,21
Liviana,0,21,21
Lizza,0,21,21
Lopke,0,21,21
Lotis,0,21,21
Lou-Lou,0,21,21
Louïs,16,5,21
Lourence,5,16,21
Lourense,3,20,23
Louwine,0,21,21
Louwris,21,0,21
Lovisa,0,21,21
Lowiesa,0,21,21
Lub,20,3,23
Lubertina,0,21,21
Ludie,8,13,21
Lupita,0,21,21
Lutcia,0,21,21
Lydwine,0,21,21
Ladislav,20,0,20
Lanisha,0,20,20
Lareyna,0,20,20
Laska,0,20,20
Latief,18,3,21
Laurant,20,0,20
Laurentiana,0,20,20
Lavinya,0,20,20
Layton,20,0,20
Ledwina,0,20,20
Leeuwe,20,0,20
Lemi,20,0,20
Leviena,0,20,20
Leyan,3,17,20
Liecke,0,20,20
Liën,3,19,22
Lijkel,19,3,22
Lily-Ann,0,20,20
Linnet,0,20,20
Livan,19,3,22
Lobna,0,20,20
Lodewyk,20,0,20
Loic,20,0,20
Loreta,0,20,20
Loujain,0,20,20
Louwerdina,0,20,20
Lovinus,20,0,20
Lowell,19,3,22
Lucianna,0,20,20
Lucienna,0,20,20
Ludgarda,3,19,22
Luink,20,0,20
Lusan,0,20,20
Lutgard,5,15,20
Ly-Ann,0,20,20
Laeticia,0,19,19
Lala,0,19,19
Lambartha,0,19,19
Latanya,0,19,19
Lateesha,0,19,19
Lativa,0,19,19
Laurean,10,9,19
Laurense,3,15,18
Laye,14,5,19
Leaf,3,17,20
Leberta,0,19,19
Lenart,19,0,19
Léo,19,0,19
Léonce,3,15,18
Lesane,16,3,19
Lesina,0,19,19
Libaan,18,3,21
Lidie,0,19,19
Liebbe,18,3,21
Liede,3,18,21
Liekeltje,0,19,19
Lins,17,3,20
Lodevika,0,19,19
Loi,14,5,19
Lony,3,18,21
los,3,15,18
Lougina,0,19,19
Lourenz,18,3,21
Lowi,18,3,21
Lucil,3,17,20
Luidina,3,16,19
Lujain,0,19,19
Lutgerdiena,0,19,19
Lutzen,19,0,19
Lyenn,3,15,18
Lyfke,0,19,19
Lynna,0,19,19
Lyzanne,0,19,19
La-Toya,0,18,18
Laeta,3,17,20
Lammegje,0,18,18
Lamont,17,3,20
Landricus,17,3,20
Lans,17,3,20
Larenzo,18,0,18
Larisha,0,18,18
Laureline,0,18,18
Lemoni,0,18,18
Lenarda,0,18,18
Lenhard,18,0,18
Lennaerd,18,0,18
Leonce,10,8,18
Leonides,17,3,20
Leontientje,0,18,18
Levia,0,18,18
Lèvin,18,0,18
Levita,0,18,18
Lewie,17,3,20
Ley,11,7,18
Lianca,0,18,18
Libertine,0,18,18
Liboria,0,18,18
Lidiana,0,18,18
Lieme,17,3,20
Lieset,0,18,18
Lievia,0,18,18
Lievijn,8,10,18
Lillyam,0,18,18
Lindon,16,3,19
Linton,18,0,18
Lisebet,0,18,18
Lisseija,0,18,18
Lodewiek,17,3,20
Loukas,18,0,18
Lourenço,18,0,18
Louwerenske,0,18,18
Lowisa,3,17,20
Luba,0,18,18
Lubbegien,0,18,18
Luchiano,18,0,18
Lucka,10,8,18
Ludolphus,17,3,20
Lupchina,0,18,18
Lutgart,3,14,17
Lutsen,18,0,18
Luutsen,18,0,18
Lyanda,3,17,20
Lys,0,18,18
Lamberti,7,10,17
Lammechienus,17,0,17
Lanah,0,17,17
Lanya,0,17,17
Larin,3,16,19
Larsen,17,0,17
Lavi,15,3,18
Laxmidevi,0,17,17
Lebertha,0,17,17
Leginah,0,17,17
Lemay,3,16,19
Lemya,0,17,17
Lenni,8,9,17
Leobertus,17,0,17
Levar,17,0,17
Leyn,15,3,18
Librecht,17,0,17
Lica,3,16,19
Ligaya,0,17,17
Lijndert,17,0,17
Lijsbertha,3,14,17
Lilit,0,17,17
Lilliana,0,17,17
Lillyan,0,17,17
Lisinka,0,17,17
Liska,0,17,17
Lisz,0,17,17
Liudger,17,0,17
Liyem,17,0,17
Lizanna,0,17,17
Llewelyn,16,3,19
Lodewiekus,17,0,17
Lodie,9,8,17
Loo,9,8,17
Loog,17,0,17
Loqman,17,0,17
Loreno,17,0,17
Lou-Ann,0,17,17
Louky,3,16,19
Lubbertine,0,17,17
Luberthe,0,17,17
Lucherdina,0,17,17
Luciëlle,3,16,19
Luciënna,0,17,17
Lucrezia,0,17,17
Ludovico,15,3,18
Ludowicus,17,0,17
Ludwika,0,17,17
Luena,0,17,17
Luïse,3,16,19
Luitina,0,17,17
Lukkien,3,13,16
Lukman,13,3,16
Lummechina,0,17,17
Luppe,17,0,17
Luttiena,0,17,17
Lyric,8,9,17
Labib,10,6,16
Lachmi,3,14,17
Laël,5,11,16
Laelia,0,16,16
Lahbib,16,0,16
Lahdo,16,0,16
Laine,0,16,16
Lakiesha,0,16,16
Lakshmidevi,0,16,16
Lamarr,15,3,18
Lambertes,16,0,16
Lanna,0,16,16
Laraine,0,16,16
Larasati,0,16,16
Laressa,0,16,16
Largo,16,0,16
Latefa,0,16,16
Lauwina,0,16,16
Lavender,0,16,16
Lavita,0,16,16
Laxmie,0,16,16
Layra,0,16,16
Leenardus,16,0,16
Lenah,0,16,16
Lenardo,15,3,18
Leoncio,16,0,16
Leonhardus,16,0,16
Levino,16,0,16
Lexx,16,0,16
Lianka,0,16,16
Liat,5,11,16
Lidwinus,16,0,16
Liezette,0,16,16
Lijpje,0,16,16
Lijsija,0,16,16
Lilla,0,16,16
Linard,16,0,16
Linaya,0,16,16
Liridon,16,0,16
Liselle,0,16,16
Lital,0,16,16
Liuwe,16,0,16
Lobbetje,0,16,16
Loeck,16,0,16
Lonieke,0,16,16
Loranne,3,15,18
Lorina,3,15,18
Lourenzo,16,0,16
Lourien,0,16,16
Lucero,5,11,16
Luchienus,16,0,16
Lucré,0,16,16
Ludevicus,16,0,16
Ludgardus,10,6,16
Ludovique,3,15,18
Ludwien,3,13,16
Lummegien,0,16,16
Lusette,0,16,16
Lutera,0,16,16
Lutinus,16,0,16
Lutz,14,3,17
Luuck,16,0,16
Lyckele,15,3,18
Lyset,0,16,16
Lady,0,15,15
Lakeysha,0,15,15
Lalo,15,0,15
Lamberdinus,15,0,15
Lammi,0,15,15
Larinda,0,15,15
Lauré,3,12,15
Laurensz,15,0,15
Laurisa,0,15,15
Lautaro,15,0,15
Lavinio,15,0,15
Lawa,3,12,15
Lawand,14,3,17
Layna,0,15,15
Leantine,0,15,15
Ledeyna,0,15,15
Legiman,15,0,15
Leire,0,15,15
Lenardina,3,14,17
Lennan,14,3,17
Leong,15,0,15
Leonike,0,15,15
Leonza,3,12,15
Léopold,14,3,17
Letisha,0,15,15
Leva,3,14,17
Levian,15,0,15
Lexus,7,8,15
Lidianne,0,15,15
Liedeweij,0,15,15
Liefe,0,15,15
Lieselore,0,15,15
Lilly-Rose,0,15,15
Lily-Mae,0,15,15
Lisia,0,15,15
Lissi,0,15,15
Liyan,3,11,14
Longinus,14,3,17
Lonie,0,15,15
Lord,14,3,17
Lory,0,15,15
Loucka,6,9,15
Lourine,0,15,15
Lubbarta,0,15,15
Lucel,13,3,16
Luciaan,15,0,15
Lucién,15,0,15
Ludolpha,3,14,17
Luísa,0,15,15
Lukasz,15,0,15
Lukke,0,15,15
Lumi,3,13,16
Luppina,0,15,15
Lusie,0,15,15
Lakysha,0,14,14
Lalique,3,13,16
Lamberdiena,0,14,14
Larsse,14,0,14
Las,14,0,14
Lâtife,0,14,14
Latina,0,14,14
Laureano,14,0,14
Laurieke,0,14,14
Laurora,0,14,14
Leanore,0,14,14
Leart,14,0,14
Ledrik,14,0,14
Leenke,3,13,16
Leeuwenhart,10,3,13
Legend,14,0,14
Legimin,14,0,14
Leijda,0,14,14
Lent,14,0,14
Lenya,0,14,14
Leonardis,13,3,16
Leonhardt,14,0,14
Leonhart,14,0,14
Leopoldo,14,0,14
Leske,0,14,14
Leviano,14,0,14
Lévin,14,0,14
Leyah,0,14,14
Leylah,0,14,14
Liberté,3,12,15
Lido,12,3,15
Liebigje,0,14,14
Liefka,0,14,14
Lieka,0,14,14
Liël,3,12,15
Liibaan,14,0,14
Lijan,3,12,15
Lile,0,14,14
Lilie,0,14,14
Lille,0,14,14
Limor,0,14,14
Lindiwe,0,14,14
Linea,0,14,14
Linsie,0,14,14
Lisa-Maria,0,14,14
Lizbeth,0,14,14
Ljudmila,3,13,16
Lobberig,0,14,14
Loebna,0,14,14
Lolo,3,11,14
Loong,13,3,16
Lorisa,0,14,14
Lorita,0,14,14
Lotharius,14,0,14
Lotte-Sophie,0,14,14
Louane,0,14,14
Louina,0,14,14
Louran,13,3,16
Louwrientje,0,14,14
Luano,14,0,14
Lucardo,14,0,14
Lucienda,0,14,14
Lucinus,14,0,14
Luctor,14,0,14
Ludolfina,0,14,14
Luèn,6,8,14
Luen,9,5,14
Lugiena,0,14,14
Luitgarda,3,13,16
Lukea,0,14,14
Lumke,0,14,14
Lunah,0,14,14
Lutgardus,11,3,14
Lutiano,14,0,14
Luwam,0,14,14
Lyandro,14,0,14
Lyde,0,14,14
Lygina,0,14,14
Lykel,11,3,14
Lael,5,8,13
Laika,3,12,15
Lain,3,10,13
Lamarana,3,10,13
Lamberth,13,0,13
Lambertien,0,13,13
Lamerdina,0,13,13
Lanka,3,11,14
Larena,0,13,13
Larina,0,13,13
Lashawna,0,13,13
Läslo,13,0,13
Laureanne,0,13,13
Laurène,0,13,13
Laurenzia,0,13,13
Laurijntje,0,13,13
Laurijs,12,3,15
Laurits,13,0,13
Layenna,0,13,13
Laylah,0,13,13
Leam,13,0,13
Leelke,0,13,13
Leevi,13,0,13
Legijem,0,13,13
Leidi,0,13,13
Leidia,0,13,13
Lène,3,12,15
Lenina,0,13,13
Lèon,13,0,13
Leonara,0,13,13
Leonide,3,10,13
Lew,13,0,13
Lewon,13,0,13
Leylani,0,13,13
Lidewina,0,13,13
Liduin,0,13,13
Liên,0,13,13
Liesjen,0,13,13
Lif,3,11,14
Lijdie,0,13,13
Lijsberth,0,13,13
Lini,0,13,13
Linneke,0,13,13
Liran,6,7,13
Lissanne,0,13,13
Livya,0,13,13
Liwanu,12,3,15
Ljuba,3,10,13
Lmar,12,3,15
Loah,0,13,13
Lobina,0,13,13
Lodovica,3,12,15
Loen,10,3,13
Loete,10,3,13
Loor,0,13,13
Lorentzo,13,0,13
Lorissa,0,13,13
Lorraina,0,13,13
Louki,3,12,15
Lourensa,0,13,13
Lourensia,0,13,13
Lourentina,0,13,13
Lourinus,13,0,13
Loutfi,13,0,13
Louwiena,0,13,13
Louwisa,0,13,13
Lubarta,0,13,13
Lubbechiena,0,13,13
Lubecca,0,13,13
Lucella,0,13,13
Luchano,13,0,13
Ludwiena,3,12,15
Lupa,5,8,13
Luqmaan,13,0,13
Luta,3,10,13
Lutia,3,12,15
Luurd,13,0,13
Luxx,10,3,13
Luzette,0,13,13
Lyo,11,3,14
Lyone,0,13,13
Lyron,13,0,13
Lachmie,3,11,14
Laluna,0,12,12
Lamberdien,0,12,12
Lamyaa,0,12,12
Lanzo,12,0,12
Laraib,3,10,13
Latiefa,0,12,12
Laurynn,3,11,14
Laus,12,0,12
Lay,3,9,12
Lazo,12,0,12
Léandra,0,12,12
Lebron,12,0,12
Lech,12,0,12
Leene,0,12,12
Lefina,0,12,12
Lefty,12,0,12
Leginem,0,12,12
Leneke,0,12,12
Lenita,0,12,12
Lenneart,12,0,12
Leno,12,0,12
Leocadius,12,0,12
Leocardia,3,11,14
Leonda,3,10,13
Leonella,0,12,12
Leonneke,0,12,12
Leontia,0,12,12
Letje,0,12,12
Letticia,0,12,12
Leuna,0,12,12
Leuni,0,12,12
Levan,11,3,14
Lévy,10,3,13
Leyntje,0,12,12
Liberia,0,12,12
Liebertus,12,0,12
Liedewei,3,11,14
Lieseth,3,11,14
Lieuwes,10,3,13
Liezelotte,0,12,12
Lijsia,10,3,13
Liliosa,0,12,12
Lipkjen,0,12,12
Lisbet,3,11,14
Lisca,0,12,12
Livayro,12,0,12
Livonne,0,12,12
Liyanna,0,12,12
Lodivicus,12,0,12
Lodowicus,12,0,12
Lonja,3,8,11
Lordina,0,12,12
Lorencia,0,12,12
Loriën,3,9,12
Lorrenzo,12,0,12
Louissa,0,12,12
Lourensius,12,0,12
Lovi,5,7,12
Lucah,11,3,14
Luchino,12,0,12
Lucjan,12,0,12
Ludgard,6,6,12
Ludson,12,0,12
Ludvig,12,0,12
Luilf,12,0,12
Lukie,3,9,12
Luma,3,8,11
Lumey,8,3,11
Lumine,0,12,12
Lund,8,3,11
Lupje,0,12,12
Luten,10,3,13
Lütfü,12,0,12
Lutjen,3,11,14
Lutsche,0,12,12
Luza,3,11,14
Luzanne,3,11,14
Lyas,12,0,12
Laela,0,11,11
Laëlle,0,11,11
Laetantia,0,11,11
Laiza,0,11,11
Lamara,0,11,11
Lamberthina,0,11,11
Lamiya,0,11,11
Landelina,0,11,11
Landoaldus,11,0,11
Larou,0,11,11
Lars-Erik,11,0,11
Lashawn,5,6,11
Lauk,11,0,11
Laureina,0,11,11
Laurentijn,3,9,12
Lauritz,11,0,11
Lawan,8,3,11
Layal,0,11,11
Layth,11,0,11
Leanarda,0,11,11
Léandre,10,3,13
Leau,3,9,12
Leboerius,11,0,11
Leijne,0,11,11
Leli,3,10,13
Lem,11,0,11
Lendy,3,7,10
Lennen,11,0,11
Leodina,3,9,12
Leonien,0,11,11
Leonis,9,3,12
Leontinus,11,0,11
Leontius,11,0,11
Leotien,0,11,11
Lerato,6,5,11
Levi-Jay,11,0,11
Levonne,0,11,11
Lewy,7,3,10
Lhasa,0,11,11
Lianke,0,11,11
Licette,0,11,11
Liedy,3,10,13
Lies-Anne,0,11,11
Lijne,0,11,11
Lijsberta,3,8,11
Lilan,3,10,13
Liliën,0,11,11
Lillemor,0,11,11
Liloe,0,11,11
Linie,0,11,11
Linse,9,3,12
Lisa-Lotte,0,11,11
Lisa-Lynn,0,11,11
Lisabetha,0,11,11
Lisander,11,0,11
Livairo,11,0,11
Live,7,3,10
Liyara,0,11,11
Lizaira,0,11,11
Lizge,0,11,11
Loanne,0,11,11
Lodewyck,11,0,11
Lodewyka,0,11,11
Loekas,11,0,11
Loetje,3,9,12
Looij,11,0,11
Loortje,0,11,11
Lorah,0,11,11
Lorayne,0,11,11
Lorne,10,3,13
Lou-Anne,0,11,11
Louan,6,5,11
Loudy,3,9,12
Loukman,11,0,11
Louwerinus,11,0,11
Louwie,11,0,11
Louwrensia,0,11,11
Lovell,8,3,11
Lowiek,10,3,13
Lubbegina,0,11,11
Luberdina,0,11,11
Luberto,11,0,11
Lucasina,0,11,11
Luchinus,11,0,11
Lúcia,3,10,13
Luciënda,0,11,11
Lucris,10,3,13
Ludowica,0,11,11
Ludowika,0,11,11
Ludwiga,0,11,11
Luida,0,11,11
Luidolf,11,0,11
Luidwina,3,9,12
Luïs,11,0,11
Lukan,11,0,11
Lupo,11,0,11
Lutfi,11,0,11
Lutwich,11,0,11
Lyara,0,11,11
Lychelle,0,11,11
Lydwien,3,10,13
Lyle,11,0,11
Lyshaira,0,11,11
Lace,3,6,9
Lahoucine,10,0,10
Lailla,0,10,10
Laís,0,10,10
Lambertie,0,10,10
Lamiaa,0,10,10
Lammerdine,0,10,10
Lamy,6,3,9
Laney,0,10,10
Latasha,0,10,10
Latoyah,0,10,10
Lauriene,0,10,10
Laurinde,0,10,10
Laurisse,9,3,12
Lauw,9,3,12
Lauwerentius,10,0,10
Lauweris,10,0,10
Lavey,9,3,12
Lavonne,0,10,10
Layane,0,10,10
Layka,3,9,12
Laysa,0,10,10
Le-Ann,0,10,10
LeAnn,0,10,10
Lee-ann,3,9,12
Legiran,10,0,10
Leilanie,0,10,10
Leira,0,10,10
Leko,10,0,10
Leliane,0,10,10
Lenardiena,0,10,10
Lenij,3,9,12
Leobert,10,0,10
Leomar,10,0,10
Leoncito,10,0,10
Leonde,0,10,10
Léonique,0,10,10
Leonna,0,10,10
Leonsa,0,10,10
Léony,0,10,10
Lesli,6,3,9
Lettice,0,10,10
Leunie,0,10,10
Lexa,0,10,10
Leyton,10,0,10
Liberatus,10,0,10
Libia,0,10,10
Libor,10,0,10
Liebert,10,0,10
Liefje,0,10,10
Lienes,10,0,10
Lienne,3,9,12
Liesabeth,3,9,12
Liesberth,0,10,10
Liese-Lotte,0,10,10
Lietje,0,10,10
Liëtte,3,9,12
Lija,0,10,10
Lijzebeth,0,10,10
Lilach,0,10,10
Liline,0,10,10
Liljana,3,9,12
Lillan,0,10,10
Lilyana,0,10,10
Limar,6,3,9
Linny,3,7,10
Linske,0,10,10
Lintje,0,10,10
Lionie,0,10,10
Lira,3,8,11
Lisen,0,10,10
Lison,3,9,12
Liviu,9,3,12
Liviya,0,10,10
Liyaam,10,0,10
Lizabertus,10,0,10
Lodewiena,0,10,10
Lodina,0,10,10
Loëlle,0,10,10
Loewie,7,3,10
Loïsah,0,10,10
Lola-Lily,0,10,10
Lolina,0,10,10
Lorea,0,10,10
Lorîn,0,10,10
Louisanne,0,10,10
Louise-Marie,0,10,10
Louison,9,3,12
Loup,8,3,11
Lousewies,0,10,10
Louve,0,10,10
Louwerensje,0,10,10
Louwinus,10,0,10
Lowa,3,7,10
Luann,0,10,10
Lubbartha,0,10,10
Lubbechina,0,10,10
Lubbo,10,0,10
Luchie,6,3,9
Luciène,0,10,10
Lucja,0,10,10
Luda,3,9,12
Ludgarde,3,8,11
Ludivine,0,10,10
Ludovina,0,10,10
Ludowina,3,9,12
Lüdwig,10,0,10
Luïsa,0,10,10
Lujza,0,10,10
Lukaz,10,0,10
Lukkea,0,10,10
Lula,0,10,10
Luno,10,0,10
Luque,9,3,12
Lurdes,0,10,10
Lusi,0,10,10
Lutciano,10,0,10
Luteijn,6,3,9
Lütfullah,10,0,10
Lutgertina,0,10,10
Luuk-Jan,10,0,10
Luukje,0,10,10
Luurdina,0,10,10
Luwen,8,3,11
Lyandra,0,10,10
Lycette,0,10,10
Lyroy,10,0,10
Lysha,0,10,10
Lyshana,0,10,10
Laam,3,6,9
Lachmipersad,9,0,9
Laisha,0,9,9
Laïsha,0,9,9
Laïsja,0,9,9
Laja,0,9,9
Lal,7,3,10
Lama,5,3,8
Lambiek,9,0,9
Lamees,0,9,9
Lamieke,0,9,9
Landelinus,9,0,9
Lany,3,8,11
Lare,0,9,9
las,0,9,9
Latonya,0,9,9
Laurain,3,8,11
Laurey,0,9,9
Lauriana,0,9,9
Laurids,9,0,9
Laurindo,9,0,9
Lauwerus,9,0,9
Lauwrenz,9,0,9
Lavida,0,9,9
Lavine,3,7,10
Lazzaro,9,0,9
Léah,0,9,9
Léana,0,9,9
Leandre,7,3,10
Leeanne,0,9,9
Leevano,9,0,9
Leilana,0,9,9
Leilany,0,9,9
Leindert,9,0,9
Leis,6,3,9
Leisje,0,9,9
Lennerd,9,0,9
Lenske,0,9,9
Leoba,0,9,9
Leobina,0,9,9
Leola,0,9,9
Léonarde,0,9,9
Leondine,0,9,9
Leonilda,0,9,9
Lesley-Anne,0,9,9
Leun,5,3,8
Levienus,9,0,9
Levv,9,0,9
Lexis,3,6,9
Libel,0,9,9
Libelle,0,9,9
Libertina,0,9,9
Libuše,0,9,9
Lidewyde,0,9,9
Liedewey,0,9,9
Liefina,0,9,9
Liesanna,0,9,9
Liesko,9,0,9
Liev,5,3,8
Liezabeth,0,9,9
Liiban,9,0,9
Lijckle,9,0,9
Lijgina,0,9,9
Lilette,0,9,9
Liliya,0,9,9
Limahl,9,0,9
Limme,5,3,8
Lindia,0,9,9
Linzi,0,9,9
Lioni,0,9,9
Lisboa,3,6,9
Lise-Marie,0,9,9
Lisselotte,0,9,9
Livian,3,8,11
Livinia,0,9,9
Liyanah,0,9,9
Lizandro,9,0,9
Lizenka,0,9,9
Lizzey,0,9,9
Lobi,3,5,8
Loé,3,7,10
Loid,9,0,9
Loltsje,0,9,9
Lonetta,0,9,9
Lonna,0,9,9
Lopez,3,6,9
Lorcan,8,3,11
Loreley,0,9,9
Lorenne,0,9,9
Loretto,3,5,8
Lotfy,7,3,10
Lothera,0,9,9
Louanna,0,9,9
Loudina,0,9,9
Loukmane,9,0,9
Lourencia,0,9,9
Lourenske,0,9,9
Lourent,9,0,9
Lourette,0,9,9
Louweris,9,0,9
Louwert,9,0,9
Louwkje,0,9,9
Lovella,0,9,9
Lowy,8,3,11
Loyola,3,6,9
Lubartha,0,9,9
Lubbegiena,0,9,9
Lubbigjen,0,9,9
Lucanne,0,9,9
Lucano,9,0,9
Lucea,3,8,11
Lucet,0,9,9
Luch,9,0,9
Luciane,0,9,9
Luciëlla,0,9,9
Luckas,9,0,9
Ludciano,9,0,9
Ludze,9,0,9
Luenna,0,9,9
Luitgard,0,9,9
Luíz,9,0,9
Lukretia,0,9,9
Lumchien,0,9,9
Luna-May,0,9,9
Lupbertus,9,0,9
Lusa,0,9,9
Lusin,0,9,9
Lutgera,0,9,9
Lutijn,7,3,10
Luvinus,8,3,11
Luxi,0,9,9
Ly-ann,0,9,9
Lyanneke,0,9,9
Lybrich,0,9,9
Lyliane,0,9,9
Lyndie,0,9,9
Lyntje,0,9,9
Lyss,0,9,9
Lytske,0,9,9
Lyva,0,9,9
Lyvano,9,0,9
Lachlan,8,0,8
Lacina,0,8,8
Laetus,7,3,10
Lailah,0,8,8
Laili,0,8,8
Lainey,0,8,8
Lakischa,0,8,8
Lalu,7,3,10
Lamchien,0,8,8
Lamko,8,0,8
Lammerta,0,8,8
Lamoraal,8,0,8
Lanette,0,8,8
Lareina,0,8,8
Laris,3,5,8
Larkin,3,3,6
Lashana,0,8,8
Lateefah,0,8,8
Latifha,0,8,8
Latika,0,8,8
Latoja,0,8,8
Laurelin,0,8,8
Laurènce,5,3,8
Laurentinus,7,3,10
Laurenze,3,6,9
Laurientje,0,8,8
Lav,8,0,8
Lavani,0,8,8
Lavena,3,7,10
Lavinus,8,0,8
Law,7,3,10
Lawson,7,3,10
Lazina,0,8,8
Leande,0,8,8
Léandro,8,0,8
Lebbertus,8,0,8
Lebuïna,0,8,8
Leenhard,8,0,8
Leevay,8,0,8
Leeza,0,8,8
Legirin,8,0,8
Leiah,0,8,8
Leichje,0,8,8
Lekisha,0,8,8
Lelani,0,8,8
Lenda,0,8,8
Lendl,8,0,8
Lené,5,3,8
Lenzo,8,0,8
Leodebert,7,3,10
Leôn,8,0,8
Leondra,0,8,8
Léonhard,8,0,8
Leonine,0,8,8
Leonorah,0,8,8
Leorah,0,8,8
Lequisha,0,8,8
Leshley,3,5,8
Lesmana,8,0,8
Leta,0,8,8
Letícia,0,8,8
Leu,3,3,6
Leunes,8,0,8
Levaughn,7,3,10
Leviene,0,8,8
Levis,8,0,8
Leyanne,0,8,8
Leyon,8,0,8
Leyona,0,8,8
Liander,8,0,8
Libera,3,7,10
Liberte,0,8,8
Lichella,0,8,8
Liciano,8,0,8
Liduwina,0,8,8
Lidwiene,0,8,8
Liebertha,0,8,8
Liejanne,0,8,8
Liek,3,6,9
Lienard,8,0,8
Lienette,0,8,8
Liepke,7,3,10
Liesebeth,3,7,10
Lijte,6,3,9
Liliaan,0,8,8
Liliam,3,7,10
Lilyanne,0,8,8
Linford,8,0,8
Linnie,3,7,10
Linte,0,8,8
Lioe,3,5,8
Lionella,0,8,8
Liore,0,8,8
Lisa-Jane,0,8,8
Lisann,0,8,8
Lisebeth,3,7,10
Lishandro,8,0,8
Lisy,3,7,10
Lívia,0,8,8
Liviano,8,0,8
Livie,0,8,8
Lizemijn,0,8,8
Llewyn,8,0,8
Loai,6,3,9
Lobsang,3,3,6
Lodewick,8,0,8
Lodewijkus,7,3,10
Loeca,3,3,6
Loeloe,0,8,8
Loïss,0,8,8
Loïza,0,8,8
Loke,7,3,10
Londa,0,8,8
Lorca,6,3,9
Lorella,0,8,8
Loréna,0,8,8
Lorent,8,0,8
Lorinde,0,8,8
Loryn,3,7,10
Louann,0,8,8
Louèn,0,8,8
Louiske,3,7,10
Louiz,8,0,8
Loukje,0,8,8
Loula,0,8,8
Loulé,0,8,8
Lounes,8,0,8
Louwrencius,8,0,8
Louwrinus,8,0,8
Lowiena,0,8,8
Luah,0,8,8
Lubbertjen,5,3,8
Lubiena,0,8,8
Lucas-Jan,8,0,8
Lucena,3,7,10
Lucetta,0,8,8
Luchesia,0,8,8
Luchine,0,8,8
Lucida,0,8,8
Lúcio,7,3,10
Lucynda,0,8,8
Ludolphina,0,8,8
Ludovicia,0,8,8
Ludwijn,8,0,8
Ludzert,8,0,8
Lugiano,8,0,8
Lugino,8,0,8
Luichien,3,6,9
Luif,8,0,8
Luisita,0,8,8
Luizinho,8,0,8
Lumena,0,8,8
Lunis,8,0,8
Luo,6,3,9
Luqa,7,3,10
Lusetta,0,8,8
Lutcherdina,0,8,8
Luthildis,3,7,10
Luttinus,8,0,8
Luusje,0,8,8
Luyt,7,3,10
Luzy,0,8,8
Lyah,0,8,8
Lykeltje,3,7,10
Lynnet,0,8,8
Lyno,8,0,8
Lyov,8,0,8
Lysberth,0,8,8
Lyve,0,8,8
L'Houssaine,7,0,7
Labrechta,0,7,7
Lachman,7,0,7
Lahja,0,7,7
Laksmie,0,7,7
Lambart,7,0,7
Lamber,7,0,7
Lamgina,0,7,7
Lamiena,0,7,7
Laminah,0,7,7
Laminta,0,7,7
Lamkjen,0,7,7
Lammerdien,0,7,7
Lammergina,0,7,7
Lammert-Jan,7,0,7
Lammetje,0,7,7
Lammigjen,0,7,7
Lanh,5,3,8
Lania,0,7,7
Lanja,0,7,7
Lanne,0,7,7
Lanou,0,7,7
Lao,5,3,8
Larien,0,7,7
Larysa,0,7,7
Lasha,6,3,9
Lasina,0,7,7
Lata,0,7,7
Latascha,0,7,7
Lateisha,0,7,7
Lâtif,7,0,7
Laumé,0,7,7
Laurana,0,7,7
Laurendina,0,7,7
Laurensina,0,7,7
Laurentio,5,3,8
Laurice,3,3,6
Laurita,0,7,7
Lavan,5,3,8
Lawi,7,0,7
Layaan,0,7,7
Layne,6,3,9
Layvin,7,0,7
Lazise,0,7,7
Ledia,0,7,7
Ledion,7,0,7
Lee-Jay,6,3,9
Leenderika,0,7,7
Leenie,0,7,7
Leferdina,0,7,7
Leffe,6,3,9
Leidie,0,7,7
Leijdia,0,7,7
Lelah,0,7,7
Lemia,0,7,7
Lemiena,0,7,7
Léna,0,7,7
Lendel,7,0,7
Lenes,7,0,7
Lenice,0,7,7
Lennaart,7,0,7
Leön,6,3,9
Leonar,7,0,7
Leonart,7,0,7
Leonoortje,0,7,7
Leontiena,0,7,7
Leotrim,7,0,7
Lerna,0,7,7
Lesharo,7,0,7
Leslaw,7,0,7
Lesra,7,0,7
Lesse,3,3,6
Levant,6,3,9
Levany,7,0,7
Lewin,5,3,8
Lezina,0,7,7
Lhana,0,7,7
Liber,3,3,6
Liberato,7,0,7
Lideweide,0,7,7
Lidwinia,0,7,7
Liedewijde,0,7,7
Liekle,6,3,9
Liëlle,0,7,7
Lienet,0,7,7
Liënna,0,7,7
Liepje,3,6,9
Liesbertus,7,0,7
Lieseloth,0,7,7
Lieta,0,7,7
Lieuwktje,0,7,7
Liewina,0,7,7
Lijana,0,7,7
Lijckeltje,0,7,7
Lijsbet,0,7,7
Lijsebeth,0,7,7
Lijzabeth,0,7,7
Lik,6,3,9
Lilay,0,7,7
Lilibeth,0,7,7
Lilly-Mae,0,7,7
Lily-Jane,0,7,7
Limara,0,7,7
Lind,3,6,9
Lindcy,0,7,7
Lindita,0,7,7
Lindoro,7,0,7
Linnard,7,0,7
Linou,0,7,7
Linray,7,0,7
Liony,0,7,7
Liorah,0,7,7
Liquenda,0,7,7
Lisa-Mae,0,7,7
Lisaberta,0,7,7
Liselott,0,7,7
Lisl,0,7,7
Lisonne,3,5,8
Lissete,0,7,7
Liszy,0,7,7
Litha,0,7,7
Livèn,0,7,7
Livvi,0,7,7
Liyenna,0,7,7
Liz-Anne,0,7,7
Lizah,0,7,7
Lizalotte,0,7,7
Lizandra,0,7,7
Lizé,3,5,8
Llamar,7,0,7
Lobelia,0,7,7
Lobrechta,0,7,7
Lodewike,0,7,7
Lodowina,0,7,7
Lodwina,3,6,9
Loekje,0,7,7
Loethe,0,7,7
Loets,5,3,8
Loïk,7,0,7
Lóïs,0,7,7
Loiz,3,6,9
Lolitha,0,7,7
Lolleke,7,0,7
Lollina,0,7,7
Londen,3,3,6
Lonia,0,7,7
Lonn,3,5,8
Lorenzio,7,0,7
Loriana,0,7,7
Lorrette,0,7,7
Los,3,5,8
Losia,0,7,7
Loucas,7,0,7
Louëlla,0,7,7
Louike,3,6,9
Louis-Marie,7,0,7
Loujaine,0,7,7
Loukie,3,6,9
Lourensje,0,7,7
Lousia,0,7,7
Louwdina,0,7,7
Louwise,0,7,7
Lovelle,0,7,7
Lowise,0,7,7
Loysa,0,7,7
Lubbiena,0,7,7
Luberte,0,7,7
Lubertje,0,7,7
Lubine,0,7,7
Lucciano,7,0,7
Lucianno,7,0,7
Lucidia,0,7,7
Lucious,7,0,7
Lucke,6,3,9
Lucrétia,0,7,7
Ludana,0,7,7
Ludgeria,0,7,7
Ludiano,7,0,7
Ludivicus,7,0,7
Ludzerd,7,0,7
Luijt,7,0,7
Luikina,0,7,7
Luinge,7,0,7
Luinolda,0,7,7
Lummegina,0,7,7
Lunar,7,0,7
Lundfald,3,5,8
Lunsing,7,0,7
Lunsingh,5,3,8
Lupkea,0,7,7
Luppiena,0,7,7
Lusiana,0,7,7
Lutiene,0,7,7
Lutwina,0,7,7
Luun,3,3,6
Luutsche,0,7,7
Luutse,7,0,7
Luvina,0,7,7
Luyke,7,0,7
Luzan,0,7,7
Luzetta,0,7,7
Luzie,0,7,7
Lybertha,0,7,7
Lycka,0,7,7
Lydiana,0,7,7
Lyka,3,6,9
Lylia,0,7,7
Lyneke,0,7,7
Lynnsey,0,7,7
Lynton,7,0,7
Lytse,3,3,6
Lyudmila,3,6,9
Lyzz,0,7,7
Laaibah,0,6,6
Labrinus,6,0,6
Lachelle,0,6,6
Laetitiae,0,6,6
Laguna,3,5,8
Laima,0,6,6
Laina,0,6,6
Laira,0,6,6
Lak,5,3,8
Lakaya,0,6,6
Lake,3,3,6
Lakesha,0,6,6
Lakhdar,6,0,6
Lakhsmi,0,6,6
Lakishia,0,6,6
Lakshmie,0,6,6
Lakshya,3,3,6
Lalah,0,6,6
Lalana,0,6,6
Laleh,0,6,6
Lamba,3,3,6
Lambartje,0,6,6
Lambert-Jan,5,3,8
Lambros,6,0,6
Lamchiena,0,6,6
Lamisse,0,6,6
Lammechiene,3,5,8
Lammegie,0,6,6
Lammerd,6,0,6
Lammien,0,6,6
Lancy,3,3,6
Landje,0,6,6
Lanvin,6,0,6
Laqueesha,0,6,6
Laquinta,0,6,6
Lariesa,0,6,6
Lariska,0,6,6
Lariza,0,6,6
Lars-Jan,6,0,6
Larsa,0,6,6
Larue,0,6,6
Laszló,6,0,6
Latanja,0,6,6
Lateysha,0,6,6
Latifan,0,6,6
Laudia,0,6,6
Laura-Louise,0,6,6
Laurée,0,6,6
Laurén,3,5,8
Laurenne,0,6,6
Lauriane,3,5,8
Laust,6,0,6
Lauwra,0,6,6
Lauwrentia,0,6,6
Lavell,6,0,6
Lavon,3,5,8
Laylani,0,6,6
Laythan,6,0,6
Layza,0,6,6
Lazaros,6,0,6
Leani,0,6,6
Leanie,0,6,6
Leaticia,0,6,6
Lebrecht,6,0,6
Lebuines,6,0,6
Leeke,5,3,8
Leelkje,0,6,6
Leelou,0,6,6
Leetah,0,6,6
Lefferdina,0,6,6
Legirah,0,6,6
Leidieja,0,6,6
Leidus,6,0,6
Leina,0,6,6
Léjan,6,0,6
Léjon,6,0,6
Lekhram,6,0,6
Lèmoni,0,6,6
Lenaert,6,0,6
Lend,6,0,6
Lendi,3,3,6
Lenor,0,6,6
Lenox,6,0,6
Lentin,6,0,6
Leobardus,6,0,6
Leocadie,0,6,6
Leodardus,6,0,6
Lëon,6,0,6
Leonardie,0,6,6
Leonela,0,6,6
Leonette,0,6,6
Leónie,0,6,6
Leonilla,0,6,6
Leonina,0,6,6
Léonora,0,6,6
Leontyne,0,6,6
Lerry,6,0,6
Lesa,0,6,6
Lesanka,0,6,6
Lesha,0,6,6
Leshane,5,3,8
Lesi,3,3,6
Lesja,3,5,8
Less,5,3,8
Lesther,3,3,6
Let,3,3,6
Letho,5,3,8
Letteria,0,6,6
Leuny,0,6,6
Lévay,6,0,6
Levinyo,6,0,6
Lèvon,6,0,6
Lévon,6,0,6
Levyn,6,0,6
Lewan,3,5,8
Lewiena,0,6,6
Lexander,6,0,6
Leyvano,6,0,6
Lhamo,3,3,6
Liám,6,0,6
Liangelo,6,0,6
Librada,0,6,6
Libreck,6,0,6
Liciana,0,6,6
Liduïne,0,6,6
Lidy-Anne,0,6,6
Liebrecht,6,0,6
Liefde,3,5,8
Liëla,0,6,6
Liènne,0,6,6
Lieroy,6,0,6
Liesse,3,5,8
Lieuwkjen,0,6,6
Lievina,0,6,6
Liezel,0,6,6
Liezelot,0,6,6
Liff,0,6,6
Lih,0,6,6
Lijbeth,0,6,6
Lijzebet,0,6,6
Lilas,3,5,8
Lilé,0,6,6
Lilly-Anne,3,5,8
Lilu,0,6,6
Linata,0,6,6
Linday,0,6,6
Liné,0,6,6
Linetta,0,6,6
Linnae,0,6,6
Linnsey,0,6,6
Líon,6,0,6
Liridona,0,6,6
Lirim,6,0,6
Lisalot,0,6,6
Lisamarie,0,6,6
Lisane,0,6,6
Lisara,0,6,6
Lisayra,0,6,6
Lischa,0,6,6
Lisenne,0,6,6
Lisethe,0,6,6
Lishanty,0,6,6
Lisje,0,6,6
Livo,6,0,6
Livramento,0,6,6
Livvia,0,6,6
Livvie,0,6,6
Liyen,0,6,6
Lizaberthus,6,0,6
Lizabet,0,6,6
Lizelore,0,6,6
Lluna,0,6,6
Llywelyn,5,3,8
Loden,5,3,8
Lodovico,6,0,6
Loeba,0,6,6
Loekina,0,6,6
Loeng,6,0,6
Loesewies,0,6,6
Loewe,3,3,6
Loghan,5,3,8
Lohren,0,6,6
Loïz,0,6,6
Lok-Yin,3,3,6
Lokesh,6,0,6
Loràn,3,3,6
Lorano,6,0,6
Lorean,3,3,6
Lorén,3,3,6
Lorentina,0,6,6
Lorenze,0,6,6
Lorenzia,0,6,6
Loreto,5,3,8
Loridana,3,5,8
Lorièn,0,6,6
Lorrainne,0,6,6
Lorrèn,0,6,6
Losina,0,6,6
Louai,6,0,6
Louck,5,3,8
Louden,6,0,6
LouLou,0,6,6
Lourd,0,6,6
Lourena,0,6,6
Lourencio,6,0,6
Lourenco,5,3,8
Lourens-Jan,6,0,6
Loures,6,0,6
Louretta,0,6,6
Louwerientje,0,6,6
Louwis,5,3,8
Louwiza,0,6,6
Louwres,6,0,6
Louwrien,0,6,6
Lovelyn,0,6,6
Lovie,0,6,6
Lovita,0,6,6
Lowan,5,3,8
Lu'ay,6,0,6
Luã,3,3,6
Lubbeno,6,0,6
Lubbrigje,0,6,6
Luben,6,0,6
Lubje,0,6,6
Lubke,0,6,6
Lucanus,6,0,6
Lucardi,6,0,6
Lüch,6,0,6
Luciani,5,3,8
Luciël,6,0,6
Lucilianus,6,0,6
Lucristina,0,6,6
Lucyana,0,6,6
Lucyano,6,0,6
Ludde,6,0,6
Luddo,6,0,6
Ludewé,0,6,6
Ludewea,0,6,6
Ludian,5,3,8
Ludolfa,0,6,6
Ludsert,6,0,6
Luduïna,3,5,8
Ludwino,3,5,8
Lugh,6,0,6
Lugman,6,0,6
Luh,0,6,6
Lui,5,3,8
Luiga,0,6,6
Luisana,0,6,6
Luisito,6,0,6
Luitte,6,0,6
Lukes,6,0,6
Lukien,3,3,6
Luky,3,5,8
Lum,3,3,6
Lumien,0,6,6
Lummegie,0,6,6
Lumpje,0,6,6
Luna-Mae,0,6,6
Lunet,0,6,6
Lupchiena,0,6,6
Lupkje,0,6,6
Lusine,0,6,6
Lusy,0,6,6
Luteyn,3,3,6
Lutfiye,0,6,6
Lutgert,3,3,6
Lutitia,0,6,6
Lutsia,0,6,6
Lutzia,0,6,6
Luuka,5,3,8
Luwtje,0,6,6
Luzetha,0,6,6
Luziano,6,0,6
Lyander,6,0,6
Lymee,0,6,6
Lyndia,0,6,6
Lyor,6,0,6
Lysenka,0,6,6
Lyshandro,6,0,6
Lyshano,6,0,6
Lysianne,0,6,6
Lysje,0,6,6
Lysken,0,6,6
La-Keisha,0,5,5
Labinot,5,0,5
Lachmidevi,0,5,5
Laçin,3,3,6
Ladislau,3,3,6
Laëtitia,0,5,5
Laetizia,0,5,5
Lafinus,5,0,5
Lagina,0,5,5
Lah,3,3,6
Laijla,0,5,5
Lailana,0,5,5
Lajenda,0,5,5
Lakenya,0,5,5
Lakeyshia,0,5,5
Lakota,3,3,6
Lakshman,5,0,5
Lalè,0,5,5
Lalit,5,0,5
Lalou,0,5,5
Lamaar,0,5,5
Lamaya,0,5,5
Lambertho,5,0,5
Lambertino,3,3,6
Lamek,5,0,5
Lamie,3,3,6
Lamies,0,5,5
Lammerdinus,5,0,5
Lamprose,0,5,5
Lamys,0,5,5
Lan-Anh,0,5,5
Landrica,0,5,5
Landu,3,3,6
Landy,3,3,6
Lanieke,0,5,5
Lanning,5,0,5
Lanon,0,5,5
Laquita,0,5,5
Lardo,5,0,5
Larenz,5,0,5
Larise,0,5,5
Lark,3,3,6
Laros,5,0,5
Larrisa,0,5,5
Larrissa,0,5,5
Lashay,3,3,6
Lathoya,0,5,5
Latichia,0,5,5
Latishia,0,5,5
Latrisha,0,5,5
Lauda,3,3,6
Laude,3,3,6
Laudie,0,5,5
Lauerdina,0,5,5
Laurah,0,5,5
Laurea,0,5,5
Laurella,0,5,5
Laurenca,0,5,5
Laurensio,3,3,6
Laurenthia,0,5,5
Lauriena,0,5,5
Lauriëtte,0,5,5
Laurijne,0,5,5
Laurike,0,5,5
Laury-Ann,0,5,5
Lauwerdina,0,5,5
Lauwerijntje,0,5,5
Lauwerinus,5,0,5
Lauwrenske,0,5,5
Lavana,0,5,5
Lavenia,0,5,5
Lavinja,0,5,5
Lawien,3,3,6
Lawrencia,0,5,5
Layen,3,3,6
Layli,0,5,5
Layos,5,0,5
Lazerus,5,0,5
Lazio,3,3,6
Laziza,0,5,5
Le-Roy,5,0,5
Leal,3,3,6
Léam,5,0,5
Leanka,0,5,5
Léann,0,5,5
Leannie,0,5,5
Leanoor,0,5,5
Leantien,0,5,5
Leão,5,0,5
Leavy,5,0,5
LeBron,3,3,6
Leciano,5,0,5
Ledewina,0,5,5
Leea,0,5,5
Leelah,0,5,5
Leender,5,0,5
Leenhert,5,0,5
Leense,5,0,5
Leeuw,5,0,5
Leffertdina,0,5,5
Legia,0,5,5
Legien,0,5,5
Legimoen,5,0,5
Legisa,0,5,5
Lehan,3,3,6
Lehat,3,3,6
Lehman,3,3,6
Leilla,0,5,5
Leisha,0,5,5
Léjanne,0,5,5
Lek,5,0,5
Lekeisha,0,5,5
Léla,0,5,5
Leland,5,0,5
Lemba,3,3,6
Lemme,3,3,6
Lèneke,0,5,5
Lenell,5,0,5
Lenia,3,3,6
Lenin,5,0,5
Lenis,5,0,5
Lenoor,0,5,5
Lenso,5,0,5
Leocadio,5,0,5
Leocritia,3,3,6
Leokadja,0,5,5
Léonarda,0,5,5
Leondina,0,5,5
Leône,3,3,6
Leonell,5,0,5
Leonharda,0,5,5
Leonit,5,0,5
Leontin,0,5,5
Léontina,0,5,5
Leonty,5,0,5
Leopol,5,0,5
Léopoldine,0,5,5
Leor,5,0,5
Lerenzo,5,0,5
Lerice,0,5,5
Leroi,5,0,5
LeRoy,5,0,5
Leshawn,5,0,5
Lesia,3,3,6
Lestat,5,0,5
Letina,0,5,5
Letja,0,5,5
Levanna,0,5,5
Leverne,3,3,6
Leví,3,3,6
Levi-Dean,5,0,5
Leviticus,5,0,5
Lexanne,0,5,5
Lexxi,0,5,5
Leyandro,5,0,5
Leyanna,0,5,5
Leyda,0,5,5
Leyli,0,5,5
Leyre,0,5,5
Lezan,3,3,6
Lezia,0,5,5
Lhoé,0,5,5
Li-Na,0,5,5
Liamm,5,0,5
Lianthe,0,5,5
Libart,5,0,5
Libertad,3,3,6
Liborio,5,0,5
Lichandro,5,0,5
Lideweijde,0,5,5
Lidewijn,0,5,5
Liedewy,0,5,5
Liefdina,0,5,5
Lielé,0,5,5
Lienda,0,5,5
Lieng,3,3,6
Liep,5,0,5
Liepkje,0,5,5
Liesselotte,0,5,5
Liesyenne,0,5,5
Lieuwen,5,0,5
Lievemijn,0,5,5
Lievine,0,5,5
Liewke,0,5,5
Liezl,0,5,5
Liguoria,3,3,6
Lijas,5,0,5
Lijcia,0,5,5
Lijke,0,5,5
Lijnst,3,3,6
Lijs,0,5,5
Liko,5,0,5
Lil,3,3,6
Lilijan,0,5,5
Lilika,0,5,5
Lilium,3,3,6
Lillia,0,5,5
Lillij,0,5,5
Lilly-Jane,0,5,5
Lily-Anne,0,5,5
Limbong,3,3,6
Limei,0,5,5
Limoni,0,5,5
Limore,0,5,5
Linardus,5,0,5
Linas,3,3,6
Lincon,5,0,5
Linda-Jane,0,5,5
Lindell,3,3,6
Linka,0,5,5
Linor,3,3,6
Linora,0,5,5
Linoy,0,5,5
Linq,5,0,5
Linthia,0,5,5
Linzie,0,5,5
Liomar,5,0,5
Liria,3,3,6
Lisa-Ann,0,5,5
Lisabel,0,5,5
Lisaira,0,5,5
Lisana,0,5,5
Lisardo,5,0,5
Lise-Anne,0,5,5
Liselotje,0,5,5
Lisemijn,0,5,5
Lishaira,0,5,5
Lisi,0,5,5
Lisiana,0,5,5
Lisianne,0,5,5
Lissandro,5,0,5
Lissia,0,5,5
Lisza,0,5,5
Lito,5,0,5
Livah,0,5,5
Livayno,5,0,5
Livien,3,3,6
Liviënna,0,5,5
Livingstone,3,3,6
Liwia,0,5,5
Liyé,0,5,5
Liyon,5,0,5
Liza-Marie,3,3,6
Lizabertha,0,5,5
Lizebeth,0,5,5
Lizel,0,5,5
Lizer,5,0,5
Liziana,0,5,5
Lizie,0,5,5
Ljubomir,5,0,5
LLoyd,5,0,5
Loadewyk,5,0,5
Lobertha,0,5,5
Lochana,3,3,6
Lock,5,0,5
Lodewinus,5,0,5
Loë,3,3,6
Loïck,5,0,5
Lokien,3,3,6
Loktje,0,5,5
Loman,5,0,5
Lomé,3,3,6
Lomina,0,5,5
Lonato,5,0,5
Looi,3,3,6
Loos,3,3,6
Lopje,0,5,5
Lorand,5,0,5
Loré,0,5,5
Loreanne,0,5,5
Loree,0,5,5
Lorein,3,3,6
Lorène,0,5,5
Lorentia,0,5,5
Lorie,0,5,5
Lorieke,0,5,5
Lorijne,0,5,5
Lorynn,0,5,5
Losanne,0,5,5
Louange,3,3,6
Louëlle,0,5,5
Louen,0,5,5
Louic,5,0,5
Louis-Paul,5,0,5
Louis-Philippe,5,0,5
Louisito,5,0,5
Louraine,0,5,5
Lourenza,0,5,5
Lousan,0,5,5
Loutje,3,3,6
Louvel,5,0,5
Louwrence,3,3,6
Louwrijntje,0,5,5
Lovelace,3,3,6
Lovy,0,5,5
Low,3,3,6
Lowik,5,0,5
Lowine,0,5,5
Loya,0,5,5
Loysius,5,0,5
Lozan,3,3,6
Loziena,0,5,5
Luam,3,3,6
Luara,0,5,5
Lubbert-Jan,5,0,5
Lubberts,5,0,5
Lubomir,5,0,5
Lucebert,5,0,5
Luchelle,0,5,5
Luchiene,0,5,5
Lucho,5,0,5
Luciany,3,3,6
Luciëna,0,5,5
Luciénne,0,5,5
Lucifer,5,0,5
Lucrèce,0,5,5
Lucrèse,0,5,5
Lud,5,0,5
Luderis,3,3,6
Ludevica,0,5,5
Ludewig,5,0,5
Ludgertje,0,5,5
Ludianus,5,0,5
Ludija,3,3,6
Ludolphine,0,5,5
Ludserd,5,0,5
Luduwina,0,5,5
Ludya,0,5,5
Lugien,0,5,5
Luichina,0,5,5
Luisanna,0,5,5
Luitgarde,0,5,5
Luitsje,0,5,5
Luitze,5,0,5
Luíza,0,5,5
Lukay,5,0,5
Lukeny,5,0,5
Lukkinus,5,0,5
Lummechie,0,5,5
Lunes,3,3,6
Lunja,0,5,5
Lunya,0,5,5
Lupine,0,5,5
Lupkina,0,5,5
Lurdina,0,5,5
Lusiena,0,5,5
Lusinda,0,5,5
Luske,0,5,5
Lut,3,3,6
Lutdiena,0,5,5
Lutgertdina,0,5,5
Lutgertiena,0,5,5
Luthe,3,3,6
Luthson,5,0,5
Luts,3,3,6
Lutte,5,0,5
Lützen,5,0,5
Luu,3,3,6
Luutjen,3,3,6
Luva,0,5,5
Luzina,0,5,5
Luzviminda,0,5,5
Lyall,5,0,5
Lycilla,0,5,5
Lyckeltje,0,5,5
Lycle,5,0,5
Lyènne,0,5,5
Lyes,5,0,5
Lyfe,3,3,6
Lyjana,0,5,5
Lynaisha,0,5,5
Lynelle,0,5,5
Lyneth,0,5,5
Lynley,0,5,5
Lynouk,0,5,5
Lynyrd,5,0,5
Lyoba,0,5,5
Lyonn,5,0,5
Lyora,0,5,5
Lyubov,0,5,5
Lyv,3,3,6
Lyvania,0,5,5
Lyz,0,5,5
Lyzaira,0,5,5
L'eau,0,3,3
La-Keyshia,0,3,3
La-Vie,0,3,3
Laaziza,0,3,3
Labelle,0,3,3
Lacy,0,3,3
Ladina,0,3,3
Ladislava,0,3,3
Ladonna,0,3,3
Lae,3,3,6
Laelle,0,3,3
Laerke,0,3,3
Lafi,3,3,6
Laida,0,3,3
Laike,0,3,3
Laily,0,3,3
Laiq,3,3,6
Laird,3,0,3
Lais,3,3,6
Laise,0,3,3
Laisja,0,3,3
Lakhan,3,0,3
Lakshmi-Devi,0,3,3
Lali,0,3,3
Lalisha,0,3,3
Laltapersad,3,0,3
Lâm,3,0,3
Lambère,3,0,3
Lambrechta,0,3,3
Lambregta,0,3,3
Lamchina,0,3,3
Lamechina,0,3,3
Lâmia,0,3,3
Lamien,0,3,3
Lamijne,0,3,3
Lamintha,0,3,3
Laminus,3,0,3
Lamise,0,3,3
Lamiss,0,3,3
Lammechie,0,3,3
Lammegienus,3,0,3
Lammigien,0,3,3
Lamminus,3,0,3
Lamon,3,0,3
Lanai,0,3,3
Lanaya,3,3,6
Lancine,3,0,3
Landina,0,3,3
Landolin,3,0,3
Landry,3,3,6
Lanee,0,3,3
Langa,3,3,6
Lanie,3,3,6
Lanikai,0,3,3
Lanke,0,3,3
Lanoy,3,3,6
Lansana,3,0,3
Lantey,3,0,3
Laoise,0,3,3
Laqisha,0,3,3
Laras,3,3,6
Lareno,3,0,3
Larenza,0,3,3
Larenzia,0,3,3
Larette,0,3,3
Laricia,0,3,3
Larimar,0,3,3
Larinde,0,3,3
Larischa,0,3,3
Larix,3,0,3
Laron,3,0,3
Larske,0,3,3
Lasca,0,3,3
Laşer,3,0,3
Lashanti,0,3,3
Lashon,3,3,6
Làszlo,3,0,3
Làszlò,3,0,3
Lateïfa,0,3,3
Latesha,0,3,3
Lathan,3,0,3
Latiffa,0,3,3
Latisia,0,3,3
Latoija,0,3,3
LaToya,0,3,3
Latricia,0,3,3
Latycha,0,3,3
Laudicia,0,3,3
Laudus,3,3,6
Launa,0,3,3
Launo,3,0,3
Laura-Ann,0,3,3
Laura-Anne,0,3,3
Laura-Lynn,0,3,3
Laurainne,0,3,3
Lauree,0,3,3
Laureijs,3,0,3
Laurenda,0,3,3
Laurènt,3,0,3
Laurentiu,3,0,3
Lauriën,3,3,6
Laurika,0,3,3
Laurines,3,0,3
Lauwerentia,0,3,3
Lavania,0,3,3
Lavern,3,3,6
Laverna,0,3,3
Lavienja,0,3,3
Lavino,3,3,6
Lawal,3,3,6
Lawrens,3,0,3
Laxman,3,0,3
Layba,0,3,3
Laynel,3,0,3
Layten,3,0,3
Lázár,3,0,3
Lazhar,3,0,3
Lazine,0,3,3
Lealke,0,3,3
Leanca,0,3,3
Leando,3,0,3
Leandri,3,3,6
Léane,0,3,3
Leangelo,3,0,3
Léanna,0,3,3
Leannah,0,3,3
Leanneke,0,3,3
Leanor,0,3,3
Leavay,3,0,3
Leayana,0,3,3
Lee-Anne,0,3,3
Leean,3,3,6
Leeann,0,3,3
Leenah,0,3,3
Leendertina,0,3,3
Leendertjan,3,0,3
Leennert,3,0,3
Leentien,0,3,3
Leeny,0,3,3
Leenze,3,0,3
LeeRoy,3,0,3
Leesha,0,3,3
Leeyam,3,0,3
Leeyana,0,3,3
Lefteris,3,0,3
Leginie,0,3,3
Legolas,3,0,3
Leib,3,0,3
Leide,0,3,3
Leija,0,3,3
Leiny,0,3,3
Leisa,0,3,3
Leks,3,0,3
Leliana,0,3,3
Lemis,0,3,3
Lemyae,0,3,3
Lèna,0,3,3
Lenaart,3,0,3
Lenara,0,3,3
Lenca,0,3,3
Lendell,3,0,3
Lenetta,0,3,3
Lenhart,3,0,3
Lenique,0,3,3
Lenius,3,0,3
Lennarth,3,0,3
Lennemie,0,3,3
Lenner,3,0,3
Lenneth,3,0,3
Lennis,3,0,3
Lénora,0,3,3
Lenthè,0,3,3
Lentina,0,3,3
Lentine,0,3,3
Lentini,3,0,3
Lenty,0,3,3
Leobartus,3,0,3
Leofried,3,0,3
Leogarda,0,3,3
Leolien,0,3,3
Lêon,3,0,3
Leonanda,0,3,3
Leonardia,0,3,3
Leonardy,3,3,6
Leonice,0,3,3
Leonicia,0,3,3
Leonientje,0,3,3
Leonildo,3,0,3
Leontienne,0,3,3
Leota,0,3,3
Leotiene,0,3,3
Lequincio,3,0,3
Leroij,3,0,3
Lerone,3,0,3
Lesedi,3,3,6
Lesier,3,0,3
Leska,0,3,3
Lessia,0,3,3
Lestarie,0,3,3
Lethe,0,3,3
Letitcia,0,3,3
Letitsia,0,3,3
Letterio,3,0,3
Lettina,0,3,3
Leui,3,0,3
Leunus,3,0,3
Levainy,0,3,3
Leveny,0,3,3
Lèvi,3,0,3
Leviathan,3,0,3
Levinn,3,0,3
Levni,3,0,3
Lewa,3,3,6
Lexia,0,3,3
Leyroy,3,0,3
Leysa,0,3,3
Lezgin,3,0,3
Lezra,3,0,3
Li-an,0,3,3
Li-An,3,3,6
Li-Ann,0,3,3
Li-Anne,0,3,3
Liaan,3,3,6
Liad,0,3,3
Liafbarn,3,0,3
Liande,0,3,3
Liani,3,3,6
Lianta,0,3,3
Liantha,3,3,6
Liany,3,3,6
Liao,3,0,3
Liav,3,3,6
Liba,0,3,3
Libbes,3,3,6
Libbigjen,0,3,3
Libero,3,0,3
Libertas,3,3,6
Liberto,3,0,3
Licinio,3,0,3
Licio,3,0,3
Lidewine,0,3,3
Lidyan,3,3,6
Lidyano,3,0,3
Lieanne,0,3,3
Liebbes,3,0,3
Liebechien,0,3,3
Liebrich,0,3,3
Liedeja,0,3,3
Liedewina,0,3,3
Liedewyde,0,3,3
Liedje,0,3,3
Liedwina,0,3,3
Lieferdina,0,3,3
Liefert,3,0,3
Lieja,0,3,3
Liejan,3,3,6
Liekelina,0,3,3
Lièm,3,3,6
Lienhard,3,3,6
Lieni,0,3,3
Lienszoon,3,0,3
Lieny,0,3,3
Liesebet,0,3,3
Lieselien,0,3,3
Liessa,0,3,3
Lièv,3,0,3
Liëv,3,0,3
Lievelot,0,3,3
Lieving,3,3,6
Lifa,3,3,6
Ligorio,3,3,6
Ligorius,3,0,3
Lijdi,0,3,3
Lijdina,0,3,3
Lijkelina,0,3,3
Lijny,0,3,3
Lijsbart,3,0,3
Lijzia,3,3,6
Lilandra,0,3,3
Lilea,0,3,3
Lilien,0,3,3
Lillo,3,3,6
Lilly-May,0,3,3
Lilyam,0,3,3
Lilyane,0,3,3
Limah,0,3,3
Limmy,0,3,3
Limone,0,3,3
Linaz,0,3,3
Lindelotte,0,3,3
Linder,3,0,3
Lindis,0,3,3
Lingren,3,3,6
Linja,0,3,3
Linley,3,0,3
Linnaea,0,3,3
Linnaeus,3,0,3
Linnette,0,3,3
Linsday,0,3,3
Linsi,0,3,3
Linso,3,0,3
Lintang,0,3,3
Lintelo,3,0,3
Linz,3,0,3
Linzey,0,3,3
Linzo,3,0,3
Liobe,0,3,3
Lionardo,3,0,3
Lionda,3,3,6
Lioz,3,0,3
Liraz,3,3,6
Lisa-Anne,0,3,3
Lisabelle,0,3,3
Lisanka,0,3,3
Lisar,3,3,6
Lisaya,0,3,3
Liscia,0,3,3
Lise-Sophie,0,3,3
Lisel,0,3,3
Lisemarie,0,3,3
Lisett,0,3,3
Lisey,0,3,3
Lishaina,0,3,3
Lishana,0,3,3
Lishayra,0,3,3
Lismairy,0,3,3
Lissandra,0,3,3
Lissina,0,3,3
Listra,0,3,3
Litciano,3,0,3
Lite,3,3,6
Litiano,3,0,3
Litza,0,3,3
Lium,3,0,3
Livaino,3,0,3
Livani,3,3,6
Livany,3,3,6
Livaya,0,3,3
Livette,0,3,3
Lìvia,0,3,3
Livianne,0,3,3
Liviën,0,3,3
Liviëna,0,3,3
Livienne,0,3,3
Liviënne,0,3,3
Livin,3,0,3
Livino,3,0,3
Livke,0,3,3
Liwan,3,0,3
Liwe,3,3,6
Lizaberta,0,3,3
Lizann,0,3,3
Lize-Lot,0,3,3
Lize-Lotte,0,3,3
Lizete,0,3,3
Lizi,0,3,3
Lizl,0,3,3
Ljerka,0,3,3
LJM,3,3,6
Ljoeba,0,3,3
Ljoedmila,0,3,3
Ljubisa,3,0,3
Llena,0,3,3
Llorenç,3,0,3
Lluc,3,0,3
Loano,3,0,3
Lobetje,0,3,3
Lodewiekes,3,3,6
Lodewijkes,3,0,3
Lodewine,0,3,3
Lodewyke,0,3,3
Loduwicus,3,0,3
Loecka,3,3,6
Loedia,0,3,3
Loene,0,3,3
Loeska,0,3,3
Loeverina,0,3,3
Lofina,0,3,3
Logina,0,3,3
Loginus,3,0,3
Loh,0,3,3
Lohan,3,0,3
Lohengrin,3,0,3
Loide,0,3,3
Loike,0,3,3
Loisanne,0,3,3
Loiss,0,3,3
Loïsza,0,3,3
Loïze,0,3,3
Lojain,0,3,3
Lok-Man,3,3,6
Lok-Yee,0,3,3
Lokje,0,3,3
Lokkina,0,3,3
Lolktje,0,3,3
Lollypop,0,3,3
Lomyrne,0,3,3
Loniek,0,3,3
Lonni,0,3,3
Loontje,0,3,3
Loore,0,3,3
Looy,3,0,3
Lorann,3,3,6
Lorans,3,0,3
Lorel,0,3,3
Lorelay,0,3,3
Lorelie,0,3,3
Lorell,3,3,6
Lorenn,0,3,3
Lorensa,0,3,3
Lores,3,3,6
Lorice,3,3,6
Lorrayne,0,3,3
Lorrena,0,3,3
Lorretta,0,3,3
Lotanna,3,0,3
Lotharina,0,3,3
Lothe,0,3,3
Lothus,0,3,3
Lottemarie,0,3,3
Louam,3,3,6
Louazna,0,3,3
Loues,3,3,6
Louigi,3,0,3
Louigiano,3,0,3
Louisa-Jade,0,3,3
Louisa-Maria,3,3,6
Louisah,0,3,3
Louise-Maria,0,3,3
Louisiano,3,0,3
Louisina,0,3,3
Louisita,0,3,3
Louisje,0,3,3
Loujayn,0,3,3
Loukia,0,3,3
Lounès,3,3,6
Louniss,3,0,3
Loureen,0,3,3
Lourijna,0,3,3
Louse,0,3,3
Lousette,0,3,3
Lousina,0,3,3
Lousje,0,3,3
Louwerijntje,0,3,3
Louwi,3,0,3
Lovan,3,3,6
Lovana,0,3,3
Loveleen,0,3,3
Lovena,0,3,3
Lovey,3,3,6
Lovine,0,3,3
Lowin,3,3,6
Lowri,0,3,3
Lowys,3,3,6
Lowyse,0,3,3
Loyse,0,3,3
Luai,3,0,3
Lubbart,3,0,3
Lubberthus,3,0,3
Lubien,0,3,3
Lubkje,0,3,3
Lubov,3,3,6
Lubrano,3,3,6
Luc-Jan,3,0,3
Lúca,3,0,3
Lucasz,3,0,3
Lucchino,3,0,3
Lucci,3,3,6
Lucelia,0,3,3
Lucentia,0,3,3
Lucey,0,3,3
Luchesius,3,0,3
Luchiën,3,3,6
Luchies,3,0,3
Luchje,0,3,3
Lucìa,0,3,3
Lucián,3,0,3
Luciandro,3,0,3
Luciette,0,3,3
Lucij,0,3,3
Lucillia,0,3,3
Lucindia,0,3,3
Lucinia,0,3,3
Lucrecio,3,0,3
Lucrète,0,3,3
Lucus,3,0,3
Lucy-Ann,0,3,3
Lucyan,3,3,6
Lucyenne,0,3,3
Lucyl,0,3,3
Ludgeri,0,3,3
Ludgerio,3,0,3
Ludgero,3,0,3
Ludine,0,3,3
Ludiwina,0,3,3
Ludolfine,0,3,3
Ludolfus,3,0,3
Ludopius,3,0,3
Ludovie,3,3,6
Luduinus,3,0,3
Ludwigi,0,3,3
Ludwinia,0,3,3
Lue,3,0,3
Lugene,3,0,3
Lugène,3,0,3
Luidgardus,3,0,3
Luígi,3,0,3
Luiko,3,0,3
Luisandro,3,0,3
Lüise,0,3,3
Luisella,0,3,3
Luit-Jan,3,0,3
Luitdina,0,3,3
Luitse,3,0,3
Lukah,3,0,3
Lukai,3,0,3
Lukasciena,0,3,3
Lukassina,0,3,3
Lumar,3,0,3
Lumea,0,3,3
Lumette,0,3,3
Lumkea,0,3,3
Lummegiena,0,3,3
Lúna,0,3,3
Lunde,3,3,6
Lunia,0,3,3
Luning,3,3,6
Lupé,0,3,3
Luppochina,0,3,3
Lusandro,3,0,3
Lusanna,0,3,3
Luse,3,3,6
Lutchiana,0,3,3
Lutdina,0,3,3
Lutgerda,0,3,3
Luthando,3,0,3
Lúthien,0,3,3
Lutruda,0,3,3
Lûtzen,3,0,3
Luudtske,0,3,3
Luudwina,0,3,3
Luuth,3,3,6
Luutze,3,0,3
Luuz,0,3,3
Luv,3,3,6
Luvana,0,3,3
Luvienne,3,3,6
Luwardus,3,0,3
Luwdewina,0,3,3
Luxor,3,0,3
Luxwolda,3,3,6
Luze,0,3,3
Luzmila,0,3,3
Luzolo,3,3,6
Lyantha,0,3,3
Lyd,3,3,6
Lydewij,0,3,3
Lydewijde,0,3,3
Lydius,3,0,3
Lyduina,0,3,3
Lydwin,0,3,3
Lylah,0,3,3
Lylianne,0,3,3
Lylou,0,3,3
Lyly,0,3,3
Lynah,0,3,3
Lynch,3,3,6
Lyndey,0,3,3
Lyndsy,0,3,3
Lynell,3,3,6
Lynnea,0,3,3
Lynou,0,3,3
Lynte,0,3,3
Lyonesse,0,3,3
Lysanias,3,3,6
Lysbertus,3,0,3
Lyshane,3,3,6
Lysiane,0,3,3
Lysse,0,3,3
Lyvv,0,3,3
L'houssaine,3,0,3
La-toya,0,3,3
La-vie,0,3,3
Laaske,0,3,3
Laätzar,3,0,3
Laaz,3,3,6
Labertus,3,0,3
Labine,0,3,3
Lac,3,3,6
Lachel,0,3,3
Laci,3,0,3
Lacia,0,3,3
Lada,0,3,3
Lade,3,3,6
Ladislao,3,0,3
Ladislas,3,0,3
Lado,3,0,3
Laethitia,0,3,3
Lago,3,0,3
Lahoed,3,0,3
Lahsen,3,0,3
Lahssen,3,0,3
Lai-Wah,0,3,3
Laïd,3,0,3
Lailany,0,3,3
Lailoenisa,0,3,3
Lainy,0,3,3
Lakeshia,0,3,3
Lakmé,0,3,3
Lako,3,0,3
Lakraj,3,0,3
Lakshan,3,0,3
Lakshana,0,3,3
Lalehan,0,3,3
Lalezar,0,3,3
Lalin,3,3,6
Lalitha,0,3,3
Lalot,0,3,3
Lamanda,0,3,3
Lambarthus,3,0,3
Lambér,3,0,3
Lambért,3,0,3
Lamberthy,3,3,6
Lambertin,3,3,6
Lambertini,0,3,3
Lamberts,3,0,3
Lamberty,0,3,3
Lamborghini,3,3,6
Lambrini,0,3,3
Lameck,3,0,3
Lamientje,0,3,3
Lamijn,0,3,3
Lamira,0,3,3
Lamitha,0,3,3
Lamitta,0,3,3
Lamja,0,3,3
Lamjaa,0,3,3
Lammechientje,0,3,3
Lammechinus,3,0,3
Lammertha,0,3,3
Lammertien,0,3,3
Lammertiena,0,3,3
Lammerts,3,3,6
Lammia,0,3,3
Lammijna,0,3,3
Lamnouar,3,0,3
Lampkje,0,3,3
Lamyaâ,0,3,3
Lamyn,3,3,6
Lamyna,0,3,3
Lanae,0,3,3
Lanaé,0,3,3
Lancho,3,3,6
Landau,3,0,3
Landbrecht,3,0,3
Landolina,0,3,3
Landrine,0,3,3
Landro,3,0,3
Laneah,0,3,3
Lanesha,0,3,3
Lanet,0,3,3
Lanfrey,3,0,3
Lanique,0,3,3
Lankanathan,3,3,6
Lannie,0,3,3
Lanta,0,3,3
Lante,3,3,6
Lantei,3,0,3
Lantijn,3,3,6
Lantje,0,3,3
Lanz,3,0,3
Lanza,0,3,3
Laqiesha,0,3,3
Laquesha,0,3,3
Laquinthia,0,3,3
Laquisa,0,3,3
Lara-Lynn,0,3,3
Larain,0,3,3
Lareen,0,3,3
Laren,3,3,6
Largus,3,0,3
Laricha,0,3,3
Larisya,0,3,3
Larka,3,3,6
Larn,3,0,3
Larosa,0,3,3
Larraine,0,3,3
Larrie,3,0,3
Larssen,3,0,3
Lartey,3,0,3
Lary,3,3,6
Lasalle,3,3,6
Laser,3,0,3
Lashanty,0,3,3
Lasharo,3,0,3
Lashawne,0,3,3
Lashonda,0,3,3
Lasirah,0,3,3
Lason,3,0,3
Lass,3,0,3
Latara,0,3,3
Lataste,3,3,6
Lateasha,0,3,3
Lathifa,0,3,3
Lathisa,0,3,3
Latia,0,3,3
Latinka,0,3,3
Latino,3,0,3
Latischia,0,3,3
Latona,3,3,6
Laudonne,0,3,3
Laukina,0,3,3
Laukje,0,3,3
Laureine,0,3,3
Laurèle,0,3,3
Laures,3,0,3
Laureta,0,3,3
Lauretha,0,3,3
Laurie-Anne,0,3,3
Laurienus,3,0,3
Laurinn,0,3,3
Laurise,0,3,3
Lauryan,3,3,6
Laurys,3,0,3
Lauwe,3,0,3
Lauwerenske,0,3,3
Lauwers,3,0,3
Lauwriena,0,3,3
Lauwrine,0,3,3
Laval,3,0,3
Lavaniël,3,0,3
Lavas,3,0,3
Laverio,3,0,3
Laviana,0,3,3
LaVie,0,3,3
Laviena,0,3,3
Lavincia,0,3,3
Lavonica,0,3,3
Lavrens,3,0,3
Lawe,3,3,6
Lawisa,0,3,3
Lawk,3,0,3
Lawrenzo,3,0,3
Laxhmi,0,3,3
Laxmidebie,0,3,3
Laxshmi,0,3,3
Laylie,0,3,3
Layt,3,0,3
Lazarina,0,3,3
Lazuli,0,3,3
Leâl,0,3,3
Lealem,3,3,6
Leanah,0,3,3
Leandine,0,3,3
Léandros,3,0,3
Leanique,0,3,3
Léano,3,0,3
Leanorah,0,3,3
Learco,3,0,3
Learn,3,0,3
Learoy,3,0,3
Learta,0,3,3
Leatina,0,3,3
Leaven,3,3,6
Leberegt,3,0,3
Lebna,0,3,3
Lebuïnes,3,0,3
Lebuwinus,3,0,3
Lechanta,0,3,3
Ledi,0,3,3
Leduina,0,3,3
Lee-Jaylen,3,0,3
Leefert,3,0,3
Leejay,3,0,3
Leelee,0,3,3
Leenarda,0,3,3
Leenardo,3,0,3
Leenart,3,0,3
Leenbertus,3,0,3
Leenderdiena,0,3,3
Leenderdt,3,0,3
Leendertszoon,3,0,3
Leeneke,0,3,3
Leenen,3,3,6
Leenette,0,3,3
Leeno,3,0,3
Leentsje,0,3,3
Leesa,0,3,3
Leeuwehart,3,3,6
Leevy,3,0,3
Lefertdina,0,3,3
Lefferdiena,0,3,3
Lefferts,3,0,3
Leffina,0,3,3
Lefranc,3,0,3
Legidjo,3,0,3
Legini,0,3,3
Legino,3,0,3
Lehte,0,3,3
Leigh-Anne,0,3,3
Leijla,0,3,3
Leili,0,3,3
Leite,3,0,3
Leiv,3,0,3
Lejana,0,3,3
Lejandro,3,0,3
Lejano,3,0,3
Lejay,3,3,6
Lejona,0,3,3
Lejonie,0,3,3
Leka,3,3,6
Lele,0,3,3
Lelian,0,3,3
Lelio,3,0,3
Lelita,0,3,3
Lelo,3,3,6
Lélou,0,3,3
Lemano,3,0,3
Lemco,3,0,3
Lemée,0,3,3
Lemien,0,3,3
Lemine,3,3,6
Lemisha,0,3,3
Lemkje,0,3,3
Lemmerdina,0,3,3
Lemmia,0,3,3
Lemon,3,3,6
Lémoni,0,3,3
Lemony,0,3,3
Lena-Maria,0,3,3
Lencho,3,0,3
Lency,3,3,6
Lendle,3,0,3
Lenee,0,3,3
Lenert,3,0,3
Lenet,0,3,3
Lénette,0,3,3
Lenian,0,3,3
Lenieke,0,3,3
Lenissa,0,3,3
Lenk,3,0,3
Lennah,0,3,3
Lenneard,3,0,3
Lennette,0,3,3
Lenorah,0,3,3
Lenson,3,0,3
Lentjie,0,3,3
Lenzina,0,3,3
Leobinus,3,0,3
Leodor,3,3,6
Leofwin,3,0,3
Leon-Paul,3,0,3
Leonardien,0,3,3
Léonardo,3,0,3
Leonardt,3,0,3
Leondro,3,0,3
Leonelle,0,3,3
Leonhardine,0,3,3
Leonicio,3,0,3
Leonié,0,3,3
Léonieke,0,3,3
Leonila,0,3,3
Leonille,0,3,3
Leonnardus,3,0,3
Léonor,3,3,6
Leontes,3,0,3
Leonthine,0,3,3
Léontiene,0,3,3
Leontineke,0,3,3
Leonzio,3,0,3
Lepinus,3,0,3
Lera,0,3,3
Lerang,3,0,3
Lerby,3,0,3
Lereno,3,0,3
Leri,3,3,6
Lernard,3,0,3
Lesandro,3,0,3
Leshaira,0,3,3
Leshandro,3,0,3
Leshaun,3,3,6
Lesleij,3,0,3
Leslie-Ann,0,3,3
Lesmond,3,0,3
Lessa,0,3,3
Letecia,0,3,3
Léticia,0,3,3
Létitia,0,3,3
Lettadina,0,3,3
Lettitia,0,3,3
Leune,0,3,3
Leuneke,0,3,3
Leunora,0,3,3
Leutrim,3,0,3
Levaino,3,0,3
Levairo,3,0,3
Lévana,0,3,3
Lévani,3,0,3
Levania,0,3,3
Levanio,3,0,3
Lévany,3,0,3
Levayro,3,0,3
Levend,3,0,3
Leviah,0,3,3
Levico,3,0,3
Lévie,3,3,6
Levij,3,0,3
Leviñio,3,0,3
Levinius,3,0,3
Leviy,3,0,3
Levke,0,3,3
Levone,3,0,3
Levyna,0,3,3
Lewellyn,3,3,6
Lewend,3,0,3
Lewent,3,0,3
Lexandrina,0,3,3
Leyano,3,0,3
Leyi,3,3,6
Leyo,3,0,3
Leysha,0,3,3
Leyva,0,3,3
Leyviano,3,0,3
Leyya,0,3,3
Lez,3,0,3
LGM,3,3,6
Lhassan,3,0,3
Lhea,0,3,3
Lhoucine,3,0,3
Lhoussaine,3,0,3
Li-anne,0,3,3
Li-Li,0,3,3
Li-Ping,0,3,3
Liadan,0,3,3
Líam,3,0,3
Lián,3,3,6
Lianel,3,3,6
Lianora,0,3,3
Libbedina,0,3,3
Libberta,0,3,3
Libe,3,3,6
Libella,0,3,3
Liberatha,0,3,3
Liberita,0,3,3
Liberius,3,0,3
Libertje,0,3,3
Libi,0,3,3
Libiena,0,3,3
Libni,3,3,6
Librandina,0,3,3
Libuina,0,3,3
Libuinus,3,0,3
Liby,0,3,3
Licelle,0,3,3
Licenka,0,3,3
Lichano,3,0,3
Lichel,0,3,3
Lico,3,0,3
Lidawij,0,3,3
Lidewijna,0,3,3
Lidiane,0,3,3
Lidiano,3,0,3
Lidio,3,0,3
Lidion,3,3,6
Lidiya,0,3,3
Lidja,0,3,3
Lidmila,0,3,3
Liduïn,0,3,3
Lidus,3,3,6
Liduschka,0,3,3
Lidushka,0,3,3
Liduvina,0,3,3
Lidwientje,0,3,3
Lidwino,3,3,6
Lidyana,0,3,3
Lië,3,3,6
Lie-Ann,0,3,3
Liea,0,3,3
Liebina,0,3,3
Liedewijne,0,3,3
Liefine,0,3,3
Liejèn,0,3,3
Lieke-Lotte,0,3,3
Lielawatie,0,3,3
Liëm,3,3,6
Liema,0,3,3
Lién,3,3,6
Lienco,3,0,3
Liendert,3,0,3
Lienie,0,3,3
Lieno,3,0,3
Lienus,3,0,3
Liepa,0,3,3
Liesbertha,0,3,3
Liesella,0,3,3
Lieselotje,0,3,3
Liesethe,0,3,3
Liessette,0,3,3
Liet,3,3,6
Lieteke,0,3,3
Lieuwe-Jan,3,0,3
Lieuwert,3,0,3
Lievay,3,0,3
Lievelotte,0,3,3
Lievijne,0,3,3
Lievin,3,0,3
Liévine,0,3,3
Liezanne,0,3,3
Liezebeth,0,3,3
Liezeth,0,3,3
Ligino,3,0,3
Ligthart,3,3,6
Liguori,3,3,6
Lihanna,0,3,3
Lihem,3,3,6
Liina,0,3,3
Lijam,3,0,3
Lijberta,0,3,3
Lijbertha,0,3,3
Lijdwina,0,3,3
Lijkeles,3,3,6
Lijni,0,3,3
Lijsina,0,3,3
Lijtje,0,3,3
Lijze,3,0,3
Likele,3,0,3
Lilana,0,3,3
Lilani,0,3,3
Lilav,0,3,3
Lilena,0,3,3
Lilí,0,3,3
Lili-Anne,0,3,3
Lilion,3,3,6
Lilita,0,3,3
Liljan,0,3,3
Lill,3,3,6
Lillah,3,3,6
Lilly-Anna,0,3,3
Lillyana,0,3,3
Lillybeth,0,3,3
Lilofee,0,3,3
Lilotte,0,3,3
Liloz,0,3,3
Lily-Roos,0,3,3
Lily-rose,0,3,3
Limana,0,3,3
Limmigje,0,3,3
Limo,3,3,6
Lina-May,0,3,3
Linaa,0,3,3
Linardo,3,0,3
Lindamir,0,3,3
Lindcey,0,3,3
Linde-Sophie,0,3,3
Lindley,3,0,3
Líne,0,3,3
Linger,0,3,3
Linianne,3,3,6
Linkan,0,3,3
Linke,0,3,3
Linoia,0,3,3
Linomar,3,0,3
Linore,0,3,3
Linouk,0,3,3
Linsa,3,3,6
Linsdy,0,3,3
Linsley,0,3,3
Lintle,3,3,6
Linu,0,3,3
Lioeng,3,0,3
Liola,0,3,3
Liòn,3,0,3
Lionello,3,0,3
Lionn,3,0,3
Lionneke,0,3,3
Liquinda,0,3,3
Lirije,0,3,3
Lisa-Louise,0,3,3
Lisa-Mary,0,3,3
Lisa-Sophie,0,3,3
Lisainy,0,3,3
Lisannah,0,3,3
Lisanneke,0,3,3
Lisard,3,0,3
Lisbetha,0,3,3
Lisee,0,3,3
Lisete,0,3,3
Lishairo,3,0,3
Lishandra,0,3,3
Lishantely,0,3,3
Lishendro,3,0,3
Lishiana,0,3,3
Lisina,0,3,3
Lisken,0,3,3
Lismar,0,3,3
Lisou,0,3,3
Lissane,0,3,3
Lisset,0,3,3
Lissey,0,3,3
Lisseya,0,3,3
Lisze,0,3,3
Litaima,0,3,3
Litan,3,3,6
Litchano,3,0,3
Liting,0,3,3
Lititia,0,3,3
Litsa,0,3,3
Litse,3,0,3
Litska,0,3,3
Litske,0,3,3
Litty,0,3,3
Livandro,3,0,3
Livar,3,0,3
Livaro,3,0,3
Livea,0,3,3
Liven,3,3,6
Livera,0,3,3
Livida,0,3,3
Livingston,3,0,3
Livna,0,3,3
Livon,3,3,6
Livve,0,3,3
Liwa,0,3,3
Liwayway,0,3,3
Lixander,3,0,3
Liyano,3,0,3
Liying,0,3,3
Liyu,3,3,6
Liza-Lynn,0,3,3
Lizardo,3,0,3
Lizaya,0,3,3
Lizayra,0,3,3
Lizda,0,3,3
Lize-Marie,0,3,3
Lizebet,0,3,3
Lizia,0,3,3
Lizita,0,3,3
Lizzy-Ann,0,3,3
Lizzy-Rose,0,3,3
Ljubiša,3,0,3
Ljubisav,3,0,3
Llana,0,3,3
Llemar,3,0,3
Llewella,0,3,3
Lloret,0,3,3
Lluis,3,0,3
Lluvia,0,3,3
Loá,0,3,3
Loaieldeen,0,3,3
Loane,0,3,3
Loann,0,3,3
Lobbrig,0,3,3
Lobertus,3,0,3
Lobo,3,3,6
Lobregta,0,3,3
Lôc,3,3,6
Lochan,3,0,3
Loda,0,3,3
Lodavica,0,3,3
Lodefika,0,3,3
Lodeus,3,0,3
Lodewic,3,0,3
Lodewicka,0,3,3
Lodewijkska,0,3,3
Lodewijntje,0,3,3
Lodewikes,3,0,3
Loduviecus,3,0,3
Loedie,0,3,3
Loeloedji,0,3,3
Loëna,0,3,3
Loepke,3,0,3
Loeqman,3,0,3
Loesan,0,3,3
Loesia,0,3,3
Loesie,0,3,3
Loesinda,0,3,3
Loesken,0,3,3
Loesy,0,3,3
Loeth,3,0,3
Loewi,3,3,6
Loewy,3,3,6
Loey,3,3,6
Lohran,3,0,3
Loirraine,0,3,3
Loĩs,0,3,3
Loïs-Jade,0,3,3
Loïs-Lily,0,3,3
Loisie,3,3,6
Loit,3,3,6
Lola-Lynn,0,3,3
Lolah,0,3,3
Lolan,0,3,3
Lollegien,0,3,3
Lollita,0,3,3
Lolotte,0,3,3
Loly,0,3,3
Lonan,3,0,3
Lonbar,3,0,3
Lonette,0,3,3
Lóng,3,0,3
Longin,3,0,3
Lonit,3,3,6
Lonita,0,3,3
Lonka,0,3,3
Lonya,3,3,6
Look,3,0,3
Loona,0,3,3
López,3,3,6
Loppie,0,3,3
Loqmaan,3,0,3
Loqmane,3,0,3
Loraisha,0,3,3
Lorán,3,0,3
Loreano,3,0,3
Lorenco,3,0,3
Lorenna,0,3,3
Lorense,3,3,6
Lorensio,3,0,3
Lorenszo,3,0,3
Lorentius,3,3,6
Lorènz,3,0,3
Loresa,0,3,3
Lórien,0,3,3
Loriènn,0,3,3
Lorilee,0,3,3
Lorindo,3,0,3
Lorís,3,0,3
Lorrance,0,3,3
Lorreen,0,3,3
Lorrell,0,3,3
Lorus,3,3,6
Lostris,0,3,3
Lotar,3,0,3
Lothaire,3,0,3
Lotsia,0,3,3
Lotte-Marije,0,3,3
Lotte-Marijn,0,3,3
Lottelein,0,3,3
Lottina,0,3,3
Lou-anne,0,3,3
Loubaba,0,3,3
Loud,3,0,3
Louel,3,3,6
Louël,0,3,3
Louell,3,3,6
Louena,0,3,3
Louet,0,3,3
Louisana,0,3,3
Louisanna,3,3,6
Louisella,0,3,3
Louisiane,0,3,3
Louisianne,0,3,3
Louisio,3,0,3
Loujaina,0,3,3
Lourda,0,3,3
Loure,0,3,3
Lourenstina,0,3,3
Lourentinus,3,0,3
Lourentz,3,0,3
Lourian,3,3,6
Lourie,0,3,3
Lourusse,3,0,3
Lousiana,0,3,3
Louter,3,0,3
Louwana,0,3,3
Louwes,3,0,3
Louwren,3,3,6
Louwrens-Jan,3,0,3
Louwrense,0,3,3
Louwrentia,0,3,3
Louwrents,3,0,3
Louwrine,0,3,3
Louwtje,0,3,3
Louwy,3,0,3
Loveday,3,3,6
Loveley,0,3,3
Lovepreet,0,3,3
Loveridge,3,3,6
Lovise,0,3,3
Lovre,3,0,3
Lowella,0,3,3
Lówie,3,0,3
Lowijs,3,0,3
Lowino,3,0,3
Lowinus,3,0,3
Lowisius,3,0,3
Lowry,3,3,6
Lox,3,0,3
Lozano,3,3,6
Lozina,0,3,3
Lu'Lu,0,3,3
Lu-Ann,0,3,3
Luanda,3,3,6
Luani,0,3,3
Lübattes,3,0,3
Lubbedina,0,3,3
Lubbie,0,3,3
Lubèr,3,0,3
Lubertes,3,0,3
Lübeyne,0,3,3
Lubinus,3,0,3
Lubuina,0,3,3
Lüca,3,3,6
Lucasdina,0,3,3
Lucasia,0,3,3
Lucasje,0,3,3
Lucassiena,0,3,3
Lucay,3,0,3
Lucaz,3,0,3
Luceline,0,3,3
Lucene,3,0,3
Luchandro,3,0,3
Luchard,3,0,3
Luchel,3,0,3
Luchminia,0,3,3
Lucianes,3,0,3
Luciara,0,3,3
Lucielijanus,3,0,3
Luciëtte,3,3,6
Lucill,3,3,6
Lucillus,3,0,3
Lucintha,0,3,3
Luckie,0,3,3
Lucreza,0,3,3
Lucsina,0,3,3
Lucyanne,0,3,3
Lucylle,0,3,3
Ludchano,3,0,3
Ludcia,0,3,3
Luděk,3,0,3
Luden,3,3,6
Ludens,3,0,3
Luderus,3,0,3
Ludewe,3,3,6
Ludewee,0,3,3
Ludewicus,3,0,3
Ludewiena,0,3,3
Ludmar,3,0,3
Ludoca,0,3,3
Ludorus,3,0,3
Ludovices,3,3,6
Ludovick,3,0,3
Luènn,0,3,3
Lufferdina,0,3,3
Lugano,3,0,3
Lugienus,3,0,3
Lugje,0,3,3
Luigano,3,0,3
Luigien,3,0,3
Luikjen,0,3,3
Luisinho,3,0,3
Luitgardis,0,3,3
Luitgerdina,0,3,3
Luitpold,3,0,3
Luitsia,0,3,3
Luïz,3,0,3
Lujaina,0,3,3
Lujan,3,0,3
Lujeanique,0,3,3
Lukács,3,0,3
Lukáš,3,0,3
Luki,3,0,3
Lukine,0,3,3
Lukinus,3,0,3
Lukki,3,3,6
Luks,3,0,3
Luksina,0,3,3
Lumberta,0,3,3
Lumbertha,0,3,3
Lumée,0,3,3
Lumieke,0,3,3
Lumiena,0,3,3
Lumikki,0,3,3
Lummechinus,3,0,3
Lummiena,0,3,3
Lûna,0,3,3
Luna-Fay,0,3,3
Lunara,0,3,3
Lunay,0,3,3
Lundi,3,3,6
Lunetta,0,3,3
Lunita,0,3,3
Lunsiena,0,3,3
Luong,3,3,6
Lupicina,0,3,3
Lüpkea,0,3,3
Lupkiena,0,3,3
Lusenda,0,3,3
Lushainy,0,3,3
Lusian,3,3,6
Lusita,0,3,3
Lusmary,0,3,3
Lüt,3,0,3
Lutchertdiena,0,3,3
Lutfu,3,0,3
Lutgerd,0,3,3
Luthien,0,3,3
Luthilde,0,3,3
Luthina,0,3,3
Luthresia,0,3,3
Luticia,0,3,3
Lutienus,3,0,3
Lutineke,0,3,3
Lutricia,0,3,3
Lutschke,0,3,3
Lûtsen,3,0,3
Lutsina,0,3,3
Lútsje,0,3,3
Lutty,3,3,6
Lutze,3,0,3
Luuch,3,0,3
Luuht,3,0,3
Luuna,0,3,3
Luur,3,0,3
Luurta,0,3,3
Luurtina,0,3,3
Luute,3,0,3
Luuwke,0,3,3
Luvano,3,0,3
Luvic,3,0,3
Luwana,0,3,3
Luwena,0,3,3
Luwine,0,3,3
Luwisa,0,3,3
Luyimbu,3,3,6
Luz-Marina,0,3,3
Luzanna,0,3,3
Luzi,0,3,3
Luziana,0,3,3
Luzmarie,0,3,3
Lwan,3,3,6
Lyad,3,0,3
Lyande,0,3,3
Lyani,0,3,3
Lyanka,0,3,3
Lyanke,0,3,3
Lybert,3,0,3
Lychana,0,3,3
Lychenne,0,3,3
Lydell,3,0,3
Lydiah,0,3,3
Lydiano,3,0,3
Lydine,0,3,3
Lydon,3,0,3
Lydy,0,3,3
Lyèn,0,3,3
Lyès,3,3,6
Lyette,0,3,3
Lyjanne,0,3,3
Lylette,0,3,3
Lyma,3,3,6
Lymairo,3,0,3
Lymor,3,3,6
Lync,3,0,3
Lyndell,3,3,6
Lyndo,3,0,3
Lyndy,0,3,3
Lynée,0,3,3
Lynel,3,0,3
Lynnda,0,3,3
Lynnie,0,3,3
Lynott,3,0,3
Lynus,3,0,3
Lyòn,3,0,3
Lyonette,0,3,3
Lyran,3,0,3
Lyris,0,3,3
Lysabeth,0,3,3
Lysaira,0,3,3
Lysandros,3,0,3
Lyselotte,0,3,3
Lyshaino,3,0,3
Lyshairo,3,0,3
Lyssanne,0,3,3
Lystra,0,3,3
Lyvaino,3,0,3
Lyvio,3,0,3
Lyvon,3,0,3
Lyxander,3,0,3
Lyzairo,3,0,3
Lyzan,3,3,6
Lyzanna,0,3,3
Lyzet,0,3,3
L'aurora,0,3,3
l'Eau,3,0,3
L'Espérance,3,0,3
La-Jayda,0,3,3
La-keisha,0,3,3
La-Kisha,0,3,3
La-Qisha,0,3,3
La-Quisha,0,3,3
La-Shawn,3,0,3
La-Toyah,0,3,3
Laamari,3,0,3
Laana,0,3,3
Laani,0,3,3
Laap,3,0,3
Laaziz,3,0,3
Laâziza,0,3,3
Labang,3,0,3
Labi,3,0,3
Labian,3,0,3
Labiena,0,3,3
Laboeré,3,0,3
Laboni,0,3,3
Labouré,0,3,3
Labrie,0,3,3
Labruzzo,3,3,6
Lacerda,3,0,3
Lachai-Roi,3,3,6
Lachenta,0,3,3
Lachezarov,3,0,3
Lachmidevie,0,3,3
Lachxmy,0,3,3
Lacmé,0,3,3
Lacrecia,0,3,3
Ladeen,0,3,3
Ladenka,0,3,3
Ladisha,0,3,3
Ladisla,0,3,3
Ladislaw,3,0,3
Ladiva,0,3,3
Ladjana,0,3,3
Laeila,0,3,3
Laél,3,3,6
Laëla,0,3,3
Laëlia,0,3,3
Laelynn,0,3,3
Laena,0,3,3
Laertes,3,0,3
Laes,3,0,3
Laetantius,3,0,3
Laeth,3,0,3
Laetis,0,3,3
Laetitea,0,3,3
Laetitzia,0,3,3
Laevi,3,0,3
Lafayet,3,0,3
Lafdil,3,0,3
Lagéra,0,3,3
Laghdar,3,0,3
Lagiena,0,3,3
Laginem,0,3,3
Lagon,3,3,6
Lagunju,0,3,3
Lahaina,0,3,3
Lahiri,3,0,3
Lahla,0,3,3
Lahmar,3,0,3
Lahn,3,3,6
Lahon,3,0,3
Lahouari,3,0,3
Lahoucen,3,0,3
Lai-Kee,0,3,3
Lai-Ling,0,3,3
Lai-Nari,0,3,3
Lai-San,0,3,3
Lai-Yin,3,3,6
Lai-Ying,0,3,3
Laiane,0,3,3
Laicha,0,3,3
Laid,3,0,3
Laïda,0,3,3
Laiha,0,3,3
Laijara,0,3,3
Làila,0,3,3
Lailan,0,3,3
Lailoen,0,3,3
Lailoenniesa,0,3,3
Lailoennisa,0,3,3
Laimina,0,3,3
Laimona,0,3,3
Lainel,3,0,3
Lainisa,0,3,3
Laísa,0,3,3
Laisy,0,3,3
Laitenan,0,3,3
Laïth,3,0,3
Laito,3,0,3
Laiwa,0,3,3
Laïyna,0,3,3
Laïz,0,3,3
Lajanna,0,3,3
Lajha,0,3,3
LAJM,3,3,6
Lajoy,0,3,3
Lakeasha,0,3,3
Lakeem,3,0,3
Lakeescha,0,3,3
Lakes,3,0,3
Lakeya,3,3,6
Lakhram,3,0,3
Lakhsmie,0,3,3
Laki,3,3,6
Lakia,0,3,3
Lakis,3,0,3
Lakita,0,3,3
Lakmali,0,3,3
Lakschmi,0,3,3
Lakshitha,0,3,3
Lakshmee,0,3,3
Lakshmidebi,0,3,3
Lakshmidewi,0,3,3
Lakshmira,0,3,3
Laksmidevi,0,3,3
Lakyscha,0,3,3
Lalaine,0,3,3
Lalan,0,3,3
Lalé,0,3,3
Lalena,0,3,3
Lalida,0,3,3
Lalina,0,3,3
Lalinka,0,3,3
Lalitadevi,0,3,3
Laliv,0,3,3
Lall,3,0,3
Lalotte,0,3,3
Lalyn,0,3,3
Lamairo,3,0,3
Lamarche,0,3,3
Lamas,3,0,3
Lamay,0,3,3
Lamberd,3,0,3
Lambertdinus,3,0,3
Lamé,3,3,6
Lamech,3,0,3
Lamee,3,3,6
Lamegiena,0,3,3
Lamenda,0,3,3
Lamertje,0,3,3
Lamette,0,3,3
Lamey,3,3,6
Lamiâ,0,3,3
Lamiah,0,3,3
Lamiek,0,3,3
Lamiël,0,3,3
Lamiene,0,3,3
Lamiley,0,3,3
Laminten,0,3,3
Lamiokor,0,3,3
Lamique,0,3,3
Lamisha,0,3,3
Lamita,0,3,3
Lamley,0,3,3
Lammechienes,3,0,3
Lammechine,0,3,3
Lammegiene,0,3,3
Lämmert,3,0,3
Lammertjan,3,0,3
Lammertszoon,3,0,3
Lammertus,3,0,3
Lammigina,0,3,3
Lammijne,0,3,3
Lammine,0,3,3
Lamoen,3,0,3
Lamond,3,0,3
Lamtei,3,0,3
Lamtey,3,0,3
Lamtje,0,3,3
Lana-Lynn,0,3,3
Lana-May,0,3,3
Lanca,0,3,3
Landell,3,0,3
Landine,0,3,3
Landis,3,0,3
Landoald,3,0,3
Landolf,3,0,3
Landrada,0,3,3
Landré,3,0,3
Landrick,3,0,3
Landrie,3,0,3
Landrika,0,3,3
Landrina,0,3,3
Lanecia,0,3,3
Laneesha,0,3,3
Lanei,0,3,3
Lanesra,0,3,3
Lanfia,3,0,3
Langeveld,3,0,3
Langholm,3,0,3
Langley,3,3,6
Langston,3,0,3
Lanice,0,3,3
Lanicio,3,0,3
Lanigiro,3,0,3
Lanika,0,3,3
Laninja,0,3,3
Lanisa,0,3,3
Lann,3,0,3
Lanneke,0,3,3
Lanney,3,3,6
Lannon,3,0,3
Lannoy,3,0,3
Lanoa,0,3,3
Lanoah,0,3,3
Lanoi,3,3,6
Lantos,3,0,3
Lanu,3,0,3
Lanyssa,0,3,3
Laph,3,3,6
Lappa,3,0,3
Laprincia,0,3,3
Laqueeshia,0,3,3
Laquia,0,3,3
Laquicha,0,3,3
Laquishia,0,3,3
Laquisia,0,3,3
Lára,0,3,3
Lara-Jane,0,3,3
Larab,0,3,3
Laramie,0,3,3
Laranza,0,3,3
Laraswati,0,3,3
Laraysha,0,3,3
Larby,3,0,3
Larco,3,0,3
Laré,0,3,3
Lareasha,0,3,3
Laree,0,3,3
Larence,3,3,6
Larenso,3,0,3
Larentia,0,3,3
Larentius,3,0,3
Larey,3,3,6
Larga,0,3,3
Larieke,0,3,3
Larinke,0,3,3
Larion,3,0,3
Larissah,0,3,3
Larissia,0,3,3
Larita,0,3,3
Laritsa,0,3,3
Lariz,0,3,3
Larja,0,3,3
Larla,0,3,3
Larna,0,3,3
Laro,3,0,3
Laroussi,3,0,3
Laroux,0,3,3
Larren,3,0,3
Larrios,0,3,3
Lars-Ingmar,3,0,3
Lars-Peter,3,0,3
Larsina,0,3,3
Lart,3,0,3
Láruson,3,0,3
Larysia,0,3,3
Larysse,0,3,3
Laryt,3,0,3
Laryza,0,3,3
Lasa,0,3,3
Lasandra,0,3,3
Lasandro,3,0,3
Lasar,3,0,3
Lashae,0,3,3
Lashai,0,3,3
Lashandra,0,3,3
Lashano,3,0,3
Lashelle,0,3,3
Lashéna,0,3,3
Lashirah,0,3,3
Lashkar,3,0,3
Lashley,0,3,3
Lasijem,0,3,3
Lasisi,3,0,3
Láska,3,3,6
Lasley,3,0,3
Lasmi,3,3,6
Lasol,3,0,3
Lassale,3,0,3
Lassana,3,0,3
Lastenia,0,3,3
Laszio,3,0,3
Lászlò,3,0,3
Latcho,3,0,3
Lateef,3,0,3
Lateifa,0,3,3
Latévi,3,0,3
Lathicia,0,3,3
Lathisia,0,3,3
Lathonia,0,3,3
Lathyrus,0,3,3
Lathysia,0,3,3
Latiana,0,3,3
Latice,0,3,3
Laticio,3,0,3
Latiesja,0,3,3
Latip,3,0,3
Latipha,0,3,3
Latishana,0,3,3
Latishya,0,3,3
Latoscha,0,3,3
Latri,0,3,3
Latrice,0,3,3
Latricha,0,3,3
Latriece,0,3,3
Latrina,0,3,3
Latsela,3,0,3
Latyshia,0,3,3
Laud,3,0,3
Lauden,3,0,3
Lauderix,3,0,3
Laudricus,3,0,3
Laudry,0,3,3
Laue,3,3,6
Lauisa,0,3,3
Lauko,3,0,3
Laura-Jane,0,3,3
Laura-Lee,0,3,3
Laura-Marie,0,3,3
Lauralie,0,3,3
Lauranna,0,3,3
Laureana,0,3,3
Lauréanne,0,3,3
Lauréen,0,3,3
Laurein,0,3,3
Laurél,0,3,3
Laurelien,0,3,3
Lauréll,0,3,3
Lauren-Sophie,0,3,3
Laurenc,3,3,6
Laurence-Thymen,3,0,3
Laurenchius,3,0,3
Laurenço,3,0,3
Laurenco,3,0,3
Laurends,3,0,3
Lauréne,0,3,3
Laurens-Alexander,3,0,3
Laurens-Julian,3,0,3
Laurens-Paul,3,0,3
Laurensiana,0,3,3
Laurensjes,3,0,3
Laurenszoon,3,0,3
Laurént,3,0,3
Laurent-Jan,3,0,3
Laurenta,0,3,3
Laurenthe,0,3,3
Laurentin,3,3,6
Lauresa,0,3,3
Lauresse,0,3,3
Lauri-Anne,0,3,3
Lauria,0,3,3
Lauriano,3,0,3
Lauric,3,0,3
Laurica,0,3,3
Lauriènne,0,3,3
Laurienne,0,3,3
Lauries,3,3,6
Laurijna,0,3,3
Laurincia,0,3,3
Laurinne,0,3,3
Laurino,3,0,3
Laurins,3,0,3
Laurinsa,0,3,3
Lauriston,3,0,3
Laurit,0,3,3
Lauron,3,0,3
Lauruns,3,0,3
Lauryn-Hill,0,3,3
Lauryna,0,3,3
Lausan,0,3,3
Lauvira,0,3,3
Lauwdina,0,3,3
Lauwereins,3,0,3
Lauwine,0,3,3
Lauwiza,0,3,3
Lauwrencius,3,0,3
Lauwrensz,3,0,3
Lauwris,3,0,3
Laux,3,0,3
Lavalle,0,3,3
Lavande,0,3,3
Lavayet,3,0,3
Lavayo,3,0,3
Lavdrim,3,0,3
Lavee,0,3,3
Laveen,0,3,3
Lavella,0,3,3
Lavera,0,3,3
Lavíe,0,3,3
Laviënna,0,3,3
Lavienna,0,3,3
Laviera,0,3,3
Lavigna,0,3,3
Lavignia,0,3,3
Lavinda,0,3,3
Lavindra,3,0,3
Lavínia,0,3,3
Lavinnia,0,3,3
Lavonn,3,3,6
Lavurney,3,0,3
Lavurnie,0,3,3
Lavurny,3,3,6
Lavy,3,3,6
Lavynia,0,3,3
Lawanda,0,3,3
Lawang,3,0,3
Lawantie,0,3,3
Lawardus,3,0,3
Lawek,3,0,3
Lawen,3,3,6
Lawik,3,0,3
Lawîn,3,0,3
Lawina,0,3,3
Lawko,3,0,3
Laxmirani,0,3,3
Lay-son,3,0,3
Layachi,3,0,3
Layalin,0,3,3
Layano,3,0,3
Layenda,0,3,3
Layennah,0,3,3
Layette,0,3,3
Layisha,0,3,3
Layla-Rose,0,3,3
Laylaa,0,3,3
Laylee,0,3,3
Laylo,0,3,3
Laymon,3,0,3
Layona,0,3,3
Layron,3,0,3
Laysha,0,3,3
Layson,3,0,3
Layvaino,3,0,3
Layvi,3,3,6
Layyin,0,3,3
Layyina,0,3,3
Layzah,0,3,3
Laz,3,0,3
Lazare,3,0,3
Laze,3,3,6
Lazer,3,3,6
Lazgin,3,0,3
Laziena,0,3,3
Lazijna,0,3,3
Lázlo,3,0,3
Lázslo,3,0,3
LCM,3,3,6
LCP,0,3,3
Le'Jayra,0,3,3
Le'von,3,0,3
Le'yairo,3,0,3
Le-ann,0,3,3
Le-Shaun,3,0,3
Le-Shawn,3,0,3
Le-Shay,3,3,6
Lea-Sophie,0,3,3
Leáh,0,3,3
Leàh,0,3,3
Leahna,0,3,3
Leala,0,3,3
Leän,3,0,3
Leandor,3,0,3
Leandrina,0,3,3
Leandry,0,3,3
Leante,0,3,3
Leantina,0,3,3
Leany,0,3,3
Leara,0,3,3
Leard,3,0,3
Leardina,0,3,3
Learnorah,0,3,3
Leata,0,3,3
Leayla,0,3,3
Lebbe,3,0,3
Lebberdina,0,3,3
Lébéné,3,0,3
Leberdus,3,0,3
Leberecht,3,0,3
Leberthus,3,0,3
Lebibe,0,3,3
Lebina,0,3,3
Leboeria,0,3,3
Lebogang,0,3,3
Lebora,0,3,3
Leboria,0,3,3
Lebriena,0,3,3
Lebrine,0,3,3
Lèbron,3,0,3
Lec,3,3,6
Lechano,3,0,3
Lechero,3,0,3
Lecia,0,3,3
Lecy,0,3,3
Leddie,0,3,3
Leddy,3,3,6
Ledijon,3,0,3
Lediona,0,3,3
Ledrick,3,0,3
Leduc,3,3,6
Ledwine,0,3,3
Ledya,0,3,3
Lee-An,3,3,6
Lee-anne,0,3,3
Lee-Lou,3,3,6
Lee-Moi,0,3,3
Lee-naysha,0,3,3
Leeam,3,0,3
Leeander,3,0,3
Leeandro,3,0,3
Leefke,0,3,3
Leejanne,0,3,3
Leël,3,3,6
Leeloe,0,3,3
Leemar,3,0,3
Leen-Jan,3,0,3
Leendina,0,3,3
Leenina,0,3,3
Leennard,3,0,3
Leennardus,3,0,3
Leens,0,3,3
Leentinus,3,0,3
Leentjen,0,3,3
Leenus,3,0,3
Leeora,0,3,3
Leera,3,3,6
Leeto,3,0,3
Leeuwina,0,3,3
Leevan,3,0,3
Leeya,0,3,3
Leeyan,3,0,3
Leferdus,3,0,3
Lefesticia,0,3,3
Lefine,0,3,3
Lefta,3,0,3
Leftay,3,0,3
Legendary,3,3,6
Legh,3,0,3
Legi,3,3,6
Legijo,3,0,3
Legine,0,3,3
Legisah,0,3,3
Legitima,0,3,3
Legiyanto,3,0,3
Leguna,0,3,3
Léh,3,3,6
Lehel,3,0,3
Lehem,0,3,3
Leher,0,3,3
Lehla,0,3,3
Lehrasab,3,3,6
Lehua,0,3,3
Lehvi,3,0,3
Leianna,0,3,3
Leicester,3,0,3
Leidart,3,0,3
Leideke,0,3,3
Leidine,0,3,3
Léier,3,0,3
Leiff,3,0,3
Leig,0,3,3
Leigh-ann,0,3,3
Leighann,0,3,3
Leighanna,0,3,3
Leighanne,0,3,3
Leij,3,3,6
Leije,3,3,6
Leijna,0,3,3
Leijsbeth,0,3,3
Léila,0,3,3
Leilan,0,3,3
Leilane,0,3,3
Leilei,0,3,3
Leilia,3,3,6
Leinard,3,0,3
Leinore,0,3,3
Leipje,0,3,3
Leiran,3,3,6
Leisanne,0,3,3
Leïsha,0,3,3
Leiske,0,3,3
Leit,0,3,3
Leita,0,3,3
Leïto,3,0,3
Leiya,0,3,3
Leiza,0,3,3
Lejaina,0,3,3
Lejàn,3,0,3
Lejandra,0,3,3
Léjano,3,0,3
Lejayni,0,3,3
Lekë,3,0,3
Lekeysha,0,3,3
Lekram,3,0,3
Lela-Rose,0,3,3
Lelaina,0,3,3
Lélany,0,3,3
Lelany,0,3,3
Lelei,0,3,3
Lélia,0,3,3
Lelianne,0,3,3
Lelin,3,3,6
Leliona,0,3,3
Lelitia,0,3,3
Leloe,0,3,3
Lelou,0,3,3
Lemár,3,0,3
Lémar,3,0,3
Lemara,0,3,3
Lemaro,3,0,3
Lemarr,3,0,3
Lemessa,3,3,6
Lemey,3,0,3
Lémin,0,3,3
Lemlem,0,3,3
Lemmertje,0,3,3
Lemmie,3,3,6
Lemnisca,3,3,6
Lemond,3,0,3
Lëmone,0,3,3
Lemonia,0,3,3
Lempi,0,3,3
Lemstra,3,3,6
Lémuël,3,0,3
Lemuria,0,3,3
Lemy,3,3,6
Lena-Lisa,0,3,3
Lenadia,0,3,3
Lenai,0,3,3
Lenalin,0,3,3
Lenamina,0,3,3
Lenatius,3,0,3
Lenaya,0,3,3
Lenayro,3,0,3
Lenci,0,3,3
Lencio,3,0,3
Lenco,3,0,3
Lendrik,3,0,3
Lendrit,3,0,3
Lendry,3,0,3
Lendt,3,0,3
Lenea,0,3,3
Lenée,0,3,3
Lenelle,0,3,3
Leneth,0,3,3
Lenida,0,3,3
Léniek,0,3,3
Lénienke,0,3,3
Lenike,0,3,3
Lenira,0,3,3
Lenischa,0,3,3
Lenise,0,3,3
Lenisio,3,0,3
Lenko,3,0,3
Lenmar,3,0,3
Lennar,3,0,3
Lennardus,3,0,3
Lennia,0,3,3
Lennij,3,3,6
Lennique,0,3,3
Lennix,3,0,3
Lenoah,3,3,6
Lénore,0,3,3
Lensina,0,3,3
Lensinus,3,0,3
Lensje,0,3,3
Lenthin,3,0,3
Lentis,3,3,6
Lentji,0,3,3
Lentze,3,0,3
Leoanna,0,3,3
Leobertha,0,3,3
Léocadia,0,3,3
Leocady,0,3,3
Leodine,0,3,3
Leodora,0,3,3
Leodulfus,3,0,3
Leofinus,3,0,3
Leokaade,3,3,6
Leokadija,0,3,3
Leokadya,0,3,3
Leokardia,0,3,3
Leoline,3,3,6
Leomara,0,3,3
Léomi,0,3,3
Leomie,0,3,3
Léon-Paul,3,0,3
Leon-Peter,3,0,3
Leonaard,3,0,3
Leonaart,3,0,3
Leonada,0,3,3
Leonah,0,3,3
Leonárd,3,0,3
Leonardas,3,0,3
Leonardin,0,3,3
Leonario,3,0,3
Leonaris,3,3,6
Leoncia,0,3,3
Leoncita,0,3,3
Leòne,3,3,6
Leonhardo,3,0,3
Leonic,0,3,3
Leónidas,3,0,3
Leonídas,3,0,3
Leonido,3,0,3
Leonië,0,3,3
Lèonie,0,3,3
Leönie,0,3,3
Leonie-Ann,0,3,3
Leonienke,0,3,3
Leonilde,0,3,3
Leonius,3,0,3
Leonka,0,3,3
Leonn,3,0,3
Leonnard,3,0,3
Léonnie,0,3,3
Leono,3,0,3
Léonoor,0,3,3
Leonori,3,3,6
Leonso,3,0,3
Leontini,3,3,6
Leontino,3,0,3
Leonynke,0,3,3
Leopaul,3,0,3
Léora,0,3,3
Leore,0,3,3
Leoš,3,0,3
Leosa,0,3,3
Leoti,0,3,3
Leovelita,0,3,3
Lepa,0,3,3
Lephert,3,0,3
Leqi,0,3,3
Lequoia,0,3,3
Leran,3,0,3
Lerau,3,3,6
Leriano,3,0,3
Lerin,3,0,3
Lerinia,0,3,3
Lerion,3,0,3
Lernik,3,0,3
Lerno,3,0,3
Leroj,3,0,3
Lerôn,3,0,3
Lerône,3,0,3
Lèroy,3,0,3
Leroye,3,0,3
Lerus,3,0,3
Lerzan,3,3,6
Lesandra,0,3,3
Leschea,0,3,3
Lesego,3,3,6
Lesette,0,3,3
Lèshane,3,0,3
Leshano,3,0,3
Leshay,0,3,3
Leshayne,3,3,6
Lesiëla,0,3,3
Leslee,3,3,6
Lesley-Paul,3,0,3
Lesly-Ann,0,3,3
Leslynn,0,3,3
Lessche,3,0,3
Lesslyn,3,3,6
Lestár,3,3,6
Leste,3,3,6
Leteke,0,3,3
Leti,3,3,6
Letichia,0,3,3
Letif,3,0,3
Letife,0,3,3
Letischa,0,3,3
Letishia,0,3,3
Letisia,0,3,3
Letithia,0,3,3
Letitzia,0,3,3
Letrell,3,0,3
Letti,0,3,3
Lettiano,3,0,3
Lety,0,3,3
Leucika,3,3,6
Leulf,3,0,3
Leumyrah,0,3,3
Leunard,3,0,3
Leunette,0,3,3
Leuno,3,0,3
Leuterio,3,0,3
Leuvon,3,0,3
Leuwe,3,0,3
Levanah,0,3,3
LeVar,3,0,3
Levaya,0,3,3
Levayna,0,3,3
Levearn,3,0,3
Level,3,0,3
Leverd,3,0,3
Levhi,3,0,3
Levi-djay,3,0,3
Lévian,3,0,3
Leviandro,3,0,3
Leviën,3,0,3
Levín,3,3,6
Levines,3,0,3
Levinhio,3,0,3
Levinho,3,0,3
Levinnio,3,0,3
Lévino,3,0,3
Levinya,0,3,3
Levio,3,0,3
Levion,3,0,3
Levito,3,0,3
Levoi,3,0,3
Levón,3,0,3
Levona,0,3,3
Levrina,0,3,3
Levron,3,0,3
Lewam,0,3,3
Lewand,3,0,3
Lewes,3,0,3
Lewhat,3,3,6
Lewien,3,0,3
Lewienus,3,0,3
Lewinio,3,0,3
Lewinna,0,3,3
Lewton,3,0,3
Lewyna,0,3,3
Lewys,3,0,3
Lex-Jan,3,0,3
Lexin,0,3,3
Lexington,3,0,3
Lexmy,0,3,3
Lexuan,0,3,3
Lexxie,0,3,3
Ley-Ann,0,3,3
Ley-Roy,3,0,3
Léya,0,3,3
Léyana,0,3,3
Leyander,3,0,3
Leyane,0,3,3
Leyann,0,3,3
Leyao,0,3,3
Leydia,0,3,3
Leyenna,0,3,3
Leyl,3,3,6
Leylan,3,3,6
Leylanur,0,3,3
Leylin,0,3,3
Leyman,3,3,6
Leymar,3,0,3
Leyne,0,3,3
Léyon,3,0,3
Leyondo,3,0,3
Leyonna,0,3,3
Leysae,0,3,3
Leython,3,0,3
Lezano,3,0,3
Lezientje,0,3,3
Lezma,3,3,6
Lhan,0,3,3
LHC,0,3,3
Lhynn,0,3,3
Li'nayra,0,3,3
Li'vayrell,3,0,3
Li-jan,0,3,3
Li-Jo,3,0,3
Li-Lin,3,3,6
Li-na,0,3,3
Li-San,0,3,3
Li-Sha,0,3,3
Li-Shan,3,3,6
Li-Tjoe,0,3,3
Li-Wei,3,3,6
Li-Ya,0,3,3
Li-Yen,0,3,3
Li-Ying,0,3,3
Liafwina,0,3,3
Liàm,3,3,6
Liam-Jay,3,0,3
Liame,3,3,6
Liamo,3,0,3
Liandel,0,3,3
Liando,3,0,3
Liandrick,3,0,3
Liannah,0,3,3
Liansheng,3,0,3
Liante,0,3,3
Liaqat,3,0,3
Liath,0,3,3
Liauw,3,3,6
Libardo,3,0,3
Libbertus,3,0,3
Libbie,0,3,3
Libbina,0,3,3
Liberio,3,0,3
Libernatus,3,0,3
Libertador,3,0,3
Liberthus,3,0,3
Liberti,3,0,3
Libertia,0,3,3
Libertie,0,3,3
Libigje,0,3,3
Libina,0,3,3
Libo,3,0,3
Libra,0,3,3
Librech,3,0,3
Librig,0,3,3
Libuïna,0,3,3
Liburna,0,3,3
Libuse,0,3,3
Lice,0,3,3
Licha,0,3,3
Lichairo,3,0,3
Lichana,0,3,3
Lichell,0,3,3
Lichen,3,0,3
Liciènne,0,3,3
Licinda,0,3,3
Licolaas,3,0,3
Licorice,0,3,3
Lidan,3,0,3
Liddell,3,3,6
Lidewijne,0,3,3
Lidha,0,3,3
Lídia,0,3,3
Lidiam,3,3,6
Lidij,0,3,3
Lidina,3,3,6
Lidka,0,3,3
Lidvina,0,3,3
Lidwie,0,3,3
Lidwin,0,3,3
Lidy-Ann,0,3,3
Lidyann,0,3,3
Lieanna,0,3,3
Liebegien,0,3,3
Liecette,0,3,3
Liedeweide,3,3,6
Liedeweijde,0,3,3
Liedeweyde,0,3,3
Liedi,0,3,3
Liedija,0,3,3
Liedijan,0,3,3
Liedwieke,0,3,3
Liefko,3,0,3
Liejo,3,0,3
Liejon,3,0,3
Lieke-Sophie,0,3,3
Liekke,0,3,3
Lieky,3,3,6
Liela,0,3,3
Lieling,3,3,6
Lieloe,0,3,3
Liêm,3,0,3
Lièna,0,3,3
Liëndo,3,0,3
Liëne,0,3,3
Liène,3,3,6
Lienko,3,0,3
Liënn,0,3,3
Liennette,0,3,3
Lieonard,3,0,3
Lieor,3,0,3
Lieppina,0,3,3
Lieqe,0,3,3
Liera,0,3,3
Lieseloes,0,3,3
Liesetta,0,3,3
Liesie,0,3,3
Lieska,0,3,3
Lieslot,0,3,3
Liessanne,0,3,3
Liesset,0,3,3
Liessetta,0,3,3
Liët,0,3,3
Lietske,0,3,3
Lieuweke,0,3,3
Lieuwer,3,0,3
Lieuwiena,0,3,3
Lieuwine,0,3,3
Lieuwtje,0,3,3
Lievé,0,3,3
Lieve-Lotte,0,3,3
Lieveken,0,3,3
Lievette,0,3,3
Lievian,0,3,3
Lieviena,0,3,3
Lievienis,3,0,3
Liévin,3,3,6
Liew,3,3,6
Liezbeth,0,3,3
Lieze-Lotte,0,3,3
Liezebet,0,3,3
Liezeke,0,3,3
Liezet,0,3,3
Lifert,3,0,3
Lifia,0,3,3
Lighnel,3,0,3
Lignée,0,3,3
Ligoure,0,3,3
Ligram,3,0,3
Liguorius,3,3,6
Ligure,3,0,3
Lih-Mei,0,3,3
Lihi,0,3,3
Lihn,0,3,3
Lihon,3,0,3
Liis,0,3,3
Liise,0,3,3
Liiza,0,3,3
Lij,0,3,3
Lijano,3,0,3
Lijchje,0,3,3
Lijdeke,0,3,3
Lijdiard,3,0,3
Lijdius,3,0,3
Lijduina,0,3,3
Lijdy,0,3,3
Lijeanna,0,3,3
Lijfina,0,3,3
Lijfke,0,3,3
Lijnard,3,0,3
Lijnetta,0,3,3
Lijnszoon,3,0,3
Lijona,0,3,3
Lijphart,3,0,3
Lijpie,0,3,3
Lijsabeth,0,3,3
Lijsbethje,0,3,3
Lijsebet,0,3,3
Lijsiena,0,3,3
Lijster,3,3,6
Lijzabet,0,3,3
Likaj,3,3,6
Likera,0,3,3
Lilaan,0,3,3
Lilae,0,3,3
Lilaf,0,3,3
Lilamatie,0,3,3
Lilane,0,3,3
Lilavati,0,3,3
Lilawatti,0,3,3
Lilaya,0,3,3
Lilen,0,3,3
Liley,0,3,3
Lili-Ann,0,3,3
Lilifer,0,3,3
Lilij,0,3,3
Lilija,0,3,3
Lilijana,0,3,3
Lilis,0,3,3
Liliyana,0,3,3
Lilley,0,3,3
Lillias,0,3,3
Lilliène,0,3,3
Lillifee,0,3,3
Lillou,0,3,3
Lilly-An,0,3,3
Lilly-ann,0,3,3
Lilly-Jade,0,3,3
Lilly-Loïs,0,3,3
Lilly-More,0,3,3
Lilly-Noëlle,0,3,3
Lilly-Sue,0,3,3
Lillya,0,3,3
Lillyann,0,3,3
Lillyanna,0,3,3
Lillyen,0,3,3
Lily-An,0,3,3
Lily-Blue,0,3,3
Lily-Fee,0,3,3
Lily-Jolie,0,3,3
Lily-Joy,0,3,3
Lily-Marie,0,3,3
Lily-Sophie,0,3,3
Lilyaan,0,3,3
Lilyann,0,3,3
Limapo,0,3,3
Limarley,3,0,3
Limay,0,3,3
Limaya,0,3,3
Limayra,0,3,3
Limbauan,3,0,3
Limber,0,3,3
Limée,0,3,3
Limes,0,3,3
Limino,0,3,3
Limoen,0,3,3
Limoor,3,0,3
Lín,0,3,3
Lin-Li,3,3,6
Lin-Lin,0,3,3
Liná,0,3,3
Lina-Mae,0,3,3
Lina-Noor,0,3,3
Linae,0,3,3
Linaisha,0,3,3
Linan,3,0,3
Linar,3,3,6
Linara,0,3,3
Linayah,0,3,3
Linayska,0,3,3
Linci,0,3,3
Linck,3,0,3
Linda-Marie,0,3,3
Linda-May,0,3,3
Lindana,3,3,6
Lindanus,3,0,3
Linde-Lotte,0,3,3
Linde-Marie,0,3,3
Lindeke,0,3,3
Lindel,3,3,6
Linderd,3,0,3
Linderina,0,3,3
Lindian,0,3,3
Lindina,0,3,3
Linding,3,3,6
Lindly,3,0,3
Lindner,3,3,6
Lindor,3,0,3
Lindrup,3,3,6
Lindsay-Gwen,0,3,3
Lindsay-Jane,0,3,3
Lindseij,0,3,3
Lindsi,0,3,3
Linel,3,3,6
Linessa,0,3,3
Lineu,3,0,3
Líng,3,3,6
Lingling,0,3,3
Linglong,3,3,6
Lingxi,0,3,3
Lingyi,0,3,3
Linhdan,0,3,3
Linian,0,3,3
Linic,0,3,3
Liniek,0,3,3
Linijo,3,0,3
Linjale,0,3,3
Linkin,3,0,3
Linlin,0,3,3
Linly,0,3,3
Linn-Sy,0,3,3
Linnemoor,0,3,3
Linnert,3,0,3
Linnis,0,3,3
Linoek,0,3,3
Linoor,0,3,3
Linos,3,0,3
Linson,3,0,3
Linti,3,3,6
Linto,3,0,3
Linuccia,0,3,3
Linuska,0,3,3
Linxi,0,3,3
Linxin,3,0,3
Linza,0,3,3
Linzjenairo,3,0,3
Liobgytha,0,3,3
Lionardus,3,0,3
Lionce,3,3,6
Lionieke,0,3,3
Lionnel,3,0,3
Liono,3,0,3
Liontine,0,3,3
Lionza,0,3,3
Liòr,3,3,6
Liotte,0,3,3
Liou,0,3,3
Liouck,0,3,3
Liow,3,0,3
Lipbertus,3,0,3
Lipertus,3,0,3
Liping,0,3,3
Lipsina,0,3,3
Lirael,0,3,3
Liraysa,0,3,3
Lirenzo,3,0,3
Liri,0,3,3
Liriana,0,3,3
Lirio,3,0,3
Lirion,3,0,3
Lisa-Bella,0,3,3
Lisa-Esmee,0,3,3
Lisa-Fleur,0,3,3
Lisa-Jo,0,3,3
Lisa-Linde,0,3,3
Lisa-Linn,0,3,3
Lisa-May,0,3,3
Lisa-Michelle,0,3,3
Lisa-Roos,0,3,3
Lisa-Sofie,0,3,3
Lisabella,0,3,3
Lisabertha,0,3,3
Lisai,3,3,6
Lisaja,3,3,6
Lisalynn,0,3,3
Lisanette,0,3,3
Lisani,0,3,3
Lisaura,0,3,3
Lisayah,0,3,3
Lise-anne,0,3,3
Lise-Lynn,0,3,3
Lise-Mare,0,3,3
Lise-Marije,0,3,3
Lise-Milou,0,3,3
Liseia,0,3,3
Liseke,0,3,3
Liseli,0,3,3
Liselijn,0,3,3
Lisemare,0,3,3
Lisèn,3,3,6
Lisenda,0,3,3
Lisettha,0,3,3
Lishainely,0,3,3
Lishan,0,3,3
Lishanna,0,3,3
Lishaya,0,3,3
Lishayno,3,0,3
Lishena,0,3,3
Lishi,0,3,3
Lishyra,0,3,3
Lisie,0,3,3
Lisiënne,0,3,3
Lisienne,0,3,3
Lisk,0,3,3
Liskina,0,3,3
Liskjen,0,3,3
Lisle,3,3,6
Lisley,0,3,3
Lisneidy,0,3,3
Lisseth,0,3,3
Lissyane,0,3,3
Lista,0,3,3
Listine,0,3,3
Listy,0,3,3
Listya,3,0,3
Lisu,0,3,3
Liszijntje,0,3,3
Liteke,0,3,3
Lithal,0,3,3
Litia,0,3,3
Liticia,0,3,3
Litisha,0,3,3
Litskezina,0,3,3
Litta,0,3,3
Littie,0,3,3
Lituhayu,0,3,3
Litwina,0,3,3
Litze,3,3,6
Liú,3,3,6
Liù,0,3,3
Liugino,3,0,3
Liuz,3,0,3
Livâ,0,3,3
Liva-Sofie,0,3,3
Livaine,0,3,3
Livainey,0,3,3
Livane,0,3,3
Livaneli,3,0,3
Livania,0,3,3
Livanna,0,3,3
Livanne,0,3,3
Livarda,0,3,3
Livardus,3,0,3
Livasu,0,3,3
Livé,0,3,3
Liveo,3,0,3
Livet,0,3,3
Livey,0,3,3
Livia-Anne,0,3,3
Liviar,3,0,3
Livièn,0,3,3
Livinio,3,0,3
Livinis,3,3,6
Lívio,3,0,3
Livity,3,3,6
Liviyah,0,3,3
Livley,0,3,3
Livza,0,3,3
Liwana,0,3,3
Liwi,0,3,3
Lixaira,0,3,3
Lixia,0,3,3
Liy,0,3,3
Liyanage,0,3,3
Liyandra,0,3,3
Liyandro,3,0,3
Liyanne,0,3,3
Liyarah,0,3,3
Liyennah,0,3,3
Liyna,0,3,3
Liza-Maria,0,3,3
Lizaan,0,3,3
Lizairah,0,3,3
Lizana,0,3,3
Lizania,0,3,3
Lize-lotte,0,3,3
Lizebertha,0,3,3
Lizeke,0,3,3
Lizelinde,0,3,3
Lizelle,0,3,3
Lizen,0,3,3
Lizethe,0,3,3
Lizianne,0,3,3
Lizley,0,3,3
Lizz-Ann,0,3,3
Lizzel,0,3,3
Lizzelotte,0,3,3
Lizzette,0,3,3
Lizzy-Anne,0,3,3
Lizzy-Jane,0,3,3
Lizzy-Joan,0,3,3
Ljay,3,0,3
Ljenka,0,3,3
Ljilja,0,3,3
Ljipke,3,0,3
Ljubiča,3,3,6
Ljubinka,0,3,3
Ljubinko,3,0,3
Llian,0,3,3
Lluendah,0,3,3
Lluís,3,0,3
Lluisa,0,3,3
Lluïsa,0,3,3
Llyn,0,3,3
Llyvancio,3,0,3
Lo-Ann,0,3,3
Loa-Linn,0,3,3
Loang,3,3,6
Loasana,0,3,3
Loba,0,3,3
Lobato,3,3,6
Lobberdina,0,3,3
Lobbertha,0,3,3
Lobbrecht,0,3,3
Lobena,0,3,3
Loberta,0,3,3
Lobrechtje,0,3,3
Loch,3,0,3
Lochlann,3,0,3
Locksley,3,0,3
Lockyer,0,3,3
Lodevidecus,3,0,3
Lodevieca,0,3,3
Lodevina,0,3,3
Lodevique,0,3,3
Lodewickus,3,0,3
Lodewiesa,0,3,3
Lodewijca,0,3,3
Lodewijks,3,0,3
Lodewik,3,0,3
Lodewyna,0,3,3
Lodiek,3,0,3
Lodine,0,3,3
Lodola,0,3,3
Lodovikus,3,3,6
Lodowika,0,3,3
Lodowikus,3,0,3
Lodricus,3,0,3
Loduvika,3,3,6
Loduvikus,3,0,3
Loduvina,0,3,3
Loduwikus,3,0,3
Loecky,0,3,3
Loeffina,0,3,3
Loefke,0,3,3
Loekaz,3,0,3
Loël,3,0,3
Loëll,3,3,6
Loella,0,3,3
Loelo,3,0,3
Loéna,0,3,3
Loeqmaan,3,0,3
Loesa,0,3,3
Loesanna,0,3,3
Loesca,0,3,3
Loesha,0,3,3
Loesine,0,3,3
Loetfi,3,0,3
Loetse,3,0,3
Loeve,0,3,3
Loewenthal,3,0,3
Lof,3,0,3
Logaine,0,3,3
Logann,0,3,3
Logen,3,3,6
Lohanna,0,3,3
Lohmann,3,0,3
Lohra,0,3,3
Lohre,0,3,3
Lohrèn,0,3,3
Loice,0,3,3
Loida,0,3,3
Loïke,0,3,3
Loïn,0,3,3
Loinel,3,0,3
Loira,3,3,6
Loirena,0,3,3
Lóis,3,3,6
Loïs-Ann,0,3,3
Loïs-Ivy,0,3,3
Loïs-Lynn,0,3,3
Loisia,0,3,3
Loïssa,0,3,3
Loita,0,3,3
Loïta,0,3,3
Loize,0,3,3
Lojayna,0,3,3
Lok-Yiu,0,3,3
Lokina,3,3,6
Loknath,3,0,3
Lokyie,0,3,3
Lol,0,3,3
Lola-Lisa,0,3,3
Lola-Lizzy,0,3,3
Lola-Mae,0,3,3
Lola-Marie,0,3,3
Lolaf,0,3,3
Lolav,0,3,3
Loles,0,3,3
Loli,0,3,3
Loliet,0,3,3
Lolkina,0,3,3
Lolligje,0,3,3
Lolly,0,3,3
Lolow,3,3,6
Loltiena,0,3,3
Loltina,0,3,3
Loma,0,3,3
Lomar,3,0,3
Lomba,0,3,3
Lombo,0,3,3
Lomee,3,3,6
Lomena,0,3,3
Lommigje,0,3,3
Lommy,3,3,6
Lonciada,0,3,3
Londyn,0,3,3
Lonee,3,3,6
Longyin,3,3,6
Lonice,0,3,3
Lonicera,0,3,3
Lonika,0,3,3
Lonike,0,3,3
Lonise,0,3,3
Lonk,3,3,6
Lonnette,0,3,3
Lonney,3,3,6
Lono,3,0,3
Loode,3,0,3
Lor,3,3,6
Lorae,0,3,3
Lorainn,0,3,3
Lorainy,0,3,3
Lorana,0,3,3
Loranna,0,3,3
Loránt,3,0,3
Lorayjo,3,0,3
Lorayna,0,3,3
Lordana,0,3,3
Lore-Dana,0,3,3
Lorée,0,3,3
Loreene,0,3,3
Loreine,0,3,3
Lorenc,3,0,3
Lorensia,0,3,3
Lorensius,3,0,3
Lorensz,3,0,3
Lorentine,0,3,3
Lorents,3,0,3
Lorenzino,3,0,3
Lorenzius,3,3,6
Lorènzo,3,0,3
Lorenzó,3,0,3
Loressa,0,3,3
Loretha,0,3,3
Loreti,3,3,6
Lorett,0,3,3
Loretty,0,3,3
Loretxu,3,0,3
Lorgio,3,0,3
Lori-Anne,0,3,3
Loria,0,3,3
Lorianna,0,3,3
Loric,3,0,3
Loriènne,0,3,3
Loriënne,0,3,3
Lörinc,3,0,3
Lörincz,3,0,3
Lorisse,0,3,3
Lorn,3,0,3
Lorrae,0,3,3
Lorrin,0,3,3
Lory-Ann,0,3,3
Lory-Anne,0,3,3
Losaline,0,3,3
Lossia,0,3,3
Lotachi,0,3,3
Lotan,3,0,3
Loteriana,0,3,3
Lotès,0,3,3
Lotes,0,3,3
Lotf,3,0,3
Lothian,3,0,3
Loti,0,3,3
Lotijn,3,0,3
Lotrietsia,0,3,3
Lotsje,0,3,3
Lotte-Carlijn,0,3,3
Lotte-Fleur,0,3,3
Lotte-Maria,0,3,3
Lotte-Marie,0,3,3
Lotte-Sofie,0,3,3
Lotteleine,0,3,3
Lottelijn,0,3,3
Lottemieke,0,3,3
Lottherus,3,0,3
Lottiena,0,3,3
Lotto,3,0,3
Lou-ann,0,3,3
Lou-Ella,0,3,3
Lou-la,0,3,3
Lou-lou,0,3,3
Louah,3,0,3
Louäy,3,3,6
Louc,3,3,6
Louchina,0,3,3
Loucia,0,3,3
Loucinda,0,3,3
Loucky,0,3,3
Louco,3,0,3
Loudewijk,3,0,3
Loudine,0,3,3
Loudjain,0,3,3
Loudmilla,0,3,3
Loudon,3,0,3
Loué,3,3,6
Loue,3,3,6
Louedina,0,3,3
Louei,3,0,3
Louenna,0,3,3
Louenne,0,3,3
Louèt,0,3,3
Louferinio,3,0,3
Louice,0,3,3
Louida,0,3,3
Louij,3,0,3
Louik,3,0,3
Louine,0,3,3
Louís,3,0,3
louis,3,0,3
Louis-Jean,3,0,3
Louis-Maxime,3,0,3
Louis-Pierre,3,0,3
Louisainy,0,3,3
Louisandro,3,0,3
Louisano,3,0,3
Louisciano,3,0,3
Louisé,0,3,3
Louise-Ann,0,3,3
Louise-Anne,0,3,3
Louise-Jo,0,3,3
Louisetta,0,3,3
Louisian,0,3,3
Louisianna,0,3,3
Louiso,3,3,6
Louissen,3,3,6
Louistje,3,0,3
Louisus,3,0,3
Louiwie,3,0,3
Louizus,3,0,3
Loujane,0,3,3
Loujayne,0,3,3
Loukens,3,0,3
Loukiena,0,3,3
Louli,0,3,3
Louma,0,3,3
Louness,3,0,3
Lounis,3,0,3
Loupé,0,3,3
Louqman,3,0,3
Louqmen,3,0,3
Lourain,0,3,3
Lourainn,0,3,3
Lourensz,3,0,3
Lourentien,0,3,3
Louri,0,3,3
Louriana,0,3,3
Louriena,0,3,3
Lourinda,0,3,3
Lourita,0,3,3
Louron,3,0,3
Lousanna,0,3,3
Lousille,3,3,6
Lousmijn,0,3,3
Loussan,0,3,3
Louwerence,0,3,3
Louwerencia,0,3,3
Louwerensia,0,3,3
Louwerensie,3,0,3
Louwerents,3,0,3
Louwieke,3,0,3
Louwiesa,0,3,3
Louwkjen,0,3,3
Louwrensius,3,0,3
Louwrensje,0,3,3
Louwrie,0,3,3
Louwriena,0,3,3
Louwrus,3,0,3
Louws,3,3,6
Louy,3,0,3
Louys,3,0,3
Louzeiro,3,3,6
Lóva,0,3,3
Lova-Lyenn,0,3,3
Lovae,0,3,3
Lové,0,3,3
Lovea,0,3,3
Lovejoy,3,3,6
Lovel,3,3,6
Loveth,0,3,3
Lovia,0,3,3
Lovian,3,3,6
Loviano,3,0,3
Lovicus,3,0,3
Lovien,3,3,6
Loviène,0,3,3
Loviene,0,3,3
Lowana,0,3,3
Lowane,0,3,3
Lowardie,3,0,3
Lowden,3,3,6
Lowel,3,0,3
Lowèn,0,3,3
Lowena,0,3,3
Lowenna,0,3,3
Lowieck,3,0,3
Lowiesje,0,3,3
Lowieske,3,3,6
Lowietje,3,0,3
Lowiz,3,0,3
Lowize,0,3,3
Loyaard,3,0,3
Loyda,0,3,3
Loyes,0,3,3
Loyk,3,0,3
Loylou,0,3,3
Lu'lu,0,3,3
Lu-mae,0,3,3
Lúa,0,3,3
Luaiy,3,0,3
Luanca,0,3,3
Luandino,3,0,3
Luanga,3,3,6
LuAnn,0,3,3
Luar,3,3,6
Luard,3,0,3
Lübaan,3,0,3
Lubbartje,0,3,3
Lubbatje,0,3,3
Lubbeginie,0,3,3
Lubbegje,0,3,3
Lubberbina,0,3,3
Lubbertdina,0,3,3
Lubbertes,3,0,3
Lubberthio,0,3,3
Lubbèrtje,0,3,3
Lubbrig,0,3,3
Lube,3,3,6
Lubé,3,0,3
Lubéa,0,3,3
Lubena,0,3,3
Lubeno,3,0,3
Lubèrt,3,0,3
Luberth,3,0,3
Luberthina,0,3,3
Lubertie,0,3,3
Lubian,3,0,3
Lubie,0,3,3
Lubordus,3,0,3
Lubrecht,3,0,3
Lubuïnus,3,0,3
Lúc,3,0,3
Luca-Senna,3,0,3
Lucandro,3,0,3
Lucania,3,3,6
Luçanna,0,3,3
Lucanna,0,3,3
Lucar,3,0,3
Lucario,3,0,3
Lucas-Jacques,3,0,3
Lucassina,0,3,3
Lucasta,3,3,6
Luccas,3,0,3
Lücce,0,3,3
Luccino,3,0,3
Lucéa,0,3,3
Lucean,3,0,3
Lucélia,0,3,3
Lucelotte,0,3,3
Lucèro,3,0,3
Lucete,0,3,3
Lucha,3,3,6
Luchairo,3,0,3
Luchardina,0,3,3
Luchën,3,0,3
Luchen,3,0,3
Lucherdien,0,3,3
Luchienes,3,0,3
Luchines,3,0,3
Luciá,0,3,3
Luçiano,3,0,3
Luciáno,3,0,3
Lucias,3,0,3
Lucica,0,3,3
Lucie-Anne,0,3,3
Luciea,0,3,3
Lucïen,3,0,3
Luciênne,0,3,3
Lucieno,3,0,3
Lucietta,0,3,3
Lucijan,3,0,3
Lucijano,3,0,3
Lucilde,0,3,3
Lucilo,3,0,3
Lucilus,3,0,3
Lucin,0,3,3
Lucindus,3,0,3
Lucindy,0,3,3
Lucinius,3,0,3
Lucinta,0,3,3
Lucipara,0,3,3
Lucjeanne,0,3,3
Luckina,0,3,3
Lucq,3,0,3
Lucreas,3,0,3
Lucretsia,0,3,3
Lucy-Mae,0,3,3
Lucy-Rose,0,3,3
Lucyenna,0,3,3
Lucylla,0,3,3
Ludacris,3,0,3
Ludan,0,3,3
Ludek,3,0,3
Ludeke,0,3,3
Ludencio,3,0,3
Ludewika,0,3,3
Ludewinus,3,0,3
Ludgerd,0,3,3
Ludgertina,0,3,3
Ludianne,0,3,3
Ludiena,0,3,3
Ludinel,3,0,3
Ludivika,0,3,3
Ludivina,0,3,3
Lüdmilla,0,3,3
Ludmiła,0,3,3
Ludocus,3,0,3
Ludolfia,0,3,3
Ludolfius,3,0,3
Ludou,0,3,3
Ludoviek,3,3,6
Ludovik,3,0,3
Ludovike,0,3,3
Ludoviko,3,0,3
Ludovit,3,0,3
Ludowieka,0,3,3
Ludrick,3,0,3
Ludrienne,3,3,6
Ludse,3,0,3
Ludsenda,0,3,3
Ludser,3,0,3
Ludsina,3,3,6
Luduvicus,3,0,3
Ludwic,3,0,3
Ludwigus,3,0,3
Lüdwina,0,3,3
Luela,0,3,3
Luemba,0,3,3
Lueza,0,3,3
Lugarda,0,3,3
Lughino,3,0,3
Lugia,0,3,3
Lugiana,0,3,3
Lugienes,3,0,3
Lugientje,0,3,3
Lugin,3,3,6
Lugiño,3,0,3
Lugmaan,3,0,3
Luhaidan,3,0,3
Luichiena,0,3,3
Luichje,0,3,3
Luicia,0,3,3
Luiciano,3,0,3
Luidzen,3,0,3
Luie,3,0,3
Luïgi,3,0,3
Luìs,3,0,3
Luiscius,3,0,3
Luiter,3,0,3
Luitgardus,3,3,6
Luitine,0,3,3
Luitjéa,0,3,3
Luitjedina,0,3,3
Luitjes,3,0,3
Luitsien,0,3,3
Luitsina,0,3,3
Luitzina,0,3,3
Luìz,3,0,3
Luja,0,3,3
Lujana,0,3,3
Lujane,0,3,3
Lujanne,0,3,3
Lujayn,0,3,3
Lujein,0,3,3
Lujeina,0,3,3
Lujzi,0,3,3
Lúk,3,0,3
Lukanu,0,3,3
Lukasha,0,3,3
Lüken,3,0,3
Lukenia,0,3,3
Lukia,0,3,3
Lukijan,3,0,3
Lukkienus,3,0,3
Lukkine,0,3,3
Lukoki,3,3,6
Lukrecija,0,3,3
Lukresa,0,3,3
Lule,3,3,6
Luliya,0,3,3
Lulzim,3,0,3
Lumari,3,3,6
Lumbaya,0,3,3
Lümeya,0,3,3
Lumia,0,3,3
Lumidee,0,3,3
Lumientje,0,3,3
Luminiţa,0,3,3
Lumko,3,0,3
Lummert,3,0,3
Lummi,0,3,3
Lummieke,0,3,3
Lumpo,3,0,3
Lumsden,3,0,3
Lüna,0,3,3
Luna-Celeste,0,3,3
Luna-Isabella,0,3,3
Luna-Jay,0,3,3
Luna-Linde,0,3,3
Luna-Loïs,0,3,3
Luna-Lynn,0,3,3
Luna-Rose,0,3,3
Lunabella,0,3,3
Lunarda,0,3,3
Luné,0,3,3
Lunetty,0,3,3
Lunez,0,3,3
Lungowe,0,3,3
Luni,0,3,3
Lunkebila,3,0,3
Luonne,0,3,3
Lup,3,0,3
Lupberta,0,3,3
Lupgina,0,3,3
Lupi,0,3,3
Lupina,0,3,3
Lupkedina,0,3,3
Luppie,0,3,3
Lupus,3,0,3
Luq,3,0,3
Luqiano,3,0,3
Luquino,3,0,3
Lura,0,3,3
Luran,3,0,3
Lurd,0,3,3
Lure,3,3,6
Lurena,0,3,3
Luria,3,3,6
Lurk,3,0,3
Lusana,0,3,3
Lusano,3,0,3
Luschka,0,3,3
Luscinia,0,3,3
Lushaini,0,3,3
Lushairah,0,3,3
Lushairo,3,0,3
Lushanna,0,3,3
Lushano,3,0,3
Lushendry,3,0,3
Lushyra,0,3,3
Lusiano,3,0,3
Lusil,0,3,3
Lusile,0,3,3
Lusilla,0,3,3
Lusio,3,0,3
Lusmarina,0,3,3
Lustra,0,3,3
Lutchertina,0,3,3
Lûte,0,3,3
Lutèce,0,3,3
Luter,3,0,3
Luteris,0,3,3
Luterus,3,0,3
Lutfan,3,0,3
Lutfiah,0,3,3
Lutgerdien,0,3,3
Lutgerdienko,3,0,3
Lutgerdine,0,3,3
Lutgeris,3,0,3
Luth,3,3,6
Lutha,0,3,3
Luthfi,3,3,6
Luthgerdina,0,3,3
Luthijn,3,0,3
Luthwin,3,0,3
Luto,3,0,3
Lutonadio,3,0,3
Lutskerdina,0,3,3
Lutsko,3,0,3
Luttera,0,3,3
Lutthera,0,3,3
Luttik,3,0,3
Luttine,0,3,3
Lutumba,3,0,3
Lutwinus,3,0,3
Lützia,0,3,3
Luub,3,0,3
Luudwien,0,3,3
Luukjan,3,0,3
Luukman,3,0,3
Luuktje,0,3,3
Luup,3,3,6
Luurdinus,3,0,3
Luurtsche,0,3,3
Luurtse,3,0,3
Luurtze,3,0,3
Luutsje,0,3,3
Luux,3,0,3
Luvena,0,3,3
Luverdus,3,0,3
Luvia,0,3,3
Luwan,3,0,3
Luward,3,0,3
Luweena,0,3,3
Luwengo,0,3,3
Luwi,3,0,3
Luwichi,3,0,3
Luwis,3,0,3
Luwiza,0,3,3
Luxe,3,0,3
Luxia,0,3,3
Luxina,0,3,3
Luxman,3,0,3
Luyen,0,3,3
Luyken,3,0,3
Luypen,3,3,6
Luyte,3,0,3
Luytzen,3,0,3
Luzala,0,3,3
Luzea,0,3,3
Luzinho,3,0,3
Luzjen,3,0,3
Luzmaria,0,3,3
Lwaxana,0,3,3
Lwin,3,3,6
Lwiza,0,3,3
Ly-anne,0,3,3
Ly-enn,0,3,3
Ly-Shanti,0,3,3
Lyamani,3,0,3
Lyanla,0,3,3
Lyannah,0,3,3
Lyarah,0,3,3
Lyazid,3,0,3
Lyberta,0,3,3
Lyberto,3,0,3
Lyca,0,3,3
Lycenka,0,3,3
Lycha,0,3,3
Lychaino,3,0,3
Lychano,3,0,3
Lychara,0,3,3
Lychel,3,3,6
Lychinta,0,3,3
Lyciano,3,0,3
Lycla,0,3,3
Lyczenna,0,3,3
Lydda,0,3,3
Lydewei,0,3,3
Lydía,0,3,3
Lydiane,0,3,3
Lyduïna,0,3,3
Lyean,3,0,3
Lyëll,0,3,3
Lyene,0,3,3
Lyenzo,3,0,3
Lyet,0,3,3
Lyetta,0,3,3
Lyev,3,0,3
Lyeviero,3,0,3
Lygeena,0,3,3
Lygio,3,0,3
Lyiana,0,3,3
Lyjairo,3,0,3
Lyjonn,3,0,3
Lyliana,0,3,3
Lyloe,0,3,3
Lylwenn,0,3,3
Lymar,3,0,3
Lymayra,0,3,3
Lymon,3,0,3
Lynae,0,3,3
Lynaira,0,3,3
Lynca,0,3,3
Lyncey,0,3,3
Lyndall,3,0,3
Lynea,0,3,3
Lynese,0,3,3
Lynetta,0,3,3
Lyngh,3,3,6
Lynk,3,0,3
Lynka,0,3,3
Lynnel,3,3,6
Lynneth,0,3,3
Lynsie,0,3,3
Lynske,0,3,3
Lynsy,0,3,3
Lyoeske,0,3,3
Lyoni,0,3,3
Lyorah,0,3,3
Lyoudmill,0,3,3
Lyren,3,3,6
Lyrick,3,3,6
Lyridice,0,3,3
Lyriq,0,3,3
Lyrith,0,3,3
Lysandre,0,3,3
Lysange,0,3,3
Lysann,0,3,3
Lyscha,0,3,3
Lysebeth,0,3,3
Lysee,0,3,3
Lyseth,0,3,3
Lysett,0,3,3
Lyshaena,0,3,3
Lyshaina,0,3,3
Lyshiney,0,3,3
Lysian,0,3,3
Lysina,0,3,3
Lyssia,0,3,3
Lytchano,3,0,3
Lytha,0,3,3
Lythe,0,3,3
Lytisha,0,3,3
Lyton,3,0,3
Lyubomyrovna,0,3,3
Lyvai,3,0,3
Lyvairo,3,0,3
Lyvencio,3,0,3
Lyvendro,3,0,3
Lyvento,3,0,3
Lyverinio,3,0,3
Lyviana,0,3,3
Lyvine,3,3,6
Lyvonne,0,3,3
Lyzander,3,0,3
Lyzenka,0,3,3
Lyzeth,0,3,3
Lyzia,3,3,6
Lyzias,3,0,3
Lyzza,0,3,3
Lærkedal,0,3,3
L'Aaliyah,0,3,3
L'adyëndra,0,3,3
L'Aerial,0,3,3
L'Agel,0,3,3
L'amar,3,0,3
L'Amérique,0,3,3
L'amiere,3,0,3
L'amine,3,0,3
L'amira,0,3,3
L'Angelo,3,0,3
L'Angely,3,0,3
L'arbie,3,0,3
L'aricha,0,3,3
L'atisha,0,3,3
L'auora,0,3,3
l'Aurora,0,3,3
L'Danian,3,0,3
L'djareau,3,0,3
L'eshauwn,3,0,3
l'Esperance,3,0,3
l'Espérance,3,0,3
L'esperanza,0,3,3
L'esperienza,0,3,3
L'eugianthany,3,0,3
L'Evrone,3,0,3
L'geni,0,3,3
L'gyrinho,3,0,3
L'Houari,3,0,3
L'il,3,0,3
L'ivayro,3,0,3
L'ivianni,0,3,3
L'jaeh,3,0,3
L'jay,3,0,3
L'Jayh,3,0,3
L'Jesaja,3,0,3
L'Kysha,0,3,3
L'Maati,3,0,3
L'mar,3,0,3
L'naysho,3,0,3
L'nisa,0,3,3
L'Noor,0,3,3
L'oreal,0,3,3
l'Otis,0,3,3
L'Quirra,0,3,3
L'Roy,3,0,3
L'shaddai,0,3,3
L'shain,3,0,3
L'shaun,3,0,3
L'shayra,0,3,3
L'Sheiyno,3,0,3
L'unita,0,3,3
L'vai,3,0,3
L'Vanya,0,3,3
L'vay,3,0,3
L'viah,0,3,3
L'viently,3,0,3
L'vinity,0,3,3
L'Yaïsa,0,3,3
L'Yonaï,3,0,3
L'ythany,0,3,3
L-Henchelo,3,0,3
L-Jay,3,0,3
L-Joenaï,0,3,3
La'belle,0,3,3
La'Chish,0,3,3
La'eeqa,0,3,3
La'fayette,3,0,3
La'ilah,0,3,3
La'iyah,0,3,3
La'Jay,0,3,3
La'Jeyme,0,3,3
La'Keasha,0,3,3
La'khia,0,3,3
La'Kischa,0,3,3
Lâ'L,0,3,3
La'myae,0,3,3
La'myia,0,3,3
La'Mysha,0,3,3
La'Nisha,0,3,3
La'Nysha,0,3,3
La'Quina,0,3,3
La'Rose,0,3,3
La'Sean,3,0,3
La'Toya,0,3,3
La'trell,3,0,3
La'Veyra,0,3,3
La'Vieyannah,0,3,3
La'Ville,0,3,3
La-aicha,0,3,3
La-Angel,0,3,3
La-Charrel,0,3,3
La-chell,0,3,3
La-Ciara,0,3,3
La-Eisha,0,3,3
La-Elisa,0,3,3
La-Ferne,0,3,3
La-finity,0,3,3
La-Fleur,0,3,3
La-Georgia,0,3,3
La-Gianiësh,0,3,3
La-Gina,0,3,3
La-Isla,0,3,3
La-jada,0,3,3
La-Jaime,0,3,3
La-jayda,0,3,3
La-Jenary,0,3,3
La-Jeria,0,3,3
La-Joany,0,3,3
La-Kesha,0,3,3
La-Keysta,0,3,3
La-Kiecha,0,3,3
La-kiyah,0,3,3
La-Laicy,0,3,3
La-laine,0,3,3
La-Linde,0,3,3
La-Marr,3,0,3
La-Mea,0,3,3
La-Michelle,0,3,3
La-Morella,0,3,3
La-mui,0,3,3
La-Myrah,0,3,3
La-Naisha,0,3,3
La-Nisha,0,3,3
La-Odisnayris,0,3,3
La-or,0,3,3
La-Queennysha,0,3,3
La-Quin,0,3,3
La-Raine,0,3,3
La-Rei,3,0,3
La-Riyënnah,0,3,3
La-Ron,3,0,3
La-san,0,3,3
La-Shanna,0,3,3
La-Shendeley,0,3,3
La-shun,0,3,3
La-Stenchio,3,0,3
La-Tanya,0,3,3
La-Teesha,0,3,3
La-Ticha,0,3,3
La-Tierra,0,3,3
La-tih-shany,0,3,3
La-tisha,0,3,3
La-Tisha,0,3,3
La-Toucha,0,3,3
La-Vañity,0,3,3
La-vendel,3,0,3
La-Verne,0,3,3
La-verne,0,3,3
La-viënná,0,3,3
La-Viënna,0,3,3
La-Von,0,3,3
La-Vonna,0,3,3
La-Vyaremo,3,0,3
La-Yin,0,3,3
Laa,0,3,3
laa,0,3,3
Laab,3,0,3
Laafje,0,3,3
Laafo,0,3,3
Laaiekagatoen,0,3,3
Laaïla,0,3,3
Laal,3,0,3
Laali,3,0,3
Laalsingh,3,0,3
Laâmari,3,0,3
Laamena,3,0,3
Laamert,3,0,3
Laamia,0,3,3
Laang,3,0,3
Laarbi,3,0,3
Laarin,0,3,3
Laarvin,3,0,3
Laas-Piet,3,0,3
Laasya,0,3,3
Laat,3,0,3
Laàte,3,0,3
Laatifa,0,3,3
Laava,0,3,3
Lab,3,0,3
Labaika,0,3,3
Labandina,0,3,3
Labardina,0,3,3
Labarduah,0,3,3
Labartus,3,0,3
Labasse,3,0,3
Labat,3,0,3
Labeadere,3,0,3
Labeat,3,0,3
Labeeb,3,0,3
Labeena,0,3,3
Labeonda,0,3,3
Labeya,0,3,3
Labhrás,3,0,3
Labiako,0,3,3
Labiba,0,3,3
Labiba-Jenine,0,3,3
Labiche,3,0,3
Labïd,3,0,3
Labientje,0,3,3
Labinus,3,0,3
Labio,3,0,3
Labionda,0,3,3
Labjel,3,0,3
Labolas,3,0,3
Labran,3,0,3
Labri,0,3,3
Labrichell,0,3,3
Labriëlle,0,3,3
Labrienske,0,3,3
Labrina,0,3,3
Labrini,0,3,3
Labrujère,3,0,3
Labryelle,0,3,3
Labud,3,0,3
Labussa,0,3,3
Laça,0,3,3
Lača,0,3,3
Lacarma,3,0,3
Lacelle,3,0,3
Lacerna,0,3,3
Lacey-Linn,0,3,3
Lachai-Roï,3,0,3
Lachaim,3,0,3
Lachaino,3,0,3
Lachamiedevi,0,3,3
Lachano,3,0,3
Lacharona,0,3,3
Lachaune,0,3,3
Lacheany,0,3,3
Lacheira,0,3,3
Lachella,0,3,3
Lachena,0,3,3
Láchera,0,3,3
Lachey,3,0,3
Lachica,0,3,3
Lachien,0,3,3
Lachin-Fateme,0,3,3
Lachish,0,3,3
Lachisha,0,3,3
Lachlann,3,0,3
Lachman-Kiran,3,0,3
Lachmandath,3,0,3
Lachmanpersad,3,0,3
Lachmen,3,0,3
Lachmichand,3,0,3
Lachmidebie,0,3,3
Lachmidewi,0,3,3
Lachmidewie,0,3,3
Lachmie-Debie,0,3,3
Lachmie-debie,0,3,3
Lachmiepersad,3,0,3
Lachmikant,3,0,3
Lachminarine,3,0,3
Lachmini,0,3,3
Lachminia,0,3,3
Lachmipudja,0,3,3
Lachmirani,0,3,3
Lachmisingh,3,0,3
Lachnan,3,0,3
Lachon,3,0,3
Lacichya,0,3,3
Lacie,0,3,3
Lacien,3,0,3
Lacièrra,0,3,3
Lacilia,0,3,3
Lacin,3,0,3
Lacinda,0,3,3
Lacine,0,3,3
Lacinthio,3,0,3
Lacisha,0,3,3
Lackesia,0,3,3
Lacksey,0,3,3
Lacom,3,0,3
Lacorry,3,0,3
Lacostina,0,3,3
Lacota,0,3,3
Lacqesh,3,0,3
Lacquyshya,0,3,3
Lacramioara,0,3,3
Lacresha,0,3,3
Lacreshia,0,3,3
Lacresia,0,3,3
Lacruz,0,3,3
Lacsamina,0,3,3
Lactantius,3,0,3
Lacysha,0,3,3
Laczapen,3,0,3
Laczlo,3,0,3
Láďa,3,0,3
Ladale,3,0,3
Ladali,0,3,3
LaDana,0,3,3
Ladana,0,3,3
Ladane,0,3,3
LaDania,0,3,3
Ladania,0,3,3
Ladas,3,0,3
Ladavian,3,0,3
LaDawn,0,3,3
Ladda,0,3,3
Laddawan,0,3,3
Laddie,3,0,3
Laddy,3,0,3
Lade-Jady,0,3,3
Ladebie,0,3,3
Ladechia,0,3,3
Ladeesha,0,3,3
Ladefa,0,3,3
Laden,0,3,3
Ladesh,0,3,3
LaDestiny,0,3,3
Ládeva,0,3,3
Ladew,0,3,3
Ladeysha,0,3,3
Ladfah,0,3,3
Ladhaniya,0,3,3
Ladi,0,3,3
Ladia,0,3,3
Ladic,3,0,3
Ladicha,0,3,3
Ladien,3,0,3
Ladifa,0,3,3
Ladife,0,3,3
Ladigar,0,3,3
Ladiger,0,3,3
Ladim,3,0,3
Ladin,3,0,3
Ladinya,0,3,3
Ladion,3,0,3
Ladipo,3,0,3
Ladis,0,3,3
Ladisa,3,0,3
Ladisia,0,3,3
Ladislaua,0,3,3
Ladiszla,0,3,3
Ladiszlaus,3,0,3
Ladja,3,0,3
Ladjeana,0,3,3
Ladjéna,0,3,3
Ladjena,0,3,3
Ladji,3,0,3
Ladjina,0,3,3
Ladjino,3,0,3
Ladjwantie,0,3,3
Ladmia,0,3,3
Ladona,0,3,3
Ladouce,0,3,3
Ladounique,0,3,3
Ladrissa,0,3,3
Lady-Ann,0,3,3
Ladya,0,3,3
Ladyan,0,3,3
Ladylisa,0,3,3
Ladyna,0,3,3
Ladys,0,3,3
Ladyshanty,0,3,3
Ladyslouw,0,3,3
Lae'ira,0,3,3
Lae-Lou,0,3,3
Lae-mar,3,0,3
Laeana,0,3,3
Laëcha,0,3,3
Laecitia,0,3,3
Laeela,0,3,3
Laego,3,0,3
Laeh-Anna,0,3,3
Laeken,3,0,3
Laekysha,0,3,3
Läel,0,3,3
Laelani,0,3,3
Laelke,0,3,3
Laell,3,0,3
Laëll,3,0,3
Laëlla,0,3,3
Laélla,0,3,3
Laêlle,0,3,3
Laellissia,0,3,3
Laem,0,3,3
Laembert,3,0,3
Laemy,0,3,3
Laene,0,3,3
Laëny,0,3,3
Laeny,0,3,3
Laenzo,3,0,3
Laëra,0,3,3
Laercio,3,0,3
Laéro,3,0,3
Laery,3,0,3
Laerynn-Carice,0,3,3
Laeshindra,0,3,3
Laetancius,3,0,3
Laetesha,0,3,3
Laethantius,3,0,3
Laethardus,3,0,3
Laethe,0,3,3
Laethia,0,3,3
Laethus,3,0,3
Laeti,0,3,3
Laetia,0,3,3
Laeticha,0,3,3
Laëtichia,0,3,3
Laetichia,0,3,3
Läeticia,0,3,3
Laëticia,0,3,3
Laetinya,0,3,3
Laetischa,0,3,3
Laetisha,0,3,3
Laetishia,0,3,3
Laetithia,0,3,3
Laetitie,0,3,3
Laetitio,3,0,3
Laetitius,3,0,3
Laetittia,0,3,3
Laetitya,0,3,3
Laetoya,0,3,3
Laeven,0,3,3
Laevey,3,0,3
Laevin,3,0,3
Laevy,0,3,3
Laeya,0,3,3
Laeyén,0,3,3
Lafa,0,3,3
Lafabio,3,0,3
Lafaizha,0,3,3
Lafajée,0,3,3
Lafanya,0,3,3
Lafaro,3,0,3
Lafatima,0,3,3
Lafaya,0,3,3
Lafáya,0,3,3
Lafayaro,3,0,3
Lafayett,3,0,3
Lafayette-Shevaughn,0,3,3
Lafee,0,3,3
Lafeé,0,3,3
Lafencheli,0,3,3
Lafeurna,0,3,3
Lafeurney,3,0,3
Lafeyette,0,3,3
Lafiano,3,0,3
Lafiena,0,3,3
Lafiene,0,3,3
Lafienia,0,3,3
Lafiënne,0,3,3
Lafiënta,0,3,3
Lafille,0,3,3
Lafinia,0,3,3
Lafishayra,0,3,3
Lafita,0,3,3
Lafone,3,0,3
Lafonso,3,0,3
Lafonza,0,3,3
Lafuente,0,3,3
Lafurney,3,0,3
Lafurnia,0,3,3
Lafurtery,0,3,3
Lafyette,3,0,3
Lafytte,3,0,3
Laga,0,3,3
Lagacy,0,3,3
Lagah,0,3,3
Lagan,3,0,3
Lagana,0,3,3
Laganty,3,0,3
Lagartija,0,3,3
Lagene,0,3,3
Lageniel,3,0,3
Lagerfeld,3,0,3
Lagertha,0,3,3
Laghina,0,3,3
Laghlimi,3,0,3
Lagiany,0,3,3
Lagienem,0,3,3
Lagio,3,0,3
Lagira,0,3,3
Lagischa,0,3,3
Laglaya,0,3,3
Lagognon,3,0,3
Lagonda,0,3,3
Lagonie,3,0,3
Lagose,3,0,3
Lagosta,3,0,3
Lagoya,0,3,3
Lagracia,0,3,3
Lagraine,0,3,3
LaGrande,0,3,3
Lagrimas,3,0,3
Lagueesha,0,3,3
Laguerre,3,0,3
Laguilny,3,0,3
Laguyva,0,3,3
Lagynia,0,3,3
Lah-Keyni,0,3,3
Lahai,0,3,3
Lahama,3,0,3
Lahanna,0,3,3
Lahaucuin,3,0,3
Lahav,3,0,3
Lahayi-Royi,0,3,3
Lahceně,3,0,3
Lahdy,0,3,3
Lahela,0,3,3
Lahfed,3,0,3
Lahi,3,0,3
Lahin,0,3,3
Lahip,3,0,3
Lahiru,3,0,3
Lahj,0,3,3
Lahkeesa,0,3,3
Lahki,0,3,3
Lahksmi,0,3,3
Lahktezara,0,3,3
Lahlou,3,0,3
Lahlutpi,3,0,3
Lahna,0,3,3
Lâhne,0,3,3
Lahny,0,3,3
Laho,3,0,3
Lahod,3,0,3
Lahrbi,3,0,3
Lahrens,3,0,3
Lahteisha,0,3,3
Lahurn,0,3,3
Lahyenn,0,3,3
Lài,0,3,3
Lai-Gao,3,0,3
Lai-Ha,0,3,3
Lai-Han,0,3,3
Lai-Hao,3,0,3
Lai-Hiem,3,0,3
Lai-ino,3,0,3
Lai-Jaylee,0,3,3
Lai-Jie,0,3,3
Lai-Mongjun,3,0,3
Lai-Sam,0,3,3
Lai-Sar,0,3,3
Lai-Sie,0,3,3
Lai-Sihan,0,3,3
Lai-Sing,0,3,3
Lai-Son,3,0,3
Lai-Tjoen,3,0,3
Lai-Y,0,3,3
Lai-Yan,0,3,3
Lai-yan,0,3,3
Lai-Yee,0,3,3
Laïa,0,3,3
Laial,0,3,3
Laibah,0,3,3
Laic,3,0,3
Laica,0,3,3
Laicerey-Shaw,3,0,3
Laicianna,0,3,3
Laico,3,0,3
Laïde,0,3,3
Laïdia,0,3,3
Laidima,0,3,3
Laidja,0,3,3
Laiebi,3,0,3
Laiella,0,3,3
Laies,0,3,3
Laigaard,3,0,3
Laiis,0,3,3
Laij,3,0,3
Laikee,0,3,3
Laĩla,0,3,3
LaÏla,0,3,3
laila,0,3,3
Laila-Adi,0,3,3
Laila-Alexandra,0,3,3
Laila-Fey,0,3,3
Läila-Jane,0,3,3
Laïla-Jay,0,3,3
Laila-Patricia,0,3,3
Lailah-Zeayna,0,3,3
Laïlamorat,0,3,3
Lailani,0,3,3
Laïlani,0,3,3
Lailanie,0,3,3
Lailanur,0,3,3
Lailiya,0,3,3
Laillat,0,3,3
Lailli,0,3,3
Lailoennica,0,3,3
Lailoennisha,0,3,3
Lailsa,0,3,3
Lailunisa,0,3,3
Lailyn,0,3,3
Laïm,3,0,3
Laiman,0,3,3
Laimani,0,3,3
Laimira,0,3,3
Laimis,3,0,3
Laimonis,3,0,3
Laimyra,0,3,3
Lainan,3,0,3
Lainden,3,0,3
Laing,0,3,3
Lainice,0,3,3
Lainie,0,3,3
Laino,3,0,3
Lainoennisa,0,3,3
Lainsamputty,3,0,3
Laïnya,0,3,3
Laio,3,0,3
Laiphanara,3,0,3
Lair,3,0,3
Laïra,0,3,3
Laìre,0,3,3
Lairenan,0,3,3
Laïrenan,0,3,3
Laireyna,0,3,3
Lairisha,0,3,3
Lairysha,0,3,3
Lairyson,3,0,3
Laïsa,0,3,3
Laisa-J'adore,0,3,3
Laïsa-Mae,0,3,3
Laisah,0,3,3
Laisaro,3,0,3
Laïscha,0,3,3
Laïse,0,3,3
Laisea,0,3,3
LaiSean,0,3,3
Laîsha,0,3,3
Laïshayenn,0,3,3
Laishena,3,0,3
Laïsj,3,0,3
Laisja-Annathoth,0,3,3
Laisla,0,3,3
Laisren,0,3,3
Laiss,0,3,3
Laissa,0,3,3
Laissa-Jay,0,3,3
Laisya,0,3,3
Laitci,3,0,3
Laititcia,0,3,3
Laitley,0,3,3
Laiv,3,0,3
Laive,0,3,3
Laivey,3,0,3
Laivy,3,0,3
Laiwah,0,3,3
Laiya,0,3,3
Laiyah,0,3,3
Laiyana,0,3,3
Laiylah,0,3,3
Laize,0,3,3
Laizita,0,3,3
LAJ,0,3,3
Lajai,3,0,3
Lajaino,3,0,3
Lajaira,0,3,3
Lajana,0,3,3
Lajanca,0,3,3
Lajaro,3,0,3
Lajaune,3,0,3
Lajea,0,3,3
Lajedey,0,3,3
Lajefa,0,3,3
Lajelle,0,3,3
Lajely,0,3,3
Lajèn,0,3,3
Lajenil,3,0,3
Lajka,0,3,3
Lajoe,0,3,3
Lajoé,0,3,3
Lajona,0,3,3
Lájos,3,0,3
LaJoy,0,3,3
Lajoyce,3,0,3
Laju,0,3,3
Lajuna,0,3,3
Lajuska,0,3,3
Lakaaysha,0,3,3
Lakascha,0,3,3
Lakateloe,0,3,3
Lakaysha,0,3,3
Lakchiga,0,3,3
Lakdiw,3,0,3
Lakeebah,0,3,3
Lakeésha,0,3,3
Lakéesha,0,3,3
Lakeesia,0,3,3
Lakeicha,0,3,3
Lakeija,0,3,3
Lakeischa,0,3,3
LaKeisha,0,3,3
Lakeïsha,0,3,3
Lakela,3,0,3
Lakema,3,0,3
Làkesh,3,0,3
Lakeyia,0,3,3
Lakeyiah,0,3,3
Lakeyla,0,3,3
Lakeyscha,0,3,3
Lakheesha,0,3,3
Lakhensing,3,0,3
Lakhisha,0,3,3
Lakhlifia,0,3,3
Lakhmee,0,3,3
Lakhradji,0,3,3
Lakhrani,0,3,3
Lakhranie,0,3,3
Lakhsan,3,0,3
Lakhsma,3,0,3
Lakhsmidevi,0,3,3
Lakhsradj,3,0,3
Lakhwir,0,3,3
Lakica,0,3,3
Lakicha,0,3,3
Lakiescha,0,3,3
Làkiesha,0,3,3
Lakiesya,0,3,3
Lakira,0,3,3
Lakirin,0,3,3
Lakirna,0,3,3
LaKishah,0,3,3
Lakisya,0,3,3
Lakitu,3,0,3
Lakiyah,0,3,3
Lakmini,0,3,3
Lakora,0,3,3
Lakorngiar,3,0,3
Lakoste,0,3,3
Lakotè,0,3,3
Laksh,3,0,3
Laksh-my,0,3,3
Lakshanya,0,3,3
Lakshdeep,3,0,3
Lakshiga,0,3,3
Lakshika,0,3,3
Lakshimidewi,0,3,3
Lakshithan,3,0,3
Lakshiya,0,3,3
Lakshman-Dew,3,0,3
Lakshmendra,3,0,3
Lakshmi-Debie,0,3,3
Lakshmi-devi,0,3,3
Lakshmichaya,0,3,3
Lakshmidebie,0,3,3
Lakshmie-Devi,0,3,3
Lakshmikand,3,0,3
Lakshminder,3,0,3
Lakshmini,0,3,3
Lakshminia,0,3,3
Lakshmiwatie,0,3,3
Lakshmy,0,3,3
Lakshnakumari,0,3,3
Lakshraj,3,0,3
Lakshya-Dharma,3,0,3
Lakshyana,0,3,3
Laksi,0,3,3
Laksiri,3,0,3
Laksmana,3,0,3
Laksmi-Devie,0,3,3
Laksmiani,0,3,3
Laksmipriya,0,3,3
Laksmiranie,0,3,3
Laksumipiriya,0,3,3
Lakus,0,3,3
Lakuza,0,3,3
Lakwaan,0,3,3
Lakwaï,0,3,3
Lakxana,0,3,3
Lakya,0,3,3
Lakysja,0,3,3
Lâl,0,3,3
Lal'ita,0,3,3
Lal'Tam,0,3,3
Lalage,0,3,3
Lalaina,3,0,3
Lalaissa,0,3,3
Lalakbira,0,3,3
Lalam,0,3,3
Lalani,0,3,3
Lalany,3,0,3
Lalao,0,3,3
Lalarukh,0,3,3
Lalas,3,0,3
Lalash,0,3,3
Lalau,0,3,3
Lalawatie,0,3,3
Lalay,0,3,3
Lalayla,0,3,3
Lalazhour,0,3,3
Lalazineb,0,3,3
Lalbahadoer,3,0,3
Lalchand,3,0,3
Lâle-Larissa,0,3,3
Laleak,0,3,3
Lalee,0,3,3
Laleël,0,3,3
Laleena,0,3,3
Laleigsha,0,3,3
Lalemin,0,3,3
Lalenur,0,3,3
Lalenya,0,3,3
Laleş,0,3,3
Laleya,0,3,3
Lalfakawma,3,0,3
Lalia,0,3,3
Laliak,3,0,3
Lalibel,0,3,3
Lalibella,0,3,3
Lalicia,0,3,3
Lalie,0,3,3
Laliefra,0,3,3
Lalimas,3,0,3
Lalinde,0,3,3
Lalini,0,3,3
Lalisa,3,0,3
Lalischa,0,3,3
Laliska,0,3,3
Lalissa,0,3,3
Lalitadevie,0,3,3
Lalitadewie,0,3,3
Lalitakoemarie,0,3,3
Lalitavatie,0,3,3
Lalitawatie,0,3,3
Lalitkumar,3,0,3
Lalizer,0,3,3
Lallesvari,0,3,3
Lallita,0,3,3
Lallmohamed,3,0,3
Lallsingh,3,0,3
Lalmani,3,0,3
Lalnie,0,3,3
Laloe,0,3,3
Laloren,0,3,3
Lalumau,3,0,3
Lalüng,3,0,3
Lalwantie,0,3,3
Lãm,3,0,3
Läm,3,0,3
Lam-Helena,0,3,3
Lamadina,0,3,3
Lamai,3,0,3
Lamaiaa,0,3,3
Lamaire,0,3,3
Lamaisah,0,3,3
Laman,0,3,3
Lamancha,0,3,3
Lamane,3,0,3
Lamanette,0,3,3
Lamanja,0,3,3
Lamanzo,3,0,3
Lamár,3,0,3
Lamarane,0,3,3
Lamarc,0,3,3
Lamarca,0,3,3
Lamare,3,0,3
Lamari,3,0,3
Lamariska,0,3,3
Lamarissa,0,3,3
Lamark,3,0,3
Lamarno,3,0,3
Lamarre,3,0,3
Lamayra,0,3,3
Lamaysa,0,3,3
Lambadina,0,3,3
Lambaèr,3,0,3
Lambardine,0,3,3
Lambartes,3,0,3
Lambarthie,0,3,3
Lambartina,0,3,3
Lambedina,0,3,3
Lambeertje,3,0,3
Lambein,0,3,3
Lambeka,3,0,3
Lamberdi,0,3,3
Lamberdia,0,3,3
Lamberdiana,0,3,3
Lamberdie,0,3,3
Lamberdiene,0,3,3
Lamberdienes,3,0,3
Lamberdientje,0,3,3
Lamberdinant,3,0,3
Lambére,0,3,3
Lamberga,3,0,3
Lambergina,0,3,3
Lambernice,0,3,3
Lamberno,3,0,3
Lambert-Joseph,3,0,3
Lambert-Stef,3,0,3
Lambert-Willem,3,0,3
Lamberta-Frederike-Fina,0,3,3
Lamberthé,0,3,3
Lamberthes,3,0,3
Lamberthine,0,3,3
Lambertilda,0,3,3
Lambertilla,0,3,3
Lambèrtine,0,3,3
Lambertine-Mariët,0,3,3
Lambertinia,0,3,3
Lambertius,3,0,3
Lambertjan,3,0,3
Lamberttien,0,3,3
Lamberttina,0,3,3
Lambértus,3,0,3
Lambertus-Gerrit,3,0,3
Lambertus-Jan,3,0,3
Lambertus-lucas,3,0,3
Lambertusz,3,0,3
Lambertyne,0,3,3
Lambette,0,3,3
Lambettina,0,3,3
Lambick,3,0,3
Lambie,0,3,3
Lambik,3,0,3
Lambon,0,3,3
Lambrechje,0,3,3
Lambrechtina,0,3,3
Lambrechtine,0,3,3
Lambregdiena,0,3,3
Lambretta,0,3,3
Lambrina,0,3,3
Lambrinitsa,0,3,3
Lambrozius,3,0,3
Lambujane,0,3,3
Lamburt,3,0,3
Lamchienna,0,3,3
Lamchienus,3,0,3
Lamco,3,0,3
Lamduan,0,3,3
Lame,0,3,3
Lameaa,0,3,3
Lameah,0,3,3
Lamechien,0,3,3
Lamegien,0,3,3
Lamei,3,0,3
Lameine,0,3,3
Lameirinhas,0,3,3
Lameis,0,3,3
Lameley,0,3,3
Lamence,0,3,3
Lameni,3,0,3
Lamenta,0,3,3
Lamentha,0,3,3
Lamenzo,3,0,3
Lamera,0,3,3
Lamercie,0,3,3
Lamergien,0,3,3
Lamerna,0,3,3
Lamero,3,0,3
Lamertha,0,3,3
Laméry,0,3,3
Lamerychenta,0,3,3
Lameta,0,3,3
Lametha,0,3,3
Lametta,0,3,3
Lamfert,3,0,3
Lamgien,0,3,3
Lamgiena,0,3,3
Lamgienus,3,0,3
Lamha,0,3,3
Lamhar,3,0,3
Lamhé,3,0,3
Lamhe,0,3,3
Lâmi,3,0,3
Lami,3,0,3
Lamiaâ,0,3,3
Lamice,0,3,3
Lamidor,3,0,3
Lamieta,0,3,3
Lamij,3,0,3
Lamijna,0,3,3
Lamik,0,3,3
Lamilla,0,3,3
Laminar,0,3,3
Lamindah,0,3,3
Laminne,3,0,3
Lamir,3,0,3
Lamís,0,3,3
Lamisa,0,3,3
Lamisah,0,3,3
Lamiye,0,3,3
Lamk,3,0,3
Lamkea,0,3,3
Lamle,0,3,3
Lammachien,0,3,3
Lammagiena,0,3,3
Lammain,0,3,3
Lammar,3,0,3
Lammart,3,0,3
Lammechièn,0,3,3
Lammechieni,0,3,3
Lammedien,0,3,3
Lammedina,0,3,3
Lammée,0,3,3
Lammegientje,0,3,3
Lammeginus,3,0,3
Lammerchien,0,3,3
Lammerchiena,0,3,3
Lammerdienus,3,0,3
Lammergien,0,3,3
Lammergje,0,3,3
Lammerlina,0,3,3
Lammers,3,0,3
Lammert-Bord,3,0,3
Lammert-Gerard,3,0,3
Lammert-Jacobus,3,0,3
Lammertdiena,0,3,3
Lammertgina,0,3,3
Lammèrtha,0,3,3
Lammertiene,0,3,3
Lammertinus,3,0,3
Lammertjen,0,3,3
Lammertji,0,3,3
Lammet,3,0,3
Lammetiena,0,3,3
Lammichelle,0,3,3
Lammichiena,0,3,3
Lammichina,0,3,3
Lammie-Alien,0,3,3
Lammiek,0,3,3
Lammienette,0,3,3
Lammière,0,3,3
Lammieta,0,3,3
Lammiggien,0,3,3
Lammij,0,3,3
Lammike,0,3,3
Lamminda,0,3,3
Lammines,3,0,3
Lamminetta,0,3,3
Lammintha,0,3,3
Lammis,0,3,3
Lammyn,0,3,3
Lammynette,0,3,3
Lammyrna,0,3,3
Lamoena,0,3,3
Lamona,0,3,3
Làmond,3,0,3
Lamono,0,3,3
Lamontrae,3,0,3
Lamor,0,3,3
Lamoraina,0,3,3
Lamoriu,3,0,3
Lamotta,3,0,3
Lamper,3,0,3
Lampie,3,0,3
Lampros,3,0,3
Lamprosa,0,3,3
Lamproza,0,3,3
Lamptey,3,0,3
Lampung,0,3,3
Lamquez,0,3,3
Lamran,0,3,3
Lamri,3,0,3
Lamrini,3,0,3
Lamsinin,0,3,3
Lamture,0,3,3
Lamurchy,0,3,3
Lamyk,0,3,3
Lamyoji,3,0,3
Lamyotek,3,0,3
Lamyra,0,3,3
Lamyrah,0,3,3
Lamysa,0,3,3
Lán,0,3,3
Lan'driël,0,3,3
Lan-Ann,0,3,3
Lan-Hoa,0,3,3
Lan-Kelly,0,3,3
Lan-Xin,0,3,3
Lan-Yee,0,3,3
Lan-Yung,0,3,3
Lana-Anna,0,3,3
Lana-Chevelle,0,3,3
Lana-Elise,0,3,3
Lana-Fay,0,3,3
Lana-Joy,0,3,3
Lana-Lieve,0,3,3
Lana-Noé,0,3,3
Lana-Rémi,0,3,3
Lana-Sophie,0,3,3
Lana-Vayèn,0,3,3
Lanaa,0,3,3
Lanaï,3,0,3
Lanakila,0,3,3
Lananh,0,3,3
Lanata,0,3,3
Lanay,0,3,3
Lanaz,0,3,3
Lanberta,0,3,3
Lanbertus,0,3,3
Lanbrecht,3,0,3
Lancar,3,0,3
Lancaster,0,3,3
Lancé,3,0,3
Lancee,3,0,3
Lancelót,3,0,3
Lancelotte,0,3,3
Lancere,0,3,3
Lancewell,3,0,3
Lancey,0,3,3
Lancherino,3,0,3
Lanchi,0,3,3
Lancia,0,3,3
Lanciènne,0,3,3
Lancinet,3,0,3
Lanco,3,0,3
Landan,3,0,3
Landbert,3,0,3
Lande,3,0,3
Landeberht,3,0,3
Landeline,0,3,3
Landelino,3,0,3
Landen,0,3,3
Landerada,0,3,3
Landia,0,3,3
Landing,3,0,3
Landino,3,0,3
Landl,3,0,3
Landman,0,3,3
Landoalda,0,3,3
Landoline,0,3,3
Landolinus,3,0,3
Landon-Monraux,3,0,3
Landowalda,0,3,3
Landri,0,3,3
Landrik,3,0,3
Landru,3,0,3
Landt,3,0,3
Landtiena,0,3,3
Landtje,0,3,3
Landuan,0,3,3
Landuana,0,3,3
Landyn,0,3,3
Lané,0,3,3
Lanea,0,3,3
Laneal,3,0,3
Lanèche,0,3,3
Lanée,0,3,3
Laneen,0,3,3
Laneh,0,3,3
Lanehah,0,3,3
Laneice,0,3,3
Laneil,3,0,3
Lanel,0,3,3
Lanelle,0,3,3
Lanen,0,3,3
Lanena,0,3,3
Lanessa,0,3,3
Laneya,0,3,3
Lanez,3,0,3
Lanfeust,3,0,3
Lang-fa,0,3,3
Langcuaalawi,3,0,3
Langelo,3,0,3
Langenberg,3,0,3
Langgo,3,0,3
Langhit,3,0,3
Langhoff,3,0,3
Langit,3,0,3
Langkawi,3,0,3
Langlah,0,3,3
Lango,3,0,3
Lanheong,0,3,3
Lanhua,0,3,3
Lani-Kaylynne,0,3,3
Lanica,0,3,3
Lanicia,0,3,3
Laniece,0,3,3
Laniek,0,3,3
Laniëlle,0,3,3
Lanier,0,3,3
Lanieshia,0,3,3
Lanik,0,3,3
Lanike,0,3,3
Lanikki,0,3,3
Lanikky,0,3,3
Laniky,0,3,3
Lanilda,0,3,3
Lanina,0,3,3
Lanischa-Shaddai,0,3,3
Lanislaus,0,3,3
Lanissa,0,3,3
Lanita,0,3,3
Lanitpha,0,3,3
Laniya,0,3,3
Laniyah,0,3,3
Laniyi,3,0,3
Lanji,0,3,3
Lanjiro,3,0,3
Lank,3,0,3
Lankeshvar,3,0,3
Lanko,3,0,3
Lankwei,3,0,3
Lanlalita,0,3,3
Lanly,0,3,3
Lanmy,0,3,3
Lannah,0,3,3
Lannard,3,0,3
Lannée,0,3,3
Lannei,0,3,3
Länner,0,3,3
Lannex,3,0,3
Lanni,0,3,3
Lanniari,0,3,3
Lannij,3,0,3
Lannox,0,3,3
Lannthrick,3,0,3
Lanoere,3,0,3
Lanoeska,0,3,3
Lanoia,0,3,3
Lanoir,3,0,3
Lanoîra,0,3,3
Lanoiya,0,3,3
Lanor,0,3,3
Lanora,0,3,3
Lanouar,3,0,3
Lanouschka,0,3,3
Lanoush,0,3,3
Lanova,0,3,3
Lanoye,3,0,3
Lanqian,0,3,3
Lanre,3,0,3
Lansas,0,3,3
Lanseloet,3,0,3
Lansenou,3,0,3
Lansho,3,0,3
Lansia,3,0,3
Lansky,3,0,3
Lantanya,0,3,3
Lanter,3,0,3
Lanthana,0,3,3
Lanthe,0,3,3
Lantian,0,3,3
Lantiena,0,3,3
Lantina,0,3,3
Lantino,3,0,3
Lantry,0,3,3
Lanty,3,0,3
Lanu-Skylar,3,0,3
Lanubat,0,3,3
Lanuna,0,3,3
Lanur,0,3,3
Lanvy,0,3,3
Lanx,3,0,3
Lanxin,0,3,3
Làny,0,3,3
Lanyamin,3,0,3
Lanyan,0,3,3
Lanycha,0,3,3
Lanyez,0,3,3
Lanyon,3,0,3
Lanysa,0,3,3
Lanyshia,0,3,3
Lanzarote,0,3,3
Laode,3,0,3
Laodice,0,3,3
Laoera,0,3,3
Laoi,0,3,3
Laoli,3,0,3
Laomer,0,3,3
Laomi,0,3,3
Laona,0,3,3
Laonda,0,3,3
Laong,3,0,3
Laorah,0,3,3
Laorant,3,0,3
Laos,3,0,3
Laoshan,0,3,3
Laougendell,3,0,3
Laouiza,0,3,3
Laouratou,0,3,3
Laowin,3,0,3
Lap-Chi,3,0,3
Lap-Hin,3,0,3
Lap-Khang,3,0,3
Lap-King,3,0,3
Lap-Tak,3,0,3
Lap-Yin,3,0,3
Lapa,0,3,3
Lapalona,0,3,3
Lapar,3,0,3
Lapaz,3,0,3
Laperi,0,3,3
Laphaune,0,3,3
Laphina,0,3,3
Laphon,3,0,3
Laphroaig,0,3,3
Lapido,0,3,3
Lapin,3,0,3
Lapiti,0,3,3
Lapje,3,0,3
Lapo,3,0,3
Lappe,3,0,3
Lapricia,0,3,3
Laprinchia,0,3,3
Laprincio,3,0,3
Laprinsia,0,3,3
Lapsen,3,0,3
Lapwatie,0,3,3
Laqaiya,0,3,3
Laqeacha,0,3,3
Laqeesha,0,3,3
Laqischa,0,3,3
Laqiusha,0,3,3
Laqota,0,3,3
Laquan,3,0,3
Laquana,0,3,3
Laquay,3,0,3
Laqueda,0,3,3
Laqueeda,0,3,3
Laqueeni,0,3,3
Laqueenisha,0,3,3
Laquel,3,0,3
Laquelle,0,3,3
Laquelle-Genaea,0,3,3
Laqueshua,0,3,3
Laquess,0,3,3
LaQuez,3,0,3
Laquica,0,3,3
Laquichenne,0,3,3
Laquicia,0,3,3
Laquil,0,3,3
Laquilla,0,3,3
Laquilya,0,3,3
Laquincio,3,0,3
Laquinda,0,3,3
Laquinn,3,0,3
Laquinny,0,3,3
Laquinsha,0,3,3
Laquintaviéra,0,3,3
Laquishana,0,3,3
Laquiza,0,3,3
Laquizia,0,3,3
Laquizzia,0,3,3
Laquna,0,3,3
Laqushia,0,3,3
Laqysia,0,3,3
Lará,0,3,3
Lâra,0,3,3
Lara-Ada,0,3,3
Lara-Alyssa,0,3,3
Lara-Bo,0,3,3
Lara-Britt,0,3,3
Lara-Daniela,0,3,3
Lara-Dina,0,3,3
Lara-Helena,0,3,3
Lara-Jay,0,3,3
Lara-Jess,0,3,3
Lara-Joy,0,3,3
Lara-Leh,0,3,3
Lara-Linde,0,3,3
Lara-May,0,3,3
Lara-Milou,0,3,3
Lara-Mumtaz,0,3,3
Lara-Roos,0,3,3
Lara-Rose,0,3,3
Lara-Roxanne,0,3,3
Lara-Sofia,0,3,3
Lara-Su,0,3,3
Laraa,0,3,3
Laraaji,3,0,3
Larache,0,3,3
Laradhita,0,3,3
Laraëll,0,3,3
Laraesa,0,3,3
Larahna,0,3,3
Laraina,0,3,3
Larainne,0,3,3
Laraisa,0,3,3
Laralin,0,3,3
Laralisa,0,3,3
Laran,3,0,3
Larange,3,0,3
Larangtine,0,3,3
Larani,0,3,3
Laranya,0,3,3
Larasa,3,0,3
Larasatie,0,3,3
Larashanti,0,3,3
Larashati,0,3,3
Laray,3,0,3
Laraya,0,3,3
Larayb,0,3,3
Larayka,0,3,3
Larbie,3,0,3
Larce,3,0,3
Larciano,3,0,3
Lardain,0,3,3
Lardi,3,0,3
Larè,0,3,3
Larë,0,3,3
Larea,0,3,3
Laredi,0,3,3
Laredo,3,0,3
Larée,3,0,3
Lareena,0,3,3
Lareesa,0,3,3
Lareib,0,3,3
Laréina,0,3,3
laReine,0,3,3
Lareine,0,3,3
Larêna,0,3,3
Larencio,3,0,3
Larenda,0,3,3
Larendo,3,0,3
Larene,0,3,3
Larenie,0,3,3
Larenne,0,3,3
Larenske,0,3,3
Larenta,0,3,3
Larény,0,3,3
Lareny,0,3,3
Larenzio,3,0,3
Laresha,0,3,3
Laresse,0,3,3
Laret,0,3,3
Laretta,0,3,3
Lareu,0,3,3
Largoen,3,0,3
Largshirda,0,3,3
Larhette,0,3,3
LaRhona,0,3,3
Lari,0,3,3
Laria,0,3,3
Larian,0,3,3
Lariana,0,3,3
Lariane,0,3,3
Laric,3,0,3
Larica,0,3,3
Larie,0,3,3
Larieja,0,3,3
Laries,0,3,3
Lariesha,0,3,3
Lariesse,0,3,3
Larietha,0,3,3
Larifa,0,3,3
Larifah,0,3,3
Larije,0,3,3
Larijn,0,3,3
Larijne,0,3,3
Larik,3,0,3
Larim,3,0,3
Larindo,3,0,3
Larine,0,3,3
Larini,3,0,3
Larinjo,3,0,3
Larinka,0,3,3
Larino,3,0,3
Larinya,0,3,3
Larinza,0,3,3
Lario,3,0,3
Lárisa,0,3,3
Larischka,0,3,3
Larishta,0,3,3
Làrissá,0,3,3
Lárissa,0,3,3
Larissa-Anina,0,3,3
Larissa-Anne,0,3,3
Larissa-Mae,0,3,3
Larissa-Romy,0,3,3
Larisson,3,0,3
Larisza,0,3,3
Laritcio,3,0,3
Lariva,0,3,3
Larjo,3,0,3
Larkland,3,0,3
Larmin,0,3,3
Larmishah,0,3,3
Larnell,3,0,3
Larno,3,0,3
Laroa,3,0,3
Laroche,0,3,3
Larochette,0,3,3
Laroe,0,3,3
Laroesca,0,3,3
Laroesha,0,3,3
Laroesja,0,3,3
Laromain,0,3,3
Laromie,0,3,3
Laromy,0,3,3
Larona,0,3,3
Laronca,0,3,3
Laroomi,0,3,3
Laroschka,0,3,3
Larose,0,3,3
Larosso,3,0,3
Larouche,0,3,3
Laroussia,0,3,3
Laroy,3,0,3
Laroza,0,3,3
Laroze,0,3,3
Larra,0,3,3
Larraj,3,0,3
Larreeny,0,3,3
Larrel,3,0,3
Larrence,3,0,3
Larrey,3,0,3
Larron,3,0,3
Larry-Ann,0,3,3
Larry-John,3,0,3
Lars-Anne,3,0,3
Lars-Dion,3,0,3
Lars-Eric,3,0,3
Lars-Espen,3,0,3
Lars-Göran,3,0,3
Lars-Gunnar,3,0,3
Lars-Ivar,3,0,3
Lars-Jaf,3,0,3
Lars-Jarl,3,0,3
Lars-Jens,3,0,3
Lars-Jesper,3,0,3
Lars-Jorne,3,0,3
Lars-Olaf,3,0,3
Lars-Olav,3,0,3
Lars-Oliver,3,0,3
Lars-Olivier,3,0,3
Lars-Per,3,0,3
Lars-Thomas,3,0,3
Lars-Victor,3,0,3
Lars-Willem,3,0,3
Larsh,3,0,3
Larsine,0,3,3
Larsky,3,0,3
Larsny,3,0,3
Larsovna,0,3,3
Larss,3,0,3
Larssander,3,0,3
Larssiene,0,3,3
Larsten,3,0,3
Larsz,3,0,3
Larteley,0,3,3
Larthia,0,3,3
Lartib,3,0,3
Larua,0,3,3
Laruach,0,3,3
Lárudóttir,0,3,3
Laruna,0,3,3
Larus,3,0,3
Larusha,0,3,3
Laruso,3,0,3
Larvin,3,0,3
Larx,3,0,3
Larya,0,3,3
Laryche,0,3,3
Laryea,3,0,3
Laryn,0,3,3
Laryna,0,3,3
Laryssia,0,3,3
Larytia,0,3,3
Lasâd,3,0,3
Lasagna,0,3,3
Lasahidu,3,0,3
Lasalvia,0,3,3
Lasana,3,0,3
Lasanna,0,3,3
Lasanthi,0,3,3
Lasariu,0,3,3
Lasarius,3,0,3
Lasaro,3,0,3
Lasarus,3,0,3
Lasata,0,3,3
Lasatri,0,3,3
Lasaya,0,3,3
Lasayriona,0,3,3
Lascal,3,0,3
Lascarina,0,3,3
Lascel,3,0,3
Lascelle,3,0,3
Lascelles,0,3,3
Laschenko,3,0,3
Laschin,0,3,3
Laschmikumarie,0,3,3
Lasco,3,0,3
Lasé,3,0,3
Lasée,0,3,3
Laselle,3,0,3
Laseniya,0,3,3
Lâşer,3,0,3
Lashaine,0,3,3
Lashan,3,0,3
Lashan'tae,0,3,3
Lashända,0,3,3
Läshanda,0,3,3
Lashane,3,0,3
Lashani,0,3,3
Lashanté,0,3,3
Lashaun,0,3,3
Lashauna,0,3,3
LaShauna,0,3,3
Lashauwna,0,3,3
Lashauwndra,0,3,3
Lashaw,0,3,3
LaShawn,3,0,3
LaShawna,0,3,3
Lashawndra,0,3,3
Lashawné,0,3,3
Lashaya,0,3,3
Lashayra,0,3,3
Lashe,3,0,3
Lasheana,0,3,3
Lashell,0,3,3
Lashena,0,3,3
Lashenda,0,3,3
Lashenty,0,3,3
Lashinda,0,3,3
Lashira,0,3,3
Lashmi,0,3,3
Lashmie,0,3,3
Lashnita,0,3,3
Lasho,3,0,3
Lashona,0,3,3
Lashondra,0,3,3
Lashontéa,0,3,3
Lashontea,0,3,3
Lashouwma,0,3,3
Lashwey,0,3,3
Lasia,0,3,3
Lasiel,0,3,3
Lasikem,0,3,3
Lasima,0,3,3
Lasindya,0,3,3
Lasinem,0,3,3
Lasino,3,0,3
Lasis,0,3,3
Lasisa,0,3,3
Lasita,0,3,3
Lasity,0,3,3
Lasiyah,0,3,3
Lasiyana,0,3,3
Lasiyem,0,3,3
Lasize,0,3,3
Lasja,3,0,3
Lasjiennie,0,3,3
Lask,0,3,3
Laskarina,0,3,3
Laskhmi,0,3,3
Lasle,3,0,3
Lásló,3,0,3
Lasloo,3,0,3
Lasma,0,3,3
Lasmar,3,0,3
Lasmer,3,0,3
Lasmie,0,3,3
Laso,3,0,3
Lasonya,0,3,3
Lasource,0,3,3
Lassad,3,0,3
Lassandro,3,0,3
Lâsse,3,0,3
Làsse,3,0,3
Lasse-Noah,3,0,3
Lasse-Thomas,3,0,3
Lassima,0,3,3
Lassina,3,0,3
Lässlo,3,0,3
Lasta,0,3,3
Lasthenia,0,3,3
Lasther,3,0,3
Lastrina,0,3,3
Laswenda,0,3,3
Laswina,0,3,3
Laswintha,0,3,3
Laszanto,3,0,3
Lasze,0,3,3
Laszko,3,0,3
Làszló,3,0,3
Laszlö,3,0,3
Lászlö,3,0,3
Laszlo-Ludovicus,3,0,3
László-Mo,3,0,3
Laszlow,3,0,3
Lászó,3,0,3
Lat,3,0,3
Latacha,0,3,3
Lataesha,0,3,3
Lataf,3,0,3
Latandra,0,3,3
Latania,0,3,3
Lataniya,0,3,3
Lataro,3,0,3
Latasca,0,3,3
Latavia,0,3,3
Latch,3,0,3
Latcha,0,3,3
Latchenova,0,3,3
Latchenta,0,3,3
Latchie,0,3,3
Latchmi,0,3,3
Latchmi-Debie,0,3,3
Latchmie,0,3,3
Latciana,0,3,3
Latdior,3,0,3
Laté,3,0,3
Latebea,0,3,3
Lateecha,0,3,3
Latéésha,0,3,3
Latèèsha,0,3,3
Lateezha,0,3,3
Latef,0,3,3
Latelle,0,3,3
Latémys,0,3,3
Lateshano,3,0,3
Latesya,0,3,3
Latfo,0,3,3
Latfou,3,0,3
Latha,0,3,3
Lathalia,0,3,3
Lathalja,0,3,3
Lathanya,0,3,3
Lathaysia,0,3,3
Latheasha,0,3,3
Latheesha,0,3,3
Latheisha,0,3,3
Lathére,0,3,3
Lathiefa,0,3,3
Lathisha,0,3,3
Lathithia,0,3,3
Lathitia,0,3,3
Latholja,0,3,3
Lathowie,0,3,3
Lathrer,3,0,3
Lathrisa,0,3,3
Lathyfa,0,3,3
Lati,0,3,3
Latiah,0,3,3
Latie,3,0,3
Latiece,0,3,3
Latiecha,0,3,3
Latiefah,0,3,3
Latiefi,3,0,3
Latiescha,0,3,3
Latieven,0,3,3
Latif-Adeep,3,0,3
Làtifa,0,3,3
Latifagatoen,0,3,3
Latiffah,0,3,3
Latifh,0,3,3
Latifiah,0,3,3
Latifu,0,3,3
Latijn,3,0,3
Latim,3,0,3
Latimer,3,0,3
Latimoure,3,0,3
Latin,0,3,3
Latina-Nelsa,0,3,3
Latira,0,3,3
Latisa,0,3,3
Latischya,0,3,3
Latish,3,0,3
Latişha,0,3,3
Latisha-Uniqua,0,3,3
Latishiany,0,3,3
Latisja,0,3,3
Latitchia,0,3,3
Latithia,0,3,3
Latitio,3,0,3
Latitsha,0,3,3
Latitsia,0,3,3
Latitya,0,3,3
Lativah,0,3,3
Lativo,3,0,3
Latiya,0,3,3
Latiyah,0,3,3
Latjenke,3,0,3
Latjenké,3,0,3
Latjin,0,3,3
Latjor,3,0,3
Latlin,0,3,3
Lato,3,0,3
Latoiya,0,3,3
Latonia,0,3,3
Latonie,0,3,3
Latonja,0,3,3
Latosca,0,3,3
Latosha,0,3,3
Latousha,0,3,3
Látoya,0,3,3
Latoya-Ashton,0,3,3
Latoya-Maria,0,3,3
Latoya-Rochelle,0,3,3
LaToyah,0,3,3
Latoyha,0,3,3
Latpelu,3,0,3
Latray,0,3,3
Latrecia,0,3,3
Latref,3,0,3
Làtrell,3,0,3
Latrica,0,3,3
Latriche,0,3,3
Latschina,0,3,3
Latse,3,0,3
Latshebèn,3,0,3
Latshi,0,3,3
Latsilla,3,0,3
Latsjie,0,3,3
Lattapon,3,0,3
Latticia,0,3,3
Lattie,0,3,3
Lattifah,0,3,3
Latto,0,3,3
Lattu,3,0,3
Latumia,0,3,3
Latunya,0,3,3
Latusela,3,0,3
Latuva,0,3,3
Laty,3,0,3
Latycia-Anastacia-Rilana,0,3,3
Latyfa,0,3,3
Latyfah,0,3,3
Latyr,3,0,3
Latyshanne,0,3,3
Latysia,0,3,3
Latzi,3,0,3
Latzy,3,0,3
Lau-Reina,0,3,3
Laua,3,0,3
Lauan,3,0,3
Lauana,0,3,3
Lauand,3,0,3
Lauander,3,0,3
Lauani,0,3,3
Lauben,3,0,3
Lauberdina,0,3,3
Lauca,3,0,3
Laudania,0,3,3
Laudáte,0,3,3
Laudecélia,0,3,3
Laudelene,0,3,3
Laudes,0,3,3
Laudette,0,3,3
Laudicé,0,3,3
Laudichelle,0,3,3
Laudien,0,3,3
Laudir,3,0,3
Laudit,0,3,3
Laudjinin,3,0,3
Laudrey,0,3,3
Lauel,3,0,3
Lauen,0,3,3
Lauenta,0,3,3
Lauentius,3,0,3
Lauerina,0,3,3
Lauers,3,0,3
Laufinsia,0,3,3
Lauge,3,0,3
Laughlin,3,0,3
Laughter,3,0,3
Lauin,3,0,3
Lauinia,0,3,3
Lauis,3,0,3
Lauisa-Lucia,0,3,3
Lauise,0,3,3
Laukie,3,0,3
Laula,0,3,3
Laulani,0,3,3
Laulita,0,3,3
Lauloenisa,0,3,3
Laumardy,3,0,3
Laumela,0,3,3
Laumonis,0,3,3
Launaishya,0,3,3
Launcelot,3,0,3
Laune,0,3,3
Launique,0,3,3
Launka,0,3,3
Launysja,0,3,3
Laur,3,0,3
Laurá,0,3,3
laura,0,3,3
Laura-An,0,3,3
Laura-Anna,0,3,3
Laura-Chelsea,0,3,3
Laura-Christine,0,3,3
Laura-Dana,0,3,3
Laura-Danielle,0,3,3
Laura-Elize,0,3,3
Laura-Esmé,0,3,3
Laura-Esther,0,3,3
Laura-Faye,0,3,3
Laura-Francis,0,3,3
Laura-Gon,0,3,3
Laura-Jenny,0,3,3
Laura-Jill,0,3,3
Laura-June,0,3,3
Laura-Klara,0,3,3
Laura-Lena,0,3,3
Laura-Liedewij,0,3,3
Laura-Lieve,0,3,3
Laura-lin,0,3,3
Laura-Lize,0,3,3
Laura-Lynne,0,3,3
Laura-Mae,0,3,3
Laura-Maeve,0,3,3
Laura-Marcella,0,3,3
Laura-Monique,0,3,3
Laura-Romana,0,3,3
Laura-Sophia,0,3,3
Laura-Sophie,0,3,3
Laura-Stéphanie,0,3,3
Laura-Verena,0,3,3
Laura-Victoria,0,3,3
Laura-Yvonne,0,3,3
Laura-Zofia,0,3,3
Lauradina,0,3,3
Lauraina,0,3,3
Laurajane,0,3,3
Lauralee,0,3,3
Lauralin,0,3,3
Lauralinde,0,3,3
Lauraline,0,3,3
Lauraly,0,3,3
Laurance-Honorée,0,3,3
Laurande,0,3,3
Laurang,3,0,3
Lauranio,3,0,3
Laurann,0,3,3
Laurans,3,0,3
Laurantia,0,3,3
Lauranz,3,0,3
LauraSue,0,3,3
Lauratien,0,3,3
Lauratina,0,3,3
Lauray,0,3,3
Laurayne,0,3,3
Laure-Anne,0,3,3
Laure-Sophie,0,3,3
Lauréan,3,0,3
Lauréane,0,3,3
Laureanna,0,3,3
Laureco,3,0,3
Laureene-Françoise,0,3,3
Laureijne,0,3,3
Laureins,3,0,3
Laurelaine,0,3,3
Laureleen,0,3,3
Laurelei,0,3,3
Laurelia,0,3,3
Laurelie,0,3,3
Lauréline,0,3,3
Laurèll,0,3,3
Laurell,3,0,3
Laurèlle,0,3,3
Laurellie,0,3,3
Laurelyn,0,3,3
Lauren-Ann,0,3,3
Lauren-Bo,0,3,3
Lauren-Jan,3,0,3
Lauren-Kumar,3,0,3
Lauren-Lilly,0,3,3
Lauren-May,0,3,3
Lauren-Nicole,0,3,3
Lauren-Sina,0,3,3
Lauréna,0,3,3
Laurèna,0,3,3
Laurença,0,3,3
Laurénce,3,0,3
Laurencé,0,3,3
Laurence-Jasper,3,0,3
Laurence-Maxime,0,3,3
Laurenchely,0,3,3
Laurenchen,0,3,3
Laurencin,0,3,3
Laurencis,3,0,3
Laurèncius,3,0,3
Laurend,3,0,3
Laurendia,0,3,3
Laurendo,3,0,3
Laurendt-Pjer,3,0,3
Laurenka,0,3,3
Laurenn,0,3,3
Laureno,3,0,3
Laurenque,0,3,3
Laurèns,3,0,3
Laurens-Christiaan,3,0,3
Laurens-Ferdinand,3,0,3
Laurens-Geert,3,0,3
Laurens-George,3,0,3
Laurens-Hein,3,0,3
Laurens-Klaas,3,0,3
Laurens-Ootmar,3,0,3
Laurens-Willem,3,0,3
Laurensciano,3,0,3
Laurènse,0,3,3
Laurensen,3,0,3
Laurensiena,0,3,3
Laurenska,0,3,3
Laurenso,3,0,3
Laurensstorm,3,0,3
Laurenstia,0,3,3
Laurenstine,0,3,3
Laurensza,0,3,3
Laurent-Martin,3,0,3
Laurente,0,3,3
Laurenth,3,0,3
Laurenthius,3,0,3
Laurentia-Cornelia,0,3,3
Laurentianna,0,3,3
Laurentiës,3,0,3
Laurenties,3,0,3
Laurentinah,0,3,3
Laurèntine,0,3,3
Laurentine-Anne,0,3,3
Laurentine-Maria,0,3,3
Laurentiny,0,3,3
Laurentis,3,0,3
laurentius,3,0,3
Laurentjie,0,3,3
Laurento,3,0,3
Laurents-Jan,3,0,3
Laurentsia,0,3,3
Laurentske,0,3,3
Laurenttio,0,3,3
Laurenty,3,0,3
Laurentzia,0,3,3
Laurenz-Jan,3,0,3
Laurenzi,0,3,3
Laurenzina,0,3,3
Laurenzio,3,0,3
Laurenzius,3,0,3
Laureola,0,3,3
Laurestina,0,3,3
Laureva,0,3,3
Laurex,0,3,3
Laurey-Anne,0,3,3
Laureyna,0,3,3
Laureys,3,0,3
Laureysken,0,3,3
Laureza,0,3,3
Laurhen,3,0,3
Laurí,0,3,3
Lauri-Dee,0,3,3
Lauri-Jan,3,0,3
Lauriaan,3,0,3
Lauriam,3,0,3
Lauriani,0,3,3
Lauriann,0,3,3
Lâurianne,0,3,3
Laurianne-Maylan,0,3,3
Laurianus,0,3,3
Lauricia,0,3,3
Laurick,3,0,3
Laurico,3,0,3
Lauridha,0,3,3
Laurie-Ann,0,3,3
Laurie-Marie,0,3,3
Laurièl,0,3,3
Lauriella,0,3,3
Lauriëlle,0,3,3
Laurient,3,0,3
Lauriët,0,3,3
Laurieta,0,3,3
Laurïn,0,3,3
Lauringston,3,0,3
Laurinha,0,3,3
Laurinio,3,0,3
Laurisha,0,3,3
Laurisilva,0,3,3
Lauriska,0,3,3
Laurius,3,0,3
Laurizanda,0,3,3
Laurjanna,0,3,3
Laurna,0,3,3
Laurnea,0,3,3
Laurraine,0,3,3
Laurreen,0,3,3
Laurrence,0,3,3
Laurynde,0,3,3
Lausanna,0,3,3
Laushana,0,3,3
Lausharine,0,3,3
Laussena,0,3,3
Lautaret,3,0,3
Lauterio,3,0,3
Lautess,0,3,3
Lautin,3,0,3
Lautske,0,3,3
Lauvine,0,3,3
Lauwana,0,3,3
Lauwdaria,0,3,3
Lauwend,3,0,3
Lauwera,0,3,3
Lauwerdine,0,3,3
Lauwerensia,0,3,3
Lauwerensje,0,3,3
Lauweriena,0,3,3
Lauwick,3,0,3
Lauwke,3,0,3
Lauwo,3,0,3
Lauwran,3,0,3
Lauwrensa,0,3,3
Lauwrense,0,3,3
Lauwrensius,3,0,3
Lauwrenska,0,3,3
Lauwrents,3,0,3
Lauwrenzia,0,3,3
Lauwrenzo,3,0,3
Lauwrenzo-Glenn,3,0,3
Lauwretta,0,3,3
Lauwrette,0,3,3
Lauwrientje,0,3,3
Lauwrijntje,0,3,3
Lauwrikus,3,0,3
Lauwrinus,3,0,3
Lauwry,0,3,3
Lavado,3,0,3
Lavaine,3,0,3
Lavaïno,3,0,3
Lavainy,0,3,3
Lavaley,3,0,3
Lavall,3,0,3
Lavanan,3,0,3
Lavand,3,0,3
Lavandjel,3,0,3
Lavanio,3,0,3
Lavanja,0,3,3
Lavanjo,3,0,3
Lavannah,0,3,3
Lavannija,0,3,3
Lavanos,3,0,3
Lavant,3,0,3
Lavantae,0,3,3
Lavany,0,3,3
Lavarinjo,3,0,3
Lavaronne,3,0,3
Lavaty,0,3,3
LaVaughn,3,0,3
Lavaughn,0,3,3
Lavauhn,3,0,3
Lavaun,3,0,3
Lavaya,0,3,3
Lavayenne,0,3,3
Lavayette,0,3,3
Lavé,0,3,3
Lave,0,3,3
Laveena,0,3,3
Lavèll,0,3,3
Lavèn,0,3,3
Lavenchely,0,3,3
Lavencio,3,0,3
Lavende,0,3,3
Lavènde,0,3,3
Lavendula,0,3,3
Lavënia,0,3,3
Lavenn,3,0,3
Lavënn,0,3,3
Lavente,0,3,3
Laver,3,0,3
Laveranués,3,0,3
Laverda,0,3,3
Lavergne,0,3,3
Laveria,0,3,3
LaVerne,0,3,3
Laverne-Yo,3,0,3
Lavernie,3,0,3
Lavernio,3,0,3
Lavernius,3,0,3
Laverty,3,0,3
Lavesh,3,0,3
Laveska,0,3,3
Lavesta,0,3,3
Laveurne,0,3,3
Laveyano,3,0,3
Laveyene,0,3,3
Laveynia,0,3,3
Lavezzi,3,0,3
Lavía,0,3,3
Lavia,0,3,3
Laviane,0,3,3
Lavianne,0,3,3
Laviare,0,3,3
Lavido,3,0,3
Lávie,0,3,3
Lavieeënschka,0,3,3
Laviella,0,3,3
Lavièn,3,0,3
Lavien,0,3,3
Lavieña,0,3,3
Lavienia,0,3,3
Laviënn,0,3,3
Laviënne,0,3,3
Lavienus,3,0,3
Lavier,3,0,3
Laviër,3,0,3
Lavigeria,0,3,3
Lavigilantia,0,3,3
Lavigno,3,0,3
Lavignya,0,3,3
Laville,0,3,3
Lavîn,0,3,3
Lavín,0,3,3
Laviña,0,3,3
Lavincio,3,0,3
Lavindel,3,0,3
Lavindo,3,0,3
Lavinea,0,3,3
Lavinette,0,3,3
Lavinha,0,3,3
Lavinie,0,3,3
Lavinna,0,3,3
Lavinnio,3,0,3
Lavinyah,0,3,3
Laviolette,0,3,3
Lavira,0,3,3
Lavish,3,0,3
Laviso,3,0,3
Lavitah,0,3,3
Lavitha,0,3,3
Lavitica,0,3,3
Lavitta,0,3,3
Laviva,0,3,3
Laviyenzo,3,0,3
Laviza,0,3,3
Lavjèn,0,3,3
Lavleen,0,3,3
Lavna,0,3,3
Lavo,0,3,3
Lavôn,3,0,3
Lavone,0,3,3
Lavoya,0,3,3
Lavrans,3,0,3
Lavreeke,0,3,3
Lavrendi,3,0,3
Lavris,0,3,3
Lavron,3,0,3
Lavue,3,0,3
Lavuen,3,0,3
Lavurn,3,0,3
Lavyna,0,3,3
LAW,0,3,3
Lawacham,3,0,3
Lawaly,3,0,3
Lawamena,3,0,3
Lawangin,3,0,3
Lawanjaru,3,0,3
Lawant,3,0,3
Lawar,3,0,3
Lawend,3,0,3
Lawerence,3,0,3
Lawerne,3,0,3
Lawie,3,0,3
Lawiena,0,3,3
Lawienia,0,3,3
Lawinda,0,3,3
Lawinia,0,3,3
Lawny,3,0,3
Lawo,3,0,3
Lawond,3,0,3
Lawra,0,3,3
Lawrah,0,3,3
Lawrance,3,0,3
Lawreemy,0,3,3
Lawrence-Bradley,3,0,3
Lawrence-Laurent,3,0,3
Lawrensa,0,3,3
Lawrense,3,0,3
Lawrensia,0,3,3
Lawrenz,3,0,3
Lawret,3,0,3
Lawretta,0,3,3
Lawri,3,0,3
Lawrie,0,3,3
Lawrik,3,0,3
Lawrina,0,3,3
Lawry,3,0,3
Lawryn,0,3,3
Lawsun,0,3,3
Lawton,0,3,3
Lawvino,3,0,3
Lax,0,3,3
Laxapriyan,3,0,3
Laxáyra,0,3,3
Laxciya,0,3,3
Laxen,3,0,3
Laxhmie,0,3,3
Laxiga,0,3,3
Laximie,0,3,3
Laxmaan,3,0,3
Laxmen,3,0,3
Laxmi-chaja,0,3,3
Laxmi-Devi,0,3,3
Laxmichaya,0,3,3
Laxmidebi,0,3,3
Laxmidivi,0,3,3
Laxmiedevi,0,3,3
Laxmipersad,3,0,3
Laxmir,0,3,3
Laxmira-Devi,0,3,3
Laxmitulsie,0,3,3
Laxmiya,0,3,3
Laxmy,0,3,3
Laxon,3,0,3
Laxshan,3,0,3
Laxshmi-Devi,0,3,3
Laxsika,0,3,3
Laxsini,0,3,3
Laxsmiya,0,3,3
Laxsuji,0,3,3
Laxus,3,0,3
Laxy,0,3,3
Lay'vany,0,3,3
Lay-Ann,0,3,3
Lay-Jin,3,0,3
Lay-lin,0,3,3
Lay-San,3,0,3
Lay-shawndro,3,0,3
Lay-Wan,0,3,3
Lay-Ying,0,3,3
Laya-Linn,0,3,3
Laya-May,0,3,3
Layaaz,3,0,3
Layachie,3,0,3
Layad,3,0,3
Layada,0,3,3
Layah,0,3,3
Layali,0,3,3
Layanie,0,3,3
Layanna,0,3,3
Layca,0,3,3
Laycey,0,3,3
Laycha,0,3,3
Laychesko,3,0,3
Layda,0,3,3
Layden,3,0,3
Layeba,3,0,3
Layee,3,0,3
Layelle,0,3,3
Layèn,3,0,3
Layena,0,3,3
Layenely,0,3,3
Layéni,3,0,3
Layenn,0,3,3
Layenne,0,3,3
Layera,0,3,3
Layesha,0,3,3
Layeva,0,3,3
Layeyoro,3,0,3
Layha,0,3,3
Layhton,3,0,3
Layin,3,0,3
Layja,0,3,3
Layjah,0,3,3
Laykin,0,3,3
Layl,0,3,3
Lâyla,0,3,3
Layla-Fay,0,3,3
Layla-Jade,0,3,3
Layla-Jane,0,3,3
Layla-Nadi,0,3,3
Layla-Tisch,0,3,3
Layla-Wynona,0,3,3
Laylan,0,3,3
Laylana,0,3,3
Laylaney,0,3,3
Laylas,0,3,3
Layleese,0,3,3
Layleno,3,0,3
Laylin,0,3,3
Laylinda,0,3,3
Laylla,0,3,3
Layma,0,3,3
Layminda,0,3,3
Layn,3,0,3
Laynah,0,3,3
Laynell,3,0,3
Layni,0,3,3
Laynisha,0,3,3
Layno,3,0,3
Layo,3,0,3
Layomar,3,0,3
Layône,0,3,3
Layoni,0,3,3
Layota,0,3,3
Layquisha,0,3,3
Layrah,0,3,3
Layre,0,3,3
Layren,3,0,3
Layri,0,3,3
Layrissa,0,3,3
Laysaa,0,3,3
Laysah,0,3,3
Layshendrion,3,0,3
Laysiron,3,0,3
Laysith,3,0,3
Laysla,0,3,3
Laytan,3,0,3
Laython,3,0,3
Layvani,3,0,3
Layvano,3,0,3
Layverone,3,0,3
Layvie,0,3,3
Layviëngelly,0,3,3
Layvino,3,0,3
Laywenn,0,3,3
Layzanna,0,3,3
Layze,0,3,3
Laza,3,0,3
Lazaâr,3,0,3
Lazahrony,3,0,3
Lazalina,0,3,3
Lazan,0,3,3
Lázar,3,0,3
Lazara,0,3,3
Lazaria,0,3,3
Lazarie,0,3,3
Lazarine,0,3,3
Lázaro,3,0,3
làzaro,3,0,3
Lazayro,3,0,3
Lazèn,3,0,3
Lazetha,0,3,3
Lazhin,0,3,3
Lazhward,3,0,3
Lazia,0,3,3
Lazien,0,3,3
Lazin,0,3,3
Laziná,0,3,3
Laziren,0,3,3
Lazja,0,3,3
Lazohr,0,3,3
Lazora,0,3,3
Lazoro,3,0,3
Lazouh,0,3,3
Lazow,3,0,3
Làzslo,3,0,3
Lazslo,0,3,3
Lázsló,3,0,3
Lazula,0,3,3
Lazy,0,3,3
Lazyar,3,0,3
Lazyce,0,3,3
Lazza,0,3,3
Lazzy,3,0,3
Lbachir,3,0,3
LBH,0,3,3
Lbiqa,0,3,3
LC-Major,3,0,3
LCC,0,3,3
LCJ,0,3,3
LCW,0,3,3
LDA,3,0,3
LDM,3,0,3
Le'Anna,0,3,3
Le'Anthonie,3,0,3
Le'chanero,3,0,3
Le'Chaydi,0,3,3
Le'Dice,3,0,3
Le'fayen,3,0,3
Le'Fine,3,0,3
Le'finyo,3,0,3
Le'Jay,3,0,3
Le'jaydy,0,3,3
Le'Johnsio,3,0,3
Le'Johnso,3,0,3
Le'Mar,3,0,3
Le'Mare,3,0,3
Le'melia,0,3,3
Le'quinety,0,3,3
Le'raino,3,0,3
Le'Romy,0,3,3
Le'rose,0,3,3
Le'Saiyen,3,0,3
Le'shandro,3,0,3
Le'Shann,0,3,3
Le'Shauwn,3,0,3
Le'Shay,0,3,3
Le'shayro,3,0,3
Le'Sheydior,0,3,3
Le'Vaughn,3,0,3
Le'Venshely,0,3,3
Le'Veny,0,3,3
Le'vyon,3,0,3
Le'Yahno,3,0,3
Le'Yairo,3,0,3
Le'zion,3,0,3
Le-An,0,3,3
Le-Ang,3,0,3
Lé-Angeley,0,3,3
Le-Anh,0,3,3
Lé-Anna,0,3,3
Le-anne,0,3,3
Le-Anne,0,3,3
Le-Braêna,0,3,3
Le-Chanté,0,3,3
Le-Charra,0,3,3
Le-Chone,3,0,3
Le-Demie,0,3,3
Lè-diem,3,0,3
Le-Fairo,3,0,3
Le-Faynie,0,3,3
Lê-Hăng,0,3,3
Le-Jayhlio,3,0,3
Le-Jaynelee,0,3,3
Le-Jayno,3,0,3
Le-Jayrno,3,0,3
Le-Jayviën,3,0,3
Le-jean,3,0,3
Le-Jovi,3,0,3
Le-Keysha,0,3,3
Le-Levie,3,0,3
Le-Mar,3,0,3
Le-Quenshio,3,0,3
Le-Rean,0,3,3
Le-Shae,0,3,3
Le-Shaeda,0,3,3
Le-shaun,3,0,3
Le-Shey,0,3,3
Le-si,0,3,3
Le-Thoïn,3,0,3
Lê-Vaingelo,3,0,3
Lé-Vana,0,3,3
Le-vanthé,3,0,3
Le-Var,3,0,3
Lé-Vaugd,3,0,3
Le-Vaughn,3,0,3
Le-Vino,3,0,3
Le-Vy,0,3,3
Lê-Vy,0,3,3
Le-ya,0,3,3
Le-Yan,0,3,3
Le-yi,3,0,3
Le-Yu,0,3,3
Lea-Ann,0,3,3
Lea-Citshia,0,3,3
Léa-Fay,0,3,3
Lea-Kumbu,0,3,3
Lea-Lana,0,3,3
Lea-Lee,0,3,3
Lea-Maria,0,3,3
Lea-Tope,0,3,3
Lea-Yenn,0,3,3
Leaah,0,3,3
Leabertha,0,3,3
Leachanda,0,3,3
Leachnes,0,3,3
Leadith,0,3,3
Leadoh,0,3,3
Leadricka,0,3,3
Leadyn,3,0,3
Leaena,0,3,3
Leafaëlya,0,3,3
Leafar,0,3,3
Leafina,0,3,3
Leagh,3,0,3
Leagh-Anne,0,3,3
Leagonda,0,3,3
Leah-Evon,0,3,3
Leah-Felline,0,3,3
Leah-Grace,0,3,3
Leah-Jade,0,3,3
Leah-Joëlle,0,3,3
Leah-Jolie,0,3,3
Leah-Lily,0,3,3
Leah-Loïs,0,3,3
Leah-Mary,0,3,3
Leah-Nora,0,3,3
Leah-Nova,0,3,3
Leah-Sofie,0,3,3
Leahjoy,0,3,3
Leahn,0,3,3
Leahnande,0,3,3
Leahni,0,3,3
Leahnore,0,3,3
Leahtitia,0,3,3
Leahyanne,0,3,3
Léaimee,0,3,3
Leakaisia,3,0,3
Leakena,0,3,3
Leakhana,0,3,3
Leakina,0,3,3
Léala,0,3,3
Léalana,0,3,3
Lealdino,3,0,3
Leali,0,3,3
Lealy,0,3,3
Leamber,3,0,3
Leammy,0,3,3
Leamoni,0,3,3
Leàn,0,3,3
Léàn,0,3,3
Lean-Priscilla,0,3,3
Léanah,0,3,3
Leanan,0,3,3
Leanard,3,0,3
Leanardus,3,0,3
Leanart,3,0,3
Leance,0,3,3
Leancho,3,0,3
Léanda,0,3,3
Leänder,3,0,3
Leandero,3,0,3
Leandi,0,3,3
Leandoris,3,0,3
Lèandra,0,3,3
Leandrah,0,3,3
Leândre,0,3,3
Leandré,3,0,3
Leandreau,3,0,3
Leandricha,0,3,3
Leandrick,3,0,3
Léandrie,0,3,3
Leandrine,0,3,3
Leandrita,0,3,3
Leandrito,3,0,3
Lèandro,3,0,3
Leandro-Fabiano,3,0,3
Leandros-Roberto,3,0,3
Leandrus,3,0,3
Leandy,3,0,3
Leané,0,3,3
Leane-Jean,0,3,3
Leanela,0,3,3
Leanette,0,3,3
Leangely,0,3,3
Leanhdra,0,3,3
Leanian,3,0,3
Leaniek,0,3,3
Leanita,0,3,3
Leaniza,0,3,3
Leankiat,3,0,3
Leànn,0,3,3
Leánn,0,3,3
Leannan,3,0,3
Leannard,3,0,3
Leannart,3,0,3
Leanne-Franka,0,3,3
Léanneke,0,3,3
Leánny,0,3,3
Leano-Pieter,3,0,3
Leanour,0,3,3
Leant,3,0,3
Leanthe,0,3,3
Leantin,0,3,3
Leanton,3,0,3
Leantoni,0,3,3
Leanu,3,0,3
Léany,0,3,3
Léanyka,0,3,3
Leanza,0,3,3
Leao,3,0,3
Leár,3,0,3
Learah,0,3,3
Léarco,3,0,3
Leardo,3,0,3
Learissa,0,3,3
Learo,3,0,3
Learoyd,3,0,3
Leas,3,0,3
Leason,0,3,3
Leate,0,3,3
Leatha,0,3,3
Leathan,3,0,3
Leatia,0,3,3
Leatien,0,3,3
Leatischa,0,3,3
Leatita,0,3,3
Leaty,3,0,3
Leau'vaine,3,0,3
Leaué,0,3,3
Leaurentia,0,3,3
Leauvayn,3,0,3
Leauvey,3,0,3
Leauwe,3,0,3
Leavana,0,3,3
Leavannah,0,3,3
Leavanne,0,3,3
Leavayno,3,0,3
Leave,0,3,3
Leaves,3,0,3
Leavey,3,0,3
Leawon,3,0,3
Leay,3,0,3
Léay,0,3,3
Leaya,0,3,3
Leayen,3,0,3
Leba,0,3,3
Leban,3,0,3
Léban,3,0,3
Lebana,0,3,3
Lebang,0,3,3
Lebario,3,0,3
Lebberta,0,3,3
Lebberti,3,0,3
Lebbes,3,0,3
Lébeau,3,0,3
Lebecca,0,3,3
Lebené,0,3,3
Lebene,0,3,3
Leber,3,0,3
Leberianus,3,0,3
Leberiena,0,3,3
Leberthe,0,3,3
Leberyna,0,3,3
Lebiel,3,0,3
Lebiena,0,3,3
Lebirina,0,3,3
Lebise,0,3,3
Lebita,0,3,3
Lebitrenan,0,3,3
Lebiunus,3,0,3
Leblina,0,3,3
Lebn,3,0,3
Lebohang,3,0,3
Leborah,0,3,3
Leborius,3,0,3
Lebourius,3,0,3
Lebrien,0,3,3
Lebrienne,0,3,3
Lebritny,0,3,3
Lebuda,0,3,3
Lebuïne,0,3,3
Lebuine,0,3,3
Lebuinis,3,0,3
Lebuwina,0,3,3
Leby,0,3,3
Lecaidy,0,3,3
Lecandro,3,0,3
Leccius,3,0,3
Lecenty,0,3,3
Lecéo,3,0,3
Lechajim,3,0,3
Lechana,0,3,3
lechana,0,3,3
Lechandro,3,0,3
Lechâre,0,3,3
Lécharo,3,0,3
Lechaun,3,0,3
Lechay,3,0,3
Lechè,0,3,3
Lechel,0,3,3
Lechelle,0,3,3
Léchèlle,0,3,3
Lechen,3,0,3
Lecheng,3,0,3
Lècher,3,0,3
Lechey,3,0,3
Lechía,0,3,3
Lechiano,3,0,3
Lechmêre,3,0,3
Lechoslaw,3,0,3
Lechumi,3,0,3
Lechyro,3,0,3
Leci,0,3,3
Leciana,0,3,3
Lecilia,0,3,3
Lêcinda,0,3,3
Lecinda,0,3,3
Lécine,0,3,3
Lecita,0,3,3
Lecito,3,0,3
Lecoli,0,3,3
Lecretia,0,3,3
Lecta,0,3,3
Lector,3,0,3
Lecyca,0,3,3
Lecynio,3,0,3
Lèda,0,3,3
Léda,0,3,3
Ledâ,0,3,3
Lêda,0,3,3
Ledakina,3,0,3
Ledaynian,3,0,3
Leddys,0,3,3
Lederrick,3,0,3
Ledewiene,0,3,3
Ledhel,0,3,3
Ledienus,3,0,3
Ledif,3,0,3
Ledima,0,3,3
Ledina,0,3,3
Ledine,0,3,3
Ledio,3,0,3
Ledior,3,0,3
Ledith,3,0,3
Leditmarian,3,0,3
Lèdjaar,3,0,3
Ledje,0,3,3
Ledjely,0,3,3
Ledjen,3,0,3
Ledmia,0,3,3
Ledna,0,3,3
Ledoux,3,0,3
Ledowina,0,3,3
Ledri,3,0,3
Ledriana,0,3,3
Ledriek,3,0,3
Ledrigus,3,0,3
Ledriqus,3,0,3
Ledser,3,0,3
Leduska,0,3,3
Leduwina,0,3,3
Ledwan,3,0,3
Ledwien,0,3,3
Ledwin,3,0,3
Ledy,0,3,3
Ledyana,0,3,3
Ledyn,3,0,3
Ledyon,3,0,3
lee,3,0,3
Lee'ani,0,3,3
Lee'jayli,0,3,3
Lee'Naira,0,3,3
Lee'Raisa,0,3,3
Lee'Sandro,3,0,3
Lee'shayna,0,3,3
Lee'Shayra,0,3,3
Lee'shon,3,0,3
Lee-Am,3,0,3
Lee-an,0,3,3
Lee-ancis,0,3,3
Lee-Andrew,3,0,3
Lee-Andro,3,0,3
Lee-Angel,0,3,3
Lee-Angelo,3,0,3
Lee-Angely,0,3,3
Lee-Anna,0,3,3
Lee-Ansley,0,3,3
Lee-Chandro,3,0,3
Lee-Djaidon,3,0,3
Lee-Faye,0,3,3
Lee-Franci,3,0,3
Lee-Fy,3,0,3
Lee-J,3,0,3
Lee-Ja,0,3,3
Lee-Jaely,0,3,3
Lee-Jaeny,0,3,3
Lee-Jainy,0,3,3
Lee-Jaïro,3,0,3
Lee-Jane,0,3,3
Lee-Jany,0,3,3
Lee-Jeanne,0,3,3
Lee-jieum,3,0,3
Lee-Lany,0,3,3
Lee-Lee,0,3,3
Lee-lou,0,3,3
Lee-mae,0,3,3
Lee-Mae,0,3,3
Lee-Marvin,3,0,3
Lee-Mazing,0,3,3
Lee-Naïro,3,0,3
Lee-Omar,3,0,3
Lee-Oniticia,0,3,3
Lee-Pieter,3,0,3
Lee-Quensley,3,0,3
Lee-Quincy,3,0,3
Lee-Ray,3,0,3
Lee-Robin,3,0,3
Lee-roy,3,0,3
Lee-shairo,3,0,3
Lee-Shairo,3,0,3
Lee-Shall,0,3,3
Lee-Sheidine,0,3,3
Lee-Siërra,0,3,3
Lee-Sin-Tsoij,3,0,3
Lee-Sun,0,3,3
Lee-Vaily,0,3,3
Lee-Vairo,3,0,3
Lee-Vano,3,0,3
Lee-Vaylienne,0,3,3
Lee-Vienna,0,3,3
Lee-Vincent,3,0,3
Lee-Wěn,0,3,3
Lee-Xïenna,0,3,3
Lee-Yah,3,0,3
Lee-Yan,0,3,3
Lee-Yara,0,3,3
Lee-Zion,3,0,3
Leeana,0,3,3
Leeandra,0,3,3
Leeandre,3,0,3
Leeanneh,0,3,3
Leeaysha,0,3,3
Leebie,0,3,3
Leeceira,0,3,3
Leechayra,0,3,3
Leechel,0,3,3
Leechin,0,3,3
Leechow,3,0,3
Leechske,0,3,3
Leeco,3,0,3
Leeda,0,3,3
Leedaly,0,3,3
Leedie,0,3,3
Leedjay,3,0,3
Leef,0,3,3
Leefa,0,3,3
LeeFaa,0,3,3
Leefje,0,3,3
Leegbele,0,3,3
Leegina,0,3,3
Leegiomar,3,0,3
Leegreg,3,0,3
Leeh,0,3,3
Leeha,0,3,3
Leehaney,3,0,3
Leeja,0,3,3
Lééjan,3,0,3
LeeJan,3,0,3
Leejéadian,3,0,3
Leejenjoe,3,0,3
Leejyno,3,0,3
Leek,3,0,3
Leeka,0,3,3
Leekhny,0,3,3
Leeladevi,0,3,3
Leelawatie,0,3,3
Leelayla,0,3,3
LeeLee,0,3,3
Leelo,0,3,3
Leeloyd,3,0,3
Leelson,3,0,3
Leelu,0,3,3
Leeman,3,0,3
Leemayro,3,0,3
Leemoi,0,3,3
Leemu,0,3,3
Leën,0,3,3
Leen-Juda,3,0,3
Leenaard,3,0,3
Leenaart,3,0,3
Leenaert,3,0,3
Leenardie,3,0,3
Leenass,3,0,3
Leenaya,0,3,3
Leenderick,3,0,3
Leenderinus,3,0,3
Leendert-Arjen,3,0,3
Leendert-Cornelis,3,0,3
Leendert-Dick,3,0,3
Leendert-Frans,3,0,3
Leendert-Henk,3,0,3
Leendertine,0,3,3
Leenderts,0,3,3
Leenderttina,0,3,3
Leendertze,3,0,3
Leendria,0,3,3
Leendridge,3,0,3
Leendrika,0,3,3
Leendrine,0,3,3
Leendry,0,3,3
Léene,0,3,3
Leenea,0,3,3
Leenes,3,0,3
Leenhardus,3,0,3
Leeni,0,3,3
Leenice,0,3,3
Leenis,3,0,3
Leenna,0,3,3
Leenora,0,3,3
Léenore,0,3,3
Leensey,3,0,3
Leentje-Agathe,0,3,3
Leentjie,0,3,3
Leeon,3,0,3
Leephana,0,3,3
Leequé,0,3,3
Leequesha,0,3,3
Leeraishely,0,3,3
Léeresz,0,3,3
Leerin,3,0,3
Leeroij,3,0,3
Leerone,3,0,3
Leeroy-Wesley,3,0,3
Lees,3,0,3
Leesander,3,0,3
LeeSaya,0,3,3
Leeser,3,0,3
Leeshaino,3,0,3
Leeshaira,0,3,3
Leeshairo,3,0,3
Leeshanna,0,3,3
Leeshart,3,0,3
Leeshayran,3,0,3
Leeshayro,3,0,3
Leeshemaylia,0,3,3
Leeshia,0,3,3
Leeske,0,3,3
Leeson,3,0,3
Leessel,0,3,3
Leeteke,0,3,3
Leeth,3,0,3
Leetjark,0,3,3
Leeuwelijn,0,3,3
Leeuwenburg,3,0,3
Leeuwenburgh,3,0,3
Leeuwerik,3,0,3
Leeuwis,3,0,3
Leeuwkjen,0,3,3
Leeuwretta,0,3,3
Leevai,3,0,3
Leevairo,3,0,3
Leevanchello,3,0,3
Leevania,0,3,3
Leevayna,0,3,3
Leevayno,3,0,3
Leevert,3,0,3
Leevie,3,0,3
Leevin,3,0,3
Leewan,3,0,3
Leeya-Nore,0,3,3
Leeyah,0,3,3
Leeyanne,0,3,3
Leeye,0,3,3
Leeyèn,0,3,3
Leeyna,0,3,3
Leeyohn,3,0,3
Leeyun,3,0,3
Leezan,0,3,3
Leezandra,0,3,3
Leezayra,0,3,3
Lefa,0,3,3
Lefaï,3,0,3
Lefainio,3,0,3
Lefander,3,0,3
Lefania,0,3,3
Lefaysha,0,3,3
Lefdy,0,3,3
Lefei,3,0,3
Leferdi,3,0,3
Leferdien,0,3,3
Leferdiena,0,3,3
Leferina-Jennegje,0,3,3
Leferna,0,3,3
Lefèrt,3,0,3
Lefert-Jan,3,0,3
Lefertina,0,3,3
Lefertine,0,3,3
Leffe-Mae,0,3,3
Lefferd,3,0,3
Lefferdine,0,3,3
Lefferien,0,3,3
Leffertje,0,3,3
Leffin,3,0,3
Lefford,3,0,3
Leffrey,3,0,3
Lefia,0,3,3
Lefide,0,3,3
Lefien,0,3,3
Lefiena,0,3,3
Lefika,0,3,3
Lefinhio,3,0,3
Lefke,0,3,3
Lefki,3,0,3
Lefkios,3,0,3
Lefkothea,0,3,3
Lefler,3,0,3
Lefman,3,0,3
Lefon,3,0,3
Lefonne,0,3,3
Lefonque,3,0,3
Lefrans,3,0,3
Lefrida,0,3,3
Lefter,3,0,3
Lefteri,3,0,3
Leftéris,3,0,3
Lefterres,3,0,3
Lefterry,3,0,3
Leftherie,3,0,3
Lefthy,3,0,3
Leftij,3,0,3
Lefton,3,0,3
Lefurjoe,3,0,3
Lèfurn,3,0,3
Lefyne,0,3,3
Legacy,3,0,3
Legan,3,0,3
Legane,3,0,3
Legantie,3,0,3
Legea,0,3,3
Legeinem,0,3,3
Legeisha,0,3,3
Legeman,3,0,3
Legemin,3,0,3
Legen,3,0,3
Legencio,3,0,3
Legenda,0,3,3
Legendaiyro,3,0,3
Legendrick,3,0,3
Légéne,0,3,3
Legenia,0,3,3
Legernath,3,0,3
Legerto,3,0,3
Legesse,3,0,3
Legger,0,3,3
Legi-Waridi,3,0,3
Legian,3,0,3
Legiani,3,0,3
Legianto,3,0,3
Légija,0,3,3
Legijanto,3,0,3
Legijono,3,0,3
Legillcia,0,3,3
Legimo,3,0,3
Legiño,3,0,3
Leginoh,3,0,3
Leginten,0,3,3
Legioes,3,0,3
Legisha,0,3,3
Legitinus,3,0,3
Legito,3,0,3
Legius,3,0,3
Legiyem,0,3,3
Legonda,0,3,3
Legracia,0,3,3
Legrand,0,3,3
Legreg,3,0,3
Leguerh,0,3,3
Lèguicio,3,0,3
Legyanto,3,0,3
Legyar,3,0,3
Leh,0,3,3
Leha,0,3,3
Léhan,3,0,3
Lehandri,3,0,3
Lehandro,3,0,3
Lehann,3,0,3
Lehanna,0,3,3
Lehcarviën,0,3,3
Lehcen,3,0,3
Léhen,3,0,3
Lehencio,3,0,3
Lehern,3,0,3
Lehi,3,0,3
Lehiana,0,3,3
Léhjan,0,3,3
Lehmi,3,0,3
Lehna,0,3,3
Lehsyar,3,0,3
Lehto,3,0,3
Lehuyen,0,3,3
Lehvinio,3,0,3
Lehya,0,3,3
Lehyb,3,0,3
Léi,3,0,3
Lei-Man,3,0,3
Lei-Yan,0,3,3
Lei-Zhi,0,3,3
Léia,0,3,3
Leia-Lynn,0,3,3
Leiahnora,0,3,3
Leian,3,0,3
Leiana,0,3,3
Leiani,0,3,3
Léiani,0,3,3
Leianie,0,3,3
Leianne,0,3,3
Leiba,0,3,3
Leibert,3,0,3
Leica,0,3,3
Leicessa,0,3,3
Leicha,0,3,3
Leichina,0,3,3
Leicka,0,3,3
Leidana,0,3,3
Leidariennes,3,0,3
Leideken,0,3,3
Leides,3,0,3
Leidiana,0,3,3
Leidis,3,0,3
Leidius,3,0,3
Leidriane,0,3,3
Leiduina,0,3,3
Leidya,0,3,3
Leier,3,0,3
Leigh-Anna,0,3,3
Leigh-anna,0,3,3
Leigh-Jael,0,3,3
Leigha,0,3,3
Leighandro,3,0,3
Leighdean,3,0,3
Leighia,0,3,3
Leighla,0,3,3
Leighlah,0,3,3
Leighlani,0,3,3
Leighnardo,3,0,3
Leighomi,0,3,3
Leighomie,0,3,3
Leighsanne,0,3,3
Leighton-Harley,3,0,3
Leightonn,3,0,3
Leighvi,3,0,3
Leighviangelly,0,3,3
Leigina,0,3,3
Leih,0,3,3
Leihko,3,0,3
Leihla,0,3,3
Leiisha,0,3,3
Leijah,0,3,3
Leijbert,3,0,3
Leijbra,0,3,3
Leijgje,0,3,3
Leijin,3,0,3
Leijl-ul,0,3,3
Léijna,0,3,3
Leijnart,3,0,3
Leijndert,3,0,3
Leijni,0,3,3
Leijnse,3,0,3
Leijon,3,0,3
Leijona,0,3,3
Leijsa,0,3,3
Leiko,0,3,3
Leikwa,0,3,3
Leil,3,0,3
Leila-Lynn,0,3,3
Leila-Muntaz,0,3,3
Leílah,0,3,3
Leilaney,0,3,3
Léilani,3,0,3
Leilanie-Elvira,0,3,3
Leile,3,0,3
Leileng,0,3,3
Leilionaitė,3,0,3
Leilionaite,0,3,3
Leilo,3,0,3
Leily,0,3,3
Leimanu,3,0,3
Leimina,0,3,3
Leïn,0,3,3
Lein-Jan,3,0,3
Leinaart,3,0,3
Leinardi,3,0,3
Leinderd,3,0,3
Leindrian,3,0,3
Leiner,3,0,3
Leinette,0,3,3
Leinis,3,0,3
Leïno,3,0,3
Leino,3,0,3
Leinusa,0,3,3
Leiomy,0,3,3
Leion,3,0,3
Leíra,0,3,3
Leiron,0,3,3
Leïs,3,0,3
Leisan,0,3,3
Leisberth,0,3,3
Leisbertus,3,0,3
Leischa,0,3,3
Leïse,0,3,3
Leisen,0,3,3
Leishon,3,0,3
Leisia,0,3,3
Leisl,0,3,3
Leisy,0,3,3
Leitany-Rae,0,3,3
Leitão,3,0,3
Leitaó,3,0,3
Leitch,3,0,3
Leitchie,3,0,3
Leith,3,0,3
Leitje,0,3,3
Leitsi,3,0,3
Leitysha,0,3,3
Leiva,0,3,3
Leivano,3,0,3
Leive,0,3,3
Leivesley,3,0,3
Leivinha,3,0,3
Leiyara,0,3,3
Leiyla,0,3,3
Leiyt,3,0,3
Leizhen,3,0,3
Lèj,3,0,3
Lej,0,3,3
Lejahweh,0,3,3
Lejaino,3,0,3
Lejairo,3,0,3
Léjali,0,3,3
Lejanda,0,3,3
Lejander,3,0,3
Lejandi,0,3,3
Lejànie,0,3,3
Lejantine,0,3,3
Lejao,3,0,3
Lejar,3,0,3
Lejaz,0,3,3
Lejdina,0,3,3
Léjeanne,0,3,3
Lejeanne,0,3,3
Léjerha,0,3,3
Lejf,3,0,3
Lejila,0,3,3
Lejina,0,3,3
Léjla,0,3,3
Lejli,0,3,3
Lejna,0,3,3
Léjo,3,0,3
Lejobe,0,3,3
Lejon-Elia,3,0,3
Lejonard,3,0,3
Lejonardus,3,0,3
Lejonieke,0,3,3
Lejoy,0,3,3
Lejt,3,0,3
Leka-Mtutu,3,0,3
Lekahena,0,3,3
Lekaja,0,3,3
Lekama,3,0,3
Lekang,3,0,3
Lekauru,3,0,3
Lekden,3,0,3
Léke,3,0,3
Lekenya,0,3,3
Leketteh,3,0,3
Lekettey,3,0,3
Lekhradji,0,3,3
Lekhradjie,0,3,3
Lekhraj,3,0,3
Lekicha,0,3,3
Lekidjan,3,0,3
Lekle,3,0,3
Lekmasiri,3,0,3
Lekpery,0,3,3
Lekri,3,0,3
Leksi,0,3,3
Leksung,3,0,3
Lèla,0,3,3
Léla-Mae,0,3,3
Lela-Mae,0,3,3
Lela-May,0,3,3
Lélah,0,3,3
Lelan,3,0,3
Lélana,0,3,3
Lelaney,0,3,3
Lelav,0,3,3
Lelaw,0,3,3
Lelawara,0,3,3
Lelay,0,3,3
Lelé,3,0,3
Leleane,0,3,3
Lélette,0,3,3
Leli-Joy,0,3,3
Leli-Viyena,0,3,3
Leliaan,0,3,3
Leliandra,0,3,3
Leliani,0,3,3
Lélie,0,3,3
Lelie-Merrelle,0,3,3
Lelien,0,3,3
Lelievalentijn,0,3,3
Leligna,0,3,3
Léliona,0,3,3
Lelis,0,3,3
Lelishayra,0,3,3
Leliya,0,3,3
Lelkyal,0,3,3
Lellia,0,3,3
LeLong,3,0,3
Leloup,0,3,3
Lelpiala,0,3,3
Lelwara,0,3,3
Lelya,0,3,3
Lelyana,0,3,3
Lelyanah,0,3,3
Lelyane,0,3,3
Lelyann,0,3,3
Lelyen,0,3,3
Lelyveld,0,3,3
Lemae,0,3,3
Lemainsha,0,3,3
Lemair,3,0,3
Lemaire,0,3,3
Lèman,0,3,3
Lemanja,0,3,3
Lemanthia,0,3,3
Lemanuel,3,0,3
Lèmar,3,0,3
LeMar,3,0,3
Lémara,0,3,3
Lemarc,3,0,3
Lemarchiella,0,3,3
Lemare,3,0,3
Lémare,3,0,3
Lemarre,3,0,3
Lemat,3,0,3
LeMay,0,3,3
Lemayian,3,0,3
Lembatia,3,0,3
Lembcke,3,0,3
Lembertha,0,3,3
Lembi,0,3,3
Lembo,0,3,3
Lemcke,0,3,3
Lemé,0,3,3
Lemea,0,3,3
Lemeana,0,3,3
Lemee,0,3,3
Lemeé,0,3,3
Leméh,0,3,3
Lemeh,0,3,3
Lemein,3,0,3
Lemencio,3,0,3
Lemène,0,3,3
Lemensio,3,0,3
Lementi,0,3,3
Lemeus,3,0,3
Lémia,0,3,3
Lemian,3,0,3
Lemienus,3,0,3
Lemies,0,3,3
Lemigio,3,0,3
Lemin,3,0,3
Lemise,0,3,3
Lemiya,0,3,3
Lemiyae,0,3,3
Lemize,0,3,3
Lemja,0,3,3
Lemka,0,3,3
Lemko,3,0,3
Lemlijn,0,3,3
Lemm,3,0,3
Lemmar,3,0,3
Lemmegien,0,3,3
Lemmen,3,0,3
Lemmigje,0,3,3
Lemmij,3,0,3
Lemnie,0,3,3
Lemnouar,3,0,3
Lemoin,3,0,3
Lemoiro,3,0,3
Lèmonie,0,3,3
Lémonie,0,3,3
Lemonitsa,0,3,3
Lemonius,3,0,3
Lemonth,3,0,3
Lemore,0,3,3
Lemorok,3,0,3
Lemos,0,3,3
Lemou,3,0,3
Lemoyne,0,3,3
Lempicka,0,3,3
Lempitenan,0,3,3
Lempitenen,0,3,3
Lėmuel,3,0,3
Lémuel,3,0,3
Lèmuel,3,0,3
Lemye,0,3,3
Lemyro,3,0,3
Len-Maxime,3,0,3
Lenâ,0,3,3
Lena-Anna,0,3,3
Lena-Chloé,0,3,3
Lena-Jane,0,3,3
Lena-Johanna,0,3,3
Lena-Lau,0,3,3
Lena-Lin,0,3,3
Lena-Lucina,0,3,3
Lena-Niamh,0,3,3
Lena-Rose,0,3,3
Lena-Theresia,0,3,3
Lenad,3,0,3
Lenadina,0,3,3
Lenaé,0,3,3
Lenaert-Peter,3,0,3
Lenagrete,0,3,3
Lenaïc,0,3,3
Lenaii,3,0,3
Lenaira,0,3,3
Lenaisha,0,3,3
Lenaishely,0,3,3
Lenali,0,3,3
Lenalies,0,3,3
Lenan,3,0,3
Lenana,0,3,3
Lenanda,0,3,3
Lenande,0,3,3
Lenandi,0,3,3
Lenar,3,0,3
Lénard,3,0,3
Lénárd,3,0,3
Lenard-Albert,3,0,3
Lenarietta,0,3,3
Lènart,3,0,3
Lénart,3,0,3
Lenas,3,0,3
Lenastazia,0,3,3
Lenaty,0,3,3
Lenaysa,0,3,3
Lenaysia,0,3,3
Lence,3,0,3
Lenče,0,3,3
Lenche,0,3,3
Lenchen,0,3,3
Lenchomar,3,0,3
Lenck,3,0,3
Lendall,3,0,3
Lendelina,0,3,3
Lendita,0,3,3
Lendiwé,3,0,3
Lendll,3,0,3
Lendo,3,0,3
Lendon,3,0,3
Lendra,0,3,3
Lendrey,3,0,3
Lendrita,0,3,3
Lendrush,3,0,3
Lendsey,0,3,3
Lene-Maaike,0,3,3
Leneard,3,0,3
Lenebertus,3,0,3
Lenelie,0,3,3
Lénella,0,3,3
Lenella,0,3,3
Lenelot,0,3,3
Lenelotte,0,3,3
Lènemiek,0,3,3
Lenemiek,0,3,3
Leneo,3,0,3
Lenesha,0,3,3
Lengchhay,3,0,3
Lenggang,0,3,3
Lengkoung,3,0,3
Lengyel,0,3,3
Lenh,3,0,3
Lenhaert,3,0,3
Lenhardt,3,0,3
Lenhardus,3,0,3
Lèni,0,3,3
Leni-Louise,0,3,3
Lenianne,0,3,3
Lenica,0,3,3
Lénice,0,3,3
Lenicia,0,3,3
Lenicka,0,3,3
Lenie-An,0,3,3
Lenie-Thea,0,3,3
Leniea,0,3,3
Lenielson,3,0,3
Leniëtte,0,3,3
Lenijanne,0,3,3
Lenila,0,3,3
Lenillio,3,0,3
Lénilson,3,0,3
Lenilson,3,0,3
Lenine,0,3,3
Lenini,3,0,3
Lenino,3,0,3
Lenio,3,0,3
Leniora,0,3,3
Lenisa,0,3,3
Lenisha,0,3,3
Lenisiahra,0,3,3
Lenitania,0,3,3
Lenith,0,3,3
Lenitha,0,3,3
Lenizéanny,0,3,3
Lenizia,0,3,3
Lenja-Lee,0,3,3
Lenjan,3,0,3
Lenn-ard,3,0,3
Lennaard,3,0,3
Lennaert-Anne,3,0,3
Lennaert-Tijn,3,0,3
Lennaerth,3,0,3
Lennal,3,0,3
Lennán,3,0,3
Lennard-Joshy,3,0,3
Lennardt,3,0,3
Lennart-Jan,3,0,3
Lennart-Niels,3,0,3
Lennart-Wytze,3,0,3
Lenndus,3,0,3
Lenne-Mari,0,3,3
Lenned,3,0,3
Lenneh,0,3,3
Lenneïll,3,0,3
Lènneke,0,3,3
Lenneke-Marloe,0,3,3
Lennekee,0,3,3
Lennel,3,0,3
Lennell,3,0,3
Lennemieke,0,3,3
Lennep,3,0,3
Lennerth,3,0,3
Lennertjan,3,0,3
Lennes,3,0,3
Lennet,3,0,3
Lennex,0,3,3
Lenney,3,0,3
Lennhan,3,0,3
Lennhard,3,0,3
Lennic,3,0,3
Lennicha,0,3,3
Lennier,3,0,3
Lennin,3,0,3
Lennish,0,3,3
Lennor,3,0,3
Lennox-Jay,3,0,3
Lennoxynairah,0,3,3
Lennus,3,0,3
Lenny-Jay,3,0,3
Lenny-jex,3,0,3
Lenny-jo,0,3,3
Lenny-Joan,0,3,3
Lenny-Pierce,3,0,3
Lennya,0,3,3
Lénoah,0,3,3
Lenobia,0,3,3
Lenoesja,0,3,3
Lenoil,3,0,3
Lenoir,3,0,3
Lenoire,0,3,3
Lénon,3,0,3
Lenoortje,0,3,3
Lenoortjie,0,3,3
Lènora,0,3,3
Lenora-May,0,3,3
Lènore,0,3,3
Lenorè,0,3,3
Lenores,3,0,3
Lenouk,0,3,3
Lenova,0,3,3
Lenoxx,3,0,3
Lenoy,3,0,3
Lénoyah,0,3,3
Lenri,3,0,3
Lenria,0,3,3
Lenric,3,0,3
Lenricus,3,0,3
Lenrie,0,3,3
Lenroc,3,0,3
Lenry,0,3,3
Lenrys,3,0,3
Lensa,0,3,3
Lensaa,0,3,3
Lenseline,0,3,3
Lensi,0,3,3
Lensie,0,3,3
Lensiena,0,3,3
Lensly,0,3,3
Lensonley,3,0,3
Lenssa,0,3,3
Lenta,0,3,3
Lente-Elise,0,3,3
Lente-Lòren,0,3,3
Lenteke,0,3,3
Lentekind,0,3,3
Lentemaan,0,3,3
Lentes,0,3,3
Lènthe,0,3,3
Lenthe-Charlotte,0,3,3
Lenthe-Josanna,0,3,3
Lenthe-Leonie,0,3,3
Lenthe-Lief,0,3,3
Lenthe-Sofie,0,3,3
Lenthea,0,3,3
Lenthia,0,3,3
Lentim,0,3,3
Lentl,0,3,3
Lentley,0,3,3
Lento,3,0,3
Lentor,3,0,3
Lentz,3,0,3
Lenucia,0,3,3
Lenuška,0,3,3
Lenutza,0,3,3
Lenvey,3,0,3
Lenvin,3,0,3
Leny-Ann,0,3,3
Leny-Jo,0,3,3
Leny-Marie,0,3,3
Lenyernis,0,3,3
Lenyke,0,3,3
Lenynke,0,3,3
Lenysa,0,3,3
Lenyse,0,3,3
Lenysh,0,3,3
Lenysha,0,3,3
Lenýtje,0,3,3
Lenyx,3,0,3
Lenzi,3,0,3
Lenzie,0,3,3
Lenzinus,3,0,3
Leó,3,0,3
Leo-Alexander,3,0,3
Leo-Bert,3,0,3
Leo-Geert,3,0,3
Leo-Gerd,3,0,3
Leo-Karl,3,0,3
Leo-Nardo,3,0,3
Leo-Nick,3,0,3
Leo-Paul,3,0,3
Leo-Singha,3,0,3
Leoaira,0,3,3
Leoarda,0,3,3
Léoba,0,3,3
Leobart,3,0,3
Leoberto,3,0,3
Léocadie,0,3,3
Leocard,3,0,3
Leocarda,0,3,3
Leocardie,0,3,3
Leocardio,3,0,3
Leocardius,3,0,3
Leocardo,3,0,3
Leoch,3,0,3
Leocheska,0,3,3
Leodadia,0,3,3
Leodegarios,3,0,3
Leodegranz,3,0,3
Leoderick,3,0,3
Leodi,3,0,3
Leodie,0,3,3
Léodie,0,3,3
Leodien,0,3,3
Leodionne,3,0,3
Leodogardus,3,0,3
Leodolf,3,0,3
Leodorus,3,0,3
Leodulpha,0,3,3
Leodurpha,0,3,3
Leofien,0,3,3
Leogandro,3,0,3
Leogardus,3,0,3
Leogiandro,3,0,3
Leoginia,0,3,3
Leohandro,3,0,3
Leoi,0,3,3
Leoin,0,3,3
Leojan,3,0,3
Leokade,3,0,3
Leola-Mae,0,3,3
Leolanie,0,3,3
Leolany,0,3,3
Leolard,3,0,3
Leolewi,3,0,3
Leolie,0,3,3
Leoliena,0,3,3
Leoliene,0,3,3
Leolin,0,3,3
Leoluca,3,0,3
Leoma,0,3,3
Leomarchy,0,3,3
Leomaris,0,3,3
Leomarley,3,0,3
Leomartin,3,0,3
Leomi,0,3,3
Leomiek,0,3,3
Leomiguel,3,0,3
Leomill,3,0,3
Leon-Aart,3,0,3
Léon-Angel,3,0,3
Leon-Antony,3,0,3
Leon-Cardi,3,0,3
Léon-Chris,3,0,3
Leon-Corné,3,0,3
Leon-Elvin,3,0,3
Léon-Evert,3,0,3
Léon-Franciscus,3,0,3
Léon-Jai,3,0,3
Leon-Jan,3,0,3
Léon-Louis,3,0,3
Leon-Martijn,3,0,3
Leon-Matthijs,3,0,3
Leon-Mitchell,3,0,3
Léon-Pascal,3,0,3
Léon-Pierre,3,0,3
Leon-Pieter,3,0,3
Leon-Quintus,3,0,3
Leon-Reuven,3,0,3
Leon-Ruben,3,0,3
Leoña,0,3,3
Leóna,0,3,3
Leonaert,3,0,3
Leonai,3,0,3
Leonaisa,0,3,3
Leonalda,0,3,3
Leonaldo,3,0,3
Leonaradus,3,0,3
Lêonard,3,0,3
Leonàrd,3,0,3
Leonard-Hendrik,3,0,3
Leonard-Joel,3,0,3
Leonard-Pieter,3,0,3
Leonard-Robbert,3,0,3
Léonard-Rudolph,3,0,3
Leonarders,3,0,3
Leonardert,3,0,3
Leonardho,3,0,3
Léonardine,0,3,3
Leonardoes,3,0,3
Leonardos,3,0,3
Lèonardus,3,0,3
leonardus,3,0,3
Leonardus-Jan,3,0,3
Leonardusz,3,0,3
Leonardynia,0,3,3
Leonares,3,0,3
Leonarie,3,0,3
Leonarth,3,0,3
Leonas,3,0,3
Leonata,0,3,3
Leonathus,3,0,3
Leonayro,3,0,3
Léonayz,0,3,3
Leonca,0,3,3
Léonda,0,3,3
Leondardus,3,0,3
Leondo,3,0,3
Léondra,0,3,3
Leondre,3,0,3
Leondros,3,0,3
Lèone,0,3,3
Leoné,0,3,3
Leonê,0,3,3
Leóne,0,3,3
Léoné,0,3,3
Léonela,0,3,3
Leoneli,3,0,3
Léonella,0,3,3
Leonélys,0,3,3
Leonerfy,3,0,3
Leonerra,0,3,3
Leonesse,0,3,3
Leonet,0,3,3
Leonetta,0,3,3
Leoney,0,3,3
Leonharde,0,3,3
Leonhardes,3,0,3
Léonhardt,3,0,3
Léonhardy,3,0,3
Leoní,0,3,3
Leóni,0,3,3
Léonia,0,3,3
Leonica,0,3,3
Leonicea,0,3,3
Leoníde,3,0,3
Leonidès,3,0,3
Leonidique,3,0,3
Leonidos,3,0,3
Leonidovich,3,0,3
Leonidovna,0,3,3
Leonidus,3,0,3
Lêonie,0,3,3
Leònie,0,3,3
Leônie,0,3,3
Leonie-Augusta,0,3,3
Leonie-Inez,0,3,3
Leonie-Nanda,0,3,3
Leonie-Sophie,0,3,3
Leonieck,0,3,3
Léoniek,0,3,3
Leonieka,0,3,3
Leonieque,0,3,3
Leonieshya,0,3,3
Leoniessa,0,3,3
Leonietje,0,3,3
Leonieze,0,3,3
Leonigel,3,0,3
Leonij,0,3,3
Léonilde,0,3,3
Leonilson,3,0,3
Leonimus,3,0,3
Leoninus,3,0,3
Leoniqe,0,3,3
Leoniqué,0,3,3
Leonisa,0,3,3
Leonischa,0,3,3
Leonise,0,3,3
Leonisha,0,3,3
Leonisia,0,3,3
Leonisio,3,0,3
Leonitcia,0,3,3
Leonite,0,3,3
Leoniyah,0,3,3
Leoniza,0,3,3
Leonky,3,0,3
Leonmar,3,0,3
Léonna,0,3,3
Lèonne,0,3,3
Leonné,0,3,3
Léonne-Marina,0,3,3
Leonnello,3,0,3
Léonnetta,0,3,3
Leonni,0,3,3
Leonnora,0,3,3
Leonny,3,0,3
Leononius,3,0,3
Leononzo,3,0,3
Leonordo,3,0,3
Lèonore,0,3,3
Leonòre,0,3,3
Leonorius,3,0,3
Leonoro,3,0,3
Leonorus,3,0,3
Leonovna,0,3,3
Léonovych,3,0,3
Leonoy,3,0,3
Leonsanne,0,3,3
Leonsio,3,0,3
Leonsita,0,3,3
Leonsito,3,0,3
Leonsius,3,0,3
Léonthine,0,3,3
Leonthyne,0,3,3
Leonti,3,0,3
Leöntien,0,3,3
Leontieny,0,3,3
Leontilla,0,3,3
Leòntine,3,0,3
Leontine-Marcella,0,3,3
Leontine-Theresia,0,3,3
Leontinne,0,3,3
Leontjevas,3,0,3
Leontyna,0,3,3
Leonum,3,0,3
Leonus,3,0,3
Léonville,3,0,3
Leonydes,3,0,3
Leonydus,3,0,3
Leonyke,0,3,3
Leonysa,0,3,3
Leonysha,0,3,3
Leonzo,3,0,3
Leoon,3,0,3
Leoördina,0,3,3
Leopal,3,0,3
Leopald,3,0,3
Leopardo,3,0,3
Leopatra,0,3,3
Leopauline,0,3,3
Leopetrus,3,0,3
Leophinus,3,0,3
Leopolder,3,0,3
Leopoldi,0,3,3
Leopoldin,0,3,3
Leopolt,3,0,3
Leopoltine,0,3,3
Leora-Ela,0,3,3
Leordina,0,3,3
Leordo,3,0,3
Leordy,3,0,3
Leorenzo,3,0,3
Leoreta,0,3,3
Leorien,3,0,3
Leorik,3,0,3
Leorina,0,3,3
Leorine,0,3,3
Leorita,0,3,3
Leorrah,0,3,3
Leorvin,3,0,3
Leòs,3,0,3
Leos,3,0,3
Leosam,3,0,3
Leosandro,3,0,3
Leosheila,0,3,3
Leoshidra,0,3,3
Leosja,0,3,3
Leotha,0,3,3
Leothé,3,0,3
Leothilda,0,3,3
Leothina,0,3,3
Leotie,0,3,3
Léotine,0,3,3
Léotinus,3,0,3
Leotinus,3,0,3
Leotiny,0,3,3
Leotis,3,0,3
Leotta,0,3,3
Leouise,0,3,3
Leounel,3,0,3
Leovegildo,3,0,3
Leovi,3,0,3
Leovicus,3,0,3
Leovigild,3,0,3
Leovita,0,3,3
Leowies,0,3,3
Leowyn,0,3,3
Leozhyr,3,0,3
Lepata,0,3,3
Lepatha,0,3,3
Lepei,0,3,3
Léphine,0,3,3
Lephinio,3,0,3
Lepi,0,3,3
Lepiena,0,3,3
Leposava,0,3,3
Lepotan,3,0,3
Leppa,0,3,3
Leqeucha,0,3,3
Leqouia,0,3,3
Lequan,3,0,3
Lequé,0,3,3
Lequeen,0,3,3
Lequinciyo,3,0,3
Lequinda,0,3,3
Lequisya,0,3,3
Lér,3,0,3
Léra,0,3,3
Lerain,0,3,3
Leraisa,0,3,3
Lerando,3,0,3
Lérando,3,0,3
Lérany,3,0,3
Leratho,3,0,3
Leraux,3,0,3
Leray,3,0,3
Leraysha,0,3,3
Lerdy,3,0,3
Lère,0,3,3
Lereau,3,0,3
Leree,0,3,3
Lerée,0,3,3
Leremy,3,0,3
Lerena,0,3,3
Lerence,3,0,3
Lereng,3,0,3
Lerensy,3,0,3
Lérenzo,3,0,3
Lerhéya,0,3,3
Leric,0,3,3
Lerica,0,3,3
Lerida,0,3,3
Lerie,3,0,3
Lérie,0,3,3
Leriman,0,3,3
Lerinde,0,3,3
Lerinho,3,0,3
Lerinio,3,0,3
Lerionel,3,0,3
Lerique,0,3,3
Leris,3,0,3
Lerisa,0,3,3
Lerisha,0,3,3
Lerissa,0,3,3
Lerizio,3,0,3
Lerke,0,3,3
Lerman,0,3,3
Lermin,0,3,3
Lermo,3,0,3
Lermoa,0,3,3
Lerne,0,3,3
Lerner,3,0,3
Lernert,3,0,3
Leroetia,0,3,3
Lerome,0,3,3
Léron,3,0,3
Lèron,3,0,3
Lérona,0,3,3
Leronne,0,3,3
Lérony,3,0,3
Lerosan,3,0,3
leroy,3,0,3
Leroy-Alfredo,3,0,3
Leroy-Dominique,3,0,3
Leroy-Jesse,3,0,3
Leroy-Thomas,3,0,3
Leroya,0,3,3
Leroysten,3,0,3
Lerre,0,3,3
Lerrick,3,0,3
Lerris,3,0,3
Lerrône,3,0,3
Lerrone,3,0,3
Lers,3,0,3
Lersia,0,3,3
Lerua,3,0,3
Lery,0,3,3
Leryno,3,0,3
Leryssa,0,3,3
Lerzane,0,3,3
Lesa-Ann,0,3,3
Lesage,3,0,3
Lésaijah,0,3,3
Lesaint,3,0,3
Lesaira,3,0,3
Lésanderia,0,3,3
Lèsane,3,0,3
Lesania,0,3,3
Lesanna,0,3,3
Lesari,3,0,3
Lesarus,3,0,3
Lesca,0,3,3
Lescha,3,0,3
Léschéé,0,3,3
Lèscheraines,0,3,3
Leschka,0,3,3
Lescia,0,3,3
Lescinska,0,3,3
Lésean,3,0,3
Leséan,3,0,3
Lesédi,0,3,3
Lesencio,3,0,3
Leseur,3,0,3
Leshaen,0,3,3
Leshaendro,3,0,3
Lëshailley,0,3,3
Leshaindro,3,0,3
Leshairo,3,0,3
Leshairo-Immanuël,3,0,3
Leshan,3,0,3
Leshani,0,3,3
Leshanty,0,3,3
Leshaunia,0,3,3
Leshauwn,3,0,3
Leshawna,0,3,3
Leshaya,0,3,3
Leshaye,0,3,3
Leshayen,3,0,3
Leshayren,3,0,3
Leshayro,3,0,3
Leshea,0,3,3
Lesheal,0,3,3
Leshek,3,0,3
Leshell,0,3,3
Leshem,3,0,3
Lesherva,0,3,3
Leshey,0,3,3
Leshëydior,0,3,3
Leshiyano,3,0,3
Léshjon,3,0,3
Leshua,0,3,3
Lèshyron,3,0,3
Lesiano,3,0,3
Lesida,0,3,3
Lesigy,3,0,3
Lesila,0,3,3
Lesine,0,3,3
Lesinho,3,0,3
Lesinta,0,3,3
Lésion,3,0,3
Lesipaty,3,0,3
Lesirai,0,3,3
Lesjairo,3,0,3
Lesje,0,3,3
Lesjelva,0,3,3
Lesjemi,0,3,3
Lesker,3,0,3
Lesl,0,3,3
Lesleh,0,3,3
Lesleigh,3,0,3
Lesléy,0,3,3
Lesley-Alexis,0,3,3
Lesley-ann,0,3,3
Lesley-Ellen,0,3,3
Lesley-Jane,0,3,3
Lesley-Janine,0,3,3
Lesley-Jill,0,3,3
Lesley-Jo,0,3,3
Lesley-Nadine,0,3,3
Lesley-Valentin,3,0,3
Lesleyann,0,3,3
Lesleyenne,0,3,3
Lesleyson,3,0,3
Lésli,0,3,3
Leslie-Grace,0,3,3
Leslie-James,3,0,3
Leslie-Renée,0,3,3
Leslie-Sue,0,3,3
Lesline,0,3,3
Leslo,3,0,3
Leslow,3,0,3
lesly,3,0,3
Leslya,0,3,3
Lesnauw,3,0,3
Lesniewski,0,3,3
Lesny,0,3,3
Leson,3,0,3
Lesperance,0,3,3
Lespierre,3,0,3
Lessandraya,0,3,3
Lessandro,3,0,3
Lessía,0,3,3
Lessieg,3,0,3
Lessielue,0,3,3
Lessienne,0,3,3
Lessina,0,3,3
Lessinho,3,0,3
Lessinia,0,3,3
Lessio,3,0,3
Lessiya,0,3,3
Lesslynn,0,3,3
Lessry,0,3,3
Lest,3,0,3
Lesta,0,3,3
Lestar,3,0,3
Lestariani,0,3,3
Lestario,3,0,3
Lestät,3,0,3
Lestie,0,3,3
Lestin,3,0,3
Lestly,3,0,3
Leston,3,0,3
Lestyn,3,0,3
Lestyo,3,0,3
Lesy,0,3,3
Lesya,3,0,3
Letalja,0,3,3
Letarda,0,3,3
Letardus,3,0,3
Letarius,3,0,3
Letasherell,0,3,3
Letavia,0,3,3
Letay-Haymanot,0,3,3
Lete,0,3,3
Letecio,3,0,3
Leteesha,0,3,3
Letencio,3,0,3
Letenegus,0,3,3
Letenicy,0,3,3
Leth,3,0,3
Lethamian,3,0,3
Lethanny,0,3,3
Lethara,0,3,3
Lethè,0,3,3
Léthe,0,3,3
Lethisa,0,3,3
Lethitia,0,3,3
Lethitsia,0,3,3
Lethral,3,0,3
Letian,3,0,3
Letiaro,3,0,3
Leticha,0,3,3
Léticha,0,3,3
Letie,0,3,3
Letief,3,0,3
Letietia,0,3,3
Letifoenira,0,3,3
Letissia,0,3,3
Letitiae,0,3,3
Letittia,0,3,3
Letiziana,0,3,3
Letlore,0,3,3
Letmandra,3,0,3
Letoine,3,0,3
Letong,0,3,3
Letonia,0,3,3
Letriceje,0,3,3
Letricha,0,3,3
Letrinh,0,3,3
Létsibolo,3,0,3
Lettay,0,3,3
Lette-Berhan,0,3,3
Lettera,0,3,3
Letterina,0,3,3
Letthe,0,3,3
Lettika,0,3,3
Lettouqua,0,3,3
Letträy,3,0,3
Letua,3,0,3
Letusim,3,0,3
letycia,0,3,3
Letysha,0,3,3
Letzke,0,3,3
Leuam,0,3,3
Leuan,0,3,3
Leücius,3,0,3
Leuconia,0,3,3
Leudi,3,0,3
Leudina,0,3,3
Leudys,3,0,3
Leugandro,3,0,3
Leugene,3,0,3
Leugéne,3,0,3
Leugenie,0,3,3
Leum,0,3,3
Leunardia,0,3,3
Leunasus,3,0,3
Leundert,3,0,3
Leunemieke,0,3,3
Leung-Kee,3,0,3
Leung-Sang,3,0,3
Leung-Yu,3,0,3
Leungo,3,0,3
Leunis-Jan,3,0,3
Leunor,0,3,3
Leunura,0,3,3
Leuonthine,0,3,3
Leupien,0,3,3
Leutfried,3,0,3
Leutharius,3,0,3
Leutscher,3,0,3
Leuvinael,3,0,3
Leuwam,0,3,3
Leuwandag,0,3,3
Leuwemale,3,0,3
Leuwinja,0,3,3
Lèv,3,0,3
Lev-Jan,3,0,3
Lev-Mason,3,0,3
Levada,3,0,3
Levah,0,3,3
Levaï,3,0,3
Lévai,3,0,3
Levain,0,3,3
Levaine,3,0,3
Levainety,0,3,3
Levaíno,3,0,3
Levaion,3,0,3
Levairah,0,3,3
Levalia,0,3,3
Levân,3,0,3
Levander,3,0,3
Levando,3,0,3
Levandro,3,0,3
Levaney,3,0,3
Lévaney,3,0,3
Levange,0,3,3
Levangelo,3,0,3
Levani-Elijah,3,0,3
Levanius,3,0,3
Levanja,0,3,3
Levanne,0,3,3
Levannie,3,0,3
Levannisha,0,3,3
Levanny,3,0,3
Lèvano,3,0,3
Lèvant,3,0,3
Lévante,3,0,3
Levanté,3,0,3
Levantly,3,0,3
Levanya,0,3,3
Lévar,3,0,3
Levario,3,0,3
Levaronne,3,0,3
Levati,0,3,3
Lèvay,3,0,3
Levay-Deane,3,0,3
Levayah,0,3,3
Levayn,3,0,3
Levayne,3,0,3
Lëvayno,3,0,3
Lévayo,3,0,3
Levaysha,0,3,3
Lèvé,3,0,3
Leve,3,0,3
Levea,0,3,3
Levear,3,0,3
Levearne,0,3,3
Leveda,0,3,3
Levelon,3,0,3
Levena,0,3,3
Levencia,0,3,3
Levender,3,0,3
Levendro,3,0,3
Levenez,0,3,3
Leveninus,3,0,3
Levenio,3,0,3
Levenne,0,3,3
Lévent,3,0,3
Lèvente,3,0,3
Levereo,3,0,3
Levertina,0,3,3
Levesque,3,0,3
Levester,3,0,3
Lévette,0,3,3
Levette,0,3,3
Leveyna,0,3,3
Levı,3,0,3
Levì,3,0,3
Levi's,0,3,3
Levi-Ann,0,3,3
Levi-Avalon,3,0,3
Levi-Djay,3,0,3
Levi-Efraïm,3,0,3
Levi-Elia,3,0,3
Levi-Emmanuel,3,0,3
Levi-Evans,3,0,3
Levi-Jan,3,0,3
Levi-Jax,3,0,3
Levi-Jaz,3,0,3
Lévi-Kenny,3,0,3
Levi-Krishn,3,0,3
Levi-Le'Shoane,3,0,3
Levi-Lee,0,3,3
Levi-Loïs,0,3,3
Levi-Malin,0,3,3
Levi-Mart,3,0,3
Levi-Noé,3,0,3
Levi-Noël,3,0,3
Levi-Quint,3,0,3
Levi-Senna,3,0,3
Levi-Vin,3,0,3
Levi-Yaël,3,0,3
Leviana,0,3,3
Leviandra,0,3,3
Leviannie,0,3,3
Levianno,3,0,3
Léviano,3,0,3
Leviasz,3,0,3
Leviath,3,0,3
Levica,0,3,3
Levicio,3,0,3
Lévico,3,0,3
Levid,3,0,3
Levie-Rose,0,3,3
Levíen,3,0,3
Leviënne,0,3,3
Levihnio,3,0,3
Levii,3,0,3
Levijah,0,3,3
Levijntje,0,3,3
Levik,3,0,3
Levìn,3,0,3
Lévina,0,3,3
Levinah,0,3,3
Levinas,3,0,3
Levindo,3,0,3
Lévine,3,0,3
Levinea,0,3,3
Levinety,0,3,3
Levinh,3,0,3
Levinha,3,0,3
Levini,0,3,3
Levinïa,0,3,3
Lévinio,3,0,3
Leviniö,3,0,3
Levinis,3,0,3
Lèvinn,3,0,3
Levinny,0,3,3
Leviño,3,0,3
Levinoes,3,0,3
Levinsen,3,0,3
Levíon,3,0,3
Lévique,3,0,3
Levira,0,3,3
Levit,3,0,3
Levita-Victoria,0,3,3
Levitah,0,3,3
Levitan,3,0,3
Levite,3,0,3
Levitha,0,3,3
Levithal,0,3,3
Levitico,3,0,3
Levitt,3,0,3
Levitus,3,0,3
Levivan,3,0,3
Leviya,0,3,3
Levjenio,3,0,3
Levko,3,0,3
Levlâ,0,3,3
Levley,3,0,3
Levnn,3,0,3
Levo,0,3,3
Levöleger,0,3,3
LeVon,3,0,3
Levon-Jay,3,0,3
Lèvonn,3,0,3
Levonn,3,0,3
Levoy,3,0,3
Levrone,3,0,3
Levroné,3,0,3
Levrone-Guy,3,0,3
Levske,0,3,3
Levskey,3,0,3
Levuka,0,3,3
Levurt,3,0,3
Lěvy,3,0,3
Lèvy,3,0,3
Levy-Byron,3,0,3
Levy-Dean,3,0,3
Levy-Jan,3,0,3
Levy-John,3,0,3
Levy-Lee,0,3,3
Levy-OJ,3,0,3
Levy-Seja,3,0,3
Levyah,0,3,3
Levýn,3,0,3
Levynes,3,0,3
Levyro,3,0,3
Levyta,0,3,3
Levytha,0,3,3
Levz,3,0,3
Levza,0,3,3
Lewaar,3,0,3
Lewald,3,0,3
Lewana,0,3,3
Lewanda,0,3,3
Lewani,3,0,3
Lewanski,3,0,3
Lewar,3,0,3
Lewarny,3,0,3
Lewe,3,0,3
Lewelyn,0,3,3
Lewerina,0,3,3
Lewicka,0,3,3
Lewiesa,0,3,3
Lêwin,0,3,3
Lewind,3,0,3
Lewins,3,0,3
Lewinsky,0,3,3
Lewis-Alexa,0,3,3
Lewis-Emiel,3,0,3
Lewise,0,3,3
Lewitje,0,3,3
Lewitsson,3,0,3
Lewko,3,0,3
Lewkowicz,3,0,3
Lewya,3,0,3
Lex-André,3,0,3
Lex-Lee,0,3,3
Lexan,3,0,3
Lexandrio,3,0,3
Lexandro,3,0,3
Lexane,0,3,3
Lexani,3,0,3
Lexannah,0,3,3
Lexanthe,0,3,3
Lexciano,3,0,3
Lexcyn,0,3,3
Lexel,3,0,3
Lexey,0,3,3
Lexford,3,0,3
Lexi-Mae,0,3,3
Lexiana,0,3,3
Lexiane,0,3,3
Lexianna,0,3,3
Lexiano,3,0,3
Lexiany,3,0,3
Lexie-Belle,0,3,3
Lexie-Grace,0,3,3
Lexie-Liv,0,3,3
Lexie-Lou,0,3,3
Lexine,0,3,3
Lexjan,3,0,3
Lexje,0,3,3
Lexke,0,3,3
Lexly,3,0,3
Lexmond,3,0,3
Lexsanne,0,3,3
Lexsi,0,3,3
Lexthon,3,0,3
Lexxander,3,0,3
Lexxey,0,3,3
Lexxi-Sizz,0,3,3
Lexxy,0,3,3
Lexy-Jay,0,3,3
Lexyl,0,3,3
Lexzil,3,0,3
Ley-Anna,0,3,3
Ley-Jaino,3,0,3
Ley-Naicha,0,3,3
Ley-Zaidiën,3,0,3
Lèya,0,3,3
Leya'Nyssa,0,3,3
Leyaal,0,3,3
Leyaan,0,3,3
Leyadina,0,3,3
Leyae,0,3,3
Lèyae,0,3,3
Leyahro,3,0,3
Leyaina,0,3,3
Leyainne,0,3,3
Leyaino,3,0,3
Leyamara,0,3,3
Leyanae,0,3,3
Leyandra,0,3,3
Leyandrey,3,0,3
Leyandria,0,3,3
Leyang,0,3,3
Leyani,0,3,3
Leyanie,0,3,3
Leyanis,0,3,3
Leyánne,0,3,3
Léyano,3,0,3
Leyanpher,3,0,3
Leybra,0,3,3
Leychanden,3,0,3
Leychandro,3,0,3
Leychano,3,0,3
Leychaxalayni,0,3,3
Leychi,0,3,3
Leydiana,0,3,3
Leydjano,3,0,3
Leydon,3,0,3
Leyduska,0,3,3
Leydy,0,3,3
Léyen,0,3,3
Leyena,0,3,3
Leyenda,0,3,3
Leyenita,0,3,3
Leyenne,0,3,3
Leyensley,0,3,3
Leyenva,0,3,3
Leyes,3,0,3
Leyeve,3,0,3
Leyïah,0,3,3
Leyina,0,3,3
Leykina,0,3,3
Leylā,0,3,3
Leylă,0,3,3
Leyla-Ann,0,3,3
Leyla-Cann,0,3,3
Leyla-Jade,0,3,3
Leyla-Joy,0,3,3
Leyla-Lynn,0,3,3
Leyla-Sofia,0,3,3
Leyla-Zerin,0,3,3
Leylaa,0,3,3
Leylana,0,3,3
Leyland,3,0,3
Leylaney,0,3,3
Leylanie,0,3,3
Leyle,0,3,3
Leyley,0,3,3
Leylie,0,3,3
Leylihan,0,3,3
Leylim,0,3,3
Leymairo,3,0,3
Leymani,3,0,3
Leymara,0,3,3
Leymun,0,3,3
Leynarsiyon,3,0,3
Leynold,3,0,3
Leynur,0,3,3
Leynzo,3,0,3
Leyó,3,0,3
Leyola,0,3,3
Leyomi,0,3,3
Léyomi,0,3,3
Leyonah,0,3,3
Leyonard,3,0,3
Leyoncé,0,3,3
Leyonce,0,3,3
Leyond,3,0,3
Leyóni,0,3,3
Leyonie,0,3,3
Leyora,0,3,3
Léyowi,0,3,3
Leyra,0,3,3
Leyray,3,0,3
Leyrienio,3,0,3
Leyro,0,3,3
Leyron,3,0,3
Leyros,3,0,3
Leysano,3,0,3
Leysbeth,0,3,3
Leysel,0,3,3
Leyshalea,0,3,3
Leyshana,0,3,3
Leyshandra,0,3,3
Leyshandro,3,0,3
Leyshanteigh,0,3,3
Leyshena,0,3,3
Leyshura,0,3,3
Leysiana,0,3,3
Leyske,0,3,3
Leysonne,0,3,3
Leyster,0,3,3
Leyten,3,0,3
Leytisha,0,3,3
Leyuan,0,3,3
Leyuni,0,3,3
Leyvani,3,0,3
Leyvany,3,0,3
Leyvenna,0,3,3
Leyvi,3,0,3
Leyvianne,0,3,3
Leyvin,3,0,3
Léyviraino,3,0,3
Leyvon,3,0,3
Leywald,3,0,3
Leyyâ,0,3,3
Leyyand,3,0,3
Leyyina,0,3,3
Leyzainy,0,3,3
Leyzha,0,3,3
Léz,3,0,3
Leza,0,3,3
Lezane,3,0,3
Lézanne,0,3,3
Lezanne,0,3,3
Lezarrio,3,0,3
Lezayah,0,3,3
Lezer,3,0,3
Lezette,0,3,3
Lezgi,3,0,3
Lezil,3,0,3
Lezim,3,0,3
Lezin,0,3,3
Leziz,0,3,3
Lezlien,0,3,3
Lezly,3,0,3
Lezzine,0,3,3
LFJ,3,0,3
LFJM,0,3,3
Lghalia,0,3,3
LGJ,3,0,3
LGL,3,0,3
Lhachme,3,0,3
Lhadi,3,0,3
Lhakshey,3,0,3
Lhakyi,0,3,3
Lhanieke,0,3,3
Lhara,0,3,3
Lharisa,0,3,3
Lharissa,0,3,3
Lhassa,0,3,3
Lhasse,3,0,3
Lhatisha,0,3,3
Lhazom,0,3,3
Lhé,0,3,3
Lhei,3,0,3
Lheila,0,3,3
Lhen,3,0,3
Lhenet,0,3,3
Lhenwyn,3,0,3
Lhewi,3,0,3
Lhewlynn,3,0,3
Lheyell,3,0,3
LHHM,3,0,3
Lhiam,3,0,3
Lhian,3,0,3
Lhianne,0,3,3
Lhidia,0,3,3
Lhiefâa,0,3,3
Lhien,0,3,3
Lhiënn-Thayra,0,3,3
Lhilly,0,3,3
Lhinou,0,3,3
Lhisanne,0,3,3
Lhiva,0,3,3
Lhiyen,3,0,3
Lhocen,3,0,3
Lhocine,3,0,3
Lhoe,0,3,3
Lhola,0,3,3
Lhorian,3,0,3
Lhosin,3,0,3
Lhou-Ciena,0,3,3
Lhoua,0,3,3
Lhoucein,3,0,3
Lhoucen,3,0,3
Lhoui,3,0,3
Lhoussain,3,0,3
Lhoussein,3,0,3
Lhoussen,3,0,3
Lhoussin,3,0,3
Lhoussine,3,0,3
Lhoyce,0,3,3
Lhoyd,3,0,3
Lhyam,3,0,3
Lhyndan,3,0,3
Lhyndo,3,0,3
Lhyno,3,0,3
Lhysa,0,3,3
Lhysha,0,3,3
Li'an,0,3,3
Li'daicheny,0,3,3
Li'el-Imani,0,3,3
Li'Jaira,0,3,3
Li'jayhnio,3,0,3
Li'nayah,0,3,3
Li'Nayra,0,3,3
Li'Shay,0,3,3
Li'sheney,0,3,3
Li'vieano,3,0,3
Li'yanna,0,3,3
Li-Ad,0,3,3
Li-Andrea,0,3,3
Li-Angela,0,3,3
Li-ann,0,3,3
Li-Argenshely,0,3,3
Li-aysa,0,3,3
Li-Bao,3,0,3
Li-belle,0,3,3
Li-Cha,0,3,3
Li-chan,0,3,3
Li-Chang,3,0,3
Li-Diëngely,0,3,3
Li-djainely,0,3,3
Li-El,0,3,3
Li-ël,0,3,3
Li-en,0,3,3
Li-Fen,0,3,3
Li-Feng,3,0,3
Li-géano,3,0,3
Li-Haira,0,3,3
Li-Hendrick,3,0,3
Li-Hol,0,3,3
Li-Hong,0,3,3
Li-Hsing,3,0,3
Li-Hui,0,3,3
Li-Hwa,0,3,3
Li-Jane,0,3,3
Li-Janne,0,3,3
Li-janne,0,3,3
Li-Jantelich,0,3,3
Li-jaya,0,3,3
Li-jaysi,3,0,3
Li-Jean,3,0,3
Li-Jie,3,0,3
Li-Jin,3,0,3
Li-Jun,0,3,3
Li-Kaia,0,3,3
Li-Kuang,3,0,3
Li-Lou,0,3,3
Li-Mae,0,3,3
Li-Mei,0,3,3
Li-nai,0,3,3
Li-Naïsha,0,3,3
Li-náo,0,3,3
Li-Nayah,0,3,3
Li-nayah,0,3,3
Li-on,3,0,3
Li-onika,0,3,3
Li-Pei,0,3,3
Li-quentio,3,0,3
Li-Ren,0,3,3
Li-Sanne,0,3,3
Li-sean,3,0,3
Li-shai,0,3,3
Li-shenron,3,0,3
Li-Shi,0,3,3
Li-Sian,3,0,3
Li-Sien,3,0,3
Li-Tang,3,0,3
Li-tjoe,0,3,3
Li-tong,0,3,3
Li-Tong,3,0,3
Li-Tsang,0,3,3
Li-Tsin,0,3,3
Li-vana,0,3,3
Li-Vayén,0,3,3
Li-Vayro,3,0,3
Li-Wen,0,3,3
Li-Wén,0,3,3
Li-wie,3,0,3
Li-Wun,0,3,3
Li-Xiang,3,0,3
Li-Xiong,3,0,3
Li-ya,0,3,3
Li-Yam,3,0,3
Li-Yan,3,0,3
Li-Yara,0,3,3
Li-Yarah,0,3,3
Li-yarah,0,3,3
Li-ye,3,0,3
Li-yeanne,0,3,3
Li-Yin,0,3,3
Li-Zhe,3,0,3
Li-Zhen-Zhu,0,3,3
Li-Zhi,0,3,3
Lía,0,3,3
Lia'jeane,0,3,3
Lia-Cita,0,3,3
Lia-Ihrée,0,3,3
Lia-Izabella,0,3,3
Lia-J,0,3,3
Lia-Jade,0,3,3
Lia-Jamie,0,3,3
Lia-Lies,0,3,3
Lia-maria,0,3,3
Lia-Roos,0,3,3
Lia-Rose,0,3,3
Liabertha,3,0,3
Liadain,0,3,3
Liadora,0,3,3
Liadson,3,0,3
Liaf,3,0,3
Liafbern,3,0,3
Liafburch,0,3,3
Liafwin,3,0,3
Liah-Layni,0,3,3
Liah-mae,0,3,3
Liahn,0,3,3
Liahona,0,3,3
Liaina,0,3,3
Liakat,3,0,3
Liakat-alie,3,0,3
Liake,0,3,3
Liaket,3,0,3
Liala,0,3,3
Lialoda,0,3,3
Lialongo,3,0,3
Lïam,3,0,3
Liam-Amel,3,0,3
Liam-Avi,3,0,3
Liam-Bert,3,0,3
Liam-Eddy,3,0,3
Liam-Immanuël,3,0,3
Liam-Keano,3,0,3
Liam-Lee,3,0,3
Liam-Lewis,3,0,3
Liamar,0,3,3
Liamarah,0,3,3
Liamatái,0,3,3
Liamè,0,3,3
Liamin,3,0,3
Liaming,3,0,3
Liamshür,3,0,3
Liän,0,3,3
Lían,0,3,3
Lian-chaly,0,3,3
Lian-Hoa,0,3,3
Lian-Jay,0,3,3
Lian-Kim,0,3,3
Lian-Li,0,3,3
Liana-Jane,0,3,3
Lianarda,0,3,3
Liandal,0,3,3
Liandre,0,3,3
Liandrelis,0,3,3
Liandrie,0,3,3
Liandrina,0,3,3
Liandro-Junior,3,0,3
Liandry,3,0,3
Liäne,0,3,3
Lianè,0,3,3
Lianeena,0,3,3
Lianella,0,3,3
Lianet,0,3,3
Lianey,0,3,3
Liàng,0,3,3
Liang-Jian,3,0,3
Liang-Nio,0,3,3
Liang-Tong,3,0,3
Liang-Xing,3,0,3
Liang-Yu,3,0,3
Liangchen,3,0,3
Liangel,0,3,3
Liangey,0,3,3
Liangming,3,0,3
Liangni,0,3,3
Liangsi,0,3,3
Lianie,0,3,3
Lianjie,0,3,3
Lianké,0,3,3
Lianma,0,3,3
Liánn,0,3,3
Lianna-Ayla,0,3,3
Liannarda,0,3,3
Lianne-Jaël,0,3,3
Liannemarie,0,3,3
Liannie,0,3,3
Lïanno,3,0,3
Lianno,3,0,3
Liannon,0,3,3
Liannora,0,3,3
Liaño,3,0,3
Lianra,0,3,3
Liansa,0,3,3
Lianti,0,3,3
Liantien,0,3,3
Liantsoa,0,3,3
Lianus,3,0,3
Lianys,0,3,3
Liaquat,0,3,3
Liard,3,0,3
Liardy,3,0,3
Liarenan,0,3,3
Liarno,3,0,3
Lías,3,0,3
Liau,3,0,3
Liavah,0,3,3
Liavaily,0,3,3
Liaw,3,0,3
Liaymé,0,3,3
Lib-Gueng,3,0,3
Libana,0,3,3
Libane,3,0,3
Libania,0,3,3
Libannos,0,3,3
Libaria,0,3,3
Libase,0,3,3
Libbe-Gerard,3,0,3
Libbechina,0,3,3
Libbediene,0,3,3
Libberdina,0,3,3
Libbertha,0,3,3
Libbette,0,3,3
Libbey,0,3,3
Libbi,0,3,3
Libbigje,0,3,3
Libbrich,0,3,3
Libé,3,0,3
Libea,0,3,3
Libell,0,3,3
Liberace,3,0,3
Liberada,0,3,3
Liberate,0,3,3
Liberator,3,0,3
Liberatore,3,0,3
Liberdina,0,3,3
Libere,0,3,3
Liberina,0,3,3
Liberone,0,3,3
Libertaferix,0,3,3
Libertário,3,0,3
Libertea,0,3,3
Libertey,0,3,3
Liberthine,0,3,3
Liberthy,0,3,3
Libertien,0,3,3
Libertijn,3,0,3
Libertinus,3,0,3
Liberty-Grace,0,3,3
Liberty-Jane,0,3,3
Libette,0,3,3
Libettha,0,3,3
Libetty,0,3,3
Libhín,0,3,3
Libian,0,3,3
Libiana,0,3,3
Libie,0,3,3
Libiya,0,3,3
Libke,0,3,3
Libkje,0,3,3
Liboeria,0,3,3
Libora,0,3,3
Libori,3,0,3
Liborie,3,0,3
Liboris,3,0,3
Libourius,3,0,3
Librajo,3,0,3
Libran,3,0,3
Libranda,0,3,3
Libratus,3,0,3
Líbre,3,0,3
Libreck-Pieter,3,0,3
Libreg,3,0,3
Libregt,3,0,3
Librek,3,0,3
Libretto,3,0,3
Librich,0,3,3
Librik,3,0,3
Libro,3,0,3
Librordius,3,0,3
Libruina,0,3,3
Libuin,3,0,3
Libuines,3,0,3
Libuïnus,3,0,3
Libusa,0,3,3
Libusě,0,3,3
Libŭse,0,3,3
Libushka,0,3,3
Libuška,0,3,3
Libussa,0,3,3
Licana,0,3,3
Ličano,3,0,3
Licano,3,0,3
Licarion,3,0,3
Licarión,3,0,3
Licella,0,3,3
Licelot,0,3,3
Licelotte,0,3,3
Liçenka,0,3,3
Licenza,0,3,3
Liceyna,0,3,3
Lich,3,0,3
Lichaino,3,0,3
Lichan,0,3,3
Lichandrick,3,0,3
Lichansky,0,3,3
Lichanteny,0,3,3
Licharan,3,0,3
Lichela,0,3,3
Lichélle,0,3,3
Lichèlle,0,3,3
Lichelle-Jade,0,3,3
Lichelle-Jeboa,0,3,3
Lichelron,3,0,3
Licheng,3,0,3
Lichenka,0,3,3
Licheny,0,3,3
Lichiang,3,0,3
Lichiano,3,0,3
Lichram,3,0,3
Lichtenberg,0,3,3
Liciâ,0,3,3
Liciamar,0,3,3
Liciandro,3,0,3
Liciangelo,3,0,3
Licianne,0,3,3
Licianno,3,0,3
Lìcie,0,3,3
Liciën,3,0,3
Licién,0,3,3
Licienne,0,3,3
Liciënne,0,3,3
Licier,3,0,3
Licijn,3,0,3
Licinia,0,3,3
Licínio,3,0,3
Licinius,3,0,3
Liciny,0,3,3
Licisca,0,3,3
Lick,3,0,3
Liçoise,0,3,3
Licole,0,3,3
Licolette,0,3,3
Licolina,0,3,3
Licorne,0,3,3
Licrisha,0,3,3
Licu,3,0,3
Licwinda,0,3,3
Lidaily,0,3,3
Lidana,0,3,3
Lidano,3,0,3
Lidanus,3,0,3
Lidara,0,3,3
Liddie,0,3,3
Liddin,0,3,3
Lideine,0,3,3
Lidéjany,0,3,3
Lidell,3,0,3
Lidely,0,3,3
Lidemarie,0,3,3
Lidena,0,3,3
Lideon,3,0,3
Lider,3,0,3
Liderik,3,0,3
Lideska,0,3,3
Lideta,0,3,3
Lideweyde,0,3,3
Lideweyn,0,3,3
Lidewiena,0,3,3
Lidewiene,0,3,3
Lidewije,0,3,3
Lidewijk,0,3,3
Lideya,0,3,3
Lidgeria,0,3,3
Lidi-Jan,3,0,3
Lidica,0,3,3
Lidie-Anne,0,3,3
Lidien,0,3,3
Lidieve,0,3,3
Lidinia,0,3,3
Lidinuska,0,3,3
Lidish,3,0,3
Liditia,0,3,3
Lidiuna,0,3,3
Lidius,3,0,3
Lidiva,0,3,3
Lidiwina,0,3,3
Lidjano,3,0,3
Lidjara,0,3,3
Lidjeen,0,3,3
Lidjen,3,0,3
Lidnie,0,3,3
Lidor-Lidya,0,3,3
Lidori,0,3,3
Lidouschka,0,3,3
Liduiena,0,3,3
Liduina-Maria,0,3,3
Liduinia,0,3,3
Liduino,0,3,3
Liduska,0,3,3
Liduwij,0,3,3
Lidviena,0,3,3
Lidvinius,3,0,3
Lidwanna,0,3,3
Lidweenia,0,3,3
Lidwieke,0,3,3
Lidwienus,3,0,3
Lidwiges,3,0,3
Lidwigis,0,3,3
Lidwijne,0,3,3
Lidwina-Anne,0,3,3
Lidwyke,0,3,3
Lidwyna,0,3,3
Lidy-Aniek,0,3,3
Lidy-Anna,0,3,3
Lidyaevanz,0,3,3
Lidyanne,0,3,3
Lidyen,0,3,3
Liè,3,0,3
Lie'Shayra,0,3,3
Lie-ahn,0,3,3
Lie-Annnigor,0,3,3
Lie-Chung,3,0,3
Lie-Hoa,0,3,3
Lie-jaydion,3,0,3
Lie-Jaylie,0,3,3
Lie-Jeanne,0,3,3
Lie-Ken,0,3,3
Lie-Len,0,3,3
Lie-Lie,0,3,3
Lie-Lyen,0,3,3
Lie-Tai,0,3,3
Lie-Thin-Looi,3,0,3
Lieah,0,3,3
Liean,0,3,3
Lieander,3,0,3
Lieandro,3,0,3
Lieane,0,3,3
Lieb,0,3,3
Lieba,0,3,3
Liebaan,3,0,3
Lieban,3,0,3
Liebelle,0,3,3
Lieberada,0,3,3
Lieberchiena,0,3,3
Lieberta,0,3,3
Lieberte,0,3,3
Lieberthe,0,3,3
Lieberthus,3,0,3
Liebertie,3,0,3
Liebertine,0,3,3
Liebhart,3,0,3
Liebichje,0,3,3
Liebman,3,0,3
Liebrand,3,0,3
Liebrandina,0,3,3
Liebreck,3,0,3
Liebreg,0,3,3
Liebrek,3,0,3
Liebren,3,0,3
Liebrig,0,3,3
Liebrigje,0,3,3
Liebritia,0,3,3
Liebrosius,3,0,3
Lieca,0,3,3
Liecardo,3,0,3
Liecenda,0,3,3
Liecinda,0,3,3
Liede-Louise,0,3,3
Liedes,3,0,3
Liedeweijn,0,3,3
Liedewieneke,0,3,3
Liedewijna,0,3,3
Liedian,0,3,3
Liediana,0,3,3
Liedianne,0,3,3
Liedie,0,3,3
Liedtietya,0,3,3
Lieduska,0,3,3
Liedwien,0,3,3
Liedwiena,0,3,3
Liedwine,0,3,3
Liedwyna,0,3,3
Liee,0,3,3
Lieëen,0,3,3
Lieela,0,3,3
Lieën,3,0,3
Liefa,0,3,3
Liefanya,0,3,3
Liefaye,0,3,3
Liefayo,3,0,3
Liefen,3,0,3
Lieffiena,0,3,3
Lieffina,0,3,3
Liefie,0,3,3
Liefien,0,3,3
Liefiena,0,3,3
Liefke-Dina,0,3,3
Liefkina,0,3,3
Liefmina,0,3,3
Liefste,0,3,3
Liefuckwan,3,0,3
Liefwin,3,0,3
Liegene,3,0,3
Liegh,0,3,3
Liegh-Ann,0,3,3
Liegja,0,3,3
Lieh-Ku,3,0,3
Lieheida,0,3,3
Liejana,0,3,3
Liejanda,0,3,3
Liejanna,0,3,3
Liejeng,0,3,3
Liejette,0,3,3
Liejian,0,3,3
Liejondo,3,0,3
lieke,0,3,3
Lieke-Ann,0,3,3
Lieke-Jo,0,3,3
Lieke-Maria,0,3,3
Lieke-Marij,0,3,3
Lieke-Rosa,0,3,3
Liekeleen,0,3,3
Liekeles,3,0,3
Liekencha,0,3,3
Liekhe,0,3,3
Liekie,0,3,3
Liekina,0,3,3
Liekjoen,0,3,3
Liekler,3,0,3
Lieko,3,0,3
Liekson,3,0,3
Liekster,0,3,3
Liekun,0,3,3
Liel,3,0,3
Liéla,0,3,3
Liële,0,3,3
Lièle,0,3,3
Lieleth,0,3,3
Lielian,0,3,3
Lielith,0,3,3
Liëlla,0,3,3
Lielle,0,3,3
Lieloz,0,3,3
Liem-Hong,3,0,3
Liemertje,0,3,3
Liemie,0,3,3
Lien-jah,3,0,3
Liën-Yeny,0,3,3
Liëna,0,3,3
Liena-Louise,0,3,3
Lienae-Louisa,0,3,3
Lienaika,0,3,3
Lienaisha,0,3,3
Lienardus,3,0,3
Lienchi,0,3,3
Lienciano,3,0,3
Liendhryson,3,0,3
Liëndra,0,3,3
Liëndy,0,3,3
Liené,0,3,3
Liene-Fleur,0,3,3
Liene-Lara,0,3,3
Lienert-Jan,3,0,3
Lieneth,0,3,3
Lienhart,3,0,3
Lienioh,0,3,3
Lienisha,0,3,3
Lienjen,0,3,3
Liënka,0,3,3
Lienka,0,3,3
Liènmara,0,3,3
Liénn,0,3,3
Liènn,0,3,3
Liénna,0,3,3
Liennaro,3,0,3
Lienneke,0,3,3
Lienoek,0,3,3
Liènte,0,3,3
Liënte,0,3,3
Lientghen,0,3,3
Lienticvna,0,3,3
Lientjo,3,0,3
Lientur,3,0,3
Lienza,0,3,3
Lieon,3,0,3
Liepie,0,3,3
Liepman,3,0,3
Liequenda,0,3,3
Lieqwencio,3,0,3
Lierin,0,3,3
Lieriske,0,3,3
Lieroi,3,0,3
Lieron,3,0,3
Lierske,0,3,3
Lies-An,0,3,3
Lies-Beth,0,3,3
Lies-Lotte,0,3,3
Lies-Louise,0,3,3
Lies-Maria,0,3,3
Liësa,0,3,3
Liesaa,0,3,3
Liesabella,0,3,3
Liesabetha,0,3,3
Liesamary,0,3,3
Liesander,3,0,3
Liesandra,0,3,3
Liesanndro,3,0,3
Liesany,0,3,3
Liesberta,0,3,3
Liesberthe,0,3,3
Liesberthus,3,0,3
Liesbertine,0,3,3
Liesbet-Anne,0,3,3
Liesbeth-Anne,0,3,3
Liesbeth-Martine,0,3,3
Liesbetha,0,3,3
Liesbethje,0,3,3
Lieschenza,0,3,3
Liesdaimary,0,3,3
Liesdaymarie,0,3,3
Liesdja,3,0,3
Liese-Linde,0,3,3
Liese-Lot,0,3,3
Liese-Sophie,0,3,3
Liesebert,0,3,3
Liesebetha,0,3,3
Liesedore,0,3,3
Liesegonda,0,3,3
Lieselein,0,3,3
Lieselinde,0,3,3
Liesellotte,0,3,3
Lieselott,0,3,3
Liesemeis,0,3,3
Liesemijn,0,3,3
Liesen,0,3,3
Liesenell,0,3,3
Liesenke,0,3,3
Liesenne,0,3,3
Lieserina,0,3,3
Lieserl,3,0,3
Liesethte,0,3,3
Liesetty,0,3,3
Liesha,0,3,3
Lieshairo,3,0,3
Lieshandra,0,3,3
Lieshandro,3,0,3
Lieshano,3,0,3
Lieshayra,0,3,3
Lieshelle,0,3,3
Liesia,0,3,3
Liesina,0,3,3
Liesing,0,3,3
Liesja,0,3,3
Liesjé,0,3,3
Liesle,0,3,3
Liesmany,0,3,3
Liesmarie,0,3,3
Liesò,3,0,3
Lieso,3,0,3
Liessara,0,3,3
Liesse-Lotte,0,3,3
Liessebeth,0,3,3
Liessebetje,0,3,3
Liesshannah,0,3,3
Liessia,0,3,3
Liessina,0,3,3
Liessinde,0,3,3
Liësther,0,3,3
Liestina,0,3,3
Lieszl,0,3,3
Lietbertha,0,3,3
Liethana,0,3,3
Lietinus,3,0,3
Lietruida,0,3,3
Liette,0,3,3
Lietze,3,0,3
Lieu,0,3,3
Lieuw,0,3,3
Lieuwco,3,0,3
Lieuwejan,3,0,3
Lieuwerd,3,0,3
Lievaino,3,0,3
Lievana,0,3,3
Lievanchelo,3,0,3
Lievara,0,3,3
Líeve,0,3,3
Lieve-Merel,0,3,3
Lieve-Miura,0,3,3
Lieve-Raven,0,3,3
Lieve-Rose,0,3,3
Lieve-Sterre,0,3,3
Lieveleijn,0,3,3
Lieveleyn,0,3,3
Lievelijne,0,3,3
Lievelino,3,0,3
Lievelith,0,3,3
Lievély-Mae,0,3,3
Lievelynn,0,3,3
Lievenh,3,0,3
Lieverynio,3,0,3
Lievièn,0,3,3
Lievien,0,3,3
Lieviëne,0,3,3
Lievienke,0,3,3
Lieviènne,0,3,3
Lievijyra,0,3,3
Lievke,0,3,3
Lievlander,3,0,3
Lievnath,0,3,3
Lievon,0,3,3
Lievore,0,3,3
Lievya,0,3,3
Liewe-Eden,0,3,3
Liewer,3,0,3
Liewert,3,0,3
Liewiena,0,3,3
Lieyes,3,0,3
Lièz,0,3,3
Liezabartha,0,3,3
Liezayro,3,0,3
Liezé,3,0,3
Lieze-lotte,0,3,3
Liezeberta,0,3,3
Liezeloes,0,3,3
Liezetje,0,3,3
Liezi,0,3,3
Liezie,0,3,3
Lifai,0,3,3
Lifaiyrell,3,0,3
Lifang,0,3,3
Lifani,3,0,3
Lifar,3,0,3
Lifay,3,0,3
Lifayah,0,3,3
Lifejoy,0,3,3
Liffert,3,0,3
Liffey,3,0,3
Liffy,3,0,3
Lifgerus,3,0,3
Lifina,0,3,3
Lifka,3,0,3
Lifrenshiline,0,3,3
Liftje,0,3,3
Lifyo,3,0,3
Ligano,3,0,3
Ligayah,0,3,3
Ligeia,0,3,3
Ligeja,0,3,3
Ligemar,3,0,3
Ligenely,0,3,3
Ligensly,3,0,3
Liger,3,0,3
Ligera,0,3,3
Ligherno,3,0,3
Lighoria,3,0,3
Lighton,3,0,3
Ligi,3,0,3
Ligia-Helena,0,3,3
Ligiandra,0,3,3
Ligianey,0,3,3
Ligiano,3,0,3
Ligiemar,0,3,3
Ligiénne,0,3,3
Ligiorine,0,3,3
Ligita,0,3,3
Ligivaldo,3,0,3
Ligna,0,3,3
Ligonda,0,3,3
Ligor,3,0,3
Ligori,0,3,3
Ligoria,0,3,3
Ligorine,0,3,3
Ligourio,0,3,3
Liguorine,0,3,3
Ligurni,3,0,3
Ligya,0,3,3
Ligynio,3,0,3
Lih-Chien,0,3,3
Lih-Chung,0,3,3
Lih-Lan,0,3,3
Lihainer,3,0,3
Liham,3,0,3
Lihan,3,0,3
Lihanne,0,3,3
Lihao,3,0,3
Lihe,0,3,3
Lihel,0,3,3
Lihendrik,3,0,3
Lihilde,0,3,3
Lihne,0,3,3
Lihoen,0,3,3
Liholo,3,0,3
Lihona,0,3,3
Lihornai,0,3,3
Lihua,0,3,3
Lihui,0,3,3
Lihung,3,0,3
Liing,0,3,3
Liisaya,0,3,3
Liisi,0,3,3
Liivi,0,3,3
Liize,0,3,3
Liizennah,0,3,3
Lijala,0,3,3
Lijanca,0,3,3
Lijandra,0,3,3
Lijane,0,3,3
Lijanna,0,3,3
Lijaro,3,0,3
Lijayna,0,3,3
Lijbah,0,3,3
Lijberthe,0,3,3
Lijberthus,3,0,3
Lijbertje,0,3,3
Lijbertus,3,0,3
Lijbje,0,3,3
Lijcija,0,3,3
Lijcina,0,3,3
Lijdarik,3,0,3
Lijdewijde,0,3,3
Lijdiena,0,3,3
Lijeanne,0,3,3
Lijedah,0,3,3
Lijenne,0,3,3
Lijenso,3,0,3
Lijet,0,3,3
Lijewe,3,0,3
Lijgia,0,3,3
Lijiana,0,3,3
Lijiang,0,3,3
Lijie,3,0,3
Lijkelientje,0,3,3
Lijkles,3,0,3
Lijla,0,3,3
Lijloma,0,3,3
Lijnardo,3,0,3
Lijnardus,3,0,3
Lijnart,3,0,3
Lijnda,0,3,3
Lijnde,0,3,3
Lijndia,0,3,3
Lijndrina,0,3,3
Lijneke,0,3,3
Lijnes,3,0,3
Lijnette,0,3,3
Lijnia,0,3,3
Lijnis,3,0,3
Lijno,3,0,3
Lijns,3,0,3
Lijntje-Dingena,0,3,3
Lijntje-Maria,0,3,3
Lijnus,3,0,3
Lijo,3,0,3
Lijohnda,0,3,3
Lijonara,0,3,3
Lijonard,3,0,3
Lijoni,0,3,3
Lijphard,3,0,3
Lijra,0,3,3
Lijsa,0,3,3
Lijsbartus,3,0,3
Lijsberthus,3,0,3
Lijsen,0,3,3
Lijster-Lidewij,0,3,3
Lijtafari,3,0,3
Lijvaja,0,3,3
Lijvie,0,3,3
Lijviënna,0,3,3
Lijwe,3,0,3
Lijza,0,3,3
Lijzias,3,0,3
Lik-Fung,3,0,3
Lik-Sang,3,0,3
Likapa,0,3,3
Likaya,0,3,3
Likayly,0,3,3
Likeisha,0,3,3
Likel,3,0,3
Likeles,3,0,3
Likeno,3,0,3
Likento,3,0,3
Likerija,0,3,3
Likini,3,0,3
Likisha,0,3,3
Likram,0,3,3
Likumbi,0,3,3
Lil-Driona,0,3,3
Lila-Debie,0,3,3
Lila-Ivy,0,3,3
Lila-Jolie,0,3,3
Lila-Lux,0,3,3
Lila-Lybelle,0,3,3
Lila-Mae,0,3,3
Lila-Roos,0,3,3
Lila-Rosa,0,3,3
Lila-Rose,0,3,3
Lilabeth,0,3,3
Lilac,0,3,3
Liladee,0,3,3
Liladevie,0,3,3
Liladhara,3,0,3
Lílah,0,3,3
Lilahnee,0,3,3
Lilai,0,3,3
Lilaida,0,3,3
Lilaisa,0,3,3
Lilaiza,0,3,3
Lilakoemari,0,3,3
Lilanie,0,3,3
Lilanne,0,3,3
Lilanthy,0,3,3
Lilaw,0,3,3
Lilawati,0,3,3
Lilaz,0,3,3
Lilbosch,0,3,3
Líle,0,3,3
Lilean,0,3,3
Lileanne,0,3,3
Lilee,0,3,3
Lilet,0,3,3
Lilhana,0,3,3
Lili-An,0,3,3
Lili-an,0,3,3
Lili-ann,0,3,3
Lili-bo,0,3,3
Lili-Bo,0,3,3
Lili-Camila,0,3,3
Lili-Jana,0,3,3
Lili-Louise,0,3,3
Lili-Marjan,0,3,3
Lili-Marlene,0,3,3
Lili-Rose,0,3,3
Lili-Yo,0,3,3
Lília,0,3,3
Lilia-Helena,0,3,3
Liliac,0,3,3
Lilian-Leone,0,3,3
Lilian-Rose,0,3,3
Lilian-Sophia,0,3,3
Liliané,0,3,3
Liliang,0,3,3
Lilianh,0,3,3
Liliani,0,3,3
Lilianie,0,3,3
Lilianis,0,3,3
Liliann,0,3,3
Lilianne-Petra,0,3,3
Lilianno,0,3,3
Lilianny,0,3,3
Liliano,3,0,3
Lilianova,0,3,3
Lilianti,0,3,3
Lilias,0,3,3
Liliaya,0,3,3
Liliaza,0,3,3
Liliaze,0,3,3
Lilibet,0,3,3
Lilican,0,3,3
Liliean,0,3,3
Lilieën,0,3,3
Lilièn,0,3,3
Lilienne,0,3,3
Liliènne,0,3,3
Liliënne,0,3,3
Lilies,0,3,3
Lilih,3,0,3
Liliha,0,3,3
Lilijanne,0,3,3
Lilik,0,3,3
Lilina,0,3,3
Liling,0,3,3
Liliose,0,3,3
Lilir,0,3,3
Lilisa,0,3,3
Lilith-Leigh,0,3,3
Lilitu,0,3,3
Liljana-Margaretha,0,3,3
Lilje,0,3,3
Lilla-Rose,0,3,3
Lillaan,0,3,3
Lillana,0,3,3
Lillanie,0,3,3
Lillanne,0,3,3
Lillany,0,3,3
Lillay,3,0,3
Lillemaj,0,3,3
Lillemôr,0,3,3
Lilley-Mae,0,3,3
Lilli-Jolie,0,3,3
Lilliah,0,3,3
Lilliam,0,3,3
Lilliam-Lina,0,3,3
Lilliàn,0,3,3
Lillian-Charlotte,0,3,3
Lillian-Joy,0,3,3
Lilliáná,0,3,3
Lilliandil,0,3,3
Lillianna,0,3,3
Lilliano,3,0,3
Lillianthy,0,3,3
Lilliën,0,3,3
Lillièn,0,3,3
Lillijam,0,3,3
Lillijan,0,3,3
Lillik,3,0,3
Lillilotte,0,3,3
Lillimor,0,3,3
Lillimore,0,3,3
Lilliomy,3,0,3
Lilliya,0,3,3
Lilliyam,0,3,3
Lilliyin,0,3,3
Lillooet,0,3,3
Lilluja,0,3,3
Lilly-Alice,0,3,3
Lilly-Belle,0,3,3
Lilly-Dean,0,3,3
Lilly-Fay,0,3,3
Lilly-Faye,0,3,3
Lilly-Felina,0,3,3
Lilly-Isabel,0,3,3
Lilly-Ivy,0,3,3
Lilly-Jae,0,3,3
Lilly-Jo,0,3,3
Lilly-Jolene,0,3,3
Lilly-Jolie,0,3,3
Lilly-Laurèn,0,3,3
Lilly-Lizz,0,3,3
Lilly-Lotte,0,3,3
Lilly-Lou,0,3,3
Lilly-Màe,0,3,3
Lilly-Maj,0,3,3
Lilly-Maria,0,3,3
Lilly-Marie,0,3,3
Lilly-Michelle,0,3,3
Lilly-Moen,0,3,3
Lilly-Noë,0,3,3
Lilly-Nora,0,3,3
Lilly-Nova,0,3,3
Lilly-Phylou,0,3,3
Lilly-ray,0,3,3
Lilly-Roos,0,3,3
Lilly-Sky,0,3,3
Lilly-skye,0,3,3
Lilly-Sophie,0,3,3
Lilly-Zoë,0,3,3
Lillyanne,0,3,3
Lillyella,0,3,3
Lillyiana,0,3,3
Lillyjade,0,3,3
Lillymae,0,3,3
Lillymarleen,0,3,3
LillyMay,0,3,3
Lillywhite,0,3,3
Lilóe,0,3,3
Liloesca,0,3,3
Lilondra,0,3,3
Lilot,0,3,3
Liloy,0,3,3
Lils,0,3,3
Liltitsia,0,3,3
Liluye,0,3,3
Lilwa,0,3,3
Lily'ann,0,3,3
Lily-Am,0,3,3
Lily-ann,0,3,3
Lily-Anna,0,3,3
Lily-Bella,0,3,3
Lily-Beth,0,3,3
Lily-Charice,0,3,3
Lily-Elisabeth,0,3,3
Lily-Elsa,0,3,3
Lily-Fleur,0,3,3
Lily-Frank,0,3,3
Lily-Grace,0,3,3
Lily-Hélène,0,3,3
Lily-Iris,0,3,3
Lily-Ivy,0,3,3
Lily-Jade,0,3,3
Lily-Jeane,0,3,3
Lily-Jo,0,3,3
Lily-Kate,0,3,3
Lily-Louise,0,3,3
Lily-Marilyn,0,3,3
Lily-Melief,0,3,3
Lily-Merlijn,0,3,3
Lily-Nova,0,3,3
Lily-Philou,0,3,3
Lily-Rae,0,3,3
Lily-Rosa,0,3,3
Lily-Sky,0,3,3
Lily-Su,0,3,3
Lily-Zara,0,3,3
Lilyamee,0,3,3
LilyAnne,0,3,3
Lilyanova,0,3,3
Lilyarose,0,3,3
Lilyberthe,0,3,3
Lilybeth,0,3,3
Lilybright,0,3,3
Lilyca,0,3,3
Lilyen,0,3,3
Lilyfay,0,3,3
Lilyian,0,3,3
Lilyjan,0,3,3
Lilyjana,0,3,3
Lilymay,0,3,3
Lilyt,0,3,3
Lilywhite,0,3,3
Lim-Chi,3,0,3
Lim-Pin,0,3,3
Lim-Sen,3,0,3
Lim-Yan,0,3,3
Lim-Yee,0,3,3
Lima-Siënna,0,3,3
Limaar,0,3,3
Limae,0,3,3
Limaënne,0,3,3
Limaira,0,3,3
Limairo,3,0,3
Limalh,3,0,3
Limamou,3,0,3
Limanah,0,3,3
Limancy,0,3,3
Limandani,3,0,3
Limani,0,3,3
Limanmela,3,0,3
Limano,3,0,3
Limardo,3,0,3
Limaro,3,0,3
Limata,0,3,3
Limayla,0,3,3
Limaysa,0,3,3
Limbaya,0,3,3
Limbert,3,0,3
Limbertus,3,0,3
Limboe,3,0,3
Limbrecht,0,3,3
Limburg,3,0,3
Limdie,0,3,3
Limé,0,3,3
Lime,0,3,3
Limeck,3,0,3
Limee,0,3,3
Limène,0,3,3
Limeni,0,3,3
Limi,0,3,3
Limin,3,0,3
Lìmíng,3,0,3
Liminus,3,0,3
Limka,0,3,3
Limke-Lot,0,3,3
Limko,3,0,3
Limma,0,3,3
Limmara,0,3,3
Limmie,0,3,3
Limon,0,3,3
Limona-Liya,0,3,3
Limonka,0,3,3
Limora,0,3,3
Limpema,3,0,3
Limpho,0,3,3
Limpiao,3,0,3
Limsie,0,3,3
Limuel,3,0,3
Limwell,3,0,3
Lin-Bo,3,0,3
Lin-cey,0,3,3
Lin-Don,3,0,3
Lin-Lay,0,3,3
Lin-Louise,0,3,3
Lin-sy,0,3,3
Lin-Xiang,3,0,3
Lin-Xin,3,0,3
Lin-Yuè,0,3,3
Linã,0,3,3
Lïna,0,3,3
Lina-Avélie,0,3,3
Lina-Dae,0,3,3
Lina-Fré,0,3,3
Lina-Jantje,0,3,3
Lina-Jo,0,3,3
Lina-Maria,0,3,3
Lina-Nora,0,3,3
Lina-Rica,0,3,3
Lina-Roos,0,3,3
Linaeus,3,0,3
Linaica,0,3,3
Linaida,0,3,3
Linaidley,0,3,3
Linaika,0,3,3
Linailey,0,3,3
Linairo,3,0,3
Linaisa,0,3,3
Linaishley,0,3,3
Linaishya,0,3,3
Linaistica,0,3,3
Linaiyrah,0,3,3
Linamar,0,3,3
Linanja,0,3,3
Linardina,0,3,3
Linart,3,0,3
Linat,0,3,3
Linav,0,3,3
Linayro,3,0,3
Linaysa,0,3,3
Linber,3,0,3
Linbi,0,3,3
Linca,3,0,3
Linchainey,0,3,3
Lincharo,3,0,3
Linchomar,3,0,3
Linchór,3,0,3
Lincio,0,3,3
Lincohn,3,0,3
Línda,0,3,3
Linda-Afra,0,3,3
Linda-Ann,0,3,3
Linda-Daniëlle,0,3,3
Linda-Elisabeth,0,3,3
Linda-Ellen,0,3,3
Linda-Fiona,0,3,3
Linda-Flor,0,3,3
Linda-Irene,0,3,3
Linda-Isabella,0,3,3
Linda-Jill,0,3,3
Linda-Jo,0,3,3
Linda-Joy,0,3,3
Linda-Karen,0,3,3
Linda-Karin,0,3,3
Linda-Lee,0,3,3
Linda-Lin-Ling,0,3,3
Linda-Louise,0,3,3
Linda-Mae,0,3,3
Linda-Maisha,0,3,3
Linda-Malu,0,3,3
Linda-Maria,0,3,3
Linda-Marijtje,0,3,3
Linda-Nicolette,0,3,3
Linda-Oana,0,3,3
Linda-Rose,0,3,3
Lindaa,0,3,3
Lindaci,0,3,3
Lindah,0,3,3
Lindaisa,0,3,3
Lindalia,0,3,3
Lindalij,0,3,3
Lindalva,0,3,3
Lindanette,0,3,3
Lindaniza,0,3,3
Lindar,3,0,3
Lindaraxa,0,3,3
Lindari,3,0,3
Lindarie,0,3,3
Lindarto,0,3,3
Linde-Elise,0,3,3
Linde-Esmay,0,3,3
Linde-Irisa,0,3,3
Linde-Jasmijn,0,3,3
Linde-Kee,0,3,3
Linde-Louise,0,3,3
Linde-Mare,0,3,3
Linde-Maria,0,3,3
Linde-Marijn,0,3,3
Linde-Olivia,0,3,3
Lindelivia,0,3,3
Lindella,0,3,3
Lindeloes,0,3,3
Lindelot,0,3,3
Lindemar,3,0,3
Lindemarie,0,3,3
Lindemarijn,0,3,3
Linden-Clay,3,0,3
Linderdine,0,3,3
Lindertje,0,3,3
Lindesay,0,3,3
Lindfort,3,0,3
Lindgerd,0,3,3
Lindha,0,3,3
Lindhé,0,3,3
Lindhe,0,3,3
Lindhy,0,3,3
Lindi-Ellen,0,3,3
Lindiana,0,3,3
Lindiëlle,0,3,3
Lindijana,0,3,3
Lindinha,0,3,3
Lindinja,0,3,3
Lindinya,0,3,3
Lindisfarne,3,0,3
Lindiwé,0,3,3
Lindjusette,0,3,3
Lindka,0,3,3
Lindokukle,0,3,3
Lindomarr,3,0,3
Lindorm,3,0,3
Lindra,0,3,3
Lindrien,3,0,3
Lindrit,3,0,3
Lindro,3,0,3
Lindromar,3,0,3
Lindsaij,0,3,3
Lindsay-Lynn,0,3,3
Lindsay-Samantha,0,3,3
Lindsay-Yoanne,0,3,3
Lindsaya,0,3,3
Lindschel,0,3,3
Lindsey-Ann,0,3,3
Lindsey-Jane,0,3,3
Lindsey-Ley,0,3,3
Lindsey-Lynn,0,3,3
Lindsey-Michelle,0,3,3
Lindsie,0,3,3
Lindske,0,3,3
Lindsley,3,0,3
Lindton,3,0,3
Linduska,0,3,3
Lindvort,3,0,3
Lindwina,0,3,3
Lindy-Angel,0,3,3
Lindy-Anne,0,3,3
Lindy-Marie,0,3,3
Lindyanne,0,3,3
Lindyano,3,0,3
Lindylou,0,3,3
Lindyse,0,3,3
Lindzey,0,3,3
Lïne,0,3,3
Line-Inouk,0,3,3
Line-Lies,0,3,3
Line-Sofie,0,3,3
Linéa,0,3,3
Lineanne,0,3,3
Linée,0,3,3
Linee,0,3,3
Lineer,3,0,3
Lineesa,0,3,3
Lineira,0,3,3
Linelle,0,3,3
Linelot,0,3,3
Linemayran,0,3,3
Linenta,0,3,3
Linéo,3,0,3
Lines,3,0,3
Linese,0,3,3
Linete,0,3,3
Lineth,0,3,3
Linetha,0,3,3
Linett,0,3,3
Lineya,0,3,3
Lineyah,0,3,3
Linfa,0,3,3
Linfee,0,3,3
Linfield,3,0,3
Linfri,0,3,3
Ling-Fa,3,0,3
Ling-fong,3,0,3
Ling-Hao,3,0,3
Ling-Lan,0,3,3
Ling-Mei,0,3,3
Ling-Sàm,0,3,3
Ling-Si,0,3,3
Ling-Xia,0,3,3
Ling-Yun,0,3,3
Ling-Zhen,3,0,3
Lingani,0,3,3
Lingao,3,0,3
Lingdi,3,0,3
Lingfen,0,3,3
Linggajoni,0,3,3
Linggoh,3,0,3
Linggom,3,0,3
Lingin,3,0,3
Lingja,0,3,3
Lingjia,0,3,3
Lingkan,3,0,3
Lingkesan,3,0,3
Lingli,0,3,3
Lingly,0,3,3
Lingmonda,0,3,3
Lingnio,0,3,3
Lingomar,3,0,3
Lingshu,3,0,3
Lingwei,0,3,3
Lingyun,3,0,3
Linh-An,0,3,3
Linh-Ân-Lê,3,0,3
Linh-Anna,0,3,3
Linh-Dan,0,3,3
Linh-Hien,0,3,3
Linh-Juana,0,3,3
Linh-Mei,0,3,3
Linh-Nhi,0,3,3
Linhao,3,0,3
Linhart,3,0,3
Linhel,3,0,3
Liniana,0,3,3
Liniandra,0,3,3
Liniël,3,0,3
Linienke,0,3,3
Linisha,0,3,3
Linizio,3,0,3
Linjo,0,3,3
Linkford,3,0,3
Linlada,0,3,3
Linma,0,3,3
Linn-Kiona,0,3,3
Linn-Linn,0,3,3
Linn-Turid,0,3,3
Linna-Bo,0,3,3
Linna-Lillian,0,3,3
Linnaé,0,3,3
Linnah,0,3,3
Linnar,3,0,3
Linnas,0,3,3
Linnden,3,0,3
Linne-Bo,0,3,3
Linne-Lou,0,3,3
Linne-Roos,0,3,3
Linne-Vae,0,3,3
Linneth,0,3,3
Linnett,0,3,3
Linney,0,3,3
Linni,0,3,3
Linnit,0,3,3
Linnith,0,3,3
Linnora,0,3,3
Líno,3,0,3
Linoa,0,3,3
Linoah,0,3,3
Linoah-Stella,0,3,3
Linoe,0,3,3
Linoes,0,3,3
Linoïah,0,3,3
Linoira,0,3,3
Linola,0,3,3
Linolda,0,3,3
Linong,0,3,3
Linoortje,0,3,3
Linori,3,0,3
Linoria,0,3,3
Linquendo,3,0,3
Linquinda,0,3,3
Linra,0,3,3
Linria,0,3,3
Linrun,0,3,3
Linseij,0,3,3
Linsey-Ann,0,3,3
Linshently,3,0,3
Linsiara,0,3,3
Linsine,0,3,3
Linske-rosalie,0,3,3
Linsly,0,3,3
Linssana,0,3,3
Linta,0,3,3
Lintan,0,3,3
Lintano,3,0,3
Linthé,0,3,3
Lintjee,0,3,3
Lintonia,0,3,3
Lintu,3,0,3
Linty,0,3,3
Lintzy,0,3,3
Linucia,0,3,3
Linuz,3,0,3
Linva,0,3,3
Linvall,3,0,3
Linvi,0,3,3
Linward,3,0,3
Linyan,0,3,3
Linyante,0,3,3
Linyí,0,3,3
Linyi,0,3,3
Linyola,0,3,3
Linyro,3,0,3
Linyüfan,3,0,3
Linzhehan,3,0,3
Linzheqi,3,0,3
Linzhi,0,3,3
Linzhuonan,0,3,3
Linzina,0,3,3
Lio-Jolie,0,3,3
Lioa,0,3,3
Lioda,0,3,3
Lioe-Fee,0,3,3
Lioe-Ngie,3,0,3
Lioe-Ting,0,3,3
Lioen,3,0,3
Lioengie,3,0,3
Lióh,3,0,3
Lioh,3,0,3
Liojé,0,3,3
Liomairo,3,0,3
Liomi,0,3,3
Liön,3,0,3
Liön-ley,0,3,3
Lion-Murwien,3,0,3
Lion-Raphaël,3,0,3
Lióna,0,3,3
Lionah,0,3,3
Lionahr,0,3,3
Lionaisha,0,3,3
Lionaiza,0,3,3
Lionanda,0,3,3
Lionara,0,3,3
Lionard,3,0,3
Lionarda,0,3,3
Lionceau,3,0,3
Lióne,0,3,3
Lionecia,0,3,3
Lioneel,3,0,3
Lionèl,3,0,3
Lionél,3,0,3
Lionël,3,0,3
Líonel,3,0,3
Lionel-Gaynor,3,0,3
Lionel-Jay,3,0,3
Lionela,0,3,3
Lionelisa,0,3,3
Lionelisson,3,0,3
Lionelly,0,3,3
Lionelrichi,3,0,3
Liones,0,3,3
Lionessa,0,3,3
Lionette,0,3,3
Lioney,0,3,3
Liongy,3,0,3
Lionheart,3,0,3
Lionich,3,0,3
Lionick,3,0,3
Lioninha,0,3,3
Lionique,0,3,3
Lionisha,0,3,3
Lionisio,3,0,3
Lionna,0,3,3
Lïonna,0,3,3
Lionni,0,3,3
Lionny,0,3,3
Lionofjuda,0,3,3
Lionon,3,0,3
Lionor,0,3,3
Lionora,0,3,3
Lionorah,0,3,3
Lionson,3,0,3
Liontina,0,3,3
Lióny,0,3,3
Lionya,0,3,3
Lionysa,0,3,3
Lionzo,3,0,3
Liór,0,3,3
Líor,0,3,3
Lìor,0,3,3
Lioredan,3,0,3
Lioroy,3,0,3
Liosa,0,3,3
Lioshanteny,0,3,3
Liot,3,0,3
Liouae,3,0,3
Liouwe,3,0,3
Lioyd,3,0,3
Lioza,0,3,3
Lipari,0,3,3
Lipasa,0,3,3
Liphana,0,3,3
Liphania,0,3,3
Liphard,3,0,3
Liphina,0,3,3
Liphney,0,3,3
Lipika,0,3,3
Lipin,0,3,3
Lipjen,0,3,3
Lipkina,0,3,3
Lipko,3,0,3
Lippediena,0,3,3
Lippes,3,0,3
Lippy,0,3,3
Lips,3,0,3
Liptje,0,3,3
Lipurna,3,0,3
Liqa,0,3,3
Liqian,3,0,3
Liquaen,3,0,3
Liquan,3,0,3
Liquando,3,0,3
Liqunda,0,3,3
Liraina,0,3,3
Liraiza,0,3,3
Lirak,3,0,3
Liranda,0,3,3
Lirandall,3,0,3
Lirayén,0,3,3
Lireina,0,3,3
Lirejea,0,3,3
Lirelda,0,3,3
Lirene,0,3,3
Lirette,0,3,3
Lirialy,0,3,3
Lirian,0,3,3
Liriandro,3,0,3
Liriano,3,0,3
Lirica,0,3,3
Liriel,0,3,3
Lirija,0,3,3
Lirijê,0,3,3
Lirios,0,3,3
Lirit,0,3,3
Lirjon,3,0,3
Lirjona,0,3,3
Lirne,0,3,3
Lirneashaily,0,3,3
Liroja,3,0,3
Lirón,3,0,3
Lirong,3,0,3
Lironne,0,3,3
Lirry,3,0,3
Lirunyang,3,0,3
Lirunyue,0,3,3
Lirursjka,0,3,3
Lirya,0,3,3
Liryanne,0,3,3
lisa,0,3,3
Lîsa,0,3,3
Lisa'Raye,0,3,3
Lisa-Aimee,0,3,3
Lisa-Alba,0,3,3
Lisa-Amber,0,3,3
Lisa-An,0,3,3
Lisa-Andrea,0,3,3
Lisa-Anna,0,3,3
Lisa-Beth,0,3,3
Lisa-Bo,0,3,3
Lisa-Carine,0,3,3
Lisa-Celine,0,3,3
Lisa-Daimy,0,3,3
Lisa-Fay,0,3,3
Lisa-Indira,0,3,3
Lisa-Jade,0,3,3
Lisa-Jay,0,3,3
Lisa-Joëlle,0,3,3
Lisa-Jolie,0,3,3
Lisa-Joy,0,3,3
Lisa-June,0,3,3
Lisa-Kelly,0,3,3
Lisa-Laura,0,3,3
Lisa-Lee,0,3,3
Lisa-Lièn,0,3,3
Lisa-Lisely,0,3,3
Lisa-Lois,0,3,3
Lisa-Lore,0,3,3
Lisa-Lotta,0,3,3
Lisa-lotte,0,3,3
Lisa-mae,0,3,3
Lisa-maria,0,3,3
Lisa-Marianne,0,3,3
Lisa-marie,0,3,3
Lisa-Marij,0,3,3
Lisa-Marijne,0,3,3
Lisa-Marlous,0,3,3
Lisa-Michèle,0,3,3
Lisa-Mies,0,3,3
Lisa-Milou,0,3,3
Lisa-n,0,3,3
Lisa-Nicole,0,3,3
Lisa-Noëlle,0,3,3
Lisa-Rae,0,3,3
Lisa-Raye,0,3,3
Lisa-Rina,0,3,3
Lisa-Sharellee,0,3,3
Lisa-Sonja,0,3,3
Lisa-Thelma,0,3,3
Lisa-Valerie,0,3,3
Lisa-Veronique,0,3,3
Lisa-Willemijn,0,3,3
Lisabeau,0,3,3
Lisabetta,0,3,3
Lisabette,0,3,3
Lisah-Esmee,0,3,3
Lisaida,0,3,3
Lisaine,0,3,3
Lisaïra,0,3,3
Lisaiyra,0,3,3
Lisaiyrah,0,3,3
Lisajanna,0,3,3
Lisalara,0,3,3
Lisaldo,3,0,3
Lisalette,0,3,3
Lisalie,0,3,3
Lisalon,0,3,3
Lisalota,0,3,3
Lisalote,0,3,3
Lisaloth,0,3,3
Lisalotje,0,3,3
Lisalou,0,3,3
Lisamar,3,0,3
Lisamaria,0,3,3
Lisambi,0,3,3
Lisamé,0,3,3
Lisamien,0,3,3
Lisan-Elise,0,3,3
Lisan-Majorie,0,3,3
Lisàna,0,3,3
Lisanddin,3,0,3
Lisandër,3,0,3
Lisandi,0,3,3
Lisandia,0,3,3
Lisändra,0,3,3
Lisandrea,0,3,3
Lisandrio,3,0,3
Lisangêla,0,3,3
Lisanke,0,3,3
LisAnna,0,3,3
Lisanne-Sophie,0,3,3
Lisano,3,0,3
Lisanoa,0,3,3
Lisanoor,0,3,3
Lisanta,0,3,3
Lisantha,3,0,3
Lisantoni,3,0,3
Lisany,0,3,3
Lisarah,0,3,3
Lisardus,3,0,3
Lisari,0,3,3
Lisart,3,0,3
Lisaso,3,0,3
Lisauke,0,3,3
Lisaury,0,3,3
Lisaveere,0,3,3
Lisavetta,0,3,3
Lisavette,0,3,3
Lisaye,0,3,3
Lisbel,0,3,3
Lisbetto,3,0,3
Lisbon,0,3,3
Lisbonne,0,3,3
Liscate,0,3,3
Lischabeth,0,3,3
Lischaila,0,3,3
Lischana,0,3,3
Lischia,0,3,3
Lischinka,0,3,3
Lischka,0,3,3
Lischkje,0,3,3
Liscilla,0,3,3
Lisck-Marije,0,3,3
Lisdana,0,3,3
Lisdely,0,3,3
Lïse,0,3,3
Lisé,0,3,3
Lise-Ann,0,3,3
Lise-Anne-Jet,0,3,3
Lise-Daniëlle,0,3,3
Lise-Fynn,0,3,3
Lise-Janna,0,3,3
Lise-Lore,0,3,3
Lise-Lot,0,3,3
Lise-lot,0,3,3
Lise-lott,0,3,3
Lise-Lott,0,3,3
Lise-lotte,0,3,3
Lise-Lou,0,3,3
Lise-Marianne,0,3,3
Lise-marie,0,3,3
Lise-Mette,0,3,3
Lise-Nouk,0,3,3
Lise-Pip,0,3,3
Lise-Sofi,0,3,3
Lise-Vera,0,3,3
Liseana,0,3,3
Liseanna,0,3,3
Liseanne,0,3,3
Lisebelle,0,3,3
Lisebertha,3,0,3
Liseberthus,3,0,3
Lisebeth-Katherina,0,3,3
Lisebetha,0,3,3
Lised,0,3,3
Liseija,0,3,3
Liseira,0,3,3
Lisela,3,0,3
Liselein,0,3,3
Liselene,0,3,3
Liselet,0,3,3
Liseletta,0,3,3
Liselie,0,3,3
Liselien,0,3,3
Liselinde,0,3,3
Lisellotte,3,0,3
Liseloor,0,3,3
Liselore-Roosmarijn,0,3,3
Liseloth,0,3,3
Liselotte-Fleur,0,3,3
Liselotte-Jantine,0,3,3
Liselotte-Sophie,0,3,3
Liselotthe,0,3,3
Liselou,0,3,3
Liselune,0,3,3
Liselyne,0,3,3
Lisemée,0,3,3
Lisenca,0,3,3
Lisendy,0,3,3
Lisenka-Rhea,0,3,3
Lisenke,0,3,3
Lisenna,0,3,3
Lisentny,0,3,3
Liseo,3,0,3
Liseon,0,3,3
Liseppe,3,0,3
Lisèr,3,0,3
Liserieke,0,3,3
Liseriò,3,0,3
Lisetha,0,3,3
Lisethje,0,3,3
Lisètte,0,3,3
Lisette-Anne,0,3,3
Lisette-Maria,0,3,3
Lisetty,0,3,3
Lisgimaengely,0,3,3
Lish,0,3,3
Lishaentely,0,3,3
Lishai,0,3,3
Lishaidah,0,3,3
Lishaidey,0,3,3
Lishaila,0,3,3
Lishaineley,0,3,3
Lishainey,0,3,3
Lishaino,3,0,3
Lishainy,0,3,3
Lishaïra,0,3,3
Lishaïro,3,0,3
Lishairyson,3,0,3
Lishani,0,3,3
Lishano,3,0,3
Lishanta,0,3,3
Lishanthi,0,3,3
Lishany,0,3,3
Lishanyra,0,3,3
Lishara,0,3,3
Lishardo,3,0,3
Lisharo,3,0,3
Lishawna,0,3,3
Lishay,0,3,3
Lishayda,0,3,3
Lishaydriëanno,3,0,3
Lishayna,0,3,3
Lishaynã,0,3,3
Lishayro,3,0,3
Lishayvey,0,3,3
Lishell,0,3,3
Lishella,0,3,3
Lishëlle,0,3,3
Lishelle,0,3,3
Lishendra,0,3,3
Lishenia,0,3,3
Lishently,3,0,3
Lishéntly,0,3,3
Lishia,0,3,3
Lishiano,3,0,3
Lishona,0,3,3
Lishunairo,3,0,3
Lishvanth,3,0,3
Lishynell,3,0,3
Lisian,3,0,3
Lisiandro,3,0,3
Lisiane,0,3,3
Lisiangely,0,3,3
Lisiano,3,0,3
Lisianthus,0,3,3
Lisiara,0,3,3
Lisichelsy,0,3,3
Lisiena,0,3,3
Lisiënly,0,3,3
Lisinde,0,3,3
Lisine,0,3,3
Lisita,0,3,3
Lisiviën,0,3,3
Lisiyah,0,3,3
Lisja,0,3,3
Lisjana,0,3,3
Lisjelly,0,3,3
Lisjeylie,0,3,3
Liskine,0,3,3
Lislet,3,0,3
Lislotte,0,3,3
Lismaira,0,3,3
Lismarie,0,3,3
Lismaris,0,3,3
Lismary,0,3,3
Lismayra,0,3,3
Lismayry,0,3,3
Lisnaenih,0,3,3
Lisny,0,3,3
Liso,3,0,3
Lisobette,0,3,3
Lisois,3,0,3
Lisolette,0,3,3
Lisong,0,3,3
Lisouk,0,3,3
Lispier,0,3,3
Lisra,0,3,3
Lissa-anne,0,3,3
Lissa-Lynn,0,3,3
Lissah,0,3,3
Lissaidy,0,3,3
Lissaija,0,3,3
Lissaira,0,3,3
Lissan,0,3,3
Lissanlli,0,3,3
Lissanlly,0,3,3
Lissanna,0,3,3
Lissano,3,0,3
Lissany,0,3,3
Lissaura,0,3,3
Lissayme,0,3,3
Lisselore,0,3,3
Lisselot,0,3,3
Lisseloth,0,3,3
Lisselou,0,3,3
Lissika,0,3,3
Lissita,0,3,3
Lissius,3,0,3
Lissony,0,3,3
Lissy-Amy,0,3,3
Lissy-Anne,0,3,3
Lissy-Bo,0,3,3
Lissy-Jo,0,3,3
Lissyanne,0,3,3
Lister,3,0,3
Listér,3,0,3
Listera,0,3,3
Listianie,0,3,3
Lisuely,0,3,3
Lisuer,3,0,3
Lisyanne,0,3,3
Lisyna,0,3,3
Lisyrah,0,3,3
Liszalotte,0,3,3
Liszie,0,3,3
Litadebie,0,3,3
Litah,0,3,3
Litainqia,0,3,3
Litana,0,3,3
Litani,0,3,3
Litanio,3,0,3
Litano,3,0,3
Litchi,0,3,3
Litence,0,3,3
Litencio,3,0,3
Litenia,0,3,3
Litenne,0,3,3
Litess,0,3,3
Litesse,0,3,3
Lithe,0,3,3
Litherecia,0,3,3
Lithgow,3,0,3
Litho,3,0,3
Lithona,0,3,3
Lithophany,0,3,3
Lithursha,0,3,3
Lithza,0,3,3
Litiána,0,3,3
Lititsha,0,3,3
Lititska,0,3,3
Litjoe,0,3,3
Litmar,3,0,3
Litó,0,3,3
Litoef,0,3,3
Litrik,3,0,3
Littal,0,3,3
Litte,0,3,3
Litterail,3,0,3
Littheny,0,3,3
Littius,3,0,3
Little,0,3,3
Little-Green,0,3,3
Littrel,3,0,3
Littrik,3,0,3
Lity,0,3,3
Litz,0,3,3
Litzana,0,3,3
Litzayani,0,3,3
Litzouw,0,3,3
Litzy,0,3,3
Liuba,0,3,3
Liubomir,3,0,3
Liubov,0,3,3
Liubovi,0,3,3
Liucija,0,3,3
Liud,3,0,3
Liudmila,0,3,3
Liudwina,0,3,3
Liugendrick,3,0,3
Liugina,0,3,3
Liujia,3,0,3
Liujiaai,0,3,3
Liujiaci,0,3,3
Liujiaen,3,0,3
Liujiaqi,3,0,3
Liujiawei,0,3,3
Liujie,3,0,3
Liuk,0,3,3
Liuleien,3,0,3
Liùniú,3,0,3
Liuntin,3,0,3
Lius,3,0,3
Liùsaidh,0,3,3
LiuTianchan,0,3,3
Liv-an,0,3,3
Liv-Ann,0,3,3
Liv-Ashley,0,3,3
Liv-Elysa,0,3,3
Liv-Evi,0,3,3
Liv-Grete,0,3,3
Liv-Harley,0,3,3
Liv-Ivy,0,3,3
Liv-Jolie,0,3,3
Liv-Jovita,0,3,3
Liv-Lily,0,3,3
Liv-Loïs,0,3,3
Liv-Lois,0,3,3
Liv-Loïsz,0,3,3
Liv-Lymée,0,3,3
Liv-Malin,0,3,3
Liv-Marith,0,3,3
Liv-Maritt,0,3,3
Liv-Medina,0,3,3
Liv-Océane,0,3,3
Liv-Sophie,0,3,3
Liv-Yvi,0,3,3
Líva,0,3,3
"Liva,",0,3,3
Liva-Joy,0,3,3
Liva-Linn,0,3,3
Liva-Rosalie,0,3,3
Livaci,0,3,3
Livadjo,3,0,3
Livady,0,3,3
Livae,0,3,3
Lívai,3,0,3
Livái,3,0,3
Livaï,3,0,3
Livaia,0,3,3
Livaida,0,3,3
Livaindro,3,0,3
Livaïny,0,3,3
Livaio,3,0,3
Livairen,3,0,3
Livajah,0,3,3
Livalotte,0,3,3
Livan-Su,3,0,3
Livanah,0,3,3
Livaneke,0,3,3
Livanidy,0,3,3
Livanio,3,0,3
Livanja,0,3,3
Livanka,0,3,3
Livanny,0,3,3
Livaño,3,0,3
Livanya,0,3,3
Livarius,3,0,3
Livay-Noxx,3,0,3
Livayah,0,3,3
Livaye,3,0,3
Livaynel,3,0,3
Livayo,3,0,3
Livayra,0,3,3
Livayren,3,0,3
Livaysho,3,0,3
Livée,0,3,3
Livein,0,3,3
Livelinio,3,0,3
Livelinjo,3,0,3
Livelle,0,3,3
Livello,0,3,3
Livelly,0,3,3
Lively-Dani,0,3,3
Livémyson,3,0,3
Livenchy,0,3,3
Livenda,0,3,3
Livendro,3,0,3
Livene,0,3,3
Livenjo,3,0,3
Livenn,0,3,3
Livenna,0,3,3
Livenshio,3,0,3
Livensy,3,0,3
Livenzo,3,0,3
Liveon,3,0,3
Livéra,0,3,3
Livero,3,0,3
Lives,3,0,3
Livetta,0,3,3
Lìvi,0,3,3
Livi-Leau,0,3,3
Livia-Mae,0,3,3
Livia-Marin,0,3,3
Livia-Rose,0,3,3
Liviah,0,3,3
Lìvian,0,3,3
Livianael,0,3,3
Livianca,0,3,3
Liviandra,0,3,3
Liviandro,3,0,3
Liviane,0,3,3
Livianna,0,3,3
Livianno,3,0,3
Liviany,0,3,3
Liviara,0,3,3
Liviena,0,3,3
Liviëndra,0,3,3
Liviene,0,3,3
Liviengely,0,3,3
Liviénna,0,3,3
Livigno,3,0,3
Livija,0,3,3
Livijne,0,3,3
Livilla,0,3,3
Livincio,3,0,3
Livingi,3,0,3
Liviñio,3,0,3
Livinne,3,0,3
Livinoy,3,0,3
Livinston,0,3,3
Livio-Luciano,3,0,3
Livio-Romano,3,0,3
Livita,0,3,3
Liviü,3,0,3
Livjencho,3,0,3
Livleen,0,3,3
Livly,0,3,3
Livn,3,0,3
Livnah,0,3,3
Livore,0,3,3
Livorino,3,0,3
Livorno,3,0,3
Livra,0,3,3
Livramente,0,3,3
Livv-Izzy,0,3,3
Livva,0,3,3
Livvely,0,3,3
Livven,3,0,3
Livvine,0,3,3
Livvy-Erkens,0,3,3
LivvyMay,0,3,3
Lìvy,0,3,3
Livyenne,0,3,3
Livyiahnah,0,3,3
Livyn,3,0,3
Livyne,0,3,3
Liw,0,3,3
Liwae,3,0,3
Liwald,3,0,3
Liwam,0,3,3
Liwar,3,0,3
Liway,0,3,3
Liwei,3,0,3
Liwen,3,0,3
Liwenda,0,3,3
Liwin,3,0,3
Liwinton,3,0,3
Liwonne,0,3,3
Liwur,3,0,3
Liwuru,3,0,3
Liwya,0,3,3
Lixandra,0,3,3
Lixi,0,3,3
Lixian,0,3,3
Lixiandro,3,0,3
Lixshawn,3,0,3
Lixzane,0,3,3
Liya'Maey,0,3,3
Liyaana,0,3,3
Liyad,3,0,3
Liyae,0,3,3
Liyah-Cataleya,0,3,3
Liyah-Jade,0,3,3
Liyah-Kimore,0,3,3
Liyah-Mae,0,3,3
Liyah-Rose,0,3,3
Liyahanim,0,3,3
Liyahna,0,3,3
Liyahnisha,0,3,3
Liyahno,3,0,3
Liyaihro,3,0,3
Liyaira,0,3,3
Lïyana,0,3,3
liyana,0,3,3
Liyana-Asia,0,3,3
Liyana-Naevea,0,3,3
Liyana-Rosa,0,3,3
Liyanaarachchige,0,3,3
Liyane,0,3,3
Liyani,0,3,3
Liyanie,0,3,3
Liyanke,0,3,3
Liyann,0,3,3
Liyanto,3,0,3
Liyanur,0,3,3
Liyao,3,0,3
Liyára,0,3,3
Liyat,0,3,3
Liyeana,0,3,3
Liyel,0,3,3
Liyèna,0,3,3
Liyènah,0,3,3
Liyenah,0,3,3
Liyendra,0,3,3
Liyeni,0,3,3
Liyenna-Elisabeth,0,3,3
Liyenne,0,3,3
Liyensa,0,3,3
Liyer,3,0,3
Liyes,3,0,3
Liyesara,0,3,3
Liyiwei,0,3,3
Liyo,3,0,3
Liyona,0,3,3
Liyoné,0,3,3
Liyonell,3,0,3
Liyonissa,0,3,3
Liyonna,0,3,3
Liyorah,0,3,3
Liyou,0,3,3
Liyue,3,0,3
Liyufikir,0,3,3
Liyuza,0,3,3
Liyya,0,3,3
liz,0,3,3
Liz-Ann,0,3,3
Liz-Farina,0,3,3
Liz-Joanne,0,3,3
Liz-Joy,0,3,3
Liz-Mae,0,3,3
Liz-mae,0,3,3
Liz-Sophie,0,3,3
Liza-Ann,0,3,3
Liza-Beth,0,3,3
Liza-Catharina,0,3,3
Liza-Dane,0,3,3
Liza-Dorina,0,3,3
Liza-Fien,0,3,3
Liza-Joy,0,3,3
Liza-Li,0,3,3
Liza-Linn,0,3,3
Liza-Loïs,0,3,3
Liza-Lotte,0,3,3
Liza-Marit,0,3,3
Liza-Marleen,0,3,3
Liza-Mary,0,3,3
Liza-Michelle,0,3,3
Liza-Milou,0,3,3
Lizaa,0,3,3
Lizabell,0,3,3
Lizabella,0,3,3
Lizabert,3,0,3
Lizabetha,0,3,3
Lizahja,0,3,3
Lizaida,0,3,3
Lizaima,0,3,3
Lizairo,3,0,3
Lizajet,0,3,3
Lizalot,0,3,3
Lizaly,0,3,3
Lizander,3,0,3
Lizandy,3,0,3
Lizanka,0,3,3
Lizanneke,0,3,3
Lizany,0,3,3
Lizard,3,0,3
Lizarjo,3,0,3
Lizarya,0,3,3
Lizaura,0,3,3
Lizaweta,0,3,3
Lizayro,3,0,3
Lizberte,0,3,3
Lizbet,0,3,3
Lizbeth-Joy,0,3,3
Lize-Ingrid,0,3,3
Lize-Lore,0,3,3
Lize-Lotje,0,3,3
Lize-Lott,0,3,3
Lize-Mare,0,3,3
Lize-Marlyn,0,3,3
Lize-Rheanne,0,3,3
Lize-Tine,0,3,3
Lizéa,0,3,3
Lizéah,0,3,3
Lizean,3,0,3
Lizeanne,0,3,3
Lizebert,3,0,3
Lizeberta,0,3,3
Lizebetha,0,3,3
Lizedoor,0,3,3
Lizée,0,3,3
Lizefien,3,0,3
Lizelijne,0,3,3
Lizella,0,3,3
Lizelora,0,3,3
Lizelotje,0,3,3
Lizelyn,0,3,3
Lizelynn,0,3,3
Lizemarie,0,3,3
Lizemijne,0,3,3
Lizendell,3,0,3
Lizenel,0,3,3
Lizenna,0,3,3
Lizenne,0,3,3
Lizenoor,0,3,3
Lizentley,3,0,3
Lizèny,3,0,3
Lizerya,0,3,3
Lizetha,0,3,3
Lizètta,0,3,3
Lizewil,0,3,3
Lizğe,0,3,3
Lizhana,0,3,3
Lizhanna,0,3,3
Lizharah,0,3,3
Lizharé,0,3,3
Liziah,0,3,3
Liziann,0,3,3
Liziano,3,0,3
Lizie-Anne,0,3,3
Lizinka,0,3,3
Lizitta,3,0,3
Lizjandra,0,3,3
Lizke,0,3,3
Lizlen,0,3,3
Lizlène,0,3,3
Lizmarie,0,3,3
Lizmary,0,3,3
Lizmée,0,3,3
Lizmer,3,0,3
Liznelys,0,3,3
Lizo,3,0,3
Lizoëy,0,3,3
Lizon,3,0,3
Lizona,0,3,3
Lizra,0,3,3
Lizsanne,0,3,3
Lizstar,3,0,3
Lizsy,0,3,3
Liztophe,0,3,3
Lizuely,0,3,3
Lizwetta,0,3,3
Lizz-ann,0,3,3
Lizz-May,0,3,3
Lizzà,0,3,3
Lizzaine,0,3,3
Lizzia,0,3,3
Lizzie-Madee,0,3,3
Lizzie-Meike,0,3,3
Lizzien,0,3,3
Lizzij,0,3,3
Lizzy-ann,0,3,3
Lizzy-Christina,0,3,3
Lizzy-Denise,0,3,3
Lizzy-Elin,0,3,3
Lizzy-Faye,0,3,3
Lizzy-José,0,3,3
Lizzy-Joy,0,3,3
Lizzy-Linn,0,3,3
Lizzy-Loïs,0,3,3
Lizzy-Lois,0,3,3
Lizzy-Lou,0,3,3
Lizzy-Lynn,0,3,3
Lizzy-Mae,0,3,3
Lizzy-Mary,0,3,3
Lizzy-May,0,3,3
Lizzy-Nelly,0,3,3
Lizzy-Roëlle,0,3,3
Lizzy-Sara,0,3,3
Lizzy-Skyler,0,3,3
Lizzy-Sophie,0,3,3
Lizzyantus,0,3,3
Lizzyenne,0,3,3
Ljalja,0,3,3
Ljamani,3,0,3
Ljana,0,3,3
Ljane,0,3,3
Ljeposava,0,3,3
Ljev,3,0,3
Ljevikus,3,0,3
Ljippe,3,0,3
LJJ,0,3,3
Ljoebka,0,3,3
Ljoebotsjka,0,3,3
Ljoebóv,0,3,3
Ljoebov,0,3,3
Ljoebov',0,3,3
Ljoedmilla,0,3,3
Ljós,0,3,3
LJP,0,3,3
Lju'viënna,0,3,3
Ljuben,3,0,3
Ljubi,0,3,3
Ljubioa,0,3,3
Ljubis,3,0,3
Ljubisha,3,0,3
Ljubislav,3,0,3
Ljubivoje,3,0,3
Ljubja,0,3,3
Ljubljana,0,3,3
Ljubo,3,0,3
Ljubodrag,3,0,3
Ljuboff,3,0,3
Ljubomira,0,3,3
Ljubov,0,3,3
Ljuda,0,3,3
Ljudmill,3,0,3
Ljüdmilla,0,3,3
Ljudmilla,3,0,3
Ljupka,0,3,3
Ljutvija,0,3,3
Ljuvan,3,0,3
Ljuyaja,0,3,3
LKH,0,3,3
Ll'Aurelia,0,3,3
Llahailey,0,3,3
Llalmar,3,0,3
Llamèna,0,3,3
Llamja,0,3,3
Llamye,0,3,3
LLan,3,0,3
LLana,0,3,3
Llanah,0,3,3
Lland,0,3,3
Llané,0,3,3
Llanero,3,0,3
Llaqta,3,0,3
Llara,0,3,3
Llaran,3,0,3
Llarissa,0,3,3
Llasmira,0,3,3
Llauro,3,0,3
Llayton,3,0,3
Llazar,3,0,3
Lle-noor,0,3,3
Lleane,3,0,3
Lleasent,0,3,3
Llegan,3,0,3
Lleir,3,0,3
Llenar,3,0,3
Llerena,0,3,3
Llerich,3,0,3
Llermo,3,0,3
Lleta,0,3,3
Llewalyn,3,0,3
Llewellin,3,0,3
LLewellyn,3,0,3
Llewellynn,3,0,3
Llewelyno,3,0,3
Llewlyn,3,0,3
Llewy,3,0,3
Lleyten,3,0,3
Lleythan,3,0,3
LLeyton,3,0,3
Llhande,0,3,3
Llino,3,0,3
Llion,3,0,3
Lliona,0,3,3
Llionel,3,0,3
Lliria,0,3,3
Lliyah,0,3,3
Lljitsj,3,0,3
LLM,0,3,3
Llodensia,0,3,3
Lloid,3,0,3
Lloïs,0,3,3
Llondon,0,3,3
Lloque,3,0,3
Llora,0,3,3
Lloraine,0,3,3
Llorenzo,3,0,3
Llorice,3,0,3
Lloris,3,0,3
Llorrente,0,3,3
Llouis,3,0,3
Llouwelyn,3,0,3
Llowayra,0,3,3
Lloy,3,0,3
Lloyc,3,0,3
Lloyce,0,3,3
Lloyd-Lee,3,0,3
Lloyd-Morris,3,0,3
Lloyd-Shemar,3,0,3
Lloyd-Winston,3,0,3
Lloydd,3,0,3
Lloyin,3,0,3
Lluena,0,3,3
Lluéngela,0,3,3
Lluit,3,0,3
Lluka,3,0,3
Lluvia-Mia,0,3,3
Lluvianca,0,3,3
Llwellyn,3,0,3
Llwyn,3,0,3
Llwywelyn,3,0,3
Llyan,3,0,3
Llyano,3,0,3
Llyndi,0,3,3
Llyon,3,0,3
Llywela,0,3,3
LMA,3,0,3
Lmadani,3,0,3
LMB,3,0,3
LMD,0,3,3
Lmearouf,3,0,3
Lmehdi,3,0,3
Lmekky,3,0,3
LMG,0,3,3
Lmiloed,3,0,3
LMM,3,0,3
Lmoustafa,3,0,3
LNM,3,0,3
Lnn,0,3,3
Lo'Ay,3,0,3
Lo'lani,0,3,3
Lo'vé,0,3,3
Lo-Aeny,0,3,3
Lo-ammi,0,3,3
Lo-an,0,3,3
Lo-anne,0,3,3
Lo-Anne,0,3,3
Lo-Arna,0,3,3
Lo-Fei,0,3,3
Lo-feyà,0,3,3
Lo-Isa,0,3,3
Lo-Lien,0,3,3
Lo-Ming,0,3,3
Lo-Rucháma,0,3,3
Lo-Ysa,0,3,3
Loa-Lise,0,3,3
Loa-Mae,0,3,3
Loa-njoe,3,0,3
Loadewyntsje,0,3,3
Loaï,3,0,3
Loaina,0,3,3
Loammi,3,0,3
Loamy,3,0,3
Loàn,0,3,3
Lóan,0,3,3
Loanian,3,0,3
Loanita,0,3,3
Loanna,0,3,3
Loans,3,0,3
Loarin,3,0,3
Loavé,0,3,3
Loáye,3,0,3
Loaye,3,0,3
Lóaz,3,0,3
Loaz,3,0,3
Lob,3,0,3
Loban,3,0,3
Lobberrig,0,3,3
Lobberthe,0,3,3
Lobby,0,3,3
Lobe,3,0,3
Lobean,3,0,3
Lobel,3,0,3
Loberwin,3,0,3
Lobetty,0,3,3
Lobin,3,0,3
Lobon,3,0,3
Lobrecht,3,0,3
Lobrekh,3,0,3
Lobrina,0,3,3
Loby,0,3,3
Locadia,0,3,3
Locan,3,0,3
Locandiera,0,3,3
Locane,3,0,3
Locardia,0,3,3
Lochamaro,3,0,3
Lochento,3,0,3
Lochim,3,0,3
Lochina,0,3,3
Lochinvar,3,0,3
Lochmann,0,3,3
Lochnaar,3,0,3
Lochyin,0,3,3
Loci,0,3,3
Locia,0,3,3
Locina,0,3,3
Lockadi,0,3,3
Lockart,3,0,3
Lockish,3,0,3
Locklear,3,0,3
Lockmen,3,0,3
Lockwood,3,0,3
Locmen,3,0,3
Lod,3,0,3
Lodabel,0,3,3
Lodáli,3,0,3
Lodamila,0,3,3
Loddy,3,0,3
Lodé,3,0,3
Lodee,0,3,3
Lodée,0,3,3
Lodeficus,3,0,3
Lodefikus,3,0,3
Lodefina,0,3,3
Lodeijck,3,0,3
Lodeis,3,0,3
Lodeke,0,3,3
Lodeloeka,0,3,3
Lodenilla,0,3,3
Loderieke,0,3,3
Loderina,0,3,3
Loderthina,0,3,3
Loderus,0,3,3
Lodette,0,3,3
Lodevic,3,0,3
Lodeviekus,3,0,3
Lodevikes,3,0,3
Lodevukus,3,0,3
Lodeweick,3,0,3
Lodewices,3,0,3
Lodewieca,0,3,3
Lodewiekse,3,0,3
Lodewien,0,3,3
Lodewieza,0,3,3
Lodewiga,0,3,3
Lodewij,0,3,3
Lodewijk-Alexander,3,0,3
Lodewijk-Jan,3,0,3
Lodewijkje,0,3,3
Lodewijn,0,3,3
Lodewijne,0,3,3
Lodewin,3,0,3
Lodewines,3,0,3
Lodewiza,0,3,3
Lodewy,0,3,3
Lodewycke,3,0,3
Lodey,3,0,3
Lodge,3,0,3
Lodhìn-Orion,3,0,3
Lodhy,3,0,3
Lodí,0,3,3
Lodiaan,3,0,3
Lodianne,0,3,3
Lodies,0,3,3
Lodij,0,3,3
Lodinio,3,0,3
Lodivica,0,3,3
Lodivika,0,3,3
Lodiwicus,3,0,3
Lödlow,3,0,3
Lodne,0,3,3
Lodoica,0,3,3
Lodolf,3,0,3
Lodovina,0,3,3
Lodowijk,3,0,3
Lodowijkus,3,0,3
Lodowikos,3,0,3
Lodrigo,0,3,3
Lodrik,3,0,3
Lodrika,0,3,3
Lodrina,0,3,3
Lodriquez,3,0,3
Lodrö,3,0,3
Lodt,3,0,3
Lodus,3,0,3
Loduvicis,3,0,3
Loduvik,3,0,3
Loduvocus,3,0,3
Loduwiek,3,0,3
Loduwiekus,3,0,3
Loduwykus,3,0,3
Lodwich,3,0,3
Lodya,0,3,3
Lodys,0,3,3
Lodz,0,3,3
Lodzia,0,3,3
Loe-Ann,0,3,3
Loeai,3,0,3
Loeana,0,3,3
Loeay,3,0,3
Loeayé,3,0,3
Loebe,3,0,3
Loechano,3,0,3
Loechenyra,0,3,3
Loeciano,3,0,3
Loecilia,0,3,3
Loecinda,0,3,3
Loeco,3,0,3
Loedairy,3,0,3
Loedi,0,3,3
Loedische,0,3,3
Loedmila,0,3,3
Loedmilja,0,3,3
Loedo,3,0,3
Loedowicus,3,0,3
Loeds,3,0,3
Loedwiech,3,0,3
Loedwig,3,0,3
Loedy,3,0,3
Loeëtte,0,3,3
Loeff,3,0,3
Loege,3,0,3
Loeginem,0,3,3
Loegito,3,0,3
Loeh,0,3,3
Loeha,0,3,3
Loehta,0,3,3
Loei,0,3,3
Loeij,3,0,3
Loeis,3,0,3
Loeïse,0,3,3
Loeishanna,0,3,3
Loeïz,0,3,3
Loeja,0,3,3
Loejayn,0,3,3
Loekemijn,0,3,3
Loeki-Loes,0,3,3
Loekito,3,0,3
Loekjan,3,0,3
Loekkeaw,3,0,3
Loekman,3,0,3
Loekmand,3,0,3
Loeks,0,3,3
Loeksi,0,3,3
Loelav,0,3,3
Loeleey,0,3,3
Loelia,0,3,3
Loëlla,0,3,3
Loena-Jileah,0,3,3
Loeng-Woen,3,0,3
Loenia,0,3,3
Loenie,0,3,3
Loepiz,3,0,3
Loepy,0,3,3
Loerdina,0,3,3
Loerdy,0,3,3
Loerien,0,3,3
Loerin,0,3,3
Loerina,0,3,3
Loërtha,0,3,3
Loes-Agatha,0,3,3
Loes-Anna,0,3,3
Loes-Maria,0,3,3
Loesaïda,0,3,3
Loescia,0,3,3
Loesciën,3,0,3
Loeselot,0,3,3
Loeselotte,0,3,3
Loesette,0,3,3
Loeshaino,3,0,3
Loeshandeely,0,3,3
Loesharda,0,3,3
Loeshay-Lee,0,3,3
Loeshendel,3,0,3
Loeshendley,3,0,3
Loesiana,0,3,3
Loesienke,0,3,3
Loesil,0,3,3
Loesinè,0,3,3
Loesja,0,3,3
Loesjan,3,0,3
Loesje-louise,0,3,3
Loesjka,0,3,3
Loesmarie,0,3,3
Loesmary,0,3,3
Loesmijn,0,3,3
Loessanne,0,3,3
Loesyl,0,3,3
Loèt,0,3,3
Loeta,0,3,3
Loeti,3,0,3
Loetianton,3,0,3
Loetie,3,0,3
Loetijem,0,3,3
Loetje-junior,3,0,3
Loetje-Sofia,0,3,3
Loette,3,0,3
Loëva,0,3,3
Loevano,3,0,3
Loevina,0,3,3
Loew,3,0,3
Loewam,0,3,3
Loewana,0,3,3
Loewanna,0,3,3
Loewé,0,3,3
Loewiek,3,0,3
Loewieke,3,0,3
Loewina,0,3,3
Loewis,3,0,3
Loewise,0,3,3
Loewisius,3,0,3
Loey-Lynn,0,3,3
Loezanne,0,3,3
Loeze,0,3,3
Loezewies,0,3,3
Loezina,0,3,3
Lofa,0,3,3
Lofany,0,3,3
Loffelt,3,0,3
Lofia,0,3,3
Lofita,0,3,3
Loft,0,3,3
Lofti,0,3,3
Log,3,0,3
Loga,0,3,3
Logain,3,0,3
Logan-Ethan,3,0,3
Logan-June,0,3,3
Logan-Lewis,3,0,3
Logano,3,0,3
Logard,3,0,3
Loghen,3,0,3
Logi,3,0,3
Logia,0,3,3
Logien,0,3,3
Loginia,0,3,3
Logino,3,0,3
Logman,3,0,3
Logon,3,0,3
Logos,3,0,3
Logun,3,0,3
Logwenza,0,3,3
Logya,0,3,3
Lôh,3,0,3
Loh-yie,0,3,3
Loha,0,3,3
Lohana,0,3,3
Lohen,3,0,3
Lohes,0,3,3
Lohima,0,3,3
Lohk,3,0,3
Lohman,3,0,3
Lohng,3,0,3
Lohoraung,0,3,3
Lohr,0,3,3
Lohrayne,0,3,3
Lohré,0,3,3
Lohrengel,3,0,3
Lohrenz,3,0,3
Lohrin,3,0,3
Lohta,3,0,3
Lohui,3,0,3
Lohuïse,0,3,3
Lohuma,0,3,3
Loï,0,3,3
Loi'isa,0,3,3
Loi-San,3,0,3
Loianne,0,3,3
Loíc,3,0,3
Loìc,3,0,3
Loîc,3,0,3
Loïcia,0,3,3
Loïcq,0,3,3
Lóïda,0,3,3
Loïda,0,3,3
Loída,0,3,3
Loie,3,0,3
Loïe,0,3,3
Loihi,0,3,3
Loiis,0,3,3
Loijaard,3,0,3
Loijsia,0,3,3
Loijsius,3,0,3
Loik,3,0,3
Loiloi,0,3,3
Löina,0,3,3
Loïna,0,3,3
Loina,0,3,3
Loïnde,0,3,3
Loing,3,0,3
Loïq,0,3,3
Loiraine,0,3,3
Loire,0,3,3
Loïrena,0,3,3
LoĨs,0,3,3
Loís,3,0,3
loïs,0,3,3
Loîs,0,3,3
Loïs-Aimée,0,3,3
Loïs-Alexia,0,3,3
Loïs-Àngel,0,3,3
Loïs-Angelina,0,3,3
Loïs-Anna,0,3,3
Lois-anne,0,3,3
Lois-Daan,0,3,3
Loïs-Didiayar,0,3,3
Loïs-Elise,0,3,3
Loïs-Eljada,0,3,3
Loïs-Ella,0,3,3
Lóïs-Ilja,0,3,3
Loïs-Jane,0,3,3
Loïs-Jay,0,3,3
Lois-June,0,3,3
Loïs-Lara,0,3,3
Loïs-Lee,0,3,3
Lois-Lelie,0,3,3
Lois-Lilly,0,3,3
Loïs-Liv,0,3,3
Loïs-Lola,0,3,3
Lois-Lotte,0,3,3
Loïs-Mae,0,3,3
Lois-Maria,0,3,3
Loïs-Sanya,0,3,3
Loïs-Sara,0,3,3
Loïs-Sue,0,3,3
Loïs-Vita,0,3,3
Loísa,0,3,3
Loĩsa,0,3,3
Loisah,0,3,3
Loïsanne,0,3,3
Loïscha,0,3,3
Loiscien,0,3,3
Loíse,0,3,3
Loisel,3,0,3
Loïselle,0,3,3
Loiselle,0,3,3
Loisha,0,3,3
Loisi,0,3,3
Loislane,0,3,3
Loisse,0,3,3
Loïsse,0,3,3
Loivaine,0,3,3
Loiwise,0,3,3
Loix,3,0,3
Loïzah,0,3,3
Loïzz,0,3,3
Lojaan,3,0,3
Lojadati,0,3,3
Lojanda,0,3,3
Lojedo,3,0,3
Lojein,0,3,3
Lojem,3,0,3
Lojenke,0,3,3
Lojiendre,3,0,3
Lojin,0,3,3
Lojs,0,3,3
Lok-Chun,3,0,3
Lok-Hang,3,0,3
Lok-Hei,3,0,3
Lok-Him,3,0,3
Lok-Ka,3,0,3
Lok-Sam,3,0,3
Lok-San,3,0,3
Lok-Si,0,3,3
Lok-Sie,0,3,3
Lok-Ting,0,3,3
Lok-Yan,0,3,3
Lok-yi,0,3,3
Lok-Yi,0,3,3
Lok-Ying,0,3,3
Lok-Yiw,0,3,3
Loka,3,0,3
Lokadia,0,3,3
Lokandya,0,3,3
Lokela,3,0,3
Lokenath,3,0,3
Lokenge,3,0,3
Lokesh-Kumar,3,0,3
Lokeshnarain,3,0,3
Lokeshprakash,3,0,3
Lokeshvar,3,0,3
Lokeshwar,3,0,3
Lokhan,3,0,3
Loki-Lee,3,0,3
Lokin,3,0,3
Lokisnath,3,0,3
Lokkeline,0,3,3
Lokmanië,3,0,3
Lóknath,3,0,3
Lokoka,3,0,3
Lokqueman,3,0,3
Lokretia,0,3,3
Loksam,0,3,3
Lokten,0,3,3
Lokua,3,0,3
Lokyan,0,3,3
Lokyee,0,3,3
Lóla,0,3,3
Lola-Anna,0,3,3
Lola-Bloe,0,3,3
Lola-Bloem,0,3,3
Lola-Bo,0,3,3
Lola-Dilara,0,3,3
Lola-Florance,0,3,3
Lola-Frederique,0,3,3
Lola-Gina,0,3,3
Lola-Jaey,0,3,3
Lola-Jane,0,3,3
Lola-Jo,0,3,3
Lola-Joan,0,3,3
Lola-Johanna,0,3,3
Lola-Jolie,0,3,3
Lola-Kate,0,3,3
Lola-Kay,0,3,3
Lola-Keet,0,3,3
Lola-Lena,0,3,3
Lola-Lilly,0,3,3
Lola-Lina,0,3,3
Lola-Liv,0,3,3
Lola-Lotte,0,3,3
Lola-Louise,0,3,3
Lola-Macy,0,3,3
Lola-mae,0,3,3
Lola-Manou,0,3,3
Lola-Maria,0,3,3
Lola-Mercedez,0,3,3
Lola-Milani,0,3,3
Lola-Olivia,0,3,3
Lola-Pom,0,3,3
Lola-River,0,3,3
Lola-rose,0,3,3
Lola-Rose,0,3,3
Lola-Rosie,0,3,3
Lola-Sophie,0,3,3
Lola-Sue,0,3,3
Lola-Yaya,0,3,3
Lolade,0,3,3
Loladina,0,3,3
Lolafien,0,3,3
Lolai,0,3,3
Lolaica,0,3,3
Lolalita,0,3,3
Lolana,0,3,3
Lolanda,0,3,3
Lolanthe,0,3,3
Lolaphyne,0,3,3
Lolasita,0,3,3
Lolcke,3,0,3
Lolco,3,0,3
Lole,0,3,3
Lolé,0,3,3
Lolea,0,3,3
Loleine,0,3,3
Lolente,0,3,3
Loleta,0,3,3
Loletha,0,3,3
Lolette,0,3,3
Lolholm,0,3,3
Lolia,0,3,3
Lolien,0,3,3
Loliesa,0,3,3
Lolietje,0,3,3
Lolit,0,3,3
Lolith,0,3,3
Lolithe,0,3,3
Lolitta,0,3,3
Lolivia,0,3,3
Lolke-Jan,3,0,3
Lolke-Jilles,3,0,3
Lolkes,3,0,3
Lolkessoan,3,0,3
Lolkinie,0,3,3
Lolle-Jan,3,0,3
Lollekje,0,3,3
Lollie,0,3,3
Lollipop,0,3,3
Lolobridgida,0,3,3
Lolombulan,3,0,3
Lolot,0,3,3
Loltge,0,3,3
Loltje-Riemy,0,3,3
Lolto,3,0,3
Loltske,0,3,3
Lolwah,0,3,3
Lolyta,0,3,3
Lomae,0,3,3
Lomare,3,0,3
Lomas,3,0,3
Lomash,3,0,3
Lomashrishie,3,0,3
Lomax,3,0,3
Lombard,3,0,3
Lombardia,3,0,3
Lombaye,3,0,3
Lombe,3,0,3
Lombert,3,0,3
Lombi,0,3,3
Lombombe,3,0,3
Lomea,0,3,3
Lomée,3,0,3
Lomen,3,0,3
Lomeus,3,0,3
Lomeya,0,3,3
Lomien,0,3,3
Lomin,3,0,3
Lomma,0,3,3
Lommesia,0,3,3
Lömo,3,0,3
Lomoi,0,3,3
Lompole,3,0,3
Lomshadevi,0,3,3
Lonaéya,0,3,3
Lonceny,3,0,3
Lonchimar,3,0,3
Londhen,3,0,3
Londisha,0,3,3
Londoño,3,0,3
Londra,0,3,3
Londynn,0,3,3
Loné,3,0,3
Lóne,0,3,3
Lòne,0,3,3
Lone-Lily,0,3,3
Lonea,0,3,3
Lonella,0,3,3
Lonet,0,3,3
Long-han,3,0,3
Long-Hoa,0,3,3
Long-long,3,0,3
Long-Qi,3,0,3
Long-Sing,3,0,3
Long-Wai,3,0,3
Longe't,0,3,3
Longendjo,3,0,3
Longeno,3,0,3
LongFei,3,0,3
Longinas,0,3,3
Longino,3,0,3
Longka,0,3,3
Longmorn,0,3,3
Longo,0,3,3
Longshu,0,3,3
Longwa,0,3,3
Longwei,3,0,3
Longwen,0,3,3
Lòni,0,3,3
Lonica,0,3,3
Lonietske,0,3,3
Lonique,0,3,3
Lonis,3,0,3
Lonisha,0,3,3
Lonke,0,3,3
Lonkita,0,3,3
Lonnet,0,3,3
Lonniek,0,3,3
Lonnieke,0,3,3
Lonnika,0,3,3
Lontje,0,3,3
Lonysha,0,3,3
Lonyta,0,3,3
Lonzo,3,0,3
Loochman,3,0,3
Loocken,3,0,3
Loodevica,0,3,3
Loodewijk,3,0,3
Loojan,3,0,3
Looka,3,0,3
Looknath,3,0,3
Loomi,0,3,3
Loomis,0,3,3
Loonah,0,3,3
Loone,0,3,3
Loora,0,3,3
Looran,3,0,3
Looren,0,3,3
Loorenze,3,0,3
Loorin,3,0,3
Lootje,0,3,3
Loove,0,3,3
Loow,3,0,3
Loowiena,0,3,3
Looyan,3,0,3
Lopa,0,3,3
Lopéz,3,0,3
Lophelia,0,3,3
Lophora,0,3,3
Loppe,3,0,3
Lopu,3,0,3
Loqmen,3,0,3
Loqmèn,3,0,3
Loquatia,0,3,3
Lor'elle,0,3,3
Lóra,0,3,3
Lora-Lee,0,3,3
Loradana,0,3,3
Loraé,0,3,3
Loraely,0,3,3
Loraën,0,3,3
Loraence,0,3,3
Loraene,0,3,3
Loraeysha,0,3,3
Loragn,3,0,3
Loraïma,0,3,3
Loráine,0,3,3
Lorainé,0,3,3
Loraîne,0,3,3
Loraine-Lee,0,3,3
Loraine-Michéle,0,3,3
Loraisho,3,0,3
Loraiza,0,3,3
Loralay,0,3,3
Loralei,0,3,3
Loralie,0,3,3
Lorân,3,0,3
Loranca,0,3,3
Loranche,0,3,3
Loranda,0,3,3
Lorande,3,0,3
Lorando,3,0,3
Lorane,0,3,3
Lorania,0,3,3
Loranse,0,3,3
Lorant,3,0,3
Loranz,3,0,3
Loras,3,0,3
Lorayn,0,3,3
Loraynna,0,3,3
Lorayno,3,0,3
Loraysa,0,3,3
Loraysha,0,3,3
Lorayza,0,3,3
Lorcān,3,0,3
Lord-Aubrey,3,0,3
Lord-Seven-Angel,3,0,3
Lorda,0,3,3
Lordan,3,0,3
Lordayo,3,0,3
Lorddina,0,3,3
Lordes,0,3,3
Lordi,3,0,3
Lordiana,0,3,3
Lordimitly,0,3,3
Lordiño,3,0,3
Lordson,3,0,3
Lordwish,3,0,3
Lòre,0,3,3
Lôre,0,3,3
Lore-Jane,0,3,3
Loréah,0,3,3
Loreal,0,3,3
Loréan,0,3,3
Loréana,0,3,3
Loreane,0,3,3
Loreanis,0,3,3
Loréanne,0,3,3
Loreanzo,3,0,3
Lorecían,3,0,3
Loredan,3,0,3
Loredane,0,3,3
Loredanna,0,3,3
Loredeyana,0,3,3
Loreelia,0,3,3
Loreila,0,3,3
Loreina,0,3,3
Loreinne,0,3,3
Lorela,0,3,3
Lórelai,0,3,3
Lorelai-Ana,0,3,3
Loreleij,0,3,3
Lorelies,0,3,3
Lorelijn,0,3,3
Lorelin,0,3,3
Lorelinde,0,3,3
Loreline,0,3,3
Lorèll,0,3,3
Lorelle,0,3,3
Lorelyn,0,3,3
Loremey,0,3,3
Lóren,3,0,3
Lorën,0,3,3
Loren-Julie,0,3,3
Lòren-Lou,0,3,3
Loreńa,0,3,3
Lorèna,0,3,3
Lorenah,0,3,3
Lorencha,0,3,3
Lorenchius,3,0,3
Lorencis,3,0,3
Lorenço,3,0,3
Lorency,3,0,3
Lorend,3,0,3
Lorendy,3,0,3
Lorendz,3,0,3
Loréne,0,3,3
Lorene-Lee,0,3,3
Lorenel,0,3,3
Lorengie,0,3,3
Lorengion,3,0,3
Loreni,0,3,3
Loréns,3,0,3
Lorèns,3,0,3
Lorenscio,3,0,3
Lorensco,3,0,3
Lorente,0,3,3
Lorenthe,0,3,3
Lorentino,3,0,3
Lorentio,3,0,3
Lorentz-Michaël,3,0,3
Lorentzio,3,0,3
Lorentzos,3,0,3
Lorenxio,3,0,3
Lorénz,3,0,3
Lorenzéo,3,0,3
Lorenzi,3,0,3
Lorenzina,0,3,3
Lorenzini,3,0,3
Lòrenzo,3,0,3
Lorénzo,3,0,3
Lorenzo-Agostino,3,0,3
Lorenzo-Dylano,3,0,3
Lorenzo-Giovanni,3,0,3
Lorenzo-Louis,3,0,3
Lorenzo-Roberto,3,0,3
Lorenzo-Zackery,3,0,3
Lorenzoh,3,0,3
Lorenzs,3,0,3
Lorenzy,3,0,3
Loreon,3,0,3
Loresh,3,0,3
Lorésho,3,0,3
loreta,0,3,3
Lorethy,0,3,3
Loretta-Claire,0,3,3
Loretta-Jane,0,3,3
Lorétte,0,3,3
Loretti,0,3,3
Lorey,0,3,3
Loreyne,0,3,3
Loreyno,3,0,3
Lorez,0,3,3
Loreza,0,3,3
Lorgan,3,0,3
Lorgenzo,3,0,3
Lorgino,3,0,3
Lorha,0,3,3
Lorheena,0,3,3
Lorhin,0,3,3
Lorî,0,3,3
Lori-Anna,0,3,3
Lori-anne,0,3,3
Lori-Lisa,0,3,3
Loriane,0,3,3
Loriani,0,3,3
Lorianka,0,3,3
Loriann,0,3,3
Lorianny,0,3,3
Loriano,3,0,3
Loriasse,0,3,3
Lorién,3,0,3
Lóriën,0,3,3
Lòrien,3,0,3
Loriena,0,3,3
Lóriene,0,3,3
Loriënna,0,3,3
Lorienne,0,3,3
Loriènta,0,3,3
Loriëtte,0,3,3
Lorigio,3,0,3
Lorihua,0,3,3
Lorije,0,3,3
Lorijnne,0,3,3
Lorijntje,0,3,3
Lorike,0,3,3
Lorimer,3,0,3
Lorìn,0,3,3
Lorin-Estée,0,3,3
Lorinc,3,0,3
Lórince,3,0,3
Lorindy,0,3,3
Lorinn,3,0,3
Lorinsa,0,3,3
Lorinta,0,3,3
Lorinthe,0,3,3
Lorinzo,3,0,3
Lorion,3,0,3
Loriot,3,0,3
Lorisia,0,3,3
Lorixia,0,3,3
Lorka,3,0,3
Lorline,0,3,3
Lorlizza,0,3,3
Lornah,0,3,3
Lornango,3,0,3
Lornanny,0,3,3
Lornay,3,0,3
Lorné,3,0,3
Lornia,0,3,3
Lorns,3,0,3
Loro,3,0,3
Lorraene,0,3,3
Lorraien,0,3,3
Lorraîne,0,3,3
Lorraine-Maxine,0,3,3
Lorrainia,0,3,3
Lorrainna,0,3,3
Lorrayn,0,3,3
Lorrayna,0,3,3
Lorre,0,3,3
Lorreane,0,3,3
Lorrein,0,3,3
Lorrel,0,3,3
Lorren,0,3,3
Lorrenda,0,3,3
Lorrene,0,3,3
Lorrène,0,3,3
Lorreta,0,3,3
Lorrète,0,3,3
Lorreto,0,3,3
Lorri,0,3,3
Lorriäel,0,3,3
Lorriane,0,3,3
Lorrianne,0,3,3
Lorrine,0,3,3
Lorro,3,0,3
Lorry-Ann,0,3,3
Lors,3,0,3
Lortine,0,3,3
Loruchiama,0,3,3
Lorüns,3,0,3
Lorvet,0,3,3
Lory-Dana,0,3,3
Loryan,0,3,3
Loryann,0,3,3
Loryanne,0,3,3
Lorydana,0,3,3
Lorynda,0,3,3
Loryniek,0,3,3
Lorys,3,0,3
Lorzin,0,3,3
Losambo,0,3,3
Lósan,0,3,3
Losefa,3,0,3
Loshéda,0,3,3
Loshendrick,3,0,3
Losiendra,0,3,3
Losila,0,3,3
Losin,0,3,3
Losita,0,3,3
Losito,3,0,3
Losmarna,3,0,3
Losseny,3,0,3
Lotachukwu,3,0,3
Lotak,3,0,3
Lotarius,3,0,3
Lotem,0,3,3
Lotera,0,3,3
Lotfhi,3,0,3
Lotfia,0,3,3
Lotfie,3,0,3
Lotha,3,0,3
Lothan,3,0,3
Lotharia,0,3,3
Lotherus,3,0,3
Lothes,0,3,3
Lothilda,0,3,3
Lothina,0,3,3
Lothlóriën,0,3,3
Lothloriën,0,3,3
Lothmar,3,0,3
Lothrav,3,0,3
Lôti,0,3,3
Lotia,0,3,3
Loticia,0,3,3
Lotiena,0,3,3
Lotina,0,3,3
Lotisha,0,3,3
Lotitia,0,3,3
Lotiyo,3,0,3
Lotjenie,0,3,3
Lotka,0,3,3
Lotmar,0,3,3
Lotna,0,3,3
Lots,3,0,3
Lotse,0,3,3
Lotta-Marie,0,3,3
Lottah,0,3,3
Lotte-Anna,0,3,3
Lotte-Annemarie,0,3,3
Lotte-Barbara,0,3,3
Lotte-Celeste,0,3,3
Lotte-Danique,0,3,3
Lotte-Dewi,0,3,3
Lotte-Elisabeth,0,3,3
Lotte-Elise,0,3,3
Lotte-Floor,0,3,3
Lotte-Gré,0,3,3
Lotte-Greet,0,3,3
Lotte-Greetje,0,3,3
Lotte-Ilya,0,3,3
Lotte-Jasmijn,0,3,3
Lotte-Jet,0,3,3
Lotte-Jiska,0,3,3
Lotte-Joy,0,3,3
Lotte-Lene,0,3,3
Lotte-lene,0,3,3
Lotte-Lou,0,3,3
Lotte-Lynn,0,3,3
Lotte-Madee,0,3,3
Lotte-Mae,0,3,3
Lotte-Mare,0,3,3
Lotte-Margriet,0,3,3
Lotte-Marit,0,3,3
Lotte-Maryse,0,3,3
Lotte-Paulien,0,3,3
Lotte-Sara,0,3,3
Lotte-Ytsje,0,3,3
Lotte-Zsofie,0,3,3
Lottekee,0,3,3
Lottelinde,0,3,3
Lottemijn,0,3,3
Lotteriëtte,0,3,3
Lottharina,0,3,3
Lotthe,0,3,3
Lotthea,0,3,3
Lottij,0,3,3
Lottilde,0,3,3
Lotus-Antoinetta,0,3,3
Lotus-Bindhi,0,3,3
Lotus-Blossom,0,3,3
Lotus-Elise,0,3,3
Lotus-Lynn,0,3,3
Lotus-May,0,3,3
Lotus-Virginie,0,3,3
Lotvi,3,0,3
Lotvie,3,0,3
Loty,0,3,3
Lou'lou,0,3,3
Lou'Lou',0,3,3
Lou-Aisa,0,3,3
Lou-Amélie,0,3,3
Lou-An,0,3,3
Lou-Angela,0,3,3
Lou-Anna,0,3,3
Lou-Benjamin,3,0,3
Lou-Daniël,3,0,3
Lou-ella,0,3,3
Lou-Iza,0,3,3
Lou-Jayna,0,3,3
Lou-Joël,3,0,3
Lou-Jun,3,0,3
Lou-Len,0,3,3
Lou-Loah,0,3,3
Lou-Mae,0,3,3
Lou-Maria,0,3,3
Lou-Shano,3,0,3
Lou-Yara,0,3,3
Lou-Zia,0,3,3
Louá,0,3,3
Louaay,3,0,3
Louabatou,0,3,3
Louaï,3,0,3
Louaie,3,0,3
Louaine,0,3,3
Louána,0,3,3
Louáne,0,3,3
Louangeley,0,3,3
Louani,0,3,3
LouAnn,0,3,3
Louânne,0,3,3
Loüanne,0,3,3
Louara,0,3,3
Louard,3,0,3
Louarde,3,0,3
Louasita,0,3,3
Louāy,3,0,3
louay,3,0,3
Louaye,3,0,3
Louayl,3,0,3
Louazne,0,3,3
Loubak,3,0,3
Louban,0,3,3
Loubana,0,3,3
Loubèle,0,3,3
Loubèlia,0,3,3
Loubena,0,3,3
Louchan,0,3,3
Louchanceley,3,0,3
Loucian,3,0,3
Loucien,3,0,3
Loucino,3,0,3
Loucintha,0,3,3
Loucio,3,0,3
Loucka-Charisma,0,3,3
Loucke,3,0,3
Loucy,0,3,3
Loud-Hein,3,0,3
Loudes,0,3,3
Loudevicus,3,0,3
Loudia,0,3,3
Loudolf,3,0,3
Loudrieth,0,3,3
Loudrik,3,0,3
Louduard,3,0,3
Loudy-Jildiz,0,3,3
Loudyna,0,3,3
Loueann,0,3,3
Loueay,3,0,3
Louèl,0,3,3
Louela,0,3,3
Louéla,0,3,3
Louèlle,0,3,3
Louellen,0,3,3
Louëllen,3,0,3
Louême,0,3,3
Louème,0,3,3
Louén,0,3,3
Louene,0,3,3
Louéney,0,3,3
Louengelo,3,0,3
Louenie,0,3,3
Louenn,0,3,3
Louenneth,3,0,3
Louent,3,0,3
Louët,0,3,3
Louetta,0,3,3
Louëtte,0,3,3
Louéy,0,3,3
Loueyl,3,0,3
Loueyna,0,3,3
Louezna,0,3,3
Loufarley,3,0,3
Loufei,0,3,3
Louferdi,3,0,3
Lougein,0,3,3
Lougena,0,3,3
Lougendry,3,0,3
Lougiano,3,0,3
Lougíma,0,3,3
Lougine,0,3,3
Lougini,3,0,3
Lougo,3,0,3
Louharda,0,3,3
Louheni,0,3,3
Louhou,0,3,3
Loui's,0,3,3
Loui-d,3,0,3
Loui-Lee,3,0,3
Loui-Quinn,0,3,3
Loui-Yann,0,3,3
Louiann,0,3,3
Louiannisia,0,3,3
Louiazna,0,3,3
Louichiano,3,0,3
Louichie,3,0,3
Louiciano,3,0,3
Louiciënne,3,0,3
Louidim,3,0,3
Louidius,3,0,3
Louië,3,0,3
Louïe,3,0,3
Louie-Jay,3,0,3
Louie-Lou,0,3,3
Louie-Zen,3,0,3
Louiejane,0,3,3
Louiek,3,0,3
Louies,3,0,3
Louiesa,0,3,3
Louiese,0,3,3
Louiesje,0,3,3
Louietje,3,0,3
Louietsjio,3,0,3
Louife,0,3,3
Louigia,0,3,3
Louigino,3,0,3
Louihenn,0,3,3
Louimar,3,0,3
Louin,3,0,3
Louinardo,3,0,3
Louincy,0,3,3
Louines,3,0,3
Louing,0,3,3
Louìnn,0,3,3
Louiny,0,3,3
Louis-Alberto,3,0,3
Louis-Antonius,3,0,3
Louis-Elliot,3,0,3
Louis-Filomena,3,0,3
Louis-Frederik,3,0,3
Louis-Gèrard,3,0,3
Louis-Grietje,0,3,3
Louis-Henrique,3,0,3
Louis-Jac,3,0,3
Louis-James,3,0,3
Louis-Maël,3,0,3
Louís-Matthae,3,0,3
Louís-Míguel,3,0,3
Louis-Peter,3,0,3
Louis-Pieter,3,0,3
Louis-Simon,3,0,3
Louis-Zeno,3,0,3
Louísa,0,3,3
Louisa-Adriana,0,3,3
Louisa-Ann,0,3,3
Louisa-Elizabeth,0,3,3
Louisa-Elle,0,3,3
Louisa-Esmeralda,0,3,3
Louisa-jade,0,3,3
Louisa-Johanna,0,3,3
Louisa-Jolie,0,3,3
Louisa-Romana,0,3,3
Louïsah,0,3,3
Louisaine,3,0,3
Louisaira,0,3,3
Louisairy,0,3,3
Louisann,3,0,3
Louisbert,3,0,3
Louiscia,0,3,3
Louisdia,0,3,3
Louisè,0,3,3
Louise-Anna,0,3,3
Louise-Antoinette,0,3,3
Louise-Antonette,0,3,3
Louise-Cathérine,0,3,3
Louise-Cato,0,3,3
Louise-Charlotte,0,3,3
Louise-Colien,0,3,3
Louise-Faye,0,3,3
Louise-Jade,0,3,3
Louise-José,0,3,3
Louise-Julie,0,3,3
Louise-Line,0,3,3
Louise-Lot,0,3,3
Louise-Mae,0,3,3
Louise-Mary,0,3,3
Louise-Roos,0,3,3
Louise-Wati,0,3,3
Louiseanna,0,3,3
Louiseanne,0,3,3
Louisel,0,3,3
Louiselore,0,3,3
Louiset,0,3,3
Louisferdus,3,0,3
Louisha,0,3,3
Louishaira,0,3,3
Louishen,3,0,3
Louisie,0,3,3
Louisiene,0,3,3
Louisienne,0,3,3
Louismain,0,3,3
Louisou,3,0,3
Louissà,0,3,3
Louissa-Marchella,0,3,3
Louissaine,0,3,3
Louïsse,0,3,3
Louissette,0,3,3
Louissiano,3,0,3
Louissienne,0,3,3
Louissito,3,0,3
Louissius,3,0,3
Louisya,0,3,3
Louizana,0,3,3
Louïze,0,3,3
Louizi,3,0,3
Louizia,0,3,3
Louizina,0,3,3
Louizo,3,0,3
Louizos,3,0,3
Louizsa,0,3,3
Louizza,0,3,3
Loujan,3,0,3
Loujaney,0,3,3
Loujayna,0,3,3
Loujhon,3,0,3
Loukay,3,0,3
Loukelly,3,0,3
Loukes,3,0,3
Loukianos,3,0,3
Louktje,0,3,3
Loulah,0,3,3
Loulia,0,3,3
Loulie,0,3,3
Loulotte,0,3,3
Loulou-day,0,3,3
Loulou-Olivia,0,3,3
Loulou-Rosa,0,3,3
Louloumay,0,3,3
Louman,3,0,3
Loumara,0,3,3
Loumbagoye,3,0,3
Loume,0,3,3
Loumea,0,3,3
Loümet,0,3,3
Lounah,0,3,3
Lounaisha,0,3,3
Lounas,3,0,3
Lounceny,3,0,3
Lounella,0,3,3
Lounés,3,0,3
Lounette,0,3,3
Loungting,0,3,3
Lounia,0,3,3
Lounissa,0,3,3
Lounita,0,3,3
Lounkebila,0,3,3
Lounnis,3,0,3
Lounusa,0,3,3
Loupe,0,3,3
Louphèl,3,0,3
Louqmaan,3,0,3
Louqmane,3,0,3
Louquincy,3,0,3
Louquisha,0,3,3
Lourah,0,3,3
Lourance,0,3,3
Lourangelo,3,0,3
Lourant,3,0,3
Lourdès,0,3,3
Lourdes-Maria,0,3,3
Lourdeska,0,3,3
Lourdess,0,3,3
Lourdez,0,3,3
Lourdiënne,0,3,3
Lourds,0,3,3
Lourdshini,0,3,3
Lourdya,0,3,3
Louré,3,0,3
Loureana,0,3,3
Louredana,0,3,3
Loureiro,3,0,3
Lourèl,0,3,3
Lourella,0,3,3
Lourèn,3,0,3
Lourença,0,3,3
Lourenda,0,3,3
Loureno,3,0,3
Louréns,3,0,3
Lourèns,0,3,3
Lourens-Hans,3,0,3
Lourens-Klaas,3,0,3
Lourens-Roy,3,0,3
Lourénse,0,3,3
Lourenszoon,3,0,3
Lourentcia,0,3,3
Lourenties,3,0,3
Lourentine,0,3,3
Lourenze,0,3,3
Lourenzia,0,3,3
Lourenzus,3,0,3
Louret,0,3,3
Louria,0,3,3
Louriene,0,3,3
Lourientje,0,3,3
Louriëtta,0,3,3
Lourijn,0,3,3
Lourijntje,0,3,3
Lourindo,3,0,3
Lourinha,0,3,3
Lourinio,3,0,3
Lourino,3,0,3
Lourins,3,0,3
Lourisa,0,3,3
Lourissa,0,3,3
Lourisz,3,0,3
Lourival,3,0,3
Lourraine,0,3,3
Lourrel,0,3,3
Lourshavendel,3,0,3
Lous-Sanne,0,3,3
Lousa,0,3,3
Lousannah,0,3,3
Lousayda,0,3,3
Loüse,0,3,3
Lousheena,0,3,3
Lousianni,0,3,3
Lousiano,3,0,3
Lousientje,0,3,3
Lousil,0,3,3
Lousinjo,3,0,3
Lousiya,0,3,3
Louska,0,3,3
Lousraine,0,3,3
Loussadia,0,3,3
Loussanna,0,3,3
Loutcha,0,3,3
Loutf,3,0,3
Loutfie,3,0,3
Loutha,0,3,3
Louti,0,3,3
Loutmillia,0,3,3
Loutrianca,0,3,3
Loutró,0,3,3
Loutysia,0,3,3
Louvain,3,0,3
Louvano,3,0,3
Louvardney,0,3,3
Louvas,3,0,3
Louvena,0,3,3
Louvet,3,0,3
Louviani,0,3,3
Louvinea,0,3,3
Louvis,0,3,3
Louvisana,0,3,3
Louw-Arend,3,0,3
Louw-Jan,3,0,3
Louw-Ybe,3,0,3
Louwayne,3,0,3
Louwe-Rense,3,0,3
Louwera,0,3,3
Louwerdiena-Frouwke,0,3,3
Louwerencius,3,0,3
Louwerensa,0,3,3
Louwerensius,3,0,3
Louwerentia,0,3,3
Louwerentius,3,0,3
Louweriena,0,3,3
Louwerince,0,3,3
Louwerisje,0,3,3
Louwice,0,3,3
Louwien,0,3,3
Louwiene,0,3,3
Louwienus,3,0,3
Louwies,3,0,3
Louwieza,0,3,3
Louwigi,0,3,3
Louwika,0,3,3
Louwikes,3,0,3
Louwineke,0,3,3
Louwines,3,0,3
Louwize,0,3,3
Louwkina,0,3,3
Louwra-Willempje,0,3,3
Louwrens-Pieter,3,0,3
Louwrensa,0,3,3
Louwrenszoon,3,0,3
Louwrentina,0,3,3
Louwrentini,0,3,3
Louwrette,0,3,3
Louwri,3,0,3
Louwrikus,3,0,3
Louwrissa,0,3,3
Louwry,0,3,3
Louwsina,0,3,3
Loux,0,3,3
Louya,0,3,3
Louyan,3,0,3
Louyara,0,3,3
Louyn,3,0,3
Louynes,3,0,3
Louysius,3,0,3
Louzan,0,3,3
Louzel,0,3,3
Louzina,0,3,3
Louzna,0,3,3
Lova-ly,0,3,3
Lova-lyenn,0,3,3
Lovael,3,0,3
Lovai,0,3,3
Lovaine,0,3,3
Lovaly,0,3,3
Lovana-Alani,0,3,3
Lovat,0,3,3
Lovato,0,3,3
Lovatt,3,0,3
Lóve,0,3,3
Love-Joy,0,3,3
Love-lee,0,3,3
Love-Leigh,0,3,3
Lové-ly,0,3,3
Lové-Pearl,0,3,3
Loveá,3,0,3
Loveainy,0,3,3
Loveanna,0,3,3
Lovedo,3,0,3
Loveé,0,3,3
Lovefainy,0,3,3
Loveferrinyo,3,0,3
Loveighn,3,0,3
Lovein,3,0,3
Lovejot,0,3,3
Lovekeert,3,0,3
Lovelaye,0,3,3
Lovelice,3,0,3
Lovelin,0,3,3
Lovelinhio,3,0,3
Lovelis,0,3,3
Lovelita,0,3,3
Lovell-Ladana,0,3,3
Lóvella,0,3,3
Lovelly,0,3,3
Lovely-Faith,0,3,3
Lovely-Jane,0,3,3
Lovely-Lena,0,3,3
Lovely-Pearl,0,3,3
Lovelycienne,0,3,3
Lovelynn,0,3,3
Lovemore,3,0,3
Lovémy,0,3,3
Loven,3,0,3
Lovencha,0,3,3
Lovend,0,3,3
Lovenda,0,3,3
Lovenity,0,3,3
Lovenna,0,3,3
Lovënne,0,3,3
Lovera,0,3,3
Loverli,0,3,3
Lovérne,0,3,3
Lovesa,0,3,3
Loveson,3,0,3
Lovet,3,0,3
Lovette,3,0,3
Lovewonder,0,3,3
Loveyenne,0,3,3
Lovice,0,3,3
Lovidicus,3,0,3
Lovidjah,0,3,3
Lovièlle,0,3,3
Loviëne,3,0,3
Loviènne,0,3,3
Lovièr,3,0,3
Lovijah,0,3,3
Lovik,3,0,3
Lovin,0,3,3
Lovinae,0,3,3
Lovind,3,0,3
Lovinho,3,0,3
Lovinia,0,3,3
Loviniarozasmi,0,3,3
Lovísa,0,3,3
Lovisha,0,3,3
Lovisorya,0,3,3
Lovit,3,0,3
Lovjit,0,3,3
Lovlesh,3,0,3
Lovlien,0,3,3
Lovly,0,3,3
Lovlyne,0,3,3
Lovonne,0,3,3
Lovora,0,3,3
Lovro,3,0,3
Lovus,3,0,3
Lövyah,0,3,3
Lovynia,0,3,3
Lowaay,3,0,3
Lowah,0,3,3
Lowai,0,3,3
Lowaine,0,3,3
Lowán,3,0,3
Lowanna,0,3,3
Lowé,0,3,3
Löwe,3,0,3
Loweé,0,3,3
Lowenceslao,3,0,3
Lowendrick,3,0,3
Lowensa,0,3,3
Lowense,0,3,3
Lowensio,3,0,3
Lowenzo,3,0,3
Lowey,3,0,3
Lowhatt,3,0,3
Lówi,3,0,3
Lowica,0,3,3
Lowicsa,0,3,3
Lowie-Antonie,3,0,3
Lowien,0,3,3
Lowienke,0,3,3
Lowiesebeth,3,0,3
Lowiessa,0,3,3
Lowieze,0,3,3
Lowil,0,3,3
Löwin,3,0,3
Lowinso,3,0,3
Lowiss,0,3,3
Lowita,0,3,3
Lowiza,0,3,3
Lowna,0,3,3
Lowre,3,0,3
Lowrena,0,3,3
Lowrensia,0,3,3
Lowrey,0,3,3
Lowuina,0,3,3
Lowynn,3,0,3
Loxley,0,3,3
Loxy,0,3,3
Loyah,0,3,3
Loyan,3,0,3
Loyana,0,3,3
Loyanna,0,3,3
Loyano,3,0,3
Loyc,3,0,3
Loydy,3,0,3
Loyla,0,3,3
Loyna,0,3,3
Loynka,3,0,3
Loyra,0,3,3
Loyrd,3,0,3
Loýs,3,0,3
Loysaa,0,3,3
Loyth,3,0,3
Loyz,0,3,3
Loyza,0,3,3
Loza,0,3,3
Lozanne,0,3,3
Lozen,0,3,3
Lozi,3,0,3
Lozintje,0,3,3
Lozna,0,3,3
LPJ,3,0,3
LRJ,0,3,3
LRM,3,0,3
LSM,3,0,3
lsmaïl,3,0,3
LSR,0,3,3
Lssaih,3,0,3
LTG,3,0,3
LTM,3,0,3
Lu',0,3,3
Lu'ai,3,0,3
Lu'Jeannee,0,3,3
Lu'lu',0,3,3
Lu'Lu',0,3,3
Lu-Anne,0,3,3
Lu-äyne,0,3,3
Lu-Chanta,0,3,3
Lu-Dashlïon,3,0,3
Lu-Dior,3,0,3
Lu-Eugceno,3,0,3
Lu-Jeandro,3,0,3
Lu-Jordan,3,0,3
Lu-Liya,0,3,3
Lu-Lu,0,3,3
Lu-lu,0,3,3
Lu-Marlian,0,3,3
Lu-Marlonny,0,3,3
Lù-Mín,3,0,3
Lu-Ming,0,3,3
Lu-Niçio,3,0,3
Lu-Robinio,3,0,3
Lu-Shen,3,0,3
Lu-Siona,0,3,3
Lu-Vencio,3,0,3
Lu-xi,0,3,3
Lu-Xiantely,0,3,3
Lu-Xing,3,0,3
Luá,3,0,3
Lua-May,0,3,3
Lua-Rose,0,3,3
Luabeya,3,0,3
Luaij,3,0,3
Lual,3,0,3
Lualdi,0,3,3
Luali,0,3,3
Luamba,0,3,3
Luán,3,0,3
Lúan,3,0,3
Luàn,3,0,3
Luān,3,0,3
Luandley,3,0,3
Luando,3,0,3
Luandorel,3,0,3
Luandra,0,3,3
Luandro,3,0,3
Luandry,0,3,3
Luandy,3,0,3
luandy,3,0,3
Luane,0,3,3
Luaneesha,0,3,3
Luang,3,0,3
Lúann,3,0,3
Luanne-Ter,0,3,3
Luàno,3,0,3
Luany,3,0,3
Luardah,0,3,3
Luat,3,0,3
Luawina,0,3,3
Luayo,3,0,3
Lubabah,0,3,3
Lubaldus,3,0,3
Lubardus,3,0,3
Lubart,3,0,3
Lubartine,0,3,3
Lubartis,3,0,3
Lubay,0,3,3
Lubb,3,0,3
Lubbarthus,3,0,3
Lubbeca,0,3,3
Lubbegie,0,3,3
Lubbegini,0,3,3
Lubberd,3,0,3
Lubberdien,0,3,3
Lubberdiena,0,3,3
Lübberdine,0,3,3
Lubbèrt,3,0,3
Lubbert-Jelle,3,0,3
Lubbert-Kornelis,3,0,3
Lübberta,0,3,3
Lubberte,0,3,3
Lubberthe,0,3,3
Lubbertie,0,3,3
Lubbertien,3,0,3
Lubbertius,3,0,3
Lubbertkramer,3,0,3
Lubberto,3,0,3
Lubbertran,3,0,3
Lubbertsje,0,3,3
Lübbertus,3,0,3
Lubbetina,0,3,3
Lubbette,0,3,3
Lubbina-Anna,0,3,3
Lubbino,3,0,3
Lubby,0,3,3
Lubchiena,0,3,3
Lubco,3,0,3
Lubea,0,3,3
Lubec,3,0,3
Lubecka,0,3,3
Lubegina,0,3,3
Lubeka,3,0,3
Lubelia,0,3,3
Lubenov,3,0,3
Luber,3,0,3
Lúber,3,0,3
Lubère,3,0,3
Luberginie,0,3,3
Lubern,3,0,3
Lúbert,3,0,3
Lùbert,3,0,3
Lubertesca,0,3,3
Lubertha-Gerritdina,0,3,3
Luberthine,0,3,3
Luberthy,0,3,3
Lubertin,3,0,3
Lubèrtine,0,3,3
Lubertis,3,0,3
Lubèrtje,0,3,3
Lubertus-Christiaan,3,0,3
Lubertus-Johannes,3,0,3
Lubertus-Robert,3,0,3
Luberty,0,3,3
Lubethe,0,3,3
Lubetta,0,3,3
Lubetty,0,3,3
Lübeyna,0,3,3
Lubgerdina,0,3,3
Lubgiena,0,3,3
Lubgina,0,3,3
Lubiča,0,3,3
Lubiene,0,3,3
Lubin,3,0,3
Lubischkca,0,3,3
Lubkea,0,3,3
Lübkes,3,0,3
Lubkina,0,3,3
Lubliano,3,0,3
Lublinka,0,3,3
Lubnã,0,3,3
Lübnâ,0,3,3
Lubnaa,0,3,3
Lubnah,0,3,3
Lubomil,3,0,3
Lŭbomír,3,0,3
Lubomira,0,3,3
Lubomirov,3,0,3
Luboria,0,3,3
Luborius,3,0,3
Luboš,3,0,3
Lubow,0,3,3
Lubrand,3,0,3
Lubregt,0,3,3
Lubretta,0,3,3
Lübuda,0,3,3
Lubwama,0,3,3
Lubyenga,3,0,3
Luc-Anthonie,3,0,3
Luc-Etiënne,3,0,3
Luc-Marc,3,0,3
Luc-Milan,3,0,3
Luc-Pieter,3,0,3
Luc-Poppe,3,0,3
Luc-Tijmen,3,0,3
Luc-William,3,0,3
Luça,0,3,3
Lûca,3,0,3
Luca's,3,0,3
Luca-Angelo,3,0,3
Luca-Ann,0,3,3
Luca-Dani,3,0,3
Luca-Danyves,3,0,3
Luca-Emmanuel,3,0,3
Luca-Gianni,3,0,3
Luca-Jan,3,0,3
Luca-Jane,0,3,3
Luca-Jay,3,0,3
Luca-Joël,3,0,3
Luca-Livia,0,3,3
Luca-Louis,3,0,3
Luca-Noël,3,0,3
Luca-Sanne,0,3,3
Luca-Sem,3,0,3
Luca-Sophia,0,3,3
Luca-Verdi,3,0,3
Lucacina,0,3,3
Lucacius,3,0,3
Lucadorus,3,0,3
Lucaï,3,0,3
Lucai,3,0,3
Lucain,3,0,3
Lucairo,3,0,3
Lucali,0,3,3
Lucallan,3,0,3
Luçan,0,3,3
Lucana,0,3,3
Lucander,3,0,3
Lucandra,0,3,3
Lucandri,3,0,3
Lucani,3,0,3
Lucanie,0,3,3
Lucard,3,0,3
Lucarda,0,3,3
Lucardes,3,0,3
Lucardus,3,0,3
Lucardy,3,0,3
Lucarno,3,0,3
Lucarsti,3,0,3
Lucàs,3,0,3
"Lucas,",3,0,3
Lucas-Alexander,3,0,3
Lucas-Bernardus,3,0,3
Lucas-Cédric,3,0,3
Lucas-Constant,3,0,3
Lucas-Hessel,3,0,3
Lucas-Klaas,3,0,3
Lucas-Lot,3,0,3
Lucas-Mariae,3,0,3
Lucas-Paulus,3,0,3
Lucas-Pjotr,3,0,3
Lucasciena,0,3,3
Lucasientje,0,3,3
Lucasio,3,0,3
Lucasius,3,0,3
Lucassia,0,3,3
Lucasyna,0,3,3
Lucaszn,3,0,3
Lucaszoon,3,0,3
Lucatoni,3,0,3
Lucbeau,3,0,3
Lucbertus,3,0,3
Lucca-Fiore,0,3,3
Lucca-João,3,0,3
Lucca-Lie,0,3,3
Lucca-Milo,3,0,3
Luccar,3,0,3
Luccardo,3,0,3
Luccha,3,0,3
Luccia,0,3,3
Lucciêne,0,3,3
Luccio,3,0,3
Lucè,3,0,3
Luce-Ann,0,3,3
Lucebel,0,3,3
Luceely,0,3,3
Luceil,0,3,3
Lucein,3,0,3
Luceina,0,3,3
Lucek,3,0,3
Lucela,0,3,3
Lucelina,0,3,3
Lucelinde,0,3,3
Lucélle,0,3,3
Lucellus,3,0,3
Lucelot,0,3,3
Lucem,3,0,3
Lucèna,0,3,3
Lucencia,0,3,3
Lucendha,0,3,3
Lucendra,0,3,3
Lucenes,3,0,3
Lucenko,3,0,3
Lucenna,0,3,3
Lucenne,0,3,3
Lucenneke,0,3,3
Luceno,3,0,3
Lucensia,0,3,3
Lucenso,3,0,3
Lucentio,3,0,3
Lucentius,3,0,3
Lucento,3,0,3
Lucenza,0,3,3
Luçérdo,3,0,3
Lucern,3,0,3
Lucerna,0,3,3
Lucerva,0,3,3
Lucesse,0,3,3
Lucetha,0,3,3
Lucetia,0,3,3
Luceveus,3,0,3
Lucewen,0,3,3
Lucgabrie,3,0,3
Lucgeria,0,3,3
Luch-Pieter,3,0,3
Luchaimi,0,3,3
Luchaino,3,0,3
Luchaïra,0,3,3
Luchaïro,3,0,3
Luchanda,0,3,3
Luchandra,0,3,3
Luchaneley,0,3,3
Luchanna,0,3,3
Luchantely,0,3,3
Luchanzo,3,0,3
Luchardus,3,0,3
Luchavelli,3,0,3
Luchayna,0,3,3
Luchèl,3,0,3
Lucheliniho,3,0,3
Luchelino,3,0,3
Luchella,0,3,3
Luchenco,3,0,3
Luchenda,0,3,3
Luchendel,3,0,3
Luchendra,0,3,3
Luchène,0,3,3
Luchenzo,3,0,3
Luchera,0,3,3
Lucherin,0,3,3
Lucherm,0,3,3
Luchese,3,0,3
Luchester,3,0,3
Luchestra,0,3,3
Luchesy,3,0,3
Luchezar,3,0,3
Luchi,3,0,3
Luchia,0,3,3
Luchianna,0,3,3
Luchiara,0,3,3
Luchiard,3,0,3
Luchiaro,3,0,3
Luchiena-Willemien,0,3,3
Luchiëne,0,3,3
Luchienke,0,3,3
Luchiënne,0,3,3
Luchienne,0,3,3
Luchientje,0,3,3
Luchila,0,3,3
Luchín,3,0,3
Luchinda,0,3,3
Luchinno,3,0,3
Luchinyo,3,0,3
Luchiomar,3,0,3
Luchira,0,3,3
Luchita,0,3,3
Luchmee,0,3,3
Luchon,3,0,3
Luchresia,0,3,3
Luchrista,0,3,3
Luchristina,0,3,3
Luchtje,0,3,3
Luci-Anna,0,3,3
Luci-Mae,0,3,3
Lûcía,0,3,3
Luçia,0,3,3
Lućia,0,3,3
Lucià,0,3,3
lucia,0,3,3
Lucia-Anne,0,3,3
Lucia-Erna,0,3,3
Lucia-Gerda,0,3,3
Lucia-Henrike,0,3,3
Lucia-Lina,0,3,3
Lucia-Marley,0,3,3
Lucia-Rina,0,3,3
Lucia-Rosa,0,3,3
Lucia-Will,0,3,3
Luciaira,0,3,3
Luciam,3,0,3
Luciamo,3,0,3
Lucìan,3,0,3
Lucianak,3,0,3
Lucianci,0,3,3
Luciandra,0,3,3
Lucianely,0,3,3
Lucianey,0,3,3
Lucianië,3,0,3
Lucianita,0,3,3
Luciänna,0,3,3
Lucianni,3,0,3
Lucianny,0,3,3
Lucïano,3,0,3
Lućiano,3,0,3
Lúciano,3,0,3
Lucíano,3,0,3
Luciano-Dejan,3,0,3
Luciano-Roberto,3,0,3
Luciano-ul-Haq,3,0,3
Lucianoor,0,3,3
Luciarell,0,3,3
Luciaro,3,0,3
Luciastri,0,3,3
Luciayro,3,0,3
Lucidius,3,0,3
Lucidra,0,3,3
Lucie-Anna,0,3,3
Lucie-Beth,0,3,3
Lucie-Diana,0,3,3
Lucie-Emelayne,0,3,3
Lucie-Feline,0,3,3
Lucie-Janne,0,3,3
Lucie-Jean,0,3,3
Lucie-Julia,0,3,3
Lucie-marie,0,3,3
Lucie-Riëtte,0,3,3
Luciëa,0,3,3
Lucieel,3,0,3
Luciejana,0,3,3
Lucièl,0,3,3
Luciele,0,3,3
Luciélia,0,3,3
Lucielie,0,3,3
Lucielien,0,3,3
Luciella,0,3,3
Luciélle,0,3,3
Lucièlle,0,3,3
Luciemarie,0,3,3
Luçien,3,0,3
Luçiën,3,0,3
Lùcien,3,0,3
Lucièn-Gregg,3,0,3
Lucien-Philippe,3,0,3
Luciencio,3,0,3
Lucienden,3,0,3
Luciëndle,3,0,3
Luciëndo,3,0,3
Luciëndray,3,0,3
Luciendré,3,0,3
Luciëndrick,3,0,3
Luciëndrik,3,0,3
Lucienë,3,0,3
Luciéne,0,3,3
Luciënethy,0,3,3
Lucienn,3,0,3
Luciënn,3,0,3
Luçienne,0,3,3
Luciënne-Marie,0,3,3
Luciënno,3,0,3
Luciënny,0,3,3
Luciëno,3,0,3
Lucientley,3,0,3
Lucienus,3,0,3
Lucienzo,3,0,3
Lucifera,0,3,3
Luciferra,0,3,3
Lucijana,0,3,3
Lucijangela,0,3,3
Lucijn,0,3,3
Lucike,0,3,3
Lucila-Angelica,0,3,3
Lucilda,0,3,3
Lucilene,0,3,3
Lucilenny,0,3,3
Lucília,0,3,3
Luciliano,3,0,3
Lucilien,3,0,3
Lucilijanus,3,0,3
Lucilja,0,3,3
Lucille-Hélène,0,3,3
Lucillo,3,0,3
Lucily,0,3,3
Lucima,0,3,3
Lucimar,0,3,3
Lucina-May,0,3,3
Lucinder,0,3,3
Lucindo,0,3,3
Lucines,3,0,3
Lucinette,0,3,3
Lucinha,0,3,3
Lucinio,3,0,3
Lucino,3,0,3
Lucintia,0,3,3
Lució,3,0,3
Lucio-Carlo,3,0,3
Lucion,3,0,3
Luciona,3,0,3
Lucis,0,3,3
Lucisca,0,3,3
Lucitia,0,3,3
Lucito,3,0,3
Lucïus,3,0,3
Luciya,0,3,3
Lucjen,0,3,3
Lucjha,0,3,3
Lück,3,0,3
Luckea,0,3,3
Luckeny,3,0,3
Luckey,0,3,3
Lucki,0,3,3
Luckian,3,0,3
Luckquinio,3,0,3
Luckratia,0,3,3
Lucksen,3,0,3
Luckshmyraj,3,0,3
Luckx,3,0,3
Lucky-Luciano,3,0,3
Luckydube,3,0,3
Luckyjan,3,0,3
Lucmaishantelly,0,3,3
Lucman,3,0,3
Lucmaria,0,3,3
Lucnet,0,3,3
Luconcia,0,3,3
Lucor,3,0,3
Lucorno,3,0,3
Lucovicus,3,0,3
Lucqa,3,0,3
Lucquan,3,0,3
Lucque,0,3,3
Lucraina,0,3,3
Lucrais,0,3,3
Lucratia,0,3,3
Lucratio,3,0,3
Lucre,0,3,3
Lucrece,0,3,3
Lucréce,0,3,3
Lucrecia-Maria,0,3,3
Lucrée,0,3,3
Lucree,0,3,3
Lucremariana,0,3,3
Lucres,0,3,3
Lucrese,0,3,3
Lucresha,0,3,3
Lucresma,0,3,3
Lucresse,0,3,3
Lucreta,0,3,3
Lucretcia,0,3,3
Lucrethia,0,3,3
Lucretinus,3,0,3
Lucretio,3,0,3
Lucretta,0,3,3
Lucrette,0,3,3
Lucrettia,0,3,3
Lucréza,0,3,3
Lucrézia,0,3,3
Lucrisia,0,3,3
Lucritia,0,3,3
Lucryscha,0,3,3
Lucs,3,0,3
Lucsanette,0,3,3
Lucshawn,3,0,3
Luctoriena,0,3,3
Lucx,3,0,3
Lucy-Aline,0,3,3
Lucy-Anne,0,3,3
Lucy-Jean,0,3,3
Lucy-Jo,0,3,3
Lucy-Joy,0,3,3
Lucy-Liana,0,3,3
Lucy-Lin,0,3,3
Lucy-lois,0,3,3
Lucy-Lou,0,3,3
Lucy-Lynn,0,3,3
Lucy-Maci,0,3,3
Lucy-Maria,0,3,3
Lucy-Sophie,0,3,3
Lucy-Tan,0,3,3
Lucy-Victoria,0,3,3
Lucy-Yvon,0,3,3
LucyAllie,0,3,3
Lucyanny,0,3,3
Lucyëlle,0,3,3
Lucyen,3,0,3
Lucylen,0,3,3
Lucylenn,0,3,3
Lucylia,0,3,3
Lucylva,0,3,3
Lucynka,0,3,3
Lucynne,0,3,3
Lucyrose,0,3,3
Lucyta,0,3,3
Lucziano,3,0,3
Lud'yana,0,3,3
Lud-Zjendely,0,3,3
Ludafica,0,3,3
Ludami,3,0,3
Ludangelo,3,0,3
Ludangerick,3,0,3
Ludar,3,0,3
Ludavica,0,3,3
Ludawina,0,3,3
Ludayna,0,3,3
Ludbert,3,0,3
Ludberto,3,0,3
Ludchardus,3,0,3
Ludcheline,0,3,3
Ludchen,3,0,3
Ludchenne,3,0,3
Ludchenttley,3,0,3
Ludciana,0,3,3
Ludciando,3,0,3
Ludciaro,3,0,3
Ludciëlla,0,3,3
Ludcinda,0,3,3
Luddangelo,3,0,3
Ludder,3,0,3
Ludderd,3,0,3
Lude-Jan,3,0,3
Ludea,0,3,3
Ludeanne,0,3,3
Ludeau,0,3,3
Ludefica,0,3,3
Ludeisha,0,3,3
Ludejeiro,3,0,3
Ludekens,3,0,3
Ludemina,0,3,3
Ludena,0,3,3
Ludencia,0,3,3
Ludeno,3,0,3
Ludenyi,3,0,3
Luder,3,0,3
Lüder,3,0,3
Ludera,0,3,3
Ludes,3,0,3
Ludette,0,3,3
Ludevigna,0,3,3
Ludevika,0,3,3
Ludevina,0,3,3
Ludévine,0,3,3
Ludeviq,3,0,3
Ludevis,3,0,3
Ludevit,3,0,3
Ludewéa,0,3,3
Ludewei,0,3,3
Ludeweij,0,3,3
Ludewena,0,3,3
Ludeweus,3,0,3
Ludewey,0,3,3
Ludewic,3,0,3
Ludewich,3,0,3
Ludewij,0,3,3
Ludewik,3,0,3
Ludewine,0,3,3
Ludeynia,0,3,3
Ludga,0,3,3
Ludgar,3,0,3
Ludgardia,0,3,3
Ludgardina,0,3,3
Ludgart,0,3,3
Ludgedina,0,3,3
Ludgene,3,0,3
Lüdgera,0,3,3
Ludgerda,0,3,3
Ludgeres,3,0,3
Ludgerie,0,3,3
Ludgério,3,0,3
Ludgerius,3,0,3
Ludgert,3,0,3
Ludgertien,0,3,3
Ludgertine,0,3,3
Ludgieras,0,3,3
Ludgina,0,3,3
Ludgino,3,0,3
Ludgo,3,0,3
Ludharde,0,3,3
Ludiana,0,3,3
Ludicea,0,3,3
Ludien,0,3,3
Ludieneke,0,3,3
Ludiëska,0,3,3
Ludiet,0,3,3
Ludifica,0,3,3
Ludimila,0,3,3
Ludin,0,3,3
Ludinell,3,0,3
Ludinella,0,3,3
Ludiney,0,3,3
Ludinia,0,3,3
Ludiñio,3,0,3
Ludisha,0,3,3
Ludisia,0,3,3
Ludiska,0,3,3
Ludivica,0,3,3
Ludivico,3,0,3
Ludivitcio,3,0,3
Ludjainice,0,3,3
Ludjaino,3,0,3
Ludjairo,3,0,3
Ludjana,0,3,3
Ludjano,3,0,3
Ludjaro,3,0,3
Ludjayro,3,0,3
Ludjeno,3,0,3
Ludjensley,3,0,3
Ludjera,0,3,3
Ludjesco,3,0,3
Ludjiano,3,0,3
Ludjino,3,0,3
Luďka,0,3,3
Ludlow,3,0,3
Ludmaisha,0,3,3
Ludmarie,0,3,3
Ludmarisano,3,0,3
Ludmer,3,0,3
Ludmilangela,0,3,3
Ludmilia,0,3,3
Ludmille,0,3,3
Ludmilson,3,0,3
Ludnardo,3,0,3
Ludniëla,0,3,3
Ludnila,0,3,3
Ludo-Paul,3,0,3
Ludo-Viec,3,0,3
Ludoficus,3,0,3
Ludofika,0,3,3
Ludoina,0,3,3
Ludoke,0,3,3
Ludolfien,0,3,3
Ludolfiene,0,3,3
Ludolphius,3,0,3
Ludolvine,0,3,3
Ludomir,3,0,3
Ludomira,0,3,3
Ludomirus,3,0,3
Ludon,3,0,3
Ludona,0,3,3
Ludophicus,3,0,3
Ludophus,3,0,3
Ludora,0,3,3
Ludovíc-Jaïr,3,0,3
Ludovíca,0,3,3
Ludoviche,3,0,3
Ludovicius,3,0,3
Ludovicka,0,3,3
Ludovicua,0,3,3
Ludoviec,3,0,3
Ludovikes,3,0,3
Ludovine,0,3,3
Ludovinus,3,0,3
Ludoviques,3,0,3
Ludovizia,0,3,3
Ludowa,0,3,3
Ludowike,0,3,3
Ludowiko,3,0,3
Ludowikus,3,0,3
Ludowit,3,0,3
Ludoyvica,0,3,3
Ludrianis,0,3,3
Ludric,3,0,3
Ludricka,0,3,3
Ludriën,3,0,3
Ludsaida,0,3,3
Ludsandra,0,3,3
Ludsela,0,3,3
Ludsen,3,0,3
Ludsendrick,3,0,3
Ludshainy,0,3,3
Ludshantely,0,3,3
Ludshena,0,3,3
Ludshendriyon,3,0,3
Ludshendry,3,0,3
Ludsiano,3,0,3
Ludsienely,0,3,3
Ludsjander,3,0,3
Ludtjedina,0,3,3
Ludtruda,0,3,3
Ludtwien,0,3,3
Luduanus,3,0,3
Luduensho,3,0,3
Luduentley,3,0,3
Ludusca,0,3,3
Luduvica,0,3,3
Ludvendy,3,0,3
Ludvianey,0,3,3
Ludvianka,0,3,3
Ludvie,3,0,3
Ludvien,3,0,3
Ludvík,3,0,3
Ludvina,0,3,3
Ludvine,3,0,3
Ludvinio,3,0,3
Ludwanéson,3,0,3
Ludwayna,0,3,3
Ludwella,0,3,3
Ludwenio,3,0,3
Ludwica,0,3,3
Lüdwich,3,0,3
Ludwichiano,3,0,3
Ludwick,3,0,3
Ludwida,0,3,3
Ludwieg,3,0,3
Ludwieke,0,3,3
Lűdwig,3,0,3
Ludwig-Carl,3,0,3
Ludwig-Fritz,3,0,3
Ludwigh,3,0,3
Ludwigia,0,3,3
Ludwigo,0,3,3
Ludwih,3,0,3
Ludwike,0,3,3
Ludwil,3,0,3
Ludwilfred,3,0,3
Lúdwim,3,0,3
Ludwima,0,3,3
Ludwinelvo,3,0,3
Ludwing,3,0,3
Ludwinhjo,3,0,3
Ludwinjo,3,0,3
Ludwinnus,3,0,3
Ludwiska,0,3,3
Ludwuincy,3,0,3
Ludy-Anny,0,3,3
Ludyairo,3,0,3
Lue-Anne,0,3,3
Lue-Hin,3,0,3
Lueam,0,3,3
Lued,3,0,3
Luedy,0,3,3
Luegiano,3,0,3
Luegina,0,3,3
Lueh-Wai,3,0,3
Luei,3,0,3
Lueia,0,3,3
Luej,3,0,3
Lueji,0,3,3
Lueke,3,0,3
Luël,3,0,3
Luel,3,0,3
Luelle,0,3,3
Luén,3,0,3
Luèna,0,3,3
Luendu,3,0,3
Luendy,3,0,3
Luène,0,3,3
Lueng,3,0,3
Luëngelly,0,3,3
Luenji,3,0,3
Luenne,0,3,3
Lueno,3,0,3
Luenzo,3,0,3
Luerd,3,0,3
Luerdes,0,3,3
Luerdsen,3,0,3
Luesca,0,3,3
Luesza,0,3,3
Lueta,0,3,3
Luethel,0,3,3
Luetske,0,3,3
Luetta,0,3,3
Luette,0,3,3
Luetzen,3,0,3
Luéva,0,3,3
Luewe,3,0,3
Lüey,3,0,3
Luezenda,0,3,3
Luezi-Zola,0,3,3
Lufenda,0,3,3
Lufenety,0,3,3
Luffin,3,0,3
Lufia,0,3,3
Lufian,3,0,3
Lufiene,0,3,3
Lufina,0,3,3
Lufloiana,0,3,3
Lufraindy,3,0,3
Lufrani,0,3,3
Lufthanya,0,3,3
Lüftü,3,0,3
Lufuakenda,0,3,3
Lufuluabo,3,0,3
Lufuluabu,3,0,3
Lufungulo,3,0,3
Lufuno,0,3,3
Lûg-cà,3,0,3
Lugai,3,0,3
Lugain,0,3,3
Lugana,0,3,3
Lugani,3,0,3
Luganno,3,0,3
Lügano,3,0,3
Lugardi,0,3,3
Lugarth,3,0,3
Lugea,0,3,3
Lugean,3,0,3
Lugein,0,3,3
Lugëna,0,3,3
Lugena,0,3,3
Lugencio,3,0,3
Lugené,3,0,3
Lugenia,0,3,3
Lugenio,3,0,3
Lugeno,3,0,3
Lugens,3,0,3
Lugentley,3,0,3
Lugently,3,0,3
Lugeny,0,3,3
Lugeretzio,3,0,3
Lugerus,3,0,3
Lugéshané,0,3,3
Lugeyn,3,0,3
Lúgh,3,0,3
Lúgh-Ryan,3,0,3
Lughano,3,0,3
Lughaya,0,3,3
Lughus,3,0,3
Lügia,0,3,3
Lugíano,3,0,3
Lugiene,0,3,3
Lugine,0,3,3
Luginio,3,0,3
Lugo,3,0,3
Lugon,3,0,3
Lugoria,0,3,3
Lugracia,0,3,3
Lugretchia,0,3,3
Lugrétia,0,3,3
Lugrezia,0,3,3
Lugunda,0,3,3
Luguorio,0,3,3
Lugyn,0,3,3
Luhadé,0,3,3
Luhan,3,0,3
Luhena,0,3,3
Luhgianno,3,0,3
Luhiana,0,3,3
Luhmyra,0,3,3
Luhne,0,3,3
Luhzin,3,0,3
Lui-Gino,3,0,3
Lui-Janice,0,3,3
Lui-Shawn,3,0,3
Luiana,0,3,3
Luiangelo,3,0,3
Luianij,0,3,3
Luibertus,3,0,3
Luice,0,3,3
Luicenzo,3,0,3
Luichandro,3,0,3
Luichella,0,3,3
Luïchene,3,0,3
Luichi,3,0,3
Luichjen,0,3,3
Luicianio,3,0,3
Luïciano,3,0,3
Luicie,3,0,3
Luicienne,0,3,3
Luiciëntiley,0,3,3
Luicino,3,0,3
Luïcio,3,0,3
Luicius,3,0,3
Luidberga,0,3,3
Luidgarda,0,3,3
Luidia,0,3,3
Luiduina,0,3,3
Luidwine,0,3,3
Luidwinus,3,0,3
Luiëndrick,3,0,3
Luiferdi,3,0,3
Luifried,3,0,3
Luigaina,0,3,3
Luigana,0,3,3
Luigayrick,3,0,3
Luigciano,3,0,3
Luigel,3,0,3
Luigerlyno,3,0,3
Luigery,3,0,3
Luiggi,3,0,3
Luighini,0,3,3
Luigi-Mario,3,0,3
Luigi-Omar,3,0,3
Luïgia,0,3,3
Luigiana,0,3,3
Luigiandro,3,0,3
Luigianna,0,3,3
Luigiena,0,3,3
Luigierick,3,0,3
Luigin,3,0,3
Luïgina,0,3,3
Luiginia,0,3,3
Luigison,3,0,3
Luigje,0,3,3
Luigji,3,0,3
Luije,3,0,3
Luijeanne,3,0,3
Luijenny,0,3,3
Luijo,3,0,3
Luijte,3,0,3
Luijtjan,3,0,3
Luikas,3,0,3
Luike,3,0,3
Luikiena,0,3,3
Luiksie,0,3,3
Luima,3,0,3
Luïmar,3,0,3
Luimargelo,3,0,3
Luimargen,3,0,3
Luïna,0,3,3
Luina-Abby,0,3,3
Luinaiska,0,3,3
Luinkiena,0,3,3
Luinkina,0,3,3
Luios,3,0,3
Luiqiano,3,0,3
Luiqino,3,0,3
Luireg,3,0,3
Luiriengely,0,3,3
Lúis,3,0,3
Luis-Albertico,3,0,3
Luïs-Alberto,3,0,3
Luis-Alessandro,3,0,3
Luis-Angelo,3,0,3
Luis-Anthony,3,0,3
Luis-Antonio,3,0,3
Luis-Ciano,3,0,3
Luis-Fernandez,3,0,3
Luis-Hayden,3,0,3
Luis-Ildo,3,0,3
Luis-Miguel,3,0,3
Luis-rey,3,0,3
Luis-Veron,3,0,3
Luĩsa,0,3,3
Luisalina,0,3,3
Luisandra,0,3,3
Luisandrino,3,0,3
Luisangel,3,0,3
Luisanne,0,3,3
Lŭise,0,3,3
Luisenka,0,3,3
Luiseño,3,0,3
Luisette,0,3,3
Luïsha,0,3,3
Luishantely,0,3,3
Luishayndro,3,0,3
Luïsi,0,3,3
Luïsia,0,3,3
Luisia,0,3,3
Luisiana,0,3,3
Luisierra,0,3,3
Luisina,0,3,3
Luisine,0,3,3
Luisionley,3,0,3
Luisjandro,3,0,3
Luismario,3,0,3
Luísmiguël,3,0,3
Luisse,0,3,3
Luissette,0,3,3
Luista,0,3,3
Luisudinio,3,0,3
Luisulino,3,0,3
Luita,0,3,3
Luitcia,0,3,3
Luite-Jan,3,0,3
Luitge,3,0,3
Luitgedina,0,3,3
Luitgerd,3,0,3
Luitgerda,0,3,3
Luitha,0,3,3
Luitjea,0,3,3
Luitske,0,3,3
Luitsz,3,0,3
Luitzens,3,0,3
Luitzje,0,3,3
Luitzn,3,0,3
Luiviënno,3,0,3
Luivieny,0,3,3
Luixiandra,0,3,3
Lúiz,3,0,3
Luíz-Antonio,3,0,3
Luìza,0,3,3
Luïza,0,3,3
Luize,0,3,3
Luizito,3,0,3
Luizylando,3,0,3
Lujah,3,0,3
Lujaine,0,3,3
Lujairo,3,0,3
Lujaylee-Lilly,0,3,3
Lujayna,0,3,3
Lujeen,0,3,3
Lujeesi,0,3,3
Lujena,0,3,3
Lujendrick,3,0,3
Lujeron,3,0,3
Lujet,0,3,3
Lujoski,0,3,3
Lujourney,0,3,3
Lujoy,3,0,3
Lujzika,0,3,3
Lûk,3,0,3
Luká,3,0,3
Luka-Lomé,0,3,3
Luka-Sean,3,0,3
Lukaan,3,0,3
Lukadi,0,3,3
Lukaï,3,0,3
Lukain,3,0,3
Lukalien,0,3,3
Lukalu,0,3,3
Lukard,3,0,3
Lukàš,3,0,3
Lukás,3,0,3
Lukas-Jan,3,0,3
Lukas-Marcel,3,0,3
Lukasia,0,3,3
Lukasiena,0,3,3
Lukasina,0,3,3
Lukaszoon,3,0,3
Lukather,3,0,3
Lukau,3,0,3
Lûkay,3,0,3
Lukaya,0,3,3
Lukazina,0,3,3
Lukba,3,0,3
Lukè,3,0,3
Lüke,0,3,3
Lûke,0,3,3
Luke-Michael,3,0,3
Lukéa,0,3,3
Lukeane,3,0,3
Lukeba,0,3,3
Lukemo,0,3,3
Lukeni,3,0,3
Lukênio,3,0,3
Lukenna,0,3,3
Lukens,3,0,3
Lukenta,3,0,3
Lukenya,0,3,3
Lukeyla,0,3,3
Lukgarda,0,3,3
Lukino,3,0,3
Lukja,3,0,3
Lukka,0,3,3
Lukkie,3,0,3
Lukkiene,0,3,3
Lukko,3,0,3
Lukla,0,3,3
Lukmaan,3,0,3
Lükman,3,0,3
Lukombo,0,3,3
Lukoo,3,0,3
Lukrecia,0,3,3
Lukrecja,0,3,3
Lukreza,0,3,3
Lukunga,3,0,3
Lukusa,3,0,3
Lukx,3,0,3
Lukyan,3,0,3
Lulah,0,3,3
Lulama,0,3,3
Lulav,0,3,3
Lulé,0,3,3
Lulea,0,3,3
Luleå,0,3,3
Luleta,0,3,3
Luli,0,3,3
Lulia,0,3,3
Lulian,0,3,3
Lulienska,0,3,3
Lulim,3,0,3
Lulofina,0,3,3
Lulofs,3,0,3
Lulú,0,3,3
Lulu-Mae,0,3,3
Lúlú-Marjana,0,3,3
Lulu-May,0,3,3
Lulubelle,0,3,3
Lülüfer,0,3,3
Lulugia,0,3,3
Luluh,0,3,3
Luluk,0,3,3
Lulya,0,3,3
Lulyana,0,3,3
Lumae,0,3,3
Lumaisa,0,3,3
Lumani,0,3,3
Lumarja,0,3,3
Lumas,3,0,3
Lumay,0,3,3
Lumba,0,3,3
Lumbai,3,0,3
Lumbamba,0,3,3
Lumbèrt,3,0,3
Lumdina,0,3,3
Lumé,0,3,3
Lumeda,0,3,3
Lumeelys,0,3,3
Lumeia,0,3,3
Lumel,0,3,3
Lumembela,3,0,3
Lumen-Sage,0,3,3
Lumen-Tijn,3,0,3
Lumèna,0,3,3
Lumengo,0,3,3
Lumiara,0,3,3
Lumiek,0,3,3
Lumielle,0,3,3
Lumiëlle,0,3,3
Lumiére,3,0,3
Lumière,0,3,3
Lumiére-Abgaïl,0,3,3
Lumijra,0,3,3
Lumilla,0,3,3
Lumimuut,0,3,3
Lumin,3,0,3
Lumines,3,0,3
Luming,3,0,3
Lumingo,3,0,3
Lumini,3,0,3
Luminitza,0,3,3
Luminosa,3,0,3
Lumisna,0,3,3
Lumkje,0,3,3
Lumma,0,3,3
Lumme,0,3,3
Lummegriet,0,3,3
Lummette,0,3,3
Lumminda,0,3,3
Lummugje,0,3,3
Lumni,0,3,3
Lumnwi-Sirri,0,3,3
Lumobi,0,3,3
Lumongga,0,3,3
Lumos,3,0,3
Lumowa,3,0,3
Lumpeyani,0,3,3
Lumraicha,0,3,3
Lumturi,0,3,3
Lumturie,0,3,3
Lumu,0,3,3
Lumuanganu,0,3,3
Lumumba,3,0,3
Lumy,0,3,3
Lumyanne-Klazina,0,3,3
Lún,3,0,3
Lunã,0,3,3
Lună,0,3,3
Lũna,0,3,3
Lùna,0,3,3
Luna-Angel,0,3,3
Luna-Anna,0,3,3
Luna-Auriane,0,3,3
Luna-Britt,0,3,3
Luna-Celine,0,3,3
Luna-Dawn,0,3,3
Luna-Deirdre,0,3,3
Luna-Esmee,0,3,3
Luna-Estelle,0,3,3
Luna-Fae,0,3,3
Luna-Faie,0,3,3
Luna-Fayy,0,3,3
Luna-Helena,0,3,3
Luna-J,0,3,3
Luna-Jade,0,3,3
Luna-Jolé,0,3,3
Luna-Jona,0,3,3
Luna-Lilly,0,3,3
Luna-Lisa,0,3,3
Luna-Loredana,0,3,3
Luna-Louise,0,3,3
Luna-Madée,0,3,3
Luna-Maria,0,3,3
Luna-Merlijn,0,3,3
Luna-Michelle,0,3,3
Luna-Milou,0,3,3
Luna-Misha,0,3,3
Luna-Naomi,0,3,3
Luna-Nova,0,3,3
Luna-Rae,0,3,3
Luna-Romee,0,3,3
Luna-Rosa,0,3,3
Luna-Rossa,0,3,3
Luna-Sage,0,3,3
Luna-Siënna,0,3,3
Luna-Sofia,0,3,3
Luna-Sofie,0,3,3
Luna-Vanita,0,3,3
Luna-Zara,0,3,3
Lunádia,0,3,3
Lunadora,0,3,3
Lunae,0,3,3
Lunafreya,0,3,3
Lúnah,0,3,3
Lunah-Aimee,0,3,3
Lunaila,0,3,3
Lunairis,0,3,3
Lunairo,3,0,3
Lunaisha,0,3,3
Lunaisly,0,3,3
Lunamare,0,3,3
Lunamé,0,3,3
Lunan,3,0,3
Lunancia,0,3,3
Lunanicia,0,3,3
Lúnara,0,3,3
Lunawati,0,3,3
Lunaya,0,3,3
Lunaycha,0,3,3
Lunayvery,0,3,3
Lunceni,3,0,3
Lundja,0,3,3
Lundresa,0,3,3
Lundsberg,3,0,3
Lundula,3,0,3
Lundy,0,3,3
Lunè,0,3,3
Lune-Blu,0,3,3
Lune-Lore,0,3,3
Luned,0,3,3
Lunell,0,3,3
Luner,3,0,3
Lunettina,0,3,3
Lunford,3,0,3
Lunga,3,0,3
Lungele,3,0,3
Lungile,0,3,3
Lunica,0,3,3
Luningh,3,0,3
Lunio,3,0,3
Lunischo,3,0,3
Lunisha,0,3,3
Lunly,0,3,3
Lunn,3,0,3
Lunoa,0,3,3
Lunoá,0,3,3
Lunorijn,3,0,3
Lunou,0,3,3
Lunt,3,0,3
Lunteréa,0,3,3
Luntha,3,0,3
Luny,0,3,3
Lunyia,0,3,3
Luobna,0,3,3
Luolan,0,3,3
Luon,3,0,3
luon,3,0,3
Luona,0,3,3
Luony,0,3,3
Lupaka,3,0,3
Lupchien,0,3,3
Lupchine,0,3,3
Lupeolo,0,3,3
Lupfina,0,3,3
Luphine,0,3,3
Lupicin,3,0,3
Lupien,0,3,3
Lupiëra,0,3,3
Lupin,3,0,3
Lupna,0,3,3
Luppen,3,0,3
Luppine,0,3,3
Luppochiena,0,3,3
Luppodina,0,3,3
Luppogiena,0,3,3
Lupuka,3,0,3
Luqas,3,0,3
Luqe,3,0,3
Luqencio,3,0,3
Luqmane,3,0,3
Luqmen,3,0,3
Luquena,0,3,3
Luquene,3,0,3
Luquenio,3,0,3
Luquianus,3,0,3
Luquina,0,3,3
Luquincio,3,0,3
Luquinda,0,3,3
Luquisha,0,3,3
Luraida,0,3,3
Luraychan,3,0,3
Lurayna,0,3,3
Lurdjen,0,3,3
Lurds,0,3,3
Lurdy,0,3,3
Lurea,0,3,3
Lureace,0,3,3
Lureen,0,3,3
Luren,0,3,3
Lurencio,3,0,3
Lurené,0,3,3
Lurene,0,3,3
Lurentley,3,0,3
Lurenzo,3,0,3
Lureon,3,0,3
Lurëon,3,0,3
Luricha,3,0,3
Lurieke,0,3,3
Luriël,3,0,3
Luriëndy,3,0,3
Lurnia,0,3,3
Luromi,3,0,3
Lürs,3,0,3
Lurstan,3,0,3
Lurvannyo,3,0,3
Lurvin,3,0,3
Lurweny,0,3,3
lus,0,3,3
Lus,0,3,3
Lus-Angely,0,3,3
Lus-Maria,0,3,3
Lus-Maryana,0,3,3
Lus-Shainy,0,3,3
Lus-Yen,3,0,3
Lusaini,0,3,3
Lusaira,0,3,3
Lusala,3,0,3
Lusamba,0,3,3
Lusambu,3,0,3
Lusandre,3,0,3
Lusandros,3,0,3
Lusane,0,3,3
Lusanga,3,0,3
Lusani,3,0,3
Lusannah,0,3,3
Lusantha,0,3,3
Lusasilu,0,3,3
Lusayka,0,3,3
Lusbette,0,3,3
Luscha,0,3,3
Luschara,0,3,3
Lusche,0,3,3
Luschenda,0,3,3
Luscy,0,3,3
Lusdairis,0,3,3
Lusdayni,0,3,3
Lusè,0,3,3
Luselle,0,3,3
Lusene,3,0,3
Luséne,0,3,3
Lusenia,0,3,3
Lusevana,0,3,3
Lusevikueno,3,0,3
Lusevina,3,0,3
Luseya,0,3,3
Lusgernaira,0,3,3
Lusha,0,3,3
Lushaimy,0,3,3
Lushaina,0,3,3
Lushaine,0,3,3
Lushainis,0,3,3
Lushaiño,3,0,3
Lushaino,3,0,3
Lushaintly,0,3,3
