Name,Men,Women,Total
Maria,468188,1401382,1869570
Marinus,119229,707,119936
Martinus,112919,1300,114219
Margaretha,2837,110712,113549
Marie,47443,44285,91728
Martina,722,51313,52035
Monique,434,48092,48526
Marcel,45331,318,45649
Martijn,43511,102,43613
Maarten,42311,49,42360
Marianne,343,38280,38623
Mark,38057,87,38144
Michael,36060,375,36435
Martin,33286,230,33516
Marco,30889,169,31058
Michel,30409,348,30757
Michiel,25546,178,25724
Martha,573,24007,24580
Magdalena,625,22972,23597
Maaike,18,23562,23580
Marijke,82,23211,23293
Marieke,33,22319,22352
Michelle,83,22073,22156
Matthijs,21834,33,21867
Miranda,163,21020,21183
Marcus,20788,316,21104
Max,20960,101,21061
Mike,19042,60,19102
Maartje,15,19050,19065
Mirjam,48,18437,18485
Marc,17889,148,18037
Martine,65,17896,17961
Marina,89,17329,17418
Maurice,16896,392,17288
Mathijs,16447,392,16839
Marjolein,28,16783,16811
Manon,102,15929,16031
Milan,15574,109,15683
Monica,219,14946,15165
Melissa,31,14730,14761
Mathilda,813,13551,14364
Mariska,23,13636,13659
Matheus,13037,603,13640
Marius,13478,60,13538
Maud,61,13042,13103
Marijn,10135,2879,13014
Merel,7,12548,12555
Marije,6,12522,12528
Mohamed,11787,524,12311
Margriet,189,12075,12264
Michaël,11976,267,12243
Marion,253,11788,12041
Melanie,127,11802,11929
Marit,8,11651,11659
Mathias,10485,812,11297
Mattheus,11005,80,11085
Menno,10875,12,10887
Marleen,97,10776,10873
Mathilde,681,10147,10828
Marloes,14,10715,10729
Mandy,62,10568,10630
Marten,10568,3,10571
Mees,9379,442,9821
Milou,20,8984,9004
Marjan,71,8881,8952
Mariëlle,69,8494,8563
Maurits,7992,32,8024
Myrthe,6,7905,7911
Mila,28,7465,7493
Mohammed,7061,124,7185
Matthias,7096,76,7172
Mathieu,6536,446,6982
Miriam,99,6755,6854
Mathea,122,6562,6684
Mario,6541,123,6664
Marian,239,6403,6642
Marja,17,6451,6468
Maikel,6426,25,6451
Mats,6332,9,6341
Melvin,6142,14,6156
Maatje,11,6088,6099
Mitchell,5975,20,5995
Meike,11,5881,5892
Machiel,5847,31,5878
Mieke,51,5772,5823
Maureen,28,5680,5708
Margot,56,5637,5693
Margje,3,5549,5552
Maxime,890,4372,5262
Markus,4981,55,5036
Mick,4920,37,4957
Marlies,76,4878,4954
Mireille,18,4894,4912
Margreet,8,4785,4793
Mary,144,4630,4774
Marcella,28,4741,4769
Mika,4318,254,4572
Manuel,4521,25,4546
Mirthe,5,4475,4480
Merijn,4218,244,4462
Manuela,49,4355,4404
Madelief,3,4256,4259
Marvin,4164,20,4184
Marjolijn,8,4156,4164
Mechelina,145,4012,4157
Minke,30,4114,4144
Marcellinus,4115,17,4132
Martje,12,4118,4130
Madeleine,80,4033,4113
Melle,3904,181,4085
Meindert,4034,10,4044
Mara,15,4016,4031
Marjon,26,3953,3979
Mart,3837,29,3866
Madelon,6,3849,3855
Mitchel,3719,9,3728
Marrigje,3,3695,3698
Megan,3,3673,3676
Martien,3319,275,3594
Mariëtte,64,3517,3581
Marnix,3575,6,3581
Mustafa,3544,33,3577
Mehmet,3300,3,3303
Merlijn,2681,508,3189
Morris,3121,25,3146
Maxim,3024,121,3145
Marcellus,3053,63,3116
Micha,2928,187,3115
Mare,31,3077,3108
Muhammed,3014,3,3017
Mina,52,2910,2962
Maximiliaan,2921,32,2953
Marissa,7,2938,2945
Margo,69,2868,2937
Merle,20,2864,2884
Margretha,28,2805,2833
Mia,83,2746,2829
Marlon,1770,1009,2779
Moniek,15,2737,2752
Marianna,29,2668,2697
Matthew,2681,3,2684
Mirte,3,2672,2675
Marjanne,5,2580,2585
Mirella,10,2430,2440
Marie-Louise,128,2310,2438
Mischa,1905,498,2403
Mechtilda,165,2220,2385
Marga,57,2300,2357
Mae,7,2268,2275
Machteld,6,2219,2225
Mette,26,2194,2220
Margaret,18,2195,2213
Mason,2142,6,2148
Milo,2123,20,2143
Mascha,11,2105,2116
Marlou,29,2025,2054
Miguel,2021,10,2031
Matthea,11,2012,2023
Malou,5,2007,2012
Maya,14,1989,2003
Margareta,60,1942,2002
Mitch,1925,7,1932
Metje,3,1924,1927
Manouk,12,1902,1914
Meta,5,1909,1914
Marchien,3,1905,1908
Marlene,19,1804,1823
Mert,1809,0,1809
Melchior,1762,28,1790
May,48,1718,1766
Marretje,3,1761,1764
Margrietha,3,1733,1736
Maike,44,1675,1719
Maik,1713,5,1718
Marthe,17,1648,1665
Meryem,0,1645,1645
Marcia,11,1600,1611
Michèle,45,1519,1564
Murat,1554,0,1554
Marijtje,0,1548,1548
Marjo,177,1362,1539
Margarethe,30,1507,1537
Mira,11,1525,1536
Marguerite,27,1495,1522
Maryam,0,1516,1516
Marike,3,1512,1515
Margarita,28,1472,1500
Marrit,0,1488,1488
Merve,3,1446,1449
Mijntje,13,1434,1447
Manfred,1419,17,1436
Mechtildis,352,1051,1403
Matthieu,1372,21,1393
Marley,645,740,1385
Marcelle,56,1325,1381
Marin,444,928,1372
Michaela,13,1350,1363
Monika,18,1337,1355
Michaëla,3,1343,1346
Martijntje,3,1302,1305
Marien,1255,45,1300
Marko,1274,3,1277
Maas,1261,10,1271
Marly,49,1222,1271
Magda,29,1241,1270
Marciano,1263,3,1266
Mayke,6,1249,1255
Marita,27,1201,1228
Maja,14,1198,1212
Mylène,3,1203,1206
Marlous,3,1197,1200
Myrna,3,1183,1186
Marcelis,1172,10,1182
Mari,781,396,1177
Mohammad,1147,26,1173
Marielle,6,1155,1161
Margrieta,5,1153,1158
Melody,3,1154,1157
Mariam,10,1145,1155
Minne,979,168,1147
Myra,9,1123,1132
Margreta,28,1099,1127
Melis,837,290,1127
Marie-José,63,1062,1125
Matteo,1117,3,1120
Meine,1086,27,1113
Melisa,0,1098,1098
Mariette,27,1070,1097
Mauro,1068,3,1071
Marjoleine,3,1057,1060
Moos,980,55,1035
Meintje,0,1030,1030
Marlijn,22,995,1017
Mercedes,16,1000,1016
Muriël,8,1007,1015
Marsha,3,1011,1014
Mels,1003,3,1006
Mattijs,993,3,996
Myriam,29,958,987
Marjorie,6,979,985
Miquel,968,10,978
Manou,25,944,969
Manja,6,955,961
Marigje,3,948,951
Mirre,9,912,921
Maren,27,893,920
Mattheüs,909,3,912
Myron,760,152,912
Marisa,5,906,911
Misha,665,246,911
Mijke,0,906,906
Marith,3,904,907
Marlène,20,869,889
Marcello,880,6,886
Marinka,5,877,882
Mariëlla,13,867,880
Marianus,873,3,876
Marietje,3,869,872
Melinda,3,865,868
Mannes,865,0,865
Maura,3,855,858
Moreno,845,7,852
Muriel,17,817,834
Mayra,3,815,818
Marte,34,781,815
Mickey,649,156,805
Malika,3,800,803
Majella,324,476,800
Margit,6,790,796
Mounir,792,3,795
Marguérite,14,777,791
Maximilian,787,3,790
Marij,59,717,776
Mink,753,22,775
Milena,3,771,774
Mijndert,769,0,769
Mik,716,47,763
Malik,739,18,757
Marouane,752,0,752
Mildred,6,745,751
Michèl,715,33,748
Marwa,0,736,736
Mikail,721,0,721
Morgan,332,386,718
Mattanja,117,594,711
Mabel,3,700,703
Margarete,10,691,701
Marilyn,3,696,699
Mauritius,665,33,698
Mariël,10,682,692
Mads,684,3,687
Maryse,3,681,684
Melina,3,678,681
Melek,3,671,674
Margret,18,654,672
Mylan,653,14,667
Margien,3,663,666
Myrte,0,664,664
Marinda,3,661,664
Midas,659,3,662
Margareth,16,643,659
Marthijn,648,3,651
Marry,15,634,649
Mariët,3,645,648
Meinardus,644,0,644
Marlena,10,622,632
Mourad,629,3,632
Maxine,3,623,626
Marcha,3,621,624
Ming,449,176,625
Mattias,619,0,619
Marise,3,615,618
Mies,88,526,614
Mirelle,3,606,609
Marika,6,596,602
Micky,285,311,596
Marcellino,591,3,594
Mechtilde,93,501,594
Manal,0,593,593
Mignon,12,578,590
Melany,3,585,588
Michella,3,583,586
Mariana,11,573,584
Mechteld,10,571,581
Miraç,568,12,580
Marlieke,0,575,575
Marino,565,9,574
Milano,570,3,573
Matz,568,3,571
Mendy,3,564,567
Musa,553,11,564
Maudy,3,558,561
Minou,6,549,555
Marlie,18,535,553
Merlin,157,395,552
Meeuwis,547,3,550
Mariëtta,5,541,546
Manu,476,68,544
Muhammet,543,0,543
Melike,0,538,538
Muhammad,529,3,532
Macy,5,521,526
Margaritha,14,510,524
Mikey,521,3,524
Miles,511,7,518
Meint,513,3,516
Manar,3,512,515
Marchiena,3,513,516
Mientje,3,509,512
Maddy,37,475,512
Mariken,3,509,512
Manisha,3,504,507
Michèlle,3,498,501
Manoah,360,134,494
Marwan,491,3,494
Meriam,12,476,488
Mehdi,474,10,484
Meis,15,467,482
Micah,463,19,482
Mirza,438,44,482
Mona,3,479,482
Marisca,3,477,480
Marijne,3,470,473
Marilène,3,461,464
Mateo,460,3,463
Melih,461,0,461
Mozes,460,3,463
Matje,10,450,460
Mex,350,110,460
Malissa,3,456,459
Mechtelina,3,456,459
Matheas,427,28,455
Manna,3,450,453
Marchel,452,3,455
Metin,452,0,452
Magrietha,3,450,453
Maris,281,170,451
Marjet,3,447,450
Marie-Claire,3,445,448
Mellanie,3,441,444
Marouan,439,0,439
Malak,5,432,437
Marlinde,0,437,437
Mikki,32,405,437
Marlot,0,436,436
Maayke,3,433,436
Mikel,430,3,433
Mimi,3,423,426
Mariah,3,423,426
Masja,3,424,427
Marie-Anne,10,414,424
Machelina,0,421,421
Marcelino,413,8,421
Mayson,420,3,423
Mariet,36,384,420
Melania,18,400,418
Maroua,0,414,414
Marscha,3,410,413
Mathis,399,13,412
Marlin,128,281,409
Maysa,3,407,410
Marcelus,399,3,402
Mustapha,400,3,403
Marijnus,401,3,404
Mahmut,398,0,398
Mirna,3,395,398
Meinte,389,3,392
Miray,8,385,393
Minh,311,79,390
Mai,25,359,384
Marjanna,3,382,385
Moussa,377,7,384
Marnick,379,3,382
Meryam,0,377,377
Marta,3,367,370
Magnus,368,3,371
Martino,356,14,370
Mirko,369,3,372
Michele,221,144,365
Magrieta,0,362,362
Mylo,357,3,360
Machtilda,10,350,360
Manolito,355,5,360
Mickel,358,3,361
Mahmoud,279,77,356
Moira,3,352,355
Matt,353,0,353
Maximus,349,3,352
Mettje,0,352,352
Morena,3,351,354
Maxwell,350,3,353
Marrie,9,341,350
Mace,334,15,349
Mélanie,3,343,346
Mahir,345,3,348
Malcolm,342,3,345
Metta,3,343,346
Margrita,0,344,344
Mirjan,3,343,346
Maeve,3,339,342
Meral,3,340,343
Megchelina,10,329,339
Margrethe,3,330,333
Maher,318,8,326
Meredith,5,319,324
Milton,321,3,324
Micheline,6,315,321
Medina,6,314,320
Martines,315,3,318
Masha,3,316,319
Miley,3,316,319
Meltem,3,317,320
Magretha,3,314,317
Marinde,0,315,315
Myla,0,312,312
Maagje,0,310,310
Menke,40,270,310
Mano,306,3,309
Marilou,3,308,311
Milana,0,309,309
Maite,3,307,310
Maykel,301,6,307
Matty,66,237,303
Misja,213,90,303
Madeline,0,302,302
Maickel,300,3,303
Margritha,3,301,304
Miryam,3,299,302
Malu,3,300,303
Marcellina,3,296,299
Mesut,300,0,300
Marie-Thérèse,23,276,299
Mariano,291,6,297
Menne,287,8,295
Minze,293,3,296
Marty,192,102,294
Meyra,0,294,294
Meinsje,0,293,293
Milko,291,3,294
Marre,15,277,292
Mel,205,87,292
Mijs,3,287,290
Merit,0,289,289
Marek,286,3,289
Mathijn,286,3,289
Melda,3,283,286
Miran,272,15,287
Madelein,9,277,286
Marchje,0,286,286
Margreeth,0,286,286
Marlien,0,285,285
Maico,284,0,284
Margina,3,280,283
Manuël,277,0,277
Malin,9,267,276
Massimo,271,3,274
Marietta,3,272,275
Marlo,216,52,268
Manita,3,266,269
Maasje,0,266,266
Mans,264,3,267
Meghan,0,266,266
Martini,32,233,265
Mack,261,3,264
Morrison,247,15,262
Marlotte,0,261,261
Miel,254,6,260
Maes,253,6,259
Milly,3,255,258
Marinke,0,258,258
Meagan,3,257,260
Milco,258,0,258
Mariella,3,254,257
Maron,123,134,257
Mas,248,9,257
Mehtap,0,256,256
Mient,256,0,256
Marli,12,240,252
Mea,3,250,253
Menko,248,0,248
Majorie,3,246,249
Marchina,0,247,247
Mareille,0,246,246
Marija,3,243,246
Mathia,13,233,246
Mikai,244,3,247
Mindert,246,0,246
Marijntje,11,234,245
Marcelinus,238,5,243
Mettina,0,243,243
Marleentje,3,239,242
Miep,3,239,242
Marwin,237,3,240
Mete,239,3,242
Magali,3,238,241
Mariem,0,239,239
Madison,16,222,238
Mounia,3,237,240
Meggie,0,237,237
Mathew,232,3,235
Matilda,6,228,234
Mietje,0,234,234
Mikael,234,0,234
Moon,42,192,234
Manuella,3,231,234
Medine,0,232,232
Metehan,232,0,232
Menna,3,228,231
Mouna,0,229,229
Michal,105,121,226
Manasse,219,5,224
Milad,217,7,224
Moïse,29,194,223
Marck,218,3,221
Maximilianus,219,3,222
Murk,220,0,220
Maddox,207,10,217
Maran,45,172,217
Maurizio,217,0,217
Maggie,3,214,217
Mary-Ann,3,215,218
Melia,0,216,216
Mattie,71,144,215
Mayla,0,215,215
Mintje,31,184,215
Marye,0,213,213
Marcellis,203,9,212
Mervin,209,3,212
Moritz,207,3,210
Mouad,211,0,211
Marieta,7,203,210
Milla,3,209,212
Marceline,3,207,210
Manus,206,3,209
Magcheltje,0,206,206
Mindy,0,205,205
Menso,204,0,204
Mimoun,202,3,205
Mirac,198,6,204
Mahamed,132,71,203
Margrietje,0,203,203
Marlinda,3,201,204
Mattijn,199,3,202
Mahdi,187,14,201
Mien,26,175,201
Myranda,3,199,202
Marchienus,200,0,200
Marein,118,82,200
Marline,3,199,202
Mendel,169,31,200
Matijs,198,3,201
Marle,7,189,196
Madelaine,3,192,195
Magdalene,3,192,195
Margherita,3,192,195
Marjolijne,0,195,195
Mensje,0,195,195
Merrigje,0,195,195
Marie-Antoinette,3,192,195
Mauricio,191,3,194
Metha,3,192,195
Marcelina,3,192,195
Marinthe,0,193,193
Matisse,176,17,193
Mexx,104,89,193
Margaux,3,191,194
Marionne,3,191,194
Madée,3,189,192
Marquerite,3,188,191
Mylou,0,191,191
Menzo,189,0,189
Marjanneke,0,188,188
Marritje,0,188,188
Marie-Jeanne,17,170,187
Marjoke,3,186,189
Mavis,9,177,186
Mattia,156,29,185
Meerten,182,3,185
Minnekus,184,3,187
Maira,3,183,186
Malaika,3,183,186
Mirande,3,180,183
Montana,53,131,184
Marèl,3,182,185
Marenthe,0,181,181
Margie,3,177,180
Martzen,15,166,181
Michelina,5,176,181
Minka,3,179,182
Matteüs,179,3,182
Marlissa,0,179,179
Mirian,6,171,177
Magriet,3,172,175
Majid,165,11,176
Moustafa,154,22,176
Mica,121,54,175
Mannus,174,0,174
Maricus,172,3,175
Mine,3,171,174
Mattheo,170,3,173
Mechtildus,106,66,172
Matthëus,171,0,171
Musab,168,0,168
Maiko,164,3,167
Marisha,3,165,168
Maroesja,0,166,166
Mikayla,3,164,167
Maryke,0,165,165
Mady,7,157,164
Magchiel,163,3,166
Minna,0,164,164
Marlise,3,162,165
Mackenzie,19,143,162
Maritza,0,161,161
Mevlüt,161,0,161
Mieneke,0,161,161
Morten,159,3,162
Maurijn,153,7,160
Meggy,0,160,160
Minette,3,159,162
Marjelle,3,158,161
Martiena,3,158,161
Mente,122,37,159
Matilde,3,157,160
Maggeltje,0,157,157
Magrita,0,157,157
Majda,0,157,157
Marthina,3,155,158
Merith,3,156,159
Margarietha,3,155,158
Margiena,3,155,158
Maudi,3,155,158
Mechiel,156,0,156
Mauk,143,12,155
Meeuwes,152,3,155
Maggy,3,152,155
Marginus,154,0,154
Mellissa,0,154,154
Mirja,3,151,154
Memphis,136,17,153
Madee,9,143,152
Matthé,149,3,152
Magritha,0,151,151
Marjory,0,151,151
Mervyn,151,0,151
Mac,144,6,150
Marchinus,150,0,150
Marguerita,3,149,152
Marianneke,0,150,150
Marileen,0,150,150
Maryem,0,150,150
Mathildus,149,3,152
Marlyn,3,145,148
Mechtild,12,137,149
Menze,149,0,149
Milja,3,148,151
Madelène,3,145,148
Marines,145,3,148
Matheo,144,3,147
Meije,108,40,148
Milène,0,148,148
Miro,143,5,148
Mostafa,126,22,148
Mariena,0,147,147
Magaretha,3,144,147
Margrit,3,143,146
Maissa,3,144,147
Manoa,30,114,144
Margreth,3,141,144
Maruschka,3,143,146
Melati,0,144,144
Madelinde,0,142,142
Meijer,135,7,142
Marthin,141,0,141
Matthia,19,122,141
Mengsje,0,141,141
Minte,24,117,141
Miron,86,55,141
Maylin,0,140,140
Meyke,3,138,141
Math,107,32,139
Macey,0,138,138
Marienus,136,3,139
Mathé,130,8,138
Mèlanie,0,138,138
Malon,3,134,137
Marèll,3,135,138
Mikay,136,3,139
Maritha,3,135,138
Maxx,133,3,136
Margarethus,134,0,134
Margrete,0,134,134
Mattis,132,3,135
Mauritz,132,3,135
Molly,3,131,134
Marjolijntje,0,133,133
Meliha,0,133,133
Muriëlle,3,132,135
Marcelia,3,131,134
Mikaela,0,132,132
Marente,0,131,131
Marie-Christine,3,128,131
Martiene,3,130,133
Mathildis,57,74,131
Meysa,0,130,130
Marik,126,3,129
Miena,0,129,129
Madieke,0,128,128
Marjam,0,128,128
Marrianne,0,128,128
Mena,17,111,128
Marianka,3,125,128
Miek,9,118,127
Mellany,0,126,126
Matheüs,123,3,126
Matthéüs,125,0,125
Maximiliano,125,0,125
Mirco,124,3,127
Madé,27,97,124
Menthe,8,116,124
Mikal,85,39,124
Minthe,0,124,124
Maks,116,7,123
Machteltje,0,122,122
Margeretha,5,117,122
Marisol,0,122,122
Marthijs,122,0,122
Mense,122,0,122
Michelangelo,121,3,124
Machtelt,0,121,121
Marjella,3,118,121
Mauritia,0,121,121
Mirjana,0,121,121
Magtilda,3,119,122
Marieka,0,120,120
Manda,3,118,121
Marouschka,0,119,119
Matthijn,119,0,119
Mya,0,119,119
Marica,0,118,118
Marla,3,117,120
Mecheline,3,115,118
Maj,3,114,117
Mareno,116,3,119
Marshall,116,3,119
Meera,0,117,117
Muzaffer,116,3,119
Merian,3,114,117
Michon,84,32,116
Minouche,3,115,118
Mohamad,111,5,116
Madina,0,115,115
María,7,108,115
Mathys,115,0,115
Matthys,115,0,115
Maybritt,0,115,115
Michaëlla,3,114,117
Mihriban,0,115,115
Myke,21,94,115
Malena,3,113,116
Mark-Jan,114,0,114
Martie,37,77,114
Mahad,100,13,113
Marnik,113,0,113
Marthinus,112,3,115
Melchert,113,0,113
Marcos,104,8,112
Maretje,0,112,112
Marriët,3,110,113
Mathies,112,0,112
Matti,89,23,112
Mayte,0,112,112
Miko,99,13,112
Madelijn,0,111,111
Matthanja,26,85,111
Merlijne,0,111,111
Milas,111,0,111
Moses,108,3,111
Macheltje,0,110,110
Marcelo,110,0,110
Marloe,3,109,112
Martyn,110,0,110
Matias,109,3,112
Melvyn,109,3,112
Michell,89,21,110
Miralda,0,110,110
Miracle,18,91,109
Maroussia,0,108,108
Ment,107,3,110
Machalina,0,107,107
Maia,3,106,109
Mar,40,67,107
Marcela,0,107,107
Mariane,3,105,108
Meadow,5,102,107
Michail,107,0,107
Moana,3,105,108
Mylene,3,106,109
Maurik,106,0,106
Melisje,0,106,106
Micheal,104,3,107
Murielle,0,106,106
Muus,98,8,106
Machteldje,3,104,107
Mayron,99,6,105
Meinke,0,105,105
Mijnsje,0,105,105
Mariandel,0,104,104
Marie-Josée,3,101,104
Marieken,0,104,104
Mauri,28,76,104
Meino,54,50,104
Mickael,104,0,104
Minouk,3,103,106
Morad,104,0,104
Mallory,3,101,104
Maximillian,102,3,105
Mellina,0,103,103
Milica,0,103,103
Maceo,100,3,103
Marchano,102,0,102
Marinis,101,3,104
Marti,52,50,102
Martijna,0,102,102
Marylou,3,98,101
Meile,98,3,101
Maria-Louise,3,99,102
Marlein,3,98,101
Marléne,3,98,101
Menco,101,0,101
Michél,94,7,101
Mücahit,101,0,101
Maël,84,16,100
Maroeska,0,100,100
Matijn,100,0,100
Misty,3,99,102
Madonna,0,99,99
Marca,3,97,100
Maryn,84,15,99
Merwin,97,3,100
Miloe,0,99,99
Mary-Jane,0,98,98
Melita,0,98,98
Michaella,3,97,100
Muharrem,98,0,98
Maeike,0,97,97
Magteld,0,97,97
Marinella,0,97,97
Mebius,97,0,97
Micaela,0,97,97
Mitzi,3,93,96
Madhavi,0,96,96
Magiel,94,3,97
Maximiliana,3,95,98
Mertcan,96,0,96
Maika,7,88,95
Marciana,3,93,96
Margré,3,93,96
Muammer,95,0,95
Mylena,0,95,95
Manel,33,61,94
Martienus,93,3,96
Marylène,0,94,94
Maxima,0,94,94
Mille,11,83,94
Mineke,0,94,94
Monisha,0,94,94
Manoek,3,89,92
Merlyn,22,71,93
Mienke,0,93,93
Manuëla,3,91,94
Marcelles,91,3,94
Maresa,3,89,92
Matteus,89,3,92
Millie,3,90,93
Mirle,0,92,92
Monte,89,3,92
Maichel,91,0,91
Malinda,0,91,91
Mariama,0,91,91
Marya,3,90,93
Michou,6,85,91
Maro,73,17,90
Meeke,3,89,92
Michela,3,88,91
Mohcine,90,0,90
Maral,3,88,91
Marel,6,83,89
Maysae,0,89,89
Melroy,89,0,89
Menje,0,89,89
Maddie,3,85,88
Mathëus,86,3,89
Meina,3,86,89
Melika,0,88,88
Metske,86,3,89
Myrddin,68,20,88
Mannie,26,61,87
Marsja,3,85,88
Mechtildes,18,69,87
Mingus,86,3,89
Modesta,3,86,89
Mohini,0,87,87
Macha,0,86,86
Magreta,3,84,87
Marijanne,0,86,86
Marlina,0,86,86
Mee,3,85,88
Madeleen,3,84,87
Margariet,3,81,84
Mária,3,82,85
Marjanka,0,85,85
Martinique,9,76,85
Meiske,0,85,85
Mello,83,3,86
Milka,3,84,87
Mint,16,69,85
Misaël,83,3,86
Marlijne,0,84,84
Marlisa,3,83,86
Mini,3,83,86
Maram,3,82,85
Margarieta,3,82,85
Marilene,3,82,85
Massimiliano,83,0,83
Mensina,0,83,83
Monja,3,81,84
Manny,42,40,82
Margery,3,81,84
Mariola,0,82,82
Merdan,82,0,82
Merten,82,0,82
Mery,3,81,84
Mettinus,82,0,82
Mijna,0,82,82
Muna,3,78,81
Madelyn,0,81,81
Marella,3,80,83
Marijan,6,75,81
Marjette,3,80,83
Marriëtte,3,79,82
Martend,81,0,81
Melani,0,81,81
Minerva,3,80,83
Miró,69,12,81
Miya,0,81,81
Monic,0,81,81
Moshe,79,3,82
Müberra,0,81,81
Magdelena,0,80,80
Matin,73,7,80
Maurien,0,80,80
Miente,76,3,79
Mikaël,79,3,82
Moesa,80,0,80
Muhamed,78,3,81
Manolya,0,79,79
Marah,0,79,79
Marenne,0,79,79
Margôt,3,76,79
Marouscha,0,79,79
Mechelinus,79,0,79
Mehmed,78,3,81
Miki,10,69,79
Molle,77,3,80
Moulay,78,3,81
Mahalia,0,78,78
Maret,3,77,80
Mercy,3,75,78
Minguel,77,3,80
Miny,3,77,80
Murad,72,6,78
Muskaan,0,78,78
Maelynn,0,77,77
Mansour,65,12,77
Marielouise,8,69,77
Marijcke,0,77,77
Mayk,75,3,78
Meia,0,77,77
Mali,3,72,75
Manuelle,3,72,75
Marijse,3,75,78
Mattheas,75,3,78
Milenka,0,76,76
Maryan,0,75,75
Maury,21,54,75
Meinard,73,3,76
Murkje,0,75,75
Magreet,3,73,76
Mamadou,72,3,75
Marischka,0,74,74
Meri,0,74,74
Minko,73,3,76
Machielia,0,73,73
Madalena,0,73,73
Maick,73,0,73
Manish,71,3,74
Massin,73,0,73
Magthilda,0,72,72
Marick,72,0,72
Marijna,3,70,73
Markwin,72,0,72
Meander,29,43,72
Miloud,69,3,72
Mutiara,3,69,72
Malia,3,69,72
Marcelline,3,68,71
Margienus,71,0,71
Margreetje,0,71,71
Mariel,6,65,71
Marnie,3,70,73
Maroesjka,0,71,71
Meaghan,0,71,71
Medardus,67,3,70
Meriç,53,18,71
Meva,0,71,71
Magteltje,0,70,70
Maribel,0,70,70
Marie-Elise,3,66,69
Marilena,0,70,70
Marinette,3,67,70
Martinie,12,58,70
Matheu,61,9,70
Meie,11,59,70
Memet,70,0,70
Men,34,36,70
Merula,0,70,70
Miesje,0,70,70
Mus,30,40,70
Maida,0,69,69
Mana,8,61,69
Manoe,3,67,70
Marelle,0,69,69
Marinho,69,0,69
Marne,54,15,69
Matthis,69,0,69
Mechteldis,9,60,69
Melcher,69,0,69
Moustapha,69,0,69
Myles,68,3,71
Maegan,0,68,68
Mahesh,68,0,68
Mahmood,63,5,68
Malene,0,68,68
Margerita,3,67,70
Marie-Hélène,3,66,69
Maritte,0,68,68
Marjola,3,66,69
Masje,0,68,68
Maylinn,0,68,68
Meijert,68,0,68
Mensah,43,25,68
Muhsin,68,0,68
Mumtaz,11,57,68
Madou,6,61,67
Maloe,0,67,67
Marchella,0,67,67
Margjen,0,67,67
Mathanja,3,66,69
Miklós,67,0,67
Miloš,67,0,67
Maha,3,62,65
Majdouline,0,66,66
Makbule,0,66,66
Marisja,0,66,66
Marjoleintje,0,66,66
Marleine,0,66,66
Martinez,58,8,66
Matts,66,0,66
Maurina,0,66,66
Maysam,5,61,66
Merte,13,53,66
Mitzy,3,65,68
Madelena,3,63,66
Marcin,63,3,66
Marine,3,64,67
Marlize,0,65,65
Marysia,0,65,65
Mayella,0,65,65
Medea,0,65,65
Mellisa,0,65,65
Mirabella,0,65,65
Madelien,0,64,64
Maria-Anna,3,62,65
Marischa,0,64,64
Marisse,3,61,64
Marthen,64,0,64
Mary-Anne,3,63,66
Marylin,3,62,65
Meryl,3,63,66
Mikhail,62,3,65
Mikkie,15,49,64
Mitra,13,51,64
Magdaleen,3,62,65
Maicel,63,0,63
Mateja,53,10,63
Maximilliaan,63,0,63
Maximo,63,0,63
Meerle,0,63,63
Mey,3,62,65
Maerle,0,62,62
Mardi,15,47,62
Margarida,3,61,64
Maria-Louisa,10,52,62
Maric,61,3,64
Meinou,3,59,62
Mignonne,0,62,62
Milika,0,62,62
Milon,29,33,62
Münevver,0,62,62
Maartina,0,61,61
Magdy,42,19,61
Malvina,3,59,62
Mariek,3,59,62
Mariza,3,60,63
Marjana,0,61,61
Marjolanda,3,60,63
Marquérite,0,61,61
Mase,59,3,62
Meggelina,3,60,63
Meyrem,0,61,61
Madhuri,0,60,60
Magalie,0,60,60
Maire,3,58,61
Mariko,0,60,60
Marjel,3,59,62
Maurick,60,0,60
Mutlu,49,11,60
Madhu,3,57,60
Manne,57,3,60
Meg,3,56,59
Meijke,3,58,61
Meinarda,3,58,61
Melinde,3,58,61
Mentje,8,51,59
Mirka,3,58,61
Mohamud,34,25,59
Maisam,3,54,57
Marchiano,58,0,58
Marchiene,0,58,58
Marell,3,56,59
Marguerithe,8,50,58
Marquerita,0,58,58
Maryama,0,58,58
Meira,0,58,58
Merije,0,58,58
Mie,3,55,58
Minnie,3,57,60
Mouaad,58,0,58
Murphy,52,6,58
Mafalda,3,55,58
Mala,3,55,58
Martineke,0,57,57
Mija,3,56,59
Millicent,3,56,59
Maaijke,0,56,56
Machutus,54,3,57
Malek,36,20,56
Mareen,0,56,56
Maroucha,0,56,56
Medard,51,5,56
Melloney,0,56,56
Melodie,0,56,56
Michélle,3,55,58
Milagros,3,54,57
Miller,56,0,56
Maarten-Jan,55,0,55
Majanka,0,55,55
Manoj,53,3,56
Margy,0,55,55
Mariejan,5,50,55
Marrijtje,0,55,55
Meentje,0,55,55
Mihrimah,0,55,55
Mokhtar,51,3,54
Monir,55,0,55
Montserrat,0,55,55
Mukaddes,3,53,56
Myrle,3,54,57
Mabelle,3,51,54
Maeson,53,3,56
Mahmud,52,3,55
Mansur,52,3,55
Marieanne,0,54,54
Marjanke,0,54,54
Marri,3,50,53
Marthilda,3,51,54
Mechlina,0,54,54
Milow,54,0,54
Mir,41,13,54
Moad,54,0,54
Morgaine,0,54,54
Mounssif,54,0,54
Madelin,0,53,53
Madhvi,0,53,53
Marlen,18,35,53
Marton,52,3,55
Matthies,53,0,53
Maxe,3,51,54
Medy,3,50,53
Meriem,0,53,53
Mimount,0,53,53
Miranka,3,52,55
Monsif,53,0,53
Mousa,51,3,54
M'hamed,51,3,54
Magdolna,3,51,54
Maisa,3,51,54
Marilynn,0,52,52
Marinko,51,3,54
Maritt,0,52,52
Maternus,50,3,53
Mido,51,3,54
Mikâil,52,0,52
Milos,52,0,52
Mohsin,49,3,52
Myka,35,17,52
Maaikel,51,0,51
Marice,17,34,51
Mariejanne,0,51,51
Marily,0,51,51
Marjonne,0,51,51
Marno,50,3,53
Maryanne,0,51,51
Mathyn,51,0,51
Maudie,0,51,51
Mera,0,51,51
Madzy,0,50,50
Maila,0,50,50
Maissae,0,50,50
Manolo,50,0,50
Marc-Jan,50,0,50
Marcell,49,3,52
Marenka,0,50,50
Marijana,0,50,50
Marthy,9,41,50
Matanja,5,45,50
Matías,50,0,50
Mechelien,3,49,52
Mecx,46,3,49
Meijs,3,48,51
Meinhard,50,0,50
Meliana,0,50,50
Melitta,3,49,52
Menekşe,0,50,50
Minco,48,3,51
Minie,0,50,50
Mahnoor,0,49,49
Marie-Sophie,3,47,50
Martein,45,3,48
Maryvonne,3,48,51
May-Britt,0,49,49
Melik,49,0,49
Melonie,3,46,49
Merthe,0,49,49
Michaja,23,26,49
Modestus,47,3,50
Moësha,0,49,49
Madelynn,0,48,48
Maksim,48,0,48
Marald,48,0,48
Marcoen,48,0,48
Mardy,5,43,48
Marie-Cécile,3,45,48
Mariecke,0,48,48
Marinel,3,47,50
Maritta,0,48,48
Marliesje,0,48,48
Marousha,3,47,50
Maup,41,7,48
Maximilien,48,0,48
Meeme,48,0,48
Meenakshi,0,48,48
Mehran,46,3,49
Meija,0,48,48
Mendelt,48,0,48
Meysam,40,8,48
Mikko,48,0,48
Milia,3,46,49
Miluska,0,48,48
Mirela,0,48,48
Mohan,48,0,48
Mostapha,48,0,48
Magchelina,0,47,47
Marilijn,3,46,49
Maritje,0,47,47
Meindertje,3,46,49
Meline,0,47,47
Mereke,0,47,47
Michäel,45,3,48
Migchiel,47,0,47
Milian,39,8,47
Maison,46,0,46
Maliyah,0,46,46
Marèn,3,43,46
Marinte,0,46,46
Marlynn,0,46,46
Marthilde,0,46,46
Mary-Lou,0,46,46
Mell,22,24,46
Michaéla,0,46,46
Michéle,6,40,46
Miliano,46,0,46
Mirabelle,3,45,48
Miroslav,46,0,46
Monroe,13,33,46
Moyra,0,46,46
Maaren,36,9,45
Maerten,45,0,45
Maiky,44,3,47
Martsje,0,45,45
Matthan,45,0,45
Mazina,0,45,45
Meijndert,45,0,45
Mettiena,0,45,45
Milay,36,9,45
Mireya,0,45,45
Mirsad,45,0,45
Moya,3,41,44
Maaik,44,0,44
Marilva,0,44,44
Mariya,3,42,45
Marnel,3,42,45
Marrigjen,0,44,44
Masal,3,43,46
Matej,44,0,44
Matija,38,6,44
Mayon,3,41,44
Mégan,0,44,44
Mennie,8,36,44
Migchel,44,0,44
Mihály,44,0,44
Mimouna,0,44,44
Monia,0,44,44
Muaz,43,3,46
Madiha,0,43,43
Magdi,26,17,43
Mame,24,19,43
Manouck,3,41,44
Margonda,0,43,43
Mariën,33,10,43
Marique,3,42,45
Martinette,3,42,45
Mattea,3,42,45
Maysen,42,3,45
Mazlum,43,0,43
Merlinde,0,43,43
Metty,3,42,45
Mikkel,43,0,43
Mirne,0,43,43
Mohamoud,22,21,43
Myrne,0,43,43
Magdalina,0,42,42
Maisie,3,41,44
Margarite,3,40,43
Marida,3,40,43
Marron,19,23,42
Matiz,42,0,42
Maurus,42,0,42
Mazin,38,3,41
Meron,14,28,42
Michaële,3,40,43
Minny,3,41,44
Mirriam,3,41,44
Moïsha,0,42,42
Mordechai,42,0,42
Morsal,3,41,44
Machiela,0,41,41
Malte,41,0,41
Margriete,3,40,43
Mariske,0,41,41
Martientje,0,41,41
Martijne,3,38,41
Marx,40,3,43
Matthéus,41,0,41
Mayssa,0,41,41
Merijntje,9,32,41
Merina,0,41,41
Merk,41,0,41
Milagro,18,23,41
Minakshi,0,41,41
Minck,41,0,41
Mohsen,35,6,41
Maame,0,40,40
Maddalena,3,39,42
Madelene,3,39,42
Mahinder,40,0,40
Maïssae,0,40,40
Marcio,40,0,40
Mareine,0,40,40
Marena,0,40,40
Margitta,0,40,40
Marilisa,0,40,40
Marthea,3,38,41
Matis,40,0,40
Mélisande,0,40,40
Melisande,0,40,40
Melisse,3,38,41
Melwin,40,0,40
Mengs,39,3,42
Metina,3,39,42
Mikah,39,3,42
Mikky,7,33,40
Milah,3,37,40
Moncef,40,0,40
Machieltje,3,37,40
Mahamud,25,14,39
Mailo,39,0,39
Majlen,3,38,41
Malina,3,38,41
Marie-Rose,3,37,40
Maxmiliaan,38,3,41
Mechthilda,0,39,39
Meng,22,17,39
Menny,6,33,39
Michalina,3,37,40
Miechel,39,0,39
Millo,38,3,41
Mireilla,3,38,41
Mirel,5,34,39
Morgane,0,39,39
Mücahid,39,0,39
Mürsel,39,0,39
Mylano,39,0,39
Machtilde,3,37,40
Maci,0,38,38
Mael,31,7,38
Mak,36,3,39
Marcellius,37,3,40
Margon,0,38,38
Marny,3,34,37
Maruja,0,38,38
Marus,37,3,40
Mateusz,38,0,38
Mattan,38,0,38
Mediha,0,38,38
Meiltje,0,38,38
Meke,0,38,38
Mercédès,3,37,40
Merijne,3,37,40
Mijanou,0,38,38
Milouda,0,38,38
Moa,9,29,38
Moïra,0,38,38
Mylana,0,38,38
Myrtle,0,38,38
Macarius,37,0,37
Madelieve,0,37,37
Mahi,7,30,37
Marèse,3,36,39
Margeritha,3,36,39
Marie-Fleur,0,37,37
Marlis,3,36,39
Mateus,32,5,37
Maurin,29,8,37
Meinze,37,0,37
Mekke,35,3,38
Melano,35,3,38
Melin,3,36,39
Miklos,36,3,39
Minoesch,0,37,37
Moises,37,0,37
Morgana,0,37,37
Moriah,3,36,39
Mulan,3,33,36
Murtaza,37,0,37
Mahsa,0,36,36
Maltie,0,36,36
Marcelius,34,3,37
Marguérithe,3,33,36
Maricha,0,36,36
Marliese,3,35,38
Marlouke,0,36,36
Marouska,0,36,36
Martus,36,0,36
Marvel,26,10,36
Matea,3,32,35
Maties,34,3,37
Mattje,3,35,38
Mauricette,0,36,36
Maylo,35,3,38
Mazarine,0,36,36
Mechteltje,0,36,36
Melgert,36,0,36
Mesa,17,19,36
Mias,35,3,38
Mickeal,36,0,36
Micki,10,26,36
Milada,3,32,35
Minoes,0,36,36
Mirijam,0,36,36
Moesha,0,36,36
Momo,9,27,36
Mounira,0,36,36
Muhittin,36,0,36
Mukhtar,23,13,36
Murron,3,35,38
Maarit,3,33,36
Madiba,27,8,35
Maide,0,35,35
Majida,0,35,35
Marene,0,35,35
Margitte,3,34,37
Marie-Cecile,3,34,37
Maritsa,0,35,35
Marret,3,33,36
Martiny,3,31,34
Maybel,0,35,35
Mellody,0,35,35
Mercan,6,29,35
Mercedez,3,34,37
Merlissa,0,35,35
Meya,0,35,35
Michaele,3,34,37
Mislina,3,34,37
Modesto,33,3,36
Monalisa,0,35,35
Moreen,0,35,35
Mükremin,35,0,35
Murray,32,3,35
Mae-Lynn,0,34,34
Magnolia,0,34,34
Makram,32,3,35
Malick,34,0,34
Malinka,0,34,34
Manaar,0,34,34
Margritta,0,34,34
Marie-Jose,5,29,34
Marijt,6,28,34
Martens,30,3,33
Marthyn,34,0,34
Matties,34,0,34
Maurita,0,34,34
Mayar,3,32,35
Meikina,0,34,34
Meja,0,34,34
Melahat,0,34,34
Melianus,34,0,34
Mennolt,34,0,34
Metsje,0,34,34
Mettie,0,34,34
Michaëlle,0,34,34
Michalis,34,0,34
Mindel,0,34,34
Minno,34,0,34
Moni,3,30,33
Morwenna,0,34,34
Maëlle,0,33,33
Magna,3,32,35
Mairin,3,31,34
Maïssa,0,33,33
Makayla,0,33,33
Maliq,33,0,33
Mante,26,7,33
Marchienes,33,0,33
Marcy,0,33,33
Margerethe,0,33,33
Mariangela,0,33,33
Marikus,31,3,34
Marinelle,0,33,33
Marjolyn,0,33,33
Marlouk,0,33,33
Marlow,31,3,34
Mart-Jan,33,0,33
Martentje,0,33,33
Martsen,7,26,33
Menderes,32,3,35
Mendes,22,11,33
Merin,6,27,33
Michaelle,3,32,35
Michał,33,0,33
Milene,0,33,33
Mirelva,0,33,33
Mithat,33,0,33
Montell,33,0,33
Moo,10,23,33
Myléne,0,33,33
Myrjam,0,33,33
Macario,32,0,32
Machielus,32,0,32
Maikey,32,0,32
Majelle,3,29,32
Mandela,24,8,32
Marcellianus,32,0,32
Mardou,0,32,32
Mareike,0,32,32
Maries,25,7,32
Marijgje,0,32,32
Maruska,0,32,32
Maruti,31,3,34
Marynus,32,0,32
Marysa,0,32,32
Matan,32,0,32
Maxiem,20,12,32
Mayckel,32,0,32
Mayka,0,32,32
Mazhar,26,6,32
Mechteldje,0,32,32
Meerte,0,32,32
Meinie,3,28,31
Mette-Marit,0,32,32
Mihai,32,0,32
Mirke,0,32,32
Moestafa,31,3,34
Myrian,3,30,33
Machtelina,0,31,31
Maiken,3,28,31
Malaak,3,30,33
Manh,30,3,33
Manno,31,0,31
Maranatha,3,28,31
Margreetha,3,30,33
Marguérita,0,31,31
Marie-Lou,0,31,31
Mariela,0,31,31
Marth,23,8,31
Martín,31,0,31
Martinetta,0,31,31
Maschinka,3,30,33
Masood,20,11,31
Mazen,30,3,33
Melenie,0,31,31
Melkianus,31,0,31
Meranda,0,31,31
Miene,3,29,32
Mimosa,0,31,31
Minca,0,31,31
Minetta,0,31,31
Minquel,30,3,33
Miquell,31,0,31
Misael,30,3,33
Miyase,0,31,31
Modeste,10,21,31
Mourits,31,0,31
Mukesh,31,0,31
Muze,0,31,31
Müzeyyen,0,31,31
Mado,3,28,31
Madoc,29,3,32
Maitrie,0,30,30
Manette,0,30,30
Mania,0,30,30
Marcial,26,3,29
Mardien,3,29,32
Marea,3,29,32
Margueritte,3,29,32
Marianella,0,30,30
Maribelle,0,30,30
Marjetta,3,29,32
Marlee,3,26,29
Marliek,0,30,30
Marques,24,6,30
Marselina,0,30,30
Maryska,0,30,30
Maus,20,10,30
Maverick,28,3,31
Maximiliane,3,29,32
Meddy,3,27,30
Melkias,30,0,30
Merlina,0,30,30
Mettha,0,30,30
Mettien,6,24,30
Michaïl,30,0,30
Mihajlo,30,0,30
Miklas,30,0,30
Mileen,0,30,30
Minel,3,29,32
Monita,0,30,30
Mosa,11,19,30
Myrea,0,30,30
Myrtille,0,30,30
Madu,9,20,29
Maeva,0,29,29
Manoeska,0,29,29
Manya,3,28,31
Marcèl,29,0,29
Mardina,0,29,29
Margita,0,29,29
Marie-Anna,3,27,30
Mariea,0,29,29
Marlayne,3,28,31
Masjenka,0,29,29
Matthaeus,29,0,29
Mayssae,0,29,29
Maysun,20,9,29
Meena,0,29,29
Mei-Ling,0,29,29
Meiko,26,3,29
Melline,0,29,29
Melodi,0,29,29
Mercelina,0,29,29
Meriel,3,27,30
Merjem,0,29,29
Meysem,8,21,29
Michano,29,0,29
Mieczyslaw,29,0,29
Miguela,0,29,29
Mio,20,9,29
Moen,14,15,29
Moise,15,14,29
Monne,26,3,29
Magaly,0,28,28
Magteldje,0,28,28
Mairo,28,0,28
Mairon,28,0,28
Maisha,0,28,28
Maj-Britt,0,28,28
Maksymilian,28,0,28
Malini,0,28,28
Marée,3,27,30
Mareke,0,28,28
Maretta,0,28,28
Maria-Theresia,3,26,29
Mariame,0,28,28
Marie-Ange,3,26,29
Mariolein,0,28,28
Marjol,0,28,28
Marliz,0,28,28
Martika,0,28,28
Martinia,0,28,28
Martins,22,6,28
Matina,0,28,28
Mauricia,0,28,28
Maylee,0,28,28
Meilof,26,3,29
Meinderdina,0,28,28
Mellenie,0,28,28
Mendie,0,28,28
Merette,0,28,28
Mertijn,28,0,28
Messi,28,0,28
Meye,19,9,28
Michaél,26,3,29
Michilia,0,28,28
Mickie,12,16,28
Migiel,28,0,28
Mikaïl,28,0,28
Milangelo,28,0,28
Minet,0,28,28
Minicus,28,0,28
Minoe,0,28,28
Minouschka,0,28,28
Mohamed-Amin,28,0,28
Montoya,12,16,28
Mos,22,6,28
Mounaim,28,0,28
M'Hamed,26,3,29
Machel,26,3,29
Maddison,0,27,27
Maijke,0,27,27
Mailey,3,26,29
Maissam,0,27,27
Majka,3,26,29
Mamdouh,14,13,27
Mani,18,9,27
Marcelien,0,27,27
Marelva,0,27,27
Marette,0,27,27
Margarithe,3,24,27
Margereta,0,27,27
Margrietta,0,27,27
Marie-France,3,26,29
Marie-Lynn,3,26,29
Mariëla,0,27,27
Marilee,3,26,29
Marjolien,0,27,27
Markos,27,0,27
Marlice,3,25,28
Marnic,26,3,29
Marriëlle,0,27,27
Matthijsje,0,27,27
Matthilda,3,26,29
Mattina,0,27,27
Maude,0,27,27
Mave,13,14,27
Medarda,0,27,27
Meir,26,3,29
Melony,0,27,27
Merei,0,27,27
Merie,0,27,27
Merinda,0,27,27
Merinde,0,27,27
Merlot,8,19,27
Mian,20,7,27
Mikis,27,0,27
Milanie,0,27,27
Milda,0,27,27
Mirabel,0,27,27
Miraya,0,27,27
Mirrin,0,27,27
Miryanna,0,27,27
Mong,3,25,28
Mosi,22,5,27
Müge,0,27,27
Mylon,11,16,27
Myrella,0,27,27
Myro,27,0,27
Maaitje,0,26,26
Maamke,0,26,26
Macharius,24,3,27
Madelijne,0,26,26
Máire,0,26,26
Maithe,0,26,26
Malvin,25,3,28
Mane,10,16,26
Maranda,0,26,26
Maraya,0,26,26
Margé,0,26,26
Margrethus,26,0,26
Maria-Goretti,3,24,27
Marie-Louis,17,9,26
Marie-Therèse,3,24,27
Marienke,0,26,26
Marjoleen,0,26,26
Marrije,0,26,26
Maruscha,0,26,26
Maurena,3,24,27
Mecheliena,3,25,28
Mechtelt,0,26,26
Megin,6,20,26
Meier,25,3,28
Metten,26,0,26
Mezak,26,0,26
Micka,19,7,26
Micke,25,3,28
Mijnardus,26,0,26
Milenko,26,0,26
Million,22,3,25
Mirije,0,26,26
Moena,0,26,26
Montfort,19,7,26
Monty,23,3,26
Mouhsine,26,0,26
Munasar,25,3,28
Munir,25,3,28
Müslüm,26,0,26
Maciej,25,0,25
Madani,24,3,27
Madita,0,25,25
Maily,3,24,27
Maisy,0,25,25
Majo,7,18,25
Majory,0,25,25
Malú,0,25,25
Manique,0,25,25
Manjana,3,22,25
Marchello,24,3,27
Maree,0,25,25
Maricia,0,25,25
Marie-Chantal,0,25,25
Marie-Janne,0,25,25
Marijs,3,23,26
Maril,3,22,25
Marilon,0,25,25
Marinio,25,0,25
Mariposa,3,24,27
Marriet,3,23,26
Marthine,0,25,25
Martijs,25,0,25
Martir,22,3,25
Maryann,3,24,27
Masis,25,0,25
Mathija,3,24,27
Maui,15,10,25
Mauricius,22,3,25
May-Lin,0,25,25
Maysem,3,22,25
Melise,0,25,25
Merilyn,0,25,25
Merlynn,0,25,25
Merrin,10,15,25
Meve,3,22,25
Mic,25,0,25
Michaelangelo,25,0,25
Miklo,25,0,25
Milani,3,23,26
Miliana,0,25,25
Miranca,3,24,27
Mircea,19,6,25
Mirjanne,0,25,25
Mirkan,25,0,25
Misa,3,23,26
Müjde,0,25,25
Munira,0,25,25
Mynthe,0,25,25
Machilia,0,24,24
Magdala,0,24,24
Magne,22,3,25
Malakai,24,0,24
Manola,3,23,26
Manolis,24,0,24
Manouschka,0,24,24
Manpreet,11,13,24
Maranka,0,24,24
Marensia,3,23,26
Margriethus,24,0,24
Marias,24,0,24
Mariënne,0,24,24
Marilie,0,24,24
Maritska,0,24,24
Marliene,0,24,24
Maroescha,0,24,24
Martinis,24,0,24
Mathy,14,10,24
Mattheu,22,3,25
Mavi,8,16,24
Maxentius,24,0,24
Mayro,23,3,26
Meertinus,24,0,24
Mehmethan,24,0,24
Mela,0,24,24
Menachem,24,0,24
Menka,3,23,26
Mensiena,0,24,24
Merrit,3,22,25
Mesach,24,0,24
Mevlut,24,0,24
Michaiah,18,6,24
Michiko,3,23,26
Mico,24,0,24
Migel,24,0,24
Milanda,0,24,24
Milot,7,17,24
Minkje,0,24,24
Mirek,24,0,24
Mistral,5,19,24
Moran,13,11,24
Mycah,22,3,25
Mykel,23,3,26
Machella,0,23,23
Madhevi,0,23,23
Maeghan,0,23,23
Magdalenus,23,0,23
Magdelina,0,23,23
Maggelina,0,23,23
Magtelina,0,23,23
Majken,0,23,23
Malique,21,3,24
Malka,0,23,23
Manuéla,0,23,23
Manuele,11,12,23
Marceau,23,0,23
Mares,5,18,23
Margharita,0,23,23
Maricella,0,23,23
Marichelle,0,23,23
Marleene,0,23,23
Marlette,0,23,23
Marna,3,22,25
Marshano,23,0,23
Mashal,18,5,23
Materna,3,21,24
Mathanje,0,23,23
Matia,3,19,22
Mattieu,23,0,23
Maurine,0,23,23
Maxi,6,17,23
Maylea,0,23,23
Mayuri,3,22,25
Meertina,0,23,23
Meghann,0,23,23
Meijnsje,0,23,23
Meinoutje,0,23,23
Melief,3,22,25
Mella,3,22,25
Menzina,0,23,23
Meria,0,23,23
Merna,0,23,23
Merrel,10,13,23
Mervan,21,3,24
Mettine,0,23,23
Mexi,0,23,23
Meyer,21,3,24
Mezach,23,0,23
Michan,21,3,24
Michiël,22,3,25
Mikke,11,12,23
Minikus,23,0,23
Miquela,0,23,23
Mirron,3,22,25
Mladen,23,0,23
Moaad,23,0,23
Mohamed-Amine,23,0,23
Mohnish,23,0,23
Mon,17,6,23
Monnica,0,23,23
Morea,0,23,23
Muhamet,23,0,23
Maartine,0,22,22
Maartinus,22,0,22
Machielda,0,22,22
Machielina,0,22,22
Machtildis,3,18,21
MacKenzie,10,12,22
Maé,3,21,24
Maliha,0,22,22
Manischa,0,22,22
Manouska,0,22,22
Maria-Helena,3,21,24
Maria-Magdalena,3,21,24
Marijanna,0,22,22
Marilla,0,22,22
Marjolie,0,22,22
Marsel,22,0,22
Martijnus,22,0,22
Martilda,0,22,22
Mary-Louise,0,22,22
Masina,3,21,24
Matheis,22,0,22
Matheos,21,3,24
Matthy,7,15,22
Mayco,22,0,22
Mehlika,0,22,22
Meinert,22,0,22
Mélissa,0,22,22
Mellius,22,0,22
Mercedès,0,22,22
Mervenur,0,22,22
Miah,3,21,24
Milangela,0,22,22
Milliano,22,0,22
Minus,22,0,22
Miquella,0,22,22
Modest,22,0,22
Montgomery,18,3,21
Mor,20,3,23
Moraya,0,22,22
Moreo,22,0,22
Mose,11,11,22
Mountasser,22,0,22
Mountassir,22,0,22
Mounya,0,22,22
Munish,22,0,22
Murwin,22,0,22
Mustaf,17,5,22
Myllena,0,22,22
Myrre,0,22,22
Macaria,3,20,23
Machthilda,0,21,21
Mahima,0,21,21
Majd,20,3,23
Makbûle,0,21,21
Malica,3,20,23
Manasseh,20,3,23
Mando,20,3,23
Manninne,0,21,21
Mannis,21,0,21
Manoël,21,0,21
Marchal,20,3,23
Marcolinus,21,0,21
Maré,6,15,21
Marg,3,17,20
Mari-Anne,3,20,23
Marianda,0,21,21
Marie-Julie,0,21,21
Marie-Laure,0,21,21
Marièlle,0,21,21
Marini,10,11,21
Marios,21,0,21
Marjolaine,0,21,21
Marni,3,20,23
Martjan,21,0,21
Márton,21,0,21
Martyna,0,21,21
Marvyn,21,0,21
Marwaan,21,0,21
Matei,21,0,21
Mattéo,21,0,21
Matthäus,21,0,21
Mátyás,21,0,21
Maximilliano,21,0,21
Mayan,6,15,21
Mayken,3,20,23
Mechgelina,0,21,21
Medde,3,19,22
Medhat,13,8,21
Meesje,0,21,21
Megelina,0,21,21
Mehnaaz,3,20,23
Meiny,3,18,21
Menardus,21,0,21
Menda,0,21,21
Mende,0,21,21
Mendo,21,0,21
Meo,19,3,22
Mercelino,21,0,21
Mere,3,19,22
Merissa,0,21,21
Merrill,17,3,20
Merwan,21,0,21
Mihaela,0,21,21
Mijnie,0,21,21
Mijnke,0,21,21
Miral,3,19,22
Mirèse,3,20,23
Mirren,6,15,21
Monike,0,21,21
Monse,18,3,21
Morag,3,19,22
Mynke,0,21,21
Myran,11,10,21
Myreille,0,21,21
Magelina,3,18,21
Magret,0,20,20
Maija,0,20,20
Maimouna,0,20,20
Majel,7,13,20
Makke,8,12,20
Malachi,19,3,22
Maleka,0,20,20
Malisa,0,20,20
Malouke,0,20,20
Mandie,0,20,20
Mao,18,3,21
Marchientje,0,20,20
Margryt,0,20,20
Marie-Elisabeth,3,19,22
Marie-Madeleine,0,20,20
Marize,0,20,20
Marjen,0,20,20
Marjori,0,20,20
Marka,0,20,20
Marquita,0,20,20
Martienes,20,0,20
Marvano,20,0,20
Maryon,0,20,20
Masih,20,0,20
Mathie,8,12,20
Mathinus,20,0,20
Matthéa,0,20,20
Mattinus,20,0,20
Mauris,20,0,20
Maxence,17,3,20
Mayara,3,19,22
Mayda,3,18,21
Maye,3,17,20
Mayim,0,20,20
Mayren,18,3,21
Mayumi,3,19,22
Mecit,20,0,20
Meika,0,20,20
Mercédes,3,19,22
Merein,16,3,19
Meriyem,0,20,20
Meryn,17,3,20
Mevlüde,0,20,20
Meylin,0,20,20
Milanka,0,20,20
Miliaan,18,3,21
Milicia,0,20,20
Millanie,0,20,20
Mirano,20,0,20
Miryea,0,20,20
Moïs,6,14,20
Monicque,0,20,20
Moska,0,20,20
Mubarak,18,3,21
Muttalip,20,0,20
Myrdin,13,7,20
Maarte,14,5,19
Magdaleentje,0,19,19
Magdaline,0,19,19
Magrietje,0,19,19
Mahendra,19,0,19
Maina,6,13,19
Maiwand,19,0,19
Malcom,19,0,19
Mandana,0,19,19
Manolita,3,18,21
Manta,11,8,19
Manuelo,19,0,19
Marai,3,16,19
Marcellines,19,0,19
Marens,6,13,19
Margueritha,0,19,19
Marie-Ann,0,19,19
Marilu,0,19,19
Marinca,0,19,19
Marineke,0,19,19
Marjatta,0,19,19
Marlaine,0,19,19
Marlijntje,0,19,19
Marlyne,0,19,19
Marrian,3,18,21
Mars,18,3,21
Martendina,0,19,19
Martial,19,0,19
Marusha,0,19,19
Marycke,0,19,19
Marylise,0,19,19
Massoud,17,3,20
Mathéus,18,3,21
Mathijsje,0,19,19
Matien,19,0,19
Matté,18,3,21
Mattyn,19,0,19
Matzen,3,18,21
Mauritio,18,3,21
Mauritsia,0,19,19
Mayelle,0,19,19
Maynard,19,0,19
Maysara,3,18,21
Mckenzie,3,15,18
Mechalina,0,19,19
Meiert,19,0,19
Meilan,0,19,19
Meinoud,19,0,19
Meintina,0,19,19
Meinto,19,0,19
Melaney,0,19,19
Melatie,0,19,19
Melchiades,19,0,19
Melena,0,19,19
Melie,0,19,19
Mensien,3,18,21
Meran,11,8,19
Merete,0,19,19
Merwe,0,19,19
Micael,18,3,21
Mihail,19,0,19
Mikela,3,18,21
Mildo,19,0,19
Milenco,19,0,19
Mónica,0,19,19
Monieke,0,19,19
Moss,15,3,18
Mumtaaz,0,19,19
Mun,6,13,19
Mursal,3,17,20
Myrke,0,19,19
Machelle,3,17,20
Machlon,18,0,18
Maddi,3,14,17
Madouc,0,18,18
Magdaléna,0,18,18
Mahatma,15,3,18
Mailin,0,18,18
Manaal,0,18,18
Manfried,18,0,18
Marcilla,0,18,18
Marei,0,18,18
Margalith,0,18,18
Margareet,3,17,20
Margaritta,3,17,20
Margerite,0,18,18
Mári,13,5,18
Maria-Elisabeth,0,18,18
Marianke,0,18,18
Marico,13,5,18
Marie-Charlotte,0,18,18
Marie-Noëlle,0,18,18
Mariléne,0,18,18
Marili,0,18,18
Marilise,0,18,18
Marilyne,0,18,18
Marite,0,18,18
Maroushka,0,18,18
Marpessa,0,18,18
Marrien,17,3,20
Marrin,6,12,18
Martent,18,0,18
Martheus,17,3,20
Maru,7,11,18
Maruan,18,0,18
Marysol,3,17,20
Massina,0,18,18
Matai,17,3,20
Mathéa,3,17,20
Mathijas,17,3,20
Mathius,17,3,20
Mathon,18,0,18
Małgorzata,3,17,20
Mediatrix,3,16,19
Mehmetali,18,0,18
Mehreen,0,18,18
Meindert-Jan,18,0,18
Meinko,18,0,18
Meinouwtje,0,18,18
Mellony,0,18,18
Melo,12,6,18
Merano,18,0,18
Mergje,0,18,18
Merik,18,0,18
Merveille,3,16,19
Mettelina,0,18,18
Meys,0,18,18
Michaèl,18,0,18
Midori,3,17,20
Mihailo,18,0,18
Mihran,16,3,19
Mikolaj,17,3,20
Mikołaj,18,0,18
Milaine,0,18,18
Mile,17,3,20
Milina,0,18,18
Millan,14,3,17
Milorad,18,0,18
Minardus,18,0,18
Minas,15,3,18
Mirandus,14,3,17
Mirona,0,18,18
Monya,0,18,18
Moréno,18,0,18
Muck,15,3,18
Muhterem,9,9,18
Muradiye,0,18,18
Myronne,3,16,19
Maaida,0,17,17
Madelina,0,17,17
Magareta,0,17,17
Maged,11,6,17
Maheen,0,17,17
Mahina,3,16,19
Mahtab,3,13,16
Maica,5,12,17
Majbritt,0,17,17
Majeed,14,3,17
Majke,3,16,19
Maliya,0,17,17
Malti,0,17,17
Manav,17,0,17
Mang,7,10,17
Manú,14,3,17
Map,0,17,17
Maranne,0,17,17
Marchelle,3,16,19
Mardie,3,14,17
Margine,0,17,17
Maria-Anne,3,16,19
Marianca,0,17,17
Marie-Jo,0,17,17
Marie-Josephine,3,16,19
Mariejanna,0,17,17
Mariële,0,17,17
Marijnis,17,0,17
Marilia,0,17,17
Marilotte,0,17,17
Marinjo,17,0,17
Marisella,3,16,19
Marisya,0,17,17
Marlita,0,17,17
Marona,0,17,17
Marriette,0,17,17
Marushka,0,17,17
Marwah,0,17,17
Mary-Lynn,0,17,17
Maryleen,0,17,17
Matice,16,3,19
Matine,6,11,17
Matte,12,5,17
Maurinus,17,0,17
Mawuli,17,0,17
Maximilienne,0,17,17
Mayli,0,17,17
Maylie,0,17,17
McKenzie,6,11,17
Meagen,0,17,17
Meara,0,17,17
Mei-Lin,0,17,17
Melatti,0,17,17
Melchiora,0,17,17
Melger,17,0,17
Meliya,0,17,17
Meren,3,13,16
Meret,0,17,17
Meriël,3,16,19
Merima,0,17,17
Mèrle,0,17,17
Merlien,0,17,17
Merredith,0,17,17
Meru,7,10,17
Mexime,0,17,17
Mexy,3,16,19
Miao,3,13,16
Michaelis,16,3,19
Miky,16,3,19
Milca,0,17,17
Millen,16,3,19
Milouska,0,17,17
Mingo,16,3,19
Mino,16,3,19
Mirando,16,3,19
Mireia,0,17,17
Mirl,0,17,17
Mirla,0,17,17
Moby,14,3,17
Monulphus,13,3,16
Mook,15,3,18
Morales,13,3,16
Moray,13,3,16
Morticia,0,17,17
Mouhcine,17,0,17
Mouris,17,0,17
Muharem,17,0,17
Munise,0,17,17
Munzur,17,0,17
Mus'ab,17,0,17
Mussa,14,3,17
Maarthen,16,0,16
Machela,0,16,16
Machilus,15,3,18
Madicken,0,16,16
Maëlys,0,16,16
Maggiel,16,0,16
Mahjouba,0,16,16
Maino,16,0,16
Maisara,3,15,18
Majlis,0,16,16
Makaio,15,3,18
Mallika,0,16,16
Mamta,0,16,16
Mandisa,0,16,16
Manis,6,10,16
Mannon,3,15,18
Manojkumar,16,0,16
Mansoer,16,0,16
Mardin,7,9,16
Marél,0,16,16
Marelie,0,16,16
Margrieth,0,16,16
Marië,6,10,16
Marie-Lotte,0,16,16
Marie-Paule,0,16,16
Marie-Therese,3,12,15
Mariolijn,0,16,16
Marisela,0,16,16
Marquez,15,3,18
Marrejanne,0,16,16
Marsia,0,16,16
Martan,15,3,18
Marteijn,16,0,16
Martel,14,3,17
Marwil,5,11,16
Maryanna,0,16,16
Massilya,0,16,16
Masud,16,0,16
Matjeu,15,3,18
Mattanje,5,11,16
Matthilde,3,15,18
Máxima,0,16,16
Mechthilde,0,16,16
Medi,7,9,16
Mehmood,13,3,16
Mei-Li,0,16,16
Meini,3,14,17
Melana,0,16,16
Melian,3,14,17
Mélina,0,16,16
Meliza,0,16,16
Mellie,0,16,16
Melua,0,16,16
Memduh,16,0,16
Menja,0,16,16
Menkes,16,0,16
Mergim,16,0,16
Merjam,0,16,16
Michaëlis,12,3,15
Michello,16,0,16
Michielia,0,16,16
Midge,15,3,18
Mijne,3,12,15
Mikèl,15,3,18
Mikk,14,3,17
Milagrosa,3,15,18
Milaya,0,16,16
Miléna,0,16,16
Mirah,0,16,16
Mirhan,13,3,16
Misra,3,13,16
Mitz,12,3,15
Miu,3,14,17
Mohanad,16,0,16
Monet,3,15,18
Monice,0,16,16
Monira,0,16,16
Morice,16,0,16
Mosiah,15,3,18
Moud,3,12,15
Moureen,3,14,17
Muhammer,16,0,16
Mumin,11,5,16
Murathan,16,0,16
Mürüvvet,0,16,16
Mustafe,11,5,16
Mylaine,0,16,16
Mylie,0,16,16
Myon,3,12,15
Myria,3,15,18
Myrtha,0,16,16
Myson,16,0,16
Maevi,0,15,15
Maevy,0,15,15
Mahamoud,10,5,15
Mahdia,0,15,15
Mahjoub,14,3,17
Majdi,10,5,15
Major,15,0,15
Makeda,0,15,15
Mandeep,8,7,15
Mansa,3,12,15
Mansueta,3,14,17
Manuëlla,3,14,17
Marchell,15,0,15
Marchelmus,15,0,15
Marcolina,3,14,17
Maréll,0,15,15
Maressa,0,15,15
Marget,3,14,17
Margrite,0,15,15
Mariese,0,15,15
Marishka,0,15,15
Marisia,0,15,15
Mariusz,15,0,15
Marjos,5,10,15
Marleny,0,15,15
Marlia,3,14,17
Marlinka,0,15,15
Marliza,0,15,15
Marlyse,0,15,15
Marnicq,15,0,15
Marrij,0,15,15
Maryah,0,15,15
Maryana,0,15,15
Maryna,0,15,15
Matheijs,15,0,15
Mathieus,14,3,17
Maudje,0,15,15
Maurie,0,15,15
Mauritzio,15,0,15
Maxím,14,3,17
Maze,13,3,16
Mechel,0,15,15
Médard,14,3,17
Meinart,15,0,15
Meliyah,0,15,15
Meliz,0,15,15
Mellonie,0,15,15
Menksje,0,15,15
Menstje,3,14,17
Mentha,0,15,15
Merelyn,0,15,15
Merinthe,0,15,15
Merita,0,15,15
Merove,0,15,15
Mertina,0,15,15
Mertinus,15,0,15
Mervijn,15,0,15
Messiah,14,3,17
Mesud,13,3,16
Mesude,0,15,15
Methilde,3,14,17
Micaëla,0,15,15
Micaiah,13,3,16
Michelline,0,15,15
Michiela,3,14,17
Miets,3,12,15
Migo,15,0,15
Mihrican,0,15,15
Mijnt,15,0,15
Mikaj,15,0,15
Mikhael,14,3,17
Milán,13,3,16
Mileena,0,15,15
Milu,0,15,15
Milva,0,15,15
Mimy,0,15,15
Minoek,0,15,15
Mintsje,0,15,15
Misjel,14,3,17
Mita,3,13,16
Mittchel,15,0,15
Miyuki,0,15,15
Moehammad,15,0,15
Monetta,0,15,15
Moze,11,3,14
Mümin,14,3,17
Muska,0,15,15
Myrah,0,15,15
Myren,13,3,16
Mystique,0,15,15
Mäbel,0,14,14
Mable,0,14,14
Machael,14,0,14
Mackay,11,3,14
Madelie,0,14,14
Madge,0,14,14
Madi,5,9,14
Mahadew,14,0,14
Maharani,0,14,14
Maïa,0,14,14
Maidy,0,14,14
Maïra,0,14,14
Majolica,0,14,14
Majolina,0,14,14
Maleek,14,0,14
Manilla,0,14,14
Maninne,0,14,14
Manni,8,6,14
Mannin,0,14,14
Manodj,14,0,14
Mansoor,14,0,14
Marchine,0,14,14
Mareije,0,14,14
Mareijn,10,3,13
Mareina,0,14,14
Marescha,0,14,14
Margarette,3,12,15
Margoth,3,13,16
Marguarita,0,14,14
Marié,3,13,16
Marie-Lise,0,14,14
Marieanna,0,14,14
Mariëta,0,14,14
Marijam,0,14,14
Marijje,0,14,14
Marilin,0,14,14
Marjoline,0,14,14
Marlan,13,3,16
Marlieske,0,14,14
Marloeke,0,14,14
Marlowe,12,3,15
Marlys,0,14,14
Marn,14,0,14
Maroa,0,14,14
Maroeschka,3,13,16
Marola,0,14,14
Marria,0,14,14
Marrinus,14,0,14
Marrion,3,12,15
Marro,9,5,14
Marselino,14,0,14
Marshal,13,3,16
Mary-Ellen,0,14,14
Mary-Jo,0,14,14
Marylse,0,14,14
Matay,14,0,14
Mathan,14,0,14
Mathina,0,14,14
Mattine,0,14,14
Matys,14,0,14
Maximino,14,0,14
Maximinus,14,0,14
May-Ling,0,14,14
Mayana,0,14,14
Mayenne,0,14,14
Mazal,3,12,15
Meas,10,3,13
Mechtelien,0,14,14
Medie,0,14,14
Mehri,0,14,14
Meijntje,0,14,14
Meili,0,14,14
Meinderd,14,0,14
Meïr,14,0,14
Melicia,0,14,14
Mellis,12,3,15
Melora,0,14,14
Meltje,0,14,14
Memiş,14,0,14
Mendina,0,14,14
Menkelina,0,14,14
Menks,14,0,14
Mentko,14,0,14
Merien,12,3,15
Merih,12,3,15
Merlinda,0,14,14
Methilda,0,14,14
Metz,11,3,14
Michéla,0,14,14
Migael,14,0,14
Miguèl,14,0,14
Mije,3,13,16
Mikha,14,0,14
Milet,3,12,15
Minousch,0,14,14
Minse,14,0,14
Miquelle,3,11,14
Mirianne,3,13,16
Mirit,0,14,14
Miryana,0,14,14
Missier,11,3,14
Mizzi,0,14,14
Mohsine,13,3,16
Moisés,14,0,14
Mondina,0,14,14
Monteiro,8,6,14
Moria,3,13,16
Morrisson,14,0,14
Mourice,14,0,14
Moy,3,12,15
Muazzez,0,14,14
Mujtaba,14,0,14
Mürvet,0,14,14
Mylla,0,14,14
Myrrhe,3,13,16
Maartenszoon,13,0,13
Machelien,0,13,13
Macheline,0,13,13
Machielis,12,3,15
Macx,13,0,13
Madde,3,12,15
Madeléne,0,13,13
Madelyne,0,13,13
Madhwi,0,13,13
Madin,10,3,13
Madinah,0,13,13
Magdaleine,3,12,15
Maggina,0,13,13
Maghnia,0,13,13
Maimoena,0,13,13
Maion,3,11,14
Majed,9,3,12
Majola,0,13,13
Majori,0,13,13
Maliek,12,3,15
Mamoudou,13,0,13
Manju,0,13,13
Manoli,5,8,13
Manorma,0,13,13
Manoushka,0,13,13
Manuél,13,0,13
Maraam,0,13,13
Marchia,0,13,13
Mardine,0,13,13
Marie-Elize,0,13,13
Marie-Louisa,3,12,15
Mariejosé,3,12,15
Marieneke,0,13,13
Mariete,0,13,13
Marijka,0,13,13
Marijo,10,3,13
Marijon,0,13,13
Maritgen,0,13,13
Marivonne,3,12,15
Marlenne,0,13,13
Marregien,0,13,13
Marrick,13,0,13
Marrieke,0,13,13
Marselis,12,3,15
Marthafina,0,13,13
Martiales,6,7,13
Marven,12,3,15
Marylene,0,13,13
Mathee,12,3,15
Mathil,5,8,13
Mathisse,12,3,15
Matthine,0,13,13
Mawuena,0,13,13
Mayah,0,13,13
Maysan,3,12,15
Maysarah,0,13,13
Meason,13,0,13
Meave,3,11,14
Mebus,13,0,13
Medin,12,3,15
Meez,12,3,15
Meinje,0,13,13
Meintsje,0,13,13
Mekki,10,3,13
Melinay,0,13,13
Melleny,0,13,13
Mellinda,0,13,13
Melt,13,0,13
Melvina,0,13,13
Mendez,9,3,12
Mendi,0,13,13
Menelik,13,0,13
Menoah,13,0,13
Meralda,0,13,13
Meric,10,3,13
Merieke,0,13,13
Merkus,13,0,13
Merline,0,13,13
Merville,3,11,14
Merza,0,13,13
Mhamed,13,0,13
Michellé,0,13,13
Michio,13,0,13
Mijndrina,0,13,13
Mikala,3,11,14
Mikayil,13,0,13
Milai,7,6,13
Mildrid,0,13,13
Mily,0,13,13
Minggus,13,0,13
Minja,3,12,15
Mirette,0,13,13
Miriana,0,13,13
Mironne,0,13,13
Miroslaw,13,0,13
Mirra,0,13,13
Misier,12,3,15
Miska,9,3,12
Mithras,13,0,13
Moenira,0,13,13
Mohit,13,0,13
Monifa,0,13,13
Monny,9,3,12
Moris,13,0,13
Morits,13,0,13
Mortaza,13,0,13
Mosaab,13,0,13
Mouhsin,13,0,13
Mourijntje,0,13,13
Mui,3,12,15
Mukadder,3,12,15
Munya,3,12,15
Murni,3,12,15
Muzammil,12,3,15
Mycha,9,3,12
Myléna,0,13,13
Mylian,13,0,13
Maaiko,12,0,12
Maartin,12,0,12
Mabelia,0,12,12
Machtildus,9,3,12
Machuta,0,12,12
Mada,3,11,14
Madaleine,0,12,12
Madan,10,3,13
Maéva,0,12,12
Magarita,0,12,12
Magdaleena,0,12,12
Mahan,12,0,12
Mahelia,0,12,12
Mahira,0,12,12
Mahmoed,11,3,14
Maiesta,0,12,12
Maïta,0,12,12
Maïté,0,12,12
Maitri,3,10,13
Maleah,0,12,12
Malenka,0,12,12
Malgorzata,0,12,12
Malijn,3,11,14
Malisha,0,12,12
Manet,3,10,13
Manoach,12,0,12
Manoel,12,0,12
Manoy,7,5,12
Maranke,0,12,12
Marbella,0,12,12
Marès,0,12,12
Maresha,0,12,12
Margerete,0,12,12
Margereth,0,12,12
Maria-Antoinette,0,12,12
Mariamne,0,12,12
Marie-Ceciel,0,12,12
Marie-Henriëtte,0,12,12
Marie-Jolie,0,12,12
Marientje,0,12,12
Marilien,0,12,12
Marilse,0,12,12
Marín,3,9,12
Marinet,3,10,13
Marinia,3,11,14
Marloek,0,12,12
Marnella,0,12,12
Marniek,7,5,12
Marquarita,0,12,12
Marriële,0,12,12
Marrissa,0,12,12
Marsella,0,12,12
Martia,3,9,12
Martim,12,0,12
Martinho,12,0,12
Martti,12,0,12
Maryla,0,12,12
Marysha,0,12,12
Maşide,0,12,12
Masira,3,11,14
Masuud,11,3,14
Matéo,12,0,12
Matondo,3,8,11
Matsen,3,10,13
Mattëus,12,0,12
Matthina,0,12,12
Maureno,12,0,12
Mauring,12,0,12
Maurits-Jan,12,0,12
May-Lynn,0,12,12
Mayca,0,12,12
Maycel,12,0,12
Maycke,3,11,14
Mayden,3,8,11
Maylynn,0,12,12
Mechliena,0,12,12
Mechtelda,3,10,13
Meeske,0,12,12
Megcheline,0,12,12
Meghelina,0,12,12
Mehmetcan,12,0,12
Mehwish,0,12,12
Meijne,7,5,12
Meilom,12,0,12
Meindertdina,0,12,12
Meinhardus,12,0,12
Meinhart,12,0,12
Meity,0,12,12
Melan,3,8,11
Melisha,0,12,12
Mélissande,0,12,12
Mercia,0,12,12
Meris,9,3,12
Merleyn,9,3,12
Merry,0,12,12
Messalina,0,12,12
Meüs,12,0,12
Mewis,12,0,12
Mexim,7,5,12
Michar,12,0,12
Mikaï,12,0,12
Milania,3,11,14
Milinda,3,11,14
Millaray,0,12,12
Millian,7,5,12
Milona,0,12,12
Mimoen,11,3,14
Minahil,0,12,12
Mincke,0,12,12
Minde,3,9,12
Minjon,0,12,12
Minnes,5,7,12
Minos,12,0,12
Minouch,0,12,12
Mintah,5,7,12
Miodrag,12,0,12
Mion,3,10,13
Miraj,9,3,12
Miraldo,12,0,12
Miri,3,11,14
Missy,0,12,12
Mizan,8,3,11
Mochtar,12,0,12
Moene,3,10,13
Mohammed-Amine,12,0,12
Mohand,11,3,14
Mohid,12,0,12
Moiz,12,0,12
Monsef,12,0,12
Montasir,12,0,12
Moore,8,3,11
Moosje,0,12,12
Morres,12,0,12
Morriz,12,0,12
Moshé,12,0,12
Moundir,12,0,12
Muaad,12,0,12
Mucahit,12,0,12
Mugisha,7,5,12
Muhanad,11,3,14
Muin,12,0,12
Müjgan,0,12,12
Muscab,12,0,12
Muse,6,6,12
Muskan,0,12,12
Myckel,12,0,12
Myrka,0,12,12
Myrza,0,12,12
Mysha,5,7,12
Mabrouk,8,3,11
Mabrouka,0,11,11
Madhoe,0,11,11
Madhuvi,0,11,11
Madie,0,11,11
Madoe,0,11,11
Maebel,0,11,11
Maeven,6,5,11
Maeyke,0,11,11
Maghali,0,11,11
Magid,9,3,12
Mahnaz,0,11,11
Maic,11,0,11
Maïsha,0,11,11
Maita,3,10,13
Maitreya,8,3,11
Majolie,0,11,11
Malayka,0,11,11
Malèna,0,11,11
Malieke,0,11,11
Malindi,0,11,11
Malita,0,11,11
Mallissa,0,11,11
Mamadu,11,0,11
Mance,3,10,13
Mandi,3,9,12
Mändy,3,10,13
Manissa,0,11,11
Mann,6,5,11
Manuèl,11,0,11
Mared,0,11,11
Mareli,3,9,12
Marese,0,11,11
Mareyn,9,3,12
Marfo,7,3,10
Margaretta,3,9,12
Margeret,0,11,11
Margrid,0,11,11
Margriethe,0,11,11
Mariann,0,11,11
Marie-Christien,3,10,13
Marie-Jean,3,7,10
Marie-Pauline,0,11,11
Mariene,3,10,13
Marienes,11,0,11
Mariës,8,3,11
Marietha,0,11,11
Mariloe,0,11,11
Marilot,0,11,11
Marinius,11,0,11
Marionette,0,11,11
Mariss,9,3,12
Marjanca,3,10,13
Marjoleyn,0,11,11
Markjan,11,0,11
Marlatu,11,0,11
Marlea,0,11,11
Marleida,0,11,11
Marlet,0,11,11
Marlieze,0,11,11
Marousja,0,11,11
Marquérita,0,11,11
Marrijn,11,0,11
Marteyn,11,0,11
Marthalena,0,11,11
Marthijntje,0,11,11
Martius,10,3,13
Marwane,11,0,11
Maryssa,0,11,11
Massa,3,10,13
Massine,11,0,11
Matinus,11,0,11
Mato,10,3,13
Matthee,9,3,12
Matthewes,11,0,11
Matyas,11,0,11
Matylda,0,11,11
Maurilla,0,11,11
Mauryn,9,3,12
Mauve,3,9,12
Maximilia,3,9,12
Maybelline,0,11,11
Mayko,10,3,13
Maylina,0,11,11
Maymuna,3,10,13
Mechtel,0,11,11
Mechteline,0,11,11
Medet,11,0,11
Medusa,0,11,11
Megrietha,0,11,11
Mehak,3,10,13
Mehek,0,11,11
Meinouda,0,11,11
Meinradus,11,0,11
Meinske,0,11,11
Mekka,0,11,11
Melanique,0,11,11
Melgerdina,0,11,11
Méline,0,11,11
Melius,11,0,11
Melles,9,3,12
Melsina,0,11,11
Melus,11,0,11
Menasse,11,0,11
Menduh,11,0,11
Menekse,0,11,11
Menk,10,3,13
Mennan,11,0,11
Mennes,11,0,11
Menorah,0,11,11
Merari,3,8,11
Meraud,0,11,11
Mérette,0,11,11
Merida,3,10,13
Merke,0,11,11
Merl,3,7,10
Mertha,3,10,13
Mesak,11,0,11
Messaoud,11,0,11
Metze,11,0,11
Mevlid,11,0,11
Michaell,11,0,11
Michelino,11,0,11
Miechiel,10,3,13
Mieske,0,11,11
Migaël,11,0,11
Miguella,0,11,11
Mihael,11,0,11
Mikaëla,0,11,11
Mikaya,5,6,11
Mil,9,3,12
Milany,0,11,11
Milen,5,6,11
Milèna,0,11,11
Miljuschka,0,11,11
Minah,3,10,13
Minarda,0,11,11
Mindi,3,10,13
Minella,0,11,11
Minkes,11,0,11
Miraz,10,3,13
Mireina,0,11,11
Mitja,8,3,11
Mizgin,3,10,13
Moara,0,11,11
Mobin,11,0,11
Mobina,0,11,11
Moenia,0,11,11
Moenir,11,0,11
Mohamedamin,11,0,11
Mohammet,11,0,11
Moi,3,9,12
Moizes,11,0,11
Molla,9,3,12
Momen,10,3,13
Monier,11,0,11
Mons,11,0,11
Mony,3,9,12
Morais,7,3,10
Morna,3,10,13
Morritz,11,0,11
Morton,11,0,11
Mouaâd,11,0,11
Moufid,11,0,11
Moura,3,7,10
Mourik,11,0,11
Mucahid,11,0,11
Mücella,0,11,11
Muhlis,11,0,11
Mundo,11,0,11
Münire,0,11,11
Muratcan,11,0,11
Myrelle,0,11,11
Myrèse,3,9,12
Myrtel,0,11,11
Maahir,10,0,10
Maalik,10,0,10
Maare,0,10,10
Maaske,0,10,10
Macel,9,3,12
Madae,0,10,10
Madhurie,0,10,10
Maelle,0,10,10
Maelyn,0,10,10
Maey,0,10,10
Magina,0,10,10
Magontha,0,10,10
Magrethe,0,10,10
Mahadev,10,0,10
Mahammed,9,3,12
Mahdy,7,3,10
Mahé,3,7,10
Mahin,5,5,10
Maicky,10,0,10
Maid,10,0,10
Maiden,3,6,9
Maïmouna,0,10,10
Maïte,0,10,10
Makaya,3,7,10
Malea,3,9,12
Maleachi,10,0,10
Maliah,0,10,10
Malie,0,10,10
Maljaerd,10,0,10
Malona,3,6,9
Mandala,6,3,9
Maneesha,0,10,10
Manèl,6,3,9
Manella,0,10,10
Manisa,0,10,10
Manlio,10,0,10
Manohar,9,3,12
Manôn,3,9,12
Manuell,10,0,10
Maranca,0,10,10
Marcél,10,0,10
Marceles,10,0,10
Marcilia,3,9,12
Marcina,0,10,10
Mareth,0,10,10
Marettha,0,10,10
Margareeth,0,10,10
Margerie,0,10,10
Margurite,0,10,10
Mari-Ann,0,10,10
Maria-Rosa,0,10,10
Mariae,3,9,12
Marialena,0,10,10
Marianela,0,10,10
Maribella,0,10,10
Marid,3,9,12
Marie-An,0,10,10
Marie-Antoinet,0,10,10
Marie-Françoise,3,9,12
Marie-louise,3,9,12
Mariechen,0,10,10
Mariëll,3,8,11
Marielou,0,10,10
Marijnes,10,0,10
Marinco,9,3,12
Marinja,0,10,10
Mariyam,0,10,10
Marjenne,0,10,10
Markell,7,3,10
Marlanda,0,10,10
Marlique,0,10,10
Marnique,6,3,9
Maroen,9,3,12
Marrechien,0,10,10
Marrith,0,10,10
Marthje,0,10,10
Martin-Jan,10,0,10
Martinius,10,0,10
Maryl,3,9,12
Maryline,0,10,10
Maryonne,0,10,10
Maryze,0,10,10
Masoud,10,0,10
Massaro,10,0,10
Masson,10,0,10
Matta,3,9,12
Mattys,10,0,10
Maulana,10,0,10
Maurene,0,10,10
Mauric,10,0,10
Maurieke,0,10,10
Mauries,10,0,10
Mawar,3,9,12
Maxelante,0,10,10
Maxmillian,10,0,10
Maxwel,10,0,10
Maycen,10,0,10
Mayck,10,0,10
Maygan,0,10,10
Mayre,0,10,10
Maysaa,0,10,10
Maythe,0,10,10
Mechthild,0,10,10
Mecid,10,0,10
Meck,10,0,10
Medley,3,7,10
Meerke,0,10,10
Meerthe,0,10,10
Meeuw,5,5,10
Megchelien,0,10,10
Megteld,0,10,10
Megtilda,3,9,12
Meiling,0,10,10
Meindina,0,10,10
Meïra,0,10,10
Meisje,0,10,10
Meks,10,0,10
Melaine,0,10,10
Mellaney,0,10,10
Melliena,0,10,10
Mellyora,0,10,10
Melsa,0,10,10
Melvine,3,8,11
Mengalvio,10,0,10
Meno,8,3,11
Menoa,3,9,12
Mensur,6,3,9
Menucha,7,3,10
Merced,3,9,12
Mereille,0,10,10
Merhawi,9,3,12
Merij,0,10,10
Merijam,0,10,10
Merlene,0,10,10
Merly,0,10,10
Merrick,10,0,10
Merrijn,10,0,10
Merril,7,3,10
Mertin,10,0,10
Mesam,10,0,10
Mesina,0,10,10
Messias,10,0,10
Messina,0,10,10
Metteke,0,10,10
Mettienus,10,0,10
Mevis,5,5,10
Mexes,8,3,11
Mexxi,0,10,10
Mexz,10,0,10
Meyssa,0,10,10
Mich,10,0,10
Michael-Angelo,10,0,10
Michaëll,10,0,10
Michanou,0,10,10
Michël,10,0,10
Michelien,0,10,10
Michielda,0,10,10
Mickay,9,3,12
Mickelle,0,10,10
Mienie,0,10,10
Miguelina,0,10,10
Mika'il,10,0,10
Milaan,8,3,11
Milijan,10,0,10
Militza,0,10,10
Milotte,0,10,10
Minzina,0,10,10
Miquette,0,10,10
Mirell,3,9,12
Mirielle,0,10,10
Mirnes,10,0,10
Mirugia,0,10,10
Mišel,10,0,10
Mishael,8,3,11
Mishka,6,3,9
Mishre,8,3,11
Mitat,10,0,10
Mobien,8,3,11
Moët,3,8,11
Moh'd,5,5,10
Mohaned,10,0,10
Moisha,3,8,11
Mondo,6,3,9
Monie,0,10,10
Monieka,0,10,10
Monk,9,3,12
Montijn,10,0,10
Moosa,6,3,9
Mori,6,3,9
Mosaad,7,3,10
Mouhamed,10,0,10
Mounier,10,0,10
Mouniim,10,0,10
Mourinho,10,0,10
Mout,3,7,10
Mualla,0,10,10
Muberra,0,10,10
Mükerrem,3,9,12
Mümtaz,10,0,10
Munawar,9,3,12
Munesh,10,0,10
Murvin,10,0,10
Myfanwy,0,10,10
Mylow,10,0,10
Myscha,3,6,9
M'hammed,9,0,9
Maantje,3,8,11
Maarigje,0,9,9
Maasina,0,9,9
Mabelie,3,8,11
Macarena,0,9,9
Machaliena,0,9,9
Machgeltje,0,9,9
Machilina,0,9,9
Machtelijn,0,9,9
Machthilde,0,9,9
Mackenzy,3,5,8
Madeleina,3,8,11
Madeloes,0,9,9
Madzen,3,8,11
Maegen,0,9,9
Maevis,3,6,9
Magdalène,3,8,11
Magrietta,3,8,11
Magtelt,0,9,9
Magtildis,0,9,9
Mahender,9,0,9
Mahinderpersad,9,0,9
Mahra,0,9,9
Mahsun,9,0,9
Mahwish,0,9,9
Mahya,0,9,9
Mai-Lin,0,9,9
Maile,3,7,10
Maine,7,3,10
Maisan,0,9,9
Maité,0,9,9
Maiya,3,8,11
Maizy,0,9,9
Majesta,0,9,9
Makai,8,3,11
Makena,3,7,10
Malee,0,9,9
Malène,0,9,9
Maline,0,9,9
Maljaert,9,0,9
Malo,9,0,9
Malya,0,9,9
Mama,0,9,9
Mamady,9,0,9
Mandely,0,9,9
Mander,7,3,10
Mané,3,6,9
Manè,3,8,11
Mangal,9,0,9
Mannolito,8,3,11
Manó,8,3,11
Manrico,9,0,9
Maqsood,7,3,10
Maravilha,3,8,11
Marawan,9,0,9
Marbeth,0,9,9
Marchelino,9,0,9
Marchie,0,9,9
Marckus,9,0,9
Marcolien,0,9,9
Mareie,0,9,9
Marélie,0,9,9
Marenda,0,9,9
Maresca,0,9,9
Mareska,0,9,9
Margeriet,3,8,11
Margerithe,3,8,11
Margitka,0,9,9
Margootje,0,9,9
Margre,0,9,9
Margritte,3,8,11
Margtje,0,9,9
Margus,9,0,9
Mari-Carmen,0,9,9
Mariani,3,8,11
Maricela,0,9,9
Marie-Helène,0,9,9
Marie-Joseph,8,3,11
Marie-Renée,0,9,9
Marienel,0,9,9
Maringe,0,9,9
Marinie,3,8,11
Marinske,0,9,9
Mariquita,0,9,9
Maritzka,0,9,9
Marizia,0,9,9
Marjanus,9,0,9
Marjoes,3,8,11
Marjorieke,0,9,9
Mark-Paul,9,0,9
Markes,8,3,11
Markoen,8,3,11
Marlienke,0,9,9
Marlika,0,9,9
Marlof,9,0,9
Marlonne,0,9,9
Marnelle,0,9,9
Maroesha,0,9,9
Maroula,0,9,9
Marquise,5,3,8
Marrichje,0,9,9
Marriël,0,9,9
Marsalina,0,9,9
Martilde,0,9,9
Martinet,3,8,11
Martjen,3,8,11
Martjo,9,0,9
Marto,9,0,9
Marua,0,9,9
Marvelous,8,3,11
Marvick,9,0,9
Maryati,0,9,9
Marylee,0,9,9
Marynthe,0,9,9
Marzia,0,9,9
Marziya,0,9,9
Masato,9,0,9
Máté,9,0,9
Mathildes,7,3,10
Maths,9,0,9
Matieu,9,0,9
Mattheis,9,0,9
Maty,3,6,9
Maudine,0,9,9
Mauke,3,6,9
Maurício,7,3,10
Maurijntje,0,9,9
Maxien,3,7,10
Maximilius,9,0,9
Maxin,3,5,8
Maxmilian,9,0,9
Maxton,9,0,9
Maybelle,0,9,9
Maybrit,0,9,9
Maylisa,0,9,9
Maz,9,0,9
Meanne,0,9,9
Meda,3,6,9
Medinah,0,9,9
Meent,9,0,9
Meente,7,3,10
Megje,0,9,9
Megumi,0,9,9
Mehari,6,3,9
Mehdia,0,9,9
Meher,3,8,11
Mehrdad,9,0,9
Mehtab,3,7,10
Mei-Lan,0,9,9
Meidina,0,9,9
Meijra,0,9,9
Meik,6,3,9
Meilin,0,9,9
Meinsina,0,9,9
Melaina,0,9,9
Melanda,0,9,9
Melanio,9,0,9
Melat,0,9,9
Melea,3,7,10
Meles,9,0,9
Meliano,9,0,9
Meliantha,0,9,9
Melikşah,9,0,9
Mélin,0,9,9
Melke,9,0,9
Mélodie,0,9,9
Melona,0,9,9
Melrose,0,9,9
Melse,3,8,11
Melville,9,0,9
Memnune,0,9,9
Mendiena,0,9,9
Menina,0,9,9
Menkedina,0,9,9
Menske,3,8,11
Mercè,3,8,11
Mercelien,0,9,9
Merci,3,8,11
Merisa,0,9,9
Merlinn,0,9,9
Merryn,9,0,9
Mertkan,9,0,9
Methodia,3,8,11
Methodius,9,0,9
Mevlit,9,0,9
Miarka,0,9,9
Michanne,0,9,9
Michielina,0,9,9
Mielo,8,3,11
Mierella,3,7,10
Mieszko,9,0,9
Miga,9,0,9
Mijns,7,3,10
Mijsje,0,9,9
Mikaylah,0,9,9
Mikhaël,8,3,11
Mikhailovna,0,9,9
Milanne,0,9,9
Miléne,0,9,9
Milenne,0,9,9
Miliane,0,9,9
Milovan,9,0,9
Milroy,9,0,9
Minela,0,9,9
Minkina,0,9,9
Minneke,0,9,9
Minouck,0,9,9
Minta,3,8,11
Mintze,9,0,9
Miqel,9,0,9
Miquél,9,0,9
Miquèl,9,0,9
Mirjanna,0,9,9
Mirk,9,0,9
Misbah,3,6,9
Miski,0,9,9
Mistica,0,9,9
Mitchy,6,3,9
Mitsy,0,9,9
Moenja,0,9,9
Moessa,9,0,9
Mohammed-Ali,9,0,9
Mohandas,9,0,9
Moktar,7,3,10
Mollie,0,9,9
Momina,0,9,9
Mona-Lisa,0,9,9
Monette,0,9,9
Monicus,9,0,9
Monifah,0,9,9
Monischa,0,9,9
Montassir,9,0,9
Monti,6,3,9
Monze,8,3,11
Morien,3,7,10
Morina,3,7,10
Morino,9,0,9
Morrigan,0,9,9
Morrissey,6,3,9
Morwarid,0,9,9
Moukhlis,9,0,9
Mouwerijnus,9,0,9
Mubasher,9,0,9
Munay,5,3,8
Murtada,6,3,9
Musah,3,5,8
Myanou,0,9,9
Mylah,0,9,9
Mylee,0,9,9
Myrel,0,9,9
Myrell,3,7,10
Myrtho,3,6,9
Macella,0,8,8
Macen,8,0,8
Macie,0,8,8
Macky,3,3,6
Madalon,0,8,8
Madden,8,0,8
Madhwie,0,8,8
Madlyn,0,8,8
Maeke,0,8,8
Maela,0,8,8
Maen,3,7,10
Maez,6,3,9
Magdeline,0,8,8
Magenta,0,8,8
Magno,8,0,8
Mahadi,7,3,10
Mahindra,7,3,10
Mahshid,0,8,8
Mahyar,8,0,8
Maicah,6,3,9
Maïk,8,0,8
Maimuna,0,8,8
Mairi,0,8,8
Majon,0,8,8
Majsa,0,8,8
Makda,0,8,8
Makin,8,0,8
Makis,8,0,8
Malachy,7,3,10
Malaya,0,8,8
Maleen,0,8,8
Mâlik,8,0,8
Malinde,0,8,8
Malva,3,7,10
Mamoun,8,0,8
Mandij,0,8,8
Manik,6,3,9
Manjit,7,3,10
Manoes,3,6,9
Manoux,0,8,8
Manuska,0,8,8
Marantha,0,8,8
Marben,6,3,9
Marc-Anthony,8,0,8
Marchiel,8,0,8
Marciëlla,0,8,8
Marcillis,8,0,8
Marcolino,8,0,8
Mardo,7,3,10
Mareau,3,5,8
Mareintje,3,7,10
Marène,0,8,8
Marfa,0,8,8
Margarit,0,8,8
Margary,0,8,8
Marge,0,8,8
Margeaux,0,8,8
Margite,0,8,8
Margreeta,3,7,10
Marguèrite,0,8,8
Maria-Christina,3,7,10
Maria-Luisa,0,8,8
Maricio,8,0,8
Márie,6,3,9
Marie-Jet,0,8,8
Marie-Jozé,0,8,8
Mariebelle,0,8,8
Mariekus,8,0,8
Mariesa,0,8,8
Marieus,8,0,8
Marijk,3,6,9
Marilsa,0,8,8
Mariluz,0,8,8
Marinique,0,8,8
Marinne,0,8,8
Marinos,8,0,8
Mariolanda,0,8,8
Marioleine,0,8,8
Marisanne,0,8,8
Marivon,3,7,10
Mariye,0,8,8
Marizio,8,0,8
Marjanda,0,8,8
Marjoleijn,0,8,8
Marjolica,0,8,8
Marjolina,0,8,8
Marjonella,0,8,8
Mark-Peter,8,0,8
Marleena,0,8,8
Marlèn,0,8,8
Marleyson,8,0,8
Marliesa,0,8,8
Marou,3,7,10
Marqueritte,0,8,8
Marregje,0,8,8
Marriëtta,0,8,8
Marrita,0,8,8
Marry-Anne,0,8,8
Marsiano,8,0,8
Márta,0,8,8
Martèl,6,3,9
Marten-Jan,8,0,8
Martheijs,8,0,8
Martheo,8,0,8
Marthias,8,0,8
Marthien,6,3,9
Martialis,8,0,8
Martiniana,0,8,8
Martis,6,3,9
Marucha,0,8,8
Maruli,7,3,10
Marvino,8,0,8
Marvy,3,3,6
Marwen,8,0,8
Maryano,8,0,8
Marylon,0,8,8
Marzena,0,8,8
Marzouk,6,3,9
Masaya,6,3,9
Mascelus,8,0,8
Maschja,0,8,8
Maselina,0,8,8
Masin,8,0,8
Mass,8,0,8
Massinissa,8,0,8
Matahari,3,6,9
Mate,7,3,10
Mathée,3,7,10
Mathéo,8,0,8
Matheys,8,0,8
Mathi,7,3,10
Matsje,0,8,8
Matthija,0,8,8
Mauck,8,0,8
Maure,3,7,10
Maurino,8,0,8
Mauritsio,7,3,10
Mavey,7,3,10
Mavie,0,8,8
Mawusi,3,5,8
Maximovna,0,8,8
Mayada,0,8,8
Mayadevi,0,8,8
Maylan,5,3,8
Maylana,0,8,8
Mayling,0,8,8
Maylis,0,8,8
Mayowa,3,3,6
Mayrin,3,7,10
Mays,5,3,8
Maysar,8,0,8
Mayta,6,3,9
Mayté,0,8,8
Maytrie,0,8,8
Mayu,3,5,8
Mckenna,3,7,10
Meau,3,5,8
Mechtelinus,8,0,8
Medeiros,6,3,9
Meemme,8,0,8
Meglina,3,7,10
Mehar,3,6,9
Meijeltje,0,8,8
Meila,0,8,8
Mein,3,7,10
Meinse,8,0,8
Meinskje,0,8,8
Meki,5,3,8
Melanthe,0,8,8
Mélany,0,8,8
Melba,0,8,8
Melianthe,0,8,8
Melida,0,8,8
Melieke,0,8,8
Melijn,3,5,8
Melissina,0,8,8
Melitia,0,8,8
Melitza,0,8,8
Melkon,7,3,10
Mellin,3,7,10
Mèlody,0,8,8
Melten,7,3,10
Melva,0,8,8
Memik,8,0,8
Memouna,0,8,8
Mentina,0,8,8
Merah,0,8,8
Meraja,0,8,8
Merav,0,8,8
Mercé,3,7,10
Merceline,0,8,8
Mercha,0,8,8
Mercury,7,3,10
Merianne,0,8,8
Meriëlle,0,8,8
Merino,7,3,10
Merleena,0,8,8
Merlein,3,5,8
Merryl,3,7,10
Merthan,8,0,8
Merva,0,8,8
Mezac,8,0,8
Mezina,0,8,8
Mical,3,6,9
Michael-John,8,0,8
Michaelus,8,0,8
Micheala,0,8,8
Michel-Angelo,8,0,8
Michellina,0,8,8
Michi,5,3,8
Michielle,3,7,10
Miguél,8,0,8
Mikaeel,8,0,8
Mikaila,0,8,8
Mikan,8,0,8
Mikeyla,0,8,8
Mikka,5,3,8
Milaad,8,0,8
Milady,0,8,8
Milando,8,0,8
Milette,0,8,8
Milhan,7,3,10
Mili,3,7,10
Miliani,3,7,10
Minoux,0,8,8
Mirai,0,8,8
Miralem,8,0,8
Mirana,3,7,10
Mirea,0,8,8
Mirèl,0,8,8
Miria,0,8,8
Mirinda,0,8,8
Mirola,0,8,8
Miroslava,0,8,8
Miroslawa,0,8,8
Mirrit,0,8,8
Mirsada,0,8,8
Mirta,0,8,8
Misk,0,8,8
Mithra,3,3,6
Miuccia,0,8,8
Moaaz,8,0,8
Modou,8,0,8
Mohad,8,0,8
Mohib,8,0,8
Mohmmad,6,3,9
Mohssen,8,0,8
Momin,8,0,8
Monaim,8,0,8
Monik,0,8,8
Monish,8,0,8
Montano,8,0,8
Montse,0,8,8
Moontje,0,8,8
Moraine,0,8,8
Moré,3,6,9
Morela,0,8,8
Morenikeji,3,7,10
Morisson,5,3,8
Moroni,8,0,8
Morpheus,8,0,8
Morteza,8,0,8
Mortimer,8,0,8
Morvenna,0,8,8
Mosje,7,3,10
Mouringh,8,0,8
Moussaab,8,0,8
Mowgli,7,3,10
Mowlid,6,3,9
Muad,8,0,8
Mubashir,7,3,10
Mujo,8,0,8
Muk,3,6,9
Mukhtaar,8,0,8
Mulyani,0,8,8
Munachi,3,6,9
Münteha,0,8,8
Murel,0,8,8
Muriëlla,0,8,8
Müşerref,0,8,8
Müslim,8,0,8
Muzamil,7,3,10
Mychelle,0,8,8
Myko,8,0,8
Myleen,0,8,8
Myna,0,8,8
Mynko,8,0,8
Myosotis,0,8,8
Myriame,0,8,8
Myrto,3,5,8
Maaite,0,7,7
Maam,0,7,7
Maaria,3,6,9
Maarjan,0,7,7
Maarke,0,7,7
Mabinty,0,7,7
Macelis,7,0,7
Machano,7,0,7
Machiella,0,7,7
Machilius,7,0,7
Macit,7,0,7
Madelonne,0,7,7
Madhewie,0,7,7
Madine,0,7,7
Madjied,7,0,7
Madlen,0,7,7
Maesen,7,0,7
Magdaleina,0,7,7
Magdelene,0,7,7
Magereta,0,7,7
Maghiel,7,0,7
Magic,3,3,6
Maginus,7,0,7
Magré,0,7,7
Magrit,0,7,7
Maham,0,7,7
Mahdiya,0,7,7
Mahfoud,7,0,7
Mahmod,7,0,7
Mai-Lan,0,7,7
Maickey,7,0,7
Mairah,0,7,7
Maisae,0,7,7
Maisen,6,3,9
Maity,0,7,7
Majra,0,7,7
Makani,6,3,9
Mako,3,3,6
Maksut,7,0,7
Maksym,7,0,7
Maléna,3,6,9
Malivai,7,0,7
Maljaard,7,0,7
Malke,6,3,9
Malty,0,7,7
Malwina,0,7,7
Malyssa,0,7,7
Mamoon,6,3,9
Manan,3,3,6
Manana,3,6,9
Mancika,3,6,9
Manesh,7,0,7
Manfredo,7,0,7
Maniek,3,5,8
Manito,7,0,7
Manjula,0,7,7
Mannat,0,7,7
Mannuela,0,7,7
Mansah,0,7,7
Manten,7,0,7
Manuèla,0,7,7
Maralde,0,7,7
Maralyn,0,7,7
Maràn,5,3,8
Maranello,7,0,7
Marat,7,0,7
Marc-Paul,7,0,7
Marcelinho,7,0,7
Marchana,0,7,7
Marchelma,0,7,7
Marchena,5,3,8
Marcianus,6,3,9
Marcie,0,7,7
Marcobus,6,3,9
Marcon,7,0,7
Marculina,0,7,7
Mardalena,3,6,9
Marden,7,0,7
Mardia,0,7,7
Mardiya,0,7,7
Marelyn,0,7,7
Marenke,0,7,7
Maresi,0,7,7
Margaliet,0,7,7
Margareetha,0,7,7
Margaréta,0,7,7
Margaretus,7,0,7
Margreethe,0,7,7
Marguéritha,0,7,7
Marí,0,7,7
Mari-José,0,7,7
Mària,0,7,7
Maria-Johanna,0,7,7
Maria-José,3,6,9
Maricel,0,7,7
Maricelle,3,6,9
Marie-Bernadette,0,7,7
Marie-Caroline,0,7,7
Marie-Jeannette,0,7,7
Marie-Pierre,3,6,9
Marie-Suzanne,0,7,7
Marieclaire,0,7,7
Mariele,0,7,7
Marienelle,0,7,7
Marienka,0,7,7
Marieza,0,7,7
Marieze,3,6,9
Marigona,0,7,7
Marilein,0,7,7
Marillion,3,5,8
Marinna,0,7,7
Mário,7,0,7
Mariolijne,0,7,7
Mariona,0,7,7
Maris-Stella,3,6,9
Maristella,0,7,7
Marjane,0,7,7
Marjani,3,6,9
Marjean,0,7,7
Markoes,7,0,7
Marlêne,0,7,7
Marlu,0,7,7
Maroef,6,3,9
Marqueritha,0,7,7
Marrik,7,0,7
Marson,6,3,9
Martell,5,3,8
Marthé,3,3,6
Marthè,6,3,9
Marthi,3,6,9
Martienke,0,7,7
Martìn,7,0,7
Martinella,0,7,7
Martires,6,3,9
Marttje,0,7,7
Martua,7,0,7
Martyne,0,7,7
Marvellous,5,3,8
Marvey,7,0,7
Marylena,0,7,7
Maryvon,0,7,7
Masaki,5,3,8
Masen,6,3,9
Masi,7,0,7
Masia,3,5,8
Masirah,0,7,7
Massai,7,0,7
Massi,3,3,6
Matanya,3,3,6
Maté,5,3,8
Mathías,7,0,7
Mathijmes,7,0,7
Mathild,3,3,6
Mathyas,7,0,7
Matinique,5,3,8
Mattanjah,3,3,6
Mattanya,3,3,6
Mattathias,7,0,7
Mattes,7,0,7
Mattew,7,0,7
Mattheuw,7,0,7
Matthews,7,0,7
Matthie,5,3,8
Matthisa,0,7,7
Matthyn,7,0,7
Mattice,5,3,8
Mattijsje,0,7,7
Mattithja,3,5,8
Matvey,7,0,7
Maurike,0,7,7
Mauritsius,7,0,7
Maut,0,7,7
Mawata,0,7,7
Max-Jan,7,0,7
Maxentia,0,7,7
Máximo,7,0,7
Maxym,6,3,9
Mayce,3,3,6
Mayela,0,7,7
Maylen,3,6,9
Maylyn,0,7,7
Maymunah,0,7,7
Mayo,3,5,8
Mayola,3,6,9
Maysoon,0,7,7
Mayssam,3,3,6
Mbaye,7,0,7
Measen,7,0,7
Mech,3,3,6
Mecheldina,0,7,7
Mecheltje,0,7,7
Mechgeltje,0,7,7
Mechie,0,7,7
Medardo,6,3,9
Meendert,7,0,7
Meertine,0,7,7
Mega,3,6,9
Megchel,0,7,7
Meggel,3,6,9
Meggi,0,7,7
Méghan,0,7,7
Megtelina,0,7,7
Mehdy,6,3,9
Mehmi,3,3,6
Meinrad,7,0,7
Mekhi,7,0,7
Melannie,0,7,7
Melcherdina,0,7,7
Melchor,7,0,7
Meldy,3,5,8
Melehat,0,7,7
Meli,3,6,9
Meliena,0,7,7
Mélinda,0,7,7
Melissia,0,7,7
Melly,0,7,7
Melton,7,0,7
Melvern,7,0,7
Mely,3,6,9
Memis,6,3,9
Menalda,0,7,7
Menase,7,0,7
Menga,3,6,9
Menisha,0,7,7
Meray,0,7,7
Mercede,3,6,9
Mercelis,6,3,9
Merèl,0,7,7
Merici,0,7,7
Merike,0,7,7
Merla,0,7,7
Mert-Can,7,0,7
Mertine,0,7,7
Mervi,0,7,7
Meryan,0,7,7
Merzuka,0,7,7
Mets,6,3,9
Metse,7,0,7
Mevre,0,7,7
Mevsim,0,7,7
Mezian,6,3,9
Mhemed,3,3,6
Miami,3,3,6
Miana,0,7,7
Mianne,0,7,7
Micaël,7,0,7
Micel,7,0,7
Micelle,0,7,7
Michaèla,0,7,7
Michaëline,0,7,7
Michaëlus,7,0,7
Michah,6,3,9
Michantely,0,7,7
Michêl,6,3,9
Michèlla,0,7,7
Michiëlla,3,6,9
Michielszoon,7,0,7
Michilina,0,7,7
Michja,6,3,9
Miekie,3,6,9
Mient-Jan,7,0,7
Mieny,0,7,7
Miet,0,7,7
Migal,3,3,6
Miguelangel,7,0,7
Mihraç,6,3,9
Mijgje,0,7,7
Mijme,7,0,7
Mijnte,6,3,9
Mijo,7,0,7
Mikaiel,6,3,9
Mikas,7,0,7
Mikéla,0,7,7
Mikhailovich,7,0,7
Mikos,6,3,9
Milaino,7,0,7
Milane,0,7,7
Milio,7,0,7
Milissa,0,7,7
Mill,3,3,6
Millard,5,3,8
Milli,3,6,9
Miloes,0,7,7
Milosz,7,0,7
Mils,7,0,7
Milú,0,7,7
Milutin,7,0,7
Milyan,7,0,7
Mimmo,7,0,7
Mimoena,0,7,7
Mimoza,0,7,7
Minakoemarie,0,7,7
Minon,0,7,7
Minona,0,7,7
Minous,0,7,7
Minouska,0,7,7
Mique,3,3,6
Mirali,7,0,7
Miras,6,3,9
Mirca,0,7,7
Miren,0,7,7
Miriëlle,0,7,7
Miriyam,0,7,7
Mirosław,7,0,7
Mirtel,0,7,7
Miryanne,0,7,7
Misia,0,7,7
Mitchey,7,0,7
Mitzie,0,7,7
Miyana,0,7,7
MJA,3,6,9
MJM,6,3,9
Moani,0,7,7
Mobeen,0,7,7
Moek,7,0,7
Mohammadi,3,5,8
Mohmed,3,3,6
Moïz,7,0,7
Mojca,0,7,7
Mojo,5,3,8
Mondi,3,5,8
Monick,0,7,7
Moniqua,0,7,7
Monisa,0,7,7
Monnique,3,6,9
Monno,7,0,7
Monnogonda,0,7,7
Montasar,3,3,6
Monulfus,5,3,8
Morella,0,7,7
Moréna,0,7,7
Moriël,6,3,9
Morin,6,3,9
Morinio,7,0,7
Morrisen,5,3,8
Morven,5,3,8
Mory,3,3,6
Mosjé,7,0,7
Mouâd,7,0,7
Moudy,3,6,9
Mouhssine,7,0,7
Mourijn,3,3,6
Mourina,0,7,7
Mouwering,7,0,7
Movses,7,0,7
Muamer,7,0,7
Mucaad,7,0,7
Muguette,0,7,7
Muhamad,7,0,7
Mujahid,6,3,9
Mukendi,7,0,7
Mukunda,7,0,7
Mulia,3,3,6
Mulki,0,7,7
Munda,3,6,9
Muneeb,7,0,7
Münir,7,0,7
Mürat,7,0,7
Murco,7,0,7
Murièl,0,7,7
Mürüvet,0,7,7
Mutya,0,7,7
Muuse,5,3,8
Mwana,3,3,6
Mychel,7,0,7
Myco,7,0,7
Mylenna,0,7,7
Myntje,3,3,6
Myo,6,3,9
Myrande,0,7,7
Myrianne,0,7,7
Myrinne,0,7,7
Maa,6,0,6
Maaigje,0,6,6
Maarten-Willem,6,0,6
Macayla,0,6,6
Machelientje,0,6,6
Machgielis,6,0,6
Maciano,6,0,6
MacMillan,3,5,8
Mädchen,0,6,6
Madelberta,0,6,6
Madeliene,0,6,6
Madhawie,0,6,6
Madhewi,0,6,6
Madhumatie,0,6,6
Madhur,5,3,8
Madhvie,0,6,6
Madike,0,6,6
Madimba,3,3,6
Madiou,6,0,6
Madjid,6,0,6
Madolyn,0,6,6
Madri,3,5,8
Madyan,6,0,6
Madyson,0,6,6
Maedy,3,5,8
Maeley,0,6,6
Maelie,0,6,6
Maelin,0,6,6
Maesa,3,5,8
Maëva,0,6,6
Maevie,0,6,6
Magdalaine,3,5,8
Magdalini,0,6,6
Magdeleine,0,6,6
Magdiël,3,3,6
Magtilde,0,6,6
Mahala,0,6,6
Mahamuud,3,3,6
Mahasin,0,6,6
Mahassine,0,6,6
Mahbub,5,3,8
Mahes,6,0,6
Maheshkumar,6,0,6
Maheshwari,0,6,6
Mahinur,0,6,6
Mahiya,0,6,6
Mahsum,6,0,6
Mai-Britt,0,6,6
Mai-Li,0,6,6
Mai-lin,0,6,6
Mai-Linh,0,6,6
Mai-Lynn,0,6,6
Maicke,3,5,8
Maigret,3,5,8
Maïkel,6,0,6
Maikina,0,6,6
Mailynn,0,6,6
Maimunah,0,6,6
Mair,3,3,6
Maíra,0,6,6
Mairen,6,0,6
Maïsa,0,6,6
Maissane,0,6,6
Majanca,3,5,8
Majdoline,0,6,6
Makan,5,3,8
Makar,6,0,6
Makay,5,3,8
Makenzie,3,5,8
Maki,3,3,6
Malaïka,3,5,8
Malchert,6,0,6
Maldini,6,0,6
Malé,3,3,6
Malic,6,0,6
Malieka,0,6,6
Malikah,0,6,6
Malinie,0,6,6
Malino,6,0,6
Malko,6,0,6
Mallisa,0,6,6
Malouk,0,6,6
Malyn,0,6,6
Mamadi,5,3,8
Man-Ho,6,0,6
Manaf,6,0,6
Manas,5,3,8
Manell,3,3,6
Manelle,0,6,6
Manessa,0,6,6
Manha,0,6,6
Manin,0,6,6
Manjeska,0,6,6
Mannah,0,6,6
Manollo,6,0,6
Manouche,0,6,6
Manouchka,0,6,6
Mansi,0,6,6
Mansor,6,0,6
Manuëlle,3,3,6
Manuschka,0,6,6
Maradona,5,3,8
Maradonna,6,0,6
Maragaretha,0,6,6
Marandy,0,6,6
Marante,0,6,6
Marbelle,0,6,6
Marbert,3,3,6
Marc-Marie,6,0,6
Marcaria,0,6,6
Marcelli,3,3,6
Marcharetha,0,6,6
Marchjen,0,6,6
Marci,3,3,6
Marciel,3,5,8
Mard,6,0,6
Mardith,0,6,6
Mareanne,0,6,6
Marelien,0,6,6
Marem,0,6,6
Marenca,0,6,6
Marenna,0,6,6
Marenske,0,6,6
Marenzo,6,0,6
Mareva,0,6,6
Mareza,0,6,6
Margariete,0,6,6
Margerit,0,6,6
Marghareta,0,6,6
Margherite,0,6,6
Margi,0,6,6
Margienes,6,0,6
Margines,6,0,6
Margott,0,6,6
Margretta,0,6,6
Margretus,5,3,8
Margrith,0,6,6
Maria-Pia,0,6,6
Mariaan,3,3,6
Marialice,0,6,6
Marianes,6,0,6
Maricke,0,6,6
Marie-anne,0,6,6
Marie-Carmen,0,6,6
Marie-Catherine,0,6,6
Marie-Elle,0,6,6
Marie-Jan,0,6,6
Marie-Josee,3,3,6
Marie-Josèphe,0,6,6
Marie-Lena,0,6,6
Marie-Luise,0,6,6
Marienella,0,6,6
Marienette,0,6,6
Mariënna,0,6,6
Mariënte,0,6,6
Mariesha,0,6,6
Marijelle,0,6,6
Marijte,0,6,6
Marilaine,0,6,6
Mariline,0,6,6
Marill,0,6,6
Marilore,0,6,6
Marilyse,0,6,6
Marim,3,5,8
Marinelis,6,0,6
Marinello,6,0,6
Marinyo,6,0,6
Marionella,0,6,6
Marionita,0,6,6
Marissen,6,0,6
Marithé,3,5,8
Mariuccia,0,6,6
Mariyah,0,6,6
Marjati,0,6,6
Marjes,3,5,8
Marjolande,0,6,6
Marjoleina,0,6,6
Marjona,0,6,6
Marjonette,0,6,6
Marjonneke,0,6,6
Markinah,0,6,6
Markward,6,0,6
Marlando,6,0,6
Marlike,0,6,6
Marlinn,0,6,6
Maroeshka,0,6,6
Maronne,0,6,6
Marouchka,0,6,6
Marq,6,0,6
Marque,3,3,6
Marré,0,6,6
Marrèl,0,6,6
Marrig,3,3,6
Marry-Ann,0,6,6
Marshel,6,0,6
Marsilla,0,6,6
Marteintje,0,6,6
Martiano,6,0,6
Martilla,0,6,6
Martinah,0,6,6
Maruf,6,0,6
Marula,0,6,6
Marusja,0,6,6
Marvinio,6,0,6
Marvis,0,6,6
Marwijn,6,0,6
Marwina,3,5,8
Mary-ann,0,6,6
Mary-Claire,0,6,6
Mary-Rose,0,6,6
Maryani,0,6,6
Marybelle,0,6,6
Maryce,0,6,6
Marylinn,0,6,6
Marylyn,0,6,6
Masa,3,3,6
Masami,3,3,6
Mathios,6,0,6
Mathís,6,0,6
Mathya,0,6,6
Mathysa,0,6,6
Mati,3,3,6
Matrix,6,0,6
Mattha,0,6,6
Mattheijs,6,0,6
Matthéo,6,0,6
Matthías,6,0,6
Matthijas,6,0,6
Matthuschka,0,6,6
Mattitja,3,5,8
Mattiz,6,0,6
Matto,6,0,6
Mauran,5,3,8
Mauren,6,0,6
Maurens,5,3,8
Mauriche,6,0,6
Maurilio,6,0,6
Maurisa,0,6,6
Maurise,3,5,8
Maxie,0,6,6
Maximilaan,6,0,6
Maxy,3,3,6
Maycie,0,6,6
Maylah,0,6,6
Mayonne,0,6,6
Mayrah,0,6,6
Mazelina,0,6,6
Maziyar,6,0,6
Mbarek,6,0,6
Mbarka,0,6,6
Mckayla,0,6,6
McKenna,3,5,8
Meanda,0,6,6
Mechlien,0,6,6
Mechthildis,0,6,6
Meden,3,3,6
Medisa,0,6,6
Medo,6,0,6
Meelis,6,0,6
Meenakshidevi,0,6,6
Meesina,0,6,6
Meeuwina,0,6,6
Megen,0,6,6
Meggan,0,6,6
Mehboob,6,0,6
Mehrab,6,0,6
Mehriban,0,6,6
Mehti,6,0,6
Meikelina,0,6,6
Meilani,0,6,6
Meilo,6,0,6
Meily,0,6,6
Meinder,6,0,6
Meinhold,5,3,8
Meintiena,0,6,6
Meiskelina,0,6,6
Mekje,0,6,6
Mèlany,0,6,6
Melchizedek,6,0,6
Melde,0,6,6
Meleknur,0,6,6
Melène,0,6,6
Melias,6,0,6
Melinka,0,6,6
Mélisa,0,6,6
Melisenda,0,6,6
Mellory,3,5,8
Mellow,5,3,8
Melou,0,6,6
Meltina,0,6,6
Melusina,0,6,6
Melusine,0,6,6
Melz,5,3,8
Memati,6,0,6
Memuna,0,6,6
Mendoza,3,3,6
Menesse,0,6,6
Menissa,0,6,6
Menni,3,5,8
Menora,0,6,6
Mensa,3,3,6
Menselina,0,6,6
Menskje,0,6,6
Menşure,0,6,6
Meola,0,6,6
Meraj,5,3,8
Merantine,0,6,6
Meream,0,6,6
Merelijn,0,6,6
Mereline,0,6,6
Merfet,0,6,6
Mergo,3,5,8
Merhawit,0,6,6
Méri,0,6,6
Merick,6,0,6
Meridith,0,6,6
Meriete,0,6,6
Merigje,0,6,6
Mérijn,5,3,8
Merijtje,0,6,6
Merinus,6,0,6
Mérit,0,6,6
Meritxell,0,6,6
Merlijntje,0,6,6
Merrith,0,6,6
Mersad,6,0,6
Meruchia,0,6,6
Merveil,5,3,8
Merziye,0,6,6
Messelina,0,6,6
Metdina,0,6,6
Metella,0,6,6
Methje,0,6,6
Metiena,0,6,6
Mevi,3,5,8
Mevlude,0,6,6
Mevy,3,5,8
Mexxy,0,6,6
Meyert,6,0,6
Meyndert,6,0,6
Meysae,0,6,6
Meysan,3,3,6
Mía,0,6,6
Micay,6,0,6
Michaëlina,0,6,6
Michai,6,0,6
Michali,5,3,8
Michayla,0,6,6
Michelangela,0,6,6
Michêlle,3,5,8
Michico,3,5,8
Michieltje,0,6,6
Michielus,6,0,6
Michilius,6,0,6
Mickaël,6,0,6
Micklin,0,6,6
Midian,5,3,8
Miebet,0,6,6
Miela,0,6,6
Miels,6,0,6
Miera,0,6,6
Mieranda,0,6,6
Miesha,3,5,8
Miesja,3,5,8
Miete,0,6,6
Miggel,6,0,6
Mihad,3,3,6
Mihri,0,6,6
Mihrinur,0,6,6
Mihrişah,0,6,6
Miika,6,0,6
Mijnhardina,0,6,6
Milàn,6,0,6
Milat,6,0,6
Mildreda,0,6,6
Mileah,0,6,6
Miled,3,5,8
Milenna,0,6,6
Mileyna,0,6,6
Milie,0,6,6
Milijana,0,6,6
Milijn,0,6,6
Miliza,0,6,6
Miljan,6,0,6
Millia,0,6,6
Miloslav,6,0,6
Mim,0,6,6
Mima,0,6,6
Mimie,3,5,8
Mimmi,0,6,6
Mingoes,6,0,6
Mingxuan,6,0,6
Minhas,5,3,8
Miniekus,5,3,8
Minnekes,6,0,6
Minoesh,0,6,6
Minoeska,0,6,6
Minx,3,3,6
Miosotis,0,6,6
Miquël,6,0,6
Miquitte,0,6,6
Mirabell,0,6,6
Mirage,3,3,6
Mirandolina,0,6,6
Mirdin,3,3,6
Mire,3,3,6
Miré,0,6,6
Mirëille,0,6,6
Mirena,0,6,6
Miriël,0,6,6
Mirjon,0,6,6
Mirranda,0,6,6
Miruna,0,6,6
Mirzan,6,0,6
Miša,5,3,8
Mishaël,6,0,6
Mishel,3,3,6
Miso,5,3,8
Mišo,6,0,6
Misran,5,3,8
Misrie,3,3,6
Mit,5,3,8
Mitchiko,0,6,6
Mitte,0,6,6
Miura,0,6,6
Miłosz,6,0,6
MJG,3,5,8
Moâad,6,0,6
Moaz,6,0,6
Modi,3,3,6
Moegtaar,6,0,6
Moenier,6,0,6
Moenish,6,0,6
Moetiara,0,6,6
Mogens,6,0,6
Mogontha,0,6,6
Mohab,6,0,6
Mohamet,6,0,6
Mohammed-Amin,6,0,6
Mohani,0,6,6
Mohd,6,0,6
Moheb,5,3,8
Mohidin,3,3,6
Mohsan,5,3,8
Mohssine,6,0,6
Moinuddin,5,3,8
Mollo,6,0,6
Monae,0,6,6
Mondher,6,0,6
Mondy,3,5,8
Monessa,0,6,6
Moniqué,0,6,6
Monserrat,0,6,6
Montadar,6,0,6
Montaser,5,3,8
Mooz,3,3,6
Moraima,0,6,6
Moraisha,0,6,6
Morgain,3,5,8
Moriko,0,6,6
Morkea,0,6,6
Morschi,6,0,6
Mouataz,6,0,6
Mouhamad,6,0,6
Mouritz,6,0,6
Mudhir,3,5,8
Müfit,6,0,6
Muhammedali,6,0,6
Muhudin,5,3,8
Muike,0,6,6
Mukisa,6,0,6
Muktar,5,3,8
Muller,5,3,8
Mulyono,5,3,8
Mümine,0,6,6
Mundi,3,3,6
Munevver,0,6,6
Munib,6,0,6
Muntaha,3,5,8
Muqtar,3,3,6
Murial,0,6,6
Murillo,6,0,6
Mürşide,0,6,6
Mustafacan,6,0,6
Mustan,6,0,6
Mutasim,6,0,6
Muthoni,0,6,6
Müyesser,0,6,6
Muza,3,5,8
Mykelti,3,3,6
Mylenne,0,6,6
Mylja,0,6,6
Mylotte,0,6,6
Myora,0,6,6
Myrena,0,6,6
Myrette,0,6,6
Myrta,0,6,6
Myrtea,0,6,6
Myrthel,0,6,6
Mystica,0,6,6
M'barek,5,0,5
M'Barka,0,5,5
M-Jay,3,3,6
Maaika,0,5,5
Maairinus,5,0,5
Maaitina,0,5,5
Maanu,0,5,5
Maari,3,3,6
Maas-Jan,5,0,5
Maaya,0,5,5
Maayan,3,3,6
Maaz,5,0,5
Mabella,0,5,5
Machiël,5,0,5
Machla,0,5,5
Machtild,0,5,5
Maciek,5,0,5
Maciel,3,3,6
Mackenzi,3,3,6
Mackie,3,3,6
Macrina,0,5,5
Madai,5,0,5
Madeé,0,5,5
Madeeha,0,5,5
Madelbertha,3,3,6
Madelèine,0,5,5
Madeleyne,0,5,5
Madeliefje,0,5,5
Madelone,0,5,5
Madena,0,5,5
Madhav,5,0,5
Madia,0,5,5
Maditha,0,5,5
Madley,3,3,6
Maduro,3,3,6
Mae-Ann,0,5,5
Maebh,0,5,5
Maecy,0,5,5
Maeko,3,3,6
Maera,0,5,5
Magalí,0,5,5
Magarethe,0,5,5
Magarietha,0,5,5
Magchieltje,0,5,5
Magdaleni,0,5,5
Magdalientje,0,5,5
Magdeleen,0,5,5
Magiella,0,5,5
Magliena,0,5,5
Magnola,0,5,5
Magreth,0,5,5
Maguy,0,5,5
Mahaveer,5,0,5
Mahawa,0,5,5
Mahdie,5,0,5
Mahek,0,5,5
Mahendre,5,0,5
Mahfouz,3,3,6
Mahila,3,3,6
Mahjabeen,0,5,5
Mahlet,0,5,5
Mahomed,5,0,5
Mahran,3,3,6
Mahreen,0,5,5
Mahrosh,0,5,5
Maicol,5,0,5
Maikie,5,0,5
Maima,0,5,5
Main,3,3,6
Maïna,3,3,6
Maireen,0,5,5
Máirín,3,3,6
Maisey,0,5,5
Maiza,0,5,5
Majolein,0,5,5
Majonita,0,5,5
Maju,5,0,5
Makaveli,5,0,5
Makdesi,3,3,6
Makela,3,3,6
Makeyla,0,5,5
Maksimilian,5,0,5
Malaikat,3,3,6
Malaisa,0,5,5
Maleika,0,5,5
Malenthe,0,5,5
Malicia,0,5,5
Malise,3,3,6
Maljart,5,0,5
Malvine,3,3,6
Mambo,3,3,6
Manahil,0,5,5
Mañana,0,5,5
Manase,5,0,5
Mancha,0,5,5
Mancy,3,3,6
Mandalena,0,5,5
Mandira,0,5,5
Mandjou,3,3,6
Manfreda,0,5,5
Mangnus,3,3,6
Mango,3,3,6
Maniche,3,3,6
Manie,3,3,6
Maniëlle,0,5,5
Manika,3,3,6
Manilde,0,5,5
Manina,0,5,5
Maninder,3,3,6
Manine,0,5,5
Manitas,5,0,5
Manje,3,3,6
Manjo,3,3,6
Manjot,3,3,6
Manley,5,0,5
Mannix,5,0,5
Manos,5,0,5
Manouke,0,5,5
Manoush,0,5,5
Mansie,3,3,6
Mansje,0,5,5
Manuelito,5,0,5
Manusha,0,5,5
Manushka,0,5,5
Manvi,3,3,6
Manyana,3,3,6
Manzi,3,3,6
Maori,3,3,6
Marabel,0,5,5
Marana,0,5,5
Maranthe,0,5,5
Maravilla,3,3,6
Marcalina,0,5,5
Marcano,5,0,5
Marcelita,0,5,5
Marchall,3,3,6
Marchelinus,5,0,5
Marchines,5,0,5
Márcia,0,5,5
Marcianno,5,0,5
Marcinio,5,0,5
Marco-Paul,5,0,5
Marcoline,0,5,5
Marconi,5,0,5
Marculphus,5,0,5
Mardiana,0,5,5
Mareck,5,0,5
Mareijke,0,5,5
Marelia,0,5,5
Mareline,0,5,5
Marely,0,5,5
Marèns,3,3,6
Marésa,0,5,5
Maretina,0,5,5
Margalit,0,5,5
Margharetha,3,3,6
Margitt,0,5,5
Margó,3,3,6
Margreete,0,5,5
Margrette,0,5,5
Margriette,0,5,5
Margritus,5,0,5
Mari-Janne,0,5,5
Mari-Louise,0,5,5
Maria-Elena,0,5,5
Maria-Josephina,3,3,6
Mariabella,0,5,5
Mariakasih,3,3,6
Mariamagdalena,0,5,5
Marianette,0,5,5
Marianie,0,5,5
Marianita,0,5,5
Mariannie,0,5,5
Marianno,5,0,5
Marianny,0,5,5
Mariap,0,5,5
Maribeth,0,5,5
Marichella,0,5,5
Marichen,0,5,5
Maricius,5,0,5
Màrie,5,0,5
Marie-Aimée,3,3,6
Marie-Belle,0,5,5
Marie-Céline,3,3,6
Marie-Clair,0,5,5
Marie-Henriette,0,5,5
Marie-Jeanette,0,5,5
Marie-Louisse,0,5,5
Marie-Nicole,0,5,5
Marie-Paul,0,5,5
Marie-Reine,0,5,5
Marie-Yvonne,0,5,5
Mariejeanne,0,5,5
Mariejella,3,3,6
Mariejelle,0,5,5
Mariejette,0,5,5
Marièl,0,5,5
Marieleen,0,5,5
Marielene,0,5,5
Marielin,0,5,5
Mariélle,0,5,5
Marieloes,0,5,5
Marienne,0,5,5
Mariètte,0,5,5
Marifa,3,3,6
Marigo,3,3,6
Marigold,0,5,5
Marijet,0,5,5
Marijette,0,5,5
Marila,0,5,5
Marilda,0,5,5
Marilen,0,5,5
Marilinde,0,5,5
Marille,0,5,5
Marìn,3,3,6
Marinah,0,5,5
Marindy,0,5,5
Marinha,0,5,5
Marinita,0,5,5
Mariño,5,0,5
Marione,0,5,5
Mariosé,0,5,5
Marisel,0,5,5
Marithe,3,3,6
Marits,3,3,6
Marjaana,0,5,5
Marjano,5,0,5
Marjenke,0,5,5
Marjeta,0,5,5
Marjolene,0,5,5
Marjolyne,0,5,5
Mark-Anthony,5,0,5
Mark-Jaap,5,0,5
Mark-Jeroen,5,0,5
Mark-Willem,5,0,5
Marke,0,5,5
Markella,3,3,6
Markina,0,5,5
Markku,5,0,5
Marlené,0,5,5
Marleni,0,5,5
Marlenka,0,5,5
Marlex,3,3,6
Marlida,0,5,5
Marliena,0,5,5
Marlientje,0,5,5
Marlijna,0,5,5
Marlino,5,0,5
Marlison,5,0,5
Marlisse,0,5,5
Marné,3,3,6
Marnette,0,5,5
Marnin,3,3,6
Maró,3,3,6
Maroan,3,3,6
Maroes,0,5,5
Marouf,3,3,6
Marousia,0,5,5
Marquèrite,0,5,5
Marquerithe,0,5,5
Marquis,5,0,5
Marra,0,5,5
Marran,3,3,6
Marregiena,0,5,5
Marregrietha,0,5,5
Marrette,0,5,5
Marrinda,0,5,5
Marris,3,3,6
Marrisa,0,5,5
Marroussia,0,5,5
Marryanne,0,5,5
Marsh,3,3,6
Marshella,0,5,5
Marsiah,3,3,6
Marsijah,0,5,5
Marsinah,0,5,5
Marsjano,5,0,5
Martelli,5,0,5
Marteo,5,0,5
Martes,3,3,6
Marthein,5,0,5
Martí,5,0,5
Martiana,0,5,5
Martianne,3,3,6
Martica,0,5,5
Martinianus,5,0,5
Martique,3,3,6
Martón,5,0,5
Martyntje,0,5,5
Marvelito,5,0,5
Marvi,3,3,6
Marwi,3,3,6
Maryella,0,5,5
Maryelle,0,5,5
Maryjane,0,5,5
Maryken,0,5,5
Marylinde,0,5,5
Maryo,3,3,6
Marytha,0,5,5
Marziye,0,5,5
Masai,3,3,6
Masie,5,0,5
Masilya,0,5,5
Masngil,0,5,5
Masoom,3,3,6
Masscha,0,5,5
Massie,3,3,6
Massiël,0,5,5
Masum,5,0,5
Masume,0,5,5
Mata,3,3,6
Matas,5,0,5
Mathäus,5,0,5
Mathay,5,0,5
Mathe,5,0,5
Mathei,5,0,5
Mathews,5,0,5
Mathiz,5,0,5
Matise,3,3,6
Matrie,0,5,5
Matse,5,0,5
Mattai,5,0,5
Mattay,5,0,5
Matthe,3,3,6
Matthée,3,3,6
Matthi,3,3,6
Mattías,5,0,5
Mattilda,0,5,5
Mattin,5,0,5
Mattz,5,0,5
Maudisa,0,5,5
Maudlin,0,5,5
Maurit,3,3,6
Maurius,5,0,5
Mavalda,0,5,5
Mavin,3,3,6
Mawin,3,3,6
Maxamed,3,3,6
Maximiano,5,0,5
Maximillianus,5,0,5
Maximme,0,5,5
Maximos,5,0,5
Maxina,0,5,5
Maxinne,0,5,5
Maxmilianus,5,0,5
May-Lee,0,5,5
Mayaar,0,5,5
Mayala,3,3,6
Maybell,0,5,5
Mayhem,3,3,6
Mayi,3,3,6
Mayleen,0,5,5
Maylène,0,5,5
Mayley,0,5,5
Mayliss,0,5,5
Maymouna,0,5,5
Mayna,0,5,5
Maysoun,3,3,6
Mayssoun,3,3,6
Mayur,5,0,5
Mbengi,3,3,6
Mbombo,3,3,6
Mearle,0,5,5
Mechlin,3,3,6
Meçit,5,0,5
Medad,5,0,5
Meef,3,3,6
Meenskje,0,5,5
Meertje,0,5,5
Meeuwelina,0,5,5
Meewis,5,0,5
Megahed,5,0,5
Megaliena,0,5,5
Megawati,0,5,5
Megchelinus,5,0,5
Megi,0,5,5
Meh-Djabien,0,5,5
Meha,0,5,5
Mei-Ting,0,5,5
Mei-Ying,0,5,5
Meinald,5,0,5
Meind,5,0,5
Meinharda,0,5,5
Meinita,0,5,5
Meiz,0,5,5
Mejdi,5,0,5
Mek,3,3,6
Mekko,5,0,5
Mekselina,0,5,5
Melad,5,0,5
Mélani,0,5,5
Melanius,5,0,5
Melay,0,5,5
Melchia,3,3,6
Melchianus,5,0,5
Meleah,3,3,6
Meleno,5,0,5
Meleny,0,5,5
Melgior,5,0,5
Melien,0,5,5
Melihcan,5,0,5
Melisia,0,5,5
Melissande,0,5,5
Melize,0,5,5
Mellani,0,5,5
Mellica,0,5,5
Mellijn,3,3,6
Mellon,5,0,5
Melodia,0,5,5
Melvia,0,5,5
Melvis,3,3,6
Melyssa,0,5,5
Memon,5,0,5
Menevşe,0,5,5
Mengel,5,0,5
Menno-Jan,5,0,5
Mens,5,0,5
Mensie,0,5,5
Mensse,5,0,5
Mensure,0,5,5
Mentor,5,0,5
Merab,0,5,5
Méraud,0,5,5
Merce,3,3,6
Mèrcedes,0,5,5
Mercelita,0,5,5
Mercer,3,3,6
Mercuria,0,5,5
Mercurius,5,0,5
Merd,5,0,5
Merdi,3,3,6
Merely,0,5,5
Mergie,0,5,5
Mergime,0,5,5
Mérian,0,5,5
Mericia,0,5,5
Mérie,0,5,5
Merijke,0,5,5
Merisse,0,5,5
Merlan,5,0,5
Merleen,0,5,5
Merlène,0,5,5
Merlino,3,3,6
Merlyne,0,5,5
Méron,3,3,6
Merrelyn,0,5,5
Mersa,0,5,5
Merven,5,0,5
Mervina,0,5,5
Merwa,0,5,5
Merwyn,5,0,5
Merye,0,5,5
Meryse,0,5,5
Meshach,5,0,5
Mesih,5,0,5
Messie,5,0,5
Metienus,5,0,5
Metjen,0,5,5
Metke,0,5,5
Mettalina,0,5,5
Meulenkamp,5,0,5
Mevanur,0,5,5
Mevludin,5,0,5
Mewes,5,0,5
Mexxie,3,3,6
Meyla,0,5,5
Meyli,3,3,6
Meylinn,0,5,5
Meynard,5,0,5
Meyson,5,0,5
Meza,3,3,6
Mezaac,5,0,5
Mher,5,0,5
MHM,3,3,6
Miara,3,3,6
Miarca,0,5,5
Micaella,0,5,5
Micas,5,0,5
Micayla,0,5,5
Micca,3,3,6
Michaelevna,0,5,5
Michaelina,0,5,5
Michandro,5,0,5
Michëlle,0,5,5
Michellus,5,0,5
Michiella,0,5,5
Michilis,5,0,5
Micho,5,0,5
Micquel,5,0,5
Midja,0,5,5
Mieczyslawa,0,5,5
Mieczysław,5,0,5
Mieka,0,5,5
Mielad,5,0,5
Mielan,5,0,5
Mientjen,0,5,5
Miepke,0,5,5
Mierelle,0,5,5
Mieta,0,5,5
Mietze,0,5,5
Migha,5,0,5
Mighaël,5,0,5
Miguël,5,0,5
Mihaly,5,0,5
Mijnarda,0,5,5
Mijnderd,5,0,5
Mijnhardus,5,0,5
Mijra,0,5,5
Mikeas,5,0,5
Mikhaïl,5,0,5
Mikhaila,0,5,5
Mikkey,5,0,5
Mikle,5,0,5
Mikolai,3,3,6
Mikolay,5,0,5
Milanca,0,5,5
Milayno,5,0,5
Milayo,5,0,5
Milaysha,0,5,5
Milea,0,5,5
Mileau,3,3,6
Mileine,0,5,5
Milenca,0,5,5
Mileva,0,5,5
Milford,5,0,5
Milija,3,3,6
Milin,3,3,6
Milivoje,5,0,5
Miljana,0,5,5
Millaa,0,5,5
Millanda,0,5,5
Millano,5,0,5
Millar,5,0,5
Millau,3,3,6
Millena,0,5,5
Mills,3,3,6
Miloeska,0,5,5
Milouschka,0,5,5
Milson,5,0,5
Miluschka,0,5,5
Milya,0,5,5
Mimona,0,5,5
Mimun,3,3,6
Minanda,0,5,5
Minda,3,3,6
Minica,0,5,5
Minnegonda,0,5,5
Minnert,5,0,5
Minoo,0,5,5
Minoushka,0,5,5
Minquelina,0,5,5
Minth,0,5,5
Miou,0,5,5
Miqa,5,0,5
Miquelina,0,5,5
Miranne,0,5,5
Miranti,0,5,5
Miraysha,0,5,5
Mirda,0,5,5
Mirelda,0,5,5
Miret,0,5,5
Mirik,5,0,5
Mirith,3,3,6
Mirjeta,0,5,5
Mirlanda,0,5,5
Miroya,0,5,5
Mirtha,0,5,5
Mirthel,3,3,6
Mirto,3,3,6
Miru,3,3,6
Mirurgia,0,5,5
Mirwais,5,0,5
Mischja,3,3,6
Mischka,3,3,6
Mısra,0,5,5
Misser,5,0,5
Mitchella,0,5,5
Mitchelle,0,5,5
Mithun,5,0,5
Mitza,0,5,5
Moataz,5,0,5
Mobarak,3,3,6
Mobi,3,3,6
Moctar,5,0,5
Modiara,0,5,5
Modupe,0,5,5
Moemen,3,3,6
Moeniera,0,5,5
Moenza,3,3,6
Mohamadou,5,0,5
Mohamedi,5,0,5
Mohammud,3,3,6
Mohana,0,5,5
Mohcin,5,0,5
Mohiuddin,5,0,5
Mohnie,0,5,5
Moïsa,0,5,5
Monáe,0,5,5
Mone,0,5,5
Monegonda,0,5,5
Monesh,5,0,5
Monfils,3,3,6
Monfort,5,0,5
Monib,5,0,5
Moor,3,3,6
Moorina,0,5,5
Mora,0,5,5
Moraad,5,0,5
Morano,5,0,5
Moraysha,0,5,5
More,5,0,5
Moreira,3,3,6
Morene,0,5,5
Morenzo,5,0,5
Morgann,0,5,5
Morijah,0,5,5
Morinho,5,0,5
Morrice,5,0,5
Morro,3,3,6
Mortada,5,0,5
Moslim,5,0,5
Mota,3,3,6
Motel,5,0,5
Mouatassim,5,0,5
Mouctar,5,0,5
Mouhammed,5,0,5
Moukhtar,5,0,5
Mounaïm,5,0,5
Mounsif,5,0,5
Mourien,3,3,6
Mouring,5,0,5
Movita,0,5,5
Moyna,0,5,5
Moysha,0,5,5
Moza,3,3,6
Mpoyi,5,0,5
Mrinal,3,3,6
Mubarik,5,0,5
Mubashar,5,0,5
Mücahide,0,5,5
Muguet,3,3,6
Muhlise,0,5,5
Muhsine,0,5,5
Muhteber,0,5,5
Muhumed,3,3,6
Muirgheal,0,5,5
Muirne,0,5,5
Mukerrem,0,5,5
Müleyke,0,5,5
Muñeca,0,5,5
Mungai,5,0,5
Mungo,5,0,5
Muni,3,3,6
Muniira,0,5,5
Munirah,0,5,5
Murèl,0,5,5
Mursel,3,3,6
Musandji,3,3,6
Musawer,5,0,5
Mushanga,0,5,5
Mushka,0,5,5
Mushtaaq,3,3,6
Musina,0,5,5
Muslu,5,0,5
Müslüme,0,5,5
Mustika,0,5,5
Muttalib,5,0,5
Muwada,0,5,5
Muzafar,3,3,6
Muzafer,5,0,5
Muzdalifa,0,5,5
Muzeyyen,0,5,5
My-Linh,0,5,5
Myah,0,5,5
Myeisha,0,5,5
Myhra,0,5,5
Myiesha,0,5,5
Myk,5,0,5
Mykola,5,0,5
Mylen,3,3,6
Mylenka,0,5,5
Mylia,0,5,5
Myliano,5,0,5
Myrabelle,0,5,5
Myriem,0,5,5
Myrthille,0,5,5
Myrthle,0,5,5
Myrtia,0,5,5
Myrugia,0,5,5
Møller,3,3,6
M'Hammed,3,0,3
Maächa,0,3,3
Maaicke,0,3,3
Maaija,0,3,3
Maajid,3,0,3
Maano,3,3,6
Maarjanne,0,3,3
Maarsing,3,0,3
Maartijntje,0,3,3
Maartjen,0,3,3
Maarya,0,3,3
Maati,3,0,3
Maayken,0,3,3
Mab,0,3,3
Mabeline,0,3,3
Macdonald,3,0,3
MacDonald,3,3,6
Macéo,3,0,3
Machdalena,0,3,3
Machiano,3,0,3
Machiëla,0,3,3
Machiëlla,0,3,3
Machilda,0,3,3
Machillis,3,0,3
Machtel,0,3,3
Machtheld,0,3,3
Machutes,3,0,3
Macide,0,3,3
Maciël,3,3,6
Mackenna,0,3,3
Macsen,3,0,3
Madalyn,0,3,3
Maddeleen,0,3,3
Madeau,0,3,3
Madelain,0,3,3
Madelen,0,3,3
Madelotte,0,3,3
Madelous,0,3,3
Madevi,0,3,3
Madhavidevi,0,3,3
Madhawi,0,3,3
Madhumati,0,3,3
Madhuwie,0,3,3
Mädi,0,3,3
Madja,3,3,6
Madje,0,3,3
Madleen,0,3,3
Madocus,3,3,6
Madrie,0,3,3
Madrina,0,3,3
Madushan,3,0,3
Mae-Britt,0,3,3
Mae-Ling,0,3,3
Maece,3,3,6
Maechel,3,0,3
Maélie,0,3,3
Maelief,0,3,3
Maelisa,0,3,3
Maella,0,3,3
Maely,3,3,6
Maelys,0,3,3
Maeron,3,3,6
Maevin,3,0,3
Magalina,0,3,3
Magan,3,3,6
Magaret,0,3,3
Magaritha,0,3,3
Magcheliena,0,3,3
Magdalien,0,3,3
Magde,3,3,6
Magdina,0,3,3
Magloire,3,0,3
Magonda,0,3,3
Magreeth,0,3,3
Magriete,0,3,3
Magthilde,0,3,3
Magthildis,3,3,6
Magtiltje,0,3,3
Mah,0,3,3
Mahabier,3,3,6
Mahamad,3,0,3
Mahena,0,3,3
Mahenderpersad,3,0,3
Mahesa,3,0,3
Mahis,3,0,3
Mahish,3,0,3
Mahlia,0,3,3
Mahlik,3,0,3
Mahogany,0,3,3
Mahree,0,3,3
Mahzuni,3,0,3
Mai-Ly,0,3,3
Maichael,3,0,3
Maie,3,3,6
Maikelangelo,3,3,6
Maiki,3,3,6
Mailana,0,3,3
Mailyn,0,3,3
Maísa,0,3,3
Maisaan,0,3,3
Maischa,0,3,3
Maithili,0,3,3
Maiti,0,3,3
Maiysha,0,3,3
Majan,3,3,6
Majanke,0,3,3
Majdin,3,0,3
Majdoulin,0,3,3
Majello,3,3,6
Majellus,3,0,3
Majesty,3,0,3
Majet,0,3,3
Majied,3,0,3
Majoie,3,3,6
Majolinus,3,0,3
Majoora,0,3,3
Makafui,3,3,6
Make,3,3,6
Makko,3,0,3
Makoto,3,0,3
Makya,3,3,6
Malachai,3,3,6
Malachia,0,3,3
Malakay,3,0,3
Malala,0,3,3
Malando,3,0,3
Malay,3,3,6
Maleeq,3,0,3
Malí,3,3,6
Malía,0,3,3
Malicha,3,3,6
Malík,3,0,3
Malín,0,3,3
Malindy,0,3,3
Malito,3,0,3
Maliza,0,3,3
Malize,0,3,3
Malkia,0,3,3
Mallon,0,3,3
Malwine,0,3,3
Maly,0,3,3
Malyk,3,0,3
Malyka,0,3,3
Malynn,0,3,3
Mamduh,3,3,6
Mamme,3,3,6
Mammina,0,3,3
Mamsha,0,3,3
Mamy,0,3,3
Man-Kit,3,3,6
Manaia,3,3,6
Manare,0,3,3
Mandus,3,0,3
Manél,3,3,6
Manello,3,0,3
Manes,3,3,6
Manfredus,3,0,3
Manga,3,3,6
Manicha,0,3,3
Manisé,0,3,3
Manishkumar,3,0,3
Manitha,0,3,3
Manmeet,3,3,6
Mannita,0,3,3
Manóah,3,0,3
Manoi,3,3,6
Manolie,3,3,6
Manolitho,3,0,3
Manor,3,0,3
Manous,3,3,6
Mansingh,3,0,3
Manske,3,3,6
Manson,3,3,6
Mansuetus,3,0,3
Manuello,3,0,3
Manuwela,0,3,3
Manveer,3,3,6
Manzoor,3,3,6
Maor,3,0,3
Maple,0,3,3
Maque,3,3,6
Mar-Jan,3,3,6
Mara-Lynn,0,3,3
Maragrita,0,3,3
Maraly,0,3,3
Maranta,0,3,3
Maray,3,3,6
Marcarius,3,0,3
Marceano,3,0,3
Marceliano,3,0,3
Marcelliana,0,3,3
Marcellie,3,0,3
Marces,3,3,6
Marcey,0,3,3
March,0,3,3
Marchèl,3,0,3
Marcheline,0,3,3
Marchellus,3,0,3
Marchesa,0,3,3
Marchitano,3,0,3
Marcian,3,0,3
Marcianne,0,3,3
Marciënne,0,3,3
Marcita,3,3,6
Marcius,3,3,6
Mardelena,0,3,3
Mardik,3,0,3
Mardjan,3,3,6
Mardoe,0,3,3
Mardoek,3,0,3
Marec,3,0,3
Maréchal,3,3,6
Mareinus,3,0,3
Mareis,3,3,6
Marelene,0,3,3
Marelijn,0,3,3
Marelijne,0,3,3
Marelise,0,3,3
Marelly,0,3,3
Marende,0,3,3
Marenk,3,0,3
Marentia,0,3,3
Mareo,3,0,3
Maretha,0,3,3
Maretti,0,3,3
Marfred,3,0,3
Margari,0,3,3
Margarith,0,3,3
Margaritte,3,3,6
Margaritus,3,0,3
Margartha,0,3,3
Margerieta,0,3,3
Margerietha,0,3,3
Margerrita,0,3,3
Margeurite,3,3,6
Margia,0,3,3
Margiana,0,3,3
Margientje,0,3,3
Margieta,0,3,3
Margith,0,3,3
Margitha,0,3,3
Margonde,0,3,3
Margrèt,0,3,3
Margrietus,3,0,3
Margritt,0,3,3
Marguaritha,0,3,3
Marhan,3,3,6
Mari-Anna,0,3,3
Mari-anne,0,3,3
Mari-Lou,0,3,3
Maria-Angela,0,3,3
Maria-Clara,3,3,6
Maria-Elizabeth,0,3,3
Maria-Josepha,3,3,6
Maria-Lucia,0,3,3
Marial,3,3,6
Marialda,3,3,6
Mariami,0,3,3
Marianni,0,3,3
Marianthi,0,3,3
Mariarosa,0,3,3
Mariati,0,3,3
Mariatie,0,3,3
Mariatu,0,3,3
Maricarmen,0,3,3
Marichal,0,3,3
Marie-André,0,3,3
Marie-Angela,0,3,3
Marie-Angèle,0,3,3
Marie-Annet,0,3,3
Marie-Annick,0,3,3
Marie-Beth,0,3,3
Marie-Colette,0,3,3
Marie-Elena,0,3,3
Marie-Ella,3,3,6
Marie-Floor,0,3,3
Marie-Jacqueline,0,3,3
Marie-Janna,0,3,3
Marie-josé,0,3,3
Marie-Noël,0,3,3
Marie-Roos,0,3,3
Marie-Simone,0,3,3
Marie-Sofie,0,3,3
Marie-Victoire,0,3,3
Marieët,0,3,3
Mariefleur,0,3,3
Marieja,0,3,3
Mariejet,0,3,3
Mariejon,0,3,3
Marielène,0,3,3
Marielise,0,3,3
Marièlla,0,3,3
Marieloe,0,3,3
Mariemma,0,3,3
Marieno,3,0,3
Mariëte,0,3,3
Marijanka,0,3,3
Marijchje,0,3,3
Marijem,0,3,3
Marijken,0,3,3
Marijkje,0,3,3
Mariléna,0,3,3
Marilette,0,3,3
Marilies,0,3,3
Marilina,0,3,3
Marillio,3,0,3
Marilza,3,3,6
Marimin,3,0,3
Marinten,0,3,3
Marinus-Jan,3,0,3
Marionnette,0,3,3
Marisah,0,3,3
Marisan,3,3,6
Marishja,0,3,3
Maritge,0,3,3
Marium,0,3,3
Mariutta,3,3,6
Marivia,0,3,3
Marix,3,0,3
Mariyama,0,3,3
Marizjenne,0,3,3
Marizka,0,3,3
Marjama,0,3,3
Marjannetje,0,3,3
Marjanny,0,3,3
Marjell,0,3,3
Marjem,0,3,3
Marjolette,0,3,3
Marjolin,0,3,3
Marjonel,0,3,3
Marjonna,0,3,3
Mark-John,3,0,3
Markel,3,0,3
Markéta,0,3,3
Marketa,0,3,3
Marketta,0,3,3
Markje,0,3,3
Marks,3,0,3
Marl,0,3,3
Marlais,3,0,3
Marlayn,0,3,3
Marleigh,3,3,6
Marleon,3,3,6
Marlieneke,0,3,3
Marlij,3,3,6
Marlisha,0,3,3
Marliska,0,3,3
Marliyah,0,3,3
Marlonneke,0,3,3
Marlyatou,0,3,3
Marlysa,0,3,3
Marlyson,3,0,3
Marnet,0,3,3
Marody,0,3,3
Maroesca,0,3,3
Maroessia,0,3,3
Marolien,0,3,3
Marolijn,0,3,3
Marone,3,3,6
Maronna,0,3,3
Maroun,3,0,3
Marousjka,0,3,3
Marphy,0,3,3
Marquarite,0,3,3
Marquin,3,0,3
Marragrieta,0,3,3
Marrah,0,3,3
Marrejan,0,3,3
Marreth,0,3,3
Marriejanne,0,3,3
Marriëlla,0,3,3
Marriena,0,3,3
Marrigien,0,3,3
Marrijan,0,3,3
Marrius,3,0,3
Marsa,0,3,3
Marsiam,0,3,3
Marsih,0,3,3
Marsina,0,3,3
Martain,3,0,3
Martella,0,3,3
Martello,3,0,3
Märtha,0,3,3
Marthie,3,3,6
Marthino,3,0,3
Martianus,3,0,3
Martienne,0,3,3
Marties,3,0,3
Martijm,3,0,3
Martin-Paul,3,0,3
Martinne,3,3,6
Martinos,3,0,3
Martrude,0,3,3
Maruchka,0,3,3
Maruga,0,3,3
Maruška,0,3,3
Maruwa,0,3,3
Marv,3,0,3
Marva,0,3,3
Marvie,3,3,6
Marvienne,0,3,3
Marviënne,0,3,3
Marwo,0,3,3
Mary-Anna,0,3,3
Mary-Beth,0,3,3
Mary-Jean,0,3,3
Mary-Lee,0,3,3
Maryanka,0,3,3
Maryca,0,3,3
Maryka,0,3,3
Maryllia,0,3,3
Maryono,3,0,3
Marysse,0,3,3
Maryth,0,3,3
Marzenka,3,3,6
Masagus,3,0,3
Masaï,3,0,3
Masao,3,0,3
Masayu,0,3,3
Mascarenhas,3,3,6
Maschenka,0,3,3
Mascud,3,0,3
Masdorp,3,0,3
Mashaal,3,3,6
Mashja,0,3,3
Masilia,0,3,3
Masimo,3,3,6
Massari,3,0,3
Massiel,0,3,3
Massy,3,3,6
Matar,3,3,6
Matarr,3,0,3
Matein,3,0,3
Matha,0,3,3
Mathaeus,3,0,3
Mathijda,0,3,3
Mathijes,3,3,6
Mathine,0,3,3
Mathio,3,0,3
Mathjeu,3,0,3
Mathoera,3,3,6
Matika,0,3,3
Matinneke,0,3,3
Matís,3,0,3
Matius,3,0,3
Matko,3,0,3
Matos,3,3,6
Matrona,0,3,3
Matsie,3,3,6
Matsu,3,0,3
Matsungane,3,3,6
Mattatias,3,0,3
Matteas,3,0,3
Mattee,3,0,3
Matthij,3,3,6
Matthijske,0,3,3
Mattiaske,3,3,6
Mattilde,0,3,3
Mattio,3,0,3
Mattu,3,3,6
Matyn,3,0,3
Matzy,0,3,3
Mau,3,0,3
Maua,3,3,6
Maurah,0,3,3
Maurelle,0,3,3
Mauriel,3,3,6
Maurinho,3,0,3
Mauriska,0,3,3
Mauritcio,3,0,3
Maviş,0,3,3
Mawa,0,3,3
Mawada,0,3,3
Mawadda,0,3,3
Maximiana,0,3,3
Maximilano,3,0,3
Maximiliam,3,0,3
Maximilianis,3,0,3
Maximilliana,0,3,3
Maxmara,0,3,3
Maxuel,3,0,3
Maxxe,0,3,3
May-Lan,0,3,3
May-Li,0,3,3
Mayanca,0,3,3
Mayanne,0,3,3
Mayas,3,0,3
Maybe,0,3,3
Maychel,3,0,3
Maydie,0,3,3
Mayel,3,3,6
Mayita,3,3,6
Maylani,0,3,3
Maylena,0,3,3
Mayline,0,3,3
Maylissa,0,3,3
Maylon,3,3,6
Maysah,0,3,3
Mayse,3,3,6
Mayssara,0,3,3
Mayy,0,3,3
Mazarello,0,3,3
Maziar,3,0,3
Maziena,0,3,3
Mazinus,3,0,3
Mazzarello,0,3,3
Mbah,3,3,6
Mbuyi,3,3,6
MCA,3,3,6
MCH,3,3,6
MCJ,0,3,3
McKinley,3,3,6
Me'shell,0,3,3
Meady,0,3,3
Mebel,0,3,3
Mebrahtu,3,3,6
Mec,3,0,3
Mecedes,0,3,3
Mecheel,3,0,3
Mechelin,3,3,6
Mechelino,3,3,6
Mechelle,0,3,3
Mechellina,0,3,3
Mechieltje,0,3,3
Mechtalina,0,3,3
Mechteldina,0,3,3
Mecida,0,3,3
Mecy,0,3,3
Meddie,0,3,3
Mede,3,3,6
Medel,3,3,6
Meenaksi,0,3,3
Meeri,0,3,3
Meertens,3,0,3
Meesa,0,3,3
Meesie,0,3,3
Meesz,3,0,3
Meeus,3,0,3
Meev,3,3,6
Mégane,0,3,3
Megean,0,3,3
Megengos,3,0,3
Megiel,3,0,3
Mehdie,3,0,3
Mehenoor,0,3,3
Mehgan,0,3,3
Mehmet-Ali,3,0,3
Mehnaz,3,3,6
Mehr,0,3,3
Mehrien,0,3,3
Mehrin,0,3,3
Mei-lan,0,3,3
Mei-Lien,0,3,3
Mei-Lynn,0,3,3
Mei-Yi,0,3,3
Meijlom,3,0,3
Meikiena,0,3,3
Meilie,0,3,3
Meinandus,3,0,3
Meinco,3,0,3
Meinderts,3,0,3
Meindrina,0,3,3
Meinhardt,3,0,3
Meinnard,3,0,3
Meinne,3,0,3
Meinolf,3,0,3
Meins,3,0,3
Meinschje,0,3,3
Meiro,3,0,3
Meiya,0,3,3
MEJ,3,3,6
Mejo,3,3,6
Meland,3,0,3
Melanië,0,3,3
Melanka,0,3,3
Melchisedech,3,0,3
Melchisedek,3,0,3
Meldanur,0,3,3
Meldrick,3,0,3
Melecia,0,3,3
Melens,3,0,3
Melfrim,3,0,3
Melianne,0,3,3
Melichia,0,3,3
Melicio,3,3,6
Melicka,0,3,3
Melihşah,3,3,6
Meliksah,3,0,3
Melín,0,3,3
Melisanda,0,3,3
Melisandra,0,3,3
Mélise,0,3,3
Melisina,0,3,3
Meljanus,3,0,3
Mellan,3,0,3
Mellika,0,3,3
Melliza,0,3,3
Melodey,0,3,3
Mèlodie,0,3,3
Melouska,0,3,3
Melpomeni,0,3,3
Melrik,3,0,3
Melte,3,3,6
Meluca,0,3,3
Melvano,3,0,3
Melven,3,0,3
Melvinio,3,0,3
Memduha,0,3,3
Memoena,0,3,3
Menaal,0,3,3
Menal,0,3,3
Mencke,3,3,6
Mencoliena,0,3,3
Mendardus,3,0,3
Mendelinus,3,0,3
Mendonça,3,3,6
Menel,0,3,3
Menelaos,3,0,3
Menem,3,3,6
Menen,0,3,3
Mengia,0,3,3
Mengoldus,3,0,3
Menita,0,3,3
Menneke,3,3,6
Mennet,3,3,6
Mennold,3,0,3
Menta,0,3,3
Mentine,0,3,3
Mentsje,0,3,3
Menua,3,0,3
Menw,0,3,3
Merco,3,0,3
Merelin,0,3,3
Mereyn,3,0,3
Mërgim,3,0,3
Mergittha,0,3,3
Meriana,0,3,3
Mérin,0,3,3
Meriton,3,0,3
Merivan,0,3,3
Merjan,0,3,3
Merkje,0,3,3
Merks,3,3,6
Merlena,0,3,3
Merreke,0,3,3
Merrelin,0,3,3
Mersana,0,3,3
Merthijn,3,0,3
Mervenaz,0,3,3
Méry,0,3,3
Meryanne,0,3,3
Meryll,3,3,6
Meselina,0,3,3
Meskes,3,0,3
Messia,3,0,3
Mesure,0,3,3
Metien,3,0,3
Metine,0,3,3
Metskina,0,3,3
Metsy,0,3,3
Mette-Mare,0,3,3
Mettiene,0,3,3
Metwaly,0,3,3
Mevena,0,3,3
Mevhibe,0,3,3
Mevlüd,3,0,3
Mevlûde,0,3,3
Mevlüthan,3,0,3
Mevra,0,3,3
Mewelina,0,3,3
Mexie,3,3,6
Meyar,3,3,6
Meygan,0,3,3
Meyron,3,3,6
Meyza,0,3,3
Mezonja,0,3,3
Mhairi,0,3,3
Miaad,3,3,6
Miangelo,3,0,3
Miano,3,3,6
Mican,3,0,3
Micháel,3,0,3
Michael-Jan,3,0,3
Michaelia,0,3,3
Michailo,3,0,3
Michajah,3,3,6
Michaline,0,3,3
Michas,3,0,3
Michau,3,3,6
Michaud,3,3,6
Mícheál,3,0,3
Michée,3,0,3
Michèla,0,3,3
Michelène,0,3,3
Michelly,0,3,3
Michelo,3,0,3
Michendrick,3,0,3
Michenou,0,3,3
Michia,3,3,6
Michielde,0,3,3
Michiele,3,3,6
Michieles,3,0,3
Michielis,3,3,6
Michiëlle,0,3,3
Michil,3,0,3
Michonne,0,3,3
Mida,0,3,3
Midhole,3,3,6
Midley,0,3,3
Mids,3,3,6
Miebeth,0,3,3
Miechelle,0,3,3
Miem,3,3,6
Mienette,0,3,3
Mienna,0,3,3
Mienus,3,0,3
Miepie,3,3,6
Miepje,0,3,3
Mietta,0,3,3
Miëtte,0,3,3
Migaëla,0,3,3
Migalda,0,3,3
Migdalia,0,3,3
Mighel,3,0,3
Miguelle,0,3,3
Miha,3,3,6
Mihalis,3,0,3
Mij,3,3,6
Mijle,3,0,3
Mijnard,3,0,3
Mijnhart,3,0,3
Mijnis,3,0,3
Mijron,3,0,3
Mikaella,0,3,3
Mikaîl,3,0,3
Mikdat,3,0,3
Mikeal,3,0,3
Mikeala,0,3,3
Mikelle,0,3,3
Mikhaela,0,3,3
Mikula,3,0,3
Mila-Mae,0,3,3
Miladin,3,0,3
Miladys,0,3,3
Milae,0,3,3
Milaika,0,3,3
Milaisha,0,3,3
Mílan,3,3,6
Milann,3,0,3
Milar,3,3,6
Milara,0,3,3
Milayah,0,3,3
Milayka,0,3,3
Milayla,0,3,3
Milburga,0,3,3
Milcar,3,0,3
Milé,0,3,3
Milein,0,3,3
Miley-Jane,0,3,3
Milfred,3,0,3
Milicent,0,3,3
Miling,0,3,3
Miljenko,3,0,3
Miljo,3,0,3
Millana,0,3,3
Millennia,3,3,6
Milles,3,0,3
Milliana,0,3,3
Miloh,3,0,3
Miloudi,3,0,3
Milouk,0,3,3
Milox,3,0,3
Miluna,0,3,3
Miluška,0,3,3
Mimma,0,3,3
Mimo,3,3,6
Mimoune,3,0,3
Minan,0,3,3
Mincka,0,3,3
Mindie,0,3,3
Minea,0,3,3
Minelle,0,3,3
Minervino,3,0,3
Mines,3,3,6
Mingel,3,3,6
Minguelina,0,3,3
Minha,0,3,3
Minhal,3,3,6
Minholt,3,0,3
Minoa,0,3,3
Minouc,0,3,3
Minouque,0,3,3
Minout,0,3,3
Minty,0,3,3
Miona,0,3,3
Miora,0,3,3
Miraal,0,3,3
Mîran,3,0,3
Mircha,3,3,6
Mirei,0,3,3
Mireije,0,3,3
Mireïlle,0,3,3
Mirekua,0,3,3
Mirenda,0,3,3
Mirhat,3,0,3
Miriano,3,0,3
Miriem,0,3,3
Mirkay,3,0,3
Mirli,0,3,3
Mirò,3,0,3
Mirose,0,3,3
Mirten,3,3,6
Miryem,0,3,3
Mischel,3,0,3
Mishil,0,3,3
Mishja,3,3,6
Misscha,3,0,3
Mitali,3,3,6
Mitchie,3,0,3
Mitsuko,3,3,6
Mitxel,3,0,3
Miyah,0,3,3
Miyanna,0,3,3
Miyo,3,0,3
Miza,3,3,6
Mizuki,0,3,3
MJH,3,3,6
MJT,0,3,3
MLJ,3,3,6
MMG,3,3,6
MMJ,3,3,6
Moan,3,3,6
Moanne,3,3,6
Modaser,3,0,3
Modena,0,3,3
Modestina,0,3,3
Modesty,0,3,3
Mody,3,3,6
Moebarak,3,0,3
Moehammed,3,0,3
Moenisha,0,3,3
Moerad,3,0,3
Moes,3,0,3
Moetje,0,3,3
Moetsche,0,3,3
Mofag,3,3,6
Mogeeb-Elrahman,3,3,6
Mohamedali,3,0,3
Mohamuud,3,3,6
Mohanned,3,0,3
Mohegan,3,3,6
Mohinie,0,3,3
Mohmad,3,3,6
Mohni,0,3,3
Mohommed,3,0,3
Mohssin,3,0,3
Moien,3,3,6
Moija,0,3,3
Moisa,0,3,3
Moja,3,3,6
Mojda,0,3,3
Moke,3,3,6
Mokthar,3,0,3
Molana,0,3,3
Moli,3,3,6
Molina,0,3,3
Molka,0,3,3
Momar,3,0,3
Momodou,3,0,3
Monaé,0,3,3
Monagonda,0,3,3
Monah,0,3,3
Monara,0,3,3
Monda,0,3,3
Moneeb,3,0,3
Moneer,3,0,3
Monem,3,3,6
Moneta,0,3,3
Monicka,3,3,6
Moniec,0,3,3
Moniem,3,0,3
Monigue,0,3,3
Monje,0,3,3
Monreau,3,3,6
Monro,3,0,3
Montasser,3,0,3
Monthy,3,0,3
Montina,3,3,6
Montje,0,3,3
Montyn,3,0,3
Monulpha,0,3,3
Mòrag,0,3,3
Morayma,0,3,3
Morchi,3,0,3
Morell,3,3,6
Moremi,3,3,6
Moriaan,3,3,6
Moric,3,0,3
Móric,3,0,3
Morie,3,3,6
Mories,3,0,3
Morillo,3,0,3
Morine,0,3,3
Moritza,0,3,3
Morkos,3,0,3
Morks,3,0,3
Morreno,3,0,3
Morrighan,0,3,3
Morssy,3,3,6
Mosab,3,0,3
Mosja,3,3,6
Mou,3,0,3
Mouhamadou,3,0,3
Mouhcin,3,0,3
Mouiz,3,0,3
Moujahid,3,0,3
Moumen,3,0,3
Mounim,3,0,3
Mourus,3,0,3
Moussad,3,3,6
Mouwerijntje,0,3,3
Mowena,0,3,3
Mozamel,3,0,3
Mozina,0,3,3
MPC,0,3,3
Mrinalini,0,3,3
Muadh,3,0,3
Muâlla,0,3,3
Muara,3,3,6
Muawiyah,3,0,3
Mubarek,3,3,6
Mubin,3,3,6
Muçahit,3,0,3
Mudaser,3,3,6
Mudasir,3,0,3
Mudassir,3,0,3
Mudrikah,3,3,6
Muel,3,0,3
Mueni,0,3,3
Mughal,3,0,3
Mugo,3,0,3
Muhabbet,3,3,6
Muhidin,3,0,3
Muhire,3,0,3
Muhiyadin,3,3,6
Muhsen,3,3,6
Muhudiin,3,0,3
Müjdat,3,0,3
Mujinga,0,3,3
Muljadi,3,3,6
Mülkiye,0,3,3
Mulugeta,3,3,6
Mumtas,0,3,3
Muneer,3,3,6
Münever,0,3,3
Munisha,0,3,3
Muñoz,3,3,6
Muntaz,3,3,6
Muqaddas,0,3,3
Muraad,3,0,3
Muraya,0,3,3
Murena,0,3,3
Muriëll,3,3,6
Muris,3,0,3
Muriz,3,0,3
Murkjen,0,3,3
Murley,3,3,6
Muron,3,3,6
Murphey,3,0,3
Murriël,0,3,3
Murteza,3,3,6
Musqaan,0,3,3
Mussaevna,0,3,3
Muteba,3,3,6
Muteber,0,3,3
Muthanna,3,3,6
Müzeyen,0,3,3
Muzhda,0,3,3
Muzzafar,3,3,6
Mwangi,3,0,3
Mwanza,3,3,6
Myana,0,3,3
Myca,3,3,6
Mychon,3,3,6
Mycroft,3,0,3
Mykai,3,3,6
Mykon,3,0,3
Mylaisa,0,3,3
Mylani,0,3,3
Mylèna,0,3,3
Mylêne,0,3,3
Mynou,0,3,3
Mynouk,0,3,3
Myovic,3,3,6
Myr,3,0,3
Myranne,0,3,3
Myrcea,0,3,3
Myrco,3,0,3
Myrdhin,3,3,6
Myreen,0,3,3
Myrja,0,3,3
Myrko,3,0,3
Myrrdin,3,3,6
Myrrha,0,3,3
Myrrthe,0,3,3
Myrtis,3,3,6
Myrurgia,0,3,3
Mysa,0,3,3
Mystelle,0,3,3
Mytra,0,3,3
Myung,3,3,6
M'Barek,3,0,3
Maadhvi,0,3,3
Maadhwie,0,3,3
Maagiena,0,3,3
Maahdjabien,0,3,3
Maahi,0,3,3
Maaico,3,0,3
Maaiken,0,3,3
Maajke,0,3,3
Maandeeq,0,3,3
Maaritta,0,3,3
Maariya,0,3,3
Maariyah,0,3,3
Maarle,0,3,3
Maarlena,0,3,3
Maarten-Alexander,3,0,3
Maarten-Joost,3,0,3
Maartien,3,3,6
Maartiena,0,3,3
Maartijn,3,0,3
Maartzen,0,3,3
Maäseja,3,3,6
Maasjen,0,3,3
Maaten,3,0,3
Maay,0,3,3
Maazin,3,0,3
Mabast,3,3,6
Mabeka,3,0,3
Mabon,3,0,3
MAC,3,3,6
Macallin,3,3,6
Machario,3,0,3
Machéla,0,3,3
Macheliena,0,3,3
Machelijntje,0,3,3
Machelino,3,0,3
Machelinus,3,0,3
Machellina,0,3,3
Machello,3,0,3
Macid,3,0,3
Maciëlle,0,3,3
Mackayla,0,3,3
Mackintosh,3,3,6
Macklyn,3,3,6
Macleod,3,0,3
Macy-Lynn,0,3,3
Mad,3,0,3
Madà,3,0,3
Madansingh,3,0,3
Madara,0,3,3
Madda,3,3,6
Maddelena,0,3,3
Maddoxx,3,0,3
Madeira,0,3,3
Madeleentje,0,3,3
Madeleintje,0,3,3
Madelinn,0,3,3
Madey,0,3,3
Madhava,3,0,3
Madho,3,3,6
Madhubala,0,3,3
Madhulika,0,3,3
Madhurima,0,3,3
Madhuvie,0,3,3
Madhuwi,0,3,3
Madicke,0,3,3
Madiek,3,3,6
Madihah,0,3,3
Madilon,0,3,3
Madingano,3,3,6
Madiya,0,3,3
Madjesta,0,3,3
Madlin,0,3,3
Madriana,0,3,3
Madsen,3,0,3
Madsy,0,3,3
Maduagwu,3,3,6
Madvie,0,3,3
Madz,3,0,3
Mae-Lin,0,3,3
Mae-lynn,0,3,3
Maea,0,3,3
Maejor,3,0,3
Maèl,3,0,3
Maelia,0,3,3
Maëll,3,3,6
Maere,0,3,3
Maeryn,3,3,6
Maese,3,0,3
Maesy,0,3,3
Maev,3,3,6
Maeyson,3,0,3
MAF,0,3,3
Magadalena,0,3,3
Magaliena,0,3,3
Magarete,0,3,3
Magchielia,0,3,3
Magdalein,0,3,3
Magdalen,0,3,3
Magdaléne,0,3,3
Magdalenia,0,3,3
Magdalenie,0,3,3
Magdalus,3,0,3
Magdelaine,0,3,3
Mageda,0,3,3
Magen,0,3,3
Maggeliena,0,3,3
Maggio,3,3,6
Magglina,0,3,3
Maghalie,0,3,3
Magieltje,0,3,3
Magilda,0,3,3
Magje,0,3,3
Maglione,0,3,3
Magnes,3,3,6
Magoliena,0,3,3
Magreetha,0,3,3
Magritta,0,3,3
Mags,0,3,3
Magtalina,0,3,3
Magtildus,3,0,3
MAH,3,3,6
Mahadewi,0,3,3
Mahak,0,3,3
Mahamedamin,3,0,3
Mahanna,0,3,3
Maharaj,3,3,6
Mahardika,3,0,3
Mahavir,3,0,3
Mahboob,3,0,3
Mahbouba,0,3,3
Mahd,3,0,3
Mahealani,0,3,3
Mahesha,3,3,6
Maheshkoemar,3,0,3
Maheshwar,3,0,3
Maheswari,0,3,3
Mahey,3,3,6
Mahfoez,3,0,3
Mahier,3,0,3
Mahire,0,3,3
Mahita,0,3,3
Mahja,0,3,3
Mahkota,3,3,6
Mahon,3,3,6
Mahonri,3,0,3
Mahre,0,3,3
Mahrous,3,0,3
Mahrukh,0,3,3
Mahsume,0,3,3
Mahsuni,3,0,3
Mahta,0,3,3
Mahtob,0,3,3
Mahum,0,3,3
Mahveen,0,3,3
Maï,0,3,3
Mai-Lee,0,3,3
Maibritt,0,3,3
Maïda,0,3,3
Maidah,0,3,3
Mâide,0,3,3
Maider,0,3,3
Maierysli,0,3,3
Maij,3,3,6
Maïke,0,3,3
Maikell,3,0,3
Maikson,3,0,3
Maileen,0,3,3
Maïlis,0,3,3
Maimana,0,3,3
Maimoona,0,3,3
Maïre,0,3,3
Maíre,0,3,3
Mairéad,0,3,3
Maisaa,0,3,3
Maisah,0,3,3
Maisane,0,3,3
Maisem,0,3,3
Maisiah,0,3,3
Maisoen,0,3,3
Maitham,3,0,3
Maithé,0,3,3
Maitta,0,3,3
Maiwenn,0,3,3
Maïza,0,3,3
MAJ,0,3,3
Maj-britt,0,3,3
Majanne,0,3,3
Majdeline,0,3,3
Maji,0,3,3
Majli,0,3,3
Majlin,0,3,3
Majoke,0,3,3
Majonne,0,3,3
Majora,0,3,3
Majos,3,0,3
Majoy,0,3,3
Makaay,3,0,3
Makaria,0,3,3
Makarios,3,0,3
Makeba,0,3,3
Makia,0,3,3
Makien,0,3,3
Makina,3,3,6
Makita,0,3,3
Makka,3,3,6
Makruhi,0,3,3
Maksimiliaan,3,0,3
Malaikah,0,3,3
Malaka,0,3,3
Malalai,0,3,3
Malanda,0,3,3
Malandra,0,3,3
Malaz,0,3,3
Maleec,3,0,3
Malenie,3,3,6
Maley,3,0,3
Maleya,0,3,3
Maleyka,0,3,3
Malien,0,3,3
Maliesa,0,3,3
Malijah,3,3,6
Malíka,0,3,3
Maliki,3,3,6
Målin,0,3,3
Malincha,0,3,3
Malinga,3,3,6
Malinn,0,3,3
Malis,0,3,3
Malischa,0,3,3
Maliwan,0,3,3
Maljarda,0,3,3
Maljerina,0,3,3
Malk,3,3,6
Malkanthi,0,3,3
Mallak,0,3,3
Maloes,0,3,3
Malonda,3,3,6
Malta,0,3,3
Malthe,3,0,3
Malù,0,3,3
Malyar,3,0,3
MAM,3,3,6
Mamba,3,3,6
Mambri,3,0,3
Mamertus,3,0,3
Mamette,3,3,6
Mami,0,3,3
Mamie,0,3,3
Mamud,3,3,6
Man-Hin,3,3,6
Man-Long,3,0,3
Mananja,0,3,3
Manau,3,0,3
Manaure,3,0,3
Manbir,3,3,6
Manchahat,0,3,3
Mancini,3,3,6
Mancius,3,0,3
Mandell,3,3,6
Mandeq,0,3,3
Manderly,0,3,3
Mandineke,0,3,3
Mandra,0,3,3
Mandrie,3,0,3
Mandy-Lee,0,3,3
Manee,0,3,3
Manelly,0,3,3
Manesha,0,3,3
Manfredi,3,0,3
Mangala,3,3,6
Mangenus,3,0,3
Mangkorn,3,0,3
Manglis,3,0,3
Mangri,0,3,3
Manhar,3,0,3
Manhard,3,0,3
Manicia,0,3,3
Maniesha,0,3,3
Manila,0,3,3
Manille,3,3,6
Manira,0,3,3
Maniram,3,0,3
Manisia,0,3,3
Manisya,0,3,3
Maniya,0,3,3
Manjari,0,3,3
Manjeet,3,3,6
Manly,3,3,6
Manminder,3,3,6
Männe,3,0,3
Mannea,0,3,3
Mannetha,0,3,3
Mannou,3,0,3
Manóach,3,0,3
Manodjkoemar,3,0,3
Manoëla,0,3,3
Manoeschka,0,3,3
Manoh,3,3,6
Manoubia,0,3,3
Manouch,0,3,3
Manraj,3,0,3
Manshaa,0,3,3
Mansueto,3,0,3
Mansukh,3,0,3
Mansuur,3,0,3
Mantana,3,3,6
Mantha,0,3,3
Manthos,3,0,3
Mànu,3,0,3
Manual,3,0,3
Manue,3,3,6
Manuêl,3,0,3
Manuji,3,0,3
Manuka,3,3,6
Manusa,0,3,3
Manyama,3,3,6
Manyee,0,3,3
Manzo,3,0,3
Mapalo,3,0,3
Mappy,0,3,3
Maqbool,3,3,6
Maquengo,3,3,6
Maragrieta,0,3,3
Maraiah,0,3,3
Maraisa,0,3,3
Maraja,0,3,3
Maralie,0,3,3
Marame,0,3,3
Marank,0,3,3
Marann,0,3,3
Maranna,0,3,3
Marawae,3,0,3
Marbé,0,3,3
Marc-John,3,0,3
Marc-Peter,3,0,3
Marc-Philippe,3,0,3
Marc-Willem,3,0,3
Marçal,3,0,3
Marcêl,3,3,6
Marçel,3,0,3
Marcelianus,3,0,3
Marcelin,3,3,6
Marcéline,0,3,3
Marcellien,3,3,6
Marcellijn,3,0,3
Marcellin,3,0,3
Marcellinius,3,0,3
Marcelszoon,3,0,3
Marcelyn,3,3,6
Marchan,3,0,3
Marchanno,3,0,3
Marchelina,3,3,6
Marchellino,3,0,3
Marchelm,3,0,3
Marchelo,3,0,3
Marcherie,0,3,3
Marchery,0,3,3
Marchi,3,3,6
Marçia,0,3,3
Marciella,0,3,3
Marciëlle,0,3,3
Marcienne,0,3,3
Marcile,3,3,6
Marcinda,0,3,3
Marcje,0,3,3
Marco-Jan,3,0,3
Marda,0,3,3
Mardge,0,3,3
Mardian,3,3,6
Mardiek,3,0,3
Mardzya,0,3,3
Marè,0,3,3
Mareia,0,3,3
Mareja,0,3,3
Märel,0,3,3
Marela,0,3,3
Marelin,0,3,3
Marelinde,0,3,3
Marelot,0,3,3
Marels,0,3,3
Marencio,3,0,3
Marengo,3,0,3
Marensje,0,3,3
Marent,3,0,3
Marenze,0,3,3
Maresja,0,3,3
Marete,0,3,3
Marethea,0,3,3
Mareye,0,3,3
Mareyke,0,3,3
Margarèt,0,3,3
Margaréthe,0,3,3
Margaretho,3,3,6
Margee,0,3,3
Margeertje,0,3,3
Margerij,0,3,3
Margérite,0,3,3
Margerrite,0,3,3
Margerritha,0,3,3
Margha,0,3,3
Margiene,0,3,3
Margies,0,3,3
Marginio,3,0,3
Margoke,0,3,3
Margono,3,0,3
Margoo,0,3,3
Margoretha,0,3,3
Margorieta,0,3,3
Margretis,3,0,3
Marguarite,0,3,3
Marguarithe,3,3,6
Margurat,3,0,3
Mâri,3,3,6
Màri,3,3,6
Mari-Jan,3,3,6
Mari-Lisa,0,3,3
Mari-Lize,0,3,3
Marìa,0,3,3
maria,3,3,6
Maria-Adriana,0,3,3
Maria-Agnes,3,3,6
Maria-Antoinetta,0,3,3
Maria-Dolores,0,3,3
Maria-Elisa,0,3,3
Maria-Hendrika,0,3,3
Maria-Jacoba,0,3,3
Maria-Josefina,0,3,3
Maria-Laura,0,3,3
Maria-Lena,0,3,3
Maria-Martha,0,3,3
Maria-Paula,0,3,3
Maria-Sophia,0,3,3
Maria-Sophie,0,3,3
Maria-Theresa,0,3,3
Maria-Victoria,0,3,3
Mariaantje,0,3,3
Marialle,0,3,3
Mariandl,0,3,3
Mariando,3,3,6
Marianetta,0,3,3
Mariangely,0,3,3
Mariannetje,0,3,3
Marianov,3,3,6
Marichel,0,3,3
Maricken,0,3,3
Maricruz,0,3,3
Marie-Agnès,0,3,3
Marie-Alice,0,3,3
Marie-Angélique,0,3,3
Marie-Antoinnette,0,3,3
Marie-Astrid,0,3,3
Marie-Cathérine,0,3,3
Marie-Christina,0,3,3
Marie-Constance,3,3,6
Marie-Corine,0,3,3
Marie-Denise,0,3,3
Marie-Dominique,0,3,3
Marie-Eline,0,3,3
Marie-Ellen,0,3,3
Marie-Esmeralda,0,3,3
Marie-Eve,0,3,3
Marie-Francine,0,3,3
Marie-Gabrielle,0,3,3
Marie-Heleen,0,3,3
Marie-Jane,0,3,3
Marie-Janneke,0,3,3
Marie-Jeannine,0,3,3
Marie-Jette,0,3,3
Marie-Joséphine,0,3,3
Marie-Juliette,0,3,3
Marie-Leen,0,3,3
Marie-Lène,0,3,3
Marie-lou,0,3,3
Marie-Louïse,0,3,3
Marie-Monique,0,3,3
Marie-Nel,0,3,3
Marie-Nell,0,3,3
Marie-Paulien,0,3,3
Marie-Susanne,0,3,3
Marie-Therése,0,3,3
Mariean,0,3,3
Marieanneke,0,3,3
Mariebel,0,3,3
Mariecken,0,3,3
Mariejanneke,0,3,3
Mariejeane,0,3,3
Mariejose,3,3,6
Mariekje,0,3,3
Marielena,0,3,3
Marielies,0,3,3
Marielinn,0,3,3
Marielisa,0,3,3
Marielize,0,3,3
Marielouis,3,3,6
Marieme,0,3,3
Marième,0,3,3
Marienis,3,0,3
Marierose,0,3,3
Mariesja,0,3,3
Marieska,0,3,3
Mariessa,0,3,3
Marigon,3,3,6
Marijanti,0,3,3
Marijati,3,3,6
Marijchien,0,3,3
Marijella,0,3,3
Marijetta,0,3,3
Marijnke,0,3,3
Marijona,0,3,3
Marilde,0,3,3
Marilèna,0,3,3
Mariliese,0,3,3
Marilieze,0,3,3
Marilize,0,3,3
Marilka,0,3,3
Mariloes,0,3,3
Mariman,3,0,3
Marince,0,3,3
Marindo,3,0,3
Marinela,0,3,3
Marinem,0,3,3
Maringa,0,3,3
Marinika,3,3,6
Marinike,0,3,3
Marinnes,3,0,3
Marins,0,3,3
Marinta,0,3,3
Marintha,0,3,3
Marinusz,3,0,3
Marinza,0,3,3
Mariolino,3,0,3
Marión,0,3,3
Marionel,3,3,6
Mariophila,0,3,3
Máris,3,3,6
Mariselle,0,3,3
Marish,3,3,6
Marishana,0,3,3
Marishella,0,3,3
Marisstella,0,3,3
Marissya,0,3,3
Mariszka,3,3,6
Márit,0,3,3
Maritina,0,3,3
Maritske,0,3,3
Mariusta,0,3,3
Mariyan,0,3,3
Marizza,0,3,3
Marjannigje,0,3,3
Marjantje,0,3,3
Marjenka,0,3,3
Marjenneke,0,3,3
Marjilde,0,3,3
Marjits,0,3,3
Marjoe,3,3,6
Marjohn,0,3,3
Marjoleentje,0,3,3
Marjoleijntje,0,3,3
Marjoléne,0,3,3
Marjolène,0,3,3
Marjolet,0,3,3
Marjoleyne,0,3,3
Marjolieke,0,3,3
Marjolijna,0,3,3
Marjoly,0,3,3
Marjonelle,0,3,3
Marjorine,0,3,3
Marjus,3,0,3
Márk,3,0,3
Mark-Alexander,3,3,6
Mark-Anton,3,0,3
Mark-Robert,3,0,3
Markan,3,3,6
Markar,3,0,3
Markfried,3,0,3
Markita,0,3,3
Marky,3,0,3
Marlau,0,3,3
Marlé,0,3,3
Marleijne,0,3,3
Marlenie,0,3,3
Marley-Jane,0,3,3
Marley-Rose,0,3,3
Marleyne,0,3,3
Marlian,0,3,3
Marlinne,0,3,3
Marlit,0,3,3
Marliya,0,3,3
Marloesje,0,3,3
Marloeska,0,3,3
Marlony,3,3,6
Marlucia,0,3,3
Marlyke,0,3,3
Marlynde,0,3,3
Marlynne,0,3,3
Marlyssa,3,3,6
Marnia,0,3,3
Marnieke,0,3,3
Marnita,0,3,3
Marnixzoon,3,0,3
Marnold,3,0,3
Marnon,3,3,6
Marodi,0,3,3
Maroeka,0,3,3
Maroi,3,3,6
Maronella,0,3,3
Maroos,0,3,3
Marosa,0,3,3
Maroushia,0,3,3
Marowa,0,3,3
Marowijne,0,3,3
Marquardt,3,3,6
Marqueen,0,3,3
Marquel,3,3,6
Marquérithe,0,3,3
Marquette,3,3,6
Marqurita,0,3,3
Marqurite,0,3,3
Marragrita,0,3,3
Marras,0,3,3
Marrée,0,3,3
Marregie,0,3,3
Marregrietje,0,3,3
Marrein,3,0,3
Marrejette,0,3,3
Marrel,3,3,6
Marrella,0,3,3
Marres,3,0,3
Marretjen,0,3,3
Marriana,0,3,3
Marrianna,0,3,3
Marrielle,3,3,6
Marrietje,0,3,3
Marrigtje,0,3,3
Marrika,0,3,3
Marritgen,0,3,3
Marritt,0,3,3
Marrousia,0,3,3
Marryn,3,0,3
Marschano,3,0,3
Marsela,0,3,3
Marselien,0,3,3
Marselus,3,0,3
Marshalina,0,3,3
Marshanda,0,3,3
Marshell,3,0,3
Marshelon,3,0,3
Marshia,0,3,3
Marsie,3,3,6
Marsilius,3,0,3
Marssijana,0,3,3
Marsya,0,3,3
Martana,0,3,3
Martanja,0,3,3
Martawidjaya,3,3,6
Martea,0,3,3
Martelina,0,3,3
Mårten,3,0,3
Martèn,3,3,6
Marteng,3,0,3
Martenique,0,3,3
Martensson,3,0,3
Marteunis,3,0,3
Marthalie,0,3,3
Marthavina,0,3,3
Märthe,0,3,3
Martheyn,3,0,3
Marthia,0,3,3
Marthian,3,0,3
Marthiena,0,3,3
Martias,3,0,3
Martienie,0,3,3
Martienis,3,0,3
Martigue,0,3,3
Martijke,0,3,3
Martijnis,3,0,3
Martijnszoon,3,0,3
Martillis,3,3,6
Martinem,0,3,3
Martinéz,3,0,3
Martinka,0,3,3
Martinovna,0,3,3
Martinson,3,0,3
Martita,0,3,3
Martjanne,0,3,3
Martlev,3,3,6
Martòn,3,3,6
Martrim,3,3,6
Martruida,0,3,3
Marusca,0,3,3
Marusjka,0,3,3
Marutas,0,3,3
Marvella,0,3,3
Marvelle,0,3,3
Marverick,3,0,3
Marvic,3,0,3
Marvik,3,0,3
Marwaa,0,3,3
Marwand,3,0,3
Marwati,0,3,3
Marwien,3,0,3
Marwill,3,3,6
Marwinus,3,0,3
Marxilles,3,0,3
Máry,0,3,3
Märy,0,3,3
Mary-Janne,0,3,3
Mary-José,0,3,3
Mary-Lane,0,3,3
Mary-Linn,0,3,3
Marybel,0,3,3
Maryck,3,3,6
Maryel,0,3,3
Maryet,0,3,3
Maryette,0,3,3
Maryjan,3,3,6
Marylane,0,3,3
Maryleine,0,3,3
Marylie,0,3,3
Marylka,0,3,3
Maryll,0,3,3
Marynelle,0,3,3
Marynte,0,3,3
Marys,3,3,6
Marysanne,0,3,3
Marz,3,0,3
Marziano,3,0,3
Marzio,3,0,3
Maša,0,3,3
Masana,3,3,6
Masanori,3,0,3
Masaud,3,0,3
Masay,3,3,6
Maserati,3,0,3
Mashano,3,0,3
Maşife,0,3,3
Masir,3,0,3
Maslah,3,0,3
Masora,3,0,3
Masroor,3,0,3
Massal,3,3,6
Masseo,3,0,3
Massia,0,3,3
Massima,0,3,3
Massja,0,3,3
Massud,3,3,6
Mastafa,3,0,3
Masten,3,0,3
Master,3,3,6
Mastos,3,0,3
Masumi,0,3,3
Masumu,3,3,6
Masy,3,3,6
Mateen,3,3,6
Mateis,3,0,3
Matěj,3,0,3
Matessa,0,3,3
Matgorzata,0,3,3
Mathanya,0,3,3
Mathayus,3,0,3
Mathéüs,3,0,3
Matheuw,3,0,3
Mathewis,3,0,3
Mathey,3,0,3
Mathien,3,3,6
Mathieux,3,0,3
Mathij,3,3,6
Mathijna,0,3,3
Mathile,3,0,3
Matho,3,0,3
Mathrinus,3,0,3
Mathu,3,3,6
Mathushan,3,0,3
Mathyus,3,0,3
Matía,0,3,3
Matie,3,3,6
Matiena,0,3,3
Matiens,3,0,3
Matil,3,3,6
Matjo,3,0,3
Matoesjka,0,3,3
Mattei,3,0,3
Mattewis,3,0,3
Matthaea,0,3,3
Matthánja,3,0,3
Mattheűs,3,0,3
Matthey,3,3,6
Mattheys,3,0,3
Matthian,3,0,3
Matthice,3,0,3
Matthieus,3,0,3
Matthieuw,3,0,3
Matthije,3,3,6
Matthijna,0,3,3
Matthijsia,0,3,3
Matthisca,0,3,3
Matthitja,0,3,3
Matthius,3,0,3
Mattía,3,3,6
Mattís,3,0,3
Mattise,3,3,6
Mattya,3,3,6
Mattyas,3,0,3
Matu,0,3,3
Matua,3,0,3
Matvej,3,0,3
Matwey,3,0,3
Maudé,0,3,3
Maudia,0,3,3
Maudiënne,0,3,3
Mauli,3,3,6
Maupi,3,3,6
Maurad,3,0,3
Maurane,0,3,3
Mauré,0,3,3
Maurel,3,3,6
Mauresmo,3,0,3
Mauriënne,0,3,3
Maurillo,3,0,3
Maurisio,3,0,3
Maurissa,0,3,3
Mauritse,0,3,3
Mauritsz,3,0,3
Mauritus,3,0,3
Mauritza,0,3,3
Maurizzio,3,0,3
Mauth,3,3,6
Mavakala,3,3,6
Maverik,3,0,3
Mavy,3,0,3
Mawish,3,3,6
Mawulom,3,3,6
Mawuna,3,3,6
Maxel,3,0,3
Maxelle,0,3,3
Maxenthius,3,3,6
Máxim,3,3,6
Maxîme,3,3,6
Maximé,3,0,3
Maxíme,3,3,6
Maximi,3,0,3
Maximilan,3,0,3
Maximin,3,0,3
Maximina,0,3,3
Maxius,3,0,3
Maxmiliana,0,3,3
Maxmilliaan,3,0,3
Maxon,3,0,3
Maxs,3,0,3
May-lin,0,3,3
May-Linn,0,3,3
Mayamba,0,3,3
Mayaya,3,3,6
Maybeline,0,3,3
Maydi,3,3,6
Maydy,0,3,3
Mayeli,0,3,3
Mayelin,0,3,3
Mayenka,0,3,3
Mayer,3,0,3
Mayera,0,3,3
Mayerli,0,3,3
Mayesta,0,3,3
Mayimbi,3,3,6
Mayimona,3,3,6
Mayine,0,3,3
Mayisha,0,3,3
Mayland,0,3,3
Mayleigh,0,3,3
Maylene,0,3,3
Maylia,0,3,3
Maymoena,0,3,3
Mayne,3,0,3
Mayori,0,3,3
Mayram,0,3,3
Mayran,0,3,3
Mayrone,3,0,3
Maysoura,0,3,3
Mayssan,0,3,3
Maytina,0,3,3
Maytri,0,3,3
Mayuna,0,3,3
Mayura,0,3,3
Mayva,0,3,3
Mayven,3,3,6
Maywand,3,0,3
Mayz,3,0,3
Mayzen,3,0,3
Mazim,3,0,3
Mazinho,3,0,3
Mazy,0,3,3
Mbanza,3,0,3
Mbark,3,0,3
Mbella,3,3,6
Mbemba,3,0,3
Mbomba-Ikana,0,3,3
Mboyo,3,3,6
Mbugua,3,0,3
Mc.,3,0,3
McCrindle,3,0,3
McLaren,3,3,6
Méa,0,3,3
Meah,0,3,3
Mealynn,0,3,3
Meandre,0,3,3
Méanne,0,3,3
Meaven,3,0,3
Mebrure,0,3,3
Mechael,3,3,6
Mechdalina,0,3,3
Mechje,0,3,3
Mechtela,0,3,3
Mechteldus,3,0,3
Mechteliena,0,3,3
Mechthildes,3,3,6
Mechy,0,3,3
Medarde,3,3,6
Meddi,3,3,6
Meddina,0,3,3
Medeja,0,3,3
Medello,3,3,6
Médéric,3,0,3
Medha,0,3,3
Medhane,3,0,3
Medhi,3,3,6
Median,0,3,3
Mediatrice,3,3,6
Medien,0,3,3
Médina,0,3,3
Meegan,0,3,3
Meehna,0,3,3
Meei,0,3,3
Meek,3,3,6
Meela,0,3,3
Meenakoemarie,0,3,3
Meene,3,0,3
Meenje,0,3,3
Meenu,0,3,3
Meep,3,0,3
Meerab,0,3,3
Meertendina,0,3,3
Meertha,0,3,3
Meertien,3,3,6
Meeson,3,0,3
Meeuwessina,0,3,3
Meeuwke,0,3,3
Mefharet,0,3,3
Meftun,3,0,3
Mègan,0,3,3
Megane,0,3,3
Megcheldina,0,3,3
Megchiel,3,0,3
Megdelina,0,3,3
Meggellina,0,3,3
Meginhard,3,3,6
Megonda,0,3,3
Megretha,0,3,3
Megthilda,0,3,3
Mehdap,0,3,3
Meheroennisa,0,3,3
Mehra,0,3,3
Mehraj,3,0,3
Mehria,0,3,3
Mehrican,0,3,3
Mehrimah,0,3,3
Mehrnaz,0,3,3
Mehrshad,3,0,3
Mehrzad,3,3,6
Měi,0,3,3
Mei-Fong,0,3,3
Mei-Lian,0,3,3
Mei-Mei,0,3,3
Mei-Xue,0,3,3
Mei-Yin,0,3,3
Meicke,0,3,3
Meidy,0,3,3
Meij,3,3,6
Meilon,3,0,3
Meinaart,3,0,3
Meinardi,3,3,6
Meinardina,0,3,3
Meink,3,0,3
Meintes,3,3,6
Meinulphus,3,0,3
Meïrah,0,3,3
Meire,0,3,3
Meise,0,3,3
Meiskine,0,3,3
Meissie,0,3,3
Meitje,0,3,3
Mejella,0,3,3
Mejon,3,3,6
Mekayla,0,3,3
Mekdes,0,3,3
Mekhael,3,3,6
Mekkie,3,3,6
Mekx,3,3,6
Melâhat,0,3,3
Melak,0,3,3
Melaku,3,3,6
Mélana,0,3,3
Melangela,0,3,3
Melanja,0,3,3
Melanny,0,3,3
Melanya,0,3,3
Melayno,3,0,3
Melcha,0,3,3
Melchelina,0,3,3
Melchertdina,0,3,3
Melchias,3,0,3
Melchiore,3,3,6
Melcior,3,0,3
Meldin,3,0,3
Mele,0,3,3
Meledy,0,3,3
Melene,0,3,3
Meletta,0,3,3
Meley,0,3,3
Melgio,3,0,3
Méli,0,3,3
Meliah,0,3,3
Meliane,0,3,3
Melica,0,3,3
Melikenur,0,3,3
Melindy,0,3,3
Mélisanda,0,3,3
Melissa-Sue,0,3,3
Melissah,0,3,3
Melizza,0,3,3
Meljora,0,3,3
Melle-Jan,3,0,3
Mellen,3,3,6
Mellroy,3,0,3
Mellvin,3,0,3
Melnardus,3,0,3
Mélody,0,3,3
Meloni,3,3,6
Melorin,0,3,3
Melrone,3,0,3
Melson,3,0,3
Meltha,0,3,3
Melu,3,3,6
Meluska,0,3,3
Melvada,0,3,3
Melvana,0,3,3
Melvino,3,0,3
Melyna,0,3,3
Melysha,0,3,3
Meme,3,0,3
Memed,3,0,3
Menaar,0,3,3
Menah,0,3,3
Menana,0,3,3
Menancio,3,0,3
Menashe,3,0,3
Menasses,3,0,3
Mencka,3,3,6
Mendé,3,0,3
Menessa,0,3,3
Mengius,3,0,3
Mengmeng,0,3,3
Meni,3,3,6
Menisa,0,3,3
Menjo,3,3,6
Menkien,0,3,3
Menkus,3,0,3
Mennald,3,0,3
Mennana,0,3,3
Mennart,3,0,3
Mennekes,3,0,3
Mennolina,0,3,3
Menon,0,3,3
Menouar,3,0,3
Menouche,0,3,3
Menschje,0,3,3
Menses,3,0,3
Mensto,3,0,3
Mentari,3,0,3
Menthilda,0,3,3
Menzi,3,3,6
Meradj,3,0,3
Mèral,0,3,3
Merâl,0,3,3
Meraldo,3,0,3
Merande,0,3,3
Meraya,0,3,3
Mercedy,0,3,3
Mercelia,0,3,3
Mercelin,0,3,3
Mercelius,3,0,3
Mercella,0,3,3
Merche,0,3,3
Merciano,3,0,3
Mercier,3,0,3
Merdin,3,3,6
Mereana,0,3,3
Merelijne,0,3,3
Merell,3,3,6
Merengue,0,3,3
Mereno,3,0,3
Mereth,0,3,3
Merewyn,0,3,3
Merfat,0,3,3
Merginius,3,0,3
Meriba,0,3,3
Mérice,0,3,3
Merid,3,3,6
Mérida,0,3,3
Meriëm,0,3,3
Merieme,0,3,3
Merijka,0,3,3
Merijnen,0,3,3
Merill,3,3,6
Merim,3,3,6
Merine,0,3,3
Merinke,0,3,3
Meriora,0,3,3
Merise,0,3,3
Meriska,0,3,3
Merite,0,3,3
Meritha,0,3,3
Meriyam,0,3,3
Merja,0,3,3
Merjema,0,3,3
Merlando,3,0,3
Merlano,3,0,3
Mérle,0,3,3
Merleau,3,3,6
Merleijn,3,3,6
Merlen,3,3,6
Merlette,0,3,3
Merlie,0,3,3
Merlisa,0,3,3
Merlon,3,0,3
Merne,3,3,6
Mero,3,0,3
Meroa,0,3,3
Merola,0,3,3
Merom,3,0,3
Merouan,3,0,3
Merouane,3,0,3
Merridith,0,3,3
Merritt,3,3,6
Merselien,0,3,3
Merselina,0,3,3
Mersini,0,3,3
Merta,0,3,3
Mertçan,3,0,3
Merter,3,0,3
Mertien,3,0,3
Mervet,0,3,3
Merwart,3,0,3
Meryemnur,0,3,3
Merylin,0,3,3
Meryt,0,3,3
Mesac,3,0,3
Mesalina,0,3,3
Meshell,0,3,3
Mesi,0,3,3
Meske,3,3,6
Meson,3,0,3
Mesrob,3,0,3
Mesrop,3,0,3
Messin,3,0,3
Messy,3,3,6
Mesudiye,0,3,3
Metalina,0,3,3
Metallica,3,3,6
Metellus,3,0,3
Methalina,0,3,3
Methel,0,3,3
Methijn,3,0,3
Methodus,3,0,3
Metinus,3,0,3
Metresa,0,3,3
Metsina,0,3,3
Metsko,3,0,3
Metthew,3,0,3
Metties,3,0,3
Mettin,3,0,3
Mevâ,0,3,3
Mevin,3,3,6
Meyling,0,3,3
Meynsje,0,3,3
Meyntje,0,3,3
Meyram,0,3,3
Mezack,3,0,3
MFG,3,3,6
Mgbeojikwe,3,0,3
MHA,3,3,6
Mhairu,0,3,3
MHH,0,3,3
Mhir,3,0,3
MHJ,3,3,6
Mi-Angel,0,3,3
Miabella,0,3,3
Miakoda,3,3,6
Mića,3,3,6
Micai,3,0,3
Micayah,3,3,6
Micella,0,3,3
Michael-Anthony,3,0,3
Michaëli,3,3,6
Michaelson,3,0,3
Michaias,3,0,3
Michailivna,0,3,3
Michainy,0,3,3
Michaira,0,3,3
Michája,3,3,6
Michala,3,3,6
Michay,0,3,3
Micheál,3,0,3
Micheel,3,3,6
Michel-Alexander,3,0,3
Michel-Jan,3,0,3
Michelé,0,3,3
Michêle,0,3,3
Michelet,0,3,3
Michelin,0,3,3
Michéll,3,0,3
Michélla,0,3,3
Michen,3,0,3
Michently,3,3,6
Michiel-Martijn,3,0,3
Michieline,0,3,3
Michilda,0,3,3
Michtildis,3,3,6
Mici,0,3,3
Mickaela,0,3,3
Mickal,3,0,3
Mickayla,0,3,3
Mickle,3,0,3
Micoh,3,0,3
Micol,0,3,3
Micon,3,0,3
Midjo,3,0,3
Mië,0,3,3
Miechelina,0,3,3
Mieki,0,3,3
Mieleke,0,3,3
Mielena,0,3,3
Mielko,3,0,3
Miëlla,0,3,3
Mienakoemarie,0,3,3
Mienoeska,0,3,3
Miens,0,3,3
Miescha,3,3,6
Miesjel,3,3,6
Miftar,3,0,3
Migail,3,0,3
Migaisa,0,3,3
Migali,3,3,6
Migèl,3,0,3
Miggy,0,3,3
Mighael,3,0,3
Mighail,3,3,6
Mighiel,3,0,3
Mighty,3,0,3
Migjen,3,0,3
Migon,3,3,6
Miguel-Angel,3,0,3
Miguelito,3,0,3
Miguell,3,0,3
Miguelli,3,0,3
Mihaila,0,3,3
Mihca,3,0,3
Mihlo,3,0,3
Mihoko,0,3,3
Mihra,0,3,3
Mihrac,3,3,6
Mihrace,0,3,3
Mihrali,3,0,3
Mihrap,0,3,3
Mihrima,0,3,3
Mijah,3,0,3
Mijem,0,3,3
Mijiza,0,3,3
Mijndertje,0,3,3
Mijnes,3,0,3
Mijni,0,3,3
Mijno,3,3,6
Mijnsina,0,3,3
Mijnske,0,3,3
Mijodrag,3,0,3
Mijou,3,3,6
Mikaëlla,0,3,3
Mikaili,3,3,6
Mikajlo,3,0,3
Mikao,3,0,3
Mikayel,3,0,3
Mikaylee,0,3,3
Mikayli,3,3,6
Miké,3,3,6
Mikéle,3,0,3
Mikele,3,3,6
Mikesh,3,3,6
Mikhâel,3,0,3
Mikhayla,0,3,3
Mikho,3,3,6
Mikias,3,0,3
Mikica,3,3,6
Mikie,3,3,6
Mikio,3,0,3
Mikiyas,3,0,3
Mikola,3,0,3
Miktat,3,0,3
Miku,0,3,3
Mikuláš,3,0,3
Milá,0,3,3
Mila-Nova,0,3,3
Mila-Rose,0,3,3
Milaina,0,3,3
Milaja,0,3,3
Milân,3,0,3
Milanchelo,3,0,3
Milanja,0,3,3
Milcah,0,3,3
Mildret,0,3,3
Miléa,0,3,3
Milèn,3,3,6
Milind,3,0,3
Miline,0,3,3
Milivoj,3,0,3
Miliyano,3,0,3
Miljano,3,0,3
Miljeart,3,0,3
Milkianus,3,0,3
Milkias,3,0,3
Millad,3,0,3
Milliardo,3,0,3
Millinda,0,3,3
Millisent,0,3,3
Milly-Ann,0,3,3
Millycent,0,3,3
Milonne,0,3,3
Milosh,3,3,6
Milouise,0,3,3
Milta,0,3,3
Milten,3,0,3
Miltiades,3,3,6
Miltiadis,3,0,3
Miluše,0,3,3
Milvia,0,3,3
Milyani,3,3,6
Mimoent,0,3,3
Mimuna,0,3,3
Minaal,0,3,3
Minakshidevi,0,3,3
Minakumarie,0,3,3
Minanur,0,3,3
Mindaugas,3,0,3
Mindra,0,3,3
Minelfa,0,3,3
Minen,3,3,6
Minevitus,3,0,3
Ming-Yih,3,3,6
Minguela,0,3,3
Minho,3,0,3
Minique,0,3,3
Minire,0,3,3
Minita,0,3,3
Minkie,3,0,3
Minkus,3,0,3
Minni,0,3,3
Minnika,0,3,3
Minnou,0,3,3
Minoesj,0,3,3
Minori,0,3,3
Minousche,0,3,3
Minoush,0,3,3
Mintha,0,3,3
Minto,3,0,3
Mintra,0,3,3
Minu,0,3,3
Minya,3,3,6
Mip,0,3,3
Miqael,3,0,3
Miquéla,0,3,3
Mirab,0,3,3
Mirabai,0,3,3
Miraja,0,3,3
Miram,3,3,6
Mirand,3,3,6
Mirandina,0,3,3
Mirata,0,3,3
Mirayla,0,3,3
Mircan,3,3,6
Mirck,3,0,3
Mirdza,0,3,3
Mireck,3,0,3
Miree,0,3,3
Mirée,0,3,3
Mirein,3,3,6
Mireine,0,3,3
Mireio,3,3,6
Mirèle,0,3,3
Mirèlle,0,3,3
Mirenne,0,3,3
Mirentxu,0,3,3
Mirêse,0,3,3
Mirfat,3,3,6
Mirill,0,3,3
Mirjo,3,3,6
Mirlana,0,3,3
Mirlin,0,3,3
Mirlinda,0,3,3
Mirly,0,3,3
Mirny,0,3,3
Mirochia,0,3,3
Mirrella,0,3,3
Mirrian,0,3,3
Mirsa,0,3,3
Mirscha,0,3,3
Mirshir,3,0,3
Mirt,3,3,6
Mirtle,0,3,3
Mirtte,3,3,6
Mirvan,3,0,3
Mirvana,0,3,3
Mirwan,3,0,3
Mirzah,3,3,6
Misarah,0,3,3
Misem,0,3,3
Mishaal,3,3,6
Mishaela,0,3,3
Mishaira,0,3,3
Mishal,3,3,6
Mishandro,3,0,3
Mishanou,0,3,3
Mishelle,0,3,3
Mishika,0,3,3
Misjaël,3,0,3
Misjka,3,3,6
Mitan,3,0,3
Mitar,3,0,3
Mitelijn,0,3,3
Mitev,3,0,3
Mithaq,3,3,6
Mithrandir,3,0,3
Mithril,3,3,6
Mithushan,3,0,3
Mitji,0,3,3
Mitran,3,0,3
Mitre,3,0,3
Mits,3,3,6
Mitsu,0,3,3
Mitt,3,0,3
Miyako,0,3,3
Miyoko,0,3,3
Miyu,0,3,3
Mizra,3,3,6
Mkrtich,3,0,3
Mlaak,0,3,3
Mladenka,0,3,3
MMA,3,3,6
Moah,3,3,6
Moamen,3,0,3
Moanna,0,3,3
Moayad,3,0,3
Mobilia,0,3,3
Mochamad,3,0,3
Modai,0,3,3
Modisto,3,0,3
Moedjirah,0,3,3
Moeed,3,0,3
Moeez,3,0,3
Moein,3,0,3
Moël,3,3,6
Moemina,0,3,3
Moenesh,3,0,3
Moenica,0,3,3
Moenie,3,3,6
Moeqtasied,3,0,3
Moeris,3,0,3
Moeroetawera,3,0,3
Moerti,0,3,3
Moesirah,0,3,3
Moeskaan,0,3,3
Moeslien,0,3,3
Moestapha,3,0,3
Moetske,0,3,3
Moety,3,0,3
Mofreh,3,3,6
Mogrovejo,3,0,3
Mohamed-Reda,3,0,3
Mohamedie,3,0,3
Mohammad-Ali,3,0,3
Mohammadine,3,0,3
Mohammed-Amir,3,0,3
Mohammedi,3,0,3
Mohammer,3,0,3
Mohannad,3,0,3
Mohed,3,0,3
Mohez,3,0,3
Mohieb,3,0,3
Mohinidevi,0,3,3
Mohiny,0,3,3
Mohisha,0,3,3
Mohmmed,3,0,3
Moin,3,0,3
Mois,3,3,6
Moïze,3,3,6
Mojtaba,3,0,3
Molijn,3,0,3
Mollerus,3,0,3
Mollina,0,3,3
Momoh,3,0,3
Momtaz,3,3,6
Mona-Liza,0,3,3
Monaïm,3,0,3
Monald,3,0,3
Monaldus,3,0,3
Monalise,0,3,3
Monarda,0,3,3
Mondir,3,0,3
Moner,3,0,3
Monera,0,3,3
Mones,3,3,6
Money,3,0,3
Monico,3,0,3
Monicq,0,3,3
Mónika,0,3,3
Moniq,0,3,3
Moniqe,0,3,3
Monji,3,0,3
Monna,0,3,3
Monniek,0,3,3
Monssef,3,0,3
Monssif,3,0,3
Montae,3,0,3
Montaha,0,3,3
Monteque,3,0,3
Montessa,0,3,3
Montfoort,3,0,3
Monto,3,0,3
Montserat,3,3,6
Monza,3,3,6
Mooike,0,3,3
Moons,3,3,6
Moonya,3,3,6
Moorea,3,3,6
Moortje,0,3,3
Morach,0,3,3
Morade,3,0,3
Morana,0,3,3
Morane,0,3,3
Morat,3,0,3
Morathi,3,0,3
Morayno,3,0,3
Mordecai,3,0,3
Mordechaï,3,0,3
Moreau,3,0,3
Morel,3,0,3
Morello,3,0,3
Morencio,3,0,3
Morgin,3,0,3
Moriano,3,0,3
Moriarty,0,3,3
Moriën,3,3,6
Moriëntes,3,0,3
Morijn,3,0,3
Morinyo,3,0,3
Mornay,0,3,3
Morné,3,0,3
Moro,3,0,3
Morre,3,3,6
Morrits,3,0,3
Morsi,3,0,3
Morvan,3,0,3
Morvarid,0,3,3
Morwan,3,0,3
Morwiena,0,3,3
Moryah,3,3,6
Mosawer,3,0,3
Moskan,0,3,3
Motilal,3,0,3
Mouaniss,3,0,3
Moubarak,3,0,3
Mouchette,0,3,3
Mouet,0,3,3
Mouez,3,0,3
Mounïm,3,0,3
Mounire,3,0,3
Mourens,3,3,6
Mourid,3,0,3
Mourita,0,3,3
Mouro,3,0,3
Mousab,3,0,3
Mouwerijn,3,3,6
Mowan,3,3,6
Moyana,0,3,3
Moyenne,0,3,3
Moyo,3,0,3
Moyosore,3,3,6
Moyse,3,3,6
Mozhda,0,3,3
Moziena,0,3,3
Mpaka,3,3,6
Mpanzu,3,3,6
Mpho,3,3,6
Mpia,3,3,6
MPJ,0,3,3
MPW,3,3,6
Muayad,3,0,3
Muayed,3,0,3
Mübeccel,0,3,3
Mubeen,3,0,3
Muda,3,3,6
Mueez,3,0,3
Mufunko,3,3,6
Muga,3,3,6
Muhadin,0,3,3
Muhaimin,3,3,6
Muhamber,3,0,3
Muhaned,3,0,3
Muhannad,3,3,6
Muhmmad,3,0,3
Muhtar,3,0,3
Muhyadiin,3,3,6
Muhyadin,3,0,3
Muireann,0,3,3
Mujeeb,3,0,3
Mukasa,3,0,3
Mukatdes,0,3,3
Mukayil,3,0,3
Mukoko,3,0,3
Mukremin,3,0,3
Mukta,0,3,3
Mulai,3,3,6
Multon,3,0,3
Mulya,3,3,6
Mulyadi,3,0,3
Mumina,3,3,6
Mumtaas,0,3,3
Munawara,0,3,3
Munawwar,3,0,3
Munazza,0,3,3
Mundus,3,0,3
Muniba,0,3,3
Muniera,0,3,3
Munire,0,3,3
Munro,3,3,6
Munteha,0,3,3
Mura,0,3,3
Murano,3,0,3
Murat-Can,3,0,3
Muria,3,3,6
Muriella,0,3,3
Muriën,3,3,6
Murlin,3,3,6
Murren,0,3,3
Mursalin,3,0,3
Murselin,0,3,3
Murtala,3,0,3
Musawwir,3,0,3
Muscari,0,3,3
Muschelina,0,3,3
Musë,3,0,3
Musette,0,3,3
Musie,3,0,3
Musiq,3,3,6
Muslum,3,0,3
Mustaffa,3,0,3
Mustakim,3,3,6
Mustava,3,0,3
Mustiah,0,3,3
Mutabaruka,3,0,3
Muti,3,3,6
Mutinta,3,3,6
Mutluhan,3,3,6
Muudey,0,3,3
Muwula,3,3,6
Muys,3,3,6
Muzamel,3,0,3
Müzekkir,3,0,3
Muzzammil,3,0,3
Mwai,3,0,3
Mwailongo,3,3,6
Mwamba,3,3,6
Mwende,0,3,3
Mwila,3,3,6
My-Angel,0,3,3
Myaar,3,3,6
Myara,0,3,3
Myarca,0,3,3
Mychael,3,0,3
Mychal,3,0,3
Mycka,3,3,6
Mycke,0,3,3
Myeesha,0,3,3
Myenthe,0,3,3
Myesha,0,3,3
Myhre,0,3,3
Mykaela,0,3,3
Mykah,3,0,3
Mylain,3,3,6
Mylas,3,0,3
Mylco,3,0,3
Myline,0,3,3
Myloe,0,3,3
Myloh,3,0,3
Mylos,3,0,3
Mynt,3,3,6
Myrabella,0,3,3
Myraise,3,3,6
Myrano,3,0,3
Myrhen,3,0,3
Myriana,0,3,3
Myriël,0,3,3
Myrinke,0,3,3
Myrlène,0,3,3
Myrón,3,0,3
Myrra,0,3,3
Myrrith,0,3,3
Myrten,0,3,3
Myshairo,3,0,3
Mystery,3,3,6
Mytchel,3,0,3
Mythili,0,3,3
M'Ballou,0,3,3
M'Bark,3,0,3
M'Jay,3,0,3
M.H.,3,3,6
Ma'at,0,3,3
Ma'ayan,0,3,3
Ma'ida,0,3,3
Maab,3,3,6
Maada,3,3,6
Maahira,0,3,3
Maai,3,3,6
Maaidah,0,3,3
Maaike-Anne,0,3,3
Maaike-Christina,0,3,3
Maaike-Nynke,0,3,3
Maaila,0,3,3
Maaiske,0,3,3
Maake,3,0,3
Maal-Allah,3,3,6
Maalek,3,0,3
Maalin,3,0,3
Maanvi,0,3,3
Maaret,0,3,3
Maarisha,0,3,3
Maarten-Christiaan,3,0,3
Maarten-Marijn,3,0,3
Maarten-Martijn,3,0,3
Maarten-Paul,3,0,3
Maarten-Pieter,3,0,3
Maartenjan,3,0,3
Maartensz,3,0,3
Maarthin,3,0,3
Maartie,3,0,3
Maartiene,0,3,3
Maartinetta,0,3,3
Maartinette,0,3,3
Maartje-Maria,0,3,3
Maasjan,3,0,3
Maät,3,3,6
Maâti,3,0,3
Maattoria,3,3,6
Maaycke,0,3,3
Maayk,3,0,3
Mabana,0,3,3
Mabé,0,3,3
Mabèl,0,3,3
Mabell,0,3,3
Mabeth,0,3,3
Mabo,3,3,6
Mac-Donald,3,0,3
Macaire,3,0,3
Macall,3,3,6
Macallan,3,0,3
Macandra,0,3,3
Macari,3,0,3
Macaulay,3,0,3
MacCallum,3,0,3
Macco,3,0,3
Mâcé,3,3,6
Macellinus,3,0,3
Macemba,3,3,6
Macgyver,3,0,3
Machala,0,3,3
Machalyn,0,3,3
Machda,0,3,3
Mächel,3,0,3
Machele,0,3,3
Machelius,3,0,3
Machèll,3,3,6
Macherie,3,3,6
Machery,0,3,3
Machgelina,0,3,3
Machieline,0,3,3
Machielius,3,0,3
Machielle,0,3,3
Machiëlle,0,3,3
Machiels,3,0,3
Machien,0,3,3
Machiena,0,3,3
Machienus,3,0,3
Machies,3,0,3
Machil,3,0,3
Machila,0,3,3
Machilena,0,3,3
Machilis,3,0,3
Machill,3,0,3
Machina,0,3,3
Machinus,3,0,3
Machlien,0,3,3
Machmud,3,0,3
Macho,3,0,3
Machteldina,0,3,3
Machteldjen,0,3,3
Machteline,0,3,3
Machthelda,0,3,3
Macian,3,0,3
Macida,0,3,3
Macire,0,3,3
MacKay,3,3,6
Mackaya,0,3,3
Mackenzey,0,3,3
Mackinzie,0,3,3
Macklin,3,0,3
Mackó,3,0,3
Maco,3,0,3
Macqueen,3,0,3
Macra,0,3,3
Macson,3,0,3
Madagua,3,3,6
Madaleina,0,3,3
Madalène,0,3,3
Madalien,0,3,3
Madany,3,3,6
Madatia,3,0,3
Maddeleine,0,3,3
Maddeline,0,3,3
Maddelon,0,3,3
Madea,0,3,3
Madéh,3,0,3
Madeh,0,3,3
Madekanga,3,3,6
Madel,0,3,3
Madeleijn,0,3,3
Madeléine,0,3,3
Madelêne,0,3,3
Madeley,0,3,3
Madeliefe,0,3,3
Madeliena,0,3,3
Madelies,0,3,3
Madelijna,0,3,3
Mâdeline,0,3,3
Madelise,0,3,3
Madelot,0,3,3
Madelou,0,3,3
Madely,0,3,3
Mademba,3,0,3
Maden,3,0,3
Madero,3,3,6
Madewi,0,3,3
Madhar,3,0,3
Madhari,0,3,3
Madhavidebie,0,3,3
Madhavie,0,3,3
Madhevie,0,3,3
Madhudevi,0,3,3
Madhudewie,0,3,3
Madhui,0,3,3
Madhusudan,3,0,3
Madhwiedebie,0,3,3
Madí,3,3,6
Madiah,3,3,6
Madianne,0,3,3
Madiecke,0,3,3
Madieha,0,3,3
Madieken,0,3,3
Madien,0,3,3
Madiena,0,3,3
Madiera,0,3,3
Madika,0,3,3
Madikoen,3,0,3
Madilet,0,3,3
Madisson,0,3,3
Madjé,0,3,3
Madjida,0,3,3
Madjieda,0,3,3
Madjitey,3,3,6
Madjo,3,0,3
Madjoerie,0,3,3
Madli,0,3,3
Madó,0,3,3
Madot,0,3,3
Madoux,0,3,3
Madow,3,3,6
Madretsma,0,3,3
Madrian,3,0,3
Madrilène,0,3,3
Madrugada,3,3,6
Madse,3,0,3
Maduabuchi,3,0,3
Madura,0,3,3
Madvi,0,3,3
Mädy,0,3,3
Madya,0,3,3
Madycke,0,3,3
Mae-Jeyni,0,3,3
Mae-lin,0,3,3
Mae-Lyn,0,3,3
Maeby,0,3,3
Maeda,3,3,6
Maeden,3,3,6
Maedot,3,3,6
Maeglin,0,3,3
Maél,3,0,3
Máel,3,0,3
Maéla,0,3,3
Maelee,0,3,3
Maelesi,0,3,3
Maeli,0,3,3
Maëliss,0,3,3
Maélys,0,3,3
Maemi,0,3,3
Maeren,3,3,6
Maerian,0,3,3
Maericke,0,3,3
Maerlyn,3,3,6
Maert,3,0,3
Maesan,3,0,3
Maesie,0,3,3
Maeske,0,3,3
Maéve,0,3,3
Maewenn,0,3,3
Maex,3,0,3
Maeyken,0,3,3
Mafo,0,3,3
Mafoudia,0,3,3
Mafu,0,3,3
Magalhaes,3,0,3
Magáli,3,3,6
Magalis,0,3,3
Maganlal,3,3,6
Magarius,3,0,3
Magchel,3,0,3
Magcheline,0,3,3
Magchteld,0,3,3
Magda-Lena,0,3,3
Magdaleno,3,0,3
Magdalia,0,3,3
Magdalie,0,3,3
Magdalon,0,3,3
Magdel,0,3,3
Magdela,0,3,3
Magdelain,0,3,3
Magdeld,0,3,3
Magdeleendert,3,0,3
Magdeliena,0,3,3
Magdhalena,0,3,3
Magdie,3,3,6
Magdiel,3,0,3
Magduska,0,3,3
Mageet,0,3,3
Magèla,0,3,3
Mageretha,0,3,3
Magerrel,0,3,3
Maggarieta,0,3,3
Maggelien,0,3,3
Maggi,0,3,3
Maggia,0,3,3
Magginus,3,0,3
Maghaly,0,3,3
Maghdid,3,3,6
Maghfira,0,3,3
Maghfirah,0,3,3
Magi,3,3,6
Magielda,0,3,3
Magien,0,3,3
Magies,3,0,3
Magil,3,0,3
Magilia,0,3,3
Magitta,0,3,3
Magitte,0,3,3
Magly,0,3,3
Magnel,3,0,3
Magnetha,0,3,3
Magnette,0,3,3
Magnús,3,0,3
Magomed,3,0,3
Magrete,0,3,3
Magrethus,3,0,3
Magrite,0,3,3
Magritt,0,3,3
Magryt,0,3,3
Magta,3,3,6
Maguette,3,3,6
Magui,0,3,3
Magusha,0,3,3
Mahaan,3,0,3
Mahabir,3,0,3
Mahadei,0,3,3
Mahado,0,3,3
Mahai,0,3,3
Mahalet,0,3,3
Mahalo,3,3,6
Mahammad,3,3,6
Maharadjdin,3,3,6
Maharini,0,3,3
Mahassen,0,3,3
Mahassin,0,3,3
Mahayana,0,3,3
Mahde,3,0,3
Mahdevi,0,3,3
Mahdiyar,3,0,3
Mahdiye,0,3,3
Mahe,3,3,6
Mahed,3,0,3
Mahenderkumar,3,0,3
Maheshvari,0,3,3
Mahesvari,0,3,3
Mahfoezoerrahman,3,0,3
Mahfuz,3,0,3
Mahia,0,3,3
Mahid,3,0,3
Mahide,0,3,3
Mahidi,3,0,3
Mahika,0,3,3
Mahil,3,0,3
Mahinaar,0,3,3
Mahinderkoemar,3,0,3
Mahirah,0,3,3
Mahircan,3,0,3
Mahiri,3,0,3
Mahjar,3,0,3
Mahlon,3,0,3
Mahlu,0,3,3
Mahmmoud,3,0,3
Mahmooda,0,3,3
Mahmuud,3,3,6
Mahnaaz,0,3,3
Mahnur,0,3,3
Mahommed,3,0,3
Mahormi,0,3,3
Mahoro,3,3,6
Mahperi,0,3,3
Mahren,0,3,3
Mahrès,0,3,3
Mahrez,3,0,3
Mahrin,0,3,3
Mahrun,0,3,3
Mahrus,3,0,3
Mahtaab,3,3,6
Mahty,3,3,6
Mahuika,0,3,3
Mahwash,0,3,3
Mahzabeen,0,3,3
Mai-Anh,0,3,3
Mai-Ling,0,3,3
Mai-Lis,0,3,3
Maiara,0,3,3
Maib,3,0,3
Maical,3,0,3
Maice,0,3,3
Maicey,0,3,3
Maichail,3,0,3
Maicle,3,0,3
Maicy,0,3,3
Maidie,0,3,3
Maieda,0,3,3
Maigel,3,0,3
Maije,3,0,3
Maijelle,0,3,3
Maijkel,3,0,3
Maijla,0,3,3
Maiju,3,3,6
Maikal,3,0,3
Maikayla,0,3,3
Maikhel,3,0,3
Maikin,3,0,3
Maikl,3,0,3
Mail,3,3,6
Mailah,0,3,3
Mailan,0,3,3
Mailén,0,3,3
Maili,0,3,3
Mailika,0,3,3
Mailisa,0,3,3
Mailly,0,3,3
Mailon,3,0,3
Mailow,3,0,3
Maimoene,0,3,3
Maimoenniesa,0,3,3
Maimoon,3,0,3
Maimun,3,0,3
Maïn,3,0,3
Mainadly,0,3,3
Mainah,0,3,3
Mainayro,3,0,3
Maint,3,0,3
Maio,0,3,3
Maiquel,3,0,3
Mairé,0,3,3
Maìre,0,3,3
Máiréad,0,3,3
Mairel,3,3,6
Mairik,3,0,3
Mairis,0,3,3
Maïron,3,0,3
Mairwen,0,3,3
Mairy,0,3,3
Mais,0,3,3
Maisarah,0,3,3
Maishantheny,0,3,3
Maisheline,0,3,3
Maïssane,0,3,3
Maissara,0,3,3
Maisson,3,0,3
Maîte,0,3,3
Maitê,0,3,3
Maitea,0,3,3
Maiteri,0,3,3
Maitiu,3,0,3
Maïva,0,3,3
Maiven,0,3,3
Maiyo,3,3,6
Maizie,0,3,3
Majadevi,0,3,3
Majadia,0,3,3
Majaliwa,3,3,6
Majandra,0,3,3
Majani,0,3,3
Majanna,0,3,3
Majdolin,0,3,3
Majèl,0,3,3
Majell,0,3,3
Majenka,0,3,3
Majero,3,0,3
Majidah,0,3,3
Majidu,3,0,3
Majj,0,3,3
Majje,3,3,6
Majkel,3,0,3
Majla,0,3,3
Majoeska,0,3,3
Majombe,0,3,3
Majoré,0,3,3
Majorein,0,3,3
Majoretty,0,3,3
Majorica,0,3,3
Majrim,3,3,6
Majuska,0,3,3
Maka,0,3,3
Makagbé,0,3,3
Makaila,0,3,3
Makaïo,3,0,3
Makaja,3,3,6
Makale,0,3,3
Makana,3,3,6
Makavelli,3,0,3
Makaylla,0,3,3
Makayo,3,0,3
Makbüle,0,3,3
Makele,0,3,3
Makene,3,0,3
Makenzy,0,3,3
Makhissa,0,3,3
Makhtar,3,0,3
Makiba,0,3,3
Makida,0,3,3
Makiese,0,3,3
Makiesse,0,3,3
Makiko,0,3,3
Makisha,0,3,3
Makoa,3,3,6
Makobo,3,3,6
Makonnen,3,0,3
Makrina,0,3,3
Maksiem,3,3,6
Maksimovic,3,0,3
Maksoem,3,3,6
Maksud,3,0,3
Maktouba,0,3,3
Maktub,0,3,3
Makuka,3,0,3
Makx,3,0,3
Malach,3,3,6
Malachias,3,0,3
Malagu,3,0,3
Malahat,0,3,3
Malaica,0,3,3
Malakim,3,0,3
Malalay,0,3,3
Malana,0,3,3
Malani,0,3,3
Malania,0,3,3
Malanja,0,3,3
Malar,0,3,3
Malathi,0,3,3
Malati,0,3,3
Malaty,3,3,6
Malaysa,0,3,3
Malchus,3,0,3
Malcon,3,0,3
Maldy,0,3,3
Maléah,0,3,3
Maleeha,0,3,3
Maleëva,0,3,3
Maleha,0,3,3
Maleny,0,3,3
Malesius,3,0,3
Malessa,0,3,3
Malevy,3,3,6
Maleyne,0,3,3
Malger,3,0,3
Malgosia,0,3,3
Malhi,3,0,3
Màlia,0,3,3
Maliç,3,0,3
Malice,3,3,6
Malicka,0,3,3
Malië,0,3,3
Malieck,3,0,3
Malief,0,3,3
Malies,0,3,3
Maligalig,0,3,3
Malijka,0,3,3
Malike,0,3,3
Malikhai,3,0,3
Malikijanus,3,0,3
Màlin,0,3,3
Málin,0,3,3
Malinca,0,3,3
Malinska,0,3,3
Malisca,0,3,3
Malishka,0,3,3
Malisjha,3,3,6
Malisse,0,3,3
Maljaart,3,0,3
Maljaerda,0,3,3
Maljert,3,0,3
Malkah,0,3,3
Malkin,3,0,3
Malkis,3,0,3
Malky,3,3,6
Malleny,0,3,3
Mallisha,0,3,3
Malloney,0,3,3
Mallorey,0,3,3
Mallouka,0,3,3
Maloeska,0,3,3
Malolo,3,3,6
Malone,0,3,3
Maloney,3,0,3
Malory,0,3,3
Malotilaxmi,0,3,3
Malotte,0,3,3
Malouel,3,0,3
Maltidebie,0,3,3
Málu,0,3,3
Malua,0,3,3
Malungo,3,0,3
Maluwa,3,3,6
Maluzeyi,3,3,6
Malven,3,0,3
Malvika,0,3,3
Malwin,3,0,3
Malycia,0,3,3
Malyssia,0,3,3
Malyuun,0,3,3
Malyza,0,3,3
Mam,0,3,3
Mamadoe,3,0,3
Mamai,0,3,3
Mambry,3,0,3
Mambu,3,3,6
Mamdoh,3,0,3
Mamia,0,3,3
Mamona,0,3,3
Mamouna,0,3,3
Mamouska,0,3,3
Mampasi,0,3,3
Màn,0,3,3
Man-Ching,3,3,6
Man-Hee,3,0,3
Man-Ling,0,3,3
Man-Nga,0,3,3
Man-Wai,3,0,3
Man-Yee,0,3,3
Manaaf,3,0,3
Manaise,3,3,6
Manalita,0,3,3
Manam,3,0,3
Manami,0,3,3
Manasé,3,3,6
Manasés,3,0,3
Manasik,0,3,3
Manassa,0,3,3
Manassé,3,3,6
Manasses,3,0,3
Manaswini,0,3,3
Manavi,0,3,3
Manbodh,3,3,6
Manchel,3,0,3
Manchu,3,0,3
Manci,0,3,3
Mand,3,0,3
Mandara,3,3,6
Mandavi,0,3,3
Mandeka,3,3,6
Mandel,3,3,6
Mandelene,0,3,3
Mandelien,0,3,3
Mandeline,0,3,3
Mandella,3,0,3
Manderley,0,3,3
Mandert,3,0,3
Mandes,3,0,3
Mandey,0,3,3
Mandiep,3,3,6
Mandika,0,3,3
Mandina,0,3,3
Mandingo,3,3,6
Mandinka,0,3,3
Mandissa,0,3,3
Mandjana,0,3,3
Mandla,3,0,3
Mandri,0,3,3
Mandu,3,3,6
Manduela,0,3,3
Mandy-Ann,0,3,3
Mandy-Anne,0,3,3
Mandylion,3,3,6
Manech,3,0,3
Maneesh,3,0,3
Maneka,0,3,3
Maneli,0,3,3
Manelitho,3,0,3
Manely,0,3,3
Maneo,3,0,3
Manesa,0,3,3
Manesseh,3,3,6
Manew,3,0,3
Manfrid,3,0,3
Manfriedus,3,0,3
Manfun,3,0,3
Mangara,3,0,3
Mangelaar,3,0,3
Mangelo,3,0,3
Mangely,0,3,3
Mangroe,3,0,3
Manguana,0,3,3
Mangwana,3,0,3
Manhal,3,0,3
Manhattan,3,0,3
Manhl,3,3,6
Manica,0,3,3
Manicad,0,3,3
Manice,0,3,3
Manick,3,3,6
Manieke,0,3,3
Maniël,0,3,3
Maniella,0,3,3
Maniesh,3,0,3
Manijeh,0,3,3
Manijn,0,3,3
Manillo,3,0,3
Maninka,0,3,3
Manirma,0,3,3
Manisah,0,3,3
Manishadebie,0,3,3
Manishika,0,3,3
Manishka,0,3,3
Manishkoemar,3,0,3
Manitou,3,0,3
Maniu,0,3,3
Manjek,3,0,3
Manmohit,3,0,3
Mannaar,0,3,3
Mannan,3,0,3
Manné,3,0,3
Manneke,3,0,3
Mannet,0,3,3
Mannetta,0,3,3
Mannfred,3,0,3
Manniët,0,3,3
Mannik,3,3,6
Mannoa,3,3,6
Mannouch,0,3,3
Mannu,3,0,3
Männy,0,3,3
Manodjkumar,3,0,3
Manoëlle,0,3,3
Manoesca,0,3,3
Manoesjka,0,3,3
Manoij,3,0,3
Manojkoemar,3,0,3
Manok,3,0,3
Manol,3,3,6
Manolla,0,3,3
Manon-Elise,0,3,3
Manon-Yvette,0,3,3
Manonne,0,3,3
Manora,0,3,3
Manorath,3,0,3
Manormadevi,0,3,3
Manosh,3,3,6
Manoubi,3,0,3
Manouchehr,3,0,3
Manouelle,0,3,3
Manouh,0,3,3
Manouka,3,3,6
Manousjka,0,3,3
Manousos,3,0,3
Manoya,0,3,3
Manray,3,0,3
Manrique,3,0,3
Måns,3,0,3
Mansha,0,3,3
Mansia,0,3,3
Mansing,3,0,3
Mansoura,0,3,3
Mansoureh,0,3,3
Manssour,3,0,3
Mansy,3,0,3
Mansyowi,3,0,3
Mantej,3,0,3
Manthe,0,3,3
Manti,3,3,6
Mantis,3,3,6
Manto,3,0,3
Mantra,3,3,6
Mánu,3,0,3
Manù,3,0,3
Manué,3,0,3
Mañuel,3,0,3
Manuéle,0,3,3
Manuelita,0,3,3
Manuk,3,3,6
Manurung,3,3,6
Manush,3,3,6
Manushri,0,3,3
Manushya,0,3,3
Manuwa,3,0,3
Manvia,3,0,3
Manvir,3,0,3
Manwel,3,0,3
Manwinder,3,0,3
Many,3,0,3
Manysha,0,3,3
Manzano,3,0,3
Manzar,0,3,3
Manzoer,3,0,3
Manzur,3,0,3
Maoena,0,3,3
Maomi,0,3,3
Maora,0,3,3
Maoy,0,3,3
MAP,0,3,3
Mapenzi,3,3,6
Maphis,3,0,3
Mapia,0,3,3
Mapje,0,3,3
Mappie,0,3,3
Maqsud,3,3,6
Maquel,3,0,3
Mar-Gré,0,3,3
Mar-Lee,3,3,6
Mar-Lou,0,3,3
Mara-Joy,0,3,3
Mara-Lin,0,3,3
Marabella,0,3,3
Marada,0,3,3
Marae,0,3,3
Maragretha,0,3,3
Maraim,0,3,3
Marais,3,0,3
Maraise,0,3,3
Maraisha,0,3,3
Maralda,0,3,3
Marali,0,3,3
Maralijn,0,3,3
Maralin,0,3,3
Maralynn,0,3,3
Marama,0,3,3
Maranata,0,3,3
Maranco,3,0,3
Marande,0,3,3
Marando,3,0,3
Marani,0,3,3
Marania,0,3,3
Maranja,0,3,3
Marano,3,0,3
Marans,3,3,6
Maranty,0,3,3
Marantz,3,3,6
Maranzano,3,0,3
Maras,3,3,6
Maraug,0,3,3
Marawael,3,3,6
Marawaël,3,0,3
Marawayl,3,0,3
Marayah,0,3,3
Maraysa,0,3,3
Maraz,3,0,3
Marbée,0,3,3
Marbel,0,3,3
Marbette,0,3,3
Marc-Alexander,3,0,3
Marc-Anton,3,0,3
Marc-David,3,0,3
Marc-Hugo,3,0,3
Marc-jan,3,0,3
Marc-Michel,3,0,3
Marc-Philip,3,0,3
Marcabela,0,3,3
Marcaline,0,3,3
Marcar,3,0,3
Marceilla,0,3,3
Marcel-Etienne,3,0,3
Marcel-Peter,3,0,3
Marcelano,3,0,3
Marcelena,0,3,3
Marceli,0,3,3
Marcelieno,3,0,3
Marcelijn,3,0,3
Marcelines,3,0,3
Marcelinio,3,0,3
Marcelke,0,3,3
Marcellia,0,3,3
Marcellinio,3,0,3
Marcellinis,3,0,3
Marcely,0,3,3
Marceo,3,0,3
Marcette,3,0,3
Marchalina,0,3,3
Marchanne,0,3,3
Marchegiani,3,0,3
Marchela,0,3,3
Marchellinus,3,0,3
Marchenna,0,3,3
Marcheny,0,3,3
Marchiela,0,3,3
Marchién,0,3,3
Marchil,3,0,3
Marcho,0,3,3
Marciala,0,3,3
Marciane,0,3,3
Marciani,3,3,6
Marcida,0,3,3
Marciëla,0,3,3
Marciéla,0,3,3
Marciëllo,3,0,3
Marcien,3,3,6
Marcine,0,3,3
Marcino,3,0,3
Marcion,3,0,3
Marcko,3,0,3
Marcley,3,0,3
Marcoena,0,3,3
Marcol,3,3,6
Marcson,3,0,3
Marcu,3,0,3
Marcus-Alexander,3,0,3
Marcyano,3,0,3
Mardan,3,3,6
Mardea,0,3,3
Mardiah,0,3,3
Mardick,3,0,3
Mardieke,0,3,3
Mardijanto,3,0,3
Mardinho,3,0,3
Mardiros,3,0,3
Mardiyah,0,3,3
Mardjana,0,3,3
Mardjantie,0,3,3
Mardji,0,3,3
Mardjum,3,0,3
Mardochée,3,0,3
Mardoeka,0,3,3
Mare-Gré,3,3,6
Mareano,3,0,3
Marechal,3,3,6
Maredith,0,3,3
Mareem,0,3,3
Mareena,0,3,3
Marees,3,3,6
Maregrietha,0,3,3
Mareili,0,3,3
Mareit,0,3,3
Marejanne,0,3,3
Marejelle,0,3,3
Marèk,3,0,3
Mareka,0,3,3
Marélia,0,3,3
Marelinn,0,3,3
Marelke,0,3,3
Màrell,3,3,6
Marello,3,0,3
Marèls,0,3,3
Marelsa,0,3,3
Marelviën,3,0,3
Marelys,0,3,3
Marelyse,0,3,3
Maremca,0,3,3
Mareme,0,3,3
Marén,3,3,6
Marence,0,3,3
Marencka,0,3,3
Marenco,3,0,3
Mařenka,0,3,3
Marènne,0,3,3
Marensi,0,3,3
Marenza,0,3,3
Mareolijn,0,3,3
Marés,0,3,3
Marèscha,0,3,3
Marése,3,3,6
Mareshah,0,3,3
Marey,0,3,3
Marèz,0,3,3
Margalena,0,3,3
Margalliti,0,3,3
Margalvio,3,0,3
Margani,3,0,3
Margareeta,0,3,3
Margaret-Rose,0,3,3
Margarétha,3,3,6
Margaretha-Maria,0,3,3
Margarethis,0,3,3
Margaritès,3,3,6
Margarites,3,0,3
Margaryta,0,3,3
Margay,0,3,3
Margchie,0,3,3
Margeet,0,3,3
Margeeth,0,3,3
Margeja,0,3,3
Margelo,3,0,3
Margen,3,0,3
Margeriethe,0,3,3
Margeriette,0,3,3
Margerritte,0,3,3
Margezina,0,3,3
Marghanita,0,3,3
Margharete,0,3,3
Marghreta,0,3,3
Margijn,0,3,3
Margildis,0,3,3
Margin,0,3,3
Margino,3,0,3
Margolinus,3,0,3
Margorette,0,3,3
Margorie,0,3,3
Margoton,0,3,3
Margrea,0,3,3
Margred,0,3,3
Margree,0,3,3
Margreke,0,3,3
Margrét,0,3,3
Margrétha,0,3,3
Margrieke,0,3,3
Margrithe,0,3,3
Margryta,0,3,3
Margrythe,0,3,3
Marguaretha,0,3,3
Marguárita,0,3,3
Marguda,0,3,3
Marguerit,0,3,3
Marguerite-Marie,0,3,3
Marguéritte,0,3,3
Margureta,0,3,3
Marha,0,3,3
Marhaba,3,3,6
Marhein,3,3,6
Marhén,0,3,3
Marhilde,0,3,3
Marì,0,3,3
Mari-Antonius,3,0,3
Mari-Jane,0,3,3
Mari-Lise,0,3,3
Mariá,0,3,3
Maria-Aleida,0,3,3
Maria-Alexandra,0,3,3
Maria-Antonia,0,3,3
Maria-Assumpta,3,0,3
Maria-Assunta,0,3,3
Maria-Carmen,0,3,3
Maria-Carolina,0,3,3
Maria-Catharina,0,3,3
Maria-Christine,0,3,3
Maria-Claire,0,3,3
Maria-Elise,0,3,3
Maria-Emilia,0,3,3
Maria-Esmeralda,0,3,3
Maria-Gertruda,3,3,6
Maria-Ida,3,3,6
Maria-Janna,0,3,3
Maria-Jose,0,3,3
Maria-Josephine,0,3,3
Maria-Laetitia,0,3,3
Maria-Louis,3,3,6
Maria-Lourdes,0,3,3
Maria-Luise,0,3,3
Maria-Margaretha,0,3,3
Maria-Nella,0,3,3
Maria-Sofia,3,3,6
Maria-Stella,0,3,3
Maria-Susanna,0,3,3
Maria-Theodora,0,3,3
Mariaana,0,3,3
Mariacela,0,3,3
Mariadi,0,3,3
Mariaelena,0,3,3
Mariah-Ann,0,3,3
Marialouise,0,3,3
Mariamme,0,3,3
Mariande,0,3,3
Mariandy,0,3,3
Mariange,0,3,3
Mariangel,0,3,3
Mariangelo,3,3,6
Marianina,0,3,3
Mariánna,0,3,3
Mariannette,0,3,3
Mariannus,3,0,3
Marians,0,3,3
Marianta,0,3,3
Mariantine,0,3,3
Mariantje,0,3,3
Marianto,3,0,3
Mariasha,0,3,3
Mariasol,0,3,3
Mariato,0,3,3
Mariatou,0,3,3
Maribell,0,3,3
Mariča,0,3,3
Mariche,0,3,3
Marichje,0,3,3
Maricilla,0,3,3
Maridin,3,0,3
Maridjo,3,0,3
Maríe,3,3,6
Mariè,0,3,3
Marie-Amélie,0,3,3
Marie-Anette,0,3,3
Marie-Anneke,0,3,3
Marie-Annette,0,3,3
Marie-Antoin,3,3,6
Marie-Antoine,3,3,6
Marie-Antonia,0,3,3
Marie-Bernard,0,3,3
Marie-Blanche,0,3,3
Marie-Cathelijne,0,3,3
Marie-Cecil,0,3,3
Marie-Christiane,0,3,3
Marie-Christianne,0,3,3
Marie-claire,0,3,3
Marie-Claude,0,3,3
Marie-Coline,0,3,3
Marie-Cristine,0,3,3
Marie-Danielle,3,3,6
Marie-Desirée,0,3,3
Marie-Dorothée,0,3,3
Marie-Eliza,0,3,3
Marie-Elze,0,3,3
Marie-Emilie,0,3,3
Marie-Esmiralda,3,3,6
Marie-Eugenie,0,3,3
Marie-Fien,0,3,3
Marie-Georgette,3,3,6
Marie-Ghislain,3,0,3
Marie-Ghislaine,0,3,3
Marie-Hanna,0,3,3
Marie-Helena,0,3,3
Marie-Inge,0,3,3
Marie-Isabelle,0,3,3
Marie-Janke,0,3,3
Marie-Jeane,0,3,3
Marie-Jeanine,0,3,3
Marie-Jetske,0,3,3
Marie-Jetta,0,3,3
Marie-Joan,0,3,3
Marie-Joëlle,0,3,3
Marie-Johanna,0,3,3
Marie-Johanni,0,3,3
Marie-Josepha,0,3,3
Marie-Josephe,0,3,3
Marie-Josette,0,3,3
Marie-Joze,0,3,3
Marie-Katrien,0,3,3
Marie-Kristien,0,3,3
Marie-Lene,0,3,3
Marie-Leonie,0,3,3
Marie-Leontine,0,3,3
Marie-Liese,0,3,3
Marie-Lily,0,3,3
Marie-Linde,0,3,3
Marie-Lisa,0,3,3
Marie-Liza,0,3,3
Marie-Lize,0,3,3
Marie-Loes,0,3,3
Marie-Lowise,0,3,3
Marie-Lucille,0,3,3
Marie-Luz,0,3,3
Marie-Madelaine,0,3,3
Marie-Nelle,0,3,3
Marie-Paulle,0,3,3
Marie-Renee,0,3,3
Marie-Sanne,0,3,3
Marie-Suzan,0,3,3
Marie-Theresia,0,3,3
Marieantje,0,3,3
Mariebeth,0,3,3
Mariecella,0,3,3
Mariegie,0,3,3
Mariejana,0,3,3
Mariejannetje,0,3,3
Marieje,0,3,3
Mariejo,0,3,3
Mariejos,3,0,3
Marieke-Louise,0,3,3
Mariekka,0,3,3
Mariéla,0,3,3
Marièle,0,3,3
Marieli,0,3,3
Marielien,0,3,3
Marielja,0,3,3
Marïelle,0,3,3
Marielon,0,3,3
Marielot,0,3,3
Marielotte,0,3,3
Marielouisa,0,3,3
Marieluise,0,3,3
Mariely,0,3,3
Marielyne,0,3,3
Marielyse,0,3,3
Mariëm,0,3,3
Mariemke,0,3,3
Mariëna,0,3,3
Mariëne,0,3,3
Marienjo,3,0,3
Marienna,0,3,3
Mariens,3,0,3
Marienyo,3,0,3
Marieo,3,0,3
Mariescha,0,3,3
Marieshella,0,3,3
Marièt,0,3,3
Mariétou,0,3,3
Mariètta,3,3,6
Marieva,0,3,3
Mariève,0,3,3
Marievonne,0,3,3
Marifé,0,3,3
Marifleur,0,3,3
Mariflor,0,3,3
Marig,0,3,3
Marigely,0,3,3
Marigtje,0,3,3
Marihuela,0,3,3
Marijanneke,0,3,3
Marije-Louise,0,3,3
Marijgjen,0,3,3
Marijko,3,0,3
Marijkus,3,0,3
Marijlou,0,3,3
Marijndert,3,0,3
Marijnie,0,3,3
Marijnne,0,3,3
Marijonne,0,3,3
Márika,0,3,3
Marikes,3,0,3
Marikke,0,3,3
Marilaeta,0,3,3
Marilayne,0,3,3
Marileate,0,3,3
Marileine,0,3,3
Marileta,0,3,3
Mariley,0,3,3
Marilieke,0,3,3
Marilinn,0,3,3
Marilio,3,0,3
Marilis,3,3,6
Marilke,0,3,3
Marilli,0,3,3
Marillo,3,0,3
Marilly,0,3,3
Marilona,0,3,3
Mariluska,0,3,3
Marilynne,0,3,3
Marilys,0,3,3
Marilze,0,3,3
Marimo,3,0,3
Marincke,0,3,3
Marind,3,0,3
Marindi,3,3,6
Marinell,0,3,3
Marinellie,0,3,3
Maringan,0,3,3
Maringo,3,0,3
Marinje,0,3,3
Marinn,0,3,3
Marinuska,0,3,3
Mariny,0,3,3
Marinya,0,3,3
Mariolijntje,0,3,3
Marionela,0,3,3
Marionetta,0,3,3
Marionna,0,3,3
Marionneke,0,3,3
Mariophilus,3,0,3
Mários,3,0,3
Marious,3,0,3
Mariquinha,0,3,3
Marisen,3,3,6
Marisette,0,3,3
Marishelle,0,3,3
Marisio,3,0,3
Marisola,0,3,3
Marisscha,0,3,3
Marissia,0,3,3
Maritana,0,3,3
Maritchio,3,0,3
Märith,0,3,3
Maritien,0,3,3
Maritio,3,0,3
Marito,3,3,6
Maritz,3,3,6
Mariviano,3,0,3
Marivienne,0,3,3
Marixanne,0,3,3
Mariyano,3,0,3
Mariyanov,3,0,3
Mariyem,0,3,3
Mariz,3,3,6
Mariziana,0,3,3
Marja-Leena,0,3,3
Marjaan,3,3,6
Marjahlaino,3,0,3
Marjanella,0,3,3
Marjannie,0,3,3
Marjate,0,3,3
Marje,0,3,3
Marjeanne,0,3,3
Marjéla,0,3,3
Marjela,0,3,3
Marjelein,0,3,3
Marjeline,0,3,3
Marjelke,0,3,3
Marjèn,0,3,3
Marjente,0,3,3
Marjerie,0,3,3
Marjesse,0,3,3
Marjetka,0,3,3
Marjinke,0,3,3
Marjodien,0,3,3
Marjoesja,0,3,3
Marjoh,3,3,6
Marjoleijne,0,3,3
Marjolèine,0,3,3
Marjolena,0,3,3
Marjoli,0,3,3
Marjonique,0,3,3
Marjonlijn,0,3,3
Marjorein,0,3,3
Marjoren,0,3,3
Marjoriël,0,3,3
Marjosé,0,3,3
Marjot,0,3,3
Marjuka,0,3,3
Mark-Christiaan,3,0,3
Mark-Johan,3,0,3
Mark-Pieter,3,0,3
Mark-Richard,3,0,3
Markela,0,3,3
Markia,0,3,3
Markko,3,0,3
Markovna,0,3,3
Marksdochter,0,3,3
Markus-Jan,3,0,3
Marlana,0,3,3
Marland,3,0,3
Marlano,3,0,3
Marleane,0,3,3
Marleau,0,3,3
Marlée,0,3,3
Marleendert,3,0,3
Marlei,0,3,3
Marleijn,0,3,3
Marleintje,3,3,6
Marlemy,0,3,3
Marléna,0,3,3
Marlencio,3,0,3
Marleo,3,3,6
Marley-Bo,0,3,3
Marley-Dee,3,3,6
Marleya,0,3,3
Marlhene,0,3,3
Marliah,0,3,3
Marliam,3,3,6
Marlianne,0,3,3
Marlicia,0,3,3
Marlide,0,3,3
Marlidy,0,3,3
Marlíe,0,3,3
Marliecke,0,3,3
Marliet,0,3,3
Marlieza,3,3,6
Marlim,3,3,6
Marlindy,0,3,3
Marlion,0,3,3
Marllon,3,0,3
Marloh,3,0,3
Márlon,3,0,3
Marloon,0,3,3
Marlouis,0,3,3
Marlouise,0,3,3
Marluca,3,3,6
Marluce,0,3,3
Marluuke,0,3,3
Marlyna,0,3,3
Marlynda,0,3,3
Marlyze,0,3,3
Marmer,3,3,6
Marnand,3,0,3
Marnau,3,0,3
Marnee,3,3,6
Marnée,3,3,6
Marnelia,0,3,3
Marnell,0,3,3
Marnes,3,0,3
Marnetta,3,3,6
Marney,0,3,3
Marnica,0,3,3
Marnienke,0,3,3
Marniks,3,0,3
Marniq,3,0,3
Marnis,3,3,6
Marnix-Mathijs,3,0,3
Marnus,3,0,3
Maroel,0,3,3
Maroëlla,0,3,3
Maroesia,0,3,3
Maroin,3,0,3
Marolus,3,0,3
Marom,3,3,6
Maronja,0,3,3
Maroon,3,0,3
Marouchia,0,3,3
Marouk,3,3,6
Marouschca,0,3,3
Maroush,0,3,3
Maroussha,0,3,3
Marouzella,0,3,3
Marow,3,0,3
Marquaritha,0,3,3
Marquell,3,0,3
Marquès,3,3,6
Marquese,3,0,3
Márquez,3,0,3
Marquinho,3,0,3
Marquitha,0,3,3
Marr,3,0,3
Marraine,0,3,3
Marregina,0,3,3
Marregtje,0,3,3
Marren,3,3,6
Marrero,3,0,3
Marrêt,0,3,3
Marriane,0,3,3
Marric,3,0,3
Marrie-Anne,0,3,3
Marrie-Nel,0,3,3
Marriejan,0,3,3
Marriek,0,3,3
Marrieta,0,3,3
Marrijanne,0,3,3
Marrijhe,0,3,3
Marrijjanke,0,3,3
Marrijke,0,3,3
Marril,3,3,6
Marrily,0,3,3
Marrilyn,0,3,3
Marrio,3,0,3
Marritha,0,3,3
Marritta,0,3,3
Marrouscha,0,3,3
Marry-Lou,0,3,3
Marryan,0,3,3
Marrydith,0,3,3
Marryel,0,3,3
Marsam,3,0,3
Marsander,3,0,3
Marsanne,0,3,3
Marschall,3,3,6
Marseille,0,3,3
Marseline,0,3,3
Marsellinus,3,0,3
Marsellus,3,0,3
Marsely,0,3,3
Marseria,0,3,3
Marshana,0,3,3
Marshiano,3,0,3
Marsial,3,0,3
Marsidah,0,3,3
Marsija,0,3,3
Marsijem,0,3,3
Marsilia,0,3,3
Marsini,0,3,3
Martanus,3,0,3
Martchen,0,3,3
Marté,3,0,3
Marte-Marie,0,3,3
Marteije,3,0,3
Marteike,0,3,3
Marteley,3,0,3
Marteline,0,3,3
Martelle,0,3,3
Martellus,3,0,3
Martenna,0,3,3
Marternus,3,0,3
Marteun,3,0,3
Marteuntje,0,3,3
Martey,3,0,3
Martez,3,0,3
Martha-Christina,0,3,3
Martha-Louise,0,3,3
Martha-Maria,0,3,3
Marthahanna,0,3,3
Marthalene,0,3,3
Marthaly,0,3,3
Marthan,3,0,3
Marthana,0,3,3
Marthanja,0,3,3
Marthanuel,3,0,3
Martheke,0,3,3
Marthel,3,3,6
Martheno,3,0,3
Marthije,3,0,3
Marthijne,0,3,3
Marthildus,3,0,3
Marthines,3,0,3
Marthisca,0,3,3
Marthuni,3,0,3
Marthys,3,0,3
Martiala,0,3,3
Martian,3,0,3
Martidjah,0,3,3
Martiën,3,0,3
Martieno,3,0,3
Martijn-Jan,3,0,3
Martijn-Sander,3,0,3
Martijn-Willem,3,0,3
Martijnzoon,3,0,3
Martilia,3,3,6
Martimo,3,0,3
Martin-Junior,3,0,3
Martiné,3,3,6
Martine-Louise,0,3,3
Martinèz,3,0,3
Martiniek,0,3,3
Martinio,3,0,3
Martinus-Jan,3,0,3
Mártir,3,0,3
Martise,0,3,3
Martjal,3,0,3
Martjalda,0,3,3
Martjé,0,3,3
Martoine,3,0,3
Martoni,3,0,3
Martrijn,3,3,6
Martrijntje,0,3,3
Martunus,3,0,3
Martwin,3,0,3
Martyria,0,3,3
Maruca,0,3,3
Maruchi,0,3,3
Maruka,0,3,3
Maruly,3,0,3
Maruschca,0,3,3
Marüschka,0,3,3
Maruscka,0,3,3
Maruxa,0,3,3
Marvada,0,3,3
Marvan,3,0,3
Marvana,0,3,3
Marveline,0,3,3
Marvelles,3,0,3
Marves,3,3,6
Marvianella,0,3,3
Marviën,0,3,3
Marviëne,0,3,3
Marvine,3,3,6
Marvinette,0,3,3
Marvion,3,0,3
Marvlee,3,0,3
Marwae,0,3,3
Marwie,0,3,3
Marwieke,0,3,3
Marwim,3,0,3
Marxiano,3,0,3
Mâry,0,3,3
Mary-Alice,0,3,3
Mary-Clair,0,3,3
Mary-Elle,0,3,3
Mary-Els,0,3,3
Mary-Gail,0,3,3
Mary-jane,0,3,3
Mary-Janna,0,3,3
Mary-Joy,0,3,3
Mary-Kate,0,3,3
Mary-Kay,0,3,3
Mary-May,0,3,3
Maryamawit,0,3,3
Maryame,0,3,3
Maryanto,3,0,3
Marybell,0,3,3
Marybella,0,3,3
Marybeth,0,3,3
Marycha,0,3,3
Marydin,0,3,3
Maryël,0,3,3
Maryëlle,0,3,3
Maryellen,0,3,3
Maryenka,0,3,3
Maryenne,0,3,3
Marygold,0,3,3
Maryléne,0,3,3
Marylenne,0,3,3
Marylina,0,3,3
Marylisa,0,3,3
Marylize,0,3,3
Marylke,0,3,3
Marylla,0,3,3
Maryloe,0,3,3
Marylva,0,3,3
Marylynn,0,3,3
Marymar,0,3,3
Marynda,0,3,3
Maryne,0,3,3
Marynka,0,3,3
Maryno,3,0,3
Maryorie,0,3,3
Maryta,0,3,3
Maryte,0,3,3
Marytje,0,3,3
Maryza,0,3,3
Marzenna,0,3,3
Marziah,0,3,3
Marziana,0,3,3
Marzinho,3,0,3
Marzuq,3,0,3
Mas'ud,3,0,3
Masah,0,3,3
Masamba,3,0,3
Masaru,3,0,3
Masaryk,3,0,3
Masashi,3,0,3
Masbal,0,3,3
Maschal,3,3,6
Mascherano,3,0,3
Mascuud,3,0,3
Maseka,3,3,6
Maseray,0,3,3
Mashaira,0,3,3
Mashall,3,3,6
Mashar,3,0,3
Mashel,3,3,6
Mashenka,0,3,3
Mashid,0,3,3
Mashira,0,3,3
Masieh,3,0,3
Masiel,0,3,3
Masiha,0,3,3
Masika,0,3,3
Masinie,0,3,3
Masiullah,3,0,3
Masjha,0,3,3
Maskil,3,3,6
Masliana,0,3,3
Masné,0,3,3
Masoed,3,0,3
Masoeda,0,3,3
Masohi,3,0,3
Masoma,3,3,6
Mason-James,3,0,3
Masooma,0,3,3
Massaï,3,0,3
Massandjé,0,3,3
Massanna,0,3,3
Massaran,0,3,3
Massay,3,0,3
Masse,3,0,3
Masselina,0,3,3
Massiah,3,3,6
Massiena,0,3,3
Massihpersad,3,0,3
Massilia,0,3,3
Massimiliana,0,3,3
Massimina,0,3,3
Massinisa,3,0,3
Massiollah,3,0,3
Massira,0,3,3
Massirah,0,3,3
Massius,3,0,3
Massiva,0,3,3
Massouda,0,3,3
Mastan,0,3,3
Masterson,3,0,3
Masti,0,3,3
Mastia,0,3,3
Mastura,0,3,3
Masty,0,3,3
Masu,0,3,3
Masyori,0,3,3
Masz,3,0,3
Masza,0,3,3
Maszelina,0,3,3
Matab,0,3,3
Matachel,3,0,3
Matari,3,3,6
Matascha,0,3,3
Matasja,0,3,3
Matau,3,0,3
Matciano,3,0,3
Matean,3,0,3
Matee,3,0,3
Matene,0,3,3
Matengi,0,3,3
Mateos,3,0,3
Mateu,3,0,3
Mathais,3,0,3
Mathal,3,3,6
Mathana,0,3,3
Matharu,3,0,3
Mathè,3,0,3
Mathees,3,0,3
Matheï,3,3,6
Matheia,0,3,3
Mathel,3,3,6
Mathelda,0,3,3
Mathera,0,3,3
Matherna,0,3,3
Matheson,3,3,6
Matheun,3,0,3
Matheùs,3,0,3
Mathian,3,0,3
Mathiano,3,0,3
Mathice,3,0,3
Mathiëlla,0,3,3
Mathieuw,3,0,3
Mathiez,3,0,3
Mathijm,3,0,3
Mathijssen,3,0,3
Mathisca,0,3,3
Mathise,3,0,3
Mathiske,0,3,3
Mathulus,3,0,3
Mathura,3,3,6
Mathurin,3,0,3
Mathusa,0,3,3
Mathusha,0,3,3
Matiás,3,0,3
Matiaz,3,0,3
Matijnus,3,0,3
Matild,0,3,3
Matildis,0,3,3
Matja,0,3,3
Matjan,3,0,3
Matlin,0,3,3
Matloub,3,0,3
Matouš,3,0,3
Matra,0,3,3
Matred,0,3,3
Matrena,0,3,3
Matrijn,0,3,3
Matsi,0,3,3
Matske,0,3,3
Mattana,3,3,6
Mattania,3,3,6
Mattànja,0,3,3
Matteús,3,0,3
Mattey,3,0,3
Matthaios,3,0,3
Matthanya,0,3,3
Matthëa,0,3,3
Mattheaus,3,0,3
Mattheeuwis,3,0,3
Mattheos,3,0,3
Matthes,3,0,3
Mattheûs,3,0,3
Matthewis,3,0,3
Matthieux,3,0,3
Matthijes,3,0,3
Matthijs-Alexander,3,0,3
Matthijsa,0,3,3
Matthijus,3,0,3
Matthios,3,0,3
Matthís,3,0,3
Matthja,0,3,3
Matthyas,3,0,3
Mattien,3,0,3
Mattij,0,3,3
Mattinja,0,3,3
Mattiny,0,3,3
Mattisse,3,3,6
Matulandi,3,0,3
Matwah,3,3,6
Matya,0,3,3
Matyáš,3,0,3
Matyika,3,3,6
Matze,3,0,3
Mauad,3,0,3
Maubert,3,0,3
Mauda,0,3,3
Maudey,0,3,3
Maudien,0,3,3
Maudlyn,0,3,3
Maudreen,0,3,3
Mauï,3,3,6
Mauka,3,3,6
Maumat,3,0,3
Mauna,0,3,3
Maurain,0,3,3
Mauraine,0,3,3
Mauranne,0,3,3
Maurée,0,3,3
Maureena,0,3,3
Maurelia,0,3,3
Maurentia,3,3,6
Mauretius,3,3,6
Mauriana,0,3,3
Maurich,3,0,3
Mauriek,3,3,6
Mauriliers,3,0,3
Maurillio,3,0,3
Maurique,3,0,3
Maurisette,0,3,3
Maurisius,3,0,3
Mauritha,0,3,3
Mauritiano,3,0,3
Mauritsa,0,3,3
Mauritso,3,0,3
Maurize,0,3,3
Maurizia,0,3,3
Màuro,3,0,3
Mauron,3,0,3
Maurya,0,3,3
Mauryse,0,3,3
Mausam,0,3,3
Mauzo,3,3,6
Mava,3,3,6
Mavado,3,0,3
Mavel,0,3,3
Maven,3,3,6
Mavinda,3,0,3
Mavji,3,0,3
Mavourneen,0,3,3
MAW,3,3,6
Mawarni,0,3,3
Mawete,0,3,3
Mawi,0,3,3
Mawouna,3,3,6
Mawuko,3,0,3
Mawunyo,3,0,3
Mawuse,3,3,6
Mawusse,0,3,3
Max-Alexander,3,0,3
Max-Imilian,3,0,3
Max-Julian,3,0,3
Max-Lynn,0,3,3
Max-Marie,0,3,3
Max-Milan,3,0,3
Maxander,3,0,3
Maxcentius,3,0,3
Maxella,0,3,3
Maxem,3,0,3
Maxen,3,0,3
Maxene,0,3,3
Maxiene,0,3,3
Màxime,0,3,3
Máxime,0,3,3
Maximianus,3,0,3
Maximiliaen,3,0,3
Maximilianos,3,0,3
Maximiliën,3,0,3
Maximiliënne,0,3,3
Maximillano,3,0,3
Maximilliam,3,0,3
Maximilliane,0,3,3
Maximovich,3,0,3
Maxirelvo,3,0,3
Maxlin,3,0,3
Maxou,3,3,6
Maxus,3,0,3
Maxxim,3,0,3
Maxyme,0,3,3
Maxymilian,3,0,3
Maxyne,0,3,3
May-britt,0,3,3
May-Rose,0,3,3
Maya-Devi,0,3,3
Mayaa,0,3,3
Mayadewi,0,3,3
Mayall,3,3,6
Mayalu,0,3,3
Mayamin,0,3,3
Mayandra,0,3,3
Mayani,0,3,3
Mayank,3,0,3
Mayanka,0,3,3
Mayann,0,3,3
Mayanti,0,3,3
Mayari,3,3,6
Maybrid,0,3,3
Mayc,3,0,3
Mayceo,3,0,3
Mayci,0,3,3
Mayen,3,3,6
Mayenna,0,3,3
Mayerlyn,0,3,3
Mayert,3,0,3
Mayfa,0,3,3
Mayinti,0,3,3
Mayir,3,0,3
Mayja,0,3,3
Maykina,0,3,3
Maykol,3,0,3
Maylanie,0,3,3
Maylèn,0,3,3
Mayliah,0,3,3
Maylien,0,3,3
Maylinda,0,3,3
Maylinde,0,3,3
Maylinn-Rose,0,3,3
Maylise,0,3,3
Maylou,0,3,3
Maylu,0,3,3
Mayly,0,3,3
Maymana,0,3,3
Mayme,0,3,3
Maymoun,3,0,3
Maymounah,0,3,3
Maymuun,0,3,3
Maynur,0,3,3
Mayoni,0,3,3
Mayorga,0,3,3
Mayou,0,3,3
Mayoumi,0,3,3
Mayra-Alejandra,0,3,3
Mayreau,0,3,3
Mayree,0,3,3
Mayreen,0,3,3
Mayrel,0,3,3
Mayrell,0,3,3
Mayrena,0,3,3
Mayrhen,3,0,3
Mayris,0,3,3
Maysaan,0,3,3
Maysha,0,3,3
Maysia,0,3,3
Maysoen,0,3,3
Mayson-James,3,0,3
Maysour,3,0,3
Maytham,3,0,3
Mayuran,3,0,3
Mayurika,0,3,3
Mayvano,3,0,3
Mayve,0,3,3
Mayvi,0,3,3
Mayvin,3,3,6
Maywen,0,3,3
Mazanga,3,3,6
Mazda,0,3,3
Mazèda,0,3,3
Mazem,3,0,3
Mazid,3,0,3
Mazine,3,0,3
Mazurka,0,3,3
Mazyar,3,0,3
Mazzarine,0,3,3
Mazzel,0,3,3
Mbabazi,0,3,3
Mbalia,0,3,3
Mbayang,0,3,3
Mbele,3,3,6
Mbenza,3,3,6
Mbo,3,3,6
Mbongeni,3,0,3
Mbumba,0,3,3
Mbutakey,3,3,6
McConnell,3,0,3
McCoy,3,0,3
McCutcheon,3,0,3
McDonald,3,0,3
Mcdonald,3,0,3
McEwan,3,0,3
Mchezi-Maria,0,3,3
Mckaela,0,3,3
McKay,3,0,3
Mckay,3,0,3
McKendra,0,3,3
Mckenzy,0,3,3
McPherson,3,0,3
McQueen,3,3,6
MCW,0,3,3
Me'va,0,3,3
Méabh,0,3,3
Meaghen,0,3,3
Mealan,3,0,3
Meandra,0,3,3
Mearten,3,0,3
Meaux,3,0,3
Meavey,3,0,3
Meavis,0,3,3
Mébrit,0,3,3
Mebruke,0,3,3
Mecelina,0,3,3
Meceo,3,0,3
Mecheld,0,3,3
Méchelle,0,3,3
Mechielda,0,3,3
Mechlena,0,3,3
Mechliene,0,3,3
Mechtelena,0,3,3
Mechtilt,0,3,3
Mechtrudis,0,3,3
Meci,0,3,3
Meçida,0,3,3
Mecitcan,3,0,3
Mecnun,3,0,3
Mecra,0,3,3
Meddo,3,0,3
Meddox,3,0,3
Medéa,0,3,3
Médea,0,3,3
Mèdea,0,3,3
Medee,0,3,3
Medeia,0,3,3
Medellin,0,3,3
Medely,0,3,3
Medelyn,0,3,3
Medes,3,0,3
Media,0,3,3
Médine,0,3,3
Medinella,0,3,3
Medinenur,0,3,3
Medis,3,0,3
Medith,0,3,3
Medjai,3,3,6
Mee-Kee,0,3,3
Mee-Li,0,3,3
Mee-Yee,0,3,3
Meeis,3,3,6
Meeles,3,0,3
Meema,0,3,3
Meemtina,0,3,3
Meenakshee,0,3,3
Meenakumarie,0,3,3
Meere,0,3,3
Meereke,0,3,3
Meerie,0,3,3
Meerjan,0,3,3
Meertend,3,0,3
Meerwijk,3,0,3
Meese,3,0,3
Meeta,0,3,3
Meeuwens,3,0,3
Meeuwezina,0,3,3
Meeuwin,3,0,3
Meeuwisiena,0,3,3
Meeuws,3,0,3
Meeuwus,3,0,3
Meewes,3,0,3
Mefail,3,0,3
Mefaret,0,3,3
Mefkure,0,3,3
Megan-Rose,0,3,3
Megann,0,3,3
Megara,0,3,3
Megcheliena,0,3,3
Megdalena,0,3,3
Megga,0,3,3
Meggelien,0,3,3
Meggelinus,3,0,3
Megha,0,3,3
Mèghan,0,3,3
Meghana,0,3,3
Meghel,0,3,3
Megheline,0,3,3
Meghiline,0,3,3
Megid,3,0,3
Mégin,3,3,6
Megisa,0,3,3
Meglin,0,3,3
Megrieta,0,3,3
Megtild,3,3,6
Megtildus,3,0,3
Meguel,3,0,3
Mehamed,3,0,3
Mehammed,3,0,3
Mehan,3,0,3
Mehanny,3,0,3
Mehawed,3,0,3
Mèhdi,3,0,3
Mehdí,3,0,3
Mehdihan,3,0,3
Mehdiye,0,3,3
Mehedi,3,3,6
Mehelia,0,3,3
Meherunisha,0,3,3
Mehetabel,0,3,3
Mehik,0,3,3
Mehinderkoemar,3,0,3
Mehindre,3,0,3
Mehl,3,3,6
Mehmedalija,3,0,3
Mehmedhan,3,0,3
Mehmedova,0,3,3
Mehmetemin,3,0,3
Mehndi,0,3,3
Meho,3,0,3
Mehrad,3,0,3
Mehret,0,3,3
Mehrja,0,3,3
Mehroennisa,0,3,3
Mehtaab,3,3,6
Mehul,3,0,3
Méi,0,3,3
Mèi,0,3,3
Mei-An,0,3,3
Mei-li,0,3,3
Mei-ling,0,3,3
Mei-Po,0,3,3
Mei-Yan,0,3,3
Meïa,0,3,3
Meico,3,0,3
Meida,0,3,3
Meidinga,3,0,3
Meihua,0,3,3
Meijken,0,3,3
Meijn,3,0,3
Meijno,0,3,3
Meikel,3,0,3
Meiken,0,3,3
Meilana,0,3,3
Meilany,0,3,3
Meilau,0,3,3
Meilina,0,3,3
Meilinde,0,3,3
Meille,0,3,3
Meimei,0,3,3
Meinalda,0,3,3
Meinarde,0,3,3
Meinbert,3,0,3
Meinda,0,3,3
Meindericus,3,0,3
Meindertina,0,3,3
Meindertjan,3,0,3
Meinegonda,0,3,3
Meinette,0,3,3
Meinharddina,0,3,3
Meinigje,0,3,3
Meinina,0,3,3
Meinja,0,3,3
Meinnardus,3,0,3
Meintdine,0,3,3
Meintien,0,3,3
Meintjan,3,0,3
Meio,3,0,3
Mêir,3,0,3
Meirien,3,0,3
Meisa,0,3,3
Meishan,0,3,3
Meisina,0,3,3
Meiskina,0,3,3
Meissa,0,3,3
Meisse,0,3,3
Meissel,3,0,3
Meit,0,3,3
Meitha,0,3,3
Meithy,0,3,3
Meiwand,3,0,3
Meixuan,0,3,3
Meiyin,0,3,3
Meiying,0,3,3
Meiyu,0,3,3
Mej,0,3,3
Mejenne,0,3,3
Mejnun,3,0,3
Mejrem,0,3,3
Mejrima,0,3,3
Meka,0,3,3
Mekay,3,0,3
Mekdad,3,0,3
Mekhai,3,0,3
Mekhaiel,3,3,6
Mekin,3,0,3
Meklit,0,3,3
Mektoub,3,0,3
Meky,0,3,3
Méla,0,3,3
Melaak,0,3,3
Melaher,0,3,3
Melaida,0,3,3
Melain,0,3,3
Melaisa,0,3,3
Melake,3,3,6
Melancliton,3,3,6
Melando,3,0,3
Melandri,3,0,3
Melánia,0,3,3
Mélania,0,3,3
Mêlanie,0,3,3
Melanié,0,3,3
Melanieke,0,3,3
Melaniya,0,3,3
Melanne,0,3,3
Mélano,3,0,3
Melantha,0,3,3
Melanthé,0,3,3
Melattie,0,3,3
Melayna,0,3,3
Melaysa,0,3,3
Melbert,3,0,3
Melbo,3,3,6
Melbourne,3,3,6
Melchiada,0,3,3
Melchio,3,0,3
Melchiorina,3,3,6
Melchiorre,3,0,3
Melcianus,3,0,3
Melco,3,0,3
Melcon,3,0,3
Meldina,0,3,3
Meleachi,3,0,3
Melecio,3,0,3
Meleese,0,3,3
Mélène,0,3,3
Melenia,0,3,3
Mèlenie,0,3,3
Melenka,0,3,3
Melesse,0,3,3
Meleya,0,3,3
Melfi,0,3,3
Melfrid,3,0,3
Melfried,3,0,3
Melgalvio,3,0,3
Melgje,0,3,3
Melianna,0,3,3
Melicha,0,3,3
Mélida,0,3,3
Melihkaan,3,0,3
Melihsah,3,3,6
Melija,0,3,3
Melijaan,3,0,3
Melijne,0,3,3
Melikah,0,3,3
Melikhan,3,0,3
Melikles,3,0,3
Mèlina,0,3,3
Melína,0,3,3
Mélinde,0,3,3
Melindo,3,0,3
Melino,3,0,3
Melior,3,0,3
Meliora,0,3,3
Melisander,0,3,3
Melischa,0,3,3
Mèlissa,0,3,3
Melissa-Jane,0,3,3
Melitana,0,3,3
Melitcio,3,0,3
Meliton,3,0,3
Meliyha,3,3,6
Melja,0,3,3
Meljana,0,3,3
Melké,3,0,3
Melkior,3,0,3
Mèllanie,0,3,3
Mellannie,0,3,3
Mellardus,3,0,3
Mellatti,0,3,3
Mellechina,0,3,3
Melledi,0,3,3
Mellena,0,3,3
Melleney,0,3,3
Mellery,0,3,3
Mellifica,0,3,3
Mellinde,0,3,3
Mellise,0,3,3
Mellisha,0,3,3
Mellita,0,3,3
Melliz,0,3,3
Mellodie,0,3,3
Mellyar,3,0,3
Meloah,0,3,3
Melodee,0,3,3
Melodié,0,3,3
Melody-Rose,0,3,3
Meloeda,0,3,3
Melonda,0,3,3
Meloney,0,3,3
Melor,3,0,3
Melore,0,3,3
Melory,0,3,3
Melosina,0,3,3
Mélou,0,3,3
Melouda,0,3,3
Melowdy,0,3,3
Melpomene,0,3,3
Melquisedec,3,0,3
Mélu,0,3,3
Melucia,0,3,3
Meluda,0,3,3
Melusca,0,3,3
Mélusine,0,3,3
Melvanio,3,0,3
Melvi,3,0,3
Melvie,3,3,6
Melviénne,0,3,3
Melvinho,3,0,3
Melvion,3,0,3
Melvrin,3,0,3
Melvy,3,3,6
Melvynn,3,0,3
Melwill,3,0,3
Melya,0,3,3
Melyano,3,0,3
Melycha,0,3,3
Melyha,0,3,3
Melyn,0,3,3
Melynn,0,3,3
Melze,0,3,3
Melzina,0,3,3
Mem,0,3,3
Mema,0,3,3
Mémée,0,3,3
Memeh,3,3,6
Memko,3,0,3
Memmes,3,0,3
Memnuniye,0,3,3
Memo,3,0,3
Memona,0,3,3
Memont,0,3,3
Memoona,0,3,3
Memount,0,3,3
MEN,0,3,3
Men-Yi,0,3,3
Ména,0,3,3
Menahem,3,0,3
Menaka,0,3,3
Menaldo,3,0,3
Menaldus,3,0,3
Menander,3,0,3
Menaouar,3,0,3
Menas,0,3,3
Mencia,0,3,3
Mencko,3,0,3
Mend,3,0,3
Mendaly,0,3,3
Mendaye,0,3,3
Mendela,0,3,3
Mendeltje,0,3,3
Mendely,0,3,3
Mendert,3,0,3
Mendon,3,0,3
Mendres,3,0,3
Menduf,3,0,3
Mendufa,0,3,3
Menduha,0,3,3
Meneksa,0,3,3
Menekşenur,0,3,3
Menelio,3,0,3
Menes,0,3,3
Menesa,0,3,3
Menese,0,3,3
Menevse,0,3,3
Mengalcio,3,0,3
Mengestab,3,3,6
Mengsteab,3,3,6
Menh,0,3,3
Menhaj,3,3,6
Menishkumar,3,0,3
Menkafina,0,3,3
Menker,3,0,3
Menkie,0,3,3
Menkje,0,3,3
Menley,3,3,6
Menmune,0,3,3
Mennaldina,0,3,3
Mennard,3,0,3
Mennekus,3,0,3
Mennelt,3,0,3
Mennely,0,3,3
Mennery,3,0,3
Mennetta,0,3,3
Mennon,3,0,3
Mennouch,0,3,3
Menodora,0,3,3
Menoecha,0,3,3
Menoj,3,0,3
Menong,0,3,3
Menou,3,3,6
Menouch,0,3,3
Menrieke,0,3,3
Menro,3,0,3
Mensienus,3,0,3
Mensolina,0,3,3
Menszo,3,0,3
Mentinus,3,0,3
Menuhin,3,0,3
Menura,0,3,3
Méo,3,0,3
Méon,3,0,3
Meona,0,3,3
Meoni,3,3,6
Meraaj,3,0,3
Meraal,0,3,3
Meradith,0,3,3
Meraf,0,3,3
Meraiah,3,3,6
Merak,3,3,6
Méral,0,3,3
Merald,3,0,3
Meram,3,3,6
Méranda,0,3,3
Mèranne,0,3,3
Merante,0,3,3
Merantina,0,3,3
Mérantine,0,3,3
Merardo,3,0,3
Meraux,3,3,6
Merceda,0,3,3
Mercedeh,0,3,3
Mercedés,3,3,6
Mércedès,0,3,3
Mercedia,0,3,3
Mercedis,0,3,3
Mercedus,0,3,3
Merceille,0,3,3
Mercellinus,3,0,3
Merchi,0,3,3
Merchjo,3,0,3
Mercke,3,3,6
Mercus,3,0,3
Merdali,3,0,3
Merdine,0,3,3
Merdith,0,3,3
Merdy,3,0,3
Merea,0,3,3
Mereci,0,3,3
Mered,0,3,3
Mèredith,0,3,3
Meredithe,0,3,3
Meredydd,3,0,3
Mereije,0,3,3
Mereine,0,3,3
Merél,0,3,3
Merel-Anne,0,3,3
Merel-Marlijn,0,3,3
Merelien,0,3,3
Merelle,0,3,3
Mereltje,0,3,3
Merena,0,3,3
Merenque,0,3,3
Merente,0,3,3
Merenthe,0,3,3
Mereyem,0,3,3
Merfyn,3,0,3
Mergardis,3,3,6
Mergen,3,0,3
Merghery,0,3,3
Mergina,0,3,3
Mergitte,0,3,3
Mergjen,0,3,3
Merhan,3,0,3
Meriadoc,3,0,3
Meriame,0,3,3
Merianka,0,3,3
Mériel,0,3,3
Merielle,0,3,3
Merïem,0,3,3
Meriën,0,3,3
Merienke,0,3,3
Merijan,0,3,3
Merijana,0,3,3
Merijem,0,3,3
Merijnes,3,0,3
Merilin,0,3,3
Merilva,0,3,3
Merilynn,0,3,3
Merinho,3,0,3
Merinio,3,0,3
Merinte,0,3,3
Merio,3,3,6
Merion,0,3,3
Mérion,0,3,3
Meriya,0,3,3
Meriyah,0,3,3
Meriyen,0,3,3
Merjo,3,3,6
Merlé,0,3,3
Merle-Sophie,0,3,3
Merlée,0,3,3
Merleine,0,3,3
Merleyson,3,0,3
Merli,0,3,3
Merliah,0,3,3
Merlieke,0,3,3
Merlienke,0,3,3
Mèrlin,0,3,3
Merlín,3,0,3
Merlinus,3,0,3
Merlize,0,3,3
Mermet,3,3,6
Mernephta,3,0,3
Meroë,3,3,6
Merol,0,3,3
Meroline,0,3,3
Merony,3,3,6
Merope,0,3,3
Meropi,0,3,3
Merova,0,3,3
Meroy,3,0,3
Merphin,3,0,3
Merquin,3,0,3
Merralice,0,3,3
Merre,3,3,6
Merrell,3,3,6
Merrely,0,3,3
Merri,0,3,3
Merriel,3,0,3
Merron,3,0,3
Merrylin,0,3,3
Merryll,3,3,6
Mersedes,0,3,3
Merseline,0,3,3
Merselino,3,0,3
Merselita,0,3,3
Mersiha,0,3,3
Mersina,0,3,3
Mertay,3,0,3
Mertel,3,0,3
Merton,3,0,3
Merugia,0,3,3
Mervat,3,3,6
Mervedie,3,3,6
Merveline,0,3,3
Mervil,3,0,3
Mervill,3,3,6
Mervine,0,3,3
Mervinio,3,0,3
Mervyll,3,0,3
Mervynn,3,0,3
Merwen,3,0,3
Merwig,3,0,3
Merwijn,3,0,3
Mery-An,0,3,3
Merya,0,3,3
Meryemana,0,3,3
Meryon,0,3,3
Merys,3,3,6
Merzouk,3,0,3
Mésak,3,0,3
Mescal,3,3,6
Mescha,0,3,3
Mese,3,0,3
Mesfin,3,3,6
Mesgina,3,0,3
Mesia,3,3,6
Meslina,0,3,3
Mesra,0,3,3
Mesrure,0,3,3
Messac,3,0,3
Messak,3,0,3
Messan,3,0,3
Messaouda,0,3,3
Messela,3,3,6
Messoud,3,0,3
Messut,3,0,3
Mestafa,3,0,3
Mesüt,3,0,3
Méta,0,3,3
Metasebia,0,3,3
Metchel,3,0,3
Metdi,3,0,3
Mète,3,0,3
Metecan,3,0,3
Meterna,0,3,3
Methe,0,3,3
Methina,0,3,3
Methini,0,3,3
Methinus,3,0,3
Methodios,3,0,3
Methusalem,3,0,3
Metincan,3,0,3
Metjan,3,0,3
Metly,0,3,3
Metodi,3,0,3
Metredora,0,3,3
Metreveli,3,0,3
Metrodora,0,3,3
Mettemarie,0,3,3
Metthe,0,3,3
Mettheus,3,0,3
Metthiena,0,3,3
Metthilde,0,3,3
Mettijn,3,0,3
Mettines,3,0,3
Mettus,3,0,3
Metus,3,0,3
Metwalli,3,3,6
Metwally,3,0,3
Metwina,0,3,3
Mety,0,3,3
Mève,0,3,3
Mevey,3,3,6
Mevies,0,3,3
Mevius,3,0,3
Mevla,0,3,3
Mevlan,3,3,6
Mevlana,3,3,6
Mevlâna,3,0,3
Mevlidiye,0,3,3
Mevlüdiye,0,3,3
Mewa,0,3,3
Mewael,3,0,3
Mewan,3,0,3
Mewanda,0,3,3
Mewish,0,3,3
Mexès,3,0,3
Mexs,3,3,6
Mexxim,3,3,6
Mexximiliaan,3,0,3
Mexxine,0,3,3
Mexxlin,0,3,3
Meyah,0,3,3
Meydan,3,0,3
Meyerse,3,0,3
Meylie,0,3,3
Meylim,0,3,3
Meylof,3,0,3
Meyltje,0,3,3
Meymune,0,3,3
Meyn,3,0,3
Meynarda,0,3,3
Meynardt,3,0,3
Meynie,0,3,3
Meynou,0,3,3
Meyns,3,0,3
Meysah,0,3,3
Meysen,0,3,3
Mezdi,3,0,3
Meze,3,3,6
Mezen,3,0,3
Mezgin,0,3,3
Mezher,3,3,6
MFM,3,3,6
MGA,3,3,6
Mgbeowu,0,3,3
MGC,3,3,6
MGJ,0,3,3
MGL,3,3,6
MGT,0,3,3
Mhamad,3,0,3
Mhand,3,0,3
Mherovich,3,0,3
MHG,0,3,3
MHP,3,3,6
MHW,3,3,6
Mi-Cha,0,3,3
Mi-Jeanely,0,3,3
Mi-lou,0,3,3
Mia-Elle,0,3,3
Mia-Lynn,0,3,3
Miam,0,3,3
Mianca,0,3,3
Miangela,0,3,3
Miangely,0,3,3
Mianica,0,3,3
Mianna,0,3,3
Mianta,0,3,3
Mianti,0,3,3
Miáo,0,3,3
Miapra,0,3,3
Miarleen,0,3,3
Miasoties,0,3,3
Miati,0,3,3
Miatta,0,3,3
Miaz,3,0,3
Micá,0,3,3
Micaya,3,0,3
Micayon,3,0,3
Micczyslaw,3,0,3
Micha-el,3,0,3
Micha-Joël,3,0,3
Michaêl,3,0,3
Michaël-Alexander,3,0,3
Michael-Alexander,3,0,3
Michaël-Angelo,3,0,3
Michael-Joey,3,0,3
Michael-Jordan,3,0,3
Michael-Lee,3,0,3
Michaëlangelo,3,0,3
Michaëlda,0,3,3
Michaëlia,0,3,3
Michaeline,0,3,3
Michaëllina,0,3,3
Michaelo,3,0,3
Michaelovna,0,3,3
Michaëlszoon,3,0,3
Michaiel,3,0,3
Michaila,0,3,3
Michailis,3,3,6
Michailovitsj,3,0,3
Michalena,0,3,3
Michalle,3,3,6
Michantly,3,0,3
Michardo,3,0,3
Micharo,3,0,3
Michayra,0,3,3
Michayro,3,0,3
Michea,3,3,6
Michëal,3,0,3
Micheäl,3,0,3
Micheäla,0,3,3
Michealangelo,3,0,3
Michealla,0,3,3
Michealle,0,3,3
Micheas,3,3,6
Michel-Antoine,3,0,3
Michel-Willem,3,0,3
Michelaine,0,3,3
Michelanchelo,3,0,3
Michelangello,3,0,3
Michelau,3,0,3
Michelenah,0,3,3
Micheleny,0,3,3
Micheley,0,3,3
Michelia,0,3,3
Michèll,3,3,6
Michëlla,0,3,3
Michellangelo,3,0,3
Michelliana,0,3,3
Michelsina,0,3,3
Michely,0,3,3
Michèn,3,0,3
Michendell,3,0,3
Michentley,3,0,3
Michette,0,3,3
Michey,3,3,6
Michgiel,3,0,3
Michièl,3,0,3
Michiëla,0,3,3
Michiële,0,3,3
Michielius,3,0,3
Michièlla,0,3,3
Michielse,3,0,3
Michor,3,0,3
Michotte,0,3,3
Michyl,3,0,3
Mickela,0,3,3
Mickell,3,0,3
Micko,3,0,3
Mickwell,3,0,3
Mićo,3,0,3
Micolay,3,0,3
Micquël,3,0,3
Micraj,3,3,6
Midgie,0,3,3
Midheta,0,3,3
Midi,3,3,6
Midissia,0,3,3
Midjan,3,0,3
Midly,0,3,3
Midya,0,3,3
Miechaela,0,3,3
Miechèl,3,0,3
Mieja,0,3,3
Mieka'iel,3,0,3
Miekje,0,3,3
Mieko,0,3,3
Miekske,0,3,3
Mieky,0,3,3
Miele,0,3,3
Mielke,3,3,6
Miella,0,3,3
Miëlle,0,3,3
Mieloe,0,3,3
Miemie,0,3,3
Mienakshi,0,3,3
Mienasha,0,3,3
Mieni,0,3,3
Mienona,0,3,3
Mienta,0,3,3
Mientjie,0,3,3
Mientsje,0,3,3
Mieppie,0,3,3
Mieraf,3,3,6
Mieraja,0,3,3
Mierco,3,0,3
Mierelva,0,3,3
Mieriea,0,3,3
Mierije,0,3,3
Mies-Marie,0,3,3
Miesche,0,3,3
Miesella,0,3,3
Miesna,0,3,3
Mietji,0,3,3
Mietra,0,3,3
Mietsje,0,3,3
Miëtta,0,3,3
Miètte,0,3,3
Miety,0,3,3
Migabi,0,3,3
Migaèl,3,0,3
Migaela,0,3,3
Migala,0,3,3
Miganda,0,3,3
Migarda,0,3,3
Migél,3,0,3
Migermelino,3,0,3
Migeul,3,0,3
Migisa,0,3,3
Mignet,0,3,3
Mignonette,0,3,3
Mignound,3,0,3
Miguel-Angela,0,3,3
Miguele,3,3,6
Miguelino,3,0,3
Miguello,3,0,3
Miguelo,3,0,3
Miguette,0,3,3
Miguil,3,0,3
Miguitte,0,3,3
Mihaily,0,3,3
Mihal,3,0,3
Mihan,3,3,6
Mihir,3,0,3
Mihnea,3,0,3
Miho,0,3,3
Mihret,0,3,3
Mihrisah,0,3,3
Mihriye,0,3,3
Mihtat,3,0,3
Miia,0,3,3
Miikka,3,0,3
Miina,0,3,3
Mijanne,0,3,3
Mijanus,3,0,3
Mijarca,0,3,3
Mijat,3,0,3
Mijcke,0,3,3
Mijk,3,0,3
Mijken,0,3,3
Mijlène,0,3,3
Mijmoena,0,3,3
Mijnanda,0,3,3
Mijneke,0,3,3
Mijnert,3,0,3
Mijneveld,3,0,3
Mijnhard,3,0,3
Mijnko,3,0,3
Mijnlief,3,0,3
Mijnoutje,0,3,3
Mijntina,0,3,3
Mijriam,0,3,3
Mijrthe,0,3,3
Mijsine,0,3,3
Mijwand,3,0,3
Mikaa'iel,3,0,3
Mikaail,3,0,3
Mikäela,0,3,3
Mikalai,3,0,3
Mikayeel,3,0,3
Mikayleigh,0,3,3
Mikaylo,3,0,3
Mike-Jan,3,0,3
Mike-Roan,3,0,3
Mikéas,3,0,3
Mikeisha,0,3,3
Mikél,3,0,3
Míkel,3,0,3
Mikell,3,0,3
Mikella,0,3,3
Miken,3,3,6
Mikhai,3,0,3
Mikhal,3,3,6
Mikhel,3,0,3
Mikia,3,3,6
Mikita,0,3,3
Mikki-Roos,0,3,3
Miklin,0,3,3
Mikloos,3,0,3
Miklòs,3,0,3
Mikoesj,3,0,3
Mikol,3,3,6
Mikolas,3,0,3
Miks,3,3,6
Miksa,3,3,6
Mikyla,0,3,3
Milà,3,3,6
Míla,0,3,3
Mila-Jane,0,3,3
Mila-Rosa,0,3,3
Milagroso,3,0,3
Milaï,3,0,3
Milain,3,3,6
Milainey,0,3,3
Milaini,0,3,3
Milaisa,0,3,3
Milaiya,0,3,3
Milaiza,0,3,3
Milalai,0,3,3
Mîlan,3,0,3
Milanchela,0,3,3
Milandu,3,0,3
Milang,0,3,3
Milange,0,3,3
Milangel,3,0,3
Milanko,3,0,3
Milanna,0,3,3
Milanya,0,3,3
Milau,0,3,3
Milayim,3,0,3
Milcan,3,3,6
Mildi,0,3,3
Mildreth,0,3,3
Milée,0,3,3
Milee,0,3,3
Mileida,0,3,3
Milembe,0,3,3
Milencio,3,0,3
Milendro,3,0,3
Milenia,0,3,3
Milenie,3,3,6
Milenov,3,0,3
Milenova,0,3,3
Miletson,3,0,3
Miletta,0,3,3
Milewa,0,3,3
Miley-Rose,0,3,3
Miléya,0,3,3
Mileysha,0,3,3
Milgo,3,3,6
Miliam,3,0,3
Miliàn,3,0,3
Miliënne,0,3,3
Miliki,3,3,6
Milisa,0,3,3
Miliya,0,3,3
Milkyas,3,0,3
Millah,3,3,6
Millaino,3,0,3
Millán,3,0,3
Millany,0,3,3
Millem,3,0,3
Millèn,3,0,3
Millennium,3,0,3
Milley,0,3,3
Millica,0,3,3
Millicente,0,3,3
Milliëne,0,3,3
Millimono,3,3,6
Millina,0,3,3
Millitza,0,3,3
Milliyana,0,3,3
Milliyon,3,3,6
Millou,0,3,3
Millow,3,0,3
Millvina,0,3,3
Miló,3,0,3
Miloeda,0,3,3
Miloje,3,0,3
Milojka,0,3,3
Milomir,3,0,3
Milonneke,0,3,3
Milosch,3,0,3
Milosj,3,0,3
Miloslava,0,3,3
Miloslaw,3,0,3
Milous,0,3,3
Miloushka,0,3,3
Milout,3,3,6
Milthon,3,0,3
Milù,0,3,3
Miluca,3,3,6
Milun,3,0,3
Milydia,0,3,3
Milynn,0,3,3
Milyska,0,3,3
Mimke,0,3,3
Mimmie,0,3,3
Mimmy,0,3,3
Mimon,3,0,3
Mimounte,0,3,3
Mims,0,3,3
Minakshie,0,3,3
Minaksi,0,3,3
Minakumari,0,3,3
Minamba,0,3,3
Minard,3,0,3
Minase,3,0,3
Minasu,0,3,3
Minc,3,0,3
Mince,3,3,6
Mindeltina,0,3,3
Mindeltje,0,3,3
Minderd,3,0,3
Mindina,0,3,3
Mindira,0,3,3
Mindonia,0,3,3
Mindor,3,3,6
Mindou,0,3,3
Mindte,0,3,3
Miné,0,3,3
Mineel,0,3,3
Mineko,0,3,3
Minell,0,3,3
Minelli,0,3,3
Minelva,0,3,3
Minenur,0,3,3
Minesta,0,3,3
Minever,0,3,3
Minevver,0,3,3
Ming-Wai,3,3,6
Ming-Xia,0,3,3
Mingard,0,3,3
Mingelina,0,3,3
Mingeul,3,0,3
Minggas,0,3,3
Minglai,0,3,3
Minguelito,3,0,3
Minguella,0,3,3
Mingyu,3,0,3
Minhaj,3,3,6
Minieke,0,3,3
Minjerkha,0,3,3
Minji,0,3,3
Mink-Jan,3,0,3
Minkah,3,3,6
Minkelina,0,3,3
Minks,3,3,6
Minnah,0,3,3
Minnow,3,3,6
Minoë,0,3,3
Minoesjka,0,3,3
Minoru,3,0,3
Minorva,0,3,3
Minoú,0,3,3
Minouchka,0,3,3
Minthèl,0,3,3
Minthya,0,3,3
Mintina,0,3,3
Mintse,3,0,3
Mioma,0,3,3
Miomir,3,0,3
Mione,0,3,3
Mionne,0,3,3
Mipham,3,0,3
Miqaela,0,3,3
Miqaëla,0,3,3
Miqai,3,0,3
Miqèl,3,0,3
Miqi,3,3,6
Miquayo,3,0,3
Miquele,3,0,3
Miqueline,0,3,3
Miquelito,3,0,3
Miquelli,3,0,3
Miquet,0,3,3
Miquillio,3,0,3
Mîr,3,0,3
Mira-Belle,0,3,3
Miraan,3,0,3
Miradi,3,3,6
Miraila,0,3,3
Miraisha,0,3,3
Miraiza,0,3,3
Mirale,0,3,3
Míran,3,0,3
Mirandes,3,0,3
Miranna,0,3,3
Mirat,3,0,3
Mirav,0,3,3
Mirayah,0,3,3
Mirayda,0,3,3
Mirayna,0,3,3
Miraysa,0,3,3
Mirdad,3,0,3
Mirde,0,3,3
Mirdja,0,3,3
Mirdy,0,3,3
Mirealy,0,3,3
Mireisha,0,3,3
Mireja,0,3,3
Mirél,0,3,3
Mireldo,3,0,3
Mirelfa,0,3,3
Mirelis,0,3,3
Mirëlla,0,3,3
Mirëlle,0,3,3
Mirelys,0,3,3
Mirelza,0,3,3
Mireno,3,0,3
Mirese,0,3,3
Miressa,0,3,3
Miréya,0,3,3
Mireyna,0,3,3
Mirga,0,3,3
Mirgan,3,0,3
Mirgo,3,0,3
Miriah,0,3,3
Miriamele,0,3,3
Mirianna,0,3,3
Mirianny,0,3,3
Miriëla,0,3,3
Mirim,3,0,3
Mirimo,3,0,3
Mirin,0,3,3
Mirina,0,3,3
Mirinne,0,3,3
Mirion,0,3,3
Mirissa,0,3,3
Miriya,0,3,3
Mirjam-Esther,0,3,3
Mirjama,0,3,3
Mirjami,0,3,3
Mirjin,0,3,3
Mirlène,0,3,3
Mirlijn,0,3,3
Mirline,0,3,3
Mirlo,3,0,3
Mirlon,0,3,3
Mirlou,0,3,3
Mirlyn,0,3,3
Mirno,3,0,3
Miroen,3,0,3
Miroljub,3,0,3
Mirolla,0,3,3
Miròn,3,0,3
Mirosława,0,3,3
Mirou,0,3,3
Mirreille,0,3,3
Mirrelijn,0,3,3
Mirrijn,0,3,3
Mirrith,0,3,3
Mirrthe,0,3,3
Mirry,0,3,3
Mirşah,3,3,6
Mirsat,3,0,3
Mirsha,0,3,3
Mirthle,0,3,3
Mirthy,0,3,3
Mirusha,0,3,3
Mirushe,0,3,3
Miry,0,3,3
Mirya,0,3,3
Miryan,0,3,3
Mirye,0,3,3
Mirzâ,3,0,3
Mirzad,3,0,3
Mişa,3,3,6
Misae,3,0,3
Misairo,3,0,3
Misaki,0,3,3
Misam,3,0,3
Misanne,0,3,3
Misca,3,0,3
Mischaela,0,3,3
Mischo,3,0,3
Misel,3,0,3
Misette,0,3,3
Misgana,0,3,3
Mishaina,0,3,3
Mishainy,0,3,3
Mishairo,3,0,3
Mishaleisha,0,3,3
Mishana,0,3,3
Mishandra,0,3,3
Mishano,3,0,3
Mishantely,0,3,3
Mishary,3,0,3
Misheal,3,3,6
Mishella,0,3,3
Mishendro,3,0,3
Mishko,3,0,3
Mishon,3,0,3
Mishré,0,3,3
Misiu,3,3,6
Misjah,3,0,3
Misjelle,0,3,3
Misman,3,0,3
Missey,0,3,3
Missouri,3,3,6
Misthy,0,3,3
Misti,0,3,3
Mistika,0,3,3
Misto,3,0,3
Misu,3,3,6
Mitcha,3,3,6
Mitcheal,3,0,3
Mitchèl,3,3,6
Mitchel-Lee,3,0,3
Mitchëll,3,0,3
Mitchello,3,0,3
Mitchengelo,3,0,3
Mitchiano,3,0,3
Mitchill,3,0,3
Mitchon,3,0,3
Mitchum,3,0,3
Mite,3,3,6
Mitenka,0,3,3
Mitha,0,3,3
Mithilesh,3,0,3
Mithran,3,0,3
Mithunan,3,0,3
Mithusha,0,3,3
Mitko,3,0,3
Mitou,0,3,3
Mitradevi,0,3,3
Mitrasingh,3,0,3
Mitscha,0,3,3
Mitsi,0,3,3
Mitsia,0,3,3
Mitso,3,0,3
Mitsouka,0,3,3
Mitsouko,0,3,3
Mittal,3,3,6
Mittchell,3,0,3
Mitty,3,3,6
Mitya,3,0,3
Mitze,0,3,3
Miva,0,3,3
Miwa,0,3,3
Mix,3,3,6
Miyese,0,3,3
Miyori,3,3,6
Mizaël,3,0,3
Mizé,0,3,3
Mizella,3,3,6
Mizi,0,3,3
Mizraim,3,0,3
Mizraïm,3,0,3
Mizza,3,3,6
Mizzy,0,3,3
MJC,3,3,6
Mjd,3,0,3
MJE,0,3,3
Mjölnir,3,0,3
MJS,0,3,3
Mkrtchjan,3,3,6
MLA,0,3,3
MMR,0,3,3
Mnouwar,0,3,3
Mo'nique,0,3,3
Moadh,3,0,3
Moala,3,3,6
Moamel,3,0,3
Moammar,3,0,3
Moanes,3,0,3
Moatassim,3,0,3
Moatez,3,0,3
Moavu,3,3,6
Moayed,3,0,3
Moäz,3,0,3
Mobarek,3,0,3
Mobasher,3,0,3
Mobias,3,0,3
Modei,0,3,3
Modes,3,0,3
Modestes,3,0,3
Modibo,3,0,3
Modine,3,3,6
Moë,0,3,3
Moe,3,0,3
Moeaz,3,0,3
Moechtar,3,0,3
Moedi,3,0,3
Moediara,0,3,3
Moehamad,3,0,3
Moeidjah,0,3,3
Moëisha,0,3,3
Moeïsha,0,3,3
Moeisha,0,3,3
Moeiz,3,0,3
Moeke,0,3,3
Moekri,3,0,3
Moelaika,0,3,3
Moelchand,3,0,3
Moeljadi,3,0,3
Moëlla,0,3,3
Moëlle,0,3,3
Moemin,3,0,3
Moemtaz,0,3,3
Moéna,0,3,3
Moenassir,3,0,3
Moentaaz,3,0,3
Moentazali,3,0,3
Moeqtadir,3,0,3
Moerselien,0,3,3
Moersiah,0,3,3
Moersidi,3,0,3
Moertaza,3,0,3
Moesaa,3,0,3
Moesawwier,3,0,3
Moesen,3,0,3
Moesinem,0,3,3
Moeskan,0,3,3
Moestafaa,3,0,3
Moestapa,3,0,3
Moetia,3,3,6
Moez,3,0,3
Moezdalifa,0,3,3
Mofida,0,3,3
Mogaka,3,0,3
Mogan,0,3,3
Mogli,3,0,3
Mogtaba,3,0,3
Mogtar,3,0,3
Moh,3,0,3
Moha,3,0,3
Mohabat,3,0,3
Mohabir,3,0,3
Mohaimen,3,0,3
Mohamadi,3,0,3
Mohamed-Ali,3,0,3
Mohamed-Amir,3,0,3
Mohamed-Ayman,3,0,3
Mohamed-Emin,3,0,3
Mohamed-Rida,3,0,3
Mohameddeq,3,0,3
Mohamede,3,0,3
Mohamedhanief,3,0,3
Mohamedrahied,3,0,3
Mohamedrida,3,0,3
Mohamedsafie,3,0,3
Mohamid,3,3,6
Mohammadreza,3,0,3
Mòhàmmed,3,0,3
Mohammed-Amien,3,0,3
Mohammed-Reda,3,0,3
Mohammed-Yasin,3,0,3
Mohammedamiin,3,0,3
Mohammedamin,3,0,3
Mohammedamine,3,0,3
Mohammedsayed,3,0,3
Mohammuud,3,0,3
Mohansingh,3,0,3
Mohato,3,0,3
Mohawk,3,0,3
Mohcen,3,0,3
Mohebullah,3,0,3
Moheimen,3,0,3
Mohemed,3,0,3
Mohemmad,3,0,3
Moheni,0,3,3
Mohenned,3,0,3
Mohi-ud-Din,3,3,6
Mohieldin,3,3,6
Mohin,3,0,3
Mohonie,0,3,3
Mohseen,3,0,3
Mohtar,3,0,3
Mohummad,3,0,3
Mohunlol,3,3,6
Mohuyadin,3,0,3
Moïce,0,3,3
Moied,3,0,3
Moiez,3,0,3
Moiko,3,0,3
Moirae,0,3,3
Moirah,0,3,3
Moiraine,0,3,3
Moire,0,3,3
Moiren,3,3,6
Moirena,0,3,3
Moíse,3,3,6
Möise,0,3,3
Moiyenne,0,3,3
Moiza,0,3,3
Moïza,0,3,3
Mojdeh,0,3,3
Mojisola,0,3,3
Mok,0,3,3
Mokdad,3,0,3
Mokhles,3,0,3
Mokondji,3,3,6
Moksha,3,0,3
Mokum,3,0,3
Molara,0,3,3
Molgert,3,0,3
Molotov,3,3,6
Momiena,0,3,3
Momijn,0,3,3
Momme,3,0,3
Momoko,0,3,3
Monaclaire,3,3,6
Monaco,0,3,3
Monalies,0,3,3
Monaliza,0,3,3
Monawara,0,3,3
Moncé,3,0,3
Moncif,3,0,3
Monday,3,3,6
Monder,3,0,3
Mondine,0,3,3
Mondjie,3,0,3
Mondriaan,3,0,3
Monesha,0,3,3
Mông,3,3,6
Mongo,3,0,3
Monhim,3,0,3
Monieque,0,3,3
Moniera,0,3,3
Moniqa,3,3,6
Monirah,0,3,3
Monirul,0,3,3
Moniya,0,3,3
Moniz,3,0,3
Monize,0,3,3
Monju,3,0,3
Monnegonda,0,3,3
Monnie,3,3,6
Monnik,3,3,6
Mono,3,0,3
Monogonda,0,3,3
Monreaux,3,3,6
Monrow,3,3,6
Monsanto,3,0,3
Monsief,3,3,6
Monsine,0,3,3
Monsour,3,0,3
Mont,3,0,3
Monta,0,3,3
Montadhar,3,0,3
Montanus,3,0,3
Monté,3,0,3
Montè,3,0,3
Montha,0,3,3
Monthanus,3,0,3
Montiano,3,0,3
Montrell,3,0,3
Montrose,0,3,3
Montsé,0,3,3
Monzer,3,3,6
Moody,3,3,6
Moonja,0,3,3
Moonshine,0,3,3
Mooshe,0,3,3
Mooy,0,3,3
Moqui,3,3,6
Mór,3,0,3
Moraa,0,3,3
Morac,0,3,3
Moragh,0,3,3
Morain,3,3,6
Moraisa,0,3,3
Moraiza,0,3,3
Moraizio,3,0,3
Moralez,3,3,6
Moralis,3,0,3
Morani,3,0,3
Moravia,3,3,6
Moraycia,0,3,3
Moraycio,3,0,3
Moraysa,0,3,3
Morchid,3,0,3
Morciano,3,0,3
Mordem,3,0,3
Mordy,3,0,3
Morée,0,3,3
Moreino,3,0,3
Morelle,0,3,3
Morelva,0,3,3
Morenike,0,3,3
Morenio,3,0,3
Morenjo,3,0,3
Morens,3,0,3
Moresha,0,3,3
Morest,3,0,3
Morey,0,3,3
Moreysha,0,3,3
Morgainne,0,3,3
Morgany,0,3,3
Morgenstern,3,3,6
Morghan,3,3,6
Morghane,0,3,3
Morgiana,0,3,3
Morgos,3,0,3
Morhea,0,3,3
Morian,3,0,3
Moriba,3,0,3
Moriënte,3,0,3
Morientes,3,0,3
Morike,3,0,3
Morillio,3,0,3
Morindy,0,3,3
Morio,3,0,3
Morise,3,3,6
Morison,3,0,3
Moritsz,3,0,3
Moriz,3,0,3
Morizio,3,0,3
Morjana,0,3,3
Moroa,3,3,6
Morray,3,0,3
Morrell,0,3,3
Morrena,0,3,3
Morrez,3,0,3
Morrissen,3,0,3
Morry,3,0,3
Mors,3,0,3
Morsel,0,3,3
Mortadha,3,0,3
Morticha,0,3,3
Morus,3,0,3
Morvann,3,0,3
Morwen,0,3,3
Morwena,0,3,3
Moryan,3,3,6
Mosaiah,3,0,3
Mosammet,0,3,3
Mosanne,0,3,3
Mosche,3,0,3
Mosey,3,3,6
Mosha,3,3,6
Moshea,3,0,3
Moshira,0,3,3
Moshtaba,3,0,3
Mosley,3,0,3
Mossa,3,0,3
Mossaab,3,0,3
Mossab,3,0,3
Mosse,3,3,6
Mossi,3,0,3
Motahare,0,3,3
Motaz,3,0,3
Mote,3,3,6
Moti,3,3,6
Motilall,3,0,3
Moto,3,0,3
Motti,3,0,3
Motunrayo,0,3,3
Mouâad,3,0,3
Mouayad,3,3,6
Moucha,0,3,3
Moudatou,0,3,3
Moudi,0,3,3
Mouette,0,3,3
Moughit,3,0,3
Mouhab,3,0,3
Mouhad,3,0,3
Mouhajir,3,0,3
Mouhammad,3,0,3
Mouhanad,3,0,3
Mouheb,3,0,3
Mouhib,3,0,3
Mouhssin,3,0,3
Mouïn,3,0,3
Mouin,3,0,3
Mouk,3,0,3
Mouke,0,3,3
Moukhles,3,3,6
Moulana,3,0,3
Moumina,0,3,3
Moumna,0,3,3
Mouncef,3,0,3
Mouneeb,3,0,3
Mouner,3,0,3
Mounet,0,3,3
Mounis,3,0,3
Mountaha,0,3,3
Mountaser,3,0,3
Moup,3,0,3
Mouri,3,3,6
Mouricio,3,0,3
Mourin,3,3,6
Mourine,0,3,3
Mouriz,3,0,3
Mourne,0,3,3
Mourny,0,3,3
Mous'ab,3,0,3
Mousaab,3,0,3
Moushir,3,3,6
Moushumi,0,3,3
Moustakim,3,0,3
Moustamie,3,0,3
Mouth,0,3,3
Moutina,0,3,3
Mova,3,3,6
Movsesovitsj,3,0,3
Mowa,0,3,3
Moweena,0,3,3
Mowi,0,3,3
Mowitha,0,3,3
Mox,3,3,6
Moyah,0,3,3
Moyet,0,3,3
Mozart,3,0,3
Mozdalifa,0,3,3
Mozé,3,3,6
Mozhdah,0,3,3
Mozhgan,0,3,3
Moziaty,0,3,3
Mozzi,3,0,3
MPA,3,3,6
Mpova,0,3,3
Mputu,3,3,6
Mpuye,3,3,6
Msafiri,3,3,6
Msgana,0,3,3
Msganaw,3,3,6
Mstafa,3,0,3
MTA,0,3,3
MTH,0,3,3
Mtima,0,3,3
Mu'aad,3,0,3
Mü'min,3,0,3
Mü'mine,0,3,3
Mu-Lan,0,3,3
Muaadh,3,0,3
Muaha,0,3,3
Muahir,3,0,3
Muaiad,3,0,3
Muamba,3,0,3
Muammed,3,0,3
Muana,0,3,3
Muanza,0,3,3
Muawiya,3,0,3
Muazes,0,3,3
Mubaarik,3,0,3
Mubeenah,0,3,3
Mucayit,3,0,3
Mücayit,3,0,3
Mucius,3,0,3
Mucize,0,3,3
Muco,0,3,3
Muctasim,3,0,3
Muczynkā,0,3,3
Mudan,0,3,3
Mudathir,3,3,6
Muddy,3,0,3
Mudiaga,3,0,3
Mudijono,3,0,3
Mudita,0,3,3
Muella,0,3,3
Müesser,0,3,3
Mufaro,3,3,6
Mufid,0,3,3
Mufida,0,3,3
Mugabo,3,0,3
Muganzi,3,0,3
Mugdha,0,3,3
Muge,0,3,3
Mugenyi,0,3,3
Mugtaar,3,0,3
Muhammedcan,3,0,3
Muhammedemin,3,0,3
Muhâmmet,3,0,3
Muhammetali,3,0,3
Muhaydin,3,0,3
Muheto,3,0,3
Muhhammet,3,0,3
Muhumad,3,0,3
Muhyiddin,3,0,3
Mui-Ling,0,3,3
Muijn,3,0,3
Muimba,3,3,6
Muirin,3,3,6
Muiz,3,3,6
Muja,3,3,6
Mujde,0,3,3
Mujih,3,3,6
Mukaddar,3,3,6
Mukai,3,3,6
Mükayil,3,0,3
Mükerem,3,0,3
Muktedir,3,0,3
Mukunzi,3,3,6
Mula,3,0,3
Mulaika,0,3,3
Mulegeta,3,3,6
Mulenga,3,3,6
Mulgrew,3,3,6
Mulina,0,3,3
Multatulie,3,0,3
Multi,0,3,3
Muluila,3,0,3
Mulumba,3,0,3
Mulyana,3,0,3
Mumpoleze,3,0,3
Mümüne,0,3,3
Munaaf,3,0,3
Munachim,0,3,3
Munachimso,3,3,6
Munah,0,3,3
Munashe,3,0,3
Munawwarah,0,3,3
Munaycha,0,3,3
Munde,0,3,3
Mundhir,3,0,3
Mundia,3,0,3
Mune,0,3,3
Muneerah,0,3,3
Munene,3,0,3
Munès,3,3,6
Munevera,0,3,3
Munibe,0,3,3
Munieb,3,0,3
Munier,3,0,3
Muniru,3,0,3
Munisa,0,3,3
Munisah,0,3,3
Münise,0,3,3
Muniya,0,3,3
Muniza,0,3,3
Munk,3,0,3
Munna,3,3,6
Münnevver,0,3,3
Munongo,3,0,3
Munsif,3,0,3
Muntas,0,3,3
Muntazir,3,0,3
Münür,3,0,3
Muoi,0,3,3
Muotoh,3,3,6
Muquet,3,3,6
Muraïs,3,3,6
Muray,3,0,3
Murdoch,3,0,3
Mure,3,3,6
Murea,0,3,3
Mureé,0,3,3
Mureille,0,3,3
Murella,0,3,3
Murelle,0,3,3
Murenga,3,0,3
Murgill,0,3,3
Muri,3,3,6
Muriale,0,3,3
Murian,3,3,6
Murièlle,0,3,3
Mürihely,0,3,3
Murilo,3,0,3
Murko,3,0,3
Murline,0,3,3
Murly,3,3,6
Murphin,3,0,3
Murrin,0,3,3
Mürselin,0,3,3
Mürside,0,3,3
Murşit,3,0,3
Murta,0,3,3
Murten,3,0,3
Murtza,3,0,3
Murugan,3,0,3
Murvet,0,3,3
Musâ,3,0,3
Musacan,3,0,3
Musaddiq,3,0,3
Musarrafhoesain,3,0,3
Musarrat,0,3,3
Musashi,3,0,3
Musbah,3,0,3
Musdafa,3,0,3
Musel,3,0,3
Müseref,0,3,3
Müserref,0,3,3
Musetta,0,3,3
Mushda,0,3,3
Mushin,3,3,6
Mushtaba,3,0,3
Mushtaq,0,3,3
Muslim,3,0,3
Müslime,0,3,3
Muslime,0,3,3
Mussaevitch,3,0,3
Musse,3,0,3
Mussie,3,0,3
Mustafahan,3,0,3
Mustalafa,0,3,3
Mustalifa,0,3,3
Mustang,3,3,6
Mustaqim,3,3,6
Musu,0,3,3
Mutabazi,3,0,3
Mutale,3,3,6
Mutesi,3,3,6
Muthee,3,0,3
Muthengi,3,0,3
Mutien,3,0,3
Mutienne,0,3,3
Mütlü,3,3,6
Mutombo,3,3,6
Mutyara,0,3,3
Muwahib,0,3,3
Muy,0,3,3
Muzammal,3,0,3
Müzehher,0,3,3
Muzoora,3,3,6
Muzzaffer,3,0,3
Mwajuma,0,3,3
Mwanaisha,0,3,3
MWE,0,3,3
Mwema,3,3,6
Mwendwa,3,0,3
Mwenge,0,3,3
My-Lan,0,3,3
Mýa,0,3,3
Myada,0,3,3
Myan,3,3,6
Myangel,0,3,3
Myanne,0,3,3
Myanto,3,0,3
Myar,3,3,6
Myas,3,0,3
Mybeth,0,3,3
Mycel,3,0,3
Mydia,0,3,3
Myeshia,0,3,3
Myhron,3,3,6
Myint,3,3,6
Mykaila,0,3,3
Mykell,3,0,3
Mykhaila,0,3,3
Mykhaylovna,0,3,3
Mykhaylyvna,0,3,3
Mykolas,3,0,3
Myl,3,3,6
Mylad,3,0,3
Mylanah,0,3,3
Mylanda,0,3,3
Mylane,0,3,3
Mylann,3,0,3
Mylansha,0,3,3
Myle,3,3,6
Mylea,0,3,3
Mylée,0,3,3
Mylène-Sophie,0,3,3
Mylette,0,3,3
Myliaan,3,0,3
Mylissa,0,3,3
Myllan,3,0,3
Myllano,3,0,3
Myllena-Mae,0,3,3
Mylles,3,0,3
Mylliano,3,0,3
Mylonne,0,3,3
Mylox,3,0,3
Myme,3,0,3
Mymuna,0,3,3
Mymy,0,3,3
Mynco,3,0,3
Mynk,3,0,3
Mynon,0,3,3
Mynte,0,3,3
Mynthia,0,3,3
Myonée,0,3,3
Myong,0,3,3
Myong-Ja,0,3,3
Myown,0,3,3
Myralda,3,3,6
Myranie,0,3,3
Myrca,0,3,3
Myrd,3,0,3
Myrddhin,3,0,3
Myrden,0,3,3
Myrdinn,3,3,6
Myré,0,3,3
Myream,0,3,3
Myreena,0,3,3
Myrene,0,3,3
Myrenne,0,3,3
Myrenzo,3,0,3
Myrett,0,3,3
Myrha,0,3,3
Myrhe,0,3,3
Myrhea,0,3,3
Myrhon,3,0,3
Myrhona,0,3,3
Myrick,3,0,3
Myrijana,0,3,3
Myrin,3,3,6
Myris,0,3,3
Myrisha,0,3,3
Myrith,0,3,3
Myrjanne,0,3,3
Myrl,0,3,3
Myrla,0,3,3
Myrlin,0,3,3
Myrlon,0,3,3
Myrno,3,0,3
Myronn,3,0,3
Myroslaw,3,0,3
Myrren,3,3,6
Myrrhis,0,3,3
Myrriam,0,3,3
Myrrin,0,3,3
Myrthe-Lynn,0,3,3
Myrtilla,0,3,3
Myssing,3,0,3
Mythra,3,3,6
Mytzie,0,3,3
Myuna,0,3,3
Mzole,0,3,3
M'Balou,0,3,3
M'Bambe,0,3,3
M'barak,0,3,3
M'bark,3,0,3
M'barka,0,3,3
M'Birika,0,3,3
M'Bourel,0,3,3
M'burak,3,0,3
M'Cauley,3,0,3
M'chael-Jay,3,0,3
M'chari,3,0,3
M'dib,3,0,3
M'faddal,3,0,3
M'Futa,0,3,3
M'futila,3,0,3
M'Gambelo,0,3,3
M'Hamed-Amin,3,0,3
M'Hamid,3,0,3
M'Hand,3,0,3
M'jay,3,0,3
M'Keena,0,3,3
M'Keighla,0,3,3
M'Kizzy,0,3,3
M'Leah,0,3,3
M'lynn,0,3,3
M'Lynn,0,3,3
M'Mah,0,3,3
M'mah,0,3,3
M'nayla,0,3,3
M'raje,3,0,3
M'rena,0,3,3
M'vilakani,3,0,3
M'Yaëllo,3,0,3
M-Jae,0,3,3
M-Jelina,0,3,3
M-Yasien,3,0,3
M.C.,0,3,3
M.C.L.,0,3,3
M.G.,0,3,3
M.J.,3,0,3
M.M.,0,3,3
M.P.,3,0,3
Ma'a,3,0,3
Ma'anoa,3,0,3
Ma'ayan-Sarah,0,3,3
Ma'ia,0,3,3
Ma'iq,3,0,3
Ma'isa,0,3,3
Ma'koa,3,0,3
Ma'leah,0,3,3
Ma'nda,0,3,3
Ma'ouw,3,0,3
Ma'Riëshelly,0,3,3
Ma'ruf,3,0,3
Ma-aad,3,0,3
Ma-äh,0,3,3
Ma-Ajmala,0,3,3
Ma-areg,3,0,3
Ma-Awiye,3,0,3
Ma-belle,0,3,3
Ma-Di,0,3,3
Ma-Ha-Nhi,0,3,3
Ma-ike,0,3,3
Ma-isah,0,3,3
Ma-Keyla,0,3,3
Ma-Ley,0,3,3
Mà-Li,0,3,3
Ma-Ly,0,3,3
Ma-Qué,3,0,3
Ma-Ria,0,3,3
Ma-ria,0,3,3
Ma-Rie,0,3,3
Ma-Sun,3,0,3
Ma-Tara,0,3,3
Ma-Tsun,3,0,3
Maa'ida,0,3,3
Maa'idah,0,3,3
Maa-Chochoe,0,3,3
Maa-Kwantyewa,0,3,3
Maa-la,0,3,3
Maaarten,3,0,3
Maabel,0,3,3
Maaboi,0,3,3
Maädai,0,3,3
Maadey,0,3,3
Maadhavee,0,3,3
Maadhewie,0,3,3
Maadhoerie,0,3,3
Maádjieda,0,3,3
Maadrika,0,3,3
Maadvi,0,3,3
Maaez,3,0,3
Maafo,3,0,3
Maagaretha,0,3,3
Maagha,3,0,3
Maah,0,3,3
Maahdie,3,0,3
Maahe,0,3,3
Maaher,3,0,3
Maahien,0,3,3
Maahin,3,0,3
Maahtab,0,3,3
Maahzebeen,0,3,3
Maäi,0,3,3
Maaia,0,3,3
Maaido,0,3,3
Maaigie,0,3,3
Maaije,3,0,3
Maaijgje,0,3,3
Maaijolein,0,3,3
Maaika-Devi,0,3,3
Maaïke,0,3,3
Maaike-Annabelle,0,3,3
Maaike-Geeske,0,3,3
Maaike-Heiltje,0,3,3
Maaike-Hendrika,0,3,3
Maaike-Johanna,0,3,3
Maaike-Karen,0,3,3
Maaike-Linde,0,3,3
Maaike-Louise,0,3,3
Maaike-Manon,0,3,3
Maaike-Maria,0,3,3
Maaike-Marije,0,3,3
Maaike-Merel,0,3,3
Maaike-Petra,0,3,3
Maaike-Roos,0,3,3
Maaike-Zhang,0,3,3
Maaikela,0,3,3
Maaikeline,0,3,3
Maaikina,0,3,3
Maaili,0,3,3
Maaïsa,0,3,3
Maajklaa,0,3,3
Maakosua,0,3,3
Maaleka,0,3,3
Maaley,0,3,3
Maalick,3,0,3
Maaliq,3,0,3
Maaliyah,0,3,3
Maalouf,3,0,3
Maalthi,0,3,3
Maamaa,0,3,3
Maamar,3,0,3
Maame-Ajowa,0,3,3
Maame-Serwah,0,3,3
Maamu,0,3,3
Maana,0,3,3
Maanan,0,3,3
Maandeq,0,3,3
Maaney,3,0,3
Maänie,0,3,3
Maannah,0,3,3
Maannuzouka,3,0,3
Maanpriya,0,3,3
Maansa,0,3,3
Maansi,0,3,3
Maante,0,3,3
Maanus,3,0,3
Maanusa,0,3,3
Maanwie,0,3,3
Maäny,0,3,3
Maaouia,0,3,3
Maap,3,0,3
Maar,3,0,3
Maara,0,3,3
Maarauf,0,3,3
Maarchien,0,3,3
Maaref,3,0,3
Maarenel,0,3,3
Maargaan,0,3,3
Maargie,0,3,3
Maarice,3,0,3
Maarie,3,0,3
Maarij,0,3,3
Maarije,0,3,3
Maarion,3,0,3
Maarith,0,3,3
Maariye,0,3,3
Maarjana,0,3,3
Maarjanna,0,3,3
Maarjet,0,3,3
Maarleen,0,3,3
Maarleentje,0,3,3
Maarlene,0,3,3
Maarleonne,0,3,3
Maarlies,0,3,3
Maarline,0,3,3
Maarne,3,0,3
Maarolijntje,0,3,3
Maaron,3,0,3
Maarouf,3,0,3
Maarre,3,0,3
Maarshalino,3,0,3
Maarshlino,3,0,3
Maart-Jan,3,0,3
Maarta,0,3,3
Maartan,3,0,3
Maarteke,0,3,3
Maarten-Arie,3,0,3
Maarten-Auke,3,0,3
Maarten-Bas,3,0,3
Maarten-Daniël,3,0,3
Maarten-Diégo,3,0,3
Maarten-Douwe,3,0,3
Maarten-Frank,3,0,3
Maarten-Harm,3,0,3
Maarten-Hein,3,0,3
Maarten-Henk,3,0,3
Maarten-Huig,3,0,3
Maarten-Jacob,3,0,3
Maarten-Jasper,3,0,3
Maarten-Jelle,3,0,3
Maarten-Joël,3,0,3
Maarten-Josephus,3,0,3
Maarten-Junior,3,0,3
Maarten-Laurens,3,0,3
Maarten-Lucas,3,0,3
Maarten-Mark,3,0,3
Maarten-Pepijn,3,0,3
Maarten-Pleun,3,0,3
Maarten-Robbert,3,0,3
Maarten-Ruben,3,0,3
Maarten-Thijs,3,0,3
Maarten-Thomas,3,0,3
Maarten-Vincent,3,0,3
Maarten-Wim,3,0,3
Maartend,3,0,3
Maartendick,3,0,3
Maartenovna,0,3,3
Maartenzoon,3,0,3
Maarthe,0,3,3
Maarti,3,0,3
Maartini,0,3,3
Maartino,3,0,3
Maartinovna,0,3,3
Maartje-Anna,0,3,3
Maartje-Elise,0,3,3
Maartje-Flox,0,3,3
Maartje-Gerjanne,0,3,3
Maartje-Janny,0,3,3
Maartje-Johanna,0,3,3
Maartje-Rosalie,0,3,3
Maartje-Sophie,0,3,3
Maartje-Willemijntje,0,3,3
Maartruida,0,3,3
Maartsje,0,3,3
Maarw,0,3,3
Maarwa,0,3,3
Maarwie,0,3,3
Maary,0,3,3
Maas-Maarten,3,0,3
Maaseeh,0,3,3
Maäséja,3,0,3
Maaseja,0,3,3
Maäseya,3,0,3
Maasinus,3,0,3
Maassina,0,3,3
Maathijsje,0,3,3
Mâati,3,0,3
Maatje-Ariaantje,0,3,3
Maatjedina,0,3,3
Maawish,0,3,3
Máay,0,3,3
Maayaa,0,3,3
Maaylaqa,0,3,3
Maaytine,0,3,3
Maaza,0,3,3
Maazen,3,0,3
Maazim,3,0,3
Maazine,3,0,3
MAB,0,3,3
Mabby,0,3,3
Mabe,0,3,3
Mabein,0,3,3
Mábel,0,3,3
Mabelijn,0,3,3
Mabelina,0,3,3
Mabelisa,0,3,3
Mabelius,3,0,3
Mabeljane,0,3,3
Mabelly,0,3,3
Mabeltje,0,3,3
Mabelyne,0,3,3
Mabena,0,3,3
Maberlia,0,3,3
Maberly,0,3,3
Mabet,0,3,3
Mabiala,3,0,3
Mabiche,0,3,3
Mabièn,0,3,3
Mabika,0,3,3
Mabilee,0,3,3
Mabilia,0,3,3
Mabini,0,3,3
Mabinta,0,3,3
Mabinte,0,3,3
Mabintie,0,3,3
Mabintou,0,3,3
Mabinuori,3,0,3
Mable-Madge,0,3,3
Mably,0,3,3
Mabondo,0,3,3
Mabrinya,0,3,3
Mabroeka,0,3,3
Mabroucky,3,0,3
Mabruk,3,0,3
Mabruka,0,3,3
Mabshar,3,0,3
Mabsuud,0,3,3
Mabuan,3,0,3
Mabwa,3,0,3
Maby,0,3,3
Mabyline,0,3,3
Mac-Clisch,0,3,3
Mac-Dara,3,0,3
Mac-Douglas,3,0,3
Mac-Kenzie,0,3,3
Mac-Kenzy,3,0,3
Mac-Lannon,3,0,3
Mac-Loïs,0,3,3
Mac-Ty,3,0,3
Mača,0,3,3
Macai,3,0,3
Macaia,3,0,3
Macair,3,0,3
Macaja,0,3,3
Macalay,3,0,3
Macaldo,0,3,3
Macali,0,3,3
Macalia,0,3,3
Macallister,3,0,3
Macan,3,0,3
MacAndro,3,0,3
Macanna,3,0,3
Macano,0,3,3
Macanzo,3,0,3
Macanzy,0,3,3
Macao,3,0,3
Macapolo,3,0,3
Macarias,3,0,3
Macarin,3,0,3
Macauley,3,0,3
Macauly-Clèvant,3,0,3
Macaya,0,3,3
Macayle,0,3,3
Maccandy,3,0,3
Maccartney,3,0,3
Maccimo,3,0,3
Maccornie,3,0,3
Maccqueen,3,0,3
Maccus,3,0,3
Mace-Fallon,3,0,3
Mace-Ruben,3,0,3
Maceál,3,0,3
Macelien,0,3,3
Macelina,0,3,3
Macelino,3,0,3
Macellino,3,0,3
Macello,3,0,3
Macely,0,3,3
Mäceo,3,0,3
Macèo,3,0,3
Maceo-Jaïr,3,0,3
Macey-Charell,0,3,3
Macey-Jae,0,3,3
Macey-Jane,0,3,3
Macey-Rose,0,3,3
Maceyo,3,0,3
MacFarlane,3,0,3
Macfarlane,0,3,3
Macgee,3,0,3
Macgiellia,0,3,3
Macgill,3,0,3
Macgoeng-Tiziano,3,0,3
MacGregor,3,0,3
Macgryver,3,0,3
Machaa,0,3,3
Machado,3,0,3
Machaecl,3,0,3
Machaela,0,3,3
Machaëla,0,3,3
Machaéla,0,3,3
Machail,3,0,3
Machaline,0,3,3
Machalito,3,0,3
Machaly,0,3,3
Machalyne,0,3,3
Machanda,0,3,3
Machanne,0,3,3
Machaon,3,0,3
Machardei,0,3,3
Macharel,0,3,3
Machari,0,3,3
Machdalien,0,3,3
Machdeléne,0,3,3
Machdeline,0,3,3
Macheel,3,0,3
Machefe,0,3,3
Machèl,3,0,3
Machèla,0,3,3
Macheld,0,3,3
Machèle,0,3,3
Machelena,0,3,3
Machell,3,0,3
Machélla,0,3,3
Macheo,3,0,3
Macherano,3,0,3
Machéri,0,3,3
Machesta,0,3,3
Machew,3,0,3
Machgiel,3,0,3
Machgtilda,0,3,3
Machhour,3,0,3
Machia,0,3,3
Machiavelli,3,0,3
Machicco,3,0,3
Machid,3,0,3
Machied,3,0,3
Machïel,3,0,3
Machiel-André,3,0,3
Machiel-Jannes,3,0,3
Machiel-Sander,3,0,3
Machiel-Willem,3,0,3
Machièla,0,3,3
Machiele,0,3,3
Machielien,0,3,3
Machieliena,0,3,3
Machieliene,0,3,3
Machieliny,0,3,3
Machielse,3,0,3
Machilde,0,3,3
Machildus,0,3,3
Machiles,3,0,3
Machilianna,0,3,3
Machilien,0,3,3
Machiline,0,3,3
Machilinus,3,0,3
Machilles,3,0,3
Machillus,3,0,3
Machimso,0,3,3
Machin,3,0,3
Machinka,0,3,3
Machir,3,0,3
Machiria,0,3,3
Machirio,3,0,3
Machja,0,3,3
Machlina,0,3,3
Machlinus,3,0,3
Machmoud,3,0,3
Machnola,0,3,3
Macholande,0,3,3
Macholino,3,0,3
Machouela,0,3,3
Machtej,3,0,3
Machteld-Jorien,0,3,3
Machtelda,0,3,3
Machteldine,0,3,3
Machteldtje,0,3,3
Machtelijntje,0,3,3
Machtella,0,3,3
Machthold,0,3,3
Machtieltje,0,3,3
Machtildes,0,3,3
Machum,3,0,3
Machutha,0,3,3
Machuthus,3,0,3
Machuut,3,0,3
Machyta-Oko,3,0,3
Macia,0,3,3
Maciana,0,3,3
Maçide,0,3,3
Macillus,3,0,3
Macimo,3,0,3
Macin,3,0,3
Macinda,0,3,3
Macionetta,0,3,3
Maciré,0,3,3
Macis,3,0,3
Maciste,3,0,3
Macius,3,0,3
Macjid,3,0,3
MacJohn,3,0,3
Mäck,3,0,3
Mack-Julian,3,0,3
Mack-Olien,3,0,3
Mackacey,3,0,3
Mäckael,3,0,3
Mackavely,3,0,3
MacKayla,0,3,3
Mackboel,3,0,3
Mackeala,0,3,3
Mackelen,3,0,3
Mackena,0,3,3
Mackenci,3,0,3
Mackencie,0,3,3
MacKenna,0,3,3
MacKenzie-Jayne,0,3,3
Mackenzie-May,0,3,3
MacKenzy,0,3,3
Mackinley,3,0,3
Mackk,3,0,3
Macklen,3,0,3
Macko,3,0,3
Macks,0,3,3
Mackx,3,0,3
Mackyla,0,3,3
Mackyle,3,0,3
Mackynzie,0,3,3
Mackz,3,0,3
Macla,0,3,3
Maclain,3,0,3
Maclaine,3,0,3
Maclane,0,3,3
Maclé,3,0,3
Maclean,3,0,3
Macliza,0,3,3
Maclouly,3,0,3
Maclyn,3,0,3
Macmahon,3,0,3
MacMelle,3,0,3
Macmillian,3,0,3
Macnamara,0,3,3
Macneal,3,0,3
Macnus,3,0,3
Macoa,0,3,3
Macodé,3,0,3
Macola,0,3,3
Macolyson,3,0,3
Macomba,0,3,3
Macori,0,3,3
Macos,3,0,3
Macoumba,0,3,3
MacPherson,3,0,3
Macpherson,0,3,3
Macque,3,0,3
Macquin,3,0,3
Macrae,0,3,3
Macraj,0,3,3
Macrantha,0,3,3
Macrena,0,3,3
Macriena,0,3,3
MacRobb,3,0,3
Macrunius,3,0,3
Macs,3,0,3
Macsimiliaan,3,0,3
Macsood,3,0,3
Macsut,3,0,3
Macsym,3,0,3
Mactar,3,0,3
Macté,3,0,3
Macualay,3,0,3
Macuki,3,0,3
Maculshla,0,3,3
Macxim,3,0,3
Macxime,3,0,3
Macy-Alexandra,0,3,3
Macy-Ann,0,3,3
Macy-Blue,0,3,3
Macy-Jennifer,0,3,3
Macy-Louise,0,3,3
Macyiande,0,3,3
Macylinn,0,3,3
Macymilliane,0,3,3
Macyn,0,3,3
Maczek,3,0,3
Madaani,3,0,3
Madad,3,0,3
Madaeira,0,3,3
Madaga,3,0,3
Madaisy,0,3,3
Madalaine,0,3,3
Madalèna,0,3,3
Madalene,0,3,3
Madaleni,0,3,3
Madaleny,0,3,3
Madalie,0,3,3
Madalin,0,3,3
Madalla,0,3,3
Madalynn,0,3,3
Madana,0,3,3
Madandath,3,0,3
Madanie,3,0,3
Madaniy,3,0,3
Madansen,3,0,3
Madansing,3,0,3
Madanya,0,3,3
Madar,3,0,3
Madár,0,3,3
Madari,3,0,3
Madavi,0,3,3
Maday,3,0,3
Madayne,0,3,3
Maddah,3,0,3
Maddé,3,0,3
Mädde,0,3,3
Madde-Lynn,0,3,3
Maddee,0,3,3
Maddèh,3,0,3
Maddeleentje,0,3,3
Maddelen,0,3,3
Maddelyn,0,3,3
Maddeo,3,0,3
Madderike,0,3,3
Maddey,0,3,3
Maddicken,0,3,3
Maddicy,0,3,3
Maddie-Ann,0,3,3
Maddie-Jo,0,3,3
Maddie-Mae,0,3,3
Maddie-Marie,0,3,3
Maddij,0,3,3
Maddin,3,0,3
Maddine,0,3,3
Maddis,3,0,3
Maddo,3,0,3
Maddoc,3,0,3
Maddock,3,0,3
Mäddy,0,3,3
Maddy-Devi,0,3,3
Maddy-Joy,0,3,3
Maddy-Roos,0,3,3
Maddyson,0,3,3
Maddysyn,0,3,3
Maddyx,0,3,3
Máde,3,0,3
Madeaux,0,3,3
Madeca,0,3,3
Madège,0,3,3
Madegrie,0,3,3
Madeha,0,3,3
Madeia,0,3,3
Madeilaine,0,3,3
Madeja,3,0,3
Madél,0,3,3
Madelaíne,0,3,3
Madelayne,0,3,3
Madelbertus,3,0,3
Madeleene,0,3,3
Madeleijne,0,3,3
Madeleine-José,0,3,3
Madeleine-May,0,3,3
Madelèn,0,3,3
Madelèna,0,3,3
Madeléna,0,3,3
Madelëne,0,3,3
Madélène,0,3,3
Madelenne,0,3,3
Madeleyn,0,3,3
Madelia,0,3,3
Madeliano,3,0,3
Madelicka,0,3,3
Màdelief,0,3,3
Madelieff,0,3,3
Madelieke,0,3,3
Madelientje,0,3,3
Madeliet,0,3,3
Madélieve,0,3,3
Madelind,0,3,3
Madelique,0,3,3
Madellain,0,3,3
Madelleine,0,3,3
Madelline,0,3,3
Madelom,0,3,3
Madélon,0,3,3
Màdelon,0,3,3
Madelôn,0,3,3
Madèlon,0,3,3
Madelon-Annemarie,0,3,3
Madelon-Antoinette,0,3,3
Madelon-Bettine,0,3,3
Madelon-Chantal,0,3,3
Madelon-Francoise,0,3,3
Madelon-Sophia,0,3,3
Madelynn-Mae,0,3,3
Madelys,0,3,3
Madem,0,3,3
Madencio,3,0,3
Maderijntje,0,3,3
Madesa,0,3,3
Madette,0,3,3
Madeux,0,3,3
Madeva,0,3,3
Madew,3,0,3
Madewa,3,0,3
Madewidewi,0,3,3
Madewie,0,3,3
Madeyna,0,3,3
Madgelino,3,0,3
Madgiessfyan,3,0,3
Madhankumar,3,0,3
Mādhava,3,0,3
Mādhavaprya,0,3,3
Mädhave,3,0,3
Madhavee,0,3,3
Madhavi-Presella,0,3,3
Madhavidevie,0,3,3
Madhaviedebie,0,3,3
Madhavy,0,3,3
Madhawidevi,0,3,3
Madhawiedebie,0,3,3
Madhawiedewie,0,3,3
Madhawsingh,3,0,3
Madhé,0,3,3
Madhen,3,0,3
Madhensingh,3,0,3
Madhevdevi,0,3,3
Madhevi-debie,0,3,3
Madhevidebi,0,3,3
Madhevidevi,0,3,3
Madhewee,0,3,3
Madhewidewi,0,3,3
Madhia,0,3,3
Madhita,0,3,3
Madhivi,0,3,3
Madhiwi,0,3,3
Madhiwiedebie,0,3,3
Madhne,3,0,3
Madhoematie,0,3,3
Madhoer,0,3,3
Madhoeri,0,3,3
Madhoeridevie,0,3,3
Madhoerie,0,3,3
Madhoesoedhan,3,0,3
Madhoewi,0,3,3
Madhoewie,0,3,3
Madhouri,0,3,3
Madhoury,0,3,3
Madhovi,0,3,3
Madhronica,0,3,3
Madhubani,0,3,3
Madhudjoti,0,3,3
Madhukala,0,3,3
Madhukoemarie,0,3,3
Madhunisha,0,3,3
Madhunishadevi,0,3,3
Madhura,0,3,3
Madhurani,0,3,3
Mádhuri,0,3,3
Madhurisha,0,3,3
Madhurya,0,3,3
Madhusana,3,0,3
Madhushala,0,3,3
Madhushnika,0,3,3
Madhuvanti,0,3,3
Madhuvi-Devi,0,3,3
Madhuviedebie,0,3,3
Madhuwati,0,3,3
Madhuwe,0,3,3
Madhvi-devi,0,3,3
Madhvy,0,3,3
Madhwan,0,3,3
Madhwidevi,0,3,3
Madhwidevie,0,3,3
Madhwidewika,0,3,3
Madhwidibie,0,3,3
Madhya,0,3,3
Madian,3,0,3
Madiana,0,3,3
Madianna,0,3,3
Madibha,0,3,3
Madibma,3,0,3
Madiea,0,3,3
Madieh,3,0,3
Madiet,0,3,3
Madigan,0,3,3
Madih,3,0,3
Madíha,0,3,3
Madiina,0,3,3
Madiino,0,3,3
Madijo,0,3,3
Madiken,0,3,3
Madikh,3,0,3
Madil,3,0,3
Madilein,0,3,3
Madilena,0,3,3
Madilène,0,3,3
Madilia,0,3,3
Madilief,0,3,3
Madilla,0,3,3
Madilyn,0,3,3
Madinat,0,3,3
Madinatu,0,3,3
Madinda,0,3,3
Madinell,3,0,3
Madinga,0,3,3
Madingley,0,3,3
Madinho,3,0,3
Madinia,0,3,3
Madinja,0,3,3
Madiodio,3,0,3
Madiol,0,3,3
Madionis,3,0,3
Madique,0,3,3
Madira,0,3,3
Madise,0,3,3
Madisha,0,3,3
Madison-Fay,0,3,3
Madisyn,0,3,3
Madit,0,3,3
Madithe,0,3,3
Madiu,3,0,3
Madiva,0,3,3
Madiyan,3,0,3
Madjana,0,3,3
Madjd,3,0,3
Madjda,0,3,3
Madjebien,0,3,3
Madjeed,3,0,3
Madjella,0,3,3
Madjely,0,3,3
Madjenè,0,3,3
Mâdjenna,0,3,3
Madjenta,0,3,3
Madjente,0,3,3
Madjer,3,0,3
Madjér,3,0,3
Madjerie,0,3,3
Madjerno,3,0,3
Madjery,0,3,3
Madjeski,0,3,3
Madji,0,3,3
Madjib,3,0,3
Madjiden,0,3,3
Madjiedan,0,3,3
Madjien,3,0,3
Madjiguene,0,3,3
Madjinda,0,3,3
Madjnoe,3,0,3
Madjonta,0,3,3
Madjori,0,3,3
Madjorie,0,3,3
Madjory,0,3,3
Madla,0,3,3
Madlain,0,3,3
Madlaina,0,3,3
Madlena,0,3,3
Madlene,0,3,3
Madlenka,0,3,3
Madlenn,0,3,3
Madline,0,3,3
Madllen,0,3,3
Madlon,3,0,3
Madly,0,3,3
Madlyne,0,3,3
Madnavidevi,0,3,3
Madoche,3,0,3
Madoeka,0,3,3
Madoeridebij,0,3,3
Madoerie,0,3,3
Madoes,0,3,3
Madoeska,0,3,3
Madoji,0,3,3
Madoka,0,3,3
Madolein,0,3,3
Madolina,0,3,3
Madon,3,0,3
Madona,0,3,3
Madoraine,0,3,3
Madôt,0,3,3
Madouas,0,3,3
Madouche,0,3,3
Madouelle,0,3,3
Madousou,0,3,3
Madox,3,0,3
Madra,0,3,3
Madrahasj,3,0,3
Madre,0,3,3
Madree,0,3,3
Madrelienna,0,3,3
Madria,0,3,3
Madrid,0,3,3
Madrieke,0,3,3
Madriena,0,3,3
Madriënne,0,3,3
Madrika,0,3,3
Madrilena,0,3,3
Madrion,3,0,3
Madrisa,0,3,3
Madrona,0,3,3
Madroom,0,3,3
Mads-Emil,3,0,3
Mads-Hidde,3,0,3
Madser,3,0,3
Madsidik,3,0,3
Madsz,3,0,3
Madts,3,0,3
Madulain,0,3,3
Madulaine,0,3,3
Maduri,0,3,3
Madusa,0,3,3
Madushanka,3,0,3
Madusu,0,3,3
Maduvi,0,3,3
Maduwie,0,3,3
Madvidevi,0,3,3
Madviedevie,0,3,3
Madwi,0,3,3
Madwidewie,0,3,3
Madwie,0,3,3
Madwin,3,0,3
Màdy,0,3,3
Mady-Ann,0,3,3
Mady-Arline,0,3,3
Mady-Mary,0,3,3
Madya-Naz,0,3,3
Madyalaya,0,3,3
Madyasa,0,3,3
Madyjan,0,3,3
Madyke,0,3,3
Madylène,0,3,3
Madys,0,3,3
Madysson,0,3,3
Madzia,0,3,3
Madzy-Fleur,0,3,3
Mãe,0,3,3
Maë,0,3,3
mae,0,3,3
MAE,0,3,3
Maè,0,3,3
Mae'aingeley,0,3,3
Mae'juangelly,0,3,3
Mae-An,0,3,3
Mae-ann,0,3,3
Mae-fah,0,3,3
Mae-Fong,0,3,3
Mae-Gin,0,3,3
Mae-ite,0,3,3
Mae-Jill,0,3,3
Maé-Lany,0,3,3
Mae-Lay,0,3,3
Mae-Lee,0,3,3
Mae-Ley,0,3,3
Mae-Li,0,3,3
Mae-Lien,0,3,3
Mae-Lieve,0,3,3
Mae-Lina,0,3,3
Mae-Linde,0,3,3
Mae-ling,0,3,3
Mae-Linh,0,3,3
Mae-Linn,0,3,3
Mae-Luna,0,3,3
Maé-Lyan,0,3,3
Mae-Lyènne,0,3,3
Maé-shayro,3,0,3
Mae-Wah,0,3,3
Mae-Yang,0,3,3
Mae-Yen,0,3,3
Mae-Yin,0,3,3
Mae-Ying,0,3,3
Maebell,0,3,3
Maebhlynn,0,3,3
Maebrit,0,3,3
Maebritt,0,3,3
Maebyn,0,3,3
Maecarla,0,3,3
Maëcel,3,0,3
Maeceo,3,0,3
Maecey,0,3,3
Maechteld,0,3,3
Maechtelina,0,3,3
Maecino-George,3,0,3
Maecio,3,0,3
Maeckel,3,0,3
Maedde,0,3,3
Maede,0,3,3
Maedote,0,3,3
Maedunya,0,3,3
Maeeda,0,3,3
Maegan-Elise,0,3,3
Maegann,0,3,3
Maegrita,0,3,3
Maegwin,0,3,3
Maehley,0,3,3
Maëhlys,0,3,3
Maeijcke,0,3,3
Maeik,3,0,3
Maeike-Ali,0,3,3
Maeikel,0,3,3
Maeiken,0,3,3
Maeis,0,3,3
Maek,3,0,3
Maekele,3,0,3
Maëla,0,3,3
Maëlan,3,0,3
Maelana,0,3,3
Maelani,0,3,3
Maëlde,0,3,3
Maelé,0,3,3
Maeléa,0,3,3
Maeleah,0,3,3
Maelechi,3,0,3
Maelena,0,3,3
Maeley-Mae,0,3,3
Maelgessa,0,3,3
Maelgwyn,3,0,3
Maëlh,3,0,3
Maéli,0,3,3
Maélia,0,3,3
Maeliah,0,3,3
Maelian,3,0,3
Maelina,0,3,3
Maelinde,0,3,3
Maelique,0,3,3
Maélis,0,3,3
Maelise,0,3,3
Maelisha,0,3,3
Maélisz,0,3,3
Maelitha,0,3,3
Maeliva,0,3,3
Maeliya,0,3,3
Maeliyaasia,0,3,3
Maéliyah,0,3,3
Maelize,0,3,3
Maéll,3,0,3
Maell,0,3,3
Maèlla,0,3,3
Maèlle,0,3,3
Maëlli,0,3,3
Maellys,0,3,3
Maëllys,0,3,3
Maelohy,0,3,3
Maelon,3,0,3
Maelou,0,3,3
Maelouise,0,3,3
Maeluna,0,3,3
Maély,0,3,3
Maelya,0,3,3
Maëlyne,0,3,3
Maélynn,0,3,3
Maelynn-Fae,0,3,3
Maelynne,0,3,3
Maelyse,0,3,3
Maem,0,3,3
Maemke,0,3,3
Maëmy,0,3,3
Maën,3,0,3
Maene,0,3,3
Maenke,3,0,3
Maenus,3,0,3
Maeoua,0,3,3
Maer'Lo,3,0,3
Maeran,3,0,3
Maerel,0,3,3
Maeret,3,0,3
Maergely,0,3,3
Maeri-Li,0,3,3
Maeriam,0,3,3
Maerijn,3,0,3
Maeriko,3,0,3
Maerilijn,0,3,3
Maerla,0,3,3
Maerle-Sophie,0,3,3
Maerlien,0,3,3
Maeroa,0,3,3
Maerte,0,3,3
Maertijne,0,3,3
Maertynne,0,3,3
Maeru,3,0,3
Maerwin,3,0,3
Maery-Viën,0,3,3
Maerylou,0,3,3
Maerysha,0,3,3
Maés,3,0,3
Maesam,0,3,3
Maesanne,0,3,3
Maesem,3,0,3
Maesha,0,3,3
Maeson-Davidson,3,0,3
Maeson-Rahmell,3,0,3
Maessa,0,3,3
Maessae,0,3,3
Maésson,3,0,3
Maestrale,3,0,3
Maestro,3,0,3
Maesun,0,3,3
Maesyn,3,0,3
Maet,3,0,3
Maetë,0,3,3
Maetela,3,0,3
Maethawinie,0,3,3
Maethywa,0,3,3
Maevari,0,3,3
Maève,0,3,3
Maeve-Fay,0,3,3
Maeveny,0,3,3
Maevey,0,3,3
Maévi,0,3,3
Maeviah,0,3,3
Maeviz,0,3,3
Maewen,3,0,3
Maexon,0,3,3
Maexx,3,0,3
Maeya,0,3,3
Maeyan,3,0,3
Maeyari,0,3,3
Maeybritt,0,3,3
Maeycke,0,3,3
Maeyi,0,3,3
Maeylin,3,0,3
Maeysha,0,3,3
Maeyve,0,3,3
Maeza,3,0,3
Maezah,0,3,3
Maezie,0,3,3
Mãezinha,0,3,3
Maezon,3,0,3
Mafaldo,3,0,3
Mafanta,0,3,3
Mafata,0,3,3
Maferen,0,3,3
Maffalda,0,3,3
Maffo,0,3,3
Mafi,0,3,3
Mafissa,0,3,3
Mafourneen,0,3,3
Mafouta-Louyindoula,0,3,3
Mafouze,3,0,3
Mafrano,3,0,3
Maftuux,3,0,3
Mag,3,0,3
MAG,0,3,3
Maga,0,3,3
Magabi,0,3,3
Magadrisj,3,0,3
Magaidh,0,3,3
Magaidy,3,0,3
Magaine,0,3,3
Magal,0,3,3
Magalah,0,3,3
Magalena,0,3,3
Magaley,0,3,3
Magalhães,3,0,3
Mágali,0,3,3
Magalia,0,3,3
Magalien,0,3,3
Magalij,0,3,3
Magalila,0,3,3
Magalio,0,3,3
Magalith,0,3,3
Magally,0,3,3
Magalye,0,3,3
Magalys,0,3,3
Magam,0,3,3
Maganda,0,3,3
Maganietha,0,3,3
Magareth,0,3,3
Magarette,0,3,3
Magari,0,3,3
Magariet,0,3,3
Magarieta,0,3,3
Magarina,0,3,3
Magary,0,3,3
Magavelie,3,0,3
Magavio,3,0,3
Magaya,0,3,3
Magayon,0,3,3
Magbè,0,3,3
Magbe,0,3,3
Magboula,0,3,3
Magchalina,0,3,3
Magchiel-Jan,3,0,3
Magchiela,0,3,3
Magchiella,0,3,3
Magchtelt,0,3,3
Magda-Ann,0,3,3
Magda-Louise,0,3,3
Magda-Nella,0,3,3
Magdagreta,0,3,3
Magdah,3,0,3
Magdalé,0,3,3
Magdaleña,0,3,3
Magdalena-Sophia,0,3,3
Magdalenasantal,0,3,3
Magdalenne,0,3,3
Magdali,0,3,3
Magdaliena,0,3,3
Magdaliene,0,3,3
Magdalijna,0,3,3
Magdalinde,0,3,3
Magdalinn,0,3,3
Magdalio,3,0,3
Magdalis,0,3,3
Magdalivia,0,3,3
Magdalône,0,3,3
Magdalyne,0,3,3
Magdarlene,0,3,3
Magdelane,0,3,3
Magdeleentje,0,3,3
Magdelenus,3,0,3
Magdelieke,0,3,3
Magdelien,0,3,3
Magdeliet,0,3,3
Magdelietje,0,3,3
Magdelin,0,3,3
Magdelon,0,3,3
Magdeltje,0,3,3
Magdiëla,0,3,3
Magdiëlle,0,3,3
Magdis,0,3,3
Magdo,3,0,3
Magdola,0,3,3
Magdolien,0,3,3
Magdolin,0,3,3
Magdot,0,3,3
Magdoulien,0,3,3
Magdouline,0,3,3
Mage,0,3,3
Mageali,0,3,3
Magecy,0,3,3
Magee,3,0,3
Mageerte,0,3,3
Magelia,0,3,3
Magelien,0,3,3
Mageline,0,3,3
Mageltje,0,3,3
Magely,0,3,3
Magén,3,0,3
Magena,0,3,3
Magenna,0,3,3
Magennah,0,3,3
Magerete,0,3,3
Magerita,0,3,3
Magerite,0,3,3
Mageritha,0,3,3
Magerry,0,3,3
Magfira,0,3,3
Magfried,3,0,3
Maggalina,0,3,3
Maggariz,0,3,3
Maggee,0,3,3
Maggei,0,3,3
Maggelij,0,3,3
Maggeny,0,3,3
Maggielizzie,0,3,3
Maggij,0,3,3
Maggil,3,0,3
Maggilda,0,3,3
Maggine,0,3,3
Maggiore,0,3,3
Maggiorine,0,3,3
Maggutis,3,0,3
Maggy-Bouchette,0,3,3
Maggy-lynn,0,3,3
Magha,0,3,3
Maghaidy,0,3,3
Maghaley,0,3,3
Maghalia,0,3,3
Maghalvio,3,0,3
Maghavio,3,0,3
Maghawri,3,0,3
Maghdalena,0,3,3
Maghelien,0,3,3
Maghelina,0,3,3
Maghella,0,3,3
Maghen,0,3,3
Maghfour,3,0,3
Maghfra,0,3,3
Maghmoet,3,0,3
Maghrieta,0,3,3
Maghtilda,0,3,3
Magida,0,3,3
Magie,0,3,3
Magiela,0,3,3
Magielus,3,0,3
Magiena,0,3,3
Magienes,3,0,3
Magientje,0,3,3
Magildy,0,3,3
Maginie,0,3,3
Maginur,0,3,3
Magiri,0,3,3
Magirus,3,0,3
Magisha,0,3,3
Magister,3,0,3
Magiting,3,0,3
Magla,0,3,3
Maglard,3,0,3
Magleen,0,3,3
Maglenn,0,3,3
Magley,0,3,3
Maglien,0,3,3
Maglina,0,3,3
Magnalena,0,3,3
Magnani,0,3,3
Magnet,3,0,3
Magnhild,0,3,3
Magnhilda,0,3,3
Magni,3,0,3
Magnificat,0,3,3
Magnifique,0,3,3
Magnija,0,3,3
Magnijonne,0,3,3
Magnina,0,3,3
Magnité,0,3,3
Magnoliah,0,3,3
Magnum,3,0,3
Magnus-Alexander,3,0,3
Magnus-Thiago,3,0,3
Magnusdotter,0,3,3
Magnusius,3,0,3
Magoedoe,0,3,3
Magolda,0,3,3
Magomedovich,3,0,3
Magomedovna,0,3,3
Magor,3,0,3
Magosja,0,3,3
Magreat,0,3,3
Magreeta,0,3,3
Magreetje,0,3,3
Magrèt,0,3,3
Magrett,0,3,3
Magretus,3,0,3
Magriethus,3,0,3
Magrijn,3,0,3
Magritte,0,3,3
Magritus,3,0,3
Magryl,0,3,3
Magryta,0,3,3
Magsey,0,3,3
Magtel,0,3,3
Magteldtje,0,3,3
Magteline,0,3,3
Mägtelt,0,3,3
Magteltjen,0,3,3
Magtharia,0,3,3
Magthildus,3,0,3
Magu,0,3,3
Magua,3,0,3
Maguell,3,0,3
Maguerite,0,3,3
Maguey,3,0,3
Maguiateu,0,3,3
Maguire,3,0,3
Magummery,3,0,3
Maguosa,3,0,3
Magurat,3,0,3
Magy,0,3,3
Magzella,3,0,3
Magzum,3,0,3
Mah'ed,3,0,3
Mah-Noor,0,3,3
Mahaa,0,3,3
Mahaar,0,3,3
Mahaasine,0,3,3
Mahaaz,3,0,3
Mahabali,3,0,3
Mahacine,0,3,3
Mahadai,0,3,3
Mahadalaah,3,0,3
Mahaday,0,3,3
Mahadea,0,3,3
Mahadee,0,3,3
Mahader,0,3,3
Mahadeva,3,0,3
Mahadevi,0,3,3
Mahadewa,3,0,3
Mahadewpersad,3,0,3
Mahadewsing,3,0,3
Mahadey,0,3,3
Mahadie,3,0,3
Mahadjabeennaaz,0,3,3
Mahadma,3,0,3
Mahadsan,0,3,3
Mahaduratna,0,3,3
Mahafoud,3,0,3
Mahagany,0,3,3
Mahagaurie,0,3,3
Mahaila,0,3,3
Mahailla,0,3,3
Mahaily,0,3,3
Mahairah,0,3,3
Mahairo,3,0,3
Mahaïsch,3,0,3
Mahajah,0,3,3
Mahajana,0,3,3
Mahalalel,3,0,3
Mahalath,0,3,3
Mahalie,0,3,3
Mahaly,0,3,3
Mahalyah,0,3,3
Mahama,3,0,3
Mahamednuur,3,0,3
Mahammand,3,0,3
Mahamod,3,0,3
Mahamuda,0,3,3
Mahana,0,3,3
Mahanad,3,0,3
Mahanaïm,3,0,3
Mahanaim,3,0,3
Mahangoe,3,0,3
Mahani,0,3,3
Mahanidh,3,0,3
Mahanipuna,3,0,3
Mahanth,3,0,3
Mahaputra,3,0,3
Maharai,3,0,3
Maharajee,0,3,3
Maharana,3,0,3
Mahardhika,3,0,3
Mahareya,0,3,3
Mahari,3,0,3
Maharie,3,0,3
Maharisj,3,0,3
Mahasawietridevi,0,3,3
Mahase,3,0,3
Mahasine,0,3,3
Mahasri,0,3,3
Mahastie,0,3,3
Mahasudana,0,3,3
Mahasvin,3,0,3
Mahat,3,0,3
Mahatam,3,0,3
Mahathma,3,0,3
Mahati,0,3,3
Mahato,3,0,3
Mahatum,3,0,3
Mahault,3,0,3
Mahaut,0,3,3
Mahaveersingh,3,0,3
Mahavira,0,3,3
Mahavirsing,3,0,3
Mahawadhi-Archshaikh,3,0,3
Mahawasala,0,3,3
Mahayla,0,3,3
Mahazebien,0,3,3
Mahazer,3,0,3
Mahazubeen,0,3,3
Mahbe,0,3,3
Mahbeer,3,0,3
Mahberi,0,3,3
Mahboba,0,3,3
Mahboeb,3,0,3
Mahboub,3,0,3
Mahboubhe,0,3,3
Mâhbub,0,3,3
Mahbuba,0,3,3
Mahbube,0,3,3
Mahbubullah,3,0,3
Mahbup,0,3,3
Mahbûp,0,3,3
Mahdad,3,0,3
Mahdalia,0,3,3
Mahder,0,3,3
Mahdía,0,3,3
Mahdiar,3,0,3
Mahdiey,3,0,3
Mahdis,0,3,3
Mahdiyyah,0,3,3
Mahdjabien,0,3,3
Mahdou-Lamine,3,0,3
Mahdurie,0,3,3
Mahea,0,3,3
Mahealanie,0,3,3
Maheboob,3,0,3
Mahedi,3,0,3
Mahedjebien,0,3,3
Maheer,3,0,3
Maheera,0,3,3
Maheira,0,3,3
Mahêjabeengatoen,0,3,3
Mahelany,0,3,3
Maheleet,0,3,3
Mahelet,0,3,3
Mahélia,0,3,3
Mahelja,0,3,3
Mahem,0,3,3
Mahemoed,3,0,3
Mahemoud,3,0,3
Mahendernat,3,0,3
Mahenderpertab,3,0,3
Mahendra-Raaj,3,0,3
Mahendran,3,0,3
Mahendrawahyu,3,0,3
Mahenoor,0,3,3
Mahenthiram,3,0,3
Mahenthiri,0,3,3
Máher,3,0,3
Mahera,0,3,3
Maherád,3,0,3
Maherah,0,3,3
Maherarani,0,3,3
Mahersala,3,0,3
Mahersh,3,0,3
Mahesch,0,3,3
Maheshanand,3,0,3
Maheshvar,3,0,3
Maheshwardath,3,0,3
Maheshwaridevi,0,3,3
Mahess,3,0,3
Maheswar,3,0,3
Maheswara,3,0,3
Maheswarie,0,3,3
Mahetsi,0,3,3
Maheyyudin,3,0,3
Mahez,3,0,3
Mahfam,0,3,3
Mahfoeza,0,3,3
Mahfooz,0,3,3
Mahfotha,0,3,3
Mahfouz-Ali,3,0,3
Mahfud,3,0,3
Mahgdi,3,0,3
Mahgouba,0,3,3
Mahgul,0,3,3
Mahgy,0,3,3
Mahhmmut,3,0,3
Mahi-Noor,0,3,3
Mahibales,3,0,3
Mahibe,0,3,3
Mahibella,0,3,3
Mahichand,3,0,3
Mahida,0,3,3
Mahidan,0,3,3
Mahien,0,3,3
Mahigül,0,3,3
Mahij,0,3,3
Mahija,0,3,3
Mahijan,0,3,3
Mahijano,3,0,3
Mahilal,3,0,3
Mahilda,0,3,3
Mahilini,0,3,3
Mahimadebi,0,3,3
Mahimadevi,0,3,3
Mahimanie,0,3,3
Mahinda,3,0,3
Mahindat,3,0,3
Mahinderkapoor,3,0,3
Mahindernathsingh,3,0,3
Mahinderpartap,3,0,3
Mahindersingh,3,0,3
Mahindher,3,0,3
Mahindrakapur,3,0,3
Mahindrakumar,3,0,3
Mahindre,3,0,3
Mahindresing,3,0,3
Mahineesh,3,0,3
Mahinel,0,3,3
Mahinesh,3,0,3
Mahinoor,0,3,3
Mahipal,3,0,3
Mahipathsingh,3,0,3
Mahirkhan,3,0,3
Mahisa,0,3,3
Mahísh,3,0,3
Mahisha,0,3,3
Mahishkumar,3,0,3
Mahista,0,3,3
Mahitaap,0,3,3
Mahitabel,0,3,3
Mahitri,0,3,3
Mahitwa,0,3,3
Mahiva,0,3,3
Mahiye,0,3,3
Mahjamin,0,3,3
Mahjbou,0,3,3
Mahjebeen,0,3,3
Mahjenta,0,3,3
Mahjoba,0,3,3
Mahjuba,0,3,3
Mahla,0,3,3
Mahlaika,0,3,3
Mahlaqa,0,3,3
Mahleqa,0,3,3
Mahlika,0,3,3
Mahmaduri,3,0,3
Mahmat,3,0,3
Mahmed,0,3,3
Mahmiga,0,3,3
Mahmoeda,0,3,3
Mahmoedagatoen,0,3,3
Mahmoedsha,3,0,3
Mahmoedshah,3,0,3
Mahmooda-Ganem,0,3,3
Mahmoun,3,0,3
Mâhmûd,3,0,3
Mahmudah,0,3,3
Mahmudtinyon,3,0,3
Mahmure,0,3,3
Mahmuriye,0,3,3
Mahmut-Lokman,3,0,3
Mahmutcan,3,0,3
Mahmutemin,3,0,3
Mahmuthan,3,0,3
Mahna,0,3,3
Mahnaas,0,3,3
Mahnam,0,3,3
Mahnishya,0,3,3
Mahno,3,0,3
Mahnoer,0,3,3
Mahnosh,0,3,3
Mahnoy,3,0,3
Mahnoz,0,3,3
Mahogeny,0,3,3
Mahogny,0,3,3
Mahone,3,0,3
Mahonie,3,0,3
Mahoqueney,0,3,3
Mahortjie,0,3,3
Mahoud,3,0,3
Mahoussi,0,3,3
Mahova,3,0,3
Mahowa,0,3,3
Mahpara,0,3,3
Mahpeyker,0,3,3
Mahraan,3,0,3
Mahrael,0,3,3
Mahrag,3,0,3
Mahraiel,0,3,3
Mahrane,3,0,3
Mahrein,3,0,3
Mahres,3,0,3
Mahrhindha,0,3,3
Mahri,0,3,3
Mahrien,0,3,3
Mahritcia,0,3,3
Mahrnord,3,0,3
Mahroenniesa,0,3,3
Mahroennisa,0,3,3
Mahroes,3,0,3
Mahroesh,0,3,3
Mahroof,3,0,3
Mahroosh,0,3,3
Mahrooz,3,0,3
Mahros,3,0,3
Mahrous-Mina,3,0,3
Mahrumi,3,0,3
Mahsen,3,0,3
Mahsoem,3,0,3
Mahsun-Faruk,3,0,3
Mahsunu,3,0,3
Mahsuri,0,3,3
Mahtap,0,3,3
Mahtee,0,3,3
Mahthild,0,3,3
Mahtijn,3,0,3
Mahtjeü,3,0,3
Mahto,3,0,3
Mahudali,3,0,3
Mahunda,3,0,3
Mahunur,0,3,3
Mahusna,0,3,3
Mahuta,3,0,3
Mahutin,0,3,3
Mahvash,0,3,3
Mahwa,0,3,3
Mahwaa,0,3,3
Mahwais,0,3,3
Mahwed,3,0,3
Mahx,3,0,3
Mahy,3,0,3
Mahyas,0,3,3
Mahzabin,0,3,3
Mahzad,0,3,3
Mahzebien,0,3,3
Mahzoub,3,0,3
Mahzun,3,0,3
Mài,3,0,3
Maí,0,3,3
Maî,0,3,3
Mai'Lin,0,3,3
Mai-An,0,3,3
Mai-ana,0,3,3
Mai-han,0,3,3
Mai-Jin,0,3,3
Mai-Khanh,0,3,3
Mai-Leigh,0,3,3
Mai-Ley,0,3,3
Mai-Leytha,0,3,3
Mai-Lun,0,3,3
Mai-ly,0,3,3
Mai-Lyn,0,3,3
Mai-lynn,0,3,3
Mai-San,3,0,3
Mai-shuang,0,3,3
Mai-Yee,0,3,3
Maía,0,3,3
Maia-Nadira,0,3,3
Maiaar,0,3,3
Maiah,0,3,3
Maialda,0,3,3
Maialzamee,0,3,3
Maian,0,3,3
Maiander,3,0,3
Maiar,0,3,3
Maiare,0,3,3
Maibhe,0,3,3
Maibrit,0,3,3
Maiby,0,3,3
Maicalle,0,3,3
Mäicel,3,0,3
Maicella,0,3,3
Maicheal,3,0,3
Maichelin,0,3,3
Maicheline,0,3,3
Maichella,0,3,3
Maichello,3,0,3
Maicherson,3,0,3
Maichilangelo,3,0,3
Maichol,3,0,3
Maickaël,3,0,3
Mâickel,3,0,3
Maickel-Emanuel,3,0,3
Maïckelty,3,0,3
Maickline,0,3,3
Maïco,3,0,3
Maicot,3,0,3
Maicow,3,0,3
Maïcus,3,0,3
Maicylyn,0,3,3
Maidā,0,3,3
Maidali,0,3,3
Maidan,0,3,3
Maidelijne,0,3,3
Maidelyn,0,3,3
Maïder,3,0,3
Maidi,0,3,3
Maidina,0,3,3
Maidō,0,3,3
Maidu,0,3,3
Maidulph,3,0,3
Maïel,3,0,3
Maiela,0,3,3
Maïella,0,3,3
Maiella,0,3,3
Maiely,3,0,3
Maïete,0,3,3
Maifa,0,3,3
Maifano,3,0,3
Maifarah,0,3,3
Maiga,3,0,3
Maigag,0,3,3
Maigera,3,0,3
Maighdline,0,3,3
Maighel,3,0,3
Maighread,0,3,3
Maigréad,0,3,3
Maigreth,0,3,3
Maigrin,0,3,3
Maihan,3,0,3
Maihino,3,0,3
Maihly,0,3,3
Maihra,0,3,3
Maihroem,0,3,3
Maii,0,3,3
Maijaeley,0,3,3
Maijah,0,3,3
Maijari,3,0,3
Maijco,3,0,3
Maijert,3,0,3
Maijgen,0,3,3
Maijk,3,0,3
Maijken,3,0,3
Maijo,3,0,3
Maik-Bernard,3,0,3
Maik-Ivan,3,0,3
Maik-Martin,3,0,3
Maika-Anna,0,3,3
Maika-Ling,0,3,3
Maikael,3,0,3
Maikaeline,0,3,3
Maikah,3,0,3
Maikara,3,0,3
Maiké,3,0,3
Maike-Carintine,0,3,3
Maike-Eline,0,3,3
Maike-Itske,0,3,3
Maikeal,3,0,3
Mäikel,3,0,3
Maikèl,3,0,3
Maikel-Angelo,3,0,3
Maikel-Ben,3,0,3
Maikel-Jan,3,0,3
Maikel-junior,3,0,3
Maikel-Owen,3,0,3
Maikel-Pieter,3,0,3
Maikel-Rinze,3,0,3
Maikel-Vincent,3,0,3
Maikeljayson,3,0,3
Maikely,3,0,3
Maikelya,0,3,3
Maikeysha,0,3,3
Maikhal,3,0,3
Maikhol,3,0,3
Maikka,0,3,3
Maikkel,3,0,3
Maikki,0,3,3
Maikle,3,0,3
Maiklin,3,0,3
Maikni,3,0,3
Maikoh,3,0,3
Maikon,3,0,3
Maikqangelica,0,3,3
Maikshara,0,3,3
Maiksurangelo,3,0,3
Maikus,3,0,3
Maikyto,3,0,3
Maïla,0,3,3
Maila-Ann,0,3,3
Mailaa,0,3,3
Mailea,0,3,3
Maileah,0,3,3
Maïley,0,3,3
Maileya,0,3,3
Maileyienne,0,3,3
Maileyson,3,0,3
Mailí,0,3,3
Mailien,0,3,3
Mailiene,0,3,3
Mailili,0,3,3
Mailín,0,3,3
Mailine,0,3,3
Mailinka,0,3,3
Mailis,0,3,3
Mailison,3,0,3
Mailiyah,0,3,3
Maill,3,0,3
Mailla,0,3,3
Maillette,0,3,3
Maïllis,0,3,3
Maillis,0,3,3
Maillison,3,0,3
Maillou,0,3,3
Maillyson,3,0,3
Maïlo,3,0,3
Mailow-Davèn,3,0,3
Mailson,3,0,3
Mailu,0,3,3
Mailun,3,0,3
Mailuna,0,3,3
Mailursuja,0,3,3
Maïly,0,3,3
Maily-Indira,0,3,3
Mailyne,0,3,3
Maïlys,0,3,3
Mailyse,0,3,3
Maïlyss,0,3,3
Maïm,0,3,3
Maimassala,0,3,3
Maimiek,0,3,3
Maimiena,0,3,3
Maimin,3,0,3
Maimoen,3,0,3
Maimoenagatoen,0,3,3
Maimoenah,0,3,3
Maimoende,0,3,3
Maimoina,0,3,3
Maimon,3,0,3
Maimona,0,3,3
Maimonah,0,3,3
Maimoonah,0,3,3
Maimounatou,0,3,3
Maïmounatou,0,3,3
Maimoune,3,0,3
Maimunatu,0,3,3
Maina-Martin,3,0,3
Mainaka,0,3,3
Mainard,3,0,3
Mainason,3,0,3
Mainawati,0,3,3
Maincelitha,0,3,3
Maindrian,3,0,3
Mainely,0,3,3
Mainke,0,3,3
Mainn,0,3,3
Maïnne,0,3,3
Mainomi,0,3,3
Mainor,3,0,3
Mainrich,0,3,3
Mainsa,0,3,3
Mainsje,0,3,3
Mainy,0,3,3
Mainze,3,0,3
Maiolein,0,3,3
Maionah,0,3,3
Maiquellito,3,0,3
Maiquelro,3,0,3
Maiquensely,0,3,3
Maïr,3,0,3
Maïra-Aisha,0,3,3
Mairaelisa,0,3,3
Mairaell,0,3,3
Mairahama,3,0,3
Mairalyn,0,3,3
Mairam,0,3,3
Mairav,3,0,3
Mãire,0,3,3
Mairead,0,3,3
Mairée,0,3,3
Mairelle,0,3,3
Mairenie,0,3,3
Mairenn,0,3,3
Maireno,3,0,3
Maïrenyo,3,0,3
Máirghréad,0,3,3
Mairha,0,3,3
Màiri,0,3,3
Mairi-Ehlèn,0,3,3
Mairichon,3,0,3
Mairie,0,3,3
Mairiënegely,0,3,3
Mairika,0,3,3
Maïrin,0,3,3
Mairiska,0,3,3
Mairislie,0,3,3
Mairisyanto,3,0,3
Mairiveny,0,3,3
Mairlyn,0,3,3
Mairoby,0,3,3
Mairoen,0,3,3
Mairoh,3,0,3
Mairona,0,3,3
Mairone,0,3,3
Mairsa,0,3,3
Mairtin,3,0,3
Mairu,3,0,3
Mairyah,0,3,3
Mairyson,3,0,3
Māisah,0,3,3
Maïscha,0,3,3
Maise,3,0,3
Maïse,0,3,3
Maishantely,0,3,3
Maishayley,0,3,3
Maishel,3,0,3
Maishelino,3,0,3
Maisi,0,3,3
Maisia,0,3,3
Maisie-Callie,0,3,3
Maisie-Leigh,0,3,3
Maisimina,0,3,3
Maisjurah,0,3,3
Maiske,0,3,3
Maism,0,3,3
Maïson,3,0,3
Maissame,0,3,3
Maissan,0,3,3
Maïssan,0,3,3
Maissem,0,3,3
Maïssoune,0,3,3
Maissour,3,0,3
Maistro,3,0,3
Maisura,0,3,3
Maisya,0,3,3
Maitama,3,0,3
Maïtana,0,3,3
Mäitana,0,3,3
Maitane,0,3,3
Maitara,0,3,3
Maitè,0,3,3
Maíte,0,3,3
Maîtè,0,3,3
Maite-Marit,0,3,3
Maïten,0,3,3
Maïtèna,0,3,3
Maïtene,0,3,3
Maitenna,0,3,3
Maïtenna,0,3,3
Maiterie,0,3,3
Maithali,0,3,3
Maithany,0,3,3
Maïthé,0,3,3
Maithilie,0,3,3
Maithley,0,3,3
Maithree,0,3,3
Maithrie,0,3,3
Maitidi,0,3,3
Maitil,3,0,3
Maitilly,0,3,3
Maito,3,0,3
Maitrang,0,3,3
Maitre,0,3,3
Maitree,0,3,3
Maitreyi,0,3,3
Maitrié,0,3,3
Maitriedebie,0,3,3
Maitriedevie,0,3,3
Maitryi,0,3,3
Maityn,3,0,3
Maiv,3,0,3
Maive,0,3,3
Maivel,0,3,3
Maivi,0,3,3
Maivianne,0,3,3
Maiviány,0,3,3
Maivy,0,3,3
Maiwe,0,3,3
Maïwenn,0,3,3
Maiwi,0,3,3
Maiwynn,3,0,3
Maïxent,3,0,3
Maixi,0,3,3
Maiyah,0,3,3
Maiyan,0,3,3
Maiyla,0,3,3
Maiylo,3,0,3
Maiylow,3,0,3
Maiyra,0,3,3
Maiyrah,0,3,3
Maiyron,3,0,3
Maiysa,0,3,3
Maïz,3,0,3
Maizabella,0,3,3
Maïzah,0,3,3
Maize,3,0,3
Maizevai,0,3,3
Maizus,0,3,3
Maj-Brit,0,3,3
Maj-Brita,0,3,3
Maj-Di,0,3,3
Maj-Gret,0,3,3
Maj-lis,0,3,3
Maj-Lis,0,3,3
Maj-Liss,0,3,3
Maj-Saan,3,0,3
Maja-Devie,0,3,3
Maja-Dia,0,3,3
Maja-Erica,0,3,3
Maja-Jane,0,3,3
Maja-Larissa,0,3,3
Maja-Lisa,0,3,3
Maja-Lynn,0,3,3
Maja-Selene,0,3,3
Maja-Yann,0,3,3
Majabien,0,3,3
Majabin,0,3,3
Majad,3,0,3
Majada,0,3,3
Majadebie,0,3,3
Majadewie,0,3,3
Majaleine,0,3,3
Majalle,0,3,3
Majalouise,0,3,3
Majalyn,0,3,3
Majana,0,3,3
Majanga,0,3,3
Majangka,0,3,3
Majanie,0,3,3
Majar,0,3,3
Majarda,0,3,3
Majari,3,0,3
Majarie,3,0,3
Majary,3,0,3
Majate,0,3,3
Majatka,0,3,3
MAJB,3,0,3
Majc,3,0,3
Majca,0,3,3
Majdah,0,3,3
Majdalénka,0,3,3
Majdeldin,3,0,3
Majdolein,0,3,3
Majdolen,0,3,3
Majdolien,0,3,3
Majdoula,0,3,3
Majdoulien,0,3,3
Majdouliene,0,3,3
Majdoullin,0,3,3
Majdy,3,0,3
Majeda,0,3,3
Majeeda,0,3,3
Majeedkhan,3,0,3
Majeehley,0,3,3
Majega,3,0,3
Majek,3,0,3
Majela,0,3,3
Majelien,0,3,3
Majelleke,0,3,3
Majellie,0,3,3
Majellon,0,3,3
Majem,0,3,3
Majèn,0,3,3
Majenca,0,3,3
Majenge,0,3,3
Majëngi,0,3,3
Majengwe,0,3,3
Majenne,0,3,3
Majenneke,0,3,3
Majenta,0,3,3
Majente,0,3,3
Majentia,0,3,3
Majentie,0,3,3
Majer,3,0,3
Majerel,0,3,3
Majerie,0,3,3
Majery,0,3,3
Majeska,0,3,3
Majesti,0,3,3
Majestic,0,3,3
Majestic-Adinah,0,3,3
Majesty-Messiah,0,3,3
Majét,0,3,3
Majette,0,3,3
Majid-Dani,3,0,3
Majide,3,0,3
Majidullah,3,0,3
Majie,0,3,3
Majiid,3,0,3
Majik,0,3,3
Majim,3,0,3
Majindu,0,3,3
Majinka,0,3,3
Majinte,0,3,3
Majirre,0,3,3
Majisa,3,0,3
Majit,0,3,3
Majjella,0,3,3
Majk,3,0,3
Majkey,3,0,3
Majköl,3,0,3
Majle,0,3,3
Majleen,0,3,3
Majliss,0,3,3
Majlits,0,3,3
Majmoena,0,3,3
Majnoen,3,0,3
Majoen,0,3,3
Majoenah,0,3,3
Majoeri,0,3,3
Majoetra,0,3,3
Majohkonoe,0,3,3
Majoirie,0,3,3
Majoiry,0,3,3
Majok,3,0,3
Majolaine,0,3,3
Majoli,0,3,3
Majolieke,0,3,3
Majolientje,0,3,3
Majolinda,0,3,3
Majoline,0,3,3
Majoly,0,3,3
Majolyn,0,3,3
Majona,0,3,3
Majone,0,3,3
Majonie,0,3,3
Majonka,0,3,3
Majonneke,0,3,3
Majony,0,3,3
Majoor,3,0,3
Majoos,3,0,3
Majoppe,0,3,3
Majoraan,3,0,3
Majorca,0,3,3
Majoret,0,3,3
Majorie-Gracia,0,3,3
Majorieka,0,3,3
Majorika,0,3,3
Majorit,0,3,3
Majorrie,0,3,3
Majorry,0,3,3
Majoryn,0,3,3
Majoska,0,3,3
Majotte,0,3,3
Majou,0,3,3
Majoula,0,3,3
Majoury,0,3,3
Majoyrick,3,0,3
Majraylies,0,3,3
Majren,0,3,3
Majsah,0,3,3
Majse,0,3,3
Majson,3,0,3
Majstorowech,3,0,3
Majtheny,0,3,3
Majugra,0,3,3
Majúgra,0,3,3
Majugrao,3,0,3
Majuí,3,0,3
Majula,0,3,3
Majulein,0,3,3
Majuli,0,3,3
Majulie,0,3,3
Majuni,0,3,3
Majuran,3,0,3
Majuri,0,3,3
Majuschka,0,3,3
MAK,0,3,3
Mak-Tjin,0,3,3
Makaaiil,3,0,3
Makabi,0,3,3
Makadam,3,0,3
Makador,3,0,3
Makadou,0,3,3
Makaela,0,3,3
Makahina,0,3,3
Makail,3,0,3
Makaió,3,0,3
Makaio-Malona,3,0,3
Makaiyah,3,0,3
Makaizhen,3,0,3
Makali,0,3,3
Makaling,0,3,3
Makalo,3,0,3
Makalya,0,3,3
Makam,0,3,3
Makama,0,3,3
Makambe,0,3,3
Makamuene,3,0,3
Makanaki,3,0,3
Makangbe,0,3,3
Makanjou,3,0,3
Makanjuola,3,0,3
Makanvee,0,3,3
Makanwa,3,0,3
Makara,0,3,3
Makaran,3,0,3
Makario,3,0,3
Makarios-Shamar,3,0,3
Makarious,3,0,3
Makarius,3,0,3
Makasanda,3,0,3
Makasi,3,0,3
Makata,3,0,3
Makatendeka,0,3,3
Makatiani,3,0,3
Makatita,3,0,3
Makaveli-Shaquille,3,0,3
Makavelly,3,0,3
Makavilli,3,0,3
Makayabu,3,0,3
Makayla-Quinn,0,3,3
Makaylah,0,3,3
Makayra,0,3,3
Makayru,3,0,3
Makboel,3,0,3
Makbube,0,3,3
Makbula,0,3,3
Makbulenur,0,3,3
Makcim,3,0,3
Makdad,0,3,3
Makdes,0,3,3
Makdoer,3,0,3
Makéba,0,3,3
Makéda,0,3,3
Makedah,0,3,3
Makedonka,0,3,3
Makeeda,0,3,3
Makeen,3,0,3
Makeida,0,3,3
Mäkel,3,0,3
Makelia,0,3,3
Makenda,0,3,3
Makeni,0,3,3
Makenna,0,3,3
Makesha,0,3,3
Makesjha,0,3,3
Maketjai,0,3,3
Makeylah,0,3,3
Makhadi,0,3,3
Makhaela,0,3,3
Makhail,3,0,3
Makhaya,3,0,3
Makhayla,0,3,3
Makhdouline,0,3,3
Makhéba,0,3,3
Makhely,3,0,3
Makhily,3,0,3
Makhtum,0,3,3
Makiah,3,0,3
Makieke,0,3,3
Makimuena,3,0,3
Makinde,3,0,3
Makini,0,3,3
Makinsy,0,3,3
Makira,0,3,3
Makiri,3,0,3
Makisa,0,3,3
Makisam,0,3,3
Makisig,3,0,3
Makiya,0,3,3
Makiz,0,3,3
Makkabeüs,3,0,3
Makkah,0,3,3
Makkedah,0,3,3
Makkie,3,0,3
Makkiel,3,0,3
Makkulau,3,0,3
Makle,0,3,3
Makocha,0,3,3
Makoji,3,0,3
Makolies,0,3,3
Makolo,3,0,3
Makombe,3,0,3
Makome,0,3,3
Makonda,3,0,3
Makoryan,0,3,3
Makouny,0,3,3
Makoura,0,3,3
Makoza,3,0,3
Makramallah,3,0,3
Makrame,3,0,3
Makrem,3,0,3
Makridis,3,0,3
Makridou,0,3,3
Makrim,3,0,3
Makrishma,0,3,3
Makrit,0,3,3
Maks-Emiliaan,3,0,3
Makselle,0,3,3
Maksimiliana,0,3,3
Maksimilijan,3,0,3
Maksimillian,3,0,3
Maksimir,3,0,3
Maksimovitch,3,0,3
Maksimovna,0,3,3
Maksimus,3,0,3
Maksude,0,3,3
Maksum,3,0,3
Makswel,3,0,3
Maktar,3,0,3
Maktiré,3,0,3
Maktire,3,0,3
Maktup,3,0,3
Maku,3,0,3
Makula,0,3,3
Makululu,3,0,3
Makumbi,0,3,3
Makuna,3,0,3
Makuntina,3,0,3
Makuolisa,3,0,3
Makura,0,3,3
Makutatuwéwè,3,0,3
Makwa,3,0,3
Maky,3,0,3
Makynli,0,3,3
Makyntha,0,3,3
Makysha,0,3,3
Makz,3,0,3
Mal'ach,3,0,3
Mal'akhi,3,0,3
Mala'ik,3,0,3
Malaaika,0,3,3
Malaayka,0,3,3
Malaaz,0,3,3
Malacai,3,0,3
Malachí,3,0,3
Maladho,0,3,3
Malado,3,0,3
Malady,0,3,3
Malaeka,0,3,3
Malaeras,3,0,3
Malah,3,0,3
Malai,0,3,3
Malaia-Kanae,0,3,3
Malaiah,0,3,3
Malaicha,0,3,3
Malaih-Janea,0,3,3
Malaijah,0,3,3
Malâika,0,3,3
Malaisha,0,3,3
Malaiyka,0,3,3
Malajit,3,0,3
Malakaj,3,0,3
Malakhi,3,0,3
Malaki,3,0,3
Malakumarie,0,3,3
Malal,3,0,3
Malalu,0,3,3
Malaly,0,3,3
Malam,3,0,3
Malama,0,3,3
Malan,3,0,3
Malanca,0,3,3
Malane,0,3,3
Malang,3,0,3
Malanie,0,3,3
Malanius,3,0,3
Malanya,0,3,3
Malaseran,3,0,3
Malatu,3,0,3
Malau,0,3,3
Malavella,0,3,3
Malawasi,0,3,3
Malawatie,0,3,3
Malawiha,0,3,3
Malaxis,0,3,3
Malaya-Joy,0,3,3
Malayca,0,3,3
Malayeka,0,3,3
Malayika,0,3,3
Malaykah,0,3,3
Malayna,0,3,3
Malayo,3,0,3
Malaysïa,0,3,3
Malc,3,0,3
Malcherius,3,0,3
Malchero,3,0,3
Malchia,0,3,3
Malchias,3,0,3
Malchiël,3,0,3
Malchius,3,0,3
Malco,3,0,3
Malcolm-Jamal,3,0,3
Malcoln,3,0,3
Malde,0,3,3
Maldeeno,3,0,3
Maldie,0,3,3
Maldino,3,0,3
Maldja,0,3,3
Maldonado,3,0,3
Maldrite,0,3,3
Maldwyn,3,0,3
Malê,3,0,3
Male,0,3,3
Maleah-J,0,3,3
Maleak,0,3,3
Maleakhi,3,0,3
Maleander,0,3,3
Maleany,0,3,3
Maleasha,0,3,3
Maleayha-Sky,0,3,3
Malebo,0,3,3
Malébu,0,3,3
Malée,0,3,3
Maleene,0,3,3
Maleesa,0,3,3
Maleesha,3,0,3
Maleeve,3,0,3
Maleewan,0,3,3
Malei,0,3,3
Maleiah,0,3,3
Maleicka,0,3,3
Maleijn,3,0,3
Malein,0,3,3
Malejah,0,3,3
Malekabano,0,3,3
Malekai,3,0,3
Malekay,3,0,3
Maleko,3,0,3
Malektaj,0,3,3
Malembi,3,0,3
Malèn,0,3,3
Màlena,0,3,3
Maleney,0,3,3
Malenge,0,3,3
Maleni,0,3,3
Malensta,0,3,3
Malény,0,3,3
Malenzie,3,0,3
Maleo,3,0,3
Malerie,0,3,3
Malero,3,0,3
Malesika,0,3,3
Malessy,3,0,3
Maleter,3,0,3
Maletha,0,3,3
Malette,0,3,3
Maleva,0,3,3
Malevi,3,0,3
Maleyna,0,3,3
Malgerius,3,0,3
Malghalara,0,3,3
Malhtiewatie,0,3,3
Mali-Lei,0,3,3
Malìa,0,3,3
Malia-Nova,0,3,3
Maliaka,0,3,3
Maliamu,0,3,3
Maliana,0,3,3
Malianne,0,3,3
Maliate,3,0,3
Maliba,3,0,3
Malicasari,0,3,3
Malichay,3,0,3
Malichi,3,0,3
Malíck,3,0,3
Maličká,0,3,3
Malida,0,3,3
Malíe,0,3,3
Malieah,0,3,3
Málieha,0,3,3
Malielee,3,0,3
Maliella,0,3,3
Maliena,0,3,3
Maliene,0,3,3
Malifa,0,3,3
Maliff,3,0,3
Malih,3,0,3
Malihah,0,3,3
Malihe,0,3,3
Maliheh,0,3,3
Malihia,0,3,3
Maliiz,3,0,3
Malîk,3,0,3
Malika-She,0,3,3
Malikaghatoen,0,3,3
Malikai,3,0,3
Malikh,3,0,3
Malikiye,0,3,3
Maliku,0,3,3
Malim,0,3,3
Malìn,0,3,3
Malinah,0,3,3
Malinan,3,0,3
Malinawati,0,3,3
Malinche,0,3,3
Malindu,3,0,3
Malinee,3,0,3
Malingo,3,0,3
Mālinī,0,3,3
Malinidevi,0,3,3
Malinkwa,0,3,3
Malinsa,0,3,3
Malinsha,0,3,3
Malinton,3,0,3
Maliny,0,3,3
Malinya,0,3,3
Malio,3,0,3
Maliona,0,3,3
Malisä,0,3,3
Malisama,3,0,3
Malisja,0,3,3
Malissa-Mai,0,3,3
Malissha,0,3,3
Malisz,0,3,3
Malith,3,0,3
Malithza,0,3,3
Maliviëra,0,3,3
Maliwalaya,0,3,3
Malix,3,0,3
Maliyah-Mea,0,3,3
Maliyah-Meagan,0,3,3
Maliyah-Sky,0,3,3
Maliyajah,0,3,3
Maliz,3,0,3
Malizia,0,3,3
Malizza,0,3,3
Malkebasna,3,0,3
Malki,3,0,3
Malkias,3,0,3
Malkiel,3,0,3
Malkiël,3,0,3
Malkira,3,0,3
Malkita,0,3,3
Malkoç,3,0,3
Malkollm,3,0,3
Mallackiahntgelly,0,3,3
Mallaika,0,3,3
Mallalai,0,3,3
Mallany,0,3,3
Mallary,0,3,3
Mallaury,0,3,3
Mallenka,0,3,3
Mallery,0,3,3
Mallet,0,3,3
Malley,0,3,3
Malli,0,3,3
Mallia,0,3,3
Mallica,0,3,3
Mallik,3,0,3
Mallina,0,3,3
Mallishka,0,3,3
Malliska,0,3,3
Mallk,0,3,3
Mallki,3,0,3
Mallku,3,0,3
Mallonij,0,3,3
Mallony,0,3,3
Mallora,0,3,3
Mallou,0,3,3
Malloy,0,3,3
Mallqu,3,0,3
Mallqui,3,0,3
Mally,3,0,3
Mallyssa,0,3,3
Mallyt,0,3,3
Malmcolm,3,0,3
Malnie,0,3,3
Maloan,0,3,3
Maloba,0,3,3
Malody,0,3,3
Maloeck,0,3,3
Maloek,0,3,3
Maloeke,0,3,3
Maloena,0,3,3
Maloï,3,0,3
Malojana,0,3,3
Malôna,3,0,3
Malong,3,0,3
Malongui,3,0,3
Malonja,0,3,3
Malonne,0,3,3
Malonneke,0,3,3
Malora,0,3,3
Malori,0,3,3
Malot,0,3,3
Malou-Joan,0,3,3
Malous,0,3,3
Malousak,0,3,3
Maloushka,0,3,3
Malouska,0,3,3
Maloux,0,3,3
Malphina,0,3,3
Malroy,3,0,3
Malsjam,0,3,3
Malter,3,0,3
Malthy,0,3,3
Maltidewi,0,3,3
Maltie-Carmelita,0,3,3
Maltiedevie,0,3,3
Maltien,0,3,3
Maltilda,0,3,3
Maltina,0,3,3
Maltita,0,3,3
Maltiti,3,0,3
Malü,0,3,3
Màlu,0,3,3
Malu-Clair,0,3,3
Malú-Mali,0,3,3
Malu-Maxime,0,3,3
Maluakubika,3,0,3
Maluana,0,3,3
Maluba,0,3,3
Maluc,3,0,3
Maluca,0,3,3
Maluch,0,3,3
Maluda,0,3,3
Malueki,0,3,3
Maluela,0,3,3
Malufu,0,3,3
Maluk,3,0,3
Maluku,3,0,3
Malükün,3,0,3
MaluLani,0,3,3
Malulee,0,3,3
Maluma,0,3,3
Malumba,0,3,3
Malunga,0,3,3
Malungu,0,3,3
Malusa,0,3,3
Maluse,0,3,3
Malushi,0,3,3
Maluska,0,3,3
Maluuke,0,3,3
Maluvaï,0,3,3
Malvada,0,3,3
Malvania,0,3,3
Malveaux,3,0,3
Malvera,0,3,3
Malveric,0,3,3
Malvesa,0,3,3
Malvet,0,3,3
Malvi,3,0,3
Malvie,3,0,3
Malvien,0,3,3
Malviina,0,3,3
Mälvin,3,0,3
Malvyn,3,0,3
Malwika,0,3,3
Malwyn,3,0,3
Mály-ann,0,3,3
Malyanti,0,3,3
Malyarkhan,3,0,3
Malyck,3,0,3
Malycke,0,3,3
Malyna,0,3,3
Malynce,0,3,3
Malynda,0,3,3
Malyndi,0,3,3
Malynka,0,3,3
Malyon,0,3,3
Malyoun,0,3,3
Malysha,0,3,3
Malysia,0,3,3
Malyun,0,3,3
Mamaa,0,3,3
Mamadouba,3,0,3
Mamadoubobo,3,0,3
Mamadoulamin,3,0,3
Mamadualiu,3,0,3
Mamaeta,0,3,3
Mamaï,3,0,3
Mamaiba,0,3,3
Mamaisa,0,3,3
Mamanana,0,3,3
Mamand,3,0,3
Mamane,3,0,3
Mamani,0,3,3
Mamanigbe,0,3,3
Mamasta,0,3,3
Mamaua,0,3,3
Mamawa,0,3,3
Mamber,3,0,3
Mambrij,3,0,3
Mamdouha,3,0,3
Mame-Durowah,0,3,3
Mame-Fatou,0,3,3
Mame-Jan,3,0,3
Mame-Seynabou,0,3,3
Mamedkhan,3,0,3
Mamee,0,3,3
Mameh,0,3,3
Maméh,0,3,3
Mamekye,0,3,3
Mamelta,0,3,3
Mamengi,3,0,3
Mamère,0,3,3
Mamerta,0,3,3
Mamertius,3,0,3
Mamerto,3,0,3
Mamet,3,0,3
MAMG,3,0,3
Mami-Jabbie,3,0,3
Mamidan,0,3,3
Mamidie,0,3,3
Mamie-Jean,0,3,3
Mamijn,0,3,3
Mamikon,3,0,3
Mamiky,0,3,3
Mamiley,0,3,3
Mamiliano,3,0,3
Mamin,3,0,3
Mamire,0,3,3
Mamiriye,0,3,3
Mamma,0,3,3
Mammadou,3,0,3
Mammadov,3,0,3
Mammes,3,0,3
Mammi,0,3,3
Mammy,0,3,3
Mamocan,3,0,3
Mamoen,3,0,3
Màmoen,3,0,3
Mamon,3,0,3
Mamoodul,3,0,3
Mamoona,0,3,3
Mamou,0,3,3
Mamoud,3,0,3
Mamoudtalibe,3,0,3
Mamouk,0,3,3
Mampayin,0,3,3
Mamphela,0,3,3
Mampuya,3,0,3
Mamre,0,3,3
Mamre-Tica,3,0,3
Mamsira,0,3,3
Mamtaz,0,3,3
Mamtha,0,3,3
Mamudu,3,0,3
Mamuna,0,3,3
Mamusu,0,3,3
Mamuta,3,0,3
Mamyahya,0,3,3
Mãn,3,0,3
Man-Annie,0,3,3
Man-chang,3,0,3
Man-Cheung,3,0,3
Man-Chieh,3,0,3
Man-Choung,3,0,3
Man-Chun,3,0,3
Man-Chung,3,0,3
Man-dela,3,0,3
Man-Fai,3,0,3
Man-Foeng,0,3,3
Man-Fung,3,0,3
Man-Gen,3,0,3
Man-Gi,0,3,3
Man-Git,3,0,3
Man-Hao,3,0,3
Man-He,0,3,3
Man-Hei,0,3,3
Man-Heng,3,0,3
Man-Hiem,3,0,3
Man-Ka,3,0,3
Man-Kee,0,3,3
Man-Keung,3,0,3
Man-Kheung,3,0,3
Man-Kong,3,0,3
Man-Lik,3,0,3
Man-Lok,3,0,3
Man-Lung,3,0,3
Man-Ning,0,3,3
Man-on,3,0,3
Man-Si,0,3,3
Man-Sin,0,3,3
Man-Su,0,3,3
Man-Thick,3,0,3
Man-Tik,3,0,3
Man-Ting,0,3,3
Man-Tsing,3,0,3
Man-Tsun,3,0,3
Man-Wei,0,3,3
Man-Ya,0,3,3
Man-Yew,3,0,3
Man-Yi,0,3,3
Man-Yie,0,3,3
Maña,0,3,3
Maná,3,0,3
Máña,0,3,3
Mana-Luz,0,3,3
Manaan,3,0,3
Manaaralhak,3,0,3
Manachim,3,0,3
Manado,3,0,3
Manaé,0,3,3
Manàf,3,0,3
Manah,0,3,3
Manahal,0,3,3
Manahan,3,0,3
Manahel,0,3,3
Manaïa,0,3,3
Manaique,0,3,3
Manaiske,0,3,3
Manaka,0,3,3
Manakel,3,0,3
Manale,0,3,3
Manali,0,3,3
Manalishi,0,3,3
Manalito,3,0,3
Manalo,3,0,3
Manamba,0,3,3
Manamé,0,3,3
Manamie,0,3,3
Manamja,0,3,3
Mänana,0,3,3
Mañana-Maria,0,3,3
Mananda,3,0,3
Mananiwé,0,3,3
Manann,3,0,3
Manannán,3,0,3
Mañano,3,0,3
Manansala,3,0,3
Manantial,3,0,3
Manaphan,3,0,3
Manardus,3,0,3
Manareddin,0,3,3
Manario,3,0,3
Manarlina,0,3,3
Manasadevi,0,3,3
Manãshta,0,3,3
Manasi,3,0,3
Manasija,3,0,3
Manassawin,3,0,3
Manasvini,0,3,3
Manaswi,0,3,3
Manaswie,0,3,3
Manasye,3,0,3
Manata,0,3,3
Manatap,3,0,3
Manathan,0,3,3
Manato,3,0,3
Manaubese,3,0,3
Manaud,0,3,3
Manaurys,3,0,3
Manavy,0,3,3
Manawa,3,0,3
Manawalo,3,0,3
Manawape,3,0,3
Manawyddan,3,0,3
Manboudou,0,3,3
Manboué,3,0,3
Manca,0,3,3
Mancel,0,3,3
Manchado,3,0,3
Manchariy,0,3,3
Manchebo,3,0,3
Manchester,3,0,3
Manchie,3,0,3
Manchika,0,3,3
Mancho,3,0,3
Mancholino,3,0,3
Manchoura,0,3,3
Mancizo,3,0,3
Manço,3,0,3
Mànd,3,0,3
Màndaběn,3,0,3
Mandaha,0,3,3
Mandakani,0,3,3
Mandalay,3,0,3
Mandali,0,3,3
Mandaly,0,3,3
Mandama,3,0,3
Mandanah,0,3,3
Mandane,0,3,3
Mandané,0,3,3
Mandankini,0,3,3
Mandanna,0,3,3
Mandar,3,0,3
Mandarie,3,0,3
Mandarina,0,3,3
Mandarine,0,3,3
Mandarita,0,3,3
Mandasari,0,3,3
Mandawan,3,0,3
Mandé,3,0,3
Mande,3,0,3
Mandea,3,0,3
Mandeepak,3,0,3
Mandeepika,0,3,3
Mandeeya,0,3,3
Mandeg,0,3,3
Mandek,0,3,3
Mändel,3,0,3
Mandelano,3,0,3
Mandelay,0,3,3
Mandeleen,0,3,3
Mandelena,0,3,3
Mandeley,0,3,3
Mandelika,0,3,3
Mandelin,0,3,3
Mandelito,3,0,3
Mandelly,0,3,3
Mandelsa,0,3,3
Mandelyn,0,3,3
Mandelynn,0,3,3
Mandenie,0,3,3
Mandepanda,3,0,3
Manderijna,0,3,3
Mandero,3,0,3
Manderson,3,0,3
Mandesa,0,3,3
Mandessa,0,3,3
Mandesy,0,3,3
Mandewi,0,3,3
Mandeza,0,3,3
Mandfreda,0,3,3
Mandhatri,3,0,3
Mandhavie,0,3,3
Mandhini,0,3,3
Mandhkani,0,3,3
Mandia,0,3,3
Mandica,0,3,3
Mandiëska,0,3,3
Mändij,0,3,3
Mandine,0,3,3
Mandino,3,0,3
Mandior,3,0,3
Mandip,0,3,3
Mandis,3,0,3
Mandisia,0,3,3
Mandith,0,3,3
Mandjalie,0,3,3
Mandjano,3,0,3
Mandjari,0,3,3
Mandjéro,3,0,3
Mandjhu,0,3,3
Mandjia,0,3,3
Mandjoe,0,3,3
Mandjoer,3,0,3
Mandjy,0,3,3
Mandl,3,0,3
Mandoh,3,0,3
Mandola,0,3,3
Mandolia,0,3,3
Mandolino,3,0,3
Mandolita,0,3,3
Mandolito,3,0,3
Mandon,3,0,3
Mandonis,0,3,3
Mandor,3,0,3
Mandori,3,0,3
Mandotong,3,0,3
Mandrake,3,0,3
Mandré,3,0,3
Mandrew,3,0,3
Mandrina,0,3,3
Mandro,3,0,3
Manduelo,3,0,3
Mandukhai,0,3,3
Mandula,0,3,3
Mandume,3,0,3
Manduyen,0,3,3
Màndy,0,3,3
Mándy,0,3,3
Mandy-Claire,0,3,3
Mandy-Elaine,0,3,3
Mandy-Ellen,0,3,3
Mandy-Jane,0,3,3
Mandy-Joan,0,3,3
Mandy-Joyce,0,3,3
Mandy-Lina,0,3,3
Mandysah,0,3,3
Manë,0,3,3
Mane-Lieve,0,3,3
Manea,0,3,3
Manealá,0,3,3
Manéan,3,0,3
Manecio,3,0,3
Manée,0,3,3
Maneekarn,0,3,3
Maneelke,0,3,3
Maneenart,0,3,3
Maneerat,0,3,3
Maneeshakoemari,0,3,3
Maneeya,0,3,3
Manef,3,0,3
Manèf,3,0,3
Mañela,0,3,3
Manela,0,3,3
Manelfa,0,3,3
Manelia,0,3,3
Manelijn,0,3,3
Manelin,3,0,3
Manelito,3,0,3
Manèll,0,3,3
Manelzé,3,0,3
Manema,0,3,3
Manembo,3,0,3
Manéna,0,3,3
Manena,0,3,3
Manengkei,3,0,3
Manenie,0,3,3
Maneno,0,3,3
Manera,0,3,3
Manero,3,0,3
Manéro,3,0,3
Maneser,0,3,3
Maneshkumar,3,0,3
Manèt,0,3,3
Manetta,0,3,3
Maneulito,3,0,3
Maney,0,3,3
Manfa,0,3,3
Manfei,3,0,3
Manfert,3,0,3
Manfielea,0,3,3
Mánfred,3,0,3
Manfreed,3,0,3
Manfret,3,0,3
Manfrida,0,3,3
Manfriedes,3,0,3
Manfuene,3,0,3
Manful,3,0,3
Manfung,3,0,3
Mang-Mang,0,3,3
Mang-Wah,0,3,3
Manga-Joe,3,0,3
Mangade,0,3,3
Mangadum,3,0,3
Mangaldai,0,3,3
Mangaldev,3,0,3
Mangaldevi,0,3,3
Mangali,0,3,3
Mangalie,0,3,3
Mangaliso,3,0,3
Mangalpersad,3,0,3
Mangalsingh,3,0,3
Mangalvio,3,0,3
Manganey,0,3,3
Mangano,3,0,3
Mangapul,3,0,3
Mangar,3,0,3
Mangarde,0,3,3
Mangarita,0,3,3
Mangas,3,0,3
Mangassa,0,3,3
Mangastuti,0,3,3
Mangel,0,3,3
Mangeldei,0,3,3
Mangelie,0,3,3
Mangeneh,0,3,3
Mangeri,0,3,3
Mangeriette,0,3,3
Mangesh,3,0,3
Manggistan,3,0,3
Manggoet,3,0,3
Manghalvio,3,0,3
Mangie,3,0,3
Mangindu,3,0,3
Mangka,0,3,3
Manglesh,3,0,3
Mangliwè,3,0,3
Mangne,3,0,3
Mangondo,0,3,3
Mangorita,0,3,3
Mangovo,3,0,3
Mangza,3,0,3
Mąnh,3,0,3
Manh-Tuong,3,0,3
Manharkoemar,3,0,3
Manharshyam,3,0,3
Manhas,3,0,3
Manhey,3,0,3
Manhinder,3,0,3
Manhuwela,0,3,3
Mâni,3,0,3
Maní,3,0,3
Maniah,0,3,3
Maniba,0,3,3
Mànice,0,3,3
Manicella,0,3,3
Manichadewie,0,3,3
Manicka,0,3,3
Manico,3,0,3
Manider,3,0,3
Maniega,0,3,3
Manieka,3,0,3
Maniela,0,3,3
Maniëm,0,3,3
Manienge,0,3,3
Manienne,0,3,3
Maniëra,0,3,3
Maniera,0,3,3
Manierie,3,0,3
Manieta,0,3,3
Manietrie,0,3,3
Maniganje,0,3,3
Manigbah,0,3,3
Manija,0,3,3
Manijem,0,3,3
Manikadewi,0,3,3
Manikah,0,3,3
Manikem,0,3,3
Maniki,0,3,3
Manil,3,0,3
Manile,3,0,3
Manilie,0,3,3
Maniliho,3,0,3
Manilio,3,0,3
Manilles,3,0,3
Manillio,3,0,3
Manilo,3,0,3
Manilva,0,3,3
Manima,3,0,3
Maninderjit,3,0,3
Maninderpal,3,0,3
Maninha,0,3,3
Maninho,3,0,3
Manïni,0,3,3
Manio,0,3,3
Manionga,0,3,3
Maniouschka,0,3,3
Maniqee,0,3,3
Manirah,0,3,3
Maniriho,3,0,3
Manïs,0,3,3
Manís,0,3,3
Manisa-Faith,0,3,3
Manisch,3,0,3
Manise,0,3,3
Manisha-devi,0,3,3
Manisha-Dewi,0,3,3
Manishadewi,0,3,3
Manishakumari,0,3,3
Manishankar,3,0,3
Manishe,0,3,3
Manishia,0,3,3
Manishini,0,3,3
Manishkadewie,0,3,3
Manisja,0,3,3
Manisjah,0,3,3
Manisku,0,3,3
Manisur,3,0,3
Manitte,0,3,3
Manium,0,3,3
Manixia,0,3,3
Manixs,3,0,3
Maniya-Jadé,0,3,3
Maniza,0,3,3
Manizales,0,3,3
Manizeh,0,3,3
Manizha,0,3,3
Manizja,0,3,3
Manjak,3,0,3
Manjali,0,3,3
Manjanka,0,3,3
Manjari-Devi,0,3,3
Manjaro,3,0,3
Manjeed,3,0,3
Manjeetkaur,0,3,3
Manjel,0,3,3
Manjella,3,0,3
Manjhorie,0,3,3
Manjinder,3,0,3
Manjinderjit,3,0,3
Manjini,0,3,3
Manjita,0,3,3
Manjnie,0,3,3
Manjoeri,3,0,3
Manjoht,3,0,3
Manjola,0,3,3
Manjolla,0,3,3
Manjorie,0,3,3
Manjouck,0,3,3
Manjowi,3,0,3
Manjushri,3,0,3
Mañjuśrï,3,0,3
Manjy,3,0,3
Mankai,3,0,3
Mankamal,3,0,3
Mankangu,3,0,3
Mankato,3,0,3
Mankeert,3,0,3
Mankei,3,0,3
Mankhan,3,0,3
Mankwah,3,0,3
Manlenny,0,3,3
Manliffe,3,0,3
Manlo,3,0,3
Manlong,3,0,3
Manmeetkaur,0,3,3
Manmohan,3,0,3
Manmohankrishna,3,0,3
Mannaan,3,0,3
Mannacha,0,3,3
Mannael,3,0,3
Mannal,0,3,3
Mannar,0,3,3
Mannassé,3,0,3
Mannasse,3,0,3
Mannasseh,3,0,3
Manndevy,0,3,3
Mannefredes,3,0,3
Mannela,0,3,3
Mannes-Jan,3,0,3
Mannessa,0,3,3
Mannesse,0,3,3
Mannetje,3,0,3
Mannette,0,3,3
Manngou,3,0,3
Mannhu,0,3,3
Mannick,0,3,3
Mannieke,0,3,3
Mannies,0,3,3
Mannieta,0,3,3
Mannilla,0,3,3
Manning,3,0,3
Mannisha,0,3,3
Manniva,0,3,3
Mannodj,3,0,3
Mannoël,3,0,3
Mannolito-Diëgo-Rudolf,3,0,3
Mannot,3,0,3
Mannouck,0,3,3
Mannuel,3,0,3
Mannuella,0,3,3
Mannvys,3,0,3
Manny-Anne,0,3,3
Mannyl,0,3,3
Máno,3,0,3
Mano-Jase,3,0,3
Mano-Lee,3,0,3
Manóa,0,3,3
Mánoa,0,3,3
Manòah,3,0,3
Manöah,3,0,3
Manocher,3,0,3
Manoehien,3,0,3
Manoél,3,0,3
Manöela,0,3,3
Manoela,0,3,3
Manoeli,0,3,3
Manoëlla,0,3,3
Manoêlle,0,3,3
Manoemadebie,0,3,3
Manoesch,0,3,3
Manoeshak,0,3,3
Manoeshke,0,3,3
Manoex,0,3,3
Manoha,3,0,3
Manoharan,3,0,3
Manoher,3,0,3
Manoï,0,3,3
Manoisca,0,3,3
Manoj-Raj,3,0,3
Manojan,3,0,3
Manojka,0,3,3
Manojlo,3,0,3
Manoka,3,0,3
Manolda,0,3,3
Manolete,3,0,3
Manolia,0,3,3
Manolieto,3,0,3
Manolitus,3,0,3
Manolja,0,3,3
Manolyto,3,0,3
Manón,0,3,3
Mánòn,0,3,3
Manon-Désiré,0,3,3
Manon-Fenena,0,3,3
Manon-Fleur,0,3,3
Manon-Ilse,0,3,3
Manon-Jeanine,0,3,3
Manon-Leigh,0,3,3
Manon-Lilly,0,3,3
Manon-Louise,3,0,3
Manon-Mirella,0,3,3
Manon-Rennie,0,3,3
Manon-Rose,0,3,3
Manon-Susan,0,3,3
Manon-Tamara,0,3,3
Manon-Thea,0,3,3
Manonn,0,3,3
Manoocher,3,0,3
Manoodh,3,0,3
Manoodjkumar,3,0,3
Manoojkumar,3,0,3
Manook,3,0,3
Manoon,0,3,3
Manoorma,0,3,3
Manoormadewie,0,3,3
Manop,3,0,3
Manorai,3,0,3
Manoranjana,0,3,3
Manormadebie,0,3,3
Manosch,3,0,3
Manosela,0,3,3
Manosha,0,3,3
Manôu,0,3,3
Mànou,3,0,3
Manoua,0,3,3
Manouar,3,0,3
Manoucha,0,3,3
Manouchak,0,3,3
Manouckka,0,3,3
Manoug,3,0,3
Manoulito,3,0,3
Manoun,0,3,3
Manourick,3,0,3
Manousch,0,3,3
Manouscha,0,3,3
Manoushjak,0,3,3
Manout,0,3,3
Manoutshehr,3,0,3
Manoykumar,3,0,3
Manpei,3,0,3
Manphy,3,0,3
Manponrak,3,0,3
Manpreetkaur,0,3,3
Manpreetsingh,0,3,3
Manrajie,0,3,3
Manrajsingh,3,0,3
Manrit,0,3,3
Manro,3,0,3
Manroo,3,0,3
Manroop,0,3,3
Mans-Kroes,3,0,3
Mans-Nolan,3,0,3
Mansa-Devi,0,3,3
Mansagna,0,3,3
Mansalso,3,0,3
Mansanga,0,3,3
Mansangu,3,0,3
Mansapuri,3,0,3
Mansara,0,3,3
Mansaray,0,3,3
Mansaré,3,0,3
Mansata,0,3,3
Mansella,0,3,3
Manseon,3,0,3
Manserenkem,3,0,3
Manshadevi,0,3,3
Manshor,3,0,3
Manshu,3,0,3
Mansih,0,3,3
Mansika,0,3,3
Mansimran,0,3,3
Mansina,0,3,3
Manso,3,0,3
Mansoer-Aziem,3,0,3
Mansonai,3,0,3
Mansonanem,3,0,3
Mansorak,3,0,3
Mansouraya,0,3,3
Mansoure,3,0,3
Mansouri,3,0,3
Mansouria,0,3,3
Mansourshah,3,0,3
Manssa,3,0,3
Mansuêto,3,0,3
Mansuetto,3,0,3
Mansuluka,0,3,3
Mansūr,3,0,3
Mansura,0,3,3
Mansurah,0,3,3
Manswar,3,0,3
Mansye,0,3,3
Mansyur,0,3,3
Mansz,3,0,3
Mantantu,3,0,3
Mantap,0,3,3
Mantarro,3,0,3
Mantas,3,0,3
Mante-Matz,3,0,3
Mantello,3,0,3
Mantenkelly,0,3,3
Manteo,3,0,3
Mantey,3,0,3
Manthony,3,0,3
Mantia,0,3,3
Mantijn,3,0,3
Mantino,3,0,3
Mantinus,3,0,3
Mantje,3,0,3
Mantoro,3,0,3
Mantovani,0,3,3
Mantre,0,3,3
Mantrico,3,0,3
Mantse,3,0,3
Mantshumba,3,0,3
Mantua,0,3,3
Mantycore,3,0,3
Manü,3,0,3
Manũ,0,3,3
Mănu,3,0,3
Manu'a,3,0,3
Manua,3,0,3
Manuaa,0,3,3
Manuaella,0,3,3
Manuala,0,3,3
Manuar,3,0,3
Manubea,0,3,3
Manuché,3,0,3
Manuchehr,3,0,3
Manuchiso,3,0,3
Manuëel,0,3,3
Manuel-Dias,3,0,3
Manuel-Diaz,3,0,3
Manüela,0,3,3
Manuela-Hendrina,0,3,3
Manuela-Margit,0,3,3
Manuela-Nathalie,0,3,3
Manueli,3,0,3
Manuelia,0,3,3
Manuéll,3,0,3
Manuélla,0,3,3
Manuèlla,0,3,3
Manuélo,3,0,3
Manuelson,3,0,3
Manuelyenne,0,3,3
Manuer,3,0,3
Manueska,0,3,3
Manuge,3,0,3
Manuiëlle,0,3,3
Manuja,0,3,3
Manujel,3,0,3
Manujela,0,3,3
Manukure,0,3,3
Manulanie,0,3,3
Manuli,3,0,3
Manumm,0,3,3
Manunoa,3,0,3
Manuora,3,0,3
Manur,0,3,3
Manurea,0,3,3
Manusca,0,3,3
Manushi,0,3,3
Manushia,3,0,3
Manüska,0,3,3
Manustra,0,3,3
Manutz,3,0,3
Manuwari,3,0,3
Manuweela,0,3,3
Manuwel,3,0,3
Manuwie,0,3,3
Manuyla,3,0,3
Manuz,3,0,3
Manvariër,3,0,3
Manveen,0,3,3
Manveet,3,0,3
Manvie,0,3,3
Manvier,3,0,3
Manwa,3,0,3
Manwai,3,0,3
Manwë,3,0,3
Manwela,0,3,3
Manwelitto,3,0,3
Manwell,3,0,3
Manwi,0,3,3
Manwir,3,0,3
Manwongbee,3,0,3
Manxi,0,3,3
Manyano,3,0,3
Manyaro,3,0,3
Manyatta,0,3,3
Manycia,0,3,3
Manyi,0,3,3
Manyi-Oben,0,3,3
Manyima,0,3,3
Manylla,0,3,3
Manynke,0,3,3
Manytsia,0,3,3
Manyu,3,0,3
Manyue,0,3,3
Manz,3,0,3
Manza,3,0,3
Manzambe,0,3,3
Manzambi,0,3,3
Manzana,0,3,3
Manzanga,3,0,3
Manzenza,3,0,3
Manzika,0,3,3
Manzy,0,3,3
Mào,3,0,3
Mao-Cheng,3,0,3
Mao-fa,3,0,3
Mao-Sue,3,0,3
Mao-Yue,3,0,3
Maodah,0,3,3
Maodo,3,0,3
Maoekaja,0,3,3
Maoéna,0,3,3
Maoewaij,3,0,3
Maohua,3,0,3
Mãojo,3,0,3
Maolcholm,3,0,3
Maomé,0,3,3
Maomie,0,3,3
Maön,0,3,3
Maôn,0,3,3
Maona,0,3,3
Maoro,3,0,3
Maory,0,3,3
Maouadda,0,3,3
Maouassif,0,3,3
Maoudi,0,3,3
Maouedda,0,3,3
Maoueeyah,0,3,3
Maouheb,3,0,3
Maoui,3,0,3
Maounde,3,0,3
Maounia,0,3,3
Maouya,0,3,3
Màowěi,3,0,3
Maoxiang,3,0,3
Maozana,0,3,3
Mapanda,3,0,3
Mape,3,0,3
Mapesho,0,3,3
Mapiara,3,0,3
Mapie,3,0,3
Mapinga,3,0,3
Mapitsi,0,3,3
Mapiya,3,0,3
Mapke,0,3,3
Mapkule,0,3,3
Mappangara,3,0,3
Mapsy,0,3,3
Maqam,3,0,3
Maqbeen,0,3,3
Maqbul,3,0,3
Maqduf,3,0,3
Maqena,0,3,3
Maqi,3,0,3
Maqieta,0,3,3
Maqil,3,0,3
Maqil-ali,3,0,3
Maqsoed,3,0,3
Maqsoeda,0,3,3
Maqsoom,0,3,3
Maqsurah,0,3,3
Maquaritha,0,3,3
Maqueli,0,3,3
Maquelie,0,3,3
Maquered,3,0,3
Maquilla,0,3,3
Maquille,3,0,3
Maquinho,3,0,3
Maquiro,3,0,3
Maquita,0,3,3
Maqurel,3,0,3
Maqzud,3,0,3
Mar'angelo,3,0,3
Mar'Belle,0,3,3
Mar'Djelon,3,0,3
Mar'giëno,3,0,3
Mar'ia,0,3,3
Mar'jaeliisha,0,3,3
Mar'Jeedah,0,3,3
Mar'kyän,0,3,3
Mar'lee,0,3,3
Mar'Qué,0,3,3
Mar'Yaëllo,3,0,3
Mar'Yemillio,3,0,3
Mar-Cella,0,3,3
Mar-Djelon,3,0,3
Mar-Elaine,0,3,3
Mar-Enchello,3,0,3
Mar-Geertje,0,3,3
Mar-Golino,3,0,3
Mar-Gretha,0,3,3
Mar-grietje,0,3,3
Mar-Grietje,0,3,3
Mar-Inge,0,3,3
Mar-Jaylen,3,0,3
Mar-Jelle,0,3,3
Mar-Jenna,0,3,3
Mar-Jet,0,3,3
Mar-Jo,0,3,3
Mar-Joke,0,3,3
Mar-leen,0,3,3
Mar-Leentje,0,3,3
Mar-Len,0,3,3
Mar-Leyson,3,0,3
Mar-Lia,0,3,3
Mar-Lisa,0,3,3
Mar-Lisse,0,3,3
Mar-Loïs,0,3,3
Mar-Lone,0,3,3
Mar-Louise,0,3,3
Mar-Luc,3,0,3
Mar-Neel,0,3,3
Mar-rieke,0,3,3
Mar-shainy,0,3,3
Mar-Tina,0,3,3
Mar-Tine,0,3,3
Mar-tine,0,3,3
Mar-Wil,3,0,3
Māra,0,3,3
Mara-Elise,0,3,3
Mara-Fee,0,3,3
Mara-Freya,0,3,3
Mara-Jade,0,3,3
Mara-Jan,0,3,3
Mara-Jane,0,3,3
Mara-Jet,0,3,3
Mara-Ketura,0,3,3
Mara-Lieve,0,3,3
Mara-Lilly,0,3,3
Mara-lina,0,3,3
Mara-Lise,0,3,3
Mara-Louise,0,3,3
Mara-Luna,0,3,3
Mara-Lyn,0,3,3
Mara-lynn,0,3,3
Mara-Malía,0,3,3
Mara-Pati,3,0,3
Mara-Sophia,0,3,3
Mara-Sophie,0,3,3
Mará-Tylisha,0,3,3
Maráa,0,3,3
Maraal,0,3,3
Maraat,3,0,3
Marabelle,0,3,3
Marad,3,0,3
Maradia,0,3,3
Maradiego,3,0,3
Maradja-Patty,3,0,3
Maradjsaikishor,3,0,3
Maradonni,3,0,3
Maraea,0,3,3
Maraem,0,3,3
Maraesja,0,3,3
Marag,0,3,3
Maraga,3,0,3
Maragbe,0,3,3
Maragetha,0,3,3
Mârâh,0,3,3
Marah-Belle,0,3,3
Marahn,0,3,3
Maraï,0,3,3
Maraïcha,0,3,3
Maraïda,0,3,3
Maraih,0,3,3
Maraika,0,3,3
Marailys,0,3,3
Maraina,0,3,3
Maraisaly,0,3,3
Maraishia,0,3,3
Maraissia,0,3,3
Maraiza,0,3,3
Marajah,0,3,3
Marajša,0,3,3
Marakayari,3,0,3
Marakosu,3,0,3
Maràl,0,3,3
Maral-Marja,0,3,3
Maralatu,0,3,3
Maraldo,3,0,3
Maralé,0,3,3
Maralee,0,3,3
Maralesi,3,0,3
Maralina,0,3,3
Maralinde,0,3,3
Maralisa,0,3,3
Maralja,0,3,3
Maralke,0,3,3
Marall,0,3,3
Maralt,3,0,3
Maramba,3,0,3
Marami,0,3,3
Maramoewa,3,0,3
Máran,0,3,3
Marán,0,3,3
Maran-Atha,3,0,3
Maranathe,0,3,3
Marandi,0,3,3
Marandina,0,3,3
Marandtely,0,3,3
Maranella,0,3,3
Marang,0,3,3
Marange,0,3,3
Maráni,0,3,3
Marannie,0,3,3
Maranthika,3,0,3
Maranza,0,3,3
Maranzia,0,3,3
Maranzo,3,0,3
Maraoun,3,0,3
Marapatti,3,0,3
Marapica,0,3,3
Maraquilla,0,3,3
Mararda,0,3,3
Marari,0,3,3
Marás,0,3,3
Marascha,0,3,3
Maraschka,0,3,3
Marash,3,0,3
Marasha,0,3,3
Marasha-Fiona,0,3,3
Marasi,0,3,3
Marasind,3,0,3
Marasionie,0,3,3
Marasune,3,0,3
Maratahin,0,3,3
Marath,0,3,3
Maratien,0,3,3
Maratovich,3,0,3
Maratuara,3,0,3
Marauder,3,0,3
Marauen,3,0,3
Maraugé,3,0,3
Marauke,0,3,3
Marauly,0,3,3
Maravgi,3,0,3
Marawaë,3,0,3
Maràyah,0,3,3
Marayat,0,3,3
Maraycia,0,3,3
Marayffa,0,3,3
Marayzha,0,3,3
Marazano,3,0,3
Marbe,3,0,3
Marbea,0,3,3
Marbeau,0,3,3
Marbee,0,3,3
Marbèl,0,3,3
Marbeli,0,3,3
Marbello,3,0,3
Marbèn,0,3,3
Marber,0,3,3
Marbertha,0,3,3
Marberty,0,3,3
Marbet,0,3,3
Marbi,0,3,3
Marbo,3,0,3
Marbod,3,0,3
Marboo,3,0,3
Marbrecht,0,3,3
Marbritta,0,3,3
Marc'han,3,0,3
Marc'harid,0,3,3
Marc'Lennon,3,0,3
Marc-Albert,3,0,3
Marc-Antal,3,0,3
Marc-Antoine,3,0,3
Marc-Antonin,3,0,3
Marc-Antonio,3,0,3
Marc-Antonius,3,0,3
Marc-Benjamin,3,0,3
Marc-Christiaan,3,0,3
Marc-Christian,3,0,3
Marc-Davy,3,0,3
Marc-Dennis,3,0,3
Marc-Derek,3,0,3
Marc-Edwin,3,0,3
Marc-Elie,3,0,3
Marc-Eric,3,0,3
Marc-Etienne,3,0,3
Marc-Floren,3,0,3
Marc-Fotte,3,0,3
Marc-Francois,3,0,3
Marc-Hein,3,0,3
Marc-Henri,3,0,3
Marc-Hessel,3,0,3
Marc-Hubert,3,0,3
Marc-Ian,3,0,3
Marc-Isis,3,0,3
Marc-Jacob,3,0,3
Marc-Jean,3,0,3
Marc-Jens,3,0,3
Marc-Jonatan,3,0,3
Marc-Joost,3,0,3
Marc-Jurjen,3,0,3
Marc-Louis,3,0,3
Marc-Luc,3,0,3
Marc-Marcel,3,0,3
Marc-Michiel,3,0,3
Marc-Pascal,3,0,3
Marc-Patrick,3,0,3
Marc-Phillip,3,0,3
Marc-Pierre,3,0,3
Marc-Richard,3,0,3
Marc-Robin,3,0,3
Marc-Ryan,3,0,3
Marc-Simen,3,0,3
Marc-Spencer,3,0,3
Marc-Tijn,3,0,3
Marc-Vivian,3,0,3
Marc-William,3,0,3
Marc-Xander,3,0,3
Marça,0,3,3
Marca-Judith,0,3,3
Marcaine,0,3,3
Marcaino,3,0,3
Marcaisia,0,3,3
Marcal,3,0,3
Marcan,3,0,3
Marcanie,0,3,3
Marcanio,3,0,3
Marçanne,0,3,3
Marçano,3,0,3
Marćano,3,0,3
Marcantonio,3,0,3
Marcario,3,0,3
Marcarita,0,3,3
Marcas,3,0,3
Marccela,0,3,3
Marccello,3,0,3
Marce,3,0,3
Marçé,3,0,3
Marcé,0,3,3
Marcea,0,3,3
Marcealla,0,3,3
Marçeau,3,0,3
Marcèdès,0,3,3
Marcedes,3,0,3
Marcedesz,0,3,3
Marcee,3,0,3
Marceelus,3,0,3
Marceil,0,3,3
Marceille,0,3,3
Marcel-Cees,3,0,3
Marcel-Dirk,3,0,3
Marcel-Erwin,3,0,3
Marcel-Fokke,3,0,3
Marcel-Henri,3,0,3
Marcel-Ilja,3,0,3
Marcel-Jan,3,0,3
Marcel-Joost,3,0,3
Marcel-Leonardus,3,0,3
Marcel-Lo,3,0,3
Marcel-Luis,3,0,3
Marcel-Pim,3,0,3
Marcel-Ramon,3,0,3
Marcel-René,3,0,3
Marcel-Steven,3,0,3
Marcéla,0,3,3
Marcela-Ivonne,0,3,3
Marcelando,3,0,3
Marcelangelo,3,0,3
Marcèle,3,0,3
Marcele,0,3,3
Marcelec,3,0,3
Marcelen,3,0,3
Marcelencio,3,0,3
Marcelenus,3,0,3
Marcelevitsj,3,0,3
Marcelevna,0,3,3
Marcelhinio,3,0,3
Marceliana,0,3,3
Marcelias,3,0,3
Marcélica,0,3,3
Marceliene,0,3,3
Marcélies,0,3,3
Marcelinda,0,3,3
Marcelinhyo,3,0,3
Marcelinó,3,0,3
Marcëlino,3,0,3
Marceliño,3,0,3
Marcelio,3,0,3
Marcélis,3,0,3
Marceliszoon,3,0,3
Marcelivo,3,0,3
Marcelka,0,3,3
Marcëlla,0,3,3
Marcellano,3,0,3
Marçelle,0,3,3
Marcelleke,0,3,3
Marcelliano,3,0,3
Marcellienus,3,0,3
Marcellinho,3,0,3
Marcellini,0,3,3
Marcellinianus,3,0,3
Marcellinu,3,0,3
Marcellos,3,0,3
Marçellus,3,0,3
Marcelly,0,3,3
Marcellyno,3,0,3
Marcelmus,3,0,3
Marcelo-Li,3,0,3
Marcelynne,0,3,3
Marcena,0,3,3
Marcenda,0,3,3
Marcénio,3,0,3
Marcento,3,0,3
Marcerella,0,3,3
Marcerinho,3,0,3
Marcha-Joy,0,3,3
Marcha-Lie,0,3,3
Marcha-Seraï,0,3,3
Marchalle,0,3,3
Marchand,3,0,3
Marchandy,0,3,3
Mârchane,0,3,3
Marchani,3,0,3
Marchanna,0,3,3
Marchannie,3,0,3
Marchant,3,0,3
Marchanta,0,3,3
Marchanteley,0,3,3
Marchantelo,3,0,3
Marchany,0,3,3
Marcheala,0,3,3
Marcheano,3,0,3
Marchéla,0,3,3
Marcheley,0,3,3
Marchelique,0,3,3
Marchelis,3,0,3
Marchélla,0,3,3
Marchèlle,3,0,3
Marchelli,3,0,3
Marchellis,3,0,3
Marchely,0,3,3
Marchen,3,0,3
Marchèna,0,3,3
Marchenka,0,3,3
Marchenne,0,3,3
Marchereta,0,3,3
Marcherna,0,3,3
Marchertho,3,0,3
Marchessa,0,3,3
Marchesse,3,0,3
Marchetano,3,0,3
Marchetta,0,3,3
Marchevanio,3,0,3
Marchey,0,3,3
Marcheyell,0,3,3
Marcheyella,0,3,3
Marcheyenne,0,3,3
Marchgien,0,3,3
Marchialla,0,3,3
Marchiën,0,3,3
Marchièn,0,3,3
Marchièna,0,3,3
Marchieni,0,3,3
Marchienis,3,0,3
Marchienna,0,3,3
Marchiënna,0,3,3
Marchiennes,3,0,3
Marchijn,0,3,3
Marchila,0,3,3
Marchilano,3,0,3
Marchilla,0,3,3
Marchinka,0,3,3
Marchion,0,3,3
Marchionne,3,0,3
Marchis,3,0,3
Marchisio,3,0,3
Marchodes,3,0,3
Marcholine,0,3,3
Marchon,3,0,3
Marchrietus,3,0,3
Marchrista,0,3,3
Marchustus,3,0,3
Marchuta,0,3,3
Marchutha,0,3,3
Marchy,0,3,3
Marchyano,3,0,3
Marchyon,3,0,3
Màrcia,0,3,3
Marcía,0,3,3
Marcia-Ellen,0,3,3
Marciah,0,3,3
Marciahra,0,3,3
Marcialey,0,3,3
Marçian,3,0,3
Marciana-Maria,0,3,3
Marcianey,0,3,3
Marcianho,3,0,3
Marcianie,0,3,3
Marcianille,0,3,3
Marcianino,3,0,3
Marcianna,0,3,3
Marçiano,3,0,3
Marcianto,3,0,3
Marçianto,3,0,3
Marcidi,3,0,3
Marcie-Jo,0,3,3
Marciël,3,0,3
Marciela,0,3,3
Marcielle,0,3,3
Marciello,3,0,3
Marciêllo,3,0,3
Marciëlo,3,0,3
Marciëna,0,3,3
Marciënda,0,3,3
Marcienna,0,3,3
Marcíjo,0,3,3
Marcileen,0,3,3
Marcilino,3,0,3
Marcillano,3,0,3
Marcilles,3,0,3
Marcillia,0,3,3
Marcillino,3,0,3
Marcillinus,3,0,3
Marcillio,3,0,3
Marcillo,3,0,3
Marcilo,3,0,3
Marcimiliano,3,0,3
Marcimo,3,0,3
Màrcin,3,0,3
Marcindo,3,0,3
Marcinelle,0,3,3
Marcinellus,3,0,3
Marcinho,3,0,3
Marcini,0,3,3
Marcinie,0,3,3
Marciny,0,3,3
Marçio,3,0,3
Márcio,3,0,3
Marcío,3,0,3
Marcionilia,0,3,3
Marcires,0,3,3
Marcissa,0,3,3
Marcisse,0,3,3
Marck-Anthony,3,0,3
Marck-Diederick,3,0,3
Marckol,3,0,3
Marckovich,3,0,3
Marckovna,0,3,3
Marcla,0,3,3
Marco-Alexander,3,0,3
Marco-Arjan,3,0,3
Marco-Bessel,3,0,3
Marco-Christiaan,3,0,3
Marco-Constantin,3,0,3
Marco-Cornelis,3,0,3
Marco-Daniël,3,0,3
Marco-Dick,3,0,3
Marco-Dirk,3,0,3
Marco-Everardus,3,0,3
Marco-François,3,0,3
Marco-Frank,3,0,3
Marco-Jelle,3,0,3
Marco-John,3,0,3
Marco-Junior,3,0,3
Marco-Klaas,3,0,3
Marco-Leandro,3,0,3
Marco-Léon,3,0,3
Marco-Luciano,3,0,3
Marco-Miguel,3,0,3
Marco-Neil,3,0,3
Marco-Peter,3,0,3
Marco-Philippe,3,0,3
Marco-Polo,3,0,3
Marco-Rainier,3,0,3
Marco-Robert,3,0,3
Marco-Sijbrand,3,0,3
Marco-Simen,3,0,3
Marcobina,0,3,3
Marcofrans,3,0,3
Marcojan,3,0,3
Marcole,0,3,3
Marcolette,0,3,3
Marcolientje,0,3,3
Marcolin,0,3,3
Marcolinda,0,3,3
Marcona,0,3,3
Marconella,0,3,3
Marconello,3,0,3
Marconya,0,3,3
Marcopeter,3,0,3
Marcopolo,3,0,3
Marcora,0,3,3
Marcorius,3,0,3
Marcos-Guilherme,3,0,3
Marcotje,0,3,3
Marcous,3,0,3
Marcpaul,3,0,3
Marcques,3,0,3
Marcquint,3,0,3
Marcret,0,3,3
Marcris,3,0,3
Marcrista,0,3,3
Marcsdochter,0,3,3
Marçuel,3,0,3
Marculeus,3,0,3
Marcura,0,3,3
Marcus-Antonius,3,0,3
Marcus-Aurelius,3,0,3
Marcus-Jan,3,0,3
Marcus-Siebren,3,0,3
Marcus-Victor,3,0,3
Marcus-Willem,3,0,3
Marcus-Zion,3,0,3
Marcusa,0,3,3
Marcussella,0,3,3
Marcusva,0,3,3
Marcusz,3,0,3
Marcuz,3,0,3
Marcuzina,0,3,3
Marcx,3,0,3
Marcxion,3,0,3
Marcy-Anne,0,3,3
Marcy-Lynn,0,3,3
Marcy-Rose,0,3,3
Marcyanna,0,3,3
Marcylia,0,3,3
Marcynthe,0,3,3
Marczella,0,3,3
Marczènja,0,3,3
Mardaan,3,0,3
Mardaelys,0,3,3
Mardai,0,3,3
Mardaleny,0,3,3
Mardalucha,0,3,3
Mardani,0,3,3
Mardany,3,0,3
Mardchello,3,0,3
Mardecha,0,3,3
Mardée,0,3,3
Mardee,0,3,3
Mardelaine,0,3,3
Mardelène,0,3,3
Mardelies,0,3,3
Mardelino,3,0,3
Mardellouis,3,0,3
Mardena,0,3,3
Mardencio,3,0,3
Mardenius,3,0,3
Mardet,0,3,3
Mardey,0,3,3
Mardhiya,0,3,3
Mardianara,0,3,3
Mardiani,0,3,3
Mardianne,0,3,3
Mardieja,0,3,3
Mardiena,0,3,3
Mardienke,0,3,3
Mardiëno,3,0,3
Mardieya,0,3,3
Mardijan,3,0,3
Mardijani,0,3,3
Mardijano,3,0,3
Mardijoe,0,3,3
Mardijusca,0,3,3
Mardil,3,0,3
Mardilon,0,3,3
Mardiman,3,0,3
Mardimin,3,0,3
Mardineke,0,3,3
Mardion,3,0,3
Mardiono,3,0,3
Mardiq,3,0,3
Mardit,0,3,3
Marditia,0,3,3
Mardius,3,0,3
Mardiy,3,0,3
Mardiyanto,3,0,3
Mardiyya,0,3,3
Mardjaana,0,3,3
Mardjain,3,0,3
Mardjalan,3,0,3
Mardjali,0,3,3
Mardjally,0,3,3
Mardjāna,0,3,3
Mardjano,3,0,3
Mardjeesherlí,0,3,3
Mardjely,0,3,3
Mardjenal,3,0,3
Mardjery,0,3,3
Mardjesca,0,3,3
Mardjiena,0,3,3
Mardjina,0,3,3
Mardjono,3,0,3
Mardjy,0,3,3
Mardochee,3,0,3
Mardoekh,3,0,3
Mardon,3,0,3
Mardonice,0,3,3
Mardouk,3,0,3
Mardouschka,0,3,3
Mardrik,3,0,3
Mardt,3,0,3
Mardy-Lyen,0,3,3
Mardyanto,3,0,3
Mardyn,3,0,3
Mardyonne,3,0,3
Mardzjana,0,3,3
Mare-Alys,0,3,3
Mare-Corine,0,3,3
Mare-Elaine,0,3,3
Mare-Hinke,0,3,3
Mare-Jay,0,3,3
Mare-Leanne,0,3,3
Mare-Lieke,0,3,3
Mare-lijnn,0,3,3
Mare-Lin,0,3,3
Mare-Linn,0,3,3
Mare-Lynn,0,3,3
Mare-Noor,0,3,3
Mare-Sofie,0,3,3
Maréa,0,3,3
Mareah,0,3,3
Maream,0,3,3
Maréan,0,3,3
Marean,0,3,3
Mareanco,3,0,3
Marecha,0,3,3
Mareche,0,3,3
Marechel,3,0,3
Marechje,0,3,3
Marecille,0,3,3
Mareckh,3,0,3
Máred,0,3,3
Mareda,0,3,3
Maredjo,3,0,3
Maredu,3,0,3
Mareé,0,3,3
Marée-Joanne,0,3,3
Maree-Louise,0,3,3
Mareechi,3,0,3
Mareeha,0,3,3
Mareëlza,0,3,3
Mareenke,0,3,3
Mareesha,0,3,3
Marefloor,0,3,3
Maregannie,0,3,3
Maregi,0,3,3
Mareginia,0,3,3
Marehan,0,3,3
Marehitu,0,3,3
Maréhn,0,3,3
Mareiam,0,3,3
Mareida,0,3,3
Mareij,0,3,3
Mareik,3,0,3
Mareikje,0,3,3
Mareilis,0,3,3
Mareilla,0,3,3
Mareim,0,3,3
Mareinela,0,3,3
Mareitje,0,3,3
Maréja,0,3,3
Marejada,0,3,3
Marejan,0,3,3
Márek,3,0,3
Maréla,0,3,3
Marëla,0,3,3
Marelain,0,3,3
Marëlcia,0,3,3
Marelcia,0,3,3
Marelcio,3,0,3
Marelda,0,3,3
Marelde,0,3,3
Marelee,0,3,3
Mareleen,0,3,3
Mareléne,0,3,3
Marelfa,0,3,3
Marelgia,0,3,3
Marelhio,3,0,3
Máreli,0,3,3
Mareliene,0,3,3
Marelies,0,3,3
Mareliesje,0,3,3
Marelieve,0,3,3
Marelina,0,3,3
Marelio,3,0,3
Marelique,0,3,3
Marelis,0,3,3
Marelisa,0,3,3
Marélise,0,3,3
Mareliza,0,3,3
Marelize,0,3,3
Marelja,0,3,3
Marelle-Marije,0,3,3
Marellen,0,3,3
Marelli,3,0,3
Marellie,0,3,3
Marellva,0,3,3
Marellyn,0,3,3
Marelo,3,0,3
Marelsy,0,3,3
Mareluna,0,3,3
Marelvio,3,0,3
Marelvis,0,3,3
Marelyne,0,3,3
Marelynn,0,3,3
Marèm,0,3,3
Marême,0,3,3
Marème,0,3,3
Maremi,0,3,3
Maremijn,0,3,3
Máremilia,0,3,3
Maremio,3,0,3
Maremka,0,3,3
Maren-Margarethe,0,3,3
Maréna,0,3,3
Marenando,3,0,3
Marenaware,3,0,3
Marenden,3,0,3
Marendo,3,0,3
Maréne,0,3,3
Marëne,0,3,3
Marènka,0,3,3
Marènn,0,3,3
Marennes,0,3,3
Maréno,3,0,3
Mareno-Bas,3,0,3
Marenqo,3,0,3
Marenque,0,3,3
Marensa,0,3,3
Marense,0,3,3
Marensha,0,3,3
Marensho,3,0,3
Marensk,0,3,3
Marènthe,0,3,3
Marentine,0,3,3
Marentio,3,0,3
Marentley,3,0,3
Marentsa,0,3,3
Marenzia,0,3,3
Mareoine,3,0,3
Mareon,0,3,3
Marèsa,0,3,3
Maréscha,0,3,3
Mareschka,3,0,3
Maresh,3,0,3
Mareshaël,0,3,3
Maresia,0,3,3
Mareske,0,3,3
Maress,0,3,3
Maréssa,0,3,3
Maresse,0,3,3
Marest,3,0,3
Marét,0,3,3
Marèt,0,3,3
Mareta,0,3,3
Marête,0,3,3
Maretee,0,3,3
Maretio,3,0,3
Marêtje,0,3,3
Marett,0,3,3
Marettie,0,3,3
Marety,0,3,3
Mareus,3,0,3
Mareve,3,0,3
Marevo,3,0,3
Marewa,0,3,3
Mareyam,0,3,3
Mareylio,3,0,3
Mareynaischca,0,3,3
Mareyne,0,3,3
Mareynshellinne,0,3,3
Mareynus,3,0,3
Mareze,0,3,3
Marèze,0,3,3
Marezie,0,3,3
Marfaina,0,3,3
Marfairick,3,0,3
Marfan,0,3,3
Marfat,0,3,3
Marfaynia,0,3,3
Marfell,3,0,3
Marffew,3,0,3
Marfiano,3,0,3
Marfieke,0,3,3
Marfin,3,0,3
Marfoaa,0,3,3
Marfowaa,0,3,3
Marfrelis,0,3,3
Marfri,0,3,3
Marfried,0,3,3
Marfu,3,0,3
Marfy,0,3,3
Marg-Marie,0,3,3
Marga-Anne,0,3,3
Marga-Will,0,3,3
Margabeth,0,3,3
Margad,0,3,3
Margadi,0,3,3
Margaertha,0,3,3
Margagretha,0,3,3
Margain,0,3,3
Margaine,0,3,3
Margal,3,0,3
Margalenia,0,3,3
Margalere,0,3,3
Margalie,0,3,3
Margalieth,0,3,3
Margalita,0,3,3
Margalite,0,3,3
Margam,0,3,3
Margan,0,3,3
Marganie,0,3,3
Margano,3,0,3
Margared,0,3,3
Margareetje,0,3,3
Margaret-Mary,0,3,3
Margaréte,0,3,3
Margarete-Anna,0,3,3
Margarètha,0,3,3
Margaretha-Aarke,0,3,3
Margaretha-Aleida,0,3,3
Margaretha-Elisabeth,0,3,3
Margaretha-Henriëtte,0,3,3
Margaretha-Johanna,0,3,3
Margaretha-Mette,0,3,3
Margaretha-Suzanne,0,3,3
Margarethe-Louise,0,3,3
Margarethe-Maria,0,3,3
Margarethea,0,3,3
Margaretje,0,3,3
Margareto,0,3,3
Margaretthe,0,3,3
Margarheta,0,3,3
Margaria,0,3,3
Margarid,0,3,3
Margarieth,0,3,3
Margarietta,0,3,3
Margariette,0,3,3
Margarina,3,0,3
Margarinus,3,0,3
Margarités,0,3,3
Margarithah,0,3,3
Margarithi,0,3,3
Margarno,3,0,3
Margaron,0,3,3
Margarrette,0,3,3
Margarthe,0,3,3
Margarytha,0,3,3
Margatha,0,3,3
Margault,0,3,3
Margaurite,0,3,3
Margawati,0,3,3
Margchien,0,3,3
Margean,0,3,3
Margeau,0,3,3
Margeels,0,3,3
Margeert,3,0,3
Margeerten,3,0,3
Margeeske,0,3,3
Margeis,3,0,3
Margejo,0,3,3
Margeke,0,3,3
Margelie,0,3,3
Margelina,0,3,3
Margelinda,0,3,3
Margelique,0,3,3
Margelit,0,3,3
Margelith,0,3,3
Margeliza,0,3,3
Margely,0,3,3
Margély,0,3,3
Margenu,3,0,3
Margéo,3,0,3
Margeō,3,0,3
Margeory,0,3,3
Marger,3,0,3
Margera,0,3,3
Margérda,0,3,3
Margeretina,0,3,3
Margerette,0,3,3
Margeriete,0,3,3
Margerieth,0,3,3
Margerietje,0,3,3
Margérit,0,3,3
Margerith,0,3,3
Margeritta,0,3,3
Margerley,0,3,3
Margerliano,3,0,3
Margerly,0,3,3
Margerretha,0,3,3
Margerrik,0,3,3
Margerrit,0,3,3
Margerrith,0,3,3
Margert,0,3,3
Margerta,0,3,3
Marges,3,0,3
Margetha,0,3,3
Margette,0,3,3
Margettje,0,3,3
Margeuritha,0,3,3
Margeviënne,0,3,3
Margezine,0,3,3
Marghalia,0,3,3
Margharet,0,3,3
Margharite,0,3,3
Marghereta,0,3,3
Marghérita,0,3,3
Marghérite,0,3,3
Margheritina,0,3,3
Margherta,0,3,3
Marghino,3,0,3
Marghita,0,3,3
Marghrite,3,0,3
Marghuerita,0,3,3
Marghuérite,0,3,3
Margiangela,0,3,3
Margiano,3,0,3
Margieënne,0,3,3
Margiel,3,0,3
Margiëla,3,0,3
Margieneke,0,3,3
Margiet,0,3,3
Margilevy,0,3,3
Margilio,3,0,3
Margillio,3,0,3
Margina-Gabriëla,0,3,3
Margiolaine,0,3,3
Margiolica,0,3,3
Margion,3,0,3
Margít,0,3,3
Márgit-Marees,0,3,3
Margit-Rozá,0,3,3
Margitdina,0,3,3
Margiu,3,0,3
Margiyani,0,3,3
Margje-Anna,0,3,3
Margje-Jantje,0,3,3
Margjejannetje,0,3,3
Margjer,3,0,3
Margjilka,0,3,3
Margo-Louise,0,3,3
Margolaine,0,3,3
Margold,0,3,3
Margolda,0,3,3
Margoleen,0,3,3
Margolia,0,3,3
Margoline,0,3,3
Margolyse,0,3,3
Margonna,0,3,3
Margonnery,0,3,3
Margoret,0,3,3
Margorettie,0,3,3
Margorita,0,3,3
Margöt,0,3,3
Margót,0,3,3
Margòt,0,3,3
Margot-Ann,0,3,3
Margot-Esther,0,3,3
Margot-Fréderique,0,3,3
Margot-Jacoba,0,3,3
Margot-Leentje,0,3,3
Margot-Louise,0,3,3
Margot-Susanne,0,3,3
Margota,0,3,3
Margotje,0,3,3
Margotte,0,3,3
Margoy,0,3,3
Margra,0,3,3
Margrad,0,3,3
Margrata,0,3,3
Margrè,0,3,3
Margreat,0,3,3
Margréeth,0,3,3
Margreette,0,3,3
Mârgret,0,3,3
Margréta,0,3,3
Margréte,0,3,3
Margrète,0,3,3
Margreth-Anne,0,3,3
Margrètha,0,3,3
Margretha-Jannet,0,3,3
Margréthe,0,3,3
Margrethina,0,3,3
Margrethinus,3,0,3
Margretho,0,3,3
Margretina,0,3,3
Margrétine,0,3,3
Margreüs,3,0,3
Margri,0,3,3
Margrida,0,3,3
Margrien,0,3,3
Margriet-Nienke,0,3,3
Margriet-Rose,0,3,3
Margrieta-Aaltina,0,3,3
Margrietanita,0,3,3
Margriethas,0,3,3
Margriëtte,0,3,3
Margrijn,3,0,3
Margrites,3,0,3
Margrithus,3,0,3
Margritje,0,3,3
Margritli,0,3,3
Margrittha,0,3,3
Margruetta,0,3,3
Margruite,0,3,3
Margualite,0,3,3
Marguaritte,0,3,3
Margue,0,3,3
Marguée,0,3,3
Marguereta,0,3,3
Margueretha,0,3,3
Margueretta,0,3,3
Marguerida,0,3,3
Margueriet,0,3,3
Margueriete,0,3,3
Marguêrite,0,3,3
Marguerite-ann,0,3,3
Margueritta,0,3,3
Marguero,3,0,3
Marguise,0,3,3
Marguite,0,3,3
Margulies,0,3,3
Margund,0,3,3
Marguno,3,0,3
Marguretha,0,3,3
Marguritha,0,3,3
Marh,0,3,3
Marhaidely,0,3,3
Marhailyne,0,3,3
Marhainska,0,3,3
Marhall,3,0,3
Marhanneke,0,3,3
Marharetha,0,3,3
Marhauan,3,0,3
Marhe,0,3,3
Marhé,0,3,3
Marhee,0,3,3
Marhel,0,3,3
Marhene,0,3,3
Marhenka,0,3,3
Marhenke,3,0,3
Marhent,3,0,3
Marhes,0,3,3
Marhi,0,3,3
Marhijn,3,0,3
Marhinde,0,3,3
Marhinjo,3,0,3
Marhinoes,3,0,3
Marhiske,0,3,3
Marho,3,0,3
Marhona,0,3,3
Marhoon,0,3,3
Marhu,0,3,3
Marhuno,3,0,3
Mari'an,0,3,3
Mari-Alice,0,3,3
Mari-an,0,3,3
Mari-An,0,3,3
Mari-Angela,0,3,3
Mari-Bea,0,3,3
Mari-Camille,0,3,3
Mari-Chelle,0,3,3
Mari-Christine,0,3,3
Mari-Claire,0,3,3
Mari-Elina,0,3,3
Mari-Elisa,0,3,3
Mari-Elise,0,3,3
Mari-Ella,0,3,3
Mari-Elle,0,3,3
Mari-elle,0,3,3
Mari-jan,0,3,3
Mari-Jans,0,3,3
Mari-Jayveny,0,3,3
Mari-Jèn,0,3,3
Mari-Jo,0,3,3
Mari-Jonne,0,3,3
Mari-Jose,0,3,3
Mari-Joy,0,3,3
Mari-Julliette,0,3,3
Mari-Kee,0,3,3
Mari-Lé,0,3,3
Mari-Leentje,0,3,3
Mari-Len,0,3,3
Mari-Leyla,0,3,3
Mari-Liisa,0,3,3
Mari-Line,0,3,3
Mari-lise,0,3,3
Mari-Loïs,0,3,3
Mari-Lot,0,3,3
Mari-Lotte,0,3,3
Mari-lou,0,3,3
Mari-Louisa,0,3,3
Mari-Luz,0,3,3
Mari-Lyenely,0,3,3
Mari-Mae,0,3,3
Mári-Nell,0,3,3
Mari-Nicole,0,3,3
Mari-Paz,3,0,3
Mari-Susan,0,3,3
Mari-Trini,0,3,3
Mari-Yélla,0,3,3
Mari-Yo,0,3,3
Máriá,0,3,3
Marïa,0,3,3
Maria'h,0,3,3
Maria's,0,3,3
Maria-Adel,0,3,3
Maria-Agatha,0,3,3
Maria-Albertine,0,3,3
Maria-Alice,0,3,3
Maria-Alis,0,3,3
Maria-Ana,0,3,3
Maria-Andrée,0,3,3
Maria-Angelica,0,3,3
Maria-Angelina,0,3,3
Maria-Anja,0,3,3
Maria-Ann,0,3,3
Maria-anna,0,3,3
Maria-Annette,0,3,3
Maria-Annunciata,0,3,3
Maria-Anouschka,0,3,3
Maria-Anthonia,0,3,3
Maria-Antoinet,0,3,3
Maria-Antonet,0,3,3
Maria-Antoñieta,0,3,3
Maria-Antoniëtta,0,3,3
Maria-Arianna,0,3,3
Maria-Arina,0,3,3
Maria-Augustina,0,3,3
Maria-Auxilia,0,3,3
Maria-Bella,0,3,3
Maria-Bertha,0,3,3
Maria-Brigitta,0,3,3
Maria-Carina,0,3,3
Maria-Carmela,0,3,3
Maria-Caroline,3,0,3
Maria-Catalina,0,3,3
Maria-Catharine,0,3,3
Maria-Charlotte,0,3,3
Maria-Christien,0,3,3
Mária-Christina,0,3,3
Maria-Cleophas,3,0,3
Maria-Columba,3,0,3
Maria-Conchita,0,3,3
Maria-Corita,0,3,3
Maria-Cornelia,0,3,3
María-Covadonga,0,3,3
Maria-Cynthia,0,3,3
Maria-Dean,0,3,3
Maria-Dominique,0,3,3
Maria-Donna,0,3,3
Maria-Dulce,0,3,3
Maria-Edwina,0,3,3
Maria-Emma,0,3,3
Maria-Encarna,0,3,3
Maria-Esperanza,0,3,3
Maria-Eva,0,3,3
Maria-eva,0,3,3
Maria-Evita,0,3,3
Maria-Franca,0,3,3
Maria-France,0,3,3
Maria-Francesca,0,3,3
Maria-Francisca,0,3,3
Maria-Gabriella,0,3,3
Maria-Gemma,0,3,3
Maria-Gerdina,0,3,3
Maria-Gratia,0,3,3
Maria-Grazia,0,3,3
Maria-Greta,0,3,3
Maria-Hannah,0,3,3
Maria-Helène,0,3,3
Maria-Hélène,0,3,3
Maria-Henriëtte,0,3,3
Maria-Hermina,0,3,3
Maria-Hubertina,0,3,3
Maria-Hubertine,0,3,3
Maria-Iny,0,3,3
Maria-Isabella,0,3,3
Maria-isabelle,0,3,3
Maria-Isadora,0,3,3
Maria-Jan,0,3,3
Maria-Jane,0,3,3
Maria-Janne,0,3,3
Maria-Jannetje,0,3,3
Maria-Jantje,0,3,3
Maria-Jeane,0,3,3
Maria-Jeanne,0,3,3
Maria-Jesus,0,3,3
Maria-Joanna,0,3,3
Maria-Jolande,0,3,3
María-José,0,3,3
Maria-Jóse,0,3,3
Maria-Josefa,0,3,3
Maria-Josina,0,3,3
Maria-Jozefina,0,3,3
Maria-Jozephina,0,3,3
Maria-Judith,0,3,3
Maria-Katharina,0,3,3
Maria-Klazina,0,3,3
Maria-Kornelia,0,3,3
Maria-Latifa,0,3,3
Maria-Leonsa,0,3,3
Maria-Lianza,0,3,3
Maria-Lida,0,3,3
Maria-Lien,0,3,3
Maria-Liene,0,3,3
Maria-Lina,0,3,3
Maria-Linde,0,3,3
Maria-Lionza,0,3,3
Maria-Lodewika,0,3,3
Maria-Loisé,0,3,3
Maria-Lotte,0,3,3
Maria-Louïse,0,3,3
Maria-Louise-Joanna,0,3,3
Maria-Lúcia,0,3,3
Maria-Lucinda,0,3,3
Maria-Luigia,0,3,3
Maria-Luiza,0,3,3
Maria-Luna,0,3,3
Maria-Lydia,0,3,3
Maria-Lynne,0,3,3
Maria-Lyse,0,3,3
Maria-Magarita,0,3,3
Maria-Maj,0,3,3
Maria-Margarita,0,3,3
Maria-Marijke,0,3,3
Maria-Marly,0,3,3
Maria-Martina,0,3,3
Maria-May,0,3,3
Maria-Melina,0,3,3
Maria-Moniqué,0,3,3
Maria-Nahla,0,3,3
Maria-Nalady,0,3,3
Maria-Nena,0,3,3
Maria-Nicol,0,3,3
Maria-Nienke,0,3,3
Maria-Nikita,0,3,3
Maria-Noëlle,0,3,3
Maria-Nora,0,3,3
Maria-Ottie,3,0,3
Maria-Paulina,0,3,3
Maria-Petra,0,3,3
Maria-Petranella,0,3,3
Maria-Petrus,3,0,3
Maria-Regina,3,0,3
Maria-Repetto,0,3,3
Maria-Rikstelina,0,3,3
Maria-Rita,0,3,3
Maria-Rosarii,0,3,3
Maria-Rosita,0,3,3
Maria-Rosseta,0,3,3
Maria-Salome,0,3,3
Maria-Sanna,0,3,3
Maria-Santa,0,3,3
Maria-Sarina,0,3,3
Maria-Stephanie,0,3,3
Maria-Teresa,0,3,3
Maria-Therèsa,0,3,3
Maria-Therese,0,3,3
Maria-Therèse,0,3,3
Maria-Thérèsia,0,3,3
Maria-Tiffany,0,3,3
Maria-Toulouse,0,3,3
Maria-Valentina,0,3,3
Maria-Valerie,0,3,3
Maria-Vianney,0,3,3
Maria-Violamé,0,3,3
Maria-Wietske,0,3,3
Maria-Willy,0,3,3
Maria-Yasemin,0,3,3
Maria.,3,0,3
Mariaangela,0,3,3
Mariaangella,0,3,3
Mariabel,0,3,3
Mariachristeny,0,3,3
Mariadélice,0,3,3
Mariaerena,0,3,3
Mariagh,0,3,3
Mariagoretti,0,3,3
Màriah,0,3,3
Mariah-Lou,0,3,3
Mariah-Michelle,0,3,3
Mariahd,0,3,3
Mariahelena,0,3,3
Mariahesus,0,3,3
Mariala,0,3,3
Marialeen,0,3,3
Marialeina,0,3,3
Marialène,0,3,3
Marialessandra,0,3,3
Marialetta,0,3,3
Márialette,0,3,3
Marialida,0,3,3
Marialies,0,3,3
Mariälies,0,3,3
Marialijne,0,3,3
Marialina,0,3,3
Marialinde,0,3,3
Marialis,0,3,3
Marialisa,0,3,3
Marialise,0,3,3
Marialissa,0,3,3
Marialouisa,0,3,3
Marialowise,0,3,3
Marialtha,0,3,3
Marialuisa,0,3,3
Marialuna,0,3,3
Marialus,0,3,3
Marialusa,0,3,3
Marialva,0,3,3
Marialyn,0,3,3
Marialynn,0,3,3
Märiam,0,3,3
Mariam-Najat,0,3,3
Mariama-Sire,0,3,3
Mariamah,0,3,3
Mariamdasie,0,3,3
Mariamin,0,3,3
Mariamma,0,3,3
Mariamna,0,3,3
Märian,0,3,3
Màrian,3,0,3
Márian,3,0,3
Marian-Aiman,0,3,3
Marian-ne,0,3,3
Marianah,0,3,3
Marianco,3,0,3
Mariander,0,3,3
Mariandes,3,0,3
Mariandre,0,3,3
Mariandry,0,3,3
Marianea,0,3,3
Marianel,0,3,3
Marianellie,0,3,3
Marianelly,0,3,3
Marianelys,0,3,3
Mariángela,0,3,3
Mariangelica,0,3,3
Maríangely,0,3,3
Marianggy,0,3,3
Marianice,0,3,3
Marianila,0,3,3
Marianitha,0,3,3
Marianja,0,3,3
Mariannas,0,3,3
Mariannė,0,3,3
MariAnne,0,3,3
Marianne-Carola,0,3,3
Marianne-Frédérique,0,3,3
Marianne-Silvia,0,3,3
Marianneken,0,3,3
Mariannen,0,3,3
Mariannick,0,3,3
Mariannne,0,3,3
Mariâno,3,0,3
Mariãno,3,0,3
Marianshenique,0,3,3
Marianske,0,3,3
Mariante,0,3,3
Mariantely,0,3,3
Mariantheley,0,3,3
Marianthely,0,3,3
Mariantho,0,3,3
Mariantie,0,3,3
Mariantonia,0,3,3
Mariantonietta,0,3,3
Marianush,0,3,3
Mariapia,0,3,3
Mariara,0,3,3
Mariaska,0,3,3
Mariateresa,0,3,3
Mariatha,0,3,3
Mariatin,0,3,3
Mariatine,0,3,3
Mariatoly,0,3,3
Mariatti,0,3,3
Mariaty,0,3,3
Mariaus,3,0,3
Mariay,0,3,3
Mariayam,0,3,3
Mariazinha,0,3,3
Mariba,0,3,3
Maribaya,0,3,3
Mariber,0,3,3
Maribet,0,3,3
Maribette,0,3,3
Maribi,0,3,3
Maribien,0,3,3
Maríc,0,3,3
Maric'a,0,3,3
Mariça,0,3,3
Marīcajah,3,0,3
Maricano,3,0,3
Maricar,0,3,3
Mariced,0,3,3
Maricèl,0,3,3
Maricêla,0,3,3
Mariceli,0,3,3
Maricely,0,3,3
Marich,3,0,3
Marichaella,0,3,3
Marichan,0,3,3
Maríchan,0,3,3
Marichana,0,3,3
Marichele,0,3,3
Marichell,0,3,3
Marichello,3,0,3
Marichéna,0,3,3
Marichi,0,3,3
Marichia,0,3,3
Marichiana,0,3,3
Marichiano,3,0,3
Marichiano-Junior,3,0,3
Marichiany,0,3,3
Marichio,3,0,3
Marichka,0,3,3
Marichtje,0,3,3
Marichulyen,0,3,3
Marichuy,0,3,3
Mariciana,0,3,3
Maricica,0,3,3
Maricicia,0,3,3
Maricie,0,3,3
Maricilia,0,3,3
Maricja,0,3,3
Marìck,3,0,3
Mariclair,0,3,3
Maricle,3,0,3
Maricolle,0,3,3
Maricor,0,3,3
Maricya,0,3,3
Marideisha,0,3,3
Maridiana,0,3,3
Maridianne,0,3,3
Maridien,0,3,3
Maridina,0,3,3
Maridinah,0,3,3
Maridisas,0,3,3
Maridjem,0,3,3
Maridjeny,0,3,3
Marido,3,0,3
Maridoen,0,3,3
Märie,3,0,3
Mârie,3,0,3
Mariê,0,3,3
Marie-,0,3,3
Marie-Adèle,0,3,3
Marie-Adelheid,0,3,3
Marie-Adriënne,0,3,3
Marie-Agnes,0,3,3
Marie-Alies,0,3,3
Marie-Aline,0,3,3
Marie-Allegon,0,3,3
Marie-Aloysia,0,3,3
Marie-Amaryllis,0,3,3
Marie-Amber,0,3,3
Marie-Amelia,0,3,3
Marie-Amelie,0,3,3
Marië-An,0,3,3
Marie-Andree,3,0,3
Marie-Angel,0,3,3
Marie-Angelique,0,3,3
Marie-Angelle,0,3,3
Marie-Anique,0,3,3
Marie-Anke,0,3,3
Marie-ann,0,3,3
Marié-Annè,0,3,3
Marie-Anouk,0,3,3
Marie-Antje,0,3,3
Marie-Antoinetta,0,3,3
Marie-Antoinne,3,0,3
Marie-Antonette,0,3,3
Marie-Antonine,0,3,3
Marie-Antonniette,0,3,3
Marie-Apollon,3,0,3
Marie-Ariane,0,3,3
Marie-Armande,0,3,3
Marie-Ashley,0,3,3
Marie-atie,0,3,3
Marie-Augusta,0,3,3
Marie-Auguste,0,3,3
Marie-aura,0,3,3
Marie-Béatrice,0,3,3
Marie-belle,0,3,3
Marie-Berdien,0,3,3
Marie-Bernarde,0,3,3
Marie-beth,0,3,3
Marie-Bett,0,3,3
Marie-Bettine,0,3,3
Marie-Britt,0,3,3
Marie-Caecile,0,3,3
Marie-Camille,0,3,3
Marie-Catelijne,0,3,3
Marie-Cathalyne,0,3,3
Marie-Catrien,0,3,3
Marie-Catrine,0,3,3
Marie-Céciel,0,3,3
Marie-Cècile,3,0,3
Marie-Ceçile,0,3,3
Marie-Cecille,0,3,3
Marie-Céleste,0,3,3
Marie-Celine,0,3,3
Marie-Cheralde,0,3,3
Marie-Christian,3,0,3
Marie-Christy,0,3,3
Marie-Clare,0,3,3
Marie-Claudine,0,3,3
Marie-Clothilde,3,0,3
Marie-Constans,0,3,3
Marie-Coralie,0,3,3
Marie-Cornelia,0,3,3
Marie-Cornelie,0,3,3
Marie-Cristien,0,3,3
Marie-Daphne,0,3,3
Marie-denis,0,3,3
Marie-Diana,0,3,3
Marie-Didyme,0,3,3
Marie-Diederieke,0,3,3
Marie-Djean,0,3,3
Marie-Donnée,0,3,3
Marie-Doortje,0,3,3
Marie-Edith,0,3,3
Marie-Edmée,0,3,3
Marie-Élena,0,3,3
Marie-Elisa,0,3,3
Marie-Elizabeth,0,3,3
Marie-elle,0,3,3
Marie-Eloise,0,3,3
Marie-Eloïse,0,3,3
Marie-Els,0,3,3
Marie-Elske,0,3,3
Marie-Elvire,0,3,3
Marie-Emanuelle,0,3,3
Marie-Emma,0,3,3
Marie-Enza,0,3,3
Marie-Ernestine,0,3,3
Marie-Esmée,0,3,3
Marie-Estella,0,3,3
Marie-Ete,0,3,3
Marie-Eugène,3,0,3
Marie-Eugénie,0,3,3
Marie-Eveline,0,3,3
Marie-Faustine,0,3,3
Marie-fe,0,3,3
Marie-Fee,0,3,3
Marie-Felice,0,3,3
Marie-Fer,0,3,3
Marie-Flore,0,3,3
Marie-Florien,0,3,3
Marie-Florijn,0,3,3
Marie-Franc,0,3,3
Marie-Francien,0,3,3
Marie-Françis,0,3,3
Marie-François,3,0,3
Marie-Frederique,0,3,3
Marie-Fréderique,0,3,3
Marie-Frédérique,0,3,3
Marie-Gabriel,0,3,3
Marie-Gabriëlle,0,3,3
Marie-Geertrui,0,3,3
Marie-Généviève,0,3,3
Marie-Ger,0,3,3
Marie-Gerdien,0,3,3
Marie-Germaine,0,3,3
Marie-Gertrude,0,3,3
Marie-Gertruud,0,3,3
Marie-Ghislainne,0,3,3
Marie-Gigitte,0,3,3
Marie-Grace,0,3,3
Marie-Griet,0,3,3
Marie-Gustave,0,3,3
Marie-Hannah,0,3,3
Marie-Harryette,0,3,3
Marie-Helèn,0,3,3
Marie-Helen,0,3,3
Marie-Heléne,0,3,3
Marie-Hilde,0,3,3
Marie-Ida,0,3,3
Marie-Ignes,0,3,3
Marie-Inez,0,3,3
Marie-Irene,0,3,3
Marie-Irène,0,3,3
Marie-Iris,0,3,3
Marie-Its,0,3,3
Marie-J,0,3,3
Marie-Jacobine,0,3,3
Marie-Jacq,3,0,3
Marie-Jana,0,3,3
Marie-Janet,0,3,3
Marie-Janine,0,3,3
Marie-Janka,0,3,3
Marie-janne,0,3,3
Marie-jeanne,0,3,3
Marie-Jelle,0,3,3
Marie-Jen,0,3,3
Marie-Jenne,0,3,3
Marie-Jó,0,3,3
Marie-Jo-Ann,0,3,3
Marie-Joke,0,3,3
Marie-Jolanda,0,3,3
Marie-Jolande,0,3,3
Marie-Joline,0,3,3
Marie-Joly,0,3,3
Marie-Jonas,3,0,3
Marie-jose,3,0,3
Marie-Josè,3,0,3
Marie-Joseé,3,0,3
Marie-Josefien,0,3,3
Marie-Josefine,0,3,3
Marie-Josèphine,0,3,3
Marie-Jozefa,0,3,3
Marie-Jozefien,0,3,3
Marie-Juliana,0,3,3
Marie-Juliënne,0,3,3
Marie-Julienne,0,3,3
Marie-Justine,0,3,3
Marie-Kate,0,3,3
Marie-laure,0,3,3
Marie-Laurence,0,3,3
Marie-Lee,0,3,3
Marie-Lei,0,3,3
Marie-Lenne,0,3,3
Marie-Léonie,0,3,3
Marie-Lesley,0,3,3
Marie-Li,0,3,3
Marie-Liduine,0,3,3
Marie-Lieke,0,3,3
Marie-Lien,0,3,3
Marie-Lies,0,3,3
Marie-Liesje,0,3,3
Marie-Lijn,0,3,3
Marie-Liliane,0,3,3
Marie-Lin,0,3,3
Marie-Linda,0,3,3
Marie-line,0,3,3
Marie-Lisah,0,3,3
Marie-Lisanne,0,3,3
Marie-lise,0,3,3
Marie-Lizanne,0,3,3
Marie-Loesa,0,3,3
Marie-Lot,0,3,3
Marie-Louice,0,3,3
Marie-louis,0,3,3
Marie-Louize,0,3,3
Marie-Loure,0,3,3
Marie-Luce,0,3,3
Marie-Lucie,0,3,3
Marie-Luciënne,0,3,3
Marie-Luisa,0,3,3
Marie-Lummechien,0,3,3
Marie-Lusan,0,3,3
Marie-Lyn,0,3,3
Marie-Lyonelle,0,3,3
Marie-Lyse,0,3,3
Marie-Macelle,0,3,3
Marie-Madelein,0,3,3
Marie-Mae,0,3,3
Marie-Magdeleine,0,3,3
Marie-Margarethe,0,3,3
Marie-Marth,0,3,3
Marie-Marthè,0,3,3
Marie-Mathilda,0,3,3
Marie-Matthias,3,0,3
Marie-Michele,0,3,3
Marie-Michèle,0,3,3
Marie-Michelle,0,3,3
Marie-Minouk,0,3,3
Marie-Morganne,0,3,3
Marie-Myrthe,0,3,3
Marie-Nanette,0,3,3
Marie-Neeltje,0,3,3
Marie-Noa,0,3,3
Marie-Noel,0,3,3
Marie-Octavie,0,3,3
Marie-Odile,0,3,3
Marie-Pascal,0,3,3
Marie-Patricia,0,3,3
Marie-Paula,0,3,3
Marie-Prudence,0,3,3
Marie-Rafaëlle,0,3,3
Marie-Regine,0,3,3
Marìe-Regìne,0,3,3
Marie-Reintje,0,3,3
Marie-Renilde,0,3,3
Marie-Roelien,0,3,3
Marie-Rosaire,0,3,3
Marie-Rosanne,0,3,3
Marie-rose,3,0,3
Marie-Rosette,0,3,3
Marie-Sabine,0,3,3
Marie-Sarine,0,3,3
Marie-Selien,0,3,3
Marie-Shofie,0,3,3
Marie-Sixtine,0,3,3
Marie-Sol,0,3,3
Marie-Solange,0,3,3
Marie-Soleil,0,3,3
Marie-Sóphie,0,3,3
Marie-Stefan,3,0,3
Marie-Stella,0,3,3
Marie-Stéphanie,0,3,3
Marie-Sue,0,3,3
Marie-Susan,0,3,3
Marie-Suus,0,3,3
Marie-Suzie,0,3,3
Marie-Teresa,0,3,3
Marie-Theresé,0,3,3
Marie-Thèrese,0,3,3
Marie-Théresè,0,3,3
Marie-Therésè,0,3,3
Marie-Theresse,0,3,3
Marie-Thomas,0,3,3
Marie-Trese,0,3,3
Marie-Valentin,3,0,3
Marie-Veerle,0,3,3
Marie-Velly,0,3,3
Marie-Victorine,0,3,3
Marie-Vina,0,3,3
Marie-Virgenie,0,3,3
Marie-Von,0,3,3
Marie-Will,0,3,3
Marie-Wille,0,3,3
Marië-Yaëlla,0,3,3
Marie-Yannick,0,3,3
Marie-Yolande,0,3,3
Marie-Yvette,0,3,3
Marie-Zélie,0,3,3
Mariëa,0,3,3
Mariealda,0,3,3
Marieana,0,3,3
Marieanke,0,3,3
Marieann,0,3,3
Marieanni,0,3,3
Mariebert,0,3,3
Marièce,3,0,3
Mariece,0,3,3
Mariececile,0,3,3
Mariechantal,0,3,3
Mariechel,3,0,3
Mariechelle,0,3,3
Mariechris,0,3,3
Marieclair,0,3,3
MarieClaire,0,3,3
Marieclaude,0,3,3
Marieczka,0,3,3
Mariede,0,3,3
Mariëdi,0,3,3
Mariedien,0,3,3
Mariedina,0,3,3
Mariedivera,0,3,3
Mariedje,0,3,3
Marieë,0,3,3
Marieëla,0,3,3
Marieelco,3,0,3
Marieëlla,0,3,3
Marieëlle,0,3,3
Marieelle,0,3,3
Marieëtte,0,3,3
Mariefloor,0,3,3
Mariegold,0,3,3
Mariehelle,0,3,3
Mariejaën,0,3,3
Mariejailly,0,3,3
Mariejanda,0,3,3
Mariejanka,0,3,3
Mariejéaly,0,3,3
Mariejean,0,3,3
Mariejeannette,0,3,3
Mariejel,0,3,3
Mariejela,0,3,3
Mariejem,0,3,3
Mariejen,3,0,3
Mariejenne,0,3,3
Mariejesca,0,3,3
Mariejesse,0,3,3
Mariejeta,0,3,3
Mariejetta,0,3,3
Mariejoke,0,3,3
Mariejolie,0,3,3
Mariejonna,0,3,3
Mariejosée,3,0,3
Mariejosephine,0,3,3
Mariejoy,0,3,3
Mariejozé,0,3,3
Mariekatrien,0,3,3
Marieke-Anne,0,3,3
Marieke-Badeloch,0,3,3
Marieke-Elsbeth,0,3,3
Marieke-Janneke,0,3,3
Marieke-Joanne,0,3,3
Marieke-Katrina,0,3,3
Marieke-Maaike,0,3,3
Marieke-Marthe,0,3,3
Marieke-Stine,0,3,3
Mariekem,0,3,3
Mariekie,0,3,3
Mariekke,0,3,3
Mariekun,0,3,3
Mariëlda,0,3,3
Mariëlde,0,3,3
Marieleida,0,3,3
Marieleijne,0,3,3
Marieléne,0,3,3
Marielenne,0,3,3
Marieleyne,0,3,3
Marielhja,0,3,3
Mariëli,0,3,3
Marielieze,0,3,3
Marielijn,0,3,3
Marielina,0,3,3
Marieline,0,3,3
Marielis,0,3,3
Marieliz,0,3,3
Mariëlke,0,3,3
Marielke,0,3,3
Mariélla,0,3,3
Mariélla-Leoni,0,3,3
Mariëlle-Anne,0,3,3
Mariëlle-Faye,0,3,3
Mariëlle-Helena,0,3,3
Mariëlle-Mariska,0,3,3
Mariëlle-Thérésa,0,3,3
Mariëllen,0,3,3
Mariellena,0,3,3
Mariëlli,0,3,3
Mariëllie,0,3,3
Mariëllo,0,3,3
Mariëllys,0,3,3
Mariëlo,3,0,3
Marieloise,0,3,3
MarieLouise,0,3,3
Marielouwise,0,3,3
Mariëls,0,3,3
Mariels,0,3,3
Marielsa,0,3,3
Marielse,0,3,3
Mariëlse,0,3,3
Marielska,0,3,3
Marielva,0,3,3
Mariëly,0,3,3
Marielyn,0,3,3
Marielynn,0,3,3
Mariëma,0,3,3
Mariemarthe,0,3,3
Mariemayra,0,3,3
Mariëme,0,3,3
Mariéme,0,3,3
Mariemichou,0,3,3
Marién,0,3,3
Márien,3,0,3
Marièn,3,0,3
Marien-Pieter,3,0,3
Mariéna,0,3,3
Marienanne,0,3,3
Marienca,0,3,3
Mariëndelline,0,3,3
Mariène,0,3,3
Mariënelle,0,3,3
Marienello,3,0,3
Marienet,0,3,3
Marieni,0,3,3
Mariënio,3,0,3
Marienk,3,0,3
Mariennetje,0,3,3
Mariennette,0,3,3
Marienno,3,0,3
Marienoëlle,0,3,3
Mariënsa,0,3,3
Mariensa,0,3,3
Mariënshley,3,0,3
Mariënso,3,0,3
Marients,3,0,3
Marieocé,0,3,3
Marieosé,0,3,3
Mariesanne,0,3,3
Mariesella,0,3,3
Mariesia,0,3,3
Mariesijnie,0,3,3
Marieske,0,3,3
Mariësse,0,3,3
Marïet,0,3,3
Mariéta,0,3,3
Mariéte,0,3,3
Mariëth,0,3,3
Marieth,0,3,3
Mariétha,0,3,3
Mariëtha,0,3,3
Mariëthe,0,3,3
Mariethé,0,3,3
Marietheike,0,3,3
Mariethérèse,0,3,3
Mariethèrese,0,3,3
Marietine,0,3,3
Marietjes,0,3,3
Marietjie,0,3,3
Marietou,0,3,3
Marietra,0,3,3
Marietsa,0,3,3
Marietsha,0,3,3
Marietska,0,3,3
Mariëtta-Aleida,0,3,3
Mariëtte-José,0,3,3
Mariëtte-Sophie,0,3,3
Mariettha,3,0,3
Mariëtto,0,3,3
Marietza,0,3,3
Marieu,3,0,3
Mariéve,0,3,3
Marievon,0,3,3
Mariez,0,3,3
Marifah,0,3,3
Marifeli,0,3,3
Marifet,0,3,3
Marifien,0,3,3
Mariga,3,0,3
Marigeena,0,3,3
Marigelis,0,3,3
Marigelly,0,3,3
Marigelys,0,3,3
Marigeni,0,3,3
Marigenia,0,3,3
Marighilène,0,3,3
Marigie,0,3,3
Marigili,0,3,3
Marigjen,0,3,3
Mariglen,3,0,3
Marigna,0,3,3
Marignaisa,0,3,3
Marigot,0,3,3
Marigret,0,3,3
Marigrete,0,3,3
Marihan,0,3,3
Mariheëna,0,3,3
Mariheilyn,0,3,3
Marihelene,0,3,3
Marii,0,3,3
Märij,0,3,3
Marij-Anna,0,3,3
Marij-Christine,0,3,3
Marij-Dirk,0,3,3
Marij-Greet,0,3,3
Marij-Tabitha,0,3,3
Maríja,0,3,3
Marijah,0,3,3
Marijama,0,3,3
Marijando,0,3,3
Marijani,0,3,3
Marijanie,0,3,3
Marijano,3,0,3
Marijantje,0,3,3
Marijatie,0,3,3
Marijda,0,3,3
Marijë,0,3,3
Marije-Anne,0,3,3
Marije-Elisabeth,0,3,3
Marije-Inge,0,3,3
Marije-Joanna,0,3,3
Marije-Karlijn,0,3,3
Marije-Kirsten,0,3,3
Marije-Marie,0,3,3
Marije-Mathilde,0,3,3
Marije-Tetje,0,3,3
Marije-Wietske,0,3,3
Marijel,0,3,3
Marijell,0,3,3
Marijello,3,0,3
Marijen,0,3,3
Marijenne,0,3,3
Márijenne,0,3,3
Marijes,3,0,3
Marijeta,0,3,3
Marijhe,0,3,3
Marijke-Anna,0,3,3
Marijke-Catharina,0,3,3
Marijke-Elisabeth,0,3,3
Marijke-Ethel,0,3,3
Marijkske,0,3,3
Marijlle,0,3,3
Marijme,0,3,3
marijn,3,0,3
Marijn-Jan,3,0,3
Marijn-Willem,3,0,3
Marijnske,0,3,3
Marijnszoon,3,0,3
Marijntje-Rose,0,3,3
Marijoke,0,3,3
Marijol,0,3,3
Marijola,0,3,3
Marijolein,0,3,3
Marijono,3,0,3
Marijosa,0,3,3
MariJose,0,3,3
Marijsse,0,3,3
Marijth,0,3,3
Marijthe,0,3,3
Marijttje,0,3,3
Mariju-Anna,3,0,3
Marijus,3,0,3
Marijze,0,3,3
Màrika,0,3,3
Marika-Louise,0,3,3
Marikaisa,0,3,3
Marike-Louise,0,3,3
Marikele,0,3,3
Marikem,0,3,3
Mariken-Klaske,0,3,3
Mariken-Renée,0,3,3
Marikhe,0,3,3
Marikiza,0,3,3
Marikje,0,3,3
Marikka,0,3,3
Mariko-Sanne,3,0,3
Marikska,0,3,3
Maril-Louise,0,3,3
Marilag,0,3,3
Marilana,0,3,3
Marilane,0,3,3
Marilayn,0,3,3
Marilayzcel,0,3,3
Marildo,3,0,3
Marile,0,3,3
Marilée,0,3,3
Marileia,0,3,3
Marileida,0,3,3
Marileidy,0,3,3
Marilèn,0,3,3
Marilêne,0,3,3
Marilenie,0,3,3
Marilenne,0,3,3
Marileo,0,3,3
Marilet,0,3,3
Mariletta,0,3,3
Marileyna,0,3,3
Marilez,0,3,3
Marilhia,0,3,3
Marilí,0,3,3
Marilianne,0,3,3
Mariliene,0,3,3
Marilientje,0,3,3
Marilieve,0,3,3
Marilija,0,3,3
Marilijne,0,3,3
Marilique,0,3,3
Marilissa,0,3,3
Marilisy,0,3,3
Marilixe,0,3,3
Mariliz,0,3,3
Marilja,0,3,3
Mariljo,3,0,3
Marillac,0,3,3
Marillaisa,0,3,3
Marillian,0,3,3
Marillis,0,3,3
Marilloiese,0,3,3
Marillon,0,3,3
Marillya,0,3,3
Marillyn,0,3,3
Marillyne,0,3,3
Marillys,0,3,3
Marilo,0,3,3
Mariloek,0,3,3
Marilonah,0,3,3
Marilone,0,3,3
Marilonne,0,3,3
Marilouisa,3,0,3
Marilous,0,3,3
Marilouske,0,3,3
Marilouwise,0,3,3
Marilú,0,3,3
Marilu-Vianthany,0,3,3
Mariluna,0,3,3
Marilvy,0,3,3
Marily-Aan,0,3,3
Marily-Jane,0,3,3
Marilya,0,3,3
Marilyn-Rose,0,3,3
Marilynda,0,3,3
Marilynde,0,3,3
Marílynn,0,3,3
Marilynn-José,0,3,3
Marilyns,0,3,3
Marilyza,0,3,3
Marima,0,3,3
Marimàr,0,3,3
Marimar,0,3,3
Marimarth,0,3,3
Marime,0,3,3
Marimiek,0,3,3
Marimka,0,3,3
Márin,3,0,3
Marin-Arina,0,3,3
Mariña,0,3,3
Marina-Bavonia,0,3,3
Marina-Christina,0,3,3
Marina-Inéz,0,3,3
Marina-Iris,0,3,3
Marina-Janneke,0,3,3
Marina-Jeanne,0,3,3
Marina-José,0,3,3
Marina-Mirelle,0,3,3
Marinajo,3,0,3
Marinal,0,3,3
Marinalva,0,3,3
Marinanne,0,3,3
Marinaqi,0,3,3
Marinas,3,0,3
Marinazia,0,3,3
Marindie,3,0,3
Mariné,3,0,3
Marinea,0,3,3
Marinelies,0,3,3
Marinélle,0,3,3
Marinelli,0,3,3
Marinelys,0,3,3
Marinelza,0,3,3
Marineo,3,0,3
Marinetta,0,3,3
Marineza,0,3,3
Maring,3,0,3
Marínga,0,3,3
Maringho,3,0,3
Maringka,0,3,3
Marinhio,3,0,3
Marinhjo,3,0,3
Marinhnio,3,0,3
Marinhò,3,0,3
Marinhô,3,0,3
Marinhõ,3,0,3
Marinico,3,0,3
Marinjho,3,0,3
Marinjorana,3,0,3
Marink,3,0,3
Maríno,3,0,3
Marino-Junior,3,0,3
Marinoa,0,3,3
Marinoeyare,3,0,3
Marinoh,3,0,3
Marinov,3,0,3
Marinova,0,3,3
Marinovich,3,0,3
Marinsa,0,3,3
Marint,0,3,3
Marinth,0,3,3
Marintio,3,0,3
Marinto,3,0,3
Marinu,0,3,3
Marinús,3,0,3
Marınus,3,0,3
Marinus-Antonius,3,0,3
Marinus-Henry,3,0,3
Marinus-Kenneth,3,0,3
Marinus-Lloyd,3,0,3
Marinus-Marco,3,0,3
Marinus-Pieternella,3,0,3
Marinus-Willem,3,0,3
Marinusia,0,3,3
Marinusje,0,3,3
Marinuszoon,3,0,3
Marinze,0,3,3
Màrio,3,0,3
Marío,3,0,3
Marió,3,0,3
Mario-Albert,3,0,3
Mario-Alex,3,0,3
Mario-alexander,3,0,3
Mario-Bernadi,3,0,3
Mario-Jack,3,0,3
Mario-Marijn,3,0,3
Mario-Meinte,3,0,3
Mario-Ramon,3,0,3
Mario-Wessel,3,0,3
Marioangelo,3,0,3
Marioba,0,3,3
Marioes,0,3,3
Mariofonso,3,0,3
Mariöla,0,3,3
Mariolanza,3,0,3
Mariole,0,3,3
Marioleen,0,3,3
Marioleintje,0,3,3
Mariolene,0,3,3
Marioleni,0,3,3
Mariolga,0,3,3
Mariolina,0,3,3
Mariolka,0,3,3
Mariollene,0,3,3
Mariolyn,0,3,3
Márion,0,3,3
Marion-Eliëtte,0,3,3
Marion-José,0,3,3
Marion-Louisa,0,3,3
Marion-Nelle,0,3,3
Marïona,0,3,3
Marionah,0,3,3
Marionda,0,3,3
Marionelle,0,3,3
Marionet,0,3,3
Marionétte,0,3,3
Marionico,3,0,3
Marionië,0,3,3
Marionlijntje,0,3,3
Marionnel,0,3,3
Marionnetta,0,3,3
Mariono,3,0,3
Marions,3,0,3
Mariophilis,3,0,3
Mariora,0,3,3
Màrios,3,0,3
Mariotta,0,3,3
Mariougeñia,0,3,3
Mariova,0,3,3
Mariow,0,3,3
Maripaz,0,3,3
Mariq,3,0,3
Mariqnita,0,3,3
Mariqua,0,3,3
Mariquel,0,3,3
Marira,0,3,3
Marìs,0,3,3
Maris-Braley,0,3,3
Maris-Jan,3,0,3
Marísa,0,3,3
Marisabel,0,3,3
Marisairys,0,3,3
Marisana,0,3,3
Marisande,0,3,3
Marisaura,0,3,3
Marisbel,0,3,3
Marisca-Simone,0,3,3
Mariscela,0,3,3
Marisch,3,0,3
Marischel,0,3,3
Mariscia,0,3,3
Mariscio,3,0,3
Mariscka,0,3,3
Mariscus,3,0,3
Marisé,0,3,3
Mariséla,0,3,3
Mariselish,0,3,3
Marisèn,0,3,3
Marisetty,0,3,3
Marishadebie,0,3,3
Marishadevi,0,3,3
Marishaily,0,3,3
Marishainely,0,3,3
Marishaino,3,0,3
Marishainy,0,3,3
Marishan,0,3,3
Marishanne,0,3,3
Marishantely,0,3,3
Marishara,0,3,3
Marishayni,0,3,3
Marishayrinna,0,3,3
Marishayrona,0,3,3
Marishemeli,0,3,3
Marishentely,0,3,3
Marishma,0,3,3
Marishwi,0,3,3
Marisiannetis,0,3,3
Marision,0,3,3
Marisjha,0,3,3
Marisjka,0,3,3
Mariska-Deborah,0,3,3
Mariska-Iboyka-Pieternella,0,3,3
Mariska-José,0,3,3
Mariskakoemarie,0,3,3
Mariskia,0,3,3
Marisko,3,0,3
Marislao,0,3,3
Marisole,0,3,3
Marison,3,0,3
Marisqua,0,3,3
Marissja,0,3,3
Marisstacia,0,3,3
Marist,3,0,3
Marista,0,3,3
Maristance,0,3,3
Maristef,0,3,3
Maristela,0,3,3
Maristha,0,3,3
Maristilda,0,3,3
Maristna,0,3,3
Marisu,0,3,3
Marisuënchelo,3,0,3
Marisuëny,0,3,3
Marisvia,0,3,3
Marisviëne,0,3,3
Máriszká,0,3,3
Marít,0,3,3
Mårit,0,3,3
marit,0,3,3
Marìt,0,3,3
Marit-Anne,0,3,3
Marit-Annette,0,3,3
Marit-Cassandra,0,3,3
Marit-Jacobien,0,3,3
Marit-Lynn,0,3,3
Marit-Marije,0,3,3
Marit-Menta,0,3,3
Marit-Michelle,0,3,3
Marit-Sanne,0,3,3
Marít-Vana,0,3,3
Marita-Louise,0,3,3
Maritan,0,3,3
Maritca,0,3,3
Maritchia,0,3,3
Mariten,0,3,3
Maritere,0,3,3
Marites,0,3,3
Maritess,0,3,3
Márith,0,3,3
Marith-Anne,0,3,3
Marithio,3,0,3
Marithsa,0,3,3
Marithscha,0,3,3
Marithza,0,3,3
Maritia,0,3,3
Maritiana,0,3,3
Maritius,3,0,3
Maritjie,0,3,3
Maritjowamo,0,3,3
Maritka,0,3,3
Maritsca,0,3,3
Maritse,0,3,3
Maritsela,0,3,3
Maritsia,0,3,3
Maritty,0,3,3
Maritxell,0,3,3
Maritzarda,0,3,3
Maritze,0,3,3
Maritzia,0,3,3
Mariuan,3,0,3
Mariucia,0,3,3
Márius,3,0,3
Màrius,3,0,3
Mariûs,3,0,3
Mariüs,3,0,3
Marius-Alexander,3,0,3
Marius-jan,3,0,3
Marius-Pier,3,0,3
Mariuxi,0,3,3
Mariv,0,3,3
Mariva,0,3,3
Marivana,0,3,3
Marivania,0,3,3
Marivelle,3,0,3
Marivi,0,3,3
Mariví,0,3,3
Marivianka,0,3,3
Marivic,0,3,3
Marivienisse,0,3,3
Mariviëra,0,3,3
Marivietty,0,3,3
Mariviona,0,3,3
Marivona,0,3,3
Mariwaan,3,0,3
Mariwanda,0,3,3
Mariwil,0,3,3
Mariy,0,3,3
Mariyaah,0,3,3
Mariyamgatoen,0,3,3
Mariyana,0,3,3
Mariyanna,0,3,3
Mariyanne,0,3,3
Mariyanova,0,3,3
Mariyanti,3,0,3
Mariyati,0,3,3
Mariyatu,0,3,3
Mariyè,0,3,3
Mariyella,0,3,3
Mariyelle,0,3,3
Mariyenka,0,3,3
Mariyuwai,3,0,3
Marizella,0,3,3
Marizette,0,3,3
Marizska,0,3,3
Marj-Liisa,0,3,3
Márja,0,3,3
Marja-Liisa,0,3,3
Marja-Luna,0,3,3
Marjaapke,0,3,3
Marjadi,0,3,3
Marjadon,3,0,3
Marjaica,0,3,3
Marjakke,0,3,3
Marjalane,0,3,3
Marjaleen,0,3,3
Marjalijn,0,3,3
Marjalin,0,3,3
Marjamashire,0,3,3
Marján,0,3,3
MarJan,0,3,3
Marjan-Carolina,0,3,3
Marjan-Louise,0,3,3
Marjanah,0,3,3
Marjanal,0,3,3
Marjancka,0,3,3
Marjandel,0,3,3
Marjandro,3,0,3
Marjanello,3,0,3
Marjánka,0,3,3
Marjanko,0,3,3
Marjann,0,3,3
Marjanne-Willemijntje,0,3,3
Marjans,0,3,3
Marjanshailey,0,3,3
Marjansje,0,3,3
Marjanske,0,3,3
Marjantien,0,3,3
Marjantine,0,3,3
Marjard,3,0,3
Marjarova,0,3,3
Marjaroza,0,3,3
Marjatie,0,3,3
Marjatih,0,3,3
Marjatinah,0,3,3
Marjé,0,3,3
Marjea,0,3,3
Marjealy,0,3,3
Marjeandy,3,0,3
Marjeanira,0,3,3
Marjeano,3,0,3
Marjeanthelly,0,3,3
Marjef,0,3,3
Marjelijn,0,3,3
Marjelijne,0,3,3
Marjëlle,0,3,3
Marjelli,0,3,3
Marjelske,0,3,3
Marjelys,0,3,3
Marjemme,0,3,3
Marjéna,0,3,3
Marjena,0,3,3
Marjennelo,3,0,3
Marjennely,0,3,3
Marjeno,3,0,3
Marjensley,3,0,3
Marjently,0,3,3
Marjeraynish,0,3,3
Marjery,0,3,3
Marjès,0,3,3
Marjess,0,3,3
Marjët,0,3,3
Marjeth,0,3,3
Marjetha,0,3,3
Marjetje,0,3,3
Marjettine,0,3,3
Marjetty,0,3,3
Marjez,0,3,3
Marjhanno,3,0,3
Marjhano,3,0,3
Marjheem,0,3,3
Marjhenta,0,3,3
Marjian,0,3,3
Marjiana,0,3,3
Marjiel,3,0,3
Marjies,0,3,3
Marjilke,0,3,3
Marjim,0,3,3
Marjin,0,3,3
Marjion,0,3,3
Marjitska,0,3,3
Marjo-Anne,0,3,3
Marjo-lae'neiy,0,3,3
Marjo-Lan,0,3,3
Marjo-Leida,0,3,3
Marjo-Neeltje,0,3,3
Marjo-sien,0,3,3
Marjoan,0,3,3
Marjoca,0,3,3
Marjocerie,0,3,3
Marjodie,0,3,3
Marjody,0,3,3
Marjoek,0,3,3
Marjoël,0,3,3
Marjoely,0,3,3
Marjoesca,0,3,3
Marjoescha,0,3,3
Marjoeska,0,3,3
Marjohanna,0,3,3
Marjoisa,0,3,3
Marjoka,0,3,3
Marjoksi,0,3,3
Marjolain,0,3,3
Marjole,0,3,3
Marjoled,0,3,3
Marjolein-Andrea,0,3,3
Marjolein-Charlotte,0,3,3
Marjolein-Corine,0,3,3
Marjolein-Fleur,0,3,3
Marjolein-Heleentje,0,3,3
Marjolein-Karlien,0,3,3
Marjoleinne,0,3,3
Marjolen,0,3,3
Marjoletta,0,3,3
Marjolia,0,3,3
Marjoliena,0,3,3
Marjoliene,0,3,3
Marjolienne,0,3,3
Marjolies,0,3,3
Marjolijn-Jolanda,0,3,3
Marjolijnne,0,3,3
Marjolijte,0,3,3
Marjolinde,0,3,3
Marjolisa,0,3,3
Marjolyntje,0,3,3
Marjomay,0,3,3
Marjôn,0,3,3
Marjon-Gretha,0,3,3
Marjonee,0,3,3
Marjonela,0,3,3
Marjonelleke,0,3,3
Marjonetta,0,3,3
Marjonie,0,3,3
Marjoniek,0,3,3
Marjonita,0,3,3
Marjonnel,0,3,3
Marjonnette,0,3,3
Marjontien,0,3,3
Marjora,0,3,3
Marjoré,0,3,3
Marjorene,0,3,3
Marjoria,0,3,3
Marjorien,0,3,3
Marjoriese,0,3,3
Marjorina,0,3,3
Marjorion,3,0,3
Marjorita,0,3,3
Marjorite,0,3,3
Marjosin,0,3,3
Marjosse,0,3,3
Marjotina,0,3,3
Marjotta,0,3,3
Marjou,3,0,3
Marjoush,0,3,3
Marjouska,0,3,3
Marjowi,0,3,3
Marju,3,0,3
Marjudaily,0,3,3
Marjüel,0,3,3
Marjuli,0,3,3
Marjulie,0,3,3
Marjurie,0,3,3
Marjury,0,3,3
Marjut,0,3,3
Mark-Allard,3,0,3
Mark-André,3,0,3
Mark-Benedikt,3,0,3
Mark-Bram,3,0,3
Mark-Daniël,3,0,3
Mark-David,3,0,3
Mark-Edwin,3,0,3
Mark-Ellard,3,0,3
Mark-Erik,3,0,3
Mark-Frank,3,0,3
Mark-Frederik,3,0,3
Mark-Hans,3,0,3
Mark-Hendrik,3,0,3
Mark-Ian,3,0,3
Mark-Ilja,3,0,3
Mark-Ivo,3,0,3
Mark-Jacob,3,0,3
Mark-jan,3,0,3
Mark-Jayden,3,0,3
Mark-Jörg,3,0,3
Mark-Lucas,3,0,3
Mark-Maarten,3,0,3
Mark-Martijn,3,0,3
Mark-Misjel,3,0,3
Mark-Olof,3,0,3
Mark-Patrick,3,0,3
Mark-Philip,3,0,3
Mark-Reza,3,0,3
Mark-Sander,3,0,3
Mark-Simon,3,0,3
Mark-Sjoerd,3,0,3
Mark-Stephan,3,0,3
Mark-Steven,3,0,3
Mark-Thomas,3,0,3
Mark-Wim,3,0,3
Mark-Wout,3,0,3
Mark-Wouter,3,0,3
Mark-Yannick,3,0,3
Markamdeya,0,3,3
Markana,0,3,3
Markangêlo,3,0,3
Markarid,3,0,3
Markariet,0,3,3
Markaryd,0,3,3
Markas,3,0,3
Markati,0,3,3
Markeda,0,3,3
Markeesha,0,3,3
Markeisha,0,3,3
Markeliene,0,3,3
Markelina,0,3,3
Markeline,0,3,3
Markèll,3,0,3
Marketka,0,3,3
Markforres,3,0,3
Markgregorius,3,0,3
Marki,0,3,3
Markie,3,0,3
Markies,3,0,3
Markin,3,0,3
Markinie,0,3,3
Markino,0,3,3
Markisha,0,3,3
Markison,3,0,3
Markiyan,3,0,3
Markjen,0,3,3
Markkus,3,0,3
Marklien,0,3,3
Marklin,3,0,3
Markline,0,3,3
Marko-Carl,3,0,3
Marko-Toni-Herman,3,0,3
Markoadrian,3,0,3
Markoesa,0,3,3
Markoetja,0,3,3
Markolien,0,3,3
Markolina,0,3,3
Markon,3,0,3
Markonah,0,3,3
Markorette,0,3,3
Markov,3,0,3
Markovich,3,0,3
Markovych,3,0,3
Markpan,3,0,3
Markratjiön,3,0,3
Marksdóttir,0,3,3
Markson,3,0,3
Marksson,3,0,3
Marksun,3,0,3
Markulin,3,0,3
Marküs,3,0,3
Markus-Kornelis,3,0,3
Markus-Sebastiaan,3,0,3
Markusa,0,3,3
Markusjan,3,0,3
Markyem,0,3,3
Marlaguette,0,3,3
Marlain,0,3,3
Marlaina,0,3,3
Marlamary,0,3,3
Marlanao,3,0,3
Marlandy,3,0,3
Marlanne,0,3,3
Marlant,3,0,3
Marlaquette,0,3,3
Marlatoe,3,0,3
Marlatus,3,0,3
Marlay,3,0,3
Marlchano,3,0,3
Marlciëllo,3,0,3
Märle,0,3,3
Marle-Jenfrey,3,0,3
Marle-Sophie,0,3,3
Marlean,0,3,3
Marleandro,3,0,3
Marleani,0,3,3
Marleany,0,3,3
Marlease,0,3,3
Marlécyo,3,0,3
Marledina,0,3,3
Marleen-Judith,0,3,3
Marleen-Thérèse,0,3,3
Marleenie,0,3,3
Marleeny,0,3,3
Marleesha,0,3,3
Marlehu,3,0,3
Marlein-Merle,0,3,3
Marleineke,0,3,3
Marleinette,0,3,3
Marleis,0,3,3
Marlén,0,3,3
Marlen-June,3,0,3
Marlèna,0,3,3
Marlêna,0,3,3
Marlencia,0,3,3
Marlène-Mirozah,0,3,3
Marlenes,0,3,3
Marlènesiati,0,3,3
Marlènie,0,3,3
Marlenis,3,0,3
Marlenke,0,3,3
Marlenna,0,3,3
Marlènne,0,3,3
Marleno,3,0,3
Marlente,0,3,3
Marlenthe,0,3,3
Marlenus,3,0,3
Marlenys,0,3,3
Marléone,0,3,3
Marleoni,0,3,3
Marles,0,3,3
Marlesca,0,3,3
Marlesy,3,0,3
Marletje,0,3,3
Marletta,0,3,3
Marlexan,3,0,3
Marléy,3,0,3
Marley-Angel,0,3,3
Marley-Danell,3,0,3
Marley-dath,3,0,3
Marley-Hanna,0,3,3
Marley-Isayah,3,0,3
Marley-Jaimz,3,0,3
Marley-Jay,0,3,3
Marley-Jaya,0,3,3
Marley-Jo,0,3,3
Marley-Lou,0,3,3
Marley-Lynn,0,3,3
Marley-mae,0,3,3
Marley-Quinn,0,3,3
Marley-rose,0,3,3
Marley-senne,0,3,3
Marley-Shaino,3,0,3
Marley-Son,3,0,3
Marleyanie,0,3,3
Marleyanto,3,0,3
Marleydon,3,0,3
Marleyenne,0,3,3
Marleykah,0,3,3
Marleyn,0,3,3
Marleyna,0,3,3
Marleys,0,3,3
Marleysha,0,3,3
Marleyshon,3,0,3
Marleyzabeth,0,3,3
Marli-chey,0,3,3
Marliane,0,3,3
Marliangely,0,3,3
Marliani,0,3,3
Marliano,3,0,3
Marliaño,3,0,3
Marlica,0,3,3
Marlicke,0,3,3
Marlidie,3,0,3
Marlie-Ann,0,3,3
Marlie-anne,0,3,3
Marlie-Fay,0,3,3
Marlie-Jet,0,3,3
Marliedeke,0,3,3
Marliedi,0,3,3
Marliegi,0,3,3
Marlien-Ingeborg,0,3,3
Marlienna,0,3,3
Marlies-Eva,0,3,3
Marlieschke,0,3,3
Marlieta,0,3,3
Marliethe,0,3,3
Marlieve,0,3,3
Marliewe,0,3,3
Marliez,0,3,3
Marlijn-Sigriet,0,3,3
Marlijnn,0,3,3
Marlilly,0,3,3
Marlìn,0,3,3
Marlin-Jo,0,3,3
Marlin-Rowin,0,3,3
Marlinah,0,3,3
Marlinde-Johanne,0,3,3
Marlinho,3,0,3
Marlinio,3,0,3
Marliño,3,0,3
Marlinus,3,0,3
Marliny,0,3,3
Marlio,3,0,3
Marliouise,0,3,3
Marlisah,0,3,3
Marlisca,0,3,3
Marlischka,0,3,3
Marliseano,3,0,3
Marlishena,0,3,3
Marlisia,0,3,3
Marlisyah,0,3,3
Marlitha,0,3,3
Marliti,0,3,3
Marlitia,0,3,3
Marlito,3,0,3
Marlitsa,0,3,3
Marlitszka,0,3,3
Marliviënne,0,3,3
Marlix,0,3,3
Marliyatou,0,3,3
Marlizé,0,3,3
Marlizz,0,3,3
Marllanely,0,3,3
Marlley,0,3,3
Marlly,0,3,3
Marló,0,3,3
Marloed,0,3,3
Marloes-Rosé,0,3,3
Marloeshka,0,3,3
Marloeske,0,3,3
Marloet,0,3,3
Marloïna,0,3,3
Marlom,3,0,3
Marlón,3,0,3
Mârlon,3,0,3
Marlon-Julian,3,0,3
Marlona,0,3,3
Marlone,0,3,3
Marlonica,0,3,3
Marlonzo,3,0,3
Marloo,3,0,3
Marlou-Charlene,0,3,3
Marlou-Emily,0,3,3
Marlou-Jolijn,0,3,3
Marlouh,0,3,3
Marlous-Adriënne,0,3,3
Marlousca,0,3,3
Marlouschca,0,3,3
Marlouschka,0,3,3
Marlouse,0,3,3
Marloush,0,3,3
Marlouska,0,3,3
Marlouz,0,3,3
Marlouze,0,3,3
Marlshöloney,0,3,3
Marluc,3,0,3
Marlui,0,3,3
Marluke,0,3,3
Marlun,3,0,3
Marluna,0,3,3
Marlunka,0,3,3
Marlus,0,3,3
Marluschka,0,3,3
Marlushka,0,3,3
Marlut,0,3,3
Marluz,0,3,3
Marluza,0,3,3
Márly,0,3,3
Marly'n,0,3,3
Marly-Ann,0,3,3
Marly-Ashley,0,3,3
Marly-Fleur,0,3,3
Marly-Jo,0,3,3
Marly-Kate,0,3,3
Marly-mei,0,3,3
Marly-Roos,0,3,3
Marly-Rose,0,3,3
Marly-Sis,0,3,3
Marlyah,0,3,3
Marlyanda,0,3,3
Marlycke,0,3,3
Marlydie,0,3,3
Marlyën,0,3,3
Marlygia,0,3,3
Marlyk,3,0,3
Marlynke,0,3,3
Marlysha,0,3,3
Marlysia,0,3,3
Marlyt,0,3,3
Marlytha,0,3,3
Marma,0,3,3
Marmaduke,3,0,3
Marmar,0,3,3
Marmarin,0,3,3
Marmelin,0,3,3
Marmijn,0,3,3
Marmika,0,3,3
Marmon,0,3,3
Marnaek,3,0,3
Marnalom,3,0,3
Marnamai,3,0,3
Marnandus,3,0,3
Marnardus,3,0,3
Marneel,0,3,3
Marnejaeike,0,3,3
Marnèl,3,0,3
Marneli,0,3,3
Marnelis,3,0,3
Marnelly,0,3,3
Marnelya,0,3,3
Marnen,3,0,3
Marnex,3,0,3
Marneylenis,0,3,3
Marnhe,0,3,3
Marnhy,0,3,3
Marni-Elle,0,3,3
Marnice,3,0,3
Marnicha,0,3,3
Marnick-Jan,3,0,3
Marnicks,3,0,3
Marnickson,3,0,3
Marnico,3,0,3
Marnieck,3,0,3
Marnienka,0,3,3
Marniet,3,0,3
Marnieta,0,3,3
Marnikx,3,0,3
Marnilde,0,3,3
Marninck,3,0,3
Marniqk,3,0,3
Marniree,0,3,3
Marnise,0,3,3
Marnison,3,0,3
Marniss,3,0,3
Marnix-Alexander,3,0,3
Marnix-Hubert,3,0,3
Marnix-Jacob,3,0,3
Marnix-Jan,3,0,3
Marnix-Lucius,3,0,3
Marnix-Martijn,3,0,3
Marnix-Paul,3,0,3
Marnize,0,3,3
Marnoélo,3,0,3
Marnoeshka,0,3,3
Marnorah,0,3,3
Marnou,0,3,3
Marnouk,0,3,3
Marnoushk,0,3,3
Marnu,0,3,3
Marnuela,0,3,3
Marnuska,0,3,3
Marnyx,3,0,3
Máro,3,0,3
Māro,0,3,3
Maroah,3,0,3
Maroah-Jax,3,0,3
Marobe,0,3,3
Marobi,3,0,3
Marobien,0,3,3
Maroche,3,0,3
Marodangela,0,3,3
Maroe,0,3,3
Maroean,0,3,3
Maroecha,0,3,3
Maroechka,0,3,3
Maroek,0,3,3
Maroël,0,3,3
Maroela,0,3,3
Mâroen,3,0,3
Maroena,0,3,3
Maroenka,0,3,3
Maroepayaré,3,0,3
Maroeshadevie,0,3,3
Maroesjcha,0,3,3
Maroesjcka,0,3,3
Maroesje,0,3,3
Maroeska-Jantine,0,3,3
Maroeto,3,0,3
Marof,3,0,3
Marogilcio,3,0,3
Marogy,3,0,3
Maroh,0,3,3
Maroia,0,3,3
Maroiane,3,0,3
Maroïn,3,0,3
Marold,3,0,3
Marolda,0,3,3
Maroleen,0,3,3
Marolein,0,3,3
Marolina,0,3,3
Marolinde,0,3,3
Maroline,0,3,3
Maroma,0,3,3
Maromy,0,3,3
Maròn,3,0,3
Màron,3,0,3
Maron-Lisa,0,3,3
Marona-Miracle,0,3,3
Marône,0,3,3
Marong,3,0,3
Maroni,3,0,3
Maronsa,0,3,3
Marony,0,3,3
Maronya,0,3,3
Maroo,0,3,3
Maros,3,0,3
Marose,0,3,3
Marosi,0,3,3
Marosia,0,3,3
Marót,3,0,3
Marotahl,0,3,3
Marouae,0,3,3
Marouana,0,3,3
Marouchana,0,3,3
Marouchca,0,3,3
Marouche,0,3,3
Marouchja,0,3,3
Maroué,0,3,3
Marouen,3,0,3
Marouïn,3,0,3
Marouke,0,3,3
Maroukè,3,0,3
Maroukh,0,3,3
Maroulja,0,3,3
Maroune,3,0,3
Marous,0,3,3
Marousca,0,3,3
Marouschia,0,3,3
Marouschja,0,3,3
Marousjha,0,3,3
Maroussa,0,3,3
Marousscha,0,3,3
Marout,3,0,3
Marouwan,3,0,3
Maroux,0,3,3
Marovan,3,0,3
Marovany,3,0,3
Marovka,0,3,3
Marowena,0,3,3
Marowge,3,0,3
Marowien,0,3,3
Maroy,3,0,3
Maroya,0,3,3
Maroyska,0,3,3
Maroz,3,0,3
Maroza,0,3,3
Marpati,3,0,3
Marpattij,3,0,3
Marph,3,0,3
Marpha,0,3,3
Marpie,0,3,3
Marqain,0,3,3
Marqarita,0,3,3
Marqaux,0,3,3
Marqeria,0,3,3
Marqess,3,0,3
Marqitt,0,3,3
Marqret,0,3,3
Marqualida,0,3,3
Marqué,0,3,3
Marquelle,0,3,3
Marqueno,3,0,3
Marquerete,0,3,3
Marquereth,0,3,3
Marquerette,0,3,3
Marqueriette,0,3,3
Marqúerite,3,0,3
Marquêrite,0,3,3
Marquero,3,0,3
Marques-Daenan,3,0,3
Marquesa,0,3,3
Marquesha,0,3,3
Marquess,3,0,3
Marquetta,0,3,3
Marquies,3,0,3
Marquiette,0,3,3
Marquinio,3,0,3
Marquino,3,0,3
Marquirita,0,3,3
Marquisa,0,3,3
Marquisha,0,3,3
Marquisho,3,0,3
Marquisiah,0,3,3
Marquite,0,3,3
Marquito,3,0,3
Marquitta,0,3,3
Marquriete,0,3,3
Marquritha,0,3,3
Marqwenshel,3,0,3
Marqyta,0,3,3
Marradonna,3,0,3
Marraih,0,3,3
Marral-Lisa,0,3,3
Marralda,0,3,3
Marraley,0,3,3
Marram,3,0,3
Marrandy,0,3,3
Marraomi,0,3,3
Marray,0,3,3
Marre-leen,0,3,3
Marrebeth,0,3,3
Marredith,0,3,3
Marree,0,3,3
Marregatha,0,3,3
Marregienus,3,0,3
Marreginus,3,0,3
Marregjie,0,3,3
Marréh,0,3,3
Marreina,0,3,3
Marrejanna,0,3,3
Marrek,3,0,3
Marreke,0,3,3
Marreley,0,3,3
Marrelfa,0,3,3
Marrelin,0,3,3
Marrell,3,0,3
Marrelle,0,3,3
Marreltje,0,3,3
Marrelyn,0,3,3
Marrem,3,0,3
Marrén,0,3,3
Marretje-Aaltje,0,3,3
Marretje-Grietje,0,3,3
Marretjebos,0,3,3
Marretta,0,3,3
Marrí,0,3,3
Marri-Anna,0,3,3
Marri-Anne,0,3,3
Marri-frouk,0,3,3
Marri-Janne,0,3,3
Marri-Lotte,0,3,3
Marriâ,0,3,3
Marriam,0,3,3
Marriamo,3,0,3
Marrianeke,0,3,3
Marrianel,0,3,3
Marrianneke,0,3,3
Marrica,0,3,3
Marriccio,3,0,3
Marricella,0,3,3
Marrich,0,3,3
Marrichien,0,3,3
Marrico,0,3,3
Marrië,0,3,3
Marrie-Alexandra,0,3,3
Marrie-Ann,0,3,3
Marrie-Fleur,0,3,3
Marrie-José,0,3,3
Marrie-Lou,0,3,3
Marrie-Louise,0,3,3
Marrie-Nella,0,3,3
Marrieanne,0,3,3
Marrieëtte,0,3,3
Marriejenne,0,3,3
Marrieka,0,3,3
Marriëla,0,3,3
Marrieleen,0,3,3
Marriëllen,0,3,3
Marrieloe,0,3,3
Marriën,0,3,3
Marriënte,0,3,3
Marrienus,3,0,3
Marriera,0,3,3
Marries,3,0,3
Marriete,0,3,3
Marrietta,0,3,3
Marriêtte,0,3,3
Marriettje,0,3,3
Marrigje-Melanie,0,3,3
Marrigt,0,3,3
Marrijanna,0,3,3
Marrijcus,3,0,3
Marrijgje,0,3,3
Marrijolein,0,3,3
Marrijse,0,3,3
Marrike,0,3,3
Marrillio,3,0,3
Marrilou,0,3,3
Marrilynn,0,3,3
Marrim,3,0,3
Marrina,0,3,3
Marrines,3,0,3
Marrinio,3,0,3
Marrintje,0,3,3
Marrionne,0,3,3
Marrionnette,0,3,3
Marriot,0,3,3
Marrisca,0,3,3
Marrise,0,3,3
Marrisha,0,3,3
Marrisia,0,3,3
Marrisja,0,3,3
Marriska,0,3,3
Marriss,3,0,3
Marrit-Afke,0,3,3
Marrit-Fimke,0,3,3
Marrit-Geke,0,3,3
Marrit-Liane,0,3,3
Marrit-Rixt,0,3,3
Marrithe,0,3,3
Marritje-Rika,0,3,3
Marrja,0,3,3
Marroe,0,3,3
Marroescha,0,3,3
Marrón,3,0,3
Marronisha,0,3,3
Marrouane,3,0,3
Marrousha,0,3,3
Marry-Belle,0,3,3
Marry-Hanna,0,3,3
Marry-Jacoba,0,3,3
Marry-Jane,0,3,3
Marry-Janne,0,3,3
Marry-Jeanne,0,3,3
Marry-Jéau,0,3,3
Marry-Jo,0,3,3
Marry-Joan,0,3,3
Marry-Lisse,0,3,3
Marry-Loïse,0,3,3
Marry-Lotte,0,3,3
Marry-Louise,0,3,3
Marry-Lynn,0,3,3
Marry-Rita,0,3,3
Marry-Shelly,0,3,3
Marry-Vannah,0,3,3
Marrya,0,3,3
Marryanneke,0,3,3
Marryannik,0,3,3
Marryette,0,3,3
Marryjan,0,3,3
Marryke,0,3,3
Marrylaine,0,3,3
Marrylee,0,3,3
Marrylen,0,3,3
Marrylinn,0,3,3
Marrymaar,0,3,3
Marrynthe,0,3,3
Marryse,0,3,3
Marryth,0,3,3
Marsaino,3,0,3
Marsalius,0,3,3
Marsanna,0,3,3
Marsany,3,0,3
Marsauli,0,3,3
Marsay,3,0,3
Marschaino,3,0,3
Marschal,0,3,3
Marschana,0,3,3
Marschel,3,0,3
Marschenka,0,3,3
Marschinka,0,3,3
Marschja,0,3,3
Marscia,0,3,3
Marsciano,3,0,3
Marsé,3,0,3
Marseh,0,3,3
Marsei,3,0,3
Marselena,0,3,3
Marselia,0,3,3
Marseliene,0,3,3
Marselinho,3,0,3
Marselinus,3,0,3
Marselio,3,0,3
Marsellino,3,0,3
Marsellio,3,0,3
Marselma,0,3,3
Marsera,3,0,3
Marsèvanio,3,0,3
Marsha-Arlene,0,3,3
Marshael,3,0,3
Marshaëny,0,3,3
Marshaily,3,0,3
Marshainly,0,3,3
Marshairo,3,0,3
Marshallangelo,3,0,3
Marshaly,0,3,3
Marshan,0,3,3
Marshanthely,0,3,3
Marshanti,0,3,3
Marshantony,3,0,3
Marsharey,0,3,3
Marsharlison,3,0,3
Marshaydrion,3,0,3
Marshaylis,0,3,3
Marshayno,3,0,3
Marshe,3,0,3
Marsheedys,0,3,3
Marsheena,0,3,3
Marshelena,0,3,3
Marsheley,0,3,3
Marsheliano,3,0,3
Marsheliën,0,3,3
Marshelien,0,3,3
Marsheline,0,3,3
Marshelis,3,0,3
Marshelita,0,3,3
Marshelle,0,3,3
Marshello,3,0,3
marshely,0,3,3
Marshely,0,3,3
Marshenka,0,3,3
Marshenteley,0,3,3
Marshentely,0,3,3
Marsheron,3,0,3
Marshewa,0,3,3
Marshina,0,3,3
Marshja,0,3,3
Marsholine,0,3,3
Marshon,3,0,3
Marshy,0,3,3
Marshyrish,0,3,3
Marsi,3,0,3
Marsi-Ann,0,3,3
Marsi-djo,0,3,3
Marsian,3,0,3
Marsiana,0,3,3
Marsianely,0,3,3
Marsidiantely,0,3,3
Marsidie,3,0,3
Marsiejana,0,3,3
Marsiel,0,3,3
Marsiëlle,0,3,3
Marsien,0,3,3
Marsienne,0,3,3
Marsiha,0,3,3
Marsil,3,0,3
Marsila,0,3,3
Marsilda,0,3,3
Marsilio,3,0,3
Marsillino,3,0,3
Marsilya,0,3,3
Marsine,0,3,3
Marsinie,0,3,3
Marsiningsih,0,3,3
Marsino,3,0,3
Marsinten,0,3,3
Marsinya,0,3,3
Marsiska,0,3,3
Marsit,3,0,3
Marsita,0,3,3
Marsiti,0,3,3
Marsity,0,3,3
Marsjam,3,0,3
Marsjan,0,3,3
Marsjanne,0,3,3
Marsjanni,0,3,3
Marsje,0,3,3
Marsjel,3,0,3
Marsjenca,0,3,3
Marsjenka,0,3,3
Marsjit,3,0,3
Marsjo,3,0,3
Marslyn,0,3,3
Marsoka,3,0,3
Marsono,3,0,3
Marsoul,3,0,3
Marssa,0,3,3
Marssel,0,3,3
Marstan,3,0,3
Marstantly,3,0,3
Marsten,3,0,3
Marsudi,3,0,3
Marsuk,3,0,3
Marswidis,0,3,3
Marsy,0,3,3
Marsyah,0,3,3
Marsyandi,0,3,3
Marsyano,3,0,3
Marsyla,0,3,3
Marsylthe,0,3,3
Mart-,3,0,3
Mart-Albert,3,0,3
Mart-André,3,0,3
Mart-Anne,0,3,3
Mart-George,3,0,3
Mart-john,3,0,3
Mart-Stijn,3,0,3
Mart-Thijs,3,0,3
Mart-Willem,3,0,3
Märta,0,3,3
Marta-Elena,0,3,3
Marta-Maria,0,3,3
Martafina,0,3,3
Martagon,0,3,3
Martahan,3,0,3
Martahis,3,0,3
Martainn-Brian,3,0,3
Martàl,0,3,3
Martaleena,0,3,3
Martalena,0,3,3
Martani,0,3,3
Martanto,3,0,3
Martasja,0,3,3
Martcello,3,0,3
Martčenek,3,0,3
Marte-Brecht,0,3,3
Marte-Ceciel,0,3,3
Marte-Jenke,0,3,3
Marte-marie,0,3,3
Marte-Milou,0,3,3
Marte-Nel,0,3,3
Marteana,0,3,3
Martedi,3,0,3
Martee,3,0,3
Marteij,3,0,3
Martëin,3,0,3
Marteis,3,0,3
Martekwor,0,3,3
Martelange,0,3,3
Martelena,3,0,3
Martelino,3,0,3
Martèll,3,0,3
Martelly,0,3,3
Martelt,0,3,3
Martemi,0,3,3
Märten,3,0,3
Marten-Eric,3,0,3
Marten-Jannes,3,0,3
Marten-Jelle,3,0,3
Marten-Mike,3,0,3
Marten-Pieter,3,0,3
Marten-Sjoerd,3,0,3
Marténa,0,3,3
Marteniek,3,0,3
Martenius,3,0,3
Martenjis,0,3,3
Marteno,3,0,3
Martensz,3,0,3
Martentjie,0,3,3
Marterinus,3,0,3
Marterna,0,3,3
Martès,0,3,3
Martess,0,3,3
Martessa,0,3,3
Marteszoon,3,0,3
Marteuna,0,3,3
Marteunie,3,0,3
Marteus,3,0,3
Martèz,3,0,3
Martgiena,0,3,3
Martgino,3,0,3
Martha-Alie,0,3,3
Martha-An,0,3,3
Martha-Antje,0,3,3
Martha-Janna,0,3,3
Martha-Jantje,0,3,3
Martha-Sadé,0,3,3
Martha-Sophie,0,3,3
Martha-Therèse,0,3,3
Martha-Wiesje,0,3,3
Marthacrista,0,3,3
Marthadea,0,3,3
Marthadina,0,3,3
Marthafien,0,3,3
Marthali,0,3,3
Marthalina,0,3,3
Marthanella,0,3,3
Marthanna,0,3,3
Marthano,0,3,3
Marthanus,3,0,3
Marthaphine,0,3,3
Martharika,0,3,3
Martharin,0,3,3
Martharita,0,3,3
Marthas,3,0,3
Marthasdochter,0,3,3
Marthasha,0,3,3
Marthati,0,3,3
Marthavina-Liesje,0,3,3
Marthê,3,0,3
Marthe-Dina,0,3,3
Marthe-Jels,0,3,3
Marthe-Joyce,0,3,3
Marthe-Kay,0,3,3
Marthe-Maria,0,3,3
Marthe-Marie,0,3,3
Marthe-Roos,0,3,3
Marthedina,0,3,3
Marthée,0,3,3
Martheen,3,0,3
Martheijn,3,0,3
Martheleine,0,3,3
Marthelina,0,3,3
Marthéline,0,3,3
Marthélise,0,3,3
Marthelise,0,3,3
Marthelle,0,3,3
Marthello,3,0,3
Marthellus,3,0,3
Marthentje,0,3,3
Marthentjis,0,3,3
Marthephinus,3,0,3
Martherna,0,3,3
Martheu,3,0,3
Martheun,3,0,3
Marthey,3,0,3
Martheys,3,0,3
Marthiana,0,3,3
Marthiano,3,0,3
Marthieme,0,3,3
Marthiene,0,3,3
Marthienes,3,0,3
Marthienus,3,0,3
Marthieu,3,0,3
Marthijna,0,3,3
Marthijnis,3,0,3
Marthil,0,3,3
Marthilles,3,0,3
Marthinoes,3,0,3
Marthintje,0,3,3
Marthiya,0,3,3
Marthiza,0,3,3
Marthize,3,0,3
Marthjana,0,3,3
Martho,3,0,3
Marthunus,3,0,3
Marthus,3,0,3
Marthylan,3,0,3
Marthyna,0,3,3
Marthyne,0,3,3
Marthynus,3,0,3
Martía,0,3,3
Martialle,0,3,3
Martialus,3,0,3
Martianca,0,3,3
Martianna,0,3,3
Martiannes,3,0,3
Martiannus,3,0,3
Marticia,0,3,3
Martida,0,3,3
Martie-Ann,0,3,3
Martie-Jellie,0,3,3
Martie-Jolande,0,3,3
Martiello,3,0,3
Martiem,3,0,3
Martiëna,0,3,3
Martieneke,0,3,3
Martieni,0,3,3
Martienique,0,3,3
Martienjo,3,0,3
Martiènne,0,3,3
Martiennus,3,0,3
Martier,3,0,3
Martij,3,0,3
Martijan,3,0,3
Martije,0,3,3
Martijmen,3,0,3
Martijn-Anne,3,0,3
Martijn-Christiaan,3,0,3
Martijn-Eibert-Antonie,3,0,3
Martijn-Friso,3,0,3
Martijn-Han,3,0,3
Martijn-Ivar,3,0,3
Martijn-Jeroen,3,0,3
Martijn-Jurjen,3,0,3
Martijn-Karsten,3,0,3
Martijn-Maarten,3,0,3
Martijn-Pieter,3,0,3
Martijn-Sebastiaan,3,0,3
Martijn-Valentino,3,0,3
Martijn-Wilbert,3,0,3
Martijn-William,3,0,3
Martijnes,3,0,3
Martijnie,0,3,3
Martijnje,0,3,3
Martijnke,0,3,3
Martijnovich,3,0,3
Martijnovna,0,3,3
Màrtika,0,3,3
Mártika,0,3,3
Martil,3,0,3
Martila,3,0,3
Martilena,0,3,3
Martilio,3,0,3
Martillie,0,3,3
Martillouise,0,3,3
Martilly,0,3,3
Martím,3,0,3
Martime,3,0,3
Martîn,3,0,3
martin,3,0,3
Marťin,3,0,3
Martin-Alexander,3,0,3
Martin-Erik,3,0,3
Martin-Fernandez,3,0,3
Martin-Jaap,3,0,3
Martin-James,3,0,3
Martin-Maria,3,0,3
Martin-Michael,3,0,3
Martin-Michaël,3,0,3
Martin-Pieter,3,0,3
Martin-Ramon,3,0,3
Martin-Richard,3,0,3
Martin-Rogier,3,0,3
Martin-Rudolf,3,0,3
Martin-Thomas,3,0,3
Martin-Wim,3,0,3
Martiña,0,3,3
Martina-Annanetta,0,3,3
Martina-Eileen,0,3,3
Martina-Godefrieda,0,3,3
Martina-Jane,0,3,3
Martinata,0,3,3
Martinca,0,3,3
Martinče,3,0,3
Martince,3,0,3
Martinda,0,3,3
Martindale,3,0,3
Martinde,0,3,3
Martine'z,3,0,3
Martine-Ank,0,3,3
Martine-Caroline,0,3,3
Martine-Francine,0,3,3
Martine-Maaike,0,3,3
Martine-Stephanie,0,3,3
Martinea,0,3,3
Martineau,3,0,3
Martinel,0,3,3
Martinelle,0,3,3
Martinelli,3,0,3
Martinés,3,0,3
Martinessa,0,3,3
Martinetto,0,3,3
Martineuz,3,0,3
Martinêz,3,0,3
Martinhus,3,0,3
Martiniano,3,0,3
Martinick,3,0,3
Martinicque,0,3,3
Martiniec,0,3,3
Martinieq,0,3,3
Martiniq,0,3,3
Martinke,0,3,3
Martinna,0,3,3
Martinneke,0,3,3
Martinnetta,0,3,3
Martinova,0,3,3
Martinovic,3,0,3
Martinovich,3,0,3
Mārtiņš,3,0,3
Martinsio,3,0,3
Martinska,0,3,3
Martintje,0,3,3
Martinüs,3,0,3
Martinus-,3,0,3
Martioda,3,0,3
Màrtir,3,0,3
Martiresa,0,3,3
Martirica,0,3,3
Martirosjan,3,0,3
Martirosyan,0,3,3
Martisé,0,3,3
Martitia,0,3,3
Martiva,0,3,3
Martiwin,3,0,3
Martiya,3,0,3
Martiz,3,0,3
Martizia,0,3,3
Martja,0,3,3
Martje-Henderika,0,3,3
Martje-Ina,0,3,3
Martje-Lien,0,3,3
Martje-Riemkje-Jettie,0,3,3
Martjella,0,3,3
Martjello,3,0,3
Martjina,0,3,3
Martjinna,0,3,3
Martjona,0,3,3
Martkaw,3,0,3
Martley,3,0,3
Martly,0,3,3
Martnusja,3,0,3
Martoeska,0,3,3
Mártoni,3,0,3
Martonius,3,0,3
Martono,3,0,3
Martoyo,3,0,3
Martricus,3,0,3
Martrinus,3,0,3
Martrui,0,3,3
Martruij,0,3,3
Marts,3,0,3
Martsen-Almer,3,0,3
Martsjen,0,3,3
Martsjenko,3,0,3
Martson,3,0,3
Martta,0,3,3
Marttha,0,3,3
Marttheus,3,0,3
Martthijs,3,0,3
Marttijs,3,0,3
Marttina,0,3,3
Marttiy,3,0,3
Martty,0,3,3
Martuaradja,3,0,3
Martune,0,3,3
Martupa,3,0,3
Martwannette,0,3,3
Martxela,0,3,3
Martya,3,0,3
Martyl,0,3,3
Martyllo,3,0,3
Martym,3,0,3
Martynka,0,3,3
Martynke,0,3,3
Martynus,3,0,3
Martyr,3,0,3
Martyrius,3,0,3
Martz,3,0,3
Martzer,3,0,3
Marü,0,3,3
Maruaja,0,3,3
Maruane,3,0,3
Maruela,0,3,3
Maruella,0,3,3
Maruelle,0,3,3
Maruengelo,3,0,3
Maruenjela,0,3,3
Maruge,3,0,3
Maruggia,0,3,3
Marugia,0,3,3
Marugiano,3,0,3
Marugya,0,3,3
Marukh,0,3,3
Marulam,3,0,3
Marulina,0,3,3
Marulka,0,3,3
Marumbo,3,0,3
Marunissa,0,3,3
Marunka,0,3,3
Marünka,0,3,3
Marunus,3,0,3
Marupoujarie,3,0,3
Maruru,3,0,3
Máruš,0,3,3
Maruša,0,3,3
Marusa,0,3,3
Marüsca,0,3,3
Marŭscha,0,3,3
Marusche,0,3,3
Maruschja,0,3,3
Marushandro,3,0,3
Marusheyly,0,3,3
Marushina,0,3,3
Marusiantie,0,3,3
Maruŝka,0,3,3
Marûska,0,3,3
Maruskja,0,3,3
Marusya,0,3,3
Maruszcka,0,3,3
Marut,3,0,3
Marute,0,3,3
Marutisingh,3,0,3
Marutsan,0,3,3
Marutska,0,3,3
Maruuf,3,0,3
Maruviane,0,3,3
Maruwan,3,0,3
Maruwel,0,3,3
Maruxina,0,3,3
Maruya,0,3,3
Maruzzella,0,3,3
Marvam,0,3,3
Marvat,0,3,3
Marve,0,3,3
Marveggio,3,0,3
Marvèl,0,3,3
Marvelin,0,3,3
Marvelinho,3,0,3
Marvelini,0,3,3
Marvelinia,0,3,3
Marvelinio,3,0,3
Marvelino,3,0,3
Marvelisa,0,3,3
Marvell,3,0,3
Marvella-Chloė,0,3,3
Marvellio,3,0,3
Marvéllïssé,0,3,3
Marvellon,3,0,3
Marveneë,3,0,3
Marventhly,3,0,3
Marvera,0,3,3
Marverik,3,0,3
Marverth,3,0,3
Marvery,0,3,3
Marvet,3,0,3
Marvhently,3,0,3
Marvialey,0,3,3
Marviana,0,3,3
Marvianny,0,3,3
Marviano,3,0,3
Marviantie,0,3,3
Marvicha,0,3,3
Marvid,3,0,3
Marviedola,0,3,3
Marvielène,0,3,3
Marviëlla,0,3,3
Marviëly,0,3,3
Marviéna,0,3,3
Marviendely,0,3,3
Marviëni,0,3,3
Marviënly,0,3,3
Marvienshella,0,3,3
Marvienska,0,3,3
Marviëntely,0,3,3
Marviently,3,0,3
Marviënty,0,3,3
Marviény,0,3,3
Marvijendy,0,3,3
Marvil,3,0,3
Marvileeh,0,3,3
Marvileen,0,3,3
Marvilio,3,0,3
Marvill,3,0,3
Márvin,3,0,3
Märvin,3,0,3
Marvin-Boy,3,0,3
Marvin-Cem,3,0,3
Marvin-John,3,0,3
Marvin-Lee,3,0,3
Marvina,0,3,3
Marvineshly,0,3,3
Marvinia,0,3,3
Marvinjo,3,0,3
Marvinson,3,0,3
Marvinus,3,0,3
Marvio,3,0,3
Marviolicaf,0,3,3
Marvira,0,3,3
Marvita,0,3,3
Marvix,3,0,3
Marvon,3,0,3
Marvonne,0,3,3
Marvra,0,3,3
Marvyck,3,0,3
Marvyenska,0,3,3
Marwán,3,0,3
Marwanti,0,3,3
Marwata,0,3,3
Marwaya,0,3,3
Marwe,0,3,3
Marweh,0,3,3
Marwell,3,0,3
Marwèn,3,0,3
Marwena,0,3,3
Marwendry,3,0,3
Marwengelo,3,0,3
Marwenni,0,3,3
Marwes,0,3,3
Marwha,0,3,3
Marwia,0,3,3
Marwick,3,0,3
Marwid,3,0,3
Marwijah,0,3,3
Marwijne,0,3,3
Marwijnn,3,0,3
Marwik,3,0,3
Marwilijna,0,3,3
Marwille,0,3,3
Marwilleke,0,3,3
Marwillem,3,0,3
Marwine,0,3,3
Marwinio,3,0,3
Marwitz,3,0,3
Marwli,0,3,3
Marwold,3,0,3
Marwouan,3,0,3
Marwua,0,3,3
Marwwa,0,3,3
Marwyah,0,3,3
Marwyn,3,0,3
Marxelle,0,3,3
Marximiano,3,0,3
Marxse,0,3,3
Marxson,3,0,3
Marxx-Alphelino,3,0,3
Marxyella,0,3,3
Màry,0,3,3
Måry,0,3,3
Mary-Allen,0,3,3
Mary-An,0,3,3
Mary-an,3,0,3
Mary-Angel,0,3,3
Mary-Angely,0,3,3
Mary-Annette,0,3,3
Mary-Antoinet,0,3,3
Mary-Ariëlys,0,3,3
Mary-beth,0,3,3
Mary-Bethany,0,3,3
Mary-Carmen,0,3,3
Mary-Cecile,0,3,3
Mary-Celeste,0,3,3
Máry-Claire,0,3,3
Mary-Dana,0,3,3
Mary-Djean,0,3,3
Mary-Elise,0,3,3
Mary-Eliz,0,3,3
Mary-Elizabeth,0,3,3
Mary-Elynn,0,3,3
Mary-Emeria,0,3,3
Mary-Esther,0,3,3
Mary-Faith,0,3,3
Mary-Fleur,0,3,3
Mary-Frances,0,3,3
Mary-Gabrielle,0,3,3
Mary-Gean,0,3,3
Mary-Grace,0,3,3
Mary-Hailey,0,3,3
Mary-Helen,0,3,3
Mary-Helene,0,3,3
Mary-Honor,0,3,3
Mary-Ilse,0,3,3
Mary-Im,0,3,3
Mary-Jade,0,3,3
Mary-Janine,0,3,3
Mary-Jansje,0,3,3
Mary-Jayd,0,3,3
Mary-Jayla,0,3,3
Mary-Jayne,0,3,3
Máry-Jealy,0,3,3
Mary-Jeanne,0,3,3
Mary-Jesseline,0,3,3
Mary-Jet,0,3,3
Mary-Joan,0,3,3
Mary-Joanna,0,3,3
Mary-Joanne,0,3,3
Mary-Joe,0,3,3
Mary-juane,0,3,3
Mary-Laine,0,3,3
Mary-Lana,0,3,3
Mary-Lei,0,3,3
Mary-Leigh,0,3,3
Mary-Leyza,0,3,3
Mary-Lin,0,3,3
Mary-Linda,0,3,3
Mary-Linde,0,3,3
Mary-Lisa,0,3,3
Mary-Lize,0,3,3
Mary-Loe,0,3,3
Mary-Loes,0,3,3
Mary-Lorene,0,3,3
Mary-lou,0,3,3
Mary-Louis,0,3,3
Mary-Louisse,0,3,3
Mary-Louize,0,3,3
Mary-Luna,0,3,3
Mary-Luz,0,3,3
Mary-Ly-Ann,0,3,3
Mary-Lyn,0,3,3
Mary-Mae,0,3,3
Mary-Magdalena,0,3,3
Mary-Riek,0,3,3
Mary-Roos,0,3,3
Mary-San,0,3,3
Mary-Sha,0,3,3
Mary-Shan,0,3,3
Mary-Sheëla,0,3,3
Mary-Theresa,0,3,3
Mary-Touldra,0,3,3
Mary-Wanda,0,3,3
Mary-Yvonne,0,3,3
Maryaam,0,3,3
Maryada,0,3,3
Maryálisa,0,3,3
Maryam-Amatullah,0,3,3
Maryam-Ingrid,0,3,3
Maryam-Khatun,0,3,3
Maryamma,0,3,3
Maryamne,0,3,3
Maryamo,0,3,3
Maryanda,0,3,3
Maryandel,0,3,3
Maryanella,0,3,3
Maryangel,0,3,3
Maryangely,0,3,3
Maryangilo,3,0,3
Maryannah,0,3,3
Maryanruun,0,3,3
Maryanti,0,3,3
Maryarun,0,3,3
Maryatika,0,3,3
Marybett,0,3,3
MaryCarlo,3,0,3
Marychall,0,3,3
Marychêle,0,3,3
Marychelle,0,3,3
Marychonaily,0,3,3
Marycia,0,3,3
Maryciel,0,3,3
Maryciella,0,3,3
Marycka,0,3,3
Maryclère,0,3,3
Marydainne,0,3,3
Marydayenne,0,3,3
Marydette,0,3,3
Marydine,0,3,3
Marydith,0,3,3
Maryeliz,0,3,3
Maryelo,3,0,3
Maryen,0,3,3
Maryetdóttir,0,3,3
Maryetson,3,0,3
Maryetta,0,3,3
Maryf,0,3,3
Marygrace,0,3,3
Maryhann,0,3,3
Maryiah,0,3,3
Maryinton,3,0,3
Maryja,0,3,3
Maryjaily,0,3,3
Maryjelle,0,3,3
Maryjen,0,3,3
Maryjet,0,3,3
Maryjoanne,0,3,3
Maryjohn-Esmaralda,0,3,3
Maryjon,0,3,3
Maryjonnela,0,3,3
Maryk,0,3,3
Marylaene,0,3,3
Marylain,0,3,3
Marylaine,0,3,3
Marylan,0,3,3
Marylay,0,3,3
Maryle,0,3,3
Marylean,0,3,3
Marylein,0,3,3
Märylein,0,3,3
Marylén,0,3,3
Marylen,0,3,3
Maryléné,0,3,3
Maryleny,0,3,3
Maryleona,0,3,3
Marylia,0,3,3
Marylida,0,3,3
Marylien,0,3,3
Marylinda,0,3,3
Maryling,0,3,3
Marylinho,3,0,3
Marylis,0,3,3
Maryllis,0,3,3
Maryllon,0,3,3
Marylo,0,3,3
Maryloes,0,3,3
Marylot,0,3,3
Marylouann,0,3,3
Marylouise,0,3,3
Marylous,0,3,3
Marylsa,0,3,3
Marylu,0,3,3
Maryluna,0,3,3
Marylus,0,3,3
Maryluska,0,3,3
Maryluz,0,3,3
Marynaisha,0,3,3
Marynel,0,3,3
Marynella,0,3,3
Marynes,3,0,3
Marynn,0,3,3
Marynouk,0,3,3
Maryo-An,0,3,3
Maryoeri,3,0,3
Maryola,0,3,3
Maryolantha,0,3,3
Maryoleen,0,3,3
Maryoleine,0,3,3
Maryona,0,3,3
Maryonda,0,3,3
Maryoni,0,3,3
Maryori,3,0,3
Maryous,0,3,3
Maryque,0,3,3
Maryrose,0,3,3
Marysan,0,3,3
Marysca,0,3,3
Maryscha,0,3,3
Maryschka,0,3,3
Marysé,0,3,3
Maryse-Chantal,0,3,3
Maryshona,0,3,3
Marysja,0,3,3
Marysk,0,3,3
Maryška,0,3,3
Maryske,0,3,3
Maryssia,0,3,3
Marysza,0,3,3
Maryszka,0,3,3
Maryt,0,3,3
Marythilde,0,3,3
Marytine,0,3,3
Maryton,0,3,3
Marytske,0,3,3
Marytza,0,3,3
Maryum,0,3,3
Maryunani,3,0,3
Maryuni,3,0,3
Maryuri,0,3,3
Maryvetsy,0,3,3
Maryviën,0,3,3
Maryvien,0,3,3
Maryvienne,0,3,3
Maryvienny,0,3,3
Maryvonna,0,3,3
Maryvonneke,0,3,3
Maryzainata,0,3,3
Maryzeth,0,3,3
Maryzjenne,0,3,3
Marzan,0,3,3
Marzculaysel,3,0,3
Marzelinda,0,3,3
Marzeliñio,3,0,3
Marzelino,3,0,3
Marzella,0,3,3
Marzellius,3,0,3
Marzhelle,0,3,3
Marzianus,3,0,3
Marzie,0,3,3
Marzië,0,3,3
Marzièh,0,3,3
Marziënne,0,3,3
Marzija,0,3,3
Marzinjo,3,0,3
Marziño,3,0,3
Marziön,3,0,3
Marziye-Azade,0,3,3
Marziyea,0,3,3
Marzjana,0,3,3
Márzjane,0,3,3
Marzjóbertá,0,3,3
Marzjóvelrá,0,3,3
Marzoeki,3,0,3
Marzoeq,3,0,3
Marzoka,0,3,3
Marzook,3,0,3
Marzouka,0,3,3
Marzuki,3,0,3
Marzulo,3,0,3
Marzûqa,0,3,3
Marzuuq,3,0,3
Mas),3,0,3
Masa-Nobu,3,0,3
Masaaki,3,0,3
Masäb,3,0,3
Masabëi,3,0,3
Masachem,0,3,3
Masad,0,3,3
Masäd,0,3,3
Masada,3,0,3
Masaharu,3,0,3
Masahiro,3,0,3
Masaïla,0,3,3
Masaja,3,0,3
Masaka,0,3,3
Masako,0,3,3
Masala,0,3,3
Masalieno,3,0,3
Masalina,0,3,3
Maşallah,3,0,3
Masamune,3,0,3
Masaneh,3,0,3
Masanke,0,3,3
Masapait,3,0,3
Masar,0,3,3
Masari,3,0,3
Masarijk,3,0,3
Masaro,3,0,3
Masauod,3,0,3
Masayah,3,0,3
Masayasu,3,0,3
Masayo,3,0,3
Masayoshi,3,0,3
Masbay,3,0,3
Mascel,3,0,3
Mascella,0,3,3
Mascelline,0,3,3
Mascentia,0,3,3
Masch,3,0,3
Mâscha,0,3,3
Mascha-Isabelle,0,3,3
Mascha-Tessa,0,3,3
Maschach,3,0,3
Maschaila,3,0,3
Maschary,3,0,3
Maschela,0,3,3
Maschelina,0,3,3
Maschella,0,3,3
Maschera,0,3,3
Maschincka,0,3,3
Maschjenka,0,3,3
Maschud,3,0,3
Mascia,0,3,3
Masciano,3,0,3
Mascimo,3,0,3
Masco,3,0,3
Mascot,0,3,3
Mascuut,3,0,3
Masdan,3,0,3
Masdar,3,0,3
Masdjud,3,0,3
Masdu,0,3,3
Masé,0,3,3
Mase-Son,3,0,3
Masea,0,3,3
Maseeh,3,0,3
Maseh,3,0,3
Masehi,3,0,3
Masel,3,0,3
Maseliena,0,3,3
Maselino,3,0,3
Maselle,0,3,3
Masellè,0,3,3
Maselly,3,0,3
Masena,0,3,3
Masenda,0,3,3
Masenga,0,3,3
Masengu,0,3,3
Masenna,0,3,3
Masenza,3,0,3
Maseo,3,0,3
Masere,0,3,3
Mases,3,0,3
Masèsè,3,0,3
Masèsèh,3,0,3
Masetto,3,0,3
Masey,0,3,3
Masgnel,0,3,3
Mash,3,0,3
Mashaa,0,3,3
Mashaamal,0,3,3
Máshall,3,0,3
Mashallah,3,0,3
Mashama,3,0,3
Mashanda,0,3,3
Mashara,0,3,3
Mashart,0,3,3
Mashayach,3,0,3
Mashe,0,3,3
Masheedullah,3,0,3
Mashèl,0,3,3
Mashelle,0,3,3
Mashendro,3,0,3
Mashhood,3,0,3
Mashiela,0,3,3
Mashika,3,0,3
Mashilo,3,0,3
Mashima,0,3,3
Mashiyýat,3,0,3
Mashly,0,3,3
Mashoed,3,0,3
Mashonè,0,3,3
Mashud,3,0,3
Mashud-Riaz,3,0,3
Mashuda,0,3,3
Mashudul,3,0,3
Mashukadevi,0,3,3
Mashwinie,3,0,3
Mashydro,3,0,3
Masiami,0,3,3
Masiata,0,3,3
Mašić,3,0,3
Maside,0,3,3
Masidi,3,0,3
Masies,3,0,3
Masiet,3,0,3
Masieullah,3,0,3
Masihulla,3,0,3
Masija,0,3,3
Masil,3,0,3
Masinde,3,0,3
Masinem,0,3,3
Masinissa,3,0,3
Masintan,3,0,3
Mäsio,3,0,3
Masira-Ae,0,3,3
Masiri,3,0,3
Masiswe,0,3,3
Masita,0,3,3
Masitan,0,3,3
Masite,0,3,3
Maşite,0,3,3
Masiti,0,3,3
Masiulla,3,0,3
Masivan,3,0,3
Masivi,3,0,3
Masiwa,0,3,3
Masiya,3,0,3
Masjah,0,3,3
Masjarif,3,0,3
Masjati,0,3,3
Masjdoelien,0,3,3
Masjdolen,0,3,3
Masjel,3,0,3
Masjenka-Desirée,0,3,3
Masjid,3,0,3
Masjka,0,3,3
Masjm,0,3,3
Maska,0,3,3
Maske,0,3,3
Maskia,0,3,3
Maskinah,0,3,3
Maskoon,3,0,3
Masleene,0,3,3
Maslen,0,3,3
Maslo,3,0,3
Maslova,0,3,3
Masman,3,0,3
Masnhin,3,0,3
Masniady,3,0,3
Masniati,0,3,3
Masnie,0,3,3
Masnisa,0,3,3
Masny,0,3,3
Masod,3,0,3
Masoebah,0,3,3
Masoehoedali,3,0,3
Masoeman,0,3,3
Masoemen,0,3,3
Masoemsha,3,0,3
Masogbe,0,3,3
Masoh,0,3,3
Masomeh,0,3,3
Máson,3,0,3
Mäson,3,0,3
Mason-Billy,3,0,3
Mason-Blake,3,0,3
Mason-Jaxx,3,0,3
Mason-Yves,3,0,3
Masonagbe,0,3,3
Masooda,0,3,3
Masoomeh,0,3,3
Masoud-Claire,0,3,3
Masoui,0,3,3
Masoxi,0,3,3
MASP,3,0,3
Masquelle,0,3,3
Masquerade,0,3,3
Masr,3,0,3
Masram,3,0,3
Masrengan,0,3,3
Masresha,3,0,3
Masroed,3,0,3
Masroor-Ahmed,3,0,3
Masror,3,0,3
Masry,3,0,3
Massabiëlle,0,3,3
Massabielle,0,3,3
Massada,0,3,3
Massamba,3,0,3
Massannus,3,0,3
Massaouda,0,3,3
Massara,0,3,3
Massarella,0,3,3
Massario,3,0,3
Massarua,3,0,3
Massatié,3,0,3
Massaty,0,3,3
Masscheroen,3,0,3
Masseh,3,0,3
Massehullah,3,0,3
Masseline,0,3,3
Massembo,0,3,3
Massemiliano,3,0,3
Massemilliano,3,0,3
Massenzio,3,0,3
Masserano,3,0,3
Massey,3,0,3
Massiami,0,3,3
Massiamo,3,0,3
Massicus,3,0,3
Massieh,3,0,3
Massièl,0,3,3
Massien,3,0,3
Massih,3,0,3
Massiha,3,0,3
Massihdan,3,0,3
Massihdas,3,0,3
Massihdasi,0,3,3
Massil,3,0,3
Massila,0,3,3
Massilva,0,3,3
Massim,3,0,3
Massime,3,0,3
Massimiano,3,0,3
Massimilano,3,0,3
Massimiliano-Pedro,3,0,3
Massimilliano,3,0,3
Massimino,3,0,3
Massinessa,3,0,3
Massir,3,0,3
Massis,3,0,3
Massiullah,3,0,3
Massood,3,0,3
Massouma,0,3,3
Massoun,3,0,3
Massrat,0,3,3
Massu,0,3,3
Mast,3,0,3
Mastaajabu,3,0,3
Mastana,0,3,3
Mastane,0,3,3
Mastaneh,0,3,3
Mastapha,3,0,3
Mastena,3,0,3
Masthos,3,0,3
Mastimo,3,0,3
Mastofani,3,0,3
Mastono,3,0,3
Mastroiani,3,0,3
Masua,0,3,3
Masuban,0,3,3
Masudi,3,0,3
Masukidi-Victoria,0,3,3
Masuko,0,3,3
Masuma,0,3,3
Masūma,0,3,3
Masumah,0,3,3
Masüme,0,3,3
Masumih,0,3,3
Masunga,0,3,3
Masuo,3,0,3
Masuod,3,0,3
Masutatsu,3,0,3
Masvuan,0,3,3
Maswuan,0,3,3
Masyanan,3,0,3
Masyati,0,3,3
Masyl,3,0,3
Masylla,0,3,3
Masyousd,3,0,3
Masyus,3,0,3
Maszaro,3,0,3
Maszlo,3,0,3
Mat-Hilda,0,3,3
Mat-Thys,3,0,3
Mataa,0,3,3
Matabot,0,3,3
Matag,0,3,3
Matagne,0,3,3
Matah,3,0,3
Matahariku,0,3,3
Mataich,0,3,3
Mataij,3,0,3
Mataj,3,0,3
Matajari,0,3,3
Mataji,0,3,3
Matala,3,0,3
Mataleddin,0,3,3
Matalera,0,3,3
Matalla,3,0,3
Màtan,3,0,3
Mâtan,3,0,3
Matana,0,3,3
Matanah,0,3,3
Matanajah,3,0,3
Matanatella,0,3,3
Matanda,0,3,3
Matanel,3,0,3
Matanje,0,3,3
Matanne,0,3,3
Matansia,0,3,3
Matanu-Nkosi,0,3,3
Mataou,0,3,3
Matarna,0,3,3
Matarua,3,0,3
Matati,0,3,3
Matatia,3,0,3
Matatu,3,0,3
Matauka,0,3,3
Matawie,3,0,3
Matayha,3,0,3
Matayo,3,0,3
Matàyo,3,0,3
Matayus,3,0,3
Matchelino,3,0,3
Matchello,3,0,3
Matchima,0,3,3
Matdrani,3,0,3
Mateas,3,0,3
Mateewis,3,0,3
Matehy,3,0,3
Mateï,3,0,3
Mateijs,3,0,3
Matejarie,0,3,3
Matekusz,3,0,3
Matelda,0,3,3
Matéma,3,0,3
Maten,3,0,3
Mateneh,0,3,3
Matenge,0,3,3
Matengo,3,0,3
Matenneh,0,3,3
Matèo,3,0,3
Mateo-Nicolas,3,0,3
Mateosz,3,0,3
Materazzi,3,0,3
Matèrn,3,0,3
Maternis,3,0,3
Matesh,3,0,3
Mateso,0,3,3
Matesola,3,0,3
Matess,0,3,3
Matéu,3,0,3
Mateucz,3,0,3
Mateun,3,0,3
Mateüs,3,0,3
Mateûs,0,3,3
Matevos,3,0,3
Matevž,3,0,3
Matewus,3,0,3
Mateya,0,3,3
Matfey,3,0,3
Matge,3,0,3
Matgosia,0,3,3
Matgozata,0,3,3
Math-Ann,0,3,3
Mathadeus,3,0,3
Mathael,3,0,3
Mathaes,3,0,3
Mathai,3,0,3
Mathaï,3,0,3
Mathaias,3,0,3
Mathaïll,3,0,3
Mathalie,0,3,3
Máthan,3,0,3
Mathandas,3,0,3
Mathange,0,3,3
Mathanha,0,3,3
Mathanhy,0,3,3
Mathanjah,0,3,3
Mathanki,0,3,3
Mathar,3,0,3
Mathê,3,0,3
Mathèa,0,3,3
Mathëa,0,3,3
Mathéas,3,0,3
Matheaüs,3,0,3
Matheauw,3,0,3
Matheesan,3,0,3
Matheeuw,3,0,3
Matheewis,3,0,3
Matheias,3,0,3
Matheida,0,3,3
Matheija,0,3,3
Matheije,0,3,3
Matheijn,3,0,3
Mathèl,3,0,3
Mathella,0,3,3
Mathen,3,0,3
Mathena,3,0,3
Mathenai,3,0,3
Mathendina,0,3,3
Mathénial,3,0,3
Matheno,3,0,3
Matheny,3,0,3
Matheon,3,0,3
Mathëos,3,0,3
Mathernus,3,0,3
Matherus,3,0,3
Mathes,3,0,3
Mathès,3,0,3
Mathesia,0,3,3
Mathessa,0,3,3
Matheuès,3,0,3
Matheus-Hendrik-Jan,3,0,3
Matheusia,0,3,3
Matheusje,0,3,3
Matheusz,3,0,3
Mathew-Pascal,3,0,3
Matheyo,3,0,3
Mathhias,3,0,3
Mathía,3,0,3
Mathiam,3,0,3
Mathianne,0,3,3
Mathias-dos-reis,3,0,3
Mathias-Jacob,3,0,3
Mathiaszoon,3,0,3
Mathiea,0,3,3
Mathielde,0,3,3
Mathieson,3,0,3
Mathiéu,3,0,3
Mathïeu,3,0,3
Mathieu-Dareau,3,0,3
Mathieu-Paul,3,0,3
Mathieuws,3,0,3
Mathiew,3,0,3
Mathigo,3,0,3
Mathije,0,3,3
Mathijnus,3,0,3
Mathijs-Alexander,3,0,3
Mathijs-Hendrik,3,0,3
Mathijs-Yung-Chih,3,0,3
Mathijsa,0,3,3
Mathijse,3,0,3
Mathijske,0,3,3
Mathijss,3,0,3
Mathilda-Louisa,0,3,3
Mäthilde,0,3,3
Mathildi,0,3,3
Mathima,0,3,3
Mathiola,0,3,3
Mathios-Moris,3,0,3
Mathis-Marley,3,0,3
Mathisa,0,3,3
Mathiska,0,3,3
Mathisola,3,0,3
Mathissa,0,3,3
Mathitja,0,3,3
Mathiwos,3,0,3
Mathiyou,3,0,3
Mathíz,3,0,3
Mathize,0,3,3
Mathja,0,3,3
Mathje,3,0,3
Mathjello,3,0,3
Mathjilo,3,0,3
Mathlener,3,0,3
Mathley,3,0,3
Mathlyn,0,3,3
Mathnai,3,0,3
Mathoea,3,0,3
Mathpie,0,3,3
Mathrienjo,3,0,3
Mathsarëlla,0,3,3
Mathson,3,0,3
Mathtine,0,3,3
Mathues,3,0,3
Mathugana,0,3,3
Mathuja,0,3,3
Mathujen,3,0,3
Mathulan,3,0,3
Mathuma,0,3,3
Mathumilan,3,0,3
Mathumitha,0,3,3
Mathumy,0,3,3
Mathuralini,0,3,3
Mathuran,3,0,3
Mathuri,0,3,3
Mathurry,3,0,3
Mathusan,3,0,3
Mathusiya,0,3,3
Mathusri,0,3,3
Mathuvan,3,0,3
Mathwe,3,0,3
Máthyás,3,0,3
Mathye,3,0,3
Mathylde,0,3,3
Mathymes,3,0,3
Mathyos,3,0,3
Mathysja,0,3,3
Mathyza,0,3,3
Mathzen,0,3,3
Mathzerella,0,3,3
Mathzy,3,0,3
Matìas,3,0,3
Matíaz,3,0,3
Matibhadraprabha,3,0,3
Matida,0,3,3
Matide,0,3,3
Matiem,3,0,3
Matienes,3,0,3
Matientje,0,3,3
Matienus,3,0,3
Matíes,3,0,3
Matiez,3,0,3
Matihlda,0,3,3
Matiija,3,0,3
Matij,3,0,3
Matijas,3,0,3
Matiji,3,0,3
Matijke,0,3,3
Matildus,3,0,3
Matilie,0,3,3
Matilsnin,3,0,3
Matimba,0,3,3
Matime,0,3,3
Matîn,3,0,3
Matinat,0,3,3
Matinca,0,3,3
Matindi,3,0,3
Mátine,0,3,3
Matinel,0,3,3
Matinem,3,0,3
Matines,3,0,3
Matingah,3,0,3
Matini,0,3,3
Matinio,3,0,3
Matinka,0,3,3
Matinke,0,3,3
Matios,3,0,3
Matire,3,0,3
Matirsha,0,3,3
Matisa,0,3,3
Matisha,0,3,3
Matisjah,0,3,3
Matisjahu,3,0,3
Matiska,0,3,3
Matiss,3,0,3
Matissa,0,3,3
Matital,3,0,3
Matityaho,3,0,3
Matityahu,3,0,3
Matiu,3,0,3
Mátius,3,0,3
Mativula,0,3,3
Matiwos,3,0,3
Màtiya,3,0,3
Matiya,3,0,3
Matiyas,3,0,3
Matíz,3,0,3
Matiza,0,3,3
Matíze,0,3,3
Matjano,3,0,3
Matjas,3,0,3
Matjaz,3,0,3
Matjella,0,3,3
Matjon,3,0,3
Matke,0,3,3
Matland,3,0,3
Matley,3,0,3
Matloob,3,0,3
Matoa,3,0,3
Matoea,3,0,3
Matoeri,0,3,3
Matoko,3,0,3
Matondon,3,0,3
Matong,0,3,3
Matonja,0,3,3
Matoos,0,3,3
Matou,0,3,3
Matouce,0,3,3
Matouela,0,3,3
Matourbah,3,0,3
Matous,3,0,3
Matouschka,0,3,3
Matovu,3,0,3
Matoyi,0,3,3
Matrawi,3,0,3
Matray,3,0,3
Matrea,0,3,3
Matreyu,3,0,3
Matriedevi,0,3,3
Matrij,0,3,3
Matrija,0,3,3
Matrijntje,0,3,3
Matrika,0,3,3
Matrim,3,0,3
Matriona,0,3,3
Matrjona,0,3,3
Matröna,0,3,3
Mats-Benjamin,3,0,3
Mats-Bjørn,3,0,3
Mats-Daniël,3,0,3
Mats-Ingmar,3,0,3
Mats-Jonathan,3,0,3
Mats-Linus,3,0,3
Matsari,3,0,3
Matselino,3,0,3
Matshi,0,3,3
Matsielino,3,0,3
Matsiër,0,3,3
Matsila,0,3,3
Matsimela,3,0,3
Matsir,3,0,3
Matsjo,3,0,3
Matsko,3,0,3
Matsudi,3,0,3
Matsue,0,3,3
Matsuki,0,3,3
Matsunadi,3,0,3
Matsuo,3,0,3
Matsy,0,3,3
Matsya,0,3,3
Matsyôdārinsingh,3,0,3
Matt-Laurence,3,0,3
Matt-Ryan,3,0,3
Matt-Shakoor,3,0,3
Matta-Mattheus,3,0,3
Mattaï,3,0,3
Mattaja,3,0,3
Mattàn,3,0,3
Mattaniah,3,0,3
Mattanias,3,0,3
Mattánja,3,0,3
Mattanjâ,0,3,3
Mattanja-Debora,0,3,3
Mattanyah,0,3,3
Mattanyos,3,0,3
Mattarjâ,0,3,3
Mattaswinde,0,3,3
Mattéa,0,3,3
Mattéas,3,0,3
Mattees,3,0,3
Matteewes,3,0,3
Matteh,3,0,3
Matteï,3,0,3
Matteije,3,0,3
Mattej,3,0,3
Mattel,0,3,3
Mätteley,0,3,3
Mattelijne,0,3,3
Matteline,0,3,3
Matten,3,0,3
Mattëo,3,0,3
Matteon,3,0,3
Matteone,3,0,3
Mattéos,3,0,3
Matteos,3,0,3
Matters,3,0,3
Mattessa,0,3,3
Matteun,3,0,3
Matteunis,3,0,3
Mattéus,3,0,3
Matteűs,3,0,3
Matteuw,3,0,3
Mattewes,3,0,3
Matteya,0,3,3
Matth,3,0,3
Matthae,3,0,3
Matthànja,0,3,3
Matthanje,0,3,3
Matthathias,3,0,3
Matthatias,3,0,3
Matthaüs,3,0,3
Matthay,3,0,3
Matthayus,3,0,3
Matthea-Sarai,0,3,3
Matthean,3,0,3
Matthéas,3,0,3
Matthees,3,0,3
Mattheëus,3,0,3
Mattheeuw,3,0,3
Matthei,3,0,3
Matthein,3,0,3
Mattheluc,3,0,3
Mattheodorick,3,0,3
Mattheous,3,0,3
Matthesius,3,0,3
Matthesja,0,3,3
Matthèu,3,0,3
Matthëu,3,0,3
Mattheua,0,3,3
Mattheus-Gerrit,3,0,3
Mattheus-Jan,3,0,3
Mattheus-Jesus,3,0,3
Mattheuwis,3,0,3
Matthew-Angel,3,0,3
Matthew-Damian,3,0,3
Matthew-Jordi,3,0,3
Matthewerina,0,3,3
Matthewerinus,3,0,3
Matthewos,3,0,3
Matthewsha,0,3,3
Matthewus,3,0,3
Mattheyz,3,0,3
Matthiâs,3,0,3
Mátthias,3,0,3
Matthias-Ben,3,0,3
Matthias-Eli,3,0,3
Matthias-Fortuné,3,0,3
Matthiaz,3,0,3
Matthiël,3,0,3
Matthiëlle,0,3,3
Matthiena,0,3,3
Matthiënne,0,3,3
Matthíes,3,0,3
Matthiéu,3,0,3
Matthijline,0,3,3
Matthijs-Adriaan-Jacob,3,0,3
Matthijs-Cees,3,0,3
Matthijs-Geert,3,0,3
Matthijs-Hajo,3,0,3
Matthijs-Lorenz,3,0,3
Matthijs-Roderick,3,0,3
Matthijse,0,3,3
Matthijssa,0,3,3
Matthinny,0,3,3
Matthiny,0,3,3
Matthise,0,3,3
Matthisia,0,3,3
Matthisk,3,0,3
Matthiss,3,0,3
Matthissa,0,3,3
Matthon,3,0,3
Matthulia,0,3,3
Matthylde,0,3,3
Matthyne,0,3,3
Matthysa,0,3,3
Matthysia,0,3,3
Matthyus,3,0,3
Mattìa,3,0,3
Mattiah,3,0,3
Mattian,3,0,3
Máttias,3,0,3
Mattiaz,3,0,3
Mattiece,3,0,3
Mattiën,3,0,3
Mattiena,0,3,3
Mattiene,0,3,3
Mattiènne,3,0,3
Mattienullah,3,0,3
Matties-George,3,0,3
Mattiesovna,0,3,3
Mattieux,3,0,3
Mattijntje,0,3,3
Mattinez,3,0,3
Mattino,3,0,3
Mattios,3,0,3
Mattisa,0,3,3
Mattish,3,0,3
Mattithia,0,3,3
Mattithjah-Charjon,3,0,3
Mattjeu,3,0,3
Mattley,3,0,3
Matton,3,0,3
Mattson,3,0,3
Mattsson,3,0,3
Máttyás,3,0,3
Mattyo,3,0,3
Mattzen,0,3,3
Matugenos,3,0,3
Matuja,0,3,3
Matúla,3,0,3
Matunda,0,3,3
Matundu,3,0,3
Matungwa,3,0,3
Matura,3,0,3
Maturen,3,0,3
Maturino,0,3,3
Matúš,3,0,3
Matusala,3,0,3
Matuschek,3,0,3
Matush,3,0,3
Matusiewicz,3,0,3
Matusiwa,3,0,3
Matutina,0,3,3
Matwé,3,0,3
Matweevna,0,3,3
Matwei,3,0,3
Matweij,3,0,3
Matwer,3,0,3
Matwiy,3,0,3
Matyanto,3,0,3
Matyás,3,0,3
Matyew,3,0,3
Matyne,0,3,3
Matyos,3,0,3
Matzer,3,0,3
Mâu,3,0,3
Mauada,0,3,3
Maub,3,0,3
Maubee,3,0,3
Mauc,3,0,3
Maucereen,0,3,3
Mauchandry,3,0,3
Mauchery,0,3,3
Maud-,0,3,3
Maud-Cato,0,3,3
Maud-Eline,0,3,3
Maud-Ingeborg,0,3,3
Maud-Isabeau,0,3,3
Maud-Janne,0,3,3
Maud-Jolie,0,3,3
Maud-Julie,0,3,3
Maud-Maria,0,3,3
Maud-Mariek,0,3,3
Maud-Sanne,0,3,3
Maud-Willemijn,0,3,3
Maudee,0,3,3
Maudeen,0,3,3
Maudelida,0,3,3
Mauderik,3,0,3
Maudeta,0,3,3
Maudette,0,3,3
Maudianna,0,3,3
Maudiëna,0,3,3
Maudiëne,0,3,3
Maudiene,0,3,3
Maudienne,0,3,3
Maudina,0,3,3
Maudith,0,3,3
Maudra,0,3,3
Maudric,3,0,3
Maudsofia,0,3,3
Maudy-Ellen,0,3,3
Maudy-Faith,0,3,3
Maudy-Marell,0,3,3
Maukar,0,3,3
Maukje,0,3,3
Maukrits,3,0,3
Maulaij,3,0,3
Maulani,0,3,3
Maulette,0,3,3
Maulicio,3,0,3
Maulidi,0,3,3
Maulino,3,0,3
Maulivia,0,3,3
Mauloed,3,0,3
Maüm,3,0,3
Maume,0,3,3
Maumere,0,3,3
Maumi,0,3,3
Maumin,3,0,3
Maunette,0,3,3
Maung,3,0,3
Mauni,0,3,3
Maunia,0,3,3
Maunique,0,3,3
Maunir,3,0,3
Maunira,0,3,3
Mauno,3,0,3
Maupert,3,0,3
Maupje,0,3,3
Maupy,3,0,3
Maur,3,0,3
Maura-Aaltje,0,3,3
Maura-Fay,0,3,3
Maura-Lynn,0,3,3
Maura-Mae,0,3,3
Maura-marie,0,3,3
Mauraira,0,3,3
Maurajan,0,3,3
Mauralen,0,3,3
Mauralina,0,3,3
Mauranna,0,3,3
Maurea,0,3,3
Maureas,3,0,3
Mauréaz,3,0,3
Maurecia,0,3,3
Mauree,0,3,3
Maureem,0,3,3
Mauréen,0,3,3
Mauréén,0,3,3
Maureen-Angel,0,3,3
Maureen-Joyce,0,3,3
Maureen-Louise,0,3,3
Maureen-Rose,0,3,3
Maureen-Schamina,0,3,3
Maureene,0,3,3
Maureeno,3,0,3
Maureesia,0,3,3
Maureijn,3,0,3
Maurèl,0,3,3
Maurelina,0,3,3
Maurelis,0,3,3
Maurell,3,0,3
Maurella,0,3,3
Mauréna,0,3,3
Maurence,3,0,3
Maurenda,0,3,3
Maurendy,3,0,3
Maurenke,0,3,3
Maurenna,0,3,3
Maurensio,3,0,3
Maurenz,3,0,3
Maureo,3,0,3
Mauretta,0,3,3
Maurey,3,0,3
Maurhea,0,3,3
Maurheen,0,3,3
Maurhèn,0,3,3
Mauria,0,3,3
Maurica,0,3,3
Maurice-Antoine,3,0,3
Maurice-Gérard,3,0,3
Maurice-Jan,3,0,3
Maurice-Remco,3,0,3
Mauricecèciel,0,3,3
Mauriceia,0,3,3
Mauricen,0,3,3
Mauricetta,0,3,3
Mauricha,0,3,3
Maurichia,0,3,3
Maurichino,3,0,3
Maurichio,3,0,3
Maurici,3,0,3
Mauricijo,3,0,3
Maurícío,3,0,3
Maurico,3,0,3
Mauricus,3,0,3
Maurid,3,0,3
Mauridge,3,0,3
Maurids,3,0,3
Mauridz,3,0,3
Mauriël,0,3,3
Maurielle,0,3,3
Mauriëlle,0,3,3
Mauriena,0,3,3
Maurienne,0,3,3
Maurifiën,0,3,3
Maurijne,0,3,3
Maurijs,3,0,3
Maurike-Kristianne,0,3,3
Mauril,3,0,3
Maurilia,0,3,3
Maurilius,3,0,3
Maurill,3,0,3
Maurille,0,3,3
Maurillus,3,0,3
Maurines,3,0,3
Mauringh,3,0,3
Mauringus,3,0,3
Maurinio,3,0,3
Maurinjo,3,0,3
Maurinke,0,3,3
Mauriño,3,0,3
Maurins,3,0,3
Maurisch,3,0,3
Maurischa,0,3,3
Maurish,3,0,3
Maurisha,0,3,3
Maurisho,3,0,3
Maurisja,0,3,3
Mauriso,3,0,3
Maurison,3,0,3
Maurite,0,3,3
Maurith,3,0,3
Maurithia,0,3,3
Mauritinus,3,0,3
Mauritïus,3,0,3
Maurits-Alexander,3,0,3
Maurits-Ian,3,0,3
Maurits-Jaap,3,0,3
Maurits-Marijn,3,0,3
Mauritsca,0,3,3
Mauritsselle,0,3,3
Mauritsson,3,0,3
Mauritstine,0,3,3
Mauritte,0,3,3
Maurittius,3,0,3
Mauritz-Leonard,3,0,3
Mauritze,3,0,3
Mauritzson,3,0,3
Mauriza,0,3,3
Maurizius,3,0,3
Maurley,3,0,3
Mauro-Samuël,3,0,3
Mauro-Xavier,3,0,3
Mauroua,0,3,3
Mauroussia,0,3,3
Maurtine,0,3,3
Maurusca,0,3,3
Maurvienshelly-Unique,0,3,3
Maury-Jay,3,0,3
Maury-Malou,0,3,3
Mauryce,3,0,3
Maurycy,3,0,3
Mauryon,3,0,3
Mauryson,3,0,3
Maurytcio,3,0,3
Mausa,3,0,3
Mausamkhan,3,0,3
Mausemidevi,0,3,3
Maushami,0,3,3
Maushedée,0,3,3
Maushmi,0,3,3
Maute,0,3,3
Mauthaniël,3,0,3
Mautique,0,3,3
Mauts,3,0,3
Mautthea,0,3,3
Mauven,3,0,3
Mauverick,3,0,3
Mauvi,0,3,3
Mauwar,0,3,3
Mauwelina,0,3,3
Mauwelom,3,0,3
Mauwerijntje,0,3,3
Mauwia,0,3,3
Mauwish,3,0,3
Mauwre,0,3,3
Mauwrice,3,0,3
Mauwuena,0,3,3
Mavacala,0,3,3
Mavalva,0,3,3
Mavambu,0,3,3
Mavé,0,3,3
Mavene,0,3,3
Mavera,0,3,3
Maveric,3,0,3
Maveriek,3,0,3
Maves,0,3,3
Mävienkha,0,3,3
Mavies,0,3,3
Mavili,0,3,3
Mavilus,3,0,3
Mavindsingh,3,0,3
Mavirleny,0,3,3
Mavise,0,3,3
Mavislina,0,3,3
Mavisu,0,3,3
Mavix,3,0,3
Maviye,0,3,3
Mavo,0,3,3
Mavra,0,3,3
Mavungu,3,0,3
Mavüs,0,3,3
Mavuso,3,0,3
Mavuwoi,0,3,3
Mavzer,3,0,3
Mawaahib,0,3,3
Mawaddah,0,3,3
Mawahib,0,3,3
Mawarti,0,3,3
Mawasa,0,3,3
Mawathi,0,3,3
Mawea,0,3,3
Maweja,3,0,3
Mawenda,0,3,3
Mawensy,0,3,3
Maweto,3,0,3
Mawezy,0,3,3
Mawgan,3,0,3
Mawgosia,0,3,3
Mawhee,3,0,3
Mawidjojo,3,0,3
Mawien,3,0,3
Mawiya,0,3,3
Mawiza,3,0,3
Mawla,3,0,3
Mawli,0,3,3
Mawoè,3,0,3
Mawouegnigan,0,3,3
Mawra,0,3,3
Mawu,0,3,3
Mawuenam,0,3,3
Mawufemo,3,0,3
Mawulie,0,3,3
Mawulolo,0,3,3
Mawunah,3,0,3
Mawunam,3,0,3
Mawungo,0,3,3
Mawusé,3,0,3
Mawushi,0,3,3
Mawuto,3,0,3
Mawutor,3,0,3
Mawuwènami,3,0,3
Mawuwoe,3,0,3
Máwúyráo,3,0,3
Mawya,3,0,3
Max-Adriaan,3,0,3
Max-Anton,3,0,3
Max-Bjorn,3,0,3
Max-Carlos,3,0,3
Max-Émile,3,0,3
Max-Emiliaan,3,0,3
Max-Emilian,3,0,3
Max-Enzo,3,0,3
Max-Erwin,3,0,3
Max-Friso,3,0,3
Max-Hydr,3,0,3
Max-Jasper,3,0,3
Max-Jelmer,3,0,3
Max-Jochem,3,0,3
Max-Joseph,3,0,3
Max-Jozef,3,0,3
Max-Julius,3,0,3
Max-Junior,3,0,3
Max-Jurre,3,0,3
Max-Levi,3,0,3
Max-Marcus,3,0,3
Max-Maurits,3,0,3
Max-Merijn,3,0,3
Max-Michael,3,0,3
Max-Mylan,3,0,3
Max-Paul,3,0,3
Max-Pearl,3,0,3
Max-Peter,3,0,3
Max-Raymond,3,0,3
Max-René,3,0,3
Max-Rimano,3,0,3
Max-Steven,3,0,3
Max-Theo,3,0,3
Max-Tristan,3,0,3
Max-Waldrick,3,0,3
Max-Xander,3,0,3
Max-Zander,3,0,3
Maxa,0,3,3
Maxal,3,0,3
Maxalliňo,3,0,3
Maxalmina,3,0,3
Maxam,3,0,3
Maxant,3,0,3
Maxara-May,0,3,3
Maxavi,3,0,3
Maxbella,0,3,3
Maxcentus,3,0,3
Maxcien,0,3,3
Maxcine,0,3,3
Maxciul,3,0,3
Maxdairon,3,0,3
Maxe-Noor,0,3,3
Maxeem,0,3,3
Maxèlle,0,3,3
Maxellence,0,3,3
Maxello,3,0,3
Maxemet,3,0,3
Maxemiliaan,3,0,3
Maxemilian,3,0,3
Maxemillian,3,0,3
Maxènce,3,0,3
Maxène,0,3,3
Maxens,3,0,3
Maxense,3,0,3
Maxensius,3,0,3
Maxent,3,0,3
Maxenzo,3,0,3
Maxère,0,3,3
Maxgene,3,0,3
Maxhart,3,0,3
Maxí,0,3,3
Maxia,0,3,3
Maxian,3,0,3
Maxiana,0,3,3
Maxianne,0,3,3
Maxideus,3,0,3
Maxiël,0,3,3
Maxieme,0,3,3
Maxiemme,0,3,3
Maxiliaan,3,0,3
Maxiliana,0,3,3
Maxilien,0,3,3
Maxillia,0,3,3
Màxim,3,0,3
Maxîm,3,0,3
Maxìm,3,0,3
Maxim-Paul,3,0,3
Maximaliaan,0,3,3
Maxime-Angy,0,3,3
Maxime-Clemence,0,3,3
Maxime-Elisabeth,0,3,3
Maxime-Louise,0,3,3
Maxime-May,0,3,3
Maxime-Sanne,0,3,3
Maximeliano,3,0,3
Maximiaan,3,0,3
Maximian-Louis,3,0,3
Maximiata,0,3,3
Maximiel,3,0,3
Maximielaano,3,0,3
Maximil,3,0,3
Maximilani,0,3,3
Maximilanus,3,0,3
Maximilenne,0,3,3
Maximiliaam,3,0,3
Maxímiliaan,3,0,3
Maximiliaano,3,0,3
Maximilián,3,0,3
Maximílian,3,0,3
Maximilian-Alexander,3,0,3
Maximilian-Johan,3,0,3
Maximilianas,3,0,3
Maximilianne,0,3,3
Maximiliène,0,3,3
Maximilijan,3,0,3
Maximilium,3,0,3
Maximiljan,3,0,3
Maximillan,3,0,3
Maximillia,0,3,3
Máximillian,3,0,3
Maximilliani,0,3,3
Maximillienne,0,3,3
Maximillio,3,0,3
Maximillion,3,0,3
Maximillus,3,0,3
Maximilyan,3,0,3
Maximinius,3,0,3
Maximis,3,0,3
Maximm,3,0,3
Maximmilliëne,0,3,3
Maximous,3,0,3
Maximovitch,3,0,3
Maximovitsj,3,0,3
Maximüs,3,0,3
Mäximus,3,0,3
Maxine-Carlijn,0,3,3
Maxine-Elise,0,3,3
Maxine-Lois,0,3,3
Maxinia,0,3,3
Maxino,3,0,3
Maxiveano,3,0,3
Maxjan,3,0,3
Maxje-Saar,0,3,3
Maxl,3,0,3
Maxley,3,0,3
Maxlina,0,3,3
Maxmarijn,0,3,3
Maxmilaan,3,0,3
Maxmilano,3,0,3
Maxmiliam,3,0,3
Maxmilián,3,0,3
Maxmiliane,0,3,3
Maxmiliano,3,0,3
Maxmilien,3,0,3
Maxmilienne,0,3,3
Maxmilio,3,0,3
Maxmilius,3,0,3
Maxmillan,3,0,3
Maxmillien,3,0,3
Maxmillium,3,0,3
Maxsiem,0,3,3
Maxsim,0,3,3
Maxsina,0,3,3
Maxsito,3,0,3
Maxten,3,0,3
Maxtina,0,3,3
Maxuella,0,3,3
Maxuelle,3,0,3
Maxwill,3,0,3
Maxxavier,3,0,3
Maxxime,0,3,3
Maxximilian,3,0,3
Maxxon,3,0,3
Maxxyme,0,3,3
Maxxzandra,0,3,3
Maxymillian,3,0,3
Maxymos,3,0,3
Maxyro,3,0,3
Maxz,3,0,3
Maxzu,3,0,3
may,0,3,3
Máy,0,3,3
May'Aingely,0,3,3
May'lin,0,3,3
May-Álice,0,3,3
May-Angelly,0,3,3
May-Ann,0,3,3
May-Anne,0,3,3
May-belle,0,3,3
May-Brecht,0,3,3
May-brecht,0,3,3
May-Brit,0,3,3
May-Dayene,0,3,3
May-Djeveney,0,3,3
May-Dora,0,3,3
May-Elise,0,3,3
May-Fleur,0,3,3
May-Gi,0,3,3
May-Gienely,0,3,3
May-Heart,0,3,3
May-Hò,0,3,3
May-Isa,0,3,3
May-Jano,3,0,3
May-Jean,0,3,3
May-Julie,0,3,3
May-Kay,0,3,3
May-Kee,0,3,3
May-Ki,3,0,3
May-La,0,3,3
May-la,0,3,3
May-Lane,0,3,3
May-Lani,0,3,3
May-Leia,0,3,3
May-Lien,0,3,3
May-ling,0,3,3
May-Liok,0,3,3
May-Lo,0,3,3
May-Long,0,3,3
May-Lu,0,3,3
May-Lycia,0,3,3
May-lynn,0,3,3
May-May,0,3,3
May-Mila,0,3,3
May-Mylène,0,3,3
May-Nora,0,3,3
May-San,0,3,3
May-shaéna,0,3,3
May-Sheneáh,0,3,3
May-Sing,0,3,3
May-son,3,0,3
May-Song,0,3,3
May-Sum,0,3,3
May-sun,3,0,3
May-Sun,0,3,3
May-Wen,0,3,3
May-win,3,0,3
May-Yan,0,3,3
May-Yee,0,3,3
May-Yi,0,3,3
May-Ying,0,3,3
May-Zaan,0,3,3
Mâyâ,0,3,3
Maya-devi,0,3,3
Maya-Lena,0,3,3
Maya-Lynn,0,3,3
Maya-Mees,0,3,3
Maya-Nora,0,3,3
Maya-Rika,0,3,3
Maya-Roos,0,3,3
Maya-rya,0,3,3
Maya-Shanti,0,3,3
Maya-Sophia,0,3,3
Maya-Sophie,0,3,3
Maya-Thuja,0,3,3
Maya-Zae,0,3,3
Mayaan,0,3,3
Mayabella,0,3,3
Mayad,3,0,3
Mayadebie,0,3,3
Mayaeni,0,3,3
Mayahening,0,3,3
Mayahity,0,3,3
Mayahuel,0,3,3
Mayaki,3,0,3
Mayal,0,3,3
Mayalen,0,3,3
Mayali,0,3,3
Mayalin,0,3,3
Mayalinde,0,3,3
Mayalyn,0,3,3
Mayam,0,3,3
Mayambo,0,3,3
Mayamiko,3,0,3
Mayamona,0,3,3
Mayàn,0,3,3
Mayanda,3,0,3
Mayandro,3,0,3
Mayane,0,3,3
Mayanela,0,3,3
Mayanga,0,3,3
Mayankoh,0,3,3
Mayanna,0,3,3
Mayanora,0,3,3
Mayansh,3,0,3
Mayanura,0,3,3
Mayara-Louize,0,3,3
Mayard,3,0,3
Mayarho,3,0,3
Mayarie,3,0,3
Mayaris,0,3,3
Mayarisly,0,3,3
Mayasa,0,3,3
Mayasara,0,3,3
Mayasari,0,3,3
Mayaserana,0,3,3
Mayasi,3,0,3
Mayass,0,3,3
Mayassa,0,3,3
Mayassin,0,3,3
Mayati,0,3,3
Mayatka,0,3,3
Mayavi,0,3,3
Maybel-Charlize,0,3,3
Maybeleen,0,3,3
Maybelin,0,3,3
Maybelinne,0,3,3
Maybellene,0,3,3
Mayberly,0,3,3
Maybeth,0,3,3
Maybor,3,0,3
Maybret,0,3,3
Maybrett,0,3,3
Maycee,0,3,3
Maycén,3,0,3
Maychael,3,0,3
Maychelina,0,3,3
Maychendel,3,0,3
Maycheza,0,3,3
Maychgen,0,3,3
Maycin,3,0,3
Maycio,3,0,3
Maycka,3,0,3
Maycle,3,0,3
Maycol,3,0,3
Maydhan,0,3,3
Maydiën,3,0,3
Maydienne,0,3,3
Maydine,0,3,3
Maydion,3,0,3
Maydison,3,0,3
Maydjano,3,0,3
Maydjely,0,3,3
Maydjenco,3,0,3
Maydon,3,0,3
Mayé,0,3,3
Maye-Noa,0,3,3
Mayee,0,3,3
Mayeen,3,0,3
Mayego,3,0,3
Mayeisha,0,3,3
Mayél,3,0,3
Mayëla,0,3,3
Mayele,3,0,3
Mayem,0,3,3
Mayén,3,0,3
Mayenca,0,3,3
Mayenda,3,0,3
Mayendely,0,3,3
Mayene,0,3,3
Mayengè,0,3,3
Mayente,0,3,3
Mayenthe,0,3,3
Mayentrie,0,3,3
Mayentrie-Sabitha,0,3,3
Mayentriedevi,0,3,3
Mayerlie,0,3,3
Mayerly,0,3,3
Mayesam,0,3,3
Mayessa,0,3,3
Mayet,0,3,3
Mayeto,3,0,3
Mayette,0,3,3
Mayez,3,0,3
Mayfen,3,0,3
Maygelson,3,0,3
Maygen,0,3,3
Maygentha,0,3,3
Mayger,0,3,3
Mayghan,0,3,3
Mayghen,0,3,3
Maygiline,0,3,3
Maygin,0,3,3
Maygine,0,3,3
Maygret,0,3,3
Maygualida,0,3,3
Maygül,0,3,3
Mayhan,3,0,3
Mayhetta,3,0,3
Mayhra,0,3,3
Mayid,3,0,3
Mayida,0,3,3
Mayide,0,3,3
Maŷil,3,0,3
Mayil,3,0,3
Mayila,0,3,3
Mayïm,0,3,3
Mayimcha,0,3,3
Mayime,0,3,3
Mayinbi,0,3,3
Mayindo,3,0,3
Mayip,3,0,3
Mayira,0,3,3
Mayisja,0,3,3
Mayituka,0,3,3
Mayjai,3,0,3
Mayjanu,0,3,3
Mayjhalina,0,3,3
Mayka-Ling,0,3,3
Mayke-Linde,0,3,3
Mayke-Mare,0,3,3
Mayke-Roos,0,3,3
Maykél,3,0,3
Maykey,3,0,3
Maykha,0,3,3
Maykhandro,3,0,3
Maykind,0,3,3
Maykwai,0,3,3
Mayla-Ann,0,3,3
Mayla-Costa,0,3,3
Mayla-Mara,0,3,3
Maylainey,0,3,3
Maylainie,0,3,3
Maylán,0,3,3
Maylanea,0,3,3
Maylang,0,3,3
Maylania,0,3,3
Maylanio,3,0,3
Mayleah,0,3,3
Maýlee,0,3,3
Maylee-Ann,0,3,3
Maylee-Jane,0,3,3
Mayleena,0,3,3
Maylènah,0,3,3
Mayléne,0,3,3
Maylenka,0,3,3
Mayles,3,0,3
Maylï,0,3,3
Mayli-Ann,0,3,3
Mayli-Solange,0,3,3
Maylicia,0,3,3
Mayliene,0,3,3
Maylijanka,0,3,3
Maylik,0,3,3
Maylika,0,3,3
Maylincia,0,3,3
Maylinh,0,3,3
MayLinn,0,3,3
Maylinn-Faye,0,3,3
Maylinthia,0,3,3
Maÿlis,0,3,3
Mayliša,0,3,3
Maylisca,0,3,3
Maylisha,0,3,3
Maylita,0,3,3
Maylitz,0,3,3
Mayliviën,0,3,3
Maylize,0,3,3
Mayloo,3,0,3
Maylotte,0,3,3
Maylouane,0,3,3
Maylyncher,3,0,3
Maylynde,0,3,3
Maylyse,0,3,3
Maylyssa,0,3,3
Maymanna,0,3,3
Maymie,0,3,3
Maymiti,0,3,3
Maymon,0,3,3
Maymoona,0,3,3
Maymun,0,3,3
Maynank,3,0,3
Maynar,0,3,3
Maynara,0,3,3
Maynarda,0,3,3
Maynell,3,0,3
Maynella,0,3,3
Mayno,3,0,3
Maynoah,0,3,3
Mayoki-Tyara,0,3,3
Mayolin,0,3,3
Mayomi,0,3,3
Mayomie,0,3,3
Mayona,0,3,3
Mayonanlaw,3,0,3
Mayoon,0,3,3
Mayor,3,0,3
Mayoree,0,3,3
Mayorie,0,3,3
Mayoth,0,3,3
Mayouri,3,0,3
Mayow,3,0,3
Maypo,0,3,3
Mayqualira,0,3,3
Mayqueen,0,3,3
Mayquely,0,3,3
Màyra,0,3,3
Mayra-Alegandra,0,3,3
Mayra-Lee,0,3,3
Mayra-Lisa,0,3,3
Mayra-Lyssa,0,3,3
Mayra-Neline,0,3,3
Mayrabell,0,3,3
Mayrae,0,3,3
Mayrailysia,0,3,3
Mayrana,0,3,3
Mayrando,3,0,3
Mayranella,0,3,3
Mayrangeline,0,3,3
Mayrani,0,3,3
Mayranthy,0,3,3
Mayredisona,0,3,3
Mayreline,0,3,3
Mayrenda,0,3,3
Mayrène,0,3,3
Mayrene,0,3,3
Mayrenne,0,3,3
Mayreno,3,0,3
Mayrha,0,3,3
Mayrhone,3,0,3
Mayri,0,3,3
Mayriah,0,3,3
Mayriam,0,3,3
Mayrianïs,0,3,3
Mayriëly,0,3,3
Mayrik,3,0,3
Mayrine,0,3,3
Mayrinka,0,3,3
Mayrisha,0,3,3
Mayrit,0,3,3
Mayro-Lee,3,0,3
Mayroby,0,3,3
Mayroeg,0,3,3
Mayrona,0,3,3
Mayronisia,0,3,3
Mayroom,3,0,3
Mayrosa,0,3,3
Mayrose,0,3,3
Mayrri,0,3,3
Maysa',0,3,3
Maysa'Lina,0,3,3
Maysaä,0,3,3
Maysaae,0,3,3
Maysame,0,3,3
Maysanda,0,3,3
Maysane,0,3,3
Maysaya,0,3,3
Maysheron,3,0,3
Maysie,0,3,3
Maysilee,0,3,3
Maysily,0,3,3
Maysitha,0,3,3
Maysolvey,0,3,3
Mayson-Jay,3,0,3
Mayson-Jayh,3,0,3
Mayson-Jayms,3,0,3
Mayssem,0,3,3
Maysson,3,0,3
Mayssoune,0,3,3
Maysum,3,0,3
Maytany,0,3,3
Maytè,0,3,3
Mayte-Carlisa,0,3,3
Maythinee,0,3,3
Maytie,0,3,3
Maytiÿone,3,0,3
Mayuanzhen,3,0,3
Mayuc,3,0,3
Mayudom,0,3,3
Mayuk,3,0,3
Mayuni,0,3,3
Mayurè,0,3,3
Mayuree,0,3,3
Mayurie,0,3,3
Mayvian,3,0,3
Mayvie,0,3,3
Mayviënley,0,3,3
Mayvis,0,3,3
Maywald,3,0,3
Mayweather,3,0,3
Maywenn,0,3,3
Maywenshell,3,0,3
Mayyada,0,3,3
Mayyda,0,3,3
Mayzart,0,3,3
Maza,0,3,3
Mazabena,0,3,3
Mazaijah,3,0,3
Mazaine,0,3,3
Mazallinus,3,0,3
Mazaltov,0,3,3
Mazamesso,3,0,3
Mazammel,3,0,3
Mazanne,0,3,3
Mazara,0,3,3
Mazarano,3,0,3
Mazarella,0,3,3
Mazariah,0,3,3
Mazarin,3,0,3
Mazarina,0,3,3
Mazarkhan,3,0,3
Mazaro,3,0,3
Mazdak,3,0,3
Mazdolien,0,3,3
Mazebo,0,3,3
Mazéda,0,3,3
Mazéguéla,0,3,3
Mazelot,0,3,3
Mazely,0,3,3
Mazeo,3,0,3
Mazesa,3,0,3
Mazhda,0,3,3
Mazhinio,3,0,3
Mazi,3,0,3
Maziane,3,0,3
Mazianis,0,3,3
Maziano,3,0,3
Maziedt,3,0,3
Maziete,3,0,3
Mazinga,0,3,3
Mazita,0,3,3
Mazjennah,0,3,3
Mazlume,0,3,3
Mazoa,0,3,3
Mazoe,0,3,3
Mazoes,3,0,3
Mazomeljo,3,0,3
Mazon,0,3,3
Mazony,0,3,3
Mazouara,0,3,3
Mazouni,3,0,3
Mazouz,3,0,3
Mazozi,0,3,3
Mazozth,0,3,3
Mazram-Bibi,0,3,3
Mazu,3,0,3
Mazualy,0,3,3
Mazulu,0,3,3
Mazunte,0,3,3
Mazuras,3,0,3
Mazvita,0,3,3
Mazz,3,0,3
Mazza,3,0,3
Mazzal,0,3,3
Mazzerella,0,3,3
Mazzy,0,3,3
Małgoizata,0,3,3
Małgoyzata,0,3,3
MBA,0,3,3
Mbacké,3,0,3
Mbackè,0,3,3
Mbacke,0,3,3
Mbae,3,0,3
MBaga,3,0,3
Mbahaotu,0,3,3
Mbai,3,0,3
Mbairika,0,3,3
Mbakhar,3,0,3
Mbala,3,0,3
Mbalaj,0,3,3
Mballou,0,3,3
Mballu,0,3,3
Mbalu,0,3,3
Mbamba,0,3,3
Mbanali,0,3,3
Mbanzikisa,0,3,3
Mbarkhoye,0,3,3
Mbassa,0,3,3
Mbatat,3,0,3
Mbathio,0,3,3
Mbaucyr,0,3,3
Mbawa,3,0,3
Mbeh,0,3,3
Mbeiza,0,3,3
Mbeka,0,3,3
Mbeke,0,3,3
Mbeki,3,0,3
Mbelolo,3,0,3
Mbembe,0,3,3
Mbena,3,0,3
Mbeng,0,3,3
Mbete,0,3,3
MBF,0,3,3
Mbi,3,0,3
MBI,0,3,3
Mbiavanga,0,3,3
Mbidi,0,3,3
Mbifya,3,0,3
Mbiko,0,3,3
Mbilya,0,3,3
Mbine,0,3,3
Mbintsam,0,3,3
MBirika,0,3,3
Mbiya,3,0,3
MBJ,0,3,3
MBO,0,3,3
Mbochi,3,0,3
Mbodze,0,3,3
Mbogo,0,3,3
Mboh,3,0,3
Mbomangeli,0,3,3
Mbomba,3,0,3
Mbomboshi,3,0,3
Mbong,0,3,3
Mbongo,0,3,3
Mboninwi,0,3,3
Mbonlah,3,0,3
Mbote,0,3,3
Mbotevanga,3,0,3
Mbozo,3,0,3
Mbra,3,0,3
Mbrah,0,3,3
Mbrasiwa,0,3,3
Mbritche,0,3,3
Mbroh,0,3,3
Mbu,3,0,3
Mbueko,3,0,3
Mbula,0,3,3
Mbulan,0,3,3
Mbulelo,3,0,3
Mbundi,3,0,3
Mbundu,0,3,3
Mburu,3,0,3
Mbuthia,3,0,3
Mbuy,0,3,3
Mbuyi-Hendrika,0,3,3
Mbwana,3,0,3
Mbyayingabo,3,0,3
Mbye,3,0,3
Mc'heala,0,3,3
Mc'kaela,0,3,3
Mc-Arthur,3,0,3
Mc-Bernd,3,0,3
Mc-Raiythz,3,0,3
Mc.Arthur,3,0,3
Mcackenzi,3,0,3
McAllister,3,0,3
McArthur,3,0,3
MCB,0,3,3
McBenjamin,3,0,3
McCaine,3,0,3
McCallum,3,0,3
Mcckenzie,0,3,3
McClaude,3,0,3
Mccoy,3,0,3
McDavid,3,0,3
McDenn,3,0,3
McDowall,3,0,3
MCE,0,3,3
McEílis,3,0,3
Mcewan,3,0,3
Mcgarret,3,0,3
McGregor,0,3,3
McGregory,3,0,3
Mchithar,3,0,3
McIntosh,3,0,3
McKaell,3,0,3
Mckaily,0,3,3
McKancy,3,0,3
McKayla,0,3,3
Mckaylie,0,3,3
Mckeala,0,3,3
McKealy,0,3,3
Mckely,0,3,3
Mckendie,3,0,3
McKensey,0,3,3
McKenzey,0,3,3
Mckenzië,0,3,3
Mckenzie-rosé,0,3,3
Mckenzo,3,0,3
McKenzy,3,0,3
McKeyla,0,3,3
Mckheane,3,0,3
Mckini,0,3,3
Mckinley,0,3,3
McKinley-Jane,0,3,3
McKinnon,3,0,3
Mckinsey,0,3,3
McLay,3,0,3
McLean,3,0,3
McLennan,3,0,3
Mclester,3,0,3
Mclynn,0,3,3
McMaster,3,0,3
Mcmaster,3,0,3
McMawwtin,3,0,3
Mcneil,3,0,3
McNeil,0,3,3
Mcnelly,3,0,3
McNicol,3,0,3
Mcnoah,3,0,3
MCP,0,3,3
McPerry,3,0,3
McRae,0,3,3
MCT,0,3,3
Mcvillein,3,0,3
Mcwilliams,3,0,3
McYvary,3,0,3
MDA,0,3,3
Mdaia,0,3,3
Mdi,3,0,3
Mdine,0,3,3
Mdiva,0,3,3
Mdjay,3,0,3
Me'arrah,0,3,3
Me'kayla,0,3,3
Me'Shell,0,3,3
Me'shelle,0,3,3
Mé-Ivian,3,0,3
Me-Ung,0,3,3
Mèa,0,3,3
Mea-Eve,0,3,3
Mea-Ly,0,3,3
Mea-Lynn,0,3,3
Mea-Marie,0,3,3
Meaad,3,0,3
Meace,3,0,3
Meacél,3,0,3
Meachel,3,0,3
Meacheline,0,3,3
Meachella,0,3,3
Meacy,0,3,3
Meadd,3,0,3
Meadly,3,0,3
Meagán,0,3,3
Meagan-Jade,0,3,3
Mèaghan,0,3,3
Meaghann,0,3,3
Meaghyn,0,3,3
Méah,0,3,3
Meahesewri,0,3,3
Meaheswri,0,3,3
Meake,0,3,3
Mealana,0,3,3
Mealika,0,3,3
Mealindy,0,3,3
Méalinn,0,3,3
Meallá,0,3,3
Meallan,3,0,3
Meallán,3,0,3
Mealyn,0,3,3
Meàn,0,3,3
Mean,0,3,3
Mean-Mean,0,3,3
Meanaskhi,0,3,3
Meandro,3,0,3
Meangelo,3,0,3
Meani,0,3,3
Meano,3,0,3
Meanthe,0,3,3
Meanzo,3,0,3
Mearah,0,3,3
Mearajuddin,3,0,3
Meardey,0,3,3
Meardin,0,3,3
Mearedith,0,3,3
Mearel,0,3,3
Mearen,0,3,3
Mearg,3,0,3
Mearke,0,3,3
Mearly,0,3,3
Meart,3,0,3
Mearvin,3,0,3
Measar,0,3,3
Measey,0,3,3
Meashack,3,0,3
Measheana,0,3,3
Measi,0,3,3
Méason,3,0,3
Meassa,0,3,3
Measson,3,0,3
Measwer,3,0,3
Meatisha,0,3,3
Meatta,0,3,3
Meauraine,0,3,3
Meauw,3,0,3
Meava,0,3,3
Meaves,0,3,3
Meavy,0,3,3
Meay,0,3,3
Méay,0,3,3
Meaya-Lynn,0,3,3
Meayla,0,3,3
Meayson,3,0,3
MEB,0,3,3
Meba,3,0,3
Mebareka,0,3,3
Mébel,0,3,3
Mebelin,0,3,3
Mebo,0,3,3
Mebrat,0,3,3
Mebreiba,0,3,3
Mebut,3,0,3
MEC,0,3,3
Mecarlo,3,0,3
Mecaylon,3,0,3
Mecbure,0,3,3
Mecburiye,0,3,3
Mecbüriye,0,3,3
Mecdelawit,0,3,3
Mecelio,3,0,3
Mecella,0,3,3
Mecensy,0,3,3
Mecey,0,3,3
Mechado,3,0,3
Mechaël,3,0,3
Mechaïl,3,0,3
Mechaïno,3,0,3
Mechalfio,3,0,3
Mechaline,0,3,3
Mechan,0,3,3
Mechandro,3,0,3
Mechanely,0,3,3
Mechano,3,0,3
Mechdelena,0,3,3
Mechdelina,0,3,3
Mechdie,3,0,3
Mecheael,3,0,3
Mecheal,3,0,3
Méchel,3,0,3
Mechela,0,3,3
Mecheliene,0,3,3
Mechelienus,3,0,3
Mechelines,3,0,3
Mechelius,3,0,3
Mechelline,0,3,3
Mechelt,3,0,3
Mecheltien,0,3,3
Mecheltilda,0,3,3
Mechelyn,0,3,3
Mecherea,0,3,3
Mecherlady,0,3,3
Mechgelt,0,3,3
Mechgiel,3,0,3
Mechi,0,3,3
Mechiades,3,0,3
Mechiaël,3,0,3
Mechias,3,0,3
Mechiel-Ramón,3,0,3
Mechielde,0,3,3
Mechielina,0,3,3
Mechielis,3,0,3
Mechiena,0,3,3
Mechientje,0,3,3
Mechilinda,0,3,3
Mechilis,3,0,3
Mechilius,3,0,3
Mechillen,0,3,3
Mechillina,0,3,3
Mechio,3,0,3
Mechior,3,0,3
Mechlenborg,3,0,3
Mechli,0,3,3
Mechlientje,0,3,3
Mechlinus,3,0,3
Mecho,3,0,3
Mechrik,0,3,3
Mechteld-Cathérine,0,3,3
Mechteld-Charlotte,0,3,3
Mechteld-Hanna,0,3,3
Mechtelde,3,0,3
Mechteldes,0,3,3
Mechteled,0,3,3
Mechteliene,0,3,3
Mechtelientje,0,3,3
Mechtelly,0,3,3
Mechtildas,3,0,3
Mechtildi,0,3,3
Mecia,0,3,3
Meciano,3,0,3
Mecidiye,0,3,3
Mecilia,0,3,3
Mecima,3,0,3
Mecio,3,0,3
Mecir,3,0,3
Mecislav,3,0,3
Meckelina,0,3,3
Meckenzie,0,3,3
Meckenzie-Jade,0,3,3
Meckenzy,0,3,3
Meckje,0,3,3
Meckle,0,3,3
Mecklina,0,3,3
Mecks,3,0,3
Meckx,3,0,3
Mecky,0,3,3
Meco,3,0,3
Mecolien,0,3,3
Mecu,0,3,3
Mecus,3,0,3
Med,3,0,3
Medalia,0,3,3
Medalynn,0,3,3
Médan,0,3,3
Medan,3,0,3
Medani,3,0,3
Medanne,0,3,3
Medar,3,0,3
Médardus,3,0,3
Medaris,3,0,3
Medat,3,0,3
Meddelín,0,3,3
Medden,0,3,3
Meddilin,0,3,3
Meddin,3,0,3
Medeha,0,3,3
Medelien,0,3,3
Medelina,0,3,3
Mèdellin,0,3,3
Medellín,0,3,3
Medellína,0,3,3
Mèdelyn,0,3,3
Medén,0,3,3
Medeni,3,0,3
Mederlyn,0,3,3
Medès,3,0,3
Medey,0,3,3
Medgar,3,0,3
Medguard,3,0,3
Medhany,3,0,3
Medhen,0,3,3
Medhin,3,0,3
Medhoesoeden,3,0,3
Medhu,0,3,3
Medhujan,3,0,3
Medí,3,0,3
Mediane,0,3,3
Medicha,0,3,3
Médie,0,3,3
Médien,0,3,3
Mediena,0,3,3
Medihanur,0,3,3
Medihva,0,3,3
Medija,0,3,3
Médin,3,0,3
Medina-Shah,0,3,3
Medinat,0,3,3
Medine-i,0,3,3
Medinilla,0,3,3
Medisia,0,3,3
Medit,0,3,3
Meditrina,0,3,3
Medixa,0,3,3
Medjaahid,3,0,3
Medjaï,3,0,3
Medjay,3,0,3
Medjero,3,0,3
Medjesty,0,3,3
Medjiegoue,0,3,3
Medjo,3,0,3
Medli,3,0,3
Medlin,0,3,3
Medlon,3,0,3
Medlynn,0,3,3
Medoc,3,0,3
Medochino,3,0,3
Medoe,0,3,3
Medoh,0,3,3
Medolina,0,3,3
Mèdolynn,0,3,3
Medon,3,0,3
Médora,0,3,3
Medou,0,3,3
Médoune,3,0,3
Medoune,3,0,3
Medriano,3,0,3
Medrica,0,3,3
Medrin,0,3,3
Medro,3,0,3
Medrona,0,3,3
Medson,3,0,3
Medtina,0,3,3
Medura,0,3,3
Medvedenko,3,0,3
Medward,3,0,3
Medwin,3,0,3
Médy,0,3,3
Mèdy,0,3,3
Medya,0,3,3
Medyana,0,3,3
Medyanto,3,0,3
Medyanur,0,3,3
Médyna,0,3,3
Medyna,0,3,3
Medynah,0,3,3
Medyr,3,0,3
Mée,0,3,3
Meé,0,3,3
Mee-Bo,0,3,3
Mee-Hán,0,3,3
Mee-Hea,0,3,3
Mee-Ie,0,3,3
Mee-Ja,0,3,3
Mee-kie,0,3,3
Mee-Lan,0,3,3
Mee-Len,0,3,3
Mee-Lin,0,3,3
Mee-Ling,0,3,3
Mee-Ting,0,3,3
Mee-Wen,0,3,3
Mee-Yi,0,3,3
Mee-Yin,0,3,3
Meean,0,3,3
Meecha,0,3,3
Meecy,0,3,3
Meede,0,3,3
Meederd,3,0,3
Meedy,0,3,3
Meeg,0,3,3
Meeghan,0,3,3
Meeji,0,3,3
Meejon,0,3,3
Meeka,0,3,3
Meelan,0,3,3
Meeland,0,3,3
Meelante,0,3,3
Meelf,3,0,3
Meelia,0,3,3
Meen,3,0,3
Meenakhsi,0,3,3
Meenakhsidevi,0,3,3
Meenakoemari,0,3,3
Meenakschi,0,3,3
Meenaksha,0,3,3
Meenakshi-Kumari,0,3,3
Meenakshidebie,0,3,3
Meenakshidewie,0,3,3
Meenakshikoemarie,0,3,3
Meenakumari,0,3,3
Meenal,0,3,3
Meenalakshan,3,0,3
Meenard,3,0,3
Meenasky,0,3,3
Meenaxi,0,3,3
Meenke,0,3,3
Meenko,3,0,3
Meens,3,0,3
Meense,3,0,3
Meento,3,0,3
Meepy,0,3,3
Meera-Dewi,0,3,3
Meera-Rani,0,3,3
Meerabai,0,3,3
Meeradj,3,0,3
Meeram,0,3,3
Meeran,0,3,3
Meerel,0,3,3
Meergina,0,3,3
Meerit,0,3,3
Meerjam,0,3,3
Meerle-Eline,0,3,3
Meerlin,0,3,3
Meermie,3,0,3
Meerta,0,3,3
Meertertina,0,3,3
Meertes,3,0,3
Meertge,0,3,3
Meery,0,3,3
Mees-Anthony,3,0,3
Mees-Henri,3,0,3
Mees-Jacob,3,0,3
Mees-Jan,3,0,3
Mees-Louise,0,3,3
Mees-Marijn,3,0,3
Mees-Martijn,3,0,3
Mees-Milan,3,0,3
Mees-Senn,3,0,3
Mees-Thije,3,0,3
Mees-Valentijn,3,0,3
Mees-Willem,3,0,3
Meesak,3,0,3
Meesammè,0,3,3
Meesaq,3,0,3
Meesha,0,3,3
Meeshaque,3,0,3
Meesiena,0,3,3
Meesja,0,3,3
Meeslina,0,3,3
Meesse,3,0,3
Meesy,0,3,3
Meeszoon,3,0,3
Meethé,0,3,3
Meethies,3,0,3
Meetie,0,3,3
Meetje,0,3,3
Meetor,3,0,3
Meetti,0,3,3
Meeuwelinus,3,0,3
Meeuwesina,0,3,3
Meeuwisa,0,3,3
Meeuwisia,0,3,3
Meeuwisse,0,3,3
Meeuwisz,3,0,3
Meeuwtje,0,3,3
Meewa,0,3,3
Meewah,0,3,3
Meewesina,0,3,3
Meewisa,0,3,3
Meeyran,0,3,3
Meeza,0,3,3
MEF,3,0,3
Mefael,3,0,3
Meffedal,3,0,3
Meffrey,3,0,3
Mefiboseth,3,0,3
Mefkûre,0,3,3
Meftah,3,0,3
Meg-Roelie,0,3,3
Megaéleigh,0,3,3
Megali,0,3,3
Megalie,0,3,3
Megaline,0,3,3
Megallen,3,0,3
Megaly,3,0,3
Megalynö,3,0,3
Meğan,0,3,3
Meǵan,0,3,3
Mêgan,0,3,3
Megàn,0,3,3
Megan-Fay,0,3,3
Megan-Hailey,0,3,3
Megan-Jane,0,3,3
Megan-Jo,0,3,3
Megan-June,0,3,3
Megan-Lee,0,3,3
Megan-Lynn,0,3,3
Megan-Shalane,0,3,3
Megandari,0,3,3
Meganne,0,3,3
Megantari,0,3,3
Megany,0,3,3
Megareth,3,0,3
Megarvio,3,0,3
Megas,3,0,3
Megawatie,0,3,3
Megawatie-Puhtry,0,3,3
Megawish,3,0,3
Megbule,0,3,3
Megchelena,0,3,3
Megchelienus,3,0,3
Megcheltien,0,3,3
Megcheltje,0,3,3
Megchi,0,3,3
Megchteld,0,3,3
Megchtild,0,3,3
Megdalina,0,3,3
Megdelien,0,3,3
Megdn,0,3,3
Megéke,0,3,3
Megelena,0,3,3
Megeliena,0,3,3
Megelin,0,3,3
Mégen,0,3,3
Megén,0,3,3
Megeseb,0,3,3
Meggen,0,3,3
Megghane,0,3,3
Meggie-Chloë,0,3,3
Meggie-Mae,0,3,3
Meggin,0,3,3
Meggy-Rowan,0,3,3
Meghadi,3,0,3
Meghan-Lisa,0,3,3
Meghan-Mae,0,3,3
Mèghann,0,3,3
Méghann,0,3,3
Meghasha,0,3,3
Meghawry,3,0,3
Megheliene,0,3,3
Meghety,0,3,3
Meghin,0,3,3
Meghna,0,3,3
Megho,3,0,3
Meghôn,3,0,3
Meghraj,3,0,3
Meghri,0,3,3
Meghrik,0,3,3
Meghteld,0,3,3
Megido,3,0,3
Megija,0,3,3
Megila,0,3,3
Megilsja,0,3,3
Megingaudus,3,0,3
Meginhart,3,0,3
Meginiëla,0,3,3
Megisha,0,3,3
Megissa,0,3,3
Meglen,3,0,3
Megli,3,0,3
Meglien,0,3,3
Meglientje,0,3,3
Mego,3,0,3
Mégosh,3,0,3
Megreet,0,3,3
Megriete,0,3,3
Megrim,3,0,3
Megs,0,3,3
Megtelt,0,3,3
Megtilde,0,3,3
Megy,0,3,3
Meh,0,3,3
MEH,0,3,3
Meh-Noor,0,3,3
Mehaa,0,3,3
Mehaat,0,3,3
Mehadi,3,0,3
Mehakbir,0,3,3
Mehakdeep,0,3,3
Mehakpreet,0,3,3
Mehalenha,0,3,3
Mehali,3,0,3
Mehani,0,3,3
Mehany,3,0,3
Mehar-Nisa,0,3,3
Meharaija,0,3,3
Meharbankhan,3,0,3
Mehboeb,3,0,3
Mehchar,3,0,3
Mehde,3,0,3
Mehdi-Amine,3,0,3
Mehdi-Din,3,0,3
Mehdican,3,0,3
Mehdië,0,3,3
Mehdie-Nour,3,0,3
Mehdin,3,0,3
Mehdine,3,0,3
Mehdinio,3,0,3
Mehdiy,3,0,3
Mehdiyyah,0,3,3
Mehdjabeen,0,3,3
Mehdjabin,0,3,3
Mehdjebien,0,3,3
Mehealaney,0,3,3
Mehed,3,0,3
Mehemmed,3,0,3
Mehenaaz,0,3,3
Mehender,3,0,3
Mehenderd,3,0,3
Mehendi,0,3,3
Meheni,3,0,3
Mehenni,3,0,3
Mehera,0,3,3
Meheria,0,3,3
Mehernighar,0,3,3
Mehersa,0,3,3
Meherunisa,0,3,3
Meherunissa,0,3,3
Mehesh,3,0,3
Mehibe,0,3,3
Mehida,3,0,3
Méhidi,3,0,3
Mehiel,3,0,3
Mehika,0,3,3
Mehil,0,3,3
Mehiladase,0,3,3
Mehindar-Wiedjai,3,0,3
Mehinder,3,0,3
Mehinderkumar,3,0,3
Mehir,3,0,3
Mehissa,0,3,3
Mehjaar,3,0,3
Mehjabeen,0,3,3
Mehjebeen,0,3,3
Mehjebien,0,3,3
Mehjoub,3,0,3
Mehkiyah,0,3,3
Mehlab,0,3,3
Mehlia,0,3,3
Mehliya,0,3,3
Mehly,0,3,3
Mehmed-Akif,3,0,3
Mehmed-Dino,3,0,3
Mehmed-Talha,3,0,3
Mehmedcan,3,0,3
Mehmedullah,3,0,3
Mehmet-Can,3,0,3
Mehmet-Eren,3,0,3
Mehmetakif,3,0,3
Mehmetarda,3,0,3
Mehmetay,3,0,3
Mehmetefe,3,0,3
Mehmeteren,3,0,3
Mehmethakan,3,0,3
Mehmetkaan,3,0,3
Mehmetoğuz,3,0,3
Mehmetyüçel,3,0,3
Mehmona,0,3,3
Mehmoona,0,3,3
Mèhnaz,0,3,3
Mehndy,0,3,3
Mehner,3,0,3
Mehnurisha,0,3,3
Mehony,3,0,3
Mehpara,0,3,3
Mehpare,0,3,3
Mehpâre,0,3,3
Mehraab,0,3,3
Mehraan,3,0,3
Mehraanshah,3,0,3
Mehrab-e-Wafa,0,3,3
Mehrafrouz,0,3,3
Mehrag,3,0,3
Mèhraiel,0,3,3
Mehrail,0,3,3
Mehrana,0,3,3
Mehrandish,3,0,3
Mehrangis,0,3,3
Mehrangiz,0,3,3
Mehranne,0,3,3
Mehransh,3,0,3
Mehrbod,0,3,3
Mehrdana,0,3,3
Mehre,0,3,3
Mehrell,0,3,3
Mehren,0,3,3
Mehresa,0,3,3
Mehretab,3,0,3
Mehrez,3,0,3
Mehriçan,0,3,3
Mehrie,0,3,3
Mehrija,0,3,3
Mehrish,0,3,3
Mehriya,0,3,3
Mehriye,0,3,3
Mehrjar,3,0,3
Mehrnosh,0,3,3
Mehronissa,0,3,3
Mehroob,0,3,3
Mehroosh,0,3,3
Mehroz,3,0,3
Mehrsa,0,3,3
Mehrsana,0,3,3
Mehrshid,0,3,3
Mehrtash,3,0,3
Mehru,0,3,3
Mehru-Nisa,0,3,3
Mehrun,0,3,3
Mehrun-Nisa,0,3,3
Mehrunisa,0,3,3
Mehrunisah,0,3,3
Mehrunisha,0,3,3
Mehrunnisa,0,3,3
Mehry,0,3,3
Mehryar,3,0,3
Mehryaz,0,3,3
Mehsabeen,0,3,3
Mehsan,3,0,3
Mehshid,0,3,3
Mehta,0,3,3
Mehtabe,0,3,3
Mehtap-Gulazer,0,3,3
Mehveç,0,3,3
Mehvir,3,0,3
Mehvish,0,3,3
Mehwais,0,3,3
Mehzabeen,0,3,3
Mehzabin,0,3,3
Mehzar,3,0,3
Mehzebeengatoen,0,3,3
Mei-an,0,3,3
Mei-Chun,0,3,3
Mei-Fung,0,3,3
Mei-Han,0,3,3
Mei-Huan,0,3,3
Mei-Hui,0,3,3
Mei-Hwa,0,3,3
Mei-Ing,0,3,3
Mei-Jhi,0,3,3
Měi-Jing,3,0,3
Mei-jiong,3,0,3
Mei-juan,0,3,3
Mei-Jun,0,3,3
Mei-Ke,0,3,3
Mei-Kee,0,3,3
Mei-Kei,0,3,3
Meï-Lan,0,3,3
Mei-Lani,0,3,3
Mei-lee,0,3,3
Mei-Lie,0,3,3
Mei-lien,0,3,3
Mei-Line,0,3,3
Mei-Linn,0,3,3
Mei-lon,0,3,3
Mei-Loong,3,0,3
Mei-Lun,0,3,3
Mei-ming,0,3,3
Mei-Nga,0,3,3
Mei-Qi,0,3,3
Mei-Saan,0,3,3
Mei-Shi,0,3,3
Mei-Siang,0,3,3
Mei-Sie,0,3,3
Mei-Wai,0,3,3
Mei-Wie,0,3,3
Mei-Ya,3,0,3
Mei-Yee,0,3,3
Mei-Zhen,0,3,3
Meia-Sijke,0,3,3
Meiamin,0,3,3
Meibolda,0,3,3
Meical,3,0,3
Meichel,3,0,3
Meichelina,0,3,3
Meichun,0,3,3
Meickey,3,0,3
Meickeyano,3,0,3
Meicy,0,3,3
Meidan,3,0,3
Meidert,3,0,3
Meidetha,0,3,3
Meidje,0,3,3
Meidri,0,3,3
Meidrie,0,3,3
Meidry,0,3,3
Meie-Folkert,3,0,3
Meiemeike,0,3,3
Meies,3,0,3
Meigonda,0,3,3
Méigui,0,3,3
Meiguy,0,3,3
Meihao,0,3,3
Meihard,3,0,3
Meijan,3,0,3
Meijanie,0,3,3
Meijar,3,0,3
Meijcke,0,3,3
Meijco,3,0,3
Meijerd,3,0,3
Meijeringh,3,0,3
Meijert-Jan,3,0,3
Meijertina,0,3,3
Meijertje,0,3,3
Meijet,0,3,3
Meijiet,0,3,3
Meijl,0,3,3
Meijlla,0,3,3
Meijna,0,3,3
Meijnard,3,0,3
Meijnardt,3,0,3
Meijnardus,3,0,3
Meijnhart,3,0,3
Meijnie,0,3,3
Meijnolda,0,3,3
Meijnouda,0,3,3
Meijnoutje,0,3,3
Meijns,3,0,3
Meijnsina,0,3,3
Meijnte,3,0,3
Meijntjen,0,3,3
Meijsina,0,3,3
Meijze,0,3,3
Meike-Lotte,0,3,3
Meike-Marith,0,3,3
Meike-Ruth,0,3,3
Meikea,0,3,3
Meikei,0,3,3
Meikelief,0,3,3
Meikey,3,0,3
Meiki,0,3,3
Meikine,0,3,3
Meikinus,3,0,3
Méiko,0,3,3
Meiky,3,0,3
Meil,0,3,3
Meilainy,0,3,3
Meilamat,3,0,3
Meilanda,0,3,3
Meilanie,0,3,3
Meilayna,0,3,3
Meilech,3,0,3
Meilende,0,3,3
Měili,0,3,3
Meilian,0,3,3
Meilien,0,3,3
Meilim,0,3,3
Méilin,0,3,3
Meilinda,0,3,3
Meilindes,0,3,3
Meilisa,0,3,3
Meilissa,0,3,3
Meilly,0,3,3
Meilof-Simon,3,0,3
Meilou,0,3,3
Meiltjo,3,0,3
Meiltsje,0,3,3
Meiluan,3,0,3
Meilutė,0,3,3
Meïly,0,3,3
Meilyr,3,0,3
Meimoena,0,3,3
Meinaard,3,0,3
Meinadus,3,0,3
Meinanda,0,3,3
Meinarddina,0,3,3
Meinardes,3,0,3
Meinardiena,0,3,3
Meinaud,3,0,3
Meinauda,0,3,3
Meinbrecht,3,0,3
Meindel,0,3,3
Meinderdiena,0,3,3
Meinderdjan,3,0,3
Meinderikus,3,0,3
Meinderina,0,3,3
Meinders,3,0,3
Meindert-Jacob,3,0,3
Meindert-Jelle,3,0,3
Meindert-Johannes,3,0,3
Meindert-Pieter,3,0,3
Meindertsz,3,0,3
Meindine,0,3,3
Meindy,0,3,3
Meine-Folkert,3,0,3
Meine-Gerrit,3,0,3
Meine-Pieter,3,0,3
Meine-Wietze,3,0,3
Meineke,0,3,3
Meinem,0,3,3
Meiners,3,0,3
Meinertdina,0,3,3
Meines,3,0,3
Meinhoutje,0,3,3
Meinica,0,3,3
Meiniek,3,0,3
Meinieke,0,3,3
Meinij,0,3,3
Meining,0,3,3
Meinka,0,3,3
Meinley,3,0,3
Meinnanda,0,3,3
Meinnarda,0,3,3
Meino-Jan,3,0,3
Meinoe,0,3,3
Meinold,3,0,3
Meinolfus,3,0,3
Meinolphus,3,0,3
Meinon,0,3,3
Meinouk,0,3,3
Meinout,3,0,3
Meinouw,0,3,3
Meinradt,3,0,3
Meinris,3,0,3
Meinsie,0,3,3
Meinsiena,0,3,3
Meinstje,0,3,3
Meint-Jan,3,0,3
Meintesz,3,0,3
Meintho,3,0,3
Meintin,3,0,3
Meintine,0,3,3
Meintinus,3,0,3
Meintson,3,0,3
Meintzjen,0,3,3
Meinu,0,3,3
Meinulfa,0,3,3
Meinwerk,3,0,3
Meinwerus,3,0,3
Meinzina,0,3,3
Meipo,0,3,3
Meiqi,0,3,3
Meiqing,0,3,3
Meirah,0,3,3
Meiran,0,3,3
Meiraw,0,3,3
Meïre,0,3,3
Meirem,0,3,3
Meirie,0,3,3
Meirina,0,3,3
Meirion,3,0,3
Meirit,0,3,3
Meirjam,0,3,3
Meiron,3,0,3
Mèiros,3,0,3
Meïsa,0,3,3
Meisah,0,3,3
Meisem,0,3,3
Meishe,0,3,3
Meishelle,0,3,3
Meisie,0,3,3
Meisjeline,0,3,3
Meisoen,0,3,3
Meison,0,3,3
Meïssa,3,0,3
Meissane,0,3,3
Meissiena,0,3,3
Meissina,0,3,3
Meite,0,3,3
Meithe,0,3,3
Meiti,0,3,3
Meito,3,0,3
Meiwei,0,3,3
Meiwen,0,3,3
Meiyan,0,3,3
Meiyanne,0,3,3
Meiyi,0,3,3
Meiyuan,0,3,3
Meizina,0,3,3
Méja,0,3,3
Mejaco,0,3,3
Méjah-Ry,3,0,3
Mejainey,0,3,3
Mejan,3,0,3
Mejanda,0,3,3
Mejang,0,3,3
Mejanne,0,3,3
Mejari,3,0,3
Mejdan,3,0,3
Mejdin,3,0,3
Mejdy,3,0,3
Mejed,3,0,3
Mèjem,3,0,3
Mejemabe,0,3,3
Mejenika,0,3,3
Mejenka,0,3,3
Mejer,3,0,3
Mejet,0,3,3
Meji,3,0,3
Mejia,3,0,3
Mejias,3,0,3
Mejien,0,3,3
Mejin,0,3,3
Mejnessenca,0,3,3
Mèjoe,3,0,3
Mejoeréwa,3,0,3
Mejra,0,3,3
Mejrema,0,3,3
Mejreme,0,3,3
Mejudia,0,3,3
Mejury,0,3,3
Mejyzah,0,3,3
Mekadash,0,3,3
Mekaela,0,3,3
Mekaeyla,0,3,3
Mekaiah,0,3,3
Mekail,3,0,3
Mekailah,0,3,3
Mekal,3,0,3
Mekalthoem,0,3,3
Mekan,0,3,3
Mekaylyn,0,3,3
Mekdelawit,0,3,3
Méke,0,3,3
Mekebeb,3,0,3
Mekedes,0,3,3
Mekel,0,3,3
Mèkela,0,3,3
Mékele,3,0,3
Mekena,0,3,3
Mekensie,0,3,3
Mékhi,0,3,3
Mekhia,3,0,3
Mekhy,3,0,3
Mekie,3,0,3
Mekishia,0,3,3
Mekjen,0,3,3
Mekkelina,0,3,3
Mekkolina,0,3,3
Mekky,3,0,3
Mekoga,3,0,3
Mekola,3,0,3
Mekongo,0,3,3
Mekonnen,3,0,3
Mekseb,0,3,3
Meksen,3,0,3
Mekserina,0,3,3
Meksie,0,3,3
Meksut,3,0,3
Mektouba,0,3,3
Mekyla,0,3,3
Mekyle,3,0,3
Mekysha,0,3,3
Mekz,3,0,3
mel,3,0,3
MEL,0,3,3
Mel-Annie,0,3,3
Mel-Han,3,0,3
Mel-yahnairo,3,0,3
Mel-yahvaine,3,0,3
Mela-Joan,3,0,3
Melaany,0,3,3
Melac,0,3,3
Melacaïh-Amir,3,0,3
Melachaia,0,3,3
Meladine,0,3,3
Melah,0,3,3
Melaha,0,3,3
Melahet,0,3,3
Melahier,0,3,3
Melai,3,0,3
Melaia,0,3,3
Melaika,0,3,3
Melaike,0,3,3
Mélaine,0,3,3
Melaini,0,3,3
Melainie,0,3,3
Melaïnine,3,0,3
Melaino,3,0,3
Melainy,0,3,3
Melaiskely,0,3,3
Melaixa,0,3,3
Melajoan,3,0,3
Melakai,3,0,3
Melaleuca,0,3,3
Melamé,0,3,3
Melamina,0,3,3
Melanchelinne,0,3,3
Melande,0,3,3
Melander,3,0,3
Melandrie,3,0,3
Melandrina,0,3,3
Mélane,0,3,3
Melane,0,3,3
Mèlaney,0,3,3
Melang,0,3,3
Melange,0,3,3
Melangell,0,3,3
Melangelo,3,0,3
Melangwan,3,0,3
Mèlani,0,3,3
Mèlaní,0,3,3
Melänie,0,3,3
Melánie,0,3,3
Melanie-Ann,0,3,3
Melanie-Elane,0,3,3
Melanie-Jane,0,3,3
Melanie-Joy,0,3,3
Melanie-Naomi,0,3,3
Melanie-Pearl,0,3,3
Melanie-Rose,0,3,3
Mélanie-Sophia,0,3,3
Melanie-Yasmin,0,3,3
Melaniece,0,3,3
Melaniesha,0,3,3
Melanija,0,3,3
Melanin,0,3,3
Mélanique,0,3,3
Melanisa,0,3,3
Melanjely,0,3,3
Melanni,0,3,3
Melannia,0,3,3
Melanta,0,3,3
Melante,0,3,3
Melanthi,0,3,3
Melantho,0,3,3
Melanty,0,3,3
Mélanya,0,3,3
Melanyn,0,3,3
Melanynke,0,3,3
Melanyo,3,0,3
Melariek,0,3,3
Melaries,0,3,3
Mélarno,3,0,3
Melasciantie,0,3,3
Melatia,0,3,3
Melatiah,0,3,3
Melaty,0,3,3
Melav,0,3,3
Melawit,0,3,3
Melaya,0,3,3
Mèlayla,0,3,3
Melaylie,0,3,3
Melayne,0,3,3
Melayro,3,0,3
Mélaysa,0,3,3
Melbi,3,0,3
Melbourey,0,3,3
Melboy,3,0,3
Melburgia,0,3,3
Melcalvio,3,0,3
Melcam,3,0,3
Melcan,0,3,3
Melcedien,0,3,3
Melchalina,0,3,3
Melchano,3,0,3
Melcherd,3,0,3
Melchert-Geert,3,0,3
Melcherts,3,0,3
Melchesedek,3,0,3
Melchet,3,0,3
Melchezi,0,3,3
Melchion,3,0,3
Melchior-Tsedeq,3,0,3
Melchior-Willem,3,0,3
Melchiorine,0,3,3
Melchisedeh,3,0,3
Melchizedec,3,0,3
Melchorina,0,3,3
Melchus,3,0,3
Melcias,3,0,3
Melcint,3,0,3
Melcinte,0,3,3
Melcio,3,0,3
Melcom,3,0,3
Meldâ,0,3,3
Melda-Aleyna,0,3,3
Meldencio,3,0,3
Meldgaard,3,0,3
Meldinysha,0,3,3
Meldja,0,3,3
Meldohensa,0,3,3
Meldon,3,0,3
Meldra,0,3,3
Meldred,0,3,3
Meldri,0,3,3
Meldrid,0,3,3
Melé,0,3,3
Mélé,0,3,3
Meléa,0,3,3
Meleagris,0,3,3
Meleandra,0,3,3
Melèce,3,0,3
Melech,3,0,3
Melechi,3,0,3
Melechïa,0,3,3
Melée,0,3,3
Meleen,0,3,3
Melehad,0,3,3
Meleine,0,3,3
Melejoena,3,0,3
Mèlek,0,3,3
Mêlêk,0,3,3
Melěk,0,3,3
Melekay,3,0,3
Melekgül,0,3,3
Melekhan,0,3,3
Melekot,3,0,3
Melekşah,0,3,3
Meleksima,0,3,3
Meleksu,0,3,3
Melem,0,3,3
Mèlen,0,3,3
Melendy,0,3,3
Mêléné,0,3,3
Mélene,0,3,3
Méléne,0,3,3
Melenely,0,3,3
Meleney,0,3,3
Meleni,0,3,3
Melenivoneve,0,3,3
Mèleny,0,3,3
Melertio,3,0,3
Melesa,0,3,3
Melesina,0,3,3
Melessa,0,3,3
Meletina,0,3,3
Meletios,3,0,3
Meletitia,0,3,3
Meleyah,0,3,3
Meleyke-Sulenaz,0,3,3
Meleyna,0,3,3
Melez,0,3,3
Melfany,0,3,3
Melfarien,0,3,3
Melfina,0,3,3
Melfinn,3,0,3
Melford,3,0,3
Melfrin,3,0,3
Melfrynd,3,0,3
Melginio,3,0,3
Melhat,0,3,3
Melhim,3,0,3
Melhoryn,3,0,3
Meli'Ann,0,3,3
Meli'sa,0,3,3
Méli-Mae,0,3,3
Melía,0,3,3
Meliá,0,3,3
Mélia,0,3,3
Mèlia,0,3,3
Meliaan,3,0,3
Meliade,0,3,3
Meliae,0,3,3
Melianda,0,3,3
Meliange,0,3,3
Meliangelly,0,3,3
Melianoes,3,0,3
Meliba,0,3,3
Mêlica,0,3,3
Meliça,0,3,3
Melice,3,0,3
Mélice,0,3,3
Melicent,0,3,3
Melichio,3,0,3
Melick,0,3,3
Meliece,0,3,3
Mélief,0,3,3
Melieha,0,3,3
Meliek,0,3,3
Melieka,0,3,3
Mélien,0,3,3
Meliesa,0,3,3
Melieske,0,3,3
Melietcha,0,3,3
Melietsha,0,3,3
Melietsia,0,3,3
Melightsey,0,3,3
Meligia,0,3,3
Mèlih,3,0,3
Melih-Kamil,3,0,3
Melihan,0,3,3
Melihanur,0,3,3
Melihat,0,3,3
Melihçan,3,0,3
Melihke,0,3,3
Meliina,0,3,3
Melíjah,0,3,3
Melîjon,3,0,3
Mêlik,3,0,3
Mèlika,0,3,3
Mélika,0,3,3
Melikamar,3,0,3
Mèlike,0,3,3
Melikesu,0,3,3
Meliki,3,0,3
Melin-Faye,0,3,3
Meliña,0,3,3
Melinchio,3,0,3
Melinco,3,0,3
Mèlinda,0,3,3
Melinda-Lou,0,3,3
Melindi,0,3,3
Melinè,0,3,3
Meliné,0,3,3
Mélinée,0,3,3
Meling,0,3,3
Melinger,3,0,3
Melinia,3,0,3
Meliñio,3,0,3
Melinn,0,3,3
Melinnie,0,3,3
Mèlino,3,0,3
Meliño,3,0,3
Melinsey,0,3,3
Melinta,0,3,3
Melinva,0,3,3
Melion,0,3,3
Melique,0,3,3
Melis-Mia,0,3,3
Mèlisa,0,3,3
Melişa,0,3,3
Melisa-Cansu,0,3,3
Melisa-Dilara,0,3,3
Melisa-Gül,0,3,3
Melisacansu,0,3,3
Melisah,0,3,3
Melisana,0,3,3
Mélisandra,0,3,3
Melisanne,0,3,3
Mélisant,0,3,3
Melisay,0,3,3
Mélischa,0,3,3
Melisenth,0,3,3
Meliseth,0,3,3
Mélisey,0,3,3
Melisinde,0,3,3
Melisio,3,0,3
Melisjéva,0,3,3
Meliska,0,3,3
Melison,3,0,3
Mêlissa,0,3,3
Melissa-Anita,0,3,3
Melissa-Ann,0,3,3
Melissa-Eddien,0,3,3
Melissa-Lieke,0,3,3
Melissa-Mercedès,0,3,3
Melissa-Renée,0,3,3
Melissai,0,3,3
Melissamarye,0,3,3
Melissana,0,3,3
Melissander,0,3,3
Mélissandre,0,3,3
Melissanur,0,3,3
Mélisse,0,3,3
Melissiano,3,0,3
Melissiër,0,3,3
Melissima,0,3,3
Melissine,0,3,3
Melissos,3,0,3
Mélita,0,3,3
Melithsa,0,3,3
Melito,3,0,3
Melitsa,0,3,3
Melitsha,0,3,3
Melittus,3,0,3
Méliv,0,3,3
Meliyanti,0,3,3
Meliye,0,3,3
Mèliz,0,3,3
Méliza,0,3,3
Melizabeth,0,3,3
Melizano,3,0,3
Mélize,0,3,3
Meljador,3,0,3
Meljenaira,0,3,3
Meljero,3,0,3
Meljien,0,3,3
Meljor,3,0,3
Meljorino,3,0,3
Meljun,3,0,3
Melka,0,3,3
Melkamsew,3,0,3
Melkan,3,0,3
Melkease,3,0,3
Melkene,0,3,3
Melkia,0,3,3
Melkianoes,3,0,3
Melkien,3,0,3
Melkin,0,3,3
Melkisedek,3,0,3
Melkishedek,3,0,3
Melko,3,0,3
Melky,3,0,3
Melkyanoes,3,0,3
Mell-Rose,0,3,3
Mella-Jeane,0,3,3
Mellad,3,0,3
Méllaine,0,3,3
Mellainy,0,3,3
Mellak,0,3,3
Mellammie,0,3,3
Mellana,0,3,3
Mellanger,3,0,3
Mellania,0,3,3
Mellanie-Ilona,0,3,3
Mellanisa,0,3,3
Mellanni,0,3,3
Mellanny,0,3,3
Mellary,0,3,3
Mellat,0,3,3
Melldrick,3,0,3
Melle-Daan,3,0,3
Melle-Mads,3,0,3
Melle-Marijn,3,0,3
Melle-Mees,3,0,3
Melle-Simone,0,3,3
Melle-Sjoerd,3,0,3
Melledy,0,3,3
Melleentje,0,3,3
Mellek,3,0,3
Mellema,3,0,3
Melleni,0,3,3
Mellenieva,0,3,3
Mellenise,0,3,3
Meller,3,0,3
Mellerd,3,0,3
Mellèsca,0,3,3
Mellet,0,3,3
Melletje,0,3,3
Melley,0,3,3
Mellhany,0,3,3
Melli,0,3,3
Mellia,0,3,3
Melliano,3,0,3
Melliantha,0,3,3
Mellicia,0,3,3
Mellicio,3,0,3
Mellidus,3,0,3
Mellieha,0,3,3
Mellieke,0,3,3
Melliemke,0,3,3
Melliëne,0,3,3
Melliene,0,3,3
Mellij,0,3,3
Mellijora,0,3,3
Mellila,0,3,3
Melling,0,3,3
Mellinger,3,0,3
Mellingris,0,3,3
Mellinia,0,3,3
Melliño,3,0,3
Mellino,0,3,3
Mellinsy,0,3,3
Méllisa,0,3,3
Mellisah,0,3,3
Mellisenda,0,3,3
Mellisse,0,3,3
Mellivy,3,0,3
Melljainy,3,0,3
Mellody-Jane,0,3,3
Melloh,3,0,3
Mellona,0,3,3
Melloni,0,3,3
Mellora,0,3,3
Mellòwdi,0,3,3
Mellowdi,0,3,3
Mellowdie,0,3,3
Mellowney,0,3,3
Mells,3,0,3
Mellua,0,3,3
Melluc,3,0,3
Melluda,0,3,3
Mellum,3,0,3
Mellvidge,3,0,3
Mellvyn,3,0,3
Melly-Jo,0,3,3
Mellyn,0,3,3
Mellyna,0,3,3
Mellynn,0,3,3
Mellysa,0,3,3
Mellyta,0,3,3
Melnaigelry,3,0,3
Melnarda,0,3,3
Mélo,0,3,3
Melod,0,3,3
Melodey-Jay,0,3,3
Mèlodi,0,3,3
Melodij,0,3,3
Melodious,0,3,3
Melodius,3,0,3
Melodiyah,0,3,3
Melodja,0,3,3
Melody-Aelyn,0,3,3
Melody-An,0,3,3
Melody-Eve,0,3,3
Melody-Franky,0,3,3
Melody-Grace,0,3,3
Melody-Scarlet,0,3,3
Melodya,0,3,3
Melodyana,0,3,3
Melodyrose,0,3,3
Meloenius,3,0,3
Meloeska,3,0,3
Meloet,3,0,3
Meloï,0,3,3
Meloma,0,3,3
Mélonie,0,3,3
Melonique,0,3,3
Mèlôny,0,3,3
Mélora,0,3,3
Melorine,0,3,3
Melorna,0,3,3
Melosa,0,3,3
Melosia,0,3,3
Melosine,0,3,3
Melotina,0,3,3
Melouana,0,3,3
Meloudi,3,0,3
Melouise,0,3,3
Melouka,0,3,3
Meloushka,0,3,3
Melovie,0,3,3
Meloy,3,0,3
Melphi,0,3,3
Melphiades,3,0,3
Melphil,3,0,3
Melpomina,0,3,3
Melqart,3,0,3
Melquiades,3,0,3
Melquides,3,0,3
Melra,0,3,3
Melren,3,0,3
Melriano,3,0,3
Melrich,3,0,3
Melrick,3,0,3
Melrieke,0,3,3
Melroj,3,0,3
Melroy-Jordy,3,0,3
Melruen,0,3,3
Melsen,3,0,3
Melsey,0,3,3
Melshiny,0,3,3
Melsi,0,3,3
Melsida,0,3,3
Melsien,0,3,3
Melsiena,0,3,3
Melske,0,3,3
Melstan,3,0,3
Melsy,0,3,3
Meltern,0,3,3
Melthe,0,3,3
Melthinus,3,0,3
Melthysa,0,3,3
Meltianus,3,0,3
Meltin,3,0,3
Meltine,0,3,3
Meltsje,0,3,3
Mélua,0,3,3
Meluciano,3,0,3
Melud,3,0,3
Meludy,0,3,3
Melul,0,3,3
Melusa,0,3,3
Meluscka,0,3,3
Melushka,0,3,3
Melusi,3,0,3
Méluska,0,3,3
Meluto,3,0,3
Melvaine,3,0,3
Melvania,0,3,3
Melvanna,0,3,3
Melvelinio,3,0,3
Melvelino,3,0,3
Melvelyn,0,3,3
Melverino,3,0,3
Melvey,0,3,3
Melvian,3,0,3
Melviane,3,0,3
Melviantha,0,3,3
Melviëlle,0,3,3
Melvien,3,0,3
Melvijn,3,0,3
Melvil,3,0,3
Melvill,3,0,3
Melvin-Dave,3,0,3
Melvin-John,3,0,3
Melvin-Kenneth,3,0,3
Melvinia,0,3,3
Melvinja,0,3,3
Melvio,3,0,3
Melvira,0,3,3
Melvita,0,3,3
Melvius,3,0,3
Melvriëla,0,3,3
Melvryna,0,3,3
Melwantie,0,3,3
Melwine,0,3,3
Melwinn,3,0,3
Melxio,3,0,3
Mély,0,3,3
Melyah,0,3,3
Melyanna,0,3,3
Melyanne,0,3,3
Melyanus,3,0,3
Melycia,0,3,3
Melydia,0,3,3
Melygion,3,0,3
Melyhano,3,0,3
Melyksha,0,3,3
Melynah,0,3,3
Melynda,0,3,3
Mélyne,0,3,3
Mélynn,0,3,3
Melynnde,0,3,3
Melynnta,0,3,3
Melyrisha,0,3,3
Melyse,0,3,3
Mèlysha,0,3,3
Melyshia,0,3,3
Melyssia,0,3,3
Melysza,0,3,3
Melytta,0,3,3
Melyxenne,0,3,3
Melza,0,3,3
Mematie,3,0,3
Membo,0,3,3
Memdali,3,0,3
Mémé,0,3,3
Mèmè,0,3,3
Memée,0,3,3
Meméé,0,3,3
Memekoun,0,3,3
Mémelle,0,3,3
Memerie,0,3,3
Memet-Ali,3,0,3
Memetali,3,0,3
Memetcan,3,0,3
Memie,0,3,3
Memiki,0,3,3
Memili,3,0,3
Memka,0,3,3
Memla,0,3,3
Memmet,3,0,3
Mèmo,3,0,3
Memocan,3,0,3
Memoin,3,0,3
Memphis-Jayh,3,0,3
Memphis-Ricardo,3,0,3
Memphiss,3,0,3
Memphys,3,0,3
Memphyz,3,0,3
Memru,3,0,3
Mems,0,3,3
Memsy,3,0,3
Memun,3,0,3
Memure,0,3,3
Memutschka,0,3,3
Memy,0,3,3
Memyté,3,0,3
Men-Sah,3,0,3
Men-Shan,0,3,3
Mena'ano,3,0,3
Menaallah,0,3,3
Menachim,3,0,3
Menadat,3,0,3
Menaga,0,3,3
Menahil,0,3,3
Menai,0,3,3
Menaika,0,3,3
Menairo,3,0,3
Menaisa,0,3,3
Menakshi,0,3,3
Menalam,0,3,3
Menald,3,0,3
Ménalde,0,3,3
Menaly,0,3,3
Menamie,0,3,3
Menan,3,0,3
Menanda,0,3,3
Menandro,3,0,3
Menar,3,0,3
Menardina,0,3,3
Menardo,3,0,3
Menarewes,3,0,3
Menasa,3,0,3
Menaselin,0,3,3
Menasjè,3,0,3
Meñasotty's,0,3,3
Menassé,3,0,3
Menasshe,3,0,3
Menata,0,3,3
Menatalla,0,3,3
Menayame,3,0,3
Menaz,0,3,3
Menbere,0,3,3
Menca,0,3,3
Mençalvio,3,0,3
Mencalvio,3,0,3
Mence,0,3,3
Mençelvio,3,0,3
Mencey,3,0,3
Mencha,0,3,3
Menchell,3,0,3
Menchenda,0,3,3
Menci,0,3,3
Mencio,3,0,3
Mencita,0,3,3
Menciye,0,3,3
Mencolien,0,3,3
Mency,0,3,3
Mendaco,3,0,3
Mèndali,0,3,3
Mendalie,0,3,3
Mendalin,0,3,3
Mendalvio,3,0,3
Mendalyna,0,3,3
Mendani,0,3,3
Mendel-Iskander,3,0,3
Mendelain,0,3,3
Mendeld,3,0,3
Mendelé,0,3,3
Mendeleine,0,3,3
Mendelie,0,3,3
Mendelien,0,3,3
Mendelin,3,0,3
Mendellyn,0,3,3
Mendelt-Anne,3,0,3
Mender,3,0,3
Menderez,3,0,3
Mendertje,3,0,3
Mendés,3,0,3
Mendey,0,3,3
Mèndez,3,0,3
Mendie-Sanee,3,0,3
Mendij,0,3,3
Mendim,3,0,3
Mendior,3,0,3
Mendita,0,3,3
Mendiz,0,3,3
Mendjo,3,0,3
Mendol,3,0,3
Mendolin,3,0,3
Mendolyn,0,3,3
Mendonca,3,0,3
Mendora,3,0,3
Mendozza,3,0,3
Mendriano,3,0,3
Mendrik,3,0,3
Mendrisio-Shamar,3,0,3
Mendry,3,0,3
Mends,3,0,3
Menduïtha,0,3,3
Mendus,3,0,3
Mendy-Fleur,0,3,3
Mendy-Mey,3,0,3
Mendya,0,3,3
Mendys,0,3,3
Mene,3,0,3
Mène,0,3,3
Mènè,0,3,3
Ménè-enne,3,0,3
Menea,0,3,3
Meneaux,0,3,3
Menechien,3,0,3
Menechiena,0,3,3
Menée,0,3,3
Menefse,0,3,3
Menegildo,3,0,3
Meneka,3,0,3
Meneke,0,3,3
Menekša,3,0,3
Menelco,3,0,3
Meneleo,3,0,3
Menemşe,0,3,3
Menemsha,0,3,3
Menencia,0,3,3
Menencio,3,0,3
Menendi,0,3,3
Menent,3,0,3
Menetallah,0,3,3
Menezes,0,3,3
Menfrie,3,0,3
Meng-Chun,3,0,3
Meng-Hoa,3,0,3
Meng-Leng,3,0,3
Mengcalvio,3,0,3
Mengchu,0,3,3
Mengeh,0,3,3
Mengelina,0,3,3
Mengeline,0,3,3
Mengervio,3,0,3
Mengfan,0,3,3
Menghalvio,3,0,3
Menghan,0,3,3
Menghua,0,3,3
Mengi,3,0,3
Mengines,3,0,3
Mengistu,3,0,3
Mengki,3,0,3
Menglei,0,3,3
Menglong,3,0,3
Mengolda,0,3,3
Mengot,3,0,3
Mengsie,0,3,3
Mengstje,0,3,3
Mengteng,3,0,3
Mengting,0,3,3
Mengü,3,0,3
Mengue,0,3,3
Menguelito,3,0,3
Mengxi,0,3,3
Mengxu,0,3,3
Mengyi,0,3,3
Mengyuan,0,3,3
Menha,0,3,3
Menhard,3,0,3
Meni-mi,0,3,3
Ménica,0,3,3
Menice,0,3,3
Menicha,0,3,3
Menie,0,3,3
Menieke,0,3,3
Menika,0,3,3
Menikadevi,0,3,3
Menike,0,3,3
Menilik,3,0,3
Meninde,0,3,3
Ménio,3,0,3
Menion,3,0,3
Menios,3,0,3
Menique,0,3,3
Menirou,3,0,3
Menirte,0,3,3
Menisch,3,0,3
Menischa,0,3,3
Menischadevi,0,3,3
Menise,0,3,3
Menish,3,0,3
Menitza,0,3,3
Menizota,3,0,3
Menjes,0,3,3
Menjoli,0,3,3
Menjous,3,0,3
Menjur,3,0,3
Menkalina,0,3,3
Menke-Willemijn,0,3,3
Menkelien,0,3,3
Menki,0,3,3
Menkm,3,0,3
Menko-Mar,3,0,3
Menkolina,0,3,3
Menktje,0,3,3
Menline,0,3,3
Menly,3,0,3
Menmun,0,3,3
Menmuniye,0,3,3
Menna-Marie,0,3,3
Menna-Moen,0,3,3
Menna-Novy,0,3,3
Mennad,3,0,3
Mennah,0,3,3
Mennah-Allah,0,3,3
Mennama,0,3,3
Mennard-Franke,3,0,3
Mennardus,3,0,3
Mennas,3,0,3
Mennay,3,0,3
Menne-Jelte,3,0,3
Menne-Rintje,3,0,3
Mennen,3,0,3
Mennena,0,3,3
Mennert,3,0,3
Mennesseh,3,0,3
Ménnet-Allah,0,3,3
Mennette,0,3,3
Mennhallah,0,3,3
Mennia,0,3,3
Mennieke,0,3,3
Mennikus,3,0,3
Mennis,3,0,3
Menno-Gabriël,3,0,3
Menno-Hendrik,3,0,3
Menno-jan,3,0,3
Menno-Johannes,3,0,3
Menno-Martijn,3,0,3
Menno-Paul,3,0,3
Menno-Willem,3,0,3
Menno-Wouter,3,0,3
Mennoldus,3,0,3
Mennoliena,0,3,3
Mennorina,0,3,3
Ménoa,0,3,3
Menoe,0,3,3
Menoeas,3,0,3
Menoega,3,0,3
Menoes,0,3,3
Menoeska,0,3,3
Menohem,3,0,3
Menoit,3,0,3
Menolda,0,3,3
Menolito,3,0,3
Menonita,0,3,3
Ménorah,0,3,3
Menoşa,0,3,3
Menosshan,3,0,3
Ménou,0,3,3
Menouara,0,3,3
Menouer,3,0,3
Menouhbia,0,3,3
Menouka,0,3,3
Menouschka,0,3,3
Menouscka,0,3,3
Menoush,0,3,3
Menoux,3,0,3
Menpri,3,0,3
Menranda,0,3,3
Menrik,3,0,3
Menrike,0,3,3
Menşa,3,0,3
Menşah,3,0,3
Mensah-Sabah,3,0,3
Mensanna,0,3,3
Mensch,3,0,3
Menschina,0,3,3
Menschtje,0,3,3
Menshi,0,3,3
Mensia,0,3,3
Mensiari,3,0,3
Mensiene,0,3,3
Mensienna,0,3,3
Mensing,0,3,3
Mensinga,3,0,3
Menske-Lina,0,3,3
Menske-lina,0,3,3
Mensouri,3,0,3
Mensouria,0,3,3
Menssienes,3,0,3
Mensso,3,0,3
Menstine,0,3,3
Menşüre,0,3,3
Menswit,0,3,3
Ment-akhoila,0,3,3
Ment-gylion,3,0,3
Mentadir,3,0,3
Mentana,0,3,3
Mentco,3,0,3
Menth,0,3,3
Menthen,3,0,3
Mentien,3,0,3
Mentiena,0,3,3
Mentilde,0,3,3
Mentinck,3,0,3
Mentis,3,0,3
Mentjan,3,0,3
Mentoela,0,3,3
Mentou,3,0,3
Mentu,3,0,3
Menty,0,3,3
Menuchah,0,3,3
Menuchem,3,0,3
Menuga,0,3,3
Menugan,3,0,3
Menuja,0,3,3
Menuli,0,3,3
Menusca,0,3,3
Menuscha,0,3,3
Menuya,0,3,3
Menwar,3,0,3
Menxian,0,3,3
Menya,3,0,3
Menyanyi,3,0,3
Menyayean,3,0,3
Menyer,3,0,3
Menza,0,3,3
Menzano,3,0,3
Menzel,0,3,3
Menziene,0,3,3
Menzile,0,3,3
Menzinus,3,0,3
Menzje,0,3,3
Menzo-Jan,3,0,3
Menzso,3,0,3
Menzure,0,3,3
Meochia,0,3,3
Meodud,3,0,3
Meoha,0,3,3
Meolino,3,0,3
Meomi,0,3,3
Méoni,3,0,3
Meont,3,0,3
Meozina,0,3,3
Mephisto,3,0,3
Meqdad,3,0,3
Meqeueesa,0,3,3
Meqiano,3,0,3
Meqiza,0,3,3
Mequëll,3,0,3
MeQuintley,3,0,3
Mequlver,3,0,3
Mer,0,3,3
Mer'Lyann,0,3,3
Méra,0,3,3
Meraaj-Uddin,3,0,3
Merabi,3,0,3
Merad,3,0,3
Merae,0,3,3
Merageny,0,3,3
Mèrahl,0,3,3
Merai,0,3,3
Meraichio,3,0,3
Merailo,3,0,3
Meraisha,0,3,3
Meraishelo,3,0,3
Meraixah,0,3,3
Merâj,3,0,3
Merája,3,0,3
Merajah,3,0,3
Mérak,3,0,3
Mëral,0,3,3
Merál,0,3,3
Meralie,0,3,3
Mérall,0,3,3
Meraly,0,3,3
Meralyn,0,3,3
Meralynn,0,3,3
Méran,0,3,3
Merana,0,3,3
Meranca,0,3,3
Merand,3,0,3
Mérande,0,3,3
Merando,3,0,3
Mérane,0,3,3
Merania,0,3,3
Meranka,0,3,3
Meranne,0,3,3
Mèrano,3,0,3
Meranti,0,3,3
Merantien,0,3,3
Meranuely,0,3,3
Merany,0,3,3
Meraqui,0,3,3
Merardus,3,0,3
Mérari,0,3,3
Merary,0,3,3
Meras,3,0,3
Meratti,0,3,3
Meraviglia,0,3,3
Meraye,0,3,3
Meraymi,0,3,3
Merayo,3,0,3
Mèraysa,0,3,3
Meraysha,0,3,3
Merbel,0,3,3
Mercane,0,3,3
Merçè,0,3,3
Mèrceda,0,3,3
Mercedee,0,3,3
Mercedës,0,3,3
Mercêdes,0,3,3
Mercèdès,0,3,3
Mercédés,0,3,3
Mércèdés,0,3,3
Mércèdes,0,3,3
Mercedes-Alicia,0,3,3
Mercedes-Altagracia,0,3,3
Mercedess,0,3,3
Mercedey,0,3,3
Mercédèz,0,3,3
Mercèdez,0,3,3
Mercedi,0,3,3
Mercedies,0,3,3
Mercedita,0,3,3
Merceditha,0,3,3
Mercédys,0,3,3
Mercee,0,3,3
Merceleno,3,0,3
Merceles,3,0,3
Merceley,0,3,3
Merceli,0,3,3
Merceliene,0,3,3
Mercelinu,3,0,3
Mercelinyo,3,0,3
Mercelio,3,0,3
Mercelles,3,0,3
Mercelli,3,0,3
Mercellino,3,0,3
Mercellis,0,3,3
Mercello,3,0,3
Mercellus,3,0,3
Mercelus,3,0,3
Mercelyne,0,3,3
Mèrcelyne,0,3,3
Mercelynn,0,3,3
Mercelys,0,3,3
Mèrcènnè,0,3,3
Mercera,3,0,3
Merchano,3,0,3
Mercheld,3,0,3
Merchelina,0,3,3
Merchereno,3,0,3
Merchiëly,0,3,3
Merchier,3,0,3
Merchill,3,0,3
Merchillian,0,3,3
Mérciano,3,0,3
Mercides,0,3,3
Mercidita,0,3,3
Merciëndo,3,0,3
Merciër,3,0,3
Mercilla,0,3,3
Mercina,0,3,3
Mercindo,3,0,3
Mercinio,3,0,3
Mercino,3,0,3
Mercio,3,0,3
Mercul,3,0,3
Mercuraad,3,0,3
Mercuriette,0,3,3
Mercy-El,3,0,3
Mercy-Grace,0,3,3
Mercya,0,3,3
Mercyana,0,3,3
Mercylyn,0,3,3
Merda,0,3,3
Merdah,0,3,3
Merdancan,3,0,3
Merdas,3,0,3
Merddyn,3,0,3
Merdekka,0,3,3
Merdénio,3,0,3
Merdie,0,3,3
Merdie-Chrisbelle,0,3,3
Merdielle,0,3,3
Merdina,0,3,3
Merdinho,3,0,3
Merdis,3,0,3
Merdiyye,0,3,3
Merdjina,0,3,3
Merdo,3,0,3
Merdokh,3,0,3
Merdrid,0,3,3
Mereau,3,0,3
Mérébéng,0,3,3
Meréchal,0,3,3
Merechja,0,3,3
Meredhit,0,3,3
Meredie,0,3,3
Meredied,0,3,3
Merediht,0,3,3
Meredisse,0,3,3
Meredit,0,3,3
Meredite,0,3,3
Meredith-Cycile,0,3,3
Mereditha,0,3,3
Meredyth,0,3,3
Mereecha,0,3,3
Mereeke,0,3,3
Meregildo,3,0,3
Mereie,0,3,3
Mereijn,3,0,3
Mereil,0,3,3
Mereille-Lummigje,0,3,3
Mereim,0,3,3
Méreine,0,3,3
Merejitta,0,3,3
Merejo,0,3,3
Méreke,0,3,3
Mérel,0,3,3
Mérèl,0,3,3
Merêl,0,3,3
Merel-,0,3,3
Merel-Anke,0,3,3
Merel-Emelie,0,3,3
Merel-Faye,0,3,3
Merel-Iris,0,3,3
Merel-Jane,0,3,3
Merel-Joline,0,3,3
Merel-Joyce,0,3,3
Merel-Kim,0,3,3
Merel-Lianne,0,3,3
Merel-Linde,0,3,3
Merel-Lotte,0,3,3
Merel-lou,0,3,3
Merel-Lyn,0,3,3
Merel-lynn,0,3,3
Merel-Lynn,0,3,3
Merel-Marij,0,3,3
Merel-Marije,0,3,3
Merel-Marijn,0,3,3
Merel-May,0,3,3
Merel-Sofie,0,3,3
Merel-Sophie,0,3,3
Merélaine,0,3,3
Merelayne,0,3,3
Mereldina,0,3,3
Merele,0,3,3
Merelice,0,3,3
Merelie,0,3,3
Merelieke,0,3,3
Mereliene,0,3,3
Merelina,0,3,3
Merella,0,3,3
Merèlle,0,3,3
Mérelle,0,3,3
Merellynn,0,3,3
Merelva,0,3,3
Mèrely,0,3,3
Mèrelyn,0,3,3
Merem,0,3,3
Meremana,0,3,3
Meréna,0,3,3
Merencio,3,0,3
Merendy,3,0,3
Merengè,3,0,3
Merengely,0,3,3
Merengha,0,3,3
Merenique,0,3,3
Merenish,0,3,3
Méreno,3,0,3
Meréno,3,0,3
Merenre,3,0,3
Mereny,0,3,3
Merenyse,0,3,3
Mereo,3,0,3
Meresa,0,3,3
Mereshi,0,3,3
Méret,0,3,3
Meréte,0,3,3
Merête,0,3,3
Mérète,0,3,3
Merethe,0,3,3
Merethé,0,3,3
Meretia,0,3,3
Meretta,0,3,3
Mèrette,0,3,3
Merevien,0,3,3
Merewen,0,3,3
Mereyam,0,3,3
Mereyda,0,3,3
Mereym,0,3,3
Mereyna,0,3,3
Merfait,0,3,3
Merfen,3,0,3
Merfin,3,0,3
Merfit,0,3,3
Mergathus,3,0,3
Mergela,0,3,3
Mergelino,3,0,3
Mergesa,0,3,3
Mèrghani,3,0,3
Merghrite,0,3,3
Mergi,3,0,3
Mergianni,3,0,3
Mërgime,0,3,3
Mergitha,0,3,3
Mergube,0,3,3
Mergül,0,3,3
Mergup,3,0,3
Mergyla,0,3,3
Merham,0,3,3
Merhauzghi,3,0,3
Merhawe,3,0,3
Merhida,0,3,3
Merhoe,0,3,3
Merhom,3,0,3
Merí,3,0,3
Meri-Lewa,0,3,3
Méria,0,3,3
Meriadette,0,3,3
Meriah,0,3,3
Mèriam,0,3,3
Mériam,0,3,3
Meriam-Erna,0,3,3
Meriama,0,3,3
Meriamelhuda,0,3,3
Meriamne,0,3,3
Meriane,0,3,3
Meriano,3,0,3
Meribam,0,3,3
Meribel,0,3,3
Mèrice,0,3,3
Merice,0,3,3
Mericesha,0,3,3
Mericiano,3,0,3
Mericio,3,0,3
Merico,3,0,3
Meridan,3,0,3
Meridian,0,3,3
Meridin,0,3,3
Mèrie,0,3,3
Merie-Ellen,0,3,3
Merie-Ellis,0,3,3
Merie-Jane,0,3,3
Meriehan,0,3,3
Meriejan,0,3,3
Meriek,0,3,3
Meriela,0,3,3
Merielaine,0,3,3
Meriëlla,0,3,3
Meriém,0,3,3
Mérien,0,3,3
Meriënzo,3,0,3
Merieshá,0,3,3
Merieta,0,3,3
Merignalda,0,3,3
Meriha,0,3,3
Meriham,0,3,3
Merihan,0,3,3
Merihşah,0,3,3
Merija,0,3,3
Merijean,0,3,3
Merijen,0,3,3
Mérijet,0,3,3
Merijkes,3,0,3
Mèrijn,3,0,3
Merijn-Jannick,3,0,3
Merijse,0,3,3
Mérikke,0,3,3
Meril,0,3,3
Merilaynis,0,3,3
Merildith,0,3,3
Merilee,0,3,3
Merilien,0,3,3
Merilinde,0,3,3
Merillio,3,0,3
Mèrillyo,3,0,3
Merimée,3,0,3
Merinas,0,3,3
Merines,3,0,3
Meringe,0,3,3
Meringenie,0,3,3
Merinka,0,3,3
Merinne,0,3,3
Merint,3,0,3
Merinya,0,3,3
Meriondy,3,0,3
Meriones,3,0,3
Merique,3,0,3
Mérique,0,3,3
Mèris,3,0,3
Mérisa,0,3,3
Merisanna,0,3,3
Merischa,0,3,3
Merisha,0,3,3
Mérisse,0,3,3
Mèrit,0,3,3
Merit-Aton,0,3,3
Merit-Rolinde,0,3,3
Meritchio,3,0,3
Meritciano,3,0,3
Meritia,0,3,3
Meritt,0,3,3
Meritta,0,3,3
Meritz,0,3,3
Merium,0,3,3
Meriyama,0,3,3
Meriye,0,3,3
Merjana,0,3,3
Merje,0,3,3
Merjeme,0,3,3
Merjen,0,3,3
Merjenne,0,3,3
Merjim,0,3,3
Merjorie,0,3,3
Merkan,3,0,3
Merkava,3,0,3
Merkeb,0,3,3
Merkjen,0,3,3
Merkna,0,3,3
Merko,3,0,3
Merkon,3,0,3
Merkube,0,3,3
Merlandi,0,3,3
Merle-Agnès,0,3,3
Merle-Luna,0,3,3
Merle-Marie,0,3,3
Merlean,0,3,3
Merlee,0,3,3
Mèrlene,0,3,3
Merlet,0,3,3
Merliande,0,3,3
Merliatie,0,3,3
Merlida,0,3,3
Merliena,0,3,3
Mèrlier,0,3,3
Merlijn-Jan,3,0,3
Merlijn-Lindelou,0,3,3
Merlijneke,0,3,3
Merlind,3,0,3
Merlinna,0,3,3
Merlion,3,0,3
Merlis,0,3,3
Merlisse,0,3,3
Merlita,0,3,3
Merlito,3,0,3
Merlivia,0,3,3
Merlly,0,3,3
Merlo,0,3,3
Merlotte,0,3,3
Merlow,3,0,3
Merlu,3,0,3
Merlyana,0,3,3
Merlynde,0,3,3
Merlyse,0,3,3
Merlysse,0,3,3
Mermah,0,3,3
Mernan,0,3,3
Mernardus,3,0,3
Mernella,0,3,3
Merneza,0,3,3
Mernha,0,3,3
Mernie,0,3,3
Mernik,3,0,3
Mernissa,0,3,3
Merno,3,0,3
Mernout,3,0,3
Merode,0,3,3
Meroe,0,3,3
Meroesjanovitsj,3,0,3
Meroeya,0,3,3
Meroleijn,0,3,3
Meroly,0,3,3
Mèron,0,3,3
Merona,0,3,3
Merone,0,3,3
Meroney,3,0,3
Meronia,0,3,3
Meronne,0,3,3
Merosa,0,3,3
Merose,0,3,3
Meroshany,0,3,3
Merou,0,3,3
Mérou,0,3,3
Merouchée,0,3,3
Merouschka,0,3,3
Meroushka,0,3,3
Mérove-Isabelle,0,3,3
Merovingian,3,0,3
Merpati,0,3,3
Merquenis,3,0,3
Merquerite,0,3,3
Merquiades,3,0,3
Merquinn,3,0,3
Merral,0,3,3
Merran,3,0,3
Merray,3,0,3
Mèrreaux,3,0,3
Merredi,0,3,3
Merredit,0,3,3
Merredy,0,3,3
Merregien,0,3,3
Merregreta,0,3,3
Merregritha,0,3,3
Merreile,0,3,3
Merreleen,0,3,3
Merrelijn,0,3,3
Merrelin-Lisa,0,3,3
Merreline,0,3,3
Merrelo,3,0,3
Merrenge,0,3,3
Merrewin,0,3,3
Merrgje,0,3,3
Merri-Lee,0,3,3
Merrian,3,0,3
Merric,3,0,3
Merridi,0,3,3
Merriël,0,3,3
Merrien,3,0,3
Merrifield,3,0,3
Merrik,3,0,3
Merrilliano,3,0,3
Merrillio,3,0,3
Merrilly,0,3,3
Merrillynn,0,3,3
Merrily,0,3,3
Merrio,0,3,3
Merrita,0,3,3
Merritje,0,3,3
Merro,3,0,3
Merrold,3,0,3
Merrón,3,0,3
Merrugia,0,3,3
Merry'n,0,3,3
Merry-Vania,0,3,3
Merryem,0,3,3
Merryjane,0,3,3
Merryska,0,3,3
Mersâ,0,3,3
Mérsa,0,3,3
Mersam,3,0,3
Mersan,0,3,3
Mersand,3,0,3
Mersany,0,3,3
Mersed,3,0,3
Mersedeh,0,3,3
Mersedy,3,0,3
Merselia,0,3,3
Merseliene,0,3,3
Merselin,0,3,3
Mersemino,3,0,3
Mersenne,3,0,3
Mersera,0,3,3
Mersey,3,0,3
Mersha,3,0,3
Mershano,3,0,3
Mersi,0,3,3
Mersid,3,0,3
Mersida,0,3,3
Mersinda,0,3,3
Mersita,0,3,3
Mersiye,0,3,3
Mersja,0,3,3
Merson,3,0,3
Mersoy,0,3,3
Mersy,0,3,3
Mert-Aptullah,3,0,3
Mert-Cem,3,0,3
Mert-Kazim,3,0,3
Mert-Koray,3,0,3
Mertan,3,0,3
Mertcân,3,0,3
Mertcem,3,0,3
Merteina,0,3,3
Merteld,0,3,3
Mertell,0,3,3
Merten-Michael,3,0,3
Merteren,3,0,3
Merthe-Marij,0,3,3
Merthijs,3,0,3
Merthilde,0,3,3
Merthyn,3,0,3
Mertico,3,0,3
Mertie,0,3,3
Mertiena,0,3,3
Mertijntje,0,3,3
Mertik,0,3,3
Mertise,0,3,3
Mertkaan,3,0,3
Mertkani,3,0,3
Mertkazim,3,0,3
Mertmusa,3,0,3
Merto-Liam,3,0,3
Mertsefa,3,0,3
Mertsoy,3,0,3
Mertta,0,3,3
Merttayip,3,0,3
Merttuğ,3,0,3
Mertxe,0,3,3
Meruan,3,0,3
Meruchen,3,0,3
Merujan,3,0,3
Meruldith,0,3,3
Merulena,0,3,3
Merunishya,0,3,3
Merushan,3,0,3
Merushanty,0,3,3
Merushe,0,3,3
Merushka,0,3,3
Meruvan,3,0,3
Merv,3,0,3
Mervada,3,0,3
Mervana,0,3,3
Mervani,3,0,3
Mervania,0,3,3
Mervano,3,0,3
Mervatte,0,3,3
Mervé,0,3,3
Merve-Esma,0,3,3
Merved,0,3,3
Merveille-Rachel,0,3,3
Mervelin,0,3,3
Mervelinio,3,0,3
Mervelisy,0,3,3
Mervelline,0,3,3
Merveo,3,0,3
Mervesena,0,3,3
Mervesu,0,3,3
Mervette,0,3,3
Merveyn,3,0,3
Mervie,0,3,3
Mervile,3,0,3
Mervillio,3,0,3
Mèrvin,3,0,3
Mervin-Jan,3,0,3
Mervin-Jason,3,0,3
Mervino,3,0,3
Mervion,3,0,3
Mervoeudi,3,0,3
Mervy,3,0,3
Mervylle,3,0,3
Mervyn-Christian,3,0,3
Mervyne,0,3,3
Merwah,0,3,3
Merwalda,0,3,3
Merwane,3,0,3
Merward,3,0,3
Merwat,0,3,3
Merwatie,0,3,3
Merways,3,0,3
Merweh,0,3,3
Merweth,0,3,3
Merx,3,0,3
Merxas,3,0,3
Mery-Ana,0,3,3
Mery-Ann,0,3,3
Mery-Dee,0,3,3
Mery-José,0,3,3
Mery-Lou,0,3,3
Mery-lou,0,3,3
Meryaam,0,3,3
Meryame,0,3,3
Meryana,0,3,3
Meryangeline,0,3,3
Meryantha,0,3,3
Merycristine,0,3,3
Meryel,0,3,3
Meryêm,0,3,3
Meryëm,0,3,3
Meryem-Leyla,0,3,3
Meryem-Roos,0,3,3
Meryemce,0,3,3
Meryeme,0,3,3
Meryen,0,3,3
Meryet,0,3,3
Meryglé,0,3,3
Meryhen,0,3,3
Meryjean,0,3,3
Meryke,0,3,3
Meryleen,0,3,3
Mérylèn,0,3,3
Merylies,0,3,3
Meryline,0,3,3
Merylou,0,3,3
Meryna,0,3,3
Meryne,0,3,3
Merynn,3,0,3
Merynthe,0,3,3
Merysa,0,3,3
Mérysa,0,3,3
Meryte,0,3,3
Meryth,0,3,3
Merzan,3,0,3
Merzane,0,3,3
Merzat,3,0,3
Merzufa,0,3,3
Merzziño,3,0,3
Mésa,0,3,3
Mesaäc,3,0,3
Mesaak,3,0,3
Mésach,3,0,3
Mesack,3,0,3
Mesaël,3,0,3
Mesafint,3,0,3
Mesah,0,3,3
Mesaiel,3,0,3
Meşale,0,3,3
Mesame,0,3,3
Mesan,3,0,3
Mesana,0,3,3
Mesaphina,0,3,3
Mesaque,3,0,3
Mesar,3,0,3
Mesawer,3,0,3
Mesaya,0,3,3
Mesbah,0,3,3
Mescala,0,3,3
Mescaliena,0,3,3
Mescaline,0,3,3
Meschac,3,0,3
Méschèr,0,3,3
Meschtilda,0,3,3
Mescud,3,0,3
Mesda,0,3,3
Mesdi,3,0,3
Mesdin,3,0,3
Mesdita,0,3,3
Mesegana,0,3,3
Meselech,0,3,3
Mesem,0,3,3
Mesere-Nyame,0,3,3
Meseret,0,3,3
Méserine,0,3,3
Mesfun,3,0,3
Mesgana,0,3,3
Mesh,3,0,3
Mesha,3,0,3
Meshal,3,0,3
Meshané,0,3,3
Meshanique,0,3,3
Meshano,3,0,3
Méshantely,0,3,3
Meshary,3,0,3
Meshay,3,0,3
Meshdey,3,0,3
Mésheeny,0,3,3
Meshel,0,3,3
Mésheley,0,3,3
Méshelle,0,3,3
Meshelle,0,3,3
Mesheret,0,3,3
Meshesha,3,0,3
Meshghan,0,3,3
Meshi,0,3,3
Meshieca,0,3,3
Meshika,0,3,3
Meshrif,3,0,3
Meshullam,0,3,3
Meşhur,3,0,3
Meshylah,0,3,3
Mesianica,0,3,3
Mesias,3,0,3
Mesie,0,3,3
Mésie,0,3,3
Mesiedel,0,3,3
Mesifa,0,3,3
Mesika,0,3,3
Mesilina,0,3,3
Mesim,3,0,3
Mesin,3,0,3
Mesirah,0,3,3
Mesire,0,3,3
Meskat,3,0,3
Meskel,0,3,3
Meskela,0,3,3
Meski,3,0,3
Meso,0,3,3
Mesoelam,3,0,3
Méson,3,0,3
Mesoud,3,0,3
Mespa,3,0,3
Mesrina,0,3,3
Mesrine,3,0,3
Mesruha,0,3,3
Messa,0,3,3
Messack,3,0,3
Messages,3,0,3
Messah,3,0,3
Messaiah,3,0,3
Messala,3,0,3
Messara,0,3,3
Messehm,0,3,3
Messelinia,0,3,3
Messella,0,3,3
Messeoud,3,0,3
Messi-Mata,3,0,3
Messiahs,3,0,3
Messica,0,3,3
Messieas,3,0,3
Messing,3,0,3
Messinio,3,0,3
Mestan,3,0,3
Mesticia,0,3,3
Mestiez,3,0,3
Mestinaz,0,3,3
Mestre,3,0,3
Mesture,0,3,3
Mesua,0,3,3
Mesuda,0,3,3
Mesüde,0,3,3
Mesudirie,0,3,3
Meşüre,0,3,3
Mesüre,0,3,3
Mesutcan,3,0,3
Mesuuryakanya,0,3,3
Meswin,0,3,3
Mesya,3,0,3
Mesziena,0,3,3
Met,3,0,3
MET,0,3,3
Mêta,0,3,3
Metakena,3,0,3
Metali,0,3,3
Metalisha,0,3,3
Metamaria,0,3,3
Metandriesa,0,3,3
Metanie,0,3,3
Metanja,0,3,3
Metantuan,3,0,3
Metanur,0,3,3
Metap,0,3,3
Métashi,0,3,3
Metashia,0,3,3
Metasja,0,3,3
Metaxe,0,3,3
Metcan,3,0,3
Metcha,0,3,3
Metchill,3,0,3
Metdinus,3,0,3
Mete-Kaan,3,0,3
Metehân,3,0,3
Metekan,3,0,3
Metelia,0,3,3
Metesayit,3,0,3
Mètez,3,0,3
Metgen,0,3,3
Metha-Ria,0,3,3
Methabel,0,3,3
Methaline,0,3,3
Methan,3,0,3
Methaniël,3,0,3
Methara,0,3,3
Metharda,0,3,3
Methasit,3,0,3
Methellijk,3,0,3
Metheny,3,0,3
Methera,0,3,3
Metheus,3,0,3
Methew,3,0,3
Methi,3,0,3
Methias,3,0,3
Methichai,3,0,3
Methiena,0,3,3
Methijda,0,3,3
Methildis,0,3,3
Methinie,0,3,3
Methiye,0,3,3
Methiyenur,0,3,3
Methjuw,3,0,3
Methley,3,0,3
Methlic,3,0,3
Methodi,3,0,3
Methu,3,0,3
Methusaël,3,0,3
Methusjalach,3,0,3
Metia,0,3,3
Metiara,0,3,3
Metie,0,3,3
Metija,0,3,3
Metilda,0,3,3
Métilde,0,3,3
Métin,3,0,3
Métine,0,3,3
Métis,3,0,3
Metis,0,3,3
Métisse,0,3,3
Metjério,3,0,3
Metlin,0,3,3
Metne,0,3,3
Meto,3,0,3
Metok,0,3,3
Méton,3,0,3
Metra,0,3,3
Metrecelli,0,3,3
Metresali,0,3,3
Metreseli,0,3,3
Metresely,0,3,3
Metressely,0,3,3
Metreza,0,3,3
Metric,3,0,3
Metriciano,3,0,3
Metrien,0,3,3
Metril,0,3,3
Metrissa,0,3,3
Metro,3,0,3
Metsale,3,0,3
Metsalé,3,0,3
Metsche,3,0,3
Metsenanat,0,3,3
Metskalina,0,3,3
Mettã,0,3,3
Mettabel,0,3,3
Mettanja,0,3,3
Mettari,3,0,3
Mettavihari,3,0,3
Mette-Anne,0,3,3
Mette-Fleur,0,3,3
Mette-Line,0,3,3
Mette-Lise,0,3,3
Mette-Liss,0,3,3
Mette-Lynn,0,3,3
Mette-Maartje,0,3,3
Mette-Maj,0,3,3
Mette-mare,0,3,3
Mette-Maren,0,3,3
Mette-Marie,0,3,3
Mette-Marije,0,3,3
Mette-Marilou,0,3,3
Mette-Marith,0,3,3
Mette-Marrit,0,3,3
Mette-Merit,0,3,3
Mette-Mijs,0,3,3
Mette-Mylène,0,3,3
Mette-Rosa,0,3,3
Mette-Sofie,0,3,3
Mette-Sophie,0,3,3
Mettele,0,3,3
Mettelise,0,3,3
Mettemijs,0,3,3
Metten-King,3,0,3
Mettes,3,0,3
Metteson,3,0,3
Metteus,3,0,3
Metthea,0,3,3
Metthilda,0,3,3
Metthina,0,3,3
Metthine,0,3,3
Metthy,0,3,3
Metti,3,0,3
Mettiennus,3,0,3
Mettineke,0,3,3
Mettissa,0,3,3
Mettjen,0,3,3
Mettle,3,0,3
Mettonnis,3,0,3
Mettou,0,3,3
Mettsje,0,3,3
Metuamoeroa,3,0,3
Metusah,3,0,3
Metusaleh,3,0,3
Metüsalem,3,0,3
Metush,3,0,3
Metwali,3,0,3
Metzie,0,3,3
Metzn,3,0,3
Metztli,0,3,3
Meu,0,3,3
Méuget,0,3,3
Meulidiye,0,3,3
Meungel,3,0,3
Meurat,3,0,3
Meuriël,0,3,3
Meurwien,3,0,3
Meurwin,3,0,3
Meuryahro,3,0,3
Méus,3,0,3
Meus,3,0,3
Meuthia,0,3,3
Mevana,0,3,3
Mévana,0,3,3
Mevde,0,3,3
Mevea,0,3,3
Meveddet,0,3,3
Meveline,0,3,3
Meverly,0,3,3
Meves,3,0,3
Mevi-Jera,0,3,3
Mevie,0,3,3
Mevil,3,0,3
Mevilde,0,3,3
Meviza,0,3,3
Mevkin,3,0,3
Mevlane,3,0,3
Mevljude,0,3,3
Mevlud,3,0,3
Mevlüda,0,3,3
Mevludiya,0,3,3
Mevlût,3,0,3
Mevlūt,3,0,3
Mevlütcan,3,0,3
Mevorach,3,0,3
Mevrille,3,0,3
Mevşüre,0,3,3
Mewadat,0,3,3
Mewaele,3,0,3
Mewail,3,0,3
Mewand,3,0,3
Méwe,0,3,3
Mewe,3,0,3
Meweska,0,3,3
Mewlin,3,0,3
Mewlut,3,0,3
Mewrenm,0,3,3
Mews,3,0,3
Mexcer,3,0,3
Mexdy,3,0,3
Mexhit,3,0,3
Mexi-Kay,0,3,3
Mexi-Louise,0,3,3
Mexicano,3,0,3
Mexima,0,3,3
Mèxime,0,3,3
Mexley,3,0,3
Mexme,0,3,3
Mexoe,0,3,3
Méxx,3,0,3
Mexxime,0,3,3
Mexxmiliano,3,0,3
Mexzley,3,0,3
Mey'ron,3,0,3
Mey-lan,0,3,3
Mey-Lie,0,3,3
Mey-Linn,0,3,3
Mey-Lynn,0,3,3
Mey-Rose,0,3,3
Mey-Ying,0,3,3
Mey-Yung,0,3,3
Meya-Roos,0,3,3
Meyada,0,3,3
Meyade,3,0,3
Meyaf,0,3,3
Meyali,0,3,3
Méyami,0,3,3
Meyamien,0,3,3
Meyani,0,3,3
Méyano,3,0,3
Meyareame,0,3,3
Meyaro,3,0,3
Meyaz,3,0,3
Meychi,0,3,3
Meycke,0,3,3
Meycken,0,3,3
Meydhane,3,0,3
Meydi,0,3,3
Meydin,3,0,3
Meyel,3,0,3
Méyenna,0,3,3
Meyghan,0,3,3
Meyha,0,3,3
Meyhan,0,3,3
Meyhuda,0,3,3
Meyi,0,3,3
Meyike,0,3,3
Meyirem,0,3,3
Meyisha,0,3,3
Meyk,3,0,3
Meyke-Marlijn,0,3,3
Meykel,3,0,3
Meyken,0,3,3
Meylan,0,3,3
Meyle,3,0,3
Meylee,0,3,3
Meylicah,0,3,3
Meylina,0,3,3
Meylinde,0,3,3
Meyline,0,3,3
Méylinn,0,3,3
Meylis,3,0,3
Meylissa,0,3,3
MeyMey,0,3,3
Meymouna,0,3,3
Meymude,0,3,3
Meymuuna,0,3,3
Meyna,0,3,3
Meynald,3,0,3
Meynart-Jim,3,0,3
Meyne,3,0,3
Meyno,0,3,3
Meynouw,0,3,3
Meynouwtje,0,3,3
Meynt,3,0,3
Meynte,3,0,3
Meyo,3,0,3
Meyonda,0,3,3
Meyou,0,3,3
Méyourim,3,0,3
Meyoyo,0,3,3
Meyra-Su,0,3,3
Meyrah,0,3,3
Meyranur,0,3,3
Meyree,0,3,3
Meyriban,0,3,3
Meyrick,3,0,3
Meyrina,0,3,3
Meyro,3,0,3
Meyrthel,0,3,3
Meyrune,0,3,3
Meysara,0,3,3
Meysarah,0,3,3
Meyse,0,3,3
Meyselina,0,3,3
Meysera,0,3,3
Meyshem,3,0,3
Meysje,0,3,3
Meyske,0,3,3
Meyssam,0,3,3
Meytal,0,3,3
Meytap,0,3,3
Meyte,0,3,3
Meythe,0,3,3
Meytun,0,3,3
Meywa,0,3,3
Meyzin,3,0,3
Meyzuun,0,3,3
Mezaäc,3,0,3
Mezaach,3,0,3
Mezaak,3,0,3
Mezalina,0,3,3
Mezard,3,0,3
Mezda,0,3,3
Mezdod,3,0,3
Mezdolien,0,3,3
Mezelina,0,3,3
Mezengie,3,0,3
Mezghan,0,3,3
Mezhia,0,3,3
Meziane,3,0,3
Mezide,0,3,3
Mezihe,0,3,3
Mezin,3,0,3
Mezinho,3,0,3
Mezinio,3,0,3
Mezir,3,0,3
Meziyyet,0,3,3
Mezjda,3,0,3
Mezjdah,0,3,3
Mezo,3,0,3
Mezsi,0,3,3
Mezut,3,0,3
Mezyona,0,3,3
Mezzana,3,0,3
Mezzi,3,0,3
Mezzo,3,0,3
Mfalme,3,0,3
MFB,0,3,3
MFI,0,3,3
MFP,0,3,3
MFR,0,3,3
Mfreke,3,0,3
MGAH,0,3,3
Mgarik,3,0,3
Mgbeke,0,3,3
MGG,0,3,3
MGH,3,0,3
MGM,0,3,3
Mgozie,0,3,3
Mgussa,0,3,3
MGW,0,3,3
Mha,0,3,3
Mhadi,3,0,3
Mhadison,0,3,3
Mhael,0,3,3
Mhairy,0,3,3
Mhaish,3,0,3
Mhaméd,3,0,3
Mhamied,3,0,3
Mhammed,3,0,3
Mhan,3,0,3
Mhara,0,3,3
Mharaia,0,3,3
Mharieke,0,3,3
Mharina,0,3,3
Mharinda,0,3,3
Mharjherie,0,3,3
Mhark,3,0,3
Mhatilda,0,3,3
Mhatsarëlla,0,3,3
MHB,0,3,3
MHC,0,3,3
Mhdi,3,0,3
Mhè-al,3,0,3
Mheb,3,0,3
Mheddox,3,0,3
Mhedi,3,0,3
Mhegda,0,3,3
Mheihiradj,3,0,3
Mhek,0,3,3
Mhender,3,0,3
Mhenze,3,0,3
Mhèr,3,0,3
Mheran,3,0,3
Mhey,0,3,3
Mhia,0,3,3
Mhiera,0,3,3
Mhijs,3,0,3
Mhill,3,0,3
Mhimdat,3,0,3
Mhina,0,3,3
Mhmd,3,0,3
Mhmoud,3,0,3
Mhodistha,0,3,3
Mhor,3,0,3
Mhorlin,0,3,3
Mhosen,3,0,3
Mhozess,3,0,3
MHR,0,3,3
Mhulay,0,3,3
Mhun,0,3,3
Mhway,0,3,3
Mhylo,3,0,3
Mhyron,3,0,3
Mhyrte,0,3,3
Mhysa,0,3,3
Mhyzua,0,3,3
Mi',0,3,3
Mi'ami-Jeje,3,0,3
Mi'angel,0,3,3
Mi'chael,3,0,3
Mi'Jeannailys,0,3,3
Mi'Jeannelys,0,3,3
Mi'Jeenahly,0,3,3
Mi'jke,0,3,3
Mi'lady,0,3,3
Mi'nairo,3,0,3
Mi'shainely,0,3,3
Mi'Shaino,3,0,3
Mi'shairo,3,0,3
Mi'shanaily,0,3,3
Mi'shanayra,0,3,3
Mi-Ah,0,3,3
Mi-Alicia,0,3,3
Mi-angel,3,0,3
Mi-Au,0,3,3
Mì-Chén,0,3,3
Mi-Gaëllo,3,0,3
Mi-Hyun,0,3,3
Mi-Jaime,0,3,3
Mi-jaylano,3,0,3
Mi-Jaynis,0,3,3
Mi-Jayshanny,0,3,3
Mi-Jeanelly,0,3,3
Mi-Jeanne,0,3,3
Mi-Jeannette,0,3,3
Mi-Jella,0,3,3
Mi-Jerte,0,3,3
Mi-Jethsca,0,3,3
Mi-Jin,0,3,3
Mi-Jolino,3,0,3
Mi-Kayy,3,0,3
Mi-Keyla,0,3,3
Mi-keyla,0,3,3
Mi-king,3,0,3
Mi-la,0,3,3
Mi-lai,0,3,3
Mi-Lan,0,3,3
Mi-Lec,3,0,3
Mi-Leng,0,3,3
Mi-mi,0,3,3
Mi-Ok,0,3,3
Mi-primera,0,3,3
Mi-Shody,0,3,3
Mi-Sun,0,3,3
Mi-xiar-sheny,0,3,3
Mi-Yee,0,3,3
Mi-Yoen,0,3,3
Mi-Zhi,0,3,3
Mi-zjönee,0,3,3
Mïa,0,3,3
Mia-Angely,0,3,3
Mia-Aria,0,3,3
Mia-Claire,0,3,3
Mia-Jane,0,3,3
Mía-Joli,0,3,3
Mia-Jolie,0,3,3
Mia-Juliana,0,3,3
Mia-Kayleigh,0,3,3
Mia-lane,0,3,3
Mia-Lilly,0,3,3
Mia-Lou,0,3,3
Mia-Madeleine,0,3,3
Mia-Mai,0,3,3
Mia-Maria,0,3,3
Mia-Paige,0,3,3
Mía-Reneé,0,3,3
Mia-Rosa,0,3,3
Mia-Rose,0,3,3
Mia-Sofia,0,3,3
Mia-Sophie,0,3,3
Mia-Summer,0,3,3
Miaa,0,3,3
Miacheal,3,0,3
Miad,3,0,3
Miada,0,3,3
Miadora,0,3,3
Miah-Jade,0,3,3
Miaisa,0,3,3
Miaixxa,0,3,3
Miakel,3,0,3
Mial,3,0,3
Miala,3,0,3
Mìalana,0,3,3
Mialee,0,3,3
Mialéne,0,3,3
Mialène,0,3,3
Mialiana,0,3,3
Mialma,0,3,3
Miamaria,0,3,3
Miamay,0,3,3
Miamee,0,3,3
Miamo,0,3,3
Mianaïsa,0,3,3
Mianchello,3,0,3
Mianda,0,3,3
Miandro,3,0,3
Miané,0,3,3
Miang,0,3,3
Miangel,0,3,3
Miangelica,0,3,3
Miangèll,0,3,3
Mianou,0,3,3
Miantha,0,3,3
Mianthely,0,3,3
Mianu,0,3,3
Mianwi,0,3,3
Miaohan,0,3,3
Miaoling,0,3,3
Miaoshan,0,3,3
Miareina,0,3,3
Miarisa,0,3,3
Miarissa,0,3,3
Miariza,0,3,3
Miarrah,0,3,3
Miasarah,0,3,3
Miashanti,0,3,3
Miashara,0,3,3
Miasoly,0,3,3
Miassa,0,3,3
Miasuty,0,3,3
Miata,0,3,3
Miatka,0,3,3
Miaux,3,0,3
Miaw,0,3,3
Miawi,3,0,3
Mibet,0,3,3
Mibeth,0,3,3
Mibette,0,3,3
MIC,0,3,3
Mica-Jones,0,3,3
Micaad,3,0,3
Micaèla,0,3,3
Micaéla,0,3,3
Micaëllo,3,0,3
Micahela,0,3,3
Micaï,3,0,3
Micaias,3,0,3
Micaías,3,0,3
Micaila,0,3,3
Micaïlla,0,3,3
Micaïn,3,0,3
Micainchel,3,0,3
Micaiyah,3,0,3
Micajah,3,0,3
Mical-Mehari,0,3,3
Micalle,0,3,3
Micandra,0,3,3
Micara,0,3,3
Micawbe,3,0,3
Miccah,3,0,3
Miccailla,0,3,3
Miccay,3,0,3
Miccelle,0,3,3
Micci,0,3,3
Micco,3,0,3
Miceayla,0,3,3
Micelo,3,0,3
Micennsyo,3,0,3
Micentely,0,3,3
Miceo,3,0,3
Micguëll,3,0,3
Mich-Laiza,0,3,3
Michá,3,0,3
Micha-Sem,3,0,3
Micha-Sven,3,0,3
Michaäl,0,3,3
Michadelly,0,3,3
Michadiën,3,0,3
Michae,0,3,3
Michaeel,3,0,3
Michaeil,3,0,3
MIchaël,3,0,3
Míchael,3,0,3
Michâel,3,0,3
Michàel,3,0,3
Michael'JR,3,0,3
Michael-Angello,3,0,3
Michael-Anthonie,3,0,3
Michael-Arjan,3,0,3
Michael-Ben,3,0,3
Michael-Christopher,3,0,3
Michael-Dana,0,3,3
Michael-Daniël,3,0,3
Michael-Daniel,3,0,3
Michael-Dennis,3,0,3
Michael-Djean,3,0,3
Michael-Fabian,3,0,3
Michael-Gavin,3,0,3
Michaël-Hendrikus,3,0,3
Michael-hendry,3,0,3
Michael-Hizkía,3,0,3
Michael-Jamy,3,0,3
Michael-Jayden,3,0,3
Michael-Johan,3,0,3
Michael-Jon,3,0,3
Michael-Junior,3,0,3
Michaël-Kayden,3,0,3
Michael-Keith,3,0,3
Michaël-Laurens,3,0,3
Michaël-Martin,3,0,3
Michael-Oliver,3,0,3
Michael-Omer,3,0,3
Michael-Pat,3,0,3
Michael-Paul,3,0,3
Michael-Randy,3,0,3
Michael-Robbert,3,0,3
Michael-Roël,3,0,3
Michaël-Stephan,3,0,3
Michael-Wilhelm,3,0,3
Michäela,0,3,3
Michaêla,0,3,3
Micháela,0,3,3
Michaela-Angelo,3,0,3
Michaela-Rose,0,3,3
Michaelan,3,0,3
Michaéle,0,3,3
Michaèle,0,3,3
Michaëles,3,0,3
Michaeli,0,3,3
Michaelie,0,3,3
Michäeline,0,3,3
Michaelino,3,0,3
Michaêlis,3,0,3
Michaelius,3,0,3
Michaèlla,0,3,3
Michaella-Sophie,0,3,3
Michäelle,0,3,3
Michaelli,0,3,3
Michaëllo,3,0,3
Michaello,3,0,3
Michaëlly,0,3,3
Michaélo,0,3,3
Michaelovich,3,0,3
Michaëlovna,0,3,3
Michaels,3,0,3
Michaelsen,3,0,3
Michaëlson,3,0,3
Michaelszoon,3,0,3
Michaelu,0,3,3
Michaëlya,0,3,3
Michaelyn,0,3,3
Michaelys,0,3,3
Michaëndra,0,3,3
Michaengely,0,3,3
Michaeya,0,3,3
Michahella,0,3,3
Michaï,3,0,3
Michaidy,0,3,3
Michaiël,3,0,3
Michaïel,3,0,3
Michaiëlla,0,3,3
Michäil,3,0,3
Michailawitsch,3,0,3
Michailena,0,3,3
Michaili,3,0,3
Michailique,0,3,3
Michailja,0,3,3
Michaïlo,3,0,3
Michailovich,3,0,3
Michailovna,0,3,3
Michailow,3,0,3
Michaily,3,0,3
Michaina,0,3,3
Michaineli,0,3,3
Michainely,0,3,3
Michaino,3,0,3
Michairo,3,0,3
Michaïro,3,0,3
Michairyson,3,0,3
Michaiyah,3,0,3
Michajlo,3,0,3
Michaľ,3,0,3
Michal-Louk,3,0,3
Michal-Milan,3,0,3
Michalda,0,3,3
Micháli,3,0,3
Michalies,0,3,3
Michalin,0,3,3
Michális,3,0,3
Michall,3,0,3
Michallano,3,0,3
Michally,3,0,3
Michálus,3,0,3
Michamara,0,3,3
Michamed,3,0,3
Michana,0,3,3
Michandric,3,0,3
Michané,0,3,3
Michanella,0,3,3
Michanelson,3,0,3
Michantelie,0,3,3
Michantteley,0,3,3
Michanty,0,3,3
Michanu,0,3,3
Michany,0,3,3
Michaq,3,0,3
Michard,3,0,3
Michardall,3,0,3
Michariene,0,3,3
Micharina,0,3,3
Micharona,0,3,3
Michart,3,0,3
Michaś,3,0,3
Michaundo,3,0,3
Michaya,0,3,3
Michayah,3,0,3
Michayel,3,0,3
Michaylla,0,3,3
Michaynelly,0,3,3
Miche,3,0,3
Miché,0,3,3
Micheãl,3,0,3
Michèal,3,0,3
Michéal,3,0,3
Micheal-angelo,3,0,3
Micheal-Angelo,3,0,3
Michéala,0,3,3
Michealan,3,0,3
Michealey,0,3,3
Michealia,0,3,3
Micheällah,0,3,3
Micheandrew,3,0,3
Michee,3,0,3
Micheël,3,0,3
Micheil,3,0,3
Micheila,0,3,3
Micheilla,0,3,3
Mïchel,3,0,3
Michel'le,0,3,3
Michel-Alberto-Joshua,3,0,3
Michel-André,3,0,3
Michel-Angello,3,0,3
Michel-Don,3,0,3
Michel-Dornstedt,3,0,3
Michel-Gaspard,3,0,3
Michel-Henri,3,0,3
Michel-Henrice,3,0,3
Michel-Henry,3,0,3
Michèl-Hubèrt,3,0,3
Michel-Jean,3,0,3
Michel-Laurent,3,0,3
Michel-Leny,0,3,3
Michel-Léon,3,0,3
Michel-Mario,3,0,3
Michèl-Mathieu,3,0,3
Michel-Mathijs,3,0,3
Michel-Nigel,3,0,3
Michel-Philipe,3,0,3
Michel-Pierre,3,0,3
Michel-Pieter,3,0,3
Michel-Robert,3,0,3
Michèl-Sebastiaan,3,0,3
Michel-Valentijn,3,0,3
Michel-Xianno,3,0,3
Michëla,0,3,3
Michelainy,0,3,3
Michelange,3,0,3
Michelangel,3,0,3
Michelangeli,3,0,3
Michelangelli,3,0,3
Michelañgelo,3,0,3
Michelangomar,3,0,3
Michelanie,0,3,3
Michelda,0,3,3
Michèlè,0,3,3
Michelè,0,3,3
Michèle-Anne,0,3,3
Michèle-Jane,0,3,3
Micheleiny,0,3,3
Michelèla,0,3,3
Michelena,0,3,3
Michelene,0,3,3
Michelette,0,3,3
Michéli,0,3,3
Michélia,0,3,3
Michelice,0,3,3
Michelie,0,3,3
Micheliena,0,3,3
Micheliene,0,3,3
Micheliënne,0,3,3
Michèlina,0,3,3
Michéline,0,3,3
Michèline,0,3,3
Michellaca,3,0,3
Michellano,3,0,3
Michellè,0,3,3
Michelle-Angela,0,3,3
Michelle-Angelo,3,0,3
Michelle-Carola,0,3,3
Michelle-Charlotte,0,3,3
Michelle-Fleur,0,3,3
Michelle-Hélène,0,3,3
Michelle-Hermien,0,3,3
Michelle-Ietje,0,3,3
Michelle-Janisa,0,3,3
Michelle-Jo-Anna,0,3,3
Michelle-Lee-Ann,0,3,3
Michelle-Mara,0,3,3
Michelle-Maree,0,3,3
Michelle-Marie,0,3,3
Michèlle-Rose,0,3,3
Michelle-Sidney,0,3,3
Michelle-Sofie,0,3,3
Michellea,0,3,3
Michelléon,3,0,3
Michelles,3,0,3
Michelliene,0,3,3
Michellinie,0,3,3
Michellino,3,0,3
Michellinus,3,0,3
Michelliny,0,3,3
Michelliza,0,3,3
Michellle,0,3,3
Michéllo,3,0,3
Michellyne,0,3,3
Michelnaily,0,3,3
Michelra,0,3,3
Michels,0,3,3
Michelsey,0,3,3
Michelta,0,3,3
Micheltje,3,0,3
Michelus,3,0,3
Michély,0,3,3
Michenco,3,0,3
Michende,3,0,3
Michëndel,3,0,3
Michendia,0,3,3
Michendrey,3,0,3
Michène,0,3,3
Michenela,0,3,3
Michenella,0,3,3
Michenelly,0,3,3
Micheng,3,0,3
Michenique,0,3,3
Michènne,0,3,3
Michennelly,0,3,3
Michenoe,0,3,3
Michenoelle,3,0,3
Michensly,3,0,3
Michentaly,0,3,3
Michenu,0,3,3
Micheny,0,3,3
Micheralda,0,3,3
Micherelfa,0,3,3
Micherely,0,3,3
Micherensca,0,3,3
Micherjen,0,3,3
Micherleyney,0,3,3
Micherneli,0,3,3
Micherrello,3,0,3
Micherro,3,0,3
Micheye,0,3,3
Micheyene,0,3,3
Micheyla,0,3,3
Michéyneli,0,3,3
Michgel,3,0,3
Michgelina,0,3,3
Michial,3,0,3
Michialle,0,3,3
Michiano,3,0,3
Michianty,0,3,3
Michiea,0,3,3
Michiel-Adriaan,3,0,3
Michiel-Alexander,3,0,3
Michiël-Angelo,3,0,3
Michiel-Gerard,3,0,3
Michiel-Hubert,3,0,3
Michiel-Jan,3,0,3
Michiel-Peter,3,0,3
Michiel-Pieter,3,0,3
Michiel-René,3,0,3
Michiel-Roeland,3,0,3
Michiel-Willem,3,0,3
Michiel-Xander,3,0,3
Michieldis,0,3,3
Michielien,0,3,3
Michiélla,0,3,3
Michielles,3,0,3
Michiellina,0,3,3
Michiellis,3,0,3
Michiels,3,0,3
Michiëna,0,3,3
Michigan,3,0,3
Michika,0,3,3
Michikinokwa,0,3,3
Michila,0,3,3
Michiline,0,3,3
Michira,0,3,3
Michishana,0,3,3
Michiyano,3,0,3
Michje,0,3,3
Michka,3,0,3
Michlien,0,3,3
Michliene,0,3,3
Michlor,3,0,3
Michniek,3,0,3
Michno,3,0,3
Michoe,0,3,3
Michón,3,0,3
Michone,0,3,3
Michos,0,3,3
Michrailey,0,3,3
Michri,3,0,3
Michris,3,0,3
Michsandro,3,0,3
Michseviyen,3,0,3
Michtell,3,0,3
Michtilda,0,3,3
Michus,3,0,3
Michya,3,0,3
Michyen,0,3,3
Miči,0,3,3
Miciaça,0,3,3
Miciel,3,0,3
Micil,3,0,3
Micilia,0,3,3
Mick-Ryan,3,0,3
Mickado,0,3,3
Mickaeas,3,0,3
Mickaéla,0,3,3
Mickäelle,0,3,3
Mickah,0,3,3
Mickai,3,0,3
Mickaiel,3,0,3
Mickail,3,0,3
Mickailley,0,3,3
Mickayela,0,3,3
Mickeala,0,3,3
Mickealson,3,0,3
Mickee-June,0,3,3
Mickeel,3,0,3
Mickeely,0,3,3
Mickèl,3,0,3
Mickel-Guy,3,0,3
Mickel-John,3,0,3
Mickel-Tahitoa,3,0,3
Mickéla,0,3,3
Mickele,3,0,3
Mickeline,0,3,3
Mickèy,0,3,3
Mickey-Lee,3,0,3
Mickey-Li,0,3,3
Mickey-Mae,0,3,3
Mickeyas,3,0,3
Mickhaël,3,0,3
Mickhi,3,0,3
Mickianus,3,0,3
Mickij,3,0,3
Mickkel,3,0,3
Mickly,3,0,3
Mickolai,3,0,3
Mickuela,0,3,3
Micky-Ann,0,3,3
Micky-Bo,0,3,3
Micky-J,0,3,3
Micky-Jo,3,0,3
Mickye,0,3,3
Miclara,0,3,3
Micle,3,0,3
Miclos,3,0,3
Micolas,3,0,3
Micole,0,3,3
Micolette,0,3,3
Micolina,0,3,3
Micolo,3,0,3
Micor,3,0,3
Micos,3,0,3
Miçou,0,3,3
Micoyan,3,0,3
Micqueila,0,3,3
Micquito,3,0,3
Micraaj,3,0,3
Micviëne,0,3,3
Midajah,0,3,3
Midala,0,3,3
Midasha,3,0,3
Midaysha,0,3,3
Midchell,3,0,3
Middy,0,3,3
Midée,0,3,3
Mideeny,3,0,3
Midelyilo,3,0,3
Midencio,3,0,3
Midgard,0,3,3
Midget,3,0,3
Midhad,3,0,3
Midhat,3,0,3
Midhaysa,3,0,3
Midhaysitu,0,3,3
Midhun,0,3,3
Midia,0,3,3
Midiëla,0,3,3
Midifa,0,3,3
Midina,0,3,3
Midj,0,3,3
Midlène,0,3,3
Midnight,3,0,3
Midoen,3,0,3
Midoli,0,3,3
Midomiton,0,3,3
Midon,3,0,3
Midor,3,0,3
Midorie,0,3,3
Midoury,0,3,3
Midrona,0,3,3
Midry,0,3,3
Midun,3,0,3
Midunan,3,0,3
Midushy,0,3,3
Midwinter,0,3,3
Midy,3,0,3
Mie-Leng,0,3,3
Mie-Sjië,0,3,3
Miebetje,0,3,3
Miecaèla,0,3,3
Miecendric,3,0,3
Miechael,3,0,3
Miechal,3,0,3
Miechanoe,0,3,3
Miecheliena,0,3,3
Miechella,0,3,3
Miecislaus,3,0,3
Mieciu,3,0,3
Mieck,3,0,3
Miecke,0,3,3
Mieckéle,3,0,3
Mieczijslaw,3,0,3
Mieczusvaw,3,0,3
Mieczyslas,3,0,3
Mieczyslewa,0,3,3
Mieczystaw,3,0,3
Miedia,0,3,3
Miegel,3,0,3
Miehad,3,0,3
Miejan,0,3,3
Miejé,0,3,3
Miejel,0,3,3
Miejen,0,3,3
Miejerro,3,0,3
Miejke,0,3,3
Miejonieka,0,3,3
Miekaéla,0,3,3
Miekash,3,0,3
Miekatrien,0,3,3
Miekayla,0,3,3
Mieke-An,0,3,3
Mieke-Ann,0,3,3
Mieke-Janine,0,3,3
Mieke-Julie,0,3,3
Mieke-Lies,0,3,3
Miekeéla,0,3,3
Miekèl,3,0,3
Miekéla,0,3,3
Miekelien,0,3,3
Miekeline,0,3,3
Miekelle,0,3,3
Miekelot,0,3,3
Mieken,0,3,3
Miekenel,0,3,3
Miekensha,0,3,3
Miekesch,0,3,3
Mieketrien,0,3,3
Miekwell,3,0,3
Miël,0,3,3
Mièl-Tiko,3,0,3
Miëla,0,3,3
Mielana,0,3,3
Mielando,3,0,3
Mielard,3,0,3
Mielasläv,3,0,3
Mielco,3,0,3
Mieldo,3,0,3
Mieldor,3,0,3
Mieldreth,0,3,3
Mielene,0,3,3
Mielennah,0,3,3
Mielensha,0,3,3
Mielgo,0,3,3
Mielie,0,3,3
Mielina,0,3,3
Mieljo,3,0,3
Miëll,0,3,3
Mielle,0,3,3
Miellyn,0,3,3
Mielotte,0,3,3
Mielou,0,3,3
Miëls,0,3,3
Miëlske,0,3,3
Mielus,3,0,3
Miemar,3,0,3
Miemke,0,3,3
Miems,0,3,3
Miemske,0,3,3
mien,3,0,3
Mien-Khjong,3,0,3
Mienakhsie,0,3,3
Mienakshie,0,3,3
Mienald,3,0,3
Mienawatie,0,3,3
Mienaxhi,0,3,3
Mienchelle,0,3,3
Miencke,0,3,3
Mienco,3,0,3
Miene-Marthe,0,3,3
Mieneken,0,3,3
Mienel,0,3,3
Mienël,0,3,3
Mienell,0,3,3
Mienelle,0,3,3
Mienelly,0,3,3
Mienet,0,3,3
Mieng,0,3,3
Mienge,0,3,3
Miengske,0,3,3
Mienij,0,3,3
Mienique,0,3,3
Mienjo,0,3,3
Mienne,0,3,3
Miënne,0,3,3
Mienneke,0,3,3
Miennoeska,0,3,3
Miennus,3,0,3
Mienny,3,0,3
Mienoe,0,3,3
Mienoergia,0,3,3
Mienouk,0,3,3
Mienousch,0,3,3
Miènsa,3,0,3
Miënsa,0,3,3
Miense,3,0,3
Miënt,3,0,3
Miënte,0,3,3
Mientji,0,3,3
Mienuk,3,0,3
Mienwatie,0,3,3
Mieppy,0,3,3
Mieps,0,3,3
Mieqwella,0,3,3
Mierabel,0,3,3
Mieran,3,0,3
Mierel,0,3,3
Miereyt,0,3,3
Mieria,0,3,3
Mierijn,0,3,3
Mierjam,0,3,3
Mierla,0,3,3
Mierna,0,3,3
Miëro,3,0,3
Mierwais,3,0,3
Mieryam,0,3,3
Mierye,0,3,3
Mies-Alice,0,3,3
Mies-Milou,0,3,3
Miesa,0,3,3
Miesanne,0,3,3
Mieshana,0,3,3
Mieshel,3,0,3
Mieshelle,0,3,3
Mieshka,0,3,3
Miesj,3,0,3
Miesradha,0,3,3
Miessaisha,0,3,3
Miessie,0,3,3
Mietago,3,0,3
Mietchel,3,0,3
Mietcie,0,3,3
Mietec,3,0,3
Mietek,3,0,3
Miethèse,0,3,3
Mietilda,0,3,3
Mietjen,0,3,3
Miëtka,0,3,3
Mietrasing,3,0,3
Mietrasingh,3,0,3
Mietse,0,3,3
Mietske,0,3,3
Mietsos,3,0,3
Miètta,0,3,3
Miette,0,3,3
Miettie,0,3,3
Miety-Marleen,0,3,3
Mietz,0,3,3
Mietzel,0,3,3
Mietzi,0,3,3
Mietzie,0,3,3
Mietzy,0,3,3
Mieuw,0,3,3
Miezah,3,0,3
Miezan,3,0,3
Mieze,0,3,3
Miezelette,0,3,3
Miezi,0,3,3
Miezu,0,3,3
Mifeni,3,0,3
Mifhaël,3,0,3
Mifrah,0,3,3
Miftah,3,0,3
Migaéla,0,3,3
Migaëli,0,3,3
Migaéli,0,3,3
Migaella,0,3,3
Migah,3,0,3
Migaila,0,3,3
Migainza,0,3,3
Migairo,3,0,3
Migaisha,0,3,3
Migak,0,3,3
Migalios,3,0,3
Migalis,3,0,3
Migalito,3,0,3
Migalla,0,3,3
Migand,3,0,3
Migato,3,0,3
Migaysha,0,3,3
Migchielda,0,3,3
Migdal,0,3,3
Migdonio,3,0,3
Migdonius,3,0,3
Migéal,3,0,3
Migealley,0,3,3
Miĝel,3,0,3
Migela,0,3,3
Migelangelo,3,0,3
Migelda,0,3,3
Migelica,0,3,3
Migelina,0,3,3
Migella,0,3,3
Migelle,0,3,3
Migelvio,3,0,3
Migena,0,3,3
Migenia,0,3,3
Migèra,3,0,3
Migermelina,0,3,3
Migésa,0,3,3
Migëul,3,0,3
Migeule,3,0,3
Miggelina,0,3,3
Miggisha,0,3,3
Migguell,3,0,3
Mighaéla,0,3,3
Mighäil,0,3,3
Mighal,0,3,3
Mighalle,0,3,3
Mighar,3,0,3
Mighela,0,3,3
Mighendry,3,0,3
Mighuel,3,0,3
Migi,0,3,3
Migianti,0,3,3
Migiejensa,0,3,3
Migil,3,0,3
Migilon,3,0,3
Migirdic,3,0,3
Migisha,0,3,3
Migjon,0,3,3
Migl,3,0,3
Miglė,0,3,3
Miglennjaydion-Nazairenicandros,3,0,3
Miglenshela,0,3,3
Miglia,0,3,3
Miglionely,0,3,3
Mignette,0,3,3
Migñon,0,3,3
Mignone,0,3,3
Migonneke,0,3,3
Migouëlle,3,0,3
Migoza,0,3,3
Migré,0,3,3
Migrét,0,3,3
Miguar,3,0,3
Miguasha,0,3,3
Migueas,3,0,3
Miguêl,3,0,3
Migüel,3,0,3
Miguel-angel,3,0,3
Miguel-Angelo,3,0,3
Miguel-Ernesto,3,0,3
Miguel-Ferdinand,3,0,3
Miguelagel,3,0,3
Miguelaine,0,3,3
Migueli,3,0,3
Miguelia,0,3,3
Miguelijien,0,3,3
Miguëll,3,0,3
Miguellina,0,3,3
Miguellinho,3,0,3
Miguellitto,3,0,3
Miguelson,3,0,3
Miguelya,0,3,3
Migueno,3,0,3
Miguer,3,0,3
Migui,3,0,3
Miguido,3,0,3
Miguoël,3,0,3
Migusto,3,0,3
Migwel,3,0,3
Migwella,0,3,3
Mihaël,3,0,3
Mihaele,0,3,3
Mihaélo,3,0,3
Mihaî,3,0,3
Mihaijlov,3,0,3
Mihaili,0,3,3
Mihailison,3,0,3
Mihaj,3,0,3
Mihajl,3,0,3
Mihalj,3,0,3
Mihaljo,3,0,3
Mihalo,3,0,3
Mihamed,3,0,3
Mihanda,3,0,3
Mihane,0,3,3
Mihangel,3,0,3
Miharoen,0,3,3
Mihaydrin,0,3,3
Mihaylenis,0,3,3
Mihaylie,0,3,3
Mihayrick,3,0,3
Mihayrik,3,0,3
Mihçen,0,3,3
Mihdi,3,0,3
Mihealy,0,3,3
Miheea,3,0,3
Mihel,3,0,3
Mihely,0,3,3
Mihemed,3,0,3
Mihi,0,3,3
Mihija,0,3,3
Mihijjha,0,3,3
Mihira,0,3,3
Mihiraaj,0,3,3
Mihiret,3,0,3
Mihkel,3,0,3
Mihlan,3,0,3
Mihlean,0,3,3
Mihlon,3,0,3
Mihman,0,3,3
Mihn,0,3,3
Mihola,0,3,3
Mihos,3,0,3
Mihovil,3,0,3
Mihr,3,0,3
Mihrab,3,0,3
Mihraj,3,0,3
Mihranur,0,3,3
Mihras,3,0,3
Mihray,0,3,3
Mihraz,3,0,3
Mihrban,0,3,3
Mihrengiz,0,3,3
Mihretab,3,0,3
Mihrie,0,3,3
Mihrilcan,0,3,3
Mihrisan,0,3,3
Mihrullah,3,0,3
Mihunka,3,0,3
Miir,3,0,3
Miira,0,3,3
Miiran,0,3,3
Miiren,0,3,3
Miirhaam,0,3,3
Mijael,3,0,3
Míjahia,0,3,3
Mijairi,3,0,3
Mijan,0,3,3
Mijandri,0,3,3
Mijang,0,3,3
Mijangelo,3,0,3
Mijanh,0,3,3
Mijani,3,0,3
Mijanou-Dylanie,0,3,3
Mijarda,0,3,3
Mijckel,3,0,3
Mijea,0,3,3
Mijedyson,3,0,3
Mijef,0,3,3
Mijella,0,3,3
Mijeno,3,0,3
Mijermo,3,0,3
Mijérovy,0,3,3
Mijesie,3,0,3
Mijewel,0,3,3
Mijhan,3,0,3
Mijhnea,3,0,3
Mijia,0,3,3
Mijili,0,3,3
Mijiwa,0,3,3
Mijka,0,3,3
Mijkal,3,0,3
Mijke-Sanne,0,3,3
Mijkel,3,0,3
Mijkie,0,3,3
Mijkje-Sanne,0,3,3
Mijkol,3,0,3
Mijla,0,3,3
Mijlan,0,3,3
Mijlene,0,3,3
Mijlom,3,0,3
Mijlon,0,3,3
Mijmp,3,0,3
Mijnardiena,0,3,3
Mijnardina,0,3,3
Mijnart,3,0,3
Mijnartha,0,3,3
Mijnderdina,0,3,3
Mijnderik,3,0,3
Mijnderina,0,3,3
Mijnemarie,0,3,3
Mijnemijn,0,3,3
Mijnerdina,0,3,3
Mijngerdina,0,3,3
Mijnhardt,3,0,3
Mijnje,0,3,3
Mijnna,0,3,3
Mijnoldus,3,0,3
Mijnotje,0,3,3
Mijnradus,3,0,3
Mijnsiena,0,3,3
Mijnthe,0,3,3
Mijntje-Maria,0,3,3
Mijntjen,0,3,3
Mijntjo,3,0,3
Mijntse,3,0,3
Mijnzina,0,3,3
Mijoes,0,3,3
Mijon,0,3,3
Mijona,0,3,3
Mijoni,0,3,3
Mijonne,0,3,3
Mijorie,0,3,3
Mijos,3,0,3
Mijosotis,0,3,3
Mijourdji,3,0,3
Mijoux,0,3,3
Mijrich,3,0,3
Mijro,3,0,3
Mijrto,0,3,3
Mijske,0,3,3
Mijslim,3,0,3
Mijsoen,0,3,3
Mijss,0,3,3
Mijsse,0,3,3
Mijssie,0,3,3
Mijú,0,3,3
Mik-Milian,3,0,3
Mika'eel,3,0,3
Mika'el,3,0,3
Mıka-ıl,3,0,3
Mika-Sean,3,0,3
Mikaaïl,3,0,3
Mikaé,3,0,3
Mikaeela,0,3,3
Mikaèl,3,0,3
Mikäel,3,0,3
Mikael-Can,3,0,3
Mikaela-Raia,0,3,3
Mikaelah,0,3,3
Mikaele,3,0,3
Mikaelson,3,0,3
Mikage,0,3,3
Mikağil,3,0,3
Mikahel,3,0,3
Mikai'l,3,0,3
Mikaiah,3,0,3
Mikaíel,3,0,3
Mikaïel,3,0,3
Mikāil,3,0,3
Mikăil,3,0,3
Mīkâil,3,0,3
Mikail-can,3,0,3
Mikail-Can,3,0,3
Mikail-Kayra,3,0,3
Mikail-Yilmaz,3,0,3
Mikailcan,3,0,3
Mikaile,0,3,3
Mikailo,3,0,3
Mikaily,0,3,3
Mikaiyah,0,3,3
Mikaja,3,0,3
Mikajel,3,0,3
Mikako,0,3,3
Mikäl,3,0,3
Mikalia,0,3,3
Mikalla,0,3,3
Mikanda,0,3,3
Mikano,3,0,3
Mikansia,0,3,3
Mikaro,3,0,3
Mikäy,3,0,3
Mikayhla,0,3,3
Mikaÿla,0,3,3
Mikaylia,0,3,3
Mikciën,3,0,3
Mikè,3,0,3
Mike'lson,3,0,3
Mike-Aaron,3,0,3
Mike-Christopher,3,0,3
Mike-Conan,3,0,3
Mike-Enzo,3,0,3
Mike-Jaap,3,0,3
Mike-Jay,3,0,3
Mike-Jeiroen,3,0,3
Mike-Jim,3,0,3
Mike-Michael,3,0,3
Mike-Pieter,3,0,3
Mike-San-Radie,3,0,3
Mike-Valentijn,3,0,3
Mike-Willem,3,0,3
Mikea,3,0,3
Mikéala,0,3,3
Mikealha,0,3,3
Mikechell,3,0,3
Mikedon,3,0,3
Mikée,0,3,3
Mikeela,0,3,3
Mikeili,0,3,3
Mikêl,3,0,3
Mikël,3,0,3
Mikel-John,3,0,3
Mikel-Wing,3,0,3
Mikelah,0,3,3
Mikelange,3,0,3
Mikèll,3,0,3
Mikèlo,3,0,3
Mikelot,3,0,3
Mikelty,3,0,3
Mikem,0,3,3
Mikenderson,3,0,3
Mikensio,3,0,3
Mikenzie,0,3,3
Mikeon,3,0,3
Mikes,3,0,3
Mikesja,3,0,3
Mikesol,3,0,3
Miket,0,3,3
Mikey-Max,3,0,3
Mikey-Tyler,3,0,3
Mikeya,3,0,3
Mikhaeel,3,0,3
Mikhaèl,3,0,3
Mikhaêl,3,0,3
Mikhaél,3,0,3
Mikhaéla,0,3,3
Mikhaelovich,3,0,3
Mikhaelovna,0,3,3
Mikhaiel,3,0,3
Mikhail-Muhammad,3,0,3
Mikhail-Troy,3,0,3
Mikhailo,3,0,3
Mikhailovitch,3,0,3
Mikhaïlovitch,3,0,3
Mikhailovits,3,0,3
Mikhailovitsj,3,0,3
Mikhay,3,0,3
Mikhayl,3,0,3
Mikhaylo,3,0,3
Mikhaylovich,3,0,3
Mikheel,3,0,3
Mïkï,3,0,3
Miki-Marise,0,3,3
Mikiah,3,0,3
Mikiel,3,0,3
Mikilou,0,3,3
Mikily,3,0,3
Miking,0,3,3
Mikiu,0,3,3
Mikizou,3,0,3
Mikkael,3,0,3
Mikkah,3,0,3
Mikkeline,0,3,3
Mikki-Fay,0,3,3
Mikki-Jean,0,3,3
Mikki-Michelle,0,3,3
Mikki-Mo,3,0,3
Mikkisan,3,0,3
Mikkjal,3,0,3
Mikkjel,3,0,3
Mikky-May,0,3,3
Mikla,0,3,3
Míklas,3,0,3
Miklôs,3,0,3
Miklōs,3,0,3
Míklos,3,0,3
Miklosson,3,0,3
Miklow,3,0,3
Miklyn,0,3,3
Miko-Shinto,0,3,3
Mikoel,3,0,3
Mikojan,3,0,3
Mikolae,3,0,3
Mikolei,3,0,3
Mikor,3,0,3
Mikosch,3,0,3
Mikoshi,3,0,3
Mikoti,3,0,3
Mikoway,3,0,3
Mikoy,3,0,3
MikoŁaj,3,0,3
Miktatcan,3,0,3
Mikundim,0,3,3
Mikush,3,0,3
Mikwa,3,0,3
Mikyung,0,3,3
Mil-Angely,0,3,3
Mil-Roy,3,0,3
Mil-Saija,0,3,3
Milâ,0,3,3
Mila'yah,0,3,3
Mila-anna,0,3,3
Mila-Anouk,0,3,3
Mila-Dana,0,3,3
Mila-Elisabeth,0,3,3
Mila-Eliza,0,3,3
Mila-Eve,0,3,3
Mila-Fay,0,3,3
Mila-Fleur,0,3,3
Mila-Jade,0,3,3
Mila-Jai,0,3,3
Mila-Jay,0,3,3
Mila-Jolie,0,3,3
Mila-Lana,0,3,3
Mila-Lena,0,3,3
Mila-Louisa,0,3,3
Mila-Lynn,0,3,3
Mila-mae,0,3,3
Mila-Maey,0,3,3
Mila-Marie,0,3,3
Mila-Maxime,0,3,3
Mila-Milou,0,3,3
Mila-Nieves,0,3,3
Mila-Noa,0,3,3
Mila-Repa,3,0,3
Mila-Sofie,0,3,3
Mila-Swann,0,3,3
Mila-Thaina,0,3,3
Milaa,0,3,3
Milaat,3,0,3
Milaca,0,3,3
Miladah,0,3,3
Milade-Marie,0,3,3
Miladis,0,3,3
Milaflor,0,3,3
Milager,3,0,3
Milaghros,3,0,3
Milago,3,0,3
Milagra,0,3,3
Milagre,0,3,3
Milagres,0,3,3
Milagri,0,3,3
Milagrita,0,3,3
Milágros,0,3,3
Milahja,0,3,3
Milaia,0,3,3
Milaidy,0,3,3
Milaike,0,3,3
Milaim,3,0,3
Milainshenie,0,3,3
Milaire,0,3,3
Milaisavi,0,3,3
Milaishah,0,3,3
Milaiyka,0,3,3
Milaj,0,3,3
Milam,3,0,3
Milamba,3,0,3
Milamilou,0,3,3
Milan-Anthony,3,0,3
Milan-Antoine,3,0,3
Milan-Bryce,3,0,3
Milan-Janniek,3,0,3
Milan-Jay,3,0,3
Milan-Kiaro,3,0,3
Milan-Rens,3,0,3
Milana-Mae,0,3,3
Milanas,3,0,3
Milancha,0,3,3
Milanchelica,0,3,3
Milancka,0,3,3
Milanco,3,0,3
Milande,0,3,3
Milandely,0,3,3
Milander,3,0,3
Milandra,0,3,3
Milandre,3,0,3
Milandrie,3,0,3
Milandro,3,0,3
Milandy,0,3,3
Milaney,0,3,3
Milangchelo,3,0,3
Milangelà,0,3,3
Milangeley,0,3,3
Milangelina,0,3,3
Milangello,3,0,3
Milangélo,3,0,3
Milangero,3,0,3
Milangomar,3,0,3
Milangro,3,0,3
Milaniyo,3,0,3
Milanjela,0,3,3
Milánka,0,3,3
Milankumar,3,0,3
Milannerva,3,0,3
Milannio,3,0,3
Milannont,3,0,3
Miláno,3,0,3
Milano-jay,3,0,3
Milano-Marseille,3,0,3
Milano-Mate,3,0,3
Milanou,3,0,3
Milanoushka,0,3,3
Milanova,0,3,3
Milanskely,0,3,3
Milanthy,0,3,3
Milanti,0,3,3
Milanus,3,0,3
Milarepa,3,0,3
Milary,0,3,3
Milás,3,0,3
Milaschka,0,3,3
Milash,3,0,3
Milauda,0,3,3
Milaunus,3,0,3
Milaura,0,3,3
Milaydi,0,3,3
Milaydja,0,3,3
Milayna,0,3,3
Milayna-Romysa,0,3,3
Milaynis,0,3,3
Milayris,0,3,3
Milaysa,0,3,3
Milaysah,0,3,3
Milaz,3,0,3
Milazim,3,0,3
Milbergelo,3,0,3
Milbert,3,0,3
Milbi-Ann,0,3,3
Milbra,0,3,3
Milbrets,3,0,3
Milburg,0,3,3
Milburn,3,0,3
Milchany,0,3,3
Milchianus,3,0,3
Milciades,3,0,3
Milcó,3,0,3
Mildia,0,3,3
Mildred-Ann,0,3,3
Mildredina,0,3,3
Mildreid,0,3,3
Mildrith,0,3,3
Mildtryth,0,3,3
Mildy,0,3,3
Míle,3,0,3
Milè,3,0,3
Milean,3,0,3
Mileandro,3,0,3
Mileanne,0,3,3
Mileaux,0,3,3
Mileca,0,3,3
Milecent,0,3,3
Milecha,0,3,3
Miledys,0,3,3
Mileeny,0,3,3
Milèine,0,3,3
Mileisha,0,3,3
Mileke,0,3,3
Milela,0,3,3
Milelson,3,0,3
Milěna,0,3,3
Milena-Liu,0,3,3
Milena-Mae,0,3,3
Milencheley,0,3,3
Milenda,0,3,3
Milendi,0,3,3
Milendrick,3,0,3
Milêne,0,3,3
Milenè,0,3,3
Milène-Laurine,0,3,3
Milengo,3,0,3
Mileni,0,3,3
Miléniah,0,3,3
Mileniha,0,3,3
Milenkha,0,3,3
Milennesy,0,3,3
Milennýs,0,3,3
Miléno,3,0,3
Milensia,0,3,3
Milenso,3,0,3
Milény,0,3,3
Milenys,0,3,3
Milenzo,3,0,3
Mileo,3,0,3
Miles-Lee,0,3,3
Milesa,0,3,3
Mileslie,0,3,3
Milessa,0,3,3
Mileta,3,0,3
Milete,0,3,3
Mileu,3,0,3
Miley-Ann,0,3,3
Miley-Cin,0,3,3
Miley-Coby,0,3,3
Miley-Jade,0,3,3
Miley-Jo,0,3,3
Miley-Jolie,0,3,3
Miley-Joy,0,3,3
Miley-Linn,0,3,3
Miley-Skye,0,3,3
Mileya,0,3,3
Mileyah,0,3,3
Mileyim,3,0,3
Mileyn,0,3,3
Milez,3,0,3
Milfed,0,3,3
Milfinio,3,0,3
Milghencio,3,0,3
Milgitta,0,3,3
Milheiro,3,0,3
Milhous,3,0,3
Miliaans,3,0,3
Milián,3,0,3
Miliandro,3,0,3
Miliangelo,3,0,3
Miliangely,0,3,3
Milianjayzah-Ayleen,0,3,3
Milianna,0,3,3
Milianne,0,3,3
Milianthely,0,3,3
Milianus,3,0,3
Miliany,0,3,3
Milicia-Li,0,3,3
Miliciën,3,0,3
Milicio,3,0,3
Milidiënne,0,3,3
Milieana,0,3,3
Miliëne,0,3,3
Miliene,0,3,3
Miliënn,0,3,3
Milienne,0,3,3
Milijanka,0,3,3
Milijano,3,0,3
Milijne,0,3,3
Milijntje,0,3,3
Milík,0,3,3
Milike,0,3,3
Mililani,0,3,3
Milindi-Mpago,3,0,3
Miliné,0,3,3
Milinganyo,3,0,3
Milinha,0,3,3
Milion,3,0,3
Milionair,3,0,3
Miliq,3,0,3
Milique,0,3,3
Milirene,0,3,3
Milis,3,0,3
Milisav,3,0,3
Milisha,0,3,3
Milishya,0,3,3
Milison,3,0,3
Milistro,3,0,3
Militao,3,0,3
Militāo,3,0,3
Militcia,0,3,3
Militha,0,3,3
Militia,0,3,3
Militino,3,0,3
Milito,3,0,3
Militsa,0,3,3
Mìlitsha,0,3,3
Militsha,0,3,3
Militska,0,3,3
Militzia,0,3,3
Milius,3,0,3
Milivïenska,0,3,3
Miliyana,0,3,3
Milja-Yasmine,0,3,3
Miljani,3,0,3
Miljanus,3,0,3
Miljenco,3,0,3
Miljenka,0,3,3
Miljentho,3,0,3
Miljeris,0,3,3
Miljko,3,0,3
Miljoela,0,3,3
Miljoesjka,0,3,3
Miljon,3,0,3
Miljury,3,0,3
Miljusca,0,3,3
Miljushka,0,3,3
Milka-Maria,0,3,3
Milkala,0,3,3
Milkaurys,0,3,3
Milkears,3,0,3
Milkesereth,3,0,3
Milkia,0,3,3
Milkica,0,3,3
Milkii,3,0,3
Milko-Martijn,3,0,3
Milky,3,0,3
Milky-Janus,3,0,3
Milkyanus,3,0,3
Milkyjanus,3,0,3
Milla-Gabriella,0,3,3
Milla-Grazia,0,3,3
Milla-Gyselle,0,3,3
Milla-Joy,0,3,3
Milla-Liisa,0,3,3
Millagros,0,3,3
Millainthy,0,3,3
Milland,3,0,3
Millangela,0,3,3
Millani,0,3,3
Millantu,3,0,3
Millardo,3,0,3
Millay,0,3,3
Millco,3,0,3
Milldred,0,3,3
Millea,0,3,3
Millecent,0,3,3
Millée,0,3,3
Millengel-Acheampomaah,0,3,3
Millenia,0,3,3
Millenio,3,0,3
Millenne,0,3,3
Millenni,0,3,3
Millennio,3,0,3
Millenshen,3,0,3
Milleny,0,3,3
Millenyen,3,0,3
Millerlandy,0,3,3
Millerson,3,0,3
Millert,3,0,3
Millesia,0,3,3
Millésime,0,3,3
Millet,0,3,3
Milleyna-Mae,0,3,3
Millhiëtte,0,3,3
Millí,0,3,3
Milliaan,3,0,3
Milliahna,0,3,3
Milliande,0,3,3
Milliandro,3,0,3
Milliane,3,0,3
Millianus,3,0,3
Milliany,0,3,3
Milliciën,0,3,3
Millie-Jane,0,3,3
Millie-May,0,3,3
Millieanneke,0,3,3
Milliecent,0,3,3
Milliena,0,3,3
Millienda,0,3,3
Milliëngeno,3,0,3
Millienne,0,3,3
Millierny,0,3,3
Milligan,0,3,3
Millij,0,3,3
Millión,0,3,3
Millionaire,3,0,3
Millis,0,3,3
Millischa,0,3,3
Millisha,0,3,3
Millissa,0,3,3
Millita,0,3,3
Millitia,0,3,3
Millitshia-Rose,0,3,3
Milliun,3,0,3
Millius,3,0,3
Milliviënne,0,3,3
Millivoj,3,0,3
Milliway,0,3,3
Milliza,0,3,3
Millner,3,0,3
Milloe,0,3,3
Millon,0,3,3
Millón,3,0,3
Millosch,3,0,3
Millroy,3,0,3
Millus,3,0,3
Millwall,3,0,3
Milly-casharell,0,3,3
Milly-Milú,0,3,3
Millyano,3,0,3
Millycen,0,3,3
Millynsia,0,3,3
Millysant,0,3,3
Millyson,3,0,3
Millz,3,0,3
Milna,0,3,3
Milne,0,3,3
MÍlo,0,3,3
Milo-Jace,3,0,3
Milo-Joy,3,0,3
Milo-Julien,3,0,3
Milo-Xavio,3,0,3
Miloah,0,3,3
Miloed,3,0,3
Miloek,0,3,3
Miloeka,3,0,3
Miloewa,0,3,3
Milofar,0,3,3
Miloha,0,3,3
Miloida,0,3,3
Miloifa,0,3,3
Milois,0,3,3
Milojica,3,0,3
Milòn,3,0,3
Milón,0,3,3
Milonda,0,3,3
Milone,0,3,3
Milonga,0,3,3
Milonke,0,3,3
Milop,0,3,3
Milore,0,3,3
Miloś,3,0,3
Milosav,3,0,3
Miloshi,0,3,3
Mílou,0,3,3
Milou-an,0,3,3
Milou-Anne,0,3,3
Milou-Arije,0,3,3
Milou-Benoîte,0,3,3
Milou-Elaine,0,3,3
Milou-Jane,0,3,3
Milou-Joëlle,0,3,3
Milou-Roos,0,3,3
Milou-Yehuda,0,3,3
Miloua,0,3,3
Milouana,0,3,3
Miloucha,0,3,3
Milouck,0,3,3
Miloucka,0,3,3
Miloude,3,0,3
Miloudiadam,3,0,3
Milouh,0,3,3
Milouisangela,0,3,3
Milouke,0,3,3
Milousha,0,3,3
Miloushendrick,3,0,3
Milouskha,0,3,3
Miloutka,0,3,3
Miloux,0,3,3
Milouz,0,3,3
Milov,3,0,3
Miloy,3,0,3
Milracio,3,0,3
Milrano,3,0,3
Milro,3,0,3
Milrolijn,0,3,3
Milros,3,0,3
Milrosa,0,3,3
Milsania,0,3,3
Milsar,0,3,3
Milse,0,3,3
Milsenia,0,3,3
Miltiñho,3,0,3
Miltn,3,0,3
Milto,3,0,3
Milton-John,3,0,3
Miltony,0,3,3
Milü,0,3,3
Milua,0,3,3
Miluah,0,3,3
Miludka,0,3,3
Milunika,0,3,3
Milupa,3,0,3
Milusca,0,3,3
Milushka,0,3,3
Milvain,3,0,3
Milvan,3,0,3
Milvana,0,3,3
Milvãna,0,3,3
Milvangela,0,3,3
Milvangelly,0,3,3
Milvano,3,0,3
Milvanyo,3,0,3
Milviana,0,3,3
Milviane,0,3,3
Milvin,3,0,3
Milvio,3,0,3
milyahni,0,3,3
Milyano,3,0,3
Milyara,0,3,3
Milyarin,0,3,3
Milycen,0,3,3
Milyn,0,3,3
Milyon,3,0,3
Milysa,0,3,3
Milysjha,0,3,3
Milyssa,0,3,3
Milyu,3,0,3
Milz,3,0,3
MIM,0,3,3
Mim-Adé,3,0,3
Mim-Janne,0,3,3
MiMa,0,3,3
Mimain,3,0,3
Mimar,3,0,3
Mimaria,0,3,3
Mimas,3,0,3
Mimaysa,0,3,3
Mimeirhel,3,0,3
Mimet,3,0,3
Mimg,3,0,3
Mímí,0,3,3
Mimi-Ada,0,3,3
Mimi-Lise,0,3,3
Mimi-Sue,0,3,3
Mimia,0,3,3
Mimiča,0,3,3
Mimieke,0,3,3
Mimiël,3,0,3
Mimiljanli,3,0,3
Mimin,3,0,3
Miminet,0,3,3
Mimio,0,3,3
Mimitaamsavina,0,3,3
Mimitha,0,3,3
Mimjo,0,3,3
Mimmouna,0,3,3
Mimont,0,3,3
Mimose,0,3,3
Mimouche,0,3,3
Mimound,0,3,3
Mimounti,0,3,3
Mimousha,0,3,3
Mimozë,0,3,3
Mimpi,0,3,3
Mimshach,3,0,3
Mimsy,0,3,3
Mimunt,0,3,3
Min-Chi,3,0,3
Min-Fei,0,3,3
Min-Hae,0,3,3
Min-Hee,0,3,3
Min-Heng,3,0,3
Min-Jian,3,0,3
Min-Jie,0,3,3
Min-Jung,0,3,3
Min-Li,0,3,3
Min-Lou,0,3,3
Min-Lung,3,0,3
Min-Tze,3,0,3
Min-Wei,3,0,3
Min-woen,3,0,3
Min-Yao,3,0,3
Min-Yi,0,3,3
Minà,0,3,3
Mîna,0,3,3
mina,0,3,3
Mina-Maria,0,3,3
Mina-Moïse,0,3,3
Minabi,3,0,3
Minachie,0,3,3
Minaé,0,3,3
Minagül,0,3,3
Minahal,0,3,3
Minaily,0,3,3
Minaiseline,0,3,3
Minaishely,0,3,3
Minaisho,3,0,3
Minajo,0,3,3
Minak,0,3,3
Minakchidebi,0,3,3
Minakir,3,0,3
Minako,0,3,3
Minakschi,0,3,3
Minakshidebie,0,3,3
Minakshidevie,0,3,3
Minakshiedebie,0,3,3
Minakshy,0,3,3
Minaksji,0,3,3
Minal,0,3,3
Minalda,0,3,3
Minalè,0,3,3
Minalie,0,3,3
Minalies,0,3,3
Minamo,3,0,3
Minana,3,0,3
Minande,0,3,3
Minangel,0,3,3
Minangela,0,3,3
Minanlely,0,3,3
Minanne,0,3,3
Minantha,0,3,3
Minaoushka,0,3,3
Minaqchi,0,3,3
Minarchi,0,3,3
Minarchie,0,3,3
Minarchie-Devi,0,3,3
Minare,0,3,3
Minariënne,0,3,3
Minás,3,0,3
Minashka,0,3,3
Minaskhi,0,3,3
Minatalla,0,3,3
Minati,0,3,3
Minatier,3,0,3
Minato,3,0,3
Minatoellah,0,3,3
Minatou,0,3,3
Minavahide,0,3,3
Minaver,0,3,3
Minavere,0,3,3
Minawatie,0,3,3
Minaxi,0,3,3
Minaxidevi,0,3,3
Minayah,0,3,3
Minaygelo,3,0,3
Minaylis,0,3,3
Minaysha,0,3,3
Minaz,0,3,3
Minbialis,0,3,3
Mincej,0,3,3
Mincelie,0,3,3
Minchie,3,0,3
Minchou,3,0,3
Mindacheyla,0,3,3
Mindakeshely,0,3,3
Mindan,0,3,3
Mindea,0,3,3
Mindee,0,3,3
Mindeia,0,3,3
Mindellina,0,3,3
Minden,3,0,3
Mindertina,0,3,3
Mindeyla,0,3,3
Mindong,3,0,3
Mindrineti,0,3,3
Mindsey,0,3,3
Mine-Riek,0,3,3
Minechelly,0,3,3
Minée,0,3,3
Mineechemaino,3,0,3
Mineechemainy,0,3,3
Mineeshi,0,3,3
Minefer,0,3,3
Mineken,0,3,3
Minekes,3,0,3
Minekus,3,0,3
Minelan,3,0,3
Minellie,0,3,3
Minelly,0,3,3
Minelshaddai,3,0,3
Minelska,0,3,3
Minelson,3,0,3
Minem,0,3,3
Minema,0,3,3
Minengu,3,0,3
Minensi,0,3,3
Mineo,3,0,3
Minerelle,0,3,3
Minerlys,0,3,3
Minervinus,3,0,3
Minervo,0,3,3
Minerwa,0,3,3
Mineş,0,3,3
Minesch,0,3,3
Minesh,3,0,3
Minesh-Koemar,3,0,3
Minesha,0,3,3
Minetallah,0,3,3
Minetty,0,3,3
Mineva,0,3,3
Minèva,0,3,3
Minèvre,0,3,3
Mineychell,3,0,3
Míng,3,0,3
Mīng,3,0,3
Ming-Caesar,3,0,3
Ming-Chè,0,3,3
Ming-Chen,3,0,3
Ming-Choo,0,3,3
Ming-Chun,0,3,3
Ming-Dar,3,0,3
Ming-Fong,0,3,3
Ming-Han,3,0,3
Ming-Hin,3,0,3
Ming-Jan,3,0,3
Ming-Ko,3,0,3
Ming-Lai,0,3,3
Ming-Lang,3,0,3
Ming-lee,0,3,3
Ming-Lun,3,0,3
Ming-Ming,0,3,3
Ming-Na,0,3,3
Ming-On,3,0,3
Ming-Sa,3,0,3
Ming-Sam,0,3,3
Ming-Tsu,0,3,3
Ming-Tsung,0,3,3
Ming-wei,0,3,3
Ming-Yao,3,0,3
Ming-Yuk,0,3,3
Míng-Zhèng,3,0,3
Mingaelita,0,3,3
Mingalia,0,3,3
Mingalvio,3,0,3
Mingcuong,3,0,3
Minge,0,3,3
Mingela,0,3,3
Mingelangela,0,3,3
Mingès,3,0,3
Mingëul,3,0,3
Minghao,3,0,3
Minghe,0,3,3
Minghin,3,0,3
Minghong,3,0,3
Minghua,3,0,3
Minghui,3,0,3
Mingiedi,0,3,3
Minglia,0,3,3
Mingliàng,3,0,3
Mingmei,0,3,3
Míngměi,0,3,3
Mingomaries,0,3,3
Mingrui,0,3,3
Minguéla,0,3,3
Minguelangela,0,3,3
Minguelangelo,3,0,3
Minguelica,0,3,3
Minguelino,3,0,3
Minguelique,0,3,3
Minguelita,0,3,3
Mingues,3,0,3
Mingxi,0,3,3
Mingxia,0,3,3
Mingxin,3,0,3
Mingyee,0,3,3
Mingyi,3,0,3
Mingyue,0,3,3
Mingze,0,3,3
Mingzhu,0,3,3
MinH,3,0,3
Minh-An,3,0,3
Minh-Ax,3,0,3
Minh-Binh,3,0,3
Minh-Chan,3,0,3
Minh-Chau,0,3,3
Minh-Hai,3,0,3
Minh-Ky,3,0,3
Minh-Lan,0,3,3
Minh-Long,3,0,3
Minh-Luan,3,0,3
Minh-Ly,0,3,3
Minh-Quynh,0,3,3
Minh-Tan,3,0,3
Minh-Thu,0,3,3
Minh-Tien,3,0,3
Minh-Trac,3,0,3
Minh-Trí,3,0,3
Minh-Triet,3,0,3
Minh-Tu,3,0,3
Minh-Tuyet,0,3,3
Minh-Ðai,3,0,3
Minh-Ðan,0,3,3
Minhaaj,0,3,3
Minhajuddin,3,0,3
Minhanh,0,3,3
Minhard,3,0,3
Minhass,3,0,3
Minhaz,3,0,3
Minhhuy,3,0,3
Minhone,0,3,3
Minhtri,3,0,3
Minhtuan,3,0,3
Minhu,0,3,3
Minhua,3,0,3
Minic,3,0,3
Minigreth,0,3,3
Minijsha-Sarah,0,3,3
Minike,0,3,3
Minikmas,0,3,3
Minina,0,3,3
Mininhã,0,3,3
Miniou,0,3,3
Minitia,0,3,3
Minius,3,0,3
Minjahrella,0,3,3
Minjamin,3,0,3
Minjhanou,0,3,3
Minjhoe,3,0,3
Minji-jin,3,0,3
Minjie,3,0,3
Minjoe,0,3,3
Minjou,0,3,3
Minkael,3,0,3
Minkayhil,3,0,3
Minke-An,0,3,3
Minke-Elize,0,3,3
Minke-Frances,0,3,3
Minke-Li,0,3,3
Minke-Marije,0,3,3
Minkey,3,0,3
Minki,0,3,3
Minkiena,0,3,3
Minmay,0,3,3
Minmay-Nyobé,0,3,3
Minna-Lisa,0,3,3
Minnaart,3,0,3
Minnakshi,0,3,3
Minnalina,0,3,3
Minnan,3,0,3
Minnard,3,0,3
Minnardus,3,0,3
Minnatallah,0,3,3
Minnatoallah,0,3,3
Minnatuallah,0,3,3
Minne-Jan,3,0,3
Minneiah,0,3,3
Minneka,0,3,3
Minnel,0,3,3
Minnelaine,0,3,3
Minnelli,0,3,3
Minnelot,0,3,3
Minnema,3,0,3
Minnemijn,0,3,3
Minnen,3,0,3
Minnet,0,3,3
Minnet-allah,0,3,3
Minnetta,0,3,3
Minnette,0,3,3
Minnevitus,3,0,3
Minnibeth,0,3,3
Minnie-Ann,0,3,3
Minnie-Loes,0,3,3
Minninge,0,3,3
Minnolt,0,3,3
Minnon,0,3,3
Minnz,3,0,3
Miño,3,0,3
Mino-Thiago,3,0,3
Minoesha,0,3,3
Minoeshka,0,3,3
Minoesjkha,0,3,3
Minoez,0,3,3
Minoka,0,3,3
Minolaya,0,3,3
Minolda,0,3,3
Minoli,0,3,3
Minonka,0,3,3
Minóo,0,3,3
Minooshka,0,3,3
Minoque,0,3,3
Minora,0,3,3
Minosh,0,3,3
Minot,0,3,3
Minotte,0,3,3
Minotti,3,0,3
Minouce,0,3,3
Minoucha,0,3,3
Minouh,0,3,3
Minouka,0,3,3
Minoumi,3,0,3
Minoumij,0,3,3
Minouq,0,3,3
Minouscha,0,3,3
Minouscka,3,0,3
Minousha,0,3,3
Minousja,0,3,3
Minousjka,0,3,3
Minousk,0,3,3
Minovah,0,3,3
Minowah,0,3,3
Minoya,0,3,3
Minq,3,0,3
Minque,0,3,3
Minquela,0,3,3
Minquelangela,0,3,3
Minquella,0,3,3
Minquellia,0,3,3
Minrada,0,3,3
Minré,0,3,3
Minsa,0,3,3
Minsent,3,0,3
Minshenou,0,3,3
MinShu,0,3,3
Minsinai,0,3,3
Minsje,0,3,3
Minska,0,3,3
Minske,0,3,3
Minskje,0,3,3
Minsoe,3,0,3
Minsuh,0,3,3
Mintaa,0,3,3
Mintaah,0,3,3
Mintaha,0,3,3
Mintaka,3,0,3
Minthy,0,3,3
Minti,0,3,3
Mintji,0,3,3
Mintrawatie,0,3,3
Mintske,0,3,3
Mintya,0,3,3
Minuchi,0,3,3
Minucia,0,3,3
Minuel,3,0,3
Minula,0,3,3
Minur,3,0,3
Minüre,0,3,3
Minvera,0,3,3
Minwar,3,0,3
Minxi,0,3,3
Minxian,0,3,3
Minxue,0,3,3
Minyang,3,0,3
Minyoe,0,3,3
Minyu,0,3,3
Minze-Jakob,3,0,3
Minze-Jan,3,0,3
Minzo,3,0,3
Mio-Lenn,3,0,3
Mio-Mylan,3,0,3
Miocientely,0,3,3
Miomba,0,3,3
Miomira,0,3,3
Miomon,3,0,3
Míon,0,3,3
Mion'Engely,0,3,3
Mionée,0,3,3
Mionki,3,0,3
Mionn,3,0,3
Mionnay,0,3,3
Mior,0,3,3
Miorchelan,3,0,3
Miori,0,3,3
Miosangela,0,3,3
Miosia,0,3,3
Miosoti,0,3,3
Miosótis,0,3,3
Mioswari,0,3,3
Miouny,0,3,3
Miourvy,0,3,3
Mipam,3,0,3
Mipp,0,3,3
Miqaël,3,0,3
Miqaele,3,0,3
Miqail,3,0,3
Miqaila,0,3,3
Miqayo,3,0,3
Miqdad,3,0,3
Miqeas,3,0,3
Miqéla,0,3,3
Miqella,0,3,3
Miqensa,0,3,3
Miqèr,3,0,3
Miqeul,3,0,3
Miqeuladania,0,3,3
Miqeyan,3,0,3
Miqeysha,0,3,3
Miqkyla,0,3,3
Miquaella,0,3,3
Miquaëllo,3,0,3
Miqueas,3,0,3
Miqueen,0,3,3
Miquéias,3,0,3
Miqueila,0,3,3
Miqüel,3,0,3
Miquel-Amin,3,0,3
Miquel-Jaimie,3,0,3
Miquel-John,3,0,3
Miquel-René,3,0,3
Miquelá,0,3,3
Miquelanda,0,3,3
Miquelangel,3,0,3
Miquelangelo,3,0,3
Miquelcha,0,3,3
Miquelita,0,3,3
Miquellino,3,0,3
Miquello,3,0,3
Miquelon,3,0,3
Miquelsa,0,3,3
Miquelshailo,3,0,3
Miqueltie,3,0,3
Miquelty,3,0,3
Miquelvio,3,0,3
Miquelyn,0,3,3
Miquen,0,3,3
Miquena,0,3,3
Miquesa,0,3,3
Miquesha,0,3,3
Miqui,3,0,3
Miquie,0,3,3
Miquiel,3,0,3
Miquiëla,0,3,3
Miquil,3,0,3
Miquilina,0,3,3
Miquise,0,3,3
Miquishadrion,3,0,3
Miquisheena,0,3,3
Mir-Han,3,0,3
Mir-Lu,0,3,3
Míra,0,3,3
Mira-Ananda,0,3,3
Mira-Bente,0,3,3
Mira-liene,0,3,3
Mira-Loes,0,3,3
Miraa,0,3,3
Miraadjuddien,3,0,3
Miraay,0,3,3
Miraaz,3,0,3
Mirabeau,3,0,3
Mirabeyah,0,3,3
Miracale,3,0,3
Miracelma,0,3,3
Miracle-Joy,0,3,3
Miracle-of-love,0,3,3
Miracley,3,0,3
Miraculous,3,0,3
Miradebie,0,3,3
Miradevi,0,3,3
Miradine,0,3,3
Miradj,3,0,3
Mirador,3,0,3
Mirae,0,3,3
Miraëla,0,3,3
Miraf,0,3,3
Mirahmet,3,0,3
Miraï,0,3,3
Miraichelly,0,3,3
Miraïchyo,3,0,3
Miraida,0,3,3
Miraido,3,0,3
Miraily,0,3,3
Miraine,0,3,3
Miraisa,0,3,3
Miraivgely,3,0,3
Miraiya,0,3,3
Mirajah,0,3,3
Mirajsha,0,3,3
Mirakara,0,3,3
Mirako,3,0,3
Miral-Lynn,0,3,3
Miralay,3,0,3
Miralca,0,3,3
Miralde,0,3,3
Miraldina,0,3,3
Miraldine,0,3,3
Miralfa,0,3,3
Miralie,0,3,3
Miralinda,0,3,3
Miralla,0,3,3
Miralu,0,3,3
Miraly,0,3,3
Miramané,0,3,3
Mirân,3,0,3
Mïran,3,0,3
Mirananda,0,3,3
Mirañcheneé,0,3,3
Miranco,0,3,3
Miranda-An,0,3,3
Miranda-Angelique,0,3,3
Miranda-Esmeralda,0,3,3
Mirandaline,0,3,3
Mirandel,0,3,3
Mirandi,0,3,3
Mirandia,0,3,3
Mirandjani,0,3,3
Mirandy,0,3,3
Miranee,0,3,3
Miranée,0,3,3
Mirangely,0,3,3
Mirani,0,3,3
Miranke,0,3,3
Mirantha,0,3,3
Miranthe,0,3,3
Miranto,3,0,3
Mirantý,3,0,3
Miranur,0,3,3
Miraque,3,0,3
Miraquel,0,3,3
Miraquela,0,3,3
Mirari,0,3,3
Mirasha,0,3,3
Miraslava,0,3,3
Mirasol,0,3,3
Mirasse,0,3,3
Mirasu,0,3,3
Miraud,0,3,3
Miraude,0,3,3
Mirawati,0,3,3
Miraxel,0,3,3
Miray-Lina,0,3,3
Miraya-Viraysha,0,3,3
Mirayessa,0,3,3
Mirayley,0,3,3
Miraylha,0,3,3
Mirayli,0,3,3
Miraylo,3,0,3
Mirayno,3,0,3
Miraynur,0,3,3
Mirayscha,0,3,3
Mirayska,0,3,3
Mirban,3,0,3
Mircah,3,0,3
Mircale,0,3,3
Mircalla,0,3,3
Mircem,3,0,3
Mirceo,3,0,3
Mirchaël,3,0,3
Mirchaëlla,0,3,3
Mirchea,3,0,3
Mirchell,3,0,3
Mirchenio,3,0,3
Mircia,0,3,3
Mirciano,3,0,3
Mircïyo,3,0,3
Mircko,3,0,3
Mircle,3,0,3
Mircus,3,0,3
Mirdan,0,3,3
Mirdany,0,3,3
Mirdas,3,0,3
Mirddyn,3,0,3
Mirdi,0,3,3
Mirdije,0,3,3
Mirdina,0,3,3
Mirdiomar,3,0,3
Mirdith,0,3,3
Mirdjayden,3,0,3
Miréam,3,0,3
Mireau,3,0,3
Mirecale-Love,0,3,3
Mirecle,0,3,3
Miredishaun,0,3,3
Miredon,3,0,3
Mireen,0,3,3
Mireicheny,0,3,3
Mireija,0,3,3
Mireil,3,0,3
Mireile,0,3,3
Mireilis,0,3,3
Mireill,0,3,3
Mireille-Catja,0,3,3
Mireille-Mélanie,0,3,3
Mireilva,0,3,3
Mirèio,0,3,3
Mírek,3,0,3
Mireku,3,0,3
Mirekuwaa,0,3,3
Mirelcha,0,3,3
Mirele,0,3,3
Mireli,0,3,3
Mirelia,0,3,3
Mirelke,0,3,3
Mirèlla,0,3,3
Mirella-Henny,0,3,3
Mirelles,3,0,3
Mirelli,0,3,3
Mirelsha,0,3,3
Mirembe,3,0,3
Miren-Maite,0,3,3
Mirene,0,3,3
Mirenka,0,3,3
Mirente,0,3,3
Mires,0,3,3
Mirése,0,3,3
Mirey,0,3,3
Mírey,3,0,3
Mireyani,0,3,3
Mireyda,0,3,3
Mireye,0,3,3
Mireyla,0,3,3
Mireylis,0,3,3
Mireyma,0,3,3
Mirèz,0,3,3
Mirèze,0,3,3
Mirgalilolahabasien,3,0,3
Mirghani,3,0,3
Mirgin-Jane,0,3,3
Mirgina,0,3,3
Mirgon,3,0,3
Mirgrid,0,3,3
Mirha,0,3,3
Mirhad,3,0,3
Mirhamit,3,0,3
Mirhana,0,3,3
Mîrhat,3,0,3
Mirhdynn,0,3,3
Mirhem,3,0,3
Mirhon,0,3,3
Miri-Anne,0,3,3
Miriă,0,3,3
Miriada,0,3,3
Miriahlyn,0,3,3
Miriale,0,3,3
Miriam-Aimée,0,3,3
Miriam-Detsia,0,3,3
Miriam-Esther,0,3,3
Miriam-Mare,0,3,3
Miriam-Ruth,0,3,3
Miriam-Sophie,0,3,3
Miriame,0,3,3
Miriamo,3,0,3
Miriána,0,3,3
Mirianda,0,3,3
Miriange,0,3,3
Miriantely,0,3,3
Miriantha,0,3,3
Miriantteley,0,3,3
Miriasedy,0,3,3
Miriban,0,3,3
Miric,3,0,3
Miricall,0,3,3
Miriche,3,0,3
Mirid,3,0,3
Miridina,0,3,3
Miridon,3,0,3
Mirieam,0,3,3
Mirieda,0,3,3
Mirieësha,0,3,3
Miriek,0,3,3
Mirieke,0,3,3
Miriel,0,3,3
Míriel,0,3,3
Míriël,0,3,3
Miriëlla,0,3,3
Míriëlle,0,3,3
Mirièlle,0,3,3
Miriën,0,3,3
Miriënne,0,3,3
Mirihaan,0,3,3
Mirij,0,3,3
Mirijam-Elyse,0,3,3
Mirijan,0,3,3
Mirijanneke,0,3,3
Mirijeta,0,3,3
Mirijiam,0,3,3
Mirijn,3,0,3
Mirijna,0,3,3
Mirilda,0,3,3
Mirilynn,0,3,3
Mirima,0,3,3
Mirime,0,3,3
Mirinde,0,3,3
Mirine,0,3,3
Mirinka,0,3,3
Miriño,3,0,3
Mirinus,3,0,3
Miriondy,3,0,3
Miris,0,3,3
Mirisa,0,3,3
Mirisage,3,0,3
Mirisha,0,3,3
Mirita,0,3,3
Miriyan,0,3,3
Miriyana,0,3,3
Miriyanna,0,3,3
Miriyea,0,3,3
Miriyem,0,3,3
Mirja-Liisa,0,3,3
Mirjaëlysha,0,3,3
Mirjaim,0,3,3
Mirjal,0,3,3
Mirjam-Anita,0,3,3
Mirjam-Anneke,0,3,3
Mirjam-Jill,0,3,3
Mirjam-Marjon,0,3,3
Mirjam-Sabine,0,3,3
Mirjamne,0,3,3
Mirjan-Hendriët,0,3,3
Mirjan-Marianne,0,3,3
Mirjane,0,3,3
Mirjani,0,3,3
Mirjanke,0,3,3
Mirjaylon,3,0,3
Mirjel,0,3,3
Mirjem,0,3,3
Mirjen,0,3,3
Mirjette,0,3,3
Mirjoran,0,3,3
Mirjum,0,3,3
Mirkaan,3,0,3
Mirkalem,3,0,3
Mirkas,3,0,3
Mirkasum,3,0,3
Mirkel,3,0,3
Mirkim,0,3,3
Mirkko,3,0,3
Mirlaine,0,3,3
Mirlan,3,0,3
Mirlande,0,3,3
Mirlando,3,0,3
Mirleen,0,3,3
Mirleinys,0,3,3
Mirlen,0,3,3
Mirlena,0,3,3
Mirléné,0,3,3
Mirlene,0,3,3
Mirlia,0,3,3
Mirlien,0,3,3
Mirlind,3,0,3
Mirlinde,0,3,3
Mirloesha,0,3,3
Mirlotte,0,3,3
Mirlynde,0,3,3
Mirlynn,0,3,3
Mirlynne,0,3,3
Mirma,0,3,3
Mirmana,0,3,3
Mirmilla,0,3,3
Mirnalini,0,3,3
Mirnela,0,3,3
Mirnesa,0,3,3
Mirnou,0,3,3
Mîro,3,0,3
Miró-Dali,3,0,3
Miró-Milano,3,0,3
Miroan,3,0,3
Mirodina,0,3,3
Miroegjo,3,0,3
Miroekchelien,0,3,3
Miroër,3,0,3
Miroesha,0,3,3
Miroeskia,0,3,3
Miroggy,3,0,3
Miroglu,3,0,3
Miroğlu,0,3,3
Miroja,0,3,3
Mirolle,0,3,3
Mironas,3,0,3
Mirope,0,3,3
Mirosa,0,3,3
Mirosha,0,3,3
Miroslaf,3,0,3
Miroslavov,3,0,3
Miroslov,3,0,3
Mirosmar,3,0,3
Miroucha,0,3,3
Miroughia,0,3,3
Miroula,0,3,3
Mirouschka,0,3,3
Miroushka,0,3,3
Miroussia,0,3,3
Mirowsu,0,3,3
Mirr,0,3,3
Mirrach,0,3,3
Mirrano,3,0,3
Mirrari,0,3,3
Mirrdyn,3,0,3
Mirre-Loïs,0,3,3
Mirre-Loïse,0,3,3
Mirrecle,0,3,3
Mirrekel,0,3,3
Mirrel,0,3,3
Mirrelle,0,3,3
Mirrhe,0,3,3
Mirrich,3,0,3
Mirrie,0,3,3
Mirrijam,0,3,3
Mirrijne,0,3,3
Mirrinte,0,3,3
Mirris,0,3,3
Mirrissha,0,3,3
Mirro,3,0,3
Mirrte,0,3,3
Mirruh,0,3,3
Mirryanne,0,3,3
Mirryl,0,3,3
Mirs,3,0,3
Mirsab,3,0,3
Mirsaheb,3,0,3
Mirşan,3,0,3
Mirsan,3,0,3
Mirsel,3,0,3
Mirselim,3,0,3
Mirshére,0,3,3
Mirsi,0,3,3
Mirsiama,0,3,3
Mirsu,0,3,3
Mirtala,0,3,3
Mirtan,3,0,3
Mirte-Esmee,0,3,3
Mirte-Maria,0,3,3
Mirte-Marit,0,3,3
Mirtek,3,0,3
Mirtele,0,3,3
Mirtemaaij,0,3,3
Mirthè,0,3,3
Mirthe-Elise,0,3,3
Mirthe-Louise,0,3,3
Mirthe-Luna,0,3,3
Mirthe-Lynn,0,3,3
Mirthe-Maleen,0,3,3
Mirthe-Marith,0,3,3
Mirthe-Noëlle,0,3,3
Mirthly,0,3,3
Mirtho,3,0,3
Mirthon,3,0,3
Mirthus,3,0,3
Mirtia,0,3,3
Mirtille,0,3,3
Mirtilly,0,3,3
Mirtily,0,3,3
Mirtin,0,3,3
Mirtine,0,3,3
Mirtino,3,0,3
Mirtlantely,0,3,3
Mirtro,0,3,3
Mirtuska,0,3,3
Miruan,3,0,3
Mirula,0,3,3
Mirulia,0,3,3
Miruna-Alexandra,0,3,3
Mirus,3,0,3
Mirush,0,3,3
Mirushilee,0,3,3
Miruszka,0,3,3
Miruts,3,0,3
Mirva,0,3,3
Mirvari,0,3,3
Mirvat,0,3,3
Mirven,3,0,3
Mirvenn,3,0,3
Mirveta,0,3,3
Mirvian,0,3,3
Mirvin,3,0,3
Mirwa,0,3,3
Mirwana,0,3,3
Mirwijs,3,0,3
Mirwin,0,3,3
Mirwys,3,0,3
Mirxairo,3,0,3
Mirxan,3,0,3
Miryaël,0,3,3
Miryai,0,3,3
Mıryam,0,3,3
Miryande,0,3,3
Miryannah,0,3,3
Mirycal,0,3,3
Miryclair,0,3,3
Miryeah,0,3,3
Miryell,0,3,3
Miryen,0,3,3
Miryenscha,0,3,3
Mirygelly,0,3,3
Miryl,0,3,3
Mirylanda,0,3,3
Mirylène,0,3,3
Miryna,0,3,3
Miryno,3,0,3
Miryon,3,0,3
Mîrza,3,0,3
Mirza-Ibrar,3,0,3
Mirzada,0,3,3
Mirzahan,3,0,3
Mirzakağan,3,0,3
Mirzal,3,0,3
Mîrzan,3,0,3
Mirzarindo,3,0,3
Mirzasjah,3,0,3
Mirze-Mem,3,0,3
Misá,3,0,3
Míša,0,3,3
Mísaël,3,0,3
Misaela,0,3,3
Misaéla,0,3,3
Misag,0,3,3
Misah,0,3,3
Misaina,0,3,3
Misaïnaly,0,3,3
Misaira,0,3,3
Misali,3,0,3
Misalina,0,3,3
Misan,0,3,3
Misanie,0,3,3
Misanja,0,3,3
Misano,3,0,3
Misara,0,3,3
Misato,0,3,3
Misaya,0,3,3
Misban,3,0,3
Mischa-Denise,0,3,3
Mischa-Jan,3,0,3
Mischa-Manou,3,0,3
Mischa-Marah,0,3,3
Mischaëla,0,3,3
Mischaila,0,3,3
Mischaja,0,3,3
Mischal,3,0,3
Mischanka,0,3,3
Mischasson,3,0,3
Mischella,0,3,3
Mischelle,0,3,3
Mischerélla,0,3,3
Mischi,0,3,3
Mischira,0,3,3
Mischulaikah,0,3,3
Miśe,0,3,3
Misé,0,3,3
Misean,3,0,3
Misée,0,3,3
Misèl,0,3,3
Mišela,0,3,3
Miseline,0,3,3
Miseran,3,0,3
Miset,0,3,3
Misgina,3,0,3
Misha-Angelly,0,3,3
Mišhael,3,0,3
Mishaëlson,3,0,3
Mishaena,0,3,3
Mishaidely,0,3,3
Mishailey,0,3,3
Mishaileys,0,3,3
Mishailley,0,3,3
Mishailly,0,3,3
Mishaily,0,3,3
Mishaïro,3,0,3
Mishala,0,3,3
Mishalenah,0,3,3
Mishall,0,3,3
Mishaly,0,3,3
Mishan,3,0,3
Mishanairomar,3,0,3
Mishanderly,0,3,3
Mishandrely,0,3,3
Mishane,0,3,3
Mishaneline,0,3,3
Mishani,0,3,3
Mishanka,0,3,3
Mishanou-Deborah,0,3,3
Mishanth,3,0,3
Mishantheley,0,3,3
Misharadevi,0,3,3
Misharbi,0,3,3
Misharda,0,3,3
Mishardeny,0,3,3
Mishari,3,0,3
Misharity,0,3,3
Misharo,3,0,3
Mishaty,0,3,3
Mishawn,3,0,3
Mishaya,0,3,3
Mishayla,0,3,3
Mishayne,0,3,3
Mishayra,0,3,3
Misheandro,3,0,3
Misheaneley,0,3,3
Misheeny,0,3,3
Misheilly,0,3,3
Mishëily,0,3,3
Mishek,3,0,3
Mishelano,3,0,3
Mishelanshelo,3,0,3
Mishelianne,0,3,3
Mishell,3,0,3
Mishèlo,3,0,3
Mishelon,3,0,3
Mishèn,3,0,3
Mishena,0,3,3
Mishendell,3,0,3
Mishendley,3,0,3
Mishenety,0,3,3
Mishenou,0,3,3
Misheranti,0,3,3
Misherdy,3,0,3
Misherneël,3,0,3
Misheyla,0,3,3
Misheyra,0,3,3
Mishineley,0,3,3
Mishkaat,0,3,3
Mishkalino,3,0,3
Mishoraley,0,3,3
Mishou,0,3,3
Mishqat,3,0,3
Mishra,3,0,3
Mishty,0,3,3
Mishua,3,0,3
Mísia,0,3,3
Misiana,0,3,3
Misiandra,0,3,3
Misias,3,0,3
Misidjan,3,0,3
Misiedjan,0,3,3
Misiella,0,3,3
Misiëlla,0,3,3
Misiena,0,3,3
Misiko,3,0,3
Misjal,0,3,3
Misjanella,0,3,3
Misjanoe,0,3,3
Misjèl,3,0,3
Misjèlle,0,3,3
Misjenka,0,3,3
Misjha,3,0,3
Misji,0,3,3
Misjonne,3,0,3
Miskaa,0,3,3
Miske,0,3,3
Miskinaz,0,3,3
Miško,3,0,3
Misko,3,0,3
Mislan,3,0,3
Mislav,3,0,3
Mislava,0,3,3
Mislène,0,3,3
Mislim,3,0,3
Misnah,0,3,3
Misnan,3,0,3
Misnari,0,3,3
Misnati,0,3,3
Misnem,0,3,3
Misni,0,3,3
Misrani,0,3,3
Misranto,3,0,3
Misriah,0,3,3
Misriam,3,0,3
Miss,0,3,3
Missa,3,0,3
Missalli,3,0,3
Missanda,0,3,3
Missane,0,3,3
Missangi,0,3,3
Misserey,0,3,3
Missheny,0,3,3
Missie,0,3,3
Missirin-Sodjo,3,0,3
Misslee,0,3,3
Missoean-Ali,3,0,3
Missoni,3,0,3
Misstique,0,3,3
Missueny,0,3,3
Mista,0,3,3
Mistafa,3,0,3
Mistani,0,3,3
Mistaya,0,3,3
Mister,3,0,3
Misterix,3,0,3
Mistery,0,3,3
Mistey,0,3,3
Mistiarley,0,3,3
Mistico,3,0,3
Mistiera,0,3,3
Mistique,0,3,3
Mistislav,3,0,3
Mısto,3,0,3
Mistrál,0,3,3
Mistrea,0,3,3
Misty-Edge,0,3,3
Mistyca,0,3,3
Misueney,0,3,3
Misunshine,0,3,3
Miswan,3,0,3
Miswueny,0,3,3
Misy,0,3,3
Misza,3,0,3
Miszaida,0,3,3
Miszy,0,3,3
Mitad,3,0,3
Mitaigeuny,0,3,3
Mitaishelo,3,0,3
Mitalee,0,3,3
Mitani,0,3,3
Mitaryason,3,0,3
Mitatcan,3,0,3
Mitch-Jayliënne,0,3,3
Mitchael,3,0,3
Mitchal,3,0,3
Mitchanok,3,0,3
Mitchar,3,0,3
Mitcheil,3,0,3
Mitchél,3,0,3
Mitchelangel,3,0,3
Mitchelano,3,0,3
Mitchelia,0,3,3
Mitchèll,3,0,3
Mitchell-Charles,3,0,3
Mitchell-Dean,3,0,3
Mitchell-Kay,3,0,3
Mitchell-Ray,3,0,3
Mitchellano,3,0,3
Mitchellirving,3,0,3
Mitchellson,3,0,3
Mitchelt,3,0,3
Mitchengely,0,3,3
Mitchi,3,0,3
Mitchian,3,0,3
Mitchico,0,3,3
Mitchigan,3,0,3
Mitchley,3,0,3
Mitchsy,0,3,3
Mitchterry,3,0,3
Mitchyka,0,3,3
Mité,0,3,3
Mitea,3,0,3
Miteko,0,3,3
Mitel,3,0,3
Mitesh,3,0,3
Mith,3,0,3
Mithad,3,0,3
Mithal,0,3,3
Mithan,0,3,3
Mithanuel,3,0,3
Mithatcan,3,0,3
MithatRauf,3,0,3
Mithel,3,0,3
Mithèse,0,3,3
Mithew,3,0,3
Mithley,0,3,3
Mithrim,3,0,3
Miths,3,0,3
Mithu,3,0,3
Mithulan,3,0,3
Mithulash,3,0,3
Mithuna,0,3,3
Mithunkumar,3,0,3
Mithurshan,3,0,3
Mithusant,3,0,3
Miti,0,3,3
Mitica,3,0,3
Miticha,0,3,3
Mitiku,3,0,3
Mitille,0,3,3
Mitine,0,3,3
Mitjano,3,0,3
Mitjay,3,0,3
Mitjelroxby,3,0,3
Mitjena,0,3,3
Mitjenka,3,0,3
Mitji-Martha,0,3,3
Mitjie,0,3,3
Mitka,0,3,3
Mito,0,3,3
Mitoe,3,0,3
Mitone,0,3,3
Mitonja,0,3,3
Mitonya,0,3,3
Mitouti,0,3,3
Mitradewie,0,3,3
Mitrakumari,0,3,3
Mitranand,3,0,3
Mitranie,0,3,3
Mitrasing,3,0,3
Mitrasj,3,0,3
Mitrei,3,0,3
Mitreselie,0,3,3
Mitresijn,3,0,3
Mitrewitska,0,3,3
Mitri,0,3,3
Mitridate,3,0,3
Mitrovan,3,0,3
Mitsa,0,3,3
Mitsah,3,0,3
Mitsaïl,3,0,3
Mitsaury,0,3,3
Mitsch,3,0,3
Mitschel,3,0,3
Mitsco,0,3,3
Mitsella,0,3,3
Mitsha,3,0,3
Mitshell,3,0,3
Mitshika,0,3,3
Mitsiarelle,0,3,3
Mitsie,0,3,3
Mitsjel,3,0,3
Mitsou,0,3,3
Mitsoukha,0,3,3
Mitsu-Aki,3,0,3
Mitsuey,0,3,3
Mitsya,0,3,3
Mitsz,3,0,3
Mitta,0,3,3
Mittchella,0,3,3
Mittelein,0,3,3
Mitthai,3,0,3
Mitti,0,3,3
Mittia,3,0,3
Mitu,0,3,3
Mitwa,0,3,3
Mitzel,0,3,3
Mitziko,0,3,3
Mitzsy,0,3,3
Mitzu,0,3,3
Mitzvah,3,0,3
Miucci,0,3,3
Miucha,0,3,3
Miuchia,0,3,3
Miuchorrel,3,0,3
Miuda,0,3,3
Miujizo,3,0,3
Miuka,0,3,3
Miurka,0,3,3
Mivada,0,3,3
Mivainell,3,0,3
Mivano,3,0,3
Mivida,0,3,3
Mivienne,0,3,3
Miviënthaily,0,3,3
Mivodina,0,3,3
Mivonainy,0,3,3
Mivtach,3,0,3
Miw-Woen,3,0,3
Miwand,3,0,3
Miwanda,0,3,3
Miwensa,0,3,3
Mixsaine,0,3,3
Mixson,3,0,3
Miy-Lgane,0,3,3
Miya-Ailee,0,3,3
Miyaada,0,3,3
Miyabi,0,3,3
Miyah-Mae,0,3,3
Miyaisah,0,3,3
Miyaki,3,0,3
Miyalee,0,3,3
Miyamora,0,3,3
Miyanda,0,3,3
Miyandro,3,0,3
Miyanne,0,3,3
Miyantrie,0,3,3
Miyara,0,3,3
Miyarai,0,3,3
Miyari,3,0,3
Miyaser,0,3,3
Miyax,0,3,3
Miyaz,3,0,3
Miyckel,3,0,3
Miyel,3,0,3
Miyellé,0,3,3
Miyen,0,3,3
Miyèse,0,3,3
Miyeser,0,3,3
Miyét,0,3,3
Miying,0,3,3
Miyka'el,3,0,3
Miyouko,3,0,3
Miyoulène,0,3,3
Miyron,3,0,3
Miyssa,0,3,3
Miyú,0,3,3
Miyuno,3,0,3
Miyushi,0,3,3
Miyya,0,3,3
Mizaan,3,0,3
Mizae,3,0,3
Mizáigeny,0,3,3
Mizanali,3,0,3
Mizangela,0,3,3
Mizangelo,3,0,3
Mizani,3,0,3
Mizar,3,0,3
Mizette,0,3,3
Mizhaëly,0,3,3
Mizinga,0,3,3
Mizja,0,3,3
Mizkien,3,0,3
Miznawi,3,0,3
Mizpa,3,0,3
Mizriam,0,3,3
Mizsefa,0,3,3
Mizu,0,3,3
Mizuo,3,0,3
Mizyal,0,3,3
Mizzah,3,0,3
Mizzio,3,0,3
Miłosława,0,3,3
Mj-Djaidén,3,0,3
MJAH,3,0,3
Mjay,3,0,3
MJB,0,3,3
Mje,3,0,3
Mjebolla,3,0,3
Mjed,0,3,3
MJEG,0,3,3
Mjenzi,3,0,3
Mjeshtri,3,0,3
MJF,0,3,3
MJJ,0,3,3
MJK,0,3,3
MJMA,3,0,3
Mjollnir,3,0,3
Mjon,0,3,3
Mjong,0,3,3
MJP,3,0,3
MJW,0,3,3
Mkarius,3,0,3
Mkatini,3,0,3
Mkazighe,0,3,3
MKE,0,3,3
Mkhango,3,0,3
Mkheyan,0,3,3
Mladenko,3,0,3
Mlawa,3,0,3
MLC,0,3,3
MLE,0,3,3
MLEJM,0,3,3
Mline,0,3,3
MLM,0,3,3
Mloka,0,3,3
MLRA,0,3,3
MLRM,3,0,3
MLT,0,3,3
Mlugeta,3,0,3
MLW,0,3,3
Mlyhyia,3,0,3
Mmaduabrochukwu,3,0,3
Mmaduabuchi,0,3,3
Mmahyoula,0,3,3
Mmaiga,0,3,3
Mmapule,0,3,3
MMC,0,3,3
MMH,0,3,3
MMM,0,3,3
Mmoulaid,0,3,3
Mmoziong,3,0,3
MMPM,0,3,3
MMTM,0,3,3
Mmystiqu,0,3,3
Mnana,0,3,3
Mnar,0,3,3
Mnase,3,0,3
Mnason,3,0,3
Mnassie,3,0,3
Mnat,0,3,3
Mnême,0,3,3
Mng'ono,3,0,3
Mnomane,3,0,3
Mnyika,3,0,3
Mo'awiya,3,0,3
Mo'Hammond,3,0,3
Mo'iez,3,0,3
Mo'Ischa,0,3,3
Mo'ne,0,3,3
Mö-aisha,0,3,3
Mo-Anne,0,3,3
Mo-aqib,3,0,3
Mo-Azzem,3,0,3
Mo-azziem,3,0,3
Mo-Daimen,3,0,3
Mo-esya,0,3,3
Mo-Juriaan,3,0,3
Mo-May,0,3,3
Mo-Nikáo,3,0,3
Mo-ska,3,0,3
Mo-Wah,3,0,3
Mo-Yccia,0,3,3
Mo-Yin,0,3,3
Moa-Mey,0,3,3
Moach,3,0,3
Moâd,3,0,3
Moadja,0,3,3
Moaëll,3,0,3
Moaid,3,0,3
Moaijad,3,0,3
Moaitasim,3,0,3
Moaiz,3,0,3
Moaman,3,0,3
Moamar,3,0,3
Moamer,3,0,3
Moammel,3,0,3
Móan,3,0,3
Moána,0,3,3
Moánne,0,3,3
Moannestriel,0,3,3
Moany,3,0,3
Moära,0,3,3
Moarah,0,3,3
Moarli,3,0,3
Moarn,3,0,3
Moas,3,0,3
Moatamid,3,0,3
Moâtamid,3,0,3
Moâtasim,3,0,3
Moatassem,3,0,3
Moâtassim,3,0,3
Moãtaz,3,0,3
Moätez,3,0,3
Moath,3,0,3
Moatz,3,0,3
Moawia,3,0,3
Moawiyah,3,0,3
Moayd,3,0,3
Moaze,3,0,3
Moazem,3,0,3
Moazen,3,0,3
Moazzam,3,0,3
Moäzzama,0,3,3
Moazzin,3,0,3
Mobah,0,3,3
Mobarah,0,3,3
Mobarik,3,0,3
Mobariz,3,0,3
Mobash-Sharah,0,3,3
Mobashar,3,0,3
Mobasier,3,0,3
Mobdya,0,3,3
Mobie,3,0,3
Mobiena,0,3,3
Mobisher,3,0,3
Möbius,3,0,3
Moc,0,3,3
Moc-Leng,0,3,3
Mocees,3,0,3
Moceta,0,3,3
Mochdba,3,0,3
Moche,3,0,3
Mochima,3,0,3
Mochtaria,0,3,3
Mociano,3,0,3
Mociënne,0,3,3
Mocne,3,0,3
Moco,3,0,3
Moctezuma,3,0,3
Moctézuma,3,0,3
Modachai,3,0,3
Modakir,3,0,3
Modane,3,0,3
Modas-Maria,0,3,3
Modasser,3,0,3
Moday,0,3,3
Modé,3,0,3
Modela,0,3,3
Modeser,3,0,3
Modèste,0,3,3
Modestha,0,3,3
Modestie,0,3,3
Modestino,3,0,3
Modestinus,3,0,3
Modèsty,0,3,3
Módi,3,0,3
Modian,0,3,3
Modie,0,3,3
Modiën,0,3,3
Modiëne,0,3,3
Modigliani,3,0,3
Modika,3,0,3
Modini,0,3,3
Modinyo,3,0,3
Modiŝa,0,3,3
Modise,3,0,3
Modisha,3,0,3
Modjano,3,0,3
Modjiano,3,0,3
Modjo,3,0,3
Modonga,3,0,3
Modranicia,0,3,3
Modue,3,0,3
Modupeoluwa,0,3,3
Modyene,0,3,3
Modzinekonam,0,3,3
Moe'iem,3,0,3
Moe'iena,0,3,3
Moe'sha,0,3,3
"Moe,iez",3,0,3
Moeaadh,3,0,3
Moeamel,3,0,3
Moeammar,3,0,3
Moeazzam,3,0,3
Moeazzama,0,3,3
Moebaarek,3,0,3
Moebarek,3,0,3
Moebarthelo,3,0,3
Moebasheroenissa,0,3,3
Moebien,3,0,3
Moebiena,0,3,3
Moechtasar,3,0,3
Moeck,3,0,3
Moedasham,3,0,3
Moedertje,0,3,3
Moedijono,3,0,3
Moedjahied,3,0,3
Moedjena,0,3,3
Moedjieba,0,3,3
Moedjiezah,0,3,3
Moedjila,0,3,3
Moedjinah,0,3,3
Moedjira,0,3,3
Moedjiran,3,0,3
Moedjoenah,0,3,3
Moedjono,3,0,3
Moedjtaba,3,0,3
Moedrikadevie,0,3,3
Moeemen,3,0,3
Moeen,3,0,3
Moeesha,0,3,3
Moefidah,0,3,3
Moefke,0,3,3
Moegaddien,3,0,3
Moegi,3,0,3
Moegiez,3,0,3
Moegly,3,0,3
Moehamadsalin,3,0,3
Moehamat,3,0,3
Moehamed,0,3,3
Moehammadali,3,0,3
Moeharram,0,3,3
Moehib,3,0,3
Moehiejjoeddien,3,0,3
Moehisha,0,3,3
Moehjiddin,3,0,3
Moehna,0,3,3
Moei-Ghie,0,3,3
Moei-Jin,0,3,3
Moei-Lien,0,3,3
Moei-Lin,0,3,3
Moei-Ling,0,3,3
Moeiangha,3,0,3
Moeiena,0,3,3
Moeienoeddien,3,0,3
Moeifung,0,3,3
Moeijed,3,0,3
Moeijinga,0,3,3
Moeinah,0,3,3
Moeïnga,0,3,3
Moeischa,0,3,3
Moeïscha,0,3,3
Moeiva,3,0,3
Moej,0,3,3
Moejaahid,3,0,3
Moejengé,0,3,3
Moejéva,0,3,3
Moejinga,0,3,3
Moejirokmawanto,3,0,3
Moek-Corry,0,3,3
Moekarram,3,0,3
Moekesh,3,0,3
Moekhram,3,0,3
Moekiman,3,0,3
Moekiran,3,0,3
Moelai,0,3,3
Moelaz,3,0,3
Moelie,3,0,3
Moelijadi,3,0,3
Moeljadie,3,0,3
Moeljono,3,0,3
Moelka,0,3,3
Moëll,3,0,3
Moella,0,3,3
Moelong,3,0,3
Moelradj,3,0,3
Moelshanker,3,0,3
Moëma,0,3,3
Moemtiaz,0,3,3
Moën,0,3,3
Moèna,0,3,3
Moenadji,3,0,3
Moenaf,3,0,3
Moenandar,0,3,3
Moenauwarali,3,0,3
Moenawwar,3,0,3
Moenazza,0,3,3
Moendari,0,3,3
Moender,3,0,3
Moendhir,3,0,3
Moendjaït,3,0,3
Moendjaja,0,3,3
Moenegiennia,0,3,3
Moeneke,0,3,3
Moenem,3,0,3
Moenes,3,0,3
Moenesar,3,0,3
Moeni,3,0,3
Moeniale,3,0,3
Moeniba,0,3,3
Moenieb,3,0,3
Moeniefa,0,3,3
Moenierahbano,0,3,3
Moenieram,3,0,3
Moeniesh,3,0,3
Moeniesha,0,3,3
Moenik,0,3,3
Moenimbersingh,3,0,3
Moeniqua,0,3,3
Moenique,0,3,3
Moenirah,0,3,3
Moenisa,0,3,3
Moenise,0,3,3
Moenishma,0,3,3
Moeniska,0,3,3
Moenissagatoen,0,3,3
Moenjie,3,0,3
Moenjos,3,0,3
Moënna,0,3,3
Moensa,0,3,3
Moensif,3,0,3
Moentadjali,3,0,3
Moentasir,3,0,3
Moeqaddiesa,0,3,3
Moéra,0,3,3
Moerah,0,3,3
Moerano,3,0,3
Moerat,3,0,3
Moerbantorro,3,0,3
Moeree,0,3,3
Moeria,3,0,3
Moeriah,0,3,3
Moeries,3,0,3
Moerijati,0,3,3
Moerinten,0,3,3
Moerjati,0,3,3
Moerkerk,3,0,3
Moerna,0,3,3
Moerni,0,3,3
Moerrad,3,0,3
Moersal,3,0,3
Moersiman,3,0,3
Moertaadh,3,0,3
Moertada,3,0,3
Moertazaa,3,0,3
Moertazza,3,0,3
Moertiedevi,0,3,3
Moertinem,0,3,3
Moertini,0,3,3
Moerwarid,0,3,3
Moes'ab,3,0,3
Môesa,3,0,3
Moesab,3,0,3
Moesaddiq,3,0,3
Moesafier,3,0,3
Moesah,3,0,3
Moesanie,0,3,3
Moesantie,3,0,3
Moesawer,3,0,3
Moéscha,0,3,3
Moescha,0,3,3
Moëscha,0,3,3
Moesetta,0,3,3
Moésha,0,3,3
Moêsha,0,3,3
Moeshab,3,0,3
Moeshira,0,3,3
Moeshla,0,3,3
Moeshrafali,3,0,3
Moeshulaya,0,3,3
Moesijem,0,3,3
Moesingha,3,0,3
Moesiran,3,0,3
Moesja,0,3,3
Moesjarraf,3,0,3
Moesjarriefa,0,3,3
Moesliema,0,3,3
Moeslund,0,3,3
Moessaddieq,3,0,3
Moessie,3,0,3
Moestaak,3,0,3
Moestafakalien,3,0,3
Moestaghesuzaman,3,0,3
Moestakiema,0,3,3
Moestaphar,3,0,3
Moestar,3,0,3
Moestava,3,0,3
Moestefa,3,0,3
Moësyah,0,3,3
Moetaa,3,0,3
Moetalib,3,0,3
Moetasim,3,0,3
Moeti,3,0,3
Moèti,3,0,3
Moetina,0,3,3
Moetoesingi,0,3,3
Moettalib,3,0,3
Moewense,3,0,3
Moey,0,3,3
Moëz,3,0,3
Moezammin,3,0,3
Moezda,0,3,3
Moezerijntje,0,3,3
Moezes,3,0,3
Mofadal,3,0,3
Mofaddel,0,3,3
Mofak,3,0,3
Moffo,3,0,3
Mofinha,0,3,3
Mofoluke,0,3,3
Mogahid,3,0,3
Mogaiyah,0,3,3
Mogamed,3,0,3
Mogán,0,3,3
Moganbul,0,3,3
Mogendrick,3,0,3
Mogèneca,0,3,3
Mogèntly,3,0,3
Moghid,3,0,3
Moghite,3,0,3
Moghli,0,3,3
Mogi,3,0,3
Mogidi,3,0,3
Mogilf,0,3,3
Mogito,3,0,3
Mogje,0,3,3
Moglan,3,0,3
Mogoia,0,3,3
Mogomri,3,0,3
Mogonta,0,3,3
Mogsan,3,0,3
Mogter,3,0,3
Moh'Saïd,3,0,3
Mohaa,3,0,3
Mohaad,3,0,3
Mohabbat,0,3,3
Mohabed,0,3,3
Mohabier,3,0,3
Mohabiersing,3,0,3
Mohadasa,0,3,3
Mohaddesah,0,3,3
Mohaddese,0,3,3
Mohadesa,0,3,3
Mohadese,0,3,3
Mohagel,0,3,3
Mohaiemen,3,0,3
Mohaimin,3,0,3
Mohaimn,3,0,3
Mohaira,0,3,3
Mohamaad,3,0,3
Mohamadfroogh,3,0,3
Mohamadmodasir,3,0,3
Mohamadu,3,0,3
Mohamadwaly,3,0,3
Mohamady,0,3,3
Mohamd,3,0,3
MOhamed,3,0,3
Mohamed-,3,0,3
Mohamed-Afzal,3,0,3
Mohamed-Ahzaas,3,0,3
Mohamed-Amien,3,0,3
Mohamed-Anwar,3,0,3
Mohamed-Ashif,3,0,3
Mohamed-Asief,3,0,3
Mohamed-Aziezs,3,0,3
Mohamed-Aziz,3,0,3
Mohamed-Billal,3,0,3
Mohamed-Damin,3,0,3
Mohamed-El,3,0,3
Mohamed-Faroek,3,0,3
Mohamed-Ghazi,3,0,3
Mohamed-Nour,3,0,3
Mohamed-Nouri,3,0,3
Mohamed-Rasjied,3,0,3
Mohamed-Rayane,3,0,3
Mohamed-Razzaak,3,0,3
Mohamed-Ridaa,3,0,3
Mohamed-Safwane,3,0,3
Mohamed-Saoul,3,0,3
Mohamed-Sarfaraas,3,0,3
Mohamed-Shafique,3,0,3
Mohamed-Shahzaad,3,0,3
Mohamed-Shamad,3,0,3
Mohamed-Shu-Eib,3,0,3
Mohamed-Talaat-Ayobi,3,0,3
Mohamed-Yassin,3,0,3
Mohamed-Yassine,3,0,3
Mohamed-Younes,3,0,3
Mohamed-Yousri,3,0,3
Mohamed-Yusuf,3,0,3
Mohamed-Ziyad,3,0,3
Mohamedadjiedj,3,0,3
Mohamedajoeb,3,0,3
Mohamedajoep,3,0,3
Mohamedamiin,3,0,3
Mohamedamine,3,0,3
Mohamedanoor,3,0,3
Mohamedarfaan,3,0,3
Mohamedarief,3,0,3
Mohamedaroen,3,0,3
Mohamedasvahani,3,0,3
Mohamedazem,3,0,3
Mohamedaziez,3,0,3
Mohamedba,3,0,3
Mohamedbaks,3,0,3
Mohameddek,3,0,3
Mohameddien,3,0,3
Mohamedesmayl,3,0,3
Mohamedfadil,3,0,3
Mohamedfirdouse,3,0,3
Mohamedgahlied,3,0,3
Mohamedgalied,3,0,3
Mohamedimran,3,0,3
Mohamedkasim,3,0,3
Mohamedkheir,3,0,3
Mohamedlatif,3,0,3
Mohamedliam,3,0,3
Mohamedmuntadj,3,0,3
Mohamednoor,3,0,3
Mohamedrafie,3,0,3
Mohamedrafiek,3,0,3
Mohamedraoef,3,0,3
Mohamedrashid,3,0,3
Mohamedreza,3,0,3
Mohamedsahied,3,0,3
Mohamedsayed,3,0,3
Mohamedshakeel,3,0,3
Mohamedshiefran,3,0,3
Mohamedsire,3,0,3
Mohamedwael,3,0,3
Mohamedwahied,3,0,3
Mohamedy,3,0,3
Mohamedzahmeerkhan,3,0,3
Mohamedzaïd,3,0,3
Mohamin,3,0,3
Mohammad-Azhar,3,0,3
Mohammad-djaleel,3,0,3
Mohammad-Fahad,3,0,3
Mohammad-Junaid,3,0,3
Mohammad-Lütfie,3,0,3
Mohammad-Mustafa,3,0,3
Mohammad-Shahenshah,3,0,3
Mohammad-Shiefayat,3,0,3
Mohammadabdoel,3,0,3
Mohammadabdullahi,3,0,3
Mohammadali,3,0,3
Mohammadgeele,0,3,3
Mohammadhosain,3,0,3
Mohammadirshaad,3,0,3
Mohammadmahdi,3,0,3
Mohammadniaz,3,0,3
Mohammadsoebhan,3,0,3
Mohammadtaki,3,0,3
Mohammadu,3,0,3
Mohammady,3,0,3
Mohammed-Abdelouahab,3,0,3
Mohammed-Abu-Baker,3,0,3
Mohammed-Adam,3,0,3
Mohammed-Adil,3,0,3
Mohammed-Adjied,3,0,3
Mohammed-Akram,3,0,3
Mohammed-Al-Galil,3,0,3
Mohammed-Al-Zahir,3,0,3
Mohammed-amien,3,0,3
Mohammed-amin,3,0,3
Mohammed-Arasch,3,0,3
Mohammed-Ashraf,3,0,3
Mohammed-Billâl,3,0,3
Mohammed-Chahid,3,0,3
Mohammed-Damin,3,0,3
Mohammed-Emre,3,0,3
Mohammed-Giezer,3,0,3
Mohammed-Hassan,3,0,3
Mohammed-Isa,3,0,3
Mohammed-Naushadali,3,0,3
Mohammed-Nisaar,3,0,3
Mohammed-Nur,0,3,3
Mohammed-Sahyr,3,0,3
Mohammed-Sajed,3,0,3
Mohammed-Sharfaraz,3,0,3
Mohammed-Wael,3,0,3
Mohammed-Yassine,3,0,3
Mohammed-Yousouf,3,0,3
Mohammed-Yushua,3,0,3
Mohammedamir,3,0,3
Mohammedazif,3,0,3
Mohammedaziz,3,0,3
Mohammeddeeg,3,0,3
Mohammeddien,3,0,3
Mohammeddin,3,0,3
Mohammedfaijaaz,3,0,3
Mohammedgaliek,3,0,3
Mohammedhazieq,3,0,3
Mohammedie,3,0,3
Mohammedkhan,3,0,3
MohammedMimoun,3,0,3
Mohammednour,3,0,3
Mohammedoesman,3,0,3
Mohammedrda,3,0,3
Mohammedreda,3,0,3
Mohammedriaas,3,0,3
Mohammedriza,3,0,3
Mohammedsha,3,0,3
Mohammedshifaz,3,0,3
Mohammedyaasien,3,0,3
Mohan-Adjai,3,0,3
Mohan-Koemar,3,0,3
Mohanet,3,0,3
Mohanie,0,3,3
Mohaniedebie,0,3,3
Mohanish,3,0,3
Mohankoemar,3,0,3
Mohanny,0,3,3
Mohanparsad,3,0,3
Mohanperkash,3,0,3
Mohansahay,3,0,3
Mohanwatie,0,3,3
Mohany,0,3,3
Moharam,3,0,3
Moharem,3,0,3
Moharrem,3,0,3
Mohassen,3,0,3
Mohave,3,0,3
Mohaymine,3,0,3
Mohazebien,0,3,3
Mohbin,0,3,3
Mohçin,3,0,3
Mohcinn,3,0,3
Mohèb,3,0,3
Mohéd,3,0,3
Moheeb,3,0,3
Moheed,3,0,3
Mohela,0,3,3
Mohemen,3,0,3
Mohemi,0,3,3
Mohena,0,3,3
Moheni-Devi,0,3,3
Moheniedevi,0,3,3
Moher,3,0,3
Mohesin,3,0,3
Mohesri,0,3,3
Mohey,0,3,3
Moheymin,3,0,3
Moheyna,0,3,3
Mohëysha,0,3,3
Mohhamed,3,0,3
Mohhammad,3,0,3
Mohhemmed,3,0,3
Mohi,0,3,3
Mohibddin,3,0,3
Mohibullah,3,0,3
Mohica,0,3,3
Mohicha,0,3,3
Mohidien,3,0,3
Mohim,3,0,3
Mohima,0,3,3
Mohinesh,3,0,3
Mohineshpersad,3,0,3
Mohinidevie,0,3,3
Mohinin,0,3,3
Mohinish,3,0,3
Mohinni,0,3,3
Mohinoor,3,0,3
Mohioedinkhan,3,0,3
Mohira,0,3,3
Mohire,0,3,3
Mohisah,0,3,3
Mohisen,3,0,3
Mohite,3,0,3
Mohiuddeen,3,0,3
Mohiz,3,0,3
Mohja,0,3,3
Mohmen,3,0,3
Mohmer,3,0,3
Mohmmedraza,3,0,3
Mohmmet,3,0,3
Mohmoud,0,3,3
Mohmuda,0,3,3
Mohnad,0,3,3
Mohned,3,0,3
Mohney,0,3,3
Mohnis,3,0,3
Möhöbet,0,3,3
Mohodin,3,0,3
Mohomed,3,0,3
Mohomet,3,0,3
Mohommaddeen,3,0,3
Mohommet,3,0,3
Mohonee,0,3,3
Mohra,0,3,3
Mohraeeil,0,3,3
Mohrael,0,3,3
Mohrail,0,3,3
Mohraïl,0,3,3
Mohréa,0,3,3
Möhrübe,0,3,3
Mohsena,0,3,3
Mohshammet,0,3,3
Mohsien,3,0,3
Mohtada,3,0,3
Mohtadi,3,0,3
Mohuba,0,3,3
Mohyadine,3,0,3
Mohydine,3,0,3
Mohye,0,3,3
Mohyny,0,3,3
Mohyra,0,3,3
Mohysha,0,3,3
Mohyud,3,0,3
Moï,0,3,3
Moi-Fa,0,3,3
Moi-Kwai,0,3,3
Moi-she,0,3,3
Moïbah,0,3,3
Moibe,0,3,3
Moïbe,0,3,3
Moïc,3,0,3
Moiche,3,0,3
Moidele,0,3,3
Moidu,0,3,3
Moiena,0,3,3
Moïez,3,0,3
Moigimy,0,3,3
Moihwa,0,3,3
Moije,0,3,3
Moikasian,0,3,3
Moike,0,3,3
Moikee,3,0,3
Moiliwy,3,0,3
Moilobi,0,3,3
Moïme,0,3,3
Moin-Mudsar,3,0,3
Moini,0,3,3
Moïnoeddien,3,0,3
Moïnuddin,3,0,3
Móira,0,3,3
Moíra,0,3,3
Moìra,0,3,3
Moira-Jeanne,0,3,3
Moira-Lillian,0,3,3
Moïra-Michelle,0,3,3
Moiragh,0,3,3
Moireach,0,3,3
Moirisette,0,3,3
Moisanjah,3,0,3
Moïsarah,0,3,3
Moïscha,0,3,3
Moìse,3,0,3
Moisé,3,0,3
Moiselle,0,3,3
Moiselys,0,3,3
Moisès,3,0,3
Moïsette,0,3,3
Moïsh,0,3,3
Moísha,0,3,3
Môïsha,0,3,3
Moïsha-Grace,0,3,3
Moïshe,3,0,3
Moïsie,0,3,3
Moisie,0,3,3
Moisis,3,0,3
Moisje,0,3,3
Moisso,0,3,3
Moistafa,3,0,3
Moïsyàh,0,3,3
Moïtamid,3,0,3
Moïtasim,3,0,3
Moitheri,0,3,3
Moitia,0,3,3
Moiye,3,0,3
Moïyra,0,3,3
Moize,0,3,3
Moizza,0,3,3
Moizzah,0,3,3
Mojah,3,0,3
Mojan,0,3,3
Mojavé,3,0,3
Mojay,0,3,3
Mojde,0,3,3
Moje,0,3,3
Mojeebullah,3,0,3
Mojeed,3,0,3
Mojeno,3,0,3
Mojesah,0,3,3
Mojghan,0,3,3
Moji,3,0,3
Mojib,3,0,3
Mojibe,3,0,3
Mojiebrahman,3,0,3
Mojifah,0,3,3
Mojilola,0,3,3
Mojmír,3,0,3
Mojmir,3,0,3
Mojoko,0,3,3
Mojra,0,3,3
Mojsije,3,0,3
Mojud,3,0,3
Mojukulu,0,3,3
Mojumber,3,0,3
Mok-Hiufung,3,0,3
Mok-Hoilam,0,3,3
Moka,3,0,3
Mokadas,0,3,3
Mokaltum,0,3,3
Mokanda,0,3,3
Mokaria,0,3,3
Mokeda,0,3,3
Mokeltom,0,3,3
Mokend,0,3,3
Mokhlis,3,0,3
Mokhtara,0,3,3
Mokhtari,3,0,3
Moki,3,0,3
Mokiri,3,0,3
Mokisha,0,3,3
Mokka,0,3,3
Mokoli,0,3,3
Mokonen,0,3,3
Mokpokpo,3,0,3
Mokshan,3,0,3
Moktaar,3,0,3
Moku,3,0,3
Mokus,3,0,3
Mokusyou,3,0,3
Mol,3,0,3
Mola,3,0,3
Molada,0,3,3
Molah,0,3,3
Molan,3,0,3
Molando,3,0,3
Molano,3,0,3
Molas,0,3,3
Molau,3,0,3
Molay,3,0,3
Molden,3,0,3
Moleek,3,0,3
Moleesha,0,3,3
Molela,0,3,3
Molemo,3,0,3
Molena,0,3,3
Molengo,3,0,3
Molestus,3,0,3
Molhim,3,0,3
Molichia,0,3,3
Molier,3,0,3
Molière,3,0,3
Molika,0,3,3
Molilia,0,3,3
Molin,0,3,3
Molinda,0,3,3
Molino,3,0,3
Molique,0,3,3
Molitio,3,0,3
Molito,3,0,3
Moljo,3,0,3
Molk,0,3,3
Mollat,3,0,3
Molle-Alexander,3,0,3
Mollika,0,3,3
Mollinus,3,0,3
Molloy,3,0,3
Mollud,3,0,3
Mollymaayke,0,3,3
Molnar,3,0,3
Molouk,0,3,3
Moloury,0,3,3
Moluisèneca,0,3,3
Molusa,0,3,3
Molyadi,3,0,3
Molyidriss,3,0,3
Molynn,0,3,3
Momal,0,3,3
Momat,3,0,3
Mombert,3,0,3
Momchil,3,0,3
Momčilo,3,0,3
Mòmen,3,0,3
Momena,0,3,3
Momenien,3,0,3
Momi,0,3,3
Momienagatoen,0,3,3
Momienaghatoen,0,3,3
Mominagatoen,0,3,3
Mominakhatoen,0,3,3
Momir,3,0,3
Momke,0,3,3
Mommo,3,0,3
Mommy,0,3,3
Momodu,3,0,3
Momorall,3,0,3
Mompombi,3,0,3
Momtahida,0,3,3
Momtazah,0,3,3
Momtchil,3,0,3
Moña,0,3,3
Mona-Aïsha,0,3,3
Mona-Karima,0,3,3
Mona-Lita,0,3,3
Mona-Louise,0,3,3
Monaaf,3,0,3
Monache,3,0,3
Monáe-janelle,0,3,3
Monaîme,3,0,3
Monaira,0,3,3
Monalie,0,3,3
Monalis,0,3,3
Monami,0,3,3
Monanaura,0,3,3
Monantha,0,3,3
Monaplansia,0,3,3
Monard,3,0,3
Monarosa,0,3,3
Monaseetha,0,3,3
Monashree,0,3,3
Monata,0,3,3
Monauk,3,0,3
Monavar,0,3,3
Monawar,3,0,3
Monawwer,3,0,3
Monaye,0,3,3
Monayn,3,0,3
Monaza,0,3,3
Monazza,0,3,3
Monceff,3,0,3
Moncha,0,3,3
Monchello,3,0,3
Monchéri,0,3,3
Moncherry,0,3,3
Monchia,0,3,3
Monchiano,3,0,3
Monchino,3,0,3
Monchique,0,3,3
Monchita,0,3,3
Moncho,3,0,3
Moncihano,3,0,3
Mondavi,3,0,3
Mondayle,3,0,3
Mondé,3,0,3
Monde,0,3,3
Mondejar,3,0,3
Mondelvio,3,0,3
Mondésir,3,0,3
Mondey,0,3,3
Mondial,3,0,3
Mondiàr,3,0,3
Mondie,0,3,3
Mondin,3,0,3
Mondinette,0,3,3
Mondino,3,0,3
Mondjia,0,3,3
Mondlane,0,3,3
Mondli,3,0,3
Mondrian,3,0,3
Moné,0,3,3
Monea,0,3,3
Monee,0,3,3
Moneé,0,3,3
Monée,0,3,3
Moneem,3,0,3
Moneir,3,0,3
Moneke,0,3,3
Monel,3,0,3
Monelle,0,3,3
Monér,3,0,3
Monèra,0,3,3
Monerice,0,3,3
Monerina,0,3,3
Monét,0,3,3
Monèt,0,3,3
Moneth,0,3,3
Moneva,0,3,3
Monez,3,0,3
Monèzra,0,3,3
Monfreid,3,0,3
Monga,0,3,3
Mongeda,0,3,3
Mongezi,3,0,3
Mongi,3,0,3
Mongia,0,3,3
Mongina,0,3,3
Mongkhun,3,0,3
Mongny,0,3,3
Mongome,0,3,3
Mongor,0,3,3
Monhem,3,0,3
Monhir,3,0,3
Moniaka,3,0,3
Moniallan,0,3,3
Moniam,3,0,3
Moniana,0,3,3
Moniat,0,3,3
Moniba,0,3,3
Monibe,3,0,3
Monibo,0,3,3
Moniça,0,3,3
Mônica,0,3,3
Moníca,0,3,3
Monica-Louise,0,3,3
Monicha,0,3,3
Monicia,0,3,3
Monicki,0,3,3
Monicqe,0,3,3
Monicue,0,3,3
Monicya,0,3,3
Monida,0,3,3
Monieb,3,0,3
Moniecka,0,3,3
Moniëlle,0,3,3
Monienke,0,3,3
Monieq,0,3,3
Monieqe,0,3,3
Monies,0,3,3
Moniesha,0,3,3
Monieyre,0,3,3
Monifay,0,3,3
Monifha,0,3,3
Monigaû,0,3,3
Monigie,0,3,3
Monija,0,3,3
Monikc,0,3,3
Monilicia,0,3,3
Monilla,0,3,3
Monilouise,0,3,3
Monim,3,0,3
Monïm,3,0,3
Monina,0,3,3
Moninca,3,0,3
Monipha,0,3,3
Moniqenancy,0,3,3
Moniqúe,0,3,3
Mônique,0,3,3
Moniquê,0,3,3
Monique-Cécile,0,3,3
Monique-Jeanine,0,3,3
Monique-Marie,0,3,3
Monique-Nicole,0,3,3
Moniquea,0,3,3
Moniques,0,3,3
Moniraa,0,3,3
Moniram,3,0,3
Moniratou,0,3,3
Monire,3,0,3
Monireh,0,3,3
Monis,3,0,3
Monise,0,3,3
Monïsha,0,3,3
Monishadevi,0,3,3
Monishe,0,3,3
Monishola,0,3,3
Monisia,0,3,3
Monisola,0,3,3
Monixeu,0,3,3
Moniza,0,3,3
Monja-Malu,0,3,3
Monjana,0,3,3
Monjano,3,0,3
Monjira,0,3,3
Monjo,3,0,3
Monka,0,3,3
Monkango,0,3,3
Monkau,3,0,3
Monkid,3,0,3
Monlam,3,0,3
Monlan,0,3,3
Monlandisha,0,3,3
Monnawar,3,0,3
Monné,0,3,3
Monnia,0,3,3
Mónnie,0,3,3
Monnika,0,3,3
Monnix,3,0,3
Monntano,3,0,3
Monod,3,0,3
Monodjkoemar,3,0,3
Monoï,0,3,3
Monokaka,0,3,3
Monolda,0,3,3
Monolphus,3,0,3
Monomosi,3,0,3
Monora,0,3,3
Monori,0,3,3
Monorom,3,0,3
Monorsoko,3,0,3
Monos,3,0,3
Monrad,3,0,3
Monrae,3,0,3
Monreza,0,3,3
Monri,0,3,3
Monriangely,0,3,3
Monrike,0,3,3
Monroé,0,3,3
Monroo,0,3,3
Monrose,0,3,3
Monrovia,3,0,3
Monroya,0,3,3
Monsana,0,3,3
Monsche,0,3,3
Monschy,3,0,3
Monsé,0,3,3
Monselina,0,3,3
Monserah,0,3,3
Monserate,0,3,3
Monserrata,0,3,3
Monsicha,0,3,3
Monskje,0,3,3
Monsoon,0,3,3
Monstard,0,3,3
Montader,3,0,3
Montadher,3,0,3
Montague,3,0,3
Montahi,0,3,3
Montaña,0,3,3
Montanah,0,3,3
Montanna,0,3,3
Montas,3,0,3
Montasr,3,0,3
Montayne,3,0,3
Montazar,3,0,3
Montazer,3,0,3
Monteanaux,3,0,3
Montego,3,0,3
Monteh,3,0,3
Montei,3,0,3
Montel,3,0,3
Montèl,3,0,3
Montella,0,3,3
Montenegro,3,0,3
Monteno,3,0,3
Monteqim,3,0,3
Montes,3,0,3
Montesa,0,3,3
Montfils,0,3,3
Montfrooy,3,0,3
Montgomerey,3,0,3
Montgommery,3,0,3
Monthader,3,0,3
Monthai,3,0,3
Monthána,0,3,3
Monthar,3,0,3
Montho,0,3,3
Montiany,0,3,3
Montiawra,3,0,3
Monticha,0,3,3
Montie,0,3,3
Montiena,0,3,3
Montigue,3,0,3
Montischa,0,3,3
Montjoli,0,3,3
Montowese,3,0,3
Montoya-Zorana,0,3,3
Montry,3,0,3
Montseräth,0,3,3
Montsérrate,0,3,3
Montsy,0,3,3
Montyaimé,3,0,3
Montyes,3,0,3
Montzar,3,0,3
Montze,0,3,3
Montzen,0,3,3
Monugonda,0,3,3
Monve,0,3,3
Mòny,3,0,3
Monyaro,3,0,3
Monyc,0,3,3
Monyced,0,3,3
Monyka,0,3,3
Monyke,0,3,3
Monyra,0,3,3
Monysia,0,3,3
Monyuan,3,0,3
Monzier,3,0,3
Monzoor,3,0,3
Mooby-Javes,0,3,3
Mood,3,0,3
Moog,3,0,3
Mooh,3,0,3
Moohsin,3,0,3
Moohyscha,0,3,3
Mooira,0,3,3
Mooiralina,0,3,3
Mooise,0,3,3
Mooisha,0,3,3
Mooja,3,0,3
Mookie,3,0,3
Mookje,3,0,3
Mookly,3,0,3
Mooksha,3,0,3
Moomna,0,3,3
Moon-Elin,0,3,3
Moon-Hee,3,0,3
Moon-Soleil,0,3,3
Moona,0,3,3
Moonchi,0,3,3
Moondy,0,3,3
Moone,3,0,3
Mooney,3,0,3
Moonglow,0,3,3
Moonira,0,3,3
Moonisah,0,3,3
Moonisha,0,3,3
Moonji,3,0,3
Moonlight,0,3,3
Moony,0,3,3
Moorad,3,0,3
Moori,3,0,3
Mooritsa,0,3,3
Moorjany,0,3,3
Moorle,0,3,3
Moorni,0,3,3
Moornie,0,3,3
Moorre,0,3,3
Moose,0,3,3
Moosiyo,3,0,3
Mooska,0,3,3
Mooso,3,0,3
Mootje,0,3,3
Mootske,0,3,3
Mooya,0,3,3
Mooze-Beau,3,0,3
Mopelola,0,3,3
Mopoto,3,0,3
Moq,3,0,3
Moqadas,0,3,3
Moqaddas,0,3,3
Moqahdas,0,3,3
Moqeet,3,0,3
Moqtar,3,0,3
Moqteda,3,0,3
Moquisha,0,3,3
Mor-lo,0,3,3
Móra-Maria,0,3,3
Morabet,3,0,3
Moradewun,0,3,3
Morae,0,3,3
Moraeno,3,0,3
Moraès,3,0,3
Moraes,3,0,3
Morafiah,3,0,3
Moraganny,3,0,3
Moráh,3,0,3
Moraiah,0,3,3
Moraicha,0,3,3
Moraicia,0,3,3
Moraicio,3,0,3
Moraig,0,3,3
Moraigsha,0,3,3
Moraiha,0,3,3
Moraij,0,3,3
Moraily,3,0,3
Moraim,0,3,3
Moraishia,0,3,3
Moraisia,0,3,3
Moraitha,0,3,3
Moraizha,0,3,3
Moraja,0,3,3
Moraldo,3,0,3
Morali,3,0,3
Moralidaran,3,0,3
Moralies,0,3,3
Moràn,0,3,3
Morancio,3,0,3
Moranda,0,3,3
Moranni,0,3,3
Moraque,0,3,3
Morarie,0,3,3
Morata,0,3,3
Morati,0,3,3
Moratigor,3,0,3
Morave,0,3,3
Morayda,0,3,3
Morayema,0,3,3
Morayn,0,3,3
Morayni,0,3,3
Morayo,0,3,3
Morayon,3,0,3
Morayscha,0,3,3
Morayziah,0,3,3
Morbius,3,0,3
Morcan,3,0,3
Morcel,3,0,3
Morchena,0,3,3
Morcianette,0,3,3
Morcos,3,0,3
Morcous,3,0,3
Mordagai,3,0,3
Mordchano,3,0,3
Mordechay,3,0,3
Mordegai,3,0,3
Mordelaine,0,3,3
Mordina,0,3,3
Mordjanio,3,0,3
Mordjano,3,0,3
Mordka,3,0,3
Mordred,3,0,3
Moreá,0,3,3
Moréa,0,3,3
Moreah,0,3,3
Moréah,0,3,3
Moreale,0,3,3
Moreaux,0,3,3
Moreayna,0,3,3
Moreé,0,3,3
Moree,0,3,3
Moreea,0,3,3
Moreeke,0,3,3
Moreén,0,3,3
Morefna,0,3,3
Morehu,3,0,3
Morei,3,0,3
Moreilla,0,3,3
Moreille,0,3,3
Morelainy,0,3,3
Morélee,0,3,3
Morelia,0,3,3
Morelio,3,0,3
Morélio,3,0,3
Morelis,0,3,3
Morelita,0,3,3
Morély,0,3,3
Morely,0,3,3
Morency,3,0,3
Morendo,3,0,3
Mórenia,0,3,3
Morenia,0,3,3
Morenika,0,3,3
Morènike,0,3,3
Morenikégi,0,3,3
Morenitta,0,3,3
Morenno,3,0,3
Morèno,3,0,3
Morêno,3,0,3
Morensio,3,0,3
Morensley,3,0,3
Morento,3,0,3
Morera,0,3,3
Mores,3,0,3
Moresia,0,3,3
Moresno,3,0,3
Môreson,3,0,3
Moret,3,0,3
Morétia,0,3,3
Moréwna,0,3,3
Moreya,0,3,3
Moreyah,0,3,3
Moreyna,0,3,3
Moreyo,3,0,3
Morezio,3,0,3
Morfinn,3,0,3
Morgaan,3,0,3
Morgael,3,0,3
Morgaîne,0,3,3
Morgaine-Fay,0,3,3
Morgan-Lynn,0,3,3
Morgan-Mae,0,3,3
Morgan-Riley,3,0,3
Morgance,0,3,3
Morgáne,0,3,3
Morganmoon,0,3,3
Morganna,0,3,3
Morganne,0,3,3
Morgano,3,0,3
Morgayne,0,3,3
Morgéna,0,3,3
Morgenrood,0,3,3
Morgenstar,0,3,3
Morgenster,3,0,3
Morgenstond,3,0,3
Morghanna,0,3,3
Morgianne,0,3,3
Morgiano,3,0,3
Morgina,0,3,3
Morginnio,3,0,3
Morgio,3,0,3
Morgjelien,0,3,3
Morgjen,3,0,3
Morguecha,0,3,3
Mörguze,0,3,3
Morgyana,0,3,3
Morhaf,3,0,3
Mori-Moré,0,3,3
Moria-rose,0,3,3
Moriaantje,0,3,3
Moriaha,0,3,3
Moriamo,0,3,3
Morianan,0,3,3
Moriancumer,3,0,3
Moriangela,0,3,3
Moriangelo,3,0,3
Moriani,0,3,3
Moriann,0,3,3
Mořic,3,0,3
Morich,3,0,3
Moricha,0,3,3
Morichard,3,0,3
Moricia,0,3,3
Morick,3,0,3
Morickson,3,0,3
Móricz,3,0,3
Morid,3,0,3
Moried,3,0,3
Moriel,3,0,3
Moriële,0,3,3
Morielle,0,3,3
Moriem,0,3,3
Moriënce,0,3,3
Moriëngelo,3,0,3
Morientës,3,0,3
Morientés,3,0,3
Morientje,0,3,3
Morienyo,3,0,3
Moriero,3,0,3
Moriëtta,0,3,3
Morigbe,3,0,3
Morika,0,3,3
Morildo,3,0,3
Morilee,0,3,3
Morilla,0,3,3
Morinda,0,3,3
Moringa,3,0,3
Moriniho,3,0,3
Morinzia,0,3,3
Morís,3,0,3
Morisa,0,3,3
Morisette,0,3,3
Morisha,0,3,3
Morissa,0,3,3
Morissette,0,3,3
Morissey,0,3,3
Morita,0,3,3
Moriya,3,0,3
Moriyen,0,3,3
Morizette,0,3,3
Morjan,0,3,3
Morjé,3,0,3
Morjeanha,0,3,3
Morjemke,0,3,3
Morjen,0,3,3
Morjenshya,0,3,3
Morjoëlli,3,0,3
Mork,3,0,3
Morkot,0,3,3
Morla,0,3,3
Morlai,3,0,3
Morlan,3,0,3
Morlaye,3,0,3
Morley,3,0,3
Morli,3,0,3
Morlij,0,3,3
Morne,3,0,3
Morney,0,3,3
Morning,0,3,3
Moroah,0,3,3
Moroetawera,3,0,3
Morongo,0,3,3
Moronihah,3,0,3
Morowa,0,3,3
Morphéus,3,0,3
Morpheüs,3,0,3
Morqiana,0,3,3
Morra,0,3,3
Morraine,0,3,3
Morraja,0,3,3
Morrall,3,0,3
Morran,3,0,3
Morraya,0,3,3
Morreen,0,3,3
Morrel,3,0,3
Morrelyn,0,3,3
Morren,3,0,3
Morrès,3,0,3
Morresh,3,0,3
Morria,0,3,3
Morriaan,3,0,3
Morric,3,0,3
Morricette,0,3,3
Morrien,3,0,3
Morries,3,0,3
Morrigàn,0,3,3
Morrigun,0,3,3
Morrillo,3,0,3
Morrincent,3,0,3
Morris-Dean,3,0,3
Morris-Jan,3,0,3
Morris-Raun,3,0,3
Morrisa,0,3,3
Morriset,0,3,3
Morrisey,3,0,3
Morrisha,0,3,3
Morrisio,3,0,3
Morrisso,3,0,3
Morsaal,0,3,3
Morsani,0,3,3
Morsay,0,3,3
Morscha,3,0,3
Morse,3,0,3
Morshed,3,0,3
Morsla,0,3,3
Morson,3,0,3
Morssal,0,3,3
Mortady,0,3,3
Mörten,3,0,3
Morthen,3,0,3
Mortheza,3,0,3
Mortisa,0,3,3
Mortischa,0,3,3
Mortisha,0,3,3
Mortishia,0,3,3
Mortisia,0,3,3
Morty,0,3,3
Moruana,0,3,3
Morunkeji,0,3,3
Morusha,0,3,3
Morushen,3,0,3
Morvenchelo,3,0,3
Morvin,3,0,3
Morvinyo,3,0,3
Morvyn,0,3,3
Morwa,0,3,3
Morwaried,0,3,3
Morweno,3,0,3
Morworied,0,3,3
Morwyn,0,3,3
Moryba,3,0,3
Moryden,0,3,3
Moryghan,3,0,3
Moryn,3,0,3
Moryseth,0,3,3
Morzine,0,3,3
mosa,0,3,3
Mosâad,3,0,3
Mosăb,3,0,3
Mosad,0,3,3
Mosaddiq,3,0,3
Mosae,3,0,3
Mosah,3,0,3
Mosaid,3,0,3
Mosaiieby,0,3,3
Mosajhan,3,0,3
Mosali,3,0,3
Mosalino,3,0,3
Mosam,3,0,3
Mosammat,0,3,3
Mosan,3,0,3
Mosana,0,3,3
Mosarat,0,3,3
Mosawar,3,0,3
Mosca,0,3,3
Moscan,0,3,3
Moschgan,0,3,3
Moschini,0,3,3
Mosda,0,3,3
Mosè,3,0,3
Mosé,3,0,3
Mosee,3,0,3
Moseka,0,3,3
Moselle,0,3,3
Mosely,3,0,3
Mosensy,3,0,3
Mosère,0,3,3
Moses-Ima,0,3,3
Mosesly,0,3,3
Mosgan,0,3,3
Moshab,3,0,3
Moshaber,3,0,3
Moshainelise,0,3,3
Moshammet,0,3,3
Moshanti,0,3,3
Mosharrat,3,0,3
Moshda,0,3,3
Moshdeh,0,3,3
Moshè,3,0,3
Môshe,3,0,3
Mosheé,3,0,3
Moshelino,3,0,3
Moshgan,0,3,3
Moshi,0,3,3
Moshin,3,0,3
Moshje,3,0,3
Moshkan,0,3,3
Mosho,3,0,3
Moshodi,3,0,3
Moshtach,0,3,3
Moshtak,3,0,3
Mosiara,0,3,3
Mosiena,0,3,3
Mosigbodi,3,0,3
Mosilàh,3,0,3
Mosin,3,0,3
Mosina,0,3,3
Mosinmiloluwa,0,3,3
Mosita,0,3,3
Mosjain,3,0,3
Mosjin,3,0,3
Moske,3,0,3
Moskett,3,0,3
Moskha,0,3,3
Moskoula,0,3,3
Moskovia,0,3,3
Moslem,3,0,3
Moslih,0,3,3
Mosquera,0,3,3
Mossáab,3,0,3
Mosses,3,0,3
Mossika,0,3,3
Mossiny,3,0,3
Mossiwy,0,3,3
Mossj,3,0,3
Mosso,0,3,3
Mosstafa,3,0,3
Mostabo,3,0,3
Mostaffa,3,0,3
Mostaffaa,3,0,3
Mostava,3,0,3
Moste,3,0,3
Mostefa,3,0,3
Mosteincke,3,0,3
Mosthafa,3,0,3
Mosthiah,3,0,3
Mosua,3,0,3
Mosunmade,3,0,3
Mosunmola,0,3,3
Moswen,3,0,3
Moszantino,3,0,3
Moszek,3,0,3
Motasim,3,0,3
Motassem,3,0,3
Motchanti,0,3,3
Motega,3,0,3
Motéma,3,0,3
Mothalib,3,0,3
Motheo,3,0,3
Motie,3,0,3
Motiënna,0,3,3
Motischa,0,3,3
Motiyan,0,3,3
Motja,0,3,3
Motke,3,0,3
Motlalipula,0,3,3
Motleb,3,0,3
Motó,3,0,3
Motòa,0,3,3
Motolani,0,3,3
Môtsjanro,3,0,3
Motto,3,0,3
Motwedi,3,0,3
Mou-nidienne,0,3,3
Mouade,3,0,3
Mouadh,3,0,3
Mouahid,3,0,3
Mouaouia,3,0,3
Mouâouia,3,0,3
Mouâouya,3,0,3
Mouâtamid,3,0,3
Mouatasim,3,0,3
Mouatassem,3,0,3
Mouawiya,3,0,3
Mouaz,3,0,3
Moubarik,3,0,3
Moubin,3,0,3
Mouchaid,3,0,3
Moucharaf,3,0,3
Mouchira,0,3,3
Moudassirou,0,3,3
Moudaya,0,3,3
Moudette,0,3,3
Moudie,0,3,3
Moudon,3,0,3
Mouèmin,3,0,3
Moufdi,3,0,3
Moufeed,3,0,3
Moufida,0,3,3
Mougdalena,0,3,3
Mougong,0,3,3
Mougtar,0,3,3
Mouhager,3,0,3
Mouhaimen,3,0,3
Mouhaïmin,3,0,3
Mouhameth,3,0,3
Mouhap,3,0,3
Mouhaymin,3,0,3
Mouhiddine,3,0,3
Mouhriz,3,0,3
Mouhsen,3,0,3
Mouhssien,3,0,3
Mouhy,3,0,3
Mouhyidine,3,0,3
Mouín,3,0,3
Mouise,0,3,3
Mouïz,3,0,3
Moujtaba,3,0,3
Moukadim,0,3,3
Moukam,3,0,3
Moukhtara,0,3,3
Moukis,3,0,3
Mouktar,3,0,3
Moukysha,0,3,3
Moulay-Adnaan,3,0,3
Moulay-Cherif,3,0,3
Moulay-Larbi,3,0,3
Moulayabdeljaouad,3,0,3
Moulaye,3,0,3
Moulaykasim,3,0,3
Moulaysaid,3,0,3
Mouldi,3,0,3
Mouled,3,0,3
Moulet,3,0,3
Mouli,3,0,3
Mouliana,0,3,3
Moulianas,3,0,3
Moulid,3,0,3
Moulo,3,0,3
Moulon,3,0,3
Moulou,3,0,3
Mouloud,3,0,3
Mouloukou,3,0,3
Moult,0,3,3
Mouly,3,0,3
Mouma,0,3,3
Moumein,3,0,3
Moumini,0,3,3
Moumouni,3,0,3
Moumtas,0,3,3
Mouna-Maria,0,3,3
Mounah,0,3,3
Mounahim,3,0,3
Mounaïme,3,0,3
Mounamir,3,0,3
Mounawar,3,0,3
Mounaz,0,3,3
Mounchid,3,0,3
Moundhir,3,0,3
Moune,0,3,3
Mounef,3,0,3
Moungeca,0,3,3
Moungia,0,3,3
Mounhim,3,0,3
Mouni,0,3,3
Mounib,3,0,3
Mounic,0,3,3
Mounieb,3,0,3
Mouniem,3,0,3
Mounique,0,3,3
Mounisa,0,3,3
Mounisha,0,3,3
Mouniva,0,3,3
Mouniya,0,3,3
Mounji,3,0,3
Mounne,3,0,3
Mounssir,3,0,3
Mountadar,3,0,3
Mountadhar,3,0,3
Mountaqim,3,0,3
Mountasir,3,0,3
Mounteder,3,0,3
Mountesra,0,3,3
Mounty,0,3,3
Mouoffo,3,0,3
Mouraad,3,0,3
Mourade,3,0,3
Mouraicha,0,3,3
Mourane,3,0,3
Mourat,3,0,3
Mourchid,3,0,3
Moureau,0,3,3
Mourée,3,0,3
Mourena,0,3,3
Mourene,0,3,3
Moureno,3,0,3
Mourib,3,0,3
Mouric,3,0,3
Mourihno,3,0,3
Mourik-Jan,3,0,3
Mourilio,3,0,3
Mourinda,0,3,3
Mourit,3,0,3
Mouriye,3,0,3
Mourizette,0,3,3
Mourk,3,0,3
Mourna,0,3,3
Mournise,0,3,3
Moursal,0,3,3
Mourshid,3,0,3
Mourtada,3,0,3
Mourtadha,3,0,3
Mourtar,3,0,3
Mourwarid,0,3,3
Mourye,0,3,3
Mousáab,3,0,3
Mousaevich,3,0,3
Mousaevna,0,3,3
Mousaï,3,0,3
Mousavinasab,3,0,3
Mousawer,3,0,3
Mouse,3,0,3
Mousemi,0,3,3
Mousha,0,3,3
Moushé,3,0,3
Moushtèba,3,0,3
Mousimiedevi,0,3,3
Mouska,0,3,3
Mouslam,0,3,3
Mouslem,3,0,3
Mouslim,3,0,3
Mousmé,0,3,3
Mousolini,3,0,3
Moussa-Pierre,3,0,3
Moussab,3,0,3
Moussadak,3,0,3
Moussadek,3,0,3
Moussaoui,3,0,3
Moussas,3,0,3
Moussayero,0,3,3
Moussia,0,3,3
Mousssa,3,0,3
Mousstafa,3,0,3
Moustaf,3,0,3
Moustaffa,3,0,3
Moustaïne,3,0,3
Moustari,3,0,3
Moustfha,3,0,3
Moutalib,3,0,3
Moûtamid,3,0,3
Moutaoukil,3,0,3
Moutassim,3,0,3
Moutaz,3,0,3
Moutii,3,0,3
Moutinho,3,0,3
Moutje,0,3,3
Mouwafak,3,0,3
Mouwelina,0,3,3
Mouwerijna,0,3,3
Mouwerina,0,3,3
Mouwrits,3,0,3
Mouwritz,3,0,3
Mouya,0,3,3
Mouzie,0,3,3
Movanna,0,3,3
Movano,3,0,3
Movet,3,0,3
Movsesovna,0,3,3
Movzes,3,0,3
Mowadt,0,3,3
Mowael,3,0,3
Mowaffaq,3,0,3
Mowafy,0,3,3
Mowaheid,3,0,3
Mowani,0,3,3
Mowel,3,0,3
Mowëra,0,3,3
Mowgly,3,0,3
Mowie,3,0,3
Mowin,3,0,3
Mowinno,3,0,3
Mowischa,0,3,3
Mowisha,0,3,3
Mowses,3,0,3
Mowyn,3,0,3
Mowysha,0,3,3
Moxie,0,3,3
Moy-Fa,0,3,3
Moy-hyong,0,3,3
Moyale,0,3,3
Moyan,3,0,3
Moyca,0,3,3
Moyce,0,3,3
Moycha,0,3,3
Moyéna,0,3,3
Moyhzeïs,3,0,3
Moyisha,0,3,3
Moyiza,0,3,3
Moyke,0,3,3
Möylut,3,0,3
Moyolu,0,3,3
Moyosa,3,0,3
Moyra-Megan,0,3,3
Moyra-Sophia,0,3,3
Moyrah,0,3,3
Moyrha,0,3,3
Moyringca,0,3,3
Moyrisson,3,0,3
Moys,0,3,3
Moysa,0,3,3
Moysës,3,0,3
Moysés,3,0,3
Moŷsha,0,3,3
Moyz,3,0,3
Moyza,0,3,3
Moyzes,3,0,3
Moza-Petra,0,3,3
Mozaffer,3,0,3
Mozai,3,0,3
Mozaïek,0,3,3
Mozaily,3,0,3
Mozaïque,0,3,3
Mozamil,3,0,3
Mozammel,3,0,3
Mozammil,3,0,3
Mozanne,0,3,3
Mozarello,0,3,3
Mozares,3,0,3
Mozdalefa,0,3,3
Moždè,0,3,3
Mozèl,0,3,3
Mozelina,0,3,3
Mozella,0,3,3
Mozemil,3,0,3
Mozës,3,0,3
Mozhdeh,0,3,3
Mozher,3,0,3
Mozhyar,3,0,3
Mozi,3,0,3
Moziany,0,3,3
Mozie,3,0,3
Mozion,3,0,3
Mozione,3,0,3
Mozis,3,0,3
Mozius,3,0,3
Mozja,3,0,3
Mozn,0,3,3
Mozna,0,3,3
Mózner,3,0,3
Mozus,3,0,3
Mozy,3,0,3
Mozzafiato,0,3,3
Mozzamal,3,0,3
Mozzammel,3,0,3
Mpagi,3,0,3
Mpambu,0,3,3
Mpanga,0,3,3
Mpaouw,3,0,3
Mparetjenan,0,3,3
Mpatano,3,0,3
Mpayi,3,0,3
MPE,0,3,3
Mpeka,3,0,3
Mpembe,0,3,3
Mpempem,3,0,3
Mpere,3,0,3
MPF,0,3,3
MPG,0,3,3
Mphamvu,3,0,3
Mphatso,0,3,3
Mpolesha,0,3,3
Mpolo,0,3,3
Mponge,0,3,3
Mpongo,0,3,3
Mponi,0,3,3
Mpopi,0,3,3
Mporensein,3,0,3
Mprengo,0,3,3
Mpuku,3,0,3
Mpumba,3,0,3
Mpunga,3,0,3
Mpungu,3,0,3
Mraeyanna-Saint,0,3,3
Mraz,0,3,3
Mriam,0,3,3
Mrieke,0,3,3
Mriem,0,3,3
Mrienaal,3,0,3
Mriens,3,0,3
Mrijke,0,3,3
Mrika,0,3,3
Mrinali,0,3,3
Mrinmayee,0,3,3
Mrinmoy,3,0,3
Mriya,3,0,3
Mroaan,3,0,3
Mroj,0,3,3
Mrouan,3,0,3
Mrtada,3,0,3
Mrwan,3,0,3
Mrwary,0,3,3
MSA,0,3,3
Msaad,0,3,3
Msellem,3,0,3
MSG,3,0,3
Msham,3,0,3
Mshelia,3,0,3
Mshtaba,3,0,3
Msifa,3,0,3
Mtab,0,3,3
Mtavari,3,0,3
Mtendere,3,0,3
Mtenga,3,0,3
MTF,0,3,3
MTG,0,3,3
Mtho,3,0,3
Mthuthuzeli,3,0,3
Mtingane,0,3,3
Mtoto,3,0,3
Mtumwa,0,3,3
MTW,0,3,3
Mu'aadh,3,0,3
Mu'ad,3,0,3
Mu'afia,0,3,3
Mu'awiya,3,0,3
Mu'ayad,3,0,3
Mu'az,3,0,3
Mu'ien,3,0,3
Mu'mien,3,0,3
Mu'nise,0,3,3
Mu-Kiu,0,3,3
Mua,3,0,3
Muáad,3,0,3
Muabi,0,3,3
Muadi,0,3,3
Muafak,3,0,3
Muaglla,0,3,3
Muajida,0,3,3
Muajidah,0,3,3
Muaka,3,0,3
Muala,3,0,3
Muallâ,0,3,3
Muâllâ-Eylem,0,3,3
Muallaf,3,0,3
Muamera,0,3,3
Muamet,3,0,3
Muami,0,3,3
Muammer-Can,3,0,3
Muan,0,3,3
Muanaka,0,3,3
Muanda,3,0,3
Muanfhan,0,3,3
Muar'a,0,3,3
Muarem,3,0,3
Muari,0,3,3
Muariel,0,3,3
Muassar,3,0,3
Muat,0,3,3
Muata,3,0,3
Muatha,3,0,3
Muave,0,3,3
Muavid,3,0,3
Muavya,3,0,3
Muâz,3,0,3
Muazana,0,3,3
Muazaz,0,3,3
Muaziza,0,3,3
Muazma,0,3,3
Muazzem,3,0,3
Mubaarak,3,0,3
Mubalak,3,0,3
Mubang,3,0,3
Mubanga,0,3,3
Mübara,0,3,3
Mubarakah,0,3,3
Mübareke,0,3,3
Mubarez,3,0,3
Mubasen,3,0,3
Mubashier,3,0,3
Mübasir,3,0,3
Mubasseer,3,0,3
Mubasshar,3,0,3
Mubelay,3,0,3
Mubera,0,3,3
Múberra,0,3,3
Muberrah,0,3,3
Mübetçel,0,3,3
Mubien,3,0,3
Mübin,3,0,3
Mubina,0,3,3
Mubiyen,0,3,3
Muc,3,0,3
Muca,3,0,3
Mucad,3,0,3
Mucāhid,3,0,3
Mücâhid,3,0,3
Mucahide,0,3,3
Műcahit,3,0,3
Mucahittin,3,0,3
Müçait,3,0,3
Mücayet,3,0,3
Muccini,0,3,3
Mücdat,3,0,3
Muce,3,0,3
Mücehver,0,3,3
Műcella,0,3,3
Mucelle,0,3,3
Mücevher,0,3,3
Mucevher,0,3,3
Mücevver,0,3,3
Muchacho,3,0,3
Muchaléd,3,0,3
Muchano,3,0,3
Mucharbiek,3,0,3
Múchari,3,0,3
Muchazjirovitch,3,0,3
Muchda,0,3,3
Muchdisin,3,0,3
Mucheco,3,0,3
Muchelina,0,3,3
Muchen,3,0,3
Mucheng,0,3,3
Muchinio,3,0,3
Muchlies,3,0,3
Mucho,3,0,3
Muchoki,3,0,3
Muchoú,3,0,3
Muchtaar,3,0,3
Muchtaara,0,3,3
Muchtaba,3,0,3
Muchtar,3,0,3
Muchtara,0,3,3
Muciano,3,0,3
Mücize,3,0,3
Muckens,0,3,3
Muctarr,3,0,3
Mücteba,3,0,3
Mucteba,3,0,3
Muctipratama,3,0,3
Mucyo,3,0,3
Muczynkâ,0,3,3
Muczynkã,0,3,3
Mudacer,3,0,3
Mudahemuka,0,3,3
Mudança,0,3,3
Mudasar,3,0,3
Mudasigana,0,3,3
Mudasser,3,0,3
Mudazer,3,0,3
Muddassar,3,0,3
Muddasser,3,0,3
Muddassir,3,0,3
Muddazir,3,0,3
Mudessar,3,0,3
Mudesser,3,0,3
Mudham,0,3,3
Mudhar,0,3,3
Mudhara,3,0,3
Mudi,3,0,3
Mudiangombe,3,0,3
Mudiangu,0,3,3
Mudiwa,3,0,3
Mudji,3,0,3
Mudjihardjo,3,0,3
Mudjimin,3,0,3
Mudjin,0,3,3
Mudjtaba,3,0,3
Mudjteba,3,0,3
Mudondo,0,3,3
Mudrik,3,0,3
Mudssar,3,0,3
Mudy,0,3,3
Mue,0,3,3
Mueen,3,0,3
Mueen-Al-Deen,3,0,3
Muèl,3,0,3
Muëlle,0,3,3
Muelshanker,3,0,3
Muenda,3,0,3
Muenga,0,3,3
Mueqette,0,3,3
Muerat,3,0,3
Muësser,0,3,3
Muessy,3,0,3
Müeyyet,0,3,3
Muezz,3,0,3
Mufadji,3,0,3
Mufadji-Ali,3,0,3
Mufan,3,0,3
Mufasa,3,0,3
Mufdi,3,0,3
Mufidah,0,3,3
Müfide,0,3,3
Müfit-Çinar,3,0,3
Mufleha,0,3,3
Muftah,3,0,3
Muften,3,0,3
Mugabe,3,0,3
Mugadas,3,0,3
Mugaddas,3,0,3
Mugagga,3,0,3
Muğalla,0,3,3
Mugamer,3,0,3
Mugarawera,0,3,3
Mugasira,3,0,3
Muğda,0,3,3
Mugdarem,3,0,3
Mŭge,0,3,3
Mugello,3,0,3
Mugen,3,0,3
Mügenaz,0,3,3
Mugerwa,3,0,3
Muggabel,0,3,3
Mughtaar,3,0,3
Mughtar,3,0,3
Mugi,3,0,3
Muglies,0,3,3
Mugniah,0,3,3
Mugtar,3,0,3
Muguěl,3,0,3
Mugumisa,3,0,3
Mugwanya,3,0,3
Mugwelle,0,3,3
Muha,3,0,3
Muhaamid,3,0,3
Muhaima,0,3,3
Muhaiman,3,0,3
Muhajad,3,0,3
Muhajir,3,0,3
Muhalla,0,3,3
Muhamar,3,0,3
Muhamedeen,3,0,3
Muhamedin,3,0,3
Muhamedlamin,3,0,3
Muhamer,3,0,3
Muhamettaha,3,0,3
Muhammadabdul,3,0,3
Muhammadali,3,0,3
Muhammadkareem,3,0,3
Muhammadnoer,3,0,3
Muhammadnur,3,0,3
Muhammadu,3,0,3
Muhammat,3,0,3
Mühammed,3,0,3
Muhammed-Ali,3,0,3
Muhammed-Bahâ,3,0,3
Muhammed-Berken,3,0,3
Muhammed-Burak,3,0,3
Muhammed-esad,3,0,3
Muhammed-Fettah,3,0,3
Muhammed-Kerem,3,0,3
Muhammed-Murteza,3,0,3
Muhammed-Nazim,3,0,3
Muhammed-Semih,3,0,3
Muhammed-Tohir,3,0,3
Muhammedbaki,3,0,3
Muhammedfurkan,3,0,3
Muhammednur,3,0,3
Muhammedsaki,3,0,3
Muhammedul,3,0,3
Muhammedül,3,0,3
Muhammedülemin,3,0,3
Muhammedzeyd,3,0,3
Mûhammet,3,0,3
Mühammet,3,0,3
Muhammet-Ali,3,0,3
Muhamr,3,0,3
Muhanber,3,0,3
Muhangi,0,3,3
Muhanmed,3,0,3
Muhanmet,3,0,3
Muhanned,3,0,3
Muhapbet,0,3,3
Muhawe,3,0,3
Muhaya,0,3,3
Mūhaymin,3,0,3
Muhaymin,3,0,3
Muhayp,3,0,3
Muhayyuddeen,3,0,3
Muhaz,3,0,3
Mühbet,0,3,3
Muhdasir,3,0,3
Muheeb,3,0,3
Muheed,3,0,3
Muhemed,3,0,3
Muhemmed,3,0,3
Muhhamed,3,0,3
Muhhammed,3,0,3
Muhi,3,0,3
Muhib,3,0,3
Muhibbullah,3,0,3
Muhibe,0,3,3
Muhiddin,3,0,3
Muhidiin,0,3,3
Muhieddine,3,0,3
Muhiib,3,0,3
Muhiim,0,3,3
Muhijadeen,3,0,3
Muhijmen,3,0,3
Muhindo,0,3,3
Mühittin,3,0,3
Muhiuddin,3,0,3
Muhiy-addin,3,0,3
Muhiyuddin,3,0,3
Muhiz,3,0,3
Muhja,0,3,3
Muhjuddin,3,0,3
Muhktar,3,0,3
Muhlan,0,3,3
Muhmmed,3,0,3
Muhondogo,0,3,3
Muhonja,0,3,3
Muhoza,3,0,3
Muhra,0,3,3
Muhrad,3,0,3
Muhrail,0,3,3
Muhsana,0,3,3
Muhseenah,0,3,3
Mühsin,3,0,3
Muhsina,0,3,3
Muhsinah,0,3,3
Muhssin,3,0,3
Muhsuniye,0,3,3
Muhtalip,3,0,3
Muhtashim,3,0,3
Muhtasim,3,0,3
Mühteber,0,3,3
Muhted,3,0,3
Muhubbo,0,3,3
Mühübe,0,3,3
Muhuma,3,0,3
Muhut,3,0,3
Muhutika,0,3,3
Muhuttin,3,0,3
Mühüttin,3,0,3
Muhya,0,3,3
Muhyuddin,3,0,3
Muhzin,3,0,3
Muï,3,0,3
Mui-Gwae,0,3,3
Mui-Ki,0,3,3
Muicelle,0,3,3
Muidi,0,3,3
Muied,3,0,3
Muiez,3,0,3
Muijde,0,3,3
Muijnanda,0,3,3
Muïna,0,3,3
Muinda,3,0,3
Muindi,3,0,3
Muingulu,3,0,3
Muinick,3,0,3
Muireall,3,0,3
Muirean,0,3,3
Muìrgen,3,0,3
Muiris,3,0,3
Muisje,0,3,3
Muit,3,0,3
Muizelein,0,3,3
Muizz,3,0,3
Muīzz,3,0,3
Mujahed,3,0,3
Mujaheed,3,0,3
Mujahit,3,0,3
Müjda,0,3,3
Mujda,3,0,3
Müjdad,3,0,3
Mujdat,3,0,3
Müjdeelif,0,3,3
Mujeb,3,0,3
Mujenga,0,3,3
Müjgen,0,3,3
Mujiano,3,0,3
Mujib,3,0,3
Mujiyah,0,3,3
Müjran,0,3,3
Mujungu,3,0,3
Mujuni,3,0,3
Mujunuddien,3,0,3
Muka,0,3,3
Mukadas,0,3,3
Mukadder-Helin,0,3,3
Mükaddes,0,3,3
Mukaddim,3,0,3
Mukades,0,3,3
Mukadi,3,0,3
Mukahyil,3,0,3
Mükail,3,0,3
Mukalenga,0,3,3
Mukama,3,0,3
Mukami,0,3,3
Mukan,3,0,3
Mukana,0,3,3
Mukaram,3,0,3
Mukarram,3,0,3
Mukashifah,0,3,3
Mükatter,0,3,3
Mukayyed,3,0,3
Mukazi,0,3,3
Mukdembu,3,0,3
Mukdim,3,0,3
Muke,3,0,3
Muké,3,0,3
Mukeba,3,0,3
Mukebay,0,3,3
Mukembu,3,0,3
Mukender,3,0,3
Mukeni,3,0,3
Mukenye,0,3,3
Mukerem,0,3,3
Mukerjiet,3,0,3
Mükerrum,0,3,3
Mukeylia,0,3,3
Mukhabat,0,3,3
Mûkhtar,3,0,3
Mukhtarali,3,0,3
Mukhtiar,0,3,3
Muki,0,3,3
Mukiibi,3,0,3
Mukiri,0,3,3
Mukit,3,0,3
Mukiwa,0,3,3
Mukkaddes,0,3,3
Mukker,3,0,3
Mukmin,3,0,3
Mukola,3,0,3
Mukolonga,3,0,3
Mukonka,0,3,3
Mukpairin,0,3,3
Mukrabe,0,3,3
Mukram,3,0,3
Mukthar,3,0,3
Mukti,0,3,3
Muktiani,0,3,3
Muktidaya,3,0,3
Mukuayanzo,3,0,3
Mukukem,3,0,3
Mukund,3,0,3
Mukupa,3,0,3
Mul-Shankara,3,0,3
Mulah,3,0,3
Mulaim,3,0,3
Mulambwa,0,3,3
Mulana,0,3,3
Mulanto,3,0,3
Mularia,0,3,3
Mulasi,3,0,3
Mulatthi,0,3,3
Mulatu,3,0,3
Mulaw,3,0,3
Mulay,3,0,3
Mulaya,0,3,3
Mulazim,3,0,3
Mulberry,0,3,3
Mulderrig,3,0,3
Muldijk,3,0,3
Mulèn,3,0,3
Mulena,0,3,3
Muleyke,0,3,3
Mülhak,3,0,3
Mulham,3,0,3
Mulhuri,0,3,3
Muliani,0,3,3
Mulinda,3,0,3
Mulindwa,3,0,3
Muliyadi,3,0,3
Muliyani,0,3,3
Muljanta,3,0,3
Muljanto,3,0,3
Muljojadi,3,0,3
Muljono,3,0,3
Mulle,3,0,3
Mullen,3,0,3
Mullery,3,0,3
Mullika,0,3,3
Mullos,3,0,3
Mulluken,3,0,3
Mulokat,3,0,3
Multani,3,0,3
Mulua,3,0,3
Mulubrhan,3,0,3
Mulubwa,3,0,3
Muluc,0,3,3
Mulugheta,3,0,3
Mulungu,0,3,3
Mulveney,3,0,3
Mulwa,3,0,3
Mulyano,3,0,3
Mulyanti,0,3,3
Mulyanto,3,0,3
Mulyati,0,3,3
Mulyonoo,0,3,3
Mumba,3,0,3
Mumbe,0,3,3
Mumcu,3,0,3
Mumein,0,3,3
Mumen,3,0,3
Mumengi,0,3,3
Mumford,0,3,3
Mumfrey,3,0,3
Mumina-Gatoen,0,3,3
Muminah,0,3,3
Mumini,3,0,3
Mumshaad,3,0,3
Mumtahinur,3,0,3
Mumtaj,0,3,3
Mümtez,3,0,3
Mumune,0,3,3
Mümüş,0,3,3
Munaal,0,3,3
Munachimsoeje,3,0,3
Munachimyi,0,3,3
Munachino,0,3,3
Munachismo,3,0,3
Munachiso,0,3,3
Munachonga,0,3,3
Munadel,3,0,3
Munahid,3,0,3
Munai,3,0,3
Munaib,3,0,3
Munalisa,0,3,3
Munana,3,0,3
Munar,0,3,3
Munasir,3,0,3
Munauwar-ul-Islam,3,0,3
Munawarah,0,3,3
Munawaroh,0,3,3
Munawer,3,0,3
Munawwara,0,3,3
Munawwer,3,0,3
Munayqui,0,3,3
Munazar,3,0,3
Munazzah,0,3,3
Munbaliji,0,3,3
Munco,3,0,3
Mundana,0,3,3
Mundel,0,3,3
Mundele,0,3,3
Munder,3,0,3
Mundir,3,0,3
Mundisi,3,0,3
Mundja,3,0,3
Mundolfa,0,3,3
Mundula,0,3,3
Mundy,3,0,3
Müne,0,3,3
Muneba,0,3,3
Muneeb-Ul-Deen,3,0,3
Muneeb-ur-Rehmaan,3,0,3
Muneeba,0,3,3
Muneera,0,3,3
Muneesh,3,0,3
Muneesha,0,3,3
Muneffer,0,3,3
Muneira,0,3,3
Munendra,3,0,3
Munerna,0,3,3
Munesh-Roy,3,0,3
Munesu,3,0,3
Munever,0,3,3
Mung,0,3,3
Mungaldeea,0,3,3
Mungaré-Aurea,0,3,3
Mungledi,0,3,3
Munhib,3,0,3
Munhiem,3,0,3
Munia,0,3,3
Munianga,0,3,3
Münib,3,0,3
Münibe,0,3,3
Munich,0,3,3
Muniebur,3,0,3
Munif,3,0,3
Munifa,0,3,3
Münifer,0,3,3
Muniir,3,0,3
Muniish,0,3,3
Munim,3,0,3
Münip,3,0,3
Munique,0,3,3
Munír,3,0,3
Münira,0,3,3
Munírih,0,3,3
Muniruddin,3,0,3
Munis,3,0,3
Munischka,0,3,3
Munisè,0,3,3
Munish-Suraj,3,0,3
Munishwara,3,0,3
Muniska,0,3,3
Munisura,3,0,3
Munize,0,3,3
Munja,0,3,3
Munji,3,0,3
Münnever,0,3,3
Munre,0,3,3
Munsa,0,3,3
Munta,3,0,3
Muntaas,0,3,3
Muntadhar,3,0,3
Muntadr,3,0,3
Muntah,3,0,3
Muntashira,0,3,3
Muntasir,3,0,3
Muntazar,3,0,3
Műnteçep,3,0,3
Muntha,0,3,3
Munthadar,3,0,3
Munthir,3,0,3
Munto-Gaëtan,3,0,3
Muntu,3,0,3
Munuanga,3,0,3
Münübe,0,3,3
Munuila,0,3,3
Münüp,3,0,3
Munup,3,0,3
Munupuï,3,0,3
Munur,3,0,3
Munure,0,3,3
Münüre,0,3,3
Münürüye,0,3,3
Münüse,0,3,3
Munyasa,3,0,3
Munyinyi,3,0,3
Munyoki,3,0,3
Munzemba,3,0,3
Munzula,3,0,3
Muona,0,3,3
Muoneke,3,0,3
MUP,0,3,3
Mupenzi,0,3,3
Muqadas,0,3,3
Muqaddes,0,3,3
Muqaram,3,0,3
Muqet,0,3,3
Muqhtar,3,0,3
Muqqadam,3,0,3
Muqsit,3,0,3
Muqtaar,3,0,3
Muqtaseed,3,0,3
Mur,0,3,3
Muraash,3,0,3
Muradi,3,0,3
Muradovna,0,3,3
Muradsha,3,0,3
Muraha,3,0,3
Murais,0,3,3
Muraisa,0,3,3
Muraisha,0,3,3
Murali,0,3,3
Muralt,3,0,3
Muraltho,3,0,3
Muranto,3,0,3
Murari,3,0,3
Murat-Eymen,3,0,3
Muratali,3,0,3
Mürcelhinio,3,0,3
Murchel,3,0,3
Murcia,0,3,3
Murciano,3,0,3
Murciélago,3,0,3
Murcilago,3,0,3
Murcy,0,3,3
Murcyëlla,0,3,3
Murday,0,3,3
Mürde,0,3,3
Murdise,0,3,3
Murdita,0,3,3
Murditio,3,0,3
Murdjan,0,3,3
Murdjell,3,0,3
Murdo,3,0,3
Murdock,3,0,3
Murdy,3,0,3
Müre,3,0,3
Mureen,0,3,3
Mureile,0,3,3
Mureithi,3,0,3
Murell,0,3,3
Murello,3,0,3
Murelyo,3,0,3
Mureshawn,3,0,3
Mureth,3,0,3
Mürevva,0,3,3
Mureycio,3,0,3
Murezzan,3,0,3
Murfi,0,3,3
Murfie,3,0,3
Murfin,3,0,3
Murget,0,3,3
Murgret,0,3,3
Mürgün,3,0,3
Murica,0,3,3
Muricho,3,0,3
Muridi,3,0,3
Muried,3,0,3
Murïel,0,3,3
Muriel-Kristel,0,3,3
Muriële,0,3,3
Muriélla,0,3,3
Murièn,0,3,3
Mürihëly,0,3,3
Muriithi,3,0,3
Murije,0,3,3
Muril,0,3,3
Murildo,3,0,3
Murill,3,0,3
Murilliëne,0,3,3
Murin,0,3,3
Murina,0,3,3
Murine,0,3,3
Muringa,0,3,3
Murini,0,3,3
Murisa,0,3,3
Muriungi,3,0,3
Murja,0,3,3
Murjadi-Anjal,3,0,3
Murjel,0,3,3
Murjenza,0,3,3
Murjilsia,0,3,3
Murk-Jan,3,0,3
Murkina,0,3,3
Murli,3,0,3
Murliah,0,3,3
Murlie,3,0,3
Murlien,0,3,3
Murlyn,0,3,3
Murmas,0,3,3
Murna,0,3,3
Murniati,0,3,3
Murniatih,0,3,3
Murnice,0,3,3
Murnisary,0,3,3
Murny,0,3,3
Murphiso,3,0,3
Murr'n,0,3,3
Murraicha,0,3,3
Murrat,3,0,3
Murraylis,0,3,3
Murre,3,0,3
Murrel,0,3,3
Murrell,3,0,3
Murrey,3,0,3
Murreya-Shanta,0,3,3
Murriëlle,0,3,3
Mürriëlle,0,3,3
Murriëtte,0,3,3
Murrium,0,3,3
Mürrüvet,0,3,3
Murry,3,0,3
Műrsel,3,0,3
Mûrsel,3,0,3
Mürselat,3,0,3
Murshad,3,0,3
Mursheed,3,0,3
Murshid,3,0,3
Murshud,3,0,3
Mürşid,3,0,3
Murside,0,3,3
Mürşit,3,0,3
Murtadha,3,0,3
Murtah,3,0,3
Murtaiz,3,0,3
Mürtaza,3,0,3
Murtazaa,3,0,3
Murtdha,3,0,3
Mürteza,3,0,3
Murthala,3,0,3
Murthel,3,0,3
Murthy,3,0,3
Murti,3,0,3
Murtikrsna,3,0,3
Murttada,3,0,3
Muru,3,0,3
Murua,0,3,3
Murual,0,3,3
Muruapandei,0,3,3
Mürüfe,0,3,3
Murugi,0,3,3
Murunda,0,3,3
Mürüt,3,0,3
Murutawera,3,0,3
Műrűvet,0,3,3
Muruvvet,0,3,3
Murvanio,3,0,3
Murvelino,3,0,3
Murvictia,0,3,3
Murvyn,3,0,3
Murwani,0,3,3
Murwesia,0,3,3
Murwien,3,0,3
Muryan,3,0,3
Murye,0,3,3
Mus'id,3,0,3
Müsa,3,0,3
Mûsa,3,0,3
Musâb,3,0,3
Musab'ibn'umayr,3,0,3
Musab-Ali,3,0,3
Musab-Ener,3,0,3
Musab-Taha,3,0,3
Musabbin,3,0,3
Musadaq,3,0,3
Musaddiqah,0,3,3
Müsade,0,3,3
Musadiye,0,3,3
Musaf,3,0,3
Musakhan,3,0,3
Musala,0,3,3
Musama,3,0,3
Musamil,3,0,3
Musamu,0,3,3
Musangu,3,0,3
Musanje,3,0,3
Musap,3,0,3
Musarrafa,0,3,3
Musau,0,3,3
Musavar,3,0,3
Musaweer,3,0,3
Musawir,3,0,3
Musayero,0,3,3
Musayfer,3,0,3
Muscaan,0,3,3
Muscad,3,0,3
Muschtaba,3,0,3
Muscuta,0,3,3
Musde,0,3,3
Müsdelif,0,3,3
Musdjelva,3,0,3
Muşe,3,0,3
Museb,3,0,3
Museib,3,0,3
Müsellim,3,0,3
Muşerref,0,3,3
Museyip,3,0,3
Musfendi,3,0,3
Musfirah,0,3,3
Mushab,3,0,3
Mushahid,0,3,3
Mushaim,3,0,3
Mushaina,0,3,3
Mushandimai,0,3,3
Mushap,3,0,3
Musharaf,3,0,3
Musharraf,3,0,3
Mushcan,0,3,3
Mushe,3,0,3
Mushfeq,3,0,3
Mushgan,0,3,3
Mushia,0,3,3
Mushigantahe,0,3,3
Mushira,0,3,3
Mushirah,0,3,3
Mushiya,0,3,3
Mushkaan,0,3,3
Mushraf,3,0,3
Mushreb,3,0,3
Mushtba,3,0,3
Mushu,0,3,3
Mushuraldo,3,0,3
Musi,3,0,3
Musian,0,3,3
Music,3,0,3
Musidah,0,3,3
Musidora,0,3,3
Musiëlle,0,3,3
Musika,0,3,3
Musílek,0,3,3
Musima,0,3,3
Musin,3,0,3
Müsine,0,3,3
Musiye,3,0,3
Musjarrof,3,0,3
Musk,0,3,3
Muská,0,3,3
Muskahn,0,3,3
Muskhaan,0,3,3
Muslat,0,3,3
Muslehuddin,3,0,3
Muslichien,3,0,3
Muslifo,0,3,3
Muslima,0,3,3
Müslum,3,0,3
Muslume,0,3,3
Muslun,3,0,3
Musna,0,3,3
Musoen,0,3,3
Musoke,0,3,3
Musokoro,0,3,3
Musonera,0,3,3
Musquetier,0,3,3
Müşra,0,3,3
Müsra,0,3,3
Műşra,0,3,3
Müsrem,0,3,3
Muss,0,3,3
Mussab,3,0,3
Mussolina,0,3,3
Musstafa,3,0,3
Mustaba,3,0,3
Muştafa,3,0,3
Müstafa,3,0,3
Mustafa-Can,3,0,3
Mustafaa,3,0,3
Mustafah,3,0,3
Mustafain,3,0,3
Mustafali,3,0,3
Mustafas,3,0,3
Mustafeed,3,0,3
Mustafeen,3,0,3
Mustafh,3,0,3
Mustafov,3,0,3
Mustagiim,0,3,3
Mustahsan,3,0,3
Mustajab,3,0,3
Mustajib,3,0,3
Mustakhiim,0,3,3
Mustanser,3,0,3
Mustapa,3,0,3
Mustapha-Emine,3,0,3
Mustaqiim,0,3,3
Mustaqima,0,3,3
Mustar,3,0,3
Mustari,3,0,3
Mustasan,3,0,3
Mustav,3,0,3
Müstecep,3,0,3
Mustefa,3,0,3
Musteghat,3,0,3
Mustehsan,3,0,3
Mustekim,3,0,3
Musthag,3,0,3
Musthapha,3,0,3
Musthopo,3,0,3
Mustjanno,3,0,3
Musto,3,0,3
Mustu,3,0,3
Musuayi,0,3,3
Müşüde,0,3,3
Müsüne,0,3,3
Musurat,0,3,3
Müsüriye,0,3,3
Musurua,0,3,3
Musut,3,0,3
Muswar,3,0,3
Musyarofa,0,3,3
Muszelli,0,3,3
Muta,3,0,3
Mutahar,3,0,3
Mutahara,0,3,3
Mutahhir,3,0,3
Mutalemb,3,0,3
Mutanda,3,0,3
Mutanga,0,3,3
Mutasa,3,0,3
Mutasem,3,0,3
Mutasir,3,0,3
Mutata,0,3,3
Mutay,3,0,3
Mutazid,3,0,3
Mutebi,3,0,3
Muteen,3,0,3
Müteher,0,3,3
Mutekere,0,3,3
Mutena,0,3,3
Mutende,0,3,3
Muteranga,3,0,3
Mutete,0,3,3
Mutever,0,3,3
Mutheki,0,3,3
Muthert,0,3,3
Mutheu,0,3,3
Muthiah,0,3,3
Muthima,0,3,3
Muthu,3,0,3
Mûti,3,0,3
Mutiara-Angel,0,3,3
Mutiarasari,0,3,3
Mutiari,0,3,3
Mutiava,0,3,3
Mutiën,3,0,3
Mutiën-Marie,3,0,3
Mutinda,3,0,3
Mutiu,3,0,3
Mutiyara,0,3,3
Mutiye,0,3,3
Mutkher,0,3,3
Mutlattin,3,0,3
Mutlubay,3,0,3
Mutlumurad,3,0,3
Mutmaina,0,3,3
Mutmainah,0,3,3
Mutmainnah,0,3,3
Mutong,3,0,3
Mutoni,3,0,3
Mutoniwase,3,0,3
Muttaki,3,0,3
Mutte,0,3,3
Müttefik,3,0,3
Mutullah,3,0,3
Mütüllah,3,0,3
Mutume,3,0,3
Mutune,3,0,3
Mutungilayi,3,0,3
Mutunzi,3,0,3
Mutwakel,3,0,3
Mutwiri,3,0,3
Mutyevita,0,3,3
Muuda,0,3,3
Muujiza,0,3,3
Muuk,3,0,3
Muumin,3,0,3
Muun,3,0,3
Muuna,0,3,3
Muunin,3,0,3
Muurga,0,3,3
Muwadah,0,3,3
Muwafak,3,0,3
Muwanga,3,0,3
Mux,0,3,3
Muxinda,0,3,3
Muxubo,0,3,3
Muya,3,0,3
Muyi,0,3,3
Muyingo,3,0,3
Muykeav,0,3,3
Müyyet,0,3,3
Müzafer,3,0,3
Muzaffar,3,0,3
Muzaffara,0,3,3
Muzain,0,3,3
Muzakkar,3,0,3
Muzamal,3,0,3
Muzdah,0,3,3
Muždè,0,3,3
Müzdelife,0,3,3
Muzefer,3,0,3
Muzeffer,3,0,3
Müzekka,3,0,3
Müzellef,3,0,3
Muzemel,3,0,3
Muzen,0,3,3
Müzever,3,0,3
Muzeyen,0,3,3
Müzeyir,0,3,3
Muzeyna,0,3,3
Mûzeyyen,0,3,3
Müzeyyer,0,3,3
Muzi,0,3,3
Muzinga,0,3,3
Muzingidi,3,0,3
Muziq,3,0,3
Muzit,0,3,3
Müziyen,0,3,3
Muzmmel,3,0,3
Muzna,0,3,3
Muzza,3,0,3
Muzzafer,3,0,3
Müzzeyen,0,3,3
Müzzeyyen,0,3,3
Mventu,3,0,3
Mvila,0,3,3
MVM,3,0,3
Mvochou,3,0,3
Mvondo,3,0,3
Mvuama,3,0,3
Mvubu,3,0,3
Mvuemvue,3,0,3
Mvugo,3,0,3
Mvulazana,0,3,3
Mwaboye,3,0,3
Mwadi,0,3,3
Mwagalanyi,3,0,3
Mwagandi,3,0,3
Mwahigo,3,0,3
Mwajoerey,3,0,3
Mwakoi,3,0,3
MWAL,3,0,3
Mwale,0,3,3
Mwalima,0,3,3
Mwami,3,0,3
Mwanawina,3,0,3
Mwanayasi,0,3,3
Mwanga,0,3,3
Mwangala,0,3,3
Mwanini,0,3,3
Mwansa,3,0,3
Mwanvua,0,3,3
Mwanze,3,0,3
Mwanzo,3,0,3
Mwassy,0,3,3
Mwata,3,0,3
Mwatoum,0,3,3
Mwawita,0,3,3
Mwelu,0,3,3
Mwelwa,0,3,3
MWEM,3,0,3
Mwenda,3,0,3
Mwenya,3,0,3
Mwenzi,0,3,3
Mwésé,3,0,3
Mweshi,0,3,3
Mwesigwa,3,0,3
Mwezi,0,3,3
MWG,0,3,3
Mwijage,3,0,3
Mwilu,0,3,3
Mwini-nsongne,3,0,3
Mwinmaalo,3,0,3
Mwinsôwti,3,0,3
Mwintieru,0,3,3
Mwintome,3,0,3
Mwira,0,3,3
Mwitwa,0,3,3
MWM,3,0,3
MWN,0,3,3
MWT,0,3,3
Mwujatwa,3,0,3
Mwungura,3,0,3
My'Eisha,0,3,3
My'Sheraino,3,0,3
My-An,0,3,3
My-Angely,0,3,3
My-Anh-Thu,0,3,3
My-Ann,0,3,3
My-Ashelangela,0,3,3
My-Emi,0,3,3
My-Hoa,0,3,3
My-ing,0,3,3
My-Joy,0,3,3
My-La,0,3,3
My-Lady,0,3,3
My-Lin,0,3,3
My-Lynh,0,3,3
My-Noah,0,3,3
My-Randjelo,3,0,3
My-reangely,0,3,3
My-son,3,0,3
My-Tuyet,0,3,3
My-Vahniëly,0,3,3
My-Y,0,3,3
Mya-Alyzza,0,3,3
Mya-Jane,0,3,3
Mya-Jayne,0,3,3
Mya-kee,0,3,3
Mya-Li,0,3,3
Mya-Lynn,0,3,3
Mya-Rose,0,3,3
Myabel,0,3,3
Myah-Lee,0,3,3
Myah-Neeva,0,3,3
Myaïcha,0,3,3
Myall,3,0,3
Myamin,3,0,3
Myananda,0,3,3
Myanca,0,3,3
Myando,3,0,3
Myangela,0,3,3
Myangeleen,0,3,3
Myangelo,3,0,3
Myangory,0,3,3
Myanha,0,3,3
Myanica,0,3,3
Myanisa,0,3,3
Myanna,0,3,3
Myano,3,0,3
Myanoe,0,3,3
Myante,0,3,3
Myarka,0,3,3
Myatt,3,0,3
Mybrid,0,3,3
Myc,3,0,3
Mycaéla,0,3,3
Mycaela,0,3,3
Mycafine,0,3,3
Mycene,0,3,3
Mychaël,3,0,3
Mychaíra,0,3,3
Mychano,3,0,3
Mycheal,3,0,3
Mychèl,3,0,3
Mychel-Angelo,3,0,3
Mychèle,0,3,3
Mychella,0,3,3
Mychiel,3,0,3
Mychos,3,0,3
Myck,3,0,3
Myckah,3,0,3
Myckaila,0,3,3
Myckéle,3,0,3
Myckelle,0,3,3
Myckenxia,0,3,3
Myckla,3,0,3
Mycon,0,3,3
Mydanto,3,0,3
Mydina,0,3,3
Mydiomi,0,3,3
Mydlène,0,3,3
Mydo,3,0,3
Mydon,0,3,3
Mydrah,0,3,3
Mye,0,3,3
Myef,0,3,3
Myela,0,3,3
Myella,0,3,3
Myelle,0,3,3
Myen,0,3,3
Myengellee,0,3,3
Myer,3,0,3
Myerea,0,3,3
Myerle,0,3,3
Myerna,0,3,3
Myert,3,0,3
Myesah,0,3,3
Myet,0,3,3
Myfailo,0,3,3
Myfelixan,0,3,3
Myfid,3,0,3
Mygeléna,0,3,3
Mygeline,0,3,3
Mygeron,3,0,3
Mygiëla,0,3,3
Mygnon,0,3,3
Mygo,3,0,3
Myguel,3,0,3
Mygyrelly,3,0,3
Myhad,0,3,3
Myhaira,0,3,3
Myhan,3,0,3
Myhla,0,3,3
Myhlo,3,0,3
Myhrdinn,3,0,3
Myhreen,0,3,3
Myhrène,0,3,3
Myhriade,0,3,3
Myhriam,0,3,3
Myhrre,0,3,3
Myiësha,0,3,3
Myja,0,3,3
Myjanou,0,3,3
Myjara,0,3,3
Myjewel,0,3,3
Myjoka,0,3,3
Myjon,0,3,3
Mykaël,3,0,3
Mykal,3,0,3
Mykalya,0,3,3
Mykäsa,0,3,3
Mykay,3,0,3
Mykayla,0,3,3
Mykeda,0,3,3
Mykel-Jon,3,0,3
Mykela,0,3,3
Mykella,0,3,3
Mykeltcia,0,3,3
Mykenai,3,0,3
Mykerinos,3,0,3
Mykha,3,0,3
Mykhaëla,0,3,3
Mykhailen,3,0,3
Mykhara,0,3,3
Mykiaro,3,0,3
Mykie,3,0,3
Mykim,0,3,3
Mykiza,0,3,3
Mykje,0,3,3
Mykl,3,0,3
Myklin,0,3,3
Mykolai,3,0,3
Mykolaivna,0,3,3
Myla-Rose,0,3,3
Myla-Sofia,0,3,3
Mylaan,3,0,3
Mylaana,0,3,3
Mylagro,3,0,3
Mylai,3,0,3
Mylaino,3,0,3
Mylaissa,0,3,3
Mylán,3,0,3
Mylàn,3,0,3
Mylana-Loïs,0,3,3
Mylangela,0,3,3
Mylangelo,3,0,3
Mylanie,0,3,3
Mylanno,3,0,3
Mylasuinthe,0,3,3
Mylca,0,3,3
Mylce,3,0,3
Mylcher,3,0,3
Myleä,0,3,3
Mylèane,0,3,3
Myleena,0,3,3
Myleene,0,3,3
Myleigh-Ann,0,3,3
Myléine,0,3,3
Mylena-Mae,0,3,3
Mylenè,0,3,3
Mylène-Généviève,0,3,3
Mylène-mae,0,3,3
Mylène-Melody,0,3,3
Mylène-Raquel,0,3,3
Mylenke,0,3,3
Mylenko,3,0,3
Mylet,0,3,3
Myley,0,3,3
Mylgurd,3,0,3
Mylho,3,0,3
Myliam,3,0,3
Myliana,0,3,3
Mylica,0,3,3
Mylien,0,3,3
Mylin,0,3,3
Mylinda,0,3,3
Mylindo,3,0,3
Mylinh,0,3,3
Mylithia,0,3,3
Mylitza,0,3,3
Myllai,3,0,3
Myllana,0,3,3
Myllen,3,0,3
Mylléna,0,3,3
Mylléna-Mae,0,3,3
Myllenger,3,0,3
Myllenne,0,3,3
Myllian,3,0,3
Myllianne,0,3,3
Myllo,3,0,3
Myllon,3,0,3
Mylloy,3,0,3
Mylls,3,0,3
Mylo-Dyani,3,0,3
Myloeska,0,3,3
Mylona,0,3,3
Mylonda,0,3,3
Mylosch,3,0,3
Mylou-Louise,0,3,3
Mylouschka,0,3,3
Mylouska,0,3,3
Mylthon,3,0,3
Myluska,0,3,3
Mylüta,0,3,3
Mylwyn,3,0,3
Mylz,3,0,3
Myma,0,3,3
Mymza,0,3,3
Myn,0,3,3
Mynaira,0,3,3
Mynaisa,0,3,3
Mynamba,0,3,3
Mynange,0,3,3
Mynangelo,3,0,3
Mynashella-Dominigo,0,3,3
Myndert,3,0,3
Myneesha,0,3,3
Mynel,0,3,3
Mynez,0,3,3
Myngh,0,3,3
Mynielle,0,3,3
Mynika,0,3,3
Mynna,0,3,3
Mynne,3,0,3
Myno,0,3,3
Mynor,3,0,3
Mynorka,0,3,3
Mynoushka,0,3,3
Mynth,3,0,3
Myntje-Jan,3,0,3
Myntsje,0,3,3
Mynzoto,0,3,3
Myo-Kofi,3,0,3
Myoheley,0,3,3
Myôken,0,3,3
Myoki,0,3,3
Myokine,0,3,3
Myola,0,3,3
Myomi,0,3,3
Myomy,0,3,3
Myonah,0,3,3
Myonica,0,3,3
Myonna,0,3,3
Myoren,0,3,3
Myosutis,0,3,3
Myou,0,3,3
Myoung,0,3,3
Myouska,0,3,3
Myozen,0,3,3
MYP,3,0,3
Myquel,3,0,3
Myquela,0,3,3
Myr-Elize,0,3,3
Myra-Aline,0,3,3
Myra-Bai,0,3,3
Myra-Bella,0,3,3
Myra-Lot,0,3,3
Myra-Yara,0,3,3
Myrabel,0,3,3
Myracal,0,3,3
Myracles,0,3,3
Myraella,0,3,3
Myrain,0,3,3
Myraina,0,3,3
Myraisa,0,3,3
Myraisha,0,3,3
Myraisio,3,0,3
Myralene,0,3,3
Myrall,0,3,3
Myram,3,0,3
Myrana,0,3,3
Myrando,3,0,3
Myranka,0,3,3
Myranke,0,3,3
Myras,3,0,3
Myrate,0,3,3
Myrav,0,3,3
Myraysha,0,3,3
Myrcha,0,3,3
Myrcine,0,3,3
Myrcka,0,3,3
Myrda,0,3,3
Myrdal,3,0,3
Myrddinne,0,3,3
Myrdhyn,3,0,3
Myrdian,0,3,3
Myrdiano,3,0,3
Myrdieke,0,3,3
Myrdinde,0,3,3
Myreann,0,3,3
Myreanna,0,3,3
Myreanthe,0,3,3
Myree,0,3,3
Myrée,0,3,3
Myrèl,3,0,3
Myrelda,0,3,3
Myrelva,0,3,3
Myrèn,0,3,3
Myrende,0,3,3
Myrène,0,3,3
Myrengela,0,3,3
Myrenka,0,3,3
Myreon,3,0,3
Myres,0,3,3
Myrese,0,3,3
Myresson,3,0,3
Myreth,0,3,3
Myrga,0,3,3
Myrh,0,3,3
Myriåm,0,3,3
Myriam-Nadine,0,3,3
Myriane,0,3,3
Myrianna,0,3,3
Myriantha,0,3,3
Myrica,0,3,3
Myrichelle,0,3,3
Myricio,3,0,3
Myrickson,3,0,3
Myriddi,0,3,3
Myriëlle,0,3,3
Myrijanne,0,3,3
Myrilla,0,3,3
Myrine,0,3,3
Myrique,0,3,3
Myrise,0,3,3
Myrishio,3,0,3
Myrisk,3,0,3
Myrissa,0,3,3
Myrit,0,3,3
Myrium,0,3,3
Myrjan,0,3,3
Myrjana,0,3,3
Myrlene,0,3,3
Myrlie,0,3,3
Myrmidon,0,3,3
Myrna-Jane,0,3,3
Myrnaa,0,3,3
Myrnalies,0,3,3
Myrnanda,0,3,3
Myrnata,0,3,3
Myrnha,0,3,3
Myroan,3,0,3
Myrodin,3,0,3
Myromar,3,0,3
Myron-Marley,3,0,3
Myrone,3,0,3
Myronja,0,3,3
Myrosa,0,3,3
Myroslav,3,0,3
Myrou,0,3,3
Myrow,3,0,3
Myrr,0,3,3
Myrrelot,0,3,3
Myrrheam,0,3,3
Myrria,0,3,3
Myrrick,3,0,3
Myrron,3,0,3
Myrsa,0,3,3
Myrsha,0,3,3
Myrshanella,0,3,3
Myrshenthely,0,3,3
Myrsini,0,3,3
Myrsja,0,3,3
Myrte-Sophie,0,3,3
Myrth,3,0,3
Myrthalè,0,3,3
Myrthe-Corlijn,0,3,3
Myrthe-Jo,0,3,3
Myrthe-Joy,0,3,3
Myrthe-Mariah,0,3,3
Myrthe-Marit,0,3,3
Myrthe-Minou,0,3,3
Myrthe-Roos,0,3,3
Myrthe-Susanne,0,3,3
Myrthe-Yara,0,3,3
Myrthea,0,3,3
Myrthely,0,3,3
Myrthia,0,3,3
Myrthus,3,0,3
Myrtic,3,0,3
Myrtice,0,3,3
Myrtile,0,3,3
Myrtilène,0,3,3
Myrtillus,3,0,3
Myrtó,0,3,3
Myrtò,0,3,3
Myrud,0,3,3
Myrvet,0,3,3
Myryam,0,3,3
Myryan,3,0,3
Mys,0,3,3
Myscelia,0,3,3
Myschayro,3,0,3
Myscka,0,3,3
Mysette,0,3,3
Myshaila,0,3,3
Myshainelly,0,3,3
Myshaira,0,3,3
Myshaliënne,0,3,3
Myshaline,0,3,3
Myshalinette,0,3,3
Myshandro,3,0,3
Myshanella,0,3,3
Mysheena,0,3,3
Myshéno,3,0,3
Mysie,0,3,3
Mysje,0,3,3
Myssae,0,3,3
Mysson,3,0,3
Myst,3,0,3
Mystek,3,0,3
Mystha,0,3,3
Mystiek,0,3,3
Mystikal,3,0,3
Mystyc,0,3,3
Myszka,0,3,3
Mytch,3,0,3
Mytchell,3,0,3
Myth,0,3,3
Mytha,0,3,3
Mythai,0,3,3
Mythe,0,3,3
Mythos,3,0,3
Mytral,0,3,3
Mytrang,0,3,3
Mytrécha,0,3,3
Mytrinh,0,3,3
Mytte,0,3,3
Mytuyet,0,3,3
Mytyl,0,3,3
Mytza,0,3,3
Myung-Su,3,0,3
Myuri,3,0,3
Myurka,0,3,3
Myvanwy,0,3,3
Myvi,0,3,3
Myviënca,0,3,3
Myvienka,0,3,3
Myvin,0,3,3
Mywand,3,0,3
Myway,3,0,3
Mywensca,0,3,3
Mywish,0,3,3
Myyryo,3,0,3
Myzeta,0,3,3
Myzetta,0,3,3
Mzee,3,0,3
Mziggy,3,0,3
Mzolisi,3,0,3
Mzuigi,0,3,3
Mzuri,0,3,3
Mæve,0,3,3
Møyfrid,0,3,3
