Name,Men,Women,Total
Nicolaas,80677,975,81652
Neeltje,20,28978,28998
Niels,28373,19,28392
Nicole,307,24983,25290
Nick,20843,26,20869
Naomi,23,20687,20710
Nathalie,82,15970,16052
Nienke,5,13707,13712
Nina,18,13460,13478
Noah,12370,1066,13436
Noa,583,12009,12592
Natasja,43,10487,10530
Niek,9786,38,9824
Nancy,108,9443,9551
Nico,9330,155,9485
Nikki,199,8670,8869
Nicky,5188,2828,8016
Nora,18,7007,7025
Nadine,39,6929,6968
Natascha,69,6865,6934
Noor,88,6758,6846
Nicolette,23,6451,6474
Nathan,6429,3,6432
Nelly,53,6357,6410
Nynke,0,5861,5861
Noëlle,11,5135,5146
Nadia,17,4919,4936
Nova,84,4174,4258
Noortje,3,4161,4164
Nicoline,13,4100,4113
Noël,3261,644,3905
Noud,3881,5,3886
Nikita,89,3193,3282
Natalie,16,3257,3273
Nils,2908,3,2911
Nigel,2824,6,2830
Norah,3,2804,2807
Norbertus,2767,24,2791
Nanda,8,2689,2697
Nur,69,2517,2586
Nicolas,2300,52,2352
Nellie,17,2309,2326
Nelleke,3,2253,2256
Nino,2180,23,2203
Nicolasina,32,2086,2118
Niesje,0,2038,2038
Norbert,1914,21,1935
Nicolina,8,1706,1714
Nicola,354,1315,1669
Nanne,1191,412,1603
Nathanaël,1585,3,1588
Nicolle,39,1374,1413
Nisa,0,1398,1398
Nathaniël,1294,21,1315
Nicolien,3,1244,1247
Nout,1224,0,1224
Nena,0,1146,1146
Nine,0,1127,1127
Nour,287,828,1115
Nicolai,1070,18,1088
Natasha,5,1067,1072
Nelis,1051,3,1054
Nikolaas,992,14,1006
Nika,55,901,956
Nicholas,935,3,938
Naud,896,0,896
Nanette,3,891,894
Niki,164,707,871
Nassim,857,3,860
Nabil,845,13,858
Nada,3,828,831
Norman,821,6,827
Nelson,814,9,823
Nicoletta,7,812,819
Nieske,3,797,800
Noëlla,5,792,797
Natalia,19,776,795
Nolan,771,3,774
Nola,3,738,741
Nando,740,0,740
Nella,3,735,738
Ninthe,0,733,733
Nadja,8,716,724
Naoual,0,709,709
Nathalia,9,689,698
Nisrine,0,696,696
Naoufal,668,0,668
Norberta,6,653,659
Noé,135,494,629
Norma,7,583,590
Naz,0,588,588
Nordin,580,0,580
Neline,3,573,576
Nadir,557,6,563
Nel,14,542,556
Nikkie,39,513,552
Naima,3,529,532
Nikky,77,453,530
Nadieh,3,522,525
Nana,200,316,516
Naut,496,3,499
Nicolet,3,491,494
Noureddine,479,0,479
Nicol,40,436,476
Neil,470,3,473
Nanny,3,468,471
Niene,3,469,472
Netty,10,458,468
Noura,3,456,459
Neal,440,5,445
Noëmi,0,431,431
Nanno,429,0,429
Najat,3,425,428
Nomi,3,424,427
Nieke,5,419,424
Nathasja,3,417,420
Noémi,0,407,407
Nicodemus,397,3,400
Nathaly,3,384,387
Nathanael,383,3,386
Nijs,384,3,387
Nik,379,3,382
Nicolaus,361,11,372
Nore,3,366,369
Nathaniel,360,3,363
Naomie,0,361,361
Noam,342,11,353
Nannette,0,351,351
Noraly,0,348,348
Ngoc,83,259,342
Neslihan,0,340,340
Nikolai,339,3,342
Nele,10,321,331
Nabila,0,330,330
Nanning,330,0,330
Naomy,0,326,326
Nanna,5,317,322
Nawal,3,318,321
Nizar,309,6,315
Nelia,3,310,313
Nassira,0,311,311
Nila,3,300,303
Nesrine,0,290,290
Nuray,3,286,289
Novi,55,229,284
Nanouk,8,271,279
Naïma,3,277,280
Noëll,147,129,276
Nuri,256,20,276
Nan,180,90,270
Noë,74,189,263
Niklaas,258,0,258
Nihal,5,251,256
Nikola,230,26,256
Nisha,3,253,256
Niklas,254,0,254
Nelie,3,251,254
Nona,0,252,252
Noreen,0,252,252
Nicasius,240,9,249
Nica,19,227,246
Nanja,0,245,245
Ninke,7,237,244
Najoua,0,240,240
Nic,233,5,238
Natalja,3,236,239
Nely,0,231,231
Nantje,0,230,230
Najim,226,3,229
Nelle,29,194,223
Nouk,19,202,221
Neomi,0,219,219
Nilay,25,194,219
Neo,211,7,218
Noach,213,5,218
Neva,3,215,218
Naoufel,215,0,215
Nida,8,207,215
Nihad,18,194,212
Nieck,203,3,206
Nesrin,0,200,200
Niko,177,19,196
Nadim,192,3,195
Nehemia,164,30,194
Nisanur,0,192,192
Nuria,3,191,194
Neville,186,5,191
Noralie,0,191,191
Natan,187,3,190
Nannie,3,184,187
Neele,7,179,186
Nicolay,185,3,188
Naömi,0,182,182
Nathanja,9,172,181
Nouri,166,15,181
Noan,176,3,179
Naatje,0,179,179
Nio,89,90,179
Norbertha,7,171,178
Nelletje,0,176,176
Niké,8,168,176
Nadya,3,173,176
Najib,173,3,176
Natacha,3,173,176
Nikolaj,171,3,174
Nadira,0,171,171
Nermin,14,155,169
Nazli,0,168,168
Norine,0,168,168
Neel,77,90,167
Nanko,166,0,166
Nettie,9,157,166
Noek,59,106,165
Nalini,0,164,164
Nevin,72,91,163
Nourdin,161,0,161
Nini,3,157,160
Nicolazina,3,153,156
Nurcan,3,156,159
Narin,16,138,154
Nicki,41,112,153
Ninette,0,153,153
Nander,151,0,151
Nard,151,0,151
Nadie,0,149,149
Nayeli,3,148,151
Norbertina,3,145,148
Navin,143,5,148
Nemo,147,3,150
Natanaël,146,3,149
Nike,37,110,147
Noel,126,21,147
Nyah,3,146,149
Nasser,138,8,146
Nesta,111,34,145
Niamh,18,126,144
Nerissa,0,143,143
Naftali,109,33,142
Nicoliene,0,141,141
Nouh,140,0,140
Novan,140,0,140
Nandini,0,138,138
Nima,77,61,138
Noémie,0,138,138
Nasim,130,7,137
Nori,14,123,137
Naim,133,3,136
Nandi,7,129,136
Narda,0,136,136
Nisrin,0,135,135
Najla,0,134,134
Nita,0,134,134
Naziha,3,132,135
Nanine,0,132,132
Nellij,3,129,132
Nhi,3,129,132
Nol,126,3,129
Nia,0,128,128
Nicolaï,127,3,130
Nyncke,3,127,130
Naresh,126,3,129
Nelina,0,127,127
Nanneke,0,126,126
Nickey,63,63,126
Nanou,3,121,124
Nikos,125,0,125
Noelle,3,122,125
Nouhaïla,0,125,125
Nawfal,124,0,124
Nadeche,0,122,122
Niessien,3,120,123
Ninon,3,118,121
Ninte,0,121,121
Nihat,119,3,122
Nikay,103,16,119
Nikie,10,108,118
Nouhaila,0,118,118
Nasir,114,3,117
Nataschja,0,117,117
Nero,116,3,119
Netta,3,113,116
Nanet,0,115,115
Nessa,3,112,115
Natanja,3,111,114
Nyla,0,112,112
Nell,5,106,111
Nikhil,110,0,110
Nickolas,108,3,111
Nuno,109,0,109
Nam,95,13,108
Nguyen,57,51,108
Naina,0,107,107
Nanke,0,107,107
Necati,107,0,107
Nil,11,96,107
Nehir,3,102,105
Niel,103,3,106
Nash,101,3,104
Nevaeh,3,101,104
Nikai,105,0,105
Naïm,100,3,103
Nolda,3,103,106
Narjiss,0,103,103
Nathalja,0,103,103
Naantje,0,102,102
Napoleon,101,3,104
Noemi,3,101,104
Nikolaos,100,3,103
Nasr-Eddine,100,0,100
Neeske,3,99,102
Nilo,99,3,102
Nasreddine,99,0,99
Neda,3,98,101
Neha,3,98,101
Nicôle,3,98,101
Nuriye,0,99,99
Nadina,3,97,100
Nennetje,0,98,98
Nidal,91,7,98
Nimet,3,97,100
Nies,54,42,96
Noer,37,59,96
Neelam,0,95,95
Neelke,3,94,97
Nuran,3,94,97
Neve,5,89,94
Nikolas,93,3,96
Nura,0,93,93
Nevra,0,92,92
Nikolaus,92,0,92
Naära,0,91,91
Nicolás,91,0,91
Nassima,0,90,90
Nela,0,90,90
Noya,3,86,89
Nadeem,70,19,89
Niyazi,89,0,89
Nurgül,0,89,89
Nanon,7,80,87
Nantko,87,0,87
Nazlı,0,87,87
Nejla,0,87,87
Nikee,3,85,88
Nardy,20,66,86
Nas,3,83,86
Nathali,0,86,86
Ninja,3,84,87
Nanco,85,0,85
Nowi,7,78,85
Nour-Eddine,84,0,84
Nazmiye,0,83,83
Noömi,0,83,83
Natalya,3,81,84
Nazar,22,60,82
Nitesh,82,0,82
Nadien,3,78,81
Nasr,77,3,80
Nilesh,79,3,82
Naila,0,80,80
Nataly,0,80,80
Neşe,0,80,80
Nurten,0,79,79
Nandy,3,75,78
Nayla,0,78,78
Nicci,3,76,79
Nuh,78,0,78
Niobe,3,76,79
Nitin,76,3,79
Naciye,0,76,76
Najima,0,76,76
Najma,0,76,76
Natali,0,76,76
Nazia,0,76,76
Nedim,76,0,76
Najlae,0,75,75
Nayomi,3,74,77
Nyne,0,75,75
Nahid,3,70,73
Nasira,3,73,76
Nikée,0,74,74
Naómi,0,73,73
Neletta,0,73,73
Nesia,0,73,73
Nim,30,43,73
Naveen,71,3,74
Nga,3,69,72
Niessina,0,72,72
Nissrine,0,72,72
Nouria,0,72,72
Nenna,3,69,72
Nickie,32,39,71
Nirmala,0,71,71
Nouaman,71,0,71
Nazife,3,69,72
Nestor,69,3,72
Nicasia,3,69,72
Navajo,67,3,70
Nevil,67,3,70
Nhu,3,67,70
Niya,3,68,71
Noémy,0,69,69
Noï,7,62,69
Numan,68,3,71
Nelke,0,68,68
Nerena,3,67,70
Nirvana,3,65,68
Nishant,68,0,68
Nox,58,10,68
Neill,67,0,67
Nurettin,67,0,67
Nyssa,3,66,69
Nagihan,0,66,66
Nail,66,0,66
Nilüfer,0,66,66
Nonja,0,65,65
Nouschka,0,65,65
Nafisa,0,64,64
Nataša,0,64,64
Nathánaël,63,3,66
Nazan,0,64,64
Nesibe,0,64,64
Nicolaj,64,0,64
Niza,3,62,65
Nadi,6,57,63
Nonna,0,63,63
Noury,54,9,63
Nurdan,3,62,65
Nurhan,3,60,63
Nyo,60,3,63
Nardus,62,0,62
Neltje,0,62,62
Nii,62,0,62
Narek,60,3,63
Nergiz,0,61,61
Nahla,0,60,60
Nargis,0,60,60
Nees,56,3,59
Nilgün,0,60,60
Nivard,60,0,60
Niven,55,5,60
Norberdina,3,59,62
Nouara,0,60,60
Nya,0,60,60
Nala,0,59,59
Nazim,59,0,59
Niall,59,0,59
Noëlia,0,59,59
Nadin,9,49,58
Nammen,57,0,57
Nardo,57,0,57
Nilan,56,3,59
Nilda,3,56,59
Noëmie,3,56,59
Noes,21,36,57
Nouraya,0,57,57
Nynthe,0,57,57
Nader,49,7,56
Nelianne,0,56,56
Noa-Lynn,0,56,56
Nastasja,3,54,57
Nebi,55,0,55
Neeke,0,55,55
Nefise,0,55,55
Nenad,55,0,55
Nikolay,55,0,55
Normen,55,0,55
Nuala,3,54,57
Nayara,0,53,53
Nelline,0,53,53
Neri,9,44,53
Nicolaes,49,3,52
Nolke,49,3,52
Nydia,0,53,53
Najia,0,52,52
Neelis,52,0,52
Nelligje,0,52,52
Niesina,0,52,52
Niva,3,49,52
Noldina,3,51,54
Noyan,52,0,52
Naeem,46,5,51
Nathanie,3,50,53
Nawin,51,0,51
Nevada,5,46,51
Neveah,3,50,53
Ninah,0,51,51
Novah,10,41,51
Necip,50,0,50
Noha,3,46,49
Nutte,50,0,50
Nadiya,0,49,49
Nandita,0,49,49
Nani,13,36,49
Narjis,0,49,49
Nieky,24,25,49
Ning,16,33,49
Noora,0,49,49
Naël,39,9,48
Nalinie,0,48,48
Nasima,3,47,50
Navarro,47,3,50
Nawid,48,0,48
Nehemiah,40,8,48
Neriman,0,48,48
Nevzat,48,0,48
Naa,0,47,47
Naira,0,47,47
Nalani,3,46,49
Nannet,3,46,49
Natalija,0,47,47
Nelli,3,46,49
Nezha,0,47,47
Nezia,0,47,47
Noëmy,0,47,47
Nourain,0,47,47
Navaro,45,3,48
Necla,0,46,46
Nicoleta,0,46,46
Nique,22,24,46
Nygel,46,0,46
Nathania,0,45,45
Naushad,45,0,45
Nazir,39,6,45
Neli,3,44,47
Neomy,0,45,45
Nilton,45,0,45
Novalee,0,45,45
Nuna,3,44,47
Nadège,0,44,44
Nance,3,42,45
Natasia,3,43,46
Neelie,0,44,44
Nels,41,3,44
Neomie,0,44,44
Nethanja,12,32,44
Nhat,39,5,44
Nikolina,0,44,44
Nomy,0,44,44
Noori,8,36,44
Novy,6,38,44
Nassir,43,0,43
Nickolai,42,3,45
Niesko,43,0,43
Nighel,40,3,43
Nikaj,42,3,45
Norbertine,0,43,43
Nyarko,14,29,43
Nadal,40,3,43
Naser,39,3,42
Natanya,0,42,42
Nathalya,0,42,42
Nawien,41,3,44
Nazik,0,42,42
Nerea,0,42,42
Ngozi,8,34,42
Niño,42,0,42
Noamy,0,42,42
Nadiah,0,41,41
Nady,3,37,40
Nanique,0,41,41
Narada,35,6,41
Nasrin,0,41,41
Natashja,0,41,41
Neleward,41,0,41
Nemanja,41,0,41
Nimrod,40,3,43
Noelia,0,41,41
Nomdo,41,0,41
Noorani,40,3,43
Noore,3,39,42
Norwin,41,0,41
Nouchka,0,41,41
Nyk,39,3,42
Nandine,0,40,40
Nasra,3,38,41
Nathascha,0,40,40
Nayana,0,40,40
Nerys,0,40,40
Nessim,40,0,40
Nev,40,0,40
Nickolaas,40,0,40
Niclas,40,0,40
Nimue,0,40,40
Noumidia,0,40,40
Nurullah,40,0,40
Naci,39,0,39
Nahom,39,0,39
Niam,32,7,39
Niesa,0,39,39
Nolbertus,39,0,39
Naduah,3,34,37
Naftalie,18,20,38
Najwa,0,38,38
Nardie,3,37,40
Nataniël,38,0,38
Naya,3,37,40
Nazario,38,0,38
Nilson,38,0,38
Nira,0,38,38
Norina,0,38,38
Nakita,0,37,37
Nardi,10,27,37
Natalina,0,37,37
Nathal,24,13,37
Navid,37,0,37
Neesje,0,37,37
Niclasina,0,37,37
Nieskje,0,37,37
Nieve,3,36,39
Nilou,3,36,39
Nisse,27,10,37
Nourdine,36,3,39
Nyna,0,37,37
Najade,0,36,36
Namara,0,36,36
Nanoek,3,33,36
Nariman,3,33,36
Nazima,0,36,36
Nazmi,36,0,36
Neeltsje,0,36,36
Nieki,6,30,36
Niessiena,0,36,36
Nikolien,0,36,36
Norea,0,36,36
Noussair,36,0,36
Novita,0,36,36
Noxx,35,3,38
Naëma,0,35,35
Naline,0,35,35
Natale,29,6,35
Nayra,0,35,35
Nebahat,3,34,37
Nicolasine,0,35,35
Nieko,35,0,35
Nieves,3,34,37
Nalin,7,27,34
Naouar,0,34,34
Navayo,34,0,34
Nea,3,33,36
Neander,34,0,34
Nicklas,34,0,34
Nouha,0,34,34
Novée,0,34,34
Nyree,3,30,33
Naïl,33,0,33
Nalan,3,31,34
Naleke,0,33,33
Narelle,0,33,33
Nayan,33,0,33
Neely,3,31,34
Néomi,0,33,33
Nicander,32,3,35
Noni,3,31,34
Nordine,31,3,34
Nourhan,0,33,33
Nursena,0,33,33
Nuur,18,15,33
Nyamekye,15,18,33
Nafthali,27,5,32
Neske,3,31,34
Nicodema,3,30,33
Nigella,0,32,32
Niky,12,20,32
Nora-Lynn,0,32,32
Noraine,0,32,32
Novel,26,6,32
Nuij,32,0,32
Nusret,32,0,32
Nadèche,0,31,31
Nahuel,31,0,31
Nailah,0,31,31
Nandani,0,31,31
Nawaz,23,8,31
Nazanin,0,31,31
Nazif,31,0,31
Necmettin,31,0,31
Neela,3,30,33
Ngan,3,30,33
Nicholaas,31,0,31
Nicolientje,0,31,31
Nielson,31,0,31
Nineke,0,31,31
Nitish,31,0,31
Niyah,0,31,31
Njoek,5,26,31
Noera,0,31,31
Noussaiba,0,31,31
Nowa,6,25,31
Nykle,31,0,31
Narayan,30,0,30
Nardine,0,30,30
Nastasia,0,30,30
Nathanya,0,30,30
Nazire,0,30,30
Nelisa,0,30,30
Nelise,0,30,30
Nhyira,9,21,30
Nichelle,0,30,30
Nikka,3,29,32
Noelani,0,30,30
Nolle,29,3,32
Nolly,3,29,32
Noran,16,14,30
Nordien,29,3,32
Nyke,3,29,32
Nympha,0,30,30
Nadesh,3,27,30
Nadiye,0,29,29
Naigel,29,0,29
Natal,23,6,29
Naveed,20,9,29
Nera,3,27,30
Neriah,0,29,29
Nevill,29,0,29
Nikolaï,29,0,29
Nikoline,0,29,29
Nirmine,0,29,29
Novalie,0,29,29
Núria,0,29,29
Nursel,0,29,29
Nurşen,0,29,29
Naime,0,28,28
Nali,25,3,28
Nanni,3,27,30
Nansje,0,28,28
Nasreen,0,28,28
Nasri,26,3,29
Naufal,28,0,28
Nefeli,0,28,28
Neymar,28,0,28
Nianne,3,27,30
Nilofar,3,27,30
Nimra,0,28,28
Ninouk,3,27,30
Niske,0,28,28
Njord,28,0,28
Noeri,15,13,28
Noufissa,0,28,28
Nyana,0,28,28
Nyka,7,21,28
Nyls,28,0,28
Naäma,0,27,27
Nael,26,3,29
Nairobi,3,25,28
Nandenie,0,27,27
Nandor,27,0,27
Nans,3,26,29
Natanael,27,0,27
Nava,3,24,27
Netje,0,27,27
Nhung,0,27,27
Nijssiena,0,27,27
Nikè,0,27,27
Ninian,14,13,27
Nisette,0,27,27
Noufel,27,0,27
Noureen,0,27,27
Nouska,0,27,27
Novak,26,3,29
Nuriya,0,27,27
Nadiem,25,3,28
Nane,13,13,26
Narendra,24,3,27
Narinder,25,3,28
Nataniel,26,0,26
Navarone,24,3,27
Nejma,0,26,26
Nenah,0,26,26
Neneh,3,25,28
Nergis,0,26,26
Nevan,26,0,26
Nian,16,10,26
Nicollette,0,26,26
Nieneke,0,26,26
Nigar,0,26,26
Nilaya,0,26,26
Nills,26,0,26
Nimo,15,11,26
Noëla,0,26,26
Nomie,0,26,26
Nono,24,3,27
Nui,24,3,27
Nyima,6,20,26
Nabi,20,5,25
Nadire,3,24,27
Naiem,22,3,25
Naïla,0,25,25
Narges,0,25,25
Nausikaä,3,24,27
Nazira,0,25,25
Nelewart,25,0,25
Nenne,5,20,25
Nettert,25,0,25
Neyomi,0,25,25
Nezir,25,0,25
Nidae,0,25,25
Nieza,0,25,25
Nigell,25,0,25
Nihan,0,25,25
Nilles,25,0,25
Noä,3,22,25
Noomi,0,25,25
Norell,3,24,27
Nouzha,0,25,25
Novella,0,25,25
Noy,14,11,25
Nacer,24,0,24
Naema,0,24,24
Nafiesa,0,24,24
Nafthalie,6,18,24
Naniek,0,24,24
Nanieke,0,24,24
Narimane,0,24,24
Nawar,3,21,24
Nazra,0,24,24
Newton,24,0,24
Neyla,0,24,24
Nicolo,23,3,26
Niekie,5,19,24
Nikol,3,23,26
Norberto,21,3,24
Nové,0,24,24
Nowell,21,3,24
Nubia,0,24,24
Nurhayat,0,24,24
Nyomi,0,24,24
Nyske,0,24,24
Nabiha,0,23,23
Naemi,0,23,23
Nafiye,0,23,23
Naiema,0,23,23
Namkje,0,23,23
Nand,22,3,25
Nandeni,0,23,23
Naömie,0,23,23
Naseem,14,9,23
Nashaira,0,23,23
Nes,19,3,22
Neyo,23,0,23
Nezaket,0,23,23
Nicolé,3,22,25
Nijsje,0,23,23
Nilab,0,23,23
Nilah,0,23,23
Nisrien,0,23,23
Niyaaz,23,0,23
Nizetta,0,23,23
Noufayla,0,23,23
Nova-Lynn,0,23,23
Novell,22,3,25
Nunzio,23,0,23
Naile,0,22,22
Najah,6,16,22
Naji,20,3,23
Namira,0,22,22
Nanouck,3,21,24
Naphtali,16,6,22
Nara,3,21,24
Narain,20,3,23
Narish,22,0,22
Nasma,0,22,22
Navy,18,3,21
Nazlican,0,22,22
Nazneen,0,22,22
Nelske,0,22,22
Neona,0,22,22
Nermine,0,22,22
Nesim,22,0,22
Nicolauda,0,22,22
Nimué,0,22,22
Niña,0,22,22
Niraj,21,3,24
Nishal,22,0,22
Nissrin,0,22,22
Noalynn,0,22,22
Noeh,22,0,22
Nolah,3,21,24
Noman,20,3,23
Nor,8,14,22
Norhan,0,22,22
Nouraine,0,22,22
Nourddine,22,0,22
Nylah,0,22,22
Nadav,21,0,21
Nadija,0,21,21
Nafissa,0,21,21
Namir,19,3,22
Nanouchka,0,21,21
Narcis,3,17,20
Nasier,21,0,21
Nate,21,0,21
Naysa,0,21,21
Nazreen,0,21,21
Neeldert,21,0,21
Negin,0,21,21
Neonardus,20,3,23
Neval,3,20,23
Nevena,0,21,21
Neylan,8,13,21
Nhan,18,3,21
Nickolay,21,0,21
Nicomedes,19,3,22
Nieka,0,21,21
Nikus,20,3,23
Nilam,3,20,23
Nilas,21,0,21
Novia,0,21,21
Nuha,3,19,22
Nalu,13,7,20
Nande,6,14,20
Nathasia,0,20,20
Naushahi,13,7,20
Nelda,0,20,20
Netanja,3,16,19
Netanya,3,18,21
Neziha,0,20,20
Niaz,15,5,20
Nicholai,20,0,20
Nichon,3,19,22
Nicolaos,20,0,20
Nijsiena,0,20,20
Nilla,0,20,20
Niloufar,0,20,20
Nishaan,18,3,21
Nittert,20,0,20
Nnamdi,20,0,20
Noella,0,20,20
Noey,3,16,19
Nour-el-Houda,0,20,20
Nousjka,0,20,20
Naboth,19,0,19
Nadjezjda,0,19,19
Nadyne,0,19,19
Naevia,0,19,19
Nagehan,0,19,19
Naida,0,19,19
Najet,0,19,19
Najiba,0,19,19
Nasserdine,19,0,19
Nastassja,0,19,19
Natividad,5,14,19
Naythan,19,0,19
Nazma,0,19,19
Neave,3,16,19
Nedda,0,19,19
Neema,3,18,21
Nelian,3,18,21
Nelissa,0,19,19
Nene,3,15,18
Ngai,14,5,19
Nha,3,18,21
Niah,0,19,19
Nickita,3,18,21
Nicolae,18,3,21
Nicolàs,19,0,19
Nicolau,19,0,19
Niesette,0,19,19
Nikan,19,0,19
Nikander,19,0,19
Nimm,13,6,19
Ninne,3,18,21
Ninos,18,3,21
Niresh,19,0,19
Nizamettin,19,0,19
Noi,6,13,19
Norien,0,19,19
Nouhayla,0,19,19
Nursen,0,19,19
Nyala,0,19,19
Nyjah,18,3,21
Nabiel,18,0,18
Nadiene,0,18,18
Naëmi,0,18,18
Namrata,0,18,18
Nandina,0,18,18
Nándor,18,0,18
Nanook,3,14,17
Narciso,17,3,20
Narissa,0,18,18
Nashara,0,18,18
Nastassia,0,18,18
Natassja,0,18,18
Natnael,18,0,18
Nazha,0,18,18
Neno,18,0,18
Niara,0,18,18
Nicka,3,15,18
Nidhi,3,16,19
Nijske,0,18,18
Nijssien,0,18,18
Nille,5,13,18
Nilsa,0,18,18
Nilsu,0,18,18
Nishita,3,17,20
Nissa,0,18,18
Nivardus,16,3,19
Nixon,18,0,18
Niyara,0,18,18
Nizam,17,3,20
Noami,0,18,18
Noara,0,18,18
Norali,0,18,18
Nory,3,17,20
Nylan,18,0,18
Naalke,0,17,17
Nadide,0,17,17
Nadirah,0,17,17
Nadjezda,0,17,17
Naëlle,0,17,17
Naftaly,5,12,17
Nairi,3,16,19
Najee,15,3,18
Nakisha,0,17,17
Namle,17,0,17
Nanetta,0,17,17
Nantina,0,17,17
Narisha,0,17,17
Nascimento,9,8,17
Naseer,10,7,17
Nasrien,0,17,17
Nathasha,0,17,17
Natisha,3,16,19
Nayely,0,17,17
Nebil,15,3,18
Neena,0,17,17
Neria,5,12,17
Nezahat,0,17,17
Nickay,12,5,17
Nické,0,17,17
Nicolaüs,15,3,18
Nicolino,15,3,18
Nidia,0,17,17
Niekolaas,17,0,17
Niesien,0,17,17
Niran,14,3,17
Nirwana,0,17,17
Noalise,0,17,17
Noèl,15,3,18
Noèlle,0,17,17
Norick,17,0,17
Norita,0,17,17
Nouheyla,0,17,17
Novaley,0,17,17
Novelle,0,17,17
Nuradin,16,3,19
Nurbanu,0,17,17
Nurefşan,0,17,17
Nusaybah,0,17,17
Nuttert,17,0,17
Nyck,17,0,17
Nymphe,0,17,17
Nabor,15,3,18
Nadjesda,0,16,16
Nadra,0,16,16
Nafthaly,3,12,15
Nahrin,0,16,16
Naiara,0,16,16
Nanouska,0,16,16
Naomï,0,16,16
Narjes,0,16,16
Nasya,3,15,18
Natalis,14,3,17
Nawaal,0,16,16
Nawaaz,16,0,16
Nazier,16,0,16
Ned,16,0,16
Nejra,0,16,16
Nello,16,0,16
Nerine,0,16,16
Nette,0,16,16
Nevah,3,15,18
Nevenka,0,16,16
Nghia,16,0,16
Nicha,3,13,16
Nicoliena,0,16,16
Niec,16,0,16
Nielse,3,15,18
Niermala,0,16,16
Nieta,0,16,16
Nikel,16,0,16
Nimke,0,16,16
Nin,3,12,15
Ninorta,0,16,16
Niny,0,16,16
Nirmin,0,16,16
Nirul,16,0,16
Nishan,14,3,17
Noeki,3,15,18
Noesjka,0,16,16
Nomko,16,0,16
Nord,16,0,16
Nouriya,0,16,16
Novin,7,9,16
Nowen,15,3,18
Nunzia,0,16,16
Nursima,0,16,16
Naaz,0,15,15
Nadette,0,15,15
Nadifa,0,15,15
Nafie,14,3,17
Nairo,15,0,15
Naïsha,0,15,15
Nami,3,11,14
Nanouschka,0,15,15
Naouel,0,15,15
Nasera,0,15,15
Nassreddine,15,0,15
Natalena,0,15,15
Natania,0,15,15
Nathen,14,3,17
Naura,0,15,15
Neala,0,15,15
Necmiye,0,15,15
Neenske,0,15,15
Nehalennia,3,14,17
Neldus,15,0,15
Nelena,0,15,15
Néline,0,15,15
Neslişah,0,15,15
Nevriye,0,15,15
Nezar,13,3,16
Nguyet,0,15,15
Nicolò,15,0,15
Niena,0,15,15
Niesjen,0,15,15
Nikisha,0,15,15
Nikitha,0,15,15
Nikole,0,15,15
Niranjana,3,14,17
Nirmal,7,8,15
Nirvan,15,0,15
Nisar,11,3,14
Nizette,0,15,15
Nneka,0,15,15
Noehaila,0,15,15
Noell,7,8,15
Noeska,0,15,15
Nolita,0,15,15
Nonato,15,0,15
Norah-Lynn,0,15,15
Norelle,0,15,15
Noria,3,14,17
Norris,13,3,16
Norton,15,0,15
Noufal,15,0,15
Nouka,0,15,15
Nouredine,15,0,15
Novèll,15,0,15
Nylo,15,0,15
Nysa,0,15,15
Nadeschda,3,13,16
Nadisha,0,14,14
Naeva,0,14,14
Nafisha,0,14,14
Nagib,13,3,16
Nahida,0,14,14
Naldo,14,0,14
Namik,14,0,14
Nanina,0,14,14
Nannetje,0,14,14
Nashira,3,13,16
Nasrallah,14,0,14
Nathaniëlle,3,13,16
Naweed,13,3,16
Naween,14,0,14
Nefertiti,0,14,14
Nejat,14,0,14
Nelien,0,14,14
Nency,0,14,14
Néomy,0,14,14
Neşet,14,0,14
Nesli,0,14,14
Nevina,0,14,14
Nevyn,14,0,14
Nghi,3,12,15
Nicasio,13,3,16
Nickel,13,3,16
Nicla,3,13,16
Niclaas,14,0,14
Nicolla,3,12,15
Niecky,3,10,13
Nillis,13,3,16
Nilsson,14,0,14
Nimda,13,3,16
Ninka,0,14,14
Nisan,5,9,14
Nishani,0,14,14
Nissi,6,8,14
Noe,8,6,14
Noeria,0,14,14
Nonnie,3,12,15
Noorie,3,13,16
Noralin,0,14,14
Noralyn,0,14,14
Nort,14,0,14
Notburga,0,14,14
Nouafel,14,0,14
Nour-El,0,14,14
Nourah,0,14,14
Nourayn,3,13,16
Noute,13,3,16
Nowella,0,14,14
Nurlaila,0,14,14
Nuy,13,3,16
Naaznien,0,13,13
Nafi,10,3,13
Nagina,0,13,13
Nahide,0,13,13
Najate,0,13,13
Najiha,0,13,13
Naliyah,0,13,13
Nantsje,0,13,13
Napoléon,13,0,13
Natalio,12,3,15
Naudin,11,3,14
Nazile,0,13,13
Necdet,13,0,13
Nelette,0,13,13
Neliene,0,13,13
Nelinho,13,0,13
Nenske,0,13,13
Nevfel,13,0,13
Nevine,0,13,13
Newien,13,0,13
Newroz,3,11,14
Nhut,10,3,13
Nicolaja,0,13,13
Nicolara,0,13,13
Niesco,13,0,13
Nikele,13,0,13
Nikia,0,13,13
Nikkita,0,13,13
Nikoletta,0,13,13
Nimrah,0,13,13
Ninet,0,13,13
Niomi,0,13,13
Niro,13,0,13
Nishad,13,0,13
Nivar,12,3,15
Nivine,0,13,13
Nizaam,13,0,13
Noadja,3,9,12
Noemie,0,13,13
Noerie,0,13,13
Noma,3,12,15
Nouran,3,12,15
Novaly,0,13,13
Numair,12,3,15
Nunes,11,3,14
Nurdin,12,3,15
Nadé,0,12,12
Nadjma,0,12,12
Naïra,0,12,12
Namke,3,11,14
Nantkodina,0,12,12
Naod,12,0,12
Nasja,3,11,14
Natália,0,12,12
Natelie,0,12,12
Natesh,12,0,12
Nawel,0,12,12
Nayab,3,11,14
Nayéli,0,12,12
Nayib,12,0,12
Nazrien,0,12,12
Ndidi,0,12,12
Nebojša,11,3,14
Nefertari,0,12,12
Neira,0,12,12
Nejdet,12,0,12
Neorah,0,12,12
Nevio,12,0,12
Nezih,11,3,14
Nias,12,0,12
Nicolaia,0,12,12
Nicolin,3,9,12
Nijnke,0,12,12
Niklaus,12,0,12
Nikolette,0,12,12
Nilani,0,12,12
Nilufar,0,12,12
Nimah,0,12,12
Ninetta,0,12,12
Niniane,0,12,12
Ninotchka,0,12,12
Niranjan,12,0,12
Nirwan,11,3,14
Nisina,0,12,12
Nisthina,0,12,12
Nithin,12,0,12
Nkrumah,8,3,11
Nnenna,0,12,12
Noá,3,11,14
Noalie,0,12,12
Noél,11,3,14
Noeme,12,0,12
Nohaila,0,12,12
Nolen,11,3,14
Nooraya,0,12,12
Noré,0,12,12
Norèn,3,11,14
Norin,3,8,11
Nosakhare,8,3,11
Nouvel,11,3,14
Nove,3,10,13
Nsimba,3,8,11
Nuaym,12,0,12
Nuño,12,0,12
Nupelda,0,12,12
Nyckle,12,0,12
Nyota,5,7,12
Nabeel,11,0,11
Nadezhda,0,11,11
Nadhir,11,0,11
Nadjézjda,0,11,11
Naeema,0,11,11
Nafisah,0,11,11
Nahal,0,11,11
Nahar,3,8,11
Naïda,0,11,11
Naiomi,0,11,11
Najara,0,11,11
Najm,10,3,13
Nalân,0,11,11
Nancij,0,11,11
Nanka,3,10,13
Nannetta,0,11,11
Nanske,0,11,11
Naoki,7,3,10
Narcisa,0,11,11
Narcissa,0,11,11
Narcissus,8,3,11
Nardin,3,9,12
Nardina,0,11,11
Narindra,11,0,11
Nashawn,11,0,11
Nasserdin,11,0,11
Nassria,0,11,11
Nawied,11,0,11
Naylah,0,11,11
Nâzân,0,11,11
Nazlıcan,0,11,11
Neall,10,3,13
Necmeddin,11,0,11
Neissina,0,11,11
Nelida,0,11,11
Nelliëtte,0,11,11
Nenette,0,11,11
Nenita,0,11,11
Nereida,0,11,11
Nermien,0,11,11
Nese,0,11,11
Nethan,11,0,11
Netteke,0,11,11
Nhât,9,3,12
Nicah,6,5,11
Nicandra,0,11,11
Nichola,3,10,13
Nicklaas,11,0,11
Nico-Jan,11,0,11
Nie,3,8,11
Niekus,11,0,11
Niels-Jan,11,0,11
Niencke,0,11,11
Niilo,11,0,11
Nijsien,0,11,11
Nikayla,0,11,11
Nikla,3,8,11
Nikodemus,11,0,11
Ninotschka,0,11,11
Nishana,3,10,13
Nives,0,11,11
Nkansah,7,3,10
Noalin,0,11,11
Noanne,0,11,11
Noar,9,3,12
Noélie,0,11,11
Noëlly,3,10,13
Noena,0,11,11
Noerani,9,3,12
Noerien,0,11,11
Nohea,6,5,11
Nohemi,0,11,11
Noja,3,8,11
Noldus,11,0,11
Nollie,5,6,11
Noon,3,8,11
Noorayn,0,11,11
Noraya,0,11,11
Norvin,11,0,11
Nosa,11,0,11
Nosheen,0,11,11
Nouel,6,5,11
Nouredin,9,3,12
Nourhane,0,11,11
Nova-Lee,0,11,11
Nowel,7,3,10
Nülüfer,0,11,11
Numidia,0,11,11
Nuo,6,5,11
Nureddin,11,0,11
Nusayba,0,11,11
Nycke,0,11,11
Nymfa,3,10,13
Nyoman,8,3,11
Naana,0,10,10
Nabih,10,0,10
Nadea,0,10,10
Nadesha,0,10,10
Nadesja,0,10,10
Nadica,0,10,10
Nadime,3,6,9
Nair,3,8,11
Naisha,0,10,10
Nalida,0,10,10
Namo,10,0,10
Nancie,0,10,10
Naomé,0,10,10
Narani,0,10,10
Narayani,0,10,10
Nardien,0,10,10
Nardos,3,9,12
Narindre,10,0,10
Narjara,0,10,10
Narjisse,0,10,10
Narmin,0,10,10
Nashwan,3,6,9
Nasia,0,10,10
Natacia,0,10,10
Natashia,3,9,12
Navarre,10,0,10
Navi,3,8,11
Nawa,0,10,10
Nawfel,10,0,10
Nazaria,0,10,10
Nazirah,0,10,10
Naznin,0,10,10
Neanke,0,10,10
Neclâ,0,10,10
Neeraj,10,0,10
Neetu,0,10,10
Negah,0,10,10
Negar,0,10,10
Nehal,0,10,10
Nellina,0,10,10
Nema,0,10,10
Nennigje,0,10,10
Nenno,10,0,10
Nenny,0,10,10
Nenya,3,9,12
Neoletta,0,10,10
Nerina,0,10,10
Nessina,0,10,10
Nevim,0,10,10
Nial,8,3,11
Nicandro,10,0,10
Niceta,3,9,12
Nichel,9,3,12
Nicko,9,3,12
Nicolais,10,0,10
Nicolena,0,10,10
Nicoll,3,9,12
Niesiena,0,10,10
Niessie,0,10,10
Nikéh,0,10,10
Nimai,10,0,10
Ninjo,10,0,10
Ninya,0,10,10
Niqué,3,8,11
Nisâ,0,10,10
Nischa,0,10,10
Nisjaat,10,0,10
Nivarda,0,10,10
Nizaar,10,0,10
Noaly,0,10,10
Nobby,10,0,10
Noeke,0,10,10
Noéla,0,10,10
Noële,0,10,10
Noëly,0,10,10
Noesja,0,10,10
Nohr,3,9,12
Noia,3,9,12
Nomad,10,0,10
Noralynn,0,10,10
Norbu,9,3,12
Noris,0,10,10
Nour-El-Houda,0,10,10
Noureddin,10,0,10
Noussayr,10,0,10
Nowelle,0,10,10
Nuka,9,3,12
Numa,7,3,10
Nune,3,9,12
Nûr,0,10,10
Nurah,3,8,11
Nure,8,3,11
Nusa,3,8,11
Nuura,0,10,10
Nyame,5,5,10
Nyara,3,9,12
Nynne,0,10,10
Nzuzi,6,3,9
Naba,3,8,11
Nabia,0,9,9
Nadila,0,9,9
Nadiyah,3,8,11
Nafiz,9,0,9
Nagma,0,9,9
Naichel,9,0,9
Naïn,6,3,9
Naish,9,0,9
Naja,0,9,9
Naledi,0,9,9
Nano,9,0,9
Naobi,3,8,11
Narender,9,0,9
Narine,0,9,9
Nars,9,0,9
Nasibe,0,9,9
Nasiem,6,3,9
Nasirah,0,9,9
Nastaran,0,9,9
Nastascha,0,9,9
Nasuh,9,0,9
Natalin,0,9,9
Natascia,0,9,9
Nathalina,0,9,9
Nathelie,0,9,9
Nauli,0,9,9
Navdeep,5,3,8
Navisha,0,9,9
Navjot,3,5,8
Navneet,0,9,9
Nayela,0,9,9
Nazeema,0,9,9
Nazih,9,0,9
Nazila,0,9,9
Nazime,0,9,9
Nazish,3,7,10
Nazrin,0,9,9
Neama,0,9,9
Necibe,0,9,9
Neddy,8,3,11
Neelia,0,9,9
Neftali,6,3,9
Negesty,0,9,9
Negina,0,9,9
Nehemias,8,3,11
Nellianne,0,9,9
Nellius,9,0,9
Nelus,8,3,11
Neon,7,3,10
Nesime,0,9,9
Nessah,0,9,9
Nevi,5,3,8
Ngadinem,0,9,9
Ngo,8,3,11
Nicanor,9,0,9
Nichole,0,9,9
Nicia,0,9,9
Nicolinda,0,9,9
Nicollet,0,9,9
Nidanur,0,9,9
Nielam,0,9,9
Nieltje,0,9,9
Nienja,0,9,9
Nigina,0,9,9
Nijah,3,8,11
Nikah,3,8,11
Nilse,0,9,9
Nina-Sophie,0,9,9
Ningetje,0,9,9
Ninh,8,3,11
Niniek,0,9,9
Ninna,0,9,9
Ninwa,0,9,9
Niquita,0,9,9
Nischal,9,0,9
Nishat,5,3,8
Nisma,0,9,9
Nitya,3,6,9
Nitza,0,9,9
Nkechi,0,9,9
Nkosi,6,3,9
Noekie,3,8,11
Noeranie,9,0,9
Noh,9,0,9
Nohemy,0,9,9
Nolasca,0,9,9
Nolberta,0,9,9
Nooria,0,9,9
Norayn,0,9,9
Norberthus,9,0,9
Norie,0,9,9
Norinda,0,9,9
Nouaim,9,0,9
Nouelle,0,9,9
Nouman,9,0,9
Noure,3,8,11
Nousha,0,9,9
Ntim,3,6,9
Nurdane,0,9,9
Nusrat,3,6,9
Nyano,9,0,9
Nyasha,5,3,8
Nyela,0,9,9
Naadiya,0,8,8
Nabela,0,8,8
Nadezda,0,8,8
Nafiza,0,8,8
Nagy,6,3,9
Nai,7,3,10
Naia,0,8,8
Naiyara,0,8,8
Najeeb,8,0,8
Nakeisha,0,8,8
Nalina,0,8,8
Namasté,3,3,6
Nancia,0,8,8
Nandia,3,7,10
Nandie,0,8,8
Nanita,0,8,8
Nanoe,3,7,10
Nanuschka,0,8,8
Naome,0,8,8
Naômi,0,8,8
Napoulina,0,8,8
Narcisse,6,3,9
Naroa,0,8,8
Nâs,0,8,8
Nascha,3,7,10
Nasif,8,0,8
Nasrdin,8,0,8
Nasrullah,7,3,10
Natalino,8,0,8
Nataliya,0,8,8
Natchai,6,3,9
Naureen,0,8,8
Naushaad,8,0,8
Navina,0,8,8
Nayna,0,8,8
Nazarius,7,3,10
Naziema,0,8,8
Nazifa,0,8,8
Nechama,0,8,8
Necmi,8,0,8
Nedime,0,8,8
Neeletta,0,8,8
Neels,6,3,9
Nehad,5,3,8
Nelieke,0,8,8
Nelinda,0,8,8
Nelma,0,8,8
Nennie,0,8,8
Nente,0,8,8
Neto,3,3,6
Nevayo,8,0,8
Neviah,3,7,10
Nevis,8,0,8
Newt,3,5,8
Neya,0,8,8
Nguyên,3,3,6
Niccolo,8,0,8
Nickee,0,8,8
Nickky,8,0,8
Nickolaj,8,0,8
Nicodemo,8,0,8
Nicodémus,8,0,8
Nicolaä,3,7,10
Nicoló,8,0,8
Nicona,0,8,8
Nicos,8,0,8
Nieké,0,8,8
Nieklaas,8,0,8
Niël,8,0,8
Nielofar,0,8,8
Nielske,3,6,9
Nien,3,5,8
Nieziena,0,8,8
Niezina,0,8,8
Niguel,8,0,8
Nihaily,0,8,8
Nijne,0,8,8
Nijsina,0,8,8
Nikey,6,3,9
Nikyta,0,8,8
Nildo,8,0,8
Nilgül,0,8,8
Nilis,8,0,8
Nilish,8,0,8
Nilufer,0,8,8
Nimuë,0,8,8
Ningentje,0,8,8
Ninou,3,7,10
Nirel,3,5,8
Nishi,3,7,10
Nissim,7,3,10
Nitai,8,0,8
Nivedita,0,8,8
Nivin,3,7,10
Nivja,0,8,8
Niyantri,0,8,8
Niyo,8,0,8
Njeri,0,8,8
Nneoma,0,8,8
Noâ,3,5,8
Noáh,8,0,8
Noäh,6,3,9
Noaz,8,0,8
Nobert,7,3,10
Nobertus,7,3,10
Nodin,7,3,10
Noeka,3,7,10
Noélia,0,8,8
Noélle,0,8,8
Noemí,0,8,8
Noesje,0,8,8
Nofel,8,0,8
Nolette,0,8,8
Nolwenn,3,7,10
Nomé,0,8,8
Nonie,0,8,8
Nonno,8,0,8
Nooriya,0,8,8
Nóra,0,8,8
Noraida,0,8,8
Norby,8,0,8
Nourredine,8,0,8
Nous,3,5,8
Noushin,0,8,8
Novalynn,0,8,8
Novèl,7,3,10
Novie,0,8,8
Nua,3,6,9
Nubar,8,0,8
Nurçan,0,8,8
Nuriyah,0,8,8
Nurşah,3,7,10
Nurseli,0,8,8
Nurselin,0,8,8
Nürten,0,8,8
Nury,3,5,8
Nyambura,0,8,8
N'dea,0,7,7
Naaitje,0,7,7
Nabiil,7,0,7
Naby,6,3,9
Nacinda,0,7,7
Nadah,0,7,7
Nadalina,3,6,9
Nadee,0,7,7
Nadescha,3,6,9
Nadeshda,0,7,7
Nadezjda,0,7,7
Nadih,0,7,7
Nadus,7,0,7
Nahila,0,7,7
Nahima,0,7,7
Nahomi,0,7,7
Naïr,3,3,6
Nalisha,0,7,7
Namme,7,0,7
Nandanie,0,7,7
Nanniek,3,5,8
Nantiena,0,7,7
Nanuq,3,5,8
Naran,6,3,9
Narel,3,6,9
Nargish,0,7,7
Nari,3,5,8
Nariño,7,0,7
Nart,7,0,7
Nasario,7,0,7
Nasha,3,6,9
Nashed,5,3,8
Nashwa,0,7,7
Nasiema,0,7,7
Nasreddin,7,0,7
Nasteho,0,7,7
Natane,0,7,7
Natasa,3,6,9
Nathaneal,7,0,7
Nauk,7,0,7
Nauras,5,3,8
Navara,3,6,9
Naveah,0,7,7
Navien,7,0,7
Navruz,0,7,7
Nawzad,5,3,8
Nayel,7,0,7
Nayma,0,7,7
Nayobi,0,7,7
Nazário,7,0,7
Nazdar,0,7,7
Nazeli,0,7,7
Nâzim,7,0,7
Nazım,7,0,7
Ndiaye,3,6,9
Ndubuisi,7,0,7
Neelesh,7,0,7
Neelina,0,7,7
Neelma,0,7,7
Neesha,0,7,7
Neeva,0,7,7
Neila,0,7,7
Nelani,0,7,7
Neliana,0,7,7
Nellemieke,0,7,7
Nelsy,3,5,8
Nelton,7,0,7
Nemesis,0,7,7
Nemi,3,6,9
Nenneke,0,7,7
Nermina,0,7,7
Nesil,0,7,7
Nesma,0,7,7
Nesrien,0,7,7
Ness,7,0,7
Neuleke,0,7,7
Nevana,0,7,7
Nevia,0,7,7
Nevrâ,0,7,7
Nezina,0,7,7
Ngadimin,7,0,7
Nicay,6,3,9
Nice,3,3,6
Nicoletha,0,7,7
Nidhal,7,0,7
Nieco,7,0,7
Niëlle,0,7,7
Nielsson,7,0,7
Niema,3,3,6
Niening,7,0,7
Niesha,0,7,7
Nietard,3,3,6
Nigél,7,0,7
Nigèl,6,3,9
Niha,0,7,7
Niharika,0,7,7
Nijsbert,7,0,7
Nikhita,0,7,7
Niklasina,0,7,7
Nikolet,0,7,7
Nilanthi,0,7,7
Nimia,0,7,7
Ninan,3,3,6
Ningo,6,3,9
Niquel,7,0,7
Nisagül,0,7,7
Nishaad,7,0,7
Niska,0,7,7
Nivah,0,7,7
Niyat,3,6,9
Niyaz,7,0,7
Noa-Mae,0,7,7
Noanna,0,7,7
Nodesha,0,7,7
Noela,0,7,7
Nöella,0,7,7
Noepy,0,7,7
Nohayla,0,7,7
Nolanda,0,7,7
Nolin,3,5,8
Nomde,7,0,7
Nonny,0,7,7
Nooh,6,3,9
Nooreen,0,7,7
Norain,0,7,7
Norberte,0,7,7
Norden,7,0,7
North,3,3,6
Nosh,5,3,8
Nossair,7,0,7
Nouar,5,3,8
Noucha,0,7,7
Nouhad,0,7,7
Nouhailla,0,7,7
Noumair,7,0,7
Nourdinne,7,0,7
Noureldin,5,3,8
Nouscha,0,7,7
Nova-Joy,0,7,7
Novian,7,0,7
Nowah,6,3,9
Noyah,3,6,9
Nsiah,3,3,6
Nuan,3,3,6
Nula,0,7,7
Numi,0,7,7
Nural,3,6,9
Nurkan,6,3,9
Nurya,3,6,9
Nusaiba,0,7,7
Nutan,0,7,7
Nuwan,7,0,7
Nylana,0,7,7
Nyma,3,6,9
Nyno,7,0,7
Nyrée,0,7,7
Nysha,0,7,7
Nyva,0,7,7
Nzinga,0,7,7
Na'el,3,5,8
Nabilla,0,6,6
Nadaa,0,6,6
Nadege,0,6,6
Nadesda,0,6,6
Nadinne,0,6,6
Nadjara,0,6,6
Nadjenka,0,6,6
Nadwa,0,6,6
Nafis,5,3,8
Nagi,6,0,6
Nahim,3,3,6
Nahit,5,3,8
Nahum,6,0,6
Naiche,6,0,6
Naïlah,0,6,6
Naïsa,0,6,6
Naisah,0,6,6
Naishel,6,0,6
Najomi,0,6,6
Nalicia,0,6,6
Nammele,6,0,6
Nanami,0,6,6
Nandika,3,5,8
Nannah,0,6,6
Nannick,0,6,6
Nansie,0,6,6
Nant,3,3,6
Nantine,0,6,6
Nantke,3,5,8
Naohmi,0,6,6
Naraindath,6,0,6
Narana,0,6,6
Narayana,5,3,8
Nareshkumar,6,0,6
Nârin,0,6,6
Narinda,0,6,6
Narita,0,6,6
Nariye,0,6,6
Naro,5,3,8
Nasar,6,0,6
Nasara,0,6,6
Naseema,0,6,6
Naserdin,6,0,6
Nashantely,0,6,6
Nasrudin,6,0,6
Nassereddine,6,0,6
Nasteha,0,6,6
Nastenka,0,6,6
Nastjenka,0,6,6
Natalien,0,6,6
Nataschenka,3,5,8
Natasscha,0,6,6
Natassia,0,6,6
Natatia,0,6,6
Nathon,6,0,6
Nativa,0,6,6
Natja,0,6,6
Naual,0,6,6
Naufel,6,0,6
Nautilus,6,0,6
Navya,0,6,6
Nayah,0,6,6
Nayden,6,0,6
Nayef,6,0,6
Nazareth,3,3,6
Nazimagatoen,0,6,6
Nduka,5,3,8
Neah,0,6,6
Nealy,0,6,6
Nebî,6,0,6
Nedin,3,3,6
Neekus,6,0,6
Neeltina,0,6,6
Nefèli,0,6,6
Neils,6,0,6
Nekita,0,6,6
Neleke,0,6,6
Nelje,0,6,6
Nelliene,0,6,6
Nellinda,0,6,6
Nellinde,0,6,6
Nellis,6,0,6
Nellise,0,6,6
Nemesio,6,0,6
Neomar,6,0,6
Neraida,0,6,6
Nerius,6,0,6
Nery,3,3,6
Nescio,5,3,8
Neslisah,0,6,6
Nesse,3,3,6
Nethanel,5,3,8
Nevaya,0,6,6
Nevayah,0,6,6
Neven,6,0,6
Ngadijem,0,6,6
Ngalula,0,6,6
Niano,6,0,6
Nichol,5,3,8
Nicolacina,0,6,6
Nicolana,0,6,6
Nicolasia,0,6,6
Nicolasinus,6,0,6
Nicolatina,0,6,6
Nicòle,0,6,6
Niek-Jan,6,0,6
Nieklas,6,0,6
Nielsen,6,0,6
Nienske,0,6,6
Nihel,0,6,6
Niina,0,6,6
Nikaï,6,0,6
Nikitas,6,0,6
Nikkela,5,3,8
Nikoleta,0,6,6
Nili,0,6,6
Nilofer,0,6,6
Niloufer,0,6,6
Nimco,0,6,6
Ninevé,0,6,6
Ninib,6,0,6
Ninwe,0,6,6
Niquisha,0,6,6
Nirina,3,5,8
Nirja,0,6,6
Nishanti,0,6,6
Nishaya,0,6,6
Nisreen,0,6,6
Nitika,0,6,6
Njaenkje,0,6,6
Noa-Lee,0,6,6
Noaley,0,6,6
Noalyn,0,6,6
Noaquin,6,0,6
Noble,5,3,8
Noèmi,0,6,6
Nohely,0,6,6
Noisa,6,0,6
Nolascus,6,0,6
Nomaan,6,0,6
Nonya,0,6,6
Noorah,0,6,6
Noosa,0,6,6
Nordy,5,3,8
Norèll,0,6,6
Norena,0,6,6
Noriana,0,6,6
Nosair,6,0,6
Nothburga,0,6,6
Nouck,3,5,8
Nouella,0,6,6
Noumi,3,5,8
Nouna,0,6,6
Nouradine,6,0,6
Nourdien,6,0,6
Noushka,0,6,6
Novara,0,6,6
Noyana,0,6,6
Nti,5,3,8
Nugraha,6,0,6
Nuijt,6,0,6
Nunziata,0,6,6
Nuretin,6,0,6
Nuru,3,3,6
Nurul,3,3,6
Nus,5,3,8
Nyra,0,6,6
Na'iem,5,0,5
Na'im,5,0,5
Naadir,5,0,5
Naanke,0,5,5
Naantke,0,5,5
Nabin,5,0,5
Naceur,3,3,6
Nadda,0,5,5
Nadem,3,3,6
Nadesch,0,5,5
Nadïa,0,5,5
Nadika,0,5,5
Nadil,5,0,5
Nadima,0,5,5
Nadista,0,5,5
Nadoua,0,5,5
Nadyn,0,5,5
Nadysha,0,5,5
Naeel,5,0,5
Naeemah,0,5,5
Naemy,0,5,5
Nafayo,5,0,5
Nafeesa,0,5,5
Nafisagatoen,0,5,5
Nafmie,0,5,5
Nagesty,0,5,5
Nagibie,0,5,5
Naimah,0,5,5
Nainoa,5,0,5
Naiomy,0,5,5
Naïri,0,5,5
Naïs,0,5,5
Naiya,3,3,6
Najeb,5,0,5
Najem,5,0,5
Najlaa,0,5,5
Nakea,0,5,5
Nalea,0,5,5
Naly,3,3,6
Naman,3,3,6
Name,0,5,5
Namee,0,5,5
Namita,0,5,5
Nandana,0,5,5
Nandkishor,5,0,5
Nandkumar,5,0,5
Nanee,0,5,5
Nanne-Jan,5,0,5
Nannerl,0,5,5
Nannina,0,5,5
Nanu,3,3,6
Naolin,0,5,5
Näomi,0,5,5
Napauline,0,5,5
Naphtaly,3,3,6
Naraida,0,5,5
Narayda,0,5,5
Narell,0,5,5
Nareshkoemar,5,0,5
Narina,0,5,5
Nashaily,0,5,5
Nasib,3,3,6
Nasih,5,0,5
Nasmien,0,5,5
Nassef,5,0,5
Nassiba,0,5,5
Nassiem,3,3,6
Nassier,5,0,5
Nasta,3,3,6
Natala,0,5,5
Nataśa,0,5,5
Natasjha,3,3,6
Natcha,0,5,5
Nathalena,0,5,5
Nathanial,5,0,5
Nathely,0,5,5
Nathifa,0,5,5
Natsumi,0,5,5
Navairo,5,0,5
Navaja,0,5,5
Navea,3,3,6
Nawi,3,3,6
Nayaab,0,5,5
Nayaro,5,0,5
Nayati,5,0,5
Nayemi,0,5,5
Nayim,5,0,5
Naylan,5,0,5
Nayley,0,5,5
Nayrah,0,5,5
Naza,0,5,5
Nazeh,3,3,6
Nazende,0,5,5
Nazer,5,0,5
Nazerien,0,5,5
Naziagatoen,0,5,5
Naziem,5,0,5
Naziera,0,5,5
Nâzik,0,5,5
Nazlihan,0,5,5
Nazzareno,5,0,5
Ndeye,0,5,5
Neav,3,3,6
Nebiye,0,5,5
Nechemya,5,0,5
Nedah,0,5,5
Nedžad,5,0,5
Neelco,5,0,5
Neeline,0,5,5
Neelkanth,5,0,5
Neeya,0,5,5
Nefer,3,3,6
Nefertete,0,5,5
Nefes,3,3,6
Negena,0,5,5
Neile,3,3,6
Neine,0,5,5
Neis,0,5,5
Neisha,0,5,5
Neiske,0,5,5
Nektaria,0,5,5
Neles,5,0,5
Nelettha,0,5,5
Neliah,0,5,5
Nelienke,0,5,5
Nelita,0,5,5
Nellegje,0,5,5
Nellyanne,0,5,5
Neltji,0,5,5
Nemea,0,5,5
Nemesius,5,0,5
Nénette,0,5,5
Nengah,3,3,6
Nenke,3,3,6
Neola,0,5,5
Neoma,0,5,5
Nerida,0,5,5
Neris,3,3,6
Nerisa,0,5,5
Nerman,3,3,6
Neroli,0,5,5
Neset,5,0,5
Nesimi,5,0,5
Nessrine,0,5,5
Nesto,5,0,5
Nevayro,5,0,5
Nevy,5,0,5
Newa,0,5,5
Neyah,3,3,6
Neza,0,5,5
Nezihe,0,5,5
Niccolò,5,0,5
Nici,3,3,6
Nicita,0,5,5
Nickayla,0,5,5
Nicke,3,3,6
Niclosina,0,5,5
Nicoladus,5,0,5
Nicolasa,3,3,6
Nicolasien,0,5,5
Nicolein,3,3,6
Nicolia,3,3,6
Nicolijn,0,5,5
Nicolinde,0,5,5
Nicolyne,0,5,5
Nido,3,3,6
Niekele,5,0,5
Niela,0,5,5
Nieradj,5,0,5
Niesaar,5,0,5
Niev,3,3,6
Nihaila,0,5,5
Nijo,3,3,6
Nikae,0,5,5
Nikash,5,0,5
Nikitta,0,5,5
Nikodem,5,0,5
Nilca,0,5,5
Nilgun,0,5,5
Niluka,0,5,5
Nilusha,3,3,6
Nimesh,5,0,5
Nimme,3,3,6
Nina-Marie,0,5,5
Ninny,0,5,5
Ninoska,0,5,5
Ninoy,5,0,5
Niobi,0,5,5
Niovi,0,5,5
Niquelle,0,5,5
Niquette,0,5,5
Niradj,5,0,5
Nirandjan,5,0,5
Nirma,0,5,5
Niroshan,5,0,5
Nirphania,0,5,5
Nirupa,0,5,5
Nisaa,0,5,5
Nishada,0,5,5
Nishaira,0,5,5
Nishantha,5,0,5
Nishchal,5,0,5
Nisrina,0,5,5
Nito,3,3,6
Niveshan,5,0,5
Niwar,5,0,5
Nizia,0,5,5
Njambi,0,5,5
Nkeiruka,0,5,5
Nkem,0,5,5
Noak,5,0,5
Noali,0,5,5
Noas,5,0,5
Nobu,5,0,5
Noéh,5,0,5
Noëlani,0,5,5
Noëlie,0,5,5
Noèll,5,0,5
Noëllie,0,5,5
Noély,0,5,5
Noëmia,0,5,5
Noen,0,5,5
Noeran,3,3,6
Noet,0,5,5
Nofal,3,3,6
Nohra,0,5,5
Nolberdina,0,5,5
Nolleke,3,3,6
Nomidia,0,5,5
Nomkea,0,5,5
Nonata,0,5,5
Nooraniyah,0,5,5
Noraima,0,5,5
Noraiz,5,0,5
Noralee,0,5,5
Noralinde,0,5,5
Noranne,0,5,5
Norbart,5,0,5
Norbartus,5,0,5
Norbert-Jan,5,0,5
Norberti,0,5,5
Norbertinus,5,0,5
Noreena,0,5,5
Norella,0,5,5
Noren,3,3,6
Normanda,0,5,5
Nosayaba,3,3,6
Nossayr,5,0,5
Nouafal,5,0,5
Noual,0,5,5
Nouki,0,5,5
Nouraan,0,5,5
Nourayah,0,5,5
Nouredinne,5,0,5
Nourelhouda,0,5,5
Nourian,5,0,5
Nourine,0,5,5
Nourya,0,5,5
Nouvelle,3,3,6
Nova-Mae,0,5,5
Novae,0,5,5
Novari,5,0,5
Nowy,3,3,6
Noyanna,0,5,5
Nozha,0,5,5
Nsilulu,5,0,5
Nubian,3,3,6
Nudem,0,5,5
Nuel,3,3,6
Nuela,0,5,5
Nuelle,0,5,5
Nugroho,5,0,5
Nullah,3,3,6
Nür,0,5,5
Nuraini,0,5,5
Nurcihan,0,5,5
Nurlayla,0,5,5
Nurtaç,3,3,6
Nyanga,3,3,6
Nyanin,3,3,6
Nyca,3,3,6
Nygell,5,0,5
Nykita,3,3,6
Nymfe,0,5,5
Nymke,0,5,5
Na'ama,0,3,3
Na'ilah,0,3,3
Naadira,0,3,3
Naan,3,3,6
Naanko,3,0,3
Naard,3,0,3
Naasira,3,3,6
Naavah,0,3,3
Naazma,0,3,3
Nabilah,3,3,6
Nabile,3,0,3
Nabyl,3,0,3
Nacera,0,3,3
Nachali,0,3,3
Nachenica,0,3,3
Nachet,0,3,3
Nacira,0,3,3
Nadarajah,3,3,6
Nadech,3,3,6
Nadeska,0,3,3
Nadhie,0,3,3
Nàdia,0,3,3
Nádia,0,3,3
Nadinja,0,3,3
Nadjahro,3,0,3
Nadjib,3,3,6
Nadjim,3,0,3
Naela,0,3,3
Naémi,0,3,3
Naëmy,0,3,3
Naenke,0,3,3
Naentske,0,3,3
Nafas,0,3,3
Nafia,0,3,3
Nafieza,0,3,3
Nafila,0,3,3
Náftali,3,3,6
Nagad,0,3,3
Nagim,3,0,3
Nahdie,0,3,3
Nahemia,0,3,3
Nahesson,3,0,3
Nahil,3,3,6
Nahiti,0,3,3
Nahome,3,0,3
Nahyan,3,0,3
Naiel,3,0,3
Naighel,3,0,3
Naïk,3,3,6
Naïmi,0,3,3
Naïna,0,3,3
Naiobi,0,3,3
Naïobi,0,3,3
Naïrah,0,3,3
Nairomy,0,3,3
Naisa,0,3,3
Naiyana,0,3,3
Najaf,3,3,6
Najiib,3,0,3
Najila,0,3,3
Najmeddine,3,0,3
Najmo,0,3,3
Najua,0,3,3
Nakeysha,0,3,3
Nakia,0,3,3
Nakiya,0,3,3
Nalany,0,3,3
Nalaya,0,3,3
Naleken,0,3,3
Nalia,0,3,3
Nalika,0,3,3
Naliny,0,3,3
Nalonya,0,3,3
Nalou,0,3,3
Nameer,3,0,3
Namrita,0,3,3
Nancey,0,3,3
Nandkoemar,3,0,3
Nandus,3,0,3
Nanga,0,3,3
Nanice,0,3,3
Nanini,0,3,3
Nannen,3,0,3
Nannine,0,3,3
Nanningske,0,3,3
Nannink,3,0,3
Nannita,0,3,3
Nanoeska,0,3,3
Nanouche,0,3,3
Nanoushka,0,3,3
Nansia,0,3,3
Nanyamka,0,3,3
Nao,3,0,3
Naoil,0,3,3
Naor,3,3,6
Naouara,0,3,3
Napoline,0,3,3
Naraya,3,3,6
Narcisius,3,0,3
Nardia,0,3,3
Nardino,3,0,3
Nare,0,3,3
Nareena,0,3,3
Naren,3,3,6
Narena,0,3,3
Nargiz,0,3,3
Narinderkumar,3,0,3
Narisa,0,3,3
Naromy,0,3,3
Narouz,3,3,6
Narsingh,3,0,3
Nasem,3,3,6
Nashota,3,3,6
Nashreen,0,3,3
Nashua,3,3,6
Nasiemagatoen,0,3,3
Nasiera,0,3,3
Nasiha,0,3,3
Nasiib,3,3,6
Nasr-eddine,3,0,3
Nasraddin,3,0,3
Nasradin,3,0,3
Nasrat,3,0,3
Nasrdine,3,0,3
Nassar,3,3,6
Nassirah,0,3,3
Nassor,3,3,6
Nassr,3,3,6
Nastasija,0,3,3
Nastja,0,3,3
Nata,3,3,6
Natachja,0,3,3
Natané,0,3,3
Nataschia,0,3,3
Natatcha,0,3,3
Natha,3,3,6
Nathalien,0,3,3
Nathanäel,3,0,3
Nathani,0,3,3
Nathaniëlla,0,3,3
Nathanielle,0,3,3
Nathanna,0,3,3
Nathasya,0,3,3
Nathean,3,0,3
Natik,3,0,3
Natinus,3,0,3
Natischa,0,3,3
Natrina,0,3,3
Naturelle,0,3,3
Naum,3,0,3
Naures,3,0,3
Naushadali,3,0,3
Nausheen,0,3,3
Navay,3,0,3
Naveena,0,3,3
Navied,3,0,3
Navinkoemar,3,0,3
Navinkumar,3,0,3
Navita,0,3,3
Navpreet,3,3,6
Navraj,3,0,3
Nawaf,3,3,6
Nawara,0,3,3
Nawish,3,0,3
Nayantara,0,3,3
Nayarah,0,3,3
Naycha,0,3,3
Nayelle,0,3,3
Nayil,3,0,3
Nayirah,0,3,3
Nayomie,0,3,3
Nayyira,0,3,3
Nazaire,3,0,3
Nazanien,0,3,3
Nazareno,3,0,3
Nazenin,0,3,3
Nazet,0,3,3
Nazike,0,3,3
Nazjat,3,3,6
Nazly,0,3,3
Nazya,0,3,3
Neals,3,0,3
Nebay,3,0,3
Nebile,0,3,3
Necattin,3,0,3
Nechemja,3,0,3
Nectaria,0,3,3
Nèda,0,3,3
Nedal,3,0,3
Nedine,0,3,3
Nedly,3,0,3
Neeltjen,0,3,3
Neenah,0,3,3
Neeradj,3,0,3
Neeve,0,3,3
Nefide,0,3,3
Nefize,0,3,3
Neftalie,0,3,3
Nega,0,3,3
Negien,0,3,3
Nego,3,0,3
Negra,0,3,3
Negrita,0,3,3
Nehemie,3,3,6
Nehemina,0,3,3
Neissien,0,3,3
Neiva,0,3,3
Nekia,0,3,3
Neldine,0,3,3
Nelea,0,3,3
Nelegonda,0,3,3
Neletha,0,3,3
Nelianna,0,3,3
Nelinde,0,3,3
Nèline,0,3,3
Nelini,0,3,3
Nelius,3,0,3
Neliyah,0,3,3
Nelize,0,3,3
Nellanie,0,3,3
Nellegonda,0,3,3
Nellieke,0,3,3
Nellien,0,3,3
Nellize,0,3,3
Nelsa,0,3,3
Neltjie,0,3,3
Nelyanne,0,3,3
Nemencio,3,0,3
Nemensio,3,0,3
Nennetjen,0,3,3
Néo,3,0,3
Neoh,3,0,3
Neolina,0,3,3
Nephele,0,3,3
Nephthys,0,3,3
Nerée,0,3,3
Neresh,3,0,3
Nerinder,3,0,3
Nerise,0,3,3
Neriva,0,3,3
Nerma,0,3,3
Nerses,3,0,3
Neruda,3,3,6
Neryse,0,3,3
Nesa,3,3,6
Neşat,3,0,3
Nesha,0,3,3
Neshama,0,3,3
Nesiah,0,3,3
Nesina,0,3,3
Netan,3,0,3
Neusa,0,3,3
Néva,0,3,3
Néve,0,3,3
Neves,3,3,6
Newi,0,3,3
Newin,3,3,6
Neysa,0,3,3
Neytiri,0,3,3
Ngân,0,3,3
Ngatimin,3,0,3
Ngon,3,3,6
Nguyen-Tran,3,3,6
Nguyêt,0,3,3
Nhã,0,3,3
Nhien,3,3,6
Nhu-Y,0,3,3
Ni'ma,0,3,3
Niamat,0,3,3
Nianca,0,3,3
Nicai,3,3,6
Nicephora,0,3,3
Nicette,0,3,3
Nichal,3,0,3
Nichella,0,3,3
Nicine,0,3,3
Nickelas,3,0,3
Nickles,3,0,3
Nickola,3,3,6
Nickolaï,3,0,3
Nickole,0,3,3
Nickyta,0,3,3
Niclaes,3,0,3
Niclotina,0,3,3
Nicodemia,0,3,3
Nicolá,3,0,3
Nicolà,3,3,6
Nicolaaszoon,3,0,3
Nicolaïs,3,3,6
Nicolasiena,0,3,3
Nicolaya,3,3,6
Nicolays,3,0,3
Nicolè,0,3,3
Nicomedus,3,0,3
Nicus,3,0,3
Nidâ,0,3,3
Nidaa,0,3,3
Nidi,3,3,6
Nielis,3,3,6
Niell,3,3,6
Nielsine,0,3,3
Niemer,3,3,6
Nienk,3,3,6
Nienko,3,0,3
Niënna,0,3,3
Niesetta,0,3,3
Niesinus,3,0,3
Nieska,0,3,3
Niezetta,0,3,3
Niga,0,3,3
Niğmet,0,3,3
Nihaad,0,3,3
Nihaal,3,3,6
Nihayla,0,3,3
Nihed,0,3,3
Nihle,0,3,3
Nijssina,0,3,3
Nijziena,0,3,3
Nikaela,0,3,3
Nikeé,3,3,6
Nikeline,0,3,3
Nikya,0,3,3
Nilai,3,3,6
Nilany,0,3,3
Nilia,3,3,6
Nill,3,0,3
Niloefar,0,3,3
Niloofar,0,3,3
Nilsen,3,3,6
Nilva,0,3,3
Nilza,0,3,3
Nimca,0,3,3
Nimrat,0,3,3
Nindy,0,3,3
Ninge,3,3,6
Ninieck,0,3,3
Ninnoc,0,3,3
Ninotsjka,0,3,3
Ninotska,0,3,3
Ninouschka,0,3,3
Ninska,0,3,3
Ninti,0,3,3
Nioby,0,3,3
Niomar,3,3,6
Niomy,0,3,3
Niqui,3,3,6
Niraja,0,3,3
Nirav,3,0,3
Niru,3,0,3
Nirvano,3,0,3
Nis,3,0,3
Nisa-Nur,0,3,3
Nishaal,3,0,3
Nishaar,3,0,3
Nishand,3,0,3
Nishayra,0,3,3
Nishika,0,3,3
Niskeya,0,3,3
Nisra,0,3,3
Nitha,0,3,3
Niti,3,3,6
Nitien,3,0,3
Nitouche,0,3,3
Niu,3,3,6
Niusha,0,3,3
Nivan,3,0,3
Nivaro,3,0,3
Nivetha,0,3,3
Nivien,0,3,3
Niyam,3,0,3
Niyar,3,0,3
Niyati,3,3,6
Niymet,0,3,3
Nizhoni,0,3,3
Nizzar,3,0,3
Njiebong,3,3,6
Njusja,0,3,3
Nkansa,0,3,3
Nkemjika,3,3,6
Nnaemeka,3,0,3
Noà,3,3,6
Noa-Jade,0,3,3
Noa-Jane,0,3,3
Noa-Sophie,0,3,3
Noad,3,0,3
Noah-Lynn,0,3,3
Noale,0,3,3
Noana,0,3,3
Noann,3,3,6
Noberta,3,3,6
Nobertha,3,3,6
Nobilé,0,3,3
Nodisha,0,3,3
Noeha,0,3,3
Noeky,0,3,3
Noêl,3,3,6
Noéll,3,3,6
Noélla,0,3,3
Noêlle,3,3,6
Noémia,0,3,3
Noemy,0,3,3
Noeschka,0,3,3
Noëy,3,3,6
Noéya,0,3,3
Nohad,0,3,3
Nohaïla,0,3,3
Nohan,3,3,6
Nohela,0,3,3
Nohre,0,3,3
Nok,3,3,6
Nolasco,3,3,6
Nolaska,0,3,3
Noldine,0,3,3
Noldy,3,3,6
Nolet,0,3,3
Nolyn,3,3,6
Nomair,3,0,3
Nomee,3,3,6
Nomey,0,3,3
Nonah,0,3,3
Nong,3,3,6
Nontje,3,3,6
Noof,3,3,6
Nooradin,3,3,6
Noorain,0,3,3
Nooranie,3,0,3
Noordbertus,3,0,3
Nooriyah,0,3,3
Nora-Lina,0,3,3
Noradin,3,0,3
Noray,3,3,6
Norbiba,0,3,3
Nordi,3,3,6
Nordwin,3,0,3
Noree,0,3,3
Norely,0,3,3
Norhaan,0,3,3
Norinne,0,3,3
Norrick,3,0,3
Nortey,3,0,3
Norwine,0,3,3
Noshi,3,3,6
Noshin,0,3,3
Nouah,3,3,6
Nouamane,3,0,3
Noujoud,0,3,3
Noumidya,0,3,3
Nour-Aya,0,3,3
Nouradin,3,3,6
Nourayne,0,3,3
Nouridine,3,0,3
Nouriman,3,3,6
Nousaiba,0,3,3
Nousayba,0,3,3
Noussayba,0,3,3
Novali,0,3,3
Novanyo,3,0,3
Novee,0,3,3
Noveé,0,3,3
Noven,3,0,3
Noviya,0,3,3
Nowan,3,0,3
Nshan,3,0,3
Nsingi,3,0,3
Ntite,3,0,3
Nuaim,3,0,3
Nuella,0,3,3
Nujin,0,3,3
Nunu,3,3,6
Nuraan,0,3,3
Nuraisha,0,3,3
Nurgul,0,3,3
Nurhayati,0,3,3
Nuriah,3,3,6
Nurith,0,3,3
Nurjenna,0,3,3
Nuschka,0,3,3
Nuseyba,0,3,3
Nuuh,3,0,3
Nuwairah,0,3,3
Nuzha,0,3,3
Nwer,3,3,6
Nyam,3,0,3
Nyanda,0,3,3
Nyanza,3,3,6
Nyasa,0,3,3
Nykee,0,3,3
Nym,0,3,3
Nymphea,0,3,3
Nynja,0,3,3
Nynka,0,3,3
Nynke-Marije,0,3,3
Nyrah,0,3,3
Nyria,0,3,3
Nys,3,0,3
Nyshaira,0,3,3
Nysius,3,0,3
Nzongo,3,3,6
N'deye,0,3,3
Naadia,0,3,3
Naadirah,0,3,3
Naailah,0,3,3
Naaima,0,3,3
Naama,0,3,3
Naäman,3,0,3
Naarah,0,3,3
Naärai,3,3,6
Naasir,3,0,3
Naatjen,0,3,3
Naazim,3,0,3
Naazmoen,0,3,3
Naazneen,0,3,3
Nabel,3,0,3
Nabiela,0,3,3
Nac,3,0,3
Nacerdine,3,0,3
Nacha,0,3,3
Nachaira,0,3,3
Nached,3,3,6
Nachelle,0,3,3
Nachenius,3,0,3
Nacho,3,0,3
Nachoem,3,0,3
Nachoua,0,3,3
Nachum,3,0,3
Naciyenur,0,3,3
Nadalia,0,3,3
Nadar,3,3,6
Naddy,0,3,3
Nadedja,0,3,3
Nadeen,3,3,6
Nadera,0,3,3
Nadeshe,0,3,3
Nadežda,0,3,3
Nadhia,0,3,3
Nadhira,0,3,3
Nadian,3,0,3
Nadié,0,3,3
Nadiënne,0,3,3
Nadiera,0,3,3
Nadiir,3,0,3
Nadinda,0,3,3
Nadinka,0,3,3
Nadino,3,0,3
Nadique,0,3,3
Nadischa,0,3,3
Nadise,0,3,3
Nadita,0,3,3
Nadiushka,0,3,3
Nadiuska,0,3,3
Nadjana,0,3,3
Nadjela,0,3,3
Nadjero,3,0,3
Nadjeschda,0,3,3
Nadjeska,0,3,3
Nadjesta,0,3,3
Nadjm,3,0,3
Nadjwa,0,3,3
Nado,3,0,3
Nadua,0,3,3
Nadym,3,3,6
Naél,3,3,6
Naèl,3,3,6
Naely,0,3,3
Naëmie,0,3,3
Naémy,0,3,3
Naéva,0,3,3
Naevy,3,3,6
Nafa,3,3,6
Nafaa,3,0,3
Nafies,3,0,3
Nafiesagatoen,0,3,3
Nafiesah,0,3,3
Nafiesha,0,3,3
Nafiez,3,0,3
Nafiso,0,3,3
Nafka,0,3,3
Nafmi,3,3,6
Nafthal,3,0,3
Naga,3,0,3
Nagat,0,3,3
Nageeba,0,3,3
Nagely,0,3,3
Nagieb,3,0,3
Nagoya,3,3,6
Naguib,3,0,3
Nagwa,0,3,3
Náhani,0,3,3
Naharia,0,3,3
Nahdia,0,3,3
Nahed,3,3,6
Nahely,0,3,3
Nahésson,3,0,3
Nahira,0,3,3
Nahomie,0,3,3
Nahomy,0,3,3
Nai-Yahrell,3,0,3
Naïem,3,0,3
Naiima,0,3,3
Naik,3,0,3
Naíma,0,3,3
Naïmah,0,3,3
Nairah,0,3,3
Naïro,3,0,3
Nairoby,0,3,3
Naïscha,0,3,3
Naiseline,0,3,3
Naïssa,0,3,3
Naissa,0,3,3
Najam,3,3,6
Najama,0,3,3
Najeh,3,0,3
Najema,0,3,3
Najesca,0,3,3
Najibullah,3,0,3
Najid,3,0,3
Najiem,3,0,3
Najih,3,3,6
Najlaâ,0,3,3
Nakai,3,3,6
Nakazibwe,0,3,3
Nakeesha,0,3,3
Nakibinge,3,3,6
Nakoma,3,3,6
Nakya,3,3,6
Nâlan,0,3,3
Nâlân,0,3,3
Naldy,3,0,3
Naletta,0,3,3
Nalien,0,3,3
Nalienie,0,3,3
Nalinde,0,3,3
Nalya,0,3,3
Nalyna,0,3,3
Nalysha,0,3,3
Nalyssa,0,3,3
NAM,3,0,3
Namal,3,3,6
Namar,3,3,6
Namé,0,3,3
Namet,0,3,3
Namika,0,3,3
Nanah,0,3,3
Nanan,3,3,6
Nanci,0,3,3
Nandel,3,3,6
Nandhanie,0,3,3
Nandinidevi,0,3,3
Nandinie,0,3,3
Nandkisoor,3,0,3
Nané,0,3,3
Nangila,0,3,3
Nanick,3,3,6
Nanie,0,3,3
Nanien,0,3,3
Nanienke,0,3,3
Naninka,0,3,3
Nankie,0,3,3
Nanlohy,3,3,6
Nannigje,0,3,3
Nannij,0,3,3
Nannique,0,3,3
Nanosh,3,0,3
Nanouscka,0,3,3
Nante,3,3,6
Nantien,0,3,3
Nantske,0,3,3
Naoël,0,3,3
Naoemi,0,3,3
Naohmy,0,3,3
Naomië,0,3,3
Naorie,3,3,6
Naoum,3,3,6
Naoumi,0,3,3
Naoussa,3,3,6
Napoleone,3,0,3
Napolina,0,3,3
Napsia,0,3,3
Naquesty,0,3,3
Narah,0,3,3
Naraindat,3,0,3
Naraini,0,3,3
Naraisha,0,3,3
Naramsin,3,0,3
Narcisio,3,0,3
Nardjara,0,3,3
Nardjis,0,3,3
Naré,0,3,3
Narella,0,3,3
Narida,0,3,3
Narim,3,3,6
Narinderkoemar,3,0,3
Narissara,0,3,3
Narong,3,0,3
Nasaira,0,3,3
Nasea,3,3,6
Nashairo,3,0,3
Nashanty,0,3,3
Nashat,3,3,6
Nashebo,3,0,3
Nashida,0,3,3
Nashima,0,3,3
Nashir,3,0,3
Nashita,0,3,3
Nasiba,0,3,3
Nasiban,0,3,3
Nasiim,3,3,6
Nasjara,0,3,3
Nasmagatoen,0,3,3
Nasratullah,3,0,3
Nasre-Eddine,3,0,3
Nasredin,3,0,3
Nasredine,3,0,3
Nasredinne,3,0,3
Nasreldin,3,3,6
Nasriin,0,3,3
Nasro,3,3,6
Nasseem,3,3,6
Nassera,0,3,3
Nassif,3,0,3
Nassin,3,0,3
Nassiri,3,0,3
Nastacha,0,3,3
Nastasha,0,3,3
Nastya,0,3,3
Nasuf,3,0,3
Nasuhi,3,0,3
Natachia,0,3,3
Nataël,0,3,3
Natahlie,0,3,3
Nataljia,0,3,3
Nátán,3,0,3
Nataneal,3,0,3
Nataniella,0,3,3
Natanio,3,0,3
Natas,3,3,6
Natasya,0,3,3
Natatsia,0,3,3
Nataya,0,3,3
Natesse,0,3,3
Nathaël,3,0,3
Nathala,0,3,3
Nathale,3,3,6
Nathaley,0,3,3
Nathalio,3,0,3
Nathalis,3,3,6
Nathallia,0,3,3
Nathanaëll,3,3,6
Nathany,0,3,3
Nathaschja,0,3,3
Nathnael,3,0,3
Natidjan,3,0,3
Nativita,0,3,3
Nato,3,0,3
Natsja,0,3,3
Nature,0,3,3
Nauar,0,3,3
Naudy,3,3,6
Nauka,0,3,3
Nauke,3,3,6
Naury,3,3,6
Nausad,3,0,3
Nausica,0,3,3
Nausika,0,3,3
Nauwsaie,3,3,6
Navah,0,3,3
Navaio,3,0,3
Navanio,3,0,3
Navarra,3,3,6
Navaya,0,3,3
Naveda,0,3,3
Navey,3,0,3
Navia,0,3,3
Navino,3,0,3
Navisa,0,3,3
Navjyot,3,3,6
Nawaab,3,0,3
Nawale,0,3,3
Naweenkumar,3,0,3
Nawie,0,3,3
Nawila,0,3,3
Nawisha,0,3,3
Nawishka,0,3,3
Nawra,0,3,3
Nay,3,3,6
Nayani,0,3,3
Nayat,0,3,3
Nayeebah,0,3,3
Nayeem,3,0,3
Nayémi,0,3,3
Nayibe,0,3,3
Nayima,0,3,3
Nayira,0,3,3
Nayiri,0,3,3
Nayisha,0,3,3
Nayri,0,3,3
Nayro,3,0,3
Nayron,3,0,3
Naysha,0,3,3
Nayten,3,0,3
Naython,3,0,3
Nayyirah,0,3,3
Nazaira,0,3,3
Nazari,3,3,6
Nazat,0,3,3
Nazeer,3,3,6
Nazeera,0,3,3
Nazeni,0,3,3
Nazjib,3,0,3
Nazligül,0,3,3
Nazlin,0,3,3
Nazmagatoen,0,3,3
Naznien,0,3,3
Nazo,3,3,6
Nazrul,3,0,3
Nađa,0,3,3
Nean,3,3,6
Neana,0,3,3
Neane,0,3,3
Neanne,0,3,3
Nebez,3,0,3
Nebras,3,0,3
Neçati,3,0,3
Nécessa,0,3,3
Necha,0,3,3
Nechamah,0,3,3
Necib,3,0,3
Neçla,0,3,3
Neculai,3,0,3
Néda,0,3,3
Nedeljko,3,0,3
Neder,3,0,3
Nedi,3,3,6
Nedia,0,3,3
Nediva,0,3,3
Nedja,3,3,6
Nedjo,3,0,3
Nedju,3,0,3
Nedra,0,3,3
Neeha,0,3,3
Neelius,3,0,3
Neelkje,0,3,3
Neelletta,0,3,3
Neeltiena,0,3,3
Neelus,3,0,3
Neentske,0,3,3
Neequaye,3,0,3
Neesa,0,3,3
Neev,3,0,3
Nefely,0,3,3
Nefta,0,3,3
Neftaly,0,3,3
Nefthaly,0,3,3
Negan,3,3,6
Negesti,0,3,3
Neghar,0,3,3
Neghib,3,3,6
Nehemian,3,0,3
Nehla,0,3,3
Neia,0,3,3
Neina,0,3,3
Nejervan,3,3,6
Neji,3,0,3
Nejia,0,3,3
Nejmi,3,0,3
Neka,0,3,3
Nekisha,0,3,3
Nektarios,3,0,3
Neleanne,0,3,3
Nelin,0,3,3
Nélina,0,3,3
Nelinus,3,0,3
Nelio,3,0,3
Nelisha,0,3,3
Nelito,3,0,3
Neliza,0,3,3
Nelja,0,3,3
Nelles,3,0,3
Nellyn,0,3,3
Nelmarie,0,3,3
Nelofar,0,3,3
Nelsan,3,3,6
Nelsen,3,0,3
Neltus,3,0,3
Nelvin,3,0,3
Nelya,0,3,3
Nélyne,0,3,3
Nemesia,0,3,3
Nemuel,3,0,3
Nen,3,3,6
Nencio,3,0,3
Nènè,3,3,6
Néne,3,3,6
Nené,0,3,3
Neni,3,3,6
Nens,0,3,3
Nensy,0,3,3
Néomie,0,3,3
Neosha,0,3,3
Nephill,3,0,3
Nepomucena,0,3,3
Nepomuk,3,0,3
Neptunus,3,0,3
Nercisio,3,0,3
Neressa,0,3,3
Nerice,0,3,3
Nerija,3,3,6
Nerimen,0,3,3
Nerish,3,0,3
Neriyah,3,3,6
Nerva,0,3,3
Neryah,0,3,3
Neša,3,0,3
Neserin,0,3,3
Nesh,3,0,3
Neshro,3,0,3
Nesien,0,3,3
Nesin,3,0,3
Nesje,0,3,3
Nesla,0,3,3
Nesserine,0,3,3
Nessima,0,3,3
Nessrin,0,3,3
Neston,3,3,6
Nesty,3,3,6
Netanel,3,0,3
Nethanaël,3,0,3
Nethaniël,3,0,3
Nethánja,0,3,3
Nettalie,0,3,3
Neufel,3,3,6
Neuza,0,3,3
Nevâ,0,3,3
Nevé,0,3,3
Nève,0,3,3
Nevéah,0,3,3
Neveda,0,3,3
Nevien,3,3,6
Néville,3,0,3
Nevruz,3,3,6
New,3,3,6
Newal,3,3,6
Nexhmedin,3,0,3
Ney,3,3,6
Nezire,0,3,3
Neziye,0,3,3
Nezla,0,3,3
Nga-Yin,0,3,3
Ngar,0,3,3
Ngasira,0,3,3
Ngatiman,3,0,3
Ngatini,0,3,3
Ngawang,3,3,6
Nghiep,3,0,3
Ngina,0,3,3
Ngoek,3,3,6
Ngonda,0,3,3
Ngor,3,3,6
Ngoy,3,3,6
Nguembe,3,0,3
Ngunga,3,3,6
Ngurah,3,3,6
Nhiên,0,3,3
Niaaz,3,0,3
Niala,0,3,3
Niâma,0,3,3
Niamara,0,3,3
Niamey,3,3,6
Niandro,3,0,3
Nianka,0,3,3
Nibel,0,3,3
Nibras,3,0,3
Nicephorus,3,0,3
Nichairo,3,0,3
Nicholás,3,0,3
Nicholette,0,3,3
Nicholle,0,3,3
Nickée,0,3,3
Nickol,0,3,3
Nickoly,3,3,6
Niclaudia,0,3,3
Niclaudina,0,3,3
Nico-Willem,3,0,3
Nicodem,3,0,3
Nicolaai,3,3,6
Nicolaasje,0,3,3
Nicolaasz,3,0,3
Nicolah,3,3,6
Nicolaie,3,3,6
Nicolaij,3,0,3
Nicolaius,3,0,3
Nicolanda,0,3,3
Nicóle,0,3,3
Nicolenne,0,3,3
Nicolie,0,3,3
Nicolienne,0,3,3
Nicolinia,0,3,3
Nicolline,0,3,3
Nicolosina,0,3,3
Nicolouda,0,3,3
Nicolyn,0,3,3
Nicomeda,0,3,3
Nicor,3,0,3
Nicosha,0,3,3
Nicosina,0,3,3
Nidawi,3,3,6
Nidelstein,3,3,6
Niding,3,0,3
Niebuir,3,0,3
Nieda,0,3,3
Niekee,0,3,3
Niekje,0,3,3
Niekolien,0,3,3
Niekske,0,3,3
Nielkant,3,0,3
Nielke,3,3,6
Niells,3,0,3
Niels-Peter,3,0,3
Nienette,0,3,3
Nienna,0,3,3
Nienne,0,3,3
Niera,0,3,3
Niermalawatie,0,3,3
Niese,0,3,3
Niesia,0,3,3
Niessienus,3,0,3
Niezaam,3,0,3
Niezien,0,3,3
Nigan,3,0,3
Nigellus,3,3,6
Nigin,0,3,3
Nihade,0,3,3
Nihâl,0,3,3
Nijaz,3,3,6
Nijboer,3,3,6
Nije,3,3,6
Nijn,3,3,6
Nijoka,0,3,3
Nijsjen,0,3,3
Nijso,3,0,3
Nikanor,3,0,3
Nikaya,0,3,3
Nikhiel,3,0,3
Nikiforos,3,0,3
Nikil,3,0,3
Nikki-Jo,0,3,3
Nikkia,0,3,3
Nikko,3,0,3
Niklazina,0,3,3
Nikolaes,3,0,3
Nikolaevna,0,3,3
Nikolasina,0,3,3
Nikolena,0,3,3
Nikolle,0,3,3
Nikta,0,3,3
Nilaab,0,3,3
Nilaja,0,3,3
Nilasha,0,3,3
Nilayah,0,3,3
Niles,3,3,6
Nilhan,3,3,6
Nilifer,0,3,3
Nilima,0,3,3
Nilja,0,3,3
Niloy,3,0,3
Nils-Jan,3,0,3
Nilu,0,3,3
Nily,0,3,3
Nilz,3,0,3
Nimar,3,0,3
Nimbly,0,3,3
Nimfa,0,3,3
Nimmi,0,3,3
Nimsi,3,3,6
Nína,0,3,3
Nina-Jolie,0,3,3
Ninanda,0,3,3
Ninande,0,3,3
Ninde,0,3,3
Niné,0,3,3
Nineveh,0,3,3
Ninie,0,3,3
Ninoeska,0,3,3
Nint,0,3,3
Ninurta,3,3,6
Ninziza,3,3,6
Nioh,3,0,3
Nioma,0,3,3
Nione,0,3,3
Nionne,0,3,3
Nipa,3,3,6
Nirah,0,3,3
Nirali,0,3,3
Niranjani,0,3,3
Niray,3,3,6
Niraya,0,3,3
Nireas,3,0,3
Nirin,3,3,6
Nirmeen,0,3,3
Nisa-nur,0,3,3
Nisah,0,3,3
Nisane,0,3,3
Nisanth,3,0,3
Nisayra,0,3,3
Nishaant,3,0,3
Nishaat,3,3,6
Nishanta,3,3,6
Nishantely,0,3,3
Nishanth,3,0,3
Nishtha,0,3,3
Nisren,0,3,3
Nisrinne,0,3,3
Nissah,3,3,6
Nissan,3,3,6
Nissar,3,0,3
Nissrien,0,3,3
Nitasha,0,3,3
Niteshkumar,3,0,3
Nithan,3,0,3
Nitindra,3,0,3
Nitisha,0,3,3
Nitsa,0,3,3
Nittaya,0,3,3
Nitte,3,3,6
Niv,3,3,6
Nivaldo,3,0,3
Nivana,0,3,3
Nivardo,3,0,3
Nivesh,3,0,3
Niveshni,0,3,3
Nivia,0,3,3
Niwesh,3,0,3
Niyala,0,3,3
Niyana,0,3,3
Niyma,0,3,3
Niyusha,0,3,3
Nizami,3,3,6
Nizha,0,3,3
Niziena,0,3,3
Nizina,0,3,3
Nizza,0,3,3
Njenga,3,3,6
Nji,0,3,3
Njiske,0,3,3
Njiskje,0,3,3
Njoek-Len,0,3,3
Njoesja,0,3,3
Njola,0,3,3
Njuk,0,3,3
Nketia,3,3,6
Nkiru,0,3,3
Nkululeko,3,3,6
Nkumbe,3,3,6
Nnanna,3,0,3
Nöa,3,3,6
Noã,0,3,3
Noa-Lise,0,3,3
Noa-lynn,0,3,3
Noachina,0,3,3
Noadiah,3,3,6
Nóah,3,3,6
Noah-Dean,3,0,3
Noah-James,3,0,3
Noah-Jesse,3,0,3
Noaim,3,0,3
Noäm,3,0,3
Noaman,3,0,3
Noámi,0,3,3
Noán,3,0,3
Noaym,3,0,3
Nobbie,3,0,3
Noe'aim,3,0,3
Noeël,3,3,6
Noeëlla,0,3,3
Nôeh,3,0,3
Nöel,3,0,3
Noelany,0,3,3
Nöelle,0,3,3
Noëlli,3,3,6
Noélya,0,3,3
Noémey,0,3,3
Nöemi,0,3,3
Noën,3,3,6
Noëna,0,3,3
Noeni,0,3,3
Noeraan,3,3,6
Noerainie,0,3,3
Noerhan,0,3,3
Noeroel,3,3,6
Noery,3,0,3
Noga,0,3,3
Nogueira,3,3,6
Nohadra,0,3,3
Nohar,3,0,3
Noheli,0,3,3
Nohelia,0,3,3
Nohémy,0,3,3
Nohla,0,3,3
Nohlan,3,0,3
Noidy,0,3,3
Noïsha,0,3,3
Nolawi,3,0,3
Nolay,3,3,6
Nolbert,3,0,3
Noleen,0,3,3
Noli,3,3,6
Nollina,0,3,3
Nolynn,0,3,3
Nomar,3,0,3
Nominanda,0,3,3
Nomke,0,3,3
Nomkéa,0,3,3
Nonke,0,3,3
Nonnatus,3,0,3
Nonne,3,3,6
Nonso,3,0,3
Nook,3,3,6
Noorali,3,0,3
Nooran,3,0,3
Noordien,3,0,3
Noorhan,0,3,3
Nop,3,0,3
Nora-Linn,0,3,3
Noraan,0,3,3
Norah-Linn,0,3,3
Norahly,0,3,3
Noraily,0,3,3
Noraini,0,3,3
Noraisa,0,3,3
Noralien,0,3,3
Noralina,0,3,3
Noralinn,0,3,3
Norayla,0,3,3
Norayne,0,3,3
Norben,3,0,3
Norbèrt,3,0,3
Norberthe,0,3,3
Noreh,0,3,3
Norelie,0,3,3
Norén,3,3,6
Norene,0,3,3
Noret,0,3,3
Norette,0,3,3
Norieke,0,3,3
Noriene,0,3,3
Norik,3,0,3
Noriko,0,3,3
Norisa,0,3,3
Norma-Jean,0,3,3
Norsin,3,3,6
Norsina,0,3,3
Norten,3,0,3
Norteye,3,3,6
Northy,0,3,3
Norva,0,3,3
Norvel,3,0,3
Norvis,3,0,3
Norya,0,3,3
Nosayr,3,0,3
Nossa,0,3,3
Nouaym,3,0,3
Noubla,0,3,3
Noudine,0,3,3
Noudy,0,3,3
Nouela,0,3,3
Nouëlle,0,3,3
Nouheila,0,3,3
Nouky,0,3,3
Noumedia,0,3,3
Nourhen,0,3,3
Nourin,0,3,3
Nouriyah,0,3,3
Nourreddine,3,0,3
Nousair,3,0,3
Nousaybah,0,3,3
Noushad,3,0,3
Nova-Leigh,0,3,3
Novaely,0,3,3
Noval,3,0,3
Novaleigh,0,3,3
Novalinde,0,3,3
Novaya,0,3,3
Novè,0,3,3
Nowemi,0,3,3
Noyemi,0,3,3
Nozem,3,0,3
Nozomi,0,3,3
Ntare,3,0,3
Ntsiki,0,3,3
Ntui,3,3,6
Ntumazah,3,3,6
Nu'aym,3,0,3
Nuah,3,3,6
Nuamah,3,3,6
Nuéva,0,3,3
Nuhaila,0,3,3
Nuhu,3,0,3
Nüket,0,3,3
Nükhet,0,3,3
Nulan,3,0,3
Nülifer,0,3,3
Numeria,0,3,3
Numidya,0,3,3
Nuncia,0,3,3
Nurai,0,3,3
Nurana,0,3,3
Nurani,3,3,6
Nurdagül,0,3,3
Nurdiana,0,3,3
Nurdogan,3,3,6
Nurefsan,0,3,3
Nurhak,3,3,6
Nüri,3,0,3
Nurian,3,0,3
Nüriye,0,3,3
Nurol,3,3,6
Nursah,0,3,3
Nurseda,0,3,3
Nurselen,0,3,3
Nursema,0,3,3
Nurtan,0,3,3
Nuryani,0,3,3
Nuryati,0,3,3
Nusayr,3,0,3
Nushin,0,3,3
Nushka,0,3,3
Nuwa,0,3,3
Nuwayla,0,3,3
Nuzad,3,3,6
Nuzhat,0,3,3
Nwosu,0,3,3
Nyah-Lee,0,3,3
Nyan,3,0,3
Nyantakyi,3,0,3
Nyassa,0,3,3
Nychel,3,0,3
Nycka,3,3,6
Nyckele,3,0,3
Nyeleti,0,3,3
Nyi,3,3,6
Nyké,0,3,3
Nykele,3,0,3
Nyl,3,3,6
Nyles,3,3,6
Nylesh,3,0,3
Nymphia,0,3,3
Nynaeve,0,3,3
Nynte,0,3,3
Nyome,0,3,3
Nyona,0,3,3
Nyreen,0,3,3
Nysje,0,3,3
Nyssina,0,3,3
Nyves,0,3,3
Nzanza,3,3,6
Nzola,3,3,6
Nææntske,0,3,3
N'della,3,3,6
N'Deye,0,3,3
N'Djamena,0,3,3
N'Guessan,0,3,3
N'kia,0,3,3
N-Jay,3,0,3
Na'an,3,3,6
Na'eem,3,0,3
Na'ila,0,3,3
Na'Jaily,0,3,3
Na'shaya,0,3,3
Na'siya,0,3,3
Na-iema,0,3,3
Na-Jeano,3,0,3
Na-omi,0,3,3
Naa'irah,0,3,3
Naa-Kwarley,0,3,3
Naafia,0,3,3
Naali,3,0,3
Naaman,3,0,3
Naame,0,3,3
Naasera,0,3,3
Naässon,3,0,3
Naath,3,0,3
Naava,0,3,3
Naaziera,0,3,3
Naazima,0,3,3
Naazmin,0,3,3
Naazra,0,3,3
Nab,3,3,6
Nabaa,0,3,3
Nabaggala,0,3,3
Nabard,3,0,3
Nabeeha,0,3,3
Nabeela,0,3,3
Nabhan,3,3,6
Nabillah,0,3,3
Nabille,3,0,3
Naboui,3,0,3
Nabu,3,3,6
Nacereddine,3,0,3
Nachanely,0,3,3
Nacheson,0,3,3
Nachida,0,3,3
Nachikoa,3,0,3
Nachira,0,3,3
Nachman,3,0,3
Nachson,3,0,3
Nacia,0,3,3
Nacif,3,0,3
Naciimo,0,3,3
Naciya,0,3,3
Naco,3,0,3
Nadae,0,3,3
Nadalie,0,3,3
Nadan,3,3,6
Nadanja,0,3,3
Nadap,3,0,3
Nadaya,3,3,6
Nadchesta,0,3,3
Naddah,0,3,3
Naddi,3,3,6
Naddie,0,3,3
Nadecha,0,3,3
Nadêche,0,3,3
Nadée,0,3,3
Nadeera,0,3,3
Nadége,0,3,3
Nadelis,0,3,3
Nades,0,3,3
Nadeschka,0,3,3
Nadesia,0,3,3
Nadesjda,0,3,3
Nadesjka,0,3,3
Nadesjna,0,3,3
Nadessa,0,3,3
Nadezja,0,3,3
Nadhem,3,0,3
Nadheza,0,3,3
Nadï,0,3,3
Nadía,0,3,3
Nadicia,0,3,3
Nadieke,0,3,3
Nadiën,0,3,3
Nadiena,0,3,3
Nadienne,0,3,3
Nadier,3,0,3
Nadiesja,0,3,3
Nadif,3,0,3
Nadinde,0,3,3
Nadindra,3,3,6
Nadish,3,0,3
Nadiva,0,3,3
Nádja,0,3,3
Nadjah,0,3,3
Nadjany,0,3,3
Nadjea,3,3,6
Nadjee,3,0,3
Nadjely,0,3,3
Nadjem,3,0,3
Nadjeshda,0,3,3
Nadjezdja,0,3,3
Nadjieba,0,3,3
Nadjirah,0,3,3
Nadjiran,0,3,3
Nadjmagatoen,0,3,3
Nadjo,3,0,3
Nadrah,0,3,3
Naduan,3,0,3
Nadvi,3,0,3
Nadyah,0,3,3
Nadyara,0,3,3
Nadyce,0,3,3
Nadyl,3,0,3
Nadynne,0,3,3
Nadzja,0,3,3
Naeb,3,0,3
Naeim,3,0,3
Naëla,0,3,3
Naéli,0,3,3
Naëljoe,3,0,3
Naëll,3,3,6
Naëly,0,3,3
Naentje,0,3,3
Naësha,0,3,3
Naethan,3,0,3
Naévia,0,3,3
Naeviah,0,3,3
Naevya,0,3,3
Naëzah,0,3,3
Nafaya,0,3,3
Nafayah,0,3,3
Nafea,3,3,6
Nafees,3,0,3
Nafeh,3,0,3
Nafesa,0,3,3
Nafican,3,0,3
Nafil,3,0,3
Nafisat,0,3,3
Nafize,0,3,3
Nafsika,0,3,3
Nàftali,0,3,3
Naftely,0,3,3
Nafthalia,0,3,3
Naftoli,3,0,3
Nagahan,0,3,3
Nagali,0,3,3
Nagam,3,3,6
Nagesh,3,0,3
Naggai,3,0,3
Nagheeba,0,3,3
Naghindre,3,0,3
Nagiem,3,0,3
Nagiena,0,3,3
Nagiha,0,3,3
Nagila,0,3,3
Nagin,0,3,3
Naglaya,0,3,3
Nagnouma,0,3,3
Nahaira,0,3,3
Nahaliël,3,3,6
Nahan,0,3,3
Nàhani,0,3,3
Nahara,0,3,3
Nahary,0,3,3
Nahély,0,3,3
Nahema,0,3,3
Nahemy,0,3,3
Naher,3,0,3
Nahesjon,3,0,3
Nahia,0,3,3
Nahier,3,0,3
Nahili,0,3,3
Nahlah,0,3,3
Nahnya,0,3,3
Nahor,3,3,6
Nahrawan,0,3,3
Nahreen,3,3,6
Nahren,0,3,3
Nahro,3,3,6
Nahyéli,0,3,3
Naï,0,3,3
Nai'a,0,3,3
Nai-Jaeley,0,3,3
Naïa,0,3,3
Naïcha,0,3,3
Naicheline,0,3,3
Naide,0,3,3
Naidjell,3,0,3
Naïema,0,3,3
Naiemagatoen,0,3,3
Naiera,0,3,3
Naif,3,0,3
Naiga,0,3,3
Naigély,0,3,3
Naijara,0,3,3
Naijhely,0,3,3
Naïke,0,3,3
Nailcan,3,0,3
Nailisha,0,3,3
Nailla,0,3,3
Naimely,0,3,3
Naimi,0,3,3
Naïmo,3,0,3
Nain,3,3,6
Nainakumari,0,3,3
Naing,3,3,6
Nairan,3,3,6
Naïrobi,0,3,3
Nairouz,0,3,3
Naishely,0,3,3
Naïssata,0,3,3
Naithan,3,0,3
Naiyah,0,3,3
Naiyera,0,3,3
Naiyomi,0,3,3
Naiyra,0,3,3
Naïza,0,3,3
Naiza,0,3,3
Naizah,0,3,3
Naj,3,3,6
Najaah,0,3,3
Najada,0,3,3
Najady,0,3,3
Najae,3,0,3
Najailey,0,3,3
Najang,0,3,3
Najax,0,3,3
Najaylee,0,3,3
Najayli,0,3,3
Najda,0,3,3
Naje,3,0,3
Najé,3,0,3
Najéaly,0,3,3
Najée,3,0,3
Najeem,3,0,3
Najeha,0,3,3
Najéla,0,3,3
Najely,0,3,3
Najette,0,3,3
Najibah,0,3,3
Najil,3,0,3
Najira,0,3,3
Najlah,0,3,3
Najmadin,3,0,3
Najmah,0,3,3
Najoi,0,3,3
Najoia,0,3,3
Najomy,0,3,3
Najris,0,3,3
Nakata,3,0,3
Nakaya,0,3,3
Nakeeta,0,3,3
Nakhat,0,3,3
Naki,3,0,3
Nakis,3,0,3
Nako,3,0,3
Naksh,3,0,3
Nakul,3,0,3
Nakysha,0,3,3
Nakyta,0,3,3
Nalah,0,3,3
Nalaiya,0,3,3
Nalanie,0,3,3
Nald,3,0,3
Nalda,0,3,3
Nalé,3,3,6
Naliene,0,3,3
Naliesha,0,3,3
Nalinidevi,0,3,3
Nalinya,0,3,3
Nalissa,0,3,3
Nalita,0,3,3
Naliya,0,3,3
Nallasivam,0,3,3
Nallinie,0,3,3
Nalyne,0,3,3
Namanda,0,3,3
Namarah,0,3,3
Namaste,3,0,3
Nambini,0,3,3
Namdar,3,3,6
Nameera,0,3,3
Namia,0,3,3
Nâmik,3,0,3
Namık,3,0,3
Namil,3,0,3
Namina,0,3,3
Naminé,0,3,3
Namine,0,3,3
Namirah,0,3,3
Namisa,0,3,3
Namisha,0,3,3
Namor,3,0,3
Namora,0,3,3
Namory,3,0,3
Namratadevi,0,3,3
Namreeta,0,3,3
Namreh,3,3,6
Namtip,0,3,3
Namugenyi,0,3,3
Nan-Dirk,3,0,3
Nancha,0,3,3
Nancherie,0,3,3
Nancho,3,0,3
Nancina,0,3,3
Nancine,0,3,3
Nancy-Ann,0,3,3
Nandan,3,0,3
Nandipha,0,3,3
Nandni,0,3,3
Nandra,0,3,3
Nandrani,0,3,3
Nandretti,3,0,3
Nandyta,0,3,3
Nanea,0,3,3
Nanèh,0,3,3
Naneth,0,3,3
Nanett,0,3,3
Nania,0,3,3
Nanieck,0,3,3
Nanik,0,3,3
Nanisha,0,3,3
Nanje,0,3,3
Nankisoor,3,0,3
Nannaphat,0,3,3
Nannes,3,0,3
Nannieke,0,3,3
Nannika,0,3,3
Nannike,0,3,3
Nannoline,0,3,3
Nannouk,0,3,3
Nannyne,0,3,3
Nanoa,0,3,3
Nanoescha,0,3,3
Nanoeschka,0,3,3
Nanoesjka,0,3,3
Nanouke,0,3,3
Nanous,0,3,3
Nanousjka,0,3,3
Nanoux,0,3,3
Nansi,0,3,3
Nansy,0,3,3
Nanthe,0,3,3
Nantkolina,0,3,3
Nantongo,0,3,3
Nanushka,0,3,3
Nanya,0,3,3
Naoa,3,0,3
Naobie,0,3,3
Naoel,0,3,3
Naoko,0,3,3
Náomi,0,3,3
Naomí,0,3,3
Naómie,0,3,3
Naoni,0,3,3
Naora,0,3,3
Naos,3,0,3
Naouras,3,3,6
Naphtalie,3,3,6
Napo,3,0,3
Naqash,3,0,3
Naqi,3,0,3
Naqicha,0,3,3
Naquan,3,0,3
Narainpersad,3,0,3
Narainsingh,3,0,3
Naraisa,0,3,3
Naraysha,0,3,3
Narcisca,0,3,3
Narcizo,3,0,3
Narcyz,3,0,3
Nardane,0,3,3
Narde,3,0,3
Nardinus,3,0,3
Nardja,0,3,3
Narè,0,3,3
Narèk,3,0,3
Narendrasingh,3,0,3
Naresuan,3,0,3
Nargiesh,0,3,3
Nargiss,0,3,3
Naria,0,3,3
Naricha,0,3,3
Narimen,0,3,3
Narindere,3,0,3
Narindernath,3,0,3
Narindersingh,3,0,3
Narindranath,3,0,3
Narindrepersad,3,0,3
Nariné,0,3,3
Narinjo,3,0,3
Nario,3,0,3
Narischa,0,3,3
Narjess,0,3,3
Narkeasha,0,3,3
Narkes,0,3,3
Narly,0,3,3
Narmatha,0,3,3
Narmeen,0,3,3
Narnia,0,3,3
Naroby,3,3,6
Narod,0,3,3
Naromi,0,3,3
Narsicio,3,0,3
Narsisa,0,3,3
Nartan,3,0,3
Nartinus,3,0,3
Naruto,3,0,3
Narveen,3,0,3
Narvin,3,0,3
Nasaara,0,3,3
Nasâd,3,0,3
Nasayra,0,3,3
Nashaad,0,3,3
Nashad,3,0,3
Nashaly,0,3,3
Nashantara,0,3,3
Nashayro,3,0,3
Nasheed,3,0,3
Nasheela,0,3,3
Nasheira,0,3,3
Nashely,0,3,3
Nasher,3,0,3
Nashiro,3,0,3
Nashmin,0,3,3
Nashrullah,3,0,3
Nashville,3,0,3
Nasik,0,3,3
Nasika,0,3,3
Nasikah,3,3,6
Nasime,3,0,3
Nasip,3,0,3
Nasiran,0,3,3
Nasire,3,0,3
Nasireddine,3,0,3
Nasirin,0,3,3
Nasirkhan,3,0,3
Nasiry,3,3,6
Nasmoen,0,3,3
Nasneen,0,3,3
Nasrellah,3,0,3
Nasria,0,3,3
Nasroennisa,0,3,3
Nassam,3,0,3
Nassardin,3,0,3
Nassau,3,0,3
Nassem,3,3,6
Nasser-Eddine,3,0,3
Nasserallah,3,0,3
Nasseredine,3,0,3
Nassib,3,0,3
Nassih,3,0,3
Nassma,0,3,3
Nassreddin,3,0,3
Nastacia,0,3,3
Nastaschja,0,3,3
Nasteexo,0,3,3
Nasteh,3,3,6
Nastia,0,3,3
Nasty,3,3,6
Nasution,3,0,3
Nasyah,0,3,3
Natalhia,0,3,3
Nataliah,0,3,3
Natalian,3,0,3
Natalicia,0,3,3
Natalicio,3,0,3
Natálie,0,3,3
Natalii,0,3,3
Natálio,3,0,3
Natalka,0,3,3
Natally,0,3,3
Natalyn,3,3,6
Natanäel,3,0,3
Nataniëlla,0,3,3
Natanje,0,3,3
Natano,3,0,3
Natascha-Maria,0,3,3
Nataschka,0,3,3
Natasje,0,3,3
Nataska,0,3,3
Natassa,0,3,3
Natasuanda,3,0,3
Natasza,0,3,3
Natay,3,0,3
Natello,3,0,3
Natelly,0,3,3
Nately,0,3,3
Natércia,0,3,3
Nathacia,0,3,3
Nathaika,0,3,3
Nathalian,3,0,3
Náthálie,0,3,3
Náthalie,0,3,3
Nathalié,0,3,3
Nathaliën,3,0,3
Nathalin,0,3,3
Nathallie,0,3,3
Nathán,3,0,3
Nathanaëlla,0,3,3
Nathanaëlle,0,3,3
Nathanëal,3,0,3
Nathangelo,3,0,3
Nathanïel,3,0,3
Nathanièl,3,0,3
Nathaniél,3,0,3
Nathaniëlo,3,0,3
Nathanjah,0,3,3
Nathanje,0,3,3
Nathanoël,3,0,3
Nathanyael,3,0,3
Nathanyel,3,0,3
Nather,3,0,3
Nathiël,3,0,3
Nathly,3,3,6
Nathnaël,3,0,3
Natia,0,3,3
Natifah,0,3,3
Natija,0,3,3
Natila,0,3,3
Natilja,0,3,3
Natiza,0,3,3
Natjie,0,3,3
Natly,0,3,3
Natnicha,0,3,3
Natogmah,3,0,3
Natowi,3,0,3
Natsepa,3,0,3
Natsuki,3,3,6
Nattanja,0,3,3
Nattanya,0,3,3
Natthawut,3,0,3
Nattida,0,3,3
Natty,3,3,6
Naturel,3,3,6
Natusha,0,3,3
Naty,3,3,6
Nauchad,3,0,3
Naudé,3,3,6
Nauel,0,3,3
Naumi,0,3,3
Naushad-Ali,3,0,3
Naushaja,0,3,3
Nausicaa,0,3,3
Nausicaä,0,3,3
Nausikäa,0,3,3
Nausjad,3,0,3
Naut-Jan,3,0,3
Nauth,3,0,3
Nauwal,0,3,3
Navae,0,3,3
Navaëlie,0,3,3
Navaho,3,0,3
Naval,3,0,3
Navalio,3,0,3
Navana,0,3,3
Navanjo,3,0,3
Navanyo,3,0,3
Navareno,3,0,3
Navario,3,0,3
Navas,3,0,3
Navayé,0,3,3
Naveeda,0,3,3
Naveh,3,3,6
Navera,0,3,3
Navesh,3,0,3
Navharony,3,0,3
Navida,0,3,3
Navijo,3,0,3
Navil,3,0,3
Navila,0,3,3
Navindre,3,0,3
Navindu,3,0,3
Navine,0,3,3
Navinjo,3,0,3
Navisagatoen,0,3,3
Naviza,0,3,3
Navjit,3,0,3
Navleen,0,3,3
Navratilova,0,3,3
Navroop,3,3,6
Naw,3,3,6
Nawaaf,3,0,3
Nawab,3,0,3
Nawah,0,3,3
Nawazish,3,0,3
Nawela,0,3,3
Nawica,0,3,3
Nawina,0,3,3
Nawita,0,3,3
Nawrooz,3,0,3
Nawwal,0,3,3
Nayabinghi,3,3,6
Nayaéli,0,3,3
Nayali,0,3,3
Nayandra,0,3,3
Nayane,0,3,3
Nayano,3,0,3
Nayar,3,0,3
Naybi,3,3,6
Naychel,3,0,3
Nayda,0,3,3
Nayee,3,3,6
Nayeeba,0,3,3
Nayeleigh,0,3,3
Nayelli,0,3,3
Nayély,0,3,3
Nayen,0,3,3
Nayenprakash,3,0,3
Nayera,0,3,3
Nayero,3,0,3
Nayher,3,0,3
Nayhla,0,3,3
Nayila,0,3,3
Nayinthe,0,3,3
Naylani,0,3,3
Nayle,0,3,3
Naylen,3,0,3
Naylin,3,3,6
Naylisha,0,3,3
Nayobe,0,3,3
Nayobé,0,3,3
Nayome,0,3,3
Nayomy,0,3,3
Nayrie,0,3,3
Nayrisha,0,3,3
Nayrouz,0,3,3
Nayyar,3,0,3
Nayyier,3,0,3
Nayyir,3,0,3
Nazairo,3,0,3
Nazam,3,3,6
Nazaré,0,3,3
Nazariya,3,0,3
Nazca,0,3,3
Naze,0,3,3
Nazef,0,3,3
Nazeha,0,3,3
Nazek,0,3,3
Nazel,0,3,3
Nazelie,0,3,3
Nazely,0,3,3
Nazen,0,3,3
Nazgül,0,3,3
Nazhat,0,3,3
Naziemagatoen,0,3,3
Nazieran,0,3,3
Nazifah,0,3,3
Nazihah,0,3,3
Nazija,0,3,3
Nâzike,0,3,3
Naziran,0,3,3
Naziri,0,3,3
Naziye,0,3,3
Nazlee,0,3,3
Nazley,0,3,3
Nazmien,0,3,3
Nazmija,3,3,6
Nazmin,0,3,3
Nazrana,0,3,3
Nazzarena,0,3,3
Ndagire,0,3,3
Ndahiro,3,3,6
Ndamba,3,3,6
Ndangiza,3,0,3
Ndanji,3,3,6
Ndaya,3,3,6
Ndedi,3,3,6
Ndeme,3,3,6
Ndinguri,3,0,3
Ndizeye,3,3,6
Ndombasi,3,0,3
Ndona,0,3,3
Ndreaj,3,3,6
Ndu,3,0,3
Nduku,3,3,6
Ndunga,3,0,3
Nduta,0,3,3
Nduwimana,3,3,6
Ne-Yo,3,0,3
Néa,0,3,3
Nealon,3,0,3
Néander,3,0,3
Neandro,3,0,3
Neanske,0,3,3
Neantje,0,3,3
Neantske,0,3,3
Neara,0,3,3
Neariah,0,3,3
Nearja,3,3,6
Neas,3,0,3
Neath,0,3,3
Neathan,3,0,3
Neava,0,3,3
Neavin,3,0,3
Neba,3,0,3
Nebat,0,3,3
Nebbe,0,3,3
Nebehat,0,3,3
Nebian,3,0,3
Nebihe,0,3,3
Nebray,3,0,3
Nebyu,3,0,3
Necat,3,0,3
Neçattin,3,0,3
Nechemia,3,0,3
Nechemiah,3,0,3
Nechemjah,3,3,6
Nechma,0,3,3
Necife,0,3,3
Necleto,3,0,3
Neçmiye,0,3,3
Necolaas,3,0,3
Nectarie,3,0,3
Nediem,3,0,3
Nedina,0,3,3
Nediye,0,3,3
Nedjla,0,3,3
Nedjoe,3,0,3
Nedley,3,0,3
Nee,3,3,6
Needa,0,3,3
Neelakanth,3,0,3
Neelakshi,0,3,3
Neelem,0,3,3
Neeley,3,3,6
Neeli,0,3,3
Neelien,0,3,3
Neelientje,0,3,3
Neelinda,0,3,3
Neelkamal,3,3,6
Neelkjen,0,3,3
Neelltje,0,3,3
Neelly,0,3,3
Neelofar,0,3,3
Neeltiene,0,3,3
Neeltje-Anna,0,3,3
Neep,3,0,3
Neerle,0,3,3
Neeta,0,3,3
Neetin,3,0,3
Nefchi,3,3,6
Nefel,0,3,3
Nefertary,0,3,3
Neferti,0,3,3
Nefisa,0,3,3
Nefiye,0,3,3
Nefteli,3,3,6
Nefthely,0,3,3
Negalenia,0,3,3
Negara,3,3,6
Negash,3,0,3
Negasi,3,3,6
Negassa,3,0,3
Negestey,0,3,3
Negesthy,0,3,3
Negeye,3,0,3
Negiena,0,3,3
Negine,0,3,3
Negus,3,0,3
Neh,0,3,3
Néha,0,3,3
Nehaan,3,3,6
Nehan,3,0,3
Neharika,0,3,3
Nehemía,3,0,3
Nehizena,3,0,3
Nehmat,3,0,3
Nehmia,3,0,3
Nehrin,0,3,3
Nehru,3,0,3
Nei,0,3,3
Neighel,3,0,3
Neijaman,3,0,3
Neijen,3,0,3
Neiré,0,3,3
Neisje,0,3,3
Nejaily,0,3,3
Nejan,3,3,6
Nejc,3,0,3
Nejdat,3,0,3
Nejded,3,0,3
Nejib,3,0,3
Nejifi,0,3,3
Nejm,3,0,3
Nejm-Eddine,3,0,3
Nejmeddin,3,3,6
Nejmedine,3,0,3
Nekane,0,3,3
Nekiah,0,3,3
Nekisa,0,3,3
Nekitha,0,3,3
Nelanda,0,3,3
Nelbert,3,0,3
Nelcinda,0,3,3
Nelcio,3,0,3
Nelco,3,3,6
Nelcy,0,3,3
Neldyomar,3,0,3
Nèle,0,3,3
Neleno,3,0,3
Nélette,0,3,3
Nelice,0,3,3
Nelicia,0,3,3
Neliea,0,3,3
Nelinca,0,3,3
Nelino,3,0,3
Nelique,0,3,3
Nélique,3,3,6
Nelisia,0,3,3
Neljus,3,0,3
Nelka,0,3,3
Nellano,3,0,3
Nellemie,0,3,3
Nellemijn,0,3,3
Nellen,3,3,6
Nellena,0,3,3
Nellenie,0,3,3
Nelletha,0,3,3
Nellianna,0,3,3
Nellienke,0,3,3
Nelligjen,0,3,3
Nellisa,0,3,3
Nellissa,0,3,3
Nellita,0,3,3
Nelly-Ann,0,3,3
Nellyna,0,3,3
Nelo,3,0,3
Nélo,3,0,3
Neloy,3,0,3
Nelrieke,0,3,3
Nelsey,0,3,3
Nelsine,0,3,3
Nelsio,3,0,3
Nelsson,3,0,3
Neltina,0,3,3
Neltine,0,3,3
Nelva,0,3,3
Nelvis,3,0,3
Nelyn,0,3,3
Nelysha,0,3,3
Nemat,0,3,3
Nemencia,0,3,3
Nemensia,0,3,3
Nemhatun,0,3,3
Nemia,3,3,6
Nemir,3,0,3
Nemone,0,3,3
Nemoussi,3,0,3
Néna,0,3,3
Nenda,0,3,3
Nendenie,0,3,3
Néné,0,3,3
Neneng,0,3,3
Neng,3,0,3
Nengsih,0,3,3
Nenina,0,3,3
Nenneh,3,3,6
Nenni,0,3,3
Nenthe,0,3,3
Nenti,0,3,3
Nentje,0,3,3
Nentjes,3,0,3
Neofitos,3,0,3
Neolette,0,3,3
Nëomi,0,3,3
Neömi,0,3,3
Neora,0,3,3
Neoridha,0,3,3
Nephi,3,0,3
Nephtery,3,0,3
Nepomucenis,3,0,3
Nepomucenus,3,0,3
Nereïda,0,3,3
Neréna,0,3,3
Nereo,3,0,3
Nereus,3,0,3
Nereyda,0,3,3
Nerges,0,3,3
Neries,3,3,6
Nerima,0,3,3
Nerin,0,3,3
Neringa,0,3,3
Nerisha,0,3,3
Nerivio,3,0,3
Neriya,0,3,3
Neriyman,0,3,3
Nerjis,0,3,3
Nerlyana,0,3,3
Nermen,0,3,3
Neromy,3,3,6
Neron,3,0,3
Nerus,3,0,3
Nervana,0,3,3
Nerwien,3,3,6
Nerwin,3,0,3
Nesah,0,3,3
Nesam,3,0,3
Nesar,3,0,3
Neshell,0,3,3
Neshika,0,3,3
Neshwan,3,0,3
Nesiem,3,0,3
Nesila,0,3,3
Nesima,0,3,3
Nesira,0,3,3
Nesiya,0,3,3
Nesja,3,0,3
Neska,0,3,3
Neşla,0,3,3
Neslahan,0,3,3
Nesren,0,3,3
Nesri,3,3,6
Nesrîn,0,3,3
Nessie,3,3,6
Nessiena,0,3,3
Nestar,3,3,6
Nester,3,0,3
Nestişah,0,3,3
Néstor,3,0,3
Nestora,0,3,3
Nestoras,3,0,3
Nestorina,0,3,3
Nestro,3,0,3
Nesya,0,3,3
Netania,0,3,3
Netaniah,0,3,3
Nethaneël,3,0,3
Nethaniah,3,3,6
Nethaniel,3,0,3
Nethanya,0,3,3
Netherly,3,0,3
Nethma,3,3,6
Netice,0,3,3
Netinho,3,0,3
Netra,3,3,6
Netrika,0,3,3
Netsanet,0,3,3
Netti,0,3,3
Nettje,0,3,3
Netto,3,0,3
Neupane,3,0,3
Nevaan,3,0,3
Nevai,3,0,3
Nevaiah,0,3,3
Nevaja,0,3,3
Nevaly,0,3,3
Nevarah,0,3,3
Nevell,3,0,3
Nevelle,0,3,3
Never,3,3,6
Neverita,0,3,3
Nevila,0,3,3
Nevile,3,0,3
Nèville,3,0,3
Nèvin,3,3,6
Nevita,0,3,3
Nevlin,3,0,3
Nevlyn,3,0,3
Nevlynn,3,0,3
Nevo,3,0,3
Nevon,3,0,3
Nevval,0,3,3
Newen,3,0,3
Newienkoemar,3,0,3
Newina,0,3,3
Newsha,0,3,3
Néya,0,3,3
Neyara,0,3,3
Neyda,0,3,3
Neyenne,0,3,3
Neyfel,3,0,3
Neyka,0,3,3
Neyomar,3,0,3
Neyomie,0,3,3
Nezaar,3,0,3
Nezaira,0,3,3
Nèzar,3,0,3
Nezica,0,3,3
Nezihat,0,3,3
Nezihi,3,0,3
Nezjma,0,3,3
Nftalem,3,0,3
Nfumu,3,3,6
Ng'ang'a,3,0,3
Ng'endo,0,3,3
Ngabo,3,0,3
Ngadia,0,3,3
Ngadiah,0,3,3
Ngadimoen,3,0,3
Ngadina,0,3,3
Ngadinah,0,3,3
Ngadino,3,0,3
Ngae,3,0,3
Ngafua,3,0,3
Ngah,0,3,3
Ngaio,0,3,3
Ngaire,0,3,3
Ngari,3,0,3
Ngaru,3,0,3
Ngatinem,0,3,3
Ngatino,3,0,3
Ngatira,0,3,3
Ngatiran,3,0,3
Nge,0,3,3
Ngendo,0,3,3
Ngie,3,0,3
Ngimbi,3,0,3
Ngindu,3,3,6
Ngoe,3,3,6
Ngoma,0,3,3
Ngombo,3,3,6
Ngoni,3,0,3
Ngu,3,0,3
Ngui,3,0,3
Ngum,0,3,3
Nguya,3,0,3
Ngyedi,0,3,3
Nhân,3,3,6
Nhima,0,3,3
Nhuan,3,3,6
Nhy,0,3,3
Nhyiraba,0,3,3
Ni'mat,0,3,3
Niallan,3,0,3
Niama,0,3,3
Nianda,0,3,3
Niane,0,3,3
Niang,3,3,6
Niav,0,3,3
Niba,3,3,6
Nibar,3,3,6
Nicacio,3,0,3
Nicaise,3,3,6
Nican,3,0,3
Nicarda,0,3,3
Nicardo,3,0,3
Nicas,3,0,3
Nicasa,0,3,3
Nicassio,3,0,3
Niccy,3,3,6
Niceda,0,3,3
Nicel,3,0,3
Nicelle,0,3,3
Nicéphore,3,0,3
Nicetas,3,3,6
Nichano,3,0,3
Nicholaes,3,0,3
Nicholay,3,0,3
Nicholl,3,3,6
Nichols,3,0,3
Nicina,0,3,3
Nicitha,0,3,3
Nicius,3,0,3
Nicjico,3,0,3
Nick-Jan,3,0,3
Nickan,3,0,3
Nickela,3,3,6
Nickisha,0,3,3
Nickla,3,3,6
Nicklaus,3,0,3
Nicklee,0,3,3
Nickolaos,3,0,3
Nicksdóttir,0,3,3
Nickson,3,0,3
Nicky-Jan,3,0,3
Nicky-Jay,3,0,3
Niclaa,0,3,3
Niclazina,0,3,3
Nico-Jaap,3,0,3
Nico-Paul,3,0,3
Nicobert,3,0,3
Nicodeme,3,0,3
Nicodirkus,3,0,3
Niçoise,3,3,6
Nicojan,3,0,3
Ničola,3,0,3
Nicolaaas,3,0,3
Nicolaar,3,3,6
Nicolaewna,0,3,3
Nicolaija,0,3,3
Nicolajev,3,0,3
Nicolao,3,0,3
Nicolas-Jan,3,0,3
Nicolasita,0,3,3
Nicolata,0,3,3
Nicolazine,0,3,3
Nicole-Marie,0,3,3
Nicoleas,3,0,3
Nicolène,0,3,3
Nicolete,0,3,3
Nicoleth,0,3,3
Nicolett,0,3,3
Nicolettha,0,3,3
Nicolies,0,3,3
Nicolisa,0,3,3
Nicôlle,0,3,3
Nicolotte,0,3,3
Nicolous,3,0,3
Nicolus,3,0,3
Nicora,0,3,3
Nicoya,0,3,3
Nicté,0,3,3
Nidaâ,0,3,3
Nidah,0,3,3
Nidâl,3,3,6
Nidale,3,3,6
Nidar,3,3,6
Nidas,3,0,3
Nidda,0,3,3
Nidhard,3,0,3
Nidja,0,3,3
Nieclaas,3,0,3
Niecoline,0,3,3
Nieding,3,0,3
Nief,3,0,3
Nieha,0,3,3
Niekai,3,0,3
Niekdad,3,0,3
Niekeline,0,3,3
Niekels,3,0,3
Niekes,3,0,3
Nielawatie,0,3,3
Nielco,3,0,3
Nielja,0,3,3
Niëlla,3,3,6
Nielle,0,3,3
Nielo,3,0,3
Niels-Henning,3,0,3
Niem,3,3,6
Niemah,0,3,3
Niemar,3,0,3
Nienco,3,0,3
Nieng,3,0,3
Nienhe,0,3,3
Nienie,0,3,3
Nienkje,0,3,3
Nieno,3,0,3
Niephe,0,3,3
Nieq,3,0,3
Niermal,3,0,3
Niermalsingh,3,0,3
Niesca,0,3,3
Niesche,0,3,3
Nieschen,0,3,3
Nieselina,0,3,3
Niesjèn,0,3,3
Niesken,0,3,3
Niessinus,3,0,3
Nietesh,3,0,3
Nietish,3,0,3
Nieusha,0,3,3
Nieuwsina,0,3,3
Nieven,3,0,3
Niezaar,3,0,3
Niezette,0,3,3
Nifarda,0,3,3
Nigael,3,0,3
Nigaio,3,0,3
Nigam,3,3,6
Nigâr,0,3,3
Nigela,0,3,3
Nigelia,0,3,3
Nigelle,0,3,3
Nigelliënne,0,3,3
Nigely,0,3,3
Nighat,0,3,3
Nighell,3,0,3
Niguela,0,3,3
Nihaira,0,3,3
Nihar,3,3,6
Nihla,0,3,3
Nihmet,0,3,3
Nii-Sanai,3,0,3
Niihaal,0,3,3
Niils,3,0,3
Nija,3,3,6
Nijat,3,0,3
Nijsbertus,3,0,3
Nikandros,3,0,3
Nikau,3,0,3
Nikaye,3,3,6
Nikea,0,3,3
Nikêh,0,3,3
Nikeltje,0,3,3
Nikenia,0,3,3
Nikesh,3,0,3
Nikhilesh,3,0,3
Nikias,3,0,3
Nikica,3,3,6
Nikida,0,3,3
Nikiel,3,0,3
Nikima,0,3,3
Nikitah,0,3,3
Nikiya,0,3,3
Nikkay,3,3,6
Nikles,3,0,3
Niklos,3,0,3
Nikodémus,3,0,3
Nikodim,3,0,3
Nikolaev,3,0,3
Nikolaeva,0,3,3
Nikoláj,3,0,3
Nikolaja,0,3,3
Nikólas,3,0,3
Nikolazina,0,3,3
Nikoliene,0,3,3
Nikolija,0,3,3
Nikoo,0,3,3
Nikorina,0,3,3
Níkos,3,0,3
Nikou,0,3,3
Nikulaus,3,0,3
Nilaï,3,0,3
Nilaksha,3,3,6
Nilano,3,0,3
Nilanthe,3,3,6
Nilavan,3,0,3
Nilawati,0,3,3
Nilayda,0,3,3
Nilbera,0,3,3
Nilco,3,0,3
Nilesha,0,3,3
Nileshkumar,3,0,3
Niley,0,3,3
Nilkanth,3,0,3
Nilma,0,3,3
Nilmar,3,0,3
Niloa,0,3,3
Niloever,0,3,3
Nilojan,3,0,3
Nilow,3,0,3
Nils-Erik,3,0,3
Nils-Peter,3,0,3
Nilus,3,0,3
Nilvana,0,3,3
Nimãi,3,0,3
Nimal,3,0,3
Nimaro,0,3,3
Nimeesha,0,3,3
Nîmes,0,3,3
Nimesia,0,3,3
Nimfe,0,3,3
Nimh,3,3,6
Nimi,0,3,3
Nimko,3,0,3
Nimoa,3,0,3
Nimoé,0,3,3
Nimphina,0,3,3
Nimrud,3,0,3
Nimueh,0,3,3
Nimuel,3,0,3
Nina-Eva,0,3,3
Nina-Fleur,0,3,3
Nina-Linn,0,3,3
Nina-Liza,0,3,3
Nina-Louisa,0,3,3
Nina-Mari,0,3,3
Nina-Maria,0,3,3
Nina-Sofie,0,3,3
Ninder,3,3,6
Nindiya,0,3,3
Níne,0,3,3
Nineb,3,0,3
Ninée,0,3,3
Ninel,0,3,3
Nineve,0,3,3
Ningsih,0,3,3
Ninho,3,0,3
Ninia,0,3,3
Niniana,0,3,3
Ninin,0,3,3
Ninita,0,3,3
Ninki,3,3,6
Ninko,3,0,3
Ninmar,3,0,3
Ninnette,0,3,3
Ninni,0,3,3
Ninno,3,0,3
Ninó,3,0,3
Ninonne,0,3,3
Ninosca,0,3,3
Ninoschka,0,3,3
Ninouche,0,3,3
Ninouchka,0,3,3
Ninske,0,3,3
Ninus,3,0,3
Ninuschka,0,3,3
Ninuska,0,3,3
Niola,0,3,3
Niomie,0,3,3
Niona,0,3,3
Nioor,0,3,3
Niouc,3,3,6
Niowi,0,3,3
Nip,3,0,3
Niphon,3,3,6
Nipocenus,3,0,3
Nippy,3,0,3
Nipuni,0,3,3
Niqé,0,3,3
Niqee,3,3,6
Niqi,0,3,3
Niqita,0,3,3
Niqua,3,3,6
Niquella,0,3,3
Niquline,0,3,3
Nir,3,0,3
Niracha,0,3,3
Nirad,3,0,3
Niral,0,3,3
Nirandjana,0,3,3
Niranjansingh,3,0,3
Niraysha,0,3,3
Niree,0,3,3
Nirene,0,3,3
Nirmaladebie,0,3,3
Nirmaladevi,0,3,3
Niroel,3,0,3
Nirojan,3,0,3
Nirojen,3,0,3
Nirosh,3,0,3
Nirosha,0,3,3
Nirujan,3,0,3
Nirushan,3,0,3
Nirvani,0,3,3
Nirvankumar,3,0,3
Nirvelli,0,3,3
Nirvesh,3,0,3
Nirya,0,3,3
Nisã,0,3,3
Nisaar,3,0,3
Nisanne,0,3,3
Nisbeth,0,3,3
Niset,0,3,3
Nisetta,0,3,3
Nishairo,3,0,3
Nishall,3,0,3
Nishanthi,0,3,3
Nishara,0,3,3
Nishawn,3,0,3
Nishay,3,0,3
Nishayro,3,0,3
Nishendra,0,3,3
Nishendrick,3,0,3
Nishimwe,3,3,6
Nishiyama,3,0,3
Nishka,0,3,3
Nishla,0,3,3
Nishmita,0,3,3
Nisi,0,3,3
Nisida,0,3,3
Nisim,3,0,3
Nisje,0,3,3
Nisley,0,3,3
Nissem,3,0,3
Nissreen,0,3,3
Nitaasha,0,3,3
Nitan,3,0,3
Nitash,3,3,6
Nitaya,0,3,3
Nitchamon,0,3,3
Niteesh,3,0,3
Niteshpersad,3,0,3
Nithard,3,0,3
Nitharda,0,3,3
Nithish,3,0,3
Nithusan,3,0,3
Nithusha,0,3,3
Nithushan,3,0,3
Nitindre,3,0,3
Nitinkumar,3,0,3
Nitishkumar,3,0,3
Nitskaja,0,3,3
Nityam,3,3,6
Nityanand,3,0,3
Nityananda,3,0,3
Niura,0,3,3
Niurka,0,3,3
Nivaine,3,3,6
Nivanna,0,3,3
Nivayo,3,0,3
Nivayra,0,3,3
Nivé,0,3,3
Nive,0,3,3
Nivea,0,3,3
Niveah,0,3,3
Nivédita,0,3,3
Niviah,0,3,3
Nivida,0,3,3
Niville,3,0,3
Nivitha,0,3,3
Niyantrie,0,3,3
Niyet,0,3,3
Niyoosha,0,3,3
Niyorah,3,3,6
Nizare,3,0,3
Nizir,3,0,3
Njaisina,0,3,3
Njal,3,0,3
Njana,0,3,3
Njankje,0,3,3
Njegoš,3,0,3
Njin,3,0,3
Njiraini,3,0,3
Njo,3,3,6
Njoek-Jien,0,3,3
Njoek-Lin,0,3,3
Njoek-Yin,0,3,3
Njoekjin,0,3,3
Njoki,3,3,6
Njoman,0,3,3
Njomza,0,3,3
Njong,3,0,3
Njörd,3,0,3
Njordy,3,0,3
Nkechiyere,0,3,3
Nkemdi,3,3,6
Nkenda,3,3,6
Nkeng,3,0,3
Nketiah,3,3,6
Nkosana,3,0,3
Nkosazana,0,3,3
Nkumu,3,0,3
Nlandu,3,3,6
Nleanya,3,0,3
Nma,3,3,6
Nmachi,0,3,3
Nnadozie,3,0,3
Nnaji,3,0,3
Nneamaka,0,3,3
No'omi,0,3,3
Noa'h,3,0,3
Noa-Fleur,0,3,3
Noa-Helena,0,3,3
Noa-Jill,0,3,3
Noa-Joy,0,3,3
Noa-Lian,0,3,3
Noa-Lilly,0,3,3
Noa-Maé,0,3,3
Noa-Maria,0,3,3
Noa-May,0,3,3
Noaar,3,3,6
Noadjah,0,3,3
Noag,3,0,3
Noâh,3,0,3
Nôah,3,0,3
Noah-Jay,3,0,3
Noah-Joy,0,3,3
Noah-Lisa,0,3,3
Noahlynn,0,3,3
Noail,3,3,6
Noaimy,0,3,3
Noainy,0,3,3
Noal,0,3,3
Noala,0,3,3
Noalia,0,3,3
Noalinn,0,3,3
Noalisa,0,3,3
Noämi,0,3,3
Noämy,0,3,3
Noany,0,3,3
Noaquim,3,0,3
Noarah,0,3,3
Nobbina,0,3,3
Nobe,3,0,3
Nobèl,3,3,6
Nöbelina,0,3,3
Nobeline,0,3,3
Nobi,3,0,3
Nobia,0,3,3
Nobre,3,3,6
Nobuhle,0,3,3
Nobuki,3,0,3
Nobuko,0,3,3
Nobuya,3,0,3
Noci,3,0,3
Noddy,3,0,3
Nodi,3,0,3
Noè,3,0,3
Noea,3,3,6
Noeca,0,3,3
Noeck,3,3,6
Noedi,0,3,3
Noef,0,3,3
Noehad,0,3,3
Noéhly,0,3,3
Noekoemen,0,3,3
Noelene,0,3,3
Noéley,3,3,6
Noëli,0,3,3
Noëline,0,3,3
Nöell,3,3,6
Noêlla,0,3,3
Noèlla,0,3,3
Noëlle-Joy,0,3,3
Noëlley,0,3,3
Noëllia,0,3,3
Noëlo,3,0,3
Noëm,3,0,3
Noema,3,3,6
Noéma,0,3,3
Noëma,0,3,3
Noemely,0,3,3
Noëmey,0,3,3
Noëmí,0,3,3
Noemia,0,3,3
Noèmie,0,3,3
Noëmme,0,3,3
Nöemy,0,3,3
Noenka,0,3,3
Noenke,0,3,3
Noënne,0,3,3
Noentje,0,3,3
Noep,0,3,3
Noeraisha,0,3,3
Noeriyah,0,3,3
Noerjatie,0,3,3
Noesa,3,3,6
Noesaiba,0,3,3
Noesha,0,3,3
Noeshien,0,3,3
Noeshik,0,3,3
Noët,0,3,3
Noëva,0,3,3
Noéza,0,3,3
Noezha,0,3,3
Nofar,0,3,3
Nofil,3,0,3
Noheimy,0,3,3
Nohemia,0,3,3
Nohemie,0,3,3
Noheni,0,3,3
Nohman,3,0,3
Nohmi,0,3,3
Noïc,3,0,3
Noië,3,3,6
Noie,3,3,6
Noimi,0,3,3
Noinin,0,3,3
Noir,3,0,3
Noira,0,3,3
Noire,0,3,3
Noiré,3,0,3
Nois,3,3,6
Noïs,3,3,6
Noïsa,0,3,3
Noisha,3,3,6
Noivel,3,0,3
Nojdar,3,0,3
Nojoud,0,3,3
Noke,3,0,3
Nokita,0,3,3
Nolaï,3,0,3
Nolan-Jay,3,0,3
Nolawit,0,3,3
Nolé,3,3,6
Nolene,0,3,3
Nolie,0,3,3
Nolina,0,3,3
Nolinda,0,3,3
Nolkje,0,3,3
Nolty,3,0,3
Nom,3,3,6
Nomathemba,0,3,3
Nomayri,3,0,3
Nomedia,0,3,3
Nomée,0,3,3
Noméh,3,3,6
Nomii,0,3,3
Nomiki,0,3,3
Non,0,3,3
Nona-Lee,0,3,3
Nonette,0,3,3
Nonga,3,3,6
Nonni,3,0,3
Nontapat,3,0,3
Nonus,3,3,6
Nony,0,3,3
Nonye,3,3,6
Nooa,3,0,3
Nooike,0,3,3
Nooman,3,0,3
Noomie,0,3,3
Noömie,0,3,3
Noor-Al-Haya,0,3,3
Noor-Ali,3,0,3
Noor-Ul-Ain,0,3,3
Noor-ul-ain,0,3,3
Nooraan,0,3,3
Nooraldien,3,0,3
Noord,3,0,3
Noorelhuda,0,3,3
Nooriba,0,3,3
Nooriman,0,3,3
Noorjahan,0,3,3
Noorlina,0,3,3
Nooruddin,3,0,3
Noorulain,0,3,3
Noorun-Nisa,0,3,3
Nooshin,0,3,3
Nootje,3,0,3
Noov,3,0,3
Nopso,3,0,3
Nor-Edine,3,0,3
Nora-lynn,0,3,3
Nora-Nina,0,3,3
Norah-Fay,0,3,3
Norah-Lee,0,3,3
Norah-May,0,3,3
Noraline,0,3,3
Noralise,0,3,3
Noraliza,0,3,3
Noramay,0,3,3
Norane,0,3,3
Noraysa,0,3,3
Norberth,3,0,3
Norbertico,3,0,3
Norbertitia,0,3,3
Norbrecht,3,0,3
Norburt,3,0,3
Norddin,3,0,3
Norddine,3,0,3
Nordie,3,0,3
Noreaga,3,0,3
Noreah,0,3,3
Noreddine,3,0,3
Noredine,3,0,3
Norèl,0,3,3
Norel,3,3,6
Norelly,0,3,3
Noremsly,3,0,3
Norey,3,0,3
Norgah,3,3,6
Norhane,0,3,3
Norian,3,0,3
Noriangelo,3,0,3
Norice,3,3,6
Noriën,0,3,3
Norijn,3,0,3
Norike,0,3,3
Norima,0,3,3
Normadevi,0,3,3
Normann,3,0,3
Norn,0,3,3
Noro,0,3,3
Norrin,3,0,3
Norshin,3,3,6
Norsiah,0,3,3
Nortina,0,3,3
Nortje,0,3,3
Norty,3,3,6
Norvan,3,0,3
Norvien,0,3,3
Norwien,3,3,6
Norwike,0,3,3
Noschka,0,3,3
Noshahi,3,3,6
Noshayah,0,3,3
Nosherwan,3,0,3
Noshien,0,3,3
Nosra,0,3,3
Noti,3,0,3
Notker,3,0,3
Notwin,3,0,3
Nouâman,3,0,3
Nouâmane,3,0,3
Nouarah,0,3,3
Nouayla,0,3,3
Noubi,0,3,3
Nouca,0,3,3
Nouchine,0,3,3
Noudje,3,3,6
Nouéla,0,3,3
Nouèla,0,3,3
Noufaila,0,3,3
Noufaissa,0,3,3
Noui,3,3,6
Noula,0,3,3
Noumayr,3,0,3
Nouméa,0,3,3
Noumea,0,3,3
Noumy,0,3,3
Nour-Al,3,3,6
Nour-eddine,3,0,3
Nour-Eldien,3,0,3
Nouraddine,3,0,3
Nouraldin,3,0,3
Nourane,0,3,3
Nouras,0,3,3
Nouraysa,0,3,3
Nourdeen,3,0,3
Nourdyn,3,0,3
Nouredyn,3,0,3
Nouriah,0,3,3
Nourida,0,3,3
Nourien,0,3,3
Nourina,0,3,3
Nourlaïla,0,3,3
Nourra,0,3,3
Nouryn,0,3,3
Noushine,0,3,3
Nouterina,0,3,3
Nouth,3,0,3
Noutje,3,0,3
Nouvaida,0,3,3
Nouvell,3,0,3
Nouwayra,0,3,3
Nová,0,3,3
Nova-Lily,0,3,3
Nova-Liv,0,3,3
Novalis,3,3,6
Novano,3,0,3
Novar,3,3,6
Novayah,0,3,3
Noveen,0,3,3
Noveley,0,3,3
Novelly,3,0,3
Novey,0,3,3
Noviani,0,3,3
Novianto,3,0,3
Novica,3,0,3
Novillie,3,0,3
Novina,0,3,3
Novri,3,0,3
Novus,3,0,3
Nóvy,0,3,3
Nowamagbe,3,3,6
Nowé,3,3,6
Nowemie,0,3,3
Noweny,0,3,3
Nowie,0,3,3
Nowin,3,3,6
Nowina,0,3,3
Noyenna,0,3,3
Nsamba,3,3,6
Nsana,3,3,6
Nshira,0,3,3
Nsuka,3,0,3
Nsusi,3,0,3
Ntiamoa,0,3,3
Ntiamoah,3,0,3
Ntifo,3,0,3
Ntow,3,0,3
Ntumba,0,3,3
Ntwali,3,0,3
Ntwari,3,0,3
Nuañez,0,3,3
Nuaymah,0,3,3
Nuba,3,3,6
Nubaid,3,0,3
Nube,3,0,3
Nubiyah,0,3,3
Nuccia,0,3,3
Nuccio,3,0,3
Nuchi,0,3,3
Nücübe,0,3,3
Nuda,0,3,3
Nudan,3,0,3
Nueba,0,3,3
Nuelson,3,0,3
Nuemi,0,3,3
Nueno,3,0,3
Nueva,0,3,3
Nûh,3,0,3
Nuhad,3,3,6
Nuhamin,0,3,3
Nuhayla,0,3,3
Nuhcan,3,0,3
Nuï,3,0,3
Nulah,3,3,6
Nülfer,0,3,3
Nûlleke,3,0,3
Numaan,3,0,3
Numai,3,3,6
Numanna,0,3,3
Nume,0,3,3
Numiah,0,3,3
Nuncio,3,0,3
Nung,0,3,3
Nuni,0,3,3
Nunila,0,3,3
Nunuheru,3,0,3
Nunziatina,0,3,3
Nunziato,3,0,3
Nuomi,0,3,3
Nûpelda,0,3,3
Nupur,0,3,3
Nuraiz,3,0,3
Nuralhuda,0,3,3
Nuraly,3,3,6
Nüray,0,3,3
Nuraya,0,3,3
Nuraz,3,0,3
Nürçan,0,3,3
Nürcan,0,3,3
Nurçin,0,3,3
Nurcy,3,3,6
Nurdal,3,3,6
Nureda,0,3,3
Nureddeen,3,3,6
Nureen,0,3,3
Nurel,0,3,3
Nurensly,3,0,3
Nurevşan,0,3,3
Nurevşen,0,3,3
Nurgin,3,0,3
Nürgül,0,3,3
Nurhani,3,3,6
Nuriani,0,3,3
Nuriël,3,0,3
Nuriel,3,0,3
Nurija,3,3,6
Nurijatie,0,3,3
Nurin,0,3,3
Nurjahan,0,3,3
Nurjannah,0,3,3
Nurlana,0,3,3
Nurleyanti,0,3,3
Nursabah,0,3,3
Nursal,0,3,3
Nursemin,0,3,3
Nürşen,0,3,3
Nurseyda,0,3,3
Nursjirwan,3,0,3
Nursu,0,3,3
Nursultan,0,3,3
Nurtac,0,3,3
Nuryah,0,3,3
Nuša,3,3,6
Nusakir,3,0,3
Nusch,0,3,3
Nüseybe,0,3,3
Nuskha,0,3,3
Nutuya,0,3,3
Nuuradiin,3,0,3
Nuurto,0,3,3
Nüveyba,0,3,3
Nux,3,3,6
Nuyan,3,0,3
Nvar,3,0,3
Nvart,0,3,3
Nwakaego,0,3,3
Nwamaka,0,3,3
Nwankwo,3,0,3
Nwanyieze,0,3,3
Nwart,0,3,3
Nwoko,3,3,6
Nya-Lee,0,3,3
Nyabella,0,3,3
Nyabingi,3,3,6
Nyaga,0,3,3
Nyahn,3,0,3
Nyali,0,3,3
Nyall,3,0,3
Nyamaah,3,3,6
Nyandemoh,3,3,6
Nyandi,3,0,3
Nyango,0,3,3
Nyani,3,0,3
Nyanta,0,3,3
Nyarai,0,3,3
Nyarkoa,0,3,3
Nyarkoh,3,3,6
Nyaz,3,0,3
Nyc,3,0,3
Nychelino,3,0,3
Nycké,0,3,3
Nycol,3,3,6
Nycole,0,3,3
Nyeland,3,0,3
Nyenswah,3,3,6
Nyesha,0,3,3
Nyinah,0,3,3
Nyjairo,3,0,3
Nyjara,0,3,3
Nykai,3,0,3
Nykeisha,0,3,3
Nykhil,3,0,3
Nykk,3,0,3
Nykka,0,3,3
Nylano,3,0,3
Nylas,3,0,3
Nylka,0,3,3
Nylou,0,3,3
Nymo,3,0,3
Nymphaea,0,3,3
Nyn,0,3,3
Nynde,0,3,3
Nynette,0,3,3
Nynke-Anna,0,3,3
Nyntha,0,3,3
Nyobe,0,3,3
Nyobi,0,3,3
Nyola,0,3,3
Nyon,3,3,6
Nyong,3,0,3
Nyoni,0,3,3
Nyosha,0,3,3
Nyrell,3,0,3
Nyro,3,0,3
Nysah,0,3,3
Nyshainy,0,3,3
Nyshana,0,3,3
Nyshara,0,3,3
Nyska,3,3,6
Nyssien,0,3,3
Nystrøm,3,3,6
Nytza,0,3,3
Nyven,3,0,3
Nyvile,0,3,3
Nyvin,0,3,3
Nyza,0,3,3
Nzambi,3,3,6
Nzembele,3,3,6
Nzenwere,3,3,6
Nzeyimana,0,3,3
Nzeza,3,3,6
Nzulu,3,3,6
Nørgaard,0,3,3
N'ada,0,3,3
N'Carnaï,3,0,3
N'Dea,0,3,3
N'deay,0,3,3
N'dede,3,0,3
N'dedetchie,3,0,3
N'dètinanti,3,0,3
N'Diaye,3,0,3
N'diemé,0,3,3
N'Djaye,3,0,3
N'djido,3,0,3
N'Dofoh,0,3,3
N'Doubeba,0,3,3
N'dour,3,0,3
N'Doye,3,0,3
n'doye,0,3,3
N'doye,0,3,3
N'Dri,3,0,3
N'Faji,3,0,3
N'Faly,0,3,3
N'Famady,3,0,3
N'Famara,3,0,3
N'Gai,3,0,3
N'gaiyla,0,3,3
N'Geve,3,0,3
N'goné,0,3,3
N'Guess,3,0,3
N'guinho,3,0,3
N'ia-Sade,0,3,3
N'jie,0,3,3
N'Joy,3,0,3
N'joy,0,3,3
N'Kara,0,3,3
N'Kasa,3,0,3
N'Keayah,0,3,3
N'kita,0,3,3
N'Kommo,3,0,3
N'Kongo,3,0,3
N'kruma,3,0,3
N'Kulu,0,3,3
N'kulu,0,3,3
N'Kwame,3,0,3
N'Kweku,3,0,3
N'Lysha,0,3,3
N'Mahawa,0,3,3
N'Mani,0,3,3
N'mata,0,3,3
N'nassata,0,3,3
N'Nato,0,3,3
N'omen,3,0,3
N'quensio,3,0,3
N'sambu,0,3,3
N'Shae,3,0,3
N'silu,3,0,3
N'siona,0,3,3
N'toba,3,0,3
N'vaé,0,3,3
N'Yanda,0,3,3
N'yomi,0,3,3
N'zevu,3,0,3
N'Zinga,0,3,3
N'Zingah,0,3,3
N'zo,3,0,3
N-lito,3,0,3
Na'a,0,3,3
Na'amah,0,3,3
Na'arah,0,3,3
Na'ava,0,3,3
Na'Deyah,0,3,3
Na'eela,0,3,3
Na'Eliah,0,3,3
Na'healy,0,3,3
Na'Healy,0,3,3
Na'iem-Sjahier,3,0,3
Na'iema,0,3,3
Na'il,3,0,3
Na'illah,0,3,3
Na'îma,0,3,3
Na'imah,0,3,3
Na'ira,0,3,3
Na'isha,0,3,3
Na'jaylee,0,3,3
Na'Jealy,0,3,3
Na'kyscha,0,3,3
Na'lizah,0,3,3
Na'minah,0,3,3
Na'omi,0,3,3
Na'rayah,0,3,3
Na'Rayo,3,0,3
Na'seah,3,0,3
Na'syah,0,3,3
Na'vi,0,3,3
Na'yelli,0,3,3
Na'zshaily,0,3,3
Na'Zyia,0,3,3
Na'Zyiah,0,3,3
Na'zyiah,0,3,3
Na-amah,0,3,3
Na-amed,0,3,3
Na-Amie,0,3,3
Na-avah,0,3,3
Na-Banyin,3,0,3
Na-Cayleigh,0,3,3
Na-djély,0,3,3
Na-Erick,3,0,3
Na-Gaya,3,0,3
Na-Illah,0,3,3
Na-Isha,0,3,3
Na-Jaily,0,3,3
Na-jaily,0,3,3
Na-Jayvi,3,0,3
Na-Jenaly,0,3,3
Ná-Jin,0,3,3
Na-liyah,0,3,3
Nà-Lyshia,0,3,3
Nà-rin,3,0,3
Na-Roy,3,0,3
Na-Shanté,0,3,3
Na-Twand,0,3,3
Na-Yeano,3,0,3
Na-Yeli,0,3,3
Na-yem,0,3,3
NAA,3,0,3
Naa'Adjele,0,3,3
Naa'ila,0,3,3
Naa-Adae,0,3,3
Naa-Adei,0,3,3
Naa-Adjekai,0,3,3
Naa-Adjorkor,0,3,3
Naa-Adoley,0,3,3
Naa-Akweley,0,3,3
Naa-Amerley,0,3,3
Naa-Anyema,0,3,3
Naa-Ayeley,0,3,3
Naa-Dedei,0,3,3
Naa-Dei,0,3,3
Naa-Dodua,0,3,3
Naa-Kai,0,3,3
Naa-Kwakor,0,3,3
Naa-Lamiley,0,3,3
Naa-Shormey,0,3,3
Naabigh,3,0,3
Naachid,3,0,3
Naada,0,3,3
Naadede,0,3,3
Naadedei,0,3,3
Naadei,0,3,3
Naadine,0,3,3
Naadiyàh,0,3,3
Naadje,3,0,3
Naadu,0,3,3
Naadya,0,3,3
Naael,3,0,3
Naaf,3,0,3
Naafa,3,0,3
Naafih,3,0,3
Naaghesvar,3,0,3
Naagi,3,0,3
Naahaleh,0,3,3
Naahm,3,0,3
Naahshon,3,0,3
Naaiem,3,0,3
Naaif,3,0,3
Naail,3,0,3
Naajia,0,3,3
Naalda,0,3,3
Naaleke,0,3,3
Naaltje,0,3,3
Naaluaw,3,0,3
Naâma,0,3,3
Naâmane,0,3,3
Naàmi,0,3,3
Naámo,3,0,3
Naamphet,3,0,3
Naantina,0,3,3
Naaod,3,0,3
NaaOhui,0,3,3
Naar,0,3,3
Naara,0,3,3
Naärah,0,3,3
Naäraja,3,0,3
Naardien,3,0,3
Naargis,0,3,3
Naarh,3,0,3
Naäri,0,3,3
Naari,0,3,3
Naariah,0,3,3
Naas,3,0,3
Naaser,3,0,3
Naaserien,0,3,3
Naasiha,0,3,3
Naasip,3,0,3
Naasiragatoen,0,3,3
Naasiruddien,3,0,3
Naasma,0,3,3
Naasmagatoen,0,3,3
Naasmien,0,3,3
Naason,3,0,3
Naasser,3,0,3
Naast,3,0,3
Naatiq,3,0,3
Naatji,0,3,3
Naävah,0,3,3
Naaved,3,0,3
Naavi,0,3,3
Naavya,0,3,3
Naayah,0,3,3
Naayi,0,3,3
Naayif,3,0,3
Naazema,0,3,3
Naazerien,0,3,3
Naazia,0,3,3
Naazir,3,0,3
Naazira,0,3,3
Naazmagatoen,0,3,3
Naazmien,0,3,3
Naazneengatoen,0,3,3
Naazniengatoen,0,3,3
Naaznin,0,3,3
Naazrien,0,3,3
Naazrin,0,3,3
Nabá,3,0,3
Nabaddoon,3,0,3
Nabae,0,3,3
Nabaha,0,3,3
Nabahany,3,0,3
Nabahat,0,3,3
Nabanja,0,3,3
Nabaouiya,0,3,3
Nabasa,0,3,3
Nabat,0,3,3
Nabatanzi,0,3,3
Nabaui,3,0,3
Nabawija,0,3,3
Nabay,3,0,3
Nabbil,3,0,3
Nabeil,3,0,3
Nabella,0,3,3
Naber,0,3,3
Nabesiua,0,3,3
Nabie,3,0,3
Nabiëla,0,3,3
Nabiellene,0,3,3
Nabih-Job,3,0,3
Nabihah,0,3,3
Nabihan,0,3,3
Nabíl,3,0,3
Nabisha,0,3,3
Nabisuk,3,0,3
Nabit,3,0,3
Nabiya,0,3,3
Nabodhi,3,0,3
Naboe,3,0,3
Nabon,3,0,3
Nabora,0,3,3
Naboué,0,3,3
Nabouska,0,3,3
Nabouszka,0,3,3
Nabpareet,0,3,3
Nabpreet-Kaur,0,3,3
Nabria,0,3,3
Nabrisa,0,3,3
Nabritcia,0,3,3
Nabtunija,0,3,3
Nabucco,3,0,3
Nábue,0,3,3
Nabuluumba,0,3,3
Naburju,3,0,3
Nabwami,0,3,3
Nacairo,3,0,3
Nacario,3,0,3
Nacary,0,3,3
Nacatheley,0,3,3
Nacaya,0,3,3
Naccerdien,3,0,3
Naçe,3,0,3
Nacedo,3,0,3
Nacef,3,0,3
Naceira,0,3,3
Nacéra,3,0,3
Nachairia,0,3,3
Nachairo,3,0,3
Nachaliël,0,3,3
Nachalle,0,3,3
Nacham,3,0,3
Nachaniël,0,3,3
Nachantelie,0,3,3
Nachantely,0,3,3
Nachara,0,3,3
Nacharai,3,0,3
Nacharo,3,0,3
Nachay,3,0,3
Nachedy,0,3,3
Nacheel,0,3,3
Nacheinely,0,3,3
Nachel,0,3,3
Nachèle,0,3,3
Nachella,0,3,3
Nachenka,0,3,3
Nachentaly,0,3,3
Nachenthaly,0,3,3
Nachér,3,0,3
Nachera,0,3,3
Nachesca,0,3,3
Nachesta,0,3,3
Nachêsta,0,3,3
Nachette,0,3,3
Nachia,0,3,3
Nachiara,0,3,3
Nachiëra,0,3,3
Nachiketa,3,0,3
Nachilldrick,3,0,3
Nachim,3,0,3
Nachima,0,3,3
Nachita,0,3,3
Nachité,3,0,3
Nachoum,3,0,3
Nachshon,3,0,3
Nachta,0,3,3
Nachton,3,0,3
Nachwa,0,3,3
Nacib,3,0,3
Nacida,0,3,3
Nacide,0,3,3
Nacihan,0,3,3
Nacije,0,3,3
Nacil,3,0,3
Naçim,3,0,3
Nacim,3,0,3
Nacimento,3,0,3
Nacio,3,0,3
Nacir,3,0,3
Nacisia,0,3,3
Nacissa,0,3,3
Nacita,0,3,3
Nacize,0,3,3
Nackie,0,3,3
Nackita,0,3,3
Nacla,0,3,3
Nacole,0,3,3
Nacor,3,0,3
Nacorra,0,3,3
Nacrin,0,3,3
Nacynta,0,3,3
Nad,3,0,3
Nada'a,0,3,3
Nadaadi,0,3,3
Nadaav,3,0,3
Nadab,3,0,3
Nadache,0,3,3
Nadadja,0,3,3
Nadaé,0,3,3
Nadaege,0,3,3
Nadage,0,3,3
Nadahba,0,3,3
Nadája,0,3,3
Nadala,0,3,3
Nadaline,0,3,3
Nadall,3,0,3
Nadamio,3,0,3
Nadario,3,0,3
Nadashia,0,3,3
Nadau,3,0,3
Nadaw,3,0,3
Nadayshalo,3,0,3
Naddia,0,3,3
Nadéa,0,3,3
Nadean,0,3,3
Nadèch,0,3,3
Nadechda,0,3,3
Nádeche,0,3,3
Nadéche,0,3,3
Nadecia,0,3,3
Nadeeka,0,3,3
Nadees,3,0,3
Nadeesha,0,3,3
Nadege-Edwige,0,3,3
Nadei,0,3,3
Nadéi,3,0,3
Nadeige,0,3,3
Nadeira,0,3,3
Nadêl,0,3,3
Nadèl,0,3,3
Nadela,0,3,3
Nadeline,0,3,3
Nadell,3,0,3
Nadena,0,3,3
Nadeni,0,3,3
Nadênka,0,3,3
Nadensja,0,3,3
Nadér,3,0,3
Naderah,3,0,3
Nadesca,0,3,3
Nadèsch,0,3,3
Nadesche,0,3,3
Nadeschma,0,3,3
Nadèshe,0,3,3
Nadeshery,0,3,3
Nadeshka,0,3,3
Nadesj,0,3,3
Nadesko,3,0,3
Nadesna,0,3,3
Nadesta,0,3,3
Nadesty,0,3,3
Nadethaïs,0,3,3
Nadetta,0,3,3
Nadew,3,0,3
Nadéya,0,3,3
Nadeya,0,3,3
Nadeyali,3,0,3
Nadeye,0,3,3
Nadeyli,0,3,3
Nadèzda,0,3,3
Nadezdja,0,3,3
Nadezhja,0,3,3
Nadhal,3,0,3
Nadhat,3,0,3
Nadheem,3,0,3
Nadhi,0,3,3
Nadhien,3,0,3
Nadhier,3,0,3
Nadhim,3,0,3
Nadhima,0,3,3
Nadhimah,0,3,3
Nadhina,0,3,3
Nadhiya,0,3,3
Nadhra,0,3,3
Nadhura,0,3,3
Nadhy,0,3,3
Nadí,0,3,3
Nadì,0,3,3
Nädia,0,3,3
Nadiá,0,3,3
Nadia-Annika,0,3,3
Nadia-Carmelita,0,3,3
Nadia-Lisa,0,3,3
Nadia-Maria,0,3,3
Nadia-Natalia,0,3,3
Nadiaa,0,3,3
Nadiadebie,0,3,3
Nadiagatoen,0,3,3
Nadiage,0,3,3
Nadiakhe,3,0,3
Nadiane,0,3,3
Nadianne,0,3,3
Nadiansley,3,0,3
Nadiatu,0,3,3
Nadića,0,3,3
Nadicha,0,3,3
Nadida,0,3,3
Nadidja,0,3,3
Nadië,0,3,3
Nadiedja,0,3,3
Nadiegendro,3,0,3
Nadíeh,0,3,3
Nadiehe,0,3,3
Nadiël,0,3,3
Nadiëlla,0,3,3
Nadiëlle,0,3,3
Nàdien,0,3,3
Nadiène,0,3,3
Nadieneh,0,3,3
Nadienja,0,3,3
Nadiënna,0,3,3
Nadiènne,0,3,3
Nadienske,0,3,3
Nadieragatoen,0,3,3
Nadiersha,3,0,3
Nadiershah,3,0,3
Nadies,0,3,3
Nadiesda,0,3,3
Nadiësda,0,3,3
Nadieska,0,3,3
Nadieye,0,3,3
Nadiffo,0,3,3
Nadihrsha,0,3,3
Nadiia,0,3,3
Nadiiya,0,3,3
Nadijah,0,3,3
Nadije,0,3,3
Nadilce,0,3,3
Nadile,0,3,3
Nadiliya,0,3,3
Nadille,0,3,3
Nadilyn,0,3,3
Nadina-Floor,0,3,3
Nadine-Mathilde,0,3,3
Nadine-Mushiya,0,3,3
Nadine-Nadia,0,3,3
Nadiñha,0,3,3
Nadinha,0,3,3
Nadini,0,3,3
Nadinia,0,3,3
Nadio,3,0,3
Nadira-Kadir,0,3,3
Nadiragatoen,0,3,3
Nadiran,3,0,3
Nadiriye,0,3,3
Nadirson,3,0,3
Nadis,3,0,3
Nadisda,0,3,3
Nadishja,0,3,3
Nadishka,0,3,3
Nadisia,0,3,3
Nadisja,0,3,3
Nadiska,0,3,3
Nadistha,0,3,3
Nadisya,0,3,3
Naditsha,0,3,3
Naditsja,0,3,3
Naditza,0,3,3
Nadiv,3,0,3
Nadiwe,3,0,3
Nadiyadevi,0,3,3
Nadiyo,3,0,3
Nadiyya,0,3,3
Nadizanie,0,3,3
Nadja-Indy,0,3,3
Nadja-Ramona,0,3,3
Nadjad,0,3,3
Nadjaf,3,0,3
Nadjahra,0,3,3
Nadjai,3,0,3
Nadjaira,0,3,3
Nadjamoennisa,0,3,3
Nadjanna,0,3,3
Nadjaran,3,0,3
Nadjat,0,3,3
Nadjayna,0,3,3
Nadjazda,0,3,3
Nadjé,3,0,3
Nadjeche,0,3,3
Nadjehda,0,3,3
Nadjena,0,3,3
Nadjenjka,0,3,3
Nadjesca,0,3,3
Nadjeschka,0,3,3
Nadjesdha,0,3,3
Nadjesha,0,3,3
Nadjézdja,0,3,3
Nadjèzjda,0,3,3
Nadjeztha,0,3,3
Nadjhai,3,0,3
Nadjiah,0,3,3
Nadjid,3,0,3
Nadjiedhoesin,3,0,3
Nadjilia,0,3,3
Nadjla,0,3,3
Nadjmaghatoen,0,3,3
Nadjmi,3,0,3
Nadjom,3,0,3
Nadjonie,0,3,3
Nadjrân,0,3,3
Nadjura,0,3,3
Nadon,3,0,3
Nadou,0,3,3
Nadov,3,0,3
Nadrh,0,3,3
Nadriana,0,3,3
Nadriëlla,0,3,3
Nadrien,0,3,3
Nadrine,0,3,3
Nadschja,0,3,3
Nadthakid,3,0,3
Nadthan,3,0,3
Nadthasid,3,0,3
Nadtja,0,3,3
Nadtrajan,3,0,3
Nadu,3,0,3
Nádúr,3,0,3
Naduska,0,3,3
Nadya-Rinske,0,3,3
Nadyairo,3,0,3
Nadyalee,0,3,3
Nadyana,0,3,3
Nadyché,0,3,3
Nadyche,0,3,3
Nadye,0,3,3
Nadyela,0,3,3
Nadyem,0,3,3
Nadyen,0,3,3
Nadyomi,0,3,3
Nadyoua,0,3,3
Nadyra,0,3,3
Nadyuska,0,3,3
Nadzeya,0,3,3
Nadzieja,0,3,3
Nadzija,0,3,3
Nadzije,0,3,3
Nadzirah,0,3,3
Nadziya,0,3,3
Nae'tano,3,0,3
Nae-Lee,0,3,3
Naé-Marie,0,3,3
Nae-Then,3,0,3
Naeaeske,0,3,3
Naëah,0,3,3
Naedine,0,3,3
Naeela,0,3,3
Naeëla,0,3,3
Naef,3,0,3
Naegel,3,0,3
Naegeli,0,3,3
Naeh,0,3,3
Naehason,3,0,3
Näehémia,3,0,3
Naëik,0,3,3
Naëilyn,0,3,3
Naejarah,0,3,3
Naejefney,0,3,3
Naek-Tua,3,0,3
Naêl,3,0,3
Naéla,0,3,3
Naelah,0,3,3
Naélany,0,3,3
Naëley,0,3,3
Naeli,0,3,3
Naeliah,0,3,3
Naëliah,0,3,3
Naéliyah,0,3,3
Naella,0,3,3
Naëlla,0,3,3
Naëlljeau,3,0,3
Naëlly,0,3,3
Naelysha,0,3,3
Naëm,3,0,3
Naem,3,0,3
Naéma,0,3,3
Náema,0,3,3
Naêma,0,3,3
Naemat,3,0,3
Naëme,0,3,3
Naemie,0,3,3
Naemma,0,3,3
Naemo,3,0,3
Naena,0,3,3
Naëne,0,3,3
Naene,0,3,3
Naénoa,0,3,3
Naenoha,0,3,3
Naenska,0,3,3
Naentsche,0,3,3
Naenystra,0,3,3
Näeomi,0,3,3
Naeomi,0,3,3
Naeomy,0,3,3
Naeqena,0,3,3
Naerobi,0,3,3
Naeromy,0,3,3
Naësarea,0,3,3
Naëscha,0,3,3
Naeshea,0,3,3
Naësni,0,3,3
Naëstica,0,3,3
Naésya,0,3,3
Naesza,0,3,3
Naethaniël,3,0,3
Naethen,3,0,3
Naeton,3,0,3
Naetwe,0,3,3
Naëva,0,3,3
Naevah,0,3,3
Naevé,0,3,3
Naevius,3,0,3
Naéyala,0,3,3
Naëyleigh,0,3,3
Naeysa,0,3,3
Naeyyssa,0,3,3
Naëzer,3,0,3
Naezjhe,3,0,3
Nafâa,3,0,3
Nafac,3,0,3
Nafahry,0,3,3
Nafaika,0,3,3
Nafairon,3,0,3
Nafaithon,3,0,3
Nafaiyo,3,0,3
Nafali,3,0,3
Nafan,3,0,3
Nafar,3,0,3
Nafara,0,3,3
Nafaraixa,0,3,3
Nafaretty,0,3,3
Nafarijo,3,0,3
Nafario,3,0,3
Nafaro,3,0,3
Nafasj,3,0,3
Nafasjan,0,3,3
Nafchelline,0,3,3
Nafeâ,3,0,3
Nafee,3,0,3
Nafeel,3,0,3
Nafeez,3,0,3
Nafeeza,0,3,3
Nafeezagatoen,0,3,3
Nafeisa,0,3,3
Nafelah,0,3,3
Nafetidys,0,3,3
Nafez,3,0,3
Naffatsad,3,0,3
Naffie,0,3,3
Naffiesatou,0,3,3
Naffisa,0,3,3
Naffynia,0,3,3
Naffyssatou,0,3,3
Nafgaira,0,3,3
Nafhaja,0,3,3
Nafhario,3,0,3
Nafhiezah,0,3,3
Nafí,0,3,3
Nafiaa,0,3,3
Nafidarica,0,3,3
Nafide,0,3,3
Nafije,0,3,3
Nafile,0,3,3
Nafina,0,3,3
Nafiona,0,3,3
Nafisatou,0,3,3
Nafishagatoen,0,3,3
Nafissatou,0,3,3
Nafiyenur,0,3,3
Nafiz-Han,3,0,3
Nafizagatoen,0,3,3
Nafizaghatoen,0,3,3
Nafkain,0,3,3
Nafkot,0,3,3
Naft,3,0,3
Nafta,3,0,3
Naftahli,0,3,3
Naftal,3,0,3
Näftali,3,0,3
Naftali-Areli,0,3,3
Naftalia,0,3,3
Naftaliënne,0,3,3
Naftaniël,3,0,3
Naftany,0,3,3
Naftascha,0,3,3
Naftatiri,0,3,3
Naftha,0,3,3
Nafthalja,0,3,3
Nafthaniél,3,0,3
Nafthaniël,3,0,3
Nafumba,0,3,3
Nafyad,3,0,3
Nagabe,3,0,3
Nagadya,0,3,3
Nagaffa,0,3,3
Nagah,0,3,3
Nagaï,3,0,3
Nagailey,0,3,3
Nagalie,0,3,3
Nagamie,0,3,3
Naganadan,3,0,3
Nagar,0,3,3
Nagaraj,3,0,3
Nagarajah,3,0,3
Nagari,3,0,3
Nagascha,0,3,3
Nagasty,0,3,3
Nagaura,3,0,3
Nagaya,0,3,3
Nagayi,0,3,3
Nagayo,3,0,3
Nagdiya,0,3,3
Nagea,3,0,3
Nagealy,0,3,3
Nagéamo,3,0,3
Nageela,0,3,3
Nageena,0,3,3
Nâgehan,0,3,3
Nagela,0,3,3
Nageldric,3,0,3
Nagema,0,3,3
Nagender,3,0,3
Nagendra,3,0,3
Nagepha,0,3,3
Nagessar,3,0,3
Nagessur,3,0,3
Nagestie,0,3,3
Nagésty,0,3,3
Nageza,0,3,3
Nagèzie,0,3,3
Naggenia,0,3,3
Naghaly,0,3,3
Nagham,0,3,3
Naghame,0,3,3
Naghem,0,3,3
Naghenio,3,0,3
Naghib,0,3,3
Naghina,0,3,3
Naghira,0,3,3
Naghmakoemarie,0,3,3
Naghmana,0,3,3
Naghmeh,0,3,3
Nagiba,0,3,3
Nagibe,3,0,3
Nagien,0,3,3
Nagier,3,0,3
Nâgihan,0,3,3
Naĝihan,0,3,3
Nagihen,0,3,3
Nagije,0,3,3
Nagïl,3,0,3
Nagilla,0,3,3
Nagillia,0,3,3
Nagilva,0,3,3
Naginata,0,3,3
Naginder,3,0,3
Nagindrekumar,3,0,3
Nagira,0,3,3
Nagiri,0,3,3
Nagisa-Soria,0,3,3
Nagisha,0,3,3
Nagistan,3,0,3
Nagita,0,3,3
Nagitia,0,3,3
Nagla,0,3,3
Naglah,0,3,3
Naglan,0,3,3
Naglia,0,3,3
Nagmana,0,3,3
Nağme,0,3,3
Naĝme,0,3,3
Nagmeldin,3,0,3
Nagô,0,3,3
Nagomy,3,0,3
Nagorni,3,0,3
Nagr,0,3,3
Nagrani,0,3,3
Nagua,0,3,3
Nagub,3,0,3
Nagui,3,0,3
Naguil,3,0,3
Nagwang,3,0,3
Nagweba,0,3,3
Nagyll,3,0,3
Nagyova,0,3,3
Nagytha,0,3,3
Nah-Jaylienn,0,3,3
Nahaemy,0,3,3
Nahailey,0,3,3
Nahairies,0,3,3
Nahaishely,0,3,3
Nahaison,3,0,3
Naháliël,0,3,3
Nahalihya,0,3,3
Naham,3,0,3
Nahamani,0,3,3
Nahanie,0,3,3
Nahanni,0,3,3
Nahanson,3,0,3
Naharai,0,3,3
Naharani,0,3,3
Nahason,3,0,3
Nahasson,3,0,3
Nahawi,0,3,3
Nahayla,0,3,3
Nahdir,3,0,3
Nahdira,0,3,3
Nahdjay,3,0,3
Nahdr,3,0,3
Nahëanry,0,3,3
Nahedy,0,3,3
Naheisha,0,3,3
Nahèl,0,3,3
Nahel,3,0,3
Naheli,0,3,3
Nahemi,0,3,3
Nahêmy,0,3,3
Nahendrickson,3,0,3
Nahesjan,3,0,3
Nahesjeon,3,0,3
Naheson,3,0,3
Nahèsson,3,0,3
Naheylica,0,3,3
Naheynis,3,0,3
Naheyson,3,0,3
Nahezie,3,0,3
Nahiara,0,3,3
Nahibe,0,3,3
Nahidu,0,3,3
Nahidul,3,0,3
Nahïla,0,3,3
Nahillah,0,3,3
Nahïm,3,0,3
Nahimro,3,0,3
Nahini,0,3,3
Nahiony,0,3,3
Nahir,3,0,3
Nahisetu,0,3,3
Nahish,0,3,3
Nahita,0,3,3
Nahiyah,0,3,3
Nahiyan,0,3,3
Nahjé,0,3,3
Nahjealy,0,3,3
Nahjeistah,0,3,3
Nahjéna,0,3,3
Nahjla,0,3,3
Nahkaj,3,0,3
Nahl,0,3,3
Nahlae,0,3,3
Nahliël,3,0,3
Nahlin,3,0,3
Nahmé,0,3,3
Nahmin,0,3,3
Nahna-Djazz,0,3,3
Nahnyonga,0,3,3
Naho-yay,3,0,3
Nahóm,3,0,3
Nahõm,3,0,3
Nahrahi,0,3,3
Nahrein,0,3,3
Nahrenjo,3,0,3
Nahrien,0,3,3
Nahru,3,0,3
Nahrwan,3,0,3
Nahsaiya,0,3,3
Nahshica,0,3,3
Nahshon,3,0,3
Nahsir,3,0,3
Nahswien,3,0,3
Nahtan,3,0,3
Nahtania,0,3,3
Nahtanja,0,3,3
Nahtasja,0,3,3
Nahtoma,0,3,3
Nahual-ha,0,3,3
Nahuali,0,3,3
Nahuél,3,0,3
Nahun,3,0,3
Nahurua,3,0,3
Nahvé,0,3,3
Nahvin,3,0,3
Nahwin,3,0,3
Nahyde,0,3,3
Nahyeli,0,3,3
Nahymah,0,3,3
Nahymja,0,3,3
Nahymya,0,3,3
Nahzar,3,0,3
Nahzat,3,0,3
Nai'Andreley,0,3,3
Nai'imah,0,3,3
Nai'jaéley,0,3,3
Nai'jaelley,0,3,3
Nai'jah,0,3,3
Nai'Romy,0,3,3
Nai'yeali,0,3,3
Nai-ësheley,0,3,3
Naï-Jaeley,0,3,3
Nai-Jaëlle,0,3,3
Nai-Jaely,0,3,3
Nai-Jaily,0,3,3
Nai-Jayviën,3,0,3
Nai-Jeadriön,3,0,3
Nai-Jealy,0,3,3
Nai-Jhely,0,3,3
Nai-Shénely,0,3,3
Nai-Ting,0,3,3
Naía,0,3,3
Naib,3,0,3
Naibertly,3,0,3
Naibi,0,3,3
Naïca,0,3,3
Naichaëlly-Ann,0,3,3
Naichaliene,0,3,3
Naichaly,0,3,3
Naïche,0,3,3
Naichelica,0,3,3
Naichelly,0,3,3
Naichelo,3,0,3
Naichely,0,3,3
Naico,3,0,3
Naïco,3,0,3
Näida,0,3,3
Naidanny,0,3,3
Naïdee,0,3,3
Naidely,0,3,3
Naidely-ann,0,3,3
Naiden,3,0,3
Naïdina,0,3,3
Naidjé,3,0,3
Naidjeely,0,3,3
Naidjeska,0,3,3
Naidjim,3,0,3
Naidoo,3,0,3
Naidü,3,0,3
Naie,0,3,3
Naieck,0,3,3
Naief,3,0,3
Naiela,0,3,3
Naïeli,0,3,3
Naiëlle,0,3,3
Naíem,3,0,3
Naiemah,0,3,3
Naierline,0,3,3
Naïes,0,3,3
Naiesha,0,3,3
Naifa,0,3,3
Naifah,0,3,3
Naífah,0,3,3
Naigchel,3,0,3
Naigealy,0,3,3
Naigeena,0,3,3
Naigelia,0,3,3
Naigelin,0,3,3
Naigeline,0,3,3
Naigelino,3,0,3
Naigelo,3,0,3
Naigelyno,3,0,3
Naigiénely,0,3,3
Naigino,0,3,3
Naigy,3,0,3
Naihemely,0,3,3
Naihim,3,0,3
Naihna,0,3,3
Naihysha,0,3,3
Naihzijr,3,0,3
Naiim,3,0,3
Naija,0,3,3
Naija-Lynn,0,3,3
Naijah,0,3,3
Naijal,3,0,3
Naijanetelhy,0,3,3
Naijaylah,0,3,3
Naijearrouhi,3,0,3
Naijéli,0,3,3
Naijero,3,0,3
Naijharell,3,0,3
Naijim,3,0,3
Naijm,3,0,3
Naijomi,0,3,3
Naijomy,0,3,3
Naikari,0,3,3
Naïki,0,3,3
Naiko,3,0,3
Naikson,3,0,3
Naiky,3,0,3
Naíla,0,3,3
Naïla-Mae,0,3,3
Naïla-Noa,0,3,3
Nailady,0,3,3
Nailah-Rose,0,3,3
Nailée,0,3,3
Nailem,0,3,3
Nailenur,0,3,3
Nailevich,3,0,3
Nailie,0,3,3
Nailin,0,3,3
Nailisa,0,3,3
Naïlja,0,3,3
Naïllah,0,3,3
Naillik,0,3,3
Naillo,3,0,3
Nailo,3,0,3
Nailon,3,0,3
Naily'j,0,3,3
Naïlya,0,3,3
Naím,3,0,3
Naîma,0,3,3
Naïma-Syrah,0,3,3
Naìmah,0,3,3
Naïmallah,3,0,3
Naimar,3,0,3
Naïmat,0,3,3
Naimedde,0,3,3
Naimée,0,3,3
Naimh,0,3,3
Naïmha,0,3,3
Naïmkhan,3,0,3
Naimkhan,3,0,3
Naimma,0,3,3
Naimoennisa,0,3,3
Naimoon,0,3,3
Naimy,0,3,3
Naín,0,3,3
Nainadevi,0,3,3
Naïnda,0,3,3
Näinda,0,3,3
Naïndra,0,3,3
Naïndy,0,3,3
Naine,0,3,3
Naini,0,3,3
Naïnthe,0,3,3
Naiobe-Lee,0,3,3
Naioby,0,3,3
Naïoby,0,3,3
Naiöby,0,3,3
Naiol,0,3,3
Naiomie,0,3,3
Naïomy,0,3,3
Naïosha,0,3,3
Naiovy,0,3,3
Naiqualliëne,0,3,3
Naique,3,0,3
Naíra,0,3,3
Nairagboh,3,0,3
Nairanoor,0,3,3
Nairatu,0,3,3
Naire,0,3,3
Naïre,3,0,3
Nairel,3,0,3
Naireline,0,3,3
Nairella,0,3,3
Nairely,0,3,3
Nairelys,0,3,3
Nairemi,0,3,3
Nairenska,0,3,3
Nairickmar,3,0,3
Nairie,0,3,3
Naïris,0,3,3
Nairn,3,0,3
Nairobiz,0,3,3
Naïromy,0,3,3
Nairon,3,0,3
Nairy,0,3,3
Náiryo,3,0,3
Naischa,0,3,3
Naïse,0,3,3
Naisemento,3,0,3
Naisenne,3,0,3
Näisha,0,3,3
Naïshae,0,3,3
Naishainy,0,3,3
Naishajearensca,0,3,3
Naishantely,0,3,3
Naisharley,0,3,3
Naishayno,3,0,3
Naishe,0,3,3
Naisheline,0,3,3
Naishelly,0,3,3
Naisheny,0,3,3
Naishorua,0,3,3
Naisiënna,0,3,3
Naisira,0,3,3
Naislyia,0,3,3
Naison,3,0,3
Naita,0,3,3
Naitana,0,3,3
Naithen,3,0,3
Naithun,3,0,3
Naively,0,3,3
Naiven,3,0,3
Naïvenchely,0,3,3
Naiventely,0,3,3
Naïvia,0,3,3
Naiviani,0,3,3
Naïvic,3,0,3
Naiviëla,0,3,3
Naiviënelly,0,3,3
Naiviëngelly,0,3,3
Naiviënny,0,3,3
Naivienska,0,3,3
Naiviëntely,0,3,3
Naiviënthaly,0,3,3
Naiviëny,0,3,3
Naivy,3,0,3
Naïya,0,3,3
Naiyahmir,3,0,3
Naiyar,0,3,3
Naiyaro,3,0,3
Naiycha,0,3,3
Naiyeli,0,3,3
Naiyesha,0,3,3
Naiyesmin,0,3,3
Naiyhara,0,3,3
Naiyi,3,0,3
Naiyna,0,3,3
Naiyo,3,0,3
Naïz,0,3,3
Naizara,0,3,3
Naizira,0,3,3
Naizjendró,3,0,3
Naizmeen,0,3,3
Naizscha,0,3,3
Naja-Salafoe,0,3,3
Najaat,0,3,3
Najad,3,0,3
Najaeda,0,3,3
Najaeley,0,3,3
Najaely,0,3,3
Najahra,0,3,3
Najairo,3,0,3
Najan,3,0,3
Najana,0,3,3
Najanikka,0,3,3
Najannie,0,3,3
Najantara,0,3,3
Najaro,3,0,3
Najarobis,0,3,3
Najât,0,3,3
Najatt,0,3,3
Najatte,0,3,3
Najawi,3,0,3
Najay,0,3,3
Najayda,0,3,3
Najayrah,0,3,3
Najd,3,0,3
Najdin,3,0,3
Najéa,0,3,3
Najeá,0,3,3
Najéah,3,0,3
Najealey,0,3,3
Najeali,0,3,3
Najealy,0,3,3
Najean,3,0,3
Najeat,0,3,3
Najeba,0,3,3
Najebullah,3,0,3
Najed,3,0,3
Najeeba,0,3,3
Najeebah,0,3,3
Najeel,3,0,3
Najeërmo,3,0,3
Najef,3,0,3
Najefkah,0,3,3
Najefny,0,3,3
Najéha,0,3,3
Najehli,0,3,3
Najel,3,0,3
Najela,0,3,3
Najeley,0,3,3
Najëlly,0,3,3
Najemerson,3,0,3
Najenna,0,3,3
Najensca,0,3,3
Najero,3,0,3
Najesda,0,3,3
Najeska,0,3,3
Najewa,0,3,3
Najéyla,0,3,3
Najezda,0,3,3
Najhella,0,3,3
Najhima,0,3,3
Najhma,0,3,3
Najibe,3,0,3
Najibeh,0,3,3
Najibulla,3,0,3
Najida,0,3,3
Najieb,3,0,3
Najier,3,0,3
Najilia,0,3,3
Najilya,0,3,3
Najime,3,0,3
Najimeldien,3,0,3
Najimy,3,0,3
Najina,0,3,3
Najir,3,0,3
Najiya,0,3,3
Najiyah,0,3,3
Najja,0,3,3
Najjuma,0,3,3
Najlaä,0,3,3
Najlai,0,3,3
Najlat,0,3,3
Najliciano,3,0,3
Nájm,3,0,3
Najmanur,0,3,3
Najmar,0,3,3
Najmatuz,0,3,3
Najmdeen,3,0,3
Najmdin,3,0,3
Najmi,3,0,3
Najmia,0,3,3
Najmina,0,3,3
Najmira,0,3,3
Najmoeddin,3,0,3
Najombe,3,0,3
Najon,3,0,3
Najoni,0,3,3
Najouah,0,3,3
Najouat,0,3,3
Najrik,3,0,3
Najsha,0,3,3
Naju,3,0,3
Najuka,0,3,3
Najumba,0,3,3
Najuwa,0,3,3
Najya,0,3,3
Najyah,0,3,3
Nak,3,0,3
Nakaa,0,3,3
Nakabugo,0,3,3
Nakabuye,0,3,3
Nakachi,3,0,3
Nakachwa,0,3,3
Nakajele,0,3,3
Nakangu,0,3,3
Nakano,0,3,3
Nakari,0,3,3
Nakaris,0,3,3
Nakato,0,3,3
Nakatomi,0,3,3
Nakayenga,0,3,3
Nakayla,0,3,3
Nakeebat,0,3,3
Nakeem,3,0,3
Nakefa,0,3,3
Nakeia,0,3,3
Nakeisa,0,3,3
Nakeiva,0,3,3
Nakeshia,0,3,3
Nakeya,0,3,3
Nakib,3,0,3
Nakiba,0,3,3
Nakie,0,3,3
Nakieb,3,0,3
Nakiesha,0,3,3
Nakieta,0,3,3
Nakila,3,0,3
Nakima,3,0,3
Nakimuli,0,3,3
Nakir,3,0,3
Nakira,0,3,3
Nakisa,0,3,3
Nakischa,0,3,3
Nakitha,0,3,3
Nakiyah,0,3,3
Nakiye,0,3,3
Nakkito,0,3,3
Nakkyana,0,3,3
Naklisha,0,3,3
Nakoa,3,0,3
Nakoomy,0,3,3
Nakota,3,0,3
Nakruma,3,0,3
Nakry,0,3,3
Naktal,3,0,3
Nakytha,0,3,3
Nala-Mae,0,3,3
Nalagini,0,3,3
Nalagon,3,0,3
Nalaï,3,0,3
Nalaia,0,3,3
Nălan,0,3,3
Nalana,0,3,3
Nalando-Jay,3,0,3
Nalaney,0,3,3
Nalanna,0,3,3
Nalanya,0,3,3
Nalau,3,0,3
Nalawi,3,0,3
Nalay,3,0,3
Nalaysiah,0,3,3
Nalbiy,3,0,3
Naldi,3,0,3
Naldine,0,3,3
Naldiny,3,0,3
Naldyson,3,0,3
Nâle,0,3,3
Naléah,0,3,3
Naleah,0,3,3
Nalédy,0,3,3
Nalei,0,3,3
Naleiah,0,3,3
Nalen,0,3,3
Nalena,0,3,3
Naléna,0,3,3
Nalenci,0,3,3
Nalethy,0,3,3
Nalety,0,3,3
Naley,0,3,3
Naléye,3,0,3
Naleye,0,3,3
Nalía,0,3,3
Naliah,0,3,3
Naliandra,0,3,3
Nalido,3,0,3
Nalie,3,0,3
Naliema,0,3,3
Nalieni,0,3,3
Nalieniedibby,0,3,3
Nalifa,0,3,3
Nalima,0,3,3
Nalîn,0,3,3
Nalinaksha,3,0,3
Nalindran,3,0,3
Nalinee,0,3,3
Nalineo,3,0,3
Nalini-Kavita,0,3,3
Naliniedebie,0,3,3
Nalinikumarie,0,3,3
Nalinle,0,3,3
Naliño,3,0,3
Nalino,3,0,3
Nalintara,0,3,3
Nalinthip,0,3,3
Nalinydewi,0,3,3
Nalinyo,3,0,3
Nalio,3,0,3
Nalisa,0,3,3
Nalisca,0,3,3
Nalischa,0,3,3
Nalische,0,3,3
Nalishia,0,3,3
Nalisia,0,3,3
Nalisya,0,3,3
Naliziana,0,3,3
Naljor,3,0,3
Nallah,3,0,3
Nallica,0,3,3
Nally,3,0,3
Nalo,3,0,3
Naloë,0,3,3
Naloeska,0,3,3
Nalukenge,0,3,3
Nalussati,0,3,3
Nalvia,0,3,3
Nalvison,3,0,3
Nalwenda,0,3,3
Nalynho,3,0,3
Nalyzhia,0,3,3
Nam-Ing,0,3,3
Nam-Kiên,3,0,3
Namachkani,3,0,3
Namae,0,3,3
Namagembe,0,3,3
Namah,0,3,3
Namai,0,3,3
Namailo,3,0,3
Namairy,0,3,3
Namaisa,0,3,3
Namakaeha,3,0,3
Namaku,0,3,3
Namakula,0,3,3
Namale,0,3,3
Namalere,3,0,3
Namali,0,3,3
Namaliya,0,3,3
Namanga,0,3,3
Namani,0,3,3
Namanpreet,3,0,3
Namarata,0,3,3
Namare,0,3,3
Namaria,0,3,3
Namarie,0,3,3
Namayiana,0,3,3
Nambema,0,3,3
Nambi,0,3,3
Nambin,3,0,3
Nambo,3,0,3
Nambriano,3,0,3
Namchi,0,3,3
Namco,3,0,3
Namdie,0,3,3
Namdol,0,3,3
Namdöl,0,3,3
Nâme,0,3,3
Namée,0,3,3
Nameed-Ali,3,0,3
Nameerah,0,3,3
Nameh,3,0,3
Namekye,3,0,3
Namenda,3,0,3
Namer,3,0,3
Namfon,0,3,3
Namida,0,3,3
Namidey,3,0,3
Namidja,0,3,3
Namie,0,3,3
Namientra,0,3,3
Namiina,0,3,3
Namijana,0,3,3
Namikka,0,3,3
Namiko,0,3,3
Namiliani,0,3,3
Namilla,0,3,3
Namin,3,0,3
Naminata,0,3,3
Namini,0,3,3
Naminya,0,3,3
Namio,3,0,3
Namique,0,3,3
Namirembe,0,3,3
Namirte,0,3,3
Namish,3,0,3
Namïyah,0,3,3
Namiye,0,3,3
Namka,0,3,3
Namke-Machteld,0,3,3
Namkha,3,0,3
Namkhang,0,3,3
Namla,0,3,3
Namling,3,0,3
Nammer,3,0,3
Nammica,0,3,3
Nammond,3,0,3
Nammy,0,3,3
Namôh,3,0,3
Namoï,0,3,3
Namondi,0,3,3
Namou,0,3,3
Namouna,0,3,3
Namra,0,3,3
Namrah,0,3,3
Namresh,3,0,3
Namretta,0,3,3
Namrieta,0,3,3
Namritha,0,3,3
Namroud,0,3,3
Namrud,3,0,3
Namugwanya,0,3,3
Namuk,3,0,3
Namukasa,0,3,3
Namur,3,0,3
Namurembe,0,3,3
Namuun,0,3,3
Namuunbileg,0,3,3
Namvati,0,3,3
Namviêt,3,0,3
Namwanje,0,3,3
Namya,0,3,3
Namydia,0,3,3
Namyra,0,3,3
Namzuah,3,0,3
Nán,0,3,3
Nan-Paul,3,0,3
Nanà,0,3,3
Nanâ,0,3,3
Nana-Adwoa,0,3,3
Nana-Akyaa,0,3,3
Nana-ama,0,3,3
Nana-Ama,0,3,3
Nana-Boatemaah,0,3,3
Nana-Ekow,3,0,3
Nana-Esiah,0,3,3
Nana-Frimpong,3,0,3
Nana-Kwame,3,0,3
Nana-Pinamang,0,3,3
Nana-Roman,0,3,3
Nana-Yaa,0,3,3
Nana-Yah,0,3,3
Nanaama,0,3,3
Nanaba,0,3,3
Nanaï,0,3,3
Nanaia,0,3,3
Nanajaa,0,3,3
Nanajka,0,3,3
Nanak,0,3,3
Nanakeita,0,3,3
Nanako,0,3,3
Nanakwasi,3,0,3
Nanalisa,0,3,3
Nananda,0,3,3
Nanang,0,3,3
Nanarelle,0,3,3
Nanatetche,3,0,3
Nanau,0,3,3
Nanaya,0,3,3
Nanáyaa,0,3,3
Nanayaa,0,3,3
Nanayda,0,3,3
Nancelina,0,3,3
Nancemiënto,3,0,3
Nanceye,0,3,3
Nanchez,3,0,3
Nancilino,3,0,3
Nancinha,0,3,3
Nancinho,3,0,3
Nancita,0,3,3
Nanco-Junior,3,0,3
Nancy-Maria,0,3,3
Nancy-Natascha,0,3,3
Nancy-Petra,0,3,3
Nancy-Rose,0,3,3
Nancy-Sue,0,3,3
Nancylane,0,3,3
Nanda-Floor,0,3,3
Nanda-Kishora,3,0,3
Nandaan,3,0,3
Nandadevi,0,3,3
Nandadewi,0,3,3
Nandakoemarie,0,3,3
Nandakumarie,0,3,3
Nandalal,3,0,3
Nandalie,0,3,3
Nandanidebie,0,3,3
Nandanidevie,0,3,3
Nandaniedebie,0,3,3
Nandaniedevie,0,3,3
Nandanita,0,3,3
Nandanydevi,0,3,3
Nandasepa,0,3,3
Nandavita,0,3,3
Nanddy,0,3,3
Nandeau,3,0,3
Nandee,0,3,3
Nandekumar,3,0,3
Nandelie,0,3,3
Nandelinie,0,3,3
Nanden,3,0,3
Nandenidevi,0,3,3
Nandenidevie,0,3,3
Nandeniedevi,0,3,3
Nandeny,0,3,3
Nanderani,0,3,3
Nandèz,3,0,3
Nandha,0,3,3
Nandhenie,0,3,3
Nandhi,0,3,3
Nandhiersing,3,0,3
Nandhieta,0,3,3
Nandhini,0,3,3
Nandhinie,0,3,3
Nandieni,0,3,3
Nandiesh,3,0,3
Nandikaa,0,3,3
Nandikesh,3,0,3
Nandile,0,3,3
Nandinee,0,3,3
Nanding,0,3,3
Nandiniedebie,0,3,3
Nandinnidevie,0,3,3
Nandio,3,0,3
Nandir,3,0,3
Nandira,0,3,3
Nandisa,0,3,3
Nandishwar,3,0,3
Nanditakiran,0,3,3
Nanditha,0,3,3
Nandjany,0,3,3
Nandjila,3,0,3
Nandkoemarie,0,3,3
Nandlall,3,0,3
Nandni-devi,0,3,3
Nandnidevi,0,3,3
Nandoe,3,0,3
Nandoo,3,0,3
Nàndor,3,0,3
Nandos,3,0,3
Nandou,3,0,3
Nandpershad,3,0,3
Nandranie,0,3,3
Nandré,3,0,3
Nandrea,0,3,3
Nandreas,3,0,3
Nandrio,3,0,3
Nandriyanto,3,0,3
Nandsingh,3,0,3
Nandu,3,0,3
Nandusha,0,3,3
Nandwig,3,0,3
Nandyila,0,3,3
Nanè,0,3,3
Nanéa,0,3,3
Naned,0,3,3
Naneda,0,3,3
Naneh,0,3,3
Nanejda,0,3,3
Nanel,0,3,3
Nanely,0,3,3
Nánena,0,3,3
Nanerle,0,3,3
Nanéva,0,3,3
Nanfred,3,0,3
Nanfuka,0,3,3
Nang,3,0,3
Nang-Chu,3,0,3
Nangéla,0,3,3
Nangfaa,0,3,3
Nangialy,3,0,3
Nangity,0,3,3
Nangjalij,3,0,3
Nangko,3,0,3
Nangsi,0,3,3
Nangylai,3,0,3
Nanhoe,0,3,3
Nani-Pauline,0,3,3
Nanía,0,3,3
Naniah,0,3,3
Nanica,0,3,3
Nanicah,0,3,3
Nanicha,0,3,3
Nanichi,0,3,3
Nanicue,0,3,3
Naniene,0,3,3
Nanienka,0,3,3
Nanih-Waiyah,3,0,3
Nanih-Wayia,3,0,3
Nanika,0,3,3
Nanike,0,3,3
Naniki,0,3,3
Nanikka,0,3,3
Naniko,3,0,3
Nanikumpovila,0,3,3
Nanilyah,0,3,3
Nanín,3,0,3
Nanin,3,0,3
Naniña,0,3,3
Naninca,0,3,3
Naninda,0,3,3
Naninga,0,3,3
Naniñho,3,0,3
Naninja,0,3,3
Naninne,0,3,3
Naninni,0,3,3
Nanio,0,3,3
Naniqck,3,0,3
Nanisa,0,3,3
Nanischa,0,3,3
Naniska,0,3,3
Nanissa,0,3,3
Nanizayawo,0,3,3
Nanja-Ilja,0,3,3
Nanjah,0,3,3
Nanjedina,0,3,3
Nanjeeta,0,3,3
Nanji,3,0,3
Nanjorie,0,3,3
Nanju,0,3,3
Nank,0,3,3
Nankaumar,3,0,3
Nanki,0,3,3
Nankinga,0,3,3
Nankisoen,3,0,3
Nanky,0,3,3
Nanla,0,3,3
Nanlo,0,3,3
Nanna-Que,0,3,3
Nannan,0,3,3
Nanne-Maria,0,3,3
Nanne-Obe,3,0,3
Nanne-Stephan,3,0,3
Nanne-Tootje,0,3,3
Nannechina,0,3,3
Nanneco,3,0,3
Nannelle,0,3,3
Nannelyn,0,3,3
Nannemarijn,3,0,3
Nannèt,0,3,3
Nannett,0,3,3
Nannida,0,3,3
Nannie-Jo,0,3,3
Nannieck,0,3,3
Nannien,0,3,3
Nannienke,0,3,3
Nannieta,0,3,3
Nannig,3,0,3
Nannila,0,3,3
Nanningina,0,3,3
Nannings,3,0,3
Nannini,3,0,3
Nannino,3,0,3
Nannito,0,3,3
Nannoek,0,3,3
Nannón,0,3,3
Nannousch,0,3,3
Nannuchjka,0,3,3
Nannus,3,0,3
Nannuska,0,3,3
Nannyke,0,3,3
Nanoes,0,3,3
Nanoesj,0,3,3
Nanomi,0,3,3
Nanoo,3,0,3
Nanori,0,3,3
Nanouc,0,3,3
Nanoucka,0,3,3
Nánouk,0,3,3
Nanouka,0,3,3
Nanouq,0,3,3
Nanouque,0,3,3
Nanousca,0,3,3
Nanouscha,0,3,3
Nanouschka-Catharina,0,3,3
Nanousha,0,3,3
Nanoushja,0,3,3
Nanricia,0,3,3
Nanriquel,3,0,3
Nansam,0,3,3
Nansammonji,0,3,3
Nanschio,3,0,3
Nansco,3,0,3
Nanseerà,0,3,3
Nansen,3,0,3
Nanseri,3,0,3
Nanshelys,0,3,3
Nanska,0,3,3
Nanta,0,3,3
Nantakan,0,3,3
Nantakyiwaah,0,3,3
Nantamu,0,3,3
Nantawat,3,0,3
Nantaya,0,3,3
Nantcoine,0,3,3
Nantè,3,0,3
Nantea,0,3,3
Nantenin,0,3,3
Nantera,0,3,3
Nanteza,0,3,3
Nanthaz,3,0,3
Nanthi,3,0,3
Nanthicha,0,3,3
Nanthiwat,3,0,3
Nanthusan,3,0,3
Nantiana,0,3,3
Nanticha,0,3,3
Nantie,3,0,3
Nantika,0,3,3
Nantinus,3,0,3
Nantjedina,0,3,3
Nantjo,0,3,3
Nantkodien,0,3,3
Nantoinette,0,3,3
Nants,0,3,3
Nantun,0,3,3
Nantwine,0,3,3
Nanty,0,3,3
Nanua,0,3,3
Nanuelae,3,0,3
Nanuk,3,0,3
Nanuli,0,3,3
Nanune,0,3,3
Nanung,3,0,3
Nanuruw,0,3,3
Nanuska,0,3,3
Nany,0,3,3
Nanyamkha,0,3,3
Nanyanika,0,3,3
Nanyk,0,3,3
Nanyka,0,3,3
Nanyo,3,0,3
Nanyonga,0,3,3
Naoar,3,0,3
Naobe,0,3,3
Naöbie,0,3,3
Naoca,0,3,3
Naode,3,0,3
Naodja,3,0,3
Naohachi,3,0,3
Naohiro,3,0,3
Naoí,3,0,3
Naoiki,3,0,3
Naoile,0,3,3
Naoir,0,3,3
Naoïs,3,0,3
Naois,3,0,3
Naoky,3,0,3
Naolee,0,3,3
Naom,3,0,3
Naoma,0,3,3
Naoman,3,0,3
Naomas,0,3,3
Naombie,0,3,3
Naomeë,0,3,3
Naomeh,0,3,3
Naòmi,0,3,3
Naõmi,0,3,3
Naomi-Adriënne,0,3,3
Naomi-Amber,0,3,3
Naomi-Chantal,0,3,3
Naomi-Dinah,0,3,3
Naomi-Esra,0,3,3
Naomi-Grecincia,0,3,3
Naomi-Jacintha,0,3,3
Naomi-Jane,0,3,3
Naomi-Joël,0,3,3
Naomi-June,0,3,3
Naomi-Kim,0,3,3
Naomi-Lise,0,3,3
Naomi-Liviènne,0,3,3
Naomi-Marèll,0,3,3
Naomi-Quincy,0,3,3
Naomi-Ruth,0,3,3
Naomi-Sanne,0,3,3
Naomi-Sharona,0,3,3
Naomi-Sophie,0,3,3
Naomi-Tida,0,3,3
Naomi-Yoëlle,0,3,3
Naomia,0,3,3
Näomie,0,3,3
Naomie-Selina,0,3,3
Naomik,0,3,3
Naomilly,0,3,3
Naomin,0,3,3
Naomiy,0,3,3
Naömy,0,3,3
Nàomy,0,3,3
Naood,3,0,3
Naoras,3,0,3
Naoto,3,0,3
Naouaar,0,3,3
Naouaf,3,0,3
Naouaph,3,0,3
Naouare,0,3,3
Naouat,0,3,3
Naoud,3,0,3
Naouèl,0,3,3
Naoüel,0,3,3
Naouelle,0,3,3
Naoufell,3,0,3
Naouffel,3,0,3
Naouile,0,3,3
Naouily,0,3,3
Naoul,0,3,3
Naoull,0,3,3
Naoumou,0,3,3
Naourdein,3,0,3
Naouscha,0,3,3
Näouvel,3,0,3
Naoya,0,3,3
Nap,3,0,3
Napaari,0,3,3
Napal,3,0,3
Napaporn,0,3,3
Napatsarin,0,3,3
Napatsorn,0,3,3
Napayshni,3,0,3
Naph-Tali,0,3,3
Naphaporn,0,3,3
Napharoh,3,0,3
Naphasa,0,3,3
Naphasja,0,3,3
Naphat,3,0,3
Naphatali,0,3,3
Naphatsorn,0,3,3
Naphelandra,0,3,3
Naphtanie,3,0,3
Naphtaniël,3,0,3
Naphtaron,3,0,3
Naphur,3,0,3
Napier,0,3,3
Naples,3,0,3
Napoleão,3,0,3
Napoleaõ,3,0,3
Napoleonas,3,0,3
Napolino,3,0,3
Napolione,3,0,3
Napour,3,0,3
Nappie,3,0,3
Naqeeb,3,0,3
Naqia,0,3,3
Naqiah,0,3,3
Naqiba,0,3,3
Naqieb,0,3,3
Naqisha,0,3,3
Naqqaash,3,0,3
Naquela,0,3,3
Naqui,0,3,3
Naquille,3,0,3
Naquisha,0,3,3
Naquneshely,0,3,3
Nara-Neami,0,3,3
Nara-Romee,0,3,3
Naraa,0,3,3
Narabella,0,3,3
Narabest,0,3,3
Naracio,3,0,3
Naracziva,3,0,3
Nārad,3,0,3
Narada-Jax,3,0,3
Naradi,3,0,3
Naradie,0,3,3
Narado,3,0,3
Narae,0,3,3
Naraen,3,0,3
Naraha,3,0,3
Narahc,3,0,3
Narahy,0,3,3
Naraï,0,3,3
Naraicho,3,0,3
Naraiha,0,3,3
Naraijah,0,3,3
Narailies,0,3,3
Naraiman,0,3,3
Naraina,0,3,3
Naraio,3,0,3
Naraj,3,0,3
Naraja,0,3,3
Naramane,0,3,3
Naramata,0,3,3
Naramsen,3,0,3
Nãranandi,3,0,3
Narance,0,3,3
Narancya,0,3,3
Naranda,0,3,3
Naranja,0,3,3
Narano,3,0,3
Narany,0,3,3
Narapat,3,0,3
Nararya,0,3,3
Narasingha,3,0,3
Narasja,0,3,3
Narathip,3,0,3
Narawit,3,0,3
Narayah,0,3,3
Narayaï,3,0,3
Nārāyana,3,0,3
Narayandath,3,0,3
Narayen,3,0,3
Naraynidebie,0,3,3
Naraynio,3,0,3
Naraysa,0,3,3
Narayson,3,0,3
Narbedha,0,3,3
Narbeh,3,0,3
Narbella,0,3,3
Narbeyaz,0,3,3
Narbo,3,0,3
Narcasja,0,3,3
Narce,3,0,3
Narchanoem,0,3,3
Narchélo,3,0,3
Narches,0,3,3
Narcia,0,3,3
Narcicia,0,3,3
Narcicio,3,0,3
Narcilio,3,0,3
Narcís,3,0,3
Narcisah,0,3,3
Narciscus,3,0,3
Narcise,0,3,3
Narcisia,0,3,3
Narcissella,0,3,3
Narcissio,3,0,3
Narcisso,3,0,3
Narciz,0,3,3
Narcyza,0,3,3
Nardagül,0,3,3
Nardair,0,3,3
Nardalina,0,3,3
Nardalinne,0,3,3
Nardeen,0,3,3
Nardeley,0,3,3
Narden,0,3,3
Nardes,3,0,3
Nardeshe,0,3,3
Nardetty,0,3,3
Nardew,3,0,3
Nardieh,0,3,3
Nardil,3,0,3
Nardilla,0,3,3
Nardina-Elma,0,3,3
Nardini,0,3,3
Nardinne,0,3,3
Nardiny,0,3,3
Nardito,3,0,3
Nardius,3,0,3
Nardiya,0,3,3
Nardjarai,0,3,3
Nardje,3,0,3
Nardjes,0,3,3
Nardjisa,0,3,3
Nardoes,3,0,3
Nardon,3,0,3
Narduccio,3,0,3
Nardya,0,3,3
Nardyne,0,3,3
Narea,0,3,3
Narean,3,0,3
Nareau,3,0,3
Nareaux,3,0,3
Narédyo,3,0,3
Naree,0,3,3
Nareen,0,3,3
Nareesh,3,0,3
Nareeshai,0,3,3
Nareg,3,0,3
Nareh,0,3,3
Nareida,0,3,3
Nareini,0,3,3
Narejo,3,0,3
Narëk,3,0,3
Narelie,0,3,3
Narelis,0,3,3
Narèlle,0,3,3
Narelle-Jolie,0,3,3
Narely,0,3,3
Naremsy,3,0,3
Narena-Lynn,0,3,3
Narenderpersad,3,0,3
Narendradath,3,0,3
Narendrakumar,3,0,3
Narendran,3,0,3
Narendranath,3,0,3
Narendredev,3,0,3
Narendredew,3,0,3
Narene,0,3,3
Nareno,3,0,3
Narenshley,3,0,3
Naresa,0,3,3
Naresan,3,0,3
Naresch,3,0,3
Naresha,0,3,3
Nareshdath,3,0,3
Nareshdatt,3,0,3
Naresher,3,0,3
Nareshsingh,3,0,3
Naresj,3,0,3
Nareska,0,3,3
Naret,3,0,3
Narga,3,0,3
Nargees,0,3,3
Nargeza,0,3,3
Narghies,0,3,3
Narghis,0,3,3
Nargice,0,3,3
Nargies,0,3,3
Nargina,0,3,3
Narginnio,3,0,3
Nargisdevi,0,3,3
Nargishdebie,0,3,3
Nargishma,0,3,3
Nargisse,0,3,3
Narh,0,3,3
Nariah,0,3,3
Nariaij,3,0,3
Nariano,3,0,3
Nariay,3,0,3
Nariç,0,3,3
Narice,0,3,3
Narico,3,0,3
Narie,0,3,3
Nariem,3,0,3
Narien,0,3,3
Nariescha,0,3,3
Nariesha,0,3,3
Narijman,0,3,3
Narik,3,0,3
Narika,0,3,3
Nariko,0,3,3
Nariley,3,0,3
Narilus,0,3,3
Narimaan,0,3,3
Narimam,0,3,3
Narinah,0,3,3
Narindar,3,0,3
Narindera,3,0,3
Narinderdath,3,0,3
Narinderpersad,3,0,3
Narindershein,3,0,3
Narindersing,3,0,3
Narinderveer,3,0,3
Narindrakoemar,3,0,3
Narindrakumar,3,0,3
Narindraprakash,3,0,3
Narindredath,3,0,3
Narindrekumar,3,0,3
Narindrenath,3,0,3
Narinio,3,0,3
Narinja,0,3,3
Narinkumar,3,0,3
Narino,3,0,3
Narinshe,0,3,3
Narinsing,3,0,3
Narinya,0,3,3
Nariq,3,0,3
Naris,3,0,3
Narisch,3,0,3
Narish-Kumar,3,0,3
Narishkoemar,3,0,3
Narishma,0,3,3
Narisia,0,3,3
Narisjha,0,3,3
Narisscha,0,3,3
Narist,0,3,3
Nariva,0,3,3
Nariya,0,3,3
Nariyah,0,3,3
Nariyan,3,0,3
Narjada,0,3,3
Narjaelin,0,3,3
Narjanne,0,3,3
Narjas,0,3,3
Narjaynoël,3,0,3
Narjesse,0,3,3
Narjeyla,0,3,3
Narjise,0,3,3
Narjys,0,3,3
Narkenzo,3,0,3
Narkish,3,0,3
Narkiz,0,3,3
Narlawa,3,0,3
Narlian,0,3,3
Narlida,0,3,3
Narlinio,3,0,3
Narlison,3,0,3
Narmada,0,3,3
Narmas,3,0,3
Narmati,0,3,3
Narmendra,3,0,3
Narmer,3,0,3
Narmi,0,3,3
Narmiin,0,3,3
Narmila,0,3,3
Narmina,0,3,3
Narmine,0,3,3
Narmo,3,0,3
Narno,3,0,3
Naroah,0,3,3
Narobi,0,3,3
Narobie,3,0,3
Naroesha,0,3,3
Naroetcha,0,3,3
Narolian,3,0,3
Naron,0,3,3
Narône,0,3,3
Naroopa,0,3,3
Narottama,3,0,3
Narouche,0,3,3
Narousca,0,3,3
Naroush,3,0,3
Naroushel,0,3,3
Narqeez,0,3,3
Narquisha,0,3,3
Narrada,3,0,3
Narrelle,0,3,3
Narrie,3,0,3
Narrimaan,0,3,3
Narrinder,3,0,3
Narris,3,0,3
Narry,3,0,3
Narsay,3,0,3
Narsha,0,3,3
Narshadewie,0,3,3
Narshanon,3,0,3
Narshantelly,0,3,3
Narshentlyson,3,0,3
Narsiemha,3,0,3
Narsingha-Kishori,0,3,3
Narsis,0,3,3
Narsish,0,3,3
Narsissa,0,3,3
Narsista,0,3,3
Nartalie,0,3,3
Nartano,3,0,3
Nartey,3,0,3
Nartha,0,3,3
Nartine,0,3,3
Narubia,0,3,3
Naruhito,3,0,3
Narulita,0,3,3
Naruma,3,0,3
Narumi,0,3,3
Narûn,3,0,3
Naruo,3,0,3
Narus,3,0,3
Narushan,3,0,3
Narushma,0,3,3
Narvadha,0,3,3
Narval,0,3,3
Narvien,3,0,3
Narviènco,3,0,3
Narvina,0,3,3
Narvindre,3,0,3
Narvir,3,0,3
Narvison,3,0,3
Narwaka,3,0,3
Narwalraj,3,0,3
Narwan,3,0,3
Narwan-Moska,0,3,3
Narwien,3,0,3
Narwin,3,0,3
Narya,3,0,3
Naryamese,0,3,3
Naryan,0,3,3
Naryana,0,3,3
Narycha,0,3,3
Naryi,0,3,3
Narylson,3,0,3
Naryman,3,0,3
Naryn,0,3,3
Narysha,0,3,3
Narzihno,3,0,3
Narzis,0,3,3
Narzisch,0,3,3
Narziso,3,0,3
Nasaba,3,0,3
Nasaka,0,3,3
Nasalia,0,3,3
Nasamat,0,3,3
Nasan,3,0,3
Nasano,3,0,3
Nasarene,0,3,3
Nasarien,0,3,3
Nasário,3,0,3
Nasaron,3,0,3
Nasat,3,0,3
Nasately,0,3,3
Nasaya,0,3,3
Nasca,0,3,3
Nascendi,0,3,3
Naschayra,0,3,3
Naschirah,0,3,3
Naschra,0,3,3
Naschua,0,3,3
Naschueley,0,3,3
Naschwa,0,3,3
Naschwan,3,0,3
nascimento,0,3,3
Nascita,0,3,3
Nasco,3,0,3
Nasdia,0,3,3
Naseeb,3,0,3
Naseeba,0,3,3
Naseeban,0,3,3
Naseera,0,3,3
Nasef,0,3,3
Naseha,0,3,3
Naseigi,3,0,3
Naseira,0,3,3
Nasema,0,3,3
Naseneen,0,3,3
Našenka,0,3,3
Naseo,3,0,3
Naséra,0,3,3
Nasereddine,3,0,3
Naserian,0,3,3
Naserin,0,3,3
Naseya,0,3,3
Nashaat,3,0,3
Nashadmahad,0,3,3
Nashaën,0,3,3
Nashaimy,0,3,3
Nashainy,0,3,3
Nashaïra,0,3,3
Nashajra,0,3,3
Nashalica,0,3,3
Nashalinie,0,3,3
Nashan,3,0,3
Nashana,0,3,3
Nashantaly,0,3,3
Nashanteley,0,3,3
Nashanti,0,3,3
Nashantie,0,3,3
Nashantly,0,3,3
Nashar,3,0,3
Nasharaida,0,3,3
Nasharat,3,0,3
Nasharé,0,3,3
Nasharo,3,0,3
Nasharree,0,3,3
Nasharry,0,3,3
Nashauwn,3,0,3
Nashawna,0,3,3
Nashay,0,3,3
Nashayra,0,3,3
Nashayron,3,0,3
Nashdat,3,0,3
Nasheama,0,3,3
Nashean,3,0,3
Nashedy,0,3,3
Nasheeba,0,3,3
Nasheeda,0,3,3
Nasheem,3,0,3
Nasheema,0,3,3
Nashelly,0,3,3
Nashelse,3,0,3
Nashély,0,3,3
Nashendi,3,0,3
Nashendra,0,3,3
Nasheni,0,3,3
Nashenn,3,0,3
Nashentely,0,3,3
Nasheny,0,3,3
Nashernontie,0,3,3
Nasheyda,0,3,3
Nasheylie,0,3,3
Nashia,0,3,3
Nashiba,0,3,3
Nashiën,0,3,3
Nashietah,0,3,3
Nashifra,0,3,3
Nashika,0,3,3
Nashila,0,3,3
Nashilie,0,3,3
Nashinda,0,3,3
Nashipae,0,3,3
Nashipai,0,3,3
Nashiv,3,0,3
Nashiva,0,3,3
Nashja,0,3,3
Nashka,0,3,3
Nashla,0,3,3
Nashma,0,3,3
Nashmia,0,3,3
Nashmil,0,3,3
Nashmile,0,3,3
Nashmir,0,3,3
Nashon,3,0,3
Nashra,0,3,3
Nashren,0,3,3
Nashrien,0,3,3
Nashrina,0,3,3
Nashroél,3,0,3
Nashroellah,3,0,3
Nashrun,0,3,3
Nashta,0,3,3
Náshua,0,3,3
Nashuëley,0,3,3
Nashuëly,0,3,3
Nashuely,0,3,3
Nashur,3,0,3
Nashvilleya,0,3,3
Nashwak,0,3,3
Nashyra,0,3,3
Nashyro,3,0,3
Nasi,3,0,3
Násia,0,3,3
Nasiara,0,3,3
Nasibli,3,0,3
Naside,0,3,3
Naşide,0,3,3
Nasieba,0,3,3
Nasiebah,0,3,3
Nasieren,0,3,3
Nasierhussain,3,0,3
Nasierkhan,3,0,3
Nasıf,3,0,3
Nasife,0,3,3
Nasíha,0,3,3
Nasij,3,0,3
Naßila,0,3,3
Nasila,0,3,3
Nasimagatoen,0,3,3
Nasimah,0,3,3
Nasimali,3,0,3
Nasin,3,0,3
Nasina,0,3,3
Nasipah,0,3,3
Nasir-Ahmad,3,0,3
Nasiragatoen,0,3,3
Nasiralam,3,0,3
Nasiren,0,3,3
Nasiri,3,0,3
Nasiria,0,3,3
Nasiro,3,0,3
Nasiroediensha,3,0,3
Nasiruddin,3,0,3
Nasish,0,3,3
Naşit,3,0,3
Nasit,3,0,3
Nasiya,0,3,3
Nasiyah,0,3,3
Nasjat,0,3,3
Nasjm,3,0,3
Nasjura,0,3,3
Nask,0,3,3
Naskalina,0,3,3
Naske,0,3,3
Nasko,3,0,3
Nasla,0,3,3
Naslin,0,3,3
Nasly,0,3,3
Nasmanisa,0,3,3
Nasmaoen,0,3,3
Nasmya,0,3,3
Nasmyn,0,3,3
Nasneengatoen,0,3,3
Nasniem,0,3,3
Nasnien,0,3,3
Nasona,0,3,3
Nasos,3,0,3
Nasr-Allah,3,0,3
Nasr-Eddien,3,0,3
Nasraddien,3,0,3
Nasrah,0,3,3
Nasrain,0,3,3
Nasrana,0,3,3
Nasrdien,3,0,3
Nasrdinne,3,0,3
Nasreddien,3,0,3
Nasrèddien,3,0,3
Nasredeen,3,0,3
Nasredien,3,0,3
Nasreya,0,3,3
Nasrha,0,3,3
Nasrhallah,0,3,3
Nasri-dinne,3,0,3
Nasrine,0,3,3
Nasriyyah,0,3,3
Nasrodine,3,0,3
Nasroel,3,0,3
Nasroelahkhan,3,0,3
Nasroellah,3,0,3
Nasrolah,3,0,3
Nasruddin,3,0,3
Nasrudiin,3,0,3
Nasrula,3,0,3
Nasrya,0,3,3
Nassa,0,3,3
Nassaro,3,0,3
Nasse,3,0,3
Nasser-edinne,3,0,3
Nasséra,0,3,3
Nasseraddine,3,0,3
Nasserdien,3,0,3
Nasserdihne,3,0,3
Nasserdinne,3,0,3
Nasserian,0,3,3
Nasserine,0,3,3
Nasserkhan,3,0,3
Nassia,0,3,3
Nassibollah,3,0,3
Nassiera,0,3,3
Nassireddin,3,0,3
Nassirkhan,3,0,3
Nassita,0,3,3
Nassiya,0,3,3
Nassos,3,0,3
Nassou,0,3,3
Nassouma,0,3,3
Nassrdine,3,0,3
Nassredine,3,0,3
Nassrin,0,3,3
Nasstasja,0,3,3
Nassuna,0,3,3
Nassur,3,0,3
Nassy,3,0,3
Nastache,3,0,3
Nastalie,0,3,3
Nastalona,0,3,3
Nastansia,0,3,3
Nastasa,0,3,3
Nastase,0,3,3
Nastash,0,3,3
Nastasja-Kim,0,3,3
Nastassa,0,3,3
Nastasya,0,3,3
Nastaszia,0,3,3
Nastazia,0,3,3
Nastazio,3,0,3
Nastazja,0,3,3
Nasteeho,0,3,3
Nasteexa,0,3,3
Nastenca,0,3,3
Nasteno,0,3,3
Nasthasja,0,3,3
Nasthely,0,3,3
Nastjenjka,0,3,3
Nastouh,3,0,3
Nastro,3,0,3
Nasuha,3,0,3
Nasuhcan,3,0,3
Nasuier,0,3,3
Nasul,3,0,3
Nasunka,0,3,3
Nasvien,0,3,3
Nasville,0,3,3
Naszima,0,3,3
Naszira,0,3,3
Natacha-Bianca,0,3,3
Natachadeby,0,3,3
Natàcia,0,3,3
Natad,3,0,3
Natah,0,3,3
Natahel,3,0,3
Natahli,0,3,3
Natai,3,0,3
Nataira,0,3,3
Nataiyu,3,0,3
Nataizya,0,3,3
Nataja,0,3,3
Nataje,0,3,3
Natalé,0,3,3
Natalea,0,3,3
Natalem,0,3,3
Nataley,0,3,3
Natalha,0,3,3
Natalí,0,3,3
Natalía,0,3,3
Natàlia,0,3,3
Natalia-Karina,0,3,3
Natalia-Maria,0,3,3
Nâtalie,0,3,3
Natalie-Maria,0,3,3
Nataliena,0,3,3
Natalies,3,0,3
Natalij,0,3,3
Natalinia,0,3,3
Natalir,3,0,3
Natalisa,0,3,3
Natalisha,0,3,3
Natalius,3,0,3
Nataljo,3,0,3
Natálka,0,3,3
Natalle,0,3,3
Natallia,0,3,3
Nataluchka,0,3,3
Natalus,3,0,3
Nátaly,0,3,3
Nataly-Ann,0,3,3
Natalys,3,0,3
Natam,3,0,3
Natàn,3,0,3
Natana,3,0,3
Natanaèl,3,0,3
Natanaél,3,0,3
Natanchelo,3,0,3
Nataneäl,3,0,3
Nataneël,3,0,3
Natanella,0,3,3
Natangalie,0,3,3
Natangelo,3,0,3
Natangwe,3,0,3
Natanha,0,3,3
Natani,0,3,3
Natanie,0,3,3
Natanieël,3,0,3
Nataniëla,0,3,3
Nataniela,0,3,3
Nataniéla,0,3,3
Nataniëlle,0,3,3
Nataniëlo,3,0,3
Natanim,0,3,3
Natànja,0,3,3
Natanjäh,0,3,3
Natanjël,3,0,3
Natany,0,3,3
Natanz,3,0,3
Nataphon,3,0,3
Natapoen,3,0,3
Natapong,3,0,3
Nataporn,0,3,3
Natara,0,3,3
Nataradewi,0,3,3
Nataraja,3,0,3
Nataria,0,3,3
Nataro,3,0,3
Natasah,0,3,3
Natascha-Fiona,0,3,3
Natascha-Ilse,0,3,3
Natascheka,0,3,3
Natascya,0,3,3
Natashaly,0,3,3
Natashenka,0,3,3
Natashira,0,3,3
Natašja,0,3,3
Natasja-Diana,0,3,3
Natasja-Johanna,0,3,3
Natasjcha,0,3,3
Natassha,0,3,3
Nataşya,0,3,3
Natasyah,0,3,3
Nataszja,0,3,3
Natatcia,0,3,3
Natatscha,0,3,3
Natatsja,0,3,3
Natawijaya,3,0,3
Natawilaga,0,3,3
Nataylson,3,0,3
Natayro,3,0,3
Natazia,0,3,3
Natchanon,3,0,3
Natchariya,0,3,3
Natchez,3,0,3
Natchia,0,3,3
Natechel,3,0,3
Nateh,3,0,3
Natel,0,3,3
Natela,0,3,3
Natelië,0,3,3
Natelja,0,3,3
Natell,3,0,3
Natenael,3,0,3
Natéo,3,0,3
Nateo,3,0,3
Natercia,0,3,3
Naterçia,0,3,3
Natèrsia,0,3,3
Nateshkumar,3,0,3
Nateshwar,3,0,3
Natesjka,0,3,3
Nateska,0,3,3
Natevca,0,3,3
Nath,3,0,3
Nathachai,3,0,3
Nathael,3,0,3
Nathaen,3,0,3
Nathai,3,0,3
Nathalanus,3,0,3
Nathalaya,0,3,3
Nathalé,0,3,3
Nathalee,0,3,3
Nathalene,0,3,3
Nathalène,0,3,3
Nathalïa,0,3,3
Nathaliçia,0,3,3
Nàthalie,0,3,3
Nathalie-Anny,0,3,3
Nathalie-Carole,0,3,3
Nathalie-Chantal,0,3,3
Nathalie-Claire,0,3,3
Nathalie-Elisabeth-Gertrude,0,3,3
Nathalie-Frances,0,3,3
Nathalie-Louise,0,3,3
Nathalie-Marineke,0,3,3
Nathalie-Tamara,0,3,3
Nathaliejoeli,0,3,3
Nathaliël,3,0,3
Nathaliena,0,3,3
Nathaliesdochter,0,3,3
Nathalinda,0,3,3
Nathaline,0,3,3
Nathalino,3,0,3
Nathalion,3,0,3
Nathalique,0,3,3
Nathalitia,0,3,3
Nathalka,0,3,3
Nathalle,0,3,3
Nathallya,0,3,3
Nathaly-Jill,0,3,3
Nathaly-Natasja,0,3,3
Nathalye,0,3,3
Nathalyën,0,3,3
Nathamon,0,3,3
Nathàn,3,0,3
Nâthan,3,0,3
Nathan-Andrew,3,0,3
Nathan-Eric,3,0,3
Nathan-Jahmille,3,0,3
Nathan-Jan,3,0,3
Nathan-Jaye,3,0,3
Nathan-John,3,0,3
Nathan-Lee,3,0,3
Nathan-Louis,3,0,3
Nathan-Minh,3,0,3
Nathan-Nael,3,0,3
Nathan-Pheaktra,3,0,3
Nathan-Sid,3,0,3
Nathana,0,3,3
Nathanaél,3,0,3
Nathànaël,3,0,3
Nathańael,3,0,3
Nathânaël,3,0,3
Nathanaèl,3,0,3
Náthanaël,3,0,3
Nathanaēl,3,0,3
Nathánäel,3,0,3
Nathanaëla,0,3,3
Nathanaelle,0,3,3
Nathanaiel,3,0,3
Nathanèal,3,0,3
Nathaneël,3,0,3
Nathaneil,3,0,3
Nathanël,3,0,3
Nathanel,0,3,3
Nathanelia,0,3,3
Nathanella,0,3,3
Nathaniaël,3,0,3
Nathanie-Nerissa,0,3,3
Nathanieë,3,0,3
Nathaniėl,3,0,3
Nathäniel,3,0,3
Nathániël,3,0,3
Nathaniël-Bradley,3,0,3
Nathaniel-Jamal,3,0,3
Nathaniël-Ruben,3,0,3
Nathaniel-Tyrell,3,0,3
Nathaniela,0,3,3
Nathaniëla,0,3,3
Nathaniëll,3,0,3
Nathaniella,0,3,3
Nathaniën,3,0,3
Nathañilla,0,3,3
Nathanio,3,0,3
Nathanjel,3,0,3
Nathannia,0,3,3
Nathanniel,3,0,3
Nathanphon,3,0,3
Nathanuël,3,0,3
Nathanuel,3,0,3
Nathanyal,3,0,3
Nathanyell,3,0,3
Nathanysia,0,3,3
Nathapol,3,0,3
Natharie,0,3,3
Natharsa,0,3,3
Nathaschadevie,0,3,3
Nathashia,0,3,3
Nathasit,3,0,3
Nathàsja,0,3,3
Nathathida,0,3,3
Nathatia,0,3,3
Nathatina,0,3,3
Nathawijn,3,0,3
Nathawut,3,0,3
Nathayna,0,3,3
Nathdaniël,3,0,3
Nathea,0,3,3
Natheesha,0,3,3
Nathefka,0,3,3
Nathel,3,0,3
Nathelda,0,3,3
Natheley,0,3,3
Natheli,0,3,3
Nathenjel,3,0,3
Nathéo,3,0,3
Nathida,0,3,3
Nathiënne,3,0,3
Nathika,0,3,3
Nathilda,0,3,3
Nathilde,0,3,3
Nathildis,0,3,3
Nathilja,0,3,3
Nathillio,3,0,3
Nathima,0,3,3
Nathisa,3,0,3
Nathisja,0,3,3
Nathithaan,3,0,3
Nathiya,0,3,3
Nathja,0,3,3
Natho,3,0,3
Nathoeram,3,0,3
Nathraj,3,0,3
Nathus,3,0,3
Nathy,0,3,3
Nathya,0,3,3
Nati,3,0,3
Natice,0,3,3
Naticiano,3,0,3
Natída,0,3,3
Natide,0,3,3
Natiënne,0,3,3
Natiernalova,0,3,3
Natifa,0,3,3
Natifah-Cherrys,0,3,3
Natifita,0,3,3
Natijn,3,0,3
Natika,0,3,3
Natilda,0,3,3
Natile,0,3,3
Natili,0,3,3
Natiliano,3,0,3
Natimin,3,0,3
Natin,3,0,3
Natina,0,3,3
Natinale,3,0,3
Natine,0,3,3
Natinem,0,3,3
Natinja,0,3,3
Natis,3,0,3
Natischo,3,0,3
Natishia,0,3,3
Natisho,3,0,3
Natisja,0,3,3
Natisjah,0,3,3
Natitia,0,3,3
Natitsia,0,3,3
Nativity,0,3,3
Natiya,0,3,3
Natjana,0,3,3
Natjay,3,0,3
Natje,0,3,3
Natjéla,0,3,3
Natjezda,0,3,3
Natji,0,3,3
Natjiro,3,0,3
Natjuska,0,3,3
Natkai,0,3,3
Natkamon,3,0,3
Natkay,0,3,3
Natkie,0,3,3
Natko,3,0,3
Natley,0,3,3
Natma,0,3,3
Natnal,3,0,3
Natnaniel,3,0,3
Natnapith,0,3,3
Natni,3,0,3
Natniël,3,0,3
Natonietta,0,3,3
Natosha,0,3,3
Natoucha,0,3,3
Natouchka,0,3,3
Natouschka,0,3,3
Natphawat,3,0,3
Natradj,3,0,3
Natrah,0,3,3
Natress,0,3,3
Natron,3,0,3
Natrouschka,0,3,3
Natsasha,0,3,3
Natscha,0,3,3
Natsenet,0,3,3
Natseva,0,3,3
Natsjan,3,0,3
Natska,0,3,3
Natsuro,3,0,3
Náttacha,0,3,3
Nattalie,0,3,3
Nattaly,0,3,3
Nattan,3,0,3
Nattanicha,0,3,3
Nattaphon,3,0,3
Nattawut,3,0,3
Nattaya,0,3,3
Natthadeth,3,0,3
Natthakaan,3,0,3
Natthalina,0,3,3
Natthanapach,3,0,3
Natthanicha,0,3,3
Natthaphan,3,0,3
Natthaphon,3,0,3
Natthapon,3,0,3
Natthapong,3,0,3
Natthapoobet,3,0,3
Natthapoomin,3,0,3
Nattharinee,0,3,3
Nattharínie,0,3,3
Nattharubet,3,0,3
Natthawadee,0,3,3
Natthawiranuch,0,3,3
Natthorn,3,0,3
Natthy,0,3,3
Nattiwut,3,0,3
Natuk,0,3,3
Natunjah,0,3,3
Natural,0,3,3
Naturalse,0,3,3
Natuscha,0,3,3
Natushka,0,3,3
Natusja,0,3,3
Natusji,0,3,3
Natya,0,3,3
Natyana,0,3,3
Natyscha,0,3,3
Natysha,0,3,3
Natyshe,3,0,3
Natyssa,0,3,3
Natza,0,3,3
Natzenet,0,3,3
Naua,0,3,3
Nauad,0,3,3
Naúal,0,3,3
Naucé,3,0,3
Naudi,0,3,3
Naudien,0,3,3
Naudier,3,0,3
Naudrin,3,0,3
Naudt,3,0,3
Nauèshteny,0,3,3
Naufra,0,3,3
Nauhaila,0,3,3
Nauhayla,0,3,3
Nauhsad,3,0,3
Naúla,0,3,3
Naúm,3,0,3
Naumaan,3,0,3
Naumka,0,3,3
Naungayan,0,3,3
Nauraan,3,0,3
Naurah,0,3,3
Naurelene,0,3,3
Naurez,3,0,3
Nauri,3,0,3
Nauris,3,0,3
Naurius,3,0,3
Nauschtika,0,3,3
Nausha,3,0,3
Naushaadali,3,0,3
Naushad-Azmadali,3,0,3
Naushadalie,3,0,3
Naushai,3,0,3
Naushal,3,0,3
Nausheer,0,3,3
Naushein,0,3,3
Naushentley,3,0,3
Nausher,3,0,3
Nausherwan,3,0,3
Naushien,0,3,3
Nausicäa,0,3,3
Nausiká,0,3,3
Nausikāa,0,3,3
Nausikaa,0,3,3
Nauta,3,0,3
Nauthilus,3,0,3
Nauti,0,3,3
Nauwar,0,3,3
Nauwel,0,3,3
Nauwsad,3,0,3
Nauwshaad,3,0,3
Nauwshad,3,0,3
Nauwzad,0,3,3
Nauzaad,3,0,3
Nauzard,3,0,3
Nauzjien,3,0,3
Nav,3,0,3
Navá,0,3,3
Nava-Mae,0,3,3
Navaeh,0,3,3
Navai,0,3,3
Navaijho,3,0,3
Navairro,3,0,3
Navajó,3,0,3
Navajoh,3,0,3
Navál,3,0,3
Navalis,3,0,3
Navaliyah,0,3,3
Navaljé,3,0,3
Navallo,3,0,3
Navalpreet,3,0,3
Navan,3,0,3
Navanah,0,3,3
Navaneethan,3,0,3
Navani,0,3,3
Navania,0,3,3
Navano,3,0,3
Navantika,0,3,3
Navany,0,3,3
Navar,3,0,3
Navarah,0,3,3
Navare,3,0,3
Navarel,3,0,3
Navarelda,0,3,3
Navaria,0,3,3
Naváro,3,0,3
Navarobiny,0,3,3
Navaron,3,0,3
Navarône,3,0,3
Navarônè,3,0,3
Navaronne,3,0,3
Navarria,0,3,3
Navarroné,3,0,3
Navarrone,3,0,3
Navarun,3,0,3
Navaryo,3,0,3
Navashen,3,0,3
Navayléa,0,3,3
Navd,3,0,3
Navda,0,3,3
Navdar,3,0,3
Navdeepsingh,3,0,3
Navé,0,3,3
Naved,3,0,3
Naveer,3,0,3
Navéh,0,3,3
Navelie,0,3,3
Navencio,3,0,3
Navender,3,0,3
Naveni,0,3,3
Navensya,0,3,3
Naveshka,0,3,3
Navette,0,3,3
Naveya,0,3,3
Navhajo,3,0,3
Navheli,0,3,3
Návi,3,0,3
Nàvi-Kaii,3,0,3
Navi-Yar,3,0,3
Naviaaz,3,0,3
Naviano,3,0,3
Navianttely,0,3,3
Navickas,3,0,3
Navíd,3,0,3
Navidad,0,3,3
Navideep,3,0,3
Navideña,0,3,3
Navideno,3,0,3
Naviëd,3,0,3
Naviëda,0,3,3
Naviendely,0,3,3
Naviënska,0,3,3
Naviėr,3,0,3
Naviesa,0,3,3
Navieza,0,3,3
Naviezagatoen,0,3,3
Navilio,3,0,3
Naville,3,0,3
Navilsio,3,0,3
Navîn,3,0,3
Navin-Anand,3,0,3
Navinah,0,3,3
Navinderdath,3,0,3
Navindra,3,0,3
Navindrasingh,3,0,3
Navindrenath,3,0,3
Navindrepersad,3,0,3
Navíno,3,0,3
Navinperkash,3,0,3
Navinpersad,3,0,3
Navinsingh,3,0,3
Naviola,0,3,3
Navira,0,3,3
Navirin,3,0,3
Navischa,0,3,3
Navise,0,3,3
Navish,3,0,3
Navishagatoen,0,3,3
Navishan,3,0,3
Navissa,0,3,3
Navitha,0,3,3
Navito,3,0,3
Naviva,0,3,3
Navizagatoen,0,3,3
Navjeet,0,3,3
Navjinder,3,0,3
Navjivan,3,0,3
Navjotsingh,3,0,3
Navkiran,0,3,3
Navkomal,0,3,3
Navleendeep,0,3,3
Navlyn,0,3,3
Navmi,0,3,3
Navnidhi,0,3,3
Navnoor,3,0,3
Navona,0,3,3
Navot,0,3,3
Navreet,0,3,3
Navrit,0,3,3
Navron,3,0,3
Navsika,0,3,3
Navsimar,0,3,3
Navtal,3,0,3
Navváb,0,3,3
Navvaro,3,0,3
Navy'Vadius,3,0,3
Navy-Isaiah,3,0,3
Navyan,0,3,3
Navyd,3,0,3
Navyrell,3,0,3
Nawaar,0,3,3
Nawaas,3,0,3
Nawaaziesj,3,0,3
Nawab-Alie,3,0,3
Nawad,0,3,3
Nawaid,3,0,3
Nawaii,0,3,3
Näwal,0,3,3
Nawaley,0,3,3
Nawang,0,3,3
Nawapon,3,0,3
Nawas,0,3,3
Nawasse,3,0,3
Nawawi,0,3,3
Nawayata,0,3,3
Nawazkhan,3,0,3
Nawchetan,3,0,3
Nawé,3,0,3
Nawech,0,3,3
Nawed,3,0,3
Naweedullah,3,0,3
Naweemi,0,3,3
Nawele,0,3,3
Nawelkisoor,3,0,3
Nawelle,0,3,3
Nawesh,3,0,3
Naweza,0,3,3
Nawezi,3,0,3
Nawida,0,3,3
Nawieda,0,3,3
Nawiëlla,0,3,3
Nawiella,0,3,3
Nawien-Kumar,3,0,3
Nawiendew,3,0,3
Nawienkoemar,3,0,3
Nawienkumar,3,0,3
Nawiesh,3,0,3
Nawieta,0,3,3
Nawiez,3,0,3
Nawijd,3,0,3
Nawil,3,0,3
Nawinadewi,0,3,3
Nawinda,0,3,3
Nawindre,3,0,3
Nawinh,3,0,3
Nawinkoemar,3,0,3
Nawinkumar,3,0,3
Nawinta,3,0,3
Nawira,0,3,3
Nawishan,3,0,3
Nawishca,0,3,3
Nawithan,3,0,3
Nawjot,0,3,3
Nawlien,0,3,3
Nawoddya,3,0,3
Nawpatti,0,3,3
Nawprisca,0,3,3
Nawrata-Devie,0,3,3
Nawres,3,0,3
Nawrikrika,0,3,3
Nawrouz,3,0,3
Nawroz,3,0,3
Nawrun,3,0,3
Nawsad,3,0,3
Nawwab,3,0,3
Nawwar,3,0,3
Nawyan,3,0,3
Nawzin,0,3,3
Nawzt,3,0,3
Naxhia,0,3,3
Naxilis,0,3,3
Naxio,3,0,3
Naxos,3,0,3
Nay-Jaeley,0,3,3
Nay-Omi,0,3,3
Nay-Shanteley,0,3,3
Nay-Sharony,0,3,3
Naya'lee,0,3,3
Nayaan,3,0,3
Nayaaz,3,0,3
Nayada,0,3,3
Nayade,0,3,3
Nayaeno,3,0,3
Nayah-Rose,0,3,3
Nayahani,0,3,3
Nayahra,0,3,3
Nayaily,0,3,3
Nayairo,3,0,3
Nayala,0,3,3
Nayamani,0,3,3
Nayamka,0,3,3
Nayána,0,3,3
Nayanā,0,3,3
Nayand,3,0,3
Nayandro,3,0,3
Nayanka,0,3,3
Nayanna,0,3,3
Nayanne,0,3,3
Nayantika,0,3,3
Nayantrie,0,3,3
Nayantsingh,3,0,3
Nayaragatoen,0,3,3
Nayarit,0,3,3
Nayaro-Danil,3,0,3
Naybe,0,3,3
Nayber,3,0,3
Naychara,0,3,3
Naychelaine,0,3,3
Naychelene,0,3,3
Naychella,0,3,3
Naychelrone,3,0,3
Naychend,3,0,3
Nayd,3,0,3
Naydell,0,3,3
Naydielo,3,0,3
Naydine,0,3,3
Naydjell,3,0,3
Naye'li,0,3,3
Nayeahli,0,3,3
Nayedi,0,3,3
Nayee-Amira,0,3,3
Nayeebha,0,3,3
Nayeeh,0,3,3
Nayeeli,0,3,3
Nayeilis,0,3,3
Nayeilli,0,3,3
Nayein,0,3,3
Nayeiro,3,0,3
Nayëla,0,3,3
Nayelee,0,3,3
Nayéley,0,3,3
Nayelí,0,3,3
Nayeli-Joy,0,3,3
Nayeli-Mikaylah,0,3,3
Nayeli-Solènn,0,3,3
Nayelica,0,3,3
Nayelie,0,3,3
Nayelis,0,3,3
Nayèll,0,3,3
Nayell,3,0,3
Nayella,0,3,3
Nayelmerley,0,3,3
Nayelys,0,3,3
Nayën,0,3,3
Nayèna,0,3,3
Nayendra,3,0,3
Nayene,0,3,3
Nayenna,0,3,3
Nayenne,0,3,3
Nayente,0,3,3
Nayerah,0,3,3
Nayére,0,3,3
Nayeri,0,3,3
Nayese,0,3,3
Naygano,3,0,3
Naygel,3,0,3
Naygelica,0,3,3
Naygen,3,0,3
Naygenn-Ruminey,3,0,3
Nayger,3,0,3
Nayida,0,3,3
Nayiem,3,0,3
Nayif,3,0,3
Nayiga,0,3,3
Nayik,3,0,3
Nayile,0,3,3
Nayilino,3,0,3
Nayinghi,0,3,3
Nayira-Kéyla,0,3,3
Nayísha,0,3,3
Nayishamarie,0,3,3
Nayita,0,3,3
Nayjal,3,0,3
Nayl,3,0,3
Nayla-Jenell,0,3,3
Nayla-Skye,0,3,3
Naylaa,0,3,3
Naylae,0,3,3
Nayláh,0,3,3
Naylah-laël,0,3,3
Naylana,0,3,3
Naylancka,0,3,3
Nayleah,0,3,3
Naylee,0,3,3
Nayleth,0,3,3
Naylicia,0,3,3
Naylina,0,3,3
Naylishea-Amayah,0,3,3
Naylsa,0,3,3
Naymar,3,0,3
Nayme,0,3,3
Naymea,0,3,3
Naymill,3,0,3
Naymolien,0,3,3
Nayna-Dewi,0,3,3
Naynah,0,3,3
Naynanuri,0,3,3
Nayoani,0,3,3
Nayohla,0,3,3
Nayoka,0,3,3
Nayokani,0,3,3
Nayol,0,3,3
Naýomi,0,3,3
Nayonga,0,3,3
Nayonika,0,3,3
Nayoreli,0,3,3
Nayori,3,0,3
Nayoro,3,0,3
Nayoshenny,0,3,3
Nayota,0,3,3
Nayoung,0,3,3
Nayram,0,3,3
Nayran,3,0,3
Nayrano,3,0,3
Nayranoor,0,3,3
Nayratu,0,3,3
Nayree,0,3,3
Nayren,3,0,3
Nayreön,3,0,3
Nayrha,0,3,3
Nayric,3,0,3
Nayrin,0,3,3
Nayrinshemar,0,3,3
Nayrobi,0,3,3
Nayrom,3,0,3
Nayromi,0,3,3
Nayromie,0,3,3
Nayrone,0,3,3
Nayroze,0,3,3
Nayrren,0,3,3
Nayruun,3,0,3
Nayruus,0,3,3
Naysanique,0,3,3
Naysen,3,0,3
Nayshayra,0,3,3
Nayshel,3,0,3
Naysheline,0,3,3
Nayshelmar,3,0,3
Nayson,3,0,3
Naytan,3,0,3
Naythan-lávell,3,0,3
Naythen,3,0,3
Nayton,3,0,3
Nayumi,0,3,3
Nayur,3,0,3
Nayvairo,3,0,3
Nayvani,0,3,3
Nayven,3,0,3
Nayverick,3,0,3
Nayvia-Li,0,3,3
Nayviën,3,0,3
Nayvinho,3,0,3
Nayyab,0,3,3
Nayyara,0,3,3
Nayyirih,0,3,3
Nayzoti,0,3,3
Nazaaha,0,3,3
Nazaal,0,3,3
Nazaar,0,3,3
Nazabu,0,3,3
Nazaëre,0,3,3
Nazäerio,3,0,3
Nazahree,3,0,3
Nazahya,3,0,3
Nazakat,3,0,3
Nazaket,0,3,3
Nazal,0,3,3
Nazaleen,0,3,3
Nazalia,0,3,3
Nazaline,0,3,3
Nazama,0,3,3
Nazani,0,3,3
Nazanin-mitra,0,3,3
Nazanina,0,3,3
Nazanine,0,3,3
Nazanyn,0,3,3
Nazara,0,3,3
Nazaralie,3,0,3
Nazare,0,3,3
Nazarea,0,3,3
Nazaree,0,3,3
Nazarèè,3,0,3
Nazarena,0,3,3
Nazareño,3,0,3
Nazaréo,3,0,3
Nazaret,3,0,3
Nazarias,3,0,3
Nazarin,0,3,3
Nazarine,0,3,3
Nazärio,3,0,3
Nazariwet,0,3,3
Nazaro,3,0,3
Nazart,3,0,3
Nazary,3,0,3
Názaryo,3,0,3
Nazatulla,3,0,3
Nazayah,3,0,3
Nazbanoo,0,3,3
Nazda,0,3,3
Nazdaar,0,3,3
Nazdana,0,3,3
Nazeban,0,3,3
Nazebeen,0,3,3
Nazeeha,0,3,3
Nazeela,0,3,3
Nazeem,3,0,3
Nazeemagatoen,0,3,3
Nazeena,0,3,3
Nazeerah,0,3,3
Nazeerali,3,0,3
Nazeeyah,0,3,3
Nazeja,0,3,3
Nazela,0,3,3
Nazelene,0,3,3
Nazelien,0,3,3
Nazelli,0,3,3
Nazelmas,0,3,3
Nazem,3,0,3
Nazemah,0,3,3
Nazender,0,3,3
Nazeneen,0,3,3
Nazera,0,3,3
Nazerah,0,3,3
Nazeré,3,0,3
Nazeri,3,0,3
Nazerin,0,3,3
Nazerine,0,3,3
Nazerkhan,3,0,3
Nazeus,3,0,3
Nazeya,0,3,3
Nazhany,0,3,3
Nazharaé,3,0,3
Nazhario,3,0,3
Nazhir,3,0,3
Nazhira,0,3,3
Nazhym,3,0,3
Nazi,0,3,3
Naziah,0,3,3
Naziancena,0,3,3
Nazianceno,3,0,3
Nazianischa,0,3,3
Nazib,3,0,3
Nazida,0,3,3
Nazieba,0,3,3
Naziefullah,3,0,3
Nazieha,0,3,3
Nazierahgatoen,0,3,3
Nazierali,3,0,3
Nazieren,0,3,3
Nazieroel,3,0,3
Naziëtte,0,3,3
Naziga,0,3,3
Nazigum,0,3,3
Nazihra,0,3,3
Nazil,3,0,3
Nazileen,0,3,3
Nazilla,0,3,3
Nâzım,3,0,3
Nazïm,3,0,3
Nazimah,0,3,3
Nazina,0,3,3
Nâzir,3,0,3
Nazïr,3,0,3
Naziralie,3,0,3
Naziroh,3,0,3
Nazirollah,3,0,3
Nazirra,0,3,3
Nazirullah,3,0,3
Nazita,0,3,3
Naziyet,0,3,3
Naziyh,3,0,3
Nazja,0,3,3
Nazjet,0,3,3
Nazjiba,0,3,3
Nazjr,3,0,3
Nazk,0,3,3
Nazla,0,3,3
Nazlaa,0,3,3
Nazlak,0,3,3
Nazlan,0,3,3
Nazleen,0,3,3
Nazlı-Gül,0,3,3
Nazli-Han,0,3,3
Nazlı-Nisa,0,3,3
Nazlien,0,3,3
Nazligul,0,3,3
Nazlıhan,0,3,3
Nazlıi,0,3,3
Nazlije,0,3,3
Nazlim,0,3,3
Nazlım,0,3,3
Nazlinur,0,3,3
Nazmayro,3,0,3
Nazmeen,0,3,3
Nazmican,3,0,3
Nazmieje,0,3,3
Nazmige,0,3,3
Nazmina,0,3,3
Nazmiyya,0,3,3
Nazmoelghanem,0,3,3
Nazmoenisa,0,3,3
Nazmoon,0,3,3
Nazmul,3,0,3
Nazmun,0,3,3
Naznet,0,3,3
Nazomi,0,3,3
Nazperi,0,3,3
Nazragatoen,0,3,3
Nazrah,0,3,3
Nazrahna,0,3,3
Nazreenbano,0,3,3
Nazret,0,3,3
Nazriengatoen,0,3,3
Nazrina,0,3,3
Nazroel,3,0,3
Nazroullah,3,0,3
Nazük,0,3,3
Nazul,3,0,3
Nazyar,0,3,3
Názyia,0,3,3
Nazzal,3,0,3
Nazzan,0,3,3
Nazzanien,0,3,3
Nazzaro,3,0,3
Nazzer,3,0,3
Nazzia,0,3,3
Nazzir,3,0,3
Nađayli,0,3,3
Nba,0,3,3
Nbalabang,0,3,3
Nbaring,3,0,3
Nbenzeo,3,0,3
Nbeu,3,0,3
Nbraasalhak,3,0,3
Nbrovsky,3,0,3
Nbundo,3,0,3
NCGM,0,3,3
Nchang,0,3,3
Nchangsi,0,3,3
Ncharré,3,0,3
Nchedochukwu,0,3,3
Nchedomchi,0,3,3
Nchee,3,0,3
Nchenge,0,3,3
Ncheta,0,3,3
Nchirah,0,3,3
Nchung,3,0,3
Ncuti,3,0,3
Nda,3,0,3
Ndagha,3,0,3
Ndah,3,0,3
Ndai,3,0,3
Ndaie,3,0,3
Ndangani,0,3,3
Ndanu,0,3,3
Ndawwa,0,3,3
Ndayikeje,3,0,3
Ndeberum,3,0,3
Ndede,3,0,3
Ndefi,3,0,3
Ndeh,3,0,3
Ndela,0,3,3
Ndella,0,3,3
Ndembo,3,0,3
Nderim,3,0,3
Ndesario,3,0,3
Ndeyanka,3,0,3
Ndéye,0,3,3
Ndiansay,0,3,3
Ndiba,0,3,3
Ndichu,3,0,3
Ndicke,0,3,3
Ndickou,0,3,3
Ndidan,3,0,3
Ndidika,0,3,3
Ndila,0,3,3
Ndinda,3,0,3
Ndinge,0,3,3
Ndiogou,3,0,3
Ndirangu,3,0,3
Ndirika,0,3,3
Ndiwu,0,3,3
Ndizihiwe,3,0,3
Ndjiki,0,3,3
Ndo,3,0,3
Ndoba,3,0,3
Ndofé,3,0,3
Ndofula,3,0,3
Ndolo,0,3,3
Ndombele,3,0,3
Ndombosi,3,0,3
Ndong,3,0,3
Ndongala,3,0,3
Ndongalasiya,3,0,3
Ndriqim,3,0,3
Ndua,3,0,3
Ndubisi,3,0,3
Ndubueze,3,0,3
Ndudi,3,0,3
Ndue,3,0,3
Ndugu,3,0,3
Nduiki,3,0,3
Ndukaku,3,0,3
Ndukwe,3,0,3
Ndum,0,3,3
Nduma,0,3,3
Ndumiso,0,3,3
Ndumo,3,0,3
Nduna,3,0,3
Ndungu,3,0,3
Ndusabe,0,3,3
Ndwoa,0,3,3
Ndzimbou,0,3,3
Ne'ila,0,3,3
Ne'jaylia,0,3,3
Ne'mat,0,3,3
Ne'Shawn,3,0,3
Ne-Amy,0,3,3
Ne-Keisha,0,3,3
Né-shawn,3,0,3
Ne-yadey,0,3,3
Ne-Yaito,3,0,3
Ne-yo,3,0,3
Nèa-Kayleigh,0,3,3
Nëa-Rose,0,3,3
Neaera,0,3,3
Neafertiti,0,3,3
Neagel,3,0,3
Néah,0,3,3
Neai,0,3,3
Neajülainey,0,3,3
Neal-Jim,3,0,3
Néala,0,3,3
Nealah,0,3,3
Nealam-Santino,3,0,3
Nealan,3,0,3
Neale,3,0,3
Nealeila,0,3,3
Nealem,0,3,3
Neali,0,3,3
Néalie,0,3,3
Nealish,3,0,3
Nealkant,3,0,3
Néall,3,0,3
Nealo,3,0,3
Nealrij,0,3,3
Nealsja,0,3,3
Nealson,3,0,3
Nealtsje,0,3,3
Nealysha,0,3,3
Neam,3,0,3
Néam,3,0,3
Neamat,0,3,3
Néamh,3,0,3
Neanca,0,3,3
Neandra,0,3,3
Neang,0,3,3
Neanka,0,3,3
Neanke-Tessa,0,3,3
Neann,0,3,3
Neanu,3,0,3
Neaomy,0,3,3
Néara,0,3,3
Nearah,0,3,3
Néarah-Lois,0,3,3
Nearmal,3,0,3
Nearra,0,3,3
Neartske,0,3,3
Neas-Ali,3,0,3
Neasa,0,3,3
Neased,3,0,3
Neauva,0,3,3
Neauvell,0,3,3
Neavhy,0,3,3
Neavia,0,3,3
Neavido,3,0,3
Neavurtish,0,3,3
Neavy,3,0,3
Neayana,0,3,3
Neayano,3,0,3
Neaydin,3,0,3
Neayo'Marra,0,3,3
Nebaa,0,3,3
Nebayi,3,0,3
Nebbè,0,3,3
Nebeela,0,3,3
Neberay,0,3,3
Nebeyat,0,3,3
Nebia,0,3,3
Nebiat,3,0,3
Nebih,3,0,3
Nebiha,0,3,3
Nebihakan,3,0,3
Nebijt,0,3,3
Nebil-Khan,3,0,3
Nebila,0,3,3
Nebilla,0,3,3
Nebio,3,0,3
Nebiu,3,0,3
Nebiy,3,0,3
Nebiyou,3,0,3
Nebiyre,0,3,3
Nebo,3,0,3
Nebocha,3,0,3
Neboicha,3,0,3
Nebojŝa,3,0,3
Nebojsa,3,0,3
Nebojśa,3,0,3
Nebojsha,3,0,3
Nebouhawa,0,3,3
Neboyscha,3,0,3
Nebraas,3,0,3
Nebraz,0,3,3
Nebri,0,3,3
Nebrid,0,3,3
Nebthet,0,3,3
Nebue,3,0,3
Neby,3,0,3
Necad,3,0,3
Necaittin,3,0,3
Necaro,3,0,3
Neçat,3,0,3
Neçate,3,0,3
Necatin,3,0,3
Neçef,3,0,3
Necerita,0,3,3
Necet,3,0,3
Nechaira,0,3,3
Nechele,0,3,3
Nechella,0,3,3
Nechemiyah,3,0,3
Nechemyah,3,0,3
Necherwan,3,0,3
Nechet,0,3,3
Nechien,0,3,3
Nechiketa,3,0,3
Nechirvan,3,0,3
Nechirwan,3,0,3
Necho,3,0,3
Nechomo,0,3,3
Nechta,0,3,3
Nechwa,3,0,3
Neci,0,3,3
Necia,0,3,3
Necibiye,0,3,3
Necifra,0,3,3
Necim,3,0,3
Necio,3,0,3
Neçip,3,0,3
Necipullah,3,0,3
Necitadena,0,3,3
Neciya,0,3,3
Neclä,0,3,3
Necm,3,0,3
Necmetdin,3,0,3
Necmetin,3,0,3
Neçmettin,3,0,3
Neçmi,3,0,3
Necmiddin,3,0,3
Necmije,0,3,3
Necmittin,3,0,3
Neco,3,0,3
Necole,0,3,3
Nectard,3,0,3
Nectarina,0,3,3
Nectarios,3,0,3
Neculae,3,0,3
Neczla,0,3,3
Nedae,0,3,3
Nedalco,3,0,3
Nedavah,0,3,3
Nedaylia,0,3,3
Nedcureli,0,3,3
Neddah,0,3,3
Nèddar,3,0,3
Nedde,0,3,3
Nedea,0,3,3
Nedejdea,0,3,3
Nedeljka,0,3,3
Nedelka,0,3,3
Nedelkja,0,3,3
Nedelko,3,0,3
Nedell,3,0,3
Nedely,3,0,3
Néden,3,0,3
Nèden,0,3,3
Nederlinda,0,3,3
Nedersha,0,3,3
Nédhélya,0,3,3
Nedhin,3,0,3
Nèdia,0,3,3
Nédia,0,3,3
Nediar,3,0,3
Nediatha,0,3,3
Nedielaine,0,3,3
Nédiem,3,0,3
Nedien,0,3,3
Nedima,0,3,3
Nedimhan,3,0,3
Nedinha,0,3,3
Nediniya,0,3,3
Nediret,0,3,3
Nedivah,0,3,3
Nédjah,0,3,3
Nedjef,3,0,3
Nédjélene,0,3,3
Nedjeljko,3,0,3
Nedjelko,3,0,3
Nedjida,0,3,3
Nédjó,3,0,3
Nédjoe,3,0,3
Nedjuw,3,0,3
Nedjwa,0,3,3
Nedjy,3,0,3
Nedlira,0,3,3
Nedmija,0,3,3
Nednapha,0,3,3
Nedo,3,0,3
Nedphil,3,0,3
Nedret,3,0,3
Nedsia,3,0,3
Nedthesh,3,0,3
Nedu,3,0,3
Nedum,0,3,3
Neduska,0,3,3
Nedville,3,0,3
Nedwha,0,3,3
Nedy,0,3,3
Nedžat,3,0,3
Nedžib,3,0,3
Nedzib,3,0,3
Nedzjla,0,3,3
Nedzmedin,3,0,3
Nedžmija,0,3,3
Neechie,3,0,3
Neeguaye,3,0,3
Neeka,0,3,3
Neekayla,0,3,3
Neekchand,3,0,3
Neekie,0,3,3
Neel-Tine,0,3,3
Neelah-Zoé,0,3,3
Neelahn,0,3,3
Neelamsari,0,3,3
Neelani,0,3,3
Neelanjana,0,3,3
Neelano,3,0,3
Neelbertha,0,3,3
Neeldert-Jan,3,0,3
Neele-Fien,0,3,3
Neelebetje,0,3,3
Neeleema,0,3,3
Neeleny,0,3,3
Neelepher,0,3,3
Neeles,3,0,3
Neelesch,3,0,3
Neeleswar,3,0,3
Neelianne,0,3,3
Neelida,0,3,3
Neeliene,0,3,3
Neelima,0,3,3
Neelinke,0,3,3
Neelinus,3,0,3
Neelisa,0,3,3
Neelise,0,3,3
Neelish,3,0,3
Neelisha,0,3,3
Neelita,0,3,3
Neeliz,3,0,3
Neelkan,3,0,3
Neelkant,3,0,3
Neelko,3,0,3
Neell,3,0,3
Neellamieke,0,3,3
Neellène,0,3,3
Neelles,3,0,3
Neellie,0,3,3
Neellisa,3,0,3
Neelmadebi,0,3,3
Neelofer,0,3,3
Neelske,0,3,3
Neelson,3,0,3
Neelt,3,0,3
Neeltien,0,3,3
Neeltine,0,3,3
Neeltinus,3,0,3
Neeltje-Anja,0,3,3
Neeltje-Hendrika,0,3,3
Neeltje-Janna,0,3,3
Neeltje-Jans,0,3,3
Neeltje-Merijn,0,3,3
Neeltje-Noëlle,0,3,3
Neeltjejans,0,3,3
Neeltjes,0,3,3
Neeltus,3,0,3
Neelufar,0,3,3
Neely-An,0,3,3
Neelyne,0,3,3
Neëma,0,3,3
Neemi,0,3,3
Neëmia,3,0,3
Neemwati,0,3,3
Neenda,0,3,3
Nèènè,0,3,3
Neenke,0,3,3
Neëomi,0,3,3
Neer,3,0,3
Neera,0,3,3
Neeraadj,3,0,3
Neeradjkumar,3,0,3
Neerah,0,3,3
Neeraja,0,3,3
Neerajraaj,3,0,3
Neerali,0,3,3
Neerav,3,0,3
Neere,3,0,3
Neeren,3,0,3
Neerina,0,3,3
Neerindra,3,0,3
Neeriya,0,3,3
Neerjara,0,3,3
Neermalawatie,0,3,3
Neeshadevi,0,3,3
Neeshanthan,3,0,3
Neeson,3,0,3
Neetendra,3,0,3
Neetiananda,3,0,3
Neetine,3,0,3
Neetish,3,0,3
Neetje,0,3,3
Neetsie,0,3,3
Neéva,0,3,3
Neevia,0,3,3
Neeyash,3,0,3
Neeyya,0,3,3
Neezam,3,0,3
Neezar,3,0,3
Nefaarud,3,0,3
Nefaé,0,3,3
Nefana,0,3,3
Nefayah,0,3,3
Nèfèli,0,3,3
Neféli,0,3,3
Nefelli,0,3,3
Nefèr,0,3,3
Néfèr,3,0,3
Nefèreti,0,3,3
Neferititi,0,3,3
Neferoe,0,3,3
Nefertara,0,3,3
Neferté,0,3,3
Neferteri,0,3,3
Nefertéte,0,3,3
Neferthete,0,3,3
Nefertine,0,3,3
Nefertiri,0,3,3
Nefesh,3,0,3
Nefetairy,0,3,3
Nefetiri,0,3,3
Nefferty,0,3,3
Neffevereti,0,3,3
Nefflaniyo,3,0,3
Nefi,3,0,3
Nefidesu,0,3,3
Nefie,0,3,3
Nefiesa,0,3,3
Nefiije,0,3,3
Nefin,0,3,3
Nefina,0,3,3
Nefise-Yildiz,0,3,3
Nefised,0,3,3
Néfissa,0,3,3
Nefiya,0,3,3
Neflin,3,0,3
Neflon,3,0,3
Nefretèrie,0,3,3
Nefri,3,0,3
Nefrytatanen,0,3,3
Nefsen,0,3,3
Neftalem,3,0,3
Neftalí,3,0,3
Néftali,0,3,3
Neftály,0,3,3
Neftara,0,3,3
Neftely,0,3,3
Nefthalie,0,3,3
Nefthalim,3,0,3
Nefthaly-Dorcas,0,3,3
Nefti,0,3,3
Nefya,0,3,3
Negaar,0,3,3
Negaiën,3,0,3
Negaisio,3,0,3
Negana,3,0,3
Negasch,3,0,3
Negasty,0,3,3
Negatu,3,0,3
Negawet,0,3,3
Negede,3,0,3
Negeen,0,3,3
Negeeya,0,3,3
Negeeye,0,3,3
Negein,0,3,3
Negesstie,0,3,3
Negeusti,0,3,3
Negey,3,0,3
Negha,0,3,3
Neghah,0,3,3
Néghesti,0,3,3
Neghien,0,3,3
Negi,3,0,3
Negihan,0,3,3
Negisa,0,3,3
Negissa,0,3,3
Neglisa,0,3,3
Negoe,3,0,3
Negos,3,0,3
Negoslava,0,3,3
Negrão,0,3,3
Negravelipa,0,3,3
Neguetin,3,0,3
Negussie,3,0,3
Neguyan,3,0,3
Nehaal,0,3,3
Nehabiël,3,0,3
Nehaemia,0,3,3
Nehajesh,0,3,3
Nehalenia,0,3,3
Néhalennia,0,3,3
Nehali,0,3,3
Nehalina,0,3,3
Néhamia,0,3,3
Nehandra,0,3,3
Nehar,0,3,3
Nehas,3,0,3
Nehat,3,0,3
Nehbahat,0,3,3
Nehdia,0,3,3
Nehea,0,3,3
Nehedia,0,3,3
Nehem,3,0,3
Nehéma,0,3,3
Nehemey,0,3,3
Nehemeyah,0,3,3
Nehemiah-Joseph,3,0,3
Nehemianne,3,0,3
Nehemías,3,0,3
Nehemija,3,0,3
Nehemiya,0,3,3
Nehemiyah,3,0,3
Nehemmy,0,3,3
Nehemy,3,0,3
Nehgima,0,3,3
Nehhad,3,0,3
Nehida,0,3,3
Nehihare,3,0,3
Nehire,0,3,3
Nehkomi,3,0,3
Nehlaani,0,3,3
Nehlida,0,3,3
Nehme,3,0,3
Nehmyah,3,0,3
Nehna,0,3,3
Nehneh,0,3,3
Nehomar,3,0,3
Nehomy,0,3,3
Nehorai,0,3,3
Nehreen,0,3,3
Nehria,0,3,3
Nehriza,0,3,3
Nehroe,3,0,3
Nehroennisa,0,3,3
Nehuen,3,0,3
Nehum,3,0,3
Nehvé,0,3,3
Nehwien,3,0,3
Nehwinkoemar,3,0,3
Neia-Lee,0,3,3
Neibina,0,3,3
Neide,3,0,3
Neidij,0,3,3
Neidjel,3,0,3
Neidon,3,0,3
Neidy,0,3,3
Neidys,0,3,3
Neïël,3,0,3
Neiera,0,3,3
Neifa,0,3,3
Neifile,0,3,3
Neij,0,3,3
Neijah,0,3,3
Neijne,0,3,3
Neïjomey,0,3,3
Neïla,0,3,3
Neilah,0,3,3
Neilan,3,0,3
Neilesh,3,0,3
Neilian,3,0,3
Neilina,0,3,3
Neillon,3,0,3
Neilovna,0,3,3
Neilson,3,0,3
Neïm,0,3,3
Neima,0,3,3
Neïma,0,3,3
Neimah,0,3,3
Neimi,0,3,3
Neimo,0,3,3
Neinei,0,3,3
Neinjel,3,0,3
Neinke,0,3,3
Neiomi,0,3,3
Neïra,0,3,3
Neirine,0,3,3
Neïsa,0,3,3
Neïsha,0,3,3
Neishaly,0,3,3
Neishana,0,3,3
Neisina,0,3,3
Neisly,3,0,3
Neissan,3,0,3
Neissie,0,3,3
Neissiena,0,3,3
Neiv,3,0,3
Neizha,0,3,3
Neizina,0,3,3
Neja,0,3,3
Nejad,3,0,3
Nejah,0,3,3
Nejaijah,3,0,3
Nejanville,0,3,3
Néjati,3,0,3
Nejay-Lee,0,3,3
Nejazi,3,0,3
Nejbeddin,3,0,3
Nejeev,3,0,3
Nèjèt,0,3,3
Nèjia,0,3,3
Nejim,3,0,3
Nejima,0,3,3
Nejira,0,3,3
Néjlá,0,3,3
Nejlâ,0,3,3
Nejmeddine,3,0,3
Nejmettin,3,0,3
Nejmiye,0,3,3
Néjo,3,0,3
Nejo,3,0,3
Nejomy,0,3,3
Nejore,0,3,3
Nejoua,0,3,3
Nejusha,0,3,3
Nekatibeb,3,0,3
Nekaybaw,0,3,3
Nekayshia,0,3,3
Nekdil,3,0,3
Neke,0,3,3
Neké,0,3,3
Nekeisha,0,3,3
Nekelina,0,3,3
Nekeshia,0,3,3
Nekesia,0,3,3
Nekeycha,0,3,3
Nekghatoen,0,3,3
Nekhat,0,3,3
Nekhita,0,3,3
Nekhubet,0,3,3
Nekide,3,0,3
Nekija,3,0,3
Nekiya,0,3,3
Nekka,0,3,3
Nekoda,0,3,3
Nekoma,3,0,3
Nekomi,0,3,3
Nekosha,0,3,3
Nekpen,0,3,3
Nel'Shirya,0,3,3
Nel-Akke,0,3,3
Nel-An,0,3,3
Nel-Yen,0,3,3
Néla-Kim,0,3,3
Nelaam,0,3,3
Nelab,0,3,3
Nelacey,3,0,3
Nelahi,0,3,3
Nelai,0,3,3
Nelaimee,0,3,3
Nelaina,0,3,3
Nelaino,3,0,3
Nelaïyah,0,3,3
Nelam,0,3,3
Nelan,3,0,3
Nelana,0,3,3
Nelanie,0,3,3
Nelanio,3,0,3
Nelanka,3,0,3
Nelanny,0,3,3
Nelano,3,0,3
Nelany,0,3,3
Nelaya,0,3,3
Nelayha,0,3,3
Nelayna,0,3,3
Nelaysha,0,3,3
Nelbertus,3,0,3
Nelbia,0,3,3
Nelcelina,0,3,3
Nelcelino,3,0,3
Nelcinde,0,3,3
Nelcius,3,0,3
Nelcyenne,0,3,3
Nelde,0,3,3
Neldes,3,0,3
Neldina,0,3,3
Neldir,3,0,3
Neldo,3,0,3
Neldy,3,0,3
Neléanne,0,3,3
Neleesa,0,3,3
Neléh,0,3,3
Neleigha,0,3,3
Néleigha,0,3,3
Neleke-Marijje,0,3,3
Nelembay,3,0,3
Nelembe,3,0,3
Neléne,0,3,3
Nelerie,0,3,3
Nelfride,0,3,3
Nelfriede,0,3,3
Nélgeron,3,0,3
Nelhana,0,3,3
Nelhé,3,0,3
Nelhilde,0,3,3
Nélia,0,3,3
Nelía,0,3,3
Nélian,0,3,3
Nelianda,0,3,3
Neliane,0,3,3
Nélicia,0,3,3
Nélida,0,3,3
Nelido,3,0,3
Nélie,0,3,3
Nelieda,0,3,3
Nelièn,0,3,3
Neliena,0,3,3
Néliene,0,3,3
Nelieneke,0,3,3
Neliënne,0,3,3
Nelientje,0,3,3
Neliesa,0,3,3
Néliesa,0,3,3
Neliëtta,0,3,3
Neliëtte,0,3,3
Nelih-Yanna,0,3,3
Nelijah,0,3,3
Nelijem,0,3,3
Nelijke,0,3,3
Nelijth,3,0,3
Nelike,0,3,3
Nèlina,0,3,3
Nelineke,0,3,3
Nèlinho,3,0,3
Nelinie,0,3,3
Nelinio,3,0,3
Nélinka,0,3,3
Nelinka,0,3,3
Nélio,3,0,3
Neliomar,3,0,3
Nelion,3,0,3
Neliphere,0,3,3
Nelis-Jan,3,0,3
Nelíse,0,3,3
Nelishia,0,3,3
Nelison,3,0,3
Nelisse,0,3,3
Neliüs,3,0,3
Neljanne,0,3,3
Neljean,3,0,3
Neljerick,3,0,3
Neljero,3,0,3
Neljo,0,3,3
Nella-Trijntje,0,3,3
Nellagonda,0,3,3
Nellah,0,3,3
Nelláney,0,3,3
Nellanscha,0,3,3
Nellard,3,0,3
Nellay,0,3,3
Nelle-Marie,0,3,3
Nelle-Mieke,0,3,3
Nellemiek,0,3,3
Nellerie,0,3,3
Nelleriek,0,3,3
Nellerieke,0,3,3
Nellerike,0,3,3
Nellert,3,0,3
Nelley,0,3,3
Nelli-Anne,0,3,3
Nellia,0,3,3
Nellian,0,3,3
Nelliana,0,3,3
Nellice,0,3,3
Nellie-Elle,0,3,3
Nellie-Kim,0,3,3
Nellienja,0,3,3
Nellies,0,3,3
Nelliesha,0,3,3
Nelliët,0,3,3
Nellike,0,3,3
Nellinio,3,0,3
Nellinka,0,3,3
Nellisanne,0,3,3
Nellitha,0,3,3
Nellivieira,0,3,3
Nellke,0,3,3
Nello-Gerard,3,0,3
Nellouise,0,3,3
Nellroy,3,0,3
Nellus,3,0,3
Nelly-Elizabeth,0,3,3
Nelly-Janette,0,3,3
Nelly-Janne,0,3,3
Nelly-Louise,0,3,3
Nelly-Mae,0,3,3
Nellyandra,0,3,3
Nellycha,0,3,3
Nellycia,0,3,3
Nellyke,0,3,3
Nellylynn,0,3,3
Nellymeine,0,3,3
Nellyne,0,3,3
Nellyrosa,3,0,3
Nellyson,3,0,3
Nellyssa,0,3,3
Nelmar,3,0,3
Nelmin,3,0,3
Nelnell,0,3,3
Neloard,3,0,3
Nelobi,3,0,3
Nelom,3,0,3
Nelongso,3,0,3
Nelouise,0,3,3
Nelouscka,0,3,3
Nelria,0,3,3
Nelrich,3,0,3
Nelse,0,3,3
Nelselino,3,0,3
Nelshaira,0,3,3
Nelshairo,3,0,3
Nelsi,0,3,3
Nelsiena,0,3,3
Nelsinho,3,0,3
Nelsiño,3,0,3
Nelsjomar,3,0,3
Nelsolino,3,0,3
Nelson-Noëll,3,0,3
Nelssy,3,0,3
Nelthon,3,0,3
Neltia,0,3,3
Neltie,0,3,3
Neltiena,0,3,3
Nelu,0,3,3
Nelum,0,3,3
Neluvar,0,3,3
Nelvim,3,0,3
Nelvinia,0,3,3
Nelvinsio,3,0,3
Nelwanda,0,3,3
Nelwin,3,0,3
Nely-Anne,0,3,3
Nelyana,0,3,3
Nelyani,0,3,3
Nelyne,0,3,3
Nelynio,3,0,3
Nelysja,0,3,3
Nelyvienne,0,3,3
Nemaartje,0,3,3
Nemali,0,3,3
Nemanya,0,3,3
Nemar,3,0,3
Nemara,0,3,3
Nemarra,0,3,3
Nematrie,0,3,3
Nematullah,3,0,3
Nembetwa,3,0,3
Nemeah,0,3,3
Nemeat,0,3,3
Nemecia,0,3,3
Nemer,3,0,3
Nemera,0,3,3
Nemes,0,3,3
Nemesian,0,3,3
Nemesion,3,0,3
Nemetius,3,0,3
Nemeva,0,3,3
Nemeye,3,0,3
Nemhain,0,3,3
Némi,0,3,3
Nemika,0,3,3
Nemila,0,3,3
Nemin,0,3,3
Nemire,0,3,3
Nemith,3,0,3
Nemitha,0,3,3
Némo,3,0,3
Nemony,0,3,3
Nemos,3,0,3
Nemota,0,3,3
Nemra,0,3,3
Nemrac,3,0,3
Nemrah,0,3,3
Nemrim,3,0,3
Nemritpreet,3,0,3
Nemrod,3,0,3
Nemroud,3,0,3
Nemrud,3,0,3
Nemrut,3,0,3
Nemsha,0,3,3
Nemuël,3,0,3
Nemy,3,0,3
Nen'genmwa,0,3,3
Nena-Bella,0,3,3
Nena-Dawn,0,3,3
Nena-Jae,0,3,3
Nena-Joli,0,3,3
Nena-Liza,0,3,3
Nenah-Zina,0,3,3
Nènai,0,3,3
Nénain,0,3,3
Nence,0,3,3
Nenci,0,3,3
Nencie,0,3,3
Nendatsah,0,3,3
Nendeya,0,3,3
Nendkoemari,0,3,3
Nendrik,3,0,3
Nendu,0,3,3
Nène,0,3,3
Nénée,0,3,3
Nenefe,0,3,3
Nèneh,0,3,3
Néneh,0,3,3
Nenéh,0,3,3
Neneh-Maria,0,3,3
Nénékila,0,3,3
Nènèmba,0,3,3
Nenemoosha,0,3,3
Neneroeme,0,3,3
Nenesse,3,0,3
Neneth,0,3,3
Nenetta,0,3,3
Nenetty,0,3,3
Neng-Nio,0,3,3
Nengo,3,0,3
Nengrum,0,3,3
Néni,0,3,3
Nénin,0,3,3
Nénine,0,3,3
Néning,0,3,3
Nenkje,0,3,3
Nenkoumba,0,3,3
Nennad,3,0,3
Nènnet,0,3,3
Nennet,0,3,3
Nennete,0,3,3
Nennien,0,3,3
Nèno,3,0,3
Nenpaty,0,3,3
Nensi,0,3,3
Nensie,0,3,3
Nensiet,0,3,3
Nenssie,0,3,3
Nenuska,0,3,3
Nenwa,0,3,3
Neny,0,3,3
Nenyai,0,3,3
Nenyn,0,3,3
Nenyo,3,0,3
Nenyta,0,3,3
Nenz,0,3,3
Nëo,3,0,3
Nèo,3,0,3
Neo-Keanu,3,0,3
Neo-Yaël,0,3,3
Neoby,0,3,3
Néoby,0,3,3
Neoghy,0,3,3
Néola,0,3,3
Néolien,0,3,3
Neolien,0,3,3
Neomai,0,3,3
Néomé,0,3,3
Neomí,0,3,3
Nëomie,0,3,3
Neomii,0,3,3
Nèon,0,3,3
Nëona,0,3,3
Neonati,0,3,3
Neonato,3,0,3
Neoni-Joanny,0,3,3
Neophyte,0,3,3
Neoptolemos,3,0,3
Neorej,3,0,3
Néori,0,3,3
Neosamilaine,0,3,3
Neow,3,0,3
Neowa,0,3,3
Nepal,0,3,3
Nepfried,3,0,3
Nepha,0,3,3
Nephara,0,3,3
Nèphaty,0,3,3
Néphéla,0,3,3
Néphéle,0,3,3
Nephelí,0,3,3
Nepheli,0,3,3
Nephéli,0,3,3
Nephelle,0,3,3
Nephély,0,3,3
Nephia,0,3,3
Nephrite,3,0,3
Nephtali,0,3,3
Nephtaly,3,0,3
Nephthalie,0,3,3
Nephtis,0,3,3
Nephyll,3,0,3
Nepomicena,0,3,3
Nepomusenus,3,0,3
Neppie,3,0,3
Nepthali,3,0,3
Nepthalie,0,3,3
Neptun,3,0,3
Nepul,3,0,3
Nepumoceno,3,0,3
Neqibullah,3,0,3
Neqisha,0,3,3
Neque,0,3,3
Nequestic,0,3,3
Nequinn,3,0,3
Nerà,3,0,3
Nera-Lynn,0,3,3
Nèrai,0,3,3
Neraiah,0,3,3
Neraidrik,0,3,3
Neraigel,3,0,3
Neraih,0,3,3
Neraja,0,3,3
Neral,3,0,3
Neralda,0,3,3
Néram,3,0,3
Nerana,0,3,3
Nerancha,3,0,3
Nerangeny,0,3,3
Nerano,3,0,3
Neray,0,3,3
Neray-lee,0,3,3
Nerayah,0,3,3
Nerayo,3,0,3
Neraysho,3,0,3
Nerch,3,0,3
Nerci,0,3,3
Nercica,0,3,3
Nercicia,0,3,3
Nercicio,3,0,3
Nercida,0,3,3
Nercilinda,0,3,3
Nerd,3,0,3
Nerda,0,3,3
Nerdane,0,3,3
Nerdina,0,3,3
Nerdjes,0,3,3
Nerdyn,0,3,3
Nere,0,3,3
Néré,0,3,3
Nèrea,0,3,3
Nerea-Adaiah,0,3,3
Nereah,0,3,3
Nèreda,0,3,3
Nereda,0,3,3
Nérée,3,0,3
Nereia,0,3,3
Nerella,0,3,3
Neren,3,0,3
Nerenchy,3,0,3
Nérèo,3,0,3
Neres,3,0,3
Nerethy,0,3,3
Neréus,3,0,3
Nerfis,3,0,3
Nergel,3,0,3
Nergin,0,3,3
Nergish,0,3,3
Nerğiz,0,3,3
Nergiza,0,3,3
Nergize,0,3,3
Nergül,0,3,3
Nèri,0,3,3
Néri,0,3,3
Nería,3,0,3
Nerian,3,0,3
Nerianna,0,3,3
Nérice,0,3,3
Neridda,0,3,3
Nerie,0,3,3
Nerieda,0,3,3
Neriëlla,0,3,3
Nerije,0,3,3
Neril,0,3,3
Nerime,0,3,3
Nerimo,3,0,3
Nerinderpersad,3,0,3
Nerindersewe,3,0,3
Nerindre,3,0,3
Nerindredath,3,0,3
Nérine,0,3,3
Nerini,0,3,3
Neríno,3,0,3
Nerino,3,0,3
Nerio,3,0,3
Neriot,3,0,3
Nerisja,0,3,3
Nerison,3,0,3
Nerisse,0,3,3
Nerissya,0,3,3
Nerit,0,3,3
Nerita,0,3,3
Nériva,0,3,3
Neriz,0,3,3
Nerjes,0,3,3
Nerjesse,0,3,3
Nerjush,0,3,3
Nerkus,0,3,3
Nerkz,0,3,3
Nerla,0,3,3
Nerlanda,0,3,3
Nerlinio,3,0,3
Nerlyn,0,3,3
Nermana,0,3,3
Nermedin,3,0,3
Nermeen,0,3,3
Nermi,0,3,3
Nermil,0,3,3
Nérmin,0,3,3
Nêrmîn,0,3,3
Nerminka,0,3,3
Nermyn,0,3,3
Nernardine,0,3,3
Nerobi,0,3,3
Nerolene,0,3,3
Nerón,3,0,3
Nerosh,3,0,3
Nerous,0,3,3
Nerox,3,0,3
Nerrimene,0,3,3
Nerrisa,0,3,3
Nerry,3,0,3
Nersan,3,0,3
Nersea,0,3,3
Nersees,0,3,3
Nershin,3,0,3
Nersicio,3,0,3
Nersih,0,3,3
Nersin,0,3,3
Nersis,3,0,3
Nertchanok,0,3,3
Nerthus,0,3,3
Neru,0,3,3
Nerüman,0,3,3
Nerusha,0,3,3
Nervada,0,3,3
Nervan,3,0,3
Nerve,0,3,3
Nervienio,3,0,3
Nerviënskely,0,3,3
Nervil,3,0,3
Nerville,3,0,3
Nervin,0,3,3
Nervlain,3,0,3
Nerwe,3,0,3
Neryce,0,3,3
Neryelle,0,3,3
Neryiz,0,3,3
Neryman,0,3,3
Nerymen,0,3,3
Neryna,0,3,3
Nèrys,3,0,3
Neryssa,0,3,3
Nesaio,3,0,3
Nesan,3,0,3
Nesanur,0,3,3
Nesarahmad,3,0,3
Nesasea,0,3,3
Nesat,3,0,3
Nesäuny,0,3,3
Nesayah,0,3,3
Nésayo,3,0,3
Nesbit,3,0,3
Neschlo,3,0,3
Nescho,3,0,3
Neschra,0,3,3
Nesco,3,0,3
Nesda,0,3,3
Nesdey,3,0,3
Neşecan,0,3,3
Neseema,0,3,3
Neşegül,0,3,3
Neseha,0,3,3
Neşem,0,3,3
Neseren,0,3,3
Neshaira,0,3,3
Neshamah,0,3,3
Neshan,3,0,3
Neshanthini,0,3,3
Neshanti,0,3,3
Neshawn,3,0,3
Neshayro,3,0,3
Neshently,0,3,3
Nesher,3,0,3
Neshet,3,0,3
Neshira,3,0,3
Neshja,0,3,3
Neshjua,0,3,3
Neshla,0,3,3
Neshome,0,3,3
Neshon,3,0,3
Neshra,0,3,3
Neshue,0,3,3
Nesi,0,3,3
Nesianne,0,3,3
Nesiatra,0,3,3
Nesiba,0,3,3
Nesibegül,0,3,3
Nesibi,3,0,3
Nesiema,0,3,3
Nesife,0,3,3
Nesihun,3,0,3
Nesilay,0,3,3
Nesile,0,3,3
Nésine,0,3,3
Nesip,3,0,3
Neşj,0,3,3
Nesjet,3,0,3
Neskela,0,3,3
Nesko,3,0,3
Nesleena,0,3,3
Neslehan,0,3,3
Nesley,3,0,3
Neslian,0,3,3
Nesligül,0,3,3
Neşlihan,0,3,3
Neslihan-Dilan,0,3,3
Neslin,0,3,3
Neslinay,0,3,3
Neslinhan,0,3,3
Neslinur,0,3,3
Neslisjah,0,3,3
Neslitürk,0,3,3
Nesliyar,0,3,3
Neslon,3,0,3
Neslyan,0,3,3
Nesm,0,3,3
Nesmedeen,3,0,3
Nesmi,3,0,3
Nesmin,0,3,3
Neso,3,0,3
Nešo,3,0,3
Nesomi,0,3,3
Nesr,3,0,3
Nesra,0,3,3
Nesredin,3,0,3
Nesreen,0,3,3
Nesria,0,3,3
Nèsrine,0,3,3
Nessaya,0,3,3
Neşşe,0,3,3
Nesselia,0,3,3
Nesseline,0,3,3
Nesselly,0,3,3
Nessen,0,3,3
Nesserin,0,3,3
Nesshant,3,0,3
Nessi,0,3,3
Nessia,0,3,3
Nessiem,3,0,3
Nessime,0,3,3
Nessiya,0,3,3
Nessma,0,3,3
Nessy,3,0,3
Nessyah,0,3,3
Nestalis,3,0,3
Nestasja,0,3,3
Nesteren,0,3,3
Nestiko,3,0,3
Nestlan,0,3,3
Néstly,3,0,3
Nestore,3,0,3
Nestorio,3,0,3
Nestorius,3,0,3
Nestra,0,3,3
Nestrin,0,3,3
Nestysa,0,3,3
Nésu,3,0,3
Neswyn,3,0,3
Nésya,0,3,3
Nesya-Alexandrea,0,3,3
Nesyah,0,3,3
Nesz,0,3,3
Nesza,0,3,3
Netal,0,3,3
Netalja,0,3,3
Netan-El,0,3,3
Netanet,0,3,3
Netanhel,3,0,3
Netaniël,3,0,3
Netaniya,0,3,3
Nétanja,0,3,3
Netanna,0,3,3
Nétanya-Nava,0,3,3
Netdea,0,3,3
Netdija,0,3,3
Nete,0,3,3
Neteesh,3,0,3
Nétette,0,3,3
Nethaka,3,0,3
Nethal,3,0,3
Néthaly,0,3,3
Nethanael,3,0,3
Nethania,3,0,3
Nethanie,0,3,3
Nethànja,0,3,3
Nethanyah,3,0,3
Nethanyahu,3,0,3
Netharshini,0,3,3
Nethely,0,3,3
Nethen,0,3,3
Nethero,3,0,3
Nethersan,3,0,3
Nethily,0,3,3
Nethinio,3,0,3
Nethirsan,3,0,3
Nethlini,0,3,3
Nethmira,3,0,3
Nethri,0,3,3
Nethsara,3,0,3
Nethsia,3,0,3
Nethuli,0,3,3
Neti,0,3,3
Nètiño,3,0,3
Netisha,0,3,3
Netitia,0,3,3
Netkei,0,3,3
Netly,0,3,3
Netouchka,0,3,3
Nett,3,0,3
Nettelie,0,3,3
Nettha,0,3,3
Netthilda,0,3,3
Nettian,3,0,3
Nettië,0,3,3
Nettiene,0,3,3
Nettisha,0,3,3
Nettuno,3,0,3
Netty-Lou,0,3,3
Netul,0,3,3
Neuchâtel,0,3,3
Neues,3,0,3
Neulje,0,3,3
Neumine,0,3,3
Neurdin,3,0,3
Neutrice,0,3,3
Neuvania,0,3,3
Neuwé,0,3,3
Neuwheno,3,0,3
Nèva,0,3,3
Nevaada,0,3,3
Nevacha,0,3,3
Nevado,3,0,3
Névaeh,0,3,3
Nevaeha,0,3,3
Nevaehlyson,3,0,3
Nevaehny,0,3,3
Nevagül,0,3,3
Nevah-Nine,0,3,3
Nevahea,0,3,3
Nevahnjir,3,0,3
Nevainy,0,3,3
Nevaio,3,0,3
Nevalie,0,3,3
Nèvan,3,0,3
Névan,3,0,3
Nevanda,0,3,3
Nevania,0,3,3
Nevano,3,0,3
Nevara,0,3,3
Nevard,0,3,3
Nevare,3,0,3
Nevaritzna,0,3,3
Nevaro,3,0,3
Nevarra,3,0,3
Nevatheka,0,3,3
Nèvayo,3,0,3
Névayo,3,0,3
Nevcan,0,3,3
Nevcihan,0,3,3
Nevcivan,3,0,3
Nevdžet,3,0,3
Neveah-Jaelle,0,3,3
Nevée,0,3,3
Nèvel,3,0,3
Nevèl,0,3,3
Nevela,0,3,3
Nevelah,0,3,3
Nevelina,0,3,3
Nevéline,0,3,3
Nevella,3,0,3
Nevèlle,0,3,3
Nevellie,3,0,3
Nevelly,0,3,3
Nevengi,0,3,3
Neveraya,3,0,3
Neverick,3,0,3
Neverraldinho,3,0,3
Neverrayshelson,3,0,3
Nevérs,3,0,3
Neverti,0,3,3
Nevertiry,0,3,3
Neverty,0,3,3
Nevesia,0,3,3
Nevetari,0,3,3
Nevetarie,0,3,3
Nevetedi,0,3,3
Nevethan,3,0,3
Nevéynia,0,3,3
Nèvez,3,0,3
Nevheney,0,3,3
Nevhil,3,0,3
Nèviana,0,3,3
Nevie,3,0,3
Névien,0,3,3
Neviena,0,3,3
Nevienus,3,0,3
Neviha,0,3,3
Neville-Dean,3,0,3
Neville-Hesdey,3,0,3
Nevin-Asher,3,0,3
Nevindie,0,3,3
Névine,0,3,3
Neviné,0,3,3
Nevinio,3,0,3
Nevinjel,3,0,3
Nevinus,3,0,3
Névio,3,0,3
Nevion,3,0,3
Nevire,0,3,3
Nèvis,3,0,3
Nevise,0,3,3
Nevisha,0,3,3
Nevishpersad,3,0,3
Nevit,0,3,3
Neviyah,0,3,3
Neviye,0,3,3
Nevle,0,3,3
Nevreser,0,3,3
Nevrez,3,0,3
Nèvrith,3,0,3
Nevrüz,0,3,3
Nevsale,0,3,3
Nevşhan,3,0,3
Nevtha,3,0,3
Nevue,3,0,3
Nevvar,0,3,3
Nevve,3,0,3
Nèvyl,3,0,3
Nevyl,3,0,3
Nevynn,0,3,3
Nevzad,3,0,3
Nevzat-Can,3,0,3
Nevzeta,0,3,3
Nèwa,0,3,3
Newalkumar,3,0,3
Newallo,3,0,3
Newalsingh,3,0,3
Newalwattie,0,3,3
Newan,3,0,3
Newang,0,3,3
Newean,3,0,3
Neween,3,0,3
Newei,3,0,3
Nèwel,3,0,3
Newena,0,3,3
Newèr,0,3,3
Newersion,3,0,3
Newesh,3,0,3
Néwi,0,3,3
Newia,0,3,3
Newied,3,0,3
Newiel,3,0,3
Newiendernath,3,0,3
Newiendredath,3,0,3
Newieska,0,3,3
Newieta,0,3,3
Newili,0,3,3
Néwin,3,0,3
Newino,3,0,3
Newish,3,0,3
Newita,0,3,3
Newlyna,0,3,3
Newman,3,0,3
Newmie,3,0,3
Newo,0,3,3
Newsathali,3,0,3
Newten,3,0,3
Newty,3,0,3
Nexcharno,3,0,3
Nexhat,3,0,3
Nexhla,0,3,3
Nexigéndra,0,3,3
Nexsendra,0,3,3
Nexus,3,0,3
Nexx,3,0,3
Ney-Vaiyo,3,0,3
Neyaeli,0,3,3
Neyairo,3,0,3
Neyaman,3,0,3
Neyana,0,3,3
Neyangela,0,3,3
Neyarah,0,3,3
Néyaro,3,0,3
Nèyaro,3,0,3
Neyat,0,3,3
Neyazi,3,0,3
Neydila,0,3,3
Neyéli,0,3,3
Neyeli,0,3,3
Néyem,3,0,3
Neyerilla,0,3,3
Neyesto,3,0,3
Neyfaila,0,3,3
Neyfailo,3,0,3
Neyff,3,0,3
Neygaïla,0,3,3
Neygaro,3,0,3
Neyhemia,0,3,3
Neyhiah,0,3,3
Neyhla,0,3,3
Neyjah,3,0,3
Neykiah,3,0,3
Neylaan,0,3,3
Neylani,0,3,3
Neylanih,0,3,3
Neyleisa,0,3,3
Neyleisha,0,3,3
Neyliah,0,3,3
Neyllio,3,0,3
Neyls,3,0,3
Neyma,0,3,3
Neymara,0,3,3
Neymarinio,3,0,3
Neymeline,0,3,3
Neymo,3,0,3
Neyna,0,3,3
Neyobe,0,3,3
Nèyomi,0,3,3
Neyomi-Grace,0,3,3
Neyómy,0,3,3
Neyora,0,3,3
Neyori,0,3,3
Neyra,0,3,3
Neyrah-Ymani,0,3,3
Neyraino,3,0,3
Neyran,0,3,3
Neyritza,0,3,3
Neyrod,3,0,3
Neyrot,3,0,3
Neysen,3,0,3
Neysha,0,3,3
Neyshara,0,3,3
Neyshaun,3,0,3
Neytanjeli,0,3,3
Neyton,3,0,3
Neyttai,3,0,3
Neyva,0,3,3
Neyvah-Jaé,0,3,3
Neyvi,0,3,3
Neyvòn,3,0,3
Neyzen,3,0,3
Nezaat,0,3,3
Nezan,3,0,3
Nezár,3,0,3
Nezat,0,3,3
Nezay,0,3,3
Nezboenniescha,0,3,3
Nezdet,3,0,3
Nezeh,0,3,3
Nezehat,0,3,3
Nezet,0,3,3
Nezhe,0,3,3
Nezhmia,0,3,3
Nezi,3,0,3
Néziah,3,0,3
Neziah,0,3,3
Nezian,3,0,3
Nezibe,0,3,3
Nezide,0,3,3
Nezie,0,3,3
Neziem,0,3,3
Neziena,0,3,3
Nezife,0,3,3
Nezihad,0,3,3
Nezik,0,3,3
Nezim,3,0,3
Nezima,0,3,3
Nezinus,3,0,3
Nezira,0,3,3
Neziriyah,0,3,3
Nezlihan,0,3,3
Nezra,0,3,3
Nezreen,0,3,3
Nezza,0,3,3
Nfa,3,0,3
Nfali,3,0,3
Nfaly,3,0,3
Nfamara,3,0,3
Nfang,0,3,3
Nfasori,3,0,3
Nfilo,0,3,3
Nfincy,0,3,3
Nfon,0,3,3
Nftalim,0,3,3
Nfuku,0,3,3
Nfulawombo,0,3,3
Nga-Kiu,0,3,3
Nga-Lam,0,3,3
Nga-Woen,0,3,3
Nga-Yan,0,3,3
Nga-Yean,0,3,3
Ngaa,0,3,3
Ngaakudzweishe,3,0,3
Ngabire,3,0,3
Ngabva,0,3,3
Ngachua,3,0,3
Ngadi,3,0,3
Ngadie,3,0,3
Ngadikem,0,3,3
Ngadiman,3,0,3
Ngadimulyo,3,0,3
Ngadine,0,3,3
Ngadinoe,3,0,3
Ngadirah,0,3,3
Ngadirin,3,0,3
Ngadiroen,3,0,3
Ngah-Man,0,3,3
Ngah-Yen,3,0,3
Ngah-Zee,0,3,3
Ngai-Fong,3,0,3
Ngai-Hang,3,0,3
Ngai-Yiu,0,3,3
Ngai-Yu,0,3,3
Ngain,3,0,3
Ngaira,0,3,3
Ngairi,0,3,3
Ngaisa,0,3,3
Ngaisah,0,3,3
Ngalaa,0,3,3
Ngalimin,3,0,3
Ngâm,0,3,3
Ngama,3,0,3
Ngamwesa,0,3,3
Ngandola,3,0,3
Ngangiti,0,3,3
Ngangitie,0,3,3
Ngangu,3,0,3
Nganha,0,3,3
Ngantung,0,3,3
Ngape,3,0,3
Ngar-Ling,0,3,3
Ngar-Yung,0,3,3
Ngasholy,0,3,3
Ngasi,0,3,3
Ngasimin,3,0,3
Ngasirin,3,0,3
Ngatemin,3,0,3
Ngathany,0,3,3
Ngathina,0,3,3
Ngatidjo,3,0,3
Ngatijem,0,3,3
Ngatina,0,3,3
Ngatinah,0,3,3
Ngatinie,0,3,3
Ngatirah,0,3,3
Ngatirin,3,0,3
Ngatmena,0,3,3
Ngatmina,0,3,3
Ngatminah,0,3,3
Ngatminie,0,3,3
Ngatyo,3,0,3
Ngauwlieng,0,3,3
Ngayen,3,0,3
Ngayolo,0,3,3
Ngbo,0,3,3
NGC,0,3,3
Ngeche,0,3,3
Ngee,3,0,3
Ngei,0,3,3
Ngeje,0,3,3
Ngelela,3,0,3
Ngelesi,3,0,3
Ngenemina,3,0,3
Ngengo,0,3,3
Ngenko,3,0,3
Nget,0,3,3
Nget-Fa,0,3,3
Nget-ying,0,3,3
NGFM,3,0,3
Nghengo,3,0,3
Nghĩa,3,0,3
Nghidensha,0,3,3
Nghiem,3,0,3
Nghitti,0,3,3
Ngi,0,3,3
Ngi-iti,3,0,3
Ngie-fo,3,0,3
Ngiemah,0,3,3
Ngiet-Moi,0,3,3
Ngileh,0,3,3
Ngiliano,3,0,3
Ngimas,0,3,3
Ngimika,0,3,3
Ngin,0,3,3
Nginamoyo,0,3,3
Nginga,0,3,3
Ngit,0,3,3
Ngit-Yin,0,3,3
Ngit-yun,0,3,3
Ngitlieh,0,3,3
Ngitti,0,3,3
Ngo-Fung,3,0,3
Ngo-Kee,3,0,3
Ngoć,0,3,3
Ngoc-Anh,0,3,3
Ngoc-Bau,3,0,3
Ngoc-Chánh,3,0,3
Ngoc-Diep,3,0,3
Ngoc-Hân,0,3,3
Ngoc-Han,0,3,3
Ngoc-Hanh,0,3,3
Ngoc-Hieu,3,0,3
Ngoc-Kha-Tú,0,3,3
Ngoc-Khanh,0,3,3
Ngoc-Kim,0,3,3
Ngoc-Nhu,0,3,3
Ngocchâu,0,3,3
Ngoclân,3,0,3
Ngoclien,0,3,3
Ngoctai,0,3,3
Ngodi,0,3,3
Ngoemon,3,0,3
Ngofamanjira,0,3,3
Ngoh,3,0,3
Ngohi,0,3,3
Ngohzi,0,3,3
Ngoi,0,3,3
Ngoimas,0,3,3
Ngok,0,3,3
Ngolo,3,0,3
Ngolu,0,3,3
Ngonabo,0,3,3
Ngondo,0,3,3
Ngone,0,3,3
Ngongo,0,3,3
Ngooisahn,0,3,3
Ngoronaman,3,0,3
Ngosale,0,3,3
Ngou,3,0,3
Ngou-Ben,3,0,3
Ngowo,0,3,3
Ngoya,0,3,3
Ngoyi,3,0,3
Ngozika,0,3,3
Ngua-Lang,3,0,3
Nguanasse,0,3,3
Ngudie,0,3,3
Nguefu,3,0,3
Nguen,0,3,3
Nguetti,3,0,3
Ngufor,3,0,3
Ngugi,3,0,3
Nguieyep,0,3,3
Nguini,3,0,3
Nguizani,0,3,3
Ngun,3,0,3
Ngungu,0,3,3
Nguni,3,0,3
Nguon,3,0,3
Nguwa,3,0,3
Nguycat,3,0,3
Nguyên-Anh,3,0,3
Nguyen-Buu,3,0,3
Nguyen-Ivy,0,3,3
Nguyen-Khánh,3,0,3
Nguyen-Ky,3,0,3
Nguyen-Phuc,3,0,3
Nguyen-Trinh,3,0,3
Nguyenbinh,3,0,3
Nguyet-Cat,0,3,3
Ngwa,3,0,3
Ngwe,0,3,3
Ngwedi,3,0,3
Ngwemper,3,0,3
Nha'anna,0,3,3
Nha-Khanh,0,3,3
Nhádjastey,3,0,3
Nhafhára,0,3,3
Nhai-Jeely,0,3,3
Nhai-Yarrel,3,0,3
Nhailiza,0,3,3
Nhairomy,0,3,3
Nhajhely,0,3,3
Nhakisha,0,3,3
Nhamposse,0,3,3
Nhânthoi,3,0,3
Nhat-Duy,3,0,3
Nhat-Khang,3,0,3
Nhat-My,0,3,3
Nhat-Phuong,0,3,3
Nhat-Quang,3,0,3
Nhat-Vuong,3,0,3
Nhatrang,3,0,3
Nhayel,3,0,3
Nhaylah,0,3,3
Nhazary,0,3,3
Nhea,0,3,3
Nhene,0,3,3
Nheomi,0,3,3
Nheryssa,0,3,3
Nhéyoni,0,3,3
Nhial,3,0,3
Nhicolle,0,3,3
Nhihaiza,0,3,3
Nhim,0,3,3
Nhimo,3,0,3
Nhivhàyrah,0,3,3
Nhlanhla,3,0,3
Nhlh,0,3,3
Nhoeé-li,0,3,3
Nhomy,0,3,3
Nhoor,0,3,3
Nhöraezy,0,3,3
Nhoré,0,3,3
Nhore,0,3,3
Nhouwlyscio,3,0,3
Nhú,0,3,3
Nhu-An,0,3,3
Nhu-Angela,0,3,3
Nhu-Anh,0,3,3
Nhu-Lili,0,3,3
Nhu-Ý,0,3,3
Nhuday,0,3,3
Nhuray,0,3,3
Nhuy,0,3,3
Nhya,0,3,3
Nhyatesis,0,3,3
Nhyria,0,3,3
Ni'Jaylee,0,3,3
Ni'Jeano,3,0,3
Ni'Laiiah,0,3,3
Ni'matallah,0,3,3
Ni'meh,0,3,3
Ni'Sjelee,0,3,3
Ni'yeno,3,0,3
Ni-angely,0,3,3
Ni-Co,3,0,3
Ni-diva,0,3,3
Ni-eam,3,0,3
Ni-jad,3,0,3
Ni-Jaira,0,3,3
Ni-Jano,3,0,3
Ni-jayh,3,0,3
Ni-Jayla,0,3,3
Ni-jaylah,0,3,3
Nï-Jaylee,0,3,3
Ni-Jayli,0,3,3
Ni-ke,0,3,3
Ni-Kiki,0,3,3
Ni-non,0,3,3
Ni-quintley,3,0,3
Ni-Shaat,0,3,3
Ni-Shaiky,0,3,3
Nï-Shayra,0,3,3
Ni-vailey,0,3,3
Ni-varo,3,0,3
Ni-Yara,0,3,3
Ni-yella,0,3,3
Nía,0,3,3
Nia-Anayïa,0,3,3
Nia-Jalaikha,0,3,3
Nia-Lee,0,3,3
Nia-Loïs,0,3,3
Nia-Maya,0,3,3
Nia-Preace,0,3,3
Nia-Rayne,0,3,3
Niaama,0,3,3
Niaamat,0,3,3
Niaâmate,0,3,3
Niaca,0,3,3
Niache,3,0,3
Niachel,3,0,3
Niael,3,0,3
Niaesh,0,3,3
Niagara,0,3,3
Niaka,3,0,3
Nialen,0,3,3
Nialho,3,0,3
Níall,3,0,3
Nialle,0,3,3
Niály,0,3,3
Niam-Jax,3,0,3
Niäma,0,3,3
Niamad,0,3,3
Niamae,0,3,3
Niamah,3,0,3
Niamaia,0,3,3
Niâmat,0,3,3
Niambe,0,3,3
Niambi,0,3,3
Níamh,0,3,3
Niàmh,0,3,3
Nián,3,0,3
Niana,0,3,3
Nianco,3,0,3
Niandha,0,3,3
Niang-Yao,0,3,3
Nianga,0,3,3
Niangely,0,3,3
Niangi,0,3,3
Niangoranh,3,0,3
Niania,0,3,3
Niann-Tsyr,0,3,3
Nianna,0,3,3
Niannie,0,3,3
Nianora,0,3,3
Niansly,0,3,3
Nianthara,0,3,3
Nianthe,0,3,3
Niantrie,0,3,3
Nianzu,3,0,3
Niaomi,0,3,3
Niap-Song,3,0,3
Niarahalela,0,3,3
Niarchos,3,0,3
Niasha,0,3,3
Níassa,0,3,3
Niata,0,3,3
Niate,0,3,3
Niatna,0,3,3
Niaylie,0,3,3
Niazi,3,0,3
Niazio,3,0,3
Niazon,0,3,3
Niazy,3,0,3
Nib,0,3,3
Nibaa,0,3,3
Nibbe,3,0,3
Nibelia,0,3,3
Nibelle,0,3,3
Nibert,3,0,3
Nibiru,3,0,3
Nibizi,3,0,3
Nibor,3,0,3
Nibraaz,0,3,3
Nïc,3,0,3
Níc,3,0,3
Nic-cée,3,0,3
Nic-Kee,3,0,3
Nic-Keyshia,0,3,3
Nicá,0,3,3
Nica-James,0,3,3
Nica-Jo,0,3,3
Nica-Melistina,0,3,3
Nicaart,3,0,3
Nicacia,0,3,3
Nicacius,3,0,3
Nicadi,0,3,3
Nicae,0,3,3
Nicaël,3,0,3
Nicaelle,0,3,3
Nicaesa,0,3,3
Nicalaay,3,0,3
Nicalae,3,0,3
Nicalasina,0,3,3
Nicalenne,0,3,3
Nicalina,0,3,3
Nicanora,0,3,3
Nicarao,3,0,3
Nicarde,0,3,3
Nicardus,3,0,3
Nicase,0,3,3
Nicasiana,0,3,3
Nicassius,3,0,3
Nicastia,0,3,3
Nicathia,0,3,3
Nicatia,0,3,3
Nicato,3,0,3
Nicaya,3,0,3
Nicayagua,0,3,3
Niccele,0,3,3
Nicchelle,0,3,3
Nicci-Jill,0,3,3
Nicci-Nova,0,3,3
Niccie,0,3,3
Nicck,3,0,3
Nicco,3,0,3
Niccoló,3,0,3
Nicé,0,3,3
Nicea,0,3,3
Nicecio,3,0,3
Nicee,0,3,3
Nicefora,3,0,3
Nicellen,0,3,3
Nicelma,0,3,3
Nicelsha,0,3,3
Nicely,0,3,3
Nicendel,3,0,3
Nicendro,3,0,3
Nicenzo,3,0,3
Nicerien,0,3,3
Nicerine,0,3,3
Niceshuliany,0,3,3
Niceshullian,0,3,3
Nicesiëne,0,3,3
Nicesiuline,0,3,3
Nicesline,0,3,3
Niceto,3,0,3
Nichaa,0,3,3
Nichaël,3,0,3
Nichaéla,0,3,3
Nichaëlly,0,3,3
Nichaira,0,3,3
Nichakhun,3,0,3
Nichan,3,0,3
Nichana,0,3,3
Nichandro,3,0,3
Nichanta,0,3,3
Nichantilly,0,3,3
Nichanun,0,3,3
Nichapa,0,3,3
Nichar,3,0,3
Nichara,0,3,3
Nicharee,0,3,3
Nicharell,3,0,3
Nicharon,3,0,3
Nichasün,3,0,3
Niché,0,3,3
Nichë,0,3,3
Nichelas,3,0,3
Nichélle,0,3,3
Nichello,3,0,3
Nichelly,0,3,3
Nichelsea,0,3,3
Nichelson,3,0,3
Nichelsy,0,3,3
Nichelty,0,3,3
Nichely,0,3,3
Nichenne,0,3,3
Nichentley,3,0,3
Nicherwan,3,0,3
Nicheska,0,3,3
Nichesty,0,3,3
Nichette,0,3,3
Nichi,0,3,3
Nicho,3,0,3
Nicholá,3,0,3
Nicholaj,3,0,3
Nicholaj-Liam,3,0,3
Nicholaos,3,0,3
Nicholâs,3,0,3
Nícholas,3,0,3
Nicholàs,3,0,3
Nicholas-Brian,3,0,3
Nicholass,3,0,3
Nicholaus,3,0,3
Nicholson,3,0,3
Nicholus,3,0,3
Nichonne,0,3,3
Nichowell-Connery,3,0,3
Nïci,0,3,3
Niciano,3,0,3
Nicicky,0,3,3
Niciëlla,0,3,3
Niciena,0,3,3
Nicjulis,3,0,3
Nick-Alexander,3,0,3
Nick-Brandon,3,0,3
Nick-Hans,3,0,3
Nick-Jona,3,0,3
Nick-junior,3,0,3
Nick-Milan,3,0,3
Nick-Noah,3,0,3
Nick-Peter,3,0,3
Nickail,0,3,3
Nickaj,3,0,3
Nickander,3,0,3
Nickandros,3,0,3
Nickaolas,3,0,3
Nickard,3,0,3
Nickardo,3,0,3
Nickáy,0,3,3
Nickeah,0,3,3
Nickéé,0,3,3
Nickeé,0,3,3
Nickeisha,0,3,3
Nickel-leona,0,3,3
Nickelai,3,0,3
Nickelesh,3,0,3
Nickelesz,3,0,3
Nickelson,3,0,3
Nickery,3,0,3
Nicketa-Starcloud,0,3,3
Nickéy,0,3,3
Nickhy,0,3,3
Nicki-Eva,0,3,3
Nicki-Noëlle,0,3,3
Nickij,0,3,3
Nickitha,0,3,3
Nickiya,0,3,3
Nickje,0,3,3
Nicklâs,3,0,3
Nicklasson,3,0,3
Nicklazina,0,3,3
Nickless,3,0,3
Nicklette,0,3,3
Nickleys,3,0,3
Nickodemus,3,0,3
Nickolaij,3,0,3
Nickolàs,3,0,3
Nickolawa,0,3,3
Nickolayevitch,3,0,3
Nickolayevna,0,3,3
Nickos,3,0,3
Nickoy,3,0,3
Nicksen,3,0,3
Nicky-Aisha,0,3,3
Nicky-Al,3,0,3
Nicky-Annabelle,0,3,3
Nicky-Bart,3,0,3
Nicky-Boy,3,0,3
Nicky-Faith,0,3,3
Nicky-Fyona,0,3,3
Nicky-Jane,0,3,3
Nicky-Jean,0,3,3
Nicky-Joan,0,3,3
Nicky-József,3,0,3
Nicky-Lynn,0,3,3
Nicky-lynn,0,3,3
Nicky-Michiel,3,0,3
Nicky-Naomie,0,3,3
Nicky-Roos,0,3,3
Nicky-Willem,3,0,3
Nickylin,0,3,3
Nickyrichi,3,0,3
Niclara,0,3,3
Niclasine,0,3,3
Niclaudi,0,3,3
Niclaus,3,0,3
Nicles,3,0,3
Niclos,3,0,3
Niclosine,0,3,3
Nicme,0,3,3
Nicmi,0,3,3
Nicó,0,3,3
Nico'o,3,0,3
Nico-Berto,3,0,3
Nico-Derk,3,0,3
Nico-James,3,0,3
Nico-John,3,0,3
Nico-leen,3,0,3
Nico-Lubin,3,0,3
Nico-Robin,3,0,3
Nico-Tinus,3,0,3
Nicobeth,0,3,3
Nicoclasina,0,3,3
Nicod,3,0,3
Nicodavid,3,0,3
Nicodême,0,3,3
Nicodemes,3,0,3
Nicodemoes,3,0,3
Nicodientje,0,3,3
Nicodina,3,0,3
Nicodomus,3,0,3
Nicodoorlina,0,3,3
Nicodoorline,0,3,3
Nicofemia,0,3,3
Nicohina,0,3,3
Nicohlas,3,0,3
Nicoïan,3,0,3
Nicoïs,3,0,3
Nicol-Marcella,0,3,3
Nicol-Pascal,0,3,3
Nicol?,3,0,3
Nicòla,0,3,3
Nicoläa,0,3,3
Nicolaan,0,3,3
Nicolaas-Jan,3,0,3
Nicolaas-Joannes,3,0,3
Nicolaas-Jurgen,3,0,3
Nicolaas-Pytrik,3,0,3
Nicolaas-Tjerk,3,0,3
Nicolaasina,0,3,3
Nicolaaske,0,3,3
Nicolaev,3,0,3
Nicolaew,3,0,3
Nicolaī,3,0,3
Nicoläi,3,0,3
Nicolai-Khan,3,0,3
Nicolai-Peter,3,0,3
Nicolai-Sébastien,3,0,3
Nicolaïa,0,3,3
Nicolaida,0,3,3
Nicolaidas,3,0,3
Nicolaïde,0,3,3
Nicolaiewitsch,3,0,3
Nicolaii,3,0,3
Nicolaiia,0,3,3
Nicolain,3,0,3
Nicolaine,0,3,3
Nicolaïne,0,3,3
Nicolaiwitch,3,0,3
Nicolaje,3,0,3
Nicolajevitsj,3,0,3
Nicolan,3,0,3
Nicolane,0,3,3
Nicolarina,0,3,3
Nicólas,3,0,3
Nicolas-Manuel,3,0,3
Nicolas-Willem,3,0,3
Nicolash,3,0,3
Nicolasin,0,3,3
Nicolasino,0,3,3
Nicolasito,3,0,3
Nicolass,3,0,3
Nicolasz,3,0,3
Nicolaua,0,3,3
Nicoläus,3,0,3
Nicoláüs,3,0,3
Nicolav,3,0,3
Nicolaye,3,0,3
Nicolazena,0,3,3
Nicolaziena,0,3,3
Nicöle,0,3,3
Nicolë,0,3,3
Nicole-Beatrice,0,3,3
Nicole-Christina,0,3,3
Nicole-Eline,0,3,3
Nicole-Hélène,0,3,3
Nicole-Jacobine,0,3,3
Nicole-Janine,0,3,3
Nicole-Laurette,0,3,3
Nicole-Madelène,0,3,3
Nicole-Miranda,0,3,3
Nicolea,0,3,3
Nicolée,0,3,3
Nicolee,0,3,3
Nicoleen,0,3,3
Nicoleesa,0,3,3
Nicolemus,3,0,3
Nicoléne,0,3,3
Nicolene,0,3,3
Nicoles,3,0,3
Nicolesina,0,3,3
Nicolette-Annemarie,0,3,3
Nicolette-Astrid,0,3,3
Nicolette-José,0,3,3
Nicolette-Suzan,0,3,3
Nicolettte,0,3,3
Nicoli,0,3,3
Nicolien-Tatjana,0,3,3
Nicolieneke,0,3,3
Nicolij,0,3,3
Nicolijne,0,3,3
Nicolijntje,0,3,3
Nicolina-Wilma,0,3,3
Nicolinca,0,3,3
Nicolineke,0,3,3
Nicolini,0,3,3
Nicolinus,3,0,3
Nicolique,0,3,3
Nicolita,0,3,3
Nicolitsa,0,3,3
Nicolitta,0,3,3
Nicollas,0,3,3
Nicollë,3,0,3
Nicôllé,0,3,3
Nicollé,0,3,3
Nicolletha,0,3,3
Nicolletta,0,3,3
Nicollin,0,3,3
Nicollina,0,3,3
Nicollinda,0,3,3
Nicollo,3,0,3
Nicolly,0,3,3
Nicoloeschja,0,3,3
Nicolon,3,0,3
Nicolos,3,0,3
Nicols,3,0,3
Nicolsina,0,3,3
Nicolson,3,0,3
Nicoly,0,3,3
Nicomedis,3,0,3
Nicomenia,0,3,3
Niconel,0,3,3
Niconet,3,0,3
Niconora,0,3,3
Nicool,3,0,3
Nicoole,0,3,3
Nicootje,0,3,3
Nicopilus,3,0,3
Nicoradja,3,0,3
Nicoraily,3,0,3
Nicorein,3,0,3
Nicoret,0,3,3
Nicorien,0,3,3
Nicorieta,0,3,3
Nicorina,0,3,3
Nicorline,0,3,3
Nicoshailies,0,3,3
Nicosia,0,3,3
Nicostrato,3,0,3
Nicozoon,3,0,3
Nicretius,3,0,3
Nicsen,3,0,3
Nicson,3,0,3
Nicu,3,0,3
Niculai,3,0,3
Nicy,0,3,3
Nicyrah,0,3,3
Nida-Rehman,0,3,3
Nidaal,3,0,3
Nidaedin,3,0,3
Nidagül,0,3,3
Nidahl,3,0,3
Nidaim,3,0,3
Nidalee,0,3,3
Nidalia,0,3,3
Nidan,3,0,3
Nidarshani,0,3,3
Nidavah,0,3,3
Nidayi,3,0,3
Niddia,0,3,3
Nide,0,3,3
Nidenne,0,3,3
Nidera,0,3,3
Nideshvaram,3,0,3
Nidgarus,3,0,3
Nidham,0,3,3
Nidhansingh,3,0,3
Nidhyana,0,3,3
Nidiah,0,3,3
Nidian,3,0,3
Nidiayo,3,0,3
Nididja,0,3,3
Nidie,0,3,3
Nidiño,3,0,3
Nidish,3,0,3
Nidjaely,0,3,3
Nidjaya,0,3,3
Nidjensly,3,0,3
Nidjewa,0,3,3
Nidor,3,0,3
Nidra,0,3,3
Nidtida,0,3,3
Nidujaa,0,3,3
Nidum,0,3,3
Nidurshan,3,0,3
Nidusha,0,3,3
Nidycia,0,3,3
Nidyell,3,0,3
Nié,0,3,3
Niean,3,0,3
Niebe,0,3,3
Nieben,3,0,3
Niébla-Sam,0,3,3
Nieca,0,3,3
Niecasia,0,3,3
Niece,0,3,3
Niechand,3,0,3
Niecharya,0,3,3
Niecia,0,3,3
Niecka,0,3,3
Niecke,0,3,3
Niecken,3,0,3
Niecklas,3,0,3
Niecko,3,0,3
Nieclaziena,0,3,3
Niecol,0,3,3
Niecole,0,3,3
Niecolien,0,3,3
Niecus,3,0,3
Niecy,0,3,3
Niedal,3,0,3
Niedea,0,3,3
Niederick,3,0,3
Niedriskakoemarie,0,3,3
Nieemmath,0,3,3
Nieg,0,3,3
Niehad,0,3,3
Nieja,0,3,3
Niejaas,3,0,3
Niejeske,0,3,3
Niejma,0,3,3
Niejo,3,0,3
Niek-Bastiaan,3,0,3
Niek-Joris,3,0,3
Niek-Jos,3,0,3
Niek-Willem,3,0,3
Niekaela,0,3,3
Niekaj,3,0,3
Niekan,3,0,3
Niekander,3,0,3
Niekay,3,0,3
Niekbachsh,3,0,3
"Nieke,",0,3,3
Nieke-Janne,0,3,3
Niekée,0,3,3
Niekel,3,0,3
Niekelson,3,0,3
Niekka,0,3,3
Niekkan,3,0,3
Niekkhel,3,0,3
Niekki,3,0,3
Niekky,3,0,3
Nieklaziena,0,3,3
Niekol,0,3,3
Niekolai,3,0,3
Niekolaj,3,0,3
Niekolet,0,3,3
Nieks,3,0,3
Nièl,3,0,3
Nielab,0,3,3
Nieladebie,0,3,3
Nielamkumar,3,0,3
Nielan,3,0,3
Nielayah,0,3,3
Nielbert,3,0,3
Nieldo,3,0,3
Niele,3,0,3
Nielefer,0,3,3
Nieleke,0,3,3
Nielem,3,0,3
Nielesh,3,0,3
Niéli,0,3,3
Nielkanth,3,0,3
Niella,0,3,3
Nielles,3,0,3
Niëllo,3,0,3
Niellofar,0,3,3
Niëlma,0,3,3
Nielmanie,3,0,3
Nieloefaar,0,3,3
Nieloefar,0,3,3
Nieloefer,0,3,3
Nieloep,3,0,3
Nieloever,0,3,3
Nielprakash,3,0,3
Nielranj-Sing,3,0,3
Niels-Aage,3,0,3
Niels-Antoine,3,0,3
Niels-Arne,3,0,3
Niels-Christiaan,3,0,3
Niels-Daniël,3,0,3
Niels-Edwin,3,0,3
Niels-Eric,3,0,3
Niels-Erik,3,0,3
Niels-Evert,3,0,3
Niels-Henrik,3,0,3
Niels-Jasper,3,0,3
Niels-Johan,3,0,3
Niels-Jon,3,0,3
Niels-Joost,3,0,3
Niels-Jörgen,3,0,3
Niels-Jörn,3,0,3
Niels-Julius,3,0,3
Niels-Jurriaan,3,0,3
Niels-Martijn,3,0,3
Niels-Menno,3,0,3
Niels-Olaf,3,0,3
Niels-Olav,3,0,3
Niels-Peeter,3,0,3
Niels-Robbert,3,0,3
Niels-Roy,3,0,3
Niels-Ruben,3,0,3
Niels-Simon,3,0,3
Niels-Valentijn,3,0,3
Niels-Yvo,3,0,3
Nielsa,0,3,3
Nielsander,3,0,3
Nielsovna,0,3,3
Nielspeter,3,0,3
Nielsyan,3,0,3
Nielsz,3,0,3
Nieluzzoon,3,0,3
Nielz,3,0,3
Niemâa,0,3,3
Niemat,0,3,3
Niemel,0,3,3
Niemke,0,3,3
Niemrha,0,3,3
Nien-T'Ang,3,0,3
Nienandjerie,0,3,3
Niendiya,0,3,3
Niendja,0,3,3
Nieni,0,3,3
Nienjae,0,3,3
Nienjo,3,0,3
Nienka,0,3,3
Nienke-Anne,0,3,3
Nienke-Charlotte,0,3,3
Nienke-Eefje,0,3,3
Nienke-Elise,0,3,3
Nienke-Fleur,0,3,3
Nienke-Jolijn,0,3,3
Nienke-Jonneke,0,3,3
Nienke-Marit,0,3,3
Nienke-Martine,0,3,3
Nienke-Monique,0,3,3
Nienke-Natasha,0,3,3
Nienke-Roosmarijn,0,3,3
Nienke-Sophie,0,3,3
Nienke-Tialda,0,3,3
Nienkie,0,3,3
Niënne,0,3,3
Nienno,3,0,3
Nienoe,0,3,3
Nienouk,0,3,3
Niente,0,3,3
Nientje,0,3,3
Nieny,0,3,3
Nieph,0,3,3
Niera-Josine,0,3,3
Nieradjsain,3,0,3
Nierienja,0,3,3
Nierika,0,3,3
Nierinder,3,0,3
Nierinderkoemar,3,0,3
Nierlinda,0,3,3
Niermaladebie,0,3,3
Niermaladibie,0,3,3
Niermalla,0,3,3
Niermel,3,0,3
Nieroepawatie,0,3,3
Nieron,3,0,3
Nierosh,3,0,3
Nierus,3,0,3
Nierwana,0,3,3
Niesan,0,3,3
Niesanne,0,3,3
Niesch,3,0,3
Niescha,3,0,3
Nieselien,0,3,3
Nieset,0,3,3
Niësha,0,3,3
Nieshant,3,0,3
Nieshara,0,3,3
Nieshti,0,3,3
Niesi,0,3,3
Niesie,0,3,3
Niesjanali,3,0,3
Niesjén,0,3,3
Niesk,3,0,3
Nieske-Antsje,0,3,3
Nieske-Lianne,0,3,3
Nieskina,0,3,3
Niesrin,0,3,3
Niesryn,0,3,3
Niëssa,0,3,3
Niessanne,0,3,3
Niesset,0,3,3
Niessette,0,3,3
Niessiem,3,0,3
Niessiennus,3,0,3
Niessijn,0,3,3
Nieszien,0,3,3
Niéta,0,3,3
Nietacha,0,3,3
Nieten,3,0,3
Nietenpreet,3,0,3
Nietesch,3,0,3
Niethoen,3,0,3
Nietje,0,3,3
Niëto,3,0,3
Nieto,3,0,3
Nietske,0,3,3
Nieuwaal,3,0,3
Nieuwke,0,3,3
Nieuwsha,0,3,3
Nieuwsja,0,3,3
Nieva,0,3,3
Niëva,0,3,3
Nievah,0,3,3
Niève,0,3,3
Nieveejan,3,0,3
Nièves,0,3,3
Niëves,0,3,3
Nievis,0,3,3
Niewold,3,0,3
Nieyam,0,3,3
Niezam,3,0,3
Niezamali,3,0,3
Nieze,0,3,3
Niezienus,3,0,3
Niezinus,3,0,3
Nifa,3,0,3
Nifainy,0,3,3
Nifaiya,0,3,3
Nifard,3,0,3
Nifasha,0,3,3
Nifaya,0,3,3
Nifemi,0,3,3
Nifen,3,0,3
Nifesz,0,3,3
Niffyn,3,0,3
Nifitiri,0,3,3
Nifka,0,3,3
Nifon,3,0,3
Nifré,0,3,3
Niftaham,3,0,3
Niftullah,3,0,3
Nifty,0,3,3
Nigah,0,3,3
Nigai,3,0,3
Nigaïl,3,0,3
Nigail,3,0,3
Nigaila,0,3,3
Nigairo,3,0,3
Nigari,0,3,3
Nigédy-ann,0,3,3
Nigeen,0,3,3
Nigeevan,3,0,3
Nıgel,3,0,3
Nïgel,3,0,3
Nigël,3,0,3
Nigel-Daniël,3,0,3
Nigel-Errol,3,0,3
Nigel-Gerralt,3,0,3
Nigel-Joël,3,0,3
Nigel-John,3,0,3
Nigel-Lee,3,0,3
Nigel-Maze,3,0,3
Nigel-Tim,3,0,3
Nigéla,0,3,3
Nigelano,3,0,3
Nigelda,0,3,3
Nigeley,0,3,3
Nigëley,0,3,3
Nigelio,3,0,3
Nigellisha,0,3,3
Nigelliyah,0,3,3
Nigello,3,0,3
Nigellow,3,0,3
Nigelniels,3,0,3
Nigelo,3,0,3
Nigelren,3,0,3
Nigendra,3,0,3
Niger,3,0,3
Nigerey,3,0,3
Niges,3,0,3
Nigésha,0,3,3
Nigetha,0,3,3
Nigheal,3,0,3
Nighella,0,3,3
Nigheriâ,0,3,3
Nighesty,0,3,3
Night,3,0,3
Nightel,3,0,3
Nightingale,0,3,3
Nightley,0,3,3
Nigiano,3,0,3
Nigidia,0,3,3
Nigiessa,0,3,3
Nigil,3,0,3
Nigila,0,3,3
Nigim,3,0,3
Nigishan,3,0,3
Nigisti,0,3,3
Nigita,0,3,3
Niglo,3,0,3
Nigm,3,0,3
Nigmet,0,3,3
Nigritiano,3,0,3
Niguella,0,3,3
Niguelle,0,3,3
Niguima,0,3,3
Nigy,3,0,3
Nigyinda,0,3,3
Nihaan,0,3,3
Nihaat,0,3,3
Nihada,0,3,3
Nihaela,0,3,3
Nihai,0,3,3
Nihaigely,0,3,3
Nihainelly,0,3,3
Nihal-Ur,3,0,3
Nihale,0,3,3
Nihalia,0,3,3
Niham,0,3,3
Nihannur,0,3,3
Nihatcan,3,0,3
Nihaylah,0,3,3
Nihayra,0,3,3
Nihelie,0,3,3
Nihema,0,3,3
Nihgil,3,0,3
Nihiala,0,3,3
Nihitha,0,3,3
Nihm,3,0,3
Nihma,0,3,3
Nihmed,0,3,3
Nihn,3,0,3
Nihria,0,3,3
Nihru,3,0,3
Nihsaam,3,0,3
Nihushca,0,3,3
Nihva,0,3,3
Nihwa,0,3,3
Nihyara,0,3,3
Nii-Adon,3,0,3
Nii-Adu,3,0,3
Nii-Amartey,3,0,3
Nii-Barnor,3,0,3
Nii-Kwartei,3,0,3
Nii-Kwartey,3,0,3
Nii-lante,3,0,3
Nii-Martey,3,0,3
Nii-Nueh,3,0,3
Nii-Otu,3,0,3
Niiadu,3,0,3
Niika,0,3,3
Niikoi,3,0,3
Niilanguaye,3,0,3
Niilantey,3,0,3
Niilas,3,0,3
Niîma,0,3,3
Niima,0,3,3
Niimet,0,3,3
Niín,0,3,3
Niinke,0,3,3
Niiquae,3,0,3
Niitetey,3,0,3
Nijaeyla,0,3,3
Nijailoana,0,3,3
Nijam,3,0,3
Nijama,0,3,3
Nijar,3,0,3
Nijaylee,0,3,3
Nijayo,3,0,3
Nijdes,3,0,3
Nijgh,3,0,3
Nijhard,3,0,3
Nijico,0,3,3
Nijiho,0,3,3
Nijinski,3,0,3
Nijke,0,3,3
Nijkola,3,0,3
Nijma,0,3,3
Nijman,3,0,3
Nijmeh,0,3,3
Nijolė,0,3,3
Nijolé,0,3,3
Nijole,0,3,3
Nijoska,0,3,3
Nijre,0,3,3
Nijreez,3,0,3
Nijs-Bertus,3,0,3
Nijsbertha,0,3,3
Nijsin,0,3,3
Nijsius,3,0,3
Nijssiene,0,3,3
Nijssine,0,3,3
Nijswin,3,0,3
Nijtin,3,0,3
Nijtisia,0,3,3
Nijura,0,3,3
Nika-Joy,0,3,3
Nika-Noelle,0,3,3
Nikaa,0,3,3
Nikaay,3,0,3
Nikadelle,0,3,3
Nikaé,0,3,3
Nikaelle,0,3,3
Níkai,3,0,3
Nikáj,3,0,3
Nikam,3,0,3
Nikana,0,3,3
Nikao,3,0,3
Nikarchia,0,3,3
Nikas,3,0,3
Nikashia,0,3,3
Nikasia,0,3,3
Nikaudy,0,3,3
Nikauri,0,3,3
Nikayï,3,0,3
Nikayil,3,0,3
Nikayin,3,0,3
Nikayl,3,0,3
Nikaylin,0,3,3
Nikcas,3,0,3
Nikdel,3,0,3
Nikě,0,3,3
Nikeeh,0,3,3
Nikeh,0,3,3
Nikèh,0,3,3
Nikei,3,0,3
Nikéla,0,3,3
Nikèlaos,3,0,3
Nikelien,0,3,3
Nikelle,0,3,3
Nikels,3,0,3
Nikem,3,0,3
Niken,0,3,3
Nikesh-Prasant,3,0,3
Niket,0,3,3
Nikethan,3,0,3
Niketia,0,3,3
Nikèy,0,3,3
Nikeza,0,3,3
Nikha,0,3,3
Nikhe,0,3,3
Nikhila,0,3,3
Nikhilkapoer,3,0,3
Níkhílkumar,3,0,3
Nikhom,3,0,3
Niki-Baudwine,0,3,3
Niki-Maral,0,3,3
Nikiah,0,3,3
Nikichia,0,3,3
Nikiesha,0,3,3
Nikifor,3,0,3
Nikikita,0,3,3
Nikikki,0,3,3
Nikila,0,3,3
Nikimo,3,0,3
Nikina,0,3,3
Nikinth,3,0,3
Nikira,0,3,3
Nikishan,3,0,3
Nikit,3,0,3
Níkita,3,0,3
Nikitá,0,3,3
Nikita-Bailey,0,3,3
Nikita-Kaylee,0,3,3
Nikita-Maria,0,3,3
Nikita-Olav,3,0,3
Nikitasha,0,3,3
Nikite,0,3,3
Nikítha,0,3,3
Nikitich,3,0,3
Nikitin,3,0,3
Nikitò,3,0,3
Nikitsa,0,3,3
Nikivor,3,0,3
Nikkadam,3,0,3
Nikkel,0,3,3
Nikkels,3,0,3
Nikkely,0,3,3
Nikkí,0,3,3
Nikki-Amélie,0,3,3
Nikki-Babs,0,3,3
Nikki-Beau,0,3,3
Nikki-Billie,0,3,3
Nikki-Blue,0,3,3
Nikki-Bo,0,3,3
Nikki-Daniëlle,0,3,3
Nikki-Faye,0,3,3
Nikki-Fleur,0,3,3
Nikki-jade,0,3,3
Nikki-Jane,0,3,3
Nikki-Jean,0,3,3
Nikki-Joy,0,3,3
Nikki-Lee,0,3,3
Nikki-lisa,0,3,3
Nikki-Lynn,0,3,3
Nikkiah,0,3,3
Nikkie-Jane,0,3,3
Nikkisha,0,3,3
Nikki_J,0,3,3
Nikky-Jayney,0,3,3
Nikkytha,0,3,3
Niklaes,3,0,3
Niklai,3,0,3
Niklàs,3,0,3
Niklasanne,0,3,3
Niklasine,0,3,3
Niklass,3,0,3
Niklazien,0,3,3
Niklin,0,3,3
Nikmat,3,0,3
Nikodemes,3,0,3
Nikodimos,3,0,3
Nikohos,3,0,3
Nikoi,3,0,3
Nikojan,3,0,3
Nikolà,0,3,3
Nikolae,3,0,3
Nikolaíev,3,0,3
Nikolaij,3,0,3
Nikolajev,3,0,3
Nikolajeva,0,3,3
Nikolajevieč,3,0,3
Nikolajewitsj,3,0,3
Nikolajs,3,0,3
Nikolara,0,3,3
Nikolàs,3,0,3
Nikòlas,3,0,3
Nikolaüs,3,0,3
Nikolayevich,3,0,3
Nikolayevna,0,3,3
Nikolays,3,0,3
Nikoliana,0,3,3
Nikolic,3,0,3
Nikolijn,0,3,3
Nikolinka,0,3,3
Nikolitsa,0,3,3
Nikolja,3,0,3
Nikolka,0,3,3
Nikolleta,0,3,3
Nikoly,3,0,3
Nikomo,3,0,3
Nikon,3,0,3
Nikor,3,0,3
Nikorinus,3,0,3
Nikos-Josh,3,0,3
Nikosi,3,0,3
Nikriz,0,3,3
Nikshaira,0,3,3
Nikshya,0,3,3
Nikson,3,0,3
Nikté,0,3,3
Nikunj,3,0,3
Nikunjpriya,0,3,3
Nikuze,0,3,3
Nikyani,0,3,3
Nikyra,0,3,3
Nila-Isú,0,3,3
Nila-Maica,0,3,3
Nilaa,0,3,3
Nilaajan,3,0,3
Nilaan,3,0,3
Niladebie,0,3,3
Nilah-Jools,0,3,3
Nilahwati,0,3,3
Nilaijha,0,3,3
Nilaine,0,3,3
Nilaiya,0,3,3
Nilaiza,0,3,3
Nilakantha,3,0,3
Nilakrishna,0,3,3
Nilakshana,0,3,3
Nilaksi,0,3,3
Nilakstena,0,3,3
Nilana,0,3,3
Nilandia,0,3,3
Nilaney,0,3,3
Nilang,0,3,3
Nilani-Raja,0,3,3
Nilantha,3,0,3
Nilanthy,0,3,3
Nilashadevi,0,3,3
Nilava,0,3,3
Nilaxsan,3,0,3
Nilây,0,3,3
Nilay-Darany,0,3,3
Nilayah-Mae,0,3,3
Nilayah-Mea,0,3,3
Nilayla,0,3,3
Nilayna,0,3,3
Nilaynaz,0,3,3
Nilayni,0,3,3
Nilberto,3,0,3
Nilce,0,3,3
Nilcela,0,3,3
Nildanur,0,3,3
Nildum,0,3,3
Nile,3,0,3
Nilé,3,0,3
Nilea,0,3,3
Nileah,0,3,3
Nileandro,3,0,3
Nileesh,3,0,3
Nilem,0,3,3
Nilema,0,3,3
Nilen,3,0,3
Nilène,0,3,3
Nilesi,0,3,3
Nileya,0,3,3
Nileyn,0,3,3
Nileys,0,3,3
Nilgio,3,0,3
Nilgrenica,0,3,3
Nilguin,0,3,3
Nília,0,3,3
Nilidh,3,0,3
Nilina,0,3,3
Nilinho,3,0,3
Nilirayani,0,3,3
Nilishma,0,3,3
Niliskoemar,3,0,3
Niljaiwantie,0,3,3
Niljan,3,0,3
Niljau,3,0,3
Niljessa,0,3,3
Nilka,0,3,3
Nilkauri,0,3,3
Nilke,0,3,3
Nillab,0,3,3
Nillan,3,0,3
Nilli,0,3,3
Nillian,0,3,3
Nillie,0,3,3
Nillisem,0,3,3
Nillofar,0,3,3
Nillrano,3,0,3
Nillson,3,0,3
Nillus,3,0,3
Nilmex,3,0,3
Nïlo,3,0,3
Niloc,3,0,3
Nilochen,3,0,3
Niloe,0,3,3
Niloefaar,0,3,3
Niloh,3,0,3
Nilomar,3,0,3
Nilomica,0,3,3
Nilon,3,0,3
Nilos,3,0,3
Nilouh,0,3,3
Nilouphar,0,3,3
Nilouq,0,3,3
Nilouvar,0,3,3
Nilova,0,3,3
Niloval,0,3,3
Nilovar,0,3,3
Nilover,0,3,3
Niloya,0,3,3
Niloyan,3,0,3
Nilrocy,3,0,3
Nìls,3,0,3
Níls,3,0,3
Nils-Anders,3,0,3
Nils-Casper,3,0,3
Nils-Christian,3,0,3
Nils-Ingvar,3,0,3
Nils-Jan-Hendrik,3,0,3
Nils-Linne,3,0,3
Nils-Olav,3,0,3
Nils-Patrick,3,0,3
Nils-Pepijn,3,0,3
Nilşah,0,3,3
Nilsam,3,0,3
Nilsão,3,0,3
Nilsdatter,0,3,3
Nilshendley,3,0,3
Nilshendy,3,0,3
Nilsiomar,3,0,3
Nilsje,0,3,3
Nilska,0,3,3
Nilske,0,3,3
Nilssøn,3,0,3
Niltanio,3,0,3
Nilthon,3,0,3
Nílton,3,0,3
Niltsan,3,0,3
Niluca,3,0,3
Nilufaar,0,3,3
Niluh,0,3,3
NiLuh,0,3,3
Niluja,0,3,3
Nilüver,0,3,3
Niluxsan,3,0,3
Nilvander,3,0,3
Nilvano,3,0,3
Nilviela,0,3,3
Nilya,0,3,3
Nilyano,3,0,3
Nilyjah,0,3,3
Nilyn,3,0,3
Nilynie,0,3,3
Nilyün,0,3,3
Nilze,3,0,3
Nïm,0,3,3
Nim'aan,3,0,3
Nim-Chee,0,3,3
Nim-Chi,0,3,3
Nim-Jace,0,3,3
Nim-Rod,3,0,3
Nïma,0,3,3
Nimá,0,3,3
Nīmā,3,0,3
Nima-Lani,0,3,3
Nimade,3,0,3
Nimae,0,3,3
Nimāi,3,0,3
Nimai-Nityadāsa,3,0,3
Nimairo,3,0,3
Nimaisa,0,3,3
Nimajen,0,3,3
Nimako,3,0,3
Nimali,0,3,3
Nimalie,0,3,3
Nimaneno,0,3,3
Nimano,3,0,3
Nimansa,0,3,3
Nimara,0,3,3
Nimarjeet,0,3,3
Nimas,0,3,3
Nimasha,0,3,3
Nimaya,0,3,3
Nimayhi,3,0,3
Nimba,0,3,3
Nimbra,0,3,3
Nimbrod,3,0,3
Nimdee,0,3,3
Nimdy,0,3,3
Nimé,0,3,3
Nimeesh,3,0,3
Nimeli,0,3,3
Nimencio,3,0,3
Nimesha,3,0,3
Nimetullah,3,0,3
Nimf,0,3,3
Nimféa,0,3,3
Nimfi,0,3,3
Nimfke,0,3,3
Nimho,0,3,3
Nimhue,0,3,3
Nimir,3,0,3
Nimish,3,0,3
Nimisha,0,3,3
Nimit,3,0,3
Nimitabel,0,3,3
Nimja,0,3,3
Nimka,0,3,3
Nimloth,0,3,3
Nimma,0,3,3
Nimmaly,0,3,3
Nimmia,0,3,3
Nimmo,3,0,3
Nimmoo,3,0,3
Nimmy,0,3,3
Nimna,0,3,3
Nimnath,3,0,3
Nimoh,0,3,3
Nimon,3,0,3
Nimoy,3,0,3
Nimpha,0,3,3
Nimphe,0,3,3
Nimranjit,0,3,3
Nimrim,3,0,3
Nimród,3,0,3
Nimrodel,0,3,3
Nimrot,3,0,3
Nimrut,3,0,3
Nims,0,3,3
Nimüe,0,3,3
Nimwue,0,3,3
Nimzowitsch,3,0,3
Nin-Jah,0,3,3
Nina-Alissa,0,3,3
Nina-Alyssa,0,3,3
Nina-Beau,0,3,3
Nina-Belle,0,3,3
Nina-Claire,0,3,3
Nina-Diantie,0,3,3
Nina-Elisa,0,3,3
Nina-Elise,0,3,3
Nina-faye,0,3,3
Nina-fee,0,3,3
Nina-Fenna,0,3,3
Nina-Jo,0,3,3
Nina-Joan,0,3,3
Nina-Joy,0,3,3
Nina-Kahena,0,3,3
Nina-Laure,0,3,3
Nina-Lente,0,3,3
Nina-Li,0,3,3
Nina-Lijntje,0,3,3
Nina-Lisa,0,3,3
Nina-Lot,0,3,3
Nina-Lotte,0,3,3
Nina-Lou,0,3,3
Nina-Louise,0,3,3
Nina-Malay,0,3,3
Nina-Malou,0,3,3
Nina-Marij,0,3,3
Nina-Marly,0,3,3
Nina-Michelle,0,3,3
Nina-Milou,0,3,3
Nina-Noméa,0,3,3
Nina-Raquêlla,0,3,3
Nina-Roos,0,3,3
Nina-Rosa,0,3,3
Nina-Roza,0,3,3
Nina-Ruth,0,3,3
Nina-Sare,0,3,3
Nina-Simone,0,3,3
Nina-Sofia,0,3,3
Nina-Sophia,0,3,3
Nina-Zara,0,3,3
Nina-Zinzi,0,3,3
Ninaar,0,3,3
Ninabella,0,3,3
Ninad,3,0,3
Ninah-Sophie,0,3,3
Ninai,0,3,3
Ninaïs,0,3,3
Ninamarieke,0,3,3
Ninamarije,0,3,3
Ninamba,0,3,3
Ninandjal,0,3,3
Ninanna,0,3,3
Ninanoushka,0,3,3
Ninant,3,0,3
Ninav,0,3,3
Ninaya,0,3,3
Ninca,0,3,3
Ninchie,3,0,3
Nincia,0,3,3
Nincka,0,3,3
Ninco,3,0,3
Ninda,0,3,3
Nindi,0,3,3
Nindia,0,3,3
Nindjalahdevi,0,3,3
Nindo,3,0,3
Nindya,0,3,3
Nindyatmodjo,3,0,3
Ninè,0,3,3
Nine-anne,0,3,3
Nine-Fleur,0,3,3
Nine-Lau,0,3,3
Nine-Lieke,0,3,3
Nine-Liesebeth,0,3,3
Nine-Marie,0,3,3
Nine-Marije,0,3,3
Nine-Sare,0,3,3
Ninedinna,0,3,3
Ninéé,0,3,3
Nineel,0,3,3
Ninefee,0,3,3
Ninelotte,0,3,3
Ninevah,0,3,3
Ninfee,0,3,3
Ningal,0,3,3
Ninge-Marins,0,3,3
Ningertje,0,3,3
Ninghé,0,3,3
Ninglianto,3,0,3
Ningoline,0,3,3
Ningrat,3,0,3
Ningxi,0,3,3
Ningyou,3,0,3
Ninharra,0,3,3
Nini-Catharina,0,3,3
Ninía,0,3,3
Ninianne,0,3,3
Niniche,0,3,3
Ninidh,0,3,3
Niniëne,0,3,3
Ninih,0,3,3
Ninik,0,3,3
Ninike,0,3,3
Ninilda,0,3,3
Nining,0,3,3
Nininho,3,0,3
Niniola,0,3,3
Ninir,3,0,3
Ninive,0,3,3
Niniwe,0,3,3
Niñja,0,3,3
Ninjana,0,3,3
Ninjarah,0,3,3
Ninjéh,3,0,3
Ninjiro,3,0,3
Niñjo,3,0,3
Ninke-Maike,0,3,3
Ninkina,0,3,3
Ninlil,0,3,3
Ninnae,0,3,3
Ninne-Mae,0,3,3
Ninnerosa,0,3,3
Ninnian,0,3,3
Ninnib,3,0,3
Ninnog,0,3,3
Ninõ,3,0,3
Nino-Angelo,3,0,3
Nino-Léon,3,0,3
Nino-Lévi,3,0,3
Nino-Mexx,3,0,3
Nino-Nolly,3,0,3
Ninoeschka,0,3,3
Ninoh,3,0,3
Ninom,0,3,3
Ninón,0,3,3
Ninòn,0,3,3
Ninor,3,0,3
Ninora,0,3,3
Ninort,3,0,3
Ninoschca,0,3,3
Ninoshka,0,3,3
Ninoslav,3,0,3
Ninotcha,0,3,3
Ninotschjka,0,3,3
Ninotsja,0,3,3
Ninotskha,0,3,3
Ninotszka,0,3,3
Ninousch,3,0,3
Ninousha,0,3,3
Ninoushka,0,3,3
Ninoutshka,0,3,3
Ninovanni,3,0,3
Ninové,0,3,3
Ninsarah,0,3,3
Ninschar,3,0,3
Ninson,3,0,3
Ninsun,0,3,3
Ninta,0,3,3
Ninte-Eline,0,3,3
Ninth,0,3,3
Ninthe-Lora,0,3,3
Ninthe-Marle,0,3,3
Ninthe-Nova,0,3,3
Ninthen,3,0,3
Ninthusha,0,3,3
Nintske,0,3,3
Nintunze,3,0,3
Ninu,0,3,3
Ninua,0,3,3
Ninuncia,0,3,3
Ninusch,0,3,3
Ninushan,3,0,3
Ninva,0,3,3
Ninve,0,3,3
Ninveh,0,3,3
Ninweh,0,3,3
Ninyo,3,0,3
Nïo,3,0,3
Nío,3,0,3
Nio-José,0,3,3
Nio-Tosh,3,0,3
Niobé,0,3,3
Niobertha,0,3,3
Niobey,0,3,3
Nioclás,3,0,3
Niocolas,3,0,3
Nioëly,0,3,3
Nioën,3,0,3
Niolaas,3,0,3
Niomara,0,3,3
Niomé,0,3,3
Niomï,0,3,3
Niömi,0,3,3
Nïomy,0,3,3
Nion,3,0,3
Niony,0,3,3
Niorina,0,3,3
Nioro,3,0,3
Niory,0,3,3
Niosha,0,3,3
Niou,3,0,3
Niouk,0,3,3
Niovanni,3,0,3
Niove,0,3,3
Niovè,0,3,3
Nióvi,0,3,3
Nipael,0,3,3
Nipawannawadee,0,3,3
Nipeh,3,0,3
Niphada,0,3,3
Nipharu,3,0,3
Niphillion,3,0,3
Nipocella,0,3,3
Nipooshan,3,0,3
Nipour,3,0,3
Nippie,0,3,3
Nippon,3,0,3
Nipur,3,0,3
NiQ,3,0,3
Niq,3,0,3
Niqeel,3,0,3
Niqelai,3,0,3
Niqille,3,0,3
Niqischa,0,3,3
Niqisha,0,3,3
Niqqui,0,3,3
Niqshal,3,0,3
Niquacha,0,3,3
Níque,3,0,3
Nique-Isabelle,0,3,3
Niquee,0,3,3
Niqueé,0,3,3
Niquela,0,3,3
Niqueta,0,3,3
Niquitha,0,3,3
Niquitta,0,3,3
Niraantak,3,0,3
Nirac,3,0,3
Niradara,0,3,3
Niradjkoemar,3,0,3
Niradjkumar,3,0,3
Niradjpersad,3,0,3
Nirai,3,0,3
Niraila,0,3,3
Nirailys,0,3,3
Niraisa,0,3,3
Niraisha,0,3,3
Nirajana,0,3,3
Nirajkumar,3,0,3
Niraly,0,3,3
Niralya,0,3,3
Niram,0,3,3
Niran-Dolvin,3,0,3
Nirana,0,3,3
Nirand,3,0,3
Niranda,0,3,3
Nirandally,0,3,3
Niranjandath,3,0,3
Niranka,0,3,3
Niransu,0,3,3
Niranxa,0,3,3
Nirany,0,3,3
Niranyana,0,3,3
Nirasha,0,3,3
Nirashnee,0,3,3
Nirasja,0,3,3
Nirav-singh,3,0,3
Nirayda,0,3,3
Niraydah,0,3,3
Nirayshany,0,3,3
Nirayshelino,3,0,3
Nirbhay,3,0,3
Nirdesh,3,0,3
Nire,3,0,3
Niréas,3,0,3
Nireen,0,3,3
Nirell,3,0,3
Niren,3,0,3
Nirendra,3,0,3
Nires,3,0,3
Nirfan,3,0,3
Nirgúl,0,3,3
Nirgül,0,3,3
Nirguna,0,3,3
Niria,0,3,3
Nirian,3,0,3
Nirida,0,3,3
Nirielle,0,3,3
Niriksha,0,3,3
Nirita,0,3,3
Nirith,0,3,3
Niritheshwardath,3,0,3
Nirjana,0,3,3
Nirjaradevi,0,3,3
Nirlen,0,3,3
Nirlène,0,3,3
Nirmala-Devi,0,3,3
Nirmala-Majawatie,0,3,3
Nirmalawatie,0,3,3
Nirmalha,0,3,3
Nirmaljeet,0,3,3
Nirmalkoemar,3,0,3
Nirmallah,0,3,3
Nirmalpersad,3,0,3
Nirmalsing,3,0,3
Nirman,3,0,3
Nirmanjit,0,3,3
Nirmay,3,0,3
Nirmela,0,3,3
Nirmen,0,3,3
Nirmiin,0,3,3
Nirmol,0,3,3
Nirobi,0,3,3
Niroch,3,0,3
Nirod,3,0,3
Niroda,0,3,3
Niroelsing,3,0,3
Niroen,3,0,3
Niroepa,0,3,3
Niroj,0,3,3
Nirojini,0,3,3
Nirola,0,3,3
Nironnys,0,3,3
Niroo,3,0,3
Nirosan,3,0,3
Niroschan,3,0,3
Niroshanie,0,3,3
Niroshini,0,3,3
Niroufa,0,3,3
Nirous,3,0,3
Nirouz,0,3,3
Nirriah,0,3,3
Nirrimy,0,3,3
Niruben,3,0,3
Niruin,3,0,3
Nirusa,0,3,3
Nirusan,3,0,3
Nirusen,3,0,3
Nirush,3,0,3
Nirusha,0,3,3
Niruththikaa,0,3,3
Niruyan,3,0,3
Nirva,0,3,3
Nirvair,3,0,3
Nirván,3,0,3
Nirvana-June,0,3,3
Nirvann,3,0,3
Nirvanna,0,3,3
Nirvanyo,3,0,3
Nirvarijsha,0,3,3
Nirvikalpa,0,3,3
Nirwair,3,0,3
Nirydis,0,3,3
Nirza,0,3,3
Nîsa,0,3,3
Nisā,0,3,3
Nisă,0,3,3
Nisaagan,3,0,3
Nisaaleyna,0,3,3
Nisaam,3,0,3
Nisaaralie,3,0,3
Nisagatoen,0,3,3
Nisaghatoen,0,3,3
Nisai,3,0,3
Nisaila,0,3,3
Nisal,3,0,3
Nisanda,3,0,3
Nisanka,0,3,3
Nisanor,0,3,3
Nisansela,0,3,3
Nisant,3,0,3
Nisanta,3,0,3
Nisantha,3,0,3
Nisanto,3,0,3
Nisânur,0,3,3
Nisarga,3,0,3
Nisarly,0,3,3
Nisay,3,0,3
Nisayah,0,3,3
Nisba,0,3,3
Nisbatu,0,3,3
Nisbet,0,3,3
Niscaya,0,3,3
Niscayi,0,3,3
Nischand,3,0,3
Nischenca,0,3,3
Nischey,3,0,3
Nischint,3,0,3
Nischit,3,0,3
Nischja,0,3,3
Nischka,0,3,3
Niscia,0,3,3
Nise,0,3,3
Nisendra,0,3,3
Niseni,0,3,3
Niserien,0,3,3
Niserin,0,3,3
Nisery,0,3,3
Niseta,3,0,3
Niseth,0,3,3
Nishaa,0,3,3
Nishaaj,3,0,3
Nishaam,3,0,3
Nishaankoemar,3,0,3
Nishaany,0,3,3
Nishadebie,0,3,3
Nishadradj,3,0,3
Nishaeyno,3,0,3
Nishaghatoen,0,3,3
Nishaia,0,3,3
Nishaiderly,0,3,3
Nishailo,3,0,3
Nishaily,0,3,3
Nishaïndely,0,3,3
Nishaindely,0,3,3
Nishaineley,0,3,3
Nishainy,0,3,3
Nishairah,0,3,3
Nishakumarie,0,3,3
Nisham,3,0,3
Nishandro,3,0,3
Nishanie,0,3,3
Nishanka,3,0,3
Nishanne,0,3,3
Nishanray,3,0,3
Nishantaly,0,3,3
Nishanteley,0,3,3
Nishanthan,3,0,3
Nishantilly,0,3,3
Nishantsingh,3,0,3
Nishany,0,3,3
Nishar,3,0,3
Nisharaja,0,3,3
Nisharani,0,3,3
Nisharell,0,3,3
Nisharelly,0,3,3
Nisharny,0,3,3
Nisharo,3,0,3
Nisharyra,0,3,3
Nishayad,3,0,3
Nishayed,3,0,3
Nishayer,3,0,3
Nishayla,0,3,3
Nishayli,0,3,3
Nishaymelie,0,3,3
Nishayna,0,3,3
Nishayrah,0,3,3
Nishayron,3,0,3
Nishchaya,0,3,3
Nishchint,3,0,3
Nishedrika,0,3,3
Nisheely,0,3,3
Nisheena,0,3,3
Nisheet,3,0,3
Nishel,3,0,3
Nishell,0,3,3
Nishèll-Janay,0,3,3
Nishelle,0,3,3
Nishendre,3,0,3
Nishenne,0,3,3
Nishesh,3,0,3
Nishiandaly,0,3,3
Nishida,0,3,3
Nishihaira,0,3,3
Nishikan,3,0,3
Nishikant,3,0,3
Nishil,3,0,3
Nishila,0,3,3
Nishim,3,0,3
Nishima,0,3,3
Nishitha,0,3,3
Nishja,0,3,3
Nishma,0,3,3
Nishmaël,3,0,3
Nishon,3,0,3
Nishra,3,0,3
Nishrina,0,3,3
Nishu,0,3,3
Nishuhairo,3,0,3
Nishukumar,3,0,3
Nishy,0,3,3
Nishyra,0,3,3
Nishyro,3,0,3
Nisiena,0,3,3
Nisim-Chai,3,0,3
Nisitha,0,3,3
Nisius,3,0,3
Nisja,0,3,3
Nisjaad,3,0,3
Nisjaadali,3,0,3
Niskalan,3,0,3
Niskalpersad,3,0,3
Niskea,0,3,3
Nisken,0,3,3
Niskje,0,3,3
Nisla,0,3,3
Niso,3,0,3
Nisolle,0,3,3
Nisquali,0,3,3
Nisrén,0,3,3
Nisrene,0,3,3
Nisri,0,3,3
Nisriena,0,3,3
Nîsrine,0,3,3
Nisryn,0,3,3
Niss,3,0,3
Nissa-May,0,3,3
Nissa-Nur,0,3,3
Nissabella,0,3,3
Nissae,0,3,3
Nissanur,0,3,3
Nissara,0,3,3
Nissea,3,0,3
Nisserine,0,3,3
Nissi-Mae,0,3,3
Nissiem,3,0,3
Nissime,3,0,3
Nissira,0,3,3
Nissirine,0,3,3
Nissiva,0,3,3
Nissma,0,3,3
Nister,3,0,3
Nistha,0,3,3
Nistin,3,0,3
Nistina,0,3,3
Nisveta,0,3,3
Nisya,0,3,3
Nisyaanthan,3,0,3
Nisyeli,0,3,3
Nisza,0,3,3
Nita-Valerie,0,3,3
Nitai-Charan,3,0,3
Nitaline,0,3,3
Nitamoah,0,3,3
Nitanee,0,3,3
Nitani,0,3,3
Nitankoemar,3,0,3
Nitara,0,3,3
Nitarena,0,3,3
Nitcha,0,3,3
Nitchakan,0,3,3
Nitchal,3,0,3
Nitchel,3,0,3
Nitcheu,3,0,3
Nitchka,0,3,3
Nite,0,3,3
Niten,3,0,3
Nitendra,3,0,3
Nitèsh,3,0,3
Niteshkoemar,3,0,3
Niteshsingh,3,0,3
Niteshvar,3,0,3
Nith-Haiah,0,3,3
Nithaniël,3,0,3
Nitharsana,0,3,3
Nitharshan,3,0,3
Nitharsini,0,3,3
Nitheen,3,0,3
Nithen,3,0,3
Nithesh,3,0,3
Nithi,3,0,3
Nithiesh,3,0,3
Nithilan,3,0,3
Nithilarajan,3,0,3
Nithim,3,0,3
Nithiya,0,3,3
Nithuja,0,3,3
Nithulan,3,0,3
Nithuna,0,3,3
Nithura,0,3,3
Nithursa,0,3,3
Nithusheka,0,3,3
Nithusiya,0,3,3
Nithya,0,3,3
Nithyanand,3,0,3
Nithyane,0,3,3
Nitiche,3,0,3
Nitida,0,3,3
Nitie,3,0,3
Nitienkumar,3,0,3
Nitil,3,0,3
Nitilak,3,0,3
Nitinderkoemar,3,0,3
Nitinkoemar,3,0,3
Nitinkumarsingh,3,0,3
Nitinvidjant,3,0,3
Nitiphum,3,0,3
Nitis,3,0,3
Nitisa,0,3,3
Nitisch,3,0,3
Nitish-Koemar,3,0,3
Nitishwarkoemar,3,0,3
Nitmiluk,0,3,3
Nitocris,0,3,3
Nitolanda,0,3,3
Nitousche,0,3,3
Nitsha,0,3,3
Nitska,0,3,3
Nitta,0,3,3
Nittany,0,3,3
Nittasha,0,3,3
Nitthard,3,0,3
Nitti,3,0,3
Nittish,3,0,3
Nittu,0,3,3
Nitty,0,3,3
Nitu,0,3,3
Nituna,0,3,3
Nitus,3,0,3
Nity,0,3,3
Nityadevi,0,3,3
Nityānanda,3,0,3
Nityapriya,0,3,3
Nityasri,0,3,3
Nitzana,0,3,3
Nitzchia,0,3,3
Nitzia,0,3,3
Niué,0,3,3
Niuklahs,3,0,3
Niumar,3,0,3
Nïvaeno,3,0,3
Nivailie,0,3,3
Nivailo,3,0,3
Nivaio,3,0,3
Nivairo,3,0,3
Nivald,3,0,3
Nivani,0,3,3
Nivanio,3,0,3
Nivano,3,0,3
Nivaran,3,0,3
Nivari,0,3,3
Nivarro,3,0,3
Nivash,3,0,3
Nivashnidevi,0,3,3
Nivaya,0,3,3
Nivayno,3,0,3
Niveda,0,3,3
Niveden,3,0,3
Nivedeta,0,3,3
Nivedha,0,3,3
Niveditashri,0,3,3
Niveen,0,3,3
Niveka,0,3,3
Nivelle,3,0,3
Nivèn,3,0,3
Niven-Nohr,3,0,3
Nivendar,3,0,3
Nivenka,0,3,3
Nivenus,0,3,3
Niverin,0,3,3
Niveshnie,0,3,3
Niveshri,0,3,3
Nivethen,3,0,3
Nivethigan,3,0,3
Nivethika,0,3,3
Nivethitha,0,3,3
Nivian,0,3,3
Nivïeny,0,3,3
Nivikka,0,3,3
Nivile,3,0,3
Nivïne,0,3,3
Nivinth,3,0,3
Nivisan,3,0,3
Nivisneis,0,3,3
Nivita,0,3,3
Nivithan,3,0,3
Nivon,3,0,3
Nivretini,0,3,3
Nivyèn,0,3,3
Niwa,3,0,3
Niwaku,3,0,3
Niwan,3,0,3
Niwanthi,0,3,3
Niwes,0,3,3
Niwine,0,3,3
Niwish,3,0,3
Niwita,0,3,3
Niwka,0,3,3
Niwot,3,0,3
Nixeldrick,3,0,3
Nixi,0,3,3
Nixiomara,0,3,3
Nixreen,0,3,3
Nixshan,3,0,3
Niya'lee,0,3,3
Niyaan,0,3,3
Niyaas,3,0,3
Niyaazhoesain,3,0,3
Niyaazi,3,0,3
Niyaazkhan,3,0,3
Niyae,0,3,3
Niyairah,0,3,3
Niyake,0,3,3
Niyalana,0,3,3
Niyama,0,3,3
Niyamananda,3,0,3
Niyan,3,0,3
Niyani,0,3,3
Niyano,3,0,3
Niyantika,0,3,3
Niyarah,0,3,3
Niyarai,0,3,3
Niyarhan,0,3,3
Niyari,0,3,3
Niyata,0,3,3
Niyatie,0,3,3
Niyazican,3,0,3
Niycaya,0,3,3
Niyda,0,3,3
Niyéla,0,3,3
Niyela,0,3,3
Niyella,0,3,3
Niyena,0,3,3
Niyeno,3,0,3
Niyenty,0,3,3
Niyera,0,3,3
Niyereth,0,3,3
Niyì,3,0,3
Niyima,0,3,3
Niyiro,3,0,3
Niyitegeka,3,0,3
Niyofaèl,3,0,3
Niyoh,3,0,3
Niyol,3,0,3
Niyole,3,0,3
Niyom,0,3,3
Niyongere,0,3,3
Niyora,0,3,3
Niyoŕah,3,0,3
Niyosha,0,3,3
Niyousha,0,3,3
Niz,3,0,3
Niz-Jouëlly,0,3,3
Niza-Antonia,0,3,3
Nizaamali,3,0,3
Nizaami,3,0,3
Nizaarali,3,0,3
Nizah,0,3,3
Nizaira,0,3,3
Nizâm,3,0,3
Nizam-Onur,3,0,3
Nizama,0,3,3
Nizameddin,3,0,3
Nizamoeddien,3,0,3
Nizamoeddin,3,0,3
Nizamudien,3,0,3
Nizar-Ul-Haq,3,0,3
Nizarah,0,3,3
Nizaro,3,0,3
Nizayli,0,3,3
Nize,0,3,3
Nizet,0,3,3
Nizhanna,0,3,3
Nizharé,0,3,3
Nïzinyo,3,0,3
Nizjad,3,0,3
Nizjayno,3,0,3
Nizshelle,0,3,3
Nizzina,0,3,3
Nja'din,0,3,3
Njaan,0,3,3
Njaay,3,0,3
Njabali,3,0,3
Njadin,0,3,3
Njaenkjen,0,3,3
Njagu,3,0,3
Njai,0,3,3
Njai-Radja,0,3,3
Njailatu,0,3,3
Njailese,0,3,3
Njailesi,0,3,3
Njaimara,0,3,3
Njaimura,0,3,3
Njaipatih,0,3,3
Njaipatti,0,3,3
Njairatoe,0,3,3
Njairima,0,3,3
Njaiwansa,0,3,3
Njajou,3,0,3
Njala,0,3,3
Njalmar,3,0,3
Njamatullah,3,0,3
Njamsuren,3,0,3
Njangju,3,0,3
Njapa,0,3,3
Njariang,0,3,3
Njarim,3,0,3
Njaro,3,0,3
Njashanti,0,3,3
Njasoe,3,0,3
Njatakan,3,0,3
Njawa,0,3,3
Njay,3,0,3
Njei,3,0,3
Njekwa,3,0,3
Njema,0,3,3
Njeneba,0,3,3
Njenge,3,0,3
Njesela,0,3,3
Njet-Jien,0,3,3
Njet-Joen,0,3,3
Njet-Tsien,0,3,3
Njeymi,3,0,3
Nji-Whoe,3,0,3
Njiara,0,3,3
Njideka,0,3,3
Njie,0,3,3
Njie-Foek,3,0,3
Njiet,0,3,3
Njigel,3,0,3
Njikoka,3,0,3
Njima,0,3,3
Njimbong,0,3,3
Njindy,0,3,3
Njine,0,3,3
Njiquel,3,0,3
Njisk,0,3,3
Njit-Joeng,0,3,3
NJM,0,3,3
Njô-Goe,0,3,3
Njo-Lin,0,3,3
Njoba,0,3,3
Njobvu,3,0,3
Njoek-Fa,3,0,3
Njoek-Ha,0,3,3
Njoek-Hing,3,0,3
Njoek-Khong,3,0,3
Njoek-Kiem,0,3,3
Njoek-Lan,0,3,3
Njoek-lèn,0,3,3
Njoek-Lie,0,3,3
Njoek-Ming,3,0,3
Njoek-Mooi,0,3,3
Njoek-Song,0,3,3
Njoek-Tjien,0,3,3
Njoek-Tsien,0,3,3
Njoek-Yun,0,3,3
Njoekho,0,3,3
Njoekie,0,3,3
Njoeklan,0,3,3
Njoelen,0,3,3
Njomou,0,3,3
Njonge,3,0,3
Njongjan,3,0,3
Njonja,0,3,3
Njonky,3,0,3
Njono,3,0,3
Njord-Romijn,3,0,3
Njordi,3,0,3
Njore,0,3,3
Njorjetta,0,3,3
Njorogé,3,0,3
Njouk,0,3,3
Njoya,3,0,3
Njue,3,0,3
Njuguna,0,3,3
Njugune,3,0,3
Njukwahpè,3,0,3
Njumbaboh,3,0,3
Njürden,3,0,3
Njuscha,0,3,3
Njyma,0,3,3
Nkaka,3,0,3
Nkaku,0,3,3
Nkamnia,0,3,3
Nkany,3,0,3
Nkasa,3,0,3
Nkasi,0,3,3
Nkateko,3,0,3
Nkatha,0,3,3
Nkayilu,3,0,3
Nkechinyere,0,3,3
Nkechinyerem,0,3,3
Nkechituru,0,3,3
Nkehe,0,3,3
Nkeiru,0,3,3
Nkemadu,3,0,3
Nkemakolam,3,0,3
Nkembi,0,3,3
Nkemdelem,3,0,3
Nkemdilim,0,3,3
Nkemefula,0,3,3
Nkenge,0,3,3
Nkenjika,0,3,3
Nkennaka,0,3,3
Nkeoma,0,3,3
Nketiaba,0,3,3
Nkeze,0,3,3
Nkhenso,3,0,3
Nkichinyere,0,3,3
Nkindu,3,0,3
Nkinki,3,0,3
Nkiruka,0,3,3
Nkole,0,3,3
Nkoma,3,0,3
Nkombe,3,0,3
Nkonimdifo,0,3,3
Nkonyeasua,0,3,3
Nkoto,3,0,3
Nkoy,3,0,3
Nkoyen,3,0,3
Nkpakpa,3,0,3
Nkrah,3,0,3
NKT,3,0,3
Nkuah,3,0,3
Nkuka,3,0,3
Nkuku,3,0,3
Nkumba,0,3,3
Nkumbula,0,3,3
Nkundwa,0,3,3
Nkunga,3,0,3
Nkunga-Ntondo,0,3,3
Nkunim,3,0,3
Nkunyim,3,0,3
Nkusu,0,3,3
Nkuutu,3,0,3
Nkwa,3,0,3
Nkwakap,0,3,3
Nkwando,3,0,3
Nkwatabisa,0,3,3
Nkwe,0,3,3
Nkwessa,3,0,3
Nkyiraba,0,3,3
Nkyire,0,3,3
Nlindyiu,0,3,3
Nmamdi,3,0,3
Nmasinachi,0,3,3
Nmeka,3,0,3
Nmesomachi,0,3,3
Nmir,3,0,3
Nmma,0,3,3
Nmutaka,3,0,3
Nnabintou,0,3,3
Nnaedozie,3,0,3
Nnaekwe,0,3,3
Nnaka,3,0,3
Nnakwue,3,0,3
Nnamaram,3,0,3
Nnambi,0,3,3
Nnanedum,3,0,3
Nnaniki,0,3,3
Nnanyelu,3,0,3
Nnanyerem,3,0,3
Nnarbys-Lenay,0,3,3
Nne,0,3,3
Nne-Dinma,0,3,3
Nnedima,0,3,3
Nnedinma,0,3,3
Nnena,0,3,3
Nnennaya,0,3,3
Nnenne,0,3,3
Nnofos,0,3,3
Nnuro,0,3,3
No'maan,3,0,3
No'Raillij,0,3,3
No-Abort,3,0,3
No-Ira,0,3,3
no-Michi,3,0,3
No-Moi,0,3,3
No-Ngo,0,3,3
No-no,3,0,3
Nóa,0,3,3
Nôa,0,3,3
Noa'man,3,0,3
Noa-Aimee,0,3,3
Noa-Allegra,0,3,3
Noa-Anchee,0,3,3
Noa-anne,0,3,3
Noa-Bo,3,0,3
Noa-Breon,0,3,3
Noa-Calvin,3,0,3
Noa-Elin,0,3,3
Noa-Elisa,0,3,3
Noa-Elise,0,3,3
Noa-elize,0,3,3
Noa-Esli,0,3,3
Noa-Esmée,0,3,3
Noa-h,0,3,3
Noa-Hadise,0,3,3
Noa-Isa,0,3,3
Noa-Jasmijn,0,3,3
Noa-Jaylinn,0,3,3
Noa-Jazz,0,3,3
Noa-Jessy,0,3,3
Noa-Joèl,0,3,3
Noa-Joëlle,0,3,3
Noa-Joly,0,3,3
Noa-Jone,0,3,3
Noa-Julie,0,3,3
Noa-Kìm,0,3,3
Noa-Kiyana,0,3,3
Noa-Kyana,0,3,3
Noa-Li,0,3,3
Noa-Lie,0,3,3
Noa-Linn,0,3,3
Noa-Lisa,0,3,3
Noa-lise,0,3,3
Noa-Líze,0,3,3
Noa-Louisa,0,3,3
Noa-Lya,0,3,3
Noa-Lyn,0,3,3
Noa-lyn,0,3,3
Noa-Marie,0,3,3
Noa-Marley,0,3,3
Noa-Mitchy,0,3,3
Noa-Niké,0,3,3
Noa-Ninthe,0,3,3
Noa-Noa,0,3,3
Noa-Noëlle,0,3,3
Noa-Odiel,0,3,3
Noa-Olena,0,3,3
Noa-Olivia,0,3,3
Noa-Quin,3,0,3
Noa-Quinn,0,3,3
Noa-Romée,0,3,3
Noa-Ruth,0,3,3
Noa-Saar,0,3,3
Noa-Sam,0,3,3
Noa-Seine,0,3,3
Noa-Sofie,0,3,3
Noa-Stella,0,3,3
Noa-sue,0,3,3
Noa-Wian,0,3,3
Noa-Willeke,0,3,3
Noa-Yasmine,0,3,3
Noaangha,0,3,3
Noach-Damin,3,0,3
Noachim,3,0,3
Noack,3,0,3
Noacty,0,3,3
Noadel,3,0,3
Noadia,0,3,3
Noádja,0,3,3
Noady,3,0,3
Noäella,0,3,3
Noaemi,0,3,3
Noaf,3,0,3
Noãh,3,0,3
Noah'lynn,0,3,3
Noah-aidan,3,0,3
Noah-Aurelio,3,0,3
Noah-Ayden,3,0,3
Noah-Beau,3,0,3
Noah-Danyal,3,0,3
Noah-David,3,0,3
Noah-Dien,3,0,3
Noah-Djenchez,3,0,3
Noah-Elijah,3,0,3
Noah-Ell,3,0,3
Noah-Helena,0,3,3
Noah-Isa,3,0,3
Noah-Jan,3,0,3
Noah-Jane,0,3,3
Noah-Jazz,3,0,3
Noah-Jeae,3,0,3
Noah-Jeremiah,3,0,3
Noah-Jes,3,0,3
Noah-Jesiah,3,0,3
Noah-Larse,3,0,3
Noah-Lee,0,3,3
Noah-Levi,3,0,3
Noah-Liam,3,0,3
Noah-Mae,0,3,3
Noah-Marc,3,0,3
Noah-Marco,3,0,3
Noah-Maria,0,3,3
Noah-Max,3,0,3
Noah-Nesta,3,0,3
Noah-Nim,3,0,3
Noah-Noué,3,0,3
Noah-Noumairi,3,0,3
Noah-Raven,3,0,3
Noah-Rey,3,0,3
Noah-Sebastian,3,0,3
Noah-Sem,3,0,3
Noah-Shëan,3,0,3
Noah-Sky,3,0,3
Noah-Sophia,0,3,3
Noah-Vos,3,0,3
Noah-Yezz,0,3,3
Noah-Zayn,3,0,3
Noahdain,3,0,3
Noahdiah,0,3,3
Noahelle,0,3,3
Noahh,3,0,3
Noahli,0,3,3
Noahlie,0,3,3
Noahlin,3,0,3
Noahly,0,3,3
Noahn,3,0,3
Noahni,3,0,3
Noahnia,0,3,3
Noahred,3,0,3
Noahrik,3,0,3
Noailah,0,3,3
Noailly,0,3,3
Noaïm,3,0,3
Noaïsha,0,3,3
Noaji,0,3,3
Noaki,3,0,3
Noald,3,0,3
Noaleesa,0,3,3
Noalen,3,0,3
Noalente,0,3,3
Noalien,0,3,3
Noalina,0,3,3
Noall,0,3,3
Noälle,0,3,3
Noalle,0,3,3
NoaLynn,0,3,3
Noàm,3,0,3
Nóam,0,3,3
Noäma,0,3,3
Noamé,0,3,3
Noamel,0,3,3
Noamen,3,0,3
Noamij,0,3,3
Noamon,3,0,3
Noámy,0,3,3
Noàmy,0,3,3
Noän,3,0,3
Noana-Pearl,0,3,3
Noanah,0,3,3
Noanaomy,0,3,3
Noancy,0,3,3
Noanda,0,3,3
Noandly,3,0,3
Noangelli,0,3,3
Noani,0,3,3
Noaniëlle,3,0,3
Noannah,0,3,3
Nôanne,0,3,3
NoaNoa,0,3,3
Noansha,0,3,3
Noaquinn,3,0,3
Noära,0,3,3
Noascha,0,3,3
Noase,0,3,3
Noaufel,3,0,3
Noaul,0,3,3
Noava,0,3,3
Noaventura,0,3,3
Noawende,0,3,3
Noax,3,0,3
Noayah,0,3,3
Noayem,3,0,3
Noaygarra,3,0,3
Noaysha,0,3,3
Nob,3,0,3
Nobawiyat,0,3,3
Nobèlie,0,3,3
Nöbeline,0,3,3
Nobelle,0,3,3
Nobelta,0,3,3
Nober,3,0,3
Nöbert,3,0,3
Nobie,0,3,3
Nobilay,0,3,3
Nobilée,0,3,3
Nobita,3,0,3
Noble-Aliza,0,3,3
Noblina,0,3,3
Noboni,0,3,3
Noboru,3,0,3
Nobrega,0,3,3
Nobril,3,0,3
Nobuaki,3,0,3
Nobuo,3,0,3
Noby,3,0,3
Noby-Dave,3,0,3
Nocarina,0,3,3
Nocera,0,3,3
Noch,3,0,3
Nochard,3,0,3
Nochilla,0,3,3
Nochtli,0,3,3
Nochtlii,0,3,3
Nochum,3,0,3
Nocky,0,3,3
Nocolaas,3,0,3
Nocole,0,3,3
Nocolette,0,3,3
Nocona,3,0,3
Nocóni,3,0,3
Noconi,3,0,3
Nodar,3,0,3
Nodas,3,0,3
Nodaviana,0,3,3
Noddie,3,0,3
Nodescha,0,3,3
Nodeshely,0,3,3
Nodha,3,0,3
Nodienjo,3,0,3
Nodine,0,3,3
Nody,3,0,3
Noē,3,0,3
Noé-Elisa,0,3,3
Noë-Jaye,0,3,3
Noë-joy,0,3,3
Noé-June,0,3,3
Noé-Lynn,0,3,3
Noë-May,0,3,3
Noë-Meley,0,3,3
Noë-Miren,0,3,3
Noë-nia,0,3,3
Noé-Su,0,3,3
Noë-Xaell,0,3,3
Noeá,0,3,3
Noéa,0,3,3
Noeaim,3,0,3
Noéaliy,0,3,3
Noeally,0,3,3
Noeály,0,3,3
Noëamy,0,3,3
Noëasha,0,3,3
Noebav,0,3,3
Noebe,0,3,3
Noechaynies,0,3,3
Noecki,0,3,3
Noedeng,0,3,3
Noedie,0,3,3
Noëdiyen,0,3,3
Noedup,3,0,3
Noëdy,0,3,3
Noëdyson,3,0,3
Noée,0,3,3
Noee,3,0,3
Noeély,0,3,3
Noeëly,0,3,3
Noeëmi,0,3,3
Noeën,0,3,3
Noeëshmi,0,3,3
Noefaisa,0,3,3
Noefeysah,0,3,3
Noèh,3,0,3
Noëh,3,0,3
Noehaylla,0,3,3
Noehela,0,3,3
Noeheyla,0,3,3
Noehi,3,0,3
Noehl,0,3,3
Noëhly,0,3,3
Noehman,3,0,3
Noehoe,3,0,3
Noeï,0,3,3
Noek-Jan,3,0,3
Noekaleigh,0,3,3
Noël-David,3,0,3
Noël-Thelonious,3,0,3
Noèlane,0,3,3
Noëlangelo,3,0,3
Noélani,0,3,3
Noelanye,0,3,3
Noëldina,0,3,3
Noèle,0,3,3
Noéley-Jolie,0,3,3
Noeli,3,0,3
Noéli,0,3,3
Noëliah,0,3,3
Noelien,0,3,3
Noëlise,0,3,3
Noélise,0,3,3
Noëlito,3,0,3
Noëliya,0,3,3
Noëlla-Ines,0,3,3
Noëlla-Jade,0,3,3
Noëlla-Noé,0,3,3
Noëlla-Rose,0,3,3
Noellah,3,0,3
Nóelle,0,3,3
Noellé,0,3,3
Noëllë,0,3,3
Noëlle-Esmee,0,3,3
Noëlle-Julie,0,3,3
Noëlle-Louise,0,3,3
Noëlle-Manolya,0,3,3
Noëlle-Nathalie,0,3,3
Noëllea,0,3,3
Noëlleke,0,3,3
Noëllesienne,0,3,3
Noéllia,0,3,3
Nöellia,0,3,3
Noellïan,0,3,3
Noéllie,0,3,3
Noëllie-Jay,0,3,3
Noëlline,0,3,3
Noëllise,0,3,3
Noëlliya,0,3,3
Noëllja,0,3,3
Noëllsa,0,3,3
Noëllya,0,3,3
Noelriëndel,3,0,3
Noelshendric,3,0,3
Noelvyn,3,0,3
Noëly-Mae,0,3,3
Noëlyah,0,3,3
Noëlynn,0,3,3
Noêma,0,3,3
Noèma,0,3,3
Noemah,0,3,3
Noëmaira,0,3,3
Noême,0,3,3
Noème,0,3,3
Noéme,0,3,3
Noêmely,0,3,3
Noemes,3,0,3
Noemï,0,3,3
Noēmi,0,3,3
Noémí,0,3,3
Noêmi,0,3,3
Noëmi-Felicity,0,3,3
Noëmi-Joy,0,3,3
Noëmi-June,0,3,3
Noëmi-Luna,0,3,3
Noêmia,0,3,3
Noëmïa,0,3,3
Noemiah,0,3,3
Noemidieke,0,3,3
Noémie-Jess,0,3,3
Noëmily,0,3,3
Noémis,0,3,3
Noèmma,0,3,3
Noêmy,0,3,3
Noēmy,0,3,3
Noéna,0,3,3
Noene,0,3,3
Noéni,0,3,3
Noenie,0,3,3
Noenja,0,3,3
Noenna,0,3,3
Noènne,0,3,3
Noenoe,3,0,3
Noenoni,0,3,3
Noëny,0,3,3
Noënza,0,3,3
Noër,0,3,3
Noer-Duha,0,3,3
Noer-e-Muhammad,3,0,3
Noer-Eldien,3,0,3
Noer-Fatimah,0,3,3
Noerafnie,0,3,3
Noeraila,0,3,3
Noerain,3,0,3
Noeraini,0,3,3
Noeraïny,0,3,3
Noeraisa,0,3,3
Noerali,3,0,3
Noeraya,0,3,3
Noerdien,3,0,3
Noerdin,3,0,3
Noereddien,3,0,3
Noeredin,3,0,3
Noeredjehan,0,3,3
Noerelhoda,0,3,3
Noerendre,3,0,3
Noerenshley,3,0,3
Noeresh,3,0,3
Noerhaan,0,3,3
Noerhajatij,0,3,3
Noerhasa,0,3,3
Noerhen-Niesja,0,3,3
Noerhoennahar,0,3,3
Noeriam,3,0,3
Noerian,3,0,3
Noeriaty,0,3,3
Noerieyah,0,3,3
Noerijja,0,3,3
Noerinisa,0,3,3
Noeriya,0,3,3
Noerjahan,0,3,3
Noerjannah,0,3,3
Noerjati,0,3,3
Noerlia,0,3,3
Noermalla,0,3,3
Noermi,0,3,3
Noermohamed,3,0,3
Noernengsi,0,3,3
Noeroedien,3,0,3
Noeroelhoeda,3,0,3
Noeroelhoesain,3,0,3
Noeroennisa,0,3,3
Noeroessabah,0,3,3
Noerroennisaa,0,3,3
Noershahid,3,0,3
Noershano,3,0,3
Noersiti,0,3,3
Noeruddin,3,0,3
Noerwati,0,3,3
Noeryani,0,3,3
Noeryati,0,3,3
Noesar,3,0,3
Noesaybah,0,3,3
Noesayr,3,0,3
Noesch,0,3,3
Noescha,0,3,3
Noësha,0,3,3
Noesharad,3,0,3
Noeshin,3,0,3
Noeshyn,0,3,3
Noësis,3,0,3
Noesjin,0,3,3
Noeske,0,3,3
Noesli,3,0,3
Noesrah,0,3,3
Noesrat,0,3,3
Noessayba,0,3,3
Noesse,0,3,3
Noësse,0,3,3
Noesyirwan,3,0,3
Noetender,3,0,3
Noetenkumar,3,0,3
Noetenwatie,0,3,3
Noeth,0,3,3
Noetje,0,3,3
Noëvah,0,3,3
Noevel,3,0,3
Noévie,0,3,3
Noewele,0,3,3
Noewella,0,3,3
Noeweyra,0,3,3
Noëya,0,3,3
Noeya,0,3,3
Noëysha,0,3,3
Noëz,0,3,3
Noeza,0,3,3
Nofa,0,3,3
Nofael,3,0,3
Nofer,3,0,3
Noffy,0,3,3
Nofit,0,3,3
Nofretete,0,3,3
Nofrit,0,3,3
Nog,3,0,3
Noĝa,0,3,3
Nogah,0,3,3
Nogc,0,3,3
Noghman,3,0,3
Noghreh,0,3,3
Noghyel,0,3,3
Noğman,3,0,3
Nogonama,0,3,3
Nogtsho,3,0,3
Nohá,3,0,3
Nohaa,0,3,3
Nohade,0,3,3
Nohailey,0,3,3
Nohaily,0,3,3
Nohaimie,0,3,3
Nohairah,0,3,3
Nohaly,0,3,3
Noham,3,0,3
Nohara,0,3,3
Nohé,0,3,3
Nohealani,0,3,3
Noheda,0,3,3
Nohelani,3,0,3
Nohélie,0,3,3
Nohelis,0,3,3
Nohèmi,0,3,3
Nohémi,0,3,3
Nóhemi,0,3,3
Noheyla,0,3,3
Nohi,0,3,3
Nohmaan,3,0,3
Nohmie,0,3,3
Nohna,0,3,3
Nohr-Ize,0,3,3
Nohran,3,0,3
Nohré,0,3,3
Nohrm,3,0,3
Nohroa,0,3,3
Nohyla,0,3,3
Nói,3,0,3
Noí,0,3,3
Noïa,0,3,3
Noia-Adriana,0,3,3
Noïah-Faye,0,3,3
Noïck,3,0,3
Noïella,0,3,3
Noïh,0,3,3
Noijaromi,0,3,3
Noïma,0,3,3
Noirdano,3,0,3
Noirdien,3,0,3
Noirin,0,3,3
Noirjohn,3,0,3
Noïro,3,0,3
Noirre,0,3,3
Noise,3,0,3
Noisely,0,3,3
Noishaly,0,3,3
Noisi,0,3,3
Noita,0,3,3
Noiva,0,3,3
Noiya,0,3,3
Noiyah,0,3,3
Noïza,0,3,3
Nöjd,3,0,3
Nojen,0,3,3
Nojien,0,3,3
Nojin,0,3,3
Nojja,3,0,3
Nojna,0,3,3
Nojod,0,3,3
Nôk,0,3,3
Nok-Fung,3,0,3
Nok-Hey,3,0,3
Nokero,3,0,3
Nokie,3,0,3
Nokki,0,3,3
Nokkie,3,0,3
Nokko,3,0,3
Noko,3,0,3
Nokomi,0,3,3
Nokta,0,3,3
Nokwazi,0,3,3
Noky,3,0,3
Nolá,0,3,3
Nola-Jo,0,3,3
Nola-Jools,0,3,3
Nola-Jules,0,3,3
Nola-Lieve,0,3,3
Nola-Linn,0,3,3
Nola-Loïs,0,3,3
Nola-Lynn,0,3,3
Nola-Mae,0,3,3
Nola-Sue,0,3,3
Nola-Vajèn,0,3,3
Nolana,0,3,3
Noland,3,0,3
Nolani,0,3,3
Nolann,3,0,3
Nolaya,0,3,3
Nolbertina,0,3,3
Noldie,3,0,3
Noldiena,0,3,3
Nole,3,0,3
Nolee,0,3,3
Noleeta,0,3,3
Nolène,0,3,3
Nolenn,3,0,3
Noleshwar,3,0,3
Noley,0,3,3
Nolivin,3,0,3
Nolko,3,0,3
Nollaig,0,3,3
Nölleke,3,0,3
Nolli,0,3,3
Nolliën,3,0,3
Nollinka,0,3,3
Nollores,0,3,3
Nolmie,3,0,3
Nolsen,3,0,3
Nolsje,0,3,3
Nolt,3,0,3
Noltje,0,3,3
Noluthando,0,3,3
Nolwenne,0,3,3
Nomade,3,0,3
Nomadisch,0,3,3
Nomai,0,3,3
Nomaira,0,3,3
Nomami,0,3,3
Nóman,3,0,3
Nomana,0,3,3
Nomanandus,3,0,3
Nomassa,0,3,3
Nomaswati,0,3,3
Nomax,3,0,3
Nomaya,0,3,3
Nomayra,0,3,3
Nomazwe,0,3,3
Nombêko,3,0,3
Nombuyiselo,0,3,3
Nomċe,3,0,3
Nomco,3,0,3
Nomea,0,3,3
Nomeé,0,3,3
Nomély,0,3,3
Nömen,3,0,3
Nomena,0,3,3
Nomensho,3,0,3
Nomesa,0,3,3
Nomeva,0,3,3
Nomex,0,3,3
Nómi,0,3,3
Nömi,0,3,3
Nomia,0,3,3
Nomialay,3,0,3
Nomiana,0,3,3
Nomideysha,0,3,3
Nomidian,3,0,3
Nomily,0,3,3
Nomine,0,3,3
Nominzaya,0,3,3
Nomion,3,0,3
Nomisha,0,3,3
Nomiya,0,3,3
Nomkwazi,3,0,3
Nommet,3,0,3
Nommi,0,3,3
Nommo,3,0,3
Nommy,0,3,3
Nomo,0,3,3
Nomoh,3,0,3
Nomonde,0,3,3
Nomoya,0,3,3
Nomsa,0,3,3
Nomtjedina,0,3,3
Nomyekelo,0,3,3
Nomzamo,0,3,3
Non-N'joud,0,3,3
Non-ta-pat,3,0,3
Nòna,0,3,3
Nona-Dee,0,3,3
Nona-Lisa,0,3,3
Nona-Poynai,0,3,3
Nonaïna,0,3,3
Nonamanis,0,3,3
Nonatha,0,3,3
Nonceba,0,3,3
Noncomala,3,0,3
Nondini,0,3,3
Nondo,3,0,3
None,0,3,3
Nonèz,0,3,3
Nong-Lak,0,3,3
Nongbea,0,3,3
Nongkynrih,3,0,3
Nongluck,0,3,3
Nongmah,3,0,3
Noni-Rose,0,3,3
Nonia,0,3,3
Nonias,3,0,3
Nonidh,0,3,3
Nonino,3,0,3
Noninsa,0,3,3
Nonita,0,3,3
Nonito,3,0,3
Nonius,3,0,3
Nonkie,0,3,3
Nonko,3,0,3
Nonna-Magdalena,0,3,3
Nonnatiene,0,3,3
Nonnechien,0,3,3
Nonnica,0,3,3
Nonnieta,0,3,3
Nonning,3,0,3
Nonnita,0,3,3
Nonsamanañia,3,0,3
Nonsia,0,3,3
Nontando,0,3,3
Nonthaphat,3,0,3
Nonthaporn,0,3,3
Nontiwaht,3,0,3
Nontyatyambo,0,3,3
Nonvi,3,0,3
Nonyelum,0,3,3
Noobi,0,3,3
Noocha,0,3,3
Nooha,0,3,3
Noohé,3,0,3
Noohr,0,3,3
Noohr-Kiran,0,3,3
Nookai,0,3,3
Nooki,0,3,3
Noöme,0,3,3
Noonah,0,3,3
Noopur,0,3,3
Noor-Afni,0,3,3
Noor-Aïsha,0,3,3
Noor-Anna,0,3,3
Noor-Aya,0,3,3
Noor-Caroline,0,3,3
Noor-e-Fatimah,0,3,3
Noor-e-Imaan,0,3,3
Noor-e-Safa,0,3,3
Noor-E-Zahra,0,3,3
Noor-Eddin,3,0,3
Noor-El-Aïn,0,3,3
Noor-Elhouda,0,3,3
Noor-Hidaya,0,3,3
Noor-Imane,0,3,3
Noor-Jahaan,0,3,3
Noor-Lina,0,3,3
Noor-o-Sabah,0,3,3
Noor-Odin,3,0,3
Noor-Rashida,0,3,3
Noor-Sophie,0,3,3
Noor-ul-Absar,3,0,3
Noor-ul-Ain,0,3,3
Noor-Ul-Ann,0,3,3
Noor-Ul-Huda,0,3,3
Noor-ul-Islam,3,0,3
Noor-Ul-Rida,0,3,3
Noor-un-Nisa,0,3,3
Noor-Yandi,3,0,3
Noor-Yanti,0,3,3
Nooraina,0,3,3
Nooraine,0,3,3
Nooraini,0,3,3
Nooralhuda,0,3,3
Nooralina,0,3,3
Noorallah,0,3,3
Noorania,0,3,3
Noorayah,0,3,3
Nooraysha,0,3,3
Noorberta,0,3,3
Noorce,0,3,3
Noorchaye,0,3,3
Noordeen,3,0,3
Noordiëne,0,3,3
Noordin,3,0,3
Noordina,0,3,3
Noordje,0,3,3
Noordjehaan,0,3,3
Nooré,0,3,3
Nooreeya,0,3,3
Nooreleslam,0,3,3
Noorelhak,3,0,3
Noorelijka,0,3,3
Nooreljannah,0,3,3
Noorely,0,3,3
Nooremubin,0,3,3
Nooresehr,0,3,3
Noorhajati,0,3,3
Noorhen,0,3,3
Noorie-Nissa,0,3,3
Noorien,0,3,3
Noorin,0,3,3
Noorina,0,3,3
Noorishaid,3,0,3
Noorjahaan,0,3,3
Noorjati,0,3,3
Noorjayda,0,3,3
Noorjenna,0,3,3
Noorjono,3,0,3
Noorken,0,3,3
Noorlailawati,0,3,3
Noorlando,3,0,3
Noorleila,0,3,3
Noorlyn,0,3,3
Noormah,0,3,3
Noormairaj,0,3,3
Noorman,3,0,3
Noormawati,0,3,3
Noornishar,3,0,3
Nooroel,3,0,3
Nooroesha,0,3,3
Noorr,0,3,3
Noorraja,0,3,3
Noorranianisha,0,3,3
Noorsahiba,0,3,3
Noorseen,0,3,3
Noorsien,0,3,3
Noorsine,0,3,3
Noorsyedah,0,3,3
Noort,3,0,3
Noortje-Lien,0,3,3
Noortje-Sophie,0,3,3
Noorul,3,0,3
Noorul-ain,3,0,3
Nooruláin,0,3,3
Noorun,0,3,3
Noorunnisa,0,3,3
Noory,0,3,3
Noorya,0,3,3
Nooryani,3,0,3
Nooryn,0,3,3
Nootka,0,3,3
Nooya,0,3,3
Nooyke,0,3,3
Nooyonne,0,3,3
Nopel,3,0,3
Nopeline,0,3,3
Nophert,0,3,3
Noppakhun,3,0,3
Noppamas,0,3,3
Noppanon,3,0,3
Noppe,0,3,3
Noquisi,3,0,3
Nór,3,0,3
Nóra-Abigél,0,3,3
Nora-An,0,3,3
Nora-Claire,0,3,3
Nora-Dali,0,3,3
Nora-Ella,0,3,3
Nora-Emily,0,3,3
Nora-Fay,0,3,3
Nora-Fien,0,3,3
Nora-Ise,0,3,3
Nora-Jane,0,3,3
Nora-Jolie,0,3,3
Nora-Joy,0,3,3
Nora-Julie,0,3,3
Nora-Kate,0,3,3
Nora-Laila,0,3,3
Nora-Leah,0,3,3
Nora-Lee,0,3,3
Nora-Lie,0,3,3
Nora-lie,0,3,3
Nora-Lin,0,3,3
Nora-Liva,0,3,3
Nora-Lou,0,3,3
Nora-Louise,0,3,3
Nora-Ly,0,3,3
Nora-May,0,3,3
Nora-roos,0,3,3
Nora-Sophie,0,3,3
Nora-Suzan,0,3,3
Noraa,0,3,3
Norad,3,0,3
Norada,3,0,3
Noraddin,3,0,3
Noradina,0,3,3
Noradine,0,3,3
Norae,0,3,3
Norafloor,0,3,3
Noragatoen,0,3,3
Noragoetan,0,3,3
Norah-An,0,3,3
Norah-Faye,0,3,3
Norah-Fee,0,3,3
Norah-Grace,0,3,3
Norah-Jane,0,3,3
Norah-Jay,0,3,3
Norah-Jayden,0,3,3
Norah-Jayh,0,3,3
Norah-Joan,0,3,3
Norah-Joy,0,3,3
Norah-Linde,0,3,3
Norah-Lise,0,3,3
Norah-Liv,0,3,3
Norah-Luz,0,3,3
Norah-Ly,0,3,3
Norah-Lyn,0,3,3
Norah-Mae,0,3,3
Norah-Manou,0,3,3
Norah-Neva,0,3,3
Norah-Noël,0,3,3
Norah-Noor,0,3,3
Norah-Sofie,0,3,3
Norah-Sophie,0,3,3
Norahelise,0,3,3
Norahli,0,3,3
Norahlie,0,3,3
Norahlynn,0,3,3
Norai,0,3,3
Noraicha,0,3,3
Noraichel,0,3,3
Noraicheline,0,3,3
Noraïda,0,3,3
Noraijr,3,0,3
Norailey,0,3,3
Norainy,0,3,3
Norair,3,0,3
Noraishel,3,0,3
Noraiyda,0,3,3
Noraiyne,0,3,3
Noraiza,0,3,3
Noraja,0,3,3
Norajr,3,0,3
Noralaé,0,3,3
Noraleigh,0,3,3
Noralhuda,0,3,3
Noralhy,0,3,3
Noralí,0,3,3
Noralice,0,3,3
Noralida,0,3,3
Noraliene,0,3,3
Noralies,0,3,3
Noralini,0,3,3
Noraliss,0,3,3
Norall,0,3,3
Norallah,3,0,3
Norally,0,3,3
Noraloes,0,3,3
Norály,0,3,3
Noralyne,0,3,3
Noram,3,0,3
Norana,0,3,3
Norandy,3,0,3
Norangela,0,3,3
Norangelo,3,0,3
Norani,0,3,3
Noranie,0,3,3
Noranka,0,3,3
Norann,0,3,3
Norar,0,3,3
Norash,0,3,3
Noratine,0,3,3
Norayah,0,3,3
Norayba,0,3,3
Noraychelly,0,3,3
Norayda,0,3,3
Norayma,0,3,3
Norayr,3,0,3
Noraysha,0,3,3
Norayshma,0,3,3
Norayssa,0,3,3
Norazah,0,3,3
Norbarta,0,3,3
Norbedina,0,3,3
Norbeida,0,3,3
Norberd,3,0,3
Norberht,3,0,3
Norbert-Moos,3,0,3
Norbert-Paul,3,0,3
Norbertes,3,0,3
Norbertie,0,3,3
Norbertien,0,3,3
Norbertineke,0,3,3
Norbertis,3,0,3
Norbey,3,0,3
Norbie,3,0,3
Norce,0,3,3
Norchams,0,3,3
Norchel,3,0,3
Norchello,3,0,3
Nordain,3,0,3
Nordan,3,0,3
Nordawin,3,0,3
Nordaymi,3,0,3
Nordeane,3,0,3
Nordène,3,0,3
Nordermar,3,0,3
Nordian,3,0,3
Nordin-Junior,3,0,3
Nordin-Mika,3,0,3
Nording,3,0,3
Nordinjo,3,0,3
Nordinne,3,0,3
Nordino,3,0,3
Nordland,3,0,3
Nordman,3,0,3
Nordolfo,3,0,3
Nordyn,3,0,3
Nore-Linn,0,3,3
Nore-Sofie,0,3,3
Noréa,0,3,3
Noréal,0,3,3
Norécha,0,3,3
Norechia,0,3,3
Norecia,0,3,3
Noredien,3,0,3
Noredin,3,0,3
Noredys,0,3,3
Norée,0,3,3
Noréén,0,3,3
Noreeni,0,3,3
Noréh,0,3,3
Norehane,0,3,3
Noreia,0,3,3
Norein,0,3,3
Noreina,0,3,3
Norela,0,3,3
Noreldin,3,0,3
Noreley,0,3,3
Norelhoda,0,3,3
Norelia,0,3,3
Norelies,0,3,3
Norelinde,0,3,3
Noreline,0,3,3
Norelise,0,3,3
Norellia,0,3,3
Norelrahman,3,0,3
Norelyn,0,3,3
Noremena,0,3,3
Norence,3,0,3
Norendly,3,0,3
Noreni,0,3,3
Norenne,0,3,3
Norent,3,0,3
Nores,3,0,3
Noresca,0,3,3
Noretta,0,3,3
Noretti,0,3,3
Noreya,0,3,3
Norez,3,0,3
Norfiel,3,0,3
Norfolc,3,0,3
Norg,3,0,3
Norgen,3,0,3
Norgero,3,0,3
Norgisha,0,3,3
Norglennsia,0,3,3
Norham,3,0,3
Norharyattie,0,3,3
Norhayley,0,3,3
Norhen,0,3,3
Noriah,0,3,3
Norialine,0,3,3
Noriande,0,3,3
Noriane,0,3,3
Norianne,0,3,3
Norianry,0,3,3
Noriati,0,3,3
Norichio,3,0,3
Norico,3,0,3
Noridiëna,0,3,3
Noridin,3,0,3
Noriega,3,0,3
Noriek,3,0,3
Noriëlle,0,3,3
Noriena,0,3,3
Noriënchel,3,0,3
Noriensé,0,3,3
Noriënsell,0,3,3
Norieson,3,0,3
Noriët,0,3,3
Norijne,0,3,3
Norilange,0,3,3
Norillse,0,3,3
Norim,3,0,3
Norimarne,0,3,3
Norinde,0,3,3
Norinder,3,0,3
Norine-Augusta,0,3,3
Noriniõ,3,0,3
Norinio,3,0,3
Norinn,3,0,3
Noriño,3,0,3
Norino,3,0,3
Norisbertha,0,3,3
Norisha,0,3,3
Noriska,0,3,3
Norissa,0,3,3
Noritza,0,3,3
Norivanio,3,0,3
Noriyah,0,3,3
Noriyanah,0,3,3
Noriza,0,3,3
Norizan,0,3,3
Norja,0,3,3
Norjahan,0,3,3
Norjan,3,0,3
Norjanto,3,0,3
Norjee,0,3,3
Norjendry,3,0,3
Norjennshelino,3,0,3
Norka,0,3,3
Norkeisha,0,3,3
Norkelis,0,3,3
Norkys,0,3,3
Norland,3,0,3
Norlando,3,0,3
Norlayan,0,3,3
Norleen,0,3,3
Norleila,0,3,3
Norlela,0,3,3
Norley,0,3,3
Norleyson,3,0,3
Norlidiënne,0,3,3
Norlin,0,3,3
Norlindis,0,3,3
Norlindo,3,0,3
Norline,0,3,3
Norlize,0,3,3
Norly,0,3,3
Norlysia,0,3,3
Norm,3,0,3
Norma-Jane,0,3,3
Norma-Jeane,0,3,3
Norma-Lien,0,3,3
Norma-Sabi,0,3,3
Normadebie,0,3,3
Normae,0,3,3
Norman-John,3,0,3
Normand,3,0,3
Normandie,3,0,3
Normando,3,0,3
Normandus,3,0,3
Normangino,3,0,3
Normani,0,3,3
Normanlies,0,3,3
Normano,3,0,3
Normanovitsj,3,0,3
Normanovna,0,3,3
Normawatie,0,3,3
Normein,0,3,3
Normen-Silvano,3,0,3
Normiana,0,3,3
Normie,3,0,3
Normigia,0,3,3
Normiline,0,3,3
Normira,0,3,3
Normy,0,3,3
Norny,3,0,3
Norodin,3,0,3
Noron,3,0,3
Norou,3,0,3
Norpercheline,0,3,3
Norphel,3,0,3
Norqensia,0,3,3
Norra,0,3,3
Norrain,3,0,3
Norraly,0,3,3
Norrash,0,3,3
Norraya,0,3,3
Norrel,0,3,3
Norrie,3,0,3
Norries,0,3,3
Norrincent,0,3,3
Norro,3,0,3
Norsaal,0,3,3
Norsabah,0,3,3
Norsela,0,3,3
Norshaminio,3,0,3
Norshantly,0,3,3
Norsharlino,3,0,3
Norshayderick,3,0,3
Norshendy,3,0,3
Norsine,0,3,3
Norske,3,0,3
Nortancia,0,3,3
Nortburga,0,3,3
Nortcinnio,3,0,3
Norte,0,3,3
Nortei,3,0,3
Norther,3,0,3
Northin,3,0,3
Northsea,3,0,3
Nortins,3,0,3
Nortly,3,0,3
Nortonnette,0,3,3
Nortrude,0,3,3
Nortwin,3,0,3
Norunn,0,3,3
Norusjka,0,3,3
Norvaingely,0,3,3
Norvairo,3,0,3
Norval,3,0,3
Norvalena,0,3,3
Norvejeanna,0,3,3
Norvell,3,0,3
Norven,3,0,3
Norveny,0,3,3
Norvi,0,3,3
Norvialine,0,3,3
Norvianca,0,3,3
Norvick,3,0,3
Norviëlly,0,3,3
Norviëndy,3,0,3
Norviëne,0,3,3
Norviengela,0,3,3
Norviengelo,3,0,3
Norvienne,0,3,3
Norviënne,0,3,3
Norviënska,0,3,3
Norviënsly,3,0,3
Norvine,3,0,3
Norvino,3,0,3
Norvinu,0,3,3
Norwan,3,0,3
Norwen,3,0,3
Norwenchello,3,0,3
Norwenzjely,0,3,3
Norwill,3,0,3
Norwina,0,3,3
Norwinio,3,0,3
Noryah,0,3,3
Noryana,0,3,3
Noryck,3,0,3
Noryda,0,3,3
Noryé,3,0,3
Norye,3,0,3
Noryenne,0,3,3
Noryne,0,3,3
Norynke,0,3,3
Norzed,0,3,3
Norzin,3,0,3
Norzjely,0,3,3
Norzom,0,3,3
Norzyne,0,3,3
Nos'cendro,3,0,3
Nosaghare,3,0,3
Nosaiba,0,3,3
Nosakher,3,0,3
Nosakhere,3,0,3
Nosalyah,0,3,3
Nosareme,0,3,3
Nosariemen,3,0,3
Nosayba,0,3,3
Nosaybata,0,3,3
Nosayi,3,0,3
Noscarina,0,3,3
Noscha,0,3,3
Nosferatu,3,0,3
Nosha,3,0,3
Noshah,3,0,3
Noshaley,0,3,3
Noshardo,3,0,3
Noshayro,3,0,3
Noshik,0,3,3
Nosi,3,0,3
Nosin,0,3,3
Nosipho,0,3,3
Noska,0,3,3
Noslen,3,0,3
Nossaiba,0,3,3
Nossajr,3,0,3
Nossangue,0,3,3
Nossethe,0,3,3
Nosson,3,0,3
Notala,0,3,3
Note,3,0,3
Notes,3,0,3
Nothabo,0,3,3
Nothando,0,3,3
Notorius,3,0,3
Notos,3,0,3
Nou'aim,3,0,3
Nou'sché,3,0,3
Nou-An,0,3,3
Nou-Raemshely,0,3,3
Nouaïm,3,0,3
Nouama,0,3,3
Nouamy,0,3,3
Nouan,0,3,3
Nouàrah,0,3,3
Nouari,3,0,3
Nouas,3,0,3
Nouayra,0,3,3
Nouba,0,3,3
Noubar,3,0,3
Noubissi,3,0,3
Nouchad,3,0,3
Nouchca,0,3,3
Nouche,3,0,3
Nouchik,0,3,3
Noucky,0,3,3
Noucra,0,3,3
Noud-Marint,3,0,3
Noud-Roemer,3,0,3
Noud-Willem,3,0,3
Nouda,3,0,3
Noudette,0,3,3
Noudie,0,3,3
Noudrich,3,0,3
Noudwinus,3,0,3
Noudyne,0,3,3
Noue,3,0,3
Nouèl,0,3,3
Nouël,0,3,3
Nouëll,3,0,3
Nouell,0,3,3
Nouemi,0,3,3
Nouémi,0,3,3
Nouerddine,3,0,3
Noufael,3,0,3
Noufaisa,0,3,3
Noufall,3,0,3
Nouffel,3,0,3
Nouffisa,0,3,3
Noufri,3,0,3
Noughy,0,3,3
Nouhaela,0,3,3
Nouhaijla,0,3,3
Nouhail,3,0,3
Nouhaïl,3,0,3
Nouhaïlla,0,3,3
Nouhajla,0,3,3
Nouhal,0,3,3
Nouheman,3,0,3
Nouhou,0,3,3
Nouhyla,0,3,3
Nouhylla,0,3,3
Nouise,0,3,3
Noujoum,0,3,3
Nouke,0,3,3
Noukhey,3,0,3
Noukie,0,3,3
Noukita,0,3,3
Noukje,0,3,3
Noukka,0,3,3
Noul,0,3,3
Noulah,0,3,3
Noulaisah,0,3,3
Noulan,3,0,3
Noulana,0,3,3
Noulani,0,3,3
Noulanyo,3,0,3
Noulayjah,0,3,3
Noulique,0,3,3
Nouma,0,3,3
Noumaan,3,0,3
Noumaira,0,3,3
Noumani,0,3,3
Noumbissi,3,0,3
Noumera,0,3,3
Noumidïa,0,3,3
Noumouké,3,0,3
Noune,3,0,3
Nouni,0,3,3
Nounja,0,3,3
Nounke,3,0,3
Nounou,0,3,3
Nounout,0,3,3
Noupe,3,0,3
Noupy,0,3,3
Nouqui,3,0,3
Nour'ay,0,3,3
Nour'Aya,0,3,3
Nour-al-Zahraa,0,3,3
Nour-dine,3,0,3
Nour-e-Dean,3,0,3
Nour-El-Dien,3,0,3
Nour-el-Iman,0,3,3
Nour-El-Yakine,0,3,3
Nour-eldin,3,0,3
Nour-Eldin,3,0,3
Nour-elhoda,0,3,3
Nour-Elhouda,0,3,3
Nour-Elyagine,3,0,3
Nour-Elyaqin,3,0,3
Nour-han,0,3,3
Nour-iman,3,0,3
Nour-imane,0,3,3
Nour-Imane,0,3,3
Nour-Nadjat,0,3,3
Noura-Lyn,0,3,3
Nouraa,0,3,3
Nouradijn,3,0,3
Nouraed,3,0,3
Nourai,0,3,3
Nouraïn,0,3,3
Nouraina,0,3,3
Nouralain,3,0,3
Nouralhoeda,0,3,3
Nourallah,3,0,3
Nouraly,0,3,3
Nouralyaqeen,3,0,3
Nourani,0,3,3
Nouranouar,3,0,3
Nouratoulla,0,3,3
Nouray,0,3,3
Nourayan,3,0,3
Nourayda,0,3,3
Nourayla,0,3,3
Nourayr,3,0,3
Nourchahira,0,3,3
Nourcine,0,3,3
Nourdain,3,0,3
Nourddin,3,0,3
Nourddinne,3,0,3
Nourden,0,3,3
Noure-Al-Houda,0,3,3
Nourechcharif,3,0,3
Noureille,0,3,3
Noureina,0,3,3
Noureine,0,3,3
Nourel-Din,0,3,3
Noureldien,3,0,3
Noureldine,3,0,3
Nourelhena,0,3,3
Nourelle,0,3,3
Noureya,0,3,3
Nourh,0,3,3
Nourhaan,0,3,3
Nourhalma,0,3,3
Nourhanne,0,3,3
Nourhene,0,3,3
Nourheyla,0,3,3
Nourhouda,0,3,3
Nouridin,3,0,3
Nouriël,3,0,3
Nourihane,0,3,3
Nourimane,0,3,3
Nourisam,3,0,3
Nourith,0,3,3
Nouriyani,0,3,3
Nouriyen,0,3,3
Nourjane,0,3,3
Nourlaila,0,3,3
Nourlayla,0,3,3
Nourlia,0,3,3
Nourlin,0,3,3
Nouronihar,0,3,3
Nouroz,0,3,3
Nourr,3,0,3
Nourraya,0,3,3
Nourreddin,3,0,3
Nourredinne,3,0,3
Nourreilon,3,0,3
Nourriham,0,3,3
Nourry,3,0,3
Nours,0,3,3
Noursalam,3,0,3
Nourseen,0,3,3
Noursen,0,3,3
Noursheyla,0,3,3
Noursin,0,3,3
Noursine,0,3,3
Nourssin,0,3,3
Nourullah,3,0,3
Nourussabah,0,3,3
Nourviany,0,3,3
Noury-Lynn,0,3,3
Nouryan,0,3,3
Nouryt,0,3,3
Nous'che,3,0,3
Nousaïba,0,3,3
Nousaïr,3,0,3
Nousayer,3,0,3
Nousayr,3,0,3
Nousca,0,3,3
Nousche,3,0,3
Nouseba,0,3,3
Nouseyba,0,3,3
Noushafarin,0,3,3
Noushan,0,3,3
Noushaya,0,3,3
Nousheen,0,3,3
Noushewéll,3,0,3
Nousja,0,3,3
Nouskha,0,3,3
Nousrja,0,3,3
Noussa,0,3,3
Noussaad,3,0,3
Noussaïba,0,3,3
Noussaïr,3,0,3
Noussayer,3,0,3
Nousseiba,0,3,3
Nousser,3,0,3
Nout-Benjamin,3,0,3
Nouten,3,0,3
Nouvé,0,3,3
Nouveda,0,3,3
Nouvél,3,0,3
Nouvella,0,3,3
Nouwaila,0,3,3
Nouwara,0,3,3
Nouwayla,0,3,3
Nouwaylah,0,3,3
Nouwayrah,0,3,3
Nouwella,0,3,3
Nouxelle,0,3,3
Nouyalen,0,3,3
Nouzad,3,0,3
Nova-Amée,0,3,3
Nova-Anna,0,3,3
Nova-Beau,0,3,3
Nova-Belle,0,3,3
Nova-Eef,0,3,3
Nova-Grace,0,3,3
Nova-Helena,0,3,3
Nova-Isabel,0,3,3
Nova-Jade,0,3,3
Nova-Jay,3,0,3
Nova-June,0,3,3
Nova-Kim,0,3,3
Nova-Layla,0,3,3
Nova-Lila,0,3,3
Nova-Lin,0,3,3
Nova-Linde,0,3,3
Nova-Ly,0,3,3
Nová-Lynn,0,3,3
Nova-Mila,0,3,3
Nova-Nahaira,0,3,3
Nova-Nelly,0,3,3
Nova-Nine,0,3,3
Nova-Phi,0,3,3
Nova-Romee,0,3,3
Nova-Rose,0,3,3
Nova-Sofia,0,3,3
Nova-Sophie,0,3,3
Nova-Vayne,0,3,3
Nova-Vienne,0,3,3
Nova-Zoë,0,3,3
Novaëll,3,0,3
Novaelly,3,0,3
Novah-Joy,0,3,3
Novah-Lee,0,3,3
Novah-Lynn,0,3,3
Novaire,3,0,3
Novaja,0,3,3
Novalia,0,3,3
Novaliça,0,3,3
Novalinn,0,3,3
Novaliv,0,3,3
Novaliya,0,3,3
Novall,3,0,3
Novally,0,3,3
Novalou,0,3,3
NovaLynn,0,3,3
Novanda,0,3,3
Novandra,0,3,3
Novangelly,0,3,3
Novängely,0,3,3
Novani,3,0,3
Novaní,0,3,3
Novanna,0,3,3
Novanne,0,3,3
Novannie,3,0,3
Novanto,3,0,3
Novardi,3,0,3
Novarina,0,3,3
Novaro,3,0,3
Novarro,3,0,3
Novavie,0,3,3
Novay,0,3,3
Nóvay,0,3,3
Novayanti,0,3,3
Novayell,3,0,3
Novaytia,0,3,3
Novéah,0,3,3
Noveano,0,3,3
Novèe,0,3,3
Novège,3,0,3
Novela,0,3,3
Novelcha,0,3,3
Noveliantie,0,3,3
Noveline,0,3,3
Novéll,3,0,3
Novèlla,0,3,3
Novèlle,0,3,3
Novello,3,0,3
Novely,0,3,3
Novelya,0,3,3
Novelynn,0,3,3
November-Rain,0,3,3
Novembre,0,3,3
Novena,0,3,3
Novenio,3,0,3
Novenne,0,3,3
Noveno,3,0,3
Noventey,0,3,3
Noventri,3,0,3
Noventry,3,0,3
Noveo,3,0,3
Nover,3,0,3
Novha-Julia,0,3,3
Novi-Jaxx,3,0,3
Novi-Joy,0,3,3
Novi-Laelia,0,3,3
Novìa,0,3,3
Noviana,0,3,3
Noviandi,0,3,3
Novianna,0,3,3
Noviano,3,0,3
Novieta,0,3,3
Novii,0,3,3
Novijani,0,3,3
Noville,3,0,3
Novimairo,3,0,3
Novîn,0,3,3
Novine,0,3,3
Novinkumar,3,0,3
Novins,3,0,3
Novinto,3,0,3
Novion,3,0,3
Novito,3,0,3
Novitus,3,0,3
Nòvo,3,0,3
Novo,0,3,3
Novojo,0,3,3
Novotno,0,3,3
Novreno,3,0,3
Novrida,0,3,3
Novy-Joan,0,3,3
Novy-Rose,0,3,3
Novya,0,3,3
Novyan,3,0,3
Novyanna,0,3,3
Novyèn,3,0,3
Novylee,0,3,3
Novyn,3,0,3
Novyolanda,0,3,3
Novyra,0,3,3
Novyta,0,3,3
Novæ,0,3,3
Now,3,0,3
Nowa-Joy,0,3,3
Nowa-Maë,0,3,3
Nowah-Yonathan,3,0,3
Nowai,0,3,3
Nowaï,0,3,3
Nowak,3,0,3
Nowalaja,3,0,3
Nowama,3,0,3
Nowara,0,3,3
Nowaymi,0,3,3
Nowè,3,0,3
Nowéh,0,3,3
Nówel,3,0,3
Nowela,0,3,3
Nowele,0,3,3
Nowelie,0,3,3
Nowëlle,0,3,3
Nowelly,0,3,3
Nowellycia,0,3,3
Nowelya,0,3,3
Nowelys,0,3,3
Nowemy,0,3,3
Nowènne,0,3,3
Nowera,0,3,3
Nowes,3,0,3
Nowey,3,0,3
Noweya,0,3,3
Nowfäl,3,0,3
Nowï,0,3,3
Nowi-Lynn,0,3,3
Nowie-Jolie,0,3,3
Nowije,0,3,3
Nowl,3,0,3
Nowyn,3,0,3
Noxe,0,3,3
Noya-Ameerah,0,3,3
Noya-Sadé,0,3,3
Noyahno,3,0,3
Noyale,0,3,3
Noyánna,0,3,3
Noyat,0,3,3
Noyéaro,3,0,3
Noyel,0,3,3
Noyelle,0,3,3
Noyelu,0,3,3
Noyenim,0,3,3
Noyliyah,0,3,3
Noymin,0,3,3
Noyo,3,0,3
Noysha,0,3,3
Nozan,0,3,3
Nozanin,0,3,3
Nozhan,3,0,3
Nozhin,0,3,3
Nôzía,0,3,3
Nozizwe,0,3,3
Nozum,3,0,3
Nqadinah,0,3,3
Nqau,3,0,3
Nquara,3,0,3
Nraisho,3,0,3
Nrga,0,3,3
Nrishinha,3,0,3
Nsabimana,3,0,3
Nsabimbona,0,3,3
Nsambi,3,0,3
Nsambu-Milka,0,3,3
Nsami,3,0,3
Nsangou,3,0,3
Nsar,0,3,3
Nsasi,0,3,3
Nschuti,3,0,3
Nse,3,0,3
Nsekani,0,3,3
Nselele,0,3,3
Nsen,0,3,3
Nseya,0,3,3
Nshiraa,3,0,3
Nshuti,3,0,3
Nshyira,0,3,3
Nsia,0,3,3
Nsiala,0,3,3
Nsian,3,0,3
Nsika,3,0,3
Nsikakabasi,3,0,3
Nsikaköböng,3,0,3
Nsinga,0,3,3
Nsobo,3,0,3
Nsobya,3,0,3
Nsoh,0,3,3
Nsololo,0,3,3
Nsona,0,3,3
Nsondya,0,3,3
Nsoroma,0,3,3
Nsouka,0,3,3
Nsrin,0,3,3
Nsua,3,0,3
Nsumbo,3,0,3
Nsungi,0,3,3
Ntambu,3,0,3
Ntambwé,3,0,3
Ntana,0,3,3
Ntanga,0,3,3
Ntangu,3,0,3
Ntemonono,0,3,3
Ntete,3,0,3
Nthabiseng,0,3,3
Nthanda,0,3,3
Ntiama,3,0,3
Ntianu,0,3,3
Ntifafah,3,0,3
Ntigoroku,3,0,3
Ntimoah,3,0,3
Ntina,0,3,3
Ntinu,3,0,3
Ntisaar,0,3,3
Ntisar,0,3,3
Ntiwaah,0,3,3
Ntiyani,3,0,3
Ntladi,3,0,3
Ntoh,3,0,3
Ntole,3,0,3
Ntombiyokhanyo,0,3,3
Ntombizonke,0,3,3
Ntona,3,0,3
Ntonimbo,3,0,3
Ntsam,0,3,3
Ntsama,3,0,3
Ntsikelelo,3,0,3
Ntsinzi,3,0,3
Ntula,3,0,3
Ntumba-Cedric,3,0,3
Ntwaa,0,3,3
ntxhee,0,3,3
Nu'maan,3,0,3
Nu-aim,3,0,3
Nuaas,0,3,3
Nuada,3,0,3
Nuadha,3,0,3
Nuaki,0,3,3
Nualah,0,3,3
Nuallan,3,0,3
Nuaman,3,0,3
Nuámi,3,0,3
Nuami,0,3,3
Nuamy,0,3,3
Nuana,0,3,3
Nuang,3,0,3
Núara,0,3,3
Nuara,0,3,3
Nubayd,3,0,3
Nubburgsen,3,0,3
Nubertha,0,3,3
Nuberthus,3,0,3
Nubi,3,0,3
Nubi-An,0,3,3
Nubia-Joy,0,3,3
Nubiana,0,3,3
Nubianka,0,3,3
Nubiendro,3,0,3
Nubiënne,0,3,3
Nubya,0,3,3
Nucas,3,0,3
Nucha,0,3,3
Nucharat,0,3,3
Nuchchida,0,3,3
Nucho,3,0,3
Nuciana,0,3,3
Nucinyo,3,0,3
Nuckey,3,0,3
Nucretia,0,3,3
Nucu,3,0,3
Nudam,0,3,3
Nudea,0,3,3
Nudika,3,0,3
Nudishya,0,3,3
Nudra,0,3,3
Nudrat,0,3,3
Nudret,0,3,3
Nueal,3,0,3
Nüel,3,0,3
Nuél,3,0,3
Nuèla,0,3,3
Nuelia,0,3,3
Nueliza,0,3,3
Nuëlla,0,3,3
Nuélly,0,3,3
Nuelvin,3,0,3
Nuema,0,3,3
Nuèn,0,3,3
Nuendi,0,3,3
Nueny,0,3,3
Nuésah,0,3,3
Nuève,0,3,3
Nuevo,3,0,3
Nuey,3,0,3
Nuez,0,3,3
Nufail,3,0,3
Nufaisa,0,3,3
Nufaysah,0,3,3
Nüferya,0,3,3
Nufetalem,3,0,3
Nufira,0,3,3
Nufrangelo,3,0,3
Nuftalem,3,0,3
Nugman,3,0,3
Nugrah,3,0,3
Nugrahadi,3,0,3
Nugrahanne,0,3,3
Nugraheni,0,3,3
Nugraini,0,3,3
Nugrettin,3,0,3
Nuguan,0,3,3
Nuhaa,0,3,3
Nuhaïla,0,3,3
Nuhalhaq,3,0,3
Nuheila,0,3,3
Nuhella,0,3,3
Nuheyla,0,3,3
Nuhma,0,3,3
Nuhman,3,0,3
Nuhr,3,0,3
Nûhr,0,3,3
Nuhrullah,3,0,3
Nuhube,0,3,3
Nuhun,3,0,3
Nuis,3,0,3
Nuit,0,3,3
Nuith,0,3,3
Nuitilda,0,3,3
Nuitina,0,3,3
Nujen,0,3,3
Nüjen,0,3,3
Nûjîn,0,3,3
Nuket,0,3,3
Nukhet,0,3,3
Nukuynuie,0,3,3
Nûl,3,0,3
Nulfer,0,3,3
Nulgün,0,3,3
Nulia,0,3,3
Nuliano,3,0,3
Nuliën,0,3,3
Nulufer,0,3,3
Nuluiat,0,3,3
Num,0,3,3
Numa'ir,3,0,3
Numaad,3,0,3
Numah,0,3,3
Numaïr,3,0,3
Numana,0,3,3
Numanbin,3,0,3
Numbre,0,3,3
Numé,0,3,3
Numeira,0,3,3
Numera,0,3,3
Numida,0,3,3
Numidiya,0,3,3
Numman,3,0,3
Numu,0,3,3
Nun,3,0,3
Nûn,0,3,3
Nun-Cheredise,0,3,3
Nuña,0,3,3
Nuna-Riley,0,3,3
Nunah,0,3,3
Nunayon,3,0,3
Nunchia,0,3,3
Nunciata,0,3,3
Nuncyo,3,0,3
Nundja,0,3,3
Nunè,0,3,3
Nunére,3,0,3
Nunette,0,3,3
Nunez,3,0,3
Nuñez,3,0,3
Nungari,0,3,3
Nungka,0,3,3
Nunik,0,3,3
Nunja,0,3,3
Nûnlifer,0,3,3
Nunnius,3,0,3
Nûno,3,0,3
Nunowamo,0,3,3
Nunsio,3,0,3
Nunten,0,3,3
Nunuai,3,0,3
Nünübe,0,3,3
Nunudcia,0,3,3
Nunué,3,0,3
Nunumete,0,3,3
Nunya,0,3,3
Nunyat,0,3,3
Nunziante,3,0,3
Nunziatella,0,3,3
Nunziëlla,0,3,3
Nunzietta,0,3,3
Nunzjella,0,3,3
Nuò,3,0,3
Nüömet,0,3,3
Nuoran,0,3,3
Nuova,0,3,3
Nuovarah,0,3,3
Nuoyang,3,0,3
Nupel,0,3,3
Nüpel,0,3,3
Nüpelda,0,3,3
Nuphar,3,0,3
Núr,3,0,3
Nŭr,0,3,3
Nur'alya,0,3,3
Nur-Hayati,0,3,3
Nur-Laila,0,3,3
Nur-Nadjm,3,0,3
Nur-Natasha,0,3,3
Nûr-Raissa,0,3,3
Nur-ud-Din,3,0,3
Nur-us,0,3,3
Nûra,0,3,3
Nurâ,0,3,3
Nuraddeen,3,0,3
Nuraddin,3,0,3
Nuradha,0,3,3
Nuradi,3,0,3
Nuradiin,3,0,3
Nuraeny,0,3,3
Nurafni,0,3,3
Nurafnie,0,3,3
Nuraghnie,0,3,3
Nûrah,0,3,3
Nurah-Keku,0,3,3
Nurahlisa,0,3,3
Nurahma,0,3,3
Nurahmet,3,0,3
Nuraica,0,3,3
Nurailah,0,3,3
Nuraina,0,3,3
Nurainie,0,3,3
Nurainshela,0,3,3
Nuraja,0,3,3
Nuralain,0,3,3
Nuraldin,3,0,3
Nurali,0,3,3
Nurallijah,0,3,3
Nuram,0,3,3
Nuramin,3,0,3
Nurania,0,3,3
Nuratulahi,0,3,3
Nurayda,0,3,3
Nuraye,0,3,3
Nuraynie,0,3,3
Nurayşe,0,3,3
Nuraysha,0,3,3
Nurbaki,3,0,3
Nûrbanu,0,3,3
Nurbânu,0,3,3
Nurbanû,0,3,3
Nurbanur,0,3,3
Nurbayanah,0,3,3
Nurben,0,3,3
Nurçağ,0,3,3
Nurcan-Nur,0,3,3
Nurcel,0,3,3
Nurcennet,0,3,3
Nurcuhan,0,3,3
Nurda,0,3,3
Nürdan,3,0,3
Nurdanur,0,3,3
Nurdian,0,3,3
Nurdianna,0,3,3
Nurdiansyah,3,0,3
Nurdina,0,3,3
Nurdinarjuna,3,0,3
Nurdjahaan,0,3,3
Nurdjenna,0,3,3
Nurdoĝan,3,0,3
Nurdoġan,0,3,3
Nurdöndü,0,3,3
Nurdun,3,0,3
Nuré,0,3,3
Nurea,0,3,3
Nureddine,3,0,3
Nuredeen,3,0,3
Nuredin,3,0,3
Nurelayn,0,3,3
Nûreldin,3,0,3
Nureldin,0,3,3
Nurelhuda,0,3,3
Nurelia,0,3,3
Nurella,0,3,3
Nurendy,3,0,3
Nurer,3,0,3
Nuresh,3,0,3
Nuretien,3,0,3
Nürettin,3,0,3
Nürey,0,3,3
Nureyla,0,3,3
Nurferah,0,3,3
Nurfiye,0,3,3
Nurgailly,0,3,3
Nurgatoen,0,3,3
Nurginio,3,0,3
Nurgöl,0,3,3
Nurgûl,0,3,3
Nurgűl,0,3,3
Nurgün,0,3,3
Nurgus,0,3,3
Nurhadi,3,0,3
Nurhaja,0,3,3
Nurhaliza,0,3,3
Nurhanim,0,3,3
Nurhat,3,0,3
Nurhatun,0,3,3
Nurhen,0,3,3
Nurhidayah,0,3,3
Nurhilal,0,3,3
Nurhussien,0,3,3
Nûri,3,0,3
Núri,3,0,3
Nurí,0,3,3
Nuri-Efe,3,0,3
Nûria,0,3,3
Nuría,0,3,3
Nurìa,0,3,3
Nurianti,0,3,3
Nüricha,0,3,3
Nuriddin,3,0,3
Nurië,0,3,3
Nuriëlla,0,3,3
Nurielle,0,3,3
Nuriëlle,0,3,3
Nuriën,3,0,3
Nuriënne,0,3,3
Nurientely,0,3,3
Nuriev,3,0,3
Nurijani,0,3,3
Nurikursad,3,0,3
Nurindah,0,3,3
Nurinder,3,0,3
Nuris,0,3,3
Nurisah,0,3,3
Nurish,0,3,3
Nurisha,0,3,3
Nurishah,0,3,3
Nurit,0,3,3
Nuriyati,0,3,3
Nuriyya,0,3,3
Nûriyyaghatoen,0,3,3
Nurjana,0,3,3
Nurjani,0,3,3
Nurjati,0,3,3
Nurjensly,3,0,3
Nurkafiye,0,3,3
Nürkar,0,3,3
Nurkiz,0,3,3
Nurlailla,0,3,3
Nurlaiqa,0,3,3
Nurlan,3,0,3
Nurlaylah,0,3,3
Nurleila,0,3,3
Nurley,0,3,3
Nurlia,0,3,3
Nurlya,0,3,3
Nurma,0,3,3
Nurmailys,0,3,3
Nurmala,0,3,3
Nurmalasari,0,3,3
Nurmanie,0,3,3
Nurmayasari,0,3,3
Nurmayati,0,3,3
Nurmelek,0,3,3
Nurmeree,0,3,3
Nurmie,3,0,3
Nurmina,0,3,3
Nurmuhammed,3,0,3
Nurmya,0,3,3
Nurna,0,3,3
Nurnaningsih,0,3,3
Nurnisa,0,3,3
Nurollah,3,0,3
Nurox,3,0,3
Nurperi,0,3,3
Nurpur,0,3,3
Nurr,0,3,3
Nurrana,0,3,3
Nurraza,3,0,3
Nurreach,3,0,3
Nurreddine,3,0,3
Nurrètin,3,0,3
Nurrettin,3,0,3
Nurriya,0,3,3
Nurrullah,3,0,3
Nursa,0,3,3
Nursaç,0,3,3
Nursagül,0,3,3
Nursaid,3,0,3
Nursaida,0,3,3
Nursamah,0,3,3
Nurşan,0,3,3
Nursan,0,3,3
Nursanty,0,3,3
Nurşat,0,3,3
Nursayid,3,0,3
Nursebil,0,3,3
Nürsel,0,3,3
Nürsemin,0,3,3
Nürsen,0,3,3
Nursenna,0,3,3
Nurseva,0,3,3
Nurşevin,0,3,3
Nursia,0,3,3
Nursidiye,0,3,3
Nursimâ,0,3,3
Nursin,0,3,3
Nursine,0,3,3
Nursirwan,3,0,3
Nursoy,0,3,3
Nurster,0,3,3
Nursyi,0,3,3
Nurtaze,0,3,3
Nurtekin,3,0,3
Nürü,3,0,3
Nurubet,0,3,3
Nuruddin,3,0,3
Nurudeen,3,0,3
Nurul-Alaam,0,3,3
Nurulah,3,0,3
Nurulain,0,3,3
Nurulay,0,3,3
Nurulemin,3,0,3
Nurulhuda,0,3,3
Nurullak,3,0,3
Nurvel,0,3,3
Nurver,3,0,3
Nurwani,0,3,3
Nurwati,0,3,3
Nurwatie,0,3,3
Núrxia,0,3,3
Nuryantini,0,3,3
Nuryanto,3,0,3
Nuryassin,0,3,3
Nuryn,0,3,3
Nurzadi,0,3,3
Nurzai,3,0,3
Nurzaida,0,3,3
Nurzaina,0,3,3
Nurzhan,3,0,3
Nusaibah,0,3,3
Nusaína,0,3,3
Nusaïnai,0,3,3
Nusaiva,0,3,3
Nusakira,0,3,3
Nusan,3,0,3
Nusantara,3,0,3
Nusaru,3,0,3
Nusaubah,0,3,3
Nusaya,3,0,3
Nusayb,3,0,3
Nuscailey,0,3,3
Nuscka,0,3,3
Nuseema,0,3,3
Nuseyb,3,0,3
Nuseybah,0,3,3
Nuseybenur,0,3,3
Nushaba,0,3,3
Nushafarin,0,3,3
Nushaih,0,3,3
Nushayba,0,3,3
Nushë,0,3,3
Nusheh,0,3,3
Nushi,0,3,3
Nushika,0,3,3
Nushin-Carmen,0,3,3
Nushino,3,0,3
Nusimela,3,0,3
Nusin,0,3,3
Nusiya,0,3,3
Nusra,0,3,3
Nusrath,0,3,3
Nusre,0,3,3
Nusrer,3,0,3
Nüsret,3,0,3
Nusret-Zehra,0,3,3
Nusrethan,3,0,3
Nusretin,3,0,3
Nusrettin,3,0,3
Nussaila,0,3,3
Nussrat,0,3,3
Nussret,0,3,3
Nusta,0,3,3
Nusura,0,3,3
Nuta,0,3,3
Nutash,3,0,3
Nutfiye,0,3,3
Nutheila,0,3,3
Nuti,0,3,3
Nutien,3,0,3
Nutjara,0,3,3
Nutkiye,0,3,3
Nutley,0,3,3
Nutricia,0,3,3
Nutritius,3,0,3
Nuttakan,0,3,3
Nutterd,3,0,3
Nutthatida,0,3,3
Nutwin,3,0,3
Nuunmahad,3,0,3
Nuurah,0,3,3
Nuurdiin,3,0,3
Nuuril,0,3,3
Nuurun,0,3,3
Nuux,3,0,3
Nuveyla,0,3,3
Nuvielle,0,3,3
Nuvin,0,3,3
Nuvira,0,3,3
Nüvit,0,3,3
Nuvola,0,3,3
Nuwae,3,0,3
Nuwaira,0,3,3
Nuwal,0,3,3
Nuwandi,0,3,3
Nuwanthi,0,3,3
Nuwaylah,0,3,3
Nuwbyah,0,3,3
Nuweira-Mahashaikha,0,3,3
Nuwelson,3,0,3
Nuwendly,3,0,3
Nuya,0,3,3
Nuyen,3,0,3
Nuzaat,0,3,3
Nuzan,3,0,3
Nuzdar,3,0,3
Nužha,0,3,3
Nuziella,0,3,3
Nuzio,3,0,3
Nuziye,0,3,3
Nuzrat,0,3,3
Nuzuha,3,0,3
Nuzzia,0,3,3
Nver,0,3,3
Nvondo,3,0,3
Nwab,3,0,3
Nwabisa,0,3,3
Nwabuba,3,0,3
Nwabueze,3,0,3
Nwachi,0,3,3
Nwachinaemere,3,0,3
Nwachiukwu,3,0,3
Nwachukwu,0,3,3
Nwadi,0,3,3
Nwadife,0,3,3
Nwadiuso,0,3,3
Nwaezeh,0,3,3
Nwagu,0,3,3
Nwaka,3,0,3
Nwakego,0,3,3
Nwal,0,3,3
Nwaloa,0,3,3
Nwaneri,3,0,3
Nwanka,0,3,3
Nwanna,0,3,3
Nwanwa,0,3,3
Nwanyimma,0,3,3
Nwaoma,0,3,3
Nwar,3,0,3
Nwara,0,3,3
Nweer,0,3,3
Nwinga,0,3,3
Nwizi,3,0,3
Nwobodo,3,0,3
Nwyvre,0,3,3
Nxt,3,0,3
Ny'Amberly,0,3,3
Ny'Georo,3,0,3
Ny'Jaira,0,3,3
Ny'Leah,0,3,3
Ny'shaidrion,3,0,3
Ny'shawn,3,0,3
Ny'vaira,0,3,3
Ny-ïannah,0,3,3
Ny-kay,0,3,3
Ny-Meesha,0,3,3
Ny-Qeera,0,3,3
Ny-Shanty,0,3,3
Nya'lee,0,3,3
Nya'Lorenn,0,3,3
Nya'thera,0,3,3
Nya-Amalia,0,3,3
Nyabel,0,3,3
Nyabell,0,3,3
Nyabinghi,3,0,3
Nyacaja,0,3,3
Nyacha,0,3,3
Nyachdi,0,3,3
Nyada,0,3,3
Nyadaïrah,0,3,3
Nyadeng,0,3,3
Nyadieng,0,3,3
Nyaet,3,0,3
Nyafai,3,0,3
Nyafli,0,3,3
Nyagelro,3,0,3
Nyah-Elys,0,3,3
Nyah-Mae,0,3,3
Nyah-Maé,0,3,3
Nyah-Mar,0,3,3
Nyah-Naméh,0,3,3
Nyah-Yentl,0,3,3
Nyahbinghi,0,3,3
Nyai,0,3,3
Nyaibuang,0,3,3
Nyairaja,0,3,3
Nyak,0,3,3
Nyakaisik,0,3,3
Nyakaria,0,3,3
Nyakato,0,3,3
Nyakeh,3,0,3
Nyaki,0,3,3
Nyakim,0,3,3
Nyakoojo,3,0,3
Nyakun,3,0,3
Nyalah,0,3,3
Nyale,0,3,3
Nyaliyaah,0,3,3
Nyama,0,3,3
Nyamad,3,0,3
Nyamah,0,3,3
Nyamai,3,0,3
Nyamara,0,3,3
Nyamba,0,3,3
Nyamby,0,3,3
Nyameadom,0,3,3
Nyameaseda,3,0,3
Nyameba,0,3,3
Nyamebekyere,0,3,3
Nyameke,0,3,3
Nyamekeh,3,0,3
Nyamekeye,3,0,3
Nyamekyer,0,3,3
Nyamenlekyeabenvi,3,0,3
Nyameye,0,3,3
Nyameyie,0,3,3
Nyamini,0,3,3
Nyang'arisa,0,3,3
Nyangela,0,3,3
Nyangell,3,0,3
Nyangoma,0,3,3
Nyanjok,0,3,3
Nyanmekye,0,3,3
Nyanne,0,3,3
Nyansa,3,0,3
Nyantakyiwaa,0,3,3
Nyantakyiwaah,0,3,3
Nyanteh,3,0,3
Nyanthé,0,3,3
Nyar,3,0,3
Nyaradzai,3,0,3
Nyarafa,0,3,3
Nyarangi,0,3,3
Nyarkoah,0,3,3
Nyarkowa,0,3,3
Nyarkua,0,3,3
Nyaro,3,0,3
Nyas,3,0,3
Nyashly-Ann,0,3,3
Nyasi,3,0,3
Nyasia,0,3,3
Nyat,0,3,3
Nyata,0,3,3
Nyatanyehu,3,0,3
Nyatha,0,3,3
Nyati,0,3,3
Nyatt,0,3,3
Nyawa,0,3,3
Nyawile,0,3,3
Nyawira,0,3,3
Nybia,0,3,3
Nybo,3,0,3
Nybon,0,3,3
Nybran,3,0,3
Nyca-Yden,0,3,3
Nychayra,0,3,3
Nycheal,3,0,3
Nychelle,0,3,3
Nychen,3,0,3
Nychenda,0,3,3
Nychendley,3,0,3
Nychentany,0,3,3
Nycheray,3,0,3
Nycho,3,0,3
Nycholaes,3,0,3
Nychon,0,3,3
Nyckáy,3,0,3
Nyckel,3,0,3
Nyckelee,0,3,3
Nycki,0,3,3
Nycky,3,0,3
Nycla,3,0,3
Nyco,3,0,3
Nycolien,0,3,3
Nycystan,3,0,3
Nyda,0,3,3
Nydan,3,0,3
Nydette,0,3,3
Nydha,0,3,3
Nydjah,3,0,3
Nye,0,3,3
Nyécha,0,3,3
Nyeem,3,0,3
Nyef,3,0,3
Nyéla,0,3,3
Nyell,3,0,3
Nyemba,0,3,3
Nyembo,0,3,3
Nyen,0,3,3
Nyèn,0,3,3
Nyendrag,3,0,3
Nyengele,3,0,3
Nyengo,3,0,3
Nyenke,0,3,3
Nyenna,0,3,3
Nyentakyiwaah,0,3,3
Nyerere,0,3,3
Nyeri,0,3,3
Nyerie,0,3,3
Nyetamoame,0,3,3
Nyeto,3,0,3
Nyeva,0,3,3
Nyève,0,3,3
Nygaard,3,0,3
Nygan,3,0,3
Nygana,0,3,3
Nygard,3,0,3
Nygeena,0,3,3
Nygël,3,0,3
Nygiël,3,0,3
Nygo,3,0,3
Nyguenne,0,3,3
Nygweseany,0,3,3
Nyhaila,0,3,3
Nyhaira,0,3,3
Nyhal,0,3,3
Nyhen,3,0,3
Nyhira,0,3,3
Nyhiraba,0,3,3
Nyhla,0,3,3
Nyhne,0,3,3
Nyhree,0,3,3
Nyhreen,0,3,3
Nyia,0,3,3
Nyian,3,0,3
Nyida,3,0,3
Nyiha,0,3,3
Nyika,0,3,3
Nyiko,3,0,3
Nyingsha,3,0,3
Nyini,3,0,3
Nyinimoh,0,3,3
Nyira,0,3,3
Nyirazamani,0,3,3
Nyirimana,3,0,3
Nyirone,3,0,3
Nyjada,0,3,3
Nyjaé,3,0,3
Nyjahrell,3,0,3
Nyjaira,0,3,3
Nyjoli,0,3,3
Nyka-Eyla,0,3,3
Nykan,3,0,3
Nykè,0,3,3
Nykea,0,3,3
Nykeba,0,3,3
Nykée,0,3,3
Nykeisjah,0,3,3
Nykelason,3,0,3
Nykesha,0,3,3
Nykia,0,3,3
Nykisha,0,3,3
Nykki,0,3,3
Nyklaas,3,0,3
Nyklasina,0,3,3
Nykoline,0,3,3
Nyla-Dae,0,3,3
Nylah-Rose,0,3,3
Nylairo,3,0,3
Nylaisa,0,3,3
Nylaisa-Paris,0,3,3
Nylaisha,0,3,3
Nyland,3,0,3
Nylàni,0,3,3
Nylani,0,3,3
Nylca,0,3,3
Nyle,3,0,3
Nyleena,0,3,3
Nylish,3,0,3
Nylja,0,3,3
Nylla,0,3,3
Nylly,0,3,3
Nylmar,3,0,3
Nylofar,0,3,3
Nyloufar,0,3,3
Nylow,3,0,3
Nylsa,0,3,3
Nylse,0,3,3
Nylton,3,0,3
Nyluphar,0,3,3
Nymade,0,3,3
Nymar,3,0,3
Nymeesha,0,3,3
Nymensio,3,0,3
Nymfodora,0,3,3
Nymm,0,3,3
Nymph,0,3,3
Nymphadora,0,3,3
Nymphèa,0,3,3
Nymta,3,0,3
Nymtchi,0,3,3
Nymué,0,3,3
Nŷna,0,3,3
Nynah,0,3,3
Nynah-Lotte,0,3,3
Nynce,0,3,3
Nyne-Flore,0,3,3
Nyne-Rosa,0,3,3
Nyneisha,0,3,3
Nyneke,0,3,3
Nynhe,0,3,3
Nynia,0,3,3
Nynith,0,3,3
Nŷnke,0,3,3
Nynke-Amarins,0,3,3
Nynke-Boudien,0,3,3
Nynke-Dieuwke,0,3,3
Nynke-Froukje,0,3,3
Nynke-José,0,3,3
Nynke-Marit,0,3,3
Nynke-Marrit,0,3,3
Nynke-Marye,0,3,3
Nynke-Pauline,0,3,3
Nynke-Sietske,0,3,3
Nynke-Sophie,0,3,3
Nynneh,0,3,3
Nynonardo,3,0,3
Nynotte,0,3,3
Nynphe,0,3,3
Nynthi,0,3,3
Nyo-Murphey,3,0,3
Nyobia,0,3,3
Nyobou,0,3,3
Nyogot,3,0,3
Nyoh,3,0,3
Nyok,0,3,3
Nyoki,3,0,3
Nyolen,0,3,3
Nyomah,0,3,3
Nyomani,0,3,3
Nyomekye,0,3,3
Nyomey,0,3,3
Nyomi-Jane,0,3,3
Nyondo,3,0,3
Nyoni-Nathee,3,0,3
Nyonna,0,3,3
Nyonne,0,3,3
Nyora,0,3,3
Nyordan,3,0,3
Nyorden,3,0,3
Nyore,0,3,3
Nyori,0,3,3
Nyoshane,0,3,3
Nyota-Ida,0,3,3
Nyotah,0,3,3
Nyotta,0,3,3
Nyouise,0,3,3
Nypha,0,3,3
Nyqinio,3,0,3
Nyqisha,0,3,3
Nyraida,0,3,3
Nyraisha,0,3,3
Nyrako,0,3,3
Nyran,3,0,3
Nyrav,3,0,3
Nyré,0,3,3
Nyreeh,0,3,3
Nyreidah,0,3,3
Nyreinsia,0,3,3
Nyrel,3,0,3
Nyrela,0,3,3
Nyrina,0,3,3
Nyrome,3,0,3
Nyron,3,0,3
Nyrondly,3,0,3
Nyrone,3,0,3
Nyroon,3,0,3
Nyrosca,0,3,3
Nyrosh,3,0,3
Nyroth,3,0,3
Nyrouckshellyn,0,3,3
Nyrow,3,0,3
Nyroy,3,0,3
Nyrte,0,3,3
Nyrvana,0,3,3
Nyrvane,0,3,3
Nyscha,0,3,3
Nysee,0,3,3
Nyseth,0,3,3
Nysetta,0,3,3
Nyshaam,3,0,3
Nyshaina,0,3,3
Nyshandro,3,0,3
Nyshantely,0,3,3
Nyshaun,3,0,3
Nyshay,0,3,3
Nyshelle,0,3,3
Nyshendro,3,0,3
Nyshia,0,3,3
Nysia,0,3,3
Nysien,0,3,3
Nysina,0,3,3
Nysja,0,3,3
Nysrin,0,3,3
Nysrina,0,3,3
Nysza,0,3,3
Nyta,0,3,3
Nytan,3,0,3
Nytara,0,3,3
Nytasja,0,3,3
Nytchell,3,0,3
Nytha,0,3,3
Nythro,3,0,3
Nytinja,0,3,3
Nytisia,0,3,3
Nytka,0,3,3
Nytro,3,0,3
Nyu,0,3,3
Nyuk,3,0,3
Nyuma,3,0,3
Nyundo,3,0,3
Nyura,0,3,3
Nyusha,0,3,3
Nyusja,0,3,3
Nyuy,3,0,3
Nyv,3,0,3
Nyvano,3,0,3
Nyve,0,3,3
Nyverely,0,3,3
Nyviëngely,0,3,3
Nyvinxio,3,0,3
Nywel,3,0,3
Nyx,0,3,3
Nyxhiënty,0,3,3
Nyzeth,0,3,3
Nyzhoni,0,3,3
Nyzira,0,3,3
Nzaar,3,0,3
Nzabamwita,3,0,3
Nzabandora,3,0,3
Nzamuwita,0,3,3
Nzanbi,3,0,3
Nzanywayimana,0,3,3
Nzaou,0,3,3
Nzara,0,3,3
Nzau,3,0,3
Nzé,3,0,3
Nzebela,0,3,3
Nzebele,3,0,3
Nzeha,0,3,3
Nzelle,0,3,3
Nzenza,0,3,3
Nzerah,0,3,3
Nzha,0,3,3
Nzieninyin,3,0,3
Nzila,3,0,3
Nzima,3,0,3
Nzingha,0,3,3
Nzoka,3,0,3
Nzomo,3,0,3
Nzongola,3,0,3
Nzoumba,3,0,3
Nzoyihera,3,0,3
Nzuri,0,3,3
