Name,Men,Women,Total
Olivier,10375,5,10380
Otto,8329,38,8367
Oscar,7347,45,7392
Olaf,6774,17,6791
Olivia,5,6220,6225
Olga,46,5684,5730
Onno,4290,3,4293
Owen,3966,9,3975
Odilia,281,2544,2825
Omar,2697,100,2797
Olav,1777,3,1780
Oliver,1767,3,1770
Odette,15,1740,1755
Ole,1315,5,1320
Orlando,1248,3,1251
Osman,1174,49,1223
Oda,74,1075,1149
Oumaima,0,1087,1087
Otis,967,22,989
Okke,908,7,915
Onur,813,3,816
Oussama,721,3,724
Oene,684,3,687
Oskar,663,3,666
Odin,596,10,606
Oebele,522,3,525
Olof,503,0,503
Odile,15,465,480
Oswald,452,10,462
Olle,437,6,443
Oeds,438,3,441
Onne,421,5,426
Ottolina,0,409,409
Otte,350,45,395
Orhan,393,0,393
Ozan,385,0,385
Oege,377,3,380
Okan,378,0,378
Othman,373,0,373
Oualid,352,0,352
Oğuzhan,344,0,344
Ouassim,340,0,340
Ouiam,0,332,332
Okko,321,0,321
Omer,260,20,280
Oktay,254,0,254
Odulphus,236,3,239
Obbe,223,0,223
Ottilie,3,217,220
Octavia,6,196,202
Oumnia,0,191,191
Ocean,113,77,190
Osei,143,44,187
Oğuz,184,3,187
Otmar,179,3,182
Ouassima,0,178,178
Ouarda,0,171,171
Ouafa,0,165,165
Omayra,3,155,158
Obe,153,3,156
Oumayra,0,154,154
Owusu,117,26,143
Olger,142,0,142
Oeke,11,128,139
Oguzhan,134,0,134
Osama,109,19,128
Octavie,10,117,127
Ophelia,0,127,127
Odessa,3,122,125
Octovina,0,122,122
Ouissam,24,98,122
Orion,116,3,119
Octovianus,115,3,118
Olcay,85,30,115
Ottoline,0,114,114
Oane,110,3,113
Oona,3,107,110
Otje,5,101,106
Omaira,0,103,103
Ollie,82,20,102
Oriana,3,100,103
Ouail,100,0,100
Ouissal,0,98,98
Octave,90,3,93
Oguz,93,0,93
Octavianus,88,3,91
Oswin,88,0,88
Odrada,6,81,87
Olfert,86,0,86
Ottilia,3,85,88
Oliva,3,82,85
Oumaïma,0,85,85
Orpheo,84,0,84
Orkun,82,0,82
Olf,80,3,83
Oswaldus,79,3,82
Otteline,0,81,81
Ottina,0,81,81
Oumayma,0,80,80
Okje,0,79,79
Omaima,0,79,79
Omid,76,0,76
Ouafae,0,76,76
Obed,75,0,75
Olive,3,71,74
Omari,70,0,70
Olmo,69,0,69
Orfeo,67,3,70
Ornella,0,65,65
Oepke,63,0,63
Oktje,0,63,63
Oberon,62,0,62
Orçun,62,0,62
Orpa,0,62,62
Orson,62,0,62
Obbo,61,0,61
Odilius,60,3,63
Oetse,61,0,61
Oetze,61,0,61
Olympia,3,60,63
Ona,0,61,61
Odelia,0,59,59
Odina,0,59,59
Odine,3,56,59
Ouaïl,58,0,58
Opoku,34,22,56
Ortwin,56,0,56
Olin,35,20,55
Ouwe,55,0,55
Ophélie,0,54,54
Oleg,53,0,53
Ondine,0,52,52
Orville,52,0,52
Othniël,52,0,52
Ottelina,0,52,52
Oomke,51,0,51
Orselina,0,51,51
Oltman,50,0,50
Octaaf,48,3,51
Omèr,36,13,49
Oranda,6,43,49
Ottelien,0,49,49
Ousama,48,3,51
Ouidad,3,47,50
Omayma,0,47,47
Odiel,20,26,46
Otman,46,0,46
Obadja,45,0,45
Ofori,35,10,45
Oğulcan,45,0,45
Olly,22,23,45
Omara,3,42,45
Orlanda,3,43,46
Ojani,43,3,46
Ootske,0,44,44
Ozzy,42,3,45
Odille,3,41,44
Ocker,42,0,42
Oetske,3,41,44
Osvaldo,42,0,42
Otniël,42,0,42
Oumar,42,0,42
Oemar,41,0,41
Orrin,40,3,43
Osiris,35,6,41
Oswaldo,40,3,43
Otgerus,41,0,41
Othilde,3,40,43
Othmar,41,0,41
Ouke,37,3,40
Oukje,0,41,41
Oeda,0,40,40
Oedske,0,40,40
Ofelia,0,40,40
Ottolien,0,40,40
Ouahiba,0,40,40
Odetta,0,39,39
Oliveira,19,20,39
Omed,35,3,38
Orin,39,0,39
Ortje,0,39,39
Octavius,37,3,40
Oenze,38,0,38
Omère,25,13,38
Omnia,0,38,38
Omran,38,0,38
Omri,37,3,40
Oosten,37,3,40
Orry,37,3,40
Owyn,38,0,38
Obinna,37,0,37
Ove,37,0,37
Océane,0,36,36
Olette,0,36,36
Ogün,35,0,35
Orsine,0,35,35
Ouassila,0,35,35
Obeng,19,15,34
Odylia,3,33,36
Olchert,34,0,34
Orla,3,32,35
Ousmane,32,3,35
Oentje,0,33,33
Ossama,32,3,35
Onna,0,32,32
Oswalda,0,32,32
Ode,16,15,31
Odeke,0,31,31
Odo,30,3,33
Olinda,0,31,31
Oumaira,0,31,31
Odulfus,29,3,32
Odylle,0,30,30
Oliviér,30,0,30
Omarion,30,0,30
Orhun,30,0,30
Otilia,3,29,32
Oedse,29,0,29
Oetje,3,27,30
Okkelina,0,29,29
Olov,29,0,29
Oumaya,0,29,29
Oya,3,28,31
Odet,3,27,30
Odulpha,3,27,30
Oline,0,28,28
Olke,24,3,27
Olwen,3,26,29
Onyx,21,7,28
Ostar,28,0,28
Oubayd,28,0,28
Outjer,28,0,28
Owain,28,0,28
Olan,27,0,27
Olliver,27,0,27
Oumou,0,27,27
Oxana,0,27,27
Oncko,26,0,26
Onesimus,26,0,26
Onje,3,25,28
Orveo,26,0,26
Ostara,0,26,26
Ottonia,0,26,26
Odillia,0,25,25
Odilon,23,3,26
Odmar,25,0,25
Ody,10,15,25
Oksana,0,25,25
Owais,25,0,25
Obeth,24,0,24
Ofra,3,22,25
Okkina,0,24,24
Ola,3,21,24
Olivie,3,23,26
Otger,24,0,24
Othello,24,0,24
Ottie,5,19,24
Ottoliena,0,24,24
Otwin,24,0,24
Outger,24,0,24
Ozlem,0,24,24
Obi,18,5,23
Odair,22,3,25
Oesha,0,23,23
Orly,3,22,25
Oruç,23,0,23
Ottmar,23,0,23
Oumayya,0,23,23
Oanh,0,22,22
Occo,22,0,22
Odyle,0,22,22
Oemaima,0,22,22
Oliviera,3,20,23
Oluwatobi,17,5,22
Ouasim,22,0,22
Obispo,19,3,22
Octavio,21,0,21
Ohene,20,3,23
Oisín,21,0,21
Olyvia,0,21,21
Orianda,0,21,21
Osaretin,14,7,21
Othilda,0,21,21
Oubayda,21,0,21
Ouiame,0,21,21
Owin,21,0,21
Oluchi,3,18,21
Onslow,17,3,20
Osasere,10,10,20
Ouafaa,0,20,20
Odila,3,18,21
Odilio,19,0,19
Oedilia,0,19,19
Okker,19,0,19
Olamide,16,3,19
Oleta,3,18,21
Olphert,19,0,19
Olsen,16,3,19
Orelia,3,18,21
Orinda,0,19,19
Orpheus,19,0,19
Othmane,19,0,19
Ottje,0,19,19
Oana,0,18,18
Ocke,17,3,20
Octavus,16,3,19
Octofina,0,18,18
Oeble,18,0,18
Offe,18,0,18
Omke,18,0,18
Ossip,18,0,18
Ottine,0,18,18
Ouanis,18,0,18
Oceane,0,17,17
Odyl,3,15,18
Oebelina,0,17,17
Oegina,0,17,17
Oek,17,0,17
Ogechi,3,15,18
Okay,17,0,17
Olrik,16,3,19
Omolara,3,16,19
Ortillia,0,17,17
Othilia,0,17,17
O'Neill,12,3,15
Octaviana,0,16,16
Odulf,16,0,16
Odysseus,16,0,16
Oebel,16,0,16
Ofke,15,3,18
Ofosu,16,0,16
Oger,16,0,16
Oĝuzhan,16,0,16
Okki,9,7,16
Olavi,16,0,16
Oldrik,16,0,16
Olek,16,0,16
Olufemi,14,3,17
Omeed,16,0,16
Oreste,15,3,18
Oduro,8,7,15
Ogulcan,15,0,15
Olivera,3,14,17
Olli,14,3,17
Oluwadamilola,3,11,14
Oluwaseun,13,3,16
Omair,15,0,15
Oral,15,0,15
Orazio,15,0,15
Ori,13,3,16
Oriane,0,15,15
Orphelia,3,12,15
Oscarine,0,15,15
Ouahib,15,0,15
Ouardia,0,15,15
Oumniya,0,15,15
Oakley,10,3,13
Obbina,0,14,14
Odi,8,6,14
Odilie,0,14,14
Odwin,14,0,14
Oforiwaa,0,14,14
Okkiena,0,14,14
Olena,3,13,16
Olgun,14,0,14
Oluwakemi,0,14,14
Onny,3,13,16
Osariemen,3,12,15
Ottelie,0,14,14
Ottilië,0,14,14
Ouijdane,0,14,14
O'Neal,11,3,14
O'Shea,13,0,13
O'shea,13,0,13
Obaida,13,0,13
Ockje,0,13,13
Octavina,0,13,13
Odulphina,0,13,13
Oetzen,13,0,13
Oghogho,3,10,13
Oghosa,3,11,14
Ogier,13,0,13
Okechukwu,10,3,13
Okkie,6,7,13
Okyere,9,3,12
Olanda,0,13,13
Olayinka,9,3,12
One,13,0,13
Onurcan,13,0,13
Oprah,0,13,13
Oran,13,0,13
Orchid,0,13,13
Orpha,0,13,13
Otti,3,11,14
Ousman,13,0,13
Outjert,13,0,13
Owe,13,0,13
Owusuaa,0,13,13
Odd,12,0,12
Odie,3,8,11
Odil,5,7,12
Oetsina,0,12,12
Olcan,11,3,14
Olda,0,12,12
Oletta,0,12,12
Olgert,12,0,12
Olijn,3,9,12
Olina,0,12,12
Omega,3,10,13
Omosefe,0,12,12
Onome,7,5,12
Oppong,11,3,14
Orestis,12,0,12
Orm,12,0,12
Ornina,0,12,12
Osagie,11,3,14
Osamudiamen,10,3,13
Osazee,11,3,14
Osazuwa,9,3,12
Oscarina,0,12,12
Osmond,12,0,12
Othniel,12,0,12
Ouahid,12,0,12
Oubaida,12,0,12
Obet,11,0,11
Oceana,0,11,11
Odilde,0,11,11
Olimpia,0,11,11
Olivio,11,0,11
Oltkamp,11,0,11
Oluwaseyi,8,3,11
Oluwatosin,6,5,11
Onko,11,0,11
Oolbert,11,0,11
Oopke,11,0,11
Optatus,11,0,11
Orestes,11,0,11
Orianne,0,11,11
Orwine,0,11,11
Osa,3,7,10
Osahon,9,3,12
Osaro,10,3,13
Osgar,11,0,11
Ottavio,11,0,11
Ottomar,11,0,11
Ouadie,11,0,11
Oury,8,3,11
Obayda,10,0,10
Obrecht,10,0,10
Oelke,8,3,11
Oeno,10,0,10
Oĝuz,10,0,10
Oko,9,3,12
Olaus,9,3,12
Oleander,8,3,11
Olegovna,0,10,10
Oliwia,0,10,10
Oluf,10,0,10
Omgo,10,0,10
Omniya,0,10,10
Onah,0,10,10
Onyekachi,7,3,10
Oonagh,0,10,10
Ophelie,0,10,10
Orban,10,0,10
Orcun,10,0,10
Orian,9,3,12
Orina,3,9,12
Orli,3,9,12
Orlinda,0,10,10
Ortwien,10,0,10
Osas,6,3,9
Osca,3,8,11
Otavio,10,0,10
Ottho,10,0,10
Otto-Jan,10,0,10
Ottokar,10,0,10
Otze,10,0,10
Ouasima,0,10,10
Ouktje,0,10,10
Oum,0,10,10
Outman,10,0,10
Ozair,10,0,10
Oasis,3,6,9
Obias,9,0,9
Océan,3,7,10
Octavi,3,7,10
Oden,9,0,9
Oderica,0,9,9
Odilo,9,0,9
Oedsen,9,0,9
Oelbert,9,0,9
Ogilvan,9,0,9
Ohannes,9,0,9
Ohemaa,0,9,9
Oijke,3,8,11
Oisin,9,0,9
Oka,3,7,10
Okhan,9,0,9
Olando,9,0,9
Olaya,0,9,9
Olja,0,9,9
Omko,9,0,9
Oni,7,3,10
Onneke,0,9,9
Onurhan,9,0,9
Opal,0,9,9
Orféo,9,0,9
Orissa,0,9,9
Orno,9,0,9
Orobosa,3,5,8
Orsolya,0,9,9
Osarugue,0,9,9
Osasenaga,6,3,9
Osayande,8,3,11
Osayuwamen,6,3,9
Osaze,9,0,9
Oshin,3,7,10
Ottoliene,0,9,9
Ouisam,3,6,9
Ouiza,0,9,9
Oumy,0,9,9
Ouren,9,0,9
Ouwais,9,0,9
Ovide,8,3,11
Ovie,6,3,9
Odolphus,8,0,8
Oedze,8,0,8
Oekie,3,6,9
Oekje,0,8,8
Oem,3,5,8
Oemnia,0,8,8
Oepkje,0,8,8
Ofosua,0,8,8
Oǵuzhan,8,0,8
Olen,8,0,8
Olfa,0,8,8
Olinde,0,8,8
Olívia,0,8,8
Ollivier,8,0,8
Olton,8,0,8
Omario,8,0,8
Omi,3,5,8
Ommerdina,0,8,8
Onat,8,0,8
Onijdes,8,0,8
Onni,5,3,8
Onnie,3,7,10
Onyeka,3,6,9
Ophilia,0,8,8
Ophir,6,3,9
Orfa,0,8,8
Orselle,3,6,9
Orseltje,0,8,8
Orso,8,0,8
Osasu,5,3,8
Osatohanmwen,3,7,10
Osayamen,5,3,8
Otdina,0,8,8
Otgar,8,0,8
Othon,8,0,8
Otieno,8,0,8
Ottinus,8,0,8
Ouael,8,0,8
Oubaid,8,0,8
Ouisal,0,8,8
Oumama,0,8,8
Octavian,7,0,7
Odete,0,7,7
Odon,7,0,7
Odyn,7,0,7
Odysseas,7,0,7
Oele,6,3,9
Oemayra,0,7,7
Oena,3,6,9
Oerip,3,3,6
Oesama,7,0,7
Oesman,7,0,7
Ofrein,7,0,7
Oglaya,0,7,7
Oĝulcan,7,0,7
Oǵuz,7,0,7
Okke-Jan,7,0,7
Olaff,7,0,7
Olardus,7,0,7
Olbert,7,0,7
Olfina,0,7,7
Olida,0,7,7
Olijfje,0,7,7
Olse,5,3,8
Oluwasegun,7,0,7
Olvert,7,0,7
Olvino,7,0,7
Omani,0,7,7
Omema,0,7,7
Omisha,0,7,7
Omotayo,3,3,6
Oneida,3,6,9
Oneill,6,3,9
Onitcha,0,7,7
Ono,6,3,9
Onora,3,6,9
Onyekachukwu,7,0,7
Oole,7,0,7
Ootje,3,3,6
Ophira,0,7,7
Ora,0,7,7
Oresia,0,7,7
Orfeu,7,0,7
Orjan,7,0,7
Orkan,7,0,7
Orlin,6,3,9
Orne,7,0,7
Orpah,0,7,7
Orphé,3,6,9
Orphelie,3,3,6
Ortega,5,3,8
Ortiz,7,0,7
Osakpolor,7,0,7
Osasumwen,3,3,6
Osayuki,5,3,8
Osazemen,5,3,8
Osias,7,0,7
Osmar,7,0,7
Osmunda,0,7,7
Otello,7,0,7
Oth,7,0,7
Otilio,7,0,7
Otniel,7,0,7
Ottla,0,7,7
Otty,0,7,7
Otylia,0,7,7
Ouafila,0,7,7
Oualae,0,7,7
Ouiaam,0,7,7
Oukina,0,7,7
Oulaya,0,7,7
Oumayr,7,0,7
Owenn,7,0,7
Oytun,7,0,7
O'Brian,6,0,6
O'neil,5,3,8
O'neill,5,3,8
Obaid,6,0,6
Obama,6,0,6
Obednego,6,0,6
Obehi,3,3,6
Oby,5,3,8
Ocko,6,0,6
Oddvar,6,0,6
Odorica,0,6,6
Oedsche,0,6,6
Oenesimus,6,0,6
Oep,6,0,6
Ofélia,0,6,6
Ofir,6,0,6
Ofira,0,6,6
Ofosuaa,0,6,6
Ohm,6,0,6
Okai,3,3,6
Okele,6,0,6
Olatokunbo,3,3,6
Olcayto,6,0,6
Olec,6,0,6
Olenka,0,6,6
Olia,3,5,8
Olinka,0,6,6
Olkan,6,0,6
Olmer,6,0,6
Olumide,6,0,6
Olushola,3,3,6
Oluwa,3,3,6
Oluwafemi,5,3,8
Oluwasemilore,3,5,8
Oluwatoyin,0,6,6
Olympe,3,5,8
Omaïma,0,6,6
Omaya,0,6,6
Omayr,6,0,6
Omayrah,0,6,6
Omeima,0,6,6
Omero,6,0,6
Omge,6,0,6
Omonigho,0,6,6
Omotola,0,6,6
Oneal,6,0,6
Oneisha,0,6,6
Ong,5,3,8
Onida,0,6,6
Oniel,6,0,6
Onisimus,6,0,6
Onitia,0,6,6
Onyinye,0,6,6
Onyinyechi,0,6,6
Oolderk,6,0,6
Opeyemi,3,5,8
Ophélia,0,6,6
Oraha,3,3,6
Orbay,6,0,6
Orchidee,0,6,6
Ordwin,6,0,6
Orenda,0,6,6
Oresta,0,6,6
Orfea,0,6,6
Orgine,0,6,6
Orianthi,3,5,8
Orkide,0,6,6
Orline,0,6,6
Orlow,6,0,6
Orsen,6,0,6
Orvill,6,0,6
Orwin,5,3,8
Ory,5,3,8
Osahenrumwen,3,3,6
Osamede,3,3,6
Ose,3,5,8
Osemudiamen,6,0,6
Osher,6,0,6
Osina,0,6,6
Osmund,6,0,6
Oswaldina,0,6,6
Otbert,6,0,6
Oteng,3,3,6
Otgera,0,6,6
Othmaan,5,3,8
Othmara,0,6,6
Othmarus,6,0,6
Otta,0,6,6
Ottavia,0,6,6
Ouacima,0,6,6
Ouasila,0,6,6
Ouijdan,0,6,6
Ourania,0,6,6
Ovidiu,6,0,6
Owan,6,0,6
Owolabi,3,3,6
Owura,6,0,6
Owynn,6,0,6
Oxanna,0,6,6
Ozcan,6,0,6
Ozella,0,6,6
Ozgur,5,3,8
Ozkan,6,0,6
Ozzie,5,3,8
O'Bryan,5,0,5
O'maira,0,5,5
Oak,5,0,5
Obadiah,5,0,5
Obay,5,0,5
Obbelina,0,5,5
Obigje,0,5,5
Obtje,0,5,5
Océanne,0,5,5
Ochieng,5,0,5
Ocki,3,3,6
Ocran,3,3,6
Octofianus,5,0,5
Octophina,0,5,5
Odelina,0,5,5
Odelinde,0,5,5
Odell,5,0,5
Odeth,0,5,5
Odewaldus,5,0,5
Odhiambo,5,0,5
Odiliana,0,5,5
Odion,3,3,6
Odoricus,5,0,5
Odulphia,0,5,5
Oduwa,3,3,6
Odyllia,0,5,5
Odys,5,0,5
Oebe,5,0,5
Oedses,5,0,5
Oelkje,0,5,5
Oemer,5,0,5
Oenecimus,5,0,5
Oense,5,0,5
Oeri,5,0,5
Oets,5,0,5
Oetsche,0,5,5
Ofei,5,0,5
Oghenero,5,0,5
Oghenetejiri,3,3,6
Oglu,5,0,5
Ognjen,5,0,5
Oğuzcan,5,0,5
Oheneba,5,0,5
Ohenewaa,0,5,5
Ohle,5,0,5
Okday,5,0,5
Oke,3,3,6
Okeoghene,3,3,6
Okogbe,3,3,6
Olaoluwa,3,3,6
Olave,3,3,6
Olde,5,0,5
Olef,5,0,5
Olesia,0,5,5
Olfinus,5,0,5
Olimpio,5,0,5
Olisa,3,3,6
Oliv,3,3,6
Olivér,5,0,5
Ollin,3,3,6
Olmen,5,0,5
Olvedo,5,0,5
Olwyn,3,3,6
Omairo,5,0,5
Omen,3,3,6
Omira,0,5,5
Ommo,5,0,5
Omoro,5,0,5
Omra,3,3,6
Omry,5,0,5
Omyra,0,5,5
Onan,5,0,5
Onaysa,0,5,5
Onika,0,5,5
Onja,0,5,5
Onyemaechi,3,3,6
Ooldert,5,0,5
Oonah,0,5,5
Ooyer,5,0,5
Ophra,0,5,5
Orane,3,3,6
Orcine,0,5,5
Ordina,0,5,5
Orell,5,0,5
Orfeus,5,0,5
Orianna,0,5,5
Oriol,5,0,5
Oris,5,0,5
Orniel,5,0,5
Orphée,3,3,6
Orpheu,3,3,6
Orsalina,0,5,5
Orsiene,0,5,5
Ortensia,0,5,5
Orvile,5,0,5
Orvin,5,0,5
Osaigbovo,3,3,6
Osaivbie,3,3,6
Osarieme,3,3,6
Osarumwense,3,3,6
Osato,3,3,6
Osayi,3,3,6
Osborne,5,0,5
Osha,3,3,6
Osmaan,5,0,5
Oswold,5,0,5
Oszkár,5,0,5
Otgerie,3,3,6
Oti,5,0,5
Otillia,0,5,5
Otilly,3,3,6
Otteliene,0,5,5
Ottman,3,3,6
Oualim,5,0,5
Ouko,5,0,5
Oula,0,5,5
Oumayrah,0,5,5
Oummou,0,5,5
Ounaysa,0,5,5
Owusuwaa,0,5,5
Ozioma,3,3,6
O'Neil,3,0,3
O'niel,3,0,3
O'Ryan,3,0,3
Oase,0,3,3
Obaa,3,3,6
Obadjah,3,3,6
Obberdina,0,3,3
Obertus,3,0,3
Obie,3,3,6
Obina,0,3,3
Obozuwa,3,3,6
Obrad,3,0,3
Obur,3,3,6
Oceanne,0,3,3
Octava,3,3,6
Oddy,3,3,6
Oded,3,3,6
Odelbertha,0,3,3
Odelinda,0,3,3
Odelka,0,3,3
Odericus,3,3,6
Odett,3,3,6
Odia,3,3,6
Odielia,0,3,3
Odielle,0,3,3
Odielona,0,3,3
Odilla,0,3,3
Odis,3,0,3
Odjani,3,0,3
Odolfus,3,0,3
Odulfa,0,3,3
Odulia,0,3,3
Oduraa,0,3,3
Oed,0,3,3
Oedine,0,3,3
Oedo,3,0,3
Oeds-Jan,3,0,3
Oegiena,0,3,3
Oemair,3,0,3
Oemayma,0,3,3
Oemesh,3,0,3
Oemme,0,3,3
Oenah,0,3,3
Oepkjen,0,3,3
Oermila,0,3,3
Oervashi,0,3,3
Oet,3,3,6
Oete,0,3,3
Oetsen,3,0,3
Oetsiena,0,3,3
Oetzes,3,0,3
Oforiwah,0,3,3
Ofure,3,3,6
Ogechukwu,3,3,6
Oghenefejiro,3,3,6
Oglaio,3,0,3
Ogly,3,0,3
Ogul,3,0,3
Okah,3,3,6
Okea,3,3,6
Okjen,0,3,3
Okkelien,0,3,3
Okkien,0,3,3
Okşan,0,3,3
Oktavia,0,3,3
Oktovina,0,3,3
Olabisi,3,3,6
Olaida,0,3,3
Olajumoke,0,3,3
Olakunle,3,3,6
Olanzo,3,0,3
Olard,3,0,3
Olatunde,3,0,3
Olava,0,3,3
Olayemi,3,0,3
Oldina,0,3,3
Oldrich,3,0,3
Oldrick,3,0,3
Olevier,3,0,3
Olferdus,3,0,3
Olgalina,0,3,3
Olienka,0,3,3
Olieve,0,3,3
Olijf,0,3,3
Olindo,3,0,3
Oliviero,3,0,3
Olivija,0,3,3
Olivo,3,0,3
Olovina,0,3,3
Olsa,0,3,3
Olten,3,0,3
Oltmann,3,0,3
Oluseyi,3,3,6
Oluwafunmilayo,0,3,3
Oluwatunmise,3,3,6
Olverdina,0,3,3
Olwin,3,0,3
Omay,3,0,3
Omêr,3,0,3
Omesh,3,0,3
Omied,3,0,3
Omondi,3,3,6
Omosede,0,3,3
Omraan,3,3,6
Omy,0,3,3
Onco,3,0,3
Onda,0,3,3
Onecius,3,0,3
Oneil,3,0,3
Onelia,0,3,3
Onnechien,0,3,3
Onorina,0,3,3
Onoriode,3,3,6
Onyebuchi,3,3,6
Onyedikachi,3,0,3
Ooldrik,3,0,3
Oomko,3,0,3
Opeoluwa,3,3,6
Opie,3,3,6
Oren,3,0,3
Oresto,3,0,3
Oria,0,3,3
Oriante,0,3,3
Orjana,0,3,3
Orna,0,3,3
Ornan,3,0,3
Orphea,0,3,3
Orphéo,3,0,3
Orpheuo,3,0,3
Orri,3,0,3
Orseline,0,3,3
Orsella,0,3,3
Orshina,0,3,3
Orsinio,3,0,3
Orthilde,0,3,3
Oruc,3,0,3
Orvil,3,0,3
Oryan,3,0,3
Osaherumwen,3,3,6
Osasogie,3,3,6
Osavbie,3,3,6
Osayemwenre,3,3,6
Osinachi,3,3,6
Osip,3,0,3
Osita,3,0,3
Osob,0,3,3
Osric,3,0,3
Osselina,0,3,3
Ossian,3,0,3
Ostoja,3,0,3
Ostry,3,0,3
Otakar,3,0,3
Otamere,3,3,6
Otgeri,0,3,3
Othalia,0,3,3
Othni,3,0,3
Otilja,0,3,3
Otmane,3,0,3
Otteliena,0,3,3
Ottes,3,0,3
Ottiena,0,3,3
Ottillie,0,3,3
Ottovitsj,3,0,3
Ouafi,3,0,3
Oudominicus,3,0,3
Oulfa,0,3,3
Oumnya,0,3,3
Ourens,3,0,3
Out,3,0,3
Ouwie,3,3,6
Ouwina,0,3,3
Ovando,3,3,6
Ovidio,3,3,6
Ovidius,3,0,3
Owusuaah,0,3,3
Oyebola,3,3,6
Oyindamola,3,3,6
Ozgür,3,0,3
Ozia,0,3,3
O'brien,3,0,3
O'Reilly,3,3,6
Oaks,3,3,6
Oalid,3,0,3
Oaman,3,3,6
Oanne,3,0,3
Obaapa,0,3,3
Obanor,3,0,3
Obayd,3,0,3
Obdulia,0,3,3
Obeida,3,0,3
Oben,3,3,6
Obencio,3,0,3
Obenewaa,0,3,3
Oberta,0,3,3
Obertha,0,3,3
Obik,3,0,3
Obioma,3,3,6
Ocando,3,0,3
Ocansey,3,0,3
Ochan,0,3,3
Octavo,3,0,3
Odalis,0,3,3
Odalys,0,3,3
Odartey,3,0,3
Oday,3,0,3
Odessah,0,3,3
Odewalda,0,3,3
Odilya,0,3,3
Odinn,3,0,3
Odri,0,3,3
Odulvus,3,0,3
Odunayo,3,0,3
Odyssee,0,3,3
Oebaida,3,0,3
Oebeltje,0,3,3
Oedeken,0,3,3
Oedsina,0,3,3
Oegelina,0,3,3
Oegien,0,3,3
Oei,3,0,3
Oeki,3,3,6
Oelberdini,0,3,3
Oellah,3,0,3
Oemawatie,0,3,3
Oemie,0,3,3
Oen,3,3,6
Oenegie,0,3,3
Oenskje,0,3,3
Oente,3,0,3
Oentsje,0,3,3
Oepadhay,3,0,3
Oepadhia,3,0,3
Oetomo,3,0,3
Oeweis,3,0,3
Offei,3,3,6
Oflaz,3,0,3
Oforiwaah,0,3,3
Ogenia,0,3,3
Ogenio,3,0,3
Ogér,3,0,3
Ogerius,3,3,6
Oghene,3,0,3
Oghenekevwe,3,3,6
Oghenetega,3,0,3
Ogilvie,3,3,6
Oglayo,3,0,3
oglu,3,0,3
ogly,3,0,3
Ogochukwu,3,3,6
Oğul,3,0,3
Ogun,3,0,3
Oguzcan,3,0,3
Oġuzhan,3,0,3
Ohanna,0,3,3
Ohin,3,0,3
Ohmar,3,0,3
Ohna,0,3,3
Oigen,3,0,3
Oirda,0,3,3
Ojany,3,0,3
Ojay,3,0,3
Ojomu,3,0,3
Okaikor,0,3,3
Okeke,3,3,6
Okezie,3,3,6
Okiemute,3,3,6
Okina,0,3,3
Okkel,3,0,3
Okky,3,3,6
Okodogbe,3,3,6
Okpalaeze,3,3,6
Oktofina,0,3,3
Okunde,3,0,3
Okyay,3,0,3
Olaide,3,3,6
Olaitan,3,3,6
Olakh,3,3,6
Olamilekan,3,0,3
Olatunji,3,3,6
Olavia,0,3,3
Olavo,3,0,3
Olavus,3,0,3
Olawale,3,0,3
Olbren,3,0,3
Olcaytuğ,3,0,3
Olcherdina,0,3,3
Oldert,3,0,3
Olea,0,3,3
Olegario,3,0,3
Olegovich,3,0,3
Oleksander,3,0,3
Oleksandrovich,3,0,3
Oleksik,0,3,3
Olesya,0,3,3
Olexander,3,0,3
Olgen,3,0,3
Olgu,3,3,6
Olguita,0,3,3
Oliana,0,3,3
Olijne,0,3,3
Olis,3,3,6
Olivar,3,0,3
Olivarius,3,0,3
Oliver-James,3,0,3
Olivia-Mae,0,3,3
Olivia-Rose,0,3,3
Oliviana,0,3,3
Oliviër,3,0,3
Oliviëro,3,0,3
Olivira,0,3,3
Olla,0,3,3
Olma,0,3,3
Olophina,0,3,3
Olphine,0,3,3
Oltmandina,0,3,3
Oltwin,3,0,3
Olubunmi,3,3,6
Olufela,3,0,3
Oluremi,3,3,6
Olusegun,3,0,3
Olutobi,3,0,3
Oluwanifemi,0,3,3
Oluwatimileyin,3,0,3
Oluwatobiloba,3,3,6
Olvar,3,0,3
Olvera,0,3,3
Olvin,3,0,3
Olvina,0,3,3
Olwina,0,3,3
Olwine,0,3,3
Omairon,3,0,3
Omaro,3,0,3
Omayda,0,3,3
Omayna,0,3,3
Ombretta,0,3,3
Ombry,3,0,3
Omeira,0,3,3
Omera,0,3,3
Omey,3,3,6
Omin,3,3,6
Omina,0,3,3
Ommar,3,0,3
Omnya,0,3,3
Omolade,0,3,3
Omowunmi,0,3,3
Omoye,0,3,3
Omr,3,0,3
Onay,3,0,3
Ondina,0,3,3
Onésimus,3,0,3
Onica,0,3,3
Oniek,3,3,6
Onilio,3,0,3
Onima,0,3,3
Onka,0,3,3
Onke,3,3,6
Onnik,3,0,3
Onnolina,0,3,3
Onnora,0,3,3
Onür,3,0,3
Onya,0,3,3
Onyeagba,3,3,6
Onyema,3,3,6
Ooi,0,3,3
Oomkelina,0,3,3
Ooms,3,0,3
Oosting,3,0,3
Oosttina,0,3,3
Oothmar,3,0,3
Opala,0,3,3
Opare,3,3,6
Opokua,0,3,3
Optimus,3,0,3
Oray,3,0,3
Orbo,3,0,3
Orchidea,0,3,3
Orchine,0,3,3
Orea,0,3,3
Oreana,0,3,3
Orecia,0,3,3
Orélie,0,3,3
Orely,0,3,3
Oreno,3,0,3
Oreona,0,3,3
Orfeas,3,0,3
Orfelina,0,3,3
Orgillio,3,0,3
Orhangazi,3,0,3
Oriël,3,3,6
Oriella,3,3,6
Oritsetimeyin,3,0,3
Orjon,3,0,3
Orka,3,3,6
Orkiana,0,3,3
Orlaith,0,3,3
Orlana,0,3,3
Orlano,3,0,3
Orman,3,0,3
Ormando,3,0,3
Orminda,0,3,3
Ornaldo,3,0,3
Ornamo,3,0,3
Ornell,3,0,3
Orpheas,3,0,3
Orseliena,0,3,3
Orsenio,3,0,3
Orsila,0,3,3
Orsin,3,0,3
Orsola,0,3,3
Orta,0,3,3
Orvea,0,3,3
Orveyo,3,0,3
Osaah,0,3,3
Osadebamwen,3,0,3
Osadiaye,3,0,3
Osahenoma,3,3,6
Osahuese,0,3,3
Osame,3,0,3
Osamudiame,3,3,6
Osamuyimen,3,0,3
Osaremen,3,3,6
Osarodion,3,0,3
Osaruese,3,3,6
Osasuyi,3,0,3
Osatohanwen,0,3,3
Osawaru,3,3,6
Oscario,3,0,3
Oscarius,3,0,3
Osea,3,3,6
Osei-Bonsu,3,0,3
Osezua,3,3,6
Osger,3,0,3
Osho,3,3,6
Osira,0,3,3
Oska,3,3,6
Oskari,3,0,3
Oskay,3,0,3
Osker,3,0,3
Osmaney,3,3,6
Osmo,3,0,3
Ostella,0,3,3
Osunde,3,0,3
Osvaldina,0,3,3
Oswalt,3,0,3
Ota,3,0,3
Otasowie,3,3,6
Otfried,3,0,3
Othella,0,3,3
Othile,0,3,3
Othis,3,0,3
Otho,3,0,3
Otie,0,3,3
Otilde,0,3,3
Otillie,3,3,6
Otlin,3,3,6
Otni,3,0,3
Otsje,0,3,3
Ottelijne,0,3,3
Ottilde,0,3,3
Ottili,0,3,3
Ottocar,3,0,3
Ottolientje,0,3,3
Ottorino,3,0,3
Ouahida,0,3,3
Ouais,3,0,3
Oubay,3,0,3
Oudomarus,3,0,3
Oufa,0,3,3
Ouidian,0,3,3
Oukert,3,0,3
Oumair,3,0,3
Oumaysa,0,3,3
Oumra,0,3,3
Ounaissa,0,3,3
Ourson,3,0,3
Outmane,3,0,3
Ouwerdina,0,3,3
Ouwine,0,3,3
Ovilia,0,3,3
Ovita,0,3,3
Oways,3,0,3
Owi,3,3,6
Owiredu,3,3,6
Owoahene,3,3,6
Owusua,0,3,3
Oxo,3,0,3
Oyani,3,0,3
Oyin,3,3,6
Ozewold,3,0,3
Ozias,3,0,3
Ozir,3,3,6
O'Brain,3,0,3
O'brian,3,0,3
O'Brien,3,0,3
O'Dean,3,0,3
O'Farrow,3,0,3
O'Jaebriël,3,0,3
O'mara,0,3,3
O'Mayra,0,3,3
O'neal,3,0,3
O'Niel,3,0,3
O'sean,3,0,3
O'Shay,3,0,3
Oafa,0,3,3
Oaken,3,0,3
Oaklen,3,0,3
Oanda,0,3,3
Oane-Jan,3,0,3
Obadah,3,0,3
Obadyah,3,0,3
Obaïd,3,0,3
Obaidah,3,0,3
Obamedo,0,3,3
Oban,3,0,3
Obbechina,0,3,3
Obbeliena,0,3,3
Obberinneke,0,3,3
Obdulio,3,0,3
Obeahon,0,3,3
Obeid,3,0,3
Obel,3,0,3
Obenewaah,0,3,3
Ober,3,0,3
Obertina,0,3,3
Obes,3,0,3
Obianuju,0,3,3
Obichien,0,3,3
Obiero,3,3,6
Obiesie,3,3,6
Obilot,0,3,3
Obioha,3,0,3
Obiora,3,0,3
Obiyaa,0,3,3
Oboh,0,3,3
Oboite,3,0,3
Oboshie,0,3,3
Obri,3,3,6
Obrian,3,0,3
Ocan,3,0,3
Ocfrieda,0,3,3
Ochai,3,3,6
Ochina,0,3,3
Ocmer,3,3,6
Ocsanna,0,3,3
Octafina,0,3,3
Octavine,0,3,3
Octendina,0,3,3
Octo,3,0,3
Octofilius,3,0,3
Octoviana,0,3,3
Octovinus,3,0,3
Ocyrus,3,0,3
Odairson,3,0,3
Odaliz,0,3,3
Odane,3,0,3
Odarley,0,3,3
Odaro,3,0,3
Odas,0,3,3
Odei,3,3,6
Odeir,3,0,3
Odéje,0,3,3
Odela,0,3,3
Odélia,0,3,3
Odelya,0,3,3
Odemar,3,0,3
Odenda,0,3,3
Odera,3,3,6
Oderada,0,3,3
Odesma,0,3,3
Odger,3,0,3
Odhilde,0,3,3
Odhilia,0,3,3
Odhran,3,0,3
Odien,3,3,6
Odilé,0,3,3
Odilion,3,0,3
Odillio,3,0,3
Odillo,3,0,3
Odillon,3,0,3
Odinga,3,0,3
Odissa,0,3,3
Odith,0,3,3
Odje,0,3,3
Odlaug,0,3,3
Odolf,3,0,3
Odonis,3,0,3
Odosa,3,0,3
Odra,0,3,3
Odriaan,3,0,3
Odriën,3,0,3
Odry,0,3,3
Odulio,3,0,3
Odulphi,0,3,3
Odulphine,0,3,3
Odulphius,3,0,3
Oduwole,3,3,6
Odvar,3,0,3
Odward,3,0,3
Odyenne,0,3,3
Odyll,0,3,3
Odylon,3,0,3
Odyne,0,3,3
Odyssey,3,0,3
Oebaidah,3,0,3
Oebeldina,0,3,3
Oechina,0,3,3
Oedairadj,3,0,3
Oedit,3,0,3
Oedsiena,0,3,3
Oedsma,3,0,3
Oeg,0,3,3
Oegedina,0,3,3
Oegelien,0,3,3
Oegine,0,3,3
Oegje,0,3,3
Oegjen,0,3,3
Oegonda,0,3,3
Oeike,0,3,3
Oeliane,0,3,3
Oelse,3,0,3
Oelsen,3,0,3
Oema,0,3,3
Oemadebie,0,3,3
Oemaira,0,3,3
Oemed,3,0,3
Oemmie,0,3,3
Oeneke,0,3,3
Oeni,3,3,6
Oenke,0,3,3
Oenske,0,3,3
Oepashna,0,3,3
Oepasna,0,3,3
Oepma,0,3,3
Oept,3,0,3
Oera,0,3,3
Oera'aname,0,3,3
Oerie,3,0,3
Oermilla,0,3,3
Oerse,3,0,3
Oescha,0,3,3
Oeshadibie,0,3,3
Oeshakoemarie,0,3,3
Oesja,0,3,3
Oesmaan,3,0,3
Oestra,0,3,3
Oeti,3,3,6
Oetine,0,3,3
Oetzo,3,0,3
Oeverdina,0,3,3
Oezeen,3,0,3
Ofeh,3,0,3
Ofek,3,0,3
Ofemia,0,3,3
Offa,3,3,6
Offek,3,3,6
Offina,0,3,3
Offra,0,3,3
Ofkje,0,3,3
Ogaga,3,3,6
Ogalvio,3,0,3
Ogba,3,0,3
Ogbede,3,3,6
Ogbeide,3,0,3
Ogbeifun,0,3,3
Ogbemudia,3,0,3
Ogbodo,0,3,3
Ogeday,3,0,3
Ogër,3,0,3
Oggel,3,0,3
Oggi,3,0,3
Oghbe,0,3,3
Oghenekaro,3,3,6
Oghenekome,3,3,6
Oghenemaro,3,3,6
Oghenemine,0,3,3
Ogheneochuko,0,3,3
Ogheneovo,3,3,6
Oghenovo,3,0,3
Oghuz,3,0,3
Ogie,3,0,3
Ogiemwonyi,3,0,3
Ogiesoba,3,3,6
Ogieva,3,3,6
Ogilvy,3,0,3
Ogin,3,3,6
Ogina,0,3,3
Oginda,0,3,3
Oglaia,0,3,3
Ogli,3,0,3
Ogliao,3,0,3
Ogorchukwu,3,3,6
Oğus,3,0,3
Oğuzalp,3,0,3
Oğüzhan,3,0,3
Ohan,3,0,3
Ohanes,3,0,3
Ohara,0,3,3
Ohemaah,0,3,3
Ohemeng,3,0,3
Ohenewaah,0,3,3
Ohinya,0,3,3
Ohiyesa,3,0,3
Ohlin,3,3,6
Ohnno,3,0,3
Ohran,3,0,3
Ohwen,3,0,3
Ohynia,0,3,3
Oifaa,0,3,3
Oilily,0,3,3
Oiling,0,3,3
Oisau,3,0,3
Oisima,0,3,3
Oitske,0,3,3
Oiva,3,0,3
Oivin,3,0,3
Ojah,3,3,6
Ojasvi,3,0,3
Ojiaku,3,3,6
Ojo,3,3,6
Okacha,3,0,3
Okafor,3,0,3
Okano,3,3,6
Okella,3,0,3
Okello,3,0,3
Okemena,3,3,6
Okere,0,3,3
Okereke,3,3,6
Oki,3,3,6
Okine,3,3,6
Okino,0,3,3
Okka,0,3,3
Okkeliena,0,3,3
Okkelientje,0,3,3
Okkeline,0,3,3
Okonkwo,3,0,3
Okoro,0,3,3
Okosun,3,0,3
Okoth,3,0,3
Oksan,3,3,6
Oktave,3,0,3
Oktayeva,0,3,3
Oktjen,0,3,3
Okunwa,0,3,3
Okwesie,3,0,3
Okwuchi,0,3,3
Okwudili,3,0,3
Okxie,3,3,6
Okyanus,3,0,3
Olabode,3,0,3
Oladapo,3,0,3
Oladayo,3,3,6
Oladehinde,3,0,3
Oladele,3,0,3
Olademeji,3,0,3
Oladipo,3,0,3
Oladipupo,3,0,3
Olafson,3,0,3
Olaia,0,3,3
Olaiya,0,3,3
Olajuwon,3,0,3
Olalade,0,3,3
Olalekan,3,0,3
Olana,3,3,6
Olanrewaju,3,0,3
Olario,3,0,3
Olasunkanmi,3,0,3
Olatomiwa,3,0,3
Olatz,0,3,3
Olav-Jan,3,0,3
Olawande,0,3,3
Olayide,0,3,3
Olberta,0,3,3
Olçay,3,0,3
Olcaytu,3,0,3
Olcha,0,3,3
Olderik,3,0,3
Oldwin,3,0,3
Olegovyč,3,0,3
Olehovych,3,0,3
Oleida,0,3,3
Oler,3,0,3
Oles,3,0,3
Olet,0,3,3
Olev,3,0,3
Olfred,3,0,3
Olgadina,0,3,3
Olgaline,0,3,3
Olgar,3,0,3
Olge,3,0,3
Olgi,0,3,3
Olgina,0,3,3
Olgita,0,3,3
Olha,0,3,3
Olien,0,3,3
Olievier,3,0,3
Olinte,0,3,3
Olinto,3,0,3
Olise,0,3,3
Olita,0,3,3
Olivi,3,0,3
Olìvia,0,3,3
Olivia-Fay,0,3,3
Olivienne,0,3,3
Olivièr,3,0,3
Oliviersz,3,0,3
Olivir,3,0,3
Oliza,0,3,3
Oljo,3,0,3
Olleke,0,3,3
Ollever,3,0,3
Ollo,3,0,3
Ollyvier,3,0,3
Olmar,3,0,3
Oloff,3,0,3
Olofina,0,3,3
Ololade,0,3,3
Oloruntimileyin,3,3,6
Olotu,3,0,3
Olowine,0,3,3
Olpha,0,3,3
Olphina,0,3,3
Olson,3,0,3
Olti,3,0,3
Oltian,3,0,3
Olu,3,0,3
Oludare,3,0,3
Olufunke,0,3,3
Olukayode,3,0,3
Olukemi,0,3,3
Oluwabamise,3,0,3
Oluwabukola,0,3,3
Oluwabunmi,3,3,6
Oluwabusayomi,3,3,6
Oluwadamilare,3,0,3
Oluwadarasimi,0,3,3
Oluwadare,3,0,3
Oluwademilade,3,3,6
Oluwagbemi,3,3,6
Oluwanishola,3,0,3
Oluwashola,3,3,6
Oluwatomi,3,3,6
Oluwatomisin,3,3,6
Oluwole,3,0,3
Olve,3,0,3
Olver,3,0,3
Olverd,3,0,3
Olvira,0,3,3
Olyn,3,0,3
Olyphia,0,3,3
Olyve,0,3,3
Olyvier,3,0,3
Omaar,3,0,3
Omada,3,0,3
Omai,3,0,3
Omaida,0,3,3
Omaïro,3,0,3
Omaja,0,3,3
Omajuwa,3,3,6
Oman,3,0,3
Omare,3,0,3
Omaria,0,3,3
Omary,3,0,3
Omayah,0,3,3
Omayron,3,0,3
Omayya,0,3,3
Omel,3,0,3
Omelara,0,3,3
Omér,3,0,3
Omert,3,0,3
Omerus,3,0,3
Omeya,0,3,3
Omëyawamo,0,3,3
Omeyr,3,0,3
Omie,3,3,6
Omilio,3,0,3
Omkalsoum,0,3,3
Ommid,3,0,3
Ommius,3,0,3
Omobola,3,3,6
Omoefe,0,3,3
Omolayo,3,3,6
Omolola,0,3,3
Omorodion,3,3,6
Omoruyi,3,0,3
Omosigho,3,3,6
Omotolani,0,3,3
Omoyemwen,0,3,3
Omoyi,0,3,3
Omozogie,3,3,6
Omperkash,3,0,3
Omprakash,3,0,3
Omur,3,0,3
Omyma,0,3,3
Omyron,3,0,3
On-Yie,0,3,3
Onaida,0,3,3
Onajite,3,3,6
Onar,3,3,6
Onasis,3,0,3
Onassis,3,0,3
Onati,0,3,3
Oncken,3,0,3
Ondineke,0,3,3
Oneglia,0,3,3
Onehiles,3,0,3
Onel,3,0,3
Onella,0,3,3
Onerva,0,3,3
Onesael,3,0,3
Onesaël,3,0,3
Onesias,3,0,3
Oneta,0,3,3
Onia,0,3,3
Oniël,3,0,3
Onifaris,3,0,3
Onih,0,3,3
Onikeh,3,3,6
Onilia,0,3,3
Onin,3,0,3
Oningsih,3,3,6
Onintza,0,3,3
Onisias,3,0,3
Oniya,0,3,3
Onkie,3,3,6
Onn,0,3,3
Onne-Jan,3,0,3
Onnella,0,3,3
Onnes,3,0,3
Onnetta,0,3,3
Onnita,0,3,3
Onno-Jan,3,0,3
Onno-Paul,3,0,3
Onnoliena,0,3,3
Onnysimus,3,0,3
Onofrio,3,0,3
Onorah,3,3,6
Onorato,3,0,3
Onosetale,0,3,3
Ontjo,3,0,3
Onuoha,3,0,3
Onuralp,3,0,3
Onursal,3,0,3
Onyee,0,3,3
Onyinyechukwu,3,3,6
Onyinyenchukwu,3,3,6
Ooijer,3,0,3
Oomer,3,0,3
Oomkeliena,0,3,3
Oot,0,3,3
Oote,3,3,6
Opemipo,3,3,6
Opheli,0,3,3
Ophély,0,3,3
Ophely,0,3,3
Ophrah,0,3,3
Opuku,3,3,6
Oqueddey,3,0,3
Oracio,3,0,3
Orah,0,3,3
Orakaeze,3,3,6
Orange,0,3,3
Oras,3,3,6
Orata,0,3,3
Orbelinda,0,3,3
Orbin,3,0,3
Orcébio,3,0,3
Orchida,0,3,3
Orchide,0,3,3
Orchina,0,3,3
Orchis,0,3,3
Orciela,0,3,3
Oreah,0,3,3
Oreesja,0,3,3
Orel,3,0,3
Orèl,3,3,6
Orelio,3,0,3
Orfan,3,0,3
Orfee,3,3,6
Orfelio,3,0,3
Orfina,0,3,3
Orflia,3,3,6
Organza,0,3,3
Orgerta,0,3,3
Orges,3,0,3
Orgesa,0,3,3
Orgines,3,0,3
Orginio,3,0,3
Oriande,0,3,3
Oriano,3,0,3
Orias,3,0,3
Oriëlla,0,3,3
Oriëlle,0,3,3
Origenes,3,0,3
Orighomisan,3,3,6
Orijana,0,3,3
Orinthia,0,3,3
Oriona,0,3,3
Orionne,0,3,3
Orisia,0,3,3
Orit,3,3,6
Orits,3,0,3
Oritsematosan,0,3,3
Oritsesholaye,3,0,3
Ork,3,0,3
Orkiano,3,0,3
Orkideh,0,3,3
Orland,3,0,3
Orlande,0,3,3
Orlandina,0,3,3
Orlane,0,3,3
Orlea,0,3,3
Orlo,3,0,3
Orma,0,3,3
Ormunda,0,3,3
Ornando,3,0,3
Orné,3,0,3
Orneal,3,0,3
Orneilla,0,3,3
Ornette,3,3,6
Ornyl,3,0,3
Orock,3,3,6
Oromiya,0,3,3
Oroni,0,3,3
Ororo,0,3,3
Orphelio,3,0,3
Orphilia,0,3,3
Orphir,3,0,3
Orphy,3,0,3
Orquídea,0,3,3
Orquidea,0,3,3
Orquidia,0,3,3
Orriande,0,3,3
Orsa,0,3,3
Orsay,3,0,3
Orsellie,0,3,3
Orselly,0,3,3
Orsino,3,0,3
Orsley,3,3,6
Ort,3,0,3
Orte,3,3,6
Ortence,0,3,3
Ortensio,3,0,3
Ortet,3,0,3
Ortha,0,3,3
Orthe,0,3,3
Ortis,3,0,3
Ortoline,0,3,3
Ortrude,0,3,3
Ortrun,3,3,6
Ortwina,0,3,3
Oru,0,3,3
Orva,0,3,3
Orvee,0,3,3
Orvijo,3,0,3
Orvio,3,0,3
Orvokki,0,3,3
Orwell,3,0,3
Orwyna,0,3,3
Oryanda,0,3,3
Oryza,0,3,3
Osa's,3,0,3
Osabutey,0,3,3
Osagbokan,3,3,6
Osagunmwenro,0,3,3
Osahumen,3,3,6
Osaiyekemwen,3,3,6
Osamah,3,0,3
Osamiewenfan,0,3,3
Osamuyi,3,0,3
Osana,0,3,3
Osanna,3,3,6
Osaose,0,3,3
Osaretinmwen,3,0,3
Osarobo,3,0,3
Osaruguemwen,0,3,3
Osarugwe,0,3,3
Osarumen,0,3,3
Osaruonamen,3,0,3
Osaruwense,3,0,3
Osasuwen,0,3,3
Osawe,3,0,3
Osawemwengie,3,0,3
Osawese,0,3,3
Osayanomo,3,3,6
Osayantin,0,3,3
Osayewenre,3,3,6
Osayimwense,3,3,6
Osayuwame,3,3,6
Oscarinus,3,0,3
Oscarla,0,3,3
Osckar,3,0,3
Oseas,3,0,3
Osebio,3,0,3
Oseï,3,0,3
Oseias,3,0,3
Osemudiabhen,3,3,6
Oseremen,3,3,6
Oseremhen,3,3,6
Osese,3,0,3
Osewoldus,3,0,3
Oshae,3,0,3
Oshea,3,3,6
Oshean,3,0,3
Osheeta,0,3,3
Oshi,3,3,6
Oshra,0,3,3
Oshri,3,0,3
Oshun,0,3,3
Osian,3,0,3
Osie,3,0,3
Osin,3,0,3
Osines,3,0,3
Osio,3,0,3
Osirus,3,0,3
Osmaira,0,3,3
Osmancan,3,0,3
Osmin,3,0,3
Osmundo,3,0,3
Osna,0,3,3
Osose,0,3,3
Osrick,3,0,3
Ossy,3,0,3
Oston,3,0,3
Osval,3,3,6
Oswaldine,0,3,3
Oswien,3,0,3
Otalia,0,3,3
Otar,3,0,3
Otari,3,0,3
Otas,3,3,6
Otávio,3,0,3
Otcar,3,0,3
Otchali,3,3,6
Oteline,0,3,3
Othelia,0,3,3
Otheline,0,3,3
Othie,0,3,3
Othilie,0,3,3
Othnel,3,0,3
Othniëlle,0,3,3
Otholina,0,3,3
Othylia,0,3,3
Otilda,0,3,3
Otília,0,3,3
Otilie,0,3,3
Otilla,0,3,3
Otillio,3,0,3
Otis-James,3,0,3
Otjan,3,0,3
Otjep,3,0,3
Otmara,0,3,3
Otoniel,3,0,3
Otoo,3,0,3
Ots,3,0,3
Otsie,0,3,3
Otske,0,3,3
Otso,3,0,3
Ott,3,3,6
Ottalina,0,3,3
Ottaviano,3,0,3
Ottea,0,3,3
Ottelinde,0,3,3
Otten,3,0,3
Ottheline,0,3,3
Otthilda,0,3,3
Ottielië,0,3,3
Ottilda,0,3,3
Ottilio,3,0,3
Ottilla,0,3,3
Ottille,0,3,3
Ottily,0,3,3
Ottofina,0,3,3
Ottolinda,0,3,3
Ottolino,3,0,3
Ottolinus,3,0,3
Ottoriena,0,3,3
Ottovianus,3,0,3
Otu,3,0,3
Otuomasirichi,0,3,3
Ouadei,3,0,3
Ouadifa,0,3,3
Ouadih,3,0,3
Ouafaâ,0,3,3
Ouafika,0,3,3
Ouafil,3,0,3
Ouahb,3,0,3
Ouahbi,3,0,3
Ouasif,3,0,3
Ouasilla,0,3,3
Oubah,0,3,3
Oubai,3,0,3
Oubaïda,3,0,3
Oubaidah,3,0,3
Oubaydah,3,0,3
Oubeida,3,0,3
Oubey,3,0,3
Ouda,0,3,3
Ouday,3,0,3
Oude,3,0,3
Ougust,3,0,3
Ouíam,0,3,3
Ouida,0,3,3
Ouidiane,0,3,3
Ouiem,0,3,3
Ouifak,0,3,3
Ouiham,0,3,3
Ouisem,3,0,3
Ouissame,3,0,3
Oukie,0,3,3
Oukien,0,3,3
Oukiena,0,3,3
Oulfat,0,3,3
Oum-Keltoum,0,3,3
Oumen,0,3,3
Oumeya,0,3,3
Oumie,0,3,3
Oumkeltoum,0,3,3
Ounaisa,0,3,3
Ounayssa,0,3,3
Ouranos,3,0,3
Ourda,0,3,3
Ourick,3,0,3
Ouro,3,0,3
Ourwa,3,0,3
Oussima,0,3,3
Outhoorn,3,0,3
Ouways,3,0,3
Ouweys,3,0,3
Ouwi,3,0,3
Ouwke,3,3,6
Ouzair,3,0,3
Ovelia,0,3,3
Ovelio,3,0,3
Oviawe,3,3,6
Oviédo,3,0,3
Ovila,3,0,3
Ovilio,3,0,3
Oviya,0,3,3
Ovulus,3,0,3
Owaiz,3,0,3
Oware,0,3,3
Owenvbiugie,3,3,6
Owhen,3,0,3
Oxford,3,0,3
Oxilia,0,3,3
Oxstrid,3,0,3
Oyakhilome,3,0,3
Oye,0,3,3
Oyemam,0,3,3
Oyinkansola,0,3,3
Oyinkonsola,0,3,3
Oyinloye,3,3,6
Oyintare,3,0,3
Oyoo,0,3,3
Oyvin,3,0,3
Ozancan,3,0,3
Ozemoya,3,0,3
Ozra,0,3,3
O'Brean,3,0,3
O'Brume,3,0,3
O'Cëany,0,3,3
O'che,3,0,3
O'Conner,3,0,3
O'Connor,3,0,3
O'Danaë,0,3,3
O'day,3,0,3
O'dayne,3,0,3
O'dean,0,3,3
O'Dennis,3,0,3
O'dessey,3,0,3
O'Faro,3,0,3
O'Farrel,3,0,3
O'Fionnalaigh,3,0,3
O'frello,3,0,3
O'Genison,3,0,3
O'giani,3,0,3
O'gilvan,3,0,3
O'Glaya,0,3,3
O'Guy,3,0,3
O'Hanna,0,3,3
O'hara,0,3,3
O'Harneljio,3,0,3
O'jairison,3,0,3
O'jairo,3,0,3
O'jani,3,0,3
O'jány,3,0,3
O'Jay,3,0,3
O'Jayvion,3,0,3
O'Jharell,3,0,3
O'Jharelle,3,0,3
O'Justin,3,0,3
O'keef,3,0,3
O'Keefe,3,0,3
O'Maïjeneé,0,3,3
O'Maira,0,3,3
O'Mara,0,3,3
O'marley,3,0,3
O'mayllie,0,3,3
O'mayra,0,3,3
O'mayrah,0,3,3
O'Mayren,3,0,3
O'Mayrion,3,0,3
O'melly,3,0,3
O'mere,3,0,3
O'naiisa,0,3,3
O'naita,0,3,3
O'nallie,0,3,3
O'Nasha,0,3,3
O'Neilla,0,3,3
O'niell,3,0,3
O'Niell,3,0,3
O'nyll,3,0,3
O'Oroje,3,0,3
O'raellya,0,3,3
O'rayn,3,0,3
O'Rayshelly,0,3,3
O'Reillio,3,0,3
O'reilly,3,0,3
O'relia,0,3,3
O'riley,3,0,3
O'rion,3,0,3
O'roiley,3,0,3
O'scar,3,0,3
O'shan,0,3,3
O'Shayne,3,0,3
O'sheaden,3,0,3
O'Shealee,0,3,3
O'shenay,0,3,3
O'shon,0,3,3
O'Shun,0,3,3
O'siris,3,0,3
O'Syrah,0,3,3
O'wen,3,0,3
O'Yahrell,3,0,3
O'zon,3,0,3
O-Brian,3,0,3
O-djani,3,0,3
O-Gievine,3,0,3
O-Jainisha,0,3,3
O-Jairiëne,0,3,3
O-Jairison,3,0,3
O-Jairiwensley,3,0,3
O-Jairodjensley,3,0,3
O-Jay,0,3,3
O-Naysa,0,3,3
O-renn,3,0,3
O-Shin,0,3,3
Oafaa,0,3,3
Oaid,3,0,3
Oaïs,3,0,3
Oake,3,0,3
Oakes,3,0,3
Oakland,3,0,3
Oan,3,0,3
Oâne,3,0,3
Oannis,3,0,3
Oara,0,3,3
Oardia,0,3,3
Oas,3,0,3
Oasida,0,3,3
Oassim,3,0,3
Oatske,0,3,3
Oaussim,3,0,3
Obaahemaa,0,3,3
Obaapah,0,3,3
Obaayaa,0,3,3
Obad,3,0,3
Obadaya,3,0,3
Obadia,3,0,3
Obadjinia,3,0,3
Obai,3,0,3
Obaïda,3,0,3
Obaidullah,3,0,3
Obaij,3,0,3
Obaijdah,3,0,3
Obaloluwa,3,0,3
Obam,0,3,3
Obanjoco,3,0,3
Obanla,3,0,3
Obanoy,3,0,3
Obanus,3,0,3
Obaro,3,0,3
Obarogie,3,0,3
Obaseki,3,0,3
Obaşeni,3,0,3
Obassi,3,0,3
Obasy,3,0,3
Obatoye,3,0,3
Obaydah,3,0,3
Obaydoerahmane,3,0,3
Obayuwana,3,0,3
Obbechiena,0,3,3
Obbegien,0,3,3
Obbegina,0,3,3
Obbeline,0,3,3
Obbert,3,0,3
Obbichje,0,3,3
Obboliena,0,3,3
Obciye,3,0,3
Obdiah,3,0,3
Obdoelia,0,3,3
Obea,0,3,3
Obéd,3,0,3
Obed-Edom,3,0,3
Obediah,3,0,3
Obedina,0,3,3
Obednedjoe,3,0,3
Obednejo,3,0,3
Obedt,3,0,3
Obeed,3,0,3
Obei,3,0,3
Obeïda,3,0,3
Obejah,3,0,3
Obelia,0,3,3
Obeline,0,3,3
Obell,3,0,3
Obemeata,0,3,3
Obennchung,3,0,3
Obentiejé,3,0,3
Obenwaa,0,3,3
Obetnedjo,3,0,3
Obetnedjou,3,0,3
Obey,3,0,3
Obeyi,3,0,3
Obffe,3,0,3
Obia,0,3,3
Obiageli,0,3,3
Obiajulu,3,0,3
Obialor,3,0,3
Obiamaka,0,3,3
Obian,3,0,3
Obicihku,3,0,3
Obidiaso,3,0,3
Obiechile,3,0,3
Obijaka,3,0,3
Obili,3,0,3
Obilotte,0,3,3
Obimi,0,3,3
Obimnaetochukwu,3,0,3
Obinah,3,0,3
Obine,0,3,3
Obinnaya,3,0,3
Obinwanne,3,0,3
Obiorah,3,0,3
Obiozo,0,3,3
Obis,3,0,3
Obispa,0,3,3
Obispu,3,0,3
Obit,3,0,3
Obitua,0,3,3
Obke,0,3,3
Oblata,0,3,3
Oblaya,0,3,3
Oblie,3,0,3
Obo,3,0,3
Obobissa,3,0,3
Obodai,3,0,3
Obol,0,3,3
Oboli,3,0,3
Obomwan,3,0,3
Oboney,0,3,3
Obosa,3,0,3
Obose,0,3,3
Obour,3,0,3
Obowo,0,3,3
Obrahim,3,0,3
Obrain,3,0,3
Obray,3,0,3
Obreen,3,0,3
Obrempong,3,0,3
Obren,3,0,3
Obriee,3,0,3
Obriëlle,0,3,3
Obriën,3,0,3
Obryan,3,0,3
Obs,3,0,3
Obuepha,0,3,3
Obumneme,3,0,3
Obumneme-Obuchi,3,0,3
Obunikechukwu,3,0,3
Obyorah,0,3,3
Oçal,3,0,3
Ocampo,0,3,3
Ocana,3,0,3
Occarina,0,3,3
Occhi,0,3,3
Ocdion,3,0,3
Océ,0,3,3
Ocea,0,3,3
Océa,0,3,3
Oceaan,0,3,3
Oceán,0,3,3
Ocean-Breeze,3,0,3
Ocean-Isora,0,3,3
Ocean-Jaxx,3,0,3
Ocean-Jay,3,0,3
Ocean-Leeblue,0,3,3
Ocean-Pearl,0,3,3
Ocean-Ray,0,3,3
Ocèana,0,3,3
Ocèane,0,3,3
Oceanna,0,3,3
Oceánne,0,3,3
Oceantè,3,0,3
Oceanu,3,0,3
Oceanus,3,0,3
Ocebio,3,0,3
Ocedhya,0,3,3
Ocefic,0,3,3
Ocei,3,0,3
Ocella,0,3,3
Ocenie,3,0,3
Ochaï,0,3,3
Ochaira,0,3,3
Ochairo,3,0,3
Ochandrix,3,0,3
Ochäng,3,0,3
Oché,3,0,3
Ochean,0,3,3
Ocheen,3,0,3
Ochel,3,0,3
Ochello,3,0,3
Ochèn,3,0,3
Ochendo,3,0,3
Ochenneley,0,3,3
Ochez,0,3,3
Ochi,0,3,3
Ochirdulam,0,3,3
Ocho,3,0,3
Ochonwu,3,0,3
Ochrid,0,3,3
Ochto,3,0,3
Ochtovianus,3,0,3
Ochtovina,0,3,3
Ochuwa,0,3,3
Ocian,3,0,3
Ocid,3,0,3
Ociëla,0,3,3
Ociëne,0,3,3
Ociënne,0,3,3
Ocienne,0,3,3
Ocin,0,3,3
Ocineika,0,3,3
Ockerse,3,0,3
Ockhamus,3,0,3
Ocky,3,0,3
Oclyvio,3,0,3
Ocon,0,3,3
Octaav,3,0,3
Octacia,0,3,3
Octaeve,3,0,3
Octafarrah,0,3,3
Octano,3,0,3
Octarina,0,3,3
Octaviane,0,3,3
Octávio,3,0,3
Octavio-Salmi,3,0,3
Octay,3,0,3
Octévia,0,3,3
Octhavianus,3,0,3
Octhovina,0,3,3
October,0,3,3
October-Noon,3,0,3
Octofien,0,3,3
Octofilus,3,0,3
Octomo,3,0,3
Octopianus,3,0,3
Octopina,0,3,3
Octosien,0,3,3
Octovanius,3,0,3
Octovanus,3,0,3
Octovia,0,3,3
Octovián,3,0,3
Octovien,0,3,3
Octoviena,0,3,3
Octoviënna,0,3,3
Octovinna,0,3,3
Octovino,3,0,3
Octovius,3,0,3
Octtofina,0,3,3
Oculides,3,0,3
Ocy-Ann,0,3,3
Ocyano,3,0,3
Ocyra,0,3,3
Ocyris,3,0,3
Oda-Flora,0,3,3
Oda-Maria,0,3,3
Odaccar,3,0,3
Odafe,3,0,3
Odaily,0,3,3
Odáir,3,0,3
Odaïr,3,0,3
Odairo,3,0,3
Odaissia,0,3,3
Odalena,0,3,3
Odaley,0,3,3
Odaliena,0,3,3
Odalies,0,3,3
Odalinde,0,3,3
Odaline,0,3,3
Odalison,3,0,3
Odan,3,0,3
Odar,3,0,3
Odario,3,0,3
Odarkai,0,3,3
Odartei,3,0,3
Odarvino,3,0,3
Odaya,0,3,3
Odda,0,3,3
Oddam,3,0,3
Odday,3,0,3
Oddborg,0,3,3
Odde,3,0,3
Oddeke,0,3,3
Oddéro,3,0,3
Oddilia,0,3,3
Oddlaug,0,3,3
Oddmar,3,0,3
Oddny,0,3,3
Oddo,3,0,3
Oddone,3,0,3
Oddrynella,0,3,3
Odds,3,0,3
Oddva,3,0,3
Odé,0,3,3
Ode-Louise,0,3,3
Odea,0,3,3
Odean,0,3,3
Odeana,0,3,3
Odechia,0,3,3
Odechya,0,3,3
Odeh,3,0,3
Odehlia,0,3,3
Odehyieba,0,3,3
Odeiba,0,3,3
Odeibiah,0,3,3
Odeis,3,0,3
Odekhiran,0,3,3
Odelberta,0,3,3
Odele,0,3,3
Odeli,0,3,3
Odelicia,0,3,3
Odelie,0,3,3
Odelin,3,0,3
Odelindo,3,0,3
Odeline,0,3,3
Odélita,0,3,3
Odelivia,0,3,3
OdeliYah,0,3,3
Odell-Kaelen,3,0,3
Odellio,3,0,3
Odello,3,0,3
Odely,0,3,3
Odelyah,0,3,3
Odelydalug,0,3,3
Odelyna,0,3,3
Odelyne,0,3,3
Odelynn,0,3,3
Odemarus,3,0,3
Odemira,0,3,3
Odèn,0,3,3
Odens,3,0,3
Odensa,0,3,3
Odensio,3,0,3
Odenza,0,3,3
Odenzo,3,0,3
Oderata,0,3,3
Oderbertus,3,0,3
Oderiek,0,3,3
Oderik,3,0,3
Oderika,0,3,3
Oderikus,3,0,3
Oderki,3,0,3
Oderwaldus,3,0,3
Odès,0,3,3
Odesha,0,3,3
Odesia,0,3,3
Odesio,3,0,3
Odesse,0,3,3
Odessea,3,0,3
Odessie,0,3,3
Odettah,0,3,3
Odetté,0,3,3
Odette-Ingrid,0,3,3
Odettie,0,3,3
Odéva,0,3,3
Odeya,0,3,3
Odeyah,0,3,3
Odeyl,0,3,3
Odeylon,3,0,3
Odgar,3,0,3
Odhenetey,3,0,3
Odhiep,3,0,3
Odhmar,3,0,3
Odhrán,3,0,3
Odiaan,3,0,3
Odiah,0,3,3
Odiana,0,3,3
Odianosen,3,0,3
Odiase,3,0,3
Odician,0,3,3
Odicius,3,0,3
Odida,0,3,3
Odiekachi,0,3,3
Odieke,0,3,3
Odiele,0,3,3
Odielon,3,0,3
Odielya,0,3,3
Odiene,0,3,3
Odies,0,3,3
Odigie,3,0,3
Odih,0,3,3
Odijinsa,0,3,3
Odijlia,0,3,3
Odile-Claire,0,3,3
Odilea,0,3,3
Odileh,0,3,3
Odilen,3,0,3
Odilgard,0,3,3
Odili,3,0,3
Odília,0,3,3
Odilia-Grietje,0,3,3
Odilië,0,3,3
Odiljo,3,0,3
Odill,0,3,3
Odillion,3,0,3
Odilly,0,3,3
Odillya,0,3,3
Odilona,0,3,3
Odily,0,3,3
Odimar,3,0,3
Odime,3,0,3
Odimene,0,3,3
Odîn,3,0,3
Odín,3,0,3
Odin-Allain,3,0,3
Odinah,0,3,3
Odinda,0,3,3
Odindissa,0,3,3
Odingo,3,0,3
Odinius,3,0,3
Odinkar,3,0,3
Odino,3,0,3
Odinson,3,0,3
Odinya,0,3,3
Odión,3,0,3
Odir,3,0,3
Odiri,0,3,3
Odirin,3,0,3
Odirinverere,3,0,3
Odischa,0,3,3
Odise,0,3,3
Odisé,0,3,3
Odiseaias,3,0,3
Odiseas,3,0,3
Odisha,0,3,3
Odissy,0,3,3
Odit,3,0,3
Oditte,0,3,3
Odix,3,0,3
Odiya,0,3,3
Odiziäna,0,3,3
Odja,3,0,3
Odjabu,0,3,3
Odjano,3,0,3
Odjean,3,0,3
Odjidji,3,0,3
Odjie,3,0,3
Odjien,3,0,3
Odjo,0,3,3
Odne,3,0,3
Odney,0,3,3
Odoacer,3,0,3
Ododooghene,3,0,3
Odoin,3,0,3
Odoir,3,0,3
Odold,3,0,3
Odolfa,0,3,3
Odolph,3,0,3
Odolphe,3,0,3
Odolphina,0,3,3
Odomara,0,3,3
Odonel,3,0,3
Odonne,0,3,3
Odonti,3,0,3
Odorius,3,0,3
Odounga,0,3,3
Odoward,3,0,3
Odradus,3,0,3
Odrana,0,3,3
Odrano,3,0,3
Odriaantje,0,3,3
Odrie,0,3,3
Odrik,3,0,3
Odrilon,3,0,3
Odrin,3,0,3
Odryana,0,3,3
Odubela,3,0,3
Odulf-Benjamin,3,0,3
Odulfi,0,3,3
Odulfina,0,3,3
Odulfius,3,0,3
Odulph,3,0,3
Odulphes,3,0,3
Odulphie,0,3,3
Oduma,3,0,3
Odumah,0,3,3
Odumankoma,0,3,3
Odunlami,3,0,3
Odunze,3,0,3
Oduola,3,0,3
Oduro-Antwi,3,0,3
Oduware,0,3,3
Odveig,0,3,3
Odwain,3,0,3
Odwar,3,0,3
Odyaba,0,3,3
Odyan,3,0,3
Odyangelo,3,0,3
Odydre,0,3,3
Odyliah,0,3,3
Odylio,3,0,3
Odylla,0,3,3
Odyllius,3,0,3
Odyna,0,3,3
Odyon,3,0,3
Odysea,0,3,3
Odysha,0,3,3
Odysse,0,3,3
Odyssee-Mat,0,3,3
Odysseia,0,3,3
Odysseu,3,0,3
Odysso,3,0,3
Odyvette,0,3,3
Oe'djene,0,3,3
Oeachsi,0,3,3
Oean,0,3,3
Oeb-ilaä,0,3,3
Oebaidoellah,3,0,3
Oebayda,3,0,3
Oebaydillah,3,0,3
Oebbele,3,0,3
Oebeidah,3,0,3
Oebele-Marcus,3,0,3
Oebért,3,0,3
Oebey,3,0,3
Oechiena,0,3,3
Oedaikoemar,3,0,3
Oedainarain,3,0,3
Oedairam,3,0,3
Oedaybhansing,3,0,3
Oedaychandre,3,0,3
Oedayrai,3,0,3
Oedaysingh,3,0,3
Oede,0,3,3
Oedel,3,0,3
Oedelina,0,3,3
Oedelsing,3,0,3
Oedéradj,3,0,3
Oedeshkoemar,3,0,3
Oedger,3,0,3
Oedheban,3,0,3
Oedijono,3,0,3
Oedilius,3,0,3
Oedin,3,0,3
Oedina,0,3,3
Oedinga,3,0,3
Oedith,3,0,3
Oedjiran,0,3,3
Oedjoensing,3,0,3
Oedradj,3,0,3
Oeds-Joram,3,0,3
Oedy,0,3,3
Oedzen,3,0,3
Oedzge,3,0,3
Oefea,0,3,3
Oege-Jan,3,0,3
Oegelientje,0,3,3
Oegeline,0,3,3
Oegerikus,3,0,3
Oeghoede,0,3,3
Oeghrasain,3,0,3
Oegia,0,3,3
Oegoendie,0,3,3
Oegunda,0,3,3
Oeh,0,3,3
Oekong,3,0,3
Oel,0,3,3
Oeladek,3,0,3
Oelah,3,0,3
Oelan,3,0,3
Oelerike,0,3,3
Oelfa,0,3,3
Oelfier,3,0,3
Oelinda,0,3,3
Oelis,3,0,3
Oelita,0,3,3
Oelius,3,0,3
Oeljana,0,3,3
Oelli,3,0,3
Oelmi,3,0,3
Oels,3,0,3
Oeltje,0,3,3
Oeltsje,3,0,3
Oem-Koelsoem,0,3,3
Oemabharti,0,3,3
Oemadevi,0,3,3
Oemadewie,0,3,3
Oemaisa,0,3,3
Oemajja,0,3,3
Oemama,0,3,3
Oeman,3,0,3
Oemar-Faroek,3,0,3
Oemar-Shaheed,3,0,3
Oemardath,3,0,3
Oemarkhan,3,0,3
Oemaro,0,3,3
Oemarsing,3,0,3
Oemaya,0,3,3
Oemaymah,0,3,3
Oemayr,3,0,3
Oemayrah,0,3,3
Oemeir,3,0,3
Oemeja,0,3,3
Oemese,0,3,3
Oemeshkumar,3,0,3
Oemeyra,0,3,3
Oemi,0,3,3
Oeminta,0,3,3
Oemla,0,3,3
Oemmay,0,3,3
Oemmé,0,3,3
Oemniah,0,3,3
Oemniya,0,3,3
Oemoe,0,3,3
Oemradj,3,0,3
Oemran,3,0,3
Oemrawatie,0,3,3
Oemrawsing,3,0,3
Oen-Nio,0,3,3
Oenama,0,3,3
Oenasih,0,3,3
Oene-Jan,3,0,3
Oene-Sybren,3,0,3
Oenechiena,0,3,3
Oenecius,3,0,3
Oenei,0,3,3
Oenejan,3,0,3
Oenes,3,0,3
Oenesius,3,0,3
Oenetta,0,3,3
Oenette,0,3,3
Oenhoat,3,0,3
Oenie,0,3,3
Oenita,0,3,3
Oenne,3,0,3
Oenone,0,3,3
Oenoud,3,0,3
Oenses,3,0,3
Oenziela,0,3,3
Oenzila,0,3,3
Oepadia,3,0,3
Oepadieja,3,0,3
Oeparsha,0,3,3
Oepasie,3,0,3
Oepasnadevi,0,3,3
Oepdhja,3,0,3
Oependre,3,0,3
Oephaar,3,0,3
Oepi,0,3,3
Oepie,3,0,3
Oepina,0,3,3
Oeping,3,0,3
Oepkelina,0,3,3
Oepko,3,0,3
Oepmanjoe,3,0,3
Oepske,0,3,3
Oer,3,0,3
Oera-Anamee,0,3,3
Oerakarimje,0,3,3
Oeraname,0,3,3
Oerania,0,3,3
Oeremko,3,0,3
Oerga,3,0,3
Oerian,3,0,3
Oeriena,0,3,3
Oerina,0,3,3
Oeriya,3,0,3
Oerjan,3,0,3
Oeroedj,0,3,3
Oertje,0,3,3
Oeschadebie,0,3,3
Oesen,3,0,3
Oesha-Debie,0,3,3
Oeshadebie,0,3,3
Oeshadevi,0,3,3
Oeshadevie,0,3,3
Oeshadewie,0,3,3
Oeshanadebie,0,3,3
Oesi,0,3,3
Oesiana,0,3,3
Oesiel,3,0,3
Oesjas,0,3,3
Oesnie,0,3,3
Oespadevie,0,3,3
Oessama,3,0,3
Oessema,3,0,3
Oest,3,0,3
Oest-Cabrie,3,0,3
Oestina,0,3,3
Oestinja,0,3,3
Oeswa,0,3,3
Oesyanto,3,0,3
Oetama,3,0,3
Oetamkumar,3,0,3
Oethamsingh,3,0,3
Oethman,3,0,3
Oethra,0,3,3
Oetman,3,0,3
Oetra,0,3,3
Oetrawatie,0,3,3
Oetsze,3,0,3
Oettam,3,0,3
Oette,0,3,3
Oettra,0,3,3
Oety,0,3,3
Oetzina,0,3,3
Oeun,3,0,3
Oewais,3,0,3
Oewaiz,3,0,3
Oeways,3,0,3
Oewèssen,0,3,3
Oewis,3,0,3
Oewys,3,0,3
Oey,3,0,3
Oezair,3,0,3
Oezi'eel,3,0,3
Oezma,0,3,3
Oezmaa,0,3,3
Oezman,3,0,3
Oezmha,0,3,3
Ofa,3,0,3
Ofakimuli,0,3,3
Ofani,3,0,3
Ofarél,3,0,3
Ofaren,3,0,3
Ofaris,3,0,3
Ofeas,3,0,3
Ofeibea,0,3,3
Oféli,0,3,3
Ofelie,0,3,3
Ofelija,0,3,3
Ofer,3,0,3
Oferrol,3,0,3
Officer,3,0,3
Offinus,3,0,3
Offor,3,0,3
Offordire,3,0,3
Offrein,3,0,3
Ofhelia,0,3,3
Ofie,3,0,3
Ofili,3,0,3
Ofirah,0,3,3
Ofko,3,0,3
Ofobi,0,3,3
Ofoegbu,0,3,3
Ofoli,3,0,3
Ofona,0,3,3
Ofor,0,3,3
Ofori-Agyei,3,0,3
Ofori-Gyau,3,0,3
Oforitseno,0,3,3
Oforiwa,0,3,3
Ofosuhemaah,0,3,3
Ofosuhene,3,0,3
Ofosuwah,0,3,3
Ofrah,0,3,3
Ofreina,0,3,3
Ofri,3,0,3
Ofridus,3,0,3
Ofrie,3,0,3
Ofrih,3,0,3
Ofril,3,0,3
Ofrinowna,0,3,3
Ofrit,0,3,3
Ofriwaa,0,3,3
Ofsanna,0,3,3
Ofurne,3,0,3
Ofusu,3,0,3
Ofusua,0,3,3
Ofusuaa,0,3,3
Ogailey,0,3,3
Ogaleesho,3,0,3
Ogan,3,0,3
Ogandio,3,0,3
Oganna,0,3,3
Ogany,3,0,3
Ogbay,3,0,3
Ogbe,3,0,3
Ogbebor,3,0,3
Ogbefu,0,3,3
Ogbemudiamen,3,0,3
Ogbeni,3,0,3
Ogbewi,3,0,3
Ogboe,3,0,3
Ogbogu,3,0,3
Ogbomo,3,0,3
Ogbonda,3,0,3
Ogbonna,3,0,3
Ogbonnaja,3,0,3
Ogboo,0,3,3
Ogbu,3,0,3
Ogé,3,0,3
Ogechika,3,0,3
Ogechukwukama,0,3,3
Ogēnda,0,3,3
Ogenda,0,3,3
Ogene,0,3,3
Ogenecaro,0,3,3
Ogenerunor,3,0,3
Ogeni,0,3,3
Ogenius,3,0,3
Ogenose,0,3,3
Ogeomar,3,0,3
Ogey,3,0,3
Ogg,3,0,3
Oggiena,0,3,3
Oghalfio,3,0,3
Oghalvio,3,0,3
Ogharamenure,3,0,3
Oghene-Tejiri,0,3,3
Oghenebriejor,3,0,3
Oghenebrume,3,0,3
Oghenechohwo,3,0,3
Oghenefegho,3,0,3
Oghenegaren,3,0,3
Ogheneīega,3,0,3
Oghenekome-Ogri,3,0,3
Oghenemudiakevwe,3,0,3
Ogheneogaga,0,3,3
Oghenerukevwe,0,3,3
Oghenerukwe,3,0,3
Oghenerume,3,0,3
Oghenetager,3,0,3
OgheneTega,3,0,3
Oghenevo,3,0,3
Oghenevwomeroh,0,3,3
Oghenfure,3,0,3
Oghenigho,0,3,3
Oghenochuko,3,0,3
Oghi,0,3,3
Oghoemegbulum,3,0,3
Oghomwen,0,3,3
Oghomwenyemwen,0,3,3
Oghosasere,3,0,3
Oghowmenrhie,0,3,3
Ogianni,3,0,3
Ogida,0,3,3
Ogiena,0,3,3
Ogieoba,3,0,3
Ogièr,3,0,3
Ogiër,0,3,3
Ogill,3,0,3
Ogilvio,3,0,3
Ogilyna,0,3,3
Oginaicha,0,3,3
Ogindha,0,3,3
Ogisy,0,3,3
Ogiugo,3,0,3
Oglaja,0,3,3
Oglajo,3,0,3
Oglayia,0,3,3
Ogleh,0,3,3
ogli,3,0,3
Oglou,3,0,3
Oglyo,3,0,3
Ogner,3,0,3
Ognibene,3,0,3
Ogolla,3,0,3
Ogona,0,3,3
Ogonda,0,3,3
Ogonna,0,3,3
Ogoshi,3,0,3
Ogotai,3,0,3
Ogren,3,0,3
Ogrison,3,0,3
Ogual,3,0,3
Ogugua,3,0,3
Oguilvian,3,0,3
Oguilvio,3,0,3
Oǵul,3,0,3
Oĝul,3,0,3
Oǵulcan,3,0,3
Oĝulcân,3,0,3
Ogulcay,3,0,3
Ogûn,3,0,3
Ogundé,3,0,3
Oĝur,3,0,3
Ogushan,3,0,3
Oğuz-han,3,0,3
Oĝuzcan,3,0,3
Oğuzer,3,0,3
Ogüzhan,3,0,3
Oguzkaan,3,0,3
Oğuzkaan,3,0,3
Oğuzkağan,3,0,3
Oğuzkan,3,0,3
Ogwon,3,0,3
Ogyen,3,0,3
Ogylvie,3,0,3
Ogzan,3,0,3
Ohab,3,0,3
Ohad,3,0,3
Ohadike,3,0,3
Ohagi,3,0,3
Ohama,0,3,3
Ohana,0,3,3
Ohayon,3,0,3
Ohcumgache,3,0,3
Ohdy,3,0,3
Ohema,0,3,3
Oheneba-Frimpong,3,0,3
Ohenewa,0,3,3
Ohenewah,0,3,3
Oher,3,0,3
Ohica,0,3,3
Ohie,3,0,3
Ohifeme,3,0,3
Ohifemen,3,0,3
Ohihon,3,0,3
Ohim,3,0,3
Ohiniko,3,0,3
Ohiniwa,0,3,3
Ohiosumuan,3,0,3
Ohiovbemi,0,3,3
Ohireme,3,0,3
Ohiyeesha,0,3,3
Ohj,3,0,3
Ohjenta,0,3,3
Ohlian,0,3,3
Ohlionghwie,3,0,3
Ohliongswie,3,0,3
Ohlot,3,0,3
Ohlsson,3,0,3
Ohmari,3,0,3
Ohmarie,0,3,3
Ohmed,3,0,3
Ohmee,0,3,3
Ohoimel,3,0,3
Oholiab,3,0,3
Ohon,3,0,3
Ohonba,3,0,3
Ohrapan,0,3,3
Ohreli,0,3,3
Ohry,3,0,3
Ohsari,0,3,3
Ohsèwa,3,0,3
Ohsiannio,0,3,3
Ohsin,0,3,3
Oht,3,0,3
Ohtman,3,0,3
Ohui,0,3,3
Ohunene,0,3,3
Ohuru,3,0,3
Ohyda,0,3,3
Ohynea,0,3,3
Oi-Jin,0,3,3
Oi-Lang,0,3,3
Oi-Ling,0,3,3
Oi-Ling-Mandy,0,3,3
Oi-Tjoen,0,3,3
Oi-Yee,0,3,3
Oi-ying,0,3,3
Oiafaa,0,3,3
Oiajdi,3,0,3
Oiam,0,3,3
Oiane,0,3,3
Oichiana,0,3,3
Oidyan,0,3,3
Oïfa,0,3,3
Oifa,0,3,3
Oifaâ,0,3,3
Oifae,0,3,3
Oifer,0,3,3
Oiffae,0,3,3
Oifik,3,0,3
Oihan,3,0,3
Oihane,0,3,3
Oihdani,3,0,3
Oihiba,0,3,3
Oihid,3,0,3
Oij,0,3,3
Oilaan,0,3,3
Oilbhe,0,3,3
Oile,3,0,3
Oilun,3,0,3
Oimae,3,0,3
Oin,3,0,3
Oino,0,3,3
Oirana,0,3,3
Oirla,0,3,3
Oïs,0,3,3
Oisam,3,0,3
Oiscan,3,0,3
Oisen,3,0,3
Oisha,0,3,3
Oishin,3,0,3
Oisila,0,3,3
Oisim,3,0,3
Oisīn,3,0,3
Oisín-Jan,3,0,3
Oissif,3,0,3
Oissila,0,3,3
Oita,0,3,3
Oivan,3,0,3
Oiven,3,0,3
Oivi,0,3,3
Ojahannes,3,0,3
Ojahicya,0,3,3
Ojahni,3,0,3
Ojai,3,0,3
Ojair,3,0,3
Ojale,3,0,3
Ojam,3,0,3
Ojan,3,0,3
Ojani-Joy,3,0,3
Ojani-Noah,3,0,3
Ojano,3,0,3
Ojars,3,0,3
Ojas,3,0,3
Ojasvini,0,3,3
Ojaz,3,0,3
Oje,3,0,3
Ojebeta,0,3,3
Ojei,3,0,3
Ojero,3,0,3
Ojesha,0,3,3
Ojiamaka,0,3,3
Ojiba,3,0,3
Ojien,3,0,3
Ojij,3,0,3
Ojochide,0,3,3
Ojon,3,0,3
Ojonugwa,0,3,3
Ojora,0,3,3
Oĵore,3,0,3
Ojukwu,3,0,3
Ojurniè,3,0,3
Okaigbo,3,0,3
Okaikaye,0,3,3
Okailey,0,3,3
Okalani,0,3,3
Okana,3,0,3
Okandeji,3,0,3
Okanta,3,0,3
Okantei,3,0,3
Okantey,3,0,3
Okanu,3,0,3
Okas,3,0,3
Okasari,0,3,3
Okatakyie,3,0,3
Okattah,3,0,3
Okba,3,0,3
Okco,3,0,3
Okebai,0,3,3
Okechuckwu,3,0,3
Okelani,0,3,3
Okelien,0,3,3
Okemana,3,0,3
Okeny,3,0,3
Okes,3,0,3
Okhaiyame,3,0,3
Okia,3,0,3
Okibedi,0,3,3
Okiche,3,0,3
Okie,0,3,3
Okinokwa,3,0,3
Okito,3,0,3
Okkali,3,0,3
Okkan,3,0,3
Okkay,3,0,3
Okke-Bas,3,0,3
Okke-Jaap,3,0,3
Okke-Jorn,3,0,3
Okkea,0,3,3
Okkem,3,0,3
Okkerina,0,3,3
Okkertje,0,3,3
Okkeş,3,0,3
Okkes,3,0,3
Okki-Ivon,3,0,3
Okkiene,0,3,3
Okkolien,0,3,3
Okkolientje,0,3,3
Okkolina,0,3,3
Okkoline,0,3,3
Okle,3,0,3
Okley-Tettey,3,0,3
Okma,0,3,3
Okoe,3,0,3
Okoh,0,3,3
Okony,3,0,3
Okorie,3,0,3
Okpako,3,0,3
Okpala,3,0,3
Okpara,3,0,3
Okpekhian,0,3,3
Okra,3,0,3
Okraku,3,0,3
Oksanne,0,3,3
Okşen,3,0,3
Oktafine,0,3,3
Oktar,3,0,3
Oktara,0,3,3
Oktaviana,0,3,3
Oktavianus,3,0,3
Oktavyani,0,3,3
Oktawia,0,3,3
Oktawjan,3,0,3
Oktaycan,3,0,3
Oktilde,0,3,3
Oktina,0,3,3
Oktofianus,3,0,3
Oktophinus,3,0,3
Oktopina,0,3,3
Oktovianus,3,0,3
Okuma,3,0,3
Okundaye,3,0,3
Okundia,3,0,3
Okunor,3,0,3
Okunubi,0,3,3
Okura,0,3,3
Okwaro,3,0,3
Okwii,3,0,3
Okwoyo,3,0,3
Okwuchukwu,0,3,3
Okwudilichukwu,0,3,3
Okyan,3,0,3
Okyerebea,0,3,3
Okyerewaa,0,3,3
Okyerewah,0,3,3
Okyirewa,0,3,3
Ol'ga,0,3,3
Olaaf,0,3,3
Olaav,3,0,3
Olabowale,3,0,3
Olabunmi,0,3,3
Oladeji,3,0,3
Oladepo,3,0,3
Oladimeji,3,0,3
Oladoyin,0,3,3
Olaf-Anthony,3,0,3
Olaf-Han,3,0,3
Olaf-Kári,3,0,3
Olaf-Léon,3,0,3
Olaf-Sebastian,3,0,3
Olaffe,0,3,3
Olaffine,0,3,3
Olafsson,3,0,3
Olafur,3,0,3
Olagbayi,3,0,3
Olai,3,0,3
Olaidey,3,0,3
Olaifa,3,0,3
Olaisha,0,3,3
Olaïtan,0,3,3
Olaiza,0,3,3
Olajide,3,0,3
Olakunmi,3,0,3
Olam,3,0,3
Olamiji,3,0,3
Olande,0,3,3
Olander,3,0,3
Olandus,3,0,3
Olane,0,3,3
Olani,3,0,3
Olanike,0,3,3
Olanna,0,3,3
Olaocha,0,3,3
Olaoluwakintan,0,3,3
Olaoluwale,3,0,3
Olaomon,0,3,3
Olaoti,3,0,3
Olapeju,0,3,3
Olar,3,0,3
Olare,3,0,3
Olaremi,3,0,3
Olarewaju,3,0,3
Olaria,0,3,3
Olaronke,0,3,3
Olashile,3,0,3
Olasko,3,0,3
Olasoji,3,0,3
Olasore,3,0,3
Olasubomi,0,3,3
Olatayo,3,0,3
Olathe,0,3,3
Olatungi,3,0,3
Olav-André,3,0,3
Olav-Christian,3,0,3
Olav-Deszø,3,0,3
Olav-Francois,3,0,3
Olav-Junior,3,0,3
Olav-Peter,3,0,3
Olav-Wilhelmus,3,0,3
Olavina,0,3,3
Olávio,3,0,3
Olavio,3,0,3
Olavius,3,0,3
Olawonuola,0,3,3
Olawumi,0,3,3
Olay,3,0,3
Olayetunde,0,3,3
Olayla,0,3,3
Olaz,0,3,3
Olben,3,0,3
Olbers,3,0,3
Olbertina,0,3,3
Olberyna,0,3,3
Olbina,0,3,3
Olbrand,3,0,3
Olça,3,0,3
Olca,3,0,3
Olcey-Lane,0,3,3
Olchert-Laurens,3,0,3
Olci,0,3,3
Olco,3,0,3
Olçun,3,0,3
Oldarleinis,0,3,3
Oldaylton,3,0,3
Oldaysha,0,3,3
Oldegaris,0,3,3
Oldegarius,3,0,3
Olden,3,0,3
Oldens,3,0,3
Olderico,3,0,3
Oldericus,3,0,3
Oldewaldus,3,0,3
Oldfeld,0,3,3
Oldilia,0,3,3
Oldin,3,0,3
Oldřich,3,0,3
Oldrin,3,0,3
Oldry,0,3,3
Olds,3,0,3
Oldulphius,3,0,3
Olduz,0,3,3
Oldwien,3,0,3
Oldwig,3,0,3
Oldwina,0,3,3
Oldwyn,0,3,3
Ole-Arjan,3,0,3
Ole-Johan,3,0,3
Ole-Mads,3,0,3
Ole-Mats,3,0,3
Ole-Pepijn,3,0,3
Ole-Peter,3,0,3
Ole-Rick,3,0,3
Ole-Ward,3,0,3
Oléa,0,3,3
Oleaf,0,3,3
Oleana,0,3,3
Oleanda,0,3,3
Oleandra,0,3,3
Oleane,0,3,3
Olebert,3,0,3
Olech,3,0,3
Olechandra,0,3,3
Oleg-Jovan,3,0,3
Olegivna,0,3,3
Olegovitch,3,0,3
Olegovitsj,3,0,3
Oleha,0,3,3
Olehyvna,0,3,3
Oleif,0,3,3
Oleijn,0,3,3
Olein,0,3,3
Oleksandr,3,0,3
Oleksandrowna,0,3,3
Oleksiyovych,3,0,3
Olela,0,3,3
Olèlè,0,3,3
Olely,0,3,3
Olemar,3,0,3
Olemi,0,3,3
Olemilya,3,0,3
Olendaika,3,0,3
Olene,0,3,3
Olenga,3,0,3
Olengbe,3,0,3
Oleni,0,3,3
Olénine,3,0,3
Oleńka,0,3,3
Olensky,3,0,3
Olenzo,3,0,3
Oleq,3,0,3
Olero,0,3,3
Olescha,0,3,3
Olesen,3,0,3
Oleshia,0,3,3
Olessya,0,3,3
Oletha,0,3,3
Olethal,3,0,3
Olevean,0,3,3
Olevianus,3,0,3
Olevine,0,3,3
Olewien,0,3,3
Olfat,0,3,3
Olfe,3,0,3
Olfeedo,3,0,3
Olferd,3,0,3
Olferdina,0,3,3
Olfertjan,3,0,3
Olfertje,0,3,3
Olfi,0,3,3
Olfiëdo,3,0,3
Olfien,0,3,3
Olfiena,0,3,3
Olfienus,3,0,3
Olfira,0,3,3
Olfje,0,3,3
Olfredo,3,0,3
Olfret,3,0,3
Olfrey,3,0,3
Olga-Georgeënne,0,3,3
Olga-Marije,0,3,3
Olgaç,3,0,3
Olgaire,3,0,3
Olgalowine,0,3,3
Olgantia,0,3,3
Olgard,3,0,3
Olgarina,0,3,3
Olgaritha,0,3,3
Olgason,3,0,3
Olgavna,0,3,3
Olgay,3,0,3
Olgéne,0,3,3
Olger-Jens,3,0,3
Olgeria,0,3,3
Olgerik,3,0,3
Olgierd,3,0,3
Olgierda,0,3,3
Olgincion,0,3,3
Olgitta,0,3,3
Olgiza,0,3,3
Olgü,0,3,3
Olgue,3,0,3
Olianne,0,3,3
Oliano,3,0,3
Olias,3,0,3
Olica,0,3,3
Olicia,0,3,3
Olied,3,0,3
Olief,0,3,3
Oliena,0,3,3
Oliëndo,3,0,3
Olies,3,0,3
Olieseeto,3,0,3
Olievia,0,3,3
Olieviën,3,0,3
Olieviyah,0,3,3
Olifia,0,3,3
Oligar,3,0,3
Oliha,0,3,3
Olij,0,3,3
Olije,3,0,3
Olijmpe,3,0,3
Olilly,0,3,3
Olim,3,0,3
Olima,0,3,3
Olimgahan,3,0,3
Olín,3,0,3
Olindia,0,3,3
Olindio,3,0,3
Olinga,3,0,3
Oliobi,3,0,3
Olipheta,3,0,3
Olisadebe,3,0,3
Olisahemeka,3,0,3
Olisea,3,0,3
Oliseh,3,0,3
Olisemeka,3,0,3
Olisiana,0,3,3
Olissa,0,3,3
Olisse,0,3,3
Olisya,0,3,3
Olitha,0,3,3
Olithel,3,0,3
Olíva,0,3,3
Olivada,0,3,3
Olivander,3,0,3
Olivander-Atreyu,3,0,3
Olive-Anne,0,3,3
Olivéaine,0,3,3
Oliveine,0,3,3
Olivéira,0,3,3
Oliveiro,3,0,3
Olivelli,3,0,3
Oliver-Darcy,3,0,3
Oliver-Fox,3,0,3
Oliver-Levi,3,0,3
Oliver-Lux,3,0,3
Oliver-Noël,3,0,3
Oliver-Twan,3,0,3
Oliver-Ximon,3,0,3
Olivère,0,3,3
Oliverio,3,0,3
Oliverius,3,0,3
Oliverus,3,0,3
Olives,3,0,3
Olivese,0,3,3
Oliveta,0,3,3
Olivéta,0,3,3
Olivia-Elisa,0,3,3
Olivia-Faye,0,3,3
Olivia-Féliz,0,3,3
Olivia-Kate,0,3,3
Olivia-Lisa,0,3,3
Olivia-Lune,0,3,3
Olivia-Maria,0,3,3
Olivia-Noor,0,3,3
Olivia-Sofia,0,3,3
Oliviah,0,3,3
Oliviänne,0,3,3
Olivianne,0,3,3
Oliviano,3,0,3
Olivié,3,0,3
Olivieira,3,0,3
Olivien,0,3,3
Oliviën,0,3,3
Olivíer,3,0,3
Olivier-Bas,3,0,3
Olivier-Croyde,3,0,3
Olivier-David,3,0,3
Olivier-Jaques,3,0,3
Olivier-Jax,3,0,3
Olivier-Niek,3,0,3
Olivier-Paul,3,0,3
Oliviëra,0,3,3
Olivièra,3,0,3
Oliviéra,0,3,3
Olivieri,3,0,3
Olivièro,3,0,3
Olivijn,3,0,3
Olivina,0,3,3
Olivine,0,3,3
Olivinia,0,3,3
Olivino,3,0,3
Olivius,3,0,3
Oliviya,0,3,3
Olivjé,3,0,3
Olivya,0,3,3
Oliwier,3,0,3
Olix,3,0,3
Oliyn,3,0,3
Olize,0,3,3
Olizia,0,3,3
Oljay,0,3,3
Olju,3,0,3
Olkhon,3,0,3
Olkina,0,3,3
Olko,3,0,3
Olla-Yu-Neal,3,0,3
Ollah,3,0,3
Ollanta,3,0,3
Ollantay,3,0,3
Olle-Björn,3,0,3
Olle-Frédéric,3,0,3
Olle-Olaf,3,0,3
Ollemina,0,3,3
Olleven,3,0,3
Ollewanski,3,0,3
Ollezia,0,3,3
Olliecia,0,3,3
Ollieke,0,3,3
Ollig,3,0,3
Ollily,0,3,3
Ollisette,0,3,3
Ollita,0,3,3
Ollius,3,0,3
Ollivander,0,3,3
Ollivero,0,3,3
Ollmhór,3,0,3
Olloya,3,0,3
Olmanio,3,0,3
Olnalda,0,3,3
Olo,3,0,3
Olöf,3,0,3
Oloffiena,0,3,3
Olofio,3,0,3
Olofje,0,3,3
Olohigbe,0,3,3
Olohirere,0,3,3
Olohitare,0,3,3
Olohuntoyin,0,3,3
Olomidé,3,0,3
Olongo,3,0,3
Olonya,3,0,3
Olop,3,0,3
Olórin,3,0,3
Olorin,3,0,3
Olorun,0,3,3
Olorunifemi,3,0,3
Olorunkemi,3,0,3
Olorunnishola,0,3,3
Oloruntoba,3,0,3
Olounfumi,0,3,3
Olowaseun,3,0,3
Oloyede,3,0,3
Olperth,3,0,3
Olphaert,3,0,3
Olpheu,3,0,3
Olphie,0,3,3
Olphuldus,3,0,3
Olpianus,3,0,3
Olquino,3,0,3
Olrica,0,3,3
Olrike,0,3,3
Olsi,3,0,3
Olsiene,0,3,3
Olsina,0,3,3
Olske,0,3,3
Olsny,3,0,3
Olswouter,3,0,3
Olta,0,3,3
Oltan,3,0,3
Oltha,0,3,3
Oltho,3,0,3
Oltion,3,0,3
Oltisa,0,3,3
Oltje,0,3,3
Oltmanns,3,0,3
Olu-ebubechi,0,3,3
Olu-Mossi,0,3,3
Olu-Tola,3,0,3
Olua,3,0,3
Olubayo,3,0,3
Olubumi,0,3,3
Oludamilare,3,0,3
Oludamilola,0,3,3
Oludélé,3,0,3
Oluebubechukwu,0,3,3
Olufeni,3,0,3
Olufisayo,0,3,3
Olufunmilayo,0,3,3
Olufunmilola,0,3,3
Olugbenga,3,0,3
Olujimi,3,0,3
Olukunbi,0,3,3
Oluma,3,0,3
Olumona,0,3,3
Olune,0,3,3
Oluogho,3,0,3
Olurotimi,3,0,3
Oluseun,3,0,3
Oluseye,3,0,3
Olusheyi,3,0,3
Olutogbekele,3,0,3
Oluwaboriohungbogbo,3,0,3
Oluwabukunmi,0,3,3
Oluwabumi,0,3,3
Oluwabusola,0,3,3
Oluwabusolami,3,0,3
Oluwadabira,0,3,3
Oluwadamilanre,3,0,3
Oluwadapo,3,0,3
Oluwadayo,3,0,3
Oluwafayosolami,0,3,3
Oluwafikunayomi,3,0,3
Oluwafolasade,0,3,3
Oluwafunmi,0,3,3
Oluwafunmilola,0,3,3
Oluwafunmlayo,0,3,3
Oluwafunsho,3,0,3
Oluwagbemileke,0,3,3
Oluwagbohunmi,3,0,3
Oluwajimileyin,3,0,3
Oluwajuwon,3,0,3
Oluwakame,0,3,3
Oluwakole,3,0,3
Oluwakonmi,3,0,3
Oluwakumi,3,0,3
Oluwalayomi,0,3,3
Oluwamayowa,3,0,3
Oluwanisola,0,3,3
Oluwaniyi,3,0,3
Oluwapelumi,0,3,3
Oluwasanmi,3,0,3
Oluwaséun,0,3,3
Oluwaseyifunmi,3,0,3
Oluwaseyitan,0,3,3
Oluwashegun,3,0,3
Oluwasheun,0,3,3
Oluwashewun,3,0,3
Oluwashino,3,0,3
Oluwashola-Adeshola,3,0,3
Oluwasola,3,0,3
Oluwatamilore,0,3,3
Oluwatemitayo,3,0,3
Oluwatise,3,0,3
Oluwatodimu,0,3,3
Oluwatofunmi,0,3,3
Oluwatola,3,0,3
Oluwatomiwa,0,3,3
Oluwatommiwa,3,0,3
Oluwayemisi,0,3,3
Oluwayomi,0,3,3
Oluyemi,0,3,3
Oluyemisi,0,3,3
Oluyinka,0,3,3
Olv,3,0,3
Olvainey,3,0,3
Olvair,3,0,3
Olveh,0,3,3
Olvehdo,3,0,3
Olveirio,3,0,3
Olvert-Jan,3,0,3
Olvieng,3,0,3
Olvieniõ,3,0,3
Olviënny,3,0,3
Olvion,3,0,3
Olwé,3,0,3
Olwiene,0,3,3
Olwijn,3,0,3
Olwo,3,0,3
Olwydd,3,0,3
Oly,3,0,3
Olya,0,3,3
Olyda,0,3,3
Olyjah,3,0,3
Olymbia,0,3,3
Olymphe,0,3,3
Olympiada,0,3,3
Olympio,3,0,3
Olyne,0,3,3
Olysa,0,3,3
Olysia,0,3,3
Olysiana,0,3,3
Olytta,0,3,3
Olyvar,3,0,3
Olyver,3,0,3
Olyviënna,0,3,3
Olzan,3,0,3
Omad,3,0,3
Omaeima,0,3,3
Omaema,0,3,3
Omaer,3,0,3
Omaghomi,3,0,3
Omaïda,0,3,3
Omaihra,0,3,3
Omaijra,0,3,3
Omaily,0,3,3
Omaimah,0,3,3
Omäira,0,3,3
Omaira-Jaéda,0,3,3
Omairah,0,3,3
Omairan,3,0,3
Omaire,3,0,3
Omaisa,0,3,3
Omaïta,0,3,3
Omaiyra,0,3,3
Omajma,0,3,3
Omale,0,3,3
Omali,0,3,3
Omalia,0,3,3
Omalley,3,0,3
Omana,0,3,3
Omandatpersad,3,0,3
Omane,3,0,3
Omanpreet,3,0,3
Omanye,3,0,3
Omár,3,0,3
Omar-Jamal,3,0,3
Omar-Rachid,3,0,3
Omar-Shairahan,3,0,3
Omar-Shairehan,3,0,3
Omaraan,3,0,3
Omarabdelaziz,3,0,3
Omarciano,3,0,3
Omardus,3,0,3
Omarg,3,0,3
Omarí,3,0,3
Omarie,3,0,3
Omarlina,0,3,3
Omarshair,3,0,3
Omarstica,0,3,3
Omaru,3,0,3
Omaryllis,0,3,3
Omaryon,3,0,3
Omasan,3,0,3
Omasemonyen,0,3,3
Omatseye,3,0,3
Omaymae,0,3,3
Omaymah,0,3,3
Omaymi,0,3,3
Omayren,3,0,3
Omayri,3,0,3
Omayrin,0,3,3
Omayrion,3,0,3
Omayrra,0,3,3
Ombeline,0,3,3
Omco,3,0,3
Omebere,3,0,3
Omediya,0,3,3
Omediyami,0,3,3
Omédo,3,0,3
Omeera,0,3,3
Omeesimus,3,0,3
Oméga,0,3,3
Omêga,0,3,3
Omega-Rainell,0,3,3
Omegiani,3,0,3
Omegie,0,3,3
Omeïma,0,3,3
Omeini,0,3,3
Omejo,3,0,3
Omejra,0,3,3
Omelda,0,3,3
Omelia,0,3,3
Omelian,3,0,3
Omelio,3,0,3
Omende,3,0,3
Omenia,0,3,3
Omenya,0,3,3
Oméo,3,0,3
Omerakin,3,0,3
Omerali,3,0,3
Omerefe,3,0,3
Omeremincan,3,0,3
Omerfaruk,3,0,3
Omerhasan,3,0,3
Omerilio,3,0,3
Omeris,0,3,3
Omeros,3,0,3
Omerta,0,3,3
Omes,3,0,3
Ometd,0,3,3
Omeyma,0,3,3
Omeyra,0,3,3
Omeyrah,0,3,3
Omhani,0,3,3
Omhanie,0,3,3
Omhkar,3,0,3
Omian,3,0,3
Omide,0,3,3
Omier,3,0,3
Omijra,0,3,3
Omik,3,0,3
Omika,0,3,3
Omilen,0,3,3
Omileyan,3,0,3
Omilia,0,3,3
Omillio,3,0,3
Omilya,0,3,3
Ominthyé,3,0,3
Omiragwa,3,0,3
Omiro,3,0,3
Omiros,3,0,3
Omīśa,0,3,3
Omìt,3,0,3
Omius,3,0,3
Omkaar,3,0,3
Omkār,3,0,3
Omkara,3,0,3
Omkheir,0,3,3
Omman,3,0,3
Omme,3,0,3
Ommé,0,3,3
Ommed,3,0,3
Ommelandica,0,3,3
Ommelandicus,3,0,3
Ommer,3,0,3
Ommi,0,3,3
Ommies,3,0,3
Ommulbaneen,0,3,3
Omneja,0,3,3
Omner,3,0,3
Omneya,0,3,3
Omneyah,0,3,3
Omnio,3,0,3
Omniyah,0,3,3
Omnyah,0,3,3
Omoaghe,3,0,3
Omobolanle,0,3,3
Omobolawa,0,3,3
Omodamwen,3,0,3
Omoede,3,0,3
Omogbolahan,3,0,3
Omogiuwa,0,3,3
Omoigiafu,3,0,3
Omoigui,3,0,3
Omoikhese,0,3,3
Omojowo,0,3,3
Omokaro,3,0,3
Omokhefue,0,3,3
Omokhoa,0,3,3
Omolabake,0,3,3
Omolegie,3,0,3
Omoligho,0,3,3
Omomengba,0,3,3
Omon,3,0,3
Omonaze,0,3,3
Omone,0,3,3
OmoNefe,0,3,3
Omoneh,0,3,3
Omoneka,3,0,3
Omoniyi,3,0,3
Omonobhio,3,0,3
Omontese,0,3,3
Omonuwa,3,0,3
Omonye,0,3,3
Omonzie,3,0,3
Omoonegho,0,3,3
Omoregbe,3,0,3
Omoregie,3,0,3
Omorhussain,3,0,3
Omori,3,0,3
Omorian,3,0,3
Omoriodion,3,0,3
Omorojieca,3,0,3
Omoromwiye,0,3,3
Omorose,0,3,3
Omorotionmwan,0,3,3
Omosayo,0,3,3
Omose,3,0,3
Omosede-Idowu,0,3,3
Omoseivie,0,3,3
Omosewa,0,3,3
Omoseye,0,3,3
Omosida,0,3,3
Omosihgo,0,3,3
Omosivie,0,3,3
Omotara,0,3,3
Omotekoro,0,3,3
Omotokunbo,0,3,3
Omotunde,3,0,3
Omovbiye,0,3,3
Omowonuola,3,0,3
Omowumin,0,3,3
Omoy,0,3,3
Omoyemen,0,3,3
Omoyemwense,0,3,3
Omoyenwen,0,3,3
Omoyewmen,0,3,3
Omozelie,0,3,3
Omozie,0,3,3
Omozulsi,3,0,3
Omozusi,0,3,3
Omozuwa,3,0,3
Omparkash,3,0,3
Omperkas,3,0,3
Omphale,0,3,3
Omprekash,3,0,3
Omrane,3,0,3
Omrhan,3,0,3
Omrie,3,0,3
Omrilee,3,0,3
Omriya,0,3,3
Omuali,3,0,3
Omulbaneen,0,3,3
Omür,3,0,3
Omuvwie,0,3,3
Omuwa,0,3,3
Omwansa,3,0,3
Omyad,0,3,3
Omyoong,0,3,3
Omyr,3,0,3
Omyrah,0,3,3
Omyros,3,0,3
On-Kee,0,3,3
On-uma,0,3,3
On-Zion,3,0,3
Onaghise,0,3,3
Onâh,0,3,3
Onah-Elizabeth,0,3,3
Onaifelie,0,3,3
Onaika,0,3,3
Onaima,0,3,3
Onais,3,0,3
Onaïsha,0,3,3
Onaiwu,3,0,3
Onako,3,0,3
Onali,0,3,3
Onaly,3,0,3
Onanda,3,0,3
Onanga,3,0,3
Onaru,0,3,3
Onaselis,0,3,3
Onash,3,0,3
Onasse,0,3,3
Onatra,0,3,3
Onaya,0,3,3
Onaycia,0,3,3
Onazia,0,3,3
Onbaşi,3,0,3
Onca,0,3,3
Once,0,3,3
Onchera,3,0,3
Oncke,3,0,3
Oncolina,0,3,3
Onder,3,0,3
Ondi,3,0,3
Ondiene,0,3,3
Ondrea,0,3,3
Ondřej,3,0,3
Ondrëj,3,0,3
Ondrie,3,0,3
One'sy,0,3,3
Oneej,3,0,3
Oneetha,0,3,3
Oneg,0,3,3
Onehieles,3,0,3
Oneicia,0,3,3
Oneides,3,0,3
Oneidita,0,3,3
Oneiro,3,0,3
Oneirrea,0,3,3
Oneishah,0,3,3
Onela,0,3,3
Onell,3,0,3
Onelle,0,3,3
Oneonta,0,3,3
Onepenn,0,3,3
Oner,3,0,3
Onera,0,3,3
Onero,3,0,3
Onesa,0,3,3
Onesiforus,3,0,3
Onesima,0,3,3
Onésime,3,0,3
Onesimo,3,0,3
Onésimo,3,0,3
Onéycia,0,3,3
Oneyda,0,3,3
Oneydeli,0,3,3
Oneye,0,3,3
Oneyisha,0,3,3
Ong-Yee,0,3,3
Ong-Yi,0,3,3
Onge,3,0,3
Ongine,0,3,3
Ongkubuan,3,0,3
Ongky,3,0,3
Onias,3,0,3
Oniba,0,3,3
Onice,0,3,3
Onicely,3,0,3
Onick,3,0,3
Onie,3,0,3
Onië,3,0,3
Onieke,0,3,3
Onielia,0,3,3
Oniell,3,0,3
Oniesia,0,3,3
Oniji,3,0,3
Onik,3,0,3
Onika-Jaël,0,3,3
Onikai,3,0,3
Onil,3,0,3
Onim,3,0,3
Onimma,0,3,3
Oninjè,3,0,3
Oninnio,3,0,3
Onipa,3,0,3
Onira,0,3,3
Onis,3,0,3
Onises,3,0,3
Onish,3,0,3
Onisha,0,3,3
Onisimoes,3,0,3
Onisimos,3,0,3
Onitchya,0,3,3
Onitsha,0,3,3
Onix,3,0,3
Oniximo,3,0,3
Oniyenensan,0,3,3
Oniyuri,0,3,3
Onjod,0,3,3
Onjorie,0,3,3
Onjoud,0,3,3
Onkar,3,0,3
Onkarjit,3,0,3
Onkolina,0,3,3
Onky,3,0,3
Onnassissta,0,3,3
Onnay,0,3,3
Onneau,3,0,3
Onneaux,3,0,3
Onnebert,3,0,3
Onnegina,0,3,3
Onnelie,0,3,3
Onnelien,0,3,3
Onnelientje,0,3,3
Onnen,3,0,3
Onnesmus,3,0,3
Onnette,0,3,3
Onnick,3,0,3
Onnika,0,3,3
Onno-Pieter,3,0,3
Onno-Quint,3,0,3
Onno-Sven,3,0,3
Onno-Willem,3,0,3
Onnojan,3,0,3
Onnojens,3,0,3
Onnolien,0,3,3
Onochie,3,0,3
Onodome,3,0,3
Onofra,0,3,3
Onofre,3,0,3
Onofrio-Fiorito,3,0,3
Onofua,3,0,3
Onohidoni,0,3,3
Onohlenbaluewie,0,3,3
Onohuwen,0,3,3
Onomé,0,3,3
Onomen,0,3,3
Onong,0,3,3
Ononino,3,0,3
Onophrius,3,0,3
Onor,3,0,3
Onoria,0,3,3
Onoride,0,3,3
Onorio,3,0,3
Onos,3,0,3
Onosamba,0,3,3
Onosegale,0,3,3
Onoseh,3,0,3
Onosemudiana,3,0,3
Onoséta,3,0,3
Onosolase,0,3,3
Onotoghene,0,3,3
Onoussa,0,3,3
Onpoey,0,3,3
Onra,3,0,3
Ons,0,3,3
Onsa,3,0,3
Onsee,0,3,3
Onsonyameye,0,3,3
Onsri,0,3,3
Ontario,3,0,3
Ontje,0,3,3
Ontsje,0,3,3
Onukogu,3,0,3
Onum,3,0,3
Onuorha,3,0,3
Onuphrius,3,0,3
Onur-Can,3,0,3
Onur-Murad,3,0,3
Onurho,3,0,3
Onurkaan,3,0,3
Onurkan,3,0,3
Onütma,3,0,3
Onuwa,3,0,3
Onuzuruike,3,0,3
Onwubatu,3,0,3
Onwuchekwa,3,0,3
Onwuka,0,3,3
Ony,0,3,3
Onyali,0,3,3
Onyango,3,0,3
Onyanionya,3,0,3
Onycha,0,3,3
Onyckwa,0,3,3
Onyeaka,0,3,3
Onyedi,0,3,3
Onyedika,3,0,3
Onyedikachukwu,0,3,3
Onyedy,0,3,3
Onyeikachukwu,3,0,3
Onyelo,3,0,3
Onyemachukwu,3,0,3
Onyemakonor,3,0,3
Onyenka,3,0,3
Onyever,3,0,3
Onyeyechukwu,0,3,3
Onyeyichi,0,3,3
Onyi,0,3,3
Onyima,3,0,3
Onyina,0,3,3
Onyinyechukwa,3,0,3
Onyiyechukwu,0,3,3
Onyiyechukwukama,0,3,3
Onyl,3,0,3
Onylle,0,3,3
Onysha,0,3,3
Onysis,0,3,3
Onysius,3,0,3
Onyth,3,0,3
Onyxia,0,3,3
Oobeid,3,0,3
Oof,3,0,3
Ooie,0,3,3
Ooifija,0,3,3
Oon,0,3,3
Oonach,0,3,3
Oone,3,0,3
Oono,3,0,3
Oor-Ael,3,0,3
Oortwijn,3,0,3
Oos,3,0,3
Oosi,0,3,3
Oosje,0,3,3
Oostina,0,3,3
Ootis,3,0,3
Ootjer,3,0,3
Ootmar,3,0,3
Oovy,3,0,3
Ooy-En,0,3,3
Ooy-Jie,0,3,3
Ooy-Lean,0,3,3
Opaas,3,0,3
Opakrwot,3,0,3
Opalé,0,3,3
Oparebea,0,3,3
Ope,0,3,3
Opedele,3,0,3
Opefoluwa,0,3,3
Oper,3,0,3
Opey,3,0,3
Ophealia,0,3,3
Opheila,0,3,3
Opheilia,0,3,3
Opheleia,0,3,3
Ophéli,0,3,3
Ophelïa,0,3,3
Ophelias,3,0,3
Ophelio,3,0,3
Ophera,0,3,3
Ophie,0,3,3
Ophiël,3,0,3
Ophiria,0,3,3
Ophonyah,0,3,3
Ophylia,0,3,3
Opio,3,0,3
Opko,3,0,3
Opo,3,0,3
Opok,3,0,3
Opokaa,0,3,3
Opoku-Afreh,3,0,3
Opokuaa,0,3,3
Opong,0,3,3
Oporia,3,0,3
Oporupi,0,3,3
Oppe,3,0,3
Oppong-Kyeremeh,3,0,3
Opportuna,0,3,3
Oprah-Lee,0,3,3
Oprah-lin,0,3,3
Optaciana,0,3,3
Optaciano,3,0,3
Optates,3,0,3
Optato,3,0,3
Optimia,0,3,3
Opunin,3,0,3
Opunni,3,0,3
Or'shenio,3,0,3
Or-Chaim,3,0,3
Or-Felio,3,0,3
Orabella,0,3,3
Oracodch,0,3,3
Oraefor,3,0,3
Oraïa,0,3,3
Oraichia,0,3,3
Oraily,3,0,3
Oraimus,3,0,3
Oraingely,0,3,3
Orainne,0,3,3
Oraisha,0,3,3
Oraishya,0,3,3
Oraisón,0,3,3
Orakood,0,3,3
Orakzai,3,0,3
Orald,3,0,3
Oralee,0,3,3
Orali,0,3,3
Orana,0,3,3
Orando,3,0,3
Oranna,0,3,3
Oranoes,0,3,3
Oranos,0,3,3
Oraphin,3,0,3
Oraquel,0,3,3
Oratio,3,0,3
Oratius,3,0,3
Oraya,0,3,3
Oraycia,0,3,3
Oraycio,3,0,3
Oraydel,3,0,3
Oraysha,0,3,3
Orayza,0,3,3
Oraz,3,0,3
Orazzio,3,0,3
Orbanus,3,0,3
Orbegozo,3,0,3
Orben,3,0,3
Orbis,0,3,3
Orca,3,0,3
Orcan,3,0,3
Orçanya,0,3,3
Orce,3,0,3
Orcelle,0,3,3
Orcen,3,0,3
Orcha,0,3,3
Orchalima,0,3,3
Orchannah,0,3,3
Orchen,3,0,3
Orchiano,3,0,3
Orchiene,0,3,3
Orchinho,3,0,3
Orchinta,0,3,3
Orchyntia,0,3,3
Orciano,3,0,3
Orciene,0,3,3
Orcilio,3,0,3
Orçin,3,0,3
Orcina,0,3,3
Orcino,3,0,3
Orczyne,0,3,3
Ordaisyha,0,3,3
Ordaleisi,0,3,3
Ordan,3,0,3
Ordanda,0,3,3
Ordehi,3,0,3
Ordélia,0,3,3
Ordencio,3,0,3
Ordesia,0,3,3
Ordessa,0,3,3
Ordeya,0,3,3
Ordia,0,3,3
Ordinia,0,3,3
Ordinio,3,0,3
Ordrey,0,3,3
Ordylaihno,3,0,3
Ore-Oluwa,3,0,3
Oréa,0,3,3
Oreanne,0,3,3
Oréanne,0,3,3
Orebo,3,0,3
Orechija,0,3,3
Oreecha,0,3,3
Oregio,3,0,3
Oreias,3,0,3
Oreillio,3,0,3
Oreilly,3,0,3
Oreina,0,3,3
Orek,3,0,3
Orelea,0,3,3
Oreleo,3,0,3
Oreley,0,3,3
Orelian,3,0,3
Orelie,0,3,3
Orelie-Jade,0,3,3
Orély,0,3,3
Oremelienda,0,3,3
Orén,3,0,3
Orena,0,3,3
Orencio,3,0,3
Orende,0,3,3
Orensay,3,0,3
Orental,3,0,3
Orenthal,3,0,3
Orenza,0,3,3
Orenzio,3,0,3
Oreoluwa,3,0,3
Oreoluwapo,0,3,3
Oresanna,0,3,3
Oresha,0,3,3
Orestha,0,3,3
Orestus,3,0,3
Oreva,0,3,3
Oreylly,0,3,3
Orfamay,0,3,3
Orfano,3,0,3
Orfé,0,3,3
Orfédo,3,0,3
Orfellinhio,3,0,3
Orfëo,3,0,3
Orfeó,3,0,3
Orferina,0,3,3
Orferinio,3,0,3
Orffelija,0,3,3
Orfheo,3,0,3
Orfhlaith,0,3,3
Orfi,0,3,3
Orfiamma,0,3,3
Orfiel,3,0,3
Orfilia,0,3,3
Orfin,3,0,3
Orfintia,0,3,3
Orfio,3,0,3
Orfirah,0,3,3
Orgael,0,3,3
Orgédine,0,3,3
Orgelsio,3,0,3
Orgenia,0,3,3
Orgenio,3,0,3
Orgenso,3,0,3
Orgeon,3,0,3
Orgerrio,3,0,3
Orgesto,3,0,3
Orgeta,0,3,3
Orgetta,0,3,3
Orgilio,3,0,3
Orgina,0,3,3
Orgino,3,0,3
Orgsine,0,3,3
Orgwéno,3,0,3
Orgweno,3,0,3
Orgyen,3,0,3
Orhancan,3,0,3
Orhanna,0,3,3
Orhesiri,3,0,3
Orhorhawori,0,3,3
Oriaantje,0,3,3
Oriabure,3,0,3
Oriah,0,3,3
Oriaku,0,3,3
Oriana-Rafaella,0,3,3
Oriant,3,0,3
Oricina,0,3,3
Orida,0,3,3
Oriel,3,0,3
Orielle,0,3,3
Oriem,3,0,3
Oriema,0,3,3
Oriën,3,0,3
Orien,0,3,3
Oriena,0,3,3
Oriene,0,3,3
Oriëns,0,3,3
Orienta,0,3,3
Orients,0,3,3
Oriet,0,3,3
Oriëte,0,3,3
Orietha,0,3,3
Orietta,0,3,3
Oriëtte,0,3,3
Oriette,0,3,3
Orifiël,3,0,3
Orifliel,0,3,3
Origbemileke,0,3,3
Origine,0,3,3
Origo,3,0,3
Orija,0,3,3
Orika,0,3,3
Orillia,0,3,3
Orillio,3,0,3
Orily,0,3,3
Orim,3,0,3
Orimgir,3,0,3
Orimolade,0,3,3
Orindel,3,0,3
Orine,0,3,3
Oringia,0,3,3
Oringo,3,0,3
Orinn,3,0,3
Orino,3,0,3
Orinoco,3,0,3
Orinta,0,3,3
Orio,3,0,3
Oriola,0,3,3
Orisha,0,3,3
Orita,0,3,3
Orite,3,0,3
Orith,0,3,3
Oritsebawo,3,0,3
Oritsejolomi,0,3,3
Oritsesegbemi,3,0,3
Oritsewenyinmi,0,3,3
Oritseweyimi,0,3,3
Oritseweyinmi,0,3,3
Oriyah,0,3,3
Oriyomi,3,0,3
Orizra,0,3,3
Orjaydiyo,3,0,3
Orjohn,0,3,3
Orjuela,3,0,3
Orjun,3,0,3
Orkall,3,0,3
Orkaya,0,3,3
Orkesh,3,0,3
Orkid,0,3,3
Orkina,0,3,3
Orkino,3,0,3
Orkitta,0,3,3
Orkunalp,3,0,3
Orkuncan,3,0,3
Orky,3,0,3
Orla-Moira,0,3,3
Orlaind,3,0,3
Orlan,3,0,3
Orlandi,3,0,3
Orlandini,3,0,3
Orlandy,0,3,3
Orlanka,0,3,3
Orlantsia,0,3,3
Orlany,0,3,3
Orleana,0,3,3
Orleanda,0,3,3
Orleandro,3,0,3
Orleane,0,3,3
Orleanne,0,3,3
Orlena,0,3,3
Orlencia,0,3,3
Orlène,0,3,3
Orleon,3,0,3
Orlette,0,3,3
Orley,0,3,3
Orlheesa,0,3,3
Orlí,0,3,3
Orliano,3,0,3
Orlie,0,3,3
Orlies,0,3,3
Orlight,3,0,3
Orlijn,3,0,3
Orlina,0,3,3
Orlingha,0,3,3
Orlinova,0,3,3
Orlisio,3,0,3
Orlivano,3,0,3
Orlivio,3,0,3
Orlof,3,0,3
Orlycha,0,3,3
Ormalinda,0,3,3
Ormancio,3,0,3
Ormandy,3,0,3
Orme,3,0,3
Ormea,0,3,3
Ormeo,3,0,3
Orminde,0,3,3
Ormonde,3,0,3
Orn,3,0,3
Orn-Amon,0,3,3
Ornaiza,0,3,3
Ornal,3,0,3
Ornama,0,3,3
Ornançe,0,3,3
Ornarivio,3,0,3
Orneda,0,3,3
Ornek,3,0,3
Ornela,0,3,3
Ornelis,0,3,3
Ornelvie,0,3,3
Ornest,3,0,3
Ornesta,0,3,3
Ornett,3,0,3
Ornis,3,0,3
Ornmanie,0,3,3
Ornoldina,0,3,3
Ornostacio,3,0,3
Orofarne,0,3,3
Orojilla,0,3,3
Orojoh,3,0,3
Orolea,0,3,3
Orolinda,0,3,3
Orom,3,0,3
Oromë,3,0,3
Oromé,3,0,3
Orondo,3,0,3
Oronzo,3,0,3
Oroog,0,3,3
Orópo,3,0,3
Orphairo,3,0,3
Orphe,0,3,3
Orphean,3,0,3
Orphelina,3,0,3
Orphëo,3,0,3
Orpheos,3,0,3
Orpheyo,3,0,3
Orphille,3,0,3
Orphillio,3,0,3
Orphin,3,0,3
Orphinio,3,0,3
Orphino,3,0,3
Orphio,3,0,3
Orphon,3,0,3
Orphylia,0,3,3
Orphylio,3,0,3
Orpita,0,3,3
Orquinio,3,0,3
Orradóttir,0,3,3
Orrick,3,0,3
Orrine,0,3,3
Orriona,0,3,3
Orrissa,0,3,3
Orrivio,3,0,3
Orrixcean,3,0,3
Orry-Jan,3,0,3
Orryen,3,0,3
Orryfei,3,0,3
Orsaly,0,3,3
Orsalyna,0,3,3
Orsanhio,3,0,3
Orschena,0,3,3
Orschina,0,3,3
Orscine,0,3,3
Orsela,0,3,3
Orsele,3,0,3
Orselien,0,3,3
Orselientje,0,3,3
Orselinde,0,3,3
Orselino,3,0,3
Orselinus,3,0,3
Orsellanda,0,3,3
Orséne,0,3,3
Orseno,3,0,3
Orsetta,0,3,3
Orshein,3,0,3
Orshena,0,3,3
Orshin,3,0,3
Orshine,0,3,3
Orsiano,3,0,3
Orsilla,0,3,3
Orsini,3,0,3
Orsinni,3,0,3
Orsolinda,0,3,3
Orsoly,0,3,3
Orsu,3,0,3
Orsylla,0,3,3
Ortac,3,0,3
Ortaç,3,0,3
Ortal,0,3,3
Ortali,0,3,3
Ortana,0,3,3
Ortbertha,0,3,3
Ortecia,0,3,3
Ortegio,3,0,3
Ortela,0,3,3
Ortencia,0,3,3
Ortencio,3,0,3
Orth,3,0,3
Orthance,0,3,3
Orthedanus,3,0,3
Orthello,3,0,3
Orthi,0,3,3
Orthwin,3,0,3
Ortiën,3,0,3
Ortilië,0,3,3
Ortilio,3,0,3
Ortina,0,3,3
Ortine,0,3,3
Ortlieb,3,0,3
Orto,3,0,3
Orton,3,0,3
Ortrud,0,3,3
Ortrudis,0,3,3
Ortrûn,0,3,3
Ortunç,3,0,3
Ortus,3,0,3
Ortwijn,3,0,3
Ortwini,0,3,3
Ortwinus,3,0,3
Ortwyn,3,0,3
Oruebubechi,0,3,3
Orun,3,0,3
Orvan,3,0,3
Orvar,3,0,3
Orvé,0,3,3
Orvedo,3,0,3
Orvehio,3,0,3
Orveia,0,3,3
Orvejo,3,0,3
Orvel,3,0,3
Orvelio,3,0,3
Orvello,3,0,3
Orven,3,0,3
Orvéo,3,0,3
Orvëo,3,0,3
Orveyan,0,3,3
Orvhedo,3,0,3
Orviano,3,0,3
Orvie,3,0,3
Orvieto,3,0,3
Orvilio,3,0,3
Orvillé,3,0,3
Orvillinio,3,0,3
Orvilo,3,0,3
Orvynio,3,0,3
Orwa,3,0,3
Orwanda,0,3,3
Orwella,0,3,3
Orwhen,3,0,3
Orwien,3,0,3
Orwina,0,3,3
Orwincio,3,0,3
Orwokki,0,3,3
Orwyne,0,3,3
Oryana,0,3,3
Oryelis,3,0,3
Oryéshwin,3,0,3
Oryhimé,0,3,3
Oryntha,0,3,3
Oryón,3,0,3
Oryona,0,3,3
Oryqed,3,0,3
Orysa,0,3,3
Orytsegbubemy,3,0,3
Orzala,0,3,3
Orzalyana,0,3,3
Orzela,0,3,3
Orzeline,0,3,3
Orzine,0,3,3
Orzinio,3,0,3
Orzora,0,3,3
Osa-Osa,3,0,3
Osabohen,3,0,3
Osabor,0,3,3
Osabuwame,3,0,3
Osacya,0,3,3
Osadeba,3,0,3
Osadion-Uwa,0,3,3
Osafore,0,3,3
Osagbemwenorhue,0,3,3
Osagbemwenrhue,3,0,3
Osagbemworue,0,3,3
Osagbovo,3,0,3
Osage,3,0,3
Osaghenieruwen,3,0,3
Osaghie,3,0,3
Osagiede,0,3,3
Osagioduwa,3,0,3
Osague,3,0,3
Osaguemwen,3,0,3
Osaguiwenro,0,3,3
Osagumwengie,3,0,3
Osagumwenro,3,0,3
Osagunwėrö,0,3,3
Osaguwanzieho,3,0,3
Osahar,3,0,3
Osaheni,0,3,3
Osahenrhumwen,0,3,3
Osahenrum,3,0,3
Osahenrun,0,3,3
Osaherhunmwen,0,3,3
Osaheromwen,0,3,3
Osaherunmwen,3,0,3
Osahieme,3,0,3
Osahinowan,0,3,3
Osahonerhumwonmwe,3,0,3
Osahuehia,3,0,3
Osahuevemwn,3,0,3
Osahuonamen,0,3,3
Osaia,0,3,3
Osaiah,3,0,3
Osaias,3,0,3
Osaigbokan,3,0,3
Osaigbovomwan,3,0,3
Osaija,0,3,3
Osaija-Gisela,0,3,3
Osaily,0,3,3
Osaimiefan,3,0,3
Osaimwenghe,0,3,3
Osairemen,0,3,3
Osairis,3,0,3
Osaja,0,3,3
Osakaro,3,0,3
Osakeoyamen,0,3,3
Osakioduwa,0,3,3
Osakpölö,3,0,3
Osaluemen,3,0,3
Osam,3,0,3
Osamā,3,0,3
Osamagbe,3,0,3
Osamagmda,0,3,3
Osamahoro,3,0,3
Osameh,3,0,3
Osamende,0,3,3
Osami,0,3,3
Osamiro,0,3,3
Osamudiakamwen,0,3,3
Osamudiameh,0,3,3
Osamudiamén,3,0,3
Osamudiamenaigbe,3,0,3
Osamudiamwen,3,0,3
Osamudiawmen,3,0,3
Osamuede,3,0,3
Osamwonamen,0,3,3
Osandrick,3,0,3
Osane,0,3,3
Osann,0,3,3
Osaodion,3,0,3
Osaogie,3,0,3
Osaosemwe,0,3,3
Osaosemwen,3,0,3
Osaosere,3,0,3
Osaoyaniyobo,0,3,3
Osaraidy,0,3,3
Osaremiën,3,0,3
Osaremweindamwen,0,3,3
Osarenmwinda,0,3,3
Osareti,3,0,3
Osarfo,3,0,3
Osarhiemen,0,3,3
Osarho,3,0,3
Osarhumen,0,3,3
Osari,3,0,3
Osariemwen,0,3,3
Osariere,3,0,3
Osarijekemwen,0,3,3
Osarode,3,0,3
Osarodemwen,3,0,3
Osaroese,0,3,3
Osarogie,3,0,3
Osarogiuwa,3,0,3
Osarosemwen,0,3,3
Osaruemen,0,3,3
Osaruguewen,0,3,3
Osarumwese,0,3,3
Osaruwa,3,0,3
Osaruwensa,3,0,3
Osaruwese,3,0,3
Osaruyi,3,0,3
Osarwumese,3,0,3
Osasenagan,3,0,3
Osasenager,3,0,3
Osasenagha,3,0,3
Osasumwens,0,3,3
Osasunwen,3,0,3
Osasuwa,3,0,3
Osasuwmen,3,0,3
Osataenen,0,3,3
Osatohamwen,0,3,3
Osatohan,0,3,3
Osatohanmwan,0,3,3
Osatohannwen,3,0,3
Osatorfo,3,0,3
Osaugwe,0,3,3
Osaume,3,0,3
Osaumen,0,3,3
Osaurmen,0,3,3
Osauwa,3,0,3
Osauyi,3,0,3
Osauyimwen,0,3,3
Osawere,0,3,3
Osawevien,0,3,3
Osaweye,0,3,3
Osawonamen,0,3,3
Osawonawmen,0,3,3
Osawuese,3,0,3
Osawumen,3,0,3
Osawuonamen,0,3,3
Osaya,0,3,3
Osayabamwen,3,0,3
Osayaentin,0,3,3
Osayame,0,3,3
Osayanetin,3,0,3
Osayanmo,0,3,3
Osayawe,3,0,3
Osayawemwen,3,0,3
Osayawewen,0,3,3
Osayemwenrhe,0,3,3
Osayimwen,0,3,3
Osayn,3,0,3
Osayomore,0,3,3
Osayomwanbo,3,0,3
Osazè,3,0,3
Osazeme,3,0,3
Osazemeh,3,0,3
Osazemwinde,3,0,3
Osazemwongie,0,3,3
Osazenomwan,3,0,3
Osazua,3,0,3
Osazumamwen,3,0,3
Osazuwen,0,3,3
Osazze,3,0,3
Osboja,3,0,3
Osborn,3,0,3
Osbourne,3,0,3
Oscan,3,0,3
Oscâr,3,0,3
Oscár,3,0,3
Oscar-Alexander,3,0,3
Oscar-John,3,0,3
Oscar-Pieter,3,0,3
Oscar-Yval,3,0,3
Oscard,3,0,3
Oscarhugo,3,0,3
Oscarin,3,0,3
Oscaritha,0,3,3
Oscarlina,0,3,3
Oscarpeter,3,0,3
Oscarszoon,3,0,3
Osceana,0,3,3
Osceola,0,3,3
Oschin,0,3,3
Osco,3,0,3
Oscorella,0,3,3
Osdairic,3,0,3
Oseahumen,0,3,3
Osean,3,0,3
Oseanu,3,0,3
Oséas,3,0,3
Oseb,3,0,3
Osebhagimede,3,0,3
Osebrandt,3,0,3
Osée,3,0,3
Osee,0,3,3
Oseghae,3,0,3
Oseghale,3,0,3
Osegie,3,0,3
Oseh,0,3,3
Osehenremomen,0,3,3
Osehor,3,0,3
Osei-Boahene,3,0,3
Osei-Owusu,3,0,3
Oseï-TuTu,3,0,3
Osei-Tutu,3,0,3
Osei-Yaw,3,0,3
Oseiremen,3,0,3
Oseitutu,0,3,3
Osel,3,0,3
Oselumense,0,3,3
Oselumese,3,0,3
Oselumhense,3,0,3
Oseluolemhen,3,0,3
Osem-Akua,0,3,3
Osema,3,0,3
Osembia,0,3,3
Oseme,3,0,3
Osemengbe,3,0,3
Osemh,3,0,3
Osemhaga,0,3,3
Osemoakhu,3,0,3
Osemwegie,0,3,3
Osemwonyenmwen,0,3,3
Osen,0,3,3
Osendro,0,3,3
Oseojie,3,0,3
Osep,3,0,3
Oseras,0,3,3
Oserese,0,3,3
Oseribhor,3,0,3
Oserunu,3,0,3
Oseryemwen,3,0,3
Osevbobo,0,3,3
Osewaldus,3,0,3
Osewe,3,0,3
Osewout,3,0,3
Osezele,3,0,3
Osfarlin,3,0,3
Oshadhi,0,3,3
Oshadi,0,3,3
Oshadix,3,0,3
Oshaïra,0,3,3
Oshaira,0,3,3
Oshairy,0,3,3
Oshana,0,3,3
Oshane,3,0,3
Oshanti,0,3,3
Oshay,3,0,3
Oshayra,0,3,3
Oshayro,3,0,3
Osheeba,0,3,3
Oshelea,0,3,3
Osheyly,0,3,3
Oshia,0,3,3
Oshianor,3,0,3
Oshida,0,3,3
Oshiobughe,3,0,3
Oshiole,3,0,3
Oshione,0,3,3
Oshioremua,3,0,3
Oshiose,3,0,3
Oshira,0,3,3
Oshmara,0,3,3
Oshodin,0,3,3
Oshokenya,0,3,3
Oshomah,3,0,3
Oshoun,0,3,3
Oshrat,0,3,3
Oshyarha,0,3,3
Osi,0,3,3
Osiah,3,0,3
Osielja,0,3,3
Osiena,0,3,3
Osier,3,0,3
Osikemuwhe,3,0,3
Osima,0,3,3
Osiph,3,0,3
Osir,3,0,3
Osirah,0,3,3
Osiria,0,3,3
Osirius,3,0,3
Osiro,3,0,3
Ositha,0,3,3
Osizemeteh,0,3,3
OSJ,0,3,3
Osjah,0,3,3
Osjinska,0,3,3
Oskaj,3,0,3
Oskan,3,0,3
Oskar-Paul,3,0,3
Oskar-Pieter,3,0,3
Oskarovna,0,3,3
Oskarrina,0,3,3
Oskarson,3,0,3
Osley,3,0,3
Oslin,3,0,3
Oslo,0,3,3
Osma,0,3,3
Osmaar,3,0,3
Osmaede,3,0,3
osman,3,0,3
Osman-Eren,3,0,3
Osman-Junior,3,0,3
Osmana,0,3,3
Osmane,3,0,3
Osmanio,3,0,3
Osmanov,3,0,3
Osmany,3,0,3
Osmara,0,3,3
Osmariñio,3,0,3
Osmay,3,0,3
Osmayra,0,3,3
Osmendy,3,0,3
Osmonde,0,3,3
Osmound,3,0,3
Osne,3,0,3
Osnea,0,3,3
Osnija,0,3,3
Osno,0,3,3
Osoba,0,3,3
Osondu,3,0,3
Osong,3,0,3
Osonndu,3,0,3
Osorio,3,0,3
Osório,3,0,3
Osrasia,0,3,3
Ossa,0,3,3
Ossame,3,0,3
Ossandro,3,0,3
Osse,0,3,3
Ossea,3,0,3
Ossei,3,0,3
Osselien,0,3,3
Osseman,3,0,3
Ossey,3,0,3
Ossia,0,3,3
Ossie,3,0,3
Ossman,3,0,3
Ossob,0,3,3
Ossoma,0,3,3
Osson,3,0,3
Ossop,0,3,3
Ossoua,0,3,3
Ossra,0,3,3
Ostan,3,0,3
Ostare,0,3,3
Ostayo,3,0,3
Osten,3,0,3
Osthara,0,3,3
Ostia,3,0,3
Ostiane,0,3,3
Ostilia,0,3,3
Osto,3,0,3
Ostra,0,3,3
Ostrickson,3,0,3
Ostrid,3,0,3
Osualdo,3,0,3
Osuare,0,3,3
Osuman,3,0,3
Osumde,0,3,3
Osumeke,3,0,3
Osvald,3,0,3
Osvaldino,3,0,3
Osvan,0,3,3
Osvino,3,0,3
Oswa,0,3,3
Oswalde,0,3,3
Oswaldino,3,0,3
Oswell,3,0,3
Oswine,0,3,3
Osyas,3,0,3
Osyenco,3,0,3
Osyris,3,0,3
Oszkar,3,0,3
Otaa,0,3,3
Otago,3,0,3
Otanaysha,0,3,3
Otance,0,3,3
Otandja,0,3,3
Otanonsose,0,3,3
Otarely,0,3,3
Otasa,0,3,3
Otasuweian,0,3,3
Otavianus,3,0,3
Otay,3,0,3
Otcheama,0,3,3
Otchere,3,0,3
Otdevi,0,3,3
Otdrieke,0,3,3
Otega,3,0,3
Oteke,0,3,3
Otelie,0,3,3
Otelindo,3,0,3
Otelo,3,0,3
Otemba,0,3,3
Otennie,3,0,3
Otensia,0,3,3
Otenyo,3,0,3
Oteria,0,3,3
Otert,3,0,3
Otes,0,3,3
Otgeria,0,3,3
Otgerius,3,0,3
Otgero,3,0,3
Otgunda,0,3,3
Othari,3,0,3
Othe,3,0,3
Othea,0,3,3
Otheiliah,0,3,3
Othelie,0,3,3
Othell,3,0,3
Othéro,3,0,3
Othgera,0,3,3
Othia,3,0,3
Othièno,3,0,3
Othilië,0,3,3
Othilio,3,0,3
Othilius,3,0,3
Othilya,0,3,3
Othin,3,0,3
Othisse,3,0,3
Othleo,3,0,3
Othmandy,0,3,3
Othmarius,3,0,3
Othmen,3,0,3
Othnaël,3,0,3
Othnieël,3,0,3
Othniëlla,0,3,3
Othniy'el,3,0,3
Othniyel,3,0,3
Otholine,0,3,3
Othoniel,3,0,3
Othylde,0,3,3
Oti-appiah,0,3,3
Otiamba,0,3,3
Otila,0,3,3
Otilanda,0,3,3
Otiljo,3,0,3
Otillië,0,3,3
Otim,3,0,3
Otimia,0,3,3
Otinio,3,0,3
Otis-Igno,3,0,3
Otis-Lee,3,0,3
Otis-Omari,3,0,3
Otiti,0,3,3
Otiwaa,0,3,3
Otiz,3,0,3
Otja,0,3,3
Otjha,0,3,3
Otjo,3,0,3
Otke,0,3,3
Otlien,0,3,3
Otliene,0,3,3
Otline,0,3,3
Otlis,3,0,3
Otly,0,3,3
Otlyencio,3,0,3
Otmaër,3,0,3
Otmarah,0,3,3
Otmarcia,0,3,3
Otmariana,0,3,3
Otmarion,3,0,3
Otmen,3,0,3
Otne,3,0,3
Otneël,3,0,3
Otnel,3,0,3
Otniëla,0,3,3
Otniëll,3,0,3
Otnjel,3,0,3
Otny,3,0,3
Otokpa,3,0,3
Otoman,3,0,3
Otome,0,3,3
Otomie,0,3,3
Otovianus,3,0,3
Otsa,3,0,3
Otsego,0,3,3
Otsk,3,0,3
Ottalia,0,3,3
Ottalie,0,3,3
Ottar,0,3,3
Ottefine,0,3,3
Ottelène,0,3,3
Otteley,0,3,3
Otteli,0,3,3
Ottelijn,0,3,3
Ottelyn,0,3,3
Otteny,3,0,3
Otteo,3,0,3
Otter,3,0,3
Otthella,0,3,3
Ottibald,3,0,3
Ottielge,0,3,3
Ottienna,0,3,3
Ottila,0,3,3
Ottiliana,0,3,3
Ottilien,0,3,3
Ottilje,0,3,3
Ottiljen,0,3,3
Ottillië,0,3,3
Ottilly,0,3,3
Ottilo,3,0,3
Ottmane,3,0,3
Ottmarie,0,3,3
Ottmaro,3,0,3
Ottmunde,0,3,3
Ottnell,3,0,3
Ottniël,3,0,3
Ottó,3,0,3
Otto-Hans,3,0,3
Otto-Hendrikus,3,0,3
Otto-Ruben,3,0,3
Otto-Wayne,3,0,3
Otto-Willem,3,0,3
Ottobalda,0,3,3
Ottofianus,3,0,3
Ottojan,3,0,3
Ottolea,0,3,3
Ottolie,0,3,3
Ottolijne,0,3,3
Ottolinart,3,0,3
Ottomaro,3,0,3
Ottomina,0,3,3
Ottonetta,0,3,3
Ottonie,0,3,3
Ottorien,0,3,3
Ottoriene,0,3,3
Ottovna,0,3,3
Ottow,3,0,3
Ottowiena,0,3,3
Ottowina,0,3,3
Ottum,3,0,3
Otua,0,3,3
Otuo,0,3,3
Otuoserebao,3,0,3
Otwald,3,0,3
Otwee,3,0,3
Otwine,0,3,3
Otwinus,3,0,3
Otwyn,3,0,3
Otyna,0,3,3
Otyz,0,3,3
Ou-Ling,0,3,3
Ou-ling,0,3,3
Ou-Noemedey,3,0,3
Ouaail,3,0,3
Ouadiâ,3,0,3
Ouadiâa,0,3,3
Ouadiaa,0,3,3
Ouadiia,3,0,3
Ouadim,3,0,3
Ouadir,3,0,3
Ouaeel,3,0,3
Ouafâ,0,3,3
Ouafaà,0,3,3
Ouafah,0,3,3
Ouaffae,0,3,3
Ouafia,0,3,3
Ouafiq,3,0,3
Ouahba,0,3,3
Ouaheba,0,3,3
Ouahijba,0,3,3
Ouahil,3,0,3
Ouaiel,3,0,3
Ouaim,3,0,3
Ouaïss,3,0,3
Ouajila,0,3,3
Ouakifa,0,3,3
Ouakil,3,0,3
Oualaa,0,3,3
Oualaya,0,3,3
Oualied,3,0,3
Ouallae,0,3,3
Ouamila,0,3,3
Ouard,3,0,3
Ouardani,3,0,3
Ouardi,3,0,3
Ouaseela,0,3,3
Ouasfi,3,0,3
Ouasifa,0,3,3
Ouassama,3,0,3
Ouassef,3,0,3
Ouassiem,3,0,3
Ouassif,3,0,3
Ouassifa,0,3,3
Ouassil,3,0,3
Ouasym,3,0,3
Ouays,3,0,3
Ouazani,3,0,3
Ouazina,0,3,3
Ouazna,0,3,3
Oubada,3,0,3
Oubaïd,3,0,3
Oubaide,3,0,3
Oubay-Yassin,3,0,3
Oubesh,3,0,3
Oubihi,0,3,3
Ouby,0,3,3
Ouca,0,3,3
Ouchan,3,0,3
Ouchen,3,0,3
Ouclean,3,0,3
Ouclides,3,0,3
Oucques,3,0,3
Oudemarus,3,0,3
Oudgert,3,0,3
Oudjert,3,0,3
Oudomara,0,3,3
Oudon,0,3,3
Oudraad,3,0,3
Oudrani,0,3,3
Oudria,0,3,3
Oudry,0,3,3
Ouduya,0,3,3
Oudy,3,0,3
Oue,0,3,3
Oueam,0,3,3
Ouedad,0,3,3
Ouedraogo,0,3,3
Ouel,3,0,3
Ouérédé,0,3,3
Ouerghi,3,0,3
Oufaru,3,0,3
Oufi,3,0,3
Oufila,0,3,3
Oufraan,0,3,3
Oufura,0,3,3
Ougbad,0,3,3
Ouhiba,0,3,3
Ouhide,3,0,3
Ouial,3,0,3
Ouiâm,0,3,3
Ouidaad,0,3,3
Ouidan,3,0,3
Ouidate,0,3,3
Ouided,0,3,3
Ouidyane,0,3,3
Ouiel,3,0,3
Ouintin,3,0,3
Ouinty,0,3,3
Ouis,3,0,3
Ouisa,0,3,3
Ouisaf,3,0,3
Ouisám,3,0,3
Ouisame,3,0,3
Ouissem,3,0,3
Ouissěm,0,3,3
Oukba,3,0,3
Oukelina,0,3,3
Oukerina,0,3,3
Ouki,0,3,3
Oukil,3,0,3
Oukolina,0,3,3
Oulaïd,3,0,3
Oulaiyah,0,3,3
Ould,3,0,3
Ouldijanni,3,0,3
Oulé,0,3,3
Ouli,0,3,3
Oulia,0,3,3
Oulisia,0,3,3
Oulleia,0,3,3
Oulouf,0,3,3
Oumaimah,0,3,3
Oumaina,0,3,3
Oumairah,0,3,3
Oumaissa,0,3,3
Oumalger,0,3,3
Oumaru,3,0,3
Oumary,3,0,3
Oumaysia,0,3,3
Oumayyah,0,3,3
Oumeira,0,3,3
Oumer,3,0,3
Oumeyma,0,3,3
Oumhani,0,3,3
Oummaya,0,3,3
Oummayma,0,3,3
Oumnia-Aicha,0,3,3
Oumniyah,0,3,3
Oumo,0,3,3
Oumouhawa,0,3,3
Oumsalima,0,3,3
Oumya,0,3,3
Oun,3,0,3
Ounasiah,0,3,3
Ounays,3,0,3
Ounes,3,0,3
Ouniza,0,3,3
Oura,0,3,3
Ourael,3,0,3
Ouranía,0,3,3
Ouray,3,0,3
Ourea,0,3,3
Ourecia,0,3,3
Ourécia,0,3,3
Ourely,3,0,3
Ourenska,0,3,3
Ourfeo,3,0,3
Ouri,0,3,3
Ouria,3,0,3
Ouriache,0,3,3
Ouriellio,3,0,3
Ourik,3,0,3
Ouron,3,0,3
Ourora,0,3,3
Ourouk-Rasja,3,0,3
Oursya,0,3,3
Ousaama,3,0,3
Ousaid,3,0,3
Ousainou,3,0,3
Ousam,3,0,3
Ousayd,3,0,3
Ousayd-Hamed,3,0,3
Ouseina,3,0,3
Ousema,3,0,3
Ousha,0,3,3
Ousin,3,0,3
Ousou,3,0,3
Ousric,3,0,3
Oussama-Abdelkader,3,0,3
Oussamah,3,0,3
Oussema,3,0,3
Oussey,0,3,3
Ousseyney,3,0,3
Oussou,3,0,3
Outba,3,0,3
Outgerdina,0,3,3
Outhman,3,0,3
Outhmane,3,0,3
Outi,0,3,3
Outmaan,3,0,3
Ouwaïs,3,0,3
Ouwel,3,0,3
Ouwella,0,3,3
Ouyang,3,0,3
Ouydane,0,3,3
Ouyu,3,0,3
Ovadiah,3,0,3
Ovadya,3,0,3
Ovaina,0,3,3
Ovainy,3,0,3
Ovan,3,0,3
Ovanes,3,0,3
Ovar,3,0,3
Ovbokhan,0,3,3
Ovea,0,3,3
Oved,3,0,3
Ovedie,0,3,3
Ovensehi,0,3,3
Ovenza,0,3,3
Ovi,0,3,3
Oviasu,3,0,3
Ovid,3,0,3
Ovié,3,0,3
Oviedo,3,0,3
Oviëdo,3,0,3
Oviël,0,3,3
Oviëna,0,3,3
Oviënn,3,0,3
Ovija,0,3,3
Ovillia,0,3,3
Ovily,0,3,3
Ovimbie,3,0,3
Ovinia,0,3,3
Ovira,0,3,3
Ovo,0,3,3
Ovomavwerhovwe,0,3,3
Ovsana,0,3,3
Ovulia,0,3,3
Ovy,0,3,3
Ovyr,3,0,3
Ovyta,0,3,3
Owa,3,0,3
Owad,3,0,3
Owade,0,3,3
Owafa,0,3,3
Owairan,3,0,3
Owaiys,3,0,3
Owani,3,0,3
Owara,0,3,3
Owayn,3,0,3
Owed,3,0,3
Oweib,3,0,3
Oweis,3,0,3
Owemam,3,0,3
Owen-Nicander,3,0,3
Owen-Sebastiaan,3,0,3
Owena,0,3,3
Owenjoy,3,0,3
Owens,3,0,3
Owenwiugie,3,0,3
Owes,3,0,3
Owhochukwu,3,0,3
Owidio,3,0,3
Owie,3,0,3
Owijs,3,0,3
Owine,0,3,3
Owini,0,3,3
Owinia,0,3,3
Owinn,3,0,3
Owiredua,0,3,3
Owlett,0,3,3
Owlia,0,3,3
Owlin,3,0,3
Ownah,0,3,3
Owney,3,0,3
OwoLabi,3,0,3
Owono,3,0,3
Owonoba,0,3,3
Owosu,3,0,3
Owsaam,3,0,3
Owuamanam,3,0,3
Owula,3,0,3
Owura-amo,3,0,3
Owuraku,3,0,3
Owusu-Yeboah,3,0,3
Owusuah,0,3,3
Owusuwaah,0,3,3
Oxale,0,3,3
Oxalis,3,0,3
Oxan,3,0,3
Oxanne,0,3,3
Oxaphy,3,0,3
Oxara,0,3,3
Oxcar,3,0,3
Oxenne,0,3,3
Oxie,0,3,3
Oxsalys,0,3,3
Oxsana,0,3,3
Oxsanna,0,3,3
Oxshay,3,0,3
Oxus,3,0,3
Oy-Lan,0,3,3
Oy-Len,0,3,3
Oy-Lín,0,3,3
Oyabure,0,3,3
Oyama,3,0,3
Oyami,0,3,3
Oyáni,3,0,3
Oydin,0,3,3
Oye-Asomdwee,0,3,3
Oyedele,3,0,3
Oyediya,0,3,3
Oyee,0,3,3
Oyemechi,3,0,3
Oyemwen,0,3,3
Oyenkachi,0,3,3
Oyenkachukwu,0,3,3
Oyenmwenosa,0,3,3
Oyenmwuwa,0,3,3
Oyenté,3,0,3
Oyenwense,3,0,3
Oyeronke,0,3,3
Oyinbrakemi,0,3,3
Oying,3,0,3
Oyinkepreye,0,3,3
Oyinla,0,3,3
Oyinprebi,3,0,3
Oyintola,0,3,3
Oyintonye,0,3,3
Oyinwoleola,3,0,3
Oyiye,0,3,3
Oyiza,0,3,3
Oykan,3,0,3
Oyke,3,0,3
Oyku,0,3,3
Oymang,0,3,3
Oymen,3,0,3
Oyoma,3,0,3
Oyong,3,0,3
Oyonne,0,3,3
Oyono,3,0,3
Oyra,0,3,3
Oyth,3,0,3
Oyumaa,0,3,3
Oyuna,0,3,3
Oyvind,3,0,3
Ozaia,3,0,3
Ozaires,3,0,3
Ozal,3,0,3
Ozam,3,0,3
Ozan-Arif,3,0,3
Ozana,3,0,3
Ozanar,3,0,3
Ozanna,0,3,3
Ozara,0,3,3
Ozay,3,0,3
Ozaze,0,3,3
Ozden,0,3,3
Oze,0,3,3
Ozea,3,0,3
Ozeana,0,3,3
Ozeir,3,0,3
Ozelle,0,3,3
Ozen,0,3,3
Ozenc,0,3,3
Ozeni,3,0,3
Ozeniye,0,3,3
Ozerova,0,3,3
Ozewald,3,0,3
Ozge,0,3,3
Ozgül,0,3,3
Ozhaan,3,0,3
Ozhan,3,0,3
Ozias-Kitenge,0,3,3
Ozichi,0,3,3
Oziegbe,3,0,3
Oziël,3,0,3
Ozièl,3,0,3
Ozien,3,0,3
Oziena,0,3,3
Ozier,3,0,3
Ozila,0,3,3
Ozilia,0,3,3
Ozimonu,3,0,3
Ozina,0,3,3
Oziofu,0,3,3
Oziomachi,3,0,3
Oziza,0,3,3
Ozkar,3,0,3
Ozlemilyas,3,0,3
Ozmah,0,3,3
Oznez,3,0,3
Oznur,0,3,3
Ozoemena,3,0,3
Ozola,3,0,3
Ozon,3,0,3
Ozora,0,3,3
Ozorio,3,0,3
Ozrenka,0,3,3
Ozturk,3,0,3
Ozum,3,0,3
Ozun,3,0,3
Ozwin,3,0,3
Ozymandius,3,0,3
Ozzo,3,0,3
Oðin,3,0,3
