Name,Men,Women,Total
Petrus,235306,3984,239290
Petronella,5933,208163,214096
Pieter,162390,366,162756
Peter,116440,1698,118138
Paul,53617,362,53979
Paulus,44849,492,45341
Patrick,40055,275,40330
Petra,255,35712,35967
Pieternella,62,30193,30255
Patricia,152,26959,27111
Paulina,472,24278,24750
Pascal,14332,1335,15667
Pauline,91,13776,13867
Paula,157,12880,13037
Pim,10245,141,10386
Pepijn,9273,15,9288
Pierre,8217,468,8685
Priscilla,18,8390,8408
Philip,8335,44,8379
Philippus,6793,56,6849
Piet,6283,75,6358
Philomena,547,4616,5163
Puck,353,4681,5034
Pietertje,13,5011,5024
Pietje,46,3995,4041
Paulien,8,3862,3870
Pien,5,3832,3837
Pleun,973,2303,3276
Peggy,77,2837,2914
Pietronella,25,2820,2845
Philippe,2273,44,2317
Pascalle,53,2087,2140
Pamela,6,2034,2040
Pascale,25,1707,1732
Pia,12,1575,1587
Perry,1515,24,1539
Patty,13,1466,1479
Pier,1475,3,1478
Philippina,9,1440,1449
Patricius,1321,41,1362
Pelle,1337,11,1348
Phileine,3,1262,1265
Paola,10,1199,1209
Pedro,1168,29,1197
Pieternel,32,1140,1172
Pip,98,1042,1140
Pleuntje,0,1108,1108
Puk,187,918,1105
Peternella,3,1096,1099
Pieterdina,0,961,961
Pieterke,0,943,943
Plechelmus,887,10,897
Pancratius,801,48,849
Philippine,3,805,808
Philomina,111,688,799
Philine,0,783,783
Pjotr,773,3,776
Pablo,740,5,745
Petertje,7,733,740
Pieta,3,707,710
Patrice,353,310,663
Popke,609,25,634
Pippa,3,630,633
Pam,10,595,605
Pius,550,11,561
Paulette,3,536,539
Petro,511,14,525
Plonia,0,518,518
Phoebe,3,492,495
Plechelma,0,491,491
Paolo,485,3,488
Pearl,25,447,472
Philippa,0,470,470
Philou,3,465,468
Priya,3,442,445
Paulo,424,13,437
Percy,406,12,418
Philomène,61,356,417
Paulinus,401,6,407
Petranella,10,394,404
Petri,56,345,401
Per,382,3,385
Poulina,3,363,366
Paco,345,3,348
Patric,341,3,344
Precious,11,329,340
Paschalis,297,33,330
Pleuni,3,329,332
Phillip,316,3,319
Peterus,310,7,317
Pinar,0,315,315
Poppe,293,10,303
Pietro,293,8,301
Pieter-Jan,293,3,296
Prisca,3,289,292
Pasquale,191,92,283
Piter,279,0,279
Phoenix,149,125,274
Phaedra,0,253,253
Popko,253,0,253
Poulus,252,0,252
Paris,47,200,247
Pricilla,3,246,249
Petronelle,8,238,246
Pancratia,3,242,245
Phil,207,37,244
Pooja,0,243,243
Phyllis,3,238,241
Prince,236,5,241
Peter-Paul,234,3,237
Pouwel,235,3,238
Pieke,124,110,234
Prosper,211,9,220
Pui,13,201,214
Penelope,0,209,209
Phylicia,0,208,208
Phebe,0,206,206
Petrina,3,203,206
Peterke,3,203,206
Piebe,199,3,202
Pilar,7,182,189
Pleunie,0,189,189
Phuong,25,159,184
Pol,180,3,183
Pauwel,181,0,181
Pernille,3,177,180
Philemon,167,10,177
Pelin,0,175,175
Peter-Jan,173,3,176
Peterina,0,174,174
Prudent,151,22,173
Prudentia,6,165,171
Putri,0,167,167
Penny,3,161,164
Petronilla,3,160,163
Pernilla,0,157,157
Perpetua,3,156,159
Pete,141,15,156
Philipp,153,3,156
Patrik,150,3,153
Philomene,22,129,151
Piotr,148,3,151
Petronel,26,121,147
Pietsje,3,146,149
Paige,3,143,146
Ping,66,74,140
Prashant,139,0,139
Pytsje,0,139,139
Pepita,0,137,137
Polle,129,6,135
Paddy,82,52,134
Paloma,0,131,131
Pom,40,91,131
Pancras,130,0,130
Peet,105,25,130
Putra,130,0,130
Perla,0,129,129
Pascalis,118,9,127
Pepe,123,3,126
Pippi,0,127,127
Poyraz,123,0,123
Pomme,6,116,122
Prescilla,3,121,124
Pax,106,14,120
Priyanka,0,120,120
Presley,79,39,118
Patrique,114,3,117
Pharrell,116,3,119
Patricio,111,5,116
Pauliene,3,115,118
Pijke,113,3,116
Petrie,14,101,115
Poppy,3,113,116
Preston,115,0,115
Popkje,0,113,113
Parker,102,9,111
Phyllon,110,0,110
Prijna,3,109,112
Pavel,109,0,109
Paulowna,0,108,108
Pari,3,105,108
Pelagia,3,104,107
Piet-Hein,106,0,106
Pieter-Bas,106,0,106
Pieterdiena,0,105,105
Pieternelle,3,104,107
Pierrette,0,104,104
Philipus,100,3,103
Purdey,3,100,103
Precilla,0,101,101
Pawan,99,0,99
Polat,99,0,99
Plona,0,98,98
Peetje,3,95,98
Polly,6,90,96
Parel,3,92,95
Pita,0,95,95
Parveen,10,84,94
Patrizia,3,92,95
Pebbles,0,94,94
Piertje,0,94,94
Pernella,3,92,95
Pyke,87,5,92
Patriek,89,3,92
Pavan,90,3,93
Petula,0,91,91
Paméla,0,90,90
Pepper,22,68,90
Perihan,0,90,90
Philibert,89,3,92
Pei,12,77,89
Petar,89,0,89
Phelomena,13,75,88
Petter,86,3,89
Phi,61,26,87
Poul,87,0,87
Philo,43,43,86
Pheline,0,85,85
Pièrre,82,3,85
Paule,3,80,83
Phelomina,3,79,82
Petros,78,3,81
Princess,0,82,82
Phéline,0,81,81
Pieterjan,81,0,81
Priscella,0,81,81
Palmyra,5,75,80
Pem,5,75,80
Perre,75,3,78
Piërre,76,3,79
Philipe,72,5,77
Prina,0,77,77
Parsa,75,3,78
Prithvi,58,18,76
Palmyre,12,63,75
Pauliena,3,74,77
Philipine,3,74,77
Prakash,74,3,77
Parisa,0,74,74
Pixie,0,74,74
Peppe,54,19,73
Pauwelina,3,71,74
Pleunis,71,3,74
Phine,3,70,73
Pytrik,27,44,71
Pandora,0,70,70
Phong,68,3,71
Pauli,23,46,69
Petronius,69,0,69
Philipina,0,69,69
Philomeen,9,60,69
Pasqual,63,5,68
Pel,63,3,66
Piroska,0,66,66
Purdy,3,64,67
Peta,3,64,67
Pieter-Paul,65,0,65
Priscillia,0,65,65
Peerke,62,3,65
Philibertus,64,0,64
Pierkje,0,64,64
Poppo,63,3,66
Plonie,0,63,63
Puja,3,62,65
Pacificus,59,3,62
Peke,56,6,62
Plien,0,62,62
Poonam,3,61,64
Parcival,58,3,61
Percival,60,3,63
Peyton,9,52,61
Pınar,3,60,63
Paschasia,3,59,62
Paskal,56,3,59
Paulin,28,32,60
Pep,58,3,61
Philène,0,59,59
Pouwelina,0,59,59
Palmira,0,58,58
Pasquinel,57,3,60
Pauwlina,0,57,57
Pieterina,0,57,57
Péronne,0,56,56
Ploontje,0,56,56
Purcy,55,3,58
Peng,49,6,55
Perez,41,14,55
Prudence,3,51,54
Panagiotis,54,0,54
Pluk,33,21,54
Pouwlina,0,54,54
Peije,52,3,55
Persad,53,0,53
Pie,39,14,53
Piety,0,53,53
Philia,0,52,52
Pierette,3,51,54
Pio,41,11,52
Prya,0,52,52
Petry,3,49,52
Phuc,46,5,51
Plony,3,50,53
Polycarpus,49,3,52
Pak,43,7,50
Pasqualle,8,42,50
Paulino,47,3,50
Pietrik,3,46,49
Preeti,0,50,50
Peronne,0,49,49
Pieteke,0,49,49
Pascha,10,38,48
Peterdina,3,47,50
Pharell,48,0,48
Piero,45,3,48
Pieters,41,6,47
Pleuna,0,47,47
Primo,44,3,47
Prins,41,6,47
Pawel,44,3,47
Peternel,3,42,45
Pakize,0,45,45
Pat,26,19,45
Payal,0,45,45
Penina,0,45,45
Pyter,45,0,45
Pascaline,3,43,46
Persijn,43,3,46
Pancho,42,3,45
Paschasius,43,0,43
Pascual,43,0,43
Pilou,7,36,43
Priska,0,43,43
Parvati,0,42,42
Paz,11,31,42
Piëtro,40,3,43
Praveen,37,5,42
Petran,39,3,42
Pharrel,41,0,41
Philein,3,37,40
Prem,37,3,40
Paşa,40,0,40
Pasha,34,6,40
Pau,26,14,40
Pelegrinus,40,0,40
Petr,40,0,40
Pit,28,12,40
Pitronella,0,40,40
Pacifica,3,36,39
Philips,38,3,41
Pons,38,3,41
Pattrick,38,0,38
Petina,0,38,38
Phillipe,34,3,37
Pouline,0,38,38
Prisilla,0,38,38
Perle,3,35,38
Placida,3,36,39
Polina,0,37,37
Pascall,21,15,36
Philomenus,36,0,36
Pravesh,36,0,36
Petrine,0,35,35
Piene,0,35,35
Pierius,35,0,35
Pola,3,31,34
Prudentius,33,3,36
Patrizio,32,3,35
Pepyn,34,0,34
Phillippe,34,0,34
Phillipus,33,3,36
Pina,0,34,34
Pope,34,0,34
Preet,14,20,34
Priskilla,0,34,34
Paules,31,3,34
Peder,33,0,33
Pety,3,32,35
Piëta,0,33,33
Pieterszoon,33,0,33
Pravin,32,3,35
Pythia,0,33,33
Patou,3,29,32
Pellina,0,32,32
Perrine,0,32,32
Petek,0,32,32
Petrosina,0,32,32
Petruschka,0,32,32
Pharaïlda,3,31,34
Phu,31,3,34
Palle,31,0,31
Parcifal,30,3,33
Pauly,12,19,31
Pembe,0,31,31
Penélope,0,31,31
Perrin,28,3,31
Petera,0,31,31
Petrouschka,0,31,31
Pico,29,3,32
Pippe,7,24,31
Pippijn,24,7,31
Pirmin,31,0,31
Ploon,9,22,31
Peggie,3,28,31
Peri,0,30,30
Pernelle,3,29,32
Pharailde,3,27,30
Phiene,0,30,30
Ploni,0,30,30
Pricella,0,30,30
Pal,29,0,29
Pals,28,3,31
Pereira,15,14,29
Pervin,3,28,31
Petrenella,0,29,29
Petricia,0,29,29
Philipa,0,29,29
Phillippus,29,0,29
Pierrot,28,3,31
Pietie,3,28,31
Preshant,29,0,29
Prissilla,0,29,29
Pál,28,0,28
Palma,3,25,28
Pantaleon,25,3,28
Paschalia,0,28,28
Pauletta,3,27,30
Phill,22,6,28
Phuoc,26,3,29
Poodja,0,28,28
Pria,0,28,28
Pyt,25,3,28
Parvesh,27,0,27
Paulientje,0,27,27
Pearly,3,25,28
Peeter,27,0,27
Perkash,27,0,27
Pharailda,3,25,28
Philippes,27,0,27
Phillis,3,25,28
Preben,27,0,27
Preety,0,27,27
Priscila,0,27,27
Prithviraj,27,0,27
Pasqualina,0,26,26
Peike,20,6,26
Petie,8,18,26
Phébe,0,26,26
Phyline,0,26,26
Pierce,26,0,26
Piers,26,0,26
Pipp,3,24,27
Prospère,25,3,28
Paultje,22,3,25
Pernette,0,25,25
Péter,25,0,25
Peter-Alexander,25,0,25
Philicia,0,25,25
Purnima,3,24,27
Paresh,24,0,24
Patsy,0,24,24
Pedram,24,0,24
Petronette,0,24,24
Philly,8,16,24
Pieteronella,0,24,24
Pleuny,0,24,24
Prientje,0,24,24
Prisha,3,23,26
Pabe,23,0,23
Pallas,3,22,25
Palmer,22,3,25
Pauw,21,3,24
Pépin,22,3,25
Peteronella,0,23,23
Petronela,3,22,25
Phan,13,10,23
Philothea,0,23,23
Piet-Jan,23,0,23
Pommelien,0,23,23
Priscilia,0,23,23
Pum,10,13,23
Putu,9,14,23
Paschal,17,5,22
Pawankumar,22,0,22
Périne,0,22,22
Permata,3,20,23
Peterszoon,22,0,22
Philemina,3,19,22
Phlox,3,20,23
Phocas,22,0,22
Phung,6,16,22
Pin,14,8,22
Pippilotta,0,22,22
Pippin,14,8,22
Plonius,22,0,22
Predrag,22,0,22
Prewien,21,3,24
Prija,0,22,22
Pauke,3,17,20
Pavle,21,0,21
Payton,5,16,21
Peterjan,20,3,23
Petria,3,20,23
Petty,3,20,23
Pharaïlde,3,18,21
Phelan,21,0,21
Philien,0,21,21
Philiene,0,21,21
Philomine,3,18,21
Philon,18,3,21
Piera,0,21,21
Pink,0,21,21
Placidus,19,3,22
Pong,21,0,21
Praxedes,3,17,20
Parmis,0,20,20
Pascasius,20,0,20
Patries,3,16,19
Patti,0,20,20
Paulie,5,15,20
Pavankumar,20,0,20
Pavlos,20,0,20
Paweł,20,0,20
Pele,17,3,20
Perijn,19,3,22
Pham,14,6,20
Pierina,3,19,22
Pieternelly,0,20,20
Pietra,0,20,20
Pommeline,0,20,20
Poula,0,20,20
Prekash,20,0,20
Primus,20,0,20
Paisley,5,14,19
Pallavi,0,19,19
Pao,9,10,19
Pascalina,0,19,19
Patrieck,18,3,21
Patryk,19,0,19
Pea,0,19,19
Pépé,15,3,18
Pepeyn,19,0,19
Peters,17,3,20
Philippien,0,19,19
Pieter-Willem,19,0,19
Pitou,3,16,19
Pjotter,19,0,19
Priti,0,19,19
Pelagie,0,18,18
Peternelle,0,18,18
Petrick,18,0,18
Petronille,0,18,18
Phineas,18,0,18
Piëtra,0,18,18
Pradeep,17,3,20
Prashand,18,0,18
Pushpa,0,18,18
Padmini,0,17,17
Pang,15,3,18
Paolina,0,17,17
Parish,10,7,17
Parmanand,17,0,17
Parvez,12,5,17
Paulona,0,17,17
Peeke,16,3,19
Peel,17,0,17
Pepito,17,0,17
Pernel,7,10,17
Phila,0,17,17
Photina,3,16,19
Pierino,16,3,19
Pierke,3,13,16
Polonia,0,17,17
Polycarpa,0,17,17
Polydorus,17,0,17
Pratama,16,3,19
Prema,3,14,17
Premila,0,17,17
Pusat,17,0,17
Pasja,3,14,17
Passchier,16,0,16
Peep,12,3,15
Pekka,15,3,18
Pepeduwa,0,16,16
Pepeijn,16,0,16
Petroesjka,0,16,16
Petroeska,3,15,18
Petronilia,0,16,16
Petrouska,0,16,16
Phat,15,3,18
Philip-Jan,16,0,16
Philipien,0,16,16
Philoméne,3,15,18
Philomon,14,3,17
Pietrikje,0,16,16
Pietrix,0,16,16
Pouw,16,0,16
Pravish,16,0,16
Prempeh,11,5,16
Presilla,0,16,16
Padraig,15,0,15
Pako,15,0,15
Panday,15,0,15
Pank,14,3,17
Paraskevi,3,14,17
Pedra,0,15,15
Penney,0,15,15
Percey,14,3,17
Pernell,12,3,15
Peti,3,14,17
Petrik,14,3,17
Philemena,3,12,15
Piete,3,12,15
Pike,14,3,17
Pino,13,3,16
Pitt,14,3,17
Polo,15,0,15
Portia,0,15,15
Poulien,0,15,15
Pranay,15,0,15
Prasant,15,0,15
Pratima,0,15,15
Premanand,15,0,15
Premnath,15,0,15
Prewish,15,0,15
Pricillia,0,15,15
Princes,0,15,15
Paavo,14,0,14
Paquita,0,14,14
Parrish,10,3,13
Pars,14,0,14
Parsifal,14,0,14
Patricus,13,3,16
Payam,14,0,14
Pema,3,11,14
Peppin,13,3,16
Perrie,12,3,15
Persephone,0,14,14
Perveen,0,14,14
Petru,14,0,14
Philene,0,14,14
Philepine,0,14,14
Pieterbas,14,0,14
Pietertien,0,14,14
Pietrina,0,14,14
Pinchas,14,0,14
Pinto,8,6,14
Piroschka,0,14,14
Poku,11,3,14
Policarpus,14,0,14
Ponimin,14,0,14
Pontianus,14,0,14
Pratiksha,0,14,14
Prawesh,14,0,14
Pacha,5,8,13
Pardis,3,11,14
Parwin,3,11,14
Patience,0,13,13
Paulisca,0,13,13
Percilla,0,13,13
Perlita,0,13,13
Perr,13,0,13
Persis,0,13,13
Petre,8,5,13
Petrit,13,0,13
Petrouchka,0,13,13
Phia,3,12,15
Phien,3,12,15
Phillipina,0,13,13
Phillippina,0,13,13
Philomea,3,12,15
Phulps,13,0,13
Phyleine,0,13,13
Phyllicia,0,13,13
Piedro,12,3,15
Pieter-Jelle,13,0,13
Pieterika,0,13,13
Pieternelis,13,0,13
Pipa,3,12,15
Poedja,0,13,13
Pollux,11,3,14
Ponijem,0,13,13
Poppelina,0,13,13
Poppie,0,13,13
Pouya,13,0,13
Pranav,13,0,13
Premchand,13,0,13
Prescious,0,13,13
Prim,9,3,12
Pritika,0,13,13
Promise,5,8,13
Puc,10,3,13
Pudja,0,13,13
Pup,0,13,13
Palmiro,12,0,12
Panagiota,3,11,14
Parbatie,0,12,12
Parisha,0,12,12
Pascala,0,12,12
Paul-Peter,12,0,12
Paulet,0,12,12
Pauwlus,11,3,14
Pelgrom,12,0,12
Pepino,12,0,12
Perdita,0,12,12
Peterine,0,12,12
Peterson,12,0,12
Petronelis,12,0,12
Petronellus,12,0,12
Petrovna,0,12,12
Phae,0,12,12
Phileas,11,3,14
Philiberta,3,11,14
Philibertha,0,12,12
Philippijntje,0,12,12
Philippos,12,0,12
Philomèna,6,6,12
Philomijn,0,12,12
Pibbe,0,12,12
Pieterman,12,0,12
Pieternellie,0,12,12
Pimme,3,11,14
Pleundert,12,0,12
Poi,0,12,12
Pollie,3,11,14
Pontus,12,0,12
Praise,3,8,11
Prevesh,12,0,12
Prewesh,12,0,12
Prospero,12,0,12
Purcell,12,0,12
Pai,8,3,11
Paimin,11,0,11
Pairin,10,3,13
Paiva,3,7,10
Pallieter,11,0,11
Palmera,0,11,11
Pamir,11,0,11
Pammela,0,11,11
Parmida,0,11,11
Parvatie,0,11,11
Parwatie,3,10,13
Parwien,5,6,11
Pascalia,0,11,11
Pascalla,0,11,11
Pascalus,11,0,11
Patrix,9,3,12
Patriz,9,3,12
Patrycja,0,11,11
Paxton,6,5,11
Payel,0,11,11
Payman,10,3,13
Pebe,10,3,13
Pedrito,11,0,11
Peijen,11,0,11
Pelgrim,11,0,11
Peppino,11,0,11
Perigault,3,7,10
Perine,0,11,11
Pero,11,0,11
Peterlina,0,11,11
Petrov,11,0,11
Petrusa,0,11,11
Phaidra,0,11,11
Pharilda,3,10,13
Phemia,0,11,11
Philippo,11,0,11
Phylomena,0,11,11
Piak,10,3,13
Piek,3,9,12
Pierro,9,3,12
Pik,0,11,11
Pitrik,9,3,12
Pity,0,11,11
PJM,9,3,12
Placido,11,0,11
Popkjen,0,11,11
Prachand,11,0,11
Praxedis,3,10,13
Precella,0,11,11
Precillia,3,10,13
Prescillia,0,11,11
Pride,9,3,12
Paayal,0,10,10
Paiman,9,3,12
Painem,0,10,10
Panda,3,9,12
Paolino,9,3,12
Parbha,0,10,10
Pareshma,0,10,10
Parvin,6,3,9
Parween,0,10,10
Pascuala,3,9,12
Peace,3,8,11
Pegah,0,10,10
Pella,0,10,10
Pèpe,10,0,10
Pepi,3,7,10
Peprah,6,3,9
Petijn,10,0,10
Petja,8,3,11
Petrea,0,10,10
Petrissa,0,10,10
Petruska,0,10,10
Phillon,10,0,10
Phillou,0,10,10
Philomenia,0,10,10
Piérre,10,0,10
Pietersz,10,0,10
Piethein,10,0,10
Pietrenella,0,10,10
Pijtje,0,10,10
Pilke,0,10,10
Pinou,0,10,10
Pipijn,6,3,9
Piternella,0,10,10
Placide,5,5,10
Poncio,10,0,10
Poniran,10,0,10
Pouliena,0,10,10
Preciosa,0,10,10
Preveen,7,3,10
Primrose,3,9,12
Princilla,0,10,10
Pritvi,6,3,9
Priyanta,0,10,10
Priyasha,0,10,10
Pacifico,8,3,11
PAM,5,3,8
Pamella,0,9,9
Pan,6,3,9
Panayotis,9,0,9
Paraska,3,8,11
Pardeep,7,3,10
Parkash,9,0,9
Parla,0,9,9
Parris,6,3,9
Paschala,0,9,9
Paschalina,0,9,9
Pathak,5,3,8
Patik,7,3,10
Patrick-John,9,0,9
Paul-Jan,9,0,9
Paulena,0,9,9
Pawankoemar,9,0,9
Peggy-Sue,0,9,9
Pelé,8,3,11
Peninna,0,9,9
Percijn,9,0,9
Peres,6,3,9
Peros,9,0,9
Petronnella,0,9,9
Pheadra,0,9,9
Phedra,0,9,9
Philline,0,9,9
Phillipa,0,9,9
Philomien,3,6,9
Philomijna,0,9,9
Philopina,3,8,11
Phoeby,0,9,9
Phylène,0,9,9
Phyllisia,0,9,9
Piea,0,9,9
Pieter-Jaap,9,0,9
Pietrick,5,3,8
Pjottr,9,0,9
Polleke,3,7,10
Polydore,6,3,9
Pomeline,0,9,9
Prawien,9,0,9
Preshand,9,0,9
Primitiva,0,9,9
Priyadarshini,0,9,9
Priyanshu,9,0,9
Priyesh,9,0,9
Prudencio,9,0,9
Pudentiana,0,9,9
Pulcheria,0,9,9
Pytrick,3,5,8
Pacey,6,3,9
Pacino,7,3,10
Padmawatie,0,8,8
Padraic,8,0,8
Pádraig,8,0,8
Page,0,8,8
Paikea,3,6,9
Palko,8,0,8
Palmire,3,7,10
Panchita,0,8,8
Pander,3,5,8
Panja,0,8,8
Pantelis,8,0,8
Paras,6,3,9
Parham,8,0,8
Paridon,8,0,8
Parulian,8,0,8
Parwesh,8,0,8
Pary,3,6,9
Pascoal,8,0,8
Patria,3,6,9
Paulijn,3,7,10
Paulinho,8,0,8
Pavlovich,8,0,8
Peek,7,3,10
Pelpina,0,8,8
Peppijn,8,0,8
Pera,3,7,10
Perina,0,8,8
Perryn,8,0,8
Petersdochter,0,8,8
Petronelli,0,8,8
Peyman,7,3,10
Phelien,0,8,8
Philippinus,8,0,8
Phillippa,0,8,8
Pieneke,0,8,8
Pieter-Christiaan,8,0,8
Pieternell,0,8,8
Pietersina,0,8,8
Pietjan,8,0,8
Pietranella,0,8,8
Pietronel,3,7,10
Pietta,0,8,8
Pippie,0,8,8
Pires,5,3,8
Pitty,0,8,8
Placidia,0,8,8
Poernima,0,8,8
Poetra,8,0,8
Polke,6,3,9
Pomm,0,8,8
Pomona,0,8,8
Poniman,8,0,8
Pooi,3,3,6
Porfirio,8,0,8
Pouwels,8,0,8
Pranita,0,8,8
Prasand,8,0,8
Prashanti,0,8,8
Prima,0,8,8
Prisco,8,0,8
Priscus,8,0,8
Prisella,0,8,8
Priyant,8,0,8
Prudencia,0,8,8
Prue,0,8,8
Puella,0,8,8
Pux,3,6,9
Pacella,0,7,7
Pagan,3,6,9
Pairan,7,0,7
Palina,0,7,7
Pammy,3,6,9
Pamuk,0,7,7
Panajotis,7,0,7
Pancrasius,7,0,7
Pancratio,3,3,6
Paoline,0,7,7
Paradis,3,6,9
Paramitha,0,7,7
Pares,7,0,7
Parmila,0,7,7
Parminder,3,6,9
Paro,0,7,7
Parwish,7,0,7
Patrisia,0,7,7
Paulinka,0,7,7
Pavankoemar,7,0,7
Pavlina,0,7,7
Pearson,7,0,7
Peekje,0,7,7
Peeltje,0,7,7
Peggy-Jane,0,7,7
Pek,3,3,6
Pelaja,3,3,6
Pelda,0,7,7
Pelegrina,0,7,7
Penehas,7,0,7
Peregrijn,7,0,7
Perkin,7,0,7
Persia,3,6,9
Perwien,5,3,8
Petey,3,6,9
Petrona,0,7,7
Petronelly,0,7,7
Peye,7,0,7
Phelipe,7,0,7
Philan,7,0,7
Philana,0,7,7
Philar,0,7,7
Phili,3,6,9
Philida,0,7,7
Philipbertus,6,3,9
Philma,0,7,7
Philomeine,0,7,7
Philomela,0,7,7
Philoména,3,6,9
Philotheus,7,0,7
Phoei,3,6,9
Phylis,3,6,9
Phyllen,7,0,7
Piëntia,0,7,7
Pierkjen,0,7,7
Pieronne,0,7,7
Pierra,0,7,7
Pierretta,3,6,9
Pieter-Bastiaan,7,0,7
Pieter-Dirk,7,0,7
Pieterdinus,7,0,7
Pieternelletje,0,7,7
Pijbe,7,0,7
Pimmetje,3,5,8
Pine,0,7,7
Pipi,0,7,7
Pippinus,7,0,7
Pir,7,0,7
Pjer,7,0,7
Plamedi,0,7,7
Plym,3,3,6
Poetri,0,7,7
Pokua,0,7,7
Pokuaa,0,7,7
Pollyanna,0,7,7
Polydoor,7,0,7
Polydor,6,3,9
Ponirah,0,7,7
Porsche,3,3,6
Post,7,0,7
Poulinus,7,0,7
Prabhakar,7,0,7
Prabhjot,3,3,6
Prana,3,6,9
Prathima,0,7,7
Prawish,6,3,9
Precilia,0,7,7
Premkumar,7,0,7
Priscille,0,7,7
Pritesh,7,0,7
Prunella,0,7,7
Pryanka,0,7,7
Puteri,0,7,7
Paalhara,0,6,6
Pabus,6,0,6
Pacco,6,0,6
Pacifique,0,6,6
Padma,0,6,6
Paini,0,6,6
Palau,3,3,6
Paludana,0,6,6
Panc,6,0,6
Pantaleona,0,6,6
Panthera,0,6,6
Papatya,0,6,6
Papillon,5,3,8
Paquito,6,0,6
Parbhawatie,0,6,6
Parinaz,0,6,6
Parlan,6,0,6
Parry,3,3,6
Partini,3,5,8
Parvish,6,0,6
Parviz,6,0,6
Paschalus,5,3,8
Paschina,0,6,6
Pasqua,3,3,6
Pasqualino,6,0,6
Patericus,6,0,6
Paterna,0,6,6
Patroclus,6,0,6
Patrycia,0,6,6
Paul-Henri,6,0,6
Paulinda,0,6,6
Paulines,6,0,6
Paulita,0,6,6
Paulos,6,0,6
Paulyne,0,6,6
Pauola,0,6,6
Pavly,6,0,6
Pebbels,0,6,6
Pebble,0,6,6
Pee,3,3,6
Peggij,0,6,6
Peijke,6,0,6
Peinina,0,6,6
Pelline,0,6,6
Pempe,0,6,6
Percell,6,0,6
Perk,3,3,6
Perly,3,3,6
Peter-Hans,6,0,6
Peterika,0,6,6
Peterpaul,6,0,6
Petertjen,0,6,6
Petrianne,0,6,6
Petronelus,6,0,6
Petronetta,0,6,6
Phara,0,6,6
Pharaildis,3,3,6
Pharaïldus,6,0,6
Pherenike,0,6,6
Phie,0,6,6
Philaine,0,6,6
Philbert,6,0,6
Philemond,3,3,6
Philhelmina,3,5,8
Phillipine,0,6,6
Philomaine,3,5,8
Philomêne,0,6,6
Phily,3,5,8
Piedad,0,6,6
Piekina,0,6,6
Pierrine,0,6,6
Pieter-Geert,6,0,6
Pieter-Henk,6,0,6
Pieter-jan,5,3,8
Pieterdine,0,6,6
Pieterse,6,0,6
Pietha,0,6,6
Piether,6,0,6
Pimm,3,3,6
Pirosca,0,6,6
Piya,3,5,8
Plamedie,3,5,8
Plantina,0,6,6
Plato,6,0,6
Plechelmi,0,6,6
Pleunus,6,0,6
Ploy,0,6,6
Pluis,0,6,6
Pollena,0,6,6
Pollina,0,6,6
Polona,0,6,6
Ponidjem,0,6,6
Ponikem,0,6,6
Ponirin,6,0,6
Poo,3,3,6
Pooya,3,3,6
Popco,6,0,6
Pôpe,6,0,6
Poppea,0,6,6
Poy,3,3,6
Pradana,6,0,6
Pradeepkumar,5,3,8
Prahlad,6,0,6
Praises,3,5,8
Pramila,0,6,6
Prasad,6,0,6
Praveena,0,6,6
Prawin,6,0,6
Prawira,5,3,8
Prechand,6,0,6
Preity,0,6,6
Pressilla,0,6,6
Prevish,6,0,6
Prewin,6,0,6
Prianka,0,6,6
Primnath,6,0,6
Princella,0,6,6
Princeton,5,3,8
Prinses,0,6,6
Pritam,6,0,6
Puma,3,3,6
Punar,3,5,8
Purcey,6,0,6
Purity,0,6,6
PWM,3,3,6
Pablito,5,0,5
Pacherin,0,5,5
Pacis,0,5,5
Padmé,0,5,5
Paggy,0,5,5
Pakiza,0,5,5
Pamphilia,0,5,5
Panajiota,0,5,5
Panajotta,0,5,5
Panayiotis,5,0,5
Panji,5,0,5
Panos,5,0,5
Pantea,0,5,5
Paramita,0,5,5
Parastoe,0,5,5
Parie,0,5,5
Parmin,3,3,6
Parnian,0,5,5
Parsaoran,5,0,5
Parvini,0,5,5
Parzival,5,0,5
Passion,3,3,6
Patchouly,0,5,5
Patil,3,3,6
Patimah,0,5,5
Patrica,0,5,5
Patrich,3,3,6
Paul-Willem,5,0,5
Paulieke,0,5,5
Pauliina,0,5,5
Pauljan,5,0,5
Pauwla,0,5,5
Pavane,3,3,6
Pay,3,3,6
PCM,3,3,6
Peach,0,5,5
Peaches,0,5,5
Pearce,5,0,5
Pearcy,3,3,6
Peddy,3,3,6
Peele,5,0,5
Peepke,0,5,5
Peete,3,3,6
Peggy-Ann,0,5,5
Pelus,5,0,5
Pemba,3,3,6
Pemm,0,5,5
Penèlope,0,5,5
Penn,3,3,6
Pennie,0,5,5
Pepa,0,5,5
Pepé,5,0,5
Pepieta,0,5,5
Pepina,0,5,5
Peppo,5,0,5
Perceval,5,0,5
Percyval,5,0,5
Pere,5,0,5
Peregrinus,5,0,5
Pérez,5,0,5
Pericles,5,0,5
Periklis,5,0,5
Permila,0,5,5
Perosina,0,5,5
Perrijn,5,0,5
Perseus,5,0,5
Pershia,0,5,5
Perwina,0,5,5
Peternelis,5,0,5
Peterse,5,0,5
Pethra,0,5,5
Petranel,0,5,5
Petranelle,0,5,5
Petriana,0,5,5
Petric,5,0,5
Petron,3,3,6
Pétronelle,0,5,5
Petrunella,0,5,5
Petrusia,0,5,5
Peyam,3,3,6
PGM,3,3,6
Phailin,0,5,5
Phak,5,0,5
Phanuel,3,3,6
Pharaïldis,3,3,6
Phelicia,0,5,5
Phidias,5,0,5
Philebertha,3,3,6
Philémon,5,0,5
Philemona,0,5,5
Philepina,0,5,5
Philimon,5,0,5
Philisanta,0,5,5
Phillipes,3,3,6
Phillipp,5,0,5
Phillippine,3,3,6
Philopater,5,0,5
Philyanne,3,3,6
Phinehas,5,0,5
Phocia,0,5,5
Phú,5,0,5
Phúc,3,3,6
Phulp,5,0,5
Phylein,0,5,5
Pica,3,3,6
Piëdro,5,0,5
Pientje,0,5,5
Pierpaolo,5,0,5
Pierre-Jean,3,3,6
Piéta,0,5,5
Pieter-Hendrik,5,0,5
Pieterdien,0,5,5
Pieterik,3,3,6
Pieternelleke,0,5,5
Pieterrina,0,5,5
Pietrino,5,0,5
Pietske,0,5,5
Piëtte,0,5,5
Pijdt,5,0,5
Pimmy,3,3,6
Piraye,0,5,5
Pirette,0,5,5
Pirjo,0,5,5
Pitter,5,0,5
Pjirkje,0,5,5
Planter,5,0,5
Pleunia,3,3,6
Po-Yee,0,5,5
Poeja,3,3,6
Polidor,5,0,5
Poline,0,5,5
Pollien,0,5,5
Polliena,0,5,5
Poncico,5,0,5
Poornima,0,5,5
Poppi,0,5,5
Porter,3,3,6
Poseidon,5,0,5
Poulowna,0,5,5
Pouwlus,5,0,5
Pouyan,5,0,5
Prabjot,3,3,6
Prachi,0,5,5
Pracilla,0,5,5
Prajesh,5,0,5
Pramoedya,5,0,5
Prasetyo,5,0,5
Prashanth,5,0,5
Pratap,5,0,5
Prathna,0,5,5
Pratik,5,0,5
Pratimadevi,0,5,5
Prayash,5,0,5
Preetika,0,5,5
Presella,0,5,5
Preshaan,5,0,5
Previen,5,0,5
Priantha,0,5,5
Pricilia,0,5,5
Pricsilla,0,5,5
Prieja,0,5,5
Priena,0,5,5
Prijntje,0,5,5
Princesa,0,5,5
Princesse,0,5,5
Prinz,5,0,5
Procula,0,5,5
Promedi,3,3,6
Provina,3,3,6
Pura,3,3,6
Purrel,3,3,6
Pushpanjali,0,5,5
Putera,5,0,5
Pyotr,5,0,5
Pytter,5,0,5
Paa,3,3,6
Pabla,3,3,6
Pacari,3,3,6
Pacelle,0,3,3
Pacheco,3,3,6
Pachelle,0,3,3
Paciana,0,3,3
Padme,0,3,3
Paidin,3,0,3
Paidjan,3,0,3
Paike,3,3,6
Pailin,0,3,3
Paimah,3,3,6
Painah,0,3,3
Painten,0,3,3
Paja,3,3,6
Pala,3,3,6
Palanjian,0,3,3
Palden,3,0,3
Palemon,3,0,3
Palermo,3,0,3
Palmijre,0,3,3
Pamelia,0,3,3
Pamina,0,3,3
Pamphilius,3,0,3
Panajiotis,3,0,3
Panayiota,0,3,3
Pancha,0,3,3
Pania,0,3,3
Paniz,0,3,3
Pankaj,3,0,3
Panter,3,3,6
Paóla,0,3,3
Papa,3,0,3
Pape,3,0,3
Papula,0,3,3
Para,3,0,3
Param,3,0,3
Paranka,0,3,3
Parbati,0,3,3
Pariksha,0,3,3
Parimin,3,0,3
Parisia,0,3,3
Parissa,0,3,3
Paritosh,3,0,3
Parlindungan,3,0,3
Parno,3,0,3
Parri,0,3,3
Parul,0,3,3
Parveena,0,3,3
Parvula,0,3,3
Pascanel,3,0,3
Paschel,3,3,6
Pasco,3,0,3
Pasoon,3,0,3
Pasquita,0,3,3
Pasqunel,3,0,3
Passira,0,3,3
Pathik,3,3,6
Patriche,3,3,6
Patrici,3,3,6
Patríck,3,0,3
Patrick-Jan,3,0,3
Patrickus,3,0,3
Patrico,3,0,3
Patriecia,0,3,3
Patrikus,3,0,3
Patroeska,0,3,3
Patryck,3,0,3
Patton,3,3,6
Paul-Alexander,3,0,3
Paul-Pieter,3,0,3
Paulan,3,3,6
Pauley,3,3,6
Paulia,0,3,3
Paulineke,0,3,3
Paulinie,0,3,3
Paulis,3,0,3
Paulito,3,0,3
Paullina,0,3,3
Paulyn,0,3,3
Pauweldina,0,3,3
Pauwke,3,3,6
Pauwline,0,3,3
Pavitra,0,3,3
Pavla,0,3,3
Peerk,0,3,3
Peeting,3,0,3
Peh,3,3,6
Peik,3,0,3
Pela,0,3,3
Pelagio,3,0,3
Pelagius,3,0,3
Pelangi,0,3,3
Pelina,0,3,3
Pelinsu,0,3,3
Pellin,0,3,3
Pendo,3,3,6
Peniel,3,3,6
Peninah,0,3,3
Pennina,0,3,3
Pepein,3,0,3
Pepien,0,3,3
Pepin,3,0,3
Peran,3,3,6
Perben,3,0,3
Perdiepkoemar,3,0,3
Perdina,0,3,3
Perera,3,3,6
Perisa,0,3,3
Perjan,3,3,6
Perpétua,0,3,3
Perpetuüs,3,0,3
Perpetuus,3,0,3
Pertev,3,3,6
Pertti,3,0,3
Peru,3,3,6
Pervez,3,3,6
Perwin,3,3,6
Peter-Johan,3,0,3
Peter-John,3,0,3
Peter-Willem,3,0,3
Peteres,3,0,3
Petha,0,3,3
Pètra,0,3,3
Petralien,0,3,3
Petras,3,3,6
Petrella,0,3,3
Petrice,0,3,3
Petroes,3,0,3
Petronia,0,3,3
Pétronille,0,3,3
Petrousjka,0,3,3
Petrovitch,3,0,3
Petrovitsj,3,0,3
Petterson,3,0,3
Peys,3,3,6
PFM,3,3,6
Phaeline,0,3,3
Pharoah,3,3,6
Phemie,0,3,3
Phenix,3,3,6
Phile,3,3,6
Philemondus,3,0,3
Philepien,0,3,3
Philian,3,0,3
Philie,3,3,6
Philijne,0,3,3
Phillepina,0,3,3
Phillepine,0,3,3
Phillys,3,3,6
Philomé,0,3,3
Philomeno,3,3,6
Philopatir,3,0,3
Philumena,0,3,3
Phinette,0,3,3
Phing,3,3,6
Phlynn,3,0,3
Phoebé,0,3,3
Phoelmatie,0,3,3
Photine,0,3,3
Phylene,0,3,3
Phylomeen,0,3,3
Phylon,3,0,3
Phynn,3,0,3
Pia-May,0,3,3
Pian,3,3,6
Piao,3,0,3
Picabo,0,3,3
Piconius,3,0,3
Pienke,0,3,3
Piere,3,0,3
Pierluigi,3,0,3
Pierogian,3,0,3
Pierré,3,0,3
Pierre-Louis,3,0,3
Pierre-Marie,3,3,6
Pieter-Bart,3,0,3
Pieter-Joost,3,0,3
Pieteriena,0,3,3
Pieti,0,3,3
Pietia,0,3,3
Pieto,3,3,6
Piètro,3,0,3
Piétro,3,0,3
Pietrus,3,0,3
Pigmalion,0,3,3
Pinella,3,3,6
Pippelien,0,3,3
Pippen,3,3,6
Pitha,0,3,3
Plamen,3,3,6
Platon,3,0,3
Plechelmia,0,3,3
Plechelmo,3,3,6
Plom,3,3,6
Pluck,0,3,3
Plume,0,3,3
Poeka,0,3,3
Poema,3,3,6
Poen,3,0,3
Poenam,0,3,3
Poey,0,3,3
Poeya,3,0,3
Poeyan,3,0,3
Pok,3,0,3
Pokuah,0,3,3
Poldi,3,3,6
Polien,0,3,3
Pollidor,3,0,3
Pompea,3,3,6
Pon,3,0,3
Ponciano,3,0,3
Poni,0,3,3
Ponidjo,3,0,3
Poon,3,3,6
Popal,3,3,6
Porscha,0,3,3
Poulona,0,3,3
Pouweline,0,3,3
Pouwlien,0,3,3
Pouwlona,0,3,3
Prabha,0,3,3
Prada,3,3,6
Pramesh,3,0,3
Pranesh,3,0,3
Prasanna,3,3,6
Prasetio,3,0,3
Prashan,3,0,3
Pratiwi,0,3,3
Praveenkumar,3,0,3
Preethi,0,3,3
Preethy,0,3,3
Premlata,0,3,3
Prerna,0,3,3
Prescella,0,3,3
Prescila,0,3,3
Prescilia,0,3,3
Preshan,3,0,3
Preshaya,0,3,3
Presly,3,3,6
Pretima,0,3,3
Pretty,0,3,3
Priety,0,3,3
Priscylla,0,3,3
Prissella,0,3,3
Prithika,0,3,3
Prithviradj,3,0,3
Prithvy,3,0,3
Pritish,3,0,3
Pritviraj,3,0,3
Priyadarshni,0,3,3
Priyadevi,0,3,3
Priyah,0,3,3
Priyanjali,0,3,3
Priyantha,3,3,6
Promesse,0,3,3
Prometheus,3,0,3
Prospèr,3,0,3
Prospere,3,3,6
Protus,3,0,3
Provino,3,0,3
Prudentiana,0,3,3
Pucky,0,3,3
Pui-Pui,0,3,3
Purcival,3,3,6
Purissima,0,3,3
Purl,3,3,6
Purnama,3,3,6
Purnell,3,0,3
Puspita,0,3,3
Puya,3,0,3
Pybe,3,0,3
Pym,0,3,3
Pyretta,0,3,3
Paarl,3,3,6
Pacelli,3,3,6
Pachella,0,3,3
Pachon,3,3,6
Padda,3,0,3
Padrick,3,0,3
Padrino,3,0,3
Paho,3,3,6
Paidi,3,0,3
Paidjo,3,0,3
Paik,3,0,3
Painie,0,3,3
Paivi,0,3,3
Paiwand,3,3,6
Pajam,3,0,3
Paka,3,3,6
Pake,3,0,3
Pakeeza,0,3,3
Paleologo,3,3,6
Palesa,0,3,3
Pali,3,0,3
Pallavie,0,3,3
Pally,3,0,3
Palmarius,3,0,3
Palmita,0,3,3
Palmyr,3,3,6
Palonia,0,3,3
Palske,0,3,3
Palvi,3,3,6
Palwasha,0,3,3
Pamilla,0,3,3
Pancracio,3,0,3
Pandelis,3,3,6
Pandu,3,3,6
Pane,3,3,6
Panna,0,3,3
Pano,3,0,3
Pans,3,3,6
Pantel,3,0,3
Panzo,3,3,6
Paol,3,0,3
Papaver,0,3,3
Papi,3,0,3
Paquerette,0,3,3
Pär,3,0,3
Paradise,0,3,3
Paradiso,0,3,3
Paramveer,3,0,3
Paraskeva,0,3,3
Pardes,3,0,3
Pardi,3,0,3
Parette,0,3,3
Paria,0,3,3
Paridi,3,0,3
Parikshat,3,0,3
Parineeti,0,3,3
Parinem,0,3,3
Parkas,3,0,3
Parma,0,3,3
Parmawatie,0,3,3
Parmeshwar,3,0,3
Parmi,3,3,6
Parosh,3,0,3
Parsad,3,0,3
Parsival,3,0,3
Parsram,3,0,3
Partap,3,0,3
Partima,0,3,3
Parto,0,3,3
Partogi,3,0,3
Parvaneh,0,3,3
Parwana,0,3,3
Parya,0,3,3
Pascàle,0,3,3
Pascalius,3,0,3
Pascasia,0,3,3
Pascelli,3,0,3
Paschazia,0,3,3
Pascoe,3,0,3
Paskalis,3,0,3
Paskalle,0,3,3
Pasqalle,0,3,3
Pasquala,0,3,3
Pasquenel,3,0,3
Passarella,3,0,3
Passchasius,3,0,3
Passos,3,0,3
Pastora,0,3,3
Pathuis,3,3,6
Pati,3,3,6
Patih,3,0,3
Patoune,0,3,3
Patricija,0,3,3
Pätrick,3,0,3
Patrick-Paul,3,0,3
Patricq,3,0,3
Patritia,0,3,3
Patry,3,3,6
Patshanti,3,3,6
Patsia,3,0,3
Patterson,3,3,6
Pattij,0,3,3
Pauël,3,0,3
Pauel,3,0,3
Pauk,3,3,6
Paul-Anthony,3,0,3
Paul-Christiaan,3,0,3
Paul-Robert,3,0,3
Paulianne,0,3,3
Paulida,0,3,3
Paulies,3,3,6
Paulinis,3,0,3
Pauliny,0,3,3
Paulique,0,3,3
Paulovna,0,3,3
Paulynn,0,3,3
Pauweline,0,3,3
Pauwels,3,0,3
Pauwlien,0,3,3
Pavèl,3,0,3
Pavlova,0,3,3
Pavlovna,0,3,3
Pawl,3,0,3
Paxx,3,0,3
Peardy,0,3,3
Pearle,0,3,3
Pearley,0,3,3
Peco,3,0,3
Pedronella,0,3,3
Peebe,3,0,3
Peet-Jan,3,0,3
Peggeline,0,3,3
Peggi,0,3,3
Pelagus,3,0,3
Pelham,3,0,3
Pelipus,3,0,3
Pellikaan,3,0,3
Pelly,3,3,6
Pèma,0,3,3
Pembegül,0,3,3
Pemberton,3,3,6
Pénélope,0,3,3
Penelopé,0,3,3
Penpe,0,3,3
Pèpè,3,0,3
Pépita,0,3,3
Peppa,0,3,3
Peppina,0,3,3
Peppy,3,3,6
Perah,3,3,6
Peregrina,0,3,3
Perenna,0,3,3
Perette,0,3,3
Périchon,3,0,3
Perikles,3,0,3
Perin,3,3,6
Perino,3,0,3
Perize,0,3,3
Perke,3,0,3
Permatasari,0,3,3
Pernila,0,3,3
Peron,3,3,6
Perri,3,0,3
Perris,3,3,6
Perséphoné,0,3,3
Pertap,3,0,3
Pertronella,0,3,3
Perwer,3,0,3
Perwesh,3,0,3
Pery,3,3,6
Peshawa,3,0,3
Pesia,3,0,3
Peter-Bart,3,0,3
Peter-Frank,3,0,3
Peter-Martijn,3,0,3
Peterline,0,3,3
Peternellie,0,3,3
Peternelly,0,3,3
Pether,3,0,3
Petia,0,3,3
Petjula,0,3,3
Pétra,0,3,3
Petraeus,3,3,6
Petrelle,0,3,3
Pétrie,0,3,3
Petriëlle,0,3,3
Petriena,0,3,3
Petroesja,0,3,3
Petronelia,0,3,3
Petronella-Maria,0,3,3
Petronellie,0,3,3
Petrova,0,3,3
Petrovich,3,0,3
Petrow,3,0,3
Petrowna,0,3,3
Petruscha,0,3,3
Pettrik,3,0,3
Petua,0,3,3
Petulia,0,3,3
Peu,3,3,6
Pewand,3,0,3
Pey,3,3,6
Phaffy,0,3,3
Phanuël,3,0,3
Pharaildes,3,3,6
Pharaldis,3,3,6
Phari,0,3,3
Pharilde,3,3,6
Pharis,3,0,3
Pharo,3,0,3
Phedon,3,0,3
Phelemina,0,3,3
Phélice,0,3,3
Phelomeen,0,3,3
Phelomine,3,3,6
Phemmy,0,3,3
Phen,3,3,6
Phenelope,0,3,3
Phenna,0,3,3
Pherenikè,0,3,3
Phiby,0,3,3
Philamon,3,0,3
Philebert,3,0,3
Philina,0,3,3
Philinio,3,0,3
Philipes,3,0,3
Philipijntje,0,3,3
Philippi,3,3,6
Philipsdochter,0,3,3
Phillan,3,0,3
Phille,3,3,6
Philleine,0,3,3
Phillicia,0,3,3
Philliphus,3,0,3
Phillips,3,0,3
Phillomena,3,3,6
Philmar,3,3,6
Philmon,3,0,3
Philomein,3,3,6
Philomeyn,0,3,3
Philoux,0,3,3
Philycia,0,3,3
Philyne,0,3,3
Phin,3,0,3
Phina,0,3,3
Phineke,0,3,3
Phireau,0,3,3
Phlip,3,0,3
Phloy,0,3,3
Phoebus,3,0,3
Phoi,0,3,3
Phos,3,0,3
Phui,3,3,6
Phumin,3,0,3
Phylisia,0,3,3
Phylissia,0,3,3
Phylos,3,0,3
Piadora,0,3,3
Piata,0,3,3
Picard,3,0,3
Pidi,3,3,6
Pié,0,3,3
Piebes,3,0,3
Piedade,3,3,6
Piem,3,3,6
Piena,0,3,3
Piërette,0,3,3
Piergiorgio,3,0,3
Piërino,3,0,3
Piërra,0,3,3
Pierre-Alain,3,0,3
Pierre-Paul,3,0,3
Pierre-Yves,3,0,3
Pierson,3,0,3
Piertsje,0,3,3
Piët,3,3,6
Pieter-Coen,3,0,3
Pieter-Harm,3,0,3
Pieter-Johan,3,3,6
Pieter-Johannes,3,0,3
Pieter-Martijn,3,0,3
Pietera,0,3,3
Pieterine,0,3,3
Pieterje,0,3,3
Pieterkje,0,3,3
Pieternela,0,3,3
Pieternella-Maria,0,3,3
Pieternelli,3,3,6
Pietre,3,3,6
Pietric,0,3,3
Pietricia,0,3,3
Pietso,3,0,3
Pija,0,3,3
Pika,3,3,6
Pimmada,0,3,3
Pimmie,3,3,6
Pinaman,0,3,3
Pinehas,3,0,3
Pinheiro,3,3,6
Pinky,0,3,3
Piny,0,3,3
Piper,0,3,3
Pipilotti,0,3,3
Pirke,3,0,3
Pirkko,0,3,3
Pirminius,3,0,3
Piruz,3,3,6
Piteke,0,3,3
Pito,3,3,6
Pitojo,3,0,3
Pitrosina,0,3,3
Pittronella,0,3,3
Pixel,3,3,6
Pixxie,0,3,3
Piyush,3,0,3
Pjor,3,0,3
Pjötr,3,0,3
Plaha,3,3,6
Plassi,3,0,3
Pleunine,0,3,3
PLM,3,0,3
Ploen,3,3,6
Plonis,3,0,3
Ploypailin,0,3,3
Poei,0,3,3
Poem,3,3,6
Poh,3,3,6
Policarpo,3,0,3
Pollo,3,0,3
Pollydore,3,0,3
Polownius,3,0,3
Polydora,0,3,3
Pomaah,0,3,3
Pommelie,0,3,3
Pompeo,3,0,3
Pompeus,3,0,3
Ponidjah,0,3,3
Ponisa,0,3,3
Pooh,3,3,6
Poojadevi,0,3,3
Pool,3,0,3
Poorvi,0,3,3
Popje,0,3,3
Popkedina,0,3,3
Popkina,0,3,3
Popkolina,0,3,3
Poppes,3,0,3
Popy,3,3,6
Postema,3,0,3
Poulie,3,3,6
Poulin,0,3,3
Poulis,3,0,3
Pourya,3,0,3
Pouwellina,0,3,3
Pouwles,3,0,3
Pouwliena,0,3,3
Prabath,3,0,3
Prabdeep,3,0,3
Prabhnoor,3,3,6
Pragya,0,3,3
Prajna,0,3,3
Prakasa,3,0,3
Pramiladevi,0,3,3
Pramod,3,0,3
Pranvera,0,3,3
Prarthana,0,3,3
Prasetya,3,0,3
Pratibha,0,3,3
Pratish,3,3,6
Pratisha,0,3,3
Praveer,3,0,3
Praveshkumar,3,0,3
Pravien,3,0,3
Pravir,3,0,3
Pravita,0,3,3
Praween,3,0,3
Prayan,3,0,3
Prayas,3,0,3
Precila,0,3,3
Prediepkoemar,3,0,3
Preemchand,3,0,3
Preetish,3,0,3
Prem-Kumar,3,0,3
Premesh,3,0,3
Prentice,3,3,6
Presila,0,3,3
Presilia,0,3,3
Preween,3,3,6
Priamo,3,0,3
Priccila,0,3,3
Priccilla,0,3,3
Price,3,3,6
Priija,0,3,3
Primas,3,0,3
Primchand,3,0,3
Principessa,0,3,3
Principia,0,3,3
Priscal,3,3,6
Prisciella,3,3,6
Priscilja,0,3,3
Prisila,0,3,3
Prisillia,0,3,3
Priskila,0,3,3
Prissila,0,3,3
Prithivi,3,3,6
Prithwi,3,0,3
Pritie,0,3,3
Prity,0,3,3
Priyadarshani,0,3,3
Priyal,0,3,3
Priyam,3,0,3
Priyanca,0,3,3
Priyani,0,3,3
Priyanshi,0,3,3
Priyanti,0,3,3
Prodige,3,0,3
Promedie,3,3,6
Prophet,3,0,3
Pros,3,3,6
Prospertus,3,0,3
Protasius,3,0,3
Pruedence,0,3,3
Prusha,0,3,3
Pryce,3,3,6
Przemysław,3,0,3
Pua,0,3,3
Pucina,0,3,3
Pujah,0,3,3
Pulchérie,0,3,3
Puneet,3,0,3
Pure,3,3,6
Puria,3,0,3
Purisima,0,3,3
Purley,0,3,3
Purnomo,3,0,3
Pursey,3,0,3
Pursy,3,0,3
Purushottam,3,0,3
Pushkin,3,0,3
Puspa,0,3,3
Pymm,0,3,3
Pyng,3,0,3
Pyr,3,0,3
Pytrix,0,3,3
Paajal,0,3,3
Paakow,3,0,3
Paan,3,3,6
Paapa,3,0,3
Paarbetie,0,3,3
Paauw,3,0,3
Paauwel,3,0,3
Paavan,3,0,3
Paay,3,3,6
Paayel,0,3,3
Pablos,3,0,3
Paca,0,3,3
Pacal,3,0,3
Pachalus,3,0,3
Pachara,3,3,6
Pachier,3,0,3
Pachonia,0,3,3
Paciano,3,0,3
Pacifera,0,3,3
Pacifia,0,3,3
Pacita,0,3,3
Pacome,3,0,3
Padde,3,0,3
Padminie,0,3,3
Padu,3,3,6
Paduana,0,3,3
Paetrick,3,0,3
Pahri,3,0,3
Paiam,3,0,3
Paidja,0,3,3
Paidjem,0,3,3
Paikem,0,3,3
Paikia,0,3,3
Paimo,3,0,3
Paimoen,3,0,3
Paira,3,3,6
Pait,3,3,6
Päivi,0,3,3
Paixao,3,3,6
PAJ,3,0,3
Pajem,0,3,3
Pakeezah,0,3,3
Pakorn,3,0,3
Paks,3,3,6
Palagia,0,3,3
Palak,0,3,3
Palenque,0,3,3
Palevi,3,3,6
Palick,3,0,3
Palkpreet,0,3,3
Pall,3,0,3
Páll,3,0,3
Palm,3,3,6
Palona,0,3,3
Palwinder,0,3,3
Pamala,0,3,3
Pambu,3,3,6
Pamely,0,3,3
Pammie,0,3,3
Pammy-Lee,0,3,3
Pamosik,3,0,3
Pamungkas,3,0,3
Panajota,0,3,3
Panajotisovna,0,3,3
Panashe,3,3,6
Panatda,0,3,3
Panay,0,3,3
Panca,0,3,3
Panck,3,3,6
Pancratias,3,3,6
Pandapotan,3,0,3
Pandit,3,0,3
Pandita,3,3,6
Pandóra,0,3,3
Pandorra,0,3,3
Pandra,3,3,6
Pandy,3,0,3
Panfilo,3,3,6
Pangihutan,3,0,3
Panina,0,3,3
Panithan,3,0,3
Pannonica,0,3,3
Panteleimon,3,0,3
Pantelina,0,3,3
Panthelemon,3,0,3
Panther,3,3,6
Panus,3,0,3
Panusunan,3,0,3
Panuwat,3,0,3
Panya,3,3,6
Panyin,3,3,6
Paöla,0,3,3
Paolin,3,3,6
Paoul,3,0,3
Papaya,3,0,3
Papijn,3,0,3
Papito,3,0,3
Paqui,0,3,3
Parambir,3,0,3
Paramjeet,3,0,3
Paramon,3,0,3
Parand,0,3,3
Parash,3,0,3
Paraskevas,3,0,3
Paraskewi,0,3,3
Paraskewoula,0,3,3
Parasmani,3,0,3
Parastou,0,3,3
Parastu,0,3,3
Paraya,3,0,3
Parbhoodat,3,0,3
Parco,3,0,3
Pardamean,3,0,3
Pardeepkumar,3,0,3
Pardie,3,0,3
Pardip,3,0,3
Pardo,0,3,3
Paré,3,3,6
Pareeksha,0,3,3
Pareshkumar,3,0,3
Paresnath,3,0,3
Parez,3,3,6
Parfait,3,0,3
Paride,3,0,3
Parijem,0,3,3
Parina,0,3,3
Parini,0,3,3
Páris,3,3,6
Parisch,3,3,6
Parisis,3,0,3
Pariya,0,3,3
Parman,3,0,3
Parmenas,3,0,3
Parmjit,3,0,3
Parmveer,3,0,3
Parmys,0,3,3
Parneet,0,3,3
Parnia,0,3,3
Parseh,3,3,6
Parshia,3,3,6
Parsia,3,0,3
Parsim,3,0,3
Parsinah,0,3,3
Parsoeram,3,0,3
Parteek,3,0,3
Parth,3,0,3
Partie,0,3,3
Partomo,3,0,3
Partrick,3,0,3
Parua,0,3,3
Parvane,0,3,3
Parvathi,0,3,3
Parveendevie,0,3,3
Parveshkumar,3,0,3
Parveshpersad,3,0,3
Parvinder,3,0,3
Parwane,0,3,3
Parwez,3,0,3
Parwine,0,3,3
Parwini,0,3,3
Parwiz,3,0,3
Paša,3,3,6
Pasai,3,0,3
Pasali,3,0,3
Pasar,3,0,3
Pascaal,3,3,6
Pascacius,3,0,3
Pascalien,0,3,3
Pascalles,3,0,3
Pascallis,3,0,3
Paschalle,0,3,3
Paschallus,3,0,3
Pascua,3,0,3
Pascualita,0,3,3
Pasensi,3,3,6
Pashton,3,0,3
Pasjenka,3,0,3
Paska,0,3,3
Paskie,3,0,3
Paskwala,0,3,3
Paso,3,0,3
Pasolini,3,0,3
Pasqal,3,0,3
Pasqualis,3,0,3
Pasquel,3,3,6
Pasquelino,3,0,3
Pasquelle,0,3,3
Pasquenell,3,0,3
Pasquina,0,3,3
Pasquinal,3,0,3
Pasquino,3,0,3
Passchasia,0,3,3
Pastel,0,3,3
Pastor,3,0,3
Patak,3,3,6
Patch,3,0,3
Patchen,0,3,3
Pate,3,0,3
Pateh,3,0,3
Paternus,3,0,3
Pathe,3,3,6
Pathman,3,0,3
Pathrick,3,0,3
Patient,3,3,6
Patienta,3,3,6
Patikh,3,0,3
Patina,0,3,3
Patja,0,3,3
Pato,3,0,3
Patouf,0,3,3
Patra,0,3,3
Patrani,0,3,3
Patrena,0,3,3
Patrichia,0,3,3
Patrícia,0,3,3
Pâtrick,3,0,3
Patrick-Alexander,3,0,3
Patrickovna,0,3,3
Patrickson,3,0,3
Patricya,0,3,3
Patrika,0,3,3
Patrike,3,0,3
Patrina,0,3,3
Patris,3,0,3
Patrisha,0,3,3
Patritius,3,0,3
Patrouschka,0,3,3
Patroushka,3,3,6
Patrouska,0,3,3
Patrucia,0,3,3
Patrus,3,0,3
Patruschka,0,3,3
Patsina,3,0,3
Patt,3,0,3
Pattiasina,3,3,6
Patwin,3,0,3
Paty,3,3,6
Pauck,3,0,3
Paul-André,3,0,3
Paul-Jaap,3,0,3
Paul-Jean,3,0,3
Paul-Joseph,3,0,3
Paul-Maarten,3,0,3
Paul-Martin,3,0,3
Paul-Matthijs,3,0,3
Paul-Michael,3,0,3
Paul-Simon,3,0,3
Paula-Maria,0,3,3
Pauldina,0,3,3
Paulé,3,3,6
Paulea,0,3,3
Paulene,0,3,3
Paulène,0,3,3
Pauleta,0,3,3
Pauliana,0,3,3
Paulicia,0,3,3
Paulienke,0,3,3
Paulij,3,0,3
Paulijne,0,3,3
Paulinca,0,3,3
Paulinde,0,3,3
Paulinha,0,3,3
Paulini,3,3,6
Paulinia,0,3,3
Pauliska,0,3,3
Paulize,0,3,3
Paulke,3,3,6
Paullette,0,3,3
Paullus,3,0,3
Paulmatius,3,0,3
Paulson,3,0,3
Paulszoon,3,0,3
Paulüs,3,0,3
Pauluszoon,3,0,3
Paunie,3,3,6
Pauolo,3,0,3
Pauta,3,0,3
Pauwa,3,3,6
Pauwles,3,0,3
Pauwlona,0,3,3
Pauwlowna,0,3,3
Paval,3,0,3
Pavani,3,3,6
Pavine,0,3,3
Pavli,0,3,3
Pavlovitch,3,0,3
Pavo,3,0,3
Paw,3,3,6
Pawanpreet,3,0,3
Pawelo,3,0,3
Pawen,3,0,3
Pawina,0,3,3
Pawlina,0,3,3
Paycan,3,0,3
Paykan,3,0,3
Payo,3,0,3
Payou,3,3,6
Payten,0,3,3
PCH,0,3,3
Peabo,3,0,3
Peadar,3,0,3
Peark,3,0,3
Pearla,0,3,3
Pearlina,0,3,3
Pearlita,0,3,3
Pebbe,3,3,6
Pebbel,0,3,3
Pecco,3,3,6
Pedrie,3,0,3
Pédro,3,0,3
Pèdro,3,0,3
Peeck,3,0,3
Peelina,0,3,3
Peetra,0,3,3
Peetres,3,0,3
Peetrus,3,0,3
Peety,0,3,3
Pega,3,3,6
Pegita,0,3,3
Pehr,3,0,3
Pehril,3,0,3
Peij,3,0,3
Peija,0,3,3
Peiwen,0,3,3
Pélagie,0,3,3
Pelascha,0,3,3
Pelita,0,3,3
Pellagia,0,3,3
Pelle-Pepijn,3,0,3
Pellegrijn,3,0,3
Pellegrino,3,0,3
Pellinore,3,0,3
Pelmientje,0,3,3
Pelo,3,3,6
Pelomina,3,3,6
Pelou,0,3,3
Peltina,0,3,3
PEM,0,3,3
Pemmy,0,3,3
Penda,0,3,3
Pendar,3,0,3
Penélopé,0,3,3
Penelopey,0,3,3
Penelopy,0,3,3
Penien,0,3,3
Penienna,0,3,3
Peninnah,0,3,3
Penja,3,0,3
Penk,3,3,6
Penka,0,3,3
Penuel,3,3,6
Penuels,0,3,3
Peony,0,3,3
Pépe,3,0,3
Pepica,0,3,3
Pepijne,0,3,3
Pèpin,3,0,3
Pepine,3,3,6
Peppi,3,3,6
Peppie,3,3,6
Pepsi,0,3,3
Pèr,3,0,3
Per-Olav,3,0,3
Pèra,0,3,3
Percella,0,3,3
Percita,0,3,3
Perdana,3,0,3
Perdieppersad,3,0,3
Peregrin,3,0,3
Peretta,0,3,3
Pereza,0,3,3
Pergl,3,3,6
Perinpathas,3,3,6
Peris,3,0,3
Perita,0,3,3
Perkas,3,0,3
Perl,3,0,3
Perlan,0,3,3
Perlette,0,3,3
Perlina,3,3,6
Perline,0,3,3
Perlo,3,0,3
Perlou,0,3,3
Perlyn,0,3,3
Permana,3,0,3
Permenas,3,0,3
Permilla,0,3,3
Permon,3,0,3
Peroe,3,3,6
Pérola,3,3,6
Perola,3,3,6
Perold,3,0,3
Péron,3,3,6
Perone,0,3,3
Peronnik,3,0,3
Perpetuo,3,3,6
Perquin,3,3,6
Perran,3,3,6
Perré,3,0,3
Perren,3,3,6
Perret,0,3,3
Perrez,3,0,3
Perrij,3,0,3
Persa,0,3,3
Persaud,3,3,6
Perseveranda,0,3,3
Pershant,3,0,3
Persida,0,3,3
Persie,3,0,3
Persival,3,0,3
Pertab,3,0,3
Pertama,3,3,6
Pertijn,3,0,3
Pertina,0,3,3
Pertiwi,0,3,3
Pertrus,3,0,3
Perwaz,3,3,6
Pesar,3,0,3
Péta,0,3,3
Petáhja,0,3,3
Pèter,3,0,3
Peter-André,3,0,3
Peter-Bas,3,0,3
Peter-Ben,3,0,3
Peter-Christiaan,3,0,3
Peter-Dirk,3,0,3
Peter-Erik,3,0,3
Peter-Ernst,3,0,3
Peter-Frans,3,0,3
Peter-Geert,3,0,3
Peter-Henk,3,0,3
Peter-jan,3,0,3
Peter-Jelle,3,0,3
Peter-Junior,3,0,3
Peter-Wim,3,0,3
Peteris,3,0,3
Peternell,3,3,6
Petero,3,0,3
Petersz,3,0,3
Pethe,3,0,3
Petine,0,3,3
Peting,3,0,3
Petit,3,3,6
Petje,3,0,3
Petko,3,0,3
Peto,3,0,3
Peton,3,0,3
Petra-Ellen,0,3,3
Petra-Nel,0,3,3
Petranilla,0,3,3
Petranne,0,3,3
Petreüs,3,0,3
Petrica,0,3,3
Pétrice,0,3,3
Petriene,0,3,3
Petrija,0,3,3
Petrike,0,3,3
Petrisca,0,3,3
Petriska,0,3,3
Petrix,3,3,6
Pétro,3,3,6
Petrojan,3,0,3
Petroline,0,3,3
Petrone,0,3,3
Petronell,0,3,3
Petronila,0,3,3
Petronillia,0,3,3
Petronnela,0,3,3
Pètros,3,0,3
Petrosian,0,3,3
Petroula,0,3,3
Petrouscha,0,3,3
Petroushka,0,3,3
Petroviceva,0,3,3
Petrowitsch,3,0,3
Petrucia,0,3,3
Petrula,0,3,3
Petrus-Adrianus,3,0,3
Petrus-Canisius,3,0,3
Petrus-Paulus,3,0,3
Petrushka,0,3,3
Petteri,3,0,3
Pettersson,3,0,3
Petti,0,3,3
Pettie,0,3,3
Pettrie,3,0,3
Pettry,3,3,6
Petuel,3,0,3
Petur,3,0,3
Petya,0,3,3
Peurcy,3,3,6
Pevril,3,0,3
Peyami,3,0,3
Peyronne,0,3,3
Peyvin,0,3,3
Pezan,3,0,3
Phaedre,0,3,3
Phaelynn,0,3,3
Phai,3,0,3
Phaisha,0,3,3
Phaitoonlek,0,3,3
Phallon,3,3,6
Pharahilda,0,3,3
Pharaïldes,0,3,3
Pharaildus,3,0,3
Pharao,3,0,3
Pharaoh,3,3,6
Phardou,0,3,3
Pharez,3,0,3
Pharida,0,3,3
Phariël,3,3,6
Pharmindra,3,0,3
Pharwin,3,0,3
Phaulina,0,3,3
Phawan,3,0,3
Phaye,0,3,3
Pheara,0,3,3
Pheasant,3,0,3
Pheben,0,3,3
Pheebe,0,3,3
Pheeby,0,3,3
Pheliciana,0,3,3
Pheliene,0,3,3
Phelin,3,0,3
Phelix,3,0,3
Phelomijn,0,3,3
Phelon,3,0,3
Phelopine,0,3,3
Phemea,0,3,3
Phemy,0,3,3
Phenina,0,3,3
Pheodora,0,3,3
Pherenice,0,3,3
Pherine,0,3,3
Pherique,0,3,3
Phero,3,0,3
Pherres,3,0,3
Phian,3,0,3
Phianne,0,3,3
Phibe,0,3,3
Phielbert,3,3,6
Phielibertus,3,0,3
Phieneke,0,3,3
Phienne,0,3,3
Philadelphus,3,0,3
Philamina,0,3,3
Philbertus,3,0,3
Philco,3,0,3
Phileberta,0,3,3
Philebertus,3,0,3
Phileen,0,3,3
Phileijne,0,3,3
Philemijn,0,3,3
Philemont,3,0,3
Philemound,3,3,6
Philena,0,3,3
Philéne,0,3,3
Phileyne,0,3,3
Philias,3,0,3
Philiberthe,0,3,3
Philicy,0,3,3
Philin,0,3,3
Philip-John,3,0,3
Philiphina,0,3,3
Philiphus,3,0,3
Philipinne,0,3,3
Philipo,3,0,3
Philipos,3,0,3
Philippé,3,0,3
Philippe-Hans,3,0,3
Philippetto,0,3,3
Philipphus,3,0,3
Philis,0,3,3
Philistiana,0,3,3
Phillapina,3,0,3
Phillemina,0,3,3
Philles,0,3,3
Phillippijntje,0,3,3
Phillisia,0,3,3
Philmène,0,3,3
Philoberta,0,3,3
Philomar,3,0,3
Philomée,0,3,3
Philomen,0,3,3
Philomiena,0,3,3
Philomijne,0,3,3
Philomond,3,3,6
Philotte,0,3,3
Philp,3,0,3
Philpina,0,3,3
Phimmada,0,3,3
Phinella,0,3,3
Phinley,3,0,3
Phino,0,3,3
Phinou,0,3,3
Phinus,3,0,3
Phiny,0,3,3
Phitchaya,3,3,6
Phiyada,0,3,3
Pho,0,3,3
Phocus,3,0,3
Phoebey,0,3,3
Phoelwatie,0,3,3
Phoem,3,0,3
Phoibe,0,3,3
Phokus,3,0,3
Phooja,0,3,3
Phoolan,0,3,3
Phoung,3,0,3
Phuóng,3,0,3
Phyan,0,3,3
Phylia,0,3,3
Phylina,0,3,3
Phyll,3,3,6
Phyllan,3,0,3
Phyllissia,0,3,3
Phylo,3,3,6
Phylou,0,3,3
Phyne,0,3,3
Phyre,0,3,3
Pianda,0,3,3
Picado,3,3,6
Picasso,3,0,3
Piccardo,3,0,3
Picus,3,0,3
Pië,3,3,6
Piebedina,0,3,3
Piebeth,0,3,3
Piëck,3,3,6
Pied,0,3,3
Piédro,3,0,3
Piëer,3,0,3
Pieereta,0,3,3
Pieéreta,0,3,3
Pief,3,0,3
Pieja,0,3,3
Pienella,0,3,3
Pienette,0,3,3
Pieng,0,3,3
Pientia,3,3,6
Pière,3,0,3
Piëre,3,0,3
Pieretta,0,3,3
Piergoelam,3,0,3
Pierijn,3,0,3
Pierine,0,3,3
Pierôt,3,3,6
Pierre-François,3,0,3
Pierret,0,3,3
Piërrette,0,3,3
Pierric,3,0,3
Pierrick,3,0,3
Pierriene,0,3,3
Pierrina,0,3,3
Pierronne,0,3,3
Pierrôt,3,0,3
Piet-Heyn,3,0,3
Pieter-Cornelis,3,0,3
Pieter-Dick,3,0,3
Pieter-Douwe,3,0,3
Pieter-Frank,3,0,3
Pieter-Gerard,3,0,3
Pieter-Gijs,3,0,3
Pieter-Job,3,0,3
Pieter-Jozef,3,0,3
Pieter-Mathijs,3,0,3
Pieter-Matthijs,3,0,3
Pieter-Olaf,3,0,3
Pieterdientje,0,3,3
Pieterelle,0,3,3
Pieterick,3,3,6
Pieterjanna,0,3,3
Pieterk,0,3,3
Pieterlina,0,3,3
Pieterline,0,3,3
Pieterneel,3,0,3
Pieternellus,3,0,3
Pieterson,3,0,3
Pietersz.,3,0,3
Pieterszn,3,0,3
Pietertina,0,3,3
Pietertjen,0,3,3
Pieterus,3,0,3
Pietina,0,3,3
Pietine,0,3,3
Pietronelle,0,3,3
Piets,0,3,3
Pietsia,0,3,3
Piëtta,0,3,3
Pihn,0,3,3
Pijk,3,0,3
Pijterke,0,3,3
Pilipus,3,0,3
Pillangó,0,3,3
Piloe,0,3,3
Pilter,3,0,3
Pimenta,0,3,3
Pimentel,3,0,3
Pimpernel,0,3,3
Pimpilalai,0,3,3
Pinamang,0,3,3
Pinel,0,3,3
Pinhal,3,3,6
Pinhas,3,0,3
Pinkel,3,3,6
Pinkernella,0,3,3
Pinkie,0,3,3
Pinthong,0,3,3
Pionetta,0,3,3
Piotra,3,3,6
Pipe,3,3,6
Pipine,0,3,3
Pipo,3,0,3
Pippelot,0,3,3
Pippijne,0,3,3
Pippilotte,0,3,3
Pippy,0,3,3
Piquero,3,0,3
Pirakas,3,0,3
Piran,3,3,6
Piranavan,3,0,3
Pirasanna,3,0,3
Pirasanth,3,0,3
Piraveen,3,0,3
Piravin,3,0,3
Piret,0,3,3
Pirijn,3,0,3
Pirita,0,3,3
Pirnaz,0,3,3
Pirola,0,3,3
Piron,3,3,6
Pirre,3,3,6
Pirza,0,3,3
Pisey,3,3,6
Pistis,3,3,6
Pitamber,3,0,3
Piter-Jan,3,0,3
Piter-Jelle,3,0,3
Piterina,0,3,3
Pitho,3,0,3
Piti,3,3,6
Pitie,3,3,6
Piu,0,3,3
Pixy,0,3,3
PJJ,3,3,6
PJT,3,3,6
Placita,0,3,3
Plamenov,3,0,3
Plamont,3,3,6
Plator,3,0,3
Player,3,0,3
Plechhelmus,3,0,3
Plegelma,0,3,3
Pleune,0,3,3
Pleunes,3,0,3
Pleunetta,0,3,3
Pleunieke,0,3,3
Pleuntsje,0,3,3
Plonette,0,3,3
Plonus,3,0,3
Poé,3,3,6
Poedjo,3,0,3
Poekelien,0,3,3
Poekie,3,3,6
Poême,0,3,3
Poeria,3,0,3
Poerna,0,3,3
Poernomo,3,0,3
Poetrie,0,3,3
Poetry,0,3,3
Polane,3,3,6
Polaris,3,0,3
Polasja,0,3,3
Poldek,3,0,3
Polia,0,3,3
Policarpa,0,3,3
Polichronis,3,0,3
Polidoor,3,0,3
Polidorus,3,0,3
Polijcarpa,0,3,3
Polijdor,3,0,3
Polijdorus,3,0,3
Polivios,3,0,3
Poll,3,0,3
Polla,0,3,3
Polline,0,3,3
Pollius,3,0,3
Polyxenos,3,0,3
Pomelien,0,3,3
Pommelijne,0,3,3
Pomogaiba,3,3,6
Ponam,0,3,3
Ponchai,3,0,3
Poncho,3,0,3
Ponciana,0,3,3
Pond,3,0,3
Ponidi,3,0,3
Ponilan,3,0,3
Ponimah,0,3,3
Ponnamperuma,3,0,3
Ponserello,3,0,3
Ponsina,0,3,3
Ponti,3,0,3
Pontiaan,3,0,3
Pontius,3,0,3
Poodjadebie,0,3,3
Pook,3,0,3
Poortman,3,0,3
Popeye,3,3,6
Popka,0,3,3
Popkeliena,0,3,3
Popkelina,0,3,3
Popkes,3,0,3
Poppaea,0,3,3
Poppedijn,0,3,3
Poppeia,0,3,3
Poppolina,0,3,3
Popta,3,0,3
Porcha,0,3,3
Porferia,0,3,3
Porfilio,3,0,3
Porfiria,0,3,3
Porphyrius,3,0,3
Porres,3,0,3
Portrait,3,0,3
Porzivaal,3,0,3
Pouel,3,0,3
Pouka,0,3,3
Pouliche,0,3,3
Poulo,3,0,3
Pourchez,0,3,3
Povl,3,0,3
Pow,0,3,3
Pra,3,0,3
Prabaharan,0,3,3
Prabhaat,3,0,3
Prabhadevie,0,3,3
Prabhas,3,0,3
Prabhat,3,0,3
Prabhav,3,0,3
Prabhawatie,0,3,3
Prabhjeet,3,0,3
Prabhmeet,3,0,3
Prabhveer,3,0,3
Prableen,0,3,3
Prabowo,3,0,3
Prachant,3,0,3
Pradeepkoemar,3,0,3
Pradhita,0,3,3
Pragna,0,3,3
Pragyanand,3,0,3
Prah,3,3,6
Praisegod,3,3,6
Prajit,3,0,3
Prajitno,3,0,3
Prakaash,3,0,3
Prakas,3,0,3
Prakasha,3,0,3
Prakoso,3,0,3
Pramana,3,3,6
Pramesti,0,3,3
Pramilla,0,3,3
Pramudita,3,0,3
Pramudya,3,0,3
Pran,3,0,3
Pranata,3,0,3
Pranavan,3,0,3
Pranavi,0,3,3
Pranaw,3,0,3
Pranish,3,0,3
Pranitha,0,3,3
Prarthna,0,3,3
Prasanth,3,0,3
Prasantkumar,3,0,3
Prasath,3,0,3
Prasert,3,3,6
Prashaant,3,0,3
Prashantkumar,3,0,3
Prasheeta,0,3,3
Prashna,0,3,3
Prastyan,3,3,6
Prataap,3,0,3
Prateeksha,0,3,3
Prateema,0,3,3
Pratham,3,0,3
Pratieksha,0,3,3
Pratigya,0,3,3
Pratomo,3,0,3
Pratush,3,0,3
Pravina,0,3,3
Prawina,0,3,3
Prawiro,3,0,3
Praxedus,3,0,3
Praya,0,3,3
Prayag,3,0,3
Prayesh,3,0,3
Prcello,3,0,3
Prebha,0,3,3
Precela,0,3,3
Precieux,3,0,3
Precious-Joy,0,3,3
Preciouse,0,3,3
Preem,3,0,3
Preerna,0,3,3
Preethwi,3,3,6
Preetvi,3,0,3
Preeya,0,3,3
Pregyaan,3,0,3
Preksha,0,3,3
Premawatie,0,3,3
Premchandre,3,0,3
Premika,0,3,3
Premiladevi,0,3,3
Premindrapersad,3,0,3
Premmiela,0,3,3
Premradj,3,0,3
Prenella,0,3,3
Prenish,3,0,3
Prenita,0,3,3
Presca,0,3,3
Prescil,3,0,3
Preshisham,3,3,6
Presillia,0,3,3
Pressella,0,3,3
Pressila,0,3,3
Pressilia,0,3,3
Presten,3,0,3
Pretaap,3,0,3
Pretischa,0,3,3
Preveenkoemar,3,0,3
Prevetina,0,3,3
Prévin,3,0,3
Previn,3,0,3
Previna,0,3,3
Preweesh,3,0,3
Prewina,0,3,3
Preya,0,3,3
Preyaas,3,0,3
Prianca,0,3,3
Prica,0,3,3
Pridady,0,3,3
Pridjai,3,0,3
Prietha,0,3,3
Priethwieradj,3,0,3
Prieya,0,3,3
Priijanka,0,3,3
Prijay,3,0,3
Prijono,3,0,3
Primanand,3,0,3
Primera,0,3,3
Primitive,3,0,3
Primkoemar,3,0,3
Primkumar,3,0,3
Primtjan,3,0,3
Primwatie,0,3,3
Princessa,0,3,3
Princia,0,3,3
Prinscilla,0,3,3
Prinsesa,0,3,3
Prinsessa,0,3,3
Prinshika,0,3,3
Prinsina,0,3,3
Prinso,3,0,3
Pris,3,3,6
Priscalla,3,3,6
Priscello,3,0,3
Priscillus,3,0,3
Prishana,0,3,3
Prisilia,0,3,3
Prissy,0,3,3
Priszilla,0,3,3
Pritha,0,3,3
Prithvie,3,0,3
Prithvikumar,3,0,3
Prithwie,3,3,6
Prithwiraj,3,0,3
Pritisha,0,3,3
Pritty,0,3,3
Priyadevie,0,3,3
Priyan,3,0,3
Priyanga,0,3,3
Priyangika,0,3,3
Priyanth,3,0,3
Priyantie,0,3,3
Priyanto,3,0,3
Priyash,3,0,3
Priyati,0,3,3
Priye,3,3,6
Priyel,3,0,3
Priyush,3,0,3
Prodencia,0,3,3
Prodigy,3,0,3
Prodromos,3,0,3
Proesha,0,3,3
Proetske,0,3,3
Promiss,3,3,6
Proos,3,0,3
Prosperina,0,3,3
Próspero,3,0,3
Prosperus,3,0,3
Protasia,0,3,3
Protea,0,3,3
Proud,3,3,6
Provvidenza,0,3,3
Prucella,0,3,3
Prudance,0,3,3
Pruim,0,3,3
Prully,0,3,3
Prunelle,0,3,3
Pryanca,0,3,3
Pryesh,3,0,3
Pryna,0,3,3
Psyche,0,3,3
Ptisam,0,3,3
Ptolemaeus,3,0,3
Ptolemy,3,0,3
Puay,3,3,6
Pub,0,3,3
Pudentia,0,3,3
Pudji,0,3,3
Pue,0,3,3
Pui-Ming,3,3,6
Pui-Shan,0,3,3
Pui-Yan,0,3,3
Pukk,0,3,3
Pulgar,3,3,6
Pulido,3,3,6
Pumarintara,0,3,3
Punggul,3,0,3
Punjab,3,3,6
Punk,3,3,6
Punya,3,3,6
Puran,3,0,3
Purdie,0,3,3
Purita,0,3,3
Purly,3,3,6
Purna,3,3,6
Purnall,3,0,3
Purnimadevi,0,3,3
Purple,0,3,3
Pursley,3,0,3
Purushottama,0,3,3
Purwanto,3,0,3
Pushkar,3,0,3
Pushpadevi,0,3,3
Pushpawatie,0,3,3
Puspitasari,0,3,3
Puthenpurail,3,3,6
Putranto,3,0,3
Putriana,0,3,3
Putrie,0,3,3
Putro,3,0,3
Putuh,3,3,6
Puy,0,3,3
Puyan,3,0,3
Pwint,0,3,3
Pya,0,3,3
Pyar,3,3,6
Pyare,3,0,3
Pycke,3,0,3
Pyk,3,3,6
Pyrenne,0,3,3
Pyrrha,0,3,3
Pyta,0,3,3
Pytha,0,3,3
Pythagoras,3,0,3
Pytje,0,3,3
Pytrich,0,3,3
Pytrisha,0,3,3
P'ei,3,0,3
P'in-Hsin,0,3,3
P'in-Jung,0,3,3
P'Reaux,0,3,3
P-Jay,0,3,3
Pa-biën,3,0,3
PAA,0,3,3
Paa-Kwasi,3,0,3
Paablo,3,0,3
Paah,0,3,3
Paaijal,0,3,3
Paaik,3,0,3
Paak,3,0,3
Paakweku,3,0,3
Paakwesi,3,0,3
Paalo,3,0,3
PAAM,3,0,3
Paandyar,0,3,3
Paanjai,0,3,3
Paape,3,0,3
Päär,3,0,3
Paarath,3,0,3
Paares,3,0,3
Paariesa,0,3,3
Paarvati,0,3,3
Paät,3,0,3
Paauven,3,0,3
Paauwl,3,0,3
Paauwla,0,3,3
Paavalan,3,0,3
Paawan,3,0,3
PAB,0,3,3
Paba,0,3,3
Pababi,3,0,3
Pabbles,0,3,3
Pabblo,3,0,3
Pabend,3,0,3
Pabhangkorn,3,0,3
Pabien,0,3,3
Pabietra,0,3,3
Pabin,0,3,3
Pabitre,3,0,3
Paboyo,3,0,3
Pabrito,3,0,3
Paby,3,0,3
Pac,3,0,3
Pac-lun,3,0,3
Pacafica,0,3,3
Pacalo,3,0,3
Paccominus,3,0,3
Pace,3,0,3
Pacefica,0,3,3
Pach,3,0,3
Pachal,3,0,3
Pachalis,3,0,3
Pacharaphon,3,0,3
Pachasius,3,0,3
Pachedu,3,0,3
Pachel,3,0,3
Pachelli,3,0,3
Pachelma,0,3,3
Pachetta,0,3,3
Pachino,3,0,3
Pacho,3,0,3
Pachomia,0,3,3
Pachomius,3,0,3
Pachowski,3,0,3
Paci,0,3,3
Pacian,3,0,3
Pacianus,3,0,3
Paciëlo,3,0,3
Paciênca,0,3,3
Pacificius,3,0,3
Pacifius,3,0,3
Pacila,0,3,3
Pacina,0,3,3
Pacinthya,0,3,3
Pacito,3,0,3
Pack,3,0,3
Packirisamy,3,0,3
Paco-John,3,0,3
Pacobia,0,3,3
Pacomea,0,3,3
Pacomia,0,3,3
Pacomius,3,0,3
Pacora,0,3,3
Pacqiu,3,0,3
Pacy,3,0,3
Padam,3,0,3
Padama,0,3,3
Padamjit,0,3,3
Padamleen,3,0,3
Padang,0,3,3
Padarath,3,0,3
Padassa,3,0,3
Paddel,3,0,3
Padden,3,0,3
Paddon,3,0,3
Padelís,3,0,3
Padhraic,3,0,3
Padhraich,3,0,3
Padideh,0,3,3
Padikie,0,3,3
Padil,3,0,3
Padisja,0,3,3
Paditey,3,0,3
Padmabhadra,0,3,3
Padmakumar,3,0,3
Padmalayadevi,0,3,3
Padmanaba,3,0,3
Padmapani,3,0,3
Padmavati,0,3,3
Padmawatti,0,3,3
Padminikumari,0,3,3
Padmore,3,0,3
Padon,3,0,3
Padou,3,0,3
Padouk,3,0,3
Pádráic,3,0,3
Padraigh,3,0,3
Padric,3,0,3
Padrice,0,3,3
Padrich,3,0,3
Padricia,0,3,3
Padrig,3,0,3
Padrik,3,0,3
Padrique,3,0,3
Padthawekhan,3,0,3
Padua,3,0,3
Paduanus,3,0,3
Paduina,0,3,3
Paduinus,3,0,3
Padungkeart,3,0,3
Padusi,0,3,3
Padvini,0,3,3
Paeden,3,0,3
Paèdmani,0,3,3
Paeke,3,0,3
Paela,0,3,3
Paemaan,0,3,3
Paen,3,0,3
Paenther,3,0,3
Paerel,0,3,3
Paerl,0,3,3
PAF,3,0,3
PAFM,0,3,3
Pagaen,0,3,3
Pagaise,3,0,3
Pagala,0,3,3
Pagalavan,3,0,3
Page-Oghosa,0,3,3
Paget,0,3,3
Paggi,3,0,3
Paggyta,0,3,3
Pagiel,0,3,3
Pagnaa,0,3,3
Pagolo,3,0,3
Pagona,0,3,3
Paguïel,3,0,3
Pagy,0,3,3
Pah,3,0,3
Pahalad,3,0,3
Pahco,3,0,3
Pahi,0,3,3
Pahlavi,3,0,3
Pahlevanian,3,0,3
Pahnu,3,0,3
Pahud,3,0,3
Pahuljot,3,0,3
Pahwankoemar,3,0,3
Pai-Jing,3,0,3
Pai-Lin,0,3,3
Pai-Zafierah,0,3,3
Paiaam,3,0,3
Paichar,3,0,3
Paidge,0,3,3
Paidie,3,0,3
Païdjah,3,0,3
Paidjah,0,3,3
Paiem,0,3,3
Paigely,0,3,3
Paighton,0,3,3
Paigianie,0,3,3
Paiitska,0,3,3
Paijal,0,3,3
Paika,0,3,3
Païkan,3,0,3
Paikan,3,0,3
Païkea,0,3,3
Paila,0,3,3
Pailak,3,0,3
Paimaan,3,0,3
Paimahu,3,0,3
Paimoh,3,0,3
Paingkeleyen,3,0,3
Paino,3,0,3
Paintsil,0,3,3
Païnum,0,3,3
Pairah,0,3,3
Pairoj,3,0,3
Pais,3,0,3
Paisah,0,3,3
Paisios,3,0,3
Païsios,3,0,3
Paisley-Maano,0,3,3
Paiso,3,0,3
Paissley,0,3,3
Paitacan,3,0,3
Paitly,0,3,3
Paitze,3,0,3
Pâivï,0,3,3
Païvï,0,3,3
Païvi,0,3,3
Päivikki,0,3,3
Päiviö,3,0,3
Paiwast,0,3,3
Paiwastoen,3,0,3
Paix,3,0,3
Paixão,3,0,3
Paiyal,0,3,3
Pajal,0,3,3
Pajetty,0,3,3
Pajk,3,0,3
Pajñána,0,3,3
Pajo,3,0,3
Pajosh,3,0,3
Pajungbarani,3,0,3
Pakaimook,0,3,3
Pakal,3,0,3
Pakamoele,3,0,3
Pakeeratha,0,3,3
Pakeerathan,3,0,3
Paki,0,3,3
Pakieza,0,3,3
Pakinee,0,3,3
Pakise,0,3,3
Pakon,0,3,3
Paksanie,0,3,3
Paktia,0,3,3
Paktin,3,0,3
Pakvo,3,0,3
Pakwhan,3,0,3
Pakyien,3,0,3
Pàl,3,0,3
Pál-Jan,3,0,3
Palabrica,0,3,3
Palaine,0,3,3
Palakpreet,0,3,3
Palamedes,3,0,3
Palas,0,3,3
Palassong,3,0,3
Palatinus,3,0,3
Palayah,0,3,3
Palco,3,0,3
Paleisa,0,3,3
Palen,3,0,3
Palencio,3,0,3
Palerma,0,3,3
Palewi,0,3,3
Pali-John,3,0,3
Palica,3,0,3
Palichat,0,3,3
Palicia,0,3,3
Paliek,3,0,3
Palien,0,3,3
Palijo,3,0,3
Palika,0,3,3
Palino,3,0,3
Palipu,3,0,3
Palisa,0,3,3
Palissander,3,0,3
Palita,0,3,3
Paliz,0,3,3
Palizza,0,3,3
Paljit,0,3,3
Paljor,3,0,3
Paljuš,3,0,3
Palk,0,3,3
Pallabi,0,3,3
Pallandt,3,0,3
Pallawi,0,3,3
Pallawie,0,3,3
Pallencio,3,0,3
Pallevi,0,3,3
Pallevie,0,3,3
Pallida,0,3,3
Pallie,3,0,3
Pallona,0,3,3
Pallvi,0,3,3
Palmaria,0,3,3
Palmarina,0,3,3
Palmay,0,3,3
Palmela,0,3,3
Palmenia,0,3,3
Palméra,0,3,3
Palmère,3,0,3
Palmeria,0,3,3
Palmerra,0,3,3
Palmeyra,0,3,3
Palmier,3,0,3
Palmiera,0,3,3
Palmina,0,3,3
Palmine,0,3,3
Palmir,0,3,3
Palmis,0,3,3
Palmo,0,3,3
Paloeka,0,3,3
Paloesjka,0,3,3
Paloewa,0,3,3
Palogos,3,0,3
Palorossa,3,0,3
Palotta,0,3,3
Palou,0,3,3
Palowna,0,3,3
Paltan,3,0,3
Palthe,3,0,3
Paltiel,3,0,3
Paltina,0,3,3
Palto,3,0,3
Palû,0,3,3
Palungan,3,0,3
Palwan,3,0,3
Palwisha,0,3,3
Palycia,0,3,3
Palyter,3,0,3
Pam-Brooke,3,0,3
Pamadu,3,0,3
Pamai,3,0,3
Pamalaurens,3,0,3
Pamana,0,3,3
Pamarta,3,0,3
Pamatang,3,0,3
Pambuk,0,3,3
Pamdora,0,3,3
Pamèla,0,3,3
Pamela-Cindy,0,3,3
Pamela-Gretchen,0,3,3
Pameladebie,0,3,3
Pamelay,0,3,3
Pameley,0,3,3
Pamélia,0,3,3
Pamelo,0,3,3
Pamérah,0,3,3
Pamfilia,0,3,3
Pamfilie,0,3,3
Pamiel,3,0,3
Pamilia,0,3,3
Pamilih,3,0,3
Pammeke,0,3,3
Pammeke-Nicoline,0,3,3
Pammi,0,3,3
Pammir,3,0,3
Pamola,0,3,3
Pamoma,0,3,3
Pamona,0,3,3
Pamoze,0,3,3
Pampelonne,0,3,3
Pamphilias,3,0,3
Pamplona,0,3,3
Pamudji,3,0,3
Panagia,3,0,3
Panagiotti,3,0,3
Panagotis,3,0,3
Panaiottis,3,0,3
Panaioty,3,0,3
Panajo,0,3,3
Panajottis,3,0,3
Panajoula,0,3,3
Panajuta,0,3,3
Panar,0,3,3
Panayotha,0,3,3
Panayotta,0,3,3
Panbuk,0,3,3
Pancaprabaswara,3,0,3
Pance,3,0,3
Panče,3,0,3
Panch-Pula,0,3,3
Panchamsharma,3,0,3
Panchero,3,0,3
Panchito,3,0,3
Pancho-Paul,3,0,3
Pancholino,3,0,3
Panchpula,0,3,3
Panckras,3,0,3
Pancra,0,3,3
Pancraas,3,0,3
Pancrace,3,0,3
Pancracius,3,0,3
Pancrata,0,3,3
Pancratiana,0,3,3
Pancy,0,3,3
Pandaida,3,0,3
Pandanwangi,0,3,3
Pande,3,0,3
Pandelal,3,0,3
Pandha,3,0,3
Pandi,3,0,3
Pandji,3,0,3
Pandjilaras,3,0,3
Pandudewanata,3,0,3
Panduleni,3,0,3
Pandya,3,0,3
Paneb,3,0,3
Panecia,0,3,3
Panehas,3,0,3
Panerotij,0,3,3
Paneshy,3,0,3
Panfoh,3,0,3
Pangaloan,3,0,3
Pangestu,3,0,3
Panggabean,3,0,3
Pangratia,0,3,3
Pangripta,3,0,3
Pangui,3,0,3
Panicha,0,3,3
Paniche,0,3,3
Panicos,3,0,3
Panida,0,3,3
Paniesse,3,0,3
Paniez,0,3,3
Panini,3,0,3
Paniota,0,3,3
Paniotta,0,3,3
Panipel,3,0,3
Panique,3,0,3
Panite,0,3,3
Panjua,0,3,3
Panka,0,3,3
Pankadj,3,0,3
Pankajkumar,3,0,3
Pankina,0,3,3
Pankras,3,0,3
Pankratius,3,0,3
Panma,0,3,3
Pannie,0,3,3
Panny,0,3,3
Panoe,3,0,3
Panoes,3,0,3
Panom,3,0,3
Panopio,3,0,3
Panoréa,0,3,3
Panpeng,3,0,3
Panscho,3,0,3
Pansy,0,3,3
Panta-Rhei,0,3,3
Pantaléon,3,0,3
Pantalone,0,3,3
Pantasia,0,3,3
Panteha,0,3,3
Pantenus,3,0,3
Pantera,3,0,3
Pantes,0,3,3
Panthero,3,0,3
Pantiana,0,3,3
Pantida,0,3,3
Pantji,0,3,3
Panto,3,0,3
Pantoliano,3,0,3
Pantolina,0,3,3
Panush,3,0,3
Panutnant,3,0,3
Panuwap,3,0,3
Panuwit,3,0,3
Panyarat,3,0,3
Panyaso,3,0,3
Panyvino,3,0,3
Panzos,3,0,3
Panzu,0,3,3
Pao-Chu,0,3,3
Pao-Lynn,0,3,3
Pao-On,3,0,3
Pao-Yi,3,0,3
Pao-Yü,0,3,3
Paode,0,3,3
Paöel,3,0,3
Paohla,0,3,3
Päola,0,3,3
Paôla,0,3,3
Paola-Francis,0,3,3
Paola-Marushka,0,3,3
Paola-Sophia,0,3,3
Paole,3,0,3
Paoletta,0,3,3
Paoli,3,0,3
Paolinho,3,0,3
Paölino,3,0,3
Pāolo,3,0,3
Paòlo,3,0,3
Paölo,3,0,3
Páolo,3,0,3
Paolona,0,3,3
Paonna,0,3,3
Paonys,0,3,3
Paoula,0,3,3
Paoyun,0,3,3
Papa-Kofi,3,0,3
Papamyer,3,0,3
Papangkon,3,0,3
Papatia,0,3,3
Papazed,3,0,3
Paphatsara,0,3,3
Paphawat,3,0,3
Papiant,3,0,3
Papillonne,0,3,3
Papin,3,0,3
Papken,3,0,3
Papoela,0,3,3
Papoeroeriemye,0,3,3
Papríka,0,3,3
Paprika,0,3,3
Papuana,0,3,3
Papuchca,3,0,3
Papyeliano,3,0,3
Papys,3,0,3
Paqari,0,3,3
Paqui-Maria,0,3,3
Paquin,3,0,3
Pår,3,0,3
Paraand,0,3,3
Parabhjot,0,3,3
Parableen,0,3,3
Paracelsus,3,0,3
Paraclitus,3,0,3
Paradisa,0,3,3
Paradiza,0,3,3
Paragh,3,0,3
Paragna,3,0,3
Paraíso,3,0,3
Parajuli,3,0,3
Paramalingam,3,0,3
Paramananda,3,0,3
Paramdjiet,3,0,3
Parameshwari,0,3,3
Paramesti,0,3,3
Parameswari,0,3,3
Paramithan,3,0,3
Paramjit,3,0,3
Paramkumar,3,0,3
Paramvir,3,0,3
Paran,3,0,3
Parana,0,3,3
Paranawamo,0,3,3
Parandè,0,3,3
Paranjyoti,3,0,3
Parans,3,0,3
Parantsem,0,3,3
Paranuan,3,0,3
Parasca,0,3,3
Paraschewija,0,3,3
Paraschkeja,0,3,3
Paraschos,0,3,3
Parashqevi,0,3,3
Parashuram,3,0,3
Parasian,3,0,3
Parasiroha,3,0,3
Parasjia,0,3,3
Paraskevoula,0,3,3
Paraskewy,0,3,3
Paraskos,3,0,3
Parasnath,3,0,3
Paraspreet,3,0,3
Parasto,0,3,3
Parastoo,0,3,3
Parath,3,0,3
Parathan,3,0,3
Parau,3,0,3
Paravati,0,3,3
Paraytha,0,3,3
Parbat,3,0,3
Parbath,3,0,3
Parbathie,0,3,3
Parbez,3,0,3
Parbhakmisier,3,0,3
Parbhath,3,0,3
Parbhati,0,3,3
Parbhoedei,0,3,3
Parbin,0,3,3
Parbita,0,3,3
Parboedeal,3,0,3
Parbunath,3,0,3
Parcal,3,0,3
Parcelina,0,3,3
Parćen,0,3,3
Parcenia,0,3,3
Parceval,3,0,3
Parchah,0,3,3
Parcyfal,3,0,3
Pardeepsing,3,0,3
Pardees,3,0,3
Pardena,0,3,3
Pardez,3,0,3
Pardhuman,3,0,3
Pardiepkoemar,3,0,3
Pardik,3,0,3
Pardikoemair,3,0,3
Pardina,0,3,3
Pardjij,3,0,3
Pardjoeman,3,0,3
Pardoemankoemar,3,0,3
Pardoes,3,0,3
Parě,3,0,3
Pare,0,3,3
Parea,3,0,3
Pareece,0,3,3
Parees,0,3,3
Pareesa,0,3,3
Pareira,3,0,3
Parèl,0,3,3
Parel-Nejma,0,3,3
Parel-Senay,0,3,3
Parelius,3,0,3
Parell,3,0,3
Parella,0,3,3
Paren,3,0,3
Parena,3,0,3
Pareshmawatie,0,3,3
Pareshram,3,0,3
Pareskevas,3,0,3
Paress,3,0,3
Paressa,0,3,3
Paresto,0,3,3
Pâret,0,3,3
Parfaite,0,3,3
Parfen,3,0,3
Parfoelchand,3,0,3
Parfuza,0,3,3
Parhaam,3,0,3
Parhien,3,0,3
Pári,0,3,3
Pàri,0,3,3
Parí,0,3,3
Pari-jem,0,3,3
Pariadi,3,0,3
Parice,0,3,3
Parichaat,0,3,3
Paricida,0,3,3
Paridhi,0,3,3
Paridjem,0,3,3
Paridjo,3,0,3
Párie,3,0,3
Pàrie,0,3,3
Parienieta,0,3,3
Pariente,0,3,3
Pariga,0,3,3
Pariiya,0,3,3
Parijan,0,3,3
Parijono,3,0,3
Parikshit,3,0,3
Parikumarie,0,3,3
Parilla,0,3,3
Parimah,0,3,3
Parimala,0,3,3
Parimalakanthan,3,0,3
Parîn,3,0,3
Parin,3,0,3
Parinaaz,0,3,3
Parinah,0,3,3
Parineeta,0,3,3
Paring,3,0,3
Parinikumari,0,3,3
Parinisha,0,3,3
Parinita,0,3,3
Parino,3,0,3
Parinoh,3,0,3
Paris-London,0,3,3
Parisadevi,0,3,3
Parisho,3,0,3
Parishwa,0,3,3
Parisio,3,0,3
Pariss,0,3,3
Parissah,0,3,3
Parissima,0,3,3
Parista,0,3,3
Pariva,3,0,3
Parivash,0,3,3
Parivetie,0,3,3
Pariwash,0,3,3
Pariyanto,3,0,3
Pariz,0,3,3
Parizeh,0,3,3
Parjan,0,3,3
Parkash-Koemar,3,0,3
Parkashi,0,3,3
Parker-Jane,0,3,3
Parko,3,0,3
Parkoemarie,0,3,3
Parlán,0,3,3
Parle,0,3,3
Parlehutan,3,0,3
Parlind,3,0,3
Parluhutan,3,0,3
Parly,0,3,3
Parm,3,0,3
Parm-Anand,3,0,3
Parmaan,3,0,3
Parmanande,3,0,3
Parmangal,3,0,3
Parmanto,3,0,3
Parmar,0,3,3
Parmata,0,3,3
Parmelia,0,3,3
Parmenia,0,3,3
Parmenio,3,0,3
Parmesh,3,0,3
Parmeshwara,3,0,3
Parmieladebie,0,3,3
Parmien,0,3,3
Parmies,0,3,3
Parmiladevie,0,3,3
Parmilla,0,3,3
Parminder-Kaur,0,3,3
Parminderjit,0,3,3
Parmini,0,3,3
Parmjeetsingh,3,0,3
Parmy,0,3,3
Parna,0,3,3
Parnak,0,3,3
Parnassia,0,3,3
Parnav,3,0,3
Parnaz,0,3,3
Parnean,0,3,3
Parnell,3,0,3
Parnella,0,3,3
Parnie,0,3,3
Parnijan,0,3,3
Parnille,0,3,3
Parnit,3,0,3
Parnita,0,3,3
Parniya,0,3,3
Parniyan,0,3,3
Parnou,0,3,3
Parô,0,3,3
Paroene,0,3,3
Paroesia,0,3,3
Paroesja,0,3,3
Paroetschia,0,3,3
Parone,0,3,3
Paroni,3,0,3
Paros,3,0,3
Paroucha,0,3,3
Parousha,0,3,3
Parousia,3,0,3
Parrella,0,3,3
Parrida,0,3,3
Parrieh,0,3,3
Parrisah,0,3,3
Parsah,3,0,3
Parsal,3,0,3
Parsalla,0,3,3
Parsam,3,0,3
Parsan,3,0,3
Parsana,0,3,3
Parsedijo,3,0,3
Parshaan,3,0,3
Parshan,3,0,3
Parshavv,3,0,3
Parsi,0,3,3
Parsilah,0,3,3
Parsin,0,3,3
Parsis,0,3,3
Parson,3,0,3
Parssa,3,0,3
Parst,0,3,3
Parsya,3,0,3
Partab,3,0,3
Partamina,0,3,3
Partana,3,0,3
Parthena,0,3,3
Parthenia,0,3,3
Parthenius,3,0,3
Parthenna,0,3,3
Parthenon,3,0,3
Parthenope,0,3,3
Parthewie,0,3,3
Parthinea,0,3,3
Parthivi,0,3,3
Parthvi,0,3,3
Particia,0,3,3
Partiejh,3,0,3
Partigiana,0,3,3
Partigor,3,0,3
Partijem,0,3,3
Partric,3,0,3
Partricia,0,3,3
Paru,0,3,3
Parul-Devi,0,3,3
Parusha,0,3,3
Parusheva,0,3,3
Paruzzia,3,0,3
Parv,3,0,3
Parvallencia,0,3,3
Parvanie,0,3,3
Parvatha,0,3,3
Parvathie,0,3,3
Parvatidevi,0,3,3
Parvatiedevie,0,3,3
Parvatti,0,3,3
Parvaz,0,3,3
Parveen-Kevita,0,3,3
Parveenadevi,0,3,3
Parveendevi,0,3,3
Parveendewi,0,3,3
Parveeni,0,3,3
Parveenie,0,3,3
Parveenkoemar,3,0,3
Parveenkumar,3,0,3
Parveenwatie,0,3,3
Parveesh,3,0,3
Parveez,3,0,3
Parveish,3,0,3
Parvela,0,3,3
Parvien,0,3,3
Parvina,0,3,3
Parvindarkoemar,3,0,3
Parvine,0,3,3
Parvinesh,3,0,3
Parvish-Koemar,3,0,3
Parvita,0,3,3
Parvity,0,3,3
Parwa,0,3,3
Parwan,3,0,3
Parwanah,0,3,3
Parwandjiwan,3,0,3
Parwannah,0,3,3
Parwar,3,0,3
Parwarish,0,3,3
Parwarishi,3,0,3
Parwat,3,0,3
Parwati,0,3,3
Parweesh,3,0,3
Parwentjitra,0,3,3
Parweshwharpersad,3,0,3
Parwetie,0,3,3
Parwiendewi,0,3,3
Parwieni,0,3,3
Parwienkoemar,3,0,3
Parwiesh,3,0,3
Parwijs,3,0,3
Parwinnesh,3,0,3
Parwth-Ray,3,0,3
Paryanto,3,0,3
Parychat,0,3,3
Paryosh,0,3,3
Parys,0,3,3
Paryscha,0,3,3
Parzan,3,0,3
Parzien,0,3,3
Pasa,3,0,3
Pasaam,3,0,3
Paşah,3,0,3
Pasana,3,0,3
Pasandi,0,3,3
Pasarella,0,3,3
Pasaremo,3,0,3
Pasca,0,3,3
Pascachius,3,0,3
Pascacio,3,0,3
Pascael,3,0,3
Pascaele,0,3,3
Pascal-Aalbert,3,0,3
Pascal-Christian,3,0,3
Pascal-Dirk,3,0,3
Pascal-Etienne,3,0,3
Pascal-Henry-William,3,0,3
Pascal-Jorke,0,3,3
Pascal-Léon,3,0,3
Pascal-Luc,3,0,3
Pascal-William,3,0,3
Pascâla,0,3,3
Pascále,0,3,3
Pascalé,0,3,3
Pascale-Marie,0,3,3
Pascale-Renée,0,3,3
Pascales,3,0,3
Pascali,3,0,3
Pascalie,0,3,3
Pascaliena,0,3,3
Pascalined,0,3,3
Pascalinus,3,0,3
Pascalitha,0,3,3
Pascálle,0,3,3
Pascallus,0,3,3
Pascalyne,0,3,3
Pascanellie,3,0,3
Pascasio,3,0,3
Pascaul,3,0,3
Paschale,0,3,3
Paschali,3,0,3
Paschaline,0,3,3
Paschalio,0,3,3
Paschalitsa,0,3,3
Paschallis,3,0,3
Paschan,0,3,3
Paschasus,3,0,3
Paschcalis,3,0,3
Paschiasia,0,3,3
Paschier,3,0,3
Paschtun,0,3,3
Pascie,3,0,3
Pascificus,3,0,3
Pascol,3,0,3
Pascolien,0,3,3
Pascow,3,0,3
Pascuál,3,0,3
Pascuale,3,0,3
Pascualfelipe,3,0,3
Pascualino,3,0,3
Pascualle,0,3,3
Pascwal,3,0,3
Paselena,0,3,3
Pasger,3,0,3
Pash,3,0,3
Paşha,3,0,3
Pashel,3,0,3
Pashiera,0,3,3
Pashkë,0,3,3
Pashtana,0,3,3
Pasi,3,0,3
Pasiban,3,0,3
Pasidah,0,3,3
Pasificus,3,0,3
Pasijantie,0,3,3
Pasina,3,0,3
Pasinsi,0,3,3
Pasión,3,0,3
Pasiphäe,0,3,3
Pasit,3,0,3
Pasjha,3,0,3
Paskale,0,3,3
Paskel,3,0,3
Paskinel,3,0,3
Paško,3,0,3
Pasla,3,0,3
Pasma,0,3,3
Pasman,3,0,3
Pasmel,0,3,3
Pašo,3,0,3
Pasoek,3,0,3
Pasoen,3,0,3
Pason,3,0,3
Pasqalina,0,3,3
Pasqalino,3,0,3
Pasqaulle,0,3,3
Pasqeunel,3,0,3
Pasquale-Julié,0,3,3
Pasqualicha,0,3,3
Pasqualien,0,3,3
Pasqualine,0,3,3
Pasqualita,0,3,3
Pasqualla,0,3,3
Pasquallino,3,0,3
Pasquanel,3,0,3
Pasquanelle,0,3,3
Pasquasius,3,0,3
Pasqueline,0,3,3
Pasquelita,0,3,3
Pasquelitta,0,3,3
Pasquenelle,3,0,3
Pasquetta,0,3,3
Pasquilina,0,3,3
Pasquin,3,0,3
Pasquinell,3,0,3
Pasquinella,0,3,3
Pasquinelle,0,3,3
Pasqyale,0,3,3
Passand,0,3,3
Passia,0,3,3
Passie,0,3,3
Passifica,0,3,3
Passionaria,0,3,3
Passionata,0,3,3
Passou,0,3,3
Passy,3,0,3
Pasupathipillai,0,3,3
Pasya,3,0,3
Pasyanti,0,3,3
Pasyo,3,0,3
Patachou,0,3,3
Patah,0,3,3
Pataki,3,0,3
Patal,3,0,3
Patalima,3,0,3
Patang,3,0,3
Patañjali,3,0,3
Patanjali,3,0,3
Patarijk,3,0,3
Patchadapa,0,3,3
Patchaïro,3,0,3
Patchanka,3,0,3
Patcharadanai,3,0,3
Patcharaporn,0,3,3
Patcharin,0,3,3
Patchawadi,0,3,3
Patchina,0,3,3
Patchino,3,0,3
Patchoula,0,3,3
Patchouli,0,3,3
Patchouwa,3,0,3
Patdrik,3,0,3
Pateman,3,0,3
Patericia,0,3,3
Paterson,0,3,3
Pathadon,3,0,3
Pathaëlla,0,3,3
Patharadanai,3,0,3
Patharathida,0,3,3
Pathé,3,0,3
Pathénia,0,3,3
Pathenia,0,3,3
Patherna,0,3,3
Pathou,0,3,3
Pathricia,0,3,3
Pathu,0,3,3
Pathuels,3,0,3
Päthy,0,3,3
Pathy,0,3,3
Patia,3,0,3
Patiah,0,3,3
Patick,3,0,3
Patie,0,3,3
Patiel,0,3,3
Patiena,0,3,3
Patiënt,0,3,3
Patientia,0,3,3
Patiëntia,0,3,3
Patier,3,0,3
Patihardjan,3,0,3
Patihua,3,0,3
Patijn,3,0,3
Patimara,3,0,3
Patimura,3,0,3
Patinnath,3,0,3
Patino,3,0,3
Pationi,3,0,3
Patiparu,3,0,3
Patiphan,3,0,3
Patist,3,0,3
Patiwaël,3,0,3
Patiwael,3,0,3
Patiwaru,0,3,3
Patjar,3,0,3
Patjina,0,3,3
Patjingbolo,0,3,3
Patjoelah,0,3,3
Patleigh,0,3,3
Patly,0,3,3
Patma,0,3,3
Patman,0,3,3
Patmarhina,0,3,3
Patme,0,3,3
Patmi,0,3,3
Patoelja,3,0,3
Patom,3,0,3
Patona,0,3,3
Patonah,0,3,3
Patoucha,0,3,3
Patouchă,0,3,3
Patouche,0,3,3
Patoun,0,3,3
Patousch,0,3,3
Patoush,0,3,3
Pátra,0,3,3
Patracia,0,3,3
Patraeus,3,0,3
Patraït,3,0,3
Patras,3,0,3
Patrecia,0,3,3
Patreesha,0,3,3
Patrell,3,0,3
Patrha,0,3,3
Patriano,3,0,3
Pàtric,3,0,3
Patrical,3,0,3
Patrice-Marie,0,3,3
Patricella,0,3,3
Patricha,0,3,3
Patrichano,3,0,3
Patrichus,3,0,3
Patricia-Ann,0,3,3
Patricia-Maria,0,3,3
Patricia-Sandra,0,3,3
Patriciana,0,3,3
Patriciano,3,0,3
Patricias,3,0,3
Patricicus,3,0,3
Patricie,0,3,3
Patrīcija,0,3,3
Patrício,0,3,3
Patricja,0,3,3
Pátrick,3,0,3
Patrick-Armand,3,0,3
Patrick-Bert,3,0,3
Patrick-Christian,3,0,3
Patrick-Elon,3,0,3
Patrick-Lee,3,0,3
Patrick-Norbert,3,0,3
Patrick-Prosper,3,0,3
Patrick-Rian,3,0,3
Patrick-Roy,3,0,3
Patricka,0,3,3
Patricke,3,0,3
Patrickovich,3,0,3
Patricksdotter,0,3,3
Patricksson,3,0,3
Patricksz,3,0,3
Patridas,3,0,3
Patrie,0,3,3
Patrieke,0,3,3
Patriëlda,0,3,3
Patrielle,0,3,3
Patriesja,0,3,3
Patriez,0,3,3
Patrilia,0,3,3
Patriluciandré,0,3,3
Patrimawatie,0,3,3
Patrimonius,3,0,3
Patrin,3,0,3
Patrino,3,0,3
Patrischa,0,3,3
Patriscia,0,3,3
Patrishano,3,0,3
Patrisio,3,0,3
Patrisja,0,3,3
Patritcia,0,3,3
Patritsia,0,3,3
Patrize,3,0,3
Patrízia,0,3,3
Patrizzio,3,0,3
Patrmwatie,0,3,3
Patrocia,0,3,3
Patrocinia,0,3,3
Patrocinio,3,0,3
Patroesjka,0,3,3
Patronella,0,3,3
Patrouscka,0,3,3
Patroy,3,0,3
Patrüschka,0,3,3
Patrusia,0,3,3
Patruska,0,3,3
Patruusia,0,3,3
Patrychya,0,3,3
Patryn,0,3,3
Patrysia,0,3,3
Patsach,3,0,3
Patsakorn,3,0,3
Patschi,0,3,3
Patseba,0,3,3
Patsn,3,0,3
Patson,3,0,3
Patsya,3,0,3
Pattadon,3,0,3
Pattara,3,0,3
Pattarathon,3,0,3
Pattaravarin,0,3,3
Pattarina,0,3,3
Pattawikaan,3,0,3
Pattie,0,3,3
Pattilohu,3,0,3
Pattima,0,3,3
Pattimang,0,3,3
Pattimara,3,0,3
Pattina,0,3,3
Pattinjalo,3,0,3
Pattiradja,3,0,3
Pattirua,3,0,3
Pattiwael,0,3,3
Pattley,0,3,3
Pattons,3,0,3
Pattou,3,0,3
Pattouche,0,3,3
Pattra,0,3,3
Pattray,3,0,3
Pattric,3,0,3
Pattricius,3,0,3
Pattricus,3,0,3
Pattrik,3,0,3
Pattrique,3,0,3
Pattrix,3,0,3
Pattry,0,3,3
Pattrycia,0,3,3
Pattu,3,0,3
Pattulo,0,3,3
Patty-Jill,0,3,3
Patty-Lou,0,3,3
Patty-Shanna,0,3,3
Patu,0,3,3
Patula,0,3,3
Patulo,0,3,3
Patuturu,3,0,3
Patxi,3,0,3
Patxiku,3,0,3
Patzy,0,3,3
Pau-ann,0,3,3
Pau-Ming,3,0,3
Pau-Sien-Lung,3,0,3
Pau-Yann,0,3,3
Paucke,0,3,3
Paudaine,0,3,3
Paudiena,0,3,3
Paudwina,0,3,3
Paue,3,0,3
Pauelina,0,3,3
Paufa,3,0,3
Paul'Yve,0,3,3
Paul-Ann,0,3,3
Paul-Anthonij,3,0,3
Paul-Antoine,3,0,3
Paul-Anton,3,0,3
Paul-Arthur,3,0,3
Paul-Bart,3,0,3
Paul-Bas,3,0,3
Paul-Carel,3,0,3
Paul-Christian,3,0,3
Paul-Daan,3,0,3
Paul-Daniël,3,0,3
Paul-Dick,3,0,3
Paul-Didier,3,0,3
Paul-Dirk,3,0,3
Paul-Dorus,3,0,3
Paul-Edwin,3,0,3
Paul-Emile,3,0,3
Paul-Eric,3,0,3
Paul-Erik,3,0,3
Paul-Folkert,3,0,3
Paul-Frederik,3,0,3
Paul-Friso,3,0,3
Paul-Georg,3,0,3
Paul-Gert,3,0,3
Paul-Gideon,3,0,3
Paul-Göran,3,0,3
Paul-Haijo,3,0,3
Paul-Hein,3,0,3
Paul-Henrick,3,0,3
Paul-Herbert,3,0,3
Paul-Hugo,3,0,3
Paul-Ivo,3,0,3
Paul-Jacques,3,0,3
Paul-John,3,0,3
Paul-Joran,3,0,3
Paul-Josse,3,0,3
Paul-Julièn,3,0,3
Paul-Keith,3,0,3
Paul-Lauret,3,0,3
Paul-Léon,3,0,3
Paul-Liam,3,0,3
Paul-Louis,3,0,3
Paul-louis,3,0,3
Paul-Luc,3,0,3
Paul-Lucien,3,0,3
Paul-Luuk,3,0,3
Paul-Maikel,3,0,3
Paul-Marc,3,0,3
Paul-Marcel,3,0,3
Paul-Marie,3,0,3
Paul-Marino,3,0,3
Paul-Martijn,3,0,3
Paul-Michiel,3,0,3
Paul-Nicolas,3,0,3
Paul-Patice,0,3,3
Paul-Philip,3,0,3
Paul-Pierre,3,0,3
Paul-Qünther,3,0,3
Paul-Rafi,3,0,3
Paul-Raoul,3,0,3
Paul-Reiné,3,0,3
Paul-René,3,0,3
Paul-Rens,3,0,3
Paul-Robbert,3,0,3
Paul-Roderic-Wim,3,0,3
Paul-Roger,3,0,3
Paul-Ruben,3,0,3
Paul-Theo,3,0,3
Paul-Victor,3,0,3
Paul-Vincent,3,0,3
Paul-Yme,3,0,3
Paula-,0,3,3
Paula-Aarnoudine,0,3,3
Paula-Ann,0,3,3
Paula-Cruz,0,3,3
Paula-Linn,0,3,3
Paula-Marie,0,3,3
Paula-marie,0,3,3
Paula-Marijke,0,3,3
Paula-Renata,0,3,3
Paula-Ruth,0,3,3
Paula-Siënna,0,3,3
Paulagina,0,3,3
Paulaine,0,3,3
Paulanha,0,3,3
Paulanka-Andreas,3,0,3
Paulanto,0,3,3
Paulberto,3,0,3
Pauldien,0,3,3
Paulè,3,0,3
Paulen,3,0,3
Pauleska,0,3,3
Paulete,0,3,3
Paulha,0,3,3
Paulian,0,3,3
Pauliano,3,0,3
Paulidus,3,0,3
Pauliendo,3,0,3
Paulienne,0,3,3
Paulijnne,0,3,3
Paulik,3,0,3
Paulim,3,0,3
Paulima,0,3,3
Paúlina,0,3,3
Paulinardus,3,0,3
Pauline-Adri,0,3,3
Pauline-Anette,0,3,3
Pauline-Ange,0,3,3
Pauline-Claudia,0,3,3
Pauline-Esther,0,3,3
Pauline-Susan,0,3,3
Pauling,3,0,3
Paulinge,0,3,3
Paulinna,0,3,3
Paulisa,0,3,3
Paulisette,0,3,3
Paulista,0,3,3
Paull,3,0,3
Paulla,0,3,3
Paulletta,0,3,3
Paullida,0,3,3
Paulliënne,0,3,3
Paulline,0,3,3
Paullinie,0,3,3
Paullo,3,0,3
Paully,3,0,3
Paullyn,0,3,3
Paullyne,3,0,3
Páúlo,3,0,3
Paulo-John,3,0,3
Paulo-Maria,3,0,3
Pauloes,3,0,3
Pauloesa,0,3,3
Paulonia,0,3,3
Paulozzi,0,3,3
Pauls,3,0,3
Paulsdochter,0,3,3
Paulsson,3,0,3
Paulucas,3,0,3
Paulús,3,0,3
Paulus-Christiaan,3,0,3
Paulus-Dirk,3,0,3
Paulus-Jan,3,0,3
Paulus-Johannes,3,0,3
Paulus-Jozef,3,0,3
Paulus-Mike,3,0,3
Paulus-Wilhelmus,3,0,3
Pauluska,0,3,3
Paulute,3,0,3
Paulwin,3,0,3
Paulymar,3,0,3
Paulynke,0,3,3
Paulynne,0,3,3
Paundra,3,0,3
Paunine,0,3,3
Paunka,0,3,3
Paupha,0,3,3
Pauramin,3,0,3
Paureena,0,3,3
Paurina,0,3,3
Paurinus,3,0,3
Paurusha,0,3,3
Paustina,0,3,3
Pauueithran,3,0,3
Pauvan,3,0,3
Pauw-Jan,3,0,3
Pauwana,0,3,3
Pauweliena,0,3,3
Pauwelis,3,0,3
Pauwien,0,3,3
Pauwili,3,0,3
Pauwl,3,0,3
Pauwlientje,0,3,3
Pauwlinus,3,0,3
Pavaan,3,0,3
Pavalya,0,3,3
Pavamana,3,0,3
Pavandev,3,0,3
Pavankumar-Mahish,3,0,3
Pavanpreet,3,0,3
Pavao,3,0,3
Pavarottie,3,0,3
Pável,3,0,3
Pavelina,0,3,3
Pavelovna,0,3,3
Pavely,3,0,3
Pavic,3,0,3
Pavien,0,3,3
Paviethan,3,0,3
Pavisari,0,3,3
Pavit,3,0,3
Pavitar,0,3,3
Pavitradevie,0,3,3
Pavitram,3,0,3
Pavitredevi,0,3,3
Pavitri,0,3,3
Pavitridevi,0,3,3
Pavl,3,0,3
Pavlawna,0,3,3
Pavlin,3,0,3
Pavlína,0,3,3
Pavlov,3,0,3
Pavlovitsj,3,0,3
Pavlowna,0,3,3
Pavlus,3,0,3
Pavlychenko,3,0,3
Pavone,0,3,3
Pavorich,3,0,3
Pavula,0,3,3
Páwán,3,0,3
Pawan-Kumar,3,0,3
Pawanayare,3,0,3
Pawanrat,0,3,3
Pawara,0,3,3
Pawèl,3,0,3
Pawela,0,3,3
Pawensoet,3,0,3
Pawet,3,0,3
Pawida,0,3,3
Pawini,0,3,3
Pawira,3,0,3
Pawiro,3,0,3
Pawit,3,0,3
Pawita,0,3,3
Pawithran,3,0,3
Pawlik,3,0,3
Pawlo,3,0,3
Pawlona,0,3,3
Pawlos,3,0,3
Pawri,0,3,3
Pawuya,3,0,3
Paxelles,3,0,3
Paxificus,3,0,3
Paxina,0,3,3
Paxlynn,0,3,3
Paxqita,0,3,3
Paxson,3,0,3
Paya,0,3,3
Payaldevie,0,3,3
Payaljeet,0,3,3
Payan,3,0,3
Payas,3,0,3
Payat,3,0,3
Payèl,0,3,3
Payende,0,3,3
Payge,0,3,3
Payka,0,3,3
Paykar,3,0,3
Paylak,3,0,3
Payma,3,0,3
Paymon,3,0,3
Payne,0,3,3
Payrode,3,0,3
Payson,3,0,3
Payton-Lao,0,3,3
Payu,3,0,3
Payvand,0,3,3
Payvin,0,3,3
Paywand,3,0,3
Paywast,3,0,3
Pazhouh,0,3,3
Pazjar,3,0,3
Pazjien,0,3,3
PBM,3,0,3
Pbya,0,3,3
PCJ,0,3,3
PCJM,3,0,3
PCW,3,0,3
Pe-luna,0,3,3
Péa,0,3,3
Peace-Osawese,0,3,3
Peacewill,3,0,3
Peada,0,3,3
Peader,3,0,3
Pean,0,3,3
Peapey,0,3,3
Pearcey,3,0,3
Peard,3,0,3
Pearl-Colette,0,3,3
Pearl-Serwah,0,3,3
Pearlene,0,3,3
Pearley-Sam,0,3,3
Pearlin,0,3,3
Pearll,0,3,3
Pearly-lee,0,3,3
Pearlyn,0,3,3
Pearnell,3,0,3
Pearxander,3,0,3
Peasa,3,0,3
Peatra,3,0,3
Peatre,0,3,3
Peau,0,3,3
Pebble-Roni,0,3,3
Pèbe,3,0,3
Pebelle,0,3,3
Pebels,0,3,3
Pebeya,0,3,3
Pec,3,0,3
Peca,3,0,3
Pecao,3,0,3
Pechnihas,3,0,3
Pecko,3,0,3
Pecky,3,0,3
Peculia,0,3,3
Pedaiah,0,3,3
Pedar,3,0,3
Pedde,3,0,3
Pedé,3,0,3
Pédé,3,0,3
Pede,3,0,3
Pedéh,3,0,3
Peder-Willem,3,0,3
Pédero,3,0,3
Pederon,3,0,3
Pedersen,0,3,3
Pedja,3,0,3
Pedjel,3,0,3
Pedjo,3,0,3
Pedr,3,0,3
Pedrey,3,0,3
Pedrick,3,0,3
Pedrin,3,0,3
Pedrinho,3,0,3
Pedrino,3,0,3
Pedris,3,0,3
Pedrisio,3,0,3
Pedrita,0,3,3
Pedritu,3,0,3
Pedroana,0,3,3
Pedroc,3,0,3
Pedros,3,0,3
Pedrosa,0,3,3
Pédrov,3,0,3
Pedru,3,0,3
Pee-Junior,3,0,3
PeeChai,3,0,3
Peekay,3,0,3
Peeky,0,3,3
Peelé,3,0,3
Peelegrinus,3,0,3
Peelogrinus,3,0,3
Peem,3,0,3
Peemtje,0,3,3
Peentje,3,0,3
Peeps,3,0,3
Peerkje,0,3,3
Peerkjen,0,3,3
Peernel,3,0,3
Peerszoon,3,0,3
Peertje,0,3,3
Peethra,0,3,3
Peetjan,3,0,3
Peetr,3,0,3
Peetri,0,3,3
Peetria,0,3,3
Peetrique,3,0,3
Peetro,3,0,3
Peets,3,0,3
Peeyton,0,3,3
Pegahd,3,0,3
Pegani,0,3,3
Pegasus,0,3,3
Pegeran,3,0,3
Peggeliene,0,3,3
Peggian,0,3,3
Peggor,3,0,3
Peggy-Claire,0,3,3
Peggy-Joy,0,3,3
Peggy-Louise,0,3,3
Peggy-Mae,0,3,3
Peggy-Mem,0,3,3
Peggy-Rachael,0,3,3
Peggy-Rose,0,3,3
Peggyann,0,3,3
Pegina,0,3,3
Peglita,0,3,3
Pego,3,0,3
Peguy,3,0,3
Pegy,0,3,3
Peh-Chung,3,0,3
Pehla,3,0,3
Pehlivan,3,0,3
Pehlul,3,0,3
Pehlvi,3,0,3
PEHM,0,3,3
Pehma,0,3,3
Pei-an,3,0,3
Pei-Dan,0,3,3
Pei-Hsien,0,3,3
Pei-Jing,0,3,3
Pei-Laan,0,3,3
Pei-Ling,0,3,3
Pei-Pei,0,3,3
Pei-Yi,0,3,3
Pei-Yu,0,3,3
Peia,0,3,3
Peicke,3,0,3
Peier,3,0,3
Peihao,3,0,3
Peihrien,0,3,3
Peijin,0,3,3
Peijk,3,0,3
Peijn,3,0,3
Peijo,3,0,3
Peikens,3,0,3
Peil,3,0,3
Pèilíng,0,3,3
Pein,3,0,3
Peinan,0,3,3
Peio,3,0,3
Péiqiong,0,3,3
Peiran,3,0,3
Peirina,0,3,3
Peiró,3,0,3
Peiroen,0,3,3
Peisam,0,3,3
Peishan,0,3,3
Peisi,0,3,3
Peiting,0,3,3
Peitong,3,0,3
Peiwand,3,0,3
Pèixián,0,3,3
Peixin,0,3,3
Peixue,3,0,3
Peiyan,0,3,3
Peiyao,0,3,3
Peiyin,0,3,3
Peiying,0,3,3
Peiyu,3,0,3
Peizhen,0,3,3
Peizhi,0,3,3
PEJ,0,3,3
Pejan,3,0,3
Péjé,3,0,3
Pejhman,3,0,3
Pejman,3,0,3
Pejorin,3,0,3
Pek-Saan,0,3,3
Pek-Siong,3,0,3
Pek-Yen,0,3,3
Pek-Yin,0,3,3
Péke,3,0,3
Pekee,0,3,3
Pekelika,0,3,3
Pekie,3,0,3
Pekimakana,3,0,3
Pekiza,0,3,3
Pekko,3,0,3
Pekla,0,3,3
Pèl,0,3,3
Pelageya,0,3,3
Pelagina,0,3,3
Pelagja,0,3,3
Pelagria,0,3,3
Pelaity,0,3,3
Pelamonia,0,3,3
Pelan,0,3,3
Pélan,3,0,3
Pelania,0,3,3
Pelatu,3,0,3
Pelayo,3,0,3
Pelazia,0,3,3
Pelçim,0,3,3
Pelden,3,0,3
Pélé,3,0,3
Peleg,3,0,3
Pelegia,0,3,3
Pelehua,3,0,3
Pelen,0,3,3
Pelena,0,3,3
Pelenggina,0,3,3
Pëlewa,3,0,3
Pelger,3,0,3
Pelgert,3,0,3
Pelgro,3,0,3
Pelgrum,3,0,3
Peliah,0,3,3
Pelias,3,0,3
Peliciano,3,0,3
Pelido,0,3,3
Pelie,0,3,3
Pelien,0,3,3
Pelike,0,3,3
Pèlin,0,3,3
Pélina,0,3,3
Pelinay,0,3,3
Pelinck,3,0,3
Pelindo,3,0,3
Pelink,3,0,3
Pelinus,3,0,3
Peliphus,3,0,3
Pelit,3,0,3
Pelitha,0,3,3
Peljor,3,0,3
Pellè,3,0,3
Pelle-Jasper,3,0,3
Pelleas,3,0,3
Pellekijn,3,0,3
Pelleli,0,3,3
Pellère,0,3,3
Pellewi,0,3,3
Pellientje,0,3,3
Pello,3,0,3
Pellow,0,3,3
Pëllumb,3,0,3
Pélora,0,3,3
Pelsey,0,3,3
Pelshin,0,3,3
Pelsin,0,3,3
Pelşin,0,3,3
Pelueyne,0,3,3
Pelumi,0,3,3
Pelusa,0,3,3
Pelvin,0,3,3
Pêly,3,0,3
Peman,3,0,3
Pembenur,0,3,3
Pemborelus,3,0,3
PEMG,0,3,3
Pemika,0,3,3
Pemina,0,3,3
Pemma,0,3,3
Pemme,0,3,3
Pemmela,0,3,3
Pemo,0,3,3
Pempho,3,0,3
Pemra,0,3,3
Pena,0,3,3
Peña,0,3,3
Penaantu,3,0,3
Penar,0,3,3
Penas,0,3,3
Penbegül,0,3,3
Penbenur,0,3,3
Penc,3,0,3
Pence,3,0,3
Penchev,3,0,3
Penchi,0,3,3
Penčo,3,0,3
Pencratia,0,3,3
Penda-Racky,0,3,3
Pendall,3,0,3
Pendatun,3,0,3
Pende,3,0,3
Pendor,0,3,3
Pendragona,0,3,3
Penehasj,3,0,3
Penella,0,3,3
Penelle,0,3,3
Penellope,0,3,3
Pénèlope,0,3,3
Pénelopé,0,3,3
Penelope-Lane,0,3,3
Penelophe,0,3,3
Peneloppe,0,3,3
Péng,3,0,3
Peng-Cheng,3,0,3
Pengbert,3,0,3
Pengbo,3,0,3
Pengxin,0,3,3
Penhors,3,0,3
Penias,3,0,3
Penielle,0,3,3
Penihas,3,0,3
Penilla,0,3,3
Penna,3,0,3
Penne,3,0,3
Pennelope,0,3,3
Pennicha,0,3,3
Penny-Claire,0,3,3
Penny-Lee,0,3,3
Penny-Leen,0,3,3
Penny-Mae,0,3,3
Pennylane,0,3,3
Pennyta,0,3,3
Penoeh,0,3,3
Penouche,0,3,3
Penporn,0,3,3
Penque,0,3,3
Penry,3,0,3
Pent,3,0,3
Pentcho,3,0,3
Pentha,0,3,3
Penthai,3,0,3
Penthesilea,0,3,3
Pentland,3,0,3
Pentreath,0,3,3
Pentti,3,0,3
Penya,0,3,3
Peor,3,0,3
Pèpa,0,3,3
Pépa-Alexandra,0,3,3
Pepa-Lourdes,0,3,3
Pepaito,3,0,3
Pepca,0,3,3
Pèpé,3,0,3
PePe,3,0,3
Pepê,3,0,3
Pèpe-Paul,3,0,3
Pepeck,3,0,3
Pepela,0,3,3
Peperl,3,0,3
Pepertual,0,3,3
Pépétyo,3,0,3
Pephein,3,0,3
Pepicá,0,3,3
Pépiĉa,0,3,3
Pepie,0,3,3
Pèpietha,0,3,3
Pepignot,3,0,3
Pepijein,3,0,3
Pèpijn,3,0,3
Pepijn-Boaz,3,0,3
Pepijn-Jens,3,0,3
Pepijn-Joris,3,0,3
Pepijn-Merijn,3,0,3
Pepijn-Paul,3,0,3
Pepijn-Peter,3,0,3
Pepijn-Xavier,3,0,3
Pepijna,0,3,3
Pepík,3,0,3
Pepik,3,0,3
Pépine,0,3,3
Pepinus,3,0,3
Pepique,3,0,3
Peppar,0,3,3
Peppe-Quint,3,0,3
Peppel,0,3,3
Pepper-Jane,0,3,3
Pepper-Seven,0,3,3
Peppone,0,3,3
Pepraa,0,3,3
Pepsy,0,3,3
Pepyk,3,0,3
Peqqy,0,3,3
Pequairo,3,0,3
Pequeñia,3,0,3
Pequenja,0,3,3
Per-Axel,3,0,3
Per-Frederic,3,0,3
Per-Ivar,3,0,3
Per-Jonas,3,0,3
Per-Willie,3,0,3
Per-Willy,3,0,3
Perach,0,3,3
Peragaasan,3,0,3
Peragaseni,0,3,3
Perah-Wekka-Tulit,3,0,3
Peraino,3,0,3
Peranavan,3,0,3
Perancis,3,0,3
Peray,0,3,3
Perbhawatie,0,3,3
Perc,3,0,3
Percaroly,0,3,3
Perce,3,0,3
Percem,0,3,3
Perchevael,3,0,3
Percide,0,3,3
Percifal,3,0,3
Percillia,0,3,3
Percis,0,3,3
Percles,3,0,3
Percy-James,3,0,3
Percyan,3,0,3
Percyn,3,0,3
Percynia,0,3,3
Perdani,3,0,3
Perdeepkoemar,3,0,3
Perdey,0,3,3
Perdiep,3,0,3
Perdiepsingh,3,0,3
Perdy,3,0,3
Peré,3,0,3
Père,3,0,3
Peredur,3,0,3
Pereginus,3,0,3
Peregrine,3,0,3
Pereie,0,3,3
Pereineke,0,3,3
Perele,0,3,3
Perellis,0,3,3
Peremobo,3,0,3
Perenne,0,3,3
Perennis,0,3,3
Perès,3,0,3
Peresa,0,3,3
Perest,3,0,3
Perestrelo,0,3,3
Perets,3,0,3
Perèz,0,3,3
Perez-evealon,3,0,3
Perfect,0,3,3
Perfecta,0,3,3
Perfectus,3,0,3
Perfeita,0,3,3
Perge,3,0,3
Pergiah,0,3,3
Pergrina,0,3,3
Perhentian,0,3,3
Perhla,0,3,3
Peri-Nida,0,3,3
Perian,0,3,3
Péricles,3,0,3
Perico,3,0,3
Perie,0,3,3
Periene,0,3,3
Pérignon,3,0,3
Perigrene,0,3,3
Perigualt,0,3,3
Perijanga,0,3,3
Perijne,0,3,3
Perijneken,0,3,3
Perijntje,0,3,3
Perikhan,0,3,3
Perikris,3,0,3
Périna,0,3,3
Perinaz,0,3,3
Perinne,0,3,3
Peripho,3,0,3
Périques,3,0,3
Perişan,0,3,3
Perischka,0,3,3
Perish,3,0,3
Perissa,0,3,3
Perisu,0,3,3
Perito,3,0,3
Periya,0,3,3
Periyan,0,3,3
Periyanka,0,3,3
Periye,0,3,3
Periza,0,3,3
Perizat,0,3,3
Perkaas,3,0,3
Perkasa,3,0,3
Perkashkumar,3,0,3
Perkyn,3,0,3
Perla-Kai,0,3,3
Perla-Rose,0,3,3
Perlau,0,3,3
Perlé,3,0,3
Perlè,0,3,3
Perlee,0,3,3
Perlei,0,3,3
Perli,0,3,3
Perliena,0,3,3
Perlin,0,3,3
Perlito,3,0,3
Perlshemar,3,0,3
Permadi,3,0,3
Permadianto,3,0,3
Permal,3,0,3
Permanand,3,0,3
Permatahati,0,3,3
Permatahatie,0,3,3
Permatha,0,3,3
Permeshwer,3,0,3
Permientra,0,3,3
Permilakumarie,0,3,3
Permilladebie,0,3,3
Permille,0,3,3
Permin,3,0,3
Permond,3,0,3
Perna,0,3,3
Perneille,0,3,3
Pèrnella,0,3,3
Pernelly,0,3,3
Perni,0,3,3
Pernian,0,3,3
Pernike,0,3,3
Pernill,0,3,3
Pernilli,0,3,3
Pernita,0,3,3
Perno,3,0,3
Pernotje,3,0,3
Pernur,0,3,3
Peroen,3,0,3
Pérogo,3,0,3
Pérolah,0,3,3
Perona,0,3,3
Pérone,0,3,3
Peronelle,0,3,3
Peronica,0,3,3
Peroniek,3,0,3
Peronik,3,0,3
Peronna,0,3,3
Perónne,0,3,3
Pèronne,0,3,3
Perônne,0,3,3
Péronneke,0,3,3
Perosaya,0,3,3
Peroschka,0,3,3
Perou,0,3,3
Peroushka,0,3,3
Perouska,0,3,3
Perouz,0,3,3
Peroz,3,0,3
Perparim,3,0,3
Perpe,0,3,3
Perpetual,0,3,3
Perpetura,0,3,3
Perpina,0,3,3
Perretta,0,3,3
Perrette,0,3,3
Perrey,0,3,3
Pérrez,3,0,3
Perrezio,3,0,3
Pérries,0,3,3
Pèrrish,3,0,3
Perriz,0,3,3
Perrl,0,3,3
Perro,3,0,3
Perrol,3,0,3
Pérrone,0,3,3
Perrone,0,3,3
Perronick,3,0,3
Perronne,0,3,3
Pérronne,0,3,3
Perruchia,0,3,3
Perrus,3,0,3
Perry-Marcel,3,0,3
Perryd,3,0,3
Perrÿn,3,0,3
Perrys,3,0,3
Persainé,0,3,3
Persan,3,0,3
Persand,3,0,3
Persant,3,0,3
Perschina,0,3,3
Persé,3,0,3
Perseijn,3,0,3
Perselan,0,3,3
Perseo,3,0,3
Perséphone,0,3,3
Persephoney,0,3,3
Persephoni,0,3,3
Persetanny,0,3,3
Perseverantia,0,3,3
Persevere-Christ,3,0,3
Perseverenda,0,3,3
Persey,3,0,3
Pershad,3,0,3
Pershin,0,3,3
Pershiya,3,0,3
Perside,0,3,3
Persius,3,0,3
Persly,3,0,3
Persoeram,3,0,3
Person,3,0,3
Persphone,0,3,3
Persy,3,0,3
Pert,3,0,3
Pertaab,3,0,3
Pertabnarain,3,0,3
Pertabsingh,3,0,3
Pertapbhansingh,3,0,3
Pertapsingh,3,0,3
Pèrte,3,0,3
Perth,0,3,3
Pertik,3,0,3
Pertjhoem,0,3,3
Pertrina,0,3,3
Pertsz,3,0,3
Pertu,3,0,3
Pertuna,0,3,3
Pèru,0,3,3
Peruar,3,0,3
Perucha,0,3,3
Perugina,0,3,3
Perunjay,3,0,3
Perusa,0,3,3
Perushca,0,3,3
Perusina,0,3,3
Pervaiz,3,0,3
Perveena,0,3,3
Perveendebie,0,3,3
Pervenche,0,3,3
Perveshsingh,3,0,3
Pervil,3,0,3
Pervinder,3,0,3
Pervine,3,0,3
Pervish,3,0,3
Perween,0,3,3
Perwèr,3,0,3
Perwerish,3,0,3
Perweshkumar,3,0,3
Perwez,0,3,3
Perwich,3,0,3
Perwienkumar,3,0,3
Perwirayandi,3,0,3
Peryan,0,3,3
Peryne,0,3,3
Perynne,0,3,3
Perysia,0,3,3
Perzeil,0,3,3
Perzia,0,3,3
Pesandy,0,3,3
Pesca,3,0,3
Pescara,0,3,3
Pescatore,0,3,3
Peschiera,0,3,3
Pesel,0,3,3
Peşeng,0,3,3
Pesewa,3,0,3
Peshang,3,0,3
Peshmarga,3,0,3
Peshwa,3,0,3
Peshwan,3,0,3
Peskeft,3,0,3
Pesmerge,3,0,3
Pession,0,3,3
Pesuri,3,0,3
Peşvin,0,3,3
Pèt,3,0,3
Pêt,3,0,3
Petala,3,0,3
Petan,3,0,3
Petanja,0,3,3
Petár,3,0,3
Petarco,3,0,3
Petarda,0,3,3
Petarina,0,3,3
Petca,3,0,3
Petchara,0,3,3
Petchina,0,3,3
Petchino,3,0,3
Petcho,3,0,3
Petcov,3,0,3
Petdyar,3,0,3
Péte,3,0,3
Peté,3,0,3
Petedina,0,3,3
Petekcan,0,3,3
Peteke,0,3,3
Petembue,3,0,3
Petentia,0,3,3
Petèr,3,0,3
Peter-Adriaan,3,0,3
Peter-Albert,3,0,3
Peter-Alix,3,0,3
Peter-Anders,3,0,3
Peter-Ante,3,0,3
Peter-Antonie,3,0,3
Peter-arie,3,0,3
Peter-Arjan,3,0,3
Peter-August,3,0,3
Peter-Bjørn,3,0,3
Peter-Bob,3,0,3
Peter-Carla,3,0,3
Peter-Coenraad,3,0,3
Peter-Constantijn,3,0,3
Peter-Derk,3,0,3
Peter-dirk,3,0,3
Peter-Eduard,3,0,3
Peter-Eric,3,0,3
Peter-Evert,3,0,3
Peter-Falk,3,0,3
Peter-Faraji,3,0,3
Peter-Georg,3,0,3
Peter-Gerard,3,0,3
Peter-Han,3,0,3
Peter-Hans-Josef,3,0,3
Peter-Heinz,3,0,3
Peter-Hugo,3,0,3
Peter-Izak,3,0,3
Peter-Jacobus,3,0,3
Peter-Jacques,3,0,3
Peter-Jantinus,3,0,3
Peter-Jens,3,0,3
Peter-Joaquin,3,0,3
Peter-Joost,3,0,3
Peter-Jorgen,3,0,3
Peter-José,3,0,3
Peter-Joseph,3,0,3
Peter-Justin,3,0,3
Peter-Kees,3,0,3
Peter-Koen,3,0,3
Peter-Laurent,3,0,3
Peter-Maarten,3,0,3
Peter-Marco,3,0,3
Peter-Marius,3,0,3
Peter-Marten,3,0,3
Peter-Martin,3,0,3
Peter-Melvin,3,0,3
Peter-Michael,3,0,3
Peter-Michiel,3,0,3
Peter-Mieke,3,0,3
Peter-Nicolaas,3,0,3
Peter-Pascal,3,0,3
Peter-paul,3,0,3
Peter-Pepijn,3,0,3
Peter-Pim,3,0,3
Peter-Reint,3,0,3
Peter-Richard,3,0,3
Peter-Robert,3,0,3
Peter-Robertus,3,0,3
Peter-Roel,3,0,3
Peter-Ronald,3,0,3
Peter-Scott,3,0,3
Peter-Son,3,0,3
Peter-Tijs,3,0,3
Petéra,0,3,3
Peterdick,3,0,3
Peterdien,0,3,3
Peterdiena,0,3,3
Peterhans,3,0,3
Peterharald,3,0,3
Peteri,0,3,3
Peterianne,0,3,3
Petericia,0,3,3
Petericus,3,0,3
Peterik,3,0,3
Peterinus,3,0,3
Peterisia,0,3,3
Peteritcho,3,0,3
Peterius,3,0,3
Peterjelle,3,0,3
Peterjosephia,0,3,3
Peterjosephius,3,0,3
Peterle,0,3,3
Petermina,0,3,3
Peternela,0,3,3
Peterneles,3,0,3
Peterneli,0,3,3
Peternelleke,0,3,3
Peternelli,0,3,3
Peternellus,3,0,3
Peterni,0,3,3
Peternilia,0,3,3
Peternilla,0,3,3
Peternille,0,3,3
Peteronela,0,3,3
Peterowna,0,3,3
Peterpim,3,0,3
Peterrus,3,0,3
Petèrs,0,3,3
Peterstinus,3,0,3
Petersøn,3,0,3
Petertje-Nel,0,3,3
Peterton,3,0,3
Peterusca,0,3,3
Peteryn,0,3,3
Pethahja,3,0,3
Pethen,3,0,3
Pethernela,0,3,3
Petherus,3,0,3
Pethnamnung,3,0,3
Pethrarco,3,0,3
Pethreo,3,0,3
Pethu,3,0,3
Pethuel,3,0,3
Pethuël,3,0,3
Péti,0,3,3
Pétie,0,3,3
Petiny,0,3,3
Petit-Loup,0,3,3
Petita,0,3,3
Petjan,3,0,3
Petnada,0,3,3
Petneni,0,3,3
Petó,3,0,3
Petö,3,0,3
Peto-Alune,3,0,3
Petoe,3,0,3
Petom,3,0,3
Petor,3,0,3
Petori,3,0,3
Petr-Henry,3,0,3
Petrá,0,3,3
Petra-Ann,0,3,3
Petra-Anne,0,3,3
Petra-Berdien,0,3,3
Petra-Christine,0,3,3
Petra-Cora,0,3,3
Petra-Corrinne,0,3,3
Petra-Dennis,0,3,3
Petra-José,0,3,3
Petra-Josée,0,3,3
Petra-Karianne,0,3,3
Petra-Kelly,0,3,3
Petra-Lisa,0,3,3
Petra-Maria,0,3,3
Petra-Nella,0,3,3
Petra-Paula,0,3,3
Petra-Rose,0,3,3
Petra-Rosita,0,3,3
Petra-Wieke,0,3,3
Petra-Yolanda,0,3,3
Petradina,0,3,3
Petralina,0,3,3
Petralita,0,3,3
Petram,3,0,3
Pètran,3,0,3
Pétran,3,0,3
Petranell,0,3,3
Petranilia,0,3,3
Petranito,0,3,3
Petrannella,0,3,3
Petranynke,0,3,3
Petraonella,0,3,3
Petrarda,0,3,3
PetraRose,0,3,3
Pétras,3,0,3
Petraschka,0,3,3
Petrasiena,0,3,3
Petreine,0,3,3
Petrek,3,0,3
Petrel,0,3,3
Petrelli,0,3,3
Petrend,3,0,3
Petreska,0,3,3
Pètri,3,0,3
Pêtri,3,0,3
Petrianty,0,3,3
Pétricia,0,3,3
Petriëee,0,3,3
Petriell,3,0,3
Petrienna,0,3,3
Petrij,0,3,3
Pètrik,3,0,3
Petrika,0,3,3
Petrin,0,3,3
Petrinella,0,3,3
Petrinelle,0,3,3
Pétrique,3,0,3
Petrique,0,3,3
Petris,3,0,3
Petrisa,0,3,3
Petrisch,0,3,3
Petró,3,0,3
Petro's,3,0,3
Petro-Elly,0,3,3
Petrocha,0,3,3
Petroël,3,0,3
Petroelly,0,3,3
Petroëlly,0,3,3
Petroeshka,0,3,3
Petroeskha,0,3,3
Petrolardus,3,0,3
Petrolena,0,3,3
Petrolina,0,3,3
Petrolinda,0,3,3
Petrolla,0,3,3
Pétron,3,0,3
Petronald,3,0,3
Petronardus,3,0,3
Petronbella,0,3,3
Pétrone,3,0,3
Petroneel,3,0,3
Petronelé,0,3,3
Petronelie,0,3,3
Petronelius,3,0,3
Petronella-Anna,0,3,3
Petronella-Janna,0,3,3
Petronelletje,0,3,3
Petronellij,0,3,3
Petronellis,3,0,3
Petronellla,3,0,3
Petronello,3,0,3
Petronet,0,3,3
Petronéüs,3,0,3
Petronice,0,3,3
Petronicia,0,3,3
Petronida,0,3,3
Petroniel,3,0,3
Petroniella,0,3,3
Petronihlia,0,3,3
Petronilio,3,0,3
Pétronne,0,3,3
Petronolla,0,3,3
Petrorika,0,3,3
Pétros,3,0,3
Pëtros,3,0,3
Petrosa,0,3,3
Petrosj,3,0,3
Petrosjan,3,0,3
Petrouschka-Sabrina,0,3,3
Petrovic,3,0,3
Petrovilja,0,3,3
Petrovsjka,0,3,3
Petrowa,0,3,3
Petrowitch,3,0,3
Petroy,3,0,3
Petruda,0,3,3
Petrude,0,3,3
Petruis,3,0,3
Petrulia,0,3,3
Petrum,3,0,3
Petrunka,0,3,3
Petrursson,3,0,3
Petrus-Henricus,3,0,3
Petrus-Jan,3,0,3
Petrus-Johannes,3,0,3
Petrus-Marinus,3,0,3
Petrus-Paul,3,0,3
Petrus-Piet,3,0,3
Petrusan,0,3,3
Petrusca,0,3,3
Petruschca,0,3,3
Petrushkin,3,0,3
Petrusina,0,3,3
Petrusjka,0,3,3
Petrūskā,0,3,3
Petruška,0,3,3
Petruško,3,0,3
PetrusLeonardus,3,0,3
PetrusMaria,3,0,3
Petrussina,0,3,3
Petrusya,0,3,3
Petruszoon,3,0,3
Petruz,3,0,3
Pétry,3,0,3
Petsy,0,3,3
Petta,0,3,3
Pette,3,0,3
Petterick,3,0,3
Petterszn,3,0,3
Pettino,3,0,3
Pettrel,3,0,3
Pettri,0,3,3
Pettrick,3,0,3
Pettrina,0,3,3
Pettula,0,3,3
Petu,3,0,3
Petuella,0,3,3
Petunia,0,3,3
Petus,3,0,3
Petwin,3,0,3
Péty,0,3,3
Petyo,3,0,3
Petyr,3,0,3
Petyre,0,3,3
Petyula,0,3,3
Peulah,0,3,3
Peulan,3,0,3
Peuly,0,3,3
Peurcey,3,0,3
Peurci,3,0,3
Pevan,3,0,3
Pevi,0,3,3
Pevruze,0,3,3
Pewa,0,3,3
Pewan,3,0,3
Pewankumar,3,0,3
Pewin,0,3,3
Pewitra,0,3,3
Pewlin,0,3,3
Pex,3,0,3
Péy,3,0,3
Peya,0,3,3
Peyda,3,0,3
Peyka,0,3,3
Peykar,3,0,3
Peyle,0,3,3
Peyoush,3,0,3
Peyre,3,0,3
Peyruza,0,3,3
Peyter,3,0,3
Peythen,0,3,3
Peytro,3,0,3
Peyzman,3,0,3
Pezis,3,0,3
Pfarrell,3,0,3
PFC,3,0,3
Pfeiffer,0,3,3
Pferryl,0,3,3
PFH,3,0,3
Pfilein,3,0,3
PGA,3,0,3
PGL,3,0,3
PHA,0,3,3
Pha,0,3,3
Phaa-Joe,3,0,3
Phaak,3,0,3
Phaaya,0,3,3
Phabbs,0,3,3
Phabian,3,0,3
Phabijaine,0,3,3
Phabriëla,0,3,3
Phacelia,0,3,3
Phadi,0,3,3
Phadmawatie,0,3,3
Phadmini,0,3,3
Phae-Lynn,0,3,3
Phaeánisha,0,3,3
Phaeda,0,3,3
Phaede,0,3,3
Phaeden,3,0,3
Phaedon,3,0,3
Phäedra,0,3,3
Phaédra,0,3,3
Phaedrah,0,3,3
Phaedrus,3,0,3
Phaedry,0,3,3
Phael,3,0,3
Phaël,3,0,3
Phaelan,3,0,3
Phaëliana,0,3,3
Phaëll,3,0,3
Phaelyan,0,3,3
Phaelyse,0,3,3
Phaerda,0,3,3
Phaëro,3,0,3
Phaerredy,0,3,3
Phaerynn,3,0,3
Phaeshanique,0,3,3
Phaëviana,0,3,3
Phaeylina,0,3,3
Phaf,0,3,3
Phahiman,0,3,3
Phaida,0,3,3
Phaidon,3,0,3
Phailrene,0,3,3
Phaïn,3,0,3
Phairalynn,0,3,3
Phairoh,0,3,3
Phairon,3,0,3
Phairot,3,0,3
Phaisan,3,0,3
Phakawynn,3,0,3
Phakeme,3,0,3
Phakhin,3,0,3
Phakin,3,0,3
Phakornphubodin,3,0,3
Phalad,3,0,3
Phalaeno,3,0,3
Phalak,0,3,3
Phaleesha,0,3,3
Phaleria,0,3,3
Phalguni,0,3,3
Phalin,0,3,3
Phalon,3,0,3
Phaloreysah,0,3,3
Phalyn,0,3,3
Phamar,0,3,3
Phan-Fei,3,0,3
Phan-Giang,3,0,3
Phan-Sing,3,0,3
Phanaela,0,3,3
Phancey,0,3,3
Phandera,0,3,3
Phane,0,3,3
Phanel,3,0,3
Phang,0,3,3
Phanida,0,3,3
Phanila,0,3,3
Phanna,0,3,3
Phannara,0,3,3
Phannarai,0,3,3
Phanousha,0,3,3
Phansathon,3,0,3
Phantagarow,0,3,3
Phanthira,0,3,3
Phánuël,3,0,3
Phánuel,3,0,3
Phanukhin,3,0,3
Phanuphan,3,0,3
Phanyakorn,3,0,3
Phaômé,0,3,3
Phaon,3,0,3
Phap,3,0,3
Phapratarn,0,3,3
Pharaezjah,0,3,3
Pharaï,0,3,3
Pharaild,3,0,3
Pharaildo,3,0,3
Pharaily,0,3,3
Pharaisa,0,3,3
Pharamita,0,3,3
Pharamont,3,0,3
Pharaoh-Benjamin,3,0,3
Pharaohe,3,0,3
Pharaon,3,0,3
Pharbatie,0,3,3
Pharbawatie,0,3,3
Phardin,3,0,3
Phardinia,0,3,3
Phareell,0,3,3
Pharees,3,0,3
Pharél,3,0,3
Pharel,3,0,3
Pharèll,3,0,3
Pharell-Gino,3,0,3
Pharell-Justice,0,3,3
Pharelle,3,0,3
Pharello,3,0,3
Pharelly,0,3,3
Pharenissa,0,3,3
Pharessa,0,3,3
Pharhilde,0,3,3
Phariciaro,3,0,3
Pharick,3,0,3
Phariëll,0,3,3
Pharikshad,3,0,3
Pharildus,3,0,3
Pharinho,3,0,3
Pharisha,0,3,3
Pharley,3,0,3
Pharmanand,3,0,3
Pharmely,0,3,3
Pharoënisa,0,3,3
Pharon,3,0,3
Pharoni,0,3,3
Pharous,3,0,3
Pharrailly,0,3,3
Pharrèl,0,3,3
Phàrrell,3,0,3
Pharrelle,0,3,3
Pharrellio,3,0,3
Pharrez,3,0,3
Pharris,3,0,3
Pharrogkh,3,0,3
Phartenius,3,0,3
Pharvad,3,0,3
Pharvati,0,3,3
Pharveen,0,3,3
Pharwathie,0,3,3
Phary,0,3,3
Phascasius,3,0,3
Phassion,0,3,3
Phatchanon,3,0,3
Phatcharida,0,3,3
Phathoem,0,3,3
Phatik,0,3,3
Phatmata,0,3,3
Phatrick,3,0,3
Phatsakon,3,0,3
Phattaramin,0,3,3
Phattia,0,3,3
Phaung,3,0,3
Phavian,3,0,3
Phawankumar,3,0,3
Phawenkoemar,3,0,3
Phayao,3,0,3
Phayden,0,3,3
Phaydra,0,3,3
Phayelynn,0,3,3
Phayen,0,3,3
Phayén,0,3,3
Phaylon,3,0,3
Phayom,0,3,3
Phea,0,3,3
Pheadiana,0,3,3
Pheadianna,0,3,3
Pheadien,3,0,3
Pheadon,3,0,3
Phéadrae,0,3,3
Pheadriën,3,0,3
Pheakdei,3,0,3
Pheakdey,0,3,3
Phealana,0,3,3
Pheban,3,0,3
Phebé,0,3,3
Pheber-Siedt,3,0,3
Phebri,0,3,3
Phéby,0,3,3
Pheck,0,3,3
Phédéline,0,3,3
Phedmanie,0,3,3
Phédra,0,3,3
Phédre,0,3,3
Phee,0,3,3
Pheenixs,0,3,3
Phehuiah,0,3,3
Pheidra,0,3,3
Pheie,3,0,3
Phélein,0,3,3
Phelemena,0,3,3
Pheli,0,3,3
Phelia,0,3,3
Phélicia,0,3,3
Phelie,0,3,3
Phélien,0,3,3
Phéliene,0,3,3
Phelijn,0,3,3
Phelijne,0,3,3
Phelim,3,0,3
Phélime,3,0,3
Phelimon,3,0,3
Phélin,0,3,3
Phelina,0,3,3
Phèlina,0,3,3
Phélip,3,0,3
Phélippe,3,0,3
Phelippe,0,3,3
Phelippo,3,0,3
Phélix,3,0,3
Phellaini,3,0,3
Phellon,3,0,3
Phellyn,0,3,3
Phelomene,3,0,3
Phelomeno,3,0,3
Phélomine,0,3,3
Pheloso,0,3,3
Phélou,0,3,3
Phelps,3,0,3
Phelua,0,3,3
Phely,0,3,3
Phelyne,0,3,3
Phema,0,3,3
Phender,3,0,3
Phenehas,3,0,3
Phenélope,0,3,3
Phenenna,0,3,3
Phenera,0,3,3
Phenerike,0,3,3
Phenice,0,3,3
Phenicia,0,3,3
Phenilson,3,0,3
Phénix,3,0,3
Phenmar,3,0,3
Phenno,3,0,3
Phenomena,0,3,3
Phentony,3,0,3
Phenyo,3,0,3
Pheofania,0,3,3
Pheona,0,3,3
Phepyta,0,3,3
Phèra,0,3,3
Phera,0,3,3
Pherano,3,0,3
Pherdita,0,3,3
Phereniké,0,3,3
Phereniqe,0,3,3
Phërëse,0,3,3
Pheria,0,3,3
Pherinió,3,0,3
Pherlisha,0,3,3
Phermishano,3,0,3
Phêrô,3,0,3
Pherom,3,0,3
Phèron,3,0,3
Pheron,3,0,3
Pheroussa,0,3,3
Pherouza,0,3,3
Pherra,0,3,3
Pherrell,3,0,3
Pherron,3,0,3
Pherry,3,0,3
Pherrycia,0,3,3
Phersephony,0,3,3
Pherson,3,0,3
Pheruxha,0,3,3
Phet,3,0,3
Phetchara,0,3,3
Phetcharat,0,3,3
Phetida,0,3,3
Phew,0,3,3
Phey,3,0,3
Pheyliënne,0,3,3
Pheyline,0,3,3
Pheyon,3,0,3
Pheysà,0,3,3
PHG,3,0,3
Phibiënne,0,3,3
Phichai,3,0,3
Phichaiyot,3,0,3
Phichamon,0,3,3
Phico,3,0,3
Phidani,0,3,3
Phidelio,3,0,3
Phiechra,0,3,3
Phiel,3,0,3
Phieleine,0,3,3
Phielia,0,3,3
Phieliene,0,3,3
Phielmondus,3,0,3
Phielomea,0,3,3
Phielomena,0,3,3
Phiena,0,3,3
Phieneas,3,0,3
Phiënnely,0,3,3
Phienox,0,3,3
Phiesces,0,3,3
Phiet-Njoek,0,3,3
Phieta,0,3,3
Phiety,0,3,3
Phigit,3,0,3
Phiguiré,0,3,3
Phihelmina,0,3,3
Phihung,3,0,3
Phijak,3,0,3
Phijanan,3,0,3
Phijlicia,0,3,3
Phijlothea,0,3,3
Phijoena,0,3,3
Phik,0,3,3
Phil-Robert,3,0,3
Philaberta,0,3,3
Philamijna,0,3,3
Philander,3,0,3
Philant,3,0,3
Philanthe,0,3,3
Philberth,3,0,3
Philbin,3,0,3
Philby,0,3,3
Phildina,0,3,3
Phildoresia,0,3,3
Philea,0,3,3
Phileah,0,3,3
Philear,0,3,3
Philéas,3,0,3
Phileau,0,3,3
Phileberte,0,3,3
Philegona,0,3,3
Phileina,0,3,3
Philèine,0,3,3
Philéine,0,3,3
Phileìne,0,3,3
Phìleine,0,3,3
Phileine-Laureen,0,3,3
Phileine-Lola,0,3,3
Phileine-Sarah,0,3,3
Philema,0,3,3
Philemaine,0,3,3
Philemea,0,3,3
Philemen,0,3,3
Phileméne,0,3,3
Philemène,0,3,3
Philemeüs,3,0,3
Philemien,0,3,3
Philemine,0,3,3
Philemone,0,3,3
Philémonne,0,3,3
Philenne,0,3,3
Phileo,3,0,3
Philepena,0,3,3
Philepona,0,3,3
Phileppien,0,3,3
Phileppina,0,3,3
Phileppine,0,3,3
Phileps,3,0,3
Philesia,0,3,3
Philestina,0,3,3
Philetta,0,3,3
Philhène,0,3,3
Philía,0,3,3
Philiana,0,3,3
Philiandro,3,0,3
Philianny,0,3,3
Philibért,3,0,3
Philiberte,0,3,3
Philice,0,3,3
Philicette,0,3,3
Philicien,3,0,3
Philicio,3,0,3
Philiën,0,3,3
Philiha,3,0,3
Philijn,0,3,3
Philinde,0,3,3
Philine-Negel,0,3,3
Philinn,0,3,3
Philinne,0,3,3
Philios,3,0,3
Philíp,3,0,3
Philip-André,3,0,3
Philip-Anton,3,0,3
Philip-Frank,3,0,3
Philip-Jeen,3,0,3
Philip-Johan,3,0,3
Philip-Meas,3,0,3
Philip-Montgomery,3,0,3
Philip-Roderick,3,0,3
Philipbert,3,0,3
Philiph,3,0,3
Philiphenk,3,0,3
Philiphia,0,3,3
Philipinna,0,3,3
Philipino,3,0,3
Philipinus,3,0,3
Philipje,3,0,3
Philippa-Neria,0,3,3
Philippas,3,0,3
Philíppe,3,0,3
Philippe-Albèrt,3,0,3
Philippe-Anne,3,0,3
Philippe-Emile,3,0,3
Philippe-George,3,0,3
Philippe-Olivier,3,0,3
Philippe-Rogier,3,0,3
Philippetta,0,3,3
Philippiene,0,3,3
Philippientje,0,3,3
Philippis,3,0,3
Philippona,3,0,3
Philipppus,3,0,3
Philippus-Alexander,3,0,3
PhilipRosøn,3,0,3
Philipsina,0,3,3
Philique,0,3,3
Philisantha,0,3,3
Philischa,0,3,3
Philisha,0,3,3
Philishandro,3,0,3
Philisia,0,3,3
Philista,0,3,3
Philistina,0,3,3
Philitas,0,3,3
Philitcio,3,0,3
Philitikos,3,0,3
Philito,3,0,3
Philius,3,0,3
Philiza,0,3,3
Philja,0,3,3
Philjan,3,0,3
Phill-Marie,0,3,3
Phill-Michaël,3,0,3
Philla,0,3,3
Phillebert,3,0,3
Phillen,3,0,3
Phillène,0,3,3
Phillene,0,3,3
Philléne,0,3,3
Philleo,3,0,3
Phillep,3,0,3
Phillepien,0,3,3
Phillibert,3,0,3
Phillibertha,0,3,3
Phillie,3,0,3
Phillion,3,0,3
Phillip-James,3,0,3
Phillip-Jan,3,0,3
Philliph,3,0,3
Philliphina,0,3,3
Phillipien,0,3,3
Phillipiene,0,3,3
Phillipijntje,0,3,3
Phillipo,3,0,3
Phillipos,3,0,3
Phillippes,3,0,3
Phillissia,0,3,3
Philloe,0,3,3
Phillomaine,0,3,3
Phillomene,0,3,3
Phillomina,0,3,3
Phillyon,3,0,3
Philmont,3,0,3
Philny,0,3,3
Philo-Florentijn,3,0,3
Philobert,3,0,3
Philoe,0,3,3
Philogène,3,0,3
Philogene,3,0,3
Philogenius,3,0,3
Philogine,0,3,3
Philogonius,3,0,3
Philologos,3,0,3
Philom'ene,0,3,3
Philomain,0,3,3
Philomaina,0,3,3
Philomè,0,3,3
Philomee,0,3,3
Philomeijn,0,3,3
Philomele,0,3,3
Philomena-Johanna,0,3,3
Philomené,3,0,3
Philomenè,0,3,3
Philomėne,0,3,3
Philomeus,3,0,3
Philomey,0,3,3
Philomin,3,0,3
Philomino,0,3,3
Philominus,3,0,3
Philomize,0,3,3
Philomone,3,0,3
Philomyna,0,3,3
Philona,0,3,3
Philong,3,0,3
Philopatier,3,0,3
Philopatyr,3,0,3
Philoppina,0,3,3
Philoraïza,0,3,3
Philos,3,0,3
Philosofia,0,3,3
Philosophy,0,3,3
Philostina,0,3,3
Philotea,0,3,3
Philothé,0,3,3
Philotheo,0,3,3
Philoupine,0,3,3
Philoxenia,0,3,3
Philriann,0,3,3
Philron,3,0,3
Philyan,3,0,3
Philyra,0,3,3
Philysia,0,3,3
Phimburanee,0,3,3
Phimeyu,0,3,3
Phimyada,0,3,3
Phinaeus,3,0,3
Phinah,0,3,3
Phinally,0,3,3
Phinè,0,3,3
Phinea,0,3,3
Phinean,3,0,3
Phinelly,0,3,3
Phinet,0,3,3
Phinety,0,3,3
Phinhas,3,0,3
Phinian,3,0,3
Phínique,0,3,3
Phinne,3,0,3
Phinneaus,3,0,3
Phinney,3,0,3
Phins,3,0,3
Phinte,0,3,3
Phiona,0,3,3
Phip,3,0,3
Phira,0,3,3
Phirapon,3,0,3
Phirels,0,3,3
Phiri,3,0,3
Phirmina,3,0,3
Phirous,3,0,3
Phiroza,0,3,3
Phirthvee,3,0,3
Phirtse,0,3,3
Phishy,0,3,3
Phita,0,3,3
Phitie,0,3,3
Phityaporn,0,3,3
Phius,3,0,3
Phivos,3,0,3
Phkai,3,0,3
Phlantinus,3,0,3
Phlien,0,3,3
Phlippina,0,3,3
Phlodurae,0,3,3
Phlyn,3,0,3
PHM,3,0,3
Phniël,3,0,3
Phóc,0,3,3
Phoe,3,0,3
Phoeba,0,3,3
Phoêbe,0,3,3
Phoebe-Alvera,0,3,3
Phoebe-Hitzera,0,3,3
Phoebe-Mae,0,3,3
Phoebe-Naomi,0,3,3
Phoedja,0,3,3
Phóei,0,3,3
Phoei-Jing,0,3,3
Phoei-Teng,0,3,3
Phoei-Yi,0,3,3
Phoei-Ying,0,3,3
Phoeldarie,0,3,3
Phoeldjarie,0,3,3
Phoelesia,0,3,3
Phoeljharie,0,3,3
Phoelkiendivie,0,3,3
Phoempieti,3,0,3
Phoenicia,0,3,3
Phoenixx,0,3,3
Phôi,0,3,3
Phoibos,3,0,3
Phok,3,0,3
Phoke,0,3,3
Phollyka,3,0,3
Phomas,3,0,3
Phon,0,3,3
Phong-Huy,3,0,3
Phongsri,0,3,3
Phonp,3,0,3
Phons,3,0,3
Phonsawan,0,3,3
Phonse,3,0,3
Phonsiri,0,3,3
Phoo,0,3,3
Phoodja,0,3,3
Phoojadevie,0,3,3
Phooldjaria,0,3,3
Phoolesia,0,3,3
Phoolmati,0,3,3
Phoomjai,3,0,3
Phoothana,3,0,3
Phorcys,3,0,3
Phorein,3,0,3
Phorfaai,0,3,3
Phosia,0,3,3
Phoube,0,3,3
Phouc,3,0,3
Phounton,3,0,3
Phox,0,3,3
Phraise,0,3,3
Phranav,3,0,3
Phraow,0,3,3
Phreadaliënne,0,3,3
Phreddy,0,3,3
Phrederique,0,3,3
Phreny,0,3,3
Phresaand,3,0,3
Phresant,3,0,3
Phreylicio,3,0,3
Phreyshaly,0,3,3
Phria,0,3,3
Phristan,3,0,3
Phrom,3,0,3
Phruelio,3,0,3
Phryand,3,0,3
Phryne,0,3,3
Phrysillia,0,3,3
Phrytz,3,0,3
Phu-Sa,0,3,3
Phubadin,3,0,3
Phubodee,3,0,3
Phuć,3,0,3
Phuç,0,3,3
Phuc-Hai,3,0,3
Phuc-Long,3,0,3
Phuc-Minh,3,0,3
Phuc-Xuan,0,3,3
Phucduy,3,0,3
Phui-San,0,3,3
Phui-Yee,0,3,3
Phui-Yen,0,3,3
Phul,3,0,3
Phulkumari,0,3,3
Phulpina,0,3,3
Phulvanti,0,3,3
Phumphat,3,0,3
Phunoppakun,3,0,3
Phuntsok,3,0,3
Phuóc,0,3,3
Phuoc-Loc,3,0,3
Phuog,0,3,3
Phuong-Anh,0,3,3
Phuong-Ha,0,3,3
Phuong-Vy,0,3,3
Phuonglinh,0,3,3
Phupa,3,0,3
Phurba,3,0,3
Phurgil,3,0,3
Phurichaya,3,0,3
Phuriza,0,3,3
Phusid,3,0,3
Phutawan,3,0,3
Phuthi,3,0,3
Phutthinat,3,0,3
Phuy,0,3,3
Phwiphong,3,0,3
Phy,3,0,3
Phyana,0,3,3
Phydias,3,0,3
Phyl,0,3,3
Phylana,0,3,3
Phylaney,0,3,3
Phylea,0,3,3
Phyleen,0,3,3
Phylemon,3,0,3
Phyléna,0,3,3
Phyliana,0,3,3
Phylica,0,3,3
Phylicita,0,3,3
Phylicity,0,3,3
Phylin,0,3,3
Phylip,3,0,3
Phylippa,0,3,3
Phyliscia,0,3,3
Phylisha,0,3,3
Phyliss,0,3,3
Phyllgain,3,0,3
Phyllia,0,3,3
Phyllian,3,0,3
Phyllifia,0,3,3
Phyllis-Ann,0,3,3
Phylliscia,0,3,3
Phyllysia,0,3,3
Phylnevia,0,3,3
Phylómaine,0,3,3
Phylomen,0,3,3
Phylomene,0,3,3
Phylomien,0,3,3
Phylomijn,0,3,3
Phylomina,3,0,3
Phylona,0,3,3
Phylp,3,0,3
Phylyne,0,3,3
Phynely,0,3,3
Phyo-Eraycya,0,3,3
Phyo-Jurancya,0,3,3
Phyra,0,3,3
Phyrine,0,3,3
Phyrne,0,3,3
Phyrom,3,0,3
Phyron,3,0,3
Physiola,0,3,3
Physique-Da'Röché,3,0,3
Phytia,0,3,3
Phyton,3,0,3
Pi'ilani,0,3,3
Pi-air,3,0,3
Pia-Andrea,0,3,3
Pia-Dorothea,0,3,3
Pia-Lize,0,3,3
Pia-Luise,0,3,3
Pia-Nicolette,0,3,3
Píaf,0,3,3
Piaf,0,3,3
Piah,0,3,3
Piamarina,0,3,3
Piambe,0,3,3
Pian-Lam,3,0,3
Pianca,0,3,3
Piandra,0,3,3
Piaras,3,0,3
Piatrick,3,0,3
Piatty,0,3,3
Piatus,3,0,3
Piaza,0,3,3
Piazadora,0,3,3
Piazzolla,0,3,3
Pibe,3,0,3
Picaradja,0,3,3
Picardo,3,0,3
Picas,3,0,3
Piccabo,0,3,3
Piccina,0,3,3
Picécylia,0,3,3
Pichai,3,0,3
Pichanarinn,3,0,3
Pichard,3,0,3
Pichchamutuge,0,3,3
Piched,3,0,3
Pichu,0,3,3
Pichulla,0,3,3
Pick,0,3,3
Pickering,3,0,3
Picolien,0,3,3
Pidji,3,0,3
Pidoux,0,3,3
Pidumie,0,3,3
Piebe-Hendrik,3,0,3
Piebe-Jan,3,0,3
Piecaro,3,0,3
Piechelma,0,3,3
Pieck,0,3,3
Piecke,0,3,3
Piecko,3,0,3
Pieco,0,3,3
Piedero,3,0,3
Piédra,0,3,3
Piedy,0,3,3
Piëer-Andreas,3,0,3
Pieëreta,0,3,3
Piefung,3,0,3
Pieka,3,0,3
Piekel,0,3,3
Pieletta,0,3,3
Pielinda,0,3,3
Piëlla,0,3,3
Pielo,3,0,3
Pielou,0,3,3
Pien-Feline,0,3,3
Pien-Sofie,0,3,3
Pienia,0,3,3
Pienjaïr,3,0,3
Piènjamier,3,0,3
Pienkje,0,3,3
Pienne,0,3,3
Pienshairo,3,0,3
Piènshairy,3,0,3
Pientius,3,0,3
Pieny,0,3,3
Piep,0,3,3
Piepa,0,3,3
Pièr,3,0,3
Piër,3,0,3
Pier-Anne,3,0,3
Pier-Edzard,3,0,3
Pier-Jelle,3,0,3
Pier-Johan,3,0,3
Pier-Johannes,3,0,3
Piér-Luigi,3,0,3
Pier-Luigi,3,0,3
Pier-Olrik,3,0,3
Pier-Yke,3,0,3
Pièra,0,3,3
Pieraarthana,0,3,3
Pieraje,0,3,3
Pierangelo,3,0,3
Pieranna,0,3,3
Pieranne,3,0,3
Pierard,3,0,3
Pierc,3,0,3
Piercosimo,3,0,3
Pierella,0,3,3
Piereluigi,3,0,3
Pierena,0,3,3
Pierèt,0,3,3
Piereus,3,0,3
Pieri,3,0,3
Pieries,3,0,3
Pierik,0,3,3
Pierin,3,0,3
Piërina,0,3,3
Piërine,0,3,3
Piêrino,3,0,3
Pièrino,3,0,3
Pierjan,3,0,3
Piërke,3,0,3
Pierlé,0,3,3
Piëro,3,0,3
Piero-Alberto,3,0,3
Pierone,3,0,3
Pieroschka,0,3,3
Pierot,3,0,3
Pierpaulo,3,0,3
Pierpont,3,0,3
Pierr,3,0,3
Pièrra,0,3,3
Piérra,0,3,3
Pierrè,3,0,3
Pierrë,3,0,3
Pierre-Alexandre,3,0,3
Pierre-Hendrik,3,0,3
Pierre-Henri,3,0,3
Pierre-Ine,0,3,3
Pierre-Johannes,3,0,3
Pierre-Joseph,0,3,3
Pierre-Luige,3,0,3
Pierre-Olivier,3,0,3
Pierre-Pascal,3,0,3
Pierre-Philippe,3,0,3
Pierre-René,3,0,3
Pierre-Robert,3,0,3
Pierre-Sacha,3,0,3
Pierre-Sebastien,3,0,3
Pierrega,0,3,3
Pierreke,0,3,3
Pierrèl,3,0,3
Pierrella,0,3,3
Pierrelle,0,3,3
Pierres,3,0,3
Pierretine-Tifany,0,3,3
Pierrett,0,3,3
Pierri,0,3,3
Pierrie,0,3,3
Pierrien,0,3,3
Pierrig,3,0,3
Pierrino,3,0,3
Piërro,3,0,3
Pierro-Marino,3,0,3
Pierry,3,0,3
Piërry,3,0,3
Piérryck,3,0,3
Piersandro,3,0,3
Piersilvio,3,0,3
Piert,3,0,3
Pierternella,0,3,3
Piërwanda,0,3,3
Piery,0,3,3
Pieryne,0,3,3
Piesie,3,0,3
Piessieh,3,0,3
Piet-Harm,3,0,3
Piet-Jacob,3,0,3
Piet-jan,3,0,3
Piet-Jelle,3,0,3
Piet-Johannes,3,0,3
Piet-Willem,3,0,3
Pietâ,0,3,3
Pièta,0,3,3
Pietadriana,0,3,3
Pietak,3,0,3
Pietambarie,0,3,3
Pietamber,3,0,3
Pietanja,0,3,3
Pietari,3,0,3
Pietas,3,0,3
Pieteko,0,3,3
Pietemarina,0,3,3
Pietenie,3,0,3
Pietenzy,0,3,3
Pieter-Aarnoud,3,0,3
Pieter-Albert,3,0,3
Pieter-Andrees,3,0,3
Pieter-Anne,3,0,3
Pieter-Anton,3,0,3
Pieter-Arie,3,0,3
Pieter-Arnoud,3,0,3
Pieter-Artjan,3,0,3
Pieter-Ate,3,0,3
Pieter-Atse,3,0,3
Pieter-Augus,3,0,3
Pieter-Ben,3,0,3
Pieter-Bob,3,0,3
Pieter-Boy,3,0,3
Pieter-Brand,3,0,3
Pieter-Casper,3,0,3
Pieter-Cees,3,0,3
Pieter-Chris,3,0,3
Pieter-Christian,3,0,3
Pieter-Daniel,3,0,3
Pieter-Daniël,3,0,3
Pieter-Dave,3,0,3
Pieter-Derk,3,0,3
Pieter-Dina,0,3,3
Pieter-Dirck,3,0,3
Pieter-Eduard,3,0,3
Pieter-Ernst,3,0,3
Pieter-Floris,3,0,3
Pieter-Frans,3,0,3
Pieter-Gerrit,3,0,3
Pieter-Giorgos,3,0,3
Pieter-Hans,3,0,3
Pieter-harm,3,0,3
Pieter-Heine,3,0,3
Pieter-Henri,3,0,3
Pieter-Herman,3,0,3
Pieter-Hessel,3,0,3
Pieter-Hijmen,3,0,3
Pieter-Hobbe,3,0,3
Pieter-Hugo,3,0,3
Pieter-Jacob,3,0,3
Pieter-Jacobus,3,0,3
Pieter-Jan-Ko,3,0,3
Pieter-Jans,3,0,3
Pieter-Jelles,3,0,3
Pieter-Jens,3,0,3
Pieter-Jeroen,3,0,3
Pieter-Jesse,3,0,3
Pieter-Jilles,3,0,3
Pieter-Joanna,0,3,3
Pieter-Joannes,3,0,3
Pieter-John,3,0,3
Pieter-Jord,3,0,3
Pieter-Jos,3,0,3
Pieter-Joseph,3,0,3
Pieter-Jurre,3,0,3
Pieter-Kaj,3,0,3
Pieter-Kees,3,0,3
Pieter-Kian,3,0,3
Pieter-Kleis,3,0,3
Pieter-Koert,3,0,3
Pieter-Lambert,3,0,3
Pieter-Laurens,3,0,3
Pieter-Lynn,0,3,3
Pieter-Maarten,3,0,3
Pieter-Marie,3,0,3
Pieter-Marien,3,0,3
Pieter-Marijn,3,0,3
Pieter-Marinus,3,0,3
Pieter-Mark,3,0,3
Pieter-Michael,3,0,3
Pieter-Michel,3,0,3
Pieter-Michiel,3,0,3
Pieter-Nanne,3,0,3
Pieter-Neel,0,3,3
Pieter-Nel,0,3,3
Pieter-Nelis,3,0,3
Pieter-Nella,0,3,3
Pieter-Nelly,0,3,3
Pieter-Nic,3,0,3
Pieter-Nicolaas,3,0,3
Pieter-Niek,3,0,3
Pieter-Pascal,3,0,3
Pieter-Patrick,3,0,3
Pieter-Pauwel,3,0,3
Pieter-Pim,3,0,3
Pieter-Ralph,3,0,3
Pieter-Rein,3,0,3
Pieter-Rienk,3,0,3
Pieter-Roel,3,0,3
Pieter-Ruurd,3,0,3
Pieter-Sebastiaan,3,0,3
Pieter-Stephanus,3,0,3
Pieter-Theunis,3,0,3
Pieter-Thijs,3,0,3
Pieter-Valentijn,3,0,3
Pieter-Wiebe,3,0,3
Pieter-Wieger,3,0,3
Pieter-Wytze,3,0,3
Pieteranca,0,3,3
PieterBas,3,0,3
Pieterdinand,3,0,3
Pieterdirk,3,0,3
Pieterdouwes,3,0,3
Pietereke,0,3,3
Piëteri,3,0,3
Pieterinus,3,0,3
PieterJan,3,0,3
Pieterjane,0,3,3
Pieterjanine,0,3,3
Pieterjanjozef,3,0,3
Pieterjohan,3,0,3
Pieterke-Geertje,0,3,3
Pieterlein,0,3,3
Pieterlen,3,0,3
Pieterlena,0,3,3
Pieterlien,0,3,3
Pieterliene,0,3,3
Pieterlynn,0,3,3
Pieternardus,3,0,3
Pieterneeltje,0,3,3
Pieternel-An,0,3,3
Pieterneli,0,3,3
Pieternelia,0,3,3
Pieternelie,0,3,3
Pieternella-Emma,0,3,3
Pieternella-Janneke,0,3,3
Pieternellen,0,3,3
Pieternelles,3,0,3
Pieternellij,0,3,3
Pieternellla,0,3,3
Pieternielje,0,3,3
Pieternille,0,3,3
Pieterovitch,3,0,3
Pieterovna,0,3,3
Pieterpaul,3,0,3
Pieterreina,0,3,3
Pieterrieka,0,3,3
Pieterroel,3,0,3
Pietersdochter,0,3,3
Pietersen,3,0,3
Pietersinna,0,3,3
Pieterske,0,3,3
Pieterstina,0,3,3
Pieterthy,3,0,3
Pietertine,0,3,3
Pietertsje,0,3,3
Pieterwina,0,3,3
Pieterwouter,3,0,3
Pieterz,3,0,3
Pieterzoon,3,0,3
Pieticia,0,3,3
Pietie-Anne,0,3,3
Pietien,0,3,3
Pietja,3,0,3
Pietjano,3,0,3
Pietje-Jannetje,0,3,3
Pietjo,3,0,3
Pietoes,3,0,3
Pietonny,3,0,3
Pietraj,3,0,3
Pietranjen,3,0,3
Pietrella,0,3,3
Pietrich,0,3,3
Pietrick-Jan,3,0,3
Pietriena,0,3,3
Pietriënne,0,3,3
Pietrika,0,3,3
Pietronela,0,3,3
Pietronelis,3,0,3
Pietronellie,0,3,3
Pietronelly,0,3,3
Pietronelus,3,0,3
Pietronette,0,3,3
Pietronilla,0,3,3
Pietse,3,0,3
Pietser,3,0,3
Pietsy,0,3,3
Pietternella,0,3,3
Piettrina,0,3,3
Piettronella,0,3,3
Pietzio,3,0,3
Pieux,3,0,3
Piewie,3,0,3
Piffin,0,3,3
Pifo,0,3,3
Pigafetta,0,3,3
Pigian,0,3,3
Pigot,3,0,3
Piia,0,3,3
Pijati,0,3,3
Pijay,3,0,3
Pijcke,3,0,3
Pije,3,0,3
Pijer,3,0,3
Pijeta,0,3,3
Pijje,3,0,3
Pijka,0,3,3
Pijlger,3,0,3
Pijman,3,0,3
Pijper,3,0,3
Pijter,3,0,3
Pijtter,3,0,3
Pik-Kéh,0,3,3
Pik-Ling,0,3,3
Pik-San,0,3,3
Pikaradja,0,3,3
Piké,3,0,3
Pikha,0,3,3
Pikimakiri,3,0,3
Pikkel,3,0,3
Piko,3,0,3
Piktura,0,3,3
Pilade,3,0,3
Pilanki,0,3,3
Pilanthe,0,3,3
Pilapil,0,3,3
pilar,0,3,3
Pilár,0,3,3
Pilatos,3,0,3
Pilatus,3,0,3
Pilett,0,3,3
Pili,0,3,3
Pilipp,3,0,3
Piliwano,3,0,3
Pilkelina,0,3,3
Pilkina,0,3,3
Pilla,0,3,3
Pillade,3,0,3
Pillan,3,0,3
Pillie,0,3,3
Pillmaykéñ,0,3,3
Pilly,0,3,3
Pilmayaquén,0,3,3
Pilmon,3,0,3
Pilmus,0,3,3
Pilot,3,0,3
Pilotte,0,3,3
Pilpintu,0,3,3
Piltan,3,0,3
Pilvi,0,3,3
Pilya,0,3,3
PIM,3,0,3
Pim-André,3,0,3
Pim-Jan,3,0,3
Pim-Joost,3,0,3
Pim-Joris,3,0,3
Pim-Junior,3,0,3
Pim-Paul,3,0,3
Pim-Pepijn,3,0,3
Pim-Pieter,3,0,3
Pim-Sofie,0,3,3
Pimbunganda,3,0,3
Pimmalee,0,3,3
Pimmardar,0,3,3
Pimmeline,0,3,3
Pimmeth,3,0,3
Pimonwan,0,3,3
Pimploy,0,3,3
Pimpollo,3,0,3
Pimrung,0,3,3
Pims,3,0,3
Pin-Chen,3,0,3
Pin-Hsu,3,0,3
Pinah,0,3,3
Pinarane,0,3,3
Pinas,3,0,3
Pinay,0,3,3
Pinchá,3,0,3
Pinderjeet,3,0,3
Pineas,3,0,3
Pinedo,3,0,3
Pineke,0,3,3
Pinellopi,0,3,3
Pinelopi,0,3,3
Piñero,3,0,3
Pinéta,0,3,3
Pīng,0,3,3
Ping-Shun,3,0,3
Ping-Yan,0,3,3
Pingala,0,3,3
Pingkan,0,3,3
Pingqiang,3,0,3
Pinho,0,3,3
Pini,0,3,3
Pinia,0,3,3
Pinias,3,0,3
Pinie,0,3,3
Pinina,0,3,3
Pinja,0,3,3
Pinjo,3,0,3
Pinka,0,3,3
Pinkan,0,3,3
Pinkas,3,0,3
Pinke,0,3,3
Pinkelot,0,3,3
Pinkerton,0,3,3
Pinkrah,0,3,3
Pinny,0,3,3
Pinoes,3,0,3
Pinquana,0,3,3
Pinque,0,3,3
Pinta,0,3,3
Pintje,0,3,3
Pinuccia,0,3,3
Pinucia,0,3,3
Pío,3,0,3
Piô,3,0,3
Pioen,0,3,3
Piola,0,3,3
Pion,3,0,3
Pioni,0,3,3
Pioter,3,0,3
Pioto,3,0,3
Piotv,3,0,3
Pip-Philou,0,3,3
Pipaluk,0,3,3
Pipeijn,3,0,3
Pipelie,3,0,3
Pipika,3,0,3
Pipim,3,0,3
Pipinus,0,3,3
Pipito,3,0,3
Pipka,0,3,3
Pipp-Djo,3,0,3
Pippa-Indy,0,3,3
Pippa-Joy,0,3,3
Pippa-Lynn,0,3,3
Pippa-Sofie,0,3,3
Pippaea,0,3,3
Pippah-Nowa,0,3,3
Pippalotte,0,3,3
Pippein,3,0,3
Pippelijn,0,3,3
Pippeloentje,0,3,3
Pippelotta,0,3,3
Pippelotte,0,3,3
Pippelotti,0,3,3
Pipper,0,3,3
Pippi-Ann,0,3,3
Pippi-ann,0,3,3
Pippi-Lotta,0,3,3
Pippi-Lotte,0,3,3
Pippie-Jasmijn,0,3,3
Pippien,0,3,3
Pippilotti,0,3,3
Pippine,0,3,3
Pippinella,0,3,3
Pippy-Lotte,0,3,3
Pipsan,0,3,3
Piptus,3,0,3
Piputh,3,0,3
Pipy,0,3,3
Pique,3,0,3
Piquienu,3,0,3
Pirabakini,0,3,3
Pirabu,3,0,3
Piradon,3,0,3
Pirajith,3,0,3
Pirakash,3,0,3
Piramidan,3,0,3
Piramiya,0,3,3
Piranas,3,0,3
Piraovina,0,3,3
Piraphon,3,0,3
Pirasaath,3,0,3
Pirasana,3,0,3
Pirasannah,3,0,3
Pirasannan,3,0,3
Pirashaath,3,0,3
Pirathipan,3,0,3
Piraveena,0,3,3
Piraven,3,0,3
Pirâye,0,3,3
Pirchiya,0,3,3
Pircivan,3,0,3
Pirdal,3,0,3
Pirdiep,3,0,3
Pirett,0,3,3
Piretta,0,3,3
Pirez,3,0,3
Piri,3,0,3
Pirien,0,3,3
Piriena,3,0,3
Pirieya,0,3,3
Piril,0,3,3
Pirintha,0,3,3
Piritta,0,3,3
Pirizdi,3,0,3
Pirka,0,3,3
Pirmen,3,0,3
Pirnette,0,3,3
Piro,3,0,3
Piroe,3,0,3
Piroez,3,0,3
Piroschca,0,3,3
Piroshka,0,3,3
Piroška,0,3,3
Piròszka,0,3,3
Pirot,3,0,3
Pirou,3,0,3
Pirouchka,0,3,3
Pirouline,0,3,3
Pirouz,0,3,3
Piroze,0,3,3
Pirri,0,3,3
Pirthivi,3,0,3
Piruntha,0,3,3
Pirunthalini,0,3,3
Pişar,3,0,3
Piscilla,0,3,3
Pise,3,0,3
Pishkar,3,0,3
Pista,3,0,3
Pistrano,3,0,3
Pitah,0,3,3
Pitalynn,0,3,3
Pitambar,3,0,3
Pitambarsingh,3,0,3
Pitambersing,3,0,3
Pitaya,3,0,3
Pitchou,0,3,3
Piter-Jon,3,0,3
Piter-oane,3,0,3
Piterik,0,3,3
Piternela,0,3,3
Piterneli,0,3,3
Piternelie,0,3,3
Pitharra,0,3,3
Pithia,0,3,3
Pithou,0,3,3
Pithula,0,3,3
Pitina,0,3,3
Pitiphan,3,0,3
Pitney,3,0,3
Pitny,3,0,3
Pitone,3,0,3
Pítr,3,0,3
Pitra,0,3,3
Pitricia,0,3,3
Pitro,3,0,3
Pitron,3,0,3
Pitronel,0,3,3
Pitrouschka,0,3,3
Pitry,0,3,3
Pitsir,3,0,3
Pitternella,0,3,3
Pitti,0,3,3
Pittie,0,3,3
Pitum,0,3,3
Pitur,3,0,3
Piuma,0,3,3
Pivia,0,3,3
Pivoine,0,3,3
Piwayi,0,3,3
Pixie-Fleur,0,3,3
Pixie-Li,0,3,3
Pixie-Lien,0,3,3
Pixie-Lynn,0,3,3
Pixie-Mae,0,3,3
Pixote,3,0,3
Piyali,0,3,3
Piyapong,3,0,3
Piyathida,0,3,3
Piyusha,0,3,3
Pizzo,3,0,3
PJA,3,0,3
Pjar,3,0,3
PJC,3,0,3
Pjeer,3,0,3
Pjelle,3,0,3
Pjèr,3,0,3
Pjerretha,0,3,3
Pjet,3,0,3
Pjétja,3,0,3
Pjetka,3,0,3
PJG,3,0,3
PJHM,3,0,3
Pjiero,3,0,3
Pjierre,3,0,3
Pjiétr,3,0,3
Pjittrik,0,3,3
Pjoew,0,3,3
Pjort,3,0,3
Pjot,3,0,3
Pjoter,3,0,3
Pjôtr,3,0,3
Pjotre,3,0,3
Pjotrek,3,0,3
Pjottr-Dmitri,3,0,3
PJR,3,0,3
PJV,3,0,3
PJW,3,0,3
PKM,3,0,3
PLA,3,0,3
Plaaikabuan,3,0,3
Plabon,3,0,3
Placi,3,0,3
Placidie,0,3,3
Placied,0,3,3
Placitus,3,0,3
Plagge,3,0,3
Plai,0,3,3
Plaifah,0,3,3
Plaisel,3,0,3
Plaisir,3,0,3
Plamedine,0,3,3
Plancatia,3,0,3
Plantia,0,3,3
Plantijn,3,0,3
Plantinus,3,0,3
Plasido,3,0,3
Plasina,0,3,3
Platão,3,0,3
Platina,0,3,3
Platini,0,3,3
Platrie,0,3,3
Pleasance,0,3,3
Plechelmina,0,3,3
Plechhelma,0,3,3
Plegelmus,3,0,3
Pleiade,0,3,3
Plesina,0,3,3
Plesylia,0,3,3
Plet,3,0,3
Pleuke,0,3,3
Pleum,0,3,3
Pleuneke,0,3,3
Pleunet,0,3,3
Pleunette,0,3,3
Pleunillio,3,0,3
Pleunina,0,3,3
Pleunis-Arie,3,0,3
Pleunita,0,3,3
Pleunize,0,3,3
Pleunke,0,3,3
Pleunnella,0,3,3
Pliet,0,3,3
Plighelmus,3,0,3
Plikkie,3,0,3
Plim,0,3,3
Pline,0,3,3
Plinio,3,0,3
Plinius,3,0,3
Plinke,0,3,3
PLJ,3,0,3
Ploeger,0,3,3
Ploeke,0,3,3
Plon,0,3,3
Plonieke,0,3,3
Plonij,0,3,3
Plonita,0,3,3
Plonja,0,3,3
Plonneke,0,3,3
Plonny,0,3,3
Plooi,0,3,3
Ploos,3,0,3
Ploutoon,0,3,3
Pluc,3,0,3
Plucinda,0,3,3
Pluin,0,3,3
Plukenett,3,0,3
Plune,0,3,3
Plushet,0,3,3
Pluun,0,3,3
Pluvia,0,3,3
Pløn,3,0,3
PMG,0,3,3
PMH,0,3,3
PMJ,3,0,3
PML,0,3,3
PMM,0,3,3
PMN,3,0,3
PMT,3,0,3
Pnina,0,3,3
Po-Ceng,3,0,3
Po-Jie,0,3,3
Po-Li,0,3,3
Po-Ling,0,3,3
Po-Sham,0,3,3
Po-Tin,0,3,3
Po-Tung,3,0,3
Po-Wang,0,3,3
Po-Ye,3,0,3
Po-yee,0,3,3
Poa,3,0,3
Poal,3,0,3
Poalo,3,0,3
Poalus,3,0,3
Poba,3,0,3
Poc,3,0,3
Pocahontas,0,3,3
Pochia,0,3,3
Pochra,0,3,3
Pocjwok,3,0,3
Pock,3,0,3
Poco,0,3,3
Poderosá,0,3,3
Podgajski,3,0,3
Podina,0,3,3
Podrono,0,3,3
Poë,0,3,3
Poe,0,3,3
Poe-Tai,3,0,3
Poe-Thie,0,3,3
Poeana,0,3,3
Poediasmini,3,0,3
Poedjadebie,0,3,3
Poedjowinarso,3,0,3
Poedjpandjalie,0,3,3
Poef,3,0,3
Poei-Jan,0,3,3
Poei-Lan,0,3,3
Poei-Yi,0,3,3
Poej,0,3,3
Poeja-Devi,0,3,3
Poejadevi,0,3,3
Poejanta,3,0,3
Poejiati,0,3,3
Poek,3,0,3
Poelbasia,0,3,3
Poeleke,0,3,3
Poelie,3,0,3
Poelin,0,3,3
Poeline,3,0,3
Poëm,0,3,3
Poena,0,3,3
Poenggoel,3,0,3
Poengoel,3,0,3
Poenia,0,3,3
Poenish,3,0,3
Poenjdew,3,0,3
Poenya,0,3,3
Poepa,3,0,3
Poepela,0,3,3
Poeran,3,0,3
Poerankoemar,3,0,3
Poerankumar,3,0,3
Poerbokoentjoro,3,0,3
Poerdoel,3,0,3
Poermiladewie,0,3,3
Poernama,3,0,3
Poerniema,0,3,3
Poerus,3,0,3
Poerwanto,3,0,3
Poerwokoesoemo,3,0,3
Poerwono,3,0,3
Poes,3,0,3
Poeshpa,0,3,3
Poeshpawatie,0,3,3
Poespa,0,3,3
Poespengsri,0,3,3
Poet,3,0,3
Poeteri,0,3,3
Poeti,0,3,3
Poetjo,0,3,3
Poëtry,3,0,3
Poewadon,3,0,3
Poewema,3,0,3
Poewish,3,0,3
Poey-Yie,3,0,3
Poghos,3,0,3
Pōhaikealoha,0,3,3
Pohand,3,0,3
Pohanna,0,3,3
Pohluma,0,3,3
Poi-Yee,0,3,3
Poidl,3,0,3
Poifaaj,0,3,3
Poij,0,3,3
Poika,3,0,3
Poike,3,0,3
Poiling,0,3,3
Poimandres,3,0,3
Poina,0,3,3
Pointer,3,0,3
Poipp,0,3,3
Poiratoe,0,3,3
Poirette,0,3,3
Poisina,0,3,3
Poitjono,3,0,3
Poitomè,3,0,3
Poja,0,3,3
Pokhradj,3,0,3
Poki,3,0,3
Pokke,3,0,3
Poko,3,0,3
Pokon,3,0,3
Pokpong,3,0,3
Poku-Dum,3,0,3
Pokuia,0,3,3
Pokuwaa,0,3,3
Pokuwaah,0,3,3
Pokuwah,0,3,3
Pokwaa,0,3,3
Pól,3,0,3
Pol-Yee,0,3,3
Polaina,0,3,3
Polanco,0,3,3
Polandos,0,3,3
Polani,0,3,3
Polar,0,3,3
Polàr,0,3,3
Polas,3,0,3
Polat-Ayvas,3,0,3
Polatkan,3,0,3
Polatti,3,0,3
Polcia,0,3,3
Pold,3,0,3
Poldina,0,3,3
Poldine,0,3,3
Poldino,3,0,3
Poldy,0,3,3
Poléanne,0,3,3
Polèanne,0,3,3
Polen,0,3,3
Pölen,0,3,3
Polenka,0,3,3
Polexene,0,3,3
Poleyn,0,3,3
Polgara,0,3,3
Poliama,0,3,3
Poliau,0,3,3
Poliene,0,3,3
Poligena,0,3,3
Polijcarpus,3,0,3
Polijdoor,3,0,3
Polijdore,3,0,3
Polijem,0,3,3
Polijn,0,3,3
Polikseni,0,3,3
Polin,0,3,3
Polinario,3,0,3
Polino,3,0,3
Polinus,0,3,3
Polion,3,0,3
Polita,0,3,3
Polito,3,0,3
Polivi,3,0,3
Polixène,0,3,3
Polja,0,3,3
Pollard,3,0,3
Pollette,0,3,3
Polliana,0,3,3
Pollidorus,3,0,3
Pollonia,0,3,3
Pologna,0,3,3
Polorona,0,3,3
Polowna,0,3,3
Polsia,0,3,3
Polun,3,0,3
Polyana,0,3,3
Polyanne,0,3,3
Polyantha,0,3,3
Polycarp,3,0,3
Polycarpe,3,0,3
Polychronia,0,3,3
Polykarpos,3,0,3
Polyne,0,3,3
Polynesia,0,3,3
Polyxena,0,3,3
Polyxeni,0,3,3
Pom-Marie,0,3,3
Pom-Mathis,3,0,3
Pomal,3,0,3
Pomar,3,0,3
Pombo,0,3,3
Pomelientje,0,3,3
Pomerol,0,3,3
Pommaa,0,3,3
Pommae,0,3,3
Pomme-d',0,3,3
Pomme-Lou,0,3,3
Pommelei,0,3,3
Pommeley,0,3,3
Pommelientje,0,3,3
Pommelina,0,3,3
Pommelot,0,3,3
Pommelyne,0,3,3
Pommetje,0,3,3
Pommi,0,3,3
Pommie,0,3,3
Pompei,0,3,3
Pompeja,0,3,3
Pomphilius,3,0,3
Pompidou,0,3,3
Pompie,3,0,3
Pompilia,0,3,3
Pompilio,3,0,3
Pompiliu,3,0,3
Pompon,0,3,3
Ponchella,0,3,3
Poncherello,3,0,3
Poncherillo,3,0,3
Poncke,3,0,3
Ponda,3,0,3
Pondgula,3,0,3
Ponette,0,3,3
Ponfi,3,0,3
Pong-ampha,0,3,3
Pongola,3,0,3
Pongsiri,3,0,3
Poniam,0,3,3
Ponidie,3,0,3
Ponidin,3,0,3
Ponidja,0,3,3
Poniedja,0,3,3
Ponieran,3,0,3
Poniëri,0,3,3
Ponijah,0,3,3
Ponijosh,3,0,3
Ponimoen,3,0,3
Poninten,0,3,3
Ponira,0,3,3
Ponis,3,0,3
Ponisah,0,3,3
Ponisem,0,3,3
Ponmalar,0,3,3
Ponman,3,0,3
Ponmanis,3,0,3
Ponmin,3,0,3
Ponmoli,0,3,3
Ponnampalam,3,0,3
Ponnappa,0,3,3
Ponnemah,0,3,3
Ponnidie,3,0,3
Ponnimin,3,0,3
PonSen,3,0,3
Ponshai,3,0,3
Ponte,0,3,3
Ponthius,3,0,3
Pontiac,3,0,3
Pontifex,3,0,3
Pontijn,3,0,3
Pontisina,0,3,3
Pontjo,3,0,3
Pony,0,3,3
Ponyanary,0,3,3
Ponyem,0,3,3
Ponyo,0,3,3
Ponysem,0,3,3
Poo-Kin,3,0,3
Poo-Yie,3,0,3
Poochalam,3,0,3
Poodija-Devie,0,3,3
Poodjadevi,0,3,3
Poohmika,0,3,3
Pooja-Cherina,0,3,3
Poojadevie,0,3,3
Poojah,0,3,3
Poojakoemarie,0,3,3
Poojawatie,0,3,3
Poojha,0,3,3
Poolahn,0,3,3
Poomhiran,3,0,3
Poonam-Pooja,0,3,3
Poonamdebi,0,3,3
Poonem,0,3,3
Poonpetch,0,3,3
Poop,0,3,3
Poorani,0,3,3
Poorany,0,3,3
Pooria,3,0,3
Poornimadevi,0,3,3
Poorvaj,3,0,3
Poowadon,3,0,3
Pooyadevie,0,3,3
Pooyan,3,0,3
Popbe,3,0,3
Popck,0,3,3
Popel,0,3,3
Popelientje,0,3,3
Popelina,0,3,3
Popey,0,3,3
Popi,0,3,3
Popkea,0,3,3
Popkô,3,0,3
Popkoline,0,3,3
Popleo,3,0,3
Popo,3,0,3
Poposki,3,0,3
Popowitsj,3,0,3
Pôppe,3,0,3
Poppedina,0,3,3
Poppel,3,0,3
Poppeliene,0,3,3
Poppina,0,3,3
Poppy-Fleur,0,3,3
Poppy-Kee,0,3,3
Poppy-Rose,0,3,3
Pops,0,3,3
Popson,3,0,3
Populier,3,0,3
Popwiena,0,3,3
Porã,3,0,3
Poramet,3,0,3
Poramin,3,0,3
Porcaino,3,0,3
Porchelyn,0,3,3
Porchia,0,3,3
Porcia,0,3,3
Porfetisa,3,0,3
Poria,3,0,3
Porificação,0,3,3
Porin,3,0,3
Poris,3,0,3
Porissima,0,3,3
Porn,0,3,3
Pornchanit,0,3,3
Pornima,0,3,3
Pornlert,3,0,3
Pornphansa,0,3,3
Pornrampha,0,3,3
Pornsane,3,0,3
Pornsawan,0,3,3
Poroë,0,3,3
Porpherya,0,3,3
Porphijrius,3,0,3
Porphirius,3,0,3
Porre,0,3,3
Porsché,0,3,3
Porsea,3,0,3
Porsia,0,3,3
Porthine,0,3,3
Portho,3,0,3
Portinho,3,0,3
Portja,0,3,3
Porto,3,0,3
Portorico,3,0,3
Porzia,0,3,3
Posada,3,0,3
Poshin,3,0,3
Poshya,0,3,3
Posper,3,0,3
Pospierre,3,0,3
Possedinyo,3,0,3
Posseh,0,3,3
Possum,0,3,3
Postel,0,3,3
Posthumus,3,0,3
Posy,0,3,3
Potania,0,3,3
Pothiti,0,3,3
Pothitos,3,0,3
Potírha,0,3,3
Potter,3,0,3
Pou,3,0,3
Pouja,3,0,3
Poulein,0,3,3
Poules,3,0,3
Poulete,0,3,3
Poulino,3,0,3
Poulonia,0,3,3
Poulsen,3,0,3
Poulton,3,0,3
Pouneh,0,3,3
Pouque,3,0,3
Pouran,0,3,3
Pouria,3,0,3
Pourier,3,0,3
Pouriya,3,0,3
Pourogatjso,3,0,3
Pouschia,0,3,3
Pouspha,0,3,3
Poúwel,3,0,3
Pouwela,0,3,3
Pouweldina,0,3,3
Pouweles,3,0,3
Pouwl,3,0,3
Pouwla,0,3,3
Povetrash,3,0,3
Povilas,3,0,3
Povoa,0,3,3
Pow-Jie,0,3,3
Powel,3,0,3
Power-Pew,3,0,3
Poweratius,3,0,3
Powers,0,3,3
Powerson,3,0,3
Powl,3,0,3
PowNed,0,3,3
Poy-Mea,0,3,3
Poya,3,0,3
Poyan,3,0,3
Poyel,3,0,3
Poyin,0,3,3
Poysan,0,3,3
Poznań,3,0,3
Praatthanaa,0,3,3
Prab,3,0,3
Prabal,3,0,3
Prabandari,0,3,3
Prabawa,3,0,3
Prabesh,3,0,3
Prabhaas,3,0,3
Prabhaath,3,0,3
Prabhager,3,0,3
Prabhagsingh,3,0,3
Prabhaker,3,0,3
Prabhati,0,3,3
Prabhatkumar,3,0,3
Prabhbier,3,0,3
Prabhdeep,0,3,3
Prabhgun,0,3,3
Prabhjoot,0,3,3
Prabhleen,0,3,3
Prabhoedaan,3,0,3
Prabhoedei,0,3,3
Prabhoekumar,3,0,3
Prabhoenath,3,0,3
Prabhroop,3,0,3
Prabhsehaj,3,0,3
Prabhsimar,0,3,3
Prabhu,0,3,3
Prabhudei,0,3,3
Prabhunam,0,3,3
Prabinlee,3,0,3
Prabir,3,0,3
Prabnoor,0,3,3
Prabpartik,3,0,3
Prabuddha,3,0,3
Pracand,3,0,3
Pracella,0,3,3
Prachal,3,0,3
Prachala,0,3,3
Prachandkoemar,3,0,3
Prachandsingh,3,0,3
Prachantkumar,3,0,3
Prachee,0,3,3
Pracheeta,0,3,3
Prachella,0,3,3
Prachilla,0,3,3
Prachinee,0,3,3
Pracht,0,3,3
Prachya,3,0,3
Prachyaa,3,0,3
Pracillia,0,3,3
Pradah,0,3,3
Pradanasari,0,3,3
Pradarshini,0,3,3
Pradeepsingh,3,0,3
Pradev,3,0,3
Pradha,0,3,3
Pradiba,0,3,3
Pradiben,3,0,3
Pradiip,3,0,3
Pradipta,3,0,3
Pradit,3,0,3
Praditya,3,0,3
Pradiumne,3,0,3
Pradjieth,3,0,3
Pradjna,0,3,3
Prado,3,0,3
Pradumna,3,0,3
Pradyka,3,0,3
Pradyumb,3,0,3
Praeben,3,0,3
Praesidia,0,3,3
Praful,3,0,3
Pragash,3,0,3
Pragathy,0,3,3
Pragati,0,3,3
Pragatishil,0,3,3
Pragnay,3,0,3
Prahalat,3,0,3
Praharshi,0,3,3
Prahlâda,3,0,3
Prahlada,3,0,3
Prahsan,3,0,3
Prahsant,3,0,3
Prahtimadebie,0,3,3
Praida,0,3,3
Praisen,0,3,3
Praisess,0,3,3
Prajeban,3,0,3
Prajeet,3,0,3
Prajen,3,0,3
Prajin,3,0,3
Prajith,3,0,3
Prajnasila,0,3,3
Prajoen,0,3,3
Prajostino,3,0,3
Prajval,3,0,3
Praka,3,0,3
Prakashchand,3,0,3
Prakashchandre,3,0,3
Prakashini,0,3,3
Prakashkumar,3,0,3
Prakashwani,3,0,3
Prakhong,0,3,3
Prakob,3,0,3
Prakriti,0,3,3
Prala,3,0,3
Praladh,3,0,3
Pralay,3,0,3
Pralisha,0,3,3
Pralysha,0,3,3
Pralysia,0,3,3
Pramdeuw,3,0,3
Pramdew,3,0,3
Prameisella,0,3,3
Prameshwara,3,0,3
Prameswara,3,0,3
Pramèswari,0,3,3
Pramiladevie,0,3,3
Pramisi,0,3,3
Pramita,0,3,3
Pramodkumar,3,0,3
Pramodprasad,3,0,3
Pramono-Putro,3,0,3
Pramual,3,0,3
Pramuan,3,0,3
Pramudia,3,0,3
Pramudigdo,3,0,3
Pramusitah,0,3,3
Pranab,3,0,3
Pranadipa,3,0,3
Pranajaring,3,0,3
Prananda,3,0,3
Prananto,3,0,3
Pranash,3,0,3
Pranashaw,3,0,3
Pranawie,0,3,3
Pranaykoemar,3,0,3
Prandebiewatie,0,3,3
Prandijal,3,0,3
Prandjal,0,3,3
Prandon,3,0,3
Praneela,0,3,3
Pranet,0,3,3
Prani,0,3,3
Prania,0,3,3
Praningsih,0,3,3
Pranishadebie,0,3,3
Praniti,0,3,3
Pranobe,3,0,3
Pranod,3,0,3
Pranom,0,3,3
Pranuja-Romy,0,3,3
Prany,0,3,3
Prapa,0,3,3
Prapaasiri,0,3,3
Prapakaram,3,0,3
Prapatsaon,0,3,3
Prapha,0,3,3
Praphai,0,3,3
Prapin,0,3,3
Prapratarn,3,0,3
Prapti,0,3,3
Prasaanth,3,0,3
Prasadena,3,0,3
Prasadenie,0,3,3
Prasan,3,0,3
Prasana,3,0,3
Prasangi,0,3,3
Prasannā,0,3,3
Praśāntakumar,3,0,3
Praśānti,0,3,3
Prascella,0,3,3
Prascellynho,3,0,3
Prasetia,3,0,3
Prasetiyo,3,0,3
Prashaal,3,0,3
Prashaam,3,0,3
Prashaan,3,0,3
Prashaiya,0,3,3
Prasham,3,0,3
Prashana,0,3,3
Prashankoemar,3,0,3
Prashanna,0,3,3
Prashano,3,0,3
Prashansa,0,3,3
Prashant-Avinash,3,0,3
Prashant-Koemar,3,0,3
Prashant-Roy,3,0,3
Prashant-Shanand,3,0,3
Prashantidevi,0,3,3
Prashantie,0,3,3
Prashantkoemar,3,0,3
Prashantray,3,0,3
Prashantsing,3,0,3
Prasharika,0,3,3
Prashast,3,0,3
Prasheetha,0,3,3
Prashensa,0,3,3
Prashinie,0,3,3
Prashnakoemarie,0,3,3
Prashvin,3,0,3
Prashwanthnath,3,0,3
Prasida,3,0,3
Prasjantsingh,3,0,3
Praslie,0,3,3
Prasna,0,3,3
Prasnavi,0,3,3
Prasojo,3,0,3
Prasomshap,0,3,3
Prasong,0,3,3
Prasop,3,0,3
Prasraya,3,0,3
Prassede,0,3,3
Prastshanica,0,3,3
Prasun,3,0,3
Prataapvi,0,3,3
Pratam,3,0,3
Pratamaputra,3,0,3
Pratchayanon,3,0,3
Prateek,3,0,3
Prateesha,0,3,3
Pratena,0,3,3
Prathama,3,0,3
Prāthanā,0,3,3
Pratharinan,0,3,3
Pratheeban,3,0,3
Pratheeksha,0,3,3
Pratheep,3,0,3
Prathena,0,3,3
Prathibha,0,3,3
Prathiksha,0,3,3
Prathimadebie,0,3,3
Prathimadevi,0,3,3
Prathimadewie,0,3,3
Prathip,3,0,3
Prathvi,3,0,3
Prathy,3,0,3
Pratiang,0,3,3
Pratibhadevi,0,3,3
Pratiema,0,3,3
Pratikgya,0,3,3
Pratikshadewi,0,3,3
Pratikto,3,0,3
Pratillia,0,3,3
Pratimadeby,0,3,3
Pratimadewie,0,3,3
Pratina,0,3,3
Pratinadevi,0,3,3
Pratinello,3,0,3
Pratischa,0,3,3
Prativadevi,0,3,3
Prativinda,3,0,3
Pratiwiningsih,0,3,3
Pratmesh,3,0,3
Pratty,0,3,3
Pratyush,3,0,3
Prau,0,3,3
Praval,3,0,3
Pravand,3,0,3
Pravansingh,3,0,3
Pravar,3,0,3
Pravash,3,0,3
Pravat,3,0,3
Pravati,0,3,3
Pravedia,3,0,3
Praveenkoemar,3,0,3
Praveenpersad,3,0,3
Praveesh,3,0,3
Praveeta,0,3,3
Praven,3,0,3
Pravesh-Kumar,3,0,3
Praveshika,0,3,3
Praveshnadh,3,0,3
Praveshnath,3,0,3
Praviani,0,3,3
Pravienkoemar,3,0,3
Pravind,3,0,3
Pravinesh,3,0,3
Pravini,0,3,3
Pravinkoemar,3,0,3
Pravinkumar,3,0,3
Pravira,3,0,3
Pravisanti,3,0,3
Pravisha,0,3,3
Pravishkoemar,3,0,3
Pravishkumar,3,0,3
Pravitha,0,3,3
Pravven,3,0,3
Praw,0,3,3
Prawan,3,0,3
Prawara,0,3,3
Praweena,0,3,3
Prawesh-Koemar,3,0,3
Praweshnath,3,0,3
Prawheen,3,0,3
Prawienkoemar,3,0,3
Prawinkoemar,3,0,3
Prawita,0,3,3
Praxeda,0,3,3
Praxède,0,3,3
Praxetes,0,3,3
Praxido,3,0,3
Prayaas,3,0,3
Prayad,3,0,3
Prayant,3,0,3
Prayanth,3,0,3
Prayben,3,0,3
Prayce,0,3,3
Praycheline,0,3,3
Praydell,3,0,3
Prayeshkoemar,3,0,3
Prayhum,3,0,3
Prayia,0,3,3
Prayitno,3,0,3
Prayjastivano,3,0,3
Prayoga,3,0,3
Prayogo,3,0,3
Prayoon,3,0,3
Prayson,3,0,3
Prayuda,3,0,3
Prayudi,3,0,3
Prayuni,0,3,3
Prazedes,0,3,3
Preaben,3,0,3
Preadarshini,0,3,3
Préah,0,3,3
Pream,0,3,3
Preamdeep,3,0,3
Preanka,0,3,3
Preasath,3,0,3
Prëashmi,0,3,3
Preassure,0,3,3
Preatin,0,3,3
Preawa,0,3,3
Prebash,3,0,3
Prebhakar,3,0,3
Prebhartima,0,3,3
Prebhat,3,0,3
Prebhawena,0,3,3
Prebien,3,0,3
Prebu,3,0,3
Precangel,0,3,3
Preccilla,0,3,3
Preceensingh,3,0,3
Precell,3,0,3
Precelle,0,3,3
Precenta,0,3,3
Prechaan,3,0,3
Prechaia,0,3,3
Prechan,3,0,3
Prechandkoemar,3,0,3
Prechandpersad,3,0,3
Prechanie,0,3,3
Prechant,3,0,3
Prechita,0,3,3
Prechyna,0,3,3
Preciens,3,0,3
Precieus,0,3,3
Precilja,0,3,3
Precinda,0,3,3
Precinio,3,0,3
Precios,0,3,3
Preciouly,0,3,3
Precious-Angel,0,3,3
Precious-Ann,0,3,3
Precious-Charity,0,3,3
Precious-Jade,0,3,3
Precious-Jason,3,0,3
Precious-Jr,3,0,3
Precious-Khaleesi,0,3,3
Precious-Lee,0,3,3
Precious-Pearl,0,3,3
Precious-Serafina,0,3,3
Preciousa,0,3,3
Predeep,3,0,3
Predeepkumar,3,0,3
Prediep,3,0,3
Predo,3,0,3
Preeia,0,3,3
Preeija,0,3,3
Preemchander,3,0,3
Preeminence,0,3,3
Preemnath,3,0,3
Preesha,0,3,3
Preetam,3,0,3
Preetanjali,0,3,3
Preetanji,0,3,3
Preetanshu,3,0,3
Preetewie,3,0,3
Preethika,0,3,3
Preethvi,3,0,3
Preethwiradj,3,0,3
Preetidevi,0,3,3
Preetiedebie,0,3,3
Preetkirn,0,3,3
Preetrajkarmen,0,3,3
Preetsingh,3,0,3
Preetwie,3,0,3
Pregiawtie,0,3,3
Prehlaad,3,0,3
Prehm,3,0,3
Prehwita,0,3,3
Preina,0,3,3
Preisilia,0,3,3
Preistely,3,0,3
Preithvikoemar,3,0,3
Preitty,0,3,3
Preja,0,3,3
Prejaas,3,0,3
Prejai,3,0,3
Prejay,3,0,3
Prejegmuktar,3,0,3
Prejenzo,3,0,3
Prekaash,3,0,3
Prekashnie,0,3,3
Prekasini,0,3,3
Prekirtidevi,0,3,3
Prekisha,0,3,3
Prelude,0,3,3
Prêm,3,0,3
Prem-atma,3,0,3
Prèm-chand,3,0,3
Prem-Jan,3,0,3
Premadebie,0,3,3
Premadeep,3,0,3
Premaputrie,0,3,3
Premaratne,3,0,3
Premarupan,3,0,3
Premchan,3,0,3
Premchander,3,0,3
Premchandra,3,0,3
Premchen,3,0,3
Premdasi,0,3,3
Premdasie,0,3,3
Premdath,3,0,3
Premdathsharma,3,0,3
Premdee,0,3,3
Premeet,3,0,3
Premeleta,0,3,3
Premietra,0,3,3
Premikadewie,0,3,3
Premikathevy,0,3,3
Premiladebie,0,3,3
Premilagatoen,0,3,3
Premindre,3,0,3
Premio,3,0,3
Premita,0,3,3
Premkoemar,3,0,3
Premkoemarie,0,3,3
Premper,3,0,3
Premperkash,3,0,3
Premprakash,3,0,3
Premsangeeta,0,3,3
Premtim,3,0,3
Premwatie,0,3,3
Prena,0,3,3
Prenaw,3,0,3
Prenay,3,0,3
Prencella,0,3,3
Prencia,0,3,3
Prenda,0,3,3
Preni,0,3,3
Prenieta,0,3,3
Prenilla,0,3,3
Prenisha,0,3,3
Prenses,0,3,3
Prensoqoilla,0,3,3
Prentiss,3,0,3
Prérna,0,3,3
Presana,3,0,3
Presandkoemar,3,0,3
Presanna,0,3,3
Presant,3,0,3
Presanth,3,0,3
Presantkumar,3,0,3
Preschel,0,3,3
Preschita,0,3,3
Prescilja,0,3,3
Presciouse,0,3,3
Prescita,0,3,3
Prescius,0,3,3
Prescott,3,0,3
Prescylla,0,3,3
Presdie,3,0,3
Presecan,3,0,3
Presela,0,3,3
Presella-Rose,0,3,3
Presentacion,0,3,3
Presenti,3,0,3
Presetma,0,3,3
Presettema,0,3,3
Presetyo,3,0,3
Presha,0,3,3
Preshaand,3,0,3
Preshaandkumar,3,0,3
Preshaandni,0,3,3
Preshaant,3,0,3
Preshaanth,3,0,3
Preshana,0,3,3
Preshandkoemar,3,0,3
Preshanna,0,3,3
Preshanth,3,0,3
Preshanti,0,3,3
Preshantie,0,3,3
Presheen,3,0,3
Préshens,0,3,3
Preshent,3,0,3
Preshentie,0,3,3
Preshika,0,3,3
Preshisan,3,0,3
Preshius,0,3,3
Preshna,0,3,3
Presiana,0,3,3
Presidia,0,3,3
Presileya,0,3,3
Presion,3,0,3
Presiosa,0,3,3
Presjaan,3,0,3
Presjantmadebie,0,3,3
Preslav,3,0,3
Presley-May,0,3,3
Preslie,3,0,3
Preslyn,0,3,3
Presney,0,3,3
Presny,0,3,3
Presquelle,0,3,3
Presrome,3,0,3
Pressano,3,0,3
Presscilla,0,3,3
Presscun,3,0,3
Presses,0,3,3
Prestich,0,3,3
Preston-Shane,3,0,3
Prestynia,0,3,3
Preswin,3,0,3
Presx,0,3,3
Presylia,0,3,3
Pretaab,3,0,3
Pretaphsingh,3,0,3
Pretapsingh,3,0,3
Preteeghia,0,3,3
Pretegë,0,3,3
Prethavie,3,0,3
Preti,0,3,3
Pretimadebie,0,3,3
Pretimakumari,0,3,3
Pretina,0,3,3
Pretisha,0,3,3
Pretoesjka,0,3,3
Pretoria,0,3,3
Pretorius,3,0,3
Pretti,0,3,3
Preueen,0,3,3
Preuf,3,0,3
Preveenkumar,3,0,3
Preveenpershant,3,0,3
Preveshika,0,3,3
Preveshkumar,3,0,3
Prèvin,3,0,3
Previndre,3,0,3
Previo,3,0,3
Previtadevi,0,3,3
Prevysha,0,3,3
Prewan,3,0,3
Prewesch,3,0,3
Preweshkoemar,3,0,3
Preweshkumar,3,0,3
Prewet,3,0,3
Prèwien,3,0,3
Prewien-Koemar,3,0,3
Prewiena,0,3,3
Prewienkoemar,3,0,3
Prewiesh,3,0,3
Prewieshka,0,3,3
Prewinash,3,0,3
Prewinkumar,3,0,3
Prewitt,3,0,3
Preyaaz,3,0,3
Préyakoemarie,0,3,3
Preyakshna,0,3,3
Preyanka,0,3,3
Preyas,3,0,3
Preyash,3,0,3
Preyashi,0,3,3
Preyasi,0,3,3
Preyasie,0,3,3
Preyavrath,3,0,3
Preye,3,0,3
Preynka,0,3,3
Preyrna,0,3,3
Preyshawnley,0,3,3
Preza,0,3,3
Prezencia,0,3,3
Prezensiana,0,3,3
Prezioush,0,3,3
Prhom,3,0,3
Pri-ja,0,3,3
Pria-Shivani,0,3,3
Priadarshini,0,3,3
Priadi,3,0,3
Priam,3,0,3
Priama,0,3,3
Priambada,3,0,3
Priananda,3,0,3
Priangka,0,3,3
Prianthe,0,3,3
Prianthy,0,3,3
Prianto,3,0,3
Priathne,0,3,3
Priatin,0,3,3
Pribadi,3,0,3
Pribpandaw,0,3,3
Pribumi,3,0,3
Pricantely,0,3,3
Priccylla,0,3,3
Priceley,3,0,3
Prichelda,0,3,3
Prichèle,0,3,3
Prichella,0,3,3
Pricila,0,3,3
Pricilar,0,3,3
Pricilja,0,3,3
Prideley,3,0,3
Priejenka,0,3,3
Priejetma,0,3,3
Priejiadevi,0,3,3
Priela,0,3,3
Priëla,0,3,3
Priëlla,0,3,3
Prielle,0,3,3
Prien,0,3,3
Priesca,0,3,3
Prieshnidebie,0,3,3
Priestt,3,0,3
Prietam,3,0,3
Prietamadevi,0,3,3
Priethvi,3,0,3
Prietij,0,3,3
Prietisha,0,3,3
Prietty,0,3,3
Prietwi,3,0,3
Prietwie,0,3,3
Priey,0,3,3
Prieye,0,3,3
Prigénito,3,0,3
Prigifeney,0,3,3
Prihandinny,0,3,3
Prihatin,3,0,3
Prihce,3,0,3
Priiti,0,3,3
Prijadarshini,0,3,3
Prijadebie,0,3,3
Prijamwada,0,3,3
Prijanca,0,3,3
Prijanka,0,3,3
Prijanta,0,3,3
Prijanto,3,0,3
Prijas,0,3,3
Prijayanand,3,0,3
Prijesh,3,0,3
Prijja,0,3,3
Prijnie,0,3,3
Prijny,0,3,3
Prijosa,0,3,3
Prilissa,0,3,3
Primandhu,0,3,3
Primavera,0,3,3
Primawatie,0,3,3
Primdath,3,0,3
Primdew,3,0,3
Prime,3,0,3
Primela,0,3,3
Primelda,0,3,3
Primelle,0,3,3
Primicia,0,3,3
Primie,3,0,3
Primiero,3,0,3
Primila,0,3,3
Primitivo,3,0,3
Primius,3,0,3
Primja,0,3,3
Primkoemarie,0,3,3
Primla,0,3,3
Primnarain,3,0,3
Primož,3,0,3
Primprakash,3,0,3
Primradj,3,0,3
PrimRose,0,3,3
Primula,0,3,3
Primvikash,3,0,3
Prin-Xius,3,0,3
Prince-Joaquin,3,0,3
Prince-Layvon,3,0,3
Prince-LC,3,0,3
Prince-Obinna,3,0,3
Prince-Tazadaqyah,3,0,3
Princeano,3,0,3
Princechelly,0,3,3
Princeka,0,3,3
Princen,3,0,3
Princepel,0,3,3
Princera,0,3,3
Princess-Sumaya,0,3,3
Princessly,0,3,3
Princeston,3,0,3
Princewell,3,0,3
Princika,0,3,3
Princila,0,3,3
Principal,3,0,3
Princo,3,0,3
Prinetta,0,3,3
Prinny,0,3,3
Prins-Fenly,3,0,3
Prinsah,0,3,3
Prinsceler,0,3,3
Prinscella,0,3,3
Prinsces,0,3,3
Prinscipio,3,0,3
Prinse,3,0,3
Prinsely,3,0,3
Prinsilia,0,3,3
Prinsine,0,3,3
Prinsiya,0,3,3
Prinsly,3,0,3
Prinsses,0,3,3
Prinstan,3,0,3
Prinston,3,0,3
Prinsz,3,0,3
Prinsz-Dwight,3,0,3
Printeh,0,3,3
Prinya,0,3,3
Prinze,3,0,3
Prinzes,0,3,3
Prio,3,0,3
Prisana,0,3,3
Prisca-Evi,0,3,3
Priscala,0,3,3
Priscalle,0,3,3
Priscela,0,3,3
Priscelia,0,3,3
Priscellina,0,3,3
Priscelya,0,3,3
Prischilla,0,3,3
Priscialla,0,3,3
Prisciëlla,0,3,3
Priscil,0,3,3
Priscile,0,3,3
Prisciliano,3,0,3
Priscill,0,3,3
"Priscilla,",0,3,3
Priscilla-Ann,0,3,3
Priscilla-Janet,0,3,3
Priscilla-Jean,0,3,3
Priscilla-Jennefer,0,3,3
Priscilla-Maria,0,3,3
Priscilla-Samantha,0,3,3
Priscilla-Soy,0,3,3
Priscilla-Tilly,0,3,3
Priscilladebie,0,3,3
Priscillah,0,3,3
Priscillay,0,3,3
Priscillicous,0,3,3
Priscillo,3,0,3
Priscilya,0,3,3
Priscira,0,3,3
Prisekin,3,0,3
Prisela,0,3,3
Priselena,0,3,3
Prishail,3,0,3
Prishand,3,0,3
Prishanti,0,3,3
Prishaylee,0,3,3
Prisheeta,0,3,3
Prishella,0,3,3
Prishentley,3,0,3
Prishika,0,3,3
Prishita,0,3,3
Prishni,0,3,3
Prisicillia,0,3,3
Prisidy,0,3,3
Prisilca,0,3,3
Prisilliano,3,0,3
Prisinia,0,3,3
Prisiri,0,3,3
Priskella,0,3,3
Priskillia,0,3,3
Prisley,0,3,3
Prislie,0,3,3
Prismendy,3,0,3
Prisnath,3,0,3
Prisqilla,0,3,3
Prisquila,0,3,3
Prisquilla,0,3,3
Priss,0,3,3
Prissela,0,3,3
Prissellia,0,3,3
Prissilia,0,3,3
Prissilja,0,3,3
Prissillia,0,3,3
Prissley,3,0,3
Prissyella,0,3,3
Pristella,0,3,3
Pristen,3,0,3
Pristine,0,3,3
Priston,3,0,3
Prisyillia,0,3,3
Priszanja,0,3,3
Prita,0,3,3
Pritā,0,3,3
Pritama,0,3,3
Pritamradj,3,0,3
Pritanjali,0,3,3
Pritash,3,0,3
Pritchard,3,0,3
Pritesha,0,3,3
Priteshnadh,3,0,3
Pritevidevi,0,3,3
Prithà,0,3,3
Pritheesh,3,0,3
Prithewi,3,0,3
Prithica,0,3,3
Prithieraadj,3,0,3
Prithiha,0,3,3
Prithima,0,3,3
Prithipal,3,0,3
Prithisha,0,3,3
Prithiviraj,3,0,3
Prithivirajsingh,3,0,3
Prithiwi,3,0,3
Prithoe,3,0,3
Prithu,3,0,3
Prithui,3,0,3
Prithveeraadj,3,0,3
Prithveeradjsingh,3,0,3
Prithvi-ananda,3,0,3
Prithvi-Devi,0,3,3
Prithvi-Raj,3,0,3
Prithvianand,3,0,3
Prithvidevi,0,3,3
Prithviekumar,3,0,3
Prithvir,3,0,3
Prithviraadj,3,0,3
Prithviradjsingh,3,0,3
Prithvirai,3,0,3
Prithvirajsingh,3,0,3
Prithvisha,0,3,3
Prithvising,3,0,3
Prithvisingh,3,0,3
Prithwianand,3,0,3
Prithwinand,3,0,3
Prithwiradj,3,0,3
Prithwy,0,3,3
Pritidevi,0,3,3
Pritikadevi,0,3,3
Pritimadebie,0,3,3
Pritivie,0,3,3
Pritmawatie,0,3,3
Pritpaul,3,0,3
Pritti,0,3,3
Prittjana,0,3,3
Pritveer,3,0,3
Pritvhi,0,3,3
Pritviraadj,3,0,3
Pritviradj,3,0,3
Pritviradje,3,0,3
Pritwie,3,0,3
Pritwiradjsingh,3,0,3
Privaingeno,3,0,3
Privangely,0,3,3
Privatus,3,0,3
Priviand,3,0,3
Priviënna,0,3,3
Privishka,0,3,3
Priya-Darshnie,0,3,3
Priya-dharshani,0,3,3
Priyaanjali,0,3,3
Priyacha,0,3,3
Priyada,0,3,3
Priyadarshanidevi,0,3,3
Priyadarshee,0,3,3
Priyadarshinidebie,0,3,3
Priyadebie,0,3,3
Priyadev,3,0,3
Priyadeva,0,3,3
Priyagash,3,0,3
Priyajit,0,3,3
Priyaka,3,0,3
Priyana,0,3,3
Priyanandani,0,3,3
Priyand,3,0,3
Priyangeli,0,3,3
Priyangelli,0,3,3
Priyangi,0,3,3
Priyangono,3,0,3
Priyanjani,0,3,3
Priyank,3,0,3
Priyankaa,0,3,3
Priyankadevi,0,3,3
Priyankha,0,3,3
Priyanshani,0,3,3
Priyansu,3,0,3
Priyanthan,3,0,3
Priyanthi,0,3,3
Priyanthie,0,3,3
Priyantono,3,0,3
Priyantri,0,3,3
Priyashanti,0,3,3
Priyata,0,3,3
Priyatama,0,3,3
Priyatmo,3,0,3
Priyeesh,3,0,3
Priyish,3,0,3
Priyomi,0,3,3
Prizillia,0,3,3
Prjan,0,3,3
Pro'orizoël,3,0,3
Probijn,3,0,3
Probus,3,0,3
Probyn,3,0,3
Prochor,3,0,3
Prochorus,3,0,3
Pròdo,3,0,3
Proesh,0,3,3
Profeta,0,3,3
Profetisa,0,3,3
Proficia,0,3,3
Profilio,3,0,3
Profira,0,3,3
Progress,3,0,3
Prohinhio,3,0,3
Proïa,0,3,3
Prokopius,3,0,3
Prokritee,0,3,3
Promero,3,0,3
Promi,3,0,3
Promkov,3,0,3
Promma,3,0,3
Proneta,0,3,3
Pronica,0,3,3
Pronja,0,3,3
Pronne,0,3,3
Prophedi,3,0,3
Prophedie-Mozes,3,0,3
Prophesta,3,0,3
Prosesius,3,0,3
Prosha,0,3,3
Prospêr,3,0,3
Prospér,0,3,3
Prospera,0,3,3
Prospére,3,0,3
Prosperine,0,3,3
Prosperity,3,0,3
Prosphère,3,0,3
Prospherus,3,0,3
Prospie,3,0,3
Prosyon,3,0,3
Prothoma,0,3,3
Protik,3,0,3
Proton,3,0,3
Protos,3,0,3
Proudan,3,0,3
Prouwan,0,3,3
Provat,3,0,3
Providence,0,3,3
Providencia,0,3,3
Providenza,0,3,3
Provider,3,0,3
Prowien,3,0,3
Prowin,3,0,3
Proyphailin,0,3,3
Proza,0,3,3
Prtvi,3,0,3
Prudenciana,0,3,3
Prudensia,0,3,3
Prudentus,3,0,3
Prudenzia,0,3,3
Prudy,0,3,3
Pruksapun,0,3,3
Prullie,0,3,3
Prumentius,3,0,3
Prune,0,3,3
Prunus,0,3,3
Pruscha,0,3,3
Prushoth,3,0,3
Prutentia,0,3,3
Pruthwiradj,3,0,3
Prutlyson,3,0,3
Pryadarsheni,0,3,3
Pryadarshini,0,3,3
Pryadarshinie,0,3,3
Pryaderseni,0,3,3
Pryadevi,0,3,3
Pryakumari,0,3,3
Pryam,3,0,3
Pryanca-Melissa,0,3,3
Pryangely,0,3,3
Pryanta,0,3,3
Pryanthi,0,3,3
Pryantie,0,3,3
Pryaphad,0,3,3
Pryashani,0,3,3
Pryavar,3,0,3
Prycella,0,3,3
Prycilla,0,3,3
Pryia,0,3,3
Pryja,0,3,3
Prynta,0,3,3
Pryoshsing,3,0,3
Pryscilla,0,3,3
Prza,0,3,3
Przemek,3,0,3
Przemyslaw,3,0,3
Psachia,3,0,3
Psalmos-Âz,3,0,3
Psefit,3,0,3
Pshyk,3,0,3
Psjanda,0,3,3
Psychan,0,3,3
Pszemek,3,0,3
Ptah,0,3,3
PTG,3,0,3
Ptissam,0,3,3
Ptjaco,3,0,3
PTM,3,0,3
Pu-Yi,3,0,3
Puah,0,3,3
Puala,0,3,3
Puatie,0,3,3
Pubien,0,3,3
Puca,3,0,3
Puccini,3,0,3
Pucifica,0,3,3
Pucke,0,3,3
Puckelien,0,3,3
Pucker,3,0,3
Pudianto,3,0,3
Pudiati,0,3,3
Pueblita,0,3,3
Puey,0,3,3
Puhi,0,3,3
Pui-Jing,0,3,3
Pui-Kee,0,3,3
Pui-King,0,3,3
Pui-Kwan,0,3,3
Pui-Man,0,3,3
Pui-Saan,0,3,3
Pui-Sie,0,3,3
Pui-Wah,0,3,3
Pui-Yee,0,3,3
Pui-Yi,0,3,3
Pui-Yin,0,3,3
Pui-Ying,0,3,3
Pui-Yu,0,3,3
Pui-Yuen,0,3,3
Puija,0,3,3
Puiky,3,0,3
Puipui,0,3,3
Puisan,0,3,3
Puiyi,0,3,3
Pujadarshini,0,3,3
Pujadevi,0,3,3
Pujan,3,0,3
Pujangga,3,0,3
Puji,0,3,3
Pujitha,0,3,3
Puk-Cato,0,3,3
Pukmans,3,0,3
Puks,0,3,3
Pukuah,0,3,3
Pulad,3,0,3
Pulau,0,3,3
Pulchera,0,3,3
Pulcherina,0,3,3
Puleng,0,3,3
Pulin,0,3,3
Pullê,0,3,3
Pulles,3,0,3
Pululu,3,0,3
PUM,0,3,3
Pumah,0,3,3
Pumbulu,3,0,3
Pumika,0,3,3
Pun,3,0,3
Puna,3,0,3
Pünar,0,3,3
Punardeep,3,0,3
Punchay,3,0,3
Punci,0,3,3
Punck,3,0,3
Pundu,3,0,3
Punisher,3,0,3
Punit,0,3,3
Punita,0,3,3
Puniya,0,3,3
Punky,0,3,3
Punphrom,3,0,3
Punyani,3,0,3
Punyaphat,3,0,3
Puo,3,0,3
Puoe,3,0,3
Puranchand,3,0,3
Purbadewanta,3,0,3
Purcel,3,0,3
Purchi,3,0,3
Purcie,3,0,3
Purcinio,3,0,3
Purcivall,3,0,3
Purcli,3,0,3
Purcygenis,3,0,3
Purcynio,3,0,3
Purdey-Ann,0,3,3
Purdi,0,3,3
Purdij,0,3,3
Pureël,0,3,3
Purell,0,3,3
Püren,0,3,3
Puren,0,3,3
Pureza,0,3,3
Purgenia,0,3,3
Purgy,3,0,3
Purificaçâo,0,3,3
Purificacion,0,3,3
Puriya,0,3,3
Purla,0,3,3
Purlen,0,3,3
Purll,0,3,3
Purnamasari,0,3,3
Purnel,0,3,3
Purnelys,0,3,3
Purnimadebie,0,3,3
Purnimadewie,0,3,3
Purnowo,3,0,3
Purphney,3,0,3
Purrie,3,0,3
Pursephany,0,3,3
Purshottam,3,0,3
Pursie,3,0,3
Pursly,3,0,3
Purucha,0,3,3
Purusa,3,0,3
Purush,3,0,3
Purusha,0,3,3
Purushanti,3,0,3
Purushotam,3,0,3
Purushotamnath,3,0,3
Purusjottam,3,0,3
Pürüze,0,3,3
Purvelin,0,3,3
Purvently,3,0,3
Purvi,0,3,3
Purvis,3,0,3
Purwansi,0,3,3
Purwaraditija,3,0,3
Purwodiredjo,3,0,3
Pury,0,3,3
Pusaly,0,3,3
Pushkarsagar,3,0,3
Pushpadebie,0,3,3
Pushpadevie,0,3,3
Pushpavalli,0,3,3
Pushpawani,0,3,3
Pushti,0,3,3
Pushton,3,0,3
Puspamurti,0,3,3
Puspayanti,0,3,3
Puspha,0,3,3
Puspinder,3,0,3
Puspitawati,0,3,3
Putalie,0,3,3
Putih,0,3,3
Putraic,3,0,3
Putrapembayun,3,0,3
Putrasukayu,3,0,3
Putrawan,3,0,3
Putrinah,0,3,3
Putros,3,0,3
Putten,3,0,3
Putzy,0,3,3
Puur,0,3,3
Puvanesvari,0,3,3
Puvina,0,3,3
Puyi,3,0,3
Puzant,3,0,3
Puzeh,0,3,3
Puzkas,3,0,3
PWA,3,0,3
PWAM,3,0,3
Pwankumar,3,0,3
Pwee,0,3,3
PWF,3,0,3
PWG,3,0,3
Pyaar,0,3,3
Pyam,3,0,3
Pyanne,3,0,3
Pyant,0,3,3
Pyati,0,3,3
Pyay,3,0,3
Pyayphyo,3,0,3
Pyck,3,0,3
Pye,3,0,3
Pyen,0,3,3
Pyenne,0,3,3
Pyentia,0,3,3
Pyeter,3,0,3
Pygar,3,0,3
Pylar,0,3,3
Pylariamaria,0,3,3
Pyli,0,3,3
PYMA,0,3,3
Pyman,3,0,3
Pymm-Fee,0,3,3
Pymon,3,0,3
Pyne,0,3,3
Pyra,0,3,3
Pyrette,0,3,3
Pyrmin,3,0,3
Pyrmun,3,0,3
Pyron,3,0,3
Pyrr,3,0,3
Pyruska,0,3,3
Pytaya,0,3,3
Pytelly,0,3,3
Pyther,3,0,3
Pythia-Ann,0,3,3
Pytia,0,3,3
Pytoyo,3,0,3
Pytrès,3,0,3
Pytrik-Jan,3,0,3
Pytrisja,0,3,3
Pytronella,0,3,3
Pytsje-Nynke,0,3,3
Pyty,0,3,3
Pyvin,0,3,3
Pyxie,0,3,3
