Name,Men,Women,Total
Quinten,7667,8,7675
Quinty,32,3406,3438
Quinn,3031,314,3345
Quirinus,2869,20,2889
Quincy,1876,935,2811
Quirina,10,1506,1516
Quint,1425,6,1431
Quirine,6,1354,1360
Quirijn,869,18,887
Quentin,793,3,796
Quin,588,23,611
Quintin,527,3,530
Quintus,392,3,395
Quinta,0,361,361
Quintijn,278,3,281
Quirien,64,113,177
Quang,132,3,135
Quoc,124,3,127
Quinton,115,3,118
Quido,113,0,113
Quincey,45,60,105
Qing,25,76,101
Quynh,3,95,98
Quinte,17,77,94
Queeny,3,92,95
Querijn,88,3,91
Queenie,0,87,87
Querine,0,76,76
Qasim,66,7,73
Quenten,71,0,71
Qian,33,37,70
Quirin,59,9,68
Querida,0,65,65
Quintina,3,48,51
Quintino,49,0,49
Quan,43,3,46
Quincent,45,0,45
Qadri,31,13,44
Quérine,0,44,44
Quiana,0,44,44
Qamar,17,24,41
Quince,37,3,40
Qiana,0,37,37
Quiryn,33,3,36
Qin,19,17,36
Quita,0,35,35
Quinlan,33,3,36
Queen,3,29,32
Quillan,29,0,29
Quinto,29,0,29
Quyen,8,21,29
Qwen,3,25,28
Quinne,0,26,26
Quinny,6,20,26
Quinsey,3,22,25
Qiang,24,3,27
Quinthe,0,25,25
Quino,24,0,24
Quirinius,24,0,24
Quintana,3,22,25
Qurinus,23,0,23
Quy,20,3,23
Quillermo,22,0,22
Qais,19,0,19
Qiu,7,12,19
Quintey,0,19,19
Quirino,19,0,19
Qiao,3,15,18
Qiara,0,18,18
Quintine,0,18,18
Qadir,17,0,17
Quico,17,0,17
Quirijna,0,17,17
Querina,0,16,16
Quinera,0,16,16
Quinsy,6,10,16
Quintano,15,0,15
Qurina,0,15,15
Qwin,13,3,16
Quinthy,3,13,16
Quirijne,0,14,14
Quanita,0,13,13
Querinus,13,0,13
Quillian,13,0,13
Quinthen,13,0,13
Quintinus,13,0,13
Qunera,0,13,13
Qays,12,0,12
Querido,11,3,14
Quinsley,12,0,12
Quintes,12,0,12
Quintyn,12,0,12
Qiong,3,10,13
Quiara,0,11,11
Quintan,11,0,11
Quintie,0,11,11
Quiny,0,11,11
Quartus,9,3,12
Quelly,0,10,10
Quinti,3,9,12
Quiona,0,10,10
Quique,8,3,11
Queena,0,9,9
Quentijn,9,0,9
Quim,8,3,11
Quôć,7,3,10
Qurijn,9,0,9
Qwynn,9,0,9
Qaasim,7,3,10
Qayyum,5,3,8
Quanah,6,3,9
Quando,8,0,8
Que,3,6,9
Quency,8,0,8
Quendoline,0,8,8
Quenny,0,8,8
Querien,0,8,8
Quien,3,6,9
Quierina,0,8,8
Quierine,0,8,8
Quilla,0,8,8
Quine,3,7,10
Quintero,8,0,8
Qwendoline,0,8,8
Qwinty,3,7,10
Quen,3,6,9
Quilola,3,6,9
Quinevere,0,7,7
Quintisha,0,7,7
Quiriën,7,0,7
Quirines,7,0,7
Quirinia,3,6,9
Qalid,5,3,8
Qassim,5,3,8
Qazi,5,3,8
Qiano,6,0,6
Qimo,5,3,8
Qinn,3,3,6
Quân,6,0,6
Quartilla,0,6,6
Qudsia,0,6,6
Quendi,3,3,6
Quenn,3,3,6
Quillaume,6,0,6
Quindy,3,5,8
Quinibert,6,0,6
Quinley,3,5,8
Quintcy,3,3,6
Quintis,6,0,6
Quintly,3,3,6
Quirein,6,0,6
Quiriene,0,6,6
Quishawn,6,0,6
Quislaine,0,6,6
Qurine,0,6,6
Qusay,6,0,6
Qyano,6,0,6
Qadar,3,3,6
Qadeer,5,0,5
Qendrim,5,0,5
Quanisha,0,5,5
Quarles,3,3,6
Queenisha,0,5,5
Quendo,5,0,5
Quendolien,0,5,5
Quenna,0,5,5
Quentina,0,5,5
Quenton,5,0,5
Quiera,0,5,5
Quiermo,5,0,5
Quilaine,0,5,5
Quilan,5,0,5
Quinci,3,3,6
Quinsly,5,0,5
Quintley,5,0,5
Quinz,5,0,5
Quiyano,5,0,5
Quno,5,0,5
Quôc,5,0,5
Qwenda,0,5,5
Qadiri,3,3,6
Qaim,3,0,3
Qani,3,0,3
Qendresa,0,3,3
Qilan,3,0,3
Qio,3,0,3
Qiona,0,3,3
Qishayra,0,3,3
Qivano,3,0,3
Qiyano,3,0,3
Qiyara,0,3,3
Quandro,3,0,3
Quartey,3,3,6
Qudo,3,0,3
Queency,0,3,3
Quellijn,3,3,6
Quendy,0,3,3
Quenisha,0,3,3
Quenne,0,3,3
Quente,3,3,6
Querin,3,3,6
Querner,3,0,3
Quetzal,3,3,6
Quiano,3,0,3
Quicho,3,0,3
Quilène,0,3,3
Quiliano,3,0,3
Quimby,3,3,6
Quincella,0,3,3
Quincly,3,0,3
Quindell,3,3,6
Quinety,0,3,3
Quinita,0,3,3
Quinlann,3,0,3
Quinoa,3,3,6
Quinsialyn,0,3,3
Quinsten,3,0,3
Quintella,0,3,3
Quinteny,3,3,6
Quintessa,0,3,3
Quinthijn,3,0,3
Quiomy,0,3,3
Quirinda,0,3,3
Quirinne,0,3,3
Quisha,0,3,3
Quishano,3,0,3
Quito,3,0,3
Quiyana,0,3,3
Quiyara,0,3,3
Qun,3,0,3
Quraisha,0,3,3
Qurien,3,0,3
Quynn,3,3,6
Quynten,3,0,3
Quynthen,3,0,3
Qwendolyn,0,3,3
Qwenn,0,3,3
Qwinn,3,0,3
Qwint,3,0,3
Qadier,3,0,3
Qadrie,3,3,6
Qayin,3,0,3
Qaylah,0,3,3
Qiandra,0,3,3
Qinoa,3,3,6
Qorianka,0,3,3
Qruun,3,0,3
Quach,3,3,6
Quaid,3,0,3
Quantin,3,0,3
Quarina,0,3,3
Quarta,0,3,3
Queenchely,0,3,3
Queiroz,3,3,6
Quelin,3,0,3
Quenby,3,3,6
Quenda,0,3,3
Quennie,0,3,3
Quent,3,0,3
Quentine,0,3,3
Quentino,3,0,3
Quenty,0,3,3
Quercus,3,0,3
Quereen,0,3,3
Quericus,3,0,3
Quérina,0,3,3
Quiannah,0,3,3
Quidon,3,0,3
Quierien,3,0,3
Quilaysa,0,3,3
Quilliano,3,0,3
Quillon,3,0,3
Quinaishelly,0,3,3
Quinda,0,3,3
Quinesha,0,3,3
Quinette,0,3,3
Quini,3,3,6
Quinisha,0,3,3
Quinity,0,3,3
Quinlen,3,0,3
Quinnten,3,3,6
Quins,3,0,3
Quinthony,3,0,3
Quinthyn,3,0,3
Quintius,3,0,3
Quintsy,3,3,6
Quinziano,3,0,3
Quionne,0,3,3
Quireyn,3,0,3
Quirico,3,0,3
Quirienus,3,0,3
Quirijnus,3,0,3
Quiryna,0,3,3
Quishaina,0,3,3
Quishaira,0,3,3
Quishana,0,3,3
Quishantely,0,3,3
Quishaydrion,3,0,3
Quishayno,3,0,3
Quishon,3,0,3
Quiteria,0,3,3
Quivano,3,0,3
Quo,3,0,3
Qureshi,3,3,6
Quý,3,3,6
Quyên,3,3,6
Quyn,3,3,6
Qùynh,0,3,3
Quynt,3,0,3
Qwan,3,3,6
Qwinten,3,0,3
Qyan,3,0,3
Qyara,0,3,3
Qyra,0,3,3
Q'Shawn,3,0,3
Q-Zion,3,0,3
Qaalid,3,0,3
Qader,3,0,3
Qadija,0,3,3
Qadira,0,3,3
Qaïs,3,0,3
Qaisar,3,0,3
Qaiser,3,0,3
Qaish,3,0,3
Qali,0,3,3
Qaliyah,0,3,3
Qambar,3,0,3
Qas,3,0,3
Qasar,3,3,6
Qassem,3,3,6
Qautar,0,3,3
Qaya,0,3,3
Qeaux,0,3,3
Qeely,0,3,3
Qentley,3,0,3
Qiàn,0,3,3
Qiandro,3,0,3
Qiane,0,3,3
Qianhui,0,3,3
Qiann,3,0,3
Qianna,0,3,3
Qianu,3,0,3
Qiany,3,3,6
Qiëll,3,0,3
Qiëlle,0,3,3
Qijs,3,0,3
Qimanéy,3,0,3
Qimani,0,3,3
Qimaya,0,3,3
Qinan,3,0,3
Qiomy,3,3,6
Qióng,0,3,3
Qiony,3,3,6
Qiora,0,3,3
Qiqi,0,3,3
QiQi,0,3,3
Qishawn,3,0,3
Qiyana,0,3,3
Qiyaro,3,0,3
Qjairo,3,0,3
Qjell,3,0,3
Qmara,0,3,3
Qmaro,3,0,3
Qntal,0,3,3
Qoanh,0,3,3
Qoeddoes,3,0,3
Qriense,0,3,3
Qrienus,3,0,3
Quac,3,0,3
Quadriana,0,3,3
Quaito,3,0,3
Qualisia,0,3,3
Quamar,3,0,3
Quan-Yin,0,3,3
Quana,0,3,3
Quandt,3,0,3
Quang-Vinh,3,0,3
Quani,0,3,3
Quanilla,0,3,3
Quannah,3,0,3
Quantana,0,3,3
Quaresma,3,0,3
Quasandra,0,3,3
Quayne,3,0,3
Quddoos,3,3,6
Queenaichely,0,3,3
Queengely,0,3,3
Queennie,0,3,3
Queenny,0,3,3
Queensly,3,3,6
Queenstar,0,3,3
Queila,0,3,3
Quendalina,0,3,3
Quendelina,0,3,3
Quendolyn,0,3,3
Quengy,3,0,3
Quenice,0,3,3
Quenno,3,0,3
Quéno,3,0,3
Quensey,0,3,3
Quensley,3,0,3
Quentes,3,0,3
Quentley,3,0,3
Quentyn,3,0,3
Quera,0,3,3
Querein,3,0,3
Querelle,3,3,6
Querinda,0,3,3
Querino,3,0,3
Quermo,3,0,3
Queron,3,0,3
Querrel,0,3,3
Querry,3,0,3
Quertier,3,0,3
Quesha,0,3,3
Queshailey,0,3,3
Queshantely,0,3,3
Queshawn,3,0,3
Queshayro,3,0,3
Queshendrick,3,0,3
Quest,3,0,3
Questa,3,3,6
Quetzalli,0,3,3
Quevara,3,3,6
Quevaro,3,0,3
Quezia,0,3,3
Qui,3,3,6
Quianah,0,3,3
Quiandra,0,3,3
Quianna,0,3,3
Quiantee,0,3,3
Quichayra,0,3,3
Quichayro,3,0,3
Quiero,3,0,3
Quigley,3,0,3
Quijano,3,0,3
Quila,3,3,6
Quilana,0,3,3
Quilene,0,3,3
Quilènne,0,3,3
Quilermo,3,0,3
Quillana,0,3,3
Quillaum,3,0,3
Quilliam,3,0,3
Quillyandro,3,0,3
Quillyano,3,0,3
Quimera,0,3,3
Quimey,3,3,6
Quinayro,3,0,3
Quinchy,0,3,3
Quincia,0,3,3
Quinde,0,3,3
Quinden,3,0,3
Quindeus,3,0,3
Quinett,0,3,3
Quinie,0,3,3
Quiniver,3,3,6
Quinjay,3,0,3
Quinly,3,0,3
Quinna,3,3,6
Quinncy,3,0,3
Quinnevere,0,3,3
Quinnley,3,0,3
Quinnty,0,3,3
Quinson,3,0,3
Quinston,3,0,3
Quinsty,3,3,6
Quintas,3,0,3
Quinten-Jay,3,0,3
Quinter,3,0,3
Quintess,0,3,3
Quintia,0,3,3
Quintien,0,3,3
Quintijne,0,3,3
Quintilia,0,3,3
Quintiliano,3,0,3
Quintilio,3,0,3
Quintilla,0,3,3
Quintim,3,0,3
Quintlen,3,0,3
Quintte,0,3,3
Quinysha,0,3,3
Quinzinho,3,0,3
Quinzy,3,3,6
Quion,3,0,3
Quirano,3,0,3
Quiri,3,3,6
Quirianne,0,3,3
Quiriat,0,3,3
Quirintus,3,0,3
Quiro,3,3,6
Quisa,0,3,3
Quiseppe,3,3,6
Quiseppo,3,3,6
Quisette,0,3,3
Quishainy,0,3,3
Quishandrick,3,0,3
Quishara,0,3,3
Quishaun,3,0,3
Quishawna,0,3,3
Quisheena,0,3,3
Quisheenah,0,3,3
Quishendrick,3,0,3
Quist,3,3,6
Quistavo,3,0,3
Quivensley,3,0,3
Quiyoni,0,3,3
Qulan,0,3,3
Qulsum,0,3,3
Quon,3,0,3
Quorra,0,3,3
Quraish,3,0,3
Qurban,3,0,3
Qurena,0,3,3
Qurenus,3,0,3
Qurienus,3,0,3
Qurin,3,3,6
Quseem,3,3,6
Qúy,3,3,6
Quyara,0,3,3
Quylian,3,0,3
Quyonne,0,3,3
Qvinny,0,3,3
Qwyn,3,3,6
Qylan,3,0,3
Qylano,3,0,3
Qymara,0,3,3
Qyshano,3,0,3
Q'Angelo,3,0,3
Q'ano,3,0,3
Q'Chayno,3,0,3
Q'Chendrick,3,0,3
Q'chendro,3,0,3
Q'chennery,0,3,3
Q'dir,3,0,3
Q'Jeandrich,3,0,3
Q'Jeanno,3,0,3
Q'Leasjah,0,3,3
Q'Lianna,0,3,3
Q'nisha,0,3,3
Q'phayren,3,0,3
Q'raishello,3,0,3
Q'Sháenelys,0,3,3
Q'shainely,0,3,3
Q'shaira,0,3,3
Q'shandro,3,0,3
Q'shannick,3,0,3
Q'sheana,0,3,3
Q'sheiayner,3,0,3
Q'shield,3,0,3
Q'shyno,3,0,3
Q'uën,3,0,3
Q'vano,3,0,3
Q'veeny,0,3,3
Q'viënntely,0,3,3
Q'Vientely,0,3,3
Q'ziah,0,3,3
Q-gerald,3,0,3
Q-Jwëundley,3,0,3
Q-mirel,3,0,3
Q-naira,0,3,3
Q-Randy,3,0,3
Q-Sean,3,0,3
Q-Shaena,0,3,3
Q-Shain,3,0,3
Q-Shainy,0,3,3
Q-shairo,3,0,3
Q-Shandra,0,3,3
Q-Shaneline,0,3,3
Q-Shaner,3,0,3
Q-Shantally,0,3,3
Q-Shantelie,0,3,3
Q-Shantely,0,3,3
Q-shantely,0,3,3
Q-Shantie,0,3,3
Q-Shawn,3,0,3
Q-Shaydrion,3,0,3
Q-Shaynno,3,0,3
Q-shendro,3,0,3
Q-Xani,3,0,3
Q-yeandra,0,3,3
Q-Zenly,0,3,3
Q-Zeny,0,3,3
Qa'im,3,0,3
Qaadir,3,0,3
Qaali,0,3,3
Qaali-Quinn,0,3,3
Qaalib,3,0,3
Qaaliq,3,0,3
Qaani,3,0,3
Qabul,0,3,3
Qacem,3,0,3
Qach,3,0,3
Qadiija,0,3,3
Qadim,3,0,3
Qadr,3,0,3
Qadra,0,3,3
Qadriya,0,3,3
Qadro,0,3,3
Qadyrah,0,3,3
Qaedenyh,0,3,3
Qaedrian,3,0,3
Qaeim,3,0,3
Qaéliyah,0,3,3
Qaes,3,0,3
Qaeylynn,0,3,3
Qaglar,3,0,3
Qagri,3,0,3
Qahatika,0,3,3
Qahramon,3,0,3
Qaidar,3,0,3
Qaijoem,3,0,3
Qaijoumi,3,0,3
Qailen,3,0,3
Qailey,3,0,3
Qain,3,0,3
Qaïra,0,3,3
Qairha,0,3,3
Qaisara,0,3,3
Qaiserani,3,0,3
Qaisey,3,0,3
Qaisha,0,3,3
Qaishayro,3,0,3
Qaishera,0,3,3
Qaisrani,0,3,3
Qaiss,3,0,3
Qaïssa,0,3,3
Qaiyenzo,3,0,3
Qaiza,0,3,3
Qajumullah,3,0,3
Qal,3,0,3
Qalbi-Asad,3,0,3
Qalib,3,0,3
Qalieb,3,0,3
Qalifahsari,0,3,3
Qalin,0,3,3
Qalisha,0,3,3
Qamaal,3,0,3
Qamariah,0,3,3
Qamariyyah,0,3,3
Qamber,3,0,3
Qame,3,0,3
Qamiar,3,0,3
Qammar,0,3,3
Qamrulislam,3,0,3
Qandigul,0,3,3
Qaneez-Fatimah,0,3,3
Qaniez,0,3,3
Qarad,0,3,3
Qaram,3,0,3
Qaran,3,0,3
Qarim,3,0,3
Qarisho,3,0,3
Qarod,3,0,3
Qars,3,0,3
Qarsafah-al-Zahliyah,0,3,3
Qasano,3,0,3
Qaseem,3,0,3
Qasem,3,0,3
Qashes,0,3,3
Qashmala,0,3,3
Qasiem,3,0,3
Qasif,3,0,3
Qaspen,3,0,3
Qassim-Mahad,3,0,3
Qasthari,3,0,3
Qataadah,3,0,3
Qatadah,3,0,3
Qatai,3,0,3
Qathi,3,0,3
Qatr,0,3,3
Qausar,0,3,3
Qaushal,0,3,3
Qauthar,3,0,3
Qawi,3,0,3
Qawish,3,0,3
Qawita,0,3,3
Qay-Lee,0,3,3
Qayam,3,0,3
Qaydan,0,3,3
Qayden,3,0,3
Qayim,3,0,3
Qáyin,3,0,3
Qayla,0,3,3
Qaylah-Nourayn,0,3,3
Qayllah,0,3,3
Qayoum,3,0,3
Qaysar,3,0,3
Qayshaun,3,0,3
Qayum,3,0,3
Qayyoem,3,0,3
Qayyoum,3,0,3
Qaziyád,3,0,3
Qazper,3,0,3
Qchanro,3,0,3
Qea,3,0,3
Qealisha,0,3,3
Qeana,0,3,3
Qeanu,3,0,3
Qeen,0,3,3
Qeenen,3,0,3
Qeeyel,3,0,3
Qeeylen,3,0,3
Qeeyr,0,3,3
Qeisar,3,0,3
Qeleyla,0,3,3
Qelle,0,3,3
Qellon,3,0,3
Qelsey,0,3,3
Qen,3,0,3
Qena,0,3,3
Qenan,3,0,3
Qendelien,0,3,3
Qendil,3,0,3
Qëndrim,3,0,3
Qenfei,3,0,3
Qenna,0,3,3
Qensi,0,3,3
Qenso,3,0,3
Qente,0,3,3
Qentyn,3,0,3
Qenzi,0,3,3
Qenzo,3,0,3
Qeomy,0,3,3
Qéowyn,0,3,3
Qeraisa,0,3,3
Qerelos,3,0,3
Qeren,0,3,3
Qéritier,3,0,3
Qeriya,0,3,3
Qesaro,3,0,3
Qeturah,0,3,3
Qeuinton,3,0,3
Qeunsly,3,0,3
Qeurada,0,3,3
Qevon,3,0,3
Qey-Shaun,3,0,3
Qeyaan,3,0,3
Qeylan,3,0,3
Qeynan,3,0,3
Qezar,3,0,3
Qezley,0,3,3
Qhailey,0,3,3
Qhao,0,3,3
Qhari,3,0,3
Qhi,0,3,3
Qhiarra,0,3,3
Qhislaine,0,3,3
Qhwin,3,0,3
Qhyan,3,0,3
Qi'Zyon,3,0,3
Qi-Anna,0,3,3
Qi-Da,3,0,3
Qi-Sean,3,0,3
Qi-Shiney,0,3,3
Qi-Tzong,3,0,3
Qi-xin,3,0,3
Qi-Ya,0,3,3
Qia,0,3,3
Qiamo,3,0,3
Qiamuxinda,3,0,3
Qián,0,3,3
Qian-Qian,0,3,3
Qian-Yi,0,3,3
Qian-Yu,0,3,3
Qianah,0,3,3
Qiáng,3,0,3
Qiangelo,3,0,3
Qiánglóng,3,0,3
Qianhan,0,3,3
Qiani,0,3,3
Qianie,0,3,3
Qianni,0,3,3
Qianoush,3,0,3
Qianqian,0,3,3
Qianran,0,3,3
Qiantong,0,3,3
Qianxin,3,0,3
Qianyi,0,3,3
Qiáo,3,0,3
Qiâo,0,3,3
Qiao-An,3,0,3
Qiao-Li,0,3,3
Qiao-Ling,0,3,3
Qiao-Man,0,3,3
Qiao-Yi,3,0,3
Qiaochu,0,3,3
Qiaojun,0,3,3
Qiaolian,0,3,3
Qiaoqian,0,3,3
Qiaoyue,0,3,3
Qiarah,0,3,3
Qiaraley,0,3,3
Qias,3,0,3
Qichairah,0,3,3
Qichell,0,3,3
Qichendro,3,0,3
Qie,0,3,3
Qieanno,3,0,3
Qielverly,0,3,3
Qiën,0,3,3
Qien,0,3,3
Qiëndra,0,3,3
Qienie,0,3,3
Qiènna,0,3,3
Qierenzio,3,0,3
Qierona,0,3,3
Qieshailey,0,3,3
Qieshannah,0,3,3
Qiesla,0,3,3
Qiessa,0,3,3
Qievel-Amari,3,0,3
Qieyan,3,0,3
Qifaino,3,0,3
Qifayno,3,0,3
Qihao,3,0,3
Qijun,3,0,3
Qike,3,0,3
Qiko,3,0,3
Qilano,3,0,3
Qile,3,0,3
Qilian,3,0,3
Qiliën,0,3,3
Qilong,3,0,3
Qimaira,0,3,3
Qimairo,3,0,3
Qimayah,3,0,3
Qiming,3,0,3
Qimora,0,3,3
Qina,0,3,3
Qinaysha,0,3,3
Qincy,3,0,3
Qing-Hua,0,3,3
Qĩng-nián,3,0,3
Qing-Yu,3,0,3
Qingan,3,0,3
Qingau,3,0,3
Qinghe,0,3,3
Qingxin,0,3,3
Qingxue,0,3,3
Qingyan,0,3,3
Qingyang,3,0,3
Qingyi,0,3,3
Qingyu,0,3,3
Qingzhi,0,3,3
Qinibertha,0,3,3
Qinjero,3,0,3
Qino,3,0,3
Qinoâ,3,0,3
Qinou,3,0,3
Qinq,0,3,3
Qinshairo,3,0,3
Qinsi,3,0,3
Qinston,3,0,3
Qintia,0,3,3
Qintley,3,0,3
Qinton,3,0,3
Qinya,0,3,3
Qinyi,0,3,3
Qinzhi,0,3,3
Qiom,3,0,3
Qiomars,3,0,3
Qion,3,0,3
Qionah,0,3,3
Qiong-Ping,3,0,3
Qionno,3,0,3
Qiovanni,3,0,3
Qira,0,3,3
Qirat-Al-Een,0,3,3
Qirinus,3,0,3
Qirinye,3,0,3
Qirui,0,3,3
Qishaina,0,3,3
Qishaino,3,0,3
Qishaio,3,0,3
Qishairo,3,0,3
Qishandra,0,3,3
Qishanteny,0,3,3
Qishara,0,3,3
Qishayna,0,3,3
Qithara,0,3,3
Qitian,3,0,3
Qiuby,0,3,3
Qiuccia,0,3,3
Qiucheyni,0,3,3
Qiueenie,0,3,3
Qiuènne,0,3,3
Qiujin,0,3,3
Qiulina,0,3,3
Qiuling,0,3,3
Qiullaume,3,0,3
Qiullia,0,3,3
Qiumarz,3,0,3
Qiun,3,0,3
Qiupido,3,0,3
Qiushantaly,0,3,3
Qiushi,3,0,3
Qiusta,3,0,3
Qiutong,0,3,3
Qiuxayro,3,0,3
Qiuyi,3,0,3
Qiuzjainey,0,3,3
Qivanno,3,0,3
Qivánno-Lorenxio,3,0,3
Qivanno-Lorenxio,3,0,3
Qivanno-Sanjay,3,0,3
Qivenchy,3,0,3
Qivencio,3,0,3
Qivensley,3,0,3
Qiwei,3,0,3
Qiwen,0,3,3
QiXuan,3,0,3
Qiyairo,3,0,3
Qiyamo,3,0,3
Qiyanh,3,0,3
Qiyanna,0,3,3
Qiyen,3,0,3
Qiyou,3,0,3
Qiyshendrij,3,0,3
Qiyu,3,0,3
Qiyuan,3,0,3
Qiyue,0,3,3
Qiyuri,3,0,3
Qizhen,3,0,3
Qizion,3,0,3
Qjano,3,0,3
Qjeld,3,0,3
Qjulpan,0,3,3
Qlimmar,3,0,3
Qlyo,3,0,3
Qmaars,3,0,3
Qman,3,0,3
Qmar,3,0,3
Qmayro,3,0,3
Qmensia,0,3,3
Qnaijerick,3,0,3
Qnaijerreau,3,0,3
Qnarik,0,3,3
Qnency,3,0,3
Qoanita,0,3,3
Qoedsiyah,0,3,3
Qoen,3,0,3
Qoeraiza,0,3,3
Qohdy,3,0,3
Qohgi,3,0,3
Qoicocheya,0,3,3
Qolijn,3,0,3
Qonchita,0,3,3
Qonoot,0,3,3
Qooraen,3,0,3
Qoraisji,3,0,3
Qoraycha,0,3,3
Qori,3,0,3
Qorny,3,0,3
Qorratulain,0,3,3
Qosar,0,3,3
Qostijn,3,0,3
Qotaiba,3,0,3
Qouc-Lan,3,0,3
Qouinty,0,3,3
Qoussay,3,0,3
Qrenda,0,3,3
Qrenzo,3,0,3
Qreyennie,0,3,3
Qrien,3,0,3
Qrijn,3,0,3
Qrillin,3,0,3
Qrinus,3,0,3
Qrisilias,3,0,3
Qrosh,3,0,3
Qrudjina,0,3,3
Qruizzuilla,0,3,3
Qsai,3,0,3
Qsaim,3,0,3
Qsayra,0,3,3
Qsendro,3,0,3
Qshantelly,0,3,3
Qsharlon,3,0,3
Qshaun,3,0,3
Qshawn,3,0,3
Qshayni'vi,0,3,3
Qshayra,0,3,3
Qsingteley,0,3,3
Qtyro,3,0,3
Qu'naisha,0,3,3
Qu-vensley,3,0,3
Quā,3,0,3
Quaansah,3,0,3
Quabena,3,0,3
Quachynia,0,3,3
Quadelup,3,0,3
Quadelupé,0,3,3
Quaden,3,0,3
Quadhafi,3,0,3
Quadit,3,0,3
Quaditha,0,3,3
Quadrina,0,3,3
Quadyra,0,3,3
Quaestor,3,0,3
Quahneah,0,3,3
Quaiana,0,3,3
Quaianny,3,0,3
Quailan,3,0,3
Quailynn,0,3,3
Quainua,0,3,3
Quaïsha,0,3,3
Quajahni,3,0,3
Quajiro,3,0,3
Quajo,3,0,3
Qualencia,0,3,3
Qualiah,0,3,3
Qualid,3,0,3
Qualin,3,0,3
Qualion,3,0,3
Qualoël,0,3,3
Qualtiëro,3,0,3
Quame,3,0,3
Quàn,3,0,3
Quán,3,0,3
Quan-Robert,3,0,3
Quan-Takoda,3,0,3
Quancyveely,0,3,3
Quandavelley,3,0,3
Quander,3,0,3
Quandey,3,0,3
Quandry,0,3,3
Quaneeva,0,3,3
Quanetie,0,3,3
Quang-Dung,3,0,3
Quang-Duy,3,0,3
Quang-Huy,3,0,3
Quang-Minh,3,0,3
Quang-Truong,3,0,3
Quanicha,0,3,3
Quaniesha,0,3,3
Quanioo,3,0,3
Quanishia,0,3,3
Quanito,3,0,3
Quanitsha,0,3,3
Quaniva,0,3,3
Quanli,3,0,3
Quann,3,0,3
Quano,3,0,3
Quansing,0,3,3
Quant,3,0,3
Quantain,3,0,3
Quantay,0,3,3
Quanté,3,0,3
Quänteley,0,3,3
Quantiana,0,3,3
Quantico,3,0,3
Quantijn,3,0,3
Quanting,3,0,3
Quantite,3,0,3
Quantum,3,0,3
Quanyèl,3,0,3
Quanyi,3,0,3
Quaolitia,0,3,3
Quaragio,3,0,3
Quaraisha,0,3,3
Quaratuleen,0,3,3
Quardell,3,0,3
Quarianta,0,3,3
Quarijn,3,0,3
Quarino,3,0,3
Quarshie,0,3,3
Quartelle,0,3,3
Quartermaine,3,0,3
Quartin,3,0,3
Quashan,3,0,3
Quashon,3,0,3
Quasi,3,0,3
Quassim,3,0,3
Quatess,3,0,3
Quawntay,3,0,3
Quayé,3,0,3
Quaye,0,3,3
Quaylana,0,3,3
Quaylicya,0,3,3
Quaymayr,3,0,3
Quayngan,0,3,3
Quayshawn,3,0,3
Quayson,3,0,3
Quayven,3,0,3
Quazar,0,3,3
Quazi,3,0,3
Quba,3,0,3
Qubad,3,0,3
Qubennah,0,3,3
Qubert,3,0,3
Quby,0,3,3
Quchalin,0,3,3
Qucina,0,3,3
Qudesty,0,3,3
Qudoos,3,0,3
Qudrat,3,0,3
Qudratullah,3,0,3
Qudsiyah,0,3,3
Quê,3,0,3
Que'Shaira,0,3,3
Quê-Anh,0,3,3
Que-Kane,3,0,3
Que-kane,3,0,3
Queally,0,3,3
Quean,3,0,3
Queba,3,0,3
Queccius,0,3,3
Quéchaira,0,3,3
Quechan,3,0,3
Quechandro,3,0,3
Quecharo,3,0,3
Quedragou,0,3,3
Quee-Niah,0,3,3
Queecy,3,0,3
Queen-Angelley,0,3,3
Queen-Chanelly,0,3,3
Queen-Chenelley,0,3,3
Queen-ensiellyque,0,3,3
Queen-Jaydely,0,3,3
Queen-Jely,0,3,3
Queen-Jo'nisha,0,3,3
Queen-Rodaïshelly,0,3,3
Queen-Ronaïshelly,0,3,3
Queen-Shainy,0,3,3
Queen-Zhanel,0,3,3
Quëena,0,3,3
Queenaisha,0,3,3
Queenalisha,0,3,3
Queenangelley,0,3,3
Queenatisha,0,3,3
Queenaysha,0,3,3
Queendely,0,3,3
Queendjéanely,0,3,3
Queendjelley,0,3,3
Queendjely,0,3,3
Queenédjealy,0,3,3
Queenely,0,3,3
Queenelyz,0,3,3
Queenesha,0,3,3
Queenet,0,3,3
Queeney,0,3,3
Queeneysha,0,3,3
Queenicia,0,3,3
Queënie,0,3,3
Queenifer,0,3,3
Queenika,0,3,3
Queenisani,0,3,3
Queenjayna,0,3,3
Queenjitseny,0,3,3
Queenlatifah,0,3,3
Queenli-Yen,0,3,3
Queenly,0,3,3
Queenlyéna,0,3,3
Queenlyn,0,3,3
Queenna,0,3,3
Queennaisha,0,3,3
Queennaylia,0,3,3
Queennisha,0,3,3
Queeno,3,0,3
Queens,0,3,3
Queensainy,0,3,3
Queensela,0,3,3
Queenshaini,0,3,3
Queenshaira,0,3,3
Queenshanteny,0,3,3
Queenshayna,0,3,3
Queensheely,0,3,3
Queenshyra,0,3,3
Queensy,3,0,3
Queenta,0,3,3
Queenten,3,0,3
Queentesely,0,3,3
Queentie,0,3,3
Queentino,3,0,3
Queentyla,0,3,3
Queenvienshely,0,3,3
Queeny-Aimée,0,3,3
Queeny-Djay,0,3,3
Queenyshá,0,3,3
Queenyshaly,0,3,3
Queenza,0,3,3
Queenzi,0,3,3
Queenzy,0,3,3
Queerrina,0,3,3
Quefaidell,3,0,3
Quefar,3,0,3
Queilayro,3,0,3
Queillène,0,3,3
Quejera,0,3,3
Quek,0,3,3
Quela,0,3,3
Quelantaro,3,0,3
Quelara,0,3,3
Queldon,3,0,3
Queleeshi,0,3,3
Quelermo,3,0,3
Quelgin,3,0,3
Quèli,0,3,3
Queliano,3,0,3
Queline,0,3,3
Quelita,0,3,3
Queliyano,3,0,3
Quellan,3,0,3
Quellaya,0,3,3
Quellenger,3,0,3
Quellentina,0,3,3
Quelli,0,3,3
Quelliza,0,3,3
Quelo,3,0,3
Quelon,3,0,3
Quelsey,0,3,3
Quelsy,0,3,3
Quely,0,3,3
Quelyn,0,3,3
Quelyon,3,0,3
Quemaya,0,3,3
Quembelo,3,0,3
Quembo,3,0,3
Quemey,0,3,3
Quemille,0,3,3
Quemio,3,0,3
Quen-Tesely,0,3,3
Quen-Yee,0,3,3
Quena,0,3,3
Quenaira,0,3,3
Quënally,0,3,3
Quenalysha,0,3,3
Quenay,3,0,3
Quencel,3,0,3
Quences,0,3,3
Quencey,3,0,3
Quencilijano,3,0,3
Quencilishano,3,0,3
Quencio,3,0,3
Quencly,3,0,3
Quënda,0,3,3
Quendela,0,3,3
Quendelien,0,3,3
Quendelin,0,3,3
Quendell,3,0,3
Quender,3,0,3
Quendiline,0,3,3
Quendiño,3,0,3
Quendolin,0,3,3
Quenel,0,3,3
Quenell,3,0,3
Quenet,0,3,3
Quenetisha,0,3,3
Quenety,0,3,3
Quenie,0,3,3
Quenieviëny,0,3,3
Quenin,0,3,3
Quenine,0,3,3
Quenishia,0,3,3
Quenita,0,3,3
Quenjamalies,0,3,3
Quenn-Lion,3,0,3
Quénny,0,3,3
Quenoah,0,3,3
Quensaira,0,3,3
Quenshly,3,0,3
Quensi,3,0,3
Quensie,3,0,3
Qüensley,3,0,3
Qûensly,3,0,3
Quensten,3,0,3
Quensyenne,0,3,3
Quent'nayro,3,0,3
Quenta,0,3,3
Quentatino,3,0,3
Quenteijn,3,0,3
Quenteley,0,3,3
Quenten-Dhaishon,3,0,3
Quëntha,0,3,3
Quenthe,0,3,3
Quenthony,3,0,3
Quentie,0,3,3
Quèntin,3,0,3
Quentin-Lee,3,0,3
Quentinly,0,3,3
Quentinn,3,0,3
Quentischa,0,3,3
Quently,0,3,3
Quento,3,0,3
Queny,0,3,3
Quenysha,0,3,3
Quenza,0,3,3
Queonne,0,3,3
Quequerro,3,0,3
Querali,0,3,3
Queran,3,0,3
Querann,3,0,3
Querasmin,0,3,3
Querayza,0,3,3
Quercy,0,3,3
Querdo,3,0,3
Querell,3,0,3
Querenshyo,3,0,3
Querentina,0,3,3
Queres,0,3,3
Queress,0,3,3
Queri,0,3,3
Queria,0,3,3
Querian,3,0,3
Querianne,0,3,3
Queriano,3,0,3
Queric,3,0,3
Querico,3,0,3
Queridian,3,0,3
Quérien,0,3,3
Queriën,3,0,3
Quérijn,3,0,3
Querinho,3,0,3
Querinza,0,3,3
Querion,3,0,3
Querique,0,3,3
Querisheno,3,0,3
Quermy,3,0,3
Querno,3,0,3
Quero,3,0,3
Querren,0,3,3
Querro,3,0,3
Querten,3,0,3
Querubín,3,0,3
Querusha,0,3,3
Queryn,3,0,3
Ques,3,0,3
Quesa,0,3,3
Quesainy,0,3,3
Quesandra,0,3,3
Quesandro,3,0,3
Quésar,0,3,3
Quesayrro,3,0,3
Queshäino,3,0,3
Queshäïno,3,0,3
Queshanday,3,0,3
Queshandy,3,0,3
Queshara,0,3,3
Queshardy,3,0,3
Queshëndro,3,0,3
Queshintely,0,3,3
Quesi,3,0,3
Quesia,0,3,3
Quesler,3,0,3
Quess,3,0,3
Quessia,3,0,3
Queste,0,3,3
Questya,0,3,3
Queta,0,3,3
Quethura,0,3,3
Quetô,3,0,3
Quetro,3,0,3
Quetzalí,0,3,3
Quetzally,0,3,3
Quetzaly,0,3,3
Quëv-Diyön,3,0,3
Quevain,3,0,3
Quevarra,3,0,3
Queveyo,3,0,3
Quevin,3,0,3
Quew,3,0,3
Queyden,3,0,3
Quez,0,3,3
Quezaida,0,3,3
Quezzy,0,3,3
Quffa,0,3,3
Qufraan,0,3,3
Qugianery,3,0,3
Qugianni,3,0,3
Qui'Jhayro,3,0,3
Qui-chentley,3,0,3
Qui-Jean,3,0,3
Qui-Mae,0,3,3
Qui-Many,3,0,3
Qui-Raishon,3,0,3
Qui-Séan,3,0,3
Qui-shane,3,0,3
Qui-shawn,3,0,3
Qui-Sudjendrick,3,0,3
Quiabella,0,3,3
Quiades,3,0,3
Quiah,0,3,3
Quiam,3,0,3
Quiamneris,0,3,3
Quiamy,3,0,3
Quian,3,0,3
Quiana-Chaëly,0,3,3
Quiana-Lee,0,3,3
Quianceny,0,3,3
Quiandro,3,0,3
Quiani,0,3,3
Quianie,0,3,3
Quiany,0,3,3
Quiara-Leanne,0,3,3
Quiceira,0,3,3
Quichain,0,3,3
Quichairo,3,0,3
Quichàndro,3,0,3
Quichantely,0,3,3
Quichantey,0,3,3
Quichara,0,3,3
Quichell,0,3,3
Quichelle,0,3,3
Quichelle-lee,0,3,3
Quichendely,0,3,3
Quichendly,0,3,3
Quichenic,3,0,3
Quichon,3,0,3
Quichot,3,0,3
Quicilia,0,3,3
Quicita,0,3,3
Quicmaria,0,3,3
Quida,0,3,3
Quidad,3,0,3
Quidaniëlo,3,0,3
Quidayra,0,3,3
Quider,3,0,3
Quidion,3,0,3
Quidor,3,0,3
Quiel,0,3,3
Quielmo,3,0,3
Quiemitri,3,0,3
Quièmo,3,0,3
Quienne,0,3,3
Quienne-Marie,0,3,3
Quienno,3,0,3
Quiénso,3,0,3
Quieran,3,0,3
Quierano,3,0,3
Quierienus,3,0,3
Quierin,0,3,3
Quierinus,3,0,3
Quiéroz,3,0,3
Quierra,0,3,3
Quieslane,0,3,3
Quieta,0,3,3
Quiette,0,3,3
Quifaina,0,3,3
Quifandri,3,0,3
Quifree,3,0,3
Quig,0,3,3
Quigen,3,0,3
Quihara,0,3,3
Quïjahn,3,0,3
Quijan,3,0,3
Quijandro,3,0,3
Quijaro,3,0,3
Quijeanteli,0,3,3
Quijendra,0,3,3
Quijonah,0,3,3
Quik,3,0,3
Quilania,0,3,3
Quilano,3,0,3
Quilany,0,3,3
Quilara,0,3,3
Quilaume,3,0,3
Quilayjo,3,0,3
Quilayno,3,0,3
Quilé,3,0,3
Quilen,3,0,3
Quilena,0,3,3
Quiléney,0,3,3
Quilenne,0,3,3
Quilfort,3,0,3
Quiliamo,3,0,3
Quilian,3,0,3
Quilijn,0,3,3
Quilijne,0,3,3
Quilim,3,0,3
Quilina,0,3,3
Quilindschy,3,0,3
Quilino,3,0,3
Quilinzo,3,0,3
Quilisha,0,3,3
Quiliza,0,3,3
Quill,3,0,3
Quillaime,3,0,3
Quillain,3,0,3
Quillaisa,0,3,3
Quillamma,3,0,3
Quille,0,3,3
Quilleaume,3,0,3
Quillemette,0,3,3
Quillén,3,0,3
Quillen,3,0,3
Quillerminia,0,3,3
Quillette,0,3,3
Quilliaume,3,0,3
Quillielmus,3,0,3
Quilliyandro,3,0,3
Quilmairo,3,0,3
Quilvio,3,0,3
Quilyan,3,0,3
Quilyãno,3,0,3
Quilyano,3,0,3
Quilyon,3,0,3
Quilysha,0,3,3
Quilyshia,0,3,3
Quimairo,3,0,3
Quimaney,3,0,3
Quimani,3,0,3
Quimany,3,0,3
Quimar,3,0,3
Quimara,0,3,3
Quimayah,0,3,3
Quimayra,0,3,3
Quimbida,3,0,3
Quimé,0,3,3
Quimerio,3,0,3
Quimio,3,0,3
Quïmora,0,3,3
Quimora,0,3,3
Quin-Chara,0,3,3
Quin-Nicio,3,0,3
Quin-Odin,3,0,3
Quin-Rhaino,3,0,3
Quina,0,3,3
Quinacridone,0,3,3
Quinaely,0,3,3
Quinaichely,0,3,3
Quinailly,0,3,3
Quinaily,0,3,3
Quinairo,3,0,3
Quinaisha,0,3,3
Quinaisheley,0,3,3
Quinana,0,3,3
Quinaro,3,0,3
Quinato,3,0,3
Quinayah,0,3,3
Quinaysha,0,3,3
Quinayshaly,0,3,3
Quinby,3,0,3
Quincayo,3,0,3
Quincayro,3,0,3
Quince-Ilaya,3,0,3
Quincelinio,3,0,3
Quincell,3,0,3
Quincelly,0,3,3
Quincen,3,0,3
Quincènt,3,0,3
Quincente,0,3,3
Quinchao,0,3,3
Quinchayra,0,3,3
Quinchelle,0,3,3
Quinchellinho,3,0,3
Quinchenaily,0,3,3
Quinchenaira,0,3,3
Quinchy-Sammuell,3,0,3
Quinciano,3,0,3
Quinciany,0,3,3
Quincie,0,3,3
Quincienne,0,3,3
Quincij,3,0,3
Quincilla,0,3,3
Quincinio,3,0,3
Quinciño,3,0,3
Quincio,3,0,3
Quinclef,3,0,3
Quincley,3,0,3
Quïncy,0,3,3
Quincy-Alexandre,3,0,3
Quincy-Charles,3,0,3
Quincy-Jilo,3,0,3
Quincy-Jo,0,3,3
Quincy-John,3,0,3
Quincy-Joy,0,3,3
Quincy-Lee,3,0,3
Quincy-Nicole,0,3,3
Quincy-Raoul,3,0,3
Quincy-Sem,3,0,3
Quincyano,3,0,3
Quincyara,0,3,3
Quincyello,3,0,3
Quincylienjo,3,0,3
Quincylino,3,0,3
Quincynio,3,0,3
Quindea,0,3,3
Quinderson,3,0,3
Quindevison,3,0,3
Quindi,0,3,3
Quindlenne,0,3,3
Quindon,3,0,3
Quindsey,0,3,3
Quindsy,3,0,3
Quinebertus,3,0,3
Quineeshah,0,3,3
Quineicha,0,3,3
Quineichely,0,3,3
Quinelay,0,3,3
Quinella,0,3,3
Quinerra,0,3,3
Quines,0,3,3
Quinever,0,3,3
Quinevera,0,3,3
Quineverre,0,3,3
Quineviere,0,3,3
Quinevire,0,3,3
Quineysha,0,3,3
Quinha,0,3,3
QuiNHCy,3,0,3
Quinia,0,3,3
Quinianna,0,3,3
Quinibertus,3,0,3
Quinine,0,3,3
Quininho,3,0,3
Quinirzah,0,3,3
Quinisa,0,3,3
Quinito,3,0,3
Quinitsha,0,3,3
Quinivere,0,3,3
Quinivialy,0,3,3
Quiniviëlly,0,3,3
Quinjairo,3,0,3
Quinjomar,3,0,3
Quinlany,0,3,3
Quinlee,3,0,3
Quinlinn,3,0,3
Quinllan,3,0,3
Quinlyn,0,3,3
Quinmilson,3,0,3
Quinn-aicha,0,3,3
Quinn-carlos,3,0,3
Quinn-Lee,3,0,3
Quinnaira,0,3,3
Quinnaishily,0,3,3
Quinndell,3,0,3
Quinnetty,0,3,3
Quinnevre,0,3,3
Quinni,0,3,3
Quinnisha,0,3,3
Quinniver,0,3,3
Quinno,3,0,3
Quinnston,3,0,3
Quinnt,3,0,3
Quinntella,0,3,3
Quinntin,3,0,3
Quinntino,3,0,3
Quinona,0,3,3
Quinora,0,3,3
Quins-Lee,0,3,3
Quinsainnely,0,3,3
Quinsaïra,0,3,3
Quinsario,3,0,3
Quinsay,3,0,3
Quinseliano,3,0,3
Quinsely,3,0,3
Quinsen,3,0,3
Quinsey-Nicole,0,3,3
Quinshaintly,3,0,3
Quinshairo,3,0,3
Quinshantely,0,3,3
Quinshario,3,0,3
Quinsi,0,3,3
Quinsiana,0,3,3
Quinsièro,3,0,3
Quinsilla,0,3,3
Quinslymar,3,0,3
Quinssie,0,3,3
Quinstan,3,0,3
Quinsteny,0,3,3
Quinstun,3,0,3
Quint-Ernest,3,0,3
Quinta-essentia,0,3,3
Quintain,3,0,3
Quintal,0,3,3
Quintalla,0,3,3
Quintangely,0,3,3
Quintany,3,0,3
Quintanza,0,3,3
Quintavus,3,0,3
Quintee,0,3,3
Quintein,3,0,3
Quintela,0,3,3
Quintelle,0,3,3
Quintelly,3,0,3
Quinten-Chagal,3,0,3
Quinten-Erkens,3,0,3
Quinten-Jan,3,0,3
Quinten-Jeromy,3,0,3
Quinten-Lee,3,0,3
Quinten-Léon,3,0,3
Quinten-Madické,3,0,3
Quinten-Roy,3,0,3
Quinten-Skye,3,0,3
Quinten-Terry,3,0,3
Quintence,3,0,3
Quintens,3,0,3
Quintenssence,3,0,3
Quintera,0,3,3
Quinteyn,3,0,3
Quintha,0,3,3
Quinthalia,0,3,3
Quinthana,0,3,3
Quinthey,0,3,3
Quinthley,3,0,3
Quinthly,3,0,3
Quinthsia,0,3,3
Quinthus,3,0,3
Quinthyro,3,0,3
Quintiaan,3,0,3
Quintiara,0,3,3
Quintiene,0,3,3
Quintij,0,3,3
Quintijm,3,0,3
Quintijntje,0,3,3
Quintiliana,0,3,3
Quintilianus,3,0,3
Quintilina,0,3,3
Quintillia,0,3,3
Quintillino,3,0,3
Quintín,3,0,3
Quintin-Lee,3,0,3
Quintinjo,3,0,3
Quintinn,3,0,3
Quintinny,3,0,3
Quíntino,3,0,3
Quintiny,0,3,3
Quintnardus,3,0,3
Quintoine,3,0,3
Quiñton,3,0,3
Quintony,3,0,3
Quintos,0,3,3
Quints,3,0,3
Quintsey,0,3,3
Quintson,3,0,3
Quintt,3,0,3
Quintuequeo,3,0,3
Quintun,3,0,3
Quintus-Filius,3,0,3
Quïnty,0,3,3
Quinty-Ann,0,3,3
Quinty-Chimène,0,3,3
Quinty-Dorien,0,3,3
Quinty-Jay,0,3,3
Quinty-Lee,0,3,3
Quinty-Lizz,0,3,3
Quinty-Lynn,0,3,3
Quinty-Marie,0,3,3
Quintyliano,3,0,3
Quintyrisio,3,0,3
Quintysha,0,3,3
Quinvenney,0,3,3
Quinvey,3,0,3
Quinxhell,3,0,3
Quinxia,0,3,3
Quinya,0,3,3
Quinyara,0,3,3
Quinyne,0,3,3
Quinyty,0,3,3
Quinza,0,3,3
Quinzaïro,3,0,3
Quinzano,3,0,3
Quinzel,3,0,3
Quinzio,3,0,3
Quiodemar,3,0,3
Quiome,3,0,3
Quioni,0,3,3
Quiovano,3,0,3
Quiqo,3,0,3
Quiqui,0,3,3
Quiquina,0,3,3
Quira,0,3,3
Quiram,3,0,3
Quiran,3,0,3
Quiraya,0,3,3
Quireen,0,3,3
Quireeny,0,3,3
Quireijn,3,0,3
Quireina,0,3,3
Quirelle,0,3,3
Quiren,3,0,3
Quirena,0,3,3
Quirenia,0,3,3
Quireno,3,0,3
Quireynho,3,0,3
Quirian,3,0,3
Quiriano,3,0,3
Quirica,0,3,3
Quiriena,0,3,3
Quiriéne,0,3,3
Quirienne,0,3,3
Quiriënne,0,3,3
Quirieno,3,0,3
Quiril,3,0,3
Quirilius,3,0,3
Quirima,0,3,3
Quirinah,0,3,3
Quiringh,3,0,3
Quirini,0,3,3
Quirinio,3,0,3
Quirinis,3,0,3
Quirinn,0,3,3
Quiriño,3,0,3
Quirinzo,3,0,3
Quirion,3,0,3
Quirissa,0,3,3
Quirita,0,3,3
Quiritan,3,0,3
Quirjovhney,3,0,3
Quirnovitch,3,0,3
Quiron,3,0,3
Quirona,0,3,3
Quirren,3,0,3
Quirriën,3,0,3
Quirrin,3,0,3
Quirrine,0,3,3
Quirshella,0,3,3
Quirtell,3,0,3
Quiryan,3,0,3
Quiryne,0,3,3
Quirynus,3,0,3
Quisainterry,0,3,3
Quisairo,3,0,3
Quisaiya,0,3,3
Quisana,0,3,3
Quisantely,0,3,3
Quisara,0,3,3
Quisciano,3,0,3
Quisean,3,0,3
Quisem,3,0,3
Quisenia,0,3,3
Quishahndward,3,0,3
Quishailery,0,3,3
Quishailey,0,3,3
Quishainie,0,3,3
Quishairyck,3,0,3
Quishan,3,0,3
Quishandra,0,3,3
Quishandrickson,3,0,3
Quishandro,3,0,3
Quishanteli,0,3,3
Quishany,0,3,3
Quishara-Faye,0,3,3
Quisharella,0,3,3
Quisharo,3,0,3
Quishaydreon,3,0,3
Quishaynely,0,3,3
Quishayni,0,3,3
Quishayra,0,3,3
Quishayro,3,0,3
Quisheaneley,0,3,3
Quishella,0,3,3
Quishendra,0,3,3
Quishenelly,0,3,3
Quishenna,0,3,3
Quishentlly,3,0,3
Quishently,3,0,3
Quisheny,0,3,3
Quisheyna,0,3,3
Quisiënne,0,3,3
Quisiera,0,3,3
Quisilio,3,0,3
Quisillia,0,3,3
Quisinus,3,0,3
Quislainy,0,3,3
Quispe,3,0,3
Quisqueya,0,3,3
Quistijn,3,0,3
Quisya,0,3,3
Quitama,0,3,3
Quitana,0,3,3
Quitangely,0,3,3
Quite,0,3,3
Quiten,3,0,3
Quitéria,0,3,3
Quiteria-Lynn,0,3,3
Quiti,0,3,3
Quitlan,3,0,3
Quiton,3,0,3
Quitsito,3,0,3
Quitta,0,3,3
Quiturah,0,3,3
Quitus,3,0,3
Quitzaidah,0,3,3
Quiva,0,3,3
Quivana,0,3,3
Quivanté,3,0,3
Quivaryo,3,0,3
Quivaughn,3,0,3
Quiverian,3,0,3
Quivienna-Leigh,0,3,3
Quivira,0,3,3
Quixayro,3,0,3
Quixēna,0,3,3
Quiyanna,0,3,3
Quiyar,3,0,3
Quiyea,3,0,3
Quiyen,3,0,3
Quiyenna,0,3,3
Quiyenne,0,3,3
Quiyona,0,3,3
Quiyrine,0,3,3
Quizario,3,0,3
Quizo,3,0,3
Qujeanly,0,3,3
Qujtessa,3,0,3
Qukii,3,0,3
Qulanstan,0,3,3
Qulany,3,0,3
Qulaydjaël,3,0,3
Quliëna,0,3,3
Quling,0,3,3
Qullion,3,0,3
Qulsun,0,3,3
Qumail,3,0,3
Quman,0,3,3
Qumar,3,0,3
Qumars,3,0,3
Qumba,3,0,3
Qumera,0,3,3
Qumerce,3,0,3
Qumman,0,3,3
Qummar,3,0,3
Qunaijerick,3,0,3
Qunayca,0,3,3
Qunegonda,0,3,3
Qungqung,3,0,3
Qunhui,0,3,3
Quninsha,0,3,3
Qunitra,0,3,3
Qunoet,0,3,3
Qunter,3,0,3
Quny,0,3,3
Quõc,3,0,3
Quoc-An,3,0,3
Quoc-Bao,3,0,3
Quoc-Khanh,3,0,3
Quoc-Nam,3,0,3
Quoc-Phi-Khanh,0,3,3
Quoc-Si,3,0,3
Quoc-Thai,3,0,3
Quoc-vuong,3,0,3
Quocminh,3,0,3
Quodrigis,3,0,3
Quody,3,0,3
Quôé,3,0,3
Quoe,3,0,3
Quoi,3,0,3
Quok-Hiem,3,0,3
Quok-Phung,3,0,3
Quok-Yung,3,0,3
Qüomi,0,3,3
Quona,0,3,3
Quondam,3,0,3
Quoraisha,0,3,3
Quoreesha,0,3,3
Quossay,3,0,3
Qurain,3,0,3
Quraishelly,0,3,3
Quraishi,0,3,3
Quraiza,0,3,3
Qurany,3,0,3
Qurat-ul-Ain,0,3,3
Qurat-ul-ain,0,3,3
Quratulain,0,3,3
Quratulein,0,3,3
Quraylius,3,0,3
Quraysh,3,0,3
Quraysha,0,3,3
Qurcida,0,3,3
Qureen,0,3,3
Qureish,3,0,3
Qureisha,0,3,3
Qurenda,0,3,3
Qurenzo,3,0,3
Quresh,0,3,3
Qureushi,0,3,3
Qurianka,0,3,3
Quriena,0,3,3
Qurienna,0,3,3
Qurinius,3,0,3
Qurino,3,0,3
Qurlinn,3,0,3
Qurra-Tul-Ain,0,3,3
Qurratulan,0,3,3
Quruh,0,3,3
Qurydo,3,0,3
Qusar,0,3,3
Qushainely,0,3,3
Qushal,3,0,3
Qushandra,0,3,3
Qushanick,3,0,3
Qushans,3,0,3
Qushastrisingh,3,0,3
Qushendro,3,0,3
Qussay,0,3,3
Qussy,3,0,3
Qustegen,3,0,3
Qut,0,3,3
Qutie,0,3,3
Qutiënne,0,3,3
Quux,3,0,3
Quvenshané,0,3,3
Quwana,0,3,3
Quwandell,3,0,3
Quwehly,0,3,3
Qüwen,3,0,3
Quwen,3,0,3
Quwena,0,3,3
Quwendy,0,3,3
Quwenneffer-Lenneke,0,3,3
Quwintum,3,0,3
Quwiriëna,0,3,3
Quy-an,3,0,3
Quý-Khanh,3,0,3
Quy-Mai,0,3,3
Quy-Tâm,3,0,3
Quyan,0,3,3
Quyandra,0,3,3
Quyane,0,3,3
Quyaro,3,0,3
Quyateh,3,0,3
Quyê't,3,0,3
Quylan,3,0,3
Quylène,0,3,3
Quyllur,3,0,3
Quymaura,0,3,3
Quyncy,3,0,3
Quynh-Dan,0,3,3
Quynh-Huong,0,3,3
Quynliaan,0,3,3
Quyntin,3,0,3
Quyon,3,0,3
Quyorah,0,3,3
Quyrijn,3,0,3
Quyroux,3,0,3
Quyryn,3,0,3
Quyshawn,3,0,3
Quyten,3,0,3
Quytha,0,3,3
Quyvonn,3,0,3
Quyvorim,0,3,3
Quzairo,3,0,3
Qvano,3,0,3
Qvarillia,3,0,3
Qvenxell,3,0,3
Qvigstad,3,0,3
Qvôc,3,0,3
Qwaine,3,0,3
Qwandley,3,0,3
Qwanisha,0,3,3
Qwarnell,3,0,3
Qwasharello,3,0,3
Qwayne,3,0,3
Qwen-Angel,0,3,3
Qwency,3,0,3
Qwendell,3,0,3
Qwendelyn,0,3,3
Qwendelynn,0,3,3
Qwenderly,0,3,3
Qwendolin,0,3,3
Qwendolina,0,3,3
Qwendolynn,0,3,3
Qwenne,0,3,3
Qwenny,0,3,3
Qwenrina,0,3,3
Qwensilena,0,3,3
Qwensly,3,0,3
Qwente,0,3,3
Qwentel,3,0,3
Qwentina,0,3,3
Qwentinn,3,0,3
Qwently,3,0,3
Qweny,0,3,3
Qwerine,0,3,3
Qwerty,3,0,3
Qwincel,3,0,3
Qwincey,0,3,3
Qwinci,3,0,3
Qwincia,0,3,3
Qwincy,3,0,3
Qwinnice,0,3,3
Qwinnt,3,0,3
Qwinny,0,3,3
Qwinsten,3,0,3
Qwintho,3,0,3
Qwintijn,3,0,3
Qwinz,3,0,3
Qwirina,0,3,3
Qwitana,0,3,3
Qwrantha,0,3,3
Qwuandro,3,0,3
Qwuinsley,3,0,3
Qwuinty,0,3,3
Qwuisen,0,3,3
Qwureijn,3,0,3
Qwyantsony,0,3,3
Qwynjaily,0,3,3
Qxaxia,0,3,3
Qy'ann-Gelee,0,3,3
Qy-ëla,0,3,3
Qyana,0,3,3
Qyani,3,0,3
Qychairo,3,0,3
Qydinn,3,0,3
Qyelle,0,3,3
Qyermo,3,0,3
Qylana,0,3,3
Qylêne,0,3,3
Qylene,0,3,3
Qylian,3,0,3
Qyllian,3,0,3
Qymani,0,3,3
Qymaya,0,3,3
Qynaida,0,3,3
Qynt,3,0,3
Qyomarah,0,3,3
Qyomi,0,3,3
Qyon,3,0,3
Qyona,0,3,3
Qyr-Zaēna,0,3,3
Qyran,3,0,3
Qyri,3,0,3
Qyron,3,0,3
Qyshawne,3,0,3
Qysheann,3,0,3
Qysheena,0,3,3
Qyshon,3,0,3
Qytairo,3,0,3
Qytarah,0,3,3
Qyusheaton,3,0,3
Qyzheña,0,3,3
