Name,Men,Women,Total
Robert,86448,298,86746
Ronald,53029,191,53220
Richard,47397,280,47677
René,41064,790,41854
Robin,27291,8660,35951
Rudolf,30113,241,30354
Ruben,28094,28,28122
Roelof,27788,30,27818
Robertus,26199,219,26418
Roy,22551,183,22734
Rick,20488,31,20519
Regina,473,17756,18229
Remco,17848,18,17866
Raymond,16867,166,17033
Reinier,13701,99,13800
Rob,13686,106,13792
Rosa,315,12426,12741
Romy,44,12620,12664
Renate,74,11287,11361
Ricardo,11204,53,11257
Rosalie,171,10583,10754
Rianne,34,10471,10505
Robbert,10089,9,10098
Roel,9814,93,9907
Roland,9808,79,9887
Ryan,9555,107,9662
Renée,442,9037,9479
Rutger,9368,14,9382
Renske,11,9042,9053
Rebecca,39,8887,8926
Ramon,8858,29,8887
Rachel,96,8475,8571
Rik,8194,23,8217
Rens,7938,101,8039
Rogier,7766,20,7786
Roger,6497,346,6843
Ralph,6403,70,6473
Ruud,5952,73,6025
Ruth,594,5404,5998
Reinder,5813,3,5816
Roan,5344,93,5437
Roeland,5276,27,5303
Ronaldus,5166,68,5234
Ronny,4879,150,5029
Reina,7,4751,4758
Rosanne,9,4729,4738
Rudi,4460,174,4634
Ronnie,4495,87,4582
Rowan,3418,1060,4478
Roelofje,5,4446,4451
Rosalia,304,4146,4450
Rudy,4163,211,4374
Ramona,46,4114,4160
Roelf,3949,7,3956
Raoul,3884,44,3928
Roberto,3879,31,3910
Rose,23,3875,3898
Rita,181,3639,3820
Rudolph,3610,41,3651
Remko,3419,5,3424
Ria,91,3168,3259
Roxanne,5,3195,3200
Rolf,3180,14,3194
Richardus,3116,32,3148
Rinske,5,3048,3053
Remy,2822,155,2977
Randy,2810,143,2953
Rayan,2893,39,2932
Rein,2755,10,2765
Renee,516,2242,2758
Rudolphus,2687,24,2711
Ralf,2619,52,2671
Roelfina,5,2665,2670
Romano,2539,7,2546
Ron,2434,93,2527
Ricky,2271,243,2514
Rozemarijn,3,2430,2433
Renata,17,2405,2422
Rika,11,2374,2385
Rico,2369,10,2379
Robbie,2312,63,2375
Robbin,1951,382,2333
Ruurd,2279,3,2282
Ruby,66,2207,2273
Roderick,2265,3,2268
Rafaël,2156,75,2231
Rowena,12,2214,2226
Rafael,2108,25,2133
Renier,1986,131,2117
Rachelle,21,2037,2058
Rosita,28,2026,2054
Rosalina,108,1923,2031
Renzo,1986,3,1989
Reindert,1937,3,1940
Ravi,1881,57,1938
Romée,6,1915,1921
Reijer,1917,3,1920
Raphaël,1763,84,1847
Rinze,1823,3,1826
Remon,1795,3,1798
Renatus,1742,41,1783
Romana,11,1758,1769
Rosina,22,1747,1769
Reintje,56,1665,1721
Roelina,3,1701,1704
Rienk,1602,0,1602
Riley,1343,244,1587
Rosemarie,22,1548,1570
Raf,1533,7,1540
Robby,1514,21,1535
Raymon,1512,3,1515
Rosalinde,11,1500,1511
Rachid,1500,3,1503
Roberta,3,1483,1486
Reinout,1470,0,1470
Roelfien,5,1460,1465
Roosmarijn,3,1457,1460
Rixt,8,1443,1451
Ray,1371,68,1439
Roelie,31,1406,1437
Raimond,1397,11,1408
Rodney,1398,3,1401
Rian,297,1098,1395
Rebekka,3,1370,1373
Remi,1282,83,1365
Romeo,1337,3,1340
Robine,0,1337,1337
Roman,1309,16,1325
Reginald,1313,3,1316
Richelle,3,1286,1289
Rosanna,3,1250,1253
Reza,861,378,1239
Rudolfus,1222,13,1235
Rene,1142,91,1233
Roald,1215,0,1215
Romee,8,1202,1210
Richarda,13,1182,1195
Romke,1136,23,1159
Renze,1149,8,1157
Reinoud,1153,3,1156
Redouan,1136,0,1136
Reint,1128,0,1128
Roza,42,1086,1128
Rosan,11,1077,1088
Rina,17,1052,1069
Rutgerus,1036,14,1050
Roderik,1031,3,1034
Rabia,3,1027,1030
Rinse,1019,3,1022
Rinke,842,177,1019
Rhodé,3,1012,1015
Remigius,958,51,1009
Roelien,3,966,969
Rosalinda,7,958,965
Rana,20,944,964
Riemer,962,3,965
Robert-Jan,961,3,964
Raphael,925,31,956
Rinus,921,7,928
Rowin,878,35,913
Rohan,903,7,910
Rody,853,36,889
Reinerus,878,3,881
Riemke,3,880,883
Rense,838,14,852
Remmelt,835,3,838
Rochelle,3,830,833
Rémon,827,3,830
Robyn,35,781,816
Reinhard,765,8,773
Raquel,6,758,764
Rudie,722,42,764
Rinaldo,740,3,743
Ramón,737,3,740
Rachida,0,737,737
Rilana,11,725,736
Reda,720,14,734
Rania,0,729,729
Reinardus,720,3,723
Ryanne,3,714,717
Roelfiena,3,713,716
Rients,709,3,712
Rokus,698,3,701
Rocco,697,3,700
Ramses,684,3,687
Romkje,0,679,679
Ramazan,675,3,678
Ronan,667,5,672
Rijkje,3,667,670
Rosaline,16,650,666
Rosemarijn,0,662,662
Raymundus,649,12,661
Rory,599,61,660
Roemer,639,8,647
Ronja,0,647,647
Rochus,623,19,642
Roosje,3,634,637
Roswitha,12,624,636
Reiniera,6,626,632
Roxy,5,626,631
Romaissa,0,624,624
Rien,605,17,622
Renaldo,615,3,618
Rolina,3,615,618
Reno,594,3,597
Regine,13,579,592
Raven,301,282,583
Riccardo,576,3,579
Rikkert,572,3,575
River,343,227,570
Reinierus,551,3,554
Renger,552,3,555
Ronaldo,539,12,551
Rowen,440,106,546
Richtje,0,539,539
Roelofina,3,536,539
Radboud,530,3,533
Reinirus,524,3,527
Reinera,6,520,526
Rink,512,12,524
Rowdy,518,6,524
Rindert,519,0,519
Rosie,8,510,518
Rida,479,33,512
Ritchie,488,3,491
Raff,488,3,491
Renato,484,3,487
Rainier,479,6,485
Robertino,478,5,483
Remke,125,352,477
Roelanda,3,476,479
Roxane,3,471,474
Rani,39,432,471
Rayen,464,3,467
Rigtje,3,466,469
Rinskje,0,467,467
Roelofke,3,465,468
Raisa,3,461,464
Rosalien,10,448,458
Romina,3,455,458
Rolandus,451,3,454
Rensina,0,443,443
Ries,438,5,443
Roeline,0,441,441
Remo,437,3,440
Roelfke,0,437,437
Romi,7,428,435
Rintje,430,3,433
Regnerus,427,3,430
Roël,404,26,430
Randolph,426,3,429
Rune,344,83,427
Roshan,395,20,415
Rensje,3,408,411
Reinira,3,400,403
Raúl,402,0,402
Reindina,0,401,401
Remmert,400,3,403
Rozalia,26,372,398
Romario,397,0,397
Rumoldus,389,5,394
Rachèl,10,381,391
Rudolphina,6,385,391
Rachella,3,381,384
Ritske,368,14,382
Reinard,379,3,382
Rivka,0,379,379
Rolanda,3,374,377
Romijn,251,124,375
Rishi,363,3,366
Rombout,353,11,364
Rembrandt,363,0,363
Rocky,345,18,363
Roxanna,0,360,360
Riek,33,326,359
Riva,44,315,359
Reinoldus,348,3,351
Reinalda,3,346,349
Rommert,347,0,347
Rosalyn,0,347,347
Robertina,3,342,345
Rieke,3,340,343
Roeloffina,0,344,344
Rudolfina,3,341,344
Robrecht,337,3,340
Riekelt,334,0,334
Robbert-Jan,334,0,334
Romain,316,17,333
Romaisa,0,332,332
Rakesh,327,3,330
Rozina,3,325,328
Rosemary,3,327,330
Rubin,308,19,327
Reyhan,45,281,326
Robina,0,326,326
Romaysa,0,325,325
Rieneke,3,321,324
Resa,27,295,322
Redmer,318,3,321
Roshni,3,318,321
Roxana,3,318,321
Roef,315,3,318
Rianna,0,315,315
Rikje,3,307,310
Richella,0,306,306
Rolien,0,306,306
Rimke,22,283,305
Rover,298,6,304
Reyer,302,0,302
Riekje,0,301,301
Roma,28,272,300
Rümeysa,0,300,300
Rosaly,0,299,299
Rodger,293,3,296
Raul,294,0,294
Reino,54,237,291
Roelant,288,3,291
Reinold,287,3,290
Rona,3,284,287
Rivano,286,0,286
Renskje,3,284,287
Rukiye,0,284,284
Riëtte,3,281,284
Ronin,271,12,283
Rodin,262,20,282
Rudmer,280,0,280
Rieka,3,277,280
Rinkje,3,275,278
Recep,275,0,275
Reitze,274,0,274
Robbe,269,3,272
Randall,268,3,271
Rembertus,268,3,271
Richie,263,6,269
Rami,264,3,267
Roelfje,0,268,268
Rex,266,3,269
Ronalda,5,262,267
Reinald,266,0,266
Richenel,260,3,263
Reshma,0,258,258
Randolf,256,0,256
Riemkje,0,256,256
Rae,46,209,255
Rozanne,3,252,255
Rini,147,106,253
Rahman,239,13,252
Rhea,3,249,252
Rowie,10,241,251
Regilio,249,3,252
Roselinde,3,247,250
Remie,224,24,248
Robèrt,246,3,249
Ragna,0,246,246
Raimon,245,3,248
Ruurdtje,3,243,246
Rose-Marie,16,227,243
Rafi,232,10,242
Rajiv,242,0,242
Riekele,240,3,243
Ratna,0,240,240
Riena,0,239,239
Robijn,90,147,237
Rosario,152,85,237
Rafik,236,0,236
Revi,223,12,235
Rémy,226,8,234
Rosalin,3,231,234
Redmar,229,3,232
Rikste,3,230,233
Rosalynn,0,229,229
Rosette,7,222,229
Romanus,223,5,228
Reijertje,0,226,226
Ritesh,223,3,226
Rumeysa,0,225,225
Rayane,216,8,224
Rocus,224,0,224
Raymonde,7,216,223
Rifka,0,222,222
Reinetta,3,219,222
Reinarda,3,218,221
Rosetta,3,217,220
Rena,3,218,221
Reneé,25,192,217
Rohit,217,0,217
Rieks,213,3,216
Rashid,191,23,214
Roxan,7,206,213
Rikus,209,3,212
Relinde,3,207,210
Ross,204,3,207
Reinolda,0,205,205
Renaldus,201,3,204
Riny,78,126,204
Rahma,3,202,205
Rogér,192,10,202
Royce,170,32,202
Redouane,201,0,201
Ramiro,200,0,200
Resi,12,188,200
Riff,195,5,200
Roseline,3,197,200
Rijndert,199,0,199
Rimmer,198,3,201
Rodi,188,11,199
Resul,198,0,198
Roselina,9,189,198
Roely,3,193,196
Rosella,0,197,197
Reinate,0,195,195
Roselie,3,194,197
Ragnhild,0,193,193
Reva,8,185,193
Rolinda,0,193,193
Roline,3,190,193
Reinie,8,182,190
Ragnar,184,5,189
Rijntje,5,184,189
Reinaldus,185,3,188
Reinskje,0,188,188
Ravza,0,187,187
Rafaëla,3,184,187
Romualdus,183,3,186
Rafaela,0,184,184
Raimondo,182,3,185
Rémi,150,34,184
Roelinda,0,184,184
Raya,7,176,183
Reggy,148,35,183
Rudolphine,3,182,185
Rolinka,0,182,182
Riëlle,0,181,181
Ringo,180,3,183
Roanne,3,180,183
Robertine,3,178,181
Ramzi,179,0,179
Romero,178,0,178
Rafaëlla,0,177,177
Rodrigo,177,0,177
Rayhan,158,18,176
Reimer,173,3,176
Rica,3,175,178
Riza,166,10,176
Rufus,176,0,176
Raveena,0,175,175
Reineke,7,168,175
Reinhold,172,3,175
Raaf,167,3,170
Roeli,8,163,171
Reginus,168,3,171
Rikki,15,153,168
Raj,163,3,166
Raja,89,78,167
Reggie,130,37,167
Regillio,166,0,166
Rienkje,0,166,166
Ruurdje,0,166,166
Raymondo,162,3,165
Raymondus,157,7,164
Radha,3,162,165
Roby,39,124,163
Russell,162,3,165
Ruthgerus,161,3,164
Romilda,3,161,164
Rahim,157,3,160
Rashida,0,161,161
Rikst,3,159,162
Riana,0,160,160
Rayaan,135,24,159
Rineke,0,159,159
Robertha,3,157,160
Riekie,6,152,158
Riham,3,156,159
Rozalina,5,153,158
Rui,115,42,157
Rim,79,76,155
Rozetta,3,153,156
Renso,153,0,153
Rookje,0,153,153
Rafaella,0,152,152
Roelandus,149,3,152
Rainer,143,8,151
Rauf,150,3,153
Reind,151,0,151
Rikke,67,83,150
Rayvano,149,0,149
Rubina,0,149,149
Reinhart,146,3,149
Rinie,73,75,148
Reini,11,136,147
Rino,143,3,146
Roëlle,0,147,147
Raymonda,7,139,146
Rennie,20,126,146
Ridvan,146,0,146
Romanie,17,129,146
Rommy,19,126,145
Rosine,3,141,144
Railey,128,16,144
Ranya,0,144,144
Reitse,143,3,146
Renko,144,0,144
Ricardus,138,6,144
Rosali,3,141,144
Raoel,142,0,142
Richel,87,55,142
Rajesh,140,3,143
Rochella,0,141,141
Riv,137,3,140
Ravenna,0,138,138
Roosmarie,3,134,137
Rafke,7,129,136
Rishano,136,0,136
Rut,108,28,136
Rüveyda,0,136,136
Reinaldo,135,0,135
Rudo,130,5,135
Rhys,132,3,135
Rieuwert,132,3,135
Rahul,130,0,130
Rajae,0,130,130
Rietje,0,130,130
Rozan,5,124,129
Regnera,0,128,128
Rhona,0,128,128
Rüya,0,128,128
Raza,117,10,127
Renardus,123,3,126
Reiner,117,7,124
Rieky,6,118,124
Raynor,123,0,123
Raziye,0,123,123
Rinia,3,119,122
Rojin,3,119,122
Raffaele,119,3,122
Ramin,120,3,123
Riky,12,110,122
Rishma,0,122,122
Reiny,7,114,121
Rienke,16,105,121
Rajeev,120,0,120
Rijna,0,120,120
Ramy,115,3,118
Remond,118,3,121
Rogerius,107,12,119
Romé,27,92,119
Reginaldus,117,0,117
Renny,18,99,117
Roshnie,0,117,117
Renetta,0,116,116
Ridwan,113,3,116
Rolando,116,0,116
Roselien,0,116,116
Ruchama,3,115,118
Rachael,3,112,115
Regien,11,104,115
Reinette,0,115,115
Rins,94,21,115
Rubertus,113,3,116
Rie,3,113,116
Rimmert,114,0,114
Rio,78,36,114
Rox,22,92,114
Rivaldo,113,0,113
Renz,112,0,112
Revelino,112,0,112
Rijn,112,0,112
Roelinde,0,112,112
Rozemarie,3,109,112
Rihanna,0,111,111
Romany,10,101,111
Rosé,31,80,111
Roswita,3,109,112
Raïssa,3,109,112
Raymund,110,0,110
Rianda,3,109,112
Rosana,0,110,110
Regiena,3,107,110
Ravish,108,0,108
Rehan,104,3,107
Rikie,3,105,108
Rosaria,3,106,109
Redwan,107,0,107
Reinhilde,3,105,108
Richano,107,0,107
Richardo,102,5,107
Rishaan,107,0,107
Ruurt,107,0,107
Ragonda,3,105,108
Raphaëla,0,106,106
Reinilda,0,106,106
Renuka,0,106,106
Rianka,0,106,106
Raihana,0,105,105
Reine,7,98,105
Roni,64,41,105
Roselinda,3,103,106
Roumaissa,0,105,105
Rowy,17,88,105
Rozalie,3,103,106
Rylana,0,105,105
Renerus,102,3,105
Roseanne,0,104,104
Ranomi,3,102,105
Reier,103,0,103
Renke,99,3,102
Rienko,103,0,103
Roeliena,0,103,103
Rudolpha,3,101,104
Randal,100,3,103
Raimundus,99,3,102
Rayyan,100,3,103
Roméo,101,0,101
Ricco,100,0,100
Riekent,100,0,100
Renco,98,3,101
Rimkje,0,99,99
Rolph,99,0,99
Riekus,98,0,98
Rutgert,98,0,98
Rabiye,0,97,97
Raeven,42,55,97
Reni,16,81,97
Rhandy,91,6,97
Riaz,89,8,97
Rabiya,0,96,96
Randi,14,82,96
Reny,17,79,96
Rojda,0,96,96
Rolande,3,95,98
Roselyn,0,96,96
Reinanda,0,95,95
Rhiannon,3,94,97
Robien,5,90,95
Robinson,90,5,95
Rashied,94,0,94
Razia,0,94,94
Riad,91,3,94
Riko,94,0,94
Roben,90,3,93
Rensche,0,93,93
Rey,66,27,93
Rihab,3,91,94
Riyad,93,0,93
Rogé,89,3,92
Rosa-Lynn,0,93,93
Rabab,0,92,92
Reyyan,3,89,92
Rudger,92,0,92
Rylan,91,3,94
Radia,0,91,91
Ramesh,89,3,92
Rayhana,0,91,91
Rosy,0,91,91
Ravindra,90,0,90
Reinhardt,89,3,92
Remzi,90,0,90
Romaisae,0,90,90
Rupert,90,0,90
Reinoutje,0,89,89
Rijkent,89,0,89
Romar,86,3,89
Ruan,81,8,89
Ruthger,88,3,91
Rafiq,86,3,89
Ran,64,24,88
Reese,32,56,88
Reuben,87,3,90
Richt,31,57,88
Ritchy,85,3,88
Rohini,0,88,88
Romeé,3,87,90
Rowana,0,88,88
Ranisha,0,87,87
Remigia,3,85,88
Resie,10,77,87
Rosalind,3,86,89
Runa,3,85,88
Rayn,83,3,86
Rinesh,85,0,85
Roya,0,85,85
Raijmond,83,3,86
Remona,0,84,84
Roeltje,3,83,86
Ruut,66,18,84
Rahime,0,83,83
Raphaela,0,83,83
Rishan,82,3,85
Rodayna,0,83,83
Rouke,82,3,85
Rudolfine,0,83,83
Rufina,3,81,84
Randa,3,81,84
Reena,0,82,82
Reynold,81,3,84
Richardson,80,3,83
Rolinde,0,82,82
Rutmer,82,0,82
Raphaëlla,0,81,81
Ricarda,0,81,81
Rienus,81,0,81
Rikstje,0,81,81
Ram,78,3,81
Ravin,76,3,79
Renie,8,72,80
Romme,80,0,80
Rowi,26,54,80
Reece,71,8,79
Reinilde,0,79,79
Rima,3,78,81
Rodaina,0,79,79
Rachaël,3,77,80
Radhika,0,78,78
Raymunda,3,76,79
Rianca,0,78,78
Reynaldo,77,0,77
Robi,27,50,77
Romaissae,0,77,77
Radjesh,76,0,76
Raffaella,0,76,76
Reamon,76,0,76
Rigt,21,55,76
Rijmpje,0,76,76
Rivelino,76,0,76
Robynn,3,73,76
Roderic,76,0,76
Rombertus,76,0,76
Rüzgar,76,0,76
Raïsa,0,75,75
Rayven,57,18,75
Reinou,0,75,75
Rony,37,38,75
Rubi,3,72,75
Ryu,74,3,77
Rama,48,26,74
Reynier,74,0,74
Rodolfo,73,3,76
Romelia,0,74,74
Roos-Anne,0,74,74
Resy,3,69,72
Rieta,3,72,75
Roelfine,0,73,73
Rosemarije,0,73,73
Renalda,3,70,73
Rikkie,33,39,72
Roberdina,3,70,73
Romie,3,69,72
Rong,47,25,72
Ruveyda,0,72,72
Rachell,0,71,71
Radjen,71,0,71
Régine,0,71,71
Rijka,0,71,71
Ramòn,70,0,70
Riki,6,64,70
Romaine,7,63,70
Romeijn,61,9,70
Rommie,3,67,70
Ryvano,70,0,70
Richardis,65,3,68
Roëll,59,10,69
Rudolphe,56,13,69
Raffael,68,0,68
Rajkumar,68,0,68
Raman,66,3,69
Rasmus,68,0,68
Ravian,68,0,68
Rieko,68,0,68
Rienje,3,66,69
Rowald,67,3,70
Rowenna,0,68,68
Rubén,68,0,68
Rahima,0,67,67
Raymundo,66,3,69
Robert-Paul,67,0,67
Radjinder,66,0,66
Rike,3,62,65
Ronne,39,27,66
Rubia,0,66,66
Rende,60,5,65
Robbertus,65,0,65
Romay,3,62,65
Rosamunde,0,65,65
Rowina,0,65,65
Rozanna,0,65,65
Rudra,64,3,67
Randell,62,3,65
Richmond,63,3,66
Riven,58,6,64
Rowanne,0,64,64
Rushil,64,0,64
Ric,63,0,63
Rijckholt,28,35,63
Rishana,0,63,63
Robèr,61,3,64
Róbin,11,52,63
Rozalinde,0,63,63
Rhonda,0,62,62
Roché,61,3,64
Romello,62,0,62
Ruard,62,0,62
Rachél,3,59,62
Raffaël,61,0,61
Raphaella,0,61,61
Reintjen,3,60,63
Rekha,0,61,61
Renilde,3,60,63
Ridzert,61,0,61
Rijnier,61,0,61
Rinette,0,61,61
Romey,3,57,60
Raina,0,60,60
Rainaldo,60,0,60
Raissa,0,60,60
Rawi,58,3,61
Reduan,60,0,60
Ritish,60,0,60
Rosi,3,58,61
Russel,57,3,60
Ryszard,60,0,60
Ragini,0,59,59
Raimo,59,0,59
Rawien,57,3,60
Rayna,0,59,59
Reinerius,59,0,59
Rizwan,54,5,59
Rodny,59,0,59
Roxeanne,0,59,59
Ramsey,57,3,60
Rashad,56,3,59
Rayyaan,57,3,60
Remus,58,0,58
Roberte,0,58,58
Rudina,0,58,58
Radjkoemar,57,0,57
Rasim,56,3,59
Rehana,0,57,57
Robertjan,57,0,57
Rooske,0,57,57
Rutgera,3,55,58
Raffaela,0,56,56
Rafiek,56,0,56
Rajan,54,3,57
Rajshri,3,55,58
Raşit,56,0,56
Remigio,52,3,55
Renstje,0,56,56
Resina,0,56,56
Rinco,56,0,56
Romein,53,3,56
Rozerin,0,56,56
Radj,55,0,55
Raiza,3,53,56
Ramond,55,0,55
Rashaan,55,0,55
Renette,0,55,55
Riejanne,0,55,55
Rientje,3,51,54
Rijanne,0,55,55
Rive,6,49,55
Rosmarijn,3,54,57
Radna,0,54,54
Rashmi,0,54,54
Reanne,0,54,54
Reef,52,3,55
Reinderd,54,0,54
Remina,0,54,54
Rendert,54,0,54
Reshmi,0,54,54
Rewien,54,0,54
Roelientje,0,54,54
Roelinka,0,54,54
Rosemijn,0,54,54
Ryder,53,3,56
Radbout,53,0,53
Raimundo,53,0,53
Raphaëlle,3,51,54
Rawan,19,34,53
Regino,53,0,53
Rehman,41,12,53
Reinderdina,0,53,53
Reinje,17,36,53
Richtsje,0,53,53
Rigardus,53,0,53
Rijkele,53,0,53
Roukaya,0,53,53
Ruerd,53,0,53
Raimonda,3,50,53
Raouf,51,3,54
Rea,6,46,52
Reinko,52,0,52
Renilda,3,48,51
Renje,3,50,53
Rhoda,0,52,52
Rifat,51,3,54
Rozalinda,0,52,52
Rachana,0,51,51
Raisha,0,51,51
Ramadan,44,7,51
Romek,51,0,51
Rozemarijne,0,51,51
Ryon,51,0,51
Rahied,50,0,50
Richa,7,43,50
Rickey,45,5,50
Ritsaert,50,0,50
Roselynn,0,50,50
Rahana,0,49,49
Reid,44,5,49
Rensiena,0,49,49
Renu,0,49,49
Ringenerus,49,0,49
Roliena,0,49,49
Rachèlle,3,47,50
Raheem,47,3,50
Rahel,12,36,48
Reeve,34,14,48
Richy,46,3,49
Rickert,48,0,48
Ridge,48,0,48
Ridouan,48,0,48
Rijan,28,20,48
Rijnder,48,0,48
Risje,0,48,48
Rowell,46,3,49
Rumi,39,9,48
Rumolda,3,47,50
Ruurdina,0,48,48
Rafika,0,47,47
Raouan,25,22,47
Rebel,28,19,47
Reilly,39,8,47
Rengertje,0,47,47
Rensktje,0,47,47
Renzina,3,45,48
Reyna,0,47,47
Riona,0,47,47
Rock,42,5,47
Roeloffien,0,47,47
Roelofjen,0,47,47
Róisín,0,47,47
Romae,3,44,47
Runar,47,0,47
Rafa,38,8,46
Rai,35,11,46
Raimund,45,3,48
Ranveer,46,0,46
Raph,43,3,46
Rasha,3,43,46
Rav,46,0,46
Reeva,0,46,46
Reijnier,46,0,46
Rignald,46,0,46
Rinko,46,0,46
Ritzo,46,0,46
Rogelio,46,0,46
Romayssae,0,46,46
Rossana,0,46,46
Rabie,43,3,46
Radja,40,5,45
Raffi,41,3,44
Rajni,0,45,45
Rajshree,0,45,45
Regula,3,44,47
Reijn,45,0,45
Rendy,34,11,45
Rich,43,3,46
Rigarda,0,45,45
Rijkert,45,0,45
Risma,0,45,45
Roanna,3,44,47
Robian,40,5,45
Roelande,0,45,45
Rolan,43,3,46
Roselin,0,45,45
Rubert,45,0,45
Radi,44,0,44
Raemon,44,0,44
Reaven,27,17,44
Riane,0,44,44
Riewert,44,0,44
Rihan,14,30,44
Rixte,3,43,46
Roar,44,0,44
Roelfie,0,44,44
Roëlla,0,44,44
Romani,15,29,44
Romania,6,38,44
Romualda,0,44,44
Roué,43,3,46
Rudolfo,44,0,44
Radulfus,41,3,44
Rafaëlle,3,42,45
Rahiem,43,0,43
Raily,42,3,45
Rajko,42,3,45
Ravy,41,3,44
Reinbert,43,0,43
Rickie,24,19,43
Risto,43,0,43
Rkia,0,43,43
Rober,43,0,43
Roelof-Jan,43,0,43
Rohiet,42,3,45
Romea,0,43,43
Romeysa,0,43,43
Ronella,0,43,43
Rones,43,0,43
Roshana,0,43,43
Rutger-Jan,43,0,43
Ruurtje,0,43,43
Ryano,43,0,43
Rachna,3,41,44
Radwan,35,7,42
Raiden,42,0,42
Remmina,0,42,42
Rengert,42,0,42
Resham,25,17,42
Revano,42,0,42
Reyn,42,0,42
Ridder,42,0,42
Rigobertus,41,3,44
Rijpke,39,3,42
Robyne,0,42,42
Roisin,0,42,42
Rufino,41,3,44
Radjin,41,0,41
Raffaëla,0,41,41
Raniya,0,41,41
Rayshree,0,41,41
Reginalda,0,41,41
Remondo,41,0,41
Riano,41,0,41
Richte,40,3,43
Ronya,0,41,41
Rosa-Maria,3,39,42
Rozette,3,40,43
Rudolfa,0,41,41
Rafe,39,3,42
Ramzy,38,3,41
Raquelle,0,40,40
Refik,40,0,40
Régis,40,0,40
Reinsje,0,40,40
Renne,36,3,39
Rev,40,0,40
Rıdvan,40,0,40
Riekert,40,0,40
Rigo,39,3,42
Rijnburgje,0,40,40
Rinsje,3,39,42
Rishika,3,39,42
Rohald,40,0,40
Rohat,40,0,40
Rolof,40,0,40
Rosalieke,0,40,40
Rueben,40,0,40
Radjkumar,39,0,39
Raël,28,11,39
Rahiel,36,3,39
Rayden,39,0,39
Ren,36,3,39
Rendelina,0,39,39
Rieki,0,39,39
Riepke,39,0,39
Rikstina,0,39,39
Rinsche,3,38,41
Rochdi,39,0,39
Rocher,39,0,39
Rogina,0,39,39
Roos-Marijn,0,39,39
Roque,32,7,39
Rosamaria,0,39,39
Rosco,39,0,39
Royston,39,0,39
Ruthina,3,38,41
Rylee,11,28,39
Racha,0,38,38
Rain,15,23,38
Rainerius,37,3,40
Rajinder,38,0,38
Rámon,38,0,38
Rauke,38,0,38
Rebecka,0,38,38
Remmer,38,0,38
Remmy,7,31,38
Renaud,37,3,40
Revy,37,3,40
Rhianne,0,38,38
Rigte,37,3,40
Risa,3,35,38
Riske,5,33,38
Ritse,38,0,38
Rivkah,0,38,38
Rixtje,0,38,38
Rodriquez,34,3,37
Romeyn,38,0,38
Rachied,36,3,39
Raid,37,0,37
Raijmundus,37,0,37
Ranu,5,32,37
Rasheed,37,0,37
Rehuël,37,0,37
Relinda,0,37,37
Rembert,37,0,37
Renza,3,34,37
Riët,0,37,37
Rijck,37,0,37
Rinnert,37,0,37
Robinn,3,33,36
Rodrigues,24,13,37
Roeliene,0,37,37
Roelke,3,35,38
Romen,36,3,39
Ronaldinho,37,0,37
Rosien,0,37,37
Rosilda,3,36,39
Raif,36,0,36
Rakim,36,0,36
Ranjana,0,36,36
Reender,36,0,36
Reidar,36,0,36
Renierus,33,3,36
Rijkus,36,0,36
Rixta,0,36,36
Roann,20,16,36
Robel,34,3,37
Robinho,36,0,36
Roedolf,36,0,36
Rose-Anne,0,36,36
Roxx,5,31,36
Rudyard,36,0,36
Rafie,35,0,35
Rahil,22,13,35
Ramiz,34,3,37
Randhir,35,0,35
Raouane,31,3,34
Rashaad,35,0,35
Regi,24,11,35
Reijerdina,0,35,35
Relana,3,33,36
Remondus,34,3,37
Renera,0,35,35
Rhodee,0,35,35
Ricus,35,0,35
Rif,33,3,36
Ringer,34,3,37
Riyaan,20,15,35
Robinus,35,0,35
Romaana,0,35,35
Roos-Marie,3,34,37
Roselle,0,35,35
Rozemijn,0,35,35
Rozita,3,34,37
Rumaysa,0,35,35
Rahmi,33,3,36
Rajveer,33,3,36
Ramone,15,19,34
Razan,3,32,35
Rebekah,3,33,36
Rentje,33,3,36
Ridderus,34,0,34
Rodrique,33,3,36
Romayssa,0,34,34
Rosah,0,34,34
Rosier,33,3,36
Roverius,22,12,34
Rubens,34,0,34
Ruward,34,0,34
Rachele,0,33,33
Radolf,32,3,35
Radolph,32,3,35
Rafet,31,3,34
Rajen,33,0,33
Rawin,33,0,33
Raychel,12,21,33
Raylen,32,3,35
Rayner,33,0,33
Reinaert,33,0,33
Remmet,33,0,33
Rémond,33,0,33
Renald,33,0,33
Rendel,27,6,33
Rianto,32,3,35
Riesje,0,33,33
Rijke,24,9,33
Rion,28,5,33
Risha,3,31,34
Rocio,3,32,35
Rodolphe,32,3,35
Roelofine,0,33,33
Ronni,30,3,33
Rossi,29,3,32
Rudericus,30,3,33
Ryanna,0,33,33
Ramonda,0,32,32
Ranesh,32,0,32
Rean,26,6,32
Rebeca,0,32,32
Rehaan,30,3,33
Reinata,0,32,32
Remt,32,0,32
Reyan,26,6,32
Reyno,32,0,32
Rijkman,32,0,32
Rimada,0,32,32
Rimko,32,0,32
Ritaj,3,31,34
Roana,0,32,32
Romaysae,0,32,32
Rombartus,32,0,32
Rosamunda,0,32,32
Roseanna,0,32,32
Rosemaria,0,32,32
Ruggero,31,3,34
Ruweyda,0,32,32
Ramôn,29,3,32
Ranim,3,29,32
Rashana,0,31,31
Rayno,31,0,31
Reemt,31,0,31
Reinaart,31,0,31
Reinart,31,0,31
Reinouw,0,31,31
Repke,27,3,30
Revelinio,31,0,31
Rezah,30,3,33
Ridzerd,31,0,31
Riemert,31,0,31
Riender,31,0,31
Rihana,0,31,31
Rindertje,0,31,31
Riwka,0,31,31
Robért,31,0,31
Roelefina,0,31,31
Roelfinus,31,0,31
Romeny,3,30,33
Romuald,31,0,31
Ronel,13,18,31
Rudgerus,29,3,32
Rulof,31,0,31
Rabin,30,0,30
Raffaello,30,0,30
Ramondo,30,0,30
Rano,29,3,32
Refika,3,29,32
Reit,30,0,30
Remkes,30,0,30
Remmie,10,20,30
Renan,25,5,30
Rezan,20,10,30
Rianneke,0,30,30
Richinel,30,0,30
Rieuwerd,30,0,30
Rikky,21,9,30
Rilano,30,0,30
Rimco,30,0,30
Rinny,3,28,31
Rishie,30,0,30
Robey,11,19,30
Rodriguez,30,0,30
Rofaida,0,30,30
Rosely,0,30,30
Rubian,27,3,30
Ruiz,27,3,30
Ryleigh,10,20,30
Radin,29,0,29
Rafel,28,3,31
Raïs,27,3,30
Ramnarain,29,0,29
Ramos,23,6,29
Rampersad,29,0,29
Rawie,28,3,31
Rayne,15,14,29
Régina,0,29,29
Reindertje,0,29,29
Rembrand,29,0,29
Remziye,0,29,29
Renè,27,3,30
Renita,0,29,29
Reshano,29,0,29
Rhode,3,27,30
Rienskje,0,29,29
Rigobert,29,0,29
Rijnhard,29,0,29
Rinck,27,3,30
Risanne,0,29,29
Robartus,29,0,29
Roberthus,29,0,29
Rocío,0,29,29
Rodina,0,29,29
Roeleke,0,29,29
Ronaldina,0,29,29
Rowyn,18,11,29
Royan,26,3,29
Rozemarije,0,29,29
Rube,28,3,31
Ruilof,29,0,29
Ryann,21,8,29
Rachelina,0,28,28
Rajco,28,0,28
Raksha,3,26,29
Ranko,27,3,30
Rasoel,27,3,30
Raveen,28,0,28
Ravinder,27,3,30
Rawish,28,0,28
Rayana,0,28,28
Raynaldo,28,0,28
Reagan,22,6,28
Remkje,0,28,28
Remme,27,3,30
Remmo,28,0,28
Renda,0,28,28
Retze,28,0,28
Ridwaan,27,3,30
Riemsdijk,28,0,28
Rihaam,0,28,28
Ris,9,19,28
Rix,17,11,28
Rıza,28,0,28
Robbi,22,6,28
Rohid,28,0,28
Rojan,25,3,28
Rojhat,28,0,28
Romilde,0,28,28
Rosel,0,28,28
Roudaina,0,28,28
Ruberta,0,28,28
Ruhi,17,11,28
Rachad,25,3,28
Rached,27,0,27
Radjiv,27,0,27
Rajnish,27,0,27
Ramla,0,27,27
Raoef,27,0,27
Raphaelle,0,27,27
Ratnadevi,0,27,27
Rayco,27,0,27
Reign,16,11,27
Reijna,0,27,27
Reinaard,27,0,27
Reinella,0,27,27
Renas,24,3,27
Renerius,27,0,27
Renoldus,27,0,27
Revin,27,0,27
Reynoud,27,0,27
Richter,27,0,27
Ricki,7,20,27
Riekel,26,3,29
Riekeltje,0,27,27
Rijkske,0,27,27
Rijmert,27,0,27
Rijnko,27,0,27
Rikash,27,0,27
Riksta,0,27,27
Roa,12,15,27
Roelienke,0,27,27
Ronen,26,3,29
Ronnij,26,3,29
Ros,25,3,28
Rosabella,0,27,27
Rosalba,0,27,27
Roselique,0,27,27
Rozemarijntje,0,27,27
Rüdiger,27,0,27
Ruo,7,20,27
Ryen,26,3,29
Raang,26,0,26
Rahiema,0,26,26
Rajender,26,0,26
Randel,24,3,27
Rayèn,25,3,28
Renella,0,26,26
Renesmee,0,26,26
Reyes,17,9,26
Riaaz,26,0,26
Riangelo,26,0,26
Rinnie,8,18,26
Ritha,3,25,28
Ritsert,26,0,26
Robiene,0,26,26
Roderique,23,3,26
Rohied,26,0,26
Romane,3,25,28
Rosannah,0,26,26
Rozalien,3,24,27
Ruthera,0,26,26
Rabindernath,25,0,25
Rafaello,25,0,25
Raimunda,0,25,25
Rajaa,0,25,25
Ramirez,25,0,25
Ranish,24,3,27
Ranoe,3,24,27
Ravel,19,6,25
Reinaud,25,0,25
Reindjen,0,25,25
Reinharda,3,24,27
Remberta,0,25,25
Rénate,0,25,25
Rengenier,25,0,25
Rensley,25,0,25
Renson,23,3,26
Reymond,25,0,25
Reynout,25,0,25
Richana,0,25,25
Ridha,22,3,25
Riduan,25,0,25
Rijer,25,0,25
Roano,25,0,25
Rochan,21,3,24
Roek,25,0,25
Roïn,20,5,25
Rokaya,0,25,25
Romena,3,24,27
Ronda,0,25,25
Rosalita,0,25,25
Rosarius,25,0,25
Rosiena,0,25,25
Rabea,0,24,24
Rachèle,0,24,24
Radjnie,0,24,24
Radmer,24,0,24
Raiko,24,0,24
Rajendra,24,0,24
Ravie,14,10,24
Refaja,11,13,24
Reinke,6,18,24
Relindis,3,21,24
Remge,24,0,24
Réne,22,3,25
Renesta,0,24,24
Réno,24,0,24
Rensinus,24,0,24
Rento,24,0,24
Riciano,24,0,24
Rimme,24,0,24
Rinda,0,24,24
Rinne,16,8,24
Rishaya,0,24,24
Robbrecht,24,0,24
Robertico,24,0,24
Rocha,11,13,24
Roeloffiena,0,24,24
Roene,18,6,24
Roij,24,0,24
Rolin,20,3,23
Rom,23,3,26
Rose-Mary,3,23,26
Rosendo,24,0,24
Roshano,24,0,24
Rozaline,3,23,26
Rozelina,0,24,24
Ruda,0,24,24
Runaldo,24,0,24
Rutje,0,24,24
Ryo,22,3,25
Rabi,18,5,23
Rada,3,21,24
Radjoe,23,0,23
Raed,19,3,22
Rahila,0,23,23
Railyson,23,0,23
Raju,22,3,25
Râna,0,23,23
Rashieda,0,23,23
Reg,22,3,25
Regardus,23,0,23
Reindje,0,23,23
Rembertha,0,23,23
Renard,23,0,23
Rezi,3,21,24
Rheza,10,13,23
Rhody,21,3,24
Richart,23,0,23
Richiano,23,0,23
Rieanne,0,23,23
Rieme,5,18,23
Riene,12,11,23
Rient,23,0,23
Rijkel,19,3,22
Riksje,0,23,23
Rimbertha,0,23,23
Riordan,23,0,23
Rivo,22,3,25
Riyan,11,12,23
Robbyn,3,22,25
Rodericus,23,0,23
Rodey,22,3,25
Rokina,0,23,23
Róman,21,3,24
Romeisa,0,23,23
Rosaliene,3,22,25
Roselijn,0,23,23
Rossano,23,0,23
Rotgert,23,0,23
Roxie,3,22,25
Rozalin,0,23,23
Rubie,0,23,23
Rukhsar,3,19,22
Rükiye,0,23,23
Rupesh,23,0,23
Rurik,22,3,25
Rylano,23,0,23
Ryley,21,3,24
Rypke,23,0,23
Rabina,0,22,22
Radjni,0,22,22
Ragni,0,22,22
Ramdew,22,0,22
Ramina,0,22,22
Ranja,0,22,22
Raöul,22,0,22
Rapke,22,0,22
Rasida,0,22,22
Ravina,3,21,24
Raysa,3,21,24
Rechelle,0,22,22
Reginia,0,22,22
Reginio,22,0,22
Reinders,18,3,21
Remment,22,0,22
Rence,21,3,24
Renno,22,0,22
Richairo,22,0,22
Richardina,0,22,22
Richèlle,0,22,22
Riens,22,0,22
Rinalda,0,22,22
Rint,22,0,22
Rishay,22,0,22
Ritsaart,22,0,22
Rizwaan,22,0,22
Robertes,21,3,24
Roberti,16,6,22
Rochana,0,22,22
Rodolf,22,0,22
Roeby,3,20,23
Roelofiena,0,22,22
Rogerio,22,0,22
Rohen,21,3,24
Rosano,22,0,22
Roselyne,0,22,22
Rouan,20,3,23
Ruël,20,3,23
Rulanda,3,21,24
Ruqayyah,0,22,22
Raden,16,5,21
Radjkoemarie,0,21,21
Radouan,21,0,21
Raheel,19,3,22
Raishri,0,21,21
Rakeem,21,0,21
Ranjit,21,0,21
Rany,9,12,21
Rawina,0,21,21
Reem,3,18,21
Reginaldo,21,0,21
Reinert,21,0,21
Reinhardus,21,0,21
Reinouda,0,21,21
Reshan,20,3,23
Reshmie,0,21,21
Rêve,3,18,21
Reyndert,21,0,21
Rhiana,0,21,21
Ridley,20,3,23
Riekske,0,21,21
Riemada,0,21,21
Rieny,9,12,21
Rintse,21,0,21
Rishwan,21,0,21
Roas,19,3,22
Robertinus,20,3,23
Rodion,21,0,21
Roelofs,16,5,21
Rogan,13,8,21
Roj,18,3,21
Rompt,21,0,21
Rosula,3,20,23
Roul,21,0,21
Rowenda,0,21,21
Roxann,0,21,21
Roxette,0,21,21
Ruby-Ann,0,21,21
Rutgerdina,0,21,21
Ryana,0,21,21
Ryanto,21,0,21
Raafat,13,7,20
Rabindranath,20,0,20
Rächel,0,20,20
Racquel,0,20,20
Radmila,0,20,20
Raffaëlla,3,19,22
Rahmat,18,3,21
Raichel,19,3,22
Raïd,20,0,20
Ranomy,0,20,20
Ranvir,20,0,20
Rawinder,18,3,21
Raynold,20,0,20
Rayvon,20,0,20
Redney,20,0,20
Reiertje,0,20,20
Reinouwtje,0,20,20
Renatha,3,19,22
Réné,17,3,20
Reniera,0,20,20
Renneke,0,20,20
Revan,17,3,20
Rewie,20,0,20
Rianke,0,20,20
Richold,20,0,20
Riemie,0,20,20
Rieno,20,0,20
Riepko,20,0,20
Riks,19,3,22
Rintsje,18,3,21
Ritika,0,20,20
Robbart,20,0,20
Robben,20,0,20
Rodie,11,9,20
Roelandina,0,20,20
Roelandt,20,0,20
Rola,0,20,20
Romin,15,5,20
Romulus,19,3,22
Rosanita,0,20,20
Rostam,20,0,20
Rouane,20,0,20
Rowel,20,0,20
Roweno,20,0,20
Ruthmila,0,20,20
Rymke,0,20,20
Ryshano,20,0,20
Rabinder,19,0,19
Ráchel,0,19,19
Rachela,0,19,19
Rachma,3,18,21
Radjan,19,0,19
Radu,19,0,19
Rafaelle,3,17,20
Ragina,0,19,19
Rahaf,0,19,19
Raihan,16,3,19
Rajani,3,18,21
Ranjeeta,0,19,19
Rashel,3,17,20
Rashna,0,19,19
Rasul,19,0,19
Rathna,0,19,19
Rave,9,10,19
Rayano,19,0,19
Raz,10,9,19
Rebin,19,0,19
Regis,16,3,19
Reijnerus,19,0,19
Reijntje,0,19,19
Reinen,15,3,18
Reinschje,0,19,19
Reinske,3,16,19
Reinskjen,0,19,19
Renardo,19,0,19
Renk,19,0,19
Renold,19,0,19
Renout,19,0,19
Rensko,16,3,19
Reon,19,0,19
Reüel,18,3,21
Rhune,6,13,19
Riaan,18,3,21
Ribanna,3,18,21
Richenna,0,19,19
Rick-Jan,19,0,19
Rigina,0,19,19
Rigoberto,19,0,19
Riquelme,19,0,19
Rishen,19,0,19
Riyaz,19,0,19
Roda,3,16,19
Rodriques,19,0,19
Roebi,0,19,19
Roelofien,0,19,19
Romaïssa,0,19,19
Romboud,19,0,19
Ronia,0,19,19
Ronie,10,9,19
Ronit,3,15,18
Ronkje,0,19,19
Rooney,18,3,21
Roosanne,0,19,19
Roosmarije,0,19,19
Roscoe,19,0,19
Rose-Ann,0,19,19
Rosenna,0,19,19
Roufaida,0,19,19
Roumaisa,0,19,19
Rowayda,0,19,19
Rozália,0,19,19
Ruchir,19,0,19
Rudolphia,0,19,19
Ruperta,0,19,19
Ruşen,10,9,19
Rüstem,19,0,19
Rutgher,19,0,19
Rachman,17,3,20
Radouane,18,0,18
Raechel,0,18,18
Rajah,13,5,18
Ramez,18,0,18
Randjana,0,18,18
Raneshma,0,18,18
Rasit,18,0,18
Raun,18,0,18
Ravien,18,0,18
Rayenne,3,17,20
Raylison,18,0,18
Raysha,0,18,18
Reimert,18,0,18
Remaclus,17,3,20
Remkea,0,18,18
Remmerdina,0,18,18
Rengerdina,0,18,18
Rente,18,0,18
Révin,18,0,18
Rhett,18,0,18
Rhoan,18,0,18
Richèl,5,13,18
Richenell,17,3,20
Riemda,0,18,18
Riemy,0,18,18
Rieni,7,11,18
Rieuwkje,0,18,18
Riezwaan,18,0,18
Riksien,0,18,18
Rimano,18,0,18
Rinskjen,0,18,18
Rintze,18,0,18
Rishmi,0,18,18
Rivan,17,3,20
Riyanto,18,0,18
Rizlan,0,18,18
Robér,17,3,20
Robertson,18,0,18
Romir,18,0,18
Roon,17,3,20
Rorik,17,3,20
Rosalee,0,18,18
Rosaliena,3,16,19
Roswhita,0,18,18
Rotger,18,0,18
Roudayna,0,18,18
Rowanna,0,18,18
Rozelinde,0,18,18
Roziena,3,17,20
Rózsa,0,18,18
Rudsel,18,0,18
Rumaisa,0,18,18
Ruwan,17,3,20
Ruya,0,18,18
Raffa,17,0,17
Rafia,3,16,19
Raghni,0,17,17
Rahiela,0,17,17
Raief,17,0,17
Raïf,17,0,17
Ramira,0,17,17
Raoël,16,3,19
Rashawn,16,3,19
Rawand,17,0,17
Redbad,17,0,17
Reema,0,17,17
Reertdina,0,17,17
Refina,0,17,17
Regarda,3,16,19
Reguillio,17,0,17
Reijniera,0,17,17
Remano,17,0,17
Remilio,17,0,17
Renia,3,16,19
Reşit,17,0,17
Reurt,17,0,17
Revo,17,0,17
Rewan,16,3,19
Reyhana,0,17,17
Rezzan,0,17,17
Rhiley,14,3,17
Richello,17,0,17
Ridsert,17,0,17
Riektje,0,17,17
Rietema,17,0,17
Rimbertus,17,0,17
Rimkien,0,17,17
Rimmy,3,14,17
Rinka,0,17,17
Rinoa,0,17,17
Riquette,0,17,17
Ritze,17,0,17
Ròbin,3,14,17
Roddy,17,0,17
Rodé,0,17,17
Roetert,17,0,17
Rofayda,0,17,17
Rohin,16,3,19
Romando,17,0,17
Rombert,17,0,17
Romualdo,17,0,17
Ronahi,3,15,18
Ronaldine,0,17,17
Ronith,3,16,19
Rosa-Lee,0,17,17
Rosalijn,0,17,17
Rosalyne,0,17,17
Rosemarij,0,17,17
Rouaida,0,17,17
Roumaisae,0,17,17
Rowland,17,0,17
Rudolphius,17,0,17
Rufinus,17,0,17
Rukhsana,0,17,17
Ruqaya,0,17,17
Ruwayda,0,17,17
Rabah,13,3,16
Raban,16,0,16
Radjes,16,0,16
Radjkumarie,0,16,16
Raghnild,0,16,16
Ragnild,0,16,16
Raguel,6,10,16
Rahayu,3,15,18
Raico,16,0,16
Rajkoemar,16,0,16
Rajvir,16,0,16
Rakeshkoemar,16,0,16
Rane,10,6,16
Raouda,0,16,16
Rascha,0,16,16
Rashan,15,3,18
Rashed,14,3,17
Rasjaad,16,0,16
Raùl,16,0,16
Rayhaan,16,0,16
Raymi,14,3,17
Rayza,3,12,15
Reeza,5,11,16
Regan,3,14,17
Rehanna,0,16,16
Reijndert,16,0,16
Reimar,16,0,16
Reinand,15,3,18
Reintina,0,16,16
Relano,16,0,16
Remkina,0,16,16
Renarda,0,16,16
Renates,14,3,17
Renisha,0,16,16
Rensine,0,16,16
Reshum,0,16,16
Reuven,16,0,16
Rewi,15,3,18
Rewina,0,16,16
Reyansh,16,0,16
Reynald,16,0,16
Rezina,0,16,16
Richanel,14,3,17
Rickardo,16,0,16
Riekend,16,0,16
Riekle,16,0,16
Riël,7,9,16
Rikardo,16,0,16
Rine,3,13,16
Risja,3,14,17
Rivalino,16,0,16
Rizwana,0,16,16
Roàn,14,3,17
Rochel,6,10,16
Rode,13,3,16
Roemello,16,0,16
Rohani,0,16,16
Romairo,16,0,16
Romaisha,0,16,16
Román,16,0,16
Romanna,0,16,16
Ronell,12,3,15
Rosaura,0,16,16
Rosey,0,16,16
Roshini,0,16,16
Rositha,0,16,16
Rovano,16,0,16
Rowaida,0,16,16
Roxenne,0,16,16
Royal,9,7,16
Royke,13,3,16
Rukshana,0,16,16
Ruqayya,0,16,16
Rusty,12,3,15
Ruy,16,0,16
Rynaldo,15,3,18
Radbodus,15,0,15
Rade,14,3,17
Radwa,0,15,15
Raghav,15,0,15
Raha,3,13,16
Rahid,15,0,15
Rainbow,3,12,15
Raine,3,11,14
Rainesh,14,3,17
Raïsha,0,15,15
Raishree,0,15,15
Ramtin,15,0,15
Ramzan,15,0,15
Rânâ,0,15,15
Ranco,15,0,15
Randjiet,15,0,15
Ranita,0,15,15
Ranjan,15,0,15
Raoudaa,0,15,15
Rasheeda,0,15,15
Rashni,0,15,15
Raşid,15,0,15
Rasied,15,0,15
Ravikumar,15,0,15
Ravzanur,0,15,15
Rayleigh,12,3,15
Rayshri,0,15,15
Redwane,15,0,15
Regie,10,5,15
Reinholt,15,0,15
Rekesh,15,0,15
Reltje,15,0,15
Renolda,0,15,15
Reşat,15,0,15
Reve,8,7,15
Revelinho,15,0,15
Reya,0,15,15
Rhana,0,15,15
Rhodée,0,15,15
Rhoderick,15,0,15
Riann,0,15,15
Ricci,6,9,15
Riënne,0,15,15
Rignaldo,15,0,15
Rihem,0,15,15
Rijk-Jan,15,0,15
Rik-Jan,15,0,15
Rinad,0,15,15
Rintcius,15,0,15
Rishant,15,0,15
Ritger,15,0,15
Rivas,15,0,15
Rizgar,12,3,15
Robbertjan,15,0,15
Robinia,0,15,15
Robson,15,0,15
Rochano,15,0,15
Rochell,3,13,16
Roebert,15,0,15
Roelofdina,0,15,15
Rofino,15,0,15
Rogeria,3,13,16
Rohalt,15,0,15
Rohinie,0,15,15
Ronanus,15,0,15
Ronika,0,15,15
Ronneke,3,14,17
Rosa-Marie,3,14,17
Rose-Lynn,0,15,15
Roumaysa,0,15,15
Roux,10,5,15
Rubaina,0,15,15
Rabbani,14,0,14
Racella,0,14,14
Rachab,0,14,14
Racheda,0,14,14
Radjinderkoemar,14,0,14
Radjinderpersad,14,0,14
Radovan,14,0,14
Rael,8,6,14
Raffy,12,3,15
Ragenie,0,14,14
Raghnie,0,14,14
Rahmaan,14,0,14
Raies,14,0,14
Rajnie,0,14,14
Raldy,6,8,14
Raöel,14,0,14
Rashella,0,14,14
Rasid,14,0,14
Ravindre,14,0,14
Raymar,14,0,14
Raynell,14,0,14
Raynesh,14,0,14
Rayson,14,0,14
Redempta,3,13,16
Reen,8,6,14
Regillo,14,0,14
Regin,5,9,14
Rei,9,5,14
Reierdina,0,14,14
Reijerus,14,0,14
Reiné,12,3,15
Reinildis,3,11,14
Réka,0,14,14
Remonda,3,13,16
Renathe,0,14,14
Rendeltje,0,14,14
Renildis,3,13,16
Renirus,14,0,14
Requillio,14,0,14
Reshwan,14,0,14
Rewin,13,3,16
Réza,6,8,14
Rhesa,3,12,15
Rhijn,14,0,14
Riande,0,14,14
Ribeiro,6,8,14
Riboet,12,3,15
Richardine,0,14,14
Riche,11,3,14
Richell,6,8,14
Riejan,3,13,16
Riekes,14,0,14
Riemeren,14,0,14
Rieteke,0,14,14
Riëtta,0,14,14
Rifke,0,14,14
Rikstiena,0,14,14
Rimar,14,0,14
Rinder,13,3,16
Rionne,0,14,14
Risette,0,14,14
Rivelinio,14,0,14
Riyaad,14,0,14
Rizlane,0,14,14
Robart,14,0,14
Robberdina,0,14,14
Robynne,0,14,14
Roebie,0,14,14
Roelffien,0,14,14
Roelfienus,14,0,14
Rokia,0,14,14
Romanja,0,14,14
Ronaldes,14,0,14
Ronique,3,12,15
Roosmarij,0,14,14
Rosemarijne,0,14,14
Rosenda,0,14,14
Roset,3,13,16
Rosinda,0,14,14
Rosinus,14,0,14
Rossella,0,14,14
Rowanda,0,14,14
Rowéna,0,14,14
Rozario,7,7,14
Rozella,0,14,14
Rozemaria,0,14,14
Ruby-Jane,0,14,14
Ruel,14,0,14
Rumer,6,8,14
Ruurdericus,14,0,14
Ruwert,14,0,14
Ra'iesa,0,13,13
Raadj,13,0,13
Raaj,13,0,13
Raampje,0,13,13
Rabecca,0,13,13
Radoua,0,13,13
Radulphus,12,3,15
Raelynn,0,13,13
Rafaél,13,0,13
Rahat,9,3,12
Rahina,0,13,13
Rais,13,0,13
Raishrie,0,13,13
Raïz,13,0,13
Ramanand,13,0,13
Ramani,3,12,15
Ramdath,13,0,13
Ramia,0,13,13
Raoûl,13,0,13
Raôul,13,0,13
Rashano,13,0,13
Raül,13,0,13
Rava,3,11,14
Raweena,0,13,13
Rayenna,0,13,13
Rayhane,5,8,13
Rayley,12,3,15
Raynald,13,0,13
Raynish,13,0,13
Reanna,0,13,13
Reano,13,0,13
Recai,13,0,13
Redina,0,13,13
Rees,11,3,14
Reids,9,3,12
Reimond,13,0,13
Reinalde,0,13,13
Reinia,0,13,13
Reins,10,3,13
Reja,3,12,15
Remmelina,0,13,13
Remmeltje,0,13,13
Remptje,0,13,13
Renna,0,13,13
Resül,13,0,13
Revé,0,13,13
Rhena,0,13,13
Rhyan,12,3,15
Rias,13,0,13
Richardi,3,9,12
Riëlla,0,13,13
Riemtje,0,13,13
Rigilio,13,0,13
Rignalda,0,13,13
Rihaan,8,5,13
Rijanto,13,0,13
Rijken,13,0,13
Rijnt,13,0,13
Rimas,0,13,13
Rimer,13,0,13
Rimon,13,0,13
Rincke,10,3,13
Rinish,13,0,13
Rinor,13,0,13
Riordon,13,0,13
Rishairo,13,0,13
Rishayen,13,0,13
Riska,0,13,13
Rivolino,13,0,13
Rizal,11,3,14
Rizky,11,3,14
Robino,13,0,13
Roche,13,0,13
Rociano,13,0,13
Roefina,0,13,13
Roelieke,0,13,13
Rofina,0,13,13
Rogério,13,0,13
Rolant,13,0,13
Romaé,3,10,13
Romer,13,0,13
Romilio,13,0,13
Romkjen,0,13,13
Romunda,0,13,13
Romyna,0,13,13
Roné,7,6,13
Ronita,3,12,15
Roobin,5,8,13
Roog,13,0,13
Roordina,3,12,15
Roosmarijne,0,13,13
Roqi,3,12,15
Roselia,3,12,15
Roselind,0,13,13
Rosh,13,0,13
Roshny,0,13,13
Rosken,13,0,13
Roumaise,0,13,13
Rowèn,3,9,12
Rowien,9,3,12
Rozana,0,13,13
Rozinus,13,0,13
Rumondus,10,3,13
Rutgardus,13,0,13
Rutgerius,13,0,13
Ruthdina,0,13,13
Ruža,0,13,13
Rydell,13,0,13
Rykele,12,3,15
Rylie,3,11,14
Rynke,0,13,13
Rabbe,12,0,12
Rabha,3,11,14
Rabindrenath,12,0,12
Rachita,0,12,12
Radhana,0,12,12
Rafaele,9,3,12
Rafay,12,0,12
Ragne,0,12,12
Ragnie,0,12,12
Raïna,0,12,12
Raïza,0,12,12
Rajâa,0,12,12
Rajindra,11,3,14
Rakeshkumar,12,0,12
Ramata,0,12,12
Ramdjan,12,0,12
Ramradj,12,0,12
Ramsay,11,3,14
Ramsy,12,0,12
Randhier,12,0,12
Ranie,3,11,14
Raniyah,0,12,12
Ranjeet,12,0,12
Ranny,8,3,11
Ranulfus,12,0,12
Rard,11,3,14
Rasa,0,12,12
Rashelle,0,12,12
Rashnie,0,12,12
Rasidan,0,12,12
Rasjid,12,0,12
Rasoul,9,3,12
Raûf,12,0,12
Raween,12,0,12
Raygen,12,0,12
Raymona,0,12,12
Raynerius,12,0,12
Raynier,12,0,12
Rayon,12,0,12
Reana,0,12,12
Rebeccah,0,12,12
Reddy,10,3,13
Redondo,12,0,12
Reesa,0,12,12
Regaib,11,3,14
Reggi,10,3,13
Rego,12,0,12
Reguillo,12,0,12
Rehab,0,12,12
Reik,12,0,12
Reinanke,0,12,12
Reinet,0,12,12
Reinoudt,12,0,12
Reint-Jan,12,0,12
Reitske,0,12,12
Remius,12,0,12
Remma,0,12,12
Remundus,11,3,14
Renae,3,11,14
Renea,3,10,13
Rénee,3,8,11
Renkje,0,12,12
Renoe,3,11,14
Renskina,0,12,12
Reshawn,12,0,12
Revolino,12,0,12
Reyaan,11,3,14
Rezwan,11,3,14
Rho,5,7,12
Ricard,12,0,12
Richendel,12,0,12
Richi,12,0,12
Riette,0,12,12
Rigel,12,0,12
Rigoberta,0,12,12
Rikko,12,0,12
Rimberta,0,12,12
Rishayro,12,0,12
Rituraj,12,0,12
Rivana,0,12,12
Riyana,0,12,12
Rizzo,11,3,14
Roaz,12,0,12
Robert-John,12,0,12
Roberth,12,0,12
Rodolph,12,0,12
Rodrick,12,0,12
Rodrigue,12,0,12
Rodrik,12,0,12
Roefke,0,12,12
Roelfiene,0,12,12
Roelfjen,0,12,12
Roellie,0,12,12
Roemjana,0,12,12
Rohaan,12,0,12
Rojbin,0,12,12
Roko,12,0,12
Roliene,0,12,12
Rolinus,12,0,12
Romaan,11,3,14
Romanca,0,12,12
Romara,0,12,12
Romec,12,0,12
Romesh,12,0,12
Ronisha,0,12,12
Roopesh,12,0,12
Rosaley,0,12,12
Rosamarie,3,10,13
Rosamarijn,0,12,12
Rosann,0,12,12
Rose-Marijn,0,12,12
Rosemarieke,0,12,12
Rosha,0,12,12
Roshen,11,3,14
Roshenie,0,12,12
Roshwita,0,12,12
Rosia,0,12,12
Rozelin,0,12,12
Rubèn,12,0,12
Rubertha,3,11,14
Rubya,0,12,12
Rudin,7,5,12
Rufin,12,0,12
Ruhan,10,3,13
Ruland,12,0,12
Rupa,3,11,14
Rupertus,12,0,12
Rustam,11,3,14
Rutgeris,12,0,12
Ruthmilla,0,12,12
Ruwaard,12,0,12
Ryangelo,12,0,12
Rychon,12,0,12
Rynk,12,0,12
Raakesh,11,0,11
Raas,11,0,11
Rabija,0,11,11
Rachide,11,0,11
Radjenie,0,11,11
Radjinderkumar,11,0,11
Radjindra,11,0,11
Radjini,0,11,11
Rafaëllo,11,0,11
Rafail,11,0,11
Ragab,7,3,10
Ragger,11,0,11
Ragnhilde,0,11,11
Rahal,11,0,11
Rahand,11,0,11
Raidel,11,0,11
Raiesa,0,11,11
Raihaan,11,0,11
Rainerus,11,0,11
Rainey,10,3,13
Raizo,11,0,11
Rajkumari,0,11,11
Rakin,11,0,11
Raluca,0,11,11
Ranjani,0,11,11
Ranka,3,10,13
Raoni,9,3,12
Rashaun,10,3,13
Rasjel,0,11,11
Rasoelan,0,11,11
Rasool,9,3,12
Ravèl,8,3,11
Ravelle,3,10,13
Rayhanna,0,11,11
Raylee,10,3,13
Raynel,11,0,11
Realino,3,10,13
Rebbel,3,7,10
Rebeka,0,11,11
Ree,7,3,10
Regorius,11,0,11
Reguilio,11,0,11
Reha,7,3,10
Rehuel,11,0,11
Reijnoud,11,0,11
Reijskie,0,11,11
Reinardo,11,0,11
Reinco,11,0,11
Reinhilda,0,11,11
Reinieres,10,3,13
Reinierius,11,0,11
Remaico,11,0,11
Remedios,3,9,12
Remedius,11,0,11
Remelia,0,11,11
Remeo,11,0,11
Renèe,3,8,11
Reneke,5,6,11
Rengin,0,11,11
Reonardus,10,3,13
Reuel,10,3,13
Rewish,11,0,11
Reyano,11,0,11
Reyhaan,11,0,11
Reynoldus,11,0,11
Rezie,3,10,13
Rezy,3,8,11
Riannette,0,11,11
Richenda,0,11,11
Richently,11,0,11
Ridah,8,3,11
Rielana,0,11,11
Rienco,11,0,11
Rienik,11,0,11
Rienold,11,0,11
Rigmor,0,11,11
Rijanna,0,11,11
Rijkhart,9,3,12
Rin,6,5,11
Rinardo,11,0,11
Rinde,3,7,10
Rindeltje,0,11,11
Rishaad,11,0,11
Rishayan,11,0,11
Rissa,0,11,11
Ritu,3,10,13
Robertho,10,3,13
Rodante,3,10,13
Rodinde,0,11,11
Roele,10,3,13
Roelevina,0,11,11
Roelly,0,11,11
Roen,10,3,13
Rogèr,10,3,13
Rogerus,6,5,11
Rogiér,11,0,11
Rogilio,11,0,11
Rohanie,3,9,12
Roja,3,8,11
Romaïsa,0,11,11
Romanov,11,0,11
Romberta,0,11,11
Romesa,0,11,11
Romian,10,3,13
Romktje,0,11,11
Ronalde,3,10,13
Ronaldi,10,3,13
Ronelle,0,11,11
Rori,7,3,10
Rosalía,0,11,11
Roshanna,0,11,11
Rosieta,3,10,13
Rosilde,0,11,11
Roslyn,3,9,12
Rovan,8,3,11
Rowdey,11,0,11
Rowey,3,9,12
Roxenna,3,10,13
Roxsanne,0,11,11
Rozy,0,11,11
Ruba,0,11,11
Ruben-Jan,11,0,11
Ruberto,11,0,11
Rubiën,3,8,11
Rudith,3,10,13
Ruken,3,10,13
Ruscha,0,11,11
Russ,11,0,11
Rutha,0,11,11
Ruthgera,3,10,13
Ruwaydah,0,11,11
Ryad,11,0,11
Rymer,11,0,11
Rabiaa,0,10,10
Rabya,0,10,10
Radek,10,0,10
Radjeev,10,0,10
Radjender,10,0,10
Raëma,3,8,11
Rafaéla,0,10,10
Rafaële,3,9,12
Rafaëll,10,0,10
Rafal,10,0,10
Raffaële,6,3,9
Rahoel,10,0,10
Raika,0,10,10
Raimonde,0,10,10
Rainald,10,0,10
Rainel,10,0,10
Rajkumarie,0,10,10
Rakieb,10,0,10
Ramano,9,3,12
Ramatoulaye,0,10,10
Ramino,10,0,10
Raphaél,10,0,10
Raqib,10,0,10
Rasia,0,10,10
Ratiba,0,10,10
Ravey,9,3,12
Ravita,0,10,10
Rawiena,0,10,10
Rayanne,3,9,12
Raylan,10,0,10
Raymen,9,3,12
Raymone,0,10,10
Razak,10,0,10
Réan,8,3,11
Reave,10,0,10
Rebekkah,0,10,10
Rechano,10,0,10
Reenske,0,10,10
Reff,10,0,10
Reginius,10,0,10
Regnier,10,0,10
Regulus,10,0,10
Reijnder,10,0,10
Reijnold,10,0,10
Reimpje,0,10,10
Rein-Jan,10,0,10
Reinaldina,0,10,10
Reinardina,0,10,10
Reinhoud,10,0,10
Reinnier,10,0,10
Reinsk,0,10,10
Rejan,9,3,12
Remen,9,3,12
Remmeren,10,0,10
Remón,10,0,10
Renka,0,10,10
Rensa,0,10,10
Rensia,0,10,10
Rensiana,0,10,10
Rensie,0,10,10
Reshika,0,10,10
Reultje,0,10,10
Reuwke,10,0,10
Revalinio,10,0,10
Rhobin,3,6,9
Rhóde,0,10,10
Ribka,0,10,10
Richmonde,0,10,10
Rickardus,9,3,12
Ricko,10,0,10
Riekjen,0,10,10
Rienie,6,3,9
Riewing,10,0,10
Rigerda,0,10,10
Rija,0,10,10
Rijkend,10,0,10
Rijnardus,10,0,10
Rijnie,0,10,10
Rikard,10,0,10
Rikent,10,0,10
Rikjen,0,10,10
Rikselina,0,10,10
Rimt,9,3,12
Rinaldi,10,0,10
Rishab,10,0,10
Rishad,10,0,10
Rishayno,10,0,10
Rishikesh,10,0,10
Rishmie,0,10,10
Ritch,8,3,11
Ritchel,9,3,12
Ritso,10,0,10
Rivelinho,10,0,10
Rivellino,10,0,10
Riya,0,10,10
Robbregt,10,0,10
Róbert,10,0,10
Robert-jan,10,0,10
Rochustina,0,10,10
Roebertha,0,10,10
Roelineke,0,10,10
Roelinus,10,0,10
Roeloff,9,3,12
Roeloffine,3,9,12
Roelophina,0,10,10
Roelphina,0,10,10
Roelvina,0,10,10
Roepesh,10,0,10
Rogatus,10,0,10
Rogillio,10,0,10
Rohana,0,10,10
Rohina,0,10,10
Roin,10,0,10
Rokeske,0,10,10
Rokuzina,0,10,10
Rolfina,0,10,10
Rolijn,0,10,10
Rolly,8,3,11
Romaissaa,0,10,10
Romaro,10,0,10
Romayne,3,6,9
Rome,7,3,10
Romijna,0,10,10
Romio,10,0,10
Romulo,10,0,10
Ronica,0,10,10
Roos-Anna,0,10,10
Rooze,0,10,10
Roqaya,0,10,10
Rosamonde,0,10,10
Rosanneke,0,10,10
Rose-Maria,0,10,10
Rosemarijntje,0,10,10
Rosewitha,0,10,10
Rosmarie,0,10,10
Rouel,10,0,10
Rowwen,10,0,10
Royd,10,0,10
Roysten,10,0,10
Rua,8,3,11
Ruart,10,0,10
Rubab,0,10,10
Rubio,10,0,10
Rüçhan,10,0,10
Rukhsaar,3,9,12
Rukmini,0,10,10
Ruman,8,3,11
Runoldus,10,0,10
Ruthje,0,10,10
Ruurtina,0,10,10
Ruuth,3,6,9
Ruwaida,0,10,10
Ruwen,9,3,12
Ruzgar,10,0,10
Ryco,10,0,10
Ra'ies,9,0,9
Rabien,9,0,9
Rabiha,0,9,9
Racheline,0,9,9
Rachélle,0,9,9
Radhna,0,9,9
Rady,8,3,11
Raekwon,9,0,9
Rafaelo,8,3,11
Rafferty,9,0,9
Rafhaël,9,0,9
Rafique,9,0,9
Raghenie,0,9,9
Raginie,0,9,9
Raï,9,0,9
Raidon,9,0,9
Raija,0,9,9
Raijmon,9,0,9
Raimi,9,0,9
Raimy,9,0,9
Rainy,7,3,10
Raishel,9,0,9
Raivy,9,0,9
Raiyan,9,0,9
Rajini,0,9,9
Rakinah,0,9,9
Ramis,9,0,9
Rämon,9,0,9
Ramsley,9,0,9
Randjan,9,0,9
Rangel,3,6,9
Ranna,0,9,9
Raquella,0,9,9
Ratish,9,0,9
Ratnawatie,0,9,9
Rausjen,9,0,9
Ravano,9,0,9
Ravisha,0,9,9
Rawa,5,3,8
Rayén,6,3,9
Rayko,9,0,9
Raylano,9,0,9
Raymont,9,0,9
Raynathan,9,0,9
Raynaud,9,0,9
Reachel,0,9,9
Reangelo,9,0,9
Reau,9,0,9
Reba,3,6,9
Rebaz,9,0,9
Recardo,9,0,9
Redmond,9,0,9
Refaat,3,5,8
Regerius,9,0,9
Reijk,9,0,9
Reijnt,9,0,9
Reily,8,3,11
Reinada,0,9,9
Reinirius,9,0,9
Reinita,0,9,9
Reintsje,0,9,9
Remij,7,3,10
Remisius,8,3,11
Remkien,0,9,9
Rèmon,9,0,9
Rempt,9,0,9
Remsley,9,0,9
Renst,8,3,11
Rentina,0,9,9
Rep,9,0,9
Repko,9,0,9
Reshaan,9,0,9
Reshad,9,0,9
Reshaya,0,9,9
Retaj,0,9,9
Reurik,9,0,9
Revalino,9,0,9
Revilino,9,0,9
Revina,0,9,9
Reyertje,0,9,9
Rhianna,0,9,9
Rhijnvis,9,0,9
Rhino,9,0,9
Rhivano,9,0,9
Ricaldo,9,0,9
Richaino,9,0,9
Richey,9,0,9
Rickard,9,0,9
Rido,9,0,9
Ridouane,9,0,9
Riemko,9,0,9
Rieuwen,9,0,9
Riewerd,9,0,9
Riezwana,0,9,9
Rifki,8,3,11
Rigobertha,0,9,9
Rijad,9,0,9
Rijko,8,3,11
Rijnald,9,0,9
Rinald,8,3,11
Rinaldus,9,0,9
Rinkie,9,0,9
Rinna,0,9,9
Rinsina,0,9,9
Riquard,9,0,9
Riquelle,0,9,9
Rishabh,9,0,9
Rishainy,0,9,9
Rishani,0,9,9
Rishon,8,3,11
Ritchard,9,0,9
Ritchell,6,3,9
Rivesh,9,0,9
Rivke,0,9,9
Riyadh,9,0,9
Roaa,0,9,9
Robbert-Paul,9,0,9
Robberta,0,9,9
Robberto,9,0,9
Robinne,0,9,9
Roc,8,3,11
Rochard,9,0,9
Rochello,8,3,11
Rochusta,0,9,9
Roder,9,0,9
Roderich,9,0,9
Rodier,9,0,9
Roeël,8,3,11
Roegsana,0,9,9
Roeksana,0,9,9
Roekshana,0,9,9
Roelfs,8,3,11
Roesja,0,9,9
Rofaidae,0,9,9
Rogata,0,9,9
Rohanna,0,9,9
Romanée,0,9,9
Romanique,3,5,8
Romaysha,0,9,9
Romeesa,0,9,9
Romeina,0,9,9
Romeno,8,3,11
Romkes,5,3,8
Romona,0,9,9
Ronak,3,8,11
Rónán,9,0,9
Roniek,3,7,10
Ronn,9,0,9
Ronold,9,0,9
Roosanna,0,9,9
Rosalena,0,9,9
Rosalinn,0,9,9
Rosangela,0,9,9
Rosanja,0,9,9
Roselieke,0,9,9
Rosemin,0,9,9
Roshnidevi,0,9,9
Rossa,0,9,9
Rossini,8,3,11
Rouël,9,0,9
Roufayda,0,9,9
Roumaissae,0,9,9
Rouqaya,0,9,9
Rowé,8,3,11
Rowella,0,9,9
Rozemieke,0,9,9
Ruden,9,0,9
Rudiger,9,0,9
Rudine,0,9,9
Rudolfius,9,0,9
Rudolpho,9,0,9
Rukiyye,0,9,9
Ruksana,0,9,9
Rumold,9,0,9
Ruperto,9,0,9
Ruslan,9,0,9
Rüştü,9,0,9
Ruta,0,9,9
Ruthy,0,9,9
Ruurd-Jan,9,0,9
Ryanda,0,9,9
Ra'id,8,0,8
Raaid,8,0,8
Rabbi,8,0,8
Rabih,6,3,9
Ràchel,0,8,8
Rachèll,0,8,8
Rachmat,8,0,8
Radjeni,0,8,8
Radjis,8,0,8
Radley,8,0,8
Radomir,8,0,8
Radwaan,8,0,8
Raees,8,0,8
Raghda,0,8,8
Rahoul,8,0,8
Raigel,8,0,8
Raijmunda,3,7,10
Raimondus,8,0,8
Rajab,6,3,9
Rajin,8,0,8
Rajkamal,8,0,8
Rajna,0,8,8
Rajnesh,8,0,8
Rakia,0,8,8
Raldi,3,5,8
Rally,6,3,9
Ramaya,0,8,8
Ramchander,8,0,8
Rameau,8,0,8
Ramien,7,3,10
Râmon,8,0,8
Ramsewak,8,0,8
Ramsha,3,7,10
Ranate,0,8,8
Randhawa,7,3,10
Randjit,8,0,8
Rangga,8,0,8
Raniem,0,8,8
Ranil,8,0,8
Rapha,7,3,10
Rashiloh,8,0,8
Rashwan,3,3,6
Rasjieda,0,8,8
Rati,0,8,8
Rauda,0,8,8
Rauno,8,0,8
Raviv,7,3,10
Rawen,5,3,8
Raye,3,6,9
Rayel,6,3,9
Rayke,3,7,10
Rayli,7,3,10
Raylon,8,0,8
Rayshano,8,0,8
Raziël,7,3,10
Razika,0,8,8
Razina,0,8,8
Real,8,0,8
Rebbecca,0,8,8
Rebelle,0,8,8
Rebien,8,0,8
Receb,8,0,8
Reentje,3,6,9
Regelina,0,8,8
Reijnderdt,8,0,8
Reilley,7,3,10
Reimina,0,8,8
Reindert-Jan,8,0,8
Reinelda,3,7,10
Reinhardina,0,8,8
Reinhout,8,0,8
Reinildus,6,3,9
Reinmar,8,0,8
Reinolt,8,0,8
Remalia,0,8,8
Remco-Jan,7,3,10
Remijn,7,3,10
Remine,0,8,8
Remsy,8,0,8
Renaldina,0,8,8
Rénaldo,8,0,8
Rendo,8,0,8
Renéé,3,5,8
Reneta,0,8,8
Rengenerus,8,0,8
Rengerlina,0,8,8
Renoeka,0,8,8
Renskedina,0,8,8
Resida,0,8,8
Revenna,0,8,8
Revino,8,0,8
Reymon,8,0,8
Reyvano,8,0,8
Reyza,6,3,9
Rezia,0,8,8
Rhani,3,7,10
Rhian,6,3,9
Rhizlane,0,8,8
Rhowan,7,3,10
Riaad,8,0,8
Riadh,7,3,10
Riando,7,3,10
Riasat,3,3,6
Richaira,0,8,8
Richal,8,0,8
Richanne,0,8,8
Richele,3,3,6
Richeline,3,7,10
Rickson,8,0,8
Riddick,8,0,8
Ridhwan,8,0,8
Rie-Anne,0,8,8
Riea,0,8,8
Riemen,3,7,10
Rienette,0,8,8
Rienstje,0,8,8
Rietha,0,8,8
Rietish,8,0,8
Rieve,3,5,8
Rigst,0,8,8
Rihane,0,8,8
Rijkelt,8,0,8
Rijktje,0,8,8
Rijs,8,0,8
Rikcia,0,8,8
Rikert,8,0,8
Rikkerdina,0,8,8
Riksina,0,8,8
Rimmelt,8,0,8
Rinanda,0,8,8
Rinel,3,7,10
Rinesa,0,8,8
Rinetta,0,8,8
Rintske,0,8,8
Rishaina,0,8,8
Rishaino,8,0,8
Rishita,0,8,8
Rishna,0,8,8
Rissina,0,8,8
Rithik,8,0,8
Ritsko,8,0,8
Ritta,0,8,8
Ritva,0,8,8
Riyaaz,8,0,8
Rizlen,0,8,8
Roal,8,0,8
Roán,7,3,10
Roban,8,0,8
Robert-Jaap,8,0,8
Robinio,8,0,8
Robur,8,0,8
Rocca,0,8,8
Rochaino,8,0,8
Rocheno,8,0,8
Rochér,8,0,8
Rocko,8,0,8
Rodée,0,8,8
Rodena,0,8,8
Rodmer,8,0,8
Roeben,8,0,8
Roechama,0,8,8
Roedy,7,3,10
Roekmien,0,8,8
Roelan,8,0,8
Roelandia,0,8,8
Roelita,0,8,8
Roellien,0,8,8
Roellinda,0,8,8
Roën,6,3,9
Roepnarain,8,0,8
Roewaida,0,8,8
Rogchert,8,0,8
Rogine,0,8,8
Rohinesh,8,0,8
Rokesina,0,8,8
Romaike,0,8,8
Romaira,0,8,8
Romaya,0,8,8
Romeck,8,0,8
Romko,8,0,8
Ronalt,8,0,8
Ronoldus,7,3,10
Roos-Marije,0,8,8
Roosa,0,8,8
Rooz,3,7,10
Rosa-Lin,0,8,8
Rosa-Linn,0,8,8
Rosabelle,0,8,8
Rosalius,8,0,8
Rosalyna,0,8,8
Rosalynne,0,8,8
Rosário,3,6,9
Rosela,3,7,10
Rosemieke,0,8,8
Rosemunde,0,8,8
Rossanne,0,8,8
Rou,3,7,10
Rouchdi,8,0,8
Roushan,7,3,10
Rowa,0,8,8
Rowensly,8,0,8
Roxi,0,8,8
Rozelien,0,8,8
Rozet,0,8,8
Rubey,0,8,8
Rubine,0,8,8
Rubinho,8,0,8
Rudaina,0,8,8
Rudian,8,0,8
Rudolfes,8,0,8
Rudolff,8,0,8
Rudrani,0,8,8
Ruerdtsje,0,8,8
Rugia,0,8,8
Rumo,8,0,8
Rutgerd,8,0,8
Rutherus,8,0,8
Ruthie,0,8,8
Ruthline,0,8,8
Ruthsella,0,8,8
Ruun,3,3,6
Ruurds,8,0,8
Ružica,0,8,8
Ryanka,0,8,8
Rykel,8,0,8
Rynell,7,3,10
Raabia,0,7,7
Raagni,0,7,7
Raahat,7,0,7
Raajkumar,7,0,7
Rabbertus,7,0,7
Râbia,0,7,7
Rachal,0,7,7
Racheal,0,7,7
Racheed,7,0,7
Rachne,0,7,7
Rachsjanda,0,7,7
Raditya,7,0,7
Radji,5,3,8
Radjiev,7,0,7
Radjpatie,0,7,7
Radju,7,0,7
Radjwantie,0,7,7
Raef,6,3,9
Raevano,7,0,7
Rafelito,7,0,7
Raffie,6,3,9
Rafieq,7,0,7
Rafif,3,6,9
Rafy,6,3,9
Ragani,0,7,7
Rageni,0,7,7
Rageshwari,0,7,7
Raghini,0,7,7
Ragib,7,0,7
Ragner,7,0,7
Raheed,7,0,7
Rahmet,3,3,6
Rahmiye,0,7,7
Rahşan,0,7,7
Raida,3,6,9
Raïef,7,0,7
Raileyson,7,0,7
Rainish,7,0,7
Rajeshkumar,7,0,7
Rajivkumar,7,0,7
Rajnidevi,0,7,7
Rakhee,0,7,7
Rakhi,0,7,7
Rakish,7,0,7
Ramadhan,6,3,9
Rameshwar,7,0,7
Ramires,7,0,7
Ramkumar,7,0,7
Ràmon,7,0,7
Ramya,3,6,9
Ranald,7,0,7
Randey,7,0,7
Ranec,7,0,7
Ranee,0,7,7
Rao,7,0,7
Raouia,0,7,7
Raphäel,6,3,9
Raphaële,0,7,7
Raphaello,7,0,7
Rasan,7,0,7
Raschid,7,0,7
Rashidi,3,3,6
Rashmie,0,7,7
Ratan,7,0,7
Ratko,7,0,7
Ratu,3,5,8
Raudy,7,0,7
Raunak,5,3,8
Ravia,3,3,6
Ravik,7,0,7
Rawaz,7,0,7
Raydion,7,0,7
Rayell,6,3,9
Rayelle,0,7,7
Rayka,0,7,7
Raymo,7,0,7
Raymundes,6,3,9
Raziya,0,7,7
Razmik,6,3,9
Réal,7,0,7
Reber,7,0,7
Rebina,0,7,7
Rebinah,0,7,7
Red,6,3,9
Redemptus,7,0,7
Reed,5,3,8
Reems,7,0,7
Reense,7,0,7
Reenste,0,7,7
Reeuwert,7,0,7
Refat,6,3,9
Refke,0,7,7
Regelio,7,0,7
Regilia,0,7,7
Regisha,0,7,7
Regule,3,3,6
Rehmaan,3,3,6
Reijerina,0,7,7
Reijerse,7,0,7
Reiko,3,3,6
Reimon,7,0,7
Reindiena,0,7,7
Reinike,0,7,7
Reinuwtje,0,7,7
Rejhan,3,3,6
Rejoice,3,6,9
Reka,0,7,7
Rekje,0,7,7
Relina,0,7,7
Rema,0,7,7
Remia,3,6,9
Rémie,6,3,9
Remken,0,7,7
Remkiena,0,7,7
Rémo,7,0,7
Remôn,7,0,7
Rempje,0,7,7
Remygius,7,0,7
Renalde,3,6,9
Rendertje,0,7,7
Rendina,0,7,7
Renelle,0,7,7
Renessa,0,7,7
Renik,7,0,7
Reninca,0,7,7
Renusha,0,7,7
Renzi,3,3,6
Reonaldus,7,0,7
Résa,3,5,8
Resella,0,7,7
Reshida,0,7,7
Resit,7,0,7
Resley,7,0,7
Resma,0,7,7
Réva,0,7,7
Revlin,6,3,9
Reyk,7,0,7
Reymundo,7,0,7
Reynard,7,0,7
Reynerus,7,0,7
Reyon,7,0,7
Rheia,0,7,7
Rheina,0,7,7
Rialda,0,7,7
Riam,3,3,6
Rianette,0,7,7
Riani,0,7,7
Ricella,0,7,7
Richan,6,3,9
Richand,7,0,7
Richandro,7,0,7
Richantely,0,7,7
Richenne,3,6,9
Richinell,6,3,9
Richje,0,7,7
Ridhima,0,7,7
Riejanna,0,7,7
Rieken,6,3,9
Rielof,7,0,7
Riemco,7,0,7
Rienka,0,7,7
Rienske,0,7,7
Rietesh,7,0,7
Rifaat,7,0,7
Rifca,0,7,7
Rigje,0,7,7
Rigorius,7,0,7
Rigter,7,0,7
Rijana,0,7,7
Rijkwert,7,0,7
Rijmina,0,7,7
Rijmke,3,6,9
Rijnke,6,3,9
Rijpko,7,0,7
Rikele,7,0,7
Rikesh,7,0,7
Rikkinus,7,0,7
Rimsha,0,7,7
Rimy,3,5,8
Rinaisha,0,7,7
Rinet,0,7,7
Ringnerus,7,0,7
Rintk,3,6,9
Rinzes,7,0,7
Rinzina,0,7,7
Rionaldo,7,0,7
Ripley,3,3,6
Riquel,5,3,8
Risan,3,5,8
Rishal,7,0,7
Rishantely,0,7,7
Rishenna,0,7,7
Rishikumar,7,0,7
Rishvan,7,0,7
Ritaje,0,7,7
Ritchey,7,0,7
Rithika,0,7,7
Riviano,7,0,7
Rixia,0,7,7
Riz,5,3,8
Rizzerius,7,0,7
Ro-Ann,3,6,9
Roalt,7,0,7
Roangelo,7,0,7
Rob-Jan,7,0,7
Robertien,0,7,7
Robie,3,6,9
Robîn,6,3,9
Robyna,0,7,7
Roca,3,6,9
Rocci,3,5,8
Roch,7,0,7
Rodan,7,0,7
Rodica,0,7,7
Rodrico,7,0,7
Rodulphus,7,0,7
Roeberta,0,7,7
Roebertus,7,0,7
Roelia,0,7,7
Roelianne,0,7,7
Roell,5,3,8
Roels,5,3,8
Roembertus,7,0,7
Roeqayya,0,7,7
Rogchus,7,0,7
Rogiër,6,3,9
Rohita,0,7,7
Roi,6,3,9
Rois,3,3,6
Rojina,0,7,7
Rokaja,0,7,7
Rokan,3,3,6
Roksana,0,7,7
Rolena,0,7,7
Rollina,0,7,7
Romance,0,7,7
Romayra,0,7,7
Romèe,0,7,7
Romely,0,7,7
Romenique,3,3,6
Romiena,0,7,7
Romila,0,7,7
Rominique,0,7,7
Rommi,3,6,9
Romynique,0,7,7
Ronald-Jan,7,0,7
Ronnart,7,0,7
Ronno,7,0,7
Roos-anne,0,7,7
Rosa-Linde,0,7,7
Rosafina,0,7,7
Rosalique,0,7,7
Rosandra,0,7,7
Rosara,0,7,7
Rosée,0,7,7
Rosemerijn,0,7,7
Rosemonde,0,7,7
Rosemyn,0,7,7
Roshani,0,7,7
Roshawn,7,0,7
Roshella,0,7,7
Roshin,3,5,8
Rosslyn,3,6,9
Rotinda,3,5,8
Rouayda,0,7,7
Rouwayda,0,7,7
Rovena,0,7,7
Rovin,6,3,9
Rowann,3,3,6
Roweena,0,7,7
Rowley,7,0,7
Royana,0,7,7
Royanne,0,7,7
Royem,3,5,8
Royle,0,7,7
Roz,3,3,6
Rozelie,0,7,7
Rozelinda,0,7,7
Rozemarijke,0,7,7
Rozemaryn,0,7,7
Rozenn,0,7,7
Rózsika,0,7,7
Ruana,0,7,7
Rubijn,7,0,7
Rudbertus,7,0,7
Ruddy,7,0,7
Rudij,7,0,7
Rudmar,7,0,7
Rudolphien,3,6,9
Rudson,7,0,7
Ruíz,6,3,9
Ruïz,7,0,7
Rumoldina,3,6,9
Rumon,7,0,7
Ruqaiya,0,7,7
Ruudger,7,0,7
Rychard,7,0,7
Rychelle,0,7,7
Ryk,7,0,7
Rykle,7,0,7
Rylen,6,3,9
Rymond,7,0,7
Rynald,7,0,7
R'Himou,0,6,6
Raani,3,5,8
Raavi,3,3,6
Rabbia,0,6,6
Rabianur,0,6,6
Rabinderpersad,6,0,6
Rabodus,6,0,6
Racheltje,0,6,6
Rachieda,0,6,6
Rachil,3,3,6
Rachim,6,0,6
Radboda,0,6,6
Radesh,6,0,6
Radivoj,6,0,6
Radko,6,0,6
Radojka,0,6,6
Raelyn,0,6,6
Raes,6,0,6
Rafaèl,6,0,6
Rafäel,6,0,6
Rafan,6,0,6
Rafał,6,0,6
Rafello,6,0,6
Raffaëllo,6,0,6
Rafiah,0,6,6
Rafiël,6,0,6
Rafina,0,6,6
Raghib,6,0,6
Ragip,6,0,6
Rahan,6,0,6
Rahiman,3,3,6
Rahni,3,3,6
Rahsaan,6,0,6
Raïesa,0,6,6
Raijen,6,0,6
Raijmondus,6,0,6
Raisah,0,6,6
Raiven,6,0,6
Raiz,3,3,6
Rajana,0,6,6
Raji,5,3,8
Rajka,0,6,6
Rajneesh,6,0,6
Rakan,6,0,6
Raldo,6,0,6
Ramatu,0,6,6
Ramazani,3,3,6
Rambo,6,0,6
Ramdane,6,0,6
Ramiel,6,0,6
Ramilio,6,0,6
Ramkoemar,6,0,6
Ramlah,3,5,8
Ramo,5,3,8
Ramphis,6,0,6
Ramsingh,6,0,6
Ramsis,5,3,8
Randhiersingh,6,0,6
Randie,3,3,6
Randolphus,6,0,6
Rangini,0,6,6
Ranulpha,0,6,6
Ranulphus,6,0,6
Raphaéla,3,5,8
Raphaell,6,0,6
Rapkedina,0,6,6
Raqeem,6,0,6
Ras,6,0,6
Raschida,0,6,6
Rasheda,0,6,6
Rashika,0,6,6
Rasjied,6,0,6
Rassoul,6,0,6
Rasti,5,3,8
Ratna-Dewi,0,6,6
Ratnakoemarie,0,6,6
Ratnakumari,0,6,6
Ratnawati,0,6,6
Rauff,6,0,6
Raveendra,5,3,8
Ravell,5,3,8
Ravenne,0,6,6
Ravesh,6,0,6
Ravinash,6,0,6
Ravinesh,6,0,6
Rawda,0,6,6
Rawdy,6,0,6
Rawiesh,6,0,6
Rawindra,6,0,6
Rayanna,0,6,6
Rayella,0,6,6
Rayhen,3,3,6
Raylie,5,3,8
Rayo,6,0,6
Razaan,3,3,6
Reagen,5,3,8
Reakwon,6,0,6
Réanne,0,6,6
Rebanna,0,6,6
Rebertus,6,0,6
Redah,6,0,6
Redan,6,0,6
Redha,6,0,6
Redi,3,5,8
Redinio,6,0,6
Redmerdina,0,6,6
Redon,6,0,6
Reeske,0,6,6
Reeuwke,6,0,6
Reeven,3,3,6
Ref,5,3,8
Refael,6,0,6
Refelino,6,0,6
Refia,0,6,6
Rehza,3,3,6
Reijnard,6,0,6
Reiley,3,3,6
Reindine,0,6,6
Reinerdina,0,6,6
Reineta,0,6,6
Reingje,0,6,6
Reinieke,0,6,6
Reinieris,6,0,6
Reinnetta,0,6,6
Rela,0,6,6
Remacla,0,6,6
Remar,6,0,6
Remée,0,6,6
Remees,6,0,6
Remian,6,0,6
Remichius,5,3,8
Remmechiena,0,6,6
Renad,0,6,6
Renaldine,0,6,6
Rendall,6,0,6
Rendell,6,0,6
Rendra,5,3,8
Reneldus,6,0,6
Renet,0,6,6
Renettha,0,6,6
Reneus,6,0,6
Rengelina,0,6,6
Rengerliene,0,6,6
Rengers,6,0,6
Rénie,3,5,8
Reniet,6,0,6
Reninka,0,6,6
Renji,6,0,6
Renoir,6,0,6
Rens-Jan,6,0,6
Rensca,0,6,6
Renschje,0,6,6
Renska,0,6,6
Rensly,6,0,6
Renushka,0,6,6
Renziena,0,6,6
Repco,6,0,6
Reschel,0,6,6
Resha,0,6,6
Reshina,0,6,6
Reuël,6,0,6
Revellinio,6,0,6
Revellino,6,0,6
Révi,6,0,6
Rewiena,0,6,6
Reynder,6,0,6
Reyneke,0,6,6
Reynie,0,6,6
Reynira,0,6,6
Rezgar,5,3,8
Rezsö,6,0,6
Rhand,6,0,6
Rhema,3,3,6
Rhodan,6,0,6
Rhodes,3,3,6
Rhodri,5,3,8
Rhomy,3,3,6
Rhonice,0,6,6
Rhowena,0,6,6
Rhydian,6,0,6
Ribana,3,5,8
Richarde,0,6,6
Richarius,5,3,8
Richayro,6,0,6
Richendell,6,0,6
Richenella,0,6,6
Richenelle,3,5,8
Richenello,6,0,6
Richilde,3,5,8
Riefke,0,6,6
Rieja,0,6,6
Riemelia,0,6,6
Riemt,6,0,6
Rienaldo,6,0,6
Rienetta,0,6,6
Rientz,6,0,6
Rıfat,6,0,6
Righard,6,0,6
Riginald,6,0,6
Rigmar,5,3,8
Riikka,0,6,6
Rijmie,0,6,6
Rijnard,6,0,6
Rijnarda,0,6,6
Rijnate,0,6,6
Rijnhart,6,0,6
Rikjan,6,0,6
Rikka,0,6,6
Rilena,0,6,6
Rime,3,5,8
Rimkjen,0,6,6
Rimmie,0,6,6
Rimsky,6,0,6
Rinaldini,6,0,6
Rinio,6,0,6
Rinnah,0,6,6
Rinto,5,3,8
Rique,5,3,8
Rishaal,5,3,8
Rishand,6,0,6
Rishanna,0,6,6
Rishayra,0,6,6
Rishendel,6,0,6
Risiana,0,6,6
Rital,0,6,6
Rite,0,6,6
Riteke,0,6,6
Riteshkoemar,6,0,6
Rivera,3,3,6
Rivièra,3,3,6
Riwan,5,3,8
Rixtia,0,6,6
Riyano,6,0,6
Rizvan,6,0,6
Rjimke,0,6,6
Roam,6,0,6
Róan,5,3,8
Robbij,6,0,6
Robee,3,3,6
Robeka,0,6,6
Robena,0,6,6
Robert-Hans,6,0,6
Robert-Willem,6,0,6
Robertie,3,3,6
Rochenne,0,6,6
Rocheteau,6,0,6
Rodee,0,6,6
Rodine,0,6,6
Rodolfus,6,0,6
Rodyna,0,6,6
Roe,3,3,6
Roèl,5,3,8
Roél,3,3,6
Roëla,0,6,6
Roela,0,6,6
Roelf-Jan,6,0,6
Roelian,3,3,6
Roellinde,0,6,6
Roelyne,0,6,6
Roena,0,6,6
Roge,6,0,6
Rogeer,6,0,6
Rogelia,0,6,6
Rogue,3,5,8
Rohwan,6,0,6
Roï,6,0,6
Roisín,0,6,6
Rojat,6,0,6
Rokko,5,3,8
Rolaf,6,0,6
Rolisa,0,6,6
Rolland,5,3,8
Romaldo,6,0,6
Romaldus,6,0,6
Romalia,0,6,6
Romanda,0,6,6
Romanovich,6,0,6
Romans,6,0,6
Romartina,0,6,6
Romayn,6,0,6
Romayro,6,0,6
Rombertha,0,6,6
Romerio,6,0,6
Romhild,6,0,6
Romia,0,6,6
Romiën,6,0,6
Romilly,3,3,6
Romonda,0,6,6
Rompje,0,6,6
Ronaz,0,6,6
Ronette,0,6,6
Ronida,0,6,6
Ronné,6,0,6
Roode,6,0,6
Roodhart,6,0,6
Rooslinde,0,6,6
Roosmary,0,6,6
Roots,3,3,6
Rorick,6,0,6
Rosa-Linda,0,6,6
Rosalientje,0,6,6
Rosalima,0,6,6
Rose-Marije,0,6,6
Rosean,3,3,6
Rosefien,0,6,6
Roselotte,0,6,6
Rosemari,0,6,6
Rosemiek,0,6,6
Roshaan,6,0,6
Roshane,5,3,8
Roshanti,0,6,6
Roshaun,6,0,6
Roshayra,0,6,6
Roshelle,0,6,6
Roshinie,0,6,6
Rosiana,0,6,6
Rosila,3,5,8
Rosito,6,0,6
Rosolie,0,6,6
Rossanna,0,6,6
Rossy,5,3,8
Roua,0,6,6
Roula,0,6,6
Roumayssa,0,6,6
Rowain,3,3,6
Rowaya,0,6,6
Rowensley,6,0,6
Roxen,3,5,8
Roxsanna,0,6,6
Royano,6,0,6
Roys,5,3,8
Róza,0,6,6
Rozelia,0,6,6
Rozemarieke,0,6,6
Rozemin,0,6,6
Rozien,0,6,6
Rozin,0,6,6
Rozsa,0,6,6
Rozsika,0,6,6
Ruach,6,0,6
Rubiana,0,6,6
Rubiënne,0,6,6
Rubinia,0,6,6
Rucháma,0,6,6
Rudolfia,0,6,6
Rudrika,0,6,6
Rufaida,0,6,6
Run,5,3,8
Ruprecht,6,0,6
Rusina,0,6,6
Russella,0,6,6
Rüstü,6,0,6
Rutta,0,6,6
Ruud-Jan,6,0,6
Ruurdt,6,0,6
Ruwel,6,0,6
Ruwin,6,0,6
Ryaan,5,3,8
Ryenzo,6,0,6
Ryler,6,0,6
Ryno,6,0,6
Ryoni,3,3,6
Ryonne,3,5,8
Ryshaan,6,0,6
Ryuichi,6,0,6
R'kia,0,5,5
Raafi,3,3,6
Raage,5,0,5
Raaghni,0,5,5
Raaghnie,0,5,5
Raango,5,0,5
Raav,5,0,5
Rabeh,5,0,5
Rabindra,5,0,5
Rachêl,0,5,5
Rachello,5,0,5
Rachiel,3,3,6
Radhia,0,5,5
Radhikadevi,0,5,5
Radika,0,5,5
Radiya,0,5,5
Radjendra,5,0,5
Radjendre,5,0,5
Radjindre,5,0,5
Rado,5,0,5
Rae-Dawn,3,3,6
Raeesah,0,5,5
Raeesha,0,5,5
Raegan,3,3,6
Raen,3,3,6
Raffaelo,5,0,5
Rafid,5,0,5
Ragda,0,5,5
Rager,5,0,5
Raghad,0,5,5
Ragma,0,5,5
Rahadian,5,0,5
Rahanna,0,5,5
Raheela,0,5,5
Rahi,3,3,6
Rahiemagatoen,0,5,5
Rahimah,0,5,5
Rahmad,5,0,5
Rahmatullah,3,3,6
Raia,0,5,5
Raicha,0,5,5
Raichano,5,0,5
Raïes,5,0,5
Raiesh,5,0,5
Raihanna,0,5,5
Raijnilda,0,5,5
Raili,3,3,6
Railly,5,0,5
Rainold,5,0,5
Raiya,3,3,6
Raiyen,5,0,5
Rajeevkumar,5,0,5
Rajello,5,0,5
Rajeshwar,5,0,5
Rajiev,5,0,5
Rajkoemarie,0,5,5
Rajshrie,0,5,5
Ralfh,5,0,5
Ramajana,0,5,5
Ramanda,0,5,5
Ramdat,5,0,5
Ramdei,0,5,5
Ramdial,5,0,5
Ramdoelarie,0,5,5
Rameez,5,0,5
Raminah,0,5,5
Ramita,0,5,5
Ramiyah,0,5,5
Ramiza,0,5,5
Ramkisoen,5,0,5
Ramkrishna,5,0,5
Rammy,5,0,5
Ramnath,5,0,5
Ramonus,3,3,6
Ramradjie,0,5,5
Ramratie,0,5,5
Ranâ,0,5,5
Ranan,3,3,6
Randalph,5,0,5
Randhirkumar,5,0,5
Randjanie,0,5,5
Rando,5,0,5
Randolphe,5,0,5
Raniel,5,0,5
Ranin,3,3,6
Ranj,5,0,5
Ransley,5,0,5
Raöef,5,0,5
Raomi,0,5,5
Raoull,5,0,5
Raphaëll,5,0,5
Raphaelo,5,0,5
Raquèl,0,5,5
Rashanty,3,3,6
Rasheena,0,5,5
Rashia,0,5,5
Rashmika,0,5,5
Rashree,0,5,5
Rasidagatoen,0,5,5
Rasieda,0,5,5
Rasika,0,5,5
Rasil,5,0,5
Rasimin,5,0,5
Rasja,0,5,5
Rasmussen,3,3,6
Ratib,5,0,5
Ratio,5,0,5
Ratnakumarie,0,5,5
Rattan,3,3,6
Raushan,5,0,5
Raushen,5,0,5
Ravello,5,0,5
Ravichand,5,0,5
Ravikant,5,0,5
Ravindrenath,5,0,5
Rawaan,0,5,5
Rawad,5,0,5
Rawane,0,5,5
Rawesh,5,0,5
Rayann,3,3,6
Rayla,0,5,5
Raylin,3,3,6
Rayline,0,5,5
Rayman,5,0,5
Raymunde,0,5,5
Rayshawn,5,0,5
Rayvelino,5,0,5
Rayvi,5,0,5
Razi,5,0,5
Razien,5,0,5
Razin,5,0,5
Reaal,5,0,5
Reane,0,5,5
Rebana,0,5,5
Recella,0,5,5
Reçep,5,0,5
Rechella,0,5,5
Rèda,5,0,5
Reding,3,3,6
Redir,5,0,5
Redoin,5,0,5
Redolf,5,0,5
Reetesh,5,0,5
Refa,3,3,6
Refaël,5,0,5
Refano,5,0,5
Refino,5,0,5
Rega,3,3,6
Regalo,3,3,6
Regard,5,0,5
Regiano,5,0,5
Regiene,3,3,6
Regiljo,5,0,5
Regonda,3,3,6
Regy,3,3,6
Reham,0,5,5
Reija,0,5,5
Reijnhard,5,0,5
Reijnira,0,5,5
Reijnoldus,5,0,5
Reika,0,5,5
Reimara,0,5,5
Reimund,5,0,5
Reinar,5,0,5
Reinardt,5,0,5
Reinderika,0,5,5
Reindirt,5,0,5
Reinhild,3,3,6
Reinholda,0,5,5
Reinika,0,5,5
Reinires,5,0,5
Reinno,0,5,5
Reintjo,5,0,5
Reita,0,5,5
Reitje,5,0,5
Rejay,5,0,5
Relin,0,5,5
Relindes,3,3,6
Relte,5,0,5
Relus,5,0,5
Remeau,5,0,5
Remegius,5,0,5
Remert,5,0,5
Remidius,5,0,5
Remillio,5,0,5
Remkolina,0,5,5
Rems,5,0,5
Remsey,5,0,5
Remsly,5,0,5
Renaisha,0,5,5
Rénald,5,0,5
Renaldes,5,0,5
Rénan,5,0,5
Rénard,5,0,5
Renay,3,3,6
Renaya,0,5,5
Rencia,0,5,5
Reneetje,0,5,5
Renicus,5,0,5
Renieta,0,5,5
Renildus,3,3,6
Renni,3,3,6
Renoeska,0,5,5
Rensco,3,3,6
Renses,5,0,5
Rensien,0,5,5
Renwich,5,0,5
Renwick,5,0,5
Reolina,0,5,5
Reonald,5,0,5
Reonix,3,3,6
Requillo,5,0,5
Reshaad,5,0,5
Reshana,0,5,5
Reshayno,5,0,5
Reshayro,5,0,5
Reshena,0,5,5
Reshmakumarie,0,5,5
Resia,0,5,5
Reslin,0,5,5
Resmi,0,5,5
Retna,0,5,5
Revana,0,5,5
Revanio,5,0,5
Revelin,5,0,5
Reven,3,3,6
Reviano,5,0,5
Revie,5,0,5
Revilio,5,0,5
Rewanja,3,3,6
Rewiesh,5,0,5
Reyerus,5,0,5
Reyhane,0,5,5
Reynalda,0,5,5
Reynaldus,5,0,5
Reyner,5,0,5
Reynhard,5,0,5
Reynt,5,0,5
Rêzan,3,3,6
Rezin,3,3,6
Rhania,0,5,5
Rhariba,0,5,5
Rheno,5,0,5
Rhodesia,0,5,5
Rhoman,5,0,5
Rhuben,5,0,5
Riantie,0,5,5
Riccarda,0,5,5
Richanell,3,3,6
Richaya,0,5,5
Richert,5,0,5
Richette,0,5,5
Richmar,5,0,5
Richo,5,0,5
Richtruda,0,5,5
Ricke,3,3,6
Rickij,5,0,5
Ricolt,5,0,5
Ridaa,5,0,5
Riechelle,0,5,5
Rieco,5,0,5
Riefka,0,5,5
Riegarda,0,5,5
Riejanneke,0,5,5
Riema,0,5,5
Riemi,0,5,5
Rienes,5,0,5
Rienhart,5,0,5
Riënzo,5,0,5
Riete,0,5,5
Rieuwing,5,0,5
Rifai,5,0,5
Rifayed,5,0,5
Rifky,5,0,5
Riga,3,3,6
Righnald,3,3,6
Rigona,0,5,5
Rigor,5,0,5
Rigtsje,0,5,5
Rihaab,0,5,5
Rihabe,0,5,5
Riis,5,0,5
Rijkeld,5,0,5
Rijkina,0,5,5
Rijkjan,5,0,5
Rijks,5,0,5
Rijkwerd,5,0,5
Rijnetta,0,5,5
Rijniera,0,5,5
Rijnje,0,5,5
Rijnolda,0,5,5
Rijntina,0,5,5
Rijpkedina,0,5,5
Rikaash,5,0,5
Rikardus,5,0,5
Rikes,5,0,5
Rikse,0,5,5
Riksiena,0,5,5
Rikwin,5,0,5
Rilan,5,0,5
Rilène,0,5,5
Rimanda,0,5,5
Rimkes,5,0,5
Rimski,5,0,5
Rinata,0,5,5
Rindy,3,3,6
Rinella,0,5,5
Rines,5,0,5
Ringjen,0,5,5
Rinneke,0,5,5
Rinso,5,0,5
Rippert,5,0,5
Risanna,0,5,5
Risham,3,3,6
Rishandro,5,0,5
Rishanti,0,5,5
Rishella,0,5,5
Rishikapoor,5,0,5
Rishin,5,0,5
Risina,0,5,5
Ritaal,0,5,5
Ritsche,5,0,5
Ritza,0,5,5
Rivani,5,0,5
Rivanny,5,0,5
Rivash,5,0,5
Rivayno,5,0,5
Rixtelina,0,5,5
Rizja,3,3,6
Rizk,3,3,6
Rizki,5,0,5
Rizpa,0,5,5
Roba,0,5,5
Robain,5,0,5
Robecca,0,5,5
Robée,0,5,5
Robêrt,5,0,5
Ròbert,5,0,5
Robertszoon,5,0,5
Robienne,0,5,5
Robin-Jan,5,0,5
Rochairo,5,0,5
Rochani,0,5,5
Rochman,5,0,5
Rockey,5,0,5
Rocxanne,3,3,6
Roderick-Jan,5,0,5
Rodesha,0,5,5
Rodiën,5,0,5
Rodolphus,5,0,5
Rodyn,5,0,5
Roebijem,0,5,5
Roedolphina,0,5,5
Roedre,5,0,5
Roekiatie,0,5,5
Roel-Jan,5,0,5
Roelette,0,5,5
Roelfientje,0,5,5
Roelinke,0,5,5
Roelovina,0,5,5
Roelyn,0,5,5
Roemi,3,3,6
Roeminah,0,5,5
Roesina,0,5,5
Roeya,0,5,5
Rofaïda,0,5,5
Rôger,5,0,5
Rogers,5,0,5
Rogi,3,3,6
Rogien,3,3,6
Rogierszoon,5,0,5
Roha,0,5,5
Rohandi,5,0,5
Rohankumar,5,0,5
Rohanne,0,5,5
Rohitkumar,5,0,5
Roïs,3,3,6
Rojdar,5,0,5
Rojîn,0,5,5
Roka,3,3,6
Rokusina,0,5,5
Rolex,5,0,5
Rolff,5,0,5
Rolie,5,0,5
Rolinke,0,5,5
Rollo,5,0,5
Rolyn,3,3,6
Romaily,3,3,6
Romaina,0,5,5
Romaiza,0,5,5
Romanya,0,5,5
Romaysah,0,5,5
Romco,5,0,5
Romeissa,0,5,5
Romelio,5,0,5
Romij,0,5,5
Romika,0,5,5
Romillio,5,0,5
Rominio,5,0,5
Romira,0,5,5
Romisha,0,5,5
Romoldo,5,0,5
Romondus,3,3,6
Romtje,0,5,5
Romula,0,5,5
Romyn,3,3,6
Romyssa,0,5,5
Ronand,5,0,5
Ronardus,5,0,5
Ronay,3,3,6
Roney,5,0,5
Ronî,3,3,6
Roniet,0,5,5
Ronnald,5,0,5
Ronon,5,0,5
Ronus,5,0,5
Rooderick,5,0,5
Roona,0,5,5
Roorde,3,3,6
Rosabel,0,5,5
Rosalda,0,5,5
Rosaleen,0,5,5
Rosalein,0,5,5
Rosalisa,0,5,5
Rosamée,0,5,5
Rosaminda,0,5,5
Rosanda,0,5,5
Rosande,0,5,5
Rosanno,5,0,5
Roseliek,0,5,5
Roseliene,0,5,5
Roselieve,0,5,5
Rosello,5,0,5
Roselly,0,5,5
Rosen,3,3,6
Roshairo,5,0,5
Roshanie,0,5,5
Roshell,0,5,5
Roshendrick,5,0,5
Rosian,0,5,5
Rosida,0,5,5
Rosika,0,5,5
Rosin,3,3,6
Rosko,5,0,5
Rosni,0,5,5
Rosnie,0,5,5
Roswietha,0,5,5
Rosyl,0,5,5
Rouché,3,3,6
Rouda,0,5,5
Roumaysae,0,5,5
Rouven,5,0,5
Rouwaida,0,5,5
Rovana,0,5,5
Roviën,5,0,5
Roviënne,3,3,6
Rowe,3,3,6
Roweda,0,5,5
Rowhan,3,3,6
Rowinda,0,5,5
Rowynn,3,3,6
Roxsana,0,5,5
Royalty,3,3,6
Royenna,0,5,5
Rozah,0,5,5
Rozaly,0,5,5
Rozé,3,3,6
Roze-Marie,0,5,5
Rozelijn,0,5,5
Rozeline,0,5,5
Rozika,0,5,5
Ruadh,3,3,6
Ruano,5,0,5
Ruardus,5,0,5
Ruark,5,0,5
Rubí,0,5,5
Rubianto,5,0,5
Ruchika,0,5,5
Ruchsana,0,5,5
Rudewald,5,0,5
Rudhi,5,0,5
Rudiën,5,0,5
Rudio,3,3,6
Rudis,0,5,5
Rudney,5,0,5
Rudulphus,5,0,5
Rudwina,0,5,5
Ruella,0,5,5
Ruerdje,0,5,5
Ruert,5,0,5
Rufano,5,0,5
Rufaro,5,0,5
Rugiatu,0,5,5
Ruhaan,3,3,6
Rumen,5,0,5
Rûne,3,3,6
Runia,0,5,5
Ruqiya,0,5,5
Rush,3,3,6
Rusha,0,5,5
Rushan,5,0,5
Rushiel,5,0,5
Rustem,5,0,5
Rutgertina,0,5,5
Rutgertje,0,5,5
Ruthana,0,5,5
Rutherford,5,0,5
Rutheria,0,5,5
Rutkay,5,0,5
Ruvienne,3,3,6
Ruwardus,5,0,5
Ruwena,0,5,5
Ruyi,0,5,5
Rychano,5,0,5
Rychardus,5,0,5
Ryhan,3,3,6
Ryhanna,0,5,5
Rykje,0,5,5
Ryona,0,5,5
Raania,0,3,3
Raaz,3,3,6
Raazia,0,3,3
Raba,0,3,3
Rabaab,0,3,3
Rabbo,3,0,3
Raber,3,3,6
Rabiâ,0,3,3
Rabiah,0,3,3
Rachaila,0,3,3
Rachan,3,0,3
Rachani,0,3,3
Rachano,3,0,3
Racheel,0,3,3
Rachël,0,3,3
Rachèlla,0,3,3
Rachelly,0,3,3
Rachely,3,3,6
Rachena,0,3,3
Rachmawati,0,3,3
Radhe,3,3,6
Radina,0,3,3
Radithya,3,0,3
Radjah,3,0,3
Radjai,3,0,3
Radjani,3,3,6
Radjina,0,3,3
Radjindredath,3,0,3
Radjkumari,0,3,3
Radjveer,3,0,3
Radjwa,0,3,3
Radjwatie,0,3,3
Radoica,0,3,3
Radolphus,3,0,3
Raduan,3,0,3
Radulpha,0,3,3
Raeesa,0,3,3
Raëll,3,3,6
Raely,3,3,6
Raeva,0,3,3
Raeza,3,3,6
Rafaell,3,0,3
Rafek,3,0,3
Rafèl,3,0,3
Raffaéla,0,3,3
Raffaëlle,3,3,6
Rafhael,3,0,3
Râfi,3,0,3
Rafic,3,0,3
Rafiye,0,3,3
Rafly,3,0,3
Rafshaan,3,0,3
Raga,3,3,6
Ragad,0,3,3
Rage,3,3,6
Raggy,3,0,3
Raghani,0,3,3
Ragheni,0,3,3
Raghild,0,3,3
Ragstat,3,0,3
Rahaana,0,3,3
Rahaju,0,3,3
Rahela,0,3,3
Rahf,0,3,3
Rahib,3,0,3
Rahiena,0,3,3
Rahmawati,0,3,3
Rahme,0,3,3
Rahmon,3,0,3
Raí,3,0,3
Raian,3,0,3
Raïcha,0,3,3
Raifa,0,3,3
Raigino,3,0,3
Raike,0,3,3
Rainan,3,0,3
Raineldis,3,3,6
Rainildus,3,3,6
Raïscha,0,3,3
Raisheline,0,3,3
Raisherie,0,3,3
Raison,3,0,3
Raivo,3,0,3
Raiyaan,3,0,3
Raiyah,0,3,3
Raizel,3,3,6
Rajas,3,0,3
Rajbir,3,3,6
Rajdeep,3,3,6
Rajenne,0,3,3
Rajeshvar,3,0,3
Rajhana,0,3,3
Rajinderpersad,3,0,3
Rajindre,3,0,3
Rajmund,3,0,3
Rajsree,0,3,3
Rajvi,3,3,6
Rajwantie,0,3,3
Rakel,0,3,3
Rakheem,3,0,3
Rakina,0,3,3
Rakis,3,3,6
Rakshana,0,3,3
Ralitsa,0,3,3
Ralph-Jan,3,0,3
Ramadhar,3,0,3
Ramah,3,3,6
Ramana,3,3,6
Ramandeep,3,3,6
Ramar,3,0,3
Ramay,3,3,6
Rambaran,3,3,6
Ramborg,0,3,3
Ramchandre,3,0,3
Ramdas,3,0,3
Ramdin,3,0,3
Ramero,3,0,3
Ramey,3,0,3
Ramika,0,3,3
Ramini,0,3,3
Raminie,0,3,3
Rammon,3,0,3
Ramoen,3,0,3
Ramōn,3,0,3
Ramön,3,0,3
Ramsoender,3,0,3
Ramson,3,0,3
Ramsus,3,0,3
Ramundus,3,0,3
Ramyar,3,0,3
Ramyro,3,0,3
Ramzey,3,0,3
Rananur,0,3,3
Ranata,0,3,3
Ranchi,3,0,3
Randalf,3,0,3
Randhirsing,3,0,3
Randjietsingh,3,0,3
Ranée,0,3,3
Raneesh,3,0,3
Ranell,3,3,6
Ranice,0,3,3
Raniël,3,0,3
Ranika,0,3,3
Ranjanie,0,3,3
Ranjini,0,3,3
Ranjita,0,3,3
Ranjiv,3,0,3
Ranon,3,3,6
Ranulfo,3,0,3
Ranusha,0,3,3
Raonah,0,3,3
Raphaëllo,3,0,3
Raphel,3,3,6
Raquell,0,3,3
Rarda,0,3,3
Rasheem,3,0,3
Rashena,0,3,3
Rashiel,3,0,3
Rashwin,3,0,3
Rasmi,0,3,3
Rasna,0,3,3
Rastin,3,0,3
Rastko,3,0,3
Rasuina,3,3,6
Rasulan,0,3,3
Ratam,3,3,6
Ratha,3,3,6
Ratih,0,3,3
Ratnadevie,0,3,3
Rauli,3,0,3
Raulito,3,0,3
Ravaël,3,0,3
Ravael,3,0,3
Ravan,3,3,6
Ravèll,3,0,3
Ravella,0,3,3
Räven,3,3,6
Ravena,0,3,3
Ravendra,3,3,6
Raviano,3,0,3
Ravic,3,0,3
Ravid,3,0,3
Ravikoemar,3,0,3
Ravindersingh,3,0,3
Ravindranath,3,0,3
Ravinia,0,3,3
Rawley,3,0,3
Rawya,0,3,3
Ray-Jay,3,0,3
Rayaela,0,3,3
Rayani,3,3,6
Rayben,3,0,3
Raydian,3,0,3
Rayesha,0,3,3
Raymilio,3,0,3
Raymondes,3,0,3
Raynah,0,3,3
Raynard,3,0,3
Rayniel,3,0,3
Rayquensly,3,0,3
Rayshel,3,0,3
Raysheline,0,3,3
Rayshon,3,0,3
Rayshrie,0,3,3
Rayu,3,0,3
Rayvanno,3,0,3
Razane,3,3,6
Raziagatoen,0,3,3
Razieq,3,0,3
Razma,0,3,3
Razwan,3,0,3
Razya,0,3,3
Reanda,0,3,3
Rebanus,3,0,3
Rebecke,0,3,3
Rebell,3,3,6
Reben,3,3,6
Rebwar,3,0,3
Rechardus,3,0,3
Redencio,3,0,3
Redginald,3,0,3
Redjesh,3,0,3
Redlef,3,0,3
Redley,3,0,3
Redze,3,0,3
Reenie,0,3,3
Reeya,3,3,6
Refaïm,3,0,3
Refkele,3,3,6
Regaip,3,0,3
Regerio,3,0,3
Reggae,3,0,3
Regginald,3,0,3
Regia,0,3,3
Regienald,3,0,3
Regiliano,3,0,3
Reginbaldus,3,0,3
Reginold,3,0,3
Regnard,3,0,3
Regner,3,0,3
Regnerius,3,0,3
Rehema,0,3,3
Rehmat,3,3,6
Rehu,3,0,3
Reï,3,0,3
Reian,3,3,6
Reidina,0,3,3
Reighn,3,3,6
Reij,3,0,3
Reijnardus,3,0,3
Reijndina,0,3,3
Reijnierus,3,0,3
Reijnirus,3,0,3
Reinalt,3,0,3
Reinatus,3,0,3
Reinau,0,3,3
Reinbendina,0,3,3
Reinbrand,3,0,3
Reinierdus,3,0,3
Reinikus,3,0,3
Reinir,3,0,3
Reinnira,0,3,3
Reinofke,0,3,3
Reinoudje,0,3,3
Reintdina,0,3,3
Reintjan,3,0,3
Reitzina,0,3,3
Reizo,3,0,3
Rejanne,0,3,3
Rekan,3,0,3
Reke,3,3,6
Rekia,0,3,3
Rely,3,3,6
Remando,3,0,3
Rémar,3,0,3
Rembartus,3,0,3
Remberto,3,0,3
Rembold,3,0,3
Rembt,3,0,3
Remmedina,0,3,3
Remmegina,0,3,3
Remmeld,3,0,3
Remmeldina,0,3,3
Remmerd,3,0,3
Remmetje,0,3,3
Rêmon,3,0,3
Rémona,0,3,3
Rempie,0,3,3
Remzy,3,0,3
Renando,3,0,3
Rênas,3,0,3
Rénata,0,3,3
Renault,3,0,3
Renaut,3,3,6
Renaysha,0,3,3
Rencina,0,3,3
Render,3,0,3
Rendi,3,3,6
Rendie,3,0,3
Rendolf,3,0,3
Renê,3,0,3
René-Paul,3,0,3
Rénée,3,3,6
Renelda,0,3,3
Renell,3,3,6
Reneria,0,3,3
Renérus,3,3,6
Renesh,3,0,3
Renesse,0,3,3
Rénier,3,0,3
Renira,0,3,3
Rennert,3,0,3
Renoldina,0,3,3
Renouka,0,3,3
Renschke,0,3,3
Renskea,0,3,3
Renssina,0,3,3
Renukadevi,0,3,3
Renuska,0,3,3
Renzes,3,0,3
Reparata,0,3,3
Rephael,3,3,6
Rephay,3,0,3
Resan,3,3,6
Resat,3,0,3
Reshaun,3,0,3
Reshem,3,3,6
Reshmadebie,0,3,3
Reshmawatie,0,3,3
Reshna,0,3,3
Reshon,3,0,3
Reshwant,3,0,3
Resianne,0,3,3
Reslyn,3,3,6
Resmiye,0,3,3
Reto,3,0,3
Retta,0,3,3
Retxu,3,0,3
Reurdina,0,3,3
Révano,3,0,3
Rève,0,3,3
Revée,0,3,3
Revian,3,0,3
Rèvin,3,0,3
Revital,0,3,3
Rewana,0,3,3
Reweena,0,3,3
Rewena,0,3,3
Rewert,3,0,3
Reyad,3,3,6
Reylen,3,0,3
Reynaert,3,0,3
Reynardus,3,0,3
Reynderdt,3,0,3
Reynoudt,3,0,3
Reyya,0,3,3
Rezk,3,0,3
Rezon,3,0,3
Rezwaan,3,3,6
Rhanna,0,3,3
Rheinhard,3,0,3
Rheya,0,3,3
Rhijnus,3,0,3
Rhina,0,3,3
Rhodante,0,3,3
Rhodi,3,3,6
Rhodia,0,3,3
Rhodina,0,3,3
Rhodyn,3,3,6
Rhonald,3,0,3
Rhonan,3,0,3
Rhonja,0,3,3
Rhonyl,3,0,3
Rhoxane,0,3,3
Rhyanna,0,3,3
Rhylana,0,3,3
Rhylee,0,3,3
Riaas,3,0,3
Rianchelo,3,0,3
Riander,3,3,6
Riandro,3,0,3
Riangela,0,3,3
Rianti,0,3,3
Ribal,3,3,6
Ribca,0,3,3
Riben,3,0,3
Ricado,3,0,3
Ricardino,3,0,3
Ricca,0,3,3
Ricciardo,3,0,3
Rice,3,3,6
Richaina,0,3,3
Richaldo,3,0,3
Richanella,0,3,3
Richard-Jan,3,0,3
Richél,3,3,6
Richela,0,3,3
Richèle,3,3,6
Richelly,0,3,3
Richenald,3,0,3
Richendy,3,0,3
Richerda,0,3,3
Richina,0,3,3
Richinella,0,3,3
Richlinde,0,3,3
Richma,0,3,3
Ricka,0,3,3
Rickwin,3,0,3
Ricoberto,3,0,3
Riddhima,0,3,3
Riddli,0,3,3
Ridia,0,3,3
Ridney,3,0,3
Ridoin,3,0,3
Riechard,3,0,3
Rieda,3,3,6
Rief,3,0,3
Riekelina,0,3,3
Riekelt-Jan,3,0,3
Rielke,3,3,6
Riembertha,0,3,3
Riemerus,3,0,3
Riën,3,3,6
Rienck,3,0,3
Rienk-Jan,3,0,3
Rienkjen,0,3,3
Rienna,0,3,3
Rieuwke,3,3,6
Riewiena,0,3,3
Rifa,3,3,6
Rigillio,3,0,3
Rigine,0,3,3
Riglen,3,0,3
Rihame,0,3,3
Rijairo,3,0,3
Rijcke,3,3,6
Rijckje,0,3,3
Rijertje,0,3,3
Rijkes,3,0,3
Rijklof,3,0,3
Rijmpko,3,0,3
Rijnerius,3,0,3
Rijnerus,3,0,3
Rijnna,0,3,3
Rijno,3,0,3
Rijnoldus,3,0,3
Rijnsina,0,3,3
Rijoneldit,0,3,3
Rikelina,3,3,6
Riken,3,0,3
Rikske,0,3,3
Rikstia,0,3,3
Riktia,0,3,3
Riku,3,0,3
Rikward,3,0,3
Rileigh,3,3,6
Rilley,3,0,3
Rimi,0,3,3
Rimka,0,3,3
Rimma,0,3,3
Rimpke,0,3,3
Rinaad,0,3,3
Rinaigel,3,0,3
Rinaldina,0,3,3
Rince,3,3,6
Rindu,3,3,6
Riné,3,3,6
Rinelle,0,3,3
Rinja,0,3,3
Rinjani,3,3,6
Rinn,3,3,6
Rinnertje,0,3,3
Rinschje,0,3,3
Rinz,3,0,3
Rinzke,0,3,3
Rinzo,3,0,3
Rionel,3,0,3
Riony,3,3,6
Rischma,0,3,3
Rishania,0,3,3
Rishena,0,3,3
Rishendly,3,0,3
Rishendrick,3,0,3
Rishentely,3,3,6
Rishently,3,0,3
Rishikoemar,3,0,3
Rishinel,3,0,3
Rishvant,3,0,3
Rishyan,3,0,3
Risie,3,0,3
Rispa,0,3,3
Riswan,3,0,3
Ritaaj,0,3,3
Ritage,0,3,3
Riteshkumar,3,0,3
Riti,0,3,3
Ritik,3,0,3
Ritishkoemar,3,0,3
Ritschie,3,0,3
Ritsger,3,0,3
Rity,0,3,3
Rivaan,3,0,3
Rivaino,3,0,3
Rivanildo,3,0,3
Rivanno,3,0,3
Rivany,3,3,6
Rivellinho,3,0,3
Rivolinio,3,0,3
Rivv,3,3,6
Riwesh,3,0,3
Riyanna,0,3,3
Riyansh,3,0,3
Roaldus,3,0,3
Roandy,3,0,3
Rob-Roy,3,0,3
Robaer,3,0,3
Robber,3,0,3
Robbertine,0,3,3
Robé,3,3,6
Robein,3,3,6
Roberdine,0,3,3
Roberthe,0,3,3
Robia,0,3,3
Robianne,0,3,3
Robiën,3,3,6
Robin-John,3,0,3
Robinder,3,0,3
Robinetta,0,3,3
Rochèl,3,3,6
Rochela,0,3,3
Rochèlle,0,3,3
Rochelli,3,3,6
Rochen,3,0,3
Rochentley,3,0,3
Rochim,3,0,3
Rochina,0,3,3
Rochusa,3,3,6
Roco,3,0,3
Rodanthe,0,3,3
Rodas,0,3,3
Rodean,3,3,6
Roderiek,3,0,3
Rodian,3,0,3
Rodinio,3,0,3
Rodja,3,0,3
Rodnie,3,0,3
Rodric,3,0,3
Rodricus,3,0,3
Rodrikus,3,0,3
Rodulfus,3,0,3
Roé,3,3,6
Roedi,3,3,6
Roedie,3,3,6
Roegsaar,0,3,3
Roehie,0,3,3
Roeleen,0,3,3
Roelefien,0,3,3
Roelffiena,0,3,3
Roelfjan,3,0,3
Roemaisa,0,3,3
Roemaysa,0,3,3
Roemert,3,0,3
Roeminie,0,3,3
Roënna,0,3,3
Roes,3,3,6
Roeselien,0,3,3
Roeslan,3,0,3
Roestam,3,0,3
Roewena,0,3,3
Rogate,0,3,3
Rogélio,3,0,3
Rogero,3,3,6
Rogger,3,3,6
Rohdé,0,3,3
Roice,3,0,3
Roimer,3,0,3
Roine,3,3,6
Róisin,0,3,3
Rokhsar,0,3,3
Rolandina,0,3,3
Rolano,3,0,3
Rolef,3,0,3
Rolf-Jan,3,0,3
Rolieke,0,3,3
Rolienke,0,3,3
Rolientje,0,3,3
Rolinca,0,3,3
Rolita,0,3,3
Rolls,3,3,6
Roly,3,3,6
Romagna,0,3,3
Romaico,3,0,3
Romaisah,0,3,3
Romal,3,3,6
Romancia,0,3,3
Romanio,3,0,3
Romarinho,3,0,3
Romayco,3,0,3
Romeisha,0,3,3
Romel,3,3,6
Romell,3,0,3
Romelo,3,0,3
Romenia,0,3,3
Romény,0,3,3
Romera,0,3,3
Romeya,0,3,3
Romeyo,3,0,3
Romijne,0,3,3
Romilia,0,3,3
Romine,0,3,3
Rominy,0,3,3
Romique,3,3,6
Romiro,3,0,3
Rommoldus,3,0,3
Rompke,3,3,6
Romptje,0,3,3
Romysa,0,3,3
Romysha,0,3,3
Ronah,0,3,3
Ronaldhino,3,0,3
Ronaldino,3,3,6
Ronanda,0,3,3
Ronando,3,0,3
Ronas,3,0,3
Ronee,3,3,6
Ronéll,0,3,3
Ronèn,3,0,3
Ronice,0,3,3
Ronna,0,3,3
Ronney,3,0,3
Ronson,3,0,3
Rooksje,0,3,3
Rookus,3,0,3
Roop,3,3,6
Roopa,0,3,3
Roos-An,0,3,3
Roos-Sanne,0,3,3
Roose,0,3,3
Roosie,0,3,3
Roosmaryn,0,3,3
Rooswitha,0,3,3
Rooza,0,3,3
Roran,3,3,6
Rorette,0,3,3
Rorry,3,0,3
Rosa-Lia,0,3,3
Rosa-linn,0,3,3
Rosa-Lyn,0,3,3
Rosa-Marijn,0,3,3
Rosalea,0,3,3
Rosaliek,0,3,3
Rosalio,3,0,3
Rosalynd,0,3,3
Rosalynde,0,3,3
Rosamond,0,3,3
Rosane,0,3,3
Rosanella,0,3,3
Rose-Linde,0,3,3
Rose-marie,0,3,3
Roseana,0,3,3
Roselein,0,3,3
Roseleine,0,3,3
Roselies,0,3,3
Roselinn,0,3,3
Rosemarein,0,3,3
Rosemaryn,0,3,3
Rosenie,0,3,3
Rosenne,0,3,3
Rosephine,0,3,3
Roseri,0,3,3
Rosewita,0,3,3
Roshaily,0,3,3
Roshanne,0,3,3
Roshantely,0,3,3
Roshany,0,3,3
Rosheen,0,3,3
Roshently,3,3,6
Roshil,3,0,3
Roshina,0,3,3
Rosianna,0,3,3
Rosiene,0,3,3
Rosilie,0,3,3
Roslan,3,0,3
Roslin,3,3,6
Rosma,0,3,3
Rosquita,0,3,3
Rossalina,0,3,3
Rossina,0,3,3
Rossita,0,3,3
Rosso,3,3,6
Rosveig,0,3,3
Roswieta,0,3,3
Rotraut,3,3,6
Röttgerus,3,0,3
Rouaa,0,3,3
Rouben,3,0,3
Rouchelle,0,3,3
Rouge,3,3,6
Rougui,0,3,3
Roukes,3,0,3
Roukje,0,3,3
Roumaïssa,0,3,3
Roumeysa,0,3,3
Rovienne,3,3,6
Rovina,0,3,3
Rowayne,3,3,6
Rowda,0,3,3
Rowdi,3,0,3
Rowendley,3,0,3
Rowiena,0,3,3
Rowine,0,3,3
Roxaine,0,3,3
Roxani,0,3,3
Roxas,3,0,3
Roxina,0,3,3
Royane,0,3,3
Royani,3,3,6
Royelle,0,3,3
Royson,3,0,3
Rozali,0,3,3
Rozaliena,0,3,3
Rozalynn,0,3,3
Rozano,3,3,6
Rozay,3,3,6
Rozelotte,0,3,3
Rozem,0,3,3
Rozemarein,0,3,3
Rozemond,0,3,3
Rozemyn,0,3,3
Rozerîn,0,3,3
Rozh,3,3,6
Rozia,0,3,3
Rozie,0,3,3
Rózsi,0,3,3
Rozwita,0,3,3
Ruanne,0,3,3
Ruari,3,3,6
Rubar,3,3,6
Rubby,3,3,6
Rüben,3,0,3
Rubena,0,3,3
Ruberthus,3,0,3
Rubiah,0,3,3
Rubiëlla,0,3,3
Ruçhan,3,0,3
Ruchan,3,0,3
Ruchil,3,0,3
Ruchira,0,3,3
Rucilla,0,3,3
Rud,3,3,6
Rudan,3,0,3
Rudangelo,3,0,3
Rudayna,0,3,3
Rudbert,3,0,3
Ruddi,3,3,6
Ruderika,0,3,3
Rüdi,3,0,3
Rudiana,0,3,3
Rudolfien,0,3,3
Rudolfiena,0,3,3
Rudovicus,3,0,3
Rudre,3,0,3
Ruendy,3,0,3
Ruengelo,3,0,3
Rufai,3,3,6
Rugebrecht,3,0,3
Rugero,3,0,3
Rugina,0,3,3
Ruhne,3,3,6
Rukan,3,3,6
Rukh,3,0,3
Rukhmini,0,3,3
Rukia,0,3,3
Rukmani,0,3,3
Ruksaar,0,3,3
Rüküye,0,3,3
Ruma,3,3,6
Rumaysha,0,3,3
Rúnar,3,0,3
Runi,3,3,6
Ruqayah,0,3,3
Rusel,3,3,6
Rushainy,0,3,3
Rushantely,0,3,3
Rushika,0,3,3
Rusker,3,0,3
Ruslana,0,3,3
Rustica,0,3,3
Rústico,3,3,6
Rustom,3,3,6
Rutera,0,3,3
Rutgeria,0,3,3
Ruthgerda,0,3,3
Ruthgeris,3,0,3
Ruthmus,3,0,3
Ruthson,3,0,3
Rutsker,3,0,3
Ruudje,0,3,3
Ruurdsje,0,3,3
Ruven,3,0,3
Rüveyde,0,3,3
Ruwaidah,0,3,3
Ruweda,0,3,3
Ruwendy,3,0,3
Ruwensly,3,0,3
Ružena,0,3,3
Ruziye,0,3,3
Rwan,0,3,3
Ryani,3,3,6
Rycardo,3,0,3
Rye,3,3,6
Ryelle,0,3,3
Ryer,3,0,3
Ryesha,0,3,3
Ryjanne,0,3,3
Ryken,3,0,3
Ryoneldit,0,3,3
Rys,3,0,3
Ryshana,0,3,3
Ryuji,3,0,3
Ryva,3,3,6
Ryvana,0,3,3
Ryviano,3,0,3
Ra'el,3,0,3
Ra'isa,0,3,3
Ra'oef,3,0,3
Raadjkumar,3,0,3
Raahil,3,0,3
Raaike,0,3,3
Raajveer,3,0,3
Raami,3,0,3
Raanan,3,0,3
Raasjida,0,3,3
Raazieq,3,0,3
Rababe,0,3,3
Rabanna,3,3,6
Rabekka,0,3,3
Rabeya,0,3,3
Rabiaka,3,0,3
Rabidath,3,0,3
Rabii,3,0,3
Rabinah,0,3,3
Rabindersingh,3,0,3
Rabindre,3,0,3
Racelle,0,3,3
Rachaad,3,0,3
Rachaan,3,0,3
Rachaell,0,3,3
Rachaelle,0,3,3
Rachalle,0,3,3
Racheeda,0,3,3
Rachelda,0,3,3
Racheli,0,3,3
Rachelli,0,3,3
Racheny,0,3,3
Rachima,0,3,3
Rachinus,3,0,3
Raciël,0,3,3
Raciëlla,0,3,3
Racime,3,0,3
Racine,3,0,3
Racquelle,0,3,3
Radan,3,0,3
Radda,0,3,3
Radhadevi,0,3,3
Radhakrishnan,3,0,3
Radharani,0,3,3
Radhesh,3,0,3
Radhima,0,3,3
Radija,0,3,3
Radivoje,3,0,3
Radiyah,0,3,3
Radjanie,0,3,3
Radjend,3,0,3
Radjenderkoemar,3,0,3
Radjendrakumar,3,0,3
Radjeshkoemar,3,0,3
Radjeskumar,3,0,3
Radjief,3,0,3
Radjijem,3,0,3
Radjindernath,3,0,3
Radjindersingh,3,0,3
Radjinie,0,3,3
Radjkamal,3,0,3
Radjnesh,3,0,3
Radjnish,3,0,3
Radman,3,0,3
Radmerdina,0,3,3
Radolfus,3,0,3
Radoslav,3,0,3
Radosław,3,0,3
Radwane,3,0,3
Radya,3,3,6
Raeanne,0,3,3
Raechelle,0,3,3
Raelan,3,0,3
Raelene,0,3,3
Raeley,3,3,6
Raema,0,3,3
Raemy,3,0,3
Raënen,0,3,3
Raevyn,0,3,3
Rafaelito,3,0,3
Rafani,0,3,3
Rafeh,3,0,3
Rafella,0,3,3
Raffaélla,0,3,3
Raffaëlo,3,0,3
Rafick,3,0,3
Rafida,0,3,3
Rafieqa,0,3,3
Rafih,3,0,3
Rafiki,3,0,3
Rafinho,3,0,3
Rafiou,3,0,3
Rafles,3,0,3
Rafsan,3,0,3
Rafshan,3,0,3
Rafshana,0,3,3
Ragaa,0,3,3
Ragan,3,3,6
Raghanie,0,3,3
Raghavsingh,3,0,3
Ragheed,3,3,6
Ragi,3,0,3
Ragin,3,3,6
Ragmar,3,3,6
Ragnvald,3,0,3
Ragoebiersaran,3,0,3
Ragoenath,3,0,3
Rahab,0,3,3
Rahad,3,0,3
Rahajoe,0,3,3
Rahama,3,3,6
Rahida,0,3,3
Rahiet,3,0,3
Rahile,0,3,3
Rahimagatoen,0,3,3
Rahiq,3,3,6
Rahmah,0,3,3
Rahmana,0,3,3
Rahmen,3,3,6
Rahmo,0,3,3
Rahula,3,0,3
Raiana,0,3,3
Raichelo,3,0,3
Raiesha,0,3,3
Raïesha,0,3,3
Raigan,3,0,3
Raijmonda,0,3,3
Raijmonde,0,3,3
Raikel,3,0,3
Raila,0,3,3
Railley,3,0,3
Raillyson,3,0,3
Raim,3,0,3
Raïm,3,0,3
Raïma,0,3,3
Raima,0,3,3
Rainell,3,0,3
Raini,3,3,6
Rainiero,3,0,3
Raino,3,0,3
Rainoldus,3,0,3
Rainor,3,0,3
Raïsh,3,0,3
Raishar,3,0,3
Raishridevi,0,3,3
Raisy,0,3,3
Raíza,0,3,3
Rajaan,3,3,6
Rajai,3,0,3
Rajdew,3,0,3
Rajdkumar,3,0,3
Rajeena,0,3,3
Rajehs,3,0,3
Rajendre,3,0,3
Rajhan,3,3,6
Rajhen,3,0,3
Rajinderkumar,3,0,3
Rajino,3,0,3
Rajnee,0,3,3
Rajsrie,0,3,3
Rajvinder,3,3,6
Rajwant,3,3,6
Raka,3,3,6
Rakeeb,3,0,3
Rakiem,3,0,3
Raklo,3,0,3
Raksana,0,3,3
Ralco,3,0,3
Ralisha,0,3,3
Ralphe,3,0,3
Ralphine,0,3,3
Ramasan,3,0,3
Ramatou,0,3,3
Ramberta,0,3,3
Rambertus,3,0,3
Ramchandra,3,0,3
Ramcharan,3,0,3
Rameen,3,3,6
Ramela,0,3,3
Ramessar,3,0,3
Ramezan,3,0,3
Ramharak,3,0,3
Ramiar,3,0,3
Ramie,3,0,3
Ramila,0,3,3
Ramine,0,3,3
Ramir,3,0,3
Ramisha,0,3,3
Ramiya,0,3,3
Ramkisoor,3,0,3
Ramkoemarie,0,3,3
Ramlakhan,3,0,3
Rammona,0,3,3
Ramnaresh,3,0,3
Ramoe,3,0,3
Ramonah,0,3,3
Rampertap,3,0,3
Ramraj,3,0,3
Ramsahay,3,0,3
Ramu,3,3,6
Ramyra,0,3,3
Ramzie,3,0,3
Ranaa,0,3,3
Ranah,0,3,3
Ranaya,0,3,3
Ranbir,3,3,6
Ranchita,0,3,3
Rancy,3,3,6
Randah,0,3,3
Randhirkoemar,3,0,3
Randhirsingh,3,0,3
Randjen,3,0,3
Randjenie,0,3,3
Randjieta,0,3,3
Randjietkoemar,3,0,3
Randjietsing,3,0,3
Randle,3,0,3
Raneesha,0,3,3
Raneshkumar,3,0,3
Rangco,3,0,3
Ranger,3,0,3
Ranghild,0,3,3
Rangi,3,0,3
Raniah,0,3,3
Ranicha,0,3,3
Ranieri,3,0,3
Ranija,0,3,3
Ranjanadevi,0,3,3
Ranjay,3,0,3
Ranje,3,3,6
Ranjeetsingh,3,0,3
Ranjith,3,0,3
Ranjna,0,3,3
Ranjni,0,3,3
Ranomie,0,3,3
Ranou,0,3,3
Ranoushka,0,3,3
Ransingh,3,0,3
Ransome,3,0,3
Ranti,3,0,3
Rantje,0,3,3
Ranwier,3,0,3
Raoëll,3,0,3
Raof,3,0,3
Raöl,3,0,3
Raouae,0,3,3
Raoül,3,0,3
Raouya,0,3,3
Raphaèl,3,3,6
Raphi,3,0,3
Raphie,3,3,6
Raphy,3,0,3
Raschel,0,3,3
Raschella,0,3,3
Raschia,0,3,3
Rasella,0,3,3
Rasesh,3,0,3
Rashani,0,3,3
Rashaya,0,3,3
Rashèl,0,3,3
Rashell,0,3,3
Rashely,0,3,3
Rashi,0,3,3
Rashief,3,0,3
Rashieka,0,3,3
Rashiet,3,0,3
Rashil,3,0,3
Rashina,0,3,3
Rashudy,0,3,3
Rasin,3,0,3
Rasita,0,3,3
Rasjad,3,0,3
Raslen,3,0,3
Rasminah,0,3,3
Rasmine,0,3,3
Ratnadebie,0,3,3
Ratnadewi,0,3,3
Ratnasari,0,3,3
Ratno,3,0,3
Rauan,3,3,6
Rául,3,0,3
Ravaëlla,0,3,3
Ravee,3,0,3
Ravelijn,3,3,6
Ravelli,3,3,6
Ravennah,0,3,3
Ravianne,0,3,3
Raviena,0,3,3
Ravika,0,3,3
Ravikiran,3,0,3
Ravindrakumar,3,0,3
Ravindrasingh,3,0,3
Ravindredath,3,0,3
Ravino,3,0,3
Ravion,3,3,6
Raviq,3,0,3
Ravishant,3,0,3
Ravishu,3,0,3
Ravneet,3,3,6
Rawdah,0,3,3
Rawindernath,3,0,3
Rawinesh,3,0,3
Rawinkumar,3,0,3
Rawiyah,0,3,3
Rayán,3,0,3
Raychelino,3,0,3
Raychell,3,3,6
Raychella,0,3,3
Raychen,3,0,3
Rayciano,3,0,3
Raydell,3,0,3
Raydjen,3,0,3
Raydon,3,0,3
Rayello,3,0,3
Rayensly,3,0,3
Raygel,3,0,3
Rayginio,3,0,3
Rayhanah,0,3,3
Rayish,3,0,3
Rayjano,3,0,3
Rayjen,3,0,3
Raylene,0,3,3
Raylinn,0,3,3
Raylion,3,0,3
Raylyn,3,3,6
Raymend,3,0,3
Raymil,3,0,3
Raymondi,3,0,3
Raynon,3,0,3
Rayona,0,3,3
Rayquan,3,0,3
Rayshandrick,3,0,3
Rayshelino,3,0,3
Rayshen,3,0,3
Raysrie,0,3,3
Rayssa,0,3,3
Rayvanio,3,0,3
Rayvensley,3,0,3
Rayviana,0,3,3
Rayviën,3,0,3
Rayvin,3,3,6
Rayya,0,3,3
Rayzel,0,3,3
Razaak,3,0,3
Razack,3,0,3
Razah,3,3,6
Razel,0,3,3
Razewina,0,3,3
Raziel,3,0,3
Razija,0,3,3
Razzak,3,0,3
Reaf,3,0,3
Reanata,0,3,3
Reanke,0,3,3
Reavano,3,0,3
Reay,3,3,6
Reband,3,0,3
Rebar,3,0,3
Rebas,3,0,3
Rebbeca,0,3,3
Rebble,3,3,6
Rébecca,0,3,3
Rebo,3,0,3
Rechairo,3,0,3
Recharda,0,3,3
Rechel,0,3,3
Rechelino,3,0,3
Rechie,3,0,3
Rechilio,3,0,3
Réda,3,0,3
Redda,3,0,3
Redert,3,0,3
Rederus,3,0,3
Redgy,3,0,3
Redinho,3,0,3
Redjeki,3,3,6
Redjinder,3,0,3
Redona,0,3,3
Reduwan,3,0,3
Redwaan,3,0,3
Redy,3,3,6
Redžo,3,0,3
Reemon,3,0,3
Reep,3,0,3
Reetish,3,0,3
Reetu,0,3,3
Reeves,3,0,3
Refai,3,0,3
Referinio,3,0,3
Reffles,3,0,3
Refiye,0,3,3
Refka,0,3,3
Regardo,3,0,3
Regayip,3,0,3
Reggiani,3,0,3
Régie,3,3,6
Regier,3,0,3
Regilius,3,0,3
Regimar,3,0,3
Reginetta,3,3,6
Reginhard,3,0,3
Reginho,3,0,3
Regini,0,3,3
Régino,3,0,3
Regitze,0,3,3
Regnata,0,3,3
Reguilo,3,0,3
Regulata,0,3,3
Regulo,3,0,3
Rehaam,0,3,3
Rehane,0,3,3
Rehna,0,3,3
Rehnuma,0,3,3
Rehoboth,3,3,6
Rehsma,0,3,3
Reia,0,3,3
Reianne,0,3,3
Reida,3,3,6
Reider,3,0,3
Reiger,3,3,6
Reijerke,0,3,3
Reijke,3,3,6
Reijmen,3,0,3
Reijmer,3,0,3
Reijnalda,0,3,3
Reijnanda,0,3,3
Reijnate,0,3,3
Reijnders,3,3,6
Reijneke,0,3,3
Reijnie,0,3,3
Reijnsje,0,3,3
Reijo,3,0,3
Reike,0,3,3
Reimo,3,0,3
Reinah,0,3,3
Reinarde,3,3,6
Reinatha,0,3,3
Reinauda,0,3,3
Reinboud,3,0,3
Reinbrandine,0,3,3
Reinbrandt,3,0,3
Reind-Jan,3,0,3
Reinder-Jan,3,0,3
Reindrina,0,3,3
Reindt,3,0,3
Reinee,0,3,3
Reinerd,3,0,3
Reingardis,0,3,3
Reingardus,3,0,3
Reinha,0,3,3
Reinica,0,3,3
Reiniers,3,0,3
Reiniertje,0,3,3
Reinilia,0,3,3
Reinilio,3,0,3
Reinina,0,3,3
Reinisha,0,3,3
Reinjan,3,0,3
Reinjenetta,0,3,3
Reink,3,0,3
Reinna,0,3,3
Reinoldina,0,3,3
Reinolf,3,0,3
Reinouts,3,0,3
Reinsche,3,3,6
Reinse,3,0,3
Reinsina,0,3,3
Reinuw,0,3,3
Reiriena,0,3,3
Reisa,0,3,3
Reitz,3,3,6
Réjan,3,3,6
Réjane,0,3,3
Rejane,0,3,3
Réjanne,0,3,3
Réjeanne,0,3,3
Rejjan,3,0,3
Rekar,3,0,3
Rekina,0,3,3
Rélana,0,3,3
Reli,3,3,6
Relia,0,3,3
Relisa,0,3,3
Reliza,0,3,3
Relja,3,0,3
Reman,3,3,6
Remand,3,0,3
Remas,3,0,3
Rembrant,3,0,3
Remchina,0,3,3
Remcko,3,0,3
Remco-Paul,3,0,3
Remee,0,3,3
Remendus,3,0,3
Remero,3,0,3
Remey,3,0,3
Remezan,3,0,3
Rémigius,3,0,3
Remigiusz,3,0,3
Remio,3,0,3
Remison,3,0,3
Remka,3,3,6
Remkus,3,0,3
Remmeltina,0,3,3
Remmes,3,0,3
Remmine,0,3,3
Remonde,3,3,6
Rémondo,3,0,3
Remont,3,0,3
Remse,3,3,6
Remund,3,0,3
Remundo,3,0,3
Remyo,3,0,3
Remyson,3,0,3
Réna,0,3,3
Renaat,3,0,3
Renaishely,0,3,3
Renana,0,3,3
Renanda,0,3,3
Rénas,3,3,6
Rency,3,3,6
Rend,0,3,3
Rendjani,0,3,3
René-Alexander,3,0,3
René-Marcel,3,0,3
Renéa,3,3,6
Reneè,3,0,3
Renëe,0,3,3
Renéke,0,3,3
Renes,3,3,6
Reng,3,0,3
Renge,3,0,3
Rengel,3,0,3
Rengonier,3,0,3
Renick,3,0,3
Reniek,3,3,6
Renieke,0,3,3
Reniesh,3,0,3
Renighel,3,0,3
Renkie,3,0,3
Rennes,3,0,3
Rennetje,0,3,3
Rennetta,0,3,3
Renou,0,3,3
Renoud,3,3,6
Renova,0,3,3
Rensge,0,3,3
Rensjen,0,3,3
Rent,3,0,3
Rentcius,3,0,3
Rentia,0,3,3
Renus,3,0,3
Renwer,3,0,3
Renxi,3,0,3
Renzia,0,3,3
Reo,3,0,3
Reoan,3,0,3
Reonolda,0,3,3
Rephai,3,0,3
Rephina,0,3,3
Reqillio,3,0,3
Requilda,0,3,3
Requilio,3,0,3
Resano,3,0,3
Reshani,0,3,3
Reshmy,0,3,3
Reshni,0,3,3
Resiena,0,3,3
Reşo,3,0,3
Resoul,3,0,3
Reszo,3,0,3
Retage,0,3,3
Retal,3,3,6
Retesh,3,0,3
Reth,3,0,3
Retmar,3,0,3
Retno,0,3,3
Retse,3,0,3
Revaldo,3,0,3
Revani,3,0,3
Revania,0,3,3
Reveena,0,3,3
Revillio,3,0,3
Revinio,3,0,3
Revka,0,3,3
Revlie,0,3,3
Revza,0,3,3
Rewa,3,3,6
Reween,3,0,3
Rewend,3,0,3
Rewertje,0,3,3
Rewindernath,3,0,3
Rewy,3,3,6
Rexford,3,0,3
Rexx,3,0,3
Reyana,0,3,3
Reyangelo,3,0,3
Reyanne,0,3,3
Reydan,3,3,6
Reye,3,3,6
Reyenne,0,3,3
Reyerdina,0,3,3
Reylan,3,0,3
Reylison,3,0,3
Reymar,3,0,3
Reynardo,3,0,3
Reynate,0,3,3
Reynaud,3,0,3
Reyne,3,3,6
Reynisha,0,3,3
Reyntje,0,3,3
Reysa,3,3,6
Reytse,3,0,3
Reyyân,0,3,3
Rèza,3,0,3
Rezal,3,0,3
Rezeki,3,3,6
Rezerius,3,3,6
Rhandall,3,3,6
Rheana,0,3,3
Rheanne,0,3,3
Rheba,0,3,3
Rheda,3,0,3
Rhein,3,0,3
Rheinhold,3,0,3
Rheny,0,3,3
Rhijna,0,3,3
Rhimo,0,3,3
Rhita,0,3,3
Rhive,3,0,3
Rhiver,3,0,3
Rhoderique,3,0,3
Rhodin,3,3,6
Rhon,3,0,3
Rhony,3,3,6
Rhowdy,3,0,3
Rhuan,3,0,3
Rhysella,0,3,3
Rhyss,3,0,3
Rhythm,3,3,6
Ri-An,0,3,3
Ri-an,0,3,3
Riandra,0,3,3
Rianty,0,3,3
Riany,0,3,3
Ribas,3,0,3
Riber,3,3,6
Riberto,3,0,3
Riborg,0,3,3
Ricardi,3,3,6
Ricardis,3,3,6
Richaan,3,0,3
Richael,3,3,6
Richandley,3,0,3
Richando,3,0,3
Richanna,0,3,3
Richardes,3,0,3
Richards,3,0,3
Richayen,3,0,3
Richayna,0,3,3
Riché,0,3,3
Richeira,0,3,3
Richelda,0,3,3
Richellethy,0,3,3
Richenal,3,0,3
Richendrick,3,0,3
Richentley,3,0,3
Richildis,0,3,3
Richinald,3,0,3
Richinello,3,0,3
Richmon,3,0,3
Richmonda,0,3,3
Richnald,3,0,3
Richolt,3,0,3
Richon,3,0,3
Richtina,0,3,3
Rickley,3,0,3
Ridde,3,0,3
Ridho,3,0,3
Ridian,0,3,3
Ridiën,3,3,6
Ridolf,3,0,3
Ridolof,3,0,3
Ridwana,0,3,3
Ridwane,3,0,3
Rie-Janne,0,3,3
Rie-Jeanne,0,3,3
Rieca,3,3,6
Riecardo,3,0,3
Riechel,3,0,3
Riecky,0,3,3
Riedo,3,3,6
Riedwaan,3,0,3
Riegardus,3,0,3
Riejette,0,3,3
Riekina,0,3,3
Rieksje,3,3,6
Riemera,0,3,3
Riemerdina,0,3,3
Riemertje,0,3,3
Rienardus,3,0,3
Rienella,0,3,3
Rienia,0,3,3
Riënk,3,0,3
Riënna,0,3,3
Riennus,3,0,3
Riënse,3,0,3
Riënts,3,0,3
Rientsje,0,3,3
Riepkje,0,3,3
Riesa,0,3,3
Riesja,3,3,6
Rieske,3,3,6
Rieteshkoemar,3,0,3
Rieuwertien,0,3,3
Rieuwertje,0,3,3
Rifaa,3,3,6
Rifaaqat,3,0,3
Rifaaz,3,0,3
Rifana,0,3,3
Rifano,3,0,3
Rifaz,3,0,3
Rigalda,0,3,3
Rigard,3,0,3
Rigera,0,3,3
Riggerdina,0,3,3
Rigiena,0,3,3
Rigoletto,3,0,3
Rigon,3,0,3
Rihanne,0,3,3
Rijanda,0,3,3
Rijandi,3,0,3
Rijay,3,0,3
Rijckert,3,0,3
Rijcklof,3,0,3
Rijco,3,0,3
Rijkland,0,3,3
Rijma,3,3,6
Rijmertje,0,3,3
Rijnalda,0,3,3
Rijnanda,0,3,3
Rijneke,0,3,3
Rijnelda,0,3,3
Rijngje,0,3,3
Rijnhold,3,0,3
Rijnia,0,3,3
Rijnofke,0,3,3
Rijnold,3,0,3
Rijnoud,3,0,3
Rijnoutje,0,3,3
Rijny,3,3,6
Rijo,3,3,6
Rijpkje,0,3,3
Rijtze,3,0,3
Rijza,0,3,3
Rikaart,3,3,6
Rikarda,0,3,3
Rikelt,3,0,3
Rikkerdt,3,0,3
Rikseliena,0,3,3
Rikskelina,0,3,3
Rikstelina,0,3,3
Riksteline,0,3,3
Rilane,0,3,3
Rilaysha,0,3,3
Rileyson,3,0,3
Rilke,3,3,6
Rimalda,0,3,3
Rimario,3,0,3
Rimca,0,3,3
Rimelia,0,3,3
Rimie,3,3,6
Rimmertje,0,3,3
Rimona,0,3,3
Rinah,0,3,3
Rinaichel,3,0,3
Rinaila,0,3,3
Rinalde,0,3,3
Rinaldine,0,3,3
Rinan,3,3,6
Rinat,3,3,6
Rinayla,0,3,3
Rinaysha,0,3,3
Rinderdina,0,3,3
Rindi,3,3,6
Rindom,3,0,3
Rined,0,3,3
Rinee,3,3,6
Rinem,3,3,6
Ringco,3,0,3
Ringenaldus,3,0,3
Rinji,3,0,3
Rinkina,0,3,3
Rinolda,0,3,3
Rinoldus,3,0,3
Rinschke,0,3,3
Rinse-Jan,3,0,3
Rints,3,3,6
Rinu,3,3,6
Rinza,0,3,3
Ríona,0,3,3
Rione,3,3,6
Riorden,3,0,3
Ripka,0,3,3
Ripke,0,3,3
Ripko,3,0,3
Riquensley,3,0,3
Riquet,3,0,3
Risay,3,0,3
Rischa,0,3,3
Rise,3,3,6
Rish,3,0,3
Rishandra,0,3,3
Rishaniya,0,3,3
Rishanya,0,3,3
Risheyna,0,3,3
Rishmawatie,0,3,3
Rishwant,3,0,3
Rishwen,3,0,3
Risi,3,0,3
Risiomaro,3,0,3
Risko,3,0,3
Rislan,0,3,3
Risley,3,0,3
Risse,3,3,6
Rissiena,0,3,3
Rist,3,0,3
Ritan,3,3,6
Ritchi,3,0,3
Ritej,0,3,3
Ritesch,3,0,3
Ritin,3,0,3
Ritisch,3,0,3
Riton,3,0,3
Ritsaerd,3,0,3
Ritty,3,3,6
Ritumala,0,3,3
Ritus,3,0,3
Ritwa,0,3,3
Ritz,3,3,6
Ritzerd,3,0,3
Riu,3,3,6
Rivai,3,3,6
Rivairo,3,0,3
Rivaldi,3,0,3
Rivallino,3,0,3
Rivanio,3,0,3
Rivanna,0,3,3
Rivar,3,0,3
Rivaro,3,0,3
Rivca,0,3,3
Rivers,3,3,6
Rivian,3,3,6
Riwa,0,3,3
Riwash,3,0,3
Riwert,3,0,3
Riwish,3,0,3
Riwkah,0,3,3
Rixje,0,3,3
Riyadi,3,0,3
Riyairo,3,0,3
Riyasat,3,0,3
Riyesh,3,0,3
Riyu,3,0,3
Rizette,0,3,3
Rizlaine,0,3,3
Rizq,3,0,3
Rizvi,3,3,6
Rizze,3,3,6
Ro-Angel,3,0,3
Roady,3,0,3
Roah,3,3,6
Roalda,0,3,3
Roandro,3,0,3
Roaske,0,3,3
Roaya,0,3,3
Robab,0,3,3
Robair,3,0,3
Robbert-Frank,3,0,3
Robbert-Johan,3,0,3
Robbertina,0,3,3
Robbey,3,3,6
Robbina,0,3,3
Robelys,0,3,3
Robêr,3,0,3
Robert-Peter,3,0,3
Robert-Wim,3,0,3
Roberts,3,3,6
Robiana,0,3,3
Robiena,0,3,3
Robijntje,0,3,3
Robinthe,0,3,3
Robjan,3,0,3
Roble,3,0,3
Roburt,3,0,3
Robus,3,0,3
Roby-Lynn,0,3,3
Robyan,3,3,6
Rocé,3,0,3
Rocella,0,3,3
Rochaily,0,3,3
Rochanne,0,3,3
Rochèle,0,3,3
Rochélle,0,3,3
Rochelly,0,3,3
Rochely,0,3,3
Rochendrick,3,0,3
Rochendro,3,0,3
Rochero,3,0,3
Rochester,3,0,3
Rochiano,3,0,3
Rochier,3,0,3
Rochmat,3,0,3
Rocka,0,3,3
Rocke,3,0,3
Rocker,3,3,6
Rockson,3,0,3
Rodaba,0,3,3
Roddick,3,0,3
Rodencio,3,0,3
Rodensio,3,0,3
Roderigo,3,0,3
Roderika,0,3,3
Rodewald,3,0,3
Rodî,3,0,3
Rodien,3,3,6
Rodisha,0,3,3
Rodjen,3,3,6
Rodolphina,0,3,3
Rodolpho,3,0,3
Rodriqo,3,0,3
Roea,0,3,3
Roebijn,0,3,3
Roebin,3,0,3
Roebina,0,3,3
Roebinah,0,3,3
Roebinem,0,3,3
Roeda,3,3,6
Roefie,3,3,6
Roefje,0,3,3
Roekimin,3,0,3
Roel-Peter,3,0,3
Roelanne,0,3,3
Roelco,3,0,3
Roelena,0,3,3
Roelfin,3,3,6
Roelftje,0,3,3
Roelijne,0,3,3
Roelin,0,3,3
Roelindis,3,3,6
Roëlja,0,3,3
Roellina,0,3,3
Roeloffientje,0,3,3
Roelofiene,0,3,3
Roelofinus,3,0,3
Roelofphina,0,3,3
Roelon,3,3,6
Roeloph,3,0,3
Roelynn,0,3,3
Roemana,0,3,3
Roemy,3,3,6
Roëna,0,3,3
Roenoldus,3,0,3
Roepa,0,3,3
Roepwatie,0,3,3
Roewela,0,3,3
Roey,3,0,3
Rofano,3,0,3
Rogée,3,3,6
Rogêr,3,0,3
Rogiernetta,0,3,3
Roginio,3,0,3
Rohaja,0,3,3
Rohankoemar,3,0,3
Rohena,0,3,3
Rohenne,0,3,3
Rohey,0,3,3
Rohi,3,3,6
Rohie,3,3,6
Rohien,3,0,3
Rohinidevi,0,3,3
Rohitas,3,0,3
Rohitash,3,0,3
Rohitkoemar,3,0,3
Rohy,3,0,3
Roien,3,0,3
Roísín,0,3,3
Rojani,3,3,6
Rojanne,0,3,3
Rojano,3,0,3
Rojava,3,3,6
Rojdan,0,3,3
Rojenna,0,3,3
Rojna,0,3,3
Rojo,3,0,3
Rojwan,3,0,3
Rojyar,3,0,3
Rokea,0,3,3
Rokes,3,0,3
Rokhaya,0,3,3
Roki,3,0,3
Rokie,0,3,3
Rokisha,0,3,3
Roksanna,0,3,3
Rokya,0,3,3
Roland-Jan,3,0,3
Roldi,3,0,3
Roletta,0,3,3
Rolette,0,3,3
Roley,3,3,6
Rolian,3,0,3
Rolihlahla,3,0,3
Rolinha,0,3,3
Roloff,3,0,3
Rolyne,0,3,3
Romaino,3,0,3
Romalda,0,3,3
Romanah,0,3,3
Romanee,0,3,3
Romanic,3,0,3
Romanza,0,3,3
Romaric,3,0,3
Romaris,3,3,6
Romayke,0,3,3
Romayna,0,3,3
Romaysaa,0,3,3
Rombaut,3,0,3
Roméa,0,3,3
Romeine,0,3,3
Romeiro,3,0,3
Romejo,3,0,3
Romelda,0,3,3
Romensio,3,0,3
Roméro,3,0,3
Romeyssa,0,3,3
Romijndert,3,0,3
Romino,3,0,3
Romkina,0,3,3
Rompkje,0,3,3
Romualdis,3,3,6
Rómulo,3,0,3
Romy-Ann,0,3,3
Romy-Anne,0,3,3
Romy-Lynn,0,3,3
Romynke,0,3,3
Ronaily,0,3,3
Ronaldiño,3,0,3
Ronaldy,3,3,6
Ronata,0,3,3
Rondek,0,3,3
Rondy,3,3,6
Ronèl,3,3,6
Ronès,3,0,3
Ronesca,0,3,3
Roneske,0,3,3
Ronic,3,3,6
Ronieke,0,3,3
Roniel,3,0,3
Ronke,3,3,6
Ronnay,3,0,3
Roo,3,3,6
Roobert,3,0,3
Rooble,3,0,3
Roodi,3,0,3
Roody,3,0,3
Roopeshkumar,3,0,3
Roos-Marieke,0,3,3
Roosalina,0,3,3
Roosan,0,3,3
Roosardus,3,0,3
Roosemarijn,0,3,3
Roosevelt,3,3,6
Roosien,0,3,3
Rooslien,0,3,3
Roosmarein,0,3,3
Roosmaria,0,3,3
Roosmina,0,3,3
Rooswita,0,3,3
Rooy,3,3,6
Roq,3,0,3
Roqayah,0,3,3
Roquensley,3,0,3
Rordy,3,0,3
Rós,0,3,3
Rosa-Anna,0,3,3
Rosa-Anne,0,3,3
Rosa-Julia,0,3,3
Rosaira,0,3,3
Rosala,0,3,3
Rosales,3,3,6
Rosalijne,0,3,3
Rosalotte,0,3,3
Rosalva,0,3,3
Rosamelia,0,3,3
Rosamund,0,3,3
Rosari,0,3,3
Rosarita,0,3,3
Rosas,3,3,6
Rose-Marieke,0,3,3
Rose-Marij,0,3,3
Rosea,0,3,3
Roseangela,0,3,3
Rosefina,0,3,3
Rosèl,0,3,3
Roselani,0,3,3
Roseli,0,3,3
Roselita,0,3,3
Rosell,3,3,6
Roselot,0,3,3
Rosemarye,0,3,3
Rosemintje,0,3,3
Rosenkrantz,3,3,6
Roshailey,0,3,3
Roshaina,0,3,3
Rosham,3,0,3
Roshanak,0,3,3
Roshanara,0,3,3
Roshankoemar,3,0,3
Roshankumar,3,0,3
Roshanty,0,3,3
Roshaya,0,3,3
Roshayro,3,0,3
Roshendley,3,0,3
Rosheyno,3,0,3
Roshilde,0,3,3
Roshine,3,3,6
Roshita,0,3,3
Roshni-Devi,0,3,3
Roshvita,0,3,3
Roshylo,3,0,3
Rosiane,0,3,3
Rosiënne,0,3,3
Rosientje,0,3,3
Rosil,0,3,3
Rosimbo,3,0,3
Rosindo,3,0,3
Rosinha,0,3,3
Rosio,0,3,3
Rösken,3,0,3
Roslina,0,3,3
Rosly,0,3,3
Rosmira,0,3,3
Rosolino,3,0,3
Rosse,3,3,6
Rossel,3,3,6
Rostrup,3,3,6
Rosvita,0,3,3
Roswell,3,0,3
Rothilde,0,3,3
Rotny,3,0,3
Rottier,3,0,3
Rouaïda,0,3,3
Roudina,0,3,3
Roudy,3,0,3
Rouen,3,0,3
Roufail,3,3,6
Rougé,3,0,3
Rouhia,0,3,3
Roukia,0,3,3
Roumelia,0,3,3
Rouw,3,3,6
Rovi,3,3,6
Rovine,0,3,3
Rovinesh,3,0,3
Rovinio,3,0,3
Row,3,3,6
Rowad,3,0,3
Rowaine,0,3,3
Rowane,0,3,3
Rowani,0,3,3
Rowayn,3,0,3
Rowenta,0,3,3
Rowesh,3,0,3
Rowijn,3,0,3
Rowinder,3,0,3
Rowisha,0,3,3
Rowita,0,3,3
Rowna,0,3,3
Roxcy,0,3,3
Roxean,0,3,3
Roxelane,0,3,3
Roxella,0,3,3
Roxelle,0,3,3
Roxèn,0,3,3
Roxianne,0,3,3
Royi,3,0,3
Roystan,3,0,3
Rozalija,0,3,3
Rozalyn,0,3,3
Rozamarijn,0,3,3
Rozamunde,0,3,3
Rozane,0,3,3
Rozaria,0,3,3
Rozarita,0,3,3
Rozavilla,0,3,3
Rozayro,3,0,3
Rozda,0,3,3
Rozel,0,3,3
Rozemary,0,3,3
Rozen,3,3,6
Rozhin,0,3,3
Rozi,3,3,6
Rozwitha,0,3,3
Rron,3,0,3
Rstam,3,0,3
Ru-Ann,0,3,3
Ruadhán,3,0,3
Ruairi,3,0,3
Ruardi,3,0,3
Ruaridh,3,0,3
Rubano,3,0,3
Rubecca,0,3,3
Rubeena,0,3,3
Ruberdina,0,3,3
Rubiella,0,3,3
Rubien,0,3,3
Rubienna,0,3,3
Rubinald,3,0,3
Rubino,3,0,3
Rubinta,0,3,3
Rubiya,0,3,3
Rubrecht,3,0,3
Ruby-Lee,0,3,3
Rubyn,3,3,6
Rubyna,0,3,3
Ruchella,0,3,3
Ruchendel,3,0,3
Ruchenne,3,3,6
Rudchen,3,0,3
Rude,3,3,6
Rudea,0,3,3
Rudeger,3,0,3
Ruderikus,3,3,6
Rudia,0,3,3
Rudley,3,0,3
Rudolf-Jan,3,0,3
Rudolp,3,0,3
Rudolphes,3,0,3
Rudwin,3,0,3
Rudya,0,3,3
Rue,3,3,6
Rufa,3,3,6
Rufaidah,0,3,3
Rufi,3,3,6
Rufo,3,0,3
Rufta,0,3,3
Rugene,3,0,3
Rugeyye,0,3,3
Rugier,3,0,3
Ruginio,3,0,3
Ruï,3,3,6
Ruí,3,0,3
Ruig,3,0,3
Ruis,3,3,6
Ruiten,3,0,3
Ruja,3,3,6
Rukaiya,0,3,3
Rukhmani,0,3,3
Rukiah,0,3,3
Rukija,0,3,3
Rukshar,0,3,3
Rulina,0,3,3
Ruloffina,0,3,3
Rulon,3,0,3
Rumaan,0,3,3
Rumaysah,0,3,3
Rumayssa,0,3,3
Rumé,3,3,6
Rumelia,0,3,3
Rumet,3,3,6
Rumex,3,0,3
Rumeyda,0,3,3
Rumeyza,0,3,3
Rumondo,3,0,3
Rumy,3,3,6
Rûna,0,3,3
Rüna,0,3,3
Rúna,0,3,3
Runald,3,0,3
Runny,3,0,3
Runo,3,0,3
Runold,3,0,3
Runolda,0,3,3
Rupen,3,0,3
Rupeshkumar,3,0,3
Rupinder,0,3,3
Rus,3,0,3
Rusela,0,3,3
Rusella,0,3,3
Rüşen,3,3,6
Rushali,0,3,3
Rushana,0,3,3
Rushanley,3,0,3
Rushendy,3,0,3
Rushon,3,0,3
Rusilla,0,3,3
Rusje,0,3,3
Ruslanovna,0,3,3
Rusmini,0,3,3
Rústica,0,3,3
Rutcher,3,0,3
Rutgeera,0,3,3
Rutgerda,0,3,3
Rutgers,3,0,3
Ruthgardus,3,0,3
Ruthi,3,3,6
Ruthine,0,3,3
Ruthly,0,3,3
Rutilio,3,0,3
Rutina,0,3,3
Ruub,3,0,3
Ruurderikus,3,0,3
Ruus,3,0,3
Rűveyda,0,3,3
Ruviengelo,3,0,3
Ruviënska,0,3,3
Ruwell,3,0,3
Ruwendly,3,0,3
Ruwendrick,3,0,3
Ruwengelo,3,0,3
Ruza,0,3,3
Ruzena,0,3,3
Růžena,0,3,3
Ruzica,0,3,3
Ry-Ann,0,3,3
Rya,0,3,3
Ryaaz,3,0,3
Ryam,3,0,3
Ryan-Jay,3,0,3
Ryane,0,3,3
Ryannah,0,3,3
Rychenda,3,3,6
Ryciano,3,0,3
Ryck,3,0,3
Rycklef,3,0,3
Rycko,3,0,3
Ryclef,3,0,3
Rycolt,3,0,3
Ryenne,0,3,3
Ryjan,3,3,6
Rykiel,3,3,6
Ryklef,3,0,3
Ryklof,3,0,3
Ryland,3,0,3
Rymkje,0,3,3
Rymo,3,0,3
Rymon,3,0,3
Ryna,0,3,3
Rynel,3,0,3
Rynette,0,3,3
Ryoma,3,0,3
Ryshaino,3,0,3
Ryshandro,3,0,3
Ryshawn,3,0,3
Ryson,3,0,3
Ryuu,3,0,3
Ryvan,3,0,3
Ryvanno,3,0,3
Ryvi,3,0,3
R'Kia,0,3,3
R'shano,3,0,3
Ra'ad,3,0,3
Ra'ees,3,0,3
Ra'isha,0,3,3
Ra'oof,3,0,3
Ra'Shawn,3,0,3
Ra-ies,3,0,3
Ra-naijah,0,3,3
Ra-oef,3,0,3
Raabah,3,3,6
Raacha,0,3,3
Raadiyah,0,3,3
Raadjnie,0,3,3
Raafje,0,3,3
Raafke,0,3,3
Raajkumari,0,3,3
Raakhee,0,3,3
Raakhi,0,3,3
Raamin,3,0,3
Raan,3,3,6
Raana,0,3,3
Raangelina,0,3,3
Raangko,3,0,3
Raanie,0,3,3
Raaniya,0,3,3
Raashni,0,3,3
Raasti,0,3,3
Raave,3,3,6
Raay,3,3,6
Raayan,3,0,3
Rabail,0,3,3
Rabani,3,0,3
Rabanus,3,0,3
Rabar,3,0,3
Rabbany,3,0,3
Rabe,0,3,3
Rabeaa,0,3,3
Rabeel,3,3,6
Rabeha,0,3,3
Rabèn,0,3,3
Rabertus,3,0,3
Rabi'a,0,3,3
Rabié,3,0,3
Rabinderkoemar,3,0,3
Rabitjander,3,0,3
Rabo,3,0,3
Rabsha,3,0,3
Raceda,0,3,3
Racer,3,0,3
Rachäel,0,3,3
Rachaela,0,3,3
Rachanon,3,0,3
Rachèd,3,0,3
Râchel,0,3,3
Rachèla,0,3,3
Rachéla,0,3,3
Rachelien,0,3,3
Rachëlle,0,3,3
Rachem,0,3,3
Rachen,3,0,3
Rachendel,3,0,3
Rachenie,0,3,3
Rachenna,0,3,3
Rachiem,3,0,3
Rachild,0,3,3
Rachilda,0,3,3
Rachira,0,3,3
Rachit,3,0,3
Rachmana,0,3,3
Rachmano,3,0,3
Rachmayanti,0,3,3
Rachni,0,3,3
Rachyd,3,0,3
Racia,0,3,3
Racida,0,3,3
Racied,3,0,3
Raclo,3,0,3
Raclou,3,0,3
Radah,0,3,3
Radamez,3,0,3
Radbod,3,0,3
Radbouda,0,3,3
Radegunde,0,3,3
Radegundis,3,0,3
Radegundus,3,3,6
Radenka,0,3,3
Radger,3,0,3
Radhamés,3,0,3
Radheshwari,0,3,3
Radhey,0,3,3
Radhikesh,3,0,3
Radhwan,3,0,3
Radhya,0,3,3
Radian,3,0,3
Radiel,3,0,3
Radigondus,3,0,3
Radim,3,0,3
Radinck,3,0,3
Radinem,0,3,3
Radinka,0,3,3
Radiša,3,3,6
Radisav,3,3,6
Radiye,0,3,3
Radjak,3,0,3
Radjana,0,3,3
Radjdei,0,3,3
Radjenderkumar,3,0,3
Radjeshkumar,3,0,3
Radjif,3,0,3
Radjimin,3,0,3
Radjindrakoemar,3,0,3
Radjindrepersad,3,0,3
Radjiskoemar,3,0,3
Radjiskumar,3,0,3
Radjivkoemar,3,0,3
Radjivkumar,3,0,3
Radjkoemari,0,3,3
Radjkoemarsingh,3,0,3
Radjnarain,3,0,3
Radjnee,0,3,3
Radjneesh,3,3,6
Radjosky,3,0,3
Radjpal,3,0,3
Radjpersad,3,0,3
Radjshrie,0,3,3
Radjsingh,3,0,3
Radjvi,0,3,3
Radka,0,3,3
Radnadewi,0,3,3
Radoika,0,3,3
Radoin,3,0,3
Radolfo,3,0,3
Radonja,0,3,3
Radoslavov,3,0,3
Radoslaw,3,0,3
Radostinov,3,0,3
Radouen,3,0,3
Radoyca,0,3,3
Radulfes,3,0,3
Raduwan,3,0,3
Radwah,0,3,3
Radwell,3,0,3
Radwin,3,0,3
Raé,3,3,6
Raechell,0,3,3
Raèd,3,0,3
Raefon,3,0,3
Raeka,0,3,3
Raél,3,0,3
Raëla,0,3,3
Raeleigh,0,3,3
Raëli,3,3,6
Raëlla,0,3,3
Raemond,3,3,6
Raèn,3,0,3
Raena,0,3,3
Raeni,0,3,3
Raesita,0,3,3
Raevin,3,0,3
Raewyn,0,3,3
Raeyen,3,0,3
Rafaèla,0,3,3
Rafaeli,0,3,3
Rafaeline,0,3,3
Rafaèlla,0,3,3
Rafaélla,0,3,3
Rafaëllio,3,0,3
Rafaëlo,3,0,3
Rafaïet,3,0,3
Rafaïl,3,0,3
Rafainy,0,3,3
Rafaja,0,3,3
Rafalito,3,0,3
Rafat,3,3,6
Rafeal,3,0,3
Rafeeq,3,0,3
Rafef,0,3,3
Rafela,0,3,3
Rafelina,0,3,3
Rafelino,3,0,3
Rafey,3,0,3
Raffaél,3,0,3
Raffaèlla,0,3,3
Raffaelle,3,3,6
Raffalo,3,0,3
Raffe,3,0,3
Raffel,3,0,3
Raffele,3,0,3
Raffell,3,0,3
Raffica,0,3,3
Raffiëlla,0,3,3
Rafhay,3,0,3
Rafiâ,0,3,3
Rafian,3,0,3
Rafieka,0,3,3
Rafin,3,0,3
Rafino,3,0,3
Rafiu,3,0,3
Rafiwu,3,0,3
Rafne,0,3,3
Rafour,3,0,3
Rafzana,0,3,3
Ragaei,3,3,6
Ragai,3,0,3
Ragchelina,0,3,3
Ragcher,3,0,3
Ragchuel,0,3,3
Ragel,0,3,3
Ragela,0,3,3
Raghavendra,3,0,3
Raghd,0,3,3
Raghinie,0,3,3
Raghmani,3,0,3
Ragilda,0,3,3
Ragilio,3,0,3
Raginier,3,0,3
Raginus,3,0,3
Raglan,3,0,3
Ragmad,3,0,3
Ragman,3,0,3
Ragnhilda,0,3,3
Ragnilde,0,3,3
Ragnulfa,0,3,3
Ragnvalt,3,0,3
Ragnwald,3,0,3
Ragon,3,3,6
Ragonde,0,3,3
Raguël,3,0,3
Raguela,0,3,3
Rahadyan,3,0,3
Rahaël,3,3,6
Rahaman,3,3,6
Rahamat,3,0,3
Rahamatali,3,0,3
Rahanie,0,3,3
Rahardjo,3,0,3
Raharipet,3,0,3
Rahed,3,0,3
Raheema,0,3,3
Raheil,3,0,3
Rahéla,0,3,3
Rahem,3,0,3
Rahend,3,0,3
Rahet,3,0,3
Rahielagatoen,0,3,3
Rahill,3,3,6
Rahimbaks,3,0,3
Rahimenur,0,3,3
Rahit,3,0,3
Rahja,3,3,6
Rahkeem,3,0,3
Rahmani,0,3,3
Rahmania,0,3,3
Rahmat-Ali,3,0,3
Rahmatali,3,0,3
Rahmlee,3,0,3
Rahmona,0,3,3
Rahoz,3,0,3
Rahwa,0,3,3
Rahwana,0,3,3
Raices,0,3,3
Raichela,0,3,3
Raichelle,0,3,3
Raichiano,3,0,3
Raichid,3,0,3
Raiderick,3,0,3
Raidley,3,0,3
Raido,3,0,3
Raie,3,3,6
Raiëf,3,0,3
Raien,3,0,3
Raiën,3,0,3
Raiena,0,3,3
Raife,0,3,3
Raighne,3,0,3
Raign,0,3,3
Raigy,3,0,3
Raihanah,0,3,3
Raihane,0,3,3
Raii,3,0,3
Raij,3,3,6
Raijnerius,3,0,3
Raijshri,0,3,3
Railinsio,3,0,3
Railison,3,0,3
Raillio,3,0,3
Raimando,3,0,3
Raimar,3,0,3
Raime,3,3,6
Raimen,3,0,3
Raimey,3,0,3
Raimiel,3,0,3
Raimildo,3,0,3
Raimke,0,3,3
Raimundes,3,0,3
Raimyson,3,0,3
Raïn,3,0,3
Rainaldus,3,0,3
Rainbeau,0,3,3
Raincy,3,3,6
Raindolf,3,3,6
Rainelda,0,3,3
Rainerio,3,0,3
Rainiel,3,0,3
Rainierus,3,0,3
Rainilda,0,3,3
Rainon,3,0,3
Raion,3,0,3
Raís,3,3,6
Raïsah,0,3,3
Raisel,3,0,3
Raish,3,0,3
Raishani,0,3,3
Raishano,3,0,3
Raishantely,0,3,3
Raishelino,3,0,3
Raishendrick,3,0,3
Raisheri,0,3,3
Raishna,0,3,3
Raisie,0,3,3
Raisja,0,3,3
Raisjerie,0,3,3
Raisley,3,0,3
Raisri,0,3,3
Raisrie,0,3,3
Raíssa,0,3,3
Raivano,3,0,3
Raive,3,3,6
Raiver,3,0,3
Raivey,3,0,3
Raiviën,3,0,3
Raiviëndro,3,0,3
Raiviëntly,3,0,3
Raiyano,3,0,3
Raj-Anand,3,0,3
Raj-Kumar,3,0,3
Rajaâ,0,3,3
Rajack,3,0,3
Rajanidevi,0,3,3
Rajaram,3,0,3
Rajasthan,3,0,3
Rajdee,0,3,3
Rajeevkapoor,3,0,3
Rajendren,3,0,3
Rajeshvari,0,3,3
Rajeshwari,3,3,6
Rajeshwarie,0,3,3
Rajev,3,0,3
Rajhni,0,3,3
Rajia,0,3,3
Rajinderdath,3,0,3
Rajindersingh,3,0,3
Rajindrakumar,3,0,3
Rajis,3,0,3
Rajit,3,0,3
Rajjan,3,0,3
Rajkiran,3,0,3
Rajlakshmie,0,3,3
Rajoy,3,3,6
Rajpatie,0,3,3
Rajsa,0,3,3
Rajshridevi,0,3,3
Rajstree,0,3,3
Rajveersingh,3,0,3
Rajwantidevi,0,3,3
Rakaan,3,0,3
Rakad,3,3,6
Rakea,3,3,6
Rakeb,0,3,3
Rakesch,3,0,3
Rakeshpersad,3,0,3
Rakeshwar,3,0,3
Rakha,3,0,3
Rakhal,3,0,3
Rakhes,3,0,3
Rakhie,0,3,3
Rakhshan,3,0,3
Raki,0,3,3
Rakib,3,0,3
Rakisha,0,3,3
Rakishkoemar,3,0,3
Raksa,0,3,3
Rakshak,3,0,3
Rakshan,3,0,3
Rakshaya,0,3,3
Rakya,0,3,3
Rald,3,0,3
Ralda,0,3,3
Raleigh,3,3,6
Ralff,3,0,3
Ralia,0,3,3
Ralicia,0,3,3
Ralinka,0,3,3
Ralissa,0,3,3
Ralita,0,3,3
Ralitza,0,3,3
Ralna,0,3,3
Ralp,3,0,3
Ralph-Pieter,3,0,3
Ralycia,0,3,3
Ramaan,3,0,3
Ramache,3,3,6
Ramada,0,3,3
Ramadani,3,3,6
Ramadhani,3,3,6
Ramadhin,3,3,6
Ramai,3,0,3
Ramaka,0,3,3
Ramanjit,3,3,6
Ramat,3,3,6
Ramatoulai,0,3,3
Ramatoulay,0,3,3
Ramatulai,0,3,3
Ramautar,3,0,3
Rambert,3,0,3
Rambharos,3,0,3
Rambod,3,0,3
Ramchan,3,0,3
Ramdan,3,0,3
Ramdea,0,3,3
Ramdee,0,3,3
Ramdien,3,0,3
Ramdjas,3,0,3
Ramdjassingh,3,0,3
Ramdoelari,0,3,3
Ramdulary,0,3,3
Rame,3,0,3
Rameeza,0,3,3
Raméla,0,3,3
Ramelia,0,3,3
Ramelle,0,3,3
Ramen,3,0,3
Ramendra,3,0,3
Rames,3,0,3
Rameshkoemar,3,0,3
Ramfis,3,0,3
Ramgolam,3,0,3
Ramiah,3,3,6
Ramian,3,0,3
Ramiendra,0,3,3
Ramiez,3,0,3
Ramil,3,0,3
Ramilda,0,3,3
Ramilson,3,0,3
Raminderpersad,3,0,3
Raminta,0,3,3
Ramise,0,3,3
Ramish,3,0,3
Ramito,3,0,3
Ramiye,0,3,3
Ramkalie,0,3,3
Ramkaran,3,0,3
Ramli,3,3,6
Rammener,3,0,3
Rammi,3,3,6
Rammohan,3,0,3
Ramnarian,3,0,3
Ramneek,3,0,3
Ramonde,0,3,3
Ramondus,3,0,3
Ramonja,0,3,3
Ramonsito,3,0,3
Ramony,0,3,3
Ramou,3,3,6
Rampatia,0,3,3
Ramperkash,3,0,3
Rampiari,0,3,3
Ramprabhu,0,3,3
Rampriet,3,0,3
Ramrati,0,3,3
Rams,3,0,3
Ramsahai,3,0,3
Ramsaroep,3,0,3
Ramsi,3,0,3
Ramsing,3,0,3
Ramveer,3,0,3
Ramzaan,3,0,3
Ranae,0,3,3
Ranaisha,0,3,3
Ranaldo,3,0,3
Ranapertap,3,0,3
Ranaysha,0,3,3
Ranca,3,3,6
Rances,3,0,3
Ranchel,3,0,3
Rancya,0,3,3
Randäll,3,0,3
Randazzo,3,0,3
Randee,3,0,3
Randeep,3,3,6
Randier,3,0,3
Randirsing,3,0,3
Randish,3,0,3
Randjai,3,0,3
Randjani,0,3,3
Randjanidevi,0,3,3
Randjeeta,0,3,3
Randjena,0,3,3
Randjeni,0,3,3
Randjina,0,3,3
Randjnie,0,3,3
Randold,3,0,3
Randsley,3,0,3
Rané,3,0,3
Raneal,3,0,3
Raneem,0,3,3
Raneshkoemar,3,0,3
Raney,3,0,3
Raneysha,0,3,3
Rangelo,3,0,3
Rangsri,3,0,3
Raniero,3,0,3
Raniëro,3,0,3
Raniesh,3,0,3
Raniesha,0,3,3
Ranime,0,3,3
Ranique,0,3,3
Ranjeetadebie,0,3,3
Ranjeetkumar,3,0,3
Ranjeev,3,0,3
Ranjenie,0,3,3
Ranji,3,0,3
Ranjiet,3,0,3
Ranjil,0,3,3
Ranjitkumar,3,0,3
Ranjitsingh,3,0,3
Ranjot,3,0,3
Ranki,3,0,3
Ranking,3,0,3
Rannah,0,3,3
Rannathiëlle,0,3,3
Rannie,0,3,3
Ranoeshka,0,3,3
Ransford,3,0,3
Ransing,3,0,3
Ranuda,0,3,3
Ranuka,0,3,3
Ranulph,3,0,3
Ranuna,0,3,3
Ranveersing,3,0,3
Ranx,3,0,3
Ranyan,3,3,6
Ranysha,0,3,3
Raon,3,0,3
Raonar,3,0,3
Raony,3,3,6
Raoua,0,3,3
Raoudha,0,3,3
Raoüf,3,0,3
Raóul,3,0,3
Raoúl,3,0,3
Raoxshna,0,3,3
Raphâel,3,0,3
Ráphael,3,0,3
Raphaele,0,3,3
Raphaelina,0,3,3
Raphaèlla,0,3,3
Raphano,3,0,3
Raphelle,0,3,3
Raphinia,0,3,3
Rapiah,0,3,3
Rapkje,0,3,3
Rappolt,3,3,6
Rapunzel,0,3,3
Raqieb,3,0,3
Raqiel,3,0,3
Raqiem,3,0,3
Raqisha,0,3,3
Raqiya,0,3,3
Raquél,0,3,3
Raquël,3,3,6
Raqyn,3,0,3
Rardy,3,0,3
Rarevu,3,0,3
Rasaek,3,0,3
Rasaul,3,0,3
Rascilla,0,3,3
Rase,3,0,3
Rasem,3,3,6
Rashaana,0,3,3
Rashaen,3,0,3
Rashai,3,3,6
Rashailo,3,0,3
Rashaily,0,3,3
Rashainely,0,3,3
Rashanda,0,3,3
Rashann,3,0,3
Rashawna,0,3,3
Rasheedy,0,3,3
Rasheet,3,0,3
Rashela,0,3,3
Rasheron,3,0,3
Rashidagatoen,0,3,3
Rashidat,0,3,3
Rashiedagatoen,0,3,3
Rashiela,0,3,3
Rashiena,0,3,3
Rashinie,0,3,3
Rashiño,3,0,3
Rashiq,3,0,3
Rashir,3,0,3
Rashiva,3,3,6
Rashleigh,3,0,3
Rashley,3,3,6
Rashma,0,3,3
Rashmil,3,0,3
Rashnadevi,0,3,3
Rashnadevie,0,3,3
Rasho,3,0,3
Rashri,0,3,3
Rashrie,0,3,3
Rashvin,3,0,3
Rashwien,3,0,3
Rashwina,0,3,3
Rasi,3,0,3
Rasiel,3,3,6
Rasiet,3,0,3
Rasima,0,3,3
Rasina,0,3,3
Rasjaan,3,0,3
Rasjell,0,3,3
Rasjhied,3,0,3
Rasjida,0,3,3
Rask,0,3,3
Rasker,3,0,3
Raslan,3,0,3
Rasmia,0,3,3
Rasmin,3,3,6
Rasmina,0,3,3
Raso,3,0,3
Raspalje,3,0,3
Rassan,3,3,6
Rasta,3,0,3
Rasuinus,3,0,3
Rasyid,3,0,3
Ratana,0,3,3
Ratchanon,3,0,3
Rateb,3,0,3
Rateel,0,3,3
Rathan,3,0,3
Rathanak,3,0,3
Rathankumar,3,0,3
Rathnadevi,0,3,3
Rathnawatie,0,3,3
Ratika,0,3,3
Ratil,0,3,3
Ratisha,0,3,3
Ratna-Devi,0,3,3
Ratnadebi,0,3,3
Ratnakar,3,0,3
Ratnam,0,3,3
Ratnavali,0,3,3
Rattu,3,3,6
Ratwine,0,3,3
Raudhi,3,0,3
Raûl,3,0,3
Râul,3,0,3
Raulin,3,0,3
Raunaq,3,0,3
Rauza,0,3,3
Ravaasna,0,3,3
Ravaello,3,0,3
Ravana,0,3,3
Ravanelli,3,0,3
Ravania,0,3,3
Ravanno,3,0,3
Ravayo,3,0,3
Ravda,0,3,3
Raveenkumar,3,0,3
Ravelin,3,0,3
Ravelino,3,0,3
Ravelyn,0,3,3
Ravèn,3,0,3
Ravenn,0,3,3
Raveyna,0,3,3
Ravida,0,3,3
Raviëlle,0,3,3
Raviën,3,0,3
Raviënne,0,3,3
Raviero,3,0,3
Ravikesh,3,0,3
Ravil,3,0,3
Raviluxan,3,3,6
Ravinandan,3,0,3
Ravindrasing,3,0,3
Ravindresingh,3,0,3
Ravinkumar,3,0,3
Ravinthiran,3,0,3
Raviola,0,3,3
Ravipersad,3,0,3
Ravisingh,3,0,3
Ravleen,0,3,3
Ravyan,3,3,6
Ravyar,3,0,3
Ravzagül,0,3,3
Raw,3,0,3
Rawdon,3,0,3
Raweno,3,0,3
Rawia,0,3,3
Rawih,3,0,3
Rawinash,3,0,3
Rawinderpersad,3,0,3
Rawindersingh,3,0,3
Rawindrenath,3,0,3
Rawishan,3,0,3
Rawitha,0,3,3
Rawn,3,0,3
Rawy,3,0,3
Ray-Gilliano,3,0,3
Ray-Jan,3,0,3
Ray-Jayden,3,0,3
Ray-Jean,3,0,3
Ray-Juan,3,0,3
Ray-Shawn,3,0,3
Rayah,3,3,6
Rayaleh,3,0,3
Rayangely,0,3,3
Rayansh,3,0,3
Rayban,3,0,3
Raybert,3,0,3
Rayce,3,3,6
Raycheline,0,3,3
Raychelle,0,3,3
Raychiano,3,0,3
Rayda,0,3,3
Raydan,3,0,3
Raydel,3,0,3
Raydianne,3,3,6
Raydin,3,0,3
Raydolin,0,3,3
Raydrick,3,0,3
Rayeano,3,0,3
Rayek,3,0,3
Rayela,0,3,3
Rayender,3,0,3
Rayendo,3,0,3
Rayendra,3,3,6
Rayene,3,3,6
Rayensley,3,0,3
Rayentely,3,3,6
Rayently,3,0,3
Rayer,3,0,3
Rayesh,3,0,3
Rayette,0,3,3
Rayfano,3,0,3
Raygan,3,0,3
Raygello,3,0,3
Raygino,3,0,3
Rayife,0,3,3
Rayiha,0,3,3
Rayin,3,0,3
Rayisa,0,3,3
Rayjan,3,0,3
Rayleyson,3,0,3
Raylian,3,0,3
Raylicho,3,0,3
Raylina,0,3,3
Raylinio,3,0,3
Raylisa,0,3,3
Raylivien,3,3,6
Raylo,3,0,3
Raylynn,0,3,3
Rayma,0,3,3
Raymano,3,0,3
Rayme,3,0,3
Raymely,0,3,3
Raymian,3,0,3
Raymison,3,0,3
Raymón,3,0,3
Raymond-Michel,3,0,3
Raymondine,0,3,3
Raymy,3,0,3
Raynaichelo,3,0,3
Raynalda,0,3,3
Raynaldus,3,0,3
Raynan,3,0,3
Raynelle,0,3,3
Rayneria,0,3,3
Raynerus,3,0,3
Rayni,3,0,3
Raynice,0,3,3
Rayniece,0,3,3
Raynilda,0,3,3
Raynisha,0,3,3
Raynison,3,0,3
Raysam,3,0,3
Rayselinio,3,0,3
Rayshaira,0,3,3
Rayshandro,3,0,3
Rayshantely,0,3,3
Rayshell,3,3,6
Rayshella,0,3,3
Rayshelon,3,0,3
Rayshently,3,0,3
Rayston,3,0,3
Rayta,0,3,3
Raytiënne,3,0,3
Rayvalino,3,0,3
Rayvan,3,0,3
Rayvana,0,3,3
Rayvanjo,3,0,3
Rayvino,3,0,3
Raywin,3,0,3
Rayyane,3,0,3
Rayyen,3,0,3
Rayzo,3,0,3
Rayzon,3,0,3
Razaa,3,0,3
Razaq,3,0,3
Razaz,0,3,3
Razeea,0,3,3
Razeena,0,3,3
Razida,0,3,3
Razie,0,3,3
Raziela,0,3,3
Raziena,0,3,3
Razine,3,0,3
Raziq,3,0,3
Razo,3,0,3
Razu,3,0,3
Razwana,0,3,3
Razzaqi,3,0,3
Razzley,3,0,3
Razzo,3,0,3
Rchid,3,0,3
Rduan,3,0,3
Re'jeano,3,0,3
Ready,3,0,3
Reagel,3,0,3
Reaggan,0,3,3
Realine,0,3,3
Reality,3,3,6
Ream,0,3,3
Reamonn,3,0,3
Reancheney,0,3,3
Reangela,0,3,3
Réangelo,3,0,3
Reanka,0,3,3
Réann,0,3,3
Réanna,0,3,3
Réano,3,0,3
Reava,3,3,6
Reavi,3,0,3
Reb,3,3,6
Rebab,0,3,3
Rebah,0,3,3
Rébanna,3,3,6
Rebbeka,0,3,3
Rebby,3,3,6
Rebca,0,3,3
Rebeh,0,3,3
Rebekkus,3,0,3
Rèbel,0,3,3
Rébel,3,3,6
Rebert,3,0,3
Rebia,0,3,3
Rebinder,3,0,3
Reboir,3,0,3
Recaldo,3,0,3
Recayi,3,0,3
Recha,3,3,6
Rechailo,3,0,3
Rechal,3,3,6
Réchano,3,0,3
Recheline,0,3,3
Rechielle,3,3,6
Rechina,0,3,3
Rechine,0,3,3
Recia,0,3,3
Recilio,3,0,3
Recina,0,3,3
Recinio,3,0,3
Recy,0,3,3
Reda-Amin,3,0,3
Redar,3,0,3
Redeeris,3,0,3
Redemtus,3,0,3
Rederik,3,0,3
Redger,3,0,3
Redgey,3,0,3
Rediena,0,3,3
Rediet,0,3,3
Rédinio,3,0,3
Redjinio,3,0,3
Redjo,3,0,3
Redny,3,0,3
Redoine,3,0,3
Redrick,3,0,3
Redson,3,0,3
Reduane,3,0,3
Redur,3,0,3
Redvers,3,0,3
Redward,3,0,3
Redwart,3,0,3
Reegan,3,3,6
Reeltsje,0,3,3
Reelyson,3,0,3
Reemer,3,0,3
Reempt,3,0,3
Reenard,3,0,3
Reendine,0,3,3
Reenhilde,0,3,3
Reeni,0,3,3
Reeno,3,0,3
Reent,3,0,3
Reenu,0,3,3
Reeny,0,3,3
Reesy,0,3,3
Reeuwerd,3,0,3
Reevan,3,0,3
Reevy,3,3,6
Refaey,3,0,3
Refajah,3,3,6
Refaya,3,3,6
Refelinio,3,0,3
Refet,3,0,3
Refles,3,0,3
Refshaan,3,0,3
Régan,3,0,3
Regar,3,0,3
Regenald,3,0,3
Regenia,0,3,3
Reger,3,3,6
Regerus,3,0,3
Reggey,3,0,3
Reggiana,0,3,3
Reggianni,3,0,3
Reggiano,3,0,3
Reggilio,3,0,3
Reggino,3,0,3
Reghina,0,3,3
Régiano,3,0,3
Regida,0,3,3
Regiela,0,3,3
Regielio,3,0,3
Regilda,0,3,3
Régilio,3,0,3
Réginald,3,0,3
Reginardus,3,0,3
Reginata,0,3,3
Regineke,0,3,3
Regines,3,0,3
Reginita,0,3,3
Reginoldus,3,0,3
Reginyo,3,0,3
Regit,3,3,6
Regla,3,3,6
Regna,0,3,3
Regnaldus,3,0,3
Regobertus,3,0,3
Regtjen,0,3,3
Regulia,0,3,3
Regulinda,0,3,3
Regulio,3,0,3
Régy,3,0,3
Regyna,0,3,3
Rehabeam,3,0,3
Rehap,0,3,3
Rehdy,3,0,3
Rehiem,3,0,3
Rehim,3,0,3
Rehina,0,3,3
Reidy,3,3,6
Reïer,3,0,3
Reiërina,0,3,3
Reigh,3,3,6
Reighley,3,0,3
Reihaana,0,3,3
Reijan,3,0,3
Reijerdinand,3,0,3
Reijerinus,3,0,3
Reijette,0,3,3
Reiji,3,0,3
Reijka,0,3,3
Reijkje,0,3,3
Reijlof,3,0,3
Reijmpje,0,3,3
Reijnald,3,0,3
Reijnaldo,3,0,3
Reijnaldus,3,0,3
Reijnderd,3,0,3
Reijnilda,0,3,3
Reijnko,3,0,3
Reijnout,3,0,3
Reijntjen,0,3,3
Reikje,0,3,3
Reil,3,0,3
Reila,0,3,3
Reilif,3,0,3
Reilof,3,0,3
Reim,3,3,6
Reimerd,3,0,3
Reimkea,0,3,3
Reimonde,0,3,3
Reimt,3,0,3
Reimunda,3,3,6
Rein-Willem,3,0,3
Reinaardus,3,0,3
Reinaer,3,0,3
Reinande,0,3,3
Reinas,3,0,3
Reinatta,0,3,3
Reinaut,3,0,3
Reinbertina,0,3,3
Reinbertus,3,0,3
Reinburgje,0,3,3
Reinda,0,3,3
Reindera,0,3,3
Reinderik,3,0,3
Reindrik,3,0,3
Reineda,0,3,3
Reineria,0,3,3
Reineris,3,0,3
Reineth,0,3,3
Reingarda,0,3,3
Reinhaard,3,0,3
Reinhardine,0,3,3
Reinhartdina,0,3,3
Reinhildis,0,3,3
Reinicus,3,0,3
Reiniere,0,3,3
Reinik,3,0,3
Reinine,0,3,3
Reininke,0,3,3
Reiniro,3,0,3
Reinka,0,3,3
Reinmina,0,3,3
Reinnard,3,0,3
Reinnardes,3,0,3
Reinnette,0,3,3
Reinniera,0,3,3
Reinoeka,0,3,3
Reinof,3,0,3
Reinolde,0,3,3
Reinoudina,0,3,3
Reintine,0,3,3
Reintse,0,3,3
Reinus,3,0,3
Reinville,3,0,3
Reinzina,0,3,3
Reiza,0,3,3
Rejain,0,3,3
Rejean,3,0,3
Réjean,3,0,3
Rejeandell,3,0,3
Rejeki,0,3,3
Rejeno,3,0,3
Rejesh,3,0,3
Rejier,3,0,3
Rejoyce,0,3,3
Rekasha,0,3,3
Rekeshkoemar,3,0,3
Reki,3,0,3
Reko,3,0,3
Rélano,3,0,3
Relena,0,3,3
Relf,3,0,3
Relicia,0,3,3
Relicio,3,0,3
Relie,0,3,3
Relis,3,0,3
Relisha,0,3,3
Relissa,0,3,3
Relle,3,3,6
Relomé,0,3,3
Relyson,3,0,3
Remae,3,3,6
Remaily,0,3,3
Remanda,0,3,3
Remani,0,3,3
Remanus,3,3,6
Remao,3,0,3
Remarc,3,0,3
Remarque,3,3,6
Remaya,0,3,3
Rembardina,0,3,3
Remcolina,0,3,3
Remda,0,3,3
Remdan,3,0,3
Remedio,0,3,3
Remédios,3,3,6
Remegiüs,3,0,3
Remeis,3,0,3
Remello,3,0,3
Remer,3,0,3
Remesh,3,0,3
Remetta,0,3,3
Remgedina,0,3,3
Remick,3,0,3
Remieg,3,0,3
Remiek,3,0,3
Remiel,3,0,3
Remiël,3,0,3
Remier,3,0,3
Remildo,3,0,3
Remilia,0,3,3
Remis,3,0,3
Remisha,0,3,3
Remkeline,0,3,3
Remkin,0,3,3
Remkjen,0,3,3
Remmechina,0,3,3
Remmel,3,0,3
Remmeliena,0,3,3
Remmelts,3,0,3
Remmert-Karst,3,0,3
Remmertdina,0,3,3
Remmertgina,0,3,3
Remmertina,0,3,3
Remmi,0,3,3
Remmolt,3,0,3
Remön,3,0,3
Rémonde,0,3,3
Rémondus,3,0,3
Remonus,3,3,6
Rempco,3,0,3
Rempe,3,0,3
Rempke,3,3,6
Rempkje,0,3,3
Remses,3,0,3
Remsi,3,0,3
Remtje,0,3,3
Remualdo,3,0,3
Remunda,3,3,6
Remy-Martin,3,0,3
Renah,0,3,3
Renaishka,0,3,3
Renaldeau,3,0,3
Renaldy,3,0,3
Rènata,0,3,3
Rènate,0,3,3
Renate-Christina,0,3,3
Renate-Maria,0,3,3
Renathus,3,3,6
Renauld,3,0,3
Renayla,0,3,3
Renaylison,3,0,3
Renciana,0,3,3
Rencita,0,3,3
Rendah,0,3,3
Rendal,3,0,3
Rendalina,0,3,3
Rendeline,0,3,3
Renderd,3,0,3
Rendley,3,0,3
Rendolph,3,0,3
Rénè,3,0,3
Renéetje,0,3,3
Reneira,0,3,3
Renèl,0,3,3
Renel,3,3,6
Renelius,3,0,3
Renellus,3,0,3
Renencia,0,3,3
Renès,0,3,3
Renèsmee,0,3,3
Renesto,3,0,3
Renétje,3,3,6
Rengerneres,3,0,3
Rengher,3,0,3
Rengim,3,3,6
Rengina,0,3,3
Réni,0,3,3
Renicha,0,3,3
Reniem,3,3,6
Renieres,3,3,6
Reniers,3,0,3
Reniesha,0,3,3
Renigel,3,0,3
Renina,0,3,3
Renique,3,3,6
Renirius,3,0,3
Renis,3,0,3
Renise,0,3,3
Renish,3,0,3
Renissa,0,3,3
Renitha,0,3,3
Renjetta,0,3,3
Renjiro,3,0,3
Renkolina,0,3,3
Renly,3,0,3
Rennáe,0,3,3
Renné,3,0,3
Rennéé,3,0,3
Rennée,0,3,3
Renneldina,0,3,3
Renner,3,0,3
Renners,3,0,3
Rennette,0,3,3
Renouska,0,3,3
Rensel,3,0,3
Rensely,3,0,3
Rensinius,3,0,3
Rensiska,0,3,3
Rensjan,3,0,3
Rensk,3,0,3
Renskiena,0,3,3
Renskjen,0,3,3
Rensmarijn,0,3,3
Rensy,3,3,6
Renterus,3,0,3
Rentiana,0,3,3
Rentiena,0,3,3
Rentjen,3,0,3
Renuar,3,0,3
Rénuka,0,3,3
Renuldus,3,0,3
Rény,0,3,3
Renychel,3,0,3
Renysha,0,3,3
Renyshia,0,3,3
Renze-Jan,3,0,3
Renzen,3,0,3
Renzino,3,0,3
Reoewein,3,0,3
Reona,0,3,3
Reonalda,0,3,3
Rephaël,3,0,3
Requelle,0,3,3
Requin,3,0,3
Requinho,3,0,3
Reri,0,3,3
Reşad,3,0,3
Resah,0,3,3
Resar,3,0,3
Resario,3,0,3
Rescina,0,3,3
Rese,3,0,3
Reseda,0,3,3
Réséda,0,3,3
Resen,3,0,3
Reshairo,3,0,3
Reshanie,0,3,3
Reshantely,0,3,3
Reshantly,3,3,6
Reshayen,3,0,3
Reshaylo,3,0,3
Reshi,3,0,3
Reshiel,3,0,3
Reshilton,3,0,3
Reshine,3,3,6
Reshmadevie,0,3,3
Reshmay,0,3,3
Reshwien,3,0,3
Reshyne,3,0,3
Rési,0,3,3
Reşid,3,0,3
Resilda,0,3,3
Resime,0,3,3
Resita,0,3,3
Resitha,0,3,3
Resko,3,0,3
Resly,3,0,3
Resmawatie,0,3,3
Resmie,0,3,3
Resmin,0,3,3
Resmon,3,0,3
Resmonda,0,3,3
Resoel,3,0,3
Ressa,0,3,3
Resse,3,0,3
Restani,3,3,6
Restitutus,3,0,3
Resûl,3,0,3
Ret,3,3,6
Retag,0,3,3
Retch,3,0,3
Retchie,3,0,3
Rethsina,0,3,3
Rethy,0,3,3
Retief,3,0,3
Retish,3,0,3
Retitia,0,3,3
Retnowati,0,3,3
Rets,3,0,3
Retty,0,3,3
Reube,3,0,3
Reugene,3,0,3
Reugina,0,3,3
Reulina,0,3,3
Revah,3,3,6
Revaino,3,0,3
Revalineo,3,0,3
Revanho,3,0,3
Revaz,3,0,3
Reveano,3,0,3
Revee,0,3,3
Reveliño,3,0,3
Révelino,3,0,3
Revelinyo,3,0,3
Revell,3,0,3
Revelyno,3,0,3
Revenlino,3,0,3
Rever,3,0,3
Revero,3,0,3
Rèvi,3,0,3
Reviën,3,0,3
Revika,0,3,3
Revilinho,3,0,3
Revillino,3,0,3
Revilyno,3,0,3
Revinho,3,0,3
Revira,0,3,3
Revolinho,3,0,3
Revolinio,3,0,3
Revon,3,0,3
Revvel,0,3,3
Rewalt,3,0,3
Rewar,3,0,3
Rewatie,0,3,3
Rewienkumar,3,0,3
Rewinder,3,0,3
Rewisha,0,3,3
Rewita,0,3,3
Rewtie,3,3,6
Rexhep,3,0,3
Rexin,3,3,6
Rexley,3,0,3
Rexton,3,0,3
Rexy,3,0,3
Reyaansh,3,0,3
Reyal,3,0,3
Reyani,0,3,3
Reycan,3,3,6
Reydjano,3,0,3
Reyilio,3,0,3
Reyina,0,3,3
Reyis,3,0,3
Reyka,0,3,3
Reyke,3,3,6
Reyko,3,0,3
Reylon,3,0,3
Reymiro,3,0,3
Reymonde,0,3,3
Reynaard,3,0,3
Reynaldi,3,0,3
Reynanda,0,3,3
Reyni,0,3,3
Reyniera,0,3,3
Reynilda,0,3,3
Reynilio,3,0,3
Reynir,3,0,3
Reynirus,3,0,3
Reynt-Jan,3,0,3
Reyo,3,0,3
Reyshaino,3,0,3
Reyshalin,0,3,3
Reyshano,3,0,3
Reyshendel,3,0,3
Reyson,3,0,3
Reyven,3,0,3
Reyvi,3,0,3
Reyviano,3,0,3
Reyyanur,0,3,3
Rez,3,3,6
Rezak,3,0,3
Rézan,3,0,3
Rezar,3,0,3
Rezha,3,0,3
Rezita,0,3,3
Rezki,3,0,3
Rezlan,0,3,3
Rezvan,3,3,6
Rezza,3,0,3
Rhada,0,3,3
Rhaego,3,0,3
Rhafilio,3,0,3
Rhaima,0,3,3
Rhalf,3,0,3
Rhalia,0,3,3
Rhamina,0,3,3
Rhamon,3,0,3
Rhandell,3,3,6
Rhany,3,3,6
Rhassène,3,0,3
Rhavi,3,0,3
Rhaza,3,0,3
Rhean,3,0,3
Rhéan,3,0,3
Rheandro,3,0,3
Rhebana,0,3,3
Rheji,3,0,3
Rhemo,3,3,6
Rhemy,3,0,3
Rhewien,3,0,3
Rhidian,3,0,3
Rhien,3,0,3
Rhijnvisa,0,3,3
Rhilana,0,3,3
Rhimou,0,3,3
Rhinja,0,3,3
Rhinyo,3,0,3
RHM,3,3,6
Rhoandy,3,0,3
Rhoanne,0,3,3
Rhobert,3,0,3
Rhodanja,0,3,3
Rhodè,0,3,3
Rhodea,0,3,3
Rhodney,3,0,3
Rhodon,3,0,3
Rhodry,3,0,3
Rhomana,0,3,3
Rhomar,3,0,3
Rhomé,0,3,3
Rhomee,0,3,3
Rhoni,0,3,3
Rhose,0,3,3
Rhoswen,0,3,3
Rhowana,0,3,3
Rhowi,3,0,3
Rhowy,0,3,3
Rhoxana,0,3,3
Rhudy,3,3,6
Rhuënly,3,0,3
Rhya,0,3,3
Rhyann,3,3,6
Rhyanne,0,3,3
Rhyder,3,0,3
Rhylan,3,0,3
Rhyler,3,0,3
Rhynout,3,0,3
Rhyona,0,3,3
Rhyonnah,0,3,3
Rhyse,3,3,6
Ri-Anne,0,3,3
Ri-anne,0,3,3
Ri-el,3,0,3
Ri-ja,0,3,3
Ri-janne,0,3,3
Riada,0,3,3
Riahana,0,3,3
Rialto,3,0,3
Riama,0,3,3
Riance,3,3,6
Riandy,3,0,3
Riangely,0,3,3
Rianni,0,3,3
Rianny,0,3,3
Riantha,0,3,3
Rianthe,0,3,3
Riar,3,3,6
Riascos,3,0,3
Riazat,3,0,3
Ribeh,0,3,3
Ribian,3,0,3
Ribut,3,0,3
Ricada,0,3,3
Ricarde,3,3,6
Ricardinho,3,0,3
Ricarno,3,0,3
Ricaro,3,0,3
Richad,3,0,3
Richainel,3,0,3
Richald,3,0,3
Richandy,3,0,3
Richane,3,3,6
Richanelle,0,3,3
Richangelo,3,0,3
Richanno,3,0,3
Richantley,0,3,3
Richanty,0,3,3
Richany,0,3,3
Richar,3,0,3
Richárd,3,0,3
Richard-Paul,3,0,3
Richarno,3,0,3
Richaylee,0,3,3
Richayno,3,0,3
Richayra,0,3,3
Richeal,3,3,6
Richeano,3,0,3
Richéla,0,3,3
Richeld,3,0,3
Richeldina,0,3,3
Richeldo,3,0,3
Richéley,0,3,3
Richeliënne,0,3,3
Richelino,3,0,3
Richèll,3,3,6
Richëlle,0,3,3
Richélle,0,3,3
Richen,3,0,3
Richèn,3,0,3
Richena,0,3,3
Richenayra,0,3,3
Richendra,3,3,6
Richendrik,3,0,3
Richendro,3,0,3
Richendry,3,0,3
Richene,3,3,6
Richenela,0,3,3
Richenelo,3,0,3
Richenia,0,3,3
Richenthly,3,0,3
Richerd,3,0,3
Richerio,3,0,3
Richgiena,0,3,3
Richiangelo,3,0,3
Richiel,3,3,6
Richilda,0,3,3
Richin,3,0,3
Richine,0,3,3
Richley,3,0,3
Richmund,3,0,3
Richnell,3,0,3
Richomar,3,0,3
Richson,3,0,3
Richtrude,0,3,3
Richxaino,3,0,3
Richynel,3,0,3
Rici,3,3,6
Ricia,0,3,3
Ricias,3,0,3
Ricie,3,3,6
Ricillio,3,0,3
Rickarda,0,3,3
Rickert-Jan,3,0,3
Rickhard,3,0,3
Rickjan,3,0,3
Ricknaldo,3,0,3
Rickon,3,0,3
Rickus,3,0,3
Ricmar,3,0,3
Rico-Jay,3,0,3
Ricobert,3,0,3
Ricoh,3,0,3
Ricor,3,0,3
Ridchard,3,0,3
Ridda,3,0,3
Riddele,3,0,3
Riddhi,0,3,3
Ridel,3,0,3
Rider,3,0,3
Ridima,0,3,3
Ridinho,3,0,3
Ridjai,3,0,3
Ridoan,3,0,3
Ridoewan,3,0,3
Ridoine,3,0,3
Ridon,3,0,3
Riduwan,3,0,3
Rié,0,3,3
Riechi,3,0,3
Riecus,3,0,3
Rieëlle,0,3,3
Rieët,0,3,3
Riegette,0,3,3
Riego,3,0,3
Riehaan,3,0,3
Riehilde,0,3,3
Riejelle,0,3,3
Riejena,0,3,3
Riejenne,0,3,3
Riejonne,0,3,3
Riekeles,3,0,3
Riekelien,0,3,3
Riekesh,3,0,3
Riekman,3,0,3
Rieksina,0,3,3
Riela,0,3,3
Rielfke,0,3,3
Riëll,0,3,3
Rielle,0,3,3
Rielli,0,3,3
Riemerke,0,3,3
Riemina,0,3,3
Riemptje,0,3,3
Rienate,0,3,3
Riënce,3,0,3
Riené,3,3,6
Rienera,0,3,3
Rienesh,3,0,3
Rienet,0,3,3
Rienink,3,0,3
Rienis,3,0,3
Rienish,3,0,3
Rienkolina,0,3,3
Rienkoline,0,3,3
Rienktje,0,3,3
Riénna,0,3,3
Riense,3,0,3
Rienskjen,0,3,3
Rientina,0,3,3
Rientsz,3,0,3
Rientzen,3,0,3
Riesan,3,3,6
Riesanne,0,3,3
Riese,3,3,6
Rièt,0,3,3
Rietis,3,0,3
Rietishkoemar,3,0,3
Rietta,0,3,3
Riety,3,3,6
Rieuwerda,0,3,3
Rieuwina,0,3,3
Riev,3,3,6
Rieva,3,3,6
Riex,3,0,3
Riezal,3,0,3
Riezel,0,3,3
Rifaï,3,0,3
Rifaiz,3,0,3
Rifaqat,3,0,3
Rifayet,3,0,3
Riffe,3,0,3
Rifhat,0,3,3
Rifilino,3,0,3
Rıfkı,3,0,3
Riganda,3,3,6
Rigano,3,0,3
Rigardina,0,3,3
Rigardo,3,0,3
Rige,3,3,6
Rigene,3,0,3
Riggie,0,3,3
Riggy,3,3,6
Righairo,3,0,3
Righley,3,0,3
Righnalda,0,3,3
Righteous,3,3,6
Riginia,0,3,3
Rigitta,0,3,3
Rignold,3,0,3
Rigtjen,0,3,3
Rigzin,3,3,6
Rihaenna,0,3,3
Rihanno,3,0,3
Rihen,0,3,3
Rihlana,0,3,3
Riitta,0,3,3
Rijalda,0,3,3
Rijane,0,3,3
Rijanke,0,3,3
Rijard,3,0,3
Rijarda,0,3,3
Rijcko,3,0,3
Rijean,3,3,6
Rijfke,0,3,3
Rijgardus,3,0,3
Rijghart,3,0,3
Rijjer,3,0,3
Rijkaard,3,0,3
Rijker,3,0,3
Rijkholdt,3,0,3
Rijkholt,3,0,3
Rijkie,3,3,6
Rijkwaard,3,0,3
Rijlana,0,3,3
Rijnaard,3,0,3
Rijncen,0,3,3
Rijnera,0,3,3
Rijnette,0,3,3
Rijnhardt,3,0,3
Rijnhilde,0,3,3
Rijnsburg,3,0,3
Rik-Marijn,3,0,3
Rik-Willem,3,0,3
Rikco,3,0,3
Rikey,3,0,3
Rikkus,3,0,3
Rikle,3,0,3
Riksterus,3,0,3
Rikstine,0,3,3
Rikstinus,3,0,3
Rikstus,3,0,3
Riktje,0,3,3
Rilaino,3,0,3
Rilanda,0,3,3
Rilanna,0,3,3
Rilany,0,3,3
Rilaysa,0,3,3
Rilencio,3,0,3
Riliana,0,3,3
Riliano,3,0,3
Rilind,3,0,3
Rilinda,0,3,3
Rilla,0,3,3
Rillana,0,3,3
Rilo,3,0,3
Rilwan,3,0,3
Rimaas,0,3,3
Rimah,0,3,3
Rimal,3,3,6
Riman,3,3,6
Rimasse,0,3,3
Rimaya,0,3,3
Rimbert,3,0,3
Rimes,0,3,3
Rimkiena,0,3,3
Rimmi,3,3,6
Rimmon,3,0,3
Rimo,3,0,3
Rimpkje,0,3,3
Rimpt,3,0,3
Rimshah,0,3,3
Rinaichely,0,3,3
Rinaisa,0,3,3
Rinaishelly,0,3,3
Rinaiska,0,3,3
Rinakoemarie,0,3,3
Rinaldinho,3,0,3
Rinaldinus,3,0,3
Rinant,3,0,3
Rinardus,3,0,3
Rinasha,0,3,3
Rinath,0,3,3
Rinaya,0,3,3
Rinaysa,0,3,3
Rincewind,3,0,3
Rinchemar,3,0,3
Rinchen,3,3,6
Rincon,3,0,3
Rind,0,3,3
Rindê,0,3,3
Rindelina,0,3,3
Rinderd,3,0,3
Rineesh,3,0,3
Rinelda,0,3,3
Rinelma,0,3,3
Rinera,0,3,3
Ringel,3,3,6
Ringenera,0,3,3
Ringenier,3,0,3
Ringert,3,0,3
Ringje,0,3,3
Rinius,3,0,3
Rinkes,3,0,3
Rinki,0,3,3
Rinkjen,0,3,3
Rinks,3,0,3
Rinktje,0,3,3
Rinky,3,0,3
Rinnarda,0,3,3
Rinnaysa,0,3,3
Rinnerd,3,0,3
Rinoeka,0,3,3
Rinomar,3,0,3
Rinon,3,0,3
Rinora,0,3,3
Rinrada,0,3,3
Rinsc,0,3,3
Rinskie,0,3,3
Rinsktje,0,3,3
Rintcia,0,3,3
Rinte,0,3,3
Rinthe,3,3,6
Rintina,0,3,3
Rinyo,3,0,3
Rinze-Jan,3,0,3
Rinzen,3,3,6
Riom,3,3,6
Riomar,3,0,3
Riomi,0,3,3
Rionda,0,3,3
Rios,3,0,3
Rioz,3,0,3
Riozonna,3,0,3
Ripconatus,3,0,3
Ripkodiena,0,3,3
Rippe,3,3,6
Riprant,3,0,3
Riquelmi,3,0,3
Riquelmo,3,0,3
Risal,3,0,3
Risalet,0,3,3
Risanto,3,0,3
Rischi,3,0,3
Riselle,0,3,3
Risfina,0,3,3
Rishaant,3,0,3
Rishaaya,0,3,3
Rishaf,3,0,3
Rishai,3,0,3
Rishaily,0,3,3
Rishaindro,3,0,3
Rishainely,0,3,3
Rishaira,0,3,3
Rishane,0,3,3
Rishanella,0,3,3
Rishanne,0,3,3
Rishaylon,3,0,3
Rishayna,0,3,3
Rishaywin,3,0,3
Risheena,0,3,3
Rishem,3,0,3
Rishèn,3,0,3
Rishendley,3,0,3
Rishendo,3,0,3
Rishendro,3,0,3
Rishentley,3,0,3
Rishey,3,0,3
Rishiana,0,3,3
Rishikadevi,0,3,3
Rishiraj,3,0,3
Rishisingh,3,0,3
Rishmadebie,0,3,3
Rishmakoemarie,0,3,3
Rishmy,0,3,3
Rishomar,3,0,3
Rishona,0,3,3
Rishta,0,3,3
Rishwankoemar,3,0,3
Rishwien,3,0,3
Rishy,3,0,3
Rishyno,3,0,3
Risika,0,3,3
Rising,3,0,3
Riskia,0,3,3
Risky,3,3,6
Rismawatie,0,3,3
Rista,3,3,6
Riste,3,0,3
Ristéard,3,0,3
Ristin,0,3,3
Ritam,3,0,3
Ritanes,3,0,3
Ritasha,0,3,3
Ritcherd,3,0,3
Ritchinald,3,0,3
Ritcho,3,0,3
Ritella,0,3,3
Riteshsingh,3,0,3
Rithbertus,3,0,3
Rithesh,3,0,3
Rithushan,3,0,3
Rithvik,3,0,3
Ritie,0,3,3
Ritisha,0,3,3
Ritishkumar,3,0,3
Rito,3,0,3
Ritsa,0,3,3
Ritsart,3,0,3
Ritschke,3,0,3
Ritska,0,3,3
Rittal,0,3,3
Ritte,0,3,3
Riturajsingh,3,0,3
Ritvan,3,0,3
Ritvik,3,0,3
Ritwan,3,0,3
Ritzke,3,3,6
Ritzyano,3,0,3
Rius,3,0,3
Rivaash,3,0,3
Rivaio,3,0,3
Rivalda,0,3,3
Rivalinio,3,0,3
Rivallo,3,0,3
Rivanjo,3,0,3
Rivarna,0,3,3
Rivaylo,3,0,3
Rivaynell,3,0,3
Ríve,3,3,6
Rives,3,3,6
Rivi,3,3,6
Riviana,0,3,3
Riviënna,0,3,3
Riviëra,0,3,3
Riviera,0,3,3
Riviliano,3,0,3
Rivilinio,3,0,3
Rivilino,3,0,3
Rivollino,3,0,3
Rivon,0,3,3
Rivqa,0,3,3
Riwanja,0,3,3
Riwin,3,0,3
Rixon,3,0,3
Rixtus,3,0,3
Riyaadh,3,0,3
Riyaana,0,3,3
Riyanah,0,3,3
Riyani,0,3,3
Riyas,3,0,3
Riyen,3,0,3
Riyenna,0,3,3
Riyo,3,0,3
Rizaaq,3,0,3
Rizaël,3,0,3
Rizah,3,0,3
Rizaira,0,3,3
Rizalino,3,0,3
Rizan,3,3,6
Rizana,0,3,3
Rızgar,3,0,3
Rizhana,0,3,3
Rizka,0,3,3
Rizqi,3,0,3
Rizshaaz,3,0,3
Rizzeria,3,3,6
Rizzy,3,3,6
Rjay,3,0,3
RMH,3,3,6
Ro'chelina,0,3,3
Ro'ya,0,3,3
Ro-ann,0,3,3
Ro-Anne,0,3,3
Ro-Bert,3,0,3
Ro-Sean,3,0,3
Roaï,3,0,3
Roaitske,0,3,3
Roaldo,3,0,3
Roandley,3,0,3
Roanes,3,0,3
Roani,3,3,6
Roanice,0,3,3
Roanique,3,3,6
Roard,3,0,3
Roary,3,0,3
Roassanne,0,3,3
Robanus,3,0,3
Robar,3,0,3
Robbedoes,3,0,3
Robbelien,0,3,3
Robberd,3,0,3
Robbert-John,3,0,3
Robberth,3,0,3
Robbertien,0,3,3
Robbine,0,3,3
Robbinson,3,0,3
Robeer,3,0,3
Róben,3,3,6
Roberd,3,0,3
Roberdino,3,0,3
Robère,3,0,3
Robert-Alexander,3,0,3
Robert-Arjan,3,0,3
Robert-Edward,3,0,3
Robert-Hein,3,0,3
Robert-Hendrik,3,0,3
Robert-Henk,3,0,3
Robert-Jacob,3,0,3
Robert-Jelle,3,0,3
Robert-Jeroen,3,0,3
Robert-Jon,3,0,3
Robert-Joost,3,0,3
Robert-Luc,3,0,3
Robert-Marc,3,0,3
Robert-Mark,3,0,3
Robert-Rein,3,0,3
Robert-Roy,3,0,3
Robert-Steven,3,0,3
Robert-Tino,3,0,3
Roberthina,0,3,3
Robérto,3,0,3
Robertovna,0,3,3
Robertpierre,3,0,3
Robertsson,3,0,3
Roberty,0,3,3
Robhin,3,3,6
Robhinio,3,0,3
Robidé,3,0,3
Robiënna,0,3,3
Robiènne,0,3,3
Robil,3,0,3
Robín,3,3,6
Robin-Alexander,3,0,3
Robin-Jess,0,3,3
Robin-Lisa,0,3,3
Robin-Lynn,0,3,3
Robin-Paul,3,0,3
Robin-Peter,3,0,3
Robinah,0,3,3
Robinjo,3,0,3
Róbinn,0,3,3
Robiño,3,0,3
Robinovna,0,3,3
Robrina,0,3,3
Rocan,0,3,3
Rocaya,0,3,3
Rocchino,3,0,3
Roce,3,3,6
Rocely,0,3,3
Rochand,3,0,3
Rochandly,3,0,3
Rochandy,3,0,3
Rochanio,3,0,3
Rochardo,3,0,3
Rochayro,3,0,3
Rochdy,3,0,3
Rochè,3,0,3
Rochëaly,0,3,3
Rochean,3,3,6
Rochee,3,0,3
Rocheline,0,3,3
Róchelle,0,3,3
Rochellety,0,3,3
Rochély,0,3,3
Rochendel,3,0,3
Rochendell,3,0,3
Rochendly,3,0,3
Rochendry,3,0,3
Rochenie,0,3,3
Rochéno,3,0,3
Rochentely,0,3,3
Rochently,3,0,3
Rochéro,3,0,3
Rochers,3,0,3
Rochert,3,0,3
Rochette,0,3,3
Rochéyna,0,3,3
Rochiel,3,0,3
Rochiem,3,0,3
Rochille,0,3,3
Rochine,0,3,3
Rochinio,3,0,3
Rochmad,3,0,3
Rochmani,3,3,6
Rochni,0,3,3
Rochusina,0,3,3
Rocia,0,3,3
Rocina,0,3,3
Rocita,0,3,3
Rocki,3,3,6
Rockie,3,0,3
Rocklyn,3,3,6
Rocks,3,3,6
Roculina,0,3,3
Rodangelo,3,0,3
Rodanim,3,0,3
Rodayson,3,0,3
Rodeina,0,3,3
Roden,3,0,3
Rodericka,0,3,3
Roderickus,3,0,3
Roderico,3,0,3
Roderieke,0,3,3
Roderikus,3,0,3
Rodes,3,3,6
Rodesio,3,0,3
Rodeska,0,3,3
Rodestiny,0,3,3
Rodette,0,3,3
Rodeyna,0,3,3
Rodhé,0,3,3
Rodhi,3,0,3
Rodiano,3,0,3
Rodiël,3,0,3
Rodienne,0,3,3
Rodijna,0,3,3
Rodim,3,0,3
Rodionov,3,0,3
Rodjan,3,0,3
Rodjay,3,0,3
Rodjenairo,3,0,3
Rodjendaly,3,0,3
Rodjensley,3,0,3
Rodjero,3,0,3
Rodjina,0,3,3
Rodo,3,0,3
Rodolfe,3,0,3
Rodolphine,0,3,3
Rodrey,3,0,3
Rodri,3,0,3
Rodrieck,3,0,3
Rodrigeus,3,0,3
Rodrigez,3,0,3
Rodrikes,3,0,3
Roduard,3,0,3
Roduin,3,3,6
Rodya,3,3,6
Rodyliën,3,0,3
Rodynn,3,0,3
Roebartus,3,0,3
Roebia,0,3,3
Roed,3,3,6
Roedjito,3,0,3
Roedolph,3,0,3
Roedolphus,3,0,3
Roedradath,3,0,3
Roedwi,3,0,3
Roefaida,0,3,3
Roeff,3,3,6
Roeg,3,0,3
Roeghsaar,0,3,3
Roegina,0,3,3
Roekaya,0,3,3
Roekhsana,0,3,3
Roekiah,0,3,3
Roekie,0,3,3
Roekinie,0,3,3
Roekmin,0,3,3
Röel,3,0,3
Roelaffina,0,3,3
Roeland-Jan,3,0,3
Roelander,3,0,3
Roelard,3,0,3
Roelbertus,3,0,3
Roelef,3,0,3
Roelefine,0,3,3
Roeleine,0,3,3
Roelenda,0,3,3
Roeletta,0,3,3
Roelhetta,0,3,3
Roelhof,3,0,3
Roelianto,3,0,3
Roelida,0,3,3
Roelie-anne,0,3,3
Roelienda,0,3,3
Roelieneke,0,3,3
Roelijn,3,3,6
Roeliny,0,3,3
Roeljan,3,0,3
Roêlle,0,3,3
Roelline,0,3,3
Roellof,3,0,3
Roelloffina,0,3,3
Roelman,3,0,3
Roelo,3,0,3
Roeloffia,0,3,3
Roeloffie,0,3,3
Roeloffinus,3,0,3
Roelofientje,0,3,3
Roelofjan,3,0,3
Roelophine,0,3,3
Roelvien,0,3,3
Roelyke,0,3,3
Roëmello,3,0,3
Roemin,3,0,3
Roeminensi,0,3,3
Roemini,0,3,3
Roemyana,0,3,3
Roenie,3,0,3
Roepchand,3,0,3
Roepeshkoemar,3,0,3
Roepeshkumar,3,0,3
Roepeskoemar,3,0,3
Roepina,0,3,3
Roepminah,0,3,3
Roeqaya,0,3,3
Roeselientje,0,3,3
Roesini,0,3,3
Roeske,0,3,3
Roeslanovich,3,0,3
Roesman,3,0,3
Roesmin,3,0,3
Roesminten,0,3,3
Roestamovitsj,3,0,3
Roet,0,3,3
Roeth,0,3,3
Roexana,0,3,3
Roeyel,0,3,3
Rofeida,0,3,3
Roffin,3,0,3
Roffina,0,3,3
Rogana,3,3,6
Rogches,3,0,3
Rogelito,3,0,3
Rogena,0,3,3
Röger,3,0,3
Rogera,0,3,3
Rogert,3,0,3
Roges,3,0,3
Roggé,3,0,3
Roghan,3,3,6
Roghus,3,0,3
Rogiberta,0,3,3
Rogibertha,0,3,3
Rogil,3,0,3
Rogsar,0,3,3
Roguillo,3,0,3
Rohad,3,0,3
Rohaidy,3,0,3
Roham,3,0,3
Rohama,0,3,3
Rohamah,0,3,3
Rohandy,3,0,3
Rohaniewatie,0,3,3
Rohansing,3,0,3
Ròhbin,3,0,3
Rohenie,0,3,3
Rohet,3,0,3
Rohiedkumar,3,0,3
Rohieth,3,0,3
Rohietkumar,3,0,3
Rohil,3,0,3
Rohinish,3,0,3
Rohna,0,3,3
Rohr,3,0,3
Rohwdy,3,0,3
Rohyt,3,0,3
Roïna,0,3,3
Róis,0,3,3
Roïse,0,3,3
Rojad,3,0,3
Rojairo,3,0,3
Rojana,0,3,3
Rojanna,0,3,3
Rojay,3,0,3
Rojayno,3,0,3
Roje,3,3,6
Rojean,3,3,6
Rojeano,3,0,3
Rojeany,0,3,3
Rojeavy,3,0,3
Rojen,0,3,3
Rokaia,0,3,3
Rokija,0,3,3
Roky,3,3,6
Rolain,3,3,6
Rolam,3,0,3
Rolán,3,0,3
Rolandt,3,0,3
Rolangelo,3,0,3
Rolavina,0,3,3
Roldan,3,0,3
Roldão,3,0,3
Roldes,3,0,3
Rolein,0,3,3
Rolendis,0,3,3
Rolene,0,3,3
Rolens,3,0,3
Rolf-Erik,3,0,3
Rolf-Juriën,3,0,3
Rolfke,0,3,3
Rolfkea,0,3,3
Rolfus,3,3,6
Roli,0,3,3
Rolia,0,3,3
Rolijne,0,3,3
Rolito,3,0,3
Rollien,0,3,3
Rolo,3,0,3
Rolofina,0,3,3
Rolphina,0,3,3
Rolus,3,0,3
Rolv,3,0,3
Romaaike,0,3,3
Romah,0,3,3
Romaïsaa,0,3,3
Romaïsae,0,3,3
Romald,3,0,3
Romaline,0,3,3
Romaly,0,3,3
Romancio,3,0,3
Romaney,0,3,3
Romanitza,0,3,3
Romanoff,3,0,3
Romanovna,0,3,3
Romantha,0,3,3
Romaõ,3,3,6
Romareo,3,0,3
Romaria,0,3,3
Romário,3,0,3
Romarrio,3,0,3
Romayla,0,3,3
Romayli,0,3,3
Romayliano,3,0,3
Romayza,0,3,3
Rombard,3,0,3
Rombarta,0,3,3
Rombina,0,3,3
Romeen,3,3,6
Romela,0,3,3
Romella,0,3,3
Romelle,0,3,3
Romelos,3,0,3
Romelus,3,0,3
Romén,3,0,3
Romenco,3,0,3
Romenda,0,3,3
Romène,0,3,3
Romenick,3,0,3
Romenie,0,3,3
Romeniek,3,0,3
Romenna,0,3,3
Romèo,3,0,3
Romerus,3,0,3
Romessa,0,3,3
Rometa,3,3,6
Romeu,3,0,3
Romialda,0,3,3
Romiel,3,0,3
Romiël,3,0,3
Romik,3,0,3
Romil,3,0,3
Romilainy,0,3,3
Romildo,3,0,3
Romilla,0,3,3
Romillo,3,0,3
Romilyah,0,3,3
Rominda,0,3,3
Romini,0,3,3
Rominia,0,3,3
Rominick,3,0,3
Rominja,0,3,3
Rominke,0,3,3
Romit,3,0,3
Romma,3,3,6
Rommel,0,3,3
Rommertina,0,3,3
Rommertsje,0,3,3
Romney,3,3,6
Romneya,0,3,3
Romo,3,0,3
Romola,0,3,3
Romolo,3,0,3
Romon,3,0,3
Romondo,3,0,3
Romonia,0,3,3
Romsha,0,3,3
Romualdes,3,0,3
Romunde,0,3,3
Romundus,3,0,3
Romuwaldus,3,0,3
Romwald,3,0,3
Römy,0,3,3
Romy-Angel,0,3,3
Romy-Anna,0,3,3
Romy-Jane,0,3,3
Romyana,0,3,3
Romyell,0,3,3
Romyni,0,3,3
Romynn,3,0,3
Romyra,0,3,3
Ronadus,3,0,3
Ronai,3,3,6
Ronairis,0,3,3
Ronaldia,0,3,3
Ronaldinio,3,0,3
Ronaldis,3,0,3
Ronaldius,3,0,3
Ronaldson,3,0,3
Ronalie,0,3,3
Ronalisa,0,3,3
Ronalys,0,3,3
Ronán,3,0,3
Rónan,3,0,3
Ronandus,3,0,3
Ronanke,0,3,3
Ronarvey,3,0,3
Ronato,3,0,3
Ronaysha,0,3,3
Ronbertus,3,0,3
Roncaglia,0,3,3
Rondal,3,3,6
Rondik,0,3,3
Roneal,3,0,3
Ronée,0,3,3
Ronél,3,0,3
Ronelie,0,3,3
Ronelo,3,0,3
Ronet,0,3,3
Róng,3,3,6
Rong-Rong,0,3,3
Roniél,3,0,3
Roniele,3,0,3
Roniëlle,0,3,3
Ronil,3,0,3
Ronildo,3,0,3
Ronilla,0,3,3
Ronina,0,3,3
Ronis,3,0,3
Ronish,3,0,3
Roniya,0,3,3
Ronktje,0,3,3
Ronnalt,3,0,3
Ronnard,3,0,3
Ronnes,3,0,3
Ronnica,0,3,3
Ronszoon,3,0,3
Ronymus,3,0,3
Rooitske,0,3,3
Rooka,0,3,3
Rookes,3,0,3
Rooly,3,0,3
Roomana,0,3,3
Roony,3,3,6
Roos-Elise,0,3,3
Roos-Linde,0,3,3
Roos-Sophie,0,3,3
Roosali,0,3,3
Roosalie,0,3,3
Roosbeek,3,0,3
Rooselien,0,3,3
Rooselinda,0,3,3
Roosemarie,0,3,3
Roosemarijne,0,3,3
Rooshnie,0,3,3
Roosita,0,3,3
Rooslina,0,3,3
Roosmah,0,3,3
Roosmarieke,0,3,3
Roosmerijn,0,3,3
Roossiena,0,3,3
Roover,3,0,3
Roozan,0,3,3
Roozani,3,0,3
Rop,3,0,3
Ropish,3,0,3
Roppert,3,0,3
Roqayya,0,3,3
Roqia,0,3,3
Roquillo,3,0,3
Rorey,3,0,3
Roric,3,0,3
Rorie,3,3,6
Rosà,0,3,3
Rosá,0,3,3
Rosa-Ana,0,3,3
Rosa-Jane,0,3,3
Rosa-Lieke,0,3,3
Rosa-Lien,0,3,3
Rosa-lin,0,3,3
Rosa-Lina,0,3,3
Rosa-Ly,0,3,3
Rosa-lynn,0,3,3
Rosa-Mae,0,3,3
Rosa-Marije,0,3,3
Rosa-May,0,3,3
Rosa-Nelle,0,3,3
Rosa-Sophie,0,3,3
Rosada,0,3,3
Rosaelena,0,3,3
Rosafien,0,3,3
Rosahlie,0,3,3
Rosaida,0,3,3
Rosaire,0,3,3
Rosalène,0,3,3
Rosalí,0,3,3
Rosalíe,0,3,3
Rosalija,0,3,3
Rosalinus,3,0,3
Rosalitha,0,3,3
Rosalja,0,3,3
Rosalma,0,3,3
Rosaluna,0,3,3
Rosalya,0,3,3
Rosamae,0,3,3
Rosamalia,0,3,3
Rosamarije,0,3,3
Rosamay,0,3,3
Rosamieke,0,3,3
Rosamijn,0,3,3
Rosamin,0,3,3
Rosandro,3,0,3
Rosanti,0,3,3
Rosarie,0,3,3
Rosarieta,0,3,3
Rosary,0,3,3
Rosasmontaña,3,0,3
Rosawina,0,3,3
Roschdi,3,0,3
Rosdiana,3,3,6
Rose-Anna,0,3,3
Rose-anne,0,3,3
Rose-Lin,0,3,3
Rosé-Lynn,0,3,3
Rosé-Marie,0,3,3
Rose-marijn,0,3,3
Roséaley,0,3,3
Roseann,0,3,3
Roséanne,0,3,3
Rosebella,0,3,3
Rosebelle,0,3,3
Rosefine,0,3,3
Roselda,0,3,3
Roselijne,0,3,3
Roselore,0,3,3
Roselynne,0,3,3
Rosemae,0,3,3
Rosemare,0,3,3
Rosemarijke,0,3,3
Rosemarin,0,3,3
Rosemarrie,0,3,3
Rosemijne,0,3,3
Rosemond,0,3,3
Rosemund,0,3,3
Rosemunda,0,3,3
Roşen,0,3,3
Roseniedebie,0,3,3
Rosenique,0,3,3
Rosephina,0,3,3
Roser,0,3,3
Roserie,0,3,3
Roseriek,0,3,3
Roseriet,0,3,3
Rosero,3,0,3
Roses,3,3,6
Rosetti,0,3,3
Roshaino,3,0,3
Roshainy,0,3,3
Roshandy,3,0,3
Roshanny,0,3,3
Roshansingh,3,0,3
Roshayna,0,3,3
Roshdi,3,0,3
Rosheena,0,3,3
Roshela,0,3,3
Rosheline,0,3,3
Roshelly,0,3,3
Roshendy,3,0,3
Rosheni,0,3,3
Roshenna,0,3,3
Roshentely,3,3,6
Roshentley,3,0,3
Rosheny,0,3,3
Roshiel,3,0,3
Roshna,0,3,3
Roshney,3,3,6
Roshnidewi,0,3,3
Roshon,3,0,3
Roshua,3,3,6
Rosianne,0,3,3
Rosiantie,0,3,3
Rosica,0,3,3
Rosielle,0,3,3
Rosiën,0,3,3
Rosilia,0,3,3
Rosillio,3,0,3
Rosinah,0,3,3
Rosinata,0,3,3
Rosini,3,0,3
Rosinta,0,3,3
Rositta,0,3,3
Roslav,3,0,3
Roslien,0,3,3
Roslynn,0,3,3
Rosmari,0,3,3
Rosmarijne,0,3,3
Rosmery,0,3,3
Rosmina,0,3,3
Roson,3,0,3
Rossaly,0,3,3
Rossaria,0,3,3
Rossario,3,3,6
Rosseel,3,0,3
Rossellini,0,3,3
Rossello,3,0,3
Rossen,3,3,6
Rossetta,0,3,3
Rossette,0,3,3
Rossii,3,0,3
Rossinie,3,3,6
Rosslynn,0,3,3
Rossmar,3,0,3
Rosswita,0,3,3
Rosswitha,0,3,3
Rosta,3,3,6
Rostaqie,3,0,3
Rostom,3,0,3
Rosuita,0,3,3
Rosvitha,0,3,3
Rosvytho,3,0,3
Roswida,0,3,3
Roswinda,0,3,3
Roswyde,0,3,3
Roswytha,0,3,3
Rosy-Mae,0,3,3
Rosyanti,0,3,3
Rosylke,0,3,3
Rosytha,0,3,3
Rósza,3,3,6
Roszika,0,3,3
Rotem,3,3,6
Rotgerdina,0,3,3
Roth,3,0,3
Rouaya,0,3,3
Rouba,0,3,3
Rouberta,0,3,3
Roubin,3,3,6
Rouby,0,3,3
Rouche,3,0,3
Roueda,0,3,3
Rouèl,3,0,3
Rouelle,0,3,3
Roueya,0,3,3
Roufaïda,0,3,3
Rouget,3,0,3
Rouguiatou,0,3,3
Rouïda,0,3,3
Rouis,3,0,3
Roulien,0,3,3
Roulof,3,0,3
Roumayssae,0,3,3
Roun,3,3,6
Roupen,3,0,3
Roushni,0,3,3
Rousnie,0,3,3
Roustamovitch,3,0,3
Roustoum,3,0,3
Rouvin,3,0,3
Rouwke,3,0,3
Rouya,0,3,3
Rouzbeh,3,0,3
Rovaldo,3,0,3
Rovania,0,3,3
Rovanni,3,0,3
Rovenius,3,0,3
Rovere,3,3,6
Rovero,3,0,3
Rovia,0,3,3
Rovianska,0,3,3
Roviëney,0,3,3
Roviënna,0,3,3
Rowaan,0,3,3
Rowalt,3,0,3
Rowán,3,3,6
Rowand,3,0,3
Rowanita,0,3,3
Rowankoemar,3,0,3
Rowanny,0,3,3
Rowano,3,0,3
Rowany,3,3,6
Rowayna,0,3,3
Rowbin,3,3,6
Rowee,0,3,3
Rowego,3,0,3
Rowél,3,3,6
Rowèl,3,3,6
Rowela,0,3,3
Rowelle,0,3,3
Rowello,3,0,3
Rowenah,0,3,3
Rowenchel,3,0,3
Rowencio,3,0,3
Rowène,0,3,3
Rowenia,0,3,3
Rowenne,0,3,3
Rowenshelo,3,0,3
Rowhel,3,0,3
Rowil,3,0,3
Rowinn,3,0,3
Rowinus,3,0,3
Rowinza,0,3,3
Rowitha,0,3,3
Rownia,0,3,3
Rowsan,3,3,6
Rowsu,0,3,3
Roxaan,3,3,6
Roxalanne,0,3,3
Roxána,0,3,3
Roxanno,3,0,3
Roxanny,0,3,3
Roxeanna,0,3,3
Roxena,0,3,3
Roxenn,0,3,3
Roxey,0,3,3
Roxiane,0,3,3
Roxiën,3,3,6
Roxienne,3,3,6
Roxiënne,3,3,6
Roxshana,0,3,3
Roxxy,0,3,3
Roxz,0,3,3
Royale,3,3,6
Royama,3,3,6
Royand,3,0,3
Royando,3,0,3
Royanna,0,3,3
Royanno,3,0,3
Royanto,3,0,3
Royaume,3,0,3
Royco,3,0,3
Roye,3,0,3
Royella,0,3,3
Royen,3,0,3
Royéna,0,3,3
Royin,3,3,6
Roymer,3,0,3
Rozabella,0,3,3
Rozalía,0,3,3
Rozamarie,0,3,3
Rozamunda,0,3,3
Rozanda,0,3,3
Rozando,3,0,3
Rozannah,0,3,3
Rozarin,0,3,3
Roze-Marijn,0,3,3
Rozefien,0,3,3
Rozeke,0,3,3
Rozela,0,3,3
Rozelein,0,3,3
Rozelinho,3,0,3
Rozelsky,3,3,6
Rozelyn,0,3,3
Rozelynn,0,3,3
Rozemarij,0,3,3
Rozemarin,0,3,3
Rozemaryne,0,3,3
Rozemeijer,3,0,3
Rozemerijn,0,3,3
Rozemintje,0,3,3
Rozemunda,0,3,3
Rozenel,0,3,3
Rozenna,0,3,3
Rozerie,0,3,3
Rozetha,0,3,3
Rozgar,3,0,3
Rozha,0,3,3
Rozhan,0,3,3
Roziene,0,3,3
Rozieta,0,3,3
Rozilda,0,3,3
Rozine,0,3,3
Rozito,3,0,3
Rozjien,0,3,3
Rozlyn,0,3,3
Rrahman,3,0,3
Ru-Yi,0,3,3
Ruaidhri,3,0,3
Ruald,3,0,3
Ruandi,3,0,3
Ruane,0,3,3
Rubana,0,3,3
Rubean,3,0,3
Rubel,3,0,3
Rubencio,3,0,3
Rubenia,0,3,3
Rubeyya,0,3,3
Rübeyya,0,3,3
Rubiël,3,0,3
Rubienne,0,3,3
Rubija,0,3,3
Rubing,3,0,3
Rubitschka,0,3,3
Rüby,0,3,3
Ruby-Jean,0,3,3
Ruby-Lynn,0,3,3
Rubyan,0,3,3
Rubye,0,3,3
Rubyenne,0,3,3
Rubyenton,3,0,3
Rucardo,3,0,3
Rucette,0,3,3
Ruchamah,0,3,3
Ruchel,3,0,3
Rucheline,0,3,3
Ruchelle,3,3,6
Ruchen,3,0,3
Ruchi,0,3,3
Ruchiano,3,0,3
Ruchita,0,3,3
Ruciano,3,0,3
Rudaba,0,3,3
Rudanchelo,3,0,3
Rudaynah,0,3,3
Rüdchen,3,0,3
Rudeau,3,0,3
Rudena,0,3,3
Rudeyna,0,3,3
Rudgendrick,3,0,3
Rudhy,3,0,3
Rudi-Jan,3,0,3
Rudianne,0,3,3
Rudiano,3,0,3
Rudianto,3,0,3
Rudick,3,0,3
Rudienne,3,3,6
Rudinho,3,0,3
Rudiño,3,0,3
Rudipert,3,0,3
Rudisha,0,3,3
Rudius,3,0,3
Rudly,3,0,3
Rudolf-Paul,3,0,3
Rudolf-Willem,3,0,3
Rudolfh,3,0,3
Rudolfhus,3,0,3
Rudolficus,3,0,3
Rudolfje,0,3,3
Rudr,3,0,3
Rudraksh,3,0,3
Rudraksha,3,0,3
Rudrasingh,3,0,3
Rudrh,3,0,3
Rudrikus,3,0,3
Rudwan,3,0,3
Rueda,0,3,3
Ruedi,3,3,6
Ruelle,3,3,6
Ruen,3,0,3
Ruèn,3,0,3
Ruena,0,3,3
Ruendrick,3,0,3
Rueyda,0,3,3
Rufael,3,0,3
Rufani,0,3,3
Rufat,3,3,6
Ruffina,0,3,3
Ruffino,3,0,3
Rufine,0,3,3
Rugard,3,0,3
Rugaye,0,3,3
Rugema,3,0,3
Rugenne,3,0,3
Rugeno,3,0,3
Rugera,0,3,3
Ruggera,0,3,3
Ruggiero,3,0,3
Rugièro,3,0,3
Ruhaniyah,0,3,3
Ruhican,3,0,3
Ruhie,3,0,3
Ruhina,0,3,3
Ruhlein,3,0,3
Ruhoff,3,3,6
Ruhsar,0,3,3
Ruhşen,0,3,3
Ruhullah,3,0,3
Ruì,3,3,6
Rui-Lin,3,3,6
Ruian,3,0,3
Ruiben,3,0,3
Ruibo,3,0,3
Ruiffina,0,3,3
Ruigino,3,0,3
Ruilin,3,3,6
Ruiter,3,0,3
Ruixi,0,3,3
Ruiyu,3,3,6
Rujano,3,0,3
Ruka,3,0,3
Rukaja,0,3,3
Rukaya,0,3,3
Rukayya,0,3,3
Rukijem,0,3,3
Rukshaar,0,3,3
Ruky,0,3,3
Rukye,0,3,3
Rulande,0,3,3
Rulandus,3,0,3
Rulette,0,3,3
Rulian,3,0,3
Rúloff,3,0,3
Rulos,3,3,6
Rumaiysa,0,3,3
Rumaldus,3,0,3
Rumejsa,0,3,3
Rumena,3,3,6
Rumesa,0,3,3
Rümeysâ,0,3,3
Rümeyza,0,3,3
Ruminah,0,3,3
Rumoldo,3,0,3
Rumondang,0,3,3
Rumphius,3,0,3
Runada,0,3,3
Runah,0,3,3
Runaiska,0,3,3
Runak,0,3,3
Runera,0,3,3
Runette,0,3,3
Runolf,3,0,3
Ruohan,0,3,3
Ruoxuan,0,3,3
Rupali,0,3,3
Rupashri,0,3,3
Rupay,3,0,3
Rüpert,3,0,3
Ruphertus,3,0,3
Ruphina,0,3,3
Rupika,0,3,3
Ruri,0,3,3
Rusairo,3,0,3
Rusalka,0,3,3
Rûşen,3,0,3
Rushaina,0,3,3
Rushayden,3,0,3
Rushdi,3,0,3
Rushelo,3,0,3
Rushilkumar,3,0,3
Rushill,3,0,3
Rushmaine,3,0,3
Rusley,3,0,3
Russelline,0,3,3
Russo,3,3,6
Russom,3,0,3
Ruster,3,0,3
Rusticus,3,0,3
Rustin,3,0,3
Rusul,0,3,3
Rütger,3,0,3
Rutgerine,0,3,3
Rutgur,3,0,3
Ruth-Ann,0,3,3
Ruth-Anne,0,3,3
Ruthania,0,3,3
Ruthanne,0,3,3
Ruthdolf,3,0,3
Ruthegerus,3,0,3
Ruthgeerus,3,0,3
Ruthgeres,3,0,3
Ruthgerina,0,3,3
Ruthgerius,3,0,3
Ruthiano,3,0,3
Ruthilda,0,3,3
Ruthilde,0,3,3
Ruthley,3,3,6
Ruthlyn,0,3,3
Ruthney,3,0,3
Ruthseline,0,3,3
Ruthurus,3,0,3
Ruthwin,3,0,3
Rutsel,3,0,3
Rutsella,0,3,3
Rutter,3,0,3
Rüttger,3,0,3
Ruttina,0,3,3
Ruttje,0,3,3
Ruty,0,3,3
Ruuben,3,0,3
Ruudie,3,0,3
Ruudy,3,0,3
Ruune,3,3,6
Ruurdinus,3,0,3
Ruurdjan,3,0,3
Ruurtiena,0,3,3
Ruvarashe,0,3,3
Ruveann,0,3,3
Ruveanne,0,3,3
Ruvert,3,0,3
Rüveysa,0,3,3
Ruviana,0,3,3
Ruvianne,0,3,3
Ruvien,3,0,3
Ruviena,0,3,3
Ruwa,3,3,6
Ruwald,3,0,3
Ruwani,0,3,3
Ruwenchelo,3,0,3
Ruwenda,0,3,3
Ruwendley,3,0,3
Ruwengely,3,0,3
Ruwensley,3,0,3
Ruwently,3,0,3
Ruwerdina,0,3,3
Ruwertje,0,3,3
Ruwey,3,0,3
Ruwi,3,0,3
Ruwil,3,0,3
Ruwold,3,0,3
Ruxana,0,3,3
Ruxandra,0,3,3
Ruxanna,0,3,3
Ruyam,0,3,3
Ruyan,3,3,6
Ruyter,3,0,3
Ruzbeh,3,0,3
Ruze,3,3,6
Růženka,0,3,3
Rüzğar,3,0,3
Rüzgâr,3,0,3
Rüziye,0,3,3
Rya'c,3,0,3
Ryan'o,3,0,3
Ryan-Lee,3,0,3
Ryandi,3,0,3
Ryando,3,0,3
Ryandra,0,3,3
Ryansley,3,0,3
Ryanti,0,3,3
Ryas,3,0,3
Ryaz,3,0,3
Rychara,0,3,3
Rychel,3,3,6
Rychella,0,3,3
Ryckholt,3,3,6
Rydel,3,0,3
Ryenna,0,3,3
Ryera,0,3,3
Ryes,3,0,3
Ryet,0,3,3
Ryf,3,0,3
Ryfano,3,0,3
Ryghino,3,0,3
Rygill,3,0,3
Ryhem,0,3,3
Ryka,0,3,3
Rykelt,3,0,3
Ryker,3,3,6
Rylaiza,0,3,3
Rylandes,3,0,3
Ryli,0,3,3
Ryliana,0,3,3
Ryliano,3,0,3
Rylin,3,0,3
Rylon,3,0,3
Rymondo,3,0,3
Rynardus,3,0,3
Rynelda,0,3,3
Rynn,3,3,6
Rynold,3,0,3
Rynske,0,3,3
Rynts,3,0,3
Rypkes,3,3,6
Rypko,3,0,3
Ryshvan,3,0,3
Ryszarda,0,3,3
Rytse,3,0,3
Ryū,3,0,3
Ryuken,3,0,3
Ryvaino,3,0,3
Ryvanio,3,0,3
Rywando,3,0,3
R'angelo,3,0,3
R'Angely,0,3,3
R'bell,0,3,3
R'belle,0,3,3
R'Daysharlim,3,0,3
R'dgiliano,3,0,3
R'Gentle,3,0,3
R'himou,0,3,3
R'jaéveremy,3,0,3
R'Javier,3,0,3
R'kïa,0,3,3
R'melchior,3,0,3
R'Milio,3,0,3
R'myro,3,0,3
R'quan,3,0,3
R'Shae-Lie,0,3,3
R'Shaëlly,0,3,3
R'Shaely,0,3,3
R'shaly,0,3,3
R'Shaquëenah,0,3,3
R'Shawn,3,0,3
R'shawn,3,0,3
R'Shayno,3,0,3
R'shayno,3,0,3
R'shea-ann,0,3,3
R'shealy,0,3,3
R'shealynn,0,3,3
R'vïenny,0,3,3
R'Yan,3,0,3
R'yshaino,3,0,3
R-Any,0,3,3
R-Jay,3,0,3
R-shandrick,3,0,3
R.J.,3,0,3
Ra'ell,3,0,3
Ra'eysha,0,3,3
Ra'giona,0,3,3
Ra'iesha,0,3,3
Ra'if,3,0,3
Ra'ifah,0,3,3
Ra'imere,0,3,3
Ra'Issa,0,3,3
Ra'Jannylee,0,3,3
Ra'Jaydéon,3,0,3
Ra'nâ,0,3,3
Ra'ouf,3,0,3
Ra'qia,0,3,3
Ra'schada,0,3,3
Ra'sean,3,0,3
Ra'uf,3,0,3
Ra'yen,3,0,3
Ra-Eëlly,0,3,3
Ra-El,3,0,3
Ra-ely,0,3,3
Ra-Imhotep,3,0,3
Ra-isha,0,3,3
Ra-Jayden,3,0,3
Ra-Jaylee,0,3,3
Ra-Jean,3,0,3
Ra-Jeaneley,0,3,3
Ra-jeansely,0,3,3
Ra-Kyshia,0,3,3
Ra-shiney,3,0,3
Ra-Veny,0,3,3
Ra-Yell,3,0,3
Ra-yenn,0,3,3
Ra-yro,3,0,3
Ra-ysha,0,3,3
Raa'oul,3,0,3
Raabiye,0,3,3
Raached,3,0,3
Raadalrahman,3,0,3
Raadi,3,0,3
Raadiath,0,3,3
Raädin,3,0,3
Raadiya,0,3,3
Raadjendra,3,0,3
Raadjesh,3,0,3
Raadjkally,0,3,3
Raadjkapoor,3,0,3
Raadjkumarsingh,3,0,3
Raafael,3,0,3
Raâfate,3,0,3
Raafath,3,0,3
Râafet,3,0,3
Raafía,0,3,3
Raafie,0,3,3
Raafza,0,3,3
Raageshvari,0,3,3
Raageshwari,0,3,3
Raageshwarie,0,3,3
Raaghenie,0,3,3
Raaghieb,3,0,3
Raagini,0,3,3
Raagishwari,0,3,3
Raagnidevie,0,3,3
Raahet,3,0,3
Raahiel,0,3,3
Raahim,3,0,3
Raaho,0,3,3
Raahulan,3,0,3
Raai,3,0,3
Raaida,0,3,3
Raaien,3,0,3
Raaj-Kumar,3,0,3
Raaja,3,0,3
Raajan,3,0,3
Raajay,3,0,3
Raajbir,3,0,3
Raajii,0,3,3
Raajkamal,3,0,3
Raajkoemarie,0,3,3
Raajkumarie,0,3,3
Raajpatie,0,3,3
Raajshree,0,3,3
Raaju,3,0,3
Raakaan,3,0,3
Raakeshkapoer,3,0,3
Raakeshkoemar,3,0,3
Raakib,3,0,3
Raakis,3,0,3
Raalijene,3,0,3
Raaman,3,0,3
Raamdan,3,0,3
Raamie,3,0,3
Raamiz,3,0,3
Raâmon,3,0,3
Raämses,3,0,3
Raamy,3,0,3
Raamyaar,3,0,3
Raamzan,3,0,3
Raana-Manou,0,3,3
Raanagatoen,0,3,3
Raangina,0,3,3
Raansi,0,3,3
Raantdew,3,0,3
Raanya,0,3,3
Raapzaat,3,0,3
Raasa,3,0,3
Raashed,3,0,3
Raasheeda,0,3,3
Raashi,0,3,3
Raashmi,0,3,3
Raashmie,0,3,3
Raashri,0,3,3
Raashrie,0,3,3
Raashtri,0,3,3
Raâsid,3,0,3
Raasjidatoen,0,3,3
Raasjieda-Aniesa,0,3,3
Raasjika,0,3,3
Raathjagdebi,0,3,3
Raathkapoerpersad,3,0,3
Raats,3,0,3
Raaven,3,0,3
Raawia,0,3,3
Raawin,3,0,3
Raayen,3,0,3
Raayke,0,3,3
Raaysel,3,0,3
Raayshant,3,0,3
Raayshree,0,3,3
Raazrie,0,3,3
Rab,3,0,3
Rabaa,0,3,3
Rabaha,0,3,3
Rabandus,3,0,3
Rabanne,0,3,3
Rabatilev,3,0,3
Rabaut,3,0,3
Rabaz,3,0,3
Rabbab,0,3,3
Rabbanie,3,0,3
Rabbea,0,3,3
Rabbel,3,0,3
Rabbetta,0,3,3
Rabbii-ah,3,0,3
Rabboud,3,0,3
Rabbynïa,0,3,3
Rabdaah,0,3,3
Rabeah,0,3,3
Rabeca,0,3,3
Rabee,0,3,3
Rabeea,0,3,3
Rabehullah,3,0,3
Rabeiah,0,3,3
Rabeja,0,3,3
Rabella,0,3,3
Rabemi,3,0,3
Raben,3,0,3
Rabenaaz,3,0,3
Rabèr,3,0,3
Raberda,0,3,3
Rabeta,0,3,3
Rabgyal,3,0,3
Rabhan,3,0,3
Rabhia,0,3,3
Rabhin,3,0,3
Rabhindernath,3,0,3
Rabï,3,0,3
Rabıa,0,3,3
Rabïa,0,3,3
Răbia,0,3,3
Rabia-Naz,0,3,3
Rabia-Nur,0,3,3
Rabiaâ,0,3,3
Rabiab,0,3,3
Rabiagatoen,0,3,3
Rabianna,0,3,3
Rabiat,0,3,3
Rabiatou,0,3,3
Rabiatül-Mücella,0,3,3
Rabic,3,0,3
Rabië,3,0,3
Rabiê,3,0,3
Rabiea,0,3,3
Rabiee,3,0,3
Rabieha,0,3,3
Rabiël,3,0,3
Rabiela,0,3,3
Rabiender,3,0,3
Rabiendpersad,3,0,3
Rabienkumar,3,0,3
Rabihaa,0,3,3
Rabijan,3,0,3
Rabije,0,3,3
Rabinaaz,0,3,3
Rabinda,0,3,3
Rabinderdath,3,0,3
Rabinderdei,0,3,3
Rabinderkumar,3,0,3
Rabindernat,3,0,3
Rabindranand,3,0,3
Rabindrepersad,3,0,3
Rabindrnath,3,0,3
Rabinprechand,3,0,3
Rabioen-Nisa,0,3,3
Rabishe,0,3,3
Rabiswar,3,0,3
Rabitha,0,3,3
Rabıya,0,3,3
Rabiya-Gül,0,3,3
Rabiyaha,0,3,3
Rabiyanur,0,3,3
Rabiyatou,0,3,3
Râbiye,0,3,3
Rabıye,0,3,3
Raboda,0,3,3
Rabon,3,0,3
Rabona,0,3,3
Rabou,3,0,3
Rabriëlle,0,3,3
Rabriënne,0,3,3
Rabun,3,0,3
Rabysa,0,3,3
Racaylie,0,3,3
Raccel,0,3,3
Racco,3,0,3
Race,3,0,3
Racel,0,3,3
Racenio,3,0,3
Racey,0,3,3
Racguel,0,3,3
Rach,3,0,3
Rachaèl,0,3,3
Rachaél,0,3,3
Rachaeli,0,3,3
Rachaella,0,3,3
Rachaëlla,0,3,3
Rachaèlle,0,3,3
Rachai,0,3,3
Rachailey,0,3,3
Rachainie,0,3,3
Rachama,0,3,3
Rachanadebie,0,3,3
Rachanda,0,3,3
Rachandra,0,3,3
Rachanie,0,3,3
Rachanielio,3,0,3
Rachanno,3,0,3
Rachantely,0,3,3
Rachanti,0,3,3
Rachantly,0,3,3
Rachany,0,3,3
Rachard,3,0,3
Racharo,3,0,3
Rachasingh,3,0,3
Rachav,0,3,3
Rachawadee,0,3,3
Rachawell,0,3,3
Rachda,0,3,3
Rachdi,3,0,3
Rachdia,0,3,3
Raché,0,3,3
Rachè-Lee,0,3,3
Rachealla,0,3,3
Rachealy,0,3,3
Rachéda,0,3,3
Racheeja,0,3,3
Racheilla,0,3,3
Racheira,0,3,3
Racheja,0,3,3
Rachel-Ann,0,3,3
Rachel-Eline,0,3,3
Rachel-Elisabeth,0,3,3
Rachel-Lynn,0,3,3
Rachel-Maria,0,3,3
Rachel-Marie,0,3,3
Rachel-Rose,0,3,3
Rachěle,0,3,3
Rachéle,0,3,3
Rachelie,0,3,3
Rachelio,3,0,3
Rachelita,0,3,3
Rachelius,3,0,3
Rachëll,3,0,3
Ràchell,0,3,3
Ráchell,0,3,3
Rachell-Keira,0,3,3
Rachélla,0,3,3
Rachelladevi,0,3,3
Rachellah,0,3,3
Rachellaine,0,3,3
Rachêlle,0,3,3
Rächelle,0,3,3
Ràchelle,0,3,3
Rachellè,0,3,3
Ráchèlle,0,3,3
Rachellé,0,3,3
Rachelle-Ann,0,3,3
Rachelle-Marie,0,3,3
Rachellina,0,3,3
Rachelva,0,3,3
Rachély,0,3,3
Rachelyna,0,3,3
Rachemy,3,0,3
Rachenawali,0,3,3
Rachenca,0,3,3
Rachenia,0,3,3
Rachenne,0,3,3
Rachenny,0,3,3
Racheno,3,0,3
Rachento,3,0,3
Racheyleigh,0,3,3
Racheyna,0,3,3
Rachgil,3,0,3
Rachi,0,3,3
Rachia,0,3,3
Rachiagatoen,0,3,3
Rachial,0,3,3
Rachialle,0,3,3
Rachiana,0,3,3
Rachiano,3,0,3
Rachidagatoen,0,3,3
Rachidah,0,3,3
Rachidi,3,0,3
Rachido,3,0,3
Rachief,3,0,3
Rachiël,0,3,3
Rachièlla,0,3,3
Rachiella,0,3,3
Rachien,3,0,3
Rachiëndel,3,0,3
Rachiënne,0,3,3
Rachienne,0,3,3
Rachieph,0,3,3
Rachiet,3,0,3
Rachik,3,0,3
Rachikadevi,0,3,3
Rachile,0,3,3
Rachill,3,0,3
Rachinda,0,3,3
Rachinder,3,0,3
Rachindra,3,0,3
Rachine,0,3,3
Rachinhio,3,0,3
Rachir,3,0,3
Rachkumariedewie,0,3,3
Rachleeny,0,3,3
Rachmad,3,0,3
Rachmadanni,0,3,3
Rachmaijanti,0,3,3
Rachmally,0,3,3
Rachmananda,3,0,3
Rachmani,0,3,3
Rachmaniah,0,3,3
Rachmansyah,3,0,3
Rachmatullah,3,0,3
Rachmawatie,0,3,3
Rachmayanto,3,0,3
Rachmet,3,0,3
Rachmil,3,0,3
Rachmila,0,3,3
Rachmilde,0,3,3
Rachmilie,0,3,3
Rachmilla,0,3,3
Rachnaa,0,3,3
Rachnadebi,0,3,3
Rachnadevie,0,3,3
Rachnakumarie,0,3,3
Rachnald,0,3,3
Rachnar,3,0,3
Rachnée,0,3,3
Rachnel,0,3,3
Rachnelia,0,3,3
Rachnella,0,3,3
Rachner,3,0,3
Rachnie,0,3,3
Rachnika,0,3,3
Rachnild,3,0,3
Rachnilda,0,3,3
Rachonda,0,3,3
Rachov,3,0,3
Rachshanda,0,3,3
Rachsjandagatoen,0,3,3
Rachsna,0,3,3
Rachuel,0,3,3
Rachwan,3,0,3
Rachwil,3,0,3
Rachwill,3,0,3
Rachy,0,3,3
Rachydah,0,3,3
Rachyl,0,3,3
Rachym,3,0,3
Raci,3,0,3
Raciano,3,0,3
Racid,3,0,3
Raçida,0,3,3
Raciella,0,3,3
Racien,3,0,3
Racienjo,3,0,3
Racil,0,3,3
Racim,3,0,3
Racima,0,3,3
Racinho,3,0,3
Rackana,0,3,3
Rackeena,0,3,3
Rackèl,0,3,3
Rackel,0,3,3
Rackie,0,3,3
Racksa,3,0,3
Rackucio,3,0,3
Racli,3,0,3
Raco,3,0,3
Racoy,3,0,3
Racqèl,0,3,3
Racqueline,0,3,3
Racsan,3,0,3
Racwi,0,3,3
Racxshan,3,0,3
Racy'nzia,0,3,3
Radadebie,0,3,3
Radaëcha,0,3,3
Radahises,0,3,3
Radakrishnan,3,0,3
Radalf,3,0,3
Radalfus,3,0,3
Radame,3,0,3
Radamès,3,0,3
Radana,0,3,3
Radasha,0,3,3
Radauan,3,0,3
Radaya,0,3,3
Radbald,3,0,3
Radbaud,3,0,3
Radbertus,3,0,3
Radbodia,0,3,3
Radborda,0,3,3
Radborde,0,3,3
Radboudd,3,0,3
Radboude,0,3,3
Radboudt,3,0,3
Radbouth,3,0,3
Radchanon,3,0,3
Radchen,3,0,3
Radclyffe,0,3,3
Raddawan,0,3,3
Raddboud,3,0,3
Radde,3,0,3
Raddoan,3,0,3
Raddy,3,0,3
Radea,0,3,3
Radegond,3,0,3
Radegonda,0,3,3
Radegondis,0,3,3
Radegunda,0,3,3
Radehinie,0,3,3
Radekrishne,3,0,3
Radel,3,0,3
Radelinde,0,3,3
Radelita,0,3,3
Radèn,3,0,3
Radén,3,0,3
Räden,3,0,3
Radena,0,3,3
Radencio,3,0,3
Radeni,0,3,3
Radenie,0,3,3
Radenko,3,0,3
Radens,3,0,3
Radensio,3,0,3
Radesna,0,3,3
Radfan,0,3,3
Radfridus,3,0,3
Radginio,3,0,3
Radginn,3,0,3
Radha-Kiran,0,3,3
Radha-Priya,0,3,3
Radhaça,0,3,3
Radhadebie,0,3,3
Radhaicha,0,3,3
Radhakisun,3,0,3
Radhakoemarie,0,3,3
Radhakumari,0,3,3
Radhaly,0,3,3
Radhame,3,0,3
Radhani,0,3,3
Radhanie,0,3,3
Rādhārāní,0,3,3
Radharanie,0,3,3
Radhashree,0,3,3
Radhawatie,0,3,3
Radhea,0,3,3
Radheesh,3,0,3
Radhena,0,3,3
Radheni,0,3,3
Radhesham,3,0,3
Radheshkumar,3,0,3
Radheswari,0,3,3
Radheya,3,0,3
Radheye,3,0,3
Radhia-Dewi,0,3,3
Radhiawatie,0,3,3
Radhieka,0,3,3
Rādhikā,0,3,3
Radhika-Devi,0,3,3
Radhika-Rani,0,3,3
Radhikananda,3,0,3
Radhim,3,0,3
Radhinho,3,0,3
Radhino,3,0,3
Radhis,3,0,3
Radhisha,0,3,3
Radhja,3,0,3
Radhjnie,0,3,3
Radhnadebi,0,3,3
Radhnadèvi,0,3,3
Radhnie,0,3,3
Radhwen,3,0,3
Radhyani,0,3,3
Radi-Dencho,3,0,3
Radiah,0,3,3
Radiana,0,3,3
Radiandric,3,0,3
Radica,0,3,3
Radiëlla,0,3,3
Radiëlle,0,3,3
Radiën,3,0,3
Radien,3,0,3
Radier,3,0,3
Radierkoemar,3,0,3
Radigmir,3,0,3
Radigundus,3,0,3
Radijnderkumar,3,0,3
Radika-Rani,0,3,3
Radikem,0,3,3
Radikum,0,3,3
Radila,0,3,3
Radilla,0,3,3
Rading,3,0,3
Radinho,3,0,3
Radini,0,3,3
Radinio,3,0,3
Radinum,0,3,3
Radion,3,0,3
Radiquah,0,3,3
Radisha,0,3,3
Radishkumar,3,0,3
Radishwarpersad,3,0,3
Radiso,3,0,3
Radison,3,0,3
Radisse,0,3,3
Radiswar,3,0,3
Radityawan,3,0,3
Radius,3,0,3
Radiyan,3,0,3
Radiyanto,3,0,3
Radiyen,3,0,3
Radja-Wali,3,0,3
Radjaak,3,0,3
Radjab,3,0,3
Radjahnie,3,0,3
Radjaikumar,3,0,3
Radjaisrie,0,3,3
Radjakarya,3,0,3
Radjanawatie,0,3,3
Radjanish,3,0,3
Radjankoemar,3,0,3
Radjanne,3,0,3
Radjaramchandre,3,0,3
Radjayen,3,0,3
Radjaysingh,3,0,3
Radjdee,0,3,3
Radjdew,3,0,3
Radjdewsing,3,0,3
Radjdie,0,3,3
Radjdoelarie,0,3,3
Radje,3,0,3
Radjeenkumar,3,0,3
Radjeesh,3,0,3
Radjeevkumaar,3,0,3
Radjëly,0,3,3
Radjenderpersad,3,0,3
Radjendrapersad,3,0,3
Radjendrasingh,3,0,3
Radjendrenath,3,0,3
Radjendrenauth,3,0,3
Radjendresingh,3,0,3
Radjéneau,3,0,3
Radjenem,0,3,3
Radjeniedebi,0,3,3
Radjenio,3,0,3
Radjenna,0,3,3
Radjensingh,3,0,3
Radjeny,0,3,3
Radjermo,3,0,3
Radjesha,0,3,3
Radjeshvari,0,3,3
Radjeshwan,3,0,3
Radjeshwar,3,0,3
Radjeshwarsingh,3,0,3
Radjeska,0,3,3
Radjeskhoemar,3,0,3
Radjeskoemar,3,0,3
Radjesri,0,3,3
Radjesrie,0,3,3
Radjeswar,3,0,3
Radjeswari,0,3,3
Radjeswherkumar,3,0,3
Radjévian,3,0,3
Radjew,3,0,3
Radjez,3,0,3
Radjha,3,0,3
Radjhendrepersad,3,0,3
Radjhmala,0,3,3
Radjhna,0,3,3
Radjiaswantsing,3,0,3
Radjid,3,0,3
Radjiemoen,0,3,3
Radjien,3,0,3
Radjiender,3,0,3
Radjienderpersad,3,0,3
Radjiendrekumar,3,0,3
Radjiet,3,0,3
Radjievkumar,3,0,3
Radjifkoemar,3,0,3
Radjifsingh,3,0,3
Radjiki,0,3,3
Radjinderdath,3,0,3
Radjindere,3,0,3
Radjindher,3,0,3
Radjindranath,3,0,3
Radjindrapersad,3,0,3
Radjindrekumar,3,0,3
Radjindrenath,3,0,3
Radjindresingh,3,0,3
Radjine,3,0,3
Radjinio,3,0,3
Radjinkoemar,3,0,3
Radjinkumar,3,0,3
Radjino,3,0,3
Radjinpersad,3,0,3
Radjinsingh,3,0,3
Radjira,0,3,3
Radjisch,3,0,3
Radjish,3,0,3
Radjispersad,3,0,3
Radjisshwar,3,0,3
Radjissing,3,0,3
Radjiswar,3,0,3
Radjivsingh,3,0,3
Radjkamel,3,0,3
Radjkamelsingh,3,0,3
Radjkisoor,3,0,3
Ràdjkoemar,3,0,3
Ràdjkoemarie,0,3,3
Radjkoemarsing,3,0,3
Radjkoermarsing,3,0,3
Radjkumaar,3,0,3
Radjkumarsing,3,0,3
Radjkumarsingh,3,0,3
Radjmatie,0,3,3
Radjmeena,0,3,3
Radjmohamed,3,0,3
Radjna,0,3,3
Radjnadewi,0,3,3
Rădjni,0,3,3
Radjnichsing,3,0,3
Radjnidebie,0,3,3
Radjnidevi,0,3,3
Radjniedevi,0,3,3
Radjniekoemarie,0,3,3
Radjnies,3,0,3
Radjnikanth,3,0,3
Radjnil,3,0,3
Radjnydevi,0,3,3
Radjoe-Junior,3,0,3
Radjpali,0,3,3
Radjpathie,0,3,3
Radjpati,0,3,3
Radjput,3,0,3
Radjputre,3,0,3
Radjshana,0,3,3
Radjshree,0,3,3
Radjshri,0,3,3
Radjsing,3,0,3
Radjuart,3,0,3
Radjvanti,0,3,3
Radjvantie,0,3,3
Radjveersing,3,0,3
Radjvin,3,0,3
Radjwadei,0,3,3
Radjwansh,3,0,3
Radjwattie,0,3,3
Radjwen,3,0,3
Radjwien,3,0,3
Radjwier,3,0,3
Radlef,3,0,3
Radleigh,3,0,3
Radmas,3,0,3
Radmehr,3,0,3
Radmilo,3,0,3
Radmony,0,3,3
Radmund,3,0,3
Radna-Devi,0,3,3
Radnadewie,0,3,3
Radnah,0,3,3
Radner,3,0,3
Radney,3,0,3
Radnie,0,3,3
Radny,3,0,3
Rádok,0,3,3
Radolfa,0,3,3
Radolpha,3,0,3
Radolphine,0,3,3
Radomira,0,3,3
Radon,3,0,3
Radosláv,3,0,3
Radoslavka,0,3,3
Radoslawa,0,3,3
Radostina,0,3,3
Radostinova,0,3,3
Radosveta,0,3,3
Radouën,3,0,3
Radovana,0,3,3
Radowan,3,0,3
Radoyka,0,3,3
Radoykha,0,3,3
Radrick,3,0,3
Radsney,3,0,3
Radua,0,3,3
Raduanne,3,0,3
Raduean,3,0,3
Raduenny,3,0,3
Radulf,3,0,3
Radulpus,3,0,3
Radushka,0,3,3
Radúz,3,0,3
Raduz,3,0,3
Radvan,3,0,3
Radvin,3,0,3
Radwana,0,3,3
Radwhan,3,0,3
Radzies,3,0,3
Raë,0,3,3
Raè-jenairo,3,0,3
Rae-Jeon,3,0,3
Raé-Jhon,3,0,3
Rae-Lynn,0,3,3
Rae-Nomi,0,3,3
Raean,3,0,3
Raechai,0,3,3
Raëchel,0,3,3
Räechen,3,0,3
Raechen,3,0,3
Raechensly,3,0,3
Raecy,3,0,3
Raedely,3,0,3
Raeden,3,0,3
Raedinck,3,0,3
Raedynne,0,3,3
Raedyson,3,0,3
Raeed,3,0,3
Raeef,3,0,3
Raeel,3,0,3
Raeenjo,3,0,3
Raéesha,0,3,3
Raeeskhan,3,0,3
Raeez,3,0,3
Raëf,3,0,3
Raefa,0,3,3
Raefana,0,3,3
Raefela,0,3,3
Raefen,0,3,3
Raeffles,3,0,3
Raegal,3,0,3
Raegen,3,0,3
Raëgen,3,0,3
Raeghan,3,0,3
Raeie,3,0,3
Raeïn,3,0,3
Raèl,0,3,3
Raela,0,3,3
Raelee,0,3,3
Raeleyson,3,0,3
Raéli,0,3,3
Raeli,0,3,3
Raelia,0,3,3
Raelinn,0,3,3
Raeliyah,0,3,3
Raëlja,3,0,3
Raell,3,0,3
Räellaina,0,3,3
Raëlle,0,3,3
Raelle,0,3,3
Raëllen,0,3,3
Raëlli,0,3,3
Raello,3,0,3
Raëlly,0,3,3
Raélson,3,0,3
Raêlvic,3,0,3
Raëly,0,3,3
Raelyson,3,0,3
Raem,3,0,3
Raéma,0,3,3
Raemen,3,0,3
Raemi,3,0,3
Raemon-René,3,0,3
Raemunda,0,3,3
Raëmyro,3,0,3
Raenell,3,0,3
Raenen,0,3,3
Raenke,0,3,3
Raenne,0,3,3
Raenor,3,0,3
Raense,3,0,3
Raephalino,3,0,3
Raequan,3,0,3
Raera,0,3,3
Raeron,3,0,3
Raesha,0,3,3
Raeshawn,3,0,3
Raeshon,3,0,3
Raësma,0,3,3
Raeson,3,0,3
Raesy,0,3,3
Raetia,0,3,3
Raev,3,0,3
Raeva-Jana,0,3,3
Raevan,3,0,3
Raevan-Lee,3,0,3
Raeve,3,0,3
Raevel,0,3,3
Raevelinho,3,0,3
Raéven,3,0,3
Raêven,0,3,3
Raeviënna,0,3,3
Raevion,3,0,3
Raevon,3,0,3
Raevyen,3,0,3
Raex-Viendely,0,3,3
Raèyelca,0,3,3
Raeyfen,3,0,3
Raeylen,3,0,3
Raeyley,3,0,3
Raeyvelise,0,3,3
Raeyxelina,0,3,3
Raezel,0,3,3
Raf-Dorothy,3,0,3
Raf-Jan,3,0,3
Raf-Julius,3,0,3
Rafa'el,3,0,3
Rafaah,0,3,3
Rafaan,3,0,3
Rafaas,3,0,3
Rafaashna,0,3,3
Rafaat,3,0,3
Rafaayro,3,0,3
Rafaaz,3,0,3
Rafachiëlla,0,3,3
Rafae,0,3,3
Ràfael,3,0,3
Rafael-Alexander,3,0,3
Rafaël-Andriël,3,0,3
Rafaël-Mariae,0,3,3
Rafaël-Matthias,3,0,3
Rafaël-Roëly,3,0,3
Rafäela,0,3,3
Rafaëla-Onguene,0,3,3
Rafaëla-Onogo,0,3,3
Rafaëli,0,3,3
Rafaelinhio,3,0,3
Rafaelinho,3,0,3
Rafaēlle,0,3,3
Rafaelly,0,3,3
Rafaēlo,3,0,3
Rafaëlovich,3,0,3
Rafaely,0,3,3
Rafaëtta,0,3,3
Rafah,0,3,3
Rafahil,3,0,3
Rafaiel,3,0,3
Rafaiella,0,3,3
Rafaiënne,0,3,3
Rafaila,0,3,3
Rafailali,3,0,3
Rafailia,0,3,3
Rafaïm,3,0,3
Rafaïn,3,0,3
Rafaina,0,3,3
Rafairo,3,0,3
Rafaiz,3,0,3
Rafajella,0,3,3
Rafak,0,3,3
Rafalina,0,3,3
Rafalinho,3,0,3
Rafalo,3,0,3
Rafalone,3,0,3
Rafanah,0,3,3
Rafanello,3,0,3
Rafaniël,3,0,3
Rafanja,0,3,3
Rafano,3,0,3
Rafarta,0,3,3
Rafasia,0,3,3
Rafatullah,3,0,3
Rafau,3,0,3
Rafayah,0,3,3
Rafaye,3,0,3
Rafayell,3,0,3
Rafayet,3,0,3
Rafayl,3,0,3
Rafaz,3,0,3
Rafca,3,0,3
Rafé,3,0,3
Rafe'ah,0,3,3
Rafealla,0,3,3
Rafed,3,0,3
Rafee,3,0,3
Rafeek,3,0,3
Rafeena,0,3,3
Rafeeuq,3,0,3
Rafeha,0,3,3
Rafejan,3,0,3
Rafekka,0,3,3
Rafël,3,0,3
Rafelíndo,3,0,3
Rafeline,0,3,3
Rafeliniyo,3,0,3
Rafelja,0,3,3
Rafeljeney,0,3,3
Rafellinho,3,0,3
Raféllo,3,0,3
Rafelly,3,0,3
Rafen,3,0,3
Rafer,3,0,3
Raferty,3,0,3
Rafeullah,3,0,3
Ràff,3,0,3
Raff-Vito,3,0,3
Raffa'ëllio,3,0,3
Raffaèl,3,0,3
Raffaël-Mandos,3,0,3
Raffaèla,0,3,3
Raffaéle,3,0,3
Raffaele-Luca,3,0,3
Raffaelica,0,3,3
Raffaëlito,3,0,3
Raffaêlla,0,3,3
Raffaëlly,0,3,3
Raffaï,3,0,3
Raffaijl,3,0,3
Raffailïa,0,3,3
Raffailia,0,3,3
Raffajella,0,3,3
Raffasya,3,0,3
Raffayella,0,3,3
Raffayenne,0,3,3
Raffayin,3,0,3
Raffeäla,0,3,3
Raffëalla,0,3,3
Raffek,3,0,3
Raffela,0,3,3
Raffello,3,0,3
Raffencio,3,0,3
Raffëndo,3,0,3
Rafferijn,3,0,3
Raffey,3,0,3
Raffian,3,0,3
Raffic,3,0,3
Raffiek,3,0,3
Raffiëllo,3,0,3
Raffika,0,3,3
Raffina,0,3,3
Raffino,3,0,3
Raffique,3,0,3
Rafflesia,0,3,3
Rafflow,3,0,3
Ràffy,3,0,3
Raffyenn,3,0,3
Raffyson,3,0,3
Rafh,3,0,3
Rafhaela,0,3,3
Rafhaëlis,0,3,3
Rafhaella,0,3,3
Rafhana,0,3,3
Rafhyson,3,0,3
Rafiaaz,3,0,3
Rafiansyah,3,0,3
Rafiatou,0,3,3
Rafiatun,0,3,3
Rafibinte,3,0,3
Rafica,0,3,3
Rafie'a,0,3,3
Rafiea,0,3,3
Rafieani,0,3,3
Rafieck,3,0,3
Rafieda,0,3,3
Rafief,0,3,3
Rafiek-Jan,3,0,3
Rafiekengathoen,0,3,3
Rafiekh,3,0,3
Rafiekhan,3,0,3
Rafielio,3,0,3
Rafiëlla,0,3,3
Rafiella,0,3,3
Rafiëlle,0,3,3
Rafiëllo,3,0,3
Rafien,3,0,3
Rafierty,3,0,3
Rafigou,3,0,3
Rafii,3,0,3
Rafija,0,3,3
Rafijene,0,3,3
Rafikan,0,3,3
Rafikha,0,3,3
Rafikovich,3,0,3
Rafikovna,0,3,3
Rafilito,3,0,3
Rafinya,0,3,3
Rafiona,0,3,3
Rafiqah,0,3,3
Rafiqul,3,0,3
Rafisha,0,3,3
Rafisqy,3,0,3
Rafit,3,0,3
Rafiudin,3,0,3
Rafiullah,3,0,3
Rafiz,3,0,3
Rafizqi,3,0,3
Rafkin,3,0,3
Rafl,3,0,3
Raflesh,3,0,3
Rafli,0,3,3
Rafodeen,3,0,3
Rafosjo,3,0,3
Rafphàello,3,0,3
Rafsaan,3,0,3
Rafsangianni,3,0,3
Rafsanjani,3,0,3
Rafta,0,3,3
Raftaar,3,0,3
Raftar,3,0,3
Rafthar,3,0,3
Rafvelinho,3,0,3
Rafynho,3,0,3
Rafza,0,3,3
Rafzan,3,0,3
Rag,3,0,3
Ragaël,0,3,3
Ragael,0,3,3
Raganie,0,3,3
Ragany,0,3,3
Ragas,3,0,3
Ragaul,0,3,3
Ragavendra,3,0,3
Ragavie,0,3,3
Ragayip,3,0,3
Ragazzy,3,0,3
Ragd,0,3,3
Ragdy,3,0,3
Rageb,3,0,3
Ragei,3,0,3
Ragél,0,3,3
Rageline,0,3,3
Ragelinus,3,0,3
Ragelle,0,3,3
Ragelly,0,3,3
Ragen,3,0,3
Ragenay,0,3,3
Ragence,3,0,3
Ragender,3,0,3
Rageniesoedjatadebie,0,3,3
Rageor,3,0,3
Ragesh,3,0,3
Rageshkoemar,3,0,3
Ragetharan,3,0,3
Ragetly,0,3,3
Ragettie,0,3,3
Ragghianty,3,0,3
Raggiana,0,3,3
Raggiano,3,0,3
Raggiett,3,0,3
Raggina,0,3,3
Raggs,3,0,3
Raghan,3,0,3
Raghanidebie,0,3,3
Raghavendrepersad,3,0,3
Raghaw,3,0,3
Raghdae,0,3,3
Raghdah,0,3,3
Raghel,0,3,3
Ragheniedebie,0,3,3
Raghev,3,0,3
Raghia,0,3,3
Raghida,0,3,3
Raghie,0,3,3
Raghieb,3,0,3
Raghield,0,3,3
Raghila,0,3,3
Raghim,3,0,3
Raghinidevi,0,3,3
Raghma,0,3,3
Raghmalik,3,0,3
Raghmano,3,0,3
Raghméniz,0,3,3
Raghna,0,3,3
Raghnar,3,0,3
Raghnhild,0,3,3
Raghnidevie,0,3,3
Raghnidibie,0,3,3
Raghniedébé,0,3,3
Raghnilda,0,3,3
Raghny,0,3,3
Raghnydevi,0,3,3
Raghoebiersing,3,0,3
Raghoenandan,3,0,3
Raghoenath,3,0,3
Raghoenathsing,3,0,3
Raghoenathsingh,3,0,3
Raghoesingh,3,0,3
Raghu,3,0,3
Raghuwiersing,3,0,3
Raghvindra,3,0,3
Ragiano,3,0,3
Raĝibe,0,3,3
Rağibe,0,3,3
Ragibe,0,3,3
Ragie,0,3,3
Ragiel,3,0,3
Ragiemia,0,3,3
Ragil,0,3,3
Ragilah,0,3,3
Ragild,0,3,3
Ragillio,3,0,3
Ragima,0,3,3
Ragine,0,3,3
Raginer,3,0,3
Ragini-Devi,0,3,3
Raginidebie,0,3,3
Raginidevie,0,3,3
Ragıp,3,0,3
Rağıp,3,0,3
Ragisel,0,3,3
Ragish,3,0,3
Ragisha,0,3,3
Ragmani,0,3,3
Ragmano,3,0,3
Ragmat,3,0,3
Ragmath,3,0,3
Ragmer,3,0,3
Ragmil,3,0,3
Ragnac,3,0,3
Ragnadottir,0,3,3
Ragnard,3,0,3
Ragnardo,3,0,3
Ragnarr,3,0,3
Ragnason,3,0,3
Ragnee,0,3,3
Ragnet,0,3,3
Ragnhild-Lotte,0,3,3
Ragnhildje,0,3,3
Ragnhold,3,0,3
Ragnidevi,0,3,3
Ragnield,0,3,3
Ragnilda,0,3,3
Ragnillio,3,0,3
Ragnita,0,3,3
Ragniwald,3,0,3
Ragnoma,0,3,3
Ragnor,3,0,3
Ragnulf,3,0,3
Ragnvaldr,3,0,3
Ragoem,3,0,3
Ragorley,3,0,3
Ragquell,0,3,3
Ragragi,3,0,3
Raguelle,0,3,3
Raguf,3,0,3
Ragul,3,0,3
Ragusa,3,0,3
Ragwencio,3,0,3
Ragy,3,0,3
Ragyf,3,0,3
RAH,3,0,3
Rah-Zyel,3,0,3
Rahaan,3,0,3
Rahab-Abdul,3,0,3
Rahadi,3,0,3
Rahaely,0,3,3
Rahaisha,0,3,3
Rahaja,0,3,3
Rahajuningsih,0,3,3
Raham,3,0,3
Rahamatoennisa,0,3,3
Rahamed,3,0,3
Rahamedali,3,0,3
Rahana-Naziemagatoen,0,3,3
Rahanagatoen,0,3,3
Rahannah,0,3,3
Rahany,0,3,3
Rahanya,0,3,3
Rahapia,0,3,3
Rahardian,3,0,3
Rahardianto,3,0,3
Rahardjå,3,0,3
Raharimalala,3,0,3
Raharja,3,0,3
Raharyo,3,0,3
Rahasia,0,3,3
Rahatkhan,3,0,3
Rahatullah,3,0,3
Rahaul,3,0,3
Rahavi,0,3,3
Rahawa,0,3,3
Rahay,3,0,3
Rahayuningsih,0,3,3
Rahbot,3,0,3
Rahcied,3,0,3
Rahdja,0,3,3
Rahdjoudi,3,0,3
Rahdna,0,3,3
Rahéany,0,3,3
Raheb,3,0,3
Rahedda,0,3,3
Raheeda,0,3,3
Raheek,0,3,3
Raheemagatoen,0,3,3
Raheemah,0,3,3
Raheen,0,3,3
Raheena,0,3,3
Rahees,3,0,3
Raheesha,0,3,3
Raheik,0,3,3
Räheil,0,3,3
Rahele,0,3,3
Raheli,0,3,3
Rahelio,3,0,3
Rahella,0,3,3
Rahelly,0,3,3
Raheman,3,0,3
Rahéna,0,3,3
Rahender,3,0,3
Rahendra,3,0,3
Raher,3,0,3
Rahet-Ali,3,0,3
Raheya,0,3,3
Rahfaël,0,3,3
Rahfana,0,3,3
Rahgma,0,3,3
Rahha,0,3,3
Rahia,0,3,3
Rahibullah,3,0,3
Rahide,3,0,3
Rahie,0,3,3
Rahieda,0,3,3
Rahiedhoesein,3,0,3
Rahiël,3,0,3
Rahiella,0,3,3
Rahielsha,3,0,3
Rahiemakhatoen,0,3,3
Rahiemen,0,3,3
Rahiemh,3,0,3
Rahies,3,0,3
Rahig,0,3,3
Rahiim,3,0,3
Ráhil,3,0,3
Rahilagatoen,0,3,3
Rahilah,0,3,3
Rahilghatoen,0,3,3
Rahim-Rene,3,0,3
Rahimam,3,0,3
Rahimatali,3,0,3
Rahíme,0,3,3
Rahimenaz,0,3,3
Rahimoen,0,3,3
Rahimon,0,3,3
Rahimullah,3,0,3
Rahin,3,0,3
Rahinagatoen,0,3,3
Rahinah,0,3,3
Rahini-Devi,0,3,3
Rahion,3,0,3
Rahir,3,0,3
Rahisa,0,3,3
Rahisha,0,3,3
Rahissa,0,3,3
Rahita,0,3,3
Rahiyme,0,3,3
Rahiza,0,3,3
Rahjan,3,0,3
Rahjust,3,0,3
Rahkya,0,3,3
Rahlie,0,3,3
Rahm,3,0,3
Rahmaana,0,3,3
Rahmadi,3,0,3
Rahmahadi,3,0,3
Rahmahn,3,0,3
Rahmane,3,0,3
Rahmanur,0,3,3
Rahmat-Nour,3,0,3
Rahmath,3,0,3
Rahmatoellaah,3,0,3
Rahmatoellah,3,0,3
Rahmattia,0,3,3
Rahmatulla,3,0,3
Rahmawaty,0,3,3
Rahmaya,0,3,3
Rahmé,0,3,3
Rahmed,3,0,3
Rahmel,3,0,3
Rahmetoennisha,0,3,3
Rahmetullah,3,0,3
Rahmilcia,0,3,3
Rahmlee-Michael,3,0,3
Rahmman,3,0,3
Rahmot,0,3,3
Rahmoun,3,0,3
Rahmouna,0,3,3
Rahmoune,3,0,3
Rahmses,3,0,3
Rahmun,3,0,3
Rahmy,3,0,3
Rahna,0,3,3
Rahnan,3,0,3
Rahniel,3,0,3
Rahnoe,0,3,3
Raho,0,3,3
Rahoef,3,0,3
Rāhoela,3,0,3
Rahoerila,3,0,3
Rahol,3,0,3
Rahoon,3,0,3
Rahouwa,0,3,3
Rahquin,3,0,3
Rahsan,0,3,3
Rahsean,3,0,3
Rahshandey,0,3,3
Rahsied,3,0,3
Rahsiet,3,0,3
Rahsoel,3,0,3
Rahsul,3,0,3
Rahul-Ray,3,0,3
Rahuldave,3,0,3
Rahuul,3,0,3
Rahvi,3,0,3
Rahvin,3,0,3
Rahyann,3,0,3
Rahyma,0,3,3
Rahzell,3,0,3
Rahzny,0,3,3
Rai'enchelo,3,0,3
Rai'sheal,3,0,3
Rai'Sheal,3,0,3
Rai-Anna,0,3,3
Rai-Di,3,0,3
Rai-Jedemy,3,0,3
Raï-Matthia,3,0,3
Rai-Michell,3,0,3
Rai-millio,3,0,3
Rai-Yonel,3,0,3
Raiaan,3,0,3
Raiahana,0,3,3
Raiamunda,0,3,3
Raiany,0,3,3
Raica,0,3,3
Raïch,3,0,3
Raïcha-Ghatoen,0,3,3
Raichael,3,0,3
Raichand,3,0,3
Raichandro,3,0,3
Raichar,3,0,3
Raichario,3,0,3
Raichda,0,3,3
Raïchel,0,3,3
Raichelin,0,3,3
Raicheline,0,3,3
Raichelino,3,0,3
Raichell,3,0,3
Raichella,0,3,3
Raichello,3,0,3
Raichelmently,3,0,3
Raichelson,3,0,3
Raichemar,3,0,3
Raichena,0,3,3
Raichendel,3,0,3
Raichendleij,3,0,3
Raichendly,3,0,3
Raichenell,3,0,3
Raichenelly,0,3,3
Raicheno,3,0,3
Raicherie,0,3,3
Raicho,3,0,3
Raichonairo,3,0,3
Raichontly,3,0,3
Raichuel,3,0,3
Raiciana,0,3,3
Raiciano,3,0,3
Raicillio,3,0,3
Raicko,3,0,3
Raid-Abdul,3,0,3
Raidaen,3,0,3
Raidell,3,0,3
Raidelys,0,3,3
Raidelyson,3,0,3
Raidgley,3,0,3
Raidgniel,3,0,3
Raidho,3,0,3
Raidienegelo,3,0,3
Raidiënsheanix,0,3,3
Raidion,3,0,3
Raidjemin,3,0,3
Raidjil,3,0,3
Raidle,3,0,3
Raidngiel,3,0,3
Raidngil,3,0,3
Raidrick,3,0,3
Raidrid,3,0,3
Raidun,0,3,3
Raidy,3,0,3
Raidyanira,0,3,3
Raied,3,0,3
Raiefa,0,3,3
Raïefa,0,3,3
Raiefhoesein,3,0,3
Raiehaan,3,0,3
Raïel,3,0,3
Raiël,3,0,3
Raielle,0,3,3
Raiëlle,0,3,3
Raïesagatoen,0,3,3
Raïeskhan,3,0,3
Raïez,3,0,3
Raieza,0,3,3
Raiëzah,0,3,3
Raifah,0,3,3
Raifali,3,0,3
Raïff,3,0,3
Raiff,3,0,3
Raiganio,3,0,3
Raigany,3,0,3
Raïgel,3,0,3
Râigel,3,0,3
Raigelniels,3,0,3
Raiger,3,0,3
Raigey,3,0,3
Raigiano,3,0,3
Raigilaine,0,3,3
Raiginaldus,3,0,3
Raiginel,3,0,3
Raigo,3,0,3
Raigorge,3,0,3
Raigoza,0,3,3
Raiha,0,3,3
Ràihaan,3,0,3
Raihaana,0,3,3
Raïhan,0,3,3
Raïhane,0,3,3
Raihèna,0,3,3
Raihill,0,3,3
Raihja,0,3,3
Raihman,3,0,3
Raihmille,3,0,3
Raihna,0,3,3
Raïhsa,0,3,3
Raihsrie,0,3,3
Raihy,3,0,3
Raiïchelle,0,3,3
Raiil,3,0,3
Raiito,3,0,3
Raïjaan,3,0,3
Raïjah,0,3,3
Raijano,3,0,3
Raijchrie,0,3,3
Raijco,3,0,3
Raijdith,0,3,3
Raijeana,0,3,3
Raijeanla,0,3,3
Raijendre,3,0,3
Raijer,3,0,3
Raijeven,3,0,3
Raijin,3,0,3
Raijkumar,3,0,3
Raijlagatoen,0,3,3
Raijmiel,3,0,3
Raijmonth,3,0,3
Raijmundo,3,0,3
Raijn,3,0,3
Raijnalda,0,3,3
Raijnerus,3,0,3
Raijni,0,3,3
Raijon,3,0,3
Raijsa,0,3,3
Raijsha,0,3,3
Raijsheliene,0,3,3
Raijshree,0,3,3
Raijv,3,0,3
Raijza,0,3,3
Raïk,3,0,3
Raïka,0,3,3
Raïkel,3,0,3
Raïla,0,3,3
Railan,3,0,3
Railaysha,0,3,3
Railda,0,3,3
Raile,3,0,3
Railee,3,0,3
Raileigh,3,0,3
Railesh,3,0,3
Railey-ann,0,3,3
Railiano,3,0,3
Railie,3,0,3
Railitio,3,0,3
Railiyen,0,3,3
Railly-Jay,3,0,3
Raillyen,0,3,3
Railon,3,0,3
Raily-Son,3,0,3
Railykson,3,0,3
Railylon,3,0,3
Railyon,3,0,3
Railysha,0,3,3
Railyviën,3,0,3
Raimah,0,3,3
Raiman,3,0,3
Raimbert,3,0,3
Raimelino,3,0,3
Raimely,0,3,3
Raimelyne,0,3,3
Raimiele,3,0,3
Raimigio,3,0,3
Raimil,3,0,3
Raimilda,0,3,3
Raimishon,3,0,3
Raimler,3,0,3
Raimmondo,3,0,3
Raimoendo,3,0,3
Raimok,0,3,3
Raimond-Bernard,3,0,3
Raimond-Jan,3,0,3
Raimont,3,0,3
Raimud,3,0,3
Raimun,3,0,3
Raimunde,0,3,3
Raimundis,3,0,3
Raimy-Lynne,0,3,3
Raimyëan,3,0,3
Rain-Beau,3,0,3
Rainá,0,3,3
Rainaah,0,3,3
Rainah,0,3,3
Rainailys,0,3,3
Rainalda,0,3,3
Rainard,3,0,3
Rainarius,3,0,3
Rainath,3,0,3
Rainchel,0,3,3
Rainda,3,0,3
Raindel,3,0,3
Raïndo,3,0,3
Rainé,3,0,3
Rainée,3,0,3
Rainee,3,0,3
Raineesh,3,0,3
Raineij,3,0,3
Raineldo,3,0,3
Rainerlys,0,3,3
Raiñero,3,0,3
Rainetta,0,3,3
Raineyl,3,0,3
Raingel,0,3,3
Rainha,0,3,3
Rainhart,3,0,3
Rainho,0,3,3
Rainia,0,3,3
Rainier-Alexander,3,0,3
Rainiery,3,0,3
Rainihzly,3,0,3
Rainildis,0,3,3
Rainilyo,3,0,3
Raïnio,3,0,3
Rainir,3,0,3
Rainirius,3,0,3
Rainischa,0,3,3
Rainisha,0,3,3
Rainishia,0,3,3
Rainissa,0,3,3
Rainn,0,3,3
Raïnna,0,3,3
Rainny,3,0,3
Raïno,3,0,3
Rainsley,3,0,3
Rainu,3,0,3
Rainville,3,0,3
Raio,3,0,3
Raionell,3,0,3
Raiquen,3,0,3
Raïratou,0,3,3
Raireva,3,0,3
Raísa,0,3,3
Raïsagatoen,0,3,3
Raisagatoen,0,3,3
Raisaghatoen,0,3,3
Raisand,3,0,3
Raisch,3,0,3
Raischa,0,3,3
Raischree,0,3,3
Raischridevi,0,3,3
Raisen,3,0,3
Raiser,3,0,3
Raiserie,0,3,3
Raishaella,0,3,3
Raishahelys,0,3,3
Raishaina,0,3,3
Raishainely,0,3,3
Raishaino,3,0,3
Raishall,3,0,3
Raishan,3,0,3
Raishana,0,3,3
Raishaney,0,3,3
Raishaniq,0,3,3
Raishanti,0,3,3
Raishanty,0,3,3
Raisharie,0,3,3
Raisharley,0,3,3
Raisheena,0,3,3
Raisheenadebie,0,3,3
Raishehil,3,0,3
Raishelina,0,3,3
Raishelinho,3,0,3
Raishell,3,0,3
Raishella,0,3,3
Raïshella,0,3,3
Raishello,3,0,3
Raishellon,3,0,3
Raishelton,3,0,3
Raishelys,0,3,3
Raishen,3,0,3
Raishena,0,3,3
Raishenella,0,3,3
Raishenelly,0,3,3
Raishently,3,0,3
Raishery,0,3,3
Raïshia,0,3,3
Raishkumar,3,0,3
Raishma,0,3,3
Raishmie,0,3,3
Raishomar,3,0,3
Raishria,0,3,3
Raishriekumarie,0,3,3
Raishry,0,3,3
Raisia,0,3,3
Raisiëry,0,3,3
Raising,3,0,3
Raisingh,3,0,3
Raisjenie,0,3,3
Raisl,0,3,3
Raisly,0,3,3
Raisree,0,3,3
Raisreekumari,0,3,3
Raisrijdebie,0,3,3
Raisry,0,3,3
Raïssa-Omayra,0,3,3
Raïsscha,0,3,3
Raïssha,0,3,3
Raissinaï,0,3,3
Raïssoul,3,0,3
Raissya,0,3,3
Raistri,0,3,3
Raistrie,0,3,3
Raisyah,0,3,3
Raïsza,0,3,3
Raisza,0,3,3
Raïszah,0,3,3
Raiszo,3,0,3
Raitakoemarie,0,3,3
Raithel,3,0,3
Raitho,3,0,3
Raitse,3,0,3
Raïva,0,3,3
Raivel,3,0,3
Raiveljen,3,0,3
Raivenley,3,0,3
Raiviëlla,0,3,3
Raivien,0,3,3
Raiviño,3,0,3
Raivique,3,0,3
Raïvo,3,0,3
Raiwina,0,3,3
Raiwis,3,0,3
Raixshelo,3,0,3
Raiyanique,0,3,3
Raiyel,3,0,3
Raiyell,3,0,3
Raiyin,3,0,3
Raiylan,3,0,3
Raiyllison,3,0,3
Raiymundus,0,3,3
Raiyon,3,0,3
Raiyshrie,0,3,3
Raìz,3,0,3
Raizamara,0,3,3
Raizen,3,0,3
Raizhen,3,0,3
Raïzmohamed,3,0,3
Raizor,3,0,3
Raizy,0,3,3
Raj-Aryen,3,0,3
Raj-Kishan,3,0,3
Raj-Laxsmi,0,3,3
Raj-Rajeshvari,0,3,3
Raj-Veer,3,0,3
Raja-Asem,3,0,3
Rajaà,0,3,3
Rajaä,0,3,3
Rajabu,3,0,3
Rajac,3,0,3
Rajacenna,0,3,3
Rajad,3,0,3
Rajaelvia,0,3,3
Rajaen,3,0,3
Rajaena,0,3,3
Rajaira,0,3,3
Rajaishree,0,3,3
Rajakumar,3,0,3
Rajamani,0,3,3
Rajandra,0,3,3
Rajandre,3,0,3
Rajanee,0,3,3
Rajanidebi,0,3,3
Rajanies,0,3,3
Rajanna,3,0,3
Rajano,3,0,3
Rajant,3,0,3
Rajany,0,3,3
Rajaruban,0,3,3
Rajasa,3,0,3
Rajasingh,3,0,3
Rajat,3,0,3
Rajath,3,0,3
Rajatma,3,0,3
Rajava,3,0,3
Rajay,3,0,3
Rajaydién,3,0,3
Rajayla,0,3,3
Rajbahadoer,3,0,3
Rajchana,0,3,3
Rajchree,0,3,3
Rajdai,0,3,3
Rajdawinder,3,0,3
Rajday,0,3,3
Rajdbalie,3,0,3
Rajdei,0,3,3
Rajdi,0,3,3
Rajdkamal,3,0,3
Rajdnhie,0,3,3
Raje-ana,0,3,3
Rajeanel,3,0,3
Rajeb,3,0,3
Rajeck,3,0,3
Rajee,3,0,3
Rajeef,3,0,3
Rajeenkumar,3,0,3
Rajees,3,0,3
Rajeesh,3,0,3
Rajeeshree,0,3,3
Rajeet,3,0,3
Rajeeth,3,0,3
Rajeetha,0,3,3
Rajeetsingh,3,0,3
Rajeevan,3,0,3
Rajeevpersad,3,0,3
Rajeevsing,3,0,3
Rajeew,3,0,3
Rajeewa,3,0,3
Rajeh,3,0,3
Rajehskoemar,3,0,3
Rajel,3,0,3
Rajelle,0,3,3
Rajély,0,3,3
Rajem,0,3,3
Rajèn,3,0,3
Rajén,3,0,3
Rajencio,3,0,3
Rajenco,3,0,3
Rajendar,3,0,3
Rajendarkumar,3,0,3
Rajenderkumar,3,0,3
Rajenderlall,3,0,3
Rajenderpersad,3,0,3
Rajendersingh,3,0,3
Rajendill,3,0,3
Rájendra,3,0,3
Rajendrakumar,3,0,3
Rajendran,3,0,3
Rajendranath,3,0,3
Rajendrapersad,3,0,3
Rajendre-Prekash,3,0,3
Rajendrekoemar,3,0,3
Rajendrenath,3,0,3
Rajendrick,3,0,3
Rajendro,3,0,3
Rajenely,0,3,3
Rajeni,0,3,3
Rajenie,0,3,3
Rajenko,3,0,3
Rajenn,3,0,3
Rajenna,0,3,3
Rajenthely,0,3,3
Rajentie,0,3,3
Rajently,3,0,3
Rajes,3,0,3
Rajesh-Hanoemansing,3,0,3
Rajesh-Sharma,3,0,3
Rajeshiri,0,3,3
Rajeshkoemar,3,0,3
Rajeshna,0,3,3
Rajeshnand,3,0,3
Rajeshree,0,3,3
Rajeshrie,0,3,3
Rajeshsingh,3,0,3
Rajeshwarkoemar,3,0,3
Rajeshwhor,3,0,3
Rajeskanna,3,0,3
Rajeskoemar,3,0,3
Rajeswaran,3,0,3
Rajeswer,3,0,3
Rajeth,0,3,3
Rajetharan,3,0,3
Rajhenie,0,3,3
Rajhin,3,0,3
Rajhino,3,0,3
Rajhkoemar,3,0,3
Rajhnie,0,3,3
Rajhsri,0,3,3
Rajiaa,0,3,3
Rajief,3,0,3
Rajiem,3,0,3
Rajiendhar,3,0,3
Rajiesa,0,3,3
Rajihven,3,0,3
Rajiivan,3,0,3
Rajina,0,3,3
Rajindere,3,0,3
Rajindernath,3,0,3
Rajinderperkash,3,0,3
Rajindersing,3,0,3
Rajindranath,3,0,3
Rajindrekumar,3,0,3
Rajinho,3,0,3
Rajinidevi,0,3,3
Rajinie,0,3,3
Rajinna,0,3,3
Rajintha,0,3,3
Rajish,3,0,3
Rajisha,0,3,3
Rãjiv,3,0,3
Rajiv-Avinash,3,0,3
Rajiv-Kumar,3,0,3
Rajiva,3,0,3
Rajivani,0,3,3
Rajivini,0,3,3
Rajivkapoor,3,0,3
Rajivsingh,3,0,3
Rajja,0,3,3
Rajjaan,3,0,3
Rajjen,3,0,3
Rajk,3,0,3
Rajkalus,3,0,3
Rajkannya,0,3,3
Rajkapoer,3,0,3
Rajkapoor,3,0,3
Rajkaran,3,0,3
Rajkavi,3,0,3
Rajkoemari,0,3,3
Rajkoemarsingh,3,0,3
Rajkomar,3,0,3
Rajkumarsing,3,0,3
Rajkumarsingh,3,0,3
Rajkumer,3,0,3
Rajkunwar,3,0,3
Rajlakshmi,0,3,3
Rajma,0,3,3
Rajmaniekumar,3,0,3
Rajmenu,3,0,3
Rajmilo,3,0,3
Rajmo,3,0,3
Rajmunda,0,3,3
Rajnandini,0,3,3
Rajnath,3,0,3
Rajneel,0,3,3
Rajneeshkumar,3,0,3
Rajnì,0,3,3
Rajnidebie,0,3,3
Rajnidevie,0,3,3
Rajniedebie,0,3,3
Rajnikanth,3,0,3
Rajnikumarie,0,3,3
Rajnisayadevi,0,3,3
Rajno,3,0,3
Rajny,0,3,3
Rajon,3,0,3
Rajonemul,3,0,3
Rajori,3,0,3
Rajpat,3,0,3
Rajpersad,3,0,3
Rajpriya,0,3,3
Rajput,3,0,3
Rajresh,3,0,3
Rajrishi,3,0,3
Rajs,3,0,3
Rajshini,0,3,3
Rajshni,0,3,3
Rajshree-Shabanie,0,3,3
Rajshreedebie,0,3,3
Rajshridebie,0,3,3
Rajshriedevi,0,3,3
Rajshuar,3,0,3
Rajsingh,3,0,3
Rajsri,0,3,3
Rajsridebie,0,3,3
Rajstredebie,0,3,3
Rajstrie,0,3,3
Rajuh,3,0,3
Rajvansh,3,0,3
Rajvanshilal,3,0,3
Rajvantidevi,0,3,3
Rajvik,3,0,3
Rajvika,0,3,3
Rajvirpersad,3,0,3
Rajw,3,0,3
Rajwah,0,3,3
Rajwanti,0,3,3
Rajwier,3,0,3
Rajwinder,3,0,3
Rajwir,3,0,3
Rajyeshwar,3,0,3
Rajyv,3,0,3
Rak,3,0,3
Rakâ,3,0,3
Rakanda,3,0,3
Rakautama,3,0,3
Rakavi,0,3,3
Rakayleigh,0,3,3
Rakcha,0,3,3
Rakchapriya,0,3,3
Rakchieka,0,3,3
Rake,0,3,3
Rakeam,3,0,3
Rakean,3,0,3
Rakeel,0,3,3
Rakees,3,0,3
Rakeesh,3,0,3
Rakeeshkumar,3,0,3
Rakeeskwar,3,0,3
Rakehs,3,0,3
Rakeilyson,3,0,3
Rakellyta,0,3,3
Rakes,3,0,3
Rakèsh,3,0,3
Rakesh-Kumar,3,0,3
Rakesh-Saileskoemar,3,0,3
Rakeshdoebé,3,0,3
Rakeshsingh,3,0,3
Rakesj,3,0,3
Rakesjh,3,0,3
Rakesk,3,0,3
Rakhee-debi,0,3,3
Rakhesh,3,0,3
Rakhia,0,3,3
Rakhim,3,0,3
Rakibe,0,3,3
Rakibhoesein,3,0,3
Rakicha,0,3,3
Rakida,0,3,3
Rakidjo,3,0,3
Rakiebhoesein,3,0,3
Rakiema,0,3,3
Rakienah,0,3,3
Rakima,0,3,3
Rakimhoesein,3,0,3
Rakimin,3,0,3
Rakiskoemaar,3,0,3
Rakiskoemar,3,0,3
Rakiyah,0,3,3
Rakiye,0,3,3
Rakkani,3,0,3
Rakoen,0,3,3
Rakoni,0,3,3
Raksalikhit,3,0,3
Raksan,0,3,3
Raksanah,0,3,3
Rakshay,3,0,3
Rakshena,0,3,3
Rakshin,3,0,3
Rakshit,3,0,3
Rakshita,0,3,3
Rakshitha,0,3,3
Rakshnadevi,0,3,3
Raksnadevi,0,3,3
Rakuram,3,0,3
Raky,0,3,3
Rakysha,0,3,3
Ral,3,0,3
Ralaue'e,3,0,3
Raldatravis,3,0,3
Ralder,3,0,3
Raldian,3,0,3
Raldin,3,0,3
Raldini,0,3,3
Raldnor,3,0,3
Rale,0,3,3
Râle,0,3,3
Raleigh-Ann,0,3,3
Ralelfio,3,0,3
Ralena,0,3,3
Raley,3,0,3
Raleyna,0,3,3
Ralf-Aimé,3,0,3
Ralf-David,3,0,3
Ralf-Leon,3,0,3
Ralf-Robbert,3,0,3
Ralfael,3,0,3
Ralfano,3,0,3
Ralfie,3,0,3
Ralfina,0,3,3
Ralfonso,3,0,3
Ralfshentley,3,0,3
Ralfus,3,0,3
Raliatu,0,3,3
Ralien,3,0,3
Ralina,0,3,3
Ralinde,0,3,3
Ralini,0,3,3
Ralishia,0,3,3
Ralista,0,3,3
Ralitsia,0,3,3
Ralle-Liselot,0,3,3
Rallie,3,0,3
Rallis,3,0,3
Rallo,3,0,3
Rālly,3,0,3
Raloucka,0,3,3
Ralph-Bart,3,0,3
Ralph-Dirk,3,0,3
Ralph-Johannes,3,0,3
Ralph-Kai,3,0,3
Ralph-Karsten,3,0,3
Ralph-Larson,3,0,3
Ralph-Lucas,3,0,3
Ralph-Richard,3,0,3
Ralph-Rutger,3,0,3
Ralphael,3,0,3
Ralphaëla,0,3,3
Ralphaella,0,3,3
Ralphaëlla,0,3,3
Ralphána,0,3,3
Ralphanelly,3,0,3
Ralphée,0,3,3
Ralphelito,3,0,3
Ralphia,0,3,3
Ralphiëlla,0,3,3
Ralphino,3,0,3
Ralphiño,3,0,3
Ralphius,3,0,3
Ralphons,3,0,3
Ralphonso,3,0,3
Ralphonsus,3,0,3
Ralphord,3,0,3
Ralphxiomar,3,0,3
Ralphy,3,0,3
Ralston,3,0,3
Ralúna,0,3,3
Ralvy,3,0,3
Raly,3,0,3
Ralysha,0,3,3
Rám,3,0,3
RAM,3,0,3
Ram-Anand,3,0,3
Ram-Kumar,3,0,3
Ram-Lee,3,0,3
Ram-Manohar,3,0,3
Rāma,3,0,3
Rama-Dasa,3,0,3
Rama-Feline,0,3,3
Rama-Nanda,3,0,3
Rama-Priya,0,3,3
Ramadana,0,3,3
Ramadevie,0,3,3
Ramadhaan,3,0,3
Ramadhania,0,3,3
Ramadhia,3,0,3
Ramadhian,0,3,3
Ramadin,3,0,3
Ramagya,3,0,3
Ramail,3,0,3
Ramain,3,0,3
Ramainey,0,3,3
Ramairo,3,0,3
Ramaisa,0,3,3
Ramaiya,3,0,3
Ramak,0,3,3
Ramakant,3,0,3
Ramakrishnan,3,0,3
Ramal,3,0,3
Ramalho,3,0,3
Ramalia,0,3,3
Ramalinga,3,0,3
Ramalya,0,3,3
Ramanan,3,0,3
Ramanand-Siva,3,0,3
Ramananda,3,0,3
Rāmānanda,3,0,3
Ramanandie,0,3,3
Ramanandvarma,3,0,3
Ramanath,3,0,3
Ramandeepkaur,0,3,3
Ramandip,0,3,3
Ramando,3,0,3
Ramankumar,3,0,3
Ramanprit,0,3,3
Ramansing,3,0,3
Ramant,3,0,3
Ramanujsingh,3,0,3
Ramapersad,3,0,3
Ramaputra,3,0,3
Ramara,0,3,3
Ramaraddai,0,3,3
Ramarcy,3,0,3
Ramarendra,3,0,3
Ramasre,3,0,3
Ramatha,0,3,3
Ramathaïm,3,0,3
Ramatoela,3,0,3
Ramatoulie,0,3,3
Ramatru,0,3,3
Ramatula,0,3,3
Ramautarsing,3,0,3
Ramayah,3,0,3
Ramayca,0,3,3
Ramayco,3,0,3
Ramayka,0,3,3
Ramayro,3,0,3
Ramaysha,0,3,3
Ramaz,3,0,3
Ramazan-Sami,3,0,3
Rambahadoer,3,0,3
Rambalie,3,0,3
Ramballie,3,0,3
Rambarand,3,0,3
Rambasi,0,3,3
Rambertha,0,3,3
Rambierpersad,3,0,3
Rambla,0,3,3
Rambocus,3,0,3
Rambout,3,0,3
Rambreng,3,0,3
Rambrey,3,0,3
Rambrich,3,0,3
Rambu,0,3,3
Ramchand,3,0,3
Ramcharitar,3,0,3
Ramchellica,0,3,3
Ramchwelica,0,3,3
Ramco,3,0,3
Ramcy,3,0,3
Ramdaan,3,0,3
Ramdarain,3,0,3
Ramdaris,0,3,3
Ramdew-Krishan,3,0,3
Ramdhan,3,0,3
Ramdhani,3,0,3
Ramdhirkoemar,3,0,3
Ramdhonnie,3,0,3
Ramdi,3,0,3
Ramdjaan,3,0,3
Ramdjanam,3,0,3
Ramdjethsing,3,0,3
Ramdjiawan,3,0,3
Ramdjiet,3,0,3
Ramdoelare,3,0,3
Ramdolari,3,0,3
Ramdularie,0,3,3
Rameaux,3,0,3
Ramee,3,0,3
Ramée,0,3,3
Rameel,3,0,3
Rameela-Devi,0,3,3
Rameesa,0,3,3
Ramei,3,0,3
Rameij,0,3,3
Ramein,3,0,3
Rämel,3,0,3
Ramel,3,0,3
Ramelzo,3,0,3
Ramendar,3,0,3
Ramendo,3,0,3
Rameo,3,0,3
Raméon,3,0,3
Rameon,3,0,3
Rameoni,0,3,3
Ramesarkoemar,3,0,3
Rameserenath,3,0,3
Rameses,3,0,3
Ramesh-Chandra,3,0,3
Ramesh-Kumar,3,0,3
Rameshchandre,3,0,3
Rameshdeu,3,0,3
Rameshjunior,3,0,3
Rameshkanna,0,3,3
Rameshkumar,3,0,3
Rameshvar,3,0,3
Rameshvaram,3,0,3
Rameshvari,0,3,3
Rameshvijay,3,0,3
Rameshwan,3,0,3
Rameshwari,0,3,3
Rameshwarpersad,3,0,3
Rameshwer,3,0,3
Ramesis,3,0,3
Rameskannan,3,0,3
Ramesses,3,0,3
Ramessingh,3,0,3
Rameswar,3,0,3
Ramfys,3,0,3
Ramganesh,3,0,3
Ramha,0,3,3
Ramharakh,3,0,3
Ramhilde,0,3,3
Ramhlee,3,0,3
Rami-Osman,3,0,3
Ramialda,0,3,3
Ramichie,3,0,3
Ramick,3,0,3
Ramidi,3,0,3
Ramidin,3,0,3
Ramidjem,0,3,3
Ramiël,3,0,3
Ramiela,0,3,3
Ramiëla,0,3,3
Ramiëlla,0,3,3
Ramiena,0,3,3
Ramiene,3,0,3
Ramierés,3,0,3
Ramieza-banu,0,3,3
Ramijana,0,3,3
Ramijar,3,0,3
Ramijatie,0,3,3
Ramijem,0,3,3
Ramijn,3,0,3
Ramiles,3,0,3
Ramilia,0,3,3
Ramilito,3,0,3
Ramiljo,3,0,3
Ramillo,3,0,3
Ramilton,3,0,3
Ramim,3,0,3
Ramimme,0,3,3
Ramindra,3,0,3
Ramindrapersad,3,0,3
Raminem,0,3,3
Raminio,3,0,3
Raminne,0,3,3
Ramiresh,3,0,3
Ramírez,3,0,3
Ramìrez,3,0,3
Ramiris,3,0,3
Ramìro,3,0,3
Ramíro,3,0,3
Ramisah,0,3,3
Ramisan,3,0,3
Ramische,3,0,3
Ramises,3,0,3
Ramishwar,3,0,3
Ramisia,0,3,3
Ramiththa,0,3,3
Ramizcan,3,0,3
Ramize,0,3,3
Ramja,3,0,3
Ramjad,3,0,3
Ramjanam,3,0,3
Ramjar,3,0,3
Ramje,3,0,3
Ramkali,0,3,3
Ramkant,3,0,3
Ramkewal,3,0,3
Ramkhelawan,0,3,3
Ramkishan,3,0,3
Ramko,3,0,3
Ramkrishne,3,0,3
Ramlae,0,3,3
Ramlagan,3,0,3
Ramlaghaan-Sharma,3,0,3
Ramlal,3,0,3
Ramlall,3,0,3
Ramlan,3,0,3
Ramlef,3,0,3
Ramley,3,0,3
Ramlie,0,3,3
Rammanyu,3,0,3
Rammendeep,3,0,3
Rammie,3,0,3
Rammilo,3,0,3
Rammin,3,0,3
Rammoeratsingh,3,0,3
Rammoertie,3,0,3
Rammonda,0,3,3
Ramnares,3,0,3
Ramnathan,3,0,3
Ramnazan,0,3,3
Ramnewaas,3,0,3
Ramnewash,3,0,3
Ramnicha,0,3,3
Ramnietra,0,3,3
Ramnik,3,0,3
Ramnisha,0,3,3
Ramnyuy,3,0,3
Ramoa,3,0,3
Ramoe-Dada,3,0,3
Ramoël,3,0,3
Ramoenja,0,3,3
Ramogi,3,0,3
Ramoi,3,0,3
Ramola,0,3,3
Ramolah,0,3,3
Ramolina,0,3,3
Ramolita,0,3,3
Ramõn,3,0,3
Rãmon,3,0,3
Rámon-Anil,3,0,3
Ramon-Félon,3,0,3
Ramon-Micha,3,0,3
Ramon-Tobias,0,3,3
Ramòn-Xavier,3,0,3
Ramóna,0,3,3
Ramonchenko,3,0,3
Ramonchito,3,0,3
Ramônd,3,0,3
Ramondy,3,0,3
Ramóne,3,0,3
Ramones,3,0,3
Ramoni,0,3,3
Ramonia,0,3,3
Ramonielle,0,3,3
Ramonige,3,0,3
Ramonita,0,3,3
Ramonito,3,0,3
Ramonne,0,3,3
Ramonovich,3,0,3
Ramonszoon,3,0,3
Ramontarsingh,3,0,3
Ramoon,3,0,3
Ramoriën,3,0,3
Ramota,0,3,3
Ramoti,3,0,3
Ramotu,0,3,3
Ramoud,3,0,3
Ramouni,3,0,3
Ramoushya,0,3,3
Ramowa,0,3,3
Rampal,3,0,3
Rampersaad,3,0,3
Rampertaap,3,0,3
Ramphies,3,0,3
Ramphy,3,0,3
Rampiare,3,0,3
Rampiarie,0,3,3
Ramprekash,3,0,3
Rampresad,3,0,3
Rampyari,0,3,3
Rampyarie,0,3,3
Ramraadj,3,0,3
Ramradje,0,3,3
Ramradji,0,3,3
Ramraten,3,0,3
Ramrathi,0,3,3
Ramrathie,0,3,3
Ramratidevi,0,3,3
Ramroepprasad,3,0,3
Ramsa,0,3,3
Ramsamudj,3,0,3
Ramsan,3,0,3
Ramsanoedj,3,0,3
Ramsaran,3,0,3
Ramsaroe,3,0,3
Ramsaroop,3,0,3
Ramsen,3,0,3
Ramses-Alexander,3,0,3
Ramsesh,3,0,3
Ramsewakpersad,3,0,3
Ramshah,0,3,3
Ramshain,3,0,3
Ramshankar,3,0,3
Ramshein,3,0,3
Ramshika,0,3,3
Ramsia,0,3,3
Ramsie,0,3,3
Ramsieroman,3,0,3
Ramsina,0,3,3
Ramsine,0,3,3
Ramsinh,3,0,3
Ramsise,3,0,3
Ramsiya,0,3,3
Ramsnehie,3,0,3
Ramsoekh,3,0,3
Ramsoemeer,3,0,3
Ramsoenderdath,3,0,3
Ramsoendersing,3,0,3
Ramsroop,3,0,3
Ramswamie,3,0,3
Ramta,0,3,3
Ramtha,0,3,3
Ramtien,3,0,3
Ramtjallitter,3,0,3
Ramualdo,3,0,3
Ramucha,0,3,3
Ramun,3,0,3
Ramūnas,3,0,3
Ramundo,3,0,3
Ramuntcho,3,0,3
Ramuntscho,3,0,3
Ramuntxo,3,0,3
Ramute,0,3,3
Ramwatie,0,3,3
Ramyaa,0,3,3
Ramyaar,3,0,3
Ramyc,3,0,3
Ramyl,3,0,3
Ramyrò,3,0,3
Ramza,0,3,3
Ramzanali,3,0,3
Ramzi-Dean,3,0,3
Ramzia,0,3,3
Ramzida,0,3,3
Ramziè,0,3,3
Ramziedien,3,0,3
Ramzija,0,3,3
Ramziyya,0,3,3
Ran-Young,0,3,3
Rãnã,0,3,3
Ränä,0,3,3
Ranâ-Lina,0,3,3
Rana-Pratap,3,0,3
Rânaa,0,3,3
Ranaad,0,3,3
Ranada,0,3,3
Ranadawi,0,3,3
Rânâgül,0,3,3
Ranahpertabsingh,3,0,3
Ranaia,0,3,3
Ranaïs,0,3,3
Ranaisa,0,3,3
Ranaiska,0,3,3
Ranaisya,0,3,3
Ranait,0,3,3
Ranak,3,0,3
Ranal,3,0,3
Ranamcherry,3,0,3
Ranàn,3,0,3
Rananda,0,3,3
Ranangely,0,3,3
Rananka,0,3,3
Ranapretapsingh,3,0,3
Ranario,3,0,3
Ranasingh,3,0,3
Ranasu,0,3,3
Ranato,3,0,3
Ranaud,3,0,3
Ranawaka,3,0,3
Ranaythan,3,0,3
Ranazo,3,0,3
Rance,3,0,3
Ranch,3,0,3
Ranchédely,0,3,3
Ranchelien,0,3,3
Ranchell,0,3,3
Ranchero,0,3,3
Ranchida,0,3,3
Ranchilio,3,0,3
Rancis,3,0,3
Rand'aisha,0,3,3
Randall-Rain,3,0,3
Randall-Roy,3,0,3
Randan,3,0,3
Randau,3,0,3
Randèl,3,0,3
Randelies,0,3,3
Randely,0,3,3
Randen,3,0,3
Randhan,3,0,3
Randhani,0,3,3
Randhawasingh,3,0,3
Randheer,3,0,3
Randhierkoemar,3,0,3
Randhierkumar,3,0,3
Randhiersain,3,0,3
Randi-Joe,0,3,3
Randiawan,3,0,3
Randiëly,0,3,3
Randiernath,3,0,3
Randij,3,0,3
Randill,3,0,3
Randilynn,0,3,3
Randine,0,3,3
Randip,0,3,3
Randis,3,0,3
Randjanadibie,0,3,3
Randjani-Devi,0,3,3
Randjaniedevi,0,3,3
Randjankoemar,3,0,3
Randjansingh,3,0,3
Randjeel,3,0,3
Randjeet,3,0,3
Randjel,3,0,3
Randjel-Nathaniël,3,0,3
Randjéna,0,3,3
Randjeniedevi,0,3,3
Randjeniedevie,0,3,3
Randjennesh,3,0,3
Randjerio,3,0,3
Randjet,3,0,3
Randjev,3,0,3
Randjid-Rabindernath,3,0,3
Randjiev,3,0,3
Randjini,0,3,3
Randjinie,0,3,3
Randjita,0,3,3
Randjitsingh,3,0,3
Randjna,0,3,3
Randjstone,3,0,3
Randjwantie,0,3,3
Randley,3,0,3
Randoald,3,0,3
Randol,3,0,3
Rändolf,3,0,3
Randolff,3,0,3
Randolfh,3,0,3
Randolfo,3,0,3
Randolfus,3,0,3
Randolph-Collin,3,0,3
Randolpho,3,0,3
Randolphsdotter,0,3,3
Randor,3,0,3
Randora,0,3,3
Randorf,3,0,3
Randou,3,0,3
Randriamazava,0,3,3
Randshantelly,0,3,3
Randsly,3,0,3
Randulph,3,0,3
Randulphus,3,0,3
Rändy,3,0,3
Randy-Aryse,0,3,3
Randy-Lee,3,0,3
Randy-Ray,3,0,3
Randy-Victor,3,0,3
Randys,3,0,3
Ranè,3,0,3
Raneeka,0,3,3
Raneel,0,3,3
Raneely,0,3,3
Raneen,0,3,3
Raneika,3,0,3
Raneisha,0,3,3
Ranek,3,0,3
Ranel,3,0,3
Raneli,0,3,3
Ranella,0,3,3
Ranelle,0,3,3
Ranelli,0,3,3
Ranem,0,3,3
Ranendra,3,0,3
Ranes,3,0,3
Ranesha,0,3,3
Raneshmadebie,0,3,3
Raneshsingh,3,0,3
Ranessa,0,3,3
Ranestini,0,3,3
Rânet,0,3,3
Raneya,0,3,3
Ranfar,3,0,3
Ranfis,3,0,3
Rangadevi,0,3,3
Rangama,3,0,3
Rángée,3,0,3
Rangeela,0,3,3
Rangeeladevi,0,3,3
Rangeeta,0,3,3
Rangèl,3,0,3
Rangenie,0,3,3
Rangie,0,3,3
Rangina,0,3,3
Rangis,3,0,3
Rangjung,0,3,3
Rangsarit,3,0,3
Rangsei,3,0,3
Rangsimant,3,0,3
Rangsithon,3,0,3
Ranhgyll,0,3,3
Ranhild,0,3,3
Ranhilde,0,3,3
Rani-Kavita,0,3,3
Ranía,0,3,3
Rania-Afsha,0,3,3
Rania-Imaani,0,3,3
Raniadevie,0,3,3
Ranieka,0,3,3
Raniëlawaty,0,3,3
Ranielio,3,0,3
Raniëll,0,3,3
Raniëlla,0,3,3
Ranien,0,3,3
Ranier,3,0,3
Ranierus,3,0,3
Raniery,3,0,3
Ranieska,0,3,3
Ranieskumar,3,0,3
Ranigia,0,3,3
Ranijah,0,3,3
Ranila,0,3,3
Ranilde,0,3,3
Ranildo,3,0,3
Ranile,3,0,3
Ranillie,3,0,3
Ranilo,3,0,3
Ranine,0,3,3
Ranira,0,3,3
Ranisa,0,3,3
Ranishadebie,0,3,3
Ranishanth,3,0,3
Ranishma,0,3,3
Ranishri,0,3,3
Ranishya,0,3,3
Ranisja,0,3,3
Raniye,0,3,3
Ranjaa,0,3,3
Ranjai,3,0,3
Ranjali,0,3,3
Ranjan-Abhay,3,0,3
Ranjana-devi,0,3,3
Ranjanadebi,0,3,3
Ranjanadevika,0,3,3
Ranjanidebie,0,3,3
Ranjanidevi,0,3,3
Ranjankoemar,3,0,3
Ranjanna,0,3,3
Ranjber,3,0,3
Ranjdar,3,0,3
Ranjeeta-Devi,0,3,3
Ranjeeth,3,0,3
Ranjeetsing,3,0,3
Ranjeevkoemar,3,0,3
Ranjeevperkash,3,0,3
Ranjela,0,3,3
Ranjelica,0,3,3
Ranjelies,0,3,3
Ranjelita,0,3,3
Ranjelouise,0,3,3
Ranjen,3,0,3
Ranjena,0,3,3
Ranjenadevi,0,3,3
Ranjeni,0,3,3
Ranjeno,3,0,3
Ranjied,3,0,3
Ranjieta,0,3,3
Ranjinie,0,3,3
Ranjitadevi,0,3,3
Ranjito,3,0,3
Ranjive,3,0,3
Ranjivpersad,3,0,3
Ranjod,3,0,3
Ranjy,3,0,3
Rankaian,0,3,3
Ranketh,3,0,3
Rankwien,3,0,3
Ranley,3,0,3
Ranmadusha,0,3,3
Ranmalie,0,3,3
Rann,3,0,3
Rannadon,3,0,3
Rannath,3,0,3
Ranneke,0,3,3
Rannel,3,0,3
Ranni,3,0,3
Rannilt,0,3,3
Ranno,3,0,3
Rannu,0,3,3
Rannva,0,3,3
Ranoby,0,3,3
Ranoeka,0,3,3
Ranoel,3,0,3
Ranoesa,0,3,3
Ranoesha,0,3,3
Ranoetcia,0,3,3
Ranofer,3,0,3
Ranofilo,3,0,3
Ranokarno,3,0,3
Ranolfus,3,0,3
Ranómi,0,3,3
Ranoo,3,0,3
Ranoona,0,3,3
Ranôt,3,0,3
Ranoucke,0,3,3
Ranouda,0,3,3
Ranoul,3,0,3
Ranousha,0,3,3
Ranoy,3,0,3
Ranoyah,0,3,3
Ranquin,3,0,3
Ransaka,3,0,3
Ransali,0,3,3
Ranseen,3,0,3
Ranshelis,0,3,3
Ranshomar,3,0,3
Ranskje,0,3,3
Ransleigh,3,0,3
Ransly,3,0,3
Ranso,3,0,3
Ransom,3,0,3
Ranson,3,0,3
Ranswara,3,0,3
Ransy,3,0,3
Rantai,3,0,3
Rantes,3,0,3
Rantina,0,3,3
Ranting,0,3,3
Ranto,3,0,3
Ranuell,3,0,3
Ranuhé,3,0,3
Ranulf,3,0,3
Ranunçia,0,3,3
Ranür,0,3,3
Ranusa,3,0,3
Ranuschka,0,3,3
Ranva,0,3,3
Ranveerkumar,3,0,3
Ranveerpersad,3,0,3
Ranveersain,3,0,3
Ranveersingh,3,0,3
Ranvely,3,0,3
Ranvhir-Ashok,3,0,3
Ranvidion,3,0,3
Ranvier,3,0,3
Ranville,3,0,3
Ranvin,3,0,3
Ranvirsingh,3,0,3
Ranvitha,0,3,3
Ranwhirsingh,3,0,3
Ranwinder,3,0,3
Ranwir,3,0,3
Rany-Radj,0,3,3
Ranyae,0,3,3
Ranyai,3,0,3
Ranyita,0,3,3
Ranym,0,3,3
Ranyssa,0,3,3
Ranzley,3,0,3
Ranzo,3,0,3
Ranzyana,0,3,3
Raó,3,0,3
Raoda,0,3,3
Raöed,3,0,3
Raoefkhan,3,0,3
Raoefmohamed,3,0,3
Raoefoel,3,0,3
Raôel,3,0,3
Raoél,3,0,3
Raoen,0,3,3
Raoena,0,3,3
Raoeta,0,3,3
Raol,3,0,3
Raöll,3,0,3
Raomy,0,3,3
Raonie,3,0,3
Raoof,3,0,3
Raosbin,3,0,3
Raouad,3,0,3
Raoud,3,0,3
Raouel,3,0,3
Raoufi,0,3,3
Raoufkhan,3,0,3
Raouhaa,0,3,3
Raōul,3,0,3
Ràoul,3,0,3
Raòul,3,0,3
Raőul,3,0,3
Raoul-Dinesh,3,0,3
Raoul-Doménique,3,0,3
Raoul-Fabian,3,0,3
Raoul-Gabriël,3,0,3
Raoul-Martin,3,0,3
Raoul-Melchior,3,0,3
Raoul-Michel,3,0,3
Raoul-Paul,3,0,3
Raoula,0,3,3
Raoulandrey,3,0,3
Raouldini,3,0,3
Raoule,0,3,3
Raoulian,0,3,3
Raoulina,0,3,3
Raoulinho,3,0,3
Raoûll,3,0,3
Raöulle,3,0,3
Raoulle,0,3,3
Raoullielmus,3,0,3
Raounae,0,3,3
Raounak,0,3,3
Raounaq,0,3,3
Raouno,3,0,3
Raoux,3,0,3
Raowaan,0,3,3
Raowley,3,0,3
Rapé,0,3,3
Raperin,0,3,3
Rapfaël,3,0,3
Raphaël-D'angelo,3,0,3
Raphaël-Maria,0,3,3
Raphäela,0,3,3
Raphaéle,0,3,3
Raphaëleo,3,0,3
Raphaeli,3,0,3
Raphaelinho,3,0,3
Raphaelito,3,0,3
Raphaélla,0,3,3
Raphâella,0,3,3
Raphaéllo,3,0,3
Raphaelus,3,0,3
Raphailia,0,3,3
Raphaisa,0,3,3
Raphalee,0,3,3
Raphalina,0,3,3
Raphanello,3,0,3
Raphaney,3,0,3
Rapharrel,3,0,3
Raphat,0,3,3
Raphay,3,0,3
Rapheal,3,0,3
Raphèl,0,3,3
Raphelcia,0,3,3
Raphella,0,3,3
Raphely,3,0,3
Raphenna,0,3,3
Raphensley,3,0,3
Raphez,3,0,3
Raphian,3,0,3
Raphic,3,0,3
Raphié,3,0,3
Raphiël,3,0,3
Raphilio,3,0,3
Raphiño,3,0,3
Raphke,0,3,3
Raphorah,0,3,3
Raphscha,3,0,3
Raphstar,3,0,3
Raphuel,3,0,3
Rapia,0,3,3
Rapidus,3,0,3
Rapié,0,3,3
Rapina,0,3,3
Rapinder,0,3,3
Rapingon,3,0,3
Rapnistar,3,0,3
Rapoetra,3,0,3
Rapolas,3,0,3
Raposo,3,0,3
Rapp,3,0,3
Rappe,3,0,3
Rapti,0,3,3
Raqeeb,3,0,3
Raqeelo,3,0,3
Raqeul,0,3,3
Raqeullo,3,0,3
Raqia,0,3,3
Raqian,3,0,3
Raqiedion,3,0,3
Raquael,0,3,3
Raquaël,3,0,3
Raqual,0,3,3
Raqueem,3,0,3
Raquela,0,3,3
Raqueldo,3,0,3
Raquelisa,0,3,3
Raquelita,0,3,3
Raquelito,3,0,3
Raquelize,0,3,3
Raquellita,0,3,3
Raquelly,0,3,3
Raquels,0,3,3
Raquensly,3,0,3
Raquéylee,0,3,3
Raquiel,3,0,3
Raquil,3,0,3
Raquilda,0,3,3
Raquilia,0,3,3
Raquille,3,0,3
Raquim,3,0,3
Raquin,3,0,3
Ràquishelle,0,3,3
Rarad,0,3,3
Rarden,3,0,3
Rardhy,3,0,3
Rardt,0,3,3
Rariba,0,3,3
Rariela,0,3,3
Rarik,0,3,3
Rarmuru,0,3,3
Rarnai,0,3,3
Rarzan,3,0,3
Ras-Shango,3,0,3
Ras-shiloh,3,0,3
Raša,3,0,3
Rasah,0,3,3
Rasaiya,0,3,3
Rasaki,3,0,3
Rasakishori,0,3,3
Rasam,3,0,3
Rasamaya,0,3,3
Rasana,0,3,3
Rasanika,0,3,3
Rasapua,3,0,3
Rascal,3,0,3
Rascao,3,0,3
Rascava,3,0,3
Rasched,3,0,3
Raschied,3,0,3
Raschja,0,3,3
Raschonda,0,3,3
Rascna,0,3,3
Raseda,0,3,3
Raseed,3,0,3
Raseeda,0,3,3
Raseef,3,0,3
Raseena,0,3,3
Rasel,3,0,3
Rasela,0,3,3
Rasema,0,3,3
Rasemi,0,3,3
Rasendresingh,3,0,3
Rasendriya,3,0,3
Raseshkumar,3,0,3
Raseshpretap,3,0,3
Rasgel,3,0,3
Rashaa,0,3,3
Rashaani,0,3,3
Rashaany,0,3,3
Rashâd,3,0,3
Rashadkhan,3,0,3
Rashadul,3,0,3
Rashaida,0,3,3
Rashaila,0,3,3
Rashainy,0,3,3
Rashaja,0,3,3
Rashalie,0,3,3
Rashamon,3,0,3
Rashana-Jane,0,3,3
Rashanagatoen,0,3,3
Rashane,3,0,3
Rashanie,0,3,3
Rashanna,0,3,3
Rashant,3,0,3
Rashantha,3,0,3
Rashanti,0,3,3
Rashany,0,3,3
Rashaq,0,3,3
Rashard,0,3,3
Rasharline,0,3,3
Rashaundra,0,3,3
Rashayan,3,0,3
Rashaydra,0,3,3
Rashayen,3,0,3
Rashayne,0,3,3
Rashaynie,0,3,3
Rashayra,0,3,3
Rashco,3,0,3
Rashda,0,3,3
Rashdah,0,3,3
Rashe,0,3,3
Rasheady,0,3,3
Rashean,3,0,3
Rasheanno,3,0,3
Rashédely,0,3,3
Rasheedah,0,3,3
Rasheedia,0,3,3
Rasheejla,0,3,3
Rasheeka,0,3,3
Rasheely,0,3,3
Rasheen,3,0,3
Rasheen-Omar,3,0,3
Rasheenely,0,3,3
Rasheeq,3,0,3
Rasheida,0,3,3
Rashèlla,0,3,3
Rashello,3,0,3
Rashelly,0,3,3
Rashély,0,3,3
Rashen,0,3,3
Rashéna,0,3,3
Rashendal,3,0,3
Rashendel,3,0,3
Rashendley,3,0,3
Rashendry,3,0,3
Rasheney,0,3,3
Rashenie,0,3,3
Rashenna,0,3,3
Rasheny,0,3,3
Rasherie,0,3,3
Rashesca,0,3,3
Rasheyna,0,3,3
Rashid-Ahmed,3,0,3
Rashidah,0,3,3
Rashidurrahman,3,0,3
Rashied-Achmed,3,0,3
Rashiedah,0,3,3
Rashiedkhan,3,0,3
Rashiema,0,3,3
Rashieq,3,0,3
Rashieqa,0,3,3
Rashies,3,0,3
Rashif,3,0,3
Rashifa,0,3,3
Rashila,0,3,3
Rashilo,3,0,3
Rashim,3,0,3
Rashima,0,3,3
Rashin,0,3,3
Rashinda,0,3,3
Rashindra,3,0,3
Rashinella,0,3,3
Rashiqa,0,3,3
Rashiri,0,3,3
Rashit,3,0,3
Rashiv,3,0,3
Rashiwa,0,3,3
Rashkezehra,0,3,3
Rashmain,0,3,3
Rashmala,0,3,3
Rashmaly,0,3,3
Rashmar,3,0,3
Rashmee,0,3,3
Rashmey,0,3,3
Rashmi-Divyakirti,0,3,3
Rashmi-Renuka,0,3,3
Rashmidebi,0,3,3
Rashmidebie,0,3,3
Rashmiedevi,0,3,3
Rashmien,0,3,3
Rashmietha,0,3,3
Rashmila,0,3,3
Rashminaghatoen,0,3,3
Rashmine,0,3,3
Rashmini,0,3,3
Rashmitha,0,3,3
Rashmyr,3,0,3
Rashnakoemari,0,3,3
Rashneen,0,3,3
Rashneer,3,0,3
Rashnidevi,0,3,3
Rashnika,0,3,3
Rashoedi,0,3,3
Rashona,0,3,3
Rashounniff-ar,3,0,3
Rashreedevi,0,3,3
Rashreedewie,0,3,3
Rashridebie,0,3,3
Rashry-Devi,0,3,3
Rashtal,0,3,3
Rashua,3,0,3
Rashul,3,0,3
Rashveen,3,0,3
Rashvi,0,3,3
Rashwani,0,3,3
Rashwankoemar,3,0,3
Rashwant,3,0,3
Rashweta,0,3,3
Rashwika,0,3,3
Rashwin-jit,3,0,3
Rashwinie,0,3,3
Rashyda,0,3,3
Rashyna,0,3,3
Rasiagatoen,0,3,3
Rasiahda,0,3,3
Rašid,3,0,3
Rasidah,0,3,3
Raşide,0,3,3
Rasidie,3,0,3
Rasidien,0,3,3
Rasidjah,0,3,3
Rasiedagatoen,0,3,3
Rasieja,0,3,3
Rasiek,3,0,3
Rasiël,0,3,3
Rasiema,0,3,3
Rasifh,3,0,3
Rasigna,0,3,3
Rasih,3,0,3
Rasijagatoen,0,3,3
Rasila,0,3,3
Rasilah,0,3,3
Rasilia,0,3,3
Rasilio,3,0,3
Rasimcan,3,0,3
Rasinah,0,3,3
Rasinda,0,3,3
Rasinem,0,3,3
Rasinie,0,3,3
Rasinya,0,3,3
Rasishvari,0,3,3
Raşit-Can,3,0,3
Raşitcan,3,0,3
Rasiyanto,3,0,3
Rasiye,0,3,3
Rasj,3,0,3
Rasjan,0,3,3
Rasjani,0,3,3
Rasjèl,0,3,3
Rasjelle,0,3,3
Rasjha,3,0,3
Rasjhaan,3,0,3
Rasjhna,0,3,3
Rasjhree,0,3,3
Rasjhri,0,3,3
Rasjhrie,0,3,3
Rasjidah,0,3,3
Rasjied-Oemar,3,0,3
Rasjif,3,0,3
Rasjna,0,3,3
Rasjree,0,3,3
Rasjshri,0,3,3
Rasko,3,0,3
Raskolnikoff,3,0,3
Raskwame,3,0,3
Raslèn,3,0,3
Rasley,3,0,3
Rasman,3,0,3
Rasmani,0,3,3
Rasmee,0,3,3
Rasmien,0,3,3
Rasmienten,0,3,3
Rasmijn,3,0,3
Rasmika,3,0,3
Rasmillea,0,3,3
Rasmini,0,3,3
Rasminie,0,3,3
Rasmintah,0,3,3
Rasmir,0,3,3
Rasmiya,0,3,3
Rasni,0,3,3
Rasnie,0,3,3
Rasoelen,0,3,3
Rasoelmahomed,3,0,3
Rasoelmohamed,3,0,3
Rasoelmohammed,3,0,3
Rasoelzadie,0,3,3
Rasoula,0,3,3
Raspan,3,0,3
Raspatie,0,3,3
Raspoetin,3,0,3
Rassa,0,3,3
Rassaan,3,0,3
Rassamee,0,3,3
Rassemie,0,3,3
Rasshrie,0,3,3
Rassia,0,3,3
Rassiëlla,0,3,3
Rassim,3,0,3
Rassjida,0,3,3
Rastame,3,0,3
Rastgo,3,0,3
Rastiano,3,0,3
Rastiman,3,0,3
Rastislav,3,0,3
Rastri,0,3,3
Rastus,3,0,3
Rasty,3,0,3
Rasual,3,0,3
Rasuck,3,0,3
Rasül,3,0,3
Räsul,3,0,3
Rasülhan,3,0,3
Rasuna,0,3,3
Raswin,3,0,3
Rasy,3,0,3
Rasyphus,3,0,3
Rasyte,0,3,3
Raszia,0,3,3
Rataaj,0,3,3
Ratablongo,3,0,3
Ratach,0,3,3
Ratacha,0,3,3
Ratana-Amporn,0,3,3
Ratanhia,0,3,3
Ratankoemarie,0,3,3
Ratankumar,3,0,3
Ratankumari,0,3,3
Ratansingh,3,0,3
Ratapu,3,0,3
Ratau,3,0,3
Ratchanee,0,3,3
Ratchanikorn,0,3,3
Ratel,0,3,3
Ratenah,0,3,3
Ratenawalie,0,3,3
Ratenparkash,3,0,3
Ratesh,3,0,3
Rateshpersad,3,0,3
Rath,0,3,3
Rathanasak,3,0,3
Rathanna,0,3,3
Ratheeshan,3,0,3
Rathiees,3,0,3
Rathine,0,3,3
Rathnakoemarie,0,3,3
Rathnakumari,0,3,3
Rathnasari,0,3,3
Rathni,0,3,3
Rathnie,0,3,3
Rathno-Karno,3,0,3
Rathore,0,3,3
Rathraj,3,0,3
Rathusan,3,0,3
Rathuson,3,0,3
Rathy,0,3,3
Ratibe,0,3,3
Ratie,0,3,3
Ratik,3,0,3
Ratilla,3,0,3
Ratimir,3,0,3
Ratimondo,3,0,3
Ratina,0,3,3
Ratiram,0,3,3
Ratisan,3,0,3
Ratja,3,0,3
Ratjadebie,0,3,3
Ratjinie,0,3,3
Ratka,0,3,3
Ratmani,0,3,3
Ratmin,3,0,3
Ratminah,0,3,3
Ratna-devi,0,3,3
Ratna-Dewey,0,3,3
Ratna-Jitje,0,3,3
Ratnabalu,0,3,3
Ratnadévi,0,3,3
Ratnadevwi,0,3,3
Ratnadewie,0,3,3
Ratnadhaatmam,3,0,3
Ratnakulasegaram,3,0,3
Ratnakusuma,0,3,3
Ratnanjalidevi,0,3,3
Ratnaprabha,0,3,3
Ratnaraj,3,0,3
Ratnasarie,0,3,3
Ratnaseeli,0,3,3
Ratnawalie,0,3,3
Ratnesh,3,0,3
Ratni,0,3,3
Ratnie,3,0,3
Ratnö,3,0,3
Ratree,0,3,3
Ratry,0,3,3
Ratsakul,0,3,3
Ratshell,0,3,3
Rattamanee,0,3,3
Rattana,0,3,3
Rattanak,3,0,3
Rattanakorn,3,0,3
Rattandew,3,0,3
Rattania,0,3,3
Rattankoemar,3,0,3
Rattankoemarie,0,3,3
Rattankumarie,0,3,3
Rattansingh,3,0,3
Rattapoom,3,0,3
Rattenkoemar,3,0,3
Rattha,3,0,3
Rattna,0,3,3
Ratuliu,0,3,3
Raturenan,0,3,3
Ratwaan,3,0,3
Rau,3,0,3
Rauand,3,0,3
Rauchan,3,0,3
Rauchelia,0,3,3
Raud,3,0,3
Raudah,0,3,3
Raudell,3,0,3
Raudha,0,3,3
Raudie,3,0,3
Rauel,3,0,3
Raúf,3,0,3
Râuf,3,0,3
Raüf,3,0,3
Raufa,0,3,3
Raufik,3,0,3
Raufiq,3,0,3
Rauha,0,3,3
Rauhl,3,0,3
Rauja,0,3,3
Raukje,0,3,3
Rauko,3,0,3
Ràul,3,0,3
Räul,3,0,3
Raul-Anthony,3,0,3
Raulaan,3,0,3
Rauland,3,0,3
Raúldinio,3,0,3
Rauliën,3,0,3
Raulín,3,0,3
Raull,3,0,3
Raulo,3,0,3
Raulof,3,0,3
Rault,3,0,3
Rauna,0,3,3
Raunath,3,0,3
Raunav,3,0,3
Raunchy,3,0,3
Raundi,0,3,3
Raunieck,3,0,3
Rauol,3,0,3
Rauric,3,0,3
Raùsha,0,3,3
Raushal,3,0,3
Raushani,0,3,3
Rausheni,0,3,3
Raushentely,0,3,3
Raushény,0,3,3
Raushjano,3,0,3
Rausht,3,0,3
Rausjan,3,0,3
Rauwan,3,0,3
Rauwdy,3,0,3
Rauwerd,3,0,3
Rauwert,3,0,3
Rauwghia,0,3,3
Rauwien,0,3,3
Rauzan,0,3,3
Rav-Bobbie,3,0,3
Ravaän,3,0,3
Ravague,3,0,3
Ravaillo,3,0,3
Ravainique,3,0,3
Ravaio,3,0,3
Ravajella,0,3,3
Ravalcheny,0,3,3
Ravaldo,3,0,3
Ravall,0,3,3
Ravanca,0,3,3
Ravand,3,0,3
Ravanellie,3,0,3
Ravanello,3,0,3
Ravanha,0,3,3
Ravani,0,3,3
Ravanio,3,0,3
Ravanna,0,3,3
Ravannah,0,3,3
Ravanne,0,3,3
Ravanni,3,0,3
Ravanya,0,3,3
Ravar,3,0,3
Ravarelli,3,0,3
Ravarilio,3,0,3
Ravarrillio,3,0,3
Ravas,3,0,3
Ravaskhan,3,0,3
Ravayney,0,3,3
Ravdeep,0,3,3
Ravea,0,3,3
Ravean,3,0,3
Raveca,0,3,3
Raveel,3,0,3
Raveenadevi,0,3,3
Raveenakoemarie,0,3,3
Raveenchandre,3,0,3
Raveer,3,0,3
Raveesh,3,0,3
Raveesha,0,3,3
Raveeshj,3,0,3
Raveilla,0,3,3
Raveleijn,3,0,3
Ravelijne,0,3,3
Ravelinde,0,3,3
Ravelito,3,0,3
Ravéll,3,0,3
Ravellie,0,3,3
Ravellinio,3,0,3
Ravelly,3,0,3
Ravelynn,0,3,3
Râven,3,0,3
Ràven,3,0,3
Ráven,3,0,3
Ravën,0,3,3
Raven-Ann,0,3,3
Raven-Elvis,3,0,3
Raven-Jay,3,0,3
Ravendera,3,0,3
Ravendersingh,3,0,3
Raveneau,3,0,3
Ravenique,0,3,3
Ravenna-Louisa,0,3,3
Raveno,3,0,3
Ravensca,0,3,3
Ravensyo,3,0,3
Raveo,3,0,3
Raver,3,0,3
Ravereau,3,0,3
Ravero,3,0,3
Raves,3,0,3
Ravhi,3,0,3
Răvi,3,0,3
Ravi-Caio,3,0,3
Ravi-Chandra,3,0,3
Ravi-Deep,3,0,3
Ravi-Jah,3,0,3
Ravi-James,3,0,3
Ravi-Kumar,3,0,3
Ravi-Sahen,3,0,3
Ravi-Shankar,3,0,3
Ravi-Tamiko,3,0,3
Ravi-Thomas,3,0,3
Ravianand,3,0,3
Raviangelo,3,0,3
Ravichandra,3,0,3
Ravichandre,3,0,3
Ravichanker,3,0,3
Ravicka,0,3,3
Ravidath,3,0,3
Raviedew,3,0,3
Ravief,0,3,3
Raviël,0,3,3
Raviëlie,0,3,3
Ravièn,3,0,3
Ravienand,3,0,3
Raviend,3,0,3
Ravienelie,0,3,3
Ravienna,0,3,3
Raviéno,3,0,3
Raviënsey,3,0,3
Raviënska,0,3,3
Raviensley,3,0,3
Ravièra,0,3,3
Raviërna,0,3,3
Raviëro,3,0,3
Raviéro,3,0,3
Ravieta,0,3,3
Ravih,0,3,3
Ravija,0,3,3
Ravijendra,3,0,3
Ravijendrasingh,3,0,3
Ravikapoer,3,0,3
Ravikash,3,0,3
Ravikirana,3,0,3
Ravile,0,3,3
Ravin-Junior,3,0,3
Raviña,0,3,3
Ravinaash,3,0,3
Ravinanand,3,0,3
Ravinarainsingh,3,0,3
Ravinay,0,3,3
Ravinchandré,3,0,3
Ravincia,0,3,3
Ravind,3,0,3
Ravindath,3,0,3
Ravindere,3,0,3
Ravinderjeet,3,0,3
Ravinderjit,0,3,3
Ravinderkoemar,3,0,3
Ravinderkumar,3,0,3
Ravinderperkas,3,0,3
Ravinderpersad,3,0,3
Ravindher,3,0,3
Ravindradjen,3,0,3
Ravindran,3,0,3
Ravīndranātha,3,0,3
Ravindrapersad,3,0,3
Ravindrapretap,3,0,3
Ravindrekumar,3,0,3
Ravindrepersad,3,0,3
Ravindresing,3,0,3
Ravinharidath,3,0,3
Ravinio,3,0,3
Ravinna,0,3,3
Ravińo,3,0,3
Ravinsingh,3,0,3
Ravinthar,3,0,3
Ravinyo,3,0,3
Ravio,3,0,3
Ravioka,0,3,3
Raviona,0,3,3
Raviqa,0,3,3
Ravir,3,0,3
Ravis,3,0,3
Ravishan,3,0,3
Ravishand,3,0,3
Ravishankar,3,0,3
Ravishankardev,3,0,3
Ravishnu,3,0,3
Ravit,0,3,3
Ravital,0,3,3
Ravite,0,3,3
Ravith,3,0,3
Ravithan,3,0,3
Ravitjander,3,0,3
Ravíva,0,3,3
Raviva,0,3,3
Raviya,0,3,3
Ravjaar,3,0,3
Ravjot,0,3,3
Ravke,3,0,3
Ravlia,0,3,3
Ravn,3,0,3
Ravna,0,3,3
Ravnoor,0,3,3
Ravtej,3,0,3
Ravv,3,0,3
Ravy-Lee,3,0,3
Ravyck,3,0,3
Ravye,0,3,3
Ravyjeanno,3,0,3
Ravyjero,3,0,3
Ravynash,3,0,3
Ravza-Nur,0,3,3
Rawaâ,0,3,3
Rawaad,3,0,3
Rawaane,0,3,3
Rawae,0,3,3
Rawain,0,3,3
Rawal,3,0,3
Rawali,0,3,3
Rawana,0,3,3
Rawanda,0,3,3
Rawandji,0,3,3
Rawano,3,0,3
Rawathe,0,3,3
Rawati,0,3,3
Rawayda,0,3,3
Rawdha,0,3,3
Raweel,3,0,3
Raweeshkumar,3,0,3
Raweet,3,0,3
Raweetha,0,3,3
Rawel,3,0,3
Rawena,0,3,3
Rawéna,0,3,3
Rawend,3,0,3
Rawenderkumar,3,0,3
Rawenderpersad,3,0,3
Rawenn,3,0,3
Rawensja-Enna,0,3,3
Rawer,3,0,3
Rawes,3,0,3
Raweshsingh,3,0,3
Rawez,3,0,3
Rawezh,3,0,3
Rawheen,3,0,3
Rawhiti,3,0,3
Rawi-Chandre,3,0,3
Rawi-Shaam,3,0,3
Rawichand,3,0,3
Ráwie,3,0,3
Rawiekant,3,0,3
Ráwien,3,0,3
Rawienadewie,0,3,3
Rawiendath,3,0,3
Rawiender-Raadj,3,0,3
Rawiendernath,3,0,3
Rawiendra,3,0,3
Rawiendredath,3,0,3
Rawienesh,3,0,3
Rawienkoemar,3,0,3
Rawienkumar,3,0,3
Rawieprakash,3,0,3
Rawieradj,3,0,3
Rawiesha,0,3,3
Rawieshanker,3,0,3
Rawieta,0,3,3
Rawika,0,3,3
Rawikahnd,3,0,3
Rawikoemar,3,0,3
Rawikumar,3,0,3
Rawinaash,3,0,3
Rawinakoemarie,0,3,3
Rawinand,3,0,3
Rawinath,3,0,3
Rawinda,0,3,3
Rawinderdath,3,0,3
Rawinderkoemar,3,0,3
Rawinderkumarsing,3,0,3
Rawinderpal,3,0,3
Rawindrakoemar,3,0,3
Rawindranand,3,0,3
Rawindrapersad,3,0,3
Rawindrepersad,3,0,3
Rawindro,0,3,3
Rawipa,0,3,3
Rawira,0,3,3
Rawiradj,3,0,3
Rawiri,3,0,3
Rawis,3,0,3
Rawisha,0,3,3
Rawita-Shana,0,3,3
Rawizh,3,0,3
Rawlinho,3,0,3
Rawly,3,0,3
Rawna,0,3,3
Rawnag,0,3,3
Rawnaq,0,3,3
Rawndüz,0,3,3
Rawon,3,0,3
Rawosh,3,0,3
Rawoued,3,0,3
Rawsha,0,3,3
Rawshan,3,0,3
Rawson,3,0,3
Rawtadj,3,0,3
Rawuh,3,0,3
Rawyline,0,3,3
Rawza,0,3,3
Raxenet,0,3,3
Raxit,3,0,3
Raxma,0,3,3
Raxnaldia,0,3,3
Raxsana,0,3,3
Ray'ano,3,0,3
Ray'Quedean,3,0,3
Ray'Quimion,3,0,3
Ray'son,3,0,3
Ray'vi-Rich,3,0,3
Ray'viëlla,0,3,3
Ray'ziano,3,0,3
Ray-Allan,3,0,3
Ray-Angell,3,0,3
Ray-angello,3,0,3
Ray-Angelly,0,3,3
Ray-Angelo,3,0,3
Ray-Ann,0,3,3
Ray-Anthony,3,0,3
Ray-Argino,3,0,3
Ray-Beart,3,0,3
Ray-Ben,3,0,3
Ray-Benjamin-Jay,3,0,3
Ray-Dionté,3,0,3
Ray-Djeilie,0,3,3
Ray-Don,3,0,3
Ray-Emanuel,3,0,3
Ray-Gee,3,0,3
Ray-geni,3,0,3
Ray-Gianni,0,3,3
Ray-Giliano,3,0,3
Ray-Giño,3,0,3
Ray-Gmar,3,0,3
Ray-Jaden,3,0,3
Ray-Jaenoëll,3,0,3
Ray-Jamilio,3,0,3
Ray-Janeen,0,3,3
Ray-Javon,3,0,3
Ray-jay,3,0,3
Ray-Jaynoah,3,0,3
Ray-Jiano,3,0,3
Ray-Jonie,3,0,3
Ray-Lenn,3,0,3
Ray-Lin,3,0,3
Ray-lion,3,0,3
Ray-Luca,3,0,3
Ray-Lynn,0,3,3
Ray-Lyon,3,0,3
Ray-Mailison,3,0,3
Ray-Michelle,0,3,3
Ray-Milio,3,0,3
Ray-Myson,3,0,3
Ray-Nathan,3,0,3
Ray-Paul,3,0,3
Ray-Quan,3,0,3
Ray-Quensley,3,0,3
Ray-Romeo,3,0,3
Ray-Russel,3,0,3
Ray-Shandëly,0,3,3
Ray-shandly,3,0,3
Ray-Shanelly,0,3,3
Ray-Shelon,3,0,3
Ray-vion,3,0,3
Ray-Zeniro,3,0,3
Rayăan,3,0,3
Rayaanah,0,3,3
Rayaani,0,3,3
Rayaël,0,3,3
Rayaja,0,3,3
Rayal,3,0,3
Rayam,3,0,3
Rayamaris,0,3,3
Rayân,3,0,3
Ráyan,3,0,3
Rayän,3,0,3
Rayan-Najim,3,0,3
Rayan-Yazid,3,0,3
Rayando,3,0,3
Rayandro,3,0,3
Rayanè,3,0,3
Rayang,3,0,3
Rayangel,3,0,3
Rayangelo,3,0,3
Rayängelo,3,0,3
Rayanno,3,0,3
Rayansa,0,3,3
Rayansheli,0,3,3
Rayansiejo,3,0,3
Rayanto,3,0,3
Rayanty,0,3,3
Rayanvi,0,3,3
Raybor,3,0,3
Rayborn,3,0,3
Rayburn,3,0,3
Raybyan,3,0,3
Raycardo,3,0,3
Raycero,3,0,3
Raycha,0,3,3
Raychahyd,3,0,3
Raychalon,3,0,3
Raychana,0,3,3
Raychanella,0,3,3
Raychano,3,0,3
Raycharel,0,3,3
Raycharella,0,3,3
Raychelandely,3,0,3
Raychelnet,0,3,3
Raychelon,3,0,3
Raychely,0,3,3
Raychemar,3,0,3
Raychenall,3,0,3
Raychendi,3,0,3
Raychendimar,3,0,3
Raychendimara,0,3,3
Raychendrick,3,0,3
Räychene,3,0,3
Raychenelies,0,3,3
Raychenelo,3,0,3
Raychenne,0,3,3
Raychently,3,0,3
Raycheny,0,3,3
Raychernely,0,3,3
Raychida,0,3,3
Raychilon,3,0,3
Raychinel,3,0,3
Raychnaro,3,0,3
Raychyanthurley,3,0,3
Rayciana,0,3,3
Rayciandrey,3,0,3
Raycko,3,0,3
Raycko-Robert,3,0,3
Rayd,3,0,3
Raydae,0,3,3
Raydaill,3,0,3
Raydall,3,0,3
Raydanylo,3,0,3
Raydawn,3,0,3
Raydean,3,0,3
Raydehl,3,0,3
Rayden-Chico,3,0,3
Raydensho,3,0,3
Raydeon,3,0,3
Rayderik,3,0,3
Raydeshea,0,3,3
Raydesi,0,3,3
Raydi,3,0,3
Raydialize,0,3,3
Raydiana,0,3,3
Raydiangello,3,0,3
Raydiano,3,0,3
Raydianshelo,3,0,3
Raydichayro,3,0,3
Raydiënchelo,3,0,3
Raydiënn,3,0,3
Raydienne,0,3,3
Raydiënshali,0,3,3
Raydilsha,0,3,3
Raydino,3,0,3
Raydionne,3,0,3
Raydjan,3,0,3
Raydjëani,0,3,3
Raydjël,3,0,3
Raydjel,3,0,3
Raydjelio,3,0,3
Raydjën,3,0,3
Raydjénõ,3,0,3
Raydjeno,3,0,3
Raydjenso,3,0,3
Raydjoney,3,0,3
Raydle,3,0,3
Raydley,3,0,3
Raydouhan,3,0,3
Raydrian,3,0,3
Raydrich,3,0,3
Raydrion,3,0,3
Raydsen,3,0,3
Rayduan,3,0,3
Raydyon,3,0,3
Rayé,3,0,3
Rayeala,0,3,3
Rayed,3,0,3
Rayeden,3,0,3
Rayeed,3,0,3
Rayeena,0,3,3
Rayeesha,0,3,3
Rayeez,3,0,3
Rayèl,0,3,3
Rayël,0,3,3
Rayéli,0,3,3
Rayëlla,0,3,3
Rayëlle,0,3,3
Rayelthon,3,0,3
Rayendall,3,0,3
Rayendrelly,3,0,3
Rayendry,3,0,3
Rayendy,3,0,3
Rayenelle,0,3,3
Rayengelly,0,3,3
Rayengelo,3,0,3
Rayengely,0,3,3
Rayeni,0,3,3
Rayenkumar,3,0,3
Rayenn,3,0,3
Rayènne,0,3,3
Rayenni,0,3,3
Rayensa,0,3,3
Rayënscq-Lee,3,0,3
Rayenshello,3,0,3
Rayenshelo,3,0,3
Rayensingh,3,0,3
Rayensio,3,0,3
Rayenthalie,0,3,3
Rayentrú,0,3,3
Rayes,3,0,3
Rayese,3,0,3
Rayesna,0,3,3
Rayessna,0,3,3
Rayfaughnio,3,0,3
Rayfelino,3,0,3
Raygean,3,0,3
Raygelly,0,3,3
Raygelo,3,0,3
Raygemar,3,0,3
Raygén,3,0,3
Raygenell,3,0,3
Raygenier,3,0,3
Raygeron,3,0,3
Raygian,3,0,3
Raygiean,3,0,3
Raygilion,3,0,3
Raygimar,3,0,3
Rayginaigello,3,0,3
Raygion,3,0,3
Raygison,3,0,3
Raygivano,3,0,3
Raygo,3,0,3
Rayhainy,0,3,3
Rayhal,3,0,3
Rayhaneh,0,3,3
Rayheem,3,0,3
Rayheeno,3,0,3
Rayheim,3,0,3
Rayhèno,3,0,3
Rayhiëm,3,0,3
Rayhil,3,0,3
Rayhim,3,0,3
Rayilani,0,3,3
Rayim,3,0,3
Rayinderkumar,3,0,3
Rayindersingh,3,0,3
Rayirth,3,0,3
Rayis,3,0,3
Rayïsha,0,3,3
Rayishna,0,3,3
Rayitno,3,0,3
Rayja,0,3,3
Rayjaah,0,3,3
Rayjaèl,3,0,3
Rayjaen,3,0,3
Rayjahnea,0,3,3
Rayjaira,0,3,3
Rayjane,3,0,3
Rayjaney,0,3,3
Rayjayla,0,3,3
Rayjayno,3,0,3
Rayjayshano,3,0,3
Rayjean,3,0,3
Rayjeana,0,3,3
Rayjeandrick,3,0,3
Rayjeane,0,3,3
Rayjenison,3,0,3
Rayjenna,0,3,3
Rayjennely,0,3,3
Rayjeno,3,0,3
Rayjesley,3,0,3
Rayjino,3,0,3
Rayjordan,3,0,3
Raykéla,0,3,3
Raykély,0,3,3
Raykepoer,3,0,3
Raykoemar,3,0,3
Raykon,3,0,3
Raykumar,3,0,3
Raylana,0,3,3
Raylangelo,3,0,3
Raylani,0,3,3
Rayle,0,3,3
Raylean,0,3,3
Rayleevianna,0,3,3
Rayleigh-Ann,0,3,3
Raylencia,0,3,3
Raylenn,0,3,3
Raylesh,3,0,3
Raylianne,0,3,3
Raylica,0,3,3
Rayliceyano,3,0,3
Raylich,3,0,3
Raylicha,0,3,3
Raylichanno,3,0,3
Raylicyo,3,0,3
Rayliegh,0,3,3
Raylim,3,0,3
Raylindo,3,0,3
Raylinson,3,0,3
Raylisha,0,3,3
Rayll,3,0,3
Rayllainó,3,0,3
Raylley,3,0,3
Rayllison,3,0,3
Rayllyson,3,0,3
Raylson,3,0,3
Raylys,3,0,3
Raymaas,0,3,3
Raymaisha,0,3,3
Raymal,3,0,3
Raymand,3,0,3
Raymande,0,3,3
Raymando,3,0,3
Raymarcial,3,0,3
Raymarjen,3,0,3
Raymaro,3,0,3
Raymé,3,0,3
Raymenisja,0,3,3
Raymerick,3,0,3
Raymichael,3,0,3
Raymick,3,0,3
Raymie,3,0,3
Raymie-Jayce,3,0,3
Raymiel,3,0,3
Raymigio,3,0,3
Raymilaan,3,0,3
Raymilangelo,3,0,3
Raymildo,3,0,3
Raymile,3,0,3
Raymilliano,3,0,3
Raymilon,3,0,3
Raymilson,3,0,3
Raymirencio,3,0,3
Raymiro,3,0,3
Raymlich,3,0,3
Raymoendo,3,0,3
Raymok,0,3,3
Raymòn,3,0,3
Raymon-Johan,3,0,3
Raymond-Aart,3,0,3
Raymond-Alain,3,0,3
Raymond-Jay,3,0,3
Raymond-John,3,0,3
Raymond-Joseph,3,0,3
Raymond-Manuel,3,0,3
Raymond-Paul,3,0,3
Raymond-Sybren,3,0,3
Raymond-Vincent,3,0,3
Raymónde,0,3,3
Raymondina,0,3,3
Raymondintytär,0,3,3
Raymondis,3,0,3
Raymonds,3,0,3
Raymonius,3,0,3
Raymonn,3,0,3
Raymumdus,3,0,3
Raymünda,0,3,3
Raymundah,0,3,3
Raymundina,0,3,3
Ràyn-Luca,3,0,3
Rayna-Jane,0,3,3
Rayna-Kelly,0,3,3
Raynadis,0,3,3
Raynaigely,0,3,3
Raynairo,3,0,3
Raynaisheline,0,3,3
Raynaishelly,0,3,3
Raynaliz,0,3,3
Raynall,3,0,3
Raynardo,3,0,3
Raynataly,0,3,3
Raynathane,3,0,3
Raynato,3,0,3
Raynauld,3,0,3
Raynchael,3,0,3
Rayneesh,3,0,3
Raynelcia,0,3,3
Raynera,0,3,3
Rayneshkoemar,3,0,3
Raynian,3,0,3
Raynicia,0,3,3
Raynick,3,0,3
Rayniëllo,3,0,3
Raynilde,0,3,3
Raynilia,0,3,3
Raynilo,3,0,3
Raynimar,3,0,3
Raynĩno,3,0,3
Raynira,0,3,3
Raynirell,3,0,3
Raynischa,0,3,3
Raynishia,0,3,3
Raynisson,3,0,3
Raynne,3,0,3
Raynoah,3,0,3
Raynoel,3,0,3
Raynor-Clay,3,0,3
Raynoud,3,0,3
Raynoudt,3,0,3
Raynu,3,0,3
Raynualis,0,3,3
Raynuel,3,0,3
Raynuska,0,3,3
Rayoenne,0,3,3
Rayomi,0,3,3
Rayone,3,0,3
Rayoneil,3,0,3
Rayonel,3,0,3
Rayonnel,3,0,3
Rayos,3,0,3
Rayouane,3,0,3
Rayphaello,3,0,3
Rayphan,3,0,3
Rayphen,3,0,3
Rayqevnsly,3,0,3
Rayquenxely,0,3,3
Rayrico,3,0,3
Rays,3,0,3
Raysah,0,3,3
Raysandra,0,3,3
Raysela,0,3,3
Rayselynn,0,3,3
Raysenio,3,0,3
Rayseridebi,0,3,3
Raysh,3,0,3
Rayshaan,3,0,3
Rayshaid,3,0,3
Rayshaily,0,3,3
Rayshaino,3,0,3
Rayshalino,3,0,3
Rayshan,3,0,3
Rayshān,3,0,3
Rayshana,0,3,3
Rayshandell,3,0,3
Rayshandra,0,3,3
Rayshani,0,3,3
Rayshanie,0,3,3
Rayshanira,0,3,3
Rayshannie,0,3,3
Rayshanti,0,3,3
Rayshantleymara,0,3,3
Raysharie,0,3,3
Rayshaun,3,0,3
Rayshaundra,0,3,3
Rayshaveny,0,3,3
Rayshawntley,3,0,3
Rayshayno,3,0,3
Rayshee'lee,0,3,3
Rayshelica,0,3,3
Rayshelien,0,3,3
Rayshelina,0,3,3
Rayshelle,0,3,3
Rayshenaily,0,3,3
Rayshendel,3,0,3
Rayshendell,3,0,3
Rayshendro,3,0,3
Rayshendry,3,0,3
Rayshentely,3,0,3
Raysherdson,3,0,3
Rayshevil,3,0,3
Rayshinella,0,3,3
Rayshiyenne,0,3,3
Rayshomar,3,0,3
Rayshomaro,3,0,3
Rayshreedevi,0,3,3
Rayshridevi,0,3,3
Rayshriedevi,0,3,3
Rayshuan,3,0,3
Rayshun,3,0,3
Rayshuwell,3,0,3
Raysiëlla,0,3,3
Raysilon,3,0,3
Raysjelou,0,3,3
Raysjen,3,0,3
Raysner,3,0,3
Rayso,0,3,3
Raysree,0,3,3
Raysri,0,3,3
Raysry,0,3,3
Raysten,3,0,3
Raystree,0,3,3
Raytenlino,3,0,3
Raytfel,3,0,3
Raytheon,3,0,3
Raythony,3,0,3
Raytiëndro,3,0,3
Rayue,3,0,3
Rayva,0,3,3
Rayvaino,3,0,3
Rayvani,3,0,3
Rayvanne,0,3,3
Rayvanny,3,0,3
Rayvany,3,0,3
Rayvel,3,0,3
Rayvelho,3,0,3
Rayvelina,0,3,3
Rayvelinho,3,0,3
Rayvelinio,3,0,3
Rayvellison,3,0,3
Rayvèn,0,3,3
Rayven-Eros,3,0,3
Rayven-Jay,3,0,3
Rayvenho,3,0,3
Rayvey,3,0,3
Rayvian,3,0,3
Rayviano,3,0,3
Rayvie,3,0,3
Rayviendjel,3,0,3
Rayviendy,3,0,3
Rayviëne,3,0,3
Rayviëngelique,0,3,3
Rayviëngelo,3,0,3
Rayvienho,3,0,3
Rayvienna,0,3,3
Rayvienne,0,3,3
Rayviënshellinne,0,3,3
Rayvientely,0,3,3
Rayviera,0,3,3
Rayvinho,3,0,3
Rayvinio,3,0,3
Rayvion,3,0,3
Rayviond,3,0,3
Rayvione,3,0,3
Rayvonda,0,3,3
Rayvone,3,0,3
Rayvox,3,0,3
Raywan,3,0,3
Raywasi,3,0,3
Raywell,3,0,3
Raywendley,3,0,3
Raywensley,3,0,3
Raywood,3,0,3
Rayxiano,3,0,3
Rayyan-Noa,3,0,3
Rayyanah,0,3,3
Rayyaz,3,0,3
Rayyell,3,0,3
Rayzannah,0,3,3
Rayze,3,0,3
Rayzion,0,3,3
Rayziya,0,3,3
Razaa-e-Mustafa,3,0,3
Razaad,3,0,3
Razaei,3,0,3
Razael,3,0,3
Razafikalo,3,0,3
Razahier,3,0,3
Razakh,3,0,3
Razàn,0,3,3
Razanah,0,3,3
Razat,3,0,3
Razaul,3,0,3
Razberry,3,0,3
Raze,0,3,3
Razear,0,3,3
Razed,0,3,3
Razeenah,0,3,3
Razeenath,0,3,3
Razeka,0,3,3
Razèl,3,0,3
Razell,3,0,3
Razellah,0,3,3
Razenne,0,3,3
Razhaan,3,0,3
Razhan,0,3,3
Razhiena,0,3,3
Razia-Shehnaaz,0,3,3
Raziaghatoen,0,3,3
Raziah,0,3,3
Razialla,0,3,3
Raziana,0,3,3
Razidagatoen,0,3,3
Raziedagatoen,0,3,3
Raziejagatoen,0,3,3
Raziëlla,0,3,3
Raziemakhatoen,0,3,3
Razier,3,0,3
Razigah,0,3,3
Razik,3,0,3
Razinagatoen,0,3,3
Raziro,3,0,3
Razita,0,3,3
Raziyah,0,3,3
Raziyeizem,0,3,3
Razja,0,3,3
Razjinío,3,0,3
Razkov,3,0,3
Razmalia,0,3,3
Razman,3,0,3
Razmek,3,0,3
Razmig,3,0,3
Razoel,3,0,3
Razor,3,0,3
Razouk,3,0,3
Razoul,3,0,3
Razoux,3,0,3
Razoux-Kühr,0,3,3
Razson,3,0,3
Răzvan,3,0,3
Razvan,3,0,3
Razwaan,3,0,3
Razwanha,0,3,3
Razy,3,0,3
Razyana,0,3,3
Razyar,3,0,3
Razyn,3,0,3
Razynah,0,3,3
Razz,3,0,3
Razzaaq,3,0,3
Razzaq,3,0,3
Razzaq-Mohamed,3,0,3
Razzia,0,3,3
Razzyla,0,3,3
Rbab,0,3,3
Rbeha,0,3,3
Rbia,0,3,3
Rda,3,0,3
Rdoine,3,0,3
Rdouan,3,0,3
Re'Chaély,0,3,3
Re'genairo,3,0,3
Re'nathy,0,3,3
Rè-angeliano,3,0,3
Re-Ann,0,3,3
Re-anne,0,3,3
Ré-chandrea,0,3,3
Ré-chann,3,0,3
Re-chellety,0,3,3
Re-Chély,0,3,3
Re-jay,3,0,3
Rè-John,3,0,3
Ré-nasha,0,3,3
Re-Shaï,3,0,3
Re-Shaun,3,0,3
Réa,0,3,3
Rea'Catharina,0,3,3
Rea-Frayneleë,0,3,3
Rea-Jaylee,0,3,3
Reace,3,0,3
Reach,3,0,3
Reacha,0,3,3
Reachaylica,0,3,3
Reacheany,0,3,3
Reachen,3,0,3
Reacher,3,0,3
Reachesey,3,0,3
Reachny,0,3,3
Reachyvairo,3,0,3
Read,3,0,3
Readbad,3,0,3
Readine,0,3,3
Readjan,3,0,3
Reaëlla,0,3,3
Reaff,3,0,3
Reaganon,3,0,3
Reaggy,3,0,3
Reagineld,3,0,3
Reagishah,0,3,3
Reagni,3,0,3
Reago,3,0,3
Reagwich,3,0,3
Reagyano,3,0,3
Reah,0,3,3
Reaig,3,0,3
Reaijza,0,3,3
Reajan,3,0,3
Reajel,3,0,3
Reajhen,3,0,3
Reajohn,3,0,3
Reaken,0,3,3
Reakwan,3,0,3
Rêal,3,0,3
Realayah,0,3,3
Reald,3,0,3
Realdémar,3,0,3
Realeboha,0,3,3
Realen,3,0,3
Realian,3,0,3
Realina,0,3,3
Realinha,0,3,3
Reälka,0,3,3
Realta,3,0,3
Realtin,0,3,3
Reamanda,0,3,3
Reamata,3,0,3
Réameur,3,0,3
Réamon,3,0,3
Rëamon,3,0,3
Réamonn,3,0,3
Reamun,3,0,3
Rean-Devous,3,0,3
Réan-Jahley,0,3,3
Reanaigel,3,0,3
Reanaldo,3,0,3
Reanas,3,0,3
Reanatha,0,3,3
Reandell,3,0,3
Reanderick,3,0,3
Reandra,0,3,3
Reandrickson,3,0,3
Reandro,3,0,3
Reangel,3,0,3
Reangelice,0,3,3
Reangella,0,3,3
Reangello,3,0,3
Réangelly,0,3,3
Reangiliënno,3,0,3
Reanhanh,0,3,3
Reani,0,3,3
Reanni,0,3,3
Reannoël,3,0,3
Reannon,0,3,3
Reanny,0,3,3
Reanshello,3,0,3
Reantho,3,0,3
Rëantley,3,0,3
Reany,3,0,3
Reapha,0,3,3
Reaphan,3,0,3
Reaqul,0,3,3
Reardaën,3,0,3
Rearden,3,0,3
Reardon,3,0,3
Reary,3,0,3
Reas,3,0,3
Reasa,0,3,3
Reasey,0,3,3
Reashaino,3,0,3
Reashainy,0,3,3
Reashanti,0,3,3
Reashawna,0,3,3
Reashen,3,0,3
Reason,3,0,3
Reata,0,3,3
Reaubinne,0,3,3
Reaudine,0,3,3
Reaumur,3,0,3
Reausanne,0,3,3
Reausjen,3,0,3
Reauy,0,3,3
Reav,3,0,3
Reavell,3,0,3
Reaviano,3,0,3
Reavon,3,0,3
Reavy,3,0,3
Reavyn,0,3,3
Reayana,0,3,3
Reayano,3,0,3
Reayen,0,3,3
Reäyenn,0,3,3
Reaygy,3,0,3
Reayn,3,0,3
Reayshalin,0,3,3
Reaz,3,0,3
Rebaar,3,0,3
Rebaaz,3,0,3
Rebacca,0,3,3
Reban,3,0,3
Rebaone,3,0,3
Rebarba,0,3,3
Rebat,3,0,3
Rêbaz,3,0,3
Rebbe,0,3,3
Rebbea,3,0,3
Rebbi,3,0,3
Rebco,3,0,3
Rebe,3,0,3
Rebea,0,3,3
Rebecca-Elisa,0,3,3
Rebecca-Faye,0,3,3
Rebecca-Jennifer,0,3,3
Rebecca-Jo,0,3,3
Rebecca-Laura,0,3,3
Rebecca-Marie,0,3,3
Rebecca-Seline,0,3,3
Rebecco,3,0,3
Rebekca,0,3,3
Rebekha,0,3,3
Rebellã,0,3,3
Rebèlle,0,3,3
Rebellum,3,0,3
Rebelo,0,3,3
Rében,3,0,3
Rebend,3,0,3
Rebeqaue,0,3,3
Rebèr,3,0,3
Rêber,3,0,3
Rebertha,0,3,3
Rebha,0,3,3
Rébi,3,0,3
Rebi,0,3,3
Rebiha,0,3,3
Rebila,0,3,3
Rebile,0,3,3
Rébin,3,0,3
Rebîn,3,0,3
Rebinalda,0,3,3
Rebisla,0,3,3
Rebiye,0,3,3
Rebke,0,3,3
Reboar,3,0,3
Rebodin,3,0,3
Rebone,0,3,3
Rebrayelle,0,3,3
Rebuwar,3,0,3
Recai-can,3,0,3
Recarda,0,3,3
Recargie,3,0,3
Recay,3,0,3
Recbel,3,0,3
Reccardo,3,0,3
Recco,3,0,3
Receavelly,0,3,3
Recencio,3,0,3
Recendo,3,0,3
Récénio,3,0,3
Recensio,3,0,3
Recep-Yaĝız,3,0,3
Récha,0,3,3
Rechabeam,3,0,3
Rechabja,0,3,3
Rechad,3,0,3
Rechael,0,3,3
Rechailey,0,3,3
Rechailly,0,3,3
Rechaily,0,3,3
Rechaino,3,0,3
Rechalle,0,3,3
Recham,0,3,3
Rechamma,0,3,3
Rechana,0,3,3
Rechandreylika,0,3,3
Rechandro,3,0,3
Rechanna,0,3,3
Rechard,3,0,3
Rechardo,0,3,3
Réchards,3,0,3
Recharo,3,0,3
Rechavam,3,0,3
Rechavëany,0,3,3
Rechayno,3,0,3
Réchayvairo,3,0,3
Recheely,0,3,3
Recheen,3,0,3
Rechejeny,0,3,3
Réchel,0,3,3
Rechelina,0,3,3
Rechelinio,3,0,3
Réchellanique,0,3,3
Rechellina,0,3,3
Rechello,3,0,3
Rechelno,3,0,3
Rechelsqui,3,0,3
Rechem,3,0,3
Rechenel,3,0,3
Rechenelly,0,3,3
Rechenillio,3,0,3
Réchentlyson,3,0,3
Rechermar,3,0,3
Recheza,0,3,3
Rechezza,0,3,3
Rechiano,3,0,3
Rechida,0,3,3
Rechien,0,3,3
Rechiena,0,3,3
Rechieta,0,3,3
Réchifaintley,0,3,3
Rechij,3,0,3
Rechinal,3,0,3
Rechinel,3,0,3
Rechino,3,0,3
Rechiram,3,0,3
Rechito,3,0,3
Rechma,0,3,3
Rechna,0,3,3
Réchnayro,3,0,3
Rechterius,3,0,3
Rechtje,0,3,3
Rechum,3,0,3
Rechylo,3,0,3
Rechynald,3,0,3
Reci,3,0,3
Reciano,3,0,3
Recie,0,3,3
Recieda,0,3,3
Recienne,0,3,3
Recihto,3,0,3
Recillia,0,3,3
Reçit,3,0,3
Recklof,3,0,3
Recks,3,0,3
Reclilio,3,0,3
Reclin,0,3,3
Recoh,3,0,3
Rectonda,0,3,3
Recynio,3,0,3
Rêda,3,0,3
Redaá,3,0,3
Redaallah,3,0,3
Redana,0,3,3
Redangelo,3,0,3
Redayra,0,3,3
Redbald,3,0,3
Redbot,3,0,3
Redde,3,0,3
Redder,3,0,3
Reddha,0,3,3
Reddie,0,3,3
Redecia,0,3,3
Redeëet,3,0,3
Redeemer,0,3,3
Redeët,0,3,3
Redelcho,3,0,3
Redeline,0,3,3
Redelyn,0,3,3
Redemcyon,3,0,3
Redemptha,0,3,3
Redempto,3,0,3
Redemptrix,0,3,3
Redéna,0,3,3
Redena,0,3,3
Redenio,3,0,3
Redenshio,3,0,3
Redensio,3,0,3
Redenzo,3,0,3
Redeo,3,0,3
Redéo,3,0,3
Redeoan,3,0,3
Rederis,3,0,3
Redesia,0,3,3
Redesio,3,0,3
Redet,0,3,3
Redeyna,0,3,3
Redfort,3,0,3
Redge,3,0,3
Redgen,3,0,3
Redgi,3,0,3
Redgie,3,0,3
Rèdgy,3,0,3
Redhey,3,0,3
Redhima,0,3,3
Redhwan,3,0,3
Rediah,0,3,3
Rediar,3,0,3
Rediejella,0,3,3
Rédien,0,3,3
Redieon,3,0,3
Rediëti,0,3,3
Redieuwtje,0,3,3
Redikka,0,3,3
Redilio,3,0,3
Redin,3,0,3
Rédina,0,3,3
Redinhio,3,0,3
Redinnio,3,0,3
Redino,3,0,3
Redishayna,0,3,3
Redita,0,3,3
Redjamin,3,0,3
Redjan,3,0,3
Rédjano,3,0,3
Redjeb,3,0,3
Redjee,3,0,3
Redjeesh,3,0,3
Redjekie,3,0,3
Redjel,3,0,3
Redjender,3,0,3
Redjeskumar,3,0,3
Redjiev,3,0,3
Redjin,3,0,3
Rèdjina,0,3,3
Redjinderkoemar,3,0,3
Redjindra,3,0,3
Redjini,0,3,3
Redjni,0,3,3
Redjomely,0,3,3
Redjono,3,0,3
Redjy,3,0,3
Redlee,3,0,3
Redleff,3,0,3
Redlod,3,0,3
Redmahr,3,0,3
Redman,0,3,3
Redmert,3,0,3
Redna,0,3,3
Redo,3,0,3
Redoaun,3,0,3
Redoğan,3,0,3
Rédoine,3,0,3
Redolfino,3,0,3
Redolof,3,0,3
Redouan-M'hamed,3,0,3
Rédouane,3,0,3
Redouané,3,0,3
Redouanne,3,0,3
Redouard,3,0,3
Redouen,3,0,3
Redouin,3,0,3
Redoun,3,0,3
Redowan,3,0,3
Redric,3,0,3
Redrieenne,0,3,3
Redrikus,3,0,3
Redsard,3,0,3
Redsel,3,0,3
Redseley,0,3,3
Redsell,3,0,3
Redshainell,3,0,3
Redshella,0,3,3
Redski,3,0,3
Redsley,3,0,3
Reduaan,3,0,3
Rèduan,3,0,3
Réduan,3,0,3
Réduan-Raffaël,3,0,3
Reduel,3,0,3
Reduoan,3,0,3
Rédûr,3,0,3
Reduwar,3,0,3
Redwin,3,0,3
Redwood,3,0,3
Redyangelo,3,0,3
Redyar,3,0,3
Redylion,3,0,3
Redyshella,0,3,3
Redyson,3,0,3
Redzer,3,0,3
Redzert,3,0,3
Redzjiena,0,3,3
Redzo,3,0,3
Rée,3,0,3
Ree-Gion,3,0,3
Ree-Gionne,3,0,3
Ree-Jenne,0,3,3
Reé-Jheli,0,3,3
Ree-Jona,0,3,3
Ree-Shannely,0,3,3
Reebel,0,3,3
Reebend,3,0,3
Reebr,3,0,3
Reechel,0,3,3
Reechmie,0,3,3
Reeco,3,0,3
Reeda,3,0,3
Reedert,3,0,3
Reedier,3,0,3
Reedjean,3,0,3
Reedyson,3,0,3
Reee,0,3,3
Reegian,3,0,3
Reeginaylison,3,0,3
Reehan,3,0,3
Reeijisha,0,3,3
Reejahno,3,0,3
Reejin,0,3,3
Reekash,3,0,3
Reekaut,3,0,3
Reëlaja,0,3,3
Reemadevi,0,3,3
Reemaz,0,3,3
Reemdina,0,3,3
Reeme,0,3,3
Reemond,3,0,3
Reemondo,3,0,3
Reemy,3,0,3
Reenah,0,3,3
Reenakoemarie,0,3,3
Reenarda,0,3,3
Reenaysha,0,3,3
Reender-Jan,3,0,3
Reendert,3,0,3
Reene,0,3,3
Reenee,0,3,3
Reener,3,0,3
Reenike,0,3,3
Reenine,0,3,3
Reenis,3,0,3
Reenje,0,3,3
Reent-Jan,3,0,3
Reenudevi,0,3,3
Reenuka,0,3,3
Reer,3,0,3
Reesha,0,3,3
Reeshayro,3,0,3
Reeshelon,3,0,3
Reeshma,0,3,3
Reeshmi,0,3,3
Reesi,0,3,3
Reesij,0,3,3
Reesje,0,3,3
Reessa,0,3,3
Reesse,3,0,3
Reesya,0,3,3
Reeta,0,3,3
Reetanjhalie,0,3,3
Reetesch,3,0,3
Reetika,0,3,3
Reëuel,3,0,3
Reeuward,3,0,3
Reeuwert-Jan,3,0,3
Reeuwtie,0,3,3
Reevano,3,0,3
Reevay,3,0,3
Reever,3,0,3
Reeviyen,3,0,3
Reewanna,0,3,3
Reeyaisha,0,3,3
Reeyan,3,0,3
Reeyciano,3,0,3
Reeyet,0,3,3
Reez,3,0,3
Reezo,3,0,3
Reezy,0,3,3
Refa-et,3,0,3
Refãat,3,0,3
Refaei,3,0,3
Refaél,3,0,3
Refaichely,0,3,3
Refaïd-Ali,3,0,3
Réfaijla,0,3,3
Refäinho,3,0,3
Refaino,3,0,3
Refairo,3,0,3
Refait,3,0,3
Refàjah,0,3,3
Réfajo,3,0,3
Refaldinhio,3,0,3
Refalinio,3,0,3
Refalino,3,0,3
Refan,3,0,3
Refanny,3,0,3
Refany,3,0,3
Refanynho,3,0,3
Refario,3,0,3
Refarno,3,0,3
Refayro,3,0,3
Refegilio,3,0,3
Rèfel,3,0,3
Reféley,3,0,3
Refelinia,0,3,3
Refelinjo,3,0,3
Refelinyo,3,0,3
Refella,0,3,3
Refely,0,3,3
Refencio,3,0,3
Refenta,0,3,3
Refert,3,0,3
Reffan,3,0,3
Reffani,0,3,3
Reffanio,3,0,3
Reffano,3,0,3
Reffelino,3,0,3
Reffella,0,3,3
Reffendy,3,0,3
Refferty,3,0,3
Refforty,3,0,3
Refiek,3,0,3
Refiena,0,3,3
Refiga,0,3,3
Refigül,0,3,3
Refikanur,0,3,3
Refilino,3,0,3
Refillio,3,0,3
Refiloe,0,3,3
Refilwe,0,3,3
Refiñio,3,0,3
Réfius,3,0,3
Refiya,0,3,3
Refkka,0,3,3
Refkle,0,3,3
Reflino,3,0,3
Refolino,3,0,3
Refredis,3,0,3
Refshaya,0,3,3
Refus,3,0,3
Regadina,0,3,3
Regae,3,0,3
Regaély,0,3,3
Regăib,3,0,3
Regâïb,3,0,3
Regaillian,3,0,3
Regaisha,0,3,3
Regal,0,3,3
Regala,0,3,3
Regalado,3,0,3
Regalata,0,3,3
Regalda,0,3,3
Regale,0,3,3
Regales,3,0,3
Regaliz,0,3,3
Regalmo,3,0,3
Regalodedios,3,0,3
Regalsia,0,3,3
Regandi,0,3,3
Reganied,0,3,3
Reganthy,0,3,3
Regarde,0,3,3
Regardina,0,3,3
Regardt,3,0,3
Régaya,0,3,3
Regayib,3,0,3
Regé,3,0,3
Régea,0,3,3
Regeir,3,0,3
Regela,0,3,3
Regeliana,0,3,3
Regelihn,0,3,3
Regélio,3,0,3
Regella,0,3,3
Regellio,3,0,3
Régelly,0,3,3
Regelly,0,3,3
Regelsio,3,0,3
Regema,3,0,3
Règen,3,0,3
Regena,0,3,3
Regencely,3,0,3
Regencio,3,0,3
Regency,3,0,3
Regenda,0,3,3
Regène,3,0,3
Regene,3,0,3
Regenera,0,3,3
Regeni,0,3,3
Regenita,0,3,3
Regenius,3,0,3
Regenold,3,0,3
Regensley,3,0,3
Régenson,3,0,3
Regensy,0,3,3
Regentrudis,0,3,3
Regeony,3,0,3
Regera,0,3,3
Regerda,0,3,3
Regeria,0,3,3
Regertie,0,3,3
Regès,3,0,3
Regey,3,0,3
Regeyne,0,3,3
Reggazoni,3,0,3
Regge,3,0,3
Reggella,0,3,3
Reggely,0,3,3
Reggery,3,0,3
Réggiana,0,3,3
Reggiliano,3,0,3
Reggio,3,0,3
Reggis,3,0,3
Reggo,3,0,3
Reggyllio,3,0,3
Reggynald,3,0,3
Reghan,3,0,3
Reghard,3,0,3
Reghinio,3,0,3
Reghisia,0,3,3
Reghyona,0,3,3
Régi,3,0,3
Regi-ann,0,3,3
Regián,3,0,3
Regian,3,0,3
Regiana,0,3,3
Regiane,0,3,3
Regianna,0,3,3
Regianni,3,0,3
Regianto,3,0,3
Regiany,3,0,3
Regicaid,3,0,3
Regichenel,3,0,3
Regiejo,3,0,3
Regiëla,0,3,3
Regieljo,3,0,3
Regienaldo,3,0,3
Regientje,0,3,3
Regienus,3,0,3
Regildo,3,0,3
Regilhio,3,0,3
Regilho,3,0,3
Regiliëm,3,0,3
Regilien,0,3,3
Regilió,3,0,3
Regill,3,0,3
Regillaum,3,0,3
Regillian,3,0,3
Régillio,3,0,3
Regillio-Marino,3,0,3
Regilliyano,3,0,3
Regillson,3,0,3
Regilo,3,0,3
Regilvo,3,0,3
Regimard,3,0,3
Regimargesley,3,0,3
Regimerlino,3,0,3
Regimio,3,0,3
Regimon,3,0,3
Règina,0,3,3
Regina-Caëli,0,3,3
Regina-Cheryl,0,3,3
Reginaalt,3,0,3
Reginal,3,0,3
Reginala,0,3,3
Règinald,3,0,3
Reginald-Rougeau,3,0,3
Reginar,3,0,3
Reginard,3,0,3
Reginaud,3,0,3
Reginbald,3,0,3
Reginbalda,0,3,3
Reginder,3,0,3
Reginé,0,3,3
Reginea,0,3,3
Reginel,3,0,3
Reginella,0,3,3
Reginhilde,0,3,3
Réginne,0,3,3
Reginnia,0,3,3
Reginnio,3,0,3
Reginó,3,0,3
Regiño,3,0,3
Reginta,0,3,3
Regionaldo,3,0,3
Regionaldus,3,0,3
Régis-Céline,0,3,3
Regishia,0,3,3
Regisse,0,3,3
Regitta,0,3,3
Regiuliano,3,0,3
Regius,3,0,3
Regja,3,0,3
Regjayhnó,3,0,3
Regje,0,3,3
Regmyro,3,0,3
Regnado,3,0,3
Regnaíson,3,0,3
Regnald,3,0,3
Regnar,3,0,3
Regnault,3,0,3
Regneer,3,0,3
Regneira,0,3,3
Regneria,0,3,3
Regneris,3,0,3
Regni,0,3,3
Régnié,0,3,3
Régnier,3,0,3
Regnirus,3,0,3
Reĝo,3,0,3
Regobertha,0,3,3
Regolina,0,3,3
Regolinda,0,3,3
Regomar,3,0,3
Regonald,3,0,3
Regonata,0,3,3
Regonja,0,3,3
Regór,3,0,3
Régori,3,0,3
Regorio,3,0,3
Regoris,3,0,3
Regory,3,0,3
Regsanto,3,0,3
Regshuendly,3,0,3
Regtje,0,3,3
Reguelson,3,0,3
Reguenne,3,0,3
Reguesha,0,3,3
Reguessa,0,3,3
Regul,3,0,3
Reguldis,3,0,3
Regullio,3,0,3
Régulo,3,0,3
Régum,0,3,3
Regunald,3,0,3
Réguno,3,0,3
Reguno,3,0,3
Regus,3,0,3
Reguyva,0,3,3
Regwain,3,0,3
Regwencio,3,0,3
Regwenxio,3,0,3
Regwiño,3,0,3
Regyany,0,3,3
Regyellyn,0,3,3
Regylio,3,0,3
Regynald,3,0,3
Regytha,0,3,3
Rehaab,0,3,3
Réhana,0,3,3
Rehand,3,0,3
Rehaneh,0,3,3
Rehannah,0,3,3
Rehanne,0,3,3
Rehboth,3,0,3
Rehdouan,3,0,3
Reheena,0,3,3
Reheil,3,0,3
Rehel,0,3,3
Rehend,3,0,3
Rehet,0,3,3
Rehëul,3,0,3
Rehgina,0,3,3
Rehiemagatoen,0,3,3
Rehila,0,3,3
Rehima,0,3,3
Rehja,3,0,3
Rehjainy-Mae,0,3,3
Rehji,3,0,3
Rehmadkhan,3,0,3
Rehmana,0,3,3
Rehmanagatoen,0,3,3
Rehmar,3,0,3
Rehmina,0,3,3
Rehmon,3,0,3
Rehno,3,0,3
Rehnoema,0,3,3
Rehnooma,0,3,3
Rehór,3,0,3
Rehsa,0,3,3
Rehsan,0,3,3
Rehşan,0,3,3
Rehsham,0,3,3
Réhsmi,0,3,3
Rehüel,3,0,3
Rehuelah,0,3,3
Rehwi,3,0,3
Rehwin,3,0,3
Rehya,0,3,3
Rehzia,3,0,3
Rei-Yelle,0,3,3
Reiana,0,3,3
Reiane,0,3,3
Reiant,3,0,3
Reich,3,0,3
Reichardt,3,0,3
Reichendry,3,0,3
Reicheny,0,3,3
Reico,3,0,3
Reidah,0,3,3
Reiden,0,3,3
Reidi,0,3,3
Reidilene,0,3,3
Reidion,3,0,3
Reidison,3,0,3
Reidse,3,0,3
Reidun,0,3,3
Reidunn,0,3,3
Reidze,3,0,3
Reiënna,0,3,3
Reiër,3,0,3
Reierdien,0,3,3
Reieria,0,3,3
Reierjan,3,0,3
Reifi,0,3,3
Reigan,0,3,3
Reigen,3,0,3
Reigerda,0,3,3
Reigersberg,3,0,3
Reighjan,3,0,3
Reigina,0,3,3
Reiginald,3,0,3
Reigino,3,0,3
Reign-Beau,3,0,3
Reignaldus,3,0,3
Reignbeau-Treasureley,0,3,3
Reiham,3,0,3
Reihan,3,0,3
Reijanna,0,3,3
Reijanne,0,3,3
Reijelon,3,0,3
Reijer-Willem,3,0,3
Reijera,0,3,3
Reijèrda,0,3,3
Reijérda,0,3,3
Reijerda,0,3,3
Reijerdiena,0,3,3
Reijff,3,0,3
Reijhnout,3,0,3
Reijina,0,3,3
Reijlofke,0,3,3
Reijmert,3,0,3
Reijnadina,0,3,3
Reijnar,3,0,3
Reijnarda,0,3,3
Reijnaut,3,0,3
Reijne,0,3,3
Reijner,3,0,3
Reijnera,0,3,3
Reijnerd,3,0,3
Reijnerius,3,0,3
Reijnette,0,3,3
Reijnharda,0,3,3
Reijnhardt,3,0,3
Reijni,0,3,3
Reijnilde,0,3,3
Reijnita,0,3,3
Reijnolda,0,3,3
Reijnolde,0,3,3
Reijntien,0,3,3
Reijntje-Johanna,0,3,3
Reijsso,0,3,3
Reikele,3,0,3
Reiket,3,0,3
Reiky,3,0,3
Reilinda,3,0,3
Reilinde,0,3,3
Reillhy,3,0,3
Reimalio,3,0,3
Reimatt,3,0,3
Reimbetje,0,3,3
Reimborg,0,3,3
Reimhilde,0,3,3
Reimi,3,0,3
Reimiel,3,0,3
Reimigius,3,0,3
Reimira,0,3,3
Reimirez,3,0,3
Reimke,0,3,3
Reimonda,0,3,3
Reimondus,3,0,3
Reimundis,3,0,3
Reimundo,3,0,3
Reimundus,3,0,3
Reimy,0,3,3
Rein-Gerrit,3,0,3
Rein-Herbert,3,0,3
Rein-Hette,3,0,3
Rein-Jaap,3,0,3
Rein-Jelle,3,0,3
Rein-Piter,3,0,3
Rein-Robbert,3,0,3
Reína,0,3,3
Reïna,0,3,3
Reina-Lizz,0,3,3
Reina-Mara,0,3,3
Reina-Marije,0,3,3
Reinaarde,3,0,3
Reinaardt,3,0,3
Reinaat,3,0,3
Reinaclus,3,0,3
Reinadina,0,3,3
Reinado,3,0,3
Reinaelise,0,3,3
Reinaerd,3,0,3
Reinaerde,3,0,3
Reinaerdt,3,0,3
Reinaldes,0,3,3
Reinaldi,3,0,3
Reinaldine,0,3,3
Reinaldis,0,3,3
Reinalien,0,3,3
Reinan,3,0,3
Reinando,3,0,3
Reinanja,0,3,3
Reinanka,0,3,3
Reinanne,0,3,3
Reinanneke,0,3,3
Reinanth,3,0,3
Reinantolin,3,0,3
Reinardes,3,0,3
Reinardie,0,3,3
Reinaschely,0,3,3
Reinathe,0,3,3
Reinault,3,0,3
Reinautje,0,3,3
Reinbern,3,0,3
Reinberth,3,0,3
Reinborgh,0,3,3
Reinbrandina,0,3,3
Reincke,0,3,3
Reïnda,3,0,3
Reinder-Alexander,3,0,3
Reinder-Ewoud,3,0,3
Reinder-Fop,3,0,3
Reinder-Frits,3,0,3
Reinderdiena,0,3,3
Reinderdientje,0,3,3
Reinderdines,3,0,3
Reinderdt,3,0,3
Reinderrika,0,3,3
Reinderrina,0,3,3
Reindert-Hendrik,3,0,3
Reindertina,0,3,3
Reindertine,0,3,3
Reinderts,3,0,3
Reindientje,0,3,3
Reindina-Janny,0,3,3
Reindjan,3,0,3
Reinds,3,0,3
Reindtsje,0,3,3
Reine-Cécile,0,3,3
Reine-Jeanne,0,3,3
Reinée,0,3,3
Reineelda,0,3,3
Reineer,3,0,3
Reineerdus,3,0,3
Reinek,3,0,3
Reinel,3,0,3
Reinelde,0,3,3
Reineling,0,3,3
Reinelle,0,3,3
Reinello,3,0,3
Reineltsje,0,3,3
Reinemtje,0,3,3
Reinéra,0,3,3
Reinerdiena,0,3,3
Reineres,3,0,3
Reinerie,0,3,3
Reinerio,3,0,3
Reinèrius,3,0,3
Reinero,3,0,3
Reinérus,3,0,3
Reinesta,0,3,3
Reinetha,0,3,3
Reinettie,0,3,3
Reingenia,0,3,3
Reingerdina,0,3,3
Reingjen,0,3,3
Reinhaart,3,0,3
Reinharde,0,3,3
Reinhart-Jan,3,0,3
Reinhildo,3,0,3
Reinholde,0,3,3
Reinholdis,0,3,3
Reinholds,3,0,3
Reinholdus,3,0,3
Reinhoutje,0,3,3
Reinice,0,3,3
Reiniek,3,0,3
Reiniekus,3,0,3
Reinièr,3,0,3
Reiniër,3,0,3
Reinier-Bernd,3,0,3
Reinier-Dirk,3,0,3
Reinier-Hendrik,3,0,3
Reinier-Jan,3,0,3
Reinier-John,3,0,3
Reinier-Manuel,3,0,3
Reinierda,0,3,3
Reinierke,0,3,3
Reiniero,3,0,3
Reiniersius,3,0,3
Reiniert,3,0,3
Reinikes,3,0,3
Reinild,0,3,3
Reinildo,3,0,3
Reinill,3,0,3
Reinillia,0,3,3
Reinillio,3,0,3
Reinique,0,3,3
Reiniris,3,0,3
Reinis,3,0,3
Reinischa,0,3,3
Reiniska,0,3,3
Reinitzha,0,3,3
Reinja,0,3,3
Reinjé,3,0,3
Reinjet,0,3,3
Reinjo,3,0,3
Reinkina,0,3,3
Reinnate,0,3,3
Reinnatha,0,3,3
Reinnera,0,3,3
Reinnettie,0,3,3
Reinnierus,3,0,3
Reinnoldus,3,0,3
Reinoa,0,3,3
Reinold-Jan,3,0,3
Reinoldine,0,3,3
Reinoldo,3,0,3
Reinoline,0,3,3
Reinonespares,3,0,3
Reinora,0,3,3
Reinorus,3,0,3
Reinoud-Dolf,3,0,3
Reinoud-Jan,3,0,3
Reinout-Christiaan,3,0,3
Reinoutius,3,0,3
Reinoutse,0,3,3
Reinouwda,0,3,3
Reinson,3,0,3
Reinste,0,3,3
Reinstelina,0,3,3
Reint-Benjamin,3,0,3
Reint-Frederik,3,0,3
Reint-Johan,3,0,3
Reint-Menno,3,0,3
Reint-Willem,3,0,3
Reintildus,3,0,3
Reintske,0,3,3
Reintszoon,3,0,3
Reinttina,0,3,3
Reinyke,0,3,3
Reinyne,0,3,3
Reinyra,0,3,3
Reinysha,0,3,3
Reinze,3,0,3
Reion,3,0,3
Reirin,0,3,3
Reïsa,0,3,3
Reisele,0,3,3
Reisha,0,3,3
Reishano,3,0,3
Reiso,0,3,3
Reissan,3,0,3
Reisso,0,3,3
Reitsiena,0,3,3
Reitso,3,0,3
Reitzes,3,0,3
Reiuar,3,0,3
Reiva,0,3,3
Reiwerd,3,0,3
Reiyen,3,0,3
Reize,0,3,3
Reizele,0,3,3
Rejaaz,3,0,3
Rejadion,3,0,3
Rejaelyonn,3,0,3
Rejai,3,0,3
Rejailino,3,0,3
Rejairo,3,0,3
Rejana,0,3,3
Rejanneke,0,3,3
Rejano,3,0,3
Rejantley,3,0,3
Rejany,0,3,3
Rejash,3,0,3
Rejason,3,0,3
Rejauna,0,3,3
Réjay,3,0,3
Rejaydee,0,3,3
Rejayden,3,0,3
Rejaydior,3,0,3
Rejdar,3,0,3
Rejeanio,3,0,3
Rejeanne,0,3,3
Rejeena,0,3,3
Rejeev,3,0,3
Rejelino,3,0,3
Rejena,0,3,3
Rejender,3,0,3
Rejendra,3,0,3
Rejhana,0,3,3
Rejhees,0,3,3
Rejhenio,3,0,3
Reji,3,0,3
Rejïaley,3,0,3
Rejian,0,3,3
Rejin,0,3,3
Rejina,0,3,3
Rejinder,3,0,3
Rejinderpersad,3,0,3
Rejino,3,0,3
Rejiv,3,0,3
Rejjaan,3,0,3
Rejmer,3,0,3
Rejo,3,0,3
Rejohn,3,0,3
Rejolien,0,3,3
Rejsele,0,3,3
Rejuela,0,3,3
Rejuell,3,0,3
Rejumar,3,0,3
Rejunior,3,0,3
Rejzele,0,3,3
Rekah,0,3,3
Rekaty,0,3,3
Rekawt,3,0,3
Rekea,0,3,3
Rekeish,3,0,3
Rekel,3,0,3
Rekelyson,3,0,3
Reker,3,0,3
Rekes,3,0,3
Rékha,0,3,3
Rekhakoemarie,0,3,3
Rekhawati,0,3,3
Rekhawatie,0,3,3
Rekhsanadebie,0,3,3
Rekiek,3,0,3
Rekish,3,0,3
Rekisha,0,3,3
Rekishkoemar,3,0,3
Rekiza,0,3,3
Rekoni,0,3,3
Rekosta,0,3,3
Rekoud,3,0,3
Reks,3,0,3
Reksaputra,3,0,3
Reksina,0,3,3
Relaise,0,3,3
Relaizo,3,0,3
Relam,0,3,3
Relanda,0,3,3
Relando,3,0,3
Relany,0,3,3
Relaynihio,3,0,3
Relayno,3,0,3
Rélaysha,0,3,3
Relaysha,0,3,3
Relaysho,3,0,3
Relaysio,3,0,3
Relayssa,0,3,3
Relco,3,0,3
Releighsha,0,3,3
Releja,0,3,3
Réley,3,0,3
Relfijo,3,0,3
Relginius,3,0,3
Reliano,3,0,3
Rélicia,0,3,3
Relidith,0,3,3
Reliël,3,0,3
Relies,0,3,3
Religio,3,0,3
Religion,3,0,3
Religse,3,0,3
Relika,0,3,3
Rélin,0,3,3
Relincia,0,3,3
Relindis-Mariae,0,3,3
Reline,0,3,3
Relinguenda,0,3,3
Relinio,3,0,3
Reliscia,0,3,3
Relise,0,3,3
Relita,0,3,3
Relivia,0,3,3
Relivianno,3,0,3
Reliviano,3,0,3
Relivio,3,0,3
Relivyangelo,3,0,3
Relk,3,0,3
Rell,3,0,3
Rella,0,3,3
Rellem,3,0,3
Relleyson,3,0,3
Rello,3,0,3
Relly,0,3,3
Rélon,3,0,3
Relra,0,3,3
Reltinus,3,0,3
Relucksha,0,3,3
Reluño,3,0,3
Reluse,3,0,3
Relvio,3,0,3
Relwende,3,0,3
Relyagris,0,3,3
Relyana,0,3,3
Relynho,3,0,3
Relyon,3,0,3
Relyr,3,0,3
Relysha,0,3,3
Remaas,0,3,3
Remacles,0,3,3
Remaclo,3,0,3
Rémaclus,3,0,3
Remacula,0,3,3
Remadja,0,3,3
Remah,3,0,3
Remahya,0,3,3
Remaiko,3,0,3
Remailo,3,0,3
Remainsha,0,3,3
Remairo,3,0,3
Remaisha,0,3,3
Remalda,0,3,3
Remaldo,3,0,3
Remaldus,3,0,3
Remaliah,0,3,3
Remalja,0,3,3
Remanè,3,0,3
Remanu,3,0,3
Remanuël,3,0,3
Remarcus,0,3,3
Rémaro,0,3,3
Remase,3,0,3
Remay,0,3,3
Remayah,0,3,3
Remaylvin,3,0,3
Remaysha,0,3,3
Rembardinus,3,0,3
Rembarta,0,3,3
Rembertina,0,3,3
Rembetta,0,3,3
Rembioeng,0,3,3
Rembod,3,0,3
Remboldus,3,0,3
Rembout,3,0,3
Rembrandtine,0,3,3
Rembrandtsz,3,0,3
Rembrandtszoon,3,0,3
Rembrig,3,0,3
Remca,0,3,3
Remcke,0,3,3
Remco-Bart,3,0,3
Remco-Dieter,3,0,3
Remco-Henk,3,0,3
Remco-Iwan,3,0,3
Remco-Jeroen,3,0,3
Remco-Peter,3,0,3
Remco-Pieter,3,0,3
Remco-René,3,0,3
Remco-Thijs,3,0,3
Remcoline,0,3,3
Remcopaul,3,0,3
Remcus,3,0,3
Remcy,3,0,3
Remdet,0,3,3
Remeaux,3,0,3
Remedia,0,3,3
Remeena,0,3,3
Remei,0,3,3
Rèmei,0,3,3
Remeijn,3,0,3
Remeina,0,3,3
Remelcio,3,0,3
Remelda,0,3,3
Remelie,0,3,3
Remelien,0,3,3
Remelina,0,3,3
Remelio,3,0,3
Remelius,3,0,3
Remenaio,3,0,3
Remend,3,0,3
Remenia,0,3,3
Reméno,3,0,3
Rémeno,3,0,3
Remény,0,3,3
Remerdina,0,3,3
Remerius,3,0,3
Remesha,0,3,3
Remeus,3,0,3
Remfeldt,3,0,3
Remfry,3,0,3
Remger,3,0,3
Remgina,0,3,3
Remha,3,0,3
Remí,3,0,3
Remì,3,0,3
Remi-Armand,3,0,3
Rémi-Ermert,3,0,3
Remi-Herman,3,0,3
Remi-Jay,3,0,3
Remi-Marcel,3,0,3
Remi-Marijn,3,0,3
Remi-Miguel,3,0,3
Rémi-Roy,3,0,3
Remiano,3,0,3
Remicha,0,3,3
Remicilio,3,0,3
Remicius,3,0,3
Remico,3,0,3
Rèmie,3,0,3
Remié,3,0,3
Remíe,0,3,3
Remiën,3,0,3
Remiër,3,0,3
Remiga,0,3,3
Remigeus,3,0,3
Remigi,0,3,3
Rémigia,0,3,3
Remigies,3,0,3
Rèmigio,3,0,3
Remignus,0,3,3
Remigorius,3,0,3
Remigus,3,0,3
Remii,0,3,3
Remik,3,0,3
Remil,3,0,3
Remilda,0,3,3
Remilde,0,3,3
Remilekun,3,0,3
Remilgio,3,0,3
Remiliana,0,3,3
Remiliënne,0,3,3
Remilla,0,3,3
Remilland,3,0,3
Remillian,3,0,3
Remilliano,3,0,3
Remillion,3,0,3
Remilson,3,0,3
Remilus,3,0,3
Remilya,0,3,3
Rémina,0,3,3
Remindo,3,0,3
Reminet,3,0,3
Remington,3,0,3
Reminigus,3,0,3
Reminikus,3,0,3
Remir,3,0,3
Remira,0,3,3
Remiray,3,0,3
Remirito,3,0,3
Remish,3,0,3
Remishsingh,3,0,3
Remitri,3,0,3
Remitzia,0,3,3
Remiva,0,3,3
Remiwouo,0,3,3
Remiyan,3,0,3
Remiz,3,0,3
Remjahlinho,3,0,3
Remkienus,3,0,3
Remko-Bert,3,0,3
Remko-Camiel,3,0,3
Remko-Harry,3,0,3
Remko-Jan,3,0,3
Remko-Pieter,3,0,3
Remko-René,3,0,3
Remkolien,0,3,3
Remkoline,0,3,3
Remkonius,3,0,3
Remktje,0,3,3
Remly,3,0,3
Remmegienna,0,3,3
Remmeke,0,3,3
Remmeldiena,0,3,3
Remmeline,0,3,3
Remmelliena,0,3,3
Remmelt-Jan,3,0,3
Remmelt-Willem,3,0,3
Remmeltien,0,3,3
Remmeltiene,0,3,3
Remment-Jan,3,0,3
Remmerdinus,3,0,3
Remmerig,0,3,3
Remmers,3,0,3
Remmert-Jan,3,0,3
Remmertine,0,3,3
Remmertjan,3,0,3
Remmertsz,3,0,3
Remmij,0,3,3
Remmilo,3,0,3
Remmington,0,3,3
Remmold,3,0,3
Remmona,0,3,3
Remmonda,0,3,3
Rémnie,3,0,3
Remó,3,0,3
Remoen,3,0,3
Remogino,3,0,3
Remolda,0,3,3
Remöldus,3,0,3
Remoldus,3,0,3
Remolo,3,0,3
Rémón,3,0,3
Rëmon,3,0,3
Remòn,3,0,3
Rémon-Jeffrey,3,0,3
Remon-John,3,0,3
Remon-Martijn,3,0,3
Rèmona,0,3,3
Rêmond,3,0,3
Rémonda,0,3,3
Remondes,3,0,3
Remondie,0,3,3
Rémone,0,3,3
Remony,0,3,3
Remôr,3,0,3
Rémor,3,0,3
Remore,3,0,3
Remosjena,0,3,3
Remosor,3,0,3
Remoua,0,3,3
Remouldo,3,0,3
Remoz,3,0,3
Rempertina,0,3,3
Rempko,3,0,3
Remqo,3,0,3
Remrika,0,3,3
Remshelina,0,3,3
Remsie,3,0,3
Remsis,3,0,3
Remsli,3,0,3
Remt-Boy,3,0,3
Remt-Jan,3,0,3
Remtien,0,3,3
Remu,3,0,3
Remualdus,3,0,3
Rémueldo,3,0,3
Remulus,3,0,3
Remuoldo,3,0,3
Remurnes,3,0,3
Remwoldus,3,0,3
Rêmy,3,0,3
Rèmy,3,0,3
Rémy-Dion,3,0,3
Remy-Etienne,3,0,3
Rémy-Jay,3,0,3
Remy-Leon,3,0,3
Remy-Merlijn,3,0,3
Remya,0,3,3
Remyanne,0,3,3
Remyck,3,0,3
Remycus,3,0,3
Remyl,3,0,3
Remylio,3,0,3
Remylo,3,0,3
Remynaldo,3,0,3
Remyon,3,0,3
Remyra,0,3,3
Remysha,0,3,3
Remzia,0,3,3
Remzican,3,0,3
Remzija,0,3,3
Ren-Jie,3,0,3
Ren-Yu,3,0,3
Rena-Priscilla,0,3,3
Rena-Yve,0,3,3
Renaas,0,3,3
Rénaat,3,0,3
Renadina,0,3,3
Renado,3,0,3
Renadus,3,0,3
Renagate,0,3,3
Renaichel,3,0,3
Renaichely,0,3,3
Renaido,3,0,3
Renaila,0,3,3
Renaillys,0,3,3
Renairo,3,0,3
Renaishaly,0,3,3
Renaishe,0,3,3
Renaiska,0,3,3
Renal,3,0,3
Rénalda,0,3,3
Renaldini,3,0,3
Rënaldo,3,0,3
Renalduna,0,3,3
Rénaldus,3,0,3
Renalginho,3,0,3
Rénaline,0,3,3
Renalt,3,0,3
Renalta,0,3,3
Renalto,3,0,3
Renalvie,3,0,3
Renan-Jacquir,3,0,3
Renandus,3,0,3
Renangely,0,3,3
Renania,0,3,3
Renante,3,0,3
Rénar,3,0,3
Renar,3,0,3
Renárd,3,0,3
Renardas,3,0,3
Renarde,0,3,3
Renardes,3,0,3
Renario,3,0,3
Renart,3,0,3
Rènas,3,0,3
Rénasha,0,3,3
Renashae,0,3,3
Rénat,3,0,3
Renáta,0,3,3
Renata-Maria,0,3,3
Renata-Natasja,0,3,3
Renáte,0,3,3
Renàte,0,3,3
Renate-Henderika,0,3,3
Renate-Ingeborg,0,3,3
Renate-José,0,3,3
Renate-Petronella,0,3,3
Renate-Trix,0,3,3
Renatho,3,0,3
Renatis,3,0,3
Renatius,3,0,3
Rénato,3,0,3
Renato-Bruno,3,0,3
Renatovna,0,3,3
Renatta,0,3,3
Rénawatie,0,3,3
Renawaty,0,3,3
Renaycho,3,0,3
Renayco,3,0,3
Renayda,0,3,3
Renaye,0,3,3
Renayro,3,0,3
Renaz,3,0,3
Renbertus,3,0,3
Renć,0,3,3
Renca,0,3,3
Rench,3,0,3
Renche,0,3,3
Renchel,3,0,3
Renchello,3,0,3
Renchi,3,0,3
Rencia-Miranda,0,3,3
Renciano,3,0,3
Rencier,3,0,3
Rencio,3,0,3
Renciska,0,3,3
Rencius,3,0,3
Renck,3,0,3
Rencke,0,3,3
Rencko,3,0,3
Renço,3,0,3
Rendaje,0,3,3
Rendalien,0,3,3
Rendan,3,0,3
Renddel,3,0,3
Rendeldina,0,3,3
Rendelinus,3,0,3
Rendell-Uroy,3,0,3
Renderlina,0,3,3
Rendert-Jan,3,0,3
Rendhier,3,0,3
Rendhra,3,0,3
Rendinjo,3,0,3
Rendiza,0,3,3
Rendjel,3,0,3
Rendlie,3,0,3
Rendol,3,0,3
Rendomar,3,0,3
Rendor,3,0,3
Rendric,3,0,3
Rendryon,3,0,3
Rendske,0,3,3
Renduka,0,3,3
Rendy-Renda,3,0,3
Reńe,3,0,3
Renë,3,0,3
Rëne,0,3,3
René-Aimé,3,0,3
René-Anne,3,0,3
René-Aschwin,3,0,3
René-César,3,0,3
René-Cornelis,3,0,3
René-Dirk,3,0,3
René-Emiliano,3,0,3
René-Frank,3,0,3
René-Hubert,3,0,3
René-Ingmar,3,0,3
René-Jeroen,3,0,3
René-Leonard,3,0,3
Renè-Louise,0,3,3
René-Marc,3,0,3
René-Martin,3,0,3
René-Michel,3,0,3
Rene-Paul,3,0,3
René-Philip,3,0,3
René-Philippe,3,0,3
René-Simon,3,0,3
René-Tjaan,3,0,3
Reneal,3,0,3
Réneau,3,0,3
Renecia,0,3,3
Renédo,3,0,3
Reneê,3,0,3
Renêe,0,3,3
Rènée,0,3,3
Renėe,0,3,3
Reńee,0,3,3
Réneé,0,3,3
Renee-Anna,0,3,3
Renée-Denise,0,3,3
Renée-Elisabeth,0,3,3
Renee-Hélène,0,3,3
Renéé-Laurent,3,0,3
Renée-Louise,0,3,3
Renée-Marie,0,3,3
Renée-Michelle,0,3,3
Renée-Noëlle,0,3,3
Renée-Robur,3,0,3
Renée-Rose,0,3,3
Renee-Selene,0,3,3
Renée-Thérèse,0,3,3
Renée-Willeke,0,3,3
Reneechel,3,0,3
Reneelia,0,3,3
Reneés,3,0,3
Reneevna,0,3,3
Reneeza,0,3,3
Reneirus,3,0,3
Reneisha,0,3,3
Reneko,3,0,3
Renelis,3,0,3
Renellia,0,3,3
Renello,3,0,3
Renelo,3,0,3
Renelsho,3,0,3
Renelva,0,3,3
Renemich,3,0,3
Renemundus,3,0,3
Renénda,3,0,3
Renendie,0,3,3
Reneo,3,0,3
Renery,3,0,3
Renéshawn,3,0,3
Reneshia,0,3,3
Reneshika,0,3,3
Reneshma,0,3,3
Renesma,0,3,3
Renesmae,0,3,3
Renesmeé,0,3,3
Rénesmee,0,3,3
Renesmenur,0,3,3
Renessemee,0,3,3
Renèsta,0,3,3
Renestus,3,0,3
Renészoon,3,0,3
Rénetten,0,3,3
Renéus,3,0,3
Renevva,0,3,3
Reney,3,0,3
Renf,3,0,3
Renford,3,0,3
Rengélano,3,0,3
Rengelin,0,3,3
Rengelinus,3,0,3
Rengelo,3,0,3
Rengeneris,3,0,3
Rengeniera,0,3,3
Rengerdien,0,3,3
Rengerdiena,0,3,3
Rengerliena,0,3,3
Rengerline,0,3,3
Rengernier,3,0,3
Rengertsje,0,3,3
Renggo,3,0,3
Renghard,3,0,3
Rengien,0,3,3
Rengil,0,3,3
Rengilinus,3,0,3
Rengîn,0,3,3
Rengnerus,3,0,3
Rengnier,3,0,3
Rengon,0,3,3
Rengy,3,0,3
Renhard,3,0,3
Renhart,3,0,3
Renhilde,0,3,3
Reniar,3,0,3
Reniasa,0,3,3
Renic,0,3,3
Renica,0,3,3
Renice,0,3,3
Rénice,0,3,3
Rénick,3,0,3
Renico,3,0,3
Reniël,3,0,3
Reniel,3,0,3
Reniela,0,3,3
Renielda,0,3,3
Reniëlla,0,3,3
Renien,3,0,3
Renienka,0,3,3
Renienus,3,0,3
Reniër,3,0,3
Reniér,3,0,3
Renierdus,3,0,3
Renière,3,0,3
Renieshka,0,3,3
Rénigel,3,0,3
Renigius,3,0,3
Renikes,3,0,3
Renil,0,3,3
Renila,0,3,3
Rénilde,0,3,3
Renildo,3,0,3
Renilhio,3,0,3
Renilia,0,3,3
Renilio,3,0,3
Rénilo,3,0,3
Renilsha,0,3,3
Renilt,0,3,3
Reninchia,0,3,3
Reninchio,3,0,3
Renïncio,3,0,3
Renincy,0,3,3
Renine,0,3,3
Reningka,0,3,3
Renischa,0,3,3
Renishe,0,3,3
Renishperkash,3,0,3
Reniska,0,3,3
Renista,0,3,3
Renite,0,3,3
Renitia,0,3,3
Renito,3,0,3
Renius,3,0,3
Renivio,3,0,3
Renja,0,3,3
Renjana,0,3,3
Renjani,3,0,3
Renjie,3,0,3
Renke-Jacob,3,0,3
Renkjan,3,0,3
Renko-Hans,3,0,3
Renleyson,3,0,3
Renli,0,3,3
Renna-Sarà,0,3,3
Rennardus,3,0,3
Rennas,3,0,3
Rennate,0,3,3
Rennathus,3,0,3
Rennelinus,3,0,3
Rennèsmee,0,3,3
Rennick,3,0,3
Rennij,0,3,3
Rennik,3,0,3
Rennitan,0,3,3
Rennouwje,0,3,3
Rêno,3,0,3
Reño,3,0,3
Reno-Marco,3,0,3
Renod,3,0,3
Renoekadebie,0,3,3
Renoekadevi,0,3,3
Renoekadewie,0,3,3
Renoes,3,0,3
Renoire,3,0,3
Renol,3,0,3
Renoldes,3,0,3
Renolds,3,0,3
Renolduna,0,3,3
Renomar,3,0,3
Renomi,0,3,3
Renooi,3,0,3
Renora,0,3,3
Renos,3,0,3
Renosa,3,0,3
Renota,0,3,3
Rénoud,3,0,3
Renoukadevi,0,3,3
Renould,3,0,3
Renouschka,0,3,3
Renousha,0,3,3
Renoushka,0,3,3
Rénout,3,0,3
Rénovee,3,0,3
Renoy,3,0,3
Renqi,0,3,3
Rens-Ege,3,0,3
Rens-Jelle,3,0,3
Rens-Roelof,3,0,3
Rens-Willem,3,0,3
Rensah,0,3,3
Rensar,3,0,3
Rensas,3,0,3
Rensce,0,3,3
Renschediena,0,3,3
Renschedina,0,3,3
Rénse,3,0,3
Rènse,3,0,3
Rense-Jan,3,0,3
Rense-Jo,3,0,3
Rense-Joën,3,0,3
Rense-Roel,3,0,3
Rense-Ruben,3,0,3
Rensegina,0,3,3
Renseke,0,3,3
Renselotte,0,3,3
Rensen,3,0,3
Rensford,3,0,3
Renshaily,0,3,3
Renshaineley,0,3,3
Renshan,3,0,3
Renshello,3,0,3
Renshomar,3,0,3
Renshonique,0,3,3
Rensi,3,0,3
Rensianne,0,3,3
Rensis,3,0,3
Rensius,3,0,3
Renske-Karlijn,0,3,3
Renske-Loreen,0,3,3
Renske-Nienke,0,3,3
Renske-Remmeltje,0,3,3
Renski,0,3,3
Renskie,0,3,3
Renskine,0,3,3
Rénskje,0,3,3
Rensli,3,0,3
Rensomhir,3,0,3
Rensqe,0,3,3
Renssa,0,3,3
Renssia,0,3,3
Renssie,0,3,3
Renssiena,0,3,3
Renstina,0,3,3
Renswick,3,0,3
Renswoud,3,0,3
Renswout,3,0,3
Rentes,3,0,3
Renthia,0,3,3
Rentley,3,0,3
Rentsje,0,3,3
Rentskje,0,3,3
Rentzina,0,3,3
Rentzo,3,0,3
Rénu,0,3,3
Renuca,0,3,3
Renuga,0,3,3
Renuhka,0,3,3
Renukadewi,0,3,3
Rénuphée,0,3,3
Renuschka,0,3,3
Rénusha,0,3,3
Renver,3,0,3
Renvick,3,0,3
Renville,3,0,3
Renwa,0,3,3
Renwar,3,0,3
Renwil,3,0,3
Renx,3,0,3
Renyah,0,3,3
Renyan,3,0,3
Renye,0,3,3
Renyé,3,0,3
Renyla,0,3,3
Renylda,0,3,3
Renym,3,0,3
Renysa,0,3,3
Renz-Jan,3,0,3
Renzairo,3,0,3
Renze-Maria,0,3,3
Renzhairo,3,0,3
Renzie,0,3,3
Renzinus,3,0,3
Renzis,3,0,3
Renzke,0,3,3
Renzky,3,0,3
Rénzo,3,0,3
Renzó,3,0,3
Renzoo,3,0,3
Renzy,3,0,3
Reoas,0,3,3
Réole,3,0,3
Reolien,0,3,3
Réolina,0,3,3
Reolino,0,3,3
Reollo,3,0,3
Reomoldus,3,0,3
Reonardo,3,0,3
Reonatha,0,3,3
Reonico,3,0,3
Reopasia,0,3,3
Reornyshio,3,0,3
Reowin,0,3,3
Repat,0,3,3
Rephaëla,0,3,3
Réphana,3,0,3
Rephendry,3,0,3
Repina,3,0,3
Repka,0,3,3
Repkes,3,0,3
Repolina,0,3,3
Repolosijanto,3,0,3
Repordo,3,0,3
Reqillo,3,0,3
Reqilyo,3,0,3
Reqlex,3,0,3
Requal,0,3,3
Requan,3,0,3
Requeen,0,3,3
Requeillo,3,0,3
Requél,0,3,3
Requelda,0,3,3
Requelza,0,3,3
Requena,0,3,3
Requencio,3,0,3
Requendo,3,0,3
Requënsio,3,0,3
Requensley,3,0,3
Requfjeno,3,0,3
Requiera,0,3,3
Requilia,0,3,3
Requinio,3,0,3
Requinsio,3,0,3
Requisha,0,3,3
Requisho,3,0,3
Requita,0,3,3
Requlio,3,0,3
Requyn,3,0,3
Reqwencio,3,0,3
Rerdy,3,0,3
Rereau,3,0,3
Reribitha,0,3,3
Rerodin,3,0,3
Rerri,3,0,3
Rësa,0,3,3
"Resa,",0,3,3
Resaan,3,0,3
Rešada,0,3,3
Resaiah,3,0,3
Résal,0,3,3
Resaliyah,0,3,3
Reşan,0,3,3
Resana,0,3,3
Resanne,0,3,3
Resanto,3,0,3
Resca,0,3,3
Rescha,0,3,3
Reschani,0,3,3
Reschmi,0,3,3
Resciana,0,3,3
Resco,3,0,3
Rèse,0,3,3
Resé,3,0,3
Reseel,0,3,3
Reselin,0,3,3
Reselle,0,3,3
Resema,0,3,3
Resena,0,3,3
Resende,0,3,3
Resendho,3,0,3
Reseri,3,0,3
Reseta,0,3,3
Réseva,0,3,3
Resh,3,0,3
Résha,0,3,3
Reshaaz,3,0,3
Reshab,3,0,3
Reshadulah,3,0,3
Reshaid,3,0,3
Réshaily,3,0,3
Reshaily,0,3,3
Reshaïra,0,3,3
Reshalon,3,0,3
Reshamiya,0,3,3
Reshamkoemar,3,0,3
Reshamkumar,3,0,3
Reshamna,0,3,3
Reshand,3,0,3
Reshandy,3,0,3
Reshane,0,3,3
Reshaney,0,3,3
Reshanna,0,3,3
Reshanoël,3,0,3
Reshant,3,0,3
Reshantela,0,3,3
Reshanteny,0,3,3
Reshard,3,0,3
Reshas,3,0,3
Reshat,3,0,3
Reshaune,3,0,3
Reshauno,3,0,3
Réshawn,3,0,3
Reshawni,0,3,3
Reshay,3,0,3
Reshaydee,0,3,3
Reshayed,3,0,3
Reshayion,3,0,3
Reshayliën,0,3,3
Reshayna,0,3,3
Reshayne,3,0,3
Reshayron,3,0,3
Resheda,0,3,3
Resheema,0,3,3
Resheena,0,3,3
Resheeta,0,3,3
Resheina,0,3,3
Resheldio,3,0,3
Résheline,0,3,3
Resheline,0,3,3
Reshelle-Amori,0,3,3
Reshello,3,0,3
Reshely,0,3,3
Réshem,0,3,3
Reshen,3,0,3
Reshendrick,3,0,3
Reshendry,3,0,3
Reshenely,0,3,3
Reshenli,3,0,3
Resheno,3,0,3
Reshenteny,0,3,3
Reshewerie,0,3,3
Reshidagatoen,0,3,3
Reshieda,0,3,3
Reshiena,0,3,3
Reshikumarie,0,3,3
Reshilla,0,3,3
Reshilo,3,0,3
Reshiloh,3,0,3
Reshiona,0,3,3
Reshit,3,0,3
Reshita,0,3,3
Reshm,3,0,3
Réshma,0,3,3
Reshmadevi,0,3,3
Réshmadevi,0,3,3
Reshmanisha,0,3,3
Reshmey,0,3,3
Reshmichaja,0,3,3
Reshmidevie,0,3,3
Réshmie,0,3,3
Reshmie-Ashmita,0,3,3
Reshmiedevie,0,3,3
Reshmita,0,3,3
Reshmyra,0,3,3
Reshnawatie,0,3,3
Reshni-Devi,0,3,3
Reshoe,3,0,3
Reshona,0,3,3
Reshoné,3,0,3
Reshtina,0,3,3
Reshtrie,0,3,3
Reshu,3,0,3
Réshuraino,3,0,3
Reshvan,3,0,3
Reshvaniya,0,3,3
Reshveen,3,0,3
Reshvi,0,3,3
Reshwana,0,3,3
Reshwar,3,0,3
Reshween,3,0,3
Reshwen,3,0,3
Reshwin,3,0,3
Reshwina,0,3,3
Reshwinie,0,3,3
Reshydon,3,0,3
Reshyna,0,3,3
Résia,0,3,3
Résiane,0,3,3
Resiano,3,0,3
Resid,3,0,3
Residagatoen,0,3,3
Residen,0,3,3
Residiah,0,3,3
Reşidiye,0,3,3
Resied,3,0,3
Resiek,3,0,3
Resiekha,0,3,3
Resihmie,0,3,3
Resij,0,3,3
Resika,0,3,3
Resilia,0,3,3
Resimara,0,3,3
Resimela,3,0,3
Resin,3,0,3
resina,0,3,3
Resinald,3,0,3
Resinaldus,3,0,3
Resinda,0,3,3
Resinia,0,3,3
Resiño,3,0,3
Resio,3,0,3
Resiqio,3,0,3
Resiquio,3,0,3
Resirén,0,3,3
Resistance,0,3,3
Resiti,0,3,3
Resius,3,0,3
Resjano,3,0,3
Résje,0,3,3
Resjef,3,0,3
Resjivo,3,0,3
Resjmaan,0,3,3
Reske,0,3,3
Reslan,3,0,3
Resmadebie,0,3,3
Resmakoemarie,0,3,3
Resman,3,0,3
Resmee,0,3,3
Resmelay,3,0,3
Resmha,0,3,3
Resmidevi,0,3,3
Resmiedebie,0,3,3
Resmigul,0,3,3
Resmihan,0,3,3
Resmije,0,3,3
Resmond,3,0,3
Resnate,0,3,3
Resningati,0,3,3
Reso,0,3,3
Resoe,3,0,3
Resoes,3,0,3
Reson,3,0,3
Resonance,3,0,3
Resoodia,0,3,3
Respicia,0,3,3
Respicius,3,0,3
Ressadiye,0,3,3
Ressel,3,0,3
Ressie,0,3,3
Ressul,3,0,3
Ressureição,0,3,3
Ressy,3,0,3
Restelyá,0,3,3
Resti,3,0,3
Restiën,0,3,3
Restilita,0,3,3
Restina,0,3,3
Restituta,0,3,3
Restrepo,3,0,3
Resul-Can,3,0,3
Resulcan,3,0,3
Resulkaan,3,0,3
Resulkan,3,0,3
Resullah,3,0,3
Resulu,3,0,3
Resuul,3,0,3
Reswan,3,0,3
Reswie,3,0,3
Resya,0,3,3
Resymella,3,0,3
Reta,0,3,3
Retaiwan,0,3,3
Retan-Kumar,3,0,3
Reteip,3,0,3
Retek,3,0,3
Retgals,3,0,3
Rethabile,0,3,3
Rethina,0,3,3
Rethiso,3,0,3
Rethley,3,0,3
Retien,3,0,3
Retiënsy,3,0,3
Retik,3,0,3
Retina,0,3,3
Retine,0,3,3
Retinette,0,3,3
Retisha,0,3,3
Retishia,0,3,3
Retjoera,3,0,3
Retke,0,3,3
Retmer,3,0,3
Retnadwipatry,0,3,3
Retnakoemarie,0,3,3
Reton,3,0,3
Retsina,0,3,3
Retuan,3,0,3
Retwan,3,0,3
Retysh,3,0,3
Retz,3,0,3
Reü,3,0,3
Reubén,3,0,3
Reuchemar,3,0,3
Reudyan,3,0,3
Réuèl,3,0,3
Reüël,3,0,3
Reuell,3,0,3
Reüella,0,3,3
Reugené,3,0,3
Reugiël,3,0,3
Reügiel,3,0,3
Reugino,3,0,3
Reuldmiri,3,0,3
Reunad,0,3,3
Reunaldi,3,0,3
Reur,0,3,3
Reurd,3,0,3
Reus,3,0,3
Reushelin,0,3,3
Reut,0,3,3
Reutienne,3,0,3
Reuvelinio,3,0,3
Reuvena,0,3,3
Reuvilla,0,3,3
Reuwendry,3,0,3
Reuwert,3,0,3
Rèv,0,3,3
Reva-Laurie,0,3,3
Revaani,0,3,3
Révah,0,3,3
Revaha,3,0,3
Revainny,3,0,3
Revairo,3,0,3
Reval,3,0,3
Revaldus,3,0,3
Revalencio,3,0,3
Revaliano,3,0,3
Revalieno,3,0,3
Revaline,0,3,3
Revaliño,3,0,3
Révalino,3,0,3
Revalliano,3,0,3
Revallino,3,0,3
Revân,3,0,3
Révana,0,3,3
Revando,3,0,3
Révaneau,3,0,3
Revangaline,0,3,3
Revanhio,3,0,3
Révani,3,0,3
Revaniho,3,0,3
Révanio,3,0,3
Revanishio,3,0,3
Revanney,3,0,3
Revannie,3,0,3
Revanno,3,0,3
Revaño,3,0,3
Revanoah,3,0,3
Revanth,3,0,3
Révany,3,0,3
Revanyo,3,0,3
Revanzha,3,0,3
Revar,3,0,3
Revati,0,3,3
Revayno,3,0,3
Revayo,3,0,3
Reveana,0,3,3
Revéangely,0,3,3
Reveca,0,3,3
Revecca,0,3,3
Reveely,0,3,3
Reveen,3,0,3
Reveenadevie,0,3,3
Revéh,0,3,3
Reveilcio,3,0,3
Revekka,0,3,3
Revel,3,0,3
Revelata,0,3,3
Reveldja,0,3,3
Revelensio,3,0,3
Revelihno,3,0,3
Revelina,0,3,3
Rêveline,0,3,3
Reveling,3,0,3
Reveliñho,3,0,3
Revelinhyo,3,0,3
Révelinio,3,0,3
Revelinioh,3,0,3
Revelinjo,3,0,3
Révèlino,3,0,3
Revella,0,3,3
Revellinho,3,0,3
Revelliño,3,0,3
Revelsho,3,0,3
Revelyano,3,0,3
Réven,3,0,3
Revencho,3,0,3
Revendal,3,0,3
Revenitcha,0,3,3
Revenjah,0,3,3
Revenne,0,3,3
Revennio,3,0,3
Revens-Ricardo,3,0,3
Reveón,3,0,3
Revera,0,3,3
Reverio,3,0,3
Réverón,3,0,3
Revert,3,0,3
Reves,3,0,3
Revesh,3,0,3
Revetha,0,3,3
Revetinio,3,0,3
Revey,0,3,3
Revéylion,3,0,3
Reveylion,3,0,3
Revi-Maddox,3,0,3
Révian,3,0,3
Reviani,3,0,3
Réviano,3,0,3
Reviansley,0,3,3
Revianto,3,0,3
Revichayno,3,0,3
Revide,0,3,3
Revièn,3,0,3
Révien,3,0,3
Revien,3,0,3
Reviëna,0,3,3
Revïene,0,3,3
Reviënely,0,3,3
Reviëno,3,0,3
Revila,0,3,3
Reviliano,3,0,3
Revilin,0,3,3
Revilinio,3,0,3
Revilito,3,0,3
Revilliano,3,0,3
Révillinio,3,0,3
Revilyo,3,0,3
Revinand,3,0,3
Revinath,3,0,3
Revinciento,3,0,3
Revinderkumar,3,0,3
Revinderpersad,3,0,3
Revindersingh,3,0,3
Revindra,3,0,3
Revindre,3,0,3
Revindrekumar,3,0,3
Revindrenath,3,0,3
Rêving,3,0,3
Revinginio,3,0,3
Revinia,0,3,3
Revinjo,3,0,3
Revink,3,0,3
Révinn,3,0,3
Revinn,3,0,3
Révino,3,0,3
Revion,3,0,3
Révione,3,0,3
Revior,3,0,3
Revish,3,0,3
Revison,3,0,3
Revithal,0,3,3
Revitto,3,0,3
Revival,3,0,3
Revixit,3,0,3
Revke,0,3,3
Revlinho,3,0,3
Revlon,3,0,3
Revlyn,0,3,3
Revna,0,3,3
Revocata,0,3,3
Revocatus,3,0,3
Revolieno,3,0,3
Revolineo,3,0,3
Revolinnio,3,0,3
Revoliño,3,0,3
Revolinyo,3,0,3
Revolution,0,3,3
Revolyno,3,0,3
Rèvon,3,0,3
Revona,0,3,3
Revoo,3,0,3
Revor,3,0,3
Revorinia,0,3,3
Revşan,0,3,3
Revson,3,0,3
Revualta,0,3,3
Revugio,0,3,3
Revvan,3,0,3
Révy,3,0,3
Revyano,3,0,3
Revyn,3,0,3
Revynio,3,0,3
Revyta,0,3,3
Rêwa,3,0,3
Rewakant,3,0,3
Rewán,3,0,3
Réwana,0,3,3
Reward,3,0,3
Rewat,3,0,3
Rewaz,3,0,3
Rewel,3,0,3
Rewell,3,0,3
Rewen,3,0,3
Rewenslie,3,0,3
Rewesha,0,3,3
Rewi-Kash,3,0,3
Rewianand,3,0,3
Réwien,3,0,3
Rewiender,3,0,3
Rewienkoemar,3,0,3
Rewieshen,3,0,3
Rewinash,3,0,3
Rewinderkoemar,3,0,3
Rewinderkumar,3,0,3
Rewindra,3,0,3
Rewindrenath,3,0,3
Rewinna,0,3,3
Rewino,3,0,3
Rewinus,3,0,3
Rewischandre,3,0,3
Rewishen,3,0,3
Rewishna,0,3,3
Rewital,0,3,3
Rewolt,3,0,3
Rewtiedaas,3,0,3
Rewuri,0,3,3
Rewykant,3,0,3
Rex-Xander,3,0,3
Rexach,3,0,3
Rexan,0,3,3
Rexana,0,3,3
Rexander,3,0,3
Rexanne,0,3,3
Rexe,0,3,3
Rexerda,0,3,3
Rexeron,3,0,3
Rexhepi,0,3,3
Rexhina,0,3,3
Rexim,3,0,3
Reximilian,3,0,3
Rexina,0,3,3
Rexinio,3,0,3
Rexis,3,0,3
Rexman,3,0,3
Rexson,3,0,3
Rextine,0,3,3
Rexxal,3,0,3
Rexxar,3,0,3
Rey'anne,0,3,3
Rey'Chendry,3,0,3
Rey-an,3,0,3
Rey-Angelo,3,0,3
Rey-Chaino,3,0,3
Rey-Mahrie,0,3,3
Reya-Roos,0,3,3
Reyaam,0,3,3
Reyae,3,0,3
Réyaeh,3,0,3
Reyaëla,0,3,3
Reyaella,0,3,3
Reyaino,3,0,3
Reyald,3,0,3
Reyaldey,3,0,3
Reyaldo,3,0,3
Reyane,3,0,3
Reyangela,0,3,3
Reyanna,0,3,3
Reyanny,0,3,3
Reyanshala,0,3,3
Reyanthony,3,0,3
Réyanthony,3,0,3
Reyanto,3,0,3
Reyash,3,0,3
Reyaz,3,0,3
Reyban,3,0,3
Reybin,3,0,3
Reychaino,3,0,3
Réychen,3,0,3
Réychonell,3,0,3
Reycka,0,3,3
Reyco,3,0,3
Reyda,3,0,3
Reydaa,0,3,3
Reydeïon,3,0,3
Reyden,3,0,3
Reydhynio,3,0,3
Reydion,3,0,3
Reydouan,3,0,3
Reydrich,3,0,3
Reyduan,3,0,3
Reyéah,3,0,3
Reyel,3,0,3
Reyélio,3,0,3
Reyen,0,3,3
Reyenaisa,0,3,3
Reyendall,3,0,3
Reyender,3,0,3
Reyendgelo,3,0,3
Reyendy,3,0,3
Réyenn,0,3,3
Reyensa,0,3,3
Reyensley,3,0,3
Reyenzo,3,0,3
Reyerdinand,3,0,3
Reyerina,0,3,3
Reyers,0,3,3
Reyérus,3,0,3
Reyez,3,0,3
Reygensly,3,0,3
Reygino,3,0,3
Reyha,0,3,3
Reyhaanah,0,3,3
Reyhanah,0,3,3
Reyhanna,0,3,3
Reyhannur,0,3,3
Reyhs,3,0,3
Reyita,0,3,3
Reyiz,3,0,3
Reyjean,3,0,3
Reykert,3,0,3
Reykwaard,3,0,3
Reylano,3,0,3
Reyli,3,0,3
Reylie,0,3,3
Reylina,0,3,3
Reylinde,0,3,3
Reylion,3,0,3
Reylis,0,3,3
Reylisha,0,3,3
Reylixiandro,3,0,3
Reylly,3,0,3
Reylof,3,0,3
Reylyley,0,3,3
Reymanda,0,3,3
Reymark,3,0,3
Reymarviënna,0,3,3
Reymiëlla,0,3,3
Reymilandro,3,0,3
Reymo,3,0,3
Reymondio,3,0,3
Reymondo,3,0,3
Reymondt,3,0,3
Reymundus,3,0,3
Reymy,0,3,3
Reynah,0,3,3
Rëynaisha,0,3,3
Reynaishka,0,3,3
Reynaldino,3,0,3
Reynalt,3,0,3
Reynando,3,0,3
Reynart,3,0,3
Reynata,0,3,3
Reynato,3,0,3
Reynaut,3,0,3
Reynders,0,3,3
Reyndert-Jan,3,0,3
Reyneal,3,0,3
Reynee,3,0,3
Reynellcher,3,0,3
Reynerius,3,0,3
Reynessi,3,0,3
Reynethan,3,0,3
Reynetta,0,3,3
Reynhilde,0,3,3
Reynhold,3,0,3
Reynhoud,3,0,3
Reynial,3,0,3
Reynildus,3,0,3
Reyniño,3,0,3
Reynke,0,3,3
Reynolds,3,0,3
Reynolt,3,0,3
Reynordts,3,0,3
Reynosa,0,3,3
Reynt-Willem,3,0,3
Reyntien,0,3,3
Reynuck,0,3,3
Reynyl,3,0,3
Réyon,3,0,3
Reyquantly,3,0,3
Reyquintly,3,0,3
Reys,3,0,3
Reyschawn,3,0,3
Reysha,0,3,3
Reyshaan,3,0,3
Réyshairo,3,0,3
Reyshan,3,0,3
Reyshanio,3,0,3
Reyshant,3,0,3
Reyshel,0,3,3
Reyshèn,3,0,3
Reyshenilio,3,0,3
Reyshently,3,0,3
Reyshiano,3,0,3
Reyshion,3,0,3
Reysjeniez,0,3,3
Reyston,3,0,3
Reysulindy,0,3,3
Reytine,0,3,3
Reyum,3,0,3
Reyva,0,3,3
Reyvan,3,0,3
Reyvensly,3,0,3
Reyvianshenelly,0,3,3
Reyvilino,3,0,3
Reyvin,3,0,3
Reyvion,3,0,3
Rezâ,3,0,3
Reza-Abdoelrahiem,3,0,3
Rezaa,3,0,3
Rezaak,3,0,3
Rezaam,3,0,3
Rezaan,3,0,3
Rezach,3,0,3
Rezade,0,3,3
Rezaes,0,3,3
Rezaevich,3,0,3
Rézah,3,0,3
Rezahkhan,3,0,3
Rezai,3,0,3
Rezaie,0,3,3
Rezairo,3,0,3
Rezakhan,3,0,3
Rezaldy,3,0,3
Rezana,0,3,3
Rezanna,0,3,3
Rézanne,0,3,3
Rezano,3,0,3
Rezaoddin,3,0,3
Rezaoul,3,0,3
Rézario,3,0,3
Rezarta,0,3,3
Rezawan,3,0,3
Rezayan,3,0,3
Rezda,3,0,3
Rezdar,3,0,3
Reze,3,0,3
Rezenet,0,3,3
Rezeria,0,3,3
Rezhne,0,3,3
Rezhwan,3,0,3
Reziano,3,0,3
Rezid,3,0,3
Rezien,0,3,3
Reziena,0,3,3
Reziënne,0,3,3
Rèzin,3,0,3
Rézinca,0,3,3
Rezine,0,3,3
Rezinh,3,0,3
Rezinho,3,0,3
Réziyah,0,3,3
Rezja,3,0,3
Rezjuan,0,3,3
Rezkalla,3,0,3
Rezkia,0,3,3
Rèzlin,0,3,3
Reznaldo,3,0,3
Rezo,3,0,3
Rézon,3,0,3
Rezonne,3,0,3
Rezqi,3,0,3
Rezso,3,0,3
Rézsó,3,0,3
Rezsô,3,0,3
Rezvaan,3,0,3
Rezvanovitsj,3,0,3
Rezwaan-Ali,3,0,3
Rezwana,0,3,3
Rezz,3,0,3
Rezzak,3,0,3
Rezzo,3,0,3
Rfael,3,0,3
Rfah,0,3,3
Rfih,0,3,3
RFM,0,3,3
Rgill,3,0,3
RGJ,3,0,3
RGR,3,0,3
Rha,3,0,3
Rhaban,3,0,3
Rhabanne,0,3,3
Rhabid,3,0,3
Rhachantie,0,3,3
Rhaciano,3,0,3
Rhackeyli,0,3,3
Rhadailysjon,3,0,3
Rhadamanthys,3,0,3
Rhadeline,0,3,3
Rhadi,3,0,3
Rhadinio,3,0,3
Rhadjinder,3,0,3
Rhadjkumar,3,0,3
Rhady,3,0,3
Rhaëll,3,0,3
Rhaemello,3,0,3
Rhaesalio,3,0,3
Rhaeyanne,0,3,3
Rhaeyven-Leigh,0,3,3
Rhafaela,0,3,3
Rhafaeli,3,0,3
Rhafano,3,0,3
Rhafeli,3,0,3
Rhagel,3,0,3
Rhagenie,0,3,3
Rhagmire,3,0,3
Rhagnell,0,3,3
Rhagnhild,0,3,3
Rhagni,0,3,3
Rhahana,0,3,3
Rhahannah,0,3,3
Rhaheem,3,0,3
Rhaicidiön,3,0,3
Rhaid,3,0,3
Rhaida,0,3,3
Rhailey,0,3,3
Rhaiman,3,0,3
Rhaïna,0,3,3
Rhainne,0,3,3
Rhaino,3,0,3
Rhaïs,3,0,3
Rhaïsa,0,3,3
Rhaisa,0,3,3
Rhaishrie,0,3,3
Rhaïss,3,0,3
Rhaissa,0,3,3
Rhaizel,3,0,3
Rhaja,0,3,3
Rhajender,3,0,3
Rhajesca,0,3,3
Rhajiem,3,0,3
Rhakim,3,0,3
Rhalda,0,3,3
Rhali,3,0,3
Rhalïsha,0,3,3
Rhalp,3,0,3
Rhama,0,3,3
Rhaman,3,0,3
Rhamawandi,3,0,3
Rhami,3,0,3
Rhamma,0,3,3
Rhamona,0,3,3
Rhamsey,3,0,3
Rhamy,3,0,3
Rhanagül,0,3,3
Rhandi,3,0,3
Rhandir,3,0,3
Rhanéé,0,3,3
Rhanelza,0,3,3
Rhanidevi,0,3,3
Rhanie,0,3,3
Rhanietha,0,3,3
Rhaniya,0,3,3
Rhanjana,0,3,3
Rhannon,0,3,3
Rhanny,0,3,3
Rhano,3,0,3
Rhanu,3,0,3
Rhanya,0,3,3
Rhaphealeijn,0,3,3
Rhasad,3,0,3
Rhasida,0,3,3
Rhasja,0,3,3
Rhasna,0,3,3
Rhassane,3,0,3
Rhassen,3,0,3
Rhasydha,0,3,3
Rhatna,0,3,3
Rhaudy,3,0,3
Rhauf-Mohammed,3,0,3
Rhavan,0,3,3
Rhavenne,0,3,3
Rhavin,3,0,3
Rhavishan,3,0,3
Rhavy,3,0,3
Rhavyta,0,3,3
Rhawan,3,0,3
Rhawi,3,0,3
Rhawie,3,0,3
Rhawien,3,0,3
Rhawina,0,3,3
Rhawinderkumar,3,0,3
Rhawiprakash,3,0,3
Rhaya,0,3,3
Rhayan,3,0,3
Rhayciano,3,0,3
Rhaydailyshjon,3,0,3
Rhayden,3,0,3
Rhayderick,3,0,3
Rhayginel,3,0,3
Rhayleston,3,0,3
Rhaylicia,0,3,3
Rhaymille,3,0,3
Rhaymond,3,0,3
Rhaymondo,3,0,3
Rhaynald,3,0,3
Rhayniece,0,3,3
Rhayno,3,0,3
Rhayo,3,0,3
Rhaysherry,0,3,3
Rhayven,3,0,3
Rhayza,0,3,3
Rhazia,0,3,3
Rhaziya,0,3,3
Rhazu,3,0,3
Rhé,3,0,3
Rhe',3,0,3
Rhé-Ann,0,3,3
Rhe-ann,0,3,3
Rhéa,0,3,3
Rhea-Aline,0,3,3
Rhea-Claire,0,3,3
Rhea-Joy,0,3,3
Rhea-Silvia,0,3,3
Rhea-Soekeyna,0,3,3
Rheaen,0,3,3
Rheaiden,3,0,3
Rheanah,0,3,3
Rheane,0,3,3
Rheangely,0,3,3
Rheanna,0,3,3
Rheasa,0,3,3
Rheashannara,0,3,3
Rheava,0,3,3
Rhedwan,3,0,3
Rhedyn,0,3,3
Rheebana,0,3,3
Rheen,3,0,3
Rheeny,0,3,3
Rheese,0,3,3
Rheeven,3,0,3
Rheeza,0,3,3
Rhega,0,3,3
Rheggy,3,0,3
Rhegum,0,3,3
Rheimer,3,0,3
Rheinardus,3,0,3
Rheinder,3,0,3
Rheinharda,0,3,3
Rheinhardt,3,0,3
Rheinhart,3,0,3
Rheinholda,0,3,3
Rheinier,3,0,3
Rheinilde,0,3,3
Rheinold,3,0,3
Rhéjanka,0,3,3
Rheka,0,3,3
Rhelana,0,3,3
Rhelia,0,3,3
Rhelinde,0,3,3
Rhem,3,0,3
Rhemana-Evelien,0,3,3
Rhemillano,3,0,3
Rhemoe,0,3,3
Rhemon,0,3,3
Rhémond,3,0,3
Rhemondo,3,0,3
Rhencke,0,3,3
Rhendell,3,0,3
Rhené,3,0,3
Rheneir,3,0,3
Rhenes,3,0,3
Rheni,3,0,3
Rhenie,3,0,3
Rhènië,0,3,3
Rhenna,0,3,3
Rhenno,3,0,3
Rhenoy,3,0,3
Rhens,3,0,3
Rhenzo,3,0,3
Rhésa,0,3,3
Rhesa-Moile,3,0,3
Rhésella,0,3,3
Rhesella,0,3,3
Rhesette,0,3,3
Rhesia,3,0,3
Rhesienta,0,3,3
Rhesly,0,3,3
Rhesma,0,3,3
Rhevano,3,0,3
Rhévano,3,0,3
Rhevenna,0,3,3
Rhevently,3,0,3
Rhevesh,3,0,3
Rhevory,3,0,3
Rhewin,3,0,3
Rheyi,3,0,3
Rheyn,3,0,3
Rheyna,0,3,3
Rheynoud,3,0,3
Rheyven,3,0,3
Rhezza,3,0,3
Rhi,3,0,3
Rhi-Ann,0,3,3
Rhiain,0,3,3
Rhiane,0,3,3
Rhianety,0,3,3
Rhiann,0,3,3
Rhiannan,0,3,3
Rhiánnon,0,3,3
Rhianwyn,0,3,3
Rhiayda,0,3,3
Rhidzo,3,0,3
Rhiem,0,3,3
Rhieno,3,0,3
Rhienus,3,0,3
Rhigëano,3,0,3
Rhijdel,3,0,3
Rhijja,0,3,3
Rhijnout,3,0,3
Rhijntje,0,3,3
Rhijs,3,0,3
Rhijsamae,0,3,3
Rhimeero,3,0,3
Rhinaigelo,3,0,3
Rhinay,3,0,3
Rhinesh,3,0,3
Rhinna,0,3,3
Rhio,3,0,3
Rhisanth,3,0,3
Rhisda,0,3,3
Rhishal,3,0,3
Rhishengel,3,0,3
Rhishenia,0,3,3
Rhishyno,3,0,3
Rhisika,0,3,3
Rhisma,0,3,3
Rhistie,3,0,3
Rhisto,3,0,3
Rhiston,3,0,3
Rhivion,3,0,3
Rhixiana,0,3,3
Rhixt,0,3,3
Rhiya,0,3,3
Rhiyanti,0,3,3
Rhiyardi,3,0,3
Rhiyasha,0,3,3
Rhizlaine,0,3,3
Rhizlen,0,3,3
Rhmaan,3,0,3
Rhmaen,3,0,3
Rho-Jayh,3,0,3
Rhö-shemy,0,3,3
Rhö-vianolly,3,0,3
Rho-Viënthely,3,0,3
Rho-Zjeandry,3,0,3
Rhoa,0,3,3
Rhoads,0,3,3
Rhoän,3,0,3
Rhoana,0,3,3
Rhoanan,3,0,3
Rhoangelo,3,0,3
Rhoben,3,0,3
Rhoberta,0,3,3
Rhobi,0,3,3
Rhóbin,0,3,3
Rhobin-Phaul,3,0,3
Rhobina,0,3,3
Rhobyn,0,3,3
Rhobynn,0,3,3
Rhociano,3,0,3
Rhôda,0,3,3
Rhoda-Ann,0,3,3
Rhôda-Romée,0,3,3
Rhodadus,3,0,3
Rhodain,3,0,3
Rhodaleine,0,3,3
Rhodansio,3,0,3
Rhodanthe,0,3,3
Rhodanus,3,0,3
Rhodawy,3,0,3
Rhodaychelyn,0,3,3
Rhodayenne,0,3,3
Rhode-Eva,0,3,3
Rhodelys,0,3,3
Rhodene,0,3,3
Rhodeny,3,0,3
Rhodeon,3,0,3
Rhoderica,0,3,3
Rhodérick,3,0,3
Rhodericka,0,3,3
Rhoderico,3,0,3
Rhoderik,3,0,3
Rhodésa,0,3,3
Rhodessa,0,3,3
Rhodey,3,0,3
Rhodie,3,0,3
Rhodìn,3,0,3
Rhodino-Adino,3,0,3
Rhodis,0,3,3
Rhodischka,0,3,3
Rhodjena,0,3,3
Rhodjni,0,3,3
Rhodo,3,0,3
Rhodora,0,3,3
Rhodwina,0,3,3
Rhodyshka,0,3,3
Rhoé,0,3,3
Rhoebinah,0,3,3
Rhoël,3,0,3
Rhoëll,3,0,3
Rhohainny,0,3,3
Rhohans,3,0,3
Rhohendley,3,0,3
Rhohinkoemar,3,0,3
Rhöhnimalien,0,3,3
Rhohyd,3,0,3
Rhoinde,0,3,3
Rhoja,0,3,3
Rhojean,0,3,3
Rhokelso,3,0,3
Rholeen,0,3,3
Rholine,0,3,3
Rhoma,3,0,3
Rhomani,0,3,3
Rhomano,3,0,3
Rhomaysa,0,3,3
Rhomée,0,3,3
Rhomekso,3,0,3
Rhomen,3,0,3
Rhomero,3,0,3
Rhomey,0,3,3
Rhomi,0,3,3
Rhôna,0,3,3
Rhonaldus,3,0,3
Rhönde,0,3,3
Rhondius,3,0,3
Rhone,0,3,3
Rhonell,3,0,3
Rhonin,3,0,3
Rhoninn,3,0,3
Rhonnie,3,0,3
Rhonny,0,3,3
Rhonwyn,0,3,3
Rhoon,3,0,3
Rhosa,0,3,3
Rhosan,0,3,3
Rhosanna,0,3,3
Rhosari,0,3,3
Rhosena,0,3,3
Rhoseni,0,3,3
Rhoshaindricley,0,3,3
Rhoshainy,0,3,3
Rhoshendrick,3,0,3
Rhosi,0,3,3
Rhosjeafiene,0,3,3
Rhoslyn,0,3,3
Rhoslynn,0,3,3
Rhosyanna,0,3,3
Rhótali,0,3,3
Rhou,3,0,3
Rhoulam,3,0,3
Rhoulani,3,0,3
Rhouma,3,0,3
Rhovienjetely,0,3,3
Rhoviënne,3,0,3
Rhowandly,3,0,3
Rhowayda,0,3,3
Rhowediën,3,0,3
Rhowel,3,0,3
Rhowen,3,0,3
Rhowintha,0,3,3
Rhowleny,0,3,3
Rhowyn,3,0,3
Rhox,0,3,3
Rhoy,3,0,3
Rhu-Ánn,0,3,3
Rhuby,0,3,3
Rhudi,3,0,3
Rhudin,3,0,3
Rhudra,3,0,3
Rhuendra,0,3,3
Rhüenly,3,0,3
Rhuenly,3,0,3
Rhuenna,0,3,3
Rhulen,3,0,3
Rhulof,3,0,3
Rhumeisa,0,3,3
Rhuo,3,0,3
Rhuqaya,0,3,3
Rhusti,3,0,3
Rhute,0,3,3
Rhuting,3,0,3
Rhuwensey,3,0,3
Rhy-Jhonna,0,3,3
Rhy-Shaino,3,0,3
Rhyana,0,3,3
Rhyanan,3,0,3
Rhyannah,0,3,3
Rhybe,3,0,3
Rhyce,3,0,3
Rhydar,3,0,3
Rhydell-Avery,3,0,3
Rhye,3,0,3
Rhyence,3,0,3
Rhygerlie,3,0,3
Rhylaina,0,3,3
Rhylouise,0,3,3
Rhylynn,0,3,3
Rhymaishel,3,0,3
Rhymme,0,3,3
Rhymón,3,0,3
Rhyna,0,3,3
Rhynne,0,3,3
Rhyno,3,0,3
Rhyouviëntaley,0,3,3
Rhys-Theodore,3,0,3
Rhyslynn,0,3,3
Rhysse,0,3,3
Rhysto,3,0,3
Rhyvano,3,0,3
Rhyvaro,3,0,3
Ri'djensley,3,0,3
Ri'jaeliano,3,0,3
Ri'jaylen,3,0,3
Ri'jaynairo,3,0,3
Ri'jeänelly,0,3,3
Ri'kaysheano,3,0,3
Ri'lisha,0,3,3
Ri'shaëely,0,3,3
Ri'Shaina,0,3,3
Ri'shay-ly,0,3,3
Ri'Shayro,3,0,3
Ri'shylo,3,0,3
Ri'vaingely,0,3,3
Ri-Adi,3,0,3
Ri-ainshenly,0,3,3
Ri-angela,0,3,3
Ri-angelica,0,3,3
Ri-ann,0,3,3
Ri-Ann,0,3,3
Ri-Anna,0,3,3
Ri-Catheleah,0,3,3
Ri-cheno,3,0,3
Ri-Djahnairo,3,0,3
Ri-Elijah,3,0,3
Ri-Gaénis,0,3,3
Ri-Hendric,3,0,3
Ri-Jaéliano,3,0,3
Ri-Jainy,0,3,3
Ri-Jairo,3,0,3
Ri-Jakely,3,0,3
Ri-jan,3,0,3
Ri-Janne,0,3,3
Ri-Janno,3,0,3
Ri-Jáyden,3,0,3
Ri-Jealy,0,3,3
Ri-Jeana,0,3,3
Ri-jeanne,0,3,3
Ri-Jeanne,0,3,3
Ri-Jendrick,3,0,3
Ri-Jennetey,0,3,3
Ri-jenson,3,0,3
Ri-Jeromy,3,0,3
Ri-Jo,0,3,3
Rï-junior,3,0,3
Ri-Lee,3,0,3
Ri-Qing,3,0,3
Ri-quensley,3,0,3
Ri-Shanouck,0,3,3
Ri-shayna,0,3,3
Ri-Shena,0,3,3
Ri-Shenailey,0,3,3
Ri-Shinelycka,0,3,3
Ri-Shiney,0,3,3
Ri-tyson,3,0,3
Ri-Wendell,3,0,3
Ri-Wendrick,3,0,3
Ri-xshendry,3,0,3
Ri-zion,3,0,3
Ria-Alberta,0,3,3
Ria-Anne,0,3,3
Ria-Madeleine,0,3,3
Riaam,0,3,3
Riaaset,3,0,3
Riaash,3,0,3
Riaazahmed,3,0,3
Riaberta,0,3,3
Riacharda,0,3,3
Riaco,3,0,3
Riadhul,3,0,3
Riadie,3,0,3
Riadkhan,3,0,3
Riadne,0,3,3
Riagan,3,0,3
Riahailie,3,0,3
Riahanna,0,3,3
Riahaz,3,0,3
Riahta,0,3,3
Riaime,3,0,3
Riain,3,0,3
Rial,0,3,3
Rialco,3,0,3
Rialthen,3,0,3
Rialyn,0,3,3
Riamo,3,0,3
Riamy,0,3,3
Rián,0,3,3
RiAn,3,0,3
Rian-Marieke,0,3,3
Riána,0,3,3
Rianaldo,3,0,3
Riancarlo,3,0,3
Rianchela,0,3,3
Rianco,3,0,3
Riand,3,0,3
Riandery,0,3,3
Riandi,3,0,3
Riandie,3,0,3
Riandjalo,3,0,3
Riandly-ann,0,3,3
Rianelda,0,3,3
Rianella,0,3,3
Rianey,0,3,3
Riang,3,0,3
Riangelien,0,3,3
Rïangelly,0,3,3
Riangelmar,3,0,3
Riangenel,3,0,3
Riangiëly,0,3,3
Rianie,0,3,3
Riannah,0,3,3
Rianne-Annemarie,0,3,3
Rianne-Aukje,0,3,3
Rianne-Brechje-Lammy,0,3,3
Rianne-Karlijn,0,3,3
Rianne-Margreet,0,3,3
Rianne-Michelle,0,3,3
Rianne-Sophie,0,3,3
Riannemieke,0,3,3
Riannie,0,3,3
Rianno,3,0,3
Riannon,0,3,3
Riannus,3,0,3
Riannys,3,0,3
Ríano,3,0,3
Riaño,3,0,3
Riano-Jony,3,0,3
Rianomy,0,3,3
Rianschelo,3,0,3
Rianshelo,3,0,3
Riant,3,0,3
Riantely,0,3,3
Riantho,3,0,3
Rianthy,0,3,3
Riantina,0,3,3
Riantji,0,3,3
Riantley,0,3,3
Riantoni,3,0,3
Riantono,3,0,3
Rianzo,3,0,3
Riard,3,0,3
Riäs,3,0,3
Riased,3,0,3
Riash,3,0,3
Riashanti,0,3,3
Riashed,3,0,3
Riasid,3,0,3
Riatno,3,0,3
Riaurika,0,3,3
Riaynna,0,3,3
Rïaz,3,0,3
Ríaz,3,0,3
Riaz-Ali,3,0,3
Riazatali,3,0,3
Riazed-Ali,3,0,3
Riazoelhak,3,0,3
Ribaah,0,3,3
Ribaaq,0,3,3
Ribai,3,0,3
Ribalto,3,0,3
Ribaud,3,0,3
Ribayli,0,3,3
Ribbertus,3,0,3
Ribe,3,0,3
Ribean,0,3,3
Ribera,0,3,3
Riberd,3,0,3
Riberius,3,0,3
Ribertha,0,3,3
Ribery,3,0,3
Ribilta,0,3,3
Ribkah,0,3,3
Ribrand,3,0,3
Ribrecht,3,0,3
Ribryashen,3,0,3
Ric-Jan,3,0,3
Ricadonna,0,3,3
Ricagni,3,0,3
Rical,3,0,3
Rican,3,0,3
Ricano,3,0,3
Ricar,3,0,3
Ričard,3,0,3
Ricardau,3,0,3
Ricardeau,3,0,3
Ricardes,0,3,3
Ricardiana,0,3,3
Ricardina,0,3,3
Ricardinjo,3,0,3
Ricardio,3,0,3
Ricardo-Adam,3,0,3
Ricardo-Antonius,3,0,3
Ricardo-Jaap,3,0,3
Ricardo-Johannes,3,0,3
Ricardoboy,3,0,3
Ricarido,3,0,3
Ricarihno,3,0,3
Ricarjaynio,3,0,3
Ricarte,3,0,3
Ricarti,3,0,3
Ricasch,3,0,3
Ricasha,0,3,3
Ricashio,3,0,3
Ricasper,3,0,3
Ricat,3,0,3
Ricaute,3,0,3
Ricavera,0,3,3
Ricay,3,0,3
Ricaya,0,3,3
Riccaldo,3,0,3
Riccardino,3,0,3
Riccárdo,3,0,3
Riccardo-Pierre,3,0,3
Ricchio,3,0,3
Ricciano,3,0,3
Riccieri,3,0,3
Riccinella,0,3,3
Riccor,3,0,3
Ricé,3,0,3
Riceha,3,0,3
Ricello,3,0,3
Ricenell,3,0,3
Ricenne,0,3,3
Ricer,0,3,3
Ricette,0,3,3
Ricfrid,3,0,3
Ricfridus,3,0,3
Ricger,3,0,3
Ricginio,3,0,3
Ricglenncio,3,0,3
Ricgozi,3,0,3
Rich-Djently,3,0,3
Richaand,3,0,3
Richaar,3,0,3
Richaard,3,0,3
Richab,3,0,3
Richaël,3,0,3
Richaelle,0,3,3
Richaenell,3,0,3
Richaid,3,0,3
Richaida,0,3,3
Richaila,0,3,3
Richaily,0,3,3
Richailyson,3,0,3
Richaïna,0,3,3
Richaine,0,3,3
Richainely,0,3,3
Richaintely,0,3,3
Richainy,0,3,3
Richaïra,0,3,3
Richaïro,3,0,3
Richairon,3,0,3
Richairy,0,3,3
Richalda,0,3,3
Richaldina,0,3,3
Richaldino,3,0,3
Richalenah,0,3,3
Richalia,0,3,3
Richalie,0,3,3
Richalien,0,3,3
Richalin,0,3,3
Richall,3,0,3
Richalla,0,3,3
Richalle,0,3,3
Richalon,3,0,3
Richalvon,3,0,3
Richanadevi,0,3,3
Richanairo,3,0,3
Richanayra,0,3,3
Richandel,3,0,3
Richandell,3,0,3
Richandeny,0,3,3
Richandi,3,0,3
Richanelie,0,3,3
Richanellison,3,0,3
Richanelo,3,0,3
Richanëly,0,3,3
Richania,0,3,3
Richaniëlly,0,3,3
Richaniya,0,3,3
Richann,3,0,3
Richantelly,0,3,3
Richanti,0,3,3
Richanto,3,0,3
Richanyla,0,3,3
Richapersad,3,0,3
Richaran,3,0,3
Richard-André,3,0,3
Richard-Anne,3,0,3
Richard-Charles,3,0,3
Richard-Claude,3,0,3
Richard-David,3,0,3
Richard-Dielan,3,0,3
Richard-Elibert,3,0,3
Richard-Elise,3,0,3
Richard-Hendrik,3,0,3
Richard-Johannes,3,0,3
Richard-John,3,0,3
Richard-Keanu,3,0,3
Richard-Klaus,3,0,3
Richard-Mark,3,0,3
Richard-Peter,3,0,3
Richard-René,3,0,3
Richard-Tito,3,0,3
Richard-William,3,0,3
Richarda-Maria,0,3,3
Richardecon,3,0,3
Richardia,0,3,3
Richardinho,3,0,3
Richardinus,0,3,3
Richardio,3,0,3
Richardkhan,3,0,3
Richardna,0,3,3
Richardon,3,0,3
Richardovich,3,0,3
Richardsingh,3,0,3
Richardszoon,3,0,3
Richario,3,0,3
Richaro,3,0,3
Richarson,3,0,3
Richauna,0,3,3
Richaura,0,3,3
Richaviantheley,0,3,3
Richay,3,0,3
Richayan,3,0,3
Richayda,0,3,3
Richayda-Samira,0,3,3
Richayenne,0,3,3
Richayli,0,3,3
Richayma,0,3,3
Richaymond,3,0,3
Richayne,0,3,3
Richaynie,0,3,3
Richayran,3,0,3
Richayron,3,0,3
Richayron-Amir,3,0,3
Richbertha,0,3,3
Richbritch,3,0,3
Richcano,3,0,3
Riche-Aidan,3,0,3
Riché-Vanni,0,3,3
Richeandrick,3,0,3
Richeanelie,0,3,3
Richedion,3,0,3
Richedith,0,3,3
Richedley,3,0,3
Richeëdian,3,0,3
Richeena,0,3,3
Richéendro,3,0,3
Richegenio,3,0,3
Richeila,0,3,3
Richeiton,3,0,3
Richël,0,3,3
Richèl-Julia,0,3,3
Richel-Liënne,0,3,3
Richelain,0,3,3
Richelaine,0,3,3
Richelanne,0,3,3
Richelano,3,0,3
Richelario,3,0,3
Richelayn,0,3,3
Richeleen,0,3,3
Richeleima,0,3,3
Richelena,0,3,3
Richeli,0,3,3
Richeliena,0,3,3
Richelieu,3,0,3
Richelin,0,3,3
Richelina,0,3,3
Richelinda,0,3,3
Richelinio,3,0,3
Richelledy,0,3,3
Richellina,0,3,3
Richelling,0,3,3
Richellyn,0,3,3
Richelmar,3,0,3
Richelnarro,3,0,3
Richelniva,0,3,3
Rìchelo,3,0,3
Richelon,3,0,3
Richely,0,3,3
Richély,0,3,3
Richelynn,0,3,3
Richelyson,3,0,3
Richem,3,0,3
Richemely,0,3,3
Richéna,0,3,3
Richenaldo,3,0,3
Richenay,0,3,3
Richenaya,0,3,3
Richenco,3,0,3
Richende,0,3,3
Richender,3,0,3
Richendley,3,0,3
Richéndley,3,0,3
Richendly,3,0,3
Ríchëndra,0,3,3
Richène,0,3,3
Richènel,3,0,3
Richénelien,0,3,3
Richenellio,3,0,3
Richenelly,0,3,3
Richenely,0,3,3
Richenèly,0,3,3
Richenera,0,3,3
Richeni,3,0,3
Richenie,0,3,3
Richenio,3,0,3
Richenique,0,3,3
Richenn,3,0,3
Richénne,3,0,3
Richennety,0,3,3
Richensley,3,0,3
Richentelie,0,3,3
Richentilly,0,3,3
Richenuël,3,0,3
Richeny,0,3,3
Richenza,0,3,3
Richeordan,3,0,3
Richerailio,3,0,3
Richeraino,3,0,3
Richerdean,0,3,3
Richerdes,0,3,3
Richerdiëne,0,3,3
Richerneld,3,0,3
Richero,3,0,3
Richerre,0,3,3
Richerrel,3,0,3
Richerson,3,0,3
Richervairo,3,0,3
Richery,3,0,3
Riches,3,0,3
Richgard,3,0,3
Richgiene,0,3,3
Richgina,0,3,3
Richiallo,3,0,3
Richiana,0,3,3
Richianna,0,3,3
Richié,3,0,3
Richieanand,3,0,3
Richiël,0,3,3
Richielde,0,3,3
Richiën,3,0,3
Richiëne,3,0,3
Richienel,3,0,3
Richienell,3,0,3
Richiënna,0,3,3
Richieta,0,3,3
Richild,3,0,3
Richilee,0,3,3
Richimi,0,3,3
Richinairo,3,0,3
Richinde,0,3,3
Richinèl,3,0,3
Richinelle,3,0,3
Richio,3,0,3
Richiolance,3,0,3
Richionel,3,0,3
Richionell,3,0,3
Richja,3,0,3
Richjan,3,0,3
Richjano,3,0,3
Richjay,3,0,3
Richleigh,0,3,3
Richlene,0,3,3
Richler,0,3,3
Richloesmary,0,3,3
Richlyn,0,3,3
Richmara,0,3,3
Richmariëne,0,3,3
Richmariz,0,3,3
Richmary,0,3,3
Richmayana,0,3,3
Richmehon,3,0,3
Richmëna,0,3,3
Richmönda,0,3,3
Richmore,3,0,3
Richmunda,0,3,3
Richnaë,0,3,3
Richnaira,0,3,3
Richnalda,0,3,3
Richnaldo,3,0,3
Richnaldus,3,0,3
Richnasio,3,0,3
Richnayro,3,0,3
Richnayzo,3,0,3
Richneldley,3,0,3
Richneldrick,3,0,3
Richnelle,0,3,3
Richoberthus,3,0,3
Richolda,0,3,3
Richolino,3,0,3
Richonaychello,3,0,3
Richonell,3,0,3
Richonella,0,3,3
Richony,3,0,3
Richouan,3,0,3
Richovan,3,0,3
Richris,3,0,3
Richsan,3,0,3
Richsanne,0,3,3
Richshano,3,0,3
Richstje,0,3,3
Richtinus,3,0,3
Richttruda,0,3,3
Richuensley,3,0,3
Richvianteley,0,3,3
Richviëno,3,0,3
Richwald,3,0,3
Richwendy,3,0,3
Richwin,3,0,3
Richxiano,3,0,3
Richyen,3,0,3
Richyline,3,0,3
Richylon,3,0,3
Richynald,3,0,3
Richynell,3,0,3
Richyro,3,0,3
Richzayno,3,0,3
Richzo,3,0,3
Riciana,0,3,3
Riciani,3,0,3
Ricielle,0,3,3
Ricil,0,3,3
Riciljo,3,0,3
Ricinho,3,0,3
Ricinyo,3,0,3
Rick-Alexander,3,0,3
Rick-Dennis,3,0,3
Rick-Dian,3,0,3
Rick-Dylan,3,0,3
Rick-Earon,3,0,3
Rick-Franciscus,3,0,3
Rick-Jelle,3,0,3
Rick-Klaas,3,0,3
Rick-Lothar,3,0,3
Rick-Maarten,3,0,3
Rick-Marck,3,0,3
Rick-Marijn,3,0,3
Rick-Paul,3,0,3
Rick-Robbert,3,0,3
Rick-Robin,3,0,3
Rickardes,3,0,3
Rickchainy,0,3,3
Rickchendra,0,3,3
Rickel,3,0,3
Rickelën,3,0,3
Rickëlla,0,3,3
Rickely,0,3,3
Rickens,3,0,3
Rickerd,3,0,3
Rickery,3,0,3
Ricket,3,0,3
Rickey-Lee,3,0,3
Rickeyla,0,3,3
Rickhardo,3,0,3
Rickisha,0,3,3
Rickjason,3,0,3
Rickly,0,3,3
Rickmer,3,0,3
Ricknisson-Junior,3,0,3
Rickovna,0,3,3
Rickowinsky,3,0,3
Ricks,3,0,3
Rickshadebi,0,3,3
Rickshayna,0,3,3
Rickste,0,3,3
Rickstje,0,3,3
Ricktsje,0,3,3
Rickwold,3,0,3
Rícky,3,0,3
Ricky-Benjamin,3,0,3
Ricky-Boy,3,0,3
Ricky-Iwan,3,0,3
Ricky-jane,0,3,3
Ricky-Jane,0,3,3
Ricky-Jay,3,0,3
Ricky-Jo,0,3,3
Ricky-Joy,0,3,3
Ricky-Lee,0,3,3
Ricky-Samuël,3,0,3
Rickycio,3,0,3
Riclair,0,3,3
Ricna,0,3,3
Ricnald,3,0,3
Ricó,3,0,3
Ričo,3,0,3
Rico-angelo,3,0,3
Rico-Anthony,3,0,3
Rico-Benjamin,3,0,3
Rico-Bert,3,0,3
Rico-Jan,3,0,3
Rico-Léon,3,0,3
Rico-Ray,3,0,3
Rico-Richy,3,0,3
Ricobèr,3,0,3
Ricochet,3,0,3
Ricochét,3,0,3
Ricochey,3,0,3
Ricold,3,0,3
Ricolda,0,3,3
Ricolette,0,3,3
Ricolina,0,3,3
Ricolo,3,0,3
Ricorné,3,0,3
Ricouensley,3,0,3
Ricquin,3,0,3
Ricristeny,0,3,3
Ricristie,0,3,3
Rics,3,0,3
Rictrudis,3,0,3
Ricuenio,3,0,3
Ricviano,3,0,3
Ricwold,3,0,3
Ridaan,3,0,3
Ridade,0,3,3
Ridael,3,0,3
Ridahyan,3,0,3
Ridaili,0,3,3
Ridaily,0,3,3
Ridalena,0,3,3
Ridamyano,3,0,3
Ridan,3,0,3
Ridangelo,3,0,3
Ridangeny,0,3,3
Ridano,3,0,3
Ridaro,3,0,3
Ridawan,3,0,3
Riday-Rich,3,0,3
Ridchen,3,0,3
Ridcien,3,0,3
Riddem,3,0,3
Ridderaert,3,0,3
Riddima,0,3,3
Ridduan,3,0,3
Riddwan,3,0,3
Riddy,3,0,3
Rideal,3,0,3
Rideley,3,0,3
Rideline,0,3,3
Ridelon,0,3,3
Ridely,0,3,3
Ridens,3,0,3
Ridensio,3,0,3
Rideon,3,0,3
Ridéro,3,0,3
Ridésha,0,3,3
Ridewald,3,0,3
Ridéyvan,3,0,3
Ridgeciano,3,0,3
Ridgeley,3,0,3
Ridgenel,3,0,3
Ridgerd,3,0,3
Ridgey,3,0,3
Ridgie,3,0,3
Ridgley,3,0,3
Ridgway,3,0,3
Ridgwell,3,0,3
Ridgy,3,0,3
Ridhaan,3,0,3
Ridhama,0,3,3
Ridhani,0,3,3
Ridhe,0,3,3
Ridheema,0,3,3
Ridhik,3,0,3
Ridhwaan,3,0,3
Ridhwanah,0,3,3
Ridi,0,3,3
Ridiana,0,3,3
Ridie,0,3,3
Ridienne,0,3,3
Ridina,0,3,3
Ridionne,0,3,3
Ridit,3,0,3
Ridith,0,3,3
Ridithcia,0,3,3
Ridiwan,3,0,3
Ridja,0,3,3
Ridjaino,3,0,3
Ridjaisingh,3,0,3
Ridjali,3,0,3
Ridjassah,0,3,3
Ridjay,3,0,3
Ridjaya,0,3,3
Ridjayhno,3,0,3
Ridjeainy,0,3,3
Ridjela,0,3,3
Ridjello,3,0,3
Ridjensio,3,0,3
Ridjenzo,3,0,3
Ridjeska,0,3,3
Ridjioni,3,0,3
Ridjonary,0,3,3
Ridjuriondric,3,0,3
Ridley-Scott,3,0,3
Ridleyson,3,0,3
Ridlick,3,0,3
Ridlie,0,3,3
Ridoian,3,0,3
Ridoune,3,0,3
Ridouwan,3,0,3
Ridowan,3,0,3
Rids,3,0,3
Ridsaert,3,0,3
Ridsard,3,0,3
Ridsart,3,0,3
Ridserd,3,0,3
Ridske,0,3,3
Ridsy,3,0,3
Riduaan,3,0,3
Ridulya,0,3,3
Riduoan,3,0,3
Ridvān,3,0,3
Ridván,0,3,3
Ridwaanah,0,3,3
Ridwaanhoesain,3,0,3
Rıdwan,3,0,3
Ridwan-Chaib,3,0,3
Ridy,3,0,3
Ridyana,0,3,3
Ridzard,3,0,3
Ridzer,3,0,3
Ridzki,3,0,3
Rië,0,3,3
Rie'jaylen,3,0,3
Rie'vainely,0,3,3
Rie-anne,0,3,3
Rie-janne,0,3,3
Rie-Janneke,0,3,3
Rie-Jeanneke,0,3,3
Rie-Jen,0,3,3
Rie-Yn,0,3,3
Rieaaz,3,0,3
Rieam,0,3,3
Riean,0,3,3
Rieana,0,3,3
Rieanka,0,3,3
Rieanna,0,3,3
Riebe,3,0,3
Riebert,3,0,3
Rieberta,0,3,3
Rieberth,0,3,3
Rieberthe,0,3,3
Riebo,3,0,3
Rieboet,3,0,3
Riebot,0,3,3
Riecele,3,0,3
Riechaira,0,3,3
Riechal,3,0,3
Riechardus,3,0,3
Riechedly,3,0,3
Riechelon,3,0,3
Riechendel,3,0,3
Riechendly,3,0,3
Riechene,0,3,3
Riechenthij,3,0,3
Riechert,3,0,3
Riechika,0,3,3
Riechilla,0,3,3
Riechina,0,3,3
Riechy,3,0,3
Rieci,0,3,3
Riecka,0,3,3
Ried,0,3,3
Riedewald,3,0,3
Riedewalt,3,0,3
Riedhewan,3,0,3
Riedi,0,3,3
Riedieuwtje,0,3,3
Riedion,3,0,3
Riedon,3,0,3
Riedor,0,3,3
Riedraygelo,3,0,3
Riedroni,3,0,3
Riedsel,3,0,3
Riëdta,0,3,3
Rieël,3,0,3
Rieëtte-Roelanda,0,3,3
Riefaad,3,0,3
Riefaat,3,0,3
Riefat,3,0,3
Riefer,3,0,3
Rieff,3,0,3
Riefky,3,0,3
Riega,0,3,3
Riegardt,3,0,3
Riegart,3,0,3
Riegholt,3,0,3
Riegillio,3,0,3
Riegina,0,3,3
Rieginior,3,0,3
Riehaad,3,0,3
Riehaam,0,3,3
Rieham,0,3,3
Riehart,3,0,3
Riëina,0,3,3
Riejaash,3,0,3
Riejaisely,0,3,3
Riejanca,0,3,3
Rièjancholo,3,0,3
Riejander,3,0,3
Riejanou,3,0,3
Riejean,0,3,3
Riejen,0,3,3
Riejengelo,3,0,3
Riejet,0,3,3
Riek-Elisa,0,3,3
Riekalou,0,3,3
Riekard,3,0,3
Riekardo,3,0,3
Riekardus,3,0,3
Riekart,3,0,3
Riekash,3,0,3
Riekay,0,3,3
Rieke-Rosan,0,3,3
Riekela,0,3,3
Riekeld,3,0,3
Riekeldina,0,3,3
Riekeliena,0,3,3
Riekeline,0,3,3
Riekelle,0,3,3
Riekèlta,0,3,3
Riekemien,0,3,3
Riekendje,0,3,3
Riekentdina,0,3,3
Riekes-Harm,3,0,3
Riekink,3,0,3
Riekjonaira,0,3,3
Riekkardo,3,0,3
Riekkel,3,0,3
Riekold,3,0,3
Riekolt,3,0,3
Rieks-Jan,3,0,3
Rieksie,3,0,3
Rieksy,0,3,3
Rieksz,3,0,3
Riel,0,3,3
Rielano,3,0,3
Riele,0,3,3
Riele-Mae,0,3,3
Rielei,0,3,3
Rielèn,0,3,3
Riëlette,0,3,3
Riëlgonde,0,3,3
Rielien,0,3,3
Rielinde,0,3,3
Riëlka,0,3,3
Riëlke,0,3,3
Riell,3,0,3
Riella,0,3,3
Riellaijah,3,0,3
Rièlle,0,3,3
Rieloe,0,3,3
Riëlson,3,0,3
Riëltchva,0,3,3
Riemala,0,3,3
Riemanée,0,3,3
Riemara,0,3,3
Riemeles,3,0,3
Riemélia,0,3,3
Riemer-Jelte,3,0,3
Riemerius,3,0,3
Riemertsje,0,3,3
Riemian,0,3,3
Riemka,0,3,3
Riemke-Anna,0,3,3
Riemke-Grietje,0,3,3
Riemkedina,0,3,3
Riemkiena,0,3,3
Riemktje,0,3,3
Riemmelth,0,3,3
Riemmie,0,3,3
Riemna,0,3,3
Riemon,3,0,3
Riemona,0,3,3
Riempke,0,3,3
Riemy-Anne,0,3,3
Rien-Bart,3,0,3
Rien-Jan,3,0,3
Rienä,0,3,3
Riëna,0,3,3
Rienad,0,3,3
Rienal,3,0,3
Rienalda,0,3,3
Rienaldus,3,0,3
Rienan,3,0,3
Rienand,3,0,3
Rienarda,0,3,3
Rienarde,0,3,3
Rienc,3,0,3
Riency,3,0,3
Riënda,0,3,3
Riëndell,3,0,3
Riène,3,0,3
Riëne,0,3,3
Rieneesy,0,3,3
Rienel,3,0,3
Rienelleke,0,3,3
Rienerus,3,0,3
Rieneruth,0,3,3
Rienier,3,0,3
Rienilva,0,3,3
Rienkina,0,3,3
Rienks,3,0,3
Riènna,0,3,3
Riènna-Laeh,0,3,3
Riennaishelo,3,0,3
Riennangelie,0,3,3
Riénne,0,3,3
Riènne,0,3,3
Rienne,0,3,3
Riennet,0,3,3
Riennie,0,3,3
Rienny,0,3,3
Rienoe,0,3,3
Rienoldus,3,0,3
Riensette,0,3,3
Riensina,0,3,3
Riensje,0,3,3
Riensktje,0,3,3
Riënsley,3,0,3
Riensly,3,0,3
Rienst,3,0,3
Rienthe,3,0,3
Rientine,0,3,3
Rientko,3,0,3
Rients-Germ,3,0,3
Rientsanne,0,3,3
Rientses,3,0,3
Rientsina,0,3,3
Rientzzoon,3,0,3
Rienya,0,3,3
Rienz,3,0,3
Rienzo,3,0,3
Riènzo,3,0,3
Riephart,3,0,3
Riepkodina,0,3,3
Riepkodine,0,3,3
Ries-Bastiaan,3,0,3
Riesanne-Jean,0,3,3
Riesayed,3,0,3
Riesely,0,3,3
Riesetta,0,3,3
Riesha,0,3,3
Riesham,3,0,3
Rieshan,3,0,3
Rieshana,0,3,3
Rieshando,3,0,3
Rieshani,0,3,3
Rieshanno,3,0,3
Rieshay,3,0,3
Rieshen,3,0,3
Rieshently,3,0,3
Rieshie,3,0,3
Rieshienath,3,0,3
Rieshwant,3,0,3
Riesie,3,0,3
Riesiekapoer,3,0,3
Riesj,3,0,3
Riesjan,3,0,3
Riesjard,3,0,3
Riesjiekoemar,3,0,3
Rieskin,0,3,3
Rieslijn,3,0,3
Rieslyn,3,0,3
Riesmailis,0,3,3
Riessin,3,0,3
Rieswan,3,0,3
Rieswana,0,3,3
Riesz,3,0,3
Rietaal,0,3,3
Rietaj,0,3,3
Rietali,0,3,3
Rietchelle,0,3,3
Rietdja,3,0,3
Rietela,0,3,3
Rietemsy,3,0,3
Rieter,3,0,3
Rietes,3,0,3
Rietheshkoemar,3,0,3
Riethis,3,0,3
Rieti,0,3,3
Rietie,0,3,3
Rieties,3,0,3
Rietindra,3,0,3
Rietisch,3,0,3
Rietius,3,0,3
Rietje-Anna,0,3,3
Rietje-Marie,0,3,3
Rietjéna,0,3,3
Rietnien,0,3,3
Rietoe,0,3,3
Rietsjane,0,3,3
Riètte,0,3,3
Riëtteke,0,3,3
Rietveld,3,0,3
Rieuwe,3,0,3
Rieuwer,3,0,3
Rieuwert-Jan,3,0,3
Rieuwk,3,0,3
Rievano,3,0,3
Rievaylee,3,0,3
Rievenilio,3,0,3
Rievert,3,0,3
Rievo,3,0,3
Rievon,0,3,3
Riewart,3,0,3
Riewen,3,0,3
Riewerdus,3,0,3
Riewijmie,0,3,3
Riewinga,0,3,3
Rieyanna,0,3,3
Rieyela,0,3,3
Rieza,0,3,3
Riezart,3,0,3
Riezé,0,3,3
Riezinzi,0,3,3
Riezki,3,0,3
Riezlen,0,3,3
Riezwan,3,0,3
Riezwanagatoen,0,3,3
Rifaa'a,0,3,3
Rifaa'atkhan,3,0,3
Rifaai,3,0,3
Rifaakat,3,0,3
Rifaan,3,0,3
Rifâat,3,0,3
Rifaát,3,0,3
Rifaathoesain,3,0,3
Rifaati,0,3,3
Rifad,3,0,3
Rifaëla,0,3,3
Rifah,0,3,3
Rifahat,3,0,3
Rifahela,0,3,3
Rifaiad,3,0,3
Rifaid,3,0,3
Rifainey,0,3,3
Rifais,3,0,3
Rifaisha,0,3,3
Rifaisho,3,0,3
Rifaldi,3,0,3
Rifalino,3,0,3
Rifaniyo,3,0,3
Rifanteney,0,3,3
Rifaquet,3,0,3
Rifàt,3,0,3
Rifath,3,0,3
Rifay,3,0,3
Rifayano,3,0,3
Rifayat,3,0,3
Rifayz,3,0,3
Rifco,3,0,3
Rifelinio,3,0,3
Rifelino,3,0,3
Rifem,3,0,3
Riffa,3,0,3
Riffad,3,0,3
Riffany,0,3,3
Riffat,0,3,3
Riffery,3,0,3
Riffhat,0,3,3
Riffian,3,0,3
Riffin,3,0,3
Rifflino,3,0,3
Riffy,3,0,3
Rifiama,0,3,3
Rifinitey,0,3,3
Rifino,3,0,3
Rifkáh,0,3,3
Rifkican,3,0,3
Rifqah,0,3,3
Rifqi,3,0,3
Rifrainys,0,3,3
Rifred,3,0,3
Rifu,0,3,3
Rify,0,3,3
Rig,3,0,3
Rig'Angelo,3,0,3
Rig-Djaïno,3,0,3
Rigaeynah,0,3,3
Rigaidel,3,0,3
Rigaihly,0,3,3
Rigaimaly,3,0,3
Rigaino,3,0,3
Rigainy,0,3,3
Rigairo,3,0,3
Rigairomar,3,0,3
Rigan,3,0,3
Rigangelo,3,0,3
Rigas,3,0,3
Rigaud,3,0,3
Rigaz,3,0,3
Rigcha,3,0,3
Rigchaylyse,0,3,3
Rigchaynelyse,0,3,3
Rigchel,3,0,3
Rigchelviana,0,3,3
Rigchelviano,3,0,3
Rigdanish,3,0,3
Rigdayriën,3,0,3
Rigdaysha,0,3,3
Rigdianne,3,0,3
Rigdjara,0,3,3
Rigdzin,0,3,3
Rigèl,0,3,3
Rigelde,0,3,3
Rigelie,0,3,3
Rigell,3,0,3
Rigello,3,0,3
Rigelmo,3,0,3
Rigelo,3,0,3
Rigen,3,0,3
Rigenailo,3,0,3
Rigéneau,3,0,3
Rigeno,3,0,3
Rigensli,3,0,3
Rigentley,3,0,3
Riger,3,0,3
Rigerno,3,0,3
Rigerro,3,0,3
Rigerte,0,3,3
Rigertley,3,0,3
Rigette,0,3,3
Rigey,0,3,3
Rigg,3,0,3
Rigge,0,3,3
Riggina,0,3,3
Rigginio,3,0,3
Riggonny,0,3,3
Righailo,3,0,3
Righinio,3,0,3
Righino,3,0,3
Righoni,3,0,3
Righsnaysha,0,3,3
Righter,3,0,3
Righton,3,0,3
Rigi,3,0,3
Rigiani,0,3,3
Rigiano,3,0,3
Rigiëllo,3,0,3
Rigiëndly,3,0,3
Rigiene,0,3,3
Rigienus,3,0,3
Rigil,3,0,3
Rigildis,0,3,3
Rigilia,0,3,3
Rigiliö,3,0,3
Rigillo,3,0,3
Rigimo,3,0,3
Rigines,3,0,3
Rigini,0,3,3
Rigino,3,0,3
Rigiomar,3,0,3
Rigiovanselo,3,0,3
Rigjarrienty,0,3,3
Rigjendrien,3,0,3
Rigjendrig,3,0,3
Riglan,3,0,3
Riglena,0,3,3
Riglend,3,0,3
Riglisson,3,0,3
Rigly,3,0,3
Rigmaira,0,3,3
Rigmard,3,0,3
Rigmari,0,3,3
Rigmariana,0,3,3
Rigmely,0,3,3
Rigmodis,0,3,3
Rigmundis,3,0,3
Rigna,0,3,3
Rignaald,3,0,3
Rignacio,3,0,3
Rignaica,0,3,3
Rignaidrick,3,0,3
Rignairo,3,0,3
Rignaishel,3,0,3
Rignaishely,0,3,3
Rignaldiñio,3,0,3
Rignaldus,3,0,3
Rignaldys,0,3,3
Rignata,0,3,3
Rignelda,0,3,3
Rignelma,0,3,3
Rignely,0,3,3
Rignelys,0,3,3
Rignerus,3,0,3
Rignon,3,0,3
Rignor,3,0,3
Rigó,3,0,3
Rigola,0,3,3
Rigolette,0,3,3
Rigolino,3,0,3
Rigolita,0,3,3
Rigolot,3,0,3
Rigomar,3,0,3
Rigomary,3,0,3
Rigonia,0,3,3
Rigonita,0,3,3
Rigonnie,0,3,3
Rigonny,0,3,3
Rigraydiën,3,0,3
Rigsel,3,0,3
Rigshainely,0,3,3
Rigshayno,3,0,3
Rigshelon,3,0,3
Rigshuniór,3,0,3
Rigtaniënne,0,3,3
Rigthruda,0,3,3
Rigtina,0,3,3
Rigtine,0,3,3
Rigtmer,3,0,3
Rigtruida,0,3,3
Rigts,0,3,3
Riguel,3,0,3
Riguelda,0,3,3
Riguéna,0,3,3
Riguillio,3,0,3
Riguillo,3,0,3
Rigulio,3,0,3
Rigulmo,3,0,3
Rigveda,3,0,3
Rigwenio,3,0,3
Rigwensly,3,0,3
Rigzelia,0,3,3
Rigzen,0,3,3
Rih'keisha,0,3,3
Riha,0,3,3
Rihad,3,0,3
Rihado,0,3,3
Rihaila,0,3,3
Rihairo,3,0,3
Rihaisell,3,0,3
Rihangely,0,3,3
Rihannon,0,3,3
Rihano,3,0,3
Rihansjelie,0,3,3
Rihao,3,0,3
Rihapatti,3,0,3
Rihards,3,0,3
Rihayna,0,3,3
Rihelina,0,3,3
Rihengely,0,3,3
Rihenna,0,3,3
Rihenza,0,3,3
Rihhano,3,0,3
Rihiana,0,3,3
Rihijano,3,0,3
Rihnailys,0,3,3
Rihswin,3,0,3
Rihua,3,0,3
Riim,0,3,3
Riïna,3,0,3
Riina,3,0,3
Riir,3,0,3
Riise,3,0,3
Riita,0,3,3
Riiziane,0,3,3
Riĵa,0,3,3
Rijaaz,3,0,3
Rijadi,3,0,3
Rijahna,0,3,3
Rijaifelly,0,3,3
Rijaina,0,3,3
Rijainy,0,3,3
Rijaitley,3,0,3
Rijald,3,0,3
Ríjan,3,0,3
Rijande,3,0,3
Rijandell,3,0,3
Rijandie,3,0,3
Rijangelo,3,0,3
Rijani,0,3,3
Rijanka,0,3,3
Rijann,0,3,3
Rijannij,0,3,3
Rijanta,0,3,3
Rijanti,0,3,3
Rijantie,0,3,3
Rijardo,3,0,3
Rijas,3,0,3
Rijash,3,0,3
Rijashad,3,0,3
Rijaylee,0,3,3
Rijaylen,3,0,3
Rijayny,0,3,3
Rijchard,3,0,3
Rijcharda,0,3,3
Rijchart,3,0,3
Rijcholt,3,0,3
Rijcka,0,3,3
Rijckent,3,0,3
Rijckjan,3,0,3
Rijcksen,3,0,3
Rijckwert,3,0,3
Rijeandrow,3,0,3
Rijendell,3,0,3
Rijendra,3,0,3
Rijenna,0,3,3
Rijeno,3,0,3
Rijenteley,0,3,3
Rijerro,3,0,3
Rijf,3,0,3
Rijgana,0,3,3
Rijger,3,0,3
Rijgina,0,3,3
Rijhad,3,0,3
Rijhaira,0,3,3
Rijhan,3,0,3
Rijing,0,3,3
Rijja,0,3,3
Rijjah,0,3,3
Rijjan,3,0,3
Rijk-Daniël,3,0,3
Rijk-Gerrit,3,0,3
Rijk-Harmen,3,0,3
Rijk-Petrus,3,0,3
Rijk-Pieter,3,0,3
Rijk-Willem,3,0,3
Rijkea,0,3,3
Rijkelientje,0,3,3
Rijkels,3,0,3
Rijkema,3,0,3
Rijkens,3,0,3
Rijkerd,3,0,3
Rijkfridus,3,0,3
Rijkhardt,3,0,3
Rijkle,3,0,3
Rijkout,3,0,3
Rijkse,3,0,3
Rijksfridus,0,3,3
Rijkwaart,3,0,3
Rijkwerdina,0,3,3
Rijkwerdt,3,0,3
Rijkwessel,3,0,3
Rijkwin,3,0,3
Rijkwina,0,3,3
Rijlen,3,0,3
Rijlène,0,3,3
Rijmbetje,0,3,3
Rijmco,3,0,3
Rijmelda,0,3,3
Rijmer,3,0,3
Rijmertine,0,3,3
Rijmon,3,0,3
Rijmonde,0,3,3
Rijmondus,3,0,3
Rijnaart,3,0,3
Rijnaert,3,0,3
Rijnaldo,3,0,3
Rijnaldus,3,0,3
Rijnande,0,3,3
Rijnando,3,0,3
Rijnandus,3,0,3
Rijnardina,0,3,3
Rijnata,0,3,3
Rijnaud,3,0,3
Rijnbert,3,0,3
Rijnbetje,0,3,3
Rijnborgh,0,3,3
Rijnco,3,0,3
Rijndelt,3,0,3
Rijnderd,3,0,3
Rijnders,3,0,3
Rijndina,0,3,3
Rijndjen,0,3,3
Rijnea,0,3,3
Rijnedina,0,3,3
Rijnell,3,0,3
Rijnepje,0,3,3
Rijnes,3,0,3
Rijnet,0,3,3
Rijnhout,3,0,3
Rijni,0,3,3
Rijnierus,3,0,3
Rijnilda,0,3,3
Rijnmar,3,0,3
Rijnof,3,0,3
Rijnout,3,0,3
Rijnouwje,0,3,3
Rijnschje,0,3,3
Rijnse,3,0,3
Rijnske,0,3,3
Rijnszoon,3,0,3
Rijntje-Anna,0,3,3
Rijntjen,0,3,3
Rijnvis,3,0,3
Rijnvisje,0,3,3
Rijnyr,3,0,3
Rijnze,3,0,3
Rijohaira,0,3,3
Rijohnne,0,3,3
Rijona,0,3,3
Rijonna,0,3,3
Rijorden,3,0,3
Rijpke-Jan,3,0,3
Rijpkediena,0,3,3
Rijrertje,0,3,3
Rijsaira,0,3,3
Rijske,0,3,3
Rijszard,3,0,3
Rijta,0,3,3
Rijtje,0,3,3
Rijwen,3,0,3
Rik-Julian,3,0,3
Rik-Pieter,3,0,3
Rik-Roelof,3,0,3
Rikah,0,3,3
Rikaiya,0,3,3
Rikaj,0,3,3
Rikal,3,0,3
Rikalena,0,3,3
Rikando,3,0,3
Rikanna,0,3,3
Rikas,3,0,3
Rikashkumar,3,0,3
Rikay,3,0,3
Rikbert,3,0,3
Rikcardo,3,0,3
Rikcie,0,3,3
Rikea,0,3,3
Rikel,3,0,3
Rikeline,0,3,3
Rikell,3,0,3
Rikelme,3,0,3
Rikeltje,0,3,3
Rikens,3,0,3
Rikent-Jan,3,0,3
Rikesh-Gosain,3,0,3
Rikger,3,0,3
Rikhard,3,0,3
Rikhardur,3,0,3
Rikhart,3,0,3
Rikhas,3,0,3
Rikholt,3,0,3
Rikhsiboy,3,0,3
Rikia,0,3,3
Rikii,0,3,3
Rikina,0,3,3
Rikitta,0,3,3
Rikiya,3,0,3
Rikkaard,3,0,3
Rikkart,3,0,3
Rikke-Carmen,0,3,3
Rikkel,3,0,3
Rikkelien,0,3,3
Rikkeline,0,3,3
Rikkelt,3,0,3
Rikkemien,0,3,3
Rikkemina,0,3,3
Rikkert-Jan,3,0,3
Rikkertine,0,3,3
Rikkes,3,0,3
Rikki-Evi,0,3,3
Rikkie-Leia,0,3,3
Rikkie-Madelief,0,3,3
Rikkoberto,3,0,3
Riklis,3,0,3
Riklof,3,0,3
Rikoba,0,3,3
Rikolanda,0,3,3
Rikonia,0,3,3
Rikor,3,0,3
Riksha,0,3,3
Riksia,0,3,3
Rikson,3,0,3
Rikster,0,3,3
Rikstkéa,0,3,3
Rikstkeá,0,3,3
Rikstko,3,0,3
Riktsje,0,3,3
Riktus,3,0,3
Rikus-Jan,3,0,3
Rikweshkumar,3,0,3
Rikwijn,3,0,3
Rikwouter,3,0,3
Rikx,3,0,3
Rikyère,3,0,3
Rikynti,0,3,3
Rikza,0,3,3
Rikze,3,0,3
Rilain,3,0,3
Rilaina,0,3,3
Rilaisha,0,3,3
Rilaiyah,3,0,3
Rilaiza,0,3,3
Rilancilo,3,0,3
Rilanya,0,3,3
Rilayah,0,3,3
Rilayjah,3,0,3
Rilayne,0,3,3
Rilayno,3,0,3
Rilayo,3,0,3
Rilda,0,3,3
Rildina,0,3,3
Rildo,3,0,3
Rileen,3,0,3
Rilenji,3,0,3
Riles,3,0,3
Riley-ann,0,3,3
Riley-Davis,3,0,3
Riley-Dean,3,0,3
Riley-Jane,0,3,3
Riley-Joe,3,0,3
Riley-Mae,0,3,3
Riley-Mickey,3,0,3
Riley-Rose,0,3,3
Riley-Roza,0,3,3
Rileysha,0,3,3
Rileyssa,0,3,3
Rileyta,0,3,3
Rili,0,3,3
Rili-ann,0,3,3
Riliande,0,3,3
Rilianzjeli,0,3,3
Rilicia,0,3,3
Rilijna,0,3,3
Rilinka,0,3,3
Rilio,3,0,3
Rilisja,0,3,3
Rilitio,3,0,3
Rill,3,0,3
Rillannyho,3,0,3
Rilles,3,0,3
Rilly,3,0,3
Rillysha,0,3,3
Rilon,3,0,3
Rilona,0,3,3
Rilonda,0,3,3
Rilotte,0,3,3
Rilou,0,3,3
Rilousca,0,3,3
Riloushaily,0,3,3
Rilpho,3,0,3
Rilsey,3,0,3
Riltn,3,0,3
Riluciendy,3,0,3
Rilushka,0,3,3
Rily,3,0,3
Rilyandro,3,0,3
Rilyano,3,0,3
Rilyssa,0,3,3
Rimaal,0,3,3
Rimad,0,3,3
Rimaiky,3,0,3
Rimaira,0,3,3
Rimaisha,0,3,3
Rimaldo,3,0,3
Rimaldosascha,3,0,3
Rimali,3,0,3
Rimana,0,3,3
Rimanaz,0,3,3
Rimande,0,3,3
Rimando,3,0,3
Rimane,3,0,3
Rimané,3,0,3
Rimanice,0,3,3
Rimanis,0,3,3
Rimanri,0,3,3
Rimao,3,0,3
Rimarh,3,0,3
Rimari,3,0,3
Rimaria,0,3,3
Rimase,3,0,3
Rimass,0,3,3
Rimats,3,0,3
Rimauresq,0,3,3
Rimawati,0,3,3
Rimayne,0,3,3
Rimaysha,0,3,3
Rimbijati,0,3,3
Rimbout,3,0,3
Rimé,0,3,3
Rimelcio,3,0,3
Rimelsha,0,3,3
Rimène,0,3,3
Rimene,0,3,3
Rimeno,3,0,3
Rimeo,3,0,3
Rimero,3,0,3
Rimez,0,3,3
Rimiany,0,3,3
Rimicho,3,0,3
Rimigia,0,3,3
Rimilya,0,3,3
Rimin,3,0,3
Rimina,0,3,3
Rimine,0,3,3
Riminoû,3,0,3
Rimisky,3,0,3
Rimjana,0,3,3
Rîmke,0,3,3
Rimkes-Jan,3,0,3
Rimkienus,3,0,3
Rimktje,0,3,3
Rimla,0,3,3
Rimm,3,0,3
Rimmeltje,0,3,3
Rimmerdina,0,3,3
Rimmerta,0,3,3
Rimmertien,0,3,3
Rimmertine,0,3,3
Rimmij,0,3,3
Rimmond,3,0,3
Rimna,3,0,3
Rimoira,0,3,3
Rimonda,0,3,3
Rimondo,3,0,3
Rimone,0,3,3
Rimoon,3,0,3
Rimor,3,0,3
Rimousky,0,3,3
Rimpa,0,3,3
Rimpje,0,3,3
Rimren,3,0,3
Rimske,0,3,3
Rimung,3,0,3
Rimwaldo,3,0,3
Rimyra,0,3,3
Rin-Roys,3,0,3
Rin-Sjoerd,3,0,3
Riña,0,3,3
Rina-Jane,0,3,3
Rina-Joanna,0,3,3
Rina-Mari,0,3,3
Rinachel,3,0,3
Rinade,0,3,3
Rinadebie,0,3,3
Rinado,3,0,3
Rinai,0,3,3
Rinaicha,0,3,3
Rinaichca,0,3,3
Rinaicheley,0,3,3
Rinaíchely,0,3,3
Rinaida,0,3,3
Rinaigela,0,3,3
Rinaigelo,3,0,3
Rinaigely,0,3,3
Rinailys,0,3,3
Rinairo,3,0,3
Rinaisley,0,3,3
Rinakshi,0,3,3
Rinaldensio,3,0,3
Rinaldino,3,0,3
Rinam,0,3,3
Rinanchyo,3,0,3
Rinand,3,0,3
Rinandili,3,0,3
Rinando,3,0,3
Rinangelo,3,0,3
Rinangio,3,0,3
Rinaningsih,0,3,3
Rinanti,0,3,3
Rinar,3,0,3
Rinarda,0,3,3
Rinardito,3,0,3
Rinari,3,0,3
Rinas,0,3,3
Rinash,3,0,3
Rinasustika,0,3,3
Rinate,0,3,3
Rinathe,0,3,3
Rinato,3,0,3
Rinawati,0,3,3
Rinay,3,0,3
Rinayda,0,3,3
Rinaygel,3,0,3
Rinaygela,0,3,3
Rinaykumar,3,0,3
Rinayshelo,3,0,3
Rinaz,0,3,3
Rinbert,3,0,3
Rinc,3,0,3
Rincan,3,0,3
Rinche,0,3,3
Rinchel,3,0,3
Rincius,3,0,3
Rincka,0,3,3
Rinçon,3,0,3
Rincor,3,0,3
Rindana,0,3,3
Rindaw,0,3,3
Rindel,3,0,3
Rindela,0,3,3
Rindeldina,0,3,3
Rindeline,0,3,3
Rinderinus,3,0,3
Rindert-Jan,3,0,3
Rindertina,0,3,3
Rindertsje,0,3,3
Rindetta,0,3,3
Rindha,0,3,3
Rindhiyah,0,3,3
Rindho,3,0,3
Rindhoe,0,3,3
Rindie,3,0,3
Rindjani,0,3,3
Rindo,3,0,3
Rindor,3,0,3
Rineer,3,0,3
Rinegerly,0,3,3
Rinehart,3,0,3
Rineidi,0,3,3
Rinèl,0,3,3
Rinelchery,3,0,3
Rineldo,3,0,3
Rinelfranca,0,3,3
Rinelia,0,3,3
Rinelis,0,3,3
Rinelmaly,0,3,3
Riner,3,0,3
Rineshma,0,3,3
Rinèt,0,3,3
Rinetty,0,3,3
Rineus,3,0,3
Rinewa,0,3,3
Rineyda,0,3,3
Rinez,3,0,3
Ringa,0,3,3
Ringeneeris,3,0,3
Ringeneris,3,0,3
Ringenolda,0,3,3
Ringgasti,0,3,3
Ringine,0,3,3
Ringmör,0,3,3
Ringnoldus,3,0,3
Ringold,3,0,3
Rinhart,3,0,3
Rini-Rayani,0,3,3
Rinia-Ann,0,3,3
Riniano,3,0,3
Rinica,0,3,3
Rinieke,0,3,3
Riniëll,0,3,3
Riniet,3,0,3
Rinij,3,0,3
Rinika,0,3,3
Rinilgo,3,0,3
Rinille,0,3,3
Rinis,3,0,3
Rinisatyam,3,0,3
Rinisha,0,3,3
Rinitha,0,3,3
Rinjo,3,0,3
Rinjoepe,3,0,3
Rink-Jaap,3,0,3
Rink-Jan,3,0,3
Rink-Rudmer,3,0,3
Rinke-Jort,3,0,3
Rinke-Sjoerd,3,0,3
Rinkja,0,3,3
Rinkjan,3,0,3
Rinkya,0,3,3
Rinmer,3,0,3
Rinmert,3,0,3
Rinnardus,3,0,3
Rinneen,0,3,3
Rinner,3,0,3
Rinnetta,0,3,3
Rinnette,0,3,3
Rinni,0,3,3
Rinnier,3,0,3
Rinno,3,0,3
Rinnooy,3,0,3
Rinoê,3,0,3
Rinoekadebie,0,3,3
Rinoesha,0,3,3
Rinold,3,0,3
Rinoldina,0,3,3
Rinolfa,0,3,3
Rinoshan,3,0,3
Rinotha,0,3,3
Rinquette,0,3,3
Rinsa,0,3,3
Rinsanna,0,3,3
Rinses,0,3,3
Rinshmant,3,0,3
Rinsiena,0,3,3
Rinsk,3,0,3
Rinskina,0,3,3
Rinsly,3,0,3
Rinsziena,0,3,3
Rint-Jan,3,0,3
Rinta,0,3,3
Rintaro,3,0,3
Rintati,0,3,3
Rintie,0,3,3
Rintje-Jelle,3,0,3
Rintjes,3,0,3
Rintjo,3,0,3
Rintke,0,3,3
Rintkje,0,3,3
Rintsie,3,0,3
Rintsy,3,0,3
Rintu,3,0,3
Rintyna,0,3,3
Rintzke,0,3,3
Rintøn,3,0,3
Rinuël,3,0,3
Rinuka,0,3,3
Rinx,3,0,3
Rinxhi,3,0,3
Rinya,0,3,3
Rinyela,0,3,3
Rinzai,3,0,3
Rinze-Jelle,3,0,3
Rinze-Pieter,3,0,3
Rinze-Wobbe,3,0,3
Rinzia,0,3,3
Rinziena,0,3,3
Rinzine,0,3,3
Rinzje,0,3,3
Río,0,3,3
Rio-Negra,0,3,3
Rio-Zara,0,3,3
Riobin,3,0,3
Riocard,3,0,3
Riomaar,3,0,3
Riomara,0,3,3
Riomario,3,0,3
Riomie,0,3,3
Rionaart,3,0,3
Rionald,3,0,3
Rionalda,0,3,3
Rionela,0,3,3
Rionerro,3,0,3
Rioney,0,3,3
Rioni,0,3,3
Rionica,0,3,3
Rionilyo,3,0,3
Riönna,0,3,3
Rionnette,0,3,3
Rionsley,3,0,3
Riordan-Rafe,3,0,3
Riordeley,3,0,3
Riorita,0,3,3
Riós,3,0,3
Riou,3,0,3
Rioux,3,0,3
Riovan,3,0,3
Riovanni,3,0,3
Riozona,3,0,3
Ripco,3,0,3
Riphany,0,3,3
Riphat,3,0,3
Ripsimah,0,3,3
Ripsimahn,3,0,3
Riq,3,0,3
Riqelle,0,3,3
Riqensly,3,0,3
Riqo,3,0,3
Riqoberto,3,0,3
Riquan,3,0,3
Riquardo,3,0,3
Riqueline,3,0,3
Riquelio,3,0,3
Riquèll,3,0,3
Riquellio,3,0,3
Riquelmé,3,0,3
Riquelme-Anuradha,0,3,3
Riquelmy,3,0,3
Riquenco,3,0,3
Riquensha,0,3,3
Riquensly,3,0,3
Riquently,3,0,3
Riquiantely,0,3,3
Riquielle,0,3,3
Riquin,3,0,3
Riquinsio,3,0,3
Riquinsly,3,0,3
Riqwensio,3,0,3
Rira,0,3,3
Rirash,3,0,3
Riraycha,0,3,3
Riri,3,0,3
Ririen,0,3,3
Riša,3,0,3
Risaaq,3,0,3
Risabh,3,0,3
Risaida,0,3,3
Risairis,0,3,3
Risairo,3,0,3
Risalettin,3,0,3
Rişan,0,3,3
Risana,0,3,3
Risandro,3,0,3
Risandy,3,0,3
Risasi,3,0,3
Risaury,0,3,3
Risayra,0,3,3
Risca,0,3,3
Risce,0,3,3
Risceldion,3,0,3
Rischan,3,0,3
Rischano,3,0,3
Rischantely,0,3,3
Rischard,3,0,3
Rischayro,3,0,3
Rischell,3,0,3
Rischenella,0,3,3
Rischie,3,0,3
Rischmawatie,0,3,3
Rischtje,0,3,3
Rischy,3,0,3
Risciano,3,0,3
Riscilla,0,3,3
Riscille,0,3,3
Risco,3,0,3
Risdany,3,0,3
Risdihartono,3,0,3
Risé,0,3,3
Riseiyah,0,3,3
Risell,3,0,3
Risella,0,3,3
Risem,3,0,3
Risen,3,0,3
Risena,0,3,3
Risendly,3,0,3
Risendra,0,3,3
Risendro,3,0,3
Risenna,0,3,3
Riserto,3,0,3
Risesh,3,0,3
Rishaam,3,0,3
Rishaëlle,0,3,3
Rishaëna,0,3,3
Rishaida,0,3,3
Rishaiënly,0,3,3
Rishaileny,0,3,3
Rishailey,3,0,3
Rishailie,0,3,3
Rishaïly's,0,3,3
Rishaine,3,0,3
Rishainelly,0,3,3
Rishainey,0,3,3
Rishaini,0,3,3
Rishainys,0,3,3
Rishaiyra,0,3,3
Rishaja,0,3,3
Rishal-Anand,3,0,3
Rishaleen,0,3,3
Rishaliya,0,3,3
Rishaljanti,0,3,3
Rishalperkast,3,0,3
Rishamara,0,3,3
Rishamel,0,3,3
Rishanaileys,0,3,3
Rishand-Shakeel,3,0,3
Rishandeny,0,3,3
Rishandle,3,0,3
Rishandrick,3,0,3
Rishandrion,3,0,3
Rishandromar,3,0,3
Rishandryson,3,0,3
Rishandy,3,0,3
Rishaneau,3,0,3
Rishanelis,0,3,3
Rishaney,0,3,3
Rishaniedebie,0,3,3
Rishanta,0,3,3
Rishantelly,0,3,3
Rishanteny,0,3,3
Rishanth,3,0,3
Rishanthalia,0,3,3
Rishanthi,0,3,3
Rishanthiny,0,3,3
Rishantly,3,0,3
Rishanty,0,3,3
Rishanvi,0,3,3
Rishany,0,3,3
Rishanylia,0,3,3
Rishauna,0,3,3
Rishauwn,3,0,3
Rishav,3,0,3
Rishawndro,3,0,3
Rishayad,3,0,3
Rishayah,0,3,3
Rishayankumar,3,0,3
Rishayda,0,3,3
Rishaydrion,3,0,3
Rishaydro,3,0,3
Rishayed,3,0,3
Rishayel,3,0,3
Rishayer,3,0,3
Rishaylee,0,3,3
Rishayni,0,3,3
Rishaynie,0,3,3
Rishe,3,0,3
Rishealy,0,3,3
Risheeka,0,3,3
Risheely,0,3,3
Risheet,3,0,3
Risheijndro,3,0,3
Rishëlies,0,3,3
Rishelinio,3,0,3
Rishellé,0,3,3
Rishelle,0,3,3
Rishemar,3,0,3
Rishemi,0,3,3
Rishemy,0,3,3
Rishéna,0,3,3
Rishenairo,3,0,3
Rishenayra,0,3,3
Rishendric,3,0,3
Rishendrion,3,0,3
Rishenel,3,0,3
Rishenley,3,0,3
Rishenne,0,3,3
Rishenslyka,0,3,3
Rishëries,0,3,3
Risherlon,3,0,3
Risheyla,0,3,3
Risheylena,0,3,3
Risheynarda,0,3,3
Risheyndra,0,3,3
Risheyni,0,3,3
Risheyno,3,0,3
Rishfana,0,3,3
Rişhi,3,0,3
Rishi-Brichmohun,3,0,3
Rishi-Junior,3,0,3
Rishi-persad,3,0,3
Rishia,0,3,3
Rishianand,3,0,3
Rishiano,3,0,3
Rishianthely,0,3,3
Rishiekumar,3,0,3
Rishièna,0,3,3
Rishiëne,0,3,3
Rishientely,0,3,3
Rishier,3,0,3
Rishiewand,3,0,3
Rishigesh,3,0,3
Rishikand,3,0,3
Rishikes,3,0,3
Rishikeshkoemar,3,0,3
Rishile,0,3,3
Rishilla,0,3,3
Rishille,3,0,3
Rishima,0,3,3
Rishinand,3,0,3
Rishindera,3,0,3
Rishindrasing,3,0,3
Rishindre,3,0,3
Rishindrekoemar,3,0,3
Rishine,0,3,3
Rishinell,3,0,3
Rishinello,3,0,3
Rishineo,3,0,3
Rishiney,0,3,3
Rishion,3,0,3
Rishionell,3,0,3
Rishipersad,3,0,3
Rishiprekash,3,0,3
Rishiradj,3,0,3
Rishisharma,3,0,3
Rishith,3,0,3
Rishiv,3,0,3
Rishivan,3,0,3
Rishiwar,3,0,3
Rishiyen,3,0,3
Rishley,3,0,3
Rishly,0,3,3
Rishma-Padmini,0,3,3
Rishmadevi,0,3,3
Rishmagatoen,0,3,3
Rishmailey,0,3,3
Rishmika,0,3,3
Rishnald,3,0,3
Rishnel,3,0,3
Rishni,0,3,3
Rishnie,0,3,3
Rishomairi,0,3,3
Rishonty,3,0,3
Rishtana,0,3,3
Rishu,3,0,3
Rishul,3,0,3
Rishvinai,3,0,3
Rishwaan,3,0,3
Rishwaaq,0,3,3
Rishwanath,3,0,3
Rishwand,3,0,3
Rishwed,3,0,3
Rishwi,3,0,3
Rishwienpersad,3,0,3
Rishwind,3,0,3
Rishwinie,0,3,3
Rishwir,3,0,3
Rishyane,0,3,3
Rishylla,0,3,3
Rishyra,0,3,3
Risian,3,0,3
Risiane,0,3,3
Risiani,0,3,3
Risiano,3,0,3
Risiekapoor,3,0,3
Risiënne,0,3,3
Risilda,0,3,3
Risinadevi,0,3,3
Rising-Sun,3,0,3
Risiomara,0,3,3
Risiyana,0,3,3
Risjaad,3,0,3
Risjaak,3,0,3
Risjanne,0,3,3
Risjar,3,0,3
Risjard,3,0,3
Risjeanne,0,3,3
Risjenco,3,0,3
Risjma,0,3,3
Riskil,0,3,3
Rislam,3,0,3
Risly,3,0,3
Risma-debie,0,3,3
Rismadebie,0,3,3
Rismadibie,0,3,3
Rismah,0,3,3
Rismaily,0,3,3
Rismakoemarie,0,3,3
Rismala,0,3,3
Rismawati,0,3,3
Rismé,3,0,3
Rismi,0,3,3
Rismie,0,3,3
Rismien,0,3,3
Rismij,0,3,3
Rismono,3,0,3
Rismy,0,3,3
Risna,3,0,3
Risnadewie,0,3,3
Rišo,3,0,3
Risolette,0,3,3
Rison,3,0,3
Rispah,0,3,3
Rispitaparti,0,3,3
Risq,3,0,3
Riss,0,3,3
Rissaan,3,0,3
Rissal,0,3,3
Rissam,3,0,3
Rissan,3,0,3
Risselmina,0,3,3
Rissi,3,0,3
Rissianne,0,3,3
Rissina-Catharina,0,3,3
Rissinus,3,0,3
Ristana-Luana,0,3,3
Ristanti,0,3,3
Ristaruli,0,3,3
Ristellio,3,0,3
Ristephen,3,0,3
Risti,3,0,3
Ristika,0,3,3
Ristridin,3,0,3
Risty,3,0,3
Risuënne,0,3,3
Risulainia,0,3,3
Rişvan,3,0,3
Riswanti,0,3,3
Riswedkoemaar,3,0,3
Riswen,3,0,3
Risyenda,0,3,3
Risyenne,0,3,3
Rita-Franca,0,3,3
Rita-Jane,0,3,3
Rita-Marie,0,3,3
Ritadj,0,3,3
Ritag,0,3,3
Ritagna,0,3,3
Ritah,0,3,3
Ritairo,3,0,3
Ritajh,0,3,3
Ritakoemari,0,3,3
Ritalia,0,3,3
Ritalien,0,3,3
Ritalina,0,3,3
Ritania,0,3,3
RitaNomi,0,3,3
Ritayno,3,0,3
Ritchano,3,0,3
Ritchart,3,0,3
Ritchelangelo,3,0,3
Ritchella,0,3,3
Ritchelle,0,3,3
Ritchely,0,3,3
Ritchenel,3,0,3
Ritchentelly,0,3,3
Ritchert,3,0,3
Ritchhart,3,0,3
Ritchi-Ray,3,0,3
Ritchiano,3,0,3
Ritchie-Jevensley,3,0,3
Ritchie-Sam,3,0,3
Ritchienald,3,0,3
Ritchilee,3,0,3
Ritchoberto,3,0,3
Ritciano,3,0,3
Ritciawatie,0,3,3
Ritco,3,0,3
Riteesh,3,0,3
Ritek,3,0,3
Rites,3,0,3
Ritesh-anand,3,0,3
Ritéshkumar,3,0,3
Riteshma,0,3,3
Riteshpersad,3,0,3
Ritfan,3,0,3
Rith,3,0,3
Rithalia,0,3,3
Rithany,0,3,3
Rithberta,0,3,3
Ritheek,3,0,3
Rithes,3,0,3
Rithi,3,0,3
Rithiisna,0,3,3
Rithikadevi,0,3,3
Rithimakoemarie,0,3,3
Rithis,3,0,3
Rithish,3,0,3
Rithul,3,0,3
Rithvi,3,0,3
Rithwa,0,3,3
Rithy,3,0,3
Rithya,3,0,3
Ritïen,3,0,3
Ritishkapoor,3,0,3
Ritishperkash,3,0,3
Ritishratankoemar,3,0,3
Ritjana,0,3,3
Ritje,0,3,3
Ritka,0,3,3
Ritker,3,0,3
Ritley,3,0,3
Ritme,3,0,3
Ritmer,3,0,3
Ritsaert-Jan,3,0,3
Ritsanne,0,3,3
Ritschard,3,0,3
Ritschella,0,3,3
Ritschi,3,0,3
Ritschy,3,0,3
Ritseart,3,0,3
Ritser,3,0,3
Ritserth,3,0,3
Ritsie,0,3,3
Ritsjert,3,0,3
Ritskeliena,0,3,3
Ritskes,0,3,3
Ritskina,0,3,3
Ritsmon,3,0,3
Ritten,3,0,3
Ritthisorn,3,0,3
Ritthy,3,0,3
Ritudebie,0,3,3
Rituraadj,3,0,3
Rituradj,3,0,3
Rituray,3,0,3
Ritwik,3,0,3
Ritwika,0,3,3
Ritzah,0,3,3
Ritzelien,0,3,3
Ritzger,3,0,3
Ritziena,0,3,3
Ritzina,0,3,3
Ritzy,0,3,3
Riuan,0,3,3
Riusha,3,0,3
Rìva,3,0,3
Ríva,0,3,3
Rîva,0,3,3
Riva-Beaugeane,0,3,3
Riva-mae,0,3,3
Rivaanie,3,0,3
Rivaashna,0,3,3
Rivadetti,3,0,3
Rivaëlle,0,3,3
Rívah,0,3,3
Rivahno,3,0,3
Rivaichelley,0,3,3
Rivaihra,0,3,3
Rivaina,0,3,3
Rivaindley,3,0,3
Rivaineley,0,3,3
Rivainely,0,3,3
Rivainy,0,3,3
Rivaj,3,0,3
Rivajadali,3,0,3
Rivaldho,3,0,3
Rivaldinho,3,0,3
Rivalia,0,3,3
Rivalina,0,3,3
Rivaliniyo,3,0,3
Rivalinyo,3,0,3
Rivallianio,3,0,3
Riválya,0,3,3
Rivanchelo,3,0,3
Rivandy,3,0,3
Rivanëll,3,0,3
Rivanelli,3,0,3
Rivanelly,3,0,3
Rivania,0,3,3
Rivanie,3,0,3
Rivanillio,3,0,3
Rívanio,3,0,3
Rivanni,3,0,3
Rivard,3,0,3
Rivarinho,3,0,3
Rivaya,0,3,3
Rivayliëz,3,0,3
Rivaynie,0,3,3
Rivayo,3,0,3
Rivayro,3,0,3
Rivayshely,0,3,3
Rivaz,3,0,3
Rivé,0,3,3
Riveau,3,0,3
Riveillinho,3,0,3
Rivel,0,3,3
Rivele,0,3,3
Riveleny,0,3,3
Rivelina,0,3,3
Riveliñho,3,0,3
Rivelinno,3,0,3
Riveliño,3,0,3
Rivellinó,3,0,3
Rivelliño,3,0,3
Rively,3,0,3
Rivenchella,0,3,3
Rivenchello,3,0,3
Rivenchio,3,0,3
Rivencio,3,0,3
Rivendy,3,0,3
Riveney,3,0,3
Rivenilio,3,0,3
Rivenley,3,0,3
Rivenna,0,3,3
Rivenshelo,3,0,3
Rivensly,3,0,3
Rivently,3,0,3
River-Delilah,0,3,3
River-Frederique,0,3,3
River-Israel,3,0,3
River-Jaxx,3,0,3
River-Jill,0,3,3
River-Jo,0,3,3
River-Mae,0,3,3
Riverlinjo,3,0,3
Riverly,0,3,3
Rivero,3,0,3
Riverro,3,0,3
Rivert,3,0,3
Rivette,0,3,3
Rivha,0,3,3
Rivhalio,3,0,3
Rivianchelo,3,0,3
Riviangelo,3,0,3
Rivianka,0,3,3
Rivianny,0,3,3
Rivianti,0,3,3
Rivianto,3,0,3
Rivianty,0,3,3
Riviany,0,3,3
Rivië,0,3,3
Rivieira,0,3,3
Riviëlledy,0,3,3
Riviëncis,3,0,3
Riviendly,3,0,3
Riviënelly,0,3,3
Riviennely,0,3,3
Riviënno,3,0,3
Rivienshelina,0,3,3
Rivienshely,0,3,3
Riviëntely,0,3,3
Riviéra,0,3,3
Rivilinho,3,0,3
Rivillinio,3,0,3
Rivin,3,0,3
Rivinia,0,3,3
Rivinya,0,3,3
Rivius,3,0,3
Riviyano,3,0,3
Riviyé,3,0,3
Rivjeena,0,3,3
Rivkeh,0,3,3
Rivkele,0,3,3
Rivko,3,0,3
Rivlinho,3,0,3
Rivolinjo,3,0,3
Rivomalala,3,0,3
Rivonardo,3,0,3
Rivonne,0,3,3
Rivory,3,0,3
Rivqah,0,3,3
Rívv,3,0,3
Rivven,3,0,3
Rivver,3,0,3
Rivyaina,0,3,3
Rivyano,3,0,3
Riwaan,3,0,3
Riwahna,0,3,3
Riwald,3,0,3
Riwalda,0,3,3
Riwaldo,3,0,3
Riwana,0,3,3
Riwani,3,0,3
Riwanna,0,3,3
Riwano,3,0,3
Riwel,3,0,3
Riwena,0,3,3
Riweno,3,0,3
Riwentely,3,0,3
Riweshni,0,3,3
Riwfka,0,3,3
Riwien,0,3,3
Riwke,0,3,3
Riwo,3,0,3
Riwold,3,0,3
Riwout,3,0,3
Rixan,3,0,3
Rixande,0,3,3
Rixanna,0,3,3
Rixarda,0,3,3
Rixavier,3,0,3
Rixchandry,3,0,3
Rixeline,0,3,3
Rixently,3,0,3
Rixian,3,0,3
Rixiandrah,0,3,3
Rixiane,0,3,3
Rixianna,0,3,3
Rixiano,3,0,3
Rixiarda,0,3,3
Rixina,0,3,3
Rixion,3,0,3
Rixje-Marijke,0,3,3
Rixsia,0,3,3
Rixste,0,3,3
Rixt-Marieke,0,3,3
Rixteline,0,3,3
Rixtianne,0,3,3
Rixtien,0,3,3
Rixty,0,3,3
Rixx,3,0,3
Rixxel,3,0,3
Rixy,3,0,3
Riyaale,3,0,3
Riyaan-Ali,3,0,3
Riyaas,3,0,3
Riyaasat,3,0,3
Riyah,3,0,3
Riyaira,0,3,3
Riyairick,3,0,3
Riyal,3,0,3
Riyam,0,3,3
Riyami,0,3,3
Riyan-Ur,3,0,3
Riyandi,3,0,3
Riyanie,0,3,3
Riyansika,0,3,3
Riyanti,0,3,3
Riyaq,0,3,3
Riyash,3,0,3
Riyasha,0,3,3
Riyashree,0,3,3
Riyatno,3,0,3
Riyàz,3,0,3
Riyèhna,0,3,3
Riyel,3,0,3
Riyèl,3,0,3
Riyem,0,3,3
Riyendel,3,0,3
Riyendrick,3,0,3
Riylano,3,0,3
Riyliano,3,0,3
Riyon,3,0,3
Riyoni,0,3,3
Riyônne,0,3,3
Riyoshi,3,0,3
Riyro,3,0,3
Riyvan,3,0,3
Riyyan,3,0,3
Riyzinho,3,0,3
Riz'qi,3,0,3
Rizaad,3,0,3
Rizaal,3,0,3
Rizaan,3,0,3
Rizainy,0,3,3
Rizairo,3,0,3
Rizak,3,0,3
Rizaldi,3,0,3
Rizaldo,3,0,3
Rizalex,3,0,3
Rizalt,3,0,3
Rizanco,3,0,3
Rizanna,0,3,3
Rizanne,0,3,3
Rizano,3,0,3
Rizar,3,0,3
Rizaria,0,3,3
Rizaro,3,0,3
Rizaur,3,0,3
Rizayra,0,3,3
Rizckiakmal,3,0,3
Rizdar,3,0,3
Rizé,0,3,3
Rize,3,0,3
Rizek,3,0,3
Rizela,0,3,3
Rizélaine,0,3,3
Rizell,3,0,3
Rizer,3,0,3
Rizet,0,3,3
Rizeth,0,3,3
Rizetta,0,3,3
Rizgo,3,0,3
Rizian,3,0,3
Riziano,3,0,3
Riziero,3,0,3
Riziki,0,3,3
Rizinaydré,3,0,3
Rizinta,0,3,3
Rizjainy,0,3,3
Rizkiansyah,3,0,3
Rizkyjayden,3,0,3
Rizkyta,3,0,3
Rizla,0,3,3
Rizlaan,0,3,3
Rizlaane,0,3,3
Rizlarinka,0,3,3
Rizlén,0,3,3
Rizlhen,0,3,3
Rizllan,0,3,3
Rizma,0,3,3
Rizman,3,0,3
Rizo,3,0,3
Rizpah,0,3,3
Rizqilahi,3,0,3
Rizqu,3,0,3
Rizqy,3,0,3
Rizski,3,0,3
Rizuan,3,0,3
Rizuley,3,0,3
Rizvaan,3,0,3
Rizvy,3,0,3
Rizwanah,0,3,3
Rizwanh,0,3,3
Rizwanto,3,0,3
Rizz,0,3,3
Rizzah-Roué,3,0,3
Rizzequiel,3,0,3
Rjaay,3,0,3
RJB,3,0,3
RJT,0,3,3
Rkaïa,0,3,3
Rkaya,0,3,3
RLM,3,0,3
RLMH,3,0,3
Rloepis,3,0,3
Rly-Chiano,3,0,3
RMA,0,3,3
Rma,0,3,3
RMM,0,3,3
Rnesto,3,0,3
Rnia,0,3,3
Rnińo,3,0,3
Ro'a,0,3,3
Ro'chairo,3,0,3
Ro'Chairoy,3,0,3
Ro'chandro,3,0,3
Ro'chaylo,3,0,3
Ro'chenne,0,3,3
Ro'chivaney,0,3,3
Ro'eh-Amaryah,0,3,3
Ro'jaivy,3,0,3
Ro'leisha,0,3,3
Ro'minio,3,0,3
Ro'nashille,0,3,3
Ro'nin,3,0,3
Ro'shailyio,3,0,3
Ro'Shailyio,3,0,3
Ro'Shairo,3,0,3
Ro'shandley,3,0,3
Ro'Shay,3,0,3
Ro'shean,3,0,3
Ro'shelina,0,3,3
Ro'shyno,3,0,3
Ro'yaidrick,3,0,3
Ro-Aémy,0,3,3
Ro-Aisha,0,3,3
Ro-amy,0,3,3
Ro-angel,3,0,3
Ro-Angela,0,3,3
Ro-angélo,3,0,3
Ro-Angelo,3,0,3
Ro-Angely,0,3,3
Ro-anne,0,3,3
Ro-chantely,0,3,3
Ro-Chanty,0,3,3
Ro-Chaydean,3,0,3
Ro-Chellyn,0,3,3
Ro-dai,0,3,3
Ro-dienne,3,0,3
Ro-Djo,3,0,3
Ro-Emy,0,3,3
Ro-en,0,3,3
Ro-Engelly,0,3,3
Ro-énshka,0,3,3
Ro-Gaël,3,0,3
Ro-Jaéchany,0,3,3
Ro-Jahmaily,3,0,3
Ro-Jailey,3,0,3
Ro-Jane,3,0,3
Ro-Janey,0,3,3
Ro-Jay,3,0,3
Ro-jean,3,0,3
Ro-jeana,0,3,3
Ro-jeandly,3,0,3
Ro-Jeannairo,3,0,3
Ro-jelis,0,3,3
Ro-Jenson,3,0,3
Ro-jumardyia,0,3,3
Ro-Junior,3,0,3
Ro-Kaylie,0,3,3
Ro-Laisha,0,3,3
Ro-mayra,0,3,3
Ro-Mi,0,3,3
Ro-Quennety,0,3,3
Ro-Shanel,0,3,3
Ro-Shanique,0,3,3
Ro-Shaquanda,0,3,3
Ro-Shay,3,0,3
Ro-Shaydon,3,0,3
Ro-Shaylee,0,3,3
Ro-shaylee,0,3,3
Ro-Shayna,0,3,3
Ro-sheily,0,3,3
Ro-Shendrick,3,0,3
Ro-Shently,3,0,3
Ro-Tanethy,0,3,3
Ro-vanni,3,0,3
Ro-velly,0,3,3
Ro-Wayne,3,0,3
Ro-Yenne,0,3,3
Ro-Yorick,3,0,3
Ro-Zangelo,3,0,3
Ro-Zion-Lee,0,3,3
Roa-el,3,0,3
Roa-Lana,0,3,3
Roabyn,0,3,3
Roachim,3,0,3
Roade,3,0,3
Roadey,3,0,3
Roádian,3,0,3
Roaëny,0,3,3
Roahn,3,0,3
Roaimy,0,3,3
Roaishella,0,3,3
Roalah,3,0,3
Róald,3,0,3
Roäld,3,0,3
Roald-Brian,3,0,3
Roald-Jacques,3,0,3
Roald-Jan,3,0,3
Roald-Lee,3,0,3
Roalie,0,3,3
Roalin,0,3,3
Roamie,3,0,3
Roamin,3,0,3
Roan-Dean,3,0,3
Roan-Gerard,3,0,3
Roan-Hein,3,0,3
Roan-Jace,3,0,3
Roan-Jay,3,0,3
Roan-Jo,3,0,3
Roan-Min,3,0,3
Roan-Noah,3,0,3
Roan-Oliver,3,0,3
Roàna,0,3,3
Roanan,3,0,3
Roanasely,0,3,3
Roanda,0,3,3
Roandie,3,0,3
Roandl,3,0,3
Roando,3,0,3
Roandrey,3,0,3
Roandrick,3,0,3
Roändrick,3,0,3
Roane,3,0,3
Roanick,3,0,3
Roanidah,0,3,3
Roanito,3,0,3
Roánn,0,3,3
Roänne,0,3,3
Roanoke,0,3,3
Roansingh,3,0,3
Roantel,3,0,3
Roanthely,0,3,3
Roanui,3,0,3
Roany,0,3,3
Roanzjel,3,0,3
Roanzjèlo,3,0,3
Roaric,3,0,3
Roarke,3,0,3
Roasiah,0,3,3
Roatan,3,0,3
Roatannak-Nathan,3,0,3
Roault,3,0,3
Roave,3,0,3
Roaveon,3,0,3
Roawan,3,0,3
Roaxshna,0,3,3
Roaym,3,0,3
Roayya,0,3,3
Roâz,3,0,3
Rob'n,0,3,3
Rob-Anne,3,0,3
Rob-Martin,3,0,3
Robaart,3,0,3
Robabe,0,3,3
Robabeh,0,3,3
Robaird,3,0,3
Robaire,3,0,3
Roballe,3,0,3
Robalt,3,0,3
Robaltus,3,0,3
Robana,0,3,3
Robanne,0,3,3
Robano,3,0,3
Robardina,0,3,3
Robardine,0,3,3
Robardus,3,0,3
Robari,3,0,3
Robarth,3,0,3
Robba,3,0,3
Robban,3,0,3
Robbani,0,3,3
Robbé,3,0,3
Robbe-Jan,3,0,3
Robbeline,0,3,3
Robbenstein,3,0,3
Robberd-Jan,3,0,3
Robberdientje,0,3,3
Robbert-Alexander,3,0,3
Robbert-Arthur,3,0,3
Robbert-Coen,3,0,3
Robbert-Daan,3,0,3
Robbert-Duncan,3,0,3
Robbert-Hein,3,0,3
Robbert-James,3,0,3
Robbert-Jeroen,3,0,3
Robbert-joannes,3,0,3
Robbert-Joost,3,0,3
Robbert-Jurriën,3,0,3
Robbert-Kay,3,0,3
Robbert-Kees,3,0,3
Robbert-Mark,3,0,3
Robbert-Martijn,3,0,3
Robbert-Pierre,3,0,3
Robbert-Pieter,3,0,3
Robbert-Rik,3,0,3
Robbert-Roel,3,0,3
Robbert-Sebastiaan,3,0,3
Robbert-Ton,3,0,3
Robberte,0,3,3
Robbertino,3,0,3
Robbertpaul,3,0,3
Robberts,3,0,3
Robbertszoon,3,0,3
Robbian,3,0,3
Robbie-George,3,0,3
Robbie-Junior,3,0,3
Robbie-Lucas,3,0,3
Robbiêlvy,3,0,3
Robbiene,0,3,3
Robbin-Dick,3,0,3
Robbin-Jan,3,0,3
Robbinne,0,3,3
Robbins,3,0,3
Robbinus,3,0,3
Robburt,3,0,3
Robbus,3,0,3
Robby-Jay,0,3,3
Robbyencia,0,3,3
Robbykumar,3,0,3
Robbyn-Sue,0,3,3
Robbyne,0,3,3
Robbynna,0,3,3
Robbynne,0,3,3
Robe,0,3,3
Robea,0,3,3
Robéas,3,0,3
Robeathy,3,0,3
Robeca,0,3,3
Robèl,3,0,3
Robeleh,3,0,3
Robeline,0,3,3
Robelis,0,3,3
Robelisa,0,3,3
Robella,0,3,3
Robén,3,0,3
Roben-Jan,3,0,3
Robenalleig,3,0,3
Robeno,3,0,3
Robensia,0,3,3
Robensley,3,0,3
Robensly,3,0,3
Robentina,0,3,3
Robently,3,0,3
Robër,3,0,3
Rober-Alexander,3,0,3
Rober-Maurice,3,0,3
Robera,3,0,3
Roberco,3,0,3
Roberdinus,3,0,3
Roberè,3,0,3
Roberic,3,0,3
Roberkys,0,3,3
Robèrlila,0,3,3
Roberney,3,0,3
Robernias,3,0,3
Robero,3,0,3
Roberson,3,0,3
Rôbert,3,0,3
Robert-Alexandre,3,0,3
Robert-Allan,3,0,3
Robert-Anil,3,0,3
Robert-Anne,3,0,3
Robert-Anthony,3,0,3
Robert-Anton,3,0,3
Robert-Antonie,3,0,3
Robert-Antonius,3,0,3
Robert-Arend,3,0,3
Robert-Arie,3,0,3
Robert-Arjen,3,0,3
Robert-Arthur,3,0,3
Robert-Bas,3,0,3
Robert-Ben,3,0,3
Robert-Cees,3,0,3
Robert-Christiaan,3,0,3
Robert-Cornelis,3,0,3
Robert-Cornelus,3,0,3
Robert-Daan,3,0,3
Robert-Dick,3,0,3
Robert-Dirk,3,0,3
Robert-Donald,3,0,3
Robert-Edzo,3,0,3
Robert-Erik,3,0,3
Robert-Ernst,3,0,3
Robert-Frank,3,0,3
Robert-Guillaume,3,0,3
Robert-Han,3,0,3
Robert-Isaiah,3,0,3
Robert-Iskander,3,0,3
Robert-Jack,3,0,3
Robert-jack,3,0,3
Robert-James,3,0,3
Robert-Jaring,3,0,3
Robert-Jasper,3,0,3
Robert-Jean,3,0,3
Robert-Job,3,0,3
Robert-Johan,3,0,3
Robert-Junior,3,0,3
Robert-Just,3,0,3
Robert-Kaj,3,0,3
Robert-Kees,3,0,3
Robert-Leen,3,0,3
Robert-Leon,3,0,3
Robèrt-Louis,3,0,3
Robert-Maarten,3,0,3
Robert-Marie,3,0,3
Robert-Martijn,3,0,3
Robert-Martin,3,0,3
Robert-Melvin,3,0,3
Robert-Michael,3,0,3
Robert-Nesta,3,0,3
Robert-Nico,3,0,3
Robert-Niels,3,0,3
Robert-Noël,3,0,3
Robert-Pierre,3,0,3
Robert-Pieter,3,0,3
Robert-René,3,0,3
Robert-Rens,3,0,3
Robert-Ritsaert,3,0,3
Robert-Roel,3,0,3
Robert-Seán,3,0,3
Robert-Simon,3,0,3
Robert-Sjohn,3,0,3
Robert-Swen,3,0,3
Robert-Victor,3,0,3
Robertas,3,0,3
Robertdina,0,3,3
Robertdine,0,3,3
Roberté,0,3,3
Robertée,0,3,3
Robertènne,3,0,3
Robertfranck,3,0,3
Robertgino,3,0,3
Roberthine,0,3,3
Roberthino,3,0,3
Robertiena,3,0,3
Robertilde,0,3,3
Robertimo,3,0,3
Robertini,3,0,3
Robertinio,3,0,3
Robertjairick,3,0,3
Robertjohan,3,0,3
Robertkumar,3,0,3
Robertley,3,0,3
Robertmar,3,0,3
Roberto-Angelo,3,0,3
Roberto-Carlos,3,0,3
Roberto-Enrico,3,0,3
Roberto-Juan,3,0,3
Roberto-Manuél,3,0,3
Robertorishi,3,0,3
Robertos,3,0,3
Robertovitch,3,0,3
Robertowna,0,3,3
Robertrand,3,0,3
Robertsz,3,0,3
Roberttina,0,3,3
Robertto,3,0,3
Robertus-Frans,3,0,3
Robertusovna,0,3,3
Robertzoon,3,0,3
Roberz,3,0,3
Robesque,0,3,3
Robeth,3,0,3
Robethka,0,3,3
Robeto,3,0,3
Robiam,3,0,3
Róbian,3,0,3
Robiane,0,3,3
Robianthy,0,3,3
Robianto,3,0,3
Robic,3,0,3
Robieke,0,3,3
Robiel,3,0,3
Robiël,3,0,3
Robiëlla,0,3,3
Robién,0,3,3
Robiëne,0,3,3
Robiënne,0,3,3
Robiënsly,3,0,3
Robiënthy,3,0,3
Robigus,3,0,3
Robijn-Johanna,0,3,3
Robijne,0,3,3
Robika,0,3,3
Robilmas,3,0,3
Rőbin,3,0,3
Rôbin,3,0,3
Róbìn,0,3,3
Robin-Alissa,0,3,3
Robin-Ann,0,3,3
Robin-Anne,0,3,3
Robin-Anthony,3,0,3
Robin-Arthur,3,0,3
Robin-Beau,3,0,3
Robin-Connor,3,0,3
Robin-Frans,3,0,3
Robin-Ian,3,0,3
Robin-Ize,0,3,3
Robin-Jacques,3,0,3
Robin-Jade,0,3,3
Robin-James,3,0,3
Robin-Jay,3,0,3
Robin-Josephine,0,3,3
Robin-Jules,3,0,3
Robin-Kelly,0,3,3
Robin-Kevin,3,0,3
Robin-Kimberley,0,3,3
Robin-Lee,3,0,3
Robin-mae,0,3,3
Robin-Marthe,0,3,3
Róbin-Maxime,0,3,3
Robin-Noëlle,0,3,3
Robin-Renée,0,3,3
Robin-Rien,3,0,3
Robin-Roos,0,3,3
Robin-Roy,3,0,3
Robin-Serge,3,0,3
Robin-Sjon,3,0,3
Robin-Sophie,0,3,3
Robin-Tshimpu,3,0,3
Robin-Wesley,3,0,3
Robîna,0,3,3
Robinardus,3,0,3
Robinderdathpersad,3,0,3
Robindew,3,0,3
Robindino,3,0,3
Robíne,0,3,3
Robinet,0,3,3
Robinette,0,3,3
Robingah,3,0,3
Robinhio,3,0,3
Robinĥo,3,0,3
Robińho,3,0,3
Robinie,0,3,3
Robinius,3,0,3
Robink,3,0,3
Robinka,0,3,3
Robinko,3,0,3
Robinlee,3,0,3
Robinnia,0,3,3
Robinor,3,0,3
Robinovich,3,0,3
Robinpreet,3,0,3
Robinte,0,3,3
Robinto,3,0,3
Robinyo,3,0,3
Robinza,0,3,3
Robio,3,0,3
Robique,0,3,3
Robis,3,0,3
Robisha,0,3,3
Robishan,3,0,3
Robitha,0,3,3
Robiyah,0,3,3
Robje,0,3,3
Röbke,3,0,3
Robke,0,3,3
Röbken,3,0,3
Roblé,3,0,3
Roblee,3,0,3
Robleh,3,0,3
Roblis,3,0,3
Roboam,3,0,3
Robraio,3,0,3
Robrechta,0,3,3
Robrechtje,0,3,3
Robregt,3,0,3
Robren,3,0,3
Robrian,3,0,3
Robsee,0,3,3
Robun,3,0,3
Robustina,0,3,3
Roby-an,0,3,3
Robya,0,3,3
Robye,0,3,3
Robyën,3,0,3
Robyen,0,3,3
Robyn-Arnt,3,0,3
Robyn-Lisa,0,3,3
Robyn-Lois,0,3,3
Robyngail,0,3,3
Robynho,3,0,3
Robysanne,0,3,3
Rocakniek,3,0,3
Rocalinde,0,3,3
Rocanne,0,3,3
Rocas,3,0,3
Rocasse,0,3,3
Rocca-Lolitha,0,3,3
Rocca-Tess,0,3,3
Rocciano,3,0,3
Rocco-Danilo,3,0,3
Rocco-Luigi,3,0,3
Rocco-Sebastian,3,0,3
Roccomase,3,0,3
Rocdy,3,0,3
Roceano,3,0,3
Rocedric,3,0,3
Roceidon,3,0,3
Rocelena,0,3,3
Rocelia,0,3,3
Rocelie,0,3,3
Rocelli,3,0,3
Rocellie,3,0,3
Rocemaine,0,3,3
Rocendo,3,0,3
Rocendrik,3,0,3
Rocenna,0,3,3
Rocenny,3,0,3
Rocéno,3,0,3
Rocentely,0,3,3
Rocento,3,0,3
Rocero,3,0,3
Roĉert,3,0,3
Rocette,0,3,3
Rocevella,0,3,3
Rochaas,3,0,3
Rochae,3,0,3
Rochaënely,0,3,3
Rochaery,0,3,3
Rochailon,3,0,3
Rochaima,0,3,3
Rochaimo,3,0,3
Rochainell,3,0,3
Rochainely,0,3,3
Rochainnély,0,3,3
Rocháiro,3,0,3
Rochaja,0,3,3
Rochak,3,0,3
Rochalene,0,3,3
Rochaltely,0,3,3
Rochanaichélly,0,3,3
Rochanak,0,3,3
Rochandion,3,0,3
Rochando,3,0,3
Rochandra,0,3,3
Rochandrick,3,0,3
Rochandry,3,0,3
Rochane,3,0,3
Rochanello,3,0,3
Rochania,0,3,3
Rochanie,0,3,3
Rochanno,3,0,3
Rochansha,0,3,3
Rochanteley,0,3,3
Rochantely,0,3,3
Rochanti,0,3,3
Rochantley,3,0,3
Rochanton,3,0,3
Rochanty,0,3,3
Rochany,0,3,3
Rochar,3,0,3
Rochardjio,3,0,3
Rochardrick,3,0,3
Rocharelle,0,3,3
Rocharine,0,3,3
Róchas,3,0,3
Rochas,3,0,3
Rochaya,0,3,3
Rochayah,0,3,3
Rochaylo,3,0,3
Rochayn,0,3,3
Rochayna,0,3,3
Rochayndrah,0,3,3
Rochayne,0,3,3
Rochayno,3,0,3
Rochayra,0,3,3
Roche-Jenó,3,0,3
Roche-Lee,0,3,3
Rochea,0,3,3
Rochebert,3,0,3
Rocheda,0,3,3
Rochedi,3,0,3
Rochédion,3,0,3
Rochée,3,0,3
Rocheemiroas,0,3,3
Rochëeny,0,3,3
Rochéfanye,0,3,3
Rocheina,0,3,3
Rochël,0,3,3
Róchel,0,3,3
Rochelbert,3,0,3
Rochelda,0,3,3
Rochélie,0,3,3
Rochelie,0,3,3
Rochelinio,3,0,3
Rochelino,3,0,3
Róchell,0,3,3
Röchella,0,3,3
Rochella-Alicia,0,3,3
Rochellberto,3,0,3
Ròchelle,0,3,3
Rôchelle,0,3,3
Rochelle-Torhild,0,3,3
Rochelline,0,3,3
Rochellviënska,0,3,3
Rochelo,3,0,3
Rochelynn,0,3,3
Rochem,3,0,3
Rochèn,3,0,3
Róchen,3,0,3
Rochena,0,3,3
Rochenaiselly,0,3,3
Rochenda,0,3,3
Rochendley,3,0,3
Rochendrik,3,0,3
Rochendtina,0,3,3
Rochendtley,3,0,3
Rochendy,3,0,3
Rocheni,0,3,3
Rochenina,0,3,3
Rochenna,0,3,3
Rochenné,3,0,3
Rochënphrey,3,0,3
Rochenso,3,0,3
Rochentelly,0,3,3
Rochenthly,3,0,3
Rochèr,3,0,3
Rôcher,3,0,3
Rochêr,3,0,3
Rocherick,3,0,3
Rochérie,0,3,3
Rocheriënne,0,3,3
Rochério,3,0,3
Rocherius,3,0,3
Rocherline,0,3,3
Rocherney,0,3,3
Rocherro,3,0,3
Rocherry,0,3,3
Rocheto,3,0,3
Rochéto,3,0,3
Rochëveny,0,3,3
Rochevo,3,0,3
Rochey,3,0,3
Rocheyni,0,3,3
Rocheyno,3,0,3
Rochéz,3,0,3
Rochez,3,0,3
Rochgiëna,0,3,3
Rochi,0,3,3
Rochia,0,3,3
Rochiandyson,3,0,3
Rochie,3,0,3
Rochiël,0,3,3
Rochiëlla,0,3,3
Rochiendrick,3,0,3
Rochiëntony,3,0,3
Rochiet,3,0,3
Rochilda,0,3,3
Rochinah,0,3,3
Rochino,3,0,3
Rochinus,3,0,3
Rochir,3,0,3
Róchirah,0,3,3
Rochjati,0,3,3
Rochjean,3,0,3
Rochleyna,0,3,3
Rochna,0,3,3
Rochnidebie,0,3,3
Rochnie,0,3,3
Rochsar,0,3,3
Rochshana,0,3,3
Rochteaux,3,0,3
Rochus-Antonin,3,0,3
Rochuse,3,0,3
Rochusine,0,3,3
Rochust,3,0,3
Rochustine,0,3,3
Rochustinus,3,0,3
Rochwaly,0,3,3
Rochy,3,0,3
Rochyano,3,0,3
Rochyatie,0,3,3
Rochyli,0,3,3
Rociandro,3,0,3
Rociënna,0,3,3
Rociënne,0,3,3
Rocil,3,0,3
Rocilia,0,3,3
Rocinda,0,3,3
Rocinde,0,3,3
Rocinho,3,0,3
Rocinia,0,3,3
Rocinio,3,0,3
Rocinta,0,3,3
Rocintha,0,3,3
Rocinyo,3,0,3
Rociwan,3,0,3
Rock-Angela,0,3,3
Rock-Sanne,0,3,3
Rock-Sheneilly,0,3,3
Rock-Shenthelly,0,3,3
Rockaya,0,3,3
Rockden,3,0,3
Rockes,3,0,3
Rocket,3,0,3
Rockford,3,0,3
Rockkey,3,0,3
Rocklin,0,3,3
Rockney,3,0,3
Rocksan,0,3,3
Rocksanna,0,3,3
Rocksanne,0,3,3
Rocksano,3,0,3
Rockshendy,3,0,3
Rockstar,0,3,3
Rocksy,0,3,3
Rockus,3,0,3
Rockwell,3,0,3
Rockx,0,3,3
Rocky-Lynn,0,3,3
Rockyer,3,0,3
Rockyll,3,0,3
Roclycida,0,3,3
Roclydeo,3,0,3
Rocney,3,0,3
Rocó,0,3,3
Rocquin,3,0,3
Rocrando,3,0,3
Rocs,3,0,3
Rocsana,0,3,3
Rocsane,0,3,3
Rocshaidys,0,3,3
Rocshiya,0,3,3
Rocxy,0,3,3
Rocy,0,3,3
Rocy-Ann,0,3,3
Roczina,0,3,3
Rod,0,3,3
Rodabeh,0,3,3
Ródae,0,3,3
Rodah,0,3,3
Rodaicha,0,3,3
Rodaijna,0,3,3
Rodailys,0,3,3
Rodaimy,3,0,3
Rodaïna,0,3,3
Rodainy,3,0,3
Rodairy,3,0,3
Rodaisha,0,3,3
Rodaisheley,0,3,3
Rodalien,0,3,3
Rodaline,0,3,3
Rodaney,0,3,3
Rodania,0,3,3
Rodaniels,3,0,3
Rodanña,0,3,3
Rodanthè,0,3,3
Rodanya,0,3,3
Rodar,3,0,3
Rodari,3,0,3
Rodaric,3,0,3
Rodaro,3,0,3
Rodavio,3,0,3
Roday,0,3,3
Rodayennezjelie,0,3,3
Rodchanty,0,3,3
Rodcheila,0,3,3
Rodchenko,3,0,3
Rodcher,3,0,3
Rodderick,3,0,3
Roddia,0,3,3
Roddie,3,0,3
Rodea,0,3,3
Rodearni,0,3,3
Rodecha,0,3,3
Rodechelies,0,3,3
Rodecio,3,0,3
Rodee-Nyad,3,0,3
Rodeena,0,3,3
Rodegonda,0,3,3
Rodek,3,0,3
Rodél,3,0,3
Rodel,0,3,3
Rodelfina,0,3,3
Rodelina,0,3,3
Rodelindes,0,3,3
Rodeliño,3,0,3
Rodellano,3,0,3
Rodelsho,3,0,3
Rodèlvic-Joyro,3,0,3
Rodely,0,3,3
Rodelynne,0,3,3
Rodelys,0,3,3
Rodemo,3,0,3
Rodèn,3,0,3
Rodenchill,3,0,3
Rodeni,3,0,3
Rodenor,3,0,3
Rodenrik,3,0,3
Rodenshelo,3,0,3
Rodenshely,0,3,3
Rodensho,3,0,3
Rodenuque,0,3,3
Rodeny,3,0,3
Rodenyo,3,0,3
Rodenzo,3,0,3
Rodeon,3,0,3
Roderic-Jan,3,0,3
Roderica,0,3,3
Roderice,0,3,3
Roderich-Johan,3,0,3
Roderick-David,3,0,3
Roderick-Floris,3,0,3
Roderick-Paul,3,0,3
Roderick-Paulus,3,0,3
Roderick-Pepijn,3,0,3
Roderick-Pieter,3,0,3
Rodericke,0,3,3
Roderickes,3,0,3
Rodérico,3,0,3
Roderiecke,0,3,3
Roderiga,0,3,3
Roderigh,3,0,3
Roderigh-ijsbrand,3,0,3
Roderigue,3,0,3
Roderiguez,3,0,3
Roderik-Willem,3,0,3
Roderikje,0,3,3
Roderiko,3,0,3
Roderiques,3,0,3
Roderiquiz,3,0,3
Rodery,0,3,3
Roderyck,3,0,3
Rodesa,0,3,3
Rodescha,0,3,3
Rodeshany,0,3,3
Rodeshely,0,3,3
Rodesheny,0,3,3
Rodestda,0,3,3
Rodeyni,3,0,3
Rodéyscha,0,3,3
Rodger-Franciscus,3,0,3
Rodgerio,3,0,3
Rodgerno,3,0,3
Rodgers,3,0,3
Rodgery,3,0,3
Rodges,3,0,3
Rodgey,3,0,3
Rodgina,0,3,3
Rodgy,3,0,3
Rodha,0,3,3
Rodherick,3,0,3
Rodhimadevi,0,3,3
Rodhinee,0,3,3
Rodhlann,0,3,3
Rodhy,3,0,3
Rodí,3,0,3
Rodia,0,3,3
Rodiaan,3,0,3
Rodiah,0,3,3
Rodianne,3,0,3
Rodiat,0,3,3
Rodic,3,0,3
Rodick,3,0,3
Rodiecke,0,3,3
Rodieëndrik,3,0,3
Rodiel,3,0,3
Rodiella,0,3,3
Rodiëlle,0,3,3
Rodiëllo,3,0,3
Rodiena,0,3,3
Rodienca,0,3,3
Rodiendly,3,0,3
Rodiengelo,3,0,3
Rodiënko,3,0,3
Rodienneteley,0,3,3
Rodiënsly,3,0,3
Rodifina,0,3,3
Rodimar,3,0,3
Rodîn,0,3,3
Rodìn,3,0,3
Rodinand,3,0,3
Rodinco,3,0,3
Rodinda,0,3,3
Rodinè,3,0,3
Rodinhio,3,0,3
Rodinho,3,0,3
Rodini,3,0,3
Rodinia,0,3,3
Rodino,3,0,3
Rodiño,3,0,3
Rodinyo,3,0,3
Rodion-Guillaume,3,0,3
Rodischa,0,3,3
Rodite,0,3,3
Roditzia,0,3,3
Roditzya,0,3,3
Rodíwa,3,0,3
Rodj,3,0,3
Rodjankhan,3,0,3
Rodjany,3,0,3
Rodjaro,3,0,3
Rodjean,0,3,3
Rodjëane,3,0,3
Rodjemaynio,3,0,3
Rodjenaila,0,3,3
Rodjeney,0,3,3
Rodjeno,3,0,3
Rodjentely,0,3,3
Rodjeska,0,3,3
Rodjhairo,3,0,3
Rodjie,3,0,3
Rodjini,0,3,3
Rodjmar,3,0,3
Rodjul,0,3,3
Rodley,3,0,3
Rodling,3,0,3
Rodman,3,0,3
Rodmar,3,0,3
Rodneij,3,0,3
Rodney-Junior,3,0,3
Rodnk,3,0,3
Rodoba,0,3,3
Rodolfino,3,0,3
Rödope,0,3,3
Rodos,3,0,3
Rodoshi,0,3,3
Rodoula,0,3,3
Rodriaan,3,0,3
Rodrica,0,3,3
Rodrich,3,0,3
Rodrickmar,3,0,3
Rodrieg,3,0,3
Rodriek,3,0,3
Rodriekes,3,0,3
Rodrig,3,0,3
Rodriga,0,3,3
Rodriges,3,0,3
Rodrigius,3,0,3
Rodriguês,3,0,3
Rodríguez,3,0,3
Rodrika,0,3,3
Rodrike,0,3,3
Rodriqeuz,3,0,3
Rodríquez,3,0,3
Rodriquo,3,0,3
Rodry,3,0,3
Rodshaira,0,3,3
Rodshenko,3,0,3
Roduël,3,0,3
Roduén,3,0,3
Rodulf,3,0,3
Rodulphe,3,0,3
Rodus,3,0,3
Rodviënny,0,3,3
Rodvin,3,0,3
Rodwell,3,0,3
Rodwie,3,0,3
Rodwiena,0,3,3
Rodyana,0,3,3
Rodyanne-Angeliek,0,3,3
Rodycho,3,0,3
Rodyco,3,0,3
Rodyell,3,0,3
Rodyen,3,0,3
Rodynho,3,0,3
Rodynnio,3,0,3
Rodyonne,3,0,3
Roë,3,0,3
Roè,3,0,3
Roe-Yann,0,3,3
Roean,3,0,3
Roeani,0,3,3
Roeanna,0,3,3
Roeanne,0,3,3
Roeano,3,0,3
Roeany,3,0,3
Roeba,0,3,3
Roebaina,0,3,3
Roebanah,0,3,3
Roebar,0,3,3
Roebby,0,3,3
Roebiah,0,3,3
Roebiëlla,0,3,3
Roebien,0,3,3
Roebinia,0,3,3
Roebinie,0,3,3
Roebino,3,0,3
Roebun,3,0,3
Roebyem,0,3,3
Roechalie,0,3,3
Roechamah,0,3,3
Roechana,0,3,3
Roechsana,0,3,3
Roeckshana,0,3,3
Roecsana,0,3,3
Roëda,0,3,3
Roedani,0,3,3
Roedek,0,3,3
Roedet,3,0,3
Roedhier,3,0,3
Roedjay,3,0,3
Roedjayhlyson,3,0,3
Roedjijanti,0,3,3
Roedolfina,0,3,3
Roedra,3,0,3
Roedradjsing,3,0,3
Roedrani,0,3,3
Roedredat,3,0,3
Roedredew,3,0,3
Roedrenarain,3,0,3
Roedresen,3,0,3
Roedresh,3,0,3
Roeëlla,0,3,3
Roeëlle,0,3,3
Roefail,3,0,3
Roefat,3,0,3
Roefes,0,3,3
Roeffien,0,3,3
Roefhan,3,0,3
Roefiena,3,0,3
Roefina-Roxy,0,3,3
Roefus,3,0,3
Roega,0,3,3
Roegajah,0,3,3
Roëgan,3,0,3
Roegeer,3,0,3
Roegel,3,0,3
Roeger,3,0,3
Roeghmien,0,3,3
Roeghsar,0,3,3
Roegier,3,0,3
Roegmanie,0,3,3
Roegmien,0,3,3
Roegsanah,0,3,3
Roegshana,0,3,3
Roegzana,0,3,3
Roegzanagatoen,0,3,3
Roeh,0,3,3
Roehafia,0,3,3
Roehangiz,0,3,3
Roehavidja,0,3,3
Roehhani,3,0,3
Roehi,3,0,3
Roehiey,0,3,3
Roehijja,0,3,3
Roehina,0,3,3
Roein,3,0,3
Roeja,0,3,3
Roejanne,0,3,3
Roeji,3,0,3
Roejina,0,3,3
Roekajjah,0,3,3
Roekar,0,3,3
Roekáya,0,3,3
Roekayah,0,3,3
Roekchana,0,3,3
Roekchanna,0,3,3
Roekhmany,0,3,3
Roekhminiah,0,3,3
Roekhon,3,0,3
Roekhshananissa,0,3,3
Roeki-Raminah,0,3,3
Roekia,0,3,3
Roekianto,3,0,3
Roekiena,0,3,3
Roekijah,0,3,3
Roekijati,0,3,3
Roekijem,0,3,3
Roekima,0,3,3
Roekimon,3,0,3
Roekina,0,3,3
Roekini,0,3,3
Roekiyah,0,3,3
Roekje,0,3,3
Roekmanie,0,3,3
Roekmenie,0,3,3
Roekmiena,0,3,3
Roekmini,0,3,3
Roekminia,0,3,3
Roekminie,0,3,3
Roekminiedebie,0,3,3
Roeks,3,0,3
Roeksanah,0,3,3
Roeksar,0,3,3
Roekschana,0,3,3
Roekshaar,0,3,3
Roekshane,0,3,3
Roekus,3,0,3
Roekzanna,0,3,3
Roel-Henk,3,0,3
Roel-Jetze,3,0,3
Roel-Leen,3,0,3
Roël-Prince,3,0,3
Roël-Roxy,3,0,3
Roel-Sebastian,3,0,3
Roel-Teije,3,0,3
Roel-Tjalle,3,0,3
Roel-Wout,3,0,3
Roel-Wouter,3,0,3
Roelaendt,3,0,3
Roelafina,0,3,3
Roelaine,0,3,3
Roëlan,3,0,3
Roeland-Huub,3,0,3
Roeland-John,3,0,3
Roeland-Steven,3,0,3
Roelandine,0,3,3
Roelandis,0,3,3
Roelandius,3,0,3
Roelandje,0,3,3
Roelando,3,0,3
Roelandto,3,0,3
Roelanka,0,3,3
Roelanna,0,3,3
Roelannette,0,3,3
Roelant-Jan,3,0,3
Roelanth,3,0,3
Roelardus,3,0,3
Roelart,3,0,3
Roelbert-Jan,3,0,3
Roelbertha,0,3,3
Roelbetty,0,3,3
Roeldert,3,0,3
Roeldina,0,3,3
Roeldo,3,0,3
Roëldon,3,0,3
Roëldrik,3,0,3
Roeleanne,0,3,3
Roelefiena,0,3,3
Roelefiene,0,3,3
Roelegonda,0,3,3
Roeleken,0,3,3
Roeleman,3,0,3
Roelen,3,0,3
Roelène,0,3,3
Roelephine,0,3,3
Roëlety,0,3,3
Roelf-Robert,3,0,3
Roelfein,0,3,3
Roelfenna,0,3,3
Roelfert,3,0,3
Roelffina,0,3,3
Roelfi,0,3,3
Roelfienes,3,0,3
Roelfina-Evelyne,0,3,3
Roelfinie,0,3,3
Roelfinna,0,3,3
Roelfsz,3,0,3
Roelfy,0,3,3
Roelga,0,3,3
Roëlgene,3,0,3
Roelger,3,0,3
Roelhilde,0,3,3
Roeli-Anne,0,3,3
Roeliane,0,3,3
Roelice,0,3,3
Roelie-ann,0,3,3
Roelie-Anna,0,3,3
Roelie-Imke,0,3,3
Roelie-Marie,0,3,3
Roelieanna,0,3,3
Roeliedina,0,3,3
Roelien-Gerdien,0,3,3
Roeliënd,3,0,3
Roeliene-Elsa,0,3,3
Roelienelleke,0,3,3
Roelienne,0,3,3
Roeliet,0,3,3
Roelieta,0,3,3
Roelietje,0,3,3
Roelijah,0,3,3
Roelike,0,3,3
Roelimko,3,0,3
Roëlin,3,0,3
Roelinca,0,3,3
Roëline,0,3,3
Roelini,0,3,3
Roelinne,0,3,3
Roeliono,3,0,3
Roelise,0,3,3
Roelja,0,3,3
Roëljen,3,0,3
Roëlju,3,0,3
Röell,3,0,3
Roëll-Lucca,3,0,3
Roella,0,3,3
Roélle,0,3,3
Roëlle-margreth,0,3,3
Roëllemy,0,3,3
Roèlli,0,3,3
Roëllicia,0,3,3
Roellientje,0,3,3
Roëllisa,0,3,3
Roelmarijn,0,3,3
Roelod,3,0,3
Roelof-Auke,3,0,3
Roelof-Berend,3,0,3
Roelof-Dirk,3,0,3
Roelof-Geert,3,0,3
Roelof-Gerrit,3,0,3
Roelof-Jans,3,0,3
Roelof-Johannis,3,0,3
Roelof-Klaas,3,0,3
Roelof-Sjoerd,3,0,3
Roelof-Willem,3,0,3
Roelofa,0,3,3
Roeloffiene,0,3,3
Roeloffinna,0,3,3
Roelofie,0,3,3
Roelofienus,3,0,3
Roelofinia,0,3,3
Roelofko,0,3,3
Roelofsen,3,0,3
Roelofsophia,0,3,3
Roelofsz,3,0,3
Roeloftje,0,3,3
Roelowina,0,3,3
Roelphine,0,3,3
Roëlsa,0,3,3
Roëlsley,3,0,3
Roëlson,3,0,3
Roelszoon,3,0,3
Roëlta,0,3,3
Roelufje,0,3,3
Roelus,3,0,3
Roelvinus,3,0,3
Roelvonne,0,3,3
Roëlvsley,3,0,3
Roelyanda,0,3,3
Roelyna,0,3,3
Roelynke,0,3,3
Roelyt,0,3,3
Roelyta,0,3,3
Roëm,0,3,3
Roema,0,3,3
Roemaan,0,3,3
Roemaana,0,3,3
Roemain,3,0,3
Roemaisha,0,3,3
Roemani,0,3,3
Roemany,0,3,3
Roemar,3,0,3
Roemeisha,0,3,3
Roemela,0,3,3
Röemello,3,0,3
Roemeno,3,0,3
Roemer-Jesse,3,0,3
Roemer-Pomeline,0,3,3
Roemes,3,0,3
Röemey,0,3,3
Roemeya,0,3,3
Roëmi,0,3,3
Roémi,0,3,3
Roemia,0,3,3
Roemiana,0,3,3
Roemie,3,0,3
Roemiël,3,0,3
Roemieni,0,3,3
Roemilawatie,0,3,3
Roemillo,3,0,3
Roemina,0,3,3
Roëmina,0,3,3
Roemita,0,3,3
Roëmmello,3,0,3
Roempla,0,3,3
Roemsha,0,3,3
Roemsi,0,3,3
Roemsiah,0,3,3
Roémy,0,3,3
Roëmyla,0,3,3
Roèn,3,0,3
Roen-Selline,0,3,3
Roéna,0,3,3
Roenald,3,0,3
Roenashkiedebie,0,3,3
Roëncial,0,3,3
Roenda,0,3,3
Roénda,0,3,3
Röendeley,0,3,3
Roëndly,3,0,3
Roëndrick,3,0,3
Roené,3,0,3
Roenee,3,0,3
Roeneke,0,3,3
Roenes,3,0,3
Roenexino,3,0,3
Roeng,0,3,3
Röengelo,3,0,3
Roëngerick,3,0,3
Roëni,0,3,3
Roenik,3,0,3
Roenis,3,0,3
Roenish,3,0,3
Roenita,0,3,3
Roënly,3,0,3
Roènne,0,3,3
Roenolda,0,3,3
Roënsley,3,0,3
Roënt,3,0,3
Roentia,0,3,3
Roeny,0,3,3
Roepak,0,3,3
Roepali,0,3,3
Roepantie,0,3,3
Roepat,0,3,3
Roepati,3,0,3
Roepawatie,0,3,3
Roepech,3,0,3
Roepel,3,0,3
Roepes,3,0,3
Roepie,3,0,3
Roepinderkoemar,3,0,3
Roepinem,0,3,3
Roepis,3,0,3
Roepish,3,0,3
Roepkoemarie,0,3,3
Roepmalla,0,3,3
Roepmatie,0,3,3
Roepmawatie,0,3,3
Roepmini,0,3,3
Roepnerainsing,3,0,3
Roepsana,0,3,3
Roepshein,3,0,3
Roepsingh,3,0,3
Roeqajah,0,3,3
Roeqajja,0,3,3
Roeqayyah,0,3,3
Roeqsaar,0,3,3
Roerik,3,0,3
Roero,3,0,3
Roesa,0,3,3
Roësa,0,3,3
Roesalka,0,3,3
Roescha,0,3,3
Roesdi,3,0,3
Roesèl,0,3,3
Roeselien-Rosemonde,0,3,3
Roeselinde,0,3,3
Roeseline,0,3,3
Roesenie,0,3,3
Roësha,0,3,3
Roeshairro,3,0,3
Roeshalie,0,3,3
Roeshil,3,0,3
Roesiani,0,3,3
Roesinus,3,0,3
Roesiya,0,3,3
Roesj,3,0,3
Roesjdie,3,0,3
Roesje,0,3,3
Roeska,0,3,3
Roeslana,0,3,3
Roeslanovna,0,3,3
Roesmah,3,0,3
Roesmawaty,0,3,3
Roesmi,0,3,3
Roesmiatie,0,3,3
Roesmijantie,0,3,3
Roeso,3,0,3
Roessini,0,3,3
Roestamovna,0,3,3
Roestem,3,0,3
Roestini,0,3,3
Roeta,0,3,3
Roetger,3,0,3
Roetinah,0,3,3
Roetisha,0,3,3
Roetje,0,3,3
Roetschla,0,3,3
Roetsila,0,3,3
Roety,0,3,3
Roeven,3,0,3
Roevert,3,0,3
Roewaid,3,0,3
Roewandie,3,0,3
Roewayda,0,3,3
Roewel,3,0,3
Roewellson,3,0,3
Roewen,3,0,3
Roewet,0,3,3
Roewhen,3,0,3
Roewie,3,0,3
Roewin,3,0,3
Roewina,0,3,3
Roexanagatoen,0,3,3
Roëy,3,0,3
Roeydinjo,3,0,3
Roéysheny,0,3,3
Roezbeh,3,0,3
Roezien,0,3,3
Rofailly,3,0,3
Rofaldriënne,0,3,3
Rofanio,3,0,3
Rofaria,0,3,3
Rofaro,3,0,3
Rofeli,0,3,3
Rofensio,3,0,3
Rofer,3,0,3
Rofessa,3,0,3
Rofeyda,0,3,3
Roff,3,0,3
Roffa,3,0,3
Roffairo,3,0,3
Roffe,3,0,3
Roffela,0,3,3
Roffinho,3,0,3
Rofiejela,0,3,3
Rofin,3,0,3
Rofiqul,3,0,3
Rofna,0,3,3
Rofranko,3,0,3
Rofuno,3,0,3
Rofvèl,3,0,3
Rogá,0,3,3
Rogail,0,3,3
Rogailo,3,0,3
Rogaime,0,3,3
Rogairo,3,0,3
Rogald,3,0,3
Rogama,0,3,3
Rögan,3,0,3
Rogandie,3,0,3
Rogane,0,3,3
Rogani,0,3,3
Rogann,0,3,3
Róganne,0,3,3
Roganne,0,3,3
Rogans,3,0,3
Rogar,3,0,3
Rogard,3,0,3
Rogathus,3,0,3
Rogatiana,3,0,3
Rogatien,3,0,3
Rogato,3,0,3
Rogayle,3,0,3
Rogaziano,3,0,3
Rogċhee,3,0,3
Rogchiënne,3,0,3
Rogè,3,0,3
Rogé-Bian,3,0,3
Rogeanne,0,3,3
Rogee,3,0,3
Rogeeh,0,3,3
Rogèl,3,0,3
Rogel,3,0,3
Rogelee,3,0,3
Rogéline,0,3,3
Rogelique,0,3,3
Rogeljo,3,0,3
Rogelle,0,3,3
Rogelsingh,3,0,3
Rogely,3,0,3
Rogély,0,3,3
Rogen,3,0,3
Rogéna,0,3,3
Rogendrick,3,0,3
Rogéne,3,0,3
Rogène,3,0,3
Rogenely,0,3,3
Rogenia,0,3,3
Rogenio,3,0,3
Rogenlayna,0,3,3
Rogenlaynie,0,3,3
Rogenne,0,3,3
Rogenny,0,3,3
Rogeno,3,0,3
Rogensley,3,0,3
Rogensly,3,0,3
Rogentley,3,0,3
Rogeñtly,3,0,3
Rogeny,0,3,3
Ròger,3,0,3
Rogër,3,0,3
Roger-Armand,3,0,3
Roger-Dwight,3,0,3
Roger-Emilio,3,0,3
Roger-Gregory,3,0,3
Rogér-Mary,3,0,3
Rogéra,0,3,3
Rogerald,3,0,3
Rogerd,3,0,3
Rogeri,3,0,3
Rogèrio,3,0,3
Rogerline,0,3,3
Rogermar,3,0,3
Rogermo,3,0,3
Rogéro,3,0,3
Rogerremy,3,0,3
Rogery,3,0,3
Rogeryo,3,0,3
Rogge,3,0,3
Roggen,3,0,3
Roggerio,3,0,3
Roggeveen,0,3,3
Roggo,3,0,3
Roggus,3,0,3
Roggy,3,0,3
Roghair,3,0,3
Rogher,3,0,3
Rogheyno,3,0,3
Roghië,0,3,3
Roghiljo,3,0,3
Roghiyeh,0,3,3
Rogiani,3,0,3
Rogiano,3,0,3
Rogianson,3,0,3
Rogie,3,0,3
Rogiel,3,0,3
Rogièn,0,3,3
Rogiene,0,3,3
Rogier-Alexander,3,0,3
Rogier-Jan,3,0,3
Rogier-Marijn,3,0,3
Rogier-Paul,3,0,3
Rogiera,0,3,3
Rogière,0,3,3
Rogiëro,3,0,3
Rogiette,0,3,3
Rogiljo,3,0,3
Rogilliano,3,0,3
Rogillo,3,0,3
Rogimin,3,0,3
Rogin,0,3,3
Roginho,3,0,3
Roginnio,3,0,3
Roginrick,3,0,3
Roginus,3,0,3
Rogita,0,3,3
Rogman,3,0,3
Rogmat,3,0,3
Rognalda,0,3,3
Rogness,3,0,3
Rogombarka,3,0,3
Rogon,3,0,3
Rogor,3,0,3
Rogouillio,3,0,3
Rogrando,3,0,3
Rogrecia,0,3,3
Roguer,3,0,3
Roguèro,3,0,3
Roguiatou,0,3,3
Roguil,3,0,3
Roguill,3,0,3
Rogün,3,0,3
Rogunio,3,0,3
Rogus,3,0,3
Rogusa,0,3,3
Rogusta,0,3,3
Rogwell,3,0,3
Rogwencio,3,0,3
Rogyaer,3,0,3
Rogyéra,3,0,3
Rogyèra,3,0,3
Rohaam,3,0,3
Rohaat,0,3,3
Rohadie,3,0,3
Rohaeny,0,3,3
Rohaib,3,0,3
Rohaif,0,3,3
Rohail,3,0,3
Rohailey,0,3,3
Rohaim,3,0,3
Rohaina,0,3,3
Rohaindrick,3,0,3
Rohaine,0,3,3
Rohainey,0,3,3
Rohais,0,3,3
Rohaiv,0,3,3
Rohaja-Dewi,0,3,3
Rohal,3,0,3
Rohald-Jan,3,0,3
Rohán,3,0,3
Rohan-Agastya,3,0,3
Rohan-Mace,3,0,3
Rohancane,3,0,3
Rohandie,3,0,3
Rohane,3,0,3
Rohania,0,3,3
Rohankhan,3,0,3
Rohann,3,0,3
Rohannes,3,0,3
Rohanni,0,3,3
Rohanny,0,3,3
Rohany,0,3,3
Rohaya,0,3,3
Rohayani,0,3,3
Rohayndrick,3,0,3
Rohaysa,0,3,3
Rohdanio,3,0,3
Rohdey,0,3,3
Rohdie,3,0,3
Rohdrikus,3,0,3
Rohé,0,3,3
Roheed,3,0,3
Roheel,3,0,3
Roheena,0,3,3
Roheetaz,3,0,3
Rohelmi,0,3,3
Rohem,3,0,3
Róhen,3,0,3
Rohéna,0,3,3
Rohendley,3,0,3
Rohensley,3,0,3
Roheny,0,3,3
Rohetela,3,0,3
Rohfenly,0,3,3
Rohgegia,0,3,3
Rohid-vinish,3,0,3
Rohida,0,3,3
Rohidh,3,0,3
Rohiel,3,0,3
Rohiem,3,0,3
Rohiena,0,3,3
Rohietkhan,3,0,3
Rohietkoemar,3,0,3
Rohietroy,3,0,3
Rohila,0,3,3
Rohill,3,0,3
Rohillio,3,0,3
Rohinda,0,3,3
Rohinder,3,0,3
Rohinee,0,3,3
Rohineshpersad,3,0,3
Rohini-Devi,0,3,3
Rohinidewie,0,3,3
Rohiniedebie,0,3,3
Róhinton,3,0,3
Rohiny,0,3,3
Rohish,3,0,3
Rohisha,0,3,3
Rohitaaz,3,0,3
Rohith,3,0,3
Rohiyati,0,3,3
Rohlee,0,3,3
Rohlenzey,3,0,3
Rohmae,0,3,3
Rohmana,0,3,3
Rohmani,0,3,3
Rohmar,3,0,3
Rohmayla,0,3,3
Rohn,3,0,3
Rohnai,0,3,3
Rohnan,3,0,3
Rohnee,0,3,3
Rohnen,3,0,3
Rohnèn,3,0,3
Rohnie,0,3,3
Rohniedevi,0,3,3
Rohnny,3,0,3
Roholla,3,0,3
Rohosande,0,3,3
Rohrmann,3,0,3
Rohsan,3,0,3
Rohshar,3,0,3
Rohtraut,0,3,3
Rohuanna,0,3,3
Rohum,3,0,3
Rohwel,3,0,3
Rohwen,0,3,3
Rohwn,3,0,3
Rohyaim,3,0,3
Roí,3,0,3
Roì,3,0,3
Roï-Ann,0,3,3
Roïandra,0,3,3
Roibín,3,0,3
Roichan,3,0,3
Roïck,3,0,3
Roicy,3,0,3
Roid,3,0,3
Roido,0,3,3
Roidy,3,0,3
Roie,3,0,3
Roiena,0,3,3
Roïesha,0,3,3
Roieya,0,3,3
Roiheed,3,0,3
Roihied,3,0,3
Roija,0,3,3
Roijenso,3,0,3
Roïl,3,0,3
Róin,3,0,3
Roina,0,3,3
Roinah,0,3,3
Roïnda,0,3,3
Roinn,3,0,3
Roisa,0,3,3
Róise,0,3,3
Roisha,0,3,3
Roishar,3,0,3
Rōisīn,0,3,3
Ròisin,0,3,3
Roîsin,0,3,3
Roissin,0,3,3
Roiya,0,3,3
Roiyal,3,0,3
Roiz,3,0,3
Rojaen,0,3,3
Rojahnell,0,3,3
Rójahno,3,0,3
Rojailyson,3,0,3
Rojam,3,0,3
Rojãn,3,0,3
Rójan,3,0,3
Rojane,0,3,3
Rojaneo,3,0,3
Rojániël,3,0,3
Rojanny,0,3,3
Rojario,3,0,3
Rojarnello,3,0,3
Rojaryo,3,0,3
Rojayden,3,0,3
Rojaydy,0,3,3
Rojayli,0,3,3
Rojaylin,0,3,3
Rojayna,0,3,3
Rojaynairo,3,0,3
Rojaynick,3,0,3
Rojaynio,3,0,3
Rojaysly,3,0,3
Rojbanû,0,3,3
Rojbîn,0,3,3
Rojdi,3,0,3
Rojè,0,3,3
Rojeañio,3,0,3
Rojeannio,3,0,3
Rojeantly,3,0,3
Rojearo,3,0,3
Rojee,0,3,3
Rojeen,3,0,3
Rojeiro,3,0,3
Rojel,3,0,3
Rojela,0,3,3
Rojëlla,0,3,3
Rojella,0,3,3
Rojély,0,3,3
Rojena,0,3,3
Rojëndra,0,3,3
Rojendro,3,0,3
Rojéno,3,0,3
Rojensely,0,3,3
Rojenska,0,3,3
Rojera,0,3,3
Rojérah,0,3,3
Rojerit,3,0,3
Rojero,3,0,3
Rojeslien,0,3,3
Rojestellij,0,3,3
Rojevin,0,3,3
Rojeydriënne,0,3,3
Rojgul,0,3,3
Rojhad,3,0,3
Rojhan,3,0,3
Rojhelda,0,3,3
Rojhena,0,3,3
Rojien,0,3,3
Rojiëndry,3,0,3
Roĵin,0,3,3
Rójin,0,3,3
Rojin-Zara,0,3,3
Rojinda,0,3,3
Rojinder,3,0,3
Rojini,0,3,3
Rojiyan,0,3,3
Rojjin,0,3,3
Rojnarin,0,3,3
Rojon,3,0,3
Rojonhsa,0,3,3
Rojoxanna,0,3,3
Rojoy,3,0,3
Rojoya,0,3,3
Rojtah,0,3,3
Rojuette,0,3,3
Ròjuwell,3,0,3
Rojvan,3,0,3
Rojz,3,0,3
Rojza,0,3,3
Rokaija,0,3,3
Rokaino,3,0,3
Rokajah,0,3,3
Rokajja,0,3,3
Rokarja,0,3,3
Rokas,3,0,3
Rokay,3,0,3
Rokayya,0,3,3
Rokeje,0,3,3
Rokelina,0,3,3
Rokesje,0,3,3
Rokeya,0,3,3
Rokezina,0,3,3
Rokhan,3,0,3
Rokhshan,0,3,3
Rokiatou,0,3,3
Rokicha,0,3,3
Rokien,0,3,3
Rokin,3,0,3
Rokiya,0,3,3
Rokja,0,3,3
Rokkaia,0,3,3
Rokkea,0,3,3
Roks,3,0,3
Roksan,0,3,3
Roksienne,0,3,3
Roksita,0,3,3
Roksolana,0,3,3
Rokus-Willem,3,0,3
Rokusinus,3,0,3
Rolainy,0,3,3
Rolana,0,3,3
Rolance,3,0,3
Rolancelo,3,0,3
Rolancio,3,0,3
Roland-Alexander,3,0,3
Roland-Jon,3,0,3
Roland-Jos,3,0,3
Roland-Maarten,3,0,3
Roland-Pier,3,0,3
Rolandes,3,0,3
Rolandi,3,0,3
Rolandia,0,3,3
Rolandie,3,0,3
Rolandine,0,3,3
Rolandinho,3,0,3
Rolandino,3,0,3
Rolandis,0,3,3
Rolandje,0,3,3
Rolandsdochter,0,3,3
Rolandszoon,3,0,3
Rolante,0,3,3
Rolany,0,3,3
Rolard,3,0,3
Rolay,3,0,3
Rolayne,0,3,3
Rolayno,3,0,3
Rolaysy,0,3,3
Rolcis,3,0,3
Roldanus,3,0,3
Role,3,0,3
Roleandrick,3,0,3
Rolêda,0,3,3
Roleine,0,3,3
Rolekc,3,0,3
Rolemyson,3,0,3
Rolencio,3,0,3
Rolenie,0,3,3
Rolenka,0,3,3
Rolenstina,0,3,3
Rolenzo,3,0,3
Roleyen,0,3,3
Rölf,3,0,3
Rolf-Anton,3,0,3
Rolf-Arend,3,0,3
Rolf-Hans,3,0,3
Rolf-Martijn,3,0,3
Rolf-Oliver,3,0,3
Rolf-Otto,3,0,3
Rolf-Peter,3,0,3
Rolf-Pieter,3,0,3
Rolf-Roy,3,0,3
Rolfe,0,3,3
Rolfert,3,0,3
Rolffiena,0,3,3
Rolfhundus,3,0,3
Rolfje,3,0,3
Rolfo,3,0,3
Rolfo-Tom,3,0,3
Rolfoje,0,3,3
Rolhf,3,0,3
Roliandjeesherli,0,3,3
Roliannie,0,3,3
Rolico,3,0,3
Roliën,3,0,3
Rolienka,0,3,3
Rolijah,0,3,3
Rolijno,3,0,3
Rolik,3,0,3
Rolincha,0,3,3
Rolinda-Jacqueline,0,3,3
Rolindo,3,0,3
Roling,3,0,3
Rolinhio,3,0,3
Rolinn,0,3,3
Rolino,3,0,3
Rolique,0,3,3
Rolis,3,0,3
Rolisha,0,3,3
Rolisia,0,3,3
Rolitia,0,3,3
Rolitio,3,0,3
Rolius,3,0,3
Roliza,0,3,3
Rolizana,0,3,3
Rolla,0,3,3
Rollette,0,3,3
Rollia,0,3,3
Rollie,0,3,3
Rolliëne,3,0,3
Rolline,0,3,3
RolliNHCy,0,3,3
Rollins,3,0,3
Rollucia,0,3,3
Rolonba,0,3,3
Rolph-Hans,3,0,3
Rolphine,0,3,3
Rolphus,3,0,3
Rolt,0,3,3
Rolten,3,0,3
Roluc,0,3,3
Roluna,0,3,3
Rolva,0,3,3
Rolvin,3,0,3
Rolvo,3,0,3
Rolyanti,0,3,3
Rolyette,0,3,3
Rolyhans,3,0,3
Rolynn,0,3,3
Rolysen,3,0,3
Rolysha,0,3,3
Rolyson,3,0,3
Rôma-Ameeta-Devi,0,3,3
Roma-debi,0,3,3
Roma-Romana,0,3,3
Romaanagatoen,0,3,3
Romaanah,0,3,3
Romacharella,0,3,3
Romacintha,0,3,3
Romack,3,0,3
Romada,0,3,3
Romadevi,0,3,3
Romadoni,3,0,3
Romaé-Kyenno,3,0,3
Romaer,3,0,3
Romaesae,0,3,3
Romaessae,0,3,3
Romaeus,3,0,3
Romaéus,3,0,3
Romäeus,3,0,3
Romafio,3,0,3
Romagno,3,0,3
Romai,3,0,3
Romaica,0,3,3
Romaical,3,0,3
Romaicha,0,3,3
Romaidley,3,0,3
Romaigo,3,0,3
Romaiisa,0,3,3
Romaijsa,0,3,3
Romaila,0,3,3
Romaïla,0,3,3
Romailine,0,3,3
Romailio,3,0,3
Rómaily,3,0,3
Romailyno,3,0,3
Romaín,3,0,3
Romain-Antoine,3,0,3
Romainy,3,0,3
Romairen,3,0,3
Romaïriel,0,3,3
Romaïro,3,0,3
Romairon,3,0,3
Romaisa-Nora,0,3,3
Romaisáleigh,0,3,3
Romaise,0,3,3
Romäisha,0,3,3
Romaishely,0,3,3
Romaisia,0,3,3
Romaisilein,0,3,3
Romaisly,0,3,3
Romaisya,0,3,3
Romaiyla,0,3,3
Romaiysa,0,3,3
Romaizha,0,3,3
Romajra,0,3,3
Romala,0,3,3
Romaldis,0,3,3
Romaley,3,0,3
Romalicia,0,3,3
Romalina,0,3,3
Romalinidevi,0,3,3
Romalio,3,0,3
Ròmalique,3,0,3
Romalita,0,3,3
Romalo,3,0,3
Romalvio,3,0,3
Ròman,3,0,3
Romàn,3,0,3
Roman-Amor,3,0,3
Roman-Paul,3,0,3
Roman-Rae,3,0,3
Romana-Joëlle,0,3,3
Romancera,0,3,3
Romances,0,3,3
Romanchio,3,0,3
Romand,3,0,3
Romandan,3,0,3
Romandus,3,0,3
Romandya,0,3,3
Romanette,0,3,3
Romangely,0,3,3
Romãni,3,0,3
Romanick,0,3,3
Romaniello,3,0,3
Romanieta,0,3,3
Romanion,3,0,3
Romanius,3,0,3
Romanlinio,3,0,3
Romanne,0,3,3
Römanö,3,0,3
Romăno,3,0,3
Románo,3,0,3
Romano-Luciano,3,0,3
Romano-Raoul,3,0,3
Romanoff-John,3,0,3
Romanosingh,3,0,3
Romanov-Astrando,3,0,3
Romanova,0,3,3
Romanovitsj,3,0,3
Romanovska,0,3,3
Romansa,0,3,3
Romansah,3,0,3
Romanscha,0,3,3
Romanski,0,3,3
Romanta,0,3,3
Romante,0,3,3
Romantica,0,3,3
Romanu,3,0,3
Romanum,3,0,3
Rómany,0,3,3
Romanyà,0,3,3
Romanzha,0,3,3
Romanzia,0,3,3
Romanzio,3,0,3
Romao,3,0,3
Romão,3,0,3
Romaoric,3,0,3
Romàr,3,0,3
Romaray,0,3,3
Romarec,3,0,3
Romargil,3,0,3
Romarick,3,0,3
Romaricus,3,0,3
Romarijo,3,0,3
Romarik,3,0,3
Romarin,3,0,3
Romarique,3,0,3
Romarius,3,0,3
Romarley,3,0,3
Romarlion,3,0,3
Romarnix,3,0,3
Romarno,3,0,3
Romarshelson,3,0,3
Romasita,0,3,3
Romasya,0,3,3
Romattee,0,3,3
Romauldus,3,0,3
Romauli,0,3,3
Romax,3,0,3
Romaycia,0,3,3
Romayen,3,0,3
Romaylee,0,3,3
Romaylo,3,0,3
Romayno,3,0,3
Romayo,3,0,3
Romayren,3,0,3
Romayrho,3,0,3
Romayron,3,0,3
Romàysa,0,3,3
Romáysa,0,3,3
Romayshia,0,3,3
Romaysia,0,3,3
Romayson,3,0,3
Romayswendy,3,0,3
Rombald,3,0,3
Rombaldus,3,0,3
Romberto,3,0,3
Rombo,3,0,3
Rombrecht,3,0,3
Romcke,3,0,3
Rome-Jayden,3,0,3
Romé-Josanne,0,3,3
Rome-Lia,0,3,3
Romean,3,0,3
Romeance,3,0,3
Romeas,3,0,3
Romeayza,0,3,3
Romecha,0,3,3
Romechali,0,3,3
Romecia,0,3,3
Römeck,3,0,3
Romecy,0,3,3
Romeden,3,0,3
Roméé,0,3,3
Romée-Ellen,0,3,3
Romee-Jayden,3,0,3
Romeé-liyana,0,3,3
Romée-Rosalie,0,3,3
Romée-Sophie,0,3,3
Romees,3,0,3
Roméh,0,3,3
Romei,3,0,3
Romeijne,0,3,3
Romeijsa,0,3,3
Romeira,0,3,3
Romeisah,0,3,3
Romeiske,0,3,3
Romelcia,0,3,3
Romelea,0,3,3
Romèlese,0,3,3
Romélia,0,3,3
Romeliana,0,3,3
Roméliano,3,0,3
Romelicyo,3,0,3
Romelie,0,3,3
Romelien,0,3,3
Romeline,0,3,3
Romelisa,0,3,3
Roméll,3,0,3
Romellia,0,3,3
Romelot,0,3,3
Romelsia,0,3,3
Romelva,0,3,3
Romelviën,3,0,3
Romély,0,3,3
Romemello,3,0,3
Romenah,0,3,3
Romencia,0,3,3
Romeney,0,3,3
Romenieke,0,3,3
Romenio,3,0,3
Roménius,3,0,3
Roméno,3,0,3
Romeño,3,0,3
Romensia,0,3,3
Romently,3,0,3
Roménya,0,3,3
Romenya,0,3,3
Romenzo,3,0,3
Romëo,3,0,3
Romeó,3,0,3
Romeo-Angelo,3,0,3
Romeo-Armansio,3,0,3
Romeokumar,3,0,3
Romeon,3,0,3
Romeopersad,3,0,3
Romeq,3,0,3
Römer,0,3,3
Roméra,0,3,3
Romère,3,0,3
Romerein,0,3,3
Romerik,3,0,3
Romerito,3,0,3
Romerly,0,3,3
Romèro,3,0,3
Romers,3,0,3
Romérus,3,0,3
Romesaria,0,3,3
Romesy,0,3,3
Romesya,0,3,3
Rometha,0,3,3
Romeus,3,0,3
Roméy,0,3,3
Romey-Jane,0,3,3
Rómeycia,0,3,3
Romeyka,0,3,3
Romeylee,0,3,3
Romeylio,3,0,3
Romeylo,3,0,3
Romeysah,0,3,3
Romeyse,0,3,3
Romeyssae,0,3,3
Romeyza,0,3,3
Romhay,3,0,3
Romheld,3,0,3
Romi-Lynn,0,3,3
Romi-Marie,0,3,3
Romiaan,0,3,3
Romial,3,0,3
Romialus,3,0,3
Rómian,3,0,3
Romiann,0,3,3
Romianna,0,3,3
Romianthe,0,3,3
Romica,0,3,3
Romichael,3,0,3
Romida,0,3,3
Romidji,0,3,3
Romiela,0,3,3
Rómiela,0,3,3
Romiello,3,0,3
Romiellyano,3,0,3
Romièn,3,0,3
Romienjo,3,0,3
Romiënne,0,3,3
Romiënsa,0,3,3
Romiet,3,0,3
Romieu,0,3,3
Romijntje,0,3,3
Romiko,3,0,3
Romild,3,0,3
Romile,3,0,3
Romileigh,0,3,3
Romiley,0,3,3
Romilho,3,0,3
Romilian,3,0,3
Romiliano,3,0,3
Romiliho,3,0,3
Romilin,0,3,3
Romiliya,0,3,3
Romillia,0,3,3
Romillsha,0,3,3
Romillyo,3,0,3
Romilo,3,0,3
Romilon,3,0,3
Romilta,0,3,3
Romilynn,0,3,3
Rómina,0,3,3
Rominah,0,3,3
Rominailie,3,0,3
Rominaily,3,0,3
Rominca,0,3,3
Romincke,0,3,3
Rominde,0,3,3
Romindy,0,3,3
Rominée,0,3,3
Rominhio,3,0,3
Rominho,3,0,3
Rominiek,3,0,3
Rominink,3,0,3
Rominita,0,3,3
Rominka,0,3,3
Rominna,0,3,3
Rominya,0,3,3
Romios,3,0,3
Romirio,3,0,3
Romirto,3,0,3
Romisa,0,3,3
Romisah,0,3,3
Romischa,0,3,3
Romisjo,3,0,3
Romithan,3,0,3
Romius,3,0,3
Römke,3,0,3
Romke-Germ,3,0,3
Romke-Henk,3,0,3
Romke-Johan,3,0,3
Romkea,0,3,3
Romkelien,0,3,3
Romkelina,0,3,3
Romkie,0,3,3
Romkje-Grietje,0,3,3
Romkje-Marie,0,3,3
Romli,3,0,3
Rommaine,0,3,3
Rommaisha,0,3,3
Rommanie,0,3,3
Rommé,3,0,3
Rommello,3,0,3
Rommen,3,0,3
Rommeniek,3,0,3
Rommenique,0,3,3
Rommeny,3,0,3
Rommer,3,0,3
Rommerny,3,0,3
Rommert-Jan,3,0,3
Rommertje,0,3,3
Rommerts,3,0,3
Rommina,0,3,3
Romminique,0,3,3
Rommy-Jan,3,0,3
Romnaldo,3,0,3
Romnick,3,0,3
Romnoldus,3,0,3
Romoaldus,3,0,3
Romoldus,3,0,3
Romould,3,0,3
Romtam,3,0,3
Romualde,0,3,3
Romuella,0,3,3
Romulda,0,3,3
Romuldus,3,0,3
Romules,3,0,3
Romuliana,0,3,3
Romulio,3,0,3
Ròmulo,3,0,3
Romuoldus,3,0,3
Romus,3,0,3
Romuwalda,0,3,3
Romwel,3,0,3
Rômy,0,3,3
Ròmy,0,3,3
Romy-Aimee,0,3,3
Romy-Alexandra,0,3,3
Romy-Angèle,0,3,3
Romy-Betsie,0,3,3
Romy-Chanell,0,3,3
Romy-Charlotte,0,3,3
Romy-Day,0,3,3
Romy-Emma,0,3,3
Romy-Faye,0,3,3
Romy-Imân,0,3,3
Romy-Jay,0,3,3
Romy-Joëlle,0,3,3
Romy-Joy,0,3,3
Romy-Liano,3,0,3
Romy-Lisa,0,3,3
Romy-Luana,0,3,3
Romy-Malou,0,3,3
Romy-Maria,0,3,3
Romy-Marie,0,3,3
Romy-Milou,0,3,3
Romy-Racquel,0,3,3
Romy-Roos,0,3,3
Romy-Rosalie,0,3,3
Romy-Thu,0,3,3
Romyanti,0,3,3
Romyciano,3,0,3
Romyé,0,3,3
Romyella,0,3,3
Romyla,0,3,3
Romylde,0,3,3
Romylia,0,3,3
Romyliano,3,0,3
Romylie,0,3,3
Romylliano,3,0,3
Romyniek,0,3,3
Romynieke,0,3,3
Romynik,3,0,3
Romyrle,0,3,3
Romysae,0,3,3
Romyson,3,0,3
Romzi,3,0,3
Ron-Erik,3,0,3
Ron-Jee,3,0,3
Ron-Juan,3,0,3
Ron-Lee,3,0,3
Ron-Michel,3,0,3
Ron-Paul,3,0,3
Ron-Ron,3,0,3
Ron-Sebastiaan,3,0,3
Ròna,0,3,3
Rona-Rose,0,3,3
Rona-Sée,0,3,3
Ronaalt,3,0,3
Ronac,3,0,3
Ronaer,3,0,3
Ronaey,0,3,3
Ronaftely,0,3,3
Ronahî,3,0,3
Ronaiah,0,3,3
Ronaigel,3,0,3
Ronailisa,0,3,3
Ronailly-an,0,3,3
Ronailys,0,3,3
Ronaimy,0,3,3
Ronáin,3,0,3
Ronaïo,3,0,3
Ronaisa,0,3,3
Ronaisha,0,3,3
Ronaïsha,0,3,3
Ronaishelly,0,3,3
Ronaishely,0,3,3
Ronaisio,3,0,3
Ronaiska,0,3,3
Ronaitaly,0,3,3
Ronaiyah,0,3,3
Ronaki,0,3,3
Ronal,3,0,3
Ronalchio,3,0,3
Ronald-Dick,3,0,3
Ronald-Enríque,3,0,3
Ronald-Gerrit,3,0,3
Ronald-Hans,3,0,3
Ronald-John,3,0,3
Ronald-Louis,3,0,3
Ronald-Patrick,3,0,3
Ronald-Paul,3,0,3
Ronald-Pieter,3,0,3
Ronald-Walter,3,0,3
Ronald-Willem,3,0,3
Ronaldas,3,0,3
Ronalddino,3,0,3
Ronaldhinio,3,0,3
Ronaldho,3,0,3
Ronaldihno,3,0,3
Ronaldinhio,3,0,3
Ronaldiñho,3,0,3
Ronaldjoh,3,0,3
Ronaldos,3,0,3
Ronaldovitsj,3,0,3
Ronaldovna,0,3,3
Ronaldszoon,3,0,3
Ronaldt,3,0,3
Ronaldynio,3,0,3
Ronali,0,3,3
Ronalia,0,3,3
Ronaline,0,3,3
Ronalitsha,0,3,3
Ronalma,0,3,3
Ronalsio,3,0,3
Rònan,3,0,3
Rónàn,3,0,3
Ronande,0,3,3
Ronanes,3,0,3
Ronão,3,0,3
Ronaritza,0,3,3
Ronarviëne,3,0,3
Ronarwin,0,3,3
Ronate,0,3,3
Ronathan,3,0,3
Ronaut,3,0,3
Ronavhy,3,0,3
Ronaycha,0,3,3
Ronazynne,0,3,3
Ronbert,3,0,3
Roncalla,0,3,3
Roncalli,0,3,3
Roncherello,3,0,3
Roncliff,3,0,3
Rondão,3,0,3
Ronde,3,0,3
Rondelie,0,3,3
Rondell,3,0,3
Rondellie,0,3,3
Rondellson,3,0,3
Rondricus,3,0,3
Róne,3,0,3
Ronealle,0,3,3
Roneé,0,3,3
Roneel,0,3,3
Roneen,3,0,3
Roneesha,0,3,3
Roneide,0,3,3
Ronejlia,0,3,3
Ronël,3,0,3
Ronel-Giliam,3,0,3
Ronela,0,3,3
Ronelchery,0,3,3
Ronelcio,3,0,3
Ronelia,0,3,3
Ronèll,0,3,3
Ronellery,0,3,3
Ronelsyo,3,0,3
Ronelys,0,3,3
Ronemy,0,3,3
Ronenchelly,0,3,3
Roneo,3,0,3
Ronèro,3,0,3
Ronésha,0,3,3
Ronessa,0,3,3
Ronetta,0,3,3
Ronetto,3,0,3
Roneury,3,0,3
Roneydsi,3,0,3
Rongjié,3,0,3
Rongjie,3,0,3
Rongomai,3,0,3
Róngxìng,3,0,3
Roní,0,3,3
Rôni,3,0,3
Ronican,3,0,3
Ronicio,3,0,3
Ronicke,0,3,3
Ronîda,0,3,3
Roniece,0,3,3
Roniël,3,0,3
Roniëla,0,3,3
Roniels,3,0,3
Ronigel,3,0,3
Ronija,0,3,3
Ronijlee,0,3,3
Ronik,3,0,3
Ronilda,0,3,3
Ronilde,0,3,3
Ronilsen,3,0,3
Ronilson,3,0,3
Ronimia,0,3,3
Ronimus,3,0,3
Rōnin,3,0,3
Ronin-Alexander,3,0,3
Ronine,0,3,3
Roninka,0,3,3
Ronisio,3,0,3
Ronitha,0,3,3
Ronithsio,3,0,3
Roniwan,3,0,3
Ronixa,0,3,3
Roniza,0,3,3
Ronize,0,3,3
Ronja-Lisa,0,3,3
Ronjadjéndel,3,0,3
Ronjali,0,3,3
Ronjan,3,0,3
Ronkě,0,3,3
Ronkina,0,3,3
Ronley,3,0,3
Ronlie,3,0,3
Ronly,3,0,3
Ronmir,3,0,3
Ronmondo,3,0,3
Ronnaele,0,3,3
Ronnakorn,3,0,3
Ronnaldo,3,0,3
Ronnaldus,3,0,3
Ronne-Jan,3,0,3
Ronnee,0,3,3
Ronnell,3,0,3
Ronnette,0,3,3
Ronnia,0,3,3
Ronnie-Frie,3,0,3
Ronnie-Gerard,3,0,3
Ronnie-Marie,0,3,3
Ronniek,0,3,3
Ronnika,0,3,3
Ronniza,0,3,3
Ronnoah,3,0,3
Ronnveig,0,3,3
Ronny-Surinder,3,0,3
Ronnysha,0,3,3
Rono,3,0,3
Ronoa,3,0,3
Ronolo,3,0,3
Ronomi,0,3,3
Ronquillo,0,3,3
Ronray,3,0,3
Ronsard,3,0,3
Ronschau,3,0,3
Ronshanteley,0,3,3
Ronshellino,3,0,3
Ronshently,3,0,3
Ronske,0,3,3
Ronstadt,3,0,3
Rontina,0,3,3
Ronty,3,0,3
Ronualdus,3,0,3
Ronusha,0,3,3
Ronviënsly,3,0,3
Ronyalda,0,3,3
Ronyan,0,3,3
Ronylio,3,0,3
Ronyllio,3,0,3
Ronyo,3,0,3
Ronysha,0,3,3
Ronza,0,3,3
Roo-Anna,0,3,3
Roo-Line,0,3,3
Rooa,0,3,3
Roob,3,0,3
Rooban,3,0,3
Rooben,0,3,3
Roochann,0,3,3
Roocienne,0,3,3
Roodaba,0,3,3
Roodeisha,0,3,3
Rooderyck,3,0,3
Roodina,0,3,3
Roodvos,0,3,3
Roodwin,3,0,3
Rooger,3,0,3
Rooh,0,3,3
Roohan,3,0,3
Roohi,0,3,3
Roohoallah,3,0,3
Rooij,3,0,3
Rooj,3,0,3
Rookhia,0,3,3
Rookie,0,3,3
Rookina,0,3,3
Rooksie,0,3,3
Rooland,3,0,3
Roolanda,0,3,3
Rooltje,0,3,3
Rooma,0,3,3
Roomadebie,0,3,3
Roomers,3,0,3
Roomi,0,3,3
Roomin,3,0,3
Roomita,0,3,3
Roomy,0,3,3
Roomyla,0,3,3
Roonell,3,0,3
Roöni,3,0,3
Roonoël,0,3,3
Roonry,3,0,3
Roopchand,3,0,3
Roope,3,0,3
Roopesh-Rishaal,3,0,3
Roopeskumar,3,0,3
Roopini,0,3,3
Roopjot,0,3,3
Roopkumari,0,3,3
Rooplata,0,3,3
Roopnarain,3,0,3
Roopnathsingh,3,0,3
Roopvir,3,0,3
Roord,3,0,3
Roos-Aimee,0,3,3
Roos-Aline,0,3,3
Roos-ann,0,3,3
Roos-Ann,0,3,3
Roos-Anneke,0,3,3
Roos-Cato,0,3,3
Roos-Eden,0,3,3
Roos-Ella,0,3,3
Roos-Eloïze,0,3,3
Roos-Lie,0,3,3
Roos-lin,0,3,3
Roos-Marein,0,3,3
Roos-Maria,0,3,3
Roos-marie,0,3,3
Roos-Marij,0,3,3
Roos-marijn,0,3,3
Roos-Marijne,0,3,3
Roos-Marike,0,3,3
Roos-Marinthe,0,3,3
Roos-Maris,0,3,3
Roos-Mary,0,3,3
Roos-Noa,0,3,3
Roos-sofie,0,3,3
Roosa-Maria,0,3,3
Roosagelika,0,3,3
Roosalind,0,3,3
Roosalynn,0,3,3
Roosanaïs,0,3,3
Roosany,0,3,3
Roosarie,0,3,3
Rooschelle,0,3,3
Roosé,3,0,3
Roosebeeke,0,3,3
Roosel,0,3,3
Rooselia,0,3,3
Rooselijne,0,3,3
Rooselin,0,3,3
Rooselina,0,3,3
Rooselinde,0,3,3
Roosella,0,3,3
Roosemarije,0,3,3
Roosemiek,0,3,3
Roosemieke,0,3,3
Roosemijn,0,3,3
Roosen,0,3,3
Roosenmarijn,0,3,3
Roosette,0,3,3
Rooshadi,3,0,3
Rooshainy,0,3,3
Rooshanie,0,3,3
Rooshda,0,3,3
Rooshny,0,3,3
Roosiana,0,3,3
Roosie-belle,0,3,3
Roosiënne,0,3,3
Roosje-Anne,0,3,3
Roosje-Jane,0,3,3
Roosje-Minke,0,3,3
Roosli,0,3,3
Rooslian,0,3,3
Rooslinary,0,3,3
Rooslynde,0,3,3
Rooslynn,0,3,3
Roosmailine,0,3,3
Roosmala,0,3,3
Roosmalinde,0,3,3
Roosmare,0,3,3
Roosmari,0,3,3
Roosmariet,0,3,3
Roosmarijntje,0,3,3
Roosmarike,0,3,3
Roosmarinda,0,3,3
Roosmarit,0,3,3
Roosmarjanne,0,3,3
Roosmarry,0,3,3
Roosmaryke,0,3,3
Roosmeaty,0,3,3
Roosmeri,0,3,3
Roosmini,0,3,3
Roosminie,0,3,3
Roosmirre,0,3,3
Roosrita,0,3,3
Roossa,0,3,3
Roossalie,0,3,3
Roossana,0,3,3
Roossanne,0,3,3
Roossien,0,3,3
Roosswitha,0,3,3
Roostam,3,0,3
Rooswhita,0,3,3
Rooswiena,0,3,3
Roothaan,0,3,3
Rootzaira,0,3,3
Roowen,3,0,3
Rooya,0,3,3
Rooyke,3,0,3
Roozalie,0,3,3
Roozanne,0,3,3
Roozbeh,3,0,3
Rooze-Line,0,3,3
Roozemarijn,0,3,3
Roozie,0,3,3
Roozmaria,0,3,3
Roozs,0,3,3
Rophinaïly,0,3,3
Ropi,3,0,3
Ropina,0,3,3
Ropini,0,3,3
Roppo,3,0,3
Roqah,3,0,3
Roqaijagatoen,0,3,3
Roqaiya,0,3,3
Roqayyah,0,3,3
Roqeusio,3,0,3
Roqib,3,0,3
Roqja,0,3,3
Roqqiya,0,3,3
Roquan,3,0,3
Roquaya,0,3,3
Roqué,0,3,3
Roquelino,3,0,3
Roquelio,3,0,3
Roquelle,0,3,3
Roquenne,3,0,3
Roquenshley,3,0,3
Roquently,3,0,3
Roquerio,3,0,3
Roques-Rentes,3,0,3
Roquia,0,3,3
Roquil,3,0,3
Roquillio,3,0,3
Roquin,3,0,3
Roquincyo,3,0,3
Roquino,3,0,3
Roquisha,0,3,3
Roqwenxio,3,0,3
Roqzâna,0,3,3
Rora,0,3,3
Rorack,0,3,3
Roraily,3,0,3
Roraïma,0,3,3
Roraischa,0,3,3
Rorandy,3,0,3
Rorbertus,3,0,3
Rorcan,3,0,3
Rörd,3,0,3
Rördin,3,0,3
Rorensia,0,3,3
Rorenzo,3,0,3
Rorey-Leslie,3,0,3
Rorich,3,0,3
Rorika,0,3,3
Rorita,0,3,3
Roro,0,3,3
Rorrik,3,0,3
Rory-Steven,3,0,3
Roryan,3,0,3
Rorymay,0,3,3
Ros-Shanleny,0,3,3
Ròsa,0,3,3
Rosa'l,0,3,3
Rosa-Abeba,0,3,3
Rosa-Alba,0,3,3
Rosa-Alida,0,3,3
Rosa-Andrea,0,3,3
Rosa-Andriana,0,3,3
Rosa-Annelies,0,3,3
Rosa-Bella,0,3,3
Rosa-Belle,0,3,3
Rosa-Carmen,0,3,3
Rosa-Dina,0,3,3
Rosa-Diny,0,3,3
Rosa-Dulce,0,3,3
Rosa-Elena,0,3,3
Rosa-Eline,0,3,3
Rosa-Elle,0,3,3
Rosa-Faye,0,3,3
Rosa-Fileena,0,3,3
Rosa-Inez,0,3,3
Rosa-Iris,0,3,3
Rosa-Isabella,0,3,3
Rosa-Jeanne,0,3,3
Rosa-Jo,0,3,3
Rosa-Jolie,0,3,3
Rosa-lee,0,3,3
Rosa-Lente,0,3,3
Rosa-Li,0,3,3
Rosa-Lie,0,3,3
Rosa-Liekje,0,3,3
Rosa-Lies,0,3,3
Rosa-Lilly,0,3,3
Rosa-Line,0,3,3
Rosa-Lisa,0,3,3
Rosa-Lita,0,3,3
Rosa-Lize,0,3,3
Rosa-Lon,0,3,3
Rosa-Lotte,0,3,3
Rosa-Lucia,0,3,3
Rosa-Luz,0,3,3
Rosa-Lyne,0,3,3
Rosa-Mare,0,3,3
Rosa-Mari,0,3,3
Rosa-Marijne,0,3,3
Rosa-Marina,0,3,3
Rosa-Marlot,0,3,3
Rosa-Mary,0,3,3
Rosa-Mia,0,3,3
Rosa-Michelle,0,3,3
Rosa-Milly,0,3,3
Rosa-Mojica,3,0,3
Rosa-Nel,0,3,3
Rosa-Nina,0,3,3
Rosa-Noé,0,3,3
Rosa-Patrice,0,3,3
Rosa-Rose,0,3,3
Rosa-Sophia,0,3,3
Rosa-sophie,0,3,3
Rosa-Theadora,0,3,3
Rosa-Victoria,0,3,3
Rosa-Vida,0,3,3
Rosaaliyahna,0,3,3
Rosaan,3,0,3
Rosabé,0,3,3
Rosabertha,0,3,3
Rosabeth,0,3,3
Rosabettina,0,3,3
Rosaceae,0,3,3
Roşad,3,0,3
Rosadania,0,3,3
Rosadell,0,3,3
Rosadiene,0,3,3
Rosadilia,0,3,3
Rosadinde,0,3,3
Rosado,0,3,3
Rosaella,0,3,3
Rosaenne,0,3,3
Rosafeline,0,3,3
Rosafiena,0,3,3
Rosafiene,0,3,3
Rosafiere,0,3,3
Rosafin,0,3,3
Rosaflavia,0,3,3
Rosafleur,0,3,3
Rosaglia,0,3,3
Rosah-Ellen,0,3,3
Rosaherminia,0,3,3
Rosahilde,0,3,3
Rosahl,0,3,3
Rosahlynn,0,3,3
Rosaila,0,3,3
Rosaima,0,3,3
Rosaimee,0,3,3
Rosaina,0,3,3
Rosaini,0,3,3
Rosainis,0,3,3
Rosainqia,0,3,3
Rosaïro,3,0,3
Rosairo,3,0,3
Rosajulia,0,3,3
Rosakyra,0,3,3
Rosal,0,3,3
Rosalaya,0,3,3
Rosalayna,0,3,3
Rosaleah,0,3,3
Rosaleana,0,3,3
Rosalée,0,3,3
Rosaleentje,0,3,3
Rosaleida,0,3,3
Rosalene,0,3,3
Rosalh,0,3,3
Rosaliá,0,3,3
Rósalià,0,3,3
Rosália,0,3,3
Rosaliã,0,3,3
Rosaliane,0,3,3
Rósalie,0,3,3
Rosalié,0,3,3
Rosálie,0,3,3
Rosalie-Bo,0,3,3
Rosalie-Joan,0,3,3
Rosalie-Mariëlle,0,3,3
Rosalie-Noëlle,0,3,3
Rosaliecke,0,3,3
Rosalief,0,3,3
Rosaliënne,0,3,3
Rosalienne,0,3,3
Rosaliesje,0,3,3
Rosalieve,0,3,3
Rosalij,0,3,3
Rosalijntje,0,3,3
Rosalîn,0,3,3
Rosalinadevi,0,3,3
Rosalinah,0,3,3
Rosálinda,0,3,3
Rosaliné,0,3,3
Rosaline-Maelee,0,3,3
Rosalineke,0,3,3
Rosalini,0,3,3
Rosalino,3,0,3
Rosalise,0,3,3
Rosalito,3,0,3
Rosalitta,0,3,3
Rosaliz,0,3,3
Rosalize,0,3,3
Rosalla,3,0,3
Rosalli,0,3,3
Rosally,0,3,3
Rosalnia,0,3,3
Rosalot,0,3,3
Rosalou,0,3,3
Rosalta,0,3,3
Rosalus,3,0,3
Rosaluz,0,3,3
Rosalvo,3,0,3
Rosaly-Ann,0,3,3
Rosaly-Anne,0,3,3
Rosalye,0,3,3
Rosalynda,0,3,3
Rosalynn-Eva,0,3,3
Rosalyta,0,3,3
Rosam,0,3,3
Rosamara,0,3,3
Rosamare,0,3,3
Rosamarie-Joanna,0,3,3
Rosamarieke,0,3,3
Rosamarij,0,3,3
Rosamaryn,0,3,3
Rosamé,0,3,3
Rosamind,0,3,3
Rosamint,0,3,3
Rosaminta,0,3,3
Rosamore,0,3,3
Rosanchia,0,3,3
Rosando,3,0,3
Rosanelle,0,3,3
Rosanellys,0,3,3
Rosanette,0,3,3
Rosange-Michèle,0,3,3
Rosângela,0,3,3
Rosangelica,0,3,3
Rosani,0,3,3
Rosania,0,3,3
Rosanie,0,3,3
Rosanio,3,0,3
Rosanïs,0,3,3
Rosanitha,0,3,3
Rosanjé,0,3,3
Rosanke,0,3,3
Rosankoemar,3,0,3
Rosanli,0,3,3
Rosannagatoen,0,3,3
Rosänne,0,3,3
Rosanne-Elise,0,3,3
Rosanne-Hendrika,0,3,3
Rosanne-Reinilda,0,3,3
Rosanne-Renee,0,3,3
Rosannette,0,3,3
Rosannie,0,3,3
Rosanny,3,0,3
Rosanore,0,3,3
Rosanta,0,3,3
Rosantelly,0,3,3
Rosanthalie,0,3,3
Rosanthy,0,3,3
Rosany,0,3,3
Rosaphina,0,3,3
Rosarah,0,3,3
Rosardo,3,0,3
Rosardus,3,0,3
Rosária,0,3,3
Rosarian,0,3,3
Rosariantely,0,3,3
Rosariet,0,3,3
Rosarifati,0,3,3
Rosariï,0,3,3
Rosarii,0,3,3
Rosarina,0,3,3
Rósario,3,0,3
Rosarió,3,0,3
Rosario-Miguel,3,0,3
Rosarios,0,3,3
Rosarito,3,0,3
Rosarny,0,3,3
Rosasharn,0,3,3
Rosasita,0,3,3
Rosata,0,3,3
Rosatina,0,3,3
Rosaury,0,3,3
Rosavie,0,3,3
Rosay,0,3,3
Rosayro,3,0,3
Roscam,3,0,3
Roscana,0,3,3
Roschan,3,0,3
Roschano,3,0,3
Röschen,0,3,3
Roschen,3,0,3
Roscio,3,0,3
Rosda,0,3,3
Roşda,0,3,3
Rosdailys,0,3,3
Rosdóm,3,0,3
Rosdy,3,0,3
Rosè,0,3,3
Róse,0,3,3
Rose'ella,0,3,3
Rose-alice,0,3,3
Rose-Aliyah,0,3,3
Rose-Alyne,0,3,3
Rose-Amor,0,3,3
Rose-An,0,3,3
Rose-Angelique,0,3,3
Rose-ann,0,3,3
Rose-Belle,0,3,3
Rose-Celynne,0,3,3
Rose-Charlotte,0,3,3
Rose-Clare,0,3,3
Rose-Dina,0,3,3
Rose-Elise,0,3,3
Rose-Elle,0,3,3
Rose-Ellen,0,3,3
Rose-Hélena,0,3,3
Rose-Indy,0,3,3
Rose-Jenn,0,3,3
Rose-Joanne,0,3,3
Rose-Johanna,0,3,3
Rose-Kimberley,0,3,3
Rose-Leigh,0,3,3
Rose-Lieke,0,3,3
Rose-lin,0,3,3
Rose-Linda,0,3,3
Rose-Line,0,3,3
Rose-Linn,0,3,3
Rose-Lotte,0,3,3
Rose-Louise,0,3,3
Rose-Lyn,0,3,3
Rose-lynn,0,3,3
Rose-Madelon,0,3,3
Rose-Maj,0,3,3
Rose-maline,0,3,3
Rose-Mareine,0,3,3
Rose-Marente,0,3,3
Rose-Margien,0,3,3
Rose-Marié,0,3,3
Rose-Mariëlle,0,3,3
Rose-Marietje,0,3,3
Rose-Marijke,0,3,3
Rose-Marique,0,3,3
Rose-mary,0,3,3
Rose-Mary-Ann,0,3,3
Rose-Marya,0,3,3
Rose-Maryn,0,3,3
Rose-Melianne,0,3,3
Rose-Mery,0,3,3
Rose-Minke,0,3,3
Rose-Mirte,0,3,3
Rose-Nella,0,3,3
Rose-Shaiyen,0,3,3
Rose-shawn,3,0,3
Rose-Vaiana,0,3,3
Rose-Wendy,0,3,3
Rose-Wina,0,3,3
Rose-Zara,0,3,3
Roséane,0,3,3
Roseane,0,3,3
Roseangelika,0,3,3
Roseanne-Maria,0,3,3
Roseanny,0,3,3
Roseau,3,0,3
Rosebel,0,3,3
Rosebelen,3,0,3
Rosebette,0,3,3
Rosebud,0,3,3
Roséchaily,0,3,3
Rosedarling,0,3,3
Rosedebie,0,3,3
Rosedely,0,3,3
Rosefie,0,3,3
Rosefiene,0,3,3
Rosefiere,0,3,3
Rosehenda,0,3,3
Roseida,0,3,3
Roseies,0,3,3
Roseiny,0,3,3
Roseke,0,3,3
Roselaine,0,3,3
Roselandia,0,3,3
Roselba,0,3,3
Roseleen,0,3,3
Roselenda,0,3,3
Roselene,0,3,3
Roseley,0,3,3
Roselienkoemarie,0,3,3
Roselientje,0,3,3
Roseligue,0,3,3
Roséline,0,3,3
Roselinia,0,3,3
Roseliqué,0,3,3
Roselisa,0,3,3
Roselius,3,0,3
Roselke,0,3,3
Rösell,0,3,3
Rosellie,0,3,3
Rosellina,0,3,3
Rosellini,0,3,3
Rosellio,3,0,3
Rosellyn,0,3,3
Roselo,3,0,3
Rosemaije,0,3,3
Rosémailhy,0,3,3
Rosemally,0,3,3
Rosemareine,0,3,3
Rosemarèl,0,3,3
Rosemarianne,0,3,3
RoseMarie,0,3,3
Rosemarina,0,3,3
Rosemary-Collinda,0,3,3
Rosemary-Jane,0,3,3
Rosemaryann,0,3,3
Rosemay,0,3,3
Rosember,3,0,3
Rosemee,0,3,3
Rosemerinde-Anna,0,3,3
Rosemerlijn,0,3,3
Rosemi,0,3,3
Rosemiel,0,3,3
Rosemien,0,3,3
Rosemieq,0,3,3
Rosemilia,0,3,3
Roseminah,0,3,3
Rosemint,0,3,3
Rosemon,0,3,3
Rosèn,3,0,3
Rosena,0,3,3
Rosendra,0,3,3
Rosendri,3,0,3
Roseney,0,3,3
Roseni,0,3,3
Rosenia,0,3,3
Roseniet,0,3,3
Rosenilda,0,3,3
Rosenita,0,3,3
Rosenite,0,3,3
Rosenmarie,0,3,3
Rosenn,0,3,3
Rosenna-Madelène,0,3,3
Roseño,3,0,3
Roseny,0,3,3
Rosenza,0,3,3
Rosephiene,0,3,3
Rosephya,0,3,3
Rosér,0,3,3
Roserah,0,3,3
Rosergeni,0,3,3
Rosergio,3,0,3
Roseriekje,0,3,3
Roserra,0,3,3
Rosertha,0,3,3
Rosesanne,0,3,3
Rosesheri,0,3,3
Rosesien,0,3,3
Rosesuënne,0,3,3
Roseta,0,3,3
Rosetha,0,3,3
Rosetje,0,3,3
Rosetly,0,3,3
Rosetty,0,3,3
Rosevi,0,3,3
Roseviënne,0,3,3
Rosevilla,0,3,3
Rosewieta,0,3,3
Rosewil,0,3,3
Rosewinthe,0,3,3
Rosey-Aenne,0,3,3
Rosey-Claire,0,3,3
Roseyla,0,3,3
Rósha,0,3,3
Roshad,3,0,3
Roshaeda-Maekaeyly,0,3,3
Roshaedrick,3,0,3
Roshaen,0,3,3
Roshaenuël,3,0,3
Roshaeny,0,3,3
Roshailiyen,0,3,3
Roshainley,0,3,3
Roshaira,0,3,3
Roshaley,0,3,3
Roshalia,0,3,3
Roshalina,0,3,3
Roshalini,0,3,3
Roshalita,0,3,3
Roshaly,0,3,3
Roshan-Khan,3,0,3
Roshanalie,0,3,3
Roshanand,3,0,3
Roshanay,0,3,3
Roshanayra,0,3,3
Roshandi,3,0,3
Roshandien,3,0,3
Roshandrew,3,0,3
Roshandrick,3,0,3
Roshanely,0,3,3
Roshaniedevie,0,3,3
Roshankoemer,3,0,3
Roshann,0,3,3
Roshannah,0,3,3
Roshanpersad,3,0,3
Roshantany,0,3,3
Roshantay,0,3,3
Roshanteny,0,3,3
Roshantly,0,3,3
Rosharmi,0,3,3
Rosharon,0,3,3
Rosharteley,0,3,3
Roshat,3,0,3
Roshatley,3,0,3
Roshaugn,3,0,3
Roshaydien,3,0,3
Roshaylen,3,0,3
Roshayne,3,0,3
Roshaynie,0,3,3
Roshayno,3,0,3
Roshayo,3,0,3
Roshbin,0,3,3
Roshdy,3,0,3
Roshé,3,0,3
Roshea,3,0,3
Rosheandely,0,3,3
Rosheanthly,3,0,3
Roshedy,3,0,3
Rosheema,0,3,3
Rosheena-Johanna,0,3,3
Rosheida,0,3,3
Rosheilly,0,3,3
Rosheily,0,3,3
Rosheina,0,3,3
Rosheinny,0,3,3
Roshelainy,0,3,3
Roshelda,0,3,3
Rosheley,0,3,3
Rosheli,0,3,3
Roshély,0,3,3
Roshelyn,0,3,3
Roshèn,3,0,3
Roshenca,0,3,3
Roshenda,0,3,3
Roshendaly,3,0,3
Roshendel,3,0,3
Roshendely,0,3,3
Roshenderly,3,0,3
Roshendly,3,0,3
Roshendo,3,0,3
Roshendrik,3,0,3
Roshendro,3,0,3
Roshenny,0,3,3
Roshenteli,0,3,3
Roshentlie,3,0,3
Roshento,3,0,3
Roshero,3,0,3
Rosheva,0,3,3
Rosheydion,3,0,3
Roshhat,3,0,3
Roshiano,3,0,3
Roshida,0,3,3
Roshie,0,3,3
Roshiek,3,0,3
Roshielle,0,3,3
Roshiëlle,0,3,3
Roshien,0,3,3
Roshiendro,3,0,3
Roshika,0,3,3
Roshila,0,3,3
Roshilo,3,0,3
Roshiloh,3,0,3
Roshilton,3,0,3
Roshindra,3,0,3
Roshiniedevi,0,3,3
Roshino,3,0,3
Roshinta,0,3,3
Roshiny,0,3,3
Roshiq,3,0,3
Roshir,3,0,3
Roshito,3,0,3
Roshiva,0,3,3
Roshjealyn,0,3,3
Roshka,0,3,3
Roshmana,0,3,3
Roshmiza,0,3,3
Roshn,3,0,3
Roshnaia,0,3,3
Roshnaily,0,3,3
Roshnee,0,3,3
Roshni-Anuradhadevi,0,3,3
Roshni-Dewi,0,3,3
Roshni-Rekha,0,3,3
Roshnidebie,0,3,3
Roshnidevie,0,3,3
Roshnie-Devi,0,3,3
Roshnie-Sendhia,0,3,3
Roshniedevie,0,3,3
Roshnikumari,0,3,3
Roshnikumarie,0,3,3
Róshón,3,0,3
Roshuanë,0,3,3
Roshue,3,0,3
Roshurhengelo,3,0,3
Roshuriongerick,3,0,3
Roshvan,3,0,3
Roshvin,3,0,3
Roshvitadevi,0,3,3
Roshwath,3,0,3
Roshwintha,0,3,3
Roshyano,3,0,3
Roshyl,0,3,3
Roshylaine,0,3,3
Roshyna,0,3,3
Roshyno,3,0,3
Roshyon,3,0,3
Rosía,0,3,3
Rosialda,0,3,3
Rosiani,0,3,3
Rosianti,0,3,3
Rosiati,0,3,3
Rosidie,0,3,3
Rosië-ann,0,3,3
Rosie-Mae,0,3,3
Rosiedha,0,3,3
Rosièhenca,0,3,3
Rosiëla,0,3,3
Rosielijn,0,3,3
Rosiëlla,0,3,3
Rosienna,0,3,3
Rosienne,0,3,3
Rosiënnely,0,3,3
Rosiér,3,0,3
Rosiet,0,3,3
Rosietta,0,3,3
Rosifa,0,3,3
Rosighio,3,0,3
Rosijani,0,3,3
Rosijanti,0,3,3
Rosijantie,0,3,3
Rosikristie,0,3,3
Rosilee,0,3,3
Rosilei,0,3,3
Rosilene,0,3,3
Rosili,0,3,3
Rosim,0,3,3
Rosima,0,3,3
Rosimé,0,3,3
Rosimson,3,0,3
Rosina-Jo,0,3,3
Rosina-Marie,0,3,3
Rosinagatoen,0,3,3
Rosinakoemarie,0,3,3
Rosinalde,0,3,3
Rosinde,0,3,3
Rosineide,0,3,3
Rosinem,0,3,3
Rosinette,0,3,3
Rosinie,0,3,3
Rosiniëlla,0,3,3
Rosinio,3,0,3
Rosinja,0,3,3
Rosino,3,0,3
Rosinski,3,0,3
Rosintha,0,3,3
Rosinu,3,0,3
Rosiro,3,0,3
Rosisella,0,3,3
Ròsita,0,3,3
Rositá,0,3,3
Rosita-Aya,0,3,3
Rosita-Jennifer,0,3,3
Rosita-Merith,0,3,3
Rositadevi,0,3,3
Rositadewie,0,3,3
Rositah,0,3,3
Rosite,0,3,3
Rositto,3,0,3
Rositza,0,3,3
Rosiyantie,0,3,3
Rosj,3,0,3
Rosjad,3,0,3
Rosjanne,0,3,3
Rosjano,3,0,3
Rosjariah,0,3,3
Rosje,3,0,3
Rosjenvio,3,0,3
Rosjgar,3,0,3
Rosjien,0,3,3
Roskartini,0,3,3
Rosleyn,0,3,3
Rosli,3,0,3
Rösli,0,3,3
Röslij,0,3,3
Roslijn,0,3,3
Roslîn,0,3,3
Roslinde,0,3,3
Rosmaily,0,3,3
Rosmaria,0,3,3
Rosmarije,0,3,3
Rosmarijntje,0,3,3
Rosmarlin,0,3,3
Rosmary,0,3,3
Rosmaryn,0,3,3
Rosmawati,0,3,3
Rosmaya,0,3,3
Rosmeily,0,3,3
Rosmeiry,0,3,3
Rosmeldri,0,3,3
Rosmenda,0,3,3
Rosmerijn,0,3,3
Rosmerta,0,3,3
Rosmiel,0,3,3
Rosmilda,0,3,3
Rosmin,0,3,3
Rosminah,0,3,3
Rosmunda,0,3,3
Roşna,0,3,3
Rosne,3,0,3
Rosneidy,0,3,3
Rosnerys,0,3,3
Rosniedebie,0,3,3
Rosnij,0,3,3
Rosny,0,3,3
Rosöula,0,3,3
Rospita,0,3,3
Rosquiony,0,3,3
Ross-Aäron,3,0,3
Rossah,0,3,3
Rossainy,0,3,3
Rossakil,3,0,3
Rossalia,0,3,3
Rossalie,0,3,3
Rossaline,0,3,3
Rossalini,0,3,3
Rossalino,3,0,3
Rossalyn,0,3,3
Rossana-Maria,0,3,3
Rossane,0,3,3
Rossanno,3,0,3
Rossato,0,3,3
Rossaynie,0,3,3
Rossé,0,3,3
Rosseau,3,0,3
Rossèl,0,3,3
Rossela,0,3,3
Rosseley,0,3,3
Rosselina,0,3,3
Rossell,3,0,3
Rosselle,0,3,3
Rosseniedebie,0,3,3
Rosshalde,0,3,3
Rossidy,3,0,3
Rossie,3,0,3
Rossiëro,3,0,3
Rossilio,3,0,3
Rossinidevie,0,3,3
Rossino,3,0,3
Rossio,3,0,3
Rossito,3,0,3
Rossli,3,0,3
Rossman,0,3,3
Rossney,3,0,3
Rossol,0,3,3
Rossouw,3,0,3
Rossvita,0,3,3
Rostak,0,3,3
Rostariëio,3,0,3
Rostella,0,3,3
Roster,3,0,3
Rostia,0,3,3
Rostina,0,3,3
Rostinem,0,3,3
Rostislavov,3,0,3
Rostislavovich,3,0,3
Rostislaw,3,0,3
Roston,3,0,3
Rosu,0,3,3
Rosuënne,0,3,3
Rösula,0,3,3
Rósula,0,3,3
Roswald,3,0,3
Roswhinta,0,3,3
Roswiet,0,3,3
Roswin,3,0,3
Roswina,0,3,3
Roswitka,0,3,3
Roswitta,0,3,3
Rosy-Jo,0,3,3
Rosyadi,0,3,3
Rosyalina,0,3,3
Rosyani,0,3,3
Rosyenne,0,3,3
Rosyla,0,3,3
Rosymarijn,0,3,3
Rosyna,0,3,3
Rosyne,0,3,3
Rosza,0,3,3
Roszi,0,3,3
Roszica,0,3,3
Roszikà,0,3,3
Rósziká,0,3,3
Roszwitha,0,3,3
Rota,0,3,3
Rotalia,0,3,3
Rotana,0,3,3
Rötgert,3,0,3
Rotgertdina,0,3,3
Rothaly,0,3,3
Rothardus,3,0,3
Rothel,3,0,3
Rothley,3,0,3
Rothni,3,0,3
Rotich,3,0,3
Rotijne,3,0,3
Rotimmy,3,0,3
Rotinah,0,3,3
Rotinio,3,0,3
Rotino,3,0,3
Rotinus,3,0,3
Rotjanio,3,0,3
Rotno,3,0,3
Rotrude,0,3,3
Rotrudis,0,3,3
Rotz,3,0,3
Rou'chainnelhey,0,3,3
Rou'shyeëlis,0,3,3
Rouá,0,3,3
Rouaia,0,3,3
Ròuane,3,0,3
Rouanne,0,3,3
Rouaydah,0,3,3
Rouazna,0,3,3
Roubaba,0,3,3
Rouban,3,0,3
Roubèn,3,0,3
Roubert,3,0,3
Roubèrt,3,0,3
Roubertha,0,3,3
Rouberys,0,3,3
Roubeyn,0,3,3
Roubiena,0,3,3
Roubina,0,3,3
Rouce,3,0,3
Roucelley,0,3,3
Roucellon,3,0,3
Roucha,0,3,3
Rouchalie,0,3,3
Rouchâma,0,3,3
Rouchamma,0,3,3
Rouchan,3,0,3
Rouchano,3,0,3
Rouchee,3,0,3
Rouchel,3,0,3
Rouchèle,0,3,3
Rouchen,3,0,3
Roucheng,3,0,3
Rouchéveli,0,3,3
Rouchiel,3,0,3
Rouchil,3,0,3
Rouchshana,0,3,3
Roudabeh,0,3,3
Roudeina,0,3,3
Roudenia,0,3,3
Roudeyna,0,3,3
Roudiënne,3,0,3
Roudijna,0,3,3
Roudile,3,0,3
Roudoin,3,0,3
Roudolf,3,0,3
Roudolph,3,0,3
Roueja,0,3,3
Roüel,3,0,3
Rouelius,3,0,3
Rouèll,3,0,3
Rouell,3,0,3
Rouëll,3,0,3
Rouëlla,0,3,3
Rouella,0,3,3
Rouellana,0,3,3
Rouën,3,0,3
Rouena,0,3,3
Rouenak,0,3,3
Rouengelly,0,3,3
Rouëthan,3,0,3
Rouex,3,0,3
Roufayl,0,3,3
Roufeda,0,3,3
Roufeyda,0,3,3
Roufyda,0,3,3
Rougaya,0,3,3
Rougayatou,0,3,3
Rougel,3,0,3
Rough,3,0,3
Roughanne,0,3,3
Roughsaar,0,3,3
Rougie,0,3,3
Rougshaar,0,3,3
Rouhan,3,0,3
Rouhangiz,0,3,3
Rouhen,0,3,3
Rouhid,3,0,3
Rouhine,0,3,3
Rouhlla,3,0,3
Rouhollah,3,0,3
Rouhphardi,3,0,3
Rouhsif,3,0,3
Rouhui,0,3,3
Rouicha,0,3,3
Rouís,3,0,3
Rouisha,0,3,3
Rouissa,0,3,3
Rouizaoro,3,0,3
Roujenau,3,0,3
Roujin,0,3,3
Roujine,0,3,3
Roujing,0,3,3
Roukairo,3,0,3
Roukan,3,0,3
Roukayya,0,3,3
Rouke-Rink,3,0,3
Roukeya,0,3,3
Roukiya,0,3,3
Roukmini,0,3,3
Rouland,3,0,3
Roulande,0,3,3
Roulen,3,0,3
Roulf,3,0,3
Róulia,0,3,3
Roulina,0,3,3
Rouline,0,3,3
Roulla,0,3,3
Roullette,0,3,3
Roullie,0,3,3
Roulofina,0,3,3
Roulvina,0,3,3
Roumaïsa,0,3,3
Roumaldus,3,0,3
Roumano,3,0,3
Roumaya,0,3,3
Roumaynne,0,3,3
Roumbasa,0,3,3
Roumé,0,3,3
Roumer,3,0,3
Roumesa,0,3,3
Roumeysah,0,3,3
Roumisa,0,3,3
Roumysa,0,3,3
Rounailey,3,0,3
Rounaldus,3,0,3
Rounath,3,0,3
Rounina,0,3,3
Rounne,0,3,3
Rouny,3,0,3
Roupina,0,3,3
Rouqayya,0,3,3
Rouqeya,0,3,3
Rouqqaya,0,3,3
Rouqsaar,0,3,3
Rouqsannah,0,3,3
Rouquaya,0,3,3
Rouqya,0,3,3
Rouqzaar,0,3,3
Rousan,3,0,3
Rousanne,0,3,3
Rouscha,0,3,3
Rouselle,0,3,3
Rousha,0,3,3
Roushana,0,3,3
Roushanali,3,0,3
Roushdi,3,0,3
Roushel,3,0,3
Roushen,3,0,3
Roushén,3,0,3
Roushiana,0,3,3
Roushil,3,0,3
Roushkmaila,0,3,3
Roushony,3,0,3
Rousjan,3,0,3
Rousni,0,3,3
Roussi,0,3,3
Routh,0,3,3
Rouv,3,0,3
Rouvan,3,0,3
Rouvènne,3,0,3
Rouwaïda,0,3,3
Rouwaijda,0,3,3
Rouwan,3,0,3
Rouwaydah,0,3,3
Rouwd,0,3,3
Rouwda,0,3,3
Rouwdy,3,0,3
Rouwel,3,0,3
Rouxe,0,3,3
Rouyanne,0,3,3
Rouza,0,3,3
Rouzayna,0,3,3
Rouzhyar,3,0,3
Rouzyfebrie,3,0,3
Rov,3,0,3
Rovahrin,3,0,3
Rovailo,3,0,3
Rovaincio,3,0,3
Rovaino,3,0,3
Rovainolee,3,0,3
Rovaintelly,0,3,3
Rovaïnyson,3,0,3
Rovaira,0,3,3
Rovairo,3,0,3
Rovalinhio,3,0,3
Rovalino,3,0,3
Rovalinyo,3,0,3
Rovalyn,0,3,3
Rovaney,3,0,3
Rovaneyo,3,0,3
Rovangelo,3,0,3
Rovani,3,0,3
Rovanie,3,0,3
Rovanio,3,0,3
Rovanishia,0,3,3
Rovanna,0,3,3
Rovanney,3,0,3
Rovaro,3,0,3
Rovaya,0,3,3
Rovayno,3,0,3
Rove,3,0,3
Rovea,0,3,3
Roveda,0,3,3
Roveena,0,3,3
Roveina,0,3,3
Rovelio,3,0,3
Rovelion,3,0,3
Roven,3,0,3
Rovençio,3,0,3
Rovendyellin,0,3,3
Rovenshelo,3,0,3
Rovensia,0,3,3
Rovensley,3,0,3
Rovenzio,3,0,3
Roverio,3,0,3
Roverna,0,3,3
Rovernio,3,0,3
Roversie,0,3,3
Rovert,3,0,3
Rovesh,3,0,3
Rovian,3,0,3
Roviana,0,3,3
Roviani,3,0,3
Rovianick,3,0,3
Roviany,0,3,3
Rovick,3,0,3
Roviëlle,0,3,3
Roviëlly,0,3,3
Roviëna,0,3,3
Roviënah,0,3,3
Roviendry,3,0,3
Roviëngely,0,3,3
Rovienna,0,3,3
Roviënska,0,3,3
Roviensly,3,0,3
Roviënteley,0,3,3
Roviëntley,3,0,3
Roviëntly,3,0,3
Roviëny,0,3,3
Roviero,3,0,3
Roviëtte,0,3,3
Rovijanemy,0,3,3
Rovil,3,0,3
Rovilinia,0,3,3
Rovince,3,0,3
Rovinga,0,3,3
Rovinia,0,3,3
Rovino,3,0,3
Rovinö,3,0,3
Rovinyo,3,0,3
Rovir,3,0,3
Rovita,0,3,3
Roviz,3,0,3
Rovonia,0,3,3
Rovshanoglu,3,0,3
Rovy,3,0,3
Rovya,0,3,3
Rovyano,3,0,3
Rovyar,3,0,3
Rovyenne,3,0,3
Row-Ayhan,3,0,3
Rowaana,0,3,3
Rowaen,3,0,3
Rowaeny,0,3,3
Rowahr,0,3,3
Rowaidah,0,3,3
Rowaila,0,3,3
Rowaincia,0,3,3
Rowainey,0,3,3
Rowainy,3,0,3
Rowaja,0,3,3
Rowân,3,0,3
Rowàn,3,0,3
Rowan-Ewout,3,0,3
Rowan-Ishaan,3,0,3
Rowan-Niels,3,0,3
Rowan-Quinten,3,0,3
Rowan-Stefan,3,0,3
Rowandie,3,0,3
Rowandle,3,0,3
Rowandro,3,0,3
Rowandy,3,0,3
Rowanie,0,3,3
Rowanja,0,3,3
Rowansley,3,0,3
Rowantie,0,3,3
Rowar,3,0,3
Rowasha,0,3,3
Roway,3,0,3
Rowayleigh,0,3,3
Rowayno,3,0,3
Rowby,3,0,3
Rowchen,3,0,3
Rowdanne,0,3,3
Rowdelys,0,3,3
Rowdie,3,0,3
Rowdon,3,0,3
Rowê,3,0,3
Rowe-Anne,0,3,3
Roweana,0,3,3
Rowedah,0,3,3
Roweed,3,0,3
Roweëna,0,3,3
Roweeny,0,3,3
Roweeta,0,3,3
Rowëgo,3,0,3
Rowèll,3,0,3
Rowellio,3,0,3
Rowelly,0,3,3
Rowelska,0,3,3
Rowén,3,0,3
Röwen,0,3,3
Rowen-Layngeleyon,3,0,3
Rowëna,0,3,3
Röwena,0,3,3
Rowena-Priscilla,0,3,3
Rowenaly,0,3,3
Röwencia,0,3,3
Rowencilla,0,3,3
Rowencis,3,0,3
Rowendall,3,0,3
Rowendel,3,0,3
Rowendela,0,3,3
Rowendly,3,0,3
Rowendrich,3,0,3
Rowendrick,3,0,3
Rowendriëd,3,0,3
Rowendrik,3,0,3
Rowendryck,3,0,3
Rowendy,3,0,3
Rowene,0,3,3
Rowenè,0,3,3
Rowengelo,3,0,3
Rowengely,3,0,3
Rowenie,0,3,3
Rowenlayngely,0,3,3
Rowenn,0,3,3
Rowennah,0,3,3
Rowëno,3,0,3
Rowensa,0,3,3
Rowènshell,3,0,3
Rowenthony,3,0,3
Rowentlly,3,0,3
Rowently,3,0,3
Roweva,0,3,3
Roweyda,0,3,3
Roweyna,0,3,3
Rowfayl,0,3,3
Rowhald,3,0,3
Rowhana,0,3,3
Rowhen,3,0,3
Rowhena,0,3,3
Rowhita,0,3,3
Rowianzo,3,0,3
Rowice,3,0,3
Rowick,3,0,3
Rowida,0,3,3
Rowidja,0,3,3
Rowie-Ann,0,3,3
Rowienadebi,0,3,3
Rowiesjoe,3,0,3
Rowiet,0,3,3
Rowieta,0,3,3
Rowij,0,3,3
Rowijano,3,0,3
Rowijnus,3,0,3
Rowilda,0,3,3
Rowill,3,0,3
Rowilyo,3,0,3
Rowim,3,0,3
Rowin-Jessie,3,0,3
Rowinci,0,3,3
Rowindath,3,0,3
Rowindre,3,0,3
Rowindy,3,0,3
Rowinelynn,0,3,3
Rowini,0,3,3
Rowinja,0,3,3
Rowintha,0,3,3
Rowiny,0,3,3
Rowish,3,0,3
Rowishadevi,0,3,3
Rowith,3,0,3
Rowiya,0,3,3
Rowlove,3,0,3
Rowly,3,0,3
Rowmano,3,0,3
Rownan,3,0,3
Rowney,0,3,3
Rowsen,3,0,3
Rowshan,3,0,3
Rowshaun,3,0,3
Rowshayna,0,3,3
Rowshonara,0,3,3
Rowshuan,3,0,3
Rowsnie,0,3,3
Rowwaida,0,3,3
Rowyani,3,0,3
Rowyda,0,3,3
Rowyna,0,3,3
Rowyz,3,0,3
Rox-Ann,0,3,3
Rox-Anne,0,3,3
Rox-Sanne,0,3,3
Rox-Sheidy,0,3,3
Roxaindro,3,0,3
Roxainne,0,3,3
Roxali,0,3,3
Roxalvin,3,0,3
Roxàn,0,3,3
Röxana,0,3,3
Roxander,3,0,3
Roxandra,0,3,3
Roxáne,0,3,3
Roxanel,3,0,3
Roxanen,0,3,3
Roxànn,0,3,3
Roxannah,0,3,3
Roxànne,0,3,3
Roxánne,0,3,3
Roxanne-Meredith,0,3,3
Roxanne-Romana,0,3,3
Roxano,3,0,3
Roxant,0,3,3
Roxantely,0,3,3
Roxburgh,3,0,3
Roxcana,0,3,3
Roxcane,0,3,3
Roxcelly,0,3,3
Roxcianty,0,3,3
Roxdenshely,0,3,3
Roxeàn,0,3,3
Roxeane,0,3,3
Roxelana,0,3,3
Roxelène,0,3,3
Roxell,0,3,3
Roxellane,0,3,3
Roxén,0,3,3
Roxendy,3,0,3
Roxénna,0,3,3
Roxesuenemarie,0,3,3
Roxetta,0,3,3
Roxgina,0,3,3
Roxhana,0,3,3
Roxiana,0,3,3
Roxianna,0,3,3
Roxime,0,3,3
Roxin,0,3,3
Roxinayra,0,3,3
Roxindy,0,3,3
Roxmiëdy,0,3,3
Roxo,0,3,3
Roxolan,0,3,3
Roxs,0,3,3
Roxsaar,0,3,3
Roxsairah,0,3,3
Roxsalande,0,3,3
Roxsan,0,3,3
Roxsane,0,3,3
Roxsenn,0,3,3
Roxshanara,0,3,3
Roxshanna,0,3,3
Roxsi,0,3,3
Roxsjana,0,3,3
Roxsy,0,3,3
Roxx-Heather,0,3,3
Roxxana,0,3,3
Roxxanna,0,3,3
Roxxanne,0,3,3
Roxxe,0,3,3
Roxxèm,0,3,3
Roxxenna,0,3,3
Roxxi,0,3,3
Roxxiomarah,0,3,3
Roxy-Amber,0,3,3
Roxy-Ann,0,3,3
Roxy-Joy,0,3,3
Roxy-Rosa,0,3,3
Roxy-Vienna,0,3,3
Roxym,0,3,3
Roxyo-rhoaz,3,0,3
Roxzana,0,3,3
Roxzäne,0,3,3
Roxzenna,0,3,3
Röy,3,0,3
Roy'shean,3,0,3
Roy-Aldwin,3,0,3
Roy-Alexander,3,0,3
Roy-Awinish-Rishi,3,0,3
Roy-Bastiaan,3,0,3
Roy-Brian,3,0,3
Roy-Christiaan,3,0,3
Roy-Christian,3,0,3
Roy-Duncan,3,0,3
Roy-eduard,3,0,3
Roy-Elliot,3,0,3
Roy-George,3,0,3
Roy-J,3,0,3
Roy-Matthieu,3,0,3
Roy-miller,3,0,3
Roy-Mitchell,3,0,3
Roy-Nick,3,0,3
Roy-Peter,3,0,3
Roy-Richard,3,0,3
Roy-shane,3,0,3
Roy-Tristan,3,0,3
Roy-Veliñio,3,0,3
Roya-tun-Noor,0,3,3
Royaard,3,0,3
Royaela,0,3,3
Royainis,0,3,3
Royal-Daimon,3,0,3
Royal-Prince,3,0,3
Royal-Princeton,3,0,3
Royal-Sarai,0,3,3
Royaleigh,0,3,3
Royalene,0,3,3
Royaley,0,3,3
Royallynn,0,3,3
Royaltino,3,0,3
Royalynn,0,3,3
Royandell,3,0,3
Royangelo,3,0,3
Royannes,3,0,3
Royanni,0,3,3
Royannus,3,0,3
Royansa,0,3,3
Royanti,0,3,3
Royantina,0,3,3
Royantine,0,3,3
Royar,3,0,3
Roycardinho,3,0,3
Royce-Lee,3,0,3
Royce-Philippe,3,0,3
Royce-Ryan,3,0,3
Roycel,3,0,3
Roycen,3,0,3
Roychang,0,3,3
Roychcia,0,3,3
Roychelle,0,3,3
Roychester,3,0,3
Roycke,3,0,3
Roydan,3,0,3
Royden,3,0,3
Roydencio,3,0,3
Roydi,3,0,3
Roydie,3,0,3
Roydon,3,0,3
Royé,3,0,3
Royeanthli,3,0,3
Royed,3,0,3
Royeed,3,0,3
Royeileigh,0,3,3
Royèla,0,3,3
Royeleigh,0,3,3
Royëll,3,0,3
Royellio,3,0,3
Royèm,0,3,3
Royena,0,3,3
Royendry,3,0,3
Royenne,0,3,3
Royensly,3,0,3
Royenthly,3,0,3
Royergo,3,0,3
Royes-Marie,0,3,3
Royesh,3,0,3
Royesha,0,3,3
Roygenello,3,0,3
Roygill,3,0,3
Royhan,3,0,3
Royie,3,0,3
Royjan,0,3,3
Royjano,3,0,3
Royjomâre,3,0,3
Roylee,3,0,3
Royleene,0,3,3
Royley,3,0,3
Roymen,3,0,3
Roymin,3,0,3
Roynaicio,3,0,3
Roynaldo,3,0,3
Roynel,3,0,3
Roynelson,3,0,3
Royny,0,3,3
Royo,3,0,3
Royse,3,0,3
Roysel,3,0,3
Roysen,3,0,3
Royshana,0,3,3
Royshantely,0,3,3
Royshelin,0,3,3
Royshin,3,0,3
Roysin,3,0,3
Roystone,3,0,3
Roytaas,3,0,3
Roythai,3,0,3
Royvison,3,0,3
Roywinn,3,0,3
Royyan,3,0,3
Royyes,0,3,3
Royz,3,0,3
Róża,0,3,3
Rôza,0,3,3
Roza-Jean,0,3,3
Roza-Lien,0,3,3
Roza-Linda,0,3,3
Roza-Linde,0,3,3
Roza-Marie,0,3,3
Roza-Minke,0,3,3
Rozaan,0,3,3
Rozador,0,3,3
Rozae,0,3,3
Rozaen,0,3,3
Rozafa,0,3,3
Rozafina,0,3,3
Rozahley,0,3,3
Rozaine,0,3,3
Rozairies,0,3,3
Rozairo,3,0,3
Rozál,0,3,3
Rozala,0,3,3
Rozaléa,0,3,3
Rozalena,0,3,3
Rozales,0,3,3
Rozaley,0,3,3
Rózália,0,3,3
Rozàlia,0,3,3
Rozália-Rachel,0,3,3
Rozalientje,0,3,3
Rozalind,0,3,3
Rozalinus,3,0,3
Rozalka,0,3,3
Rozalu,0,3,3
Rozamare,0,3,3
Rozamaria,0,3,3
Rozamarinde,0,3,3
Rozamaryn,0,3,3
Rozamina,0,3,3
Rozamirl,0,3,3
Rozamonda,0,3,3
Rozamund,0,3,3
Rozamunden,0,3,3
Rozamundus,3,0,3
Rozán,3,0,3
Rozanah,0,3,3
Rozanette,0,3,3
Rozann,0,3,3
Rozanneke,0,3,3
Rozanny,0,3,3
Rozara,0,3,3
Rozarian,0,3,3
Rozarius,3,0,3
Rozarya,0,3,3
Rozayden,3,0,3
Rozayna,0,3,3
Róze,0,3,3
Roze-Claire,0,3,3
Roze-Lisa,0,3,3
Roze-Mara,0,3,3
Roze-Mare,0,3,3
Roze-maria,0,3,3
Roze-marijn,0,3,3
Roze-Yadie,0,3,3
Rozea,0,3,3
Rozebelle,0,3,3
Rozee,3,0,3
Rozeena,0,3,3
Rozefie,0,3,3
Rozefiena,0,3,3
Rozegina,0,3,3
Rozelief,0,3,3
Rozeliena,0,3,3
Rozelijne,0,3,3
Rozèlin,0,3,3
Rozelinn,0,3,3
Rozell,0,3,3
Rozello,3,0,3
Rozely,0,3,3
Rozelya,0,3,3
Rozelynde,0,3,3
Rozelyne,0,3,3
Rozemaar,0,3,3
Rozemanda,0,3,3
Rozemara,0,3,3
Rozemareine,0,3,3
Rozemareintje,0,3,3
Rozemarhijn,0,3,3
Rozemarie-Ann,0,3,3
Rozemarina,0,3,3
Rozemarleen,0,3,3
Rozemarlin,0,3,3
Rozemein,0,3,3
Rozemie,0,3,3
Rozemiek,0,3,3
Rozemijne,0,3,3
Rozemillar,3,0,3
Rozemint,0,3,3
Rozeminte,0,3,3
Rozemonde,0,3,3
Rozemund,0,3,3
Rozenali,3,0,3
Rozenite,0,3,3
Rozènka,0,3,3
Rozera,0,3,3
Rozeri,0,3,3
Rozerieke,0,3,3
Rozerijn,0,3,3
Rozêrîn,0,3,3
Rozerna,0,3,3
Rozerood,0,3,3
Rozes,3,0,3
Rozéta,0,3,3
Rozetti,0,3,3
Rozewied,0,3,3
Rozewina,0,3,3
Rozewitha,0,3,3
Rozhano,3,0,3
Rozhawa,0,3,3
Rozhyar,3,0,3
Rozian,0,3,3
Rozienat,0,3,3
Rozientje,0,3,3
Rozienus,3,0,3
Rozila,0,3,3
Rozinda,0,3,3
Rozingh,3,0,3
Rozinho,3,0,3
Rozinio,3,0,3
Rozita-Nan,0,3,3
Rozitha,0,3,3
Rozj,3,0,3
Rozjair,0,3,3
Rozjina,0,3,3
Rozl,0,3,3
Rozma,0,3,3
Rozna,0,3,3
Rozonda,0,3,3
Rozwhita,0,3,3
Rrached,3,0,3
Rrezarta,0,3,3
Rrezon,3,0,3
Rrustem,3,0,3
Rryn,0,3,3
Rsha,0,3,3
Rshaart,3,0,3
Rshaeyley,0,3,3
Rshilo,3,0,3
Rstefano,3,0,3
Ru'Jaylin,0,3,3
Ru'nashtaly,0,3,3
Ru'Vensheney,0,3,3
Ru-ann,0,3,3
Ru-Bin,3,0,3
Rü-chainny,0,3,3
Rü-Cheanrique,3,0,3
Ru-Dayne,3,0,3
Ru-dolf,3,0,3
Ru-enzo,3,0,3
Ru-Guillaume,3,0,3
Ru-Jean,3,0,3
Ru-Justin,3,0,3
Ru-Lion,3,0,3
Ru-Zjénely,0,3,3
Ruaa,0,3,3
Ruad,3,0,3
Ruadi,0,3,3
Ruaël,3,0,3
Ruagel,3,0,3
Ruaida,0,3,3
Ruaingany,0,3,3
Ruainsley,3,0,3
Ruaira,0,3,3
Ruairdh,3,0,3
Ruairí,3,0,3
Ruairidh,3,0,3
Rüald,3,0,3
Ruan-an-qi,0,3,3
Ruan-gely,0,3,3
Ruandé,3,0,3
Ruandhry,3,0,3
Ruandïnho,3,0,3
Ruandson,3,0,3
Ruandy,3,0,3
Ruangelly,0,3,3
Ruangelo,3,0,3
Ruangsa,3,0,3
Ruanito,3,0,3
Ruanjo,3,0,3
Ruanno,3,0,3
Ruanny,0,3,3
Ruansley,3,0,3
Ruantley,3,0,3
Ruar,3,0,3
Ruaraidh,3,0,3
Ruarda,0,3,3
Ruardy,3,0,3
Ruarí,3,0,3
Ruarke,3,0,3
Ruash,3,0,3
Ruatha,3,0,3
Ruathan,3,0,3
Ruayden,3,0,3
Rubäb,0,3,3
Rubaba,0,3,3
Rubain,3,0,3
Rubaiya,0,3,3
Rubaiya-banu,0,3,3
Ruban,3,0,3
Rubanza,3,0,3
Rubara,3,0,3
Rubarin,0,3,3
Rubarius,3,0,3
Rubas,3,0,3
Rubayati,0,3,3
Rubayee,0,3,3
Rubayiza,3,0,3
Rubaz,3,0,3
Rubbaba,0,3,3
Rubbama,0,3,3
Rubben,3,0,3
Rúbe,3,0,3
Rubeesa,0,3,3
Rubeina,0,3,3
Rubeine,0,3,3
Rubem,3,0,3
Rùben,3,0,3
Rúben,3,0,3
RuBen,3,0,3
Ruben-Alexander,3,0,3
Ruben-Antoon,3,0,3
Ruben-Arie,3,0,3
Ruben-Frank,3,0,3
Ruben-Gerrit,3,0,3
Ruben-Güner,3,0,3
Rubén-Jaden,3,0,3
Ruben-Jaïr,3,0,3
Ruben-Jay,3,0,3
Ruben-Jonathan,3,0,3
Ruben-Kristian,3,0,3
Ruben-Laurens,3,0,3
Ruben-Paul,3,0,3
Ruben-Pieter,3,0,3
Ruben-Ramón,3,0,3
Ruben-Rens,3,0,3
Ruben-Rik,3,0,3
Ruben-Sam,3,0,3
Ruben-Wilfrido,3,0,3
Rubenhart,3,0,3
Rubenice,0,3,3
Rubénio,3,0,3
Rubenio,3,0,3
Rubenito,3,0,3
Rubensdochter,0,3,3
Rubenson,3,0,3
Rubenszoon,3,0,3
Rubentus,3,0,3
Rubenz,3,0,3
Ruber,3,0,3
Ruberdine,0,3,3
Rubèrt,3,0,3
Rübert,3,0,3
Rubert-Jan,3,0,3
Rubertina,0,3,3
Rubertine,0,3,3
Rübes,3,0,3
Rubet,3,0,3
Rubette,0,3,3
Rubeyyi,0,3,3
Rubhen,3,0,3
Rúbi,0,3,3
Rúbia,0,3,3
Rubiána,0,3,3
Rubianca,0,3,3
Rubianicka,0,3,3
Rubianie,0,3,3
Rubianti,0,3,3
Rubianus,3,0,3
Rubiati,0,3,3
Rubicon,3,0,3
Rubidoro,0,3,3
Rubieëne,0,3,3
Rubiela,0,3,3
Rubiëla,0,3,3
Rubiell,3,0,3
Rubiëlle,0,3,3
Rubïen,0,3,3
Rubiëngelo,3,0,3
Rubiënska,0,3,3
Rubiëtte,0,3,3
Rubiga,0,3,3
Rubigo,3,0,3
Rubij,0,3,3
Rubij-Ann,0,3,3
Rubik,3,0,3
Rubikem,0,3,3
Rubilin,0,3,3
Rubilita,0,3,3
Rubilla,0,3,3
Rubim,0,3,3
Rubín,3,0,3
Rûbina,0,3,3
Rubinder,0,3,3
Rubinell,3,0,3
Rubinella,0,3,3
Rubineth,0,3,3
Rubini,0,3,3
Rubiniana,0,3,3
Rubinie,0,3,3
Rubinka,0,3,3
Rubinoor,0,3,3
Rubinov,3,0,3
Rubinus,3,0,3
Rübio,3,0,3
Rubion,3,0,3
Rubirosa,0,3,3
Rubis,3,0,3
Rubiska,0,3,3
Rubito,3,0,3
Rubiyenne,0,3,3
Rubo,3,0,3
Ruboda,0,3,3
Rubras,3,0,3
Rubuen,3,0,3
Rubun,3,0,3
Rubunn,3,0,3
Ruburt,3,0,3
Ruby-An,0,3,3
Ruby-ann,0,3,3
Ruby-Anna,0,3,3
Ruby-Anne,0,3,3
Ruby-Blyss,0,3,3
Ruby-Carmen,0,3,3
Ruby-Faye,0,3,3
Ruby-Jade,0,3,3
Ruby-Janno,3,0,3
Ruby-Joe,0,3,3
Ruby-Leigh,0,3,3
Ruby-Lemae,0,3,3
Ruby-Lin,0,3,3
Ruby-Lizz,0,3,3
Ruby-Mae,0,3,3
Ruby-mae,0,3,3
Ruby-Maé,0,3,3
Ruby-Nora,0,3,3
Ruby-Rose,0,3,3
Ruby-Sem,0,3,3
Ruby-Thérèse,0,3,3
Ruby-Yairha,0,3,3
Rubyanti,0,3,3
RubyDee,0,3,3
Rubyella,0,3,3
Rubyen,3,0,3
Rubyiënna,0,3,3
Rubylynn,0,3,3
Rubymary,0,3,3
Rubyña,0,3,3
Rubynah,0,3,3
Rubynel,3,0,3
Rubyño,3,0,3
Ruca,3,0,3
Ruçan,0,3,3
Rucarcieël,0,3,3
Rucarlo,3,0,3
Rucarsel,3,0,3
Rucayatu,0,3,3
Rucciani,0,3,3
Ruccio,3,0,3
Rucelle,0,3,3
Ruçentney,3,0,3
Rucha,0,3,3
Ruchailey,0,3,3
Ruchaily,0,3,3
Rüchainey,0,3,3
Ruchaino,3,0,3
Ruchainy,0,3,3
Ruchalien,0,3,3
Ruchâm,3,0,3
Rüchan,3,0,3
Ruchana,0,3,3
Ruçhanefe,3,0,3
Ruchano,3,0,3
Ruchar,3,0,3
Ruchayno,3,0,3
Ruchdi,3,0,3
Ruche,0,3,3
Ruchebrecht,3,0,3
Rucheira,0,3,3
Rucheldo,3,0,3
Rucheldy,3,0,3
Ruchelene,0,3,3
Ruchell,3,0,3
Ruchëlly,0,3,3
Ruchèn,3,0,3
Ruchën,3,0,3
Rüchen,3,0,3
Ruchendell,3,0,3
Ruchendly,3,0,3
Ruchendrick,3,0,3
Ruchendrik,3,0,3
Ruchenka,0,3,3
Ruchenna,0,3,3
Rucheno,3,0,3
Rucheny,0,3,3
Rucheriël,3,0,3
Ruchero,3,0,3
Rucheviën,3,0,3
Ruchevison,3,0,3
Ruchiany,0,3,3
Ruchiel,3,0,3
Ruchiently,3,0,3
Ruchier,3,0,3
Ruchila,0,3,3
Ruchill,3,0,3
Ruchillé,0,3,3
Ruchimijulia,0,3,3
Ruchino,3,0,3
Ruchla,0,3,3
Ruchmahaili,0,3,3
Ruchnela,0,3,3
Ruchshana,0,3,3
Ruchwin,3,0,3
Ruchyat,3,0,3
Ruciara,0,3,3
Rucielinio,3,0,3
Ruciëlla,0,3,3
Ruciënne,0,3,3
Ruciranana,0,3,3
Ruckshaan,3,0,3
Rucky,0,3,3
Rud-djairo,3,0,3
Rudainah,0,3,3
Rudaineley,0,3,3
Rudainshel,3,0,3
Rudalphina,0,3,3
Rudaly,0,3,3
Rudanio,3,0,3
Rudansholo,3,0,3
Rudar,3,0,3
Rudavina,0,3,3
Rudayn,0,3,3
Rudayne,3,0,3
Rudcene,0,3,3
Rûdcha,0,3,3
Rudchainy,0,3,3
Rudchella,0,3,3
Rudchendley,3,0,3
Rudchensson,3,0,3
Rudchjana,0,3,3
Ruddfine,0,3,3
Ruddie,3,0,3
Ruddij,3,0,3
Rudecha,0,3,3
Rudéla,0,3,3
Rudelfita,0,3,3
Rudelise,0,3,3
Rudell,0,3,3
Rudello,3,0,3
Rudemir,3,0,3
Rùdena,0,3,3
Rudenchyömar,3,0,3
Rudennis,3,0,3
Rudensel,3,0,3
Rudenshelo,3,0,3
Rudenz,3,0,3
Rudeon,3,0,3
Ruderían,3,0,3
Ruderica,0,3,3
Ruderik,3,0,3
Rudert,3,0,3
Rudescka,0,3,3
Rudesely,0,3,3
Rudesh,3,0,3
Rudeshia,0,3,3
Rudesia,0,3,3
Rudesindo,3,0,3
Rudewal,3,0,3
Rudexca,0,3,3
Rudfield,3,0,3
Rudgard,3,0,3
Rudger-Jan,3,0,3
Rudgera,0,3,3
Rudgeres,3,0,3
Rudgerio,3,0,3
Rüdgiger,3,0,3
Rudhinio,3,0,3
Rudhir,3,0,3
Rudhira,0,3,3
Rudholphus,3,0,3
Rudhr,3,0,3
Rudhradew,3,0,3
Rudhrāni,0,3,3
Rudhrani,0,3,3
Rudhya,3,0,3
RuDi,3,0,3
Rudi-Maria,0,3,3
Rudiah,0,3,3
Rudiara,0,3,3
Rudiekoemar,3,0,3
Rudiella,0,3,3
Rudien,0,3,3
Rudiena,0,3,3
Rudiëne,0,3,3
Rudiënne,0,3,3
Rudiët,0,3,3
Rudihanna,0,3,3
Rudïja,3,0,3
Rudijan,0,3,3
Rudika,0,3,3
Rudinart,3,0,3
Rudineke,0,3,3
Rudinelle,0,3,3
Rudineyo,3,0,3
Rudiñho,3,0,3
Rudinia,0,3,3
Rudinio,3,0,3
Rudinus,3,0,3
Rudion,3,0,3
Rudirick,3,0,3
Rudirki,3,0,3
Rudise,0,3,3
Rudison,3,0,3
Rudith-Marije,0,3,3
Rudiva,0,3,3
Rudiwald,3,0,3
Rudiyana,0,3,3
Rudiz,0,3,3
Rudjana,0,3,3
Rúdjano,3,0,3
Rudjen,3,0,3
Rudjene,0,3,3
Rudjer,3,0,3
Rudjerdainely,0,3,3
Rudjerdealy,0,3,3
Rudjernely,0,3,3
Rudkea,0,3,3
Rudlin,3,0,3
Rudmari,0,3,3
Rudmér,3,0,3
Rudmer-Fokke,3,0,3
Rudmila,0,3,3
Rudnailliënne,0,3,3
Rúdo,3,0,3
Rŭdolf,3,0,3
Rudolf-Alexander,3,0,3
Rudolf-Arent,3,0,3
Rudolf-Arie,3,0,3
Rudolf-Jacob,3,0,3
Rudolf-Marcel,3,0,3
Rudolf-Peter,3,0,3
Rudolf-Simon,3,0,3
Rudolf-Sjoerd,3,0,3
Rudolfdina,0,3,3
Rudolffina,0,3,3
Rudolfhina,0,3,3
Rudolfi,3,0,3
Rudolfie,0,3,3
Rudolfiene,0,3,3
Rudolfietje,0,3,3
Rudolfinus,3,0,3
Rudolfovich,3,0,3
Rudolfovna,0,3,3
Rudolfphina,0,3,3
Rudolfszoon,3,0,3
Rudolhp,3,0,3
Rudollfus,3,0,3
Rudolpe,3,0,3
Rudolpfus,3,0,3
Rudolph-Jan,3,0,3
Rudolphas,3,0,3
Rudolphera,0,3,3
Rudolphi,3,0,3
Rudolphinio,3,0,3
Rudolphje,0,3,3
Rudolves,3,0,3
Rudomar,3,0,3
Rudon,3,0,3
Rudow,3,0,3
Rudrá,3,0,3
Rudradeva,3,0,3
Rudraé,3,0,3
Rudrah,3,0,3
Rudràhdhaam,3,0,3
Rudraj,3,0,3
Rudrakshani,0,3,3
Rudrakshi,0,3,3
Rudram,3,0,3
Rudrani-Dewi,0,3,3
Rudraradj,3,0,3
Rudraraj,3,0,3
Rudraunsh,3,0,3
Rudrax,3,0,3
Rudraxshi,0,3,3
Rudreraj,3,0,3
Rudresh,3,0,3
Rudriandrix,3,0,3
Rudrich,3,0,3
Rudrickson,3,0,3
Rudricus,3,0,3
Rudrik,3,0,3
Rudrix,3,0,3
Rudselijn,0,3,3
Rudsell,3,0,3
Rudsellon,3,0,3
Rudsen,3,0,3
Rudsetti,0,3,3
Rudshaily,0,3,3
Rudshain,0,3,3
Rudshaina,0,3,3
Rudshainy,0,3,3
Rudshairie,0,3,3
Rudshana,0,3,3
Rudshantely,0,3,3
Rudshaynelies,0,3,3
Rudsheely,0,3,3
Rudsheliën,0,3,3
Rudshena,0,3,3
Rudshentely,0,3,3
Rudshentley,3,0,3
Rudsilia,0,3,3
Rudston,3,0,3
Rudsviëly,0,3,3
Rudswenty,3,0,3
Rudtger,3,0,3
Rudthmy-jerlo,3,0,3
Rudtje,0,3,3
Ruduan,3,0,3
Rudulphina,0,3,3
Rudvieney,0,3,3
Rudvienij,0,3,3
Rudviensel,3,0,3
Rudviëntely,0,3,3
Rudwa,0,3,3
Rudwaan,3,0,3
Rudwane,3,0,3
Rudwenshel,3,0,3
Rudwenyson,3,0,3
Rudy-Herman,3,0,3
Rudy-Jan,3,0,3
Rudy-John,3,0,3
Rudy-Leo,3,0,3
Rudy-Peter,3,0,3
Rudy-Steven,3,0,3
Rudy-Thea,0,3,3
Rudy-William-John,3,0,3
Rudyah,0,3,3
Rudyan,3,0,3
Rudyano,3,0,3
Rudyanti,0,3,3
Rudyanto,3,0,3
Rudyar,3,0,3
Rudyawan,3,0,3
Rudychelee,0,3,3
Rudyeaven,3,0,3
Rudyend,3,0,3
Rudyenshello,3,0,3
Rudyés,0,3,3
Rudyinho,3,0,3
Rudyjan,3,0,3
Rudyjella,0,3,3
Rudymar,3,0,3
Rudynska,0,3,3
Rudyono,3,0,3
Rudyron,3,0,3
Rudytia,0,3,3
Rue-andrew,3,0,3
Rue-anne,0,3,3
Rue-Denn,3,0,3
Rueanne,0,3,3
Rueban,3,0,3
Ruebine,0,3,3
Ruechamma,0,3,3
Ruedee,0,3,3
Ruedy,0,3,3
Ruëdyson,3,0,3
Rueelly,0,3,3
Ruéfany,0,3,3
Ruegentely,3,0,3
Ruehte,0,3,3
Ruejainy,3,0,3
Ruejanin,0,3,3
Ruél,3,0,3
Ruèl,3,0,3
Rüel,3,0,3
Ruela,0,3,3
Ruelie,3,0,3
Ruëll,3,0,3
Ruell,3,0,3
Ruéll,3,0,3
Rüell,0,3,3
Rüelle,0,3,3
Ruellon,3,0,3
Ruely,3,0,3
Ruëna,0,3,3
Ruendel,3,0,3
Ruendley,3,0,3
Ruëndly,3,0,3
Ruendo,3,0,3
Ruendrich,3,0,3
Ruendry,3,0,3
Ruëngell,3,0,3
Ruengrit,3,0,3
Rueni,0,3,3
Rüenice,0,3,3
Ruenkam,0,3,3
Ruěnla,0,3,3
Ruënly,3,0,3
Ruenly,3,0,3
Ruënne,0,3,3
Ruënnelly,0,3,3
Ruenner,3,0,3
Ruénoushka,0,3,3
Ruensly,3,0,3
Ruenthley,3,0,3
Ruentino,3,0,3
Ruently,3,0,3
Ruëntly,3,0,3
Rueolly,3,0,3
Ruerdsje,0,3,3
Rueshendell,3,0,3
Rueve,0,3,3
Rueven,3,0,3
Ruewendro,3,0,3
Ruewently,3,0,3
Rueylison,3,0,3
Rufaïda,0,3,3
Rufail,3,0,3
Rufainy,0,3,3
Rufay,3,0,3
Rufayda,0,3,3
Rufen,3,0,3
Rufencia,0,3,3
Ruferd,3,0,3
Rufero,3,0,3
Rufeyde,0,3,3
Ruffdee,3,0,3
Ruffles,3,0,3
Rufiélo,3,0,3
Rufiëly,0,3,3
Rufiena,0,3,3
Rufiënty,0,3,3
Rufije,0,3,3
Rufinia,0,3,3
Rufio,3,0,3
Rufiye,0,3,3
Rufly,3,0,3
Ruftana,0,3,3
Rufy,0,3,3
Ruga,0,3,3
Rugaija,0,3,3
Rugaily,0,3,3
Rugaja,0,3,3
Rugani,0,3,3
Ruganzu,3,0,3
Rugaya,0,3,3
Rugayah,0,3,3
Rugayye,0,3,3
Rugé,3,0,3
Rugeiro,3,0,3
Rugel,3,0,3
Rugela,0,3,3
Rugello,3,0,3
Rugemo,3,0,3
Rugen,3,0,3
Rugendy,3,0,3
Rugéne,3,0,3
Rugenel,3,0,3
Rugénice,0,3,3
Rugêno,3,0,3
Rugensley,3,0,3
Rugenson,3,0,3
Rugentley,3,0,3
Rugently,3,0,3
Rugeri,3,0,3
Rugerro,3,0,3
Rugeya,0,3,3
Rügeyye,0,3,3
Ruggéri,3,0,3
Ruggerio,3,0,3
Ruggèro,3,0,3
Ruggero-Pietro,3,0,3
Ruggiano,3,0,3
Ruggiëro,3,0,3
Rughea,0,3,3
Rughsana,0,3,3
Rughshanty,0,3,3
Rugi,0,3,3
Rugian,3,0,3
Rugiantelly,0,3,3
Rugien,0,3,3
Rugiëndelien,0,3,3
Rugiënna,0,3,3
Rugiero,3,0,3
Rugiéro,3,0,3
Rugiëro,3,0,3
Rugiijtou,0,3,3
Rugilé,0,3,3
Rugilė,0,3,3
Rugiliëne,0,3,3
Rugilio,3,0,3
Ruginailey,0,3,3
Ruginell,3,0,3
Rugiñho,3,0,3
Ruginia,0,3,3
Rugiño,3,0,3
Rugino,3,0,3
Rugna,0,3,3
Rugova,3,0,3
Rugsana,0,3,3
Rugsar,0,3,3
Ruguella,0,3,3
Ruguierro,3,0,3
Rugwan,3,0,3
Ruhab,0,3,3
Ruhad,3,0,3
Ruhafza,0,3,3
Ruhain,3,0,3
Ruhainissa,0,3,3
Ruhajati,3,0,3
Ruhama,0,3,3
Ruhamah,0,3,3
Ruhane,0,3,3
Ruhat,0,3,3
Ruhbaan,0,3,3
Ruhban,3,0,3
Ruhçan,3,0,3
Ruhdy,3,0,3
Ruhensley,3,0,3
Ruhida,0,3,3
Ruhigül,0,3,3
Ruhişen,0,3,3
Ruhit,3,0,3
Ruhiz,3,0,3
Ruhkaya,0,3,3
Ruhksana,0,3,3
Ruhksar,0,3,3
Rühküye,0,3,3
Ruhl,3,0,3
Ruhmayla,0,3,3
Ruhmen,0,3,3
Ruhmeysa,0,3,3
Ruhmi,3,0,3
Ruht,0,3,3
Ruhtsella,0,3,3
Ruhui,0,3,3
Ruhung,3,0,3
Rüi,3,0,3
Rúi,3,0,3
Rui-August,3,0,3
Rui-Fernando,3,0,3
Ruì-Jú,0,3,3
Rui-Ke,3,0,3
Ruí-Nuño,3,0,3
Rui-Yi,0,3,3
Rui-You,3,0,3
Rui-Yue,0,3,3
Ruibin,3,0,3
Ruïchara,0,3,3
Ruichun,0,3,3
Ruidang,0,3,3
Ruidi,0,3,3
Ruïe-Jalo,0,3,3
Ruien,0,3,3
Ruifeng,3,0,3
Ruigeme,3,0,3
Ruigert,3,0,3
Ruigi,3,0,3
Ruigiano,3,0,3
Ruigilliano,3,0,3
Ruiginho,3,0,3
Ruijs,3,0,3
Ruijter,3,0,3
Ruildalis,0,3,3
Ruilee,3,0,3
Ruili,3,0,3
Ruilian,0,3,3
Ruilmer,3,0,3
Ruimira,0,3,3
Ruio-Matthijs,3,0,3
Ruipeng,3,0,3
Ruiqi,0,3,3
Ruirt,3,0,3
Ruìsa,0,3,3
Ruïsa,0,3,3
Ruisch,3,0,3
Ruïsla,0,3,3
Ruiterson,3,0,3
Ruïtius,3,0,3
Ruitong,0,3,3
Ruïtsen,3,0,3
Ruivo,3,0,3
Ruixuan,3,0,3
Ruiya,0,3,3
Ruiyang,0,3,3
Ruiyi,3,0,3
Ruïza,0,3,3
Ruizhe,3,0,3
Ruizinho,3,0,3
Rujaino,3,0,3
Rujan,3,0,3
Rujay,3,0,3
Rujaylah,0,3,3
Rujayna,0,3,3
Rujayno,3,0,3
Rujayson,3,0,3
Rujeandy,3,0,3
Rujeannie,0,3,3
Rujeenia,0,3,3
Rujemir,3,0,3
Rujen,3,0,3
Rujendel,3,0,3
Rujenity,0,3,3
Rujensley,3,0,3
Rujeriëne,0,3,3
Rujeska,0,3,3
Rujina,0,3,3
Rujon,3,0,3
Rujor,3,0,3
Rujuen,3,0,3
Rujuwen,3,0,3
Rukaiya-banu,0,3,3
Rukajah,0,3,3
Rukash,0,3,3
Rukayah,0,3,3
Rukayat,0,3,3
Rukaysha,0,3,3
Rukayyah,0,3,3
Rukayye,0,3,3
Rukchario,3,0,3
Ruke,0,3,3
Rukeijah,0,3,3
Rüken,0,3,3
Rukenia,0,3,3
Rukhash,0,3,3
Rukhchinda,0,3,3
Rukhi,0,3,3
Rukhiya,0,3,3
Rukhmanidevi,0,3,3
Rukhmeni,0,3,3
Rukhsaargatoen,0,3,3
Rukidie,3,0,3
Rukie,0,3,3
Rukindin,3,0,3
Rukiya,0,3,3
Rukiyah,0,3,3
Rûkiye,0,3,3
Rukiyenur,0,3,3
Rukkayya,0,3,3
Rûkman,0,3,3
Rukmanidevi,0,3,3
Rukmawati,0,3,3
Rukmini-Dewi,0,3,3
Rukminiwatie,0,3,3
Ruksaan,0,3,3
Ruksanna,0,3,3
Ruksarghatoen,0,3,3
Rukshan,3,0,3
Ruksharia,0,3,3
Rukunan,3,0,3
Rukundo,3,0,3
Rukuye,0,3,3
Rukwenso,3,0,3
Rul,3,0,3
Rula,0,3,3
Rulaisho,3,0,3
Rulando,3,0,3
Rulands,3,0,3
Rulano,3,0,3
Rulaycia,0,3,3
Rulen,3,0,3
Rules,3,0,3
Ruli,0,3,3
Rulien,0,3,3
Rulin,0,3,3
Rulinda,0,3,3
Rulion,3,0,3
Rulita,0,3,3
Rulius,3,0,3
Rulja,0,3,3
Rullia,0,3,3
Rully,3,0,3
Rulof-Jan,3,0,3
Ruloff,3,0,3
Ruloffien,0,3,3
Rulofje,0,3,3
Rulove,3,0,3
Ruly,3,0,3
Rulyno,3,0,3
Rumaanah,0,3,3
Rumadevi,0,3,3
Rumailah,0,3,3
Rumain,3,0,3
Rumairo,3,0,3
Rumairy,0,3,3
Rumaisha,0,3,3
Rumaissa,0,3,3
Rumaiyom,0,3,3
Rumalia,0,3,3
Rumalio,3,0,3
Rumamory,0,3,3
Rumäna,0,3,3
Rumana,0,3,3
Rumanasen,3,0,3
Rumanijah,0,3,3
Rumanik,3,0,3
Rumann,3,0,3
Rúmar,3,0,3
Rumar,3,0,3
Rumara,0,3,3
Rumarch,3,0,3
Rumardi,3,0,3
Rumardingelo,3,0,3
Rumarly,0,3,3
Rumay,3,0,3
Rumaya,0,3,3
Rumayar,3,0,3
Rumaylah,0,3,3
Rumayra,0,3,3
Rümaysa,0,3,3
Rumayza,0,3,3
Rumbayan,3,0,3
Rumbert,3,0,3
Rumbertus,3,0,3
Rümé,0,3,3
Rume,0,3,3
Rumeijsa,0,3,3
Rumeliano,3,0,3
Rumenka,0,3,3
Rumentius,3,0,3
Rümerya,0,3,3
Rumesha,0,3,3
Rŭmeysa,0,3,3
Rûmeysa,0,3,3
Rümeyse,0,3,3
Rumfrey,3,0,3
Rumhaintly,0,3,3
Rumia,0,3,3
Rumiana,0,3,3
Rumiet,3,0,3
Rumiko,0,3,3
Rumilah,0,3,3
Rumilo,3,0,3
Rumìn,3,0,3
Rumiñawi,3,0,3
Ruminey,3,0,3
Ruminikumari,0,3,3
Rumira,0,3,3
Rumisa,0,3,3
Rumish,3,0,3
Rumishaldra,0,3,3
Rumisna,0,3,3
Rumiyati,0,3,3
Rumke,3,0,3
Rumla,0,3,3
Rumli,0,3,3
Rummana,0,3,3
Rummaysa,0,3,3
Rummen,3,0,3
Rümmenicke,3,0,3
Rumolde,3,0,3
Rumoldine,3,0,3
Rumoldis,3,0,3
Rumond,3,0,3
Rumonda,0,3,3
Rumonde,0,3,3
Rumondor,3,0,3
Rumulia,0,3,3
Rumwell,3,0,3
Rumyana,0,3,3
Ruña,0,3,3
Runadio,3,0,3
Runahi,0,3,3
Runaigen,3,0,3
Runaily,3,0,3
Runailys,0,3,3
Runaisha,0,3,3
Runaishely,0,3,3
Runaldino,3,0,3
Runaldus,3,0,3
Runan,3,0,3
Runár,3,0,3
Runar-Derk,3,0,3
Runaylis,0,3,3
Rúncōng,3,0,3
Runé,0,3,3
Runell,3,0,3
Runer,3,0,3
Runesha-Naomi,0,3,3
Runge,3,0,3
Rungkid,3,0,3
Rungnapaah,0,3,3
Rungradit,3,0,3
Rungrawin,0,3,3
Rungthiwaar,3,0,3
Rungtiwa,0,3,3
Runida,0,3,3
Runier,3,0,3
Runika,0,3,3
Runilda,0,3,3
Runima,0,3,3
Runioviër,3,0,3
Runish,3,0,3
Runisho,3,0,3
Runjing,0,3,3
Runkjen,0,3,3
Runnardus,3,0,3
Runoe,0,3,3
Runoldina,0,3,3
Runomi,0,3,3
Rùnqí,0,3,3
Runsiënetly,3,0,3
Runya,0,3,3
Ruo-Jhen,0,3,3
Ruodan,3,0,3
Ruoen,3,0,3
Ruofan,0,3,3
Ruoqing,0,3,3
Ruori,3,0,3
Ruosha,0,3,3
Ruoshan,3,0,3
Ruoshui,0,3,3
Ruosi,0,3,3
Ruoxi,0,3,3
Ruoyu,3,0,3
Rūpa-Ragunātha,3,0,3
Rupashi,0,3,3
Rupasingha,0,3,3
Rupasinghe,0,3,3
Rüpen,3,0,3
Rupèrt,3,0,3
Ruperti,3,0,3
Rupeshkoemar,3,0,3
Rupha,0,3,3
Rupherta,0,3,3
Ruphes,3,0,3
Ruphjanka,0,3,3
Rupina,0,3,3
Rupindre-Krishnan,3,0,3
Rupinkumar,3,0,3
Ruplal,3,0,3
Rupold,3,0,3
Ruport,3,0,3
Ruppert,3,0,3
Rüppert,3,0,3
Ruppertina,0,3,3
Ruppurt,3,0,3
Ruprasik,3,0,3
Ruqaaya,0,3,3
Ruqaia,0,3,3
Ruqaija,0,3,3
Ruqaiyah,0,3,3
Ruqajja,0,3,3
Ruqea,0,3,3
Ruqeah,0,3,3
Ruqeya,0,3,3
Ruqinand,3,0,3
Ruqisha,0,3,3
Ruqiyah,0,3,3
Ruqqaya,0,3,3
Ruqqayah,0,3,3
Ruqsana,0,3,3
Ruquaijah,0,3,3
Ruquelio,3,0,3
Ruquella,0,3,3
Ruquentley,3,0,3
Ruquinio,3,0,3
Ruquirelda,0,3,3
Ruquyyah,0,3,3
Ruqya,0,3,3
Rurd,3,0,3
Rurdericus,3,0,3
Rurdsje,0,3,3
Rúrdtsje,0,3,3
Rurick,3,0,3
Ruropato,3,0,3
Ruru,0,3,3
Rurwin,3,0,3
Rusa,0,3,3
Rusal,0,3,3
Rusalin,3,0,3
Rüşan,3,0,3
Rusando,3,0,3
Rusanne,0,3,3
Rusanti,0,3,3
Rusayma,0,3,3
Rusaynick,3,0,3
Ruschaan,0,3,3
Ruschaili,0,3,3
Ruschil,3,0,3
Ruschlenda,0,3,3
Rusdianto,3,0,3
Rusdiono,3,0,3
Rusdy,3,0,3
Rusee,3,0,3
Ruseifah,0,3,3
Rusell,3,0,3
Rusen,3,0,3
Ruseno,3,0,3
Rusety,0,3,3
Rüsh,3,0,3
Rushaan,3,0,3
Rushad,3,0,3
Rushaid,3,0,3
Rushaika,0,3,3
Rushaini,0,3,3
Rushainy-Amancia,0,3,3
Rushairo,3,0,3
Rushandel,3,0,3
Rushandley,3,0,3
Rushandra,0,3,3
Rushano,3,0,3
Rushantelly,0,3,3
Rushanty,0,3,3
Rushara,0,3,3
Rusharmi,0,3,3
Rushatsi,3,0,3
Rushawn,3,0,3
Rushayra,0,3,3
Rushd,3,0,3
Rushdie,3,0,3
Rushean,3,0,3
Rusheel,3,0,3
Rusheenah,0,3,3
Rusheila,0,3,3
Rusheirro,3,0,3
Rushelia,0,3,3
Rusheliënne,0,3,3
Rusheline,0,3,3
Rushelino,3,0,3
Rushellensco,3,0,3
Rushély,0,3,3
Rushelys,0,3,3
Rushem,0,3,3
Rushenaysa,0,3,3
Rushenda,0,3,3
Rushendel,3,0,3
Rushendly,3,0,3
Rushendomar,3,0,3
Rusheni,0,3,3
Rushennelys,0,3,3
Rushentley,3,0,3
Rushený,0,3,3
Rushernyomi,0,3,3
Rusherska,0,3,3
Rushiën,3,0,3
Rushier,3,0,3
Rushilkoemar,3,0,3
Rushimmy,3,0,3
Rushin,3,0,3
Rushión,3,0,3
Rushir,3,0,3
Rushit,3,0,3
Rushka,0,3,3
Rushley,3,0,3
Rushmar,3,0,3
Rushôn,3,0,3
Rushona,0,3,3
Rushsil,3,0,3
Rushton,3,0,3
Rushwan,3,0,3
Rushyl,3,0,3
Rusiano,3,0,3
Rusija,0,3,3
Rusijati,0,3,3
Rusillia,0,3,3
Rusinne,0,3,3
Rusjatie,0,3,3
Rûska,0,3,3
Ruska,0,3,3
Ruskin,3,0,3
Ruslán,3,0,3
Ruslanovich,3,0,3
Rusli,0,3,3
Rusma,0,3,3
Rusmanto,0,3,3
Rusmarie,0,3,3
Rusmedi,3,0,3
Rusmiati,0,3,3
Rusmir,3,0,3
Rusol,0,3,3
Rusomir,3,0,3
Rüss-jean,3,0,3
Russalka,0,3,3
Russbel,3,0,3
Russèll,3,0,3
Russelle,0,3,3
Russelt,3,0,3
Russiano,3,0,3
Russina,0,3,3
Russki,3,0,3
Russle,3,0,3
Russoul,3,0,3
Rustan,3,0,3
Rustemi,0,3,3
Rüsten,3,0,3
Rustiani,0,3,3
Rusticula,0,3,3
Rustijah,0,3,3
Rustina,0,3,3
Ruştu,3,0,3
Rüştühan,3,0,3
Rustum,3,0,3
Rustyan,3,0,3
Rusza,0,3,3
Ruszo,3,0,3
Rutanja,0,3,3
Rutchairis,0,3,3
Rutchanna,0,3,3
Rutchendell,3,0,3
Rutdiena,0,3,3
Rutdina,0,3,3
Rutelda,0,3,3
Rutger-Christiaan,3,0,3
Rutger-Colin,3,0,3
Rutger-Exan,3,0,3
Rutger-Mark,3,0,3
Rutger-Martijn,3,0,3
Rutger-Odin,3,0,3
Rutger-Roger,3,0,3
Rutger-Ton,3,0,3
Rutgerdinus,3,0,3
Rutgeres,3,0,3
Rutgerina,0,3,3
Rutgerjan,3,0,3
Rutgertine,0,3,3
Rutgérus,3,0,3
Rutghera,0,3,3
Rutgherus,3,0,3
Rutgurt,3,0,3
Rüth,0,3,3
Ruth-An,0,3,3
Ruth-Christine,0,3,3
Ruth-Ellen,0,3,3
Ruth-Ger,3,0,3
Ruth-Jan,3,0,3
Ruth-Maria,0,3,3
Ruth-Ria,0,3,3
Ruthailys,0,3,3
Ruthann,0,3,3
Ruthanya,0,3,3
Ruthbenterley,0,3,3
Ruthcarlo,3,0,3
Ruthcendia,0,3,3
Ruthchainny,0,3,3
Ruthchella,0,3,3
Ruthciano,3,0,3
Ruthciara,0,3,3
Ruthdelies,0,3,3
Ruthdiëne,0,3,3
Ruthdienne,3,0,3
Ruthdjeska,0,3,3
Ruthdolfina,0,3,3
Ruthdolon,3,0,3
Ruthdwina,0,3,3
Ruthelis,0,3,3
Rutherson,3,0,3
Rutheus,3,0,3
Ruthfaina,0,3,3
Ruthgarda,0,3,3
Ruthgenely,0,3,3
Ruthgerard,3,0,3
Ruthgerdina,0,3,3
Ruthgert,3,0,3
Ruthginia,0,3,3
Ruthicia,0,3,3
Ruthiena,0,3,3
Ruthilia,0,3,3
Ruthima,0,3,3
Ruthisa,0,3,3
Ruthitia,0,3,3
Ruthjahnny,0,3,3
RuthJane,0,3,3
Ruthjedi-ann,0,3,3
Ruthli,0,3,3
Ruthlin,0,3,3
Ruthlinda,0,3,3
Ruthlisabeth,0,3,3
Ruthmaida,0,3,3
Ruthmaine,3,0,3
Ruthmairys,0,3,3
Ruthmar,3,0,3
Ruthmara,0,3,3
Ruthmaylis,0,3,3
Ruthmayra,0,3,3
Ruthmen,3,0,3
Ruthmer,3,0,3
Ruthmi-Chuëntely,0,3,3
Ruthmilda,0,3,3
Ruthmona,0,3,3
Ruthnaika,0,3,3
Ruthnilda,0,3,3
Ruthorus,3,0,3
Ruthsahanaya,0,3,3
Ruthsana,0,3,3
Ruthsandrièn,0,3,3
Ruthsangely,0,3,3
Ruthsanna,0,3,3
Ruthsayra,0,3,3
Ruthselina,0,3,3
Ruthselino,3,0,3
Ruthshaira,0,3,3
Ruthshanelly,0,3,3
Ruthshiley,0,3,3
Ruthshinely,0,3,3
Ruthsiana,0,3,3
Ruthsilla,0,3,3
Ruthsmiheily,0,3,3
Ruthsoura,0,3,3
Ruthtanja,0,3,3
Ruthtiena,0,3,3
Ruthtina,0,3,3
Ruthvenka,0,3,3
Ruthwik,3,0,3
Ruthxandra,0,3,3
Ruthzelyn,0,3,3
Rutilus,3,0,3
Rutinda,0,3,3
Ruting,0,3,3
Rutiny,0,3,3
Rutka,0,3,3
Rutly,3,0,3
Rutmila,0,3,3
Rutmur,3,0,3
Rutney,3,0,3
Ruto,3,0,3
Ruton,3,0,3
Rutsello,3,0,3
Rutshaira,0,3,3
Rutshany,0,3,3
Rutsheila,0,3,3
Rutshenely,0,3,3
Rutshenteley,0,3,3
Ruttenfort,3,0,3
Rutterfort,3,0,3
Rutterson,3,0,3
Ruttha,0,3,3
Rutu,0,3,3
Rutuna,3,0,3
Rutviendrick,3,0,3
Rutwin,3,0,3
Rutwina,0,3,3
Ruube,3,0,3
Ruud-Arne,3,0,3
Ruud-Benjamin,3,0,3
Ruud-Carel,3,0,3
Ruud-Dean,3,0,3
Ruud-Jenno,3,0,3
Ruudo,3,0,3
Ruudwina,0,3,3
Ruudwing,3,0,3
Ruufke,3,0,3
Ruün,3,0,3
Ruurd-Arjan,3,0,3
Ruurd-Elmer,3,0,3
Ruurd-Pieter,3,0,3
Ruurd-Wessel,3,0,3
Ruurda,0,3,3
Ruurderika,0,3,3
Ruurdge,0,3,3
Ruurdie,0,3,3
Ruurdrikus,3,0,3
Ruurdtina,0,3,3
Ruurdtine,0,3,3
Ruurdtsje,0,3,3
Ruurte,3,0,3
Ruurtjan,3,0,3
Ruut-Jan,3,0,3
Ruutger,3,0,3
Ruv'chainy,0,3,3
Ruvar,3,0,3
Ruvaysha,0,3,3
Ruveda,0,3,3
Ruveliño,3,0,3
Ruvelio,3,0,3
Ruvely,0,3,3
Ruvenshka,0,3,3
Rüveydâ,0,3,3
Rüveydanur,0,3,3
Rüveyha,0,3,3
Ruveysa,0,3,3
Ruviandly,3,0,3
Ruviandy,3,0,3
Ruvianka,0,3,3
Ruviën,3,0,3
Ruvienca,0,3,3
Ruviëncey,3,0,3
Ruviendhy,3,0,3
Ruviendsley,3,0,3
Ruviëni,3,0,3
Ruviënne,0,3,3
Ruvienska,0,3,3
Ruviensly,3,0,3
Ruviëntelly,3,0,3
Ruviljo,3,0,3
Ruvin,3,0,3
Ruvina,0,3,3
Ruvinho,3,0,3
Ruvinsky,3,0,3
Ruviro,3,0,3
Ruvishano,3,0,3
Ruvolino,3,0,3
Ruvon,3,0,3
Ruvshaëdany,0,3,3
Ruvsheden,3,0,3
Ruvy,0,3,3
Ruvyen,3,0,3
Ruwaardt,3,0,3
Ruwaart,3,0,3
Ruwaert,3,0,3
Ruwaifi,3,0,3
Ruwainnély,0,3,3
Ruwaldo,3,0,3
Ruwalio,3,0,3
Ruwalt,3,0,3
Ruwandyson,3,0,3
Ruwano,3,0,3
Ruwanto,3,0,3
Ruwarashe,0,3,3
Ruwardt,3,0,3
Ruwart,3,0,3
Ruwayfi,3,0,3
Ruweäl,3,0,3
Ruweeda,0,3,3
Ruweenah,0,3,3
Ruweida,0,3,3
Ruweldjen,3,0,3
Ruwelljr,3,0,3
Ruwelly,3,0,3
Ruwen-gellmar,3,0,3
Ruwendell,3,0,3
Ruwendriomar,3,0,3
Ruwenehly,0,3,3
Ruwengela,0,3,3
Ruwengeline,0,3,3
Ruwengella,0,3,3
Ruwengello,3,0,3
Ruwenginio,3,0,3
Ruwenio,3,0,3
Ruwenley,3,0,3
Ruwenshaly,0,3,3
Ruwenshelo,3,0,3
Ruwenska,0,3,3
Ruwentely,0,3,3
Ruwentley,3,0,3
Ruweny,3,0,3
Ruweth,3,0,3
Ruweydah,0,3,3
Ruwijda,0,3,3
Ruwina,0,3,3
Ruwine,0,3,3
Ruwy,3,0,3
Ruxae'Lynn,0,3,3
Ruxiënne,0,3,3
Ruxin,0,3,3
Ruxun,3,0,3
Rûya,0,3,3
Rüyâ-Nur,0,3,3
Ruyaa,0,3,3
Ruyailee,0,3,3
Ruyaima,0,3,3
Rüyam,0,3,3
Ruyanur,0,3,3
Ruyar,3,0,3
Ruyart,3,0,3
Ruychi,3,0,3
Ruyen,0,3,3
Ruyesca,0,3,3
Ruyetullah,3,0,3
Ruyichi,3,0,3
Ruyintho,3,0,3
Ruylena,0,3,3
Ruyue,0,3,3
Ruyyan,0,3,3
Rûza,0,3,3
Růža,0,3,3
Ruzanna,0,3,3
Ruzdi,3,0,3
Ruzen,0,3,3
Ruzendo,3,0,3
Ruženka,0,3,3
Ruziedi,3,0,3
Ruzin,0,3,3
Ruzina,0,3,3
Ruzitsa,0,3,3
Ruzjairo,3,0,3
Ruzjetika,0,3,3
Ruzjöntley,3,0,3
Ruzk,0,3,3
Ruzol,3,0,3
Ruzudani,0,3,3
Ruzz,3,0,3
Rvka,0,3,3
RVM,3,0,3
Rwah,0,3,3
Rwaida,0,3,3
Rwakoma,3,0,3
Rwakyaka,3,0,3
Rwasha,3,0,3
Rwayda,0,3,3
Rwently,3,0,3
Rwenvick,3,0,3
Rwouda,0,3,3
Rwyd,3,0,3
Ry'anjely,0,3,3
Ry'diännah,0,3,3
Ry'Jeanely,0,3,3
Ry'jeano,3,0,3
Ry'zainnel,3,0,3
Ry-angelo,3,0,3
Ry-Anne,0,3,3
Ry-Burtshainily,0,3,3
Ry-Chéno,3,0,3
Ry-Daniël,3,0,3
Ry-dion,3,0,3
Ry-gainely,0,3,3
Ry-lan,3,0,3
Ry-Lan,3,0,3
Ry-Lee,3,0,3
Ry-Naichel,3,0,3
Ry-o'neill,3,0,3
Ryaad,3,0,3
Ryaash,3,0,3
Ryachiano,3,0,3
Ryaco,3,0,3
Ryadovna,0,3,3
Ryae,3,0,3
Ryaen,0,3,3
Ryaf,3,0,3
Ryah,0,3,3
Ryaishenella,0,3,3
Ryama,0,3,3
Ryamencio,3,0,3
Ryamö,3,0,3
Ryamsei,3,0,3
Ryan-Aiden,3,0,3
Ryan-Alexander,3,0,3
Ryan-Aryan,3,0,3
Ryan-Bas,3,0,3
Ryan-Fajar,3,0,3
Ryan-Gill,3,0,3
Ryan-Le,3,0,3
Ryan-Lucius,3,0,3
Ryan-Ömer,3,0,3
Ryan-Ray,3,0,3
Ryanca,0,3,3
Ryanchela,0,3,3
Ryanchelah,0,3,3
Ryancka,0,3,3
Ryanco,3,0,3
Ryandaly,0,3,3
Ryandrick,3,0,3
Ryandy,3,0,3
Ryangel,3,0,3
Ryangela,0,3,3
Ryanilyenne,0,3,3
Ryanis,0,3,3
Ryanke,0,3,3
Ryankee,3,0,3
Ryanle,3,0,3
Ryanlinio,3,0,3
Ryanneke,0,3,3
Ryannel,3,0,3
Ryannique,3,0,3
Ryanric,3,0,3
Ryansela,0,3,3
Ryansh,3,0,3
Ryantie,0,3,3
Ryantoh,3,0,3
Ryaquinshellinne,0,3,3
Ryash,3,0,3
Ryat,3,0,3
Ryawan,3,0,3
Rybana,0,3,3
Ryben,3,0,3
Rybert,3,0,3
Rycelva,0,3,3
Rycha,0,3,3
Rychaino,3,0,3
Rychaintelo,3,0,3
Rychairo,3,0,3
Rychaleese,0,3,3
Rychando,3,0,3
Rychandro,3,0,3
Rychanel,3,0,3
Rychaon,3,0,3
Rycharda,0,3,3
Rychardo,3,0,3
Rychart,3,0,3
Ryché,3,0,3
Rycheimelly,0,3,3
Rychell,0,3,3
Rychelli,0,3,3
Rychenelle,0,3,3
Rychenna,0,3,3
Rychenne,0,3,3
Rycheno,3,0,3
Rychentely,0,3,3
Rychentey,3,0,3
Rychentha,0,3,3
Rychinio,3,0,3
Rycholt,3,0,3
Rychson,3,0,3
Rychto,3,0,3
Rychyda,0,3,3
Ryckert,3,0,3
Rycleff,3,0,3
Rycsmarëll,0,3,3
Rydan,3,0,3
Rydangelo,3,0,3
Rydëann,3,0,3
Ryden,3,0,3
Rydez,3,0,3
Rydi,0,3,3
Rydiana,0,3,3
Rydjaerèn,3,0,3
Rydouan,3,0,3
Rye-Leigh,0,3,3
Ryeanah,0,3,3
Ryeau,0,3,3
Ryèfferson,3,0,3
Ryek,3,0,3
Ryeka,0,3,3
Ryèl,0,3,3
Ryël,0,3,3
Ryel,0,3,3
Ryeland,3,0,3
Ryelen,3,0,3
Ryella,0,3,3
Ryelleny,0,3,3
Ryëllo,3,0,3
Ryem,0,3,3
Ryemke,0,3,3
Ryemma,0,3,3
Ryence,3,0,3
Ryènchell,3,0,3
Ryënco,3,0,3
Ryenke,0,3,3
Ryènn,0,3,3
Ryennethy,0,3,3
Ryenny,0,3,3
Ryenshello,3,0,3
Ryenthly,3,0,3
Ryènza,0,3,3
Ryeshvan,3,0,3
Ryette,0,3,3
Ryfa,3,0,3
Ryfan,3,0,3
Ryfelgio,3,0,3
Ryff,3,0,3
Ryfiano,3,0,3
Ryfka,0,3,3
Rygainoo,3,0,3
Rygarda,0,3,3
Rygel,3,0,3
Rygell,3,0,3
Rygiandro,3,0,3
Rygiano,3,0,3
Rygidey,3,0,3
Rygilio,3,0,3
Ryginio,3,0,3
Ryglene,3,0,3
Rygmalin,0,3,3
Rygo,3,0,3
Ryhaan,3,0,3
Ryhana,0,3,3
Ryhen,3,0,3
Ryhlana,0,3,3
Ryhnout,3,0,3
Ryhöna,0,3,3
Ryiaan,3,0,3
Ryian,3,0,3
Ryicko,0,3,3
Ryiëndri,3,0,3
Ryish,3,0,3
Ryisha,0,3,3
Ryjaël,3,0,3
Ryjana,0,3,3
Ryjeändra,0,3,3
Ryjeanne,0,3,3
Rykhelt,3,0,3
Rykie,3,0,3
Rÿkje,0,3,3
Rykku,0,3,3
Rykman,3,0,3
Ryko,3,0,3
Rykold,3,0,3
Rykolt,3,0,3
Ryla,0,3,3
Rylaicha,0,3,3
Rylaigen,3,0,3
Rylaine,0,3,3
Rylan-Jack,3,0,3
Rylan-Jayce,3,0,3
Rylanah,0,3,3
Rylanda,0,3,3
Rylann,3,0,3
Ryle,3,0,3
Ryleen,0,3,3
Rylef,3,0,3
Rylencio,3,0,3
Rylenn,3,0,3
Ryleno,3,0,3
Ryléon,3,0,3
Ryles,3,0,3
Ryleson,3,0,3
Rylessio,3,0,3
Rylivon,0,3,3
Rylle,0,3,3
Rylo,3,0,3
Rylonn,3,0,3
Rylynn,0,3,3
Rym,0,3,3
Ryma,0,3,3
Rymainshely,0,3,3
Rymané,3,0,3
Rymas,3,0,3
Rymcke,0,3,3
Rymell,0,3,3
Rymend,3,0,3
Rymert,3,0,3
Rymme,0,3,3
Rymmer,3,0,3
Rympje,0,3,3
Rympke,0,3,3
Ryn,3,0,3
Rynaillis,0,3,3
Rynaishanty,0,3,3
Rynaishel,3,0,3
Rynalda,0,3,3
Rynan,3,0,3
Rynashley,0,3,3
Rynce,3,0,3
Ryncke,0,3,3
Rynco,3,0,3
Ryndert,3,0,3
Ryndolph,3,0,3
Ryne,3,0,3
Ryneke,0,3,3
Rynelcio,3,0,3
Rynes,3,0,3
Ryneshia,0,3,3
Rynessa,0,3,3
Rynet,0,3,3
Ryngeloo,3,0,3
Rynichel,3,0,3
Rynichiô,3,0,3
Ryniel,3,0,3
Rynier,3,0,3
Ryniera,0,3,3
Rynigel,3,0,3
Rynilio,3,0,3
Ryniño,3,0,3
Rynko,3,0,3
Rynnette,0,3,3
Rynnt,3,0,3
Rynolda,0,3,3
Rynoud,3,0,3
Rynouka,0,3,3
Rynvis,3,0,3
Rynze,3,0,3
Ryô,3,0,3
Ryo-Lee,3,0,3
Ryoichi,3,0,3
Ryoji,3,0,3
Ryoko,0,3,3
Ryōma,3,0,3
Ryonah,0,3,3
Ryonarra,0,3,3
Ryonda,0,3,3
Ryone,3,0,3
Ryöni,0,3,3
Ryonie,0,3,3
Ryonni,0,3,3
Ryono,3,0,3
Ryonros,3,0,3
Ryordan,3,0,3
Ryos,3,0,3
Ryosuke,3,0,3
Ryotaro,3,0,3
Ryou,3,0,3
Rypco,3,0,3
Ryquenco,3,0,3
Ryquensly,3,0,3
Ryquina,0,3,3
Ryra,0,3,3
Rysa,0,3,3
Rysaifeny,0,3,3
Rysam,3,0,3
Rysano,3,0,3
Ryscal,3,0,3
Ryse,3,0,3
Rysean,3,0,3
Rysen,3,0,3
Rysh,0,3,3
Rysha,0,3,3
Ryshad,3,0,3
Ryshaely,0,3,3
Ryshaena,0,3,3
Ryshaila,0,3,3
Ryshall,3,0,3
Ryshalon,3,0,3
Ryshan,3,0,3
Ryshanairo,3,0,3
Ryshandra,0,3,3
Ryshane,0,3,3
Ryshanthely,0,3,3
Ryshayro,3,0,3
Ryshealy,0,3,3
Ryshean,3,0,3
Rysheila,0,3,3
Ryshelda,0,3,3
Rysheline,0,3,3
Ryshell,0,3,3
Ryshelton,3,0,3
Ryshen,3,0,3
Ryshendell,3,0,3
Ryshendra,0,3,3
Ryshendrick,3,0,3
Ryshenealy,0,3,3
Rysheney,0,3,3
Ryshenna,0,3,3
Ryshentely,0,3,3
Ryshëntly,3,0,3
Rysher,3,0,3
Rysherino,3,0,3
Ryshica,0,3,3
Rysho,3,0,3
Ryshomar,3,0,3
Rysiednhely,0,3,3
Rysjanah,0,3,3
Ryske,0,3,3
Ryso,3,0,3
Rysontley,3,0,3
Ryta,0,3,3
Rytha,0,3,3
Rythm,0,3,3
Ryù,3,0,3
Ryuano,3,0,3
Ryuchi,3,0,3
Ryugo,3,0,3
Ryushi,3,0,3
Ryuto,3,0,3
Ryuu-Matz,3,0,3
Ryuu-Noah,3,0,3
Ryuuji,3,0,3
Ryv,3,0,3
Ryvaan,3,0,3
Ryvain,3,0,3
Ryvainnoh,3,0,3
Ryvairo,3,0,3
Ryvaldo,3,0,3
Ryvanca,0,3,3
Ryvanchelo,3,0,3
Ryvaro,3,0,3
Ryve,3,0,3
Ryver,0,3,3
Ryverio,3,0,3
Ryves,3,0,3
Ryvianegel,3,0,3
Ryvicentelly,3,0,3
Ryvieënsly,3,0,3
Ryvio,3,0,3
Ryvka,0,3,3
Ryvo,3,0,3
Rywana,0,3,3
Ryxan,3,0,3
Ryxiomar,3,0,3
Ryxt,0,3,3
Ryza,0,3,3
Ryzairo,3,0,3
Ryzandra,0,3,3
Ryzanne,0,3,3
Ryzard,3,0,3
Ryzenne,0,3,3
Ryzhenna,0,3,3
Ryzkov,3,0,3
Ryzlain,0,3,3
Rødgaard,3,0,3
Rørik,3,0,3
