Name,Men,Women,Total
Simon,35479,143,35622
Sophia,746,34670,35416
Sophie,302,34398,34700
Sebastiaan,33931,71,34002
Sander,30991,43,31034
Sanne,445,30539,30984
Sandra,160,30023,30183
Simone,96,24824,24920
Stefan,24147,51,24198
Saskia,81,23140,23221
Suzanne,136,22794,22930
Sylvia,104,20021,20125
Sara,14,17393,17407
Sven,17330,30,17360
Sjoerd,16669,16,16685
Sem,15930,600,16530
Stijn,16241,42,16283
Sam,12163,3592,15755
Steven,15201,16,15217
Sarah,18,14580,14598
Susanna,145,13940,14085
Sonja,83,13275,13358
Sabine,40,11623,11663
Sharon,83,11521,11604
Stephanie,59,11544,11603
Suzanna,132,11375,11507
Susanne,94,11275,11369
Sofie,20,10476,10496
Samantha,31,10321,10352
Stephan,10074,37,10111
Stephanus,9966,85,10051
Stan,9725,19,9744
Samuel,9026,24,9050
Susan,50,7453,7503
Silvia,68,7367,7435
Senna,2321,4710,7031
Sterre,60,6683,6743
Sabrina,29,6369,6398
Sofia,82,6088,6170
Stefanie,25,6003,6028
Stef,5715,22,5737
Sietske,13,5384,5397
Sjoukje,3,5285,5288
Shirley,41,4918,4959
Siem,4870,20,4890
Saar,3,4544,4547
Stefanus,4385,42,4427
Sebastian,4124,10,4134
Suzan,29,3992,4021
Sjors,3587,291,3878
Suze,10,3712,3722
Soraya,5,3716,3721
Silke,112,3530,3642
Sacha,716,2527,3243
Stella,30,3194,3224
Sietse,3196,9,3205
Samuël,3117,3,3120
Sil,2973,142,3115
Sandy,212,2831,3043
Sabina,24,2944,2968
Selma,11,2907,2918
Siebe,2881,5,2886
Sylvana,8,2842,2850
Selina,6,2734,2740
Sascha,669,2024,2693
Samira,3,2648,2651
Sebastianus,2610,17,2627
Silvester,2544,79,2623
Sigrid,6,2607,2613
Serena,9,2408,2417
Suus,10,2295,2305
Stijntje,6,2193,2199
Serge,2148,16,2164
Servatius,1939,208,2147
Sean,2121,8,2129
Stefano,2121,7,2128
Shannon,106,2000,2106
Sibilla,255,1740,1995
Stanley,1981,3,1984
Silvana,14,1955,1969
Sipke,1959,8,1967
Senn,1907,9,1916
Sylvester,1898,18,1916
Sidney,1559,344,1903
Scott,1861,8,1869
Sharona,7,1857,1864
Sietze,1829,3,1832
Sepp,1752,0,1752
Seth,1752,0,1752
Sybren,1730,3,1733
Sten,1703,3,1706
Sjouke,1613,89,1702
Samir,1661,26,1687
Sep,1677,6,1683
Sarina,11,1636,1647
Senne,927,710,1637
Sheila,3,1608,1611
Sami,1576,28,1604
Sijtske,3,1579,1582
Selena,3,1575,1578
Stéphanie,8,1501,1509
Stacey,65,1363,1428
Stephen,1402,3,1405
Shane,1349,45,1394
Sake,1386,3,1389
Sergio,1367,8,1375
Salma,3,1330,1333
Sijmen,1326,3,1329
Sijke,3,1299,1302
Shanna,3,1263,1266
Stientje,3,1245,1248
Sijtze,1232,6,1238
Sylvie,12,1197,1209
Savannah,3,1195,1198
Siebren,1179,3,1182
Shania,3,1170,1173
Siham,0,1144,1144
Said,1046,64,1110
Saartje,3,1092,1095
Sytske,3,1078,1081
Sverre,1055,15,1070
Sijgje,3,1068,1071
Steve,1039,10,1049
Sammy,560,475,1035
Silvan,1025,3,1028
Steffen,1010,3,1013
Servaas,953,57,1010
Siemen,995,3,998
Simeon,990,6,996
Sijbren,995,0,995
Safae,0,994,994
Sonny,974,20,994
Sanna,7,986,993
Stein,961,16,977
Sienna,3,956,959
Semih,959,0,959
Selin,3,927,930
Sjaak,912,10,922
Sandrina,5,909,914
Sikke,906,3,909
Sybilla,77,830,907
Saakje,3,898,901
Swen,891,7,898
Sytze,897,0,897
Salomon,870,0,870
Sydney,469,400,869
Soufiane,859,0,859
Skye,205,632,837
Salomé,7,829,836
Stanislaus,768,37,805
Simona,8,781,789
Sijbrand,779,3,782
Sieger,778,3,781
Solange,9,769,778
Soumaya,0,776,776
Silas,763,3,766
Sabrine,0,760,760
Sjoerdtje,0,754,754
Siegfried,738,7,745
Silvano,741,3,744
Steijn,740,3,743
Sifra,0,740,740
Sebastiana,12,723,735
Sientje,3,732,735
Selim,732,0,732
Sanae,0,727,727
Shanice,0,725,725
Salim,697,14,711
Sultan,103,608,711
Silvie,9,697,706
Sita,5,700,705
Serkan,697,0,697
Steffie,21,671,692
Sena,15,673,688
Sytse,679,3,682
Sasja,47,626,673
Sebas,669,3,672
Steffan,657,3,660
Sibel,3,650,653
Sasha,259,388,647
Sijtje,3,636,639
Sjoerdje,0,637,637
Steyn,635,0,635
Sana,6,628,634
Sky,332,289,621
Sybrand,609,3,612
Sien,19,591,610
Sandor,607,3,610
Salih,596,7,603
Seb,591,0,591
Seline,3,583,586
Steef,577,9,586
Stoffelina,0,576,576
Samet,569,0,569
Silvijn,564,3,567
Sija,3,566,569
Summer,6,557,563
Soufian,559,0,559
Stoffer,556,3,559
Sjef,539,11,550
Shanaya,0,546,546
Shelley,3,536,539
Salima,0,536,536
Sicco,534,3,537
Safouan,534,0,534
Saloua,0,534,534
Sue,12,522,534
Soufyan,525,3,528
Sef,521,5,526
Shivani,3,524,527
Stephania,12,514,526
Siebrigje,0,516,516
Sammie,136,375,511
Shannen,3,509,512
Sina,60,449,509
Seppe,505,3,508
Sinan,502,3,505
Skip,499,3,502
Sandro,496,3,499
Severinus,487,11,498
Siënna,3,491,494
Salvatore,481,9,490
Shanti,23,466,489
Siep,475,13,488
Suzette,3,487,490
Sybe,487,0,487
Serdar,482,0,482
Siebrand,482,0,482
Seraphina,14,462,476
Singh,442,32,474
Siemon,466,3,469
Sijbe,467,3,470
Stoffel,468,0,468
Sierd,463,3,466
Sinem,0,464,464
Siena,3,454,457
Silvio,450,3,453
Sally,20,432,452
Safouane,450,3,453
Sylvano,449,0,449
Shakira,0,445,445
Sema,3,441,444
Sharina,3,443,446
Sylke,5,439,444
Sari,6,437,443
Shaquille,429,10,439
Stephana,3,436,439
Saida,3,437,440
Sijbrigje,0,438,438
Safa,102,335,437
Sieb,428,6,434
Süleyman,429,0,429
Stephany,3,425,428
Siska,3,420,423
Sylvan,422,0,422
Sude,0,421,421
Sylvain,410,8,418
Sanneke,0,412,412
Sipkje,3,411,414
Scarlett,3,405,408
Steffi,3,403,406
Sijtse,404,3,407
Sanjay,397,3,400
Shawn,382,16,398
Saapke,0,396,396
Sjuul,250,144,394
Stuart,383,5,388
Sjirk,385,3,388
Sherida,0,380,380
Stacy,35,345,380
Shelly,8,371,379
Souhaila,0,377,377
Steffanie,3,374,377
Sierk,372,3,375
Sieuwke,16,359,375
Seda,3,372,375
Sibylla,20,354,374
Santino,372,3,375
Sharif,347,20,367
Salvador,359,6,365
Souad,0,363,363
Shiva,278,82,360
Salina,0,358,358
Saphira,0,354,354
Seher,0,353,353
Stefania,3,350,353
Sid,339,12,351
Santiago,337,12,349
Sunny,215,134,349
San,177,170,347
Schelte,346,0,346
Sikko,345,3,348
Samia,0,345,345
Sabri,329,15,344
Spencer,329,15,344
Serhat,342,3,345
Symen,340,0,340
Skyler,209,129,338
Soumia,0,334,334
Sije,329,3,332
Silver,177,155,332
Skylar,79,252,331
Servatia,8,320,328
Sieta,0,327,327
Safia,3,325,328
Sofyan,324,3,327
Siert,323,0,323
Soukaina,0,323,323
Sjieuwke,18,300,318
Sefa,286,28,314
Sieds,307,3,310
Semra,0,308,308
Sabien,3,304,307
Steventje,0,305,305
Serra,3,299,302
Sevda,0,301,301
Sümeyye,0,300,300
Sevgi,0,299,299
Sonia,3,296,299
Suraya,0,297,297
Saffira,0,295,295
Saïd,290,3,293
Safira,3,289,292
Sharmila,0,290,290
Semmy,175,114,289
Sefanja,84,202,286
Stevie,147,136,283
Silva,82,199,281
Stephano,279,0,279
Shirly,3,276,279
Sindy,3,274,277
Safiya,0,277,277
Seine,276,3,279
Silvy,5,271,276
Samanta,3,274,277
Sabir,273,0,273
Shari,3,271,274
Serina,0,272,272
Sharita,3,270,273
Sjerp,269,0,269
Sanjana,0,268,268
Serap,0,267,267
Sakina,0,264,264
Sera,3,262,265
Stanislaw,257,6,263
Sevim,3,259,262
Saliha,0,259,259
Sape,259,0,259
Sezer,254,5,259
Shana,0,257,257
Salome,6,250,256
Samed,256,0,256
Sabah,15,240,255
Shreya,0,255,255
Suraj,253,3,256
Samara,0,254,254
Sharissa,0,254,254
Seger,252,3,255
Savanna,0,250,250
Suzie,0,250,250
Selda,3,248,251
Svenja,3,246,249
Stiena,0,248,248
Sen,215,32,247
Shalini,0,246,246
Sybrandus,245,3,248
Selçuk,245,0,245
Serafina,3,243,246
Sebastien,241,3,244
Sanderina,0,241,241
Sare,3,239,242
Sahar,3,237,240
Sibbeltje,3,236,239
Syb,232,3,235
Sia,3,229,232
Steff,230,3,233
Simran,8,224,232
Salah,195,36,231
Suzy,3,230,233
Sade,3,226,229
Stevelina,0,228,228
Shireen,3,226,229
Santina,3,224,227
Sietje,0,226,226
Sarai,3,224,227
Sébastien,225,0,225
Sijmon,225,0,225
Sandrine,0,223,223
Sinne,45,177,222
Sarissa,0,220,220
Souraya,0,220,220
Salaheddine,219,0,219
Serpil,0,218,218
Sarita,0,216,216
Sijbrandus,215,3,218
Souhail,216,0,216
Severina,7,208,215
Sweder,215,0,215
Sharma,191,23,214
Sjoert,214,0,214
Susannah,5,209,214
Sebilla,7,206,213
Selwyn,210,3,213
Shaun,206,3,209
Shelby,8,201,209
Siebolt,208,0,208
Sipko,208,0,208
Sannah,0,206,206
Shenna,3,203,206
Saul,201,3,204
Sybille,15,187,202
Salah-Eddine,201,0,201
Selene,3,200,203
Semi,192,9,201
Sion,197,3,200
Sibren,200,0,200
Shirin,3,196,199
Stèphanie,3,198,201
Sayed,160,38,198
Sing,169,29,198
Samar,21,176,197
Shayenne,0,197,197
Sofian,195,3,198
Souhaïlla,0,196,196
Sümeyra,0,195,195
Saad,170,24,194
Shivam,193,3,196
Sibbele,192,3,195
Surya,111,82,193
Shauni,3,189,192
Sjoeke,12,179,191
Syl,134,56,190
Santana,52,137,189
Semm,159,30,189
Simen,188,3,191
Songül,0,188,188
Stefina,0,188,188
Sylvian,173,11,184
Soof,0,183,183
Siete,177,5,182
Siobhan,3,178,181
Sabrin,3,178,181
Sedat,179,3,182
Scholastica,5,174,179
Sido,177,3,180
Sill,143,35,178
Stevina,0,178,178
Saïda,0,177,177
Santosh,174,3,177
Sierra,5,171,176
Sahra,0,175,175
Simonia,0,173,173
Sanja,3,170,173
Sieme,167,5,172
Soleil,3,170,173
Sudenaz,0,172,172
Sangeeta,0,171,171
Samya,0,169,169
Sanny,33,136,169
Shan,45,124,169
Siu,76,93,169
Soner,167,3,170
Shay,120,47,167
Sieberen,167,0,167
Safwan,166,0,166
Sergej,166,0,166
Suna,0,166,166
Sadé,3,163,166
Selah,7,158,165
Shailesh,164,0,164
Sanaa,0,163,163
Shira,0,163,163
Simcha,84,79,163
Sercan,152,10,162
Sebo,160,3,163
Satish,159,0,159
Shivan,155,3,158
Stefana,0,159,159
Sies,147,11,158
Samy,145,12,157
Sadhana,3,154,157
Selen,3,154,157
Sun,89,67,156
Sigourney,3,152,155
Sol,108,47,155
Syed,139,16,155
Sila,3,151,154
Sevde,0,153,153
Sherwin,150,3,153
Sidonie,13,140,153
Stefani,3,151,154
Stevan,152,0,152
Sagar,147,3,150
Sidonia,9,141,150
Splinter,148,3,151
Susette,0,150,150
Siementje,0,149,149
Siri,3,148,151
Symon,148,3,151
Safiye,0,148,148
Siewert,148,0,148
Simonette,0,148,148
Sin,32,116,148
Sharmaine,0,147,147
Simonne,12,135,147
Sohaib,145,3,148
Stanislawa,5,142,147
Saifeddine,146,0,146
Sibrand,145,3,148
Sharifa,0,145,145
Seyit,144,0,144
Sándor,143,0,143
Susana,0,143,143
Shanon,13,129,142
Sira,3,140,143
Severine,3,136,139
Sedef,3,138,141
Shayan,134,5,139
Salwa,0,138,138
Sennah,11,127,138
Silvian,136,3,139
Sadik,131,6,137
Sofía,0,137,137
Sergen,136,0,136
Sadie,0,135,135
Samra,0,135,135
Sentina,0,135,135
Shereen,0,135,135
Senem,0,134,134
Serenity,0,134,134
Solana,3,132,135
Stach,134,0,134
Sheetal,0,133,133
Sibylle,8,125,133
Sammy-Jo,0,132,132
Sharida,0,132,132
Sela,5,126,131
Shakur,130,3,133
Shayne,121,10,131
Shaya,3,127,130
Sjonnie,129,3,132
Shalina,0,129,129
Sherilyn,3,128,131
Sieka,0,129,129
Sheena,3,127,130
Sijbolt,127,0,127
Sofieke,0,127,127
Sunita,0,127,127
Swaantje,3,126,129
Sandeep,122,3,125
Sanderijn,6,120,126
Simme,124,3,127
Stéphane,115,11,126
Santos,103,22,125
Sharda,0,125,125
Suleyman,122,3,125
Sumaya,0,125,125
Sunaina,0,125,125
Svetlana,0,125,125
Saif,123,3,126
Sevilay,3,123,126
Shiven,124,0,124
Siebrig,3,121,124
Sjeng,121,3,124
Sian,45,78,123
Soulaiman,123,0,123
Stephina,0,123,123
Savio,118,3,121
Silvain,116,6,122
Semuel,120,3,123
Seraphinus,117,3,120
Seven,73,48,121
Shaniqua,0,121,121
Sheryl,0,121,121
Sim,103,18,121
Solane,0,121,121
Shai,81,39,120
Sharief,120,0,120
Suleika,0,120,120
Santi,86,33,119
Silje,0,119,119
Salman,117,3,120
Seph,118,0,118
Shae,38,80,118
Shayenna,3,117,120
Sent,117,0,117
Shady,94,23,117
Simonetta,0,117,117
Sjaan,9,108,117
Steffy,3,115,118
Sanjeev,116,0,116
Semanur,0,116,116
Shannah,0,116,116
Stian,116,0,116
Syenna,0,116,116
Shamira,0,115,115
Shanya,0,115,115
Sibbelina,3,114,117
Solveig,3,114,117
Saber,110,3,113
Scarlet,3,111,114
Severin,89,23,112
Sippie,3,109,112
Stina,0,112,112
Sage,24,87,111
Sissy,0,111,111
Stefany,3,110,113
Stijna,3,110,113
Sang,81,29,110
Stéfanie,0,110,110
Sybolt,110,0,110
Saba,11,98,109
Seren,3,106,109
Serife,0,109,109
Shakir,106,3,109
Shu,28,81,109
Sjon,109,0,109
Sietsche,3,107,110
Steintje,0,108,108
Stewart,108,0,108
Sybrigje,0,108,108
Semme,78,29,107
Samson,104,3,107
Selman,104,3,107
Stéphan,106,0,106
Stephani,5,101,106
Sahil,105,0,105
Salmon,105,0,105
Sandhya,0,105,105
Serdal,105,0,105
Shailendra,101,3,104
Sherina,0,105,105
Shi,40,65,105
Son,96,9,105
Sheldon,103,3,106
Shivano,104,0,104
Stien,7,96,103
Samirah,0,102,102
Sergei,102,0,102
Sezen,3,101,104
Sippe,102,0,102
Syreeta,0,102,102
Salena,0,101,101
Shabnam,0,101,101
Sieuwert,101,0,101
Swier,101,0,101
Saira,0,100,100
Saleh,85,15,100
Salem,75,25,100
Seff,100,0,100
Selcan,3,98,101
Seraphine,3,98,101
Sezgin,98,3,101
Samentha,0,99,99
Servé,87,12,99
Siepke,8,91,99
Sjouktje,0,99,99
Sylvio,98,3,101
Savi,83,15,98
Shenaya,0,98,98
Sible,98,0,98
Sievert,98,0,98
Soraja,3,96,99
Stine,0,98,98
Süreyya,8,90,98
Saadia,3,95,98
Senta,3,96,99
Simge,0,97,97
Svea,0,97,97
Sergius,94,3,97
Sibolt,96,0,96
Stenn,96,0,96
Safaa,3,92,95
Simke,73,22,95
Sören,94,3,97
Süeda,0,95,95
Samme,86,8,94
Saraï,0,94,94
Sarinah,0,94,94
Semiha,0,94,94
Sharony,3,92,95
Shivesh,94,0,94
Sieuwerd,94,0,94
Sigurd,94,0,94
Silven,94,0,94
Siti,3,93,96
Sjonny,93,3,96
Sybrich,0,94,94
Sadia,0,93,93
Sahin,92,3,95
Sebastiën,88,5,93
Segebertus,93,0,93
Selahattin,93,0,93
Shing,86,7,93
Sonya,0,93,93
Suresh,91,3,94
Sebastián,92,0,92
Siegrid,0,92,92
Sima,3,90,93
Simonus,92,0,92
Saniye,0,91,91
Sarie,3,90,93
Sebina,0,91,91
Selinay,0,91,91
Suat,89,3,92
Sadaf,3,88,91
Serah,3,88,91
Seray,3,87,90
Sjaantje,0,89,89
Süheyla,0,89,89
Selinde,0,88,88
Shauna,3,86,89
Sissi,0,88,88
Solomon,80,8,88
Serhan,85,3,88
Shauny,0,87,87
Sidonius,87,0,87
Siepko,87,0,87
Simay,3,84,87
Sameer,86,0,86
Sandhia,0,86,86
Sarena,0,86,86
Seike,0,86,86
Shivanie,0,86,86
Sibe,86,0,86
Siny,3,85,88
Sjanne,0,86,86
Safiera,0,85,85
Saya,3,83,86
Sayfeddine,85,0,85
Sebastiano,84,3,87
Shanty,0,85,85
Sheng,79,6,85
Sibertus,80,5,85
Silvestra,3,84,87
Stephane,62,23,85
Sunil,83,3,86
Salomo,83,3,86
Samora,9,75,84
Saverio,84,0,84
Seval,3,81,84
Stanislav,84,0,84
Servaes,80,3,83
Sevil,0,83,83
Shriya,0,83,83
Stieneke,0,83,83
Sybranda,0,83,83
Sau,9,73,82
Sébastian,82,0,82
Selia,0,82,82
Seyyid,82,0,82
Sharan,66,16,82
Siardus,80,3,83
Sohail,75,7,82
Sai,69,12,81
Seerp,81,0,81
Seije,80,3,83
Seraja,14,67,81
Servina,3,80,83
Shayna,0,81,81
Silvanus,80,3,83
Sint,78,3,81
Sri,3,77,80
Stefaan,76,5,81
Schalk,80,0,80
Seán,80,0,80
Shankar,78,3,81
Simkje,0,80,80
Soetje,3,79,82
Stanislas,62,18,80
Stern,75,5,80
Suradj,80,0,80
Sal,77,3,80
Serginho,79,0,79
Severijn,78,3,81
Sharron,3,77,80
Serginio,78,0,78
Sevinç,0,78,78
Seyhan,47,31,78
Sherien,0,78,78
Semmi,56,21,77
Shah,62,15,77
Sie,16,61,77
Star,14,63,77
Stéfan,77,0,77
Sulayman,76,3,79
Synthia,0,77,77
Sahel,70,6,76
Salomina,0,76,76
Saron,7,69,76
Saša,66,10,76
Semir,76,0,76
Shahid,72,3,75
Siard,76,0,76
Stanny,45,31,76
Suse,0,76,76
Seyed,70,5,75
Siemkje,0,75,75
Sigbertus,74,3,77
Sjanie,0,75,75
Sophy,3,74,77
Sunniva,0,75,75
Sepkje,0,74,74
Shaheen,28,46,74
Shantie,3,71,74
Sibbe,73,3,76
Sixtus,74,0,74
Sura,3,73,76
Suzet,0,74,74
Sait,73,0,73
Sandrijn,36,37,73
Sarine,0,73,73
Schelto,73,0,73
Shareen,0,73,73
Shiloh,44,29,73
Sinclair,65,8,73
Savina,0,72,72
Seija,0,72,72
Selmar,70,3,73
Siene,23,49,72
Sya,0,72,72
Senay,13,58,71
Siraç,71,0,71
Sapke,0,70,70
Sas,48,22,70
Savanne,3,69,72
Servais,64,6,70
Shahin,64,6,70
Shazia,0,70,70
Shemar,69,3,72
Simonis,65,5,70
Sioe,9,61,70
Spike,69,3,72
Stans,8,62,70
Suzana,0,70,70
Saadet,3,68,71
Saman,56,13,69
Sebe,69,0,69
Servet,58,11,69
Shadé,0,69,69
Shalom,39,30,69
Sharena,0,69,69
Sherani,0,69,69
Sidar,64,5,69
Sieglinde,3,68,71
Silvera,0,69,69
Sjoertje,0,69,69
Sonali,0,69,69
Sylva,3,67,70
Sabijn,3,66,69
Sancho,68,0,68
Savita,3,67,70
Sonam,6,62,68
Soulaïman,68,0,68
Steije,68,0,68
Syta,0,68,68
Sébastiaan,66,3,69
Shadi,45,22,67
Sharella,0,67,67
Sidra,0,67,67
Soenita,0,67,67
Soeradj,67,0,67
Somaya,0,67,67
Sui,21,46,67
Sultana,3,66,69
Sabiha,3,65,68
Salomi,0,66,66
Samuela,0,66,66
Shakti,36,30,66
Shekinah,0,66,66
Sieneke,0,66,66
Siërra,0,66,66
Silvi,0,66,66
Steveline,0,66,66
Suuz,0,66,66
Swan,39,27,66
Sabastiaan,64,3,67
Sapna,0,65,65
Sawan,61,3,64
Selvi,0,65,65
Seymen,65,0,65
Shaira,0,65,65
Silveria,0,65,65
Sjoerdina,0,65,65
Steffany,0,65,65
Stevin,65,0,65
Suzannah,3,64,67
Sachin,62,3,65
Sama,3,63,66
Savaş,63,3,66
Sefer,64,0,64
Semmie,25,39,64
Severino,63,3,66
Sharine,0,64,64
Sherena,0,64,64
Sigebertus,64,0,64
Siger,64,0,64
Silja,0,64,64
Siraj,63,3,66
Styn,61,3,64
Sushmita,0,64,64
Sannie,3,59,62
Selwin,63,0,63
Shelina,0,63,63
Shemara,3,62,65
Shera,3,60,63
Shun,53,10,63
Siara,0,63,63
Siddharth,63,0,63
Signe,0,63,63
Sirin,3,62,65
Stanly,62,3,65
Sunanda,0,63,63
Svend,63,0,63
Sammi,26,36,62
Sarafina,0,62,62
Scotty,61,3,64
Seema,0,62,62
Setske,0,62,62
Séverine,0,62,62
Sieberdina,0,62,62
Sijds,61,3,64
Silverius,61,3,64
Sjanine,0,62,62
Solaïman,62,0,62
Souhaib,62,0,62
Safina,0,61,61
Samina,3,59,62
Scato,61,0,61
Serano,61,0,61
Sharonne,0,61,61
Shayen,24,37,61
Sigmund,61,0,61
Sjan,10,51,61
Stefanos,61,0,61
Stendert,56,5,61
Saeed,47,13,60
Safiyah,0,60,60
Sheranie,0,60,60
Siebo,60,0,60
Sippora,0,60,60
Sjimmie,40,20,60
Sofija,0,60,60
Stefhan,60,0,60
Salsabil,3,58,61
Sayenna,0,59,59
Sebbe,59,0,59
Sherman,58,3,61
Shona,0,59,59
Sieto,58,3,61
Sujata,0,59,59
Sunna,0,59,59
Sandrino,56,3,59
Semina,0,58,58
Shaila,0,58,58
Shanta,0,58,58
Sherif,47,11,58
Sinéad,0,58,58
Siona,0,58,58
Sirach,58,0,58
Soeraya,0,58,58
Sophinus,58,0,58
Susie,0,58,58
Sybil,14,44,58
Sanam,5,52,57
Saraswatie,0,57,57
Seyma,0,57,57
Shen,43,14,57
Sico,57,0,57
Sıla,0,57,57
Sirac,56,3,59
Sjuk,57,0,57
Solita,0,57,57
Swie,31,26,57
Sacharias,56,0,56
Saco,54,3,57
Shanita,0,56,56
Shanne,0,56,56
Shara,0,56,56
Shawnee,6,50,56
Sietska,0,56,56
Soufyane,56,0,56
Sudesh,56,0,56
Sylvi,3,55,58
Savine,3,54,57
Sharwan,55,0,55
Shifra,0,55,55
Sophius,55,0,55
Stienus,55,0,55
Santa,3,50,53
Saraya,0,54,54
Sarris,54,0,54
Serana,0,54,54
Shafiq,50,3,53
Shalinie,0,54,54
Shams,20,34,54
Sherin,15,39,54
Shweta,0,54,54
Sieben,40,14,54
Siebold,54,0,54
Sini,3,53,56
Smahane,0,54,54
Solène,0,54,54
Stanisław,54,0,54
Stijnie,0,54,54
Sue-Ann,3,52,55
Sabiene,0,53,53
Sabira,0,53,53
Saritha,0,53,53
Sarojini,0,53,53
Saske,3,51,54
Sergé,53,0,53
Sev,53,0,53
Shiwani,0,53,53
Siddhartha,50,3,53
Sidi,46,7,53
Sohaïb,53,0,53
Swanette,0,53,53
Sabriye,3,48,51
Samih,49,3,52
Seeske,0,52,52
Seyda,6,46,52
Shaima,0,52,52
Sherine,0,52,52
Siobhán,0,52,52
Siya,0,52,52
Sophieke,0,52,52
Samiha,0,51,51
Santo,49,3,52
Sevcan,0,51,51
Sharlene,0,51,51
Shawny,3,50,53
Sijbilla,3,48,51
Sione,3,49,52
Sonakshi,0,51,51
Soulayman,51,0,51
Stas,47,3,50
Stije,50,3,53
Symone,0,51,51
Saagar,50,0,50
Sanjiv,50,0,50
Saray,0,50,50
Sary,3,46,49
Sigi,32,18,50
Silvya,3,49,52
Simson,50,0,50
Sivan,34,16,50
Solenn,0,50,50
Soukaïna,0,50,50
Stavros,50,0,50
Suitbertus,50,0,50
Saffier,34,15,49
Sania,0,49,49
Sarah-Jane,0,49,49
Serwaa,0,49,49
Shaam,39,10,49
Shahzad,41,8,49
Sibille,7,42,49
Sika,3,45,48
Stofferdina,0,49,49
Samer,41,7,48
Samuella,0,48,48
Selenay,0,48,48
Shamara,0,48,48
Shamir,47,3,50
Shanine,0,48,48
Shanisha,0,48,48
Shao,36,12,48
Sherita,0,48,48
Shyam,47,3,50
Siertje,0,48,48
Sivar,47,3,50
Soraida,0,48,48
Soulaimane,48,0,48
Stevenia,0,48,48
Sulaiman,48,0,48
Sunshine,3,44,47
Sygrid,0,48,48
Santusha,0,47,47
Sayenne,0,47,47
Sertan,47,0,47
Shaina,0,47,47
Shaniya,0,47,47
Shariff,47,0,47
Sharleen,0,47,47
Sijbranda,0,47,47
Sjuulke,0,47,47
Stiene,0,47,47
Sueda,0,47,47
Sumeyye,0,47,47
Sussanna,0,47,47
Svenn,47,0,47
Sangita,0,46,46
Saraswati,0,46,46
Serafinus,44,3,47
Shakila,0,46,46
Shashi,40,6,46
Simina,0,46,46
Sis,3,42,45
Sjanneke,0,46,46
Sjefke,46,0,46
Sabria,3,43,46
Sarika,0,45,45
Sarino,45,0,45
Sarvesh,45,0,45
Seyfullah,45,0,45
Sheree,3,44,47
Shruti,3,44,47
Siebert,45,0,45
Siegert,45,0,45
Sieverdina,0,45,45
Sona,3,43,46
Stéfanus,45,0,45
Suzi,0,45,45
Saviël,36,8,44
Schilleman,44,0,44
Selène,0,44,44
Selly,0,44,44
Sequoia,8,36,44
Seraya,3,42,45
Severien,30,14,44
Sherano,44,0,44
Shirine,0,44,44
Siebregje,0,44,44
Sirius,40,3,43
Sjoukjen,0,44,44
Sum,10,34,44
Syra,0,44,44
Saaktje,0,43,43
Sakura,3,42,45
Samera,0,43,43
Sandrien,3,41,44
Sarella,0,43,43
Savitri,3,42,45
Selcuk,43,0,43
Sergey,42,3,45
Shayla,0,43,43
Silla,0,43,43
Simion,43,0,43
Skander,41,3,44
Soemintra,0,43,43
Steffano,43,0,43
Steinar,43,0,43
Stellan,43,0,43
Stevano,43,0,43
Subhan,39,3,42
Sudem,0,43,43
Sudhir,42,3,45
Suk,0,43,43
Sybella,3,41,44
Sylven,43,0,43
Saleem,25,17,42
Samyra,0,42,42
Saniya,0,42,42
Santje,0,42,42
Saoirse,3,40,43
Semma,0,42,42
Senanur,0,42,42
Sharin,3,41,44
Shivana,0,42,42
Sibella,0,42,42
Siènna,0,42,42
Sihaam,0,42,42
Sijberen,42,0,42
Sipco,42,0,42
Sjabbe,42,0,42
Sjerk,42,0,42
Sofi,0,42,42
Sofiya,0,42,42
Steph,36,6,42
Stephanes,41,3,44
Sükrü,42,0,42
Svenne,9,33,42
Sybout,42,0,42
Syll,32,10,42
Sadiq,32,9,41
Samah,0,41,41
Sanya,3,40,43
Sarisha,0,41,41
Saro,36,5,41
Shailindra,40,3,43
Sharen,3,39,42
Sharmayne,0,41,41
Shelton,40,3,43
Shiela,0,41,41
Siebentje,0,41,41
Siefko,41,0,41
Siemone,0,41,41
Sijntje,0,41,41
Soesja,0,41,41
Soledad,0,41,41
Staf,41,0,41
Suet,0,41,41
Syeda,0,41,41
Saja,3,37,40
Sako,40,0,40
Samier,40,0,40
Sarp,40,0,40
Scipio,40,0,40
Seçil,0,40,40
Segerina,0,40,40
Seng,36,3,39
Sergi,40,0,40
Shadee,3,39,42
Shalena,0,40,40
Shandro,40,0,40
Sharvan,40,0,40
Sianne,0,40,40
Sibelina,0,40,40
Siepie,3,37,40
Sine,14,26,40
Sinie,3,39,42
Sıraç,40,0,40
Sirks,33,7,40
Sisca,0,40,40
Sofiane,37,3,40
Sohrab,40,0,40
Stephaan,39,3,42
Suman,3,38,41
Syd,35,5,40
Sylvestra,3,39,42
Sze,10,30,40
Sabrien,0,39,39
Saranne,0,39,39
Sayuri,0,39,39
Scholte,39,0,39
Seeger,39,0,39
Severa,0,39,39
Sharelle,0,39,39
Sharity,0,39,39
Shawna,0,39,39
Simontje,0,39,39
Sjouk,12,27,39
Souhaïla,0,39,39
Soukayna,0,39,39
Sybrecht,11,28,39
Sadettin,38,0,38
Saffiera,0,38,38
Safi,25,13,38
Sandia,0,38,38
Sanjai,38,0,38
Saran,5,33,38
Sarya,3,37,40
Sayen,8,30,38
Sayra,0,38,38
Secunda,0,38,38
See,12,26,38
Semira,0,38,38
Sendy,3,35,38
Shakil,37,3,40
Shanella,0,38,38
Sharonna,0,38,38
Siebrandus,38,0,38
Sijna,0,38,38
Sille,5,33,38
Sinus,38,0,38
Sirine,0,38,38
Siward,38,0,38
Sohan,36,3,39
Sonne,12,26,38
Suleiman,33,5,38
Sumera,0,38,38
Swastika,0,38,38
Søren,38,0,38
Salvator,32,5,37
Sandie,0,37,37
Sandjana,0,37,37
Sansa,3,36,39
Selie,3,36,39
Shahnaz,3,36,39
Sham,26,11,37
Shanelle,0,37,37
Shaniel,35,3,38
Shaquil,37,0,37
Shaylee,0,37,37
Shayra,0,37,37
Sheela,0,37,37
Sheridan,31,6,37
Sherona,0,37,37
Shiromani,3,36,39
Sicilia,3,36,39
Sigrit,0,37,37
Silvo,37,0,37
Sjouwkje,0,37,37
Sumeya,0,37,37
Surinder,36,3,39
Sabiena,0,36,36
Saïfeddine,36,0,36
Saleisha,0,36,36
Samiya,0,36,36
Sannigje,0,36,36
Sarra,0,36,36
Satria,36,0,36
Savana,0,36,36
Seberdina,0,36,36
Shanique,0,36,36
Shiraz,24,12,36
Siang,30,6,36
Sigmar,36,0,36
Sijbout,36,0,36
Sonay,10,26,36
Stig,35,3,38
Sushma,0,36,36
Susila,0,36,36
Symphorosa,0,36,36
Syreetha,0,36,36
Salam,23,12,35
Sameh,23,12,35
Samuelle,3,34,37
Sarpong,22,13,35
Sayonara,0,35,35
Sebahat,0,35,35
Selver,3,33,36
Senja,6,29,35
Sephora,0,35,35
Sergino,35,0,35
Shahir,34,3,37
Shahira,0,35,35
Shanell,0,35,35
Shea,14,21,35
Shehnaaz,0,35,35
Sibert,35,0,35
Sieske,0,35,35
Sitara,3,34,37
Sjane,3,33,36
Soeraja,0,35,35
Somia,0,35,35
Swopkje,0,35,35
Syrah,0,35,35
Sabinus,31,3,34
Sabra,0,34,34
Salar,33,3,36
Sancia,3,33,36
Saranda,0,34,34
Sarianne,0,34,34
Sebastièn,34,0,34
Sella,3,31,34
Selle,10,24,34
Sensi,0,34,34
Sereno,34,0,34
Servan,34,0,34
Shahnaaz,0,34,34
Shakeel,32,3,35
Sheron,3,31,34
Shin,11,23,34
Shoshanna,0,34,34
Sijbregje,0,34,34
Sip,31,3,34
Sofietje,0,34,34
Sophian,33,3,36
Stevendina,0,34,34
Steward,34,0,34
Sudenur,0,34,34
Suheyla,0,34,34
Sükran,0,34,34
Sumeyra,0,34,34
Sydo,34,0,34
Synco,34,0,34
Saara,0,33,33
Sabeth,0,33,33
Saga,0,33,33
Sajid,27,6,33
Salo,27,6,33
Samim,33,0,33
Sandjay,33,0,33
Sati,3,29,32
Semke,17,16,33
Senno,33,0,33
Sepke,21,12,33
Serrano,32,3,35
Sevrien,31,3,34
Shabana,0,33,33
Shahd,0,33,33
Shama,3,32,35
Sharell,3,30,33
Sharinda,0,33,33
Sharone,0,33,33
Shivin,33,0,33
Shuk,0,33,33
Siam,26,7,33
Sibo,31,3,34
Siebrecht,16,17,33
Sieuke,0,33,33
Sigabertha,0,33,33
Simones,33,0,33
Sjabbo,33,0,33
Sjanet,0,33,33
Sjierk,33,0,33
Sjo,26,7,33
Sjoke,3,29,32
Soerin,33,0,33
Sophine,0,33,33
Suhail,32,3,35
Swinda,0,33,33
Sylvanna,0,33,33
Sabeau,0,32,32
Sabino,32,0,32
Sady,5,27,32
Salomea,0,32,32
Samm,17,15,32
Sarkis,31,3,34
Sarwan,32,0,32
Sedanur,0,32,32
Seif,31,3,34
Selien,0,32,32
Sengül,0,32,32
Seyfi,32,0,32
Shamila,0,32,32
Shani,3,28,31
Sharel,0,32,32
Sharlon,29,3,32
Sheik,28,3,31
Shinta,0,32,32
Shirani,0,32,32
Shirien,0,32,32
Shoshana,0,32,32
Siberta,3,30,33
Sibrich,0,32,32
Siebina,0,32,32
Siebrich,3,31,34
Siegmund,32,0,32
Sienke,0,32,32
Sigfridus,31,3,34
Sigfried,30,3,33
Silvanna,3,31,34
Sirp,32,0,32
Sjakie,29,3,32
Slobodan,31,3,34
Solaiman,32,0,32
Stèphan,32,0,32
Steye,32,0,32
Sunayna,0,32,32
Sune,16,16,32
Swaen,3,29,32
Saffiyah,0,31,31
Safier,28,3,31
Safiyyah,0,31,31
Salmaan,31,0,31
Samad,31,0,31
Sanchez,29,3,32
Sandrie,30,3,33
Sanem,0,31,31
Sante,29,3,32
Savan,22,9,31
Serwaah,0,31,31
Shanel,0,31,31
Sharai,0,31,31
Shardé,0,31,31
Sharika,0,31,31
Sharyn,0,31,31
Sheikh,22,9,31
Shui,13,18,31
Sigismund,31,0,31
Silvestre,29,3,32
Silvion,31,0,31
Siske,6,25,31
Sjannie,0,31,31
Sjeel,0,31,31
Sjoerd-Jan,31,0,31
Soliman,21,10,31
Solin,3,29,32
Sorcha,3,30,33
Stevens,31,0,31
Sybo,31,0,31
Sylvestre,24,7,31
Sabriena,0,30,30
Sadhna,0,30,30
Safiyya,0,30,30
Sandria,0,30,30
Sanita,0,30,30
Savino,30,0,30
Sayf,29,3,32
Sertaç,30,0,30
Shafiek,30,0,30
Shafira,0,30,30
Shantal,0,30,30
Sharbel,30,0,30
Shareena,0,30,30
Sharmilla,0,30,30
Sharwien,30,0,30
Shayaan,30,0,30
Sherany,0,30,30
Sibrandus,30,0,30
Sidika,0,30,30
Sidny,24,6,30
Sijvert,29,3,32
Simône,0,30,30
Siomara,0,30,30
Sjanette,0,30,30
Sjoera,3,29,32
Sjoerdsje,0,30,30
Smaïl,30,0,30
Soe,11,19,30
Soen,23,7,30
Song,23,7,30
Sophianus,29,3,32
Sorena,3,28,31
Soundous,0,30,30
Stannie,7,23,30
Stone,24,6,30
Suardus,30,0,30
Sumeet,30,0,30
Sabilla,3,28,31
Sasker,29,0,29
Satya,14,15,29
Seino,29,0,29
Servasina,0,29,29
Servie,26,3,29
Sevval,0,29,29
Shabir,27,3,30
Shailin,26,3,29
Shalimar,3,25,28
Shamar,27,3,30
Shariq,29,0,29
Shelena,0,29,29
Sherry,0,29,29
Shine,13,16,29
Shiwa,22,7,29
Shurandy,28,3,31
Sierdje,0,29,29
Sigberta,3,26,29
Silvina,0,29,29
Silya,0,29,29
Sipora,0,29,29
Soerinder,29,0,29
Soesma,0,29,29
Sora,3,25,28
Soscha,3,28,31
Stasja,3,26,29
Stefhanie,0,29,29
Sting,29,0,29
Suad,7,22,29
Sümeyya,0,29,29
Susy,3,28,31
Saan,14,14,28
Sacco,28,0,28
Sadi,24,3,27
Sadiye,0,28,28
Saffa,3,27,30
Sakine,3,27,30
Sanela,0,28,28
Saviera,0,28,28
Seferina,0,28,28
Selami,28,0,28
Selima,0,28,28
Sevan,27,3,30
Severiano,28,0,28
Seymour,25,3,28
Shad,26,3,29
Shaheed,28,0,28
Shanou,0,28,28
Sharwin,28,0,28
Sheba,0,28,28
Shermaine,3,25,28
Shiraaz,28,0,28
Sigbertha,0,28,28
Sijko,28,0,28
Sijlvia,0,28,28
Sijmkje,0,28,28
Simmer,11,17,28
Simo,25,3,28
Sinette,0,28,28
Soesila,0,28,28
Solmaz,3,27,30
Staats,28,0,28
Stance,3,27,30
Sahid,26,3,29
Saline,0,27,27
Salvina,0,27,27
Sandesh,27,0,27
Sandjai,27,0,27
Sarin,3,24,27
Séan,26,3,29
Selfina,0,27,27
Semaja,7,20,27
Serferaaz,27,0,27
Shahrukh,27,0,27
Shairon,27,0,27
Shaneequa,0,27,27
Shariva,0,27,27
Sharvani,0,27,27
Shayden,24,3,27
Sherief,27,0,27
Sherise,0,27,27
Sherley,3,26,29
Shima,3,26,29
Shivanand,27,0,27
Shyla,0,27,27
Sibrecht,16,11,27
Siebertus,27,0,27
Sikkelina,0,27,27
Simentje,0,27,27
Sirikit,0,27,27
Siyar,27,0,27
Sjang,27,0,27
Sjimmy,13,14,27
Sjirkje,0,27,27
Skelte,27,0,27
Solke,26,3,29
Souhaïl,27,0,27
Staas,27,0,27
Suki,3,24,27
Surinde,0,27,27
Sussanne,3,26,29
Saban,26,0,26
Sabita,0,26,26
Sabitrie,0,26,26
Saffiya,0,26,26
Safir,24,3,27
Sahida,0,26,26
Sahir,26,0,26
Saïra,0,26,26
Salama,3,22,25
Sarasvati,0,26,26
Sarel,26,0,26
Saroya,0,26,26
Satyam,26,0,26
Scout,15,11,26
Sebahattin,26,0,26
Sebastienne,3,23,26
Sebiha,0,26,26
Sekou,26,0,26
Seliena,0,26,26
Selime,0,26,26
Serafine,3,25,28
Sergia,3,25,28
Sérgio,25,3,28
Sha,10,16,26
Shanaaz,3,25,28
Shanae,0,26,26
Shanté,0,26,26
Sharad,26,0,26
Sharisa,0,26,26
Shayron,26,0,26
Shila,0,26,26
Shivangi,0,26,26
Siebertha,0,26,26
Sied,15,11,26
Sieny,0,26,26
Siet,16,10,26
Sieuw,15,11,26
Sijbertus,26,0,26
Sijmentje,0,26,26
Simoon,3,25,28
Sinja,3,25,28
Sirtje,23,3,26
Sjim,25,3,28
Skipper,21,5,26
Socrates,26,0,26
Stefen,26,0,26
Stelle,0,26,26
Sulaika,0,26,26
Susa,0,26,26
Sushil,24,3,27
Suza,0,26,26
Sven-Erik,26,0,26
Syds,26,0,26
Saawan,25,0,25
Sabe,24,3,27
Sagal,0,25,25
Saim,25,0,25
Sajad,24,3,27
Salahdin,25,0,25
Samarinde,0,25,25
Sarith,0,25,25
Sarolta,0,25,25
Savas,25,0,25
Selfisina,0,25,25
Selva,3,23,26
Semuël,25,0,25
Senya,3,24,27
Setiawan,25,0,25
Seyfettin,25,0,25
Sezai,25,0,25
Shadira,0,25,25
Shalisa,0,25,25
Shamaya,0,25,25
Shanaz,3,24,27
Shanoa,0,25,25
Sharay,0,25,25
Sharaya,0,25,25
Shivali,0,25,25
Sidelya,0,25,25
Siemke,3,23,26
Siënne,0,25,25
Sietsko,25,0,25
Sieze,23,3,26
Silvius,24,3,27
Siméon,25,0,25
Sjacco,25,0,25
Sjoekje,0,25,25
Sjoerdtsje,0,25,25
Soma,3,22,25
Soo,3,22,25
Sophina,0,25,25
Soren,25,0,25
Sou,7,18,25
Stèfan,25,0,25
Steffina,0,25,25
Step,3,22,25
Suffridus,25,0,25
Sung,17,8,25
Sureya,0,25,25
Sveva,0,25,25
Saleha,3,23,26
Sali,10,14,24
Saliem,24,0,24
Samatar,24,0,24
Sarona,0,24,24
Savanah,0,24,24
Schrevelina,0,24,24
Sebrecht,24,0,24
Seferinus,23,3,26
Séline,0,24,24
Selke,3,22,25
Sellina,0,24,24
Séraphine,0,24,24
Seyid,24,0,24
Shamilla,0,24,24
Shantely,0,24,24
Shardee,0,24,24
Sherelle,0,24,24
Shervin,24,0,24
Shimon,24,0,24
Shri,9,15,24
Shyne,22,3,25
Siëna,0,24,24
Siets,19,5,24
Sifrah,0,24,24
Sijtsche,3,23,26
Silena,0,24,24
Sinead,3,23,26
Sinetta,3,23,26
Sippy,0,24,24
Sisi,3,23,26
Sjahnaaz,0,24,24
Sjarai,0,24,24
Soumya,0,24,24
Staffan,24,0,24
Sue-Ellen,0,24,24
Suhaib,22,3,25
Suhaila,0,24,24
Suri,3,23,26
Suryani,0,24,24
Swanhilde,0,24,24
Sybelle,0,24,24
Sybrig,0,24,24
Sybrina,0,24,24
Sylviana,0,24,24
Sympharosa,0,24,24
Syrina,0,24,24
Saajan,23,0,23
Sabry,17,6,23
Safanja,3,22,25
Saffana,0,23,23
Saffron,3,21,24
Saïdjah,14,9,23
Sallie,3,19,22
Saloni,0,23,23
Samuelina,0,23,23
Sarien,0,23,23
Seakle,23,0,23
Sebastina,0,23,23
Sebertus,22,3,25
Segerbertus,23,0,23
Seintje,0,23,23
Semin,22,3,25
Sennen,23,0,23
Serene,3,22,25
Shafi,18,5,23
Shahida,0,23,23
Shalita,0,23,23
Sharisha,0,23,23
Sharisma,0,23,23
Shella,0,23,23
Sherryl,0,23,23
Shirina,0,23,23
Shristi,3,22,25
Siddharta,20,3,23
Sieglien,0,23,23
Siemtje,0,23,23
Sieuwtje,0,23,23
Sinaï,3,21,24
Sjenna,3,22,25
Sjoukina,0,23,23
Soenaina,0,23,23
Sophietje,0,23,23
Sorayah,0,23,23
Soul,15,8,23
Souleymane,23,0,23
Stado,23,0,23
Sterk,23,0,23
Stinus,23,0,23
Suhani,0,23,23
Suleman,20,3,23
Sunnery,22,3,25
Sym,22,3,25
Sabit,22,0,22
Sadat,5,17,22
Sahied,22,0,22
Sahila,0,22,22
Saima,0,22,22
Salmane,22,0,22
Samiera,0,22,22
Sarah-Lynn,0,22,22
Sardha,0,22,22
Sarfo,17,5,22
Scot,21,3,24
Scottie,5,17,22
Segerius,22,0,22
Seleyna,0,22,22
Selvina,0,22,22
Selyna,0,22,22
Senâ,3,21,24
Serine,0,22,22
Seyran,3,19,22
Shailish,22,0,22
Shaista,0,22,22
Shalana,0,22,22
Shanaira,0,22,22
Shardha,0,22,22
Sharene,0,22,22
Sharomy,0,22,22
Shaula,0,22,22
Shenoa,0,22,22
Sheraaz,21,3,24
Shivansh,22,0,22
Shivendra,16,6,22
Shiwanie,0,22,22
Shyra,0,22,22
Sijbert,22,0,22
Sikander,20,3,23
Silene,0,22,22
Silia,3,21,24
Simonnetta,0,22,22
Sirano,22,0,22
Sisley,3,21,24
Sitske,0,22,22
Skay,19,3,22
Sofien,3,19,22
Solveigh,0,22,22
Soufia,0,22,22
Stanislava,3,20,23
Stèfanie,0,22,22
Stineke,0,22,22
Suela,0,22,22
Sufyan,22,0,22
Swaantina,3,21,24
Swanny,3,21,24
Syp,20,3,23
Sywert,22,0,22
Sadet,3,19,22
Sadık,21,0,21
Saed,20,3,23
Saffet,21,0,21
Safwane,21,0,21
Sager,20,3,23
Saige,3,20,23
Saimi,3,19,22
Sairah,0,21,21
Salóme,0,21,21
Samuele,19,3,22
Samuëlla,0,21,21
Sanaâ,0,21,21
Sandora,0,21,21
Sapphira,0,21,21
Saputra,19,3,22
Sargon,20,3,23
Sarieke,0,21,21
Savitrie,0,21,21
Sebastiane,3,20,23
Sebedina,0,21,21
Sebelia,0,21,21
Seçkin,18,3,21
Sees,20,3,23
Seno,21,0,21
Serphina,0,21,21
Serva,0,21,21
Setayesh,0,21,21
Seva,6,15,21
Severius,20,3,23
Sevtap,0,21,21
Shaan,20,3,23
Shadia,0,21,21
Shahad,3,20,23
Shang,10,11,21
Shant,21,0,21
Sharani,0,21,21
Sharien,3,20,23
Sharla,0,21,21
Shayana,0,21,21
Shaylene,0,21,21
Sheraz,19,3,22
Shiwam,21,0,21
Shravan,21,0,21
Shukri,3,18,21
Siana,0,21,21
Siberdina,0,21,21
Sibijlla,3,19,22
Sibina,0,21,21
Siera,0,21,21
Siewerd,21,0,21
Sigal,3,20,23
Simonnette,0,21,21
Sincere,18,3,21
Siphra,0,21,21
Siraadj,21,0,21
Sissel,0,21,21
Siwart,21,0,21
Sjoukien,0,21,21
Soleman,21,0,21
Sousa,11,10,21
Steina,0,21,21
Stephenie,0,21,21
Sterling,18,3,21
Suhayb,21,0,21
Suraja,0,21,21
Sylver,11,10,21
Szymon,21,0,21
Saake,20,0,20
Safoera,0,20,20
Sahira,0,20,20
Saide,3,19,22
Saied,19,3,22
Saïf,20,0,20
Samaria,0,20,20
Samuëlle,0,20,20
Sani,13,7,20
Saphia,0,20,20
Scheltje,0,20,20
Schoontje,0,20,20
Seamus,20,0,20
Sebastiënne,3,18,21
Sedra,0,20,20
Seferino,19,3,22
Senol,19,3,22
Servi,19,3,22
Shahab,20,0,20
Shahied,20,0,20
Shahina,0,20,20
Shaïf,20,0,20
Shaline,0,20,20
Shalisha,0,20,20
Sherana,0,20,20
Sherwien,20,0,20
Sheyenne,0,20,20
Sheyla,0,20,20
Shiwan,20,0,20
Shreeya,0,20,20
Shreyas,20,0,20
Sianna,0,20,20
Siarda,0,20,20
Sibyl,3,17,20
Siebriena,0,20,20
Sieke,0,20,20
Sienie,0,20,20
Sientjo,20,0,20
Siepkje,0,20,20
Sietsia,0,20,20
Sigebertha,0,20,20
Sijkje,0,20,20
Sijmontje,0,20,20
Silina,0,20,20
Silvère,20,0,20
Silviana,0,20,20
Simar,16,3,19
Sineke,0,20,20
Siok,3,16,19
Sixten,19,3,22
Sjoerds,20,0,20
Sly,18,3,21
Smilla,0,20,20
Soeredj,20,0,20
Somaria,0,20,20
Soon,12,8,20
Sorin,19,3,22
Srishti,0,20,20
Steffani,0,20,20
Stevelien,0,20,20
Stjepan,20,0,20
Sudarshan,20,0,20
Sureyya,3,19,22
Sway,3,16,19
Switbertus,20,0,20
Sylvanus,18,3,21
Sylvette,0,20,20
Saabir,19,0,19
Sagitta,0,19,19
Saifedine,19,0,19
Sale,19,0,19
Salisa,0,19,19
Sandhu,11,8,19
Sandi,7,12,19
Sanisha,0,19,19
Sarike,0,19,19
Sea,0,19,19
Sebastia,3,18,21
Sebnem,0,19,19
Sebregt,19,0,19
Sebus,19,0,19
Senaida,0,19,19
Sepehr,19,0,19
Seraphia,0,19,19
Set,18,3,21
Seya,0,19,19
Seydi,18,3,21
Shaïsta,0,19,19
Shamim,0,19,19
Shandy,3,15,18
Sharana,0,19,19
Shareef,19,0,19
Sharmain,3,17,20
Shaunie,0,19,19
Shazad,19,0,19
Sheima,0,19,19
Shenaaz,0,19,19
Shivaya,3,18,21
Shoaib,18,3,21
Sibila,3,18,21
Siebelina,0,19,19
Siebranda,0,19,19
Siegfrieda,3,17,20
Siel,10,9,19
Sierkje,0,19,19
Sierou,0,19,19
Siew,3,15,18
Sihem,0,19,19
Sijgie,0,19,19
Sijverinus,19,0,19
Sikandar,19,0,19
Simón,19,0,19
Sinta,0,19,19
Sivert,18,3,21
Sjanien,3,18,21
Smahan,0,19,19
Solvej,0,19,19
Sonnie,14,5,19
Souffian,19,0,19
Spiros,19,0,19
Stag,18,3,21
Steffenie,0,19,19
Suhayla,0,19,19
Suheyb,19,0,19
Sulma,3,18,21
Sumayya,0,19,19
Sundus,0,19,19
Swaan,3,17,20
Swenne,3,18,21
Syberen,19,0,19
Syenne,0,19,19
Symona,0,19,19
Saapje,0,18,18
Sabahat,0,18,18
Sadrach,17,3,20
Sahara,0,18,18
Salahaddin,17,3,20
Saliou,18,0,18
Samarah,0,18,18
Samba,16,3,19
Sameera,0,18,18
Saminah,0,18,18
Samoa,3,16,19
Sandya,0,18,18
Sanel,18,0,18
Sanne-Marije,0,18,18
Saria,3,15,18
Saroj,13,5,18
Sasa,13,5,18
Sawitrie,0,18,18
Sélina,0,18,18
Selita,0,18,18
Senga,3,15,18
Sense,15,3,18
Serhad,18,0,18
Serita,0,18,18
Seve,16,3,19
Severt,18,0,18
Shailinder,18,0,18
Shanee,0,18,18
Shanil,18,0,18
Sharvin,18,0,18
Shavanna,0,18,18
Shefali,0,18,18
Sheherazade,0,18,18
Shem,18,0,18
Sheraya,0,18,18
Shivany,0,18,18
Shou,12,6,18
Shylina,0,18,18
Sibold,18,0,18
Siedse,18,0,18
Siemona,0,18,18
Sigismunda,0,18,18
Sijme,18,0,18
Silve,3,15,18
Sipan,17,3,20
Siv,3,16,19
Sjack,18,0,18
Sjaco,18,0,18
Sjak,16,3,19
Sjolle,18,0,18
Snow,6,12,18
Soad,0,18,18
Sofya,0,18,18
Somer,10,8,18
Stana,3,17,20
Stanneke,3,17,20
Stéfano,18,0,18
Stefke,7,11,18
Stéphanus,18,0,18
Sterra,3,17,20
Stevanus,18,0,18
Sushila,0,18,18
Swante,0,18,18
Sweitse,18,0,18
Sybertha,0,18,18
Sybold,18,0,18
Sylvaine,3,16,19
Syon,18,0,18
Saaid,14,3,17
Sabahattin,17,0,17
Sabin,8,9,17
Safora,0,17,17
Safwaan,17,0,17
Saime,0,17,17
Sameena,0,17,17
Samgar,17,0,17
Samuél,17,0,17
Sancha,3,15,18
Sando,16,3,19
Sannae,0,17,17
Sarwankumar,17,0,17
Saulus,17,0,17
Sava,12,5,17
Savenna,0,17,17
Savier,17,0,17
Sayèn,0,17,17
Seanna,0,17,17
Seba,3,14,17
Secundus,17,0,17
Sefke,14,3,17
Selinda,0,17,17
Selvinaz,0,17,17
Semantha,0,17,17
Semjon,17,0,17
Senad,17,0,17
Seppo,17,0,17
Serafino,17,0,17
Seran,8,9,17
Seraphin,14,3,17
Serghinio,17,0,17
Sevanja,3,14,17
Sevban,16,3,19
Séverin,9,8,17
Sezin,0,17,17
Shaban,16,3,19
Shahaira,0,17,17
Shanika,0,17,17
Shano,12,5,17
Sharday,0,17,17
Sharifah,0,17,17
Sharoni,0,17,17
Shayma,0,17,17
Shiara,0,17,17
Shihab,17,0,17
Shiri,0,17,17
Shrikant,17,0,17
Siar,17,0,17
Sibbel,10,7,17
Siegbert,17,0,17
Sigeberta,0,17,17
Siglinde,0,17,17
Sijbrecht,8,9,17
Sijbrechtje,0,17,17
Sijne,17,0,17
Sijo,16,3,19
Silco,17,0,17
Silde,0,17,17
Silvania,0,17,17
Silvestrina,0,17,17
Sinitta,0,17,17
Sioux,6,11,17
Sipkjen,0,17,17
Sirah,0,17,17
Sjako,17,0,17
Sjana,0,17,17
Sjaron,3,13,16
Skyla,3,16,19
Snežana,0,17,17
Sobhan,17,0,17
Soelastrie,0,17,17
Sohaila,0,17,17
Solo,17,0,17
Sonaina,0,17,17
Souhayla,0,17,17
Stash,12,5,17
Stasia,0,17,17
Stefanes,16,3,19
Steffelina,0,17,17
Stientjen,0,17,17
Suden,0,17,17
Sufian,17,0,17
Suhana,0,17,17
Sumi,3,16,19
Sumintra,0,17,17
Suusje,0,17,17
Svenny,13,3,16
Swasti,0,17,17
Sybrenne,0,17,17
Syrinx,3,15,18
Safana,0,16,16
Sakariya,16,0,16
Salaheddin,16,0,16
Salvius,16,0,16
Samaira,0,16,16
Samuëla,0,16,16
Sananda,3,13,16
Sanaz,0,16,16
Saqib,15,3,18
Sarah-Lee,0,16,16
Sarwankoemar,16,0,16
Selassie,11,5,16
Selay,0,16,16
Sele,3,13,16
Serenay,0,16,16
Sermin,0,16,16
Serrah,0,16,16
Servio,16,0,16
Sevriena,3,14,17
Seyyed,16,0,16
Shadée,0,16,16
Shaief,16,0,16
Shakina,0,16,16
Shakuntala,0,16,16
Shakyra,0,16,16
Shamil,16,0,16
Shanker,15,3,18
Shaqiel,16,0,16
Sharline,0,16,16
Sharvesh,16,0,16
Shayer,16,0,16
Shayn,15,3,18
Shema,6,10,16
Shems,3,13,16
Shena,0,16,16
Sherifa,0,16,16
Shevaun,3,14,17
Shia,8,8,16
Shilan,3,15,18
Sibertha,0,16,16
Sibrig,0,16,16
Sidharta,11,5,16
Siebrechtje,0,16,16
Siedske,0,16,16
Siek,16,0,16
Sieko,16,0,16
Sietzo,15,3,18
Sieuwe,15,3,18
Sifa,3,15,18
Sigrun,3,15,18
Sijkina,0,16,16
Sijpko,16,0,16
Silan,3,14,17
Simonet,3,15,18
Sintia,0,16,16
Sirik,16,0,16
Sirkka,0,16,16
Siro,15,3,18
Sitti,0,16,16
Sixto,16,0,16
Sjanna,0,16,16
Sjir,14,3,17
Sjoek,15,3,18
Sjra,16,0,16
Slimane,16,0,16
Soender,14,3,17
Soheil,16,0,16
Sola,7,9,16
Solenne,0,16,16
Solvejg,0,16,16
Sophi,0,16,16
Sotirios,16,0,16
Soumiya,0,16,16
Starr,5,11,16
Stephanos,16,0,16
Sterrin,3,15,18
Stevy,10,6,16
Stoffina,0,16,16
Subertus,16,0,16
Süheyl,16,0,16
Suniel,16,0,16
Surajkumar,16,0,16
Surendra,16,0,16
Susi,0,16,16
Suvi,0,16,16
Syara,0,16,16
Sybrandt,16,0,16
Sylviane,0,16,16
Sylvina,0,16,16
Sylwia,3,15,18
Synne,0,16,16
Sypko,16,0,16
Saâd,15,0,15
Saalih,15,0,15
Saanvi,0,15,15
Sadiya,0,15,15
Sadullah,15,0,15
Safak,12,3,15
Saffia,0,15,15
Safin,14,3,17
Sakira,0,15,15
Salvino,15,0,15
Samenda,0,15,15
Samil,15,0,15
Samin,12,3,15
Sanella,0,15,15
Santoshi,0,15,15
Sarinus,15,0,15
Sathya,7,8,15
Satishkumar,15,0,15
Savira,0,15,15
Sayan,14,3,17
Sedney,15,0,15
Seijerdina,0,15,15
Seikelina,0,15,15
Selam,8,7,15
Seléna,0,15,15
Selmer,15,0,15
Sementha,0,15,15
Senny,9,6,15
Sepha,0,15,15
Septje,3,12,15
Serafim,13,3,16
Serafin,13,3,16
Seref,15,0,15
Sergeï,15,0,15
Serlina,0,15,15
Servanda,3,14,17
Servasius,13,3,16
Serwah,0,15,15
Sett,15,0,15
Severo,15,0,15
Sevijn,15,0,15
Sevilla,3,14,17
Sevinc,0,15,15
Seye,13,3,16
Shade,3,14,17
Shahien,14,3,17
Shahzadi,0,15,15
Shalane,0,15,15
Shamier,15,0,15
Shamla,0,15,15
Shanaia,0,15,15
Shanina,0,15,15
Shannan,3,13,16
Shaquel,10,5,15
Sharice,0,15,15
Sharukh,15,0,15
Shasa,9,6,15
Shavelly,0,15,15
Shekhar,15,0,15
Shekina,0,15,15
Shirah,0,15,15
Shomara,0,15,15
Shraddha,0,15,15
Shyheim,15,0,15
Siben,14,3,17
Sicko,15,0,15
Sidharth,15,0,15
Siebegien,0,15,15
Siegebertha,0,15,15
Siegfridus,15,0,15
Siema,0,15,15
Sieni,0,15,15
Sienne,3,14,17
Siette,15,0,15
Sievera,0,15,15
Sievertje,0,15,15
Sigfrida,3,14,17
Sijbrig,0,15,15
Sijchien,0,15,15
Sijgina,0,15,15
Silvino,15,0,15
Siman,3,11,14
Simra,3,14,17
Siran,3,13,16
Sisera,3,13,16
Sixta,0,15,15
Slavko,14,3,17
Socorro,3,13,16
Soeresh,15,0,15
Soetrisno,15,0,15
Sophía,0,15,15
Soraia,0,15,15
Sorayda,0,15,15
Sory,14,3,17
Souleyman,15,0,15
Soumeya,0,15,15
Stanisla,0,15,15
Stefanja,3,14,17
Stevine,0,15,15
Suidbertus,15,0,15
Sümerya,0,15,15
Sündüz,0,15,15
Süreya,3,14,17
Suriya,3,11,14
Susen,0,15,15
Sutrisno,14,3,17
Svenson,15,0,15
Svintha,0,15,15
Swanet,0,15,15
Swenja,0,15,15
Swetlana,0,15,15
Swibertus,15,0,15
Sybrichje,0,15,15
Sabriya,0,14,14
Saheed,14,0,14
Sahib,11,3,14
Saïdja,5,9,14
Saifedinne,14,0,14
Sailesh,14,0,14
Sajan,13,3,16
Sakiena,0,14,14
Sakinah,0,14,14
Sakir,14,0,14
Salemon,14,0,14
Salomie,0,14,14
Salvadore,11,3,14
Samaya,3,13,16
Sanah,0,14,14
Sanda,3,13,16
Sanjivani,3,13,16
Sara-Lynn,0,14,14
Saraja,0,14,14
Sardar,10,3,13
Sarinem,0,14,14
Saroja,0,14,14
Savanja,0,14,14
Sayit,14,0,14
Scholto,14,0,14
Seaske,0,14,14
Sebald,14,0,14
Sebine,0,14,14
Seddik,14,0,14
Seëra,0,14,14
Sefania,3,12,15
Segundo,13,3,16
Seijke,0,14,14
Semia,0,14,14
Senada,0,14,14
Serif,11,3,14
Serona,0,14,14
Setareh,0,14,14
Seyde,0,14,14
Shaé,3,12,15
Shakiel,14,0,14
Shakita,0,14,14
Shamaira,0,14,14
Shaney,3,10,13
Shanity,0,14,14
Shaqeel,14,0,14
Sharaf,11,3,14
Sharaisa,0,14,14
Sharane,0,14,14
Shariefa,0,14,14
Sharmarke,14,0,14
Shavon,8,6,14
Sheriva,0,14,14
Sherly,3,13,16
Shermila,0,14,14
Sheva,3,12,15
Shir,3,10,13
Shirel,0,14,14
Shiv,14,0,14
Shivanni,3,13,16
Shurendy,14,0,14
Siddhart,14,0,14
Siegbertha,0,14,14
Siegbertus,13,3,16
Siese,14,0,14
Sietie,0,14,14
Siewerdina,0,14,14
Sigmond,14,0,14
Siiri,3,13,16
Sijda,0,14,14
Siko,13,3,16
Simba,11,3,14
Simin,3,11,14
Siniša,14,0,14
Siong,13,3,16
Sitki,14,0,14
Sjeffie,12,3,15
Sjitske,0,14,14
Sjuttje,0,14,14
Slamet,12,3,15
Smita,0,14,14
Soedesh,14,0,14
Soeniel,14,0,14
Soete,3,13,16
Sofhia,0,14,14
Sofina,0,14,14
Soham,14,0,14
Solance,0,14,14
Solara,0,14,14
Solei,0,14,14
Soley,3,11,14
Sonita,0,14,14
Soroush,14,0,14
Sorsha,0,14,14
Sosha,3,13,16
Speranza,0,14,14
Spyridon,14,0,14
Statius,12,3,15
Stevo,14,0,14
Stijnis,14,0,14
Suan,6,8,14
Subhaan,14,0,14
Sullivan,12,3,15
Sumeja,0,14,14
Sunay,3,10,13
Supriya,0,14,14
Sushant,13,3,16
Swaluë,6,8,14
Swanica,0,14,14
Sybertus,14,0,14
Sybregje,0,14,14
Sylas,14,0,14
Sylvania,0,14,14
Sytha,0,14,14
Sabella,0,13,13
Sada,0,13,13
Saekle,13,0,13
Safwat,12,3,15
Safya,0,13,13
Sahal,12,3,15
Sahana,0,13,13
Sahrona,0,13,13
Saila,0,13,13
Saladin,13,0,13
Salisha,0,13,13
Samayra,0,13,13
Samenta,0,13,13
Samuëlina,0,13,13
Samuell,12,3,15
Sanaya,0,13,13
Sandera,0,13,13
Sanderijntje,0,13,13
Sandip,12,3,15
Sandrea,0,13,13
Sandrinus,13,0,13
Sane,11,3,14
Sann,3,9,12
Sanne-Fleur,0,13,13
Santoesha,0,13,13
Santoso,12,3,15
Sara-Jane,0,13,13
Sarana,0,13,13
Sarea,0,13,13
Sarfaraaz,13,0,13
Sarida,0,13,13
Sariena,0,13,13
Satine,0,13,13
Saturnina,0,13,13
Sawa,6,7,13
Sawsan,0,13,13
Sayfedinne,13,0,13
Sebb,13,0,13
Sebrina,0,13,13
Sefkan,13,0,13
Ségolène,0,13,13
Sei,10,3,13
Selimhan,13,0,13
Selwa,3,12,15
Senan,11,3,14
Sequoyah,6,7,13
Ser,13,0,13
Serafijn,7,6,13
Serin,3,11,14
Sevi,11,3,14
Sevket,13,0,13
Sevrin,13,0,13
Sewpersad,13,0,13
Sfia,0,13,13
Shaelyn,3,12,15
Shaif,13,0,13
Shalome,3,12,15
Shané,0,13,13
Shantel,0,13,13
Shantell,0,13,13
Shaquan,13,0,13
Sharo,9,3,12
Sharonie,0,13,13
Shasta,3,12,15
Shean,10,3,13
Shehata,10,3,13
Shehnaz,0,13,13
Sherely,0,13,13
Sheriff,11,3,14
Sheyda,3,12,15
Shrishti,0,13,13
Shyreen,0,13,13
Siauw,7,6,13
Sibelia,0,13,13
Sibelle,0,13,13
Siebrichje,0,13,13
Siegrit,0,13,13
Sier,13,0,13
Sieuwkje,0,13,13
Sijfko,13,0,13
Silko,13,0,13
Simonida,0,13,13
Sindie,0,13,13
Siz,0,13,13
Sjraar,11,3,14
Skender,13,0,13
Sneha,0,13,13
Sobina,0,13,13
Soei,7,6,13
Soemini,0,13,13
Soenil,13,0,13
Soeraj,13,0,13
Soeranie,0,13,13
Soeris,13,0,13
Solaine,0,13,13
Solar,7,6,13
Sole,3,11,14
Solena,0,13,13
Solènn,0,13,13
Solon,13,0,13
Sondra,0,13,13
Songul,0,13,13
Sonique,0,13,13
Soran,9,3,12
Sosja,3,12,15
Stacha,3,11,14
Stanne,0,13,13
Stefhanus,12,3,15
Stefine,0,13,13
Stieny,0,13,13
Stojan,13,0,13
Sugianto,13,0,13
Suhaily,0,13,13
Sukran,0,13,13
Sumayyah,0,13,13
Sunildath,13,0,13
Suryanto,13,0,13
Suske,6,7,13
Svante,9,3,12
Swaentje,0,13,13
Sweis,13,0,13
Syger,13,0,13
Symke,3,11,14
Saâdia,0,12,12
Saahil,12,0,12
Saami,11,3,14
Saardina,0,12,12
Sabela,0,12,12
Sadena,0,12,12
Sadira,0,12,12
Saekele,12,0,12
Safah,0,12,12
Safar,10,3,13
Sahand,12,0,12
Saint,10,3,13
Sajjad,12,0,12
Salahedine,12,0,12
Salomée,0,12,12
Sameliena,0,12,12
Samreen,0,12,12
Sandino,12,0,12
Sandré,12,0,12
Sano,10,3,13
Sanora,3,11,14
Saoed,12,0,12
Sappho,3,11,14
Saré,3,11,14
Sarinda,0,12,12
Saruhan,12,0,12
Sarwar,11,3,14
Satu,3,10,13
Saviëlle,0,12,12
Savoy,10,3,13
Sawitri,0,12,12
Sayana,0,12,12
Sayeda,0,12,12
Schoutje,0,12,12
Sebastiaen,12,0,12
Sebastiàn,12,0,12
Sébastiën,12,0,12
Sébastienne,0,12,12
Sebastijan,12,0,12
Seberta,0,12,12
Seborah,3,11,14
Secilia,0,12,12
Seden,0,12,12
Seel,9,3,12
Seelje,0,12,12
Segher,12,0,12
Selbi,0,12,12
Selini,0,12,12
Seloua,0,12,12
Semy,11,3,14
Senza,3,10,13
Sèra,0,12,12
Serayah,0,12,12
Sercinio,12,0,12
Serefina,0,12,12
Seriana,0,12,12
Servy,12,0,12
Seyf,12,0,12
Shadiya,0,12,12
Shaileshkumar,12,0,12
Shaïna,0,12,12
Shairo,12,0,12
Shaka,10,3,13
Shalissa,0,12,12
Shamaila,0,12,12
Shanaja,0,12,12
Shanayra,0,12,12
Shaniva,0,12,12
Shaniyah,0,12,12
Shantidevi,0,12,12
Shantusha,0,12,12
Shanu,0,12,12
Sharayah,0,12,12
Sharlaine,0,12,12
Sharmake,11,3,14
Sharmin,3,9,12
Sharyl,3,10,13
Shaydie,3,11,14
Shayro,12,0,12
Shelagh,0,12,12
Shemaiah,3,9,12
Shenelva,0,12,12
Sheralyn,0,12,12
Shereena,0,12,12
Sherilynn,0,12,12
Sherinda,0,12,12
Sherissa,0,12,12
Sherwan,11,3,14
Shevani,0,12,12
Shevano,12,0,12
Shevon,3,9,12
Shivania,0,12,12
Shmuel,12,0,12
Shulamit,0,12,12
Shura,3,11,14
Shurensley,12,0,12
Shurley,0,12,12
Sibil,9,3,12
Sibillina,0,12,12
Sibout,12,0,12
Siddik,12,0,12
Sidon,10,3,13
Sidoni,0,12,12
Siebes,12,0,12
Siebrien,11,3,14
Siedo,12,0,12
Sierdtje,0,12,12
Sietskina,0,12,12
Sigert,12,0,12
Sijas,12,0,12
Silverio,12,0,12
Silvesta,0,12,12
Silvestro,12,0,12
Sinda,3,11,14
Sinita,0,12,12
Sirwan,9,3,12
Sisa,0,12,12
Sissie,0,12,12
Sito,12,0,12
Siva,3,11,14
Siverinus,12,0,12
Sjaima,0,12,12
Sjoukelina,0,12,12
Skipp,12,0,12
Soekinem,3,10,13
Soerani,0,12,12
Soerinderpersad,12,0,12
Soffia,0,12,12
Soha,0,12,12
Sohayb,12,0,12
Someya,0,12,12
Sophier,12,0,12
Soulimane,12,0,12
Sow,3,10,13
Stefanis,12,0,12
Stelios,12,0,12
Stepan,12,0,12
Stephie,0,12,12
Sudha,0,12,12
Sufyaan,12,0,12
Suha,3,8,11
Suheda,0,12,12
Sunday,5,7,12
Supriana,0,12,12
Surani,3,11,14
Surina,0,12,12
Sus,3,8,11
Susann,0,12,12
Sushilla,0,12,12
Sweitze,12,0,12
Swenn,12,0,12
Sybert,12,0,12
Sybine,0,12,12
Syfra,0,12,12
Sylena,0,12,12
Sylvera,3,11,14
Sylvianne,0,12,12
Sylviënne,0,12,12
Syrena,0,12,12
Saadiq,11,0,11
Saamiya,3,10,13
Sabian,10,3,13
Sabiriin,0,11,11
Sadhena,0,11,11
Safiatou,0,11,11
Sagana,0,11,11
Saina,0,11,11
Saïna,0,11,11
Salahedin,11,0,11
Salahuddin,10,3,13
Salie,3,9,12
Sallah,8,3,11
Salvano,11,0,11
Salvia,0,11,11
Samijn,0,11,11
Samüel,11,0,11
Sandhora,0,11,11
Sandriena,0,11,11
Sangeetha,0,11,11
Sanjeevkumar,11,0,11
Sanjena,0,11,11
Sanni,3,9,12
Sao,3,8,11
Saona,0,11,11
Sapphire,0,11,11
Sardhanand,11,0,11
Sarimin,11,0,11
Sarit,0,11,11
Saska,0,11,11
Savo,5,6,11
Sayna,3,9,12
Schillhorn,3,7,10
Sebastião,11,0,11
Sebella,0,11,11
Seeltje,0,11,11
Segen,3,9,12
Segert,11,0,11
Seham,0,11,11
Selamawit,3,10,13
Sélène,0,11,11
Sellie,0,11,11
Selvana,0,11,11
Semaya,0,11,11
Semual,11,0,11
Semya,0,11,11
Senai,9,3,12
Sentinus,11,0,11
Septimus,11,0,11
Seréna,0,11,11
Sergiano,11,0,11
Sergo,11,0,11
Serop,11,0,11
Sevanne,0,11,11
Severus,11,0,11
Sevin,3,8,11
Sezgi,3,7,10
Shabaz,11,0,11
Shafia,0,11,11
Shahier,11,0,11
Shahrzad,0,11,11
Shaimae,0,11,11
Shaliya,0,11,11
Shamee,0,11,11
Shamita,0,11,11
Shanay,3,7,10
Shanea,0,11,11
Shanessa,0,11,11
Shaniah,0,11,11
Shanise,0,11,11
Shanley,7,3,10
Shanny,6,5,11
Shanoe,3,10,13
Shaquill,11,0,11
Shaquilla,0,11,11
Shaquira,0,11,11
Sharanya,0,11,11
Shardhanand,11,0,11
Sharèl,0,11,11
Sharely,0,11,11
Sharia,3,10,13
Sharik,10,3,13
Sharón,3,10,13
Shatish,11,0,11
Shaw,11,0,11
Shawney,0,11,11
Shazney,0,11,11
Shemayah,3,9,12
Shendrick,11,0,11
Shenny,3,9,12
Sherazade,0,11,11
Sherisa,0,11,11
Sherren,3,10,13
Sherzad,9,3,12
Shiba,0,11,11
Shifayed,11,0,11
Shilana,0,11,11
Shradha,0,11,11
Shuang,3,8,11
Shulamith,0,11,11
Shyenna,0,11,11
Shyron,11,0,11
Sibèl,0,11,11
Siddique,9,3,12
Siebertje,0,11,11
Siebigje,0,11,11
Siebine,0,11,11
Siebout,11,0,11
Siebrina,0,11,11
Siegerdina,0,11,11
Siegmar,11,0,11
Sierik,11,0,11
Sietina,0,11,11
Sietso,11,0,11
Siety,0,11,11
Sieward,11,0,11
Sigo,10,3,13
Sijmetje,0,11,11
Sijtine,0,11,11
Silvinho,11,0,11
Simi,3,10,13
Simla,0,11,11
Simplicia,0,11,11
Simplicius,11,0,11
Sipho,11,0,11
Sirena,3,10,13
Siwan,7,3,10
Siyana,0,11,11
Sjaqiel,11,0,11
Sjarel,9,3,12
Sjieuke,0,11,11
Sjifra,0,11,11
Sjohn,11,0,11
Sjoukeline,0,11,11
Sjutje,0,11,11
Snezana,3,10,13
Soedjono,9,3,12
Soerajja,0,11,11
Solaika,0,11,11
Solano,9,3,12
Somaia,0,11,11
Sophie-Anne,0,11,11
Sorina,0,11,11
Soufyen,11,0,11
Souhailla,0,11,11
Souliman,11,0,11
Souwtje,0,11,11
Soz,3,10,13
Stefáno,11,0,11
Steffentje,0,11,11
Stenny,3,7,10
Steven-Jan,11,0,11
Steverina,0,11,11
Stokely,11,0,11
Styntsje,0,11,11
Sudarshini,0,11,11
Sûde,0,11,11
Süha,10,3,13
Sükriye,0,11,11
Sulakshana,0,11,11
Sule,3,10,13
Sumaira,0,11,11
Suraiya,0,11,11
Suren,11,0,11
Suria,3,10,13
Swanetta,0,11,11
Swannette,0,11,11
Sybrechtje,0,11,11
Sybrine,0,11,11
Sylveria,0,11,11
Syme,11,0,11
Syntyche,3,10,13
Sytje,0,11,11
Syts,3,8,11
Sabi,3,7,10
Sabia,0,10,10
Sabier,10,0,10
Sabire,0,10,10
Sabirin,0,10,10
Sacajawea,3,9,12
Sadek,9,3,12
Sadey,0,10,10
Sadiek,8,3,11
Sadjad,10,0,10
Sado,7,3,10
Safan,9,3,12
Safdar,3,6,9
Safida,0,10,10
Safie,7,3,10
Safiek,10,0,10
Safoua,0,10,10
Saher,3,7,10
Sahidan,0,10,10
Sajida,0,10,10
Sakeena,0,10,10
Sakes,9,3,12
Sakien,0,10,10
Salco,10,0,10
Salesia,0,10,10
Salia,6,3,9
Salimah,0,10,10
Salimatou,0,10,10
Salissa,0,10,10
Salsabila,0,10,10
Salssabil,0,10,10
Samani,0,10,10
Samarinda,0,10,10
Samelina,0,10,10
Samma,5,5,10
Sanderien,0,10,10
Sàndor,10,0,10
Sandrijntje,0,10,10
Sanjaya,9,3,12
Sanjin,10,0,10
Sanjna,0,10,10
Sanju,7,3,10
Santine,0,10,10
Santoshkumar,10,0,10
Santoucha,0,10,10
Saphina,0,10,10
Saphire,3,9,12
Saphyra,0,10,10
Sâre,0,10,10
Sariye,0,10,10
Sarmila,0,10,10
Sarojni,0,10,10
Sarosh,10,0,10
Sascia,0,10,10
Satar,7,3,10
Saturnino,10,0,10
Saveria,0,10,10
Savora,0,10,10
Sawyer,10,0,10
Sayang,5,5,10
Sayfedine,10,0,10
Saziye,0,10,10
Seal,10,0,10
Sebastianes,10,0,10
Sed,9,3,12
Seeliena,0,10,10
Seia,0,10,10
Selby,3,6,9
Seleena,0,10,10
Selestina,0,10,10
Selfiana,0,10,10
Selfianus,10,0,10
Selian,8,3,11
Selvie,0,10,10
Semarja,3,7,10
Sencer,10,0,10
Seneca,5,5,10
Sener,8,3,11
Serafien,3,8,11
Seraph,8,3,11
Serenus,10,0,10
Serfina,0,10,10
Servano,10,0,10
Servatio,0,10,10
Serwan,9,3,12
Seryna,0,10,10
Severdiena,0,10,10
Severiana,0,10,10
Sewan,8,3,11
Seyenna,0,10,10
Shaaban,3,7,10
Shabbir,9,3,12
Shada,0,10,10
Shaddai,5,5,10
Shafali,3,9,12
Shafeeq,10,0,10
Shafieq,10,0,10
Shafier,10,0,10
Shafik,7,3,10
Shafique,9,3,12
Shaheem,10,0,10
Shahinda,0,10,10
Shailender,10,0,10
Shailendre,10,0,10
Shajan,9,3,12
Shaktie,8,3,11
Shaliyah,0,10,10
Shaliza,0,10,10
Shamal,5,5,10
Shamel,6,3,9
Shanand,10,0,10
Shandia,0,10,10
Shanifa,0,10,10
Shanisa,0,10,10
Shaqil,10,0,10
Sharada,0,10,10
Shariska,0,10,10
Sharisse,0,10,10
Sharmiela,0,10,10
Sháron,0,10,10
Sharwankumar,10,0,10
Shavita,0,10,10
Shaylin,3,6,9
Shaznay,0,10,10
Sheilla,0,10,10
Sheline,0,10,10
Shelsey,0,10,10
Shenandoah,3,8,11
Shenice,0,10,10
Sheniva,0,10,10
Sherice,0,10,10
Sheryn,0,10,10
Sheung,3,9,12
Shilo,3,6,9
Shimara,0,10,10
Shinji,10,0,10
Shiny,3,8,11
Shiroj,10,0,10
Shiu,6,3,9
Shivant,10,0,10
Shlomo,10,0,10
Shola,3,9,12
Shudeska,0,10,10
Shy,6,3,9
Shyanne,0,10,10
Sibald,10,0,10
Sibrandina,0,10,10
Siddhant,10,0,10
Siddika,0,10,10
Siea,0,10,10
Siebergjen,0,10,10
Siegmond,10,0,10
Sielke,0,10,10
Siemie,0,10,10
Sigvard,10,0,10
Sihame,0,10,10
Sijbertha,0,10,10
Sijbrandina,0,10,10
Sijja,0,10,10
Sijka,0,10,10
Sijt,10,0,10
Sijtina,0,10,10
Sikkoba,0,10,10
Silly,0,10,10
Simka,0,10,10
Sinjo,9,3,12
Sinthia,3,9,12
Sirat,8,3,11
Sirien,0,10,10
Sisco,10,0,10
Siwar,5,5,10
Sjabnam,0,10,10
Sjarina,0,10,10
Sjarmaine,0,10,10
Sjenetta,0,10,10
Sjieuwkje,0,10,10
Smail,10,0,10
Soerdjpersad,10,0,10
Soerish,10,0,10
Soetinah,0,10,10
Sohayla,0,10,10
Sohil,10,0,10
Solé,3,8,11
Sonaida,0,10,10
Sonrisa,0,10,10
Sonseeahray,0,10,10
Sophias,10,0,10
Sophie-Marie,0,10,10
Soshanna,0,10,10
Souâd,0,10,10
Soulaïmane,10,0,10
Sozdar,7,3,10
Sraar,7,3,10
Stansje,0,10,10
Stanton,10,0,10
Stasz,9,3,12
Stefán,10,0,10
Steffanus,10,0,10
Stellina,0,10,10
Stender,10,0,10
Stenly,10,0,10
Stephanny,3,9,12
Stephelina,0,10,10
Stephine,0,10,10
Stephy,0,10,10
Stéven,10,0,10
Stevey,10,0,10
Stientien,0,10,10
Stylianos,10,0,10
Stynke,0,10,10
Sua,0,10,10
Suen,3,6,9
Sufiyan,10,0,10
Suhayl,10,0,10
Suheyl,10,0,10
Suliman,10,0,10
Sumaiya,0,10,10
Sumit,9,3,12
Suraksha,0,10,10
Surindra,8,3,11
Suryanti,0,10,10
Susma,0,10,10
Susmita,0,10,10
Suus-Anne,0,10,10
Suuske,0,10,10
Suyash,10,0,10
Suyin,0,10,10
Svenya,0,10,10
Sweta,0,10,10
Syan,6,3,9
Sybrandina,0,10,10
Sybrant,10,0,10
Sylla,3,6,9
Sylvion,10,0,10
Saadettin,9,0,9
Saakie,3,7,10
Saantje,0,9,9
Sabar,9,0,9
Sabena,0,9,9
Safet,9,0,9
Saif-Eddine,9,0,9
Saïf-Eddine,9,0,9
Sairagatoen,0,9,9
Sajda,0,9,9
Salesius,9,0,9
Salif,9,0,9
Salime,0,9,9
Salle,9,0,9
Sally-Ann,0,9,9
Salomy,0,9,9
Salvadora,0,9,9
Salvatrice,0,9,9
Samana,3,8,11
Samé,3,7,10
Samie,9,0,9
Samiro,9,0,9
Samo,9,0,9
Sanad,8,3,11
Sandeepkumar,9,0,9
Sanderine,0,9,9
Saner,9,0,9
Sanjali,0,9,9
Sanjaydath,9,0,9
Sanjaykumar,9,0,9
Sapho,0,9,9
Saranke,0,9,9
Saranna,0,9,9
Sarfaraz,9,0,9
Sarian,0,9,9
Sarief,9,0,9
Sarisa,0,9,9
Sarwesh,9,0,9
Sasza,8,3,11
Satina,0,9,9
Satinah,0,9,9
Satirah,0,9,9
Sattar,9,0,9
Savon,7,3,10
Sawita,0,9,9
Schaange,9,0,9
Scheherazade,0,9,9
Scheltina,0,9,9
Scilla,0,9,9
Secundina,3,8,11
Seef,9,0,9
Sefika,0,9,9
Seigje,0,9,9
Seiko,8,3,11
Seina,0,9,9
Seleke,0,9,9
Seléne,0,9,9
Selfi,3,8,11
Selis,6,3,9
Selisa,0,9,9
Selmin,3,7,10
Selvin,8,3,11
Sely,0,9,9
Semara,0,9,9
Sensabille,0,9,9
Sensy,3,8,11
Sepideh,0,9,9
Serafettin,9,0,9
Serafia,0,9,9
Serajah,3,8,11
Seraphim,8,3,11
Sergina,0,9,9
Serigne,9,0,9
Serjoscha,9,0,9
Sevina,0,9,9
Sevrina,3,8,11
Sevrinus,6,3,9
Seyyit,9,0,9
Shabina,0,9,9
Shaddy,8,3,11
Shadrach,9,0,9
Shafana,0,9,9
Shagufta,0,9,9
Shahil,9,0,9
Shahrazad,0,9,9
Shahzaib,9,0,9
Shailes,9,0,9
Shailinie,0,9,9
Shaily,3,6,9
Shakeela,0,9,9
Shaker,7,3,10
Shakoentela,0,9,9
Shalinda,0,9,9
Shalindra,7,3,10
Shalomé,0,9,9
Shalton,9,0,9
Shamairo,9,0,9
Shamayra,0,9,9
Shameer,9,0,9
Shamiro,9,0,9
Shammah,6,3,9
Shanandra,0,9,9
Shanda,0,9,9
Shandor,9,0,9
Shaneen,0,9,9
Shany,3,5,8
Shaquina,0,9,9
Sharaifa,0,9,9
Sharee,0,9,9
Sharilyn,0,9,9
Sharòn,0,9,9
Sharveen,8,3,11
Sharwankoemar,9,0,9
Shary-Ann,0,9,9
Sharyna,0,9,9
Shaurya,9,0,9
Shayanne,3,8,11
Shaydon,8,3,11
Shaye,5,3,8
Shayenn,3,8,11
Sheda,0,9,9
Sheema,0,9,9
Shela,0,9,9
Shenaira,0,9,9
Shenifa,0,9,9
Sheniqua,0,9,9
Sheran,6,3,9
Shérani,0,9,9
Sheren,0,9,9
Sherill,3,7,10
Sherlin,3,8,11
Shermain,3,6,9
Sherrel,3,5,8
Shih,3,5,8
Shik,3,5,8
Shiksha,0,9,9
Shiran,3,6,9
Shiro,8,3,11
Shirojkumar,9,0,9
Shivanjali,0,9,9
Shrawan,9,0,9
Shriyan,9,0,9
Shusha,0,9,9
Shwan,7,3,10
Shyan,3,5,8
Siddarth,9,0,9
Sidokus,9,0,9
Sidrah,0,9,9
Siebel,3,6,9
Siegertje,0,9,9
Siegfrida,0,9,9
Siemontje,0,9,9
Sièna,0,9,9
Sietzke,3,8,11
Sigbert,9,0,9
Sigfrid,7,3,10
Sigourny,3,8,11
Sigried,0,9,9
Sijmpje,0,9,9
Sikkes,8,3,11
Silencio,9,0,9
Silvette,0,9,9
Silvinus,9,0,9
Simkjen,0,9,9
Simohamed,9,0,9
Simpkjen,0,9,9
Simri,9,0,9
Sipje,0,9,9
Sirri,8,3,11
Sisko,7,3,10
Sithri,5,3,8
Sıtkı,9,0,9
Siza,3,8,11
Sjaakie,9,0,9
Sjabbechien,0,9,9
Sjahier,9,0,9
Sjakiel,9,0,9
Sjanel,0,9,9
Sjouwke,3,8,11
Skai,5,3,8
Slavica,0,9,9
Soebhadra,0,9,9
Soefian,9,0,9
Soekarman,9,0,9
Soenario,9,0,9
Soerianie,0,9,9
Soewito,8,3,11
Sofy,0,9,9
Soheila,0,9,9
Solanche,0,9,9
Soleiman,9,0,9
Solien,0,9,9
Solina,0,9,9
Solko,9,0,9
Som,8,3,11
Somara,0,9,9
Sonaya,0,9,9
Sonna,0,9,9
Soraija,0,9,9
Sosan,0,9,9
Souha,0,9,9
Spring,3,7,10
Stefannie,0,9,9
Stefenie,0,9,9
Stephannie,0,9,9
Stéphany,0,9,9
Stepheny,0,9,9
Stevana,0,9,9
Stevenson,9,0,9
Stienie,0,9,9
Stieven,9,0,9
Stuard,9,0,9
Suayip,9,0,9
Sudais,9,0,9
Suellen,0,9,9
Suhainy,0,9,9
Süheda,0,9,9
Sulima,0,9,9
Sumant,8,3,11
Sumayah,0,9,9
Sümbül,0,9,9
Sümeye,0,9,9
Sundeep,8,3,11
Sunjay,9,0,9
Sunn,3,8,11
Supriano,9,0,9
Sure,3,8,11
Surekha,0,9,9
Susanti,0,9,9
Suz,0,9,9
Suzen,3,8,11
Svenna,0,9,9
Svenno,9,0,9
Swobbina,0,9,9
Syarina,0,9,9
Sybill,3,7,10
Syke,3,8,11
Sylvine,0,9,9
Sylwester,8,3,11
Symphony,3,8,11
Syona,0,9,9
Syt,3,7,10
Syte,7,3,10
Saaida,0,8,8
Saarah,0,8,8
Sabas,8,0,8
Sabastian,8,0,8
Sabawoon,8,0,8
Sabitri,0,8,8
Sabiya,0,8,8
Sabrino,8,0,8
Sacid,7,3,10
Sadesh,8,0,8
Sadika,0,8,8
Sadok,8,0,8
Saeske,0,8,8
Saffaana,0,8,8
Saffae,0,8,8
Safiyye,0,8,8
Safwa,0,8,8
Sahdia,0,8,8
Sahier,8,0,8
Saiffeddine,8,0,8
Saimen,8,0,8
Saisha,0,8,8
Sakariye,8,0,8
Saki,8,0,8
Sala,3,5,8
Salahdine,8,0,8
Salimin,8,0,8
Salino,8,0,8
Sallo,8,0,8
Samaa,0,8,8
Samael,8,0,8
Samaina,0,8,8
Samalina,0,8,8
Samiena,0,8,8
Samila,3,7,10
Samilla,0,8,8
Samja,0,8,8
Samnarain,8,0,8
Samoen,7,3,10
Sancar,8,0,8
Sandhiya,0,8,8
Sandry,5,3,8
Sangeetadevi,0,8,8
Santie,0,8,8
Santosha,3,7,10
Santucia,0,8,8
Santy,3,3,6
Saonah,0,8,8
Saoussane,0,8,8
Saralie,0,8,8
Saraphina,0,8,8
Sarenda,0,8,8
Saressa,0,8,8
Sariah,3,7,10
Sarieta,0,8,8
Sarifan,0,8,8
Saripa,0,8,8
Sariska,0,8,8
Sarma,7,3,10
Sarodjni,3,7,10
Satchel,8,0,8
Satia,3,3,6
Satisch,8,0,8
Satyanand,8,0,8
Savennah,0,8,8
Savinio,8,0,8
Sayani,3,7,10
Sayid,8,0,8
Saz,0,8,8
Schetselo,8,0,8
Schouten,7,3,10
Sebian,8,0,8
Sedad,8,0,8
Sefanur,0,8,8
Sefora,0,8,8
Segerus,8,0,8
Seginus,8,0,8
Seha,5,3,8
Sehra,3,7,10
Seiji,8,0,8
Sel,6,3,9
Sélena,0,8,8
Selicia,0,8,8
Seliene,0,8,8
Selikke,0,8,8
Selvia,0,8,8
Selvianus,8,0,8
Senda,0,8,8
Sennur,0,8,8
Sensa,0,8,8
Sentijna,0,8,8
Senyo,8,0,8
Sepanta,8,0,8
Sephyrinus,8,0,8
Séra,3,7,10
Serafima,0,8,8
Seraphien,7,3,10
Serapio,8,0,8
Serengül,0,8,8
Sergeevich,8,0,8
Sergeevna,0,8,8
Sergejevna,0,8,8
Sergine,0,8,8
Serjozja,7,3,10
Servaise,0,8,8
Servinio,8,0,8
Servulus,8,0,8
Setiawati,0,8,8
Sevano,8,0,8
Sevdenur,0,8,8
Sevenja,0,8,8
Sevkan,8,0,8
Sevrienus,7,3,10
Seydou,8,0,8
Seyedeh,0,8,8
Seyithan,8,0,8
Shabier,8,0,8
Shadena,0,8,8
Shadna,0,8,8
Shahbaz,8,0,8
Shahed,5,3,8
Shaiesta,0,8,8
Shailey,0,8,8
Shain,8,0,8
Shairah,0,8,8
Shakirah,0,8,8
Shaleen,0,8,8
Shaleena,0,8,8
Shaliny,0,8,8
Shamiram,0,8,8
Shanaily,0,8,8
Shanaiya,0,8,8
Shannara,0,8,8
Shante,0,8,8
Shantelle,0,8,8
Shaquile,8,0,8
Sharaida,0,8,8
Shareno,8,0,8
Sharette,0,8,8
Shariffa,0,8,8
Sharishma,0,8,8
Sharista,0,8,8
Sharleena,0,8,8
Sharonda,0,8,8
Shary,0,8,8
Shavana,0,8,8
Shavina,0,8,8
Shavira,0,8,8
Shavonne,0,8,8
Shaylesh,8,0,8
Shedy,5,3,8
Sheekh,3,5,8
Shelsy,0,8,8
Shenita,0,8,8
Shenya,0,8,8
Sher,3,5,8
Sherain,0,8,8
Sheralynn,0,8,8
Sheray,0,8,8
Sherelyn,0,8,8
Sheri,0,8,8
Sherlock,7,3,10
Sherrely,3,7,10
Sherrick,8,0,8
Shevanti,0,8,8
Sheyma,0,8,8
Shifayat,8,0,8
Shilpa,0,8,8
Shimona,0,8,8
Shirley-Jane,0,8,8
Shivika,0,8,8
Shivrani,0,8,8
Shiwin,8,0,8
Shobha,0,8,8
Shon,8,0,8
Shoshannah,0,8,8
Shrikesh,8,0,8
Shriyani,0,8,8
Shung,6,3,9
Shusma,0,8,8
Shylana,0,8,8
Sibranda,0,8,8
Sibrechtje,0,8,8
Sibrigje,0,8,8
Sidal,3,7,10
Siddartha,8,0,8
Sıdıka,0,8,8
Siebergje,0,8,8
Siebrant,8,0,8
Siebrechje,0,8,8
Siegram,7,3,10
Siegried,3,7,10
Siemran,0,8,8
Sieska,0,8,8
Sieuwerhardus,8,0,8
Sigge,8,0,8
Sigismundus,8,0,8
Sigur,7,3,10
Sijberta,0,8,8
Sijbold,8,0,8
Sijbregt,0,8,8
Sijfert,8,0,8
Sijm,8,0,8
Sijmke,0,8,8
Sijtzke,0,8,8
Sik,3,3,6
Silawatie,0,8,8
Siline,0,8,8
Siljan,8,0,8
Silvija,0,8,8
Simão,8,0,8
Sime,7,3,10
Simeone,5,3,8
Simmie,3,6,9
Simmigje,0,8,8
Simmy,3,7,10
Simonna,0,8,8
Sinh,7,3,10
Sino,8,0,8
Sintha,0,8,8
Siouxsie,0,8,8
Sir,8,0,8
Siraaj,8,0,8
Sirad,3,5,8
Sirina,0,8,8
Sirtjo,8,0,8
Sisilia,0,8,8
Siwert,8,0,8
Siyabend,8,0,8
Sjaane,0,8,8
Sjake,8,0,8
Sjam,8,0,8
Sjaniene,0,8,8
Sjariefa,0,8,8
Sjarlot,0,8,8
Sjennie,3,7,10
Sjerpje,0,8,8
Sjirin,0,8,8
Sjos,5,3,8
Sjoske,0,8,8
Sjuck,8,0,8
Sjulie,0,8,8
Skadi,0,8,8
Skief,8,0,8
Sladjana,0,8,8
Smaranda,0,8,8
Soares,7,3,10
Sobia,0,8,8
Sobiha,0,8,8
Soejem,3,3,6
Soekardi,8,0,8
Soekarnie,0,8,8
Soekinah,0,8,8
Soelaiman,8,0,8
Soeratmin,8,0,8
Soeshma,0,8,8
Soetkin,3,7,10
Sohani,0,8,8
Solco,8,0,8
Sóley,0,8,8
Soliana,0,8,8
Solveg,0,8,8
Soman,3,7,10
Sonata,3,7,10
Sonetta,0,8,8
Sotiria,0,8,8
Soulaymane,8,0,8
Souleiman,8,0,8
Soundouss,0,8,8
Souren,7,3,10
Souria,0,8,8
Soutje,0,8,8
Soy,5,3,8
Splinther,8,0,8
Spyke,8,0,8
Spyker,8,0,8
Sridevi,0,8,8
Sriyani,0,8,8
Staephanie,0,8,8
Stanja,0,8,8
Stann,8,0,8
Stefanija,0,8,8
Steffannie,0,8,8
Stelling,8,0,8
Stephanis,8,0,8
Stephanius,8,0,8
Stéphano,8,0,8
Stèphen,8,0,8
Stevanie,0,8,8
Stevedina,0,8,8
Stevenie,0,8,8
Steverdina,0,8,8
Stieni,0,8,8
Stijnus,8,0,8
Stijny,0,8,8
Stoffelientje,0,8,8
Stoffellina,0,8,8
Storr,8,0,8
Strahinja,8,0,8
Suaad,0,8,8
Subhadra,0,8,8
Suchitra,0,8,8
Sudi,3,5,8
Suelle,0,8,8
Suheila,0,8,8
Sulema,0,8,8
Suleymen,8,0,8
Sumru,0,8,8
Sunandini,0,8,8
Surye,8,0,8
Susanto,8,0,8
Susilla,3,7,10
Sussana,0,8,8
Sussane,0,8,8
Swaentsje,0,8,8
Syam,5,3,8
Syben,6,3,9
Syberta,0,8,8
Sybryn,8,0,8
Sydnee,3,3,6
Sylia,0,8,8
Sylphia,3,7,10
Sylvanie,0,8,8
Sylvère,8,0,8
Sylvijn,8,0,8
Sylvinho,8,0,8
Syne,7,3,10
Syria,0,8,8
Sytsia,0,8,8
Saada,0,7,7
Saager,7,0,7
Saakshi,0,7,7
Saam,6,3,9
Saana,0,7,7
Sabo,7,0,7
Sabreen,0,7,7
Sachi,3,3,6
Sachiko,0,7,7
Sadhanadevi,0,7,7
Saeeda,0,7,7
Saepke,0,7,7
Safinaz,0,7,7
Safirah,0,7,7
Safiro,7,0,7
Sagrado,5,3,8
Sahadew,7,0,7
Sahan,6,3,9
Sahiel,7,0,7
Sahim,6,3,9
Sahr,6,3,9
Saidi,5,3,8
Saidjah,6,3,9
Saidou,7,0,7
Saidy,3,6,9
Saieda,0,7,7
Saifeddin,7,0,7
Saimon,6,3,9
Sairan,3,3,6
Sakoentela,0,7,7
Saleema,0,7,7
Salema,0,7,7
Saloma,3,5,8
Salsabiel,0,7,7
Saltuk,7,0,7
Salva,5,3,8
Samatha,0,7,7
Samien,5,3,8
Samija,0,7,7
Samire,3,3,6
Sammelina,0,7,7
Sammer,3,5,8
Samsara,3,6,9
Samyar,7,0,7
Sanâa,0,7,7
Sanchia,0,7,7
Sander-Jan,7,0,7
Sanderijna,0,7,7
Sanders,7,0,7
Sandij,3,6,9
Sandija,3,6,9
Sandokan,6,3,9
Sanga,0,7,7
Santucha,0,7,7
Saphir,5,3,8
Saphora,0,7,7
Sapko,7,0,7
Sára,0,7,7
Sarah-Linn,0,7,7
Saranya,0,7,7
Sarientje,0,7,7
Sarifa,0,7,7
Sarijem,0,7,7
Sarjana,0,7,7
Sarrah,0,7,7
Sarto,6,3,9
Sarvan,7,0,7
Saschia,0,7,7
Saskya,0,7,7
Sat,3,6,9
Satiesh,7,0,7
Satilmiş,7,0,7
Satishkoemar,7,0,7
Sativa,0,7,7
Saturna,0,7,7
Satyan,7,0,7
Sauda,0,7,7
Saúl,7,0,7
Saulo,7,0,7
Savanha,0,7,7
Savanya,0,7,7
Savea,3,6,9
Savera,0,7,7
Savia,0,7,7
Savvas,7,0,7
Savy,3,5,8
Sawina,0,7,7
Sayad,7,0,7
Sayeed,7,0,7
Saymon,7,0,7
Sayyed,7,0,7
Scarlette,0,7,7
Scheltus,7,0,7
Schenk,6,3,9
Sead,7,0,7
Seanne,0,7,7
Sebastién,7,0,7
Sebastiènne,0,7,7
Sebes,7,0,7
Sebiena,0,7,7
Seida,0,7,7
Seijer,7,0,7
Seijtje,0,7,7
Selcen,0,7,7
Selesta,0,7,7
Selihom,3,6,9
Sellam,7,0,7
Selvera,0,7,7
Selviana,0,7,7
Selwijn,7,0,7
Selyan,7,0,7
Sèm,5,3,8
Semere,5,3,8
Semhar,0,7,7
Semoël,7,0,7
Semsi,3,5,8
Senam,3,3,6
Seniha,0,7,7
Sennae,0,7,7
Sentse,7,0,7
Seo,3,3,6
Septinus,7,0,7
Seraf,7,0,7
Seral,3,6,9
Serdem,3,3,6
Sereen,0,7,7
Serenda,0,7,7
Serephina,0,7,7
Sergiño,6,3,9
Seri,3,5,8
Serissa,0,7,7
Serjay,7,0,7
Serv,6,3,9
Servando,6,3,9
Servilia,0,7,7
Seta,0,7,7
Seu,0,7,7
Sevannah,0,7,7
Sewnarain,7,0,7
Seychelle,0,7,7
Seyna,0,7,7
Sezayi,7,0,7
Sha're,0,7,7
Shadey,3,5,8
Shahana,0,7,7
Shaheena,0,7,7
Shahla,3,6,9
Shaida,0,7,7
Shailendersingh,7,0,7
Shailinderkumar,7,0,7
Shaïra,0,7,7
Shaja,3,6,9
Shajen,3,3,6
Shalamar,0,7,7
Shalendra,5,3,8
Shalene,0,7,7
Shalysha,0,7,7
Shamika,0,7,7
Shamseddine,7,0,7
Shanety,0,7,7
Shangita,0,7,7
Shanica,0,7,7
Shanida,0,7,7
Shanin,3,6,9
Shanira,0,7,7
Shannel,0,7,7
Shantala,0,7,7
Shanyra,0,7,7
Shaquana,0,7,7
Shaqueel,7,0,7
Shaqur,7,0,7
Sharano,7,0,7
Shardae,0,7,7
Shardée,0,7,7
Shareeta,0,7,7
Sharéna,0,7,7
Sharesh,7,0,7
Sharique,7,0,7
Sharise,0,7,7
Sharitha,0,7,7
Sharlena,0,7,7
Sharlina,0,7,7
Sharmanand,7,0,7
Sharmiladebie,0,7,7
Sharwesh,7,0,7
Shau,5,3,8
Shaughn,7,0,7
Shayant,7,0,7
Shaydey,0,7,7
Shayene,0,7,7
Shayeri,0,7,7
Shaylana,0,7,7
Shaynah,0,7,7
She,0,7,7
Sheen,5,3,8
Shehzad,7,0,7
Shehzadi,0,7,7
Sheida,0,7,7
Sheina,0,7,7
Sheira,0,7,7
Sheku,7,0,7
Shelisa,0,7,7
Shelissa,0,7,7
Shellina,0,7,7
Shemaya,0,7,7
Shenaz,3,6,9
Shendo,7,0,7
Shèng,7,0,7
Shenia,0,7,7
Shennah,3,6,9
Sheraga,0,7,7
Sheraida,0,7,7
Sheraine,0,7,7
Sherel,3,5,8
Shereley,0,7,7
Sherella,0,7,7
Sherihan,0,7,7
Sherisse,0,7,7
Sherlina,0,7,7
Sherlyn,0,7,7
Sherron,3,6,9
Sherwina,0,7,7
Shevan,3,3,6
Shewit,0,7,7
Shey,3,3,6
Shifrah,0,7,7
Shiobian,0,7,7
Shirelle,0,7,7
Shirley-Ann,0,7,7
Shital,3,6,9
Shivaay,7,0,7
Shivaro,7,0,7
Shivash,7,0,7
Shivkumar,7,0,7
Shiya,0,7,7
Sho,3,3,6
Shoesma,0,7,7
Shoshone,3,5,8
Shpresa,0,7,7
Shravankumar,7,0,7
Shrestha,0,7,7
Shridevi,0,7,7
Shula,0,7,7
Shuraily,5,3,8
Shurella,0,7,7
Shurenska,0,7,7
Shurensly,7,0,7
Shyama,0,7,7
Shyenne,0,7,7
Shyrin,0,7,7
Shyvano,7,0,7
Siao,3,5,8
Siarah,0,7,7
Sibbeliena,0,7,7
Sibble,7,0,7
Siddiq,7,0,7
Sidhart,7,0,7
Siebeltje,0,7,7
Siebrandina,0,7,7
Siebrens,3,3,6
Siefke,5,3,8
Siegina,0,7,7
Sienette,0,7,7
Siénna,0,7,7
Sienus,7,0,7
Siepje,0,7,7
Siérra,0,7,7
Sieverdiena,0,7,7
Sigaberta,0,7,7
Sige,5,3,8
Sigebert,7,0,7
Sigmundus,7,0,7
Signy,3,6,9
Sigobertha,0,7,7
Sijbrich,0,7,7
Sijf,7,0,7
Sijmina,0,7,7
Sijneke,0,7,7
Silav,0,7,7
Silbert,7,0,7
Silka,0,7,7
Silvany,0,7,7
Silvar,7,0,7
Silverina,0,7,7
Silvianne,0,7,7
Silvinia,0,7,7
Simea,0,7,7
Simeón,7,0,7
Simoné,3,6,9
Simoni,3,3,6
Simonica,0,7,7
Sinai,3,3,6
Sindi,0,7,7
Sindre,6,3,9
Sipkien,0,7,7
Sippo,7,0,7
Siprianus,7,0,7
Sire,3,3,6
Sirian,7,0,7
Sirk,7,0,7
Sirle,0,7,7
Sirvan,3,3,6
Sit,3,5,8
Siwa,5,3,8
Siyaad,5,3,8
Sja'iesta,0,7,7
Sjaam,7,0,7
Sjabbegien,0,7,7
Sjacky,5,3,8
Sjakko,7,0,7
Sjalom,7,0,7
Sjani,0,7,7
Sjannette,0,7,7
Sjanny,0,7,7
Sjany,0,7,7
Sjerkje,0,7,7
Sjeuwke,0,7,7
Sjierien,0,7,7
Sjoerdine,0,7,7
Sjohnny,7,0,7
Skyelar,3,3,6
Slaviša,7,0,7
Smijtegeld,7,0,7
Sodaba,0,7,7
Soë,0,7,7
Soebhas,7,0,7
Soek,0,7,7
Soekhia,0,7,7
Soeleiman,7,0,7
Soemiati,3,6,9
Soeminah,3,3,6
Soenar,6,3,9
Soeparman,7,0,7
Soeparmi,3,5,8
Soerdj,7,0,7
Soerjadi,7,0,7
Soetina,0,7,7
Soewarni,0,7,7
Sofiana,0,7,7
Sofrides,7,0,7
Sogand,0,7,7
Sohra,0,7,7
Sokaina,0,7,7
Solayman,7,0,7
Soline,0,7,7
Sondos,0,7,7
Soniya,0,7,7
Sonnur,0,7,7
Sophiea,0,7,7
Soraiya,0,7,7
Soroya,3,6,9
Sotero,7,0,7
Souhayb,7,0,7
Souwie,0,7,7
Soydan,6,3,9
Speijer,7,0,7
Spiridon,7,0,7
Spiro,7,0,7
Stacie,0,7,7
Stanford,7,0,7
Stanis,7,0,7
Stanisława,3,6,9
Starla,0,7,7
Stascha,0,7,7
Stavroula,0,7,7
Stefa,0,7,7
Stefelina,0,7,7
Steinie,0,7,7
Stenley,7,0,7
Stergios,7,0,7
Stevi,3,5,8
Stienko,7,0,7
Stofferina,0,7,7
Stofferinus,7,0,7
Stophelina,0,7,7
Stuward,7,0,7
Suardina,0,7,7
Subhi,3,3,6
Sudeshna,0,7,7
Sudjata,0,7,7
Sugiarto,7,0,7
Suğra,0,7,7
Sukaina,0,7,7
Sukhjit,3,3,6
Sükrüye,0,7,7
Sulamith,0,7,7
Sulochana,0,7,7
Sumaiyah,0,7,7
Sumiati,0,7,7
Sunan,3,3,6
Sundari,0,7,7
Sunder,7,0,7
Sunne,3,6,9
Suomi,3,6,9
Surayah,0,7,7
Suredj,7,0,7
Suryo,7,0,7
Suvat,7,0,7
Suwarda,0,7,7
Suweyda,0,7,7
Süzan,0,7,7
Suzanneke,0,7,7
Svasti,0,7,7
Sven-Eric,7,0,7
Swamipersad,7,0,7
Swannet,0,7,7
Sweerdina,3,6,9
Swobina,0,7,7
Swopke,0,7,7
Syano,7,0,7
Sybrechje,0,7,7
Sye,6,3,9
Syleena,0,7,7
Sylvanah,0,7,7
Sylvius,7,0,7
Syna,3,5,8
Syrano,7,0,7
Syrine,0,7,7
Sytsche,0,7,7
Szczepan,7,0,7
Saadi,3,3,6
Saah,3,3,6
Saak,3,5,8
Saakien,0,6,6
Saakjen,0,6,6
Saaya,0,6,6
Sabawoen,6,0,6
Sabbiena,0,6,6
Sabryna,0,6,6
Sabuha,0,6,6
Sabyna,0,6,6
Sacide,0,6,6
Sackey,3,5,8
Sadeq,5,3,8
Sadewa,5,3,8
Sadio,3,3,6
Saël,3,3,6
Saem,6,0,6
Saen,3,3,6
Safieda,0,6,6
Safien,0,6,6
Safiëra,0,6,6
Safija,0,6,6
Safine,0,6,6
Safire,0,6,6
Safoa,0,6,6
Safoura,0,6,6
Saghar,3,3,6
Sagher,5,3,8
Sagita,0,6,6
Sahaira,0,6,6
Sahina,0,6,6
Saidja,3,5,8
Saifaddin,6,0,6
Saifullah,6,0,6
Sailendra,6,0,6
Saimin,6,0,6
Sair,6,0,6
Sajed,6,0,6
Sajiv,6,0,6
Sajra,0,6,6
Sakaria,6,0,6
Sakoentala,0,6,6
Sakshi,0,6,6
Salaah,3,3,6
Salaam,3,3,6
Salahadin,6,0,6
Salamah,0,6,6
Salamon,5,3,8
Saleena,0,6,6
Saliema,0,6,6
Saliman,5,3,8
Salini,0,6,6
Salla,3,5,8
Salli,3,5,8
Sallustia,0,6,6
Salomee,0,6,6
Salon,5,3,8
Salves,5,3,8
Salvus,6,0,6
Sam-Yee,0,6,6
Samadhi,3,3,6
Samae,0,6,6
Samanda,0,6,6
Samanthe,0,6,6
Samee,3,5,8
Saminie,0,6,6
Samita,0,6,6
Samiye,0,6,6
Sammy-jo,0,6,6
Samudra,6,0,6
Samulina,0,6,6
Samyae,0,6,6
Sandeepkoemar,6,0,6
Sanderella,0,6,6
Sandiep,6,0,6
Sandre,3,3,6
Sandu,6,0,6
Sändy,0,6,6
Sanghita,0,6,6
Sangieta,0,6,6
Sanija,0,6,6
Sanjesh,6,0,6
Sanne-Marie,0,6,6
Sanno,6,0,6
Sanouk,0,6,6
Santiano,6,0,6
Santinho,6,0,6
Sany,5,3,8
Sanyu,3,3,6
Saphiera,0,6,6
Saputri,0,6,6
Sâra,0,6,6
Sarah-Joy,0,6,6
Sarah-Louise,0,6,6
Sardjoe,5,3,8
Sareena,0,6,6
Sarfraz,3,3,6
Sarim,6,0,6
Sarinten,3,5,8
Sarista,0,6,6
Sarmad,6,0,6
Sarmi,0,6,6
Sarojnie,0,6,6
Sasan,6,0,6
Satendra,6,0,6
Satia-Graha,3,3,6
Satinem,0,6,6
Satoshi,6,0,6
Satwatie,0,6,6
Satwinder,3,5,8
Satyen,6,0,6
Sausan,0,6,6
Savian,6,0,6
Saviano,6,0,6
Savion,6,0,6
Saviour,5,3,8
Sawera,0,6,6
Sayfedin,6,0,6
Sayfullah,6,0,6
Saynab,0,6,6
Sayyad,5,3,8
Sazan,0,6,6
Schae,0,6,6
Scharon,0,6,6
Schwibettus,6,0,6
Séamus,6,0,6
Season,3,3,6
Sébas,6,0,6
Sebi,5,3,8
Sebil,0,6,6
Sebile,0,6,6
Sedy,0,6,6
Sefanya,0,6,6
Segunda,0,6,6
Sehnaaz,0,6,6
Sehrish,0,6,6
Seichina,0,6,6
Seijgje,0,6,6
Seijo,6,0,6
Seïra,0,6,6
Sejad,6,0,6
Sejla,0,6,6
Sek,3,3,6
Seke,3,5,8
Selahaddin,6,0,6
Selfesina,0,6,6
Selino,6,0,6
Selmen,6,0,6
Selorm,3,3,6
Semen,3,3,6
Semerina,0,6,6
Sèna,3,5,8
Sendi,3,5,8
Sendra,0,6,6
Senon,6,0,6
Senske,0,6,6
Sentine,0,6,6
Senzi,0,6,6
Septima,0,6,6
Sequoya,3,3,6
Sérah,0,6,6
Serai,3,3,6
Seraphica,3,5,8
Serayno,6,0,6
Sereena,0,6,6
Serfaas,6,0,6
Serghino,6,0,6
Sergiu,6,0,6
Seriel,3,3,6
Seriena,0,6,6
Serkay,6,0,6
Sermed,6,0,6
Serre,3,3,6
Sertac,6,0,6
Sertap,0,6,6
Servatina,0,6,6
Server,3,3,6
Servia,0,6,6
Servin,5,3,8
Servine,0,6,6
Servula,0,6,6
Sesil,0,6,6
Setara,0,6,6
Setenay,0,6,6
Sethi,5,3,8
Severein,6,0,6
Sévérine,0,6,6
Severio,6,0,6
Sevgül,0,6,6
Sevki,5,3,8
Sevn,6,0,6
Sevrijn,6,0,6
Seweryn,6,0,6
Sey,3,3,6
Seylan,3,5,8
Seynabou,0,6,6
Seyyide,0,6,6
Seza,3,5,8
Shaad,5,3,8
Shaamkumar,6,0,6
Shae-Lynn,0,6,6
Shaeden,5,3,8
Shaelynn,0,6,6
Shafir,5,3,8
Shahiel,6,0,6
Shahim,6,0,6
Shahinaz,0,6,6
Shaikh,5,3,8
Shailendrasingh,6,0,6
Shailina,0,6,6
Shailini,0,6,6
Shailis,6,0,6
Shainaaz,0,6,6
Shaine,3,3,6
Shainy,0,6,6
Shaireen,0,6,6
Shakaina,0,6,6
Shakier,6,0,6
Shakisha,0,6,6
Shakuntela,0,6,6
Shalyna,0,6,6
Shameen,3,5,8
Shami,3,3,6
Shamina,0,6,6
Shamiran,0,6,6
Shamsa,0,6,6
Shanaida,0,6,6
Shanairo,6,0,6
Shanan,3,3,6
Shanayah,0,6,6
Shandra,0,6,6
Shanicia,0,6,6
Shanila,0,6,6
Shanissa,0,6,6
Shanomy,0,6,6
Shantha,3,3,6
Shantidebie,0,6,6
Shantosh,6,0,6
Shaqir,6,0,6
Shareefa,0,6,6
Shareshma,0,6,6
Sharety,0,6,6
Shariena,0,6,6
Sharish,6,0,6
Sharitadevi,0,6,6
Sharjeel,6,0,6
Sharlize,0,6,6
Sharna,0,6,6
Sharoena,0,6,6
Sharon-Rose,0,6,6
Sharoon,3,5,8
Sharoya,0,6,6
Sharrif,6,0,6
Sharuna,0,6,6
Sharwish,6,0,6
Shashank,5,3,8
Shasmeen,0,6,6
Shauntae,0,6,6
Shauri,3,5,8
Shavano,6,0,6
Shavenna,0,6,6
Shawky,3,3,6
Shawni,0,6,6
Shayar,6,0,6
Shaydee,0,6,6
Shayeeda,0,6,6
Shayel,3,3,6
Shaylan,5,3,8
Shayleigh,0,6,6
Shayli,0,6,6
Shayren,6,0,6
Shaza,0,6,6
Shee,3,3,6
Sheera,0,6,6
Sheeraz,6,0,6
Sheermohamed,6,0,6
Shehera,0,6,6
Sheherezade,0,6,6
Sheilagh,0,6,6
Sheilah,0,6,6
Shelana,0,6,6
Shemaine,0,6,6
Shemariah,3,5,8
Shemayra,0,6,6
Shenayah,0,6,6
Sheneequa,0,6,6
Shennen,3,3,6
Sheraldine,0,6,6
Sherane,0,6,6
Sheraton,5,3,8
Sherell,3,5,8
Sherity,0,6,6
Sherwood,6,0,6
Sheryll,0,6,6
Shevany,3,5,8
Shifa,3,3,6
Shimène,0,6,6
Shimora,0,6,6
Shiou,3,3,6
Shirana,0,6,6
Shiraya,0,6,6
Shirean,0,6,6
Shirida,0,6,6
Shiromanie,0,6,6
Shiromenie,0,6,6
Shiromi,0,6,6
Shiron,0,6,6
Shirwan,3,3,6
Shivairo,6,0,6
Shivanidevi,0,6,6
Shivon,0,6,6
Shivra,0,6,6
Shivraj,6,0,6
Shivram,6,0,6
Shomari,5,3,8
Shonali,0,6,6
Shoshanah,0,6,6
Shree,0,6,6
Shresta,0,6,6
Shreyash,6,0,6
Shria,0,6,6
Shuaib,6,0,6
Shulaika,0,6,6
Shuo,3,3,6
Shushan,0,6,6
Shusmita,0,6,6
Shya,3,3,6
Shylo,3,3,6
Shyloh,3,3,6
Shyrien,0,6,6
Shyro,6,0,6
Sibbelena,0,6,6
Sibbelien,0,6,6
Sibbina,0,6,6
Sibbrandus,6,0,6
Sibenus,6,0,6
Sibrant,6,0,6
Sibrichje,0,6,6
Sicilio,6,0,6
Sidd,6,0,6
Siddhi,3,5,8
Sıddık,6,0,6
Side,3,3,6
Siderius,5,3,8
Sidiki,6,0,6
Sidona,0,6,6
Sidone,0,6,6
Sidy,3,3,6
Siebeldina,0,6,6
Sieberien,6,0,6
Sieberigje,0,6,6
Siebrenne,0,6,6
Siede,6,0,6
Siege,6,0,6
Siegerke,0,6,6
Siegerlina,0,6,6
Siegfriedus,6,0,6
Siemy,0,6,6
Sierck,6,0,6
Sièrra,0,6,6
Sietsje,0,6,6
Sieuwko,6,0,6
Siewart,6,0,6
Sif,3,3,6
Sigibalda,0,6,6
Sigisbertus,6,0,6
Sigri,0,6,6
Sijanne,0,6,6
Sijbo,6,0,6
Sijbreg,0,6,6
Sijde,6,0,6
Sijger,6,0,6
Sijgien,3,5,8
Sijkelina,0,6,6
Sijlvester,6,0,6
Sijmone,0,6,6
Sijn,3,3,6
Sijs,5,3,8
Sijtskedina,0,6,6
Sijtzes,6,0,6
Silana,0,6,6
Sillah,3,5,8
Silma,0,6,6
Silvane,0,6,6
Silvanie,3,3,6
Silvin,5,3,8
Silvinio,6,0,6
Silvyn,6,0,6
Sily,0,6,6
Simara,0,6,6
Simco,6,0,6
Simeona,0,6,6
Simmiggien,0,6,6
Simões,3,5,8
Simon-Jan,6,0,6
Simonie,0,6,6
Simrah,0,6,6
Sinaida,0,6,6
Sinderella,0,6,6
Sindri,5,3,8
Sinna,3,5,8
Sinthuja,0,6,6
Sinyo,6,0,6
Sio,5,3,8
Siouar,5,3,8
Siradj,6,0,6
Sirak,6,0,6
Sireen,0,6,6
Sirpa,0,6,6
Sisqo,6,0,6
Sitah,0,6,6
Sity,0,6,6
Sivano,6,0,6
Sivard,6,0,6
Siw,3,5,8
Siwarde,0,6,6
Six,5,3,8
Sixtina,0,6,6
Sjaakje,0,6,6
Sjacko,5,3,8
Sjacobus,6,0,6
Sjahid,6,0,6
Sjaiesta,0,6,6
Sjakira,0,6,6
Sjaloom,3,3,6
Sjamilla,0,6,6
Sjamme,6,0,6
Sjanelle,0,6,6
Sjanina,0,6,6
Sjantine,0,6,6
Sjard,6,0,6
Sjardee,0,6,6
Sjean,3,3,6
Sjer,5,3,8
Sjerpjen,0,6,6
Sjetske,0,6,6
Sjirkelina,0,6,6
Sjoerdtina,0,6,6
Sjomara,0,6,6
Sjordy,6,0,6
Sjorsje,0,6,6
Sjuultje,0,6,6
Skeeter,0,6,6
Skott,6,0,6
Skyeler,3,3,6
Sladana,0,6,6
Slava,3,3,6
Slavka,0,6,6
Sleman,6,0,6
Sliman,6,0,6
Smadar,0,6,6
Smaragda,0,6,6
Smaragdus,3,3,6
Soaad,0,6,6
Soebaida,0,6,6
Soediono,6,0,6
Soejati,0,6,6
Soekarmin,6,0,6
Soekartinie,0,6,6
Soekhram,6,0,6
Soekimin,5,3,8
Soeman,3,5,8
Soemarnie,0,6,6
Soemiatie,0,6,6
Soenarmin,6,0,6
Soepardi,6,0,6
Soeradie,6,0,6
Soeradjkumar,6,0,6
Soeratinem,0,6,6
Soeratini,0,6,6
Soeriani,0,6,6
Soeroedj,6,0,6
Soesanto,6,0,6
Soet,3,3,6
Sofhie,0,6,6
Sohad,0,6,6
Soheib,6,0,6
Solace,3,3,6
Solis,3,3,6
Solyman,6,0,6
Somaira,0,6,6
Somaja,0,6,6
Somarie,0,6,6
Sönmez,3,3,6
Sonni,3,3,6
Sook,3,3,6
Sophie-Ann,0,6,6
Sorella,0,6,6
Soria,0,6,6
Sorour,3,5,8
Sotiris,6,0,6
Soubiha,0,6,6
Souhir,0,6,6
Soulaymen,6,0,6
Soumaia,0,6,6
Souverein,6,0,6
Souza,3,3,6
Sowie,3,3,6
Soykan,6,0,6
Spijk,6,0,6
Spyros,6,0,6
Srdjan,6,0,6
Srećko,6,0,6
Srianie,0,6,6
Srikant,6,0,6
Sriya,0,6,6
Srđan,6,0,6
Staatsina,0,6,6
Starlight,3,5,8
Stavro,6,0,6
Stefanina,0,6,6
Stefanio,3,3,6
Stefanius,6,0,6
Steffe,6,0,6
Steffiena,0,6,6
Stefi,3,5,8
Stefiena,0,6,6
Steiner,6,0,6
Steiny,0,6,6
Stelvio,6,0,6
Stemer,6,0,6
Stephanette,0,6,6
Steppe,3,3,6
Sterne,3,5,8
Stevany,0,6,6
Steyntje,0,6,6
Stibbe,6,0,6
Stienke,0,6,6
Stijnnus,6,0,6
Stirling,6,0,6
Stoer,5,3,8
Stofferlina,0,6,6
Stoffiena,0,6,6
Stokeley,6,0,6
Styntje,0,6,6
Suada,0,6,6
Subeer,6,0,6
Subhash,6,0,6
Suchita,0,6,6
Sudhier,6,0,6
Suéla,0,6,6
Suely,0,6,6
Sufjan,6,0,6
Suheel,5,3,8
Suine,6,0,6
Suitberta,0,6,6
Suitbertha,3,5,8
Sujan,6,0,6
Sukeyna,0,6,6
Sukhman,0,6,6
Sumaila,3,3,6
Sumarni,0,6,6
Sümeya,0,6,6
Sumeyya,0,6,6
Sumina,0,6,6
Sumitra,0,6,6
Sundi,0,6,6
Sunehra,0,6,6
Sungur,6,0,6
Sunitha,0,6,6
Suniva,0,6,6
Sunya,0,6,6
Suong,0,6,6
Suradjkumar,6,0,6
Surafel,6,0,6
Suraija,0,6,6
Suraisha,0,6,6
Suray,3,3,6
Surella,0,6,6
Surena,3,3,6
Suriani,0,6,6
Sushama,0,6,6
Susje,0,6,6
Sussan,0,6,6
Sutan,6,0,6
Suvan,3,3,6
Suyenne,0,6,6
Suze-Anne,0,6,6
Suziena,0,6,6
Swaantine,0,6,6
Swami,6,0,6
Swamie,6,0,6
Swendley,6,0,6
Syana,0,6,6
Sybel,0,6,6
Sybelia,0,6,6
Sybien,0,6,6
Sybrân,6,0,6
Sybrit,0,6,6
Sybritte,0,6,6
Sylle,3,5,8
Sylvani,3,3,6
Sylvanne,0,6,6
Sylvesta,0,6,6
Sylviano,6,0,6
Symkje,0,6,6
Synnöve,0,6,6
Syriana,0,6,6
Syro,5,3,8
Syske,0,6,6
Syto,6,0,6
Szilvia,0,6,6
Sa'ad,5,0,5
Saa,3,3,6
Saacid,5,0,5
Saadhna,0,5,5
Saadiya,0,5,5
Saaniya,0,5,5
Saare,0,5,5
Saartina,0,5,5
Sabarina,0,5,5
Sabatini,0,5,5
Sabba,0,5,5
Sabeen,0,5,5
Sabeer,5,0,5
Sabiana,0,5,5
Sabida,0,5,5
Sabienne,3,3,6
Sabih,5,0,5
Saboor,3,3,6
Sabr,5,0,5
Sabriene,0,5,5
Sabriin,0,5,5
Saby,3,3,6
Sabyne,0,5,5
Sachien,5,0,5
Sadea,0,5,5
Sadiiq,3,3,6
Sadija,0,5,5
Sadin,3,3,6
Sadja,3,3,6
Sadrak,5,0,5
Sadya,0,5,5
Saef,5,0,5
Sael,3,3,6
Saer,3,3,6
Safâ,3,3,6
Safeer,5,0,5
Safer,5,0,5
Safiena,0,5,5
Safieragatoen,0,5,5
Safran,3,3,6
Sahaar,0,5,5
Saharah,0,5,5
Sahba,3,3,6
Sahera,0,5,5
Sahieda,0,5,5
Saïdah,0,5,5
Saifan,3,3,6
Saifuddin,5,0,5
Sailor,3,3,6
Sainabou,0,5,5
Sainah,0,5,5
Sainem,0,5,5
Sainey,3,3,6
Saiyada,0,5,5
Sajana,3,3,6
Sajani,0,5,5
Sajidah,0,5,5
Sajjed,5,0,5
Sajni,0,5,5
Sakho,3,3,6
Saladdin,3,3,6
Salah-eddine,5,0,5
Salaheldin,5,0,5
Salesio,3,3,6
Salicia,0,5,5
Salihah,0,5,5
Salimata,0,5,5
Saling,5,0,5
Salko,5,0,5
Sallerine,0,5,5
Salomón,5,0,5
Salua,0,5,5
Salvatorica,0,5,5
Saly,3,3,6
Sam-Yi,0,5,5
Samaël,5,0,5
Samai,3,3,6
Samale,5,0,5
Samarth,5,0,5
Samay,3,3,6
Samel,5,0,5
Samiah,0,5,5
Samine,3,3,6
Samiyah,0,5,5
Samona,0,5,5
Samorah,0,5,5
Samorano,5,0,5
Samran,3,3,6
Samrawit,0,5,5
Samsam,0,5,5
Samseer,5,0,5
Samwel,5,0,5
Sanderadus,3,3,6
Sanderintje,0,5,5
Sandina,0,5,5
Sandoa,3,3,6
Sandriana,0,5,5
Sandrikus,5,0,5
Sangeetadebie,0,5,5
Sangheeta,0,5,5
Sangini,0,5,5
Sanijem,0,5,5
Sanin,5,0,5
Saniyah,0,5,5
Sanjaikoemar,5,0,5
Sanjanadevi,0,5,5
Sanjeeta,0,5,5
Sanjeevani,0,5,5
Sanjit,5,0,5
Sanne-Lotte,0,5,5
Sanne-Lynn,0,5,5
Sanne-Marijn,3,3,6
Sanne-Marye,0,5,5
Sannemarijn,0,5,5
Sant,3,3,6
Santhino,5,0,5
Santhos,5,0,5
Santosa,5,0,5
Santusia,0,5,5
Sanvi,0,5,5
Sanvir,5,0,5
Sanyika,3,3,6
Sar'a,0,5,5
Sârâ,0,5,5
Sara-Louise,0,5,5
Saraa,0,5,5
Sarada,0,5,5
Sarah-Anna,0,5,5
Sarah-Marie,0,5,5
Saraí,0,5,5
Saral,3,3,6
Sarang,0,5,5
Sarath,3,3,6
Sarelie,0,5,5
Saren,3,3,6
Saréna,0,5,5
Sariana,0,5,5
Sariël,0,5,5
Sarijke,0,5,5
Sariman,5,0,5
Sarinie,0,5,5
Saris,3,3,6
Sariya,0,5,5
Sarkodie,3,3,6
Sarles,5,0,5
Sarlina,0,5,5
Sarmalina,0,5,5
Sarmin,3,3,6
Sarodj,3,3,6
Sarodjnie,0,5,5
Sarper,5,0,5
Sarrita,0,5,5
Sarron,3,3,6
Sarus,5,0,5
Sarwat,3,3,6
Sarwen,5,0,5
Sashi,3,3,6
Sassiena,0,5,5
Sastro,5,0,5
Satcha,0,5,5
Satijn,3,3,6
Satske,0,5,5
Satyajit,5,0,5
Savahna,0,5,5
Savanjo,5,0,5
Savano,5,0,5
Saviënna,0,5,5
Sayah,3,3,6
Saybia,3,3,6
Sayd,5,0,5
Sayda,3,3,6
Saydee,0,5,5
Sayim,5,0,5
Saynur,0,5,5
Sayon,3,3,6
Sazia,0,5,5
Scheltine,0,5,5
Scholastika,0,5,5
Scholtens,5,0,5
Schoutina,0,5,5
Schwanette,0,5,5
Schwibertus,5,0,5
Scully,3,3,6
Sean-Paul,5,0,5
Sebelina,0,5,5
Seben,3,3,6
Sebenus,5,0,5
Sebrechtus,5,0,5
Sebylla,0,5,5
Secil,0,5,5
Sedar,5,0,5
Sedi,0,5,5
Sedilia,0,5,5
Sedna,0,5,5
Seekle,5,0,5
Seerat,0,5,5
Seeta,0,5,5
Sefin,5,0,5
Sefina,0,5,5
Sefrien,3,3,6
Sefton,3,3,6
Segun,5,0,5
Sehar,0,5,5
Sehmus,5,0,5
Sehriban,0,5,5
Seid,5,0,5
Seigina,0,5,5
Seitje,0,5,5
Sekandar,5,0,5
Sekhar,5,0,5
Sékou,5,0,5
Sekyere,5,0,5
Séla,0,5,5
Selâhattin,5,0,5
Selehattin,5,0,5
Selenia,0,5,5
Selfia,0,5,5
Seliha,0,5,5
Sélim,3,3,6
Seliza,0,5,5
Selmon,3,3,6
Selomi,0,5,5
Selsa,0,5,5
Selsabiel,0,5,5
Selvio,5,0,5
Semanta,0,5,5
Semie,3,3,6
Semire,0,5,5
Semna,0,5,5
Semsettin,5,0,5
Semyon,5,0,5
Senait,0,5,5
Senang,3,3,6
Sencha,3,3,6
Sendo,5,0,5
Senih,5,0,5
Senka,0,5,5
Senninha,0,5,5
Sennon,5,0,5
Sentia,0,5,5
Sentje,0,5,5
Septime,3,3,6
Sèrah,0,5,5
Serane,3,3,6
Serani,3,3,6
Serban,3,3,6
Serdina,0,5,5
Seré,0,5,5
Sereh,3,3,6
Serein,3,3,6
Serenety,0,5,5
Sergeo,5,0,5
Sergül,0,5,5
Sergy,5,0,5
Serieke,0,5,5
Serijn,3,3,6
Serinda,0,5,5
Serinde,0,5,5
Serino,5,0,5
Seritha,0,5,5
Serko,5,0,5
Serle,3,3,6
Serlecia,0,5,5
Sermina,0,5,5
Serphasius,5,0,5
Serresina,0,5,5
Seruni,0,5,5
Servanne,0,5,5
Servera,0,5,5
Servier,5,0,5
Serwa,0,5,5
Seska,0,5,5
Setia,3,3,6
Setish,5,0,5
Sevana,0,5,5
Sevelina,0,5,5
Sewdath,5,0,5
Sewradj,5,0,5
Seydanur,0,5,5
Shaakir,3,3,6
Shaaya,0,5,5
Shaden,3,3,6
Shadie,3,3,6
Shadin,3,3,6
Shaëlle,0,5,5
Shaffira,0,5,5
Shaffy,5,0,5
Shagawan,3,3,6
Shaghayegh,0,5,5
Shahan,5,0,5
Shaheer,5,0,5
Shahiem,5,0,5
Shahiena,0,5,5
Shahjihan,3,3,6
Shahram,5,0,5
Shahrazed,0,5,5
Shahryar,5,0,5
Shaian,5,0,5
Shaid,5,0,5
Shaiden,5,0,5
Shaileen,0,5,5
Shailendrakumar,5,0,5
Shaïma,0,5,5
Shaimaa,0,5,5
Shairien,0,5,5
Shakhawan,3,3,6
Shakiela,0,5,5
Shaleya,0,5,5
Shaliena,0,5,5
Shalin,3,3,6
Shalomy,0,5,5
Shalon,3,3,6
Shamaine,0,5,5
Shamantha,0,5,5
Shamari,3,3,6
Shamyra,0,5,5
Shanaé,0,5,5
Shanaisa,0,5,5
Shananda,3,3,6
Shanara,0,5,5
Shanayda,0,5,5
Shanayro,5,0,5
Shandell,3,3,6
Shandhia,0,5,5
Shandon,5,0,5
Shandya,0,5,5
Shanelva,0,5,5
Shaneska,0,5,5
Shanet,0,5,5
Shangeeta,0,5,5
Shango,5,0,5
Shaniece,0,5,5
Shanien,0,5,5
Shaniqa,0,5,5
Shanish,3,3,6
Shaniska,0,5,5
Shannay,0,5,5
Shannaya,0,5,5
Shantee,0,5,5
Shanteley,0,5,5
Shantey,0,5,5
Shanthi,0,5,5
Shantila,0,5,5
Shanuska,0,5,5
Shanzay,0,5,5
Shaquell,5,0,5
Shaquila,0,5,5
Shaquinna,0,5,5
Sharah,0,5,5
Shareska,0,5,5
Shariënne,0,5,5
Sharieta,0,5,5
Sharim,3,3,6
Sharino,5,0,5
Sharis,0,5,5
Sharitza,0,5,5
Sharlène,0,5,5
Sharlini,3,3,6
Sharmeen,0,5,5
Sharnelle,0,5,5
Sharonique,0,5,5
Sharrel,0,5,5
Sharrona,0,5,5
Sharujan,5,0,5
Sharvano,5,0,5
Sharwani,0,5,5
Shashikala,0,5,5
Shashikant,5,0,5
Shasi,3,3,6
Shastri,5,0,5
Shaul,5,0,5
Shawaiz,5,0,5
Shawita,0,5,5
Shayani,0,5,5
Shayleen,0,5,5
Shaylina,0,5,5
Sheeba,0,5,5
Sheelagh,0,5,5
Shehab,5,0,5
Shehzaad,5,0,5
Shelayna,0,5,5
Shelia,0,5,5
Shelita,0,5,5
Sheliya,0,5,5
Shemano,5,0,5
Shenaia,0,5,5
Shenaida,0,5,5
Shenaily,0,5,5
Shenairo,5,0,5
Shenayra,0,5,5
Shenley,3,3,6
Shennon,0,5,5
Shenouda,3,3,6
Sheraily,3,3,6
Sheraino,5,0,5
Sheralda,0,5,5
Sherayda,0,5,5
Sherayno,5,0,5
Sherelin,0,5,5
Sheresa,0,5,5
Sherese,0,5,5
Shermano,5,0,5
Shero,3,3,6
Sheroen,5,0,5
Sheromy,0,5,5
Sherra,0,5,5
Sherrelle,0,5,5
Sherry-Ann,0,5,5
Sheryna,0,5,5
Shevainely,0,5,5
Shevanna,0,5,5
Shevelly,0,5,5
Shevita,0,5,5
Shewa,0,5,5
Shewanie,0,5,5
Sheza,3,3,6
Shezadi,0,5,5
Shian,3,3,6
Shiao,0,5,5
Shie,3,3,6
Shinouk,0,5,5
Shiphrah,0,5,5
Shirano,5,0,5
Shirish,5,0,5
Shirleen,0,5,5
Shirlene,0,5,5
Shisha,0,5,5
Shivaan,5,0,5
Shivainy,0,5,5
Shivane,0,5,5
Shivanshi,0,5,5
Shivar,5,0,5
Shivas,5,0,5
Shivaye,3,3,6
Shivén,5,0,5
Shivonne,0,5,5
Shiwany,0,5,5
Shiwen,3,3,6
Shko,5,0,5
Shobian,0,5,5
Shok,0,5,5
Shosha,0,5,5
Shoshan,3,3,6
Shota,5,0,5
Shreen,0,5,5
Shrie,3,3,6
Shrutie,0,5,5
Shue,0,5,5
Shuen,3,3,6
Shuraim,5,0,5
Shurly,0,5,5
Shushil,3,3,6
Shyann,0,5,5
Shyma,0,5,5
Shymara,0,5,5
Shyrano,5,0,5
Siân,0,5,5
Siano,5,0,5
Siany,0,5,5
Siau,3,3,6
Siawash,5,0,5
Siba,3,3,6
Sibastiana,0,5,5
Sibbeline,0,5,5
Sibran,5,0,5
Sibrandt,5,0,5
Sida,0,5,5
Siddiqa,0,5,5
Sidh,3,3,6
Sidhant,5,0,5
Siebedina,0,5,5
Sieberdiena,0,5,5
Sieberina,0,5,5
Sieberta,0,5,5
Siebregtje,0,5,5
Sief,3,3,6
Siegberta,0,5,5
Siemerdina,0,5,5
Siën,3,3,6
Sïenna,0,5,5
Sieno,5,0,5
Siepbrand,5,0,5
Sierdina,0,5,5
Sierske,0,5,5
Siertdina,0,5,5
Sietha,0,5,5
Sietse-Jan,5,0,5
Sietskelina,0,5,5
Sieuwkoemar,5,0,5
Siewertje,0,5,5
Sifferina,0,5,5
Sigefridus,5,0,5
Sigmaro,5,0,5
Sigriet,0,5,5
Sigurda,0,5,5
Sijanda,0,5,5
Sijbetje,0,5,5
Sijboutje,0,5,5
Sijbrandis,5,0,5
Sijbrandje,0,5,5
Sijbrandt,5,0,5
Sijbrentje,0,5,5
Sijbrigjen,0,5,5
Sijbrijn,5,0,5
Sijchiena,0,5,5
Sijchina,0,5,5
Sijes,5,0,5
Sijgjen,3,3,6
Sijpke,3,3,6
Sijpkje,0,5,5
Sijta,0,5,5
Sijte,5,0,5
Sijtte,5,0,5
Sijwert,5,0,5
Silano,5,0,5
Silaska,0,5,5
Silène,0,5,5
Siliana,0,5,5
Silo,5,0,5
Silphen,5,0,5
Silphia,0,5,5
Silsa,3,3,6
Silvanno,5,0,5
Silvas,3,3,6
Silveira,3,3,6
Silvest,5,0,5
Silviane,0,5,5
Silviano,5,0,5
Silvira,3,3,6
Simah,0,5,5
Simanda,0,5,5
Simanur,0,5,5
Simohammed,5,0,5
Simonita,0,5,5
Simons,5,0,5
Simonsdochter,0,5,5
Simranjit,3,3,6
Simren,0,5,5
Sindia,0,5,5
Sinia,0,5,5
Sinke,3,3,6
Sinninghe,3,3,6
Sinny,0,5,5
Sinsemilla,0,5,5
Siphora,0,5,5
Sipkes,3,3,6
Sippelina,0,5,5
Sippina,0,5,5
Siqourney,3,3,6
Sirajeddine,5,0,5
Siray,3,3,6
Siré,0,5,5
Sirona,0,5,5
Sirte,0,5,5
Sisay,3,3,6
Site,3,3,6
Sithonia,0,5,5
Sivani,0,5,5
Siven,3,3,6
Siyabent,5,0,5
Siyam,3,3,6
Siyami,3,3,6
Sja'iera,0,5,5
Sjadé,0,5,5
Sjafie,5,0,5
Sjakelien,0,5,5
Sjakkie,3,3,6
Sjalien,0,5,5
Sjalina,0,5,5
Sjantal,0,5,5
Sjarda,0,5,5
Sjarl,5,0,5
Sjarrel,5,0,5
Sjeerd,5,0,5
Sjeffrey,5,0,5
Sjen,5,0,5
Sjenette,0,5,5
Sjenny,0,5,5
Sjieuwe,5,0,5
Sjoe,0,5,5
Sjoerdt,5,0,5
Sjoertina,0,5,5
Sjoukelien,0,5,5
Sjouwtje,0,5,5
Skanne,5,0,5
Smaragd,0,5,5
Snježana,0,5,5
Soedeshkoemar,5,0,5
Soedhir,5,0,5
Soekarti,0,5,5
Soekram,5,0,5
Soelijem,0,5,5
Soemarno,3,3,6
Soemaya,0,5,5
Soemijatie,0,5,5
Soenardi,5,0,5
Soenarijo,5,0,5
Soenarjo,5,0,5
Soenderpersad,5,0,5
Soeparno,5,0,5
Soera,3,3,6
Soeradi,5,0,5
Soerat,3,3,6
Soeria,3,3,6
Soerianti,0,5,5
Soeriantie,0,5,5
Soerindra,3,3,6
Soerindre,5,0,5
Soerjani,0,5,5
Soeroedjpersad,5,0,5
Soesita,0,5,5
Soetijem,0,5,5
Soetiman,5,0,5
Soetomo,5,0,5
Sofiene,0,5,5
Sofine,0,5,5
Sofiyah,0,5,5
Sofiyan,5,0,5
Soh,3,3,6
Sohila,0,5,5
Soili,0,5,5
Sokhna,0,5,5
Solan,5,0,5
Solema,0,5,5
Solèn,3,3,6
Solen,3,3,6
Solene,0,5,5
Soltan,3,3,6
Songkran,5,0,5
Sonora,0,5,5
Sony,3,3,6
Sopheus,5,0,5
Sophie-Claire,0,5,5
Sophiene,0,5,5
Sophiya,0,5,5
Sorab,5,0,5
Soraima,0,5,5
Sorana,0,5,5
Soray,3,3,6
Sorosh,5,0,5
Sorraya,0,5,5
Sosina,0,5,5
Sosse,0,5,5
Soubhi,3,3,6
Souhayl,5,0,5
Souhila,0,5,5
Soula,0,5,5
Soumahoro,3,3,6
Soumayra,0,5,5
Soyin,0,5,5
Sozan,0,5,5
Sozin,0,5,5
Sparkle,0,5,5
Spence,5,0,5
Spithorst,5,0,5
Srijani,0,5,5
Srikandi,0,5,5
Sriyanti,0,5,5
Stacia,0,5,5
Stanislau,5,0,5
Stanko,5,0,5
Stanske,3,3,6
Stars,3,3,6
Stéan,5,0,5
Steefje,0,5,5
Stefane,3,3,6
Stefánia,0,5,5
Stefanique,3,3,6
Stefanna,3,3,6
Stefanne,0,5,5
Stefanny,0,5,5
Stefenus,5,0,5
Steffania,0,5,5
Steffeni,3,3,6
Steffert,5,0,5
Steijntje,0,5,5
Steini,0,5,5
Stellios,5,0,5
Stenz,5,0,5
Stéphana,0,5,5
Stéphen,5,0,5
Stephia,0,5,5
Sterna,0,5,5
Stevenlina,0,5,5
Stevenus,5,0,5
Steverino,5,0,5
Stijni,0,5,5
Stiva,5,0,5
Stoffelinus,5,0,5
Stoffertje,0,5,5
Stoney,3,3,6
Strea,0,5,5
Sture,5,0,5
Stuurman,5,0,5
Suandi,5,0,5
Suanne,0,5,5
Suarez,5,0,5
Subaida,0,5,5
Suban,3,3,6
Subhas,5,0,5
Sudarshani,0,5,5
Sudeshkumar,5,0,5
Sudevi,0,5,5
Sue-Angely,0,5,5
Sue-Yen,0,5,5
Sueleen,0,5,5
Suelly,0,5,5
Suena,0,5,5
Suheeb,5,0,5
Suhely,0,5,5
Suibertus,5,0,5
Suja,0,5,5
Sujen,3,3,6
Sulastri,0,5,5
Sulia,3,3,6
Sumayra,0,5,5
Sumeye,0,5,5
Sumini,0,5,5
Sunee,3,3,6
Sunilkumar,5,0,5
Supharmy,0,5,5
Suragni,0,5,5
Suraida,0,5,5
Surayadevi,0,5,5
Surayda,0,5,5
Surin,5,0,5
Surraya,0,5,5
Suryana,3,3,6
Susane,0,5,5
Suset,0,5,5
Sut,0,5,5
Suun,3,3,6
Suuze,0,5,5
Süveyda,0,5,5
Suwanna,0,5,5
Suward,5,0,5
Suyanto,5,0,5
Suzane,0,5,5
Svanhild,0,5,5
Sveder,5,0,5
Sver,5,0,5
Swana,0,5,5
Swananda,0,5,5
Swanelt,3,3,6
Swantina,0,5,5
Swat,0,5,5
Sweer,5,0,5
Sweet,3,3,6
Sweety,3,3,6
Swendy,3,3,6
Swenny,3,3,6
Swerina,0,5,5
Swetha,0,5,5
Swin,3,3,6
Switsbertha,0,5,5
Syarif,5,0,5
Syberdina,0,5,5
Sybiel,0,5,5
Sybina,0,5,5
Sybran,5,0,5
Syco,5,0,5
Syde,3,3,6
Sydonia,0,5,5
Syeira,0,5,5
Syena,0,5,5
Sylian,3,3,6
Sylt,5,0,5
Sylvane,3,3,6
Sylvanio,5,0,5
Sylvira,0,5,5
Sylvy,0,5,5
Syma,0,5,5
Symentje,0,5,5
Syn,3,3,6
Syncletica,0,5,5
Syomara,0,5,5
Sypke,3,3,6
Syren,3,3,6
Syska,0,5,5
Sytzke,0,5,5
Szeréna,0,5,5
Saäd,3,0,3
Saadjida,0,3,3
Saalim,3,0,3
Saamie,3,3,6
Saardiena,0,3,3
Saari,0,3,3
Saarina,0,3,3
Saarke,0,3,3
Sabaa,0,3,3
Sabae,0,3,3
Sabatina,3,3,6
Sabbina,0,3,3
Saben,3,3,6
Sabientje,3,3,6
Sabinah,0,3,3
Sabinne,0,3,3
Sabreena,0,3,3
Sabrya,0,3,3
Sachar,3,3,6
Sacheen,0,3,3
Sachelle,0,3,3
Sachja,3,3,6
Saddik,3,0,3
Saddiq,3,0,3
Sadiah,0,3,3
Sadic,3,0,3
Sadiqa,0,3,3
Sadiyah,0,3,3
Sadjaad,3,0,3
Sadjan,3,0,3
Sadjen,3,0,3
Sadjied,3,0,3
Sador,3,0,3
Sadri,3,0,3
Sadrina,0,3,3
Sae,0,3,3
Saeda,0,3,3
Saera,0,3,3
Safaâ,0,3,3
Safera,0,3,3
Saffirah,0,3,3
Safiagatoen,0,3,3
Safiah,0,3,3
Safiël,3,3,6
Safinagatoen,0,3,3
Safioen,0,3,3
Safiran,0,3,3
Safiria,0,3,3
Safka,0,3,3
Safoora,0,3,3
Safron,3,3,6
Safuan,3,0,3
Safura,0,3,3
Saghir,3,3,6
Sahadat,3,3,6
Sahaja,0,3,3
Saheda,0,3,3
Sahidagatoen,0,3,3
Sahit,3,0,3
Sahl,3,3,6
Sahla,0,3,3
Sahre,0,3,3
Sahrina,0,3,3
Saïdou,3,0,3
Saidu,3,0,3
Saifedien,3,0,3
Saifedin,3,0,3
Saifuddien,3,0,3
Saiid,3,3,6
Saija,3,3,6
Saileshkumar,3,0,3
Sairoen,3,3,6
Sakeenah,0,3,3
Sakelina,0,3,3
Sakib,3,0,3
Sakti,3,0,3
Sakvan,3,3,6
Sakyi,3,3,6
Salaad,0,3,3
Salahudin,3,0,3
Salha,0,3,3
Saliba,3,0,3
Saliena,0,3,3
Saliesha,0,3,3
Salieu,3,0,3
Sâlih,3,0,3
Salihe,0,3,3
Salinda,0,3,3
Saliya,3,3,6
Salka,0,3,3
Salomeja,0,3,3
Salomons,3,0,3
Salsabeel,0,3,3
Salustiano,3,0,3
Salvester,3,0,3
Salvio,3,0,3
Säm,3,3,6
Sám,3,0,3
Samaah,0,3,3
Samantra,0,3,3
Samanyu,3,0,3
Samaroon,3,0,3
Sambo,3,3,6
Sambora,3,3,6
Same,3,0,3
Sameeha,0,3,3
Sameha,0,3,3
Sameya,0,3,3
Samiel,3,0,3
Samiem,3,0,3
Samiir,3,0,3
Samiira,0,3,3
Samini,0,3,3
Samiq,3,0,3
Samke,0,3,3
Sammantha,0,3,3
Sammar,3,3,6
Sammir,3,0,3
Sammo,3,0,3
Sammuel,3,0,3
Sammy-Lee,3,3,6
Sammy-Yo,0,3,3
Samone,0,3,3
Samr,3,3,6
Samsor,3,0,3
Samu,3,0,3
Samuèl,3,0,3
Samuëll,3,0,3
Samuellina,0,3,3
Samui,3,3,6
Samula,0,3,3
Sanama,3,3,6
Sandar,3,0,3
Sandarina,0,3,3
Sandee,0,3,3
Sanderino,3,0,3
Sanderyn,0,3,3
Sandhija,0,3,3
Sandiepkumar,3,0,3
Sandiya,0,3,3
Sandjaikoemar,3,0,3
Sandra-Maria,0,3,3
Sandri,3,3,6
Sanghera,3,0,3
Sanida,0,3,3
Sanil,3,0,3
Sanine,3,3,6
Sanjar,3,0,3
Sanjaykoemar,3,0,3
Sanjaysingh,3,0,3
Sanjeevan,3,0,3
Sanjeewa,3,0,3
Sankar,3,0,3
Sanne-Louise,0,3,3
Sanne-Maria,0,3,3
Sanne-Marieke,0,3,3
Sanne-Sophie,0,3,3
Sannemarije,0,3,3
Sannes,3,3,6
Sanserai,0,3,3
Santaya,0,3,3
Santee,3,3,6
Santia,0,3,3
Santing,3,0,3
Santini,3,0,3
Santoecha,0,3,3
Santouscha,0,3,3
Santousha,0,3,3
Sanyai,3,0,3
Saoud,3,0,3
Saoudi,3,3,6
Saqlain,3,0,3
Sara-Lee,0,3,3
Saraatje,0,3,3
Sarab,3,3,6
Sarah-Ann,0,3,3
Sarah-Anne,0,3,3
Sarashwatie,0,3,3
Sarata,0,3,3
Sarda,0,3,3
Sardina,0,3,3
Sardjoepersad,3,0,3
Sareeta,0,3,3
Sareh,0,3,3
Sarei,3,3,6
Sarfowaa,0,3,3
Sarha,0,3,3
Saridjem,0,3,3
Sarini,0,3,3
Sarishma,0,3,3
Sarkies,3,0,3
Sarman,3,0,3
Sarmie,0,3,3
Sarmini,0,3,3
Sarmonia,0,3,3
Sarocha,0,3,3
Sarodjanie,0,3,3
Sarodjenie,0,3,3
Sarodjini,0,3,3
Sarpoeatoen,0,3,3
Sarrisa,0,3,3
Sartika,0,3,3
Sartinah,0,3,3
Sartje,0,3,3
Sarujan,3,0,3
Sarvankumar,3,0,3
Sarwa,3,3,6
Sashenka,3,3,6
Saskeliena,0,3,3
Saskje,0,3,3
Sasmita,3,3,6
Saswitha,3,3,6
Sateesh,3,0,3
Sathyam,3,0,3
Satı,0,3,3
Saties,3,0,3
Satindra,3,0,3
Satis,3,0,3
Satja,3,3,6
Satori,3,3,6
Satriani,3,0,3
Satrughan,3,0,3
Satuk,3,0,3
Saturninus,3,0,3
Satyendra,3,0,3
Saud,3,3,6
Saule,0,3,3
Saumya,3,3,6
Savane,3,3,6
Saverius,3,0,3
Savié,3,0,3
Saviënne,3,3,6
Savin,3,3,6
Savinia,0,3,3
Sávio,3,0,3
Savior,3,0,3
Savov,3,0,3
Saw,3,3,6
Sawal,3,0,3
Sax,3,0,3
Saye,0,3,3
Sayén,3,3,6
Sayenn,0,3,3
Sayesha,0,3,3
Sayge,3,3,6
Sayma,0,3,3
Sayrah,0,3,3
Schaima,0,3,3
Schalken,3,0,3
Scherida,0,3,3
Schilo,3,0,3
Schjødt,3,3,6
Schwanetta,0,3,3
Scyler,3,3,6
Seann,3,3,6
Sebanja,3,3,6
Sebastiaantje,0,3,3
Sébastièn,3,0,3
Sebechiena,0,3,3
Sebediena,0,3,3
Sebille,0,3,3
Secundo,3,0,3
Séda,0,3,3
Sedde,3,0,3
Sedin,3,0,3
Sedny,3,0,3
Sedona,3,3,6
Sedrick,3,0,3
Seegert,3,0,3
Seeley,3,0,3
Seena,0,3,3
Seerske,0,3,3
Seertje,0,3,3
Sefah,3,3,6
Séfanja,0,3,3
Seffie,0,3,3
Sefik,3,0,3
Sefrinus,3,0,3
Segal,3,3,6
Segrina,0,3,3
Seifeddine,3,0,3
Seim,3,0,3
Sejal,0,3,3
Sekander,3,3,6
Sekar,0,3,3
Sekelina,0,3,3
Sekina,0,3,3
Selab,3,0,3
Selaine,0,3,3
Selasi,3,0,3
Selasie,3,3,6
Selèna,0,3,3
Seles,3,0,3
Seleste,0,3,3
Seleya,0,3,3
Selfasina,0,3,3
Selfinus,3,0,3
Sèlina,0,3,3
Selisha,0,3,3
Seliyah,0,3,3
Selize,0,3,3
Sello,3,3,6
Selmi,3,3,6
Selmir,3,0,3
Selmo,3,3,6
Selom,3,3,6
Selsabile,0,3,3
Selsela,0,3,3
Selua,0,3,3
Selvan,3,0,3
Selvano,3,0,3
Selvanus,3,0,3
Selvesina,0,3,3
Selvester,3,0,3
Selvisina,0,3,3
Selviya,0,3,3
Selyne,0,3,3
Selynn,0,3,3
Semahat,0,3,3
Semai,3,3,6
Semedo,3,3,6
Semelia,0,3,3
Semier,3,0,3
Semine,0,3,3
Semiramis,0,3,3
Semmy-Jo,0,3,3
Semo,3,3,6
Semol,3,0,3
Semp,3,3,6
Séna,3,3,6
Senaa,0,3,3
Senae,0,3,3
Senah,0,3,3
Senaya,0,3,3
Sene,3,3,6
Senen,3,0,3
Senhorinha,0,3,3
Senjan,0,3,3
Senly,0,3,3
Senneh,3,0,3
Senner,3,3,6
Sennie,0,3,3
Senora,0,3,3
Sens,3,0,3
Senska,0,3,3
Seny,3,3,6
Seppel,3,0,3
Seppina,0,3,3
Seppl,3,0,3
Serahja,0,3,3
Seraina,0,3,3
Seranio,3,0,3
Seranne,3,3,6
Séraphin,3,3,6
Seraphinia,0,3,3
Seraphion,3,0,3
Serat,3,0,3
Serbay,3,0,3
Serbina,0,3,3
Serden,3,0,3
Serea,0,3,3
Sereni,0,3,3
Seresia,0,3,3
Sergin,3,0,3
Sergios,3,0,3
Serhencio,3,0,3
Serien,0,3,3
Serillio,3,0,3
Seringe,3,3,6
Serinio,3,0,3
Serise,0,3,3
Serjosja,3,3,6
Serne,3,3,6
Serob,3,0,3
Serosh,3,3,6
Serphaas,3,0,3
Serris,3,0,3
Sertina,0,3,3
Seruja,3,3,6
Servandus,3,0,3
Servania,0,3,3
Servas,3,0,3
Servasa,0,3,3
Servasia,0,3,3
Servaza,0,3,3
Serve,3,3,6
Serverius,3,0,3
Serwin,3,0,3
Sery,3,3,6
Sesanne,0,3,3
Setare,0,3,3
Sete,3,0,3
Setrak,3,0,3
Setsche,0,3,3
Setty,0,3,3
Sevanya,0,3,3
Sevasti,0,3,3
Sevenna,0,3,3
Seventa,0,3,3
Sever,3,0,3
Severdina,3,3,6
Severia,0,3,3
Sèverine,0,3,3
Sevgim,0,3,3
Sevillia,0,3,3
Sevimnur,0,3,3
Sevli,0,3,3
Sew,3,3,6
Sewak,3,0,3
Sewranie,0,3,3
Sewsahai,3,0,3
Seycan,3,3,6
Seydina,3,0,3
Seyla,0,3,3
Seynab,0,3,3
Sezan,3,3,6
Sferre,0,3,3
Shaanti,0,3,3
Shachar,3,3,6
Shadan,0,3,3
Shadana,0,3,3
Shaday,3,3,6
Shadhna,0,3,3
Shadine,0,3,3
Shadion,3,0,3
Shadya,0,3,3
Shael,3,3,6
Shaëll,0,3,3
Shafayat,3,0,3
Shafelly,0,3,3
Shafie,3,3,6
Shafieda,0,3,3
Shafina,0,3,3
Shafiya,0,3,3
Shaguille,3,0,3
Shaheeda,0,3,3
Shahieda,0,3,3
Shahrazade,0,3,3
Shahroz,3,0,3
Shahzaad,3,0,3
Shahzia,0,3,3
Shaïef,3,0,3
Shaïesta,0,3,3
Shailendrakoemar,3,0,3
Shaileshkoemar,3,0,3
Shailindersingh,3,0,3
Shailindrakoemar,3,0,3
Shainaz,0,3,3
Shair,3,0,3
Shairagatoen,0,3,3
Shairani,0,3,3
Shairen,3,3,6
Shakeer,3,0,3
Shakela,0,3,3
Shakib,3,3,6
Shakieb,3,3,6
Shako,3,0,3
Shakoentla,0,3,3
Shalanda,0,3,3
Shaldon,3,0,3
Shalida,0,3,3
Shalima,0,3,3
Shalize,0,3,3
Shalomi,0,3,3
Shalyn,0,3,3
Shamanta,0,3,3
Shameem,3,3,6
Shamiem,0,3,3
Shamirah,0,3,3
Shamkumar,3,0,3
Shamon,3,3,6
Shamoun,3,0,3
Shamsi,3,3,6
Shamsuddin,3,0,3
Shamyla,0,3,3
Shanaija,0,3,3
Shanayla,0,3,3
Shandeep,3,0,3
Shandrelika,0,3,3
Shaneisha,0,3,3
Shanely,0,3,3
Shanïa,0,3,3
Shanie,0,3,3
Shanilla,0,3,3
Shanisse,0,3,3
Shanko,3,0,3
Shannaz,0,3,3
Shantana,0,3,3
Shantanu,3,0,3
Shantea,0,3,3
Shantella,0,3,3
Shanthely,0,3,3
Shantidewi,0,3,3
Shantiedevi,0,3,3
Shanvi,0,3,3
Shanyce,0,3,3
Sharaï,3,3,6
Sharaina,0,3,3
Sharaisha,0,3,3
Sharat,3,0,3
Sharayda,0,3,3
Sharazad,0,3,3
Shardion,3,0,3
Shardon,3,0,3
Sharé,0,3,3
Sharemy,3,3,6
Sharenda,0,3,3
Sharessa,0,3,3
Shariën,0,3,3
Sharila,0,3,3
Shariley,0,3,3
Sharima,0,3,3
Sharité,0,3,3
Shariviënne,0,3,3
Sharlane,0,3,3
Sharley,0,3,3
Sharlton,3,0,3
Sharlynn,0,3,3
Sharmen,3,3,6
Sharmiladevi,0,3,3
Sharnela,0,3,3
Sharnell,0,3,3
Sharnila,0,3,3
Sharoen,3,0,3
Sharol,3,3,6
Sharomi,0,3,3
Shäron,0,3,3
Shâron,0,3,3
Sharon-Lee,0,3,3
Sharoney,0,3,3
Sharren,0,3,3
Sharson,3,0,3
Sharvankumar,3,0,3
Sharvarish,3,0,3
Sharveena,0,3,3
Sharvish,3,0,3
Sharwina,0,3,3
Shasha,3,3,6
Shashini,0,3,3
Shatishkumar,3,0,3
Shatrughan,3,0,3
Shaukat,3,0,3
Shauntell,0,3,3
Shavelli,3,3,6
Shavin,3,3,6
Shavinio,3,0,3
Shavonda,0,3,3
Shawin,3,3,6
Shayam,3,0,3
Shayanna,0,3,3
Shayano,3,0,3
Shayda,0,3,3
Shayed,3,0,3
Shayène,0,3,3
Shaylen,3,3,6
Shaynaaz,0,3,3
Shaz,3,3,6
Shazana,0,3,3
Shea-Lynn,0,3,3
Sheady,0,3,3
Shealtiel,3,3,6
Shealynn,0,3,3
Shedi,3,3,6
Sheesha,0,3,3
Sheeva,0,3,3
Shefano,3,0,3
Shehenaaz,0,3,3
Shehenaz,0,3,3
Sheher,3,3,6
Shehryar,3,0,3
Shekhinah,0,3,3
Shekiel,3,0,3
Shelin,3,3,6
Sheliyah,0,3,3
Shelly-Ann,0,3,3
Shelsea,0,3,3
Shelyna,0,3,3
Shemaira,0,3,3
Shemairo,3,0,3
Shenaas,0,3,3
Shenay,0,3,3
Shenelle,0,3,3
Sheniel,3,0,3
Shenisha,0,3,3
Shenron,3,0,3
Shentley,3,0,3
Sheona,0,3,3
Shequan,3,0,3
Sheraja,0,3,3
Sheraldo,3,0,3
Sherali,3,3,6
Shereeta,0,3,3
Sheref,3,0,3
Shereldine,0,3,3
Sherelva,0,3,3
Sherelynn,0,3,3
Sherenity,0,3,3
Shereno,3,0,3
Sheresta,0,3,3
Sheriel,3,3,6
Sherife,3,3,6
Sherish,3,3,6
Sherko,3,0,3
Sherlaine,0,3,3
Sherlon,3,3,6
Shermeline,0,3,3
Shermin,0,3,3
Sherony,0,3,3
Sherrie,0,3,3
Sheryda,0,3,3
Sheryla,0,3,3
Sherylin,0,3,3
Shevainey,0,3,3
Shevana,0,3,3
Shevelley,0,3,3
Shevenna,0,3,3
Sheyenna,0,3,3
Sheyna,0,3,3
Shezad,3,0,3
Shiana,0,3,3
Shiang,0,3,3
Shida,0,3,3
Shienna,0,3,3
Shifaaz,3,0,3
Shifali,3,3,6
Shifania,0,3,3
Shifanie,0,3,3
Shilla,0,3,3
Shiloah,0,3,3
Shimano,3,0,3
Shinaya,0,3,3
Shiney,0,3,3
Shinju,0,3,3
Shiona,0,3,3
Shirella,0,3,3
Shirena,0,3,3
Shirlana,0,3,3
Shirleij,3,3,6
Shiroman,3,0,3
Shiromy,0,3,3
Shirona,0,3,3
Shivaas,3,0,3
Shivangani,0,3,3
Shivaniya,0,3,3
Shivanya,0,3,3
Shivay,3,0,3
Shivayam,3,0,3
Shives,3,0,3
Shivpersad,3,0,3
Shivshankar,3,0,3
Shiye,3,0,3
Shkar,3,3,6
Shoera,0,3,3
Shofia,3,3,6
Shoma,0,3,3
Shonna,0,3,3
Shontell,0,3,3
Shoshona,0,3,3
Shravani,0,3,3
Shreshta,0,3,3
Shresthi,0,3,3
Shreyani,0,3,3
Shridhar,3,0,3
Shrief,3,0,3
Shristie,0,3,3
Shristy,0,3,3
Shriyana,0,3,3
Shua,3,3,6
Shuet,0,3,3
Shujat,3,0,3
Shunaina,0,3,3
Shurby,3,0,3
Shurenda,0,3,3
Shurman,3,0,3
Shurmen,3,0,3
Shurnely,0,3,3
Shushila,0,3,3
Shusila,0,3,3
Shusmadevi,0,3,3
Shye,3,3,6
Siarl,3,3,6
Siaw,3,3,6
Sibastianus,3,0,3
Sibele,3,0,3
Sibeltje,0,3,3
Sibiene,0,3,3
Sibillus,3,0,3
Sibine,0,3,3
Sibongile,3,3,6
Sibrena,0,3,3
Sibtain,3,0,3
Sica,0,3,3
Siccona,3,3,6
Siddha,3,3,6
Siddi,3,3,6
Siddieq,3,0,3
Sidoine,3,3,6
Sidris,0,3,3
Siebe-Jan,3,0,3
Siebella,0,3,3
Siebendina,0,3,3
Siebrechta,0,3,3
Siebreg,0,3,3
Sieco,3,0,3
Siedah,0,3,3
Siedra,0,3,3
Siedrik,3,0,3
Siegard,3,0,3
Siegeberta,0,3,3
Siegebertus,3,0,3
Siegfrid,3,0,3
Siegfriede,0,3,3
Siego,3,3,6
Siegriet,0,3,3
Siela,0,3,3
Siemetje,0,3,3
Sienneke,0,3,3
Sieperdina,0,3,3
Sierdjan,3,0,3
Sieres,3,3,6
Sierus,3,0,3
Sietce,3,0,3
Sietj,0,3,3
Sietzia,0,3,3
Sieuwpersad,3,0,3
Sieverinus,3,0,3
Siewe,3,0,3
Sigeria,0,3,3
Sigfrieda,0,3,3
Siggebertus,3,0,3
Siggy,3,3,6
Sigibertus,3,0,3
Sigismunde,3,3,6
Siglinda,0,3,3
Sigrada,0,3,3
Sigward,3,0,3
Sihan,3,3,6
Sijbram,3,0,3
Sijbrechje,0,3,3
Sijchje,0,3,3
Sijginus,3,0,3
Sijnie,0,3,3
Sijzo,3,0,3
Sikco,3,0,3
Silasca,3,3,6
Silaya,0,3,3
Sili,0,3,3
Silian,3,0,3
Silis,3,0,3
Siliwanus,3,0,3
Siljana,0,3,3
Silmar,3,0,3
Siloah,0,3,3
Siloni,3,3,6
Silte,3,3,6
Silvani,3,3,6
Silvasina,0,3,3
Silveer,3,0,3
Silvèn,3,0,3
Silviën,3,3,6
Silviera,0,3,3
Silvine,0,3,3
Silviya,0,3,3
Silwana,0,3,3
Simal,3,3,6
Simera,3,3,6
Simmechien,0,3,3
Simonique,0,3,3
Simonius,3,0,3
Simphorosa,0,3,3
Simpliciana,0,3,3
Sims,3,0,3
Simtjen,0,3,3
Sin-Yee,0,3,3
Sinaya,0,3,3
Sinco,3,0,3
Sınem,0,3,3
Sines,3,0,3
Singa,3,3,6
Singha,3,3,6
Singhaphan,3,3,6
Sinha,3,3,6
Sinit,3,3,6
Sinobius,3,0,3
Sintje,0,3,3
Sioban,0,3,3
Sionna,0,3,3
Siora,0,3,3
Sipel,0,3,3
Siqi,0,3,3
Siqueira,3,3,6
Sırac,3,0,3
Siraya,0,3,3
Sirella,0,3,3
Siren,0,3,3
Siria,0,3,3
Sirinya,0,3,3
Siris,3,3,6
Siron,3,0,3
Sisinnio,3,0,3
Sista,0,3,3
Sisto,3,0,3
Sisu,3,3,6
Sitha,3,3,6
Sitie,0,3,3
Sive,0,3,3
Siverdina,0,3,3
Sixti,3,0,3
Siyenna,0,3,3
Siyuan,3,3,6
Sjac,3,0,3
Sjackie,3,3,6
Sjaek,3,0,3
Sjagoefta,0,3,3
Sjahied,3,0,3
Sjahien,3,3,6
Sjahin,3,0,3
Sjaïesta,0,3,3
Sjamar,3,0,3
Sjamir,3,0,3
Sjamke,0,3,3
Sjamkea,0,3,3
Sjangie,3,0,3
Sjarief,3,0,3
Sjeerdsche,0,3,3
Sjeersche,0,3,3
Sjefano,3,0,3
Sjeffrie,3,0,3
Sjenkus,3,0,3
Sjerai,0,3,3
Sjerida,0,3,3
Sjerie,0,3,3
Sjerstin,0,3,3
Sjierkje,0,3,3
Sjieukje,0,3,3
Sjoerderika,0,3,3
Sjoerdiena,0,3,3
Sjouck,0,3,3
Sjoukes,3,0,3
Sjouwkien,0,3,3
Sjuttine,0,3,3
Sjuwke,0,3,3
Skandar,3,0,3
Skik,3,3,6
Skout,0,3,3
Skylah,0,3,3
Skylen,3,3,6
Skylinn,0,3,3
Slobodanka,0,3,3
Smeegen,3,0,3
Smeenk,3,0,3
Smiley,3,3,6
Soave,0,3,3
Socina,0,3,3
Soebhaas,3,0,3
Soedhier,3,0,3
Soedijanto,3,0,3
Soedijono,3,0,3
Soedish,3,0,3
Soefyan,3,0,3
Soeheila,0,3,3
Soei-Len,0,3,3
Soejanto,3,0,3
Soejatie,0,3,3
Soekaina,0,3,3
Soekarni,0,3,3
Soekartie,3,3,6
Soekartini,0,3,3
Soekayna,0,3,3
Soekie,0,3,3
Soekiran,3,0,3
Soekirin,3,0,3
Soeltana,0,3,3
Soemeya,0,3,3
Soemi,0,3,3
Soemientra,0,3,3
Soemina,0,3,3
Soeminie,0,3,3
Soenanda,0,3,3
Soenardie,3,0,3
Soenitadevi,0,3,3
Soeparmin,3,0,3
Soeparni,0,3,3
Soeparto,3,0,3
Soeradjkoemar,3,0,3
Soeramin,3,0,3
Soeratina,0,3,3
Soeratno,3,0,3
Soerianto,3,0,3
Soerijanti,0,3,3
Soesiladebie,0,3,3
Soesmawatie,0,3,3
Soetinie,0,3,3
Soetrisman,3,0,3
Soewandi,3,0,3
Soewarnie,0,3,3
Soey,3,3,6
Soffie,3,3,6
Sofiaan,3,0,3
Sofiah,0,3,3
Sofíe,0,3,3
Sofiën,3,0,3
Sofinus,3,0,3
Sofjan,3,0,3
Sofriedus,3,0,3
Sohalia,0,3,3
Sohanie,3,3,6
Sohayl,3,0,3
Soheel,3,0,3
Sohela,0,3,3
Soi,3,3,6
Sokayna,0,3,3
Solangé,0,3,3
Soleh,3,0,3
Soleine,0,3,3
Solimar,0,3,3
Solís,0,3,3
Solvay,0,3,3
Somaroe,3,0,3
Sonaira,0,3,3
Sonal,0,3,3
Söner,3,0,3
Soni,3,3,6
Sonie,0,3,3
Sonny-Boy,3,0,3
Sono,3,3,6
Sonu,3,0,3
Sooi,3,0,3
Sóphia,0,3,3
Sophianne,0,3,3
Sóphie,0,3,3
Sophrinus,3,0,3
Sophronia,0,3,3
Sophya,0,3,3
Sorayya,0,3,3
Sorel,3,3,6
Sorell,3,3,6
Sorenzo,3,0,3
Soriana,0,3,3
Sosa,3,3,6
Sosanna,0,3,3
Soshana,0,3,3
Souaad,0,3,3
Soufiën,3,0,3
Soukena,0,3,3
Soulaima,0,3,3
Souley,3,0,3
Souleymen,3,0,3
Soulia,0,3,3
Soundos,0,3,3
Sovian,3,0,3
Sowah,3,0,3
Sowyen,0,3,3
Soyana,3,3,6
Spark,3,0,3
Sraddha,0,3,3
Sradhanand,3,0,3
Srawan,3,0,3
Srie,3,3,6
Srikanth,3,0,3
Sryani,0,3,3
Stace,3,3,6
Stadina,0,3,3
Staff,3,0,3
Stafford,3,0,3
Stamatios,3,0,3
Stanislao,3,0,3
Stanney,3,0,3
Stantia,0,3,3
Stasiu,3,0,3
Stass,3,3,6
Statia,0,3,3
Steban,3,0,3
Steeven,3,0,3
Stefalina,0,3,3
Stefanno,3,0,3
Stefanya,0,3,3
Steffin,3,0,3
Stefrieda,0,3,3
Stella-Maris,3,3,6
Stenmar,3,0,3
Stephaney,0,3,3
Stephanne,3,3,6
Stephenson,3,0,3
Stephenus,3,0,3
Stephon,3,0,3
Stergiani,0,3,3
Sterlina,0,3,3
Sterren,3,3,6
Stev,3,0,3
Stevanne,0,3,3
Stevelientje,0,3,3
Stevensiena,0,3,3
Steveny,0,3,3
Stevijn,3,0,3
Stevland,3,0,3
Stewy,3,0,3
Stienes,3,0,3
Stienis,3,0,3
Stijnetta,0,3,3
Stijnko,3,0,3
Stingray,3,0,3
Stitch,3,0,3
Stojanka,0,3,3
Stony,3,0,3
Stork,3,0,3
Stratina,0,3,3
Stratos,3,0,3
Stuie,3,0,3
Suara,0,3,3
Suarda,0,3,3
Subash,3,0,3
Subeyda,0,3,3
Subhaas,3,0,3
Suchada,0,3,3
Suci,3,3,6
Sudarshana,0,3,3
Sudiye,0,3,3
Sue-Yin,0,3,3
Suella,0,3,3
Süer,3,3,6
Suhailey,0,3,3
Suham,3,3,6
Suhat,3,0,3
Suheer,0,3,3
Suidberta,0,3,3
Sujal,3,0,3
Sujatha,0,3,3
Sujati,0,3,3
Sükeyne,0,3,3
Sukhdeep,3,0,3
Sukie,0,3,3
Sulaimaan,3,3,6
Sulammith,0,3,3
Sulastrie,0,3,3
Sulav,0,3,3
Sulayka,0,3,3
Sülbiye,0,3,3
Sulenur,0,3,3
Sulina,0,3,3
Sully,3,0,3
Sulo,3,0,3
Sulyman,3,3,6
Sumaja,0,3,3
Sumardi,3,0,3
Sumarsiena,0,3,3
Sumarti,0,3,3
Sumeeya,0,3,3
Sümer,3,0,3
Sumerya,0,3,3
Suminah,0,3,3
Sumirah,0,3,3
Sumiya,0,3,3
Sunario,3,0,3
Sundance,3,3,6
Sündüs,0,3,3
Suni,3,3,6
Supet,3,0,3
Suphemia,0,3,3
Suphi,3,0,3
Suraghni,0,3,3
Surah,0,3,3
Suran,3,3,6
Surender,3,0,3
Sureshkumar,3,0,3
Surianto,3,0,3
Surinderpersad,3,0,3
Suriyanto,3,0,3
Suryati,0,3,3
Susanneke,0,3,3
Sushilkumar,3,0,3
Susiana,0,3,3
Susilo,3,0,3
Suson,0,3,3
Suster,0,3,3
Suuse,0,3,3
Suut,0,3,3
Suveybe,0,3,3
Suviënne,0,3,3
Suwena,0,3,3
Suzeth,0,3,3
Suzyantie,0,3,3
Swaene,0,3,3
Swanik,3,0,3
Swann,3,0,3
Swany,0,3,3
Swayam,3,0,3
Sweeta,0,3,3
Swennie,0,3,3
Swentibold,3,3,6
Swerus,3,0,3
Swetta,0,3,3
Swiebertus,3,0,3
Swietbertus,3,0,3
Swip,3,0,3
Swopkina,0,3,3
Syanne,0,3,3
Syarda,0,3,3
Sybela,0,3,3
Sybila,0,3,3
Sybreg,0,3,3
Sybrens,3,0,3
Sybrigt,3,3,6
Sybrinne,0,3,3
Syen,3,3,6
Sygje,0,3,3
Sygrit,0,3,3
Syla,0,3,3
Sylina,0,3,3
Sylja,0,3,3
Sylje,0,3,3
Syljo,3,0,3
Sylka,0,3,3
Sylve,3,3,6
Sylvie-Anne,0,3,3
Sylvienne,0,3,3
Sylvo,3,0,3
Symeon,3,0,3
Symforosa,0,3,3
Symontje,0,3,3
Symphoriana,0,3,3
Symphrorosa,0,3,3
Symran,0,3,3
Syno,3,0,3
Syrche,0,3,3
Syri,0,3,3
Syrus,3,0,3
Sytso,3,0,3
Szabina,0,3,3
Sa'ied,3,0,3
Saabirin,0,3,3
Saadaq,3,0,3
Saadeddine,3,0,3
Saadik,3,0,3
Saadjan,3,0,3
Saal,3,3,6
Saamsoeri,3,0,3
Saäna,0,3,3
Saavan,3,0,3
Sabawun,3,0,3
Sabbah,3,3,6
Sabbas,3,3,6
Sabbeliena,0,3,3
Sabbo,3,3,6
Saberin,0,3,3
Sabet,3,0,3
Sabha,0,3,3
Sabhan,3,3,6
Sabieta,0,3,3
Sabijne,0,3,3
Sabila,0,3,3
Sabirah,0,3,3
Sabirina,0,3,3
Sabitha,0,3,3
Sabnam,0,3,3
Sabrah,0,3,3
Sabrican,3,0,3
Sabrie,3,0,3
Sabrije,0,3,3
Sabriyya,0,3,3
Sabu,3,3,6
Saburo,3,0,3
Sachinkumar,3,0,3
Sacit,3,0,3
Sadae,0,3,3
Sadan,3,3,6
Sadao,3,3,6
Saddar,3,3,6
Saddy,0,3,3
Sadeddin,3,0,3
Sadée,0,3,3
Sadegül,0,3,3
Sadewi,0,3,3
Sâdi,3,0,3
Sadieq,3,0,3
Sadina,0,3,3
Sadinah,0,3,3
Sadine,0,3,3
Sadirah,0,3,3
Sadjidah,0,3,3
Sadna,0,3,3
Sadoe,3,3,6
Sadu,3,0,3
Sadun,3,0,3
Sadyah,0,3,3
Sae-Jin,0,3,3
Saecko,3,0,3
Saf,3,0,3
Safanya,0,3,3
Safarina,0,3,3
Safeerah,0,3,3
Saferio,3,0,3
Saffanah,0,3,3
Saffina,0,3,3
Saffouan,3,0,3
Saffraan,3,3,6
Safhira,0,3,3
Safiano,3,0,3
Safieja,0,3,3
Safiela,0,3,3
Safiënsa,0,3,3
Safik,3,0,3
Safioennisa,0,3,3
Safitri,0,3,3
Safiullah,3,0,3
Safiy,3,0,3
Safiyo,0,3,3
Safo,3,3,6
Saforah,0,3,3
Safraz,3,0,3
Safrina,0,3,3
Safta,0,3,3
Saftain,3,3,6
Sagarika,0,3,3
Sagi,3,0,3
Sah,3,3,6
Saha,3,3,6
Sahabettin,3,0,3
Saharla,0,3,3
Saheli,0,3,3
Sahiba,0,3,3
Sahima,0,3,3
Sahinde,0,3,3
Sahire,0,3,3
Saï,3,3,6
Saib,3,0,3
Saidah,0,3,3
Saidie,3,3,6
Saidmas,3,0,3
Saifdin,3,0,3
Saifdine,3,0,3
Saiffedinne,3,0,3
Saifuldeen,3,3,6
Sailish,3,0,3
Saïma,0,3,3
Saimah,0,3,3
Sain,3,3,6
Saini,0,3,3
Saïni,0,3,3
Sainoel,3,0,3
Saint-Yves,3,0,3
Saire,0,3,3
Sairon,3,0,3
Saïsha,0,3,3
Saïsta,0,3,3
Sajaan,3,0,3
Sajeda,0,3,3
Sajenna,0,3,3
Sajmon,3,0,3
Sajna,0,3,3
Sakar,3,3,6
Sakari,3,0,3
Sakhawat,3,3,6
Sakier,3,0,3
Sakima,3,0,3
Sakimin,3,0,3
Sakineh,0,3,3
Saktey,3,3,6
Sakuntela,0,3,3
Salah-Eddin,3,0,3
Salahattin,3,0,3
Salahedinne,3,0,3
Salahudeen,3,0,3
Salamat,3,3,6
Salamata,0,3,3
Salamo,3,0,3
Salas,3,3,6
Salaua,0,3,3
Salazar,3,3,6
Saldanha,3,0,3
Saleban,0,3,3
Salene,0,3,3
Salesta,0,3,3
Salida,0,3,3
Salien,3,3,6
Salifu,3,0,3
Salihan,0,3,3
Salik,3,0,3
Salila,0,3,3
Salimbas,3,0,3
Salinie,0,3,3
Salitha,0,3,3
Sallam,3,0,3
Salles,3,3,6
Salmah,0,3,3
Salmin,3,0,3
Salmineo,3,0,3
Salminio,3,0,3
Salmo,3,3,6
Salmony,0,3,3
Saloa,0,3,3
Salomae,0,3,3
Saloman,3,0,3
Salona,0,3,3
Salonie,0,3,3
Salora,0,3,3
Salpi,0,3,3
Salustiana,0,3,3
Salvinio,3,0,3
Salysha,0,3,3
Samaale,3,0,3
Samahir,0,3,3
Samaja,3,3,6
Samal,3,3,6
Samali,3,3,6
Samarina,0,3,3
Samarita,0,3,3
Samarja,0,3,3
Samaro,3,0,3
Samarra,0,3,3
Samary,3,3,6
Samateh,3,3,6
Sambrina,0,3,3
Sambu,3,3,6
Sameen,0,3,3
Samerawit,0,3,3
Sameth,3,3,6
Samey,3,3,6
Samieh,3,3,6
Samiël,3,3,6
Samilia,0,3,3
Samilo,3,0,3
Saminem,0,3,3
Samipersad,3,0,3
Samiran,3,3,6
Samiratou,0,3,3
Samit,3,0,3
Samlah,0,3,3
Sammerina,0,3,3
Sammia,0,3,3
Sammy-Joe,0,3,3
Sammy-Lou,0,3,3
Sammy-Rose,0,3,3
Sammyjo,0,3,3
Samoël,3,3,6
Samon,3,0,3
Sampaio,3,3,6
Sampari,3,3,6
Sampath,3,0,3
Samuli,3,0,3
Samyr,3,0,3
Sanaah,0,3,3
Sánchez,3,0,3
Sancta,0,3,3
Sancuray,0,3,3
Sandali,0,3,3
Sander-Martijn,3,0,3
Sanderdath,3,0,3
Sanderiena,0,3,3
Sandero,3,0,3
Sandert,3,0,3
Sandertje,0,3,3
Sandesha,3,3,6
Sandfeld,3,0,3
Sandhiakoemarie,0,3,3
Sandhyadevi,0,3,3
Sandjeev,3,0,3
Sandjiv,3,0,3
Sandjna,0,3,3
Sandjo,3,0,3
Sandley,3,0,3
Sandòr,3,0,3
Sandór,3,0,3
Sandreo,3,0,3
Sandrio,3,0,3
Sané,0,3,3
Sanea,0,3,3
Saneya,0,3,3
Sanggeeta,0,3,3
Sangram,3,0,3
Sanharib,3,0,3
Saniah,0,3,3
Sanije,0,3,3
Sanikem,0,3,3
Saniyya,0,3,3
Sanjaikumar,3,0,3
Sanjiev,3,0,3
Sanjogta,0,3,3
Sanjoy,3,0,3
Sankara,3,3,6
Sanli,3,3,6
Sannaa,0,3,3
Sannefleur,0,3,3
Sannelie,0,3,3
Sannelijn,0,3,3
Sannelotte,0,3,3
Sannemieke,0,3,3
Sannerien,0,3,3
Sannetta,0,3,3
Sannette,0,3,3
Sanoussi,3,0,3
Sansara,0,3,3
Santano,3,0,3
Santeri,3,0,3
Santha,0,3,3
Santhaya,0,3,3
Santhiago,3,0,3
Santhosh,3,0,3
Santidebie,0,3,3
Santin,3,3,6
Santinio,3,0,3
Santish,3,0,3
Santor,3,0,3
Santoshkoemar,3,0,3
Santousia,0,3,3
Santricia,0,3,3
Santuscha,0,3,3
Sanuk,3,3,6
Sanura,0,3,3
Sanusi,3,3,6
Sanyi,3,3,6
Sapa,3,3,6
Sapar,3,3,6
Saparua,3,3,6
Saphine,0,3,3
Saphrina,0,3,3
Sapon,3,3,6
Sara-Luna,0,3,3
Sara-Mae,0,3,3
Sarah-Leigh,0,3,3
Sarah-Lisa,0,3,3
Sarah-Lotte,0,3,3
Sarah-Mae,0,3,3
Sarah-Maria,0,3,3
Sarah-May,0,3,3
Sarah-Sophie,0,3,3
Saraia,0,3,3
Saraida,0,3,3
Saraiva,3,3,6
Saraj,3,3,6
Sarali,0,3,3
Saranur,0,3,3
Sarasvatie,0,3,3
Saratu,0,3,3
Sarbina,0,3,3
Saredo,0,3,3
Saree,0,3,3
Sarenur,0,3,3
Saresh,3,3,6
Sargis,3,0,3
Sarhane,3,0,3
Sarice,0,3,3
Sariëlle,0,3,3
Sarila,0,3,3
Sariña,0,3,3
Sarinagatoen,0,3,3
Sarinde,0,3,3
Sarindie,3,0,3
Sarineke,0,3,3
Sario,3,0,3
Sarius,3,0,3
Sarivan,3,3,6
Sariza,0,3,3
Sarja,3,3,6
Sarjoedei,0,3,3
Sarkar,3,0,3
Sarkawt,3,3,6
Sarlin,0,3,3
Sarlotha,0,3,3
Sarmed,3,0,3
Sarni,3,3,6
Sarnia,0,3,3
Saroeni,3,3,6
Sarojin,3,0,3
Sarojinidevi,0,3,3
Saronne,0,3,3
Sarono,3,3,6
Saroye,3,3,6
Sarswatie,0,3,3
Sartji,0,3,3
Saru-Daquar,3,0,3
Sarwendah,3,3,6
Sarwin,3,0,3
Sashja,3,3,6
Sasia,3,3,6
Sasje,0,3,3
Sasjenka,0,3,3
Sašo,3,0,3
Sasper,3,0,3
Sass,0,3,3
Sassa,3,3,6
Sassina,0,3,3
Sastra,3,3,6
Sasuke,3,0,3
Saswin,3,0,3
Sasya,0,3,3
Satenik,0,3,3
Sathana,0,3,3
Sathish,3,3,6
Satiawatie,0,3,3
Satijanand,3,0,3
Satijem,0,3,3
Satimin,3,0,3
Satira,0,3,3
Satrya,3,0,3
Satsche,0,3,3
Sattva,3,3,6
Saturno,3,0,3
Satvika,0,3,3
Satyagraha,3,3,6
Satyanarain,3,0,3
Satyanarayan,3,0,3
Saundra,0,3,3
Sauro,3,3,6
Sauw,3,3,6
Savage,3,0,3
Savalta,0,3,3
Savani,0,3,3
Savanyo,3,0,3
Savaya,0,3,3
Savé,3,0,3
Saveeta,0,3,3
Savely,3,3,6
Savenne,0,3,3
Savienna,0,3,3
Savienne,0,3,3
Saviér,3,0,3
Saviero,3,0,3
Savijn,3,3,6
Savir,3,0,3
Savitadebie,0,3,3
Saviya,0,3,3
Sawani,0,3,3
Sawankumar,3,0,3
Sawant,3,0,3
Sawatdee,3,3,6
Sawen,3,3,6
Sawssane,0,3,3
Saxon,3,3,6
Say,3,3,6
Sayanne,0,3,3
Sayanora,0,3,3
Sayé,3,3,6
Sayeh,0,3,3
Sayer,3,3,6
Sayfeddin,3,0,3
Sayhan,3,0,3
Sayidi,3,3,6
Sayiner,3,3,6
Saylin,3,0,3
Sayone,0,3,3
Sayrana,0,3,3
Sayyid,3,0,3
Scha,3,3,6
Schadrac,3,3,6
Scharbel,3,0,3
Scharlene,0,3,3
Scharona,0,3,3
Scheila,0,3,3
Schenkel,3,0,3
Schenouda,3,0,3
Schirley,0,3,3
Scholdina,0,3,3
Schuyler,3,3,6
Scifo,3,0,3
Scoth,3,0,3
Scylla,0,3,3
Seàn,3,0,3
Sean-Michael,3,0,3
Seana,0,3,3
Seanan,3,0,3
Seander,3,0,3
Sear,3,0,3
Sebahaddin,3,0,3
Sebaldus,3,0,3
Sèbas,3,0,3
Sebastean,3,0,3
Sebasten,3,0,3
Sebastiaan-Willem,3,0,3
Sebastían,3,0,3
Sebastiao,3,3,6
Sebastiaõ,3,0,3
Sebastiëne,0,3,3
Sebastiène,0,3,3
Sebastine,0,3,3
Sebastyan,3,0,3
Sebaz,3,0,3
Sebechien,0,3,3
Sebeline,0,3,3
Sebien,3,3,6
Sebinus,3,0,3
Sebodien,0,3,3
Sebrechtje,0,3,3
Sebri,3,3,6
Sechere,3,3,6
Seck,3,3,6
Secondo,3,0,3
Sedie,0,3,3
Sediq,3,0,3
Sediqa,0,3,3
Sedley,3,0,3
Sedrik,3,0,3
Sedu,3,3,6
Sédy,0,3,3
Seegher,3,0,3
Seekeltje,0,3,3
Seemab,3,3,6
Seerah,0,3,3
Seerd,3,0,3
Seesche,0,3,3
Sefanjah,3,3,6
Sefi,3,3,6
Sefinio,3,0,3
Sefiye,0,3,3
Sefrina,0,3,3
Seften,3,0,3
Sefu,3,0,3
Sega,3,3,6
Segarra,0,3,3
Segertje,0,3,3
Segorius,3,0,3
Ségou,0,3,3
Sehaam,0,3,3
Sehera,0,3,3
Sehgel,3,3,6
Sehil,3,3,6
Seichien,0,3,3
Seichiena,0,3,3
Seie,3,0,3
Seifeddin,3,0,3
Seijmen,3,0,3
Seika,0,3,3
Seikou,3,0,3
Seilenna,0,3,3
Seiline,0,3,3
Seintina,0,3,3
Seiny,0,3,3
Seira,0,3,3
Seiya,3,3,6
Sejdin,3,0,3
Sekani,3,0,3
Selamet,3,3,6
Selas,3,3,6
Selatin,3,0,3
Selco,3,0,3
Selçük,3,0,3
Selem,3,3,6
Seleme,0,3,3
Selènè,0,3,3
Selfet,3,3,6
Selfinaz,0,3,3
Seli,0,3,3
Sélia,0,3,3
Seliem,3,0,3
Selinah,0,3,3
Sélinde,0,3,3
Selinia,0,3,3
Selitha,0,3,3
Selja,0,3,3
Selkeos,3,0,3
Selkit,0,3,3
Sellouise,0,3,3
Selm,3,0,3
Selomith,0,3,3
Selona,0,3,3
Selphire,3,3,6
Selpisina,0,3,3
Selsabil,0,3,3
Selvet,3,3,6
Selvius,3,3,6
Selwan,3,3,6
Selwer,3,3,6
Semaria,0,3,3
Sementa,0,3,3
Semeyn,3,0,3
Semî,3,0,3
Sèmi,3,0,3
Semiati,0,3,3
Semida,3,3,6
Semil,3,3,6
Semion,3,0,3
Semiray,0,3,3
Semiyha,0,3,3
Semmey,3,3,6
Semmih,3,0,3
Semone,0,3,3
Semora,0,3,3
Semure,0,3,3
Sènami,0,3,3
Senar,3,3,6
Sendie,0,3,3
Senea,0,3,3
Sened,0,3,3
Seneh,3,3,6
Senesie,3,3,6
Seni,3,3,6
Senia,0,3,3
Senika,3,3,6
Senio,3,0,3
Senjay,3,0,3
Senn-Luca,3,0,3
Sennas,3,0,3
Senneke,3,3,6
Senovia,0,3,3
Sensemilla,0,3,3
Sensie,0,3,3
Senso,3,0,3
Sentiena,0,3,3
Sento,3,0,3
Senze,3,3,6
Seon,3,3,6
Seona,0,3,3
Sepbiena,0,3,3
Sepherinus,3,0,3
Séphora,0,3,3
Sephyra,0,3,3
Sepnat,3,0,3
Sepora,0,3,3
Seppa,0,3,3
Septimia,0,3,3
Sequana,0,3,3
Seraadj,3,0,3
Seraiah,3,3,6
Seraino,3,0,3
Seranie,0,3,3
Seranimo,3,0,3
Sérano,3,0,3
Serayda,0,3,3
Serbilind,3,3,6
Sercem,3,3,6
Serda,0,3,3
Serdil,3,3,6
Serdjo,3,0,3
Serdono,3,0,3
Sere,0,3,3
Serella,0,3,3
Serenah,0,3,3
Serenna,0,3,3
Serezo,3,0,3
Serfinaz,0,3,3
Sèrge,3,0,3
Sergeevitsj,3,0,3
Sergěj,3,0,3
Sergejevich,3,0,3
Sergejewna,0,3,3
Sergel,3,0,3
Seriela,0,3,3
Serifa,0,3,3
Serijllis,3,0,3
Serijna,0,3,3
Serilio,3,0,3
Serima,0,3,3
Serinay,0,3,3
Sering,0,3,3
Serj,3,0,3
Serjo,3,0,3
Serli,0,3,3
Serno,3,0,3
Serodjnie,0,3,3
Serrena,0,3,3
Serreno,3,0,3
Serrina,0,3,3
Sersinio,3,0,3
Sertilla,0,3,3
Servander,3,0,3
Servazio,3,0,3
Servee,3,0,3
Serviano,3,0,3
Servilianus,3,0,3
Servinia,0,3,3
Serya,0,3,3
Seryse,0,3,3
Sesar,3,0,3
Sessely,0,3,3
Seteney,0,3,3
Sethe,3,3,6
Seti,3,0,3
Setsuko,0,3,3
Settar,3,0,3
Settimo,3,3,6
Sevanna,0,3,3
Sevastian,3,0,3
Sevdanur,0,3,3
Sevdegül,0,3,3
Sevennah,0,3,3
Severiño,3,0,3
Severn,3,3,6
Severyn,3,3,6
Sevgul,3,3,6
Sevira,0,3,3
Sevven,3,0,3
Sevy,3,3,6
Sewal,0,3,3
Sewell,0,3,3
Sewin,0,3,3
Sewkaran,3,0,3
Sewnarainsingh,3,0,3
Sewnath,3,0,3
Seyana,0,3,3
Seyar,3,0,3
Seyfeddin,3,0,3
Seyfeddine,3,0,3
Seyhmus,3,0,3
Seyhun,3,0,3
Seymanur,0,3,3
Seyno,3,0,3
Seyra,0,3,3
Seyram,3,3,6
Sezar,3,0,3
Sha'ira,0,3,3
Sha'uri,0,3,3
Shaariq,3,0,3
Shabaan,3,0,3
Shabani,0,3,3
Shabanie,0,3,3
Shabia,0,3,3
Shadae,0,3,3
Shaddaï,3,3,6
Shadeé,0,3,3
Shadely,0,3,3
Shadeney,0,3,3
Shadeny,0,3,3
Shadina,0,3,3
Shadlin,0,3,3
Shado,3,3,6
Shadriënne,0,3,3
Shadyra,0,3,3
Shaedy,3,3,6
Shaeed,3,0,3
Shaeen,3,3,6
Shaëlla,0,3,3
Shaen,3,0,3
Shafara,0,3,3
Shaffi,3,3,6
Shafida,0,3,3
Shafiera,0,3,3
Shafika,0,3,3
Shafqat,3,3,6
Shafy,3,0,3
Shagana,0,3,3
Shaggy,3,0,3
Shagoefta,0,3,3
Shahaila,0,3,3
Shahansha,3,0,3
Shahar,3,3,6
Shaheera,0,3,3
Shaheim,3,0,3
Shahen,3,3,6
Shahenaz,0,3,3
Shahera,0,3,3
Shahhat,3,3,6
Shahief,3,0,3
Shahirah,0,3,3
Shahista,0,3,3
Shahnawaz,3,0,3
Shaho,3,0,3
Shahreen,0,3,3
Shahriar,3,0,3
Shahrokh,3,0,3
Shahruk,3,0,3
Shahzeen,0,3,3
Shaïda,0,3,3
Shaiënna,0,3,3
Shaier,3,0,3
Shaijen,3,0,3
Shaik,3,0,3
Shailaya,0,3,3
Shailenderkumar,3,0,3
Shaileskumar,3,0,3
Shaili,0,3,3
Shailo,3,0,3
Shailoh,0,3,3
Shailynn,0,3,3
Shaïmaa,0,3,3
Shaindel,0,3,3
Shainel,3,0,3
Shaïrah,0,3,3
Shairone,3,0,3
Shaiya,0,3,3
Shaiyan,3,0,3
Shajenne,0,3,3
Shakeena,0,3,3
Shakéna,0,3,3
Shakena,0,3,3
Shakim,3,0,3
Shakuntla,0,3,3
Shakyl,3,0,3
Shalaya,0,3,3
Shaldemar,3,0,3
Shaldimar,3,0,3
Shalène,0,3,3
Shali,3,3,6
Shalia,0,3,3
Shalicia,0,3,3
Shalimara,0,3,3
Shalimare,0,3,3
Shaling,3,3,6
Shallini,0,3,3
Shally,0,3,3
Shalona,0,3,3
Shalonda,0,3,3
Shaloni,0,3,3
Shalynn,0,3,3
Shalysa,0,3,3
Shamani,0,3,3
Shamaro,3,0,3
Shamayla,0,3,3
Shamé,0,3,3
Shamée,0,3,3
Shameela,0,3,3
Shameena,0,3,3
Shameera,0,3,3
Shameeza,0,3,3
Shamella,0,3,3
Shamey,3,3,6
Shamiel,3,0,3
Shamiela,0,3,3
Shammi,3,0,3
Shammy,3,0,3
Shamnarain,3,0,3
Shamora,0,3,3
Shamsadin,3,3,6
Shamshudin,3,0,3
Shanah,0,3,3
Shanaila,0,3,3
Shanailey,0,3,3
Shanalis,0,3,3
Shanayka,0,3,3
Shandely,0,3,3
Shander,3,0,3
Shandi,0,3,3
Shandino,3,0,3
Shandira,0,3,3
Shandley,3,0,3
Shandrely,0,3,3
Shandrick,3,0,3
Shaneely,0,3,3
Shaneeza,0,3,3
Shaneila,0,3,3
Shaneira,0,3,3
Shaneka,0,3,3
Shaneley,3,3,6
Shanelfa,0,3,3
Shanena,0,3,3
Shanequa,0,3,3
Shaneya,0,3,3
Shangrila,0,3,3
Shanikwa,0,3,3
Shannice,0,3,3
Shannie,3,3,6
Shannity,0,3,3
Shanno,3,0,3
Shanona,0,3,3
Shanora,0,3,3
Shantani,0,3,3
Shantay,0,3,3
Shanti-Devi,0,3,3
Shantia,3,3,6
Shantiedebie,0,3,3
Shantii,3,3,6
Shantiprakash,3,0,3
Shantisha,0,3,3
Shanyah,0,3,3
Shanyka,0,3,3
Shanyl,3,0,3
Shanyla,0,3,3
Shanyn,0,3,3
Shaomy,0,3,3
Shaqeal,3,0,3
Shaqiona,0,3,3
Shaqira,0,3,3
Shaqueena,0,3,3
Shaquiro,3,0,3
Sharaaz,3,0,3
Sharam,3,0,3
Sharanaz,0,3,3
Sharanda,0,3,3
Sharandy,3,3,6
Sharanie,0,3,3
Sharanjit,3,3,6
Sharankumar,3,0,3
Sharar,3,3,6
Sharareh,0,3,3
Sharayla,0,3,3
Sharayna,0,3,3
Sharaysha,0,3,3
Sharaz,3,0,3
Shardanand,3,0,3
Shardeé,0,3,3
Shardeney,0,3,3
Shardonnay,0,3,3
Shardy,3,3,6
Sharea,0,3,3
Shareeda,0,3,3
Shareley,0,3,3
Sharelis,0,3,3
Sharelyn,0,3,3
Sharennety,0,3,3
Sharensley,3,0,3
Shareny,0,3,3
Sharesca,0,3,3
Sharesma,0,3,3
Shari-Ann,0,3,3
Sharied,3,0,3
Sharieda,0,3,3
Sharieffa,0,3,3
Shariel,3,0,3
Shariëlla,0,3,3
Sharikadebie,0,3,3
Sharileen,0,3,3
Sharilla,0,3,3
Sharilynn,0,3,3
Sharinagatoen,0,3,3
Sharinna,0,3,3
Sharion,3,0,3
Sharir,3,3,6
Shariselle,0,3,3
Shariviënska,0,3,3
Sharjil,3,0,3
Sharlayne,0,3,3
Sharlee,3,3,6
Sharlen,3,3,6
Sharlenne,0,3,3
Sharli,0,3,3
Sharlien,0,3,3
Sharlies,0,3,3
Sharlin,0,3,3
Sharling,0,3,3
Sharlona,0,3,3
Sharlotte,0,3,3
Sharmaarke,3,0,3
Sharmé,0,3,3
Sharmee,0,3,3
Sharmilah,0,3,3
Sharmilie,0,3,3
Sharmine,0,3,3
Sharnel,0,3,3
Sharoek,3,0,3
Sharoma,0,3,3
Sharôn,0,3,3
Sharön,0,3,3
Sharosa,0,3,3
Sharran,3,3,6
Sharriff,3,0,3
Sharrin,0,3,3
Sharry,0,3,3
Sharuk,3,0,3
Sharvankoemar,3,0,3
Sharwen,3,0,3
Shary-An,0,3,3
Sharyssa,0,3,3
Sharyté,0,3,3
Shashikapoor,3,0,3
Shasikala,0,3,3
Shatieskumar,3,0,3
Shaughnessy,3,3,6
Shaunee,0,3,3
Shauney,0,3,3
Shava,0,3,3
Shavania,0,3,3
Shavannah,0,3,3
Shavar,3,0,3
Shavella,0,3,3
Shaviënne,3,3,6
Shavone,3,3,6
Shawana,0,3,3
Shawkat,3,3,6
Shawn-Douglas,3,0,3
Shay-Ann,0,3,3
Shay-Lee,0,3,3
Shayara,0,3,3
Shayari,0,3,3
Shaydeline,0,3,3
Shayelle,0,3,3
Shayendra,0,3,3
Shayerie,0,3,3
Shaylane,0,3,3
Shayley,0,3,3
Shaylinn,0,3,3
Shaylon,3,0,3
Shaym,3,0,3
Shaymaa,0,3,3
Shaymae,0,3,3
Shayney,3,3,6
Shayon,3,0,3
Shayrone,3,0,3
Shayvano,3,0,3
Shazadi,0,3,3
Shealtiël,3,0,3
Sheana,0,3,3
Sheandro,3,0,3
Sheaney,3,3,6
Sheau,0,3,3
Sheddy,3,0,3
Shedeen,0,3,3
Shedion,3,0,3
Shèdy,3,0,3
Sheehan,3,0,3
Sheelah,0,3,3
Sheenah,0,3,3
Sheerali,3,0,3
Sheeranie,0,3,3
Sheerin,3,3,6
Shefany,0,3,3
Shefina,0,3,3
Shehed,0,3,3
Shéhérazade,0,3,3
Shehta,3,3,6
Shei,3,3,6
Sheilindra,3,0,3
Sheilo,3,3,6
Shejla,0,3,3
Shekainah,0,3,3
Shekita,0,3,3
Shelden,3,0,3
Sheleika,0,3,3
Shelley-Ann,0,3,3
Shellie,0,3,3
Shelomi,0,3,3
Shemaa,0,3,3
Shemedy,0,3,3
Shemène,0,3,3
Shemesh,3,3,6
Shemina,0,3,3
Shemuel,3,0,3
Shenaé,0,3,3
Shenai,0,3,3
Shenaiya,0,3,3
Shenara,0,3,3
Shenarda,0,3,3
Shenayla,0,3,3
Shenaylee,0,3,3
Shendel,3,0,3
Shendell,3,0,3
Shendrik,3,0,3
Shenea,0,3,3
Shenebra,0,3,3
Shenell,0,3,3
Shenilla,0,3,3
Sheniya,0,3,3
Shenn,3,3,6
Shennaya,0,3,3
Shenne,0,3,3
Shep,3,0,3
Shepherd,3,0,3
Shequille,3,0,3
Sheraidy,0,3,3
Sheraisa,0,3,3
Sheraldina,0,3,3
Sheralee,0,3,3
Sheraly,0,3,3
Sherania,0,3,3
Sheranny,0,3,3
Sherayna,0,3,3
Sherayza,0,3,3
Sherbahadoer,3,0,3
Shereline,0,3,3
Sherelly,0,3,3
Sherenety,0,3,3
Sherety,0,3,3
Sherezade,0,3,3
Shergino,3,0,3
Shergo,3,0,3
Sheridagatoen,0,3,3
Sherie,0,3,3
Sheriël,0,3,3
Sherieta,0,3,3
Sheril,3,3,6
Sherila,0,3,3
Sherilee,0,3,3
Sheriley,0,3,3
Sherista,0,3,3
Sheritza,0,3,3
Sherive,3,3,6
Sheriza,0,3,3
Sherla,0,3,3
Sherlynn,0,3,3
Shermien,0,3,3
Shermina,0,3,3
Shermine,0,3,3
Shern,0,3,3
Shernon,3,0,3
Sherodjeni,0,3,3
Sheroly,0,3,3
Sheromani,0,3,3
Sheroney,0,3,3
Sherrell,0,3,3
Sherril,0,3,3
Sherrilyn,0,3,3
Sherrol,0,3,3
Sherryleen,0,3,3
Shervani,0,3,3
Sherviano,3,0,3
Sherwish,3,0,3
Sherwyn,3,0,3
Sheryaar,3,0,3
Sherylene,0,3,3
Sheryne,0,3,3
Shevanie,0,3,3
Shevaughn,0,3,3
Shevena,0,3,3
Shevonne,0,3,3
Shew,3,0,3
Shewina,0,3,3
Sheyan,3,0,3
Sheyann,0,3,3
Sheyara,0,3,3
Sheydion,3,0,3
Shianne,0,3,3
Shiar,3,0,3
Shibani,0,3,3
Shideezhi,0,3,3
Shiera,0,3,3
Shietel,0,3,3
Shiew,3,0,3
Shiewin,3,0,3
Shifani,0,3,3
Shifano,3,0,3
Shifayad,3,0,3
Shifayz,3,0,3
Shifraaz,3,0,3
Shihaab,3,0,3
Shihadra,0,3,3
Shihan,3,3,6
Shikha,0,3,3
Shimada,0,3,3
Shimayra,0,3,3
Shimla,0,3,3
Shimran,0,3,3
Shina,0,3,3
Shiniqua,0,3,3
Shinto,3,0,3
Shion,3,3,6
Shiralee,0,3,3
Shirany,0,3,3
Shiresh,3,0,3
Shirinda,0,3,3
Shirit,0,3,3
Shirleah,0,3,3
Shirlyn,0,3,3
Shirlynn,0,3,3
Shirmila,0,3,3
Shiuh,3,0,3
Shivah,3,3,6
Shivalika,0,3,3
Shivand,3,0,3
Shivanghi,0,3,3
Shivangie,0,3,3
Shivanio,3,0,3
Shivanjalie,0,3,3
Shivanne,0,3,3
Shivanno,3,0,3
Shivantika,0,3,3
Shivashni,0,3,3
Shivayen,3,0,3
Shivdath,3,0,3
Shivish,3,0,3
Shivnarain,3,0,3
Shivonia,0,3,3
Shiwash,3,0,3
Shiwesh,3,0,3
Shiyana,0,3,3
Shiza,0,3,3
Shlomit,0,3,3
Shohaib,3,0,3
Shomayra,0,3,3
Shonima,0,3,3
Shorea,0,3,3
Shorok,0,3,3
Shoshoni,3,3,6
Shoukat,3,3,6
Shqipron,3,0,3
Shraddhanjali,0,3,3
Shradhanand,3,0,3
Shrihan,3,3,6
Shrijani,0,3,3
Shrila,0,3,3
Shristhi,0,3,3
Shrivash,3,0,3
Shuayb,3,0,3
Shucaac,3,3,6
Shudella,0,3,3
Shudryne,0,3,3
Shuhaily,3,3,6
Shuhainy,0,3,3
Shukran,3,3,6
Shulayka,0,3,3
Shumaila,0,3,3
Shunley,3,0,3
Shuraino,3,0,3
Shurainy,0,3,3
Shuraisa,0,3,3
Shurangel,3,0,3
Shurayla,0,3,3
Shurell,3,0,3
Shurely,0,3,3
Shurendly,3,0,3
Shurentley,3,0,3
Shurion,3,0,3
Shurnaily,0,3,3
Shurvano,3,0,3
Shurvin,3,0,3
Shurwin,3,0,3
Shushma,0,3,3
Shushmita,0,3,3
Shuyi,0,3,3
Shvan,3,0,3
Shveta,0,3,3
Shwastika,0,3,3
Shwetha,0,3,3
Shwetta,0,3,3
Shy-Anne,0,3,3
Shyaka,3,3,6
Shyana,0,3,3
Shyang,3,3,6
Shyen,3,3,6
Shyfra,0,3,3
Shyh,3,0,3
Shyheem,3,0,3
Shylah,0,3,3
Shylaja,3,3,6
Shylin,0,3,3
Shyrita,0,3,3
Shyvana,0,3,3
Shyvani,0,3,3
Shyven,3,0,3
Si-Mohamed,3,0,3
Sial,3,3,6
Siala,0,3,3
Siamak,3,0,3
Siani,0,3,3
Siavash,3,0,3
Sib,3,0,3
Sibbedina,0,3,3
Sibbela,0,3,3
Sibbella,0,3,3
Sibbellina,0,3,3
Sibbine,0,3,3
Sibbo,3,0,3
Sibby,0,3,3
Sibela,0,3,3
Sibiela,0,3,3
Sibrandes,3,0,3
Sibregje,0,3,3
Sibrenne,0,3,3
Sibrina,0,3,3
Sibyla,0,3,3
Sicillia,0,3,3
Sicke,3,0,3
Sickman,3,0,3
Sickona,0,3,3
Sidaan,3,0,3
Sidali,3,0,3
Sıddıka,0,3,3
Siddiqui,3,0,3
Sidem,0,3,3
Sidhi,3,3,6
Sidhu,3,0,3
Sidonio,3,0,3
Sidonne,0,3,3
Sidony,0,3,3
Sie-Ah,0,3,3
Siëa,0,3,3
Siean,3,0,3
Siebechiena,0,3,3
Siebegina,0,3,3
Siebegje,0,3,3
Siebelt,3,0,3
Siebens,0,3,3
Sieber,0,3,3
Siebke,0,3,3
Siebrandt,3,0,3
Siebrug,0,3,3
Siedsanna,0,3,3
Siefrida,0,3,3
Sieg,3,0,3
Sieham,0,3,3
Sielegien,0,3,3
Sielia,0,3,3
Siem-Jan,3,0,3
Siemerdiena,0,3,3
Siemonetta,0,3,3
Siempje,0,3,3
Sienetta,0,3,3
Siepe,3,3,6
Siepi,0,3,3
Siepy,0,3,3
Sièra,0,3,3
Siëra,0,3,3
Sierach,3,0,3
Sierd-Jan,3,0,3
Siert-Jan,3,0,3
Siertsje,0,3,3
Siesien,0,3,3
Sieteke,0,3,3
Sietia,0,3,3
Sietsero,3,0,3
Sietses,0,3,3
Sietze-Jan,3,0,3
Sieuwerdiena,0,3,3
Sieuwkumar,3,0,3
Sieuwnarain,3,0,3
Siewertdina,0,3,3
Sifanur,0,3,3
Sifaw,3,0,3
Sifayed,3,0,3
Sifeddine,3,0,3
Sifre,3,3,6
Sig,3,0,3
Sigalle,0,3,3
Sigbrit,0,3,3
Sigfrido,3,0,3
Siggi,3,0,3
Sigibertha,0,3,3
Sigiward,3,0,3
Siglien,0,3,3
Signa,0,3,3
Signaida,0,3,3
Sigoberta,0,3,3
Sigrin,0,3,3
Sigrina,0,3,3
Sigvarda,0,3,3
Sigyn,0,3,3
Sijan,3,3,6
Sijb,3,0,3
Sijbertje,0,3,3
Sijbregtje,0,3,3
Sijbrend,3,0,3
Sijdina,0,3,3
Sijgiena,0,3,3
Sijkiena,0,3,3
Sijla,0,3,3
Sijlina,0,3,3
Sijlize,0,3,3
Sijlvana,0,3,3
Sijlvie,3,3,6
Sijmerina,0,3,3
Sijmie,0,3,3
Sijpt,3,0,3
Sijtie,0,3,3
Sijtjen,0,3,3
Sijtsje,0,3,3
Sijwerd,3,0,3
Sijze,3,0,3
Sikkeliena,0,3,3
Sikkina,0,3,3
Sikumbang,3,0,3
Sılanur,0,3,3
Sile,0,3,3
Silfia,0,3,3
Silfina,0,3,3
Sillan,3,3,6
Sillia,0,3,3
Silta,0,3,3
Silvaan,3,0,3
Silvanito,3,0,3
Silvanne,0,3,3
Silvánus,3,0,3
Silvayn,3,0,3
Silverine,0,3,3
Silvero,3,0,3
Silverus,3,0,3
Silves,3,0,3
Silviany,0,3,3
Silvien,3,3,6
Silviënne,0,3,3
Silvyan,3,3,6
Simao,3,0,3
Simaya,0,3,3
Simca,0,3,3
Simche,0,3,3
Simeï,3,3,6
Simentsje,0,3,3
Simisola,3,3,6
Simko,3,0,3
Simktje,0,3,3
Simm,3,0,3
Simmen,3,0,3
Simmetje,0,3,3
Simmone,3,3,6
Simòn,3,0,3
Simonah,0,3,3
Simorientje,0,3,3
Simos,3,0,3
Simpey,3,0,3
Simrandeep,0,3,3
Sin-Man,0,3,3
Sin-Yi,0,3,3
Sin-Ying,0,3,3
Sinane,3,0,3
Sinar,3,0,3
Sincemilla,0,3,3
Sincère,3,0,3
Sinclaire,0,3,3
Sindhu,3,3,6
Sinet,0,3,3
Singgang,3,3,6
Sinnika,0,3,3
Sintio,3,0,3
Sintya,0,3,3
Síobhan,0,3,3
Siobian,0,3,3
Siondra,0,3,3
Siouxi,3,3,6
Sipcolina,0,3,3
Siphiwe,3,3,6
Sipon,3,0,3
Sipporah,0,3,3
Siprian,3,0,3
Siraad,0,3,3
Siraaz,3,0,3
Sirag,3,0,3
Sirana,0,3,3
Siranouch,0,3,3
Siregar,3,0,3
Siricus,3,0,3
Sirid,3,3,6
Sirio,3,0,3
Sirja,0,3,3
Sirma,0,3,3
Sirodjanie,0,3,3
Siromani,0,3,3
Sirous,3,0,3
Sirrah,0,3,3
Sirtilla,3,3,6
Sirun,0,3,3
Siry,0,3,3
Sisinia,0,3,3
Siskia,0,3,3
Sisline,0,3,3
Sislyn,0,3,3
Sisse,0,3,3
Sistine,0,3,3
Sitakoemarie,0,3,3
Sitare,0,3,3
Sitih,0,3,3
Sittah,0,3,3
Sivanand,3,0,3
Sivardus,3,0,3
Siyagunekosgodage,3,3,6
Siyarah,0,3,3
Sizwe,3,0,3
Sjaac,3,0,3
Sjaahiena,0,3,3
Sjaakira,0,3,3
Sjabina,0,3,3
Sjabine,0,3,3
Sjaene,0,3,3
Sjah,3,0,3
Sjahnaz,0,3,3
Sjai,3,3,6
Sjakeline,0,3,3
Sjakiela,0,3,3
Sjakkelien,0,3,3
Sjalling,3,0,3
Sjamara,0,3,3
Sjamier,3,0,3
Sjamila,0,3,3
Sjamira,0,3,3
Sjammo,3,0,3
Sjamsoedin,3,3,6
Sjanetta,0,3,3
Sjannel,0,3,3
Sjannet,0,3,3
Sjannine,0,3,3
Sjanou,0,3,3
Sjara,0,3,3
Sjardé,0,3,3
Sjarieka,0,3,3
Sjarifa,0,3,3
Sjarine,0,3,3
Sjarlie,3,0,3
Sjarona,0,3,3
Sjauke,3,3,6
Sjaukje,0,3,3
Sjeeltje,0,3,3
Sjeik,3,0,3
Sjel,3,0,3
Sjengie,3,0,3
Sjera,3,3,6
Sjern,0,3,3
Sjerps,3,3,6
Sjerrie,3,0,3
Sjeurtje,0,3,3
Sjevon,0,3,3
Sjira,0,3,3
Sjirk-Jan,3,0,3
Sjoekie,0,3,3
Sjoerda,0,3,3
Sjoeri,3,0,3
Sjoevina,0,3,3
Sjohny,3,0,3
Sjollina,0,3,3
Sjorske,3,3,6
Sjourd,3,0,3
Sjriek,3,0,3
Sjuli,0,3,3
Sjuwkje,0,3,3
Ska,3,3,6
Skah,3,3,6
Skaj,3,0,3
Skarlet,0,3,3
Skaye,3,3,6
Skippy,3,0,3
Skyden,3,0,3
Sladan,3,0,3
Slaine,3,0,3
Slash,3,0,3
Slavisa,3,0,3
Slawomir,3,0,3
Slevin,3,0,3
Slingeland,3,0,3
Smedra,0,3,3
Smerko,3,0,3
Smilja,0,3,3
Smilyana,3,3,6
Smis,3,3,6
Smits,3,3,6
Smitt,3,3,6
Smriti,0,3,3
Snit,0,3,3
Snoes,0,3,3
Snorri,3,0,3
Snoussi,3,3,6
Sobaan,3,0,3
Sobhi,3,3,6
Sochima,3,0,3
Soead,0,3,3
Soebratie,3,3,6
Soedarmo,3,0,3
Soedirman,3,0,3
Soedjata,0,3,3
Soedjiono,3,3,6
Soefjan,3,0,3
Soefjen,3,0,3
Soefyaan,3,0,3
Soegijem,0,3,3
Soegiman,3,0,3
Soegito,3,0,3
Soegriemsingh,3,3,6
Soehaib,3,0,3
Soehaila,0,3,3
Soehartini,0,3,3
Soeharto,3,0,3
Soejadi,3,0,3
Soekari,3,0,3
Soekarno,3,0,3
Soekdee,0,3,3
Soekdew,3,0,3
Soekena,0,3,3
Soekhdew,3,0,3
Soekhrani,0,3,3
Soekiman,3,0,3
Soekradjie,0,3,3
Soelastri,0,3,3
Soeleman,3,0,3
Soeli,0,3,3
Soeliman,3,0,3
Soemaira,0,3,3
Soemanie,3,3,6
Soemarni,0,3,3
Soemeh,3,3,6
Soemeja,0,3,3
Soemia,0,3,3
Soemijem,0,3,3
Soeminem,0,3,3
Soemirin,3,0,3
Soemitra,0,3,3
Soenarti,0,3,3
Soenderwatie,0,3,3
Soendoes,0,3,3
Soenieta,0,3,3
Soepardie,3,0,3
Soepartinie,0,3,3
Soeperman,3,0,3
Soeraida,0,3,3
Soeratman,3,0,3
Soeratmie,0,3,3
Soeredjsing,3,0,3
Soeriadi,3,0,3
Soeriano,3,0,3
Soerijani,0,3,3
Soerijanie,0,3,3
Soerijanto,3,0,3
Soerinderkoemar,3,0,3
Soerjantie,0,3,3
Soersatie,0,3,3
Soeryani,0,3,3
Soes,0,3,3
Soesana,0,3,3
Soeshiel,3,0,3
Soesianti,0,3,3
Soesmadebie,0,3,3
Soetie,0,3,3
Soetimin,3,0,3
Soetinem,0,3,3
Soetira,0,3,3
Soetirah,0,3,3
Soewanto,3,0,3
Soewardi,3,0,3
Soewarno,3,0,3
Soewondo,3,0,3
Sofea,0,3,3
Sofee,0,3,3
Sofianne,0,3,3
Sofianus,3,0,3
Sofie-Louise,0,3,3
Sofijan,3,0,3
Sofja,0,3,3
Sofrinus,3,0,3
Sofyane,3,0,3
Sohel,3,0,3
Soheyl,3,0,3
Soheyla,0,3,3
Sohini,0,3,3
Sohraya,0,3,3
Soile,0,3,3
Sokrates,3,0,3
Solané,0,3,3
Solanus,3,0,3
Solav,0,3,3
Solay,0,3,3
Solí,0,3,3
Solisa,3,3,6
Soltana,0,3,3
Solvei,0,3,3
Solwey,0,3,3
Solyana,0,3,3
Somari,0,3,3
Somayra,0,3,3
Somdat,3,0,3
Somea,0,3,3
Someo,3,0,3
Somesh,3,0,3
Somicha,0,3,3
Sommer,0,3,3
Somo,3,0,3
Somora,3,3,6
Somtjai,0,3,3
Somya,0,3,3
Són,3,0,3
Sonaisha,0,3,3
Sonalie,0,3,3
Sonat,3,0,3
Sonayda,0,3,3
Sonday,3,3,6
Sondre,3,0,3
Sonel,3,0,3
Sonnia,0,3,3
Sonsiama,3,0,3
Soönini,3,3,6
Sooph,0,3,3
Sopheüs,3,0,3
Sophiana,0,3,3
Sophie-Eline,0,3,3
Sophie-Fleur,0,3,3
Sophie-Louise,0,3,3
Sophie-Rose,0,3,3
Sophien,3,3,6
Sophonias,3,3,6
Sophronius,3,0,3
Sorah,0,3,3
Soraïda,0,3,3
Söraya,0,3,3
Sorayadevi,0,3,3
Sori,3,0,3
Sorín,3,0,3
Sorita,0,3,3
Soriya,0,3,3
Soroesh,3,0,3
Soronja,0,3,3
Sorvino,3,0,3
Soryana,0,3,3
Sosana,0,3,3
Soter,3,0,3
Sotir,3,0,3
Soto,3,0,3
Souadou,0,3,3
Souber,3,0,3
Soufien,3,0,3
Soufiyan,3,0,3
Soufjen,3,0,3
Souhad,0,3,3
Souhaïb,3,0,3
Souke,0,3,3
Soulayma,0,3,3
Souleka,0,3,3
Soulemane,3,0,3
Soultana,0,3,3
Soumaiya,0,3,3
Soumayah,0,3,3
Soumicha,0,3,3
Sousan,0,3,3
Sowella,0,3,3
Sowi,0,3,3
Soyhan,3,3,6
Spar,3,0,3
Spartaco,3,0,3
Spartacus,3,0,3
Specially,0,3,3
Speciosa,0,3,3
Speransa,0,3,3
Sperata,0,3,3
Splynter,3,0,3
Squaw,0,3,3
Srdan,3,0,3
Sriani,0,3,3
Sridhar,3,0,3
Srijanie,0,3,3
Srijanti,0,3,3
Sriwati,0,3,3
Sriyanto,3,0,3
Sroed,3,0,3
Sroi,0,3,3
Srosh,3,0,3
Srutikant,3,0,3
St.,3,0,3
St.James,3,3,6
Staicy,3,3,6
Stamatia,0,3,3
Stamatis,3,0,3
Stan-Lee,3,0,3
Stanislavovich,3,0,3
Stanislous,3,0,3
Stanislow,3,0,3
Stanlee,3,0,3
Stannislaus,3,3,6
Stanno,3,0,3
Stany,3,0,3
Stanzi,3,3,6
Stardust,3,3,6
Starley,3,0,3
Staszek,3,0,3
Staz,3,0,3
Steacey,0,3,3
Stead,3,0,3
Steaphan,3,0,3
Stecy,0,3,3
Steefijnes,3,0,3
Steeve,3,0,3
Steevie,0,3,3
Stef-Jan,3,0,3
Stéfane,3,0,3
Stefaney,3,3,6
Stéfani,0,3,3
Stefanilla,0,3,3
Stefanita,0,3,3
Stèfano,3,0,3
Stèfanos,3,0,3
Steffa,0,3,3
Steffentien,0,3,3
Stéfhan,3,0,3
Stéfhanie,0,3,3
Stefin,3,0,3
Stefka,0,3,3
Stelian,3,0,3
Stellamaris,0,3,3
Stemar,3,0,3
Stenkilde,3,3,6
Stenne,0,3,3
Stennie,3,3,6
Stenson,3,0,3
Stepfanus,3,0,3
Stephalina,0,3,3
Stephán,3,0,3
Stèphane,3,0,3
Stéphania,0,3,3
Stephanilla,0,3,3
Stephanio,3,0,3
Stéphannie,0,3,3
Stèphany,0,3,3
Sterre-Joy,0,3,3
Sterre-Lynn,0,3,3
Steva,0,3,3
Stevalina,0,3,3
Stevani,0,3,3
Stevania,0,3,3
Stève,3,0,3
Steveliena,0,3,3
Stevenrina,0,3,3
Stevenrine,0,3,3
Stevientje,0,3,3
Stevrone,0,3,3
Stientsje,0,3,3
Stievy,3,0,3
Stigandr,3,0,3
Stijnar,3,0,3
Stijne,3,3,6
Stinette,0,3,3
Stini,0,3,3
Stiny,0,3,3
Stinze,3,0,3
Stivan,3,0,3
Stiven,3,0,3
Stochelo,3,0,3
Stoffelien,0,3,3
Stoffeliena,0,3,3
Stoffeltje,0,3,3
Stofferdientje,0,3,3
Stoffers,3,0,3
Stormy,3,3,6
Stoyan,3,0,3
Strelitzia,0,3,3
Stuwart,3,0,3
Stuwey,3,0,3
Styan,3,0,3
Styliani,0,3,3
Suah,3,3,6
Suana,0,3,3
Subira,3,3,6
Succes,3,3,6
Sudarsan,3,0,3
Sudarshinidevi,0,3,3
Sudarti,0,3,3
Süde,0,3,3
Sudees,3,0,3
Sudesha,3,3,6
Sudeys,3,0,3
Sudhirkumar,3,0,3
Sudish,3,0,3
Sudjono,3,0,3
Sudy,3,3,6
Sué,0,3,3
Sue-Anne,0,3,3
Süela,0,3,3
Suéli,0,3,3
Sueli,0,3,3
Suemaya,0,3,3
Sueña,0,3,3
Suendra,0,3,3
Suenna,0,3,3
Suet-Yi,0,3,3
Suffrida,0,3,3
Sufi,0,3,3
Sufia,0,3,3
Sufiya,0,3,3
Sufiyaan,3,0,3
Süfyan,3,3,6
Sugely,0,3,3
Sughra,0,3,3
Suhaan,3,0,3
Suhailah,0,3,3
Sühan,3,3,6
Suharti,3,3,6
Suhaylah,0,3,3
Suheb,3,0,3
Suheidy,0,3,3
Suheil,3,0,3
Suhela,0,3,3
Sühendan,0,3,3
Süheyda,0,3,3
Suhrab,3,0,3
Sujadi,3,0,3
Sujay,3,0,3
Suji,0,3,3
Sujindra,3,3,6
Sukari,3,0,3
Sukayna,0,3,3
Sukaynah,0,3,3
Sukhdev,3,3,6
Sukhwinder,3,3,6
Sukri,3,0,3
Sukriye,0,3,3
Sula,0,3,3
Sulai,3,3,6
Sulaima,0,3,3
Sulastry,0,3,3
Sulaymen,3,0,3
Sulejman,3,0,3
Sulemaan,3,0,3
Suleria,3,3,6
Suleyka,0,3,3
Suliaman,3,0,3
Sulimar,0,3,3
Suljo,3,0,3
Sultane,0,3,3
Suma,3,3,6
Sumaia,0,3,3
Sumani,3,3,6
Sumaq,3,3,6
Sumara,0,3,3
Sumer,3,3,6
Sumia,0,3,3
Sumiet,3,0,3
Sumiko,0,3,3
Sumin,3,3,6
Sumira,0,3,3
Sumire,0,3,3
Sümmeyye,0,3,3
Sumner,3,0,3
Sunah,0,3,3
Sunayana,0,3,3
Sundar,3,0,3
Sundous,0,3,3
Sunette,0,3,3
Sunidhi,0,3,3
Sunisa,0,3,3
Sunitadevi,0,3,3
Sunja,0,3,3
Sunnah,0,3,3
Sunneva,0,3,3
Sunni,3,3,6
Sunnie,0,3,3
Sunray,3,3,6
Sunseeahray,0,3,3
Sunsheeray,0,3,3
Suparna,0,3,3
Supatra,0,3,3
Supia,0,3,3
Suradjkoemar,3,0,3
Suragnie,0,3,3
Surajh,3,0,3
Surajpersad,3,0,3
Surana,0,3,3
Surej,3,0,3
Süren,3,3,6
Surendre,3,0,3
Surendy,3,3,6
Suresha,0,3,3
Suriana,0,3,3
Surianti,0,3,3
Surianty,0,3,3
Suriël,3,3,6
Suriën,3,3,6
Surindre,3,0,3
Surinus,3,0,3
Surish,3,0,3
Surisha,0,3,3
Surishaday,0,3,3
Suriyanti,0,3,3
Surja,3,0,3
Surrender,3,0,3
Surtiana,0,3,3
Suryadevi,0,3,3
Suryakant,3,0,3
Suryakiran,0,3,3
Suryano,3,0,3
Susetta,0,3,3
Susetyo,3,0,3
Sushanti,0,3,3
Sushiel,3,0,3
Susianti,0,3,3
Susilkumar,3,3,6
Sussie,0,3,3
Sutherland,3,3,6
Sutinah,3,3,6
Suu,3,3,6
Suuwtje,0,3,3
Suvesha,0,3,3
Süveybe,0,3,3
Suwela,0,3,3
Suy,3,3,6
Suya,0,3,3
Suyana,0,3,3
Suyanti,0,3,3
Suyata,0,3,3
Suyen,0,3,3
Suzanette,0,3,3
Suzelot,0,3,3
Suzelotte,0,3,3
Suzetta,0,3,3
Suzy-Ann,0,3,3
Svastika,0,3,3
Svatava,0,3,3
Svedde,3,0,3
Sven-Åke,3,0,3
Sven-Olav,3,0,3
Svende,0,3,3
Svennie,3,3,6
Svinthe,0,3,3
Svjetlana,0,3,3
Swaleh,3,0,3
Swanita,0,3,3
Swantine,0,3,3
Swara,3,3,6
Swastica,0,3,3
Swe,3,3,6
Swenna,0,3,3
Swently,3,0,3
Swera,0,3,3
Swiedbertus,3,0,3
Swijs,3,0,3
Swiss,3,3,6
Switberta,0,3,3
Switbertha,0,3,3
Swobkje,0,3,3
Swobkjen,0,3,3
Syar,3,0,3
Sybald,3,0,3
Sybelina,0,3,3
Sybeline,0,3,3
Sybillus,3,0,3
Syboutje,0,3,3
Sybre,3,3,6
Sybrechta,0,3,3
Sybregt,3,3,6
Sydelle,0,3,3
Sydny,3,0,3
Sydonie,0,3,3
Syerra,0,3,3
Sygabertha,0,3,3
Sygriet,0,3,3
Sylayla,0,3,3
Sylfina,0,3,3
Sylicia,0,3,3
Sylma,0,3,3
Sylona,0,3,3
Sylvair,3,0,3
Sylvannah,0,3,3
Sylvesther,3,3,6
Sylvianus,3,0,3
Symcha,3,3,6
Symonia,0,3,3
Sympherosa,0,3,3
Symphorose,0,3,3
Symphrosa,0,3,3
Syphra,0,3,3
Sypriana,0,3,3
Syrella,0,3,3
Syrian,3,3,6
Syrin,0,3,3
Syrou,0,3,3
Syrt,3,0,3
Syrthe,0,3,3
Sysa,0,3,3
Sytzes,3,0,3
Sytzia,0,3,3
Syvan,3,0,3
Syward,3,0,3
Szabolcs,3,0,3
Szandor,3,0,3
Szilard,3,0,3
Sørine,0,3,3
Søs,0,3,3
Sławomir,3,0,3
Sa'eed,3,0,3
Sa'id,3,0,3
Sa-ied,3,0,3
Saabera,0,3,3
Saabiriin,0,3,3
Saabriin,0,3,3
Saabriya,0,3,3
Saachi,0,3,3
Saadalla,3,0,3
Saädia,0,3,3
Saadjid,3,0,3
Saadoun,3,0,3
Saafa,0,3,3
Saafi,0,3,3
Saafir,3,0,3
Saaib,3,0,3
Saâid,3,0,3
Saajid,3,0,3
Saaleha,0,3,3
Saaliem,3,0,3
Saaliha,0,3,3
Saämah,0,3,3
Saamy,3,0,3
Saapkje,0,3,3
Saar-Jasmijn,0,3,3
Saar-Sophie,0,3,3
Saarinen,3,0,3
Saartien,0,3,3
Saas,3,3,6
Saawankumar,3,0,3
Saayan,3,0,3
Sabaheta,0,3,3
Sabajo,0,3,3
Sabana,0,3,3
Sabari,3,3,6
Sabarin,0,3,3
Sabarte,0,3,3
Sabás,3,0,3
Sabatino,3,0,3
Sabea,0,3,3
Sabeena,0,3,3
Sabeha,0,3,3
Sabel,3,3,6
Sabeltje,0,3,3
Sabera,0,3,3
Sabhi,3,0,3
Sabidagatoen,0,3,3
Sabie,0,3,3
Sábiet,3,0,3
Sabil,3,0,3
Sabini,0,3,3
Sabinja,0,3,3
Sabirenur,0,3,3
Sabirine,0,3,3
Sabitriedevi,0,3,3
Sable,0,3,3
Sabna,0,3,3
Sabour,3,0,3
Sabragatoen,0,3,3
Sabre,0,3,3
Sabrena,0,3,3
Sabrienna,0,3,3
Sabriënne,0,3,3
Sabrinagatoen,0,3,3
Sabrinna,0,3,3
Sabriski,3,3,6
Sabtain,3,0,3
Sabur,3,3,6
Sabya,0,3,3
Sabyla,0,3,3
Sabylla,0,3,3
Sabyn,0,3,3
Sacchai,3,0,3
Sacchi,3,3,6
Sacharia,0,3,3
Sacharja,3,0,3
Sachèl,3,0,3
Sachia,3,3,6
Sachine,0,3,3
Sachio,3,0,3
Sachithananthanathan,3,0,3
Saciid,3,0,3
Sacko,3,3,6
Sacom,3,0,3
Sadali,3,3,6
Sadam,0,3,3
Sadana,0,3,3
Sadaq,3,0,3
Saddaf,3,3,6
Saddek,3,0,3
Sadderick,3,0,3
Saddie,0,3,3
Sadee,0,3,3
Sadetdin,3,0,3
Sadéyah,0,3,3
Sadeyah,0,3,3
Sadhanadebie,0,3,3
Sadhanna,0,3,3
Sadhbh,0,3,3
Sadhvi,0,3,3
Sadid,3,0,3
Sadiea,0,3,3
Sadiënne,0,3,3
Sadije,0,3,3
Sadijem,0,3,3
Sadiki,3,0,3
Sadikjan,3,3,6
Sadiku,3,3,6
Sadiqah,0,3,3
Sadir,3,0,3
Sadiyya,0,3,3
Sadji,3,0,3
Sadko,3,0,3
Sadmir,3,0,3
Sadn,3,3,6
Sadoula,0,3,3
Sadraak,3,0,3
Sadrettin,3,0,3
Saduman,0,3,3
Sadyq,3,3,6
Saeedah,0,3,3
Saeid,3,0,3
Saejin,0,3,3
Saekeltje,0,3,3
Saenne,0,3,3
Saerana,0,3,3
Saesha,0,3,3
Saéya,0,3,3
Safaä,0,3,3
Safâa,0,3,3
Safaae,0,3,3
Safaé,0,3,3
Safania,0,3,3
Safanna,0,3,3
Safano,3,0,3
Safara,0,3,3
Safari,0,3,3
Safarizal,3,0,3
Safaya,0,3,3
Safeenah,0,3,3
Saferijn,3,0,3
Safeya,0,3,3
Saffaa,0,3,3
Saffan,3,0,3
Saffeer,3,0,3
Saffeera,0,3,3
Saffiëra,0,3,3
Saffiero,3,0,3
Saffir,3,0,3
Saffíra,0,3,3
Saffiyya,0,3,3
Saffo,3,3,6
Saffon,0,3,3
Saffouane,3,0,3
Saffran,3,0,3
Saffrijn,0,3,3
Saffroenisa,0,3,3
Safha,0,3,3
Safía,0,3,3
Safied,3,0,3
Safiedagatoen,0,3,3
Safielagatoen,0,3,3
Safiene,0,3,3
Safiere,0,3,3
Safieya,0,3,3
Safila,0,3,3
Safín,3,0,3
Safinah,0,3,3
Safino,3,0,3
Safinur,0,3,3
Safiq,3,0,3
Safiyen,0,3,3
Safja,0,3,3
Safjoennisa,0,3,3
Safoah,0,3,3
Safoeragatoen,0,3,3
Safoine,3,0,3
Saforagatoen,0,3,3
Safoune,3,0,3
Safowah,0,3,3
Safraaz,3,0,3
Safrani,0,3,3
Safrania,0,3,3
Safri,3,0,3
Safrien,0,3,3
Safrin,3,3,6
Safure,0,3,3
Safwen,3,0,3
Safye,0,3,3
Safyra,0,3,3
Sagai,3,0,3
Sagall,3,0,3
Sagalo,3,0,3
Sagan,3,3,6
Sagarkumar,3,0,3
Sagarsingh,3,0,3
Sagel,3,3,6
Sagesse,0,3,3
Sagha,0,3,3
Saghi,0,3,3
Sagimin,3,0,3
Sagina,0,3,3
Sagirah,0,3,3
Sagitte,0,3,3
Sagrada,0,3,3
Sagrika,0,3,3
Saguna,0,3,3
Sahaan,3,3,6
Sahadeva,3,0,3
Sahadewsingh,3,0,3
Sahail,3,0,3
Sahak,3,0,3
Sahale,3,0,3
Sahani,3,3,6
Sahardid,3,0,3
Sahata,3,0,3
Sahayra,0,3,3
Sahbaan,3,0,3
Sahbi,3,3,6
Sahdew,3,0,3
Saheb,3,3,6
Sahed,3,0,3
Saheeda,0,3,3
Saheel,3,0,3
Saheena,0,3,3
Sahela,0,3,3
Sahfira,0,3,3
Sahi,3,3,6
Sahibe,0,3,3
Sahiera,0,3,3
Sahif,3,0,3
Sahika,0,3,3
Sáhil,3,0,3
Sahinaz,0,3,3
Sahinder,0,3,3
Sahine,0,3,3
Sahli,3,0,3
Sahlina,0,3,3
Sahnaaz,0,3,3
Sahota,3,3,6
Sahran,3,3,6
Sahray,0,3,3
Sahro,0,3,3
Sahron,0,3,3
Sahvana,0,3,3
Sahvanna,0,3,3
Sai-Man,3,0,3
Saiba,3,3,6
Saichon,3,0,3
Saidat,0,3,3
Saïdia,0,3,3
Saidoe,3,0,3
Saïdya,0,3,3
Saïed,3,0,3
Saïef,3,0,3
Saiem,3,0,3
Saif-Ullah,3,0,3
Saif-Ur-Rehman,3,0,3
Saifa,3,3,6
Saifadin,3,0,3
Saifaldin,3,0,3
Saifali,3,0,3
Saifallah,3,0,3
Saifdien,3,0,3
Saiffedien,3,0,3
Saiffedine,3,0,3
Saifoeddien,3,0,3
Saihaj,0,3,3
Saijiro,3,0,3
Saika,0,3,3
Sailan,3,0,3
Saileshkoemar,3,0,3
Sailin,3,0,3
Sailinder,3,0,3
Sailinderkoemar,3,0,3
Saïmah,0,3,3
Saïme,0,3,3
Saimy,3,3,6
Saindhavi,0,3,3
Sainih,0,3,3
Saint-John,3,0,3
Sainy,3,3,6
Saio,3,3,6
Saiqa,0,3,3
Sairam,3,0,3
Sairen,3,0,3
Saïrin,3,3,6
Sairo,3,0,3
Sairoennisa,0,3,3
Saith,3,0,3
Saiyan,3,0,3
Saiz,3,0,3
Sajdah,0,3,3
Sajeed,3,0,3
Sajel,3,0,3
Sajena,3,3,6
Sajia,0,3,3
Sajil,3,0,3
Sajin,3,0,3
Sajonara,0,3,3
Sajong,0,3,3
Saka,3,3,6
Sakal,3,3,6
Sakarije,3,0,3
Sake-Jan,3,0,3
Sakellaris,3,0,3
Sakeri,3,0,3
Saket,3,0,3
Sakhi,3,3,6
Sakia,0,3,3
Sakienah,0,3,3
Sakin,3,3,6
Sakino,3,0,3
Sakip,3,0,3
Sakirah,0,3,3
Sakiran,3,0,3
Sakire,0,3,3
Sakis,3,0,3
Sakita,0,3,3
Sakoer,3,0,3
Sakoeran,0,3,3
Saks,3,0,3
Sakua,3,0,3
Sakuntala,0,3,3
Sakyna,0,3,3
Salaberga,0,3,3
Salad,3,3,6
Salaha,3,0,3
Salahidin,3,0,3
Salahoeddien,3,0,3
Salal,3,3,6
Salamanca,0,3,3
Salamatu,0,3,3
Salami,0,3,3
Salana,0,3,3
Saldin,3,0,3
Salea,0,3,3
Saleeha,0,3,3
Salek,3,0,3
Saleman,3,0,3
Salematou,0,3,3
Salfius,3,0,3
Saliano,3,0,3
Salice,0,3,3
Sâliha,0,3,3
Salihanur,0,3,3
Salihcan,3,0,3
Salihhan,3,0,3
Salijem,0,3,3
Salijn,0,3,3
Saliña,0,3,3
Salinah,0,3,3
Salise,0,3,3
Salita,0,3,3
Salix,3,3,6
Sall,3,0,3
Sallahdien,3,0,3
Sallahdin,3,0,3
Sallahdine,3,0,3
Sallaheddine,3,0,3
Sallima,0,3,3
Sallysia,0,3,3
Sallytha,0,3,3
Salm,3,0,3
Salmaa,0,3,3
Salmata,0,3,3
Salmina,0,3,3
Salomão,3,0,3
Sálome,0,3,3
Salómee,0,3,3
Salómi,0,3,3
Salomientje,0,3,3
Salowa,0,3,3
Salsa,0,3,3
Salsabel,0,3,3
Saltana,0,3,3
Saltanat,0,3,3
Salto,3,3,6
Saltukhan,3,0,3
Salum,3,0,3
Salvacion,0,3,3
Salvana,0,3,3
Salvatora,0,3,3
Salvera,0,3,3
Salverius,3,0,3
Salvie,0,3,3
Salvinus,3,0,3
Salvira,0,3,3
Salvo,3,0,3
Salwin,3,0,3
Salyna,0,3,3
Salysa,0,3,3
Sàm,3,0,3
Sam-Bo,3,3,6
Sam-John,3,0,3
Sam-Lee,3,3,6
Sam-Sam,0,3,3
Samaâh,0,3,3
Samaan,3,0,3
Samaar,0,3,3
Samalatu,3,0,3
Samaleh,3,0,3
Samaná,0,3,3
Samandra,0,3,3
Samandy,0,3,3
Samane,3,3,6
Samanie,0,3,3
Samántha,0,3,3
Samantha-Josephine,0,3,3
Samany,0,3,3
Samare,0,3,3
Samareh,0,3,3
Samarjit,3,0,3
Samassa,3,3,6
Samat,3,0,3
Samater,3,0,3
Samawil,3,3,6
Sambaz,3,0,3
Samber,3,0,3
Sambicos,3,3,6
Sambodhi,3,0,3
Sambrino,3,0,3
Sambujang,3,0,3
Samea,0,3,3
Samée,0,3,3
Samèh,3,3,6
Sameia,0,3,3
Samela,0,3,3
Samelia,0,3,3
Samena,0,3,3
Sametcan,3,0,3
Samhita,0,3,3
Samî,3,0,3
Samiar,3,0,3
Samidie,3,0,3
Samidin,3,0,3
Samiëra,0,3,3
Samijem,0,3,3
Samiksha,0,3,3
Saminda,3,3,6
Samingan,3,0,3
Saminte,0,3,3
Samirin,3,0,3
Samirra,0,3,3
Samiullah,3,0,3
Samiy,3,0,3
Samiyar,3,0,3
Samka,3,3,6
Samkoemar,3,0,3
Sammad,3,0,3
Sammai,3,0,3
Samman,0,3,3
Sammaya,0,3,3
Sammie-Jo,0,3,3
Sammiya,0,3,3
Sammy-Jane,0,3,3
Sammy-yo,0,3,3
Sammya,0,3,3
Samoëlina,0,3,3
Samoendri,0,3,3
Samonda,0,3,3
Samoon,3,0,3
Samorie,3,0,3
Samorisha,0,3,3
Samos,3,0,3
Samouka,3,0,3
Sampson,3,0,3
Samrae,0,3,3
Samroy,3,0,3
Samsad,3,0,3
Samsiar,0,3,3
Samsinah,0,3,3
Samsoenisa,0,3,3
Samsom,3,0,3
Samsudin,3,0,3
Samúel,3,0,3
Samuéla,0,3,3
Samurai,3,3,6
Samvel,3,0,3
Samyan,3,0,3
Samyi,0,3,3
Samyon,3,0,3
Samyrha,0,3,3
Sana'a,0,3,3
Sanaä,0,3,3
Sanaá,0,3,3
Sanabel,0,3,3
Sanan,0,3,3
Sanarya,0,3,3
Sançak,3,0,3
Sancak,3,0,3
Sanchali,0,3,3
Sanci,0,3,3
Sanclair,3,0,3
Sanctia,0,3,3
Sancy,0,3,3
Sandano,3,0,3
Sandelina,0,3,3
Sandeline,0,3,3
Sander-Edwin,3,0,3
Sander-Paul,3,0,3
Sanderein,0,3,3
Sanderientje,0,3,3
Sanderriana,0,3,3
Sanderson,3,0,3
Sandev,3,0,3
Sandha,3,0,3
Sandharsj,3,0,3
Sandhi,0,3,3
Sandhiadevi,0,3,3
Sandhiyadevi,0,3,3
Sandico,3,0,3
Sandiënne,0,3,3
Sandiepkoemar,3,0,3
Sandil,3,0,3
Sandile,3,3,6
Sandippersad,3,0,3
Sandjalie,0,3,3
Sandjoe,3,3,6
Sandocan,3,0,3
Sándór,3,3,6
Sandottir,0,3,3
Sandrawatie,0,3,3
Sandrelli,0,3,3
Sandrick,3,0,3
Sandriene,0,3,3
Sandrientje,0,3,3
Sandries,3,0,3
Sandrijna,0,3,3
Sandriman,3,0,3
Sandrin,3,0,3
Sandrinha,0,3,3
Sanduni,0,3,3
Sandy-Ann,0,3,3
Saned,3,0,3
Sanera,0,3,3
Sanesha,0,3,3
Sanetta,0,3,3
Sanfried,3,0,3
Sangbe,3,3,6
Sangeetawatie,0,3,3
Sangeeth,3,0,3
Sangéla,0,3,3
Sangin,3,3,6
Sangitadebie,0,3,3
Sangitadevi,0,3,3
Sangül,0,3,3
Sangwa,3,3,6
Sangye,3,0,3
Sanh,3,3,6
Sanha,0,3,3
Sanibel,0,3,3
Sanichari,0,3,3
Sanicharie,0,3,3
Sanie,3,0,3
Sanieha,0,3,3
Saniek,0,3,3
Saniel,3,0,3
Sanien,0,3,3
Saniha,0,3,3
Sanika,0,3,3
Sanike,0,3,3
Sanit,3,3,6
Sanjani,0,3,3
Sanjee,3,0,3
Sanjeet,3,0,3
Sanjeetkumar,3,0,3
Sanjeevani-Dewi,0,3,3
Sanjeevkoemar,3,0,3
Sanjeevni,0,3,3
Sanji,3,0,3
Sanjiro,3,0,3
Sanjita,0,3,3
Sanjith,3,0,3
Sanjitsingh,3,0,3
Sanjivan,3,0,3
Sanjo,3,0,3
Sanjula,0,3,3
Sanka,3,0,3
Sankavi,0,3,3
Sankoumba,3,0,3
Sanly,0,3,3
Sanmaria,3,3,6
Sannam,0,3,3
Sanne-Floor,0,3,3
Sanne-Jane,0,3,3
Sanne-Joy,0,3,3
Sanne-Lisa,0,3,3
Sanne-Lise,0,3,3
Sanne-Maaike,0,3,3
Sanne-Mae,0,3,3
Sanne-Mare,0,3,3
Sanne-Marij,0,3,3
Sanne-Marijke,0,3,3
Sanne-Meike,0,3,3
Sanne-Milou,0,3,3
Sanne-Renée,0,3,3
Sanne-Roos,0,3,3
Sanne-Roosje,0,3,3
Sanne-Sofie,0,3,3
Sannedottir,0,3,3
Sanneh,0,3,3
Sannelisah,0,3,3
Sannemarie,0,3,3
Sanner,3,0,3
Sannerieke,0,3,3
Sannetje,0,3,3
Sannia,3,3,6
Sanniek,0,3,3
Sanoe,0,3,3
Sanoeska,0,3,3
Sanogo,3,3,6
Sanou,3,3,6
Sansan,3,3,6
Sanseeray,0,3,3
Sanseray,0,3,3
Sansika,0,3,3
Sansioré,0,3,3
Santadebie,0,3,3
Santal,3,3,6
Santesa,0,3,3
Santesh,3,0,3
Santeza,3,3,6
Santhana,0,3,3
Santhi,0,3,3
Santhiya,0,3,3
Santhousia,0,3,3
Santhusia,0,3,3
Santhya,0,3,3
Santiamo,3,0,3
Santiana,0,3,3
Santiedebie,0,3,3
Santien,0,3,3
Santigie,3,0,3
Santijn,3,0,3
Santios,3,0,3
Santjie,0,3,3
Santkoemar,3,0,3
Santon,3,0,3
Santoni,3,0,3
Santonio,3,0,3
Santoosh,3,0,3
Santorini,3,3,6
Santram,3,0,3
Santu,3,3,6
Santusa,0,3,3
Santyn,0,3,3
Sanur,0,3,3
Sanwah,0,3,3
Sanyaikumar,3,0,3
Sanyar,3,0,3
Sanye,3,3,6
Sanyva,0,3,3
Sanzia,0,3,3
Sanzio,3,0,3
São,3,3,6
Saodah,0,3,3
Saomi,0,3,3
Saoni,0,3,3
Saori,0,3,3
Saosan,0,3,3
Saparoea,3,0,3
Saphie,3,3,6
Saphorijn,3,3,6
Saphron,0,3,3
Sapia,0,3,3
Sapida,0,3,3
Sapide,0,3,3
Sappal,0,3,3
Saqina,0,3,3
Saqub,3,0,3
Saqueeny,0,3,3
Sará,0,3,3
Sara-Anna,0,3,3
Sara-Anne,0,3,3
Sara-Linde,0,3,3
Sara-Maria,0,3,3
Sara-May,0,3,3
Sara-Sophie,0,3,3
Saraab,0,3,3
Saradina,0,3,3
Saràh,0,3,3
Sarah-Faye,0,3,3
Sarah-Jo,0,3,3
Sarah-Kay,0,3,3
Sarah-lee,0,3,3
Sarah-Lou,0,3,3
Sarah-Lyn,0,3,3
Sarah-Rebecca,0,3,3
Sarah-Roos,0,3,3
Sarah-Sue,0,3,3
Sarahfina,0,3,3
Sarahie,0,3,3
Sarahley,0,3,3
Sarahmay,0,3,3
Sarahna,0,3,3
Saraij,0,3,3
Saraike,0,3,3
Sarajah,0,3,3
Sarak,3,0,3
Sarala,0,3,3
Saralee,0,3,3
Saralia,0,3,3
Saralinda,0,3,3
Saralinus,3,0,3
Saralyn,0,3,3
Saralynn,0,3,3
Saram,3,3,6
Sarandi,3,0,3
Sarane,0,3,3
Saranga,0,3,3
Sarani,0,3,3
Saranka,0,3,3
Sarantis,3,0,3
Sarasvatidevi,0,3,3
Saraswatiedebie,0,3,3
Saraswatiedevi,0,3,3
Sarayah,0,3,3
Sarayi,0,3,3
Sarayno,3,0,3
Sarban,3,0,3
Sarbast,3,0,3
Sardhadebie,0,3,3
Sardhana,0,3,3
Sardil,3,0,3
Sardinus,3,0,3
Sardjo,3,0,3
Sardjoedei,0,3,3
Sardy,3,0,3
Sarê,0,3,3
Sareah,0,3,3
Sareedo,0,3,3
Sareetha,0,3,3
Sarein,3,3,6
Sarèl,0,3,3
Sarelle,0,3,3
Sarenah,0,3,3
Sarenka,0,3,3
Sares,3,3,6
Saresha,0,3,3
Sareswatie,0,3,3
Sarette,0,3,3
Sareya,0,3,3
Sarfraaz,3,0,3
Sargam,0,3,3
Sarghino,3,0,3
Sargino,3,0,3
Sargsi,3,0,3
Sargun,3,3,6
Sarhan,3,0,3
Sarhang,3,3,6
Sarhing,3,3,6
Sariam,3,3,6
Sariati,0,3,3
Sariatie,3,3,6
Saridewi,0,3,3
Saridjo,3,0,3
Sariene,0,3,3
Sarienke,0,3,3
Sarienten,0,3,3
Sarif,3,3,6
Sarija,0,3,3
Sarijah,0,3,3
Sarijn,3,3,6
Sarilah,0,3,3
Sarilda,0,3,3
Sarilyn,0,3,3
Sarimo,3,0,3
Sarimoen,3,0,3
Sarindi,3,0,3
Sarinella,0,3,3
Sarinka,0,3,3
Sarioscha,3,0,3
Saripha,0,3,3
Sarisma,0,3,3
Saritadebie,0,3,3
Sarjo,3,3,6
Sark,3,0,3
Sarka,0,3,3
Sarko,3,0,3
Sarla,0,3,3
Sarlien,0,3,3
Sarlota,0,3,3
Sarmanna,0,3,3
Sarmat,3,0,3
Sarmauv,3,0,3
Sarminah,0,3,3
Sarne,3,0,3
Sarnie,0,3,3
Sarny,3,3,6
Sarodjani,0,3,3
Sarojan,3,0,3
Sarojinie,0,3,3
Sarojnidevi,0,3,3
Saronaya,0,3,3
Saronius,3,0,3
Saronna,0,3,3
Saroshini,0,3,3
Sarpomaa,0,3,3
Sarpongmaa,0,3,3
Sarre,3,0,3
Sarrigonda,0,3,3
Sarrissa,0,3,3
Sarry,3,0,3
Sartaj,3,0,3
Sartana,3,3,6
Sarthak,3,0,3
Sarti,3,3,6
Sartia,0,3,3
Sartina,0,3,3
Sartino,3,0,3
Sartjie,0,3,3
Sarukan,3,0,3
Sarvani,0,3,3
Sarveen,3,0,3
Sarves,3,3,6
Sarveshkumar,3,0,3
Sarvin,3,3,6
Sarwenkoemar,3,0,3
Sarwi,0,3,3
Sarwien,3,0,3
Sarwish,3,0,3
Saryke,0,3,3
Saryn,0,3,3
Saryo,3,0,3
Sarytha,0,3,3
Saŝa,3,0,3
Sasamali,3,3,6
Sasbout,3,0,3
Saschanne,0,3,3
Saschin,3,0,3
Sascho,3,0,3
Sasda,0,3,3
Sase,3,0,3
Sash,3,3,6
Sashanna,0,3,3
Sashannah,0,3,3
Sashikala,0,3,3
Sashvita,0,3,3
Sasi,0,3,3
Sasithorn,0,3,3
Sasjah,3,3,6
Sasoen,3,0,3
Sasse,3,0,3
Sassen,3,3,6
Sasu,3,0,3
Sasun,3,0,3
Sasvita,0,3,3
Sataar,3,3,6
Satch,3,0,3
Satchmo,3,0,3
Sathees,3,0,3
Satheeskumar,3,3,6
Sathis,3,0,3
Sathyakumar,3,0,3
Sathyanand,3,0,3
Satiah,0,3,3
Satianand,3,0,3
Satie,0,3,3
Satieshkoemar,3,0,3
Satilmis,3,0,3
Satin,3,0,3
Satinder,0,3,3
Satinka,0,3,3
Satino,3,0,3
Satinur,0,3,3
Satischkumar,3,0,3
Satjanand,3,0,3
Satjeet,3,3,6
Satjepersad,3,0,3
Satjra,0,3,3
Satnarain,3,0,3
Satricvm,3,3,6
Satriya,3,0,3
Satroepa,0,3,3
Satrohan,3,0,3
Satter,3,0,3
Satti,3,3,6
Sattyan,3,0,3
Saturnilio,3,0,3
Saturniño,3,0,3
Satvanti,0,3,3
Satwant,3,0,3
Satyabhama,0,3,3
Satyadev,3,0,3
Satyana,0,3,3
Satyavan,3,0,3
Satyavati,0,3,3
Satyawatie,0,3,3
Saudara,3,0,3
Saül,3,3,6
Saula,0,3,3
Sauli,3,0,3
Saura,0,3,3
Saurav,3,0,3
Sauwyena,0,3,3
Savagna,3,3,6
Savaja,0,3,3
Saval,3,0,3
Savanas,3,3,6
Savania,0,3,3
Savanjah,3,3,6
Savanno,3,0,3
Savanny,0,3,3
Savarello,3,0,3
Savario,3,0,3
Savaro,3,0,3
Saveena,0,3,3
Saveer,3,3,6
Saveli,3,0,3
Savenja,0,3,3
Savère,3,0,3
Saverienus,3,0,3
Saverina,0,3,3
Saveya,0,3,3
Saviana,0,3,3
Savida,0,3,3
Savie,3,0,3
Saviel,3,0,3
Saviëll,3,0,3
Saviëlla,0,3,3
Saviem,3,0,3
Savièn,3,3,6
Saviena,0,3,3
Saviër,3,0,3
Saviéro,3,0,3
Savilia,0,3,3
Saville,3,3,6
Savindi,0,3,3
Savinus,3,0,3
Savioen,0,3,3
Saviola,3,0,3
Saviro,3,0,3
Savitadevi,0,3,3
Savitha,0,3,3
Savka,0,3,3
Savoera,0,3,3
Savonne,0,3,3
Savrana,0,3,3
Savrina,0,3,3
Savva,3,0,3
Savvy,0,3,3
Sawankoemar,3,0,3
Sawar,3,3,6
Sawda,0,3,3
Sawel,3,0,3
Sawez,3,0,3
Sawi,3,3,6
Sawieta,0,3,3
Sawietri,0,3,3
Sawin,0,3,3
Sawinah,0,3,3
Sawir,3,0,3
Sawitadevi,0,3,3
Saxa,0,3,3
Saxe,3,3,6
Saxina,0,3,3
Sayaad,3,0,3
Sayago,3,3,6
Sayaline,0,3,3
Sayam,3,0,3
Sayanie,0,3,3
Sayara,0,3,3
Saydan,3,0,3
Saydi,0,3,3
Sayeeda,0,3,3
Sayem,3,3,6
Sayerah,0,3,3
Sayf-Eddine,3,0,3
Sayf-eddine,3,0,3
Sayfan,3,0,3
Sayfdinne,3,0,3
Sayfedeen,3,0,3
Sayffedine,3,0,3
Sayfoudinne,3,0,3
Sayfudeen,3,0,3
Saygin,3,0,3
Sayia,0,3,3
Sayida,0,3,3
Sayıner,3,0,3
Saylan,3,0,3
Saymen,3,0,3
Sayn,3,0,3
Sayoko,0,3,3
Sayonora,0,3,3
Sayreeta,0,3,3
Sayri,3,0,3
Saywan,3,0,3
Sayyadina,0,3,3
Sayyeda,0,3,3
Sayyida,0,3,3
Saza,0,3,3
Sazie,0,3,3
Sazya,0,3,3
Sba,0,3,3
Scarlets,0,3,3
Scarletta,0,3,3
Scatine,0,3,3
Schahira,0,3,3
Schaira,0,3,3
Schani,3,0,3
Schaniqua,0,3,3
Scharita,0,3,3
Schato,3,0,3
Schellingg,0,3,3
Schelyna,0,3,3
Scherazade,0,3,3
Schingen,3,0,3
Schirwan,3,3,6
Schjódt,3,3,6
Schoch,3,3,6
Schol,3,0,3
Scholten,3,0,3
Scholtina,0,3,3
Schotto,3,0,3
Schoute,3,0,3
Schultetus,3,0,3
Schura,0,3,3
Schwiebertus,3,0,3
Schwinna,0,3,3
Schwitbertus,3,0,3
Scolastica,0,3,3
Scotti,3,3,6
Seada,0,3,3
Seagal,3,0,3
Seajay,3,3,6
Seakele,3,0,3
Sealey,3,0,3
Sealthiël,3,0,3
Sealtiël,3,0,3
Sealy,3,3,6
Seân,3,0,3
Sean-Jay,3,0,3
Seandra,0,3,3
Seane,0,3,3
Searske,0,3,3
Seaton,3,0,3
Séba,0,3,3
Sebaei,3,3,6
Sebajdin,3,0,3
Sebass,3,0,3
Sebasteanus,3,0,3
Sebastiaan-Jan,3,0,3
Sebastiaanszoon,3,0,3
Sèbastian,3,0,3
Sebástian,3,0,3
Sebastianos,3,0,3
Sebastiaō,3,3,6
Sèbastien,3,0,3
Sebastiene,0,3,3
Sebastos,3,0,3
Sebastyen,3,0,3
Sebat,0,3,3
Sebbo,3,0,3
Sebby,3,0,3
Sebegiena,0,3,3
Sebehat,0,3,3
Sebens,3,0,3
Sébert,3,0,3
Sebestiaan,3,0,3
Sebestyén,3,0,3
Sebodina,0,3,3
Sebradina,0,3,3
Sebrenne,0,3,3
Sebriena,0,3,3
Sebrine,0,3,3
Sebusa,0,3,3
Sebyla,0,3,3
Secde,0,3,3
Secedina,0,3,3
Secelia,0,3,3
Secelina,0,3,3
Secem,0,3,3
Seckin,3,0,3
Seçmen,0,3,3
Secoiya,0,3,3
Seconda,0,3,3
Secondino,3,0,3
Seddiq,3,0,3
Sede,3,3,6
Sedean,0,3,3
Seder,3,0,3
Sederick,3,0,3
Sedia,0,3,3
Sedik,3,0,3
Sediya,0,3,3
Sedjad,3,0,3
Sedwin,3,0,3
Seebe,3,0,3
Seedorf,3,3,6
Seegalit,0,3,3
Seela,0,3,3
Seely,3,0,3
Seemran,0,3,3
Seen,0,3,3
Seerit,0,3,3
Sefano,3,0,3
Sefatullah,3,0,3
Sefedin,3,0,3
Seferin,3,3,6
Seferio,3,0,3
Seffenah,0,3,3
Seffina,0,3,3
Seffrin,3,0,3
Sefia,0,3,3
Sefiera,0,3,3
Sefko,3,0,3
Sefnat,3,0,3
Sefo,3,0,3
Sefon,3,3,6
Sefriena,0,3,3
Sefrijn,3,0,3
Segabertha,0,3,3
Segerberta,0,3,3
Segerhart,3,0,3
Segerinus,3,0,3
Seghen,0,3,3
Seglis,3,0,3
Segou,0,3,3
Segourney,0,3,3
Sehaj,0,3,3
Sehenas,0,3,3
Sehernaz,0,3,3
Sehila,0,3,3
Sehle,0,3,3
Sehmi,3,0,3
Sehrazat,0,3,3
Seidina,0,3,3
Seifaldin,3,0,3
Seignabou,0,3,3
Seijiro,3,0,3
Seijja,0,3,3
Seikina,0,3,3
Seila,0,3,3
Seilina,0,3,3
Seimen,3,0,3
Seitske,0,3,3
Seiwaa,0,3,3
Seiwaah,0,3,3
Seja,0,3,3
Sejdi,3,0,3
Sejed,3,0,3
Sejfo,3,0,3
Sejo,3,0,3
Sekano,3,0,3
Sekayi,3,3,6
Sekel,3,0,3
Sekelani,3,0,3
Sekeriye,3,0,3
Sekine,0,3,3
Sekira,0,3,3
Sekita,0,3,3
Sekoy,3,0,3
Sekyi,3,0,3
Sélah,0,3,3
Selahatin,3,0,3
Selai,0,3,3
Selaina,0,3,3
Selayman,3,0,3
Selberie,0,3,3
Selbinaz,0,3,3
Selçan,0,3,3
Selcio,3,0,3
Selçukhan,3,0,3
Seldag,0,3,3
Seldin,3,0,3
Selecia,0,3,3
Seled,3,0,3
Seleen,0,3,3
Selef,3,0,3
Seleha,0,3,3
Selencia,0,3,3
Selenge,0,3,3
Selerno,3,0,3
Selesa,0,3,3
Selesia,0,3,3
Selestien,3,3,6
Selestino,3,0,3
Selfa,0,3,3
Selfesterina,0,3,3
Selfiraz,3,0,3
Selicha,0,3,3
Selij,0,3,3
Seliman,3,3,6
Selimcan,3,0,3
Selinne,0,3,3
Selissa,0,3,3
Selius,3,0,3
Selka,0,3,3
Selkan,3,3,6
Sellasie,3,0,3
Sellassie,3,3,6
Selli,0,3,3
Sellia,0,3,3
Sellita,0,3,3
Sellma,0,3,3
Sellyna,0,3,3
Selmah,0,3,3
Selmane,3,0,3
Selmara,0,3,3
Séloua,0,3,3
Selpanus,3,0,3
Selphina,0,3,3
Selpina,0,3,3
Selsabila,0,3,3
Selsebiel,0,3,3
Selsio,3,0,3
Selt,3,0,3
Seltn,3,0,3
Selumiël,3,0,3
Selvaggia,0,3,3
Selvane,0,3,3
Selved,3,0,3
Selviane,0,3,3
Selvinur,0,3,3
Selwanus,3,0,3
Selwi,0,3,3
Selwynn,3,0,3
Selyn,0,3,3
Selyse,0,3,3
Sem-Jay,3,0,3
Sem-Luca,3,0,3
Semâ,0,3,3
Semaa,0,3,3
Semadar,0,3,3
Semah,0,3,3
Semaiah,3,3,6
Semani,0,3,3
Semanti,0,3,3
Semanuel,3,0,3
Semar,3,0,3
Semat,0,3,3
Semayra,0,3,3
Semena,0,3,3
Semeo,3,0,3
Semian,3,0,3
Semihcan,3,0,3
Semijns,3,0,3
Semiye,0,3,3
Semler,3,3,6
Semmegina,0,3,3
Semmira,0,3,3
Semmo,3,0,3
Semmol,3,0,3
Semmuël,3,0,3
Semoeïl,3,0,3
Semoira,0,3,3
Semona,0,3,3
Semonia,0,3,3
Semrah,0,3,3
Semran,3,3,6
Semret,0,3,3
Semuil,3,0,3
Senaä,0,3,3
Senagi,3,3,6
Senami,0,3,3
Senânur,0,3,3
Senat,3,0,3
Senator,3,0,3
Sencan,0,3,3
Sencleare,0,3,3
Sendjel,0,3,3
Sendley,3,0,3
Senet,0,3,3
Senge,3,0,3
Sengtawan,0,3,3
Senh,3,0,3
Senida,0,3,3
Senil,3,3,6
Senita,0,3,3
Senitha,0,3,3
Seniti,0,3,3
Senitta,0,3,3
Seniye,0,3,3
Senjo,3,0,3
Senna-Lynn,0,3,3
Sennaâ,0,3,3
Sennea,0,3,3
Sennem,3,3,6
Sennet,3,3,6
Senni,3,3,6
Senoa,3,3,6
Sensabiel,0,3,3
Sensely,0,3,3
Sensemielja,0,3,3
Sensemilia,0,3,3
Sensemillia,0,3,3
Sensimilia,0,3,3
Sente,3,3,6
Senthuran,3,0,3
Senti,0,3,3
Sentley,3,0,3
Sentwali,3,0,3
Senzany,0,3,3
Senzela,0,3,3
Senzy,0,3,3
Seoyeon,0,3,3
Sepal,3,0,3
Sepan,3,0,3
Sepharinus,3,0,3
Sephen,0,3,3
Sephera,0,3,3
Sepherina,0,3,3
Sephia,0,3,3
Sephijrienus,3,0,3
Sephina,0,3,3
Sephine,0,3,3
Sephira,0,3,3
Sephiroth,3,0,3
Sephnat,3,0,3
Sepholine,0,3,3
Sephra,0,3,3
Sephy,3,0,3
Seppia,0,3,3
Seppie,0,3,3
Seppy,0,3,3
Sept,3,0,3
Septer,3,0,3
Septi,3,0,3
Septian,3,0,3
Seqouia,0,3,3
Sequia,3,3,6
Serab,0,3,3
Serad,3,0,3
Serafetin,3,0,3
Serafiël,3,0,3
Serafique,3,3,6
Serag,3,3,6
Seraj,3,0,3
Serajeddine,3,0,3
Seralda,0,3,3
Sérana,0,3,3
Seranda,0,3,3
Seranò,3,0,3
Serany,3,3,6
Seraphijn,3,0,3
Séraphina,0,3,3
Serapion,3,0,3
Serati,0,3,3
Serav,0,3,3
Seravina,0,3,3
Seravine,0,3,3
Serayna,0,3,3
Serbastiaan,3,0,3
Serbest,3,0,3
Serçan,3,0,3
Serçe,0,3,3
Serdam,3,0,3
Serdan,3,0,3
Serdarhan,3,0,3
Serdest,3,0,3
Serdin,3,0,3
Serdjino,3,0,3
Sereja,0,3,3
Sereke,0,3,3
Seremco,3,0,3
Sèren,3,3,6
Sérena,0,3,3
Séréna,0,3,3
Serenaty,0,3,3
Serencio,3,0,3
Serendipity,3,3,6
Serène,0,3,3
Serenita,0,3,3
Seréno,3,0,3
Serensio,3,0,3
Serephino,3,0,3
Seresa,0,3,3
Seretse,3,0,3
Sereyah,0,3,3
Sereza,0,3,3
Serf,3,0,3
Serg,3,0,3
Serga,0,3,3
Sergae,3,0,3
Sergai,3,0,3
Sergee,3,0,3
Sergeev,3,0,3
Sergeevitsch,3,0,3
Sergeij,3,0,3
Sergejevitch,3,0,3
Sergejevitsj,3,0,3
Sergejvitsj,3,0,3
Sergelle,0,3,3
Serger,3,0,3
Serghinho,3,0,3
Serghiño,3,0,3
Sergiana,0,3,3
Sergij,3,3,6
Serginhio,3,0,3
Serginhõ,3,0,3
Sèrgio,3,0,3
Sergion,3,0,3
Sergiy,3,0,3
Sergon,3,0,3
Seria,0,3,3
Serian,3,0,3
Serianna,0,3,3
Serida,0,3,3
Seriën,3,0,3
Serienus,3,0,3
Seriette,0,3,3
Sérina,0,3,3
Serinety,0,3,3
Serinho,3,0,3
Serini,0,3,3
Serinus,3,0,3
Serisa,0,3,3
Serish,3,3,6
Serisha,0,3,3
Seritakoemarie,0,3,3
Serkar,3,0,3
Serkis,3,0,3
Serline,0,3,3
Serlo,3,0,3
Sermijn,0,3,3
Sermiyan,3,0,3
Serna,3,3,6
Sernella,0,3,3
Sero,3,0,3
Seroah,3,0,3
Serodjenie,0,3,3
Seroj,3,0,3
Serok,3,0,3
Seroya,0,3,3
Serphia,0,3,3
Serrahya,0,3,3
Serrana,0,3,3
Serranur,0,3,3
Serraya,0,3,3
Serren,3,0,3
Serrick,3,0,3
Sers,3,0,3
Sersjo,3,0,3
Sertuğ,3,0,3
Serua,3,3,6
Serules,3,3,6
Servahnio,3,0,3
Servanie,0,3,3
Servanio,3,0,3
Servanita,0,3,3
Servanius,3,0,3
Servanus,3,0,3
Servaos,3,0,3
Servasinus,3,0,3
Servay,3,0,3
Servaz,3,0,3
Servela,0,3,3
Servian,3,0,3
Servien,3,0,3
Servilius,3,0,3
Servinaz,0,3,3
Serviouge,0,3,3
Serwer,3,0,3
Serwet,3,0,3
Seryano,3,0,3
Serylio,3,0,3
Seryozha,3,0,3
Sesai,0,3,3
Sese,3,0,3
Sesha,3,3,6
Sesikala,0,3,3
Sesilya,0,3,3
Sesina,0,3,3
Sésiré,0,3,3
Sessa,0,3,3
Sesseley,0,3,3
Setarah,0,3,3
Setchie,0,3,3
Sethunya,0,3,3
Setiabudi,3,0,3
Setianto,3,0,3
Setiesh,3,0,3
Setiyo,3,0,3
Setje,0,3,3
Seto,3,0,3
Setsoafia,3,3,6
Settela,0,3,3
Settia,0,3,3
Settimio,3,0,3
Setya,3,3,6
Setyawan,3,0,3
Setyowati,0,3,3
Setzer,3,0,3
Seung,3,0,3
Seus,3,0,3
Seuwdhan,3,0,3
Sevak,3,0,3
Sevanda,0,3,3
Sevany,3,3,6
Sevarina,0,3,3
Sevarinus,3,0,3
Sevate,3,0,3
Sevay,3,3,6
Seveline,0,3,3
Sevella,0,3,3
Sevelle,0,3,3
Sèven,3,3,6
Sevena,0,3,3
Sevenio,3,0,3
Sevenne,0,3,3
Severadigna,0,3,3
Severan,3,0,3
Severano,3,0,3
Severi,3,0,3
Severijna,0,3,3
Sévérin,3,0,3
Séverinho,3,0,3
Severinho,3,0,3
Severinio,3,0,3
Severinius,3,0,3
Severinum,3,0,3
Sevĝi,0,3,3
Sevği,0,3,3
Sevgigül,0,3,3
Sèvi,3,3,6
Sevida,0,3,3
Sevide,0,3,3
Sevilây,0,3,3
Sevilcan,0,3,3
Sevilen,0,3,3
Sevilia,0,3,3
Sevilin,3,3,6
Sevillio,3,0,3
Sevino,3,0,3
Sevion,3,0,3
Sevirio,3,0,3
Seviye,0,3,3
Sevnaz,0,3,3
Sevnur,0,3,3
Sèvrin,3,0,3
Sévrine,0,3,3
Sewa,0,3,3
Sewaah,0,3,3
Sewah,0,3,3
Sewbalak,3,0,3
Sewbaran,3,0,3
Sewdas,3,0,3
Sewerios,3,0,3
Seweryna,0,3,3
Sewim,0,3,3
Sewinta,0,3,3
Sewita,0,3,3
Sewmangal,3,0,3
Sewraj,3,0,3
Sewram,3,0,3
Sewsankar,3,0,3
Sewsanker,3,0,3
Seyam,3,3,6
Seyban,3,0,3
Seybren,3,0,3
Seychelles,0,3,3
Seydali,3,0,3
Seyede,0,3,3
Seyen,0,3,3
Seyfeddien,3,0,3
Seyfedien,3,0,3
Seyfu,3,3,6
Seyfun,3,0,3
Seygourney,0,3,3
Seyi,3,0,3
Seyidhan,3,0,3
Seyitali,3,0,3
Seyman,0,3,3
Seymon,3,0,3
Seynep,0,3,3
Seyni,3,0,3
Seynur,0,3,3
Seyrra,0,3,3
Sezaï,3,0,3
Sezana,3,3,6
Sézanne,0,3,3
Sezay,3,0,3
Sezcan,3,3,6
Shaadi,3,3,6
Shaadiya,0,3,3
Shaady,3,0,3
Shaahid,3,0,3
Shaamkoemar,3,0,3
Shaania,0,3,3
Shaarifa,0,3,3
Shaayan,3,0,3
Shaayer,3,0,3
Shabaana,0,3,3
Shabaaz,3,0,3
Shabach,3,0,3
Shabanu,0,3,3
Shabbier,3,0,3
Shabiena,0,3,3
Shabin,0,3,3
Shabira,0,3,3
Shabnem,0,3,3
Shabo,3,0,3
Shabran,3,0,3
Shabrina,0,3,3
Shacquira,0,3,3
Shadaé,0,3,3
Shadai,3,3,6
Shadaily,0,3,3
Shadaya,0,3,3
Shadeley,0,3,3
Shadell,0,3,3
Shadelyson,3,0,3
Shadeni,0,3,3
Shadevi,0,3,3
Shadeyno,3,0,3
Shadiënne,0,3,3
Shadiyah,0,3,3
Shadjin,3,0,3
Shadmose,3,0,3
Shador,3,3,6
Shadrack,3,0,3
Shadrag,3,0,3
Shadrak,3,0,3
Shadrina,0,3,3
Shadrion,3,0,3
Shadyon,3,0,3
Shae-Lee,0,3,3
Shaé-Lynn,0,3,3
Shaediomar,3,0,3
Shaédion,3,0,3
Shaedon,3,0,3
Shaeef,3,0,3
Shaeena,0,3,3
Shaela,0,3,3
Shaeley,0,3,3
Shaeliyah,0,3,3
Shaell,3,0,3
Shaelle,0,3,3
Shaely,0,3,3
Shaema,0,3,3
Shaemar,3,0,3
Shaena,0,3,3
Shaeny,0,3,3
Shaey,0,3,3
Shaeyenne,0,3,3
Shafainey,0,3,3
Shafalie,0,3,3
Shafan,3,3,6
Shafania,0,3,3
Shafanya,0,3,3
Shafar,3,3,6
Shafayad,3,0,3
Shafayed,3,0,3
Shaffa,0,3,3
Shaffier,3,0,3
Shaffiera,0,3,3
Shafi-i,3,0,3
Shafici,3,0,3
Shafieja,0,3,3
Shafieka,0,3,3
Shafin,3,3,6
Shafinaz,0,3,3
Shafiqa,0,3,3
Shafisa,0,3,3
Shafkat,3,0,3
Shafoera,0,3,3
Shafran,3,0,3
Shagiro,3,0,3
Shagita,0,3,3
Shagoefa,0,3,3
Shagun,3,3,6
Shah-Rukh,3,0,3
Shahadat,3,0,3
Shahainy,0,3,3
Shahajra,0,3,3
Shahanna,0,3,3
Shahayra,0,3,3
Shahbaaz,3,0,3
Shahdad,3,0,3
Shahde,0,3,3
Shaheel,3,0,3
Shahely,0,3,3
Shaher,3,0,3
Shahiera,0,3,3
Shahinaze,0,3,3
Shahïr,3,0,3
Shahiro,3,0,3
Shahmeer,3,0,3
Shahnawaaz,3,0,3
Shahraiz,3,0,3
Shahrazaad,3,3,6
Shahriq,3,0,3
Shahriyar,3,0,3
Shahroch,3,0,3
Shahrooz,3,0,3
Shahrose,3,0,3
Shahwaiz,3,0,3
Shahzada,3,0,3
Shahzana,0,3,3
Shahzanan,0,3,3
Shahzeb,3,0,3
Shaï,3,3,6
Shai-Ann,0,3,3
Shaib,3,0,3
Shaicarin,0,3,3
Shaïd,3,0,3
Shaidell,3,0,3
Shaidinara,0,3,3
Shaidy,0,3,3
Shaiëf,3,0,3
Shaiem,3,0,3
Shaiera,0,3,3
Shaija,0,3,3
Shaijenne,0,3,3
Shaijma,0,3,3
Shail,3,0,3
Shaïl,3,0,3
Shailano,3,0,3
Shailee,0,3,3
Shailen,3,0,3
Shailendrekumar,3,0,3
Shailentry,0,3,3
Shailindre,3,0,3
Shailishkoemar,3,0,3
Shaïmae,0,3,3
Shaimah,0,3,3
Shaimé,0,3,3
Shainely,0,3,3
Shaini,0,3,3
Shainil,3,0,3
Shainna,0,3,3
Shainnely,0,3,3
Shaiq,3,0,3
Shaïr,3,0,3
Shairali,3,0,3
Shairana,0,3,3
Shairelee,0,3,3
Shairell,3,0,3
Shairesh,3,0,3
Shairickson,3,0,3
Shairmaine,0,3,3
Shaïro,3,0,3
Shairoen,0,3,3
Shairomar,3,0,3
Shairony,3,3,6
Shaivan,3,0,3
Shaivi,0,3,3
Shaiwien,3,0,3
Shaiyen,3,0,3
Shaiyenne,0,3,3
Shajed,3,0,3
Shajenna,0,3,3
Shake,3,3,6
Shaked,0,3,3
Shakeeb,3,0,3
Shakeem,3,0,3
Shakeenah,0,3,3
Shakeh,0,3,3
Shakeyla,0,3,3
Shakeyna,0,3,3
Shakiem,3,0,3
Shakiera,0,3,3
Shakifa,0,3,3
Shakijra,0,3,3
Shakiladevi,0,3,3
Shakoentala,0,3,3
Shakor,3,0,3
Shakour,3,0,3
Shaktidevi,0,3,3
Shaktikumar,3,0,3
Shakuntaladevi,0,3,3
Shala,0,3,3
Shalaina,0,3,3
Shalanah,0,3,3
Shalandra,0,3,3
Shalayna,0,3,3
Shalaysha,0,3,3
Shaldison,3,0,3
Shaldrin,3,0,3
Shaldymar,3,0,3
Shalee,0,3,3
Shalem,3,3,6
Shalenie,0,3,3
Shaleny,0,3,3
Shalese,0,3,3
Shalesh,3,0,3
Shalev,3,3,6
Shaleyda,0,3,3
Shaleyna,0,3,3
Shalien,0,3,3
Shalinder,3,0,3
Shalinidevi,0,3,3
Shalis,0,3,3
Shalise,0,3,3
Shalisia,0,3,3
Shalista,0,3,3
Shaliviënne,0,3,3
Shallee,0,3,3
Shallina,0,3,3
Shallon,0,3,3
Shalni,0,3,3
Shaloma,0,3,3
Shalu,0,3,3
Shaly,3,3,6
Shalyla,0,3,3
Shalyne,0,3,3
Shalyni,0,3,3
Shamae,0,3,3
Shamah,3,0,3
Shamai,3,0,3
Shamail,3,0,3
Shamair,0,3,3
Shamairy,0,3,3
Shamala,0,3,3
Shamana,0,3,3
Shamandra,0,3,3
Shamangi,0,3,3
Shamany,0,3,3
Shamarah,0,3,3
Shamarr,3,3,6
Shamary,0,3,3
Shamdin,3,3,6
Shameek,3,0,3
Shamena,0,3,3
Shameya,0,3,3
Shamie,3,0,3
Shamiera,0,3,3
Shamilah,0,3,3
Shamindra,3,0,3
Shamique,0,3,3
Shamkoemar,3,0,3
Shamlee,0,3,3
Shamli,0,3,3
Shamlie,0,3,3
Shamma,0,3,3
Shammara,0,3,3
Shamorai,3,0,3
Shampersad,3,0,3
Shamsedin,3,0,3
Shamsher,3,0,3
Shamsuden,0,3,3
Shamsunder,3,0,3
Shamu,3,3,6
Shamy,3,0,3
Shamyl,3,3,6
Shanady,0,3,3
Shanahan,3,0,3
Shanai,0,3,3
Shanaica,0,3,3
Shanaidy,0,3,3
Shanaika,0,3,3
Shanairy,0,3,3
Shanaisha,0,3,3
Shanaiska,0,3,3
Shanaka,3,3,6
Shanalee,0,3,3
Shanalie,0,3,3
Shanas,3,3,6
Shanata,0,3,3
Shânaya,0,3,3
Shanayadevi,0,3,3
Shandall,3,0,3
Shandar,3,0,3
Shandeely,0,3,3
Shandelle,3,3,6
Shandhya,0,3,3
Shandija,0,3,3
Shandinella,0,3,3
Shandly,3,0,3
Shandrelica,0,3,3
Sháne,3,0,3
Shaneedy,0,3,3
Shaneel,3,0,3
Shaneelly,0,3,3
Shaneeqa,0,3,3
Shaneesa,0,3,3
Shaneesha,0,3,3
Shaneeta,0,3,3
Shaneilys,0,3,3
Shanéka,0,3,3
Shanelia,0,3,3
Shanellia,0,3,3
Shanelly,0,3,3
Shanelsa,0,3,3
Shanero,3,0,3
Shanesia,0,3,3
Shanésia,0,3,3
Shanette,0,3,3
Shaneva,0,3,3
Shanewaz,3,0,3
Shaneyla,0,3,3
Shanía,0,3,3
Shanief,3,0,3
Shaniley,0,3,3
Shanille,0,3,3
Shanillo,3,0,3
Shaniqau,0,3,3
Shanisia,0,3,3
Shaniza,0,3,3
Shanjeev,3,0,3
Shankara,3,0,3
Shankari,0,3,3
Shankarsing,3,0,3
Shankerpersad,3,0,3
Shanmei,0,3,3
Shánna,0,3,3
Shannalis,0,3,3
Shannayah,0,3,3
Shannegail,0,3,3
Shanneley,0,3,3
Shannell,0,3,3
Shannelle,0,3,3
Shannety,0,3,3
Shanney,0,3,3
Shanni,0,3,3
Shannine,0,3,3
Shannique,0,3,3
Shannyn,0,3,3
Shanoera,0,3,3
Shanoeska,0,3,3
Shanomi,0,3,3
Shanouk,0,3,3
Shanouka,0,3,3
Shanoy,0,3,3
Shanquita,0,3,3
Shanshan,0,3,3
Shantae,0,3,3
Shantaily,0,3,3
Shantakoemarie,0,3,3
Shantall,0,3,3
Shantalle,0,3,3
Shantaly,0,3,3
Shantam,3,0,3
Shantée,0,3,3
Shantelly,0,3,3
Shantély,0,3,3
Shantesh,3,0,3
Shanthos,3,0,3
Shantiekoemarie,0,3,3
Shantiënne,3,0,3
Shantienne,3,3,6
Shantih,0,3,3
Shantikumari,0,3,3
Shantilla,0,3,3
Shantino,3,0,3
Shantiperkash,3,0,3
Shantipriya,0,3,3
Shantoesha,0,3,3
Shantosha,0,3,3
Shantrisha,0,3,3
Shantushca,0,3,3
Shanua,0,3,3
Shanum,0,3,3
Shanygne,0,3,3
Shanyqua,0,3,3
Shanyta,0,3,3
Shaolan,3,3,6
Shaoli,3,0,3
Shaolin,3,0,3
Shapol,3,0,3
Shaqnille,3,0,3
Shaquata,0,3,3
Shaquinia,0,3,3
Shaquire,3,0,3
Sharaawe,3,3,6
Sharae,0,3,3
Sharafaldin,0,3,3
Sharaine,0,3,3
Sharaino,3,0,3
Sharaiza,0,3,3
Sharalee,0,3,3
Sharalyn,0,3,3
Sharandeep,3,3,6
Sharanne,0,3,3
Sharanpreet,3,3,6
Sharayno,3,0,3
Sharazat,0,3,3
Shardadebie,0,3,3
Shardaisya,0,3,3
Shardawatie,0,3,3
Shardely,0,3,3
Shardeny,0,3,3
Shardey,0,3,3
Shardhadevie,0,3,3
Shardhakumarie,0,3,3
Shardi,0,3,3
Shardiëly,0,3,3
Shardiënne,0,3,3
Shardley,3,0,3
Shardul,3,0,3
Shardyon,3,0,3
Sharedha,0,3,3
Sharée,0,3,3
Shareefah,0,3,3
Shareese,0,3,3
Shareesha,0,3,3
Shareeva,0,3,3
Sharela,0,3,3
Sharelly,0,3,3
Sharelys,0,3,3
Sharenaty,0,3,3
Sharence,0,3,3
Sharendza,0,3,3
Sharenity,0,3,3
Sharetti,0,3,3
Shareva,0,3,3
Shareyna,0,3,3
Shargeny,0,3,3
Shargiño,3,0,3
Sharí,0,3,3
Shari-Lee,0,3,3
Shariah,0,3,3
Sharianna,0,3,3
Sharianto,3,0,3
Sharid,3,3,6
Sharidagatoen,0,3,3
Sharieff,3,0,3
Shariek,3,0,3
Sharihan,0,3,3
Shariif,3,3,6
Sharilenne,0,3,3
Sharilus,0,3,3
Sharilva,0,3,3
Sharily,0,3,3
Sharinakoemarie,0,3,3
Sharindra,3,0,3
Sharinee,0,3,3
Sharinella,0,3,3
Sharinne,0,3,3
Sharinouska,0,3,3
Sharinyo,3,0,3
Sharisty,0,3,3
Sharitadebi,0,3,3
Sharitadebie,0,3,3
Sharitee,0,3,3
Sharithee,0,3,3
Sharitie,0,3,3
Sharitsa,0,3,3
Sharivienne,0,3,3
Shariz,3,0,3
Shariza,0,3,3
Sharize,0,3,3
Sharkey,3,0,3
Sharleez,0,3,3
Sharlet,0,3,3
Sharlette,0,3,3
Sharlion,3,0,3
Sharlisa,0,3,3
Sharlish,3,0,3
Sharliss,0,3,3
Sharlita,0,3,3
Sharliviënne,0,3,3
Sharly,0,3,3
Sharlyn,0,3,3
Sharmaina,0,3,3
Sharmano,3,0,3
Sharmayn,0,3,3
Sharmeela,0,3,3
Sharmelia,0,3,3
Sharmelin,0,3,3
Sharmell,3,3,6
Sharmely,0,3,3
Sharmilee,0,3,3
Sharmili,0,3,3
Sharmindra,3,0,3
Sharnelies,0,3,3
Sharnella,0,3,3
Sharnelley,0,3,3
Sharnilah,0,3,3
Sharodj,3,0,3
Sharodjinie,0,3,3
Sharoefa,0,3,3
Sharoepa,0,3,3
Sharojni,0,3,3
Sharoly,0,3,3
Sharom,3,3,6
Sharome,3,0,3
Sharon-Ann,0,3,3
Sharona-Devi,0,3,3
Sharonadebie,0,3,3
Sharonah,0,3,3
Sharône,0,3,3
Sharonnah,0,3,3
Sharonny,0,3,3
Sharoona,0,3,3
Sharoubim,3,3,6
Sharouk,3,0,3
Sharoy,3,3,6
Sharp,3,0,3
Sharre-Lynne,0,3,3
Sharrelyn,0,3,3
Sharrisa,0,3,3
Sharrissa,0,3,3
Sharrol,3,3,6
Sharrony,0,3,3
Sharry-ann,0,3,3
Shartie,0,3,3
Sharufa,0,3,3
Sharugan,3,0,3
Sharuja,0,3,3
Sharukson,3,0,3
Sharushan,3,0,3
Sharussio,3,0,3
Sharviën,3,3,6
Sharvien,3,0,3
Sharvienntely,0,3,3
Sharviënska,0,3,3
Sharviëntelly,0,3,3
Sharweena,0,3,3
Shary-an,0,3,3
Sharyanne,0,3,3
Sharyda,0,3,3
Sharyël,0,3,3
Sharyfa,0,3,3
Sharym,3,3,6
Sharyvienne,0,3,3
Shashamane,0,3,3
Shashant,3,0,3
Shasheen,3,3,6
Shasheena,0,3,3
Shashie,3,0,3
Shashiel,3,0,3
Shashikiran,0,3,3
Shashikoemar,3,0,3
Shashin,3,0,3
Shashinduska,0,3,3
Shashu,0,3,3
Shashvin,3,0,3
Shasie,3,0,3
Shasikant,3,0,3
Shaskia,0,3,3
Shastra,0,3,3
Shastrie,3,0,3
Shasveen,3,0,3
Shasvi,3,3,6
Shaties,3,0,3
Shatisha,0,3,3
Shatner,3,0,3
Shatta,3,3,6
Sháuna,0,3,3
Shaunak,3,0,3
Shaune,3,3,6
Shaunesy,3,3,6
Shaunna,0,3,3
Shaunny,0,3,3
Shauntelle,0,3,3
Shaury,0,3,3
Shauwni,0,3,3
Shavaino,3,0,3
Shavaira,0,3,3
Shavany,0,3,3
Shavaun,3,3,6
Shaveany,0,3,3
Shavely,0,3,3
Shaven,3,3,6
Shavena,0,3,3
Shavennah,0,3,3
Shavenney,0,3,3
Shavez,3,0,3
Shavi,3,3,6
Shavienne,0,3,3
Shavier,3,0,3
Shavit,3,3,6
Shavona,0,3,3
Shavoni,0,3,3
Shavonn,0,3,3
Shawan,3,0,3
Shaweena,0,3,3
Shawien,3,0,3
Shawitrie,0,3,3
Shawkiy,3,0,3
Shawlin,3,3,6
Shawn-Ray,3,0,3
Shawnae,0,3,3
Shawnna,0,3,3
Shawntell,0,3,3
Shawqi,3,3,6
Shay-Anne,0,3,3
Shayanara,0,3,3
Shayand,3,0,3
Shayanti,0,3,3
Shaydeny,0,3,3
Shaydi,0,3,3
Shaydian,3,3,6
Shaydion,3,0,3
Shayé,3,3,6
Shayem,3,0,3
Shayèn,0,3,3
Shayena,0,3,3
Shayennah,0,3,3
Shayesha,0,3,3
Shayin,3,0,3
Shaykumar,3,0,3
Shaylah,0,3,3
Shaylandro,3,0,3
Shaylea,0,3,3
Shaylendra,3,0,3
Shayles,3,0,3
Shaylish,3,0,3
Shaylishia,0,3,3
Shaylynn,0,3,3
Shaymah,0,3,3
Shaymar,3,0,3
Shaynée,0,3,3
Shaynice,0,3,3
Shayno,3,3,6
Shayona,0,3,3
Shayquan,3,0,3
Shayreen,0,3,3
Shayrelle,0,3,3
Shayrie,3,3,6
Shayrona,0,3,3
Shayveca,0,3,3
Shazaad,3,0,3
Shazaib,3,0,3
Shazan,3,0,3
Shazara,0,3,3
Shazeeb,3,0,3
Shaziña,0,3,3
Shaziya,0,3,3
Sheaden,3,0,3
Shealyn,0,3,3
Sheandra,0,3,3
Sheane,3,0,3
Sheanne,0,3,3
Shebana,0,3,3
Shebecca,0,3,3
Shebnam,0,3,3
Sheby,0,3,3
Sheday,0,3,3
Shedé,0,3,3
Shedelia,0,3,3
Shedrion,3,0,3
Sheean,3,0,3
Sheeana,0,3,3
Sheeda,0,3,3
Sheenika,0,3,3
Sheerani,0,3,3
Sheersingh,3,0,3
Sheery,0,3,3
Sheevan,3,0,3
Sheevani,0,3,3
Shefaan,3,0,3
Shefaaz,3,0,3
Shefainy,0,3,3
Shefaith,0,3,3
Shefaiz,3,0,3
Shefalie,0,3,3
Shefana,0,3,3
Shefanie,0,3,3
Shefayed,3,0,3
Shefayro,3,0,3
Shefida,3,3,6
Shefraan,3,0,3
Shehbaz,3,0,3
Shehd,0,3,3
Sheheed,3,0,3
Sheheryaar,3,0,3
Shehla,0,3,3
Shehnoor,3,3,6
Shehrazade,0,3,3
Shehzan,3,0,3
Shehzeen,0,3,3
Sheïla,0,3,3
Sheilagatoen,0,3,3
Sheilana,0,3,3
Sheileen,0,3,3
Sheilendra,3,0,3
Sheilinder,3,0,3
Sheilis,3,0,3
Sheilly,0,3,3
Sheimae,0,3,3
Sheirah,0,3,3
Sheiren,0,3,3
Shek,3,0,3
Shekar,3,0,3
Shekeb,3,0,3
Shekib,3,0,3
Shekier,3,0,3
Shekila,0,3,3
Shekira,0,3,3
Shelaika,0,3,3
Shelaney,0,3,3
Shelani,0,3,3
Shelbey,0,3,3
Sheldan,3,0,3
Sheldrick,3,0,3
Sheleen,0,3,3
Sheleena,0,3,3
Sheley,0,3,3
Sheleyna,0,3,3
Shelien,0,3,3
Shelika,0,3,3
Shélina,0,3,3
Shelindra,3,3,6
Shelise,0,3,3
Sheliza,0,3,3
Shellby,0,3,3
Shelle,0,3,3
Shelleyann,0,3,3
Shellyn,0,3,3
Shellyna,0,3,3
Shelona,0,3,3
Shelumiël,3,0,3
Shelwyn,3,0,3
Shelysa,0,3,3
Shemaila,0,3,3
Shemana,0,3,3
Shemayma,0,3,3
Shemeo,3,0,3
Shemera,0,3,3
Shemier,3,0,3
Shemona,0,3,3
Shenae,0,3,3
Shenailly,0,3,3
Shenaisa,0,3,3
Shenayli,0,3,3
Shenayro,3,0,3
Shendi,3,3,6
Shendion,3,0,3
Shendra,3,3,6
Shendrickson,3,0,3
Sheneda,0,3,3
Shenel,0,3,3
Shenelfa,0,3,3
Shenely,0,3,3
Shenena,0,3,3
Shenequa,0,3,3
Shenety,0,3,3
Sheneya,0,3,3
Sheng-Wei,3,0,3
Shengdan,0,3,3
Shenien,0,3,3
Shenil,3,0,3
Shenine,0,3,3
Shenise,0,3,3
Shenja,0,3,3
Shennan,0,3,3
Shenno,3,0,3
Shenomy,0,3,3
Shensley,3,0,3
Shentely,0,3,3
Shento,3,0,3
Shenu,0,3,3
Sheperd,3,0,3
Shequeena,0,3,3
Shèra,0,3,3
Sheraidey,0,3,3
Sherailey,0,3,3
Sheraina,0,3,3
Sherainy,0,3,3
Sheraissa,0,3,3
Sheralin,0,3,3
Sherally,3,3,6
Sheramia,0,3,3
Shèrana,0,3,3
Sherandell,3,0,3
Sherandra,0,3,3
Sherandy,0,3,3
Sheraney,0,3,3
Sheranity,0,3,3
Sheraysha,0,3,3
Sherazad,0,3,3
Sherbel,3,0,3
Sherbert,3,0,3
Shercinio,3,0,3
Sherco,3,0,3
Sherda,0,3,3
Sherdion,3,0,3
Sherdon,3,0,3
Sherea,0,3,3
Sherean,3,3,6
Sheredy,0,3,3
Sherée,0,3,3
Sherefa,0,3,3
Shereidison,3,0,3
Sherelda,0,3,3
Sherelee,0,3,3
Sherelien,0,3,3
Sherelis,0,3,3
Sherelity,0,3,3
Sherellety,0,3,3
Sherelline,0,3,3
Shèren,0,3,3
Sheréna,0,3,3
Sherendely,0,3,3
Sherendi,3,0,3
Sherene,0,3,3
Sherensly,3,0,3
Shereswatie,0,3,3
Shereyna,0,3,3
Sherfiëne,0,3,3
Sherginho,3,0,3
Sherhat,3,0,3
Sheridha,0,3,3
Sheridin,0,3,3
Sheridon,3,0,3
Sheridy,0,3,3
Sheried,3,0,3
Sheriefa,0,3,3
Sheriën,0,3,3
Sheriena,0,3,3
Sherienne,0,3,3
Sheriesa,0,3,3
Shérif,3,0,3
Sherika,0,3,3
Sherilio,3,0,3
Sherille,0,3,3
Sherillyn,0,3,3
Sherilon,3,3,6
Sherima,0,3,3
Sherinah,0,3,3
Sherinity,0,3,3
Sherintesh,3,0,3
Shérise,0,3,3
Sherisha,0,3,3
Sheritsa,0,3,3
Sherlain,0,3,3
Sherleen,0,3,3
Sherlien,0,3,3
Sherline,0,3,3
Sherlion,3,0,3
Sherlisa,0,3,3
Sherlita,0,3,3
Shermalina,0,3,3
Shermayne,0,3,3
Shermon,3,0,3
Shermond,3,0,3
Sherna,0,3,3
Shernelly,0,3,3
Sherney,3,3,6
Sheroefa,0,3,3
Sherojé,0,3,3
Sherold,3,0,3
Sheromanie,0,3,3
Sheromeni,0,3,3
Sheromi,0,3,3
Sheronda,0,3,3
Sheronie,0,3,3
Sheronimo,3,0,3
Sherralynn,0,3,3
Sherrani,0,3,3
Sherrany,0,3,3
Sherree,0,3,3
Sherreleen,0,3,3
Sherrellyn,0,3,3
Sherrelyn,0,3,3
Sherrety,0,3,3
Sherrill,0,3,3
Sherrin,0,3,3
Sherris,0,3,3
Sherrisa,0,3,3
Sherrise,0,3,3
Sherry-Lee,0,3,3
Sheruan,3,3,6
Sherveen,3,0,3
Shervensly,3,0,3
Sherviani,0,3,3
Shervien,3,0,3
Shervon,3,0,3
Sherwankumar,3,0,3
Sherward,3,0,3
Shery,0,3,3
Sherya,0,3,3
Sheryann,0,3,3
Sheryar,3,0,3
Sheryl-Lee,0,3,3
Sheta,3,3,6
Shetana,0,3,3
Sheue,0,3,3
Sheuk,0,3,3
Shevaen,0,3,3
Shevainy,0,3,3
Shevairo,3,0,3
Shevantidevi,0,3,3
Shevay,3,3,6
Shevayron,3,0,3
Shevelle,0,3,3
Shevendra,0,3,3
Shevendro,3,0,3
Shevenelly,0,3,3
Shevenety,0,3,3
Sheveny,0,3,3
Sheverny,0,3,3
Sheveron,3,0,3
Sheviënne,0,3,3
Shevona,0,3,3
Sheyanna,0,3,3
Sheydean,3,0,3
Sheyden,3,0,3
Sheyen,3,0,3
Sheylene,0,3,3
Sheylina,0,3,3
Sheynaaz,0,3,3
Sheyno,3,3,6
Sheyvion,3,0,3
Shezan,3,0,3
Shezara,0,3,3
Shí,3,3,6
Shiane,0,3,3
Shiáng,3,0,3
Shianty,0,3,3
Shidainy,0,3,3
Shidi,3,3,6
Shiefajat,3,0,3
Shien,3,3,6
Shierella,0,3,3
Shietal,0,3,3
Shiewanie,0,3,3
Shifai,3,0,3
Shifany,0,3,3
Shifarad,3,0,3
Shifared,3,0,3
Shiffa,0,3,3
Shifrha,0,3,3
Shifrin,3,0,3
Shihao,3,0,3
Shika,3,3,6
Shikri,3,0,3
Shikyra,3,3,6
Shilaan,0,3,3
Shilayka,0,3,3
Shildryn,0,3,3
Shileen,0,3,3
Shilena,0,3,3
Shilène,0,3,3
Shilene,0,3,3
Shilkant,3,0,3
Shilton,3,0,3
Shim,3,0,3
Shim'on,3,0,3
Shimah,0,3,3
Shimaira,0,3,3
Shimana,0,3,3
Shimane,0,3,3
Shimay,0,3,3
Shimels,3,0,3
Shimen,0,3,3
Shimo,3,0,3
Shimri,3,0,3
Shimrit,0,3,3
Shimwa,3,3,6
Shinaina,0,3,3
Shinar,3,0,3
Shinelva,0,3,3
Shinely,0,3,3
Shingirai,3,0,3
Shiniva,0,3,3
Shinn,3,0,3
Shinook,0,3,3
Shintia,0,3,3
Shio,0,3,3
Shioban,0,3,3
Shione,3,3,6
Shir-el,0,3,3
Shiraazkhan,3,0,3
Shiraida,0,3,3
Shiranie,0,3,3
Shirata,0,3,3
Shirayah,0,3,3
Shirdi,3,0,3
Shireena,0,3,3
Shirèl,0,3,3
Shirely,0,3,3
Shirene,0,3,3
Shirensley,3,0,3
Shirihan,0,3,3
Shirisha,0,3,3
Shirith,0,3,3
Shirlaine,0,3,3
Shirlane,0,3,3
Shirlie,0,3,3
Shirline,0,3,3
Shirlock,3,0,3
Shironda,0,3,3
Shiroon,0,3,3
Shirra,0,3,3
Shirrina,0,3,3
Shirui,3,3,6
Shirvainely,0,3,3
Shirvan,3,0,3
Shirvani,3,3,6
Shirwa,3,0,3
Shirwac,3,0,3
Shirwani,0,3,3
Shirwin,3,0,3
Shiryl,0,3,3
Shiryn,0,3,3
Shishant,3,0,3
Shishir,3,3,6
Shitel,0,3,3
Shitesh,3,0,3
Shivaani,0,3,3
Shivaaya,0,3,3
Shivaaz,3,0,3
Shivakumar,3,0,3
Shivamkumar,3,0,3
Shivanidevie,0,3,3
Shivankumar,3,0,3
Shivans,3,0,3
Shivanti,0,3,3
Shivantie,0,3,3
Shivapersad,3,0,3
Shivayan,3,0,3
Shivaz,3,0,3
Shivdhan,3,0,3
Shiveen,3,0,3
Shively,3,3,6
Shivem,3,0,3
Shivendrakumar,3,0,3
Shivene,0,3,3
Shiveshkumar,3,0,3
Shivi,0,3,3
Shivindre,3,0,3
Shivkoemar,3,0,3
Shivnath,3,0,3
Shivpriya,0,3,3
Shivradj,3,0,3
Shiwangi,0,3,3
Shiwansh,3,0,3
Shiwant,3,0,3
Shiyam,3,0,3
Shiyamala,0,3,3
Shiyena,0,3,3
Shiyi,0,3,3
Shiyloh,3,3,6
Shizen,0,3,3
SHJ,3,0,3
Shkelqim,3,0,3
Shkemb,3,0,3
Shkurte,0,3,3
Shlok,3,0,3
Shmuni,0,3,3
Shoana,0,3,3
Shoba,0,3,3
Shobhana,0,3,3
Shoe,0,3,3
Shoeib,3,0,3
Shoeraya,0,3,3
Shoga,0,3,3
Shohaila,0,3,3
Shohei,3,0,3
Shohra,0,3,3
Shoi,0,3,3
Shoker,0,3,3
Shokry,3,3,6
Sholan,3,3,6
Sholom,3,0,3
Shonam,3,3,6
Shontae,0,3,3
Shoraida,0,3,3
Shoray,3,3,6
Shoraya,0,3,3
Shorello,3,0,3
Shoresh,3,0,3
Shoroq,0,3,3
Shorty,3,3,6
Shosanna,0,3,3
Shoshonee,0,3,3
Shouaib,3,0,3
Shoumara,0,3,3
Shourya,3,0,3
Showa,3,3,6
Showendrick,3,0,3
Showkatian,0,3,3
Shpat,3,0,3
Shpend,3,0,3
Shradhand,3,0,3
Shradhanjali,0,3,3
Shraga,3,0,3
Shravan-Kumar,3,0,3
Shrea,0,3,3
Shreshant,3,0,3
Shreshti,0,3,3
Shrevin,3,0,3
Shrey,3,0,3
Shreyah,0,3,3
Shreyan,3,0,3
Shreyashi,0,3,3
Shridath,3,0,3
Shrija,0,3,3
Shrimatie,0,3,3
Shrin,0,3,3
Shriram,3,0,3
Shriromani,0,3,3
Shrivasta,3,0,3
Shriver,3,0,3
Shriyam,3,3,6
Shriyans,3,0,3
Shriyas,3,0,3
Shu-Chung,3,0,3
Shu-Zhi,0,3,3
Shubaida,0,3,3
Shubam,3,0,3
Shubham,3,0,3
Shucayb,3,0,3
Shuceyb,3,0,3
Shudaily,0,3,3
Shudesca,0,3,3
Shuëlla,0,3,3
Shuerilla,0,3,3
Shuhandi,3,0,3
Shukla,3,0,3
Shukria,0,3,3
Shukriya,0,3,3
Shulamiet,0,3,3
Shulistica,0,3,3
Shullene,0,3,3
Shuly,0,3,3
Shumairo,3,0,3
Shun-Yin,3,0,3
Shunaiska,0,3,3
Shunensly,3,3,6
Shunita,0,3,3
Shunyam,0,3,3
Shuraila,0,3,3
Shuraimy,0,3,3
Shuraina,0,3,3
Shurainis,0,3,3
Shuraja,0,3,3
Shuralisa,0,3,3
Shurandall,3,0,3
Shurandley,3,0,3
Shurantley,3,0,3
Shuraya,0,3,3
Shurdensly,3,0,3
Shurdiën,3,3,6
Shurdiënne,0,3,3
Shurdion,3,0,3
Shureagel,3,0,3
Shureangely,0,3,3
Shurelly,0,3,3
Shurelty,3,0,3
Shurelys,0,3,3
Shurelyson,3,0,3
Shuremy,3,0,3
Shurendel,3,0,3
Shurendell,3,0,3
Shurendi,3,0,3
Shurendley,3,0,3
Shurendo,3,0,3
Shurendrick,3,0,3
Shurently,3,0,3
Shureny,0,3,3
Shurette,0,3,3
Shurina,0,3,3
Shurita,0,3,3
Shurlien,0,3,3
Shurmel,3,0,3
Shurmila,0,3,3
Shurnailys,0,3,3
Shurnel,3,0,3
Shurvensly,3,0,3
Shurventley,3,0,3
Shurvently,3,0,3
Shurwendrick,3,0,3
Shurwensly,3,0,3
Shuryson,3,0,3
Shusil,3,0,3
Shuvensley,3,0,3
Shuvensly,3,0,3
Shuventley,3,0,3
Shuvently,3,0,3
Shuwainy,0,3,3
Shuwen,3,3,6
Shuwensly,3,0,3
Shwetambari,0,3,3
Shy-ann,0,3,3
Shy-Ann,0,3,3
Shy-Shy,3,3,6
Shyaam,3,0,3
Shyamal,3,0,3
Shyamkoemar,3,0,3
Shyamli,0,3,3
Shyamlie,0,3,3
Shyanna,0,3,3
Shyara,0,3,3
Shygairo,3,0,3
Shylena,0,3,3
Shylisa,0,3,3
Shylisia,0,3,3
Shylvana,0,3,3
Shymaa,0,3,3
Shymano,3,0,3
Shyna,0,3,3
Shynise,3,3,6
Shynna,0,3,3
Shyno,3,0,3
Shyrean,0,3,3
Shyrelle,0,3,3
Shyren,3,3,6
Shyrill,3,3,6
Shyrine,0,3,3
Shyromy,0,3,3
Shyvan,3,0,3
Shyvanne,0,3,3
Si-Man,0,3,3
Si-Mohammed,3,0,3
Siaam,3,0,3
Siah,0,3,3
Siamora,0,3,3
Siandra,0,3,3
Sians,0,3,3
Sianto,3,0,3
Sianty,0,3,3
Siart,3,0,3
Sias,3,0,3
Sibarandus,3,0,3
Sibbeldina,0,3,3
Sibbien,0,3,3
Sibbiena,0,3,3
Sibbila,0,3,3
Sibbilina,0,3,3
Sibbinus,3,0,3
Sibelius,3,0,3
Sibenius,3,0,3
Siber,3,3,6
Siberina,0,3,3
Siberyn,3,0,3
Sibi,3,0,3
Sibiel,3,0,3
Sibijllius,3,0,3
Sibin,3,0,3
Sibke,3,0,3
Sibram,3,0,3
Sibrands,3,0,3
Sibusiso,3,0,3
Sibyllus,3,0,3
Sibyn,0,3,3
Sic,3,0,3
Siccolina,0,3,3
Sicera,0,3,3
Siciliani,3,0,3
Sicily,0,3,3
Sickens,3,0,3
Sickke,3,0,3
Sidane,3,0,3
Sîdar,3,0,3
Sidarta,3,0,3
Sidartha,3,0,3
Sidarto,3,0,3
Sidate,3,0,3
Sidde,3,0,3
Siddh,3,0,3
Siddhaart,3,0,3
Siddhesh,3,0,3
Siddiqah,0,3,3
Siddiqi,3,3,6
Siddo,3,0,3
Siddy,3,0,3
Sidène,3,0,3
Sidessa,0,3,3
Sidhard,3,0,3
Sidhom,0,3,3
Sidia,0,3,3
Sidiënne,0,3,3
Sidik,3,0,3
Sidin,3,0,3
Sidiq,3,0,3
Sidmar,3,0,3
Sidmille,3,0,3
Sidni,3,3,6
Sidonja,0,3,3
Sidre,3,3,6
Sidro,3,0,3
Siduri,0,3,3
Sie-Nga,0,3,3
Siebartus,3,0,3
Siebegienus,3,0,3
Siebejan,3,0,3
Siebeldine,0,3,3
Siebeline,0,3,3
Siebelle,0,3,3
Sieberlina,0,3,3
Siebetje,0,3,3
Siebiena,0,3,3
Siebma,3,0,3
Sieboldina,0,3,3
Siebolina,0,3,3
Sieboltdina,0,3,3
Sieboutje,0,3,3
Siebregtsje,0,3,3
Siebrenda,0,3,3
Siebrenna,0,3,3
Siebretta,0,3,3
Siebrichdina,0,3,3
Siebriggina,0,3,3
Siebrigina,0,3,3
Siebrine,0,3,3
Siebrit,0,3,3
Sieburger,3,0,3
Siebyla,0,3,3
Sieca,0,3,3
Siedsje,0,3,3
Siefared,3,0,3
Siefco,3,0,3
Siega,3,0,3
Siegerdien,0,3,3
Siegers,3,0,3
Siegher,3,0,3
Sieglin,0,3,3
Siegobertus,3,0,3
Siegred,3,3,6
Siegwart,3,0,3
Sieja,3,3,6
Siejar,3,0,3
Siekina,0,3,3
Siella,0,3,3
Siemadevie,0,3,3
Siemara,0,3,3
Sieme-Jan,3,0,3
Siemenetta,0,3,3
Siemenette,0,3,3
Siemens,3,0,3
Siemktje,0,3,3
Siemnette,0,3,3
Siemo,3,0,3
Siemonje,0,3,3
Sienet,0,3,3
Sieng,3,0,3
Sienia,0,3,3
Sienja,0,3,3
Siènne,0,3,3
Siennie,0,3,3
Sient,0,3,3
Siente,3,3,6
Siëny,0,3,3
Siepkjen,0,3,3
Sieraadj,3,0,3
Sierano,3,0,3
Sierat,3,0,3
Sierk-Jan,3,0,3
Siero,3,3,6
Sierodjnie,0,3,3
Sieroe,3,0,3
Sierwan,3,0,3
Siethe,3,3,6
Sietke,0,3,3
Sietko,3,0,3
Sietskea,0,3,3
Sietskedina,0,3,3
Sietta,0,3,3
Sietz,3,0,3
Sieuwerdina,0,3,3
Sieuwertje,0,3,3
Sieuwnath,3,0,3
Sieuwrani,0,3,3
Sievajet,3,0,3
Sieverhardus,3,0,3
Siewa,3,0,3
Siewald,3,0,3
Siewan,3,0,3
Siewcharan,3,0,3
Siewnarain,3,0,3
Siewpersad,3,0,3
Sifallah,3,0,3
Sifdin,3,0,3
Sifeldin,3,3,6
Sifen,3,3,6
Sifjon,3,0,3
Sifke,0,3,3
Sifora,0,3,3
Sifrinus,3,0,3
Sigall,0,3,3
Sigbern,3,0,3
Sigbritt,0,3,3
Sigel,3,0,3
Sigelinda,0,3,3
Sigerius,3,0,3
Sigha,0,3,3
Sighilde,0,3,3
Sigibert,3,0,3
Sigis,3,3,6
Sigit,3,0,3
Sigita,0,3,3
Sigizo,3,0,3
Sigmaar,3,0,3
Sigmara,0,3,3
Sigmunde,0,3,3
Signaira,0,3,3
Signald,3,0,3
Sigofred,3,0,3
Sigritt,0,3,3
Sigurdh,3,0,3
Sigurđarson,3,0,3
Sigviënne,0,3,3
Siha,0,3,3
Sihaan,0,3,3
Sihad,3,0,3
Siho,3,0,3
Siim,3,0,3
Siima,0,3,3
Sijah,3,3,6
Sijal,3,3,6
Sijana,0,3,3
Sijard,3,0,3
Sijbarta,0,3,3
Sijbelina,0,3,3
Sijbella,0,3,3
Sijben,3,0,3
Sijboltje,0,3,3
Sijbrant,3,0,3
Sijbrechta,0,3,3
Sijbrens,3,0,3
Sijbrichje,0,3,3
Sijbrie,0,3,3
Sijbrina,0,3,3
Sijbrine,0,3,3
Sijdney,3,3,6
Sijdske,0,3,3
Sijert,3,0,3
Sijggie,0,3,3
Sijgine,0,3,3
Sijje,3,3,6
Sijkedina,0,3,3
Sijlie,0,3,3
Sijmens,3,0,3
Sijmnetty,0,3,3
Sijmona,0,3,3
Sijmonia,0,3,3
Sijnette,0,3,3
Sijpkes,3,0,3
Sijreeta,0,3,3
Sijse,3,0,3
Sijtj,0,3,3
Sijts,3,0,3
Sijvertdina,0,3,3
Siki,3,3,6
Sikkien,0,3,3
Sikoela,0,3,3
Siksha,3,3,6
Silah,3,3,6
Sild,3,0,3
Silda,0,3,3
Síle,0,3,3
Silea,0,3,3
Silenzio,3,0,3
Silestina,0,3,3
Siley,0,3,3
Silfana,0,3,3
Silfie,0,3,3
Silfio,3,0,3
Silfisina,0,3,3
Silfran,3,0,3
Silfrida,0,3,3
Silias,3,0,3
Silië,0,3,3
Silin,0,3,3
Silinda,0,3,3
Silk,3,3,6
Silke-Anne,0,3,3
Silken,0,3,3
Sillas,3,0,3
Sillencio,3,0,3
Sillina,0,3,3
Sillvijn,3,0,3
Silmantha,0,3,3
Siloam,3,0,3
Siloh,3,0,3
Silong,3,0,3
Silpa,3,3,6
Silsila,0,3,3
Siltro,3,0,3
Silu,0,3,3
Silvaine,3,3,6
Silvanio,3,0,3
Silveijn,3,0,3
Silverbridge,3,0,3
Silverdina,0,3,3
Silvestere,3,0,3
Silvestina,0,3,3
Silvestria,0,3,3
Silvey,0,3,3
Silviaan,3,0,3
Silvianna,0,3,3
Silvias,3,3,6
Silviea,0,3,3
Silvienne,0,3,3
Silviéro,3,0,3
Silvijo,3,0,3
Silvinis,0,3,3
Silvita,0,3,3
Silvyo,3,0,3
Silvyra,0,3,3
Silwa,0,3,3
Silwan,3,0,3
Silyan,3,0,3
Silyano,3,0,3
Silyn,0,3,3
Simaab,0,3,3
Simanca,0,3,3
Simani,0,3,3
Simanjuntak,3,0,3
Simâo,3,0,3
Simaõ,3,0,3
Simarinus,3,0,3
Simarpreet,0,3,3
Simav,0,3,3
Simbi,3,3,6
Simëi,0,3,3
Simei,3,3,6
Simel,0,3,3
Simelle,0,3,3
Simena,0,3,3
Simëon,3,0,3
Simha,0,3,3
Similina,0,3,3
Simirna,0,3,3
Simmegiena,0,3,3
Simmi,3,3,6
Simmonetha,0,3,3
Simôn,3,3,6
Simon-Peter,3,0,3
Simon-Petrus,3,0,3
Simóne,0,3,3
Simòne,0,3,3
Simoneta,0,3,3
Simonete,3,3,6
Simonja,0,3,3
Simonnetha,0,3,3
Simonovich,3,0,3
Simonsz,3,0,3
Simonszoon,3,0,3
Simontheus,3,0,3
Simony,0,3,3
Simora,0,3,3
Simorina,0,3,3
Simotheus,3,0,3
Simoya,0,3,3
Simpha,0,3,3
Simpje,0,3,3
Simranjeet,0,3,3
Simranpreet,0,3,3
Simret,0,3,3
Simrit,0,3,3
Simry,3,0,3
Simsha,0,3,3
Simyon,3,0,3
Simzer,0,3,3
Sin-Ting,0,3,3
Sin-Yan,0,3,3
Sin-Yu,0,3,3
Sinaa,0,3,3
Sinaga,3,0,3
Sinaí,0,3,3
Sinaid,3,3,6
Sinajda,0,3,3
Sinapatty,3,0,3
Sinara,0,3,3
Sinay,0,3,3
Sinbad,3,0,3
Sincia,0,3,3
Sinclear,3,0,3
Sindbad,3,0,3
Sinder,3,3,6
Sindey,0,3,3
Sindorf,3,0,3
Sinea,0,3,3
Sineád,0,3,3
Sinega,0,3,3
Sing-Long,3,0,3
Singrid,0,3,3
Sinikka,0,3,3
Sinje,3,3,6
Sinkbæk,3,0,3
Sinnama,0,3,3
Sinnestriel,0,3,3
Sinning,3,3,6
Sinoë,0,3,3
Sinske,0,3,3
Sinsy,0,3,3
Sintani,3,0,3
Sinterina,0,3,3
Sinthujan,3,0,3
Sintsje,0,3,3
Sinuhe,3,0,3
Sinusca,0,3,3
Sinya,0,3,3
Sinyi,0,3,3
Siobán,0,3,3
Siobháin,0,3,3
Siobhān,0,3,3
Siobhàn,0,3,3
Siobhân,0,3,3
Siomaira,0,3,3
Sioned,0,3,3
Sionne,0,3,3
Sior,3,0,3
Siouxie,0,3,3
Sip-Jan,3,0,3
Sipca,0,3,3
Siperianus,3,0,3
Sipke-Jan,3,0,3
Siplo,3,0,3
Siporah,0,3,3
Sipp,3,3,6
Sippien,0,3,3
Siraje,3,0,3
Sirajuddin,3,0,3
Sirea,3,3,6
Siree,0,3,3
Sireh,3,3,6
Sirela,0,3,3
Sirene,0,3,3
Siriana,0,3,3
Sirichai,3,0,3
Siricia,0,3,3
Siricio,3,0,3
Sirimanna,0,3,3
Sirinda,0,3,3
Sirinthip,0,3,3
Sirioga,0,3,3
Sirion,3,0,3
Siripornchai,3,0,3
Sirish,3,0,3
Sirith,0,3,3
Sirodjeni,0,3,3
Sirodjni,0,3,3
Sirone,0,3,3
Siroon,0,3,3
Sirou,0,3,3
Siroun,3,3,6
Sirra,0,3,3
Sirt,3,0,3
Siru,0,3,3
Sirus,3,0,3
Sisana,0,3,3
Sisel,0,3,3
Sislin,0,3,3
Siss,0,3,3
Sissa,0,3,3
Sisseley,0,3,3
Sissij,0,3,3
Sisy,0,3,3
Sitaram,3,0,3
Sitawatie,0,3,3
Sitem,0,3,3
Sitesh,3,0,3
Sith,3,0,3
Sithriana,0,3,3
Sitia,0,3,3
Sitian,0,3,3
Sitka,3,3,6
Sitla,0,3,3
Sitolé,3,0,3
Sits,3,0,3
Sitse,3,0,3
Sitta,0,3,3
Sittik,3,3,6
Siu-Fong,0,3,3
Siu-Lung,3,0,3
Siu-Man,3,0,3
Siuk,0,3,3
Siul,3,0,3
Siuly,0,3,3
Siung,3,0,3
Siûrd,3,0,3
Siuw,0,3,3
Sivana,0,3,3
Sivania,0,3,3
Sivany,3,3,6
Sivaraja,0,3,3
Sivarajesan,3,3,6
Sivas,3,0,3
Sivendra,3,0,3
Sivera,0,3,3
Sivi,0,3,3
Siviardus,3,0,3
Sivinio,3,0,3
Sivy,0,3,3
Siwanie,0,3,3
Siwe,3,0,3
Siwei,3,0,3
Siwoh,0,3,3
Sixthus,3,0,3
Sixtine,0,3,3
Sixx,3,0,3
Siyad,3,3,6
Siyan,3,3,6
Siyara,0,3,3
Siyen,3,3,6
Siyenne,0,3,3
Siyera,0,3,3
Siyi,0,3,3
Siyon,3,0,3
Sizar,3,0,3
Sizz,0,3,3
Sizzla,3,0,3
Sja,3,3,6
Sjaad,3,0,3
Sjaak-Jan,3,0,3
Sjaake,3,0,3
Sjaamkumar,3,0,3
Sjaanne,0,3,3
Sjabbina,0,3,3
Sjabe,3,0,3
Sjackelien,0,3,3
Sjacobien,0,3,3
Sjacolina,0,3,3
Sjaddo,3,0,3
Sjade,0,3,3
Sjadée,0,3,3
Sjadina,0,3,3
Sjaerd,3,0,3
Sjafa'at,3,0,3
Sjafiek,3,0,3
Sjafieq,3,0,3
Sjahcandra,0,3,3
Sjahiena,0,3,3
Sjahrissa,0,3,3
Sjahzaada,3,0,3
Sjaiera,0,3,3
Sjakien,0,3,3
Sjakir,3,0,3
Sjakkeline,0,3,3
Sjakobus,3,0,3
Sjaky,3,0,3
Sjalène,0,3,3
Sjaline,0,3,3
Sjallina,0,3,3
Sjama,3,3,6
Sjamano,3,0,3
Sjamsiah,0,3,3
Sjamsiar,0,3,3
Sjanada,0,3,3
Sjandra,0,3,3
Sjanetje,0,3,3
Sjaniek,0,3,3
Sjanita,0,3,3
Sjannemarie,0,3,3
Sjanon,0,3,3
Sjanti,0,3,3
Sjantie,0,3,3
Sjantien,0,3,3
Sjaoel,3,0,3
Sjaquelina,0,3,3
Sjaraf,0,3,3
Sjardi,3,3,6
Sjarèl,0,3,3
Sjarif,3,0,3
Sjarifah,0,3,3
Sjarissa,0,3,3
Sjariva,0,3,3
Sjarka,0,3,3
Sjarle,3,0,3
Sjarlotte,0,3,3
Sjarmila,0,3,3
Sjarno,3,0,3
Sjaroeska,0,3,3
Sjarre,3,0,3
Sjauw,0,3,3
Sjeanette,3,3,6
Sjeâr,3,3,6
Sjech,3,0,3
Sjeela,0,3,3
Sjeer,3,0,3
Sjeerp,3,0,3
Sjefela,0,3,3
Sjefie,3,0,3
Sjefiek,3,0,3
Sjehnaaz,0,3,3
Sjekiel,3,3,6
Sjelina,0,3,3
Sjellina,0,3,3
Sjelly,3,0,3
Sjemaine,0,3,3
Sjemoeël,3,0,3
Sjenet,0,3,3
Sjenk,3,0,3
Sjenno,3,0,3
Sjentho,3,0,3
Sjentina,0,3,3
Sjerge,3,0,3
Sjerien,0,3,3
Sjerifan,0,3,3
Sjerlon,0,3,3
Sjerno,3,0,3
Sjeron,3,3,6
Sjerpke,0,3,3
Sjerpy,0,3,3
Sjerwin,3,0,3
Sjetish,3,0,3
Sjetsje,0,3,3
Sjette,3,0,3
Sjeuf,3,3,6
Sjeuke,0,3,3
Sjiel,3,3,6
Sjiela,0,3,3
Sjiera,0,3,3
Sjierd,3,0,3
Sjikke,0,3,3
Sjilita,0,3,3
Sjillie,0,3,3
Sjimm,3,3,6
Sjimme,3,0,3
Sjimmi,0,3,3
Sjimon,3,0,3
Sjin,3,3,6
Sjinkie,3,0,3
Sjipkje,0,3,3
Sjirien,0,3,3
Sjiva,3,3,6
Sjoanita,0,3,3
Sjoektje,0,3,3
Sjoel,3,0,3
Sjoeli,0,3,3
Sjoëlle,0,3,3
Sjoena,0,3,3
Sjoerd-Friso,3,0,3
Sjoerd-Jaap,3,0,3
Sjoerd-Peter,3,0,3
Sjoerdjan,3,0,3
Sjoerdske,0,3,3
Sjoerdsz,3,0,3
Sjoerdszoon,3,0,3
Sjoerdy,0,3,3
Sjoerianne,0,3,3
Sjoerina,0,3,3
Sjoeuwke,0,3,3
Sjoeuwkje,0,3,3
Sjoewke,0,3,3
Sjof,3,0,3
Sjofar,3,0,3
Sjokilie,3,0,3
Sjolina,0,3,3
Sjong,3,0,3
Sjonnij,3,0,3
Sjony,3,0,3
Sjordi,3,3,6
Sjorick,3,0,3
Sjortie,3,0,3
Sjosja,0,3,3
Sjosjanna,0,3,3
Sjou,3,3,6
Sjoucke,3,0,3
Sjouke-Jan,3,0,3
Sjoukelientje,0,3,3
Sjoukiena,0,3,3
Sjouko,3,0,3
Sjourt,3,0,3
Sjouwe,3,0,3
Sjouwktje,0,3,3
Sjuardus,3,0,3
Sjûke,0,3,3
Sjulia,0,3,3
Sjura,0,3,3
Sjurtje,0,3,3
Sjusi,0,3,3
Sjuttina,0,3,3
Sjuup,3,0,3
Skade,0,3,3
Skag,3,0,3
Skala,0,3,3
Skayla,0,3,3
Skeet,3,3,6
Skeg,3,0,3
Sken,3,0,3
Sket,3,0,3
Skib,3,0,3
Skir,3,0,3
Skiv,3,3,6
Skrollan,3,3,6
Skya,0,3,3
Skylark,0,3,3
Skylee,0,3,3
Skylie,0,3,3
Skylin,0,3,3
Skylør,3,0,3
Skywalker,3,0,3
Slah,3,0,3
Slaheddine,3,0,3
Slamat,3,0,3
Slater,3,0,3
Slaven,3,0,3
Slavića,0,3,3
Slavkow,3,0,3
Slavoljub,3,3,6
Slawek,3,0,3
Slađan,3,0,3
Slađana,0,3,3
Slevrow,3,0,3
Slieman,3,0,3
Smahen,0,3,3
Smajo,3,0,3
Smári,3,0,3
Smart,3,0,3
Smea,0,3,3
Smede,3,0,3
SMG,3,0,3
Smiddy,0,3,3
Smila,0,3,3
Smile,3,0,3
Smiljana,0,3,3
Smiljka,0,3,3
Smira,0,3,3
Smith,3,3,6
Smiti,0,3,3
Sneh,0,3,3
Sno,3,3,6
Snober,0,3,3
Soan,3,3,6
Soara,0,3,3
Soare,3,3,6
Soazic,0,3,3
Sobaida,0,3,3
Sobas,3,0,3
Sobbia,0,3,3
Sobenna,0,3,3
Sobha,0,3,3
Sobhaan,3,0,3
Sobhey,3,3,6
Sobhian,0,3,3
Sobhie,3,0,3
Sobhna,0,3,3
Sobhy,3,0,3
Sobian,0,3,3
Socha,0,3,3
Socilia,0,3,3
Soda,0,3,3
Sodabe,0,3,3
Sodais,3,0,3
Soe-Yen,0,3,3
Soean,3,3,6
Soearno,3,0,3
Soeartini,0,3,3
Soebash,3,0,3
Soeber,3,0,3
Soebhan,3,0,3
Soebhawatie,0,3,3
Soebiek,3,0,3
Soebratan,0,3,3
Soebrianto,3,0,3
Soechitra,0,3,3
Soedarmin,3,0,3
Soedarshan,3,0,3
Soedha,0,3,3
Soedjaat,3,0,3
Soedjiman,3,0,3
Soedjina,0,3,3
Soefia,0,3,3
Soegan,3,0,3
Soegeng,3,3,6
Soegra,0,3,3
Soegriem,3,0,3
Soeha,0,3,3
Soehail,3,0,3
Soehardi,0,3,3
Soeharijanto,3,0,3
Soeheil,3,0,3
Soehijb,3,0,3
Soei-Jien,0,3,3
Soejantie,0,3,3
Soejata,0,3,3
Soejatman,3,0,3
Soejatno,3,0,3
Soejin,3,0,3
Soejitno,3,0,3
Soekanto,3,0,3
Soekar,3,0,3
Soekardie,3,0,3
Soekario,3,3,6
Soekarsi,0,3,3
Soekartijem,0,3,3
Soekartinah,0,3,3
Soekdewpersad,3,0,3
Soekemi,3,0,3
Soekhdee,0,3,3
Soekhdei,0,3,3
Soekhmarie,0,3,3
Soekhoe,3,0,3
Soekhradj,3,0,3
Soekhradji,0,3,3
Soekhradjie,0,3,3
Soekhranie,0,3,3
Soekidjo,3,0,3
Soekija,0,3,3
Soekimah,0,3,3
Soekina,3,3,6
Soekini,0,3,3
Soekira,0,3,3
Soekrani,0,3,3
Soël,3,3,6
Soëla,0,3,3
Soelaf,0,3,3
Soelayka,0,3,3
Soelayman,3,0,3
Soeleymen,3,0,3
Soeliga,0,3,3
Soelijette,0,3,3
Soelin,3,3,6
Soelina,0,3,3
Soelinah,0,3,3
Soëlla,0,3,3
Soëlle,0,3,3
Soemardi,3,0,3
Soemarie,0,3,3
Soemarlan,3,0,3
Soemarmin,3,0,3
Soemarto,3,0,3
Soemeer,3,0,3
Soemiet,3,0,3
Soemijati,0,3,3
Soemintrawatie,0,3,3
Soemirah,0,3,3
Soemitro,3,0,3
Soemya,0,3,3
Soemyati,0,3,3
Soenali,0,3,3
Soenaynadebie,0,3,3
Soenderdee,0,3,3
Soendra,0,3,3
Soeng,3,0,3
Soeni,0,3,3
Soenia,0,3,3
Soenie,3,0,3
Soenietadebie,0,3,3
Soenilkoemar,3,0,3
Soënita,0,3,3
Soeparti,0,3,3
Soepiah,0,3,3
Soepijah,0,3,3
Soepina,0,3,3
Soeprapto,3,0,3
Soer,3,0,3
Soeradjpersad,3,0,3
Soerajh,3,0,3
Soeran,3,0,3
Soerana,0,3,3
Soerano,3,0,3
Soeratie,0,3,3
Soeratijem,0,3,3
Soerdjoesing,3,0,3
Soerdjono,3,0,3
Soerdjwatie,0,3,3
Soeredjpersad,3,0,3
Soerejd,3,0,3
Soerendra,3,0,3
Soerianty,0,3,3
Soerina,0,3,3
Soerinderdath,3,0,3
Soerinderkumar,3,0,3
Soerindersingh,3,0,3
Soerindrapersad,3,0,3
Soerishkoemar,3,0,3
Soerita,0,3,3
Soerjanie,0,3,3
Soerjo,3,0,3
Soeroer,3,3,6
Soertinah,0,3,3
Soertini,0,3,3
Soerya,3,3,6
Soeryanto,3,0,3
Soesa,0,3,3
Soesanti,0,3,3
Soeseno,3,0,3
Soesha,0,3,3
Soeshielkumar,3,0,3
Soeshil,3,0,3
Soeshmita,0,3,3
Soesiantie,0,3,3
Soesie,0,3,3
Soesijantie,0,3,3
Soesilawatie,3,3,6
Soeske,0,3,3
Soesmadevi,0,3,3
Soetari,3,3,6
Soetia,0,3,3
Soetini,0,3,3
Soetinus,3,0,3
Soevaida,0,3,3
Soewani,0,3,3
Soewantie,0,3,3
Soewartie,0,3,3
Soezan,0,3,3
Sofanias,3,0,3
Sofaya,0,3,3
Sofean,3,0,3
Sofí,0,3,3
Sófia,0,3,3
Sofiá,0,3,3
Sofìa,0,3,3
Sofië,0,3,3
Sofie-Fleur,0,3,3
Sofie-Marie,0,3,3
Sofiea,0,3,3
Sofieja,0,3,3
Sofiënna,0,3,3
Sofinand,3,0,3
Sofita,0,3,3
Sofitje,0,3,3
Sofius,3,0,3
Sofiyaan,3,0,3
Sofjen,3,0,3
Sofonias,3,0,3
Sofridus,3,0,3
Sofronio,3,0,3
Sofronius,3,0,3
Sofus,3,0,3
Sogyal,3,0,3
Sohaan,3,0,3
Sohaïla,0,3,3
Sohany,0,3,3
Soharat,3,0,3
Soheidy,0,3,3
Soher,0,3,3
Sohey,3,3,6
Sohna,0,3,3
Sohora,0,3,3
Sohpal,3,3,6
Söhret,0,3,3
Soila,0,3,3
Soily,0,3,3
Soja,0,3,3
Sojourner,0,3,3
Sokaïna,0,3,3
Sokol,3,0,3
Sokratis,3,0,3
Solae,0,3,3
Solah,0,3,3
Solaina,0,3,3
Solaire,0,3,3
Solanse,0,3,3
Solanyi,0,3,3
Solaris,0,3,3
Solayne,0,3,3
Solée,0,3,3
Soleia,0,3,3
Soleika,0,3,3
Soleille,0,3,3
Soleira,0,3,3
Soleny,0,3,3
Soler,3,3,6
Solfina,0,3,3
Solfjeld,3,3,6
Solga,0,3,3
Soliange,0,3,3
Soliano,3,0,3
Solij,0,3,3
Solinda,0,3,3
Solinde,0,3,3
Solise,0,3,3
Solitaire,0,3,3
Sollana,0,3,3
Soloman,3,0,3
Solome,0,3,3
Solomo,3,0,3
Solonge,0,3,3
Solora,0,3,3
Soltera,0,3,3
Soluna,0,3,3
Solvée,0,3,3
Solveij,0,3,3
Solvi,3,3,6
Solvig,0,3,3
Solvymaria,3,3,6
Solwei,0,3,3
Somalie,0,3,3
Somanie,0,3,3
Somar,3,3,6
Somaro,3,0,3
Somaroo,3,0,3
Somay,3,0,3
Somchai,3,0,3
Someja,0,3,3
Somera,0,3,3
Somni,0,3,3
Somsak,3,0,3
Somtjiet,0,3,3
Somtochi,3,3,6
Somtochukwu,3,3,6
Somuah,3,3,6
Sonaika,0,3,3
Sonaily,0,3,3
Sonailys,0,3,3
Sönam,3,0,3
Sondes,0,3,3
Sonea,0,3,3
Sonem,0,3,3
Songo,3,3,6
Songolobi,3,0,3
Söngül,0,3,3
Sonic,3,0,3
Sonida,0,3,3
Soniek,0,3,3
Soniel,3,0,3
Sonija,0,3,3
Sonika,0,3,3
Sonilda,0,3,3
Sonje,0,3,3
Sonneke,0,3,3
Sonska,0,3,3
Sonthaya,3,3,6
Sontje,3,0,3
Sonyta,0,3,3
Sooike,3,0,3
Sookie,0,3,3
Soomdath,3,0,3
Soomwatie,0,3,3
Sooraj,3,0,3
Sopatsy,0,3,3
Sophan,3,0,3
Sophé,0,3,3
Sophea,3,3,6
Sophenia,0,3,3
Sophey,0,3,3
Sopheya,0,3,3
Sophia-Maria,0,3,3
Sophiandra,0,3,3
Sophiane,3,3,6
Sophié,0,3,3
Sophie-Jane,0,3,3
Sophie-Lynn,0,3,3
Sophie-May,0,3,3
Sophira,0,3,3
Sophita,0,3,3
Sophronie,0,3,3
Sophyna,0,3,3
Sopiah,0,3,3
Soprano,3,0,3
Soraab,3,0,3
Soradya,0,3,3
Sorajah,0,3,3
Sorano,3,0,3
Sorayna,0,3,3
Sorea,0,3,3
Sorelies,0,3,3
Sorèn,3,0,3
Soriano,3,3,6
Sorie,3,0,3
Sorijn,0,3,3
Sorinder,3,0,3
Sorinja,0,3,3
Sormario,3,0,3
Sormina,0,3,3
Soro,3,3,6
Soronia,0,3,3
Sorraine,0,3,3
Sorrel,0,3,3
Sorush,3,3,6
Soschanna,0,3,3
Sose,0,3,3
Soshannah,0,3,3
Soshila,0,3,3
Sosin,0,3,3
Soso,3,3,6
Sossah,0,3,3
Sotera,0,3,3
Sotiri,3,0,3
Sotrèlle,0,3,3
Souâad,0,3,3
Souada,0,3,3
Souade,0,3,3
Souadia,0,3,3
Soubane,3,3,6
Soubaneh,3,0,3
Souffien,3,0,3
Souffiën,3,0,3
Soufiaan,3,0,3
Soufïan,3,0,3
Soufiene,3,0,3
Soufjan,3,0,3
Soufyaan,3,0,3
Souhaibou,3,0,3
Souhair,3,3,6
Souheil,3,0,3
Souheila,0,3,3
Souheyla,0,3,3
Soukaye,0,3,3
Soukeyna,0,3,3
Soulaimène,3,0,3
Souleman,3,0,3
Soulin,0,3,3
Soultan,3,0,3
Soulyman,3,0,3
Soum,3,0,3
Soumaira,0,3,3
Soumayya,0,3,3
Soumeiya,0,3,3
Soumischa,0,3,3
Sounayra,0,3,3
Soundes,0,3,3
Sounia,0,3,3
Souphia,0,3,3
Sourena,3,0,3
Souri,0,3,3
Souris,3,3,6
Sourour,0,3,3
Sousha,0,3,3
Souverijn,3,3,6
Souw,3,0,3
Souzan,0,3,3
Sovana,0,3,3
Sowina,0,3,3
Sowy,3,3,6
Soyane,0,3,3
Soyenna,0,3,3
Soyenne,0,3,3
Soying,0,3,3
Soyla,0,3,3
Soylanda,0,3,3
Sozbin,0,3,3
Sozi,0,3,3
Sozyar,0,3,3
Spa,3,0,3
Sparrow,3,0,3
Sparsh,3,0,3
Spechelle,0,3,3
Spierdijk,3,3,6
Splintina,0,3,3
Spogmai,0,3,3
Spruijt,3,0,3
Spycker,3,0,3
Spyridoula,0,3,3
Squanto,3,0,3
Srbomir,3,0,3
Sreten,3,0,3
Sri-Devi,0,3,3
Srianti,0,3,3
Sridath,3,0,3
Sridatta,3,0,3
Sridebie,0,3,3
Sridewie,0,3,3
Srihartini,0,3,3
Srihati,0,3,3
Srijan,3,0,3
Srinah,0,3,3
Sriram,3,0,3
Sristhi,0,3,3
Sristi,0,3,3
Sritharan,3,0,3
Sriyati,0,3,3
Srna,3,3,6
Sroedjpersad,3,0,3
Sroeti,0,3,3
Sroetie,0,3,3
Sryana,0,3,3
Sryanti,0,3,3
Ssanyu,3,3,6
Stacey-Lee,0,3,3
Stachek,3,0,3
Staci,0,3,3
Staecy,0,3,3
Staeske,0,3,3
Staets,3,0,3
Stamati,3,0,3
Stamenka,0,3,3
Stán,3,0,3
Stancey,3,0,3
Stancy,3,3,6
Standish,3,0,3
Standly,3,0,3
Stani,3,3,6
Stania,0,3,3
Stanilaus,3,0,3
Stanimirova,0,3,3
Stanislov,3,0,3
Stanka,0,3,3
Stanleij,3,0,3
Stanley-Roy,3,0,3
Stanlie,3,0,3
Stannis,3,3,6
Stanojka,0,3,3
Stanwick,3,0,3
Stanzy,3,3,6
Staphan,3,0,3
Starck,3,0,3
Stark,3,3,6
Starling,3,3,6
Starlyn,3,3,6
Starsky,3,0,3
Stassia,0,3,3
Stassy,0,3,3
Stavana,0,3,3
Stavrula,0,3,3
Steafan,3,0,3
Stean,3,0,3
Steaphanie,0,3,3
Stecen,3,0,3
Stee,3,3,6
Steefano,3,0,3
Steefe,3,0,3
Steensen,0,3,3
Steev,3,0,3
Steevert,3,0,3
Stèfaan,3,0,3
Stefaïne,0,3,3
Stefan-Paul,3,0,3
Stefanel,0,3,3
Stefanella,0,3,3
Stéfania,0,3,3
Stefaniya,0,3,3
Stéfanos,3,0,3
Stefanovitch,3,0,3
Stéfany,0,3,3
Stefe,3,0,3
Stefeline,0,3,3
Stefena,0,3,3
Stefeni,0,3,3
Stefeno,3,0,3
Steffaan,3,0,3
Steffana,0,3,3
Steffanni,0,3,3
Steffanny,0,3,3
Stèffen,3,3,6
Steffendina,0,3,3
Steffeney,0,3,3
Steffeny,0,3,3
Steffey,0,3,3
Stefhano,3,0,3
Stefhany,0,3,3
Stefia,0,3,3
Stefie,0,3,3
Stefijn,3,0,3
Stefnie,0,3,3
Stefony,0,3,3
Stefphan,3,0,3
Stefran,3,0,3
Stefvano,3,0,3
Stehfan,3,0,3
Steie,3,0,3
Steinis,3,0,3
Steiven,3,0,3
Stejara,0,3,3
Stela,0,3,3
Stello,3,0,3
Stenar,3,0,3
Stépánka,0,3,3
Stepfan,3,0,3
Stepha,0,3,3
Stëphan,3,0,3
Stéphanas,3,0,3
Stephané,3,0,3
Stephanella,0,3,3
Stéphani,0,3,3
Stephánie,0,3,3
Stephanien,0,3,3
Stephanja,0,3,3
Stephanna,0,3,3
Stephannes,3,0,3
Stèphano,3,0,3
Stepháno,3,0,3
Stéphanos,3,0,3
Stephans,3,0,3
Stepheni,0,3,3
Stephenia,0,3,3
Stephenno,3,0,3
Stephens,3,0,3
Stephi,3,3,6
Stephney,0,3,3
Stephrone,3,0,3
Stera,0,3,3
Sterin,0,3,3
Sterke,0,3,3
Sterlin,3,0,3
Sterlyn,3,3,6
Sterrè,0,3,3
Sterre-Jasmijn,0,3,3
Sterre-Jolie,0,3,3
Sterre-Luna,0,3,3
Sterrelijn,0,3,3
Stevanio,3,0,3
Stevanna,0,3,3
Stevarino,3,0,3
Stevenfina,0,3,3
Steveni,0,3,3
Stevenina,0,3,3
Stevensen,3,0,3
Steverinus,3,0,3
Stevert,3,0,3
Stevie-June,0,3,3
Stevie-Ray,3,0,3
Stevinus,3,0,3
Stevka,0,3,3
Stew,3,0,3
Steyvers,3,0,3
Sthan,3,0,3
Sthefan,3,0,3
Sthijn,3,0,3
Stiefen,3,0,3
Stieg,3,0,3
Stiel,3,0,3
Stienanda,0,3,3
Stienlijn,3,3,6
Stienneke,0,3,3
Stievie,3,0,3
Stifano,3,0,3
Stihl,3,0,3
Stijnanda,0,3,3
Stijnco,3,0,3
Stijnes,3,0,3
Stijnette,0,3,3
Stijnia,0,3,3
Stijnke,0,3,3
Stilano,3,0,3
Stiles,3,0,3
Stilla,3,3,6
Stillesen,3,0,3
Stilmar,3,0,3
Stin,3,0,3
Stind,3,0,3
Stingo,3,0,3
Stinne,0,3,3
Stip,3,3,6
Stipan,3,0,3
Stipe,3,0,3
Stivano,3,0,3
Stjura,0,3,3
Stochello,3,0,3
Stoffelijntje,0,3,3
Stoffeline,0,3,3
Stofferdiena,0,3,3
Stofferiena,0,3,3
Stoïka,0,3,3
Stoilova,0,3,3
Stojadin,3,0,3
Stokley,3,0,3
Stokly,3,0,3
Stolanus,3,0,3
Stor,3,0,3
Storai,0,3,3
Story,3,0,3
Stout,3,0,3
Stoyanova,0,3,3
Strarup,3,0,3
Struan,3,0,3
Sturgis,3,0,3
Stuti,0,3,3
Stuwie,3,0,3
Style,3,0,3
Su'aad,0,3,3
Su-Ling,0,3,3
Su-Yen,0,3,3
Su-yin,0,3,3
Su-Yin,0,3,3
Suade,0,3,3
Suadina,0,3,3
Suaib,3,0,3
Suaila,0,3,3
Suaip,3,0,3
Suane,3,3,6
Suannes,3,0,3
Suantara,0,3,3
Suard,3,0,3
Suardi,3,0,3
Suarni,0,3,3
Subandi,3,0,3
Subariah,0,3,3
Subas,3,0,3
Subbinus,3,0,3
Suber,3,0,3
Subha,0,3,3
Subhasinghe,3,3,6
Subhiraj,3,0,3
Subita,0,3,3
Sublime,3,3,6
Sucaad,3,3,6
Sucattin,3,0,3
Success,3,3,6
Súcdea,0,3,3
Sucdi,0,3,3
Suchart,3,0,3
Sucheta,0,3,3
Suchit,3,0,3
Sucile,0,3,3
Sucilia,0,3,3
Sucilla,0,3,3
Sucré,3,0,3
Sud,0,3,3
Suda,0,3,3
Sudama,3,0,3
Sudarto,3,0,3
Sude-Nur,0,3,3
Sudeis,3,0,3
Südenaz,0,3,3
Sudesca,0,3,3
Sudeshkoemar,3,0,3
Sudeska,0,3,3
Sudharshana,0,3,3
Sudiana,0,3,3
Sudir,3,0,3
Sudjayla,0,3,3
Sudjina,0,3,3
Sue-Amy,0,3,3
Sue-ellen,0,3,3
Sue-Linda,0,3,3
Sue-Yee,0,3,3
Sueann,0,3,3
Suëda,0,3,3
Sueena,0,3,3
Suehely,0,3,3
Suel,0,3,3
Suele,3,0,3
Suelen,0,3,3
Suelnur,0,3,3
Suéna,0,3,3
Suendrick,3,0,3
Suenne,0,3,3
Sueno,3,0,3
Sueño,3,0,3
Suently,3,3,6
Sueraya,0,3,3
Suesanna,0,3,3
Suetlana,0,3,3
Sueyenne,0,3,3
Süeyla,0,3,3
Suezan,0,3,3
Suffried,3,0,3
Suffrijn,3,0,3
Sufiyana,0,3,3
Sufyen,3,0,3
Sugabertha,0,3,3
Suganja,0,3,3
Suğde,0,3,3
Sugule,3,3,6
Sugyanto,3,0,3
Suh,0,3,3
Suhad,3,3,6
Suhaeb,3,0,3
Suhaemi,0,3,3
Suhaim,3,0,3
Suhaimi,3,0,3
Suhaini,0,3,3
Suhan,3,0,3
Suhanie,0,3,3
Suhar,3,0,3
Suhartini,0,3,3
Suhayra,0,3,3
Suhedy,0,3,3
Suheib,3,0,3
Suhejla,0,3,3
Sühem,0,3,3
Suhendro,3,0,3
Suheny,3,3,6
Suher,3,3,6
Suheyda,0,3,3
Süheylâ,0,3,3
Suheyle,0,3,3
Suhil,3,0,3
Suhila,0,3,3
Suhnailey,0,3,3
Suhour,0,3,3
Suï,0,3,3
Suibertha,0,3,3
Suintha,0,3,3
Suïntha,0,3,3
Sujana,3,3,6
Sujatadevi,0,3,3
Sujeet,3,0,3
Sujit,3,0,3
Sujitkoemar,3,0,3
Suk-Yee,0,3,3
Suk-Yin,0,3,3
Sukarmi,0,3,3
Sukarno,3,0,3
Sukarsih,3,3,6
Sukena,0,3,3
Sukerta,3,3,6
Sukha,3,3,6
Sukhbir,3,0,3
Sukhraj,3,3,6
Sukhrani,0,3,3
Sukina,0,3,3
Sukinah,0,3,3
Sukinem,0,3,3
Sukkar,3,3,6
Suklie,3,3,6
Sukru,3,0,3
Sulakshna,0,3,3
Sulasmi,0,3,3
Sulata,0,3,3
Sulaya,0,3,3
Sulaymaan,3,0,3
Suleila,0,3,3
Suleima,0,3,3
Sulekha,0,3,3
Suleymaan,3,0,3
Sűleyman,3,0,3
Sulieman,3,0,3
Suliette,0,3,3
Sulimah,0,3,3
Sulin,0,3,3
Sulis,3,3,6
Sulisa,0,3,3
Sulistio,3,0,3
Sulistyani,3,3,6
Sulita,0,3,3
Sulleyman,3,3,6
Sullian,0,3,3
Sulna,0,3,3
Sulochna,0,3,3
Sulta,0,3,3
Sültan,0,3,3
Sultania,0,3,3
Sulukshana,0,3,3
Sulvana,0,3,3
Sülwa,0,3,3
Suly,0,3,3
Sulya,0,3,3
Sulyen,3,3,6
Sulyviëne,0,3,3
Sumala,0,3,3
Sumalee,0,3,3
Sumana,0,3,3
Sumandeep,3,3,6
Sumantri,3,3,6
Sumario,3,0,3
Sumariyati,0,3,3
Sumarmie,0,3,3
Sumaryo,3,0,3
Sumay,0,3,3
Sumayo,0,3,3
Sumayrah,0,3,3
Sumbul,0,3,3
Sumea,0,3,3
Sumeia,0,3,3
Sûmerya,0,3,3
Sumeyah,0,3,3
Sümeyha,0,3,3
Sumijati,3,3,6
Sumita,0,3,3
Sumitha,0,3,3
Summeya,0,3,3
Summeye,0,3,3
Sümmeye,0,3,3
Sumya,0,3,3
Sun-Hee,0,3,3
Sunaida,0,3,3
Sunaika,0,3,3
Sunailys,0,3,3
Sunainadevi,0,3,3
Sunaisha,0,3,3
Sunando,3,0,3
Sunardi,3,0,3
Sunart,3,0,3
Sunaryo,3,0,3
Sunaz,0,3,3
Sunchelai,0,3,3
Sunda,0,3,3
Suneeta,0,3,3
Sunehri,0,3,3
Suneira,0,3,3
Sunem,0,3,3
Suneto,0,3,3
Sunielkumar,3,0,3
Sunilda,0,3,3
Sunildutt,3,0,3
Sunill,3,0,3
Sunit,0,3,3
Sunithi,0,3,3
Sunnaina,0,3,3
Sunney,0,3,3
Sunnyva,0,3,3
Sunra,3,3,6
Sunseahrae,0,3,3
Sunu,3,3,6
Suo,3,3,6
Supamie,0,3,3
Supartie,0,3,3
Superiana,0,3,3
Suphiye,0,3,3
Supirah,0,3,3
Suqun,0,3,3
Sur,3,3,6
Surab,3,0,3
Suradia,0,3,3
Suradj-Kumar,3,0,3
Suradjani,0,3,3
Suradjpersad,3,0,3
Suradjsingh,3,0,3
Suragani,0,3,3
Suraganie,0,3,3
Suraghani,0,3,3
Suraghnie,0,3,3
Suraia,0,3,3
Suraily,3,3,6
Suraina,0,3,3
Surainy,3,3,6
Surajni,0,3,3
Surajsingh,3,0,3
Surakshana,0,3,3
Surandy,3,0,3
Suranjana,0,3,3
Surastri,0,3,3
Surat,3,3,6
Surati,0,3,3
Suratmi,0,3,3
Suratni,0,3,3
Suratrenan,0,3,3
Surbhi,0,3,3
Surdj,3,0,3
Surea,0,3,3
Sureka,0,3,3
Surely,0,3,3
Sureny,3,3,6
Sürgün,3,0,3
Surhaya,0,3,3
Suriadi,3,0,3
Surianne,0,3,3
Suriano,3,0,3
Suriëlla,0,3,3
Surijadi,3,0,3
Surijanie,0,3,3
Surijano,3,0,3
Surinda,0,3,3
Surindersingh,3,0,3
Surindo,3,0,3
Surip,0,3,3
Suris,3,0,3
Surisaddai,0,3,3
Surivan,3,0,3
Suriyan,3,0,3
Suriyana,0,3,3
Suriyani,0,3,3
Surjadi,3,0,3
Surjan,3,0,3
Surjani,0,3,3
Surjit,0,3,3
Sürmeli,3,3,6
Suro,3,0,3
Suroiya,0,3,3
Surriya,0,3,3
Surudj,3,0,3
Surwenjelo,3,0,3
Sürya,0,3,3
Suryadev,3,0,3
Suryakanta,0,3,3
Suryam,3,0,3
Suryan,3,0,3
Suryanie,0,3,3
Suryanshu,3,0,3
Suryash,3,0,3
Suryesh,3,0,3
Suryono,3,0,3
Suryra,0,3,3
Susaan,0,3,3
Susahno,3,0,3
Susan-Marie,0,3,3
Susanne-Marie,0,3,3
Susanthi,0,3,3
Susantho,3,0,3
Susantie,0,3,3
Suscha,0,3,3
Suseela,0,3,3
Süsem,0,3,3
Susha,0,3,3
Sushanty,0,3,3
Susheel,3,0,3
Susheela,0,3,3
Susheila,0,3,3
Sushen,3,0,3
Sushiladebie,0,3,3
Sushita,0,3,3
Sushmadebie,0,3,3
Sushmadevi,0,3,3
Sushmitadevi,0,3,3
Susianne,0,3,3
Susiawan,3,3,6
Susijanti,0,3,3
Susil,3,3,6
Susilia,0,3,3
Susina,0,3,3
Susitra,0,3,3
Suska,0,3,3
Susline,0,3,3
Susmailine,0,3,3
Sussanah,0,3,3
Sussette,0,3,3
Susyanti,0,3,3
Sutapa,0,3,3
Sutay,3,3,6
Sutedjo,0,3,3
Suthakaran,3,3,6
Sutirah,0,3,3
Sutomo,3,0,3
Sutra,0,3,3
Sutrisna,3,0,3
Suttan,3,3,6
Suubi,3,3,6
Suvetha,0,3,3
Suvie,0,3,3
Suvienka,0,3,3
Suviënka,0,3,3
Suw,0,3,3
Suwadi,3,0,3
Suwaiba,0,3,3
Suwandi,3,0,3
Suwanne,0,3,3
Suwarni,0,3,3
Suwarti,0,3,3
Suwely,0,3,3
Suwen,0,3,3
Suyani,0,3,3
Suyatha,0,3,3
Suzanja,0,3,3
Suzann,0,3,3
Suzannes,3,0,3
Suze-Anna,0,3,3
Suzelle,0,3,3
Süzen,0,3,3
Suzett,0,3,3
Suzey,0,3,3
Suzina,0,3,3
Suzon,0,3,3
Suzu,0,3,3
Suzy-Lou,0,3,3
Suzzanna,0,3,3
Suzzy,0,3,3
Svanhilde,0,3,3
Svein,3,0,3
Sveinn,3,0,3
Sveja,0,3,3
Sven-Alexander,3,0,3
Sven-Arne,3,0,3
Sven-Jörgen,3,0,3
Sven-Olaf,3,0,3
Svender,3,0,3
Svendson,3,0,3
Svens,3,0,3
Svente,3,0,3
Sveta,0,3,3
Svin,3,0,3
Swaanhilde,0,3,3
Swaantsje,0,3,3
Swaena,0,3,3
Swanehilde,0,3,3
Swanie,0,3,3
Swanieke,0,3,3
Swanneke,0,3,3
Swannetta,0,3,3
Swannie,0,3,3
Swanthilde,0,3,3
Swanwitha,0,3,3
Swapnil,3,3,6
Swar,3,0,3
Swaradj,3,0,3
Swaresh,3,0,3
Swarish,3,0,3
Swashtika,0,3,3
Swastie,0,3,3
Swati,0,3,3
Swayne,3,0,3
Swayze,3,3,6
Swaze,0,3,3
Sweden,0,3,3
Swee,0,3,3
Sweely,0,3,3
Sweeney,3,0,3
Sweerta,0,3,3
Sweetha,0,3,3
Sweetlana,0,3,3
Swendeline,0,3,3
Swendly,3,0,3
Swendrick,3,0,3
Swengard,0,3,3
Sweni,3,0,3
Swennia,0,3,3
Swensly,3,0,3
Swentley,3,0,3
Swer,3,0,3
Swerius,3,0,3
Swi,0,3,3
Swid,3,0,3
Swind,3,0,3
Swita,0,3,3
Sy'rai,0,3,3
Sy'ray,0,3,3
Syaan,3,0,3
Syafiaëlle,0,3,3
Syafiq,3,0,3
Syah,3,0,3
Syahrir,3,3,6
Syandika,0,3,3
Syandra,0,3,3
Syane,0,3,3
Syanna,0,3,3
Syapzé,3,3,6
Syarah,0,3,3
Syard,3,0,3
Syarifah,0,3,3
Sybèlle,0,3,3
Syberina,0,3,3
Syberthe,0,3,3
Sybke,0,3,3
Syboldus,3,0,3
Syboltje,0,3,3
Sybrandes,3,0,3
Sybrando,3,0,3
Sybrano,3,0,3
Sybrend,3,0,3
Sybrenda,0,3,3
Sybrin,3,0,3
Sybrith,0,3,3
Sybritta,0,3,3
Sybryan,3,0,3
Sybylla,0,3,3
Sybylle,0,3,3
Sychiena,0,3,3
Sydhant,3,0,3
Sydina,0,3,3
Sydmil,3,0,3
Sydne,0,3,3
Sydone,0,3,3
Sydse,3,0,3
Syham,0,3,3
Syhra,0,3,3
Syifa,0,3,3
Syko,3,0,3
Sylana,0,3,3
Sylar,3,0,3
Sylba,0,3,3
Sylbana,0,3,3
Sylbie,0,3,3
Sylco,3,0,3
Sylden,3,3,6
Syle,3,0,3
Sylfano,3,0,3
Sylfia,0,3,3
Sylfie,0,3,3
Sylfrida,0,3,3
Sylianne,0,3,3
Sylita,0,3,3
Syllina,0,3,3
Sylora,0,3,3
Sylovienne,0,3,3
Sylphano,3,0,3
Sylphide,0,3,3
Sylphie,0,3,3
Sylshana,0,3,3
Sylvaer,3,0,3
Sylvahna,0,3,3
Sylvanito,3,0,3
Sylvannie,0,3,3
Sylvanno,3,0,3
Sylvenzo,3,0,3
Sylverio,3,0,3
Sylverius,3,0,3
Sylvestro,3,0,3
Sylviën,3,0,3
Sylvien,3,0,3
Sylvinio,3,3,6
Sylvino,3,0,3
Sylvita,0,3,3
Sylwin,3,0,3
Symar,3,0,3
Symara,0,3,3
Symphorianus,3,0,3
Symphorina,0,3,3
Syndia,0,3,3
Syndy,0,3,3
Synja,0,3,3
Synnove,0,3,3
Synnøve,0,3,3
Synoa,0,3,3
Synora,0,3,3
Syntia,0,3,3
Syoni,0,3,3
Syprianus,3,0,3
Syrco,3,0,3
Syre,3,0,3
Syrel,0,3,3
Syringa,0,3,3
Syrith,0,3,3
Syron,3,0,3
Sytes,3,0,3
Syti,0,3,3
Sytie,0,3,3
Sytzo,3,0,3
Syut,0,3,3
Syvert,3,0,3
Sywart,3,0,3
Sza,0,3,3
Szende,0,3,3
Szilárd,3,0,3
Szofi,0,3,3
Szófia,0,3,3
Sææske,0,3,3
Sølvsten,3,3,6
S'aphira,0,3,3
S'hanailley,0,3,3
S'Heaven,3,0,3
S'Juvienska,0,3,3
S'Sharraglayney,0,3,3
S'Sharraglim,3,0,3
S'Syahrronah,0,3,3
S'Syhayrrenicse,0,3,3
S'wihelly,0,3,3
S'yenna,0,3,3
S-jay,3,0,3
Sa'aadah,0,3,3
Sa'ada,0,3,3
Sa'd,3,0,3
Sa'diah,0,3,3
Sa'Dija,0,3,3
Sa'dijjagatoen,0,3,3
Sa'diyah,0,3,3
Sa'ed,3,0,3
Sa'eeda,0,3,3
Sa'fiya,0,3,3
Sa'iesta,0,3,3
Sa'im,3,0,3
Sa'Neeya,0,3,3
Sa'ra,0,3,3
Sa'ud,3,0,3
Sa-eda,0,3,3
Sa-icha,3,0,3
Sa-Kisha,0,3,3
Sa-mooideya,0,3,3
Sa-nguan,3,0,3
Sa-ud,3,0,3
Sa-Yinka,0,3,3
SAA,0,3,3
Saa'ier,3,0,3
Saaba,0,3,3
Saäban,3,0,3
Saabar,3,0,3
Saabariin,0,3,3
Saabariina,0,3,3
Saaber,3,0,3
Saabiera,0,3,3
Saabirah,0,3,3
Saabiriina,0,3,3
Saabit,3,0,3
Saabke,0,3,3
Saac,3,0,3
Sâad,3,0,3
Saàd,3,0,3
Saad-Eddine,3,0,3
Saad-ul-allah,3,0,3
Saad-Ullah,3,0,3
Säada,0,3,3
Saadag,3,0,3
Saädat,3,0,3
Saaddin,3,0,3
Saadeet,0,3,3
Saadèka,0,3,3
Saadeldin,3,0,3
Saadellah,3,0,3
Saadetdin,3,0,3
Saadhana,0,3,3
Saadhika,0,3,3
Saadhvi,0,3,3
Sâadia,0,3,3
Saädiah,0,3,3
Saadie,0,3,3
Saadienne,0,3,3
Saadija,0,3,3
Saädijah,0,3,3
Saadiqa,0,3,3
Saadique,3,0,3
Saadiyah,0,3,3
Saadna,0,3,3
Saadoen,3,0,3
Saadullah,3,0,3
Saadya,3,0,3
Saaeda,0,3,3
Saaede,3,0,3
Saaer,3,0,3
Saaf,3,0,3
Saafia,0,3,3
Saafiya,0,3,3
Saafiyah,0,3,3
Saafke,0,3,3
Saageranand,3,0,3
Saaghar,3,0,3
Saahaarnaz,0,3,3
Saahielkoemar,3,0,3
Saahilkumar,3,0,3
Saahra,0,3,3
Saaïd,3,0,3
Saâïd,3,0,3
Sâaid,3,0,3
Saaïda,0,3,3
Saaied,3,0,3
Saaïemah,0,3,3
Saaima,0,3,3
Saaimah,0,3,3
Saaj,0,3,3
Saaja,0,3,3
Saajan-Satish,3,0,3
Saajid-Ali,3,0,3
Saajrung,0,3,3
Saakar,0,3,3
Saakes,3,0,3
Saako,3,0,3
Saakr,3,0,3
Saaksi,0,3,3
Saaktina,0,3,3
Saala,0,3,3
Saalah,0,3,3
Saalehagatoen,0,3,3
Saalemu,0,3,3
Saalik,3,0,3
Saalima,0,3,3
Saaly,0,3,3
Saamanthi,0,3,3
Saamea,0,3,3
Saamer,3,0,3
Saamieya,0,3,3
Saamih,3,0,3
Saamija,0,3,3
Saamir,3,0,3
Saamira,0,3,3
Saamra,0,3,3
Saän,3,0,3
Saana-Maaret,0,3,3
Saanaa,0,3,3
Saänah,0,3,3
Saanah,0,3,3
Saanam,0,3,3
Saänan,3,0,3
Saandiya,0,3,3
Saäni,3,0,3
Saania,0,3,3
Saaniyah,0,3,3
Saänna,0,3,3
Saanta,0,3,3
Saanu,3,0,3
Saanya,0,3,3
Saap,3,0,3
Saape,3,0,3
Saapha,0,3,3
Saar-Louise,0,3,3
Saar-Marie,0,3,3
Saar-tje,0,3,3
Saara-Maarit,0,3,3
Saaraim,0,3,3
Saarein,0,3,3
Saarem,3,0,3
Saarkolina,0,3,3
Saarlina,0,3,3
Saarphia,0,3,3
Saartine,0,3,3
Saartinus,3,0,3
Saartje-Moïs,0,3,3
Saartu,0,3,3
Saaske,0,3,3
Saat,0,3,3
Saatchi,3,0,3
Saathiya,0,3,3
Saathuran,3,0,3
Saatice,0,3,3
Saatish,3,0,3
Saatvika,0,3,3
Saatxanim,0,3,3
Saavi,0,3,3
Saavni,0,3,3
Saawen,3,0,3
Saaweni,0,3,3
Saawenkumar,3,0,3
Saäwi,0,3,3
Saawni,0,3,3
Saayah,0,3,3
Saayel,3,0,3
Saayenkoemar,3,0,3
Saayon,3,0,3
Saazda,0,3,3
Sab,3,0,3
Sabaah,0,3,3
Sabaahe,0,3,3
Sabaawoun,3,0,3
Sabachadinova,0,3,3
Sabachthani,3,0,3
Sabadee,0,3,3
Sabah-oel-Fatah,3,0,3
Sabaha,0,3,3
Sabahatdin,3,0,3
Sabahatin,3,0,3
Sabahettin,3,0,3
Sabahiddin,3,0,3
Sabaht,0,3,3
Sabaida,0,3,3
Sabainya,0,3,3
Sabajan,3,0,3
Sabajeta,0,3,3
Sabania,0,3,3
Sabanie,0,3,3
Sabanna,0,3,3
Sabaoon,3,0,3
Sabaoth,0,3,3
Sabap,0,3,3
Sabara,0,3,3
Sabarah,0,3,3
Sabaria,0,3,3
Sabariah,0,3,3
Sabarie,3,0,3
Sabarna,0,3,3
Sabarniaty,0,3,3
Sabartina,0,3,3
Sabastian-Bas,3,0,3
Sabastiana,0,3,3
Sabastianus,3,0,3
Sabastiën,3,0,3
Sabastièn,3,0,3
Sabastiene,0,3,3
Sabatho,3,0,3
Sabatin,3,0,3
Sabatinie,0,3,3
Sabato,3,0,3
Sabaùn,3,0,3
Sabaun,3,0,3
Sabawoun,3,0,3
Sabawwun,3,0,3
Sabbar,3,0,3
Sabbara,3,0,3
Sabbatina,0,3,3
Sabbegie,0,3,3
Sabber,3,0,3
Sabbiya,0,3,3
Sabé,0,3,3
Sabeeha,0,3,3
Sabeh,0,3,3
Sabèl,0,3,3
Sabell,0,3,3
Sabénes,0,3,3
Sabenia,0,3,3
Sabentha,0,3,3
Sabèr,3,0,3
Saberine,0,3,3
Sabesan,3,0,3
Sabette,0,3,3
Sabeyna,0,3,3
Sabhia,0,3,3
Sabhita,0,3,3
Sabhitrie,0,3,3
Sabhua,3,0,3
Sabhudin,3,0,3
Sabiagatoen,0,3,3
Sabiah,0,3,3
Sabicas,3,0,3
Sabiedagatoen,0,3,3
Sabieha,0,3,3
Sabiela,0,3,3
Sabiëlla,0,3,3
Sabiëlle,0,3,3
Sabiëllo,3,0,3
Sabiën,3,0,3
Sabièn,0,3,3
Sabiëna,0,3,3
Sabiëne,0,3,3
Sabienie,0,3,3
Sabiènne,0,3,3
Sabiëny,0,3,3
Sabiera,0,3,3
Sabierali,3,0,3
Sabierullah,3,0,3
Sabietiridebie,0,3,3
Sabietrie,0,3,3
Sâbiha,0,3,3
Sabiha-Fatima,0,3,3
Sabihah,0,3,3
Sabiira,0,3,3
Sabija,0,3,3
Sabijntje,0,3,3
Sabijo,3,0,3
Sabika,0,3,3
Sabikanda,3,0,3
Sabile,3,0,3
Sabilillah,3,0,3
Sabille,0,3,3
Sabiña,0,3,3
Sabinadevi,0,3,3
Sabiné,0,3,3
Sabine-An,0,3,3
Sabine-Arjanne,0,3,3
Sabine-Corrine,0,3,3
Sabine-Evelyn,0,3,3
Sabine-Fleur,0,3,3
Sabine-Sophie,0,3,3
Sabine-Titia,0,3,3
Sabineke,0,3,3
Sabinga,0,3,3
Sabinia,0,3,3
Sabinien,0,3,3
Sabinio,3,0,3
Sabinje,0,3,3
Sabinka,0,3,3
Sabinke,0,3,3
Sabinna,0,3,3
Sabio,3,0,3
Sabiona,0,3,3
Sabionne,0,3,3
Sabiq,3,0,3
Sabır,0,3,3
Sabirabibi,0,3,3
Sabirah-Mahwa,0,3,3
Sabirdinne,3,0,3
Sabiriina,0,3,3
Sabis,3,0,3
Sabisha,0,3,3
Sâbit,3,0,3
Sabitiye,0,3,3
Sabitridevi,0,3,3
Sabitriedebi,0,3,3
Sabitriedebie,0,3,3
Sabittha,0,3,3
Sabiye,0,3,3
Sabja,0,3,3
Sabnagatoen,0,3,3
Saboeh,0,3,3
Saboei,3,0,3
Saboer,3,0,3
Saboera,0,3,3
Sabonu,3,0,3
Sabooh,0,3,3
Saboohi,0,3,3
Sabora,0,3,3
Saboye,3,0,3
Sabpna,0,3,3
Sabr-eddine,3,0,3
Sabraa,0,3,3
Sabrain,3,0,3
Sabrani,0,3,3
Sabrenda,0,3,3
Sabrene,0,3,3
Sabret,0,3,3
Sabrian,3,0,3
Sabriana,0,3,3
Sabriel,0,3,3
Sabriël,0,3,3
Sabriëlla,0,3,3
Sabriëlle,0,3,3
Sabrienagatoen,0,3,3
Sabrienne,0,3,3
Sabriina,0,3,3
Sabrija,0,3,3
Sabrijë,0,3,3
Sabrina-Maria,0,3,3
Sabrina-Mumtaz,0,3,3
Sabrina-Tinah,0,3,3
Sabrina-Yeanney,0,3,3
Sabrinasari,0,3,3
Sabrinha-Tayara,0,3,3
Sabrinja,0,3,3
Sabrinka,0,3,3
Sabrinus,3,0,3
Sabrita,0,3,3
Sabriyah,0,3,3
Sabro,3,0,3
Sabrul,3,0,3
Sabrunnisá,0,3,3
Sabrye,0,3,3
Sabryne,0,3,3
Sabtu,3,0,3
Sabwa,3,0,3
Sabye,3,0,3
Sabyena,0,3,3
Sabyl,3,0,3
Sabynn,0,3,3
Sac-Cid-Ananda-Vigraha,0,3,3
Sacad,3,0,3
Sacaja,0,3,3
Sacana,0,3,3
Sacaya,0,3,3
Sacci,0,3,3
Sacdiya,0,3,3
Sacdiyo,0,3,3
Saceli,0,3,3
Sacer,3,0,3
Sacha-Alouisa,0,3,3
Sacha-Denise,0,3,3
Sacha-Marlisa,0,3,3
Sacha-Michelle,0,3,3
Sacha-Skander,3,0,3
Sacha-Sofia,0,3,3
Sachadevi,0,3,3
Sachael,0,3,3
Sachal,0,3,3
Sacharko,3,0,3
Sachchit,3,0,3
Sachdeva,3,0,3
Sacheecco,3,0,3
Sachendra,3,0,3
Sacheride,0,3,3
Sachery,3,0,3
Sachet,3,0,3
Sacheus,3,0,3
Sacheverell,3,0,3
Sachi-ko,0,3,3
Sachie,0,3,3
Sachiel,3,0,3
Sachiël,3,0,3
Sachil,3,0,3
Sachinder,3,0,3
Sachindra,3,0,3
Sachindradat,3,0,3
Sachindrasingh,3,0,3
Sachinkoemar,3,0,3
Sachit,3,0,3
Sachita,0,3,3
Sachiton,3,0,3
Sachkita,0,3,3
Sachlan,3,0,3
Sacho,3,0,3
Sachpreet,0,3,3
Sachroni,3,0,3
Sachya,0,3,3
Saci,0,3,3
Sacieny,0,3,3
Sacinyio,3,0,3
Sacira,0,3,3
Sackada,3,0,3
Sackibiah,0,3,3
Sacon,3,0,3
Sacorma,0,3,3
Sacoro,3,0,3
Sacramentado,0,3,3
Sacramento,3,0,3
Sacre,3,0,3
Sacrina,0,3,3
Sadaat,0,3,3
Sadab,3,0,3
Sadad,0,3,3
Sadaé,0,3,3
Sadafel,3,0,3
Sadag,3,0,3
Sadaga,3,0,3
Sadak,3,0,3
Sadaka,0,3,3
Sadakat,0,3,3
Sadanand,3,0,3
Sadani,0,3,3
Sadaniël,3,0,3
Sadankaba,0,3,3
Sadar,3,0,3
Sadaragamage,3,0,3
Sadaruwan,3,0,3
Sadashiv,3,0,3
Sadath,3,0,3
Sadatt,3,0,3
Sàday,0,3,3
Saday,0,3,3
Sadaya,0,3,3
Sadberk,3,0,3
Sadbh,0,3,3
Sadchawatie,0,3,3
Saddac,3,0,3
Saddah,0,3,3
Saddal,3,0,3
Saddam,3,0,3
Saddan,0,3,3
Saddetin,3,0,3
Saddhen,3,0,3
Saddiek,3,0,3
Saddiqa,0,3,3
Saddjaat,3,0,3
Sáde,0,3,3
Sade-Grace,0,3,3
Sadeau,0,3,3
Saded,0,3,3
Sadeda,0,3,3
Sadedin,3,0,3
Sadedtin,3,0,3
Sadeé,0,3,3
Sadeea,0,3,3
Sadeeb,3,0,3
Sadeekagatoen,0,3,3
Sadeen,3,0,3
Sadeeq,3,0,3
Sadeg,3,0,3
Sadegh,3,0,3
Sadeh,0,3,3
Sadeia,0,3,3
Sadeja,0,3,3
Sadejah,0,3,3
Sadel,3,0,3
Sadeli,3,0,3
Sadelli,0,3,3
Sadem,0,3,3
Sadencio,3,0,3
Sadene,0,3,3
Saderak,3,0,3
Sadeta,0,3,3
Sadetti,3,0,3
Sadéy,0,3,3
Sadeya,0,3,3
Sadf,0,3,3
Sadge,3,0,3
Sadhaf,0,3,3
Sadhanakumarie,0,3,3
Sadhanawatie,0,3,3
Sadhee,0,3,3
Sadhenakumarie,0,3,3
Sadhenawatie,0,3,3
Sadhi,0,3,3
Sadhia,0,3,3
Sadhil,3,0,3
Sadhir,3,0,3
Sadhja,3,0,3
Sadhna-Debi,0,3,3
Sadhnadevi,0,3,3
Sadhnadevie,0,3,3
Sadhnadewi,0,3,3
Sadhnah,0,3,3
Sadhnawatie,0,3,3
Sadhoe,3,0,3
Sadhotra,3,0,3
Sádi,3,0,3
Sadïa,0,3,3
Sadiagatoen,0,3,3
Sadick,3,0,3
Sadidjah,0,3,3
Sadidullah,3,0,3
Sâdie,0,3,3
Sadie-Jade,0,3,3
Sadie-Jane,0,3,3
Sadie-Mae,0,3,3
Sadie-Marie,0,3,3
Sadied,3,0,3
Sadiekhussain,3,0,3
Sadier,3,0,3
Sadif,0,3,3
Sadife,0,3,3
Sadig,3,0,3
Sadiig,3,0,3
Sadija-gatoen,0,3,3
Sadijah,0,3,3
Sâdik,3,0,3
Sadìk,3,0,3
Sadik-Addin,3,0,3
Sadikan,0,3,3
Sadikcan,3,0,3
Sadikh,3,0,3
Sadikhan,3,0,3
Sadikoen,3,0,3
Sadiman,3,0,3
Sadimin,3,0,3
Sadin-aleo,3,0,3
Sadinem,0,3,3
Sadinum,0,3,3
Sadio-Kièro,3,0,3
Sãdiqãh,0,3,3
Sadique,3,0,3
Sadiqul,3,0,3
Sadiran,3,0,3
Sadire,0,3,3
Sadishni,0,3,3
Sadiyé,0,3,3
Sadiyenur,0,3,3
Sadiyo,0,3,3
Sadj-Djaad,3,0,3
Sadjaadkhan,3,0,3
Sádjaby,0,3,3
Sadjad-Hoesein,3,0,3
Sadjah,0,3,3
Sadjat,3,0,3
Sadjeanry,3,0,3
Sadjed,3,0,3
Sadjid,3,0,3
Sadjie,0,3,3
Sadjily,0,3,3
Sadjiman,3,0,3
Sadjin,3,0,3
Sadjina,0,3,3
Sadjindersingh,3,0,3
Sadjna,0,3,3
Sadjo,3,0,3
Sadjoeri,3,0,3
Sadjura,0,3,3
Sadjy,3,0,3
Sadk,3,0,3
Sadman,3,0,3
Sadnadebi,0,3,3
Sadney,3,0,3
Sadny,3,0,3
Sadohtra,0,3,3
Sadonna,0,3,3
Sadora,0,3,3
Sadou,3,0,3
Sadperkas,3,0,3
Sadr,3,0,3
Sadr-Eddine,3,0,3
Sadra,3,0,3
Sadrac,0,3,3
Sadrag,3,0,3
Sadrdine,3,0,3
Sadreddin,3,0,3
Sadredine,3,0,3
Sadriane,0,3,3
Sadrién,0,3,3
Sadrijne,0,3,3
Sadryley,0,3,3
Sadryone,0,3,3
Sadsia,0,3,3
Sadudin,3,0,3
Sadusan,3,0,3
Sadvitha,0,3,3
Sadwemba,0,3,3
Sadzi,0,3,3
Saé,0,3,3
Saea,0,3,3
Saeaeske,0,3,3
SAEAL,0,3,3
Saeama,3,0,3
Saeba,0,3,3
Saebele,3,0,3
Saebian,3,0,3
Saebyeol,3,0,3
Saecke,3,0,3
Saedah,0,3,3
Saede,3,0,3
Saedi,0,3,3
Saedie,0,3,3
Saediyo,0,3,3
Saedy,0,3,3
Saedyn,3,0,3
Saee,0,3,3
Saeed-Umair,3,0,3
Saéeda,0,3,3
Saeedi,0,3,3
Saeem,0,3,3
Saéer,3,0,3
Saeet,3,0,3
Saefedine,3,0,3
Saefren,3,0,3
Saefuddin,3,0,3
Saeger,3,0,3
Saéh,3,0,3
Saeida,0,3,3
Saeir,3,0,3
Saejay,0,3,3
SaeJin,0,3,3
Saeke,3,0,3
Saêl,3,0,3
Saela,0,3,3
Saeli,0,3,3
Saella,0,3,3
Saelle,0,3,3
Saelsabile,0,3,3
Saelsebyl,0,3,3
Saély,0,3,3
Saëm,0,3,3
Saemi,0,3,3
Saena,0,3,3
Saenal,3,0,3
Saene-Esmée,0,3,3
Saeng,3,0,3
Saengdee,0,3,3
Saengtjan,0,3,3
Saenjlica,0,3,3
Saènne,0,3,3
Saénne,0,3,3
Saenno,3,0,3
Saënz,3,0,3
Sâera,0,3,3
Saerah,0,3,3
Saesar,3,0,3
Saet,3,0,3
Saeyd,3,0,3
Sâfa,3,0,3
Safá,0,3,3
Sâfâ,3,0,3
Safàa,0,3,3
Safaaeddine,3,0,3
Safaar,3,0,3
Safaat,3,0,3
Safad,3,0,3
Safae-Amal,0,3,3
Safagatoen,0,3,3
Safagna,0,3,3
Safaida,0,3,3
Safaini,0,3,3
Safaira,0,3,3
Safajah,0,3,3
Safakila,0,3,3
Safal,3,0,3
Safaldien,3,0,3
Safalta,0,3,3
Safani,0,3,3
Safanje,0,3,3
Safanjo,3,0,3
Safannahgatoen,0,3,3
Safanne,0,3,3
Safanour,0,3,3
Safaoun,3,0,3
Safarali,3,0,3
Safarell,3,0,3
Safaren,3,0,3
Safariënio,3,0,3
Safario,3,0,3
Safarova,0,3,3
Safat,3,0,3
Safatino,3,0,3
Safatun,0,3,3
Safayah,0,3,3
Safaye,0,3,3
Safayenne,0,3,3
Safayro,3,0,3
Safaysa,0,3,3
Safaz,3,0,3
Safdaralie,3,0,3
Safderali,3,0,3
Safe,3,0,3
Safedine,3,0,3
Safee,0,3,3
Safeena,0,3,3
Safeeya,0,3,3
Safeia,0,3,3
Safeliya,0,3,3
Safen,3,0,3
Safeni,0,3,3
Saferasali,3,0,3
Saferein,3,0,3
Saferno,3,0,3
Safeta,0,3,3
Safeyya,0,3,3
Saffaaé,0,3,3
Saffaanah,0,3,3
Saffah,0,3,3
Saffania,0,3,3
Saffanie,3,0,3
Saffano,3,0,3
Saffayela,0,3,3
Saffdar,3,0,3
Saffeddine,3,0,3
Saffettin,3,0,3
Saffhira,0,3,3
Saffi,3,0,3
Saffié,3,0,3
Saffië,3,0,3
Saffiea,0,3,3
Saffiër,3,0,3
Saffièra,0,3,3
Saffierali,3,0,3
Saffiëro,3,0,3
Saffierra,0,3,3
Saffioen,0,3,3
Saffioenisa,0,3,3
Saffioennisa,0,3,3
Saffire,3,0,3
Saffiro,3,0,3
Saffiunnisa,0,3,3
Saffiva,0,3,3
Saffiyãh,0,3,3
Saffiye,0,3,3
Saffloer,3,0,3
Saffonia,0,3,3
Saffora,0,3,3
Saffri,3,0,3
Saffrie,0,3,3
Saffrina,0,3,3
Saffron-L'Amour,0,3,3
Saffrone,3,0,3
Saffyenga,0,3,3
Safhier,3,0,3
Safhinaz,0,3,3
Safi-a,0,3,3
Safí-ya,0,3,3
Safia-Jibril,0,3,3
Safiadin,3,0,3
Safiala,3,0,3
Safian,3,0,3
Safiata,0,3,3
Safiatu,0,3,3
Safie'aa,0,3,3
Safieh,0,3,3
Safiejah,0,3,3
Safiejera,0,3,3
Safiëll,3,0,3
Safiëlla,0,3,3
Safiëly,0,3,3
Safièn,3,0,3
Safienagatoen,0,3,3
Safiënna,0,3,3
Safiënne,0,3,3
Safiër,3,0,3
Safièr,0,3,3
Safièra,0,3,3
Safierali,3,0,3
Safieran,0,3,3
Safieris,3,0,3
Safierkhan,3,0,3
Safiero,3,0,3
Safierra,0,3,3
Safiétou,0,3,3
Safigo,3,0,3
Safihan,0,3,3
Safihulla,3,0,3
Safiia,0,3,3
Safijja,0,3,3
Safil,3,0,3
Safilla,0,3,3
Safilorena,0,3,3
Safin-Jah,0,3,3
Safinaaz,0,3,3
Safinahgatoen,0,3,3
Safingije,0,3,3
Safinio,3,0,3
Safiollah,3,0,3
Safionnisla,0,3,3
Safiou,3,0,3
Safiragatoen,0,3,3
Safirahgatoen,0,3,3
Safirena,0,3,3
Safirha,0,3,3
Safiri,0,3,3
Safiriah,0,3,3
Safirun,0,3,3
Safita,0,3,3
Safith,3,0,3
Safiwan,3,0,3
Safiyaah,0,3,3
Safiyal,3,0,3
Safiyana,0,3,3
Safiyanga,0,3,3
Safiyeh,0,3,3
Safiyia,0,3,3
Safiyullah,3,0,3
Safjoen,0,3,3
Safketneza,0,3,3
Safoan,3,0,3
Safoean,3,0,3
Safoennisa,0,3,3
Safoeran,0,3,3
Safoin,3,0,3
Safon,3,0,3
Saforha,0,3,3
Safouaan,3,0,3
Safouar,3,0,3
Safouate,3,0,3
Safouine,3,0,3
Safra,0,3,3
Safraan,0,3,3
Safraas,3,0,3
Safrana,0,3,3
Safranagatoen,0,3,3
Safrane,0,3,3
Safranna,0,3,3
Safrata,0,3,3
Safre,0,3,3
Safrea,0,3,3
Safreena,0,3,3
Safriena,0,3,3
Safrinza,0,3,3
Safro,3,0,3
Safroella,3,0,3
Safuallah,3,0,3
Safûra,0,3,3
Safurah,0,3,3
Safvan,3,0,3
Safyanisa,0,3,3
Safyira,0,3,3
Safyoen,0,3,3
Sagaana,0,3,3
Sagaar,3,0,3
Sagaarkoemar,3,0,3
Sagad,3,0,3
Sagadat,3,0,3
Sagah,0,3,3
Sagara,3,0,3
Sagari,0,3,3
Sagarias,3,0,3
Sagarkapoer,3,0,3
Sagarkoemar,3,0,3
Sagarpersad,3,0,3
Sagarsing,3,0,3
Sagasan,3,0,3
Sagawadali,3,0,3
Sagaymi,0,3,3
Sagbonmwenhanosa,3,0,3
Sagé,3,0,3
Sage-lynn,0,3,3
Sageda,0,3,3
Sageeta,0,3,3
Sageewan,3,0,3
Sageline,0,3,3
Sagem,3,0,3
Sagemoure,3,0,3
Sagen,3,0,3
Sagerdathpersad,3,0,3
Sageretya,0,3,3
Sagershaktising,3,0,3
Sagger,3,0,3
Saggi,0,3,3
Saghana,0,3,3
Saghed,3,0,3
Sagheer,3,0,3
Sagheera,0,3,3
Sagherika,0,3,3
Saghy,0,3,3
Sagid,0,3,3
Sagida,0,3,3
Sagie,3,0,3
Sagieta,0,3,3
Saginden,3,0,3
Sagira,0,3,3
Sagiraj,3,0,3
Sagit,0,3,3
Sagitasari,0,3,3
Sagitha,0,3,3
Sagius,3,0,3
Sagler,3,0,3
Sagmar,3,0,3
Sago,3,0,3
Sagonja,0,3,3
Sagoo,3,0,3
Sagra,0,3,3
Sagrikha,0,3,3
Saguerna,0,3,3
Sagun,3,0,3
Sagung,0,3,3
SaGuni,3,0,3
Saguymi,0,3,3
Sağyen,0,3,3
Sagyeripaga,0,3,3
SAH,0,3,3
Sah'randréa,0,3,3
Sahaa,0,3,3
Sahaab,0,3,3
Sahaana,0,3,3
Sahaand,0,3,3
Sahaba,0,3,3
Sahabian,3,0,3
Sahaboeddien,3,0,3
Sahad,3,0,3
Sahada,0,3,3
Sahadad,3,0,3
Sahadai,0,3,3
Sahadei,0,3,3
Sahadet,3,0,3
Sahadev,3,0,3
Sahadija,0,3,3
Sahaend,3,0,3
Sahag,3,0,3
Sahaigun,0,3,3
Sahaina,0,3,3
Sahaj,3,0,3
Sahajanya,0,3,3
Saham,0,3,3
Sahamadali,3,0,3
Sahaman,3,0,3
Sahamy,0,3,3
Sahanaa,0,3,3
Sahánd,3,0,3
Sahannur,0,3,3
Sahar-e-Jannat,0,3,3
Sahar.,3,0,3
Saharadja,0,3,3
Saharah-Jane,0,3,3
Saharanaz,0,3,3
Saharat,3,0,3
Sahare,0,3,3
Saharhoen,3,0,3
Sahari,0,3,3
Sahariza,0,3,3
Saharoen,3,0,3
Sahas,3,0,3
Sahasdhawan,3,0,3
Sahastrawartma,3,0,3
Sahat,3,0,3
Sahatay,3,0,3
Sahati,0,3,3
Sahawi,0,3,3
Sahaya,0,3,3
Sahayra-Xiomara,0,3,3
Sahaz,3,0,3
Sahbana,0,3,3
Sahbersun,3,0,3
Sahboor,3,0,3
Sahbra,3,0,3
Sahd,3,0,3
Sahda,3,0,3
Sahdana,0,3,3
Sahdat,3,0,3
Sahday,0,3,3
Sahdev,3,0,3
Sahdi,3,0,3
Sahdiah,0,3,3
Sahdynn,3,0,3
Saheba,0,3,3
Sahedjeha,3,0,3
Saheen,0,3,3
Saheera,0,3,3
Saheim,3,0,3
Sahein,3,0,3
Saheka,3,0,3
Sahem,3,0,3
Sahemadin,3,0,3
Sahenas,0,3,3
Sahend,3,0,3
Sahensjah,3,0,3
Saherat,0,3,3
Saherra,0,3,3
Saheru,3,0,3
Saheste,0,3,3
Sahezoem,3,0,3
Sahfeik,3,0,3
Sahfet,3,0,3
Sahfia,0,3,3
Sahfid,3,0,3
Sahgar,3,0,3
Sahhad,3,0,3
Sahhar,0,3,3
Sahibaalam,3,0,3
Sahibaan,0,3,3
Sahibjeet,3,0,3
Sahiboennisa,0,3,3
Sahibonisa,0,3,3
Sahibpreet,0,3,3
Sahidah,0,3,3
Sahiedagatoen,0,3,3
Sahiedo,3,0,3
Sahiedoenisa,0,3,3
Sahief,3,0,3
Sahièla,0,3,3
Sahiem,3,0,3
Sahien,3,0,3
Sahieragatoen,0,3,3
Sahierali,3,0,3
Sahile,0,3,3
Sahilee,0,3,3
Sahili,0,3,3
Sahilkhan,3,0,3
Sahilkumar,3,0,3
Sahilla,0,3,3
Sahilli,0,3,3
Sahime,0,3,3
Sâhin,3,0,3
Sahïna,0,3,3
Sahinoer,3,0,3
Sahip,3,0,3
Sahira-Naaz,0,3,3
Sahiragatoen,0,3,3
Sahirah,0,3,3
Sahiran,0,3,3
Sahishnu,3,0,3
Sahishnuh,3,0,3
Sahismail,3,0,3
Sahith,3,0,3
Sahithyan,3,0,3
Sahíyena,0,3,3
Sahja,0,3,3
Sahjad,3,0,3
Sahjahrah,0,3,3
Sahjanan,0,3,3
Sahle,3,0,3
Sahlem,0,3,3
Sahlene,0,3,3
Sahline,0,3,3
Sahm,3,0,3
Sahman,3,0,3
Sahme-eddine,3,0,3
Sahmehe,0,3,3
Sahmiran,0,3,3
Sahn,0,3,3
Sahnaad,3,0,3
Sahnaas,0,3,3
Sahnah,0,3,3
Sahnash,0,3,3
Sahnaz,0,3,3
Sahne,0,3,3
Sahneequa,0,3,3
Sahni,3,0,3
Sahnisa-Charyse,0,3,3
Sahnur,0,3,3
Sahodari,0,3,3
Sahodra,0,3,3
Sahodrie,0,3,3
Sahoed,0,3,3
Sahoka,3,0,3
Sahola,0,3,3
Sahora,0,3,3
Sahraa,0,3,3
Sahrabano,0,3,3
Sahrafina,0,3,3
Sahranaz,0,3,3
Sahranur,0,3,3
Sahraya,0,3,3
Sahreen,0,3,3
Sahresh,0,3,3
Sahrie,0,3,3
Sahrief,3,0,3
Sahrigome,0,3,3
Sahrine,0,3,3
Sahrisa,0,3,3
Sahrish,0,3,3
Sahrissa,0,3,3
Sahriye,0,3,3
Sahrone,0,3,3
Sahronna,0,3,3
Sahrooz,3,0,3
Sahsembe,3,0,3
Sahsene,0,3,3
Sahsuvar,3,0,3
Sahtie,0,3,3
Sahtila,0,3,3
Sahtischa,0,3,3
Sahuban,0,3,3
Sahudra,0,3,3
Sahul,3,0,3
Sahune,3,0,3
Sahupawa,3,0,3
Sahur,0,3,3
Sahurait,3,0,3
Sahure,0,3,3
Sahureka,0,3,3
Sahwahita,0,3,3
Sahya,0,3,3
Sahyaat,3,0,3
Sahyana,0,3,3
Sahyin,3,0,3
Sahyit,3,0,3
Sahzaad,3,0,3
Saí,3,0,3
Sai-Choi,3,0,3
Sai-Ho,3,0,3
Sai-Hon,3,0,3
Sai-Kit,3,0,3
Sai-Krishna,3,0,3
Sai-Lo,3,0,3
Sai-Lok,3,0,3
Sai-ya,0,3,3
Sai-Yung,3,0,3
Saianie,0,3,3
Saiara,0,3,3
Saibaba,3,0,3
Saibah,0,3,3
Saibal,3,0,3
Saïbatou,0,3,3
Saibatou,0,3,3
Saibatu,0,3,3
Saibo,3,0,3
Saiboenissa,0,3,3
Saiboennisa,0,3,3
Saibond,3,0,3
Saic,3,0,3
Saicha,0,3,3
Säid,3,0,3
Saîd,3,0,3
Said-Amin,3,0,3
Saïd-E-Alam,3,0,3
Said-Mohamad,3,0,3
Saída,0,3,3
Saidan,0,3,3
Saidatuba,0,3,3
Saidbh,0,3,3
Saidcan,3,0,3
Saidda,0,3,3
Saide-Nur,0,3,3
Saideh,0,3,3
Saidenur,0,3,3
Saiders,3,0,3
Saideryn,0,3,3
Saidey,0,3,3
Saidita,0,3,3
Saidjahfar,3,0,3
Saidjak,0,3,3
Saidjen,3,0,3
Saïdkhan,3,0,3
Saidmorteza,3,0,3
Saidouba,3,0,3
Saïdsa,0,3,3
Saidsirat,3,0,3
Saidulistic,3,0,3
Saiduvy,0,3,3
Saidylèna,0,3,3
Saïeb,3,0,3
Saieb,0,3,3
Saieba,0,3,3
Saiedah,0,3,3
Saiede,0,3,3
Saieesha,0,3,3
Saiel,3,0,3
Saien,0,3,3
Saièn,0,3,3
Saiena,0,3,3
Saiënne,0,3,3
Saier,3,0,3
Saiera,0,3,3
Saieshtagatoen,0,3,3
Saïesta,0,3,3
Saiet,3,0,3
Saif-Adam,3,0,3
Saif-Adin,3,0,3
Saif-aldeen,3,0,3
Saif-Ali,3,0,3
Saif-Dayne,3,0,3
Saïf-Eddin,3,0,3
Saïf-eddine,3,0,3
Saif-eddine,3,0,3
Saif-Edinne,3,0,3
Saif-Erdoğan,3,0,3
Saif-John,3,0,3
Saif-Khan,3,0,3
Saif-Nouaman,3,0,3
Saif-Ul,3,0,3
Saif-Ur-Rahman,3,0,3
Saifaddien,3,0,3
Saifadine,3,0,3
Saïfallah,3,0,3
Saifan-Mashud,3,0,3
Saifddine,3,0,3
Saïfdine,3,0,3
Saife,3,0,3
Saife-Dinne,3,0,3
Saife-eddine,3,0,3
Saïfeddin,3,0,3
Saifeddini,3,0,3
Saifedean,3,0,3
Saiffdine,3,0,3
Saiffeddin,3,0,3
Saiffedin,3,0,3
Saïffedine,3,0,3
Saifkhan,3,0,3
Saifoddin,3,0,3
Saifoenisa,0,3,3
Saifraaz,3,0,3
Saifrehman,3,0,3
Saifuddine,3,0,3
Saifudin,3,0,3
Saifudine,3,0,3
Saiful,3,0,3
Saïfuldin,3,0,3
Saig,3,0,3
Saigal,3,0,3
Saigel,0,3,3
Saigomar,3,0,3
Saigon,0,3,3
Saigony,0,3,3
Saih,3,0,3
Saihajveer,3,0,3
Saihna,0,3,3
Saiho,3,0,3
Saiiad,3,0,3
Saiisha,0,3,3
Saija-Kaisa,0,3,3
Saijaadali,3,0,3
Saijad,3,0,3
Saìjada,0,3,3
Saijah,0,3,3
Saijana,0,3,3
Saijda,0,3,3
Saijé,0,3,3
Saijen,3,0,3
Saijfedidine,3,0,3
Saijid,3,0,3
Saijief,3,0,3
Saijon,3,0,3
Saijra,0,3,3
Saike,0,3,3
Saikem,0,3,3
Saïkènè,0,3,3
Saiko,0,3,3
Saikou,3,0,3
Saikrishna,3,0,3
Saïl,3,0,3
Sail,0,3,3
Saïla,0,3,3
Sailagatoen,0,3,3
Sailakshvitha,0,3,3
Sailes,3,0,3
Saileskumar,3,0,3
Sailinderekumar,3,0,3
Sailindrakumar,3,0,3
Sailindrasing,3,0,3
Sailishkoemar,3,0,3
Sailoby,0,3,3
Sailson,3,0,3
Saily,0,3,3
Saïm,3,0,3
Saïmaa,0,3,3
Saimah-Naz,0,3,3
Saiman,0,3,3
Saimé,0,3,3
Saimirick,3,0,3
Saiña,0,3,3
Sainaath,3,0,3
Saïnah,0,3,3
Sainandan,3,0,3
Sainath,3,0,3
Sainde,0,3,3
Saindhana,0,3,3
Saïne,0,3,3
Sainep,0,3,3
Saïnez,0,3,3
Saini-Ann,0,3,3
Saïnie,0,3,3
Sainie,0,3,3
Sainika,0,3,3
Sainita,0,3,3
Sainiyadi,3,0,3
Sainlar,0,3,3
Sainna,0,3,3
Saïnna,0,3,3
Sainoeshka,0,3,3
Saint-Michael,3,0,3
Sainte-Celeste,0,3,3
Sainth,3,0,3
Sainthavi,0,3,3
Saintloup,3,0,3
Saintly,3,0,3
Saintwa,3,0,3
Saintyana,0,3,3
Saiola,0,3,3
Saiomarah,0,3,3
Saion,3,0,3
Saionara,0,3,3
Saip,3,0,3
Saipah,0,3,3
Saiph,0,3,3
Saipin,3,0,3
Saïr,3,0,3
Sáira,0,3,3
Sairä,0,3,3
Sairabanu,0,3,3
Sairachatoen,0,3,3
Saïrah,0,3,3
Sairah-Gatoen,0,3,3
Sairani,0,3,3
Sairaniesa,0,3,3
Sairansly,3,0,3
Sairatu,0,3,3
Sairesh,3,0,3
Sairha,0,3,3
Sairhagatoen,0,3,3
Sairi,3,0,3
Sairin,0,3,3
Sairina,0,3,3
Sairoeng,0,3,3
Sairoennasiragatoen,0,3,3
Sairoenniesha,0,3,3
Sairoennisha,0,3,3
Sairoong,0,3,3
Sairpke,0,3,3
Sairung,0,3,3
Sairus,3,0,3
Sairy,3,0,3
Saìsha,0,3,3
Saisma,0,3,3
Saisoeryeshaan,3,0,3
Saista,0,3,3
Saistha,0,3,3
Saisun,3,0,3
Saït,3,0,3
Saitcan,3,0,3
Saite,3,0,3
Saité,3,0,3
Saitepapoe,3,0,3
Saïthja,3,0,3
Saitkan,3,0,3
Saito,3,0,3
Saiuan,3,0,3
Saiva,0,3,3
Saiveka,0,3,3
Saivina,0,3,3
Saiwa,0,3,3
Saiwai,3,0,3
Saiya,0,3,3
Saiyaara,0,3,3
Saiyaathavan,3,0,3
Saiyah,0,3,3
Saiyara,0,3,3
Saiyda,0,3,3
Saiyed,3,0,3
Saiyeesha,0,3,3
Saiyen,3,0,3
Saiyenkumar,3,0,3
Saiyfdin,3,0,3
Saiyida,0,3,3
Saiying,3,0,3
Saiyntiago,3,0,3
Saiyo,0,3,3
Saiyon,3,0,3
Saiyonara,0,3,3
Saiyoni,0,3,3
Saiyuri,0,3,3
Saizad,3,0,3
Saiztagatoen,0,3,3
Sajaa,0,3,3
Sajaac,3,0,3
Sajaad,3,0,3
Sajadovitsj,3,0,3
Sajakie,0,3,3
Sajalieu,3,0,3
Sajang,0,3,3
Sajansingh,3,0,3
Sajanth,3,0,3
Sajanthanan,3,0,3
Sajanthini,0,3,3
Sajanuka,0,3,3
Sajare,3,0,3
Sajawal,3,0,3
Sajawel,3,0,3
Sajaya,3,0,3
Sajayni,0,3,3
Sajd,3,0,3
Sajdeep,3,0,3
Saje,3,0,3
Sajedah,0,3,3
Sajedahgatoen,0,3,3
Sajedkhan,3,0,3
Sajee,0,3,3
Sajeeban,3,0,3
Sajeel,3,0,3
Sajeepan,3,0,3
Sajeeta,0,3,3
Sajekti,0,3,3
Sajelle,0,3,3
Sajem,0,3,3
Sajen,3,0,3
Sajenie,0,3,3
Sajenne,0,3,3
Sajennie,0,3,3
Sajenth,3,0,3
Sajenya,0,3,3
Sajetha,0,3,3
Sajetkoemar,3,0,3
Sajhida,0,3,3
Sajian,3,0,3
Sajidah-Bibi,0,3,3
Sajidurrahman,3,0,3
Sajiel,3,0,3
Sajika,0,3,3
Sajila,0,3,3
Sajina,0,3,3
Sajini,0,3,3
Sajinthan,3,0,3
Sajinthe,0,3,3
Sajiro,3,0,3
Sajitha,0,3,3
Sajithan,3,0,3
Sajiye,0,3,3
Sajjal,0,3,3
Sajjan,3,0,3
Sajjida,0,3,3
Sajlinderkoemar,3,0,3
Sajndewie,0,3,3
Sajo,0,3,3
Sajona,0,3,3
Sajor,3,0,3
Sajoscha,3,0,3
Saju,3,0,3
Sajushan,3,0,3
Sajy,3,0,3
Sâk,3,0,3
Sakadear,3,0,3
Sakah,0,3,3
Sakaisha,0,3,3
Sakalina,0,3,3
Sakan,3,0,3
Sakana,0,3,3
Sakaniento,0,3,3
Sakarias,3,0,3
Sakarija,3,0,3
Sakarye,3,0,3
Sakathy,0,3,3
Sakatow,0,3,3
Sakaty,0,3,3
Sakawe,3,0,3
Sakaya,0,3,3
Sakböum,0,3,3
Sakchai,3,0,3
Sakda,3,0,3
Sake-Christiaan,3,0,3
Sake-Jurriën,3,0,3
Sake-Pieter,3,0,3
Sakeaya,0,3,3
Sakeed,0,3,3
Sakeesha,0,3,3
Sakel,3,0,3
Sakelia,0,3,3
Sakeline,0,3,3
Sakellariu,3,0,3
Sakena,0,3,3
Saketh,3,0,3
Sakeya,0,3,3
Sakeyna,0,3,3
Sakha,3,0,3
Sakhalie,0,3,3
Sakhee,3,0,3
Sakher,3,0,3
Sakhile,0,3,3
Sakhira,0,3,3
Sakhoentela-Debi,0,3,3
Sakhon,0,3,3
Sakhorn,0,3,3
Sakhshi,0,3,3
Sakhyna,0,3,3
Saki-Warni,0,3,3
Sakiah,0,3,3
Sakib-Rahim,3,0,3
Sakibe,0,3,3
Sakibu,3,0,3
Sakidjo,3,0,3
Sakido,0,3,3
Sakiela,0,3,3
Sakiera,0,3,3
Sakierkhan,3,0,3
Sakieth,3,0,3
Sakijah,0,3,3
Sakiko,0,3,3
Sakil,3,0,3
Sakilakumarie,0,3,3
Sakile,0,3,3
Sakim,3,0,3
Sakimo,3,0,3
Sakinatu,0,3,3
Sakinç,3,0,3
Sâkine,0,3,3
Sakinem,0,3,3
Sâkir,3,0,3
Sakirin,3,0,3
Sakiriye,3,0,3
Sakirna,0,3,3
Sakiya,0,3,3
Sakkada,3,0,3
Sakkar,3,0,3
Sakkelina,0,3,3
Sakker,3,0,3
Sakkina,0,3,3
Sakko,3,0,3
Sakkur,3,0,3
Sakmin,3,0,3
Sakoentaladevi,0,3,3
Sakoentalahdebie,0,3,3
Sakoenteladebie,0,3,3
Sakoenteladevi,0,3,3
Sakoenthala,0,3,3
Sakoentla,0,3,3
Sakoentladebi,0,3,3
Sakoentladebie,0,3,3
Sakoho,0,3,3
Sakolima,3,0,3
Sakolina,0,3,3
Sakorn,3,0,3
Sakoya,0,3,3
Sakr,3,0,3
Sakra,0,3,3
Saksham,3,0,3
Saksia,0,3,3
Saktieperkash,3,0,3
Sakubu,0,3,3
Sakula,0,3,3
Sakum,3,0,3
Sakundey,0,3,3
Sakuntla,0,3,3
Sakurah,0,3,3
Sakwan,3,0,3
Saky-Jah,0,3,3
Sakya,0,3,3
Sakyo,3,0,3
Sál,3,0,3
Salaahadine,3,0,3
Salaahddien,3,0,3
Salaahdinn,3,0,3
Salaahoeddien,3,0,3
Salaahuddien,3,0,3
Salaan,0,3,3
Saladino,3,0,3
Salado,0,3,3
Salaf,0,3,3
Salafoe,0,3,3
Salagdin,3,0,3
Salaghadin,3,0,3
Salah-Al-Deen,3,0,3
Salah-Dean,3,0,3
Salah-din,3,0,3
Salah-edin,3,0,3
Salah-Edin,3,0,3
Salah-Edine,3,0,3
Salah-Edinne,3,0,3
Salah-Eldin,3,0,3
Salah-Huddien,3,0,3
Salahaddin-Eyyubi,3,0,3
Salahaddine,3,0,3
Salahadeen,3,0,3
Salahaldin,3,0,3
Salahdien,3,0,3
Salaheddien,3,0,3
Salaheldiene,3,0,3
Salahiddine,3,0,3
Salahodin,3,0,3
Salahtin,0,3,3
Salahud,3,0,3
Salahuddeen,3,0,3
Salahuddien,3,0,3
Salahudien,3,0,3
Salahudiin,3,0,3
Salai,0,3,3
Salaicha,0,3,3
Salaijsha,0,3,3
Salaine,0,3,3
Salaka,0,3,3
Salakeke,3,0,3
Salala,0,3,3
Sálámáh,3,0,3
Salamani,0,3,3
Salamar,0,3,3
Salamatou,0,3,3
Salamawit,0,3,3
Salamet,3,0,3
Salamin,3,0,3
Salamina,0,3,3
Salamone,0,3,3
Salamuddin,3,0,3
Salanchat,0,3,3
Salanka,0,3,3
Salano,3,0,3
Salantha,0,3,3
Salat,0,3,3
Salatiël,3,0,3
Salatin,3,0,3
Salaun,3,0,3
Salawa,0,3,3
Salaya,0,3,3
Salayha,0,3,3
Salayna,0,3,3
Salaysa,0,3,3
Salbador,3,0,3
Salbat,0,3,3
Salbert,3,0,3
Salbi,0,3,3
Salbrina,0,3,3
Salby,3,0,3
Salbyah,0,3,3
Salcey,0,3,3
Salchano,3,0,3
Salcho,3,0,3
Salci,0,3,3
Salco-Jan,3,0,3
Salcy,0,3,3
Saldaulena,0,3,3
Salderina,0,3,3
Saldos,3,0,3
Salé,0,3,3
Sàlea,0,3,3
Saleam,0,3,3
Salean,0,3,3
Salecia,0,3,3
Salecio,3,0,3
Saledin,3,0,3
Saleeban,3,0,3
Saleém,3,0,3
Saleen,0,3,3
Saleeni,0,3,3
Saleesha,0,3,3
Saleewan,0,3,3
Sāleh,3,0,3
Salèh,3,0,3
Saleh-Eddine,3,0,3
Saleheddin,3,0,3
Saleheddine,3,0,3
Salehi,0,3,3
Saleicha,0,3,3
Saleim,0,3,3
Salein,3,0,3
Saleischa,0,3,3
Saleisha-Chenda,0,3,3
Saleja,0,3,3
Salekha,0,3,3
Salém,3,0,3
Saléma,0,3,3
Salématou,0,3,3
Saleme,3,0,3
Salemina,0,3,3
Salemo,3,0,3
Salemone,0,3,3
Salëna,0,3,3
Salenda,0,3,3
Salender,3,0,3
Salenica,0,3,3
Salenra,0,3,3
Salentein,3,0,3
Salentijn,3,0,3
Salentino,3,0,3
Salerna,0,3,3
Salerno,3,0,3
Sales,3,0,3
Salésa,0,3,3
Salesiana,0,3,3
Saleska,0,3,3
Salete,0,3,3
Salette,0,3,3
Saley,3,0,3
Saleyah,0,3,3
Saleyna,0,3,3
Saleysha,0,3,3
Salezia,0,3,3
Salfesina,0,3,3
Salfester,3,0,3
Salgado,0,3,3
Salh,3,0,3
Salh-Den,3,0,3
Salhadine,3,0,3
Salí,0,3,3
Saliah,0,3,3
Salian,3,0,3
Salianto,3,0,3
Saliatho,0,3,3
Salib,3,0,3
Salid,3,0,3
Salidevi,0,3,3
Salidja,0,3,3
Saliecha,0,3,3
Salief,3,0,3
Sâlieh,3,0,3
Saliek,3,0,3
Salieke,0,3,3
Saliene,0,3,3
Salieva,0,3,3
Salifa,0,3,3
Salifyanji,0,3,3
Salih-Can,3,0,3
Salihaa,0,3,3
Salihou,3,0,3
Salihu,3,0,3
Saliim,3,0,3
Saliima,0,3,3
Salija,0,3,3
Salije,0,3,3
Salijëri,0,3,3
Salijka,0,3,3
Salijo,3,0,3
Salika,0,3,3
Salike,0,3,3
Salil,3,0,3
Salím,3,0,3
Salim-Wahjudi,3,0,3
Salimat,0,3,3
Salimatoe,0,3,3
Salimatu,0,3,3
Salimefe,3,0,3
Salimenur,0,3,3
Salimi,3,0,3
Salimina,0,3,3
Salimineo,3,0,3
Salimkhan,3,0,3
Salimoonnisa,0,3,3
Salin,0,3,3
Salín,0,3,3
Salinder,3,0,3
Salinderkoemar,3,0,3
Salindra,3,0,3
Salindu,3,0,3
Salinho,3,0,3
Salinia,0,3,3
Saliniedebie,0,3,3
Saliniedivie,0,3,3
Salinna,0,3,3
Salio,3,0,3
Salipan,3,0,3
Salis,0,3,3
Salísa,0,3,3
Salischa,0,3,3
Salisia,0,3,3
Saliskia,0,3,3
Salissia,0,3,3
Salista,0,3,3
Salisu,0,3,3
Salithia,0,3,3
Saliva,0,3,3
Saliyah,0,3,3
Saliye,0,3,3
Saliyha,0,3,3
Saliym,3,0,3
Salize,0,3,3
Sälka,0,3,3
Salke,3,0,3
Salkeus,3,0,3
Salki,3,0,3
Sallah'din,3,0,3
Sallah-Eddine,3,0,3
Sallah-Edine,3,0,3
Sallahaddin,3,0,3
Sallahedin,3,0,3
Sallahedine,3,0,3
Sallahudin,3,0,3
Sallama,0,3,3
Sallanche,0,3,3
Sallar,3,0,3
Sallay,0,3,3
Salleh,3,0,3
Salleha,0,3,3
Sallehdyn,3,0,3
Salleney,0,3,3
Sallianne,0,3,3
Sallida,0,3,3
Salliene,0,3,3
Sallieu,3,0,3
Sallih,3,0,3
Sallij,3,0,3
Sallina,0,3,3
Salline,3,0,3
Sallini,0,3,3
Salliou,3,0,3
Sallista,0,3,3
Sallma,0,3,3
Salloi,0,3,3
Sallomon,3,0,3
Sallutia,0,3,3
Sally-Jane,0,3,3
Sally-Joan,0,3,3
Sally-May,0,3,3
Sally-Yane,0,3,3
Sallyna,0,3,3
Salmá,0,3,3
Salma-Faith,0,3,3
Salmaat,0,3,3
Salmanahmed,3,0,3
Salmankhan,3,0,3
Salmansha,3,0,3
Salmanuddin,3,0,3
Salme,0,3,3
Salmen,3,0,3
Salmeneo,3,0,3
Salmijah,0,3,3
Salmine,0,3,3
Salmona,0,3,3
Salmone,3,0,3
Salmun,3,0,3
Salo-Imanua,0,3,3
Saloane,0,3,3
Salochana,0,3,3
Salochna,0,3,3
Salodjanadevie,0,3,3
Salodjnikumari,0,3,3
Saloeha,0,3,3
Saloemeh,0,3,3
Saloesja,0,3,3
Saloesna,0,3,3
Saloewa,0,3,3
Saloi,0,3,3
Saloia,0,3,3
Salomaehey,0,3,3
Salomaõ,3,0,3
Salomat,0,3,3
Salomaz,3,0,3
Sàlome,0,3,3
Salómé,0,3,3
Salôme,0,3,3
Salomè,0,3,3
Salomeh,0,3,3
Saloméh,0,3,3
Salomėja,0,3,3
Salomena,0,3,3
Salomiena,0,3,3
Salómon,3,0,3
Sálomon,3,0,3
Salomona,0,3,3
Salomoon,0,3,3
Salómy,0,3,3
Salongo,3,0,3
Salonikios,3,0,3
Salonis,0,3,3
Salouah,0,3,3
Saloum,3,0,3
Saloume,0,3,3
Saloumeh,0,3,3
Salpie,0,3,3
Salpik,0,3,3
Salsabella,0,3,3
Salsabiil,0,3,3
Salsabíl,0,3,3
Salsabîl,0,3,3
Salsabilla,0,3,3
Salsala,0,3,3
Salsia,0,3,3
Salssabiel,0,3,3
Salssabile,0,3,3
Salsyra,0,3,3
Salt,3,0,3
Saluá,0,3,3
Saluan,3,0,3
Saluchna,0,3,3
Saluciandro,3,0,3
Salud,0,3,3
Salukla,0,3,3
Salumi,0,3,3
Saluna,0,3,3
Salurhan,3,0,3
Saluvian,0,3,3
Saluvinho,3,0,3
Saluwa,0,3,3
Salvaçao,0,3,3
Salvadoor,3,0,3
Salvadori,0,3,3
Salvadurry,3,0,3
Salvain,3,0,3
Salvan,3,0,3
Salvandora,0,3,3
Salvani,3,0,3
Salvanna,0,3,3
Salvar,3,0,3
Salvaré-Jalé,3,0,3
Salvaron,3,0,3
Salvastor,3,0,3
Salvathore,3,0,3
Salvatorangela,0,3,3
Salvatorico,3,0,3
Salvatorina,0,3,3
Salvatoro,3,0,3
Salvatorre,3,0,3
Salvattore,3,0,3
Salve,3,0,3
Salvé,3,0,3
Salvedor,3,0,3
Salvéra,0,3,3
Salveria,0,3,3
Salverio,3,0,3
Salvesina,0,3,3
Salvetino,3,0,3
Salvi,3,0,3
Salvian,3,0,3
Salviana,0,3,3
Salviën,3,0,3
Salvin,3,0,3
Salvine,0,3,3
Salvini,0,3,3
Salvinia,0,3,3
Salviño,3,0,3
Salvino-Santos,3,0,3
Salvucia,0,3,3
Salwi,0,3,3
Salxy,0,3,3
Salyè,0,3,3
Salylène,0,3,3
Salyma,0,3,3
Salyne,0,3,3
Salynia,0,3,3
Salyshia,0,3,3
Sam-Alexander,3,0,3
Sam-Amber,0,3,3
Sam-ang,3,0,3
Sam-Annabel,0,3,3
Sam-Arjuna,3,0,3
Sam-Ayad,3,0,3
Sam-Bonne,0,3,3
Sam-David,3,0,3
Sam-Elise,0,3,3
Sam-Ellen,0,3,3
Sam-Hanrrey,3,0,3
Sam-Ian,3,0,3
Sam-Ji,3,0,3
Sam-Jin,3,0,3
Sam-Jolie,0,3,3
Sam-Lawrence,3,0,3
Sam-Li,3,0,3
Sam-Lien,3,0,3
Sam-Loïse,0,3,3
Sam-Luc,3,0,3
Sam-Lucas,3,0,3
Sam-Luna,0,3,3
Sam-Mario,3,0,3
Sam-Martijn,3,0,3
Sam-mé,0,3,3
Sam-Merijn,3,0,3
Sam-Michelle,0,3,3
Sam-Mika,3,0,3
Sam-Ming,3,0,3
Sam-Noa,3,0,3
Sam-Paulo,3,0,3
Sam-Peter,3,0,3
Sam-Ray,3,0,3
Sam-Sarah,0,3,3
Sam-Sellou,3,0,3
Sam-Shing,3,0,3
Sam-Sophie,0,3,3
Sam-Yau,0,3,3
Sam-yi,0,3,3
Sam-Yin,0,3,3
Sam-Yu,0,3,3
Sam-Yun,0,3,3
Sam-Yut,0,3,3
Sâma,0,3,3
Samà,0,3,3
Sama-Doom,0,3,3
Samaddy,0,3,3
Samadhy,0,3,3
Samadi,3,0,3
Samadja,0,3,3
Samador,3,0,3
Samadra,0,3,3
Samaeh,0,3,3
Samahe,0,3,3
Samaheer,0,3,3
Samaher,0,3,3
Samahra,0,3,3
Samahrita,0,3,3
Samahu,0,3,3
Samahua,3,0,3
Samaia,0,3,3
Samaida-Nubia,0,3,3
Samail,3,0,3
Samain,3,0,3
Samairah,0,3,3
Samaire,0,3,3
Samaisa,0,3,3
Samále,3,0,3
Samaline,0,3,3
Samalobie,3,0,3
Samandar,3,0,3
Samandeep,3,0,3
Samandira,0,3,3
Samang,3,0,3
Samanghi,0,3,3
Samanhtra,0,3,3
Samania,0,3,3
Samaniro,0,3,3
Sàmanja,0,3,3
Samanja,0,3,3
Samanjeet,0,3,3
Samanjit,3,0,3
Samano,3,0,3
Samant,3,0,3
Samantar,0,3,3
Sâmântha,0,3,3
Samantha-Jo,0,3,3
Samantha-Joánna,0,3,3
Samantha-Joanne,0,3,3
Samantha-Jocelyn,0,3,3
Samantha-Lisa,0,3,3
Samantha-Yvonne,0,3,3
Samanthadevi,0,3,3
Samanthaley,0,3,3
Samanthi,0,3,3
Samanthy,0,3,3
Samanti,0,3,3
Samantri,0,3,3
Samanuel,3,0,3
Samaoen,3,0,3
Samaoual,3,0,3
Sàmara,0,3,3
Samara-Lia,0,3,3
Samara-Yo,0,3,3
Samarano,3,0,3
Samarbir,3,0,3
Samardeep,3,0,3
Samareen,0,3,3
Samari,0,3,3
Samaría,0,3,3
Samarife,3,0,3
Samarijn,0,3,3
Samarino,3,0,3
Samarinus,3,0,3
Samarissa,0,3,3
Samariyah,0,3,3
Samarjeet,3,0,3
Samarkand,0,3,3
Samarly,0,3,3
Samaró-Machel,3,0,3
Samarony,3,0,3
Samarsing,3,0,3
Samart,3,0,3
Samartino,3,0,3
Samarullah,3,0,3
Samarya,0,3,3
Samas,3,0,3
Samasim,0,3,3
Samasja,0,3,3
Samata,0,3,3
Samatah,0,3,3
Samaual,3,0,3
Samaura,0,3,3
Samawati,0,3,3
Samawel,3,0,3
Samaya-Noëmi,0,3,3
Samayah,0,3,3
Samayanti,0,3,3
Samayda,0,3,3
Samaydu,0,3,3
Samaysa,0,3,3
Sambath,3,0,3
Sambegou,3,0,3
Samberto,3,0,3
Sambetha,0,3,3
Sambhav,3,0,3
Sambher,3,0,3
Sambhodath,3,0,3
Sambiek,3,0,3
Sambila,0,3,3
Sambina,0,3,3
Sambou,3,0,3
Samchar,3,0,3
Samchen,3,0,3
Samco,3,0,3
Samcy,3,0,3
Samdani,3,0,3
Samdanie,3,0,3
Samdany,3,0,3
Samdath,3,0,3
Samday,0,3,3
Samdinah,0,3,3
Sameach,3,0,3
Sâmed,3,0,3
Samedcan,3,0,3
Samedi,3,0,3
Samedt,3,0,3
Sameedha,0,3,3
Sameehat,0,3,3
Sameema,0,3,3
Sameenagatoen,0,3,3
Sameepta,0,3,3
Sameerha,0,3,3
Sameerkhan,3,0,3
Sameeska,0,3,3
Samefko,3,0,3
Saméh,0,3,3
Samehe,3,0,3
Samehi,3,0,3
Samehr,3,0,3
Sameina,0,3,3
Sameio,3,0,3
Sameiro,3,0,3
Samelinna,0,3,3
Samella,0,3,3
Samen,0,3,3
Samenoen,3,0,3
Sament,3,0,3
Sameo,3,0,3
Samêra,0,3,3
Sameraa,0,3,3
Samerawet,0,3,3
Samerellys,0,3,3
Samerina,0,3,3
Samerio,3,0,3
Samernick,0,3,3
Samesa,0,3,3
Sâmet,3,0,3
Samet-Arda,3,0,3
Samet-Efrail,3,0,3
Samet-Mücait,3,0,3
Samet-Osman,3,0,3
Sametha,0,3,3
Samethan,3,0,3
Sametly,0,3,3
Sameulla,3,0,3
Sameullah,3,0,3
Samford,3,0,3
Samgi,0,3,3
Samhaa,0,3,3
Samhen,3,0,3
Samhora,0,3,3
Sàmi,3,0,3
Samí,3,0,3
Sami-Imran,3,0,3
Sami-Joe,0,3,3
Sami-Pieter,3,0,3
Sami-Sedat,3,0,3
Sámia,0,3,3
Samiá,0,3,3
Samiai,0,3,3
Samian,3,0,3
Samian-Gatoen,0,3,3
Samiati,0,3,3
Samiatu,0,3,3
Samica,0,3,3
Samican,3,0,3
Samicha,0,3,3
Samid,3,0,3
Samidjah,0,3,3
Samidjan,3,0,3
Samidri,3,0,3
Samiech,3,0,3
Samiën,3,0,3
Samieo,3,0,3
Samierah,0,3,3
Samierola,3,0,3
Samierullah,3,0,3
Samieullah,3,0,3
Samieya,0,3,3
Samigel,3,0,3
Samihan,3,0,3
Samijra,0,3,3
Samilda,0,3,3
Samilette,0,3,3
Samille,0,3,3
Samillia,0,3,3
Samillio,3,0,3
Samily,0,3,3
Samima,0,3,3
Samimi,0,3,3
Samimullah,3,0,3
Samina-Qauser,0,3,3
Saminather,3,0,3
Samingoen,3,0,3
Saminia,0,3,3
Saminna,0,3,3
Samino,3,0,3
Saminthra,0,3,3
Saminum,0,3,3
Saminus,3,0,3
Samır,3,0,3
Samír,3,0,3
Samir-Sereno,3,0,3
Samiragatoen,0,3,3
Samiralen,0,3,3
Samiré,0,3,3
Samiren,0,3,3
Samirh,3,0,3
Samiriddha,0,3,3
Samirih,0,3,3
Samiris,0,3,3
Samirna,0,3,3
Samiroennisa,0,3,3
Samirrha,0,3,3
Samischa,0,3,3
Samish,3,0,3
Samisi,0,3,3
Samissa,0,3,3
Samissy,0,3,3
Samithra,0,3,3
Samiuel,3,0,3
Samiulla,3,0,3
Samiullha,3,0,3
Samiwa,0,3,3
Samiyel,3,0,3
Samiyem,0,3,3
Samiyo,0,3,3
Samiyon,3,0,3
Samiyusuf,3,0,3
Samjan,3,0,3
Samjay,3,0,3
Samkishoor,3,0,3
Samkumar,3,0,3
Samkumarie,0,3,3
Samleanh,3,0,3
Samley,3,0,3
Samli,3,0,3
Samlin,3,0,3
Samm-Jenelle,0,3,3
Sammaan,3,0,3
Sammadaany,3,0,3
Sammael,3,0,3
Sammal,3,0,3
Sammanthia,0,3,3
Sammaria,0,3,3
Sammarthe,0,3,3
Sammatar,3,0,3
Sammatino,3,0,3
Sammaz,3,0,3
Sammé,3,0,3
Sammed,3,0,3
Sammedy,0,3,3
Sammeh,0,3,3
Sammelie,0,3,3
Sammen,0,3,3
Sammentha,0,3,3
Sammernick,0,3,3
Sammes,3,0,3
Sammet,3,0,3
Sämmi,0,3,3
Sammi-Faye,0,3,3
Sammi-Rose,0,3,3
Sammia-Sarafina,0,3,3
Sammica,0,3,3
Sammie-Day,0,3,3
Sammie-Joe,0,3,3
Sammie-Lou,0,3,3
Sammiël,3,0,3
Sammiena,0,3,3
Sammih,3,0,3
Sammijn,0,3,3
Sammikapoor,3,0,3
Sammiragatoen,0,3,3
Sammit,3,0,3
Sammoi,0,3,3
Sammon,0,3,3
Sammua,0,3,3
Sammuël,3,0,3
Sammuela,0,3,3
Sammuella,0,3,3
Sammuramat,0,3,3
Sámmy,0,3,3
Sâmmy,0,3,3
Sammy-Bo,3,0,3
Sammy-Dean,3,0,3
Sammy-jayh,0,3,3
Sammy-Lena,0,3,3
Sammy-Mae,0,3,3
Sammy-Rae,0,3,3
Sammye,3,0,3
Sammypersad,3,0,3
Sammyra,0,3,3
Samnaang,3,0,3
Samnang,3,0,3
Samoah,0,3,3
Samoedie,3,0,3
Samoel,3,0,3
Samoena,0,3,3
Samoenja,0,3,3
Samoeray,3,0,3
Samoesie,3,0,3
Samofa,0,3,3
Samoh,0,3,3
Samoija,0,3,3
Samoil,3,0,3
Samolina,0,3,3
Samondriedevi,0,3,3
Samonkhan,3,0,3
Samonn,3,0,3
Samoonkhan,3,0,3
Samor,3,0,3
Samóra,0,3,3
Samori,3,0,3
Samorinio,3,0,3
Samorra,0,3,3
Samorry,3,0,3
Samouel,3,0,3
Samounia,0,3,3
Samoura,0,3,3
Samourano,3,0,3
Samouth,3,0,3
Samowa,0,3,3
Samoy,3,0,3
Samoya,0,3,3
Sampaguita,0,3,3
Sampat,3,0,3
Sampatti,0,3,3
Sampavi,0,3,3
Sampene,0,3,3
Sampha,3,0,3
Samphel,3,0,3
Samphos,0,3,3
Sampon,3,0,3
Sampono,3,0,3
Samprathaya,0,3,3
Sampress,3,0,3
Sampurna,3,0,3
Samputti,0,3,3
Samputty,0,3,3
Samraa,0,3,3
Samraam,0,3,3
Samraat,3,0,3
Samrad,3,0,3
Samradjie,0,3,3
Samradjoe,0,3,3
Samragyee,0,3,3
Samrah,0,3,3
Samrajie,0,3,3
Samrajit,0,3,3
Samrana,0,3,3
Samrane,0,3,3
Samrano,3,0,3
Samras,3,0,3
Samrathwir,3,0,3
Samratie,0,3,3
Samrauit,0,3,3
Samrawet,0,3,3
Samrawi,3,0,3
Samrieh,3,0,3
Samriguez,3,0,3
Samrina,0,3,3
Samrit,3,0,3
Samrita,0,3,3
Samriti,0,3,3
Samron,3,0,3
Samrong,3,0,3
Samrwi,3,0,3
Sams,3,0,3
SamSam,0,3,3
Samsemilia,0,3,3
Samsen,3,0,3
Samserai,0,3,3
Samshad,3,0,3
Samsheer,3,0,3
Samsheermohamed,3,0,3
Samsi,3,0,3
Samsia,0,3,3
Samsibar,3,0,3
Samsini,0,3,3
Samsirah,0,3,3
Samsiya,0,3,3
Samso,3,0,3
Samsoe,3,0,3
Samsoedien,3,0,3
Samsoedin,3,0,3
Samsoender,3,0,3
Samsoenniesa,0,3,3
Samsolniza,0,3,3
Samsoonisa,0,3,3
Samsson,3,0,3
Samsudien,3,0,3
Samsunur,0,3,3
Samsuri,3,0,3
Samsyia,0,3,3
Samten,3,0,3
Samtin,3,0,3
Samuaël,3,0,3
Samual,3,0,3
Samuang,3,0,3
Samudaya,3,0,3
Samudera,3,0,3
Samudrika,0,3,3
Samudro,3,0,3
Sámuel,3,0,3
Sâmuel,3,0,3
Samuël-Jitschak,3,0,3
Samuel-Karim,3,0,3
Samuel-Mo,3,0,3
Samueldavid,3,0,3
Samueliana,0,3,3
Samuêlina,0,3,3
Samuelis,3,0,3
Samuèlle,0,3,3
Samuëllina,0,3,3
Samuelline,0,3,3
Samuels,3,0,3
Samuelson,3,0,3
Samuï,0,3,3
Samujëlla,0,3,3
Samuka,3,0,3
Samukonga,3,0,3
Samulien,0,3,3
Samulientje,0,3,3
Samuline,0,3,3
Samun,3,0,3
Samunda,0,3,3
Samura,3,0,3
Samurah,3,0,3
Samuray,0,3,3
Samurdhy,0,3,3
Samuyel,3,0,3
Samvedana,0,3,3
Samvedena,0,3,3
Samvit,3,0,3
Samwa'el,3,0,3
Samwell,3,0,3
Samwelovitsj,3,0,3
Samwiri,3,0,3
Samyah,0,3,3
Samyatie,0,3,3
Samyaza,3,0,3
Samyee,0,3,3
Samyel,3,0,3
Samyer,3,0,3
Samyin,0,3,3
Samyo,0,3,3
Sámyra,0,3,3
Samyre,0,3,3
Samyrna,0,3,3
Samyrr,0,3,3
Samyu,0,3,3
Samyukthaa,0,3,3
Samzar,3,0,3
Samzon,3,0,3
San'ya,3,0,3
San-Cera,0,3,3
San-che-he-ray,0,3,3
San-Djamaya,0,3,3
San-Franco,3,0,3
San-Jay,3,0,3
San-Jeo,3,0,3
San-Junior,3,0,3
San-Měi,3,0,3
San-Pierre,3,0,3
San-San,0,3,3
Saná,0,3,3
Sanâ,0,3,3
Sanà,0,3,3
Sâna,0,3,3
Sanaã,0,3,3
Sanaam,0,3,3
Sanaar,0,3,3
Sanaba,0,3,3
Sanábel,0,3,3
Sanabria,0,3,3
Sanacha,0,3,3
Sanada,0,3,3
Sanadie,3,0,3
Sanaé,0,3,3
Sanâe,0,3,3
SanaeLee,0,3,3
Sanafé,0,3,3
Sanagay,0,3,3
Sanah-Nurh,0,3,3
Sanai,0,3,3
Sanaia,0,3,3
Sanairo,3,0,3
Sanaja,0,3,3
Sanala,0,3,3
Sanalicio,3,0,3
Sanamdip,3,0,3
Sanamgatoen,0,3,3
Sanamoejè,0,3,3
Sànan,0,3,3
Sananda-Nau,3,0,3
Sanandankoemar,3,0,3
Sanandra,0,3,3
Sanannah,0,3,3
Sanantha,0,3,3
Sanapolonia,0,3,3
Sanara,0,3,3
Sanaria,0,3,3
Sanarja,0,3,3
Sanary,0,3,3
Sanasy,3,0,3
Sanat,3,0,3
Sanat-Persad,3,0,3
Sanatana,3,0,3
Sanātana,0,3,3
Sanatkoemar,3,0,3
Sanatougou,3,0,3
Sanaullah,3,0,3
Sanavi,0,3,3
Sanavina,0,3,3
Sanayah,0,3,3
Sanayem,3,0,3
Sanayra,0,3,3
Sança,0,3,3
Sancay,3,0,3
Sanceray,0,3,3
Sancerre,0,3,3
Sanchai,3,0,3
Sanchay,0,3,3
Sanche,3,0,3
Sanché,0,3,3
Sanchelie,0,3,3
Sanchena,0,3,3
Sanchera,0,3,3
Sancheray,0,3,3
Sancherio,3,0,3
Sanchero,3,0,3
Sanches,3,0,3
Sancheung,3,0,3
Sanchéz,0,3,3
Sanchika,0,3,3
Sanchio,3,0,3
Sanchiro,3,0,3
Sanchita,0,3,3
Sancho-Cornelis,3,0,3
Sanchyro,3,0,3
Sancí,0,3,3
Sancialay,0,3,3
Sancie,0,3,3
Sanciree,0,3,3
Sancla,0,3,3
Sanctes,3,0,3
Sanctus,3,0,3
Sancuree,0,3,3
Sancy-Les,0,3,3
Sand,3,0,3
Sandager,0,3,3
Sandahl,0,3,3
Sandajkoemar,3,0,3
Sandalio,3,0,3
Sandalphon,3,0,3
Sandamali,0,3,3
Sandamini,0,3,3
Sandara,0,3,3
Sandarijn,0,3,3
Sandarito,3,0,3
Sandarsh,3,0,3
Sandawana,0,3,3
Sanday,3,0,3
Sandaykumar,3,0,3
Sande,3,0,3
Sandé,0,3,3
Sandeep-Deepak,3,0,3
Sandeep-Prashant,3,0,3
Sandeepa,0,3,3
Sandeeph,3,0,3
Sandeepray,3,0,3
Sandeepsing,3,0,3
Sandeepsingh,3,0,3
Sandeley,0,3,3
Sandelfona,0,3,3
Sandelino,3,0,3
Sandella,0,3,3
Sandely,0,3,3
Sanden,3,0,3
sander,0,3,3
Sander-Bob,3,0,3
Sander-Ferdinand,3,0,3
Sander-Gabriël,3,0,3
Sander-Jeroen,3,0,3
Sander-Lou,3,0,3
Sander-Manuel,3,0,3
Sander-Marius,3,0,3
Sanderdina,0,3,3
Sandereine,0,3,3
Sandereyn,0,3,3
Sanderie,3,0,3
Sanderijn-Maria,0,3,3
Sanderijne,0,3,3
Sanderika,0,3,3
Sanderinus,3,0,3
Sanderke,0,3,3
Sanderriet,0,3,3
Sanderyna,0,3,3
Sanderz,3,0,3
Sandes,0,3,3
Sandeshkaran,3,0,3
Sandew,3,0,3
Sandewo,3,0,3
Sandgar,3,0,3
Sandhanjali,0,3,3
Sandhena,0,3,3
Sandhiadebie,0,3,3
Sandhianto,3,0,3
Sandhier,3,0,3
Sandhija-Devi,0,3,3
Sandhijadevi,0,3,3
Sandhijakoemarie,0,3,3
Sandhir,3,0,3
Sandhjé,3,0,3
Sandhna,0,3,3
Sandhór,3,0,3
Sandhos,3,0,3
Sandhyaa,0,3,3
Sandhyadebie,0,3,3
Sandhyamanjula,0,3,3
Sandhyawatie,0,3,3
Sandhyawattie,0,3,3
Sandia-Dewie,0,3,3
Sandia-Neelem,0,3,3
Sandiadebi,0,3,3
Sandiadew,0,3,3
Sandiano,3,0,3
Sandiardiyanto,3,0,3
Sandiégo,3,0,3
Sandiel,3,0,3
Sandiëna,0,3,3
Sandièna,0,3,3
Sandienny,0,3,3
Sandiëno,3,0,3
Sandièrro,3,0,3
Sandih,3,0,3
Sandii,0,3,3
Sandiija,0,3,3
Sandija-devi,0,3,3
Sandijar,3,0,3
Sandilia,0,3,3
Sandim,0,3,3
Sandiman,3,0,3
Sandin,3,0,3
Sandine,0,3,3
Sandinyo,3,0,3
Sandipkoemar,3,0,3
Sandiputri,0,3,3
Sandishakumarie,0,3,3
Sandiw,3,0,3
Sandiyakoemarie,0,3,3
Sandjaai,3,0,3
Sandjaï,3,0,3
Sandjaikumar,3,0,3
Sandjaipersad,3,0,3
Sandjaja,3,0,3
Sandjali,0,3,3
Sandjanakumari,0,3,3
Sandjanidebie,0,3,3
Sandjaniedebie,0,3,3
Sandjanita,0,3,3
Sandjaykoemar,3,0,3
Sandjayla,0,3,3
Sandjeb,0,3,3
Sandjeefkumar,3,0,3
Sandjeevkumar,3,0,3
Sandjena,0,3,3
Sandjenie,0,3,3
Sandjew,3,0,3
Sandjhee,3,0,3
Sandji,3,0,3
Sandjia,3,0,3
Sandjieta,0,3,3
Sandjievenie,0,3,3
Sandjita,0,3,3
Sandjitkumar,3,0,3
Sandjivani,0,3,3
Sandjli,0,3,3
Sandjoekumar,3,0,3
Sandleen,0,3,3
Sandogan,3,0,3
Sandokhan,3,0,3
Sandolin,3,0,3
Sändor,3,0,3
Sandõr,3,0,3
Sândòr,3,0,3
Sandor-Joe,3,0,3
Sandor-Khan,3,0,3
Sándora,0,3,3
Sandorkan,3,0,3
Sandquist,3,0,3
Sandra-Devi,0,3,3
Sandra-Janine,0,3,3
Sandra-Johanna,0,3,3
Sandra-Louise,0,3,3
Sandra-Marianne,0,3,3
Sandra-Marije,0,3,3
Sandra-Neeltje,0,3,3
Sandra-Thea,0,3,3
Sandra-Willemijntje,0,3,3
Sandra-Yasmin,0,3,3
Sandradebie,0,3,3
Sandradus,3,0,3
Sandrakoemarie,0,3,3
Sandrau,0,3,3
Sandréa,0,3,3
Sandred,3,0,3
Sandrée,0,3,3
Sandrela,0,3,3
Sandrélica,0,3,3
Sandrélika,0,3,3
Sandrella,0,3,3
Sandrello,3,0,3
Sandrely,0,3,3
Sandres,3,0,3
Sandrésh,3,0,3
Sandrha,0,3,3
Sandriaan,3,0,3
Sandrianet,0,3,3
Sandrica,0,3,3
Sandriejenelle,0,3,3
Sandrieke,0,3,3
Sandrienus,3,0,3
Sandrijne,0,3,3
Sandrika,0,3,3
Sandrike,0,3,3
Sandrimer,3,0,3
Sandrini,3,0,3
Sandrino-Livio,3,0,3
Sandrius,3,0,3
Sandriwatie,0,3,3
Sandró,3,0,3
Sandro-Benjamin,3,0,3
Sandroe,3,0,3
Sandromar,3,0,3
Sandronella,0,3,3
Sandros,3,0,3
Sandross,3,0,3
Sandrova,0,3,3
Sandrrino,3,0,3
Sandrya,0,3,3
Sandryne,0,3,3
Sands,3,0,3
Sandtley,3,0,3
Sandtris,3,0,3
Sandú,3,0,3
Sanducan,3,0,3
Sandurella,0,3,3
Sandushi,0,3,3
Sandy-Ellis,0,3,3
Sandy-Joann,0,3,3
Sandy-June,0,3,3
Sandy-Leslie,3,0,3
Sandy-Vehanoush,0,3,3
Sandyai,3,0,3
Sandyakaur,0,3,3
Sandyakumari,0,3,3
Sandybel,0,3,3
Sandyfort,3,0,3
Sandyno,3,0,3
Sandyon,3,0,3
Sandyôr,3,0,3
Saned-Amer,3,0,3
Sanee,3,0,3
Saneeheree,0,3,3
Saneequa,0,3,3
Sanegae,0,3,3
Sanegay,0,3,3
Sanéh,3,0,3
Saneille,0,3,3
Sànell,3,0,3
Saneraro,0,3,3
Sanessa,0,3,3
Sanesta,0,3,3
Sanette,0,3,3
Sanettie,0,3,3
Sánety,0,3,3
Sànety,0,3,3
Sanez,0,3,3
Sanford,3,0,3
Sanfred,3,0,3
Sanfri,3,0,3
Sang-Gita,0,3,3
Sang-Ho,3,0,3
Sang-Jin,3,0,3
Sang-La,0,3,3
Sangaash,3,0,3
Sangalo,3,0,3
Sangam,3,0,3
Sangar,3,0,3
Sangaré,0,3,3
Sangat,3,0,3
Sangavi,0,3,3
Sangchai,3,0,3
Sange,0,3,3
Sangé,3,0,3
Sangeena,0,3,3
Sangeeta-Wandana,0,3,3
Sangeetakoemari,0,3,3
Sangeetakumari,0,3,3
Sangeetanj'li,0,3,3
Sangeethan,3,0,3
Sangelly,0,3,3
Sangena,0,3,3
Sanger,3,0,3
Sangeta,0,3,3
Sanggita,0,3,3
Sangha,0,3,3
Sangiaro,3,0,3
Sangiith,3,0,3
Sanginie,3,0,3
Sangino,3,0,3
Sangio,3,0,3
Sangiorgio,3,0,3
Sangir,3,0,3
Sangitadevie,0,3,3
Sangitha,0,3,3
Sangjin,3,0,3
Sangkala,3,0,3
Sangkuwung,3,0,3
Sangkye,3,0,3
Sangmo,0,3,3
Sangop,3,0,3
Sangra,0,3,3
Sangrid,0,3,3
Sangster,3,0,3
Sangtikiran,0,3,3
Sanguine,0,3,3
Sanguita,0,3,3
Sangur,3,0,3
Sangus,3,0,3
Sangya,0,3,3
Sanhariep,3,0,3
Sanhay,0,3,3
Sanhei,3,0,3
Sanhoi,3,0,3
Sanhty,0,3,3
Sanhu,0,3,3
Sanhy,0,3,3
Sani-Wunyuo,3,0,3
Saniar,0,3,3
Sanic,3,0,3
Sanicha,0,3,3
Sanicheri,0,3,3
Sanichri,0,3,3
Sanicia,0,3,3
Sanidjo,3,0,3
Sanieja,0,3,3
Saniela,0,3,3
Saniëlle,0,3,3
Saniera,0,3,3
Saniërra,0,3,3
Sanihale,0,3,3
Sanij,3,0,3
Sanikya,0,3,3
Sanila,0,3,3
Sanilson,3,0,3
Sanilya,0,3,3
Sanim,3,0,3
Sanima,0,3,3
Saniman,3,0,3
Sanip,3,0,3
Sanique,0,3,3
Sanirah,0,3,3
Saniro,3,0,3
Sanis,3,0,3
Sanischa,0,3,3
Sanish,3,0,3
Sanisho,3,0,3
Sanisi,3,0,3
Sanitha,0,3,3
Sanito,3,0,3
Sanitra,0,3,3
Saniy'yah,0,3,3
Saniyanne,0,3,3
Saniyar,3,0,3
Saniyé,0,3,3
Saniye-Gül,0,3,3
Saniyenaz,0,3,3
Saniyenur,0,3,3
Saniyyah,0,3,3
Sanjadhoessen,3,0,3
Sanjah,3,0,3
Sanjaidath,3,0,3
Sanjaij,3,0,3
Sanjaina,0,3,3
Sanjaisingh,3,0,3
Sanjaj,3,0,3
Sanjajkumar,3,0,3
Sanjaly,3,0,3
Sanjan,3,0,3
Sanjanadebie,0,3,3
Sanjanadevie,0,3,3
Sanjanadewie,0,3,3
Sanjanavijayanti,0,3,3
Sanjanawati,0,3,3
Sanjanie,0,3,3
Sanjáy,3,0,3
SanJay,3,0,3
Sanjay-Wierin,3,0,3
Sañjaya,3,0,3
Sanjayanand,3,0,3
Sanjayduth,3,0,3
Sanjaykhan,3,0,3
Sanjayla,0,3,3
Sanjaypersad,3,0,3
Sanjayprakash,3,0,3
Sanjé,3,0,3
Sanjeano,3,0,3
Sanjeayroh,3,0,3
Sanjeena,0,3,3
Sanjeeth,3,0,3
Sanjeeva,0,3,3
Sanjeevini,0,3,3
Sanjef,3,0,3
Sanjel,3,0,3
Sanjely,0,3,3
Sanjero,3,0,3
Sanjeshkumar,3,0,3
Sanjev,3,0,3
Sanjevan,3,0,3
Sanjeyan,3,0,3
Sanjhana,0,3,3
Sanjhena,0,3,3
Sanjib,3,0,3
Sanjidah,0,3,3
Sanjiet,3,0,3
Sanjiewe,3,0,3
Sanjif,3,0,3
Sanjinho,3,0,3
Sanjiuni,0,3,3
Sanjiva,3,0,3
Sanjivanie,0,3,3
Sanjive,3,0,3
Sanjivpersad,3,0,3
Sanjiw,3,0,3
Sanjiwan,3,0,3
Sanjiwany,0,3,3
Sanjodjsing,3,0,3
Sanjoe,3,0,3
Sanjogita,0,3,3
Sanjogtadevi,0,3,3
Sanjogtha,0,3,3
Sanjogthaa,0,3,3
Sanjou,3,0,3
Sanjuan,3,0,3
Sanjukta,0,3,3
Sanjulkumar,3,0,3
Sankalp,3,0,3
Sankaran,3,0,3
Sankardat,3,0,3
Sankatmochan,3,0,3
Sanke,3,0,3
Sanker,3,0,3
Sankerdas,3,0,3
Sankhar,3,0,3
Sankira,0,3,3
Sanko,3,0,3
Sankracharya,3,0,3
Sanktesh,3,0,3
Sankung,3,0,3
Sanky,3,0,3
Sanlexia,0,3,3
Sanmar,0,3,3
Sanmiguel,3,0,3
Sanminguël,3,0,3
Sanminka,0,3,3
Sanmy,0,3,3
Sanná,0,3,3
Sänna,0,3,3
Sànna,0,3,3
Sannâ,0,3,3
Sanna-Betje,0,3,3
Sanna-Carina,0,3,3
Sanna-Fleur,0,3,3
Sanna-Liisa,0,3,3
Sanna-Louise,0,3,3
Sanna-Marie,0,3,3
Sanna-Meria,0,3,3
Sannaâ,0,3,3
Sannah-Joy,0,3,3
Sannah-Lisa,0,3,3
Sannalieke,0,3,3
Sannalin,0,3,3
Sannalina,0,3,3
Sannase,3,0,3
Sănne,0,3,3
Sanne-An,0,3,3
Sanne-Bas,3,0,3
Sanne-Baukje,0,3,3
Sanne-Benthe,0,3,3
Sanne-Bo,0,3,3
Sanne-Brecht,0,3,3
Sanne-Carleijn,0,3,3
Sanne-Carmen,0,3,3
Sanne-Chéraine,0,3,3
Sanne-Cristiné,0,3,3
Sanne-Dien,0,3,3
Sanne-Eileen,0,3,3
Sanne-Elisabeth,0,3,3
Sanne-Elise,0,3,3
Sanne-Elizabeth,0,3,3
Sanne-Eva,0,3,3
Sanne-Fay,0,3,3
Sanne-Fere,0,3,3
Sanne-Fien,0,3,3
Sanne-Frouk,0,3,3
Sanne-Geertje,0,3,3
Sanne-Gerda,0,3,3
Sanne-Jaap,3,0,3
Sanne-Janette,0,3,3
Sanne-Jans,3,0,3
Sanne-Jill,0,3,3
Sanne-Joan,0,3,3
Sanne-Joëlle,0,3,3
Sanne-Josefie,0,3,3
Sanne-Julia,0,3,3
Sanne-Kim,0,3,3
Sanne-Lie,0,3,3
Sanne-Liesbeth,0,3,3
Sanne-Lize,0,3,3
Sanne-Lot,0,3,3
Sanne-lyea,0,3,3
Sanne-Lyse,0,3,3
Sanne-Maike,0,3,3
Sanne-Marè,0,3,3
Sanne-Marit,0,3,3
Sanne-Marith,0,3,3
Sanne-Marleen,0,3,3
Sanne-Marte,0,3,3
Sanne-Martin,3,0,3
Sanne-Martine,0,3,3
Sanne-May,0,3,3
Sanne-Meis,0,3,3
Sanne-Mijs,0,3,3
Sanne-Mirjam,0,3,3
Sanne-Naomi,0,3,3
Sanne-olivia,0,3,3
Sanne-Rianne,0,3,3
Sanne-Rika,0,3,3
Sanne-Rixt,0,3,3
Sanne-Romee,0,3,3
Sanne-Shah,3,0,3
Sanne-Tess,0,3,3
Sanne-Vera,0,3,3
Sanne-Veronie,0,3,3
Sannea,0,3,3
Sanneah,0,3,3
Sanneau,3,0,3
Sannefloor,0,3,3
Sannegay,0,3,3
Sannegé,0,3,3
Sannegy,0,3,3
Sannelieke,0,3,3
Sannelies,0,3,3
Sannelijne,0,3,3
Sannelila,0,3,3
Sannelis,0,3,3
Sannella,0,3,3
Sanneloes,0,3,3
Sannelou,0,3,3
Sannemaria,0,3,3
Sannemarica,0,3,3
Sannemarij,0,3,3
Sannemarijne,0,3,3
Sannemeike,0,3,3
Sannemiek,0,3,3
Sannemien,0,3,3
Sannemijn,0,3,3
Sannen,3,0,3
Sanneraro,0,3,3
Sannerijn,0,3,3
Sannerike,0,3,3
Sannerina,0,3,3
Sannesofie,0,3,3
Sannet,0,3,3
Sanneth,0,3,3
Sannewieke,0,3,3
Sannic,3,0,3
Sanniddha,0,3,3
Sannien,0,3,3
Sannika,0,3,3
Sannina,0,3,3
Sanninme,3,0,3
Sannis,3,0,3
Sannita,0,3,3
Sanniya,0,3,3
Sannr,3,0,3
Sannyqeoun,3,0,3
Sanoa,0,3,3
Sanobar,0,3,3
Sanoë,0,3,3
Sanoedasa,3,0,3
Sanoël,3,0,3
Sanoera,0,3,3
Sanoescha,0,3,3
Sanoesha,0,3,3
Sanofer,0,3,3
Sanoh,0,3,3
Sanoja,0,3,3
Sanon,3,0,3
Sanori,0,3,3
Sanoris,0,3,3
Sanoussy,3,0,3
Sanousy,3,0,3
Sanra,0,3,3
Sanraimundo,3,0,3
Sanraj,3,0,3
Sanray,3,0,3
Sanreshkoemar,3,0,3
Sanrick,3,0,3
Sanris,3,0,3
Sanrisha,0,3,3
Sanrizz,0,3,3
Sanro,3,0,3
Sanroy,3,0,3
Sansaar,3,0,3
Sansabil,0,3,3
Sansabille,0,3,3
Sansah,0,3,3
Sansani,0,3,3
Sansaõ,3,0,3
Sansarai,0,3,3
Sansaray,0,3,3
Sanscha,0,3,3
Sanse,0,3,3
Sansella,0,3,3
Sanséra,0,3,3
Sanséray,0,3,3
Sanseree,0,3,3
Sanserrij,0,3,3
Sanseverio,3,0,3
Sansha,0,3,3
Sansherra,0,3,3
Sansho,3,0,3
Sanshray,3,0,3
Sansia,0,3,3
Sansiaray,0,3,3
Sansida,0,3,3
Sansiddhi,0,3,3
Sansilia,0,3,3
Sansillia,3,0,3
Sansir,3,0,3
Sansiro,3,0,3
Sansita,0,3,3
Sanskaar,3,0,3
Sanskarti,0,3,3
Sanskriti,0,3,3
Sansone,3,0,3
Sansonnet,0,3,3
Sansorai,0,3,3
Sansorei,0,3,3
Sansriedevi,0,3,3
Sansua,0,3,3
Santa-Clara,0,3,3
Santa-Yanah,0,3,3
Santaclara,0,3,3
Santacruz,3,0,3
Santadebi,0,3,3
Santadevi,0,3,3
Santaigo,3,0,3
Santakoemarie,0,3,3
Santamaria,0,3,3
Santana-Jay,3,0,3
Santander,3,0,3
Santangelo,3,0,3
Santantewa,0,3,3
Santanupersad,3,0,3
Santarém,3,0,3
Santaro,3,0,3
Santas,0,3,3
Santasia,0,3,3
Santawatie,0,3,3
Santayana,0,3,3
Santè,3,0,3
Santécha,0,3,3
Santenu,3,0,3
Santer,3,0,3
Santera,0,3,3
Santero,3,0,3
Santes,0,3,3
Santeshwar,3,0,3
Santhany,0,3,3
Santhanytia,0,3,3
Santhar,3,0,3
Santhe,0,3,3
Santheep,3,0,3
Santhia,0,3,3
Santhiâ,0,3,3
Santhie,0,3,3
Santhiedebhie,0,3,3
Santhiël,3,0,3
Santhina,0,3,3
Santho,3,0,3
Santhoos,3,0,3
Santhoosh,3,0,3
Santhoshi,0,3,3
Santhuruu,3,0,3
Santhusha,0,3,3
Santhushi,0,3,3
Santhy,0,3,3
Santiaga,0,3,3
Santiagó,3,0,3
Santiágo,3,0,3
Sántíago,3,0,3
Santica,0,3,3
Santichai,3,0,3
Santidew,3,0,3
Santidibie,0,3,3
Santiedewi,0,3,3
Santiekayani,0,3,3
Santiekiran,0,3,3
Santienno,3,0,3
Santieno,3,0,3
Santieperkash,3,0,3
Santige,3,0,3
Santigi,3,0,3
Santigo,3,0,3
Santiharini,0,3,3
Santika,0,3,3
Santiliany,0,3,3
Santimah,0,3,3
Santimas,3,0,3
Santín,3,0,3
Santinò,3,0,3
Santio,3,0,3
Santiperkas,3,0,3
Santiperkash,3,0,3
Santiprekash,3,0,3
Santique,3,0,3
Santira,0,3,3
Säntis,0,3,3
Santisha,0,3,3
Santísima,0,3,3
Santiyana,0,3,3
Santjöh,3,0,3
Santo-Sofia,0,3,3
Santoeshadevie,0,3,3
Santoetsia,0,3,3
Santolia,0,3,3
Santolo,3,0,3
Santona,0,3,3
Santonelli,3,0,3
Santonius,3,0,3
Santony,3,0,3
Sántos,3,0,3
Santosh-Kumar,3,0,3
Santosh-Pravish,3,0,3
Santoshanand,3,0,3
Santoshidevi,0,3,3
Santoshie,0,3,3
Santoshika,0,3,3
Santoshini,0,3,3
Santoshram,3,0,3
Santoshyam,3,0,3
Santosia,0,3,3
Santosjie,0,3,3
Santoski,0,3,3
Santoswarsingh,3,0,3
Santouchia,0,3,3
Santoucia,0,3,3
Santouschadebie,0,3,3
Santoya,0,3,3
Santoz,3,0,3
Santrischa,0,3,3
Santrjella,0,3,3
Santros,3,0,3
Santrusha,0,3,3
Santshelica,0,3,3
Santsingh,3,0,3
Santuccha,0,3,3
Santuchia,0,3,3
Santunti,3,0,3
Santus,3,0,3
Santuschia,0,3,3
Santushadebie,0,3,3
Santushia,0,3,3
Santuzzo,3,0,3
Santyana,0,3,3
Santysha,0,3,3
Sanu,3,0,3
Sanudel,3,0,3
Sanuela,0,3,3
Sanuga,3,0,3
Sanujen,3,0,3
Sanujo,3,0,3
Sanuki,3,0,3
Sanulayka,0,3,3
Sanumaya,0,3,3
Sanunani,0,3,3
Sanusha,0,3,3
Sanushi,3,0,3
Sanushka,0,3,3
Sanusya,0,3,3
Sanuthi,0,3,3
Sanuya,0,3,3
Sanuyan,3,0,3
Sanvali,0,3,3
Sanvana,0,3,3
Sanvicente,3,0,3
Sanvita,0,3,3
Sanwbar,0,3,3
Sanyaar,3,0,3
Sanyah,0,3,3
Sanyarat,0,3,3
Sanyath,3,0,3
Sanyay,3,0,3
Sanyeevni,0,3,3
Sanyesha,0,3,3
Sanyharia,0,3,3
Sanyí,0,3,3
Sanyip,3,0,3
Sanyogita,0,3,3
Sanyogta,0,3,3
Sanysha,0,3,3
Sanyta,0,3,3
Sanyugta,0,3,3
Sanyukt,3,0,3
Sanz,0,3,3
Sanza,3,0,3
Sanzanna,0,3,3
Sanzerai,0,3,3
Sanzida,0,3,3
Sáo,3,0,3
Saõ,0,3,3
Saobaan,3,0,3
Saoban,3,0,3
Saoeda,0,3,3
Saoesie,0,3,3
Saoĝand,0,3,3
Saoke,3,0,3
Saömi,0,3,3
Saônah,0,3,3
Saone,0,3,3
Saood,3,0,3
Saõra,0,3,3
Saoriana,0,3,3
Saorise,0,3,3
Saousan,0,3,3
Saout,0,3,3
Săozinha,0,3,3
Sapak,3,0,3
Sapalewa,3,0,3
Sapan,3,0,3
Sapana,0,3,3
Saparia,0,3,3
Sapariem,0,3,3
Saparinah,0,3,3
Saparinum,3,0,3
Sapata,3,0,3
Sapay,0,3,3
Sapbienna,0,3,3
Sape-Jan,3,0,3
Sapena,0,3,3
Saperina,0,3,3
Saphaniya,0,3,3
Saphed,3,0,3
Saphena,0,3,3
Sapheria,0,3,3
Sapherio,3,0,3
Sapherius,3,0,3
Saphiën,0,3,3
Saphier,3,0,3
Saphintia,0,3,3
Saphira-Ruth,0,3,3
Saphirah-Oriana,0,3,3
Saphiraya,0,3,3
Saphiria,0,3,3
Saphiye,0,3,3
Saphiyo,3,0,3
Saphna,0,3,3
Saphó,0,3,3
Sàphonia,0,3,3
Saphorah,0,3,3
Saphya,0,3,3
Saphyne,0,3,3
Saphyre,0,3,3
Saphyri,0,3,3
Sapieda,0,3,3
Sapientia,0,3,3
Sapihulaa,3,0,3
Sapkelina,0,3,3
Sapkeline,0,3,3
Sapnah,0,3,3
Sapoeti,0,3,3
Sapondanai,3,0,3
Sapong,3,0,3
Sapora,0,3,3
Saporra,0,3,3
Sapphir,3,0,3
Sappy,0,3,3
Saprien,0,3,3
Saptarshi,0,3,3
Sapthami,0,3,3
Sapthmatrikayen,0,3,3
Sapto,3,0,3
Sapundra,3,0,3
Saputry,0,3,3
Sapyuper,3,0,3
Saqab,3,0,3
Saqi,0,3,3
Saqiel,3,0,3
Saqitta,0,3,3
Saquille,3,0,3
Saquina,0,3,3
Saquiro,3,0,3
Saquisha,0,3,3
Sar,0,3,3
Sarà,0,3,3
Sāra,0,3,3
Sara'el,0,3,3
Sara-An,0,3,3
Sara-Angeline,0,3,3
Sara-Ann,0,3,3
Sara-Anna-Maria,0,3,3
Sara-Antonia,0,3,3
Sara-antonia,0,3,3
Sara-Cato,0,3,3
Sara-Dee,0,3,3
Sara-Elana,0,3,3
Sara-Elise,0,3,3
Sara-Elize,0,3,3
Sara-Fay,0,3,3
Sara-Ferra,0,3,3
Sara-Fleur,0,3,3
Sara-Floor,0,3,3
Sara-Gabriëlla,0,3,3
Sara-Gina,0,3,3
Sara-Ingrid,0,3,3
Sara-Jada,0,3,3
Sara-Joan,0,3,3
Sara-José,0,3,3
Sara-Laaziza,0,3,3
Sara-Layla,0,3,3
Sara-Lea,0,3,3
Sara-lee,0,3,3
Sara-leigh,0,3,3
Sara-Leigh,0,3,3
Sara-Li,0,3,3
Sara-Lia,0,3,3
Sara-Lieke,0,3,3
Sara-Lin,0,3,3
Sara-Lina,0,3,3
Sara-Linn,0,3,3
Sara-Lisa,0,3,3
Sara-Livia,0,3,3
Sara-Lois,0,3,3
Sara-Lotte,0,3,3
Sara-lotte,0,3,3
Sara-Luz,0,3,3
Sara-Marie,0,3,3
Sara-Marijn,0,3,3
Sara-mei,0,3,3
Sara-Mo,0,3,3
Sara-Nomi,0,3,3
Sara-Noor,0,3,3
Sara-Nour,0,3,3
Sara-Nur,0,3,3
Sara-Romy,0,3,3
Sara-Sasha,0,3,3
Sara-Sophia,0,3,3
Sara-wati,0,3,3
Sara-Zoë,0,3,3
Saraaj,3,0,3
Saraan,3,0,3
Saraanne,0,3,3
Saraaskhan,3,0,3
Sarabande,0,3,3
Sarabdjiet,3,0,3
Sarabeau,0,3,3
Sarabetha,0,3,3
Sarabjot,0,3,3
Saraç,3,0,3
Saradewi,0,3,3
Saradha,0,3,3
Saradhana,0,3,3
Saradhena,0,3,3
Saradia,0,3,3
Saradiena,0,3,3
Saradja,0,3,3
Sarado,0,3,3
Sarae,0,3,3
Sarael,3,0,3
Saraf,3,0,3
Sarafia,0,3,3
Sarafien,0,3,3
Sarafiën,0,3,3
Sarafiënna,0,3,3
Sarafine,0,3,3
Saragatoen,0,3,3
Sarageni,0,3,3
Saragi,3,0,3
Saragih,3,0,3
Saragül,0,3,3
Saragussie,0,3,3
Sárah,0,3,3
Sarah'Lisa,0,3,3
Sarah-Aideen,0,3,3
Sarah-An,0,3,3
Sarah-Angéla,0,3,3
Sarah-Beth,0,3,3
Sarah-Charlotte,0,3,3
Sarah-Denni,0,3,3
Sarah-Devorah,0,3,3
Sarah-Dewi,0,3,3
Sarah-Elisa,0,3,3
Sarah-Elisah,0,3,3
Sarah-Eloïse,0,3,3
Sarah-Emily,0,3,3
Sarah-Esmée,0,3,3
Sarah-Fatima,0,3,3
Sarah-Fay,0,3,3
Sarah-fay,0,3,3
Sarah-Fieje,0,3,3
Sarah-Fleur,0,3,3
Sarah-Gayle,0,3,3
Sarah-Grace,0,3,3
Sarah-Heleen,0,3,3
Sarah-Helena,0,3,3
Sarah-Innuah,0,3,3
Sarah-Jay,0,3,3
Sarah-Jayn,0,3,3
Sarah-Jayne,0,3,3
Sarah-Jean,0,3,3
Sarah-Joëlle,0,3,3
Sarah-José,0,3,3
Sarah-Jullièt,0,3,3
Sarah-Kee,0,3,3
Sarah-Kim,0,3,3
Sarah-Laine,0,3,3
Sarah-Leah,0,3,3
Sarah-Lena,0,3,3
Sarah-Levi,0,3,3
Sarah-Liana,0,3,3
Sarah-Lien,0,3,3
Sarah-Lieve,0,3,3
Sarah-Lin,0,3,3
Sarah-Lina,0,3,3
Sarah-Linde,0,3,3
Sarah-Liza,0,3,3
Sarah-Lomé,0,3,3
Sarah-Louisa,0,3,3
Sarah-Lu,0,3,3
Sarah-Lucia,0,3,3
Sarah-mae,0,3,3
Sarah-Manon,0,3,3
Sarah-Marion,0,3,3
Sarah-Mary,0,3,3
Sarah-Mayy,0,3,3
Sarah-Mea,0,3,3
Sarah-Mieke,0,3,3
Sarah-Milou,0,3,3
Sarah-Min-Tja,0,3,3
Sarah-Mounia,0,3,3
Sarah-Naomi,0,3,3
Sarah-Nekka,0,3,3
Sarah-Niel,0,3,3
Sarah-Noëlle,0,3,3
Sarah-Noor,0,3,3
Sarah-Rae,0,3,3
Sarah-Rahma,0,3,3
Sarah-Robin,0,3,3
Sarah-Rose,0,3,3
Sarah-Ruth,0,3,3
Sarah-Sabine,0,3,3
Sarah-Sophia,0,3,3
Sarah-Tina,0,3,3
Sarah-Zara,0,3,3
Sarahbé,0,3,3
Sarahi,0,3,3
Sarahí,0,3,3
Sarahjane,0,3,3
Sarahkim,0,3,3
Sarahlee,0,3,3
Sarahleigh,0,3,3
Sarahlena,0,3,3
Sarahli,0,3,3
Sárahly,0,3,3
Sarahly,0,3,3
Sarahn,3,0,3
Sarahnaaz,0,3,3
SarahNova,0,3,3
Sarahruth,0,3,3
Sarahshilia,0,3,3
Sarahtu,0,3,3
Sarahvina,0,3,3
Sarái,0,3,3
Saraï-Leah,0,3,3
Sarai-Lynde,0,3,3
Saraï-Sofia,0,3,3
Saraid,0,3,3
Saraïda,0,3,3
Saraih,0,3,3
Sarailey,0,3,3
Saraina,0,3,3
Saraiya,0,3,3
Sarajadeen,3,0,3
Sarajan,3,0,3
Sarajayne,0,3,3
Saralena,0,3,3
Saralies,0,3,3
Saralin,0,3,3
Saralina,0,3,3
Saralinde,0,3,3
Saraline,0,3,3
Saralis,0,3,3
Saralise,0,3,3
Sarallah,3,0,3
Saralot,0,3,3
Saralou,0,3,3
Saralton,3,0,3
Saraluz,0,3,3
Saraly,0,3,3
Saramah,0,3,3
Saramarie,0,3,3
Saramay,0,3,3
Sarambi,0,3,3
Sarame,0,3,3
Sarami,0,3,3
Saramien,0,3,3
Saramijn,0,3,3
Saramira,0,3,3
Saramy,0,3,3
Sárán,3,0,3
Saranagatoen,0,3,3
Saranchat,0,3,3
Sarandie,3,0,3
Sarandis,3,0,3
Sarangan,3,0,3
Sarangela,0,3,3
Sarangi,0,3,3
Sarangika,0,3,3
Saranity,0,3,3
Saraniya,0,3,3
Saranjeet,0,3,3
Saranjini,0,3,3
Saranjoe,3,0,3
Saranki,0,3,3
Saranleh,0,3,3
Sarano,3,0,3
Saranpat,0,3,3
Saransh,3,0,3
Sarante,0,3,3
Saranto,0,3,3
Sarantris,3,0,3
Saranus,0,3,3
Saranyu,3,0,3
Saraphim,3,0,3
Saraphin,3,0,3
Saraphine,0,3,3
Saras,3,0,3
Sarasha,0,3,3
Sarashley,0,3,3
Sarashwati,0,3,3
Sarasshomadevi,0,3,3
Sarasvaati,0,3,3
Sarasvati-devi,0,3,3
Saraswathi,0,3,3
Saraswati-Devi,0,3,3
Saraswatichandra,0,3,3
Saraswatidevi,0,3,3
Saraswatiechandra,0,3,3
Saraswatiedevie,0,3,3
Saraswatty,0,3,3
Saraswaty,0,3,3
Sarat,0,3,3
Saratha,0,3,3
Sarathkanna,3,0,3
Saratina,0,3,3
Saratje,0,3,3
Saratou,0,3,3
Saravanan,3,0,3
Sarawey,0,3,3
Sarawitia,0,3,3
Sarawut,3,0,3
Saraya-Ann,0,3,3
Sarayke,0,3,3
Sarayla,0,3,3
Sarayma,0,3,3
Sarayna,0,3,3
Sarayo,3,0,3
Saraysa,0,3,3
Sarayu,0,3,3
Sarayza,0,3,3
Sarband,3,0,3
Sarbani,3,0,3
Sarbanoen,0,3,3
Sarbarz,3,0,3
Sarbaz,3,0,3
Sarbest,3,0,3
Sarbi,3,0,3
Sarbin,0,3,3
Sarbine,0,3,3
Sarbini,3,0,3
Sarbjeet,3,0,3
Sarbjit,3,0,3
Sarbst,3,0,3
Sarcelle,0,3,3
Sarcenzio,3,0,3
Sarchel,3,0,3
Sarcia,0,3,3
Sarcino,0,3,3
Sarcon,3,0,3
Sardadevi,0,3,3
Sardal,3,0,3
Sardan,3,0,3
Sardanand,3,0,3
Sardara,0,3,3
Sardayah,0,3,3
Sardee,0,3,3
Sardeen,3,0,3
Sardegna,0,3,3
Sardes,3,0,3
Sardha-debie,0,3,3
Sardhadeby,0,3,3
Sardhadevi,0,3,3
Sardhadevie,0,3,3
Sardhakoemarie,0,3,3
Sardhan,3,0,3
Sardhanandsingh,3,0,3
Sardhawatie,0,3,3
Sardí,3,0,3
Sardi,3,0,3
Sardianska,0,3,3
Sardie,3,0,3
Sardiena,0,3,3
Sardinha,0,3,3
Sardinio,3,0,3
Sardino,3,0,3
Sardiran,3,0,3
Sardjan,3,0,3
Sardjana,0,3,3
Sardjiano,3,0,3
Sardjilah,0,3,3
Sardjio,3,0,3
Sardjito,3,0,3
Sardjoedé,0,3,3
Sardjoedee,0,3,3
Sardjoeparsad,3,0,3
Sardjoesing,3,0,3
Sardjono,3,0,3
Sardonja,0,3,3
Sardonjo,3,0,3
Sardos,0,3,3
Sardya,0,3,3
Sare-Ana,0,3,3
Saréanne,0,3,3
Sarebande,0,3,3
Sarebdjietsingh,3,0,3
Saréce,0,3,3
Sared,3,0,3
Saréé,0,3,3
Sarée,0,3,3
Sareeka,0,3,3
Sareen,0,3,3
Sareesha,0,3,3
Sarefina,0,3,3
Saregül,0,3,3
Sareime,0,3,3
Sareje,3,0,3
Sarek,3,0,3
Sarelies,0,3,3
Sarelina,0,3,3
Sarelize,0,3,3
Sarèll,0,3,3
Sarell,0,3,3
Sarellé,0,3,3
Sarely,0,3,3
Sarem,0,3,3
Saremba,0,3,3
Sarenha,0,3,3
Sarenio,3,0,3
Sarenity,0,3,3
Sarennah,0,3,3
Sarenne,0,3,3
Sareno,3,0,3
Saresa,0,3,3
Sareshma,0,3,3
Saresmenie,0,3,3
Saresswatiedeve,0,3,3
Saret,3,0,3
Sareth,0,3,3
Saretha,0,3,3
Sarety,0,3,3
Sarey,0,3,3
Sarfani,3,0,3
Sarfarazali,3,0,3
Sarfarn,3,0,3
Sarfarraz,3,0,3
Sarferaas,3,0,3
Sarferash,3,0,3
Sarfoa,0,3,3
Sarfoah,0,3,3
Sarfowah,0,3,3
Sarfudin,3,0,3
Sargé,3,0,3
Sarge,3,0,3
Sargevan,3,0,3
Sarginah,0,3,3
Sargine,0,3,3
Sarginio,3,0,3
Sargio,3,0,3
Sargonta,0,3,3
Sargynio,3,0,3
Sarha-Lynn,0,3,3
Sarhaan,3,0,3
Sarhat,3,0,3
Sarhea,0,3,3
Sarhilda,0,3,3
Sarhona,0,3,3
Sarhoz,3,0,3
Sari-Fay,0,3,3
Sari-Fleur,0,3,3
Sari-Irina,0,3,3
Sari-Jane,0,3,3
Sari-Lena,0,3,3
Sari-Milla,0,3,3
Saría,0,3,3
Sariangko,3,0,3
Sariani,0,3,3
Sarianna,0,3,3
Sariano,3,0,3
Sarianty,0,3,3
Sariar,3,0,3
Sarib,0,3,3
Sariban,0,3,3
Saribek,3,0,3
Saricha,0,3,3
Sarico,0,3,3
Sarid,0,3,3
Saridah,0,3,3
Saridi,3,0,3
Saridjah,0,3,3
Sarieanne,0,3,3
Sariefa,0,3,3
Sarieka,0,3,3
Sariel,3,0,3
Sarièm,3,0,3
Sarien-Jaan,0,3,3
Sarienja,0,3,3
Sarienske,0,3,3
Sarieshta,0,3,3
Sariesma,0,3,3
Sariessa,0,3,3
Sariét,0,3,3
Sariet,0,3,3
Sariev,3,0,3
Sarifar,0,3,3
Sarife,0,3,3
Sariffa,0,3,3
Sarifoen,0,3,3
Sariga,0,3,3
Sarijadi,3,0,3
Sarijam,0,3,3
Sarijan,0,3,3
Sarijanto,3,0,3
Sarijcke,0,3,3
Sarijs,0,3,3
Sarik,3,0,3
Sárika,0,3,3
Sarikadebie,0,3,3
Sarikakumarie,0,3,3
Sarikam,0,3,3
Sarikem,0,3,3
Sarikha,0,3,3
Sarikinanti,0,3,3
Sarilio,3,0,3
Sarillio,3,0,3
Sarima,0,3,3
Sarimaulidi,3,0,3
Sarimbiet,0,3,3
Sarinande,0,3,3
Sariné,0,3,3
Sarinee,0,3,3
Saring,3,0,3
Saringa,0,3,3
Sarinja,0,3,3
Sarinke,0,3,3
Sarinna,0,3,3
Sarinne,0,3,3
Sarioa,3,0,3
Sariona,0,3,3
Sarione,0,3,3
Sarisca,0,3,3
Sarischa,0,3,3
Sarishmakumari,0,3,3
Sarishwatie,0,3,3
Sariskadebie,0,3,3
Sariskagatoen,0,3,3
Sariske,0,3,3
Sarissa-Chantal,0,3,3
Sarissha,0,3,3
Sariswatie,0,3,3
Sarít,0,3,3
Saritâ,0,3,3
Sarita-devi,0,3,3
Sarita-Devi,0,3,3
Saritaa,0,3,3
Saritadebi,0,3,3
Saritadevi,0,3,3
Saritakumari,0,3,3
Sariten,0,3,3
Sarithsa,0,3,3
Sarito,3,0,3
Saritske,0,3,3
Saritta,0,3,3
Sariu,3,0,3
Sariva,0,3,3
Sariwidjaja,0,3,3
Sariyah,3,0,3
Sariyah-Lina,0,3,3
Sariyanti,0,3,3
Sariyanto,3,0,3
Sariyu,0,3,3
Sarizia,0,3,3
Sarjadi,3,0,3
Sarjal,3,0,3
Sarjanie,0,3,3
Sarjella,0,3,3
Sarjem,0,3,3
Sarjenka,0,3,3
Sarjodh,3,0,3
Sarjoede,0,3,3
Sarjono,3,0,3
Sarjor,3,0,3
Sarjot,0,3,3
Sarjunio,3,0,3
Sarkan,3,0,3
Sarkash,3,0,3
Sarkat,3,0,3
Sarkies-Ruben-Mattheus,3,0,3
Sarkinah,0,3,3
Sarkodieh,3,0,3
Sarkum,3,0,3
Sarkys,3,0,3
Sarleen,0,3,3
Sarlett,0,3,3
Sarley,0,3,3
Sarli,0,3,3
Sarliena,0,3,3
Sarlomi,0,3,3
Sarlon,3,0,3
Sarlotta,0,3,3
Sarlotte,0,3,3
Sarluke,3,0,3
Sarmadie,3,0,3
Sarmah,0,3,3
Sarmana,0,3,3
Sarmania,0,3,3
Sarmanie,3,0,3
Sarmath,3,0,3
Sarmeh,0,3,3
Sarmen,3,0,3
Sarmene,0,3,3
Sarmia,0,3,3
Sarmidjo,3,0,3
Sarmiela,0,3,3
Sarmiladebie,0,3,3
Sarmilan,3,0,3
Sarmine,0,3,3
Sarminie,0,3,3
Sarmis,3,0,3
Sarmo,3,0,3
Sarmoen,3,0,3
Sarn,3,0,3
Särna,0,3,3
Sarna,0,3,3
Sarnah,3,0,3
Sarnai,0,3,3
Sarnam,3,0,3
Sarnawi,3,0,3
Sarnay,0,3,3
Sarnjit,3,0,3
Saroang,3,0,3
Saroca,3,0,3
Saroda,0,3,3
Sarodjeni,0,3,3
Sarodjenidevi,0,3,3
Sarodjine,0,3,3
Sarodjkumar,3,0,3
Sarodjniedebie,0,3,3
Sarodjsingh,3,0,3
Saroek,3,0,3
Saroeun,0,3,3
Sarogenie,0,3,3
Sarogina,0,3,3
Sarogini,0,3,3
Sarojadevi,0,3,3
Sarojhnadebie,0,3,3
Sarojhnie-Dewie,0,3,3
Sarojine,0,3,3
Sarojinidebie,0,3,3
Sarojinidevie,0,3,3
Sarojinidibie,0,3,3
Sarojkoemar,3,0,3
Sarojnidebi,0,3,3
Sarolt,0,3,3
Saromani,0,3,3
Saromena,0,3,3
Saromi,0,3,3
Sarón,3,0,3
Sáron,0,3,3
Săron,0,3,3
Sarôna,0,3,3
Saronadevi,0,3,3
Saronah,0,3,3
Sarondie,0,3,3
Sarone,3,0,3
Saroney,3,0,3
Saroni,0,3,3
Saronnie,3,0,3
Saronny,3,0,3
Saronya,0,3,3
Saroo,3,0,3
Saroodj,3,0,3
Saroodjnie,0,3,3
Saroodjniedebie,0,3,3
Saros,3,0,3
Saroshkumar,3,0,3
Saroshni,0,3,3
Sarotte,0,3,3
Sarou,0,3,3
Saroyadebie,0,3,3
Saroyini,0,3,3
Saroz,3,0,3
Sarpa,0,3,3
Sarpey,0,3,3
Sarphatia,0,3,3
Sarpin,3,0,3
Sarpina,0,3,3
Sarpomaah,0,3,3
Sarponmaa,0,3,3
Sarpudin,3,0,3
Sarqis,3,0,3
Sarquella,0,3,3
Sarr,0,3,3
Sàrra,0,3,3
Sarra-Marie,0,3,3
Sarraf,3,0,3
Sarragh,0,3,3
Sarrai,0,3,3
Sarrhini,3,0,3
Sarriel,3,0,3
Sarrieta,0,3,3
Sarrina,0,3,3
Sarrinah,0,3,3
Sarrine,0,3,3
Sarringgie,3,0,3
Sarrisina,0,3,3
Sarrisse,0,3,3
Sarrón,3,0,3
Sarrujan,3,0,3
Sarsani,0,3,3
Sarscha,0,3,3
Sarshar,3,0,3
Sarswahtie,0,3,3
Sarswatiedevi,0,3,3
Sartantanio,3,0,3
Sartène,0,3,3
Sartianna,0,3,3
Sartica,0,3,3
Sartie,0,3,3
Sartijem,0,3,3
Sartine,3,0,3
Sartini,0,3,3
Sartischa,0,3,3
Sartoeni,0,3,3
Sartori,3,0,3
Saruan,3,0,3
Saruca,0,3,3
Saruchani,0,3,3
Sarugan,3,0,3
Sarujdia,0,3,3
Sarujen,3,0,3
Saruji,0,3,3
Saruk,3,0,3
Saruka,0,3,3
Sarun,3,0,3
Saruniya,0,3,3
Sarunyan,3,0,3
Sarupa,0,3,3
Saruprani,0,3,3
Sarush,3,0,3
Saruya,0,3,3
Saruzscha,0,3,3
Sarva,3,0,3
Sarvacio,3,0,3
Sarvagya,3,0,3
Sarvaio,3,0,3
Sarvajna,0,3,3
Sarvanand,3,0,3
Sarvand,3,0,3
Sarvandkumar,3,0,3
Sarvankoemar,3,0,3
Sarvantkumar,3,0,3
Sarvarbek,3,0,3
Sarvasvati,0,3,3
Sarvehnaz,0,3,3
Sarvelio,3,0,3
Sarven,3,0,3
Sarvenaz,0,3,3
Sarvender,3,0,3
Sarventh,3,0,3
Sarvesh-Akaash,3,0,3
Sarveshwar,3,0,3
Sarvio,3,0,3
Sarvitesh,3,0,3
Sarvodaya,3,0,3
Sarvoennisa,0,3,3
Sarwaa,0,3,3
Sarwaan,3,0,3
Sarwadjenie,0,3,3
Sarwald,3,0,3
Sarwani,0,3,3
Sarwankoemarsingh,3,0,3
Sarwansingh,3,0,3
Sarwant,3,0,3
Sarwatnaz,0,3,3
Sarweena,0,3,3
Sarwenaz,0,3,3
Sarwenda,0,3,3
Sarwendha,0,3,3
Sarwenkoemarsingh,3,0,3
Sarwensingh,3,0,3
Sarweshkoemar,3,0,3
Sarweshwarnand,3,0,3
Sarwey,0,3,3
Sarwhan,3,0,3
Sarwina,0,3,3
Sarwinkumar,3,0,3
Saryana,0,3,3
Saryanco,3,0,3
Saryanne,0,3,3
Saryany,0,3,3
Saryati,0,3,3
Saryda,0,3,3
Sarye,0,3,3
Saryeeta,0,3,3
Saryem,0,3,3
Saryjen,3,0,3
Saryna,0,3,3
Saryne,0,3,3
Sarynina,0,3,3
Sarysa,0,3,3
Sarytien,0,3,3
Sarzana,0,3,3
Sarzwatie,0,3,3
Saşa,3,0,3
Sasaban,0,3,3
Sasaira,0,3,3
Sasanne,0,3,3
Sasch,3,0,3
sascha,3,0,3
Sascha-Cheyenne,0,3,3
Sascha-Marie,0,3,3
Sascha-Maximiliaan,3,0,3
Saschi,0,3,3
Saschja,0,3,3
Sascilio,3,0,3
Sasemah,0,3,3
Sasha-Dana,0,3,3
Sasha-Jaysley,3,0,3
Sashah,0,3,3
Sashala,0,3,3
Sashamaine,0,3,3
Sashee,3,0,3
Sasheen,0,3,3
Sashiek,3,0,3
Sashika,0,3,3
Sashiko,0,3,3
Sashil,3,0,3
Sashin,3,0,3
Sashira,0,3,3
Sashka,0,3,3
Sasho,3,0,3
Sashvitadevi,0,3,3
Sashwin,3,0,3
Sasiakshiga,0,3,3
Sasif,0,3,3
Sasih,0,3,3
Sasikala,0,3,3
Sasikirana,0,3,3
Sasilio,3,0,3
Sasimba,0,3,3
Sasindaran,3,0,3
Sasinie,0,3,3
Sasira,0,3,3
Sasirakshana,0,3,3
Sasiton,0,3,3
Sasitorn,3,0,3
Sasiwakshini,0,3,3
Sasiwita,0,3,3
Sasja-Jeanine,0,3,3
Sasjai,3,0,3
Sasjikapoer,3,0,3
Sasjka,0,3,3
Saskaja,0,3,3
Saskaya,0,3,3
Saskell,3,0,3
Saskhia,0,3,3
Saskia-Ann,0,3,3
Saskia-Christine,0,3,3
Saskia-Dina,0,3,3
Saskia-Ilse,0,3,3
Saskia-Itelga,0,3,3
Saskia-Marije,0,3,3
Saskia-Marlies,0,3,3
Saskia-Ro,0,3,3
Saskia-Sophie,0,3,3
Saskia-Suzanne,0,3,3
Saskiadebie,0,3,3
Saskiena,0,3,3
Saskija,0,3,3
Saskinus,3,0,3
Saško,3,0,3
Sasmi,0,3,3
Sasmijani,0,3,3
Sasmini,0,3,3
Sasmona,0,3,3
Sasö,3,0,3
Sason,3,0,3
Sasongko,3,0,3
Sasonko,3,0,3
Sasoué,0,3,3
Sasri,0,3,3
Sassha,0,3,3
Sassicaia,0,3,3
Sassillia,0,3,3
Sassinto,3,0,3
Sassou,3,0,3
Sassu,3,0,3
Sassy,0,3,3
Sastera,0,3,3
Sastha,0,3,3
Sastia,0,3,3
Sasto,3,0,3
Sastrawan,3,0,3
Sastrey,0,3,3
Sastri,0,3,3
Sastrosentono,3,0,3
Sasufrempong,3,0,3
Sasui,3,0,3
Sasuviän,3,0,3
Sasveta,0,3,3
Saswati,0,3,3
Saswika,0,3,3
Saswina,0,3,3
Saszcha,3,0,3
Sat-Tila,3,0,3
Satara,0,3,3
Satare,0,3,3
Satareh,0,3,3
Satarijem,0,3,3
Sataysh,0,3,3
Satbere,0,3,3
Satbhama,0,3,3
Satbir,3,0,3
Satchadevi,0,3,3
Satchell,3,0,3
Satchella,0,3,3
Satchitanand,3,0,3
Satchitananda,3,0,3
Satchithananthan,3,0,3
Sateesha,0,3,3
Sateeshkoemar,3,0,3
Satèmie,0,3,3
Satender,3,0,3
Satenig,0,3,3
Sater,3,0,3
Sathanan,3,0,3
Sathápon,3,0,3
Sathayakumar,0,3,3
Sathesan,3,0,3
Sathia,3,0,3
Sathian,3,0,3
Sathiawatie,0,3,3
Sathien,0,3,3
Sathies,3,0,3
Sathija,0,3,3
Sathima,0,3,3
Sathisan,3,0,3
Sathiskumar,3,0,3
Sathit,3,0,3
Sathiyen,3,0,3
Sathmo,3,0,3
Sathnarain,3,0,3
Sathnarainsingh,3,0,3
Sathobang,0,3,3
Sathprem,3,0,3
Sathroepa,0,3,3
Sathujan,3,0,3
Sathurthiga,0,3,3
Sathusan,3,0,3
Sathutiyan,3,0,3
Sathveega,0,3,3
Sathvik,3,0,3
Sathyan,3,0,3
Sathyaswaroopini,0,3,3
Sathyra,0,3,3
Satí,0,3,3
Satiadebie,0,3,3
Satianrapong,3,0,3
Satianushia,0,3,3
Satiaparkash,3,0,3
Satidevi,0,3,3
Satiena,0,3,3
Satieshkumar,3,0,3
Satieskumar,3,0,3
Satiespersad,3,0,3
Satif,3,0,3
Satife,0,3,3
Satiga,0,3,3
Satih,0,3,3
Satihanim,0,3,3
Satıhanim,0,3,3
Satijanperkash,3,0,3
Satijendra,3,0,3
Satima,0,3,3
Satimah,0,3,3
Satiman,3,0,3
Satimoen,3,0,3
Satindre,3,0,3
Satinè,0,3,3
Satine-Anastacia,0,3,3
Satinie,0,3,3
Satinique,0,3,3
Satınur,0,3,3
Satioko,3,0,3
Satiprakash,3,0,3
Satiro,3,0,3
Satisa,0,3,3
Satischand,3,0,3
Satischkoemar,3,0,3
Satischperkaas,3,0,3
Satishadevi,0,3,3
Satishchand,3,0,3
Satishlall,3,0,3
Satishsharma,3,0,3
Satishsingh,3,0,3
Satiskoemar,3,0,3
Satiskumar,3,0,3
Satisprakash,3,0,3
Satisurija,0,3,3
Satiy,0,3,3
Satiya-mahina,0,3,3
Satiyan,3,0,3
Satiyanand,3,0,3
Satiyaperkash,3,0,3
Satiyar,3,0,3
Satiyawatie,0,3,3
Satjadathsarma,3,0,3
Satjan,3,0,3
Satjanandperkash,3,0,3
Satjanarain,3,0,3
Satjaperkash,3,0,3
Satjaprakash,3,0,3
Satjawansingh,3,0,3
Satjaynand,3,0,3
Satjedew,3,0,3
Satjeed,3,0,3
Satjeetsingh,3,0,3
Satjender,3,0,3
Satjewatie,0,3,3
Satjiabhama,0,3,3
Satko,3,0,3
Satnaam,3,0,3
Satnin,0,3,3
Sato,3,0,3
Satoesha,0,3,3
Satoko,0,3,3
Satomi,0,3,3
Satoria,0,3,3
Satour,3,0,3
Satparkash,3,0,3
Satrachie,0,3,3
Satrangi,0,3,3
Satre,3,0,3
Satrensjha,0,3,3
Satriaji,3,0,3
Satrian,3,0,3
Satrianus,3,0,3
Satriatama,3,0,3
Satriea,3,0,3
Satrinxa,3,0,3
Satrio,3,0,3
Satrisno,3,0,3
Satriwar,3,0,3
Satriyo,3,0,3
Satrohanpersad,3,0,3
Satronilio,3,0,3
Satroopa,0,3,3
Satrugan,3,0,3
Satshella,0,3,3
Satsia,0,3,3
Satski,0,3,3
Satsuki,0,3,3
Satta,3,0,3
Sattaar,3,0,3
Sattargan,3,0,3
Sattawat,3,0,3
Sattiam,3,0,3
Sattie,0,3,3
Sattija,0,3,3
Sattijanna,0,3,3
Sattina,0,3,3
Sattishkoemar,3,0,3
Sattnarain,3,0,3
Sattva-Jiva,3,0,3
Satty,0,3,3
Sattyam,3,0,3
Sattyaperkash,3,0,3
Satulé,0,3,3
Saturina,0,3,3
Saturnia,0,3,3
Saturnilia,0,3,3
Satürniño,3,0,3
Saturnius,3,0,3
Saturnus,3,0,3
Satvasen,3,0,3
Satvatie,0,3,3
Satveer,3,0,3
Satvi,0,3,3
Satviki,0,3,3
Satvirsingh,3,0,3
Satvisha,0,3,3
Satwarth,3,0,3
Satwieka,0,3,3
Satwo,0,3,3
Saty,0,3,3
Satya-Anand,3,0,3
Satya-Deepak,3,0,3
Satyaa,3,0,3
Satyadevi,0,3,3
Satyadjeet,3,0,3
Satyah,3,0,3
Satyajitsing,3,0,3
Satyajitsingh,3,0,3
Satyajot,0,3,3
Satyakaam,3,0,3
Satyakoemar,3,0,3
Satyakumar,3,0,3
Satyampersad,3,0,3
Satyamsagar,3,0,3
Satyamsingh,3,0,3
Satyānanda,0,3,3
Satyananda,0,3,3
Satyanandsingh,3,0,3
Satyankumar,3,0,3
Satyant,3,0,3
Satyaperkash,3,0,3
Satyaprakaash,3,0,3
Satyaprakash,3,0,3
Satyaraadj,3,0,3
Satyarani,0,3,3
Satyart,3,0,3
Satyarupa,0,3,3
Satyavatí,0,3,3
Satyavatie,0,3,3
Satyavijayprakash,3,0,3
satyavrath,3,0,3
Satyawan,3,0,3
Satyawety,0,3,3
Satyawrath,3,0,3
Satyejiet,3,0,3
Satyem,3,0,3
Satyender,3,0,3
Satyendrapersad,3,0,3
Satyesh,0,3,3
Satyevir,3,0,3
Sau-Fong,0,3,3
Sau-Gyun,0,3,3
Sau-Kuen,0,3,3
Sau-Len,0,3,3
Sau-Li,0,3,3
Sau-Ting,0,3,3
Sau-Yon,0,3,3
Sauco,3,0,3
Saudatu,0,3,3
Saudin,3,0,3
Saudis,3,0,3
Saudy,0,3,3
Saufang,0,3,3
Saufia,0,3,3
Saufiane,3,0,3
Saugaat,0,3,3
Saukatalie,3,0,3
Saul-Petrus,3,0,3
Saulaiman,3,0,3
Saulė,0,3,3
Saulé,0,3,3
Saulė-Maria,0,3,3
Saulina,3,0,3
Saulle,0,3,3
Saulrita,0,3,3
Saumalina,0,3,3
Saumane,0,3,3
Saumieya,0,3,3
Sauming,3,0,3
Saumitha,0,3,3
Saumu,0,3,3
Saumyaa,0,3,3
Saunat,3,0,3
Saunders,0,3,3
Saundrey,0,3,3
Saunetsingh-Suraj,3,0,3
Sauqi,3,0,3
Saurab,3,0,3
Saurabh,3,0,3
Sauria,0,3,3
Sauron,3,0,3
Sausana,0,3,3
Sautter,3,0,3
Sauvan,3,0,3
Sauvana,0,3,3
Sauveline,0,3,3
Sauvine,0,3,3
Sauvoin,3,0,3
Sauw-Yuh,3,0,3
Sauwkatalie,3,0,3
Sauwmya,0,3,3
Sauwwad,3,0,3
Sav,3,0,3
Savaan,0,3,3
Savaanha,0,3,3
Savaanya,0,3,3
Savadovich,3,0,3
Savae,0,3,3
Savaël,3,0,3
Savagne,0,3,3
Savah,0,3,3
Savahanna,0,3,3
Savahnah,0,3,3
Savahnna,0,3,3
Savai,3,0,3
Savaina,0,3,3
Savairo,3,0,3
Savaldi,3,0,3
Savaley,3,0,3
Savali,0,3,3
Savalja,0,3,3
Savaña,0,3,3
Savanah-Lara,0,3,3
Savanhne,0,3,3
Savanisha,0,3,3
Savanjay,3,0,3
Savankoemar,3,0,3
Savanna-Rose,0,3,3
Savännah,0,3,3
Savannah-Joëlle,0,3,3
Savannah-Rose,0,3,3
Savannan,0,3,3
Savanneh,0,3,3
Savannha,0,3,3
Savanni,0,3,3
Savannus,3,0,3
Savantha,0,3,3
Savar,3,0,3
Savarina,0,3,3
Savarinawatie,0,3,3
Savarinjo,3,0,3
Savarna,0,3,3
Savarngil,3,0,3
Savary,0,3,3
Savash,3,0,3
Savastika,0,3,3
Savat,0,3,3
Savayèn,0,3,3
Savayenna,0,3,3
Savayna,0,3,3
Savda,0,3,3
Save,3,0,3
Savean,3,0,3
Savedin,3,0,3
Saveera,0,3,3
Savela,0,3,3
Saveliy,3,0,3
Savella,0,3,3
Savelle,3,0,3
Savelly,0,3,3
Savelta,0,3,3
Savena,0,3,3
Savendro,3,0,3
Savènnah,0,3,3
Savenya,0,3,3
Saveo,3,0,3
Savére,3,0,3
Saverea,0,3,3
Saverean,3,0,3
Saverha,0,3,3
Saverinio,3,0,3
Saverinjo,3,0,3
Saverino,3,0,3
Saverjo,3,0,3
Savero,3,0,3
Saveryo,3,0,3
Savhanne,0,3,3
Savhenna,0,3,3
Saví,3,0,3
Sàvi,0,3,3
Savi-Ann,0,3,3
Savi-éll,3,0,3
Savianna,0,3,3
Savianne,0,3,3
Savic,3,0,3
Savidya,0,3,3
Savieija,0,3,3
Saviek,3,0,3
Savieka,0,3,3
Saviél,0,3,3
Savielja,0,3,3
Savielle,0,3,3
Savièlle,0,3,3
Saviëlle-Vayén,0,3,3
Savien,0,3,3
Savienagatoen,0,3,3
Saviëne,0,3,3
Saviènne,0,3,3
Saviënny,0,3,3
Savïeno,3,0,3
Saviënsa,0,3,3
Savièr,3,0,3
Savièra,0,3,3
Savièro,3,0,3
Saviërro,3,0,3
Saviery,3,0,3
Savigny,0,3,3
Saviha,0,3,3
Savija,0,3,3
Savijanka,0,3,3
Savile,0,3,3
Savilja,0,3,3
Savilouska,0,3,3
Savîn,0,3,3
Savincia,0,3,3
Savines,0,3,3
Savinho,3,0,3
Savini,0,3,3
Saviniane,0,3,3
Savinja,0,3,3
Savinjo,3,0,3
Savinly,3,0,3
Savinne,0,3,3
Savinni,3,0,3
Savintrie-Dewi,0,3,3
Savinya,0,3,3
Savirah,0,3,3
Savirel,0,3,3
Savitā,0,3,3
Savita-Devi,0,3,3
Savitar,3,0,3
Savitra-Kumar,3,0,3
Savitridebie,0,3,3
Savitridevi,0,3,3
Savitriedeby,0,3,3
Savitriedevie,0,3,3
Savitro,3,0,3
Savitry,0,3,3
Saviyenne,0,3,3
Savjan,0,3,3
Savjel,3,0,3
Savjen,0,3,3
Savlet,3,0,3
Savoerah,0,3,3
Savoia,0,3,3
Savonite,0,3,3
Savos,3,0,3
Savouix,3,0,3
Savraj,3,0,3
Savran,3,0,3
Savri,0,3,3
Savriël,3,0,3
Savrijn,3,0,3
Savrin,0,3,3
Savrine,0,3,3
Savrithy,0,3,3
Savroenissa,0,3,3
Savronisa,0,3,3
Savtug,3,0,3
Savuan,3,0,3
Savvanah,0,3,3
Savvon,3,0,3
Savya,3,0,3
Savyë,3,0,3
Savyehna,0,3,3
Savyelle,0,3,3
Savyno,3,0,3
Savyon,3,0,3
Savyrne,0,3,3
Sawaan,3,0,3
Sawaankumar,3,0,3
Sawaddie,0,3,3
Sawadee,3,0,3
Sawadi,0,3,3
Sawaf,3,0,3
Sawai,0,3,3
Sawang,3,0,3
Sawanthi,3,0,3
Sawanya,0,3,3
Sawara,0,3,3
Sawardi,0,3,3
Sawardy,0,3,3
Sawarin,0,3,3
Sawat,3,0,3
Sawayz,3,0,3
Sawdah,0,3,3
Sawé,0,3,3
Sawe,0,3,3
Saweera,0,3,3
Saweesh,3,0,3
Saweeta,0,3,3
Saweez,0,3,3
Sawélé,3,0,3
Saweli,3,0,3
Sawena,0,3,3
Sawendah,0,3,3
Saweta,0,3,3
Sawéz,3,0,3
Sawiam,0,3,3
Sawian,3,0,3
Sawie,3,0,3
Sawiër,3,0,3
Sawietrie,0,3,3
Sawietrie-Devi,0,3,3
Sawijam,0,3,3
Sawijem,0,3,3
Sawijon,3,0,3
Sawijum,0,3,3
Sawil,0,3,3
Sawino,3,0,3
Sawintra,0,3,3
Sawita-Devi,0,3,3
Sawitha,0,3,3
Sawitha-Kumari,0,3,3
Sawitree,0,3,3
Sawitridebi,0,3,3
Sawitriedebie,0,3,3
Sawitry,0,3,3
Sawiyaa,0,3,3
Sawn,3,0,3
Sawn-Ul-Hassan,3,0,3
Sawni,0,3,3
Sawnri,0,3,3
Sawraj,3,0,3
Sawsene,0,3,3
Sawudatu,0,3,3
Sawunggaling,3,0,3
Sawwa,3,0,3
Sawyin,3,0,3
Sawyum,0,3,3
Saxby,0,3,3
Saxen,0,3,3
Saxius,3,0,3
Saxo,3,0,3
Saxus,3,0,3
Saxwin,3,0,3
Say-naigely,0,3,3
Say-yed,3,0,3
Saya-Karia,0,3,3
Saya-Lou,0,3,3
Sayaadkhan,3,0,3
Sayaan,3,0,3
Sayada,0,3,3
Sayadali,3,0,3
Sayadkhan,3,0,3
Sayairo,3,0,3
Sayako,0,3,3
Sayali,0,3,3
Sayalin,0,3,3
Sayama,0,3,3
Sayamay,3,0,3
Sayamon,0,3,3
Sayan-Claude,3,0,3
Sayanaira,0,3,3
Sayandina,0,3,3
Sayane,0,3,3
Sayangsari,0,3,3
Sayanku,3,0,3
Sayankumar,3,0,3
Sayanna,0,3,3
Sayant,3,0,3
Sayanthan,3,0,3
Sayarath,3,0,3
Sayari,0,3,3
Sayarina,0,3,3
Sayash,3,0,3
Sayashi,0,3,3
Sayat,3,0,3
Sayavanna,0,3,3
Saychon,0,3,3
Saydam,3,0,3
Sayde,0,3,3
Saydehnu,0,3,3
Saydian,3,0,3
Saydjadah,3,0,3
Saydy,0,3,3
Sayeada,0,3,3
Sayed-Ali,3,0,3
Sayed-Khan,3,0,3
Sayedah,0,3,3
Sayedreshad,3,0,3
Sayeef,3,0,3
Sayehra,0,3,3
Sayeko,0,3,3
Sayekti,0,3,3
Sayel,3,0,3
Sayell,0,3,3
Sayèlle,0,3,3
Sayemi,0,3,3
Sayena,0,3,3
Sayèna,0,3,3
Sayendely,0,3,3
Sayendoriah,0,3,3
Sayénn,0,3,3
Sayente,0,3,3
Sayenzo,3,0,3
Sayera,0,3,3
Sayerra,0,3,3
Sayerre,3,0,3
Sayeste,0,3,3
Sayf-Dean,3,0,3
Sayf-Eddin,3,0,3
Sayf-Edinne,3,0,3
Sayfdeen,3,0,3
Sayfdin,3,0,3
Sayfedean,3,0,3
Sayff,3,0,3
Sayfodin,3,0,3
Sayfollah,3,0,3
Sayfoudin,3,0,3
Sayfoullaah,3,0,3
Sayfoullah,3,0,3
Sayfuddin,3,0,3
Sayfuddine,3,0,3
Sayfudien,3,0,3
Sayfudinne,3,0,3
Saygen,3,0,3
Saygi,0,3,3
Saygina,0,3,3
Sayginer,3,0,3
Sayhaan,3,0,3
Sayhe,0,3,3
Sayi,3,0,3
Sayiama,0,3,3
Sayibe,0,3,3
Sayidali,3,0,3
Sayidana,0,3,3
Sayide,0,3,3
Sayief,3,0,3
Sayime,0,3,3
Sayin,3,0,3
Sayinah,0,3,3
Sayinthe,0,3,3
Sayinur,0,3,3
Sayip,3,0,3
Sayipe,0,3,3
Sayithijan,3,0,3
Sayl,3,0,3
Saylee,3,0,3
Saylena,0,3,3
Saylendra,3,0,3
Saylenna,0,3,3
Saylesh,3,0,3
Saylina,0,3,3
Saylis,3,0,3
Saylishen,3,0,3
Saylor,3,0,3
Saymae,0,3,3
Saymiera,0,3,3
Saymona,0,3,3
Saymond,3,0,3
Saymor,0,3,3
Saynaas,0,3,3
Saynae,0,3,3
Saynap,0,3,3
Sayne,0,3,3
Saynor,0,3,3
Saynorá,0,3,3
Saynzo,3,0,3
Sayo,0,3,3
Sayoa,0,3,3
Sayoenara,0,3,3
Sayola,0,3,3
Sayomi,0,3,3
Sayomii,0,3,3
Sayonaira,0,3,3
Sayoni,0,3,3
Sayora,0,3,3
Sayori,0,3,3
Sayou,0,3,3
Sayovana,0,3,3
Saypa,0,3,3
Sayran,0,3,3
Sayreé,3,0,3
Sayreen,0,3,3
Sayréna,0,3,3
Sayrha,0,3,3
Sayrina,0,3,3
Sayro,3,0,3
Sayroeng,3,0,3
Sayroennisha,0,3,3
Saysivelle,0,3,3
Sayudha,3,0,3
Sayudi,0,3,3
Sayumi,0,3,3
Sayury,0,3,3
Sayuta,3,0,3
Sayveca,0,3,3
Sayveka,0,3,3
Sayvian,3,0,3
Sayvion,3,0,3
Sayvony,0,3,3
Saywa,0,3,3
Sayyada,0,3,3
Sayyedah,0,3,3
Sayyedali,3,0,3
Sayyidah,0,3,3
Sayyuo,3,0,3
Sazar,3,0,3
Sazdar,3,0,3
Sazde,0,3,3
Sazet,0,3,3
Sazette,0,3,3
Saziagatoen,0,3,3
Sazin,0,3,3
Sazira,0,3,3
Sazwan,3,0,3
Sazwar,3,0,3
Sazylene,0,3,3
Sbah,0,3,3
Sbarta,0,3,3
Sbhanaz,0,3,3
Scadiya,0,3,3
Scady,3,0,3
Scaia,0,3,3
Scala,0,3,3
Scally,3,0,3
Scandal,0,3,3
Scandel,3,0,3
Scandell,3,0,3
Scander,3,0,3
Scandjah,3,0,3
Scandy,3,0,3
Scapa,3,0,3
Scar,0,3,3
Scarabee,0,3,3
Scarlett-Arabelle,0,3,3
Scarlett-Joan,0,3,3
Scarlett-Rose,0,3,3
Scarlett-Sky,0,3,3
Scarlett-Suzette,0,3,3
Scarlin,0,3,3
Scarling,0,3,3
Scarlyn,0,3,3
Scarog,3,0,3
Scáthach,0,3,3
Scav,3,0,3
Scay,3,0,3
Sccot,3,0,3
Scenerio,3,0,3
Scephwaon,3,0,3
Scerisso,3,0,3
Scevian,3,0,3
Schaars,3,0,3
Schabina,0,3,3
Schabnam,0,3,3
Schabrina,0,3,3
Schacolina,0,3,3
Schadhana,0,3,3
Schadina,0,3,3
Schadisja,0,3,3
Schadrak,3,0,3
Schadriescha,0,3,3
Schady,3,0,3
Schaë,0,3,3
Schafia,0,3,3
Schafiek,3,0,3
Schafira,0,3,3
Schagilio,3,0,3
Schahida,0,3,3
Schaie,3,0,3
Schajena,0,3,3
Schaju,3,0,3
Schakil,3,0,3
Schalaica,0,3,3
Schalene,0,3,3
Schalindra,3,0,3
Schalkje,0,3,3
Schalkszoon,3,0,3
Schalmon,3,0,3
Schama,0,3,3
Schamila,0,3,3
Schamilzo,3,0,3
Schamma,3,0,3
Schammua,0,3,3
Schams,3,0,3
Schamschan,0,3,3
Schanaz,0,3,3
Schandra,0,3,3
Schane,3,0,3
Schaneequa,0,3,3
Schaneida,0,3,3
Schaneska,0,3,3
Schanice,0,3,3
Schanilza,0,3,3
Schaniro,3,0,3
Schanisa,0,3,3
Schannefiëve,0,3,3
Schantal,0,3,3
Schanti,3,0,3
Schany,0,3,3
Schaouk,3,0,3
Scharda,0,3,3
Scharéa,0,3,3
Scharissa,0,3,3
Scharlesta,0,3,3
Scharlett,0,3,3
Scharliene,0,3,3
Scharling,0,3,3
Scharluintje,0,3,3
Scharmaine,0,3,3
Scharmiella,0,3,3
Scharomaire,3,0,3
Scharony,0,3,3
Scharyta,0,3,3
Schatiskumar,3,0,3
Schauna,0,3,3
Schaune,3,0,3
Schavig,3,0,3
Schawanna,0,3,3
Schawki,3,0,3
Schayenne,0,3,3
Schayma,0,3,3
Schaymaa,0,3,3
Schaymae,0,3,3
Schayron,3,0,3
Schèchmous,3,0,3
Schedrik,3,0,3
Scheena,0,3,3
Scheerstra,3,0,3
Scheguealber,3,0,3
Schéherazade,0,3,3
Schéhèrazade,0,3,3
Scheherezade,0,3,3
Schei,0,3,3
Scheidlair,3,0,3
Scheilindra,3,0,3
Scheima,0,3,3
Scheimaa,0,3,3
Schejrid,0,3,3
Schekan,3,0,3
Schelaika,0,3,3
Scheldina,0,3,3
Scheldon,3,0,3
Schèleen,0,3,3
Schellina,0,3,3
Schello,3,0,3
Schelomo,3,0,3
Schelte-Jan,3,0,3
Scheltes,3,0,3
Scheltolina,0,3,3
Schendl,0,3,3
Schenelle,0,3,3
Scheng,3,0,3
Schengi,3,0,3
Schenneli,3,0,3
Schenol,3,0,3
Schera,0,3,3
Scheragatoen,0,3,3
Scheraldine,0,3,3
Scheramia,0,3,3
Scherany,0,3,3
Schereli,0,3,3
Scherieven,0,3,3
Scherina,0,3,3
Scherine,0,3,3
Schermaine,0,3,3
Scherny,0,3,3
Scherona,0,3,3
Scherrazed,0,3,3
Scherriel,0,3,3
Scherry,0,3,3
Schervianka,0,3,3
Schery,3,0,3
Scheryse,0,3,3
Scheuwit,0,3,3
Schi,3,0,3
Schiadorni,3,0,3
Schiavone,0,3,3
Schiedska,0,3,3
Schiefaida,0,3,3
Schiehad,0,3,3
Schier,3,0,3
Schierodj,3,0,3
Schiewanie,0,3,3
Schiewen,3,0,3
Schifrah,0,3,3
Schijndel,3,0,3
Schiller,3,0,3
Schilman,3,0,3
Schima,0,3,3
Sching,3,0,3
Schipper,3,0,3
Schippers,3,0,3
Schirazeh,0,3,3
Schirem,0,3,3
Schirief,3,0,3
Schiriel,0,3,3
Schirien,0,3,3
Schirin,0,3,3
Schirine,0,3,3
Schirk,3,0,3
Schirly,0,3,3
Schiromy,0,3,3
Schirra,0,3,3
Schivan,3,0,3
Schivano,3,0,3
Schivlòné,3,0,3
Schlichte,0,3,3
Schlomo,3,0,3
Schmael,3,0,3
Schnell,0,3,3
Scholasticus,3,0,3
Scholastieca,0,3,3
Schollastica,0,3,3
Schollef,3,0,3
Scholtiena,0,3,3
Scholtinus,3,0,3
Schonie,3,0,3
Schoot,3,0,3
Schöpke,3,0,3
Schoula,0,3,3
Schout,3,0,3
Schouteke,0,3,3
Schoutine,0,3,3
Schoutrina,0,3,3
Schouwtje,0,3,3
Schrevalina,0,3,3
Schrevel,3,0,3
Schridebie,0,3,3
Schrlijson,3,0,3
Schubert,3,0,3
Schulte,3,0,3
Schulto,3,0,3
Schumi,3,0,3
Schuraily,3,0,3
Schurny,3,0,3
Schuruska,0,3,3
Schuscha,0,3,3
Schuurman,3,0,3
Schwanebeck,3,0,3
Schwantje,0,3,3
Schwoppeke,0,3,3
Schygulla,0,3,3
Schyne,0,3,3
Schødt,0,3,3
Sciajolano,3,0,3
Sciandri,3,0,3
Sciarel,0,3,3
Sciarella,0,3,3
Scien,3,0,3
Scipion,3,0,3
Scippio,3,0,3
Scitt,3,0,3
Sciura,0,3,3
Scleisis,3,0,3
Sco,3,0,3
Scoiï,3,0,3
Scoiwke,3,0,3
Scolito,3,0,3
Scolt,3,0,3
Scooter,3,0,3
Scorpio,3,0,3
Scotch,3,0,3
Scotland,0,3,3
Scott-Anthony,3,0,3
Scottey,3,0,3
Scottwald,3,0,3
Screeta,0,3,3
Scrinerius,3,0,3
Scrum,3,0,3
Scuba,0,3,3
Scura,0,3,3
Scybell,0,3,3
Scylar,0,3,3
Sdena,0,3,3
Se'ara,0,3,3
Se'Jahliyo,3,0,3
Sé-fany,0,3,3
Se-Hi,0,3,3
Se-Hyun,3,0,3
Se-Jin,3,0,3
Se-Raiya,0,3,3
Se-Won,3,0,3
Se-Young,0,3,3
Sea-Enna,0,3,3
Sea-Janny,0,3,3
Sea-King,3,0,3
Sea-Leung,3,0,3
Seabean,3,0,3
Seabright,3,0,3
Seacle,3,0,3
Seadeta,0,3,3
Séadhna,3,0,3
Seadna,3,0,3
Seadyn,3,0,3
Seaf,3,0,3
Seafeldeen,3,0,3
Seafith,3,0,3
Seak,0,3,3
Sealiah,3,0,3
Sealver,3,0,3
Sealy-Otis,3,0,3
Seam,3,0,3
Seamas,3,0,3
Seames,3,0,3
Seamira,0,3,3
Seãmus,3,0,3
Sēan,3,0,3
Seän,3,0,3
Sèan,3,0,3
Seān,3,0,3
Sean-Daniel,3,0,3
Sean-Dion,3,0,3
Sean-dre,3,0,3
Sean-Everson,3,0,3
Sean-Fenn,3,0,3
Sean-Francis,3,0,3
Sean-Jayden,3,0,3
Sean-John,3,0,3
Sean-Julian,3,0,3
Sean-Kas,3,0,3
Sean-Lee,3,0,3
Sean-lou,3,0,3
Sean-Luca,3,0,3
Sean-Michel,3,0,3
Sean-Mike,3,0,3
Sean-Miliano,3,0,3
Sean-Moreno,3,0,3
Sean-nuël,3,0,3
Sean-Owen,3,0,3
Sean-Patrick,3,0,3
Sean-Tiere,3,0,3
Seanàn,3,0,3
Seancy,0,3,3
Seandiro,3,0,3
Seandré,3,0,3
Seanéliën,3,0,3
Seanerry,3,0,3
Seanette,0,3,3
Seanie,0,3,3
Seanif,0,3,3
Seanine,0,3,3
Seanjay,3,0,3
Seanjayhlin,3,0,3
Seanluc,3,0,3
Seanmichael,3,0,3
Séanna,0,3,3
Seannah,0,3,3
Seannie,0,3,3
Séano,3,0,3
Seano,3,0,3
Seanpaul,3,0,3
Seanrick,3,0,3
Seansy,0,3,3
Seantain,0,3,3
Seantelle,0,3,3
Seantliar,3,0,3
Seantony,3,0,3
Seara,0,3,3
Searahmad,3,0,3
Seard,3,0,3
Seare,3,0,3
Seargeoh-Gordon,3,0,3
Seargiano,3,0,3
Searginio,3,0,3
Searja,3,0,3
Séarlait,0,3,3
Searle,3,0,3
Searp,3,0,3
Sears,0,3,3
Seasily,0,3,3
Seath,3,0,3
Seato,3,0,3
Seaver,3,0,3
Séavyon,3,0,3
Seawahsh,3,0,3
Seawi,0,3,3
Séawouhi,0,3,3
Seayana,0,3,3
Seayenna,0,3,3
Seayonie,0,3,3
Seayrs,3,0,3
Sebaastiaan,3,0,3
Sebachthian,3,0,3
Sebaggala,3,0,3
Sebahatdin,3,0,3
Sebahatin,3,0,3
Sebaldina,0,3,3
Séban,3,0,3
Sebanur,0,3,3
Sebanya,3,0,3
Sebasiaan,3,0,3
Sebasstiaan,3,0,3
Sebastain,3,0,3
Sebasteaan,3,0,3
Sebasteana,0,3,3
Sebasthiaan,3,0,3
Sebasthian,3,0,3
Sebasti-Jan,3,0,3
Sebastíaan,3,0,3
Sebastiààn,3,0,3
Sebastiaan-Borre,3,0,3
Sebastiaan-Jacob,3,0,3
Sebastiaan-Jason,3,0,3
Sebastiaan-Jeroen,3,0,3
Sebastiaan-Julian,3,0,3
Sebastiaan-Robbert,3,0,3
Sebastiaan-Robin,3,0,3
Sebastiaan-Yuri,3,0,3
Sebastiaane,0,3,3
Sebastiaanus,3,0,3
Sebastiaar,3,0,3
Sebàstian,3,0,3
Sébastiàn,3,0,3
Sebastiän,3,0,3
Sebastiân,3,0,3
Sebastian-Johannes,3,0,3
Sébastiana,0,3,3
Sebastianius,3,0,3
Sebastiann,3,0,3
Sebastianne,0,3,3
Sebastianpillai,3,0,3
Sebastiaô,3,0,3
Sebastie,0,3,3
Sêbastien,3,0,3
Sébastién,3,0,3
Sébastien-Grégorie,3,0,3
Sebastiën-Milo,3,0,3
Sébastiene,0,3,3
Sebastiéne,0,3,3
Sébastiènne,0,3,3
Sébastiënne,0,3,3
Sebastin,3,0,3
Sébastine,0,3,3
Sebastinette,0,3,3
Sebastini,0,3,3
Sebastinie,0,3,3
Sebastino,3,0,3
Sebastinus,3,0,3
Sebastion,3,0,3
Sebastisnus,3,0,3
Sebastiyaan,3,0,3
Sebastony,3,0,3
Sebasttiaan,3,0,3
Sebastyn,3,0,3
Sebasztiën,3,0,3
Sebati,3,0,3
Sebatianus,3,0,3
Sebattat,0,3,3
Sebavi,0,3,3
Sebean,3,0,3
Sebeau,0,3,3
Sebechina,0,3,3
Sebegina,0,3,3
Sebeh,3,0,3
Sebelie,0,3,3
Sebelientje,0,3,3
Sebeljan,3,0,3
Sebena,0,3,3
Sebep,3,0,3
Seber,0,3,3
Seberdien,0,3,3
Seberdine,0,3,3
Sebert,3,0,3
Sebestean,3,0,3
Sebestian,3,0,3
Sebestianet,3,0,3
Sebeva,0,3,3
Sebie,3,0,3
Sebieda,0,3,3
Sebiela,0,3,3
Sebiella,0,3,3
Sebiene,0,3,3
Sebihan,0,3,3
Sebihat,0,3,3
Sebijn,0,3,3
Sebila,0,3,3
Sebilat,0,3,3
Sebilay,0,3,3
Sebino,3,0,3
Sebiny,0,3,3
Sebita,0,3,3
Sebius,3,0,3
Sebiya,0,3,3
Sebiye,0,3,3
Sebiyle,0,3,3
Seble,0,3,3
Sebleberhan,0,3,3
Seblina,0,3,3
Sebo-Hans,3,0,3
Sebo-Jaap,3,0,3
Sebo-Jan,3,0,3
Sebojan,3,0,3
Sebolina,0,3,3
Sebongile,0,3,3
Sebora,0,3,3
Sebraine,0,3,3
Sebrand,3,0,3
Sébrand,3,0,3
Sebrechta,0,3,3
Sèbrie,3,0,3
Sébrine,0,3,3
Sebryna,0,3,3
Sebuka,0,3,3
Sebur,3,0,3
Sebyha,0,3,3
Sebylle,0,3,3
Sêbylon,3,0,3
Sebyon,3,0,3
Sebzine,0,3,3
Sec,0,3,3
Secan,3,0,3
Secar,3,0,3
Seccad,3,0,3
Seccat,3,0,3
Secco,3,0,3
Secergio,3,0,3
Secgin,3,0,3
Seçgin,3,0,3
Sechaba,3,0,3
Secharja,3,0,3
Sechella,0,3,3
Sechen,3,0,3
Sechiko,0,3,3
Sechmet,0,3,3
Seçilay,0,3,3
Seçilya,0,3,3
Secinio,3,0,3
Secoentela,0,3,3
Secourney,0,3,3
Secoy,3,0,3
Secret,0,3,3
Secumdina,0,3,3
Secundea,0,3,3
Secundino,3,0,3
Secyl,0,3,3
Sedâ,0,3,3
Seda-Gamze,0,3,3
Seda-Ilkay,0,3,3
Sedaf,0,3,3
Sedaira,0,3,3
Sedal,3,0,3
Sedale,3,0,3
Sedalia,0,3,3
Sedan,3,0,3
Sedānur,0,3,3
Sedaqet,0,3,3
Sédar,3,0,3
Sêdar,3,0,3
Sedarous,0,3,3
Sedcia,0,3,3
Seddar,3,0,3
Sedden,0,3,3
Sedderink,3,0,3
Seddick,3,0,3
Seddoh,0,3,3
Seddrick,3,0,3
Sedek,3,0,3
Sedekia,0,3,3
Sedela,0,3,3
Sedem,3,0,3
Sedena,0,3,3
Sedenka,0,3,3
Sèderick,3,0,3
Sederik,3,0,3
Sederino,3,0,3
Sedessio,3,0,3
Sedge,3,0,3
Sedger,3,0,3
Sedham,3,0,3
Sedhar,3,0,3
Sédi,0,3,3
Sedian,3,0,3
Sedic,3,0,3
Sedicion,0,3,3
Sedid,3,0,3
Sediëh,0,3,3
Sedieke,0,3,3
Sedigeh,0,3,3
Sedijanto,3,0,3
Sedijordan,3,0,3
Sedil,0,3,3
Sedina,0,3,3
Sedinam,0,3,3
Sedion,3,0,3
Sedira,0,3,3
Sediro,3,0,3
Sediye,0,3,3
Sedja,0,3,3
Sedjarah,0,3,3
Sedjati,0,3,3
Sedjila,0,3,3
Sedjina,0,3,3
Sedjoed,0,3,3
Sedjotrisno,3,0,3
Sèdjro,3,0,3
Sedmar,3,0,3
Sedneck,3,0,3
Sedoc,3,0,3
Sedoine,3,0,3
Sèdra,0,3,3
Sedrak,3,0,3
Sedrettin,3,0,3
Sedriano,3,0,3
Sédric,3,0,3
Sedric,3,0,3
Sedrich,3,0,3
Sedridson,3,0,3
Sedriek,3,0,3
Sedriën,0,3,3
Sedrión,3,0,3
Sedrion,3,0,3
Sedugullah,3,0,3
Sedunja,0,3,3
Sedvarie,0,3,3
Sedwick,3,0,3
Sedye,0,3,3
See-Kee,0,3,3
See-loy,3,0,3
See-May,0,3,3
See-Wing,0,3,3
See-ying,0,3,3
Seeam,3,0,3
Seeba,0,3,3
Seebalt,3,0,3
Seebo,3,0,3
Seeday,3,0,3
Seedi,0,3,3
Seedy,3,0,3
Seefaldin,3,0,3
Seefels,3,0,3
Seefke,0,3,3
Seeg,3,0,3
Seegbertus,3,0,3
Seehger,3,0,3
Seelah,0,3,3
Seelan,3,0,3
Seelay,0,3,3
Seelie,0,3,3
Seelke,0,3,3
Seema-Devi,0,3,3
Seemadebi,0,3,3
Seemadebie,0,3,3
Seemadevi,0,3,3
Seemakoemarie,0,3,3
Seemann,3,0,3
Seemay,0,3,3
Seemon,3,0,3
Seën,0,3,3
Seenath,0,3,3
Seenaya,0,3,3
Seenojan,3,0,3
Seep,3,0,3
Séëra,0,3,3
Seera,0,3,3
Seërah,0,3,3
Seeraj,3,0,3
Seerak,3,0,3
Seerali,3,0,3
Seeralie,3,0,3
Seerdsche,0,3,3
Seerina,0,3,3
Seerodjnidevi,0,3,3
Seerojhani,0,3,3
Seerwan,3,0,3
Seet,3,0,3
Seetaladewi,0,3,3
Seetara,0,3,3
Seethal,0,3,3
Seeuwis,3,0,3
Seevan,3,0,3
Seevana,0,3,3
Seevani,0,3,3
Seever,3,0,3
Seewis,3,0,3
Seeyanth,3,0,3
Seeyawash,3,0,3
Seez,3,0,3
Seezwaa,0,3,3
Sef-Herm,3,0,3
Sef-Pieter,3,0,3
Sefa-Cemre,3,0,3
Sefa-Marianne,0,3,3
Sefaattin,3,0,3
Sefae,0,3,3
Sefahan,3,0,3
Sefajah,3,0,3
Sefako,3,0,3
Sèfako,0,3,3
Sefakor,3,0,3
Sefali,3,0,3
Sefalinde,0,3,3
Sefalta,0,3,3
Séfana,0,3,3
Sefana,0,3,3
Sefaña,3,0,3
Sefanaya,0,3,3
Sefani,0,3,3
Sèfania,0,3,3
Sefanie,0,3,3
Sefaniël,3,0,3
Sefanio,3,0,3
Sefanius,3,0,3
Sefánja,0,3,3
Séfanjah,3,0,3
Sefanje,0,3,3
Sefanjia,0,3,3
Sefanjo,3,0,3
Sefanna,0,3,3
Sefanne,0,3,3
Sefannia,0,3,3
Sefaño,3,0,3
Sefanu,3,0,3
Sefanus,3,0,3
Sèfanya,0,3,3
Sefarina,0,3,3
Sefarinno,3,0,3
Sefario,3,0,3
Sefaronia,0,3,3
Sefas,3,0,3
Sefayi,3,0,3
Sefda,0,3,3
Sefdine,3,0,3
Sefelina,0,3,3
Sefena,0,3,3
Sefenya,0,3,3
Seferaas,3,0,3
Seferiana,0,3,3
Seferiano,3,0,3
Sèferin,0,3,3
Seferinemin,3,0,3
Sefetria,0,3,3
Seffan,3,0,3
Seffania,0,3,3
Seffattin,3,0,3
Sefferin,3,0,3
Sefferoy,3,0,3
Seffi,3,0,3
Seffinio,3,0,3
Seffira,0,3,3
Seffiya,0,3,3
Seffren,0,3,3
Seffus,3,0,3
Seffyra,0,3,3
Sefht,3,0,3
Sefian,3,0,3
Sefidun,3,0,3
Sèfie,0,3,3
Sefieda,0,3,3
Sefiena,0,3,3
Sefienagatoen,0,3,3
Sefier,3,0,3
Sefigenia,0,3,3
Sefihan,3,0,3
Sefikanur,0,3,3
Sefike,0,3,3
Sefilay,0,3,3
Séfina,3,0,3
Sefine,0,3,3
Sefino,3,0,3
Sefira,0,3,3
Sefirgadigna,0,3,3
Sefirio,3,0,3
Sefirye,0,3,3
Sefiya,0,3,3
Sefka,3,0,3
Sefkija,3,0,3
Sefnad,3,0,3
Sefnath,3,0,3
Seforá,0,3,3
Sefouan,3,0,3
Sefrâ,0,3,3
Sefraaz,3,0,3
Séfran,3,0,3
Sefret,3,0,3
Sefrida,0,3,3
Sefridus,3,0,3
Sefrin,3,0,3
Sefrine,3,0,3
Seftan,3,0,3
Seftimya,0,3,3
Sefullah,3,0,3
Sefwien,3,0,3
Sefyera,0,3,3
Sefynina,0,3,3
Sefyra,0,3,3
Segad,3,0,3
Segador,3,0,3
Segâh,3,0,3
Ségain,3,0,3
Segalit,0,3,3
Segalle,0,3,3
Seganiio,3,0,3
Segar,3,0,3
Segardina,0,3,3
Segawa,3,0,3
Sêgbédji,0,3,3
Segeberta,0,3,3
Segeberto,3,0,3
Seged,3,0,3
Segeeta,0,3,3
Segenet,0,3,3
Segenius,3,0,3
Segensio,3,0,3
Seğer,0,3,3
Segerardus,3,0,3
Segerbertha,0,3,3
Segerbetha,0,3,3
Segeur,0,3,3
Segewin,3,0,3
Seghaier,3,0,3
Seghan,0,3,3
Seghita,0,3,3
Seghoslène,0,3,3
Segieta,0,3,3
Segine,3,0,3
Segini,3,0,3
Ségio,3,0,3
Segio,3,0,3
Segmen,3,0,3
Seğmus,3,0,3
Segni,3,0,3
Ségo,3,0,3
Segolaine,0,3,3
Ségoléne,0,3,3
Segon,0,3,3
Segoney,0,3,3
Segouya,0,3,3
Segovia,0,3,3
Segubertus,3,0,3
Seguino,3,0,3
Segulah,0,3,3
Seguna,0,3,3
Segundino,3,0,3
Segur,3,0,3
Seguurrarda,0,3,3
Seh,0,3,3
Sehabettin,3,0,3
Sehajdeep,3,0,3
Sehajleen,0,3,3
Sehajpreet,0,3,3
Sehame,0,3,3
Sehan,0,3,3
Seharet,3,0,3
Sehba,0,3,3
Seheer,0,3,3
Sehej,0,3,3
Sehel,0,3,3
Sehem,3,0,3
Sehen,0,3,3
Sehenaaz,0,3,3
Sehenaz,0,3,3
Sehend,3,0,3
Sehenda,0,3,3
Seher-Sultan,0,3,3
Seherani,0,3,3
Seheray,0,3,3
Seherazade,0,3,3
Sehère,0,3,3
Sehergül,0,3,3
Seherish-Bano,0,3,3
Sehernur,0,3,3
Sehezerade,0,3,3
Sehf,3,0,3
Sehha,0,3,3
Sehidan,0,3,3
Sehied,3,0,3
Sehieda,0,3,3
Sehiel,3,0,3
Sehinaaz,0,3,3
Sehiti,3,0,3
Sehla,0,3,3
Sehlâ,0,3,3
Sehm,3,0,3
Sehmora,0,3,3
Sehmuz,3,0,3
Sehn,3,0,3
Sehna,0,3,3
Sehnaas,0,3,3
Sehnaz,0,3,3
Sehne,0,3,3
Sèhno,3,0,3
Sehou,3,0,3
Sehp,3,0,3
Sehr-iBanu,0,3,3
Sèhra,0,3,3
Sehraan,0,3,3
Sehrash,0,3,3
Sehraz,3,0,3
Sehrazad,0,3,3
Sehren,0,3,3
Sehrîban,0,3,3
Sehriye,0,3,3
Sehrize,0,3,3
Sehroosh,0,3,3
Sehsie,3,0,3
Sehtap,0,3,3
Sehyash,3,0,3
Sehzaad,3,0,3
Sehzade,3,0,3
Sei-ichi,3,0,3
Seian,3,0,3
Seiar,3,0,3
Seibertha,0,3,3
Seibo,3,0,3
Seibrand,3,0,3
Seibrigje,0,3,3
Seico,3,0,3
Seide,0,3,3
Seidel,3,0,3
Seidon,3,0,3
Seidran,3,0,3
Seidu,0,3,3
Seier,3,0,3
Seïf,3,0,3
Seif-Eddine,3,0,3
Seif-edinne,3,0,3
Seif-el-din,3,0,3
Seifdin,3,0,3
Seïfeddine,3,0,3
Seifedin,3,0,3
SeifEldien,3,0,3
Seifullah,3,0,3
Seigie,0,3,3
Seigien,0,3,3
Seiglie,0,3,3
Seignette,0,3,3
Seigo,3,0,3
Seiho,3,0,3
Seiichi,0,3,3
Seiichi-Joan,0,3,3
Seijert,3,0,3
Seijertje,0,3,3
Seijffert,3,0,3
Seijm,3,0,3
Seijmour,3,0,3
Seijno,3,0,3
Seijw,3,0,3
Seikeline,0,3,3
Seikh,3,0,3
Seikje,0,3,3
Seikoro,3,0,3
Seikoscha,0,3,3
Seiku,3,0,3
Seilawatie,0,3,3
Seilmon,3,0,3
Seime,3,0,3
Seimen-Merijn,3,0,3
Seïn,0,3,3
Seinand,3,0,3
Seinas,0,3,3
Seinen,3,0,3
Seinie,3,0,3
Seinne,0,3,3
Seinojha,0,3,3
Seinsa,0,3,3
Seintine,0,3,3
Seiomara,0,3,3
Seiorse,3,0,3
Seirah,0,3,3
Seirane,0,3,3
Seirashea,0,3,3
Seirdos,0,3,3
Seiri,0,3,3
Seirian,0,3,3
Seirra,0,3,3
Seirsha,0,3,3
Seit,3,0,3
Seita,0,3,3
Seite,3,0,3
Seith,3,0,3
Seitjan,3,0,3
Seium,0,3,3
Seiwa,0,3,3
Seizaar,3,0,3
Sejaad,3,0,3
Sejaadullah,3,0,3
Sejahtera,3,0,3
Sejalpreet,0,3,3
Sejan,3,0,3
Sejara,3,0,3
Sejayni,0,3,3
Sejda,0,3,3
Sejdalija,0,3,3
Sejel,0,3,3
Sejep,0,3,3
Sejer,3,0,3
Sejero,3,0,3
Sejida,0,3,3
Sejin,0,3,3
Sejlis,3,0,3
Sejmin,3,0,3
Sejong,3,0,3
Sejran,3,0,3
Sejun,3,0,3
Sek-hee,3,0,3
Seka,0,3,3
Sekarayu,0,3,3
Sekariya,3,0,3
Sekariye,3,0,3
Sekarkedaton,0,3,3
Sekarningrum,0,3,3
Sekarputri,0,3,3
Sekarwulan,0,3,3
Sekayna,0,3,3
Sekena,0,3,3
Sekerah,0,3,3
Sekeriya,3,0,3
Sekha,0,3,3
Sekhamat,3,0,3
Sekhoane,3,0,3
Seki,0,3,3
Sekiela,0,3,3
Sekieta,0,3,3
Sekin,0,3,3
Sekinot,0,3,3
Sekiru,3,0,3
Sekkina,0,3,3
Sekletina,0,3,3
Sekoeba,3,0,3
Sekoela,0,3,3
Sekoentela,0,3,3
Sekoenteladebie,0,3,3
Sekou-Omar,3,0,3
Sekouba,3,0,3
Sekouna,3,0,3
Sekoya,0,3,3
Sekriye,0,3,3
Sekthy,3,0,3
Seku,3,0,3
Sekuma,0,3,3
Sekure,0,3,3
Sekvan,3,0,3
Sekwaë,3,0,3
Sekyer,3,0,3
Sekyibea,0,3,3
Sekyiwa,0,3,3
Sekyiwaah,0,3,3
Sekyiwah,0,3,3
Sekytsha,0,3,3
Sel-lam,0,3,3
Selá,0,3,3
Sela-Sophie,0,3,3
Selaab,3,0,3
Selâattin,3,0,3
Selaattin,3,0,3
Selah-Gé,0,3,3
Selah-Imani,0,3,3
Selah-Loren,0,3,3
Selah-Sue,0,3,3
Selahattin-Yilmaz,3,0,3
Selahittin,3,0,3
Selahoeddien,3,0,3
Selahsue,0,3,3
Sélaica,0,3,3
Selaijah,0,3,3
Selaika,0,3,3
Selaiman,3,0,3
Selainey,0,3,3
Selaino,3,0,3
Sélaissa,0,3,3
Selale,0,3,3
Selâle,0,3,3
Selama,0,3,3
Selamat,0,3,3
Selâmi,3,0,3
Selamir,0,3,3
Selamiye,0,3,3
Selan,0,3,3
Sélan,3,0,3
Selana,0,3,3
Selance,0,3,3
Sélane,0,3,3
Selangje,0,3,3
Selani,3,0,3
Selanna,0,3,3
Selano,3,0,3
Sélaphine,0,3,3
Selás,0,3,3
Selase,3,0,3
Selasey,3,0,3
Selassi,3,0,3
Selassia,3,0,3
Selassiano,3,0,3
Selastry,0,3,3
Selasy,3,0,3
Selattin,3,0,3
Selava,0,3,3
Selawanus,3,0,3
Sélaya,0,3,3
Selaya,0,3,3
Selayla,0,3,3
Selayna,0,3,3
Selayra,0,3,3
Selba,0,3,3
Selban,3,0,3
Selbertha,0,3,3
Selbie,0,3,3
Selbinur,0,3,3
Selcheley,0,3,3
Selçŭk,3,0,3
Seldanur,0,3,3
Selder,3,0,3
Selderina,0,3,3
Seldewiena,0,3,3
Seldewina,0,3,3
Seldon,3,0,3
Seldriomar,3,0,3
Seldrion,3,0,3
Selé,0,3,3
Selechi,3,0,3
Selecio,0,3,3
Selée,3,0,3
Selehatin,3,0,3
Seleicia,0,3,3
Seleidy,0,3,3
Seleika,0,3,3
Seleiman,3,0,3
Seleini,0,3,3
Seleisha,0,3,3
Selêka,0,3,3
Selema,0,3,3
Seleman,3,0,3
Selemani,3,0,3
Selemeh,0,3,3
Selemon,3,0,3
Sèlena,0,3,3
Seléna-Jada,0,3,3
Selena-Noëmi,0,3,3
Selencio,3,0,3
Selenda,0,3,3
Selendra,0,3,3
Seléné,0,3,3
Sèlène,0,3,3
Selene-Neorah,0,3,3
Selénea,0,3,3
Seleni,0,3,3
Selenio,3,0,3
Selenis,0,3,3
Seléniya,0,3,3
Selenka,0,3,3
Selenna,0,3,3
Selenne,0,3,3
Selennur,0,3,3
Selensa,3,0,3
Selente,0,3,3
Selenu,0,3,3
Seleshi,3,0,3
Seleshkumar,3,0,3
Selesius,3,0,3
Seleske,0,3,3
Selessya,0,3,3
Selest,3,0,3
Sélesta,0,3,3
Selestein,3,0,3
Selestia,0,3,3
Selestine,0,3,3
Selestinus,3,0,3
Seleuca,0,3,3
Selevia,0,3,3
Seleynah,0,3,3
Selézia,0,3,3
Selezia,0,3,3
Selfana,0,3,3
Selfani,3,0,3
Selfania,0,3,3
Selfanus,3,0,3
Selfensina,0,3,3
Selfiano,3,0,3
Selfie,0,3,3
Selfiena,0,3,3
Selfinas,0,3,3
Selfinio,3,0,3
Selfira,0,3,3
Selfizina,0,3,3
Selfra,0,3,3
Selfried,3,0,3
Selfriedson,3,0,3
Selfrin,3,0,3
Selfrino,3,0,3
Selgai,0,3,3
Selgin,0,3,3
Selgio,3,0,3
Selhan,0,3,3
Selhatin,3,0,3
Selhij,0,3,3
Selhorst,3,0,3
Seliana,0,3,3
Selianlly,0,3,3
Selianne,0,3,3
Selianthe,0,3,3
Sèlidji,3,0,3
Selie-Anne,0,3,3
Selientje,0,3,3
Selies,0,3,3
Selifia,0,3,3
Selihna,0,3,3
Selijah,0,3,3
Selijne,0,3,3
Selik,3,0,3
Sèlim,3,0,3
Sèlima,0,3,3
Sélimée,0,3,3
Selimefe,3,0,3
Selimhanemre,3,0,3
Selimir,3,0,3
Selimot,0,3,3
Selın,0,3,3
Selin-Elise,0,3,3
Selin-Fazile,0,3,3
Selin-Müzef,0,3,3
Selina-Daluz,0,3,3
Selina-Edwina,0,3,3
Selina-Jill,0,3,3
Séliña-Katharina,0,3,3
Selinadevi,0,3,3
Selinagatoen,0,3,3
Selinca,0,3,3
Selindy,0,3,3
Selinhan,0,3,3
Selinio,3,0,3
Selinka,0,3,3
Selinvy,0,3,3
Selinyo,3,0,3
Sèlion,3,0,3
Selion,3,0,3
Selischa,0,3,3
Selise,0,3,3
Selisia,0,3,3
Selisjah,0,3,3
Selistino,3,0,3
Selivia,0,3,3
Séliyah,0,3,3
Seliyan,3,0,3
Seliyana,0,3,3
Seliyram,0,3,3
Selje,0,3,3
Seljer,3,0,3
Selkeus,3,0,3
Selkie,0,3,3
Selkios,3,0,3
Selky,0,3,3
Selkyos,3,0,3
Sella-Sue,0,3,3
Sellah,0,3,3
Sellahattin,3,0,3
Sëllam,3,0,3
Sellathurai,3,0,3
Sellavi,0,3,3
Sellecca,0,3,3
Sellem,0,3,3
Sellemi,3,0,3
Sellen,0,3,3
Sellenay,0,3,3
Sellenne,0,3,3
Seller,3,0,3
Sellesiël,3,0,3
Sellestina,0,3,3
Selley,0,3,3
Sellin,0,3,3
Sellinia,0,3,3
Sellino,3,0,3
Sellmer,3,0,3
Sellou,3,0,3
Selloua,0,3,3
Sellu,3,0,3
Sellum,3,0,3
Sellwyn,3,0,3
Sellycia,0,3,3
Sellym,3,0,3
Sellystina,0,3,3
Selma-Amira,0,3,3
Selma-Vlin,0,3,3
Selmaan,3,0,3
Selmagda,0,3,3
Selmairy,0,3,3
Selmarianus,3,0,3
Selmarie,0,3,3
Selme,0,3,3
Selmèn,3,0,3
Selmileya,0,3,3
Selmina,0,3,3
Selmine,0,3,3
Selmira,0,3,3
Selmond,3,0,3
Selmus,3,0,3
Seloa,0,3,3
Selochna,0,3,3
Selome,0,3,3
Sélomi,0,3,3
Selómi,0,3,3
Selomie,0,3,3
Seloni,0,3,3
Selonie,0,3,3
Selony,0,3,3
Selorm-Roel,3,0,3
Selorme,3,0,3
Selou,3,0,3
Selous,3,0,3
Seloy,3,0,3
Selphianus,3,0,3
Selphie,0,3,3
Selphinus,3,0,3
Selphisina,0,3,3
Selpi,0,3,3
Selsabille,0,3,3
Selsabyle,0,3,3
Selsea,0,3,3
Selsebil,0,3,3
Selsira,0,3,3
Selsiro,3,0,3
Selsyah,0,3,3
Seltap,0,3,3
Selthon,3,0,3
Selton,3,0,3
Seluran,0,3,3
Seluta,0,3,3
Selvalio,3,0,3
Selvanie,0,3,3
Selvanna,0,3,3
Selvaraj,3,0,3
Selvarajah,0,3,3
Selvaray,3,0,3
Selvasina,0,3,3
Selvedina,0,3,3
Selverani,3,0,3
Selvercan,0,3,3
Selverino,3,0,3
Selveta,0,3,3
Selviamarie,0,3,3
Selvidan,0,3,3
Selvihan,0,3,3
Selvije,0,3,3
Selvijn,3,0,3
Selvilia,0,3,3
Selvinjo,3,0,3
Selvino,3,0,3
Selvira,0,3,3
Selvisine,0,3,3
Selvy,0,3,3
Selwaah,0,3,3
Selwaan,3,0,3
Selwah,0,3,3
Sély,3,0,3
Selyana,0,3,3
Selyane,3,0,3
Selycia,0,3,3
Selyf,3,0,3
Selyna-Sara,0,3,3
Selynda,0,3,3
Selynne,0,3,3
Selysia,0,3,3
Selysjha,0,3,3
Selyze,0,3,3
Sém,3,0,3
Sem-Antonio,3,0,3
Sem-Beau,3,0,3
Sem-Chavez,3,0,3
Sem-Christian,3,0,3
Sem-Dean,3,0,3
Sem-Isabelle,0,3,3
Sem-Jada,0,3,3
Sem-Jari,3,0,3
Sem-Joshua,3,0,3
Sem-Lucas,3,0,3
Sem-Luuk,3,0,3
Sem-Lyric,3,0,3
Sem-Nassim,3,0,3
Sem-Nova,0,3,3
Sem-Pieter,3,0,3
Sem-Quito,3,0,3
Sem-Ryan,3,0,3
Sem-Sebastiaan,3,0,3
Sem-Sem,0,3,3
Sem-Sjef,3,0,3
Sem-Tobias,3,0,3
Sèma,0,3,3
Séma,0,3,3
Sema-nur,0,3,3
Semaak,3,0,3
Semafoor,3,0,3
Semagül,0,3,3
Sèmah,3,0,3
Semahet,0,3,3
Semahi,0,3,3
Semaï,3,0,3
Semaïa,0,3,3
Semaia,0,3,3
Semaica,0,3,3
Sémaija,0,3,3
Semail,3,0,3
Semain,3,0,3
Semaina,0,3,3
Semaine,0,3,3
Semair,3,0,3
Semaira,0,3,3
Semaj,0,3,3
Sémaja,0,3,3
Semajah,0,3,3
Semal,0,3,3
Semanée,0,3,3
Semano,3,0,3
Semanzi,3,0,3
Semaraïm,0,3,3
Semash,0,3,3
Semavi,3,0,3
Semay,0,3,3
Semba,0,3,3
Sembèna,0,3,3
Sembo,3,0,3
Sembra,0,3,3
Sembu,3,0,3
Semco,3,0,3
Semea,0,3,3
Semedra,0,3,3
Semeeolah,3,0,3
Semeera,0,3,3
Semefa,3,0,3
Semega,0,3,3
Semeglo,0,3,3
Semeh,0,3,3
Semehaan,0,3,3
Semeijn,3,0,3
Semeijne,0,3,3
Semeijntje,0,3,3
Semel,3,0,3
Semela,0,3,3
Semele,0,3,3
Semèle,0,3,3
Semelina,0,3,3
Semelsa,0,3,3
Semène,0,3,3
Semeni,0,3,3
Semenya,3,0,3
Semenyo,0,3,3
Semènza,0,3,3
Semenza,0,3,3
Semeon,3,0,3
Semer,3,0,3
Semera,0,3,3
Sèmèria,0,3,3
Semeru,0,3,3
Semerya,0,3,3
Semeyon,3,0,3
Semhal,0,3,3
Semhe,0,3,3
Semiä,0,3,3
Semiah,0,3,3
Semiala,3,0,3
Sèmian,3,0,3
Semidán,3,0,3
Semiel,3,0,3
Semig,3,0,3
Semiǵ,3,0,3
Semigul,0,3,3
Semih-Berke,3,0,3
Semih-Seyit,3,0,3
Semîha,0,3,3
Semihan,0,3,3
Semihhan,3,0,3
Semii,3,0,3
Semiiha,0,3,3
Semijn,3,0,3
Semila,0,3,3
Semilda,0,3,3
Semile,0,3,3
Semiléne,0,3,3
Semillia,0,3,3
Semily,0,3,3
Semino,3,0,3
Semintra,0,3,3
Sémir,3,0,3
Sèmira,0,3,3
Semirsinan,3,0,3
Semirtay,3,0,3
Semis,3,0,3
Semitha,0,3,3
Semiya,0,3,3
Semiyah,0,3,3
Semiyya,0,3,3
Semja,0,3,3
Semjase,0,3,3
Semjin,3,0,3
Semke-Luna,0,3,3
Semkje,0,3,3
Semly,3,0,3
Semm-Kartjé,3,0,3
Semm-Yuan,3,0,3
Semma-Rose,0,3,3
Semmab,0,3,3
Semmah,0,3,3
Semmanuel,3,0,3
Semmar,0,3,3
Semmarti,3,0,3
Semmay,0,3,3
Sêmmê,3,0,3
Semmegien,0,3,3
Semmeke,0,3,3
Semmentha,0,3,3
Semmerya,0,3,3
Semmetje,0,3,3
Semmi-Roos,0,3,3
Semmick,3,0,3
Semmie-Jo,0,3,3
Semmoh,3,0,3
Semmuel,3,0,3
Semmy-Boy,3,0,3
Semmy-James,3,0,3
Semmy-Jane,0,3,3
Semmy-Jay,3,0,3
Semmy-Noé,0,3,3
Semmylin,0,3,3
Semmyon,3,0,3
Semnjonov,3,0,3
Semoeel,3,0,3
Semoeël,3,0,3
Semoel,3,0,3
Semohamed,3,0,3
Semoi,0,3,3
Sēmon,3,0,3
Sémone,0,3,3
Sémora,0,3,3
Semorij,3,0,3
Sempedro,3,0,3
Semple,3,0,3
Semplicia,0,3,3
Sempraniano,3,0,3
Semproh,0,3,3
Semral,0,3,3
Semrana,0,3,3
Semranur,0,3,3
Semre,0,3,3
Semrettin,3,0,3
Semrika,0,3,3
Semroit,0,3,3
Semsa,0,3,3
Semschaad,3,0,3
Semseddin,3,0,3
Semsem,0,3,3
Semsey,0,3,3
Semşi,0,3,3
Semsida,0,3,3
Semson,3,0,3
Semsy,0,3,3
Semti,3,0,3
Sèmuel,3,0,3
Semüel,3,0,3
Semuële,0,3,3
Semuelina,0,3,3
Semuell,3,0,3
Semun,3,0,3
Semunda,0,3,3
Sèmy,3,0,3
Semyan,3,0,3
Semyee,3,0,3
Semyra,0,3,3
Sên,3,0,3
sen,3,0,3
Sen-Draisheline,0,3,3
Sen-My,0,3,3
Sen-tee,3,0,3
Sen-Wai,3,0,3
Senã,0,3,3
Sená,0,3,3
Senaâ,0,3,3
Senaam,0,3,3
Senabil,0,3,3
Senâe,0,3,3
Senagül,0,3,3
Senahatun,0,3,3
Senahid,3,0,3
Senaica,0,3,3
Senaichel,3,0,3
Senaïda,0,3,3
Senaïra,0,3,3
Senaira,0,3,3
Senairo,3,0,3
Senaja,0,3,3
Senakirfa,0,3,3
Senaliya,0,3,3
Sénam,3,0,3
Sênami,0,3,3
Senanayake,0,3,3
Senanja,0,3,3
Senanmi,0,3,3
Senanu,3,0,3
Senard,3,0,3
Senas,3,0,3
Senasultan,0,3,3
Senau,0,3,3
Senaubar,0,3,3
Senavyëve,0,3,3
Senawu,0,3,3
Senayim,3,0,3
Senayla,0,3,3
Senc,3,0,3
Sencar,3,0,3
Sencerhan,3,0,3
Sencey,0,3,3
Sencimilia,0,3,3
Sency,0,3,3
Sendal,3,0,3
Sendalina,0,3,3
Sendama,0,3,3
Senddy,0,3,3
Sendé,3,0,3
Sendee,3,0,3
Sendeepkoemar,3,0,3
Sendel,3,0,3
Sendeley,0,3,3
Sendeli,3,0,3
Sendelie,0,3,3
Sendelina,0,3,3
Sendeline,0,3,3
Senden,3,0,3
Senderlin,0,3,3
Sendhia,0,3,3
Sendiel,3,0,3
Sendiliëne,0,3,3
Sendilion,3,0,3
Sendjai,3,0,3
Sendjéno,3,0,3
Sendjiet,3,0,3
Sendly,3,0,3
Sendlymar,3,0,3
Sendny,3,0,3
Sendóa,3,0,3
Sendoh,0,3,3
Sendora,0,3,3
Sendré,0,3,3
Sendric,3,0,3
Sendrina,0,3,3
Sendro,3,0,3
Sendry,0,3,3
Senduran,3,0,3
Sène,0,3,3
Senéad,0,3,3
Senedin,3,0,3
Seneera,0,3,3
Senefera,0,3,3
Senegade,0,3,3
Senegay,0,3,3
Séneh,0,3,3
Senehra,0,3,3
Seneida,0,3,3
Senekerim,3,0,3
Senel,0,3,3
Senel-Altin,3,0,3
Senelfa,0,3,3
Senemie,0,3,3
Senemnur,0,3,3
Senén,3,0,3
Senèn,3,0,3
Senena,0,3,3
Sèneque,3,0,3
Senessa,0,3,3
Senestra,3,0,3
Senette,0,3,3
Senfeney,3,0,3
Senforiano,3,0,3
Séng,3,0,3
Seng-Han,3,0,3
Sengané,3,0,3
Sengen,0,3,3
Senger,3,0,3
Senghor,3,0,3
Sengilio,3,0,3
Sengim,3,0,3
Sengita,0,3,3
Senglea,0,3,3
Sengul,0,3,3
Senguun,3,0,3
Sengye,3,0,3
Senharip,3,0,3
Senhe,3,0,3
Senho,3,0,3
Senhorinah,0,3,3
Sénia,0,3,3
Senian,3,0,3
Senibour,3,0,3
Senica,0,3,3
Senice,0,3,3
Senid,3,0,3
Seniede,0,3,3
Sénieh,3,0,3
Senielja,0,3,3
Senije,0,3,3
Sènik,3,0,3
Senilia,0,3,3
Senilkoemar,3,0,3
Senillio,3,0,3
Senin,3,0,3
Senine,0,3,3
Seninho,3,0,3
Seninio,3,0,3
Senior,3,0,3
Senipa,0,3,3
Senise,0,3,3
Senit,0,3,3
Senith,0,3,3
Senitsa,0,3,3
Seniya,0,3,3
Seniyah,0,3,3
Seniz,0,3,3
Senjaela,0,3,3
Senjah,0,3,3
Senjana,0,3,3
Senjayla,0,3,3
Senjetta,0,3,3
Senjie,0,3,3
Senjin,0,3,3
Senko,3,0,3
Senkülla,0,3,3
Senle,0,3,3
Senley,3,0,3
Senli,3,0,3
Senly-Kim,0,3,3
Senmar,3,0,3
Senmaro,3,0,3
Senn-Antony,3,0,3
Senn-Jan,3,0,3
Senná,0,3,3
Senna-Alicia,0,3,3
Senna-Britt,0,3,3
Senna-Chanel,0,3,3
Senna-Fay,0,3,3
Senna-Fina,0,3,3
Senna-Jean,0,3,3
Senna-kay,0,3,3
Senna-Kristian,3,0,3
Senna-Lee,0,3,3
Senna-Levi,0,3,3
Senna-Luann,0,3,3
Senna-Lyn,0,3,3
Senna-Mae,0,3,3
Senna-Mey,0,3,3
Senna-Mia,0,3,3
Senna-Nicole,0,3,3
Senna-Rose,0,3,3
Senna-Sophie,0,3,3
Senna-Sterre,0,3,3
Senna-Will,0,3,3
Sennaclaire,0,3,3
Sennae-Louise,0,3,3
Sennaj,0,3,3
Sennar,3,0,3
Sennardi,3,0,3
Sennaullah,3,0,3
Senné,0,3,3
Senne-Dyne,3,0,3
Senne-Fleur,0,3,3
Senne-Levijn,3,0,3
Senne-Lot,0,3,3
Senne-Romae,3,0,3
Senne-Säde,0,3,3
Senne-Sofie,0,3,3
Senne-Syel,3,0,3
Senneck,3,0,3
Senned,3,0,3
Sennedy,3,0,3
Sennekina,0,3,3
Sènnen,3,0,3
Senneqee,0,3,3
Sennerey,3,0,3
Senneth,0,3,3
Senneviëne,0,3,3
Sennick,3,0,3
Sennino,3,0,3
Sennwyn,3,0,3
Sennyan,3,0,3
Sèno,3,0,3
Senoah,0,3,3
Senobar,0,3,3
Senobia,0,3,3
Senoby,0,3,3
Senoca,0,3,3
Senoît,3,0,3
Senorah,0,3,3
Senour,3,0,3
Senôvwa,0,3,3
Senöyve,0,3,3
Senpai,3,0,3
Senqe,0,3,3
Senra,3,0,3
Senradj,3,0,3
Senrak,3,0,3
Sensa-Julia,0,3,3
Sensabelle,0,3,3
Sensabila,0,3,3
Sensabile,0,3,3
Sensabilla,0,3,3
Sensaray,0,3,3
Senseaty,0,3,3
Sensemelia,0,3,3
Sensemie,3,0,3
Senseny,0,3,3
Senseray,0,3,3
Senseresio,3,0,3
Sensha,0,3,3
Senshi,0,3,3
Sensi-liss,0,3,3
Sensia,0,3,3
Sensimelia,0,3,3
Sensimilio,3,0,3
Sensimillia,0,3,3
Sensimina,0,3,3
Sensina,0,3,3
Sensiny,0,3,3
Sensio,3,0,3
Sensoree,0,3,3
Senspetie,0,3,3
Sensu,0,3,3
Sent-James,3,0,3
Senta-Jannica,0,3,3
Sentanet,0,3,3
Sentani,3,0,3
Sentausa,3,0,3
Sentely,3,0,3
Senthe,0,3,3
Senthennial,3,0,3
Senthuja,0,3,3
Sentiano,3,0,3
Sentiene,0,3,3
Sentienne,0,3,3
Sentijaar,3,0,3
Sentijn,3,0,3
Sentilla,0,3,3
Sentin,0,3,3
Sentines,3,0,3
Sentinidimarka,0,3,3
Sentiren,0,3,3
Senton,3,0,3
Sentono,3,0,3
Sentosa,3,0,3
Sentrico,3,0,3
Sentu,0,3,3
Senturk,3,0,3
Sentyna,0,3,3
Senua,3,0,3
Senur,0,3,3
Senwadjet,3,0,3
Senwe,3,0,3
Senyah,3,0,3
Senyal,3,0,3
Senyonjo,3,0,3
Senyra,0,3,3
Senyre,0,3,3
Senyu,3,0,3
Senz,3,0,3
Senzha,3,0,3
Senzo,3,0,3
Seoana,3,0,3
Seok,3,0,3
Seong,3,0,3
Seong-Ja,3,0,3
Seora,0,3,3
Seorim,3,0,3
Seorsa,0,3,3
Seósamh,3,0,3
Seow,3,0,3
Sepaanta,3,0,3
Sèpaantâ,3,0,3
Sepahrad,3,0,3
Sepbina,0,3,3
Sepenta,0,3,3
Sephala,0,3,3
Sephander,3,0,3
Sephania,0,3,3
Sephaniah,0,3,3
Sephanie,0,3,3
Sephanja,0,3,3
Sephantia,0,3,3
Sephanya,0,3,3
Sepharijn,3,0,3
Sepharina,0,3,3
Sephary,0,3,3
Sepher,3,0,3
Sèpher,0,3,3
Sepherio,3,0,3
Sephian,3,0,3
Séphien,0,3,3
Séphier,0,3,3
Sephijn,3,0,3
Séphine,0,3,3
Sephirah,0,3,3
Sephirinus,3,0,3
Sephone,0,3,3
Sèphora,0,3,3
Sephrane,0,3,3
Sephrenia,0,3,3
Sephtina,0,3,3
Sephus,3,0,3
Sephyne,0,3,3
Sephyrienus,3,0,3
Sepide,0,3,3
Sepinoud,0,3,3
Sepl,3,0,3
Sepmar,3,0,3
Sepojan,3,0,3
Sépopo,3,0,3
Seporah,0,3,3
Sepp-Ivan,3,0,3
Seppehr,3,0,3
Seppelina,0,3,3
Seppen,3,0,3
Sepperl,3,0,3
Sepph,3,0,3
Sepphe,3,0,3
Sepphora,0,3,3
Seppi,3,0,3
Seppora,0,3,3
Septhiani,0,3,3
Septiani,0,3,3
Septiem,0,3,3
Septiéme,3,0,3
Septiemen,3,0,3
Septimiu,3,0,3
Septimius,3,0,3
Sepulveda,0,3,3
Seqe,3,0,3
Seqen,0,3,3
Seqoia,3,0,3
Seqourney,0,3,3
Seqouyah,0,3,3
Sequani,0,3,3
Sequansio,3,0,3
Sequeira,0,3,3
Sequenna,0,3,3
Sequeno,3,0,3
Sequerny,0,3,3
Sequery,3,0,3
Sequewela,0,3,3
Sequille,3,0,3
Sequina,0,3,3
Sequincia,0,3,3
Sequincio,3,0,3
Sequinio,3,0,3
Sequinsio,3,0,3
Sequira,0,3,3
Sequita,0,3,3
Sequnda,0,3,3
Sequoiah,0,3,3
Sequoija,0,3,3
Sequoila,0,3,3
Seqyora,0,3,3
Ser',0,3,3
Ser'djaely,0,3,3
Ser-Jane,0,3,3
Ser-Jani,3,0,3
Ser-Shannah,0,3,3
Sera-evé,0,3,3
Sera-Jane,0,3,3
Sera-Milena,0,3,3
Seraaj,3,0,3
Séraaz,3,0,3
Serabani,0,3,3
Serabide,0,3,3
Sèrabie,0,3,3
Serac,3,0,3
Seraç,3,0,3
Serach,0,3,3
Seradina,0,3,3
Seradinio,3,0,3
Serae,0,3,3
Seraeph,3,0,3
Seraephine,3,0,3
Serafenna,0,3,3
Serafet,3,0,3
Serafhina,0,3,3
Serafica,0,3,3
Seraficus,3,0,3
Serafién,0,3,3
Serafiën,0,3,3
Serafijntje,0,3,3
Serafín,3,0,3
Serafin-Xavi,3,0,3
Sérafine,0,3,3
Serafya,0,3,3
Serafyna,0,3,3
Serage,3,0,3
Seragni,0,3,3
Serah-Jean,0,3,3
Serah-Kuhuela,3,0,3
Serah-Roos,0,3,3
Sèrahja,0,3,3
Serahya,0,3,3
Seraï-avani,0,3,3
Seraia,0,3,3
Seraia-Debie,0,3,3
Seraïah,0,3,3
Seraicha,0,3,3
Seraichelly,0,3,3
Seraida,0,3,3
Seraidjo,3,0,3
Seraila,0,3,3
Seraily,0,3,3
Serainy,0,3,3
Seraisha,0,3,3
Seraj-Dine,3,0,3
Séraja,3,0,3
Serája,3,0,3
Seraje-Eddine,3,0,3
Serajoe,3,0,3
Serajuddin,0,3,3
Serak,3,0,3
Seralee,0,3,3
Seraley,0,3,3
Seralima,0,3,3
Séralin,0,3,3
Seralp,0,3,3
Seram,3,0,3
Sèran,3,0,3
Séranah,0,3,3
Seranaz,0,3,3
Serando,3,0,3
Sérane,0,3,3
Serang,0,3,3
Serangel,3,0,3
Séranie,0,3,3
Seranka,0,3,3
Serannya,0,3,3
Serànò,3,0,3
Seranö,3,0,3
Seranque,0,3,3
Serant,3,0,3
Seranus,0,3,3
Seráph,3,0,3
Seraphiem,3,0,3
Seraphiena,0,3,3
Seraphines,3,0,3
Seraphio,3,0,3
Seraphus,3,0,3
Sèraphym,3,0,3
Seraphyn,3,0,3
Seras,0,3,3
Serash,0,3,3
Serastiano,3,0,3
Seraswatie,0,3,3
Seraura,0,3,3
Serâyâ,0,3,3
Seráyah,0,3,3
Seraye,0,3,3
Serayen,3,0,3
Serayin,0,3,3
Serayka,0,3,3
Serayla,0,3,3
Seraylaino,3,0,3
Seraynel,3,0,3
Seraynur,0,3,3
Serayo,3,0,3
Seraysha,0,3,3
Serbee,0,3,3
Serbeh,3,0,3
Serben,3,0,3
Serbi,3,0,3
Serbil,0,3,3
Serbin,0,3,3
Serbiyl,0,3,3
Serbrand,3,0,3
Serbres,3,0,3
Serĉanto,3,0,3
Serce,0,3,3
Sercen,3,0,3
Sercenia,0,3,3
Sercey,3,0,3
Serchan,3,0,3
Serchano,3,0,3
Serchel,3,0,3
Serchelle,0,3,3
Serchinio,3,0,3
Serchinjo,3,0,3
Serchino,3,0,3
Serciano,3,0,3
Sêrçil,3,0,3
Sercilio,3,0,3
Serçin,0,3,3
Sercio,3,0,3
Serco,3,0,3
Serçola,0,3,3
Serd,3,0,3
Serdaar,3,0,3
Serdano,3,0,3
Serdarcan,3,0,3
Serdayneroy,3,0,3
Serde,3,0,3
Serdengeçti,3,0,3
Serdgely,3,0,3
Serdi,3,0,3
Serdiano,3,0,3
Serdik,3,0,3
Serdinio,3,0,3
Serdinjo,3,0,3
Serdjano,3,0,3
Serdjayo,3,0,3
Serdjayon,3,0,3
Serdjely,3,0,3
Serdjin,3,0,3
Serdjinho,3,0,3
Serdjio,3,0,3
Serdjoe,3,0,3
Serdwin,3,0,3
Serdy,3,0,3
Séré,0,3,3
Sêre-Brinevan,3,0,3
Serebour,0,3,3
Serecia,0,3,3
Serecio,3,0,3
Sereeta,0,3,3
Sereetha,0,3,3
Seref-Angelo,3,0,3
Serefinho,3,0,3
Serefino,3,0,3
Serefinus,3,0,3
Sereighlio,3,0,3
Sereija,0,3,3
Sereina,0,3,3
Sereine,0,3,3
Serejoshah,3,0,3
Serekha,0,3,3
Serel,0,3,3
Serelda,0,3,3
Sereley,0,3,3
Serelia,0,3,3
Serelio,3,0,3
Sereliya,0,3,3
Serély,0,3,3
Seremaih,0,3,3
Seremia,0,3,3
Serèn,0,3,3
Serèna,0,3,3
Serena-Olivia,0,3,3
Serenayah,0,3,3
Serencho,3,0,3
Seréncly,3,0,3
Serendina,0,3,3
Serendip,3,0,3
Serene-Diamond,0,3,3
Serenella,0,3,3
Serenethy,0,3,3
Serènety,0,3,3
Serengehti,0,3,3
Seréngelo,3,0,3
Serengul,0,3,3
Sérénic,3,0,3
Sérènity,0,3,3
Serénity,0,3,3
Serenity-Hope,0,3,3
Serenka,0,3,3
Serènna,0,3,3
Serennethy,0,3,3
Serennity,0,3,3
Serensa,0,3,3
Serenthia,0,3,3
Serentino,3,0,3
Serenty,0,3,3
Serenzo,3,0,3
Serep,0,3,3
Serepta,0,3,3
Serero,3,0,3
Seresah,0,3,3
Serese,0,3,3
Sereshma,0,3,3
Seresio,3,0,3
Seressa,0,3,3
Seresvatie,0,3,3
Serevina,0,3,3
Sérey,3,0,3
Sereya,0,3,3
Sereyana,0,3,3
Sereyna,0,3,3
Seréyo,3,0,3
Serfaad,3,0,3
Serfaaz,3,0,3
Serfaes,3,0,3
Serfandro,3,0,3
Serfandus,3,0,3
Serfanim,0,3,3
Serfano,3,0,3
Serfasina,0,3,3
Serfatiana,0,3,3
Serfayen,3,0,3
Serfe,0,3,3
Serferiana,0,3,3
Serfiano,3,0,3
Serfinio,3,0,3
Serfiraz,0,3,3
Serfoweeh,0,3,3
Serfrida,0,3,3
Sergail,0,3,3
Sergalvio,3,0,3
Sergamy,3,0,3
Sergay,3,0,3
Sergaysha,0,3,3
Sérge,3,0,3
Sergè,3,0,3
Sèrgé,3,0,3
Serge-Alexander,3,0,3
Serge-Andre,3,0,3
Serge-Frank,3,0,3
Serge-Martijn,3,0,3
Serge-Michel,3,0,3
Serge-Nikolay,3,0,3
Serge-Paul,3,0,3
Sergea,3,0,3
Sergeciano,3,0,3
Sergée,3,0,3
Sergeëvna,0,3,3
Sergeewna,0,3,3
Sergeh,3,0,3
Sergëi,3,0,3
Sergei-Alexandre,3,0,3
Sergeievitch,3,0,3
Sergeievitsj,3,0,3
Sergeivich,3,0,3
Sergej-Ilja,3,0,3
Sergejevič,3,0,3
Sergéjevna,0,3,3
Sergejitsj,3,0,3
Sergejvic,3,0,3
Sergejvna,0,3,3
Sergelly,0,3,3
Serğen,3,0,3
Sergene,3,0,3
Sergenhio,3,0,3
Sergenio,3,0,3
Sergeny,3,0,3
Sergeshino,3,0,3
Sergeus,3,0,3
Sergeyevich,3,0,3
Sergeyevna,0,3,3
Serggae,3,0,3
Sergge,3,0,3
Serghan,3,0,3
Serghinjo,3,0,3
Sergí,3,0,3
Sérgia,0,3,3
Sergiani,3,0,3
Sergianna,0,3,3
Sergië,3,0,3
Sergie,3,0,3
Sergiellio,3,0,3
Sergihnio,3,0,3
Sergihno,3,0,3
Sergii,3,0,3
Sergiivna,0,3,3
Sergiïvna,0,3,3
Sergije,3,0,3
Sergilio,3,0,3
Sergillio,3,0,3
Serginhia,0,3,3
Serginhô,3,0,3
Serginhō,3,0,3
Sergiñho,3,0,3
Serginia,0,3,3
Serginiõ,3,0,3
Serginjo,3,0,3
Serginnio,3,0,3
Sergió,3,0,3
Sergiò,3,0,3
Sergio-Junior,3,0,3
Sergio-Raoul,3,0,3
Sergionn,3,0,3
Sergiovanni,3,0,3
Sergiyovych,3,0,3
Sergjano,3,0,3
Sergje,3,0,3
Sergly,3,0,3
Sergnaisha,0,3,3
Sergo-Michayel,3,0,3
Sergueevitch,3,0,3
Serguei,3,0,3
Sergueivna,0,3,3
Sergun,3,0,3
Sergwecha,0,3,3
Sergynio,3,0,3
Sergyo,3,0,3
Sergyus,3,0,3
Serhât,3,0,3
Serhena,0,3,3
Serhenk,3,0,3
Serhıldan,3,0,3
Seri-Lee,0,3,3
Seriah,0,3,3
Seriban,0,3,3
Seric,3,0,3
Seridewi,0,3,3
Serie,0,3,3
Serieda,0,3,3
Serief,3,0,3
Seriek,0,3,3
Seriël,0,3,3
Serielke,0,3,3
Sèriëmo,3,0,3
Seriënne,0,3,3
Serienne,0,3,3
Serietadebie,0,3,3
Serieve,0,3,3
Serifana,0,3,3
Sérife,0,3,3
Serifè,0,3,3
Serifen,0,3,3
Serifetul,0,3,3
Serifhanim,0,3,3
Sérigne,3,0,3
Serika,0,3,3
Serike,0,3,3
Seril,3,0,3
Serila,0,3,3
Serilda,0,3,3
Serildan,3,0,3
Serillus,3,0,3
Serim,3,0,3
Sërin,0,3,3
Sèrina,0,3,3
Serindo,3,0,3
Seriné,0,3,3
Serinée,0,3,3
Seringa,0,3,3
Seringomar,3,0,3
Serinjo,3,0,3
Serinka,0,3,3
Serinne,0,3,3
Serinya,0,3,3
Serinyo,3,0,3
Serirani,0,3,3
Serisma,0,3,3
Serista,0,3,3
Seriswetie,0,3,3
Serisyo,3,0,3
Seritsa,0,3,3
Serivan,0,3,3
Seriwi,0,3,3
Seriyana,0,3,3
Seriye,0,3,3
Serjai,3,0,3
Serjana,0,3,3
Serjando,3,0,3
Serjano,3,0,3
Serjayleon,3,0,3
Serjayro,3,0,3
Serjego,3,0,3
Sérjil,3,0,3
Serjino,3,0,3
Serjosa,3,0,3
Serjoska,3,0,3
Serkam,3,0,3
Serkān,3,0,3
Serkan-tariq,3,0,3
Serkancan,3,0,3
Serkant,3,0,3
Serké,3,0,3
Serkhan,3,0,3
Serkses,3,0,3
Serkwah,0,3,3
Serla,0,3,3
Serlaha,0,3,3
Serlay,0,3,3
Serleena,0,3,3
Serlena,0,3,3
Serlesia,0,3,3
Serleska,0,3,3
Serleski,3,0,3
Serlijn,3,0,3
Serlin,0,3,3
Serlinë,0,3,3
Serlinea,0,3,3
Serlinio,3,0,3
Serlino,3,0,3
Serlon,3,0,3
Serly,0,3,3
Serlyano,3,0,3
Serlynn,0,3,3
Serma,0,3,3
Sermalina,0,3,3
Sermat,3,0,3
Sermeena,0,3,3
Sermerio,3,0,3
Sermest,3,0,3
Sermet,3,0,3
Sermi,0,3,3
Sermilla,0,3,3
Sermillio,3,0,3
Sermir,3,0,3
Sermon,3,0,3
Sern,3,0,3
Sernadi,3,0,3
Sernama,0,3,3
Sernandhinio,3,0,3
Serni,3,0,3
Sernin,3,0,3
Sernitcha,0,3,3
Sernya,0,3,3
Seroar,3,0,3
Serodjani,0,3,3
Serodjeni,0,3,3
Seroer,3,0,3
Serojeney,0,3,3
Serojnie,0,3,3
Serõl,3,0,3
Seron,0,3,3
Serôn,0,3,3
Seronera,0,3,3
Seronja,0,3,3
Serora,0,3,3
Serotia,0,3,3
Serotijn,3,0,3
Serotin,3,0,3
Serotina,0,3,3
Serotinus,3,0,3
Serou,0,3,3
Seroush,3,0,3
Serova,0,3,3
Serowil,0,3,3
Serphano,3,0,3
Serphien,0,3,3
Serphin,3,0,3
Serphine,0,3,3
Serphione,3,0,3
Serphius,3,0,3
Serpina,0,3,3
Serqe,3,0,3
Serquenten,3,0,3
Serra-Ann,0,3,3
Serra-Elsa,0,3,3
Serra-Joy,0,3,3
Serra-Lou,0,3,3
Serraç,3,0,3
Serradin,0,3,3
Serrailey,0,3,3
Serraine,0,3,3
Serrajuddin,0,3,3
Serralin,0,3,3
Serran,3,0,3
Serranno,3,0,3
Serranó,3,0,3
Serràno,3,0,3
Serrap,0,3,3
Serraphina,0,3,3
Serraphore,0,3,3
Serrat,3,0,3
Serraviena,0,3,3
Serray,3,0,3
Sèrre,3,0,3
Serreçyo,3,0,3
Serredjay,0,3,3
Serréh,0,3,3
Serrelle,0,3,3
Serrencyo,3,0,3
Serrep,0,3,3
Serrephine,0,3,3
Serrg,3,0,3
Serrie,3,0,3
Serrien,0,3,3
Serrin,0,3,3
Serrinyo,3,0,3
Serrissa,0,3,3
Serrit,0,3,3
Serry,3,0,3
Serryl,3,0,3
Sersinho,3,0,3
Sersio,3,0,3
Serson,3,0,3
Serswatie,0,3,3
Sertab,0,3,3
Sertaj,3,0,3
Sertara,0,3,3
Sertaş,3,0,3
Sertcan,3,0,3
Serte,0,3,3
Sertel,3,0,3
Serten,3,0,3
Serter,3,0,3
Serthan,3,0,3
Serties,3,0,3
Sertîp,3,0,3
Sertley,3,0,3
Sertru,0,3,3
Serubina,0,3,3
Seruchi,3,0,3
Serui,3,0,3
Serujah,0,3,3
Serukundo,3,0,3
Sérule,3,0,3
Serule,3,0,3
Serumi,0,3,3
Serunie,0,3,3
Serup,0,3,3
Seruul,3,0,3
Seruwangi,3,0,3
Servaatsia,0,3,3
Servacius,3,0,3
Servahny,3,0,3
Servahterio,3,0,3
Servain,3,0,3
Servaiz,3,0,3
Servana,0,3,3
Servandkumar,3,0,3
Servane,0,3,3
Servani,0,3,3
Servanjo,3,0,3
Servanno,3,0,3
Servantes,3,0,3
Servanti,0,3,3
Servariano,3,0,3
Servat,0,3,3
Servatie,0,3,3
Servatine,0,3,3
Servatsia,0,3,3
Servaye,0,3,3
Sérve,3,0,3
Servè,3,0,3
Servêe,3,0,3
Servelias,3,0,3
Servelinio,3,0,3
Servelio,3,0,3
Serven,3,0,3
Servenio,3,0,3
Servercan,3,0,3
Serverin,3,0,3
Serverina,0,3,3
Serverino,3,0,3
Serverinus,3,0,3
Serverio,3,0,3
Servero,0,3,3
Serverus,3,0,3
Servesh,3,0,3
Servetcan,3,0,3
Servetina,0,3,3
Servey,3,0,3
Servias,3,0,3
Servié,3,0,3
Servién,3,0,3
Serviënna,0,3,3
Serviënne,0,3,3
Serviënno,3,0,3
Serviliano,3,0,3
Servilio,3,0,3
Servilla,0,3,3
Servillio,3,0,3
Servillo,3,0,3
Serviña,0,3,3
Servinas,0,3,3
Serviñho,3,0,3
Serviniyo,3,0,3
Servino,3,0,3
Servinus,3,0,3
Serviria,0,3,3
Servitas,0,3,3
Servitus,3,0,3
Servius,3,0,3
Servo,3,0,3
Servulo,3,0,3
Servus,3,0,3
Servyano,3,0,3
Servyen,3,0,3
Serwà,0,3,3
Serwaa-Boateng,0,3,3
Serwaa-Prempeh,0,3,3
Serwada,3,0,3
Serwadarkwa,0,3,3
Serwat,0,3,3
Serwé,3,0,3
Serwenda,0,3,3
Serwien,3,0,3
Serwy,3,0,3
Serwynn,0,3,3
Seryaiden,3,0,3
Seryani,3,0,3
Seryas,3,0,3
Seryda,0,3,3
Seryestely,0,3,3
Seryl,3,0,3
Seryliana,0,3,3
Seryllio,3,0,3
Serylus,3,0,3
Serynio,3,0,3
Serynn,0,3,3
Serynthe,0,3,3
Sêrzan,3,0,3
Sesa,0,3,3
Sesaja,0,3,3
Sesam,3,0,3
Sesander,3,0,3
Sesarina,0,3,3
Sesaroel,3,0,3
Sesay,0,3,3
Sesayar,3,0,3
Sesco,3,0,3
Seseh,0,3,3
Seseña,0,3,3
Seshen,3,0,3
Seshiekela,0,3,3
Seshma,0,3,3
Sesia,0,3,3
Sesika,0,3,3
Sesilia,0,3,3
Sesin,3,0,3
Sesinando,3,0,3
Sesinho,3,0,3
Sesinna,0,3,3
Sesiny,0,3,3
Sesirian,3,0,3
Sesiya,0,3,3
Sesjena,0,3,3
Sesjo,3,0,3
Sesley,0,3,3
Sesmu,0,3,3
Sesni,0,3,3
Sesnius,3,0,3
Sespe,0,3,3
Sesse,3,0,3
Sessen,0,3,3
Sessiley,0,3,3
Sessina,0,3,3
Sesta,0,3,3
Sestiawan,3,0,3
Sestilio,3,0,3
Sestiny,0,3,3
Sesto,3,0,3
Sesuna,0,3,3
Sesynijo,3,0,3
Setania,0,3,3
Setar,3,0,3
Setarè,0,3,3
Sètarèh,0,3,3
Setav,0,3,3
Setaysh,0,3,3
Setcherson,3,0,3
Setelee,0,3,3
Setella,0,3,3
Setendrakumar,3,0,3
Setenity,0,3,3
Seteza,0,3,3
Seth-Oscar,3,0,3
Seth-Phin,0,3,3
Seth-Sevrien,3,0,3
Sether,3,0,3
Sethieskoemar,3,0,3
Sethika,3,0,3
Sethine,0,3,3
Sethjunior,3,0,3
Sethly,0,3,3
Sethlynna,0,3,3
Sethota,3,0,3
Sethrohan,3,0,3
Setí,3,0,3
Setiabakti,0,3,3
Setiagung,3,0,3
Setiamurni,0,3,3
Setianita,0,3,3
Setianni,0,3,3
Setiati,0,3,3
Setiës,3,0,3
Seties,3,0,3
Setiesha,0,3,3
Setijam,3,0,3
Setindre,3,0,3
Setine,0,3,3
Setinus,3,0,3
Setiowatie,0,3,3
Setiya,0,3,3
Setiyantie,0,3,3
Setiyawatie,0,3,3
Setja,0,3,3
Setjeperkash,3,0,3
Setjewaan,3,0,3
Setkin,3,0,3
Setnarainsingh,3,0,3
Setney,3,0,3
Setoe,3,0,3
Setondji,3,0,3
Setrag,3,0,3
Setshego,3,0,3
Setta,0,3,3
Setta-Marie,0,3,3
Settare,0,3,3
Settareh,0,3,3
Settawut,3,0,3
Sette,0,3,3
Setthaphum,3,0,3
Setthe,0,3,3
Settle-Erhun,3,0,3
Setto,0,3,3
Setu,3,0,3
Setumdo,3,0,3
Setwatie,0,3,3
Sety,3,0,3
Setyabudhi,3,0,3
Setyaningrum,0,3,3
Setyaningsih,0,3,3
Setyastuti,0,3,3
Setyawati,0,3,3
Setyoboedi,3,0,3
Setyonugroho,3,0,3
Séu,3,0,3
Seuann,0,3,3
Seuerjos,3,0,3
Seuhn,3,0,3
Seuinn,3,0,3
Seul-gi,0,3,3
Seuleica,0,3,3
Seulijn,3,0,3
Seumaira,0,3,3
Seumas,3,0,3
Seun,3,0,3
Seun-Man,3,0,3
Seundus,0,3,3
Seung-Yi,0,3,3
Seung-Yin,0,3,3
Seute,3,0,3
Seuwe,3,0,3
Sév,3,0,3
Sevaan,3,0,3
Sevadiën,3,0,3
Sevaes,3,0,3
Sévaijra,0,3,3
Sèvaijra,0,3,3
Sevailra,0,3,3
Sévaio,3,0,3
Sevaio,3,0,3
Sevaja,0,3,3
Sevajisa,0,3,3
Sevâl,0,3,3
Sevalda,0,3,3
Sevaldo,3,0,3
Sevalta,0,3,3
Sévan-Julian,3,0,3
Sevanarria,0,3,3
Sevânàyą,0,3,3
Sevanhha,0,3,3
Sevania,0,3,3
Sevanie,0,3,3
Sevanio,3,0,3
Sévanity,0,3,3
Sevanjo,3,0,3
Sevannia,0,3,3
Sevannie,3,0,3
Sevannio,3,0,3
Sevanno,3,0,3
Sevanthy,0,3,3
Sevanti,0,3,3
Sevar,3,0,3
Sevarino,3,0,3
Sevaristus,3,0,3
Sevastiyn,3,0,3
Sevat,0,3,3
Sevaya,0,3,3
Sevdâ,0,3,3
Sevda-Fatma,0,3,3
Sevdağ,0,3,3
Sevdag,0,3,3
Sevdagül,0,3,3
Sevdal,0,3,3
Sevdap,0,3,3
Sevdar,3,0,3
Sevdelina,0,3,3
SevdeNur,0,3,3
Sevdesevim,0,3,3
Sevdiya,0,3,3
Sevdiye,0,3,3
Sève,3,0,3
Seveanne,0,3,3
Sevecen,0,3,3
Sevéda,0,3,3
Sevee,0,3,3
Seveen,0,3,3
Seveena,0,3,3
Seveil,0,3,3
Sevein,3,0,3
Sevelva,0,3,3
Séven,3,0,3
Sévencio,3,0,3
Sevendo,3,0,3
Sevenetie,0,3,3
Seveney,3,0,3
Sevengül,0,3,3
Sevenia,0,3,3
Sevenique,0,3,3
Sevènity,0,3,3
Sevennety,0,3,3
Severah,0,3,3
Severance,3,0,3
Severanio,3,0,3
Severanno,3,0,3
Severella,0,3,3
Severène,0,3,3
Severes,0,3,3
Severian,3,0,3
Severianus,3,0,3
Séverien,0,3,3
Séveriene,0,3,3
Severienus,3,0,3
Sèverina,0,3,3
Severines,3,0,3
Severinne,0,3,3
Séverinus,3,0,3
Severios,3,0,3
Severjano,3,0,3
Severna,0,3,3
Sèvèrné,3,0,3
Severtdina,0,3,3
Severtine,0,3,3
Severunus,3,0,3
Sevgiçan,0,3,3
Sevgican,0,3,3
Sevgili,0,3,3
Sevĝin,0,3,3
Sevgiyat,0,3,3
Sevğül,0,3,3
Sevian,3,0,3
Sevianjulo,3,0,3
Seviç,0,3,3
Sevic,0,3,3
Sevick,3,0,3
Sevie,3,0,3
Séviël,3,0,3
Sevien,0,3,3
Seviènne,0,3,3
Sevière,0,3,3
Sevièrra,0,3,3
Seviève,0,3,3
Sevigna,0,3,3
Sevigny,0,3,3
Sevike,0,3,3
Sevile,0,3,3
Sevilha,0,3,3
Sevilhan,0,3,3
Sevilir,0,3,3
Seville,0,3,3
Sevilnaz,0,3,3
Sevilsen,0,3,3
Sevilya,0,3,3
Sevimnaz,0,3,3
Sevindik,3,0,3
Seviñio,3,0,3
Sevinus,3,0,3
Sevio,3,0,3
Seviona,0,3,3
Seviro,3,0,3
Sevita,0,3,3
Sevla,0,3,3
Sevler,0,3,3
Sevlet,0,3,3
Sevlihan,0,3,3
Sevlinas,0,3,3
Sevludin,3,0,3
Sevm,0,3,3
Sevolah,3,0,3
Sevolino,3,0,3
Sevon,0,3,3
Sevonne,0,3,3
Sevonny,0,3,3
Sevora,0,3,3
Sevory,3,0,3
Sevplun,3,0,3
Sevret,3,0,3
Sevriana,0,3,3
Sevryn,3,0,3
Sevüm,0,3,3
Sevvâl,0,3,3
Sevvel,3,0,3
Sevwa,3,0,3
Sèvy,3,0,3
Sevyda,0,3,3
Sevyna,0,3,3
Sewaa,0,3,3
Sewaan,0,3,3
Sewagudde,3,0,3
Sewajo,3,0,3
Séwak,3,0,3
Sewanah,0,3,3
Sewanande,3,0,3
Sewandana,0,3,3
Sewanie,0,3,3
Sewar,0,3,3
Seward,3,0,3
Sewashni,0,3,3
Sewasnie,0,3,3
Sewatie,0,3,3
Sewbhokal,3,0,3
Sewdajal,3,0,3
Sewdasie,0,3,3
Sewdat,3,0,3
Sewdathpersad,3,0,3
Sewdei,0,3,3
Sewdien,0,3,3
Sewdou,3,0,3
Sewdulari,0,3,3
Sèwéna,3,0,3
Sewerieyos,3,0,3
Seweryaan,3,0,3
Seweryos,3,0,3
Sewi,3,0,3
Sewil,0,3,3
Sewina,0,3,3
Sewini'Sauwyena,0,3,3
Sewints,0,3,3
Sewis,3,0,3
Sewitlana,0,3,3
Sewjagad,3,0,3
Sewkoemar,3,0,3
Sewlal,3,0,3
Sewlall,3,0,3
Sewlan,3,0,3
Sewlochanie,0,3,3
Sewlotjnie,0,3,3
Sewnandan,3,0,3
Sewnanden,3,0,3
Sewnarainsing,3,0,3
Sewndrini,0,3,3
Sewon,3,0,3
Sewpal,3,0,3
Sewparsad,3,0,3
Sewpatie,0,3,3
Sewpersadsingh,3,0,3
Sewpersath,3,0,3
Sewra,0,3,3
Sewraaji,0,3,3
Sewrachdai,0,3,3
Sewradji,0,3,3
Sewradjie,0,3,3
Sewrana,0,3,3
Sewrani,0,3,3
Sewratie,0,3,3
Sewrattan,3,0,3
Sewrattanpersad,3,0,3
Sewrodjanie,0,3,3
Sewsankerghir,3,0,3
Sewsaran,3,0,3
Sewsingaar,3,0,3
Sewty,0,3,3
Sewwal,0,3,3
Sewwandi,0,3,3
Sewwanie,0,3,3
Sewy,0,3,3
Sexta,0,3,3
Sextus,3,0,3
Sey-liënne,0,3,3
Seyamaila,0,3,3
Seyan,3,0,3
Seyani,0,3,3
Seyano,3,0,3
Seyare,0,3,3
Seybane,3,0,3
Seybrandus,3,0,3
Seychèl,0,3,3
Seychell,0,3,3
Seychella,0,3,3
Seychellen,0,3,3
Seyda-Gün,0,3,3
Seydah,0,3,3
Seydan,3,0,3
Seyder,3,0,3
Seydiahmet,3,0,3
Seydihan,3,0,3
Seydin,3,0,3
Seydine,3,0,3
Seydivakkas,3,0,3
Seydiye,0,3,3
Seydo,3,0,3
Seydocan,3,0,3
Seyduna,3,0,3
Seydwan,3,0,3
Seyechelle,0,3,3
Seyem,3,0,3
Seyena,0,3,3
Seyenah,0,3,3
Seyéne,0,3,3
Seyene,0,3,3
Seyenne,0,3,3
Seyer,3,0,3
Seyerdina,0,3,3
Seyf-Dean,3,0,3
Seyfali,3,0,3
Seyfedin,3,0,3
Seyfert,3,0,3
Seyfet,3,0,3
Seyffettin,3,0,3
Seyfiali,3,0,3
Seyfo,3,0,3
Seyfrid,3,0,3
Seyfuddien,3,0,3
Seyfuddin,3,0,3
Seyh,3,0,3
Seyidali,3,0,3
Seyide,0,3,3
Seyide-Sevde,0,3,3
Seyidğan,3,0,3
Seyidxan,3,0,3
Seyifettin,3,0,3
Seyila,0,3,3
Seyiram,3,0,3
Seyitahmet,3,0,3
Seyitefe,3,0,3
Seyitmehmet,3,0,3
Seyitxan,3,0,3
Seyjael,3,0,3
Seyke,0,3,3
Seyleah,0,3,3
Seylian,3,0,3
Seylina,0,3,3
Seym,3,0,3
Seymairo,3,0,3
Seymore,3,0,3
Seymoure,3,0,3
Seynam,0,3,3
Seynan,0,3,3
Seynanur,0,3,3
Seyneb,0,3,3
Seynita,0,3,3
Seynna,0,3,3
Seyoen,3,0,3
Seyomara,0,3,3
Seyona,0,3,3
Seyoum,3,0,3
Seypidin,3,0,3
Seyrani,0,3,3
Seyranne,0,3,3
Séyrel,0,3,3
Seyren,3,0,3
Seyrena,0,3,3
Seyron,3,0,3
Seyscha,0,3,3
Seysel,0,3,3
Seytğan,3,0,3
Seytse,3,0,3
Seyua,0,3,3
Seyuni,0,3,3
Seyvanni,3,0,3
Seyy,0,3,3
Seyyal,0,3,3
Seyyare,0,3,3
Seyyeda,0,3,3
Seyyedeh,0,3,3
Seyyid-Ali,3,0,3
Sezaican,3,0,3
Sézaïg,0,3,3
Sezal,3,0,3
Sézan,3,0,3
Sezçan,0,3,3
Sèzen,0,3,3
Sezèn,0,3,3
Sezen-Jip,0,3,3
Sezercan,3,0,3
Sezerhan,3,0,3
Sezibwa,3,0,3
Sezina,0,3,3
Sezkin,3,0,3
Sezwenkoemaar,3,0,3
Sfen,3,0,3
Sfeya,0,3,3
Sfiri,3,0,3
SFM,0,3,3
Sfynne,0,3,3
Sghaier,3,0,3
Sgurrnan,3,0,3
Sh'avvano,3,0,3
Sh'Qheny,0,3,3
sha,3,0,3
Sha'ban,3,0,3
Sha'eed,3,0,3
Sha'emy,0,3,3
Sha'er,3,0,3
Sha'evely,0,3,3
Sha'iesta,0,3,3
Sha'iestah,0,3,3
Sha'Niyah,0,3,3
Sha'quile,3,0,3
Sha'rae,0,3,3
Sha'raisa,0,3,3
Sha'rivieley,0,3,3
Sha'tael,0,3,3
Sha-Bryenne,0,3,3
Sha-hendrick,3,0,3
Sha-ied,3,0,3
Sha-iesta,0,3,3
Sha-iv,3,0,3
Sha-Jaïr,3,0,3
Sha-jaïro,3,0,3
Sha-Kenly,3,0,3
Sha-Liyana,0,3,3
Sha-meneé,0,3,3
Sha-Mohammed,3,0,3
Sha-mya,0,3,3
Sha-O-Lin,0,3,3
Sha-Qiomy,0,3,3
Sha-ré,0,3,3
Sha-ta,0,3,3
Shà-uri,0,3,3
Sha-Uri,0,3,3
Sha-Vainely,0,3,3
Sha-Viënley,0,3,3
Sha-viënly,0,3,3
Sha-Wah,0,3,3
Sha-Yenne,0,3,3
Shaa'ba,0,3,3
Shaabil,3,0,3
Shaade,3,0,3
Shaaf,3,0,3
Shaafe,3,0,3
Shaafi,0,3,3
Shaafie,3,0,3
Shaaft,3,0,3
Shaagaeg,0,3,3
Shaahiena,0,3,3
Shaahrzad,0,3,3
Shaai,3,0,3
Shaaina,0,3,3
Shaaira,0,3,3
Shaaista,0,3,3
Shaakier,3,0,3
Shaalisa,0,3,3
Shaaliya,0,3,3
Shaamlydevi,0,3,3
Shaamnarain,3,0,3
Shaamnarayan,3,0,3
Shaamny,0,3,3
Shaaneequa,0,3,3
Shaani,0,3,3
Shaaniya,0,3,3
Shaaniyah,0,3,3
Shaantanu,3,0,3
Shaantenoe,3,0,3
Shaantenu,3,0,3
Shaantiedevi,0,3,3
Shaanvi,0,3,3
Shaanvy,0,3,3
Shaarad,3,0,3
Shaarifah,0,3,3
Shaarôn,0,3,3
Shaaron,0,3,3
Shaarujen,3,0,3
Shaayar,3,0,3
Shaayerie,0,3,3
Shaayrana,0,3,3
Shaazna,0,3,3
Shab,3,0,3
Shaba,0,3,3
Shabad,3,0,3
Shabak,3,0,3
Shabaka,3,0,3
Shabanah,0,3,3
Shabania,0,3,3
Shabaniagatoen,0,3,3
Shabann,0,3,3
Shabanna,0,3,3
Shabanoe,0,3,3
Shabanou,0,3,3
Shabany,0,3,3
Shabas,3,0,3
Shabash,3,0,3
Shabazz,3,0,3
Shabba,3,0,3
Shabbar,3,0,3
Shabbirkumar,3,0,3
Shabeau,0,3,3
Shabeen,0,3,3
Shabeena,0,3,3
Shabeer,3,0,3
Shabeera,0,3,3
Shabeerkhan,3,0,3
Shabeersingh,3,0,3
Shabéli,0,3,3
Shabely,0,3,3
Shabenzia,0,3,3
Shaber,3,0,3
Shabi,3,0,3
Shabiana,0,3,3
Shabidagatoen,0,3,3
Shabidakhatoen,0,3,3
Shabielly,0,3,3
Shabien,0,3,3
Shabier-Khan,3,0,3
Shabieterie,0,3,3
Shabiga,0,3,3
Shabih,0,3,3
Shabiha,0,3,3
Shabila,0,3,3
Shabine,0,3,3
Shabir-Ul-Hassan,3,0,3
Shabita,0,3,3
Shabiullah,3,0,3
Shabna,0,3,3
Shabnaam,0,3,3
Shabnam-Tahira,0,3,3
Shabnum,0,3,3
Shabra,0,3,3
Shabri,0,3,3
Shabriëllo,3,0,3
Shabrien,0,3,3
Shabriena,0,3,3
Shabrinaily,0,3,3
Shabtay,3,0,3
Shaby,3,0,3
Shácanta,0,3,3
Shaceely,0,3,3
Shachaan,3,0,3
Shachant,3,0,3
Shachentèly,0,3,3
Shachiël,3,0,3
Shachien,3,0,3
Shachikala,0,3,3
Shachin,3,0,3
Shachini,0,3,3
Shacina,0,3,3
Shaciro,3,0,3
Shackina,0,3,3
Shackle,3,0,3
Shackleton,3,0,3
Shacko,3,0,3
Shacsine,0,3,3
Shacymilien,0,3,3
Shadaab,0,3,3
Shadab,3,0,3
Shadaelie,0,3,3
Shadaena,0,3,3
Shadaia,0,3,3
Shadaimy,3,0,3
Shadaineleah,0,3,3
Shadairo,3,0,3
Shadaiya,0,3,3
Shadaiyah,0,3,3
Shadamanee,0,3,3
Shadaña,0,3,3
Shadaneh,0,3,3
Shadario,3,0,3
Shadat,3,0,3
Shadaykoemarie,0,3,3
Shadaylies,0,3,3
Shadaylio,3,0,3
Shadayn,0,3,3
Shadayne,0,3,3
Shadayron,3,0,3
Shadaz,3,0,3
Shadda,0,3,3
Shaddad,3,0,3
Shaddai-my,0,3,3
Shaddai-ny,0,3,3
Shaddan,3,0,3
Shaddayrethson,3,0,3
Shadde,3,0,3
Shaddi,3,0,3
Shaddine,0,3,3
Shaddiq,3,0,3
Shaddirah,0,3,3
Shadë,0,3,3
Shadea,0,3,3
Shadean,0,3,3
Shadeau,3,0,3
Shadeea,0,3,3
Shadeeb,3,0,3
Shadeem,3,0,3
Shadeena-Lyd,0,3,3
Shadeesha,0,3,3
Shadéh,0,3,3
Shadeily,0,3,3
Shadel,0,3,3
Shadela,0,3,3
Shadélie,0,3,3
Shadelio,3,0,3
Shadelise,0,3,3
Shadelyenne,0,3,3
Shadelys,0,3,3
Shademy,0,3,3
Shadéna,0,3,3
Shadenadebie,0,3,3
Shadenzio,3,0,3
Shadeon-Lamar,3,0,3
Shadera,0,3,3
Shadesh,3,0,3
Shadesija,0,3,3
Shadeska,0,3,3
Shadessa,0,3,3
Shadeva,0,3,3
Shadey-Jay,3,0,3
Shadeyah,0,3,3
Shadéyh,0,3,3
Shadeynah,0,3,3
Shadeyomarion,3,0,3
Shadha,3,0,3
Shadhana,0,3,3
Shadhānand,3,0,3
Shadhil,3,0,3
Shadhusaan,3,0,3
Shadhushan,3,0,3
Shadhvi,0,3,3
Shadiah,0,3,3
Shadiana,0,3,3
Shadiat,0,3,3
Shadiba,0,3,3
Shadid,3,0,3
Shadidsja,0,3,3
Shadidsnova,0,3,3
Shádie-Shirell,0,3,3
Shadiek,3,0,3
Shadiem,3,0,3
Shadiëne,0,3,3
Shadija,0,3,3
Shadikah,0,3,3
Shadiman,0,3,3
Shadimir,3,0,3
Shadiona,0,3,3
Shadirah,0,3,3
Shadiraim,0,3,3
Shadiria,0,3,3
Shadirien,0,3,3
Shadiro,3,0,3
Shadised,0,3,3
Shadisha,0,3,3
Shaditscha,0,3,3
Shaditsna,0,3,3
Shadiyenne,0,3,3
Shadjienayra,0,3,3
Shadlyn,0,3,3
Shadon,3,0,3
Shadonai,0,3,3
Shadonna,0,3,3
Shadonne,0,3,3
Shadow,3,0,3
Shadredyson,3,0,3
Shadrélina,0,3,3
Shadriän,0,3,3
Shadriano,3,0,3
Shadriën,3,0,3
Shadrino,3,0,3
Shadriya,0,3,3
Shadrokh,3,0,3
Shadruwansly,3,0,3
Shadu,0,3,3
Shadua,0,3,3
Shadwa,0,3,3
Shadwina,0,3,3
Shàdy,0,3,3
Shady-Lynn,0,3,3
Shady-Mae,0,3,3
Shadyengelo,3,0,3
Shadyka,0,3,3
Shadyl,3,0,3
Shadyson,3,0,3
Shadyvon,3,0,3
Shaé'andro,3,0,3
Shae'Don,3,0,3
Shae'ev,3,0,3
Shae'Naya,0,3,3
Shaé-Ann,0,3,3
Shae-d,3,0,3
Shae-Dee,0,3,3
Shae-Drionne,3,0,3
Shaé-Lee,0,3,3
Shae-Lyandra,0,3,3
Shae-Niyah,0,3,3
Shaeannah,0,3,3
Shaed,3,0,3
Shaeda,0,3,3
Shaëda,0,3,3
Shaedany,0,3,3
Shaedi,0,3,3
Shaediën,3,0,3
Shaedion,3,0,3
Shaedya,0,3,3
Shaedyn,3,0,3
Shaedyon,3,0,3
Shaeel,3,0,3
Shaeene,0,3,3
Shaeesta,0,3,3
Shaeham,3,0,3
Shaeil,3,0,3
Shaeila,0,3,3
Shaèl,0,3,3
Shaëla,0,3,3
Shaelan,0,3,3
Shaélee,0,3,3
Shaéley,0,3,3
Shaëli,0,3,3
Shaeliane,0,3,3
Shaelique,0,3,3
Shaelisa,0,3,3
Shaelize,0,3,3
Shaèlle,0,3,3
shaelli,0,3,3
Shaélly,0,3,3
Shaélo,3,0,3
Shaëlo,3,0,3
Shaely-Ann,0,3,3
Shaëly-Ann,0,3,3
Shaelyanne,0,3,3
Shaelyne,0,3,3
Shaélynn,0,3,3
Shaëlynn,0,3,3
Shaëlys,0,3,3
Shaemae,0,3,3
Shaemaë,0,3,3
Shaeme,3,0,3
Shaemie,3,0,3
Shaemillio,3,0,3
Shaemy,0,3,3
Shaën,0,3,3
Shaëna,0,3,3
Shaenaly,0,3,3
Shaëndra,0,3,3
Shaenice,0,3,3
Shaénna,0,3,3
Shaenny,0,3,3
Shaenon,3,0,3
Shaenri,3,0,3
Shaenta,0,3,3
Shaeq,3,0,3
Shaera,0,3,3
Shaereya,0,3,3
Shaeriano,3,0,3
Shaerion,3,0,3
Shaeriva,0,3,3
Shaeroetikant,3,0,3
Shaerziñoh,3,0,3
Shaevah,0,3,3
Shäevalina,0,3,3
Shaevano,3,0,3
Shaevenna,0,3,3
Shaéveron,3,0,3
Shaevion,3,0,3
Shaey-Levonn,0,3,3
Shaeyan,3,0,3
Shaeyana,0,3,3
Shaeyen,3,0,3
Shaeyènna,0,3,3
Shaeyènne,0,3,3
Shaëylin,0,3,3
Shaeyn,3,0,3
Shaf,0,3,3
Shafa,0,3,3
Shafaa,0,3,3
Shafaa'at,3,0,3
Shafaas,3,0,3
Shafaat,3,0,3
Shafaaz,3,0,3
Shafadey,0,3,3
Shafainelly,0,3,3
Shafaira,0,3,3
Shafairo,3,0,3
Shafak,0,3,3
Shafaley,0,3,3
Shafalia,0,3,3
Shafalita,0,3,3
Shafaliyah,0,3,3
Shafaly,0,3,3
Shafanah,0,3,3
Shafani,0,3,3
Shafanny,0,3,3
Shafano,3,0,3
Shafaq,0,3,3
Shafarah,0,3,3
Shafarshna,0,3,3
Shafayah,0,3,3
Shafdar,3,0,3
Shafëano,3,0,3
Shafeci,3,0,3
Shafee,3,0,3
Shafeeqa,0,3,3
Shafeer,3,0,3
Shafeh,3,0,3
Shafeira,0,3,3
Shafek,3,0,3
Shafeli,0,3,3
Shafelie,0,3,3
Shafella,0,3,3
Shafendy,0,3,3
Shafer,3,0,3
Shaferaan,3,0,3
Shaferaily,3,0,3
Shafernely,0,3,3
Shafeyenne,0,3,3
Shaffaana,0,3,3
Shaffaello,3,0,3
Shaffainy,0,3,3
Shaffairo,3,0,3
Shaffarow,3,0,3
Shaffay,3,0,3
Shaffayz,3,0,3
Shaffeley,0,3,3
Shaffely,0,3,3
Shaffenitcha,0,3,3
Shafferd,3,0,3
Shaffia,0,3,3
Shaffië,3,0,3
Shaffiek,3,0,3
Shaffioennischa,0,3,3
Shaffiqa,0,3,3
Shafi-ur,3,0,3
Shafid,3,0,3
Shafiea,0,3,3
Shafied,3,0,3
Shafiedhoesain,3,0,3
Shafiekhoesein,3,0,3
Shafiël,3,0,3
Shafienah,0,3,3
Shafiënne,0,3,3
Shafieque,3,0,3
Shafiër,3,0,3
Shafiëra,0,3,3
Shafierabanoe,0,3,3
Shafierina,0,3,3
Shafigkhan,3,0,3
Shafija,0,3,3
Shafilio,3,0,3
Shafinash,0,3,3
Shafine,0,3,3
Shafinia,0,3,3
Shafioen,0,3,3
Shafîq,3,0,3
Shafiqah,0,3,3
Shafiqe,3,0,3
Shafiqkhan,3,0,3
Shafiràh,0,3,3
Shafirio-Deshawn,3,0,3
Shafiro,3,0,3
Shafita,0,3,3
Shafiyagatoen,0,3,3
Shafiyah,0,3,3
Shafiyenne,0,3,3
Shafiyya,0,3,3
Shafiyyah,0,3,3
Shafkaat,3,0,3
Shafoena,0,3,3
Shafon,0,3,3
Shafonda,0,3,3
Shafoyrean,3,0,3
Shafraas,3,0,3
Shafranta,0,3,3
Shafrien,0,3,3
Shafrinah,0,3,3
Shafrira,0,3,3
Shafton,3,0,3
Shafurny,0,3,3
Shafwaan,3,0,3
Shafwan,3,0,3
Shafya,0,3,3
Shafyk,3,0,3
Shaga,3,0,3
Shagal,0,3,3
Shagar,3,0,3
Shagari,0,3,3
Shagaro,3,0,3
Shager,3,0,3
Shaggal,0,3,3
Shaggeor,3,0,3
Shaggi,3,0,3
Shaghiera,0,3,3
Shaghoefa,0,3,3
Shagi,0,3,3
Shagië,3,0,3
Shagiela,0,3,3
Shagietadebie,0,3,3
Shagilio,3,0,3
Shagille,3,0,3
Shagilonyl,3,0,3
Shagini,0,3,3
Shagithya,0,3,3
Shagiva,0,3,3
Shagmar,3,0,3
Shagmard,3,0,3
Shagnaaz,0,3,3
Shagoeftha,0,3,3
Shagoja,3,0,3
Shaguana,0,3,3
Shaguita,0,3,3
Shagur,3,0,3
Shagwidah,0,3,3
Shagy,3,0,3
Shah-Ahmad,3,0,3
Shah-Hussain,3,0,3
Shah-Jahan,3,0,3
Shah-Noer,3,0,3
Shah-Zaman,3,0,3
Shaha-Ally,3,0,3
Shahaan,3,0,3
Shahabuddin,3,0,3
Shahaene,0,3,3
Shahaida,0,3,3
Shahairo,3,0,3
Shahalina,0,3,3
Shahamir,3,0,3
Shahanaaz,0,3,3
Shahanaz,0,3,3
Shaharani,0,3,3
Shaharazed,0,3,3
Shaharbanu,0,3,3
Shaharezad,0,3,3
Shaharia,0,3,3
Shahat,0,3,3
Shahazadi,0,3,3
Shahbaas,3,0,3
Shahban,3,0,3
Shahbana,0,3,3
Shahbanou,0,3,3
Shahbanu,0,3,3
Shahbod,3,0,3
Shahdan,3,0,3
Shahdiyar,3,0,3
Shahe,0,3,3
Shahe-Azam,3,0,3
Shahean,3,0,3
Shaheb,3,0,3
Shahebaz,3,0,3
Shaheda,0,3,3
Shahedjahan,3,0,3
Shaheduddin,3,0,3
Shahedy,0,3,3
Shaheerhoesein,3,0,3
Shaheïdy,0,3,3
Shahein,3,0,3
Shaheirah,0,3,3
Shahela,0,3,3
Shahem,3,0,3
Shahenaaz,0,3,3
Shahënaaz,0,3,3
Shahenda,0,3,3
Shahensha,3,0,3
Shaheny,0,3,3
Shaher-bano,0,3,3
Shaheroen,3,0,3
Shaheryaar,3,0,3
Shahëyny,0,3,3
Shahëz,3,0,3
Shahez,3,0,3
Shahferoz,3,0,3
Shahfira,0,3,3
Shahidan,0,3,3
Shahiddin,3,0,3
Shahidi,0,3,3
Shahidullah,3,0,3
Shahie,0,3,3
Shahierhoesein,3,0,3
Shahiesta,0,3,3
Shahijn,0,3,3
Shahila,0,3,3
Shahill,3,0,3
Shahimardan,3,0,3
Shahináz,0,3,3
Shahinde,0,3,3
Shahindra,3,0,3
Shahine,3,0,3
Shahinez,0,3,3
Shahino,3,0,3
Shahinoorie,0,3,3
Shahinur,3,0,3
Shahira-Sajida,0,3,3
Shahire,3,0,3
Shahisha,0,3,3
Shahishta,0,3,3
Shahiton,0,3,3
Shahjahan,3,0,3
Shahjehan,3,0,3
Shahlâ,0,3,3
Shahm,3,0,3
Shahmari,3,0,3
Shahmeen,0,3,3
Shahmir,3,0,3
Shahnan,3,0,3
Shahneela,0,3,3
Shahnieze,0,3,3
Shahnisa,0,3,3
Shahnoor,0,3,3
Shahnour,3,0,3
Shahpal,3,0,3
Shahpar,0,3,3
Shahpoor,3,0,3
Shâhpour,3,0,3
Shahpur,3,0,3
Shahra,0,3,3
Shahraan,3,0,3
Shahrad,3,0,3
Shahrastani,0,3,3
Shahraya,0,3,3
Shahraze,3,0,3
Shahrejaar,3,0,3
Shahrezad,0,3,3
Shahriaar,3,0,3
Shahriell,3,0,3
Shahrog,3,0,3
Shahrom,3,0,3
Shahroof,3,0,3
Shahroze,3,0,3
Shahrul,3,0,3
Shahruzaad,0,3,3
Shahryaar,3,0,3
Shahug,3,0,3
Shahura,0,3,3
Shahverdi,3,0,3
Shahwali,3,0,3
Shahwan,3,0,3
Shahwana,0,3,3
Shahwar,3,0,3
Shahwaris,3,0,3
Shahyl,3,0,3
Shahynaz,0,3,3
Shahzaada,3,0,3
Shahzaan,3,0,3
Shahzadie,0,3,3
Shahzain,3,0,3
Shahzaman,3,0,3
Shahzan,3,0,3
Shahzeena,0,3,3
Shahzer,3,0,3
Shahzeya,0,3,3
Shahzil,3,0,3
Shai'ann,0,3,3
Shai'ira,0,3,3
Shai-D,0,3,3
Shai-Dee,3,0,3
Shai-El,0,3,3
Shai-Lee,3,0,3
Shai-Li,0,3,3
Shai-lo,3,0,3
Shai-lynn,0,3,3
Shai-romey,0,3,3
Shaia,0,3,3
Shaïa,0,3,3
Shaiana,0,3,3
Shaiand,3,0,3
Shaiane,0,3,3
Shaiano,3,0,3
Shaiba,0,3,3
Shaibiontely,0,3,3
Shaibu,3,0,3
Shaick,3,0,3
Shaidai,0,3,3
Shaidaw,3,0,3
Shaïdécca,0,3,3
Shaidely,0,3,3
Shaidenia,0,3,3
Shaider,3,0,3
Shaidér,3,0,3
Shaiderline,0,3,3
Shaidey,0,3,3
Shaideymairo,3,0,3
Shaïdi,0,3,3
Shaidon,3,0,3
Shaidrion,3,0,3
Shaidro,3,0,3
Shaïdya,3,0,3
Shaied,3,0,3
Shaíef,3,0,3
Shaiëfhoesein,3,0,3
Shaiel,0,3,3
Shaiema,0,3,3
Shaien,3,0,3
Shaiën,0,3,3
Shaïena,0,3,3
Shaiena,0,3,3
Shaïenathy,0,3,3
Shaiendra,0,3,3
Shaïene,0,3,3
Shaiengel,0,3,3
Shaienne,0,3,3
Shaiër,0,3,3
Shaiësta,0,3,3
Shaiestah,0,3,3
Shaiestha,0,3,3
Shaifa,0,3,3
Shaifana,0,3,3
Shaiff,3,0,3
Shaiffullah,3,0,3
Shaifiani,0,3,3
Shaifiania,0,3,3
Shaifiek,3,0,3
Shaiful,0,3,3
Shaiheen,3,0,3
Shaihena,0,3,3
Shaihil,3,0,3
Shaihzaad,3,0,3
Shaihzad,3,0,3
Shaij,0,3,3
Shaijah,0,3,3
Shaijer,3,0,3
Shaijiara,0,3,3
Shaijlandro,3,0,3
Shaijlesh,3,0,3
Shaijna,0,3,3
Shaïk,3,0,3
Shaike,3,0,3
Shaikh-Ali,3,0,3
Shaikha,0,3,3
Shaiky,3,0,3
Shaikyria,0,3,3
Shailah,0,3,3
Shailaja,0,3,3
Shailany,0,3,3
Shailas,3,0,3
Shaileendra,3,0,3
Shailén,3,0,3
Shailenderkoemar,3,0,3
Shailendersain,3,0,3
Shailendersing,3,0,3
Shailendrapersad,3,0,3
Shailendraraam,3,0,3
Shailendrasing,3,0,3
Shailendresingh,3,0,3
Shailene,0,3,3
Shailésh,3,0,3
Shailesha,0,3,3
Shaileshlall,3,0,3
Shaileshsingh,3,0,3
Shaileskoemar,3,0,3
Shailicia,0,3,3
Shailiena,0,3,3
Shailies,0,3,3
Shailieson,3,0,3
Shailinderpersad,3,0,3
Shailindrakumarsingh,3,0,3
Shailindrasingh,3,0,3
Shailindredath,3,0,3
Shailindrekoemar,3,0,3
Shailindrie,0,3,3
Shailine,0,3,3
Shailinidebie,0,3,3
Shailiniedebie,0,3,3
Shailiniedibie,0,3,3
Shailinkumar,3,0,3
Shailinne,0,3,3
Shailinniekumarie,0,3,3
Shailipoetri,0,3,3
Shailisch,3,0,3
Shailisha,0,3,3
Shailishkumar,3,0,3
Shailiskumar,3,0,3
Shailiyah,0,3,3
Shailla,0,3,3
Shaïloh,3,0,3
Shailputri,0,3,3
Shailyaah,0,3,3
Shailydia,0,3,3
Shailydiadevi,0,3,3
Shailyn,0,3,3
Shailyne,0,3,3
Shaim,3,0,3
Shaimaan,3,0,3
Shaimaë,0,3,3
Shaimaé,0,3,3
Shaimanira,0,3,3
Shaimarilis,0,3,3
Shaimarlene,0,3,3
Shaimary,0,3,3
Shaime,0,3,3
Shaimè,0,3,3
Shaimee,0,3,3
Shaimely,0,3,3
Shaïmen,3,0,3
Shaimie,3,0,3
Shaimiron,3,0,3
Shaimoon,0,3,3
Shaïn,3,0,3
Shaina-Safia,0,3,3
Shainaas,0,3,3
Shainaazgatoen,0,3,3
Shainaiska,0,3,3
Shainandra,0,3,3
Shainapreet,0,3,3
Shainary,0,3,3
Shainayro,3,0,3
Shainazbanoe,0,3,3
Shaïnda,0,3,3
Shaindra,0,3,3
Shainedy,0,3,3
Shainemory,0,3,3
Shainesh,3,0,3
Shainesy,0,3,3
Shainice,0,3,3
Shainieldee,0,3,3
Shainila,0,3,3
Shainilou,0,3,3
Shainiska,0,3,3
Shainita,0,3,3
Shainitza,0,3,3
Shainnadiva,0,3,3
Shaïnne,0,3,3
Shaïno,3,0,3
Shaino,3,0,3
Shainousheney,0,3,3
Shainyvien,0,3,3
Shaio,3,0,3
Shaionny,0,3,3
Shaïq,3,0,3
Shair-Mohamed,3,0,3
Shaira-Banoe,0,3,3
Shairabanu,0,3,3
Shairagaheim,0,3,3
Shairaghatoen,0,3,3
Shãïrah,0,3,3
Shairan,3,0,3
Shairandri,0,3,3
Shairanety,0,3,3
Shairaz,3,0,3
Shairé,0,3,3
Shaire,0,3,3
Shaireece,0,3,3
Shaireena,0,3,3
Shairendel,3,0,3
Shairene,0,3,3
Shairese,0,3,3
Shairety,0,3,3
Shairfanio,3,0,3
Shairie,0,3,3
Shairièlle,0,3,3
Shairiënska,0,3,3
Shairine,0,3,3
Shairis,0,3,3
Shairishen,0,3,3
Shairison,3,0,3
Shairita,0,3,3
Shairity,0,3,3
Shairjayvien,3,0,3
Shairjeeden,3,0,3
Shairlly,0,3,3
Shairoekhan,3,0,3
Shairoënne,0,3,3
Shairold,3,0,3
Shairomig,3,0,3
Shairomy,0,3,3
Shairon-jaymian,3,0,3
Shairon-Son,3,0,3
Shairovier,3,0,3
Shairoz,0,3,3
Shairsingh,3,0,3
Shairy,0,3,3
Shairyson,3,0,3
Shaïsha,0,3,3
Shaïshta,0,3,3
Shaiska,0,3,3
Shaist,3,0,3
Shaistagatoen,0,3,3
Shaïstah,0,3,3
Shaistah,0,3,3
Shaïstanisa,0,3,3
Shaistha,0,3,3
Shaitiskoemar,3,0,3
Shaivano,3,0,3
Shaiverona,0,3,3
Shaivyaa,0,3,3
Shaiwendy,0,3,3
Shaiwesh,3,0,3
Shaiwiena,0,3,3
Shaiy,3,0,3
Shaiyah,0,3,3
Shaiyaliro,3,0,3
Shaiyeahra,0,3,3
Shaiyenna,0,3,3
Shaiyer,3,0,3
Shaiyma,0,3,3
Shaiyna,0,3,3
Shaiyok,3,0,3
Shaiyraaz,3,0,3
Shaiyree,0,3,3
Shaiyttiaiynna,0,3,3
Shaïz,3,0,3
Shaïza,0,3,3
Shaïze,0,3,3
Shaj,3,0,3
Shaja'at,3,0,3
Shajad,3,0,3
Shajahad,3,0,3
Shajahan,3,0,3
Shajahat,3,0,3
Shajahnailey,0,3,3
Shajaini,0,3,3
Shajal,3,0,3
Shajanena,0,3,3
Shajant,3,0,3
Shajara,0,3,3
Shajeany,0,3,3
Shajeavenry,3,0,3
Shajeeda,0,3,3
Shajeef,3,0,3
Shajeevan,3,0,3
Shajel,3,0,3
Shajéne,0,3,3
Shajerie,0,3,3
Shajiah,0,3,3
Shajidan,3,0,3
Shajim,3,0,3
Shajitha,0,3,3
Shajohna,0,3,3
Shajona,0,3,3
Shajra,0,3,3
Shajudi,3,0,3
Shakaar,3,0,3
Shakab,3,0,3
Shakairoh,3,0,3
Shakanaa,0,3,3
Shakar,3,0,3
Shakari,0,3,3
Shakaya,0,3,3
Shakayla,0,3,3
Shakayna,0,3,3
Shakda,3,0,3
Shakeara,0,3,3
Shakedy,0,3,3
Shakeela-Debie,0,3,3
Shakeely,0,3,3
Shakeera,0,3,3
Shakeesha,0,3,3
Shakeji,0,3,3
Shakel,3,0,3
Shakelli,0,3,3
Shakellis,0,3,3
Shakenzo,3,0,3
Shakera,0,3,3
Shakerullah,3,0,3
Shakeysha,0,3,3
Shakhoefta,0,3,3
Shakiba,0,3,3
Shakielah,0,3,3
Shakiema,0,3,3
Shakierhoesein,3,0,3
Shakieta,0,3,3
Shakieza,0,3,3
Shakiil,3,0,3
Shakiladevie,0,3,3
Shakiladewi,0,3,3
Shakiladibie,0,3,3
Shakilakoemarie,0,3,3
Shakilan,3,0,3
Shakilawati,0,3,3
Shakile,3,0,3
Shakilia,0,3,3
Shakilla,0,3,3
Shakima,0,3,3
Shakimah,0,3,3
Shakinah,0,3,3
Shakinah-Gloria,0,3,3
Shakip,3,0,3
Shakïr,3,0,3
Shakira-Mae,0,3,3
Shakiranaaz,0,3,3
Shakiro,3,0,3
Shakischa,0,3,3
Shakitta,0,3,3
Shakiya,0,3,3
Shakiyena,0,3,3
Shakiza,0,3,3
Shakki,3,0,3
Shakoenta,0,3,3
Shakoentaladevi,0,3,3
Shakoentaladewie,0,3,3
Shakoentalagatoen,0,3,3
Shakoentalawatie,0,3,3
Shakoentela-Devi,0,3,3
Shakoentladebie,0,3,3
Shakoer,3,0,3
Shakonie,0,3,3
Shakoor,3,0,3
Shakoora,0,3,3
Shakourd,3,0,3
Shakrita,0,3,3
Shaksedi,3,0,3
Shakshi,0,3,3
Shaksi,0,3,3
Shakthy,0,3,3
Shakti-Arya,3,0,3
Shakti-Devi,0,3,3
Shakti-Lila,0,3,3
Shaktidewi,0,3,3
Shaktiekumar,3,0,3
Shaktiesing,3,0,3
Shaktiesingh,3,0,3
Shaktikoemar,3,0,3
Shaktinarainsingh,3,0,3
Shaktiradj,3,0,3
Shaktisingh,3,0,3
Shakty,3,0,3
Shakuntala-Devi,0,3,3
Shakuntaladebi,0,3,3
Shakuntladevi,0,3,3
Shakunty,0,3,3
Shakúr,3,0,3
Shakur-Amir,3,0,3
Shakuru,3,0,3
Shakuur,3,0,3
Shakwina,0,3,3
Shakwoentaladebie,0,3,3
Shakya,3,0,3
Shakyëra,0,3,3
Shakyla,0,3,3
Shakylla,0,3,3
Shakyna,0,3,3
Shakyr,3,0,3
Shakysho,3,0,3
Shalabiya,0,3,3
Shalaika,0,3,3
Shalain,0,3,3
Shalaine,0,3,3
Shalaiyah,0,3,3
Shalako,3,0,3
Shalanata,0,3,3
Shalance,0,3,3
Shalander,3,0,3
Shalandie,0,3,3
Shalandrhia,0,3,3
Shalandy,0,3,3
Shalara,0,3,3
Shalaw,3,0,3
Shalayah,0,3,3
Shalayka,0,3,3
Shalayla,0,3,3
Shalayra,0,3,3
Shalaysa,0,3,3
Shalda,0,3,3
Shalde-Nairis,0,3,3
Shaldea,0,3,3
Shaldemairon,3,0,3
Shalden,3,0,3
Shaldjen,3,0,3
Shaldré,3,0,3
Shaldre,3,0,3
Shaldré-angelé,0,3,3
Shaldrick,3,0,3
Shaldrickshon,3,0,3
Shaldrikson,3,0,3
Shaldrion,3,0,3
Shale,3,0,3
Shalea,0,3,3
Shalear,3,0,3
Shalecia,0,3,3
Shaleé,0,3,3
Shalee-Ann,0,3,3
Shaleenay,0,3,3
Shaleesa,0,3,3
Shaleesha,0,3,3
Shaleeshya,0,3,3
Shaleesia,0,3,3
Shaleeta,0,3,3
Shaleinderdathmisier,3,0,3
Shaleisa,0,3,3
Shaleisha,0,3,3
Shaleiva,0,3,3
Shalem-Alexander,3,0,3
Shalemar,0,3,3
Shalendersingh,3,0,3
Shalendrasingh,3,0,3
Shalendre,3,0,3
Shaléne,0,3,3
Shalera,0,3,3
Shalesch,3,0,3
Shalesha,0,3,3
Shalessa,0,3,3
Shaleste,0,3,3
Shalevy,0,3,3
Shalgit,0,3,3
Shaliandro,3,0,3
Shaliën,0,3,3
Shalies,0,3,3
Shalieza,0,3,3
Shalifa,0,3,3
Shalijah,0,3,3
Shalik,3,0,3
Shalika,0,3,3
Shalike,0,3,3
Shalilah,0,3,3
Shalim,3,0,3
Shalinagatoen,0,3,3
Shalinca,0,3,3
Shalinde,0,3,3
Shalindrakoemarsingh,3,0,3
Shalindrakumar,3,0,3
Shalindrea,0,3,3
Shalindro,3,0,3
Shalinee,0,3,3
Shalini-Devi,0,3,3
Shalini-Divie,0,3,3
Shalinidebie,0,3,3
Shalinidévi,0,3,3
Shalinie-Rishma,0,3,3
Shaliniedevi,0,3,3
Shaliniedevie,0,3,3
Shaliniedewie,0,3,3
Shaliniewatie,0,3,3
Shaliniwatie,0,3,3
Shalinka,0,3,3
Shalinkumar,3,0,3
Shalinmar,3,0,3
Shalinura,0,3,3
Shaliro,3,0,3
Shalischa,0,3,3
Shalish,3,0,3
Shalishe,0,3,3
Shaliskoemar,3,0,3
Shalisna,0,3,3
Shalissa-Grace,0,3,3
Shalitadevi,0,3,3
Shalitawatie,0,3,3
Shalitha,0,3,3
Shalitta,0,3,3
Shaliyaah,0,3,3
Shaliyandro,3,0,3
Shallan,0,3,3
Shallana,0,3,3
Shallane,0,3,3
Shallau,3,0,3
Shallie,0,3,3
Shalliënne,0,3,3
Shallimar,0,3,3
Shallinda,0,3,3
Shallinie,0,3,3
Shallinny,0,3,3
Shalliño,3,0,3
Shallisa,0,3,3
Shalloekoemarie,0,3,3
Shallom,3,0,3
Shallonda,0,3,3
Shallot,0,3,3
Shallowy,0,3,3
Shallum,3,0,3
Shallyah,0,3,3
Shallysa,0,3,3
Shallysha,0,3,3
Shalmiron,3,0,3
Shalnela,0,3,3
Shalnie,0,3,3
Shaloah,0,3,3
Shalofa,0,3,3
Shalöidise,0,3,3
Shálom,3,0,3
Shalom-mar,3,0,3
Shalomar,3,0,3
Shalomid,0,3,3
Shalomie,0,3,3
Shalomiënne,0,3,3
Shalommite,0,3,3
Shalomy-Joy,0,3,3
Shalón,3,0,3
Shalonie,0,3,3
Shalotjana,0,3,3
Shalou,0,3,3
Shalouska,0,3,3
Shaloyse,0,3,3
Shalston,3,0,3
Shalten,3,0,3
Shalthon,3,0,3
Shaluna,0,3,3
Shalva,3,0,3
Shalviën,0,3,3
Shalwin,0,3,3
Shalyah,0,3,3
Shalycia,0,3,3
Shalysia,0,3,3
Shalyssa,0,3,3
Shalyza,0,3,3
Shamaani,0,3,3
Shamada,0,3,3
Shamadebi,0,3,3
Shamadevie,0,3,3
Shamaé,0,3,3
Shamael,3,0,3
Shamaelia,0,3,3
Shamaey,0,3,3
Shamahly,0,3,3
Shamaica,0,3,3
Shamaida,0,3,3
Shamaila-Isadora,0,3,3
Shamailay,0,3,3
Shamaily,0,3,3
Shamaima,0,3,3
Shamaindry,0,3,3
Shamaineley,0,3,3
Shamainey,0,3,3
Shamairison,3,0,3
Shamairon,3,0,3
Shamaja,0,3,3
Shamalek,3,0,3
Shamalka,3,0,3
Shamaly,0,3,3
Shamam,0,3,3
Shamamosa,0,3,3
Shaman,3,0,3
Shamane,0,3,3
Shamanee,0,3,3
Shamangy,0,3,3
Shamanie,0,3,3
Shämanij,0,3,3
Shamanja,0,3,3
Shamano,3,0,3
Shamanty,0,3,3
Shámar,3,0,3
Shamare,3,0,3
Shamarey,0,3,3
Shamarison,3,0,3
Shamarya,0,3,3
Shamaryia,0,3,3
Shamas,3,0,3
Shamash,3,0,3
Shamáti,0,3,3
Shamauro,3,0,3
Shamawatie,0,3,3
Shamay,0,3,3
Shamayca,0,3,3
Shamayim,3,0,3
Shamaylai,0,3,3
Shamaylia,0,3,3
Shamayro,3,0,3
Shamaz,3,0,3
Shambavi,0,3,3
Shambhavi,0,3,3
Shambhu,3,0,3
Shamca,0,3,3
Shamdeen,3,0,3
Shame,3,0,3
Shameal,3,0,3
Shameca,0,3,3
Shamédion,3,0,3
Shameeka,0,3,3
Shameelah,0,3,3
Shameeq,3,0,3
Shameerah,0,3,3
Shameh,0,3,3
Shameha,0,3,3
Shameina,0,3,3
Shameira,0,3,3
Shameiro,3,0,3
Shameka,0,3,3
Shamekh,3,0,3
Shameli,0,3,3
Shamelie,0,3,3
Shamelis,0,3,3
Shamelle,0,3,3
Shamelly,0,3,3
Shamen,0,3,3
Shamenta,0,3,3
Shameram,0,3,3
Shamere,3,0,3
Shameree,0,3,3
Shamerie,0,3,3
Shamero,3,0,3
Shaméy,0,3,3
Shameylie,0,3,3
Shamfa,3,0,3
Shamica,0,3,3
Shamicke,0,3,3
Shamida,0,3,3
Shamiek,3,0,3
Shamiema,0,3,3
Shamiemah,0,3,3
Shamien,0,3,3
Shamienagatoen,0,3,3
Shamieragatoen,0,3,3
Shamiis,0,3,3
Shamijah,0,3,3
Shamik,0,3,3
Shamïla,0,3,3
Shamilaine,0,3,3
Shamilé,0,3,3
Shamilean,0,3,3
Shamilee,0,3,3
Shamileedebie,0,3,3
Shamilete,0,3,3
Shamileth,0,3,3
Shamilex,0,3,3
Shamilia,0,3,3
Shamilie,0,3,3
Shamilio,3,0,3
Shamilka,0,3,3
Shamilkumar,3,0,3
Shamille,0,3,3
Shamilotte,0,3,3
Shamilya,0,3,3
Shamimu,0,3,3
Shamin,0,3,3
Shaminaiza,0,3,3
Shaminde,3,0,3
Shaminder,3,0,3
Shamine,0,3,3
Shamini,0,3,3
Shaminke,0,3,3
Shamino,3,0,3
Shamio,0,3,3
Shamioni,0,3,3
Shamipersad,3,0,3
Shamipersadh,3,0,3
Shamiqua,0,3,3
Shamiquel,0,3,3
Shamiraam,0,3,3
Shamirali,3,0,3
Shamirio,3,0,3
Shamirlon,3,0,3
Shamis,0,3,3
Shamis-Ul-Arifin,3,0,3
Shamishudnesha,0,3,3
Shamiso,0,3,3
Shamithra,0,3,3
Shamiul,3,0,3
Shamiza,0,3,3
Shamjuthan,3,0,3
Shamkhal,3,0,3
Shamlawatie,0,3,3
Shamlay,0,3,3
Shamleedevi,0,3,3
Shamley,0,3,3
Shamlou,3,0,3
Shammah-Winner,3,0,3
Shammai,0,3,3
Shammar,0,3,3
Shammie,3,0,3
Shammikapoor,3,0,3
Shammikumar,3,0,3
Shammo,3,0,3
Shamnam,0,3,3
Shamnath,3,0,3
Shamni,0,3,3
Shamohammed,3,0,3
Shamonah,0,3,3
Shamony,0,3,3
Shamoodah,0,3,3
Shamoon,3,0,3
Shamraïn,0,3,3
Shamraiz,3,0,3
Shamresh,3,0,3
Shamri,0,3,3
Shamrock,3,0,3
Shamroukh,3,0,3
Shams-dinne,3,0,3
Shamsaad,3,0,3
Shamsaan,3,0,3
Shamsadwarsali,3,0,3
Shamsaldien,3,0,3
Shamsaldin,3,0,3
Shamsdean,3,0,3
Shamsediene,3,0,3
Shamsedine,3,0,3
Shamseer,3,0,3
Shamseldin,3,0,3
Shamshaad,3,0,3
Shamshad,0,3,3
Shamshadbeghem,0,3,3
Shamsheer,3,0,3
Shamsjeêr,3,0,3
Shamsoendar,3,0,3
Shamsoender,3,0,3
Shamsrahman,3,0,3
Shamssoessaba,0,3,3
Shamsuddien,3,0,3
Shamsudeen,3,0,3
Shamsudiin,3,0,3
Shamsudin,3,0,3
Shamsullha,3,0,3
Shamsunnisa,0,3,3
Shamuel,3,0,3
Shamuëla,0,3,3
Shamulla,0,3,3
Shamun,3,0,3
Shamus,3,0,3
Shamwari,0,3,3
Shamwati,0,3,3
Shamwatie,0,3,3
Shamya,0,3,3
Shamyar,3,0,3
Shamyca,0,3,3
Shamyleane,0,3,3
Shamyr,3,0,3
Shamyray,3,0,3
Shamzadyn,0,3,3
Shàn,3,0,3
Shān,0,3,3
Shan'n-Lie,0,3,3
Shan-Kun,3,0,3
Shan-Long,3,0,3
Shan-Shan,0,3,3
Shan-shan,0,3,3
Shana-Lianne,0,3,3
Shanaaya,0,3,3
Shanaaz-Azhmi,0,3,3
Shanaë,0,3,3
Shanaed,0,3,3
Shanaël,0,3,3
Shanaeyah,0,3,3
Shanagné,0,3,3
Shánah,0,3,3
Shanaï,0,3,3
Shanaïa,0,3,3
Shanaida-Nazia,0,3,3
Shanaidro,3,0,3
Shanaijla,0,3,3
Shanailique,0,3,3
Shanailis,0,3,3
Shanailly,0,3,3
Shanailys,0,3,3
Shanain,0,3,3
Shanaina,0,3,3
Shanairis,0,3,3
Shanairys,0,3,3
Shanaise,0,3,3
Shanaiyah,0,3,3
Shanaiza,0,3,3
Shanajah,0,3,3
Shanakee,0,3,3
Shanaldo,3,0,3
Shanali,0,3,3
Shanalong,3,0,3
Shanam,0,3,3
Shanandon,3,0,3
Shanania,0,3,3
Shananja,0,3,3
Shanaomi,0,3,3
Shanash,0,3,3
Shanavaze,3,0,3
Shanawaaz,3,0,3
Shanawaz,3,0,3
Shanaya-devi,0,3,3
Shanayne,0,3,3
Shanaytha,0,3,3
Shanayyah,0,3,3
Shancarlos,3,0,3
Shandailys,0,3,3
Shandana,0,3,3
Shandanary,0,3,3
Shandarella,0,3,3
Shandee,0,3,3
Shandeeh,0,3,3
Shandel,3,0,3
Shandelie,0,3,3
Shandeline,0,3,3
Shandelino,3,0,3
Shandelly,0,3,3
Shandelmar,3,0,3
Shanderély,0,3,3
Shanderey,3,0,3
Shanderly,3,0,3
Shandërlyn,0,3,3
Shandesi,0,3,3
Shandey,3,0,3
Shandiadevi,0,3,3
Shandiepa,0,3,3
Shandil,3,0,3
Shandinah,0,3,3
Shandine,0,3,3
Shandinho,3,0,3
Shandiya,0,3,3
Shandiyadevi,0,3,3
Shandiz,0,3,3
Shandjai,3,0,3
Shandjairo,3,0,3
Shandjana,0,3,3
Shandjay,3,0,3
Shandje,3,0,3
Shandjievkumar,3,0,3
Shandler,3,0,3
Shando,3,0,3
Shandradebie,0,3,3
Shandradee,0,3,3
Shandré,3,0,3
Shandreck,3,0,3
Shandreily,0,3,3
Shandrela,0,3,3
Shandreley,0,3,3
Shandrelia,0,3,3
Shandrella,0,3,3
Shandrelley,0,3,3
Shandrelycka,0,3,3
Shandrelys,0,3,3
Shandreya,0,3,3
Shandreylica,0,3,3
Shandreyna,0,3,3
Shandri,0,3,3
Shandriano,3,0,3
Shandric,3,0,3
Shandrickson,3,0,3
Shandriëla,0,3,3
Shandriënne,0,3,3
Shandrienne,0,3,3
Shandrik,3,0,3
Shandrino,3,0,3
Shandrion,3,0,3
Shandrison,3,0,3
Shandromar,3,0,3
Shandron,3,0,3
Shandrouw,3,0,3
Shandrowel,3,0,3
Shandrylicka,0,3,3
Shandtie,0,3,3
Shandyanaily,0,3,3
Shandynoushka,0,3,3
Shanè,3,0,3
Shañe,3,0,3
Shane-Ace,3,0,3
Shane-Di-Vonte,3,0,3
Shane-Dylan,3,0,3
Shane-Marley,0,3,3
Shane-michel,3,0,3
Shanea-Lynn,0,3,3
Shanead,0,3,3
Shaneal,0,3,3
Shaneau,0,3,3
Shanecia,0,3,3
Shanedrion,3,0,3
Shanedy,0,3,3
Shanée,0,3,3
Shaneece,0,3,3
Shaneeda,0,3,3
Shaneegua,0,3,3
Shaneekwa,0,3,3
Shaneela,0,3,3
Shaneeldath,3,0,3
Shaneena,0,3,3
Shaneene,0,3,3
Shaneenee,0,3,3
Shaneéqua,0,3,3
Shaneequah,0,3,3
Shanees,0,3,3
Shaneese,0,3,3
Shaneeva,0,3,3
Shaneevia,0,3,3
Shaneeya,0,3,3
Shaneeyara,0,3,3
Shanefa,0,3,3
Shanefel,0,3,3
Shanégail,0,3,3
Shaneh,0,3,3
Shaneida,0,3,3
Shaneika,0,3,3
Shaneil,3,0,3
Shaneilika,0,3,3
Shaneille,0,3,3
Shaneina,0,3,3
Shaneisa,0,3,3
Shanél,0,3,3
Shanela,0,3,3
Shaneli,0,3,3
Shanelis,0,3,3
Shanelley,0,3,3
Shanelli,0,3,3
Shanellie,0,3,3
Shanelys,0,3,3
Shanen,0,3,3
Shanend,3,0,3
Shanendo,3,0,3
Shanene,0,3,3
Shaneney,0,3,3
Shanenon,3,0,3
Shaneque,0,3,3
Shanequelle,0,3,3
Shaner,0,3,3
Shanera,0,3,3
Shanerd,3,0,3
Shanerifa,0,3,3
Shanerisa,0,3,3
Shanethie,0,3,3
Shanetty,0,3,3
Shanevan,3,0,3
Shanevely,0,3,3
Shanewa,0,3,3
Shanewaas,3,0,3
Shanewaaz,3,0,3
Shaneyda,0,3,3
Shaneyhaimah,0,3,3
Shanéyl,3,0,3
Shaneyra,0,3,3
Shaneyva,0,3,3
Shanfiliën,0,3,3
Shàng,3,0,3
Shang-A,0,3,3
Shang-Chu,3,0,3
Shang-Hsuan,3,0,3
Shang-La,0,3,3
Shang-Lei,3,0,3
Shang-Zhi,3,0,3
Shanga,0,3,3
Shangdi,0,3,3
Shange,0,3,3
Shangeetadevi,0,3,3
Shangelison,3,0,3
Shangell,3,0,3
Shangenelly,0,3,3
Shanggeeta,0,3,3
Shanggeta,0,3,3
Shangino,3,0,3
Shangita-debie,0,3,3
Shangita-Devi,0,3,3
Shangjyun,3,0,3
Shangla,0,3,3
Shanglin,3,0,3
Shangraf,0,3,3
Shangri,3,0,3
Shangri-la,0,3,3
Shangria,0,3,3
Shangwe,3,0,3
Shangyang,3,0,3
Shangyuan,3,0,3
Shanhanshah,3,0,3
Shanhaw,3,0,3
Shànhui,3,0,3
Shani-Qwa,0,3,3
Shánia,0,3,3
Shania-Dae,0,3,3
Shania-Lee,0,3,3
Shania-Luna,0,3,3
Shanïah,0,3,3
Shanial,3,0,3
Shaniamie,0,3,3
Shaniatey,0,3,3
Shanic,0,3,3
Shanicha,0,3,3
Shaniche,0,3,3
Shanicka,0,3,3
Shanidar,3,0,3
Shanidrela,0,3,3
Shanidriëly,0,3,3
Shanied,3,0,3
Shaniefa,0,3,3
Shaniek,0,3,3
Shanieka,0,3,3
Shaniël,0,3,3
Shañiela,0,3,3
Shanieldo,3,0,3
Shaniële,0,3,3
Shaniëlla,0,3,3
Shanielperkaas,3,0,3
Shaniera,0,3,3
Shaniës,0,3,3
Shanies,0,3,3
Shanieva,0,3,3
Shanievjett,0,3,3
Shaniez,0,3,3
Shaniha,0,3,3
Shaniice,0,3,3
Shanija,0,3,3
Shanikaah,0,3,3
Shanikeshsingh,3,0,3
Shanikqua,0,3,3
Shanilda,0,3,3
Shanilee,0,3,3
Shanileira,0,3,3
Shanili,0,3,3
Shanillia,0,3,3
Shanilqua,0,3,3
Shaninka,0,3,3
Shaninuska,0,3,3
Shaniq,0,3,3
Shaniqia,0,3,3
Shaniqûa,0,3,3
Shaniquá,0,3,3
Shaniquah,0,3,3
Shaniqué,0,3,3
Shaniqueau,0,3,3
Shanir,3,0,3
Shanirah,0,3,3
Shaniraylees,0,3,3
Shaniro,3,0,3
Shanirva,0,3,3
Shanirvya,0,3,3
Shanis,0,3,3
Shanischa,0,3,3
Shanischka,0,3,3
Shanishadebie,0,3,3
Shanishka,0,3,3
Shanishwa,0,3,3
Shanissya,0,3,3
Shanista,0,3,3
Shanisya,0,3,3
Shanitey,0,3,3
Shanitia,0,3,3
Shanitté,0,3,3
Shanitzia,0,3,3
Shanivia,0,3,3
Shanivriëly,0,3,3
Shaniz,0,3,3
Shanize,0,3,3
Shanizia,0,3,3
Shanja,0,3,3
Shanjali,0,3,3
Shanjana,0,3,3
Shanjay,3,0,3
Shanjé,0,3,3
Shanjeal,3,0,3
Shanjeantely,0,3,3
Shanjeef,3,0,3
Shanjeekumar,3,0,3
Shanjeeta-Koemarie,0,3,3
Shanjéwa,0,3,3
Shanji-Ryu,3,0,3
Shanjiv,3,0,3
Shanjoghta,0,3,3
Shanjuan,3,0,3
Shank,0,3,3
Shankare,3,0,3
Shankarkumar,3,0,3
Shankarradj,3,0,3
Shankarsingh,3,0,3
Shankerkumar,3,0,3
Shankir,3,0,3
Shankly,3,0,3
Shankvi,0,3,3
Shanky,3,0,3
Shànlì,0,3,3
Shanlin,0,3,3
Shanmugam,3,0,3
Shanmuganathan,3,0,3
Shann,3,0,3
Shanná,0,3,3
Shänna,0,3,3
Shanna-Joy,0,3,3
Shanna-Julia,0,3,3
Shanna-lee,0,3,3
Shanna-Lisa,0,3,3
Shanna-Vera,0,3,3
Shannaaz,0,3,3
Shannae,0,3,3
Shannaël,0,3,3
Shännah,0,3,3
Shânnah,0,3,3
Shannah-Rose,0,3,3
Shannai,0,3,3
Shannaïs,0,3,3
Shannais,0,3,3
Shannalisa,0,3,3
Shannalley,0,3,3
Shannally,0,3,3
Shannav,3,0,3
Shanné,0,3,3
Shanne-gay,0,3,3
Shanne-Zhy,0,3,3
Shannea,0,3,3
Shanned,0,3,3
Shannee,0,3,3
Shanneequa,0,3,3
Shannelta,0,3,3
Shannely,0,3,3
Shännen,0,3,3
Shannen-Anne,0,3,3
Shannenn,0,3,3
Shannerly,0,3,3
Shannery,0,3,3
Shanneska,0,3,3
Shannessy,0,3,3
Shannez,0,3,3
Shannia,0,3,3
Shanniëlla,0,3,3
Shanniels,3,0,3
Shannifa,0,3,3
Shannika,0,3,3
Shannina,0,3,3
Shanniqua,0,3,3
Shanniva,0,3,3
Shannon-Alyssa,0,3,3
Shannon-Jay,0,3,3
Shannon-Lee,0,3,3
Shannon-Mae,0,3,3
Shannon-Oliver,3,0,3
Shannon-Prisilla,0,3,3
Shannona,0,3,3
Shannory,0,3,3
Shannowha,0,3,3
Shannyth,0,3,3
Shannytha,0,3,3
Shanoah,0,3,3
Shanoau,0,3,3
Shanobi,0,3,3
Shanobie,0,3,3
Shanoby,0,3,3
Shanody,3,0,3
Shanoeck,0,3,3
Shanoekia,0,3,3
Shanoewi,0,3,3
Shanoi,0,3,3
Shanoï,0,3,3
Shanoja,0,3,3
Shanola,0,3,3
Shanomie,0,3,3
Shanos,0,3,3
Shanoselle,0,3,3
Shanosh,3,0,3
Shanoska,0,3,3
Shanotra,0,3,3
Shanoulle,0,3,3
Shanour,3,0,3
Shanouria,0,3,3
Shanoüry,0,3,3
Shanoushka,0,3,3
Shanoux,0,3,3
Shanowa,0,3,3
Shanrie,0,3,3
Shanseka,0,3,3
Shanseray,0,3,3
Shansia,0,3,3
Shansley,0,3,3
Shanso,3,0,3
Shansridevie,0,3,3
Shanta-Joy,0,3,3
Shantadebie,0,3,3
Shantadevi,0,3,3
Shantadewi,0,3,3
Shantaely,0,3,3
Shantakumari,0,3,3
Shantakumarie,0,3,3
Shantalaimi,0,3,3
Shantali,0,3,3
Shantalla,0,3,3
Shantan,0,3,3
Shantasha,0,3,3
Shantasia,0,3,3
Shantayana,3,0,3
Shantdeli,0,3,3
Shanté-Paris,0,3,3
Shantécia,0,3,3
Shantèl,0,3,3
Shantéley,0,3,3
Shanteli,0,3,3
Shantelien,0,3,3
Shanteline,0,3,3
Shantelino,3,0,3
Shantely-Ann,0,3,3
Shantenay,0,3,3
Shanteney,0,3,3
Shantenia,0,3,3
Shantenoe,3,0,3
Shantenu,3,0,3
Shanteny,0,3,3
Shantéy,0,3,3
Shanthal,0,3,3
Shanthasha,0,3,3
Shantheysha,0,3,3
Shanthinie,0,3,3
Shanthoniëlla,0,3,3
Shanthonio,3,0,3
Shanthony,3,0,3
Shanthosa,0,3,3
Shanthusia,0,3,3
Shanthy,0,3,3
Shantí,0,3,3
shanti,0,3,3
Shanti-Grace,0,3,3
Shanti-Jai,0,3,3
Shanti-Li,0,3,3
Shanti-Lila,0,3,3
Shanti-pari,0,3,3
Shanti-Roma,0,3,3
Shantianna,0,3,3
Shantiara,0,3,3
Shantice,0,3,3
Shantidas,3,0,3
Shantidebby,0,3,3
Shantidebi,0,3,3
Shantidevie,0,3,3
Shantidibie,0,3,3
Shantiedhebie,0,3,3
Shantiekumarie,0,3,3
Shantiëll,3,0,3
Shantiëntely,0,3,3
Shantika,0,3,3
Shantikoemar,3,0,3
Shantikoemarie,0,3,3
Shantilly,0,3,3
Shantily,0,3,3
Shantim,3,0,3
Shantina,0,3,3
Shantine,3,0,3
Shantiney,0,3,3
Shantini,0,3,3
Shantiniketan,0,3,3
Shantinivas,3,0,3
Shantiperkas,3,0,3
Shantish,3,0,3
Shantitscha,0,3,3
Shantley,0,3,3
Shantly,0,3,3
Shantoesa,0,3,3
Shantoeshia,0,3,3
Shantoesja,0,3,3
Shantoinnella,0,3,3
Shantonu,3,0,3
Shantos,3,0,3
Shantoshi,0,3,3
Shantosidevi,0,3,3
Shantoucha,0,3,3
Shantousha,0,3,3
Shantousja,0,3,3
Shantra,0,3,3
Shantrëlle,0,3,3
Shantrese,0,3,3
Shantrilla,0,3,3
Shantrishya,0,3,3
Shanttë,0,3,3
Shantucha,0,3,3
Shantum,3,0,3
Shantusa,0,3,3
Shantuscha,0,3,3
Shantusjadebie,0,3,3
Shantwana,0,3,3
Shantya,0,3,3
Shantyana,0,3,3
Shañu,3,0,3
Shanuck,0,3,3
Shanui,0,3,3
Shanulya,0,3,3
Shanun,3,0,3
Shanuna,0,3,3
Shanur,3,0,3
Shanuray,0,3,3
Shanushka,0,3,3
Shanuyaa,0,3,3
Shanvainelly,0,3,3
Shanveer,3,0,3
Shanvently,3,0,3
Shanwi,0,3,3
Shánya,0,3,3
Shanyan,0,3,3
Shanyang,3,0,3
Shanyaw,3,0,3
Shanyeila,0,3,3
Shanygane,0,3,3
Shanygine,0,3,3
Shanyia,0,3,3
Shanyon,3,0,3
Shanyree,0,3,3
Shanyrizée,0,3,3
Shanyscha,0,3,3
Shanyska,0,3,3
Shanyssa,0,3,3
Shanyssah,0,3,3
Shanyu,3,0,3
Shào,3,0,3
Shao-Ching,3,0,3
Shao-Juh,3,0,3
Shao-Lin,0,3,3
Shao-ni,0,3,3
Shaò-Tíng,0,3,3
Shao-yie,3,0,3
Shao-Yin,0,3,3
Shaochun,0,3,3
Shaoel,3,0,3
Shaofei,0,3,3
Shaohai,3,0,3
Shaohe,3,0,3
Shaola,0,3,3
Shaole,3,0,3
Shaomi,0,3,3
Shaomiya,0,3,3
Shaon-Yesha,3,0,3
Shaony,0,3,3
Shaoor,3,0,3
Shaormi,0,3,3
Shaoud,3,0,3
Shaouri,0,3,3
Shaoyang,3,0,3
Shaoyi,3,0,3
Shaoyu,3,0,3
Shaozen,0,3,3
Shapari,0,3,3
Shapary,0,3,3
Shaphiëra,0,3,3
Shaphira,0,3,3
Shapka,3,0,3
Shaporha,0,3,3
Shapour,3,0,3
Shaprisky,3,0,3
Shaqaiq,0,3,3
Shaqe,0,3,3
Shaqeela,0,3,3
Shaqeelhoesein,3,0,3
Shaqeen,0,3,3
Shaqeena,0,3,3
Shaqeer,3,0,3
Shaqel,3,0,3
Shaqell,3,0,3
Shaqelles,0,3,3
Shaqhiel,3,0,3
Shaqiël,3,0,3
Shaqiendro,3,0,3
Shaqier,3,0,3
Shaqieta,0,3,3
Shaqilah,0,3,3
Shaqilian,3,0,3
Shaqille,3,0,3
Shaqin,3,0,3
Shaqine,0,3,3
Shaqintha,0,3,3
Shaqiria,0,3,3
Shaqisha,0,3,3
Shaqiul,3,0,3
Shaqoer,3,0,3
Shaqouil,3,0,3
Shaqquile,3,0,3
Shaqquille,3,0,3
Shaquanah,0,3,3
Shaquanne,0,3,3
Shaquason,3,0,3
Shaque,0,3,3
Shaqueem,3,0,3
Shaqueeny,0,3,3
Shaqûel,0,3,3
Shaquelise,0,3,3
Shaquêll,3,0,3
Shaquelle,0,3,3
Shaquena,0,3,3
Shaquencio,3,0,3
Shaqueni,0,3,3
Shaquiele,3,0,3
Shaquielle,3,0,3
Shaquier,3,0,3
Shaquil-Amier,3,0,3
Shaquilcassius,3,0,3
Shaquillah,0,3,3
Shaquillio,3,0,3
Shaquilo,3,0,3
Shaquilya,0,3,3
Shaquin,3,0,3
Shaquino,3,0,3
Shaquinto,3,0,3
Shaquir,3,0,3
Shaquirrion,3,0,3
Shaquita,0,3,3
Shaqville,3,0,3
Shaqwan,3,0,3
Shaqycia,0,3,3
Shaqyll,3,0,3
Shaqyra,0,3,3
Shar'dae,0,3,3
Shar-Daily,0,3,3
Shar-Lian,0,3,3
Shar-Y-Daymen,3,0,3
Shar-Yar,3,0,3
Sharaad,3,0,3
Sharaaj,3,0,3
Sharaam,3,0,3
Sharaara,0,3,3
Sharabande,0,3,3
Sharaby,0,3,3
Sharacee,0,3,3
Sharad-Arjun,3,0,3
Sharadena,0,3,3
Sharadhana,0,3,3
Sharadhena,0,3,3
Sharadhna-Devi,0,3,3
Sharadian,0,3,3
Sharadjni,0,3,3
Sharadkoemar,3,0,3
Sharadraj,3,0,3
Sharadsing,3,0,3
Sharaeel,3,0,3
Sharaeley,0,3,3
Sharaellety,0,3,3
Sharaf-Din,3,0,3
Sharafat,3,0,3
Sharafdean,3,0,3
Sharafdine,3,0,3
Sharafeddine,3,0,3
Sharafedine,3,0,3
Sharaff,3,0,3
Sharafkhan,3,0,3
Sharaghni,0,3,3
Sharai-Roxanne,0,3,3
Sharaïd,3,0,3
Sharaidha,0,3,3
Sharaika,0,3,3
Sharaila,0,3,3
Sharaillo,3,0,3
Sharaily,0,3,3
Sharaima,0,3,3
Sharain,0,3,3
Sharainaley,0,3,3
Sharaïsa,0,3,3
Sharaishagatoen,0,3,3
Sharaita,0,3,3
Sharajout,3,0,3
Sharal,0,3,3
Sharala,0,3,3
Sháralee,0,3,3
Sharaleen,0,3,3
Sharalin,0,3,3
Sharallya,0,3,3
Sharaly,0,3,3
Sharalyee,0,3,3
Sharamanye,0,3,3
Sharamarke,3,0,3
Sharan-Irani,0,3,3
Sharandon,3,0,3
Sharandsly,3,0,3
Sharâne,0,3,3
Sharanee,0,3,3
Sharanelle,0,3,3
Sharanga,0,3,3
Sharangan,3,0,3
Sharangiya,0,3,3
Sharanhi,0,3,3
Sharani-Mukti,0,3,3
Sharanidamayanti,0,3,3
Sharanidevi,0,3,3
Sharaniya,0,3,3
Sharanjan,3,0,3
Sharanjeet,0,3,3
Sharanka,0,3,3
Sharansingh,3,0,3
Sharantej,0,3,3
Sharanty,0,3,3
Sharanyan,3,0,3
Sharap,3,0,3
Sharare,0,3,3
Sharasee,0,3,3
Sharasely,0,3,3
Sharaswatie,0,3,3
Sharat-Ahmed,3,0,3
Sharatah,0,3,3
Sharatella,0,3,3
Sharath,3,0,3
Sharathy,3,0,3
Sharavan,3,0,3
Sharawy,3,0,3
Sharaydi,0,3,3
Sharayé,0,3,3
Sharayed,3,0,3
Sharayfa,0,3,3
Sharayï,0,3,3
Sharayke,0,3,3
Sharayli,0,3,3
Sharaylis,0,3,3
Sharayma,0,3,3
Sharayn,3,0,3
Sharayne,0,3,3
Sharayni,0,3,3
Sharaysa,0,3,3
Sharaysza,0,3,3
Sharayyah,0,3,3
Sharazed,0,3,3
Sharazna,0,3,3
Sharbertson,3,0,3
Sharburna,0,3,3
Sharceë,0,3,3
Sharceley,0,3,3
Shardadibie,0,3,3
Shardah,0,3,3
Shardaily,0,3,3
Shardainelly,0,3,3
Shardaisha,0,3,3
Shardalijn,0,3,3
Shardanadebie,0,3,3
Shardanjali,0,3,3
Shardannie,0,3,3
Shardasia,0,3,3
Shardauny,3,0,3
Sharde,0,3,3
Shardè,0,3,3
Shardeanemely,0,3,3
Shardeany,0,3,3
Shardelino,3,0,3
Shardeliviën,0,3,3
Shardell,3,0,3
Shardena,0,3,3
Sharderu,0,3,3
Shardesh,0,3,3
Shardhadebie,0,3,3
Shardhan,3,0,3
Shardiane,0,3,3
Shardiën,0,3,3
Shardiënelly,0,3,3
Shardienne,0,3,3
Shardiennely,0,3,3
Shardiespersad,3,0,3
Shardiliz,0,3,3
Shardilyn,0,3,3
Shardim,3,0,3
Shardiney,0,3,3
Shardino,3,0,3
Shardinoushka,0,3,3
Shardinyo,3,0,3
Shardión,3,0,3
Shardiona,0,3,3
Shardione,3,0,3
Shardisha,0,3,3
Shardjeny,0,3,3
Shardjény,0,3,3
Shardo,3,0,3
Shardoney,0,3,3
Shardonio,3,0,3
Shardow,0,3,3
Sharduwen,3,0,3
Shardyanela,0,3,3
Shardyene,0,3,3
Shardylendra,0,3,3
Shardynonh,3,0,3
Share,0,3,3
Sharea-Claire,0,3,3
Shareaf,3,0,3
Sharealy,0,3,3
Sharean,0,3,3
Shareanee,0,3,3
Shareda,0,3,3
Shareday,0,3,3
Sharedys,0,3,3
Sharéé,0,3,3
Shareé,0,3,3
Shareece,0,3,3
Shareefan,0,3,3
Shareela,0,3,3
Shareely,0,3,3
Shareëlyviën,0,3,3
Shäreen,0,3,3
Shareenadévi,0,3,3
Shareenijs,0,3,3
Shareeq,3,0,3
Shareeshtha,0,3,3
Shareet,3,0,3
Shareetadewi,0,3,3
Shareev,3,0,3
Shareez,3,0,3
Shareeza,0,3,3
Sharef,3,0,3
Shareighlane,0,3,3
Shareil,0,3,3
Shareily,0,3,3
Shareina,0,3,3
Shareka,0,3,3
Sharekha-Devi,0,3,3
Sharél,0,3,3
Sharël,0,3,3
Sharel-Ann,0,3,3
Sharelane,0,3,3
Sharelean,0,3,3
Sharelen,0,3,3
Sharelety,0,3,3
Shäreley,0,3,3
Shareli,0,3,3
Sharelies,0,3,3
Shareliese,0,3,3
Sharelika,0,3,3
Sharéliya,0,3,3
Sharèll,0,3,3
Sharéll,0,3,3
Sharella-Lee,0,3,3
Sharèlle,0,3,3
Sharelley-Jay,0,3,3
Sharello,3,0,3
Shareltan,3,0,3
Sharelton,0,3,3
Sharelty,0,3,3
Sharelva,0,3,3
Sharélyah,0,3,3
Sharelynn,0,3,3
Sharema,0,3,3
Shàren,0,3,3
Sharen-Jane,0,3,3
Sharenah,0,3,3
Sharenaiëty,0,3,3
Sharenakoemarie,0,3,3
Sharencio,3,0,3
Sharendel,3,0,3
Sharendon,3,0,3
Sharendra,3,0,3
Sharendy,0,3,3
Sharéne,0,3,3
Sharene-Lee,0,3,3
Sharenethy,0,3,3
Shareney,0,3,3
Sharenhyo,3,0,3
Sharenice,0,3,3
Sharenna,0,3,3
Sharenne,0,3,3
Sharensa,0,3,3
Sharenshio,3,0,3
Sharensly,3,0,3
Sharenys,0,3,3
Sharenzo,3,0,3
Shares,3,0,3
Sharesa,0,3,3
Sharesha,0,3,3
Shareshkarnsing,3,0,3
Shareshna,0,3,3
Shareshta,0,3,3
Sharesth,0,3,3
Shareswatie,0,3,3
Sharet,3,0,3
Shareta,0,3,3
Sharete,0,3,3
Sharethé,0,3,3
Sharethy,0,3,3
Sharetni,0,3,3
Sharetta,0,3,3
Sharetty,0,3,3
Sharey,0,3,3
Sharey-Ann,0,3,3
Shareykisha,0,3,3
Shareynie,0,3,3
Shareynusk,0,3,3
Sharezz,0,3,3
Sharf,0,3,3
Sharfaa,0,3,3
Sharfaaz,3,0,3
Sharfano,3,0,3
Sharfaraaz,3,0,3
Sharferaaz,3,0,3
Sharfieno,3,0,3
Sharfientely,0,3,3
Shargé,0,3,3
Shargendy,3,0,3
Shargeno,3,0,3
Shargiliaño,3,0,3
Shargiony,0,3,3
Sharhad,3,0,3
Sharhan,3,0,3
Sharhely,0,3,3
Sharhone,0,3,3
Sharhyff,3,0,3
Shari'ah,0,3,3
Shari-Anne,0,3,3
Shari-anne,0,3,3
Shari-Kim,0,3,3
Shari-leah,0,3,3
Shari-lee,0,3,3
Shari-ley,0,3,3
Shari-Sayan,0,3,3
Shari-Yana,0,3,3
Sharian,0,3,3
Shariana,0,3,3
Sharianha,0,3,3
Sharianne,0,3,3
Sharianny,0,3,3
Shariano,3,0,3
Shariantaly,0,3,3
Sharianthy,0,3,3
Shariany,0,3,3
Shariat,3,0,3
Sharica,0,3,3
Sharich,0,3,3
Sharicha,0,3,3
Sharick,3,0,3
Sharidee,0,3,3
Sharideen,0,3,3
Sharidey,0,3,3
Sharidha,0,3,3
Sharidon,3,0,3
Sharie,3,0,3
Shariecely,0,3,3
Sharied-Rashmad,3,0,3
Shariedhoesain,3,0,3
Shariefali,3,0,3
Shariek-Ali,3,0,3
Sharieka,0,3,3
Sharieke,0,3,3
Shariël,0,3,3
Shariëla,0,3,3
Sharieldath,3,0,3
Shariélla,0,3,3
Shariëlle,0,3,3
Sharienah,0,3,3
Shariendi,0,3,3
Shariendrick,0,3,3
Shariène,0,3,3
Shariëngela,0,3,3
Shariënsie,0,3,3
Shariënthely,0,3,3
Sharier,3,0,3
Shariese,0,3,3
Shariesh,3,0,3
Shariesta,0,3,3
Sharietadevi,0,3,3
Sharif-ann,0,3,3
Sharifagatoen,0,3,3
Sharifan,0,3,3
Sharifasouhuryja,0,3,3
Sharifo,3,0,3
Shariful,3,0,3
Sharifun,0,3,3
Sharig,3,0,3
Shariga,0,3,3
Sharigé,0,3,3
Sharijssa,0,3,3
Sharikagatoen,0,3,3
Sharikaghatoen,0,3,3
Sharikakumarie,0,3,3
Sharikha,0,3,3
Sharilaine,0,3,3
Sharile,0,3,3
Sharilena,0,3,3
Sharilenys,0,3,3
Sharileyn,0,3,3
Shariliën,0,3,3
Sharilisha,0,3,3
Sharill,0,3,3
Sharilles,3,0,3
Sharillio,3,0,3
Sharilusca,0,3,3
Shariluska,0,3,3
Sharilyne,0,3,3
Sharim-Ali,3,0,3
Sharimar,0,3,3
Sharime,0,3,3
Sharimelies,0,3,3
Sharimez,0,3,3
Sharimio,3,0,3
Sharina-Priscilla,0,3,3
Sharinadebie,0,3,3
Sharinadevi,0,3,3
Sharinaiska,0,3,3
Sharince,0,3,3
Sharinde,0,3,3
Sharinder,3,0,3
Sharindha,0,3,3
Sharinea,0,3,3
Sharinel,0,3,3
Sharini,0,3,3
Sharinie,0,3,3
Sharinielle,0,3,3
Sharinio,3,0,3
Sharinitza,0,3,3
Sharinthi,0,3,3
Sharinucka,0,3,3
Sharionelika,0,3,3
Sharionies,0,3,3
Shariqa,0,3,3
Shariqah,0,3,3
Sharisca,0,3,3
Sharischa,0,3,3
Sharisel,0,3,3
Sharisella,0,3,3
Shariselly,0,3,3
Sharishka,0,3,3
Sharishma-Anuradha,0,3,3
Sharishmadevi,0,3,3
Sharishna,0,3,3
Sharishti,0,3,3
Sharishwani,0,3,3
Sharismakoemarie,0,3,3
Sharismie,0,3,3
Sharison,3,0,3
Sharissah,0,3,3
Sharissha,0,3,3
Sharissienne,0,3,3
Sharisso,3,0,3
Sharit,0,3,3
Sharita-Shantadebi,0,3,3
Sharitadewie,0,3,3
Sharitagatoen,0,3,3
Sharitangela,0,3,3
Sharitay,0,3,3
Shariteé,0,3,3
Sharitéé,0,3,3
Sharithé,0,3,3
Sharitiënne,0,3,3
Sharito,3,0,3
Sharitta,0,3,3
Sharitté,0,3,3
Shariv,3,0,3
Sharivah,0,3,3
Sharive,3,0,3
Shariviana,0,3,3
Sharivianca,0,3,3
Sharivien,0,3,3
Shariviën,0,3,3
Shariviëne,0,3,3
Shariviene,0,3,3
Shariviënna,0,3,3
Sharivona,0,3,3
Sharix-Ann,0,3,3
Shariyana,0,3,3
Shariyenne,0,3,3
Shariyona,0,3,3
Sharja,0,3,3
Sharjainy,0,3,3
Sharjano,3,0,3
Sharjaylies,0,3,3
Sharjealica,0,3,3
Sharjeanely,0,3,3
Sharjeania,0,3,3
Sharjef,3,0,3
Sharjennely,0,3,3
Sharjenny,0,3,3
Sharjiënne,0,3,3
Sharjindi,0,3,3
Sharjon,3,0,3
Sharjonie,0,3,3
Sharjony,0,3,3
Sharka,0,3,3
Sharkila,0,3,3
Sharky,3,0,3
Sharl-Jensley,3,0,3
Sharlah,0,3,3
Sharlain,0,3,3
Sharlainie,0,3,3
Sharlainne,0,3,3
Sharlayn,0,3,3
Sharlaysa,0,3,3
Sharldrick,3,0,3
Sharlé,0,3,3
Sharlean,0,3,3
Sharleane,0,3,3
Sharleca,0,3,3
Sharleigh,0,3,3
Sharléne,0,3,3
Sharlenska,0,3,3
Sharleny,0,3,3
Sharlett,0,3,3
Sharley-mae,0,3,3
Sharleymagna,0,3,3
Sharleyne,0,3,3
Sharlian,0,3,3
Sharliän,0,3,3
Sharliana,0,3,3
Sharlie,0,3,3
Sharlienka,0,3,3
Sharlinda,0,3,3
Sharlinidevi,0,3,3
Sharlinie,0,3,3
Sharlino,3,0,3
Sharlinsa,0,3,3
Sharlinyo,3,0,3
Sharliska,0,3,3
Sharlismar,0,3,3
Sharlison,3,0,3
Sharlit,0,3,3
Sharlivenshany,0,3,3
Sharliza,0,3,3
Sharlmira,0,3,3
Sharlo,3,0,3
Sharlomar,3,0,3
Sharlonda,0,3,3
Sharlonia,0,3,3
Sharlowendrick,3,0,3
Sharlronaiska,0,3,3
Sharlueq,3,0,3
Sharlutci,3,0,3
Sharlylian,0,3,3
Sharlymayra,0,3,3
Sharlyne,0,3,3
Sharlysa,0,3,3
Sharlyse,0,3,3
Sharlyson,3,0,3
Sharlyss,0,3,3
Sharlyviënska,0,3,3
Sharlyz,0,3,3
Sharma'arke,3,0,3
Sharmaarka,3,0,3
Sharmadi,3,0,3
Sharmae,0,3,3
Sharmailies,0,3,3
Sharmailis,0,3,3
Sharmaily,0,3,3
Sharmaine-Marie,0,3,3
Sharmainy,0,3,3
Sharman,3,0,3
Sharmana,0,3,3
Sharmanda,0,3,3
Sharmani,0,3,3
Sharmania,0,3,3
Sharmanisha,0,3,3
Sharmany,3,0,3
Sharmara,0,3,3
Sharmarce,3,0,3
Sharmari,0,3,3
Sharmarice,3,0,3
Sharmarka,3,0,3
Sharmarlies,0,3,3
Sharmarly,0,3,3
Sharmartinson,3,0,3
Sharmasingh,3,0,3
Sharmawatie,0,3,3
Sharmay,0,3,3
Sharmaylis,0,3,3
Sharmayne-Mandy,0,3,3
Sharmeelee,0,3,3
Sharmeen-Nahaar,0,3,3
Sharmeina,0,3,3
Sharméli,0,3,3
Sharmelien,0,3,3
Sharmella,0,3,3
Sharmellio,3,0,3
Sharmelly,0,3,3
Sharmelys,0,3,3
Sharmena,0,3,3
Sharmendra,3,0,3
Sharmène,0,3,3
Sharmene,0,3,3
Sharmeneley,0,3,3
Sharmenisaly,0,3,3
Sharmentha,0,3,3
Sharmeshia,0,3,3
Sharmeyne,0,3,3
Sharmi,0,3,3
Sharmie,0,3,3
Sharmiel,3,0,3
Sharmielakoemarie,0,3,3
Sharmiënne,0,3,3
Sharmila-devi,0,3,3
Sharmila-Devi,0,3,3
Sharmila-Edsilda,0,3,3
Sharmiladebi,0,3,3
Sharmiladébie,0,3,3
Sharmiladevie,0,3,3
Sharmilda,0,3,3
Sharmilene,0,3,3
Sharmilenka,0,3,3
Sharmilette,0,3,3
Sharmilex,0,3,3
Sharmilia,0,3,3
Sharmilin,0,3,3
Sharmilly,0,3,3
Sharminalies,0,3,3
Sharminella,0,3,3
Sharmini,0,3,3
Sharminy,0,3,3
Sharmir,3,0,3
Sharmira,0,3,3
Sharmisha,0,3,3
Sharmony,0,3,3
Sharmoon,0,3,3
Sharmyla,0,3,3
Sharmylene,0,3,3
Sharmylis,0,3,3
Sharnal,0,3,3
Sharnald,3,0,3
Sharnallis,0,3,3
Sharnay,0,3,3
Sharnayomi,0,3,3
Sharndeep,3,0,3
Sharné,0,3,3
Sharnee,3,0,3
Sharneese,0,3,3
Sharneley,0,3,3
Sharnelis,0,3,3
Sharnelly,0,3,3
Sharnenko,3,0,3
Sharneska,0,3,3
Sharnette,0,3,3
Sharneylis,0,3,3
Sharni,0,3,3
Sharnicé,0,3,3
Sharnice,0,3,3
Sharniëlla,0,3,3
Sharnik,0,3,3
Sharnika,0,3,3
Sharnillah,0,3,3
Sharnineiska,0,3,3
Sharninka,0,3,3
Sharnise,0,3,3
Sharnjit,0,3,3
Sharnoiska,0,3,3
Sharnolda,0,3,3
Sharnuska,0,3,3
Sharnys,0,3,3
Sharnyvienn,0,3,3
Sharodjan,3,0,3
Sharodjnadebie,0,3,3
Sharodjni-devi,0,3,3
Sharodjnidevi,0,3,3
Sharoefania,0,3,3
Sharoeg,3,0,3
Sharoelygencio,3,0,3
Sharoenkoemar,3,0,3
Sharoenkumar,3,0,3
Sharofsky,3,0,3
Sharohie,0,3,3
Sharoia,0,3,3
Sharojdnydevi,0,3,3
Sharojinalini,0,3,3
Sharolainy,0,3,3
Sharolda,0,3,3
Sharolina,0,3,3
Sharoline,0,3,3
Sharolle,0,3,3
Sharollijne,0,3,3
Sharomie,0,3,3
Sharomir,3,0,3
Shàron,0,3,3
Shãrõn,0,3,3
Sharon-Anna,0,3,3
Sharon-Charony,0,3,3
Sharon-Deborah,0,3,3
Sharon-Dewi,0,3,3
Sharon-Emel,0,3,3
Sharon-Iris,0,3,3
Sharon-Jane,0,3,3
Sharon-Jose,0,3,3
Sharon-Joyce,0,3,3
Sharon-Kristel,0,3,3
Sharon-Lichelle,0,3,3
Sharon-Lisa,0,3,3
Sharon-Lynn,0,3,3
Sharon-may,0,3,3
Sharon-Noël,0,3,3
Sharon-Sabine,0,3,3
Sharon-Thelma,0,3,3
Sharoña,0,3,3
Sharóna,0,3,3
Sharona-Claire,0,3,3
Sharona-Macy,0,3,3
Sharona-Sayomara,0,3,3
Sharona-Sue,0,3,3
Sharondine,0,3,3
Sharondo,3,0,3
Sharoné,0,3,3
Sharóne,3,0,3
Sharonel,0,3,3
Sharonelle,0,3,3
Sharoniek,0,3,3
Sharonio,3,0,3
Sharonjeet,0,3,3
Sharonleigh,0,3,3
Sharonly,0,3,3
Sharonmanda,0,3,3
Sharonnita,0,3,3
Sharonrose,0,3,3
Sharontly,3,0,3
Shàroo,0,3,3
Sharookh,3,0,3
Sharoosnadevi,0,3,3
Sharooz,3,0,3
Sharopa,0,3,3
Sharos,3,0,3
Sharosh,3,0,3
Sharoshi,0,3,3
Sharoshna,0,3,3
Sharoshni,0,3,3
Sharoshnie,0,3,3
Sharoshtika,0,3,3
Sharoski,3,0,3
Sharoskie,0,3,3
Sharosma,0,3,3
Sharosnie,0,3,3
Sharouch,3,0,3
Sharouck,3,0,3
Sharovinia,0,3,3
Shärow,0,3,3
Sharow,0,3,3
Sharox,3,0,3
Sharoz,3,0,3
Sharpeay,0,3,3
Sharqin,3,0,3
Sharqueendaily,0,3,3
Sharquentely,0,3,3
Sharquinsely,0,3,3
Sharqweney,0,3,3
Sharrad,3,0,3
Sharras,3,0,3
Sharrat,3,0,3
Sharratee,0,3,3
Sharré,0,3,3
Sharree,0,3,3
Sharrel-Konnie,0,3,3
Sharrelda,0,3,3
Sharrely,0,3,3
Sharressa,0,3,3
Sharretska,0,3,3
Sharrez,3,0,3
Sharrief,3,0,3
Sharrifa,0,3,3
Sharrilyn,0,3,3
Sharrilynn,0,3,3
Sharrita,0,3,3
Sharrity,0,3,3
Sharrivienska,0,3,3
Sharriviënska,0,3,3
Sharrod,3,0,3
Sharronne,0,3,3
Sharruckson,3,0,3
Sharruk,3,0,3
Sharry-Ann,0,3,3
Sharryl,0,3,3
Sharryll,0,3,3
Sharryn,0,3,3
Sharsell,0,3,3
Sharstan,0,3,3
Sharsten,3,0,3
Sharston,3,0,3
Sharsunaily,0,3,3
Sharswatie,0,3,3
Shartijn,3,0,3
Sharu,3,0,3
Sharuben,3,0,3
Sharudshaley,0,3,3
Sharuga,0,3,3
Sharuheléy,0,3,3
Sharuhen,0,3,3
Sharuka,0,3,3
Sharuli,0,3,3
Sharuline,0,3,3
Sharun,3,0,3
Sharunadevi,0,3,3
Sharunah,0,3,3
Sharunkumar,3,0,3
Sharupa,0,3,3
Sharusha,0,3,3
Sharuska,0,3,3
Sharuvien,0,3,3
Sharuyan,3,0,3
Sharva,3,0,3
Sharvan-Koemar,3,0,3
Sharvana,0,3,3
Sharvananand,3,0,3
Sharvand,3,0,3
Sharvanni,0,3,3
Sharvany,0,3,3
Sharvas,3,0,3
Sharvayne,3,0,3
Sharveanity,0,3,3
Sharveiti,0,3,3
Sharveley,3,0,3
Sharvella,0,3,3
Sharvemy's,0,3,3
Sharvena,0,3,3
Sharvensly,3,0,3
Sharvèntelies,0,3,3
Sharveraaz,3,0,3
Sharvertico,3,0,3
Sharveshkumar,3,0,3
Sharveyno,3,0,3
Sharvianni,0,3,3
Sharvianno,3,0,3
Sharvianny,3,0,3
Sharvianthaly,0,3,3
Sharviany,0,3,3
Sharvieen,3,0,3
Sharviellis,0,3,3
Sharviély,0,3,3
Sharvienee,0,3,3
Sharvienshelly,0,3,3
Sharviënsley,3,0,3
Sharviënteley,0,3,3
Sharviëntely,0,3,3
Sharvientely,0,3,3
Sharvienzjelo,3,0,3
Sharvina,0,3,3
Sharvindrakoemar,3,0,3
Sharvineska,0,3,3
Sharvini,0,3,3
Sharviradj,3,0,3
Sharvunthley,3,0,3
Sharvyl,3,0,3
Sharwanand,3,0,3
Sharwand,3,0,3
Sharwaniedebie,0,3,3
Sharwanni,0,3,3
Sharwannie,0,3,3
Sharwedepak,3,0,3
Sharween,3,0,3
Sharwély,0,3,3
Sharwendy,0,3,3
Sharwengely,0,3,3
Sharwens,3,0,3
Sharwensley,3,0,3
Sharwensly,3,0,3
Sharwes,3,0,3
Sharwhankumar,3,0,3
Sharwiena,0,3,3
Sharwijnie,0,3,3
Sharwindh,3,0,3
Sharwini,0,3,3
Sharwinkoemar,3,0,3
Shary'an,0,3,3
Shary-ann,0,3,3
Shary-tee,0,3,3
Sharya,0,3,3
Sharyad,3,0,3
Sharyana,0,3,3
Sharyanna,0,3,3
Sharyansing,3,0,3
Sharyar,3,0,3
Sharycä,0,3,3
Sharycha,0,3,3
Sharyciënne,0,3,3
Sharycil,0,3,3
Sharydayly,0,3,3
Sharydianne,0,3,3
Sharydienne,0,3,3
Sharyeantely,0,3,3
Sharyel,0,3,3
Sharyenne,0,3,3
Sharyette,0,3,3
Sharyf,3,0,3
Sharyfah,0,3,3
Sharyla,0,3,3
Sharyle,0,3,3
Sharylice,0,3,3
Sharyliën,0,3,3
Sharylisa,0,3,3
Sharyll,0,3,3
Sharylla,0,3,3
Sharylle,0,3,3
Sharyma,0,3,3
Sharyné,0,3,3
Sharynella,0,3,3
Sharynn,0,3,3
Sharynné,0,3,3
Sharynne,0,3,3
Sharyon,3,0,3
Sharys,0,3,3
Sharysa,0,3,3
Sharyta,0,3,3
Sharytéssa,0,3,3
Sharytey,0,3,3
Sharyva,0,3,3
Sharyvié,0,3,3
Sharyvien,0,3,3
Sharyviënne,0,3,3
Sharyviënny,0,3,3
Sharyvienska,0,3,3
Sharyza,0,3,3
Sharyzhano,3,0,3
Sharzad,0,3,3
Sharziño,3,0,3
Shasandra,0,3,3
Shasant,3,0,3
Shasca,0,3,3
Shascha,0,3,3
Shasco,3,0,3
Shaseevkapoor,3,0,3
Shasel,3,0,3
Shash,3,0,3
Shashamali,0,3,3
Shashamene,0,3,3
Shashana,0,3,3
Shashanka,3,0,3
Shashi-Kant,3,0,3
Shashianand,3,0,3
Shashica,0,3,3
Shashidevi,0,3,3
Shashiekala,0,3,3
Shashikumar,3,0,3
Shashir,3,0,3
Shashiv,3,0,3
Shashjinduszka,0,3,3
Shashmita,0,3,3
Shashni,0,3,3
Shashrey,0,3,3
Shashveta,0,3,3
Shashvina,0,3,3
Shashwati,0,3,3
Shashwien,3,0,3
Shashwinpersad,3,0,3
Shashwiny,0,3,3
Shashwita,0,3,3
Shashy,3,0,3
Shasia,0,3,3
Shasida,0,3,3
Shasieradha,0,3,3
Shasikela,0,3,3
Shasikoemarie,0,3,3
Shasila,0,3,3
Shasiradhj,0,3,3
Shasita,0,3,3
Shasja,0,3,3
Shaska,3,0,3
Shaskeyen,0,3,3
Shaskiawatie,0,3,3
Shasma,0,3,3
Shasmine,0,3,3
Shasney,0,3,3
Shasshoto,0,3,3
Shasta-Delaney,0,3,3
Shästany,0,3,3
Shasti,0,3,3
Shastrye,3,0,3
Shasty,0,3,3
Shasvien,3,0,3
Shasvita,0,3,3
Shaswat,3,0,3
Shaswien,3,0,3
Shaswin,3,0,3
Shaswita,0,3,3
Shatachi,3,0,3
Shatanya,0,3,3
Shatees,3,0,3
Shateesh,3,0,3
Shatel,3,0,3
Shâtenstèny,0,3,3
Shatenzo,3,0,3
Shathagan,3,0,3
Shathana,0,3,3
Shathushan,3,0,3
Shatice,0,3,3
Shatie,0,3,3
Shatiesh,3,0,3
Shatieshkoemar,3,0,3
Shatieskoemar,3,0,3
Shatifa,0,3,3
Shatifah,0,3,3
Shatila,0,3,3
Shatilla,0,3,3
Shatime,0,3,3
Shatin,0,3,3
Shatina,0,3,3
Shatis,3,0,3
Shatishkoemar,3,0,3
Shatisia,0,3,3
Shatiuska,0,3,3
Shatoe,0,3,3
Shatraysa,0,3,3
Shatri,3,0,3
Shatruhansing,3,0,3
Shatti,0,3,3
Shattia,0,3,3
Shatu,0,3,3
Shatyanand,3,0,3
Shatys,3,0,3
Shatysia,0,3,3
Shau'ri,0,3,3
Shau-Hol,3,0,3
Shau-Long,3,0,3
Shau-Ming,3,0,3
Shau-Sha,0,3,3
Shaubwo,0,3,3
Shaudin,3,0,3
Shaudy-ann,0,3,3
Shauguille,3,0,3
Shaukatali,3,0,3
Shaúla,0,3,3
Shauli,3,0,3
Shaumiga,0,3,3
Shaumudjah,3,0,3
Shaun-Benito,3,0,3
Shaun-Dean,3,0,3
Shaun-Dyairo,3,0,3
Shaun-Elden,3,0,3
Shaun-Soeri,3,0,3
Shaunakpersad,3,0,3
Shauncey,3,0,3
Shaundel,0,3,3
Shaundell,0,3,3
Shaundino,3,0,3
Shaunessy,0,3,3
Shaunice,0,3,3
Shaunity,0,3,3
Shaunnah,0,3,3
Shaunnessey,3,0,3
Shaunni,0,3,3
Shaunquetta,0,3,3
Shauntaé,0,3,3
Shauntay,0,3,3
Shaunté,0,3,3
Shauntey,0,3,3
Shaunty,0,3,3
Shaurav,3,0,3
Shaüri,0,3,3
Shauri-Isabeau,0,3,3
Shauvon,0,3,3
Shauwang,3,0,3
Shauwn,3,0,3
Shauwn-Ray,3,0,3
Shauwny,0,3,3
Shavaan,3,0,3
Shavaana,0,3,3
Shavaénitey,0,3,3
Shavaidoennisa,0,3,3
Shavainly,0,3,3
Shavairo,3,0,3
Shavali,0,3,3
Shavallety,0,3,3
Shavan,3,0,3
Shavanie,0,3,3
Shavanija,0,3,3
Shavanio,3,0,3
Shavanity,0,3,3
Shavanne,0,3,3
Shavanyen,0,3,3
Shavarel,0,3,3
Shavarell,3,0,3
Shavaro,3,0,3
Shavarra,0,3,3
Shavaskia,0,3,3
Shavaughn,0,3,3
Shavawn,0,3,3
Shavaya,0,3,3
Shavayen,0,3,3
Shavayna,0,3,3
Shavayno,3,0,3
Shavayra,0,3,3
Shavayro,3,0,3
Shaveen,3,0,3
Shaveena,0,3,3
Shaveeta,0,3,3
Shaveetadevi,0,3,3
Shavek,3,0,3
Shaveka,0,3,3
Shavel,3,0,3
Shavèla,0,3,3
Shavelie,0,3,3
Shavell,3,0,3
Shavelley,0,3,3
Shavelson,3,0,3
Shavelta,0,3,3
Shavenca,0,3,3
Shavendy,0,3,3
Shavéney,3,0,3
Shavengely,0,3,3
Shavenice,0,3,3
Shavenne,0,3,3
Shavennely,0,3,3
Shavently,3,0,3
Shaver,3,0,3
Shaverell,3,0,3
Shaverio,3,0,3
Shavèrio,3,0,3
Shaveritey,0,3,3
Shavernia,0,3,3
Shaverrely,0,3,3
Shavesh,3,0,3
Shaveta,0,3,3
Shávez,3,0,3
Shavéz,3,0,3
Shaviani,3,0,3
Shavianne,0,3,3
Shaviansky,0,3,3
Shavianty,0,3,3
Shavida,0,3,3
Shaviek,3,0,3
Shaviël,3,0,3
Shavien,0,3,3
Shaviëna,0,3,3
Shavièncka,0,3,3
Shaviendro,3,0,3
Shaviëneleigh,0,3,3
Shaviénna,0,3,3
Shaviënnely,0,3,3
Shaviër,3,0,3
Shaviëra,0,3,3
Shaviera,0,3,3
Shavijensa,0,3,3
Shavik,3,0,3
Shavili,0,3,3
Shavilja,0,3,3
Shavillagatoen,0,3,3
Shavilyo,3,0,3
Shavinder,3,0,3
Shavini,0,3,3
Shavinity,0,3,3
Shavion,3,0,3
Shavionie,0,3,3
Shaviro,3,0,3
Shavite,0,3,3
Shavly,0,3,3
Shavón,3,0,3
Shavonia,0,3,3
Shavonley,0,3,3
Shavonni,0,3,3
Shavonny,0,3,3
Shavonty,0,3,3
Shavrana,0,3,3
Shavyen,0,3,3
Shavyna,0,3,3
Shavyrinio,3,0,3
Shaw-Yin,0,3,3
Shawanda,0,3,3
Shawandah,0,3,3
Shawanee,0,3,3
Shawanna,0,3,3
Shawaze,3,0,3
Shaweez,3,0,3
Shawenzo,3,0,3
Shawgi,3,0,3
Shawi,3,0,3
Shawiena,0,3,3
Shawies,3,0,3
Shawika,0,3,3
Shawina,0,3,3
Shawini,0,3,3
Shawintala,0,3,3
Shawir,3,0,3
Shawira,0,3,3
Shawish,3,0,3
Shawjb,3,0,3
Shawlan,0,3,3
Shawlon,0,3,3
Shawmiasri,0,3,3
Shawmiya,0,3,3
Shawn-Carlo,3,0,3
Shawn-Dennis,3,0,3
Shawn-Diëgo,3,0,3
Shawn-Dylan,3,0,3
Shawn-Joshua,3,0,3
Shawn-Maë,0,3,3
Shawn-Malachy,3,0,3
Shawn-McQueen,3,0,3
Shawn-Naé,0,3,3
Shawn-Nea,0,3,3
Shawn-Tee,0,3,3
Shawn-Uriah,3,0,3
Shawnà,0,3,3
Shawnairo,3,0,3
Shawncey,3,0,3
Shawndell,3,0,3
Shawndrell,0,3,3
Shawndrey,3,0,3
Shawnedy,0,3,3
Shawnessy,0,3,3
Shawnesy,3,0,3
Shawnette,0,3,3
Shawnety,3,0,3
Shawniqua,0,3,3
Shawnique,0,3,3
Shawnley,0,3,3
Shawnmichaels,3,0,3
Shawnn-Meo,3,0,3
Shawnnee,0,3,3
Shawntae,0,3,3
Shawnté,0,3,3
Shawntéa,0,3,3
Shawntea,0,3,3
Shawntel,0,3,3
Shawntelle,0,3,3
Shawntia,0,3,3
Shawnye,0,3,3
Shawyar,0,3,3
Shay'enna,0,3,3
Shay'hier,3,0,3
Shay'lynn,0,3,3
Shay'Ron,3,0,3
Shay'velino,3,0,3
Shay-ann,0,3,3
Shay-Danija,0,3,3
Shay-Deeh,0,3,3
Shay-Elijah,3,0,3
Shay-gian,3,0,3
Shay-Gioia,0,3,3
Shay-ive,0,3,3
Shay-Izairo,3,0,3
Shay-Jaen'no,3,0,3
Shay-Jurnelys,0,3,3
Shay-laino,3,0,3
Shay-Linn,0,3,3
Shay-lynn,0,3,3
Shay-Lynn,0,3,3
Shay-nea,0,3,3
Shay-ro,3,0,3
Shay-Vently,3,0,3
Shay-vilinio,3,0,3
Shay-Xavi,3,0,3
Shay-Xenia,3,0,3
Shay?nka,0,3,3
Shayaa,0,3,3
Shayaanhoesein,3,0,3
Shayadshah,3,0,3
Shayainne,0,3,3
Shayaira,0,3,3
Shayal,3,0,3
Shayanarha,0,3,3
Shayandath,3,0,3
Shayandra,0,3,3
Shayangela,0,3,3
Shayaniqua,0,3,3
Shayanka,0,3,3
Shayanngeny,0,3,3
Shayantani,0,3,3
Shayantini,0,3,3
Shayantrie,0,3,3
Shayba,3,0,3
Shayd,3,0,3
Shaydainelly,0,3,3
Shaydan,3,0,3
Shaydando,3,0,3
Shaydané,0,3,3
Shaydari,0,3,3
Shaydianne,0,3,3
Shaydiën,3,0,3
Shaydienne,0,3,3
Shaydiënne,0,3,3
Shaydimar,3,0,3
Shaydinairo,3,0,3
Shaydìon,3,0,3
Shaydjenne,0,3,3
Shaydric,3,0,3
Shaydrick,3,0,3
Shaydrickson,3,0,3
Shaydriën,0,3,3
Shaydrion,3,0,3
Shaydy,0,3,3
Shaydyen,3,0,3
Shaye-Anin,0,3,3
Shaye-Lilly,0,3,3
Shayeanne,0,3,3
Shayee,0,3,3
Shayeed,3,0,3
Shayeem,3,0,3
Shayeen,3,0,3
Shayeena,0,3,3
Shayell,0,3,3
Shayella,0,3,3
Shayen-Nysha,0,3,3
Shayenaty,0,3,3
Shayendrakumar,3,0,3
Shayenela,0,3,3
Shayenie,0,3,3
Shayenka,0,3,3
Shayënne,0,3,3
ShaYenne,0,3,3
Shayenne-Raquel,0,3,3
Shayennely,0,3,3
Shayent,3,0,3
Shayenteley,0,3,3
Shayentley,0,3,3
Shayer-u-Dien,3,0,3
Shayera,0,3,3
Shayesta,0,3,3
Shayf,3,0,3
Shayhaily,0,3,3
Shayhenna,0,3,3
Shayhira,0,3,3
Shayid,3,0,3
Shayida,0,3,3
Shayïn-Amin,3,0,3
Shayinomar,3,0,3
Shayir,3,0,3
Shayïr-Amir,3,0,3
Shayisha,0,3,3
Shayista,0,3,3
Shayjehn,3,0,3
Shaykean,3,0,3
Shayl,0,3,3
Shaylamar,0,3,3
Shaylani,0,3,3
Shaylarean,0,3,3
Shaylée,0,3,3
Shaylee-Jay,0,3,3
Shayleena,0,3,3
Shayleise,0,3,3
Shaylena,0,3,3
Shayleshkoemaar,3,0,3
Shayleskumar,3,0,3
Shayliah,0,3,3
Shaylice,0,3,3
Shaylie,0,3,3
Shayliënne,0,3,3
Shaylindersingh,3,0,3
Shaylindra,3,0,3
Shaylinise,0,3,3
Shaylinnisha,0,3,3
Shaylionne,3,0,3
Shaylizson,3,0,3
Shaylla,0,3,3
Shaylo,3,0,3
Shaylomé,0,3,3
Shaylou,0,3,3
Shaylyn,0,3,3
Shaylynh,0,3,3
Shaymaâ,0,3,3
Shaymaé,0,3,3
Shaymairo,3,0,3
Shaymano,3,0,3
Shaymara,0,3,3
Shaymariëntally,0,3,3
Shayme,0,3,3
Shaymeé,0,3,3
Shaymirey,0,3,3
Shaymiron,3,0,3
Shaymon,3,0,3
Shaymonee,0,3,3
Shaymore,3,0,3
Shaymoulenska,0,3,3
Shayna-Chantelle,0,3,3
Shayna-Donna,0,3,3
Shayna-marie,0,3,3
Shaynaley,0,3,3
Shaynaly,0,3,3
Shaynand,3,0,3
Shaynas,3,0,3
Shayndele,0,3,3
Shayndell,3,0,3
Shayndra,0,3,3
Shayne-João,3,0,3
Shayne-Lee,0,3,3
Shayne-Mirayno,3,0,3
Shayne-Russell,3,0,3
Shaynea,0,3,3
Shaynee,0,3,3
Shaynéé,0,3,3
Shayneh,0,3,3
Shaynell,0,3,3
Shaynely,0,3,3
Shaynen,3,0,3
Shaynesh,3,0,3
Shayni,0,3,3
Shaynisya,0,3,3
Shaynmaro,3,0,3
Shaynne,0,3,3
Shayntley,3,0,3
Shaynun,3,0,3
Shayomi,0,3,3
Shayonah,0,3,3
Shayonaly,0,3,3
Shayoni,0,3,3
Shayonira,0,3,3
Shayr,3,0,3
Shayra-Aca,0,3,3
Shayraana,0,3,3
Shayrad,3,0,3
Shayraino,3,0,3
Shayran,3,0,3
Shayrana,0,3,3
Shayraz,3,0,3
Shayrea,0,3,3
Shayrean,0,3,3
Shayreave,3,0,3
Shayreena,0,3,3
Shayrella,0,3,3
Shayrencia,0,3,3
Shayrendo,3,0,3
Shayrensley,3,0,3
Shayréso,3,0,3
Shayri,0,3,3
Shayric,3,0,3
Shayrich,3,0,3
Shayriëla,0,3,3
Shayriëllene,0,3,3
Shayrin,3,0,3
Shayrina,0,3,3
Shayrinho,3,0,3
Shayrise,0,3,3
Shayroël,3,0,3
Shayrondly,3,0,3
Shayronne,3,0,3
Shaysha,0,3,3
Shaysmiron,3,0,3
Shaytana,0,3,3
Shaytiëne,0,3,3
Shayuri,0,3,3
Shayvairo,3,0,3
Shayvauhnte,0,3,3
Shayve,3,0,3
Shayvenna,0,3,3
Shayvensley,3,0,3
Shayveny,0,3,3
Shayvian,3,0,3
Shayviëna,0,3,3
Shayvienne,0,3,3
Shayviënne,0,3,3
Shayvilinio,3,0,3
Shayvineiska,0,3,3
Shayvinio,3,0,3
Shaywan,3,0,3
Shaywen,0,3,3
Shaywnee,0,3,3
Shayyaan,3,0,3
Shayza,0,3,3
Shayzieleanne,0,3,3
Shazaan,3,0,3
Shazaduddin,3,0,3
Shazady,0,3,3
Shazain,3,0,3
Shazanah,0,3,3
Shazdada,3,0,3
Shaze,0,3,3
Shazeb,3,0,3
Shazeem,3,0,3
Shazeema,0,3,3
Shazeena,0,3,3
Shazela,0,3,3
Shazi,3,0,3
Shazía,0,3,3
Shaziah,0,3,3
Shazindusca,0,3,3
Shazine,0,3,3
Shazinho,3,0,3
Shazirell,3,0,3
Shazly,3,0,3
Shazma,0,3,3
Shazmila,0,3,3
Shazmin,0,3,3
Shazna,0,3,3
Shaznaë,0,3,3
Shazny,0,3,3
Shazza,3,0,3
Shazznay,0,3,3
Shbona,0,3,3
Shchar,3,0,3
Shdaf,0,3,3
Shden,3,0,3
Shé,3,0,3
She'miley,0,3,3
She'Rycq,3,0,3
She-daymi,0,3,3
Shé-don,3,0,3
She-Dryenne,0,3,3
She-Fa,0,3,3
She-Lana,0,3,3
She-Maro,3,0,3
She-Náe,0,3,3
Shé-Queen,0,3,3
She-Ra,0,3,3
She-Reen,0,3,3
She-Riley,0,3,3
She-Tyrah,0,3,3
Shéa,3,0,3
Shea'dyan,0,3,3
Shea-Ann,0,3,3
Shea-Leigh,0,3,3
Sheaan,0,3,3
Sheab,3,0,3
Sheadia,0,3,3
Sheadion,3,0,3
Sheadon,3,0,3
Sheadyline,0,3,3
Sheakayno,3,0,3
Sheal,3,0,3
Shealagh,0,3,3
Shealijah,0,3,3
Shealiyah,0,3,3
Shealize-Ann,0,3,3
Sheally,0,3,3
Sheama,0,3,3
Sheamerla,0,3,3
Sheamie,3,0,3
Sheaminailys,0,3,3
Shean-Patrick,3,0,3
Sheanaily,0,3,3
Sheanailys,0,3,3
Shéanaira,0,3,3
Sheanaisa,0,3,3
Sheancarl,3,0,3
Sheand'ley,3,0,3
Sheandeyviella,0,3,3
Sheanell,3,0,3
Sheanelly,0,3,3
Sheanely,0,3,3
Sheanevieve,0,3,3
Sheani-lynn,0,3,3
Sheannan,0,3,3
Sheano,3,0,3
Sheanteley,0,3,3
Sheantely,0,3,3
Sheanylleo,3,0,3
Shearainy,0,3,3
Shearany,0,3,3
Shearella,0,3,3
Shearer,3,0,3
Shearey,0,3,3
Sheariah,0,3,3
Shearis-vyènshally,0,3,3
Shearlicity,0,3,3
Shearlon,3,0,3
Shearmedly,0,3,3
Shearmina,0,3,3
Shearmion,3,0,3
Shearn,3,0,3
Shearney,3,0,3
Shearon,0,3,3
Shearvelino,3,0,3
Shearysa,0,3,3
Shearyta,0,3,3
Sheavanie,0,3,3
Sheavaughn,0,3,3
Sheay,0,3,3
Sheay-nia,0,3,3
Sheayan,3,0,3
Sheayen,3,0,3
Sheayli-Ann,0,3,3
Sheayven,3,0,3
Sheba-Eve,0,3,3
Shebam,3,0,3
Shebani,0,3,3
Shebania,0,3,3
Shebaniah,3,0,3
Shebanie,0,3,3
Shebanjah,3,0,3
Shebaz,3,0,3
Shebelle,0,3,3
Shebina,0,3,3
Shebinabanu,0,3,3
Shebir,3,0,3
Shebla,0,3,3
Sheboygan,0,3,3
Shebraniq,3,0,3
Shebrina,0,3,3
Shecaithy,0,3,3
Shecaniah,0,3,3
Sheceb,3,0,3
Shechair,3,0,3
Shechaniah,0,3,3
Shechinah,0,3,3
Shechrezade,0,3,3
Shecilena,0,3,3
Shëckem,3,0,3
Sheckinah,0,3,3
Shedaëvany,0,3,3
Shedaily,0,3,3
Shedan,0,3,3
Shedarijo,3,0,3
Shedaya,0,3,3
Shedayra,0,3,3
Shedda,3,0,3
Shedde,3,0,3
Shedéa,0,3,3
Shedeana,0,3,3
Shedecha,0,3,3
Shedel,3,0,3
Shedela,0,3,3
Shedelina,0,3,3
Shedemi,0,3,3
Sheden,3,0,3
Shedeny,0,3,3
Shedey,3,0,3
Shedia,0,3,3
Shedian,3,0,3
Shediën,0,3,3
Shediyen,0,3,3
Shedjel,0,3,3
Shedley,0,3,3
Shedlion,3,0,3
Shedmeely,0,3,3
Shedrach,3,0,3
Shedriënne,0,3,3
Shedrilyne,0,3,3
Shedryon,3,0,3
Shêdu,0,3,3
Sheduaan,3,0,3
Shedwin,3,0,3
Shedya,0,3,3
Shedymar,3,0,3
Shedyon,3,0,3
Sheeany,0,3,3
Sheebzo,3,0,3
Sheedaly,0,3,3
Sheedion,3,0,3
Sheedy,3,0,3
Sheek,3,0,3
Sheekila,0,3,3
Sheel,0,3,3
Sheelam,0,3,3
Sheelin,0,3,3
Sheely,0,3,3
Sheemadevie,0,3,3
Sheemar,3,0,3
Sheemara,0,3,3
Sheemena,0,3,3
Sheena-Mari,0,3,3
Sheena-Sasha,0,3,3
Sheenadevi,0,3,3
Sheenaï,0,3,3
Sheenam,0,3,3
Sheenan,3,0,3
Sheenaz,0,3,3
Sheeneequa,0,3,3
Sheenely,0,3,3
Sheenic,0,3,3
Sheer,3,0,3
Sheeraez,0,3,3
Sheeraja,0,3,3
Sheeran,3,0,3
Sheerany,0,3,3
Sheerawali,0,3,3
Sheerbahadoersingh,3,0,3
Sheerbano,0,3,3
Sheerida,0,3,3
Sheerija,0,3,3
Sheerinder,3,0,3
Sheerly,0,3,3
Sheeshmohini,0,3,3
Shéétal,0,3,3
Sheetalrani,0,3,3
Sheetam,3,0,3
Sheetell,0,3,3
Sheeth,3,0,3
Sheetla,0,3,3
Sheevakrishna,3,0,3
Sheevana,0,3,3
Sheeymaa,0,3,3
Sheeza,0,3,3
Sheezah,0,3,3
Shefaad,3,0,3
Shefailin,0,3,3
Shefaley,0,3,3
Shefalika,0,3,3
Shefaly,0,3,3
Shefan,3,0,3
Shefani,0,3,3
Shefania,0,3,3
Shefar,3,0,3
Shefarell,3,0,3
Shefari,0,3,3
Shefay,0,3,3
Shefayah,0,3,3
Shefeilla,0,3,3
Shefel,3,0,3
Shefela,0,3,3
Shefèn,3,0,3
Shefeni,0,3,3
Shefènne,0,3,3
Shefennety,0,3,3
Sheferaan,3,0,3
Sheferoz,3,0,3
Sheff,3,0,3
Sheffa,3,0,3
Sheffaly,0,3,3
Sheffie,3,0,3
Sheffieda,0,3,3
Sheffon,0,3,3
Shefget,3,0,3
Shefhard,3,0,3
Shefie,3,0,3
Shefiek,3,0,3
Shefiena,0,3,3
Shefije,0,3,3
Shefinely,0,3,3
Shefique,3,0,3
Shefira,0,3,3
Shefket,3,0,3
Shèfon,0,3,3
Shefonilan,3,0,3
Shefra,0,3,3
Shefro,3,0,3
Shefrone,3,0,3
Sheg-La,3,0,3
Shegar,3,0,3
Shegbert,3,0,3
Shegcheska,0,3,3
Sheggeola,0,3,3
Sheggior,3,0,3
Sheggmar,3,0,3
Sheggyandro,3,0,3
Shegha,0,3,3
Shegina,0,3,3
Shegnique,0,3,3
Shego,0,3,3
Shegoefa,0,3,3
Sheguella,0,3,3
Shegufta,0,3,3
Sheh'baz,3,0,3
Shehaab,3,0,3
Shehaan,3,0,3
Shehabeldeen,3,0,3
Shehad,0,3,3
Shehainy,0,3,3
Shehaira,0,3,3
Shehan,3,0,3
Shehana,0,3,3
Shehanas,0,3,3
Shehani,0,3,3
Sheharazad,0,3,3
Shehbaaz,3,0,3
Shehenaas,0,3,3
Shehénaz,0,3,3
Shehep,3,0,3
Sheheran,3,0,3
Sheherazad,0,3,3
Shèhèrazade,0,3,3
Sheheresada,0,3,3
Sheherezada,0,3,3
Sheherozade,0,3,3
Sheheryar,3,0,3
Shehida,0,3,3
Shehide,0,3,3
Shehiden,0,3,3
Shehied,3,0,3
Shehies,3,0,3
Shehinoor,3,0,3
Shehlaa,0,3,3
Shehmiz,0,3,3
Shehnaas,0,3,3
Shehnas,0,3,3
Shehniesha,0,3,3
Shehr,0,3,3
Shehra,0,3,3
Shehraiz,3,0,3
Shehram,3,0,3
Shehrazad,0,3,3
Shehrazed,0,3,3
Shehrazede,0,3,3
Shehrezeen,0,3,3
Shehriban,0,3,3
Shehriyâr,3,0,3
Shehroz,3,0,3
Shehroze,3,0,3
Shehrun,3,0,3
Shehzaad-Ali,3,0,3
Shehzaadi,0,3,3
Shehzaadie,0,3,3
Shehzadie,0,3,3
Sheich,3,0,3
Sheich-Matarr,3,0,3
Sheickh,3,0,3
Sheidy-Ann,0,3,3
Sheigh,3,0,3
Sheijma,0,3,3
Sheik-Ali,3,0,3
Sheik-Zahir,3,0,3
Sheika,3,0,3
Sheikahmedshah,3,0,3
Sheikarmaan,3,0,3
Sheikdjibriel,3,0,3
Sheike,0,3,3
Sheikira,0,3,3
Sheikou,3,0,3
Sheikraahat,3,0,3
Sheikraees,3,0,3
Sheikrafi,3,0,3
Sheikraoël,3,0,3
Sheikriza,3,0,3
Sheikshahir,3,0,3
Sheiktahmid,3,0,3
Sheiktebriz,3,0,3
Sheîla,0,3,3
Sheila-Ilonka,0,3,3
Sheilan,0,3,3
Sheilani,0,3,3
Sheileena,0,3,3
Sheiler,3,0,3
Sheilesch,3,0,3
Sheiley,0,3,3
Sheilin,3,0,3
Sheilina,0,3,3
Sheilindre,3,0,3
Sheilish,3,0,3
Sheillah,0,3,3
Sheillendra,3,0,3
Sheillisa,0,3,3
Sheïma,0,3,3
Sheimaa,0,3,3
Sheïmaa,0,3,3
Shein,3,0,3
Sheinaaz,0,3,3
Sheindl,0,3,3
Sheinnah,0,3,3
Sheïno,3,0,3
Sheiradevi,0,3,3
Sheirina,0,3,3
Sheista,0,3,3
Sheïstha,0,3,3
Shejandy,0,3,3
Shejani,0,3,3
Shejanie,0,3,3
Shejnaaz,0,3,3
Shek-Yin,3,0,3
Sheka,3,0,3
Shekaina,0,3,3
Shekarkoemar,3,0,3
Shekay,0,3,3
Shekaya,0,3,3
Shekaylee,0,3,3
Shekeal,3,0,3
Shekeena,0,3,3
Shekeghin,0,3,3
Shekela,0,3,3
Shekema,0,3,3
Shekenah,0,3,3
Shekenio,3,0,3
Shekénjah,0,3,3
Sheker,3,0,3
Shekharkumar,3,0,3
Shekharpersad,3,0,3
Shekhrassan,3,0,3
Shekidah,0,3,3
Shekieb,3,0,3
Shekieta,0,3,3
Shekiladevi,0,3,3
Shekilah,0,3,3
Shekinah-Salem,0,3,3
Shekinoh,3,0,3
Shekir,3,0,3
Shèkir,3,0,3
Shekisha,0,3,3
Shekkhassan,3,0,3
Shekoentika,0,3,3
Shekuntela,0,3,3
Shekuntila,0,3,3
Shekynah,0,3,3
Shelaan,0,3,3
Shelagk,0,3,3
Shelah,0,3,3
Shelaiga,0,3,3
Shelaine,0,3,3
Shelainis,0,3,3
Shelaisa,0,3,3
Shelaiza,0,3,3
Shelance,0,3,3
Shelanchela,0,3,3
Shelandra,0,3,3
Shelano,3,0,3
Shelata,0,3,3
Shelayah,0,3,3
Shelayko,3,0,3
Shelayni,0,3,3
Shelaysa,0,3,3
Shelbert,3,0,3
Shelby-Ann,0,3,3
Shelby-blue,0,3,3
Shelby-Jane,0,3,3
Shelby-Lynn,0,3,3
Shelby-Megan,0,3,3
Shelcia,0,3,3
Sheldion,3,0,3
Sheldjen,3,0,3
Sheldonna,0,3,3
Sheldrion,3,0,3
Sheleasa,0,3,3
Sheleasha,0,3,3
Sheleenna,0,3,3
Sheleesa,0,3,3
Sheleina,0,3,3
Shèlemaya,0,3,3
Shelemiah,3,0,3
Sheléna,0,3,3
Shelêne,0,3,3
Shelènè,0,3,3
Shelène,0,3,3
Shelenie,0,3,3
Sheler,0,3,3
Shelerity,0,3,3
Sheleste,0,3,3
Sheleya,0,3,3
Sheleys,0,3,3
Sheli,0,3,3
Sheliah,0,3,3
Sheliandro,3,0,3
Shelicia,0,3,3
Shelida,0,3,3
Shelïlah,0,3,3
Shelima,0,3,3
Shélin,0,3,3
Shëlinder,3,0,3
Shèline,0,3,3
Shelini,0,3,3
Sheliny,0,3,3
Shelion,3,0,3
Shelis,3,0,3
Shelisha,0,3,3
Shelishia,0,3,3
Shelissety,0,3,3
Shelitadevi,0,3,3
Shelitha,0,3,3
Shelivienne,0,3,3
Shelivo,3,0,3
Shelize,0,3,3
Shellaca,0,3,3
Shellah,0,3,3
Shellainies,0,3,3
Shellana,0,3,3
Shellany,0,3,3
Shelldonna,0,3,3
Shelleen,0,3,3
Shellendra,0,3,3
Shellene,0,3,3
Shellerey,0,3,3
Shellery,0,3,3
Shelley-ann,0,3,3
Shelley-Anne,0,3,3
Shelley-Jane,0,3,3
Shelley-Lou,0,3,3
Shelley-May,0,3,3
Shelli,0,3,3
Shelline,0,3,3
Shellini,0,3,3
Shellino,3,0,3
Shellisa,0,3,3
Shelliyah,0,3,3
Shellsea,0,3,3
Shelluraino,3,0,3
Shelly-ann,0,3,3
Shellyanne,0,3,3
Shellyiona,0,3,3
Shelmira,0,3,3
Shelnisha,0,3,3
Shelomé,0,3,3
Shelomith,0,3,3
Shelomitha,0,3,3
Shelomy,0,3,3
Shelon,3,0,3
Shelotjena,0,3,3
Shelrino,3,0,3
Shelsia,0,3,3
Shelsie,0,3,3
Shelson,3,0,3
Shelteney,0,3,3
Shelteny,0,3,3
Sheltey,0,3,3
Sheltian,0,3,3
Shelu,0,3,3
Sheluna,0,3,3
Shelvante,3,0,3
Shelviendro,3,0,3
Shelviron,3,0,3
Shelwin,3,0,3
Shelyandra,0,3,3
Shelyca,0,3,3
Shelyeanne-Marie,0,3,3
Shelyne,0,3,3
Shelyni,0,3,3
Shelyse,0,3,3
Shelysha,0,3,3
Shelyzaira,0,3,3
Shèlyze,0,3,3
Shem-Tov,3,0,3
Shemaâ,0,3,3
Shemaanto,3,0,3
Shemada,0,3,3
Shemae,0,3,3
Shemahtrah,0,3,3
Shèmaiky,3,0,3
Shemaima,0,3,3
Shemaja-Atha'lia,0,3,3
Shemána,0,3,3
Shemandy,0,3,3
Shemany,0,3,3
Shémara,0,3,3
Shemaraiah,0,3,3
Shemaria,0,3,3
Shemarjo,3,0,3
Shemaro,3,0,3
Shemartina,3,0,3
Shemaruel,3,0,3
Shemaul,3,0,3
Shemayha,0,3,3
Shemayles,0,3,3
Shemayna,0,3,3
Shemè,0,3,3
Shemei,0,3,3
Shemél,0,3,3
Shemel,0,3,3
Shemelien,0,3,3
Shemen,0,3,3
Shèmene,0,3,3
Shemene,0,3,3
Sheméne,0,3,3
Shemer,0,3,3
Shemerick,3,0,3
Shemey,0,3,3
Shemicha,0,3,3
Shemida,0,3,3
Shemidah,0,3,3
Shemiel,3,0,3
Shemièr'vi,3,0,3
Shemila,0,3,3
Shemillaino,3,0,3
Shèmille,3,0,3
Sheminat,0,3,3
Shemique,0,3,3
Shemira,0,3,3
Shemisch,3,0,3
Shemita,0,3,3
Shemlon,3,0,3
Shemoeël,3,0,3
Shemoh,0,3,3
Shemone,0,3,3
Shemsadine,3,0,3
Shemsdine,3,0,3
Shemseddin,3,0,3
Shemseddine,3,0,3
Shemsedin,3,0,3
Shemsedine,3,0,3
Shemshi,0,3,3
Shemsi,0,3,3
Shemsu,3,0,3
Shemylie,0,3,3
Shemyron,3,0,3
Shên,3,0,3
Shen-James,3,0,3
Shen-Kom,3,0,3
Shen-Long,3,0,3
Shen-Tao,3,0,3
Shen-Tjan,3,0,3
Shenaaja,0,3,3
Shenada,0,3,3
Shenadoah,3,0,3
Shenah-Shaznay,0,3,3
Shenai-Lynn,0,3,3
Shenaica,0,3,3
Shenaice,0,3,3
Shenaidra,0,3,3
Shenaija,0,3,3
Shenaikah,0,3,3
Shenaila,0,3,3
Shenaima,0,3,3
Shenaissa,0,3,3
Shénaiyah,0,3,3
Shenaly,0,3,3
Shenalya,0,3,3
Shenan,0,3,3
Shenandoa,3,0,3
Shenandra,0,3,3
Shenanie,0,3,3
Shenar,3,0,3
Shenaro,3,0,3
Shenarvey,0,3,3
Shenatty,0,3,3
Shenawi,0,3,3
Shénay,0,3,3
Shenayda,0,3,3
Shenayed,0,3,3
Shenaylice,0,3,3
Shenaysca,0,3,3
Shenayska,0,3,3
Shend,3,0,3
Shenda,0,3,3
Shendaline,0,3,3
Shendelly,0,3,3
Shendelrik,3,0,3
Shendelson,3,0,3
Shenderich,3,0,3
Shenderick,3,0,3
Shenderline,0,3,3
Shendhia,0,3,3
Shendifer,0,3,3
Shendim,3,0,3
Shendino,3,0,3
Shendiree,0,3,3
Shendiro,3,0,3
Shendle,3,0,3
Shendley,3,0,3
Shendrelyka,0,3,3
Shendria,0,3,3
Shendrich,3,0,3
Shendricson,3,0,3
Shendrina,0,3,3
Shëndrit,3,0,3
Shendry,3,0,3
Shendryon,3,0,3
Shendymar,3,0,3
Shené,0,3,3
Shene,0,3,3
Shenéa,0,3,3
Sheneal,3,0,3
Shenediënnely,0,3,3
Shenedro,3,0,3
Sheneeda-Shaqueen,0,3,3
Sheneen,0,3,3
Sheneeta,0,3,3
Shenehainys,0,3,3
Sheneidy,0,3,3
Shenékhwa,0,3,3
Shenelda,0,3,3
Shenelety,0,3,3
Shénell,0,3,3
Shenèlle,0,3,3
Shenello,3,0,3
Shénely,0,3,3
Shenen,0,3,3
Shenendoah,0,3,3
Shenenly,0,3,3
Shenero,3,0,3
Shenet,0,3,3
Shenetey,0,3,3
Sheneti,0,3,3
Sheneva,0,3,3
Shènèwa,0,3,3
Shenewha,3,0,3
Sheney,0,3,3
Sheneylee,0,3,3
Sheneyre,0,3,3
Shëng,3,0,3
Shéng,0,3,3
Sheng-Aan,3,0,3
Sheng-fan,3,0,3
Sheng-hua,3,0,3
Sheng-Jian,3,0,3
Sheng-Rui,3,0,3
Sheng-Shun,3,0,3
Sheng-We,3,0,3
Sheng-Wen,3,0,3
Sheng-Yang,3,0,3
Sheng-Yu,3,0,3
Shengen,3,0,3
Shengi,3,0,3
Shengjian,3,0,3
Shengmiao,3,0,3
Shengo,3,0,3
Shengyang,3,0,3
Shengyu,3,0,3
Shengyuan,0,3,3
Shengzhe,3,0,3
Shengzheng,3,0,3
Sheni,0,3,3
Shenica,0,3,3
Shenicah,0,3,3
Shenicia,0,3,3
Shenico,3,0,3
Shenida,0,3,3
Sheniefa,0,3,3
Shenieva,0,3,3
Shenieviëny,0,3,3
Sheniez,0,3,3
Shenika,0,3,3
Shenikwa,0,3,3
Shenila,0,3,3
Sheniladewie,0,3,3
Shenille,0,3,3
Shenin,0,3,3
Shenion-Elisandro,3,0,3
Shéniqua,0,3,3
Shenique,0,3,3
Sheniquoi,0,3,3
Sheniqwa,0,3,3
Shenissa,0,3,3
Shenisse,0,3,3
Shenitza,0,3,3
Shenitzia,0,3,3
Sheniva-Angela,0,3,3
Sheniviëv,0,3,3
Sheniyah,0,3,3
Shenjairo,3,0,3
Shenji,3,0,3
Shenkar,3,0,3
Shenn-Lynn,0,3,3
Shenna-Lynn,0,3,3
Shennaaz,0,3,3
Shennafeve,0,3,3
Shennay,0,3,3
Shennaz,0,3,3
Shennedoah,0,3,3
Shennedow,0,3,3
Shenneffy,0,3,3
Shennege,0,3,3
Shenneley,0,3,3
Shennella,0,3,3
Shennelly,0,3,3
Shennelva,0,3,3
Shennemara,0,3,3
Shennequille,0,3,3
Shennessy,0,3,3
Shennety,0,3,3
Shenneviëra,0,3,3
Shennez,3,0,3
Shennia,0,3,3
Shennigan,0,3,3
Shennike,0,3,3
Shennoa,3,0,3
Shennondoah,3,0,3
Sheno,0,3,3
Shènoa,0,3,3
Shénoa,0,3,3
Shënoa,0,3,3
Shenoah,0,3,3
Shenoda,3,0,3
Shénolyh,0,3,3
Shenomaar,3,0,3
Shenomar,3,0,3
Shenon,0,3,3
Shènon,0,3,3
Shenou,0,3,3
Shenouk,0,3,3
Shenphen,3,0,3
Shenqiang,3,0,3
Shenrailly,3,0,3
Shenricht,3,0,3
Shenrick,3,0,3
Shenrik,3,0,3
Shensly,3,0,3
Shenson,3,0,3
Shenteley,0,3,3
Shentelry,3,0,3
Shenterey,3,0,3
Shentery,3,0,3
Shenthella,0,3,3
Shenthuran,3,0,3
Shenthuur,3,0,3
Shently,3,0,3
ShenTong,3,0,3
Shentosiadebie,0,3,3
Shentyliënne,0,3,3
Shenubian,0,3,3
Shenuël,3,0,3
Shenurah,0,3,3
Shenuwell,3,0,3
Sheny,0,3,3
Shenyca,0,3,3
Shenyce,0,3,3
Shenyël,0,3,3
Shenyi,0,3,3
Shenylia,0,3,3
Shenyna,0,3,3
Shenyqua,0,3,3
Shenyra,0,3,3
Shenysa,0,3,3
Shenyva,0,3,3
Shenza,0,3,3
Shenzi,0,3,3
Sheokova,0,3,3
Sheomara,0,3,3
Sheön,3,0,3
Sheonagh,0,3,3
Sheone,0,3,3
Sheontanisha,0,3,3
Sheorphedelion,3,0,3
Sheosharan,3,0,3
Shepal,0,3,3
Shepheron,3,0,3
Sheppa,0,3,3
Shepy,3,0,3
Sheqainy,0,3,3
Sheqeeta,0,3,3
Sheqenety,0,3,3
Sheqier,3,0,3
Sheqina,0,3,3
Sheqita,0,3,3
Sheqouia,0,3,3
Shequana,0,3,3
Shequeeny,0,3,3
Shequella,0,3,3
Shequelle,3,0,3
Shequendely,0,3,3
Shequene,0,3,3
Shequil,3,0,3
Shequina,0,3,3
Shequinah,0,3,3
Shequinio,3,0,3
Shequita,0,3,3
Sher'dé,0,3,3
Sher'Jeanne,0,3,3
Sher-Ali,3,0,3
Sher-Dionne,3,0,3
Sher-Ginia,0,3,3
Sher-Lynn,0,3,3
Sher-Viano,3,0,3
Sher-Yee,0,3,3
Shéra,0,3,3
Shera-Lee,0,3,3
Shera-Sada,0,3,3
Shera-Sade,0,3,3
Sheraad,3,0,3
Sheraansing,3,0,3
Sheraas,3,0,3
Shéraaz,3,0,3
Sheraazhoessain,3,0,3
Sherab,3,0,3
Sherab-Yonten,0,3,3
Sherad,3,0,3
Sherada,0,3,3
Sheradhana,0,3,3
Sheradine,0,3,3
Sherafina,0,3,3
Sherafine,0,3,3
Shèraga,0,3,3
Sheragatoen,0,3,3
Sheraghnee,0,3,3
Sherah,3,0,3
Sherahmed,3,0,3
Sherahsaad,0,3,3
Sheraïda,0,3,3
Sheraidison,3,0,3
Sheraifa,0,3,3
Sheraiffa,0,3,3
Sheraillyson,3,0,3
Sheraimeyenne,0,3,3
Sherainah,0,3,3
Sheraineline,0,3,3
Sherainerly,0,3,3
Sherainey,0,3,3
Sherainne,0,3,3
Sherainsly,3,0,3
Sheraiza,0,3,3
Shèraja,0,3,3
Sherajsa,0,3,3
Sheral,3,0,3
Sheralde,0,3,3
Sheraldin,0,3,3
Shèraldine,0,3,3
Sheraldy,3,0,3
Sheraley,0,3,3
Sheralie,0,3,3
Sheralina,0,3,3
Sherality,0,3,3
Sheralliën,0,3,3
Sheralon,0,3,3
Sheralyn-Jane,0,3,3
Sheramany,0,3,3
Sheramaya,0,3,3
Sheramée,0,3,3
Sheramice,0,3,3
Sheramine,0,3,3
Sheranada,0,3,3
Sheranda,0,3,3
Sherandel,3,0,3
Sherandely,0,3,3
Sherandyńo,3,0,3
Sherangel,0,3,3
Sheraniedebie,0,3,3
Sheraniya,0,3,3
Sheranly,0,3,3
Sherány,0,3,3
Sherap,3,0,3
Shérartie,0,3,3
Sheras,3,0,3
Sherasada,0,3,3
Sherasade,0,3,3
Sherawalie,0,3,3
Shéray,3,0,3
Shèraya,0,3,3
Sherayadebie,0,3,3
Sherayah,0,3,3
Sherayed,3,0,3
Sherayeni,0,3,3
Sherayfa,0,3,3
Sherayka,0,3,3
Sherayliën,0,3,3
Sheraylienne,0,3,3
Sheraylison,3,0,3
Sherayni,0,3,3
Sheraynio,3,0,3
Sheraysa,0,3,3
Sherayselon,3,0,3
Sherayton,3,0,3
Sherayvo,3,0,3
Sheráz,3,0,3
Sherazada,0,3,3
Shérazade,0,3,3
Sherazahade,0,3,3
Sherazhoesein,3,0,3
Sherazia,0,3,3
Sherban,3,0,3
Sherbaz,3,0,3
Sherben,3,0,3
Sherbertson,3,0,3
Sherbieny,3,0,3
Sherbil,3,0,3
Sherbiño,3,0,3
Sherbyen,3,0,3
Sherdailica,0,3,3
Sherdanio,3,0,3
Sherdaviong,3,0,3
Sherdaylies,0,3,3
Sherdee,0,3,3
Sherdel,3,0,3
Sherdelies,0,3,3
Sherdell,3,0,3
Sherdelon,3,0,3
Sherdely,0,3,3
Sherdena,0,3,3
Sherderic,3,0,3
Sherdesley,3,0,3
Sherdestiny,0,3,3
Sherdeyshelly,0,3,3
Sherdha,0,3,3
Sherdian,3,0,3
Sherdiana,0,3,3
Sherdiane,3,0,3
Sherdiënne,0,3,3
Sherdil,3,0,3
Shèrdinant,3,0,3
Shërdine,0,3,3
Sherdinjo,3,0,3
Sherdinon,3,0,3
Sherdiona,0,3,3
Sherdison,3,0,3
Sherdjenna,0,3,3
Sherdjinjo,3,0,3
Sherdonailon,3,0,3
Sherdonnay,0,3,3
Sherdwayne,3,0,3
Sherdyenne,0,3,3
Shere,3,0,3
Shereal,0,3,3
Shereany,0,3,3
Sherease,0,3,3
Shereaux,0,3,3
Shereday,0,3,3
Sheredey,0,3,3
Sheredias,3,0,3
Sheredice,0,3,3
Shéree,0,3,3
Sheree-Lee,0,3,3
Shereef,3,0,3
Shereeka,0,3,3
Shereely,0,3,3
Shèreen,0,3,3
Shereene,0,3,3
Shereeno,3,0,3
Shereeny,0,3,3
Shereesa,0,3,3
Shereese,0,3,3
Shereetah,0,3,3
Shereeva,0,3,3
Sherehzade,0,3,3
Sherejane,0,3,3
Sherekha,0,3,3
Shereldina,0,3,3
Shereldwin,3,0,3
Shereleen,0,3,3
Sherelety,0,3,3
Sheréley,0,3,3
Shereli,0,3,3
Sherelie,0,3,3
Sherelina,0,3,3
Sherelion,3,0,3
Shereliyah,0,3,3
Sheréll,0,3,3
Sherèll,0,3,3
Sherellee-Anne,0,3,3
Sherello,3,0,3
Sherellynn,0,3,3
Sherelton,3,0,3
Shereltone,3,0,3
Sherély,0,3,3
Sherelya,0,3,3
Sherelyne,0,3,3
Sheremaya,0,3,3
Sheremé,0,3,3
Sheremet,3,0,3
Sherena-joy,0,3,3
Sherenaze,0,3,3
Sherence,3,0,3
Sherenda,0,3,3
Sherendeny,0,3,3
Shereney,0,3,3
Sherengy,3,0,3
Shereni,0,3,3
Sherénity,0,3,3
Shereny,0,3,3
Sheres,0,3,3
Sheresade,0,3,3
Sheresé,0,3,3
Shereshvi,0,3,3
Sheresley,0,3,3
Sheresma,0,3,3
Sheresse,0,3,3
Sheresty,0,3,3
Shereta,0,3,3
Sherethy,0,3,3
Sheretil,3,0,3
Sheretta,0,3,3
Sheretta-Cindy,0,3,3
Shereya,0,3,3
Shereza,0,3,3
Sherezaad,0,3,3
Sherfaan,3,0,3
Sherfaïd,3,0,3
Sherfano,3,0,3
Sherfaraz,3,0,3
Sherfina,0,3,3
Sherfino,3,0,3
Shergauri,3,0,3
Shergel,3,0,3
Shergianaly,0,3,3
Shergiano,3,0,3
Shergill,3,0,3
Shergold,3,0,3
Sherherazade,0,3,3
Sherhina,0,3,3
Sheri-ann,0,3,3
Sherï-Ann,0,3,3
Sheri-Lee,0,3,3
Sheria,0,3,3
Sheriah,0,3,3
Sherial,3,0,3
Sherialaine,0,3,3
Sheriallis,0,3,3
Sheriana,0,3,3
Sheriandra,0,3,3
Sheriane,0,3,3
Shericè,0,3,3
Sheriche,0,3,3
Sherick,3,0,3
Shericka,0,3,3
Sherida-Gatoen,0,3,3
Sheridah,0,3,3
Sheridahdewi,0,3,3
Sheridän,3,0,3
Sherideen-Elizabeth,0,3,3
Sheridia,0,3,3
Sherieda,0,3,3
Sheriefagatoen,0,3,3
Sheriëlle,0,3,3
Shérien,0,3,3
Sheriene,0,3,3
Sheriënne,0,3,3
Sheries,0,3,3
Sherietadewie,0,3,3
Sherieve,0,3,3
Shérifa,0,3,3
Sherifah,0,3,3
Sherihane,0,3,3
Sherihenne,0,3,3
Sherijen,0,3,3
Sherijsen,0,3,3
Shérika,0,3,3
Sherilaine,0,3,3
Sherilana,0,3,3
Sherilange,0,3,3
Sherilda,0,3,3
Sherileigh,0,3,3
Sherilena,0,3,3
Sherilie,0,3,3
Sherilin,0,3,3
Sherilinn,0,3,3
Sherilita,0,3,3
Shérill,0,3,3
Sherim,3,0,3
Sherimise,0,3,3
Shérin,0,3,3
Shèrin,0,3,3
Sherin-Miguel,3,0,3
Sherina-Gatoen,0,3,3
Sherina-Lana,0,3,3
Sherinadewi,0,3,3
Sherinagatoen,0,3,3
Shèrine,0,3,3
Sherine-Helmi,0,3,3
Sherinho,3,0,3
Sherinio,3,0,3
Shêrinne,0,3,3
Shérinne,0,3,3
Sherino,3,0,3
Sherinuska,0,3,3
Sherion,3,0,3
Sherïon,3,0,3
Sheripa,0,3,3
Sheriqera,0,3,3
Sherique,0,3,3
Sherisce,0,3,3
Sheriska,0,3,3
Sherisma,0,3,3
Sherissadevi,0,3,3
Sherit,3,0,3
Sheritadevi,0,3,3
Sheritey,0,3,3
Sheritha,0,3,3
Sherithza,0,3,3
Sheritta,0,3,3
Shériva,0,3,3
Sheriviëndel,3,0,3
Sheriyar,3,0,3
Sheriyen,0,3,3
Sheriyenne,0,3,3
Sheriyon,3,0,3
Sherize,0,3,3
Sherjano,3,0,3
Sherjayliam,3,0,3
Sherjeel,3,0,3
Sherjely,0,3,3
Sherjhun,3,0,3
Sherjil,3,0,3
Sherjill,3,0,3
Sherkayl'n,3,0,3
Sherkhan,3,0,3
Shérko,3,0,3
Sherlainia,0,3,3
Sherlaysha,0,3,3
Sherlda,0,3,3
Sherle,0,3,3
Sherledien,0,3,3
Sherlena,0,3,3
Sherleton,3,0,3
Sherliëne,0,3,3
Sherliënne,0,3,3
Sherlienne,0,3,3
Sherlijntien,0,3,3
Sherlinda,0,3,3
Sherline-Anely,0,3,3
Sherlinn,0,3,3
Sherlison,3,0,3
Sherliyah,0,3,3
Sherlize,0,3,3
Sherlly,0,3,3
Sherlo,3,0,3
Sherlone,3,0,3
Sherlton,3,0,3
Sherlyann,0,3,3
Sherlyisa,0,3,3
Sherlyjenne,0,3,3
Sherlyson,3,0,3
Sherlyta,0,3,3
Sherlyvien,0,3,3
Sherma,3,0,3
Shermadevie,0,3,3
Shermahmud,3,0,3
Shermailies,0,3,3
Shermailine,0,3,3
Shermaily,0,3,3
Shermailyne,0,3,3
Shermailys,0,3,3
Shermaìne,3,0,3
Shermaïne,3,0,3
Shermainis,0,3,3
Shermairo,3,0,3
Shermal,3,0,3
Shermalien,0,3,3
Shermaline,0,3,3
Shermalo,3,0,3
Shermani,0,3,3
Shermara,0,3,3
Shermari,0,3,3
Shermarke,3,0,3
Shermayn,3,0,3
Shermayra,0,3,3
Shermel,3,0,3
Shermeliën,0,3,3
Shermelon,3,0,3
Shermely,0,3,3
Shermena,0,3,3
Shermeni,0,3,3
Shermetly,0,3,3
Shermeylis,0,3,3
Shermie,0,3,3
Shermiela,0,3,3
Shermiella,0,3,3
Shermiladebie,0,3,3
Shermilangelo,3,0,3
Shermilia,0,3,3
Shermiliano,3,0,3
Shermiline,0,3,3
Shermilla,0,3,3
Shermilyene,0,3,3
Sherminely,0,3,3
Shèrn,0,3,3
Shernaichel,3,0,3
Shernaily,0,3,3
Shernaise,0,3,3
Shernaishely,0,3,3
Shernaïsly,0,3,3
Shernalis,0,3,3
Shernaylies,0,3,3
Shernaz,0,3,3
Sherneline,0,3,3
Shernellys,0,3,3
Shernely,0,3,3
Shernice,0,3,3
Shernidiëne,0,3,3
Shernilla,0,3,3
Sherny,0,3,3
Shernyviena,0,3,3
Sherodewi,0,3,3
Sherodjanie,0,3,3
Sherodjinie,0,3,3
Sheroe,0,3,3
Sheroek,0,3,3
Sheroëlle,0,3,3
Sherojna,0,3,3
Sherolyn,0,3,3
Shërom,3,0,3
Sheroman,3,0,3
Sheromie,0,3,3
Sheromin,0,3,3
Shèrona,0,3,3
Sherone,0,3,3
Shéronice,0,3,3
Sheronique,0,3,3
Sheronna,0,3,3
Sheronnice,0,3,3
Sheroshni,0,3,3
Sherosky,0,3,3
Sheroz,3,0,3
Sherpa,0,3,3
Sherquency,3,0,3
Sherquino,3,0,3
Sherrai,0,3,3
Sherraino,3,0,3
Sherralda,0,3,3
Sherraly,0,3,3
Sherralyn,0,3,3
Sherran,0,3,3
Sherranaisa,0,3,3
Sherray,0,3,3
Sherredion,3,0,3
Sherrekay,0,3,3
Sherreldeison,3,0,3
Sherreldine,0,3,3
Sherreldsen,3,0,3
Sherrelee,0,3,3
Sherrelijn,0,3,3
Sherrelin,0,3,3
Sherrelina,0,3,3
Sherrelinn,0,3,3
Sherrelley,0,3,3
Sherrelline,0,3,3
Sherrelly,0,3,3
Sherrellys,0,3,3
Sherrelson,3,0,3
Sherrelton,3,0,3
Sherremay,0,3,3
Sherrenety,0,3,3
Sherrenity,0,3,3
Sherreny,0,3,3
Sherresadee,0,3,3
Sherretly,0,3,3
Sherri-Ann,0,3,3
Sherri-leah,0,3,3
Sherrianne,0,3,3
Sherrice,0,3,3
Sherrief,3,0,3
Sherriel,0,3,3
Sherriënne,0,3,3
Sherries,0,3,3
Sherrilijn,0,3,3
Shérrily-Stacy,0,3,3
Sherrina,0,3,3
Sherrinda,0,3,3
Sherrissa,0,3,3
Sherrity,0,3,3
Sherro,3,0,3
Sherronna,0,3,3
Sherrony,3,0,3
Sherrussa,0,3,3
Sherrwin,3,0,3
Sherry-ann,0,3,3
Sherry-lee,0,3,3
Sherry-Lysa,0,3,3
Sherryann,0,3,3
Sherryda,0,3,3
Sherrydiënne,0,3,3
Sherryjen,0,3,3
Sherryl-Joy,0,3,3
Sherryl-Lynn,0,3,3
Sherrylain,0,3,3
Sherrylee,0,3,3
Sherryley,0,3,3
Sherrylia,0,3,3
Sherrylin,0,3,3
Sherryll,0,3,3
Sherryllyn,0,3,3
Sherrymainely,0,3,3
Sherryn,0,3,3
Sherryna,0,3,3
Sherrynaishely,0,3,3
Sherryviënne,0,3,3
Sherryvionis,0,3,3
Sherryvionisse,0,3,3
Sherseline,0,3,3
Shershah,3,0,3
Sherska,0,3,3
Sherson,3,0,3
Shertise,0,3,3
Shertlison,3,0,3
Sherty,0,3,3
Sheru,3,0,3
Sheruela,0,3,3
Sherun,0,3,3
Sherunique,0,3,3
Shervaan,3,0,3
Shervain,3,0,3
Sherväinaly,0,3,3
Shervainlique,0,3,3
Shervainy,0,3,3
Shervais,3,0,3
Shervan,3,0,3
Shervandrick,3,0,3
Shervanee,0,3,3
Shervangely,0,3,3
Shervania,0,3,3
Shervanna,0,3,3
Shervano,3,0,3
Shervanos,3,0,3
Shervansha,0,3,3
Shervayne,3,0,3
Sherveani,0,3,3
Sherveannely,0,3,3
Sherveanny,0,3,3
Sherveenkumar,3,0,3
Shervelly,0,3,3
Shervelyz,0,3,3
Shervenie,0,3,3
Shervianno,3,0,3
Shervic,3,0,3
Sherviën,0,3,3
Sherviëngelo,3,0,3
Shervienne,0,3,3
Sherviënne,0,3,3
Sherviënska,0,3,3
Shervienthely,0,3,3
Sherviëny,3,0,3
Sherville,3,0,3
Sherviña,0,3,3
Shervina,0,3,3
Shervinaisley,0,3,3
Shervinho,3,0,3
Shervinio,3,0,3
Shervinjho,3,0,3
Shervino,3,0,3
Sherviño,3,0,3
Shervolyz,3,0,3
Shervuntley,3,0,3
Sherwani,0,3,3
Sherwano,3,0,3
Sherwany,3,0,3
Sherwed,3,0,3
Sherwen,3,0,3
Sherweny,3,0,3
Sherwesh,3,0,3
Sherwet,3,0,3
Sherwinda,0,3,3
Sherwinienne,3,0,3
Sherwinio,3,0,3
Sherwinna,0,3,3
Shery'Ann,0,3,3
Sheryano,3,0,3
Sherydah,0,3,3
Sheryé,0,3,3
Sheryello,3,0,3
Sheryen,0,3,3
Sheryfah,0,3,3
Shèryl,0,3,3
Shéryl,0,3,3
Sheryl-Jayne,0,3,3
Sheryl-Lynn,0,3,3
Sherylaine,0,3,3
Sherylda,0,3,3
Sheryldine,0,3,3
Sheryle,0,3,3
Sherylee,0,3,3
Sherylena,0,3,3
Sheryles,3,0,3
Sherylina,0,3,3
Sheryline,0,3,3
Sherylla,0,3,3
Sherylle,0,3,3
Sheryllee,0,3,3
Sherylline,0,3,3
Sheryllio,3,0,3
Sheryln,0,3,3
Sheryluska,0,3,3
Sherylyn,0,3,3
Sherynesca,0,3,3
Sheryona,0,3,3
Sheryv,0,3,3
Sheryvano,3,0,3
Sheryviën,0,3,3
Sheryviëntley,0,3,3
Sherzaad,3,0,3
Sherzinio,3,0,3
Sherzoda,0,3,3
Shesarah,0,3,3
Sheseira,0,3,3
Sheshaad,3,0,3
Sheshaan,3,0,3
Sheshad,3,0,3
Sheshaderi,0,3,3
Sheshan,0,3,3
Sheshanteri,0,3,3
Sheshardri,0,3,3
Sheshari,0,3,3
Sheshwankumar,3,0,3
Shesikala,0,3,3
Shesinthaly,0,3,3
Shesley,0,3,3
Shesnarain,3,0,3
Shesta,0,3,3
Sheswin,3,0,3
Shetesh,3,0,3
Shetiawatie,0,3,3
Shetie,0,3,3
Shetiel,3,0,3
Sheties,3,0,3
Shetu,0,3,3
Shetwan,3,0,3
Sheu,0,3,3
Sheu-Tjien,3,0,3
Sheu-Whoen,3,0,3
Sheuly,0,3,3
Sheun-Hem,3,0,3
Sheungchi,3,0,3
Sheurchien,3,0,3
Sheurley,0,3,3
Sheurly,0,3,3
Sheurmaline,0,3,3
Sheurnisan,0,3,3
Sheut,0,3,3
Shevaad,3,0,3
Shevaan,3,0,3
Shevach,3,0,3
Shevaeny,0,3,3
Shevahn,0,3,3
Shevaign,3,0,3
Shevailly,0,3,3
Shevaily,0,3,3
Shevaina,0,3,3
Shevaini,0,3,3
Shevainley,0,3,3
Shevainly,0,3,3
Shévalie,0,3,3
Shevaliny,0,3,3
Shevaly,0,3,3
Shévan,3,0,3
Shevandy,0,3,3
Shevanetty,0,3,3
Shevania,0,3,3
Shevanin,0,3,3
Shevanity,0,3,3
Shevannah,0,3,3
Shevanno,3,0,3
Shevanny,0,3,3
Shevanté,3,0,3
Shèvanthe,3,0,3
Shevanthi,0,3,3
Shevanty,0,3,3
Shevanyo,3,0,3
Shevara,0,3,3
Shevareau,3,0,3
Shévaun,0,3,3
Shevaunleigh,0,3,3
Shevawn,3,0,3
Shevayli,0,3,3
Shevayna,0,3,3
Shevayo,3,0,3
Shevayro,3,0,3
Sheveira,0,3,3
Shevella,0,3,3
Shevelli,0,3,3
Shevely,0,3,3
Shevéna,0,3,3
Shevenely,0,3,3
Shevenetie,0,3,3
Shevenique,0,3,3
Shevennely,0,3,3
Shevennethy,0,3,3
Shevennety,0,3,3
Shevenny,0,3,3
Shevensly,3,0,3
Sheventely,0,3,3
Sheventley,0,3,3
Sheverdkash,3,0,3
Shévere,0,3,3
Sheverely,0,3,3
Sheverginio,3,0,3
Sheverij,0,3,3
Sheverinjo,3,0,3
Sheveriska,0,3,3
Shevernety,0,3,3
Sheveyo,3,0,3
Shevia,0,3,3
Sheviangelley,0,3,3
Sheviano,3,0,3
Sheviantheny,0,3,3
Sheviena,0,3,3
Shevienna,0,3,3
Sheviënnely,0,3,3
Shevilya,0,3,3
Shevin,0,3,3
Shevinia,0,3,3
Sheviny,0,3,3
Shevïon,3,0,3
Shevique,3,0,3
Shevira,0,3,3
Shevisse,0,3,3
Shévoneese,0,3,3
Shevonna,0,3,3
Shévonne,0,3,3
Shevoun,0,3,3
Shevyni,0,3,3
Shèwa,0,3,3
Shewani,0,3,3
Shewanti,0,3,3
Shewany,0,3,3
Shewar,3,0,3
Shewat,0,3,3
Shewda,0,3,3
Shewe,0,3,3
Sheweta,0,3,3
Shewetamber,3,0,3
Shewica,0,3,3
Shewieta,0,3,3
Shewika,0,3,3
Shewin,3,0,3
Shewinsa,0,3,3
Shewisthika,0,3,3
Shewita,0,3,3
Shewket,3,0,3
Shewlon,0,3,3
Shewy,0,3,3
Shewyar,3,0,3
Shexo,3,0,3
Sheya,3,0,3
Sheyano,3,0,3
Sheydinairo,3,0,3
Sheydrigmaar,3,0,3
Sheydrison,3,0,3
Sheyendra,0,3,3
Sheyenn,0,3,3
Sheyënna,0,3,3
Sheyènne,0,3,3
Shéyenne,0,3,3
Sheyera,0,3,3
Sheyi,0,3,3
Sheykha,0,3,3
Sheylan,3,0,3
Shéylian,0,3,3
Sheyliane,0,3,3
Sheylla,0,3,3
Sheymaa,0,3,3
Sheyme,0,3,3
Sheymena,0,3,3
Sheymiron,3,0,3
Sheymoriën,0,3,3
Sheyn,3,0,3
Sheynalyn,0,3,3
Sheynany,0,3,3
Sheynaz,0,3,3
Sheynez,0,3,3
Sheyonis,0,3,3
Shéyrisha,0,3,3
Sheyroné,0,3,3
Sheyvanti,0,3,3
Shèz,3,0,3
Shezaad,3,0,3
Shezana,0,3,3
Shezar,3,0,3
Shezarah,0,3,3
Shezmay,0,3,3
Shezwae,0,3,3
Shhad,0,3,3
Shì,3,0,3
Shī,0,3,3
Shi-Anne,0,3,3
Shi-finnely,0,3,3
Shi-Hao,3,0,3
Shi-he,0,3,3
Shi-jia,0,3,3
Shi-jon,3,0,3
Shi-jona,0,3,3
Shi-Leng,0,3,3
Shi-Lin,0,3,3
Shi-Ling,0,3,3
Shï-Loh,3,0,3
Shi-Mei,0,3,3
Shi-min,3,0,3
Shi-Ru,0,3,3
Shi-Ting,0,3,3
Shi-Tong,3,0,3
Shi-Wai,0,3,3
Shi-Yiu,3,0,3
Shiaar,3,0,3
Shiam,3,0,3
Shiama,0,3,3
Shiamaa,0,3,3
Shiamira,0,3,3
Shiandri,0,3,3
Shiang-Ying,0,3,3
Shiani,0,3,3
Shianitza,0,3,3
Shiann,0,3,3
Shianna,0,3,3
Shiannah,0,3,3
Shiano,3,0,3
Shianti,0,3,3
Shiara-Joy,0,3,3
Shiarah,0,3,3
Shiaraz,3,0,3
Shiary,0,3,3
Shiaskia,0,3,3
Shibana,0,3,3
Shibania,0,3,3
Shibil,3,0,3
Shibjan,3,0,3
Shibley,3,0,3
Shibli,0,3,3
Shiblon,3,0,3
Shibra,0,3,3
Shibuï,0,3,3
Shibumi,0,3,3
Shica,0,3,3
Shicane,3,0,3
Shicikala,0,3,3
Shico,3,0,3
Shidaa,0,3,3
Shidaan,0,3,3
Shidaily,0,3,3
Shidaira,0,3,3
Shidán,3,0,3
Shidara,0,3,3
Shidartha,0,3,3
Shidesly,0,3,3
Shidiq,3,0,3
Shidjer,3,0,3
Shidondra,0,3,3
Shidrukh,0,3,3
Shie-Mei,0,3,3
Shied,3,0,3
Shieda,0,3,3
Shief,3,0,3
Shiefaida,0,3,3
Shiefajed,3,0,3
Shiefajet,3,0,3
Shiefaz-Ahmad,3,0,3
Shieffiel,3,0,3
Shiefraan,3,0,3
Shiefraaz,3,0,3
Shiegéru,3,0,3
Shiek,3,0,3
Shiekha,0,3,3
Shielar,0,3,3
Shielencke,0,3,3
Shielha,0,3,3
Shielie,0,3,3
Shielinderkoemar,3,0,3
Shiella,0,3,3
Shiellena,0,3,3
Shielta,0,3,3
Shiema-Koemarie,0,3,3
Shiemaa,0,3,3
Shiemran,0,3,3
Shiëndra,0,3,3
Shieneey,0,3,3
Shiënna,0,3,3
Shiéra,0,3,3
Shierani,0,3,3
Shieren,0,3,3
Shierien,0,3,3
Shieriene,0,3,3
Shierish,3,0,3
Shierko,3,0,3
Shiero,3,0,3
Shierra,0,3,3
Shiërrona,0,3,3
Shiery,0,3,3
Shiesha,0,3,3
Shieshah,0,3,3
Shieshanna,0,3,3
Shieshma,0,3,3
Shiesma,0,3,3
Shiëstha,0,3,3
Shietan,3,0,3
Shietela,0,3,3
Shieuw,3,0,3
Shieuwa,3,0,3
Shieuwindere,3,0,3
Shieuwprakaash,3,0,3
Shievani,0,3,3
Shieven,3,0,3
Shiewa,0,3,3
Shiewam,3,0,3
Shiewen,3,0,3
Shiewoom,3,0,3
Shieyenna,0,3,3
Shifa-at,3,0,3
Shifa-E-Fatima,0,3,3
Shifaa,0,3,3
Shifaan,3,0,3
Shifaas,3,0,3
Shifae,0,3,3
Shifaedscha,3,0,3
Shifaët,3,0,3
Shifaget,3,0,3
Shifaï,3,0,3
Shifaid,3,0,3
Shifaïd,3,0,3
Shifainy,0,3,3
Shifait,3,0,3
Shifajet,3,0,3
Shifan,3,0,3
Shifana,0,3,3
Shifanija,0,3,3
Shifanja,0,3,3
Shifarat,3,0,3
Shifaro,3,0,3
Shifayad-Ali,3,0,3
Shifayatali,3,0,3
Shifayet,3,0,3
Shifaz,3,0,3
Shiffai,3,0,3
Shiffie-Oellah,3,0,3
Shiffraël,3,0,3
Shiffrah,0,3,3
Shiffrin,3,0,3
Shifraan,3,0,3
Shifrainy,0,3,3
Shifri,3,0,3
Shifrinne,0,3,3
Shifvano,3,0,3
Shiga,0,3,3
Shige,3,0,3
Shigeharu,3,0,3
Shigeko,0,3,3
Shigeo,3,0,3
Shigeru,3,0,3
Shigeta,0,3,3
Shigow,0,3,3
Shih-Fa,3,0,3
Shih-Lien,0,3,3
Shih-Sian,0,3,3
Shiha,0,3,3
Shihaabuddien,3,0,3
Shihab-Eddine,3,0,3
Shihabeldin,3,0,3
Shihabmobin,3,0,3
Shihayna,0,3,3
Shiheb,3,0,3
Shihkang,3,0,3
Shiinii,3,0,3
Shijamala,0,3,3
Shijarodjnhie,0,3,3
Shijau,0,3,3
Shijheim,3,0,3
Shijia,0,3,3
Shijleen,0,3,3
Shijli-Moon,0,3,3
Shijlindra,3,0,3
Shijmaa,0,3,3
Shijmé,0,3,3
Shijnna,0,3,3
Shijoya,0,3,3
Shikadai,3,0,3
Shikal,0,3,3
Shikanda,0,3,3
Shikandar,3,0,3
Shikar,3,0,3
Shikara,0,3,3
Shikeb,3,0,3
Shikendra,0,3,3
Shikh,3,0,3
Shikima,0,3,3
Shikira,0,3,3
Shiko,0,3,3
Shilaf,0,3,3
Shilah,3,0,3
Shilberson,3,0,3
Shilbert,3,0,3
Shilby,0,3,3
Shildone,0,3,3
Shilem,3,0,3
Shilèn,0,3,3
Shilen,0,3,3
Shílence,0,3,3
Shilendar,3,0,3
Shilendra,3,0,3
Shîléne,0,3,3
Shileny,0,3,3
Shilér,0,3,3
Shilfano,3,0,3
Shilfany,0,3,3
Shilia,0,3,3
Shiliang,3,0,3
Shilinder,3,0,3
Shilishkumar,3,0,3
Shillae,0,3,3
Shillia,0,3,3
Shilloh,0,3,3
Shilly,0,3,3
Shiloh-Comte,0,3,3
Shilom,0,3,3
Shilona,0,3,3
Shilonga,0,3,3
Shilow,0,3,3
Shilpadevi,0,3,3
Shilpra,0,3,3
Shiltan,0,3,3
Shilvany,0,3,3
Shim-Hwa,0,3,3
Shimaa,0,3,3
Shimadevi,0,3,3
Shimaine,0,3,3
Shimairo,3,0,3
Shimala,0,3,3
Shimali,0,3,3
Shimanie,0,3,3
Shimea,0,3,3
Shimei,0,3,3
Shimel,0,3,3
Shimèna,0,3,3
Shimeon,3,0,3
Shimera,0,3,3
Shimitho,0,3,3
Shimiye,3,0,3
Shimoana,0,3,3
Shimoos,0,3,3
Shimorah-Lee,0,3,3
Shimron,3,0,3
Shimroy,3,0,3
Shin-Ae,0,3,3
Shin-Ben,3,0,3
Shin-Jin,3,0,3
Shin-Ly,0,3,3
Shinae,0,3,3
Shinai,0,3,3
Shinaí,0,3,3
Shinaia,0,3,3
Shinaisy,0,3,3
Shinal,0,3,3
Shinan,3,0,3
Shinara,0,3,3
Shinaro,3,0,3
Shinary,3,0,3
Shinato,3,0,3
Shinayda,0,3,3
Shinda,0,3,3
Shindaley,0,3,3
Shindujan,3,0,3
Shine-On,3,0,3
Shinedely,0,3,3
Shineeka,0,3,3
Shinehah,0,3,3
Shinéid,0,3,3
Shineida,0,3,3
Shinel,3,0,3
Shineley,0,3,3
Shinelight,0,3,3
Shinelly,0,3,3
Shinelty,0,3,3
Shinequa,0,3,3
Shinerra,0,3,3
Shineyla,0,3,3
Shing-Fie,0,3,3
Shing-Him,3,0,3
Shing-Hong,3,0,3
Shing-Lan,0,3,3
Shing-Ning,0,3,3
Shing-wei,0,3,3
Shing-Ying,0,3,3
Shing-Yu,0,3,3
Shinga,0,3,3
Shingai,0,3,3
Shingho,3,0,3
Shiníchi,3,0,3
Shinichi,3,0,3
Shinichiro,3,0,3
Shiniel,3,0,3
Shiniviévre,0,3,3
Shinjiro,3,0,3
Shinjyu,3,0,3
Shinka,0,3,3
Shinkichi,3,0,3
Shinmada,0,3,3
Shinnapat,3,0,3
Shinne,0,3,3
Shinnen,3,0,3
Shinny,0,3,3
Shinobi,0,3,3
Shinobu,0,3,3
Shinoby,0,3,3
Shinodà,0,3,3
Shinou,0,3,3
Shinoved,0,3,3
Shinteya,0,3,3
Shinthuja,0,3,3
Shintya,0,3,3
Shinua,3,0,3
Shinya,0,3,3
Shioa,0,3,3
Shiobanne,0,3,3
Shiobhán,0,3,3
Shiobhan,0,3,3
Shiobion,0,3,3
Shioe,0,3,3
Shiomarah,0,3,3
Shiömy,0,3,3
Shiòna,0,3,3
Shionan,3,0,3
Shiong,3,0,3
Shiori,0,3,3
Shiovanni,0,3,3
Shiow,0,3,3
Shiphra,0,3,3
Shipra,0,3,3
Shiqairo,3,0,3
Shiqay,3,0,3
Shiqi,0,3,3
Shiqil,3,0,3
Shiqing,0,3,3
Shiqsha,0,3,3
Shiqua,3,0,3
Shiquana,0,3,3
Shiquara,3,0,3
Shiquena,0,3,3
Shiquenety,0,3,3
Shiquilla,0,3,3
Shiquro,0,3,3
Shir-Ali,3,0,3
Shir-èl,0,3,3
Shir-Lynn,0,3,3
Shiraas,3,0,3
Shiraaszh,3,0,3
Shirafali,3,0,3
Shiragani,0,3,3
Shiragni,0,3,3
Shirai,0,3,3
Shiraifa,0,3,3
Shiraina,0,3,3
Shiraisha,0,3,3
Shiraiza,0,3,3
Shiraj,3,0,3
Shirajul,3,0,3
Shirak,3,0,3
Shiral,3,0,3
Shiraley,0,3,3
Shiranda,0,3,3
Shirandsley,0,3,3
Shiraneé,0,3,3
Shiranidebie,0,3,3
Shiranika,0,3,3
Shiraniya,0,3,3
Shiranjani,0,3,3
Shiranou,0,3,3
Shiranya,0,3,3
Shirard,3,0,3
Shiras,3,0,3
Shirase,3,0,3
Shirayda,0,3,3
Shiraylis,0,3,3
Shirayna,0,3,3
Shirayne,0,3,3
Shirayr,3,0,3
Shirãz,3,0,3
Shirazgatoen,0,3,3
Shirazkhan,3,0,3
Shirazza,0,3,3
Shirby,0,3,3
Shirdaisha,0,3,3
Shirdienne,0,3,3
Shirdienny,0,3,3
Shirdoon,3,0,3
Shiredj,3,0,3
Shiree,0,3,3
Shireen-Zoë,0,3,3
Shireesha,0,3,3
Shiregem,0,3,3
Shireija,0,3,3
Shirein,0,3,3
Shirël,0,3,3
Shireleah,0,3,3
Shirell,0,3,3
Shirèll,0,3,3
Shiren,0,3,3
Shirenia,0,3,3
Shirey,0,3,3
Shirhaan,0,3,3
Shirhinda,0,3,3
Shirhu,3,0,3
Shiriana,0,3,3
Shiridha,0,3,3
Shirieda,0,3,3
Shirieno,3,0,3
Shirif,3,0,3
Shirihaan,0,3,3
Shiril,0,3,3
Shirilda,0,3,3
Shirín,0,3,3
Shirín-Khanim,0,3,3
Shirin-leyia,0,3,3
Shirinkumar,3,0,3
Shirisa,0,3,3
Shirista,0,3,3
Shiristi,0,3,3
Shirita,0,3,3
Shiritah,0,3,3
Shiriva,0,3,3
Shirkan,3,0,3
Shirkka,0,3,3
Shirl,0,3,3
Shirlan,3,0,3
Shirland,3,0,3
Shirlanda,0,3,3
Shirlano,3,0,3
Shirlay,0,3,3
Shirleley,0,3,3
Shirlena,0,3,3
Shirley-Anne,0,3,3
Shirley-Celine,0,3,3
Shirley-Esmée,0,3,3
Shirley-Maria,0,3,3
Shirley-Marjanne,0,3,3
Shirley-Shirley,0,3,3
Shirley-Verena,0,3,3
Shirleyn,0,3,3
Shirleyna,0,3,3
Shirleyne,0,3,3
Shirlij,0,3,3
Shirlin,0,3,3
Shirlon,3,0,3
Shírly,0,3,3
Shirlyane,0,3,3
Shirlytha,0,3,3
Shirmelien,0,3,3
Shirmond,3,0,3
Shirnailey,0,3,3
Shirnell,0,3,3
Shirness,0,3,3
Shirney,0,3,3
Shirnon,3,0,3
Shirodj,3,0,3
Shirodjhniedewie,0,3,3
Shirodjkumar,3,0,3
Shirodjni,0,3,3
Shirodjnie,0,3,3
Shirodkar,0,3,3
Shirohi,3,0,3
Shirohmny,0,3,3
Shirojani,0,3,3
Shirojsing,3,0,3
Shiroma,0,3,3
Shiromany,0,3,3
Shiromenni,0,3,3
Shiromie,0,3,3
Shiromini,0,3,3
Shiromnie,0,3,3
Shiromny,0,3,3
Shiromoni,0,3,3
Shirool,0,3,3
Shirou-Lynn,0,3,3
Shirova,0,3,3
Shirovan,3,0,3
Shirow,3,0,3
Shiroya,0,3,3
Shirpersad,3,0,3
Shirral,3,0,3
Shirret,0,3,3
Shirrihaan,0,3,3
Shirrin,0,3,3
Shirrinka,0,3,3
Shirry,3,0,3
Shirtjun,3,0,3
Shiruah,0,3,3
Shirvannia,0,3,3
Shirvany,3,0,3
Shirvera,0,3,3
Shirviljonne,3,0,3
Shiry,0,3,3
Shirza,0,3,3
Shirzad,3,0,3
Shisayo,3,0,3
Shisei,0,3,3
Shiselaine,0,3,3
Shiseru,0,3,3
Shishaatry,0,3,3
Shishadri,0,3,3
Shishe,0,3,3
Shisheida,0,3,3
Shishigina,0,3,3
Shishupanna,3,0,3
Shislane,0,3,3
Shisola,0,3,3
Shisuréne,0,3,3
Shitaina,0,3,3
Shitij,3,0,3
Shitla,0,3,3
Shitu,3,0,3
Shiu-Kuan,3,0,3
Shiufayra,0,3,3
Shiunaila,0,3,3
Shiunaira,0,3,3
Shiv-Anand,3,0,3
Shiv-anand,3,0,3
Shiv-Anchal,0,3,3
Shiv-Angeli,0,3,3
Shiv-Anjali,0,3,3
Shiv-Anjani,0,3,3
Shiv-Liam,3,0,3
Shiv-Neel,3,0,3
Shiv-Sanker,3,0,3
Shiv-Shakti,3,0,3
Shiva-Benn,3,0,3
Shiva-Vinay,3,0,3
Shivaal,3,0,3
Shivaanch,3,0,3
Shivaanee,0,3,3
Shivaansh,3,0,3
Shivachand,3,0,3
Shivagini,0,3,3
Shivailo,3,0,3
Shivainska,0,3,3
Shivaio,3,0,3
Shivaisha,0,3,3
Shivaisley,0,3,3
Shivaja,0,3,3
Shivakaant,3,0,3
Shivakapur,3,0,3
Shival,0,3,3
Shivalie,0,3,3
Shivalini,0,3,3
Shivalli,0,3,3
Shivaly,0,3,3
Shivam-krishne,3,0,3
Shivamdath,3,0,3
Shivami,0,3,3
Shivamm,3,0,3
Shivamsingh,3,0,3
Shivanandkumar,3,0,3
Shivanandpersad,3,0,3
Shivanano,3,0,3
Shivanarayan,3,0,3
Shivandy,3,0,3
Shivanee,0,3,3
Shivaneja,0,3,3
Shivanely,0,3,3
Shivaney,0,3,3
Shivang,3,0,3
Shivanganie,0,3,3
Shivangheni,0,3,3
Shivanghie,0,3,3
Shivangini,0,3,3
Shivangni,0,3,3
Shivangy,0,3,3
Shivani-Devi,0,3,3
Shivanidebie,0,3,3
Shivaniedevie,0,3,3
Shivanija,0,3,3
Shivanika,0,3,3
Shivanja,0,3,3
Shivanjenie,0,3,3
Shivank,3,0,3
Shivankoemar,3,0,3
Shivannah,0,3,3
Shivannee,0,3,3
Shivanney,3,0,3
Shivannie,0,3,3
Shivanny,0,3,3
Shivanou,3,0,3
Shivanshie,0,3,3
Shivanshkumar,3,0,3
Shivanthini,0,3,3
Shivany-Devi,0,3,3
Shivanzo,3,0,3
Shivaprakash,3,0,3
Shivara,0,3,3
Shivarad,3,0,3
Shivaraj,3,0,3
Shivaramakrishna,3,0,3
Shivaran,3,0,3
Shivaratri,0,3,3
Shivarcana,0,3,3
Shivard,3,0,3
Shivaria,0,3,3
Shivariyadevi,0,3,3
Shivasani,0,3,3
Shivashnie,0,3,3
Shivashnu,3,0,3
Shivashrie,0,3,3
Shivasiddharth,3,0,3
Shivasingh,3,0,3
Shivasna,0,3,3
Shivasnie,0,3,3
Shivast,3,0,3
Shivastami,0,3,3
Shivastri,0,3,3
Shivatjardj,3,0,3
Shivaughn,0,3,3
Shivaune,0,3,3
Shivawn,0,3,3
Shivayand,3,0,3
Shivayra,0,3,3
Shivaysh,3,0,3
Shivdatt,3,0,3
Shivdeepsingh,3,0,3
Shivdhar,3,0,3
Shiveer,3,0,3
Shiveesh,3,0,3
Shivelly,0,3,3
Shivèn,3,0,3
Shivendra-Louisa,0,3,3
Shivendrapersad,3,0,3
Shivendrasingh,3,0,3
Shivendre,3,0,3
Shivendro,3,0,3
Shivenly,0,3,3
Shivenna,0,3,3
Shivenshakti,3,0,3
Shivensing,3,0,3
Shivensley,3,0,3
Shivery,0,3,3
Shiveshwari,0,3,3
Shivet,0,3,3
Shivgami,0,3,3
Shivganga,0,3,3
Shiviënny,0,3,3
Shivinder,3,0,3
Shivindra,3,0,3
Shivindrah,3,0,3
Shivka,0,3,3
Shivmalie,0,3,3
Shivnaray,3,0,3
Shivnarayansingh,3,0,3
Shivnathsing,3,0,3
Shivnesh,3,0,3
Shivneshwari,0,3,3
Shivnish,3,0,3
Shivo,3,0,3
Shivonda,0,3,3
Shivonnaira,0,3,3
Shivônne,0,3,3
Shivontely,0,3,3
Shivpalie,0,3,3
Shivprakash,3,0,3
Shivprashaant,3,0,3
Shivraaj,3,0,3
Shivradjkoemar,3,0,3
Shivragnie,0,3,3
Shivrajkoemar,3,0,3
Shivrandjani,0,3,3
Shivrani-Rohni,0,3,3
Shivrant,3,0,3
Shivrasnie,0,3,3
Shivratan,3,0,3
Shivrath,3,0,3
Shivren,3,0,3
Shivsaager,3,0,3
Shivsagar,3,0,3
Shivsakshi,0,3,3
Shivsankar,3,0,3
Shivshakti,3,0,3
Shivsingh,3,0,3
Shivvany,0,3,3
Shivvaran,3,0,3
Shivya,0,3,3
Shivyn,3,0,3
Shiwah,0,3,3
Shiwalika,0,3,3
Shiwamkoemar,3,0,3
Shiwânanda,0,3,3
Shiwandenie,0,3,3
Shiwanghi,0,3,3
Shiwangie,0,3,3
Shiwaniekoemarie,0,3,3
Shiwank,3,0,3
Shiwano,3,0,3
Shiwanshi,0,3,3
Shiwanta,0,3,3
Shiwar,3,0,3
Shiwashni,0,3,3
Shiweme,3,0,3
Shiwena,0,3,3
Shiwihnih,0,3,3
Shiwindradat,3,0,3
Shiwkoemar,3,0,3
Shiwley,0,3,3
Shiwrisham,3,0,3
Shiwun,0,3,3
Shiyah,3,0,3
Shiyan,0,3,3
Shiyani,0,3,3
Shiyania,0,3,3
Shiyara,0,3,3
Shiyaraa,0,3,3
Shiyaw,3,0,3
Shiyé,3,0,3
Shiyen,3,0,3
Shiying,3,0,3
Shiymaa,0,3,3
Shiyona,0,3,3
Shiyue,0,3,3
Shizan,0,3,3
Shizue,0,3,3
Shjahnaaz,0,3,3
Shjalina,0,3,3
Shjamaa,0,3,3
Shjana,0,3,3
Shjarda,0,3,3
Shjarel,3,0,3
Shjariena,0,3,3
Shjarosnie,0,3,3
Shjayla,0,3,3
Shjeila,0,3,3
Shjeraaz,3,0,3
Shjiullah,3,0,3
Shkak,3,0,3
Shkelzen,3,0,3
Shkenca,0,3,3
Shkiba,0,3,3
Shkufe,0,3,3
Shkumbim,3,0,3
Shkumbin,3,0,3
Shkurta,0,3,3
SHL,0,3,3
Shlek,0,3,3
Shlemon,3,0,3
Shlemun,3,0,3
Shlomi,3,0,3
Shlova,0,3,3
SHM,0,3,3
Shmail,0,3,3
Shmita,0,3,3
Shmoe-ël,3,0,3
Shmona,0,3,3
Shmrieta,0,3,3
Shnasha,0,3,3
Shneur,3,0,3
Shnian,3,0,3
Shnija,0,3,3
Shnoda,3,0,3
Shnouda,3,0,3
Shnya,0,3,3
Shnyar,0,3,3
Shnyr,0,3,3
Shō,3,0,3
Sho'aib,3,0,3
Sho-Ling,0,3,3
Sho-Yan,0,3,3
Sho-yin,3,0,3
Shoa,0,3,3
Shoab,3,0,3
Shoaeib,3,0,3
Shoalin,3,0,3
Shoane,3,0,3
Shoanna,0,3,3
Shoanne,0,3,3
Shoaylie,0,3,3
Shobachtany,0,3,3
Shoban,0,3,3
Shobary,3,0,3
Shobena,0,3,3
Shobhawatie,0,3,3
Shobhena,0,3,3
Shobiga,0,3,3
Shobrina,0,3,3
Shochone,3,0,3
Shockran,0,3,3
Shodesi,0,3,3
Shodiean,3,0,3
Shodjadin,3,0,3
Shody,0,3,3
Shodyann,0,3,3
Shodyanne,0,3,3
Shoe-Jainely,0,3,3
Shoe-Jin,3,0,3
Shoebhankhan,3,0,3
Shoebhas,3,0,3
Shoecrany,0,3,3
Shoedelnicely,0,3,3
Shoedeskoemar,3,0,3
Shoefan,0,3,3
Shoegufa,0,3,3
Shoejhata,0,3,3
Shoekenak,3,0,3
Shoekesh,3,0,3
Shoekiertie,0,3,3
Shoëla,0,3,3
Shoelaise,0,3,3
Shoelaisia,0,3,3
Shoelinder,3,0,3
Shoemela,0,3,3
Shoemetie,0,3,3
Shoenandeni,0,3,3
Shoenaya,0,3,3
Shoenil,3,0,3
Shoenita,0,3,3
Shoenitadevie,0,3,3
Shoeraiska,0,3,3
Shoeraja,0,3,3
Shoerakshadebie,0,3,3
Shoerendel,3,0,3
Shoerjani,0,3,3
Shoerlwesley,3,0,3
Shoeryma,0,3,3
Shoesilkoemarie,0,3,3
Shoesmadevi,0,3,3
Shoetistam,3,0,3
Shog,0,3,3
Shogan,0,3,3
Shoghi,3,0,3
Shoghufa,0,3,3
Shogo,3,0,3
Shoh,0,3,3
Shohab,3,0,3
Shohainys,0,3,3
Shohib,3,0,3
Shohil,3,0,3
Shohreh,0,3,3
Shohruh,3,0,3
Shohyde,0,3,3
Shoiab,3,0,3
Shoichi,3,0,3
Shoiféne,0,3,3
Shoijb,3,0,3
Shoja,3,0,3
Shoka,0,3,3
Shoko,0,3,3
Shokoentela,0,3,3
Shokou,0,3,3
Shokouh,0,3,3
Shokran,3,0,3
Shokri,3,0,3
Sholainsh,0,3,3
Sholainy,0,3,3
Sholaiska,0,3,3
Sholakhsana,0,3,3
Sholamit,0,3,3
Sholance,0,3,3
Sholayka,0,3,3
Shole,0,3,3
Sholeena,0,3,3
Sholem,3,0,3
Sholena,0,3,3
Sholenne,0,3,3
Sholihah,0,3,3
Sholina,0,3,3
Sholince,0,3,3
Sholliga,0,3,3
Sholly,0,3,3
Sholona,0,3,3
Shomadevi,0,3,3
Shomaila,0,3,3
Shomala,0,3,3
Shoman,0,3,3
Shomani,0,3,3
Shomaria,0,3,3
Shome,0,3,3
Shomecossee,3,0,3
Shomeka,0,3,3
Shomelys,0,3,3
Shominy,0,3,3
Shomita,0,3,3
Shomna,0,3,3
Shon-Ton,3,0,3
Shôna,0,3,3
Shonach,3,0,3
Shonagh,0,3,3
Shonai,0,3,3
Shonaisley,0,3,3
Shonaiya,0,3,3
Shonajely,0,3,3
Shonari,3,0,3
Shonda,0,3,3
Shondé,0,3,3
Shondip,3,0,3
Shondray,3,0,3
Shondrique,3,0,3
Shondry,0,3,3
Shoneka,0,3,3
Shonell,0,3,3
Shoness,0,3,3
Shoney,0,3,3
Shong,3,0,3
Shongnella,0,3,3
Shoni,0,3,3
Shonie,0,3,3
Shonika,0,3,3
Shonique,0,3,3
Shoniwa,3,0,3
Shonmina,0,3,3
Shonnah,0,3,3
Shonnaly,0,3,3
Shonny,3,0,3
Shonoda,0,3,3
Shonoda-Attia,3,0,3
Shonston,3,0,3
Shontè,3,0,3
Shonté,3,0,3
Shontee,0,3,3
Shonteé,0,3,3
Shontiënne,3,0,3
Shonubi,3,0,3
Shoobaaye,3,0,3
Shook,0,3,3
Shook-Kwan,0,3,3
Shook-Ling,0,3,3
Shooku,0,3,3
Shoom,3,0,3
Shoona,0,3,3
Shophia,0,3,3
Shopper,3,0,3
Shora,0,3,3
Shoraima,0,3,3
Shoraina,0,3,3
Shoraine,0,3,3
Shorája,0,3,3
Shoralie,0,3,3
Shorana,0,3,3
Shorandy,3,0,3
Shorayda,0,3,3
Shordy,3,0,3
Shoreen,0,3,3
Shorellah,0,3,3
Shoren,0,3,3
Shorena,0,3,3
Shorene,0,3,3
Shoreshwan,3,0,3
Shorheh,0,3,3
Shorjin,3,0,3
Shorkar,3,0,3
Shormeh,0,3,3
Shorneta,0,3,3
Shorofsky,3,0,3
Shorombo,3,0,3
Shorona,0,3,3
Shorône,0,3,3
Shorouk,0,3,3
Shoroy,3,0,3
Shorraya,0,3,3
Shorsh,3,0,3
Shorsha,0,3,3
Shorstine,0,3,3
Shoruk,0,3,3
Shoruswin,3,0,3
Shorvienne,0,3,3
Shorviënney,0,3,3
Shorviently,3,0,3
Shorwell,3,0,3
Shosaenna,0,3,3
Shosaku,3,0,3
Shosannah,0,3,3
Shoschana,0,3,3
Shose,0,3,3
Shoshane,0,3,3
Shoshelly,0,3,3
Shoshi,3,0,3
Shoshony,3,0,3
Shosita,0,3,3
Shosja,0,3,3
Shotaro,3,0,3
Shou-Ai,0,3,3
Shou-Jeu,0,3,3
Shou-Khong,3,0,3
Shouad,3,0,3
Shoudely,0,3,3
Shouge,0,3,3
Shouguerney,0,3,3
Shouhaib,3,0,3
Shouk,0,3,3
Shouka,0,3,3
Shoukri,3,0,3
Shoukrie,3,0,3
Shoulynn,0,3,3
Shoumitro,3,0,3
Shouna,0,3,3
Shounaila,0,3,3
Shoura,0,3,3
Shouraila,0,3,3
Shòuraila,0,3,3
Shouroumbaein,0,3,3
Shourov,3,0,3
Shout,3,0,3
Shouvently,3,0,3
Shouw,3,0,3
Shouying,0,3,3
Shovainy,0,3,3
Shoval,0,3,3
Shovan,0,3,3
Shovangi,0,3,3
Shovanna,0,3,3
Shovany,3,0,3
Shovina,0,3,3
Shovita,0,3,3
Show-Ming,3,0,3
Showayna,0,3,3
Showendy,3,0,3
Showie,0,3,3
Showitha,0,3,3
Shownéé,0,3,3
Shozo,3,0,3
Shpejtim,3,0,3
Shpëndë,3,0,3
Shpendi,3,0,3
Shpetim,3,0,3
Shpinder,3,0,3
Shpres,0,3,3
Shqipdona,0,3,3
Shqipe,0,3,3
Shqiponja,0,3,3
Shqiptar,3,0,3
Shraddhadevi,0,3,3
Shraddhanjaliedebie,0,3,3
Shradhaanjali,0,3,3
Shradhanjalidevi,0,3,3
Shradhes,3,0,3
Shraesta,0,3,3
Shraiyner,3,0,3
Shrajant,3,0,3
Shrata,0,3,3
Shravanie,0,3,3
Shravankoemar,3,0,3
Shravansingh,3,0,3
Shravesh,3,0,3
Shravindath,3,0,3
Shravni,0,3,3
Shrawanidevi,0,3,3
Shrawankumar,3,0,3
Shraya,0,3,3
Shreda,0,3,3
Shredha,0,3,3
Shredhanand,3,0,3
Shree-Atie,0,3,3
Shreedevi,0,3,3
Shreedhar,3,0,3
Shreef,3,0,3
Shreejana,0,3,3
Shreejanie,0,3,3
Shreekant,3,0,3
Shreeniwas,0,3,3
Shreesanth,3,0,3
Shreeshtidevi,0,3,3
Shreeti,0,3,3
Shreevani,0,3,3
Shreja,0,3,3
Shrena,0,3,3
Shreshna,0,3,3
Shreshtha,0,3,3
Shresti,0,3,3
Shréstie,0,3,3
Shrestie,0,3,3
Shrevan,3,0,3
Shreveen,3,0,3
Shrevina,0,3,3
Shrewien,3,0,3
Shrèya,0,3,3
Shreyadebie,0,3,3
Shreyal,0,3,3
Shreyansh,3,0,3
Shreyanshi,0,3,3
Shreyanvi,0,3,3
Shreyaskar,3,0,3
Shri-Devi,0,3,3
Shri-Krishna,3,0,3
Shri-Lakshmi-Devi,0,3,3
Shri-Manwantara,0,3,3
Shri-Maya-Devi,0,3,3
Shri-Parvati-Devi,0,3,3
Shri-Sarasvati-Devi,0,3,3
Shriani,0,3,3
Shrianti,0,3,3
Shridebie,0,3,3
Shridewie,0,3,3
Shridhan,3,0,3
Shridhantpersad,3,0,3
Shridyati,0,3,3
Shrie-Dath,3,0,3
Shriedebie,0,3,3
Shriedewi,0,3,3
Shriedhar,3,0,3
Shrieff,3,0,3
Shriejan,3,0,3
Shriekanth,3,0,3
Shriekrishna,3,0,3
Shrien,0,3,3
Shrierandjanie,0,3,3
Shriesta,0,3,3
Shrieya,0,3,3
Shriffa,0,3,3
Shrifullah,3,0,3
Shrihana,0,3,3
Shrihatie,0,3,3
Shrijana,0,3,3
Shrijipriya,0,3,3
Shrikaanth,3,0,3
Shrikanth,3,0,3
Shrikeshkoemar,3,0,3
Shriladevi,0,3,3
Shrilata,0,3,3
Shrinand,3,0,3
Shrinath,3,0,3
Shrinesha,0,3,3
Shrinika,0,3,3
Shrinit,3,0,3
Shrinivas,3,0,3
Shrino,3,0,3
Shrirodinie,0,3,3
Shriroykumar,3,0,3
Shrish,3,0,3
Shrishand,3,0,3
Shrishika,0,3,3
Shrishtish,3,0,3
Shrisjaane,0,3,3
Shristika,0,3,3
Shriteshkoemar,3,0,3
Shritosh,3,0,3
Shrivaashna,0,3,3
Shrivali,0,3,3
Shrivalli,0,3,3
Shrivan,3,0,3
Shrivardhan,3,0,3
Shrivarshaniedewie,0,3,3
Shrivas,3,0,3
Shrivastry,0,3,3
Shrividija,0,3,3
Shriwaas,3,0,3
Shriwar,3,0,3
Shriwatie,0,3,3
Shriwika,0,3,3
Shriyah,0,3,3
Shriyanie,0,3,3
Shriyantra,0,3,3
Shriyash,3,0,3
Shriyati,0,3,3
Shriyen,3,0,3
Shrook,0,3,3
Shrouk,0,3,3
Shruddy,3,0,3
Shruthi,0,3,3
Shruthika,0,3,3
Shrutidevie,0,3,3
Shrutika,0,3,3
Shrutisantoshi,0,3,3
Shrutkirti,0,3,3
Shruty,0,3,3
Shryanie,0,3,3
Shryash,3,0,3
Shryenda,0,3,3
Shryshty,0,3,3
Shrysti,0,3,3
Shterna,0,3,3
Shtrojera,0,3,3
Shù,0,3,3
Shu'ab,3,0,3
Shu'aib,3,0,3
Shu'ayb,3,0,3
Shu-Andri,3,0,3
Shu-Desha,0,3,3
Shu-Dhjai'Drion,3,0,3
Shu-Engelly,0,3,3
Shu-geëny,0,3,3
Shu-Huey,0,3,3
Shu-Hui,0,3,3
Shu-Jao,3,0,3
Shu-Jay-Miron,3,0,3
Shu-jéana,0,3,3
Shu-Jing,0,3,3
Shu-Kwun,0,3,3
Shu-Long,3,0,3
Shu-qi,0,3,3
Shu-Qin,0,3,3
Shu-Rion,3,0,3
Shu-Wentely,0,3,3
Shu-wing,3,0,3
Shu-Ya,0,3,3
Shu-Yao,0,3,3
Shu-Yee,0,3,3
Shu-Yenne,0,3,3
Shuai,3,0,3
Shuaiba,0,3,3
Shuaka,3,0,3
Shuana,0,3,3
Shuandly,3,0,3
Shuandry,3,0,3
Shuandy,3,0,3
Shuang-lin,0,3,3
Shuang-Wei,0,3,3
Shuantely,0,3,3
Shubael,3,0,3
Shubair,3,0,3
Shuber,3,0,3
Shuberny,3,0,3
Shubert,3,0,3
Shubhaaskumar,3,0,3
Shubhanker,3,0,3
Shubhash,3,0,3
Shubhraj,3,0,3
Shubleen,0,3,3
Shubnum,0,3,3
Shubriet,0,3,3
Shuburney,3,0,3
Shuburny,3,0,3
Shuceeb,3,0,3
Shuchen,0,3,3
Shuchi,0,3,3
Shuciel,3,0,3
Shucrè,3,0,3
Shudai,3,0,3
Shudailex,0,3,3
Shudailey,0,3,3
Shudailis,0,3,3
Shudainy,0,3,3
Shudairickson,3,0,3
Shudairo,3,0,3
Shudaisy,0,3,3
Shudalienne,0,3,3
Shudalis,0,3,3
Shudansley,3,0,3
Shudari,0,3,3
Shudayli,0,3,3
Shudaylison,3,0,3
Shudayro,3,0,3
Shudeenely,0,3,3
Shudeep,3,0,3
Shudeika,0,3,3
Shudeney,0,3,3
Shudensly,3,0,3
Shudep,3,0,3
Shudesska,0,3,3
Shudesteny,0,3,3
Shudestiny,0,3,3
Shudewany,3,0,3
Shudi,0,3,3
Shudier,3,0,3
Shudiño,3,0,3
Shudja-ât,3,0,3
Shudmar,3,0,3
Shudonna,0,3,3
Shudrianny,0,3,3
Shudrick,3,0,3
Shudriën,0,3,3
Shudryanne,0,3,3
Shudryson,3,0,3
Shudweny,3,0,3
Shué,0,3,3
Shue-Ching,0,3,3
Shue-Yin,0,3,3
Shue-Yiu,3,0,3
Shueda,0,3,3
Shuedie,0,3,3
Shueeb,3,0,3
Shueib,3,0,3
Shuema,0,3,3
Shuên,0,3,3
Shuendra,0,3,3
Shuënly,3,0,3
Shuenriqua,0,3,3
Shuentley,3,0,3
Shuet-Yee,0,3,3
Shueta,0,3,3
Shueyb,3,0,3
Shufaa,0,3,3
Shufaat,3,0,3
Shufana,0,3,3
Shufei,0,3,3
Shufrancly,3,0,3
Shufrencely,3,0,3
Shuga,3,0,3
Shugelly,0,3,3
Shugheira,0,3,3
Shughéne,3,0,3
Shugofa,0,3,3
Shugofta,0,3,3
Shugra,0,3,3
Shugrey,3,0,3
Shugreyëlla,0,3,3
Shugri,0,3,3
Shuh,0,3,3
Shuhaib,3,0,3
Shuhailly,0,3,3
Shuhaindrie,3,0,3
Shuhainelton,3,0,3
Shuhairo,3,0,3
Shuhaiyndra,0,3,3
Shuhan,0,3,3
Shuhayni,0,3,3
Shuheiley,0,3,3
Shühena,0,3,3
Shuhendra,0,3,3
Shuhendrik,3,0,3
Shuhendry,3,0,3
Shuhensca,0,3,3
Shuhevlin,0,3,3
Shuĩ,0,3,3
Shui-Chun,3,0,3
Shui-Fat,3,0,3
Shui-Hou,3,0,3
Shui-Sam,0,3,3
Shui-Wai,3,0,3
Shui-You,3,0,3
Shuidong,3,0,3
Shuièndry,3,0,3
Shuilliard,3,0,3
Shuirelio,3,0,3
Shuja,3,0,3
Shuja-Ul-Islam,3,0,3
Shujah,3,0,3
Shujeth,0,3,3
Shuk-man,0,3,3
Shuk-Yee,0,3,3
Shũka,0,3,3
Shukainy,0,3,3
Shukaydee,0,3,3
Shukayna,0,3,3
Shukfang,0,3,3
Shuki,3,0,3
Shuko,3,0,3
Shukrie,3,0,3
Shukrije,0,3,3
Shukriyya,0,3,3
Shuku,0,3,3
Shukuru,3,0,3
Shulady,0,3,3
Shulaimagatoen,0,3,3
Shulaino,3,0,3
Shulainy,0,3,3
Shulaisha,0,3,3
Shulakshana,0,3,3
Shulakshmi,0,3,3
Shulakshni,0,3,3
Shulaksna,0,3,3
Shulamite,0,3,3
Shulammite,0,3,3
Shulayndra,0,3,3
Shulaysa,0,3,3
Shuldrendy,0,3,3
Shuleeny,3,0,3
Shuleika,0,3,3
Shulesca,0,3,3
Shuliano,3,0,3
Shulie,0,3,3
Shulien,0,3,3
Shuliëne,0,3,3
Shuliette,0,3,3
Shulij,0,3,3
Shulin,3,0,3
Shulini,0,3,3
Shulisca,0,3,3
Shulissa,0,3,3
Shuliviénca,0,3,3
Shuliviërnely,0,3,3
Shulize,0,3,3
Shulliënne,0,3,3
Shüllyenne,0,3,3
Shulokshnawatie,0,3,3
Shulton,3,0,3
Shulviënny,0,3,3
Shulyca,0,3,3
Shulyn,0,3,3
Shulyna,0,3,3
Shulysay,0,3,3
Shulyviëna,0,3,3
Shulyviënne,0,3,3
Shum,0,3,3
Shum-Kum,0,3,3
Shumaily,0,3,3
Shumana,0,3,3
Shumani,0,3,3
Shumara,0,3,3
Shumardley,3,0,3
Shumaylah,0,3,3
Shumayro,3,0,3
Shumayron,3,0,3
Shumee,0,3,3
Shumei,0,3,3
Shumeily,0,3,3
Shumelys,0,3,3
Shumil,3,0,3
Shumila,0,3,3
Shumilia,0,3,3
Shumini,0,3,3
Shuminnar,0,3,3
Shumintra,0,3,3
Shumira,0,3,3
Shumiree,0,3,3
Shumona,0,3,3
Shumone,0,3,3
Shumsdin,3,0,3
Shun-Jin,3,0,3
Shun-Kang,3,0,3
Shun-Wing,0,3,3
Shun-Yuen,3,0,3
Shuna,0,3,3
Shunailis,0,3,3
Shunaily,0,3,3
Shunailys,0,3,3
Shunailyze,0,3,3
Shunairo,3,0,3
Shunairy,0,3,3
Shunairyson,3,0,3
Shunaisa,0,3,3
Shunaisca,0,3,3
Shunaisey,0,3,3
Shunaiysa,0,3,3
Shunaris,0,3,3
Shunarly,0,3,3
Shunarys,0,3,3
Shunaya,0,3,3
Shunayna,0,3,3
Shünayra,0,3,3
Shunayra,0,3,3
Shunaysha,0,3,3
Shunayska,0,3,3
Shundean,0,3,3
Shundell,0,3,3
Shundreyline,0,3,3
Shundry,3,0,3
Shuneida,0,3,3
Shunella,0,3,3
Shunelli,0,3,3
Shunelly,0,3,3
Shunéra,0,3,3
Shunesca,0,3,3
Shunessa,0,3,3
Shunet,0,3,3
Shuneysha,0,3,3
ShunFa,3,0,3
Shungo,3,0,3
Shunhaily,0,3,3
Shunhua,0,3,3
Shuni,3,0,3
Shûnia,3,0,3
Shunigel,3,0,3
Shunika,0,3,3
Shunil,3,0,3
Shunila,0,3,3
Shunique,0,3,3
Shunmy,3,0,3
Shunnancely,0,3,3
Shunnar,3,0,3
Shunowy,0,3,3
Shunrui,3,0,3
Shunshun,0,3,3
Shunyata,0,3,3
Shunyi,0,3,3
Shunying,0,3,3
Shunyo,3,0,3
Shunyu,3,0,3
Shuò,3,0,3
Shuö-lin,3,0,3
Shuoen,3,0,3
Shupi,0,3,3
Shuqair,3,0,3
Shuquently,3,0,3
Shur,3,0,3
Shur'naishelo,3,0,3
Shur-Bertha,0,3,3
Shur-Chanteley,0,3,3
Shur-Ishe,0,3,3
Shur-mariënne,0,3,3
Shur-Nayseline,0,3,3
Shur-Qion,3,0,3
Shur-Quisha,0,3,3
Shur-Viënshka,0,3,3
Shurachani,0,3,3
Shuradyenne,0,3,3
Shuraëgeald,3,0,3
Shuraëld,3,0,3
Shuraëldly,3,0,3
Shuraëlyson,3,0,3
Shuraëthald,3,0,3
Shuragna,0,3,3
Shuraicha,0,3,3
Shuraichalynn,0,3,3
Shuraida,0,3,3
Shuraigel,3,0,3
Shurailey,3,0,3
Shurailys,0,3,3
Shurain,3,0,3
Shurainel,3,0,3
Shuraini,0,3,3
Shurainys,0,3,3
Shuraisel,3,0,3
Shuraishel,3,0,3
Shuraiska,0,3,3
Shuraismen,3,0,3
Shuraj,3,0,3
Shurakshana,0,3,3
Shuraldia,0,3,3
Shuralys,0,3,3
Shuramayca,0,3,3
Shuramley,3,0,3
Shuramy,3,0,3
Shuran,0,3,3
Shurana,0,3,3
Shurancy,3,0,3
Shurandania,0,3,3
Shurandell,3,0,3
Shurandey,3,0,3
Shurandie,3,0,3
Shurando,3,0,3
Shurani,3,0,3
Shurania,0,3,3
Shuranie,0,3,3
Shuranthony,3,0,3
Shurantly,3,0,3
Shuraoulvion,3,0,3
Shurashna,0,3,3
Shurayai,0,3,3
Shurayb,3,0,3
Shuraydell,3,0,3
Shuraydjén,3,0,3
Shuraylon,3,0,3
Shuraymi,3,0,3
Shurayno,3,0,3
Shurâyon,3,0,3
Shurbert,3,0,3
Shurchanteley,0,3,3
Shurclaytely,0,3,3
Shurdailies,0,3,3
Shurdaily,0,3,3
Shurdain,3,0,3
Shurdaively,3,0,3
Shurdalys,0,3,3
Shurdangelo,3,0,3
Shurdarmey,3,0,3
Shurdaviron,3,0,3
Shurdaylika,0,3,3
Shurdayline,0,3,3
Shurdelein,0,3,3
Shurdelia,0,3,3
Shurdelisa,0,3,3
Shurden,3,0,3
Shurdenis,0,3,3
Shurdenise,0,3,3
Shurdeny,3,0,3
Shurdeweni,3,0,3
Shurdeylis,0,3,3
Shurdeyno,3,0,3
Shurdeyshely,0,3,3
Shurdiamendrion,3,0,3
Shurdianney,0,3,3
Shurdimar,3,0,3
Shurdinaylee,0,3,3
Shurdino,3,0,3
Shurdiolyx,3,0,3
Shurdjénell,3,0,3
Shurdjiano,3,0,3
Shurdrilenys,0,3,3
Shurdry-Ano,3,0,3
Shurdwayni,3,0,3
Shure,3,0,3
Shurealy,3,0,3
Shureandhery,3,0,3
Shurecy,0,3,3
Shuredion,3,0,3
Shuredyean,3,0,3
Shuredyson,3,0,3
Shureisa,0,3,3
Shurek,3,0,3
Shurelda,0,3,3
Shurèlee,0,3,3
Shurelgin,3,0,3
Shurellvin,3,0,3
Shuremsly,3,0,3
Shurenathy,0,3,3
Shurendey,3,0,3
Shurendinho,3,0,3
Shurendrik,3,0,3
Shurendry,3,0,3
Shurendsley,3,0,3
Shurendtley,3,0,3
Shurendy-Junior,3,0,3
Shureni,3,0,3
Shurenio,3,0,3
Shurennickson,3,0,3
Shureno,3,0,3
Shurensel,3,0,3
Shurensio,3,0,3
Shurent,3,0,3
Shuresdy,0,3,3
Shureska,0,3,3
Shuresley,0,3,3
Shuresmar,3,0,3
Shureysa,0,3,3
Shurfayenne,0,3,3
Shurffantly,3,0,3
Shurgelis,0,3,3
Shurgèllo,3,0,3
Shurgèlly,0,3,3
Shurgelly,0,3,3
Shurgen,3,0,3
Shurginailys,0,3,3
Shurgino,3,0,3
Shurginyo,3,0,3
Shurgrelon,3,0,3
Shurgrenska,0,3,3
Shurgrensley,3,0,3
Shurgreylies,0,3,3
Shurgreynelies,0,3,3
Shurhaisa,0,3,3
Shurhelly,0,3,3
Shuri,0,3,3
Shuri-anne,0,3,3
Shuriana,0,3,3
Shurianty,0,3,3
Shurichelmar,3,0,3
Shurielette,0,3,3
Shuriëlla,0,3,3
Shuriëlledy,0,3,3
Shuriën,3,0,3
Shurillio,3,0,3
Shurimaiska,0,3,3
Shuriñanka,0,3,3
Shurinay,0,3,3
Shurisha,0,3,3
Shurishka,0,3,3
Shuriviën,3,0,3
Shurivienely,0,3,3
Shuriviënka,0,3,3
Shuriviënne,0,3,3
Shurivienshely,0,3,3
Shurivióna,0,3,3
Shurjadwin,3,0,3
Shurjandelies,0,3,3
Shurjayon,3,0,3
Shurjen,0,3,3
Shurkeylian,3,0,3
Shurl,3,0,3
Shurlainy,0,3,3
Shurleandrey,3,0,3
Shurleany,0,3,3
Shurleen,0,3,3
Shurley-Ann,0,3,3
Shurlie,0,3,3
Shurlimar,3,0,3
Shürlion,3,0,3
Shurlis,0,3,3
Shurliy,0,3,3
Shurliyandra,0,3,3
Shurliyean,0,3,3
Shurlyean,0,3,3
Shurlyviëne,0,3,3
Shurmahaily,0,3,3
Shurmailys,0,3,3
Shurmain,3,0,3
Shurmainsly,3,0,3
Shurmaishel,0,3,3
Shurmaline,0,3,3
Shurmarensly,3,0,3
Shurmaro,3,0,3
Shurmarrella,0,3,3
Shurmaryon,3,0,3
Shurmayron,3,0,3
Shurmelie,0,3,3
Shurmell,3,0,3
Shurmenne,0,3,3
Shurment,3,0,3
Shurmicgiëndy,3,0,3
Shurmilany,0,3,3
Shurmina,0,3,3
Shurmund,3,0,3
Shurmur,3,0,3
Shurna,0,3,3
Shurnadien,0,3,3
Shurnafthaly,0,3,3
Shurnaigelo,3,0,3
Shurnaijel,3,0,3
Shurnaijulliene,0,3,3
Shurnailis,0,3,3
Shurnailly,0,3,3
Shurnaisa,0,3,3
Shurnaively,0,3,3
Shurnaleecxia,0,3,3
Shurnalénys,0,3,3
Shurnalie,0,3,3
Shurnalis,0,3,3
Shurnalisa,0,3,3
Shurnalise,0,3,3
Shurnalydiën,0,3,3
Shurnalys,0,3,3
Shurnarelis,0,3,3
Shurnato,3,0,3
Shurnaylis,0,3,3
Shurnayo,3,0,3
Shurneiro,3,0,3
Shurnell,3,0,3
Shurnella,0,3,3
Shurney,3,0,3
Shurnic,3,0,3
Shurnivienne,3,0,3
Shurniyaila,0,3,3
Shurny,3,0,3
Shurodeny,3,0,3
Shurong,0,3,3
Shurquansley,3,0,3
Shurqueeneelys,0,3,3
Shurquensy,3,0,3
Shurquiño,3,0,3
Shurrandy,3,0,3
Shurray,0,3,3
Shurraylis,0,3,3
Shurrelly,0,3,3
Shurrendly,3,0,3
Shurrensly,3,0,3
Shurrylena,0,3,3
Shurrysaidely,0,3,3
Shurryvien,0,3,3
Shursylvaine,3,0,3
Shurth,3,0,3
Shurtiënne,3,0,3
Shurtney,3,0,3
Shurton,3,0,3
Shurty,3,0,3
Shuruënaty,0,3,3
Shuruendley,3,0,3
Shuruengelo,3,0,3
Shurvainly,0,3,3
Shurvaino,3,0,3
Shurvannia,0,3,3
Shurveer,3,0,3
Shurvelsy,3,0,3
Shurven,3,0,3
Shurvendi,3,0,3
Shurvene,0,3,3
Shurvengelo,3,0,3
Shurvey,3,0,3
Shurvianca,0,3,3
Shurviano,3,0,3
Shurviël,3,0,3
Shurviely,0,3,3
Shurviëne,0,3,3
Shurviengelo,3,0,3
Shurvienka,0,3,3
Shurviennethy,0,3,3
Shurviënska,0,3,3
Shurvienteley,0,3,3
Shurviëtte,0,3,3
Shurvinio,3,0,3
Shurvjany,0,3,3
Shurvjen,0,3,3
Shurwendel,3,0,3
Shurwendell,3,0,3
Shurwendrich,3,0,3
Shurwensley,3,0,3
Shurwentley,3,0,3
Shurwently,3,0,3
Shurweny,3,0,3
Shurwina,0,3,3
Shurwing,3,0,3
Shurwir,3,0,3
Shury,3,0,3
Shuryandra,0,3,3
Shuryjano,3,0,3
Shurzinio,3,0,3
Shurzjen,3,0,3
Shusaku,3,0,3
Shusama,0,3,3
Shusanty,0,3,3
Shuseel,3,0,3
Shushadha,0,3,3
Shushana,0,3,3
Shushant,3,0,3
Shushantidevi,0,3,3
Shusheela,0,3,3
Shushilkapoer,3,0,3
Shushilla,0,3,3
Shushmadebie,0,3,3
Shushmadevi,0,3,3
Shushmina,0,3,3
Shusmadebie,0,3,3
Shusmadevie,0,3,3
Shusmadewi,0,3,3
Shusmitadevi,0,3,3
Shusmitta,0,3,3
Shuson,3,0,3
Shusuel,3,0,3
Shut,0,3,3
Shutalia,0,3,3
Shuthurley,3,0,3
Shuting,0,3,3
Shutra,0,3,3
Shuu,3,0,3
Shuud,0,3,3
Shuun,0,3,3
Shuvaï,0,3,3
Shuvanna,0,3,3
Shuvarnadevie,0,3,3
Shuvegelon,3,0,3
Shuvëldro,3,0,3
Shuveliändro,3,0,3
Shuventely,0,3,3
Shuviëna,0,3,3
Shuviengelo,3,0,3
Shuviënity,0,3,3
Shuviënny,0,3,3
Shuvienny,0,3,3
Shuvientely,0,3,3
Shuviëny,0,3,3
Shuvon,3,0,3
Shuvra,0,3,3
Shuwana,0,3,3
Shuwanda,0,3,3
Shuwane,0,3,3
Shuwasthikadevi,0,3,3
Shuwayna,0,3,3
Shuwbani,0,3,3
Shuwei,0,3,3
Shuwell,3,0,3
Shuwella,0,3,3
Shuwély,0,3,3
Shuwendell,3,0,3
Shuwendlick,3,0,3
Shuwendly,0,3,3
Shuwendra,0,3,3
Shuwendrick,3,0,3
Shüwendrick,3,0,3
Shuwene,0,3,3
Shuwenelly,0,3,3
Shuwenirey,0,3,3
Shuwenka,0,3,3
Shuwensheley,0,3,3
Shuwensley,3,0,3
Shuwentley,3,0,3
Shuwently,3,0,3
Shuwilliën,3,0,3
Shuxiao,0,3,3
Shuxuan,0,3,3
Shuyan,0,3,3
Shuyao,0,3,3
Shuyendrick,3,0,3
Shuying,0,3,3
Shuyun,0,3,3
Shuzandy,0,3,3
Shvaathi,0,3,3
Shvastika,0,3,3
Shvathmigah,0,3,3
Shveeta,0,3,3
Shvita,0,3,3
Shwanna,0,3,3
Shwatish,3,0,3
Shwayam,3,0,3
Shwayambhoe,3,0,3
Shwe,3,0,3
Shweb,3,0,3
Shweeb,3,0,3
Shweeta,0,3,3
Shwendel,3,0,3
Shwendeline,0,3,3
Shwèta,0,3,3
Shwetaan,3,0,3
Shwetika,0,3,3
Shwetlana,0,3,3
Shwetta-Shamlie,0,3,3
Shwit,0,3,3
Shwu,0,3,3
Shy'hiem,3,0,3
Shy-én,3,0,3
Shy-jenteli,0,3,3
Shy-Lynn,3,0,3
Shy-Reace,3,0,3
Shya-linn,0,3,3
Shyah,0,3,3
Shyama-Vinodini,0,3,3
Shyamakumari,0,3,3
Shyamananda,3,0,3
Shyamanandsingh,3,0,3
Shyamanupam,3,0,3
Shyamapriya,0,3,3
Shyamilawatie,0,3,3
Shyamini,0,3,3
Shyamkisoor,3,0,3
Shyamkumar,3,0,3
Shyamlata,0,3,3
Shyamlee,0,3,3
Shyamnarain,3,0,3
Shyamprakash,3,0,3
Shyamylio,3,0,3
Shyand,3,0,3
Shyandria,0,3,3
Shyandro,3,0,3
Shyangel,0,3,3
Shyangelles,0,3,3
Shyannah,0,3,3
Shyant,3,0,3
Shyantha,0,3,3
Shyar,3,0,3
Shyareng,3,0,3
Shyck,3,0,3
Shyda,0,3,3
Shydah,0,3,3
Shydainy,0,3,3
Shydea,0,3,3
Shydee,0,3,3
Shydion,3,0,3
Shyeanne,0,3,3
Shyeedàh,0,3,3
Shyëim,3,0,3
Shyel,0,3,3
Shyell,0,3,3
Shyeme,3,0,3
Shyeni,0,3,3
Shyennety,0,3,3
Shyenta,0,3,3
Shyer,3,0,3
Shyfaro,3,0,3
Shyfrah,0,3,3
Shyhab,3,0,3
Shyhanaz,0,3,3
Shyhiem,3,0,3
Shyjenda,0,3,3
Shyke,0,3,3
Shykira,0,3,3
Shylance,3,0,3
Shylanda,0,3,3
Shylann,0,3,3
Shylayla,0,3,3
Shyleen,0,3,3
Shyleena,0,3,3
Shylendra,3,0,3
Shylène,0,3,3
Shylene,0,3,3
Shyléne,0,3,3
Shyles,3,0,3
Shyley,0,3,3
Shylha,0,3,3
Shylie,0,3,3
Shylien,0,3,3
Shylinder,3,0,3
Shylindra,3,0,3
Shyline,0,3,3
Shylini,0,3,3
Shylisha,0,3,3
Shylla,0,3,3
Shyllice,0,3,3
Shyloh-Mae,0,3,3
Shyloh-Rose,0,3,3
Shylon,0,3,3
Shylynn,0,3,3
Shymani,0,3,3
Shymene,0,3,3
Shymène,0,3,3
Shymerhelys,0,3,3
Shymo,0,3,3
Shymoli,0,3,3
Shymon,3,0,3
Shymran,0,3,3
Shynaira,0,3,3
Shynali,0,3,3
Shyneal,3,0,3
Shynewa,0,3,3
Shyng,3,0,3
Shynira,0,3,3
Shynis,0,3,3
Shynisa,0,3,3
Shynita,0,3,3
Shynodah,3,0,3
Shynomi,0,3,3
Shynon,3,0,3
Shynova,0,3,3
Shyomara,0,3,3
Shyona,0,3,3
Shyporah,0,3,3
Shyqri,3,0,3
Shyquene,0,3,3
Shyrah,0,3,3
Shyrain,0,3,3
Shyraine,0,3,3
Shyran,3,0,3
Shyrana,0,3,3
Shyrani,0,3,3
Shyrania,0,3,3
Shyreena,0,3,3
Shyrena,0,3,3
Shyrendel,3,0,3
Shyrene,0,3,3
Shyrla,0,3,3
Shyroh,3,0,3
Shyromanie,0,3,3
Shyrona-Lane,0,3,3
Shyrone,3,0,3
Shyronn,3,0,3
Shyrvano,3,0,3
Shyryl,0,3,3
Shysatis,0,3,3
Shytal,0,3,3
Shyuan,0,3,3
Shyva,0,3,3
Shyvai-Lee,0,3,3
Shyvaineley,0,3,3
Shyvaino,3,0,3
Shyvairo,3,0,3
Shyvanee,0,3,3
Shyvanna,0,3,3
Shyvannie,3,0,3
Shyvaughna,0,3,3
Shyvensley,3,0,3
Shyviana,0,3,3
Shyvièro,3,0,3
Shyvina,0,3,3
Shyvish,3,0,3
Shyvonne,0,3,3
Shywanie,0,3,3
Shywastamie,0,3,3
Shyzelle,0,3,3
Shzaid,3,0,3
Shæ,3,0,3
ShÆnna,0,3,3
Si'Angely,0,3,3
Si'jayh,3,0,3
Si'jayleigh-ann,0,3,3
Sí-Anna,0,3,3
Si-Bram,3,0,3
Si-Ching,3,0,3
Si-Chun,3,0,3
Si-Chung,3,0,3
Si-Engelo,3,0,3
Si-Hao,3,0,3
Si-Jayden,3,0,3
Si-Jing,0,3,3
Si-La,0,3,3
Si-Lai,0,3,3
Si-Li,3,0,3
Si-Ling,0,3,3
Sî-man,3,0,3
Si-man,0,3,3
Si-nio,0,3,3
Si-Shuai,3,0,3
Si-Tong,0,3,3
Si-Tsin,3,0,3
Si-Weng,0,3,3
Si-Wing,0,3,3
Si-Yan,0,3,3
Si-Yuan,0,3,3
Si-Yung,0,3,3
Si-yung,0,3,3
Sia'Reall,0,3,3
Sia-Layna,0,3,3
Sia-Yako,3,0,3
Siacob,3,0,3
Siad,3,0,3
Siade,3,0,3
Siado,3,0,3
Siafra,0,3,3
Siafu,0,3,3
Siago,3,0,3
Siahna,0,3,3
Siahrwanda,0,3,3
Siak,3,0,3
Siaka,3,0,3
Sialala,3,0,3
Siallagan,0,3,3
Sialo,3,0,3
Sialoh,3,0,3
Sialto,3,0,3
Siama,0,3,3
Siamani,3,0,3
Siamchai,3,0,3
Siamcharan,3,0,3
Siame,0,3,3
Siameliz,0,3,3
Siamkoemar,3,0,3
Sïan,0,3,3
Sian-Nio,0,3,3
Sian-Ying,0,3,3
Siána,0,3,3
Siana-Sage,0,3,3
Sianah,0,3,3
Sianäisa,0,3,3
Sianan,3,0,3
Sianara,0,3,3
Siandiego,3,0,3
Siandy,0,3,3
Siandylin,0,3,3
Siâne,0,3,3
Sianeh,0,3,3
Sianellyne,0,3,3
Sianette,0,3,3
Sianey,3,0,3
Siang-Lan,0,3,3
Siang-Yen,0,3,3
Siang-Yu,3,0,3
Siangelo,3,0,3
Siangfu,3,0,3
Siangmang,3,0,3
Sianie,0,3,3
Sianiette,0,3,3
Sïanna,0,3,3
Siannah,0,3,3
Siannie,0,3,3
Sïanno,3,0,3
Sianno,3,0,3
Siannon,0,3,3
Sianti,3,0,3
Sianyloe,0,3,3
Siao-Lan,0,3,3
Siao-Lung,3,0,3
Siapo,3,0,3
Siaqa,0,3,3
Siaraa,0,3,3
Siaram,3,0,3
Siari,3,0,3
Siariviangela,0,3,3
Siaro,3,0,3
Siary-Ann,0,3,3
Siaska,0,3,3
Siau-Jen,0,3,3
Siau-Long,3,0,3
Siau-Ping,3,0,3
Siaunanu,0,3,3
Siavosh,3,0,3
Siawaash,3,0,3
Siayla,0,3,3
Siaz,3,0,3
Sibadich,3,0,3
Sibaldina,0,3,3
Sibalt,3,0,3
Siban,3,0,3
Sibarandoes,3,0,3
Sibarani,3,0,3
Sibba,0,3,3
Sibbalina,0,3,3
Sibbedinus,3,0,3
Sibbejan,3,0,3
Sibbelia,0,3,3
Sibbeliene,0,3,3
Sibbeltina,0,3,3
Sibbelyke,0,3,3
Sibbert,3,0,3
Sibbertus,3,0,3
Sibbie,0,3,3
Sibbil,0,3,3
Sibbilla,3,0,3
Sibbillina,0,3,3
Sibbyla,3,0,3
Sibbylla,0,3,3
Sibé,0,3,3
Sibelay,0,3,3
Sibèle,0,3,3
Sibélia,0,3,3
Sibeline,0,3,3
Sibell,0,3,3
Sibellina,0,3,3
Sibelly,0,3,3
Sibély,0,3,3
Sibelys,0,3,3
Siberen,3,0,3
Siberich,0,3,3
Sibern,3,0,3
Siberth,3,0,3
Siberti,0,3,3
Sibertie,0,3,3
Sibgatullah,3,0,3
Sibgha,0,3,3
Sibia,3,0,3
Sibian,3,0,3
Sibiena,0,3,3
Sibier,3,0,3
Sibile,0,3,3
Sibilia,0,3,3
Sibilina,0,3,3
Sibilius,3,0,3
Sibilline,0,3,3
Sibinus,3,0,3
Sibirian,3,0,3
Sibiriana,0,3,3
Sibisi,0,3,3
Sibiya,0,3,3
Sibje,0,3,3
Sibko,3,0,3
Siboga,3,0,3
Sibolda,0,3,3
Siboldina,0,3,3
Siboldt,3,0,3
Siboltdina,0,3,3
Sibolte,0,3,3
Siboltina,0,3,3
Sibon,3,0,3
Siboney,3,0,3
Sibor,3,0,3
Siborah,0,3,3
Sibori,3,0,3
Siboubker,3,0,3
Siboud,3,0,3
Sibrân,3,0,3
Sibrandine,0,3,3
Sibrano,3,0,3
Sibrany,0,3,3
Sibrechje,0,3,3
Sibrechta,0,3,3
Sibregt,0,3,3
Sibregtje,0,3,3
Sibrenda,0,3,3
Sibrenna,0,3,3
Sibrian,3,0,3
Sibricht,0,3,3
Sibriena,0,3,3
Sibrigdiena,0,3,3
Sibrigina,0,3,3
Sibrik,3,0,3
Sibrin,3,0,3
Sibrine,0,3,3
Sibrinne,0,3,3
Sibrita,0,3,3
Sibson,0,3,3
Sibsurak,3,0,3
Sibuor,3,0,3
Siburg,3,0,3
Sibylina,0,3,3
Sibyll,3,0,3
Sibylline,0,3,3
Sicardus,3,0,3
Sicayley,3,0,3
Sicca,0,3,3
Siccello,3,0,3
Sicco-Jan,3,0,3
Sicco-Peter,3,0,3
Sicelo,3,0,3
Sicely,0,3,3
Sicerea,0,3,3
Sichelle,0,3,3
Sichen,0,3,3
Sichiandrick,3,0,3
Sichildis,0,3,3
Sichobertha,0,3,3
Sichriph,3,0,3
Sicilh,3,0,3
Sicilianette,0,3,3
Siciliano,3,0,3
Sicilla,0,3,3
Sicilli,0,3,3
Sicillio,3,0,3
Sicilly,0,3,3
Sicilno,3,0,3
Siclinde,0,3,3
Sicline,0,3,3
Sicmar,3,0,3
Sicnarf,3,0,3
Sictus,3,0,3
Sidaani,3,0,3
Sidach,3,0,3
Sidad,3,0,3
Sidalí,3,0,3
Sidameth,3,0,3
Sidan,3,0,3
Sidané,3,0,3
Sidano,3,0,3
Sidartawan,3,0,3
Sidath,3,0,3
Sidda,0,3,3
Siddalee,0,3,3
Siddanth,3,0,3
Siddarta,3,0,3
Siddarthatjander,3,0,3
Siddeeq,3,0,3
Siddeq,0,3,3
Siddesh,3,0,3
Siddeshwaree,0,3,3
Siddhaantya,0,3,3
Siddhaarth,3,0,3
Siddhan,3,0,3
Siddhārtha,3,0,3
Siddharthkoemar,3,0,3
Siddheshwari,0,3,3
Siddhesweri,0,3,3
Siddhidatri,0,3,3
Siddhiksha,0,3,3
Siddhraj,3,0,3
Siddieqa,0,3,3
Siddig,0,3,3
Siddiq-Shahmirbakhshi,3,0,3
Siddiqie,0,3,3
Siddirupa,3,0,3
Siddiyka,0,3,3
Siddra,0,3,3
Sidell,3,0,3
Sidelle-Siërra,0,3,3
Sidenely,0,3,3
Sidenia,0,3,3
Sideria,0,3,3
Siderova,0,3,3
Sidevi,0,3,3
Sidewi,0,3,3
Sidha,3,0,3
Sidhaan,3,0,3
Sidhaart,3,0,3
Sidhan,3,0,3
Sidhantsingh,3,0,3
Sidhar,3,0,3
Sidharshnie,0,3,3
Sidhartha,3,0,3
Sidhartha-Mukesh,3,0,3
Sidhe,0,3,3
Sidhes,3,0,3
Sidheshwar,3,0,3
Sidheswarprakash,3,0,3
Sidhhidatri,0,3,3
Sidhiedatrie,0,3,3
Sidhra,0,3,3
Sidhrah,0,3,3
Sidi-Mohamed,3,0,3
Sidiali,3,0,3
Sidianthiny,0,3,3
Sidibé,0,3,3
Sıdıdyka,0,3,3
Sidie,3,0,3
Sidiëny,0,3,3
Sidiga,0,3,3
Sidigha,0,3,3
Sidija,3,0,3
Sıdıkanur,0,3,3
Sidikh,3,0,3
Sidimohamed,3,0,3
Sidion,3,0,3
Sidionley,3,0,3
Sidiorn,3,0,3
Sidiqa,0,3,3
Sidiyanto,3,0,3
Sidjah,0,3,3
Sidjano,3,0,3
Sidjay,3,0,3
Sıdk-ı,3,0,3
Sidki,3,0,3
Sıdkı,3,0,3
Sidley,3,0,3
Sidliano,3,0,3
Sidmyl,3,0,3
Sidnailys,0,3,3
Sidnay,3,0,3
Sidnaylice,0,3,3
Sidney-Jay,3,0,3
Sidney-Joy,3,0,3
Sidney-Owen,3,0,3
Sidney-Vialli,3,0,3
Sido-Jan,3,0,3
Sido-Marie,3,0,3
Sidoel,3,0,3
Sidoeri,0,3,3
Sidoï,3,0,3
Sidomar,3,0,3
Sidonnie,0,3,3
Sidonya,0,3,3
Sidora,0,3,3
Sidorela,0,3,3
Sidqiyya-banu,0,3,3
Sidraa,0,3,3
Sidranta,0,3,3
Sidrenil,0,3,3
Sidret,0,3,3
Sidrey,3,0,3
Sidrh,0,3,3
Sidri,3,0,3
Sidrick,3,0,3
Sidriënne,0,3,3
Sidrik,3,0,3
Sidrit,3,0,3
Sidryline,0,3,3
Sidrynouschka,0,3,3
Sidse,0,3,3
Sidsel,0,3,3
Sidshon,3,0,3
Sidus,3,0,3
Sidvyro,3,0,3
Sidwas,3,0,3
Sidyana,0,3,3
Sidylla,0,3,3
Sidyson,3,0,3
Sié,3,0,3
Sie-Ching,0,3,3
Sie-Hang,3,0,3
Sie-Hioeng,3,0,3
Sie-Joen,3,0,3
Sie-Khit,3,0,3
Sie-Kjong,3,0,3
Sie-Lai,0,3,3
Sie-Maan,0,3,3
Sie-man,0,3,3
Sie-Moi,3,0,3
Sie-Mun,0,3,3
Sie-sie,0,3,3
Sie-Wan,0,3,3
Sie-Yue,3,0,3
Sieä,0,3,3
Sieanna,0,3,3
Sieanne,0,3,3
Siear,3,0,3
Siebald,3,0,3
Siebastiaan,3,0,3
Siebastian,3,0,3
Siebe-Dirk,3,0,3
Siebe-Douwe,3,0,3
Siebe-Gerard,3,0,3
Siebe-Ietsen,3,0,3
Siebe-Joris,3,0,3
Siebe-Stijn,3,0,3
Siebe-Wim,3,0,3
Siebeä,0,3,3
Siebeke,0,3,3
Siebela,0,3,3
Siebele,3,0,3
Siebelien,0,3,3
Siebeliena,0,3,3
Siebelientje,0,3,3
Siebels,3,0,3
Siebem,3,0,3
Siebend,3,0,3
Siebenna,0,3,3
Sieberchien,0,3,3
Sieberdien,0,3,3
Sieberdine,0,3,3
Sieberdinus,3,0,3
Sieberig,0,3,3
Sieberin,3,0,3
Sieberinus,3,0,3
Siebern,3,0,3
Sieberthus,3,0,3
Siebertina,0,3,3
Siebertine,0,3,3
Siebeth,0,3,3
Siebiene,0,3,3
Siebile,3,0,3
Siebilla,0,3,3
Siebje,0,3,3
Sieboldien,0,3,3
Siebong,3,0,3
Siebony,0,3,3
Sieboud,3,0,3
Siebrand-Jan,3,0,3
Siebrande,0,3,3
Siebrandia,0,3,3
Siebrands,3,0,3
Siebregt,3,0,3
Siebregta,0,3,3
Siebren-Auke,3,0,3
Siebren-Harm,0,3,3
Siebrène,0,3,3
Siebrent,3,0,3
Siebrica,0,3,3
Siebricht,0,3,3
Siebrichtje,0,3,3
Siebriegina,0,3,3
Siebriene,0,3,3
Siebrigine,0,3,3
Siebrigjen,0,3,3
Siebrigtje,0,3,3
Siebrith,0,3,3
Siebritha,0,3,3
Sieburgh,0,3,3
Siebylla,0,3,3
Siebylle,0,3,3
Siecher,3,0,3
Siechildis,0,3,3
Sieddhartha,3,0,3
Sieder,3,0,3
Siedina,0,3,3
Siédo,3,0,3
Siedokus,3,0,3
Siedonia,0,3,3
Siedow,3,0,3
Siedre,0,3,3
Siedsko,3,0,3
Siedy,3,0,3
Siedze,3,0,3
Siefajet,3,0,3
Siefawny,0,3,3
Siefe,3,0,3
Sieferin,3,0,3
Sieffie,0,3,3
Siefina,0,3,3
Siefka,0,3,3
Siefkes,3,0,3
Siefkina,0,3,3
Siefra,0,3,3
Siefridus,3,0,3
Siefried,3,0,3
Siefu,3,0,3
Siegaberta,0,3,3
Siegabertha,0,3,3
Siegebertes,3,0,3
Siegebertine,0,3,3
Siegel,3,0,3
Siegelinde,0,3,3
Sieger-Jan,3,0,3
Sieger-Willem,3,0,3
Siegereta,0,3,3
Siegerik,0,3,3
Siegerlinde,0,3,3
Siegfraina,0,3,3
Siegfred,3,0,3
Siegfriedd,3,0,3
Siegfriedszoon,3,0,3
Siegfriën,3,0,3
Siegfriet,3,0,3
Sieggy,3,0,3
Sieghard,0,3,3
Siegharda,0,3,3
Sieghild,0,3,3
Siegi,0,3,3
Siegiano,3,0,3
Siegine,0,3,3
Siegiñho,3,0,3
Siegismund,3,0,3
Siegje,0,3,3
Sieglen,0,3,3
Sieglieon,3,0,3
Sieglinde-Ute,0,3,3
Siegling,0,3,3
Sieglon,3,0,3
Siegmaira,0,3,3
Siegman,3,0,3
Siegmare,3,0,3
Siegmaria,0,3,3
Siegmayron,3,0,3
Siegmien,0,3,3
Siegmon,3,0,3
Siegmona,0,3,3
Siegmonda,0,3,3
Siegmŭnd,3,0,3
Siegnaila,0,3,3
Siegnailley,0,3,3
Siegnella,0,3,3
Siegnoerka,0,3,3
Siegnouly,0,3,3
Siegré,0,3,3
Siegurd,3,0,3
Siegward,3,0,3
Siegwin,3,0,3
Siegzainery,0,3,3
Siehanna,0,3,3
Siehero,3,0,3
Siehpapaj,0,3,3
Sieiro,0,3,3
Siejac,3,0,3
Siejal,3,0,3
Siejanne,0,3,3
Siejeferney,0,3,3
Siejelaney,3,0,3
Siejenn,0,3,3
Siejomara,0,3,3
Siejorney,3,0,3
Siekandar,3,0,3
Siekander,3,0,3
Siekeliena,0,3,3
Siekhsha-Devi,0,3,3
Siekiena,0,3,3
Siël,0,3,3
Sieladon,3,0,3
Sielbertina,0,3,3
Sieldra,0,3,3
Sielendya,0,3,3
Sielfa,3,0,3
Siëlfi,0,3,3
Sielhanna,0,3,3
Sieli,0,3,3
Sielina,0,3,3
Sieljamar,3,0,3
Siëll,3,0,3
Siëlla,0,3,3
Siëlo,0,3,3
Sielochnakumarie,0,3,3
Sielta,0,3,3
Sieltangelie,0,3,3
Sielvana,0,3,3
Sielyne,0,3,3
Sièm,3,0,3
Siem-Menno,3,0,3
Siemaab,3,0,3
Siemar,0,3,3
Siembrandus,3,0,3
Siemco,3,0,3
Siemee,0,3,3
Siemel,0,3,3
Siemer,3,0,3
Siemertje,0,3,3
Siemian,3,0,3
Siemielie,0,3,3
Siemion,3,0,3
Siemjoeroe,3,0,3
Siemkjen,0,3,3
Siemla,0,3,3
Siemme,3,0,3
Siemondina,0,3,3
Siemonette,0,3,3
Siemonia,0,3,3
Siemonne,0,3,3
Siemonnetta,0,3,3
Siemons,3,0,3
Siempen,0,3,3
Siempkje,0,3,3
Siempre,3,0,3
Siemre,3,0,3
Siemren,0,3,3
Siemsoeifong,0,3,3
Siemta,0,3,3
Siemy-Anne,0,3,3
Sièn,0,3,3
Sien-Ching,0,3,3
Sien-Dhon,0,3,3
Sien-Fa,3,0,3
Sien-Hauw,3,0,3
Sien-Jie,0,3,3
Sien-Jien,0,3,3
Sien-Lam,0,3,3
Sien-Tjauw,0,3,3
Sien-Wai,0,3,3
Sien-Yee,0,3,3
Sien-Yi,0,3,3
Siêna,0,3,3
Siéna,0,3,3
Siena-Anne,0,3,3
Siena-Jane,0,3,3
Siena-Rika,0,3,3
Siena-Sofia,0,3,3
Sienaath,0,3,3
Sienan,3,0,3
Sienard,3,0,3
Sienaya,0,3,3
Sienco,3,0,3
Siendhoe,3,0,3
Siendjo,0,3,3
Siène,0,3,3
Siëne,0,3,3
Siénéad,0,3,3
Sieneen,0,3,3
Sienefien,0,3,3
Sienen,0,3,3
Sienes,3,0,3
Sienetje,0,3,3
Sienfa,3,0,3
Sienhoo,3,0,3
Sieniesa,0,3,3
Sienis,3,0,3
Sienjie,3,0,3
Sienko,3,0,3
Síenna,0,3,3
Siënna'lee,0,3,3
Siénna-Aiélle,0,3,3
Sienna-Dawn,0,3,3
Siënna-Fay,0,3,3
Sienna-Faye,0,3,3
Siënna-Gabriëlla,0,3,3
Siënna-Jane,0,3,3
Sienna-Kayleigh,0,3,3
Sienna-Lee,0,3,3
Siënna-mae,0,3,3
Siënna-May,0,3,3
Sienna-Maye,0,3,3
Siënna-noëlle,0,3,3
Sienna-Roma,0,3,3
Siënna-Rose,0,3,3
Sienna-Rose,0,3,3
Sienna-Valentina,0,3,3
Sienna-Vayen,0,3,3
Siënnah,0,3,3
Siënnary,0,3,3
Sïenne,0,3,3
Siennè,0,3,3
Sienne-Marie,0,3,3
Sienni,0,3,3
Sienny,0,3,3
Sienomano,3,0,3
Sienorita,0,3,3
Sienske,0,3,3
Siëntha,0,3,3
Siëntho,3,0,3
Sientjen,0,3,3
Siënto,3,0,3
Siento,3,0,3
Siep-Sieger,3,0,3
Siep-Wessel,3,0,3
Siepaan,3,0,3
Siepan,3,0,3
Siepbinja,0,3,3
Siepbriege,0,3,3
Siepbrita,0,3,3
Siepelina,0,3,3
Siephelina,0,3,3
Siepieta,0,3,3
Siepkina,0,3,3
Sieraar,3,0,3
Sieraat,3,0,3
Sieradj,3,0,3
Sieradzan,3,0,3
Sierah,0,3,3
Sieraje,3,0,3
Sierardus,3,0,3
Sieras,3,0,3
Sierd-Peter,3,0,3
Sierdanande,3,0,3
Sierds,3,0,3
Sierdske,0,3,3
Siere,3,0,3
Sieré,0,3,3
Siereh,0,3,3
Sieret,0,3,3
Sieria,0,3,3
Sierick,3,0,3
Sieriel,3,0,3
Sieriena,0,3,3
Sierin,0,3,3
Sierinus,3,0,3
Sierissa,0,3,3
Sierke,0,3,3
Sierkina,0,3,3
Sierko,3,0,3
Sierks,3,0,3
Sierle,0,3,3
Sierodjanie,0,3,3
Sierodjeniedevie,0,3,3
Sierodjeniedewie,0,3,3
Sierra-Fayen,0,3,3
Sierra-Joy,0,3,3
Sierra-Luna,0,3,3
Siérra-Lynn,0,3,3
Siërra-Lynn,0,3,3
Sierra-Rosa,0,3,3
Sierrah,0,3,3
Sierramoïse,0,3,3
Sierrano,3,0,3
Siërre,0,3,3
Siërry,3,0,3
Siers,3,0,3
Sierts,3,0,3
Sieruna,0,3,3
Siery,0,3,3
Siësa,0,3,3
Siesera,0,3,3
Siesie,0,3,3
Siesiena,0,3,3
Siesje,0,3,3
Sieste,3,0,3
Sietadibbie,0,3,3
Sietalpersad,3,0,3
Sietawatie,0,3,3
Sietben,3,0,3
Sietcia,0,3,3
Sietdinus,3,0,3
Sietes,3,0,3
Siethimirjam,0,3,3
Siethy,0,3,3
Sieti,0,3,3
Sietinka,0,3,3
Sietkse,0,3,3
Sieton,3,0,3
Sietse-Bart,3,0,3
Sietse-Henk,3,0,3
Sietse-Jelle,3,0,3
Sietse-Willem,3,0,3
Sietsejan,3,0,3
Sietseke,0,3,3
Sietsge,3,0,3
Sietsj,0,3,3
Sietsjan,3,0,3
Sietske-An,0,3,3
Sietske-Anna,0,3,3
Sietske-Sandy,0,3,3
Sietsteya,0,3,3
Sietsze,3,0,3
Siëtte,0,3,3
Sietze-Dirk,3,0,3
Sietze-Heng,3,0,3
Sietze-Sjoerd,3,0,3
Sietzeklaas,3,0,3
Sietzes,3,0,3
Sietzez,3,0,3
Sieu,0,3,3
Sieuan,3,0,3
Sieuvertje,0,3,3
Sieuw-Hen,0,3,3
Sieuw-Hing,0,3,3
Sieuw-La,0,3,3
Sieuw-Ling,0,3,3
Sieuw-San,0,3,3
Sieuwdathpersad,3,0,3
Sieuwe-Alexander,3,0,3
Sieuwerharda,0,3,3
Sieuwerke,0,3,3
Sieuwert-Jan,3,0,3
Sieuwertdina,0,3,3
Sieuwerte,0,3,3
Sieuwjaynash,3,0,3
Sieúwke,0,3,3
Sieuwke-Sarah,0,3,3
Sieuwpartap,3,0,3
Sieuwpatie,0,3,3
Sieuwpertab,3,0,3
Sieuwradjie,0,3,3
Sieuwraj,3,0,3
Sieuwrajia,0,3,3
Sieuwroop,0,3,3
Sieuwsankar,3,0,3
Siev,0,3,3
Sievam,3,0,3
Sievar,0,3,3
Sievedine,0,3,3
Sieveeny,0,3,3
Siever,3,0,3
Sieverardus,3,0,3
Sieverdine,0,3,3
Sievertdina,0,3,3
Sieverte,0,3,3
Sievertus,3,0,3
Sievonne,0,3,3
Siew-Man,0,3,3
Siew-On,0,3,3
Siewajtit,3,0,3
Siewalt,3,0,3
Siewán,0,3,3
Siewani,0,3,3
Siewarde,0,3,3
Siewdat,3,0,3
Siewei,0,3,3
Siewerdiena,0,3,3
Siewerdje,0,3,3
Siewerta,0,3,3
Siewertina,0,3,3
Siewkumar,3,0,3
Siewnath,3,0,3
Siewold,3,0,3
Siewpati,0,3,3
Siewradjie,0,3,3
Siewradjsingh,3,0,3
Siewrady,0,3,3
Siewrani,0,3,3
Siewranie,0,3,3
Siewrosniedebie,0,3,3
Siewshankar,3,0,3
Siewtje,0,3,3
Siewun,3,0,3
Sieyana,0,3,3
Sieyar,3,0,3
Sieyerra,0,3,3
Siezaar,3,0,3
Siezar,3,0,3
Siezen,3,0,3
Sif-Din,3,0,3
Sifaid,3,0,3
Sifait,3,0,3
Sifajed,3,0,3
Sifal,3,0,3
Sifan,3,0,3
Sifania,0,3,3
Sifanie,0,3,3
Sifannia,0,3,3
Sifany,0,3,3
Sifarat,3,0,3
Sifas,3,0,3
Sifat,3,0,3
Sifax,3,0,3
Sifaye,0,3,3
Sifda,0,3,3
Sifddin,3,0,3
Sifedine,3,0,3
Sifeï,3,0,3
Siferina,0,3,3
Siferio,3,0,3
Siffanny,0,3,3
Siffario,3,0,3
Siffedine,3,0,3
Siffie,0,3,3
Siffra,0,3,3
Sifhora,0,3,3
Sifinia,0,3,3
Sifjan,3,0,3
Sifnana,0,3,3
Sifo,3,0,3
Siforiana,0,3,3
Sifra-Ëlla,0,3,3
Sifrana,0,3,3
Sifrano,3,0,3
Sifrid,3,0,3
Sifriese,0,3,3
Sifrit,3,0,3
Sifuentes,3,0,3
Sifuni,3,0,3
Sifvianny,0,3,3
Siga,0,3,3
Sigaero,3,0,3
Sigah,0,3,3
Sigaliya,0,3,3
Sigayro,3,0,3
Sigbjörn,3,0,3
Sigbrid,0,3,3
Sigbyorn,3,0,3
Sigdis,0,3,3
Sigdrey,3,0,3
Sigé,3,0,3
Sigebald,3,0,3
Sigebalda,0,3,3
Sigebaldus,3,0,3
Sigeberto,3,0,3
Sigelinde,0,3,3
Sigen,3,0,3
Sigencio,3,0,3
Sigeourni,3,0,3
Sigerardus,3,0,3
Sigerick,3,0,3
Sigerik,3,0,3
Sigerina,0,3,3
Sigerith,0,3,3
Sigerra,0,3,3
Sigfieëny,0,3,3
Sigfiëntly,3,0,3
Sigfiëny,0,3,3
Sigfriedson,3,0,3
Sigfriedus,3,0,3
Sigfriëndley,3,0,3
Sigfriet,3,0,3
Sigfrieth,3,0,3
Sígga,0,3,3
Siggurd,3,0,3
Sighabertha,0,3,3
Sighainy,0,3,3
Sighairo,3,0,3
Sighane,0,3,3
Sighart,3,0,3
Sighetno,3,0,3
Sighilt,0,3,3
Sîgi,3,0,3
Sigibald,3,0,3
Sigidi,3,0,3
Sigidur,3,0,3
Sigie,0,3,3
Sigien,0,3,3
Sigiënne,0,3,3
Sigijn,0,3,3
Sigilaga,0,3,3
Sigilio,3,0,3
Siginho,3,0,3
Sigioly,3,0,3
Sigiorney,3,0,3
Sigiriya,0,3,3
Sigisbert,3,0,3
Sigismond,3,0,3
Sigismondo,3,0,3
Sigjah-Zairo,3,0,3
Sigjomar,3,0,3
Siglaine,0,3,3
Sigland,3,0,3
Siglenne,0,3,3
Siglenthery,0,3,3
Siglinis,3,0,3
Sigliyah,0,3,3
Sigmairyson,3,0,3
Sigmalva,0,3,3
Sigmaly,0,3,3
Sigman,3,0,3
Sigmayckel,3,0,3
Sigmen,3,0,3
Sigmeralda,0,3,3
Sigmilady,0,3,3
Sigmon,3,0,3
Sigmünd,3,0,3
Sigmundis,3,0,3
Sigmundo,3,0,3
Sigmyronne,3,0,3
Signaily,0,3,3
Signaïra,0,3,3
Signal,3,0,3
Signaldrison,3,0,3
Signalio,3,0,3
Signara,0,3,3
Signarelly,0,3,3
Signé,0,3,3
Signe-Sanne,0,3,3
Signeal,3,0,3
Signella,0,3,3
Signhild,0,3,3
Signigel,3,0,3
Signiomar,3,0,3
Signisha,0,3,3
Signold,3,0,3
Signora,0,3,3
Signoret,0,3,3
Signorina,0,3,3
Signorinia,0,3,3
Signorita,0,3,3
Signourey,3,0,3
Sigoberto,0,3,3
Sigoernie,0,3,3
Sigoléne,0,3,3
Sigolène,0,3,3
Sigolien,0,3,3
Sigolina,0,3,3
Sigon,3,0,3
Sigorney,0,3,3
Sigorski,3,0,3
Sigouhny,3,0,3
Sigourjon,3,0,3
Sigourni,0,3,3
Sigoya,3,0,3
Sigr,3,0,3
Sigrald,3,0,3
Sigrell,3,0,3
Sigren,0,3,3
Sigretia,0,3,3
Sigrid-Anne,0,3,3
Sigrid-Eline,0,3,3
Sigrid-Elisabeth,0,3,3
Sigrid-Eliza,0,3,3
Sigrid-Joan,0,3,3
Sigrid-Maria,0,3,3
Sigridur,0,3,3
Sigrieja,0,3,3
Sigrion,3,0,3
Sigrita,0,3,3
Sigrún,0,3,3
Sigshènda,0,3,3
Sigsten,3,0,3
Sigtmundus,3,0,3
Siguaraya,0,3,3
Sigubalda,0,3,3
Sigun,0,3,3
Sigune,0,3,3
Sigurde,0,3,3
Sigurdur,3,0,3
Sigurgestur,3,0,3
Sigurt,3,0,3
Sigurđur,3,0,3
Sigusmund,3,0,3
Sigusmundus,3,0,3
Sigvart,3,0,3
Sigviënnely,0,3,3
Sigvor,0,3,3
Sigwan,0,3,3
Sigwela,0,3,3
Sigwendeley,0,3,3
Sigxioniocia,0,3,3
Sigy,0,3,3
Sigyana,0,3,3
Sigyano,3,0,3
Sigzaima,0,3,3
Sihal,3,0,3
Sihang,3,0,3
Sihard,3,0,3
Siheme,0,3,3
Sihendra,0,3,3
Sihenna,0,3,3
Siher,0,3,3
Sihg,3,0,3
Sihmed,0,3,3
Sihon,3,0,3
Sihona,0,3,3
Sihu,3,0,3
Sihui,0,3,3
Sihuong,0,3,3
Siifan,0,3,3
Siilmatar,0,3,3
Siina,0,3,3
Siinem,0,3,3
Siïring,0,3,3
Siïs,3,0,3
Sij-Angela,0,3,3
Sij=a,0,3,3
Sija-Marrit,0,3,3
Sijaan,3,0,3
Sijaard,3,0,3
Sijaarda,0,3,3
Sijam,0,3,3
Sijamin,3,0,3
Sijanco,3,0,3
Sijandra,0,3,3
Sijanella,0,3,3
Sijani,3,0,3
Sijanie,0,3,3
Sijannah,0,3,3
Sijano,3,0,3
Sijanti,0,3,3
Sijar,3,0,3
Sijara,0,3,3
Sijarda,0,3,3
Sijardus,3,0,3
Sijarina,0,3,3
Sijayra,0,3,3
Sijbaldus,3,0,3
Sijbe-Jan,3,0,3
Sijbeltje,0,3,3
Sijberdina,0,3,3
Sijbere,3,0,3
Sijberigtus,3,0,3
Sijbes,3,0,3
Sijbetti,0,3,3
Sijbigje,0,3,3
Sijbille,0,3,3
Sijbina,0,3,3
Sijboldina,0,3,3
Sijboldine,0,3,3
Sijbra,3,0,3
Sijbrandes,3,0,3
Sijbrandia,0,3,3
Sijbrandij,3,0,3
Sijbrandovna,0,3,3
Sijbranja,0,3,3
Sijbrech,0,3,3
Sijbrenne,0,3,3
Sijbrense,0,3,3
Sijbrigtje,0,3,3
Sijchbertus,3,0,3
Sijcheberta,0,3,3
Sijchinus,3,0,3
Sijco,3,0,3
Sijcolientje,0,3,3
Sijdine,0,3,3
Sijds-Anne,3,0,3
Sije-Tino,3,0,3
Sijedah,0,3,3
Sijelien,0,3,3
Sijem,0,3,3
Sijena,0,3,3
Sijeney,0,3,3
Sijenni,0,3,3
Sijeno,3,0,3
Sijera,0,3,3
Sijeran,0,3,3
Sijerdina,0,3,3
Sijfdin,3,0,3
Sijfia,0,3,3
Sijfrinus,3,0,3
Sijg,3,0,3
Sijgbert,3,0,3
Sijgeberta,0,3,3
Sijgelot,0,3,3
Sijgiene,0,3,3
Sijgientje,0,3,3
Sijgineke,0,3,3
Sijgja,0,3,3
Sijgtje,0,3,3
Sijiano,3,0,3
Sijjanneke,0,3,3
Sijke-Janke,0,3,3
Sijkelien,0,3,3
Sijkeline,0,3,3
Sijken,0,3,3
Sijkie,0,3,3
Sijkiën,3,0,3
Sijkien,0,3,3
Sijko-Jan,3,0,3
Sijlena,0,3,3
Sijlfanus,3,0,3
Sijlva,0,3,3
Sijlvain,3,0,3
Sijlvano,3,0,3
Sijma,0,3,3
Sijmeke,0,3,3
Sijmen-Jan,3,0,3
Sijmen-Jeroen,3,0,3
Sijmenetje,0,3,3
Sijmensz,3,0,3
Sijmentha,0,3,3
Sijmia,0,3,3
Sijmktje,0,3,3
Sijmphorosa,0,3,3
Sijnco,3,0,3
Sijnes,3,0,3
Sijni,0,3,3
Sijnina,0,3,3
Sijnna,0,3,3
Sijnthia,0,3,3
Sijojesus,3,0,3
Sijp,3,0,3
Sijpbertus,3,0,3
Sijranke,0,3,3
Sijreetha,0,3,3
Sijrieta,0,3,3
Sijrina,0,3,3
Sijrine,0,3,3
Sijsbert,3,0,3
Sijsje,0,3,3
Sijsolina,0,3,3
Sijtbrand,3,0,3
Sijtbrecht,0,3,3
Sijtko,3,0,3
Sijtrina,0,3,3
Sijtses,3,0,3
Sijtsia,0,3,3
Sijtsina,0,3,3
Sijtsko,3,0,3
Sijttje,0,3,3
Sijty,0,3,3
Sijtze-Geert,3,0,3
Sijtzina,0,3,3
Sijtzo,3,0,3
Siju,0,3,3
Sijuwade,3,0,3
Sijverin,3,0,3
Sijwi,0,3,3
Sijzer,3,0,3
Sijzoline,0,3,3
Sik-Kan,0,3,3
Sikalie,0,3,3
Sikapa,3,0,3
Sikar,0,3,3
Sikarin,3,0,3
Sikayena,0,3,3
Sikbekir,3,0,3
Sikcha,0,3,3
Sikelina,0,3,3
Sikha,0,3,3
Sikhadiye,0,3,3
Sikhandre,3,0,3
Sikia,0,3,3
Sikiano,3,0,3
Sikina,0,3,3
Sikïna,0,3,3
Sikira,0,3,3
Sikirat,0,3,3
Sikjen,0,3,3
Sikka,0,3,3
Sikkel,3,0,3
Sikkeline,0,3,3
Sikken,3,0,3
Sikkesz,3,0,3
Sikkojunior,3,0,3
Sikono,3,0,3
Sikraw,3,0,3
Sikrid,0,3,3
Sikrit,0,3,3
Siktens,3,0,3
Siktorina,0,3,3
Sikudhani,0,3,3
Sikufele,0,3,3
Sil-Antonnetta,0,3,3
Sil-Jan,3,0,3
Sil-Jayno,3,0,3
Sil-Viënna,0,3,3
Sila-Serinia,0,3,3
Silab,3,0,3
Silabkhan,3,0,3
Silagül,0,3,3
Silah-e-Zainab,0,3,3
Silai,0,3,3
Silaika,0,3,3
Silaine,0,3,3
Silajah,0,3,3
Silande,0,3,3
Silandro,3,0,3
Silangan,0,3,3
Silangehdi,0,3,3
Silania,0,3,3
Silanie,0,3,3
Silanur,0,3,3
Silanyo,3,0,3
Silard,3,0,3
Silàs,3,0,3
Silat,0,3,3
Silaüs,0,3,3
Silawad,3,0,3
Silawanus,3,0,3
Silay,0,3,3
Silayah,0,3,3
Siláz,3,0,3
Silaz,3,0,3
Silba,0,3,3
Silbannacus,3,0,3
Silbarka,3,0,3
Silbe,3,0,3
Silben,3,0,3
Silbend,0,3,3
Silberio,3,0,3
Silberta,0,3,3
Silbertina,0,3,3
Silbery,0,3,3
Silchi,0,3,3
Silcke,0,3,3
Silde-Marise,0,3,3
Sildra,0,3,3
Sileas,0,3,3
Silee,0,3,3
Sileen,0,3,3
Sileke,0,3,3
Silemon,3,0,3
Silen,3,0,3
Silenah,0,3,3
Silencia,0,3,3
Siléne,0,3,3
Silêne,0,3,3
Silenia,0,3,3
Silenius,3,0,3
Sileniya,0,3,3
Silenny,0,3,3
Silensa,0,3,3
Silésia,0,3,3
Silesius,0,3,3
Silesta,0,3,3
Silester,0,3,3
Silf,3,0,3
Silfa,3,0,3
Silfaja,0,3,3
Silfania,0,3,3
Silfano,3,0,3
Silfariano,3,0,3
Silfert,3,0,3
Silfesina,0,3,3
Silfester,3,0,3
Silfesto,3,0,3
Silfijn,3,0,3
Silfonses,3,0,3
Silfra,0,3,3
Silfredo,3,0,3
Silfried,3,0,3
Silfriede,0,3,3
Silgei,0,3,3
Silger,3,0,3
Silgero,3,0,3
Silgina,0,3,3
Silgio,3,0,3
Silhen,3,0,3
Siliam,0,3,3
Siliandra,0,3,3
Siliang,0,3,3
Siliano,3,0,3
Silicea,0,3,3
Siliën,3,0,3
Silien,0,3,3
Siliena,0,3,3
Silieta,0,3,3
Silij,0,3,3
Silija,0,3,3
Silijaira,0,3,3
Silikanja,0,3,3
Siliki,3,0,3
Silila,0,3,3
Silim,3,0,3
Silindile,0,3,3
Siling,0,3,3
Silion,3,0,3
Silita,0,3,3
Silius,3,0,3
Siliva,0,3,3
Siliwangi,3,0,3
Siliya,0,3,3
Siliyah,0,3,3
Siljairo,3,0,3
Silke-Jada,0,3,3
Silke-Jo,0,3,3
Silke-Lynn,0,3,3
Silke-Maj,0,3,3
Silke-Roos,0,3,3
Silke-Sofie,0,3,3
Silkeyla,0,3,3
Silkie,0,3,3
Silky,0,3,3
Sill-Vyan,3,0,3
Sillaz,3,0,3
Silleke,0,3,3
Sillesten,3,0,3
Silleven,3,0,3
Sillian,3,0,3
Sillicia,0,3,3
Sillie,3,0,3
Sillien,0,3,3
Silliena,0,3,3
Sillienge,0,3,3
Silline,0,3,3
Sillk,3,0,3
Silmara,0,3,3
Silmaray-Norine,0,3,3
Silmaria,0,3,3
Silmariën,0,3,3
Silmiaty,0,3,3
Silmiro,3,0,3
Siloa,0,3,3
Siloba,0,3,3
Silochana,0,3,3
Silochanie,0,3,3
Silochna,0,3,3
Siloë,0,3,3
Silogene,3,0,3
Silogensley,3,0,3
Siloma,0,3,3
Silombra,0,3,3
Silon,3,0,3
Silonia,0,3,3
Silonto,3,0,3
Silony,3,0,3
Silook,3,0,3
Silootjnakoemarie,0,3,3
Silooy,3,0,3
Silos,3,0,3
Silotchenie,0,3,3
Silotjna,0,3,3
Silou,0,3,3
Silovien,3,0,3
Siloy,3,0,3
Silphana,0,3,3
Silphie,0,3,3
Silphijanus,3,0,3
Silphina,0,3,3
Silphy,0,3,3
Silquain,3,0,3
Silram,3,0,3
Silrijke,0,3,3
Silse,0,3,3
Silske,0,3,3
Silt,3,0,3
Siluan,3,0,3
Silundu,3,0,3
Silvá,0,3,3
Silvae,0,3,3
Silvaen,3,0,3
Silvahna,0,3,3
Silvainio,3,0,3
Silvalna,0,3,3
Silvanah,0,3,3
Silvanas,3,0,3
Silvander,3,0,3
Silvanho,3,0,3
Silvanis,3,0,3
Silvanita,0,3,3
Silvanius,3,0,3
Silvanja,0,3,3
Silvanni,0,3,3
Silvannia,0,3,3
Silváno,3,0,3
Silvano-Albert,3,0,3
Silvano-Vitale,3,0,3
Silvanos,3,0,3
Silvanosch,3,0,3
Silvantly,3,0,3
Silvanya,0,3,3
Silvanyah,0,3,3
Silvanys,3,0,3
Silvaro,3,0,3
Silvayo,3,0,3
Silvé,3,0,3
Silvea,0,3,3
Silveen,3,0,3
Silvein,3,0,3
Silvéiro,3,0,3
Silveiro,3,0,3
Silvèle,3,0,3
Silven-Fabian,3,0,3
Silvenne,0,3,3
Silvenzo,3,0,3
Silvèr,3,0,3
Silver-Lee,0,3,3
Silver-Linn,0,3,3
Silvèra,0,3,3
Silvére,3,0,3
Silveri,0,3,3
Silverida,0,3,3
Silvernio,3,0,3
Silverstar,0,3,3
Silverster,3,0,3
Silverstrand,0,3,3
Silvert,3,0,3
Silvès,0,3,3
Silvesco,3,0,3
Silvesina,0,3,3
Silvestar,0,3,3
Silveste,0,3,3
Silvéster,3,0,3
Silveston,3,0,3
Silvetrix,0,3,3
Silveyn,3,0,3
Silvia-Atsje,0,3,3
Silviadebie,0,3,3
Silviakhatoen,0,3,3
Silvianca,0,3,3
Silviani,0,3,3
Silvianni,0,3,3
Silvianus,3,0,3
Silvide,0,3,3
Silvië,0,3,3
Silvie-An,0,3,3
Silvie-Ann,0,3,3
Silvie-Jane,0,3,3
Silvieke,0,3,3
Silviëna,0,3,3
Silviéne,0,3,3
Silviënio,3,0,3
Silvienna,0,3,3
Silviënna-Grace,0,3,3
Silviënny,0,3,3
Silvier,3,0,3
Silvièro,3,0,3
Silvieva,0,3,3
Silvihno,3,0,3
Silvijne,0,3,3
Silvìn,0,3,3
Silvinno,3,0,3
Silvinyo,3,0,3
Silvio-Emilio,3,0,3
Silvio-Felix,3,0,3
Silvionairis,0,3,3
Silvisia,0,3,3
Silvisina,0,3,3
Silviu,3,0,3
Silviye,0,3,3
Silvodoor,3,0,3
Silvolda,0,3,3
Silvolde,0,3,3
Silvon,3,0,3
Silvoy,3,0,3
Silvran,3,0,3
Silvretta,0,3,3
Silvria,0,3,3
Silvy-Anne,0,3,3
Silvyane,0,3,3
Silvyna,0,3,3
Silvyoska,0,3,3
Silwaan,0,3,3
Silwanna,0,3,3
Silwanus,3,0,3
Silyona,0,3,3
Silyuna,0,3,3
Silzana,0,3,3
Sim-Yee,0,3,3
Simaa,0,3,3
Simaak,0,3,3
Simabur,3,0,3
Simadra,0,3,3
Simah-Fahranaz,0,3,3
Simailey,3,0,3
Simaily,0,3,3
Simaja,0,3,3
Simakoemarie,0,3,3
Simakos,3,0,3
Simalkoemar,3,0,3
Simaloi,0,3,3
Simand,3,0,3
Simandra,0,3,3
Simane,0,3,3
Simanette,0,3,3
Simankang,3,0,3
Simantha,0,3,3
Simaó,3,0,3
Simardeep,0,3,3
Simare,0,3,3
Simarina,0,3,3
Simarjeet,0,3,3
Simarjit,0,3,3
Simarjot,3,0,3
Simarleen,0,3,3
Simaro,3,0,3
Simarta,0,3,3
Simaryo,3,0,3
Simataa,3,0,3
Simawatie,0,3,3
Simaye,0,3,3
Simaynur,0,3,3
Simayra,0,3,3
Simayro,3,0,3
Simbad,3,0,3
Simbarashe,3,0,3
Simbe,3,0,3
Simber,0,3,3
Simbert,3,0,3
Simbiso,0,3,3
Simchá,0,3,3
Simchah,3,0,3
Simchaï,3,0,3
Simchaja,3,0,3
Simcic,3,0,3
Simeam,3,0,3
Simean,3,0,3
Simeão,0,3,3
Simée,0,3,3
Simeeta,0,3,3
Simegn,3,0,3
Simeiko,3,0,3
Simek,3,0,3
Simèl,0,3,3
Simél,0,3,3
Simela,0,3,3
Simeldy,0,3,3
Siméle,0,3,3
Simele,0,3,3
Siméli,0,3,3
Simelina,0,3,3
Simella,0,3,3
Simelli,0,3,3
Simellia,0,3,3
Simèn,0,3,3
Simente,0,3,3
Simentha,0,3,3
Simeõn,3,0,3
Sïmeon,3,0,3
Simeòn,3,0,3
Simēona,0,3,3
Simeóne,3,0,3
Simeonja,0,3,3
Simeonka,0,3,3
Simer,0,3,3
Simeric,3,0,3
Simerouda,0,3,3
Simeta,0,3,3
Simetje,0,3,3
Simeun,3,0,3
Simeuna,0,3,3
Simfred,3,0,3
Simga,0,3,3
Simge-Gülten,0,3,3
Simhar,0,3,3
Simhat,3,0,3
Simhilda,0,3,3
Simian,3,0,3
Simiano,3,0,3
Simiena,3,0,3
Simietha,0,3,3
Simieto,3,0,3
Simikaleen,0,3,3
Simila,0,3,3
Similiana,0,3,3
Similiza,0,3,3
Similla,0,3,3
Simillia,0,3,3
Similya,0,3,3
Simiranjeet,0,3,3
Simirian,3,0,3
Simisalio,3,0,3
Simlá,0,3,3
Simmaco,3,0,3
Simmechienna,0,3,3
Simmegina,0,3,3
Simmigginus,3,0,3
Simmo,3,0,3
Simmohamed,3,0,3
Simmonds,3,0,3
Simo-Jan,3,0,3
Simoa,0,3,3
Simóes,3,0,3
Simoi,0,3,3
Simoine,0,3,3
Simom,3,0,3
Simon-Cornelis,3,0,3
Simon-Geert,3,0,3
Simon-Jacobus,3,0,3
Simon-Jayh,3,0,3
Simon-Jochem,3,0,3
Simon-Joost,3,0,3
Simon-Marco,3,0,3
Simon-Michel,3,0,3
Simon-Paul,3,0,3
Simon-Roelof,3,0,3
Simonaily,0,3,3
Simonas,3,0,3
Simonata,0,3,3
Simonca,0,3,3
Simond,3,0,3
Simonda,0,3,3
Simondaud,3,0,3
Simondientje,0,3,3
Simondina,0,3,3
Simondus,3,0,3
Simöne,0,3,3
Simoñe,0,3,3
Simone-Andrea,0,3,3
Simone-Annette,0,3,3
Simone-Henny,0,3,3
Simone-Janine,0,3,3
Simone-Tjitsche,0,3,3
Simone-Valérie,0,3,3
Simone-Wilma,0,3,3
Simonella,0,3,3
Simonetha,0,3,3
Simoney,0,3,3
Simonhardjo,3,0,3
Simonides,3,0,3
Simonidés,3,0,3
Simonine,0,3,3
Simonizah,0,3,3
Simonjan,3,0,3
Simonka,0,3,3
Simonn,3,0,3
Simonz,3,0,3
Simor,3,0,3
Simoti,0,3,3
Simoun,0,3,3
Simoury,0,3,3
Simpen,0,3,3
Simpfarosa,0,3,3
Simpharosa,0,3,3
Simpharoza,0,3,3
Simpiga,0,3,3
Simpke,3,0,3
Simplicio,3,0,3
Simplis,3,0,3
Simpson,3,0,3
Simpy,3,0,3
Simraat,0,3,3
Simraj,3,0,3
Simrani,0,3,3
Simrankajol,0,3,3
Simrankaur,0,3,3
Simrat,0,3,3
Simreen,0,3,3
Simrel,0,3,3
Simrendeep,0,3,3
Simrie,3,0,3
Simron,3,0,3
Simrona,0,3,3
Simscha,0,3,3
Simshie,0,3,3
Simso,0,3,3
Simsom,3,0,3
Simsson,3,0,3
Simten,0,3,3
Simu,0,3,3
Simurgh,3,0,3
Simuzer,0,3,3
Simwayn,0,3,3
Simwenyi,3,0,3
Simy,0,3,3
Simyee,0,3,3
Simyn,0,3,3
Sin-Chi,3,0,3
Sin-Chun,3,0,3
Sin-Han,3,0,3
Sin-Kong,3,0,3
Sin-Kwan,0,3,3
Sin-Nio,0,3,3
Sin-Tai,0,3,3
Sin-Wo,3,0,3
Sin-Yeung,0,3,3
Sin-yu,0,3,3
Siná,3,0,3
Sinâ,3,0,3
Sina-Fientje,0,3,3
Sinaath,3,0,3
Sinadin,3,0,3
Sinadine,0,3,3
Sinados,3,0,3
Sinae,0,3,3
Sinah,3,0,3
Sinaïeva,0,3,3
Sinaij,0,3,3
Sinaír,3,0,3
Sinaja,0,3,3
Sinaloh,3,0,3
Sinam,3,0,3
Sinamara,0,3,3
Sinân,3,0,3
Sínan,3,0,3
Sinapattij,3,0,3
Sinarnur,0,3,3
Sinaro,3,0,3
Sinarsurya,3,0,3
Sinaru-Magita,0,3,3
Sinatra,3,0,3
Sinayah,0,3,3
Sincera,0,3,3
Sincerity,0,3,3
Sincerus,3,0,3
Sincey,0,3,3
Sinchi,3,0,3
Sinciara,0,3,3
Sincleär,3,0,3
Sindah,0,3,3
Sindala,3,0,3
Sindar,3,0,3
Sindayi,3,0,3
Sindayihebura,3,0,3
Sindbald,3,0,3
Sindbalda,0,3,3
Sinde,0,3,3
Sindee,0,3,3
Sindèl,0,3,3
Sindela,3,0,3
Sindeliya,0,3,3
Sinden,3,0,3
Sindhara,0,3,3
Sindhoe,3,0,3
Sindhoekoemarie,0,3,3
Sindhoewatie,0,3,3
Sindhudevi,0,3,3
Sindhuka,0,3,3
Sindhur,0,3,3
Sindhura,0,3,3
Sindhuya,0,3,3
Sindidi,0,3,3
Sindij,0,3,3
Sindija,0,3,3
Sindijan,3,0,3
Sindiswa,0,3,3
Sindjiedkoemar,3,0,3
Sindjin,3,0,3
Sindo,3,0,3
Sindra,0,3,3
Sindriyana,0,3,3
Sindu,0,3,3
Sinduja,0,3,3
Sindujah,0,3,3
Sindujan,3,0,3
Sindulpha,0,3,3
Sindvald,3,0,3
Sindyan,3,0,3
Sinè,0,3,3
Sìne,0,3,3
Sine-Yan,0,3,3
Sinëad,0,3,3
Siñead,0,3,3
Sĩnead,0,3,3
Sinèad,0,3,3
Sinéada,0,3,3
Sinear,3,0,3
Sineb,0,3,3
Sinef,0,3,3
Sineilys,0,3,3
Sineka,0,3,3
Sinella,0,3,3
Sînem,0,3,3
Sinemgatoen,0,3,3
Sinemis,0,3,3
Sinen,0,3,3
Sinerey,3,0,3
Sinerjey,3,0,3
Sinesio,3,0,3
Sineuwe,0,3,3
Sineveva,3,0,3
Sinforiana,0,3,3
Sinforiano,3,0,3
Sinforosa,0,3,3
Sing-Chak,3,0,3
Sing-Hin,3,0,3
Sing-Ho,3,0,3
Sing-Hung,0,3,3
Sing-Ping,3,0,3
Sing-Pong,3,0,3
Sing-Wan,0,3,3
Singahati,3,0,3
Singalita,0,3,3
Singanetta,0,3,3
Singaye,3,0,3
Singè,0,3,3
Sinǵellaisha,0,3,3
Singenetta,0,3,3
Singhilde,0,3,3
Singhong,3,0,3
Singhto,3,0,3
Singini,3,0,3
Singne,0,3,3
Singrit,0,3,3
Siňha,0,3,3
Sinhang,3,0,3
Sinharach,3,0,3
Sinhil,3,0,3
Siniah,0,3,3
Siniča,3,0,3
Sinica,0,3,3
Sinied,0,3,3
Sinilga,0,3,3
Siniman,0,3,3
Sinine,0,3,3
Sining,0,3,3
Sininghe,0,3,3
Sinique,0,3,3
Sinisa,3,0,3
Siniśa,3,0,3
Sinise,0,3,3
Sinitha,0,3,3
Sinitra,0,3,3
Sinitsjka,0,3,3
Siniya,0,3,3
Sinjali,3,0,3
Sinjamosa,0,3,3
Sinjeon,3,0,3
Sinji,3,0,3
Sinjin,0,3,3
Sinju,0,3,3
Sinkarie,0,3,3
Sinkbaek,0,3,3
Sinli,3,0,3
Sinn,0,3,3
Sinnan,3,0,3
Sinne-Marije,0,3,3
Sinne-Mayke,0,3,3
Sinnead,0,3,3
Sinneris,0,3,3
Sinnetta,0,3,3
Sinnety,0,3,3
Sinneva,0,3,3
Sinnica,0,3,3
Sinnichje,0,3,3
Sinnie,0,3,3
Sinnighe,3,0,3
Sinnio,0,3,3
Sinnit,0,3,3
Sinnita,0,3,3
Sinnitta,0,3,3
Sinno,3,0,3
Sino-Taptawan,3,0,3
Sinobia,0,3,3
Sinoê,3,0,3
Sinoeha,3,0,3
Sinoia,0,3,3
Sinoja,0,3,3
Sinolia,0,3,3
Sinony,0,3,3
Sinora,0,3,3
Sinouk,0,3,3
Sinovia,0,3,3
Sinpat,3,0,3
Sinpatika,0,3,3
Sinque,3,0,3
Sinri,3,0,3
Sinsemila,0,3,3
Sinsia,0,3,3
Sinsimi,3,0,3
Sinsothany,0,3,3
Sinsothy,3,0,3
Sint-Bastianus,3,0,3
Sint-Clair,3,0,3
Sintakoemari,0,3,3
Sintana,0,3,3
Sintano,3,0,3
Sintbertus,3,0,3
Sintclaire,0,3,3
Sinte,0,3,3
Sintea,0,3,3
Sintela,0,3,3
Sinteli,3,0,3
Sintfar,0,3,3
Sinthe,0,3,3
Sinthija,0,3,3
Sintho,0,3,3
Sinthu,0,3,3
Sinthujah,0,3,3
Sinthuya,0,3,3
Sinthy,0,3,3
Sintiago,3,0,3
Sínticha,0,3,3
Sintina,0,3,3
Sinting,0,3,3
Síntique,0,3,3
Sintit,3,0,3
Sintjin,3,0,3
Sintra,0,3,3
Sintronicus,3,0,3
Sintske,0,3,3
Sinttuja,0,3,3
Sintuja,0,3,3
Sinty,0,3,3
Sinuan,0,3,3
Sinuet,0,3,3
Sinuz,3,0,3
Sinwan,0,3,3
Sinwen,0,3,3
Siny-Else,0,3,3
Sinyathaly,0,3,3
Sinyau,0,3,3
Sinyin,0,3,3
Sinysa,0,3,3
Sinyuan,0,3,3
Sinyun,3,0,3
Sinza,0,3,3
Sinzia,0,3,3
Sinziana,0,3,3
Sioar,3,0,3
Siobhain,0,3,3
Siobhăn,0,3,3
Siobhán-Brigid,0,3,3
Siobhan-Maria,0,3,3
Siobhanne,0,3,3
Siobhian,0,3,3
Síobhra,0,3,3
Siödiene,0,3,3
Sioe-Hao,3,0,3
Sioe-Jin,0,3,3
Sioe-Lan,0,3,3
Sioe-Lin,0,3,3
Sioe-Mei,0,3,3
Sioe-Ying,0,3,3
Sioe-Yün,0,3,3
Siofra,0,3,3
Siogonda,0,3,3
Sioiyvereigne,0,3,3
Siojetlana,0,3,3
Siok-Djan,3,0,3
Siok-ien,3,0,3
Siolin,3,0,3
Siômara,0,3,3
Siomayra,0,3,3
Siôn,3,0,3
Sîon,3,0,3
Sionah,0,3,3
Sionaidy,0,3,3
Sionara,0,3,3
Sioné,0,3,3
Sioney,0,3,3
Siong-Jien,3,0,3
Siong-Khet,3,0,3
Sioni,0,3,3
Sionn,3,0,3
Sionnach,3,0,3
Sionnisia,0,3,3
Sions,3,0,3
Siophàn,0,3,3
Siophan,0,3,3
Siorbhan,0,3,3
Siorny,3,0,3
Siôrs,3,0,3
Siou-Lie,0,3,3
Sioulan,3,0,3
Sioux-Lynn,0,3,3
Siouxy,0,3,3
Siováhn,0,3,3
Sioven,3,0,3
Sioviënice,0,3,3
Sioviënnijs,0,3,3
Siow,0,3,3
Siowko,3,0,3
Siox,0,3,3
Sipaan,3,0,3
Sipah,0,3,3
Sipal,0,3,3
Sipcko,3,0,3
Sipco-Jan,3,0,3
Sipe,0,3,3
Sipél,0,3,3
Sipelinus,3,0,3
Siperiana,0,3,3
Sipfried,3,0,3
Siphene,0,3,3
Siphidus,3,0,3
Siphrah,0,3,3
Sipi,0,3,3
Sipina,0,3,3
Sipiwe,3,0,3
Sipjo,3,0,3
Sipke-Jelmer,3,0,3
Sipke-Paul,3,0,3
Sipke-Roelie,0,3,3
Sipke-Rolf,3,0,3
Sipke-Sjoerd,3,0,3
Sipkea,0,3,3
Sipkeliena,0,3,3
Sipkelina,0,3,3
Sipkje-Anna,0,3,3
Sipkjelien,0,3,3
Sipkò,3,0,3
Sipko-Hans,3,0,3
Sipko-Jan,3,0,3
Siplina,0,3,3
Siplon,3,0,3
Siplonia,0,3,3
Siponirah,0,3,3
Sippe-Willem,3,0,3
Sippia,0,3,3
Sippiena,0,3,3
Sipriaan,3,0,3
Sipriaen,3,0,3
Sipriana,0,3,3
Siprianes,3,0,3
Sipriano,3,0,3
Sips,0,3,3
Sipy,0,3,3
Siqual,3,0,3
Siquana,0,3,3
Siquera,0,3,3
Siquerney,0,3,3
Siqwirni,0,3,3
Sir-Ralph,3,0,3
Siraadje,3,0,3
Siraadjkhan,3,0,3
Siraaj-Uddin,3,0,3
Siraajdien,3,0,3
Siraan,3,0,3
Siraar,3,0,3
Siraat,0,3,3
Sirâc,3,0,3
Siraceddin,3,0,3
Siradi,0,3,3
Siradijo,3,0,3
Siradio,3,0,3
Siradjaddin,3,0,3
Siradz,3,0,3
Siraëlla,0,3,3
Siragan,3,0,3
Sirage-Eddine,3,0,3
Siraghan,3,0,3
Siraï,0,3,3
Siraila,0,3,3
Sirainela,0,3,3
Siraj-Eddine,3,0,3
Sirajdin,3,0,3
Siralou,0,3,3
Siram,3,0,3
Siramanee,0,3,3
Siranda,0,3,3
Siranéh,0,3,3
Sirani,0,3,3
Siranjeev,3,0,3
Siranna,0,3,3
Siranouche,0,3,3
Siranoush,0,3,3
Siranus,0,3,3
Sirarpie,0,3,3
Siras,0,3,3
Sirasgani,3,0,3
Sırat,3,0,3
Siratou,0,3,3
Sirau,0,3,3
Siravina,0,3,3
Sirayo,3,0,3
Siraz,0,3,3
Sirbroo,3,0,3
Sircy,3,0,3
Sirdelice,0,3,3
Sireann,0,3,3
Sirée,0,3,3
Sirelda,0,3,3
Sirell,0,3,3
Sirène,0,3,3
Sirenee,0,3,3
Sirenella,0,3,3
Sirenita,0,3,3
Sirenity,0,3,3
Sirenius,3,0,3
Sirenjo,3,0,3
Sirenne,0,3,3
Siresi,0,3,3
Siret,0,3,3
Sireya,0,3,3
Sirfhan,3,0,3
Sirfraz,3,0,3
Sirginie,3,0,3
Sirginio,3,0,3
Sirgrid,0,3,3
Sirguhun,3,0,3
Sirgya,0,3,3
Sirhan,3,0,3
Siri-Ann,0,3,3
Siri-Jeanette,0,3,3
Siriacus,3,0,3
Siriane,0,3,3
Siriano,3,0,3
Siriant,3,0,3
Siriboe,3,0,3
Sirica,0,3,3
Siricius,3,0,3
Sirick,3,0,3
Siridevi,0,3,3
Sirielio,3,0,3
Sirife,0,3,3
Sirifé,0,3,3
Sirigo,0,3,3
Sirijeanne,0,3,3
Sirikanja,0,3,3
Sirikanya,0,3,3
Siriki,3,0,3
Siril-Antely,0,3,3
Sirilak,0,3,3
Sirill,3,0,3
Sirilla,0,3,3
Sirillo,3,0,3
Sirima,0,3,3
Sirimen,0,3,3
Siriming,0,3,3
Sırin,0,3,3
Sirinai,0,3,3
Sirinath,0,3,3
Sirindha,0,3,3
Sirinoğlu,3,0,3
Sirinphat,0,3,3
Sirinprapha,0,3,3
Sirinthon,0,3,3
Sirintip,0,3,3
Sirinwadee,0,3,3
Siriona,0,3,3
Siriphon,0,3,3
Siriratana,0,3,3
Sirisha,0,3,3
Sirisorea,0,3,3
Sirissa,0,3,3
Sirita,0,3,3
Siritjò,3,0,3
Siritorn,0,3,3
Siriwan,0,3,3
Siriwannasopha,0,3,3
Siriway,3,0,3
Siriwong,3,0,3
Siriyakhon,0,3,3
Siriyalatha,0,3,3
Siriyana,0,3,3
Sirjako,3,0,3
Sirjon,3,0,3
Sirka,0,3,3
Sirksje,0,3,3
Sirlena,0,3,3
Sirlin,3,0,3
Sirlina,0,3,3
Sırma,0,3,3
Sirman,3,0,3
Sirmione,0,3,3
Sirmirna,0,3,3
Sirmond,3,0,3
Sirnwi,0,3,3
Sirodj,3,0,3
Sirodjenidevi,0,3,3
Sirodjini,0,3,3
Sirodjnie,0,3,3
Sirodjniekoemarie,0,3,3
Siroesj,0,3,3
Sirohdjenie,0,3,3
Sirojana,0,3,3
Sirojini,0,3,3
Siromanie,0,3,3
Siromany,0,3,3
Siromeni,0,3,3
Siromenie,0,3,3
Sironah,0,3,3
Sironi,0,3,3
Sironn,3,0,3
Sirony,0,3,3
Sironya,0,3,3
Sirop,0,3,3
Siros,3,0,3
Siroshni,0,3,3
Sirosnie,0,3,3
Siroub,3,0,3
Sirowi,3,0,3
Siroy,3,0,3
Sirpke,0,3,3
Sirpz,3,0,3
Sirrano,3,0,3
Sirranoes,3,0,3
Sirré,3,0,3
Sirre,0,3,3
Sirrigno,3,0,3
Sirrochana,0,3,3
Sirtabia,0,3,3
Sirtadji,0,3,3
Sirtaj,3,0,3
Sirtaji,0,3,3
Sirthanio,3,0,3
Sirtiena,0,3,3
Sirtjeliena,0,3,3
Sirto,3,0,3
Sirtse,0,3,3
Sirtske,0,3,3
Sirunik,0,3,3
Sirushik,0,3,3
Sirvani,3,0,3
Sirvanna,0,3,3
Sirvannah,0,3,3
Sirvasius,3,0,3
Sirvaya,0,3,3
Sirvinyo,3,0,3
Sirvirio,3,0,3
Sirwa,0,3,3
Sirwart,0,3,3
Siryane,0,3,3
Siryen,3,0,3
Siryne,0,3,3
Sisal,0,3,3
Sisan,3,0,3
Sisara,0,3,3
Sisarosa,0,3,3
Sisayaah,0,3,3
Sisceley,0,3,3
Sise,0,3,3
Sisela,0,3,3
Siseley,0,3,3
Siselia,0,3,3
Sisely,0,3,3
Sisemma,0,3,3
Siseny,0,3,3
Siséra,0,3,3
Sisérah,0,3,3
Sisero,3,0,3
Siserre,0,3,3
Sishem,0,3,3
Sishi,0,3,3
Sishlaine,0,3,3
Sishta,0,3,3
Sishwantsingh,3,0,3
Sisí,0,3,3
Sisia,0,3,3
Sisiatty,0,3,3
Sisie,0,3,3
Sisikim,0,3,3
Sisilya,0,3,3
Sisimaile,0,3,3
Sisina,0,3,3
Sisira,3,0,3
Sisiraine,0,3,3
Sisja,0,3,3
Sisleen,0,3,3
Sisly,0,3,3
Sismée,0,3,3
Sisny,0,3,3
Sisonia,0,3,3
Sisqó,3,0,3
Sissai,3,0,3
Sissèl,0,3,3
Sissely,0,3,3
Sissérah,0,3,3
Sissey,0,3,3
Sissi-Maria,0,3,3
Sissiahna,0,3,3
Sissilia,0,3,3
Sissinius,3,0,3
Sissly-Jones,0,3,3
Sissoko,0,3,3
Sissyley,0,3,3
Sistali,3,0,3
Sistinari-Caitlin,0,3,3
Sistor,3,0,3
Sistra,0,3,3
Sisuwira,0,3,3
Sisvinailis,0,3,3
Siswa,0,3,3
Siswantoro,3,0,3
Siszy,0,3,3
Sîtâ,0,3,3
Sita-Mae,0,3,3
Sita-Maria,0,3,3
Sita-Rani,0,3,3
Sitabia,0,3,3
Sitadevi,0,3,3
Sitadewi,0,3,3
Sitael,3,0,3
Sitaf,0,3,3
Sitai,3,0,3
Sital,3,0,3
Sitaloe,0,3,3
Sitam,0,3,3
Sitamata,3,0,3
Sitan,3,0,3
Sitana,0,3,3
Sitander,3,0,3
Sitania,0,3,3
Sitanio,3,0,3
Sitansu,3,0,3
Sitara-Ambar,0,3,3
Sitara-Devi,0,3,3
Sitarani,0,3,3
Sitárih,0,3,3
Sitaron,3,0,3
Sitary,0,3,3
Sitavati,0,3,3
Sitaya,0,3,3
Sitcha,0,3,3
Sitcheu,0,3,3
Sitdika,0,3,3
Sıtdıka,0,3,3
Siteshkoemar,3,0,3
Sitfard,0,3,3
Sithembinkosi,0,3,3
Sithou,3,0,3
Sithum,3,0,3
Sithy,0,3,3
Sitî,0,3,3
Siti-Husnah,0,3,3
Siti-Marisha,0,3,3
Sitianie,0,3,3
Sitiantely,0,3,3
Sitiasia,0,3,3
Sitidja,0,3,3
Sitiek,0,3,3
Sitieksoewartih,0,3,3
Sitiezuaria,0,3,3
Sitikka,0,3,3
Sitina,0,3,3
Sitinder,0,3,3
Sitipatima,0,3,3
Sitira,0,3,3
Sitisuraja,0,3,3
Sitiyao,0,3,3
Sitladebie,0,3,3
Sitma,0,3,3
Sitney,3,0,3
Sitoë,0,3,3
Sitong,3,0,3
Sitool,0,3,3
Sitor,3,0,3
Sitota,3,0,3
Sitou,3,0,3
Sitra,0,3,3
Sitri,3,0,3
Sitsi,0,3,3
Sitska,0,3,3
Sitsofe,0,3,3
Sitsubin,0,3,3
Sittena,0,3,3
Sittha-Beau,0,3,3
Sitthichok,3,0,3
Sitthiphon,3,0,3
Sitti-Dina,0,3,3
Sittichai,3,0,3
Sittichoke,3,0,3
Sittidjawia,0,3,3
Sittie,0,3,3
Sittih,0,3,3
Sıttık,3,0,3
Sittiye,0,3,3
Sity-Sharifa,0,3,3
Sitz,3,0,3
Siu-Cheong,3,0,3
Siu-Chi,0,3,3
Siu-chung,3,0,3
Siu-Han,0,3,3
Siu-Ho,3,0,3
Siu-Hong,3,0,3
Siu-Jee,3,0,3
Siu-King,0,3,3
Siu-Kit,3,0,3
Siu-Kwan,0,3,3
Siu-Laam,3,0,3
Siu-Lai,0,3,3
Siu-Lam,0,3,3
Siu-Lie,0,3,3
Siu-Lien,0,3,3
Siu-Lok,3,0,3
Siu-Long,3,0,3
Siu-Mei,0,3,3
Siu-Min,0,3,3
Siu-Ming,3,0,3
Siu-Thin,3,0,3
Siu-Ting,0,3,3
Siu-Wing,3,0,3
Siu-Yan,0,3,3
Siu-Yen,0,3,3
Siu-Yie,0,3,3
Siuar,3,0,3
Siug,0,3,3
Siuké,3,0,3
Siulai,0,3,3
Siulay,0,3,3
Siuliantie,0,3,3
Siulie,0,3,3
Siuling,0,3,3
Siuman,0,3,3
Siumie,0,3,3
Siurdt,3,0,3
Siurdtje,0,3,3
Siurt,3,0,3
Siuwen,0,3,3
Siuwla,0,3,3
Siuzen,0,3,3
Sivaan,0,3,3
Sivaani,0,3,3
Sivabalan,3,0,3
Sivagasan,3,0,3
Sivah,3,0,3
Sivahamaluxmy,0,3,3
Sivahm,3,0,3
Sivaho,3,0,3
Sivajan,3,0,3
Sivajini,0,3,3
Sivajo,3,0,3
Sivakamy,0,3,3
Sivakarny,0,3,3
Sivakarrtik,3,0,3
Sivakon,3,0,3
Sivakorn,3,0,3
Sivakumar,0,3,3
Sival,3,0,3
Sivane,0,3,3
Sivanna,0,3,3
Sivannia,0,3,3
Sivanuja,0,3,3
Sivapatharatan,3,0,3
Sivapereya,0,3,3
Sivaraam,3,0,3
Sivaram,3,0,3
Sivaraman,0,3,3
Sivarish,3,0,3
Sivaro,3,0,3
Sivaron,0,3,3
Sivavarnisshan,3,0,3
Sivaya,0,3,3
Sivayo,3,0,3
Sivbhawanie,0,3,3
Siveline,0,3,3
Sivemy,0,3,3
Sivenne,0,3,3
Sivennio,3,0,3
Sivensio,3,0,3
Siventhiran,3,0,3
Siver,3,0,3
Siverdiena,0,3,3
Siverijn,3,0,3
Siverina,0,3,3
Siverino,3,0,3
Siverne,0,3,3
Sivertje,0,3,3
Siveta,0,3,3
Sivia,0,3,3
Siviä,0,3,3
Siviana,0,3,3
Siviar,3,0,3
Sivienka,0,3,3
Siviënne,0,3,3
Siviglia,0,3,3
Sivik,3,0,3
Sivika,0,3,3
Sivincio,3,0,3
Sivirone,3,0,3
Sivis,0,3,3
Sivithan,3,0,3
Siviyano,3,0,3
Sivjot,3,0,3
Sivonne,0,3,3
Sivora,0,3,3
Sivorino,3,0,3
Sivra,0,3,3
Sivrier,3,0,3
Siwa-Allano,3,0,3
Siwaar,3,0,3
Siwaash,3,0,3
Siwandar,3,0,3
Siwang,0,3,3
Siwani,0,3,3
Siwantha,3,0,3
Siwaquela,0,3,3
Siwarda,0,3,3
Siwarenan,0,3,3
Siwasti,0,3,3
Siwen,3,0,3
Siwer,3,0,3
Siwerd,3,0,3
Siweris,3,0,3
Siwertine,0,3,3
Siwin,3,0,3
Siwina,0,3,3
Siwo,3,0,3
Siwora,0,3,3
Siwradjie,0,3,3
Sixan,0,3,3
Sixiao,3,0,3
Sixiomaira,0,3,3
Sixjahfayrah,0,3,3
Sixsandra,0,3,3
Sixte,3,0,3
Sixtiënne,0,3,3
Siyaa,0,3,3
Siyaal,3,0,3
Siyaam,0,3,3
Siyaar,3,0,3
Siyaara,0,3,3
Siyade,0,3,3
Siyah,0,3,3
Siyaina,0,3,3
Siyamak,3,0,3
Siyána,0,3,3
Siyanda,3,0,3
Siyang,3,0,3
Siyani,0,3,3
Siýanna,0,3,3
Siyanne,0,3,3
Siyansi,0,3,3
Siyany,3,0,3
Siyao,0,3,3
Siyasanga,0,3,3
Siyaset,0,3,3
Siyat,3,0,3
Siyé,3,0,3
Siyel,3,0,3
Siyena,0,3,3
Siyer,3,0,3
Siyerumè,0,3,3
Siygh'dwinhna,0,3,3
Siyhan,3,0,3
Siyinga,0,3,3
Siyo,3,0,3
Siyona,0,3,3
Siyonah,0,3,3
Siyra,0,3,3
Siyrat,0,3,3
Siyumara,0,3,3
Siyvoja,0,3,3
Siywash,3,0,3
Sizan,3,0,3
Sizèd,0,3,3
Sizet,0,3,3
Sizilindo,3,0,3
Sizya,0,3,3
Sizzel,0,3,3
Sja-iera,0,3,3
Sja-Lin,0,3,3
Sja-net,0,3,3
Sjaadie,3,0,3
Sjaaf-Ali,3,0,3
Sjaaheda,0,3,3
Sjaahien,0,3,3
Sjaahin,3,0,3
Sjaaiesta,0,3,3
Sjaakirah,0,3,3
Sjaakjen,0,3,3
Sjaakoo,3,0,3
Sjaaktje,0,3,3
Sjaami,3,0,3
Sjaamkoemar,3,0,3
Sjaana,0,3,3
Sjaanath,3,0,3
Sjaanet,0,3,3
Sjaanetje,0,3,3
Sjaani,0,3,3
Sjaariefa,0,3,3
Sjabaan,3,0,3
Sjaban,3,0,3
Sjabanie,0,3,3
Sjabbe-Jan,3,0,3
Sjabbegiena,0,3,3
Sjabbegina,0,3,3
Sjabberina,0,3,3
Sjabbine,0,3,3
Sjâber,3,0,3
Sjabertus,3,0,3
Sjabiena,0,3,3
Sjabier,3,0,3
Sjabir,3,0,3
Sjabke,0,3,3
Sjabrin,3,0,3
Sjabrina,0,3,3
Sjacalien,0,3,3
Sjaceline,0,3,3
Sjachar,3,0,3
Sjackana,0,3,3
Sjackóo,0,3,3
Sjacolien,0,3,3
Sjacoline,0,3,3
Sjacomeino,3,0,3
Sjacomo,3,0,3
Sjad,3,0,3
Sjadbe,3,0,3
Sjadday,0,3,3
Sjadee,0,3,3
Sjadela,0,3,3
Sjadero,3,0,3
Sjadia,0,3,3
Sjadikin,3,0,3
Sjadine,0,3,3
Sjadir,3,0,3
Sjadira,0,3,3
Sjadirah,0,3,3
Sjadisa,0,3,3
Sjadra,0,3,3
Sjadrak,3,0,3
Sjady,3,0,3
Sjaen,3,0,3
Sjaenet,0,3,3
Sjafaat,3,0,3
Sjafaát,3,0,3
Sjafanny,0,3,3
Sjafaro,3,0,3
Sjafieg,3,0,3
Sjafiejoellah,3,0,3
Sjafieka,0,3,3
Sjafiera,0,3,3
Sjafija,0,3,3
Sjafiq,3,0,3
Sjafiqa,0,3,3
Sjafra,0,3,3
Sjafrul,3,0,3
Sjafynah,0,3,3
Sjagalio,3,0,3
Sjaghoefta,0,3,3
Sjagoofa,0,3,3
Sjahad,3,0,3
Sjahan,3,0,3
Sjahbaaz,3,0,3
Sjahdian,3,0,3
Sjahed,3,0,3
Sjahedalie,3,0,3
Sjaheem,3,0,3
Sjahida,0,3,3
Sjahieda,0,3,3
Sjahil,3,0,3
Sjahir,3,0,3
Sjahira,0,3,3
Sjahjdehan,3,0,3
Sjahlaa,0,3,3
Sjahnaas,0,3,3
Sjahnita,0,3,3
Sjahnoa,3,0,3
Sjahoz,3,0,3
Sjahresa,0,3,3
Sjahrial,3,0,3
Sjahril,3,0,3
Sjahrina,0,3,3
Sjahrmila,0,3,3
Sjahrzad,0,3,3
Sjahsandra,0,3,3
Sjahyd,3,0,3
Sjahyna,0,3,3
Sjahzaadi,0,3,3
Sjaï,3,0,3
Sjaïcha,0,3,3
Sjaief,3,0,3
Sjäiera,0,3,3
Sjáiesta,0,3,3
Sjaif,3,0,3
Sjailendra,3,0,3
Sjailindra,3,0,3
Sjailindrekoemar,3,0,3
Sjailis,3,0,3
Sjailish,3,0,3
Sjaimila,0,3,3
Sjainaasgatoen,0,3,3
Sjaïnda,0,3,3
Sjainel,3,0,3
Sjainitta,0,3,3
Sjairo,3,0,3
Sjaista,0,3,3
Sjaïstha,0,3,3
Sjaistha,0,3,3
Sjaj,3,0,3
Sjajan,3,0,3
Sjakalin,0,3,3
Sjakcoliene,0,3,3
Sjaked,0,3,3
Sjakeliena,0,3,3
Sjakelina,0,3,3
Sjakera,0,3,3
Sjaki,0,3,3
Sjakiena,0,3,3
Sjakier,3,0,3
Sjakierhoessein,3,0,3
Sjakil,3,0,3
Sjakila,0,3,3
Sjakiro,3,0,3
Sjakjien,3,0,3
Sjakkeliene,0,3,3
Sjakkoo,3,0,3
Sjaklien,0,3,3
Sjakoentela,0,3,3
Sjakolina,0,3,3
Sjakyra,0,3,3
Sjal,3,0,3
Sjalaika,0,3,3
Sjalaine,0,3,3
Sjalestia,0,3,3
Sjalev,3,0,3
Sjaleya,0,3,3
Sjali,3,0,3
Sjalia,0,3,3
Sjaliena,0,3,3
Sjalima,0,3,3
Sjalin,0,3,3
Sjalini,0,3,3
Sjalinie,0,3,3
Sjalise,0,3,3
Sjalishkumar,3,0,3
Sjalitha,0,3,3
Sjallinie,0,3,3
Sjalome,0,3,3
Sjalôme,0,3,3
Sjalomee,0,3,3
Sjalotte,0,3,3
Sjaltiel,3,0,3
Sjaly,0,3,3
Sjalyny,0,3,3
Sjamaan,3,0,3
Sjamaani,0,3,3
Sjamac,3,0,3
Sjamaêl,3,0,3
Sjamaimah,0,3,3
Sjamaiphon,0,3,3
Sjamaïre,0,3,3
Sjamal,3,0,3
Sjamalie,0,3,3
Sjamana,0,3,3
Sjamanie,0,3,3
Sjamanja,0,3,3
Sjamaree,0,3,3
Sjambertus,3,0,3
Sjambina,0,3,3
Sjamee,0,3,3
Sjameima,0,3,3
Sjamel,3,0,3
Sjamèl,0,3,3
Sjamell,3,0,3
Sjamenie,0,3,3
Sjamiel,3,0,3
Sjamiël,3,0,3
Sjamiema,0,3,3
Sjaminagatoen,0,3,3
Sjamkelina,0,3,3
Sjamkoemar,3,0,3
Sjammah,3,0,3
Sjammarieke,0,3,3
Sjamnarain,3,0,3
Sjamona,0,3,3
Sjamrita,0,3,3
Sjams,3,0,3
Sjamseddine,3,0,3
Sjamsi,3,0,3
Sjamsoender,3,0,3
Sjamsoendersing,3,0,3
Sjamsuddin,3,0,3
Sjamuëla,0,3,3
Sjamy,3,0,3
Sjamyla,0,3,3
Sjanal,0,3,3
Sjananand,3,0,3
Sjandan,3,0,3
Sjander,3,0,3
Sjandica,0,3,3
Sjandira,0,3,3
Sjandrah,0,3,3
Sjané,0,3,3
Sjane-Marie,0,3,3
Sjanee,0,3,3
Sjaneej,0,3,3
Sjaneke,0,3,3
Sjanelia,0,3,3
Sjanelien,0,3,3
SjanElle,0,3,3
Sjaneska,0,3,3
Sjanet-Bregit,0,3,3
Sjänfarah,3,0,3
Sjangela,0,3,3
Sjanginio,3,0,3
Sjango,3,0,3
Sjania,0,3,3
Sjanicca,0,3,3
Sjanice,0,3,3
Sjanicha,0,3,3
Sjanick,0,3,3
Sjaniece,0,3,3
Sjanieke,0,3,3
Sjaniena,0,3,3
Sjanika,0,3,3
Sjanike,0,3,3
Sjanil,3,0,3
Sjanilëi,0,3,3
Sjanilva,0,3,3
Sjaninne,0,3,3
Sjanio,3,0,3
Sjanira,0,3,3
Sjanise,0,3,3
Sjanisha,0,3,3
Sjanmarie,0,3,3
Sjanna-Jo,0,3,3
Sjannah,0,3,3
Sjannelle,0,3,3
Sjannettie,0,3,3
Sjanni,0,3,3
Sjannieke,0,3,3
Sjannij,0,3,3
Sjanno,3,0,3
Sjanoa,0,3,3
Sjanobi,0,3,3
Sjanoe,0,3,3
Sjanoek,0,3,3
Sjanoeke,0,3,3
Sjanria,0,3,3
Sjantana,0,3,3
Sjantel,0,3,3
Sjantille,0,3,3
Sjanty,0,3,3
Sjanu,0,3,3
Sjao,0,3,3
Sjaquel,3,0,3
Sjaquiell,3,0,3
Sjar-ai,0,3,3
Sjaraara,0,3,3
Sjaraaragatoen,0,3,3
Sjaraï,0,3,3
Sjarài,0,3,3
Sjarai-Sherla,0,3,3
Sjaraija,0,3,3
Sjaraila,0,3,3
Sjaran,3,0,3
Sjarandel,3,0,3
Sjaranne,0,3,3
Sjarco,3,0,3
Sjarde,3,0,3
Sjardha,0,3,3
Sjardine,0,3,3
Sjardionne,3,0,3
Sjardo,3,0,3
Sjardy,3,0,3
Sjareen,0,3,3
Sjarella,0,3,3
Sjarena,0,3,3
Sjarènka,0,3,3
Sjarenteli,0,3,3
Sjarfkhan,3,0,3
Sjarge,3,0,3
Sjargé,3,0,3
Sjari,0,3,3
Sjarida,0,3,3
Sjariefah,0,3,3
Sjariel,3,0,3
Sjarien,0,3,3
Sjariena,0,3,3
Sjarieta,0,3,3
Sjarifoeddin,3,0,3
Sjarila,0,3,3
Sjarinda,0,3,3
Sjarinno,3,0,3
Sjarinta,0,3,3
Sjarive,0,3,3
Sjarlet,0,3,3
Sjarlus,3,0,3
Sjarmano,3,0,3
Sjarn,0,3,3
Sjaroch,3,0,3
Sjarón,3,0,3
Sjaronie,0,3,3
Sjaroon,0,3,3
Sjarstin,0,3,3
Sjarvinio,3,0,3
Sjarzadt,0,3,3
Sjasja,0,3,3
Sjaske,0,3,3
Sjaties,3,0,3
Sjatish,3,0,3
Sjatriev,3,0,3
Sjaukelina,0,3,3
Sjauket,3,0,3
Sjauktje,0,3,3
Sjaula,0,3,3
Sjauw-Foen,0,3,3
Sjauwet,3,0,3
Sjavella,0,3,3
Sjavena,0,3,3
Sjaw-toeng,3,0,3
Sjaya,0,3,3
Sjayandra,0,3,3
Sjayenne,0,3,3
Sjazara,0,3,3
Sjé,0,3,3
Sjeandrelicka,0,3,3
Sjeaneffry,3,0,3
Sjeanine,0,3,3
Sjeanne,0,3,3
Sjeanneke,0,3,3
Sjeannette,3,0,3
Sjeannita,0,3,3
Sjeany,0,3,3
Sjearon,0,3,3
Sjeba,0,3,3
Sjebbe,3,0,3
Sjebert,3,0,3
Sjechina,3,0,3
Sjechorah,0,3,3
Sjeden,3,0,3
Sjederick,3,0,3
Sjedeshly,0,3,3
Sjedreyno,3,0,3
Sjedri,0,3,3
Sjedy,3,0,3
Sjeena,0,3,3
Sjeerali,3,0,3
Sjeerk,3,0,3
Sjeert,3,0,3
Sjèf,3,0,3
Sjef-Jan,3,0,3
Sjef-Léon,3,0,3
Sjefana,0,3,3
Sjefani,0,3,3
Sjefanie,0,3,3
Sjefannie,0,3,3
Sjefèly,0,3,3
Sjeff,3,0,3
Sjeffa,0,3,3
Sjeffanie,0,3,3
Sjeffano,3,0,3
Sjefferi,3,0,3
Sjeffery,3,0,3
Sjeffey,3,0,3
Sjeffi,0,3,3
Sjeffino,3,0,3
Sjefie-Oellah,3,0,3
Sjefiena,0,3,3
Sjefy,3,0,3
Sjegran,3,0,3
Sjéh,3,0,3
Sjehad,0,3,3
Sjehenaaze,0,3,3
Sjeherazade,0,3,3
Sjehiel,3,0,3
Sjehlaney,0,3,3
Sjehroná,0,3,3
Sjeich,3,0,3
Sjeinna,0,3,3
Sjek,3,0,3
Sjeke,3,0,3
Sjekier,3,0,3
Sjekita,0,3,3
Sjekitarani,0,3,3
Sjekky,3,0,3
Sjelanne,0,3,3
Sjelema,0,3,3
Sjelemjah,3,0,3
Sjelique,0,3,3
Sjelisha,0,3,3
Sjelita,0,3,3
Sjelle,0,3,3
Sjellie,0,3,3
Sjello,3,0,3
Sjelomoh,3,0,3
Sjelou,3,0,3
Sjelvianne,0,3,3
Sjema,0,3,3
Sjemajah,3,0,3
Sjêmè,3,0,3
Sjemelro,3,0,3
Sjemena,0,3,3
Sjemilla,0,3,3
Sjemmesj,3,0,3
Sjemoeêl,3,0,3
Sjemtov,3,0,3
Sjemyron,3,0,3
Sjèn,3,0,3
Sjenaas,0,3,3
Sjenaily,0,3,3
Sjenája,0,3,3
Sjenash,0,3,3
Sjène,3,0,3
Sjenevieve,0,3,3
Sjengal,0,3,3
Sjengske,3,0,3
Sjengy,3,0,3
Sjenie,3,0,3
Sjenieka,0,3,3
Sjenike,0,3,3
Sjenikki,0,3,3
Sjenina,0,3,3
Sjeniqua,0,3,3
Sjenje,0,3,3
Sjenn,3,0,3
Sjennah,0,3,3
Sjennine,0,3,3
Sjenouda,0,3,3
Sjentino,3,0,3
Sjenyro,3,0,3
Sjepko,3,0,3
Sjéra,0,3,3
Sjeraar,3,0,3
Sjeraldine,0,3,3
Sjeramaine,0,3,3
Sjerandu,3,0,3
Sjerano,3,0,3
Sjerd,3,0,3
Sjerda,0,3,3
Sjéreda,0,3,3
Sjèrède,0,3,3
Sjerella,0,3,3
Sjeremy,3,0,3
Sjerendi,3,0,3
Sjerennethy,0,3,3
Sjereno,3,0,3
Sjerhiel,0,3,3
Sjerief,3,0,3
Sjèriet,0,3,3
Sjerinagatoen,0,3,3
Sjerionda,0,3,3
Sjerisa,0,3,3
Sjèrke,3,0,3
Sjérke,3,0,3
Sjerke,3,0,3
Sjerko,3,0,3
Sjerlien,0,3,3
Sjerline,0,3,3
Sjermaine,0,3,3
Sjermano,3,0,3
Sjermijn,0,3,3
Sjermon,3,0,3
Sjerna,0,3,3
Sjerodise,0,3,3
Sjeroe,3,0,3
Sjeromani,0,3,3
Sjéron,0,3,3
Sjerona,0,3,3
Sjerp-Jan,3,0,3
Sjerquior,3,0,3
Sjerra,3,0,3
Sjerre,0,3,3
Sjerrelin,0,3,3
Sjerrin,3,0,3
Sjerryn,0,3,3
Sjers,3,0,3
Sjert,3,0,3
Sjertsje,0,3,3
Sjervenne,0,3,3
Sjervinio,3,0,3
Sjervino,3,0,3
Sjerwien,3,0,3
Sjery,0,3,3
Sjerziño,3,0,3
Sjesaya,0,3,3
Sjescovion,3,0,3
Sjêsj,0,3,3
Sjesjanne,0,3,3
Sjetreysia,0,3,3
Sjeur,3,0,3
Sjev,3,0,3
Sjeva,0,3,3
Sjeval,3,0,3
Sjevardnadze,3,0,3
Sjevela,0,3,3
Sjevelinhio,3,0,3
Sjew,0,3,3
Sjhadré,0,3,3
Sjhenas,0,3,3
Sjhezana,0,3,3
Sjhonny,3,0,3
Sjico,3,0,3
Sjië,0,3,3
Sjieeuwke,0,3,3
Sjiema,0,3,3
Sjiemalalieng,3,0,3
Sjien,3,0,3
Sjierly,0,3,3
Sjieuwkeline,0,3,3
Sjieuwken,0,3,3
Sjiewani,0,3,3
Sjiewanie,0,3,3
Sjiewe,3,0,3
Sjiewke,0,3,3
Sjifaan,3,0,3
Sjifah,0,3,3
Sjifayat,3,0,3
Sjifrah,0,3,3
Sjihaabeddien,3,0,3
Sjihabaddin,3,0,3
Sjiki,0,3,3
Sjilda,0,3,3
Sjili,0,3,3
Sjilke,3,0,3
Sjilko,3,0,3
Sjill,3,0,3
Sjinto,0,3,3
Sjip,3,0,3
Sjipke,3,0,3
Sjirah,0,3,3
Sjiral,0,3,3
Sjiri,0,3,3
Sjirine,0,3,3
Sjirk-Holger,3,0,3
Sjirka,0,3,3
Sjirkco,3,0,3
Sjirkeline,0,3,3
Sjirksjoerd,3,0,3
Sjirlie,0,3,3
Sjirma,3,0,3
Sjiron,3,0,3
Sjirp,3,0,3
Sjirra,0,3,3
Sjiske,0,3,3
Sjiuwke,0,3,3
Sjivano,3,0,3
Sjiwanie,0,3,3
Sjlomit,0,3,3
Sjlomo,3,0,3
Sjmoedla,0,3,3
Sjo-Anna,0,3,3
Sjo-Djang,3,0,3
Sjo-Heu,3,0,3
Sjo-Ling,3,0,3
Sjo-Wah,3,0,3
Sjoa,0,3,3
Sjoan,0,3,3
Sjobbe,3,0,3
Sjobha,0,3,3
Sjobian,0,3,3
Sjobke,0,3,3
Sjock,3,0,3
Sjoeco,3,0,3
Sjoedina,0,3,3
Sjoeding,0,3,3
Sjoedy,0,3,3
Sjoei,0,3,3
Sjoeka,0,3,3
Sjoekelina,0,3,3
Sjoekina,0,3,3
Sjoeko,3,0,3
Sjoekoer,3,0,3
Sjoekri,3,0,3
Sjoeky,0,3,3
Sjoël,0,3,3
Sjoelaika,0,3,3
Sjoelmo,3,0,3
Sjoeltje,0,3,3
Sjoer,3,0,3
Sjôêrâ,0,3,3
Sjoerd-Arend,3,0,3
Sjoerd-Ate,3,0,3
Sjoerd-Auke,3,0,3
Sjoerd-Christian,3,0,3
Sjoerd-Evert,3,0,3
Sjoerd-Fokke,3,0,3
Sjoerd-Hessel,3,0,3
Sjoerd-Jelle,3,0,3
Sjoerd-Martijn,3,0,3
Sjoerd-Michiel,3,0,3
Sjoerd-Mijndert,3,0,3
Sjoerd-Ouwe,3,0,3
Sjoerd-Paul,3,0,3
Sjoerd-Pieter,3,0,3
Sjoerd-Remco,3,0,3
Sjoerd-Wilbert,3,0,3
Sjoerd-Wolfert,3,0,3
Sjoerd-Wouter,3,0,3
Sjoerdailey,0,3,3
Sjoerdaniel,3,0,3
Sjoerdaniëlla,0,3,3
Sjoerddien,0,3,3
Sjoerddina,0,3,3
Sjoerdieke,0,3,3
Sjoerdien,0,3,3
Sjoerdientje,0,3,3
Sjoerdith,0,3,3
Sjoerdje-Jantiene,0,3,3
Sjoerdtje-Maaike,0,3,3
Sjoerdviënne,0,3,3
Sjoerendi,3,0,3
Sjoeres,3,0,3
Sjoerida,0,3,3
Sjoerie,0,3,3
Sjoerien,0,3,3
Sjoerke,0,3,3
Sjoerma,0,3,3
Sjoern,3,0,3
Sjoertailyson,3,0,3
Sjoertaizyon,3,0,3
Sjoertine,0,3,3
Sjoertinus,3,0,3
Sjoertyn,0,3,3
Sjoervently,3,0,3
Sjoerye-Prebhat,3,0,3
Sjoeryi,0,3,3
Sjoesjanah,0,3,3
Sjoewella,0,3,3
Sjoffrey,3,0,3
Sjofik,3,0,3
Sjohan,0,3,3
Sjohban,3,0,3
Sjok,3,0,3
Sjöke,3,0,3
Sjokhilie,3,0,3
Sjokothji,3,0,3
Sjolaisa,0,3,3
Sjolanda,0,3,3
Sjolda,0,3,3
Sjoliena,0,3,3
Sjôline,0,3,3
Sjolivia,0,3,3
Sjolke,3,0,3
Sjolles,3,0,3
Sjollie,0,3,3
Sjollien,0,3,3
Sjolly,0,3,3
Sjoltje,0,3,3
Sjoltsje,0,3,3
Sjomaira,0,3,3
Sjomanie,3,0,3
Sjona,0,3,3
Sjonah,0,3,3
Sjonaika,0,3,3
Sjôndro,3,0,3
Sjonetta,0,3,3
Sjonette,0,3,3
Sjonie,0,3,3
Sjonkie,3,0,3
Sjonne,3,0,3
Sjonney,3,0,3
Sjonni,3,0,3
Sjonnie-Edward,3,0,3
Sjonnie-Junior,3,0,3
Sjonueva,0,3,3
Sjoo,0,3,3
Sjoore,3,0,3
Sjophiel,3,0,3
Sjor,3,0,3
Sjoraih,3,0,3
Sjorain,0,3,3
Sjöran,3,0,3
Sjordiany,0,3,3
Sjorelli,0,3,3
Sjorné,3,0,3
Sjorre,3,0,3
Sjors-Elin,0,3,3
Sjors-Lowis,3,0,3
Sjors-Martin,3,0,3
Sjors-Robin,3,0,3
Sjors-Victor,3,0,3
Sjorsine,0,3,3
Sjorsj,3,0,3
Sjorsjan,3,0,3
Sjorsji,3,0,3
Sjorz,0,3,3
Sjorzette,0,3,3
Sjorzina,0,3,3
Sjosèvhe,3,0,3
Sjosh,3,0,3
Sjoshanna,0,3,3
Sjosjana,0,3,3
Sjost,3,0,3
Sjou-Fen,3,0,3
Sjou-Sha,0,3,3
Sjou-Woen,3,0,3
Sjouckje,0,3,3
Sjouelle,0,3,3
Sjouely,0,3,3
Sjoukali,3,0,3
Sjoukat,3,0,3
sjouke,3,0,3
Sjouke-Geert,3,0,3
Sjoukeszoon,3,0,3
Sjoukiene,0,3,3
Sjoukje-Andrea,0,3,3
Sjoukje-Anja,0,3,3
Sjoukje-Johanna,0,3,3
Sjoukje-Marije,0,3,3
Sjoulina,0,3,3
Sjoundel,3,0,3
Sjourama,0,3,3
Sjourdje,0,3,3
Sjoureney,0,3,3
Sjoutine,0,3,3
Sjouwk,0,3,3
Sjouwkjen,0,3,3
Sjovanni,3,0,3
Sjozette,0,3,3
Sjraarke,3,0,3
Sjrah,3,0,3
Sjrif,3,0,3
SJT,0,3,3
Sjuan,0,3,3
Sjuandrey,3,0,3
Sjuck-Hotze,3,0,3
Sjud,0,3,3
Sjudjing,0,3,3
Sjudry-Ilona,0,3,3
Sjuduart,3,0,3
Sjudweny,3,0,3
Sjue,0,3,3
Sjueke,0,3,3
Sjuell,3,0,3
Sjuirenneth,0,3,3
Sjuk-Ernest,3,0,3
Sjuke,3,0,3
Sjukko,3,0,3
Sjul,3,0,3
Sjulaica,0,3,3
Sjulaika,0,3,3
Sjuleke,3,0,3
Sjuliang,3,0,3
Sjulietta,0,3,3
Sjuliviene,0,3,3
Sjulliene,0,3,3
Sjumaily,0,3,3
Sjunailie,0,3,3
Sjunhilly,0,3,3
Sjunne,0,3,3
Sjunnesi,0,3,3
Sjunny,3,0,3
Sjur,3,0,3
Sjuraily,0,3,3
Sjuralden,3,0,3
Sjurandley,3,0,3
Sjurandy,3,0,3
Sjuraymi,0,3,3
Sjurd,3,0,3
Sjûrd,3,0,3
Sjurdaney,0,3,3
Sjurensly,3,0,3
Sjuriona,0,3,3
Sjurley,0,3,3
Sjurnailys,0,3,3
Sjurvelon,3,0,3
Sjurviensley,3,0,3
Sjuryon,3,0,3
Sjutjanna,0,3,3
Sjutke,0,3,3
Sjuttsje,0,3,3
Sjuulka,0,3,3
Sjuuly,0,3,3
Sjuwkhe,0,3,3
Sjuwkina,0,3,3
Sjvan,3,0,3
Sjyro,3,0,3
Skaay,0,3,3
Skady,0,3,3
Skaidi,3,0,3
Skaidrite,0,3,3
Skailynn,0,3,3
Skaiste,0,3,3
Skaiye,0,3,3
Skaje,3,0,3
Skald,3,0,3
Skalk-Adriaan,3,0,3
Skalo,3,0,3
Skamander,3,0,3
Skanda,0,3,3
Skandeniedebie,0,3,3
Skara,0,3,3
Skaré,0,3,3
Skarin,0,3,3
Skato,3,0,3
Skaut,3,0,3
Skày,3,0,3
Skay-Danley,3,0,3
Skaylar,3,0,3
Skayler-Jay,3,0,3
Skeena,0,3,3
Skeeter-Naära,0,3,3
Skelly,3,0,3
Skelt,3,0,3
Skelto,3,0,3
Skeltsje,0,3,3
Skerret,3,0,3
Skett,3,0,3
Skéyenno,3,0,3
Ski,3,0,3
Skiah,0,3,3
Skiandre,3,0,3
Skiandri,3,0,3
Skick,3,0,3
Skid,3,0,3
Skienie,3,0,3
Skièno,3,0,3
Skiff,3,0,3
Skijn,3,0,3
Skil,3,0,3
Skill,3,0,3
Skilly,0,3,3
Skinner,3,0,3
Skinnij,3,0,3
Skipe,3,0,3
Skippio,3,0,3
Skiriyana,0,3,3
Skiron,0,3,3
Skjoldborg,3,0,3
Sklierijenn,0,3,3
Sklodowska,0,3,3
Sko,3,0,3
Skoert,3,0,3
Skofia,0,3,3
Skolawn,3,0,3
Skomer,3,0,3
Skotia,0,3,3
Skotke,0,3,3
Skovdal,3,0,3
Skovgaard,3,0,3
Skrallan,0,3,3
Skrällan,0,3,3
Skule,3,0,3
Skull,3,0,3
Sküllar,0,3,3
Skully,3,0,3
Skuular,0,3,3
Sky-Ann,0,3,3
Sky-Bella,0,3,3
Sky-Jane,0,3,3
Sky-Julian,3,0,3
Sky-Lee,0,3,3
Sky-Lynn,0,3,3
Sky-Pascal,3,0,3
Sky-Phiryn,0,3,3
Sky-Sierra,0,3,3
Skydain,3,0,3
Skyderita,0,3,3
Skye-Lee,3,0,3
Skye-lynn,0,3,3
Skye-Lynn,0,3,3
Skye-Rose,0,3,3
Skyelinn,0,3,3
Skyen,3,0,3
Skyerah,0,3,3
Skyfire,3,0,3
Skyiano,3,0,3
Skylair,3,0,3
Skylär,0,3,3
Skylar-Grace,0,3,3
Skylar-Moon,0,3,3
Skylàr-Océane,0,3,3
Skylar-Rae,0,3,3
Skylar-Raven,0,3,3
Skylar-Rey,3,0,3
Skylar-Rose,0,3,3
Skylare,3,0,3
Skylarr,0,3,3
Skylax,3,0,3
Skyler-Agnes,0,3,3
Skyler-Imley,3,0,3
Skyley,0,3,3
Skylge,0,3,3
Skyller,3,0,3
Skyller-Quinn,0,3,3
Skylor,3,0,3
Skylynn,0,3,3
Skynt,3,0,3
Skyrn,3,0,3
Skywin,3,0,3
Sla,3,0,3
Slade,3,0,3
Sladjan,3,0,3
Slaf,3,0,3
Slafek,3,0,3
Slahaldiin,3,0,3
Slahoeddien,3,0,3
Slaiman,3,0,3
Slainé,3,0,3
Sláine,3,0,3
Slameth,3,0,3
Slapa,0,3,3
Slauko,3,0,3
Slavante,0,3,3
Slave,3,0,3
Slaveiko,3,0,3
Slávek,3,0,3
Slavenka,0,3,3
Slaveya,0,3,3
Slavic,3,0,3
Slaviča,0,3,3
Slavik,3,0,3
Slávina,0,3,3
Slavna,0,3,3
Slavomir,3,0,3
Slavov,3,0,3
Slavova,0,3,3
Slavyan,3,0,3
Slawa,0,3,3
Slawik,3,0,3
Slawina,0,3,3
Slawko,3,0,3
Slay,3,0,3
Sleeman,3,0,3
Sleiny,3,0,3
Slemano,3,0,3
Slen,3,0,3
Slide,3,0,3
Sliem,3,0,3
Sligte,3,0,3
Sliha,0,3,3
Slimen,3,0,3
Slivka,0,3,3
Sloan,0,3,3
Sloane,0,3,3
Sloanjoan,0,3,3
Sloann,0,3,3
Slobberdaane,3,0,3
Slobodane,3,0,3
Sloim,3,0,3
Sloman,3,0,3
Slotsch,3,0,3
Slowomir,3,0,3
Sluleyman,3,0,3
Slva,0,3,3
Slydean,3,0,3
Slyvia,0,3,3
Smah,0,3,3
Smahanne,0,3,3
Smahil,3,0,3
Smahila,0,3,3
Smaiel,3,0,3
Smaile,3,0,3
Smaiylsoniyonne,3,0,3
Smajil,3,0,3
Smala,0,3,3
Small,3,0,3
Smara,0,3,3
Smaradana,3,0,3
Smarakda,0,3,3
Smarlyn,0,3,3
Smartenrijk,3,0,3
Smayah-Joo,0,3,3
Smayan,3,0,3
Smayn,3,0,3
Smayo,3,0,3
Smbat,3,0,3
Smédra,0,3,3
Smeedie,3,0,3
Smeedster,0,3,3
Smeena,0,3,3
Smeha,0,3,3
Smeralda,0,3,3
Smerlin,0,3,3
Smerlyn,0,3,3
Smethasingh,0,3,3
Smiedra,0,3,3
Smiet,3,0,3
Smieta,0,3,3
Smijan,0,3,3
Smijling,3,0,3
Smiljan,3,0,3
Smina,0,3,3
Smiriti,0,3,3
Smirna,0,3,3
Smirthi,0,3,3
Smitadebie,0,3,3
Smitha,0,3,3
Smithinie,0,3,3
Smitje,0,3,3
Smoeni,0,3,3
Smoke,3,0,3
Smokey,3,0,3
Smokie,3,0,3
Smret,0,3,3
Smrina,0,3,3
Smritie,0,3,3
Smuni,0,3,3
Smuny,0,3,3
Smylla,0,3,3
Smyrana,0,3,3
Smyrna,0,3,3
Sna,0,3,3
Sna'a,0,3,3
Snaida,0,3,3
Snake,3,0,3
Snam,0,3,3
Snara,0,3,3
Snatee,0,3,3
Snega,0,3,3
Snegan,3,0,3
Snelte,3,0,3
Sneppa,0,3,3
Snezanna,0,3,3
Snharip,3,0,3
Snila,0,3,3
Snoeck,3,0,3
Snoek,3,0,3
Snorre,3,0,3
Snortee,0,3,3
Snowden,3,0,3
Snowy,0,3,3
Sntayehu,3,0,3
SnÆbjörn,3,0,3
So-Angelly,0,3,3
So-Cheung,0,3,3
So-Hae,0,3,3
So-Pok,0,3,3
So-Yin,0,3,3
Soa,0,3,3
Sôa,3,0,3
Soâd,0,3,3
Söad,0,3,3
Soada,0,3,3
Soala,3,0,3
Soamara,0,3,3
Soamel,3,0,3
Soames,3,0,3
Soán,0,3,3
Soana,0,3,3
Soandy,3,0,3
Soanna,0,3,3
Soão,3,0,3
Soar,3,0,3
Soáre,0,3,3
Soat,0,3,3
Soba,0,3,3
Sobai,0,3,3
Sobaidagatoen,0,3,3
Sobajda,0,3,3
Soban,3,0,3
Sobana,0,3,3
Sobar,3,0,3
Sobay,0,3,3
Sobeida,0,3,3
Soben,3,0,3
Sobena,0,3,3
Sobeya,0,3,3
Sobeyda,0,3,3
Sobeyel,3,0,3
Sóbha,3,0,3
Sobha-Serana,0,3,3
Sobhagwatie,0,3,3
Sobhana,0,3,3
Sobhanullah,3,0,3
Sobharam,3,0,3
Sobhiya,0,3,3
Sobhraj,3,0,3
Sobhray,3,0,3
Sobien,0,3,3
Sobiena,0,3,3
Sobirin,3,0,3
Sôbla,0,3,3
Sobman,3,0,3
Sobna,0,3,3
Sobra,3,0,3
Sobrah,0,3,3
Sobrianne,0,3,3
Sobryan,0,3,3
Soca,0,3,3
Socco,3,0,3
Soccorsa,0,3,3
Soce,3,0,3
Socelian,3,0,3
Sochi,0,3,3
Sochil,0,3,3
Sochna,0,3,3
Socia,0,3,3
Socorra,0,3,3
Socrates-Robert,3,0,3
Socratesse,0,3,3
Socratis,3,0,3
Sodagar,3,0,3
Sodairick,3,0,3
Sodalor,0,3,3
Sodarshan,3,0,3
Sodbaatar,3,0,3
Sodea,0,3,3
Sodeeq,3,0,3
Sodek,3,0,3
Soder,3,0,3
Sodeshkoemar,3,0,3
Sodey,0,3,3
Sodfa,0,3,3
Sodi,3,0,3
Sodia,0,3,3
Sodig,3,0,3
Sodis,0,3,3
Sodjaa,3,0,3
Sodoba,0,3,3
Sodom,3,0,3
Soé,0,3,3
Soe-Chi,0,3,3
Soe-djinah,0,3,3
Soe-estie,0,3,3
Soe-Fong,0,3,3
Soe-Jen,0,3,3
Soe-Jie,3,0,3
Soe-Jien,0,3,3
Soe-Ling,0,3,3
Soe-Mien,3,0,3
Soe-Moi,0,3,3
Soe-Mun,0,3,3
Soe-nio,0,3,3
Soe-Sam,0,3,3
Soe-sien,3,0,3
Soe-Tjien,0,3,3
Soe-tjien,0,3,3
Soeana,0,3,3
Soeandi,3,0,3
Soeanna,0,3,3
Soeanne,0,3,3
Soearnie,0,3,3
Soeatmi,3,0,3
Soebaar,3,0,3
Soebadhradewie,0,3,3
Soebadra,0,3,3
Soebagio,3,0,3
Soebaidagatoen,0,3,3
Soebaidha,0,3,3
Soebaiër,3,0,3
Soebaijda,0,3,3
Soebandrijo,3,0,3
Soebertine,0,3,3
Soebhaanali,3,0,3
Soebhaaschandre,3,0,3
Soebhadra-Devi,0,3,3
Soebhash,3,0,3
Soebhaskoemar,3,0,3
Soebhdershanadevi,0,3,3
Soebhier,3,0,3
Soebier,3,0,3
Soebinderpersad,3,0,3
Soebira,0,3,3
Soebito,3,0,3
Soebodhi,3,0,3
Soebrianna,0,3,3
Soebroto,3,0,3
Soecha,0,3,3
Soechietra,0,3,3
Soecil,0,3,3
Soecila,0,3,3
Soedabeh,0,3,3
Soedaily,0,3,3
Soedama,3,0,3
Soedar,3,0,3
Soedari,3,0,3
Soedario,3,0,3
Soedarjanto,3,0,3
Soedarmadji,3,0,3
Soedarman,3,0,3
Soedarmani,3,0,3
Soedarmie,0,3,3
Soedarnie,0,3,3
Soedarno,3,0,3
Soedarsih,0,3,3
Soedarsono,3,0,3
Soedartini,0,3,3
Soedarto,3,0,3
Soeded,0,3,3
Soedeep,3,0,3
Soedesch,3,0,3
Soedeshma,0,3,3
Soedeskoemaar,3,0,3
Soedeskumar,3,0,3
Soedew,3,0,3
Soedewa,3,0,3
Soedewo,3,0,3
Soedhadevie,0,3,3
Soedhanand,3,0,3
Soedharseni,0,3,3
Soedhiersain,3,0,3
Soedhirkoemar,3,0,3
Soedianti,3,0,3
Soediatmie,0,3,3
Soedie,0,3,3
Soedierman,3,0,3
Soedijani,0,3,3
Soedirajah,3,0,3
Soediran,3,0,3
Soedirjo,3,0,3
Soedishkoemar,3,0,3
Soediyanie,0,3,3
Soedjai,3,0,3
Soedjalmo,3,0,3
Soedjarmoen,3,0,3
Soedjarno,3,0,3
Soedjatawatie,0,3,3
Soedjeetsingh,3,0,3
Soedjietkoemar,3,0,3
Soedjietkumar,3,0,3
Soedjimin,3,0,3
Soedjini,0,3,3
Soedjondro,3,0,3
Soedyan,3,0,3
Soeëb,3,0,3
Soeëla,0,3,3
Soeëp,3,0,3
Soefaan,3,0,3
Soefaitly,3,0,3
Soefandi,3,0,3
Soefiane,3,0,3
Soefija,0,3,3
Soefiyaan,3,0,3
Soefje,0,3,3
Soefrah,0,3,3
Soefyda,0,3,3
Soegandha,0,3,3
Soegay,0,3,3
Soegerie,0,3,3
Soeghiato,3,0,3
Soeghra,0,3,3
Soegi,3,0,3
Soegianto,3,0,3
Soegiarta,3,0,3
Soegiarti,0,3,3
Soegiarto,3,0,3
Soegidjo,3,0,3
Soegiemin,3,0,3
Soegijantie,0,3,3
Soegijanto,3,0,3
Soegijono,3,0,3
Soegimin,3,0,3
Soegina,0,3,3
Soeginah,0,3,3
Soeginem,0,3,3
Soeginie,0,3,3
Soeginoh,3,0,3
Soegiri,0,3,3
Soegoele,3,0,3
Soegondo,3,0,3
Soegram,3,0,3
Soegrim,3,0,3
Soehana,0,3,3
Soehardijah,0,3,3
Soehardja,0,3,3
Soehardjo,3,0,3
Soehardy,3,0,3
Soeharti,0,3,3
Soehartono,3,0,3
Soehata,3,0,3
Soehayle,3,0,3
Soehela,0,3,3
Soeheriantin,3,0,3
Soehila,0,3,3
Soehindro,3,0,3
Soehmen,0,3,3
Soeï,0,3,3
Soei-Jin,0,3,3
Soei-Lan,0,3,3
Soei-Lien,0,3,3
Soei-Tjin,0,3,3
Soei-Woen,3,0,3
Soeij,3,0,3
Soej,3,0,3
Soejamin,3,0,3
Soejan,3,0,3
Soejardhi,3,0,3
Soejatenie,0,3,3
Soejhata,0,3,3
Soejhatadewi,0,3,3
Soejoto,3,0,3
Soek-Lan,0,3,3
Soekaemi,0,3,3
Soekama,0,3,3
Soekantie,0,3,3
Soekaptiah,0,3,3
Soekarcia,0,3,3
Soekardji,3,0,3
Soekarijo,3,0,3
Soekarlan,3,0,3
Soekarmen,3,0,3
Soekarmi,0,3,3
Soekarmie,0,3,3
Soekarpon,3,0,3
Soekartien,0,3,3
Soekati,0,3,3
Soekatin,0,3,3
Soekdai,0,3,3
Soekdea,0,3,3
Soekdeuw,3,0,3
Soekdev,3,0,3
Soekdevie,0,3,3
Soekdewdath,3,0,3
Soekdha,0,3,3
Soekeina,0,3,3
Soekensy,0,3,3
Soekérman,3,0,3
Soekhai,3,0,3
Soekhantie,0,3,3
Soekhlal,3,0,3
Soekhmina,0,3,3
Soekhnarain,3,0,3
Soekhrawatie,0,3,3
Soekhwantie,0,3,3
Soekhwindersing,3,0,3
Soekidej,0,3,3
Soekidjan,3,0,3
Soekijanto,3,0,3
Soekijat,3,0,3
Soekijem,0,3,3
Soekijo,3,0,3
Soekima,0,3,3
Soekimi,3,0,3
Soekimie,0,3,3
Soekinie,0,3,3
Soekino,3,0,3
Soekirah,0,3,3
Soekirman,3,0,3
Soekirno,3,0,3
Soekirnoh,3,0,3
Soekiyat,3,0,3
Soekjati,0,3,3
Soekmajadi,3,0,3
Soekminie,0,3,3
Soeknadansingh,3,0,3
Soekoel,3,0,3
Soekraj,3,0,3
Soekrajie,0,3,3
Soekrania,0,3,3
Soekranie,0,3,3
Soekyo,3,0,3
Soel-Anne,0,3,3
Soelaas,3,0,3
Soelafa,0,3,3
Soelaiga,0,3,3
Soelaika,0,3,3
Soelaima,0,3,3
Soelaimankhan,3,0,3
Soelaina,0,3,3
Soelakhsnadebie,0,3,3
Soelakshana,0,3,3
Soelam,3,0,3
Soelamie,0,3,3
Soelamita,0,3,3
Soelamith,0,3,3
Soelan,0,3,3
Soelange,0,3,3
Soelangsi,0,3,3
Soelasih,0,3,3
Soelasijem,0,3,3
Soelasmin,3,0,3
Soelawe,0,3,3
Soelaymaan,3,0,3
Soelaymen,3,0,3
Soeleh,3,0,3
Soeleicha,0,3,3
Soeleka,0,3,3
Soelema,0,3,3
Soelendrapersad,3,0,3
Soeleymaan,3,0,3
Soelia,0,3,3
Soeliah,0,3,3
Soeliani,0,3,3
Soelianie,0,3,3
Soelianna,0,3,3
Soelianti,0,3,3
Soeliantie,0,3,3
Soelias,3,0,3
Soelidjan,3,0,3
Soeliejem,0,3,3
Soelien,0,3,3
Soeliene,0,3,3
Soelijanie,0,3,3
Soelijanti,0,3,3
Soelijatie,0,3,3
Soelijo,3,0,3
Soelimen,3,0,3
Soelimin,3,0,3
Soelinatoen,0,3,3
Soeline,0,3,3
Soelini,0,3,3
Soeliyem,0,3,3
Soeljani,0,3,3
Soélle,0,3,3
Soelochana,0,3,3
Soelochna,0,3,3
Soeltan,3,0,3
Soelung,0,3,3
Soely,0,3,3
Soelyah,0,3,3
Soelyani,0,3,3
Soemadi,3,0,3
Soemaiyah,0,3,3
Soemaja,0,3,3
Soemando,3,0,3
Soemandra,0,3,3
Soemano,3,0,3
Soemantie,0,3,3
Soemantro,3,0,3
Soemara,0,3,3
Soemardie,3,0,3
Soemari,0,3,3
Soemaria,0,3,3
Soemariane,0,3,3
Soemariati,0,3,3
Soemarijanti,0,3,3
Soemarjanie,0,3,3
Soemarlien,0,3,3
Soemarso,3,0,3
Soemarsono,3,0,3
Soemartan,3,0,3
Soemartijem,0,3,3
Soemartin,3,0,3
Soemartinah,0,3,3
Soemary,0,3,3
Soematri,3,0,3
Soemayra,0,3,3
Soembinah,0,3,3
Soemedho,3,0,3
Soemedi,3,0,3
Soemee,3,0,3
Soemendersingh,3,0,3
Soementra,0,3,3
Soemera,0,3,3
Soemiamir,3,0,3
Soemiatih,0,3,3
Soemiatoen,0,3,3
Soemiaty,0,3,3
Soemie,0,3,3
Soemientje,0,3,3
Soemihati,0,3,3
Soemija,0,3,3
Soemijantie,0,3,3
Soemijardi,3,0,3
Soemijarnie,0,3,3
Soemin,0,3,3
Soemindar,0,3,3
Soemini-Soemijhatie,0,3,3
Soemintradebie,0,3,3
Soemir,3,0,3
Soemira,0,3,3
Soemiran,3,0,3
Soemiray,0,3,3
Soemirien,0,3,3
Soemirno,3,0,3
Soemischa,0,3,3
Soemit,3,0,3
Soemiyantie,0,3,3
Soemsya,0,3,3
Soemyatie,0,3,3
Soemyoto,3,0,3
Soen-Ngie,0,3,3
Soéna,0,3,3
Soenaar,3,0,3
Soenadha,0,3,3
Soenadhana,0,3,3
Soenadhi,0,3,3
Soenainadebie,0,3,3
Soenainadevi,0,3,3
Soenami,0,3,3
Soenandeni,0,3,3
Soenandenie,0,3,3
Soenanta,0,3,3
Soenarcé,0,3,3
Soenardjo,3,0,3
Soenardo,3,0,3
Soenari,3,0,3
Soenarijati,0,3,3
Soenarijoh,3,0,3
Soenarjem,0,3,3
Soenarni,0,3,3
Soenarny,0,3,3
Soenarseh,0,3,3
Soenartie,0,3,3
Soenarto,3,0,3
Soenarty,0,3,3
Soenarya-Devi,0,3,3
Soenaryo,3,0,3
Soenashi,0,3,3
Soenashki,0,3,3
Soenatidja,0,3,3
Soenaya,0,3,3
Soenayna,0,3,3
Soenda,3,0,3
Soendargiah,0,3,3
Soendargio,3,0,3
Soendaria,0,3,3
Soenderie,0,3,3
Soendersingh,3,0,3
Soendos,0,3,3
Soendri,0,3,3
Soenelkoemar,3,0,3
Soeneta,0,3,3
Soengeb,3,0,3
Soenida,0,3,3
Soeniddhi,0,3,3
Soenide,0,3,3
Soeniel-Sen,3,0,3
Soenildat,3,0,3
Soenill,3,0,3
Soenimin,3,0,3
Soenissa,0,3,3
Soenitadebie,0,3,3
Soenitadevie,0,3,3
Soenitadewie,0,3,3
Soenitakoemarie,0,3,3
Soenitakumarie,0,3,3
Soenitie,0,3,3
Soenja,0,3,3
Soenna,0,3,3
Soennah,0,3,3
Soennita,0,3,3
Soenniva,0,3,3
Soenoe,3,0,3
Soenthorn,3,0,3
Soentina,0,3,3
Soeny,0,3,3
Soenyna,0,3,3
Soeonno,3,0,3
Soepadi,3,0,3
Soepadijono,3,0,3
Soepandi,3,0,3
Soepani,0,3,3
Soepar,3,0,3
Soepardjo,3,0,3
Soeparijah,0,3,3
Soeparijem,0,3,3
Soeparlan,3,0,3
Soeparmie,0,3,3
Soeparmo,3,0,3
Soeparnie,0,3,3
Soepartine,0,3,3
Soepartini,0,3,3
Soepartono,3,0,3
Soepatridebi,0,3,3
Soepehkit,3,0,3
Soepel,3,0,3
Soephia,0,3,3
Soepia,0,3,3
Soepijamin,3,0,3
Soepijan,3,0,3
Soepingah,0,3,3
Soeprajitno,3,0,3
Soeprakto,3,0,3
Soeprapta,3,0,3
Soeprasno,3,0,3
Soeprianto,3,0,3
Soeprina,0,3,3
Soepriyadevi,0,3,3
Soepyah,0,3,3
Soeradha,0,3,3
Soeradijagatoen,0,3,3
Soeradj-Koemar,3,0,3
Soeradjdath,3,0,3
Soeradjh,3,0,3
Soeradji,3,0,3
Soeradjie,3,0,3
Soeradjpaal,3,0,3
Soeradjprekash,3,0,3
Soeradpersad,3,0,3
Soeragenie,0,3,3
Soeraghni,0,3,3
Soeraghniewatie,0,3,3
Soeragni,0,3,3
Soeragnie,0,3,3
Soerah,0,3,3
Soerahnie,0,3,3
Soeraia,0,3,3
Soeraija,0,3,3
Soeraijagatoen,0,3,3
Soerainah,0,3,3
Soeraini,0,3,3
Soerajah,0,3,3
Soerajakoesoema,0,3,3
Soerajd,3,0,3
Soerajkoemar,3,0,3
Soerajkumar,3,0,3
Soerajpersad,3,0,3
Soerajsha,0,3,3
Soeraly,0,3,3
Soerandenie,0,3,3
Soerandi,3,0,3
Soerandjalli,0,3,3
Soerandy,3,0,3
Soerangni,0,3,3
Soerasa,3,0,3
Soeratemi,0,3,3
Soerati,3,0,3
Soeratimin,3,0,3
Soeratin,3,0,3
Soeratinah,0,3,3
Soeratj,3,0,3
Soeratjsingh,3,0,3
Soeratmi,0,3,3
Soeratmina,0,3,3
Soeratminah,0,3,3
Soeratna,0,3,3
Soeratni,0,3,3
Soeratrie,0,3,3
Soeratya,0,3,3
Soeraya-Shivani,0,3,3
Soerayadebie,0,3,3
Soeraymo,3,0,3
Soerayna,0,3,3
Soeraysha,0,3,3
Soerdeo,3,0,3
Soerdjan,0,3,3
Soerdjano,3,0,3
Soerdjawatie,0,3,3
Soerdjaweti,0,3,3
Soerdjbali,3,0,3
Soerdjbalie,3,0,3
Soerdjen,3,0,3
Soerdjie,0,3,3
Soerdjnarain,3,0,3
Soerdjniedibie,0,3,3
Soerdjpal,3,0,3
Soerdjpatie,0,3,3
Soerdjsathi,0,3,3
Soerdjwanti,0,3,3
Soerech,3,0,3
Soeredjkoemar,3,0,3
Soeredjkumar,3,0,3
Soeredjperkash,3,0,3
Soeredjsingh,3,0,3
Soerej,3,0,3
Soerekha,0,3,3
Soeremly,3,0,3
Soerena,0,3,3
Soerender,3,0,3
Soerenderdath,3,0,3
Soerenderkumar,3,0,3
Soerendre,3,0,3
Soerenna,3,0,3
Soeres,3,0,3
Soereshdath,3,0,3
Soereshkoemar,3,0,3
Soereshkumar,3,0,3
Soereshma,0,3,3
Soeresma,0,3,3
Soerespersad,3,0,3
Soereth,3,0,3
Soereya,0,3,3
Soeri,0,3,3
Soeriadji,3,0,3
Soeriah,0,3,3
Soeriakant,3,0,3
Soeriany,0,3,3
Soeriapoetra,3,0,3
Soeriati,0,3,3
Soeriatie,0,3,3
Soeriatini,0,3,3
Soeriawan,3,0,3
Soerich,3,0,3
Soericho,3,0,3
Soeridj,3,0,3
Soeriene,0,3,3
Soerijadi,3,0,3
Soerijan,3,0,3
Soerijano,3,0,3
Soerijany,0,3,3
Soerik,3,0,3
Soerilie,0,3,3
Soerindath,3,0,3
Soerinder-Koemar,3,0,3
Soerindere,3,0,3
Soerinderkapoer,3,0,3
Soerindernath,3,0,3
Soerindersain,3,0,3
Soerindranath,3,0,3
Soerindreprakash,3,0,3
Soerinkumar,3,0,3
Soerinpertaab,3,0,3
Soerio,3,0,3
Soerip,0,3,3
Soeripno,3,0,3
Soerishwidai,3,0,3
Soeriskoemar,3,0,3
Soeriskumar,3,0,3
Soerismie,0,3,3
Soerisperkash,3,0,3
Soerit,3,0,3
Soeritsha,0,3,3
Soeriyanto,3,0,3
Soerja,0,3,3
Soerjady,3,0,3
Soerjan,3,0,3
Soerjandi,3,0,3
Soerjanti,0,3,3
Soerjantinie,0,3,3
Soerjanto,3,0,3
Soerjany,0,3,3
Soerjat,3,0,3
Soerjati,0,3,3
Soerjatie,0,3,3
Soerjavie,0,3,3
Soerjedee,0,3,3
Soerjedeepsingh,3,0,3
Soerjeduth,3,0,3
Soerjewier,3,0,3
Soerjiakumar,3,0,3
Soerjmatie,0,3,3
Soermarnie,0,3,3
Soermawatie,0,3,3
Soernamin,3,0,3
Soerni,0,3,3
Soero,3,0,3
Soerodjeniedewie,0,3,3
Soerodjini,0,3,3
Soeroedjdew,3,0,3
Soeroedjdoe,3,0,3
Soeroedjkoemar,3,0,3
Soeroedjnarain,3,0,3
Soeroedjpal,3,0,3
Soeroedjperssad,3,0,3
Soeroedjwatie,0,3,3
Soeroejd,3,0,3
Soeroejpal,3,0,3
Soeroetskumarie,0,3,3
Soerojnie,0,3,3
Soerono,3,0,3
Soerradj,3,0,3
Soerraya,0,3,3
Soersatiedebie,0,3,3
Soersatiedevie,0,3,3
Soersatiedewi,0,3,3
Soert,3,0,3
Soertie,0,3,3
Soertiek,0,3,3
Soertikant,3,0,3
Soertina,0,3,3
Soeruno,3,0,3
Soeryakumar,3,0,3
Soeryan,3,0,3
Soeryanie,0,3,3
Soeryano,3,0,3
Soeryanti,0,3,3
Soeryantie,0,3,3
Soeryaty,0,3,3
Soeryedew,3,0,3
Soeryo,3,0,3
Soeryon,0,3,3
Soesah,0,3,3
Soesahnna,0,3,3
Soesain,3,0,3
Soesamto,3,0,3
Soesanna,0,3,3
Soesannah,0,3,3
Soesantri,0,3,3
Soescha,0,3,3
Soeschmenadevi,0,3,3
Soese,0,3,3
Soesey,0,3,3
Soeshanah,0,3,3
Soeshareitha,0,3,3
Soeshila,0,3,3
Soeshmadevi,0,3,3
Soeshmadewi,0,3,3
Soeshmakumari,0,3,3
Soeshmawatie,0,3,3
Soeshmini,0,3,3
Soeshyant,3,0,3
Soesiela,0,3,3
Soesieladebie,0,3,3
Soesieladewie,0,3,3
Soesielawati,0,3,3
Soesijani,0,3,3
Soesila-Debie,0,3,3
Soesila-Devi,0,3,3
Soesiladevi,0,3,3
Soesilakumari,0,3,3
Soesilh,0,3,3
Soesilia,0,3,3
Soesilkumar,3,0,3
Soesilo,3,0,3
Soesin,0,3,3
Soesitra,0,3,3
Soesjanah,0,3,3
Soesjantie,0,3,3
Soesmadebi,0,3,3
Soesmadevie,0,3,3
Soesmadewi,0,3,3
Soesmadewie,0,3,3
Soesmadibie,0,3,3
Soesmieta,0,3,3
Soesmita,0,3,3
Soesryanti,0,3,3
Soestijasti,0,3,3
Soestinah,0,3,3
Soestiyasti,0,3,3
Soestria-Shivanghenie,0,3,3
Soesy,0,3,3
Soesyantie,0,3,3
Soeta,0,3,3
Soetamdyah,0,3,3
Soetan,3,0,3
Soetar,0,3,3
Soetarijah,0,3,3
Soetarjo,3,0,3
Soetarmin,3,0,3
Soetarsi,0,3,3
Soetarsih,0,3,3
Soetartie,0,3,3
Soetati,0,3,3
Soeteke,0,3,3
Soetens,3,0,3
Soeti,0,3,3
Soetian,3,0,3
Soetiana,0,3,3
Soetiatie,0,3,3
Soetidjah,0,3,3
Soetijo,3,0,3
Soetijono,3,0,3
Soetika,0,3,3
Soetilah,0,3,3
Soetilah-Sarti,0,3,3
Soetimah,0,3,3
Soetino,3,0,3
Soetiyantie,0,3,3
Soetjai,0,3,3
Soetjiati,0,3,3
Soetjipto,3,0,3
Soetjitoh,3,0,3
Soetojo,3,0,3
Soetrati,0,3,3
Soetresni,0,3,3
Soetriana,0,3,3
Soetrisnoh,3,0,3
Soetyanie,0,3,3
Söevanty,3,0,3
Soeviënska,0,3,3
Soewana,0,3,3
Soewandie,3,0,3
Soewando,3,0,3
Soewandro,3,0,3
Soewanie,0,3,3
Soewantho,3,0,3
Soewares,3,0,3
Soewarijo,3,0,3
Soewarsa,0,3,3
Soewarsi,0,3,3
Soewarti,0,3,3
Soewartina,0,3,3
Soewarto,3,0,3
Soewatina,0,3,3
Soewegenjo,3,0,3
Soewen,3,0,3
Soewena,0,3,3
Soewenda,0,3,3
Soewently,3,0,3
Soewi,0,3,3
Soewie,0,3,3
Soewiet,3,0,3
Soewila,0,3,3
Soewilie,0,3,3
Soewilto,3,0,3
Soewino,3,0,3
Soeyaro,3,0,3
Soeyen,0,3,3
Soeyin,0,3,3
Soezanna,0,3,3
Soezdar,3,0,3
Soezie,0,3,3
Sof,0,3,3
Sofaino,3,0,3
Sofan,3,0,3
Sofani,0,3,3
Sofanie,0,3,3
Sofanit,0,3,3
Sofanya,0,3,3
Sofayra,0,3,3
Sofe,0,3,3
Sofeena,0,3,3
Sofejan,3,0,3
Soferio,3,0,3
Soffian,3,0,3
Soffieka,0,3,3
Soffina,0,3,3
Sofhiaan,0,3,3
Sófi,0,3,3
Sòfia,0,3,3
Sofià,0,3,3
Sôfia,0,3,3
Sofia-Helouise,0,3,3
Sofia-Lina,0,3,3
Sofía-Louise,0,3,3
Sofia-Lynn,0,3,3
Sofia-Mae,0,3,3
Sofia-Mercedes,0,3,3
Sofía-Paz,0,3,3
Sofia-Rosa,0,3,3
Sofíah,0,3,3
Sofiăn,3,0,3
Sofïan,3,0,3
Sofiani,0,3,3
Sofiannie,0,3,3
Sofianos,3,0,3
Sofiarosa,0,3,3
Sofiasole,0,3,3
Sófie,0,3,3
sofie,0,3,3
Sofie-Evolet,0,3,3
Sofie-Jansje,0,3,3
Sofie-Merle,0,3,3
Sofie-Roos,0,3,3
Sofiean,3,0,3
Sofieda,0,3,3
Sofiella,0,3,3
Sofïen,3,0,3
Sofiënda,0,3,3
Sofiène,3,0,3
Sofienna,0,3,3
Sofiènne,3,0,3
Sofiëra-Rani,0,3,3
Sofiha,0,3,3
Sofiina,0,3,3
Sofijah,0,3,3
Sofije,0,3,3
Sofika,0,3,3
Sofiko,0,3,3
Sofila,3,0,3
Sofin,3,0,3
Sofini,0,3,3
Sofinka,0,3,3
Sofisa,0,3,3
Sofiyyah,0,3,3
Sofnath,3,0,3
Sofokles,3,0,3
Sofokli,3,0,3
Sofoklis,3,0,3
Sofonías,3,0,3
Sofotschca,0,3,3
Sofran,3,0,3
Sofrana,0,3,3
Sofrane,3,0,3
Söfre,0,3,3
Sofrida,0,3,3
Sofrijn,3,0,3
Sofuja,3,0,3
Söfyan,3,0,3
Sofye,0,3,3
Sofyen,3,0,3
Sofyke,0,3,3
Sofyna,0,3,3
Sogaand,0,3,3
Sogdiana,0,3,3
Sogiman,3,0,3
Sogna,0,3,3
Sognia,0,3,3
Sognio,3,0,3
Sogno,3,0,3
Sogol,0,3,3
Sogomon,3,0,3
Sogora,0,3,3
Sohab,3,0,3
Sohadrie,0,3,3
Sohaela,0,3,3
Sohaginie,0,3,3
Sohagpersad,3,0,3
Sohagsatie,0,3,3
Sohaijb,3,0,3
Sohaijk,3,0,3
Sohaijla,0,3,3
Söhail,3,0,3
Sohailali,3,0,3
Sohailkhan,3,0,3
Sohailly,0,3,3
Sohaily,0,3,3
Sohaime,3,0,3
Sohaina,0,3,3
Sohair,0,3,3
Sohaïra,0,3,3
Sohajb,3,0,3
Sohal,0,3,3
Sohan-Jodh,3,0,3
Sohanae,0,3,3
Sohandi,3,0,3
Sohanna,0,3,3
Sohannie,0,3,3
Sohansingh,3,0,3
Sohar,0,3,3
Sohara,0,3,3
Soharabkhan,3,0,3
Soharjo,0,3,3
Sohayk,3,0,3
Sohayra,0,3,3
Sohbaan,3,0,3
Sohbet,0,3,3
Sohbia,0,3,3
Soheab,3,0,3
Soheer,0,3,3
Soheilah,0,3,3
Soheilla-Sarah,0,3,3
Sohell,3,0,3
Sohella,0,3,3
Sohély,0,3,3
Sohem,3,0,3
Sohera,0,3,3
Sohesa,0,3,3
Sohi,3,0,3
Sohijl,3,0,3
Sohilkoemar,3,0,3
Sohkamté,3,0,3
Sohkolon,0,3,3
Sohm,3,0,3
Sohn,3,0,3
Sóhna,0,3,3
Söhne,0,3,3
Sohne,0,3,3
Sohni,0,3,3
Sohnnie,0,3,3
Soho,0,3,3
Sohoka,3,0,3
Sohoraab,3,0,3
Sohpie,0,3,3
Sohrob,3,0,3
Sohta,3,0,3
Sohul,0,3,3
Sohvi,0,3,3
Sohyb,3,0,3
Sohyl,3,0,3
Soï,3,0,3
Soibhan,0,3,3
Soichiro,3,0,3
Soifiane,3,0,3
Soiia,0,3,3
Soijeng,0,3,3
Soilikki,0,3,3
Soilin,0,3,3
Soine,3,0,3
Soira,0,3,3
Soiraidagatoen,0,3,3
Soiraima,0,3,3
Soiraja,0,3,3
Soireé,0,3,3
Soiree,0,3,3
Sois,3,0,3
Soïsha,0,3,3
Soizic,0,3,3
Soizick,0,3,3
Sojan,3,0,3
Sojen,0,3,3
Soji,3,0,3
Sojourne,0,3,3
Sok-Man,0,3,3
Sokar,0,3,3
Sokayla,0,3,3
Soke-yee,0,3,3
Sokhan,3,0,3
Sokhnafall,0,3,3
Sokimin,3,0,3
Sokina,0,3,3
Soknita,0,3,3
Soko,0,3,3
Sokowónchi,3,0,3
Sokoyebom,3,0,3
Sokpheknex,0,3,3
Sokré,3,0,3
Soktheawan,3,0,3
Sokwa,0,3,3
Sol-Angeline,0,3,3
Sol-Florin,3,0,3
Sol-vieny,0,3,3
Sóla,3,0,3
Solaar,3,0,3
Solaene,0,3,3
Solafa,0,3,3
Solaia,0,3,3
Solaica,0,3,3
Solaiga,0,3,3
Solaimane,3,0,3
Solain,0,3,3
Solainche,0,3,3
Solaini,0,3,3
Solainy,0,3,3
Solaire-Sade,0,3,3
Solais,3,0,3
Solançe,0,3,3
Solançe-Michelle,0,3,3
Solanch,0,3,3
Solanché,0,3,3
Solandra,0,3,3
Solane-Chloé,0,3,3
Solane-Fleur,0,3,3
Solaney,0,3,3
Sólangé,0,3,3
Solánge,0,3,3
Solangè,0,3,3
Solànge,0,3,3
Solangel,0,3,3
Solangeny,0,3,3
Solanlly,0,3,3
Solanne,0,3,3
Solari,0,3,3
Solarius,3,0,3
Solariya,0,3,3
Solas,3,0,3
Solathan,3,0,3
Solaya,0,3,3
Solayda,0,3,3
Solayka,0,3,3
Solayla,0,3,3
Solaymen,3,0,3
Sólayn,0,3,3
Solayna,0,3,3
Solaz,0,3,3
Soldano,3,0,3
Soldieta,0,3,3
Soldjimar,3,0,3
Soldna,0,3,3
Solea,0,3,3
Soleada,0,3,3
Soleah,0,3,3
Solean,0,3,3
Soleana,0,3,3
Soleane,0,3,3
Soleda,0,3,3
Solee,0,3,3
Soleeman,3,0,3
Soleen,0,3,3
Soléga,3,0,3
Solegna,0,3,3
Solehati,0,3,3
Soleï,0,3,3
Soleia-Amélie,0,3,3
Soleidy,0,3,3
Soleii,0,3,3
Solëil,0,3,3
Soleil-Moon,0,3,3
Soleila,0,3,3
Soleile,0,3,3
Soleima,0,3,3
Solein,0,3,3
Solek,3,0,3
Solèman,3,0,3
Soléman,3,0,3
Solemnidad,0,3,3
Solemon,3,0,3
Soleña,0,3,3
Soléna,0,3,3
Solencia,0,3,3
Solencio,3,0,3
Solendo,3,0,3
Soléne,0,3,3
Solènne,0,3,3
Solenny,0,3,3
Solera,0,3,3
Solex,3,0,3
Soleya,0,3,3
Solèya,0,3,3
Soleyana,3,0,3
Soleymen,3,0,3
Soleyn,0,3,3
Soleyna,0,3,3
Soleyra,0,3,3
Soleysha,0,3,3
Soléz,3,0,3
Solfee,0,3,3
Solfegh,0,3,3
Solgar,3,0,3
Solgunn,0,3,3
Solha,0,3,3
Solhey,0,3,3
Soli,0,3,3
Solía,0,3,3
Solice,0,3,3
Soliché,0,3,3
Solicia,0,3,3
Soliciën,0,3,3
Solid,3,0,3
Solie,0,3,3
Soliemen,3,0,3
Solies,0,3,3
Soliga,0,3,3
Solihem,3,0,3
Solihya,0,3,3
Solijana,0,3,3
Solijn,0,3,3
Solijne,0,3,3
Solimane,3,0,3
Solimen,3,0,3
Solîn,0,3,3
Solín,0,3,3
Solinah,0,3,3
Solinn,3,0,3
Solinna,0,3,3
Solinne,0,3,3
Solisha,0,3,3
Solitano,3,0,3
Soliz,0,3,3
Solja,0,3,3
Solka,0,3,3
Soll,3,0,3
Sollai,0,3,3
Sollany,3,0,3
Sollaya,0,3,3
Sollène,0,3,3
Sollien,0,3,3
Sollina,0,3,3
Sollivan,3,0,3
Solliviënne,0,3,3
Solmaire,0,3,3
Solman,3,0,3
Solmar,3,0,3
Solmarina,0,3,3
Solmas,0,3,3
Solmaznur,0,3,3
Solna,0,3,3
Solnyshko,0,3,3
Solochana,0,3,3
Sologne,0,3,3
Soloma,0,3,3
Solóme,0,3,3
Solomie,0,3,3
Solomonica,0,3,3
Solona,0,3,3
Solongie,0,3,3
Solongoo,0,3,3
Solsiré,0,3,3
Solsiree,0,3,3
Solstice,0,3,3
Solt,3,0,3
Soltaan,3,0,3
Soltak,0,3,3
Solti,0,3,3
Soltur,3,0,3
Soluka,3,0,3
Solune,0,3,3
Sölva,0,3,3
Solvana,0,3,3
Solvandy,3,0,3
Solve,3,0,3
Sölve,0,3,3
Solvedge,0,3,3
Solvee,0,3,3
Solvegj,0,3,3
Solveige,0,3,3
Solveign,0,3,3
Solveth,0,3,3
Solvey,0,3,3
Sölvi,3,0,3
Solvia,0,3,3
Solvieg,0,3,3
Solvika,0,3,3
Solvina,0,3,3
Solvita,0,3,3
Solvjeg,3,0,3
Solweig,0,3,3
Solwig,0,3,3
Solwin,3,0,3
Soly,0,3,3
Solyanne,0,3,3
Solyn,0,3,3
Solyna,0,3,3
Solyne,0,3,3
Solyse,0,3,3
Solyviënne,0,3,3
Solyvienne,0,3,3
Som-Lain,3,0,3
Som-Oow,0,3,3
Somaai,0,3,3
Somaal,3,0,3
Somaan,3,0,3
Somaar,3,0,3
Somada,0,3,3
Somai,3,0,3
Somaida,3,0,3
Somaija,0,3,3
Somaila,0,3,3
Somainy,0,3,3
Somairo,3,0,3
Sómaja,0,3,3
Somajaofinie,0,3,3
Somaji,0,3,3
Somalia,0,3,3
Somani,3,0,3
Somanti,0,3,3
Somarah,0,3,3
Somarge,0,3,3
Somarilene,0,3,3
Somario,3,0,3
Somaru,3,0,3
Somayah,0,3,3
Somayya,0,3,3
Somba,3,0,3
Sombat,3,0,3
Sombo,0,3,3
Somboen,3,0,3
Somchay,3,0,3
Somchit,0,3,3
Somdew,3,0,3
Somè,3,0,3
Somei,0,3,3
Someira,0,3,3
Someiya,0,3,3
Somel,3,0,3
Somenawi,3,0,3
Somendadewie,0,3,3
Somendra,3,0,3
Sömer,3,0,3
Somers,0,3,3
Somescha,0,3,3
Somesha,0,3,3
Someshvar,3,0,3
Someye,0,3,3
Someyya,0,3,3
Somi,0,3,3
Somiah,0,3,3
Somieariye,0,3,3
Somiha,0,3,3
Somija,0,3,3
Sominca,0,3,3
Somintra,0,3,3
Somit,0,3,3
Somiye,0,3,3
Somkhit,0,3,3
Somlata,0,3,3
Sommoah,0,3,3
Somnagatoen,0,3,3
Somnajuk,3,0,3
Somnakuni,0,3,3
Somnath,3,0,3
Somny,0,3,3
Sompaen,0,3,3
Somporn,0,3,3
Somrad,0,3,3
Somrah,3,0,3
Somrat,0,3,3
Somsag,3,0,3
Somsanit,3,0,3
Somsay,3,0,3
Somsokunmalis,0,3,3
Somsri,0,3,3
Somthong,3,0,3
Somtonna,3,0,3
Somuadina,3,0,3
Somwania,0,3,3
Somwatie,0,3,3
Somwe,3,0,3
Somy,0,3,3
Son-Nam,3,0,3
Son-Sheray,0,3,3
Soña,0,3,3
Sonacé,0,3,3
Sonai,3,0,3
Sonaiceline,0,3,3
Sonaidagatoen,0,3,3
Sonaidely,0,3,3
Sonaija,0,3,3
Sonaima,0,3,3
Sonainadevi,0,3,3
Sonairy,0,3,3
Sonaisca,0,3,3
Sonaishka,0,3,3
Sonaisly,0,3,3
Sonaiya,0,3,3
Sonakshidévi,0,3,3
Sonakshie,0,3,3
Sonalidévi,0,3,3
Sonalika,0,3,3
Sonaly,0,3,3
Sonampreet,0,3,3
Sonamvishva,0,3,3
Sonãna,0,3,3
Sonando,3,0,3
Sonario,3,0,3
Sonarle'mucea,0,3,3
Sonassa,0,3,3
Sonate,0,3,3
Sonatha,0,3,3
Sonathaine,3,0,3
Sonayla,0,3,3
Sonaylies,0,3,3
Sonayna,0,3,3
Sonaz,0,3,3
Sonca,0,3,3
Soncherée,0,3,3
Sondang,0,3,3
Sondatsharma,3,0,3
Söndera,0,3,3
Sondho,3,0,3
Sondi,0,3,3
Sondina,0,3,3
Sondjo,3,0,3
Sondjy,3,0,3
Sondoor,3,0,3
Sondor,0,3,3
Sondoss,0,3,3
Sondosse,0,3,3
Soné,3,0,3
Sonehra,0,3,3
Soneldrick,3,0,3
Sonetka,0,3,3
Song-En,3,0,3
Song-Fa,0,3,3
Song-Ling,0,3,3
Songa,0,3,3
Songalili,0,3,3
Songiano,3,0,3
Songkhla,3,0,3
Songla,0,3,3
Songphon,0,3,3
Songram,3,0,3
Songrieno,3,0,3
Sonğül,0,3,3
Songûl,0,3,3
Songule,0,3,3
Songülkardelen,0,3,3
Songün,0,3,3
Songying,3,0,3
Sonhi,0,3,3
Sonho,3,0,3
Sonhy,3,0,3
Sónia,0,3,3
Sônia,0,3,3
Sonieck,3,0,3
Soniëlle,0,3,3
Sonienne,0,3,3
Sonieta,0,3,3
Sonik,3,0,3
Sonila,0,3,3
Sonilva,0,3,3
Sonimar,3,0,3
Soñita,0,3,3
Sonith,3,0,3
Sonitha,0,3,3
Sonito,3,0,3
Soniumi,0,3,3
Sonius,3,0,3
Sönja,0,3,3
Sonja-Esmeralda,0,3,3
Sonja-Miranda,0,3,3
Sonjada,0,3,3
Sonjalee,0,3,3
Sonjana,0,3,3
Sonjari,3,0,3
Sonjarie,0,3,3
Sonji-Roi,0,3,3
Sonjog,3,0,3
Sonjoura,0,3,3
Sonka,0,3,3
Sonko,3,0,3
Sonku,0,3,3
Sonley,3,0,3
Sonllailys,0,3,3
Sonnè,0,3,3
Sonne-Marie,0,3,3
Sonneearhay,0,3,3
Sonnenschein,0,3,3
Sonnetta,0,3,3
Sonnewende,3,0,3
Sonney,3,0,3
Sonnic,3,0,3
Sonnij,3,0,3
Sonning,3,0,3
Sonniva,0,3,3
Sonnja,0,3,3
Sonno,3,0,3
Sonny-Jo,3,0,3
Sonny-Ray,3,0,3
Sonny-Roy,3,0,3
Sonny-Viëro,3,0,3
Sonny-Yëlla,0,3,3
Sonnyäro,3,0,3
Sonnylvio,3,0,3
Soño,3,0,3
Sonoïda,0,3,3
Sononkpon,3,0,3
Sonphonie,0,3,3
Sonpon,0,3,3
Sonriza,0,3,3
Sonsaray,0,3,3
Sonseahray,0,3,3
Sonsearaej,0,3,3
Sonsearai,0,3,3
Sonsearaj,0,3,3
Sonseeabray,0,3,3
Sonseëahray,0,3,3
Sonseeharay,0,3,3
Sonsheeray,0,3,3
Sonshi,0,3,3
Sonshine,0,3,3
Sonsi,0,3,3
Sonsia,0,3,3
Sonsja,0,3,3
Sonsoles,0,3,3
Sonsseahry,0,3,3
Sonsyrea,0,3,3
Sont,0,3,3
Sontago,3,0,3
Sontaya,3,0,3
Sontee,0,3,3
Sontena,0,3,3
Sonti,0,3,3
Sontino,3,0,3
Sontohartono,3,0,3
Söntwha,3,0,3
Sonwee,3,0,3
Sonyi,0,3,3
Sonz,3,0,3
Soo-Jin,0,3,3
Soobhan,3,0,3
Sooda,0,3,3
Soodesh,3,0,3
Soodeshkumar,3,0,3
Soodo,0,3,3
Sooff,0,3,3
Soofi,0,3,3
Soofy,0,3,3
Soogea,0,3,3
Soojin,0,3,3
Sookdee,0,3,3
Sookhai,3,0,3
Sooki,0,3,3
Soolaimon,3,0,3
Soom,3,0,3
Soomack,3,0,3
Soomdewi,0,3,3
Soomer,0,3,3
Soon-i,0,3,3
Soon-Nam,0,3,3
Soon-To,3,0,3
Soon-Ya,0,3,3
Soondas,0,3,3
Soondersingh,3,0,3
Soong,3,0,3
Sooni,0,3,3
Soopachai,3,0,3
Soopaya,3,0,3
Soordjoe,3,0,3
Sooreechay,0,3,3
Sooriya,0,3,3
Soorjee,0,3,3
Soou,0,3,3
Sooy,3,0,3
Sopan,3,0,3
Sopani,0,3,3
Sopatrick,3,0,3
Sopfie-Sophia,0,3,3
Sophal,3,0,3
Sophana,0,3,3
Sophani,0,3,3
Sophania,0,3,3
Sophe,3,0,3
Sopheany,0,3,3
Sophear,0,3,3
Sophearith,3,0,3
Sopheas,0,3,3
Sopheavy,0,3,3
Sophelia,0,3,3
Sophenias,3,0,3
Sopherinus,3,0,3
Sophetrus,3,0,3
Sophëus,3,0,3
Sophi-An,0,3,3
Sophia-Alice,0,3,3
Sophia-Amy,0,3,3
Sophia-Anna,0,3,3
Sophia-Anne,0,3,3
Sophia-Christina,0,3,3
Sophia-Dina,0,3,3
Sophia-Elena,0,3,3
Sophia-Eline,0,3,3
Sophia-Elizabeth,0,3,3
Sophia-Isabella,0,3,3
Sophia-Jo,0,3,3
Sophia-Jolie,0,3,3
Sophia-Karen,0,3,3
Sophia-Loïs,0,3,3
Sophia-Louisa,0,3,3
Sophia-Lynn,0,3,3
Sophia-Mae,0,3,3
Sophia-Marie,0,3,3
Sophia-Marjolein,0,3,3
Sophia-Radjie,0,3,3
Sophia-Rosa,0,3,3
Sophia-Rose,0,3,3
Sophia-Veerle,0,3,3
Sophia-Wilhelmina,0,3,3
Sophiaan,3,0,3
Sophiada,0,3,3
Sophica,0,3,3
Sophidus,3,0,3
Sophië,0,3,3
Sophie-Adriana,0,3,3
Sophie-Aimée,0,3,3
Sophie-Amélie,0,3,3
Sophie-Angèle,0,3,3
Sophie-Annet,0,3,3
Sophie-Bella,0,3,3
Sophie-Carmen,0,3,3
Sophie-Catherine,0,3,3
Sophie-Charlotte,0,3,3
Sophie-Chloé,0,3,3
Sophie-Christine,0,3,3
Sophie-Clémence,0,3,3
Sophie-Coco,0,3,3
Sophie-Doris,0,3,3
Sophie-Eleni,0,3,3
Sophie-Eliana,0,3,3
Sophie-Elise,0,3,3
Sophie-Ellen,0,3,3
Sophie-Ellis,0,3,3
Sophie-Elyse,0,3,3
Sophie-Emma,0,3,3
Sophie-Evi,0,3,3
Sophie-Floor,0,3,3
Sophie-Gerdien,0,3,3
Sophie-Isabel,0,3,3
Sophie-Isabella,0,3,3
Sophie-Isabelle,0,3,3
Sophie-Julie,0,3,3
Sophie-Karine,0,3,3
Sophie-Karlijn,0,3,3
Sophie-Katharina,0,3,3
Sophie-Laure,0,3,3
Sophie-Lee,0,3,3
Sophie-Lena,0,3,3
Sophie-Lou,0,3,3
Sophie-Mae,0,3,3
Sophie-Mathilda,0,3,3
Sophie-Michèle,0,3,3
Sophie-Mireille,0,3,3
Sophie-Noëlle,0,3,3
Sophie-Sará,0,3,3
Sophie-Thérèse,0,3,3
Sophieke-Marije,0,3,3
Sophiel,3,0,3
Sophielize,0,3,3
Sophielynn,0,3,3
Sophiemarie,0,3,3
Sophiën,3,0,3
Sophiéna,0,3,3
Sophienus,3,0,3
Sophiera,0,3,3
Sophietji,0,3,3
Sophiette,0,3,3
Sophijanã,0,3,3
Sophila,0,3,3
Sophilie,0,3,3
Sophineke,0,3,3
Sophinka,0,3,3
Sophinne,0,3,3
Sophonia,0,3,3
Sophonius,3,0,3
Sophrina,0,3,3
Sophron,3,0,3
Sophyke,0,3,3
Sophylina,0,3,3
Sophyne,0,3,3
Sopia,0,3,3
Soprinus,3,0,3
Soradine,0,3,3
Soraga,0,3,3
Soragenie,0,3,3
Sorai,0,3,3
Soraïa,0,3,3
Soraidagatoen,0,3,3
Sorailey,0,3,3
Sorailis,0,3,3
Sorainely,0,3,3
Soraino,3,0,3
Soraisha,0,3,3
Soraiska,0,3,3
Soraiyómi,0,3,3
Sorajadevika,0,3,3
Sorajha,0,3,3
Sorajja,0,3,3
Soralda,0,3,3
Soralien,0,3,3
Soramphnyson,3,0,3
Sorane,3,0,3
Sorangelines,0,3,3
Sorangenie,0,3,3
Soranjana,0,3,3
Soranya,0,3,3
Soras,3,0,3
Sorata,0,3,3
Sorathan,3,0,3
Soratio,3,0,3
Sorava,3,0,3
Sorayá,0,3,3
Soraya-Aimée,0,3,3
Soraya-Demi,0,3,3
Soraya-Faye,0,3,3
Sorayadebi,0,3,3
Sorayakumarie,0,3,3
Sorayan,3,0,3
Sorayanaaz,0,3,3
Sorayaner,3,0,3
Sorayba,0,3,3
Sorayca,0,3,3
Soraychia,0,3,3
Soraye,0,3,3
Sorayma,0,3,3
Soraymy,0,3,3
Sorayshree,0,3,3
Sorbiene,0,3,3
Sorbonne,0,3,3
Sorcero,3,0,3
Sordana,0,3,3
Sordinald,3,0,3
Soré,3,0,3
Soreda,0,3,3
Sorède,0,3,3
Soreena,0,3,3
Soreijanaas,0,3,3
Sorèl,0,3,3
Sorel-Marie,0,3,3
Sorelis,3,0,3
Sorèll,0,3,3
Sórell,0,3,3
Sôrelle,0,3,3
Sorellina,0,3,3
Sôren,3,0,3
Soréna,0,3,3
Sorendel,3,0,3
Sorendey,3,0,3
Sörendly,3,0,3
Sorendo,3,0,3
Sorène,0,3,3
Sorengdly,3,0,3
Sorenia,0,3,3
Sorenja,0,3,3
Sorenjo,3,0,3
Sorenka,0,3,3
Sorenna,0,3,3
Soreno,3,0,3
Sorenta,0,3,3
Sores,3,0,3
Soreta,0,3,3
Sorfhar,3,0,3
Sorgul,0,3,3
Sorhab,3,0,3
Sorial,3,0,3
Sorian,3,0,3
Soriandra,0,3,3
Soriangelo,3,0,3
Soriba,3,0,3
Sorieba,3,0,3
Sorien,0,3,3
Soriena,0,3,3
Sorienagatoen,0,3,3
Sorienio,3,0,3
Sorija,0,3,3
Sorinàh,0,3,3
Sorinda,0,3,3
Sorindrekumar,3,0,3
Sorine,0,3,3
Sorinne,0,3,3
Sorino,3,0,3
Sorinyoh,3,0,3
Sorisa,0,3,3
Sorissa,0,3,3
Sorjenda,0,3,3
Sorkot,3,0,3
Sorlange,0,3,3
Sorleenda,0,3,3
Sorley,3,0,3
Sorliany,0,3,3
Sorlina,0,3,3
Sorlyn,0,3,3
Sorlyvienne,0,3,3
Sorma,0,3,3
Sormeh,0,3,3
Sormyra,0,3,3
Sörn,3,0,3
Sornelly,0,3,3
Sornsayam,3,0,3
Sorodjenie,0,3,3
Soroed,0,3,3
Soroer,0,3,3
Soroesj,3,0,3
Sorojadevie,0,3,3
Sorojenidevi,0,3,3
Sorok,0,3,3
Soronnadi,3,0,3
Soroosh,3,0,3
Soror,0,3,3
Sororya,0,3,3
Sorosch,3,0,3
Sorowai,3,0,3
Sorpresa,0,3,3
Sorra,0,3,3
Sorraia,0,3,3
Sorrayah,0,3,3
Sorrell,0,3,3
Sorren,3,0,3
Sörren,3,0,3
Sorrena,0,3,3
Sorrentino,3,0,3
Sorrento,0,3,3
Sorrieta,0,3,3
Sorrino,3,0,3
Sortany,0,3,3
Sortiris,3,0,3
Sorub,3,0,3
Soruban,3,0,3
Sorubhie,0,3,3
Sorya,0,3,3
Soryah,0,3,3
Soryanto,3,0,3
Soryo,3,0,3
Sosalin,0,3,3
Sosamba,0,3,3
Soschannah,0,3,3
Soschanne,0,3,3
Soschja,3,0,3
Sosé,0,3,3
Sosen,0,3,3
Sosenna,0,3,3
Soshin,0,3,3
Soshiyant,3,0,3
Soshja,0,3,3
Soshoné,0,3,3
Sosi,0,3,3
Sosianne,0,3,3
Sosietra,0,3,3
Sosikala,0,3,3
Sosiky,3,0,3
Sosila,0,3,3
Sosima,0,3,3
Sosjan,3,0,3
Sosro,3,0,3
Sosrokusumo,3,0,3
Sosrosudarto,3,0,3
Sossen,0,3,3
Sosseviene,0,3,3
Sossio,3,0,3
Sostenius,3,0,3
Sostensi,0,3,3
Sosthenes,3,0,3
Sosuke,3,0,3
Soteria,0,3,3
Sothadany,0,3,3
Sotharavy,0,3,3
Sothiano,3,0,3
Sothiya,0,3,3
Sothy,3,0,3
Sothys,0,3,3
Soti-Ria,0,3,3
Sotice,0,3,3
Sotiena,0,3,3
Sotil,3,0,3
Sotine,0,3,3
Sotini,0,3,3
Sotiros,3,0,3
Sotirys,3,0,3
Sotonyé,3,0,3
Sotonye,0,3,3
Sotrélle,0,3,3
Sotris,3,0,3
Sotuda,0,3,3
Sou-Fen,0,3,3
Sou-Li,0,3,3
Sou-Ling,0,3,3
Sou-Tin,0,3,3
Souaâd,0,3,3
Souâda,0,3,3
Souadad,0,3,3
Souali,0,3,3
Souanne,0,3,3
Souareba,3,0,3
Souat,0,3,3
Soubhaan,3,0,3
Soubier,3,0,3
Soubrayenne,0,3,3
Soubria,0,3,3
Soucaina,0,3,3
Soucayna,0,3,3
Soucha,0,3,3
Soucy,0,3,3
Souda,0,3,3
Soudanco,3,0,3
Souditha,0,3,3
Soued,0,3,3
Souel,3,0,3
Souéna,0,3,3
Soufeane,3,0,3
Soufène,3,0,3
Souffiaan,3,0,3
Souffiane,3,0,3
Souffyaan,3,0,3
Souffyan,3,0,3
Soufiaane,3,0,3
Soufĩare,3,0,3
Soufièn,3,0,3
Soufiya,0,3,3
Soufiyaan,3,0,3
Soufiyane,3,0,3
Soufya,0,3,3
Soufyann,3,0,3
Soufyene,3,0,3
Soughra,0,3,3
Sougri,3,0,3
Souhaël,3,0,3
Souhahane,0,3,3
Souhäila,0,3,3
Souhaile,3,0,3
Souhaim,3,0,3
Souhaira,0,3,3
Souhaylla,0,3,3
Souheib,3,0,3
Souheïla,0,3,3
Souhel,3,0,3
Souhela,0,3,3
Souhil,3,0,3
Souhjla,0,3,3
Souisa,0,3,3
Soujoud,0,3,3
Soujouri,0,3,3
Soukaijna,0,3,3
Soukaïnah,0,3,3
Soukeina,0,3,3
Souki-Zorra,0,3,3
Soukina,0,3,3
Soukje,0,3,3
Soukyna,0,3,3
Soulafa,0,3,3
Soulaifa,0,3,3
Soulaim,3,0,3
Soulaimaan,3,0,3
Soulaimen,3,0,3
Soulaina,0,3,3
Soulajman,3,0,3
Soulange,0,3,3
Soulastri,0,3,3
Soulav,0,3,3
Soulayda,0,3,3
Soulaymaan,3,0,3
Souldan,3,0,3
Soulé,3,0,3
Souleika,0,3,3
Souleimane,3,0,3
Souleïmene,3,0,3
Souléma,0,3,3
Souleye,3,0,3
Souleyk,3,0,3
Souleyma,0,3,3
Soulgen,0,3,3
Soulimian,0,3,3
Soullayeman,3,0,3
Soulleman,3,0,3
Soulomon,3,0,3
Soulphia,0,3,3
Soultanitsa,0,3,3
Soulymane,3,0,3
Soumah,3,0,3
Soumaharo,0,3,3
Soumaïa,0,3,3
Soumaïya,0,3,3
Soumaja,0,3,3
Soumauro,3,0,3
Soumayyah,0,3,3
Soumea,0,3,3
Soumela,0,3,3
Soumeyah,0,3,3
Soumeyatou,0,3,3
Soumïa,0,3,3
Soumiah,0,3,3
Soumija,0,3,3
Soumil,3,0,3
Soumina,0,3,3
Souminah,0,3,3
Soumira,0,3,3
Soumirée,0,3,3
Soumisa,0,3,3
Soumokil,3,0,3
Soumy,0,3,3
Soumysha,0,3,3
Souna,0,3,3
Sounailys,0,3,3
Sounaisly,0,3,3
Sounara,0,3,3
Soundararajan,0,3,3
Soundouse,0,3,3
Soundousse,0,3,3
Soundry,0,3,3
Soundus,0,3,3
Soungali,0,3,3
Sounil,3,0,3
Sounita,0,3,3
Sounkari,0,3,3
Sounna,0,3,3
Sounosi,3,0,3
Sounya,0,3,3
Soupanie,0,3,3
Souphian,3,0,3
Soupia,0,3,3
Sour,3,0,3
Soura,0,3,3
Sourab,3,0,3
Souradjou,3,0,3
Sourah,0,3,3
Souraja,0,3,3
Sourat,0,3,3
Sourav,3,0,3
Sourayen,3,0,3
Source,3,0,3
Sourcha,0,3,3
Soureda,0,3,3
Soureiya,0,3,3
Sourèn,3,0,3
Soureyah,0,3,3
Sourginah,0,3,3
Sourgino,3,0,3
Sourí,0,3,3
Sourijah,0,3,3
Sourinho,3,0,3
Souriya,0,3,3
Sourlaxmie,0,3,3
Sourraya,0,3,3
Sourthy-Kirthy,0,3,3
Soury,0,3,3
Sourya,3,0,3
Sousana,0,3,3
Sousanna,0,3,3
Sousian,3,0,3
Sousja,0,3,3
Sousjma,0,3,3
Souté,3,0,3
Soutina,0,3,3
Souvenita,0,3,3
Souvian,3,0,3
Souvieana,0,3,3
Souw-Gwé,0,3,3
Souwena,0,3,3
Souweyla,0,3,3
Souzana,0,3,3
Souzdar,3,0,3
Souzel,3,0,3
Souzya,0,3,3
Sovan,3,0,3
Sovanbopha,0,3,3
Sovanio,3,0,3
Sovanjana,0,3,3
Sovankirri,3,0,3
Sovanly,0,3,3
Sovanmara,3,0,3
Sovann,3,0,3
Sovanna,0,3,3
Sovannary,0,3,3
Sovanny,0,3,3
Sovanreach,3,0,3
Sovanyo,3,0,3
Sovayo,3,0,3
Sovée,0,3,3
Sovenny,0,3,3
Sovera,0,3,3
Soverina,0,3,3
Sovi,0,3,3
Sovia,0,3,3
Sovianca,0,3,3
Soviandra,0,3,3
Sovianne,0,3,3
Sovichea,3,0,3
Sovichet,3,0,3
Soviell,3,0,3
Soviëne,0,3,3
Soviënica,0,3,3
Soviènna,0,3,3
Soviëra,0,3,3
Soviërna,0,3,3
Sovinar,0,3,3
Sovira,0,3,3
Sovitadevi,0,3,3
Sovjanca,0,3,3
Sovranie,0,3,3
Sovyieny,0,3,3
Sow-Jen,0,3,3
Sow-Yen,0,3,3
Sowainy,0,3,3
Sowanando,3,0,3
Sowandé,3,0,3
Sowani,0,3,3
Sowanie,3,0,3
Sowannara,3,0,3
Sowatey,3,0,3
Soway,0,3,3
Sowayna,0,3,3
Sowbhagewati,0,3,3
Sowda,0,3,3
Sowden,3,0,3
Sowenchello,3,0,3
Sowenda,0,3,3
Sowensley,3,0,3
Sowensly,3,0,3
Sowhela,0,3,3
Sowoh,3,0,3
Sowyenne,0,3,3
Soy-Lin,0,3,3
Soy-Njam,3,0,3
Soyaan,3,0,3
Soyala,0,3,3
Soyan,0,3,3
Soycius,3,0,3
Soye,0,3,3
Söyembikä,0,3,3
Soyen,0,3,3
Soyer,3,0,3
Soyini,0,3,3
Soylu,3,0,3
Soysal,3,0,3
Soza,0,3,3
Sozar,3,0,3
Sözdar,0,3,3
Sözen,3,0,3
Sözer,3,0,3
Sozinha,0,3,3
Sozon,3,0,3
Sozvin,0,3,3
Spaav,3,0,3
Spacia,0,3,3
Spadaro,0,3,3
Spade,3,0,3
Spahr,3,0,3
Spalie,3,0,3
Spancker,3,0,3
Spanjolka,0,3,3
Sparanza,0,3,3
Sparka,0,3,3
Sparkie,3,0,3
Sparkling,0,3,3
Sparks,3,0,3
Sparky,0,3,3
Sparlay,3,0,3
Sparow,3,0,3
Sparrie,3,0,3
Spartac,3,0,3
Spartak,3,0,3
Spas,3,0,3
Spasa,0,3,3
Spatso,3,0,3
Spear,3,0,3
Spechell,0,3,3
Special,0,3,3
Specialy,0,3,3
Specioseph,3,0,3
Specioza,0,3,3
Speda,0,3,3
Speedy,3,0,3
Speijker,3,0,3
Spencer-Grayson,3,0,3
Spencer-Lloyd,3,0,3
Spendylove,0,3,3
Speranca,0,3,3
Sperandio,3,0,3
Sperando,3,0,3
Sperrow,3,0,3
Sperwer,3,0,3
Speyer,3,0,3
Speyert,3,0,3
Speyk,3,0,3
Sphinx,3,0,3
Spicy,3,0,3
Spider,3,0,3
Spiegelhol,3,0,3
Spiek,3,0,3
Spiff,3,0,3
Spijc,3,0,3
Spijer,3,0,3
Spike-Lee,3,0,3
Spikey,3,0,3
Spiky,3,0,3
Spilja,0,3,3
Spina,0,3,3
Spinck,3,0,3
Spinderella,0,3,3
Spinoza,3,0,3
Spintamen,3,0,3
Spip,3,0,3
Spirez,3,0,3
Spiri-Dunya,0,3,3
Spiridoula,0,3,3
Spirit,3,0,3
Spiritus,0,3,3
Splint,0,3,3
Splinterus,3,0,3
Spogmay,0,3,3
Spogmey,0,3,3
Spongius,3,0,3
Sponsaria,0,3,3
Sponsie,3,0,3
Spooner,3,0,3
Spoujmaj,0,3,3
Spresa,0,3,3
Sprewell,3,0,3
Springer,3,0,3
Sproet,3,0,3
Spruitje,0,3,3
Spuranthia,0,3,3
Spurgeon,3,0,3
Spyna,0,3,3
Spyridonas,3,0,3
Spysetyfen,3,0,3
Sqlain,3,0,3
Squan,3,0,3
Squeaky,0,3,3
Squeezy,3,0,3
Squintus,3,0,3
Sraa,0,3,3
Sraarke,0,3,3
Sradano,3,0,3
Srādha,0,3,3
Sradha,0,3,3
Sradhandjali,0,3,3
Sraeda,0,3,3
Sranjoe,3,0,3
Srap,3,0,3
Srapana,0,3,3
Sravan,3,0,3
Sravankumar,3,0,3
Srawankoemar,3,0,3
Srbijanka,0,3,3
Srbuhi,0,3,3
Srce,0,3,3
Srean,3,0,3
Srebrenska,0,3,3
Srecko,3,0,3
Sredha-Nand-Singh,3,0,3
Sredhanand,3,0,3
Sree,0,3,3
Sreekesh,3,0,3
Sreenath,0,3,3
Sreeyaan,3,0,3
Srefidensi,0,3,3
Srefidinsi,0,3,3
Srejenna,0,3,3
Srek,3,0,3
Srenan,3,0,3
Srermijn,0,3,3
Sreshant,3,0,3
Sreshta,0,3,3
Sreshtama,0,3,3
Sresth,3,0,3
Srestha,0,3,3
Sreya,0,3,3
Sreyaash,3,0,3
Sreyan,3,0,3
Sreyas,3,0,3
Sreyash,3,0,3
Sri-aty,0,3,3
Sri-ayu,0,3,3
Sri-dewi,0,3,3
Sri-Dewy,0,3,3
Sri-Enny,0,3,3
Sri-Es,0,3,3
Sri-Ja,0,3,3
Sri-Jatmini,0,3,3
Sri-Kliwinah,0,3,3
Sri-Lanka,0,3,3
Sri-Niketan,3,0,3
Sri-Pen,0,3,3
Sri-Riyani,0,3,3
Sri-Utami,0,3,3
Sri-Widjaja,0,3,3
Sri-Yanti,0,3,3
Sria,0,3,3
Sriamarnath,3,0,3
Sriamritha,0,3,3
Sriane,0,3,3
Sriannety,0,3,3
Srianto,3,0,3
Sriatie,0,3,3
Sriatoon,0,3,3
Srichand,3,0,3
Srichay,3,0,3
Srichuang,3,0,3
Sricobind,3,0,3
Srida,0,3,3
Sridal,3,0,3
Sridanie,0,3,3
Sridebi,0,3,3
Sridevie,0,3,3
Sridewi,0,3,3
Sridhartha,3,0,3
Sridhis,3,0,3
Srieasih,0,3,3
Sriedathpersad,3,0,3
Sriedhet,3,0,3
Sriekrisnechandre,3,0,3
Srienewaas,3,0,3
Srienewas,3,0,3
Srieramsingh,3,0,3
Sriestie,0,3,3
Srigono,3,0,3
Srigoornie,0,3,3
Srihartoetie,0,3,3
Srihary,0,3,3
Srihitha,0,3,3
Srijantie,0,3,3
Srijati,0,3,3
Srijatie,0,3,3
Srijraam,3,0,3
Srika,0,3,3
Srikamisah,0,3,3
Srikand,3,0,3
Srikanti,3,0,3
Srikar,3,0,3
Srikisoen,3,0,3
Srikisoendat,3,0,3
Srikrishnearjun,3,0,3
Srilanka,0,3,3
Srilestari,0,3,3
Srimali,0,3,3
Srimanice,0,3,3
Srimansing,3,0,3
Srimariani,0,3,3
Srimatie-Debi,0,3,3
Srimelatie,0,3,3
Sriminem,0,3,3
Srimurni,0,3,3
Srimusyanti,0,3,3
Srine,0,3,3
Srinem,0,3,3
Srinidhi,0,3,3
Srinika,0,3,3
Srinisha,0,3,3
Srinity,0,3,3
Srinivasan,3,0,3
Sriny,0,3,3
Sripad,3,0,3
Sripah,0,3,3
Sripal,3,0,3
Sripermata,0,3,3
Srirahayu,0,3,3
Srirania,0,3,3
Sririni,0,3,3
Srishti-Ratna,0,3,3
Srishtisuman,0,3,3
Sristie,0,3,3
Sriswardani,0,3,3
Sritati,0,3,3
Sriti,0,3,3
Sritinem,0,3,3
Srivar,3,0,3
Srivarsika,0,3,3
Srivedika,0,3,3
Srivesh,3,0,3
Srividya,0,3,3
Sriwaany,0,3,3
Sriwanti,0,3,3
Sriwash,3,0,3
Sriwatti,0,3,3
Sriwidaja,0,3,3
Sriwidatie,3,0,3
Sriwidji,0,3,3
Sriyansh,3,0,3
Sriyono,3,0,3
Srizon,3,0,3
Srježana,0,3,3
Srod,3,0,3
Sroep,3,0,3
Sroetyseen,3,0,3
Srood,3,0,3
Srosch,3,0,3
Sroud,3,0,3
Srpuhi,0,3,3
Srudjdew,3,0,3
Srujan,3,0,3
Srul,3,0,3
Sruti,3,0,3
Srutisil,3,0,3
Srutkirti,0,3,3
Sryanne,0,3,3
Sryano,3,0,3
Sryati,0,3,3
Srynaiyjhur,3,0,3
Ssajjabi,3,0,3
Ssalah,3,0,3
Ssascha,3,0,3
Ssaschka,3,0,3
Ssemikisa,3,0,3
Ssempala,3,0,3
Ssenka,3,0,3
Ssentambule,3,0,3
Sseremba,0,3,3
Sserubiri,3,0,3
Ssubi,0,3,3
St-John,3,0,3
St.John,3,0,3
Staaf,3,0,3
Staas-Lodewijck,3,0,3
Staats-Jan,3,0,3
Staatsiena,0,3,3
Stabastiaan,3,0,3
Stabiel,3,0,3
Stabij,3,0,3
Stabilité,0,3,3
Stacey-Ann,0,3,3
Stacey-Fay,0,3,3
Stacey-Faye,0,3,3
Stacey-Jane,0,3,3
Stacey-Jo,0,3,3
Stacey-Joy,0,3,3
Stacey-Lynn,0,3,3
Stacey-Merveille,0,3,3
Stacey-Serge,3,0,3
Stachia,0,3,3
Stacho,3,0,3
Staciek,3,0,3
Stacio,3,0,3
Stacy-Jade,0,3,3
Stacy-Jo,0,3,3
Stacy-Joël,0,3,3
Stacya,0,3,3
Stacyian,0,3,3
Stacylen,0,3,3
Stadea,0,3,3
Stadia,0,3,3
Stadò,3,0,3
Stado-Jan,3,0,3
Staeden,3,0,3
Staef,3,0,3
Stael,0,3,3
Staele,3,0,3
Staëll,0,3,3
Staephanus,3,0,3
Staes,3,0,3
Staese,3,0,3
Staesje,3,0,3
Stafan,3,0,3
Stafana,0,3,3
Stafano,3,0,3
Stafanus,3,0,3
Stafaras,3,0,3
Stafke,3,0,3
Stafroela,0,3,3
Staggo,3,0,3
Stagh,3,0,3
Stago,3,0,3
Stahn,3,0,3
Stahs,0,3,3
Staicey,0,3,3
Stainless,3,0,3
Staisy,0,3,3
Stalena,0,3,3
Stalhe,3,0,3
Staliani,0,3,3
Stalin,3,0,3
Stalino,3,0,3
Stallon,3,0,3
Stalone,3,0,3
Stamathia,0,3,3
Stamáties,3,0,3
Stamatina,0,3,3
Stamátis,3,0,3
Stamatoela,0,3,3
Stamatoula,0,3,3
Stamatty,0,3,3
Stamena,0,3,3
Stamford,3,0,3
Stamos,3,0,3
Stampi,3,0,3
Stan-Christiaan,3,0,3
Stan-Daniek,3,0,3
Stan-Henk,3,0,3
Stan-Lucas,3,0,3
Stan-Willem,3,0,3
Stanca,0,3,3
Stancca,0,3,3
Standencio,3,0,3
Standeslav,3,0,3
Standley,3,0,3
Stando,3,0,3
Standyniel,3,0,3
Stane,3,0,3
Stanekzai,0,3,3
Stanes,3,0,3
Stanfarius,3,0,3
Stanferd,3,0,3
Stanfert,3,0,3
Stanica,0,3,3
Staniclaus,3,0,3
Stanieslous,3,0,3
Staník,3,0,3
Stanilaw,0,3,3
Stanillius,3,0,3
Stanilow,3,0,3
Stanimir,3,0,3
Stanisa,3,0,3
Stanishlaus,3,0,3
Stanisio,3,0,3
Stanislaf,3,0,3
Stanislaska,0,3,3
Stanislausa,0,3,3
Stanislausia,0,3,3
Stanislauw,3,0,3
Stanislauwa,0,3,3
Stanislave,0,3,3
Stanislavovna,0,3,3
Stanisláw,3,0,3
Stanisľaw,3,0,3
Stanisĺaw,3,0,3
Stanislaws,3,0,3
Stanislius,3,0,3
Stanislo,0,3,3
Stanisloa,0,3,3
Stanislovas,3,0,3
Stanizlaw,3,0,3
Stanlery,3,0,3
Stanley-George,3,0,3
Stanley-Yong,3,0,3
Stanlij,3,0,3
Stanlisette,0,3,3
Stanllyen,0,3,3
Stanlymar,3,0,3
Stanni,0,3,3
Stannij,0,3,3
Stano,3,0,3
Stanolja,0,3,3
Stanomir,3,0,3
Stanse,0,3,3
Stansja,0,3,3
Stansley,3,0,3
Stanson,3,0,3
Stantoshkamar,3,0,3
Stanvern,3,0,3
Stanys,3,0,3
Stanyslaus,3,0,3
Stanzen,0,3,3
Stapha,0,3,3
Staphenny,0,3,3
Stapheny,0,3,3
Staphyra,0,3,3
Stara,0,3,3
Starah,0,3,3
Starbuck-Daniël,3,0,3
Starfino,3,0,3
Starha,0,3,3
Starîn,3,0,3
Starisha,0,3,3
Starlana,0,3,3
Starlen,3,0,3
Starlena,0,3,3
Starlett,0,3,3
Starlie,0,3,3
Starlin,3,0,3
Starlina,0,3,3
Starline,0,3,3
Starlith,0,3,3
Starlithy,0,3,3
Starly,3,0,3
Starmilaay,0,3,3
Starrangelito,3,0,3
Starson,3,0,3
Starvionne,3,0,3
Staś,3,0,3
Staša,0,3,3
Staschja,0,3,3
Staschya,0,3,3
Stasey,0,3,3
Stasha,0,3,3
Stasiana,0,3,3
Stasio,3,0,3
Stasse,3,0,3
Stassha,0,3,3
Stassi,0,3,3
Stassja,0,3,3
Stasza,0,3,3
Stateira,0,3,3
Stattie,0,3,3
Staud,3,0,3
Stava,3,0,3
Stavali,0,3,3
Stavan,3,0,3
Stavanger,3,0,3
Stavely,0,3,3
Stavey,3,0,3
Stavïeron,3,0,3
Stavino,3,0,3
Stavirnessh,3,0,3
Stavo,3,0,3
Stavrianna,0,3,3
Stàvros,3,0,3
Stavrous,3,0,3
Stavrulla,0,3,3
Stawros,3,0,3
Stay-c,0,3,3
Stay-Fano,3,0,3
Stayal,0,3,3
Staycey,0,3,3
Staychery,0,3,3
Staycie,0,3,3
Staycy,3,0,3
Stayphanea,0,3,3
Stayros,3,0,3
Stayshon,3,0,3
Stayson,3,0,3
Stazy,0,3,3
Ste'Finally,0,3,3
Ste-vengeley,0,3,3
Stea,0,3,3
Steacy,3,0,3
Steadmund,3,0,3
Steaffanne,0,3,3
Steagion,3,0,3
Steale,3,0,3
Steanly,3,0,3
Steanne,0,3,3
Steasy,0,3,3
Steaven,3,0,3
Stebaro,3,0,3
Stebastiaan,3,0,3
Steben,3,0,3
Stebenrach,3,0,3
Stebny,3,0,3
Stecey,0,3,3
Stecha,0,3,3
Stechami,0,3,3
Stéchanie,0,3,3
Stechell,0,3,3
Stécie-Gaëlle,0,3,3
Stecija,0,3,3
Stecile,0,3,3
Stecya,0,3,3
Steef-Jan,3,0,3
Steef-Jurre,3,0,3
Steeff,3,0,3
Steeffy,0,3,3
Steefhen,3,0,3
Steefijna,0,3,3
Steefjan,3,0,3
Steele,3,0,3
Steelo,3,0,3
Steely,3,0,3
Steentsje,0,3,3
Stees,0,3,3
Steevan,3,0,3
Steevina,0,3,3
Steevy,3,0,3
Steevy-Jo,0,3,3
Steeza,0,3,3
Stef-Wesley,3,0,3
Stefaard,3,0,3
Stefaine,3,0,3
Stefalien,0,3,3
Stefaline,0,3,3
Stefamie,0,3,3
Stefàn,3,0,3
Stéfàn,3,0,3
Stefan-Alexander,3,0,3
Stefan-Gregory,3,0,3
Stefan-Martijn,3,0,3
Stefan-Raymond,3,0,3
Stefan-Rogier,3,0,3
Stefan-Wilbert,3,0,3
Stefan-Wouter,3,0,3
Stèfana,0,3,3
Stefaña,0,3,3
Stefanchino,3,0,3
Stefandro,3,0,3
Stefanello,3,0,3
Stefanelly,3,0,3
Stefanida,0,3,3
Stefanie-Clara,0,3,3
Stefanie-Denise,0,3,3
Stefanie-Mireille,0,3,3
Stefanieke,0,3,3
Stefanien,0,3,3
Stefanildo,3,0,3
Stefaninho,3,0,3
Stefanino,3,0,3
Stefánio,3,0,3
Stefanka,0,3,3
Stefann,3,0,3
Stefannes,3,0,3
Stefannet,0,3,3
Stefannis,3,0,3
Stéfanno,3,0,3
Stefannus,3,0,3
Stefaño,3,0,3
Stèfaño,3,0,3
Stefàno,3,0,3
Stefano-Leonardo,3,0,3
Stefano-Roberto,3,0,3
Stefanoes,3,0,3
Stefanolatino,3,0,3
Stefanoski,3,0,3
Stefanotus,3,0,3
Stefanova,0,3,3
Stefansdochter,0,3,3
Stefanszoon,3,0,3
Stefanuelle,0,3,3
Stèfanus,3,0,3
Stefanus-Peterus,3,0,3
Stèfany,0,3,3
Stefány,0,3,3
Stefanye,0,3,3
Stefarina,0,3,3
Stefco,3,0,3
Stefek,3,0,3
Stefelano,3,0,3
Stefelino,3,0,3
Stefendina,0,3,3
Stefeniec,0,3,3
Stefenna,0,3,3
Stefente,3,0,3
Stefeny,0,3,3
Stefer,3,0,3
Steferni,0,3,3
Stefernie,0,3,3
Steferre,0,3,3
Stëffan,3,0,3
Steffaney,0,3,3
Steffanis,3,0,3
Steffann,3,0,3
Steffanne,0,3,3
Stéffano,3,0,3
Steffanos,3,0,3
Steffart,3,0,3
Steffelien,0,3,3
Steffen-Daneel,3,0,3
Steffen-Sjoerd,3,0,3
Steffennie,0,3,3
Steffentina,0,3,3
Steffentsje,0,3,3
Steffer,3,0,3
Stefferiano,3,0,3
Steffertje,0,3,3
Steffien,0,3,3
SteffiJane,0,3,3
Steffijn,3,0,3
Steffinus,3,0,3
Steffren,3,0,3
Steffry,3,0,3
Steffy-An,0,3,3
Steffy-Ann,0,3,3
Steffy-Jennifer,0,3,3
Stefhane,0,3,3
Stefhania,0,3,3
Stefhanilla,0,3,3
Stefhanius,3,0,3
Stefhannes,3,0,3
Stefhannie,0,3,3
Stefica,0,3,3
Stefien,0,3,3
Stefinjo,3,0,3
Stefinus,3,0,3
Stefjan,3,0,3
Stefje,0,3,3
Stefjen,3,0,3
Stéfka,0,3,3
Steflend,3,0,3
Stefna,0,3,3
Stefnat,3,0,3
Stefney,0,3,3
Stefona,3,0,3
Stefphanie,0,3,3
Stefphen,3,0,3
Stefri,3,0,3
Stefrik,3,0,3
Stefvan,3,0,3
Stefvina,0,3,3
Steg,3,0,3
Stegio-Gimar,3,0,3
Stego,3,0,3
Stehanie,0,3,3
Steicy,0,3,3
Steija,0,3,3
Steijn-Lucas,3,0,3
Steijnder,3,0,3
Steijse,0,3,3
Steijverina,0,3,3
Steijvers,3,0,3
Steim,0,3,3
Stein-Frederik,3,0,3
Steinbach,3,0,3
Steine,0,3,3
Steine-Marie,0,3,3
Steineke,0,3,3
Steinmar,3,0,3
Steinmeyer,3,0,3
Steinn,3,0,3
Steintge,0,3,3
Steinya,0,3,3
Steissy,0,3,3
Steklin,3,0,3
Stekoula,0,3,3
Steleen,0,3,3
Stelia,0,3,3
Stelianos,3,0,3
Stelina,0,3,3
Stelio,3,0,3
Stèlios,3,0,3
Stelisa,0,3,3
Steljos,3,0,3
Stella-Beau,0,3,3
Stella-Grace,0,3,3
Stella-Mia,0,3,3
Stella-Poppy,0,3,3
Stellany,0,3,3
Stellar,0,3,3
Stellara,0,3,3
Stellatara,0,3,3
Stellie,0,3,3
Stellin,3,0,3
Stellink,3,0,3
Stellisa,0,3,3
Stellisabeth,0,3,3
Stellita,0,3,3
Stellones,3,0,3
Stelly,3,0,3
Stelma,0,3,3
Stémariq,3,0,3
Stemver,3,0,3
Sten-Ingmar,3,0,3
Stenbert,3,0,3
Stendy,3,0,3
Stene,3,0,3
Stenella,0,3,3
Stenfinn,3,0,3
Stenicia,0,3,3
Stenilia,0,3,3
Stenina,0,3,3
Stenine,0,3,3
Stenio,3,0,3
Stenjen,3,0,3
Stenlie,3,0,3
Stenlly,3,0,3
Stenlus,3,0,3
Stenna,0,3,3
Stennar,3,0,3
Stennard,3,0,3
Stenneke,0,3,3
Stennley,3,0,3
Stenrico,3,0,3
Stenrowmar,3,0,3
Stenty,3,0,3
Stenvert,3,0,3
Stenyen,3,0,3
Stenzo,3,0,3
Stepahanus,3,0,3
Stépan,3,0,3
Stepán,3,0,3
Stepanka,0,3,3
Stepanovitch,3,0,3
Stepanowna,0,3,3
Stépanus,3,0,3
Stephaenie,0,3,3
Stephainely,0,3,3
Stephaliño,3,0,3
Stephalino,3,0,3
Stephàn,3,0,3
Stephân,3,0,3
Stephan-Jan,3,0,3
Stephan-Matthijs,3,0,3
Stephan-Têvi,3,0,3
Stephanandra,0,3,3
Stephanatus,3,0,3
Stephandro,3,0,3
Stepháne,3,0,3
Stephane-Hugues,3,0,3
Stephaney-Ann,0,3,3
Stepháni,0,3,3
Stephanía,0,3,3
Stephánia,0,3,3
Stephanica,0,3,3
Stëphanie,0,3,3
Stephanié,0,3,3
Stephaníe,0,3,3
Stephanie-Anne,0,3,3
Stephanie-Christine,0,3,3
Stephanie-Elise,0,3,3
Stéphanie-Eva,0,3,3
Stéphanie-Ghislaine,0,3,3
Stephanie-Laurette,0,3,3
Stephanie-Roxane,0,3,3
Stephanie-Santoshi,0,3,3
Stéphanie-Suzan,0,3,3
Stephanilda,0,3,3
Stephanique,0,3,3
Stephanita,0,3,3
Stephanlinhio,3,0,3
Stephann,3,0,3
Stéphanne,3,0,3
Stephanney,0,3,3
Stephanni,0,3,3
Stephannis,3,0,3
Stephannus,3,0,3
Stephano's,3,0,3
Stèphanos,3,0,3
Stephanotus,0,3,3
Stephanoula,0,3,3
Stephanovich,3,0,3
Stephanovna,0,3,3
Stephanson,3,0,3
Stephanus-Jan,3,0,3
Stephanya,0,3,3
Stephard,3,0,3
Stephaya,0,3,3
Stephayro,3,0,3
Stephelle,3,0,3
Stephen-James,3,0,3
Stéphen-Luc,3,0,3
Stephena,0,3,3
Stephenesia,0,3,3
Stèphenie,0,3,3
Stephenne,0,3,3
Stéphennie,0,3,3
Stephennie,0,3,3
Stéphenny,0,3,3
Stépheno,3,0,3
Stephensson,3,0,3
Stephentina,0,3,3
Stephenzo,3,0,3
Stepherd,3,0,3
Stepheson,3,0,3
Stéphiangely,0,3,3
Stephiani,0,3,3
Stephianus,3,0,3
Stéphie,0,3,3
Stephien,0,3,3
Stephiene,0,3,3
Stephin,3,0,3
Stephito,3,0,3
Stephlend,3,0,3
Stephne,0,3,3
Stephnie,0,3,3
Stephory,0,3,3
Stephten,3,0,3
Stephviëntely,3,0,3
Stepinać,0,3,3
Stepka,0,3,3
Stepny,3,0,3
Steponas,3,0,3
Stepy,3,0,3
Stêra,0,3,3
Stéra,0,3,3
Sterbine,0,3,3
Sterck,3,0,3
Stere,3,0,3
Sterelja,0,3,3
Sterena,0,3,3
Stergos,3,0,3
Stérgos,3,0,3
Sterhe,0,3,3
Sterian,3,0,3
Steriani,0,3,3
Sterina,0,3,3
Sterjos,3,0,3
Sterle,0,3,3
Sterntje,0,3,3
Sternwatie,0,3,3
Sterpeta,0,3,3
Sterr,0,3,3
Stèrre,0,3,3
Sterre-Angel,0,3,3
Sterre-Ann,0,3,3
Sterre-Der-Zee,3,0,3
Sterre-Faye,0,3,3
Sterre-Fleur,0,3,3
Sterre-Heavenly,0,3,3
Sterre-Julia,0,3,3
Sterre-Julie,0,3,3
Sterre-Julièt,0,3,3
Sterre-Liefe,0,3,3
Sterre-lotte,0,3,3
Sterre-Lotte,0,3,3
Sterre-lynn,0,3,3
Sterre-Maria,0,3,3
Sterre-Michelle,0,3,3
Sterre-Myrthe,0,3,3
Sterre-Noor,0,3,3
Sterre-Puck,0,3,3
Sterre-Rosalie,0,3,3
Sterre-Sharon,0,3,3
Sterre-Sophia,0,3,3
Sterre-Sophie,0,3,3
Sterre-Wieze,0,3,3
Sterreh,0,3,3
Sterrelijne,0,3,3
Sterrerosaley,0,3,3
Sterresoet,0,3,3
Sterretje,0,3,3
Sterrex,3,0,3
Sterwan,3,0,3
Sterwenn,0,3,3
Sterwin,0,3,3
Stescha,0,3,3
Stesha,0,3,3
Stesia,0,3,3
Stesie,0,3,3
Stessie,0,3,3
Stet,3,0,3
Steuart,3,0,3
Steure,3,0,3
Stevaine,0,3,3
Stevairo,3,0,3
Stevalie,0,3,3
Stevam,3,0,3
Stèvan,3,0,3
Stévan,3,0,3
Steván,3,0,3
Stevanah,0,3,3
Stevanija,0,3,3
Stevanis,3,0,3
Stevanita,0,3,3
Stevanni,0,3,3
Stevans,3,0,3
Stevarya,0,3,3
Steve-Anthony,3,0,3
Steve-Austin,3,0,3
Steve-Finn,3,0,3
Steve-Jan,3,0,3
Steve-Russell,3,0,3
Steveanna,0,3,3
Steveanson,3,0,3
Steveion,3,0,3
Stevejan,3,0,3
Steveland,3,0,3
Steveliene,0,3,3
Stevelinda,0,3,3
Stevelitia,0,3,3
Stevely,0,3,3
Stevelyne,0,3,3
Stevelysha,0,3,3
Stēven,3,0,3
Steven-Boid,3,0,3
Steven-Eli,3,0,3
Steven-Junior,3,0,3
Steven-Niels,3,0,3
Steven-Paul,3,0,3
Steven-Thomas,3,0,3
Steven-Tieme,3,0,3
Stevenáline,0,3,3
Stevenardus,3,0,3
Stevendiena,0,3,3
Stevënerly,0,3,3
Stevenine,0,3,3
Steveninho,3,0,3
Stevenio,3,0,3
Stevenis,3,0,3
Stevenjay,3,0,3
Stevènly,3,0,3
Stevenly,3,0,3
Stevenlyn,0,3,3
Steveno,3,0,3
Stevenrino,3,0,3
Stevenshelo,3,0,3
Stevensly,3,0,3
Stevenszoon,3,0,3
Steventh,3,0,3
Steventjen,0,3,3
Stevenvina,0,3,3
Steverdiena,0,3,3
Steverdiene,0,3,3
Steverijn,3,0,3
Steverik,3,0,3
Steverinio,3,0,3
Steverink,3,0,3
Steverliene,0,3,3
Steverna,0,3,3
Steveson,3,0,3
Stevfan,3,0,3
Stevianca,0,3,3
Steviandro,3,0,3
Stevianne,0,3,3
Stevica,3,0,3
Stevie-Ann,0,3,3
Stevie-Lee,3,0,3
Stevie-Lyn,0,3,3
Stevie-William,3,0,3
Steviena,0,3,3
Stevïeno,3,0,3
Steviënsley,3,0,3
Stevientely,0,3,3
Stevilia,0,3,3
Stevinia,0,3,3
Stevinio,3,0,3
Stevning,0,3,3
Stèvon,3,0,3
Stevon,3,0,3
Stevonny,0,3,3
Stevyn,3,0,3
Stewan,3,0,3
Stewart-Noëll,3,0,3
Stewen,3,0,3
Stewie,3,0,3
Stewo,3,0,3
Steya,0,3,3
Steyenne,0,3,3
Steyer,3,0,3
Stéyfhâno,3,0,3
Steyn-Jelle,3,0,3
Steyn-Melle,3,0,3
Steyn-Olivier,3,0,3
Steynar,3,0,3
Steynie,0,3,3
Steyr,3,0,3
Steyrian,3,0,3
Stezo,3,0,3
Stharling,3,0,3
Stharlyn,3,0,3
Sthasia,0,3,3
STHE,0,3,3
Sthefanus,3,0,3
Sthela,0,3,3
Sthera,0,3,3
Sthoej-Ha,0,3,3
Sti'chinio,3,0,3
Sti-Ngela,0,3,3
Stiana,0,3,3
Stianne,0,3,3
Stichara,0,3,3
Stide,3,0,3
Stie-vena,0,3,3
Stiebe,3,0,3
Stiefanus,3,0,3
Stiefriefs,3,0,3
Stienard,3,0,3
Stienardus,3,0,3
Stiendert,3,0,3
Stienet,0,3,3
Stienette,0,3,3
Stienigje,0,3,3
Stienius,3,0,3
Stienka,0,3,3
Stiënne,0,3,3
Stiennes,3,0,3
Stiennette,0,3,3
Stiennie,0,3,3
Stieno,3,0,3
Stienske,0,3,3
Stientjo,3,0,3
Stiepke,3,0,3
Stierly,0,3,3
Stievan,3,0,3
Stieve,3,0,3
Stieven-junior,3,0,3
Stifanie,0,3,3
Stifanos,3,0,3
Stiffan,3,0,3
Stiffantely,0,3,3
Stiffi,0,3,3
Stifiemara,0,3,3
Stig-Aksel,3,0,3
Stigand,3,0,3
Stigge,3,0,3
Stijn-Boude,3,0,3
Stijn-Frederik,3,0,3
Stijn-Jan,3,0,3
Stijn-Joris,3,0,3
Stijn-Julian,3,0,3
Stijn-Pieter,3,0,3
Stijnard,3,0,3
Stijnbert,3,0,3
Stijndert,3,0,3
Stijnella,0,3,3
Stijner,3,0,3
Stijnite,0,3,3
Stijnn,3,0,3
Stijns,0,3,3
Stijnsdochter,0,3,3
Stijnszoon,3,0,3
Stijntina,0,3,3
Stijntjen,0,3,3
Stijono,3,0,3
Stijtske,0,3,3
Stiko,3,0,3
Stila,3,0,3
Stilan,3,0,3
Stilanos,3,0,3
Stilgar,3,0,3
Stilia,0,3,3
Stiliani,0,3,3
Stiliano,3,0,3
Stilico,3,0,3
Stiliyanov,3,0,3
Stillfred,3,0,3
Stilwin,3,0,3
Stimme,0,3,3
Stin-cay,0,3,3
Stine-Ann,0,3,3
Sting-Ray,3,0,3
Stinie,0,3,3
Stint,3,0,3
Stiofán,3,0,3
Stiphany,0,3,3
Stiphen,3,0,3
Stippe,3,0,3
Stirba,0,3,3
Stiresh,3,0,3
Stitou,3,0,3
Stiuwan,3,0,3
Stivallyelli,0,3,3
Stivanjo,3,0,3
Stivie,3,0,3
Stivinin,3,0,3
Stivo,3,0,3
Stivy,3,0,3
Stiwan,3,0,3
Stiwar,3,0,3
Stiwen,3,0,3
Stjärn,3,0,3
Stjarna,0,3,3
Stjerne,3,0,3
StJohn,3,0,3
Stjopa,3,0,3
Stjun,3,0,3
STM,3,0,3
Stoaklin,3,0,3
Stoces,0,3,3
Stochholm,3,0,3
Stochlyn,3,0,3
Stock,3,0,3
Stockely,3,0,3
Stockly,3,0,3
Stocley,3,0,3
Stodel,3,0,3
Stoere,3,0,3
Stofelina,0,3,3
Stofer,3,0,3
Stoffea,0,3,3
Stoffelijne,0,3,3
Stoffelina-Jacoba,0,3,3
Stoffellien,0,3,3
Stoffelyne,0,3,3
Stoffer-Berend,3,0,3
Stoffer-Dini,0,3,3
Stofferdina-Elsien,0,3,3
Stofferdine,0,3,3
Stofferrien,0,3,3
Stofferrina,0,3,3
Stoffert,3,0,3
Stoffius,3,0,3
Stoffliena,0,3,3
Stofke,0,3,3
Stoflien,0,3,3
Stoi,3,0,3
Stoian,3,0,3
Stoijan,0,3,3
Stoimen,3,0,3
Stoit,3,0,3
Stojadinka,0,3,3
Stòjanka,0,3,3
Stojča,3,0,3
Stojče,3,0,3
Stojko,3,0,3
Stojmen,3,0,3
Stolou,0,3,3
Stonebear,3,0,3
Stongla,0,3,3
Stonne,0,3,3
Stookley,3,0,3
Stookly,3,0,3
Stopheliena,0,3,3
Storay,0,3,3
Storcké,3,0,3
Store-Björn,3,0,3
Storge,3,0,3
Storm-Olivier,3,0,3
Storm-Robert,3,0,3
Storm-Valentijn,3,0,3
Storme,0,3,3
Storn,3,0,3
Stos,3,0,3
Stowe,3,0,3
Stoyanov,3,0,3
Stoyjan,3,0,3
Strachan,3,0,3
Strada,0,3,3
Stran,0,3,3
Strange,0,3,3
Stranley,3,0,3
Strašo,3,0,3
Stratakis,3,0,3
Strateg,3,0,3
Stratis,0,3,3
Stratula,0,3,3
Strauss,3,0,3
Stravroula,0,3,3
Strawberry,0,3,3
Streef,0,3,3
Streja,0,3,3
Strenghart,3,0,3
Strength,3,0,3
Stribor,3,0,3
Strikkerina,0,3,3
Strobbe,3,0,3
Stroganog,3,0,3
Strogoff,0,3,3
Stromer,3,0,3
Strycker,3,0,3
Strømgård,3,0,3
Stuangely,0,3,3
Stuardo,3,0,3
Stuaward,3,0,3
Stubbe,3,0,3
Stubrah,3,0,3
Stue,3,0,3
Stupav,0,3,3
Sturla,3,0,3
Sturm,3,0,3
Sturmey,3,0,3
Sturridge,3,0,3
Sturtevant,3,0,3
Stuw,3,0,3
Stuwe,3,0,3
Stuwencio,3,0,3
Stuy,3,0,3
Stuyvie,3,0,3
Stvando,3,0,3
Stwanley,3,0,3
Styale,3,0,3
Styam,3,0,3
Styco,3,0,3
Styen,3,0,3
Stygian,3,0,3
Stygo,3,0,3
Styless,3,0,3
Stylita,0,3,3
Stylvie,0,3,3
Styna,0,3,3
Styneke,0,3,3
Stynie,0,3,3
Stynis,3,0,3
Styno,3,0,3
Styske,0,3,3
Styvianna,0,3,3
Su'Angely,0,3,3
Su'edeny,0,3,3
Su'queensha,0,3,3
Su-An,0,3,3
Su-Angel,0,3,3
Su-Angely,0,3,3
Su-Ann,0,3,3
Su-atmi,0,3,3
Su-derriön,3,0,3
Su-é,0,3,3
Su-Elita,0,3,3
Su-Eveny,0,3,3
Su-Fei,0,3,3
Su-gin,0,3,3
Su-Hyun,3,0,3
Su-jaybert,3,0,3
Su-Jaydior,3,0,3
Su-Jeany,0,3,3
Su-Kaylee,0,3,3
Su-Lam,3,0,3
Su-lan,0,3,3
Su-Mai-Lin,0,3,3
Su-Moy,0,3,3
Su-Nova,0,3,3
Su-Yi,0,3,3
Súa,3,0,3
Süa,0,3,3
Suaat,3,0,3
Suadela,0,3,3
Suaderninaderneisha,0,3,3
Suadou,0,3,3
Suai,3,0,3
Suaid,0,3,3
Sualiha,0,3,3
Sualita,0,3,3
Sually,0,3,3
Suamerly,0,3,3
Suamino,0,3,3
Süan,3,0,3
Súan,3,0,3
Suàn,0,3,3
Suanda,0,3,3
Suandelyne,0,3,3
Suandika,0,3,3
Suang,0,3,3
Suangel,0,3,3
Suanghio,3,0,3
Suanie,0,3,3
Suanita,0,3,3
Suanley,3,0,3
Suánna,0,3,3
Suanna,0,3,3
Suanneke,0,3,3
Suanssa,3,0,3
Suanthely,0,3,3
Suantley,3,0,3
Suardiena,0,3,3
Suardy,3,0,3
Suartie,0,3,3
Suasa,0,3,3
Suashni,0,3,3
Suastie,0,3,3
Suavé,3,0,3
Suavi,3,0,3
Suay,0,3,3
Süayib,3,0,3
Suâyip,3,0,3
Suayp,3,0,3
Suba,0,3,3
Subagio,3,0,3
Subagiyo,0,3,3
Subah,0,3,3
Subaha,0,3,3
Subahan,3,0,3
Subahançan,3,0,3
Subahe,0,3,3
Subaidah,0,3,3
Subaïde,0,3,3
Subaira,0,3,3
Subanuja,0,3,3
Subanujan,3,0,3
Subardi,3,0,3
Subaseni,0,3,3
Subasinghe,3,0,3
Subat,3,0,3
Subata,0,3,3
Subathran,3,0,3
Subay,3,0,3
Subaya,3,0,3
Subaydah,0,3,3
Subbel,3,0,3
Subeda,0,3,3
Subeedei,3,0,3
Subehen,3,0,3
Subeida,0,3,3
Subelya,0,3,3
Suberdina,0,3,3
Suberi,3,0,3
Subernen,3,0,3
Suberta,0,3,3
Subesh,0,3,3
Subeti,3,0,3
Subeyr,3,0,3
Sübeyye,0,3,3
Subge,3,0,3
Sübhan,3,0,3
Subhana,0,3,3
Subhankar,3,0,3
Subhanullah,3,0,3
Subhaschandra,3,0,3
Subhaschandre,3,0,3
Subhashchandra,3,0,3
Subhashkumar,3,0,3
Subiani,0,3,3
Subiarjo,3,0,3
Subiarto,3,0,3
Subier,3,0,3
Subiksen,3,0,3
Subilla,0,3,3
Subitha,0,3,3
Subiyanto,3,0,3
Subocaj,3,0,3
Subojit,3,0,3
Subrahmanyu,3,0,3
Subramaniam,3,0,3
Subramoney,0,3,3
Subrata,3,0,3
Subriènne,0,3,3
Subroto,3,0,3
Subryan,3,0,3
Subt-Ihsan,3,0,3
Subtain,3,0,3
Suc,0,3,3
Sucain,3,0,3
Sucaïne,0,3,3
Sucando,3,0,3
Sucarsy,0,3,3
Suceso,3,0,3
Suceta,0,3,3
Sucette,0,3,3
Sucha,3,0,3
Suchanya,0,3,3
Sucharit,3,0,3
Suchata,0,3,3
Sucheh,3,0,3
Suchette,0,3,3
Suchin,0,3,3
Suchindre,3,0,3
Suchira,0,3,3
Suchitrajeet,0,3,3
Suchmoegtar,3,0,3
Süci,0,3,3
Sucil,3,0,3
Suckhrachariya,3,0,3
Sucty,0,3,3
Sucu,3,0,3
Sücyla,0,3,3
Sudabeh,0,3,3
Sudabh,0,3,3
Sudain,3,0,3
Sudana,0,3,3
Sudanyo,3,0,3
Sudara,0,3,3
Sudarman,3,0,3
Sudarmi,0,3,3
Sudarmin,3,0,3
Sudarminah,0,3,3
Sudarni,0,3,3
Sudarreny,3,0,3
Sudarschini,0,3,3
Sudarshankoemar,3,0,3
Sudarshen,3,0,3
Sudarshinikumari,0,3,3
Sudarshiniwatie,0,3,3
Sudarshni,0,3,3
Sudashni,0,3,3
Sudavan,0,3,3
Suday-rion,3,0,3
Sudays,3,0,3
Sudberdur,3,0,3
Suddenly,3,0,3
Sude-Lara,0,3,3
Sude-Naz,0,3,3
Sude.Derya,0,3,3
Sudecan,0,3,3
Sudeere,3,0,3
Sudeeys,3,0,3
Sudelen,0,3,3
Sûdem,0,3,3
Südem,0,3,3
Sudemelek,0,3,3
Sudemgül,0,3,3
Sudenas,0,3,3
Sudennaz,0,3,3
Sudenya,0,3,3
Sudesna,3,0,3
Sudesu,0,3,3
Sudevie,0,3,3
Sudewi,0,3,3
Sudeya,0,3,3
Sudeysi,3,0,3
Sudhana,3,0,3
Sudhansu,3,0,3
Sudharsan,3,0,3
Sudharsana,3,0,3
Sudharsani,0,3,3
Sudharsani-Devi,0,3,3
Sudharsannath,3,0,3
Sudharshan,3,0,3
Sudheen,3,0,3
Sudheer,3,0,3
Sudheerkumar,3,0,3
Sudhendre,3,0,3
Sudheshsingh,3,0,3
Sudhessingh,3,0,3
Sudhiersing,3,0,3
Sudhindra,0,3,3
Sudhir-Jasvant,3,0,3
Sudhira-Krishna,3,0,3
Sudhiranand,3,0,3
Sudhish,3,0,3
Sudhur,3,0,3
Sudia,0,3,3
Sudianvièldra,0,3,3
Sudienne,0,3,3
Sudiep,3,0,3
Sudijan,3,0,3
Sudijono,3,0,3
Sudiksha,0,3,3
Sudikshana,0,3,3
Sudiljen,0,3,3
Sudimah,0,3,3
Sudiono,3,0,3
Sudiro,3,0,3
Sudishka,0,3,3
Suditi,0,3,3
Sudiythadebie,0,3,3
Sudjad,3,0,3
Sudjajani,0,3,3
Sudjantie,0,3,3
Sudjatha,0,3,3
Sudjen,0,3,3
Sudjena,0,3,3
Sudjendrick,3,0,3
Sudjestiney,0,3,3
Sudjiati,0,3,3
Sudjitkoemar,3,0,3
Sudnyson,3,0,3
Sudohba,0,3,3
Sudono,3,0,3
Sudphanna,0,3,3
Sudriënne,0,3,3
Sudteerak,0,3,3
Sudueny,0,3,3
Sudweena,0,3,3
Sudweny,3,0,3
Sudyadila,0,3,3
Sudyanti,0,3,3
Sue'Haila,0,3,3
Sue-Allen,0,3,3
Sue-An,0,3,3
Sue-Andra,0,3,3
Sue-Angel,0,3,3
Sue-ann,0,3,3
Sue-Ann-Marie,0,3,3
Sue-Anna,0,3,3
Sue-Anndely,0,3,3
Sue-Anneke,0,3,3
Sue-Annely,0,3,3
Sue-Anny,0,3,3
Sue-anthely,0,3,3
Sue-Avely,0,3,3
Sue-Barron,3,0,3
Sue-Dailly,0,3,3
Sue-Daiska,0,3,3
Sue-Dellys,0,3,3
Sue-Djeni,0,3,3
Sue-Drely,0,3,3
Sue-Elle,0,3,3
Sue-ena,0,3,3
Sue-Ena,0,3,3
Sue-engely,0,3,3
Sue-ëny,0,3,3
Sue-Esti,0,3,3
Sue-Eva,0,3,3
Sue-Eve,0,3,3
Sue-Foen,0,3,3
Sue-Fuen,0,3,3
Sue-Gaen,0,3,3
Sue-Gaili,0,3,3
Sue-Gcell,0,3,3
Sue-Geeny,0,3,3
Sue-Gsell,0,3,3
Sue-Hail,0,3,3
Sue-Haily,0,3,3
Sue-Haimerly,0,3,3
Sue-Hayne,0,3,3
Sue-Hey,0,3,3
Sue-Hyr,3,0,3
Sue-Jin,0,3,3
Sue-Jo,0,3,3
Sue-Keung,0,3,3
Sue-Këyli,0,3,3
Sue-Keyli,0,3,3
Sue-Khen,3,0,3
Sue-Laida,0,3,3
Sue-Lan,0,3,3
Sue-Layni,0,3,3
Sue-Len,0,3,3
Sue-Liân,0,3,3
Sue-Lin,0,3,3
Sue-Lisa,0,3,3
Sue-Lynn,0,3,3
Sue-Man,0,3,3
Sue-Mantha,0,3,3
Sue-Myra,0,3,3
Sue-Naily,0,3,3
Sue-Naiska,0,3,3
Sue-Randy,3,0,3
Sue-Rani,0,3,3
Sue-Ranie,0,3,3
Sue-Rene,0,3,3
Sue-rianne,0,3,3
Sue-Riël,0,3,3
Sue-Sanne,0,3,3
Sue-Serena,0,3,3
Sue-Tjen,0,3,3
Sue-Vienna,0,3,3
Sue-wela,0,3,3
Sue-wena,0,3,3
Sue-Wendy,0,3,3
Sue-Wing,0,3,3
Sue-Yana,0,3,3
Sue-Yeanelly,0,3,3
Sue-Yén,0,3,3
Sue-Yeng,0,3,3
Sue-Yi,0,3,3
Sue-Ying,0,3,3
Sue-Zjendely,3,0,3
Sueali,0,3,3
Sueandra,0,3,3
Sueanly,3,0,3
SueAnn,0,3,3
Suechelies,0,3,3
Sued,0,3,3
Sûeda,0,3,3
Sűeda,0,3,3
Süedâ,0,3,3
Süeda-Nur,0,3,3
Suedany,0,3,3
Suedari,0,3,3
Suède,0,3,3
Suedjin,0,3,3
Suedrik,3,0,3
Suedy,0,3,3
Suédy,0,3,3
Suéédel,3,0,3
Sueedel,3,0,3
Sueela,0,3,3
Sueellen,0,3,3
Sueély,0,3,3
Suegaysca,0,3,3
Sueghenely,0,3,3
Suehaeley,0,3,3
Suehaily,0,3,3
Suehaylee,0,3,3
Suehela,0,3,3
Suehendley,3,0,3
Suehenra,0,3,3
Suei,3,0,3
Suejendra,0,3,3
Suéjenthly,0,3,3
Sueken,0,3,3
Suekeyna,0,3,3
Süel,0,3,3
Suélah,0,3,3
Suelaica,0,3,3
Suelainy,0,3,3
Suelayka,0,3,3
Suelayney,0,3,3
Suelean,0,3,3
Suelènne,0,3,3
Suëli,0,3,3
Suelidjwa,0,3,3
Sueline,0,3,3
Sueliya,0,3,3
Suelizandra,0,3,3
Suëlla,0,3,3
Suëlly,0,3,3
Suelo,0,3,3
Suelyana,0,3,3
Suelynm,0,3,3
Suemara,0,3,3
Suemary,0,3,3
Suemay,0,3,3
Suémerson,3,0,3
Suemillio,3,0,3
Suémy,0,3,3
Suën,0,3,3
Suen-Ann,0,3,3
Suêna,0,3,3
Suénaicha,0,3,3
Suenaina,0,3,3
Suenaly,0,3,3
Suenda,0,3,3
Suendel,3,0,3
Suendeline,0,3,3
Suendely,0,3,3
Suendley,3,0,3
Suendro,3,0,3
Suendry,3,0,3
Suendy,0,3,3
Suene,0,3,3
Sueney,0,3,3
Suëngely,0,3,3
Suéngeny,0,3,3
Sueni,3,0,3
Suënih,0,3,3
Suenlio,3,0,3
Suenn,3,0,3
Suënne,0,3,3
Suénne,0,3,3
Suenno,3,0,3
Suennur,0,3,3
Suensley,3,0,3
Suentelie,0,3,3
Suentely,0,3,3
Suentley,3,0,3
Suëny,0,3,3
Sueomy,0,3,3
Suerainy,3,0,3
Sueraynie,0,3,3
Suerayxa,0,3,3
Suerd,3,0,3
Suerella,0,3,3
Suerenda,0,3,3
Suereyna,0,3,3
Sueriayani,0,3,3
Suerinder,3,0,3
Sueriyah,0,3,3
Suerte,0,3,3
Suesie,0,3,3
Suet-Ching,0,3,3
Suet-Teng,0,3,3
Suet-Yee,0,3,3
Suet-Ying,0,3,3
Sueta,0,3,3
Suetfah,0,3,3
Suetlong,0,3,3
Suetta,0,3,3
Suevany,0,3,3
Suevi,0,3,3
Suevianka,0,3,3
Suevinio,3,0,3
Sueweh,0,3,3
Suewéla,0,3,3
Suewellen,0,3,3
Suewely,0,3,3
Suewena,0,3,3
Suewendly,3,0,3
Sueweney,0,3,3
Suey,0,3,3
Suey-Ann,0,3,3
Sueyda,0,3,3
Sueyde,0,3,3
Sueyene,0,3,3
Sueylin,0,3,3
Sueyly,0,3,3
Suez,3,0,3
Suezette,0,3,3
Suêzo,3,0,3
Süfan,3,0,3
Sufang,0,3,3
Sufano,3,0,3
Sufany,0,3,3
Sufat,3,0,3
Sufe,0,3,3
Sufei,3,0,3
Sufeyla,0,3,3
Suffain,3,0,3
Suffian,3,0,3
Sufiaan,3,0,3
Sufiah,0,3,3
Sufiane,3,0,3
Sufien,3,0,3
Sufijan,3,0,3
Sufina,0,3,3
Sufiyah,0,3,3
Sufjen,3,0,3
Sufjian,3,0,3
Sufridus,3,0,3
Sufyan-Ur,3,0,3
Sug,0,3,3
Sugainy,0,3,3
Sugako,0,3,3
Sugal,3,0,3
Sugal-Amin,3,0,3
Sugand,0,3,3
Sugandani,0,3,3
Sugandra,0,3,3
Suganty,0,3,3
Sugar,3,0,3
Sugarcy,0,3,3
Sugardjo,3,0,3
Sugata,3,0,3
Sugda,0,3,3
Sugdenaz,0,3,3
Sugeban,3,0,3
Sugeë,0,3,3
Sugee,0,3,3
Sugeendran,0,3,3
Sugeëne,0,3,3
Sugeëny,0,3,3
Sugeeny,0,3,3
Sugeetha,0,3,3
Sugei,0,3,3
Sugeinah,0,3,3
Sugelie,0,3,3
Sugen,0,3,3
Sugené,3,0,3
Sugénelisha,0,3,3
Sugenely,0,3,3
Sugeng,3,0,3
Sugëny,0,3,3
Sugénys,0,3,3
Sugesti,0,3,3
Sugetha,0,3,3
Sugethan,3,0,3
Sugette,0,3,3
Sughé,0,3,3
Sugheny,0,3,3
Sughrah,0,3,3
Sugi,0,3,3
Sugiarta,3,0,3
Sugiarti,0,3,3
Sugihartono,0,3,3
Sugihono,3,0,3
Sugijono,3,0,3
Sugima,0,3,3
Sugiono,3,0,3
Sugirthan,3,0,3
Sugitha,0,3,3
Sugiyan,3,0,3
Sugiyanti,0,3,3
Sugiyanto,3,0,3
Sugiyarto,3,0,3
Sugiyem,0,3,3
Sugoi,3,0,3
Sugourney,0,3,3
Sugra,0,3,3
Suĝra,0,3,3
Suġra,0,3,3
Sugrim,3,0,3
Suguello,3,0,3
Sugumar,0,3,3
Sugunya,0,3,3
Suh-Young,3,0,3
Suhaad,0,3,3
Suhaana,0,3,3
Suhab,3,0,3
Suhaedy,0,3,3
Suhaeley,0,3,3
Suhaeny,0,3,3
Suhai,0,3,3
Suhaidy,0,3,3
Suhaïl,3,0,3
Suhail-Mohammed,3,0,3
Suhaili,0,3,3
Suhailine,0,3,3
Suhaillah,0,3,3
Suhailly,0,3,3
Suhaina,0,3,3
Suhainley,0,3,3
Suhainly,0,3,3
Suhaintely,0,3,3
Suhainys,0,3,3
Suhair,0,3,3
Suhal,0,3,3
Suhaly,0,3,3
Suhandi,3,0,3
Suhandley,3,0,3
Suhandy,3,0,3
Suhanidjo,3,0,3
Suhanna,0,3,3
Suhansera,0,3,3
Suhanto,3,0,3
Suhanya,0,3,3
Suhardi,3,0,3
Suharey,0,3,3
Suharto,3,0,3
Suhartono,3,0,3
Suharyanto,3,0,3
Suhas,3,0,3
Suhashni,0,3,3
Suhasini,0,3,3
Suhasni,0,3,3
Suhasnie,0,3,3
Suhay,0,3,3
Suhayba,0,3,3
Suhayip,3,0,3
Suhayley,0,3,3
Suhayma,0,3,3
Suhaymi,0,3,3
Suhayna,0,3,3
Suhayni,0,3,3
Suhban,3,0,3
Suhë,0,3,3
Suheavenly,0,3,3
Suheba,0,3,3
Sühedä,0,3,3
Suheela,0,3,3
Suheena,0,3,3
Suheeyb,3,0,3
Suheijb,3,0,3
Suheily,0,3,3
Suheima,0,3,3
Suheira,0,3,3
Suhelen,0,3,3
Suheley,0,3,3
Suheli,0,3,3
Suhema,0,3,3
Suhena,0,3,3
Suhendan,0,3,3
Suhendley,3,0,3
Suhentley,3,0,3
Suhera,0,3,3
Suhetley,0,3,3
Süheųlâ,0,3,3
Suheur,0,3,3
Süheyb,3,0,3
Suheybi,3,0,3
Süheydanur,0,3,3
Suheyeb,3,0,3
Süheylali,3,0,3
Süheylanur,0,3,3
Suheyli,0,3,3
Suheyna,0,3,3
Süheyp,3,0,3
Suheyra,0,3,3
Suhir,0,3,3
Suhira,0,3,3
Sühr,3,0,3
Suhrendely,0,3,3
Suhrit,3,0,3
Suhrnaygel,3,0,3
Suhsmita,0,3,3
Suhul,0,3,3
Suhule,0,3,3
Suhuur,0,3,3
Suhyb,3,0,3
Suhyini,0,3,3
Suhyla,0,3,3
Suhyly,0,3,3
Suhze,0,3,3
Súi,0,3,3
Suï-Ann,0,3,3
Sui-Anthely,0,3,3
Sui-Foen,0,3,3
Sui-Ghong,3,0,3
Sui-Kaida,0,3,3
Sui-Lai,0,3,3
Sui-Ling,0,3,3
Sui-Loong,3,0,3
Sui-Mey,0,3,3
Sui-On,3,0,3
Sui-yin,0,3,3
Sui-Yuk,0,3,3
Suiberta,0,3,3
Suibrechta,0,3,3
Suibrechtus,3,0,3
Suidi,0,3,3
Suidiiq,3,0,3
Suie-Joen,3,0,3
Suie-On,3,0,3
Suien,0,3,3
Suifree,0,3,3
Suij,0,3,3
Suij-In,0,3,3
Suijen,0,3,3
Suijs,3,0,3
Suilai,3,0,3
Suilan,0,3,3
Suilem,3,0,3
Suili,0,3,3
Suilieja,0,3,3
Suilven,3,0,3
Suinaina,0,3,3
Suinam,3,0,3
Suindelmar,3,0,3
Suisan,0,3,3
Suisbertha,0,3,3
Suishel,3,0,3
Suisunaila,0,3,3
Suit,0,3,3
Suit-Kiu,0,3,3
Suïtbert,3,0,3
Suitbertho,3,0,3
Suiwai,0,3,3
Suiwang,0,3,3
Suiyin,3,0,3
Suiying,0,3,3
Sujaani,0,3,3
Sujaarlini,0,3,3
Sujaia,0,3,3
Sujaita,0,3,3
Sujanaradhana,0,3,3
Sujanne,0,3,3
Sujanshan,3,0,3
Sujanthan,3,0,3
Sujanti,0,3,3
Sujanto,3,0,3
Sujarwo,3,0,3
Sujatadewi,0,3,3
Sujatajayanti,0,3,3
Sujatie,0,3,3
Sujatini,0,3,3
Sujatni,0,3,3
Sujatno,3,0,3
Sujayh,3,0,3
Sujayliz,0,3,3
Sujayriën,3,0,3
Sujeandrian,0,3,3
Sujeanne,0,3,3
Sujeany,0,3,3
Sujedis,0,3,3
Sujeelly,0,3,3
Sujeevan,3,0,3
Sujeewa,0,3,3
Sujeiris,0,3,3
Sujendra,0,3,3
Sujenka,0,3,3
Sujëno,3,0,3
Sujero,3,0,3
Sujesh,3,0,3
Sujevan,3,0,3
Sujhata,0,3,3
Sujheet,3,0,3
Sujheta,0,3,3
Sujie,0,3,3
Sujien,3,0,3
Sujiet,3,0,3
Sujika,0,3,3
Sujilan,3,0,3
Sujin,3,0,3
Sujing,0,3,3
Sujinthan,3,0,3
Sujira,0,3,3
Sujiro,3,0,3
Sujith,3,0,3
Sujithan,3,0,3
Sujithkumar,3,0,3
Sujitkumar,3,0,3
Sujitra,0,3,3
Sujo,3,0,3
Sujon,0,3,3
Sujoy,3,0,3
Sujung,0,3,3
Sujyangellieësha,0,3,3
Suk-Bing,0,3,3
Suk-Ching,0,3,3
Suk-Han,0,3,3
Suk-Min,0,3,3
Suk-Wah,0,3,3
Suk-Yen,0,3,3
Suka,3,0,3
Sukaesih,0,3,3
Sukah,3,0,3
Sukai,3,0,3
Sükan,3,0,3
Sukandina,0,3,3
Sukanya,0,3,3
Sukanyah,0,3,3
Sukardi,3,0,3
Sukarmin,3,0,3
Sukarna,0,3,3
Sukarni,0,3,3
Sukarnie,0,3,3
Sukartie,0,3,3
Sukartini,0,3,3
Sukasih,0,3,3
Sukasrin,3,0,3
Sukatma,3,0,3
Sukdi,0,3,3
Suké,0,3,3
Sukeena,0,3,3
Sukeinah,0,3,3
Sukeirthin,3,0,3
Sukenah,0,3,3
Sukengadja,3,0,3
Suker,3,0,3
Sükeyna,0,3,3
Sukh,3,0,3
Sukhaie,3,0,3
Sukhbinder,3,0,3
Sukhchen-Kaur,0,3,3
Sukhdei,0,3,3
Sukhdey,0,3,3
Sukhjinder,3,0,3
Sukhjinderpal,3,0,3
Sukhlal,3,0,3
Sukhleen,0,3,3
Sukhmandeep,0,3,3
Sukhmani,0,3,3
Sukhmanpreet,3,0,3
Sukhothai,3,0,3
Sukhpal,3,0,3
Sukhpatie,0,3,3
Sukhpauljeet,3,0,3
Sukhpreet,0,3,3
Sukhra,0,3,3
Sukhveer,0,3,3
Sukhvir,3,0,3
Sukiati,0,3,3
Sukienne,0,3,3
Sukijem,0,3,3
Sukijna,0,3,3
Sukijne,0,3,3
Sukima,0,3,3
Sukiman,3,0,3
Sukimin,3,0,3
Sukinie,0,3,3
Sukish,3,0,3
Sukit,3,0,3
Sukita,0,3,3
Sukka,3,0,3
Sukkarie,0,3,3
Sukki,0,3,3
Sukkina,0,3,3
Sukma,3,0,3
Sukmajanna,3,0,3
Sukmana,3,0,3
Sukmanandita,0,3,3
Sukmapradipta,0,3,3
Sukmawati,0,3,3
Suknantha,0,3,3
Sukol,3,0,3
Sukomoljono,3,0,3
Sukraj,3,0,3
Sûkran,0,3,3
Súkran,0,3,3
Sukrani,0,3,3
Sükren,0,3,3
Sukritaam,3,0,3
Sukritaani,0,3,3
Sukriyah,0,3,3
Sûkrû,3,0,3
Sukrü,3,0,3
Sükru,3,0,3
Sükrü-Kaan,3,0,3
Sukruye,0,3,3
Süküfe,0,3,3
Sukul,3,0,3
Sukumar,3,0,3
Sukura,0,3,3
Sukurat,0,3,3
Sükürnaz,0,3,3
Suky,0,3,3
Sukyanne,0,3,3
Sukyjen,0,3,3
Sulaafa,0,3,3
Sulaf,0,3,3
Sulafa,0,3,3
Sulafah,0,3,3
Sulah,0,3,3
Sulahat,0,3,3
Sulahuddin,3,0,3
Sulaica,0,3,3
Sulaicha,0,3,3
Sulaiga,0,3,3
Sulaïka,0,3,3
Sulaikah,0,3,3
Sulaikha,0,3,3
Sulaila,0,3,3
Sulaimana,3,0,3
Sulaimen,3,0,3
Sulaini,0,3,3
Sulaiya,0,3,3
Sulakhsna,0,3,3
Sulaksh,3,0,3
Sulaksha,3,0,3
Sulakshan,3,0,3
Sulakshanaa,0,3,3
Sulakshanakoemarie,0,3,3
Sulakshinidevi,0,3,3
Sulakshmi,0,3,3
Sulakshnadevi,0,3,3
Sulaksna,0,3,3
Sulaksnadewi,0,3,3
Sulaman,3,0,3
Sulamie,0,3,3
Sulamit,0,3,3
Sulamita,0,3,3
Sulamite,0,3,3
Sulan,0,3,3
Sulane,0,3,3
Sulanjari,0,3,3
Sularyo,3,0,3
Sulasa,0,3,3
Sulasmin,3,0,3
Sulasri,3,0,3
Sulatha,0,3,3
Sulatsai,3,0,3
Sülav,0,3,3
Sulawesi,0,3,3
Sulay,3,0,3
Sulayca,0,3,3
Sulaycha,0,3,3
Sulaykha,0,3,3
Sülayla,0,3,3
Sulayla,0,3,3
Sulaymãn,3,0,3
Sulaymane,3,0,3
Sulayni,0,3,3
Sulayza,0,3,3
Sulbie,0,3,3
Sulbiye,0,3,3
Suldan,3,0,3
Sülea,0,3,3
Suléé,0,3,3
Suleen,0,3,3
Suleeny,0,3,3
Suleeqo,0,3,3
Sulef,0,3,3
Sülegül,0,3,3
Sulei,0,3,3
Suleica,0,3,3
Suleikha,0,3,3
Suleikim,3,0,3
Suleimane,3,0,3
Suleinny,0,3,3
Suleira,0,3,3
Sulejmani,3,0,3
Sulemanu,3,0,3
Sulemi,0,3,3
Sulénia,0,3,3
Sulenn,0,3,3
Sulenni,0,3,3
Suleqa,0,3,3
Sulevaney,0,3,3
Sulexsi,0,3,3
Süleya,0,3,3
Süleyha,0,3,3
Suleyma,0,3,3
Sûleyman,3,0,3
Sūleyman,3,0,3
Suleymane,3,0,3
Suleyna,0,3,3
Suleyse,0,3,3
Sulfait,0,3,3
Sulfakir,3,0,3
Sulhiye,0,3,3
Suliah,0,3,3
Suliana,0,3,3
Suliandri,0,3,3
Sulibed,0,3,3
Sulie,0,3,3
Suliem,3,0,3
Suliën,0,3,3
Suliène,0,3,3
Suliënne,0,3,3
Sulienne,0,3,3
Suligagatoen,0,3,3
Suligha,0,3,3
Sulijani,0,3,3
Sulika,0,3,3
Sulila,0,3,3
Sulindra,3,0,3
Suline,0,3,3
Sulistia,0,3,3
Sulistiawarti,0,3,3
Sulistiawati,0,3,3
Sulivan,3,0,3
Sulivënne,0,3,3
Suliviaisha,0,3,3
Suliviane,0,3,3
Sulivielgenie,0,3,3
Sulivien,0,3,3
Sulivieñe,0,3,3
Sulivienka,0,3,3
Suliviënne,0,3,3
Sulivienne,0,3,3
Suliyah,0,3,3
Suliyo,3,0,3
Suljenka,0,3,3
Suljette,0,3,3
Sullaica,0,3,3
Sullaila,0,3,3
Sulli-viënne,0,3,3
Sullieman,3,0,3
Sullifan,3,0,3
Sullimara,0,3,3
Sullivains,3,0,3
Sulliven,3,0,3
Sulliviene,0,3,3
Sulliviënne,0,3,3
Sulliviénne,0,3,3
Sulman,3,0,3
Sulochan,3,0,3
Sulochanadevi,0,3,3
Sulochanadewie,0,3,3
Sulochanadibie,0,3,3
Sulochnadevi,0,3,3
Sulriandy,0,3,3
Sulrivian,0,3,3
Sulshana,0,3,3
Sultaan,3,0,3
Sultan-Alexander,3,0,3
Sultanagatoen,0,3,3
Sultanah,0,3,3
Sultanali,3,0,3
Sultanay,0,3,3
Sultani,0,3,3
Sultannur,0,3,3
Sultansu,0,3,3
Sulthaniya,0,3,3
Sulton,3,0,3
Sultone,0,3,3
Sulukhshana,0,3,3
Sülüya,0,3,3
Sulvain,3,0,3
Sulvanno,3,0,3
Sulvano,3,0,3
Sulveigh,0,3,3
Sulvey,3,0,3
Sulviëngely,0,3,3
Sulvienna,0,3,3
Sulviënsheny,0,3,3
Sülya,0,3,3
Sulyanja,0,3,3
Sulyanny,0,3,3
Sulyanti,0,3,3
Sulyenka,0,3,3
Sulyma,0,3,3
Sulymar,0,3,3
Sulysia,0,3,3
Sulyvién,0,3,3
Sulyviene,0,3,3
Sulyvienne,0,3,3
Sulyviénne,0,3,3
Sum-Che,0,3,3
Sum-Yee,0,3,3
Suma-Waya,0,3,3
Sumac,0,3,3
Sumadi,3,0,3
Sumadji,3,0,3
Sumai-jah,0,3,3
Sumailys,0,3,3
Sumairah,0,3,3
Sumaishi,0,3,3
Sumaiyya,0,3,3
Sumal,3,0,3
Sumaman,0,3,3
Sumandredath,3,0,3
Sumangali,0,3,3
Sumanitu,3,0,3
Sumanta,0,3,3
Sumantkumar,3,0,3
Sumantoro,3,0,3
Sumantrie,0,3,3
Sumardjinah,0,3,3
Sumaria,0,3,3
Sumariam,0,3,3
Sumarla,0,3,3
Sumarlan,3,0,3
Sumarlien,0,3,3
Sumarmi,0,3,3
Sumarna,0,3,3
Sumaro,3,0,3
Sumarsih,0,3,3
Sumarsono,3,0,3
Sumartie,0,3,3
Sumarto,3,0,3
Sumarty,0,3,3
Sumaru,3,0,3
Sumarya,0,3,3
Sumat,0,3,3
Sumatera,0,3,3
Sumathi,0,3,3
Sumatie,0,3,3
Sumatra,0,3,3
Sümaya,0,3,3
Sumayris,0,3,3
Sumaysha,0,3,3
Sumbal,0,3,3
Sumbla,0,3,3
Sumbula,3,0,3
Sumdo,3,0,3
Sumeara,0,3,3
Sumedha,0,3,3
Sumedho,3,0,3
Sumeea,0,3,3
Sumeera,0,3,3
Sumeeth,3,0,3
Sumeetha,0,3,3
Sumeetkumar,3,0,3
Sumegge,0,3,3
Sumeha,0,3,3
Sümehra,0,3,3
Sumeira,0,3,3
Sumeirah,0,3,3
Sumeiya,0,3,3
Sumeje,0,3,3
Sümejra,0,3,3
Sumen,0,3,3
Sumentra,0,3,3
Sumenya,0,3,3
Sumenye,0,3,3
Sümera,0,3,3
Sumerah,3,0,3
Sumeray,0,3,3
Sumerie,3,0,3
Sumerijah,0,3,3
Sumeru,3,0,3
Sumesh,3,0,3
Sumey,0,3,3
Sumeyde,0,3,3
Sumeyi,0,3,3
Sümeyla,0,3,3
Sumeyo,0,3,3
Sùmeyra,0,3,3
Sûmeyra,0,3,3
Sŭmeyra,0,3,3
Sumeyre,0,3,3
Sumeyyah,0,3,3
Sümeyyah,0,3,3
Sŭmeyye,0,3,3
Sűmeyye,0,3,3
Sûmeyye,0,3,3
Sümeyye-Merve,0,3,3
Sumeyyerana,0,3,3
Sumhan,0,3,3
Sumhera,0,3,3
Sumia'ati,0,3,3
Sumiatun,0,3,3
Sumica,0,3,3
Sumicha,0,3,3
Sumihiro,3,0,3
Sumijaty,0,3,3
Sumijra,0,3,3
Sumila,0,3,3
Sumilah,0,3,3
Sumilpershad,3,0,3
Suminah-Logie,0,3,3
Suminarti,0,3,3
Suminaya,3,0,3
Sumindra,3,0,3
Suming,3,0,3
Sumintradevi,0,3,3
Sumintrawatie,0,3,3
Sumir,3,0,3
Sumiran,3,0,3
Sumirè,0,3,3
Sumisha,0,3,3
Sumisola,0,3,3
Sumiyanti,0,3,3
Sumiyati,0,3,3
Sumiyya,0,3,3
Sumja,0,3,3
Sumki,0,3,3
Sumlee,0,3,3
Summanya,0,3,3
Summar,0,3,3
Summaya,0,3,3
Summayya,0,3,3
Sümmer,0,3,3
Summer-Daniëls,0,3,3
Summer-Jane,0,3,3
Summer-Jewel,0,3,3
Summer-Joy,0,3,3
Summer-Lily,0,3,3
Summer-Liv,0,3,3
Summer-Rose,0,3,3
Summerly,0,3,3
Summerly-kaily,0,3,3
Summerstar,0,3,3
Summery,3,0,3
Summeyya,0,3,3
Summy,3,0,3
Sumnal,3,0,3
Sumniang,0,3,3
Sumnima,0,3,3
Sumnon,3,0,3
Sumo,3,0,3
Sumon,3,0,3
Sumondak,3,0,3
Sumone,0,3,3
Sumpena,3,0,3
Sumr,0,3,3
Sumuni,0,3,3
Sumuthy,3,0,3
Sumyjati,0,3,3
Sumyra,0,3,3
Sun-Ae,0,3,3
Sun-Hae,3,0,3
Sun-Hi,0,3,3
Suna-May,0,3,3
Sunai,0,3,3
Sunai-Jelly,0,3,3
Sunaidrik,3,0,3
Sunaijna-Singh,0,3,3
Sunaily,0,3,3
Sunaïna,0,3,3
Sunaina-Rani,0,3,3
Sunainadebie,0,3,3
Sunainagatoen,0,3,3
Sunainakumari,0,3,3
Sunaine,0,3,3
Sunaira,0,3,3
Sunaïry,0,3,3
Sunairy,0,3,3
Sunaishely,0,3,3
Sunaishëly,0,3,3
Sunaiveny,0,3,3
Sunaiya,0,3,3
Sunaj,3,0,3
Sunakshi,0,3,3
Sunala,0,3,3
Sunali,0,3,3
Sunalisha,0,3,3
Sūnàn,3,0,3
Sünanda,0,3,3
Sunandani,0,3,3
Sunandanidevi,0,3,3
Sunande,0,3,3
Sunandeni,0,3,3
Sunander,3,0,3
Sunandinidevi,0,3,3
Sunandra,0,3,3
Sunar,3,0,3
Sunara,0,3,3
Sunarbawa,3,0,3
Sunardewanta,3,0,3
Sunardy,3,0,3
Sunarijo,3,0,3
Sunarjo,3,0,3
Sunarmi,0,3,3
Sunarti,0,3,3
Sunary,0,3,3
Sunase,0,3,3
Sunaya,0,3,3
Sunayan,3,0,3
Sunayanadevi,0,3,3
Sunaynadevi,0,3,3
Sunayrah,0,3,3
Sunbel,0,3,3
Sunca,0,3,3
Sunčan,3,0,3
Sunce,0,3,3
Suncearai,0,3,3
Sunchase,3,0,3
Suncheré,0,3,3
Suncheriah,0,3,3
Sunchioré,0,3,3
Sunčica,0,3,3
Suncica,0,3,3
Sunciray,0,3,3
Suncke,0,3,3
Sundaf,0,3,3
Sundai,0,3,3
Sundalinio,3,0,3
Sundara,3,0,3
Sundaridebi,0,3,3
Sundary,0,3,3
Sundas,0,3,3
Sunday-Rose,0,3,3
Sundeepkumar,3,0,3
Sunderdev,3,0,3
Sunderpersad,3,0,3
Sundeshkoemar,3,0,3
Sundher,3,0,3
Sundhierkoemar,3,0,3
Sundiate,3,0,3
Sundis,0,3,3
Sundjay,3,0,3
Sundjaykumar,3,0,3
Sundnik,3,0,3
Sundoes,0,3,3
Sundor,3,0,3
Sundown,0,3,3
Sundrely,0,3,3
Sundri,0,3,3
Sundrich,3,0,3
Sundukoh,0,3,3
Sundun,0,3,3
Sundy,0,3,3
Suñe,0,3,3
Sunée,0,3,3
Suneegelly,0,3,3
Suneeldath,3,0,3
Suneetadewi,0,3,3
Suneh,0,3,3
Suneil,3,0,3
Suneina,0,3,3
Sunel,3,0,3
Sunelica,0,3,3
Sunena,0,3,3
Sunera,0,3,3
Sunessa,0,3,3
Sunet,0,3,3
Sunetha,0,3,3
Sunetra,0,3,3
Suneva,0,3,3
Suneye,0,3,3
Suneyska,0,3,3
Sunfish,0,3,3
Sung-Mi,0,3,3
Sung-Su,3,0,3
Sung-tsui,0,3,3
Sung-Wing,3,0,3
Sungaa,0,3,3
Sungai,3,0,3
Sungaila,0,3,3
Sungkawasih,0,3,3
Sungkono,3,0,3
Sungo,3,0,3
Sungurhan,3,0,3
Sunhia,0,3,3
Sunhwa,3,0,3
Sunhyo,3,0,3
Sunia,0,3,3
Suniana,0,3,3
Sunie,0,3,3
Sunieldaht,3,0,3
Sunieldath,3,0,3
Suniema,0,3,3
Sunieta,0,3,3
Sunihta,0,3,3
Sunika,0,3,3
Sunil-Duth,3,0,3
Sunila,0,3,3
Sunilchand,3,0,3
Sunildathsarma,3,0,3
Sunildut,3,0,3
Sunilduth,3,0,3
Sunilkoemar,3,0,3
Sunilpersad,3,0,3
Sunilva,0,3,3
Sunina,0,3,3
Sunir,3,0,3
Sunisaira,0,3,3
Sunischa,0,3,3
Sunishka,0,3,3
Sunita-Devie,0,3,3
Sunita-Kumari,0,3,3
Sunitadebie,0,3,3
Sunitadewie,0,3,3
Sunitra,0,3,3
Suniyah,0,3,3
SunJae,3,0,3
Sunjarline,0,3,3
Sunjata,0,3,3
Sunjaydath,3,0,3
Sunjaykumar,3,0,3
Sunjiet,3,0,3
Sunjit,3,0,3
Sunju,3,0,3
Sunka,3,0,3
Sunkaku,3,0,3
Sunke,0,3,3
Sunlight,0,3,3
Sunlin,0,3,3
Sunly,3,0,3
Sunmit,3,0,3
Sunmoon,3,0,3
Sunna-Ra,0,3,3
Sünnah,3,0,3
Sunnaia,0,3,3
Sunnee,0,3,3
Sunneke,0,3,3
Sunner,3,0,3
Sunnetta,0,3,3
Sunnia,0,3,3
Sunnifa,0,3,3
Sunnil,3,0,3
Sunnita,0,3,3
Sunny-Belle,0,3,3
Sunny-Blue,3,0,3
Sunny-Bradley,3,0,3
Sunny-Jo,0,3,3
Sunny-Kumar,3,0,3
Sunny-Lee,0,3,3
Sunny-Ray,3,0,3
Sunnya,0,3,3
Sunnydath,3,0,3
Sunnydev,3,0,3
Sunnydevan,3,0,3
Sunnyradj,3,0,3
Suno,3,0,3
Sunodio,3,0,3
Sunovlaim,0,3,3
Sunradija,0,3,3
Sunradji,0,3,3
Sunradjie,0,3,3
Sunraisy,0,3,3
Sunraya,0,3,3
Sunrisa,0,3,3
Sunrise,3,0,3
Sunruisha,0,3,3
Sunseahree,0,3,3
Sunsearai,0,3,3
Sunsearhae,0,3,3
Sunsearhy,0,3,3
Sunsee'rah,0,3,3
Sunseeree,0,3,3
Sunseray,0,3,3
Sunshaira,0,3,3
Sunshairee,0,3,3
Sunshairo,3,0,3
Sunsheary,0,3,3
Sunsheeahree,0,3,3
Sunta,0,3,3
Suntali,0,3,3
Suntella,0,3,3
Suntha,0,3,3
Sunthanathip,3,0,3
Sunthas,0,3,3
Sunthi,3,0,3
Sunthjan,3,0,3
Sunty,3,0,3
Suntzu,0,3,3
Sünüllah,3,0,3
Sunullah,3,0,3
Sunvir,3,0,3
Sunwoo,3,0,3
Suny,3,0,3
Sūnya,3,0,3
Sunyar,3,0,3
Sunying,0,3,3
Sunyótó,3,0,3
Sunysha,0,3,3
Sunyta,0,3,3
Sunyva,0,3,3
Suod,3,0,3
Suomy,0,3,3
Suonica,0,3,3
Suopkina,0,3,3
Suoth,0,3,3
Supapan,0,3,3
Supardi,3,0,3
Supardjo,3,0,3
Suparmi,0,3,3
Suparsih,0,3,3
Supartina,0,3,3
Supartinah,0,3,3
Suparto,3,0,3
Supatemah,0,3,3
Supattra,0,3,3
Supee,0,3,3
Supero,3,0,3
Superrianna,0,3,3
Supha,3,0,3
Suphakorn,3,0,3
Suphanida,0,3,3
Supharmi,0,3,3
Suphata,0,3,3
Suphia,0,3,3
Suphican,3,0,3
Suphon,3,0,3
Suphyaendro,3,0,3
Supiah,0,3,3
Supijah,0,3,3
Supit,3,0,3
Suplisia,0,3,3
Supphajittra,0,3,3
Suprabha,0,3,3
Supranee,0,3,3
Suprapti,3,0,3
Suprapto,3,0,3
Supreeyadevi,0,3,3
Supria,0,3,3
Supriatna,0,3,3
Supridi,3,0,3
Supriey,0,3,3
Supriyadebie,0,3,3
Suprya,0,3,3
Supryana,0,3,3
Supryanto,3,0,3
Supu,3,0,3
Supun,3,0,3
Suqiem,0,3,3
Suquainy,0,3,3
Sur-Genne,3,0,3
Sur-Jane,0,3,3
Sûra,0,3,3
Sura-Lynn,0,3,3
Suraag,3,0,3
Suraaghni,0,3,3
Suraagnie,0,3,3
Surabaya,0,3,3
Surabhi,0,3,3
Suracha,0,3,3
Surachai,3,0,3
Surachno,3,0,3
Suradd,3,0,3
Suradhana,0,3,3
Suradhiya,0,3,3
Suradjdeen,3,0,3
Suradnya,0,3,3
Suradya,0,3,3
Suragata,3,0,3
Suraghini,0,3,3
Suragini,0,3,3
Suragna,0,3,3
Suragny,0,3,3
Surahtina,0,3,3
Surai,3,0,3
Suraichel,3,0,3
Suraidagatoen,0,3,3
Suraidrick,3,0,3
Suraiha,0,3,3
Suraïly,0,3,3
Suraima,0,3,3
Suraime,3,0,3
Suraino,0,3,3
Suraiya-Begum,0,3,3
Suraiyna,0,3,3
Suraj-Akash,3,0,3
Suraj-Raj,3,0,3
Surajadevi,0,3,3
Surajd,3,0,3
Surajdath,3,0,3
Surajdev,3,0,3
Surajhkumar,3,0,3
Surajini,0,3,3
Surajmatie,0,3,3
Surajmenu,3,0,3
Surajna,0,3,3
Surajprasad,3,0,3
Surajrajkumarsingh,3,0,3
Surajsing,3,0,3
Surakchadevi,0,3,3
Surakchha,0,3,3
Surakshadevi,0,3,3
Surala,0,3,3
Suralééne,0,3,3
Suramanie,0,3,3
Suramseline,0,3,3
Suranaz,0,3,3
Surandjenie,0,3,3
Surandré,3,0,3
Surandrick,3,0,3
Suranga,3,0,3
Surangel,3,0,3
Surangelie,0,3,3
Surangi,0,3,3
Suranidevi,0,3,3
Suranie,0,3,3
Suraniya,0,3,3
Suranjali,0,3,3
Suranjani,0,3,3
Suranjini,0,3,3
Surano,3,0,3
Suranthi,0,3,3
Surantina,0,3,3
Surantly,3,0,3
Surany,0,3,3
Suranyu,3,0,3
Surapheal,3,0,3
Suraphit,3,0,3
Surapong,3,0,3
Surashna,0,3,3
Surath,3,0,3
Suratin,3,0,3
Suratno,3,0,3
Surato,3,0,3
Surawati,0,3,3
Suraxia,3,0,3
Süray,3,0,3
Suray-gel,3,0,3
Surayaa,0,3,3
Surayadebie,0,3,3
Surayj,3,0,3
Surayna,0,3,3
Suraynis,0,3,3
Suraysha,0,3,3
Surayya,0,3,3
Surayyah,0,3,3
Surbjit,3,0,3
Surdanny,0,3,3
Surdas,3,0,3
Surdelica,0,3,3
Surdemare,3,0,3
Surdensly,3,0,3
Surdet,0,3,3
Surdiënny,0,3,3
Surdirjan,3,0,3
Surdjanie,0,3,3
Surdjeni,0,3,3
Surdney,3,0,3
Sure-Yella,0,3,3
Sureayo,3,0,3
Surebike,0,3,3
Surechni,0,3,3
Sureeci,0,3,3
Sureen,3,0,3
Sureeny,0,3,3
Sureerat,0,3,3
Sureesha,0,3,3
Sureeya,0,3,3
Sureilly,3,0,3
Sureina,0,3,3
Surejdew,3,0,3
Surejh,3,0,3
Surekhadewie,0,3,3
Sureksha,0,3,3
Surela,3,0,3
Sureley,0,3,3
Sureliya,0,3,3
Surelka,0,3,3
Surellety,0,3,3
Surem,0,3,3
Suremy,3,0,3
Surén,3,0,3
Surèn,3,0,3
Sürenda,0,3,3
Surendar,3,0,3
Surendel,3,0,3
Surendera,3,0,3
Surenderpersad,3,0,3
Surendersing,3,0,3
Surendhra,0,3,3
Surendi,3,0,3
Surendiël,3,0,3
Surendrakumar,3,0,3
Surendranath,3,0,3
Surendraperkash,3,0,3
Surendrasingh,3,0,3
Surendrenath,3,0,3
Surendresing,3,0,3
Surendresingh,3,0,3
Surengelly,0,3,3
Surenia,0,3,3
Sureno,3,0,3
Surensely,3,0,3
Surensly,3,0,3
Surenth,3,0,3
Surently,3,0,3
Sures,3,0,3
Suresham,3,0,3
Sureshkoemar,3,0,3
Sureshkumarn,3,0,3
Sureshma,0,3,3
Sureshmadevi,0,3,3
Sureshprakash,3,0,3
Sureśvar,3,0,3
Suretj,3,0,3
Suretsel,0,3,3
Sürettin,3,0,3
Süreye,0,3,3
Sureyha,0,3,3
Süreyha,0,3,3
Süreyla,0,3,3
Surëyma,0,3,3
Sûreyya,0,3,3
Süreyyanur,0,3,3
Sureyyanur,0,3,3
Surez,3,0,3
Surgeald,3,0,3
Surgelys,0,3,3
Surgijan,3,0,3
Surginmar,3,0,3
Surgynio,3,0,3
Surha,0,3,3
Surhay,3,0,3
Surhayni,0,3,3
Surhender,3,0,3
Surhinder-Kumar,3,0,3
Súri,3,0,3
Suri-Lynn,0,3,3
Suriaar,3,0,3
Suriadarma,3,0,3
Suriah,0,3,3
Suriandy,0,3,3
Surianie,0,3,3
Surianna,0,3,3
Surianni,0,3,3
Suriany,0,3,3
Suriarto,3,0,3
Suriaya,0,3,3
Surida,0,3,3
Surie,3,0,3
Suriel,0,3,3
Suriëly,0,3,3
Suriënna,0,3,3
Suriënne,0,3,3
Suriénne,0,3,3
Surière,0,3,3
Suries,3,0,3
Surija,3,0,3
Surijadatt,3,0,3
Surijan,3,0,3
Surijani,0,3,3
Surijanti,0,3,3
Surijantiek,0,3,3
Surijanty,0,3,3
Surijany,0,3,3
Surijono,3,0,3
Surik,3,0,3
Surikha-devie,0,3,3
Surila,0,3,3
Surili,0,3,3
Surilya,0,3,3
Surilynn,0,3,3
Surin-Pran,3,0,3
Surinaylis,0,3,3
Sürinda,0,3,3
Surindar,3,0,3
Surindath,3,0,3
Surinderkumar,3,0,3
Surinderparsad,3,0,3
Surindersing,3,0,3
Surindha,0,3,3
Surindra-Sharma,3,0,3
Surindradath,3,0,3
Surindranath,3,0,3
Surindy,0,3,3
Surine,0,3,3
Suripni,0,3,3
Suripto,3,0,3
Surisaddia,0,3,3
Surisch,3,0,3
Surishaddai,0,3,3
Surishkumar,3,0,3
Suritakoemarie,0,3,3
Surito,3,0,3
Surivyain,0,3,3
Suriyah,3,0,3
Suriyanoto,3,0,3
Suriyathi,0,3,3
Süriye,3,0,3
Suriyeshá,0,3,3
Suriyo,3,0,3
Suriyothai,0,3,3
Suriyun,3,0,3
Surja-Prakash,3,0,3
Surjahadi,0,3,3
Surjairic,3,0,3
Surjand,3,0,3
Surjanie,0,3,3
Surjanto,3,0,3
Surjatie,0,3,3
Surjatman,3,0,3
Surje,3,0,3
Surjë,3,0,3
Surjean,3,0,3
Surjeane,0,3,3
Surjelic,0,3,3
Surjen,0,3,3
Surjenarain,3,0,3
Surjendra,3,0,3
Surjeprakash,3,0,3
Surjhata,0,3,3
Surjia,3,0,3
Surjonic,3,0,3
Surjoska,0,3,3
Surlaika,0,3,3
Surlaxmi,0,3,3
Surliandy,3,0,3
Surlien,0,3,3
Surlivienne,0,3,3
Sürmaigely,0,3,3
Surme,0,3,3
Surmee,0,3,3
Sũrmely,0,3,3
Surmilia,0,3,3
Surmilla,0,3,3
Surnaina,0,3,3
Surnayis,0,3,3
Surneysheline,0,3,3
Surnyean,0,3,3
Surobi,0,3,3
Surochana,0,3,3
Surodjely,0,3,3
Suroedj,3,0,3
Suroedjdai,0,3,3
Suroedjkoemari,0,3,3
Surojhini,0,3,3
Suromen,3,0,3
Surood,3,0,3
Suror,0,3,3
Suroso,3,0,3
Suroud,0,3,3
Surprise,3,0,3
Surranity,0,3,3
Surrella,0,3,3
Surren,3,0,3
Surrendernath,3,0,3
Surrendjel,3,0,3
Surrendo,3,0,3
Surrendra,3,0,3
Surrendranath,3,0,3
Surrendreprakash,3,0,3
Surresh,3,0,3
Sürreyya,0,3,3
Surrinder,3,0,3
Surrya,0,3,3
Surt,3,0,3
Surteny,0,3,3
Surtina,0,3,3
Surtinah,0,3,3
Surtla,0,3,3
Surtrinio,3,0,3
Surudjnarayan,3,0,3
Suruj,3,0,3
Surujkoemar,3,0,3
Surujpal,3,0,3
Surujpersad,3,0,3
Surukejy,0,3,3
Sürül,0,3,3
Surupia,0,3,3
Sururu,3,0,3
Suruthiga,0,3,3
Suruthikka,0,3,3
Suruthy,0,3,3
Surutti,0,3,3
Suruyanto,3,0,3
Survesh,3,0,3
Surviëne,0,3,3
Survieneley,0,3,3
Survina,0,3,3
Survival-Lee,3,0,3
Surwesh,3,0,3
Surya-Devi,0,3,3
Surya-Kant,3,0,3
Suryad,3,0,3
Suryadarma,3,0,3
Suryadi,3,0,3
Suryah,0,3,3
Suryahadi,3,0,3
Suryajiet,3,0,3
Suryakamal,3,0,3
Suryakantsingh,3,0,3
Suryakoemar,3,0,3
Suryakusumadewi,0,3,3
Suryan-Daniel,3,0,3
Suryanand,3,0,3
Suryanandpersad,3,0,3
Suryand,3,0,3
Suryaningsih,0,3,3
Suryanna,0,3,3
Suryanno,3,0,3
Suryansh,3,0,3
Suryansi,0,3,3
Suryantian,3,0,3
Suryantie,0,3,3
Suryanty,0,3,3
Suryaperkash,3,0,3
Suryashanker,3,0,3
Suryashnie,0,3,3
Suryasingh,3,0,3
Suryatna,0,3,3
Suryavan,3,0,3
Suryavarnam,3,0,3
Suryawan,3,0,3
Suryé,0,3,3
Suryekiran,3,0,3
Suryene,0,3,3
Suryengelo,3,0,3
Surynio,3,0,3
Suryonegoro,3,0,3
Suryosutrisno,3,0,3
Suryusha,0,3,3
Sus-Dealey,0,3,3
Susaily,0,3,3
Susaldryson,3,0,3
Susam,0,3,3
Susama,0,3,3
Süsan,0,3,3
Susan-Jennifer,0,3,3
Susan-May,0,3,3
Susan-Willy,0,3,3
Susanah,0,3,3
Susanalinda,0,3,3
Susander,3,0,3
Susandrika,0,3,3
Susańna,0,3,3
Susanna-Alma,0,3,3
Susanne-Gertruud,0,3,3
Susanne-Marchien,0,3,3
Susannes,3,0,3
Susannna,0,3,3
Susanno,3,0,3
Susannus,3,0,3
Susant,0,3,3
Susanty-Joy,0,3,3
Susasca,0,3,3
Susaye,0,3,3
Suschma,0,3,3
Susdairis,0,3,3
Susdaly,0,3,3
Susdar,0,3,3
Suse-Marie,0,3,3
Susean,0,3,3
Susella,0,3,3
Suselle,0,3,3
Susem,3,0,3
Süsen,0,3,3
Susenna,0,3,3
Susenne,0,3,3
Suseth,0,3,3
Susette-Gill,0,3,3
Sushaant,3,0,3
Sushama-Aarti,0,3,3
Sushamadewi,0,3,3
Sushan,0,3,3
Sushanari,0,3,3
Sushanna,0,3,3
Sushanne,0,3,3
Sushano,3,0,3
Sushant-Ahiman,3,0,3
Susheena,0,3,3
Sushi,0,3,3
Sushiara,0,3,3
Sushiela,0,3,3
Sushini,0,3,3
Sushmawatie,0,3,3
Sushmeta,0,3,3
Sushmira,0,3,3
Sushmita-Renoka,0,3,3
Sushmitah,0,3,3
Sushmitha,0,3,3
Sushmytha,0,3,3
Sushriya,0,3,3
Sushwita,0,3,3
Sushyl,3,0,3
Susiani,0,3,3
Susianlie,0,3,3
Susiantie,0,3,3
Susiekapoer,3,0,3
Susijantie,0,3,3
Susika,0,3,3
Susilanti,0,3,3
Susilja,0,3,3
Susilowati,0,3,3
Susita,0,3,3
Susitha,0,3,3
Susitina,0,3,3
Susiyanti,0,3,3
Susja,0,3,3
Susjankoemarie,0,3,3
Susk,0,3,3
Susmadebie,0,3,3
Susmadevi,0,3,3
Susmahaily,0,3,3
Susmailien,0,3,3
Susmana,0,3,3
Susmawatie,0,3,3
Susmitha,0,3,3
Susneyus,3,0,3
Suso,3,0,3
Susonne,0,3,3
Suspater,3,0,3
Suspensa,0,3,3
Susquénah,3,0,3
Sussannah,0,3,3
Sussarius,3,0,3
Sussenbach,0,3,3
Susset,0,3,3
Sussianie,0,3,3
Sussini,0,3,3
Sussy,0,3,3
Sustijasti,0,3,3
Sustina,0,3,3
Sustine,0,3,3
Sustriya,0,3,3
Sustry,0,3,3
Susuana,0,3,3
Susumu,3,0,3
Susunny,0,3,3
Suswarija,0,3,3
Suswita,0,3,3
Susy-Ann,0,3,3
Susy-Lou,0,3,3
Susylla,0,3,3
Suszanna,0,3,3
Suszanne,0,3,3
Sut-Lai,0,3,3
Sutardjo,3,0,3
Sutarno,3,0,3
Sutarsih,0,3,3
Sutarya,3,0,3
Sutbartus,3,0,3
Sutchai,0,3,3
Suteja,3,0,3
Suth,0,3,3
Suthada,0,3,3
Suthana,3,0,3
Suthaparan,3,0,3
Sutharni,0,3,3
Sutharsan,3,0,3
Suthasinee,0,3,3
Suthasinii,0,3,3
Suthathip,0,3,3
Suthavadee,0,3,3
Suthawath,0,3,3
Suthee,3,0,3
Sutheshan,3,0,3
Suthesini,0,3,3
Suthida,0,3,3
Suthir,3,0,3
Sutia,0,3,3
Sutiah,0,3,3
Sutida,0,3,3
Sutidjah,0,3,3
Sutima,0,3,3
Sutimah,0,3,3
Suting,0,3,3
Sutino,3,0,3
Sutiny,0,3,3
Sutiono,3,0,3
Sutisno,3,0,3
Sutji,0,3,3
Sutjiami,0,3,3
Sutjira,0,3,3
Sutliyano,3,0,3
Sutnier,3,0,3
Suto,3,0,3
Sutodwijonarko,3,0,3
Sutonia,0,3,3
Sutopo,3,0,3
Sutowidhoyoko,3,0,3
Sutrana,0,3,3
Suttipat,3,0,3
Suttiphong,3,0,3
Suttuh,3,0,3
Sutyron,3,0,3
Suûde,0,3,3
Suufi,3,0,3
Suuleim,0,3,3
Suurds,3,0,3
Suus-An,0,3,3
Suus-Ann,0,3,3
Suus-Anna,0,3,3
Suus-Marie,0,3,3
Suusan,0,3,3
Suusanna,0,3,3
Suusie,0,3,3
Suusse,0,3,3
Suusz,0,3,3
Suva,0,3,3
Suvada,0,3,3
Suvadi,0,3,3
Suvadiye,0,3,3
Suvaip,3,0,3
Suvani,3,0,3
Suvarna,0,3,3
Suvarnasri,0,3,3
Suvasinidevi,0,3,3
Suveer,3,0,3
Suveesan,3,0,3
Süver,3,0,3
Suvianka,0,3,3
Suvianty,0,3,3
Suviany,0,3,3
Suvièldiansheli,0,3,3
Suviëna,0,3,3
Suviensell,3,0,3
Suvienska,0,3,3
Suvientely,0,3,3
Suviëntleyca,0,3,3
Suviëny,0,3,3
Suviënys,0,3,3
Suviëth,0,3,3
Suvietha,0,3,3
Suvigya,0,3,3
Suvin,3,0,3
Suvithan,3,0,3
Suvyenne,0,3,3
Suwa,0,3,3
Suwadu,3,0,3
Suwaily,0,3,3
Suwan,3,0,3
Suwana,0,3,3
Suwanda,0,3,3
Suwandjae,0,3,3
Suwani,3,0,3
Suwanie,0,3,3
Suwannah,0,3,3
Suwannaphob,3,0,3
Suwanto,3,0,3
Suwar,3,0,3
Suwardi,3,0,3
Suwarjo,3,0,3
Suwarnie,0,3,3
Suwarsih,3,0,3
Suwarso,3,0,3
Suwasa,0,3,3
Suwat,3,0,3
Suwaya,0,3,3
Suwaynie,0,3,3
Suweda,0,3,3
Suweena,0,3,3
Suweenely,0,3,3
Suweenie,0,3,3
Suwejda,0,3,3
Suwekta,0,3,3
Suwella,0,3,3
Süwena,0,3,3
Suwendal,3,0,3
Suwendly,3,0,3
Suwendy,3,0,3
Suweney,0,3,3
Suwengeëlies,0,3,3
Suwenska,0,3,3
Suwensley,3,0,3
Suwensly,3,0,3
Suwenteline,0,3,3
Suwentely,3,0,3
Suwentley,3,0,3
Suwesh,3,0,3
Suwesha,0,3,3
Suweyba,0,3,3
Suweyla,0,3,3
Suwi,0,3,3
Suwiabu,3,0,3
Suwinitha,0,3,3
Suwisa,0,3,3
Suwistia,0,3,3
Suwita,0,3,3
Suwito,3,0,3
Suwiyanti-Pujiastuti,0,3,3
Suwtje,0,3,3
Suwyanti,0,3,3
Suy-Lean,3,0,3
Suyadi,3,0,3
Suyan,0,3,3
Suyanie,0,3,3
Suyanne,0,3,3
Suyanta,0,3,3
Suyantie,0,3,3
Suyao,0,3,3
Suyati,0,3,3
Suyatmi,0,3,3
Suyatno,3,0,3
Suyèn,0,3,3
Suyendra,0,3,3
Suyenley,0,3,3
Suyenna,0,3,3
Suyiën,0,3,3
Suying,0,3,3
Suynana,0,3,3
Suyo,3,0,3
Suyog,3,0,3
Suyono,3,0,3
Süyzan,0,3,3
Suz-an,0,3,3
Suzageriedevi,0,3,3
Suzan-Afke,0,3,3
Suzan-Maria,0,3,3
Suzan-Marie,0,3,3
Suzanah,0,3,3
Suzancy,0,3,3
Suzaneth,0,3,3
Suzanke,0,3,3
Suzânna,0,3,3
Suzánne,0,3,3
Suzanne-Antoinette,0,3,3
Suzanne-Fleurie,0,3,3
Suzanne-Jane,0,3,3
Suzanne-Lisa,0,3,3
Suzanne-Mannine,0,3,3
Suzanne-Willemijn,0,3,3
Suzannette,0,3,3
Suzanno,0,3,3
Suzano,3,0,3
Suzanse,0,3,3
Suzantie,0,3,3
Suzantje,0,3,3
Suzata,0,3,3
Suzatte,0,3,3
Suzda,0,3,3
Süze,0,3,3
Suze-Annigje,0,3,3
Suze-Feia,0,3,3
Suze-Fien,0,3,3
Suze-Jet,0,3,3
Suze-Linde,0,3,3
Suze-Mae,0,3,3
Suze-Nanne,0,3,3
Suze-Nore,0,3,3
Suze-Roos,0,3,3
Suze-Sophie,0,3,3
Suze-Willemijn,0,3,3
Suzebas,0,3,3
Suzéh,0,3,3
Suzej,3,0,3
Suzèl,0,3,3
Suzel,0,3,3
Suzeleen,0,3,3
Suzelia,0,3,3
Suzelien,0,3,3
Suzeline,0,3,3
Suzella,0,3,3
Suzelly,0,3,3
Suzemijn,0,3,3
Süzèn,0,3,3
Suzenna,0,3,3
Suzenne,0,3,3
Suzepien,0,3,3
Suzeppe,3,0,3
Suzerina,0,3,3
Suzete,0,3,3
Suzewind,0,3,3
Suzhi,0,3,3
Suzi-Janny,0,3,3
Suzia,0,3,3
Suzianti,0,3,3
Suziantie,0,3,3
Suzie-Ann,0,3,3
Suzie-Bianca,0,3,3
Suzie-Jo,0,3,3
Suzie-Sofie,0,3,3
Suziel,3,0,3
Suziëra,0,3,3
Suzijanti,0,3,3
Suzijantie,0,3,3
Suzijntje,0,3,3
Suzik,0,3,3
Suzila,0,3,3
Suzille,0,3,3
Suzo,3,0,3
Suzse,0,3,3
Süzülay,0,3,3
Suzy-Anne,0,3,3
Suzy-Deborah,0,3,3
Suzy-Jane,0,3,3
Suzy-Painem,0,3,3
Suzyanti,0,3,3
Suzydebie,0,3,3
Suzyong,0,3,3
Suzzan,0,3,3
Suzzanne,0,3,3
Suzzette,0,3,3
Svàbàgia-Devi,0,3,3
Svadesh,3,0,3
Svaenhilde,0,3,3
Svairin,3,0,3
Sval,3,0,3
Svala,0,3,3
Svan,3,0,3
Svana,0,3,3
Svanati,3,0,3
Svanimir,3,0,3
Svano,3,0,3
Svant,3,0,3
Svara,0,3,3
Svaranch,3,0,3
Svaranjali,0,3,3
Svarasna,0,3,3
Svaren,3,0,3
Svaresh,3,0,3
Svarn,3,0,3
Svarnlata,0,3,3
Svarofsky,3,0,3
Svarovski,0,3,3
Svarup,3,0,3
Svashtica,0,3,3
Svastikah,0,3,3
Svasty,0,3,3
Svata,0,3,3
Svati,0,3,3
Svatopluk,3,0,3
Svee,0,3,3
Svelena,0,3,3
Svelia,0,3,3
Svên,3,0,3
Svën,3,0,3
Sven-Äke,3,0,3
Sven-Ake,3,0,3
Sven-Arvid,3,0,3
Sven-Berend,3,0,3
Sven-Bertil,3,0,3
Sven-Björn,3,0,3
Sven-Bobby,3,0,3
Sven-Daniël,3,0,3
Sven-Diêgo,3,0,3
Sven-Egil,3,0,3
Sven-Eirik,3,0,3
Sven-Flemming,3,0,3
Sven-Ivar,3,0,3
Sven-Jarco,3,0,3
Sven-Jesse,3,0,3
Sven-Joël,3,0,3
Sven-Johan,3,0,3
Sven-Jorn,3,0,3
Sven-Jurgen,3,0,3
Sven-Lars,3,0,3
Sven-Lennart,3,0,3
Sven-Maarten,3,0,3
Sven-Ole,3,0,3
Sven-Olle,3,0,3
Sven-Olof,3,0,3
Sven-Peter,3,0,3
Sven-Pieter,3,0,3
Sven-Simon,3,0,3
Sven-Tim,3,0,3
Sven-Yves,3,0,3
Svënaya,0,3,3
Svencio,3,0,3
Svenda,0,3,3
Svendaage,3,0,3
Svenderíc,3,0,3
Svendrik,3,0,3
Svendro,3,0,3
Svenethly,0,3,3
Sveng,3,0,3
Svengard,0,3,3
Svenia,0,3,3
Svenlana,0,3,3
Svennius,3,0,3
Svennson,0,3,3
Svensen,3,0,3
Svensson,3,0,3
Sventelyne,0,3,3
Svera,0,3,3
Sverda,0,3,3
Sveréna,0,3,3
Sverinus,3,0,3
Sverker,3,0,3
Svernd-Christian,3,0,3
Sverr,3,0,3
Sverre-Anne,3,0,3
Sverrin,3,0,3
Sverrir,3,0,3
Sveshta,0,3,3
Svethlana,0,3,3
Svetislav,3,0,3
Svetka,0,3,3
Svetlaine,0,3,3
Svetlane,0,3,3
Svetlev,3,0,3
Svetlina,0,3,3
Svetlozara,0,3,3
Svetomir,3,0,3
Svetozar,3,0,3
Sveya,0,3,3
Sveyasha,0,3,3
Sviänny,0,3,3
Sviënna,0,3,3
Svijetlana,0,3,3
Svijtlona,0,3,3
Svirthe,0,3,3
Svit,3,0,3
Svitjold,3,0,3
Svjatoslav,3,0,3
Svoboda,0,3,3
Svonne,0,3,3
Svonnimir,3,0,3
Svyatoslav,3,0,3
Svyn,3,0,3
Svytoslav,3,0,3
Swaami,3,0,3
Swaas,3,0,3
Swabe,3,0,3
Swadeshray,3,0,3
Swadha,0,3,3
Swaenetta,0,3,3
Swaenhilde,0,3,3
Swaentina,0,3,3
Swaeny,0,3,3
Swaeske,0,3,3
Swafer,3,0,3
Swahili,0,3,3
Swaida,3,0,3
Swain,0,3,3
Swaine,3,0,3
Swainy,3,0,3
Swaleha,0,3,3
Swaliha,0,3,3
Swalue,0,3,3
Swamianand,3,0,3
Swaminand,3,0,3
Swamunu,3,0,3
Swan-Bing,3,0,3
Swan-Hilde,0,3,3
Swanahilde,0,3,3
Swanand,3,0,3
Swandi,3,0,3
Swandon,3,0,3
Swaneé,0,3,3
Swanee,0,3,3
Swaneke,0,3,3
Swaneth,0,3,3
Swanhilda,0,3,3
Swani,0,3,3
Swanice,0,3,3
Swanicus,3,0,3
Swanida,0,3,3
Swaniek,0,3,3
Swaniëtte,0,3,3
Swanikus,3,0,3
Swanisha,0,3,3
Swanit,0,3,3
Swanitha,0,3,3
Swanjora,0,3,3
Swanna,0,3,3
Swannedine,0,3,3
Swanni,0,3,3
Swannilda,0,3,3
Swannita,0,3,3
Swano,3,0,3
Swanta,0,3,3
Swantien,0,3,3
Swapnasundarie,0,3,3
Swapnedevie,0,3,3
Swaracinta,0,3,3
Swaraj,3,0,3
Swaranjali,0,3,3
Swaransingh,3,0,3
Swaraswatie,0,3,3
Swardhika,3,0,3
Swarensingh,3,0,3
Swareshwani,0,3,3
Swareth,3,0,3
Swargo,3,0,3
Swarinda,0,3,3
Swarinde,0,3,3
Swarlie,3,0,3
Swarna,0,3,3
Swarne,3,0,3
Swarovski,0,3,3
Swarray,3,0,3
Swarsathie,0,3,3
Swarssatie,0,3,3
Swartinia,0,3,3
Swartwold,3,0,3
Swartwolt,3,0,3
Swaryn,0,3,3
Swásatie,0,3,3
Swashant,3,0,3
Swasheetkumar,3,0,3
Swasique,0,3,3
Swasna,0,3,3
Swasnie,0,3,3
Swastha,0,3,3
Swastidevie,0,3,3
Swastiela,0,3,3
Swastikadebie,0,3,3
Swastisharaksmidevi,0,3,3
Swasttieka,0,3,3
Swatantrarai,3,0,3
Swatantrekumar,3,0,3
Swathi,0,3,3
Swatiena,0,3,3
Swatika,0,3,3
Swatina,0,3,3
Swatisha,0,3,3
Swatiska,0,3,3
Swavek,3,0,3
Sway-Soleil,0,3,3
Swayambhu,3,0,3
Swayamdath,3,0,3
Swayn,3,0,3
Swayse,0,3,3
Swazey,3,0,3
Swda,0,3,3
Swe-ann,0,3,3
Swea,0,3,3
Swean,3,0,3
Sweatha,0,3,3
Sweatlana,0,3,3
Swechhaya,0,3,3
Sweda,0,3,3
Swedera,0,3,3
Swedo,3,0,3
Sweeder,3,0,3
Sweently,3,0,3
Sweeny,3,0,3
Sweerdinus,3,0,3
Sweeris,3,0,3
Sweerrinus,3,0,3
Sweers,3,0,3
Sweetanaya,0,3,3
Sweetie,0,3,3
Sweetsa,0,3,3
Sweh,0,3,3
Swehjemdath,3,0,3
Swei,3,0,3
Sweja,0,3,3
Sweley,0,3,3
Swelson,3,0,3
Swena,0,3,3
Swenangelo,3,0,3
Swendarosia,0,3,3
Swendely,0,3,3
Swendelyn,0,3,3
Swendleyson,3,0,3
Swendoline,0,3,3
Swendrely,0,3,3
Swendrélys,0,3,3
Swendrigth,3,0,3
Swendry,3,0,3
Swendrymar,3,0,3
Swendryon,3,0,3
Swenerick,3,0,3
Swenhilde,0,3,3
Swenique,0,3,3
Swenity,0,3,3
Swenly,3,0,3
Swenneke,0,3,3
Swenno,3,0,3
Swensdley,3,0,3
Swenske,0,3,3
Swensley,3,0,3
Swenson,0,3,3
Swent,3,0,3
Swenya,0,3,3
Swerika,0,3,3
Sweris,3,0,3
Swerus-Jan,3,0,3
Swesdana,0,3,3
Swesti,0,3,3
Swestie,0,3,3
Swetambri,0,3,3
Swethlana,0,3,3
Swetislaw,3,0,3
Swetkó,3,0,3
Swetko,3,0,3
Swetomir,3,0,3
Swetozar,3,0,3
Swewe,3,0,3
Sweya,3,0,3
Swheetha,0,3,3
Swi-entely,0,3,3
Swidbert,0,3,3
Swidbertus,3,0,3
Swidian,3,0,3
Swiebert,3,0,3
Swiedbert,3,0,3
Swiedbertha,0,3,3
Swieke,0,3,3
SwieLan,0,3,3
Swienda,0,3,3
Swiendley,3,0,3
Swieralda,0,3,3
Swierdina,0,3,3
Swiere,3,0,3
Swierien,3,0,3
Swierita,0,3,3
Swiers,3,0,3
Swiertjan,3,0,3
Swiet,3,0,3
Swietbert,3,0,3
Swieter,3,0,3
Swietie,0,3,3
Swietoslaw,3,0,3
Swiffnick,3,0,3
Swigert,3,0,3
Swikaar,3,0,3
Swilin,3,0,3
Swillinja,0,3,3
Swindaily,0,3,3
Swindaline,0,3,3
Swindaly,0,3,3
Swinde,0,3,3
Swindley,3,0,3
Swindo,3,0,3
Swindy,0,3,3
Swinley,3,0,3
Swinnas,3,0,3
Swinny,0,3,3
Swintha,0,3,3
Swinto,3,0,3
Swinton,3,0,3
Swirjo,0,3,3
Swissan,0,3,3
Switberto,0,3,3
Swithin,3,0,3
Switlana,0,3,3
Switran,3,0,3
Swizly,0,3,3
Swoantje,0,3,3
Swobbien,0,3,3
Swonny,3,0,3
Swopkjen,0,3,3
Swoppie,0,3,3
Swy,3,0,3
Swydie,0,3,3
Swyenna,0,3,3
Swytze,3,0,3
Sy'mon,3,0,3
Sy'rae,0,3,3
Sy'Rai,0,3,3
Sy-ann,0,3,3
Sy-Kwie-Sjong,3,0,3
Sy-Liem,3,0,3
Sy-Thach,3,0,3
Sy-Thydo,3,0,3
Sy-Tsen-Ying,3,0,3
Sy-viëve,0,3,3
Sya-Caitlyn,0,3,3
Sya-Lynn,0,3,3
Syaäm,3,0,3
Syabend,3,0,3
Syabru,3,0,3
Syachriel,3,0,3
Syachrul,3,0,3
Syadinda,0,3,3
Syaefin,0,3,3
Syafan,3,0,3
Syafei,3,0,3
Syafii,3,0,3
Syahidah,0,3,3
Syahirah,0,3,3
Syahmi,3,0,3
Syahputra,3,0,3
Syahroni,3,0,3
Syaiful,3,0,3
Syaifullah,0,3,3
Syaima,0,3,3
Syair,3,0,3
Syaire,3,0,3
Syakirah,0,3,3
Syaline,0,3,3
Syama,0,3,3
Syamara,0,3,3
Syamirah,0,3,3
Syamsuddien,3,0,3
Syamsuddin,3,0,3
Syanah,0,3,3
Syanara,0,3,3
Syanda,0,3,3
Syandhika,0,3,3
Syandrilla,0,3,3
Syandro,3,0,3
Syanella,0,3,3
Syaputra,3,0,3
Syardus,3,0,3
Syarfa,0,3,3
Syariefah,0,3,3
Syarien,0,3,3
Syarifa,0,3,3
Syarifudin,0,3,3
Syarinda,0,3,3
Syarisma,0,3,3
Syarwani,3,0,3
Syas,3,0,3
Syawash,3,0,3
Sybaikan,0,3,3
Sybalda,0,3,3
Sybalt,3,0,3
Syban,3,0,3
Sybas,3,0,3
Sybastianus,3,0,3
Sybastiën,3,0,3
Sybaut,3,0,3
Sybbe,3,0,3
Sybbo,3,0,3
Sybèl,0,3,3
Sybèle,0,3,3
Sybelt,3,0,3
Syberdine,0,3,3
Sybern,3,0,3
Sybes,3,0,3
Sybetje,0,3,3
Sybetti,0,3,3
Sybian,3,0,3
Sybiel-Jeann,0,3,3
Sybiela,0,3,3
Sybielle,0,3,3
Sybiene,0,3,3
Sybigje,0,3,3
Sybile,0,3,3
Sybilia,0,3,3
Sybillina,0,3,3
Sybillo,3,0,3
Sybilly,0,3,3
Sybkje,0,3,3
Syble,3,0,3
Sybli,0,3,3
Sybline,0,3,3
Syboldt,3,0,3
Sybram,3,0,3
Sybrande,0,3,3
Sybrandia,0,3,3
Sybrandis,3,0,3
Sybrech,0,3,3
Sybregitta,0,3,3
Sybregtje,0,3,3
Sybrën,3,0,3
Sybrèn,0,3,3
Sybren-Lieuwes,3,0,3
Sybren-Willem,3,0,3
Sybrena,0,3,3
Sybrenjo,3,0,3
Sybrènt,3,0,3
Sybrichina,0,3,3
Sybriena,0,3,3
Sybrigh,0,3,3
Sybright,0,3,3
Sybrigina,0,3,3
Sybrigjen,0,3,3
Sybrigtje,0,3,3
Sybritt,0,3,3
Sybrogitha,0,3,3
Sybrynna,0,3,3
Sybyl,0,3,3
Sychael,0,3,3
Sychelle,0,3,3
Syciel,3,0,3
Sycilia,0,3,3
Sydan,3,0,3
Syddel,0,3,3
Sydger,3,0,3
Sydia,0,3,3
Sydiah,3,0,3
Sydin,3,0,3
Sydion,3,0,3
Sydjo,3,0,3
Sydjong,3,0,3
Sydmill,3,0,3
Sydneij,3,0,3
Sydney-Joey,3,0,3
Sydni,0,3,3
Sydnie,0,3,3
Sydon,0,3,3
Sydona,0,3,3
Sydony,0,3,3
Sydos,3,0,3
Sydow,3,0,3
Sydra,0,3,3
Sydrah,0,3,3
Sydrik,3,0,3
Sydse-Geert,3,0,3
Sydske,0,3,3
Sydwane,0,3,3
Sydyh,3,0,3
Syecilijo,3,0,3
Syedah,0,3,3
Syedda,0,3,3
Syedeh,0,3,3
Syëdy,0,3,3
Syefa,0,3,3
Syegen,3,0,3
Syël,0,3,3
Syela,0,3,3
Syella,0,3,3
Syemorine,0,3,3
Syèn,3,0,3
Syene,0,3,3
Syénna,0,3,3
Syënna,0,3,3
Syennah,0,3,3
Syènne,0,3,3
Syenterlique,3,0,3
Syërra,0,3,3
Syert,3,0,3
Syf,3,0,3
Syfan,3,0,3
Syfax,3,0,3
Syferinus,3,0,3
Syfke,0,3,3
Syfko,3,0,3
Syfrah,0,3,3
Syfrida,0,3,3
Sygbert,3,0,3
Sygberta,0,3,3
Sygbertha,0,3,3
Sygbritta,0,3,3
Sygenildis,0,3,3
Sygerd,3,0,3
Sygfridus,3,0,3
Syghlana,0,3,3
Sygi,3,0,3
Sygiën,0,3,3
Sygiena,0,3,3
Sygina,0,3,3
Syginho,3,0,3
Sygird,0,3,3
Syglina,0,3,3
Syglinda,0,3,3
Sygmar,3,0,3
Sygmet,0,3,3
Sygmund,3,0,3
Sygmunt,3,0,3
Sygnie,0,3,3
Sygniomara,0,3,3
Sygo,3,0,3
Sygoerda,0,3,3
Sygourney,0,3,3
Syguerio,3,0,3
Sygun,0,3,3
Sygwensha,0,3,3
Syhayneven,3,0,3
Syhreeta,0,3,3
Syifaa,0,3,3
Syika,0,3,3
Syin,3,0,3
Sying,0,3,3
Syjan,3,0,3
Syjana,0,3,3
Syjant,0,3,3
Syjea,0,3,3
Syjèra,0,3,3
Syjona,0,3,3
Syjunasy,0,3,3
Sykeh,0,3,3
Sykiën,3,0,3
Sykira,0,3,3
Sylab,3,0,3
Sylaika,0,3,3
Sylandro,3,0,3
Sylber,3,0,3
Sylbirt,3,0,3
Sylca,0,3,3
Sylchia,0,3,3
Sylda,0,3,3
Syldiane,0,3,3
Syldjano,3,0,3
Syldjen,3,0,3
Sylé,0,3,3
Sylea,0,3,3
Syleciah,0,3,3
Syleme,0,3,3
Sylen,3,0,3
Sylene,0,3,3
Sylène,0,3,3
Sylenne,0,3,3
Syleyman,3,0,3
Sylfan,3,0,3
Sylfein,3,0,3
Sylfen,3,0,3
Sylfezter,3,0,3
Sylfi,0,3,3
Sylfistina,0,3,3
Sylfonso,3,0,3
Sylhet,0,3,3
Syliana,0,3,3
Sylie,0,3,3
Sylila,0,3,3
Sylima,0,3,3
Syliman,3,0,3
Syliña,0,3,3
Syline,0,3,3
Sylinn,0,3,3
Sylis,3,0,3
Sylise,0,3,3
Sylivia,0,3,3
Syljå,0,3,3
Syljah,0,3,3
Syljayn,0,3,3
Syljeeneley,0,3,3
Sylko,3,0,3
Syllah,0,3,3
Syllenchio,3,0,3
Syllevietje,0,3,3
Syllia,0,3,3
Sylliano,3,0,3
Sylling,0,3,3
Syllvino,3,0,3
Sylmar,3,0,3
Sylmara,0,3,3
Sylmaro,3,0,3
Sylmi,0,3,3
Syloi,3,0,3
Sylombra,0,3,3
Sylorino,0,3,3
Sylotjanadevi,0,3,3
Sylow,3,0,3
Sylpha,0,3,3
Sylphana,0,3,3
Sylphester,3,0,3
Sylphiana,0,3,3
Sylrieke,0,3,3
Sylta,0,3,3
Sylte,3,0,3
Sylthijn,3,0,3
Sylvagrecio,3,0,3
Sylvàn,3,0,3
Sylvána,0,3,3
Sylvana-May,0,3,3
Sylvana-Sophie,0,3,3
Sylvanakhatoen,0,3,3
Sylvanas,3,0,3
Sylvander,3,0,3
Sylvanha,0,3,3
Sylvanica,0,3,3
Sylvanja,0,3,3
Sylvannia,0,3,3
Sylvannio,3,0,3
Sylvàno,3,0,3
Sylvanyo,3,0,3
Sylvar,3,0,3
Sylvara,0,3,3
Sylvario,3,0,3
Sylvaro,3,0,3
Sylvas,3,0,3
Sylvean,3,0,3
Sylveen,3,0,3
Sylvein,3,0,3
Sylvelly,0,3,3
Sylvèn,3,0,3
Sylvena,0,3,3
Sylvène,0,3,3
Sylvenia,0,3,3
Sylvèr,3,0,3
Sylvéra,0,3,3
Sylvere,3,0,3
Sylvére,3,0,3
Sylvero,3,0,3
Sylverster,3,0,3
Sylvest,3,0,3
Sylveste,0,3,3
Sylvester-Benjamin,3,0,3
Sylvestere,3,0,3
Sylvestria,0,3,3
Sylvestris,3,0,3
Sylvía,0,3,3
Sylvia-Caroline,0,3,3
Sylvia-Joyce,0,3,3
Sylvia-Marrije,0,3,3
Sylviade,0,3,3
Sylvían,3,0,3
Sylvianah,0,3,3
Sylviané,0,3,3
Sylvianka,0,3,3
Sylvianke,0,3,3
Sylviann,0,3,3
Sylviannà,0,3,3
Sylvianna,0,3,3
Sylviati,0,3,3
Sylvida,0,3,3
Sylvidia,0,3,3
Sylvié,3,0,3
Sylvie-Claire,0,3,3
Sylvie-Lynn,0,3,3
Sylvie-Noëlle,0,3,3
Sylviene,0,3,3
Sylvienna,0,3,3
Sylviënna,0,3,3
Sylviër,3,0,3
Sylviera,0,3,3
Sylvierra,0,3,3
Sylvin,0,3,3
Sylvinha,0,3,3
Sylvinius,0,3,3
Sylviño,3,0,3
Sylvinus,3,0,3
Sylvionne,0,3,3
Sylvique,0,3,3
Sylvit,3,0,3
Sylvolda,0,3,3
Sylvon,3,0,3
Sylvride,0,3,3
Sylvyan,3,0,3
Sylvyanne,0,3,3
Sylwen,0,3,3
Sym-Jan,3,0,3
Symaiah,0,3,3
Symaine,0,3,3
Symaira,0,3,3
Syman,3,0,3
Symbol,0,3,3
Symbrandus,3,0,3
Symea,0,3,3
Symelle,0,3,3
Symen-Hubert,3,0,3
Symena,0,3,3
Symene,0,3,3
Symeona,0,3,3
Symfonie,0,3,3
Symi,0,3,3
Symilde,0,3,3
Symina,0,3,3
Symm,3,0,3
Symmen,3,0,3
Symmitrie,0,3,3
Symo,3,0,3
Symonet,0,3,3
Symonne,0,3,3
Symontie,0,3,3
Symonus,3,0,3
Symora,0,3,3
Sympha,0,3,3
Symphoniana,0,3,3
Symporosa,0,3,3
Symrhan,0,3,3
Symyion,3,0,3
Synairi,0,3,3
Synairo,3,0,3
Syncear,3,0,3
Syncere,0,3,3
Syncerra,0,3,3
Synclair,3,0,3
Synco-Jaap,3,0,3
Synda,0,3,3
Syndari,0,3,3
Syndjé,3,0,3
Syné,0,3,3
Syneë,0,3,3
Synefius,3,0,3
Synell,3,0,3
Synella,0,3,3
Synelva,0,3,3
Synergie,0,3,3
Synergy,0,3,3
Synetta,0,3,3
Synette,0,3,3
Syng-Faa,3,0,3
Synia,0,3,3
Synija,0,3,3
Syniqua,0,3,3
Synn,0,3,3
Synna,0,3,3
Synnargio,3,0,3
Synneva,0,3,3
Synnovea,0,3,3
Synove,0,3,3
Syntel,0,3,3
Syntha,0,3,3
Synthese,0,3,3
Synthia-Marian,0,3,3
Synthy,0,3,3
Synticha,0,3,3
Syntiche,0,3,3
Syntiën,3,0,3
Syntyché,0,3,3
Syo,3,0,3
Syofiani,0,3,3
Syohni,0,3,3
Syoliviënne,0,3,3
Syonguvi,0,3,3
Syöni,0,3,3
Sypje,0,3,3
Sypke-Jan,3,0,3
Sypora,0,3,3
Sypriaan,0,3,3
Syprieana,0,3,3
Syquin,3,0,3
Syragatoen,0,3,3
Syrâh,0,3,3
Syrai,0,3,3
Syraina,0,3,3
Syraino,3,0,3
Syrana,0,3,3
Syranka,0,3,3
Syráno,3,0,3
Syranos,0,3,3
Syranouche,0,3,3
Syrap,0,3,3
Syraphina,0,3,3
Syrayna,0,3,3
Syrea,3,0,3
Syree,0,3,3
Syreen,0,3,3
Syreena,0,3,3
Syrelle,0,3,3
Syrello,3,0,3
Syrenca,0,3,3
Syrène,0,3,3
Syrenxio,3,0,3
Syretha,0,3,3
Syrezio,3,0,3
Syrhea,0,3,3
Syriangelo,3,0,3
Syrianita,0,3,3
Syrianne,0,3,3
Syriano,3,0,3
Syriathi,0,3,3
Syrie,0,3,3
Syriel,3,0,3
Syrien,0,3,3
Syriënne,0,3,3
Syrietha,0,3,3
Syrill,3,0,3
Syrille,3,0,3
Syrinja,0,3,3
Syrinka,0,3,3
Syrino,3,0,3
Syrionne,3,0,3
Syriputri,0,3,3
Syrisa,0,3,3
Syrish,3,0,3
Syrita,0,3,3
Syritha,0,3,3
Syritta,0,3,3
Syrk,3,0,3
Syrka,0,3,3
Syrma,0,3,3
Syros,3,0,3
Syrra,0,3,3
Syrrah,0,3,3
Syrrita,0,3,3
Syrtlingur,3,0,3
Syrvianna,0,3,3
Sys,3,0,3
Sysaris,3,0,3
Sysil,0,3,3
Syskelzia,0,3,3
Sysko,3,0,3
Syslene,0,3,3
Syslien,0,3,3
Syslyn,0,3,3
Syssel,0,3,3
Systa,0,3,3
System,3,0,3
Systia,0,3,3
Sytandra,0,3,3
Sytijah,0,3,3
Sytina,0,3,3
Sytj,0,3,3
Sytsck,0,3,3
Sytscke,0,3,3
Sytse-Jan,3,0,3
Sytsen,3,0,3
Sytsk,0,3,3
Sytska,0,3,3
Sytske-Marijke,0,3,3
Sytskje,0,3,3
Sytya,0,3,3
Sytz,3,0,3
Sytze-Jan,3,0,3
Sytzesz,3,0,3
Syun,0,3,3
Syvanseli,0,3,3
Syvart,3,0,3
Syveina,0,3,3
Syveldina,0,3,3
Syverine,0,3,3
Syviano,3,0,3
Syviohn,3,0,3
Syvon,0,3,3
Sywarde,0,3,3
Sywe,0,3,3
Sywi,3,0,3
Syxta,0,3,3
Syyed,3,0,3
Syyeda,0,3,3
Syzane,0,3,3
Syzou,0,3,3
Szaeyan,3,0,3
Szajndel,0,3,3
Szala,3,0,3
Szalemu,3,0,3
Szamuel,3,0,3
Szándor,3,0,3
Szandra,0,3,3
Száray,0,3,3
Szariká,0,3,3
Szarlota,0,3,3
Szarya,0,3,3
Szasza,0,3,3
Szavanity,0,3,3
Szazoë,0,3,3
Sze-Kee,0,3,3
Szealum-Izaak,3,0,3
Szeaqel,3,0,3
Szécsenyi,0,3,3
Szelaïsya,0,3,3
Szeluam-Illumino,3,0,3
Szemere,3,0,3
Szemual,3,0,3
Szen,3,0,3
Szenasi,3,0,3
Szer,3,0,3
Szera,0,3,3
Szerencse,3,0,3
Szereva,0,3,3
Szevan,3,0,3
Szi-Yan,0,3,3
Szibil,0,3,3
Szijmon,3,0,3
Szilasz,3,0,3
Szilva,0,3,3
Szilvi,0,3,3
Szilweszter,3,0,3
Szion,3,0,3
Szmuel,3,0,3
Szonne,0,3,3
Szu,0,3,3
Szygmund,3,0,3
Szymona,0,3,3
Sølvi,0,3,3
Sønja,0,3,3
Sønn,3,0,3
Sørgen,3,0,3
Sørinne,0,3,3
Sławonier,3,0,3
