Name,Men,Women,Total
Theodorus,130615,946,131561
Theodora,1257,96312,97569
Theresia,3441,64502,67943
Thomas,61350,400,61750
Tim,32556,57,32613
Trijntje,14,27134,27148
Tom,25091,50,25141
Thijs,23851,24,23875
Teunis,20380,10,20390
Theodoor,16792,144,16936
Tessa,13,16351,16364
Tamara,81,15190,15271
Teun,10862,114,10976
Theo,10159,172,10331
Tess,10,10221,10231
Timo,8992,12,9004
Teuntje,20,7722,7742
Thijmen,7490,3,7493
Tobias,7195,9,7204
Tijn,7132,36,7168
Ties,5871,12,5883
Tijmen,5785,0,5785
Tanja,43,5664,5707
Tygo,5666,3,5669
Twan,5490,14,5504
Tristan,5398,6,5404
Tjeerd,5393,3,5396
Tjitske,13,5338,5351
Thea,76,4885,4961
Tineke,9,4871,4880
Timothy,4778,22,4800
Thérèse,147,4229,4376
Thom,4351,3,4354
Tara,10,3643,3653
Tycho,3606,5,3611
Theadora,82,3222,3304
Trientje,3,3124,3127
Tine,13,3107,3120
Tijs,3028,3,3031
Tjerk,2779,3,2782
Tonia,10,2705,2715
Tommy,2617,40,2657
Titia,3,2463,2466
Timotheus,2394,14,2408
Theodor,2373,16,2389
Tomas,2308,11,2319
Tonny,1452,777,2229
Thirza,0,2165,2165
Thijn,2088,5,2093
Talitha,3,1927,1930
Tiny,145,1762,1907
Timon,1838,3,1841
Theresa,41,1793,1834
Tiemen,1806,0,1806
Tamar,73,1683,1756
Tony,1512,182,1694
Titus,1667,23,1690
Tannetje,3,1616,1619
Theunis,1613,3,1616
Tjalling,1592,3,1595
Taco,1569,3,1572
Taeke,1566,3,1569
Tirza,3,1564,1567
Thierry,1531,18,1549
Tietje,0,1474,1474
Teuna,0,1426,1426
Truus,28,1363,1391
Therese,67,1307,1374
Tarik,1346,5,1351
Teresa,11,1233,1244
Theodore,814,339,1153
Thecla,23,1122,1145
Trudy,11,1130,1141
Tieme,1139,3,1142
Tina,12,1097,1109
Timotheüs,1088,3,1091
Tetje,3,1077,1080
Teresia,29,1046,1075
Tiffany,6,1037,1043
Thimo,1023,0,1023
Ted,929,63,992
Tyler,957,19,976
Therèse,40,921,961
Tabitha,0,960,960
Teije,955,3,958
Terence,895,16,911
Tonnis,897,3,900
Toby,846,26,872
Teunisje,3,868,871
Tecla,6,854,860
Tessel,32,823,855
Terry,601,233,834
Tigo,808,0,808
Toine,792,16,808
Talha,801,0,801
Tjibbe,796,3,799
Tosca,3,791,794
Tatjana,10,783,793
Tyrone,770,3,773
Tinus,759,7,766
Timmy,742,21,763
Tibbe,747,3,750
Tommie,717,16,733
Tijl,727,3,730
Tonnie,444,284,728
Troy,690,11,701
Tatiana,3,696,699
Teddy,243,452,695
Taha,678,10,688
Tatum,3,677,680
Tjebbe,673,0,673
Tini,24,642,666
Thessa,3,656,659
Thymen,630,0,630
Tilly,26,592,618
Thi,13,600,613
Tanneke,0,595,595
Tjipke,578,17,595
Tuana,7,578,585
Tammo,566,0,566
Tjitte,560,3,563
Thies,556,0,556
Tino,518,3,521
Thije,517,3,520
Thera,6,505,511
Tamme,504,0,504
Tanisha,0,496,496
Tije,491,5,496
Tibor,494,0,494
Teunie,3,492,495
Trude,3,489,492
Tuur,490,3,493
Tanya,3,489,492
Toos,22,462,484
Timme,464,12,476
Thamar,17,453,470
Tolga,449,3,452
Teuni,9,441,450
Tuğba,0,449,449
Thanh,244,195,439
Thalia,0,430,430
Taetske,0,425,425
Theophilus,397,23,420
Tona,3,412,415
Teake,412,0,412
Tjarda,72,339,411
Toni,297,114,411
Tea,3,376,379
Tjitze,377,0,377
Tinie,10,365,375
Teatske,0,374,374
Taede,369,3,372
Trijnie,0,370,370
Thiago,364,0,364
Trevor,363,0,363
Tabe,356,5,361
Thelma,0,361,361
Trinette,33,322,355
Tren,353,0,353
Truida,3,350,353
Thorsten,343,5,348
Tooske,3,346,349
Thijme,345,0,345
Tariq,336,8,344
Ting,68,276,344
Tiago,339,3,342
Theun,325,3,328
Taylor,119,205,324
Thirsa,0,319,319
Tiara,0,316,316
Terrence,312,3,315
Thekla,9,305,314
Tjeu,303,5,308
Tymen,308,0,308
Tesse,40,261,301
Tyson,295,3,298
Thieme,296,0,296
Thamara,3,286,289
Theophile,244,44,288
Thor,286,0,286
Trudi,3,281,284
Tamira,3,279,282
Thymo,280,0,280
Toussaint,221,53,274
Truusje,3,272,275
Tinka,0,272,272
Tyrell,267,3,270
Tijme,261,3,264
Timur,262,0,262
Tristen,252,10,262
Tjalle,258,3,261
Tania,3,256,259
Tyrese,255,3,258
Teus,251,6,257
Tjakko,255,0,255
Tjerkje,0,255,255
Tyra,0,255,255
Tettje,3,253,256
Tarcisius,239,6,245
Tjark,243,3,246
Trees,8,235,243
Tjaard,239,3,242
Tamer,232,7,239
Thaddeus,233,5,238
Tjaltje,0,238,238
Tymo,238,0,238
Tjitse,235,0,235
Trienke,0,235,235
Tiede,231,3,234
Tiddo,232,3,235
Tobi,223,9,232
Tyron,232,0,232
Thiemo,229,3,232
Tekla,3,226,229
Tirsa,3,227,230
Turan,228,0,228
Thona,0,224,224
Tahir,215,8,223
Tiete,159,64,223
Tuğçe,0,223,223
Tayfun,222,0,222
Terra,3,219,222
Tugba,0,217,217
Tülay,0,216,216
Tuba,0,214,214
Taner,209,3,212
Theophiel,178,28,206
Timen,205,0,205
Thalita,3,202,205
Tryntsje,0,199,199
Travis,193,5,198
Trudie,3,196,199
Tes,3,192,195
Tunahan,195,0,195
Tasnim,3,191,194
Thobias,192,3,195
Toosje,0,193,193
Tjeert,190,3,193
Taoufik,190,0,190
Thuy,8,180,188
Théodore,170,15,185
Tico,183,3,186
Tufan,185,0,185
Tako,182,3,185
Teddie,8,175,183
Teuny,3,178,181
Take,179,3,182
Thorben,180,0,180
Tiamo,151,28,179
Tuncay,179,0,179
Tjaart,175,0,175
Tiana,0,174,174
Tijtje,0,173,173
Tahnee,3,170,173
Tallina,0,172,172
Taylan,171,3,174
Tessy,3,169,172
Trisha,0,169,169
Talia,0,168,168
Tonko,164,0,164
Tobin,161,3,164
Torsten,162,3,165
Talita,0,161,161
Teo,158,0,158
Tibo,158,0,158
Thyra,0,157,157
Ticho,157,0,157
Trea,3,156,159
Truitje,0,156,156
Timothea,3,153,156
Tjaaktje,0,155,155
Tarek,140,14,154
Tomás,152,3,155
Theuntje,0,153,153
Thys,153,0,153
Tjimkje,0,153,153
Teske,3,151,154
Thien,89,63,152
Tjisse,152,0,152
Tan,127,23,150
Teade,150,0,150
Tjomme,150,0,150
Teetske,0,148,148
Tjapko,148,0,148
Talisha,0,146,146
Tadeusz,141,3,144
Timoteüs,143,3,146
Trudo,138,5,143
Talina,0,142,142
Talisa,0,142,142
Tanne,28,114,142
Taro,142,0,142
Thara,0,142,142
Tian,112,30,142
Tjarko,142,0,142
Tracy,0,141,141
Thiemen,140,0,140
Timótheüs,140,0,140
Tamarah,3,137,140
Thyrza,0,138,138
Tammy,7,130,137
Tanny,3,135,138
Teunia,0,136,136
Tjardo,136,0,136
Tuğra,136,0,136
Thijsje,3,134,137
Tymon,134,0,134
Trix,3,127,130
Teunette,0,130,130
Tuan,130,0,130
Tessie,0,129,129
Tonie,72,56,128
Torben,128,0,128
Thijm,127,0,127
Thygo,127,0,127
Tjipkje,0,127,127
Tjitsche,0,127,127
Timber,116,8,124
Tunnis,123,0,123
Tugay,122,0,122
Thu,8,113,121
Tjepke,117,3,120
Tjalke,115,3,118
Treesje,0,118,118
Thibault,117,0,117
Tieneke,0,117,117
Thim,116,0,116
Tialda,0,116,116
Tarık,115,0,115
Tenzin,83,31,114
Tromp,111,3,114
Thorvald,111,0,111
Thresia,3,109,112
Tiemo,111,0,111
Thieu,105,5,110
Toontje,27,83,110
Tsjerk,110,0,110
Tuna,97,13,110
Theodoris,104,5,109
Tijm,108,3,111
Timor,108,0,108
Tanita,0,105,105
Tirzah,0,105,105
Tien,59,45,104
Tahira,0,103,103
Thomasina,0,103,103
Tresia,3,101,104
Tieleman,101,3,104
Tyas,101,3,104
Tabita,0,100,100
Tanna,3,98,101
Trienko,99,3,102
Taapke,0,99,99
Thimon,98,3,101
Tia,3,97,100
Tetske,3,97,100
Tjetje,0,98,98
Trinity,3,94,97
Tobian,97,0,97
Tobina,0,97,97
Trijn,3,95,98
Tex,92,3,95
Trieneke,0,96,96
Truda,5,91,96
Tjade,89,6,95
Theda,0,94,94
Tiem,92,3,95
Thalina,0,93,93
Therése,3,91,94
Theresius,93,0,93
Tienus,93,0,93
Tjakina,0,93,93
Tjesse,91,3,94
Tido,92,0,92
Tietsia,0,92,92
Tijmentje,3,91,94
Trung,92,0,92
Thei,88,3,91
Tjaakje,0,91,91
Tsjitske,0,91,91
Tannie,3,89,92
Tisha,0,90,90
Tjettje,0,90,90
Toprak,85,5,90
Thao,3,86,89
Toufik,88,0,88
Trinetta,15,73,88
Trynke,0,88,88
Tarkan,87,0,87
Tiziano,86,3,89
Tomasz,87,0,87
Tjarco,86,0,86
Tobie,82,3,85
Tai,72,12,84
Tein,81,3,84
Thimotheus,84,0,84
Turgay,84,0,84
Thyme,83,0,83
Tijsje,0,83,83
Tjamme,83,0,83
Tonja,3,82,85
Torre,83,0,83
Türkan,0,82,82
Teodora,0,80,80
Toke,3,77,80
Tahsin,77,3,80
Timmie,76,3,79
Tseard,79,0,79
Tung,51,28,79
Tjaardina,0,78,78
Trinus,78,0,78
Tubâ,0,78,78
Tülin,0,78,78
Tys,76,3,79
Touria,0,77,77
Trijnko,77,0,77
Tika,3,73,76
Terri,11,64,75
Thuur,75,0,75
Tiziana,3,74,77
Tjeerdtje,0,75,75
Tracey,3,72,75
Tamia,0,74,74
Thari,3,73,76
Timuçin,74,0,74
Talip,73,0,73
Thadeus,70,3,73
Theodores,70,3,73
Tietia,0,73,73
Trientien,0,73,73
Tyrza,0,73,73
Teodor,72,0,72
Tette,72,0,72
Thoma,6,66,72
Tove,8,64,72
Teis,71,0,71
Thai,58,13,71
Tjeerdje,0,71,71
Tames,69,3,72
Terese,0,70,70
Thie,69,3,72
Tallechien,0,69,69
Tanno,69,0,69
Tereza,3,68,71
Tarcisia,3,65,68
Thorwald,67,3,70
Tiberius,68,0,68
Timothëus,68,0,68
Tonke,16,52,68
Tuyet,0,68,68
Tore,66,3,69
Tayyip,66,0,66
Tjamke,11,55,66
Tyara,0,66,66
Tertia,0,65,65
Thale,61,3,64
Tolunay,64,3,67
Tasniem,3,61,64
Teoman,64,0,64
Tiuri,64,0,64
Taekje,0,63,63
Talea,0,63,63
Tao,57,6,63
Tinke,3,62,65
Tjalda,3,62,65
Taekele,62,0,62
Tamis,62,0,62
Tijani,60,3,63
Tjidde,62,0,62
Teelke,0,61,61
Tera,3,60,63
Theophila,0,61,61
Turgut,61,0,61
Tasneem,3,59,62
Teunes,59,3,62
Thérésia,3,59,62
Thonia,0,60,60
Tjallina,0,60,60
Tolgahan,60,0,60
Tos,58,3,61
Trang,3,58,61
Tyn,59,3,62
Tekela,0,59,59
Théresia,3,57,60
Tiebe,56,3,59
Tam,31,27,58
Theobald,56,3,59
Tonis,58,0,58
Tanem,0,57,57
Taran,54,3,57
Tertius,57,0,57
Tesniem,0,57,57
Thérese,3,56,59
Tias,56,3,59
Trystan,57,0,57
Tsjalling,57,0,57
Tyche,3,56,59
Teetje,0,56,56
Thalitha,0,56,56
Theije,56,0,56
Tiger,42,14,56
Timmo,56,0,56
Tjerry,53,3,56
Tamás,55,0,55
Tamika,0,55,55
Tejo,55,0,55
Tiego,55,0,55
Trienco,55,0,55
Tuğrul,55,0,55
Tanju,53,3,56
Tekke,54,0,54
Teye,54,0,54
Théophile,51,3,54
Tidde,54,0,54
Timotius,52,3,55
Tjidsger,54,0,54
Tjietske,0,54,54
Tobia,11,43,54
Tran,20,34,54
Tyme,54,0,54
Thedor,53,0,53
Thommy,50,3,53
Tiong,50,3,53
Tossanus,47,6,53
Tynke,3,52,55
Tevfik,51,3,54
Tevin,52,0,52
Tiedo,52,0,52
Timoteus,51,3,54
Tobe,49,3,52
Tommaso,52,0,52
Tugçe,0,52,52
Talje,0,51,51
Thaddea,0,51,51
Thalissa,0,51,51
Theofiel,42,9,51
Thian,50,3,53
Thye,51,0,51
Tijana,0,51,51
Trienus,51,0,51
Tibe,48,3,51
Tonni,27,23,50
Tri,44,6,50
Trijna,0,50,50
Tsjeard,50,0,50
Tanuja,0,49,49
Thérése,0,49,49
Thibaud,49,0,49
Trijny,0,49,49
Tulsi,3,48,51
Tamir,48,0,48
Tesselschade,0,48,48
Thadea,0,48,48
Thé,37,11,48
Tienke,0,48,48
Tietsje,0,48,48
Tito,46,3,49
Tonio,48,0,48
Truong,45,3,48
Turhan,48,0,48
Thibaut,47,0,47
Thirze,0,47,47
Tieke,3,44,47
Tarah,0,46,46
Tarja,3,45,48
Teike,28,18,46
Thaïsa,0,46,46
The,44,3,47
Theobaldus,45,3,48
Thibo,46,0,46
Trui,3,45,48
Tyana,0,46,46
Tale,43,3,46
Taysir,40,5,45
Teng,20,25,45
Teska,0,45,45
Teunus,45,0,45
Thimothy,45,0,45
Tomislav,45,0,45
Tum,44,3,47
Tally,3,42,45
Thalea,0,44,44
Theodardus,43,3,46
Tiemetje,0,44,44
Tieske,18,26,44
Trineke,0,44,44
Teunice,0,43,43
Thames,43,0,43
Theodoros,43,0,43
Thiara,0,43,43
Tijne,12,31,43
Tjin,30,13,43
Tori,3,41,44
Truike,0,43,43
Tayler,26,16,42
Tiena,0,42,42
Titiana,0,42,42
Toots,36,6,42
Trey,42,0,42
Trienette,0,42,42
Tuong,10,32,42
Tetsje,3,40,43
Theodoricus,41,0,41
Thialda,0,41,41
Thias,41,0,41
Tigran,41,0,41
Tjing,18,23,41
Toan,39,3,42
Todd,40,3,43
Toya,3,40,43
Twanny,26,15,41
Tze,24,17,41
Tassnim,0,40,40
Terrance,40,0,40
Therésia,3,39,42
Tjako,40,0,40
Tjong,33,7,40
Tommi,38,3,41
Tonya,0,40,40
Tsing,14,26,40
Tudor,39,3,42
Taj,33,6,39
Talat,36,3,39
Talin,3,38,41
Târik,39,0,39
Tekin,39,0,39
Teresita,0,39,39
Thy,8,31,39
Thymon,39,0,39
Tiemon,39,0,39
Tiessina,0,39,39
Tinne,10,29,39
Tjalf,39,0,39
Tjiske,14,25,39
Tahar,38,0,38
Tasja,0,38,38
Teeke,29,9,38
Telma,0,38,38
Thomaske,0,38,38
Thora,3,37,40
Thore,38,0,38
Thorin,37,3,40
Thyn,38,0,38
Tjallie,3,37,40
Tjasse,38,0,38
Tula,7,31,38
Tanika,3,36,39
Tasha,0,37,37
Temmina,0,37,37
Thierno,37,0,37
Thomasia,0,37,37
Thura,3,36,39
Tijsina,0,37,37
Trina,3,36,39
Tusem,0,37,37
Tamim,35,3,38
Tesnim,0,36,36
Theike,33,3,36
Theodosius,36,0,36
Theophil,34,3,37
Therry,29,7,36
Thewis,36,0,36
Thimothea,3,35,38
Timar,34,3,37
Tjebbo,36,0,36
Tjeerdina,0,36,36
Trien,3,35,38
Tristian,36,0,36
Tamana,0,35,35
Tie,30,5,35
Tiemke,0,35,35
Tiësto,35,0,35
Tjally,3,34,37
Tjardina,0,35,35
Tjits,14,21,35
Trishna,3,32,35
Tuĝba,0,35,35
Tatyana,0,34,34
Teagan,10,24,34
Teele,30,3,33
Thérèsa,0,34,34
Theresita,3,33,36
Thij,34,0,34
Thijsina,0,34,34
Thomina,0,34,34
Tiko,34,0,34
Tip,25,9,34
Tity,0,34,34
Tjard,34,0,34
Tjibbele,34,0,34
Trijnco,34,0,34
Trinet,3,32,35
Tugra,33,3,36
Tushar,34,0,34
Tabina,0,33,33
Teodoro,31,3,34
Theobalda,3,32,35
Therésa,0,33,33
Thérèsia,3,31,34
Thereza,0,33,33
Theuna,0,33,33
Tiba,3,31,34
Tinco,33,0,33
Tinette,0,33,33
Tishainy,0,33,33
Tjez,33,0,33
Tobey,33,0,33
Tonneke,0,33,33
Tye,32,3,35
Tyeisha,0,33,33
Talya,0,32,32
Tano,31,3,34
Tari,3,30,33
Teunise,3,31,34
Theodericus,32,0,32
Theodosia,3,31,34
Theon,31,3,34
Thibeau,32,0,32
Thiên,17,15,32
Thony,28,3,31
Thyrsa,0,32,32
Tjaarda,15,17,32
Tjaco,32,0,32
Tjakelina,0,32,32
Tjakkina,0,32,32
Tjalligje,3,31,34
Tjie,24,8,32
Tram,3,30,33
Taher,28,3,31
Tamino,31,0,31
Tamsin,0,31,31
Tayfur,31,0,31
Tayra,3,30,33
Tayyib,31,0,31
Terre,11,20,31
Thaeke,31,0,31
Thedo,31,0,31
Theodorina,0,31,31
Theodorine,0,31,31
Tienco,31,0,31
Tilde,0,31,31
Titiaan,31,0,31
Tjesje,0,31,31
Tjip,30,3,33
Toyah,0,31,31
Trinh,3,27,30
Tryntje,0,31,31
Türkân,0,31,31
Türker,31,0,31
Tyge,27,3,30
Tayyar,30,0,30
Terje,29,3,32
Theofilus,29,3,32
Tielemanus,30,0,30
Tijmetje,0,30,30
Tisja,0,30,30
Tita,3,28,31
Titania,0,30,30
Tse,22,8,30
Tugce,0,30,30
Tunay,28,3,31
Tamanna,0,29,29
Tebbe,29,0,29
Teeuwes,29,0,29
Telly,25,3,28
Theone,5,24,29
Théresa,0,29,29
Tida,0,29,29
Tienko,29,0,29
Timia,0,29,29
Timothé,29,0,29
Tio,28,3,31
Titte,29,0,29
Tjabel,29,0,29
Tjallien,0,29,29
Tjarwina,0,29,29
Truc,3,25,28
Tünde,0,29,29
Tadeo,26,3,29
Tahnée,0,28,28
Tedo,28,0,28
Temke,0,28,28
Teupke,0,28,28
Teyler,28,0,28
Theunes,28,0,28
Thieleman,28,0,28
Thielemanus,28,0,28
Thobin,28,0,28
Thysia,0,28,28
Tilda,0,28,28
Tjetske,3,27,30
Tomi,20,8,28
Tone,20,8,28
Touraya,0,28,28
Twiggy,0,28,28
Taltje,0,27,27
Tansu,5,22,27
Tawan,26,3,29
Térèse,0,27,27
Thaïs,0,27,27
Thalisa,0,27,27
Tiam,22,5,27
Tijmon,27,0,27
Tilla,3,23,26
Timothée,24,3,27
Tjalkje,0,27,27
Tjan,23,3,26
Tjepkje,0,27,27
Tomer,27,0,27
Tsun,27,0,27
Tygho,27,0,27
Tyren,27,0,27
Tyronne,23,3,26
Tytsje,0,27,27
Tamas,26,0,26
Tasmara,0,26,26
Tavi,14,12,26
Teijn,26,0,26
Terézia,0,26,26
Teslime,0,26,26
Tetman,26,0,26
Teunetta,0,26,26
Therezia,3,25,28
Timara,0,26,26
Tjaden,26,0,26
Tjamkje,0,26,26
Tommas,26,0,26
Tonino,26,0,26
Treintje,0,26,26
Tsui,3,24,27
Tyago,26,0,26
Tyco,26,0,26
Tade,20,5,25
Tafari,23,3,26
Talle,7,18,25
Tallie,0,25,25
Tamisha,0,25,25
Tareq,21,3,24
Tedde,11,14,25
Teikje,0,25,25
Teke,21,3,24
Telena,0,25,25
Teunsina,0,25,25
Thalassa,0,25,25
Thanee,3,23,26
Theodorikus,25,0,25
Therèsa,3,24,27
Thijl,25,0,25
Thimoteus,25,0,25
Tiementje,0,25,25
Tillie,3,24,27
Tjapke,19,6,25
Tjerkina,0,25,25
Tjoe,14,11,25
Tremaine,24,3,27
Tricia,0,25,25
Trientsje,0,25,25
Tunna,0,25,25
Tala,3,23,26
Taletta,0,24,24
Talo,23,3,26
Tarsicius,24,0,24
Teadora,0,24,24
Temel,24,0,24
Tesla,6,18,24
Theadorus,23,3,26
Thedora,3,23,26
Theis,24,0,24
Tiffanny,0,24,24
Tijke,24,0,24
Tijler,24,0,24
Till,23,3,26
Tirtsa,0,24,24
Tjien,9,15,24
Tommes,24,0,24
Treasure,8,16,24
Trienje,0,24,24
Trijnette,0,24,24
Trong,24,0,24
Truce,0,24,24
Tryfena,0,24,24
Tuğce,0,24,24
Tulay,0,24,24
Tyshaira,0,24,24
Tahirah,0,23,23
Taïsha,0,23,23
Talissa,0,23,23
Talliena,0,23,23
Tamarinde,0,23,23
Tamina,0,23,23
Tanischa,0,23,23
Tanysha,0,23,23
Taras,22,3,25
Tarcicius,23,0,23
Teddi,3,19,22
Teon,23,0,23
Terèse,3,20,23
Thabo,23,0,23
Thiska,0,23,23
Tiano,23,0,23
Tiene,0,23,23
Timi,10,13,23
Timna,0,23,23
Titie,0,23,23
Tjeerda,0,23,23
Tji,10,13,23
Tjiets,0,23,23
Tjipko,23,0,23
Topanga,0,23,23
Tsz,9,14,23
Turkan,3,21,24
Tutku,3,19,22
Tahra,0,22,22
Tamimount,3,21,24
Tammes,16,6,22
Tana,3,19,22
Tawfik,18,3,21
Teakje,0,22,22
Temitope,6,16,22
Tenisha,0,22,22
Texas,7,15,22
Thérésa,0,22,22
Thess,0,22,22
Thijs-Jan,22,0,22
Thijske,3,21,24
Thimoty,22,0,22
Thing,8,14,22
Thyrone,22,0,22
Timea,0,22,22
Tischa,0,22,22
Tishana,0,22,22
Tjabina,0,22,22
Tjietze,22,0,22
Tjon,19,3,22
Tobiah,21,3,24
Toinette,0,22,22
Tomek,22,0,22
Triest,22,0,22
Tuĝçe,0,22,22
Tunç,22,0,22
Tadeus,20,3,23
Tammechien,0,21,21
Tarun,21,0,21
Tate,12,9,21
Tayeb,21,0,21
Teko,21,0,21
Telle,3,20,23
Temme,19,3,22
Teodoor,21,0,21
Thang,20,3,23
Thécla,0,21,21
Theodoro,21,0,21
Thijne,19,3,22
Tibby,0,21,21
Tiesje,0,21,21
Tietie,0,21,21
Tijntje,0,21,21
Tite,8,13,21
Tjalina,0,21,21
Tjepko,21,0,21
Tjitje,0,21,21
Tjittje,0,21,21
Toin,21,0,21
Tolgay,21,0,21
Tomar,21,0,21
Torvald,21,0,21
Toska,3,20,23
Trieu,14,7,21
Trijni,0,21,21
Truke,0,21,21
Tyshawn,21,0,21
Tamay,9,11,20
Tane,15,5,20
Tat,20,0,20
Teede,18,3,21
Teeuwis,20,0,20
Teja,3,16,19
Terezia,0,20,20
Tetty,3,19,22
Teuneke,0,20,20
Thaisa,0,20,20
Theophilis,18,3,21
Tianne,0,20,20
Tiber,20,0,20
Tij,19,3,22
Tilia,3,18,21
Tinca,0,20,20
Tinny,3,17,20
Tomàs,20,0,20
Toto,15,5,20
Tristán,20,0,20
Tyrel,20,0,20
Tyrique,20,0,20
Talib,17,3,20
Tallegien,0,19,19
Tama,9,10,19
Taryn,0,19,19
Tashi,11,8,19
Tedje,3,16,19
Tek,19,0,19
Teri,0,19,19
Teyana,0,19,19
Thabita,0,19,19
Thalisha,0,19,19
Thalysia,3,18,21
Theadore,3,16,19
Theophilius,19,0,19
Thilo,19,0,19
Thomé,15,3,18
Thouraya,0,19,19
Thuong,7,12,19
Tiele,17,3,20
Tilo,19,0,19
Titi,3,18,21
Tjarkina,0,19,19
Tjebbel,19,0,19
Tjemme,19,0,19
Tjun,18,3,21
Toer,19,0,19
Toma,14,5,19
Tomasso,18,3,21
Trinidad,3,18,21
Tuncer,19,0,19
Taim,18,0,18
Tamo,16,3,19
Tanguy,18,0,18
Tanvi,0,18,18
Tarana,0,18,18
Tarique,18,0,18
Tarisha,0,18,18
Teatsche,0,18,18
Teuntjen,0,18,18
Thalya,0,18,18
Thilde,3,17,20
Thong,14,3,17
Tienes,17,3,20
Time,18,0,18
Tippi,0,18,18
Tjal,5,13,18
Tjeerd-Jan,18,0,18
Tjep,16,3,19
Tjinta,0,18,18
Tjoan,15,3,18
Tjoen,11,7,18
Tonnij,13,5,18
Trent,18,0,18
Truuske,0,18,18
Tsi,12,6,18
Tyriq,18,0,18
Tyro,18,0,18
T-Jay,17,0,17
Tabo,16,3,19
Tahier,17,0,17
Tami,7,10,17
Tanay,15,3,18
Tarquin,17,0,17
Tascha,3,15,18
Tasnime,0,17,17
Tassilo,17,0,17
Taurean,17,0,17
Teitsma,9,8,17
Telina,0,17,17
Tendai,7,10,17
Tender,5,12,17
Teressa,0,17,17
Tetta,0,17,17
Teubina,0,17,17
Teunita,0,17,17
Tewarie,17,0,17
Thalía,0,17,17
Thaliya,0,17,17
Themba,14,3,17
Theressa,0,17,17
Thiery,16,3,19
Thilda,3,15,18
Thomas-Jan,17,0,17
Thommas,17,0,17
Thycho,17,0,17
Tibeau,17,0,17
Tiest,17,0,17
Tiga,8,9,17
Tikva,0,17,17
Timofey,17,0,17
Timoteo,17,0,17
Tishayra,0,17,17
Titsia,3,16,19
Tjipkjen,0,17,17
Tjisje,0,17,17
Tonjes,17,0,17
Tosja,3,15,18
Trijntina,0,17,17
Trishana,0,17,17
Tsang,9,8,17
Turab,17,0,17
Ture,17,0,17
Twann,17,0,17
Tyr,17,0,17
Tahmina,0,16,16
Taliyah,0,16,16
Talke,0,16,16
Tallechiena,0,16,16
Talysha,0,16,16
Tammechina,0,16,16
Tammerus,16,0,16
Tancha,0,16,16
Tanith,3,14,17
Taniya,0,16,16
Tapio,16,0,16
Tarita,0,16,16
Tayyab,16,0,16
Teddo,15,3,18
Teerske,0,16,16
Tei,14,3,17
Teitje,0,16,16
Tem,13,3,16
Temuera,13,3,16
Teunis-Jan,16,0,16
Tewes,16,0,16
Thaddeüs,15,3,18
Thae,16,0,16
Thaleia,0,16,16
Thami,16,0,16
Thamis,16,0,16
Theodorik,16,0,16
Thièrry,14,3,17
Thobian,16,0,16
Thomasine,0,16,16
Tiare,0,16,16
Tiburtius,16,0,16
Tienette,0,16,16
Tiesse,15,3,18
Tiffanie,0,16,16
Tila,3,15,18
Tileman,15,3,18
Timco,16,0,16
Timmothy,16,0,16
Timoty,15,3,18
Tink,3,15,18
Tisa,0,16,16
Tjabring,16,0,16
Tjakiena,0,16,16
Tjarve,3,14,17
Tjerks,16,0,16
Tjietse,16,0,16
Tjwan,16,0,16
Tomaz,16,0,16
Tonius,16,0,16
Treeske,0,16,16
Trijneke,0,16,16
Trijnke,0,16,16
Trijnus,16,0,16
Trish,0,16,16
Trishala,0,16,16
Trudeke,0,16,16
Tsering,3,12,15
Tsin,6,10,16
Tsjisse,16,0,16
Tuçe,0,16,16
Taatje,0,15,15
Tabasom,0,15,15
Taina,0,15,15
Talal,13,3,16
Tallulah,0,15,15
Tamke,3,14,17
Tanveer,10,5,15
Tay,11,3,14
Tebbo,15,0,15
Teertske,0,15,15
Tehzeeb,0,15,15
Tet,3,12,15
Thania,0,15,15
Theodulus,15,0,15
Theotimus,15,0,15
Theresiana,3,14,17
Theron,15,0,15
Thiadrik,15,0,15
Thijke,14,3,17
Thole,15,0,15
Thuc,3,13,16
Thym,15,0,15
Thyne,11,3,14
Thysa,0,15,15
Tibet,14,3,17
Tica,0,15,15
Tielke,0,15,15
Tiertje,0,15,15
Tiese,15,0,15
Timbert,15,0,15
Timm,14,3,17
Tishaira,0,15,15
Tjalko,15,0,15
Tjallingius,15,0,15
Tjardy,7,8,15
Tjeertje,0,15,15
Tjen,12,3,15
Tjibbeltje,0,15,15
Toltje,0,15,15
Tomme,13,3,16
Tonco,15,0,15
Tonnes,15,0,15
Tosh,15,0,15
Toy,12,3,15
Trijnje,0,15,15
Triny,3,14,17
Trista,0,15,15
Tsjikke,0,15,15
Tsjipke,15,0,15
Tuǵba,0,15,15
Tulin,3,14,17
Tunske,0,15,15
Twinkle,0,15,15
Tyamo,13,3,16
Tabasum,0,14,14
Taïs,0,14,14
Taki,12,3,15
Tammara,0,14,14
Taneesha,0,14,14
Tanicha,0,14,14
Taoufiq,14,0,14
Tapke,0,14,14
Tarick,14,0,14
Taruna,3,11,14
Tashana,0,14,14
Tayron,14,0,14
Teda,0,14,14
Teide,9,5,14
Tekkelina,0,14,14
Telmo,14,0,14
Tessi,0,14,14
Teunke,0,14,14
Thekela,3,13,16
Thembi,3,13,16
Thigo,14,0,14
Tho,8,6,14
Thyara,0,14,14
Thyron,14,0,14
Tiebegien,0,14,14
Tija,3,13,16
Tijen,3,13,16
Tijo,13,3,16
Tikvah,0,14,14
Tilman,12,3,15
Tinet,0,14,14
Tira,3,13,16
Tjake,3,11,14
Tjakob,14,0,14
Tjalie,13,3,16
Tjang,9,5,14
Tjenkje,0,14,14
Torres,9,5,14
Toulouse,3,10,13
Touriya,0,14,14
Trienetta,0,14,14
Trishul,14,0,14
Trisno,14,0,14
Tsjibbe,14,0,14
Tunnes,14,0,14
Tutu,7,7,14
Tuvana,0,14,14
Tabassum,3,11,14
Tabbe,13,0,13
Tâhâ,13,0,13
Tahné,3,12,15
Talar,0,13,13
Talena,0,13,13
Talko,13,0,13
Tâm,9,3,12
Tané,3,10,13
Tanesha,0,13,13
Tarcitius,13,0,13
Tars,13,0,13
Tashira,0,13,13
Tayo,9,3,12
Tayssir,12,3,15
Tedros,11,3,14
Teelko,13,0,13
Teijler,13,0,13
Teijo,13,0,13
Telesphorus,13,0,13
Temmy,3,12,15
Tenny,8,5,13
Tetteh,13,0,13
Thaïsha,0,13,13
Thandiwe,3,9,12
Thanisha,0,13,13
Thed,12,3,15
Theodatus,13,0,13
Theye,13,0,13
Thones,13,0,13
Thonie,9,3,12
Thorre,13,0,13
Thyago,13,0,13
Thyson,13,0,13
Tideman,13,0,13
Tiemens,13,0,13
Tietes,12,3,15
Tietske,3,12,15
Tieze,13,0,13
Tilmanus,12,3,15
Timotheos,13,0,13
Tireshma,0,13,13
Tjakke,13,0,13
Tjasso,12,3,15
Tjé,13,0,13
Tjepco,13,0,13
Tjerko,13,0,13
Tjess,11,3,14
Tjiang,13,0,13
Tjiptje,0,13,13
Tobertus,13,0,13
Tobías,13,0,13
Tobiasz,13,0,13
Tolke,3,12,15
Tollina,0,13,13
Tootje,3,12,15
Triena,0,13,13
Trini,3,11,14
Tugrul,13,0,13
Tun,11,3,14
Tunçay,13,0,13
Turna,0,13,13
Tuyen,0,13,13
Twannie,5,8,13
Tylo,12,3,15
Tynisha,0,13,13
Tyrisha,0,13,13
Taetsche,0,12,12
Tahlia,0,12,12
Taiba,3,11,14
Taja,0,12,12
Taleb,10,3,13
Tali,3,8,11
Talicia,0,12,12
Talida,0,12,12
Tame,11,3,14
Tammina,0,12,12
Tanco,12,0,12
Tanner,11,3,14
Tarig,7,5,12
Taroena,0,12,12
Taron,12,0,12
Tashina,0,12,12
Taufiq,12,0,12
Tayrell,12,0,12
Tayyibe,0,12,12
Tejay,12,0,12
Teka,3,8,11
Teresina,0,12,12
Tesca,3,11,14
Teshawn,12,0,12
Teunieke,0,12,12
Tewis,12,0,12
Théa,0,12,12
Theanne,0,12,12
Thejo,12,0,12
Theobert,12,0,12
Theoderik,12,0,12
Theofridus,12,0,12
Theophanus,12,0,12
Theresina,3,11,14
Theresse,0,12,12
Therus,12,0,12
Theunisje,0,12,12
Thilemanus,12,0,12
Thilly,0,12,12
Thorold,12,0,12
Thuan,9,3,12
Tide,10,3,13
Tidiane,12,0,12
Tieny,3,10,13
Timona,3,11,14
Timothéus,12,0,12
Timothius,12,0,12
Tiyana,0,12,12
Tiyara,0,12,12
Tjaarke,0,12,12
Tjakkiena,0,12,12
Tjeetske,0,12,12
Tjitska,0,12,12
Tonna,0,12,12
Tonniske,0,12,12
Tortel,12,0,12
Trenn,12,0,12
Tresna,0,12,12
Trevon,12,0,12
Trine,3,10,13
Tsjitse,12,0,12
Tunde,10,3,13
Tuomas,12,0,12
Turi,11,3,14
Tyano,12,0,12
Tysha,0,12,12
Tzi,6,6,12
Tabi,7,3,10
Tabor,10,3,13
Tacettin,11,0,11
Taddeus,11,0,11
Tadeu,11,0,11
Tae,10,3,13
Taib,10,3,13
Taira,0,11,11
Talien,0,11,11
Tammechiena,0,11,11
Tammie,3,10,13
Tanee,0,11,11
Tangelina,0,11,11
Tannette,0,11,11
Taşkin,11,0,11
Tasmin,0,11,11
Tayla,0,11,11
Tayson,10,3,13
Teelkien,0,11,11
Tehila,0,11,11
Tenicia,0,11,11
Teodorus,11,0,11
Teréz,0,11,11
Tettey,11,0,11
Tettie,0,11,11
Teusje,0,11,11
Teuta,0,11,11
Tewari,9,3,12
Thach,7,3,10
Thais,0,11,11
Thales,9,3,12
Thalisia,0,11,11
Tharcisius,11,0,11
Thédor,11,0,11
Thelonious,11,0,11
Théodora,3,10,13
Theodoré,8,3,11
Theodorica,0,11,11
Theofrida,0,11,11
Therence,8,3,11
Thereze,0,11,11
Thia,3,10,13
Thijssiena,0,11,11
Thimotius,11,0,11
Thinh,11,0,11
Thio,11,0,11
Thisbe,0,11,11
Thomás,11,0,11
Thurstan,11,0,11
Thyler,11,0,11
Thyrell,11,0,11
Tianna,0,11,11
Tibert,11,0,11
Tiemerdina,0,11,11
Tijmes,11,0,11
Tima,3,7,10
Timone,3,9,12
Tinde,0,11,11
Tines,10,3,13
Tirso,11,0,11
Tivadar,11,0,11
Tjabering,11,0,11
Tjada,3,7,10
Tjado,11,0,11
Tjalco,11,0,11
Tjerk-Jan,11,0,11
Tjikke,0,11,11
Toa,3,9,12
Toinet,0,11,11
Tokunbo,7,3,10
Tole,11,0,11
Tomasina,0,11,11
Toninho,11,0,11
Torin,9,3,12
Tra,0,11,11
Trecia,0,11,11
Treesia,0,11,11
Trienes,11,0,11
Trijntjen,0,11,11
Trip,11,0,11
Tripp,11,0,11
Trishan,11,0,11
Triston,11,0,11
Trudus,11,0,11
Tsambika,3,10,13
Tsung,11,0,11
Tuanna,0,11,11
Tufail,10,3,13
Tura,6,5,11
Türkay,10,3,13
Twirre,3,7,10
Tyanna,0,11,11
Tyshairo,11,0,11
Tytia,0,11,11
Taavi,10,0,10
Taekle,10,0,10
Tage,10,0,10
Taiwo,6,3,9
Talis,9,3,12
Tamaya,0,10,10
Tanka,3,9,12
Tansel,9,3,12
Tarcicia,0,10,10
Tarini,0,10,10
Tarsisius,9,3,12
Tatijana,3,9,12
Tawfiq,9,3,12
Tazio,10,0,10
Tehillah,0,10,10
Tej,10,0,10
Telli,0,10,10
Temesgen,10,0,10
Temmo,10,0,10
Ten,6,3,9
Tenno,10,0,10
Tenzing,9,3,12
Téo,10,0,10
Terah,5,5,10
Terentius,10,0,10
Terésa,0,10,10
Tesfai,6,3,9
Tesseltje,0,10,10
Tetsia,0,10,10
Teune,3,7,10
Teunella,0,10,10
Teyfik,10,0,10
Teyla,0,10,10
Thaddée,5,5,10
Thade,8,3,11
Thalicia,0,10,10
Thedoor,10,0,10
Théodor,10,0,10
Théon,10,0,10
Theonilla,0,10,10
Therecia,0,10,10
Thèrese,3,9,12
Thèresia,0,10,10
Theunia,0,10,10
Thija,0,10,10
Thila,3,6,9
Thimotheüs,9,3,12
Thinka,0,10,10
Thomassina,0,10,10
Thon,8,3,11
Thonis,10,0,10
Thule,3,9,12
Thyan,9,3,12
Tiessiena,0,10,10
Tiety,0,10,10
Tiffani,0,10,10
Tijda,0,10,10
Tijmie,0,10,10
Timethy,10,0,10
Timmethy,10,0,10
Timoer,9,3,12
Timóteüs,10,0,10
Timothey,10,0,10
Timy,6,3,9
Tinh,7,3,10
Tinko,9,3,12
Tishany,0,10,10
Tjaak,10,0,10
Tjabine,0,10,10
Tjeerdo,10,0,10
Tjeerdske,0,10,10
Tjerkien,0,10,10
Tobit,9,3,12
Toek,7,3,10
Toet,3,9,12
Toetie,0,10,10
Tomy,9,3,12
Tönjes,10,0,10
Tönnis,10,0,10
Tonnus,10,0,10
Tonsina,0,10,10
Topaz,3,9,12
Toria,0,10,10
Trenton,10,0,10
Tresa,0,10,10
Trevi,7,3,10
Trienka,0,10,10
Tristam,10,0,10
Trouwel,10,0,10
Tuĝrul,10,0,10
Tülün,0,10,10
Tusmain,3,7,10
Twyla,0,10,10
Tyko,10,0,10
Tyree,10,0,10
T-jay,9,0,9
Tadea,3,5,8
Tadesse,6,3,9
Taekes,8,3,11
Taika,3,8,11
Taisha,0,9,9
Talja,0,9,9
Talytha,0,9,9
Tamanisha,0,9,9
Tamaris,6,3,9
Tamarra,0,9,9
Tamyra,0,9,9
Tanacha,0,9,9
Tanina,0,9,9
Tanitha,0,9,9
Tanushri,0,9,9
Tanuya,0,9,9
Tanwier,9,0,9
Târık,9,0,9
Tarquinius,9,0,9
Taru,3,7,10
Tarunkumar,9,0,9
Taufik,9,0,9
Taya,0,9,9
Tayana,0,9,9
Tayren,8,3,11
Teejay,9,0,9
Teelkiena,0,9,9
Teeuw,9,0,9
Teewis,9,0,9
Teie,9,0,9
Telesphora,0,9,9
Tember,3,7,10
Tennessee,3,5,8
Terina,0,9,9
Terza,3,8,11
Tessanne,0,9,9
Tessely,0,9,9
Teuniëlle,0,9,9
Teupkina,0,9,9
Teuvo,9,0,9
Thabitha,0,9,9
Thaddaeus,9,0,9
Thái,9,0,9
Thanée,0,9,9
Theake,9,0,9
Thees,9,0,9
Thein,9,0,9
Thelea,0,9,9
Themis,3,7,10
Théo,9,0,9
Theodata,0,9,9
Theofanis,8,3,11
Theonardus,9,0,9
Theophana,0,9,9
Theorine,0,9,9
Thèrèse,0,9,9
Therra,0,9,9
Theseus,9,0,9
Thesina,0,9,9
Thiadmar,9,0,9
Thiamo,8,3,11
Thiërry,9,0,9
Thijssina,0,9,9
Thira,0,9,9
Thoas,9,0,9
Thomaz,9,0,9
Thomine,0,9,9
Thoran,9,0,9
Thorbjörn,9,0,9
Thorian,9,0,9
Thyrvi,5,3,8
Tiarra,0,9,9
Tibina,0,9,9
Tibisay,3,8,11
Tiebo,9,0,9
Tiemus,8,3,11
Tieni,0,9,9
Tieu,6,3,9
Tijsiena,0,9,9
Tijssina,0,9,9
Tilemanus,9,0,9
Tilja,0,9,9
Tillo,9,0,9
Tinashe,6,3,9
Tirsah,0,9,9
Tis,6,3,9
Tishara,0,9,9
Tjacko,9,0,9
Tjadina,0,9,9
Tjamko,9,0,9
Tjeerds,7,3,10
Tjepje,0,9,9
Tjeuke,8,3,11
Tjia,3,5,8
Tjibbina,0,9,9
Tjibbo,9,0,9
Tjorven,3,7,10
Tjung,9,0,9
Toar,9,0,9
Tobinus,9,0,9
Todor,9,0,9
Toelsie,3,7,10
Tomé,8,3,11
Tonne,5,3,8
Toscana,3,8,11
Tosha,3,7,10
Touhami,9,0,9
Toure,6,3,9
Trientina,0,9,9
Trifenna,0,9,9
Trijnetta,0,9,9
Tristram,9,0,9
Troj,9,0,9
Tryfosa,0,9,9
Trynetta,0,9,9
Trynette,0,9,9
Tsjimkje,0,9,9
Tsjip,9,0,9
Tuğsem,0,9,9
Tullio,9,0,9
Tunga,8,3,11
Tupac,9,0,9
Turid,0,9,9
Tuula,0,9,9
Twain,9,0,9
Tybalt,9,0,9
Tychon,9,0,9
Tylor,8,3,11
Tyne,0,9,9
Taban,3,3,6
Taciana,0,8,8
Tadek,8,0,8
Taetse,8,0,8
Tagore,7,3,10
Tajana,0,8,8
Takeo,8,0,8
Talan,5,3,8
Taliah,0,8,8
Talkje,0,8,8
Talligje,0,8,8
Tamarinda,0,8,8
Tamila,0,8,8
Tammigje,0,8,8
Tamsyn,0,8,8
Tanimara,3,7,10
Tannaz,0,8,8
Tanudja,0,8,8
Tarak,8,0,8
Tarawatie,0,8,8
Tariek,8,0,8
Tarika,0,8,8
Tarina,0,8,8
Tarissa,0,8,8
Taslim,3,3,6
Tasmia,0,8,8
Taufieq,8,0,8
Tayip,8,0,8
Tedor,8,0,8
Teime,8,0,8
Teisje,0,8,8
Temidayo,5,3,8
Temur,8,0,8
Tenzile,0,8,8
Terencio,8,0,8
Terése,0,8,8
Terez,3,7,10
Tesfaye,3,3,6
Teubegien,0,8,8
Teunine,0,8,8
Teuniske,0,8,8
Teunissina,0,8,8
Tezcan,8,0,8
Than,8,0,8
Thandi,0,8,8
Theana,0,8,8
Thedorus,8,0,8
Theeuwis,8,0,8
Theona,0,8,8
Theophiles,7,3,10
Theophora,0,8,8
Thèrése,3,7,10
Theresinia,3,7,10
Theunie,0,8,8
Theunus,8,0,8
Thibauld,8,0,8
Thiebe,8,0,8
Thijsia,0,8,8
Thijssen,8,0,8
Thin,3,5,8
Thirzah,0,8,8
Thjeu,8,0,8
Thomar,8,0,8
Thomasz,8,0,8
Thompson,8,0,8
Thomson,8,0,8
Thonny,5,3,8
Thoon,8,0,8
Thorfinn,8,0,8
Thorgal,8,0,8
Thwan,8,0,8
Thyas,8,0,8
Thyrese,8,0,8
Tibelya,0,8,8
Ticiano,8,0,8
Tiddens,8,0,8
Tieko,7,3,10
Tiel,8,0,8
Tiemco,8,0,8
Tijbo,8,0,8
Tilana,0,8,8
Timucin,8,0,8
Tinja,0,8,8
Tinneke,0,8,8
Tintin,3,3,6
Tion,8,0,8
Tionne,3,7,10
Tippe,3,3,6
Tirze,0,8,8
Tja,3,3,6
Tjacco,8,0,8
Tjadine,0,8,8
Tjaduwe,0,8,8
Tjakeline,0,8,8
Tjakka,3,7,10
Tjalline,0,8,8
Tjamkjen,0,8,8
Tjandra,3,6,9
Tjanne,3,5,8
Tjardi,5,3,8
Tjarlie,5,3,8
Tjeard,8,0,8
Tjebbina,0,8,8
Tjerktje,0,8,8
Tjioe,5,3,8
Tjiskje,0,8,8
TJM,6,3,9
Tjolina,0,8,8
Tochukwu,7,3,10
Toesja,0,8,8
Toivo,8,0,8
Tomaso,8,0,8
Tonnechien,0,8,8
Tosan,5,3,8
Toscha,0,8,8
Toshiro,8,0,8
Toussainte,0,8,8
Tremayne,8,0,8
Tresie,3,5,8
Tresor,7,3,10
Trever,8,0,8
Trevin,8,0,8
Trianca,0,8,8
Trifona,0,8,8
Trijnes,8,0,8
Trijntjo,8,0,8
Trimo,8,0,8
Trotwood,8,0,8
Tryféna,0,8,8
Trygve,8,0,8
Tsan,6,3,9
Tsie,6,3,9
Tsiu,3,6,9
Tsjerkje,0,8,8
Tuce,0,8,8
Tuesday,3,6,9
Tüfan,8,0,8
Tuffour,3,6,9
Tulia,0,8,8
Tusshar,8,0,8
Tybo,8,0,8
Tym,8,0,8
Tyreece,7,3,10
Tyrus,8,0,8
Tyscha,0,8,8
Tytje,0,8,8
Taahira,0,7,7
Tabriz,7,0,7
Tadhg,7,0,7
Tadjana,0,7,7
Taeko,7,0,7
Taiga,3,5,8
Tajinder,3,3,6
Takeshi,7,0,7
Takis,7,0,7
Talander,7,0,7
Talgina,0,7,7
Taliya,0,7,7
Talma,3,5,8
Tamera,0,7,7
Tamiko,3,5,8
Tammar,3,5,8
Tân,7,0,7
Tanaya,3,6,9
Tanvir,5,3,8
Tara-Lynn,0,7,7
Taraji,0,7,7
Tarcilla,0,7,7
Taric,7,0,7
Tasso,7,0,7
Tatja,0,7,7
Tatsiana,0,7,7
Tatsjana,0,7,7
Tau,3,3,6
Tawiah,3,3,6
Tayisha,0,7,7
Teakele,7,0,7
Tebiena,0,7,7
Tebina,0,7,7
Teckla,3,6,9
Tede,7,0,7
Tegan,0,7,7
Tekmile,0,7,7
Temara,0,7,7
Terezinha,0,7,7
Tesja,0,7,7
Tesnime,0,7,7
Teunsje,0,7,7
Teupko,7,0,7
Tey,7,0,7
Teyl,7,0,7
Teyn,7,0,7
Thaam,7,0,7
Thadeo,7,0,7
Thaede,7,0,7
Thaira,0,7,7
Thalien,0,7,7
Thaliyah,0,7,7
Thamer,5,3,8
Thana,0,7,7
Theadoor,3,3,6
Thebe,3,3,6
Theetje,0,7,7
Theijs,7,0,7
Theimen,7,0,7
Thelena,0,7,7
Thelina,0,7,7
Theo-Jan,7,0,7
Theodarda,0,7,7
Theodeta,0,7,7
Theodulpha,0,7,7
Theofile,5,3,8
Theolinda,0,7,7
Therèsia,0,7,7
Theresie,3,5,8
Thérèze,0,7,7
Therofina,0,7,7
Thersa,0,7,7
Thes,3,6,9
Theu,7,0,7
Theuni,0,7,7
Theus,7,0,7
They,7,0,7
Theyke,3,3,6
Thobia,0,7,7
Thomasa,0,7,7
Thorbjørn,7,0,7
Thorne,7,0,7
Thuja,0,7,7
Thur,6,3,9
Thurston,6,3,9
Thyamo,6,3,9
Thyro,7,0,7
Tiani,3,6,9
Tiaro,7,0,7
Tielko,7,0,7
Tiên,3,5,8
Tiën,3,3,6
Tierra,0,7,7
Tiesina,0,7,7
Tietse,7,0,7
Tiffaney,0,7,7
Tiffeny,0,7,7
Tijan,7,0,7
Tijdo,7,0,7
Tijje,7,0,7
Tijmia,0,7,7
Tijmine,0,7,7
Tijna,0,7,7
Tijno,7,0,7
Tiki,3,6,9
Tillij,0,7,7
Tilmar,7,0,7
Timan,7,0,7
Tímea,0,7,7
Timeon,7,0,7
Timotheo,6,3,9
Timpe,7,0,7
Timurhan,7,0,7
Tintje,0,7,7
Tisean,3,6,9
Tishantely,0,7,7
Tjabe,7,0,7
Tjaka,7,0,7
Tjardus,7,0,7
Tjassina,0,7,7
Tjay,7,0,7
Tjeng,5,3,8
Tjerre,7,0,7
Tjeska,0,7,7
Tjitra,0,7,7
Tjitskien,0,7,7
Tjo,5,3,8
Tjores,7,0,7
Tjorn,7,0,7
Tobiaz,7,0,7
Tobyas,7,0,7
Toekijem,3,6,9
Toekiman,7,0,7
Toinne,6,3,9
Tomáš,7,0,7
Tomina,0,7,7
Tommer,7,0,7
Tomo,7,0,7
Tonij,3,3,6
Tonita,0,7,7
Tonka,3,5,8
Tonnies,7,0,7
Tonsiena,0,7,7
Toscane,0,7,7
Tourya,0,7,7
Tova,0,7,7
Tranquilla,0,7,7
Trecy,3,5,8
Trieny,0,7,7
Trijne,3,6,9
Tris,3,3,6
Trisja,0,7,7
Triska,0,7,7
Trixie,0,7,7
Trouwels,7,0,7
Trudis,0,7,7
Trusanne,0,7,7
Tsai,3,5,8
Tsipora,0,7,7
Tsippora,0,7,7
Tsjalle,7,0,7
Tsjebbe,7,0,7
Tugberk,7,0,7
Tuĝra,6,3,9
Tuğrahan,7,0,7
Tül,0,7,7
Tul,0,7,7
Tüncay,7,0,7
Tuulikki,0,7,7
Twum,7,0,7
Twumasi,3,3,6
Tya,0,7,7
Tybe,7,0,7
Tycha,0,7,7
Tychairo,7,0,7
Tyger,5,3,8
Tyka,0,7,7
Tyno,7,0,7
Tyran,7,0,7
Tyrin,6,3,9
Tyrrell,6,3,9
Tysen,7,0,7
Taake,6,0,6
Taalke,0,6,6
Taam,6,0,6
Taariq,6,0,6
Taecke,6,0,6
Taffy,3,3,6
Taimen,6,0,6
Tainá,0,6,6
Taino,6,0,6
Tais,0,6,6
Talbot,5,3,8
Taliha,0,6,6
Talischa,0,6,6
Talisia,0,6,6
Tallechina,0,6,6
Tallena,0,6,6
Tallin,6,0,6
Talline,0,6,6
Tallinus,6,0,6
Talysa,0,6,6
Tambina,0,6,6
Tamin,3,3,6
Tamma,0,6,6
Tammegina,0,6,6
Tammelina,0,6,6
Tammi,0,6,6
Tamya,0,6,6
Tani,3,5,8
Tantje,0,6,6
Tanweer,3,3,6
Taomara,0,6,6
Tapani,6,0,6
Tarachand,6,0,6
Taralynn,0,6,6
Taren,6,0,6
Tarif,6,0,6
Tarifa,0,6,6
Tarin,3,3,6
Tarmo,6,0,6
Tarsis,3,3,6
Tarsisia,0,6,6
Tasharell,0,6,6
Tasiana,0,6,6
Tasin,6,0,6
Tatenda,3,3,6
Tati,5,3,8
Tatia,0,6,6
Tatius,6,0,6
Tauheed,6,0,6
Taylen,5,3,8
Téa,0,6,6
Teadske,0,6,6
Teartse,6,0,6
Teatse,6,0,6
Tecela,3,5,8
Tedra,0,6,6
Teelkina,0,6,6
Tega,6,0,6
Teilke,0,6,6
Teim,6,0,6
Tekele,6,0,6
Tekle,3,3,6
Temmechina,0,6,6
Teofil,6,0,6
Teofila,0,6,6
Teona,3,5,8
Terrel,6,0,6
Terresa,0,6,6
Terrie,3,3,6
Terttu,0,6,6
Teunissen,5,3,8
Teunsiena,0,6,6
Teunske,0,6,6
Texel,3,3,6
Thaê,6,0,6
Thaila,0,6,6
Thané,0,6,6
Thanja,0,6,6
Tharissa,0,6,6
Thaziri,0,6,6
Theade,5,3,8
Theke,3,5,8
Themby,0,6,6
Theodrikus,6,0,6
Theodul,5,3,8
Theofila,0,6,6
Theofilo,5,3,8
Theophaan,5,3,8
Theopista,0,6,6
Theres,3,5,8
Therêse,3,5,8
Theresi,3,3,6
Theresio,3,3,6
Thesse,3,3,6
Thessy,3,3,6
Theuny,0,6,6
Thiadmer,6,0,6
Thiald,5,3,8
Thiam,6,0,6
Thibor,6,0,6
Thierri,6,0,6
Thijsiena,0,6,6
Thirse,0,6,6
Thisa,3,5,8
Thoby,6,0,6
Thommie,6,0,6
Thonus,6,0,6
Thoos,0,6,6
Thristan,6,0,6
Thung,3,3,6
Tianda,0,6,6
Tianyou,6,0,6
Tibertius,6,0,6
Tiburtia,3,5,8
Tië,6,0,6
Tiebechien,0,6,6
Tiedes,6,0,6
Tienie,0,6,6
Tienna,0,6,6
Tierina,0,6,6
Tietus,6,0,6
Tiff,6,0,6
Tijmke,0,6,6
Tijzina,0,6,6
Timeo,6,0,6
Timina,0,6,6
Timmi,3,3,6
Timoleon,6,0,6
Timotej,6,0,6
Timotëus,6,0,6
Timóthëus,6,0,6
Timoti,6,0,6
Tinah,0,6,6
Tindra,0,6,6
Tinker,3,5,8
Tinta,0,6,6
Tiro,5,3,8
Tishaina,0,6,6
Tishano,6,0,6
Tishanty,0,6,6
Tisse,3,3,6
Tividor,6,0,6
Tjabo,6,0,6
Tjaebele,6,0,6
Tjakelien,0,6,6
Tjakien,0,6,6
Tjakkie,3,5,8
Tjalien,0,6,6
Tjander,6,0,6
Tjanderdath,6,0,6
Tjarkdina,0,6,6
Tjawienna,0,6,6
Tjawo,6,0,6
Tje,5,3,8
Tjedde,6,0,6
Tjendo,6,0,6
Tjenkjen,0,6,6
Tjerck,6,0,6
Tjergina,0,6,6
Tjesca,0,6,6
Tjetsje,0,6,6
Tjidze,6,0,6
Tjikkina,0,6,6
Tjimke,0,6,6
Tjimkjen,0,6,6
Tjirk,6,0,6
Tjouke,5,3,8
Toefail,6,0,6
Tof,6,0,6
Toi,3,3,6
Toja,0,6,6
Tolliena,0,6,6
Tomasa,0,6,6
Tonatiuh,6,0,6
Tonetta,0,6,6
Tonkes,6,0,6
Tonnisje,0,6,6
Tonske,0,6,6
Tonus,6,0,6
Toone,6,0,6
Torbjörn,6,0,6
Toritseju,5,3,8
Torrence,5,3,8
Toshio,6,0,6
Toss,5,3,8
Touba,0,6,6
Touré,3,3,6
Treja,0,6,6
Tresita,0,6,6
Treza,0,6,6
Triefenna,0,6,6
Trishelle,0,6,6
Tristana,0,6,6
Tristano,6,0,6
Tritia,0,6,6
Trynie,0,6,6
Tsilla,0,6,6
Tsjeerd,6,0,6
Tubina,3,5,8
Tuǵçe,0,6,6
Tuğhan,6,0,6
Tuğkan,6,0,6
Tuǵra,6,0,6
Tulio,6,0,6
Tumaini,6,0,6
Tushaar,6,0,6
Twen,5,3,8
Twink,3,5,8
Twinkel,0,6,6
Tyiesha,0,6,6
Tyisha,0,6,6
Tyl,6,0,6
Tyla,3,3,6
Tymoteusz,6,0,6
Tyrah,0,6,6
Tyreese,5,3,8
Tyresse,6,0,6
T'yanna,0,5,5
Taabke,0,5,5
Taahiera,0,5,5
Taarieq,5,0,5
Tabassam,3,3,6
Tabea,0,5,5
Taciano,5,0,5
Tacoma,3,3,6
Tadzio,5,0,5
Taeaetske,0,5,5
Taekelina,0,5,5
Tahereh,0,5,5
Tahire,0,5,5
Tahisha,0,5,5
Tahiya,0,5,5
Taibah,0,5,5
Tailor,3,3,6
Taís,0,5,5
Taisia,0,5,5
Taiyo,5,0,5
Tajamal,3,3,6
Taleah,0,5,5
Talet,5,0,5
Taliesin,3,3,6
Taline,0,5,5
Talishia,0,5,5
Tallea,0,5,5
Tallegina,0,5,5
Tallien,0,5,5
Talmai,5,0,5
Talwasa,0,5,5
TAM,3,3,6
Tamaira,0,5,5
Tamesha,0,5,5
Tamime,5,0,5
Tamitha,0,5,5
Tamiya,0,5,5
Tamkje,0,5,5
Tamlyn,3,3,6
Tamou,0,5,5
Tamzin,0,5,5
Tanaka,5,0,5
Tanamera,0,5,5
Tancred,5,0,5
Tanea,0,5,5
Tanicia,0,5,5
Tanisja,0,5,5
Tanit,0,5,5
Tara-Jade,0,5,5
Tarandeep,3,3,6
Tarasius,5,0,5
Tarcisio,3,3,6
Taritha,0,5,5
Tarra,3,3,6
Tarza,0,5,5
Tarzan,3,3,6
Tashera,0,5,5
Tasjana,0,5,5
Tasniim,0,5,5
Tata,0,5,5
Tatanka,3,3,6
Tatianus,3,3,6
Taufiek,5,0,5
Taulant,5,0,5
Taye,5,0,5
Tayé,5,0,5
Tayga,5,0,5
Taysha,0,5,5
Taziana,0,5,5
Teairra,0,5,5
Tecumseh,5,0,5
Tedd,3,3,6
Teekelina,0,5,5
Teersa,0,5,5
Tees,3,3,6
Teetse,5,0,5
Teffany,0,5,5
Teijmen,5,0,5
Teiko,5,0,5
Teimen,5,0,5
Tejasvi,3,3,6
Tekalina,0,5,5
Temitayo,3,3,6
Tenberta,0,5,5
Tendayi,3,3,6
Tendo,5,0,5
Tenley,0,5,5
Tenne,3,3,6
Teofilo,5,0,5
Tepske,0,5,5
Terciero,5,0,5
Terentia,0,5,5
Térésa,0,5,5
Tero,5,0,5
Terris,3,3,6
Tertoelianus,5,0,5
Terzo,3,3,6
Tessah,0,5,5
Tesz,3,3,6
Tete,3,3,6
Tetjo,5,0,5
Tettelina,0,5,5
Tettero,5,0,5
Teun-Jan,5,0,5
Teunisse,3,3,6
Teunize,0,5,5
Teuske,0,5,5
Teyona,0,5,5
Teysir,5,0,5
Tez,3,3,6
Thaddé,5,0,5
Thakur,3,3,6
Thaletta,0,5,5
Thalicha,0,5,5
Thaline,0,5,5
Thandie,3,3,6
Thành,5,0,5
Tharsicius,5,0,5
Tharsilla,3,3,6
Thawan,3,3,6
Thay,3,3,6
Thays,0,5,5
Thean,3,3,6
Theed,5,0,5
Theja,0,5,5
Theng,0,5,5
Theoda,0,5,5
Theodoortje,0,5,5
Theodorakis,5,0,5
Theodorie,3,3,6
Théodorine,0,5,5
Theodorique,0,5,5
Theodula,0,5,5
Theodule,3,3,6
Theofania,0,5,5
Theophane,3,3,6
Theophilia,0,5,5
Théra,3,3,6
Thèrésa,0,5,5
Theresea,0,5,5
Therisa,0,5,5
Thetmar,5,0,5
Theunsina,0,5,5
Thewes,5,0,5
Thialde,0,5,5
Thiana,0,5,5
Thibald,5,0,5
Thico,5,0,5
Thiena,0,5,5
Thieo,5,0,5
Thiesina,0,5,5
Thijno,5,0,5
Thimar,5,0,5
Thimas,5,0,5
Thimotea,0,5,5
Thino,5,0,5
Thomara,0,5,5
Thomasje,0,5,5
Thomassine,0,5,5
Thorald,5,0,5
Thorstein,5,0,5
Thory,3,3,6
Thos,5,0,5
Thuraya,0,5,5
Thure,5,0,5
Thursten,5,0,5
Thuvaraka,0,5,5
Thùy,0,5,5
Thybo,5,0,5
Thyco,5,0,5
Thyl,5,0,5
Thyren,5,0,5
Tiama,0,5,5
Tiane,0,5,5
Tiarah,0,5,5
Tibout,5,0,5
Tichera,0,5,5
Ticia,3,3,6
Tiekje,0,5,5
Tieku,5,0,5
Tiemar,5,0,5
Tieti,0,5,5
Tieziena,0,5,5
Tigor,5,0,5
Tihomir,5,0,5
Tijdoor,5,0,5
Tijjani,3,3,6
Tijsberdina,0,5,5
Tijske,0,5,5
Tijtjo,5,0,5
Tijttje,0,5,5
Tike,0,5,5
Tilbe,0,5,5
Tilian,3,3,6
Tilmann,5,0,5
Tilon,3,3,6
Timian,5,0,5
Timke,0,5,5
Timmety,3,3,6
Timodeus,5,0,5
Timothee,5,0,5
Ting-Ting,0,5,5
Tiphaine,0,5,5
Tisainy,0,5,5
Tisia,0,5,5
Tiska,0,5,5
Tissa,0,5,5
Titan,5,0,5
Titian,3,3,6
Titina,0,5,5
Tiza,0,5,5
Tjaako,5,0,5
Tjaarkje,0,5,5
Tjaartdina,0,5,5
Tjaarts,5,0,5
Tjaatdina,0,5,5
Tjaatje,0,5,5
Tjabbe,5,0,5
Tjacob,5,0,5
Tjadda,0,5,5
Tjadde,5,0,5
Tjakkolina,0,5,5
Tjalberdina,0,5,5
Tjalde,0,5,5
Tjaline,0,5,5
Tjalli,0,5,5
Tjarck,5,0,5
Tjarno,5,0,5
Tjaya,0,5,5
Tjebelina,0,5,5
Tjemke,5,0,5
Tjerda,0,5,5
Tjerja,3,3,6
Tjerrie,3,3,6
Tjessie,0,5,5
Tjester,5,0,5
Tjiepke,5,0,5
Tjimme,5,0,5
Tjipco,5,0,5
Tjiska,0,5,5
Tjoukje,0,5,5
Toba,3,3,6
Tobiena,0,5,5
Tobijn,3,3,6
Tobine,0,5,5
Tobith,3,3,6
Tobyn,5,0,5
Todi,3,3,6
Toekimin,5,0,5
Toekinem,0,5,5
Toekirah,0,5,5
Toemina,0,5,5
Toep,3,3,6
Toheed,5,0,5
Toka,0,5,5
Tollien,0,5,5
Tómas,5,0,5
Tomeck,5,0,5
Tommen,5,0,5
Tommy-Lee,5,0,5
Tôn,5,0,5
Tones,5,0,5
Tonina,0,5,5
Tonine,0,5,5
Tonisha,0,5,5
Toonija,0,5,5
Toop,3,3,6
Topsy,0,5,5
Topy,0,5,5
Tora,0,5,5
Toran,5,0,5
Tordis,3,3,6
Toriano,5,0,5
Toshan,5,0,5
Tosina,0,5,5
Tossa,3,3,6
Touda,0,5,5
Toygar,5,0,5
Traian,5,0,5
Trâm,0,5,5
Tranquilino,5,0,5
Trautje,3,3,6
Trayvon,5,0,5
Trephenna,0,5,5
Tresja,0,5,5
Trésor,5,0,5
Treyvon,5,0,5
Trezia,0,5,5
Triensje,0,5,5
Trientjo,5,0,5
Tries,5,0,5
Triet,3,3,6
Trijnnette,0,5,5
Trinco,5,0,5
Triphon,5,0,5
Trischa,0,5,5
Tristel,3,3,6
Tristhan,5,0,5
True,3,3,6
Trynsje,0,5,5
Tsarina,0,5,5
Tsjeng,3,3,6
Tsjirk,5,0,5
Tsjomme,5,0,5
Tsong,3,3,6
Tua,5,0,5
Tuân,5,0,5
Tûba,0,5,5
Tuco,5,0,5
Tugrahan,5,0,5
Tuhana,0,5,5
Tülây,0,5,5
Tulsie,0,5,5
Tumba,3,3,6
Tumi,3,3,6
Tünay,3,3,6
Tunaya,0,5,5
Tunc,5,0,5
Tunca,3,3,6
Tuomi,3,3,6
Turap,5,0,5
Turner,5,0,5
Twahier,5,0,5
Tweneboah,3,3,6
Twin,5,0,5
Twister,5,0,5
Tyan,5,0,5
Tyani,3,3,6
Tyaro,5,0,5
Tyce,5,0,5
Tycko,5,0,5
Tydo,5,0,5
Tyke,3,3,6
Tylar,3,3,6
Tylen,5,0,5
Tymara,0,5,5
Tyna,0,5,5
Tyo,5,0,5
Tyreesha,0,5,5
Tyrene,0,5,5
Tyrona,0,5,5
Tyroon,5,0,5
Tyshaina,0,5,5
Tyshanti,0,5,5
Tyssyna,0,5,5
Tytsia,0,5,5
Tzu,3,3,6
T'yana,0,3,3
Tabatha,0,3,3
Tabesh,3,0,3
Tabia,0,3,3
Tabrez,3,0,3
Taddeo,3,0,3
Tadeja,0,3,3
Tadi,3,3,6
Tafadzwa,3,3,6
Tafary,0,3,3
Taffarel,3,0,3
Tahan,3,0,3
Tahia,0,3,3
Tahiera,0,3,3
Tahmar,3,3,6
Taiko,3,0,3
Taïna,0,3,3
Taïra,0,3,3
Taïssia,0,3,3
Tajeldin,0,3,3
Tajra,0,3,3
Takashi,3,0,3
Takina,0,3,3
Takumi,3,0,3
Talchina,0,3,3
Talco,3,0,3
Talegien,0,3,3
Talhah,3,0,3
Talhan,3,0,3
Talhat,3,3,6
Talinka,0,3,3
Talitah,0,3,3
Talut,3,0,3
Talwinder,3,3,6
Talysia,0,3,3
Támas,3,0,3
Tamica,0,3,3
Tamkin,0,3,3
Tammaris,3,0,3
Tammegiena,0,3,3
Tammera,0,3,3
Tamon,3,0,3
Tanaquil,0,3,3
Tanca,3,3,6
Tanish,3,0,3
Tanishia,0,3,3
Taniyah,0,3,3
Tanjiro,3,0,3
Tanjung,3,3,6
Tanni,0,3,3
Tannika,0,3,3
Tanyeli,0,3,3
Tanzer,3,0,3
Taramatie,0,3,3
Taraneh,0,3,3
Tare,3,3,6
Tarim,3,3,6
Tarno,3,0,3
Tarsicia,0,3,3
Taruli,0,3,3
Tarya,0,3,3
Taryll,3,0,3
Tasco,3,0,3
Taseen,3,0,3
Tasliema,0,3,3
Taslima,0,3,3
Tassoula,3,3,6
Tatanja,0,3,3
Tathiana,0,3,3
Tatiane,0,3,3
Taufan,3,0,3
Taura,0,3,3
Taus,3,3,6
Tavian,3,0,3
Tavish,3,0,3
Tavita,0,3,3
Tawana,0,3,3
Tayissa,0,3,3
Taym,3,0,3
Taymir,3,0,3
Tayrone,3,0,3
Taysen,3,0,3
Tayshawn,3,0,3
Tayyaba,0,3,3
Taziri,0,3,3
Téamo,3,0,3
Teamo,3,3,6
Tecle,3,3,6
Tedda,0,3,3
Tee,3,3,6
Teet,3,3,6
Teguh,3,0,3
Tehilah,0,3,3
Tehmina,0,3,3
Tehseen,3,3,6
Teijl,3,0,3
Teijm,3,0,3
Teijs,3,0,3
Teine,3,0,3
Tejano,3,0,3
Tejinder,3,0,3
Tekkina,0,3,3
Tekko,3,0,3
Telat,3,0,3
Telemachos,3,0,3
Temba,3,3,6
Temesghen,3,3,6
Temi,0,3,3
Tenna,3,3,6
Tennesee,3,3,6
Tennis,3,0,3
Teodoris,3,0,3
Tequan,3,0,3
Tequila,0,3,3
Terai,0,3,3
Terceira,0,3,3
Terenzio,3,0,3
Terèsa,0,3,3
Terésia,0,3,3
Tereska,0,3,3
Terezija,0,3,3
Terisa,0,3,3
Terka,0,3,3
Terotjie,0,3,3
Terrell,3,0,3
Terts,3,3,6
Tesfamariam,3,3,6
Tesfay,3,0,3
Tesh,3,3,6
Tesha,0,3,3
Tesneem,0,3,3
Tesoro,3,3,6
Tessica,0,3,3
Tesslynn,0,3,3
Tessnim,0,3,3
Tesso,3,0,3
Teta,0,3,3
Tété,3,3,6
Tettine,0,3,3
Teunaletta,0,3,3
Teunesje,0,3,3
Teunisz,3,0,3
Tevhide,0,3,3
Tewodros,3,0,3
Teym,3,0,3
Tezz,3,3,6
Thabit,3,0,3
Thaddaea,0,3,3
Thaha,3,0,3
Thahir,3,0,3
Thaïra,0,3,3
Thaliena,0,3,3
Thallina,0,3,3
Thalycia,0,3,3
Thalysha,0,3,3
Thamir,3,3,6
Thanita,0,3,3
Tharah,0,3,3
Tharik,3,0,3
Thary,0,3,3
Thatchery,3,3,6
Thayenne,0,3,3
Thê,3,0,3
Theckla,0,3,3
Theij,3,0,3
Theijmen,3,0,3
Thelicia,0,3,3
Thenisha,0,3,3
Theobertus,3,0,3
Theoderic,3,0,3
Théodoor,3,0,3
Theodoria,0,3,3
Theodorika,0,3,3
Theodosa,0,3,3
Theodulia,0,3,3
Theodulphus,3,0,3
Theofield,3,0,3
Theologos,3,0,3
Theor,3,3,6
Theotima,3,3,6
Théresè,0,3,3
Therésè,0,3,3
Therisia,0,3,3
Therza,0,3,3
Theunise,0,3,3
Theymen,3,0,3
Theyn,3,0,3
Thiadildis,0,3,3
Thialf,3,0,3
Thibe,3,0,3
Thibertha,0,3,3
Thiebout,3,0,3
Thiele,3,3,6
Thijs-Willem,3,0,3
Thimor,3,0,3
Thogan,3,3,6
Thomàs,3,0,3
Thomer,3,0,3
Thopilus,3,0,3
Thorbrand,3,0,3
Thorkild,3,0,3
Thorn,3,0,3
Thornton,3,0,3
Thorodia,0,3,3
Threa,0,3,3
Threes,0,3,3
Thresa,0,3,3
Thresina,3,3,6
Thunder,3,0,3
Thúr,3,0,3
Thusnelda,0,3,3
Thuy-Vy,0,3,3
Thyge,3,0,3
Thymar,3,0,3
Tialde,0,3,3
Tiandro,3,0,3
Tiasa,0,3,3
Tiaz,3,0,3
Tibas,3,0,3
Tibi,3,3,6
Tibolt,3,0,3
Tidjan,3,0,3
Tidjane,3,0,3
Tiebegiena,0,3,3
Tiecho,3,0,3
Tieda,0,3,3
Tieger,3,0,3
Tieije,3,0,3
Tiek,3,0,3
Tielia,0,3,3
Tiemeke,0,3,3
Tiemina,0,3,3
Tieno,3,0,3
Tiens,3,0,3
Tiesiena,0,3,3
Tiessijn,0,3,3
Tietsja,0,3,3
Tietso,3,0,3
Tige,3,3,6
Tiggo,3,0,3
Tihana,0,3,3
Tijcho,3,0,3
Tijlbert,3,0,3
Tijle,3,3,6
Tijlke,0,3,3
Tijnie,0,3,3
Tijnn,3,0,3
Tijnus,3,0,3
Tijssijna,0,3,3
Tijtsia,0,3,3
Tijuana,0,3,3
Tilkiena,0,3,3
Tilko,3,0,3
Tily,3,3,6
Timmer,3,0,3
Timofei,3,0,3
Timora,0,3,3
Timótheus,3,0,3
Timotia,0,3,3
Timour,3,0,3
Timurçin,3,0,3
Tindera,0,3,3
Tingue,0,3,3
Tinkel,0,3,3
Tinos,3,0,3
Tinou,3,3,6
Tiona,0,3,3
Tirina,0,3,3
Tiron,3,0,3
Tirsha,0,3,3
Tirtza,0,3,3
Tishairo,3,0,3
Tishan,3,0,3
Tishk,3,0,3
Titine,0,3,3
Titouan,3,0,3
Tiur,0,3,3
Tiwaah,0,3,3
Tiyanna,0,3,3
Tiziri,0,3,3
Tjabbechiena,0,3,3
Tjabbo,3,0,3
Tjacoline,0,3,3
Tjadduwe,0,3,3
Tjaja,0,3,3
Tjak,3,0,3
Tjakkien,0,3,3
Tjalliena,0,3,3
Tjammie,0,3,3
Tjana,0,3,3
Tjandé,3,0,3
Tjara,0,3,3
Tjardawina,0,3,3
Tjarkje,0,3,3
Tjarks,3,0,3
Tjawina,0,3,3
Tjeabele,3,0,3
Tjeb,3,0,3
Tjeerdt,3,0,3
Tjeerske,0,3,3
Tjeertske,0,3,3
Tjenno,3,0,3
Tjerco,3,0,3
Tjerd,3,0,3
Tjesco,3,0,3
Tjhong,3,0,3
Tjidske,0,3,3
Tjillegert,3,0,3
Tjimmie,0,3,3
Tjiptjen,0,3,3
Tjitso,3,0,3
Tjittie,0,3,3
Tjitzke,0,3,3
Tjoeng,3,0,3
Tjörven,3,3,6
Tjum,3,0,3
Tob,3,0,3
Tobechukwu,3,0,3
Todine,0,3,3
Toeba,0,3,3
Toekidjo,3,0,3
Toemin,3,0,3
Toeminah,0,3,3
Toeminem,0,3,3
Toermalijn,3,3,6
Toinie,3,3,6
Tolani,3,3,6
Tolina,0,3,3
Tomai,3,3,6
Tomix,3,0,3
Tomke,0,3,3
Tommij,3,0,3
Tomomi,3,3,6
Tomris,3,3,6
Tonette,0,3,3
Toninio,3,0,3
Tonnissiena,0,3,3
Too,3,3,6
Tord,3,0,3
Torill,0,3,3
Torrance,3,3,6
Torribia,0,3,3
Tory,3,3,6
Toshani,0,3,3
Toshi,3,0,3
Tosia,0,3,3
Totò,3,0,3
Tou,3,3,6
Toufic,3,0,3
Toussaints,3,3,6
Tovi,3,3,6
Towi,3,3,6
Traugott,3,0,3
Tre,3,3,6
Tresinia,0,3,3
Treske,0,3,3
Trevis,3,0,3
Tria,0,3,3
Trian,3,3,6
Triana,0,3,3
Trienie,0,3,3
Trieno,3,0,3
Trijnis,3,0,3
Trijntinus,3,0,3
Trines,3,0,3
Trinie,0,3,3
Trinke,0,3,3
Trinko,3,0,3
Trino,3,0,3
Trishika,0,3,3
Trissa,0,3,3
Tristin,3,0,3
Tru,3,3,6
Trudia,0,3,3
Truuke,0,3,3
Trynko,3,0,3
Tryphena,0,3,3
Trysten,3,0,3
Tsampika,0,3,3
Tseng,3,3,6
Tsion,0,3,3
Tsjen,3,0,3
Tsjoe,0,3,3
Tso,3,3,6
Tsoe,3,3,6
Tsuen,3,0,3
Tswi,3,0,3
Tuari,3,0,3
Tubanur,0,3,3
Tuck,3,0,3
Tudora,0,3,3
Tue,3,3,6
Tuğrulhan,3,0,3
Tui,0,3,3
Tuijl,3,0,3
Tulani,0,3,3
Tunette,0,3,3
Tunniske,0,3,3
Tunziena,0,3,3
Tup,3,0,3
Turia,0,3,3
Turibius,3,0,3
Türken,0,3,3
Tuure,3,0,3
Tuyêt,0,3,3
Tuyl,3,0,3
Tüzzehra,0,3,3
Tyanne,0,3,3
Tybor,3,0,3
Tychaira,0,3,3
Tyesha,0,3,3
Tyeson,3,0,3
Tymetje,0,3,3
Tyon,3,0,3
Tyrano,3,0,3
Tyrice,3,0,3
Tyrion,3,0,3
Tyrome,3,0,3
Tyshainy,0,3,3
Tyshara,0,3,3
Tysina,0,3,3
Tyske,0,3,3
Tzipporah,0,3,3
Tzvi,3,0,3
Taa,3,0,3
Taaf,3,0,3
Taaha,3,0,3
Taahier,3,0,3
Taamer,3,3,6
Taapkje,0,3,3
Tabarak,0,3,3
Tabasam,0,3,3
Tabassoem,0,3,3
Tabeia,0,3,3
Tabet,3,3,6
Tabian,3,0,3
Tabish,3,0,3
Tabítha,0,3,3
Tablo,3,3,6
Tabu,0,3,3
Tacitus,3,0,3
Taconis,3,0,3
Tadao,3,0,3
Taddeüs,3,0,3
Tadeas,3,0,3
Tadej,3,0,3
Tadeos,3,0,3
Tadese,3,0,3
Tadik,3,0,3
Taedske,0,3,3
Taesha,0,3,3
Tafara,3,3,6
Taff,3,0,3
Tafida,0,3,3
Tagea,0,3,3
Tagiah,3,3,6
Tago,3,0,3
Tah,3,3,6
Tahacan,3,0,3
Tahera,0,3,3
Táhirih,0,3,3
Tahirou,3,0,3
Tahmid,3,0,3
Tahneé,0,3,3
Tahreem,0,3,3
Tahsien,0,3,3
Taida,0,3,3
Taieb,3,0,3
Taif,3,3,6
Taiger,3,3,6
Taima,0,3,3
Taimi,3,3,6
Taimur,3,0,3
Tairon,3,0,3
Taisa,0,3,3
Taïsa,0,3,3
Taisir,3,0,3
Taisja,0,3,3
Taizo,3,0,3
Tajeddine,3,0,3
Taji,3,0,3
Taka,3,0,3
Takeline,0,3,3
Takin,3,0,3
Takisha,0,3,3
Takoda,3,0,3
Takoukam,3,3,6
Takwa,0,3,3
Takyi,3,3,6
Talaar,0,3,3
Talay,3,0,3
Talei,3,3,6
Taleisha,0,3,3
Talgien,0,3,3
Talhâ,3,0,3
Talía,0,3,3
Taliena,0,3,3
Taliene,0,3,3
Talieta,0,3,3
Talijja,0,3,3
Talinda,0,3,3
Talise,0,3,3
Talítha,0,3,3
Taliza,0,3,3
Talka,0,3,3
Talkea,0,3,3
Talla,3,3,6
Tallenus,3,0,3
Talmon,3,0,3
Talon,3,3,6
Talyah,0,3,3
Talyssa,0,3,3
Tamaanant,0,3,3
Tamahra,0,3,3
Tamali,0,3,3
Tamalone,3,3,6
Taman,3,0,3
Tamanja,0,3,3
Tamàr,0,3,3
Tamára,0,3,3
Tamaria,0,3,3
Tamàs,3,0,3
Tamba,3,0,3
Tamée,0,3,3
Tameka,0,3,3
Tamela,0,3,3
Tamem,3,0,3
Tamen,3,0,3
Tamil,3,0,3
Tamilla,0,3,3
Tamkea,0,3,3
Tammechie,0,3,3
Tammochiena,0,3,3
Tamor,3,3,6
Tampi,3,0,3
Tamu,0,3,3
Tamy,3,3,6
Tanae,0,3,3
Tanah,3,3,6
Tanaz,0,3,3
Tancho,3,0,3
Tāne,3,0,3
Taneceia,0,3,3
Tanetta,0,3,3
Tanga,0,3,3
Taniesha,0,3,3
Tanija,0,3,3
Taniko,0,3,3
Tanim,3,0,3
Tanique,3,3,6
Tank,3,0,3
Tanné,0,3,3
Tannetta,0,3,3
Tannia,0,3,3
Tannij,0,3,3
Tannina,0,3,3
Tannya,0,3,3
Tanoa,3,3,6
Tanuj,3,0,3
Tanusha,0,3,3
Tanushree,0,3,3
Tanwir,3,3,6
Tanyel,3,3,6
Tanysia,0,3,3
Tanzila,0,3,3
Taoussa,0,3,3
Taqwa,0,3,3
Taranom,0,3,3
Tarciso,3,3,6
Tarcitia,0,3,3
Tarco,3,0,3
Tardé,0,3,3
Tardu,3,0,3
Tareeq,3,0,3
Tarheel,3,3,6
Tariano,3,0,3
Taricia,0,3,3
Tark,3,0,3
Tarmi,0,3,3
Tarn,3,0,3
Tarran,3,0,3
Tartjana,0,3,3
Tascana,3,0,3
Tashir,3,0,3
Tashley,0,3,3
Tashyra,0,3,3
Taskien,0,3,3
Taskin,3,0,3
Tasneen,0,3,3
Tasoula,0,3,3
Tassia,3,3,6
Tatania,0,3,3
Tatchary,3,0,3
Tatewosjan,3,3,6
Tatiyana,0,3,3
Tatje,0,3,3
Tato,3,0,3
Tatsuya,3,3,6
Tattoo,3,3,6
Tauno,3,0,3
Tavares,3,3,6
Tavin,3,0,3
Tavit,3,0,3
Tawa,3,3,6
Tawab,3,0,3
Tawheed,3,0,3
Tawnia,0,3,3
Tayab,3,0,3
Tayari,3,0,3
Tayba,0,3,3
Tayden,3,0,3
Tayem,3,3,6
Tayibe,0,3,3
Taylee,0,3,3
Taynisha,0,3,3
Tayrina,0,3,3
TCM,0,3,3
Teades,3,0,3
Teakes,3,3,6
Teberius,3,0,3
Tebogo,3,0,3
Teck,3,0,3
Técla,0,3,3
Tecleab,3,3,6
Tedske,0,3,3
Teertse,3,0,3
Teesha,0,3,3
Tefik,3,0,3
Tefke,0,3,3
Tegla,0,3,3
Tegra,3,3,6
Tehani,0,3,3
Tehilla,0,3,3
Tehreem,0,3,3
Teia,0,3,3
Teio,3,0,3
Tejan,3,0,3
Tèke,3,0,3
Tekelien,0,3,3
Tekgül,0,3,3
Tekisha,0,3,3
Tekje,0,3,3
Telephorus,3,0,3
Telisha,0,3,3
Telka,0,3,3
Tella,0,3,3
Tellervo,0,3,3
Tello,3,3,6
Telman,3,0,3
Teltje,0,3,3
Temari,0,3,3
Temesg,3,3,6
Temina,0,3,3
Temisan,0,3,3
Temkina,0,3,3
Temon,3,3,6
Temujin,3,0,3
Temy,3,3,6
Tenar,3,3,6
Tengis,3,0,3
Tengiz,3,0,3
Tenin,3,3,6
Tenko,3,0,3
Tennesy,3,3,6
Tenoch,3,0,3
Tenysha,0,3,3
Tenz,3,0,3
Tenza,3,3,6
Téodor,3,0,3
Teodoros,3,0,3
Teolinda,0,3,3
Tephanie,0,3,3
Tequina,0,3,3
Terach,3,0,3
Terciëro,3,0,3
Tere,0,3,3
Terecia,0,3,3
Terell,3,0,3
Terencia,0,3,3
Terenja,0,3,3
Terenze,0,3,3
Teresea,0,3,3
Teresiana,0,3,3
Teresinha,0,3,3
Teresio,3,0,3
Tereso,3,0,3
Terezie,0,3,3
Terique,3,0,3
Terko,3,0,3
Terlan,3,3,6
Terran,3,0,3
Terrencio,3,0,3
Terrey,3,0,3
Tescelina,0,3,3
Tesco,3,0,3
Tesfa,3,0,3
Tesina,0,3,3
Tess-May,0,3,3
Tessaly,0,3,3
Tessina,0,3,3
Tetsuo,3,0,3
Tetze,3,0,3
Teubechina,0,3,3
Teubegina,0,3,3
Teunard,3,0,3
Teunet,0,3,3
Teunica,0,3,3
Teunien,0,3,3
Teunnis,3,0,3
Teupgina,0,3,3
Teupkelina,0,3,3
Teves,3,0,3
Tewanka,3,3,6
Tewelde,3,0,3
Texx,3,3,6
Teyanna,0,3,3
Teyle,0,3,3
Tezin,3,3,6
Thabiso,3,0,3
Thabor,3,0,3
Thadé,3,0,3
Thadée,3,0,3
Thahira,0,3,3
Thair,3,0,3
Thairis,3,3,6
Thaís,0,3,3
Thaiz,0,3,3
Thakoerpersad,3,0,3
Thal,3,3,6
Thala,0,3,3
Thalé,0,3,3
Thalice,0,3,3
Thalida,0,3,3
Thalinda,3,3,6
Thally,0,3,3
Thalysa,0,3,3
Thalyta,0,3,3
Thalytha,0,3,3
Tham,3,3,6
Thamal,3,3,6
Thamarah,0,3,3
Thamas,3,0,3
Thamia,0,3,3
Thamira,0,3,3
Thamy,3,0,3
Thanakorn,3,0,3
Thanasis,3,0,3
Thandiso,3,0,3
Thando,3,3,6
Thanisia,0,3,3
Thanos,3,0,3
Thanusan,3,0,3
Thanya,0,3,3
Thanysha,0,3,3
Tharcicia,0,3,3
Tharcicius,3,0,3
Tharisia,0,3,3
Tharsiga,0,3,3
Tharun,3,0,3
Thasneem,3,3,6
Thaventhiran,3,3,6
Thayla,0,3,3
Thayra,0,3,3
Thayrell,3,0,3
Thea-Dora,0,3,3
Theano,3,3,6
Theepan,3,3,6
Theersa,0,3,3
Theet,3,0,3
Theeuwes,3,0,3
Theie,3,3,6
Theijn,3,0,3
Theime,3,0,3
Theisje,0,3,3
Thel,3,0,3
Thele,3,0,3
Thelonius,3,0,3
Themistoklis,3,0,3
Themotius,3,0,3
Thennie,3,3,6
Theo-Dorus,3,0,3
Theodoora,0,3,3
Theodoortea,0,3,3
Theodorah,0,3,3
Theodorius,3,0,3
Theodory,3,0,3
Theodota,0,3,3
Theodricus,3,0,3
Theodrus,3,0,3
Theodulius,3,0,3
Theodurus,3,0,3
Theofil,3,0,3
Theofilius,3,0,3
Theófilus,3,0,3
Theoline,0,3,3
Theonella,0,3,3
Theophiele,3,3,6
Theophille,3,0,3
Theophilos,3,0,3
Theophore,0,3,3
Theophorus,3,0,3
Theorodus,3,0,3
Theotime,3,3,6
Therah,3,3,6
Therasia,0,3,3
Therasita,0,3,3
Theresè,3,3,6
Theresé,0,3,3
Theresette,0,3,3
Theri,3,3,6
Thern,3,0,3
Thèron,3,0,3
Therre,3,0,3
Thessaly,0,3,3
Thessie,0,3,3
Theune,0,3,3
Theunice,0,3,3
Theuniëlle,0,3,3
Theuwis,3,0,3
Theys,3,0,3
Thiada,0,3,3
Thiadlind,0,3,3
Thibout,3,0,3
Thiebaut,3,0,3
Thieden,3,0,3
Thiementje,0,3,3
Thiemon,3,0,3
Thiemy,3,3,6
Thiérry,3,0,3
Thieske,3,3,6
Thijen,3,0,3
Thijlbert,3,0,3
Thijler,3,0,3
Thijmon,3,0,3
Thijsijna,0,3,3
Thilman,3,0,3
Thime,3,0,3
Thimme,3,0,3
Thimontje,0,3,3
Thimothimus,3,0,3
Thine,0,3,3
Thion,3,0,3
Thirsah,0,3,3
Thisbé,0,3,3
Thishana,0,3,3
Thiske,0,3,3
Thivyan,3,0,3
Thizra,0,3,3
Thjalda,0,3,3
Thoai,0,3,3
Thoen,3,3,6
Thomai,0,3,3
Thomi,3,3,6
Thomia,0,3,3
Thomm,3,0,3
Thonio,3,0,3
Thonius,3,0,3
Thoosje,0,3,3
Thordis,0,3,3
Thorean,3,0,3
Thorney,3,0,3
Thorston,3,0,3
Thouriya,0,3,3
Threcia,0,3,3
Thrisha,0,3,3
Thulasi,0,3,3
Thulay,0,3,3
Thum,3,0,3
Thushara,3,3,6
Thyana,0,3,3
Thyano,3,0,3
Thylo,3,0,3
Thys-Jan,3,0,3
Tiaan,3,0,3
Tiacke,3,0,3
Tíamo,3,0,3
Tianyi,3,3,6
Tianyu,3,0,3
Tibart,3,0,3
Tibaud,3,0,3
Tibbie,0,3,3
Tibegien,0,3,3
Tiben,3,0,3
Tiberiu,3,0,3
Tibey,3,3,6
Tibian,3,3,6
Tichina,0,3,3
Ticiana,0,3,3
Tidda,0,3,3
Tiddiena,0,3,3
Tiddora,0,3,3
Tiderikus,3,0,3
Tidjah,0,3,3
Tidora,0,3,3
Tieberdina,0,3,3
Tiebinus,3,0,3
Tiege,3,0,3
Tiejo,3,0,3
Tiemerinda,0,3,3
Tiemia,0,3,3
Tiemiena,0,3,3
Tiemkje,0,3,3
Tièn,3,0,3
Tienne,0,3,3
Tieresia,0,3,3
Tierinus,3,0,3
Ties-Jan,3,0,3
Tiesha,0,3,3
Tieska,0,3,3
Tieta,0,3,3
Tiets,0,3,3
Tifany,0,3,3
Tifu,3,3,6
Tiger-Lily,0,3,3
Tigho,3,0,3
Tigon,3,0,3
Tigris,3,3,6
Tihamér,3,0,3
Tiiu,0,3,3
Tijania,0,3,3
Tijany,3,3,6
Tijay,3,0,3
Tijgo,3,0,3
Tijk,3,0,3
Tijmea,0,3,3
Tijmeke,0,3,3
Tijmen-Jan,3,0,3
Tijnen,3,0,3
Tijner,0,3,3
Tijte,3,3,6
Tijtia,0,3,3
Tilan,3,3,6
Tilila,0,3,3
Tillian,3,3,6
Tilma,0,3,3
Tilopa,3,3,6
Tim-Jan,3,0,3
Timandra,0,3,3
Timéo,3,0,3
Timeüs,3,0,3
Timeya,0,3,3
Timira,0,3,3
Timmeltje,0,3,3
Timmen,3,0,3
Timmy-Joël,3,0,3
Timoçin,3,0,3
Timofej,3,0,3
Timoté,3,0,3
Timothes,3,0,3
Timothy-John,3,0,3
Timshel,3,3,6
Tinatin,0,3,3
Tinaysha,0,3,3
Tinda,0,3,3
Tingting,0,3,3
Tinia,0,3,3
Tinij,0,3,3
Tinius,3,0,3
Tinmar,3,0,3
Tinn,3,0,3
Tinysha,0,3,3
Tipo,3,0,3
Tiras,3,0,3
Tirian,3,0,3
Tirscha,0,3,3
Tirsgård,0,3,3
Tirta,3,3,6
Tirzha,0,3,3
Tish,0,3,3
Tishandra,0,3,3
Tishanti,0,3,3
Tishaun,3,3,6
Tishayro,3,0,3
Tisiana,0,3,3
Tisina,0,3,3
Tiske,0,3,3
Tista,0,3,3
Tisya,0,3,3
Tisza,0,3,3
Titianne,0,3,3
Titilope,0,3,3
Tius,3,0,3
Tivo,3,0,3
Tiwaa,0,3,3
Tiwaz,3,0,3
Tiyairo,3,0,3
Tiyam,3,3,6
Tiye,0,3,3
Tjaakina,0,3,3
Tjaartina,0,3,3
Tjabbina,0,3,3
Tjaberdina,0,3,3
Tjaberen,3,0,3
Tjabiena,0,3,3
Tjabren,3,0,3
Tjadrik,3,0,3
Tjady,3,3,6
Tjai,3,3,6
Tjakedinna,0,3,3
Tjakje,0,3,3
Tjakkelina,0,3,3
Tjakkoline,0,3,3
Tjalena,0,3,3
Tjall,3,3,6
Tjalleida,0,3,3
Tjaltine,0,3,3
Tjam,3,3,6
Tjanderdei,0,3,3
Tjanderwatie,0,3,3
Tjapco,3,0,3
Tjarde,0,3,3
Tjardeliena,0,3,3
Tjarwiena,0,3,3
Tjavo,3,0,3
Tjebbelina,0,3,3
Tjeblina,0,3,3
Tjeenk,3,0,3
Tjeerdjan,3,0,3
Tjeertina,0,3,3
Tjelle,3,0,3
Tjelvin,3,0,3
Tjem,3,0,3
Tjer,3,0,3
Tjerineke,0,3,3
Tjerke,3,0,3
Tjes,3,3,6
Tjeske,0,3,3
Tjessa,0,3,3
Tjessica,0,3,3
Tjestus,3,3,6
Tjet,3,3,6
Tjette,3,0,3
Tjhoen,3,0,3
Tjhon,3,0,3
Tjian,3,0,3
Tjiauw,3,0,3
Tjibbes,3,0,3
Tjibbine,0,3,3
Tjiddy,0,3,3
Tjiebe,3,0,3
Tjiegje,0,3,3
Tjietje,3,3,6
Tjietrawatie,0,3,3
Tjiko,3,0,3
Tjimktje,0,3,3
Tjindjara,0,3,3
Tjipk,3,0,3
Tjirsa,0,3,3
Tjis,3,0,3
Tjiskjen,0,3,3
Tjit,3,3,6
Tjitsia,0,3,3
Tjodina,0,3,3
Tjoltje,0,3,3
Tjoukiena,0,3,3
Tjowi,3,0,3
Tjoy,3,3,6
Tjula,0,3,3
Tjumme,3,0,3
Tobas,3,0,3
Tobea,0,3,3
Tobenna,3,0,3
Tobyan,3,0,3
Tochi,3,3,6
Toefan,3,0,3
Toekinah,0,3,3
Toelsiepersad,3,0,3
Toepin,0,3,3
Toeska,0,3,3
Toeti,0,3,3
Toff,3,0,3
Tofik,3,0,3
Toh,3,0,3
Tolğa,3,0,3
Tolgacan,3,0,3
Tolle,3,0,3
Tollje,0,3,3
Tolo,3,3,6
Tolulope,3,3,6
Tome,3,0,3
Tomecina,0,3,3
Tomie,3,3,6
Tomira,0,3,3
Tomis,3,3,6
Tomm,3,0,3
Tommey,3,0,3
Toms,3,0,3
Toncko,3,0,3
Tonica,0,3,3
Tonika,3,3,6
Tonito,3,0,3
Tonje,0,3,3
Tonjo,3,0,3
Tonno,3,0,3
Tontji,3,0,3
Tooke,0,3,3
Toonia,0,3,3
Top,3,3,6
Töre,3,3,6
Torgeir,3,0,3
Toribia,0,3,3
Toribio,3,0,3
Torie,0,3,3
Toril,0,3,3
Torino,3,0,3
Torkjell,3,0,3
Torleif,3,0,3
Tormo,3,0,3
Torrian,3,0,3
Tors,3,0,3
Tosanna,0,3,3
Tosanne,0,3,3
Toscanus,3,3,6
Tossana,0,3,3
Tossania,0,3,3
Tosse,3,3,6
Tota,0,3,3
Toufiq,3,0,3
Touseef,3,3,6
Tovah,0,3,3
Tox,3,0,3
Toygun,3,0,3
Toyin,0,3,3
Toziena,0,3,3
Tra-Mi,0,3,3
Traiënne,0,3,3
Trajko,3,0,3
Tramaine,3,3,6
Trân,0,3,3
Traudchen,0,3,3
Traute,0,3,3
Tray,3,0,3
Tré,3,3,6
Treasa,0,3,3
Treffer,3,0,3
Treiny,0,3,3
Tremain,3,0,3
Trepka,3,3,6
Tresiah,0,3,3
Trevan,3,0,3
Trevion,3,0,3
Trèvor,3,0,3
Trévor,3,0,3
Treze,0,3,3
Triene,0,3,3
Trieni,3,3,6
Triennetha,0,3,3
Trientienus,3,0,3
Trifon,3,0,3
Trigo,3,0,3
Trijnet,0,3,3
Trijnina,0,3,3
Trijno,3,3,6
Trijntien,0,3,3
Trijs,0,3,3
Trinca,0,3,3
Tringa,0,3,3
Trinida,0,3,3
Trinita,0,3,3
Trinske,0,3,3
Trintje,0,3,3
Trishant,3,0,3
Trisna,0,3,3
Tristàn,3,0,3
Trivena,0,3,3
Trivesh,3,0,3
Troi,3,3,6
Troosla,3,3,6
Troutje,0,3,3
Trufenna,0,3,3
Truide,0,3,3
Trully,0,3,3
Truly,0,3,3
Trumaine,3,0,3
Trusia,0,3,3
Trust,3,0,3
Trustin,3,0,3
Truvenna,0,3,3
Truyke,0,3,3
Truze,0,3,3
Tryphon,3,3,6
Trystram,3,3,6
Tsambikos,3,0,3
Tsara,0,3,3
Tsega,0,3,3
Tsegay,3,3,6
Tsen,0,3,3
Tshen,3,0,3
Tshijanu,3,0,3
Tsien,3,3,6
Tsila,0,3,3
Tsiporah,0,3,3
Tsipporah,0,3,3
Tsjadrik,3,0,3
Tsjaerd,3,0,3
Tsjalke,3,0,3
Tsjaltsje,0,3,3
Tsjamke,3,3,6
Tsjêbbe,3,0,3
Tsjepke,3,0,3
Tsjidsger,3,0,3
Tsjie,3,3,6
Tsjiets,3,3,6
Tsjimke,0,3,3
Tsjoeng,3,0,3
Tsoi,3,3,6
Tsomo,0,3,3
Tsunami,3,3,6
Tsyh,3,0,3
Tuâń,3,0,3
Tûbanur,0,3,3
Tubay,0,3,3
Tubelina,0,3,3
Tucker,3,0,3
Tüdanya,0,3,3
Tuġba,0,3,3
Tuġçe,0,3,3
Tuğçenur,0,3,3
Tuğtekin,3,0,3
Tuija,0,3,3
Tuintje,0,3,3
Tukay,3,0,3
Tulga,3,0,3
Tulsa,0,3,3
Tumani,3,0,3
Tümay,3,3,6
Tumirah,0,3,3
Tunno,3,0,3
Tuoyo,3,3,6
Turabi,3,0,3
Turaç,3,3,6
Turin,3,3,6
Turiya,0,3,3
Türk,3,0,3
Turkana,0,3,3
Turker,3,0,3
Türkmen,3,3,6
Tussaud,3,0,3
Tuti,0,3,3
Tutti,3,3,6
Tuul,3,3,6
Tuulia,0,3,3
Tuyên,3,3,6
Twana,3,3,6
Twanna,0,3,3
Twanneke,3,3,6
Twanni,3,0,3
Twila,0,3,3
Twinke,0,3,3
Twitchell,3,3,6
Two,0,3,3
Ty'Shawn,3,0,3
Tyarah,0,3,3
Tychro,3,0,3
Tyciano,3,0,3
Tyee,3,0,3
Tyenna,0,3,3
Tygro,3,0,3
Tylan,3,0,3
Tylano,3,0,3
Tylisha,0,3,3
Tymothy,3,0,3
Tynan,3,0,3
Týr,3,0,3
Tyrees,3,0,3
Tyrelle,3,0,3
Tyrence,3,0,3
Tyrése,3,0,3
Tyrick,3,0,3
Tyrish,3,0,3
Tyrône,3,0,3
Tyrsa,0,3,3
Tyrzah,0,3,3
Tyshaino,3,0,3
Tyshana,0,3,3
Tyshano,3,0,3
Tyshayra,0,3,3
Tysheena,0,3,3
Tyso,3,0,3
Tysz,3,3,6
Tyziano,3,0,3
Tziyon,3,3,6
T'ika,0,3,3
T'keyah,0,3,3
T-shawn,3,0,3
Taabe,3,0,3
Taahir,3,0,3
Taaij,3,3,6
Taalitha,0,3,3
Taan,3,0,3
Taantje,0,3,3
Taarika,0,3,3
Taat,3,0,3
Taatske,0,3,3
Tabaré,3,0,3
Tabarek,3,3,6
Tabbasum,0,3,3
Tabelina,0,3,3
Tabella,0,3,3
Taber,3,0,3
Tabertus,3,0,3
Tabhita,0,3,3
Tabi'tha,0,3,3
Tabietha,0,3,3
Tabinda,0,3,3
Tabine,0,3,3
Tabit,3,0,3
Tabitha-Dorcas,0,3,3
Tabitta,0,3,3
Tabolina,0,3,3
Tabrani,3,0,3
Tabreez,3,0,3
Tabrezkhan,3,0,3
Tabris,3,0,3
Tac,3,0,3
Tachana,0,3,3
Tachena,0,3,3
Tachiro,3,0,3
Tacita,0,3,3
Tack,3,0,3
Tacus,3,0,3
Tadde,3,0,3
Taddy,0,3,3
Tadgh,3,0,3
Tadisha,0,3,3
Tadjiro,3,0,3
Tady,3,0,3
Taebe,3,0,3
Taed,0,3,3
Taeke-Jan,3,0,3
Taem,3,3,6
Taericsson,3,0,3
Taertske,0,3,3
Taete,0,3,3
Taetsje,0,3,3
Taetze,3,0,3
Tafan,0,3,3
Tafarel,3,0,3
Taffin,3,0,3
Tagab,0,3,3
Tagdeer,3,0,3
Taghride,0,3,3
Tagi,3,3,6
Taguma,3,0,3
Tagwan,3,0,3
Tahâ,3,0,3
Tahani,0,3,3
Tahany,0,3,3
Taheer,3,0,3
Taheera,0,3,3
Tahi,3,0,3
Tahilla,0,3,3
Tahim,3,0,3
Tahina,0,3,3
Tahino,3,0,3
Tahirih,0,3,3
Tahïsha,0,3,3
Tahita,0,3,3
Tahlita,0,3,3
Tahmara,0,3,3
Tahnay,0,3,3
Tahney,0,3,3
Tahrim,3,3,6
Tahseen,3,3,6
Tahseenah,0,3,3
Tahyna,0,3,3
Tahyr,3,0,3
Tahyra,0,3,3
Taï,3,3,6
Taïb,3,0,3
Taiesha,0,3,3
Taïga,0,3,3
Taijo,3,0,3
Taijron,3,0,3
Taike,3,3,6
Taila,0,3,3
Taily,0,3,3
Taimoor,3,3,6
Tainara,0,3,3
Tainisha,0,3,3
Taïno,3,0,3
Taio,3,0,3
Taipatti,3,0,3
Tair,3,0,3
Tairo,3,0,3
Taïscha,0,3,3
Taïsia,0,3,3
Taisier,3,3,6
Taïssa,0,3,3
Taissir,3,3,6
Taisy,0,3,3
Taitania,0,3,3
Taitu,0,3,3
Taiyab,3,0,3
Taiyang,3,3,6
Taïz,3,3,6
Tajai,3,0,3
Tajeldinn,3,0,3
Tajna,0,3,3
Tajrina,0,3,3
Tajwar,3,0,3
Takeisha,0,3,3
Takelina,0,3,3
Takenaka,3,0,3
Takeru,3,0,3
Takeysha,0,3,3
Takiri,3,3,6
Takiyah,0,3,3
Takky,3,0,3
Takouhi,0,3,3
Takuh,3,0,3
Takuhi,0,3,3
Takuya,3,0,3
Takyiwa,0,3,3
Takysha,0,3,3
Talassa,0,3,3
Talât,3,0,3
Taleen,0,3,3
Tâlha,3,0,3
Talicha,0,3,3
Talie,3,3,6
Talih,3,0,3
Talim,3,0,3
Talino,3,0,3
Talinus,3,0,3
Talisse,0,3,3
Talith,0,3,3
Talithia,0,3,3
Tall,3,3,6
Tallal,3,0,3
Tallegonda,0,3,3
Talli,3,3,6
Tallia,0,3,3
Tallis,3,3,6
Tallisa,0,3,3
Tallissa,0,3,3
Tallon,3,0,3
Tallya,0,3,3
Talmay,3,0,3
Talu,3,0,3
Taly,0,3,3
Tamaar,3,3,6
Tamae,0,3,3
Tamah,0,3,3
Tamaika,0,3,3
Tamanah,0,3,3
Tamani,0,3,3
Tàmar,3,3,6
Tamár,0,3,3
Tamare,0,3,3
Tamari,0,3,3
Tamarin,3,3,6
Tamarinus,3,0,3
Tamarr,3,0,3
Tamarua,3,0,3
Tamarus,3,0,3
Tamasha,0,3,3
Tamasja,3,3,6
Tambe,3,3,6
Tambeng,3,0,3
Tambing,3,0,3
Tambo,3,0,3
Tamchiena,0,3,3
Tamchina,0,3,3
Tamea,0,3,3
Tamèr,3,0,3
Tamerlanovič,3,0,3
Tamerza,0,3,3
Tamicka,0,3,3
Tamico,0,3,3
Tamilee,0,3,3
Tamirlan,3,0,3
Tammas,3,0,3
Tammegien,0,3,3
Tammérus,3,0,3
Tammiena,0,3,3
Tamsi,3,0,3
Tamsir,3,0,3
Tanaaz,0,3,3
Tanaira,0,3,3
Tanaja,0,3,3
Tanara,0,3,3
Tanascha,0,3,3
Tanashia,0,3,3
Tanasia,0,3,3
Tanawat,3,0,3
Tanaysha,0,3,3
Tanbir,3,0,3
Tancu,3,0,3
Tanda,3,0,3
Tandina,0,3,3
Tando,3,0,3
Tandu,0,3,3
Tanel,3,0,3
Taneshia,0,3,3
Tanha,0,3,3
Tanica,0,3,3
Taniëla,0,3,3
Taniqua,0,3,3
Tanisa,0,3,3
Tanitsha,0,3,3
Tanje,0,3,3
Tankut,3,0,3
Tanmay,3,0,3
Tannee,0,3,3
Tannetha,0,3,3
Tannicus,3,0,3
Tannita,0,3,3
Tanoeska,0,3,3
Tanou,3,0,3
Tansy,0,3,3
Tantra,3,3,6
Tantri,3,0,3
Tanujadevi,0,3,3
Tanwi,0,3,3
Tany,0,3,3
Tanyaradzwa,0,3,3
Tanycia,0,3,3
Tanyo,3,0,3
Tanytia,0,3,3
Tanzania,0,3,3
Tanziel,3,3,6
Tanzim,3,3,6
Tāo,3,0,3
Taona,3,3,6
Taqi,3,0,3
Taquila,0,3,3
Tar,3,0,3
Taral,3,3,6
Tarald,3,0,3
Taralyn,0,3,3
Tarang,3,0,3
Tarantino,3,0,3
Taratjan,3,0,3
Tarawat,0,3,3
Taraz,3,0,3
Tarcia,0,3,3
Tarcis,3,0,3
Tarcisa,0,3,3
Tarcise,0,3,3
Tarea,0,3,3
Tarec,3,3,6
Tarena,0,3,3
Tarence,3,0,3
Tareshma,0,3,3
Taribia,0,3,3
Tarida,0,3,3
Tarijn,0,3,3
Tarinda,0,3,3
Tarish,3,0,3
Tarisia,0,3,3
Tarit,3,0,3
Tarley,3,3,6
Tarman,3,0,3
Tarnim,3,3,6
Tarnpreet,3,3,6
Taroen,3,0,3
Taroeska,0,3,3
Taroh,3,0,3
Tarona,0,3,3
Tarquinio,3,0,3
Tarras,3,0,3
Tarryn,3,3,6
Tarshana,0,3,3
Tarsi,3,3,6
Tarsicio,3,3,6
Tarsih,3,3,6
Tarsilla,0,3,3
Tartil,3,3,6
Taruni,0,3,3
Tarunkoemar,3,0,3
Taruska,0,3,3
Tarwen,0,3,3
Taryta,0,3,3
Taşar,3,0,3
Tascanya,0,3,3
Taschana,0,3,3
Taschina,3,3,6
Taschka,0,3,3
Tash,3,0,3
Tashaira,0,3,3
Tashanara,0,3,3
Tasharo,3,0,3
Tashayra,0,3,3
Tashelle,0,3,3
Tashfeen,0,3,3
Tashja,0,3,3
Tashmara,0,3,3
Tashunko,3,0,3
Tashwini,0,3,3
Tasia,0,3,3
Tasilo,3,0,3
Tasjano,3,0,3
Tasjiri,0,3,3
Tasky,3,0,3
Tasleem,0,3,3
Tasliem,3,0,3
Tasmi,0,3,3
Tasminah,0,3,3
Tassillo,3,0,3
Taştan,3,0,3
Tatchiana,0,3,3
Tates,0,3,3
Tatev,0,3,3
Tatevik,0,3,3
Tathjana,0,3,3
Tatica,0,3,3
Tatienne,0,3,3
Tatime,0,3,3
Tatin,3,3,6
Tatjanna,0,3,3
Tatsuo,3,0,3
Taty,3,3,6
Tauhid,3,0,3
Tauhied,3,0,3
Tauqeer,3,0,3
Tauqir,0,3,3
Taurai,3,0,3
Tauri,3,0,3
Taurino,3,0,3
Taurus,3,0,3
Tausief,3,0,3
Tausif,3,0,3
Tava,0,3,3
Tavarell,3,0,3
Tavie,0,3,3
Tavio,3,0,3
Tavleen,0,3,3
Tawar,3,0,3
Tawer,3,0,3
Tawera,3,0,3
Tawfeeq,3,0,3
Tawhid,3,0,3
Tawhida,0,3,3
Tawina,0,3,3
Tawindre,3,0,3
Tawnee,0,3,3
Tawny,0,3,3
Tax,3,0,3
Tayane,0,3,3
Tayar,3,0,3
Taycan,3,0,3
Tayebah,0,3,3
Tayenna,0,3,3
Tayenne,0,3,3
Tayhan,3,0,3
Tayib,3,0,3
Tayiba,0,3,3
Taylo,3,0,3
Taymen,3,0,3
Taymiro,3,0,3
Taymullah,3,0,3
Tayna,0,3,3
Taynara,0,3,3
Tayrah,0,3,3
Tayree,3,0,3
Tayrena,0,3,3
Tayrin,3,3,6
Tayrisa,0,3,3
Tayrisha,0,3,3
Tayro,3,0,3
Tayshaun,3,0,3
Taysier,3,0,3
Tayssa,0,3,3
Tayyibah,0,3,3
Tayza,3,3,6
Tazia,0,3,3
Tazzio,3,0,3
Tchakoua,3,0,3
Tchamba,3,3,6
Tchang,3,0,3
Tchenco,3,0,3
Tchong,3,0,3
Tchu,0,3,3
Tchung,3,0,3
Teàke,3,0,3
Teake-Jan,3,0,3
Teakle,3,0,3
Teâtske,0,3,3
Tebarek,0,3,3
Tebbechina,0,3,3
Techane,3,0,3
Techilda,0,3,3
Techinna,3,3,6
Teco,3,0,3
Tedi,3,0,3
Tedisha,0,3,3
Tedman,3,0,3
Tedora,0,3,3
Tedy,3,3,6
Tee-Jay,3,0,3
Teelen,3,0,3
Teelkéa,0,3,3
Teelkeline,0,3,3
Teem,3,0,3
Teemo,3,0,3
Teena,0,3,3
Teerde,3,0,3
Teerdes,3,0,3
Teerdske,0,3,3
Teersche,0,3,3
Teeske,0,3,3
Teewes,3,0,3
Teffeny,0,3,3
Tefide,0,3,3
Teguise,0,3,3
Teh,0,3,3
Tehinna,0,3,3
Teige,3,0,3
Teija,0,3,3
Teijer,3,0,3
Teijodora,0,3,3
Teip,3,0,3
Teise,3,0,3
Teissina,0,3,3
Teixeira,3,3,6
Teize,3,0,3
Tejal,0,3,3
Tejani,3,0,3
Tejas,3,0,3
Tejash,3,0,3
Tekala,0,3,3
Tekie,3,3,6
Teklu,3,3,6
Tekmil,0,3,3
Tekoa,3,0,3
Tekoah,3,0,3
Telda,0,3,3
Telea,0,3,3
Telemachus,3,0,3
Telinaz,0,3,3
Teline,0,3,3
Telis,3,0,3
Telisa,0,3,3
Telissa,0,3,3
Tellat,3,0,3
Tellie,3,3,6
Telston,3,0,3
Tely,0,3,3
TEM,3,3,6
Teman,3,0,3
Tembe,0,3,3
Temilola,0,3,3
Temiloluwa,3,3,6
Temine,3,3,6
Temir,3,0,3
Temmer,3,0,3
Temmie,0,3,3
Temmiena,0,3,3
Temnit,0,3,3
Temoedjin,3,0,3
Temperance,0,3,3
Tempest,3,0,3
Temsgen,3,0,3
Ten-Sang,3,0,3
Tenaya,0,3,3
Tendresse,0,3,3
Tene,3,3,6
Tenesha,0,3,3
Teng-Teng,0,3,3
Tengbeh,3,3,6
Tengku,3,0,3
Tengwa,0,3,3
Tenille,0,3,3
Tening,0,3,3
Teniola,3,3,6
Tenischa,0,3,3
Tenneke,0,3,3
Tennie,0,3,3
Tennille,0,3,3
Tense,3,0,3
Tenuï,3,0,3
Teodorico,3,0,3
Teodosia,0,3,3
Teody,3,0,3
Teófilo,3,0,3
Teppe,3,0,3
Tequischa,0,3,3
Tequise,0,3,3
Teran,3,0,3
Terance,3,0,3
Terasita,0,3,3
Tercan,3,3,6
Tercia,0,3,3
Tère,0,3,3
Terebint,3,0,3
Terece,3,3,6
Terênçio,3,0,3
Terense,0,3,3
Terensio,3,0,3
Teres,3,3,6
Teresah,0,3,3
Teresini,0,3,3
Terèz,0,3,3
Terfina,0,3,3
Terinus,3,0,3
Teris,3,0,3
Terisja,0,3,3
Teriza,0,3,3
Terjé,3,0,3
Terke,3,0,3
Terlon,3,0,3
Terna,0,3,3
Terotji,0,3,3
Terpsichori,0,3,3
Terren,3,3,6
Terrense,3,0,3
Terrese,0,3,3
Terressa,0,3,3
Terrin,3,3,6
Terrol,3,0,3
Tertulia,0,3,3
Tertuliaan,3,0,3
Teruko,0,3,3
Terunesh,0,3,3
Terus,3,3,6
Tesanee,0,3,3
Tesfaldet,3,0,3
Tesfatsion,3,0,3
Tesfazion,3,0,3
Teshally,0,3,3
Teshima,0,3,3
Tesia,0,3,3
Teslyn,0,3,3
Tessa-Lee,0,3,3
Tessalina,0,3,3
Tessane,0,3,3
Tessares,3,3,6
Tesselinus,3,0,3
Tessera,0,3,3
Tessita,0,3,3
Tetcia,0,3,3
Teti,3,3,6
Tetse,3,0,3
Tetsiea,0,3,3
Tetsy,0,3,3
Tettiane,0,3,3
Teubechien,0,3,3
Teubiena,0,3,3
Teugiena,0,3,3
Teuila,0,3,3
Teuku,3,0,3
Teundert,3,0,3
Teunera,0,3,3
Teunéra,0,3,3
Teunessa,0,3,3
Teunielle,0,3,3
Teunilde,0,3,3
Teunissa,0,3,3
Teunjan,3,0,3
Teunnette,0,3,3
Teunsien,0,3,3
Teunzie,0,3,3
Teupkea,0,3,3
Teuresia,0,3,3
Teusine,0,3,3
Tevano,3,0,3
Tevfika,0,3,3
Tevi,3,3,6
Tevik,3,0,3
Tevrat,0,3,3
Tewe,3,0,3
Tewolde,3,3,6
Teymen,3,0,3
Teziena,0,3,3
Tezina,0,3,3
Tezzy,3,3,6
TGM,3,3,6
Thabata,0,3,3
Thaco,3,0,3
Thadde,3,0,3
Thaddee,3,0,3
Thaddy,3,0,3
Thadeusz,3,0,3
Thaem,3,0,3
Thagoberts,3,0,3
Thaher,3,0,3
Thai-Long,3,0,3
Thaida,0,3,3
Thaiden,3,0,3
Thailita,0,3,3
Thaïna,0,3,3
Thaïno,3,0,3
Thairisha,0,3,3
Thairon,3,0,3
Thaisia,0,3,3
Thaisya,0,3,3
Thakoer,3,0,3
Thaksana,0,3,3
Thaksha,0,3,3
Thalasha,0,3,3
Thalegiena,0,3,3
Thalenus,3,0,3
Thalessa,0,3,3
Thaliah,0,3,3
Thaliana,0,3,3
Thalie,0,3,3
Thalijn,0,3,3
Thalischa,0,3,3
Thalisya,0,3,3
Thaliza,0,3,3
Thalja,0,3,3
Thallein,0,3,3
Thalling,3,0,3
Thallita,0,3,3
Thallo,3,3,6
Thaly,0,3,3
Thalyssa,0,3,3
Thalytsia,0,3,3
Thámar,3,3,6
Thamare,0,3,3
Thamayren,3,0,3
Thamea,3,3,6
Thamerus,3,0,3
Thamiena,0,3,3
Thamil,0,3,3
Thamila,0,3,3
Thamilini,0,3,3
Thamimont,0,3,3
Thamina,0,3,3
Thamon,3,0,3
Thanael,3,0,3
Thanan,3,0,3
Thanatcha,3,3,6
Thanathip,3,0,3
Thanawat,3,0,3
Thandeka,0,3,3
Thanéé,0,3,3
Thanes,3,0,3
Thangavelu,3,0,3
Thanh-Binh,3,0,3
Thanh-Dat,3,0,3
Thanh-Liem,3,0,3
Thanh-Thao,0,3,3
Thanh-Tu,3,0,3
Thani,3,0,3
Thaniel,3,0,3
Thanina,0,3,3
Thanique,0,3,3
Thanit,3,0,3
Thank,3,0,3
Thannée,0,3,3
Thano,3,0,3
Thanu,3,0,3
Thanusha,0,3,3
Thanwa,3,0,3
Thao-Nhi,0,3,3
Tharaa,0,3,3
Tharanika,0,3,3
Tharcilla,0,3,3
Tharcitia,0,3,3
Tharesia,0,3,3
Tharick,3,0,3
Thariq,3,0,3
Tharo,3,0,3
Thars,3,0,3
Tharsini,0,3,3
Tharsisius,3,0,3
Tharycha,0,3,3
Thatiana,0,3,3
Thaya,0,3,3
Thayani,0,3,3
Thayé,3,0,3
Thayisha,0,3,3
Thaylen,3,0,3
Thayler,3,0,3
Thaylon,3,0,3
Thaylor,3,3,6
Thaynara,0,3,3
Thayrisha,0,3,3
Thaysa,0,3,3
Thayson,3,0,3
Thè,3,3,6
Theador,3,0,3
Theadorina,0,3,3
Theadoris,3,3,6
Theadosia,0,3,3
Theae,3,0,3
Theanna,0,3,3
Théanne,0,3,3
Theatske,0,3,3
Thébe,3,3,6
Thecela,0,3,3
Theddy,0,3,3
Thedeus,3,0,3
Thedina,0,3,3
Thédorus,3,0,3
Thedros,3,0,3
Theem,3,0,3
Theeuwe,3,3,6
Thegan,3,3,6
Theger,3,0,3
Théjan,3,3,6
Thejanne,0,3,3
Théke,3,3,6
Thekelina,0,3,3
Thékla,0,3,3
Thelisa,0,3,3
Thellise,0,3,3
Thelmo,3,0,3
Thema,0,3,3
Themar,3,3,6
Themelis,3,0,3
Themistokles,3,0,3
Themy,3,0,3
Thenise,0,3,3
Thennis,3,0,3
Thensélo,3,0,3
Theobertha,0,3,3
Theoboldus,3,0,3
Theocharis,3,0,3
Theoden,3,0,3
Theoderica,0,3,3
Theoderikus,3,0,3
Theodila,0,3,3
Theodo,3,0,3
Theodocia,0,3,3
Theodohr,3,0,3
Theodolinde,0,3,3
Theodoore,0,3,3
Theodoorszoon,3,0,3
Theodòr,3,0,3
Theodoretha,0,3,3
Theodoretis,3,3,6
Theodoretus,3,0,3
Theodori,0,3,3
Theodoricia,0,3,3
Theodorij,3,0,3
Theodorinia,0,3,3
Theodorion,3,0,3
Théodosie,0,3,3
Theodosio,3,0,3
Theodosios,3,0,3
Theodossios,3,0,3
Theodotia,0,3,3
Theodros,3,0,3
Theodulfa,0,3,3
Theodulla,0,3,3
Theodulphina,0,3,3
Theoduul,3,0,3
Theofanes,3,0,3
Theofanus,3,0,3
Theofilia,0,3,3
Theofilos,3,0,3
Théofilus,3,0,3
Theofine,0,3,3
Theofrieda,0,3,3
Theogonia,0,3,3
Theolinde,0,3,3
Theomara,0,3,3
Théone,0,3,3
Theonesta,0,3,3
Theonie,0,3,3
Theopald,3,0,3
Theophanes,3,0,3
Theophilie,0,3,3
Theóphilus,3,0,3
Theophrastus,3,0,3
Theophylaktos,3,0,3
Theophylus,3,0,3
Theora,0,3,3
Theordorus,3,0,3
Theorinne,0,3,3
Theorita,0,3,3
Theos,3,0,3
Theowald,3,0,3
There,3,0,3
Therens,3,0,3
Therensia,0,3,3
Therersia,0,3,3
Thèresa,0,3,3
Therêsa,0,3,3
Therésé,0,3,3
Thereselina,0,3,3
Theresias,3,0,3
Theresienne,0,3,3
Theresiënne,0,3,3
Theresilia,0,3,3
Theresinie,0,3,3
Théresse,0,3,3
Theresya,0,3,3
Therèze,0,3,3
Theria,0,3,3
Therise,0,3,3
Theros,3,0,3
Thérosa,0,3,3
Therren,3,0,3
Therresa,0,3,3
Therresia,0,3,3
Therri,3,3,6
Thersia,0,3,3
Theske,0,3,3
Thessalonica,0,3,3
Thessel,3,0,3
Thesselina,0,3,3
Thet,3,3,6
Theta,0,3,3
Thetasina,0,3,3
Thethmar,3,0,3
Thetis,0,3,3
Theudas,3,0,3
Theunette,0,3,3
Theuniske,0,3,3
Theunsien,0,3,3
Thewiske,0,3,3
Theyana,0,3,3
Theyl,3,0,3
thi,0,3,3
Thiadlinde,0,3,3
Thianda,0,3,3
Thianna,0,3,3
Thiba,0,3,3
Thibau,3,0,3
Thida,0,3,3
Thido,3,0,3
Thidora,0,3,3
Thië,3,0,3
Thiea,0,3,3
Thiebald,3,0,3
Thiebault,3,0,3
Thiego,3,0,3
Thielke,0,3,3
Thiellesen,0,3,3
Thiem,3,0,3
Thiemia,0,3,3
Thiemus,3,0,3
Thiën,3,0,3
Thiên-An,3,3,6
Thiera,3,3,6
Thierra,0,3,3
Thierry-John,3,0,3
Thiese,3,3,6
Thiessiena,0,3,3
Thifya,0,3,3
Thijco,3,0,3
Thijko,3,0,3
Thijmentje,0,3,3
Thijmetje,0,3,3
Thijmie,0,3,3
Thijmke,0,3,3
Thijmo,3,0,3
Thijntje,0,3,3
Thijo,3,0,3
Thijs-Jelle,3,0,3
Thijsberdina,0,3,3
Thijssien,0,3,3
Thijszoon,3,0,3
Thijz,3,0,3
Thijze,3,0,3
Thijzina,0,3,3
Thika,0,3,3
Thilemania,0,3,3
Thilène,0,3,3
Thilou,0,3,3
Thimber,3,0,3
Thimen,3,0,3
Thimethy,3,0,3
Thimmoty,3,0,3
Thimmy,3,0,3
Thimos,3,0,3
Thina,0,3,3
Thinley,3,0,3
Thinus,3,0,3
Thiras,3,0,3
Thiro,3,0,3
Thirtza,0,3,3
Thishan,3,0,3
Thisina,0,3,3
Thiviya,0,3,3
Thiwat,3,0,3
Thjardo,3,0,3
THM,3,3,6
Thoa,0,3,3
Thobie,3,0,3
Thobyn,3,0,3
Thodi,3,0,3
Thody,3,0,3
Thoi,0,3,3
Thoke,0,3,3
Tholeus,3,0,3
Tholine,0,3,3
Thomaatje,0,3,3
Thomasita,0,3,3
Thomasovic,3,0,3
Thomassa,0,3,3
Thomasse,0,3,3
Thomée,0,3,3
Thomek,3,0,3
Thomes,3,3,6
Thomiska,0,3,3
Thomme,3,0,3
Thommy-Lee,3,0,3
Thomy,3,3,6
Thonas,3,0,3
Thongbai,3,3,6
Thongchai,3,0,3
Thoni,0,3,3
Thonja,0,3,3
Thonnie,3,3,6
Thonya,0,3,3
Thonys,3,0,3
Thoom,3,0,3
Thoontje,3,0,3
Thoray,3,0,3
Thorbe,3,0,3
Thorby,3,0,3
Thoren,3,0,3
Thorewald,3,0,3
Thorgall,3,0,3
Thorgan,3,0,3
Thorinsson,3,0,3
Thorkell,3,0,3
Thorolf,3,0,3
Thorson,3,0,3
Thorstan,3,0,3
Thorstin,3,0,3
Thorval,3,0,3
Thorven,3,0,3
Thorvi,3,3,6
Thorvid,3,0,3
Thosson,3,0,3
Thow,0,3,3
Thowaiba,0,3,3
Thoya,0,3,3
Threesje,0,3,3
Threse,0,3,3
Thresinia,0,3,3
Thresy,0,3,3
Thristen,3,0,3
Thrystan,3,0,3
Thula,0,3,3
Thulani,3,3,6
Thun,3,0,3
Thunnis,3,0,3
Thuran,3,3,6
Thurayya,0,3,3
Thurka,0,3,3
Thurkka,0,3,3
Thurson,3,0,3
Thushyanthan,3,3,6
Thusikaran,0,3,3
Thusyanthan,3,0,3
Thuvarakan,3,0,3
Thuwayba,0,3,3
Thuwaybah,0,3,3
Thúy,0,3,3
Thuy-Kieu,0,3,3
Thy-Sean,3,0,3
Thybe,3,0,3
Thybeau,3,0,3
Thyeisha,0,3,3
Thylane,0,3,3
Thylor,3,0,3
Thymer,3,0,3
Thymian,3,3,6
Thymotheus,3,0,3
Thymothy,3,0,3
Thyneesha,0,3,3
Thyon,3,0,3
Thyrelle,3,3,6
Thyrhone,3,0,3
Thyronne,3,0,3
Thyrsah,0,3,3
Thyshairo,3,0,3
Thysina,0,3,3
Thyssen,3,0,3
Thyten,3,0,3
Thyvano,3,0,3
Thyvo,3,0,3
Thyz,3,0,3
Tiäna,0,3,3
Tiander,3,0,3
Tiandra,0,3,3
Tianen,3,3,6
Tiang,3,0,3
Tianny,0,3,3
Tianqi,3,0,3
Tiany,0,3,3
Tiarma,0,3,3
Tib,3,0,3
Tibaut,3,0,3
Tibbo,3,0,3
Tibbolt,3,0,3
Tibegina,0,3,3
Tibellia,0,3,3
Tiberias,3,0,3
Tiberio,3,0,3
Tiberta,0,3,3
Tibertus,3,0,3
Tibisai,0,3,3
Tibora,0,3,3
Tican,3,3,6
Tichainy,0,3,3
Tichan,3,0,3
Tichana,0,3,3
Tichayra,0,3,3
Tichila,0,3,3
Tichon,3,0,3
Ticiany,0,3,3
Ticor,3,3,6
Tidder,3,0,3
Tiddina,0,3,3
Tidenka,0,3,3
Tidi,3,0,3
Tidia,0,3,3
Tidjahni,3,0,3
Tidus,3,0,3
Tieba,0,3,3
Tieben,3,0,3
Tiebolt,3,0,3
Tiebregien,0,3,3
Tiede-Jan,3,0,3
Tiedeman,3,0,3
Tiedia,0,3,3
Tiedsje,0,3,3
Tiégo,3,0,3
Tiejes,3,0,3
Tielemanda,0,3,3
Tielman,3,0,3
Tiemenna,0,3,3
Tiemken,0,3,3
Tiemone,0,3,3
Tiemoteus,3,0,3
Tiënga,3,0,3
Tienis,3,0,3
Tienneke,0,3,3
Tientje,0,3,3
Tiernan,3,0,3
Tierney,3,0,3
Tiers,3,0,3
Tiesa,0,3,3
Tiess,3,0,3
Tiessien,0,3,3
Tiessienna,0,3,3
Tiesum,3,0,3
Tiet,0,3,3
Tietsiaan,3,0,3
Tiette,0,3,3
Tietze,3,0,3
Tiezea,0,3,3
Tifa,0,3,3
Tifainely,0,3,3
Tifani,0,3,3
Tifène,0,3,3
Tigana,3,0,3
Tigerlily,0,3,3
Tigiani,3,0,3
Tigra,0,3,3
Tiguida,0,3,3
Tiguidanké,0,3,3
Tiina,0,3,3
Tijde,3,0,3
Tijem,0,3,3
Tijena,0,3,3
Tijg,3,0,3
Tijiani,3,0,3
Tijkje,0,3,3
Tijko,3,0,3
Tijma,0,3,3
Tijmanda,0,3,3
Tijmer,3,0,3
Tijnem,3,0,3
Tijs-Jan,3,0,3
Tijson,3,0,3
Tijsziena,0,3,3
Tijtsje,0,3,3
Tijz,3,0,3
Tikal,3,3,6
Tikischa,0,3,3
Tikoes,0,3,3
Tikwa,0,3,3
Tilbert,3,0,3
Tilce,3,3,6
Tildy,3,3,6
Tilek,0,3,3
Tilke,3,3,6
Tilkina,0,3,3
Tillan,3,0,3
Tilleke,0,3,3
Tilleman,3,0,3
Tillon,3,0,3
Tilong,3,0,3
Tilottama,0,3,3
Tilou,0,3,3
Tilson,3,0,3
Timaeus,3,0,3
Timah,0,3,3
Timaya,0,3,3
Timayro,3,0,3
Timè,3,0,3
Timila,0,3,3
Timilehin,3,3,6
Timin,3,0,3
Timinus,3,0,3
Timion,3,0,3
Timiro,3,3,6
Timithy,3,0,3
Timma,0,3,3
Timmelena,0,3,3
Timmeline,0,3,3
Timmory,3,0,3
Timmoty,3,0,3
Timo-Bart,3,0,3
Timofeei,3,3,6
Timoh,3,0,3
Timör,3,0,3
Timos,3,0,3
Timotewos,3,3,6
Timothe,3,3,6
Timotheűs,3,0,3
Timothi,3,0,3
Timothie,3,0,3
Timothij,3,0,3
Timothijs,3,0,3
Timotijn,3,0,3
Timotteus,3,0,3
Timrava,0,3,3
Timuchin,3,0,3
Timür,3,0,3
Timurcan,3,0,3
Tin-Fat,3,0,3
Tinadora,0,3,3
Tine-Lies,0,3,3
Tinel,0,3,3
Tinelou,0,3,3
Tinewaah,0,3,3
Tíng,0,3,3
Tinga,3,3,6
Tinger,0,3,3
Tingfeng,3,0,3
Tingsang,3,0,3
Tingxuan,3,3,6
Tinho,3,0,3
Tininha,0,3,3
Tinkerbell,0,3,3
Tinque,0,3,3
Tinsly,0,3,3
Tinte,0,3,3
Tinuviël,0,3,3
Tinycha,0,3,3
Tioman,3,0,3
Tiomy,3,3,6
Tiony,0,3,3
Tipp,3,0,3
Tippie,0,3,3
Tiquan,3,3,6
Tirchana,0,3,3
Tireja,0,3,3
Tireno,3,0,3
Tirhza,0,3,3
Tiri,3,3,6
Tirinus,3,0,3
Tiroles,3,0,3
Tirra,0,3,3
Tirse,0,3,3
Tirssa,0,3,3
Tirsten,3,0,3
Tirtadji,3,3,6
Tisan,3,0,3
Tisana,0,3,3
Tisca,0,3,3
Tishaedon,3,0,3
Tishaineley,0,3,3
Tishainely,0,3,3
Tishainey,0,3,3
Tishaino,3,0,3
Tishanely,0,3,3
Tishanny,0,3,3
Tishawn,3,0,3
Tishawna,0,3,3
Tishayna,0,3,3
Tishera,0,3,3
Tishira,0,3,3
Tishon,3,0,3
Tishura,0,3,3
Tiskus,3,3,6
Tison,3,0,3
Tisot,0,3,3
Tispha,0,3,3
Tisra,0,3,3
Tit,3,3,6
Titaan,3,0,3
Tithia,0,3,3
Titiane,0,3,3
Titiano,3,0,3
Titianus,3,3,6
Titilayo,0,3,3
Titrianus,3,0,3
Titrit,0,3,3
Titske,0,3,3
Titya,0,3,3
Titziano,3,0,3
Tiurin,3,0,3
Tiurlan,0,3,3
Tiurma,0,3,3
Tiury,3,0,3
Tiv,3,0,3
Tivon,3,0,3
Tiwa,3,3,6
Tiwalola,0,3,3
Tiyago,3,0,3
Tiyani,3,0,3
Tiyona,0,3,3
Tizaale,0,3,3
Tizaira,0,3,3
Tiziane,0,3,3
Tizina,0,3,3
Tizony,0,3,3
Tjaakelina,0,3,3
Tjaandani,0,3,3
Tjaardinus,3,0,3
Tjaartje,0,3,3
Tjabertus,3,0,3
Tjabien,0,3,3
Tjabinus,3,0,3
Tjabke,3,0,3
Tjabrink,3,0,3
Tjadi,3,3,6
Tjaduwine,0,3,3
Tjakea,0,3,3
Tjakeliena,0,3,3
Tjakkelien,0,3,3
Tjakkeliene,0,3,3
Tjakkes,3,0,3
Tjakkinus,3,0,3
Tjakkolien,0,3,3
Tjakoen,3,0,3
Tjakolina,0,3,3
Tjaktje,0,3,3
Tjaldeina,0,3,3
Tjali,3,0,3
Tjalida,0,3,3
Tjalkes,3,0,3
Tjalleng,3,0,3
Tjallida,0,3,3
Tjalliëlle,0,3,3
Tjallinga,0,3,3
Tjalo,3,0,3
Tjandani,0,3,3
Tjandeni,0,3,3
Tjandrawatie,0,3,3
Tjangja,0,3,3
Tjanna,0,3,3
Tjanti,0,3,3
Tjapkina,0,3,3
Tjapkolina,0,3,3
Tjardewiea,0,3,3
Tjardiena,0,3,3
Tjarduwea,0,3,3
Tjarenka,0,3,3
Tjari,3,3,6
Tjarik,3,0,3
Tjarina,0,3,3
Tjarka,0,3,3
Tjarke,3,3,6
Tjarktje,0,3,3
Tjarmin,0,3,3
Tjarwin,3,0,3
Tjaska,0,3,3
Tjaske,0,3,3
Tjaso,3,0,3
Tjaza,0,3,3
Tjazz,3,0,3
Tjebbegje,0,3,3
Tjebbigje,0,3,3
Tjebiena,0,3,3
Tjed,3,0,3
Tjeda,0,3,3
Tjeerdiena,0,3,3
Tjeerdsje,0,3,3
Tjeerine,0,3,3
Tjeert-Jan,3,0,3
Tjelling,3,0,3
Tjelvar,3,0,3
Tjemu,3,3,6
Tjender,3,0,3
Tjenn,3,0,3
Tjenne,3,0,3
Tjènne,3,0,3
Tjennie,0,3,3
Tjepkjen,0,3,3
Tjerchina,0,3,3
Tjerdina,0,3,3
Tjerkkina,0,3,3
Tjerna,0,3,3
Tjerno,3,0,3
Tjerri,3,0,3
Tjerron,3,0,3
Tjesjen,0,3,3
Tjesko,3,0,3
Tjesme,3,3,6
Tjessina,0,3,3
Tjesso,3,0,3
Tjessy,0,3,3
Tjesto,3,0,3
Tjeuni,0,3,3
Tjezz,3,0,3
Tjhan,3,0,3
Tjhin,0,3,3
Tjib,3,0,3
Tjibbe-Jan,3,0,3
Tjiberto,3,0,3
Tjible,3,0,3
Tjiddo,3,0,3
Tjidse,3,0,3
Tjieng,0,3,3
Tjiepkje,0,3,3
Tjierdina,0,3,3
Tjietska,0,3,3
Tjieuw,3,0,3
Tjikkelina,0,3,3
Tjili,0,3,3
Tjille,3,0,3
Tjim,3,0,3
Tjimka,0,3,3
Tjino,3,0,3
Tjipkes,3,0,3
Tjipktje,0,3,3
Tjippe,3,0,3
Tjippie,0,3,3
Tjipto,3,0,3
Tjirger,3,0,3
Tjirke,0,3,3
Tjissie,3,3,6
Tjissy,0,3,3
Tjitji,0,3,3
Tjitsch,0,3,3
Tjitsen,3,0,3
Tjitser,3,0,3
Tjitsger,3,0,3
Tjitskina,0,3,3
Tjitskje,0,3,3
Tjittes,3,3,6
Tjitty,0,3,3
Tjoei,3,3,6
Tjoek,3,3,6
Tjoeman,3,0,3
Tjof,3,0,3
Tjok,3,3,6
Tjokorde,3,3,6
Tjom,3,0,3
Tjort,3,0,3
Tjorus,3,0,3
Tjoukina,0,3,3
Tjourka,3,0,3
Tjuri,3,0,3
Tjy,3,3,6
Tkeyah,0,3,3
Tlaitmass,0,3,3
Tlaytmas,0,3,3
TMJ,0,3,3
Tmnit,0,3,3
To-me,3,3,6
Toãn,3,0,3
Toana,3,0,3
Toanne,0,3,3
Toas,3,0,3
Tobbe,3,0,3
Tobé,3,3,6
Tobechi,3,3,6
Toben,3,0,3
Toberta,0,3,3
Tobertha,0,3,3
Tobiáš,3,0,3
Tobijjah,3,0,3
Tobiloba,3,0,3
Tobo,3,0,3
Tobya,0,3,3
Todorova,0,3,3
Tody,3,0,3
Toeginem,0,3,3
Toegio,3,0,3
Toekino,3,0,3
Toekiran,3,0,3
Toemiran,3,0,3
Toën,3,0,3
Toenaya,0,3,3
Toeng,3,0,3
Toerna,3,3,6
Toes,0,3,3
Toetiantie,0,3,3
Toetsie,0,3,3
Tofail,3,0,3
Tofan,3,0,3
Tofi,3,3,6
Tofield,3,0,3
Tofiq,3,0,3
Tohar,3,3,6
Tohow,3,0,3
Toï,3,3,6
Toia,0,3,3
Toinetta,0,3,3
Toini,0,3,3
Toinny,0,3,3
Toiny,0,3,3
Toivi,3,0,3
Tokai,3,0,3
Toky,0,3,3
Tola,3,3,6
Tolena,0,3,3
Toleus,3,0,3
Tolĝa,3,0,3
Tolğahan,3,0,3
Tolgan,3,0,3
Toline,0,3,3
Tolkje,0,3,3
Tolline,0,3,3
Tolon,3,0,3
Toltsje,0,3,3
Toluwalase,3,0,3
Tom-Erik,3,0,3
Tom-Paul,3,0,3
Tom-Peter,3,0,3
Tom-Tom,3,0,3
Tomara,0,3,3
Tomaš,3,0,3
Tomash,3,0,3
Tomasson,3,0,3
Tomász,3,0,3
Tomaž,3,0,3
Tomazia,0,3,3
Tombak,3,0,3
Tomec,3,0,3
Tomelina,0,3,3
Tomes,3,0,3
Tomey,3,0,3
Tomia,0,3,3
Tomica,3,0,3
Tomik,3,0,3
Tomio,3,0,3
Tomka,3,3,6
Tomma,0,3,3
Tommex,3,0,3
Tommiko,0,3,3
Tommix,3,0,3
Tomoko,0,3,3
Tomos,3,0,3
Tomoyuki,3,0,3
Tomra,3,0,3
Tomson,3,0,3
Tomte,3,0,3
Tonći,3,0,3
Toncy,0,3,3
Tonda,0,3,3
Tondé,3,3,6
Tondji,0,3,3
Toney,3,0,3
Tonias,3,0,3
Tonicha,0,3,3
Tonique,0,3,3
Tonischa,0,3,3
Tonki,3,3,6
Tonkina,0,3,3
Tonnechienus,3,0,3
Tonnia,0,3,3
Tonnissina,0,3,3
Tonnys,3,0,3
Tono,3,0,3
Töns,3,0,3
Tonszoon,3,0,3
Tontje,3,0,3
Tonto,3,0,3
Tonyo,3,3,6
Toob,3,0,3
Tooba,0,3,3
Toomas,3,0,3
Tooni,3,0,3
Toonie,3,0,3
Toony,3,0,3
Toonya,0,3,3
Tooru,3,0,3
Toosca,0,3,3
Topenga,0,3,3
Topie,0,3,3
Topper,3,3,6
Torah,0,3,3
Toray,3,0,3
Torbjørn,3,0,3
Torencia,0,3,3
Tori-Jo,3,3,6
Torik,3,0,3
Torkamancheh,3,3,6
Torn,3,0,3
Toros,3,0,3
Torstein,3,0,3
Torus,3,0,3
Toscan,3,0,3
Toseef,3,0,3
Tosien,0,3,3
Tosin,3,0,3
Toske,0,3,3
Tossaint,3,0,3
Toste,3,0,3
Totany,3,0,3
Toti,3,3,6
Totte,3,0,3
Totti,3,3,6
Toufail,3,0,3
Toufan,3,0,3
Toufek,3,0,3
Toufiek,3,0,3
Toufika,0,3,3
Toui,3,3,6
Touiba,0,3,3
Touka,0,3,3
Toula,0,3,3
Toura,3,3,6
Touran,0,3,3
Tourette,0,3,3
Tousanna,0,3,3
Tousanus,3,3,6
Toussain,3,0,3
Toussanus,3,0,3
Tov,3,0,3
Tovar,3,3,6
Toyan,3,0,3
Toygan,3,0,3
Toyna,0,3,3
Toz,3,0,3
Tozanne,0,3,3
TPM,3,3,6
Trace,3,0,3
Traci,0,3,3
Trae,3,0,3
Trajanus,3,0,3
Trakarnsak,3,3,6
Tram-Anh,0,3,3
Trampas,3,0,3
Tramy,0,3,3
Trann,3,0,3
Traore,3,3,6
Traudi,0,3,3
Traudie,0,3,3
Trautchen,0,3,3
Travers,3,0,3
Traves,3,0,3
Travor,3,0,3
Trayan,3,0,3
Traylano,3,0,3
Trean,0,3,3
Trebor,3,0,3
Treesie,0,3,3
Treijntje,0,3,3
Treinie,0,3,3
Tresca,0,3,3
Treshna,0,3,3
Tresine,3,3,6
Tress,0,3,3
Tressy,0,3,3
Trestan,3,0,3
Treuda,0,3,3
Trevalcha,0,3,3
Treves,3,0,3
Trèves,3,0,3
Trevorr,3,0,3
Trevyn,3,0,3
Trew,3,3,6
Treymain,3,0,3
Triane,0,3,3
Trianne,0,3,3
Triasih,3,3,6
Tribhawan,3,0,3
Trice,3,3,6
Trichell,0,3,3
Trichelle,0,3,3
Tricky,3,3,6
Trieja,0,3,3
Triencko,3,0,3
Trienet,0,3,3
Trienika,0,3,3
Triennette,0,3,3
Trienske,0,3,3
Trifa,0,3,3
Trifena,0,3,3
Trija,0,3,3
Trijke,3,0,3
Trijnita,0,3,3
Trijnius,3,0,3
Trijntsje,0,3,3
Trijsje,0,3,3
Trinaty,0,3,3
Trinelza,0,3,3
Trinitas,3,3,6
Trinité,3,3,6
Trins,0,3,3
Triona,0,3,3
Triphenna,0,3,3
Triphosa,0,3,3
Tripti,0,3,3
Trisa,0,3,3
Trishaan,3,0,3
Trishanie,0,3,3
Trishano,3,0,3
Trishaya,0,3,3
Trishtan,3,0,3
Triske,0,3,3
Trisnah,0,3,3
Trisnan,3,0,3
Triss,0,3,3
Trissie,0,3,3
Trístan,3,0,3
Tristanne,0,3,3
Tristiaan,3,0,3
Tristjan,3,0,3
Trivedika,0,3,3
Triveni,0,3,3
Trixi,0,3,3
Trixy,0,3,3
Tro,3,0,3
Troas,3,0,3
Troelie,0,3,3
Trofim,3,0,3
Tromp-Jan,3,0,3
Tron,3,0,3
Troye,3,0,3
Trudeau,3,3,6
Trudelien,0,3,3
Trudes,0,3,3
Trudigje,0,3,3
Trudij,0,3,3
Trudine,0,3,3
Trudwin,3,0,3
Trudys,0,3,3
Truman,3,0,3
Trung-Kien,3,0,3
Truse,0,3,3
Trusha,0,3,3
Trussardi,3,3,6
Truyda,0,3,3
Tryce,3,0,3
Trycia,0,3,3
Tryfon,3,0,3
Trym,3,0,3
Tryna,0,3,3
Trynco,3,0,3
Tryneke,0,3,3
Trynet,0,3,3
Tryphosa,0,3,3
Tsachila,0,3,3
Tsak,3,0,3
Tsambiko,3,0,3
Tsao-Yee,3,0,3
Tsavo,3,3,6
Tsaya,0,3,3
Tseerdina,0,3,3
Tsehaie,3,3,6
Tsehaye,3,0,3
Tselote,3,3,6
Tsenkov,3,0,3
Tšepo,3,0,3
Tseten,3,0,3
Tseuk,3,3,6
Tsewang,3,3,6
Tshering,3,3,6
Tshiabu,0,3,3
Tshiakuisha,3,3,6
Tshibola,0,3,3
Tshidibi,0,3,3
Tshiela,0,3,3
Tshilomba,0,3,3
Tshilongo,0,3,3
Tshimanga,3,0,3
Tshing,0,3,3
Tsi-Ling,0,3,3
Tsia,0,3,3
Tsidkenu,3,3,6
Tsieuw,3,3,6
Tsigane,0,3,3
Tsiyon,0,3,3
Tsjabbe,3,0,3
Tsjang,3,3,6
Tsjemke,3,0,3
Tsjesse,3,0,3
Tsjin,3,3,6
Tsjing,0,3,3
Tsjipkje,0,3,3
Tsjippy,0,3,3
Tsjits,3,0,3
Tsjoen-Foek,3,0,3
Tsjoi,3,3,6
Tsjok,3,0,3
Tsjong,0,3,3
Tsoei,0,3,3
Tsoek,3,0,3
Tsoen,3,3,6
Tsowinar,0,3,3
Tsu,3,3,6
Tsuey,0,3,3
Tsuru,3,3,6
Tsuyoshi,3,0,3
Tuâna,0,3,3
Tubangisa,0,3,3
Tubien,0,3,3
Tubiena,0,3,3
Tuê,0,3,3
Tüfeyil,3,0,3
Tuğbay,3,3,6
Tügçe,0,3,3
Tugçem,0,3,3
Tuğçenaz,0,3,3
Tugendhold,3,0,3
Tuglio,3,0,3
Tuǵrul,3,0,3
Tuï,0,3,3
Tuka,0,3,3
Tukaya,0,3,3
Tuke,0,3,3
Tulasi,0,3,3
Tulca,0,3,3
Tule,0,3,3
Tulemore,0,3,3
Tulien,0,3,3
Tulisa,0,3,3
Tüllay,0,3,3
Tullia,0,3,3
Tulsidevi,0,3,3
Tumala,3,3,6
Tumaris,0,3,3
Tumbal,3,0,3
Tumelo,3,3,6
Tuminem,0,3,3
Tunayé,0,3,3
Tuncaj,3,0,3
Tunettus,3,0,3
Tùng,3,0,3
Tungavidya,0,3,3
Tungsten,3,0,3
Tuni,3,3,6
Tunine,0,3,3
Tunji,3,0,3
Tunnella,0,3,3
Tunnies,3,0,3
Tunnus,3,0,3
Tunny,3,3,6
Tunnys,3,0,3
Tunsina,0,3,3
Tunui,3,0,3
Tunveer,0,3,3
Tuon,0,3,3
Tuovi,0,3,3
Tupaq,3,0,3
Turah,0,3,3
Turiane,0,3,3
Turina,0,3,3
Turkay,3,0,3
Türkcan,0,3,3
Türkes,3,0,3
Türkeş,3,0,3
Türkü,0,3,3
Turkut,3,0,3
Turlough,3,0,3
Turrab,3,0,3
Turul,3,0,3
Turya,0,3,3
Tus,3,0,3
Tusa,0,3,3
Tuscha,0,3,3
Tushant,3,0,3
Tushil,3,3,6
Tusita,0,3,3
Tussijn,3,0,3
Tutta,0,3,3
Tuun,3,0,3
Tuva,0,3,3
Tuvan,3,0,3
Tuy,3,3,6
Tuyet-Nhi,0,3,3
Tüz,0,3,3
Tuzo,3,0,3
Tvisha,0,3,3
Twahirwa,3,0,3
Twania,0,3,3
Twanko,3,0,3
Twanne,3,0,3
Twannij,3,0,3
Twenny,3,3,6
Twent,3,0,3
Twiga,0,3,3
Twilight,0,3,3
Twingo,3,0,3
Txai,3,0,3
Txomin,3,0,3
Ty'chairo,3,0,3
Ty-shawn,3,0,3
Tyamah,0,3,3
Tyanti,0,3,3
Tyar,3,0,3
Tyard,3,0,3
Tyarra,0,3,3
Tyasha,0,3,3
Tyba,0,3,3
Tybart,3,0,3
Tybbe,3,0,3
Tyben,3,0,3
Tybert,3,0,3
Tychel,3,0,3
Tychelle,0,3,3
Tycka,0,3,3
Tyeesha,0,3,3
Tyeïsha,0,3,3
Tyen,3,3,6
Tyena,0,3,3
Tyeth,0,3,3
Tyga,3,3,6
Tyhrone,3,0,3
Tyjani,3,0,3
Tylee,3,3,6
Tylia,0,3,3
Tylla,0,3,3
Tylon,3,0,3
Tyma,0,3,3
Tymek,3,0,3
Tymisha,0,3,3
Tymke,0,3,3
Tymontje,0,3,3
Tymor,3,0,3
Tymotheus,3,0,3
Tymour,3,0,3
Tyneke,0,3,3
Tyner,3,3,6
Tyni,0,3,3
Tynice,0,3,3
Tynka,0,3,3
Tynn,3,0,3
Tynus,3,0,3
Tyoni,3,0,3
Tyrael,3,0,3
Tyre,3,3,6
Tyrece,3,0,3
Tyreeh,3,0,3
Tyreq,3,0,3
Tyrhone,3,0,3
Tyrischa,0,3,3
Tyrn,3,0,3
Tyrnan,3,0,3
Tyronn,3,0,3
Tyrrel,3,0,3
Tysa,0,3,3
Tyshaun,3,0,3
Tyshiara,0,3,3
Tyshira,0,3,3
Tysia,0,3,3
Tysiena,0,3,3
Tysnes,0,3,3
Tysul,3,0,3
Tytan,3,0,3
Tyty,3,3,6
Tyvano,3,0,3
Tyvian,3,0,3
Tywana,0,3,3
Tyzick,3,0,3
Tyzo,3,0,3
Tzara,0,3,3
Tze-Yan,0,3,3
Tzeitel,0,3,3
Tzeni,0,3,3
Tzila,0,3,3
Tzivya,0,3,3
Tæke,3,0,3
T'ai,3,0,3
T'ai-anna,0,3,3
T'allah,0,3,3
T'ân,3,0,3
T'aney,0,3,3
T'Anne,0,3,3
T'björely,0,3,3
T'chainely,0,3,3
T'chandro,3,0,3
T'Chano,3,0,3
T'Ciëiro,3,0,3
T'cxzayneau,3,0,3
T'Gévenly,3,0,3
T'hyarah-Mary,0,3,3
T'ieh,3,0,3
T'iko,3,0,3
T'Jay,3,0,3
T'jeaqe,3,0,3
T'jiani,3,0,3
T'jon,3,0,3
T'kehiya,0,3,3
T'kesha,0,3,3
t'Keyah,0,3,3
T'Keyo,3,0,3
T'Keysha,0,3,3
T'Kya,0,3,3
T'Kylah,3,0,3
T'myshelo,3,0,3
T'naisha,0,3,3
T'nayrell,3,0,3
T'nayshero,3,0,3
T'ony,0,3,3
T'quensho,3,0,3
T'saadia,3,0,3
T'Sean,3,0,3
T'sean,3,0,3
T'shainel,3,0,3
T'Shainelly,0,3,3
T'Shainely,0,3,3
T'Shaino,3,0,3
T'Shainoh,3,0,3
T'shainy,0,3,3
T'shaira,0,3,3
T'Shairo,3,0,3
T'Shanailys,0,3,3
T'shandrick,3,0,3
T'Shawn,3,0,3
T'shawn,3,0,3
T'shawnayro,3,0,3
T'shaydiann,3,0,3
T'Sheälley,0,3,3
T'sjeneely,0,3,3
T'xainy,0,3,3
T'Yanna,0,3,3
T'yannick,3,0,3
T'zhano,3,0,3
T'Zheayhno,3,0,3
T'ziah,3,0,3
T'zion,3,0,3
T'zjainy,0,3,3
T-Jayh,3,0,3
T-Jaylan,0,3,3
T-jaynoo,3,0,3
T-Jayry,3,0,3
T-Jhean,3,0,3
T-Junior,3,0,3
T-kelah,0,3,3
T-owne,3,0,3
T-sean,3,0,3
T-Sean,3,0,3
T-Shainely,0,3,3
T-Shainey,0,3,3
T-Shainy,0,3,3
T-shandray,3,0,3
T-Shawn,3,0,3
T-Shayno,3,0,3
T-yairo,3,0,3
T-yanna,0,3,3
Ta'ha,3,0,3
Ta'liyaah,0,3,3
Ta'ra,0,3,3
Ta'sangka,0,3,3
Ta'Sangka,0,3,3
Ta'shane,0,3,3
Ta'Sheena,0,3,3
Ta'ziyah,3,0,3
Ta-arna,0,3,3
Ta-chi,3,0,3
Ta-Ha,3,0,3
Ta-Jaédryenne,0,3,3
Ta-Lun,3,0,3
Ta-Mar,0,3,3
Ta-Sheney,0,3,3
Ta-Venchelly,0,3,3
Ta-yeshia,0,3,3
Taabir,0,3,3
Taabish,3,0,3
Taaco,3,0,3
Taadj,3,0,3
Taadjwar,3,0,3
Taaeba,0,3,3
Taah,3,0,3
Taahaa,3,0,3
Taahan,3,0,3
Taahieroen-niesa,0,3,3
Taahiragatoen,0,3,3
Taahirah,0,3,3
Taaije,0,3,3
Taako,3,0,3
Taaktje,0,3,3
Taalco,3,0,3
Taali,0,3,3
Taaliah,0,3,3
Taalieb,3,0,3
Taalina,0,3,3
Taaliyah,0,3,3
Taalko,3,0,3
Taaly,3,0,3
Taamir,3,0,3
Taani,3,0,3
Taaniya,0,3,3
Taanvi,0,3,3
Taara,0,3,3
Taaric,3,0,3
Taarieg,3,0,3
Taariek,3,0,3
Taarun,3,0,3
Taas,3,0,3
Taashfien,3,0,3
Taasien,3,0,3
Taaslin,0,3,3
Taasneen,0,3,3
Taata,0,3,3
Taatdina,0,3,3
Taaytje,0,3,3
Taâza,0,3,3
Tabaarak,3,0,3
Tabai,0,3,3
Tabaia,0,3,3
Tabanan,3,0,3
Tabara,0,3,3
Tabare,3,0,3
Tabark,0,3,3
Tabarnan,3,0,3
Tabasco,3,0,3
Tabasem,0,3,3
Tabassoer,3,0,3
Tabasüm,0,3,3
Tabbie,3,0,3
Tabbo,3,0,3
Tabe-Bas,3,0,3
Tabe-Jeen,3,0,3
Tabéa,0,3,3
Tabeetha,0,3,3
Tabenka,0,3,3
Taberthe,0,3,3
Tabessam,3,0,3
Tabesum,0,3,3
Tabetha,0,3,3
Tabhina,0,3,3
Tabiat,0,3,3
Tabid,3,0,3
Tabienke,0,3,3
Tabigéal,0,3,3
Tabilata,3,0,3
Tabinia,0,3,3
Tabiri,3,0,3
Tabitah,0,3,3
Tabitha-Elena,0,3,3
Tabitha-Eloisa,0,3,3
Tabithia,0,3,3
Tabittha,0,3,3
Tabke,0,3,3
Tablita,0,3,3
Taboekoe,3,0,3
Taboi,3,0,3
Tabois,0,3,3
Tabora,0,3,3
Tabot,0,3,3
Tabot-Effie,0,3,3
Tabothsie,0,3,3
Tabreza,0,3,3
Tabuñag,0,3,3
Tacari,3,0,3
Tacco,3,0,3
Tacdin,3,0,3
Taceddin,3,0,3
Taceo,3,0,3
Tacet,3,0,3
Tacetin,3,0,3
Taçettin,3,0,3
Tacettin-Thijs,3,0,3
Tacha,0,3,3
Tacháiyná,0,3,3
Taçhana,0,3,3
Tacharel,0,3,3
Tacharelle,0,3,3
Tachédia,0,3,3
Tachèl,3,0,3
Tachella,0,3,3
Tachély,0,3,3
Tacher,0,3,3
Tachfin,3,0,3
Tachie,0,3,3
Tachika,0,3,3
Tachilla,0,3,3
Tachina,0,3,3
Tachini,0,3,3
Tachinie,0,3,3
Tachira,0,3,3
Tachiri,0,3,3
Tachisse,0,3,3
Tachita,0,3,3
Tachmillé,0,3,3
Tachmy,3,0,3
Tacho,3,0,3
Taci,0,3,3
Taciani,0,3,3
Tacilja,0,3,3
Tacilo,3,0,3
Tacim,3,0,3
Tacin,3,0,3
Tacisius,3,0,3
Tack-Cheung,3,0,3
Tackele,3,0,3
Tackla,0,3,3
Tacko,0,3,3
Tacky,3,0,3
Taçmin,0,3,3
Taco-Jan,3,0,3
Taco-Obrecht,3,0,3
Taco-Pieter,3,0,3
Tacoda,3,0,3
Tacolina,0,3,3
Tacoline,0,3,3
Tacôme,3,0,3
Tacona,0,3,3
Tácori,0,3,3
Tacra,0,3,3
Tadai,3,0,3
Tadascha,0,3,3
Tadashi,3,0,3
Taddea,0,3,3
Taddeu,3,0,3
Taddo,3,0,3
Tadé,3,0,3
Tadeáš,3,0,3
Tadeau,3,0,3
Tadeaue,3,0,3
Tadel,3,0,3
Tadèsch,0,3,3
Tadess,0,3,3
Tadèu,3,0,3
Tadeurz,3,0,3
Tadëus,3,0,3
Tadeüs,3,0,3
Tadéusz,3,0,3
Tadeusź,3,0,3
Tadeuz,3,0,3
Tadey,3,0,3
Tadeyon,3,0,3
Tadgio,3,0,3
Tadheu,3,0,3
Tadheus,3,0,3
Tadia,3,0,3
Tadija,3,0,3
Tadijanius,3,0,3
Tadil,3,0,3
Tadinda,0,3,3
Tadinha,0,3,3
Tadio,3,0,3
Tadir,3,0,3
Tadischa,0,3,3
Tadiwanashe,3,0,3
Tadj,3,0,3
Tadjay,3,0,3
Tadjid,3,0,3
Tadjo,3,0,3
Tadjudien,3,0,3
Tadleigh,3,0,3
Tadmar,3,0,3
Tado,3,0,3
Tadobe,0,3,3
Tadros,3,0,3
Tadsha,0,3,3
Tadward,3,0,3
Tadyen,0,3,3
Tadysha,0,3,3
Tadyurah,0,3,3
Tadzik,3,0,3
Tadziou,3,0,3
Tadzjo,3,0,3
Tae-Jong,3,0,3
Tae-Suk,3,0,3
Tae-Yang,3,0,3
Taeb,3,0,3
Taebke,0,3,3
Taeckle,3,0,3
Taecko,3,0,3
Taeco,3,0,3
Taeda,0,3,3
Taef,3,0,3
Taegan,3,0,3
Taegen,3,0,3
Taeïba,0,3,3
Taeke-Anne,3,0,3
Taekeena,0,3,3
Taekeleine,0,3,3
Taekeline,0,3,3
Taekeltje,0,3,3
Taeken,3,0,3
Taëkje,0,3,3
Taele,3,0,3
Taemer,3,0,3
Taemor,3,0,3
Taemsz,3,0,3
Taen,3,0,3
Taenésha,0,3,3
Taënne,0,3,3
Taerek,3,0,3
Taeres,3,0,3
Taerina,0,3,3
Taesan,3,0,3
Taeshfin,3,0,3
Taets,3,0,3
Taeyang,3,0,3
Tafa,3,0,3
Tafaninho,3,0,3
Tafarai,3,0,3
Tafarell,3,0,3
Taferra,3,0,3
Tafesoem,0,3,3
Tafesse,3,0,3
Taffanny,0,3,3
Taffaraino,3,0,3
Taffie,0,3,3
Tafiana,0,3,3
Tafianus,3,0,3
Tafie,0,3,3
Tafiëllo,3,0,3
Tafish,3,0,3
Tafit,0,3,3
Tafitlutur,0,3,3
Tafity,0,3,3
Tafrainny,0,3,3
Tafriem,3,0,3
Tafrikan,3,0,3
Tafsier,3,0,3
Tafsir,3,0,3
Tafsirou,3,0,3
Tafsut,0,3,3
Tafuk,0,3,3
Tafzier,3,0,3
TAG,3,0,3
Tagarroso,3,0,3
Tagdien,3,0,3
Tagé,3,0,3
Tagéa,0,3,3
Tagerio,3,0,3
Tagetha,0,3,3
Tagger,3,0,3
Taghi,3,0,3
Taghrid,0,3,3
Tagiana,0,3,3
Tagif,3,0,3
Tagmouni,3,0,3
Tagne,3,0,3
Tagobert,3,0,3
Tagor,3,0,3
Tagria,0,3,3
Tagrid,0,3,3
Tah'Shai,0,3,3
Tah-raylio,3,0,3
Táha,3,0,3
Tahá,3,0,3
Tâha,3,0,3
Taha-Yasin,3,0,3
Tahaani,0,3,3
Tahaanie,0,3,3
Tahajuud,3,0,3
Tahalia,0,3,3
Tahalita,0,3,3
Tahama,0,3,3
Tahamor,3,0,3
Tahara,0,3,3
Taharqua,3,0,3
Tahash,3,0,3
Tahaümeyir,3,0,3
Tahayasin,3,0,3
Tahayley,0,3,3
Tahbeer,0,3,3
Tahealy,0,3,3
Taheely,0,3,3
Tahees,0,3,3
Taheisha,0,3,3
Tahèly,0,3,3
Tahena,0,3,3
Taheno,3,0,3
Tahere,0,3,3
Taherh,0,3,3
Tahesala,3,0,3
Tahesha,0,3,3
Tahesia,0,3,3
Taheylee,0,3,3
Tahiat,0,3,3
Tahib,3,0,3
Tahibe,0,3,3
Tahice,0,3,3
Tahiem,3,0,3
Tahierah,0,3,3
Tahierhoesein,3,0,3
Tahimi,0,3,3
Tahinabuti,0,3,3
Tahine,0,3,3
Tahiratou,0,3,3
Tahiri-Joyce,0,3,3
Tahíríh,0,3,3
Tahiru,3,0,3
Tahiry,0,3,3
Tahís,0,3,3
Tahis,0,3,3
Tahitha,0,3,3
Tahiyah,0,3,3
Tahiz,0,3,3
Tahjanee,0,3,3
Tahjejah,0,3,3
Tahleel,3,0,3
Tahlesia,0,3,3
Tahliil,3,0,3
Tahlina,0,3,3
Tahlisa,0,3,3
Tahliya,0,3,3
Tahloe,3,0,3
Tahlysia,0,3,3
Tahmee,0,3,3
Tahmeed,3,0,3
Tahmena,0,3,3
Tahmim,3,0,3
Tahminá,0,3,3
Tahmineh,0,3,3
Tahmino,3,0,3
Tahnae,0,3,3
Tahne,0,3,3
Tâhnee,0,3,3
Tahneh,0,3,3
Tahneisha,0,3,3
Tahnia,0,3,3
Tahnilee,0,3,3
Tahnisa,0,3,3
Tahnit,0,3,3
Tahona,0,3,3
Tahoor,3,0,3
Tahra-Bo,0,3,3
Tahren,3,0,3
Tahrier,0,3,3
Tahrik,3,0,3
Tahrir,0,3,3
Tahrkan,3,0,3
Tahsim,3,0,3
Tahsina,0,3,3
Tahsinaa,3,0,3
Tahsine,0,3,3
Tahsis,3,0,3
Tahtabentara,3,0,3
Tahtajati,3,0,3
Tahut,3,0,3
Tahyla,0,3,3
Tahyshia,0,3,3
Tahysia,0,3,3
Tahzaab,3,0,3
Tai-Cheng,3,0,3
Tai-Chow,3,0,3
Tai-Jay,3,0,3
Tai-Keng,3,0,3
Tai-Pan,3,0,3
Tai-Relio,3,0,3
Tai-Yan,3,0,3
Tai-Yang,3,0,3
Taiane,0,3,3
Taianna,0,3,3
Taiasha,0,3,3
Taibe,0,3,3
Taibi,3,0,3
Tàica-Esai,0,3,3
Taïce,0,3,3
Taicha,0,3,3
Täicha,0,3,3
Taïcha,0,3,3
Taichayna,0,3,3
Taicherone,3,0,3
Taico,3,0,3
Taicyano,3,0,3
Taiden,3,0,3
Taidgh,3,0,3
Taidjiba,0,3,3
Taidys,0,3,3
Taïeb,3,0,3
Taïees,0,3,3
Taies,0,3,3
Taiève,0,3,3
Taïf,3,0,3
Taïfa,0,3,3
Taiff,3,0,3
Taigénna,0,3,3
Taighe,3,0,3
Taigison,3,0,3
Taiguara,3,0,3
Taih,3,0,3
Taihara,0,3,3
Taihchenyra,0,3,3
Taihese,0,3,3
Taihies,0,3,3
Taihina,0,3,3
Taihisha,0,3,3
Taihjeron,3,0,3
Taihra,0,3,3
Taihveryck,3,0,3
Taihyra,0,3,3
Taii,3,0,3
Taiif,3,0,3
Taiisha,0,3,3
Taija,0,3,3
Taijab,3,0,3
Taijahni,3,0,3
Taïjayno,3,0,3
Taijomi,0,3,3
Taijsha,0,3,3
Taik,3,0,3
Taikeesha,0,3,3
Taiki,3,0,3
Taikisha,0,3,3
Taïko,3,0,3
Taili,0,3,3
Tailiciantely,0,3,3
Tailina,0,3,3
Tailisa,0,3,3
Tailison,3,0,3
Taillan,3,0,3
Taillte,0,3,3
Tailly,0,3,3
Taillyss,0,3,3
Tailo,3,0,3
Tailysha,0,3,3
Taimae,0,3,3
Taimak,3,0,3
Taimallah,3,0,3
Taimara,0,3,3
Taime,3,0,3
Taimie,0,3,3
Taiminh,3,0,3
Taimiya,0,3,3
Taimo,0,3,3
Taimour,3,0,3
Taine,3,0,3
Tainely,0,3,3
Tainemory,3,0,3
Taïni,0,3,3
Taini,0,3,3
Tainilho,3,0,3
Taíno,3,0,3
Tainyshely,0,3,3
Taip,3,0,3
Taipan,3,0,3
Taipio,3,0,3
Tairah,0,3,3
Tairan,3,0,3
Tairano,3,0,3
Tairé,0,3,3
Tairence,3,0,3
Tairens,3,0,3
Tairhenn,3,0,3
Tairina,0,3,3
Tairiq,3,0,3
Tairíq,3,0,3
Tairíque,3,0,3
Tairisha,0,3,3
Tairoché,3,0,3
Tairou,3,0,3
Tairwis,3,0,3
Taîs,0,3,3
Tais-Siniarys,0,3,3
Taisaritha,0,3,3
Taiseer,3,0,3
Taisei,3,0,3
Taishan,3,0,3
Taishang,3,0,3
Taishano,3,0,3
Taisheany,0,3,3
Taishenay,0,3,3
Taïshia,0,3,3
Taisiëne,0,3,3
Taisienne,0,3,3
Taisija,0,3,3
Taïsija,0,3,3
Taisin,3,0,3
Taisina,0,3,3
Taisiya,0,3,3
Taísiya,0,3,3
Taïsja,0,3,3
Taison,3,0,3
Taisonny,3,0,3
Taissa,0,3,3
Taissi,0,3,3
Taisto,3,0,3
Taisy-Marley,0,3,3
Taïsyah,0,3,3
Tait,3,0,3
Taita,0,3,3
Taitany,3,0,3
Taitiana,0,3,3
Taitske,0,3,3
Taiviënne,0,3,3
Taiviëny,0,3,3
Taivo,3,0,3
Taiwana,0,3,3
Taiwen,3,0,3
Taiwensly,3,0,3
Taìy,3,0,3
Taiya,0,3,3
Taiyba,0,3,3
Taiychella,0,3,3
Taïyeb,3,0,3
Taïyeba,0,3,3
Taiyebe,0,3,3
Taiyko,3,0,3
Taiyyibah,0,3,3
Taíz,0,3,3
Taïza,0,3,3
Taiza,0,3,3
Taizany,0,3,3
Taizé,0,3,3
Taj'anne,0,3,3
Taj-Eddin,3,0,3
Taj-eddine,3,0,3
Tajameel,3,0,3
Tajanara,0,3,3
Tajansaa,3,0,3
Tajany,0,3,3
Tajari,3,0,3
Tajayro,3,0,3
Tajda,0,3,3
Tajdin,3,0,3
Tajem,0,3,3
Tajendersingh,3,0,3
Tajenne,0,3,3
Tajenska,0,3,3
Tajh,3,0,3
Tajha,0,3,3
Tajib,3,0,3
Tajibah,0,3,3
Tajin,3,0,3
Tajinderkaur,0,3,3
Tajita,0,3,3
Tajjaba,0,3,3
Tajjiba,0,3,3
Tajjieb,3,0,3
Tajnoor,3,0,3
Tajo,3,0,3
Tajocha,3,0,3
Tajoe,3,0,3
Tajshari,0,3,3
Tajuddien,3,0,3
Tak-Ling,0,3,3
Tak-Ming,3,0,3
Tak-Wai,0,3,3
Takaaki,3,0,3
Takae,0,3,3
Takaharu,0,3,3
Takang,0,3,3
Takanoko,3,0,3
Takanori,3,0,3
Takaram,3,0,3
Takavor,3,0,3
Takaya,3,0,3
Také,3,0,3
Takeesha,0,3,3
Takehiro,3,0,3
Takeme,0,3,3
Taken,3,0,3
Takeshiro,3,0,3
Taketo,3,0,3
Takhai,3,0,3
Takhira,0,3,3
Takí,3,0,3
Taki-Eddine,3,0,3
Takia,0,3,3
Takiddine,3,0,3
Takien,0,3,3
Takilé,3,0,3
Takilmasa,3,0,3
Takischa,0,3,3
Takko,3,0,3
Takleis,3,0,3
Taklit,0,3,3
Tako-Jan,3,0,3
Takoa,0,3,3
Takoa-Na'Jay,3,0,3
Takolina,0,3,3
Takor,0,3,3
Takoua,0,3,3
Takrit,3,0,3
Taksen,3,0,3
Taksha,0,3,3
Taksheel,3,0,3
Taktser,0,3,3
Taku,3,0,3
Takuaisha,0,3,3
Takudzwa,0,3,3
Takuma,3,0,3
Takunda,3,0,3
Takuo,3,0,3
Takuto,3,0,3
Takvor,3,0,3
Takwaalla,0,3,3
Takwien,0,3,3
Takwîn,3,0,3
Taky,0,3,3
Takye,3,0,3
Takyibeg,0,3,3
Takyiwaa,0,3,3
Takyuen,3,0,3
Tal'at,3,0,3
Talaat,3,0,3
Talahatu,0,3,3
Talai,3,0,3
Talaisha,0,3,3
Talaleeña,0,3,3
Talamaku,3,0,3
Talanda,0,3,3
Talani,0,3,3
Talany,0,3,3
Talaqu,3,0,3
Talarik,0,3,3
Talash,3,0,3
Talasha,0,3,3
Talasia,0,3,3
Talatcan,3,0,3
Talau,0,3,3
Talaya,0,3,3
Talaysha,0,3,3
Talchien,0,3,3
Talcke,0,3,3
Taldiena,0,3,3
Talé,3,0,3
Talè,0,3,3
Taleano,3,0,3
Taleasha,0,3,3
Talechiena,0,3,3
Taled,3,0,3
Taleeq,3,0,3
Taleesa,0,3,3
Taleesha,0,3,3
Talegiena,0,3,3
Talegina,0,3,3
Talel,3,0,3
Talem,0,3,3
Talencia,0,3,3
Taleni,3,0,3
Talent,0,3,3
Talentu,3,0,3
Talenus,3,0,3
Talette,0,3,3
Taleya,0,3,3
Taleysa,0,3,3
Talgiena,0,3,3
Tâlhâ,3,0,3
Talha-Musa,3,0,3
Tali'tha,0,3,3
Tàlia,0,3,3
Tália,0,3,3
Tâlia,0,3,3
Talïa,0,3,3
Taliaa,0,3,3
Taliana,0,3,3
Taliandro,3,0,3
Taliano,3,0,3
Taliasu,0,3,3
Taliba,0,3,3
Talibe,3,0,3
Talibi,3,0,3
Taliby,3,0,3
Talichia,0,3,3
Talicio,3,0,3
Talief,3,0,3
Talienja,0,3,3
Talientje,0,3,3
Taliésyn,3,0,3
Taliet,0,3,3
Talietha,0,3,3
Talifa,0,3,3
Taliga,0,3,3
Taliganna,0,3,3
Talihe,0,3,3
Talija,0,3,3
Talijn,0,3,3
Talijsja,0,3,3
Talikéa,0,3,3
Talikea,0,3,3
Talilé,0,3,3
Talima,0,3,3
Talimarys,0,3,3
Talinie,0,3,3
Talinya,0,3,3
Talion,3,0,3
Talipsedin,3,0,3
Taliq,3,0,3
Talirha,0,3,3
Talisca,0,3,3
Talischia,0,3,3
Talish,3,0,3
Talisha-Sky,0,3,3
Talishainely,0,3,3
Talishya,0,3,3
Talitania,0,3,3
Tálitha,0,3,3
Talìtha,0,3,3
Talitha-Dominique,0,3,3
Talitha-El,0,3,3
Talitha-Joy,0,3,3
Talitha-Koemi,0,3,3
Talitha-Kûmi,0,3,3
Talitha-Maria,0,3,3
Talitha-Naomi,0,3,3
Talithah,0,3,3
Talithi,0,3,3
Talitia,0,3,3
Talitta,0,3,3
Talivaldis,3,0,3
Taliyaah,0,3,3
Taliye,0,3,3
Talkina,0,3,3
Tallah,0,3,3
Tallana-Jollein,0,3,3
Tallander,3,0,3
Tallaréna,0,3,3
Tallassa,0,3,3
Talleco,3,0,3
Talleke,0,3,3
Tallianne,0,3,3
Talliasra,3,0,3
Tallienco,3,0,3
Talliesja,0,3,3
Tallines,3,0,3
Talling,3,0,3
Tallinja,0,3,3
Tallinn,3,0,3
Tallisha,0,3,3
Tallita,0,3,3
Tallo,3,0,3
Tallulah-Lilou,0,3,3
Tallyse,0,3,3
Tallyshia,0,3,3
Tallysia,0,3,3
Talmage,3,0,3
Talmania,0,3,3
Talmesha,0,3,3
Talmor,0,3,3
Talón,0,3,3
Talonny,0,3,3
Talosig,0,3,3
Talout,3,0,3
Talouth,3,0,3
Talpe,0,3,3
Taluah,0,3,3
Talukdar,3,0,3
Talula,0,3,3
Talulah,0,3,3
Talullah,0,3,3
Talum,3,0,3
Taluyah,0,3,3
Talvanni,3,0,3
Talvi,0,3,3
Talvick,3,0,3
Talwaar,3,0,3
Talyano,3,0,3
Talyb,3,0,3
Talycha,0,3,3
Talycia,0,3,3
Talym,0,3,3
Talyn,3,0,3
Talyp,3,0,3
Talysa-Marie,0,3,3
Talysja,0,3,3
Talyssia,0,3,3
Tamaëla,3,0,3
Tamaela,0,3,3
Tamahli,0,3,3
Tamai,3,0,3
Tamaico,3,0,3
Tamaida,0,3,3
Tamaila,0,3,3
Tamaimo,3,0,3
Tamaiti,0,3,3
Tamaki,3,0,3
Tamakwa,3,0,3
Tamalad,3,0,3
Tamalane,0,3,3
Tamalia,0,3,3
Tamalie-Geertruida,0,3,3
Tamalin,0,3,3
Tamalkrishna,3,0,3
Tamanaa,0,3,3
Tamanca,0,3,3
Tamancha,0,3,3
Tamanco,3,0,3
Tamanda,0,3,3
Tamang,3,0,3
Tamango,3,0,3
Tamanh,0,3,3
Tamanha,0,3,3
Tamania,0,3,3
Tamaniesha,0,3,3
Tamanischia,0,3,3
Tamannah,0,3,3
Tamannoh,0,3,3
Támar,0,3,3
Tamar-Lee,0,3,3
Tamara-Denise,0,3,3
Tamara-Eva,0,3,3
Tamara-Jane,0,3,3
Tamara-Joyce,0,3,3
Tamara-Lynn,0,3,3
Tamara-Marije,0,3,3
Tamara-Mireille,0,3,3
Tamara-Titchia,0,3,3
Tamara-Tonye,0,3,3
Tamaradobra,3,0,3
Tamaraebi,0,3,3
Tamarah-Lynn,0,3,3
Tamarai,0,3,3
Tamard,3,0,3
Tamare-Jane,0,3,3
Tamarijne,0,3,3
Tamarina,0,3,3
Tamarischa,0,3,3
Tamarisk,0,3,3
Tamariska,0,3,3
Tamarisse,0,3,3
Tamarius,3,0,3
Tamariz,0,3,3
Tamarlane-Khan,3,0,3
Tamarrah,0,3,3
Tamarscha,0,3,3
Tamaryn,0,3,3
Tamasa,0,3,3
Tamasgan,3,0,3
Tamasine,0,3,3
Tamasj,3,0,3
Tamasz,3,0,3
Tamatea,3,0,3
Tamati,3,0,3
Tamayá,0,3,3
Tamaye,0,3,3
Tamayourt,0,3,3
Tamayra,0,3,3
Tamayro,3,0,3
Tamazgha,0,3,3
Tamazi,3,0,3
Tamazight,0,3,3
Tambadou,0,3,3
Tambah,0,3,3
Tamber,0,3,3
Tamberly,0,3,3
Tambilai,0,3,3
Tamblyn,3,0,3
Tamboh,3,0,3
Tambong,3,0,3
Tambrey,0,3,3
Tambu,0,3,3
Tambulukoki,0,3,3
Tamby,0,3,3
Tamé,0,3,3
Taméaka,0,3,3
Tameaka,0,3,3
Tamee,0,3,3
Tameeka,0,3,3
Tameem,3,0,3
Tameequa,0,3,3
Tameera,0,3,3
Tameez,3,0,3
Tamêjaroeme,0,3,3
Tameko,3,0,3
Tamel,3,0,3
Taméla,0,3,3
Tamemond,0,3,3
Tamemu,0,3,3
Tamencha,0,3,3
Tamènuyaŕè,3,0,3
Tämer,3,0,3
Tamercan,3,0,3
Tamerinus,3,0,3
Tamerius,3,0,3
Tamerlanovna,0,3,3
Tamero,3,0,3
Tamerus,3,0,3
Tamëyu,3,0,3
Tamgiene,0,3,3
Tamía,0,3,3
Tamiah,0,3,3
Tamïaroemë,0,3,3
Tamie,0,3,3
Tamieka,0,3,3
Tàmiel,3,0,3
Tamiem,3,0,3
Tamier,3,0,3
Tamiia,0,3,3
Tamiim,3,0,3
Tamijaroemè,0,3,3
Tamijn,0,3,3
Tamilavan,3,0,3
Tamilchelvan,3,0,3
Tamilini,0,3,3
Tamilly,0,3,3
Tamilnila,0,3,3
Tamilviyàn,3,0,3
Tamima,0,3,3
Tamimoent,0,3,3
Tamimou,3,0,3
Tamimunde,0,3,3
Tamimunt,0,3,3
Taminde,0,3,3
Tamineh,0,3,3
Taminho,3,0,3
Taminka,0,3,3
Tamiq,0,3,3
Tamiqua,0,3,3
Tamique,0,3,3
Tamiquela,0,3,3
Tamirah,0,3,3
Tamiranda,0,3,3
Tamire,0,3,3
Tamiree,0,3,3
Tamirha,0,3,3
Tamirio,3,0,3
Tamiris,0,3,3
Tamiro,3,0,3
Tamiru,3,0,3
Tamissa,0,3,3
Tamit,3,0,3
Tamita,0,3,3
Tamiyah,0,3,3
Tamiza,0,3,3
Tamjeed,3,0,3
Tamkien,0,3,3
Tamlijn,3,0,3
Tamlo,3,0,3
Tamlynn,0,3,3
Tammaar,3,0,3
Tammam,0,3,3
Tamman,3,0,3
Tammanna,0,3,3
Tammany,3,0,3
Tammarra,0,3,3
Tammé,3,0,3
Tammechine,0,3,3
Tammeliena,0,3,3
Tammelientje,0,3,3
Tammelinda,0,3,3
Tammeline,0,3,3
Tammer,3,0,3
Tammerah,0,3,3
Tammerina,0,3,3
Tammerly,0,3,3
Tammey,0,3,3
Tamminge,0,3,3
Tammira,0,3,3
Tammithy,0,3,3
Tammoa,0,3,3
Tammochina,0,3,3
Tammochine,0,3,3
Tammogina,0,3,3
Tammona,0,3,3
Tammuz,3,0,3
Tammy-Jo,0,3,3
Tammy-Sue,0,3,3
Tamngil,0,3,3
Tamny,0,3,3
Tamoah,0,3,3
Tamoechin,3,0,3
Tamonry,3,0,3
Tamoor,3,0,3
Tamouna,0,3,3
Tamp,3,0,3
Tamrat,3,0,3
Tamrinde,0,3,3
Tamro,3,0,3
Tamryn,3,0,3
Tamseel,3,0,3
Tamseela,0,3,3
Tamsen,0,3,3
Tamsine,0,3,3
Tamson,0,3,3
Tamsynn,0,3,3
Tamuda,3,0,3
Tamudgin,3,0,3
Tamuera,3,0,3
Tamun,3,0,3
Tamuna,0,3,3
Tamunatonye,0,3,3
Tamunodiepriye,3,0,3
Tamunopubo,3,0,3
Tamur,3,0,3
Tamwyn,3,0,3
Tamy-Lane,0,3,3
Tamyr,3,0,3
Tamyris,0,3,3
Tamysha,0,3,3
Tamzeer,3,0,3
Tamzen,0,3,3
Tamzid,3,0,3
Tãn,3,0,3
Tan-Dat-Binh-An,3,0,3
Tan-Huy,3,0,3
Tan-Khanh,3,0,3
Tan-Lieu-Hoa-An,0,3,3
Tan-nique,0,3,3
Tan-oi,0,3,3
Tan-Viet,3,0,3
Tan-Vinh,3,0,3
Tana-Cloe,0,3,3
Tanachia,0,3,3
Tanachot,3,0,3
Tanaci,3,0,3
Tanagila,0,3,3
Tanagra,0,3,3
Tanah-Abang,3,0,3
Tanahmerah,0,3,3
Tanaika,0,3,3
Tanaillis,0,3,3
Tanailys,0,3,3
Tanaina,0,3,3
Tanairo,3,0,3
Tanaisha,0,3,3
Tanaishéley,0,3,3
Tanaishelley,0,3,3
Tanakhon,3,0,3
Tanal,0,3,3
Tanaporn,0,3,3
Tanar,3,0,3
Tanarejare,0,3,3
Tanasak,3,0,3
Tanasha,0,3,3
Tanasja,0,3,3
Tanatha,0,3,3
Tanatswa,0,3,3
Tanawad,3,0,3
Tanawash,0,3,3
Tanawehi,0,3,3
Tanchelijn,3,0,3
Tanchita,0,3,3
Tancrède,0,3,3
Tancredi,3,0,3
Tancredo,3,0,3
Tançu,3,0,3
Tandarra,0,3,3
Tandaya,0,3,3
Tander,0,3,3
Tandi,3,0,3
Tandiarrang,3,0,3
Tandie,0,3,3
Tandis,0,3,3
Tandiso,3,0,3
Tandiwe,3,0,3
Tandjano,3,0,3
Tandjelie,0,3,3
Tandjero,3,0,3
Tandogan,3,0,3
Tandon,0,3,3
Tandrawatie,0,3,3
Tanéa,0,3,3
Tanée,0,3,3
Taneequa,0,3,3
Taneesya,0,3,3
Taneicia,0,3,3
Taneischa,0,3,3
Taneisha,0,3,3
Taneishah,0,3,3
Tanèl,3,0,3
Tanela,0,3,3
Taneli,3,0,3
Tanelja,0,3,3
Tanell,3,0,3
Tanemara,0,3,3
Tanénga,0,3,3
Taneo,3,0,3
Tanequa,0,3,3
Tanevi,0,3,3
Taneysha,0,3,3
Tanfana,0,3,3
Tangaya,3,0,3
Tangie,3,0,3
Tangil,3,0,3
Tangkas,3,0,3
Tanglyn,3,0,3
Tango,3,0,3
Tangret,3,0,3
Tangui,3,0,3
Tangül,0,3,3
Tangür,3,0,3
Tanh,0,3,3
Tanhee,0,3,3
Tani-Mara,0,3,3
Tânia,0,3,3
Tañia,0,3,3
Tanian,0,3,3
Tanicius,3,0,3
Tanicya,0,3,3
Tanida,0,3,3
Tanie,3,0,3
Taniek,0,3,3
Taniel,3,0,3
Taniera,0,3,3
Tanieta,0,3,3
Tanietha,0,3,3
Tanifha,0,3,3
Taníka,0,3,3
Tanikha,0,3,3
Tanikua,0,3,3
Tanil,3,0,3
Tanıl,3,0,3
Tanilcia,0,3,3
Tanilon,0,3,3
Tanima,0,3,3
Tànimarà,0,3,3
Tanimo,3,0,3
Tanin,0,3,3
Tanine,0,3,3
Taninga,0,3,3
Taninna,0,3,3
Tanio,3,0,3
Taniria,0,3,3
Tanirika,0,3,3
Tanis,3,0,3
Tanischia,0,3,3
Tanisha-Brianna,0,3,3
Tanisha-Manuêlla,0,3,3
Tanishadebie,0,3,3
Tanishaley,0,3,3
Tanishiya,0,3,3
Tanishja,0,3,3
Tanishka,0,3,3
Tanishq,3,0,3
Tanishtha,0,3,3
Tanishya,0,3,3
Tanissa,0,3,3
Tanitah,0,3,3
Tanitchia,0,3,3
Tanithe,0,3,3
Tanitia,0,3,3
Tanitsja,0,3,3
Tanius,3,0,3
Taniwha,0,3,3
Taniyel,3,0,3
Taniyshia,0,3,3
Tánja,0,3,3
Tanja-Francisca,0,3,3
Tanja-Jean,0,3,3
Tanja-Maria,0,3,3
Tanjah,0,3,3
Tanjela,0,3,3
Tanji,3,0,3
Tanjo,3,0,3
Tanjoenjoejing,0,3,3
Tanke,0,3,3
Tankhun,3,0,3
Tanko,3,0,3
Tanlok,3,0,3
Tanly,0,3,3
Tanmoy,3,0,3
Tannah,0,3,3
Tannahil,3,0,3
Tannecee,3,0,3
Tannecha,0,3,3
Tannée,0,3,3
Tanneguy,3,0,3
Tanneken,0,3,3
Tannekke,0,3,3
Tanneleine,0,3,3
Tannelotte,0,3,3
Tannies,3,0,3
Tanniëtte,0,3,3
Tannin,3,0,3
Tannistha,0,3,3
Tannon,3,0,3
Tannyta,0,3,3
Tanoah,3,0,3
Tanoedja,0,3,3
Tanoedjea,0,3,3
Tanoeja,0,3,3
Tanoerja,0,3,3
Tanoeshka,0,3,3
Tanoesiemje,0,3,3
Tanoh,3,0,3
Tanois,3,0,3
Tanok,3,0,3
Tanold,3,0,3
Tanonchai,3,0,3
Tanooja,0,3,3
Tanor,3,0,3
Tanosië,3,0,3
Tanouk,0,3,3
Tanouschka,0,3,3
Tanouska,0,3,3
Tanpreet,3,0,3
Tanquin,3,0,3
Tanrisever,3,0,3
Tanriverdi,3,0,3
Tansani,3,0,3
Tansania,0,3,3
Tanse,0,3,3
Tansele,3,0,3
Tansh,3,0,3
Tansheni,0,3,3
Tansila,0,3,3
Tansim,0,3,3
Tansingh,3,0,3
Tantawan,0,3,3
Tantawy,0,3,3
Tanthai,3,0,3
Tanti,0,3,3
Tanto,3,0,3
Tantruide,0,3,3
Tanu,3,0,3
Tanua,3,0,3
Tanue,3,0,3
Tanunuyèng,0,3,3
Tanunyia,0,3,3
Tanura,0,3,3
Tanuscha,0,3,3
Tanushadevi,0,3,3
Tanushka,0,3,3
Tanusja,0,3,3
Tanuyarime,0,3,3
Tanveera,0,3,3
Tanveet,3,0,3
Tanver,3,0,3
Tanvira,0,3,3
Tanwa,3,0,3
Tanwai,3,0,3
Tanwir-Khan,3,0,3
Tanwirah,0,3,3
Tànya,0,3,3
Tánya,0,3,3
Tanya-Natasja,0,3,3
Tanyäna,0,3,3
Tanycha,0,3,3
Tanye,0,3,3
Tanyelie,0,3,3
Tanyka,0,3,3
Tanyne,0,3,3
Tanyro,3,0,3
Tanysa,0,3,3
Tanyscha,0,3,3
Tanyth,0,3,3
Tanytio,3,0,3
Tanyu,3,0,3
Tanzel,3,0,3
Tanzenn,3,0,3
Tanzief,3,0,3
Tanzillurrahman,3,0,3
Tanzir,3,0,3
Taofiq,3,0,3
Taofiqat,0,3,3
Taogia,3,0,3
Taolant,3,0,3
Taomir,3,0,3
Taonga,3,0,3
Taouab,0,3,3
Taouba,0,3,3
Taouban,3,0,3
Taous,0,3,3
Taowen,3,0,3
Taowing,3,0,3
Tap,3,0,3
Tapala,3,0,3
Tapalane,3,0,3
Tapalasiwa,0,3,3
Tapale,3,0,3
Tapanina,0,3,3
Tapashia,0,3,3
Tapashvini,0,3,3
Tapashya,0,3,3
Tapasya,0,3,3
Tapha,3,0,3
Tapharo,3,0,3
Taphelicïa,0,3,3
Taphie,0,3,3
Tapie,0,3,3
Tapiëro,3,0,3
Tapita,0,3,3
Tapitha,0,3,3
Tapjero,3,0,3
Tapley,3,0,3
Tapmahoe,3,0,3
Tapol,0,3,3
Taposi,0,3,3
Tapp,3,0,3
Tapsagar,3,0,3
Tapsira,0,3,3
Tapukura,3,0,3
Tapulanga,0,3,3
Tapumerimje,0,3,3
Taq-Kisra,0,3,3
Taqaddus,0,3,3
Taqdeer,3,0,3
Taqdeerparsad,3,0,3
Taqdhier,3,0,3
Taqdir,3,0,3
Taqieldin,3,0,3
Taqienza,0,3,3
Taqouoa,0,3,3
Taquesha,0,3,3
Taquiero,3,0,3
Taquinius,3,0,3
Taquinta,0,3,3
Taquisha,0,3,3
Taqyah,0,3,3
Târa,0,3,3
Tára,0,3,3
Tara-Ann,0,3,3
Tára-Elise,0,3,3
Tara-Fee,0,3,3
Tara-Jane,0,3,3
Tara-Jay,0,3,3
Tara-Jill,0,3,3
Tara-Joëlle,0,3,3
Tara-Joy,0,3,3
Tara-Joyce,0,3,3
Tara-Lize,0,3,3
Tara-Luna,0,3,3
Tara-Maria,0,3,3
Tara-Milou,0,3,3
Tara-Nôa,0,3,3
Tara-Rowan,0,3,3
Tara-Sam,0,3,3
Tara-Simone,0,3,3
Tara-Talitha,0,3,3
Tara-Wola,3,0,3
Taracio,3,0,3
Taradevi,0,3,3
Tarae,0,3,3
Taraeb,0,3,3
Tarah-Elyse,0,3,3
Tarai,0,3,3
Taraily,0,3,3
Taraja,0,3,3
Tarala,0,3,3
Taralinn,0,3,3
Taram,0,3,3
Taramati,0,3,3
Taran-Jeet,3,0,3
Taranakumarie,0,3,3
Tarandip,3,0,3
Tarane,0,3,3
Taranga,0,3,3
Taranggono,3,0,3
Tarani,0,3,3
Taranis,3,0,3
Taranjeet,0,3,3
Taranjot,0,3,3
Tarannah,0,3,3
Tarannum,0,3,3
Taranpreet,0,3,3
Tarantella,0,3,3
Taranteno,3,0,3
Taranuri,0,3,3
Tarap,3,0,3
Tarapatie,0,3,3
Taraq,3,0,3
Tarasia,0,3,3
Tarateph,3,0,3
Tarathalita,0,3,3
Tarati,0,3,3
Taratiani,0,3,3
Taratipe,0,3,3
Taravarsha,0,3,3
Tarawesh,0,3,3
Taray,3,0,3
Tarayan,3,0,3
Tarayee,0,3,3
Tarba,3,0,3
Tarbula,0,3,3
Tarc,3,0,3
Tarcan,3,0,3
Tarcicio,0,3,3
Tarcies,3,0,3
Tarcila,0,3,3
Tarçin,3,0,3
Tarciscius,3,0,3
Tarcissa,0,3,3
Tarciza,0,3,3
Tarcusius,3,0,3
Tarcy,3,0,3
Tarcysius,3,0,3
Tardes,0,3,3
Tardia,0,3,3
Tardie,0,3,3
Tardjana,0,3,3
Tardjanna,0,3,3
Tarechija,0,3,3
Tarécqh,3,0,3
Tarée,0,3,3
Taree,0,3,3
Tareena,0,3,3
Tareja,0,3,3
Tarèk,3,0,3
Tarel,3,0,3
Tarela,0,3,3
Tarelayefa,0,3,3
Tarele,0,3,3
Tarell,3,0,3
Tarelle,0,3,3
Tàren,3,0,3
Tarende,3,0,3
Tarendra,3,0,3
Tarenkumar,3,0,3
Tarèsh,3,0,3
Taresh,3,0,3
Taresha,0,3,3
Tareysha,0,3,3
Targa,0,3,3
Targiannie,0,3,3
Targrenthia,0,3,3
Tarhan,3,0,3
Tarhanpersad,3,0,3
Taria,0,3,3
Taria-Ann,0,3,3
Tariah,0,3,3
Tarian,3,0,3
Tariana,0,3,3
Tarianna,0,3,3
Tariapone,3,0,3
Tarica,0,3,3
Tarich,3,0,3
Tarichena,0,3,3
Tarichey,3,0,3
Tarickson,3,0,3
Taridie,3,0,3
Tariebi,0,3,3
Tarieg,3,0,3
Tariél,3,0,3
Tariel,0,3,3
Tariëlle,0,3,3
Tariën,3,0,3
Tarieq,3,0,3
Tariere,0,3,3
Tarifah,0,3,3
Tarih,0,3,3
Tarijm,0,3,3
Tarik-Taha,3,0,3
Tarikawit,0,3,3
Tarikh,3,0,3
Tariko,3,0,3
Tarilyn,0,3,3
Tarinah,0,3,3
Tarinde,0,3,3
Taringe,0,3,3
Tarinie,0,3,3
Tarino,3,0,3
Tariño,3,0,3
Tarinthe,0,3,3
Tario,3,0,3
Tariona,0,3,3
Táriq,3,0,3
Taríq,3,0,3
Tariq-Aziz,3,0,3
Tariq-Jacé,3,0,3
Tariqa,0,3,3
Tariqah,0,3,3
Tariqali,3,0,3
Tariqh,3,0,3
Tarique-Ali,3,0,3
Tariro,0,3,3
Taris,3,0,3
Tarisai,0,3,3
Tarischa,0,3,3
Tarischca,0,3,3
Tarishelle,0,3,3
Tarishi,0,3,3
Tarisma,0,3,3
Tariza,0,3,3
Tarjah,3,0,3
Tarjan,3,0,3
Tarje,3,0,3
Tarjomé,0,3,3
Tarjomie,0,3,3
Tarjot,0,3,3
Tarke,3,0,3
Tarkinah,0,3,3
Tarkoah,0,3,3
Tarkoh,3,0,3
Tarlan,3,0,3
Tárlanèh,0,3,3
Tarlanh,3,0,3
Tarlochanjit,3,0,3
Tarly,0,3,3
Tarmidi,3,0,3
Tarmidja,0,3,3
Tarmie,0,3,3
Tarminder,0,3,3
Tarmini,0,3,3
Tarmon,3,0,3
Tarnaz,3,0,3
Tarne,3,0,3
Tarnish-Trikant,3,0,3
Taroci,0,3,3
Taroenkoemar,3,0,3
Tarog,3,0,3
Tarokh,3,0,3
Taromé,0,3,3
Taromy,0,3,3
Tarone,0,3,3
Taroola,0,3,3
Taropafadzwa,3,0,3
Tarpan,3,0,3
Tarpena,0,3,3
Tarquinia,0,3,3
Tarquínia,0,3,3
Tarquino,3,0,3
Tarrah,0,3,3
Tarrall,3,0,3
Tarrant,3,0,3
Tarrarex,3,0,3
Tarre,3,0,3
Tarreau,3,0,3
Tarrek,3,0,3
Tárren,3,0,3
Tarren,0,3,3
Tarriannah,3,0,3
Tarrick,3,0,3
Tarrik,3,0,3
Tarro,3,0,3
Tarryl,3,0,3
Tarsha,0,3,3
Tarsí,0,3,3
Tarsia,0,3,3
Tarsica,3,0,3
Tarsicus,3,0,3
Tarsina,0,3,3
Tarsius,3,0,3
Tarske,3,0,3
Tarsselino,3,0,3
Tarsylia,0,3,3
Tarsz,3,0,3
Tart,3,0,3
Tartian,3,0,3
Tartitius,3,0,3
Tarukallo,3,0,3
Tarunadebie,0,3,3
Tarush,3,0,3
Tarutrajyot,3,0,3
Tarvyonne,3,0,3
Tarwa,0,3,3
Tarwan,3,0,3
Tarwendy,3,0,3
Tary,0,3,3
Taryan,3,0,3
Taryl,0,3,3
Tarýn,3,0,3
Tarysha,0,3,3
Taryssa,0,3,3
Tarzich,3,0,3
Tarzzan,3,0,3
Tasa,0,3,3
Tasal,3,0,3
Tasalie,0,3,3
Tasara,0,3,3
Tasawer,3,0,3
Tasbieh,0,3,3
Tasbih,0,3,3
Tasca,3,0,3
Tascany,0,3,3
Tasch,3,0,3
Taschalio,3,0,3
Tascharon,3,0,3
Taschelna,0,3,3
Taşdan,3,0,3
Taseefa,0,3,3
Taseenali,3,0,3
Tasel,3,0,3
Tashaayna,0,3,3
Tashaely,0,3,3
Tashaily,0,3,3
Tashainy,0,3,3
Tashan,3,0,3
Tashandra,0,3,3
Tashaney,0,3,3
Tashani,0,3,3
Tashania,0,3,3
Tashanna,0,3,3
Tashantelly,0,3,3
Tashanti,0,3,3
Tashanto,3,0,3
Tashanty,0,3,3
Tashara,0,3,3
Tasharaily,0,3,3
Tasharel,0,3,3
Tasharion,3,0,3
Tasharna,0,3,3
Tashawn,3,0,3
Tashay,0,3,3
Tashaynara,0,3,3
Tashca,0,3,3
Tashe'dee,0,3,3
Tasheed,3,0,3
Tasheen,0,3,3
Tasheena,0,3,3
Tasheera,0,3,3
Tashell,0,3,3
Tashelly,0,3,3
Tashena,0,3,3
Tasheni,0,3,3
Tasheny,0,3,3
Tasheya,0,3,3
Tashfin,3,0,3
Tashfoun,3,0,3
Tashïana,0,3,3
Tashika,0,3,3
Tashili,0,3,3
Tashinique,0,3,3
Tashirah,0,3,3
Tashiri,0,3,3
Tashiro,3,0,3
Tashita,0,3,3
Tashjira,0,3,3
Tashka,0,3,3
Tashlima,0,3,3
Tashlimaa,0,3,3
Tashmanaly,0,3,3
Tashmaree,0,3,3
Tashmarey-Anne,0,3,3
Tashmeera,0,3,3
Tashmelin,0,3,3
Tashmia,0,3,3
Tashmin,0,3,3
Tashmine,0,3,3
Tashmira,0,3,3
Tashmiriali,0,3,3
Tashmyn,0,3,3
Tashu,3,0,3
Tashumco,3,0,3
Tashungko,3,0,3
Tashunka,3,0,3
Tashwien,3,0,3
Tashya,0,3,3
Tashyana,0,3,3
Tashylla,0,3,3
Tashziño,3,0,3
Tashzmira,0,3,3
Tasiano,3,0,3
Tasiara,0,3,3
Tasierra,0,3,3
Tasilio,3,0,3
Tâsim,3,0,3
Tasina,0,3,3
Tasir,3,0,3
Tasira,0,3,3
Tasirah,0,3,3
Tasisa,0,3,3
Tasiyana,0,3,3
Tasjadewi,0,3,3
Tasjhanna,0,3,3
Tasjka,0,3,3
Tasjmien,0,3,3
Taska,0,3,3
Tasleema,0,3,3
Tasleena,0,3,3
Tasley,0,3,3
Tasliemagatoen,0,3,3
Taslien,0,3,3
Taslimah,0,3,3
Tasline,0,3,3
Tasman,3,0,3
Tasmayris,0,3,3
Tasmeen,0,3,3
Tasmi-jah,0,3,3
Tasmiah,0,3,3
Tasmiat,0,3,3
Tasmid,3,0,3
Tasmina,0,3,3
Tasmir,3,0,3
Tasmunah,0,3,3
Tasnem,0,3,3
Tasnieme,0,3,3
Tasnien,0,3,3
Tasním,0,3,3
Tasnin,0,3,3
Tasoela,0,3,3
Tasos,3,0,3
Tasrijah,0,3,3
Tasroni,3,0,3
Tass,3,0,3
Tassa,0,3,3
Tassaddag,3,0,3
Tassana,0,3,3
Tassara,0,3,3
Tassawar,3,0,3
Tassawer,3,0,3
Tassi,3,0,3
Tassica,0,3,3
Tassija,0,3,3
Tassili,0,3,3
Tassilimy,3,0,3
Tassine,0,3,3
Tassjedi,0,3,3
Tassjiana,0,3,3
Tassnime,0,3,3
Tassos,3,0,3
Tastischen,0,3,3
Tasu,3,0,3
Tasvir,0,3,3
Taswen,0,3,3
Taswin,3,0,3
Tasya,0,3,3
Tasyana,0,3,3
Tasyem,0,3,3
Taszniem,0,3,3
Tât,3,0,3
Tata-Novia,3,0,3
Tatagba,0,3,3
Tatakh,3,0,3
Tatalia,0,3,3
Tatang,3,0,3
Tatanga,3,0,3
Tatannia,0,3,3
Tatavoss,3,0,3
Tatcha,0,3,3
Taté,0,3,3
Tatelijne,0,3,3
Tatewari,3,0,3
Tatewik,0,3,3
Tathagata,0,3,3
Tatheus,3,0,3
Tathevic,0,3,3
Täthizouka,3,0,3
Tàti,3,0,3
Tatiaana,0,3,3
Tatian,0,3,3
Tatiàna,0,3,3
Tatiani,0,3,3
Tatiara,0,3,3
Taticha,0,3,3
Tatie,3,0,3
Tatiënne,0,3,3
Tatika,0,3,3
Tatil,3,0,3
Tatina,0,3,3
Tatine,0,3,3
Tatisha,0,3,3
Tatjena,0,3,3
Tatjenna,0,3,3
Tatjiana,0,3,3
Tatjonko,3,0,3
Tatlé,0,3,3
Tatlı,3,0,3
Tatli,3,0,3
Tatnushka,0,3,3
Tatoe,0,3,3
Tatschara,0,3,3
Tatshana,0,3,3
Tatshara,0,3,3
Tatshree,3,0,3
Tatsu,3,0,3
Tatsuki,3,0,3
Tatsuniya,0,3,3
Tattanicha,0,3,3
Tatté,0,3,3
Tatti,0,3,3
Tattisow,3,0,3
Tattjan,0,3,3
Tattjana,0,3,3
Tattje,3,0,3
Tátum,0,3,3
Tatüm,0,3,3
Tatum-Petronella,0,3,3
Tatunka,3,0,3
Tatvan,0,3,3
Tatya,0,3,3
Tatyônie,0,3,3
Tatziana,0,3,3
Tauba,0,3,3
Taubah,0,3,3
Taube,0,3,3
Tauck,3,0,3
Taudiel,3,0,3
Taudilya,0,3,3
Taueren,3,0,3
Tauf,3,0,3
Taufani,0,3,3
Taufeeq,3,0,3
Taufeique,3,0,3
Taufic,3,0,3
Taufieg,3,0,3
Tauka,0,3,3
Taukier,3,0,3
Taumar,3,0,3
Tauraen,3,0,3
Tauréan,3,0,3
Tauren,3,0,3
Taurese,3,0,3
Taurín,3,0,3
Taurin,3,0,3
Tauro,3,0,3
Tauru,0,3,3
Taury,3,0,3
Tauryana,0,3,3
Tauseef,3,0,3
Tauseeq,3,0,3
Tausha,0,3,3
Taushif,3,0,3
Tausia,0,3,3
Tausifah,0,3,3
Tausshar,3,0,3
Tauviek,3,0,3
Tauvik,3,0,3
Tavan,0,3,3
Tavane,0,3,3
Tavania,0,3,3
Tavarel,3,0,3
Tavarys,3,0,3
Tavasja,0,3,3
Tavasya,0,3,3
Taveal,3,0,3
Tavellie,3,0,3
Taveon,3,0,3
Taveras,3,0,3
Taverdu,3,0,3
Tavfik,3,0,3
Taví,3,0,3
Taviah,0,3,3
Tavianisha,0,3,3
Tavianty,0,3,3
Tavid,3,0,3
Tavienne,0,3,3
Tavier,0,3,3
Taviërney,3,0,3
Tavincio,3,0,3
Tavinho,3,0,3
Tavinyo,3,0,3
Tavion,3,0,3
Tavique,0,3,3
Tavira,0,3,3
Taviraldo,3,0,3
Tavisag,3,0,3
Tavisha,0,3,3
Tavitha,0,3,3
Taviya,3,0,3
Taviza,0,3,3
Tavke,0,3,3
Tavor,3,0,3
Távora,0,3,3
Tavoy,3,0,3
Tavrin,0,3,3
Taw,0,3,3
Tawaf,3,0,3
Tawajoerang,3,0,3
Tawakal,3,0,3
Tawakalitu,0,3,3
Tawakayarè,3,0,3
Tawanda,3,0,3
Tawanon,3,0,3
Tawapore,3,0,3
Tawara,0,3,3
Tawatha,0,3,3
Tawba,0,3,3
Tawêloro,0,3,3
Tawer-Tua,3,0,3
Tawfic,3,0,3
Tawfiek,3,0,3
Tawfieq,3,0,3
Tawhera,0,3,3
Tawhidpanah,3,0,3
Tawhidullah,3,0,3
Tawhiwhi,0,3,3
Tawi,0,3,3
Tawiel,3,0,3
Tawiez,3,0,3
Tawily,3,0,3
Tawisa,0,3,3
Tawita,0,3,3
Tawneh,0,3,3
Tawni,0,3,3
Tawona,3,0,3
Tawonoriemje,0,3,3
Tawri,3,0,3
Tawwab,3,0,3
Taxceira,0,3,3
Taxiarchis,3,0,3
Taxiera,0,3,3
Taxon,3,0,3
Taý,3,0,3
Tay'shon,3,0,3
Tay'xadrëan,3,0,3
Tay-Ann,0,3,3
Tay-isha,0,3,3
Tay-ishja,0,3,3
Tay-Jeanny,0,3,3
Tay-Lee,0,3,3
Tay-Lisha,0,3,3
Tay-Natey,0,3,3
Tay-Rise,0,3,3
Tay-Shaun,3,0,3
Tay-son,3,0,3
Tayaba,0,3,3
Tayabhoesein,3,0,3
Tayaib,3,0,3
Tayalee,3,0,3
Tayam,3,0,3
Tayamara,0,3,3
Tayamika,3,0,3
Tayanç,3,0,3
Tayanita,0,3,3
Tayanna,0,3,3
Tayao,3,0,3
Tayara,0,3,3
Tayario,3,0,3
Tayb,3,0,3
Taybah,0,3,3
Taybenur,0,3,3
Tayberly,0,3,3
Taybet,0,3,3
Taybou,0,3,3
Taycha,0,3,3
Taycher,0,3,3
Taychuck,3,0,3
Taycko,3,0,3
Tayco,3,0,3
Taydal,3,0,3
Taydensy,3,0,3
Taydon,3,0,3
Tayeba,0,3,3
Tayeeb,3,0,3
Tayeesha,0,3,3
Tayeevah,0,3,3
Tayel,3,0,3
Tayélla,0,3,3
Tayèn,0,3,3
Tayen,3,0,3
Tayendo,3,0,3
Tayendra,0,3,3
Tayenir,3,0,3
Tayenta,0,3,3
Tayentely,0,3,3
Tayesha,0,3,3
Tayf,3,0,3
Tayfen,3,0,3
Tayfuncan,3,0,3
Tayfurcan,3,0,3
Tayfurefe,3,0,3
Taygel,3,0,3
Taygeorni,3,0,3
Taygetha,0,3,3
Taygeti,0,3,3
Tayğun,3,0,3
Taygun,3,0,3
Tayguncan,3,0,3
Tayhina,0,3,3
Tayhisha,0,3,3
Tayhna,0,3,3
Tayibu,0,3,3
Tayicha,0,3,3
Tayil,3,0,3
Tayino,3,0,3
Tayisa,0,3,3
Tayisia,0,3,3
Tayjiro,3,0,3
Tayke,3,0,3
Taykisha,0,3,3
Taylar,0,3,3
Tayle,3,0,3
Taylery,3,0,3
Taylia,0,3,3
Taylies,0,3,3
Taylin,0,3,3
Taylina,0,3,3
Taylis,3,0,3
Taylisha,0,3,3
Taylor-Ann,0,3,3
Taylor-Jae,3,0,3
Taylor-Mace,3,0,3
Taylusca,0,3,3
Taylynn,0,3,3
Tayma,0,3,3
Taymak,3,0,3
Taymar,3,0,3
Taymara,0,3,3
Taymaro,3,0,3
Tayme,3,0,3
Taymira,0,3,3
Taymiyah,3,0,3
Taymiyyah,0,3,3
Taymoer,3,0,3
Tayná,0,3,3
Taynah,0,3,3
Tayneisha,0,3,3
Tayner,0,3,3
Taynia,0,3,3
Taynís,0,3,3
Taynisia,0,3,3
Taynison,3,0,3
Tayno,3,0,3
Taynousha,0,3,3
Tayona,0,3,3
Tayoniqua,3,0,3
Tayou,3,0,3
Tayra-Lee,0,3,3
Tayran,3,0,3
Tayreece,3,0,3
Tayrees,3,0,3
Tayreesha,0,3,3
Tayrel,3,0,3
Tayrence,3,0,3
Tayrengello,3,0,3
Tayrese,3,0,3
Tayresse,3,0,3
Tayrha,0,3,3
Tayri,0,3,3
Tayric,3,0,3
Tayrich,3,0,3
Tayricha,0,3,3
Tayrichainy,0,3,3
Tayrick,3,0,3
Tayriënne,0,3,3
Tayrik,3,0,3
Tayrinho,3,0,3
Tayrino,3,0,3
Tayriq,3,0,3
Tayriqco,3,0,3
Tayrison,3,0,3
Tayrissa,0,3,3
Tayroon,3,0,3
Tayrow,3,0,3
Tayrrell,3,0,3
Tayrun,3,0,3
Taysa,0,3,3
Taysan,3,0,3
Tayseer,3,0,3
Tayshainely,0,3,3
Tayshainy,0,3,3
Tayshana,0,3,3
Tayshaune,3,0,3
Taysheena,0,3,3
Taysheny,0,3,3
Taysheron,3,0,3
Tayshia,0,3,3
Tayshira,0,3,3
Taysmary,0,3,3
Taýssa,0,3,3
Tayte,0,3,3
Tayton,3,0,3
Tayu,0,3,3
Tayuanna,0,3,3
Tayumara,0,3,3
Tayur,3,0,3
Tayvery,3,0,3
Tayviëntely,0,3,3
Tayvun,3,0,3
Tayxentely,0,3,3
Tayyaib,3,0,3
Tayyeb,3,0,3
Tayyeba,0,3,3
Tayzaro,3,0,3
Taz,3,0,3
Tazaïra,0,3,3
Tazanu,3,0,3
Tazara,0,3,3
Tazayyun,3,0,3
Taze,3,0,3
Tazeem,3,0,3
Tazeena,0,3,3
Tazía,0,3,3
Taziamara,0,3,3
Taziem,3,0,3
Tazim,3,0,3
Tazir,3,0,3
Tazjean,3,0,3
Tazkiya,0,3,3
Tazmin,3,0,3
Tazneem,0,3,3
Tazoë,0,3,3
Tazuko,0,3,3
Tazy,0,3,3
Tazz,3,0,3
TBA,3,0,3
TBM,3,0,3
Tcacika,0,3,3
Tceike,0,3,3
Tcha,3,0,3
Tchad,3,0,3
Tchain,3,0,3
Tchaja,0,3,3
Tchaka,3,0,3
Tchamile,3,0,3
Tchamkura,0,3,3
Tchan,3,0,3
Tchanou,3,0,3
Tchapet,0,3,3
Tchar-Ruan,0,3,3
Tcharles,3,0,3
Tchavi,3,0,3
Tchavosh,3,0,3
Tchayen,0,3,3
Tche,3,0,3
Tchedjo,0,3,3
Tchena,0,3,3
Tchenta,0,3,3
Tcherina,0,3,3
Tchester,3,0,3
Tchi,3,0,3
Tchiarra,0,3,3
Tchicoty,0,3,3
Tchiefong,3,0,3
Tchierklo,0,3,3
Tchinosole,3,0,3
Tchiong,0,3,3
Tchissola,0,3,3
Tchissy,0,3,3
Tchitula,0,3,3
Tchiyo,0,3,3
Tchiyulai-Khan,3,0,3
Tchokouango,3,0,3
Tchonkam,3,0,3
Tchoukoua,0,3,3
Tchowen,0,3,3
Tchuendem,0,3,3
Tchywan,3,0,3
Tcivor,3,0,3
TCW,0,3,3
Tdjayden,3,0,3
Tdjee,3,0,3
Te'jaja,0,3,3
Te'keyah,0,3,3
Te'shawn,3,0,3
Te'yana,0,3,3
Te-amo,0,3,3
Té-Farai,0,3,3
Te-licha,0,3,3
Te-Shaun,3,0,3
Té-Shawn,3,0,3
Teâ,3,0,3
Teá,0,3,3
Tea-Rixt,0,3,3
Teacha,0,3,3
Teacher,3,0,3
Teacke,3,0,3
Teackele,3,0,3
Teaco,3,0,3
Teaden,3,0,3
Teaghan,0,3,3
Teah,0,3,3
Teaivon,3,0,3
Teajeale,0,3,3
Teaké,3,0,3
Teakelina,0,3,3
Teakla,0,3,3
Tealas,3,0,3
Tealinda,0,3,3
Teamaa,0,3,3
Téan,3,0,3
Teana,0,3,3
Teana-yistillin,3,0,3
Teani,0,3,3
Teanka,0,3,3
Teann,0,3,3
Teano,3,0,3
Téano,3,0,3
Teaque,3,0,3
Teara,0,3,3
Tearde,3,0,3
Teardsche,0,3,3
Tearsa,0,3,3
Teartske,0,3,3
Teaschke,0,3,3
Teasha,0,3,3
Teatche,0,3,3
Teatie,0,3,3
Teatske-Anne,0,3,3
Teb,3,0,3
Teba,0,3,3
Téba'azwe,3,0,3
Tebaa,0,3,3
Tebah,0,3,3
Tebalja,3,0,3
Tebanyen,0,3,3
Tebaraak,3,0,3
Tebarik,0,3,3
Tebatajabwe,0,3,3
Tebbine,0,3,3
Tebe,0,3,3
Tébè,3,0,3
Tebessüm,0,3,3
Tebetah,0,3,3
Tebetta,0,3,3
Tebinus,3,0,3
Tebita,0,3,3
Tebo,3,0,3
Teboah,3,0,3
Teboǵo,3,0,3
Tébra,0,3,3
Tebris,3,0,3
Tebua,0,3,3
Tebuah,0,3,3
Tecala,0,3,3
Tecelley,0,3,3
Tecem,0,3,3
Tecgwyn,0,3,3
Techinco,3,0,3
Techira,0,3,3
Techiro,3,0,3
Techiya,0,3,3
Techomar,3,0,3
Teciëro,3,0,3
Tecilla,0,3,3
Téclaire,0,3,3
Teclan,3,0,3
Teclasius,3,0,3
Teclit,3,0,3
Tecula,0,3,3
Tecysia,0,3,3
Ted-Hung,3,0,3
Ted-Jan,3,0,3
Ted-Khin,3,0,3
Ted-Khong,3,0,3
Ted-On,3,0,3
Tedashvi,3,0,3
Tedco,3,0,3
Tedder,3,0,3
Tedderius,3,0,3
Teddie-Lily,0,3,3
Teddie-Lynn,0,3,3
Teddrick,3,0,3
Teddy-Art,3,0,3
Teddy-Fee,0,3,3
Teddy-john,3,0,3
Teddy-Jolie,0,3,3
Teddy-Mae,0,3,3
Teddy-Sophie,0,3,3
Tedeline,0,3,3
Tederick,3,0,3
Tedéus,3,0,3
Tedina,0,3,3
Tedjan,3,0,3
Tedjaswita,0,3,3
Tedjesvariedebie,0,3,3
Tedjini,3,0,3
Tedjwatie,0,3,3
Tedla,3,0,3
Tedmond,3,0,3
Tedores,3,0,3
Tedrionsherick,3,0,3
Tedson,3,0,3
Tedxy,3,0,3
Tedyano,3,0,3
Tedysha,0,3,3
TEE,0,3,3
Tee-jay,3,0,3
Teecla,0,3,3
Teedjsing,3,0,3
Teedske,0,3,3
Teegan,0,3,3
Teekela,0,3,3
Teeken,3,0,3
Teekes,3,0,3
Teekia,0,3,3
Teekla,0,3,3
Teela,0,3,3
Tëela,0,3,3
Teeleigh,0,3,3
Teelie,0,3,3
Teelje,0,3,3
Teelken,0,3,3
Teelkienus,3,0,3
Teemu,3,0,3
Teemz,3,0,3
Teëna,0,3,3
Teenamarie,0,3,3
Teeoka,0,3,3
Teep,3,0,3
Teepakorn,3,0,3
Teepan,3,0,3
Teer,3,0,3
Teera,3,0,3
Teerapat,3,0,3
Teeraphum,3,0,3
Teerdze,3,0,3
Teero,3,0,3
Teersiah,0,3,3
Teertje,0,3,3
Teescha,0,3,3
Teeshan,0,3,3
Teeshyano,3,0,3
Teesjon,3,0,3
Teesta,0,3,3
Teeth,3,0,3
Teetie,0,3,3
Teets,3,0,3
Teeuwe,3,0,3
Teew,3,0,3
Teewisz,3,0,3
Teewon,0,3,3
Teeyay,3,0,3
Teeym,3,0,3
Teeyona,0,3,3
Tef,3,0,3
Tefacha,0,3,3
Tefani,0,3,3
Tefanie,0,3,3
Tefary,3,0,3
Tefca,0,3,3
Tefeio,0,3,3
Tefera,0,3,3
Tefje,0,3,3
Teflon,3,0,3
Tefneth,3,0,3
Tegai,3,0,3
Tegalawi,3,0,3
Tegeïst,0,3,3
Teggo,3,0,3
Teghla,0,3,3
Teghlat,3,0,3
Tegina,0,3,3
Teglat,3,0,3
Teglath,3,0,3
Tego,3,0,3
Tegonia,0,3,3
Teha,3,0,3
Tehamana,0,3,3
Tehan,3,0,3
Tehanie,0,3,3
Tehany,0,3,3
Tehaya,0,3,3
Teheresia,0,3,3
Tehetena,0,3,3
Tehilläh,0,3,3
Tehlil,3,0,3
Tehmeena,0,3,3
Tehné,0,3,3
Tehnee,0,3,3
Tehniyat,0,3,3
Tehoen,3,0,3
Tehra,0,3,3
Tehreen,0,3,3
Tehsham,3,0,3
Tehsin,3,0,3
Tehung,3,0,3
Tehupura,0,3,3
Tehuti,3,0,3
Tehya,3,0,3
Teichien,0,3,3
Teida,0,3,3
Teigan,0,3,3
Teigen'Grey,0,3,3
Teigst,0,3,3
Teih,3,0,3
Teij,3,0,3
Teije-Louis,3,0,3
Teijette,0,3,3
Teijme,3,0,3
Teijõ,3,0,3
Teiju,3,0,3
Teik,3,0,3
Teile,0,3,3
Teilhard,3,0,3
Teilo,3,0,3
Teima,0,3,3
Teimer,3,0,3
Teimuras,3,0,3
Teirisha,0,3,3
Teisse,3,0,3
Teitert,3,0,3
Teitina,0,3,3
Teiwi,0,3,3
Teiwina,0,3,3
Teixera,0,3,3
Teiyaam,0,3,3
Téja,0,3,3
Teja-Margaretha,0,3,3
Tejaash,3,0,3
Tejadoortje,0,3,3
Tejai,3,0,3
Tejana,0,3,3
Tejara,0,3,3
Tejashvani,0,3,3
Tejaswi,0,3,3
Tejaswini,0,3,3
Téjay,3,0,3
Tejbahadoer,3,0,3
Teje,3,0,3
Tejeddine,3,0,3
Tejesveer,3,0,3
Tejeuw,3,0,3
Tejhasvarie,0,3,3
Tejheswanie,0,3,3
Téjiba,0,3,3
Tejiri,3,0,3
Tejkirat,3,0,3
Téjo,3,0,3
Tejon,3,0,3
Tejs,3,0,3
Teju,3,0,3
Tejuna,0,3,3
Tejvir,3,0,3
Tekai,3,0,3
Tékakwita,0,3,3
Téke,3,0,3
Tèke-Jan,3,0,3
Tekeliena,0,3,3
Tekelina,0,3,3
Tekena,3,0,3
Tekesha,0,3,3
Tekeste,3,0,3
Tekiciya,0,3,3
Tekinefe,3,0,3
Tekjwok,0,3,3
Tékla,0,3,3
Teklay,0,3,3
Teklé,3,0,3
Teklehaimanot,0,3,3
Teklelikaël,3,0,3
Têko,3,0,3
Teko-Jan,3,0,3
Tekoyah,3,0,3
Teksana,0,3,3
Teksen,3,0,3
Tekwhan,3,0,3
Tekylia,0,3,3
Tela-diei,0,3,3
Telaan,0,3,3
Telahun,3,0,3
Telal,3,0,3
Telät,3,0,3
Telawang,3,0,3
Telaya,0,3,3
Telaye,3,0,3
Teldera,0,3,3
Teldina,0,3,3
Tele,3,0,3
Teleah,0,3,3
Télémaque,3,0,3
Telenn,0,3,3
Telenus,3,0,3
Telephora,0,3,3
Telesfoor,3,0,3
Telésforo,3,0,3
Telesphore,3,0,3
Telesphorina,0,3,3
Telexa,0,3,3
Telezah,0,3,3
Telgens,3,0,3
Telgia,0,3,3
Telha,3,0,3
Telia,0,3,3
Telinie,0,3,3
Teljawar,3,0,3
Teljien,0,3,3
Telke,0,3,3
Téllamo,3,0,3
Tellervö,0,3,3
Tellu,0,3,3
Telly-Boy,3,0,3
Telmedith,0,3,3
Telmen,3,0,3
Telmin,3,0,3
Telnisha,0,3,3
Teloo,3,0,3
Telossan,0,3,3
Telsa,0,3,3
Telsche,0,3,3
Telsy,0,3,3
Tèlugetos,3,0,3
Telysha,0,3,3
Temabor,3,0,3
Temahra,0,3,3
Temam,0,3,3
Temani,3,0,3
Temar,0,3,3
Temayca,0,3,3
Tembo,3,0,3
Temby,0,3,3
Teme,0,3,3
Temecha,0,3,3
Temehra,0,3,3
Temeluch,0,3,3
Temen,3,0,3
Temenite,0,3,3
Tementa,3,0,3
Tèmer,3,0,3
Temewei,3,0,3
Témic,3,0,3
Temidire,3,0,3
Temidun,0,3,3
Temiem,3,0,3
Temilade,0,3,3
Temilja,0,3,3
Temilope,0,3,3
Temimah,0,3,3
Temin,3,0,3
Temis,0,3,3
Temitokpè,0,3,3
Temitola,0,3,3
Temitopè,3,0,3
Témitope,0,3,3
Temituoyo,0,3,3
Temiya,0,3,3
Temiz,0,3,3
Temliha,3,0,3
Temm,0,3,3
Temmi,0,3,3
Temminus,3,0,3
Temmoedzjin,3,0,3
Témo,3,0,3
Temo,0,3,3
Temoana,0,3,3
Temodjin,3,0,3
Temoe,0,3,3
Temoedsjin,3,0,3
Temoor,3,0,3
Temora,0,3,3
Temour-,3,0,3
Tempera,0,3,3
Tempgina,0,3,3
Tempke,0,3,3
Temple,0,3,3
Templeton,3,0,3
Temra,0,3,3
Temro,3,0,3
Temse,0,3,3
Temucin,3,0,3
Temuçin,3,0,3
Temudgin,3,0,3
Temudjin,3,0,3
Temüdjin,3,0,3
Temuero,3,0,3
Tëmujin-Khan,3,0,3
Temuujin,3,0,3
Temwa,3,0,3
Temwanani,3,0,3
Temwani,3,0,3
Temwanji,3,0,3
Ten-Sien,3,0,3
Ten-Soeng,3,0,3
Tenada,0,3,3
Tenaga,3,0,3
Tenaissely,0,3,3
Tenana,3,0,3
Tenangelo,3,0,3
Tenanje,0,3,3
Tenata,0,3,3
Tenay,0,3,3
Tenaysha,0,3,3
Tenbertha,0,3,3
Tenbertus,3,0,3
Tenbur,3,0,3
Tence,3,0,3
Tencenay,0,3,3
Tenco,3,0,3
Tency,0,3,3
Tenda,0,3,3
Tenday,0,3,3
Tende,0,3,3
Tendra,0,3,3
Tenecia,0,3,3
Teneesha,0,3,3
Tenefrancia,0,3,3
Teneisha,0,3,3
Tenende,3,0,3
Tenente,3,0,3
Tenera,0,3,3
Teneré,3,0,3
Tenessity,0,3,3
Tenewaah,0,3,3
Teneylle,3,0,3
Teng-Fei,3,0,3
Teng-Li,3,0,3
Tenga,3,0,3
Tengè,0,3,3
Tengfai,3,0,3
Tengnagell,0,3,3
Tenguh,0,3,3
Tengwai,3,0,3
Tengxia,3,0,3
Teni,0,3,3
Tenia,0,3,3
Tenichia,0,3,3
Tenika,0,3,3
Ténille,0,3,3
Tenilson,3,0,3
Ténin,3,0,3
Teningbè,0,3,3
Teninio,3,0,3
Teninke,0,3,3
Teniqua,0,3,3
Tenise,0,3,3
Tenishia,0,3,3
Tenishiya,0,3,3
Tenita,0,3,3
Tenjin,3,0,3
Tenkoramaah,0,3,3
Tenkyong,3,0,3
Tenley-Jane,0,3,3
Tenli,0,3,3
Tenlychio,3,0,3
Tenman,0,3,3
Tennant,3,0,3
Tennaz,0,3,3
Tennen,3,0,3
Tennessy,0,3,3
Tennio,3,0,3
Tennyson,3,0,3
Tenoeska,0,3,3
Tenpa,3,0,3
Tenq,3,0,3
Tenri,0,3,3
Tenriabeng,0,3,3
Tensae,0,3,3
Tensael,3,0,3
Tensang,3,0,3
Tensen,3,0,3
Tenshin,0,3,3
Tensina,0,3,3
Tenson,3,0,3
Tensy,0,3,3
Tentai,3,0,3
Tentie,3,0,3
Tentrem,0,3,3
Tenuja,0,3,3
Tenusha,0,3,3
Tenyeng,0,3,3
Tenynke,0,3,3
Tenyo,3,0,3
Tenyscha,0,3,3
Tenyshia,0,3,3
Tenze,0,3,3
Tenzeela,0,3,3
Tenzen,3,0,3
Tenzigh,3,0,3
Tenzil,0,3,3
Tenzinio,3,0,3
Tenzo,3,0,3
Tèo,3,0,3
Teo-Jan,3,0,3
Teobalda,0,3,3
Teobaldo,3,0,3
Teodohr,3,0,3
Teodolinda,0,3,3
Teodomira,0,3,3
Teodomiro,3,0,3
Teodorah,0,3,3
Teodore,3,0,3
Teodores,3,0,3
Teodorov,3,0,3
Téodorre,3,0,3
Teodósio,3,0,3
Teofe,0,3,3
Teofielo,3,0,3
Teófila,0,3,3
Teofili,0,3,3
Teofilus,3,0,3
Teofo,3,0,3
Teola,0,3,3
Teolien,0,3,3
Teoma,3,0,3
Teomar,3,0,3
Teomara,0,3,3
Teomari,3,0,3
Téon,3,0,3
Teonar,3,0,3
Teone,0,3,3
Teoriekus,3,0,3
Teoriena,0,3,3
Teorina,0,3,3
Teos,3,0,3
Teotardus,3,0,3
Teothoon,3,0,3
Teotista,3,0,3
Teotiste,0,3,3
Teotonio,3,0,3
Teovilus,3,0,3
Tep,0,3,3
Tepaul,3,0,3
Téphanie,0,3,3
Tephilla,0,3,3
Teply,3,0,3
Tepsche,0,3,3
Tequenica,0,3,3
Tequiero,3,0,3
Tequilla,0,3,3
Tequiro,3,0,3
Tequisha,0,3,3
Ter,3,0,3
Teradora,0,3,3
Teraicha,0,3,3
Teralani,0,3,3
Terana,0,3,3
Terangelly,0,3,3
Terango,3,0,3
Teranno,3,0,3
Terão,3,0,3
Teraya,0,3,3
Terayshia,0,3,3
Tercereau,3,0,3
Tercero,3,0,3
Tercicius,3,0,3
Terciera,0,3,3
Tercilia,0,3,3
Tercio,3,0,3
Terdad,3,0,3
Terdy,3,0,3
Terecita,0,3,3
Terees,0,3,3
Tereesia,0,3,3
Tereixia,0,3,3
Terels,3,0,3
Terenc,3,0,3
Terenca,0,3,3
Térence,3,0,3
Terence-John,3,0,3
Terence-Lee,3,0,3
Térence-William,3,0,3
Terenci,3,0,3
Terenety,3,0,3
Terenya,0,3,3
Terenza,0,3,3
Terenzo,3,0,3
Tererai,3,0,3
Térès,0,3,3
Tereśa,0,3,3
Teresa-Sala,0,3,3
Tereschna,0,3,3
Térese,0,3,3
Tereseta,0,3,3
Teresi,0,3,3
Teresia-Benedicta,0,3,3
Teresie,0,3,3
Téresieta,0,3,3
Teresilia,0,3,3
Teresius,3,0,3
Teresse,0,3,3
Teresxa,0,3,3
Teresy,3,0,3
Terèsz,0,3,3
Téréz,0,3,3
Térez,0,3,3
Téréza,0,3,3
Tereża,0,3,3
Terèza,0,3,3
Teréza,0,3,3
Teréze,0,3,3
Terézi,0,3,3
Térézia,0,3,3
Térêzia,0,3,3
Terézie,0,3,3
Terezina,0,3,3
Terezita,0,3,3
Térèzka,0,3,3
Terezze,0,3,3
Tergant,0,3,3
Tergel,3,0,3
Tergi,0,3,3
Tergui,0,3,3
Terhas,0,3,3
Tèri,0,3,3
Teri-Ann,0,3,3
Teriass,3,0,3
Teribang,3,0,3
Teriena,0,3,3
Teriesia,0,3,3
Teriki,0,3,3
Terino,3,0,3
Terio,3,0,3
Terionthony,3,0,3
Teriqe,3,0,3
Terisha,0,3,3
Terisma,0,3,3
Terissa,0,3,3
Teriya,0,3,3
Terjosjka,3,0,3
Terk,3,0,3
Terkan,3,0,3
Terkild,3,0,3
Terkolina,0,3,3
Terlaytzi,0,3,3
Terletta,0,3,3
Terlina,0,3,3
Terlissa,0,3,3
Terma,0,3,3
Termine,0,3,3
Terminus,3,0,3
Tern,3,0,3
Ternarius,3,0,3
Teroen,3,0,3
Teroer,3,0,3
Terofina,0,3,3
Terom,0,3,3
Teron,3,0,3
Terone,3,0,3
Terosia,0,3,3
Terovina,0,3,3
Teroy,3,0,3
Terra-Louise,0,3,3
Terra-Nova,0,3,3
Terracan,3,0,3
Terradina,0,3,3
Terrah,0,3,3
Terrailyson,3,0,3
Terral,3,0,3
Terrana,0,3,3
Terrano,3,0,3
Terrayne,0,3,3
Terre-linn,0,3,3
Terreance,3,0,3
Terrek,3,0,3
Terrelin,3,0,3
Terrelle,3,0,3
Terrem,3,0,3
Terrenc,3,0,3
Terrènce,0,3,3
Terrencia,0,3,3
Terrency,3,0,3
Terrenja,0,3,3
Terrens,3,0,3
Terrentia,0,3,3
Terrenz,0,3,3
Terrenzia,0,3,3
Terrenzo,3,0,3
Terrero,3,0,3
Terresia,0,3,3
Terresiana,0,3,3
Terressia,0,3,3
Terrezzy,3,0,3
Terrian,3,0,3
Terrick,3,0,3
Terrij,3,0,3
Terrilyn,0,3,3
Terrina,0,3,3
Terro,3,0,3
Terrus,3,0,3
Terry-Hale,0,3,3
Terry-James,3,0,3
Terry-Kim,0,3,3
Terry-Lynn,0,3,3
Terry-Rose,0,3,3
Terrya,0,3,3
Terryawan,3,0,3
Terryjen,0,3,3
Terryns,3,0,3
Terryson,3,0,3
Ters,0,3,3
Tersa,0,3,3
Tershaina,0,3,3
Tersia,0,3,3
Tersio,3,0,3
Tersita,0,3,3
Tersius,3,0,3
Tersja,0,3,3
Tert,3,0,3
Tertiel,0,3,3
Tertje,0,3,3
Tertulliana,0,3,3
Tertullus,3,0,3
Teru,3,0,3
Teruaki,3,0,3
Terumi,0,3,3
Teruna,3,0,3
Terunenan,0,3,3
Teruo,0,3,3
Terùska,0,3,3
Terutomo,3,0,3
Tervel,3,0,3
Tervena,0,3,3
Tervin,3,0,3
Tervina,0,3,3
Terwisga,0,3,3
Terya,0,3,3
Teryaá,0,3,3
Teryson,3,0,3
Terzan,3,0,3
Terzano,3,0,3
Terzi,0,3,3
Tesa,0,3,3
Tesaira,0,3,3
Tesalonika,0,3,3
Tesandra,0,3,3
Tesano,3,0,3
Tesch,0,3,3
Teschner,3,0,3
Tescianna,0,3,3
Teseo,3,0,3
Tesfah,3,0,3
Tesfahunegn,0,3,3
Tesfalem,0,3,3
Tesfamicael,3,0,3
Tesfamichael,3,0,3
Tesfaslase,3,0,3
Tesfe,3,0,3
Tesgaye,3,0,3
TeSháen,3,0,3
Téshaeny,0,3,3
Teshainnely,0,3,3
Teshana,0,3,3
Téshanna,0,3,3
Teshany,0,3,3
TeShéan,3,0,3
Teshédion,3,0,3
Teshelina,0,3,3
Teshella,0,3,3
Tesheme,3,0,3
Tesher,3,0,3
Teshin,3,0,3
Téshinerey,0,3,3
Teshome,0,3,3
Teshuwah,3,0,3
Teshwar,3,0,3
Tèsi,3,0,3
Tesianary,0,3,3
Tesiena,0,3,3
Tesihara,0,3,3
Tesilia,0,3,3
Tesir,0,3,3
Tesjar,3,0,3
Tesjoerajah,0,3,3
Tesliane,0,3,3
Teslijn,0,3,3
Teslimenur,0,3,3
Teslynn,0,3,3
Tesmara,0,3,3
Tesmee,0,3,3
Tesney,0,3,3
Tesnîm,0,3,3
Tesniym,0,3,3
Tesora,0,3,3
Tesourinho,3,0,3
Tesra,0,3,3
Tess-Angéla,0,3,3
Tess-Daniëlle,0,3,3
Tess-Esmee,0,3,3
Tess-Jane,0,3,3
Tess-Jolie,0,3,3
Tess-Lianne,0,3,3
Tessa-Anna,0,3,3
Tessa-Bregtje,0,3,3
Tessa-Christina,0,3,3
Tessa-Jade,0,3,3
Tessa-Leonie,0,3,3
Tessa-Marleen,0,3,3
Tessa-Melanie,0,3,3
Tessa-Nathalie,0,3,3
Tessa-Norah,0,3,3
Tessa-Sophie,0,3,3
Tessaley,0,3,3
Tessalien,0,3,3
Tessalinde,0,3,3
Tessaloni,0,3,3
Tessandra,0,3,3
Tessanee,0,3,3
Tessanna,0,3,3
Tessanny,0,3,3
Tessara,0,3,3
Tessatriese,0,3,3
Tesseliene,0,3,3
Tesselina,0,3,3
Tesselscha,0,3,3
Tessen,3,0,3
Tesser,3,0,3
Téssera,0,3,3
Tessey,0,3,3
Tessia,0,3,3
Tessibell,0,3,3
Tessio,3,0,3
Tessja,0,3,3
Tesslin,0,3,3
Tesslina,0,3,3
Tessmoralda,0,3,3
Tessniem,0,3,3
Testa-Rossa,0,3,3
Testania,0,3,3
Testimony,3,0,3
Tesy,0,3,3
Tesza,0,3,3
Tet-Kong,3,0,3
Tet-Sun,3,0,3
Tétar,3,0,3
Tetazina,0,3,3
Tetchen,0,3,3
Tetcherie,3,0,3
Tetciana,0,3,3
Tetdora,0,3,3
Tetdy,0,3,3
Tète,0,3,3
Tetedora,0,3,3
Tetee-Bordieh,0,3,3
Tétêh,3,0,3
Tètèh,3,0,3
Teteia,0,3,3
Teteley,0,3,3
Tetelien,0,3,3
Tetemke,0,3,3
Teth,0,3,3
Tetheh,3,0,3
Tethom,0,3,3
Tethy,0,3,3
Tethys,0,3,3
Tetiana,0,3,3
Tetilia,3,0,3
Tetje-Anne,0,3,3
Tetjeni,0,3,3
Tètju,3,0,3
Tetke,0,3,3
Tetmon,3,0,3
Tetnywna,3,0,3
Tetra,0,3,3
Tetricus,3,0,3
Tets,0,3,3
Tetschka,0,3,3
Tetsie,0,3,3
Tetsu,3,0,3
Tetsumi,3,0,3
Tetsuya,3,0,3
Tett,0,3,3
Tettea,0,3,3
Tetteke,0,3,3
Tetteki,0,3,3
Tettia,0,3,3
Tettiena,0,3,3
Tettina,0,3,3
Tettjo,3,0,3
Tettro,3,0,3
Tettro-Jetze,3,0,3
Tettsia,0,3,3
Tettske,0,3,3
Tetwin,3,0,3
Tetyana,0,3,3
Tetz,3,0,3
Teubartus,3,0,3
Teubbie,0,3,3
Teubegine,0,3,3
Teubert,3,0,3
Teubian,3,0,3
Teubien,0,3,3
Teubje,0,3,3
Teudi,0,3,3
Teuline,0,3,3
Teun-Christian,3,0,3
Teun-Hein,3,0,3
Teun-Johan,3,0,3
Teun-Joran,3,0,3
Teun-Pieter,3,0,3
Teun-Tigo,3,0,3
Teun-Toha,3,0,3
Teun-Willem,3,0,3
Teunalette,0,3,3
Teunanda,0,3,3
Teunbinus,3,0,3
Teunechina,0,3,3
Teunelieke,0,3,3
Teunelise,0,3,3
Teunemieke,0,3,3
Teunerina,0,3,3
Teunezina,0,3,3
Teung,3,0,3
Teunia-Akke,0,3,3
Teunida,0,3,3
Teunie-Geralde,0,3,3
Teuniëlla,0,3,3
Teuniene,0,3,3
Teuniesje,0,3,3
Teunietta,0,3,3
Teuniëtte,0,3,3
Teunij,0,3,3
Teunika,0,3,3
Teunike,0,3,3
Teunina,0,3,3
Teuninette,0,3,3
Teunio,3,0,3
Teunique,0,3,3
Teünis,3,0,3
Teunis-Aaldert,3,0,3
Teunischa,0,3,3
Teuníse,0,3,3
Teunisia,0,3,3
Teunisina,0,3,3
Teunitha,0,3,3
Teuniza,0,3,3
Teunnes,3,0,3
Teuno,3,0,3
Teunrik,3,0,3
Teunsienna,0,3,3
Teuntiena,0,3,3
Teuntsje,0,3,3
Teunusje,0,3,3
Teunya,0,3,3
Teup,3,0,3
Teupkéa,0,3,3
Teupkeline,0,3,3
Teupkiena,0,3,3
Teurea,0,3,3
Teurina,0,3,3
Teüs,3,0,3
Teus-Jan,3,0,3
Teuselina,0,3,3
Teusette,0,3,3
Teusjan,3,0,3
Teuz,3,0,3
Tev,0,3,3
Tevainely,0,3,3
Tevan,3,0,3
Tevanio,3,0,3
Tevanyé,3,0,3
Tevaughn,3,0,3
Tevde,0,3,3
Tevella,0,3,3
Teverel,3,0,3
Tevhit,3,0,3
Teviengelo,3,0,3
Teviloes,3,0,3
Tévin,3,0,3
Tèvin,3,0,3
Tevinaishelo,3,0,3
Tevinson,3,0,3
Tevis,3,0,3
Tevish,3,0,3
Tevita,3,0,3
Tevito,3,0,3
Tevjunior,3,0,3
Tevka,0,3,3
Tevlin,3,0,3
Tevman,3,0,3
Tevreden,0,3,3
Tevvy,0,3,3
Tevy,0,3,3
Tevyé,3,0,3
Tevyn,3,0,3
Tewa,3,0,3
Tewabu,0,3,3
Tewatha,0,3,3
Tewayba,0,3,3
Tewfik,0,3,3
Tewfiq,3,0,3
Tewin,3,0,3
Tewoldebrehan,3,0,3
Texeira,3,0,3
Texen,3,0,3
Texiana,0,3,3
Tey-Shaira,0,3,3
Teya,0,3,3
Teyah,0,3,3
Teyanño,3,0,3
Teyano,3,0,3
Teyara,0,3,3
Teyaswi,0,3,3
Teybe,0,3,3
Teye-Jan,3,0,3
Teyeb,3,0,3
Teyisha,0,3,3
Teyke,3,0,3
Teylaa,0,3,3
Teylingen,3,0,3
Teyma,0,3,3
Teymin,3,0,3
Teymoer,3,0,3
Teymour,3,0,3
Teymur,3,0,3
Teyne,0,3,3
Teyo,3,0,3
Téyomah,3,0,3
Teyónna,0,3,3
Teyrel,3,0,3
Teyrin,3,0,3
Teyser,3,0,3
Teysha,0,3,3
Teyshaira,0,3,3
Teyshana,0,3,3
Teyshawn,3,0,3
Teyshon,3,0,3
Teyson,3,0,3
Teyssi,0,3,3
Teyvano,3,0,3
Teyyar,3,0,3
Teyyüb,3,0,3
Tezar,3,0,3
Tezas,3,0,3
Tezcatlipotl,3,0,3
Tezel,0,3,3
Tezelina,0,3,3
Tezen,3,0,3
Tezera,3,0,3
Tezeta,0,3,3
Tezgan,3,0,3
Tezhna,0,3,3
Tezinus,3,0,3
Tezjdine,3,0,3
Tezney,0,3,3
Teżor,3,0,3
Tezrick,3,0,3
Tezza,0,3,3
TGJ,0,3,3
TGT,0,3,3
Tha,3,0,3
Tha-vencio,3,0,3
Thaabit,3,0,3
Thaalbi,3,0,3
Thaao,3,0,3
Thaay,3,0,3
Thabang,0,3,3
Thabby,0,3,3
Thabe,3,0,3
Thabeka,0,3,3
Thabhita,0,3,3
Thabile,0,3,3
Thabina,0,3,3
Thabisa,0,3,3
Thabithah,0,3,3
Thabitta,0,3,3
Thabres,3,0,3
Thaby,0,3,3
Thacia,0,3,3
Thacisia,0,3,3
Thacor,3,0,3
Thada,3,0,3
Thadaeus,3,0,3
Thadalit,3,0,3
Thaddäus,3,0,3
Thaddens,3,0,3
Thaddeo,3,0,3
Thaddéüs,3,0,3
Thaddéűs,3,0,3
Thaddëus,3,0,3
Thäddeus,3,0,3
Thadee,0,3,3
Thadek,3,0,3
Thadessa,0,3,3
Thadeüs,3,0,3
Thadëus,3,0,3
Thadik,3,0,3
Thadine,0,3,3
Thadinja,0,3,3
Thadiomi,0,3,3
Thadisca,0,3,3
Thadja,0,3,3
Thadjana,0,3,3
Thadoe,3,0,3
Thadseya,0,3,3
Thadshajini,0,3,3
Thaë,3,0,3
Thaeley,0,3,3
Thaëly,0,3,3
Thaëlys,0,3,3
Thaër,3,0,3
Thaer,0,3,3
Thaeras,3,0,3
Thaesa,0,3,3
Thaetsche,0,3,3
Thafary,3,0,3
Thafma,0,3,3
Thafriana,0,3,3
Thagh-né,0,3,3
Thagshaanijaa,0,3,3
Thahar,3,0,3
Thaharah,0,3,3
Thaharqa,3,0,3
Thahelkai,3,0,3
Thahies,0,3,3
Thahila,0,3,3
Thahina,0,3,3
Thahino,3,0,3
Thahira-Djabien,0,3,3
Thahirah,0,3,3
Thahousein,3,0,3
Thahynnah,0,3,3
Thài,3,0,3
Thai-Binh,3,0,3
Thai-Chanell,3,0,3
Thai-Ming,3,0,3
Thai-Nha,3,0,3
Thai-Sing,3,0,3
Thaïa,0,3,3
Thaïb,3,0,3
Thaiba,0,3,3
Thaibinh,3,0,3
Thaichenteley,0,3,3
Thaicier,3,0,3
Thaïda,0,3,3
Thaidy,3,0,3
Thaie,0,3,3
Thaiënne,0,3,3
Thaienne,0,3,3
Thaïes,0,3,3
Thaiesj,3,0,3
Thaif,0,3,3
Thaihang,0,3,3
Tháihōa,3,0,3
Thaija,0,3,3
Thaika,0,3,3
Thaïl,3,0,3
Thailer,3,0,3
Thailery,0,3,3
Thailina,0,3,3
Thailisa,0,3,3
Thailismary,0,3,3
Thailitta,0,3,3
Thailys,0,3,3
Thailyson,3,0,3
Thaimanta,0,3,3
Thaimara,0,3,3
Thainá,0,3,3
Thaina,0,3,3
Thaína,0,3,3
Thainaïs,0,3,3
Thainara,0,3,3
Thaine,3,0,3
Thainelies,0,3,3
Thainisha,0,3,3
Thaino,3,0,3
Thainsaley,0,3,3
Thainuska,0,3,3
Thainy,3,0,3
Thainzarro,3,0,3
Thaiony,3,0,3
Thaíra,0,3,3
Thairencio,3,0,3
Thairendley,3,0,3
Thairina,0,3,3
Thairiq,3,0,3
Thairison,3,0,3
Thairys,0,3,3
Thaischa,0,3,3
Thaise,0,3,3
Thaïse,0,3,3
Thaïsh,0,3,3
Thaisha,0,3,3
Thaishana,0,3,3
Thaisheney,0,3,3
Thaishenteley,0,3,3
Thaïsia,0,3,3
Thaison,3,0,3
Thaíssa,0,3,3
Thaissa,0,3,3
Thaïssia,0,3,3
Thaissienne,0,3,3
Thaividley,3,0,3
Thaïza,0,3,3
Thaiza,0,3,3
Thaizanira,0,3,3
Thaizaro,3,0,3
Thaíze,0,3,3
Thaïze,0,3,3
Thaïzem,3,0,3
Thaizjarina,0,3,3
Thaja,0,3,3
Thajan,3,0,3
Thajani,0,3,3
Thajes,3,0,3
Thake,3,0,3
Thakisha,0,3,3
Thakoerdin,3,0,3
Thakoersingh,3,0,3
Thakpa,3,0,3
Thakrit,3,0,3
Thaksiya,0,3,3
Thalas,0,3,3
Thalascha,0,3,3
Thalassia,0,3,3
Thalathep,3,0,3
Thalco,3,0,3
Thaleesha,0,3,3
Thalen,3,0,3
Thalesia,0,3,3
Thalestris,0,3,3
Thaleysha,0,3,3
Thàlia,0,3,3
Thalia-Jay,0,3,3
Thalia-Réna,0,3,3
Thalia-Rosina,0,3,3
Thalika,0,3,3
Thalila,0,3,3
Thalinja,0,3,3
Thaliro,3,0,3
Thalis,0,3,3
Thalisja,0,3,3
Thalita-Maouri,0,3,3
Thalitia,0,3,3
Thalitta,3,0,3
Thaliyah-Tina,0,3,3
Thaliyandra,0,3,3
Thalizhah,0,3,3
Thall,3,0,3
Thalla,0,3,3
Thallea,0,3,3
Thalleke,0,3,3
Thallie,0,3,3
Thallisha,0,3,3
Thallissa,0,3,3
Thallitchandre,3,0,3
Thallullah,0,3,3
Thalmai,3,0,3
Thalmon,3,0,3
Thaloen,3,0,3
Thalos,3,0,3
Thalwin,3,0,3
Thalya-Sophiya,0,3,3
Thalychia,0,3,3
Thalydiën,0,3,3
Thalyn,0,3,3
Thalyonn,3,0,3
Thalys,3,0,3
Thalyseyen,0,3,3
Thalyshia,0,3,3
Thalyson,3,0,3
Thalyss,3,0,3
Thalyssia,0,3,3
Thalyz,0,3,3
Thâm,3,0,3
Thama,0,3,3
Thamajanthi,0,3,3
Thamalia,0,3,3
Thaman,3,0,3
Thamani,0,3,3
Thamanthy,0,3,3
Thamarinde,0,3,3
Thamarus,3,0,3
Thamary,0,3,3
Thamasha,0,3,3
Thamaya,0,3,3
Thamayka,0,3,3
Thamber,0,3,3
Thamby,0,3,3
Thamerinus,3,0,3
Thames-Jan,3,0,3
Thamiguah,0,3,3
Thamika,0,3,3
Thamilagan,3,0,3
Thamilia,0,3,3
Thamilios,3,0,3
Thamilisai,0,3,3
Thamilla,0,3,3
Thamimoent,0,3,3
Thamin,3,0,3
Thaminah,0,3,3
Thamino,3,0,3
Thamishan,3,0,3
Thamiya,0,3,3
Thamlalth,0,3,3
Thammapon,3,0,3
Thammara,0,3,3
Thammarong,3,0,3
Thammy,0,3,3
Thammy-Jean,0,3,3
Thamna,0,3,3
Thamsin,0,3,3
Thámy,0,3,3
Thamyka,0,3,3
Thamyra,0,3,3
Thamyras,3,0,3
Thamyris,3,0,3
Thamysha,0,3,3
Than-Duc,3,0,3
Thanaâ,0,3,3
Thanaa,0,3,3
Thanabalasingam,0,3,3
Thanach,3,0,3
Thanachai,3,0,3
Thanaé,0,3,3
Thanaël,3,0,3
Thanaïs,0,3,3
Thanaiska,0,3,3
Thanaja,0,3,3
Thanakriet,3,0,3
Thanakrit,3,0,3
Thanandon,3,0,3
Thanapa,0,3,3
Thanaphon,3,0,3
Thanapon,3,0,3
Thanapron,0,3,3
Thanarat,3,0,3
Thanasak,3,0,3
Thanasha,0,3,3
Thanasou,0,3,3
Thanassis,3,0,3
Thanatad,3,0,3
Thanatas,3,0,3
Thanath,3,0,3
Thanathorn,3,0,3
Thanatos,3,0,3
Thanattha,0,3,3
Thanavin,3,0,3
Thanawin,3,0,3
Thanawint,3,0,3
Thanay-Marie,0,3,3
Thanaya,0,3,3
Thandara,0,3,3
Thandé,3,0,3
Thandile,0,3,3
Thandiwah,0,3,3
Thandizwe,3,0,3
Thandy,0,3,3
Thane,3,0,3
Thanea,0,3,3
Thaneall,3,0,3
Thanecia,0,3,3
Thaneé,0,3,3
Thaneesha,0,3,3
Thaneyé,3,0,3
Thăng,3,0,3
Thăńg,3,0,3
Thangam,0,3,3
Thangla,0,3,3
Thanh-Cong,3,0,3
Thanh-Danh,3,0,3
Thanh-Hong,0,3,3
Thanh-Huy,3,0,3
Thanh-Huyên,0,3,3
Thanh-Jan,3,0,3
Thanh-Linh,3,0,3
Thanh-Ngan,0,3,3
Thanh-Nhung,0,3,3
Thanh-Than,0,3,3
Thanh-Thuy,0,3,3
Thanh-Vi,0,3,3
Thanh-Vy,0,3,3
Thanh-Xuan,0,3,3
Thanhathai,0,3,3
Thânia,0,3,3
Thanica,0,3,3
Thanichío,3,0,3
Thanïel,3,0,3
Thaniël,3,0,3
Thaniesja,0,3,3
Thanigasalam,0,3,3
Thanika,0,3,3
Thanim,0,3,3
Thanine,0,3,3
Thaninga,0,3,3
Thanisa,0,3,3
Thanischa,0,3,3
Thanishan,3,0,3
Thanison,0,3,3
Thanitha,0,3,3
Thanitia,0,3,3
Thaniyèn,0,3,3
Thanjira,0,3,3
Thankgod,3,0,3
Thannee,0,3,3
Thannes,3,0,3
Thannom,3,0,3
Thannrak,0,3,3
Thanochen,3,0,3
Thanoeshka,0,3,3
Thanou,3,0,3
Thansley,3,0,3
Thant,3,0,3
Thantira,0,3,3
Thanuja,0,3,3
Thanujan,3,0,3
Thanus,3,0,3
Thanusanth,3,0,3
Thanush,3,0,3
Thanushan,3,0,3
Thanushanth,3,0,3
Thanushen,3,0,3
Thanusheyan,3,0,3
Thanushihen,3,0,3
Thanushka,0,3,3
Thanusijan,3,0,3
Thanwakhm,3,0,3
Thany,0,3,3
Thanyani,0,3,3
Thanyarat,0,3,3
Thanyos,3,0,3
Thànysha,0,3,3
Thanysia,0,3,3
Thão,0,3,3
Tháo,0,3,3
Thao-Nguyen,3,0,3
Thao-Vy,0,3,3
Thaodora,0,3,3
Thaomy,0,3,3
Thapana,3,0,3
Thapani,0,3,3
Thaper,0,3,3
Thaphandra,0,3,3
Thaqib,3,0,3
Thaqidin,3,0,3
Thaquill,3,0,3
Thaquillio,3,0,3
Thaquisha,0,3,3
Thar,3,0,3
Thara-Beau,0,3,3
Tharaga,0,3,3
Tharaha,0,3,3
Tharajï,3,0,3
Tharakeshwar,3,0,3
Tharanesh,3,0,3
Tharangan,3,0,3
Tharanghi,0,3,3
Tharani,0,3,3
Tharanpipat,3,0,3
Tharantini,3,0,3
Tharas,3,0,3
Tharathep,3,0,3
Tharaylie,0,3,3
Tharben,3,0,3
Tharbens,3,0,3
Tharcil,3,0,3
Tharcilia,0,3,3
Tharcisia,0,3,3
Tharcisio,3,0,3
Thardo,3,0,3
Thareem,0,3,3
Tharellys,0,3,3
Tharen-Jaezell,3,0,3
Tharensha,0,3,3
Tharesha,0,3,3
Thareswarie,0,3,3
Tharia,0,3,3
Thariano,3,0,3
Tharic,3,0,3
Tharie-Ella,0,3,3
Thariës,3,0,3
Tharijn,3,0,3
Tharikus,3,0,3
Tharim,3,0,3
Tharima,0,3,3
Tharin,0,3,3
Tharina,0,3,3
Tharinda,0,3,3
Tharindu,3,0,3
Tharini,0,3,3
Tharinta,0,3,3
Tharíq,3,0,3
Thàrique,3,0,3
Tharis,0,3,3
Tharisa,0,3,3
Tharisan,3,0,3
Tharischa,0,3,3
Tharisha,0,3,3
Tharishka,0,3,3
Tharita,0,3,3
Thariyen,0,3,3
Tharja,0,3,3
Tharkan,3,0,3
Tharma,3,0,3
Tharmigan,3,0,3
Tharmihan,3,0,3
Tharmon,3,0,3
Tharmone,3,0,3
Tharniha,0,3,3
Tharouat,0,3,3
Tharra,3,0,3
Tharsan,3,0,3
Tharsen,3,0,3
Tharshaginy,0,3,3
Tharshan,3,0,3
Tharshiny,0,3,3
Tharsice,0,3,3
Tharsika,0,3,3
Tharsikka,0,3,3
Tharsis,3,0,3
Tharsisia,0,3,3
Tharsissia,0,3,3
Tharsni,0,3,3
Tharukshi,0,3,3
Tharunee,0,3,3
Tharuni,0,3,3
Tharushi,0,3,3
Tharvin,3,0,3
Tharwat,3,0,3
Tharyn,0,3,3
Tharys,0,3,3
Tharysa,0,3,3
Tharyse,0,3,3
Tharzana,0,3,3
Tharzin,3,0,3
Thasarathan,0,3,3
Thashana,0,3,3
Thashania,0,3,3
Thashanya,0,3,3
Thashely,0,3,3
Thashira,0,3,3
Thashvin,3,0,3
Thasia,0,3,3
Thasja,0,3,3
Thasjona,0,3,3
Thasmanally,0,3,3
Thasmine,0,3,3
Thasniem,0,3,3
Thassia,0,3,3
Thassya,0,3,3
That,3,0,3
Thatayuone,0,3,3
Thatcheri,3,0,3
Thati,0,3,3
Thatjana,0,3,3
Thato,0,3,3
Thatsjana,0,3,3
Thatum,0,3,3
Thau,3,0,3
Thaumar,3,0,3
Thaumas,3,0,3
Thaunis,0,3,3
Thaurean,3,0,3
Thauwerina,0,3,3
Thauwfiq,3,0,3
Thavary,0,3,3
Thaviana,0,3,3
Thaviëna,0,3,3
Thavily,0,3,3
Thavisan,3,0,3
Thavyanne,0,3,3
Thawah,3,0,3
Thawatchai,3,0,3
Thawatchay,3,0,3
Thawban,3,0,3
Thaweego,3,0,3
Thawika,0,3,3
Thawique,0,3,3
Thawry,3,0,3
Thay-Niréé,0,3,3
Thay-rish,3,0,3
Thay-Shédrian,3,0,3
Thayagan,3,0,3
Thayan,3,0,3
Thayaparan,3,0,3
Thaydrickson,3,0,3
Thaye,0,3,3
Thayendra,0,3,3
Thayhairison,3,0,3
Thayino,3,0,3
Thayïzah,0,3,3
Thaylane,0,3,3
Thaylaudnickson,3,0,3
Thaylita,0,3,3
Thaym,3,0,3
Thaymar,0,3,3
Thaymen,3,0,3
Thaynã,3,0,3
Thayná,0,3,3
Thaynice,0,3,3
Thaynná,0,3,3
Thaynno,3,0,3
Thayr,3,0,3
Thayrah,0,3,3
Thayrancel,3,0,3
Thayrence,3,0,3
Thayri,3,0,3
Thayricks,3,0,3
Thayriginio,3,0,3
Thayrishan,0,3,3
Thayrison,3,0,3
Thayro,3,0,3
Thayron,3,0,3
Thäyroné,3,0,3
Thayruviënne,0,3,3
Thaysen,3,0,3
Thaysha,3,0,3
Thäysha,0,3,3
Thaýsha,0,3,3
Thayshanara,0,3,3
Thayshanu,0,3,3
Thaysheleny,0,3,3
Thaysher,3,0,3
Thayshion,3,0,3
Thayshira,0,3,3
Thaysin,3,0,3
Thayssa,0,3,3
Thayz,0,3,3
Thayzir,3,0,3
Thayzira,0,3,3
Thaziano,3,0,3
Thé-janne,0,3,3
The-Nam,3,0,3
Thé-rika,0,3,3
The-Sen,3,0,3
The-Tim,3,0,3
The-Vinh,3,0,3
Thea-Andrea,0,3,3
Thea-Door,0,3,3
Thea-Gerda,0,3,3
Thea-Nynke,0,3,3
Theabella,0,3,3
Theacoba,0,3,3
Theacoby,0,3,3
Theadora-Henderika,0,3,3
Theadorica,0,3,3
Theadorine,0,3,3
Theadoro,0,3,3
Theadosita,0,3,3
Theadros,3,0,3
Theafila,0,3,3
Theake-Jan,3,0,3
Theakla,0,3,3
Theala,0,3,3
Thealet,0,3,3
Thealicia,0,3,3
Thealina,0,3,3
Thealita,0,3,3
Theanda,0,3,3
Theandro,3,0,3
Théane,0,3,3
Theanelle,0,3,3
Theanka,0,3,3
Theanora,0,3,3
Theara,0,3,3
Thèaresa,0,3,3
Thearesia,0,3,3
Thearina,0,3,3
Theary,0,3,3
Theasha,0,3,3
Theatilde,0,3,3
Theaux,3,0,3
Theba,0,3,3
Thebalda,0,3,3
Theban,3,0,3
Thében,3,0,3
Thebo,3,0,3
Thebor,3,0,3
Thebriélien,0,3,3
Theceany,0,3,3
Théchelle,0,3,3
Theclana,0,3,3
Theclatianus,3,0,3
Theco,3,0,3
Thedder,3,0,3
Thedderick,3,0,3
Thede,3,0,3
Thedens,0,3,3
Theder,3,0,3
Thédora,0,3,3
Thedorina,0,3,3
Thedoris,3,0,3
Thedornic,3,0,3
Thedric,3,0,3
Theë,3,0,3
Theê,3,0,3
Theebe,3,0,3
Theede,3,0,3
Theej,3,0,3
Theelanda,0,3,3
Theelka,0,3,3
Theelko,3,0,3
Theenu,3,0,3
Theep,3,0,3
Theeradej,3,0,3
Theeradet,3,0,3
Theerd,3,0,3
Theërgo,3,0,3
Theerske,0,3,3
Theesa,0,3,3
Theeuwens,3,0,3
Theeuwke,3,0,3
Theewes,3,0,3
Theewis,3,0,3
Thefanie,0,3,3
Thefillah,0,3,3
Theflonh,0,3,3
Thegla,0,3,3
Theha,0,3,3
Thehan,3,0,3
Thehar,3,0,3
Thehillah,0,3,3
Theia,0,3,3
Theia-Lune,0,3,3
Theidor,3,0,3
Theige,3,0,3
Theijm,3,0,3
Theijme,3,0,3
Theijske,0,3,3
Theil,3,0,3
Theim,3,0,3
Theirése,0,3,3
Theirno,3,0,3
Theironne,3,0,3
Theirry,3,0,3
Theiry,3,0,3
Theis-Jan,3,0,3
Theise,3,0,3
Theissina,0,3,3
Theist,3,0,3
Thejan,3,0,3
Thejana,0,3,3
Thejanda,0,3,3
Théje,3,0,3
Thejoma,3,0,3
Théjon,3,0,3
Thekala,0,3,3
Thekisha,0,3,3
Thèkla,0,3,3
Theko,3,0,3
Thela,0,3,3
Thelaila,0,3,3
Thelama,0,3,3
Thelanie,0,3,3
Thelbert,3,0,3
thelbert,3,0,3
Thelco,3,0,3
Thelenus,3,0,3
Theleo,3,0,3
Thelesphora,0,3,3
Thelia,0,3,3
Theliene,0,3,3
Thelinde,0,3,3
Thelise,0,3,3
Thelissa,0,3,3
Thelita,0,3,3
Thelja,0,3,3
Thellem,3,0,3
Thelles,3,0,3
Thelling,3,0,3
Thelmin,3,0,3
Thèlo,3,0,3
Thelor,3,0,3
Thels,3,0,3
Thelsa,0,3,3
Thelsey,0,3,3
Thelsia,0,3,3
Thelva,0,3,3
Thelwin,3,0,3
Thelycha,0,3,3
Thëm,3,0,3
Them,3,0,3
THEM,0,3,3
Themara,0,3,3
Thémbi,0,3,3
Thembie,0,3,3
Thembisile,0,3,3
Themelina,0,3,3
Themen,0,3,3
Thèmer,3,0,3
Themes,0,3,3
Themi,3,0,3
Thémis,0,3,3
Themiya,3,0,3
Themmen,3,0,3
Themmy,0,3,3
Themotea,0,3,3
Thémothy,3,0,3
Themoty,3,0,3
Themre,3,0,3
Themwani,0,3,3
Themya,0,3,3
Then,3,0,3
Thenera,0,3,3
Thenice,0,3,3
Thenija,0,3,3
Thenisia,0,3,3
Thenko,3,0,3
Thennisa,0,3,3
Thenny,3,0,3
Thensley,3,0,3
Thenthai,3,0,3
Thenuja,0,3,3
Thenujah,0,3,3
Thenujan,3,0,3
Thenuli,0,3,3
Theny,0,3,3
Thenya,0,3,3
Thenyël,0,3,3
Thenysha,0,3,3
Theo-Alexander,3,0,3
Theo-Berend,3,0,3
Theo-Christiaan,3,0,3
Theo-Dora,0,3,3
Theo-Doris,3,0,3
Theo-Gerard,3,0,3
Theo-Hans,3,0,3
Theo-Jean,3,0,3
Theo-José,3,0,3
Theo-Junior,3,0,3
Theo-Marien,3,0,3
Theo-Marthijn,3,0,3
Theo-Martijn,3,0,3
Theo-Paul,3,0,3
Theo-Willem,3,0,3
Theoanna,0,3,3
Theobaldo,3,0,3
Theobalta,0,3,3
Theobaltus,3,0,3
Theobuline,0,3,3
Theocritus,3,0,3
Theod,3,0,3
Theodate,0,3,3
Theodelinda,0,3,3
Theodén,3,0,3
Théoden,3,0,3
Theoderck,3,0,3
Theodhoraq,3,0,3
Theodice,0,3,3
Theodictus,3,0,3
Theodin,3,0,3
Theodina,0,3,3
Theodine,0,3,3
Theodira,0,3,3
Theodisa,0,3,3
Theodisca,0,3,3
Theodoela,0,3,3
Theodolia,0,3,3
Theodoor-Milton,3,0,3
Theodoor-Thomas,3,0,3
Theodoorke,0,3,3
Theodoorsdochter,0,3,3
Theodôr,3,0,3
Theodör,3,0,3
Theödor,3,0,3
Theodór,3,0,3
Theodor-Jan,3,0,3
Theodóra,0,3,3
Theódora,0,3,3
Theodorá,0,3,3
Theodora-Maaike,0,3,3
Theodoraz,3,0,3
Theodòre,3,0,3
Theodorens,3,0,3
Theodores-Henderikus,3,0,3
Theodorêthe,0,3,3
Theodorh,3,0,3
Théodoria,0,3,3
Theodoric,3,0,3
Theodoriena,0,3,3
Theodoriene,0,3,3
Theodorinus,3,0,3
Theodorita,0,3,3
Theodoritha,0,3,3
Théodoros,3,0,3
Theodorra,0,3,3
THeodorus,3,0,3
Theodorus-Frederik,3,0,3
Theodorus-Hendrikus,3,0,3
Theodorus-Martien,3,0,3
Theodose,0,3,3
Theodosie,0,3,3
Theodotta,3,0,3
Theodous,3,0,3
Theodozja,0,3,3
Theodra,0,3,3
Theodrica,0,3,3
Theodrika,0,3,3
Theodrine,0,3,3
Theodrinia,0,3,3
Theodulfiene,0,3,3
Theodulfine,0,3,3
Theodulfinina,0,3,3
Theodulfinus,3,0,3
Theodulfus,3,0,3
Theoduris,3,0,3
Théofane,3,0,3
Theofanu,0,3,3
Theofiela,0,3,3
Theofiele,3,0,3
Theofielt,3,0,3
Theofielus,3,0,3
Theofilis,3,0,3
Theofillus,3,0,3
Théofilo,3,0,3
Theofista,0,3,3
Theoflora,0,3,3
Theofoor,3,0,3
Theofride,3,0,3
Theofriedus,3,0,3
Theogradus,3,0,3
Theogreta,0,3,3
Theohannes,3,0,3
Theoharis,3,0,3
Theoklara,0,3,3
Theola,0,3,3
Theoleen,3,0,3
Theoleida,0,3,3
Theolena,0,3,3
Theoliana,0,3,3
Theoliene,0,3,3
Theolina,0,3,3
Theolindah,0,3,3
Theolindo,3,0,3
Theologis,3,0,3
Theomar,3,0,3
Theomatius,3,0,3
Theome,0,3,3
Theoni,0,3,3
Théonie,0,3,3
Theonne,0,3,3
Theony,0,3,3
Theopetro,3,0,3
Théophane,3,0,3
Theophania,0,3,3
Theophanis,3,0,3
Theophano,0,3,3
Theophanu,0,3,3
Theophelius,3,0,3
Theophelus,3,0,3
Theophielus,3,0,3
Theophien,3,0,3
Théophila,0,3,3
Theophilda,0,3,3
Theophiline,0,3,3
Theophill,0,3,3
Theophilla,0,3,3
Theophilles,3,0,3
Theophillia,0,3,3
Theophillus,3,0,3
Théophillus,3,0,3
Theophilo,3,0,3
Theophilous,3,0,3
Theophista,0,3,3
Theophoor,3,0,3
Theophoros,3,0,3
Theophrastos,3,0,3
Theophyl,3,0,3
Théopile,3,0,3
Theopilus,3,0,3
Theordora,0,3,3
Theoresito,3,0,3
Theorien,0,3,3
Theoriena,0,3,3
Theorina,0,3,3
Theorus,3,0,3
Theoseph,3,0,3
Theosia,0,3,3
Theosoterius,3,0,3
Theoszoon,3,0,3
Theothea,0,3,3
Theothima,0,3,3
Theotim,3,0,3
Theötimus,3,0,3
Theotis,3,0,3
Theotista,0,3,3
Theotisto,3,0,3
Theotus,3,0,3
Theovil,3,0,3
Theovila,0,3,3
Theoyannis,3,0,3
Thepa,0,3,3
Thepakorn,3,0,3
Thepchai,3,0,3
Thepheshwardath,3,0,3
Thepithak,3,0,3
Thepnadda,0,3,3
Thepnarin,3,0,3
Theppratan,3,0,3
Thepsathian,3,0,3
Ther,3,0,3
Thèra,0,3,3
Thera-Karin,0,3,3
Theradina,0,3,3
Theradora,0,3,3
Theraine,0,3,3
Theraisa,0,3,3
Theraldy,0,3,3
Theran,3,0,3
Therasinda,0,3,3
Theratessa,0,3,3
Thercia,0,3,3
Thérè,3,0,3
Therea,0,3,3
Thérecia,0,3,3
Therecius,3,0,3
Thérence,3,0,3
Thererse,0,3,3
Thérès,0,3,3
Thèrèsa,0,3,3
Theresà,0,3,3
Thêresa,0,3,3
Theresa-Rita,0,3,3
Theresalin,0,3,3
Théresca,0,3,3
Theresë,0,3,3
ThérÈse,0,3,3
Thérèse-Marie,0,3,3
Thérèse-Sophie,0,3,3
Thereseline,0,3,3
Thereshinha,0,3,3
Therësia,0,3,3
Thèrésia,0,3,3
Theresia-Anna,0,3,3
Theresia-Ilse,0,3,3
Theresia-Joanne,0,3,3
Theresia-Lena,0,3,3
Theresia-Wilhelmina,3,0,3
Theresian,3,0,3
Theresiane,0,3,3
Theresida,0,3,3
Theresidor,3,0,3
Theresien,0,3,3
Therésiène,0,3,3
Thérésienne,0,3,3
Therésiënne,0,3,3
Theresiëtte,0,3,3
Theresiline,0,3,3
Therésina,0,3,3
Theresis,3,0,3
Theresisa,0,3,3
Therésita,0,3,3
Theresito,0,3,3
Theresitte,0,3,3
Théressa,0,3,3
Thèrèsse,0,3,3
Therèsse,0,3,3
Thèresse,0,3,3
Theresy,3,0,3
Thérèza,0,3,3
Théréza,0,3,3
Théreze,0,3,3
Therezé,0,3,3
Theréze,0,3,3
Therézia,0,3,3
Therezo,0,3,3
Therezya,0,3,3
Therezza,0,3,3
Therhailis,0,3,3
Thérica,0,3,3
Therico,3,0,3
Theriesa,0,3,3
Theriese,0,3,3
Therija,0,3,3
Therina,0,3,3
Therinda,0,3,3
Therion,3,0,3
Thérisa,0,3,3
Therisse,0,3,3
Therissia,0,3,3
Therius,3,0,3
Therk,3,0,3
Therlhen,0,3,3
Therlitia,0,3,3
Therma,0,3,3
Thermain,3,0,3
Thermandina,0,3,3
Thermina,0,3,3
Thero,3,0,3
Therodora,0,3,3
Théron,0,3,3
Therona,0,3,3
Theronus,3,0,3
Théros,3,0,3
Therose,0,3,3
Theroy,3,0,3
Therra-Evita,0,3,3
Therra-Jean,0,3,3
Therracinja,0,3,3
Therradj,3,0,3
Therrah,0,3,3
Therrah'lyn,0,3,3
Therré,0,3,3
Therrec,3,0,3
Therrel,3,0,3
Therrie,3,0,3
Therrin,3,0,3
Therrold,3,0,3
Therron,3,0,3
Thersey,3,0,3
Thersilla,0,3,3
Therwatie,0,3,3
Thery,3,0,3
Therzinha,0,3,3
Thésa,0,3,3
Thesa,0,3,3
Thesafanyah,0,3,3
Thesanee,0,3,3
Thesar,3,0,3
Thesara,0,3,3
Thesca,0,3,3
Thescotty,3,0,3
Thesha,0,3,3
Theshany,0,3,3
Theshawn,3,0,3
Theshna,0,3,3
Thesi,0,3,3
Thesia,0,3,3
Thesiara,0,3,3
Thesie,0,3,3
Thésie-William,0,3,3
Thesiena,0,3,3
Thesiyah,0,3,3
Thespina,0,3,3
Thessa-Marie,0,3,3
Thessalie,0,3,3
Thessalonika,0,3,3
Thessalonnica,0,3,3
Thesseus,3,0,3
Thessica,0,3,3
Thessika,0,3,3
Thessina,0,3,3
Thessley,0,3,3
Thessyana,0,3,3
Thesun,3,0,3
Theswien,3,0,3
Thesy,0,3,3
Thetazina,0,3,3
Thethe,0,3,3
Thétis,0,3,3
Thétje,0,3,3
Thetman,3,0,3
Thetys,0,3,3
Theudebert,3,0,3
Theum,3,0,3
Theun-Eysse,3,0,3
Theunet,0,3,3
Theunetta,0,3,3
Theunielle,0,3,3
Theunis-Jan,3,0,3
Theunisovna,0,3,3
Theunissa,0,3,3
Theuniszoon,3,0,3
Theunita,0,3,3
Theunke,0,3,3
Theunnetha,0,3,3
Theuno,3,0,3
Theunusje,0,3,3
Theurbly,3,0,3
Théus,3,0,3
Theushanny,3,0,3
Theusinda,0,3,3
Theusinde,0,3,3
Thevan,3,0,3
Thevany,0,3,3
Thevaratnam,3,0,3
Thevaron,3,0,3
Thevasankari,0,3,3
Thevasanthiya,0,3,3
Thevasooriyan,3,0,3
Thevasumangali,0,3,3
Thevidor,3,0,3
Thevish,3,0,3
Theviya,0,3,3
Thevy,0,3,3
Thew,3,0,3
Thewi,0,3,3
Thewin,3,0,3
Thewus,3,0,3
They-Shawn,3,0,3
Théylinn,0,3,3
Theylor,0,3,3
Theymon,3,0,3
Theyo,3,0,3
Theyona,0,3,3
Theyrano,3,0,3
Theyrn,3,0,3
Theysje,0,3,3
Theyuri,3,0,3
THG,0,3,3
Thi-Cam,0,3,3
Thi-Hoang-Oanh,0,3,3
thi-Kim-My,0,3,3
Thi-Lu,3,0,3
Thi-Ming,3,0,3
Thi-My-Dung,0,3,3
Thi-My-Duyen,0,3,3
Thi-Ngoc-Diem,0,3,3
Thi-Nhu-Hieu,0,3,3
Thi-Thanh-Nga,0,3,3
Thi-Thanh-Tâm,0,3,3
Thi-Thanh-Thuy,0,3,3
Thi-Thu,0,3,3
Thi-thu,0,3,3
Thi-Thu-Hiêñ,0,3,3
Thi-Tuong-Vi,0,3,3
Thi-Xuan-Kim,0,3,3
Thi-Yennah,0,3,3
Thiacy,3,0,3
Thiad,3,0,3
Thiadilda,0,3,3
Thiadney,3,0,3
Thiadrika,0,3,3
Thiadwara,0,3,3
Thiadwerd,3,0,3
Thiagarajah,3,0,3
Thiagõ,3,0,3
Thiago-David,3,0,3
Thiago-James,3,0,3
Thiainy,0,3,3
Thiaisa,0,3,3
Thiaka,0,3,3
Thialdrik,3,0,3
Thialis,0,3,3
Thiamus,3,0,3
Thian-Baan,3,0,3
Thian-Chai,3,0,3
Thian-Dinh,3,0,3
Thian-Long,3,0,3
Thian-Phuong,3,0,3
Thianam,3,0,3
Thianca,0,3,3
Thiancy,0,3,3
Thiandi,0,3,3
Thiandra,0,3,3
Thiane,0,3,3
Thianey,0,3,3
Thianishan,3,0,3
Thianne,0,3,3
Thiano,3,0,3
Thiany,0,3,3
Thiara-Sarinah,0,3,3
Thiard,3,0,3
Thiarda,0,3,3
Thiark,3,0,3
Thiaro,3,0,3
Thiatilde,0,3,3
Thiatildis,0,3,3
Thiava,3,0,3
Thiaz,3,0,3
Thiban,3,0,3
Thibaux,3,0,3
Thibbe,3,0,3
Thibby,3,0,3
Thibeaud,3,0,3
Thibeaux,3,0,3
Thibeesan,3,0,3
Thibisan,3,0,3
Thiboud,3,0,3
Thica,0,3,3
Thicardo,3,0,3
Thichanty,0,3,3
Thicia,0,3,3
Thicla,0,3,3
Thidda,0,3,3
Thidder,3,0,3
Thiddor,3,0,3
Thide,3,0,3
Thidrek,3,0,3
Thiebaud,3,0,3
Thiebo,3,0,3
Thiecher,0,3,3
Thiede,3,0,3
Thiedeman,3,0,3
Thiedo,3,0,3
Thiejee,3,0,3
Thieke,0,3,3
Thiekoro,3,0,3
Thiela,0,3,3
Thielemana,0,3,3
Thielemona,0,3,3
Thiema,0,3,3
Thiemara,0,3,3
Thième,3,0,3
Thieme-André,3,0,3
Thiement,3,0,3
Thiemer,3,0,3
Thiemera,0,3,3
Thiemithry,3,0,3
Thiémo,3,0,3
Thiemokho,3,0,3
Thièn,3,0,3
Thien-An,3,0,3
Thiên-Ân,0,3,3
Thien-Chuong,3,0,3
Thièn-Liong,3,0,3
Thien-Long,3,0,3
Thien-Ly,0,3,3
Thien-Ngoc-An,0,3,3
Thien-Nhut-Ky,3,0,3
Thien-Toan,3,0,3
Thien-Tuan,3,0,3
Thien-Yan,0,3,3
Thienan,3,0,3
Thièndra,0,3,3
Thieng,0,3,3
Thienie,0,3,3
Thienkim,0,3,3
Thiëns,3,0,3
Thienus,3,0,3
Thièra,0,3,3
Thieradet,3,0,3
Thieraphat,3,0,3
Thieraphong,3,0,3
Thieri,3,0,3
Thiéric,3,0,3
Thierick,3,0,3
Thiern,3,0,3
Thièrno,3,0,3
Thiërno,3,0,3
Thierno-Tanou,3,0,3
Thierón,3,0,3
Thiërra,3,0,3
Thierre,3,0,3
Thierremi,3,0,3
Thiërres,3,0,3
Thierrette,0,3,3
Thierrey,3,0,3
Thiêrry,3,0,3
Thierry-Hubert,3,0,3
Thierry-ian,0,3,3
Thierry-Marie,3,0,3
Thierry-Noël,3,0,3
Thierry-Paul,3,0,3
Thierryn,3,0,3
Thierryson,3,0,3
Thiérs,3,0,3
Thierso,3,0,3
Thiery-Guy,3,0,3
Thies-Harmen,3,0,3
Thies-Jan,3,0,3
Thieshamayra,0,3,3
Thieshandro,3,0,3
Thiesia,0,3,3
Thiesiena,0,3,3
Thiess,3,0,3
Thiesse,3,0,3
Thiessens,3,0,3
Thiessie,0,3,3
Thiest,3,0,3
Thiësto,3,0,3
Thieszes,3,0,3
Thiêù,0,3,3
Thieuwe,3,0,3
Thievana,0,3,3
Thieverno,3,0,3
Thievèry,3,0,3
Thieye,3,0,3
Thiez,3,0,3
Thiezayro,3,0,3
Thieze,3,0,3
Thif,0,3,3
Thifaine,0,3,3
Thifferano,3,0,3
Thiganios,3,0,3
Thige,3,0,3
Thigela,0,3,3
Thigranoi,0,3,3
Thigri,0,3,3
Thihainelly,0,3,3
Thijbrand,3,0,3
Thijda,0,3,3
Thijdoor,3,0,3
Thijer,3,0,3
Thijer-Jan,3,0,3
Thijes,3,0,3
Thijley,0,3,3
Thijmara,0,3,3
Thijméa,0,3,3
Thijmeke,0,3,3
Thijmen-Gert,3,0,3
Thijmen-Henrik,3,0,3
Thijmen-James,3,0,3
Thijmen-Jan,3,0,3
Thijmen-Joël,3,0,3
Thijmen-Joost,3,0,3
Thijmen-Marijn,3,0,3
Thijmen-Tim,3,0,3
Thijmena,0,3,3
Thijmens,3,0,3
Thijmia,0,3,3
Thijmus,3,0,3
Thijn-Alexander,3,0,3
Thijn-Dinoux,3,0,3
Thijna,0,3,3
Thijnen,3,0,3
Thijnn,3,0,3
Thijnse,0,3,3
Thijra,0,3,3
Thijrah,0,3,3
Thijs-Alexander,3,0,3
Thijs-Bob,3,0,3
Thijs-Bort,3,0,3
Thijs-Diederik,3,0,3
Thijs-Dirk,3,0,3
Thijs-Efe,3,0,3
Thijs-Enagnon,3,0,3
Thijs-Gerrit,3,0,3
Thijs-Jakob,3,0,3
Thijs-jan,3,0,3
Thijs-Randél,3,0,3
Thijs-Rhys,3,0,3
Thijs-Wanne,3,0,3
Thijsa,0,3,3
Thijsam,3,0,3
Thijsbert,3,0,3
Thijsbertus,3,0,3
Thijsel,3,0,3
Thijsen,3,0,3
Thijsinus,3,0,3
Thijsius,3,0,3
Thijsjan,3,0,3
Thijska,0,3,3
Thijson,3,0,3
Thijss,3,0,3
Thijsses,0,3,3
Thijsson,3,0,3
Thijsyna,0,3,3
Thijza,0,3,3
Thik,3,0,3
Thikan,3,0,3
Thikawati,0,3,3
Thike,0,3,3
Thikona,3,0,3
Thikyana,0,3,3
Thil,3,0,3
Thilakan,3,0,3
Thilaksha,3,0,3
Thilakshiyan,3,0,3
Thilan,3,0,3
Thilano,3,0,3
Thilatha,0,3,3
Thilbert,3,0,3
Thilde-Dien,0,3,3
Thileepan,3,0,3
Thilena,0,3,3
Thilene,0,3,3
Thilia,0,3,3
Thilina,0,3,3
Thilini,0,3,3
Thilipan,3,0,3
Thilippus,3,0,3
Thilka,0,3,3
Thilla,0,3,3
Thillanayagam,0,3,3
Thillax,3,0,3
Thille,3,0,3
Thillemanus,3,0,3
Thilli,0,3,3
Thillie,0,3,3
Thillo,3,0,3
Thilmanus,3,0,3
Thilothama,0,3,3
Thimae,3,0,3
Thimathea,0,3,3
Thimea,0,3,3
Thimerik,3,0,3
Thimeus,3,0,3
Thimiana,0,3,3
Thimicha,0,3,3
Thimis,3,0,3
Thimisee,3,0,3
Thimmelena,0,3,3
Thimmie,3,0,3
Thimmo,3,0,3
Thimmon,3,0,3
Thimmothy,3,0,3
Thimn,3,0,3
Thimna,0,3,3
Thimney,3,0,3
Thimo-dayo,3,0,3
Thimón,3,0,3
Thimonthy,3,0,3
Thimosius,3,0,3
Thimoté,3,0,3
Thimoteüs,3,0,3
Thimotheë,0,3,3
Thimothëus,3,0,3
Thimótheüs,3,0,3
Thimothey,3,0,3
Thimothius,3,0,3
Thimotia,0,3,3
Thimotio,3,0,3
Thimour,3,0,3
Thimpe,3,0,3
Thimy,3,0,3
Thinayro,3,0,3
Thinca,0,3,3
Thind,0,3,3
Thineshkoemar,3,0,3
Thinga,0,3,3
Thinisha,0,3,3
Thinne,0,3,3
Thinsley,0,3,3
Thinushan,3,0,3
Thinwhite,3,0,3
Thinyen,0,3,3
Thiodore,3,0,3
Thiombane,3,0,3
Thiona,0,3,3
Thior,3,0,3
Thipa,0,3,3
Thipjula,0,3,3
Thiprada,0,3,3
Thipyada,0,3,3
Thiraji,0,3,3
Thiraman,3,0,3
Thirapat,3,0,3
Thiraphon,3,0,3
Thirawat,3,0,3
Thirca,0,3,3
Third,3,0,3
Thirelle,0,3,3
Thirgana,0,3,3
Thirice,3,0,3
Thirishma,0,3,3
Thirisy,0,3,3
Thirlby,3,0,3
Thiron,3,0,3
Thirsie,0,3,3
Thirtsah,0,3,3
Thiru,3,0,3
Thirucikan,3,0,3
Thiruma,0,3,3
Thirumadevi,0,3,3
Thirvi,0,3,3
Thiry,3,0,3
Thirza-Fe,0,3,3
Thirza-Joy,0,3,3
Thirzan,3,0,3
Thirzana,0,3,3
Thirzo,3,0,3
This,3,0,3
Thisainy,0,3,3
Thisal,3,0,3
Thisca,0,3,3
Thischa,0,3,3
Thischaïra,0,3,3
Thiseas,3,0,3
Thisha,0,3,3
Thishainely,0,3,3
Thishainy,0,3,3
Thishalini,0,3,3
Thishani,0,3,3
Thishante,3,0,3
Thishantely,0,3,3
Thisharania,0,3,3
Thisharu,3,0,3
Thishely,0,3,3
Thishona,0,3,3
Thisia,0,3,3
Thisièra,0,3,3
Thisnelly,0,3,3
Thisoban,3,0,3
Thisontely,0,3,3
Thissa,0,3,3
Thisten,3,0,3
Thit,3,0,3
Thitaporn,0,3,3
Thitari,0,3,3
Thithu,0,3,3
Thitima,0,3,3
Thitirat,0,3,3
Thitiwat,3,0,3
Thittapat,3,0,3
Thitus,3,0,3
Thiuri,3,0,3
Thivaagar,3,0,3
Thivainely,0,3,3
Thivana,0,3,3
Thivanusan,3,0,3
Thivera,0,3,3
Thivija,0,3,3
Thiviksha,0,3,3
Thivis,3,0,3
Thivjaa,0,3,3
Thivya,0,3,3
Thiwapon,0,3,3
Thiwija,0,3,3
Thiy,0,3,3
Thiyam,3,0,3
Thiyana,0,3,3
Thiyanie,0,3,3
Thiza,0,3,3
Thizainy,0,3,3
Thizaira,0,3,3
Thizairo,3,0,3
Thiziana,0,3,3
Thjamara,0,3,3
Thjarvid,3,0,3
Thjayenna,0,3,3
Thjeerd,3,0,3
Thjeng,3,0,3
Thjerdo,3,0,3
Thjerry,3,0,3
Thjia,0,3,3
THJM,3,0,3
Thjoi,0,3,3
Thjon-Ji,3,0,3
Thjum,3,0,3
Tho-Chun,3,0,3
Thoar,3,0,3
Thobani,3,0,3
Thobeas,3,0,3
Thobertus,3,0,3
Thobi,0,3,3
Thobianne,0,3,3
Thóbias,3,0,3
Thobiasz,3,0,3
Thobisa,3,0,3
Thobold,3,0,3
Thocila,0,3,3
Thodao,0,3,3
Thodar,3,0,3
Thodd,3,0,3
Thode,3,0,3
Thodor,3,0,3
Thodora,0,3,3
Thodoris,3,0,3
Thoe,0,3,3
Thoedorus,3,0,3
Thoeodorus,3,0,3
Thoerka-Hoelda,0,3,3
Thohira,0,3,3
Thohngdie,3,0,3
Thoja,3,0,3
Thoko,0,3,3
Thola,3,0,3
Tholan,3,0,3
Tholbjorn,3,0,3
Tholeas,3,0,3
Tholfekar,3,0,3
Tholga,0,3,3
Tholomeus,3,0,3
Tholstrup,0,3,3
Thom-Bas,3,0,3
Thom-Christiaan,3,0,3
Thom-Gabie,3,0,3
Thom-Gerrit,3,0,3
Thom-Julian,3,0,3
Thom-Lucas,3,0,3
Thom-Pieter,3,0,3
Thomaas,3,0,3
Thomachine,0,3,3
Thomacia,0,3,3
Thomacina,0,3,3
Thomacino,3,0,3
Thomaïdis,0,3,3
Thomairo,3,0,3
Thomaisja,0,3,3
Thomalia,0,3,3
Thomalina,0,3,3
Thomania,0,3,3
Thomanton,3,0,3
Thomaron,3,0,3
Thòmas,3,0,3
Thomas-Ane,3,0,3
Thomas-Christiaan,3,0,3
Thomas-Dirk,3,0,3
Thomas-Douwe,3,0,3
Thomas-Freek,3,0,3
Thomas-Harm,3,0,3
Thomas-Henry,3,0,3
Thomas-Indy,3,0,3
Thomas-Jacques,3,0,3
Thomas-Jason,3,0,3
Thomas-Jonathan,3,0,3
Thomas-Luuk,3,0,3
Thomas-Marijn,3,0,3
Thomas-Matthijs,3,0,3
Thomas-Orri,3,0,3
Thomas-Peter,3,0,3
Thomas-Pieter,3,0,3
Thomas-Robert,3,0,3
Thomas-Ruben,3,0,3
Thomas-Sebastian,3,0,3
Thomas-Shayne,3,0,3
Thomas-Sijmen,3,0,3
Thomas-Søren,3,0,3
Thomas-Warbit,3,0,3
Thomas-Wilhelm,3,0,3
Thomas-Willem,3,0,3
Thomas-Wim,3,0,3
Thomascilio,3,0,3
Thomase,0,3,3
Thomasiana,0,3,3
Thomasiena,0,3,3
Thomasieto,3,0,3
Thomasin,3,0,3
Thomasino,3,0,3
Thomasiny,3,0,3
Thomasius,3,0,3
Thomasja,0,3,3
Thomaska,0,3,3
Thomaso,3,0,3
Thomasong,3,0,3
Thomasovich,3,0,3
Thomasseita,3,0,3
Thomasso,3,0,3
Thomasson,3,0,3
Thomasvich,3,0,3
Thomaszoon,3,0,3
Thomay,3,0,3
Thomáy-Claire,0,3,3
Thomayo,3,0,3
Thomazina,0,3,3
Thombias,3,0,3
Thomee,0,3,3
Thomelinde,0,3,3
Thomex,3,0,3
Thomey,3,0,3
Thomias,3,0,3
Thomica,0,3,3
Thominde,0,3,3
Thomke,0,3,3
Thomma,0,3,3
Thommaso,3,0,3
Thommes,3,0,3
Thommus,3,0,3
Thommy-Hiram,3,0,3
Thommyolâvgabriëlle,3,0,3
Thomos,3,0,3
Thomsen,3,0,3
Thomwora,3,0,3
Thonairo,3,0,3
Thonella,3,0,3
Thông,3,0,3
Thongdee,0,3,3
Thongdie,0,3,3
Thonglor,3,0,3
Thongma,0,3,3
Thongthai,3,0,3
Thongtjay,3,0,3
Thonhny,3,0,3
Thonias,3,0,3
Thonij,3,0,3
Thonise,0,3,3
Thonke,0,3,3
Thonnis,3,0,3
Thono,3,0,3
Thonolan,3,0,3
Thöny,0,3,3
Thoo,3,0,3
Thoole,3,0,3
Thoomey,0,3,3
Thooms,3,0,3
Thoony,3,0,3
Thopulus,3,0,3
Thór,3,0,3
Thor-Olaf,3,0,3
Thoralf,3,0,3
Thoralv,3,0,3
Thorant,3,0,3
Thoranus,3,0,3
Thoraya,0,3,3
Thorbald,3,0,3
Thorbert,3,0,3
Thorbin-San,3,0,3
Thorbjorn,3,0,3
Thorbjørg,0,3,3
Thorburn,3,0,3
Thöre,3,0,3
Thoretta,0,3,3
Thoreya,0,3,3
Thórfinn,3,0,3
Thorg,3,0,3
Thorgeïr,3,0,3
Thorgerd,3,0,3
Thorgil,3,0,3
Thorgrim,3,0,3
Thorhold,3,0,3
Thoria,0,3,3
Thorif,0,3,3
Thorik,3,0,3
Thorinda,0,3,3
Thorkil,3,0,3
Thorley,3,0,3
Thorm,3,0,3
Thormé,3,0,3
Thormen,3,0,3
Thorna,0,3,3
Thornbull,3,0,3
Thornée,3,0,3
Thornee,3,0,3
Thornell,3,0,3
Thörner,3,0,3
Thornischa,0,3,3
Thornstein,3,0,3
Thornwald,3,0,3
Thoro,3,0,3
Thorotea,0,3,3
Thorothea,0,3,3
Thorothy,0,3,3
Thorquil,3,0,3
Thorquin,3,0,3
Thorr,3,0,3
Thorrald,3,0,3
Thorran,3,0,3
Thorrin,3,0,3
Thorrow,3,0,3
Thorstijn,3,0,3
Thorsø,3,0,3
Thorte,0,3,3
Thörun,3,0,3
Thórunn,0,3,3
Thorunn,0,3,3
Thörvald,3,0,3
Thorvan,3,0,3
Thörven,0,3,3
Thorvik,3,0,3
Thorvino,3,0,3
Thorvolt,3,0,3
Thorwalt,3,0,3
Thoryan,3,0,3
Thoryn,3,0,3
Thosha,0,3,3
Thossana,0,3,3
Thosus,3,0,3
Thouayba,0,3,3
Thouraïa,0,3,3
Thouraija,0,3,3
Thourayya,0,3,3
Thouria,0,3,3
Thourya,0,3,3
Thousandt,3,0,3
Thoussaint,3,0,3
Thoutinio,3,0,3
Thovald,3,0,3
Thowayba,0,3,3
Thowi,3,0,3
Thowin,3,0,3
Thoz,3,0,3
Thrasos,3,0,3
Thrasyvoulos,3,0,3
Thravis,3,0,3
Threastria,0,3,3
Threesa,0,3,3
Threeshe,0,3,3
Threesia,0,3,3
Threeyani,0,3,3
Thrémy,0,3,3
Threno,3,0,3
Thrèse,3,0,3
Thresha,0,3,3
Thresiana,0,3,3
Thresianneke,0,3,3
Thresica,0,3,3
Thresie,0,3,3
Thresio,3,0,3
Threski,0,3,3
Threstan,3,0,3
Threston,3,0,3
Threvyn,3,0,3
Threy,3,0,3
Threzia,0,3,3
Thrijphon,0,3,3
Thrijs,0,3,3
Thrinksa,0,3,3
Thriphon,3,0,3
Thris,0,3,3
Thrisant,3,0,3
Thrishna-Devi,0,3,3
Thrisian,3,0,3
Thrisna,0,3,3
Thrista,0,3,3
Thristhan,3,0,3
Thristian,3,0,3
Throrfinn,3,0,3
Througilio,3,0,3
Throy,3,0,3
Thrumaine,3,0,3
Thryfena,0,3,3
Thryvosa,0,3,3
Thsie,0,3,3
Thsien,0,3,3
Thsjawina,0,3,3
Thù,0,3,3
thu,0,3,3
Thu-Ha,0,3,3
Thu-Hieu,3,0,3
Thu-Nguyet,0,3,3
Thua,0,3,3
Thuân,3,0,3
Thuân-Hōa,0,3,3
Thuba,3,0,3
Thubie-Ross,3,0,3
Thubten,3,0,3
Thúc,3,0,3
Thuc-Yen,0,3,3
Thudela,0,3,3
Thudenya,0,3,3
Thuen,3,0,3
Thufelus,3,0,3
Thuha,0,3,3
Thujany,0,3,3
Thuk,3,0,3
Thuke,3,0,3
Thulaï,0,3,3
Thulai,0,3,3
Thulasegia,0,3,3
Thulashikaa,0,3,3
Thulasika,0,3,3
Thulile,0,3,3
Thulin,0,3,3
Thulisse,0,3,3
Thuljan,3,0,3
Thulsa,0,3,3
Thulsi,0,3,3
Thumás,3,0,3
Thumas,3,0,3
Thumbelina,0,3,3
Thumla,0,3,3
Thunar,3,0,3
Thunnatorn,3,0,3
Thunya,0,3,3
Thuo,3,0,3
Thuöng,0,3,3
Thupten,3,0,3
Thuraaya,0,3,3
Thurangga,3,0,3
Thureen,3,0,3
Thurha,0,3,3
Thuri,3,0,3
Thurian,3,0,3
Thurid,0,3,3
Thurijan,3,0,3
Thurika,0,3,3
Thürine,0,3,3
Thurise,0,3,3
Thurkshan,3,0,3
Thurmaine,3,0,3
Thursen,3,0,3
Thurseny,3,0,3
Thurya,0,3,3
Thusan,3,0,3
Thusanthan,3,0,3
Thusethan,3,0,3
Thushanth,3,0,3
Thushari,0,3,3
Thushiga,0,3,3
Thusijanthi,0,3,3
Thusnelde,0,3,3
Thuso,3,0,3
Thutop,3,0,3
Thuvana,0,3,3
Thuvaraga,0,3,3
Thuvaragaa,0,3,3
Thuvaragan,3,0,3
Thuvaragi,0,3,3
Thuvaraha,0,3,3
Thuvarisa,0,3,3
Thuweiba,0,3,3
Thuý,0,3,3
Thūy,0,3,3
Thũy,0,3,3
Thuy-An,0,3,3
Thuy-Diem,0,3,3
Thuy-Nhi,0,3,3
Thuy-Tien,0,3,3
Thûy-Tiên,0,3,3
Thuy-Uyen,0,3,3
Thuya,0,3,3
Thuyan,0,3,3
Thuydung,0,3,3
Thuyet,0,3,3
Thuyngan,0,3,3
ThuyVi,0,3,3
Thuza,0,3,3
Thvatchai,3,0,3
Thy'son,3,0,3
Thya,0,3,3
Thyade,0,3,3
Thyaira,0,3,3
Thyairo,3,0,3
Thyam,3,0,3
Thyamara,0,3,3
Thyane,0,3,3
Thyanhira,0,3,3
Thyani,0,3,3
Thyanna,0,3,3
Thyare,0,3,3
Thyaro,3,0,3
Thyatira,0,3,3
Thyaz,3,0,3
Thybald,3,0,3
Thybalt,3,0,3
Thybauld,3,0,3
Thybault,3,0,3
Thybor,3,0,3
Thybout,3,0,3
Thyce,3,0,3
Thychennely,0,3,3
Thychio,3,0,3
Thyde,3,0,3
Thydoor,3,0,3
Thyeisa,0,3,3
Thyelmer,3,0,3
Thyelvienno,3,0,3
Thyelvison,3,0,3
Thyemmo,3,0,3
Thyfo,3,0,3
Thyga,3,0,3
Thyger,3,0,3
Thygrace,0,3,3
Thyhainy,0,3,3
Thyhely,0,3,3
Thyiara,0,3,3
Thyill,3,0,3
Thyïsha,0,3,3
Thyjan,3,0,3
Thyjyra,0,3,3
Thyka,0,3,3
Thyke,3,0,3
Thyla,0,3,3
Thylan,3,0,3
Thylbert,3,0,3
Thyleman,3,0,3
Thylen,3,0,3
Thylène,0,3,3
Thylia,0,3,3
Thylianne,0,3,3
Thylio,3,0,3
Thylon,3,0,3
Thyma,0,3,3
Thymandra,0,3,3
Thymara,0,3,3
Thymen-Anlaw,3,0,3
Thymie,0,3,3
Thymion,3,0,3
Thymius,3,0,3
Thymmo,3,0,3
Thymone,0,3,3
Thymonn,3,0,3
Thymor,3,0,3
Thymoteo,3,0,3
Thymoteus,3,0,3
Thymotius,3,0,3
Thymoty,3,0,3
Thyna,0,3,3
Thynisia,0,3,3
Thynn,3,0,3
Thynne,3,0,3
Thyno,3,0,3
Thynus,0,3,3
Thyola,0,3,3
Thyôn,3,0,3
Thyona,0,3,3
Thyong,3,0,3
Thyr,3,0,3
Thyra-Yvonne,0,3,3
Thyrann,3,0,3
Thyrcia,0,3,3
Thyre,0,3,3
Thyreack,3,0,3
Thyrel,3,0,3
Thyresha,0,3,3
Thyreson,3,0,3
Thyriq,3,0,3
Thyrison,3,0,3
Thyriza,0,3,3
Thyrône,3,0,3
Thyronn,3,0,3
Thyroon,3,0,3
Thyrsha-Liv,0,3,3
Thyrza-LaToya,0,3,3
Thyrze,0,3,3
Thyrzo,3,0,3
Thys-Frits,3,0,3
Thysaira,0,3,3
Thyschano,3,0,3
Thysen,3,0,3
Thyshaeley,0,3,3
Thyshaensley,0,3,3
Thyshainy,0,3,3
Thyshamarie,0,3,3
Thyshano,3,0,3
Thysheeno,3,0,3
Thyshella,0,3,3
Thysiske,0,3,3
Thysja,0,3,3
Thysjen,0,3,3
Thyske,0,3,3
Thysse,3,0,3
Thysses,0,3,3
Thysso,3,0,3
Thyti,0,3,3
Thyvana,0,3,3
Thyvianscha,0,3,3
Thyviënne,0,3,3
Thyvon,3,0,3
Thywill,3,0,3
Thyzairomar,3,0,3
Thør,3,0,3
Thørben,3,0,3
Thøre,3,0,3
Thørsten,3,0,3
Ti'ana,0,3,3
Ti'annely,0,3,3
Ti'Aroha,0,3,3
Ti'en,3,0,3
Ti'jan,3,0,3
Ti'Jeano,3,0,3
Ti'Marley,3,0,3
Ti'shainey,0,3,3
Ti'shainy,0,3,3
Ti'yaera,0,3,3
Ti'yeli,0,3,3
Ti-amo,0,3,3
Ti-Amo,0,3,3
Ti-anne,0,3,3
Ti-Jan,3,0,3
Ti-Jany,3,0,3
Ti-Jen,0,3,3
Tï-koro-ku-ké,3,0,3
Ti-Nayshaley,0,3,3
Ti-Sen,3,0,3
Ti-Shanell,0,3,3
Ti-Shawn,0,3,3
Ti-Shayné,0,3,3
Ti-Shona,0,3,3
Ti-Tau,3,0,3
Tí-zíano,3,0,3
Ti-Zyooh,3,0,3
Tia-Maria,0,3,3
Tia-Màyra,0,3,3
Tia-Sade,0,3,3
Tiaamii,0,3,3
Tiabo,3,0,3
Tiaco,3,0,3
Tiado,3,0,3
Tiaerling,0,3,3
Tiaga,0,3,3
Tiaggo,3,0,3
Tiagó,3,0,3
Tiago-Gilvano,3,0,3
Tiah,0,3,3
Tiahra,0,3,3
Tiajuana,0,3,3
Tiaka,0,3,3
Tiako,3,0,3
Tiala,0,3,3
Tialder,3,0,3
Tialna,0,3,3
Tiám,3,0,3
Tiamara,0,3,3
Tiamba,0,3,3
Tiâmo,3,0,3
Tiàmo,3,0,3
Tiamó,3,0,3
Tiámo,3,0,3
Tiamur,3,0,3
Tiān,3,0,3
Tian-Le,3,0,3
Tian-Ming,3,0,3
Tian-Shi,0,3,3
Tian-shun,3,0,3
Tiàn-Tiàn,0,3,3
Tian-Yan,0,3,3
Tian-Ying,0,3,3
Tiana-May,0,3,3
Tianalisa,0,3,3
Tianaya,0,3,3
Tianey,0,3,3
Tianfu,3,0,3
Tianggur,0,3,3
Tiango,3,0,3
Tianhao,3,0,3
Tianhong,3,0,3
Tianjiu,3,0,3
Tianka,0,3,3
Tianlang,3,0,3
Tianle,3,0,3
Tianma,0,3,3
Tianne-Minke,0,3,3
Tianni,0,3,3
Tianrui,3,0,3
Tianshi,0,3,3
Tianthely,0,3,3
Tianya,0,3,3
Tianyin,3,0,3
TianYu,3,0,3
Tianyuan,0,3,3
Tianyun,0,3,3
Tianze,3,0,3
Tianzi,3,0,3
Tianzuo,3,0,3
Tiao,3,0,3
Tiaora,0,3,3
Tiar,3,0,3
Tiará,0,3,3
Tiard,3,0,3
Tiarda,0,3,3
Tiarde,0,3,3
Tiari,0,3,3
Tiaria,0,3,3
Tiarina,0,3,3
Tiarnach,3,0,3
Tiarrah,0,3,3
Tiaso,3,0,3
Tiateira,0,3,3
Tiauna,0,3,3
Tiaunne,0,3,3
Tiauw,3,0,3
Tiava,0,3,3
Tiavi,3,0,3
Tibah,0,3,3
Tibald,3,0,3
Tibari,3,0,3
Tibaux,3,0,3
Tibbe-Jan,3,0,3
Tibbechien,0,3,3
Tibbet,0,3,3
Tibbey,0,3,3
Tibbout,3,0,3
Tibé,3,0,3
Tibeaux,3,0,3
Tibechiena,0,3,3
Tibel,0,3,3
Tibelia,0,3,3
Tibeliya,0,3,3
Tibella,0,3,3
Tiberdina,0,3,3
Tiberia,0,3,3
Tiberian,0,3,3
Tiberon,3,0,3
Tibertina,0,3,3
Tibertinus,3,0,3
Tibi-Say,0,3,3
Tibia,0,3,3
Tibiane,0,3,3
Tibién,3,0,3
Tibijana,0,3,3
Tibika,3,0,3
Tibin,3,0,3
Tibisaid,0,3,3
Tibo-Thijs,3,0,3
Tibor-Jan,3,0,3
Tiborg,3,0,3
Tiborius,3,0,3
Tiborkím,3,0,3
Tibotius,3,0,3
Tiboud,3,0,3
Tiburce,0,3,3
Tiburtina,0,3,3
Tiburtsia,0,3,3
Tic,0,3,3
Ticanaf,3,0,3
Ticay,3,0,3
Ticci,0,3,3
Ticco,3,0,3
Ticcy,3,0,3
Tice,3,0,3
Ticem,0,3,3
Ticet,0,3,3
Tich,0,3,3
Ticha,0,3,3
Tichady,0,3,3
Tichagwa,3,0,3
Tichaina,0,3,3
Tichainey,0,3,3
Tichairo,3,0,3
Tichany,0,3,3
Tichard,3,0,3
Tichardo,3,0,3
Tichayro,3,0,3
Tichea,0,3,3
Ticheana,0,3,3
Tichel,3,0,3
Tichelle,0,3,3
Tichéney,0,3,3
Tichenna,0,3,3
Tichennery,0,3,3
Tichentely,0,3,3
Tichijna,0,3,3
Tichomir,3,0,3
Tichura,0,3,3
Tici,3,0,3
Tician,3,0,3
Ticianda,0,3,3
Ticiane,0,3,3
Ticinus,3,0,3
Tick,3,0,3
Tickno,3,0,3
Ticko,3,0,3
Ticky,3,0,3
TiCo,3,0,3
Tico-Joe,3,0,3
Tico-Joey,3,0,3
Ticoli,0,3,3
Tidani,0,3,3
Tidarina,0,3,3
Tiddes,3,0,3
Tidè,0,3,3
Tideke,0,3,3
Tideric,3,0,3
Tidian,3,0,3
Tidiáne,3,0,3
Tidiani,3,0,3
Tidiano,3,0,3
Tidisha,0,3,3
Tidjaro,3,0,3
Tidjo,3,0,3
Tidjwatie,0,3,3
Tido-Alle-Patrick,3,0,3
Tidula,3,0,3
Tie-Hian,3,0,3
Tie-Liong,3,0,3
Tiea,0,3,3
Tieb,3,0,3
Tiebbegien,0,3,3
Tiebechiën,0,3,3
Tiebechiena,0,3,3
Tiebechiene,0,3,3
Tiebegina,0,3,3
Tiebertus,3,0,3
Tiebiggien,0,3,3
Tiebora,0,3,3
Tiecelijn,0,3,3
Tiechany,3,0,3
Tieche,0,3,3
Tiechon,3,0,3
Tiecke-Dorus,3,0,3
Tiëde,3,0,3
Tïedro,3,0,3
Tieg,3,0,3
Tiegan,0,3,3
Tieja,0,3,3
Tieka,0,3,3
Tiekenie,0,3,3
Tiekina,0,3,3
Tiektje,0,3,3
Tiëla,0,3,3
Tielamathmadebie,0,3,3
Tiele-Jan,3,0,3
Tieleke,0,3,3
Tielemana,0,3,3
Tielemania,0,3,3
Tielenius,3,0,3
Tielly,3,0,3
Tieltje,0,3,3
Tiêm,3,0,3
Tiema,3,0,3
Tiemal,3,0,3
Tieman,3,0,3
Tiemanda,0,3,3
Tiemara,0,3,3
Tiemawatie,0,3,3
Tieme-Jan,3,0,3
Tiemen-Jan,3,0,3
Tiemen-Klaas,3,0,3
Tiemen-Lennaert,3,0,3
Tiemenmarx,3,0,3
Tiemer,3,0,3
Tiemette,0,3,3
Tiemie,0,3,3
Tiemieke,0,3,3
Tiemko,3,0,3
Tiemmen,3,0,3
Tiemotheus,3,0,3
Tiemothia,0,3,3
Tíen,3,0,3
Tien-Ai,0,3,3
Tien-En,0,3,3
Tien-Foe,3,0,3
Tien-Lok,3,0,3
Tien-Tien,0,3,3
Tien-Tjie,3,0,3
Tièna,0,3,3
Tiëndo,3,0,3
Tiëndra,0,3,3
Tiëndro,3,0,3
Tiënelly,0,3,3
Tienem,0,3,3
Tienfuc,3,0,3
Tieng,3,0,3
Tiéng,3,0,3
Tienka,0,3,3
Tiënna,0,3,3
Tiënne,0,3,3
Tiennes,3,0,3
Tienni,0,3,3
Tiennot,3,0,3
Tienson,3,0,3
Tienta,0,3,3
Tientina,0,3,3
Tienyu,3,0,3
Tieo,3,0,3
Tierca,0,3,3
Tiërce,3,0,3
Tierésa,0,3,3
Tierno,3,0,3
Tierny,3,0,3
Tieron,3,0,3
Tiërra,0,3,3
Tièrra,0,3,3
Tierrah,0,3,3
Tierrell,3,0,3
Tierro,3,0,3
Tiersa,0,3,3
Tiersja,0,3,3
Tierta,3,0,3
Tierthradjkoemar,3,0,3
Tiertsje,0,3,3
Tierza,0,3,3
Tiesan,0,3,3
Tiescha,0,3,3
Tiësha,0,3,3
Tieshan,3,0,3
Tieshje,3,0,3
Tiesienne,0,3,3
Tiesjie,0,3,3
Tieso,3,0,3
Tiessine,0,3,3
Tiessinus,3,0,3
Tiessir,3,0,3
Tiësta,0,3,3
Tiestje,0,3,3
Tiesto,3,0,3
Tiëstor,3,0,3
Tiêta,0,3,3
Tietcia,0,3,3
Tietco,3,0,3
Tiëte,3,0,3
Tieterikus,3,0,3
Tietje-Jan,0,3,3
Tietje-Tanja,0,3,3
Tietje-Trijntje,0,3,3
Tietjes,0,3,3
Tieto,3,0,3
Tietriek,0,3,3
Tietschia,0,3,3
Tietsie,0,3,3
Tietsija,0,3,3
Tietsjana,0,3,3
Tiêu,0,3,3
Tieubao,3,0,3
Tieuco,0,3,3
Tieulong,3,0,3
Tieun,0,3,3
Tieuw,0,3,3
Tiewas,3,0,3
Tiewen,3,0,3
Tiewina,0,3,3
Tieyae,3,0,3
Tiez,3,0,3
Tiezem,3,0,3
Tifaino,3,0,3
Tifainy,0,3,3
Tifan,3,0,3
Tifaney,0,3,3
Tifania,0,3,3
Tifanie,0,3,3
Tifanio,3,0,3
Tifannie,0,3,3
Tifanny,0,3,3
Tifansly,0,3,3
Tifanya,0,3,3
Tifaout,0,3,3
Tifara,0,3,3
Tifarah,0,3,3
Tifareth,3,0,3
Tifawte,0,3,3
Tifenn,0,3,3
Tifenne,0,3,3
Tifeny,0,3,3
Tiferet,3,0,3
Tiffa,0,3,3
Tiffainy,0,3,3
Tiffano,3,0,3
Tiffâny,0,3,3
Tiffany-Amber,0,3,3
Tiffany-Bo,0,3,3
Tiffayna,0,3,3
Tiffeney,0,3,3
Tiffiny,0,3,3
Tiffny,0,3,3
Tifhen,0,3,3
Tifia,0,3,3
Tifianca,0,3,3
Tifiantely,0,3,3
Tifiro,3,0,3
Tifsa,0,3,3
Tifssa,0,3,3
Tifuh,0,3,3
Tig,3,0,3
Tigabu,3,0,3
Tigaino,3,0,3
Tigairo,3,0,3
Tigan,0,3,3
Tigany,3,0,3
Tigaya,0,3,3
Tiger-Jordan,3,0,3
Tiger-Lili,0,3,3
Tigernacus,3,0,3
Tigerr,0,3,3
Tigga,0,3,3
Tigger,3,0,3
Tiggy,3,0,3
Tighe,3,0,3
Tighlatbilaser,3,0,3
Tighrinia,0,3,3
Tigi,0,3,3
Tigianni,3,0,3
Tigidankay,0,3,3
Tigidankeh,0,3,3
Tigist,0,3,3
Tigje,0,3,3
Tiglath,3,0,3
Tigone,0,3,3
Tigorius,3,0,3
Tigran-Metz,3,0,3
Tigranovitsj,3,0,3
Tigranuhi,0,3,3
Tigridia,0,3,3
Tigui,0,3,3
Tiguidanke,0,3,3
Tigus,3,0,3
Tihaan,0,3,3
Tihaira,0,3,3
Tihaisa,0,3,3
Tihami,3,0,3
Tihani,0,3,3
Tihen,3,0,3
Tihio,3,0,3
Tihon,3,0,3
Tihsahr,3,0,3
Tihtina,0,3,3
Tihui,0,3,3
Tihulalé,0,3,3
Tiidawan,0,3,3
Tiis,3,0,3
Tiit,3,0,3
Tijada,0,3,3
Tijainy,0,3,3
Tijami,0,3,3
Tíjan,3,0,3
Tijang,3,0,3
Tijanna,0,3,3
Tijanni,3,0,3
Tijano,3,0,3
Tijara,0,3,3
Tijasha,0,3,3
Tijbbe,3,0,3
Tijchina,0,3,3
Tijcke,3,0,3
Tijdje,0,3,3
Tije-Joshua,3,0,3
Tijean,0,3,3
Tijeaney,0,3,3
Tijel,0,3,3
Tijèn,0,3,3
Tijensha,0,3,3
Tijger-Lily,0,3,3
Tijgerlelie,0,3,3
Tijgertje,0,3,3
Tijhairick,3,0,3
Tijhairo,3,0,3
Tijhe,3,0,3
Tijiba,0,3,3
Tijing-Kong,3,0,3
Tijjo,3,0,3
Tijkla,0,3,3
Tijlaart,3,0,3
Tijlhart,3,0,3
Tijltje,0,3,3
Tijmalda,0,3,3
Tijmara,0,3,3
Tijmen-Bastiaan,3,0,3
Tijmens,3,0,3
Tijmert,3,0,3
Tijmi,0,3,3
Tijmiena,0,3,3
Tijmina,0,3,3
Tijmm,3,0,3
Tijmo,3,0,3
Tijmona,0,3,3
Tijn-Peter,3,0,3
Tijn-Pieter,3,0,3
Tijn-Titus,3,0,3
Tijn-Tomas,3,0,3
Tijni,0,3,3
Tijnier,3,0,3
Tijnis,3,0,3
Tijnje,0,3,3
Tijnke,0,3,3
Tijnte,0,3,3
Tijoni,0,3,3
Tijs-Hendrikjan,3,0,3
Tijs-Pieter,3,0,3
Tijsbert,3,0,3
Tijsen,3,0,3
Tijsjan,3,0,3
Tijsjen,3,0,3
Tijsse,3,0,3
Tijsses,3,0,3
Tijssiene,0,3,3
Tijsz,3,0,3
Tijtina,0,3,3
Tijum,3,0,3
Tijuri,3,0,3
Tijwine,0,3,3
Tijze,3,0,3
Tik-Ai,3,0,3
Tíka,0,3,3
Tika-Mae,0,3,3
Tikaani,3,0,3
Tikadharie,3,0,3
Tikah,3,0,3
Tikalle,0,3,3
Tikamphorn,3,0,3
Tikan,3,0,3
Tikas,3,0,3
Tikaya,3,0,3
Tikeeh,0,3,3
Tikeya,0,3,3
Tikeysha,0,3,3
Tikhon,3,0,3
Tikidenkay,0,3,3
Tikidenke,0,3,3
Tikke,3,0,3
Tikoi,3,0,3
Tikopé,3,0,3
Tikor,3,0,3
Tikpeis,3,0,3
Tiku,0,3,3
Tikvha,0,3,3
Tikwaa,0,3,3
Tikwah,0,3,3
Tikwan,3,0,3
Tikyana,0,3,3
Tilachew,0,3,3
Tilahun,3,0,3
Tilai,3,0,3
Tilaï,0,3,3
Tilak,3,0,3
Tilal,3,0,3
Tilana-Jay,0,3,3
Tilano,3,0,3
Tilanus,3,0,3
Tilaphat,3,0,3
Tilari,3,0,3
Tilasmi,0,3,3
Tilata,3,0,3
Tilawati,0,3,3
Tilayo,3,0,3
Tilaysha,0,3,3
Tilaysia,0,3,3
Tilayza,0,3,3
Tilbertha,0,3,3
Tilcia,0,3,3
Tilco,3,0,3
Tilden,0,3,3
Tildis,3,0,3
Tile,3,0,3
Tileia,0,3,3
Tilekram,3,0,3
Tilemachos,3,0,3
Tilemina,0,3,3
Tilen,3,0,3
Tilena,0,3,3
Tilenius,3,0,3
Tilènne,0,3,3
Tilensa,0,3,3
Tileysha,0,3,3
Tili,0,3,3
Tiliande,0,3,3
Tilie,0,3,3
Tiliëtte,0,3,3
Tiline,3,0,3
Tilio,3,0,3
Tilita,0,3,3
Tilka,0,3,3
Tilky,0,3,3
Tillaneau,3,0,3
Tille,0,3,3
Tillemana,0,3,3
Tilles,3,0,3
Tilli,0,3,3
Tillijn,0,3,3
Tillio,3,0,3
Tilliy,0,3,3
Tillman,3,0,3
Tillmann,3,0,3
Tillyan,3,0,3
Tilmana,0,3,3
Tilom,3,0,3
Tilootma,0,3,3
Tilothmarani,0,3,3
Tilottamadebi,0,3,3
Tilottema,0,3,3
Tilsia,0,3,3
Tilsja,0,3,3
Tilso,3,0,3
Tilton,0,3,3
Tiluviël,3,0,3
Tilya,0,3,3
Tim-Alexander,3,0,3
Tim-Erik,3,0,3
Tim-Jelle,3,0,3
Tim-Jim,3,0,3
Tim-Josha,3,0,3
Tim-Louis,3,0,3
Tim-Luca,3,0,3
Tim-Luuk,3,0,3
Tim-Martijn,3,0,3
Tim-Merijn,3,0,3
Tim-Michiel,3,0,3
Tim-Oktay,3,0,3
Tim-René,3,0,3
Tim-Sietse,3,0,3
Tim-Theo,3,0,3
Tim-Tijn,3,0,3
Tim-Tomas,3,0,3
Timae,3,0,3
Timairo,3,0,3
Timajori,0,3,3
Timala,0,3,3
Timallah,3,0,3
Timanca,0,3,3
Timano,3,0,3
Timansha,3,0,3
Timäs,3,0,3
Timas,3,0,3
Timati,3,0,3
Timatia,0,3,3
Timatteo,3,0,3
Timayden,3,0,3
Timayra,0,3,3
Timbe,0,3,3
Timben,3,0,3
Timberlake,3,0,3
Timbi,0,3,3
Timbila,3,0,3
Timbit,3,0,3
Timboy,3,0,3
Timca,0,3,3
Timean,3,0,3
Timeas,3,0,3
Timeau,3,0,3
Timeea,0,3,3
Timentje,0,3,3
Timer,3,0,3
Timero,3,0,3
Times,3,0,3
Timetie,3,0,3
Timetje,0,3,3
Timety,3,0,3
Timfergy,3,0,3
Timi-Kaya,0,3,3
Timiçun,3,0,3
Timika,0,3,3
Timio,3,0,3
Timiquel,3,0,3
Timir,3,0,3
Timisay,0,3,3
Timisoara,0,3,3
Timith,3,0,3
Timity,3,0,3
Timius,3,0,3
Timko,3,0,3
Timlok,3,0,3
Timly,0,3,3
Timman,3,0,3
Timme-Jarno,3,0,3
Timme-Thijs,3,0,3
Timmek,3,0,3
Timmerick,3,0,3
Timmetijn,3,0,3
Timmey,0,3,3
Timmiena,0,3,3
Timmij,3,0,3
Timmin,3,0,3
Timming,3,0,3
Timmio,3,0,3
Timmithy,3,0,3
Timmity,3,0,3
Timmonthy,3,0,3
Timmothi,3,0,3
Timmy-Lee,3,0,3
Timmyan,3,0,3
Timmyslav,3,0,3
Timmythy,3,0,3
Timniet,0,3,3
Timó,3,0,3
Timo-Geert,3,0,3
Timo-Jan,3,0,3
Timo-Jorn,3,0,3
Timo-Joy,3,0,3
Timo-Taco,3,0,3
Timo-Tjeerd,3,0,3
Timoana,0,3,3
Timocin,3,0,3
Timoë,3,0,3
Timoerkhan,3,0,3
Timoerovitsj,3,0,3
Timoersa,0,3,3
Timofee,3,0,3
Timofeej,3,0,3
Timohin,3,0,3
Timoléon,3,0,3
Timoletta,0,3,3
Timomi,3,0,3
Timón,3,0,3
Timon-Jan,3,0,3
Timon-Jazz,3,0,3
Timonja,0,3,3
Timonteus,3,0,3
Timontheus,3,0,3
Timonthy,3,0,3
Timonus,3,0,3
Timonya,0,3,3
Timoo,3,0,3
Timorthy,3,0,3
Timorty,3,0,3
Timoryan,3,0,3
Timoson,3,0,3
Timotea,0,3,3
Timotei,3,0,3
Timoteos,3,0,3
Timoteum,3,0,3
Timótëus,3,0,3
Timòteüs,3,0,3
Timotéus,3,0,3
Timóteus,3,0,3
Timóteusz,3,0,3
Timotey,3,0,3
Timothäus,3,0,3
Timothaus,3,0,3
Timotheé,3,0,3
Timotheis,3,0,3
Timothemus,3,0,3
Timótheos,3,0,3
Timothès,3,0,3
Timótheűs,3,0,3
Timóthéüs,3,0,3
Timòtheüs,3,0,3
Timotheusz,3,0,3
Timothia,0,3,3
Timothiëus,3,0,3
Timothieus,3,0,3
Timothiüs,3,0,3
Timóthius,3,0,3
Timóthy,3,0,3
Timothy-Bernardus,3,0,3
Timothy-James,3,0,3
Timothy-Jonnan,3,0,3
Timothy-o,3,0,3
Timothy-Olivier,3,0,3
Timothy-Robert,3,0,3
Timothy-Seamus,3,0,3
Timothy-Silvester,3,0,3
Timothyus,3,0,3
Timotie,3,0,3
Timotio,3,0,3
Timotthé,3,0,3
Timouch,0,3,3
Timoura,0,3,3
Timovei,3,0,3
Timovej,3,0,3
Timoy,3,0,3
Timshell,3,0,3
Timsie,3,0,3
Timson,3,0,3
Timtamande,3,0,3
Timthy,3,0,3
Timu,0,3,3
Timuccin,3,0,3
Timuçine,0,3,3
Timujin,3,0,3
Timun,3,0,3
Timurer,3,0,3
Timurtaş,3,0,3
Timutu,3,0,3
Timward,3,0,3
Timwick,3,0,3
Tín,3,0,3
Tin-chi,3,0,3
Tin-Chie,3,0,3
Tin-Ha,0,3,3
Tin-Hang,3,0,3
Tin-Joeng,3,0,3
Tin-Long,3,0,3
Tin-Mun,3,0,3
Tin-Nio,0,3,3
Tin-Sang,3,0,3
Tin-Soen,3,0,3
Tin-Yau,3,0,3
Tin-Yu,0,3,3
Tina-Marie,0,3,3
Tina-Sari,0,3,3
Tinacharise,0,3,3
Tinada,0,3,3
Tinah-Madelena,0,3,3
Tinaira,0,3,3
Tinaisha,0,3,3
Tinaishaly,0,3,3
Tinaishe,3,0,3
Tinald,3,0,3
Tinalda,0,3,3
Tinaliz,0,3,3
Tinaloe,0,3,3
Tinar,0,3,3
Tinara,0,3,3
Tinas,0,3,3
Tinasealiny,0,3,3
Tinasih,0,3,3
Tinawati,0,3,3
Tinaya,0,3,3
Tinaye,0,3,3
Tinayshely,0,3,3
Tinayshley,0,3,3
Tinbite,3,0,3
Tinc,3,0,3
Tinckelbell,0,3,3
Tindara,0,3,3
Tinden,0,3,3
Tinder,0,3,3
Tindja,0,3,3
Tindómë,3,0,3
Tindur,3,0,3
Tindy,0,3,3
Tine-Andréa,0,3,3
Tine-Loes,0,3,3
Tine-Marije,0,3,3
Tine-Ruth,0,3,3
Tineco,0,3,3
Tinèk,3,0,3
Tinek,0,3,3
Tineke-Tjallina,0,3,3
Tineken,0,3,3
Tinekke,0,3,3
Tinelot,0,3,3
Tinely,0,3,3
Tinemarie,0,3,3
Tinemie,0,3,3
Tineria,0,3,3
Tinesha,0,3,3
Tinessa,0,3,3
Tineyla,0,3,3
Ting-Fang,0,3,3
Ting-Feng,3,0,3
Ting-Fung,0,3,3
Ting-Hang,3,0,3
Ting-Kwok,3,0,3
Ting-Man,0,3,3
Ting-Pong,3,0,3
Ting-ting,0,3,3
Ting-Xuan,3,0,3
Ting-Yan,0,3,3
Ting-Yi,0,3,3
Ting-yu,3,0,3
Ting-Yu,0,3,3
Tingana,3,0,3
Tingchen,3,0,3
Tinge,0,3,3
Tingen,0,3,3
Tinggel,0,3,3
Tingjie,3,0,3
Tingyue,0,3,3
Tinicia,0,3,3
Tinie-Tamara,0,3,3
Tininho,3,0,3
Tininjo,3,0,3
Tiniño,3,0,3
Tiniňo,3,0,3
Tinio,3,0,3
Tinisha,0,3,3
Tinishio,3,0,3
Tinithy,3,0,3
Tiniwg,0,3,3
Tinjo,3,0,3
Tinká,0,3,3
Tinkabella,0,3,3
Tinkebel,0,3,3
Tinki,0,3,3
Tinkla,0,3,3
Tinkwai,3,0,3
Tinky,0,3,3
Tinlé,3,0,3
Tinleigh,0,3,3
Tinlon,3,0,3
Tinmen,0,3,3
Tinmy,0,3,3
Tinna,0,3,3
Tinnam,0,3,3
Tinnaphob,3,0,3
Tinne-lou,0,3,3
Tinnelou,0,3,3
Tinnery,0,3,3
Tinni,0,3,3
Tinnie,0,3,3
Tinniffa,0,3,3
Tinnou,3,0,3
Tinoe,3,0,3
Tinok,0,3,3
Tinomuda,0,3,3
Tinotendaishe,3,0,3
Tinoy,3,0,3
Tinsaé,3,0,3
Tinsi,0,3,3
Tinsley,3,0,3
Tinta-Aimée,0,3,3
Tinti,3,0,3
Tintjong,3,0,3
Tintus,3,0,3
Tinuade,0,3,3
Tinuke,0,3,3
Tinurhaida,0,3,3
Tinusie,3,0,3
Tinussa,0,3,3
Tinuvièl,0,3,3
Tinúviel,0,3,3
Tiny-Elizabeth,0,3,3
Tiny-Jeannette,0,3,3
Tinyce,0,3,3
Tinyi,0,3,3
Tinyta,0,3,3
Tinzi,0,3,3
Tío,3,0,3
Tiobiste,0,3,3
Tiobran,3,0,3
Tiofilo,3,0,3
Tioga,0,3,3
Tioko,0,3,3
Tiolanda,3,0,3
Tiolina,0,3,3
Tioma,0,3,3
Tiomany,0,3,3
Tiomie,0,3,3
Tiomina,0,3,3
Tiomoid,3,0,3
Tiomotheus,3,0,3
Tiomsi,0,3,3
Tiondrey,3,0,3
Tionenji,3,0,3
Tioney,3,0,3
Tiong-Sin,3,0,3
Tioni,3,0,3
Tiönley,3,0,3
Tionney,0,3,3
Tiono,3,0,3
Tiorella,0,3,3
Tiorn,3,0,3
Tip-Vha,0,3,3
Tipagwuni,0,3,3
Tipagya,3,0,3
Tipani,0,3,3
Tipendra,3,0,3
Tiph,3,0,3
Tiphaini,0,3,3
Tiphanee,0,3,3
Tiphanie,0,3,3
Tipi,3,0,3
Tipnaree,0,3,3
Tipon,3,0,3
Tippen,3,0,3
Tipper,0,3,3
Tippie-Tipper,0,3,3
Tippy,0,3,3
Tipsuda,0,3,3
Tipton,3,0,3
Tipu,3,0,3
Tiqionne,3,0,3
Tiqrinja,0,3,3
Tiqua,0,3,3
Tiquano,3,0,3
Tiqué,0,3,3
Tique,0,3,3
Tiquera,0,3,3
Tiqwon,0,3,3
Tirachai,3,0,3
Tirah,0,3,3
Tiraizjah,0,3,3
Tiranké,0,3,3
Tiranna,0,3,3
Tirashly,3,0,3
Tirath,3,0,3
Tirawat,3,0,3
Tiraya,0,3,3
Tirbe,0,3,3
Tirea,0,3,3
Tireen,0,3,3
Tireily,3,0,3
Tirej,3,0,3
Tirell,3,0,3
Tirelo,3,0,3
Tirenia,0,3,3
Tiresh,3,0,3
Tiresha,0,3,3
Tiresias,3,0,3
Tireza,0,3,3
Tirhas,0,3,3
Tirhone,3,0,3
Tirij,0,3,3
Tirik,3,0,3
Tirine,0,3,3
Tirino,3,0,3
Tirion,3,0,3
Tiripsi,3,0,3
Tirisha,0,3,3
Tirisma,0,3,3
Tíríss-Daiwa,3,0,3
Tirkhe,0,3,3
Tirlokinath,3,0,3
Tirma,0,3,3
Tiroj,0,3,3
Tironey,3,0,3
Tironio,3,0,3
Tironte,0,3,3
Tiroscka,0,3,3
Tiroy,3,0,3
Tirreg,3,0,3
Tirreg-Naj,3,0,3
Tìrsa,0,3,3
Tirsan,3,0,3
Tirsata,0,3,3
Tirsio,3,0,3
Tirsit,0,3,3
Tirsta,0,3,3
Tirstan,3,0,3
Tirsza,0,3,3
Tirtha,3,0,3
Tirtsah,0,3,3
Tirtzah,0,3,3
Tiruni,0,3,3
Tirven,3,0,3
Tirviënna,0,3,3
Tiryal,0,3,3
Tirza-Jeditja,0,3,3
Tirza-Louisa,0,3,3
Tirza-Marije,0,3,3
Tirza-Naomie,0,3,3
Tirzana,0,3,3
Tirzano,3,0,3
Tirzha-Yasmin,0,3,3
Tirzhano,3,0,3
Tirzo,3,0,3
Tìs,3,0,3
Tisabella,0,3,3
Tisah,0,3,3
Tisaidrion,3,0,3
Tisaira,0,3,3
Tisairo,3,0,3
Tisaïro,3,0,3
Tisam,3,0,3
Tisandra,0,3,3
Tisanne,0,3,3
Tisanya,0,3,3
Tisayna,0,3,3
Tisaynah,0,3,3
Tisayron,3,0,3
Tisch,0,3,3
Tischoura,0,3,3
Tisé,0,3,3
Tişean,3,0,3
Tisera,0,3,3
Tishadee,0,3,3
Tishaeden,3,0,3
Tishaely,0,3,3
Tishaen,3,0,3
Tishaeniya,0,3,3
Tishainny,0,3,3
Tishainyn,0,3,3
Tishaline,0,3,3
Tishall,3,0,3
Tishand,3,0,3
Tishandro,3,0,3
Tishani,0,3,3
Tishania,0,3,3
Tishaniï,0,3,3
Tishankoemar,3,0,3
Tishann,0,3,3
Tishanno,3,0,3
Tishanry,3,0,3
Tishantaly,0,3,3
Tishanté,0,3,3
Tishantely-Elysha,0,3,3
Tishanthaly,0,3,3
Tishanthelly,0,3,3
Tishantley,0,3,3
Tishaunie,0,3,3
Tishauwny-Kitana,0,3,3
Tishayden,3,0,3
Tishealy,0,3,3
Tishean,0,3,3
Tisheéana,0,3,3
Tisheena,0,3,3
Tishelle,0,3,3
Tishendra,0,3,3
Tishiana,0,3,3
Tishiano,3,0,3
Tishiany,0,3,3
Tishiha,0,3,3
Tishiyah,0,3,3
Tishka,0,3,3
Tishko,3,0,3
Tishmara,0,3,3
Tishomingo,3,0,3
Tishvana,0,3,3
Tishyana,0,3,3
Tishyano,3,0,3
Tishynell,3,0,3
Tishyra,0,3,3
Tishyro,3,0,3
Tisi,0,3,3
Tisianna,0,3,3
Tisianne,0,3,3
Tisianthely,0,3,3
Tisiara,0,3,3
Tisiena,0,3,3
Tisinus,3,0,3
Tisjah,0,3,3
Tisjana,0,3,3
Tisje,0,3,3
Tisjoera,0,3,3
Tisjomar,3,0,3
Tisjona,0,3,3
Tisjöne,3,0,3
Tisken,3,0,3
Tiskes,3,0,3
Tisna,0,3,3
Tisnå,0,3,3
Tisnelly,0,3,3
Tispa,0,3,3
Tiss,3,0,3
Tissame,0,3,3
Tissan,3,0,3
Tissèm,3,0,3
Tissem,0,3,3
Tissie,0,3,3
Tissiène,0,3,3
Tissy,0,3,3
Tistan,3,0,3
Tistar,3,0,3
Tisthar,0,3,3
Tistou,3,0,3
Tiswara,3,0,3
Tisyanthaly,0,3,3
Tit-Peng,3,0,3
Titam,0,3,3
Titango,3,0,3
Titano,3,0,3
Titchia,0,3,3
Titciana,0,3,3
TitdoLordia,0,3,3
Titeke,0,3,3
Titha,0,3,3
Tithsanne,0,3,3
Titianasmara,3,0,3
Titianine,0,3,3
Titiba,0,3,3
Titien,0,3,3
Titiksha,0,3,3
Titilia,0,3,3
Titilola,0,3,3
Titin,0,3,3
Titirowa,0,3,3
Titisa,0,3,3
Titius,3,0,3
Titiya,0,3,3
Titjana,0,3,3
Titjano,3,0,3
Titjiani,3,0,3
Titó,3,0,3
Tito's,3,0,3
Tito-Rio,3,0,3
Titoean,3,0,3
Titolivio,3,0,3
Titom,3,0,3
Titou,3,0,3
Titova,0,3,3
Titsi,3,0,3
Titsiana,0,3,3
Titsiano,3,0,3
Titsija,0,3,3
Tittia,0,3,3
Titulo,3,0,3
Tityana,0,3,3
Titzia,0,3,3
Titziane,0,3,3
Titzya,0,3,3
Tiunn,3,0,3
Tiura,0,3,3
Tiurida,0,3,3
Tiuu,0,3,3
Tiva,0,3,3
Tivador,3,0,3
Tivaire,0,3,3
Tivairy,0,3,3
Tivaldus,3,0,3
Tivan,3,0,3
Tivania,0,3,3
Tivano,3,0,3
Tivenie,0,3,3
Tivian,0,3,3
Tiviandry,0,3,3
Tivianni,0,3,3
Tivisay,0,3,3
Tivonna,0,3,3
Tivor,3,0,3
Tiwana,0,3,3
Tiwánee,0,3,3
Tiwano,3,0,3
Tiwaporn,0,3,3
Tiwarie,3,0,3
Tiwina,0,3,3
Tiwo,3,0,3
Tiwout,3,0,3
Tixaily,0,3,3
Tixainó,3,0,3
Tixiara,0,3,3
Tiy,3,0,3
Tiya,0,3,3
Tiyahru,3,0,3
Tiyairah,0,3,3
Tiyamike,0,3,3
Tiyan,3,0,3
Tiyanah,0,3,3
Tiyané,3,0,3
Tiyane,3,0,3
Tiyano,3,0,3
Tiyany,3,0,3
Tiyarah,0,3,3
Tiyé,0,3,3
Tiyena,0,3,3
Tiyende,0,3,3
Tiyenna,0,3,3
Tiyhara,0,3,3
Tiyo,3,0,3
Tiyomi,0,3,3
Tiyomora-Lee,0,3,3
Tiyomosuk,3,0,3
Tiys,3,0,3
Tiyuana,0,3,3
Tiyuen,3,0,3
Tiyumba,0,3,3
Tiz,3,0,3
Tizaino,3,0,3
Tizandria,0,3,3
Tizano,3,0,3
Tizaura,0,3,3
Tizea,0,3,3
Tizhairo,3,0,3
Tiziaeno,3,0,3
Tiziahna,0,3,3
Tiziani,0,3,3
Tizianna,0,3,3
Tizianne,0,3,3
Tiziano-Diego-Valentino,3,0,3
Tizianus,3,0,3
Tiziany,0,3,3
Tizïaro,3,0,3
Tizio,3,0,3
Tizjana,0,3,3
Tizo,3,0,3
Tizooya,0,3,3
Tizza,0,3,3
Tizze,0,3,3
Tizziana,0,3,3
Tizziano,3,0,3
Tj'ièn,3,0,3
Tja-Lin,0,3,3
Tja-Shen,0,3,3
Tjaad,3,0,3
Tjaada,0,3,3
Tjaade,3,0,3
Tjaai,3,0,3
Tjaaike,3,0,3
Tjaakes,3,0,3
Tjaakkiena,0,3,3
Tjaakolina,0,3,3
Tjaakttje,0,3,3
Tjaale,3,0,3
Tjaandaniwatie,0,3,3
Tjaard-Jan,3,0,3
Tjaarde,3,0,3
Tjaardiena,0,3,3
Tjaarke-Henderika,0,3,3
Tjaarko,3,0,3
Tjaäroeme,0,3,3
Tjaart-Hendrik,3,0,3
Tjaart-Jan,3,0,3
Tjab,3,0,3
Tjabba,3,0,3
Tjabberndina,0,3,3
Tjabegiena,0,3,3
Tjabele,3,0,3
Tjabern,3,0,3
Tjabiene,0,3,3
Tjabienus,3,0,3
Tjaby,3,0,3
Tjace,3,0,3
Tjachja,0,3,3
Tjackina,0,3,3
Tjackolien,0,3,3
Tjackoline,0,3,3
Tjacobiena,0,3,3
Tjacobina,0,3,3
Tjacolien,0,3,3
Tjacomina,0,3,3
Tjacquelina,0,3,3
Tjaddes,3,0,3
Tjaddewee,0,3,3
Tjaddien,0,3,3
Tjaddo,3,0,3
Tjadduwee,0,3,3
Tjaddy,0,3,3
Tjaderik,3,0,3
Tjadie,0,3,3
Tjadiena,0,3,3
Tjadlind,0,3,3
Tjaduwa,0,3,3
Tjaela-Marja,0,3,3
Tjaerke,3,0,3
Tjaffen,3,0,3
Tjafse,3,0,3
Tjago,3,0,3
Tjahrim,3,0,3
Tjaid,3,0,3
Tjaidy,3,0,3
Tjaih,3,0,3
Tjaila,0,3,3
Tjailobie,3,0,3
Tjaimy,0,3,3
Tjaina,0,3,3
Tjairion,3,0,3
Tjaishalisa,0,3,3
Tjaitram,3,0,3
Tjakalina,0,3,3
Tjakco,3,0,3
Tjakediena,0,3,3
Tjakeliene,0,3,3
Tjakiene,0,3,3
Tjakine,0,3,3
Tjakinus,3,0,3
Tjakkeliena,0,3,3
Tjakkeline,0,3,3
Tjakki,0,3,3
Tjakkine,0,3,3
Tjakko-Reinier,3,0,3
Tjako-Martijn,3,0,3
Tjakoline,0,3,3
Tjaksing,3,0,3
Tjakske,0,3,3
Tjalam,3,0,3
Tjalbertus,3,0,3
Tjaldau,0,3,3
Tjalette,0,3,3
Tjalf-Jan,3,0,3
Tjalfe,3,0,3
Tjalfjan,3,0,3
Tjaliene,0,3,3
Tjaliex,3,0,3
Tjalin,3,0,3
Tjalinda,0,3,3
Tjaling,3,0,3
Tjalis,3,0,3
Tjalisa,0,3,3
Tjalisha,0,3,3
Tjalja,0,3,3
Tjalkina,0,3,3
Tjallanda,0,3,3
Tjalle-Durk,3,0,3
Tjalle-Jan,3,0,3
Tjaller,3,0,3
Tjalliene,0,3,3
Tjallijn,0,3,3
Tjallin,3,0,3
Tjallinda,0,3,3
Tjallinge,0,3,3
Tjallingh,3,0,3
Tjallingia,0,3,3
Tjallings,0,3,3
Tjallins,3,0,3
Tjallo,3,0,3
Tjallyen,0,3,3
Tjalmar,3,0,3
Tjaloh,3,0,3
Tjalowong,0,3,3
Tjalrike,0,3,3
Tjals,3,0,3
Tjalve,3,0,3
Tjaly,3,0,3
Tjalyna,0,3,3
Tjamal,3,0,3
Tjamaro,3,0,3
Tjambina,0,3,3
Tjamera,0,3,3
Tjami,3,0,3
Tjamila,0,3,3
Tjamilliou,3,0,3
Tjamkje-Anna,0,3,3
Tjamme-Tim,3,0,3
Tjammes,0,3,3
Tjammo,3,0,3
Tjamp,3,0,3
Tjan-Hing,3,0,3
Tjan-Ju,3,0,3
Tjanang,0,3,3
Tjanchianna,0,3,3
Tjandanie,0,3,3
Tjandarani,0,3,3
Tjanderdat,3,0,3
Tjanderdiel,0,3,3
Tjanderka,3,0,3
Tjanderkala,0,3,3
Tjanderlekha,0,3,3
Tjandermohan,3,0,3
Tjanderpatie,0,3,3
Tjanderperkash,3,0,3
Tjanderprekash,3,0,3
Tjandersain,3,0,3
Tjandersekhar,3,0,3
Tjanderwati,0,3,3
Tjandra-Bo,0,3,3
Tjandragoepta,3,0,3
Tjandråkiråna,0,3,3
Tjandrakirana,0,3,3
Tjandrawatih,0,3,3
Tjandrawatti,0,3,3
Tjandreka,3,0,3
Tjandresekhar,3,0,3
Tjandrikapersad,3,0,3
Tjang-Mey,0,3,3
Tjang-Shi,0,3,3
Tjanh,3,0,3
Tjania,0,3,3
Tjanida,0,3,3
Tjanina,0,3,3
Tjanipa,0,3,3
Tjanka,3,0,3
Tjanke,0,3,3
Tjannaba,0,3,3
Tjanneke,0,3,3
Tjannine,0,3,3
Tjanno,3,0,3
Tjantiek,0,3,3
Tjantik,0,3,3
Tjap-Sang,3,0,3
Tjapkebina,0,3,3
Tjapkelina,0,3,3
Tjapkeline,0,3,3
Tjaqeline,0,3,3
Tjaquelin,0,3,3
Tjaramo,3,0,3
Tjarbina,0,3,3
Tjàrda,0,3,3
Tjardah,0,3,3
Tjardalina,0,3,3
Tjardan,3,0,3
Tjarddine,0,3,3
Tjardelina,0,3,3
Tjardes,3,0,3
Tjardien,0,3,3
Tjardine,0,3,3
Tjardo-Wessel,3,0,3
Tjardon,3,0,3
Tjarduwiena,0,3,3
Tjare,0,3,3
Tjarec,3,0,3
Tjarewina,0,3,3
Tjarie,3,0,3
Tjarisa,0,3,3
Tjarita,0,3,3
Tjarkdine,0,3,3
Tjarkine,0,3,3
Tjarko-Dimar,3,0,3
Tjarkolina,0,3,3
Tjarkwil,3,0,3
Tjarlen,0,3,3
Tjarley,0,3,3
Tjarli,3,0,3
Tjarliene,0,3,3
Tjarly,0,3,3
Tjarn,3,0,3
Tjarnalinjo,3,0,3
Tjaro,3,0,3
Tjaronn,3,0,3
Tjarquine,0,3,3
Tjarra,0,3,3
Tjarrie,0,3,3
Tjarro,3,0,3
Tjarunat,3,0,3
Tjarunkumar,3,0,3
Tjarvelio,3,0,3
Tjarvez,3,0,3
Tjarviano,3,0,3
Tjarvijana,0,3,3
Tjarvineco,3,0,3
Tjarwine,0,3,3
Tjary,3,0,3
Tjas,3,0,3
Tjasanna,0,3,3
Tjasarina,0,3,3
Tjash,0,3,3
Tjasiara,0,3,3
Tjasie,3,0,3
Tjasker,3,0,3
Tjasko,3,0,3
Tjasmi,0,3,3
Tjassiena,0,3,3
Tjastiena,0,3,3
Tjaszo,3,0,3
Tjatanja,0,3,3
Tjatoergoenprakash,3,0,3
Tjauke,3,0,3
Tjauw,0,3,3
Tjavano,3,0,3
Tjaw,3,0,3
Tjayce,3,0,3
Tjaye,0,3,3
Tjayke,0,3,3
Tjayranio,3,0,3
Tjayrese,3,0,3
Tjayro,3,0,3
Tjayselino,3,0,3
Tjaytmass,0,3,3
Tjaz,3,0,3
Tjazah,0,3,3
Tjeadora,0,3,3
Tjeake,3,0,3
Tjean,3,0,3
Tjeany,0,3,3
Tjeark,3,0,3
Tjebbe-Jan,3,0,3
Tjebbedina,0,3,3
Tjebbeliena,0,3,3
Tjebbena,0,3,3
Tjebbes,3,0,3
Tjebbine,0,3,3
Tjebienne,0,3,3
Tjebina,0,3,3
Tjebinna,0,3,3
Tjebke,3,0,3
Tjebo,3,0,3
Tjebohn,3,0,3
Tjeco,3,0,3
Tjede,0,3,3
Tjedske,0,3,3
Tjedtje,0,3,3
Tjedtske,0,3,3
Tjée,3,0,3
Tjeed,3,0,3
Tjeempie,0,3,3
Tjeen,3,0,3
Tjeen-Kiong,3,0,3
Tjeera,0,3,3
Tjeeraldo,3,0,3
Tjeerd-Feike,3,0,3
Tjeerd-Jelle,3,0,3
Tjeerd-Klaas,3,0,3
Tjeerd-Kristiaan,3,0,3
Tjeerd-Menno,3,0,3
Tjeerd-Pieter,3,0,3
Tjeerd-Willem,3,0,3
Tjeerddina,0,3,3
Tjeerdien,0,3,3
Tjeerdine,0,3,3
Tjeerdliene,0,3,3
Tjeerdlouwren,3,0,3
Tjeerk,3,0,3
Tjeerriena,0,3,3
Tjeertdina,0,3,3
Tjeertsche,0,3,3
Tjeeske,0,3,3
Tjeeuwhan,0,3,3
Tjeeuwlan,0,3,3
Tjef,3,0,3
Tjeffrey,3,0,3
Tjeffriedus,3,0,3
Tjeffry,3,0,3
Tjefna,0,3,3
Tjefoe,3,0,3
Tjefra,0,3,3
Tjefry,3,0,3
Tjeh,3,0,3
Tjeija,0,3,3
Tjek,3,0,3
Tjekina,0,3,3
Tjelan,3,0,3
Tjëlano,3,0,3
Tjelcey,0,3,3
Tjelco,3,0,3
Tjelena,0,3,3
Tjelijne,0,3,3
Tjelka,0,3,3
Tjelke,0,3,3
Tjelko,3,0,3
Tjell,3,0,3
Tjelsey,0,3,3
Tjelsie,0,3,3
Tjelske,0,3,3
Tjèmara,0,3,3
Tjème,3,0,3
Tjemiera,0,3,3
Tjemkje,0,3,3
Tjemma,0,3,3
Tjemp,3,0,3
Tjen-Choeng,3,0,3
Tjen-Fa,3,0,3
Tjen-Foeng,3,0,3
Tjen-Thien,3,0,3
Tjence,3,0,3
Tjend,3,0,3
Tjendana,0,3,3
Tjenderdat,3,0,3
Tjendra,0,3,3
Tjendra-Wati,0,3,3
Tjendrawati,0,3,3
Tjeng-Wee,3,0,3
Tjenga,3,0,3
Tjenie,0,3,3
Tjenise,0,3,3
Tjenlee,3,0,3
Tjennah,0,3,3
Tjennefer,0,3,3
Tjennes,0,3,3
Tjennifer,0,3,3
Tjenny,0,3,3
Tjeno,3,0,3
Tjensun,3,0,3
Tjenta,0,3,3
Tjentsu,0,3,3
Tjenza,0,3,3
Tjepcko,3,0,3
Tjepkesz,3,0,3
Tjeppe,3,0,3
Tjeppie,0,3,3
Tjera,0,3,3
Tjerana,0,3,3
Tjerard,3,0,3
Tjeray'djeleigh,0,3,3
Tjercksz,3,0,3
Tjerdi,3,0,3
Tjerdo,3,0,3
Tjeremy,3,0,3
Tjerendi,3,0,3
Tjeresia,0,3,3
Tjerger,0,3,3
Tjèri,3,0,3
Tjerimè,0,3,3
Tjerina,0,3,3
Tjerk-Andries,3,0,3
Tjerk-Arnoud,3,0,3
Tjerk-Hidde,3,0,3
Tjerk-Hiddes,3,0,3
Tjerk-Martijn,3,0,3
Tjerk-Peter,3,0,3
Tjerk-Willem,3,0,3
Tjerka,0,3,3
Tjerkelo,3,0,3
Tjerkiena,0,3,3
Tjerkine,0,3,3
Tjerkines,3,0,3
Tjerkinus,3,0,3
Tjerkjan,3,0,3
Tjerkje-Lucienne,0,3,3
Tjerkjen,0,3,3
Tjerkolina,0,3,3
Tjerksje,0,3,3
Tjerkszn,3,0,3
Tjerkus,3,0,3
Tjerl,3,0,3
Tjerly,3,0,3
Tjermo,3,0,3
Tjero,0,3,3
Tjeromé,3,0,3
Tjerrel,0,3,3
Tjerro,3,0,3
Tjerry-Tjeerd,3,0,3
Tjersica,0,3,3
Tjertje,0,3,3
Tjertse,3,0,3
Tjery,0,3,3
Tjes-Anna,0,3,3
Tjesmar,3,0,3
Tjesra,0,3,3
Tjessedy,0,3,3
Tjessi,0,3,3
Tjessyca,0,3,3
Tjesta,0,3,3
Tjeswari,0,3,3
Tjetien,0,3,3
Tjetse,3,0,3
Tjetskina,0,3,3
Tjettes,3,0,3
Tjetty,0,3,3
Tjeulina,0,3,3
Tjeun,3,0,3
Tjeun-Hing,3,0,3
Tjeung,0,3,3
Tjeunkin,3,0,3
Tjeuvo,3,0,3
Tjeveley-Ann,0,3,3
Tjeverro,3,0,3
Tjey,3,0,3
Tjezaes,3,0,3
Tjezper,3,0,3
Tjhaing,3,0,3
Tjhau,3,0,3
Tjhaya,0,3,3
Tjheng,0,3,3
Tjhenice,0,3,3
Tjheske,3,0,3
Tjhi,3,0,3
Tjhiang,3,0,3
Tjhie,0,3,3
Tjhien,3,0,3
Tjhin-Kwong,3,0,3
Tjhinawoet,3,0,3
Tjhing,0,3,3
Tjhon-foeng,3,0,3
Tjhon-hin,3,0,3
Tjhon-Sen,3,0,3
Tji'en-Tze,3,0,3
Tji-Joong,3,0,3
Tji-Ming,3,0,3
Tji-Yu,0,3,3
Tjiaju,3,0,3
Tjiamo,3,0,3
Tjiano,3,0,3
Tjiao,0,3,3
Tjiasso,3,0,3
Tjiaw,0,3,3
Tjibaria,0,3,3
Tjibbe-Eelke,3,0,3
Tjibbe-Fritz,3,0,3
Tjibbe-Geert,3,0,3
Tjibbeles,3,0,3
Tjibbelina,0,3,3
Tjibbertina,0,3,3
Tjibbertus,3,0,3
Tjibbie,0,3,3
Tjibbiena,0,3,3
Tjibbigje,0,3,3
Tjibe,3,0,3
Tjibele,3,0,3
Tjibertus,3,0,3
Tjibkje,0,3,3
Tjibo,3,0,3
Tjidako,3,0,3
Tjidam,0,3,3
Tjiddina,0,3,3
Tjidine,0,3,3
Tjidzger,3,0,3
Tjie-Fen,3,0,3
Tjie-Hen,3,0,3
Tjie-Jien,3,0,3
Tjie-Khiong,3,0,3
Tjie-Kin,3,0,3
Tjie-Kong,3,0,3
Tjie-Mien,3,0,3
Tjie-Yi,0,3,3
Tjie-Yong,3,0,3
Tjieco,3,0,3
Tjiëk,3,0,3
Tjiel,3,0,3
Tjielke,3,0,3
Tjiem,0,3,3
Tjien-Jie,3,0,3
Tjien-Sang,3,0,3
Tjiengie,3,0,3
Tjienta,0,3,3
Tjierd,3,0,3
Tjiery,3,0,3
Tjieska,0,3,3
Tjieten,3,0,3
Tjietrangat,3,0,3
Tjietreangad,3,0,3
Tjietreghandh,3,0,3
Tjietrérekha,0,3,3
Tjietreveer,3,0,3
Tjietsje,0,3,3
Tjiettrerekha,0,3,3
Tjietzke,0,3,3
Tjieun,3,0,3
Tjieuwke,0,3,3
Tjifoe,3,0,3
Tjih,3,0,3
Tjihaja,0,3,3
Tjihan,3,0,3
Tjiho,3,0,3
Tjik,0,3,3
Tjikin,3,0,3
Tjikkie,0,3,3
Tjiklana,0,3,3
Tjikra,0,3,3
Tjil,3,0,3
Tjilde,0,3,3
Tjileboet,3,0,3
Tjilisa,0,3,3
Tjilla,0,3,3
Tjillia,0,3,3
Tjilmar,0,3,3
Tjiloar,3,0,3
Tjilong,3,0,3
Tjilt,3,0,3
Tjima,3,0,3
Tjimko,3,0,3
Tjimmy,0,3,3
Tjin-Hwa,0,3,3
Tjin-Sit-Piauw,0,3,3
Tjin-Tjie-Fuon,3,0,3
Tjinaira,0,3,3
Tjinairo,3,0,3
Tjinario,3,0,3
Tjindjara-Mativa,0,3,3
Tjinen-Tjoang,3,0,3
Tjinerino,3,0,3
Tjinero,3,0,3
Tjinfie-Ling,0,3,3
Tjing-Feng,3,0,3
Tjing-Jien,3,0,3
Tjing-Lun,3,0,3
Tjing-Ming,3,0,3
Tjing-Yi,3,0,3
Tjingco,3,0,3
Tjins,0,3,3
Tjinske,0,3,3
Tjinté,3,0,3
Tjintena,0,3,3
Tjioe-Khiam,3,0,3
Tjioe-Kie,3,0,3
Tjip-Floris,3,0,3
Tjipbelina,0,3,3
Tjipka,0,3,3
Tjipke-Alexander,3,0,3
Tjiptokoesoemo,3,0,3
Tjirco,3,0,3
Tjird,3,0,3
Tjirdsger,3,0,3
Tjirenza,0,3,3
Tjirge,3,0,3
Tjirieke,0,3,3
Tjiro,3,0,3
Tjirsten,0,3,3
Tjiry,3,0,3
Tjirza,0,3,3
Tjisaroea,3,0,3
Tjisco,3,0,3
Tjishe,3,0,3
Tjissiena,0,3,3
Tjissika,0,3,3
Tjit-Fo,3,0,3
Tjitanoes,0,3,3
Tjitiana,0,3,3
Tjitjih,0,3,3
Tjitju,0,3,3
Tjitrannigsch,0,3,3
Tjitrasehn,3,0,3
Tjitrawatie,0,3,3
Tjitresein,3,0,3
Tjitschke,0,3,3
Tjitscke,0,3,3
Tjitsie,0,3,3
Tjitsina,0,3,3
Tjitsk,0,3,3
Tjitske-Anna,0,3,3
Tjitske-Cornelia,0,3,3
Tjitske-Marjolein,0,3,3
Tjitske-Sjoukje,0,3,3
Tjitske-Uulkje,0,3,3
Tjitsken,0,3,3
Tjitsker,3,0,3
Tjitssienes,3,0,3
Tjitte-Jan,3,0,3
Tjitte-Jelte,3,0,3
Tjitte-Jeroen,3,0,3
Tjitte-Wietze,3,0,3
Tjittines,3,0,3
Tjittske,0,3,3
Tjitz,3,0,3
Tjitziena,0,3,3
Tjitzo,3,0,3
Tjium,3,0,3
Tjive,3,0,3
Tjixaino,3,0,3
Tjkina,0,3,3
Tjo-Kin,3,0,3
Tjoa,3,0,3
Tjoan-Hok,3,0,3
Tjoang,3,0,3
Tjobbe,3,0,3
Tjobert,3,0,3
Tjobo,3,0,3
Tjodi,0,3,3
Tjodrawatie,0,3,3
Tjodun,0,3,3
Tjody,3,0,3
Tjoë,0,3,3
Tjoean,3,0,3
Tjoek-len,0,3,3
Tjoeke,3,0,3
Tjoela,0,3,3
Tjoen-Fa,3,0,3
Tjoen-Ljong,3,0,3
Tjoen-Moi,0,3,3
Tjoen-San,3,0,3
Tjoen-Woei,3,0,3
Tjoeng-foei,3,0,3
Tjoepa,0,3,3
Tjoeraman,3,0,3
Tjoeramenie,3,0,3
Tjoerd,3,0,3
Tjoere,3,0,3
Tjoeren,3,0,3
Tjoeri,3,0,3
Tjoerka,3,0,3
Tjogieta,0,3,3
Tjoh,0,3,3
Tjohlensey,0,3,3
Tjoi,3,0,3
Tjolency,0,3,3
Tjolkje,3,0,3
Tjolling,3,0,3
Tjolner,3,0,3
Tjolt,3,0,3
Tjomme-Frederik,3,0,3
Tjommeline,0,3,3
Tjon-Fei,3,0,3
Tjon-Hin,3,0,3
Tjon-Ting,3,0,3
Tjona,0,3,3
Tjong-Bing,3,0,3
Tjong-Fa,3,0,3
Tjong-Gie,3,0,3
Tjong-Kie,3,0,3
Tjong-Shan,3,0,3
Tjong-Sin,3,0,3
Tjong-Tek,3,0,3
Tjong-Wei,3,0,3
Tjongkonnie,0,3,3
Tjongol,3,0,3
Tjonjin,0,3,3
Tjonkol,0,3,3
Tjonna,3,0,3
Tjoo,3,0,3
Tjoonyin,3,0,3
Tjoor,3,0,3
Tjoosefien,0,3,3
Tjor,3,0,3
Tjorantie,0,3,3
Tjorben,3,0,3
Tjoris,3,0,3
Tjorres,3,0,3
Tjorri,3,0,3
Tjosandro,3,0,3
Tjosca,0,3,3
Tjou-la,0,3,3
Tjou-ming,3,0,3
Tjoulin,0,3,3
Tjouw,0,3,3
Tjouwkeline,0,3,3
Tjsie,3,0,3
Tju-Ling,0,3,3
Tjubby,3,0,3
Tjui,3,0,3
Tjuk,3,0,3
Tjuk-Yin,3,0,3
Tjung-Man,3,0,3
Tjunman,3,0,3
Tjunyo,0,3,3
Tjurd,3,0,3
Tjuro,3,0,3
Tjusen,3,0,3
Tjustil,3,0,3
Tjut,0,3,3
Tjutatiep,0,3,3
Tjutnjak,0,3,3
Tjwi,0,3,3
Tjylke,3,0,3
Tjyro,3,0,3
Tjønne,3,0,3
Tjøstil,3,0,3
Tkawan,0,3,3
Tkemo,3,0,3
Tlaithmas,0,3,3
Tlaitmas,0,3,3
Tlaloc,3,0,3
Tlayoloti,3,0,3
Tleitmas,0,3,3
TLJ,0,3,3
TLM,0,3,3
TMA,0,3,3
TMG,0,3,3
Tmira,0,3,3
TMM,0,3,3
Tmniet,0,3,3
TMS,0,3,3
Tnawan,3,0,3
Tnbit,0,3,3
Tnoedja,0,3,3
Tnok,0,3,3
To-Kanan,3,0,3
To-Me,3,0,3
To-Quéncio,3,0,3
Toa-Nuï,3,0,3
Toah,0,3,3
Toai,3,0,3
Toán,3,0,3
Toang,3,0,3
Tobai,3,0,3
Tobalade,3,0,3
Toban,3,0,3
Tobana,3,0,3
Tobap,3,0,3
Tobbey,0,3,3
Tobby,3,0,3
Tobeas,3,0,3
Tober,3,0,3
Toberine,0,3,3
Tobert,3,0,3
Tobi-Bola,3,0,3
Tobía,0,3,3
Tóbiaan,3,0,3
Tobiael,0,3,3
Tobianne,0,3,3
Tóbiás,3,0,3
Tobias-Logan,3,0,3
Tobias-Marten,3,0,3
Tobıasz,3,0,3
Tobiël,3,0,3
Tobien,3,0,3
Tobiene,0,3,3
Tobienus,3,0,3
Tobija,0,3,3
Tobijah,0,3,3
Tobijan,3,0,3
Töbina,0,3,3
Tobinh,3,0,3
Tobio,3,0,3
Tobor,3,0,3
Tobore,3,0,3
Tobri,0,3,3
Tobu,3,0,3
Tóby,3,0,3
Toby-Aaron,3,0,3
Tobyias,3,0,3
Tochana,0,3,3
Tochie,3,0,3
Tochukwi,3,0,3
Tocinne,0,3,3
Tod,3,0,3
Toda,0,3,3
Todaseran,3,0,3
Toddson,3,0,3
Toddwell,3,0,3
Tödi,3,0,3
Todias,3,0,3
Todimu,3,0,3
Todo,3,0,3
Todora,0,3,3
Todorov,3,0,3
Todoza,3,0,3
Todung,3,0,3
Todz,3,0,3
Toe,3,0,3
Toe-Ti,0,3,3
Toebie,3,0,3
Toechara,0,3,3
Toedie,0,3,3
Toëen,3,0,3
Toef,3,0,3
Toefaan,3,0,3
Toefaël,3,0,3
Toefeil,3,0,3
Toefik,3,0,3
Toegijem,0,3,3
Toegina,0,3,3
Toeginah,0,3,3
Toegino,3,0,3
Toegirah,0,3,3
Toegirin,3,0,3
Toehami,0,3,3
Toeika,0,3,3
Toeja,0,3,3
Toeka,0,3,3
Toekaja,3,0,3
Toekarman,3,0,3
Toeki,0,3,3
Toekie,0,3,3
Toekiejem,0,3,3
Toekijah,0,3,3
Toekijat,3,0,3
Toekijo,3,0,3
Toekilah,0,3,3
Toekina,0,3,3
Toekyah,0,3,3
Toelah,0,3,3
Toelaram,3,0,3
Toelasih,0,3,3
Toelchandersingh,3,0,3
Toelosah,0,3,3
Toelshi,0,3,3
Toelsi,3,0,3
Toelsidaas,3,0,3
Toelsiedei,0,3,3
Toelsienand,3,0,3
Toelsieparkas,3,0,3
Toelsikiran,0,3,3
Toelsisin,3,0,3
Toem,3,0,3
Toemar,3,0,3
Toemarlien,0,3,3
Toemidjan,3,0,3
Toëmiem,0,3,3
Toemih,0,3,3
Toemijah,0,3,3
Toemini,0,3,3
Toeminie,0,3,3
Toeminten,0,3,3
Toemirietjin,0,3,3
Toemisa,0,3,3
Toenakajare,3,0,3
Toenakayari,3,0,3
Toenas,3,0,3
Toenawekàpe,3,0,3
Toeng-Fat,3,0,3
Toeng-Tsoi,3,0,3
Toenga,3,0,3
Toengiel,0,3,3
Toenike,0,3,3
Toenk,3,0,3
Toenke,3,0,3
Toeno,3,0,3
Toens,3,0,3
Toeo,0,3,3
Toepé,3,0,3
Toeran,3,0,3
Toeranneh,0,3,3
Toeria,0,3,3
Toerij,3,0,3
Toermalijntje,0,3,3
Toeroena,0,3,3
Toers,3,0,3
Toesce,3,0,3
Toeschka,0,3,3
Toeshant,3,0,3
Toeshar,3,0,3
Toesinah,0,3,3
Toesty,0,3,3
Toet-oe,3,0,3
Toetanchamon,3,0,3
Toetie-Bonski,3,0,3
Toety,0,3,3
Toeve,0,3,3
Toewi,3,0,3
Toexay,3,0,3
Toeyem,0,3,3
Toezzorha,0,3,3
Tofayl,3,0,3
Tofek,3,0,3
Toffeur,0,3,3
Toffic,3,0,3
Tofiek,3,0,3
Tofilus,3,0,3
Tofino,3,0,3
Tofke,3,0,3
Tofsir,3,0,3
Tofumi,0,3,3
Togan,3,0,3
Togap,3,0,3
Togar,3,0,3
Togarma,0,3,3
Togian,3,0,3
Toguma,3,0,3
Tohami,3,0,3
Tohan,3,0,3
Tohap,3,0,3
Tohen,3,0,3
Tohento,3,0,3
Tohid,3,0,3
Tohira,0,3,3
Tohj,0,3,3
Tohko,3,0,3
Tohm,3,0,3
Tohn,3,0,3
Tohnio,3,0,3
Töhötöm,0,3,3
Tohra,0,3,3
Tohu,3,0,3
Toi-Man,0,3,3
Toihirou,3,0,3
Toika,0,3,3
Toike,0,3,3
Toinah,0,3,3
Toíne,3,0,3
Toïne,3,0,3
Toîne,3,0,3
Toine-Otto,3,0,3
Toineke,0,3,3
Toiney,0,3,3
Toinja,0,3,3
Toinnet,0,3,3
Toirana,0,3,3
Toirin,3,0,3
Toisha,0,3,3
Toissant,3,0,3
Toiva,0,3,3
Toivy,3,0,3
Toj,3,0,3
Tojana,0,3,3
Tojeiro,3,0,3
Tojimah,0,3,3
Tok,0,3,3
Tokaya,0,3,3
Tokeer,3,0,3
Toki,3,0,3
Tokie,0,3,3
Tokihito,3,0,3
Tokir,3,0,3
Tokka,0,3,3
Tokkie,0,3,3
Toko,3,0,3
Tokol,3,0,3
Tokolah,3,0,3
Tōkōlo,0,3,3
Tokoro,0,3,3
Tokozani,0,3,3
Toktam,0,3,3
Tokuboh,3,0,3
Tokumbo,0,3,3
Tokyta,0,3,3
Tolad,3,0,3
Tolak,0,3,3
Tolan,3,0,3
Tolasa,0,3,3
Tolay,3,0,3
Tolborg,3,0,3
Toldo,3,0,3
Tolea,3,0,3
Toledo,3,0,3
Toleen,0,3,3
Tolentina,0,3,3
Tolerance,3,0,3
Tolga-Han,3,0,3
Tolgaham,3,0,3
Tolibas,0,3,3
Tolien,0,3,3
Tolienia,0,3,3
Tolino,3,0,3
Tolisha,0,3,3
Tolka,3,0,3
Tolkay,3,0,3
Tolleiv,3,0,3
Tollie,3,0,3
Tollientje,0,3,3
Tolliver,3,0,3
Tolly,0,3,3
Tolmai,3,0,3
Tolmay,3,0,3
Tololioe,3,0,3
Tololiu,3,0,3
Tolomeo,3,0,3
Toloue,0,3,3
Tolowloh,0,3,3
Tolsje,0,3,3
Tolu,3,0,3
Tolud,3,0,3
Toluke,0,3,3
Tolulopeobama,3,0,3
Tolute,0,3,3
Toluwani,3,0,3
Toluwatobi,0,3,3
Toly,3,0,3
Tom-Ashwin,3,0,3
Tom-Bosse,3,0,3
Tom-Carel,3,0,3
Tom-Edgar,3,0,3
Tom-Eric,3,0,3
Tom-erik,3,0,3
Tom-Fokko,3,0,3
Tom-Hein,3,0,3
Tom-Henk,3,0,3
Tom-Hugo,3,0,3
Tom-Jelte,3,0,3
Tom-Joachim,3,0,3
Tom-Joep,3,0,3
Tom-Joeri,3,0,3
Tom-Johan,3,0,3
Tom-John,3,0,3
Tom-Mathijs,3,0,3
Tom-Nijs,3,0,3
Tom-Patric,3,0,3
Tom-Roderick,3,0,3
Tom-Tijmen,3,0,3
Tòma,3,0,3
Tomacina,0,3,3
Tomadder,0,3,3
Tomah,0,3,3
Tomaira,0,3,3
Tomaisoa,0,3,3
Tomalima,3,0,3
Tomalina,0,3,3
Tomanpersad,3,0,3
Tomàr,3,0,3
Tomarion,3,0,3
Tomaro,3,0,3
Tomary,3,0,3
Tomâs,3,0,3
Tomaś,3,0,3
Tomasia,0,3,3
Tomasine,0,3,3
Tomasita,0,3,3
Tomasken,3,0,3
Tomasovitch,3,0,3
Tomassah,0,3,3
Tomassi,3,0,3
Tomassina,0,3,3
Tomassino,3,0,3
Tomax,3,0,3
Tomay,3,0,3
Tomáz,3,0,3
Tomàz,3,0,3
Tomba,3,0,3
Tombé,3,0,3
Tombus,0,3,3
Tomchery,3,0,3
Tomeja,0,3,3
Tómek,3,0,3
Tomensina,0,3,3
Tomex,3,0,3
Tomfei,3,0,3
Tomha,3,0,3
Tomián,3,0,3
Tomian,3,0,3
Tomíca,0,3,3
Tomijiro,3,0,3
Tomiko,0,3,3
Tomila,0,3,3
Tomine,0,3,3
Tominia,0,3,3
Tominio,3,0,3
Tominus,3,0,3
Tomislava,0,3,3
TomisŁaw,3,0,3
Tomiwa,3,0,3
Tomlin,3,0,3
Tommack,3,0,3
Tòmmas,3,0,3
Tommasino,3,0,3
Tommechina,0,3,3
Tommelien,0,3,3
Tommety-Deacon,3,0,3
Tommi-Batya,0,3,3
Tommi-Finn,3,0,3
Tommie-Hans,3,0,3
Tommie-Jan,3,0,3
Tommina,0,3,3
Tomminicus,3,0,3
Tommino,3,0,3
Tommis,3,0,3
Tommo,3,0,3
Tommy-Boy,3,0,3
Tommy-Clark,3,0,3
Tommy-J,3,0,3
Tommy-Joe,3,0,3
Tommy-Kristian,3,0,3
Tommy-Li,3,0,3
Tommy-Theo,3,0,3
Tommyley,3,0,3
Tomoaki,3,0,3
Tomoki,3,0,3
Tomoo,3,0,3
Tomothée,3,0,3
Tomoya,3,0,3
Tompo,3,0,3
Tompson,3,0,3
Tomszoon,3,0,3
Tomwat,3,0,3
Tomyen,3,0,3
Ton-Chè,0,3,3
Ton-ché,0,3,3
Ton-Ewout,3,0,3
Ton-Gianni,3,0,3
Ton-Jan,3,0,3
Ton-Mathieu,3,0,3
Ton-May,0,3,3
Ton-Nu,0,3,3
Ton-Pieter,3,0,3
Ton-Sing,3,0,3
Ton-Tijn,3,0,3
Toña,0,3,3
Tona-Lucia,0,3,3
Tonanne,0,3,3
Tonantzin,0,3,3
Tonanzí,0,3,3
Tonas,3,0,3
Tonay,3,0,3
Tonca,3,0,3
Tonchi,3,0,3
Tonchiana,0,3,3
Tonči,3,0,3
Tondan,3,0,3
Tonder,3,0,3
Tondis,0,3,3
Tonee,0,3,3
Toneli,0,3,3
Tonemina,0,3,3
Tonét,0,3,3
Tonez,0,3,3
Tong-Min,3,0,3
Tong-Sja,0,3,3
Tong-Xin,0,3,3
Tong-Yang,3,0,3
Tonge,3,0,3
Tongkham,0,3,3
Tongla,0,3,3
Tonglie,3,0,3
Tongny,3,0,3
Tongrak,3,0,3
Tongui,3,0,3
Tongwon,3,0,3
Tongyu,0,3,3
Tonhar,3,0,3
Tonhing,0,3,3
Tönhön,0,3,3
Toni'Ray,3,0,3
Toni-Alexis,0,3,3
Toni-Anne,0,3,3
Toni-Mordento,3,0,3
Toni-moreno,3,0,3
Tonia-Gunesch,0,3,3
Tonian,3,0,3
Toniana,0,3,3
Tonianetty,0,3,3
Tonías,3,0,3
Tónie,3,0,3
Tonie-Dwumah,3,0,3
Tonie-Jan,3,0,3
Tonie-Maarten,3,0,3
Toniek,0,3,3
Tonieke,0,3,3
Toniëlla,0,3,3
Tonigio,3,0,3
Tonija,0,3,3
Tonilson,3,0,3
Tonin,3,0,3
Tönis,0,3,3
Toniska,0,3,3
Toñita,0,3,3
Tonkens,3,0,3
Tonkolina,0,3,3
Tonkorina,0,3,3
Tonmar,3,0,3
Tonn,3,0,3
Tönna,0,3,3
Tonnechiena,0,3,3
Tonnechienes,3,0,3
Tonnegina,0,3,3
Tonnella,0,3,3
Tonnemie,0,3,3
Tonnesdina,0,3,3
Tonnesz.,3,0,3
Tonnetta,0,3,3
Tonnette,0,3,3
Tonnie-Chi-Chun,3,0,3
Tonniecha,0,3,3
Tonniefa,0,3,3
Tonnieke,0,3,3
Tönnies,3,0,3
Tonnijs,3,0,3
Tonnika,0,3,3
Tonnis-Jan,3,0,3
Tonnise,0,3,3
Tonnissien,0,3,3
Tonnitha,0,3,3
Tonnyke,0,3,3
Tonnysa,0,3,3
Tonok,3,0,3
Tonora,0,3,3
Tonoy,3,0,3
Tonrieke,0,3,3
Tons,3,0,3
Tonscke,0,3,3
Tonsdochter,0,3,3
Tonsqi,0,3,3
Tonsy,0,3,3
Tonthoza,0,3,3
Tontoni,0,3,3
Tóny,3,0,3
Tony-Duy-An,3,0,3
Tony-Jay,3,0,3
Tony-Junior,3,0,3
Tonyah,0,3,3
Tonyana,0,3,3
Tonyanne,0,3,3
Tonycha,0,3,3
Tonyno,3,0,3
Tonzhi,3,0,3
Toobah,0,3,3
Toochi,3,0,3
Toody,0,3,3
Toofan,3,0,3
Tooike,0,3,3
Took,0,3,3
Toolit,3,0,3
Toolsie,0,3,3
Toomai,3,0,3
Toomi,0,3,3
Tooms,3,0,3
Toon-Jan,3,0,3
Toon-Pieter,3,0,3
Toong,0,3,3
Toonn,3,0,3
Toonna,3,0,3
Toonnelleke,3,0,3
Toontjen,0,3,3
Toor,3,0,3
Toorop,3,0,3
Toorran,3,0,3
Toorya,0,3,3
Toos-Anne,0,3,3
Toosanne,0,3,3
Toosette,0,3,3
Tooshela,0,3,3
Toosjantina,0,3,3
Toosjen,0,3,3
Tootsie,3,0,3
Tootsy,0,3,3
Toove,0,3,3
Tooya,3,0,3
Topacio,0,3,3
Topagna,0,3,3
Topan,3,0,3
Topaz-Dee,0,3,3
Topaze,0,3,3
Tope,3,0,3
Topenca,0,3,3
Topianus,3,0,3
Topias,3,0,3
Topiltzin,3,0,3
Topke,0,3,3
Tôpoe,3,0,3
Toposerome,0,3,3
Tops,0,3,3
Toqeer,3,0,3
Toqir,3,0,3
Tor-ben,3,0,3
Tor-Ivar,3,0,3
Torab,3,0,3
Torada,3,0,3
Torak,3,0,3
Toralt,3,0,3
Torang,0,3,3
Toranio,3,0,3
Torath,3,0,3
Toraya,0,3,3
Torbe,3,0,3
Torbed,3,0,3
Torben-Ingmar,3,0,3
Torbina,0,3,3
Torca,3,0,3
Tordamian,3,0,3
Tördis,0,3,3
Torean,3,0,3
Toréan,3,0,3
Toreano,3,0,3
Torec,3,0,3
Toreia,0,3,3
Torek,3,0,3
Torell,3,0,3
Torence,3,0,3
Torento,3,0,3
Torgal,3,0,3
Torgy,3,0,3
Torhil,0,3,3
Torialay,3,0,3
Torian,3,0,3
Toriana,0,3,3
Toribiën,3,0,3
Torien,0,3,3
Tòrik,3,0,3
Torina,0,3,3
Torine,0,3,3
Toriq,3,0,3
Torisa,0,3,3
Torischa,0,3,3
Toritse,3,0,3
Toritselaju,0,3,3
Toritsemugbone,0,3,3
Toritsesan,3,0,3
Torivia,0,3,3
Torkea,0,3,3
Torkia,0,3,3
Torm,3,0,3
Tormen,3,0,3
Tormund,3,0,3
Tornike,3,0,3
Tornvald,3,0,3
Toro,3,0,3
Törö,0,3,3
Toroa,3,0,3
Torobia,0,3,3
Torodd,3,0,3
Toroka,3,0,3
Torpeki,0,3,3
Torpelino,3,0,3
Torphinus,3,0,3
Torquil,3,0,3
Torránin,3,0,3
Torrellio,3,0,3
Torrez,3,0,3
Torrin,3,0,3
Torro,3,0,3
Torry,0,3,3
Torsila,0,3,3
Törsten,3,0,3
Tôrsten,3,0,3
Torsthijn,3,0,3
Torteles,3,0,3
Tortels,3,0,3
Torto,3,0,3
Torty,0,3,3
Torun,3,0,3
Torün,0,3,3
Torunefe,3,0,3
Torunn,0,3,3
Torval,3,0,3
Torvald-Louis-Taco,3,0,3
Torvalt,3,0,3
Torve,3,0,3
Torwald,3,0,3
Torya,0,3,3
Toryll,0,3,3
Toryn,3,0,3
Toryo,3,0,3
Tosa,3,0,3
Tosana,0,3,3
Tosanti,3,0,3
Tosao,3,0,3
Tosawi,3,0,3
Toscaline,0,3,3
Toscani,3,0,3
Toscania,0,3,3
Toscanini,0,3,3
Toscara,0,3,3
Tosch,3,0,3
Toschi,0,3,3
Toschinka,0,3,3
Toscing,3,0,3
Tosenko,3,0,3
Toshakkoemar,3,0,3
Toshankumar,3,0,3
Toshca,0,3,3
Toshen,3,0,3
Toshena,0,3,3
Toshero,3,0,3
Toshiba,3,0,3
Toshiko,0,3,3
Toshimaro,3,0,3
Toshimi,3,0,3
Toshin,3,0,3
Toshira,0,3,3
Toshita,0,3,3
Toshitaka,3,0,3
Toshiya,0,3,3
Toshoquello,3,0,3
Toshya,0,3,3
Tosi,3,0,3
Tosiba,0,3,3
Tosica,0,3,3
Tosita,0,3,3
Tosjariwi,3,0,3
Tosonia,0,3,3
Tossaan,3,0,3
Tossif,3,0,3
Tossine,0,3,3
Tosweet,3,0,3
Tosynouk,0,3,3
Tot,3,0,3
Totani,3,0,3
Totaram,3,0,3
Totela,3,0,3
Totie,0,3,3
Totje,0,3,3
Tottan,0,3,3
Totts,0,3,3
Totuccio,3,0,3
Tou-Latu,3,0,3
Toua,0,3,3
Touati,3,0,3
Touatia,0,3,3
Touayba,0,3,3
Toubane,3,0,3
Toubeh,3,0,3
Toubi,3,0,3
Touch,3,0,3
Toucha,0,3,3
Touchan,3,0,3
Touchcha,3,0,3
Touche,0,3,3
Touenti,3,0,3
Toufike,3,0,3
Toufique,3,0,3
Tougda,0,3,3
Touha,0,3,3
Touhfa,0,3,3
Touhid,3,0,3
Touibiya,0,3,3
Toukje,0,3,3
Toulaye,0,3,3
Toulia,0,3,3
Toulouze,0,3,3
Touma,3,0,3
Toumani,3,0,3
Toumas,0,3,3
Toumija,0,3,3
Toumy,0,3,3
Touni,3,0,3
Tounkara,3,0,3
Tounusa,3,0,3
Tounussa,3,0,3
Touqir,0,3,3
Tourean,3,0,3
Toureya,0,3,3
Touriana,0,3,3
Tourmaline,0,3,3
Tourne,0,3,3
Tourniers,3,0,3
Tourraya,0,3,3
Tous,3,0,3
Tousan,3,0,3
Tousania,0,3,3
Touscha,0,3,3
Touseyi,0,3,3
Toushaily,0,3,3
Toushka,0,3,3
Toussaan,3,0,3
Toussania,0,3,3
Toussant,3,0,3
Toussie,0,3,3
Toute,0,3,3
Touts,3,0,3
Touya,0,3,3
Touz,0,3,3
Touzani,3,0,3
Tove-Lola,0,3,3
Tovek,3,0,3
Tover,0,3,3
Tovié,3,0,3
Toviël,3,0,3
Tovin,3,0,3
Tow,3,0,3
Towa,3,0,3
Towah,0,3,3
Towatsai,3,0,3
Towera,0,3,3
Towfeeq,3,0,3
Towgaanali,3,0,3
Towhid,3,0,3
Towmas,3,0,3
Towsiënne,0,3,3
Towxheenah,0,3,3
Towy,0,3,3
Toyab,3,0,3
Tòyah,0,3,3
Toyca,0,3,3
Toygarhan,3,0,3
Toyka,0,3,3
Toyke,3,0,3
Toymra,0,3,3
Toyomi,0,3,3
Toysherino,3,0,3
Tozan,3,0,3
Tozetta,0,3,3
Tozy,0,3,3
TPR,0,3,3
Trà,0,3,3
Trablinka,0,3,3
Trac,3,0,3
Tracey-Jean,0,3,3
Trachy,0,3,3
Tracia,0,3,3
Tracie,0,3,3
Tracy-Ann,0,3,3
Trade-y,0,3,3
Trae'vaughn,3,0,3
Traece,0,3,3
Traeven,3,0,3
Tragali-Oram,3,0,3
Traiani,0,3,3
Traianus,3,0,3
Traiddimmu,3,0,3
Traiganini,3,0,3
Traikun,3,0,3
Traitana,0,3,3
Trajan,3,0,3
Trajana,0,3,3
Trajče,3,0,3
Trakaan,3,0,3
Trakena,0,3,3
Traki,0,3,3
Tramar,3,0,3
Tràmi,0,3,3
Trammaine,0,3,3
Tran-Sa,0,3,3
Tranan,0,3,3
Trance,3,0,3
Trancoso,0,3,3
Trang-My-Hang,0,3,3
Trang-Thien,0,3,3
Tranh,3,0,3
Tranlam,3,0,3
Trannam,0,3,3
Tranom,0,3,3
Tranquelino,3,0,3
Tranquillina,0,3,3
Tranquillinus,3,0,3
Tranquillus,3,0,3
Transhelique,0,3,3
Transisalanus,3,0,3
Tranvir,3,0,3
Träper,3,0,3
Traphania,0,3,3
Trapharius,3,0,3
Tras,3,0,3
Trasheiny,0,3,3
Trasoema,0,3,3
Trastorna,0,3,3
Traude,0,3,3
Traudine,0,3,3
Traudje,0,3,3
Traudl,0,3,3
Traudy,0,3,3
Traul,3,0,3
Trauta,0,3,3
Travaughn,3,0,3
Travaugnh,3,0,3
Traveler,0,3,3
Traveley,0,3,3
Travelingtonj,3,0,3
Travelli,3,0,3
Traven,3,0,3
Traveys,3,0,3
Traviata-Alcuinus,3,0,3
Travin,3,0,3
Travina,0,3,3
Travis-Meghean,0,3,3
Travolta,0,3,3
Travon,3,0,3
Travys,3,0,3
Traxxas,3,0,3
Trayana,0,3,3
Trayani,0,3,3
Trayanus,3,0,3
Traycheon,3,0,3
Trayfon,3,0,3
Trayloh,3,0,3
Traynae,3,0,3
Trayshawn,3,0,3
Trayti,3,0,3
Trayven,3,0,3
Trayveon,3,0,3
Trayvion,3,0,3
Tré-Vianchelo,3,0,3
Treacy,0,3,3
Treaj'von,3,0,3
Treasure-Jackson,3,0,3
Tréay,3,0,3
Trebbert,3,0,3
Trebsijg,3,0,3
Treci,0,3,3
Tréciano,3,0,3
Trecilia,0,3,3
Treda,0,3,3
Treentje,0,3,3
Treesa,0,3,3
Treethadevi,0,3,3
Trèfainyan,3,0,3
Trefaya,0,3,3
Trefi,3,0,3
Trefina,0,3,3
Trefosa,0,3,3
Trefy,3,0,3
Treggilio,3,0,3
Tregiar,3,0,3
Tregim,3,0,3
Treh,0,3,3
Trehessia,0,3,3
Treij-Songz,3,0,3
Treika,0,3,3
Treini,0,3,3
Treino,3,0,3
Trejah,3,0,3
Trelen,0,3,3
Trèmain,3,0,3
Trèmaine,3,0,3
Trémaine,3,0,3
Tremé,3,0,3
Tremen,3,0,3
Tremina,0,3,3
Tremo,3,0,3
Trêna,0,3,3
Trena,0,3,3
Trenco,3,0,3
Trend,3,0,3
Treneih,3,0,3
Trénella,0,3,3
Treney,3,0,3
Trenggono,3,0,3
Trenika,0,3,3
Trenino,3,0,3
Trénity,0,3,3
Trenja,0,3,3
Trenk,3,0,3
Trenke,0,3,3
Trenko,3,0,3
Trenn-Luca,3,0,3
Trensia,0,3,3
Trenthon,3,0,3
Trentia,0,3,3
Trentz,3,0,3
Treny,3,0,3
Treon,3,0,3
Trepheno,3,0,3
Trephosa,0,3,3
Trepsichore,0,3,3
Tres,3,0,3
Très,0,3,3
Tres-Strea,0,3,3
Tresalie,0,3,3
Trésan,0,3,3
Tresange,0,3,3
Tresanne,0,3,3
Trèse,0,3,3
Trese,0,3,3
Tresemieke,0,3,3
Tresha,0,3,3
Treshane,3,0,3
Treshaun,3,0,3
Treshell,0,3,3
Treshnel,3,0,3
Tréshon,3,0,3
Treshona,0,3,3
Treshoni,3,0,3
Treshya,0,3,3
Tresi,0,3,3
Trésia,0,3,3
Tresian,0,3,3
Tresias,3,0,3
Tresina,0,3,3
Tresio,3,0,3
Trésita,0,3,3
Trésjean,3,0,3
Treska,0,3,3
Treskin,3,0,3
Tresnamoerti,0,3,3
Tresnawati,0,3,3
Tresoir,0,3,3
Trèsor,3,0,3
Tresorianna,0,3,3
Trésorine,0,3,3
Tresorke,0,3,3
Tressa,0,3,3
Tressani,0,3,3
Tressilian,3,0,3
Treste,3,0,3
Treston,3,0,3
Tresure,3,0,3
Tresvaent,3,0,3
Tresza,0,3,3
Treu,0,3,3
Trevainy,0,3,3
Trevalga,0,3,3
Trevant,3,0,3
Trévanté,3,0,3
Treveliano,3,0,3
Trevelon,3,0,3
Tréveno,3,0,3
Trêver,3,0,3
Treviandro,3,0,3
Trèvier,3,0,3
Trevina,0,3,3
Trevino,3,0,3
Trevior,3,0,3
Trevisan,3,0,3
Trevizent,3,0,3
Trévon,3,0,3
Trevôn,3,0,3
Trevonn,3,0,3
Trevor-John,3,0,3
Trevor-Troy,3,0,3
Trevy,3,0,3
Trewan,3,0,3
Trewis,3,0,3
Tréy,3,0,3
Treya,0,3,3
Treyan,3,0,3
Treymar,3,0,3
Treynece,0,3,3
Treyse,0,3,3
Treyshawn,3,0,3
Treyson,3,0,3
Treysòn,3,0,3
Treyston,3,0,3
Treyvan,3,0,3
Treyvano,3,0,3
Treyven,3,0,3
Treyviën,3,0,3
Treyvion,3,0,3
Trez,3,0,3
Tréza,0,3,3
Trezeguet,3,0,3
Trezina,3,0,3
Trèzja,0,3,3
Trezsi,0,3,3
Trguame,0,3,3
Trhas,0,3,3
Tri-dew,3,0,3
Trí-Minh,3,0,3
Tri-Nghia,3,0,3
Trí-Tâm,0,3,3
Triad,3,0,3
Triade,0,3,3
Triadjie,3,0,3
Triambika,0,3,3
Trianda,0,3,3
Triandalley,0,3,3
Trianna,0,3,3
Trianny,0,3,3
Triantafiliá,0,3,3
Triantafillos,3,0,3
Triantafyllia,0,3,3
Triantafyllos,3,0,3
Triantha,0,3,3
Trianus,3,0,3
Trias,3,0,3
Triatmaja,3,0,3
Tribb,3,0,3
Tribhuan,3,0,3
Tribhuwandath,3,0,3
Tribohanpersad,3,0,3
Tricé,0,3,3
Trich,3,0,3
Trichardt,3,0,3
Trichella,0,3,3
Trichia,0,3,3
Trichon,3,0,3
Trici,3,0,3
Triciaandré,0,3,3
Tricidi,0,3,3
Tridevaa,3,0,3
Tridevi,0,3,3
Tridoline,0,3,3
Trieboon,3,0,3
Triedevi,0,3,3
Trieferna,0,3,3
Triejania,0,3,3
Trieneke-Sietske,0,3,3
Trienelia,0,3,3
Trienelske,0,3,3
Trienjo,3,0,3
Trienneke,0,3,3
Trienno,3,0,3
Triens,0,3,3
Triensie,0,3,3
Triensten,3,0,3
Trientiena,0,3,3
Trientine,0,3,3
Trientinus,3,0,3
Trientje-Leentje,0,3,3
Triepti,0,3,3
Triesila,0,3,3
Triesna,0,3,3
Triestan,3,0,3
Triêù,3,0,3
Triêu,3,0,3
Trieuly,3,0,3
Trieuphu,3,0,3
Triféna,0,3,3
Trifilia,0,3,3
Trifino,3,0,3
Trifonia,0,3,3
Trifosa,0,3,3
Trige,0,3,3
Trigidia,0,3,3
Trigun,3,0,3
Triharti,0,3,3
TriJan,3,0,3
Trijanka,0,3,3
Trijantha,0,3,3
Trijantie,0,3,3
Trijata,0,3,3
Trije,0,3,3
Trijja,0,3,3
Trijnalda,0,3,3
Trijndes,3,0,3
Trijnia,0,3,3
Trijnic,0,3,3
Trijnika,0,3,3
Trijnisse,3,0,3
Trijnnie,0,3,3
Trijnske,0,3,3
Trijntiena,0,3,3
Trijntija,0,3,3
Trijntje-Anna,0,3,3
Trijntje-Antje,0,3,3
Trijntje-Tonia,0,3,3
Trijnuela,0,3,3
Trijphon,3,0,3
Trijshantidevi,0,3,3
Trijsje-Marie,0,3,3
Trikala,0,3,3
Trikay,3,0,3
Trilby,0,3,3
Trilce,0,3,3
Trilena,0,3,3
Trilène,0,3,3
Trilochan,3,0,3
Trilochana,0,3,3
Trilokesh,3,0,3
Trilokinath,3,0,3
Trim,3,0,3
Triman,3,0,3
Trimò,3,0,3
Trimoertiningtyas,0,3,3
Trimor,3,0,3
Trimortieh,0,3,3
Trimson,3,0,3
Trimurthi,3,0,3
Trimurti,3,0,3
Trin,0,3,3
Trinabh,3,0,3
Trinalda,0,3,3
Trinas,3,0,3
Trinayani,0,3,3
Trince,0,3,3
Trincke,0,3,3
Trind,0,3,3
Trinda,0,3,3
Trindade,0,3,3
Trinem,0,3,3
Trinemarie,0,3,3
Trinèt,0,3,3
Trinetra,0,3,3
Trinetty,0,3,3
Tringo,3,0,3
Trinh-duc,3,0,3
Trinidatus,3,0,3
Triniek,0,3,3
Trinique,0,3,3
Trinity-Joëlle,0,3,3
Trinja,0,3,3
Trinka-Kim,0,3,3
Trinks,3,0,3
Trinnette,0,3,3
Trinnety,0,3,3
Trinnity,0,3,3
Trinston,3,0,3
Trintiane,0,3,3
Trintie,0,3,3
Trinto,3,0,3
Tríona,0,3,3
Trionne,0,3,3
Triora,0,3,3
Tripe,3,0,3
Tripel,3,0,3
Triplina,0,3,3
Tripo,3,0,3
Tripoeraradjavam,3,0,3
Triposa,0,3,3
Tripta,0,3,3
Tripun,3,0,3
Tripurashakti,0,3,3
Triqve,3,0,3
Trirati,0,3,3
Trisaiah,3,0,3
Trisaktianti,0,3,3
Trisana,0,3,3
Trisandhika,3,0,3
Trisandhya,0,3,3
Trisangh,3,0,3
Trisanjalee,0,3,3
Trisanna,0,3,3
Trisanu,3,0,3
Trisca,0,3,3
Trischna,0,3,3
Trisco,3,0,3
Triscot,3,0,3
Triselle,0,3,3
Trisetya,3,0,3
Trisha-Lynne,0,3,3
Trishaant,3,0,3
Trishadevi,0,3,3
Trishainy,0,3,3
Trishali,0,3,3
Trisham,3,0,3
Trishanadebie,0,3,3
Trishanbir,3,0,3
Trishaniya,0,3,3
Trishanku,3,0,3
Trishanna,0,3,3
Trishantly,0,3,3
Trishar,3,0,3
Trishara,0,3,3
Trishavy,3,0,3
Trishay,3,0,3
Trishca,0,3,3
Trishendra,0,3,3
Trishi,3,0,3
Trishilla,0,3,3
Trishita,0,3,3
Trishla,0,3,3
Trishma,0,3,3
Trishnadevi,0,3,3
Trishtàn,3,0,3
Trishtell,0,3,3
Trishti,0,3,3
Trishty,0,3,3
Trishua,0,3,3
Trishvari,0,3,3
Trishwant,3,0,3
Trishya,0,3,3
Trisia,0,3,3
Trisian,3,0,3
Trisianna,0,3,3
Trisiñho,3,0,3
Trisjan,3,0,3
Trisjano,3,0,3
Trisjony,0,3,3
Trisnabawana,3,0,3
Trisnani,0,3,3
Trisnaputra,3,0,3
Trisnawati,0,3,3
Trisnowati,0,3,3
Trissanna,0,3,3
Trisse,3,0,3
Trissedy,0,3,3
Tristain,3,0,3
Tristän,3,0,3
Tristan-Alexander,3,0,3
Tristan-Erwin,3,0,3
Tristan-Jessie,3,0,3
Tristan-Troy,3,0,3
Tristanie,0,3,3
Tristanig,3,0,3
Tristann,3,0,3
Tristanna,0,3,3
Tristany,0,3,3
Tristão,3,0,3
Tristhen,3,0,3
Tristi,0,3,3
Tristia,0,3,3
Tristiano,3,0,3
Tristie,0,3,3
Tristine,0,3,3
Tristn,3,0,3
Tristo,3,0,3
Tristun,3,0,3
Tristyn,3,0,3
Trisufina,0,3,3
Trisvanty,0,3,3
Trisye,0,3,3
Trisztan,3,0,3
Tritiar,0,3,3
Tritjahjari,0,3,3
Triton,3,0,3
Trits,3,0,3
Triunph,3,0,3
Trius,0,3,3
Trivanesh,3,0,3
Trivendra,3,0,3
Trivensingh,3,0,3
Triveth,3,0,3
Triviand,3,0,3
Trivienne,0,3,3
Trivina,0,3,3
Trivonia,0,3,3
Trivor,3,0,3
Trivosa,0,3,3
Trivum,3,0,3
Triwan,3,0,3
Triwésh,3,0,3
Triwish,3,0,3
Trixian,0,3,3
Trixid,3,0,3
Trixs,0,3,3
Trixsainy,0,3,3
Trixthon,3,0,3
Trixz,3,0,3
Triya,0,3,3
Triyani,0,3,3
Triyant,3,0,3
Triyuŕèwa,3,0,3
Trize,0,3,3
Trizin,3,0,3
TRM,3,0,3
Trng,0,3,3
Tro-Jay,3,0,3
Trochim,3,0,3
Troe,3,0,3
Troedy,0,3,3
Troeke,0,3,3
Troelia,0,3,3
Troenoredjo,3,0,3
Troëny,0,3,3
Troeska,0,3,3
Troeta,0,3,3
Trof,3,0,3
Trofee,0,3,3
Trofím,3,0,3
Trogilio,3,0,3
Troian,3,0,3
Troiano,3,0,3
Troijtje,0,3,3
Troisième,3,0,3
Trojan,3,0,3
Troje,3,0,3
Trokestietsa,0,3,3
Trokon,3,0,3
Trompje,0,3,3
Trond,3,0,3
Trondur,3,0,3
Tronesta,0,3,3
Tronmie,0,3,3
Trooditessa,0,3,3
Troos,0,3,3
Troösla,0,3,3
Troostster,0,3,3
Trooy,3,0,3
Troso,3,0,3
Trotje,0,3,3
Trotjie,0,3,3
Trotter,3,0,3
Troubleyn,0,3,3
Troude,0,3,3
Troudie-Marie,0,3,3
Trougolt,3,0,3
Trouwelina,0,3,3
Trouwtje,3,0,3
Troveis,3,0,3
Troy-Constantin,3,0,3
Troy-River,3,0,3
Troyan,3,0,3
Troyen,3,0,3
Troyes,3,0,3
Troyt,3,0,3
Trpimir,3,0,3
Tru'vain,0,3,3
Tru-An,0,3,3
Trubetskoi,3,0,3
Trúc,0,3,3
Trucly,0,3,3
Trucy,0,3,3
Trud,3,0,3
Truda-Maria,0,3,3
Trudalie,3,0,3
Trŭde,0,3,3
Trudelies,0,3,3
Trudemieke,0,3,3
Truden,0,3,3
Truderieke,0,3,3
Trudiëlle,0,3,3
Trudiënna,0,3,3
Trudorien,0,3,3
Trudy-Anne,0,3,3
Trudyan,0,3,3
Trudyline,0,3,3
Trudyne,0,3,3
Truelove,3,0,3
Truely,0,3,3
Truemiley,0,3,3
Truenne,0,3,3
Truesa,0,3,3
Truigje,0,3,3
Truiken,0,3,3
Truine,0,3,3
Truis,0,3,3
Truiyena,0,3,3
Trujeanne,0,3,3
Truli,0,3,3
Trulinde,0,3,3
Trumain,3,0,3
Trumane,3,0,3
Trung-Dan,3,0,3
Trung-Quyen,3,0,3
Trung-Tin,3,0,3
Trung-Trùng,3,0,3
Trunks,3,0,3
Trúóng,3,0,3
Truong-Dien,3,0,3
Truong-phuoc,3,0,3
Truong-Thien,3,0,3
Trupti,0,3,3
Trusan,0,3,3
Trusana,0,3,3
Trusanna,0,3,3
Truscille,0,3,3
Truselka,0,3,3
Trusheila,0,3,3
Trusie,0,3,3
Trusiël,0,3,3
Truska,0,3,3
Trusnelda,0,3,3
Trusten,3,0,3
Trusteney,3,0,3
Truth,3,0,3
Truthman,3,0,3
Truud,0,3,3
Truus-Nchung,0,3,3
Truusie,0,3,3
Truusnelda,0,3,3
Truutje,0,3,3
Truwske,0,3,3
Truy,0,3,3
Truyan,3,0,3
Truyenna,0,3,3
Truytje,0,3,3
Truz,0,3,3
Truzan,0,3,3
Truzanne,0,3,3
Trwar,3,0,3
Try,0,3,3
Tryan,0,3,3
Tryana,0,3,3
Tryanca,0,3,3
Tryann,0,3,3
Tryanna,0,3,3
Tryanne,0,3,3
Tryanti,0,3,3
Trychana,0,3,3
Trycke,3,0,3
Trydharsan,3,0,3
Trye,0,3,3
Tryfèna,0,3,3
Tryfonia,0,3,3
Tryni,0,3,3
Trynka,0,3,3
Tryno,3,0,3
Tryntsje-Afke,0,3,3
Trynus,3,0,3
Tryphaena,0,3,3
Tryphe,0,3,3
Tryphéna,0,3,3
Tryphène,0,3,3
Tryphenio,3,0,3
Tryphonia,0,3,3
Tryphose,0,3,3
Trypsis,3,0,3
Trysanne,0,3,3
Trysdon,3,0,3
Tryshan,3,0,3
Tryshella,0,3,3
Trysjouwda,0,3,3
Trystán,3,0,3
Trystann,3,0,3
Trysthan,3,0,3
Trystian,3,0,3
Tryvéne,0,3,3
Tryxt,0,3,3
Ts'iu-ming,3,0,3
Tsacotna,0,3,3
Tsadiek,3,0,3
Tsadok,3,0,3
Tsahai,0,3,3
Tsai-Tju,0,3,3
Tsai-Yen,0,3,3
Tsaiwa,0,3,3
Tsaj,0,3,3
Tsakani,0,3,3
Tsalina,0,3,3
Tsaly,0,3,3
Tsambicos,3,0,3
Tsamir,3,0,3
Tsampikos,3,0,3
Tsàne,0,3,3
Tsang-Hong,3,0,3
Tsang-Tak,3,0,3
Tsani,0,3,3
Tsania,0,3,3
Tsanni,3,0,3
Tsao,3,0,3
Tsao-yee,3,0,3
Tsarah,0,3,3
Tsarahna,0,3,3
Tsararené,3,0,3
Tsaroëna,0,3,3
Tsatsrag,0,3,3
Tsatsu,3,0,3
Tsau,3,0,3
Tsavrir,3,0,3
Tsawm,0,3,3
Tschai,3,0,3
Tschaiko,3,0,3
Tschan,0,3,3
Tschang,3,0,3
Tschang-Ming,3,0,3
Tschascha,0,3,3
Tsche,3,0,3
Tschei-Marie,0,3,3
Tschetan,3,0,3
Tscheu,3,0,3
Tschi,0,3,3
Tschibyi,3,0,3
Tschie,3,0,3
Tschinchija,0,3,3
Tsching,3,0,3
Tsé,0,3,3
Tsé-Yan,0,3,3
Tsean,3,0,3
Tseard-Age,3,0,3
Tseardsje,0,3,3
Tseart,3,0,3
Tsedale,0,3,3
Tsee,0,3,3
Tseerd,3,0,3
Tsefa,3,0,3
Tsefan,3,0,3
Tsefanio,3,0,3
Tsefanjáh,3,0,3
Tsefanjah,3,0,3
Tsefanyah,3,0,3
Tsega-Maria,0,3,3
Tsegai,3,0,3
Tsegazeabe,3,0,3
Tsehai,0,3,3
Tsehaya,3,0,3
Tsehia,0,3,3
Tsei,0,3,3
Tseld,3,0,3
Tsen-Him,0,3,3
Tsendu,3,0,3
Tsêng-Fu,3,0,3
Tseng-Hong,3,0,3
Tseng-Yi,3,0,3
Tsengeg,0,3,3
Tsengi,3,0,3
Tsepal,0,3,3
Tsephirah-Nogah,0,3,3
Tseroeja,0,3,3
Tsetin,0,3,3
Tseuh,3,0,3
Tsevan,3,0,3
Tsewi,3,0,3
Tsey-San,0,3,3
Tseyang,0,3,3
Tsfira,0,3,3
Tsha,0,3,3
Tshaine,3,0,3
Tshainesh,0,3,3
Tshainey,0,3,3
Tshala,0,3,3
Tshavo,3,0,3
Tshawn,3,0,3
Tshayren,3,0,3
Tshegofatso,3,0,3
Tshepang,3,0,3
Tshepo,3,0,3
Tsheusi,0,3,3
Tshiambi,0,3,3
Tshiamo,3,0,3
Tshianda,0,3,3
Tshiawke,3,0,3
Tshibangu,3,0,3
Tshibuyi,0,3,3
Tshidi,0,3,3
Tshien,0,3,3
Tshien-Lung,3,0,3
Tshifita,3,0,3
Tshihudia,3,0,3
Tshikudi,0,3,3
Tshila,0,3,3
Tshilanda,0,3,3
Tshilengi,3,0,3
Tshilolo,3,0,3
Tshilumba,0,3,3
Tshimpuki,3,0,3
Tshingani,3,0,3
Tshintu,3,0,3
Tshipela,3,0,3
Tshisabi,3,0,3
Tshita,0,3,3
Tshitenda,3,0,3
Tshoen-Lên,0,3,3
Tshoen-Ngen,3,0,3
Tshomo,0,3,3
Tsi-Bo,3,0,3
Tsi-Ching,0,3,3
Tsi-Jan,3,0,3
Tsi-Jin,0,3,3
Tsi-Kay,0,3,3
Tsi-Kei,0,3,3
Tsi-San,3,0,3
Tsi-Tsing,0,3,3
Tsi-Tsun,3,0,3
Tsi-Yeung,3,0,3
Tsiankamah,0,3,3
Tsibay,0,3,3
Tsic,3,0,3
Tsidkenuel,3,0,3
Tsie-Joeng,3,0,3
Tsie-Mien,3,0,3
Tsiegunnwi,3,0,3
Tsien-Phing,0,3,3
Tsiglaura,0,3,3
Tsiké,3,0,3
Tsiko,3,0,3
Tsima,0,3,3
Tsimchija,0,3,3
Tsin-Chu,0,3,3
Tsin-Hen,3,0,3
Tsin-Jang,3,0,3
Tsingfu,0,3,3
Tsingh,3,0,3
Tsinski,0,3,3
Tsintia,0,3,3
Tsio,3,0,3
Tsiona,0,3,3
Tsipiah,0,3,3
Tsipkje,0,3,3
Tsiri,3,0,3
Tsisnah,3,0,3
Tsitske,0,3,3
Tsiú-Kuan,3,0,3
Tsiviayna,0,3,3
Tsiwja,0,3,3
Tsiwjah,0,3,3
Tsja,3,0,3
Tsja-Ming,3,0,3
Tsjaanwiet,3,0,3
Tsjaard,3,0,3
Tsjade,3,0,3
Tsjaichmaidah,0,3,3
Tsjaika,3,0,3
Tsjako,3,0,3
Tsjalk,3,0,3
Tsjallichje,0,3,3
Tsjalline,0,3,3
Tsjallinkje,0,3,3
Tsjally,0,3,3
Tsjallyn,0,3,3
Tsjalt,3,0,3
Tsjamira,0,3,3
Tsjamkje,0,3,3
Tsjamme,3,0,3
Tsjan,3,0,3
Tsjang-Mei,0,3,3
Tsjangis,3,0,3
Tsjarco,3,0,3
Tsjarda,0,3,3
Tsjarina,0,3,3
Tsjark,3,0,3
Tsjasse,3,0,3
Tsjassing,3,0,3
Tsje,3,0,3
Tsjeard-Simme,3,0,3
Tsjeardke,0,3,3
Tsjeardske,0,3,3
Tsjebbo,3,0,3
Tsjenka,3,0,3
Tsjenkje,0,3,3
Tsjenko,3,0,3
Tsjennie,0,3,3
Tsjepkje,0,3,3
Tsjeridon,3,0,3
Tsjeriska,0,3,3
Tsjerk-Andries,3,0,3
Tsjerk-Tamme,3,0,3
Tsjernaily,0,3,3
Tsjerrardo,3,0,3
Tsjerrie,0,3,3
Tsjesja,0,3,3
Tsjesje,0,3,3
Tsjessie,0,3,3
Tsjester,3,0,3
Tsjet,0,3,3
Tsjetan,3,0,3
Tsjetsje,0,3,3
Tsjetske,0,3,3
Tsjetty,0,3,3
Tsji,0,3,3
Tsji-Fong,3,0,3
Tsji-Hin,3,0,3
Tsjibbe-Jan,3,0,3
Tsjibble,0,3,3
Tsjidse,3,0,3
Tsjiet,0,3,3
Tsjietse,3,0,3
Tsjikkelina,0,3,3
Tsjimk,0,3,3
Tsjimmie,0,3,3
Tsjin-Lin,3,0,3
Tsjippy-Anja,0,3,3
Tsjirste,0,3,3
Tsjiskje,0,3,3
Tsjit,3,0,3
Tsjits-Jo,0,3,3
Tsjoerd,3,0,3
Tsjolling,3,0,3
Tsjollyn,0,3,3
Tsjomkje,0,3,3
Tsjonga,0,3,3
Tsjongela,0,3,3
Tsjôra,0,3,3
Tsju,0,3,3
Tsjuck,3,0,3
Tsjum,3,0,3
Tsjung,3,0,3
Tsjy,0,3,3
Tso-Kwong,3,0,3
Tso-Yi,0,3,3
Tsoe-Lam,3,0,3
Tsoefiet,0,3,3
Tsoen-Mi,0,3,3
Tsoen-Phin,0,3,3
Tsoeng,0,3,3
Tsoglog,3,0,3
Tsojal,0,3,3
Tsojong,3,0,3
Tsok,3,0,3
Tsolair,0,3,3
Tsolmon,0,3,3
Tsomoh,3,0,3
Tson,3,0,3
Tsourija,0,3,3
Tsovanyan,3,0,3
Tsovinar,0,3,3
Tsuan,3,0,3
Tsubasa,3,0,3
Tsue,3,0,3
Tsug,0,3,3
Tsugewoyne,0,3,3
Tsui-Ha,0,3,3
Tsuikiu,0,3,3
Tsuizhen,0,3,3
Tsuki,0,3,3
Tsukimaro,0,3,3
Tsultrim,3,0,3
Tsumeda,3,0,3
Tsun-Wah,3,0,3
Tsuneo,3,0,3
Tsuniyo,0,3,3
Tsunwei,3,0,3
Tsuray,3,0,3
Tsuri,3,0,3
Tsutomu,3,0,3
Tsuun,3,0,3
Tsuyania,0,3,3
Tsvetana,0,3,3
Tsvi,3,0,3
Tswang,0,3,3
Tsylen,3,0,3
Tsylla,0,3,3
Tsyon,0,3,3
Tsz-Kei,0,3,3
Tsz-Kwan,0,3,3
Tszi,3,0,3
TTA,0,3,3
Ttica,0,3,3
Tu-Anh,0,3,3
Tú-Duy,3,0,3
Tu-Lien,0,3,3
Tu-Linh,0,3,3
Tu-Mi,0,3,3
Tu-My,0,3,3
Tu-Quen,0,3,3
Tu-Quiro,3,0,3
Tú-San,3,0,3
Tu-Yen,0,3,3
Tuadi,0,3,3
Tuajau,3,0,3
Tuakana,3,0,3
Tuakara,0,3,3
Tual,3,0,3
Tuala,0,3,3
Tualé,3,0,3
Tuale,3,0,3
Tualla,0,3,3
Tuáń,3,0,3
Tuan-Andi,3,0,3
Tuãn-Anh,3,0,3
Tuan-Anh,3,0,3
Tuan-Khôi,3,0,3
Tuan-Kiet,3,0,3
Tuan-Long,3,0,3
Tuan-Tu,3,0,3
Tuana-Naz,0,3,3
Tuana-Su,0,3,3
Tuananh,3,0,3
Tuananur,0,3,3
Tuane,3,0,3
Tuangchai,3,0,3
Tuanke,3,0,3
Tuankotta,3,0,3
Tuano,3,0,3
Tuanphong,3,0,3
Tuanur,0,3,3
Tuayin,3,0,3
Tub,3,0,3
Tùba,0,3,3
Tûbâ,0,3,3
Tubagül,0,3,3
Tubagus,3,0,3
Tubai,0,3,3
Tubal,3,0,3
Tubala,0,3,3
Tubassum,0,3,3
Tubechien,0,3,3
Tubegina,0,3,3
Tubel,0,3,3
Tuberk,3,0,3
Tubertus,3,0,3
Tubiharso,0,3,3
Tuborg,3,0,3
Tuc,0,3,3
Tucayano,3,0,3
Tūce,0,3,3
Tûçe,0,3,3
Tucha,0,3,3
Tuchau,3,0,3
Tucho,0,3,3
Tuco-Jay,3,0,3
Tucson,3,0,3
Tuda,0,3,3
Tudela,0,3,3
Tudeme,0,3,3
Tudiapetu,3,0,3
Tudo,3,0,3
Tudy,0,3,3
Tue-Dang,0,3,3
Tuella,0,3,3
Tuen,3,0,3
Tuero,3,0,3
Tuesten,3,0,3
Tufaan,3,0,3
Tûfan,3,0,3
Tufani,0,3,3
Tufaylah,0,3,3
Tufell,3,0,3
Tufiec,3,0,3
Tug,3,0,3
Tuĝalp,3,0,3
Tuğalp,3,0,3
Tuĝana,0,3,3
Tugana,0,3,3
Tuğana,0,3,3
Tügay,3,0,3
Tuğay,3,0,3
Tuĝay,3,0,3
Tugay-Erdem,3,0,3
Tuġayi,3,0,3
Tügba,0,3,3
Tuğbanur,0,3,3
Tuğberk,3,0,3
Tuĝberk,3,0,3
Tuğça,0,3,3
Tuĝça,3,0,3
Tuǵcan,3,0,3
Tuğçé,0,3,3
Tuĝce,0,3,3
Tugče,0,3,3
Tuǵce,0,3,3
Tüĝçe,0,3,3
Tüǵçe,0,3,3
Tuğce-Han,0,3,3
Tuğçe-Nur,0,3,3
Tuğçehan,0,3,3
Tugcen,0,3,3
Tugcenur,0,3,3
Tugçesu,0,3,3
Tuğdem,0,3,3
Tugdualis,3,0,3
Tugela,0,3,3
Tuğer,3,0,3
Tuĝfan,3,0,3
Tughan,3,0,3
Tugina,0,3,3
Tuĝkan,3,0,3
Tugkan,3,0,3
Tugli,3,0,3
Tugomir,3,0,3
Tuğrab,3,0,3
Tuğraç,3,0,3
Tuğral,3,0,3
Tugran,3,0,3
Tugrul-Han,3,0,3
Tuĝrulalp,3,0,3
Tugrulalp,3,0,3
Tuğrulay,0,3,3
Tuğrulsan,3,0,3
Tuğsad,3,0,3
Tuĝsan,3,0,3
Tuğsan,3,0,3
Tuğva,0,3,3
Tugyam,0,3,3
Tuhafeni,3,0,3
Tuhan,3,0,3
Tuhanna,0,3,3
Tuheij,3,0,3
Tuhin,3,0,3
Tuhina,0,3,3
Tuhinoor,0,3,3
Tuhirangi,3,0,3
Tuhtmos,3,0,3
Tuí,0,3,3
Tuijn,3,0,3
Tuja,0,3,3
Tuje,3,0,3
Tujen,3,0,3
Tujii,3,0,3
Tujuan,3,0,3
Tujuh,3,0,3
Tuk,3,0,3
Tukadi,0,3,3
Tukayanamë,0,3,3
Tukayaname,0,3,3
Tukimin,3,0,3
Tukker,3,0,3
Tuko,3,0,3
Tukta,0,3,3
Tukumbo,3,0,3
Tukusi,3,0,3
Tül-Kübra,0,3,3
tul-Kubra,0,3,3
Tula-Ché,0,3,3
Tulaí,0,3,3
Tulaiha,0,3,3
Tulakarpatha,0,3,3
Tulan,3,0,3
Tulaney,0,3,3
Tulany,0,3,3
Tular,3,0,3
Tulashi,0,3,3
Tūlay,0,3,3
Tűlay,0,3,3
Tuleke,0,3,3
Tulesh,3,0,3
Tüley,0,3,3
Tulgay,3,0,3
Tuli,3,0,3
Tülice,0,3,3
Tulijn,0,3,3
Tülïn,0,3,3
Tüline,0,3,3
Túlinh,0,3,3
Tulius,3,0,3
Tüliyet,0,3,3
Tulla,0,3,3
Tullah,0,3,3
Tüllün,0,3,3
Tully,0,3,3
Tulo,3,0,3
Tulpiene,0,3,3
Tulpin,0,3,3
Tulshi-Rani,0,3,3
Tulsi-Rani,0,3,3
Tulsidas,0,3,3
Tulsidebie,0,3,3
Tulsiedebi,0,3,3
Tulsikumar,3,0,3
Tulsipersad,3,0,3
Tulsipriya,0,3,3
Tulsy,0,3,3
Tulu,3,0,3
Tuluĝhan,3,0,3
Tulum,0,3,3
Tüly,0,3,3
Tülya,0,3,3
Tulya,0,3,3
Tulysta,0,3,3
Tulza,0,3,3
Tum-Tum,3,0,3
Tumac,3,0,3
Tumama,0,3,3
Tumay,0,3,3
Tumbisha,3,0,3
Tumelty,3,0,3
Tumen,3,0,3
Tümer,3,0,3
Tumer,3,0,3
Tumidjan,3,0,3
Tumierah,0,3,3
Tumile,3,0,3
Tumina'u,0,3,3
Tuminah,0,3,3
Tumininu,0,3,3
Tumiran,3,0,3
Tummes,3,0,3
Tummy,0,3,3
Tumpak,3,0,3
Tumpessy,3,0,3
Tumsa,3,0,3
Tümur,3,0,3
Tumwesige,3,0,3
Tun-Kit,3,0,3
Tunacan,3,0,3
Tunaéramé,0,3,3
Tunaeramè,0,3,3
Tunahkayaré,3,0,3
Tunahriepje,3,0,3
Tunahya,0,3,3
Tunakan,3,0,3
Tunakayare,3,0,3
Tunakayarè,3,0,3
Tunakayarë,3,0,3
Tunalı,3,0,3
Tunani-Samalatu,3,0,3
Tunaŕirume,0,3,3
Tunaruz,0,3,3
Tunayah,0,3,3
Tunayurèwa,3,0,3
Tunbi,0,3,3
Tuncai,3,0,3
Tunçe,0,3,3
Tuncel,3,0,3
Tunçer,3,0,3
Tuncey,3,0,3
Tunçkan,3,0,3
Tuncu,0,3,3
Tünder,0,3,3
Tundi,3,0,3
Tündi,0,3,3
Tundjio,3,0,3
Tune,3,0,3
Tunella,0,3,3
Tung-Chun,0,3,3
Tung-Fei,0,3,3
Tung-Sien,0,3,3
Tungchi,3,0,3
Tungeni,3,0,3
Tunger,3,0,3
Tunggal,0,3,3
Tunguica,0,3,3
Tunieze,0,3,3
Tunis,3,0,3
Tunisha,0,3,3
Tunisia,0,3,3
Tunja,0,3,3
Tunjo,0,3,3
Tunke,0,3,3
Tunkeh,3,0,3
Tunko,3,0,3
Tunmise,0,3,3
Tunmishe,0,3,3
Tunne,3,0,3
Tunnetta,0,3,3
Tunnette,0,3,3
Tunnis-Pieter,3,0,3
Tunu,3,0,3
Tunudja,0,3,3
Tunya,0,3,3
Tuo,3,0,3
Tuoc,3,0,3
Tuoh,3,0,3
Tuoi,0,3,3
Tuona,0,3,3
Tuòng,0,3,3
Tuong-An,0,3,3
Tuong-Thi-Vien,0,3,3
Tuong-Vi,0,3,3
Túpac,3,0,3
Tupaika,0,3,3
Tupak,3,0,3
Tupan,3,0,3
Tupi,3,0,3
Tupou,3,0,3
Tupp,3,0,3
Tuppence,0,3,3
Tuprak,3,0,3
Tupraq,3,0,3
Tuqa,0,3,3
Tuqeer,3,0,3
Turac,3,0,3
Turahan,3,0,3
Turaindry,3,0,3
Tural,3,0,3
Turani,0,3,3
Turanşah,3,0,3
Turanus,3,0,3
Turaroll,0,3,3
Turasmi,0,3,3
Turby,3,0,3
Tûrcana,0,3,3
Turcaun,0,3,3
Turcuhan,3,0,3
Turé,0,3,3
Tureja,0,3,3
Turenne,3,0,3
Turetta,0,3,3
Tureya,0,3,3
Turfa,0,3,3
Turgan,3,0,3
Turğay,3,0,3
Turǵay,3,0,3
Turgun,3,0,3
Türhan,3,0,3
Turian,3,0,3
Turianna,0,3,3
Turiano,3,0,3
Turibia,0,3,3
Turidro,3,0,3
Turie,3,0,3
Turija,0,3,3
Turijn,3,0,3
Túrin,3,0,3
Turine,0,3,3
Turino,3,0,3
Turis,3,0,3
Turisia,0,3,3
Turîya,0,3,3
Turjan,3,0,3
Turk,3,0,3
Türkalp,3,0,3
Tűrkalp,3,0,3
Turkân,0,3,3
Türkăn,0,3,3
Türkân-Berra,0,3,3
Türkaslan,3,0,3
Turkaw,0,3,3
Turkcan,0,3,3
Turken,0,3,3
Turkesh,3,0,3
Turkey,0,3,3
Türkhan,0,3,3
Türkileri,3,0,3
Türkislam,3,0,3
Turkiye,0,3,3
Türkkan,0,3,3
Turkmen,0,3,3
Türkoğlu,3,0,3
Turkson,3,0,3
Turkuler,3,0,3
Turmandah,3,0,3
Turmi,0,3,3
Turnam,3,0,3
Turne,3,0,3
Turon,3,0,3
Turow,0,3,3
Turpijn,3,0,3
Turpin,3,0,3
Turquoise,0,3,3
Tursem,0,3,3
Tursinah,0,3,3
Türü,3,0,3
Turuça,3,0,3
Turudu,3,0,3
Turüdü,3,0,3
Türüdü,3,0,3
Türün,0,3,3
Turushka,0,3,3
Tusamba,0,3,3
Tusar,3,0,3
Tusca,0,3,3
Tuscar,3,0,3
Tuschand,3,0,3
Tuschar,3,0,3
Tüschka,0,3,3
Tuse,0,3,3
Tusfaye,3,0,3
Tushaant,3,0,3
Tushainy,0,3,3
Tushal,3,0,3
Tushanth,3,0,3
Tushany,0,3,3
Tushara,3,0,3
Tushaun,3,0,3
Tushayra,0,3,3
Tushea,3,0,3
Tushentely,0,3,3
Tusher,3,0,3
Tushïta,0,3,3
Tushita,0,3,3
Tushret,3,0,3
Tushti,0,3,3
Tusiany,0,3,3
Tusje,3,0,3
Tuskan,3,0,3
Tuskar,3,0,3
Tusken,3,0,3
Tuso,3,0,3
Tussaint,3,0,3
Tussar,3,0,3
Tussardi,3,0,3
Tutai,3,0,3
Tutaste,0,3,3
Tutgu,0,3,3
Tuthai,3,0,3
Tutijn,3,0,3
Tutonda,3,0,3
Tutsen,0,3,3
Tuttle,0,3,3
Tutty,0,3,3
Tutua,0,3,3
Tutuma,0,3,3
Tütüya,0,3,3
Tuu,0,3,3
Tuuba,0,3,3
Tuude,0,3,3
Tuuli,0,3,3
Tuulla,0,3,3
Tuunde,0,3,3
Tuus,0,3,3
Tuvalu,0,3,3
Tüveys,3,0,3
Tuvia,3,0,3
Tuvik,3,0,3
Tuvja,3,0,3
Tuvumana,3,0,3
Tuvyah,3,0,3
Tuwa,0,3,3
Tuwale,3,0,3
Tuwan,3,0,3
Tuwana,0,3,3
Tuwayba,0,3,3
Tuwebu,0,3,3
Tuwha,3,0,3
Tuwi,3,0,3
Tuwisana,3,0,3
Tuwuwene,0,3,3
Tüya,0,3,3
Tuyaga,0,3,3
Tuyan,0,3,3
Tuyêń,0,3,3
Tuyét,0,3,3
Tuýêt,0,3,3
Tuyet-Ân,0,3,3
Tuyet-Phuong,0,3,3
Tuyet-Thi-Bich,0,3,3
Tuyetnhi,0,3,3
Tuygun,3,0,3
Tuyk,3,0,3
Tuyn,3,0,3
Tuyne,0,3,3
Tuyt,3,0,3
Tuz,0,3,3
Tuzin,0,3,3
Tuzolana,0,3,3
Tvesa,0,3,3
Tvesha,0,3,3
Twahira,0,3,3
Twahyr,3,0,3
Twaila,0,3,3
Twainally,0,3,3
Twaini,0,3,3
Twainnie,0,3,3
Twajjeboen,0,3,3
Twalele,0,3,3
Twalib,3,0,3
Twan-Alexander,3,0,3
Twan-Jerren,3,0,3
Twan-Lando,3,0,3
Twan-Willem,3,0,3
Twane,3,0,3
Twang,0,3,3
Twanie,0,3,3
Twanij,3,0,3
Twanike,0,3,3
Twanisha,0,3,3
Twanja,0,3,3
Twanka,0,3,3
Twanly,3,0,3
Twarf,3,0,3
Twayla,0,3,3
Twayn,3,0,3
Twazera,0,3,3
Twei,0,3,3
Tweij,0,3,3
Twenaboah,3,0,3
Twenbola,0,3,3
Twene,3,0,3
Tweneboa,0,3,3
Twenewaa,0,3,3
Twenn,3,0,3
Twenne,3,0,3
Twensen,3,0,3
Twereboa,3,0,3
Twerrel,0,3,3
Twesha,0,3,3
Twewa,0,3,3
Twidi,0,3,3
Twieke,0,3,3
Twight,3,0,3
Twijg,3,0,3
Twil,0,3,3
Twilink,3,0,3
Twilla,0,3,3
Twinamani,0,3,3
Twinkelster,0,3,3
Twinnie,0,3,3
Twinny,0,3,3
Twirrina,0,3,3
Twisha,0,3,3
Twistaidinho,3,0,3
Twite,3,0,3
Twiziano,3,0,3
TWM,3,0,3
Twoine,3,0,3
Twosef,3,0,3
TWPM,0,3,3
TWT,0,3,3
Twum-Boateng,0,3,3
Twumi,3,0,3
Twumpro,0,3,3
Twumwa,0,3,3
Twumwaa,0,3,3
Twumwaah,0,3,3
Twun-Boateng,0,3,3
Twykean,3,0,3
Twylah,0,3,3
Twylly,0,3,3
Txema,3,0,3
Txetxu,3,0,3
Ty'andrion,3,0,3
Ty'chaero-Jenoah,3,0,3
Ty'chaira,0,3,3
Ty'djay,3,0,3
Ty'erra,0,3,3
Ty'giano,3,0,3
Ty'Shaëncley,3,0,3
Ty'shaira,0,3,3
Ty'shaundro,3,0,3
Ty'Shaunn,3,0,3
Ty'sheadon,3,0,3
Ty'sheeni,0,3,3
Ty'shero,3,0,3
Ty'Siarah,0,3,3
Ty-Anne,0,3,3
Ty-ee,3,0,3
Ty-Iescha,0,3,3
Ty-Jahra,0,3,3
Ty-jay,3,0,3
Ty-Jayno,3,0,3
Ty-Jheany,0,3,3
Ty-Lee,0,3,3
Ty-Linn,0,3,3
Ty-Qeanor,3,0,3
Ty-quènsló,3,0,3
Ty-Shaira,0,3,3
Ty-shairo,3,0,3
Ty-shano,3,0,3
Ty-Shaun,3,0,3
Ty-Shawn,3,0,3
Ty-sheanna,0,3,3
Ty-zanirah,0,3,3
Tyaco,3,0,3
Tyaeb,3,0,3
Tyágarája,3,0,3
Tyaira,0,3,3
Tyalda,0,3,3
Tyam,3,0,3
Tyanah,0,3,3
Tyandro,3,0,3
Tyanisha,0,3,3
Tyanna-Joyi,0,3,3
Tyannah,0,3,3
Tyànno,3,0,3
Týanny,0,3,3
Tyanu,3,0,3
Tyanxin,0,3,3
Tyara-Jane,0,3,3
Tyara-Yentl,0,3,3
Tyardo,3,0,3
Tyaron,3,0,3
Tyárra,0,3,3
Tyarume,0,3,3
Tyas-Prastrie,0,3,3
Tyase,0,3,3
Tyathira,0,3,3
Tyawa,0,3,3
Tyaz,3,0,3
Tybald,3,0,3
Tybault,3,0,3
Tybee,3,0,3
Tyber,3,0,3
Tybére,0,3,3
Tyberon,3,0,3
Tyberth,3,0,3
Tybion,3,0,3
Tyca,0,3,3
Tychaèney,0,3,3
Tychaero,3,0,3
Tychainy,0,3,3
Tychairon,3,0,3
Tychandro,3,0,3
Tychano,3,0,3
Tychanteli,0,3,3
Tychara,0,3,3
Tycharo,3,0,3
Tyché,0,3,3
Tychè,0,3,3
Tycheano,3,0,3
Tychell,0,3,3
Tychella,0,3,3
Tycheroné,3,0,3
Tychiënne,0,3,3
Tychina,0,3,3
Tychioran,3,0,3
Tychô,3,0,3
Tychó,3,0,3
Tychos,3,0,3
Tychyana,0,3,3
Tycjan,3,0,3
Tyclaen,3,0,3
Tycos,0,3,3
Tyde,3,0,3
Tydeman,3,0,3
Tydensa,0,3,3
Tydjairo,3,0,3
Tydjo,3,0,3
Tyè-Li,0,3,3
Tyè-Shong,3,0,3
Tyeancheney,0,3,3
Tyebbe,3,0,3
Tyee-Arichero,3,0,3
Tyeëse,0,3,3
Tyeeveyo,3,0,3
Tyego,3,0,3
Tyeishya,0,3,3
Tyel,3,0,3
Tyenca,0,3,3
Tyennah,0,3,3
Tyenne,0,3,3
Tyentley,3,0,3
Tyeppe,3,0,3
Tyer,3,0,3
Tyerbe,3,0,3
Tyerck,3,0,3
Tyerese,3,0,3
Tyeresess,3,0,3
Tyeron,3,0,3
Tyerra,0,3,3
Tyërs,3,0,3
Tyes,3,0,3
Tyess,0,3,3
Tyeveal,3,0,3
Tyfany,0,3,3
Tyffany,0,3,3
Tyfo,3,0,3
Tyfoon,0,3,3
Tyford,3,0,3
Tygan,3,0,3
Tygcho,3,0,3
Tygen,3,0,3
Tygendrick,3,0,3
Tygène,3,0,3
Tygerone,3,0,3
Tyghe,3,0,3
Tygo-Marijn,3,0,3
Tygolien,0,3,3
Tygon,3,0,3
Tygra,0,3,3
Tygran,3,0,3
Tygreey,3,0,3
Tygun,3,0,3
TYH,3,0,3
Tyhaisha,0,3,3
Tyhaitem,3,0,3
Tyhisha,0,3,3
Tyhm,3,0,3
Tyhroon,3,0,3
Tyhrstan,3,0,3
Tying,0,3,3
Tyirza,0,3,3
Tyischa,0,3,3
Tyjaïro,3,0,3
Tyjamo,3,0,3
Tyjangca,0,3,3
Tyjërino,3,0,3
Tyjiëron,3,0,3
Tyjor,3,0,3
Tykiana,0,3,3
Tylar-Joshua,3,0,3
Tylco,3,0,3
Tyle,3,0,3
Tylee-Mae,0,3,3
Tyleisha,0,3,3
Tylene,0,3,3
Tyler-Blake,3,0,3
Tyler-Jeffrey,3,0,3
Tyler-Jordan,3,0,3
Tyler-Shane,3,0,3
Tyleyle,0,3,3
Tyli,3,0,3
Tylian,3,0,3
Tylianne,0,3,3
Tylicia,0,3,3
Tylieshon,3,0,3
Tylijah,0,3,3
Tylin,0,3,3
Tylina,0,3,3
Tylisa,0,3,3
Tylise,0,3,3
Tylissa,0,3,3
Tyller,3,0,3
Tyllilla,0,3,3
Tylyn,0,3,3
Tymain,3,0,3
Tymaira,0,3,3
Tymani,0,3,3
Tymansha,3,0,3
Tymayah,0,3,3
Tymber,0,3,3
Tymeck,3,0,3
Tymeke,0,3,3
Tymentje,0,3,3
Tyméo,3,0,3
Tymeon,3,0,3
Tymes,3,0,3
Tymian,3,0,3
Tymir,3,0,3
Tymirah,0,3,3
Tymme,3,0,3
Tymna,0,3,3
Tymoer,3,0,3
Tymohteus,3,0,3
Tymon-Ezra,3,0,3
Tymona,0,3,3
Tymonda,0,3,3
Tymonde,0,3,3
Tymora,0,3,3
Tymoss,3,0,3
Tymotheüs,3,0,3
Tymotheusz,3,0,3
Tynairah,0,3,3
Tynaisha,0,3,3
Tynarah,0,3,3
Tyndell,3,0,3
Tyndjara,0,3,3
Tyné,3,0,3
Tyneiro,3,0,3
Tyneisha,0,3,3
Tynette,0,3,3
Tyng,0,3,3
Tynisa,0,3,3
Tynko,3,0,3
Tynni,0,3,3
Tynno,3,0,3
Tynova,0,3,3
Tyokoi,3,0,3
Tyona,0,3,3
Tyonne,0,3,3
Tyor,3,0,3
Tyora,0,3,3
Tyoti,0,3,3
Typac,3,0,3
Typhani,0,3,3
Typhen,0,3,3
Typhoon,3,0,3
Typi,3,0,3
Tyqiyah,0,3,3
Tyquán,3,0,3
Tyquano,3,0,3
Tyquincio,3,0,3
Tyquiño,3,0,3
Tyra-Amber,0,3,3
Tyra-Jade,0,3,3
Tyraen,3,0,3
Tyrain,3,0,3
Tyraisha,0,3,3
Tyral,3,0,3
Tyrall,3,0,3
Tyrance,3,0,3
Tyrane,3,0,3
Tyrann,3,0,3
Tyrannes,3,0,3
Tyranno,3,0,3
Tyré,3,0,3
Tyrease,3,0,3
Tyreash,0,3,3
Tyreek,3,0,3
Tyreen,0,3,3
Tyreeq,3,0,3
Tyreesa,0,3,3
Tyreesh,3,0,3
Tyrelcio,3,0,3
Tyrellcio,3,0,3
Tyrena,0,3,3
Tyrencio,3,0,3
Tyrensio,3,0,3
Tyres,3,0,3
Tyrese-ciën,0,3,3
Tyrese-Dwayne,3,0,3
Tyrese-Sunaily,0,3,3
Tyrese-Suremy,0,3,3
Tyreserooney,3,0,3
Tyresh,3,0,3
Tyrésha,0,3,3
Tyreshenne,0,3,3
Tyreshya,0,3,3
Tyrey,3,0,3
Tyreze,3,0,3
Tyrha,0,3,3
Tyrhon,0,3,3
Tyri,3,0,3
Tyria,0,3,3
Tyrian,3,0,3
Tyriana,0,3,3
Tyrianne,0,3,3
Tyricson,3,0,3
Tyrienne,0,3,3
Tyriesse,3,0,3
Tyrig,3,0,3
Tyrikson,3,0,3
Tyrinho,3,0,3
Tyrinke,0,3,3
Tyrinn,3,0,3
Tyriqeu,3,0,3
Tyris,3,0,3
Tyrisa,0,3,3
Tyrise,3,0,3
Tyrison,3,0,3
Tyrisson,3,0,3
Tyrna,0,3,3
Tyrohne,3,0,3
Tyrolino,3,0,3
Tyroma,0,3,3
Tyrôme,3,0,3
Tyron-Louis,3,0,3
Tyron-nie,0,3,3
Tyron-Valentino,3,0,3
Tyrona-Rachell,0,3,3
Tyroné,3,0,3
Tyröne,3,0,3
Tyrone-Jaé,3,0,3
Tyrone-Shane,3,0,3
Tyronh,3,0,3
Tyroni,3,0,3
Tyronija,0,3,3
Tyronnih,3,0,3
Tyroone,3,0,3
Tyros,3,0,3
Tyrron,3,0,3
Tyrse,0,3,3
Tyrshwana,0,3,3
Tyrson,3,0,3
Tyrszah,0,3,3
Tyrune,3,0,3
Týs,3,0,3
Tys-Sjoerd,3,0,3
Tysan,3,0,3
Tysara,0,3,3
Tysareno,3,0,3
Tyscina,0,3,3
Tysean,0,3,3
Tyseanne,0,3,3
Tyshaen,3,0,3
Tyshaineley,0,3,3
Tyshainely,0,3,3
Tyshaïni,0,3,3
Tyshainna,0,3,3
Tyshairon,3,0,3
Tyshane,3,0,3
Tyshaneyra,0,3,3
Tyshanou,0,3,3
Tyshantely,0,3,3
Tyshany,0,3,3
Tysharelle,3,0,3
Tysharo,3,0,3
Tyshayla,0,3,3
Tyshealy,0,3,3
Tyshean,3,0,3
Tysheline,0,3,3
Tyshena,0,3,3
Tyshendrick,3,0,3
Tyshentley,3,0,3
Tysheon,3,0,3
Tyshera,0,3,3
Tysheron,3,0,3
Tyshfara,0,3,3
Tyshiana,0,3,3
Tyshine,0,3,3
Tyshiyona,0,3,3
Tyshley,3,0,3
Tysho,3,0,3
Tyshon,3,0,3
Tyshor,3,0,3
Tyshown,3,0,3
Tyshura,0,3,3
Tysiano,3,0,3
Tysiën,3,0,3
Tysiëndro,3,0,3
Tysja,0,3,3
Tyskke,0,3,3
Tysko,3,0,3
Tyson-Kay,3,0,3
Tyson-Lennox,3,0,3
Tysoni,0,3,3
Tysonie,0,3,3
Tysonn,3,0,3
Tyss,3,0,3
Tyssa,0,3,3
Tysse,0,3,3
Tyssiano,3,0,3
Tyst,3,0,3
Tyte,0,3,3
Tyten,3,0,3
Tytus,3,0,3
Tyug,0,3,3
Tyul,3,0,3
Tyun,0,3,3
Tyvainio,3,0,3
Tyvaino,3,0,3
Tyvainy,0,3,3
Tyvangely,0,3,3
Tyvanni,0,3,3
Tyvar,3,0,3
Tyvaraisha,0,3,3
Tyvayno,3,0,3
Tyvayro,3,0,3
Tyviëndra,0,3,3
Tyvienska,0,3,3
Tyviensun,3,0,3
Tyvon,3,0,3
Tyvona,0,3,3
Tywan,3,0,3
Tywano,3,0,3
Tywen,0,3,3
Tywinveneau,3,0,3
Tyyni,0,3,3
Tyz,3,0,3
Tyza,0,3,3
Tyzaina,0,3,3
Tyzaino,3,0,3
Tyzairo,3,0,3
Tyzania,0,3,3
Tyzjeda,0,3,3
Tz'u,3,0,3
Tzantilo,3,0,3
Tzavir,3,0,3
Tzavit,3,0,3
Tze-An,3,0,3
Tze-Hau,3,0,3
Tze-Hong,3,0,3
Tze-May,0,3,3
Tze-Mo,3,0,3
Tze-Ying,0,3,3
Tzedeq,3,0,3
Tzefanyah,3,0,3
Tzehaye,3,0,3
Tzei,0,3,3
Tzenoë,0,3,3
Tzenzelie,0,3,3
Tzer,3,0,3
Tzi-Ho,3,0,3
Tziara,0,3,3
Tzigane,0,3,3
Tzih,3,0,3
Tzika,0,3,3
Tzilang,3,0,3
Tzillah,0,3,3
Tzin,3,0,3
Tzing,3,0,3
Tzipi,0,3,3
Tzipora,0,3,3
Tziporah,0,3,3
Tzippa,0,3,3
Tzippora,0,3,3
Tziquin,0,3,3
Tzitó,3,0,3
Tziwe,3,0,3
Tziyona,0,3,3
Tziyonah,0,3,3
Tzoe,0,3,3
Tzoe-Inn,0,3,3
Tzoe-Wan,3,0,3
Tzofiyah,0,3,3
Tzora,0,3,3
Tzu-Hung,3,0,3
Tzu-Ling,0,3,3
Tzu-Mie,0,3,3
Tzu-Ngee,0,3,3
Tzu-Yen,0,3,3
Tzuriël,3,0,3
Tzvetan,3,0,3
Tzwi,3,0,3
Tzyon,3,0,3
Tæde,3,0,3
Tækele,3,0,3
Tøger,3,0,3
Tøne,0,3,3
Tønnes,3,0,3
Tørben,3,0,3
