Name,Men,Women,Total
Ursula,43,3068,3111
Umut,596,6,602
Udo,563,3,566
Uilke,464,3,467
Uilkje,0,412,412
Ulbe,389,3,392
Ulrich,360,3,363
Uğur,300,3,303
Ursela,6,260,266
Ufuk,251,3,254
Ulrike,3,225,228
Uma,3,218,221
Umberto,185,3,188
Ugur,184,0,184
Urbanus,141,5,146
Ulco,140,0,140
Ubbo,127,3,130
Uriël,104,18,122
Ubel,119,0,119
Utku,93,3,96
Uiltje,92,3,95
Umar,78,6,84
Ulaş,77,0,77
Ulfert,75,0,75
Usha,0,73,73
Ulla,3,67,70
Urbain,61,9,70
Una,0,64,64
Urmila,0,64,64
Umeyr,59,0,59
Umit,59,0,59
Ugo,56,3,59
Ubaldus,55,3,58
Usman,55,0,55
Ursila,0,54,54
Ulrik,52,0,52
Uwe,48,3,51
Uschi,3,50,53
Uco,48,0,48
Ulrika,3,46,49
Urvin,44,0,44
Ulke,40,3,43
Uri,41,0,41
Urwin,40,0,40
Ursulina,3,34,37
Uko,35,0,35
Urban,35,0,35
Uyen,0,34,34
Ulrica,3,32,35
Ulbo,32,0,32
Unico,32,0,32
Uliana,0,31,31
Umesh,29,3,32
Undine,0,31,31
Uuldrik,30,3,33
Urias,30,0,30
Uilkjen,0,29,29
Ummigje,0,29,29
Ursinus,24,3,27
Ute,0,28,28
Ubele,27,0,27
Uhud,26,3,29
Uipko,27,0,27
Urselina,3,26,29
Umran,5,21,26
Urbana,0,26,26
Uĝur,25,0,25
Ulysses,23,3,26
Ursul,24,3,27
Usama,21,3,24
Ubelina,0,24,24
Umair,23,3,26
Uriel,19,5,24
Urszula,0,24,24
Umutcan,23,0,23
Ursus,23,0,23
Ubo,22,0,22
Uilko,22,0,22
Ulkje,0,22,22
Unique,5,17,22
Ursel,8,14,22
Unia,0,21,21
Uzair,21,0,21
Uberto,19,3,22
Ulas,20,0,20
Ubeydullah,19,0,19
Uchenna,13,6,19
Uitze,19,0,19
Ulric,19,0,19
Unice,3,18,21
Urania,3,18,21
Uriah,17,3,20
Ursina,0,19,19
Uyiosa,12,7,19
Uzma,0,19,19
Ubalda,0,18,18
Ula,3,17,20
Ulanda,0,18,18
Uta,5,13,18
Uday,17,0,17
Uldrik,17,0,17
Ulko,17,0,17
Uke,3,14,17
Uno,16,0,16
Ursule,0,16,16
Uulkje,0,16,16
Ulricus,15,0,15
Umay,0,15,15
Umayma,0,15,15
Uras,15,0,15
Urmina,0,15,15
Umaima,0,14,14
Umer,10,3,13
Unal,14,0,14
Uria,11,3,14
Urvashi,0,14,14
Uge,13,0,13
Ulberdina,0,13,13
Ullah,13,0,13
Uraz,13,0,13
Ursuline,0,13,13
Uzay,13,0,13
Ubah,0,12,12
Ubertus,12,0,12
Uǵur,12,0,12
Uitzen,12,0,12
Umi,3,11,14
Urbanie,3,11,14
Urma,0,12,12
Uulke,11,3,14
Uygar,11,3,14
Ubina,0,11,11
Ugochukwu,11,0,11
Uildrik,11,0,11
Umu,0,11,11
Urbaan,11,0,11
Urbian,11,0,11
Utah,8,3,11
Ugonia,0,10,10
Uli,6,3,9
Ulina,0,10,10
Ultsje,10,0,10
Ulviye,0,10,10
Umayr,10,0,10
Umur,10,0,10
Upko,10,0,10
Urmie,0,10,10
Urs,10,0,10
Uzoma,8,3,11
Ubaldo,9,0,9
Ubbe,9,0,9
Uddin,8,3,11
Ufuoma,5,3,8
Uilco,9,0,9
Ulyssa,0,9,9
Ural,9,0,9
Urmia,0,9,9
Uroš,9,0,9
Ursulla,0,9,9
Usame,9,0,9
Usko,9,0,9
Uwais,9,0,9
Ubaid,8,0,8
Ubaidah,8,0,8
Ubeyd,8,0,8
Ubeyde,8,0,8
Uchechi,3,7,10
Uğurcan,8,0,8
Ulbert,8,0,8
Ullrich,8,0,8
Ulpen,8,0,8
Ulvi,7,3,10
Ulysse,7,3,10
Umid,7,3,10
Ummuhan,0,8,8
Uncas,8,0,8
Uredice,0,8,8
Urina,3,7,10
Ussina,0,8,8
Uthman,8,0,8
Ubaida,5,3,8
Uche,3,3,6
Udine,0,7,7
Udonia,0,7,7
Ugonna,7,0,7
Uilkina,0,7,7
Uinko,7,0,7
Ulrick,7,0,7
Ultima,0,7,7
Ummahan,0,7,7
Umme,3,6,9
Unai,6,3,9
Unity,3,5,8
Urbano,6,3,9
Uriëlle,0,7,7
Urmy,0,7,7
Ursala,0,7,7
Urtha,0,7,7
Urwien,7,0,7
Utkan,7,0,7
Uulco,7,0,7
Uwaila,3,3,6
Uways,7,0,7
Uyên,0,7,7
Ubald,6,0,6
Uchechukwu,5,3,8
Ulalie,0,6,6
Ulbertus,6,0,6
Ulena,0,6,6
Umaiza,0,6,6
Umayrah,0,6,6
Ummu,0,6,6
Unette,0,6,6
Unna,0,6,6
Upendra,6,0,6
Uphemia,0,6,6
Uredise,0,6,6
Url,6,0,6
Urmiela,0,6,6
Urmiladevi,0,6,6
Usmaan,6,0,6
Utama,5,3,8
Ubaydah,5,0,5
Ubbina,0,5,5
Udin,5,0,5
Ufemia,0,5,5
Ugenie,0,5,5
Uġur,5,0,5
Ugurcan,5,0,5
Uğurkan,5,0,5
Uhunoma,3,3,6
Uintje,5,0,5
Ulberta,0,5,5
Ulf,5,0,5
Ulfred,5,0,5
Ulises,5,0,5
Ulisse,5,0,5
Ulli,3,3,6
Ulrieke,0,5,5
Umaira,0,5,5
Umberta,0,5,5
Ummegien,0,5,5
Umniya,0,5,5
Umud,5,0,5
Unelma,0,5,5
Uniq,5,0,5
Uniqua,0,5,5
Upashna,0,5,5
Upasna,0,5,5
Urbi,3,3,6
Urielle,0,5,5
Urmiena,0,5,5
Ursin,5,0,5
Ursmarus,5,0,5
Ursulus,5,0,5
Urving,5,0,5
Utomo,5,0,5
Uveys,5,0,5
Uwimana,0,5,5
Ubaldina,0,3,3
Ube,3,0,3
Ubeliena,0,3,3
Uberdina,0,3,3
Ubert,3,0,3
Uden,3,3,6
Udesh,3,0,3
Udochukwu,3,3,6
Udona,0,3,3
Ugochi,3,3,6
Uilktje,0,3,3
Ukelina,0,3,3
Ukie,0,3,3
Ulbertje,0,3,3
Ulderika,0,3,3
Uldrich,3,0,3
Ulfa,0,3,3
Ulfet,3,3,6
Ulm,3,0,3
Ulmt,3,0,3
Ulphia,0,3,3
Ulricke,0,3,3
Ulus,3,0,3
Umadevi,0,3,3
Umairah,0,3,3
Umaymah,0,3,3
Umed,3,0,3
Umeyir,3,0,3
Umeyma,0,3,3
Umniyah,0,3,3
Unaysah,0,3,3
Uneke,3,3,6
Unisa,3,3,6
Unise,0,3,3
Unno,3,0,3
Untung,3,3,6
Upadhia,3,0,3
Upt,3,0,3
Urbaine,3,3,6
Urbania,0,3,3
Urbanis,3,0,3
Urben,3,0,3
Urdice,0,3,3
Urian,3,0,3
Urica,0,3,3
Uriella,0,3,3
Urjan,3,0,3
Urley,3,3,6
Urmea,0,3,3
Urmi,0,3,3
Urmiladebie,0,3,3
Urooj,3,3,6
Ursa,3,3,6
Ursi,3,3,6
Usain,3,0,3
Uscha,3,3,6
Usiena,0,3,3
Usina,0,3,3
Usra,0,3,3
Utami,0,3,3
Uttam,3,0,3
Uunko,3,0,3
Uupke,0,3,3
Uwaese,3,3,6
Uwaldus,3,0,3
Uyiekpen,3,3,6
Uziël,3,0,3
Uzoamaka,3,3,6
Uasima,0,3,3
Ubay,3,0,3
Ubaydullah,3,0,3
Ubayy,3,0,3
Ubeline,0,3,3
Ubeyt,3,0,3
Uck,0,3,3
Uddo,3,0,3
Ude,3,0,3
Udina,0,3,3
Udomina,0,3,3
Uelke,3,0,3
Uffe,3,0,3
Ugene,3,0,3
Ugiagbe,3,3,6
Ugoeze,3,3,6
Uĝurcan,3,0,3
Uichen,3,0,3
Uiliena,0,3,3
Uilkiena,0,3,3
Uka,0,3,3
Ulaane,3,3,6
Ulan,3,3,6
Ulbania,0,3,3
Ulbedina,0,3,3
Ulbes,3,3,6
Ulbina,0,3,3
Ulca,0,3,3
Ule,3,0,3
Ulka,3,3,6
Ulkina,0,3,3
Ulla-Britt,0,3,3
Ullaha,3,0,3
Ullembina,0,3,3
Ulrico,3,0,3
Ultus,3,0,3
Ulubat,3,0,3
Uluç,3,0,3
Ulya,0,3,3
Uman,3,3,6
Umaru,3,3,6
Umayra,0,3,3
Umayyah,0,3,3
Ume,0,3,3
Umeer,3,0,3
Umeyra,0,3,3
Umro,3,0,3
Umuhoza,0,3,3
Unays,3,0,3
Unit,0,3,3
Unita,0,3,3
Unni,3,3,6
Unsal,3,0,3
Ura,3,3,6
Uranie,3,3,6
Urbin,3,0,3
Urdise,0,3,3
Urel,3,0,3
Urena,3,3,6
Urfin,3,0,3
Uriëlla,0,3,3
Urika,0,3,3
Urita,0,3,3
Urlien,0,3,3
Urnie,3,0,3
Urseline,0,3,3
Urwa,0,3,3
Urzina,0,3,3
Usaid,3,0,3
Usher,3,0,3
Ushuaia,3,3,6
Ustina,0,3,3
Uthmaan,3,0,3
Utie,0,3,3
Utopia,0,3,3
Uulko,3,0,3
Uupko,3,0,3
Uut,0,3,3
Uxía,0,3,3
Uyioghosa,3,3,6
Uysal,3,0,3
Uzzia,3,3,6
Uzziël,3,3,6
U-Roy,3,0,3
Uahiba,0,3,3
Uasim,3,0,3
Ubavka,0,3,3
Ubax,0,3,3
Ubayda,3,0,3
Ubeldina,0,3,3
Ubelenes,3,0,3
Uberta,0,3,3
Ubi,3,3,6
Ubold,3,0,3
Uboldus,3,0,3
Ucha,3,3,6
Uchiha,3,0,3
Uda,0,3,3
Udardus,3,0,3
Udeline,0,3,3
Udeze,3,3,6
Udiena,0,3,3
Udjen,3,3,6
Udocus,3,0,3
Udoka,3,3,6
Udraj,3,0,3
Udritcha,0,3,3
Uduak,3,3,6
Uduji,3,3,6
Udy,0,3,3
Ueli,3,3,6
Ufoma,3,3,6
Ugbaad,0,3,3
Ugbogbo,3,0,3
Ugène,3,0,3
Ugenia,0,3,3
Uglješa,3,0,3
Ugonma,0,3,3
Ugurkan,3,0,3
Ugurtan,3,0,3
Uhuru,3,0,3
Uidad,0,3,3
Uilkes,3,0,3
Uilleam,3,0,3
Uitje,3,0,3
Ujala,0,3,3
Ujunwa,0,3,3
Ukachi,0,3,3
Ukaegbu,3,0,3
Ukë,3,0,3
Ukke,0,3,3
Ukkie,0,3,3
Ukofiök,3,0,3
Ulaan,3,3,6
Ulalia,0,3,3
Ulani,0,3,3
Ulbertine,0,3,3
Ulbine,0,3,3
Ulbrecht,3,0,3
Ulda,0,3,3
Uldarica,0,3,3
Uldericus,3,0,3
Uldiceny,0,3,3
Uldine,0,3,3
Uleke,3,0,3
Ulferda,0,3,3
Ulferts,3,0,3
Ulfia,0,3,3
Ulfrida,0,3,3
Ulfridus,3,0,3
Ulia,0,3,3
Ulie,3,3,6
Ulikje,0,3,3
Ulinde,0,3,3
Ulis,3,0,3
Ulisses,3,0,3
Ulkes,3,0,3
Ully,3,3,6
Ullyses,3,0,3
Uloma,0,3,3
Ulpho,3,0,3
Ulpiana,0,3,3
Ulricht,3,0,3
Ulrique,0,3,3
Ultje,3,0,3
Ultra,0,3,3
Ulubey,3,0,3
Ulucan,3,0,3
Ulvar,3,0,3
Ulvrin,3,0,3
Uly,0,3,3
Ulyana,0,3,3
Ulytha,0,3,3
Umai,0,3,3
Umaimah,0,3,3
Umalkhayr,0,3,3
Umama,0,3,3
Umarah,0,3,3
Umarú,3,0,3
Umbelina,3,3,6
Umeh,0,3,3
Umeshkumar,3,0,3
Umeyme,0,3,3
Umika,0,3,3
Umira,0,3,3
Umisa,0,3,3
Umman,0,3,3
Ummani,3,3,6
Ummara,0,3,3
Ummechina,0,3,3
Ummie,0,3,3
Ummü,0,3,3
Umrai,0,3,3
Unaiza,0,3,3
Unaysa,0,3,3
Undina,0,3,3
Undómiel,0,3,3
Uneata,0,3,3
Uneco,3,0,3
Uneko,3,0,3
Uneyse,0,3,3
Unga,0,3,3
Ungkai,3,0,3
Unianne,0,3,3
Unica,0,3,3
Uniek,3,3,6
Unnis,3,0,3
Unsa,0,3,3
Untjelina,0,3,3
Unus,3,0,3
Upaasna,0,3,3
Upasana,0,3,3
Upendo,3,0,3
Urallyne,0,3,3
Urbanius,3,0,3
Urbiene,3,0,3
Urbina,0,3,3
Urby,3,0,3
Urcila,0,3,3
Urcy,0,3,3
Ureli,0,3,3
Urene,0,3,3
Urfried,3,0,3
Urga,3,3,6
Urgel,3,0,3
Urgen,3,0,3
Urginio,3,0,3
Urho,3,0,3
Uriana,0,3,3
Urich,3,0,3
Uridice,0,3,3
Uriela,0,3,3
Urijah,3,0,3
Uritha,0,3,3
Uriyah,3,0,3
Urko,3,0,3
Urkuş,0,3,3
Urla,0,3,3
Urleen,0,3,3
Urlich,3,0,3
Urly,3,0,3
Urlyson,3,0,3
Urmien,0,3,3
Urmiladevie,0,3,3
Urmiladewie,0,3,3
Urminde,0,3,3
Urmpje,0,3,3
Urney,3,0,3
Urrel,3,0,3
Urselie,0,3,3
Urseliena,0,3,3
Ursella,0,3,3
Urshalon,3,0,3
Urshelon,3,0,3
Ursia,0,3,3
Ursida,0,3,3
Ursiela,0,3,3
Ursilla,0,3,3
Ursino,3,0,3
Ursmara,0,3,3
Urso,3,0,3
Ursüla,0,3,3
Urviana,0,3,3
Urvill,3,0,3
Urville,3,0,3
Urvinio,3,0,3
Urwah,3,3,6
Usaama,3,0,3
Usar,3,3,6
Uscher,3,0,3
Uselène,3,0,3
Useus,3,0,3
Ushadevie,0,3,3
Ushi,0,3,3
Ushma,0,3,3
Usia,0,3,3
Uskina,0,3,3
Usmar,3,0,3
Usörö,3,0,3
Ussama,3,0,3
Ustasia,0,3,3
Ustino,3,0,3
Utamie,0,3,3
Utari,0,3,3
Uthai,3,3,6
Uther,3,0,3
Utju,3,0,3
Utkun,3,0,3
Uto,3,0,3
Utscha,0,3,3
Uulderik,3,0,3
Uulkes,3,0,3
Uun,0,3,3
Uuntina,0,3,3
Uusje,0,3,3
Uwa,3,0,3
Uwase,0,3,3
Uwayemwen,0,3,3
Uwera,3,3,6
Uyghur,3,3,6
Uyghuray,0,3,3
Uygun,3,0,3
Uyi,3,3,6
Uyi-Oghosa,3,3,6
Uyoyo,3,3,6
Uzaïr,3,0,3
Uzman,3,0,3
Uzodinma,3,0,3
Uzondu,3,3,6
Uzume,0,3,3
Uzuri,0,3,3
U'gyño,3,0,3
U-Gene,3,0,3
U-Ginyo,3,0,3
U-Lai,0,3,3
U-ting,3,0,3
U-Wen,0,3,3
Uadei,3,0,3
Uafa,0,3,3
Uafae,0,3,3
Uafe,0,3,3
Uaheb,3,0,3
Uaheba,0,3,3
Uahida,0,3,3
Uami,0,3,3
Uandi,0,3,3
Uani,3,0,3
Uarda,0,3,3
Uasif,3,0,3
Uassima,0,3,3
Uaviela,0,3,3
Ubadire,3,0,3
Ubaid-ur,3,0,3
Ubaid-ur-Rehman,3,0,3
Ubaidullah,3,0,3
Ubaidurrahman,3,0,3
Ubaidurrehman,3,0,3
Ubaka,3,0,3
Ubaldine,0,3,3
Uban,3,0,3
Ubanus,3,0,3
Ubanwa,3,0,3
Ubbaid,3,0,3
Ubbegien,0,3,3
Ubbegina,0,3,3
Ubben,3,0,3
Ubbens,3,0,3
Ubbes,3,0,3
Ubbiena,0,3,3
Ubead,3,0,3
Ubejdullah,3,0,3
Ubela,0,3,3
Ubeldientje,0,3,3
Ubelenus,3,0,3
Ubeles,3,0,3
Ubelien,0,3,3
Ubelientje,0,3,3
Ubelinda,0,3,3
Uberdinus,3,0,3
Ubertho,3,0,3
Ubeydusselam,3,0,3
Ubidurahman,3,0,3
Ubiënska,0,3,3
Ubine,0,3,3
Ubiratan,3,0,3
Ubit,0,3,3
Uboeng,0,3,3
Ubolde,0,3,3
Ubong,3,0,3
Ubrigh,3,0,3
Ubu,3,0,3
Ubuntu,0,3,3
Uca,3,0,3
Ucahzo,3,0,3
Uçar,3,0,3
Ucardo,3,0,3
Uccello,3,0,3
Uchaindani,0,3,3
Uchaïra,0,3,3
Uchechuk,0,3,3
Uchechuku,3,0,3
Uchelra,0,3,3
Uchenie,0,3,3
Uchennakwe,3,0,3
Uchent,3,0,3
Ucheoma,0,3,3
Uciën,3,0,3
Uclav,3,0,3
Ucmy,0,3,3
Ucok,3,0,3
Ucu,3,0,3
Ud-din,3,0,3
Udah,0,3,3
Udai,3,0,3
Udalrica,0,3,3
Udāra,0,3,3
Udarda,0,3,3
Uday-Radj,3,0,3
Udaykanwar,3,0,3
Udaykumaar,3,0,3
Udayle,3,0,3
Udayn,3,0,3
Udayro,3,0,3
Udday,0,3,3
Udde,3,0,3
Uddeen,3,0,3
Uddhava,3,0,3
Uddish,3,0,3
Udeke,0,3,3
Udele,0,3,3
Udemar,3,0,3
Udeme,3,0,3
Uden-Marsha,0,3,3
Udereska,0,3,3
Udeshika,0,3,3
Udesta,0,3,3
Udey,3,0,3
Udham,3,0,3
Udhav,3,0,3
Udhdhyam,3,0,3
Udhee,3,0,3
Udhemar,3,0,3
Udi,3,0,3
Udiano,3,0,3
Udie,3,0,3
Udiene,0,3,3
Udim,3,0,3
Udino,3,0,3
Udjan,0,3,3
Udjifa,0,3,3
Udo-Marc,3,0,3
Udo-Max,3,0,3
Udochi,3,0,3
Udodilim,3,0,3
Udodiri,3,0,3
Udodirim,0,3,3
Udogu,3,0,3
Udoh,3,0,3
Udolphus,3,0,3
Udomien,0,3,3
Udomsbluck,0,3,3
Udon,3,0,3
Udoxia,0,3,3
Udraji,0,3,3
Udrice,0,3,3
Uduakwu,0,3,3
Udyarma,0,3,3
Udyas,3,0,3
Ueaam,0,3,3
Uedad,0,3,3
Uedes,3,0,3
Uedia,0,3,3
Uedia-Gardell,0,3,3
Uegene,3,0,3
Uegenia,0,3,3
Uell,3,0,3
Uella,0,3,3
Uelle,0,3,3
Uelriyendlion,3,0,3
Uenise,0,3,3
Ueno,3,0,3
Uepl,3,0,3
Uerchenie,0,3,3
Uerda,0,3,3
Ueredise,0,3,3
Uerick,3,0,3
Ueshiba,3,0,3
Ueyr,3,0,3
Ueza,3,0,3
Ufanio,3,0,3
Ufeyra,0,3,3
Uffan,3,0,3
Ufford,3,0,3
Uffordeka,3,0,3
Uffordete,3,0,3
Uffuk,3,0,3
Ufku,3,0,3
Ufo,3,0,3
Ufomaoghene,3,0,3
Ufukcan,3,0,3
Ufuktan,3,0,3
Ufuoma-oghene,3,0,3
Ufuomaefe,3,0,3
Ufuuk,3,0,3
Ugaso,0,3,3
Ugbad,0,3,3
Ugbo,0,3,3
Ugbodaga,0,3,3
Ugelien,0,3,3
Ugelina,0,3,3
Ugely,0,3,3
Ugenea,0,3,3
Ugheghele,3,0,3
Ugine,3,0,3
Ugli,3,0,3
Ugmar,3,0,3
Ugnė,0,3,3
Ugne,0,3,3
Ugobi,3,0,3
Ugochinyere,0,3,3
Ugoezue,3,0,3
Ugolina,0,3,3
Ugom,0,3,3
Ugoma,0,3,3
Ugoor,3,0,3
Ugowe,0,3,3
Uğraş,3,0,3
Ugras,3,0,3
Ugraş,3,0,3
Ugrasain,3,0,3
Ugûr,3,0,3
Ugŭr,3,0,3
Ugūr,3,0,3
Uğural,3,0,3
Uġurcan,3,0,3
Ugurgül,0,3,3
Ugurhan,3,0,3
Uĝurhan,3,0,3
Uğurhan,3,0,3
Uĝurtan,3,0,3
Uğuz,3,0,3
Uguz,3,0,3
Uhama,0,3,3
Uhde,3,0,3
Uhiriwe,3,0,3
Uhle,3,0,3
Uhm,3,0,3
Uhny,3,0,3
Uhono,3,0,3
Uhri,3,0,3
Uhria,3,0,3
Uhudcan,3,0,3
Uhunormar,0,3,3
Uhura,3,0,3
Uidzen,3,0,3
Uif-Jan,3,0,3
Uigen,3,0,3
Uijthoven,3,0,3
Uilean,3,0,3
Uilina,0,3,3
Uilkje-Ietsje,0,3,3
Uilona,0,3,3
Uilson,3,0,3
Uilton,3,0,3
Uindina,0,3,3
Uipco,3,0,3
Uirapuru,0,3,3
Uitjen,3,0,3
Uitwidus,3,0,3
Uiver,3,0,3
Ujamaa,3,0,3
Ujan,3,0,3
Ujana,0,3,3
Ujani,3,0,3
Ujayhnaline,0,3,3
Ujendre,3,0,3
Ujjawal,3,0,3
Ujjesh,3,0,3
UJM,3,0,3
Uju,0,3,3
Ujuagbe,3,0,3
Ukaashah,3,0,3
Ukaij,0,3,3
Ukan,3,0,3
Ukanyi,0,3,3
Ukash,3,0,3
Ukay,0,3,3
Ukayil,3,0,3
Ukbe,3,0,3
Ukeliena,0,3,3
Ukinebo,0,3,3
Ukran,0,3,3
Ukte,0,3,3
Ukulatu,3,0,3
Ukwunna,0,3,3
Ukyo,3,0,3
Ul-Abidin,3,0,3
Ul-Ain,0,3,3
Ul-Haq-Shah,3,0,3
ul-Haya,0,3,3
Ul-Islam,3,0,3
Ul-Rehman,3,0,3
Ulaç,3,0,3
Ulai,0,3,3
Ulalam,3,0,3
Uland,0,3,3
Ulanga,3,0,3
Ulara,0,3,3
Ulaşcan,3,0,3
Ulay,0,3,3
Ulbama,3,0,3
Ulbani-marie,0,3,3
Ulbarkaat,0,3,3
Ulbart,3,0,3
Ulbe-Jan,3,0,3
Ulberthe,0,3,3
Ulberto,3,0,3
Ulbet,3,0,3
Ulbian,3,0,3
Ulbrân,3,0,3
Ulbria,0,3,3
Ulchdrienis,0,3,3
Ulciën,3,0,3
Ulderica,0,3,3
Ulderik,3,0,3
Ulderike,0,3,3
Ulderikus,3,0,3
Uldino,3,0,3
Uldjana,0,3,3
Uldricus,3,0,3
Uldrikus,3,0,3
Uldrise,0,3,3
Uldritcha,0,3,3
Ulelefe,3,0,3
Ulerik,3,0,3
Ulex,3,0,3
Uleya,3,0,3
Ulfah,0,3,3
Ulfarik,3,0,3
Ulferd,3,0,3
Ulferdus,3,0,3
Ulfert-Klaas,3,0,3
Ulfertdina,0,3,3
Ulfeta,0,3,3
Ulfeth,0,3,3
Ulfilas,3,0,3
Ulfine,0,3,3
Ulfried,3,0,3
Ulfrieda,0,3,3
Ulgar,3,0,3
Ulgina,0,3,3
Ulhaq,3,0,3
Ulhath,3,0,3
Uliane,0,3,3
Ulianna,0,3,3
Ulianus,3,0,3
Ulibasa,0,3,3
Uliena,0,3,3
Ulienke,0,3,3
Ulieo,3,0,3
Ulijn,0,3,3
Ulily,0,3,3
Ulimaan,0,3,3
Ulinda,0,3,3
Uline,0,3,3
Ulisa,0,3,3
Ulissa,0,3,3
Ulisséia,0,3,3
Ulita,0,3,3
Ulixes,3,0,3
Ulize,0,3,3
Ulja,0,3,3
Uljanalynn,0,3,3
Uljanov,3,0,3
Ulker,0,3,3
Ulkuhan,0,3,3
Ulla-May,0,3,3
Ullalie,0,3,3
Ulle,3,0,3
Ullisses,3,0,3
Ullrik,3,0,3
Ullymar,3,0,3
Ullysis,3,0,3
Ulma,0,3,3
Ulmar,3,0,3
Ulmi,0,3,3
Ulmiraldo,3,0,3
Ulmita,0,3,3
Ulombe,0,3,3
Ulphard,3,0,3
Ulpianisha,0,3,3
Ulpius,3,0,3
Ulrand,3,0,3
Ulri,0,3,3
Ulriän,3,0,3
Ulrïch,3,0,3
Ulrich-Andy,3,0,3
Ulricha,0,3,3
Ulrichailly,0,3,3
Ulrichdina,0,3,3
Ulrichiano,3,0,3
Ulrichio,3,0,3
Ulrichsca,0,3,3
Ulrichson,3,0,3
Ulrichus,3,0,3
Ulricien,3,0,3
Ulricio,3,0,3
Ulricky,3,0,3
Ulriëna,0,3,3
Ulrikke,0,3,3
Ulrisa,0,3,3
Ulrisha,0,3,3
Ulrita,0,3,3
Ulriviendrick,3,0,3
Ulryk,3,0,3
Ulsana,0,3,3
Ulse,3,0,3
Ulsela,0,3,3
Ulsted,3,0,3
Ultan,3,0,3
Ultán,3,0,3
Ultimecia,0,3,3
Ultimo,3,0,3
Ultinata,0,3,3
Ultman,3,0,3
Ulukan,3,0,3
Ulukje,0,3,3
Uluma,0,3,3
Ulumká,0,3,3
Ulumka'an,0,3,3
Ulundi,3,0,3
Ulusal,3,0,3
Ulutürk,3,0,3
Ulva,0,3,3
Ulvano,3,0,3
Ulven,3,0,3
Ulverilya,0,3,3
Ulvert,3,0,3
Ulviënne,0,3,3
Ulvik,3,0,3
Ulyce,3,0,3
Ulyëndrich,3,0,3
Ulysa,0,3,3
Ulyses,3,0,3
Ulysess,3,0,3
Ulysiël,3,0,3
Ulysis,3,0,3
Ulyss,3,0,3
Ulzana,0,3,3
Ulzo,3,0,3
Uma-Belle,0,3,3
Umaaiera,0,3,3
Umaamah,0,3,3
Umad,3,0,3
Umadutt,3,0,3
Umah,0,3,3
Umahyra,0,3,3
Umaïma,0,3,3
Umais,3,0,3
Umaizah,0,3,3
Umali,0,3,3
Umame,0,3,3
Umandkumari,0,3,3
Umangani,0,3,3
Umani,3,0,3
Umaphorn,0,3,3
Umaprasad,3,0,3
Umar-Osman,3,0,3
Umarcula,0,3,3
Umare,0,3,3
Umarfarouk,3,0,3
Umaro,3,0,3
Umarovitch,3,0,3
Umas,3,0,3
Umashakti,0,3,3
Umashree,0,3,3
Umaya,0,3,3
Umayer,3,0,3
Umaynah,0,3,3
Umayya,0,3,3
Umber,3,0,3
Umbertho,3,0,3
Umbertina,0,3,3
Umbertos,3,0,3
Umbertus,3,0,3
Umbolina,0,3,3
Umbriël,0,3,3
Umbu,3,0,3
Ume-Mehraab,0,3,3
Umea,0,3,3
Umeed,0,3,3
Umeesh,3,0,3
Umeis,3,0,3
Umejja,0,3,3
Umelaila,0,3,3
Umelda,0,3,3
Umeli,0,3,3
Umelkheyr,0,3,3
Umena,3,0,3
Umendri,0,3,3
Umeno,0,3,3
Umeran,0,3,3
Umeshkoemar,3,0,3
Umeshvar,3,0,3
Umeshwari,0,3,3
Umeshwarsingh,3,0,3
Umeyna,0,3,3
Umfried,3,0,3
Umgiene,0,3,3
Umi-Lee,0,3,3
Umidhan,3,0,3
Umihana,0,3,3
Umii,0,3,3
Umijan,0,3,3
Umijati,0,3,3
Umika-Devi,0,3,3
Umima,0,3,3
Uminatu,0,3,3
Umirin,0,3,3
Umitcan,3,0,3
Umiye,0,3,3
Umke,0,3,3
Umkhonto,3,0,3
Umling,0,3,3
Umm,0,3,3
Umm-E-Habibah,0,3,3
Umm-Kulthum,0,3,3
Umma,0,3,3
Ummahannur,0,3,3
Ummaja,3,0,3
Ummar,3,0,3
Ummarha,0,3,3
Ummari,0,3,3
Umme-Habiba,0,3,3
Umme-Salma,0,3,3
Ummehaani,0,3,3
Ummehani,0,3,3
Ummi,0,3,3
Ummichina,0,3,3
Ummiggina,0,3,3
Ummigien,0,3,3
Ummiye,0,3,3
Ummo,3,0,3
Ummugrsum,0,3,3
Ummügül,0,3,3
Ummugulsum,0,3,3
Ummuh,0,3,3
Ummühan,0,3,3
Ummul,0,3,3
Ummulkhayr,0,3,3
Ummüye,0,3,3
Umnia,0,3,3
Umoh,3,0,3
Umoja,0,3,3
Umoya,0,3,3
Umraan,3,0,3
Umrah,0,3,3
Umrao,3,0,3
Umrea,0,3,3
Umriye,0,3,3
Umtidevie,0,3,3
Umubyeyi,0,3,3
Umudi,3,0,3
Umugisha,0,3,3
Umugulsun,0,3,3
Umul,0,3,3
Umulchaira,0,3,3
Umulkhayr,0,3,3
Umulkheyr,0,3,3
Umulqeer,0,3,3
Umun,3,0,3
Umurcan,3,0,3
Umurkan,3,0,3
Umus,0,3,3
Umüt,3,0,3
Umut-Can,3,0,3
Umutesi,0,3,3
Umuthan,3,0,3
Umwari,0,3,3
Umwiza,0,3,3
Umyma,0,3,3
Unabia,0,3,3
Unah,0,3,3
Unaily,3,0,3
Unaisa,0,3,3
Unaisi,0,3,3
Unami,0,3,3
Unata,0,3,3
Unathi,3,0,3
Unca,0,3,3
Undana,3,0,3
Undecimilia,0,3,3
Undomiël,0,3,3
Undreaus,3,0,3
Unejs,3,0,3
Unesta,0,3,3
Unetie,0,3,3
Uneysa,0,3,3
Unfried,3,0,3
Ung,0,3,3
Ungene,3,0,3
Unger,3,0,3
Ungera,0,3,3
Unggul,3,0,3
Ungosi,0,3,3
Uni,0,3,3
Uniada,0,3,3
Unicia,0,3,3
Unicus,3,0,3
Uniese,0,3,3
Unige,0,3,3
Uniken,3,0,3
Unildo,3,0,3
Unimar,3,0,3
Unimari,0,3,3
Unira,0,3,3
Unis,0,3,3
Unisha,0,3,3
Unissa,3,0,3
Unithia,0,3,3
Universe,0,3,3
Universlie,0,3,3
Unko,3,0,3
Unme,0,3,3
Unne,0,3,3
Unnikrishnan,3,0,3
Unoma,0,3,3
Unosha,0,3,3
Unoveva,0,3,3
Unrich,3,0,3
Unseh,0,3,3
Unsiyya,0,3,3
Untagaja,0,3,3
Untello,3,0,3
Untina,0,3,3
Unto,3,0,3
Unuigboje,3,0,3
Unwa,3,0,3
unwa,3,0,3
Unwausoro,0,3,3
Unyime,0,3,3
Unysha,0,3,3
Unyvre,0,3,3
Unzana,0,3,3
Unze,3,0,3
Unzila,0,3,3
Uomaima,0,3,3
Uome,3,0,3
Upaashna,0,3,3
Upale,3,0,3
Upali,3,0,3
Upama,0,3,3
Upando,3,0,3
Uparna,0,3,3
Upasnadevi,0,3,3
Upco,3,0,3
Updesh,0,3,3
Upeka,0,3,3
Upendre,3,0,3
Upindrakumar,3,0,3
Upindre,3,0,3
Upkien,0,3,3
Upkiran,0,3,3
Upnishadperkash,3,0,3
Uqéva,0,3,3
Ur-Nammu,3,0,3
Uraaz,3,0,3
Uracio,3,0,3
Uraela,0,3,3
Uraily,0,3,3
Uraischa,0,3,3
Uraixa,0,3,3
Urakaj,3,0,3
Uranela,0,3,3
Uranis,0,3,3
Uranius,3,0,3
Uranran,0,3,3
Urantgely,0,3,3
Uranus,0,3,3
Uraujh,0,3,3
Urbald,3,0,3
Urbaltus,3,0,3
Urbani,0,3,3
Urbanito,3,0,3
Urbean,3,0,3
Urbert,3,0,3
Urbiän,3,0,3
Urbicia,0,3,3
Urbie,3,0,3
Urbijn,3,0,3
Urbriëlla,0,3,3
Urcel,3,0,3
Urchëdeny,0,3,3
Urchen,3,0,3
Urchin,3,0,3
Urchinio,3,0,3
Urcil,3,0,3
Urda,0,3,3
Urdanius,3,0,3
Urdanka,0,3,3
Urdao,3,0,3
Urdarich,3,0,3
Urdies,0,3,3
Urdijalexis,3,0,3
Urdin,3,0,3
Urdina,0,3,3
Urdisia,0,3,3
Urdiyon,3,0,3
Urdize,0,3,3
Urdjeen,3,0,3
Urdjensli,3,0,3
Urdoes,0,3,3
Ureah,0,3,3
Urediče,0,3,3
Urediesch,0,3,3
Uredish,0,3,3
Uredys,0,3,3
Ureely,0,3,3
Ureille,0,3,3
Urëlie,0,3,3
Urelie,0,3,3
Urély,0,3,3
Urely,0,3,3
Urène,0,3,3
Urenna,0,3,3
Urenzjely,0,3,3
Uresa,0,3,3
Ureshmin,0,3,3
Urewuchi,0,3,3
Urfan,3,0,3
Urfana,0,3,3
Urfina,0,3,3
Urgano,3,0,3
Urgenia,0,3,3
Urghen,3,0,3
Urgiënne,3,0,3
Urgill,3,0,3
Urgina,0,3,3
Urgiya,0,3,3
Urguya,0,3,3
Urhia,0,3,3
Urhoy,3,0,3
Uriahn,3,0,3
Uribe,3,0,3
Urice,0,3,3
Uridische,0,3,3
Uriëla,0,3,3
Uriële,0,3,3
Uriëll,3,0,3
Uriëlle-Zyana,0,3,3
Urien,0,3,3
Urijanka,0,3,3
Urilla,0,3,3
Urimare,0,3,3
Urimashie,0,3,3
Urinus,3,0,3
Urit,0,3,3
Uriya,3,0,3
Uriyar,0,3,3
Urja,0,3,3
Urjandric,3,0,3
Urjeanice,0,3,3
Urjeezjely,0,3,3
Urjiño,3,0,3
Urjwan,0,3,3
Urkin,0,3,3
Urkiye,0,3,3
Urkuya,0,3,3
Urlaine,0,3,3
Urlayni,0,3,3
Urle,3,0,3
Urlen,3,0,3
Urlene,0,3,3
Urleson,3,0,3
Urleysia,0,3,3
Urli,3,0,3
Urlie,0,3,3
Urlig,3,0,3
Urlin,0,3,3
Urline,0,3,3
Urling,3,0,3
Urlisa,0,3,3
Urlmar,3,0,3
Urlo,3,0,3
Urly-Angely,0,3,3
Urmansca,3,0,3
Urmelia,0,3,3
Urmelien,0,3,3
Urmelita,0,3,3
Urmelon,3,0,3
Urmensio,3,0,3
Urmey,0,3,3
Urmiano,3,0,3
Urmieladebby,0,3,3
Urmielie,0,3,3
Urmiellakumarie,0,3,3
Urmil,0,3,3
Urmila-Debie,0,3,3
Urmila-Devi,0,3,3
Urmilah,0,3,3
Urmilakumarie,0,3,3
Urmilavati,0,3,3
Urmilla,0,3,3
Urmula,0,3,3
Urmuliani,0,3,3
Urmyladebie,0,3,3
Urna,0,3,3
Urnanga,0,3,3
Urnayseli,0,3,3
Urnella,0,3,3
Urnestien,0,3,3
Urneysha,0,3,3
Urni,3,0,3
Urnice,0,3,3
Urnick,3,0,3
Urniek,3,0,3
Urniël,3,0,3
Urnij,3,0,3
Urniven,3,0,3
Urny,3,0,3
Uro,3,0,3
Uroj,0,3,3
Urol,3,0,3
Urôs,3,0,3
Urosa,0,3,3
Urosh,3,0,3
Uroudj,0,3,3
Uroy,3,0,3
Urpi,0,3,3
Urquently,3,0,3
Urre,3,0,3
Urredice,0,3,3
Urriël,3,0,3
Ursadevie,0,3,3
Ursaline,0,3,3
Ursan,3,0,3
Ursana,0,3,3
Urscha,0,3,3
Urschel,0,3,3
Urschi,0,3,3
Urseleine,0,3,3
Urseli,0,3,3
Urseliene,0,3,3
Urselin,0,3,3
Ursell,3,0,3
Ursen,3,0,3
Ursha,0,3,3
Urshaf,3,0,3
Urshaff,3,0,3
Urshana,0,3,3
Urshealy,0,3,3
Ursheela,0,3,3
Urshell,3,0,3
Urshello,3,0,3
Urshelón,3,0,3
Urshen,3,0,3
Urshendel,3,0,3
Ursie,0,3,3
Ursilawatie,0,3,3
Ursillya,0,3,3
Ursio,3,0,3
Ursius,3,0,3
Ursjeny,0,3,3
Ursjila,0,3,3
Ursly,3,0,3
Ursmar,3,0,3
Ursola,0,3,3
Ursone,3,0,3
Ursula-Bianca,0,3,3
Ursuladewie,0,3,3
Ursulette,0,3,3
Ursulien,0,3,3
Ursuliene,0,3,3
Ursulinda,0,3,3
Ursulinde,0,3,3
Ursulino,3,0,3
Ursulique,0,3,3
Ursy,0,3,3
Ursyla,0,3,3
Urte,3,0,3
Urtin,3,0,3
Uruan,3,0,3
Uruel,3,0,3
Uruguay,3,0,3
Uruogbe,3,0,3
Urusa,0,3,3
Uruz,3,0,3
Urvalliënne,0,3,3
Urvan,3,0,3
Urvania,0,3,3
Urvano,3,0,3
Urvashidevi,0,3,3
Urvashie,0,3,3
Urvasi,0,3,3
Urvasie,0,3,3
Urvehan,3,0,3
Urvelisha,0,3,3
Urvell,3,0,3
Urven,3,0,3
Urvenaiska,0,3,3
Urvi,0,3,3
Urvianca,0,3,3
Urviangelo,3,0,3
Urvidice,0,3,3
Urviëanne,0,3,3
Urvienchely,0,3,3
Urviëndel,3,0,3
Urviendel,3,0,3
Urviéndrik,3,0,3
Urvieni,3,0,3
Urviënne,0,3,3
Urvile,3,0,3
Urvine,3,0,3
Urvinée,0,3,3
Urvinho,3,0,3
Urvinion,3,0,3
Urvinyxa,0,3,3
Urvy-Anna,0,3,3
Urwashi,0,3,3
Urwayne,3,0,3
Urwell,3,0,3
Urwen,3,0,3
Urwinder,3,0,3
Urwine,3,0,3
Urwing,3,0,3
Urwyn,3,0,3
Ury,3,0,3
Urzaline,0,3,3
Urzela,0,3,3
Urzúa,0,3,3
Urzula,0,3,3
Usaf,3,0,3
Usagi,3,0,3
Usaim,3,0,3
Usamah,3,0,3
Usamanee,0,3,3
Usameh,3,0,3
Usanth,3,0,3
Usarin,3,0,3
Usayd,3,0,3
Uschadewi,0,3,3
Usche,0,3,3
Use-Too,0,3,3
Useid,3,0,3
Usen,3,0,3
Usenny,3,0,3
Useppe,3,0,3
Useyid,3,0,3
Usha-Devi,0,3,3
Usha-Dewi,0,3,3
Usha-Kiran,0,3,3
Usha-Kumari,0,3,3
Ushadebie,0,3,3
Ushadevi,0,3,3
Ushakiran,0,3,3
Ushakoemarie,0,3,3
Ushakumari,0,3,3
Ushama,0,3,3
Ushanã,0,3,3
Ushane,0,3,3
Ushani,0,3,3
Ushanthan,3,0,3
Ushanty,0,3,3
Usharany,0,3,3
Ushawatie,0,3,3
Ushayro,3,0,3
Ushene,3,0,3
Ushhei,0,3,3
Ushla,0,3,3
Ushley,3,0,3
Ushmadevi,0,3,3
Ushman,3,0,3
Ushna,0,3,3
Ushomar,3,0,3
Ushuaja,0,3,3
Ushuaya,0,3,3
Ushurhe,3,0,3
Ushvinder,0,3,3
Ushwanie,0,3,3
Usi,0,3,3
Usiël,3,0,3
Usiesiri,3,0,3
Usil,3,0,3
Usin,3,0,3
Usine,3,0,3
Usinia,0,3,3
Usja,0,3,3
Usjeny,0,3,3
Uske,0,3,3
Uskéa,0,3,3
Uskin,3,0,3
Usla,0,3,3
Usler,3,0,3
Uslu,0,3,3
Usly,0,3,3
Usma,0,3,3
Usman-Kunyubu,3,0,3
Usmin,3,0,3
Usna,0,3,3
Usnach,3,0,3
Usnie,3,0,3
Usoa,0,3,3
Usoh,0,3,3
Usolo,0,3,3
Usoroh,3,0,3
Ussada,3,0,3
Ussenie,0,3,3
Ussewan,0,3,3
Ussher,3,0,3
Ustasius,3,0,3
Ustin,3,0,3
Usuga,3,0,3
Usuman,3,0,3
Uswa,0,3,3
Uswalde,3,0,3
Utali,0,3,3
Utamkumar,3,0,3
Utamkumari,0,3,3
Utamraj,3,0,3
Utarjono,3,0,3
Utbe,3,0,3
Ute-Maria,0,3,3
Uteina,0,3,3
Utejana,0,3,3
Uteke,0,3,3
Uteyba,3,0,3
Uthaymien,3,0,3
Uthesh-Thass-Lingam,3,0,3
Uthitha,0,3,3
Uthpala,3,0,3
Uti,0,3,3
Utilie,0,3,3
Utilius,3,0,3
Utkarsh,3,0,3
Utkucan,3,0,3
Utkuhan,3,0,3
Utkum,3,0,3
Utman,3,0,3
Uton,3,0,3
Utopiana,0,3,3
Utpal,3,0,3
Utradevi,0,3,3
Utradevika,0,3,3
Utse,3,0,3
Uttam-Adhikari,0,3,3
Uttama-śloka,3,0,3
Uttamkoemar,3,0,3
Uttamkumar,3,0,3
Uttamsing,3,0,3
Uttara,0,3,3
Uttradevi,0,3,3
Utuendele,0,3,3
Utuje,0,3,3
Uty,3,0,3
Utz,0,3,3
Uudzuu,3,0,3
Uugantsetseg,0,3,3
Uuldriks,3,0,3
Uulke-Douwe,3,0,3
Uulkedina,0,3,3
Uulrike,0,3,3
Uultje,3,0,3
Uunco,3,0,3
Uuntje,0,3,3
Uurna,3,0,3
Uutje,0,3,3
Uval,3,0,3
Uvano,3,0,3
Uvar,3,0,3
Uvbinisi,0,3,3
Uvejs,3,0,3
Uvencia,0,3,3
Uveyiz,3,0,3
Uveys-Berat,3,0,3
Uvieoghene,3,0,3
Uvira,0,3,3
Uvo,3,0,3
Uvon,0,3,3
Uwade,3,0,3
Uwaïs,3,0,3
Uwajeagbon,0,3,3
Uwamahoro,0,3,3
Uwan,3,0,3
Uwánami,0,3,3
Uwanda,0,3,3
Uwaoma,0,3,3
Uwareseefe,3,0,3
Uwarsha,0,3,3
Uwaybah,0,3,3
Uwayne,3,0,3
Uwayo,0,3,3
Uwe-Maria,3,0,3
Uwekjen,0,3,3
Uwen,0,3,3
Uwukunda,3,0,3
Uxue,0,3,3
Uyama,0,3,3
Uyën,0,3,3
Uyğar,3,0,3
Uygirya,0,3,3
Uygül,0,3,3
Uygur,3,0,3
Uyickpen,3,0,3
Uyigue,3,0,3
Uyiosasere,0,3,3
Uyisenga,0,3,3
Uyl,3,0,3
Uyrodyse,0,3,3
Uyuni,0,3,3
Uzaifa,3,0,3
Uzairhoesein,3,0,3
Uzaki,3,0,3
Uzama,0,3,3
Uzan,3,0,3
Uzar,3,0,3
Uzayr,3,0,3
Uzeir,3,0,3
Uzejir,3,0,3
Uzel,0,3,3
Uzerchukwu,0,3,3
Uzeyir,3,0,3
Uzeyr,3,0,3
Uzgul,0,3,3
Uzhan,3,0,3
Uzi,0,3,3
Uziah,3,0,3
Uziel,3,0,3
Uziena,0,3,3
Uzima,0,3,3
Uzlem,0,3,3
Uzmony,0,3,3
Uznoor,0,3,3
Uzochi,0,3,3
Uzochuwu,3,0,3
Uzodima,3,0,3
Uzodimma,3,0,3
Uzora,0,3,3
Uzuki,0,3,3
Uzuma,3,0,3
Uzza,0,3,3
Uzzi,3,0,3
Uzziel,3,0,3
Uzziëla,0,3,3
Uzziëlnathijah,3,0,3
Uzzillio,3,0,3
Uzziyyah,0,3,3
