Name,Men,Women,Total
Vincent,24805,80,24885
Vera,58,14324,14382
Victor,12512,129,12641
Veronica,124,7768,7892
Valentijn,6820,53,6873
Victoria,31,6127,6158
Veerle,10,5601,5611
Valerie,41,5066,5107
Vince,4606,5,4611
Vincentius,4031,51,4082
Vanessa,7,3871,3878
Vivian,143,3680,3823
Veronique,64,3575,3639
Valentina,12,2229,2241
Valentino,2115,6,2121
Virginia,60,2009,2069
Valérie,12,1323,1335
Véronique,14,1177,1191
Viola,3,1147,1150
Vigo,1068,0,1068
Vajèn,3,1007,1010
Viktor,993,12,1005
Viggo,994,0,994
Virginie,71,847,918
Verena,3,899,902
Valentine,99,782,881
Vivianne,14,805,819
Victorine,18,786,804
Vivienne,3,764,767
Vicky,29,711,740
Virgil,720,16,736
Volkert,697,3,700
Vanity,3,664,667
Vienna,3,660,663
Vlinder,3,552,555
Victorina,31,520,551
Viënna,3,546,549
Verona,5,541,546
Vincenzo,524,6,530
Volkan,525,0,525
Vic,495,6,501
Valentin,468,17,485
Vita,8,474,482
Valery,34,418,452
Valeria,3,443,446
Vinz,431,0,431
Viviane,7,422,429
Vesper,75,352,427
Victoire,19,387,406
Violet,3,393,396
Vito,394,0,394
Vere,3,359,362
Valesca,0,338,338
Vayèn,0,323,323
Veronika,10,307,317
Vincentia,3,313,316
Vladimir,298,3,301
Violetta,3,294,297
Valentinus,287,8,295
Vik,294,3,297
Viviana,3,280,283
Vinn,278,0,278
Vinnie,265,11,276
Vasco,273,0,273
Vinay,266,3,269
Valerio,261,0,261
Violette,3,250,253
Vieve,0,248,248
Viviënne,3,244,247
Vijay,237,0,237
Vivien,9,221,230
Vikash,225,0,225
Veere,3,221,224
Vinny,207,3,210
Vittorio,208,0,208
Vernon,201,5,206
Vroukje,0,205,205
Valencia,6,198,204
Vrouwkje,0,204,204
Viktoria,0,199,199
Vayen,0,198,198
Van,135,59,194
Valeska,0,193,193
Vanja,27,154,181
Vayenne,0,181,181
Veron,142,36,178
Vida,7,167,174
Veli,168,3,171
Vive,0,167,167
Vianne,0,164,164
Viënne,0,164,164
Vico,161,3,164
Vishal,155,0,155
Virgenie,26,128,154
Varsha,0,153,153
Vrouwtje,0,147,147
Viona,3,143,146
Vicente,136,3,139
Vinesh,135,0,135
Viresh,134,0,134
Verginia,3,128,131
Vinod,130,0,130
Veroniek,3,127,130
Valencio,127,0,127
Veysel,127,0,127
Varisha,0,121,121
Vandana,0,118,118
Vidar,113,0,113
Vitalis,104,7,111
Vonne,3,108,111
Vittoria,0,107,107
Vitus,102,3,105
Valéry,22,83,105
Vajen,3,103,106
Veronie,0,103,103
Vinanda,0,99,99
Valente,48,49,97
Vinh,88,9,97
Vanya,29,67,96
Valerius,92,3,95
Vienne,0,95,95
Vildan,3,91,94
Volker,88,3,91
Veda,3,89,92
Vishnu,91,0,91
Vanita,0,89,89
Viet,74,12,86
Viviën,3,80,83
Vivi,0,83,83
Venna,3,81,84
Veroni,3,81,84
Vedat,80,3,83
Vaya,0,79,79
Virgilio,79,0,79
Varun,77,3,80
Victorien,5,73,78
Vincenza,0,77,77
Vishaal,73,3,76
Vidya,3,72,75
Vanisha,0,72,72
Vesna,0,72,72
Vibeke,0,72,72
Violeta,0,71,71
Vosse,41,29,70
Valdemar,69,0,69
Vayenn,0,69,69
Venne,7,61,68
Venessa,0,67,67
Vital,61,6,67
Vincente,49,17,66
Venice,0,65,65
Vannessa,3,62,65
Vallery,0,62,62
Virgilia,0,62,62
Vianney,42,19,61
Veneranda,3,56,59
Vallerie,3,58,61
Vayenna,0,59,59
Virgill,59,0,59
Viènna,0,58,58
Vikram,58,0,58
Virgina,0,58,58
Vick,54,3,57
Viraj,57,0,57
Volken,56,0,56
Valiant,54,0,54
Virgillia,0,54,54
Vidjai,53,0,53
Vajén,3,51,54
Vesta,0,52,52
Vester,52,0,52
Vie,3,49,52
Vikas,51,0,51
Vilma,0,51,51
Vronica,0,51,51
Valèrie,0,50,50
Victorius,50,0,50
Vadim,48,0,48
Vaishnavi,0,48,48
Vrouwgje,0,48,48
Venantius,46,3,49
Vivek,47,0,47
Venantia,3,45,48
Virginio,46,0,46
Vogeltje,0,46,46
Valéria,0,45,45
Vilmar,45,0,45
Valentyn,44,0,44
Vedika,0,44,44
Vanna,3,42,45
Virgilius,42,3,45
Venus,3,40,43
Vidal,42,0,42
Vinchenzo,41,0,41
Vian,12,28,40
Vina,0,40,40
Viv,0,40,40
Volksje,0,40,40
Vural,40,0,40
Valère,34,5,39
Victory,17,22,39
Virgine,3,37,40
Verity,0,38,38
Veronic,0,38,38
Vikaash,38,0,38
Vins,38,0,38
Viva,0,38,38
Vrouwke,0,38,38
Valeri,11,26,37
Vasiliki,0,37,37
Vania,0,36,36
Vegas,17,19,36
Vronie,3,34,37
Vahide,0,35,35
Verne,18,17,35
Vero,14,21,35
Victorinus,35,0,35
Vincentina,0,35,35
Vincentinus,35,0,35
Viviènne,0,35,35
Vries,33,3,36
Vroni,0,35,35
Vanshika,0,34,34
Victorio,34,0,34
Veralie,0,33,33
Verdi,31,3,34
Verna,0,33,33
Veyron,31,3,34
Valence,11,21,32
Vasilios,32,0,32
Volquinus,32,0,32
Vrougje,0,32,32
Vasthi,3,28,31
Vicenzo,31,0,31
Vas,30,0,30
Vera-Lynn,0,30,30
Vidjay,30,0,30
Virin,29,3,32
Vaughn,27,3,30
Vilja,0,29,29
Virna,0,29,29
Vygo,29,0,29
Vai,9,19,28
Vaiana,0,28,28
Virginius,28,0,28
Vayènn,0,27,27
Vega,9,18,27
Vehbi,27,0,27
Veri,3,25,28
Vicenta,0,27,27
Viènne,0,27,27
Vincenta,3,25,28
Vitoria,0,27,27
Valarie,3,25,28
Vedra,3,25,28
Vesile,0,26,26
Viren,26,0,26
Vahit,25,0,25
Veera,0,25,25
Virendra,25,0,25
Virgel,24,3,27
Vitalia,0,25,25
Vrouwkjen,0,25,25
Viénna,0,24,24
Vinayak,24,0,24
Vincy,5,19,24
Vitaly,22,3,25
Vitor,24,0,24
Vlasta,3,21,24
Volmer,24,0,24
Vuong,22,3,25
Vaishali,0,23,23
Vayènne,0,23,23
Vink,22,3,25
Vivekanand,23,0,23
Vogelina,0,23,23
Vokeltje,0,23,23
Vrouwina,0,23,23
Vahdet,22,0,22
Valentín,22,0,22
Valentius,21,3,24
Vana,3,21,24
Vance,22,0,22
Victorie,3,20,23
Vijaya,3,19,22
Vika,0,22,22
Vincenz,22,0,22
Violaine,0,22,22
Vrouke,0,22,22
Vanda,0,21,21
Varinia,3,20,23
Vayén,0,21,21
Vianna,0,21,21
Vishant,21,0,21
Vishay,21,0,21
Viyanti,0,21,21
Voske,3,19,22
Vreni,0,21,21
Valentein,18,3,21
Valentien,3,16,19
Vanety,0,20,20
Vangelis,20,0,20
Velibor,20,0,20
Veroline,0,20,20
Verony,0,20,20
Verron,19,3,22
Victoriana,3,19,22
Vinaya,3,19,22
Vincenth,19,3,22
Vinita,0,20,20
Virgini,0,20,20
Vivièn,0,20,20
Vyan,18,3,21
Vano,17,3,20
Venetia,0,19,19
Vénice,0,19,19
Viana,0,19,19
Vicki,0,19,19
Vijai,19,0,19
Virgen,3,17,20
Vishnudath,19,0,19
Vitali,17,3,20
Vivan,5,14,19
Vajènne,0,18,18
Vajenne,0,18,18
Valenthijn,18,0,18
Valera,0,18,18
Vanesse,0,18,18
Veena,0,18,18
Venancio,18,0,18
Veruschka,0,18,18
Vincento,18,0,18
Vingino,18,0,18
Vino,18,0,18
Vinzenz,18,0,18
Viyan,3,14,17
Volkmar,18,0,18
Vaclav,17,0,17
Vada,0,17,17
Vajenn,0,17,17
Vanina,3,16,19
Varuna,3,15,18
Venita,0,17,17
Vica,3,15,18
Victorino,16,3,19
Vieira,8,9,17
Vilmos,17,0,17
Virender,17,0,17
Virinder,17,0,17
Vishaya,0,17,17
Vitorio,17,0,17
Volcmar,17,0,17
Vrinda,0,17,17
Václav,16,0,16
Varina,0,16,16
Vasant,16,0,16
Vasil,16,0,16
Verda,0,16,16
Verica,0,16,16
Verina,0,16,16
Vinaykumar,16,0,16
Vincentine,0,16,16
Vinci,12,3,15
Virgin,3,13,16
Vishesh,16,0,16
Vitas,16,0,16
Vriezo,16,0,16
Vrouwgien,0,16,16
Vassilios,15,0,15
Vaughan,11,3,14
Vedad,15,0,15
Ventura,6,9,15
Verene,0,15,15
Verine,0,15,15
Very,3,12,15
Vianny,8,7,15
Victorianus,15,0,15
Viene,0,15,15
Vijendra,15,0,15
Virindra,15,0,15
Vitória,0,15,15
Viveca,0,15,15
Vivianna,0,15,15
Vokelina,0,15,15
Volbrecht,15,0,15
Vredenrijk,15,0,15
Vreneli,0,15,15
Vyas,15,0,15
Vahap,14,0,14
Vallon,3,10,13
Varma,14,0,14
Varvara,0,14,14
Vasili,14,0,14
Vasilis,14,0,14
Veeru,14,0,14
Vela,0,14,14
Venhar,3,13,16
Veralynn,0,14,14
Verano,14,0,14
Vern,14,0,14
Viènn,0,14,14
Viêt,13,3,16
Vijayendra,14,0,14
Vincentiana,0,14,14
Violanda,3,13,16
Virgie,3,13,16
Vonny,3,13,16
Voss,13,3,16
Vahid,13,0,13
Vaishnovi,0,13,13
Vajènn,0,13,13
Valisha,0,13,13
Vartan,13,0,13
Vasile,13,0,13
Vasily,13,0,13
Vatan,12,3,15
Verginio,13,0,13
Vidur,13,0,13
Viënn,0,13,13
Vijanti,0,13,13
Vincentio,10,3,13
Vinni,11,3,14
Vinodh,13,0,13
Vinodkumar,13,0,13
Viradj,13,0,13
Virgillio,13,0,13
Vitto,13,0,13
Vladan,13,0,13
Volkje,0,13,13
Vroukien,3,12,15
Vyenna,0,13,13
Valenteijn,12,0,12
Valentia,0,12,12
Valerey,0,12,12
Válerie,3,11,14
Valerija,0,12,12
Valicia,0,12,12
Vandanadevi,0,12,12
Vanesa,0,12,12
Vanilla,0,12,12
Vanora,0,12,12
Varshana,0,12,12
Vashti,0,12,12
Vedant,12,0,12
Vedder,11,3,14
Vedran,12,0,12
Velicia,0,12,12
Venance,0,12,12
Věra,0,12,12
Verner,12,0,12
Verone,3,9,12
Veronne,3,11,14
Veronus,12,0,12
Vianey,9,3,12
Victoriano,12,0,12
Vien,5,7,12
Vihaan,12,0,12
Viktorija,0,12,12
Vilas,12,0,12
Virendre,12,0,12
Vishwa,12,0,12
Vivaan,12,0,12
Valeer,11,0,11
Valenciano,11,0,11
Valeriana,0,11,11
Valeriano,11,0,11
Vani,3,9,12
Varesh,11,0,11
Vasilisa,0,11,11
Vayu,10,3,13
Veleda,0,11,11
Velia,3,10,13
Velimir,11,0,11
Venezia,0,11,11
Verele,0,11,11
Veva,3,9,12
Vichal,11,0,11
Victoir,8,3,11
Victória,0,11,11
Viliam,9,3,12
Vinko,11,0,11
Viraisha,0,11,11
Vishan,11,0,11
Vittore,11,0,11
Viyendra,11,0,11
Vjera,0,11,11
Vrony,3,10,13
Vrougina,0,11,11
Vaidehi,0,10,10
Valborg,0,10,10
Valena,0,10,10
Valéri,3,7,10
Valério,9,3,12
Valeriya,0,10,10
Valina,0,10,10
Vanjuschka,0,10,10
Vannity,0,10,10
Vansh,10,0,10
Varishna,0,10,10
Vechter,10,0,10
Vefa,9,3,12
Vegter,9,3,12
Velda,0,10,10
Vena,3,9,12
Venise,0,10,10
Vennigje,0,10,10
Verie,0,10,10
Vèron,10,0,10
Véronie,0,10,10
Verouchka,0,10,10
Vicento,10,0,10
Vidja,3,9,12
Viën,3,9,12
Viera,0,10,10
Vijayanand,10,0,10
Vinsent,10,0,10
Vir,9,3,12
Virgenia,3,8,11
Virginy,3,7,10
Vishwanath,10,0,10
Vivanne,3,9,12
Viveka,3,9,12
Viviène,0,10,10
Vivina,0,10,10
Vladimír,10,0,10
Vladislav,10,0,10
Vleming,10,0,10
Volfrannus,10,0,10
Vyasa,8,3,11
Vycho,10,0,10
Vyvyan,3,7,10
Vaisnavi,0,9,9
Valdano,9,0,9
Valensia,0,9,9
Valerianus,9,0,9
Valerina,0,9,9
Valino,9,0,9
Valter,9,0,9
van,7,3,10
Varenka,0,9,9
Vashant,9,0,9
Veikko,9,0,9
Veldma,6,3,9
Venancia,0,9,9
Venicia,0,9,9
Veralin,0,9,9
Vergilia,0,9,9
Veridiana,0,9,9
Veronicus,9,0,9
Vichenzo,9,0,9
Vickie,3,8,11
Vidjindra,9,0,9
Vijayanti,0,9,9
Viktorine,0,9,9
Viljo,9,0,9
Ville,7,3,10
Vinash,9,0,9
Vinicius,9,0,9
Vira,0,9,9
Viraaj,9,0,9
Virani,0,9,9
Vireshkumar,9,0,9
Virgiel,9,0,9
Virish,9,0,9
Virsingh,9,0,9
Vitala,3,8,11
Viyenna,0,9,9
Vladimirovich,9,0,9
Vlera,0,9,9
Volgerius,9,0,9
Volmar,9,0,9
Von,5,3,8
Vonk,7,3,10
Vosmar,9,0,9
Vuk,9,0,9
Vurgil,8,3,11
Vuslat,3,7,10
Vyron,8,3,11
Vaan,7,3,10
Vajenna,0,8,8
Vala,0,8,8
Valbona,0,8,8
Valdo,8,0,8
Valens,7,3,10
Valko,8,0,8
Valon,7,3,10
Valora,0,8,8
Vân,0,8,8
Vandena,0,8,8
Vandhana,0,8,8
Vanida,0,8,8
Vassiliki,0,8,8
Vay,3,6,9
Vaye,0,8,8
Venja,0,8,8
Ventje,7,3,10
Venya,0,8,8
Veralina,0,8,8
Vergenie,0,8,8
Vernando,8,0,8
Verón,8,0,8
Veyis,8,0,8
Viano,8,0,8
Vicent,8,0,8
Victorian,8,0,8
Videsh,8,0,8
Vidia,0,8,8
Vigdis,0,8,8
Vijantimala,0,8,8
Vinaykoemar,8,0,8
Vinca,0,8,8
Vinicio,8,0,8
Vinish,8,0,8
Vinoth,8,0,8
Virgile,8,0,8
Virgo,3,5,8
Vishva,7,3,10
Vishvanath,8,0,8
Vishwanand,8,0,8
Vitalina,0,8,8
Vitesh,8,0,8
Vivette,0,8,8
Vlad,8,0,8
Vlado,8,0,8
Vlier,3,5,8
Vokje,0,8,8
Volgert,8,0,8
Volkertje,0,8,8
Vyash,8,0,8
Vyenne,0,8,8
Vaisel,7,0,7
Valdir,7,0,7
Valenthe,0,7,7
Valentyna,3,6,9
Vàlerie,0,7,7
Valeriy,7,0,7
Valero,7,0,7
Vali,3,3,6
Valke,3,3,6
Valle,3,5,8
Valou,0,7,7
Vannah,0,7,7
Varda,0,7,7
Varian,7,0,7
Vasja,0,7,7
Veenerick,7,0,7
Vegina,0,7,7
Velma,0,7,7
Venerandus,7,0,7
Venisha,0,7,7
Véra,0,7,7
Verah,0,7,7
Veralinde,0,7,7
Veraline,0,7,7
Veraly,0,7,7
Verana,3,6,9
Veranda,0,7,7
Veranique,0,7,7
Verdine,6,3,9
Vérène,0,7,7
Vergil,6,3,9
Vergilius,7,0,7
Vergina,0,7,7
Verginie,3,6,9
Verijn,7,0,7
Verita,0,7,7
Verle,0,7,7
Véron,5,3,8
Veronike,0,7,7
Vèronique,0,7,7
Ves,7,0,7
Vesla,0,7,7
Vetje,0,7,7
Vicco,7,0,7
Vicenza,3,6,9
Vidhur,7,0,7
Viène,0,7,7
Vijayeta,0,7,7
Vijaykumar,7,0,7
Vijko,7,0,7
Vikesh,7,0,7
Vikki,0,7,7
Viko,7,0,7
Vinand,7,0,7
Vinaysha,0,7,7
Vincie,0,7,7
Vinley,7,0,7
Vinne,7,0,7
Vinood,7,0,7
Vion,3,6,9
Vionne,3,6,9
Viran,7,0,7
Viraysha,0,7,7
Virge,3,6,9
Vishvanand,7,0,7
Viswanath,7,0,7
Vitalus,7,0,7
Vivica,0,7,7
Vivine,0,7,7
Vladimirovna,0,7,7
Vojislav,7,0,7
Vonda,0,7,7
Vonneke,0,7,7
Voskea,0,7,7
Vrank,7,0,7
Vrouwgina,0,7,7
Vynce,7,0,7
Vynn,7,0,7
Vaishnavidevi,0,6,6
Vaja,0,6,6
Vajènna,0,6,6
Vajra,0,6,6
Valea,3,5,8
Valentim,5,3,8
Valenzio,6,0,6
Valèry,3,5,8
Valesco,5,3,8
Valliant,6,0,6
Vallory,0,6,6
Vannety,0,6,6
Varin,5,3,8
Varna,0,6,6
Vasanthi,0,6,6
Vasileios,6,0,6
Vasilije,6,0,6
Vassili,6,0,6
Vastert,6,0,6
Vasti,0,6,6
Vasudha,3,3,6
Vayana,0,6,6
Vayénne,0,6,6
Vazgen,3,3,6
Vedhika,0,6,6
Vedor,6,0,6
Veerin,6,0,6
Veersingh,6,0,6
Veertje,0,6,6
Veit,6,0,6
Velika,0,6,6
Velorisa,0,6,6
Vemia,0,6,6
Vemigje,0,6,6
Venje,0,6,6
Venneke,0,6,6
Venora,0,6,6
Veralien,0,6,6
Veralyn,0,6,6
Vergilio,6,0,6
Verno,6,0,6
Verolien,0,6,6
Veronia,0,6,6
Verónica,0,6,6
Véronne,0,6,6
Verula,0,6,6
Verus,5,3,8
Vesa,3,5,8
Vess,6,0,6
Veys,6,0,6
Viany,3,3,6
Viathou,0,6,6
Vice,5,3,8
Vicencia,0,6,6
Vicktor,6,0,6
Víctor,6,0,6
Victoriene,0,6,6
Vid,6,0,6
Vidan,6,0,6
Vidija,0,6,6
Vidjaikumar,6,0,6
Vief,0,6,6
Vierra,3,3,6
Vigilius,6,0,6
Vikrant,3,3,6
Viktoriya,0,6,6
Vilém,6,0,6
Vimala,3,5,8
Vincencio,6,0,6
Vinciane,0,6,6
Vinessa,0,6,6
Vinette,0,6,6
Vinodj,6,0,6
Vione,0,6,6
Vionna,0,6,6
Viorica,0,6,6
Virjanand,6,0,6
Vishaan,6,0,6
Vishall,6,0,6
Vishani,0,6,6
Vitale,6,0,6
Vittorina,0,6,6
Viveke,0,6,6
Viviano,5,3,8
Viviënna,0,6,6
Viyantie,0,6,6
Viyantimala,0,6,6
Viyenne,0,6,6
Vladislavovna,0,6,6
Vlin,3,5,8
Volbregt,6,0,6
Volkerdina,0,6,6
Vosje,0,6,6
Vreda,0,6,6
Vronika,0,6,6
Vrouwsina,0,6,6
Vulfran,6,0,6
Vahan,5,0,5
Vahe,3,3,6
Vahé,3,3,6
Vahishta,0,5,5
Vahista,0,5,5
Vakkas,5,0,5
Valene,0,5,5
Valentinos,5,0,5
Valentio,5,0,5
Valeny,0,5,5
Valerian,3,3,6
Valerié,0,5,5
Valin,3,3,6
Valleria,0,5,5
Valmir,5,0,5
Vána,0,5,5
Vanara,0,5,5
Vandy,3,3,6
Vanice,3,3,6
Vannesa,0,5,5
Vanny,3,3,6
Varida,0,5,5
Varinka,0,5,5
Varity,0,5,5
Varley,5,0,5
Varshini,0,5,5
Varush,5,0,5
Vasfiye,0,5,5
Vashisht,5,0,5
Vashist,5,0,5
Vasilia,0,5,5
Vayan,3,3,6
Vea,0,5,5
Vedanta,3,3,6
Vedanti,0,5,5
Vedde,5,0,5
Velican,5,0,5
Veline,0,5,5
Velizar,5,0,5
Veljko,5,0,5
Velvet,0,5,5
Venecia,0,5,5
Veneta,0,5,5
Venety,0,5,5
Vénise,0,5,5
Venity,0,5,5
Vennety,0,5,5
Venry,5,0,5
Veran,3,3,6
Vergillia,0,5,5
Verheij,3,3,6
Verin,0,5,5
Veritas,3,3,6
Verius,5,0,5
Verla,0,5,5
Vernanda,0,5,5
Vernice,0,5,5
Véroni,0,5,5
Véronica,3,3,6
Verra,0,5,5
Verushka,0,5,5
Viann,3,3,6
Viatrix,0,5,5
Vicdan,0,5,5
Vidhata,3,3,6
Vidhi,0,5,5
Vidjentie,0,5,5
Vidyadevi,0,5,5
Vieke,0,5,5
Viena,0,5,5
Vieveke,0,5,5
Vijaikoemar,5,0,5
Vijaykoemar,5,0,5
Vijinder,5,0,5
Viktória,0,5,5
Viktorina,3,3,6
Vila,3,3,6
Vimal,5,0,5
Vinaj,5,0,5
Vincencia,0,5,5
Vincentin,5,0,5
Vincenzio,5,0,5
Vincia,0,5,5
Viney,5,0,5
Vinja,0,5,5
Vinka,0,5,5
Vinson,5,0,5
Viony,0,5,5
Viorella,0,5,5
Vishnoe,5,0,5
Vishwant,5,0,5
Visser,5,0,5
Vitalino,5,0,5
Vithuran,5,0,5
Vitorino,5,0,5
Vivia,0,5,5
Vivie,0,5,5
Viviene,0,5,5
Vivienna,0,5,5
Viviénne,0,5,5
Vivy,0,5,5
Viyella,0,5,5
Vjéra,0,5,5
Vladimira,0,5,5
Vlastuin,5,0,5
Vojtěch,5,0,5
Vonnie,3,3,6
Vox,3,3,6
Vrouwegje,0,5,5
Vyaas,5,0,5
Vyanti,0,5,5
Vyendra,3,3,6
Vyrena,0,5,5
Vaea,0,3,3
Vaila,0,3,3
Vaishnawi,0,3,3
Vaishnodevi,0,3,3
Vaitiare,0,3,3
Vajène,0,3,3
Vajk,3,0,3
Valatina,0,3,3
Vale,3,3,6
Valencijn,3,0,3
Valencius,3,0,3
Valenta,0,3,3
Valenti,3,0,3
Valenty,3,3,6
Valere,3,3,6
Valette,0,3,3
Valijne,0,3,3
Valinda,0,3,3
Valissa,0,3,3
Vallentina,0,3,3
Valor,3,3,6
Vanas,3,3,6
Vanaya,0,3,3
Vane,3,3,6
Vanesca,0,3,3
Vanissa,0,3,3
Vanitty,0,3,3
Vanley,3,0,3
Vanni,3,3,6
Väös,3,0,3
Vara,0,3,3
Varana,0,3,3
Varcha,0,3,3
Varena,0,3,3
Varishta,0,3,3
Varishtha,0,3,3
Varo,3,0,3
Varol,3,0,3
Varro,3,0,3
Varshadebie,0,3,3
Vashna,0,3,3
Vasiliy,3,0,3
Vasko,3,0,3
Vasudev,3,0,3
Vatima,0,3,3
Vayènna,0,3,3
Vayron,3,0,3
Vaz,3,3,6
Vedastus,3,3,6
Vedprakash,3,0,3
Veeda,0,3,3
Veerhilde,0,3,3
Vegeta,3,0,3
Veja,0,3,3
Velasco,3,3,6
Velat,3,0,3
Veloraisa,0,3,3
Venacio,3,0,3
Vendel,3,0,3
Venkatesh,3,0,3
Venn,3,3,6
Vennessa,0,3,3
Verde,3,3,6
Verel,0,3,3
Veréna,0,3,3
Verenice,0,3,3
Verenique,0,3,3
Verhad,3,0,3
Veria,0,3,3
Verian,3,3,6
Vérine,0,3,3
Vermehr,3,3,6
Verni,3,3,6
Veronieke,0,3,3
Veroon,0,3,3
Verosa,0,3,3
Veroushka,0,3,3
Verry,3,0,3
Versace,3,0,3
Veruska,0,3,3
Veselin,3,0,3
Veysi,3,0,3
Viala,3,3,6
Vialli,3,0,3
Viani,3,3,6
Vicentius,3,0,3
Vichaal,3,0,3
Vickey,3,3,6
Vicor,3,0,3
Victima,3,3,6
Victorya,0,3,3
Videl,3,3,6
Vidhya,0,3,3
Vidisha,0,3,3
Vidjaikoemar,3,0,3
Vidjendra,3,0,3
Vidjinder,3,0,3
Vidor,3,0,3
Viefke,0,3,3
Vièn,0,3,3
Vigor,3,0,3
Vijaij,3,0,3
Vijay-Anand,3,0,3
Vijayan,3,0,3
Vijayta,0,3,3
Vijeta,0,3,3
Vijindra,3,0,3
Vijke,0,3,3
Vík,3,0,3
Vikashkumar,3,0,3
Vikhas,3,0,3
Viki,3,3,6
Viking,3,0,3
Vikk,3,0,3
Vikky,0,3,3
Vikramjit,3,3,6
Vikramsingh,3,0,3
Viktorovna,0,3,3
Vilem,3,0,3
Vilhena,3,3,6
Vilou,0,3,3
Vimke,0,3,3
Vimla,0,3,3
Vincence,3,3,6
Vincens,3,0,3
Vincey,3,3,6
Vindhya,0,3,3
Vinisha,0,3,3
Vinitha,0,3,3
Vinney,3,0,3
Vinnley,3,0,3
Virash,3,0,3
Virashna,0,3,3
Virendersingh,3,0,3
Virgilla,0,3,3
Virginique,0,3,3
Virginnia,0,3,3
Viridiana,0,3,3
Virindre,3,0,3
Virk,3,3,6
Virochan,3,0,3
Virrie,0,3,3
Virtue,0,3,3
Visa,3,3,6
Vischal,3,0,3
Vishano,3,0,3
Vishanti,0,3,3
Vishnupersad,3,0,3
Vishwe,3,0,3
Viswaraj,3,0,3
Vitho,3,0,3
Vitish,3,0,3
Vitjantie,0,3,3
Vivace,0,3,3
Vivekananda,3,0,3
Vivi-Anne,0,3,3
Vivianus,3,0,3
Vivijan,0,3,3
Viyanthi,0,3,3
Viyen,3,3,6
Vjatsjeslav,3,0,3
Vjenna,0,3,3
Vlottes,3,0,3
Vogetta,0,3,3
Vogue,0,3,3
Volckert,3,0,3
Volckmar,3,0,3
Voldemar,3,0,3
Volfranna,0,3,3
Volkera,0,3,3
Volkerus,3,0,3
Volkier,3,0,3
Volodymyrivna,0,3,3
Volver,3,0,3
Vosselman,3,3,6
Vrieso,3,0,3
Vroukina,0,3,3
Vrouwchien,0,3,3
Vrouwgiena,0,3,3
Vrouwkien,0,3,3
Vurgel,3,0,3
Vurkan,3,0,3
Vyana,0,3,3
Vyantie,0,3,3
Vyantimala,0,3,3
Vyda,0,3,3
Vyggo,3,0,3
Vyjay,3,0,3
Vyne,0,3,3
Vaashna,0,3,3
Vaasna,0,3,3
Vadinho,3,0,3
Vaes,3,0,3
Vahdi,3,0,3
Vahíd,3,0,3
Vahip,3,0,3
Vaike,3,3,6
Vain,3,3,6
Vaio,3,0,3
Vaira,0,3,3
Vaisha,3,3,6
Vaishnav,3,0,3
Vaishnavie,0,3,3
Vaishno,0,3,3
Vaiyen,0,3,3
Vajèna,0,3,3
Valain,3,0,3
Valance,3,3,6
Valantina,0,3,3
Valantino,3,0,3
Valary,0,3,3
Valdemir,3,0,3
Valdemiro,3,0,3
Valdez,3,0,3
Valdi,3,3,6
Valdino,3,0,3
Valdivia,3,3,6
Valdrin,3,0,3
Valèn,3,3,6
Valeney,0,3,3
Valengino,3,0,3
Valenn,3,0,3
Valensio,3,0,3
Valentijntje,0,3,3
Valentini,0,3,3
Valentinovich,3,0,3
Valentiny,3,3,6
Valentyno,3,0,3
Valenzuela,0,3,3
Valer,3,0,3
Valeriaan,3,0,3
Valérian,3,3,6
Valerievna,0,3,3
Valerii,3,0,3
Valérius,3,0,3
Valesta,0,3,3
Valine,0,3,3
Valisca,0,3,3
Valkyrie,0,3,3
Vallencio,3,0,3
Vallentino,3,0,3
Valletta,0,3,3
Vally,3,3,6
Valti,0,3,3
Vanaty,0,3,3
Vandi,3,0,3
Vandna,0,3,3
Vaneke,0,3,3
Vanely,0,3,3
Vanencia,0,3,3
Vaneska,0,3,3
Vanetey,0,3,3
Vanethy,0,3,3
Vangely,3,3,6
Vanille,0,3,3
Vanio,3,0,3
Vanisa,0,3,3
Vanish,3,3,6
Vanitha,0,3,3
Vanithy,0,3,3
Vann,3,3,6
Vanne,0,3,3
Vans,3,0,3
Vany,0,3,3
Vanyaro,3,0,3
Vardan,3,0,3
Vardiya,0,3,3
Varella,0,3,3
Varenza,0,3,3
Varese,0,3,3
Varnika,0,3,3
Varona,0,3,3
Varpu,3,3,6
Varsa,0,3,3
Varscha,0,3,3
Varshadevi,0,3,3
Varsham,3,0,3
Varshant,3,0,3
Varshna,0,3,3
Varunkumar,3,0,3
Vasana,0,3,3
Vasantana,0,3,3
Vascal,3,0,3
Vashika,0,3,3
Vasilica,3,3,6
Vasilii,3,0,3
Vasilija,0,3,3
Vasilyevich,3,0,3
Vasmer,3,0,3
Vasquez,3,3,6
Vassil,3,0,3
Vassilis,3,0,3
Vassily,3,0,3
Vasso,3,3,6
Vasudeva,3,0,3
Váyen,3,3,6
Vaylinn,0,3,3
Vayshali,0,3,3
Veder,3,0,3
Vedi,3,3,6
Vedige,3,3,6
Vedrà,0,3,3
Veenay,3,0,3
Vegine,0,3,3
Veije,3,3,6
Veiktje,0,3,3
Vejay,3,0,3
Vekash,3,0,3
Velihan,3,0,3
Velino,3,0,3
Vella,0,3,3
Velona,0,3,3
Velora,0,3,3
Vemmigje,0,3,3
Venant,3,0,3
Venay,3,0,3
Vencia,0,3,3
Vender,3,0,3
Venencia,3,3,6
Venera,0,3,3
Venia,0,3,3
Veniece,0,3,3
Venique,0,3,3
Venkat,3,3,6
Venla,0,3,3
Venlo,3,0,3
Vennechien,0,3,3
Ventjedina,0,3,3
Venø,0,3,3
Veona,0,3,3
Veradine,3,3,6
Verani,0,3,3
Vered,0,3,3
Vérena,0,3,3
Vergillio,3,0,3
Verhaad,3,0,3
Verily,0,3,3
Verissimo,3,0,3
Verlee,0,3,3
Verlina,0,3,3
Verma,3,3,6
Vermeulen,3,3,6
Vernell,3,0,3
Verney,3,0,3
Verny,3,3,6
Verolina,0,3,3
Verône,0,3,3
Veronice,0,3,3
Vérony,0,3,3
Verouschka,0,3,3
Verre,3,3,6
Verrijn,3,0,3
Vestert,3,0,3
Veton,3,0,3
Vetsje,0,3,3
Vhishal,3,0,3
Viandra,0,3,3
Viandy,3,3,6
Vianella,0,3,3
Vibe,3,3,6
Vicas,3,0,3
Vicência,0,3,3
Vichano,3,0,3
Vicke,0,3,3
Vicktoria,0,3,3
Vicq,3,0,3
Victoria-Lynn,0,3,3
Victoriah,0,3,3
Victorienne,0,3,3
Victrine,0,3,3
Victrix,0,3,3
Vicus,3,0,3
Vide,3,3,6
Vidhan,3,0,3
Vidiya,0,3,3
Vidjaita,0,3,3
Vidjantimala,0,3,3
Vidjaykoemar,3,0,3
Vidocq,3,0,3
Vidyadebie,0,3,3
Viego,3,0,3
Viénne,0,3,3
Viënnely,0,3,3
Viéra,0,3,3
Viëra,0,3,3
Viët,3,0,3
Vigan,3,0,3
Vigherell,3,0,3
Vigho,3,0,3
Vigilia,0,3,3
Vigyaan,3,0,3
Vijaita,0,3,3
Vijaysingh,3,0,3
Vijdan,0,3,3
Vijendrakumar,3,0,3
Vijendre,3,0,3
Vijgje,0,3,3
Vikthor,3,0,3
Viktorovich,3,0,3
Viktorovitsj,3,0,3
Vilayat,3,0,3
Vilette,0,3,3
Viliana,0,3,3
Vilina,0,3,3
Villa,3,3,6
Villads,3,0,3
Villana,0,3,3
Vimalkumar,3,0,3
Vinai,3,0,3
Vinaij,3,0,3
Vinancio,3,0,3
Vinasha,0,3,3
Vincé,3,0,3
Vincencius,3,0,3
Vincenco,3,0,3
Vincenso,3,0,3
Vincent-Willem,3,0,3
Vincenti,3,3,6
Vincenzino,3,0,3
Vinciana,0,3,3
Vincianne,0,3,3
Vinciano,3,0,3
Vincio,3,0,3
Vincka,0,3,3
Vinco,3,0,3
Vine,3,3,6
Vinet,3,3,6
Vinicia,0,3,3
Vinodkoemar,3,0,3
Vinoodh,3,3,6
Vintje,0,3,3
Vinus,3,0,3
Violanta,0,3,3
Violante,0,3,3
Violenta,0,3,3
Violett,0,3,3
Violier,0,3,3
Viora,0,3,3
Viorel,3,0,3
Vip,3,0,3
Virág,0,3,3
Viragni,0,3,3
Viraja,0,3,3
Virasha,0,3,3
Virat,3,0,3
Viraya,0,3,3
Virdjanand,3,0,3
Vireshma,0,3,3
Virgeni,0,3,3
Virgillo,3,0,3
Virgino,3,0,3
Viroshan,3,0,3
Viroz,3,0,3
Viryana,0,3,3
Vishaant,3,0,3
Vishand,3,0,3
Vishayen,3,0,3
Vishnukumar,3,0,3
Vishram,3,0,3
Vishu,3,0,3
Vishvani,0,3,3
Vishveshvar,3,0,3
Vishwas,3,3,6
Visnudath,3,0,3
Vista,3,3,6
Vitalivna,0,3,3
Vithusan,3,0,3
Vitomir,3,0,3
Vittorino,3,0,3
Vivaldi,3,0,3
Vivaldo,3,0,3
Vivanda,0,3,3
Viviëne,0,3,3
Vivienn,0,3,3
Viviênne,0,3,3
Vivre,3,3,6
Vivyan,0,3,3
Viyai,3,0,3
Viyash,3,0,3
Vjèra,0,3,3
Vlada,3,3,6
Vladana,0,3,3
Vlademir,3,0,3
Vladimiro,3,0,3
Vlastimil,3,0,3
Vlatko,3,0,3
Vliet,3,0,3
Vlora,0,3,3
Vojin,3,0,3
Vojta,3,0,3
Vola,0,3,3
Volan,3,0,3
Volgers,3,0,3
Volke,3,3,6
Volkerius,3,0,3
Vonoya,0,3,3
Vorscina,0,3,3
Voukina,0,3,3
Vredeline,3,3,6
Vriesina,0,3,3
Vriso,3,0,3
Vrouktje,0,3,3
Vrouwine,0,3,3
Vukosava,0,3,3
Vulco,3,0,3
Vyaan,3,0,3
Vyaash,3,0,3
Vyay,3,0,3
Vyayanti,0,3,3
Vydeline,0,3,3
Vyella,0,3,3
Vyelle,0,3,3
Vyen,3,3,6
Vyjanti,0,3,3
Vynanda,0,3,3
Vynz,3,0,3
Vyra,0,3,3
Vaarsha,3,3,6
Vaayu,3,0,3
Vacide,0,3,3
Vačlav,3,0,3
Vaclovas,3,0,3
Váda,0,3,3
Vadiem,3,0,3
Vafin,3,0,3
Vahab,3,0,3
Vahagn,3,0,3
Vahdettin,3,0,3
Vahei,3,3,6
Vaïa,0,3,3
Vaida,0,3,3
Vaidely,0,3,3
Vainely,0,3,3
Väinö,3,0,3
Vaios,3,0,3
Vairon,3,0,3
Vais,3,0,3
Vaishaly,0,3,3
Vaishant,3,0,3
Vaishna,0,3,3
Vaishno-Devi,0,3,3
Vaishny,0,3,3
Vaiyèn,0,3,3
Vajan,3,0,3
Vájen,0,3,3
Vajën,0,3,3
Vajena,0,3,3
Vajenley,0,3,3
Vajénn,0,3,3
Valaisha,0,3,3
Valan,3,3,6
Valana,0,3,3
Valantin,3,0,3
Valantine,3,3,6
Valbaek,3,3,6
Valco,3,0,3
Valconero,3,0,3
Valda,0,3,3
Valdhar,3,0,3
Valdimar,3,0,3
Valeijn,3,0,3
Valent,3,0,3
Valenteyn,3,0,3
Valenthino,3,0,3
Valentiano,3,0,3
Valèntina,0,3,3
Valentines,3,0,3
Valentinio,3,0,3
Valentyne,0,3,3
Valeraisa,0,3,3
Valèria,0,3,3
Vâlerie,0,3,3
Valérien,3,0,3
Valeriu,3,0,3
Valéro,3,0,3
Vàlery,0,3,3
Valetijn,3,0,3
Valetina,0,3,3
Valetino,3,0,3
Valfrid,3,0,3
Valgiony,3,0,3
Valian,3,0,3
Valienio,3,0,3
Valincia,0,3,3
Valischa,0,3,3
Valja,0,3,3
Valka,3,3,6
Valkyra,0,3,3
Valkyrja,0,3,3
Vallance,3,3,6
Vallantina,0,3,3
Vallany,0,3,3
Vallauris,0,3,3
Valleney,0,3,3
Vallentine,0,3,3
Vallerayza,0,3,3
Vallerio,3,0,3
Vallesca,0,3,3
Valley,0,3,3
Valliance,3,0,3
Vallicia,0,3,3
Valma,0,3,3
Valorie,0,3,3
Valorysa,0,3,3
Valysia,0,3,3
Vamba,3,0,3
Văn,3,3,6
Van-Anh,0,3,3
Vanathy,0,3,3
Vandanadebie,0,3,3
Vandanna,0,3,3
Vandita,0,3,3
Vaneeta,0,3,3
Vaneeza,0,3,3
Vaneshvari,0,3,3
Vanetta,0,3,3
Vangeley,0,3,3
Vangeli,3,0,3
Vangy,0,3,3
Vanicia,0,3,3
Vaniesha,0,3,3
Vanilson,3,0,3
Vanitey,0,3,3
Vanity-Jane,0,3,3
Vanjucha,0,3,3
Vanka,0,3,3
Vannelli,3,0,3
Vanti,3,3,6
Vanusa,0,3,3
Vanyah,0,3,3
Var,3,0,3
Varan,3,0,3
Varanasi,0,3,3
Varbian,3,0,3
Vardaan,3,0,3
Varela,0,3,3
Varello,3,0,3
Varensio,3,0,3
Varesha,0,3,3
Varessa,0,3,3
Varg,3,0,3
Vari,3,3,6
Varia,0,3,3
Varick,3,0,3
Variël,0,3,3
Variëlle,0,3,3
Varinder,3,0,3
Varino,3,0,3
Varinsja,0,3,3
Varish,3,0,3
Varishadevi,0,3,3
Varja,0,3,3
Varlik,3,3,6
Varnell,3,0,3
Varshika,0,3,3
Varthan,3,0,3
Vartika,0,3,3
Varujean,3,0,3
Varunkoemar,3,0,3
Vasanthakumar,3,3,6
Vasanthra,0,3,3
Vasantkumar,3,3,6
Vasconcelos,3,3,6
Vashand,3,0,3
Vasif,3,0,3
Vasila,0,3,3
Vasilika,0,3,3
Vasilka,0,3,3
Vasishtha,3,0,3
Vaska,0,3,3
Vasken,3,0,3
Vasni,0,3,3
Vassilev,3,0,3
Vasthy,0,3,3
Vastradis,0,3,3
Vasudew,3,0,3
Vasyl,3,0,3
Vata,3,3,6
Vayella,0,3,3
Vayene,0,3,3
Vayénn,0,3,3
Vayentha,0,3,3
Vayla,0,3,3
Vaylano,3,0,3
Vayo,3,0,3
Vayren,3,0,3
Vaysal,3,0,3
Vayshano,3,0,3
Vayun,3,0,3
Vazkin,0,3,3
Veasna,3,0,3
Vebe,0,3,3
Vebian,3,0,3
Vebronia,0,3,3
Véda,0,3,3
Vedana,0,3,3
Vedanth,3,0,3
Vedh,3,0,3
Vedia,0,3,3
Vedprekash,3,0,3
Vedrana,0,3,3
Veelke,0,3,3
Veenand,3,0,3
Veerindra,3,0,3
Veerke,0,3,3
Veernanda,0,3,3
Veerne,0,3,3
Vegard,3,0,3
Vegte,3,0,3
Veiga,3,3,6
Velandia,3,3,6
Velano,3,3,6
Velasca,3,3,6
Velayno,3,0,3
Veldkamp,3,0,3
Veldt,0,3,3
Veldyen,3,0,3
Vélez,0,3,3
Velí,3,0,3
Velid,3,0,3
Velie,0,3,3
Velien,0,3,3
Velinio,3,0,3
Velissa,0,3,3
Velkan,3,0,3
Vellah,0,3,3
Velo,3,3,6
Veloso,3,0,3
Velta,0,3,3
Velten,3,0,3
Vely,3,3,6
Velycia,0,3,3
Vemba,0,3,3
Vemmegien,0,3,3
Vencel,3,0,3
Vendella,0,3,3
Venecija,0,3,3
Veneeta,0,3,3
Venelin,3,3,6
Venerando,3,0,3
Venere,0,3,3
Venethy,0,3,3
Venetiano,3,0,3
Venetta,0,3,3
Veneziano,3,0,3
Vengino,3,0,3
Veni,3,3,6
Venica,0,3,3
Vènice,0,3,3
Venicio,3,0,3
Venie,0,3,3
Venisa,0,3,3
Venissa,0,3,3
Venitcia,0,3,3
Venjamin,3,0,3
Venke,0,3,3
Vennetie,0,3,3
Venno,3,0,3
Vennon,3,0,3
Venny,0,3,3
Venorika,0,3,3
Vensa,0,3,3
Venselia,0,3,3
Venture,0,3,3
Veodora,0,3,3
Vera-Lieke,0,3,3
Vera-Lou,0,3,3
Vera-lynn,0,3,3
Vera-Marie,0,3,3
Veralda,0,3,3
Veraldina,0,3,3
Veralint,0,3,3
Veralucia,0,3,3
Veralyne,0,3,3
Verandus,3,0,3
Veranie,0,3,3
Veraniek,0,3,3
Verany,0,3,3
Verarda,0,3,3
Veras,3,0,3
Verayli,0,3,3
Verbena,0,3,3
Vercingetorix,3,0,3
Verdell,3,3,6
Verdiana,0,3,3
Verdilla,0,3,3
Verdina,0,3,3
Verdun,3,0,3
Verdy,3,3,6
Verdze,3,3,6
Vére,0,3,3
Vereen,3,3,6
Vereena,0,3,3
Verelie,0,3,3
Verelien,0,3,3
Vereline,0,3,3
Verelle,0,3,3
Verenca,0,3,3
Verène,0,3,3
Vérénice,0,3,3
Vereno,3,0,3
Verenza,0,3,3
Vereria,0,3,3
Vergill,3,0,3
Vergio,3,0,3
Vergo,3,3,6
Veriana,0,3,3
Veriena,0,3,3
Verinia,0,3,3
Verità,0,3,3
Verka,3,3,6
Verkerk,0,3,3
Verlin,3,0,3
Verlita,0,3,3
Verly,3,3,6
Vermont,3,0,3
Vernal,3,0,3
Vernancio,3,0,3
Vernandina,0,3,3
Vernantius,3,0,3
Vernie,0,3,3
Vernier,3,0,3
Vernond,3,0,3
Vernyll,0,3,3
Veroeska,0,3,3
Verolique,0,3,3
Veromi,0,3,3
Verön,3,0,3
Vérone,0,3,3
Veronella,0,3,3
Verones,3,3,6
Veroney,0,3,3
Veroníca,0,3,3
Verônica,0,3,3
Veroniqué,3,3,6
Verowin,3,0,3
Veroz,3,0,3
Verrano,3,0,3
Verren,0,3,3
Vershana,0,3,3
Verwoert,3,0,3
Vesim,3,0,3
Vesselinow,3,0,3
Vevi,0,3,3
Veyla,0,3,3
Vez,3,0,3
Vezire,0,3,3
Vezni,3,0,3
Viaan,3,3,6
Vialetta,0,3,3
Vialle,0,3,3
Vianca,0,3,3
Viander,3,0,3
Viane,0,3,3
Vianela,0,3,3
Vianèque,3,0,3
Vianette,0,3,3
Viangela,0,3,3
Viangelo,3,0,3
Viannette,0,3,3
Vianni,3,0,3
Viannie,3,0,3
Viannij,3,0,3
Vicar,3,0,3
Vicencio,3,0,3
Vicentina,0,3,3
Vicenzio,3,0,3
Vichall,3,0,3
Vichand,3,0,3
Vichenza,0,3,3
Vichitra,0,3,3
Vichy,3,3,6
Vicka,0,3,3
Vickash,3,0,3
Vickram,3,0,3
Victime,3,3,6
Victolina,0,3,3
Victor-Alexander,3,0,3
Victoria-Jane,0,3,3
Victorin,0,3,3
Victorovna,0,3,3
Victricia,0,3,3
Victrina,0,3,3
Victualia,0,3,3
Vidak,3,0,3
Vidalina,0,3,3
Vidiawatie,0,3,3
Vidijadevi,0,3,3
Vidika,0,3,3
Vidjanti,0,3,3
Vidjayanand,3,0,3
Vidjetma,0,3,3
Vidjin,3,0,3
Vidushan,3,0,3
Vidyadavi,0,3,3
Vidyai,3,0,3
Vidyottama,0,3,3
Viebeke,0,3,3
Viejantiemala,0,3,3
Viëlla,0,3,3
Viënjarreau,3,0,3
Viënna-Lynn,0,3,3
Vienny,3,3,6
Viënny,0,3,3
Vieno,3,0,3
Vienod,3,0,3
Viënthi,0,3,3
Vier,3,0,3
Vièra,0,3,3
Vieri,3,0,3
Viero,3,0,3
Vierooz,0,3,3
Viev,0,3,3
Viève,0,3,3
Vievien,0,3,3
Vif,0,3,3
Vigash,3,0,3
Vigen,3,0,3
Viggen,3,3,6
Vighnesh,3,0,3
Vigina,0,3,3
Vignesh,3,0,3
Vignon,3,3,6
Vihan,3,0,3
Vihren,3,0,3
Vihtori,3,0,3
Vijaash,3,0,3
Vijai-Anand,3,0,3
Vijaijendra,3,0,3
Vijaijkumar,3,0,3
Vijanthi,0,3,3
Vijantie,0,3,3
Vijash,3,0,3
Vijayantimala,0,3,3
Vijayender,3,0,3
Vijayprakash,3,0,3
Vijayshri,0,3,3
Vijender,3,0,3
Vijin,3,0,3
Vijintie,0,3,3
Vijitharan,0,3,3
Vijoleta,0,3,3
Vijyai,3,0,3
Vikashni,0,3,3
Vikman,3,3,6
Vikramsing,3,0,3
Vikry,3,0,3
Viksar,3,0,3
Viktorie,0,3,3
Viktoríuson,3,0,3
Viktorovic,3,0,3
Vilainy,0,3,3
Vilano,3,0,3
Vilashni,0,3,3
Vildana,0,3,3
Vilela,0,3,3
Vilencio,3,0,3
Vilhelm,3,0,3
Viliano,3,0,3
Vilibaldo,3,0,3
Viliciën,0,3,3
Vilijn,3,3,6
Villainy,0,3,3
Villaume,3,3,6
Villero,3,3,6
Villy,3,0,3
Vilmer,3,0,3
Vilomena,0,3,3
Vilya,0,3,3
Vimukthi,3,3,6
Vinaisha,0,3,3
Vinantius,3,0,3
Vinashanti,0,3,3
Vinaydath,3,0,3
Vinc,3,0,3
Vinça,0,3,3
Vincen,3,0,3
Vincent-John,3,0,3
Vincent-Paul,3,0,3
Vincenté,3,0,3
Vincentico,3,3,6
Vincentien,0,3,3
Vincentszoon,3,0,3
Vincentus,3,0,3
Vincenty,3,0,3
Vincentzo,3,0,3
Vincenze,0,3,3
Vincenzina,0,3,3
Vinchenso,3,0,3
Vinciënne,0,3,3
Vinciënto,3,0,3
Vinciënzo,3,0,3
Vincint,3,0,3
Vinck,3,3,6
Vinçon,3,0,3
Vindar,3,0,3
Vinesha,0,3,3
Vinetra,3,0,3
Vingenzo,3,0,3
Vinginia,0,3,3
Vinginyo,3,0,3
Vini,3,3,6
Vinícius,3,0,3
Vinke,0,3,3
Vinns,3,0,3
Vinnz,3,0,3
Vinoj,3,0,3
Vinolia,0,3,3
Vinoo,3,0,3
Vinoux,0,3,3
Vinoyan,3,0,3
Vinse,3,0,3
Vinte,0,3,3
Vinthiya,0,3,3
Vinuja,0,3,3
Vinusha,0,3,3
Vinushan,3,0,3
Vinya,0,3,3
Vinycio,3,0,3
Vinzenza,0,3,3
Vinzo,3,0,3
Vinzzent,3,0,3
Violame,0,3,3
Violena,0,3,3
Violi,0,3,3
Violinde,0,3,3
Violine,0,3,3
Viorne,0,3,3
Viraat,3,0,3
Viraghni,0,3,3
Viragini,0,3,3
Virana,0,3,3
Virano,3,0,3
Viray,3,0,3
Virchelo,3,0,3
Virena,0,3,3
Virendarsingh,3,0,3
Virendrakumar,3,0,3
Virendrasingh,3,0,3
Virgiano,3,0,3
Virgiena,0,3,3
Virgiliu,3,0,3
Virginië,0,3,3
Virgy,0,3,3
Virindredew,3,0,3
Virishni,0,3,3
Virjinia,0,3,3
Virlene,0,3,3
Virlin,3,0,3
Virno,3,0,3
Viroza,0,3,3
Virpi,0,3,3
Virry,0,3,3
Virson,3,0,3
Virtuous,0,3,3
Visal,3,0,3
Visant,3,0,3
Visha,3,3,6
Vishaalkumar,3,0,3
Vishaay,3,0,3
Vishaka,0,3,3
Vishana,0,3,3
Vishanie,0,3,3
Vishayan,3,0,3
Vishayno,3,0,3
Visheshta,0,3,3
Vishish,3,0,3
Vishnukant,3,0,3
Vishnuprakash,3,0,3
Vishnupriya,0,3,3
Vishwamitre,3,0,3
Vishwenath,3,0,3
Vishweradj,3,0,3
Visia,0,3,3
Vissia,0,3,3
Visvajit,3,0,3
Viswanand,3,0,3
Vitales,3,0,3
Vitalie,3,3,6
Vitaline,0,3,3
Vitalius,3,0,3
Vitani,0,3,3
Vitasha,0,3,3
Vítek,3,0,3
Vithuja,0,3,3
Vithula,0,3,3
Vithursan,3,0,3
Vithus,3,3,6
Vithushan,3,0,3
Vitusha,0,3,3
Vivalda,3,3,6
Vivande,0,3,3
Vivasvan,3,0,3
Vivè,0,3,3
Vivecka,0,3,3
Vivencia,0,3,3
Vivenne,0,3,3
Vivesh,3,0,3
Viviam,0,3,3
Vivianda,0,3,3
Viviann,0,3,3
Vivianneke,0,3,3
Vivién,0,3,3
Viviéne,0,3,3
Vivika,0,3,3
Vivikanand,3,0,3
Vix,3,3,6
Viyaan,3,0,3
Vîyan,0,3,3
Viyèn,0,3,3
Viyesh,3,0,3
Viyeta,0,3,3
Viyindra,3,0,3
Vizney,0,3,3
Vjenne,0,3,3
Vjolca,0,3,3
Vjollca,0,3,3
Vjosa,0,3,3
Vlade,3,0,3
Vladiano,3,0,3
Vladica,3,0,3
Vladimero,3,0,3
Vladimier,3,0,3
Vladimirov,3,0,3
Vladimirovitsj,3,0,3
Vladislaw,3,0,3
Vladmir,3,0,3
Vlady,3,0,3
Vlaming,3,0,3
Vlasios,3,0,3
Vlastijn,3,0,3
Vlinn,3,3,6
Voebe,0,3,3
Vogeline,0,3,3
Voget,3,3,6
Voice,3,0,3
Vojkan,3,0,3
Vok,3,0,3
Vokeline,0,3,3
Volda,0,3,3
Volente,3,3,6
Voletta,0,3,3
Volgiunus,3,0,3
Voline,0,3,3
Volka,0,3,3
Volkertdina,0,3,3
Volkertine,0,3,3
Volkra,0,3,3
Volksina,0,3,3
Volkwinus,3,0,3
Vollie,0,3,3
Volodimirovych,3,0,3
Volodja,3,0,3
Volodymyr,3,0,3
Volpert,3,0,3
Volrada,0,3,3
Vona,3,3,6
Vonen,3,0,3
Vonkel,3,0,3
Vormer,3,0,3
Vosca,0,3,3
Vougje,0,3,3
Vova,3,0,3
Vredeleen,0,3,3
Vredelien,0,3,3
Vredenrijkje,0,3,3
Vrederijk,3,0,3
Vréne,0,3,3
Vrens,3,0,3
Vreugde,3,3,6
Vrijheid,3,3,6
Vrindadevi,0,3,3
Vroka,0,3,3
Vrolijk,3,0,3
Vroon,3,0,3
Vroucina,0,3,3
Vrouk,0,3,3
Vrouka,0,3,3
Vroukine,0,3,3
Vrouwelina,0,3,3
Vrouwie,0,3,3
Vrouwien,0,3,3
Vuitton,3,0,3
Vukan,3,0,3
Vukašin,3,0,3
Vulmarus,3,0,3
Vurchel,3,3,6
Vurgill,3,0,3
Vurginia,0,3,3
Vurn,3,0,3
Vuyani,3,0,3
Vyalis,3,0,3
Vyani,0,3,3
Vyano,3,0,3
Vydjaykumar,3,0,3
Vye,0,3,3
Vyjayanthi,0,3,3
Vyjindra,3,0,3
Vyo,0,3,3
Vyom,3,0,3
Vyomesh,3,0,3
Vyone,0,3,3
Vyrin,3,0,3
Vyshaan,3,0,3
Vyta,0,3,3
Vyvian,3,3,6
V'angelyn,0,3,3
V'Janae,0,3,3
V'tanih,0,3,3
V'yúzjaïhricx,3,0,3
V-Angely,0,3,3
V-dien,3,0,3
V-shawn,3,0,3
Va'Kheng,0,3,3
Vaack,3,0,3
Vaadish,3,0,3
Vaahne,3,0,3
Vaajin,3,0,3
Vaakesan,3,0,3
Vaale,3,0,3
Vaarith,3,0,3
Vaarley,3,0,3
Vaarshadevi,0,3,3
Vaaruksh,3,0,3
Vaarzon,3,0,3
Vaashnadebbij,0,3,3
Vaaske,0,3,3
Vaazia,0,3,3
Vabian,3,0,3
Vabien,0,3,3
Vabiën,0,3,3
Vabina,0,3,3
Vabio,3,0,3
Vabis,0,3,3
Váblo,3,0,3
Vabriani,0,3,3
Vabriënna,0,3,3
Vabyen,3,0,3
Vacarra,0,3,3
Vacelisa,0,3,3
Vacentia,0,3,3
Vacha,0,3,3
Vachal,3,0,3
Vachan,3,0,3
Vachant,3,0,3
Vache,3,0,3
Vacherona,0,3,3
Vacid,3,0,3
Vacienta,0,3,3
Vacilia,0,3,3
Vacilya,0,3,3
Vacinus,3,0,3
Vackas,3,0,3
Vaĉlav,3,0,3
Vaclaw,3,0,3
Vadana,0,3,3
Vadanadebie,0,3,3
Vadee,0,3,3
Vadeem,3,0,3
Vadessa,0,3,3
Vadih,3,0,3
Vadila,3,0,3
Vadime,0,3,3
Vadimov,3,0,3
Vadimovich,3,0,3
Vadimovitc,3,0,3
Vadimovitch,3,0,3
Vadimovna,0,3,3
Vadinio,3,0,3
Vadir,3,0,3
Vaditsha,0,3,3
Vaditsio,3,0,3
Vadjarantie,0,3,3
Vadjinho,3,0,3
Vado,3,0,3
Vadsajah,0,3,3
Vady-Ann,0,3,3
Vadym,3,0,3
Vadymovich,3,0,3
Vadymovna,0,3,3
Vaeda,0,3,3
Vaedin,0,3,3
Vaena,0,3,3
Vaenay,3,0,3
Vaenice,0,3,3
Vaenity,0,3,3
Vaerling,3,0,3
Vaëtta,0,3,3
Vaeyanah-Mae,0,3,3
Vafá,3,0,3
Vafara,0,3,3
Vafen,3,0,3
Vageli,3,0,3
Vaggelli,3,0,3
Vagia,0,3,3
Vagidovna,0,3,3
Vagif,3,0,3
Vagile,0,3,3
Vagn,3,0,3
Vagner,3,0,3
Vagno,3,0,3
Vagramovitsj,3,0,3
Vahabigazi,3,0,3
Vahad,3,0,3
Vahakn,3,0,3
Vahdeddin,3,0,3
Vaheem,0,3,3
Vahek,3,0,3
Vahhup,0,3,3
Vahib,3,0,3
Vahidé,0,3,3
Vahidenaz,0,3,3
Vahin,0,3,3
Vahine-Atua,0,3,3
Vahini,0,3,3
Vahinui,0,3,3
Vahise,3,0,3
Vahisha,0,3,3
Vahisma,0,3,3
Vahitcan,3,0,3
Vahittin,3,0,3
Váhn,3,0,3
Vahram,3,0,3
Vahtet,3,0,3
Vahtettin,3,0,3
Vahya,0,3,3
Vaia,0,3,3
Vaianna,0,3,3
Vaibhav,3,0,3
Vaibou,0,3,3
Vaidan,3,0,3
Vaidehi-Devyani,0,3,3
Váiden,3,0,3
Vaidhavi,0,3,3
Vaidhyanath,3,0,3
Vaidik,3,0,3
Vaidotas,3,0,3
Vaién,0,3,3
Vaiena,0,3,3
Vaiëne,0,3,3
Vaienna,0,3,3
Vaiënna,0,3,3
Vaigelniels,3,0,3
Vaigial,3,0,3
Vaii,0,3,3
Vaijéra,3,0,3
Vaijra,0,3,3
Vail,0,3,3
Vailea,0,3,3
Vailet,0,3,3
Vaileth,0,3,3
Vailey,3,0,3
Vaili'yendy,0,3,3
Vaillery,0,3,3
Vailon,3,0,3
Vailyson,3,0,3
Vainavi,0,3,3
Vaine,0,3,3
Vainea,0,3,3
Vaineley,0,3,3
Vainergill,0,3,3
Vainette,3,0,3
Vaino,3,0,3
Vainsika,0,3,3
Vaïnui,0,3,3
Vaïnyo,3,0,3
vaio,3,0,3
Vaiona,0,3,3
Vaïos,3,0,3
Vairajkoemar,3,0,3
Vairiendell,3,0,3
Vairisha,0,3,3
Vairoa,3,0,3
Vairocana,3,0,3
Vairousa,0,3,3
Vaisa,0,3,3
Vaisam,3,0,3
Vaisca,0,3,3
Vaïscha,0,3,3
Vaishaley,0,3,3
Vaishalidevi,0,3,3
Vaishalidevie,0,3,3
Vaishalie,0,3,3
Vaishani,0,3,3
Vaishant-Shurjekant,3,0,3
Vaishavi,0,3,3
Vaisheni,0,3,3
Vaishikan,3,0,3
Vaishnavan,3,0,3
Vaishnie,0,3,3
Vaishnodewie,0,3,3
Vaishnovie,0,3,3
Vaishnowi,0,3,3
Vaishvani,0,3,3
Vaishvari,0,3,3
Vaishvary,0,3,3
Vaishvi,0,3,3
Vaishvin,3,0,3
Vaisinio,3,0,3
Vaisna,0,3,3
vaisnavi,0,3,3
Vaisniedebie,0,3,3
Vaisnovee-Devi,0,3,3
Vaisvanidevi,0,3,3
Vaisyte,0,3,3
Vaita,0,3,3
Vaitarre,0,3,3
Vaitiari,0,3,3
Vaitièro,3,0,3
Vaiya,0,3,3
Vaiyana-Vajènn,0,3,3
Vaiz,3,0,3
Vaj,3,0,3
Vajari,0,3,3
Vajdaen,3,0,3
Vajella,0,3,3
Vajèn-Romée,0,3,3
Vajéna,0,3,3
Vajèngelly,0,3,3
Vajénne,0,3,3
Vajhèn,0,3,3
Vajin,0,3,3
Vajira,0,3,3
Vajo,3,0,3
Vajomar,3,0,3
Vajonera,0,3,3
Vakar,3,0,3
Vakaris,3,0,3
Vakasha,0,3,3
Vakeesan,3,0,3
Vakil,0,3,3
Vakkaz,3,0,3
Vaksan,3,0,3
Valadina,0,3,3
Valadine,0,3,3
Valaica,0,3,3
Valaine,0,3,3
Valaino,3,0,3
Valair,0,3,3
Valaire,3,0,3
Valairio,3,0,3
Valancy,0,3,3
Valancya,0,3,3
Valando,3,0,3
Valano,3,0,3
Valantijn,3,0,3
Valasia,0,3,3
Valata,3,0,3
Valatino,3,0,3
Valatinus,3,0,3
Valats,3,0,3
Valayza,0,3,3
Valbon,3,0,3
Valbor-Jaro,3,0,3
Valchaire,3,0,3
Valcke,3,0,3
Valconerah,0,3,3
Valdares,0,3,3
Valdeci,0,3,3
Valdefuentes,0,3,3
Valdelène,0,3,3
Valdelice,0,3,3
Valdelise,0,3,3
Valdemarr,3,0,3
Valderama,3,0,3
Valderie,0,3,3
Valdés,3,0,3
Valdet,3,0,3
Valdeta,0,3,3
Valdete,0,3,3
Valdier,3,0,3
Valdimira,0,3,3
Valdiro,3,0,3
Valdis,3,0,3
Valdrian,3,0,3
Valdrianny,0,3,3
Valdrit,3,0,3
Valé,3,0,3
Valè,0,3,3
Valéa,0,3,3
Välecio,3,0,3
Valed,3,0,3
Valediction,0,3,3
Valedo,3,0,3
Valedy,0,3,3
Valeentino,3,0,3
Valegio,3,0,3
Valenard,3,0,3
Valenca,0,3,3
Valènce,0,3,3
Valencha,0,3,3
Valenchio,3,0,3
Valenci,3,0,3
Valência,0,3,3
Valenciana,3,0,3
Valéncio,3,0,3
Valency,0,3,3
Valendina,0,3,3
Valène,0,3,3
Valengina,0,3,3
Valenginio,3,0,3
Valenia,0,3,3
Valenica,0,3,3
Valenka,0,3,3
Valensca,0,3,3
Valentaro,3,0,3
Valentcio,3,0,3
Valénte,3,0,3
Valenté,3,0,3
Valènté,3,0,3
Valentei,0,3,3
Valenthin,3,0,3
Valenthina,0,3,3
Valenthyn,3,0,3
Valentianus,3,0,3
Valentiena,0,3,3
Valentijn-Marie,3,0,3
Valentijn-Olivier,3,0,3
Valentijn-Ramses,3,0,3
Valentijne,0,3,3
Valentijnne,0,3,3
Valentimo,3,0,3
Valèntin,3,0,3
Valentin-Jan,3,0,3
Válentina,0,3,3
Valentiná,0,3,3
Valentìna,0,3,3
Valéntina,0,3,3
Valentina-Ana,0,3,3
Valentina-Lynn,0,3,3
Valentine-Jolie,0,3,3
Valentine-Manomba,0,3,3
Valentinho,3,0,3
Valentinian,3,0,3
Valentino-J,3,0,3
Valentino-love,3,0,3
Valentinolal,3,0,3
Valentinova,0,3,3
Valentinovitch,3,0,3
Valentinyo,3,0,3
Valento,3,0,3
Valentsio,3,0,3
Valentýn,3,0,3
Valentynivna,0,3,3
Valentynne,0,3,3
Valenus,3,0,3
Valenzano,3,0,3
Valenzo,3,0,3
Valeo,3,0,3
Valér,3,0,3
Valéra,0,3,3
Valeraine,0,3,3
Valére,3,0,3
Valêre,3,0,3
Valeré,0,3,3
Valérée,0,3,3
Valerentia,0,3,3
Valérey,0,3,3
Vàlerey,0,3,3
Valerí,0,3,3
Valeria-Esperanza,0,3,3
Valerianda,0,3,3
Valerica,0,3,3
Válèrie,0,3,3
Valeríe,0,3,3
Válerié,0,3,3
Valerie-Alexandra,0,3,3
Valérie-Anne,0,3,3
Valerie-Anne,0,3,3
Valerie-Christine,0,3,3
Valérie-Dionne,0,3,3
Valérie-Isabelle,0,3,3
Valérie-Jasmijn,0,3,3
Valérie-Sophie,0,3,3
Valerie-Stéphane,0,3,3
Valeriea,0,3,3
Valeriek,3,0,3
Valerieke,0,3,3
Valerièn,3,0,3
Valerien,0,3,3
Valerienna,0,3,3
Valerievich,3,0,3
Valeriey,3,0,3
Valerijan,3,0,3
Valérine,0,3,3
Valerine,0,3,3
Valerino,3,0,3
Valerinus,3,0,3
Valerió,3,0,3
Valerio-Ciro,3,0,3
Valerion,3,0,3
Valériy,3,0,3
Valérjevich,3,0,3
Valèro,3,0,3
Válery,0,3,3
Välery,0,3,3
Valèrya,0,3,3
Valerya,0,3,3
Valerye,0,3,3
Vales,3,0,3
Valeshja,0,3,3
Valésia,0,3,3
Valesia,0,3,3
Valeski,0,3,3
Valesqua,0,3,3
Valessa,0,3,3
Valessi,0,3,3
Valesska,0,3,3
Valet,0,3,3
Valeta,0,3,3
Valetha,0,3,3
Valetin,3,0,3
Valétina,0,3,3
Valetine,0,3,3
Valetta,0,3,3
Valety,0,3,3
Valexiane,0,3,3
Valeya,0,3,3
Valez,0,3,3
Valgeraiso,3,0,3
Valheria,0,3,3
Valiana,0,3,3
Valiani,0,3,3
Valiano,3,0,3
Valiant-George,3,0,3
Valiccia,0,3,3
Valicha,0,3,3
Valicya,0,3,3
Valida,0,3,3
Valie,3,0,3
Valien,0,3,3
Valiène,0,3,3
Valiene,0,3,3
Valienne,0,3,3
Valiënne,0,3,3
Valiënta,0,3,3
Valijn,3,0,3
Valika,0,3,3
Valiko,3,0,3
Valintin,3,0,3
Valintina,0,3,3
Valintine,3,0,3
Valintino,3,0,3
Valiov,3,0,3
Valiova,0,3,3
Valise,0,3,3
Valishia,0,3,3
Valisia,0,3,3
Valituna,0,3,3
Valiyah,0,3,3
Valiyanti,0,3,3
Valiyanto,3,0,3
Valjean,3,0,3
Valjer,3,0,3
Valjon,3,0,3
Välk,0,3,3
Valken,3,0,3
Valkirya,0,3,3
Valla,3,0,3
Vallah,0,3,3
Vallaino,3,0,3
Vallanor,3,0,3
Vallarino,3,0,3
Vallarta,3,0,3
Vallary,0,3,3
Vallatin,0,3,3
Vallatina,0,3,3
Vallayla,0,3,3
Vallazza,3,0,3
Vallée,0,3,3
Vallei,0,3,3
Vallènce,0,3,3
Vallence,0,3,3
Vallenci,0,3,3
Vallensia,3,0,3
Vallentijn,3,0,3
Vallentin,0,3,3
Vallerey,0,3,3
Vallerian,3,0,3
Vallérie,0,3,3
Vallérye,0,3,3
Vallesandro,3,0,3
Valleska,0,3,3
Vallessa,0,3,3
Vallessia,0,3,3
Valletino,3,0,3
Vallette,0,3,3
Vallian,3,0,3
Vallie,0,3,3
Vallin,0,3,3
Vallino,3,0,3
Vallissia,0,3,3
Valliyah,0,3,3
Vallòn,0,3,3
Vallonne,0,3,3
Valluga,0,3,3
Valmira,0,3,3
Valmire,0,3,3
Valo,3,0,3
Valoba,0,3,3
Valoel,3,0,3
Valoisa,0,3,3
Valón,3,0,3
Valone,0,3,3
Valoraisa,0,3,3
Valoris,0,3,3
Valory,0,3,3
Valotte,0,3,3
Valou-Nadie,0,3,3
Valour,3,0,3
Valqueira,0,3,3
Valrie,0,3,3
Valsamis,3,0,3
Valsolio,3,0,3
Valstar,3,0,3
Valten,3,0,3
Valters,3,0,3
Valtr,3,0,3
Váltteri,0,3,3
Value,0,3,3
Valuela,0,3,3
Valuelino,3,0,3
Valura,0,3,3
Valutcia,0,3,3
Valve,0,3,3
Valyo,3,0,3
Valyov,3,0,3
Valyrian,3,0,3
Vaman,3,0,3
Vamaya,0,3,3
Vami,0,3,3
Vamirha,0,3,3
Vamisa,0,3,3
Vamme,0,3,3
Vamsi,3,0,3
Vân-Anh,0,3,3
Van-Emmanuel,3,0,3
Van-Jay,3,0,3
Van-Lenest,0,3,3
Van-Thi,0,3,3
Van-Viet,3,0,3
Vanairahley,0,3,3
Vanaisa,0,3,3
Vanamo,0,3,3
Vanasia,0,3,3
Vanaston,3,0,3
Vanavero,3,0,3
Vancita,0,3,3
Vanco,3,0,3
Vancy,0,3,3
Vandad,3,0,3
Vandama,0,3,3
Vandana-devi,0,3,3
Vandana-Devi,0,3,3
Vandana-Devie,0,3,3
Vandanakumari,0,3,3
Vandanawatie,0,3,3
Vandanee,0,3,3
Vandanya,0,3,3
Vandarleia,0,3,3
Vandel,0,3,3
Vandela,0,3,3
Vandell,3,0,3
Vanden,0,3,3
Vandenadevi,0,3,3
Vandenis,3,0,3
Vander,3,0,3
Vandeska,0,3,3
Vandevi,0,3,3
Vandhanadebie,0,3,3
Vandhanadevi,0,3,3
Vandhany,0,3,3
Vandhena,0,3,3
Vandhna,0,3,3
Vandie,3,0,3
Vandinha,0,3,3
Vandjo,3,0,3
Vandora,0,3,3
Vandra,0,3,3
Vandrew,3,0,3
Vandros,0,3,3
Vandyaro,3,0,3
Vanecho,3,0,3
Vanecia,0,3,3
Vaneesha,0,3,3
Vaneesia,0,3,3
Vaneetha,0,3,3
Vaneira,0,3,3
Vanele,3,0,3
Vanelety,0,3,3
Vanelia,0,3,3
Vanelies,0,3,3
Vanelio,3,0,3
Vanellope,0,3,3
Vanelly,0,3,3
Vanelsan,0,3,3
Vanempel,3,0,3
Vanensa,0,3,3
Vanenthy,0,3,3
Vanero,3,0,3
Vanes,0,3,3
Vanesco,3,0,3
Vanese,0,3,3
Vanesh,3,0,3
Vaneshia,0,3,3
Vanessa-Pia,0,3,3
Vanessia,0,3,3
Vanesza,0,3,3
Vanethey,0,3,3
Vanetia,0,3,3
Vanette,0,3,3
Vanetty,0,3,3
Vaneyty,0,3,3
Vang,3,0,3
Vanga,0,3,3
Vangano,3,0,3
Vangedou,0,3,3
Vangel,3,0,3
Vangelio,0,3,3
Vangelise,0,3,3
Vanghelis,3,0,3
Vangi,0,3,3
Vangie,0,3,3
Vàngino,3,0,3
Vanhi,0,3,3
Vaní,0,3,3
Vânia,0,3,3
Vánia,0,3,3
Vanidha,0,3,3
Vanidle,0,3,3
Vanie,0,3,3
Vaniece,0,3,3
Vaniek,3,0,3
Vaniera,0,3,3
Vaniesh,3,0,3
Vanig,3,0,3
Vanila,0,3,3
Vanildo,3,0,3
Vanilli,0,3,3
Vanilo,3,0,3
Vanilsa,0,3,3
Vanilza,0,3,3
Vanima,0,3,3
Vaninho,3,0,3
Vanino,3,0,3
Vaninsja,0,3,3
Vanipierre,3,0,3
Vanir,3,0,3
Vaniro,3,0,3
Vanisca,0,3,3
Vanishadebie,0,3,3
Vanishara,0,3,3
Vanishi,0,3,3
Vanishkumar,3,0,3
Vanisho,3,0,3
Vanishree,0,3,3
Vanishri,0,3,3
Vanisjka,3,0,3
Vanisri,0,3,3
Vanita-Kirti,0,3,3
Vanitadevi,0,3,3
Vanitasingh,0,3,3
Vanitie,0,3,3
Vánity,0,3,3
Vanity-Adája,0,3,3
Vanity-Jade,0,3,3
Vaniya,0,3,3
Vanjana,0,3,3
Vanjanie,0,3,3
Vanjulakoemarie,0,3,3
Vanjuska,0,3,3
Vanlakshmi,0,3,3
Vanlenthe,0,3,3
Vanmarius,3,0,3
Vanmin,3,0,3
Vannalie,0,3,3
Vannesi,0,3,3
Vannesse,0,3,3
Vannevar,3,0,3
Vannick,3,0,3
Vannina,0,3,3
Vannisha,0,3,3
Vannitchio,3,0,3
Vannitty,0,3,3
Vanosse,3,0,3
Vanou,0,3,3
Vanoucka,0,3,3
Vanquinn,3,0,3
Vanquish,0,3,3
Vanres,3,0,3
Vanroy,3,0,3
Vanshanna,0,3,3
Vanshi,0,3,3
Vanshikadevi,0,3,3
Vanshna,0,3,3
Vansie,0,3,3
Vansradj,3,0,3
Vanthe,3,0,3
Vanthony,3,0,3
Vanu,3,0,3
Vanuja,0,3,3
Vanuschka,0,3,3
Vanusha,0,3,3
Vanushya,0,3,3
Vanusja,0,3,3
Vanyar,3,0,3
Vanyé,3,0,3
Vanysia,0,3,3
Vanz,3,0,3
Vaomy,0,3,3
Vaquiro,3,0,3
Var'llioushën,3,0,3
Varaan,3,0,3
Varadero,3,0,3
Varagh,0,3,3
Varah,0,3,3
Várai,3,0,3
Varalika,0,3,3
Varalito,3,0,3
Varanaaz,0,3,3
Varanas,0,3,3
Varanass,0,3,3
Varane,3,0,3
Varant,3,0,3
Varashnawatie,0,3,3
Varasnas,0,3,3
Varayla,0,3,3
Varban,3,0,3
Varcas,0,3,3
Vardanovitch,3,0,3
Vardau,0,3,3
Vardâyani,0,3,3
Vardhan,3,0,3
Vardhana,3,0,3
Vardhanand,3,0,3
Vardiëlla,0,3,3
Vardino,3,0,3
Vardione,3,0,3
Varduhi,0,3,3
Vardy,3,0,3
Varé,3,0,3
Varecio,3,0,3
Vareen,0,3,3
Vareisa,0,3,3
Varelia,0,3,3
Vareliyo,3,0,3
Varell,3,0,3
Varellion,3,0,3
Varely,0,3,3
Varencio,3,0,3
Varendra,3,0,3
Varenko,3,0,3
Varenne,0,3,3
Varenyam,3,0,3
Vares,3,0,3
Varèse,0,3,3
Vareshkumar,3,0,3
Vareshly,0,3,3
Vareshvar,3,0,3
Varesius,3,0,3
Varesjlin,0,3,3
Varèsjlin,0,3,3
Vareska,0,3,3
Varesma,0,3,3
Varety,0,3,3
Varfing,3,0,3
Vargas,3,0,3
Vargheese,3,0,3
Varghese,3,0,3
Vargo,3,0,3
Varheeze,0,3,3
Variana,0,3,3
Varianto,3,0,3
Varidagatoen,0,3,3
Varidah,0,3,3
Varides,0,3,3
Varidi,0,3,3
Variety,0,3,3
Variëty,0,3,3
Varieza,0,3,3
Varija,0,3,3
Varik,3,0,3
Variljo,3,0,3
Vårin,0,3,3
Variña,0,3,3
Varinagatoen,0,3,3
Varinda,0,3,3
Varinhilde,0,3,3
Varini,0,3,3
Varinja,0,3,3
Varinjo,3,0,3
Varinya,0,3,3
Varisha-Devi,0,3,3
Varisha-Dewi,0,3,3
Varishadebie,0,3,3
Varishma,0,3,3
Varishnadebi,0,3,3
Varishnawatie,0,3,3
Variska,0,3,3
Varito,3,0,3
Varitsa,0,3,3
Variya,3,0,3
Varja-Kristie,0,3,3
Varjak,3,0,3
Varjanare,0,3,3
Varjel,3,0,3
Varjerla,0,3,3
Varjinare,0,3,3
Varla,0,3,3
Varlaan,3,0,3
Varleen,0,3,3
Varlend,3,0,3
Varlesca,0,3,3
Varlo,3,0,3
Varmahlid,0,3,3
Varman,3,0,3
Varmilan,3,0,3
Varmisha,0,3,3
Varna-Jae,0,3,3
Varnaasgatoen,0,3,3
Varnan,3,0,3
Varne,3,0,3
Varnery,0,3,3
Varnessa,0,3,3
Varnika-Devi,0,3,3
Varno,3,0,3
Varny,3,0,3
Varnyshellesy,0,3,3
Varoek,3,0,3
Varoen,3,0,3
Varoline,0,3,3
Varoll,3,0,3
Varoly,0,3,3
Varón,3,0,3
Varon,3,0,3
Varoya,0,3,3
Varqá,3,0,3
Varqa,3,0,3
Varsackis,3,0,3
Varsago,3,0,3
Varsanik,0,3,3
Varschadevi,0,3,3
Varsenik,0,3,3
Varsha-Debie,0,3,3
Varshadevie,0,3,3
Varshadewi,0,3,3
Varshadewie,0,3,3
Varshaly,0,3,3
Varshan,3,0,3
Varshane,0,3,3
Varshani,0,3,3
Varshanie,0,3,3
Varsharena,0,3,3
Varshawatie,0,3,3
Varshia,0,3,3
Varshindersing,3,0,3
Varshinidevi,0,3,3
Varshney,0,3,3
Varshni,0,3,3
Varshni-devi,0,3,3
Varsiga,0,3,3
Varsika,0,3,3
Varsin,3,0,3
Varsneya,3,0,3
Varsshini,0,3,3
Vartanuş,0,3,3
Varteres,3,0,3
Vartha,0,3,3
Vartinidevi,0,3,3
Varto,3,0,3
Vartouhi,0,3,3
Varttina,0,3,3
Varunan,3,0,3
Varundew,3,0,3
Varundra-Kumar,3,0,3
Varuni,0,3,3
Varunika,0,3,3
Varusa,0,3,3
Varuschka,0,3,3
Varusha,0,3,3
Varushan,3,0,3
Varvana,0,3,3
Varvára,0,3,3
Vary-Ann,0,3,3
Varyan,3,0,3
Varyna,0,3,3
Varyon,3,0,3
Varysca,0,3,3
Varysha,0,3,3
Vasalis,0,3,3
Vasanta,0,3,3
Vasantakoemari,0,3,3
Vasantha,3,0,3
Vāsantī,0,3,3
Vasantie,0,3,3
Vasantiedevi,0,3,3
Vasantsingh,3,0,3
Vasarelia,0,3,3
Vasaymahn,3,0,3
Vasca,0,3,3
Vasdja,0,3,3
Vaseem,3,0,3
Vaseiska,0,3,3
Vasencia,0,3,3
Vasenza,0,3,3
Vasfi,3,0,3
Vasgen,3,0,3
Vashan,3,0,3
Vashana,0,3,3
Vashandana,0,3,3
Vashani,0,3,3
Vashaugn,3,0,3
Vasheeta,0,3,3
Vashendriya,0,3,3
Vashi,0,3,3
Vashini,0,3,3
Vashish,3,0,3
Vashisjt,3,0,3
Vashista,3,0,3
Vashistha,3,0,3
Vashita,0,3,3
Vashiyara,0,3,3
Vashl,0,3,3
Vashnavi,0,3,3
Vashoedew,3,0,3
Vashtee-Jiréh,0,3,3
Vashtini,0,3,3
Vashudev,3,0,3
Vashuthevan,3,0,3
Vashwani,0,3,3
Vasia,0,3,3
Vasiest,3,0,3
Vasikar,3,0,3
Vasikaran,3,0,3
Vasil'ko,3,0,3
Vasilaki,3,0,3
Vasilakis,3,0,3
Vasileia,0,3,3
Vasiliás,3,0,3
Vasilie,0,3,3
Vasiliiky,0,3,3
Vasilij,3,0,3
Vasiliky,0,3,3
Vasilina,0,3,3
Vasilissa,0,3,3
Vasiljan,3,0,3
Vasillio,3,0,3
Vasillisa,0,3,3
Vasilyevna,0,3,3
Vasista,0,3,3
Vasisthadev,3,0,3
Vasjilca,0,3,3
Vaskeni,3,0,3
Vaskin,3,0,3
Vaskresija,0,3,3
Vasna,0,3,3
Váso,0,3,3
Vasos,3,0,3
Vasoula,0,3,3
Vasques,0,3,3
Vasrhani,0,3,3
Vass,3,0,3
Vassana,0,3,3
Vassanta,0,3,3
Vassell,0,3,3
Vassileos,3,0,3
Vassilia,0,3,3
Vassilio,3,0,3
Vassilissa,0,3,3
Vassilla,0,3,3
Vassilli,3,0,3
Vassillii,3,0,3
Vassillis,3,0,3
Vassina,0,3,3
Vassion,0,3,3
Vastera,0,3,3
Vasterd,3,0,3
Vastie,0,3,3
Vastilya,0,3,3
Vastni,0,3,3
Vasty,0,3,3
Vasu,3,0,3
Vasuda,0,3,3
Vasudevpersad,3,0,3
Vásudewa,3,0,3
Vasudhadevi,0,3,3
Vasudoe,3,0,3
Vasujen,3,0,3
Vasuman,3,0,3
Vasumati,0,3,3
Vasundhara,0,3,3
Vasunharadevi,0,3,3
Vasuta,0,3,3
Vasvija,0,3,3
Vaswanywatie,0,3,3
Vasylivna,0,3,3
Vasylyev,3,0,3
Vatangül,0,3,3
Vatchik,3,0,3
Vatellina,0,3,3
Vathish,3,0,3
Vatiaire,0,3,3
Vatila,0,3,3
Vatiş,0,3,3
Vatma,0,3,3
Vato,3,0,3
Vatsa,3,0,3
Vatsin,3,0,3
Vatyaf,3,0,3
Vaubine,0,3,3
Vaucia,0,3,3
Vaudoine,3,0,3
Vaugastina,0,3,3
Vaugh,3,0,3
Vaughan-Danny,3,0,3
Vaughane,0,3,3
Vaughin,3,0,3
Vaughndrew,3,0,3
Vaula,0,3,3
Vaun,3,0,3
Vaunail,0,3,3
Vausia,0,3,3
Vausto,3,0,3
Vauve,0,3,3
Vava,0,3,3
Vaviën,0,3,3
Vaviënne,0,3,3
Vavine,0,3,3
Vaviona,0,3,3
Vaviyella,0,3,3
Vavva,0,3,3
Vawzia,0,3,3
Vay-gior,3,0,3
Vaya-Jay,0,3,3
Vayaën,0,3,3
Vayannah,0,3,3
Vayanne,0,3,3
Vayano,3,0,3
Vayarah,0,3,3
Vaychel,3,0,3
Vayda,0,3,3
Vaydika,0,3,3
Vaydion,3,0,3
Vaydïsova,0,3,3
Vaydriyel,3,0,3
Vayé,0,3,3
Vayell,0,3,3
Vayelle,0,3,3
Vaýen,0,3,3
Vayën,0,3,3
Vayèna,0,3,3
Vayenely,0,3,3
Vayénely,0,3,3
Vayenni,0,3,3
Vayente,0,3,3
Vayeshev,3,0,3
Vayhista,0,3,3
Vayid,3,0,3
Vayinda,0,3,3
Vayinte,0,3,3
Vayinthe,0,3,3
Vayjen,0,3,3
Vayjèn,0,3,3
Vayk,3,0,3
Vaylen,3,0,3
Vaylentino,3,0,3
Vayliana,0,3,3
Vaylien,0,3,3
Vaylin,0,3,3
Vaylo,3,0,3
Vayn,3,0,3
Vayna,0,3,3
Vayne,3,0,3
Vaynese,0,3,3
Vaynetie,0,3,3
Vaynette,3,0,3
Vaynn,3,0,3
Vayno,3,0,3
Vayon,3,0,3
Váyon,3,0,3
Vayrenzo,3,0,3
Vayrison,3,0,3
Vayro,3,0,3
Vays,3,0,3
Vaysen,3,0,3
Vaysnavee,0,3,3
Vayunand,3,0,3
Vayza,0,3,3
Vazero,3,0,3
Vazia,0,3,3
Vaziera,0,3,3
Vazilie,0,3,3
Vazkor,3,0,3
Vazo,3,0,3
Vázquez,0,3,3
Vazrik,3,0,3
Vazul,3,0,3
Vazula,0,3,3
VCT,0,3,3
Ve-Roni,0,3,3
Ve-Shantely,0,3,3
Veaerii,0,3,3
Veandelin,0,3,3
Veangel,3,0,3
Veanna,0,3,3
veanne,3,0,3
Veanneij,3,0,3
Veano,3,0,3
Véano,3,0,3
Veantely,0,3,3
Vear,3,0,3
Vearran,0,3,3
Veata,0,3,3
Veau,0,3,3
Veazah-me,0,3,3
Vebo,3,0,3
Véca,3,0,3
Vecchio,3,0,3
Vécéli,0,3,3
Vecencio,3,0,3
Vècéndrick,3,0,3
Vecente,3,0,3
Vechteriaan,3,0,3
Veciaan,3,0,3
Veciha,0,3,3
Vecihe,0,3,3
Vecihem,0,3,3
Veciye,0,3,3
Vecora,0,3,3
Ved,3,0,3
Ved-Raj,3,0,3
Veda-Eve,0,3,3
Veda-Smirti,0,3,3
Vedagül,0,3,3
Vedah,0,3,3
Vedahprakasha,3,0,3
Vedanand,3,0,3
Vedandjelie,0,3,3
Vedanga,3,0,3
Vedangprakash,3,0,3
Vedanjali,0,3,3
Vedansh,3,0,3
Vedanshi,0,3,3
Vedanshu,3,0,3
Vedantkoemar,3,0,3
Vedar,3,0,3
Vedashree,0,3,3
Vedawatie,0,3,3
Vedayi,3,0,3
Vede,0,3,3
Vedeh,0,3,3
Vedeshvar,3,0,3
Vedha,0,3,3
Vedhanshvi,0,3,3
Vedhasha,0,3,3
Vedhata,0,3,3
Vedhyata,3,0,3
Vedica,0,3,3
Vedita,0,3,3
Veditam,3,0,3
Vedmitre,3,0,3
Vedna,0,3,3
Vedo,3,0,3
Vedocia,0,3,3
Védor,3,0,3
Vedosja,0,3,3
Védprakash,3,0,3
Vedro,3,0,3
Vedruna,0,3,3
Vedüd,3,0,3
Vedvati,0,3,3
Vedvyas,3,0,3
Vedwatie,0,3,3
Vedykha,0,3,3
Veedjay,3,0,3
Veef,0,3,3
Veejay,0,3,3
Veela,0,3,3
Veeletta,0,3,3
Veenadevie,0,3,3
Veenah,0,3,3
Veenedenchely,0,3,3
Veeneta,0,3,3
Veenood,3,0,3
Veer-Hanuman,3,0,3
Veer-Radjkoemar,3,0,3
Veeraaj,3,0,3
Veerabhadra,3,0,3
Veeraicha,0,3,3
Veeraischa,0,3,3
Veeraj,3,0,3
Veeralakshmi,0,3,3
Veerani,0,3,3
Veeranjhanie,0,3,3
Veerapaap,3,0,3
Veerat,3,0,3
Veere-Vilou,0,3,3
Veerelien,0,3,3
Veerendra,3,0,3
Veeresh,3,0,3
Veerie,0,3,3
Veerinderkumar,3,0,3
Veerkaran,3,0,3
Veerla,0,3,3
Veerle-An,0,3,3
Veerle-Guinevere,0,3,3
Veerle-Lena,0,3,3
Veerle-Louise,0,3,3
Veerle-Maré,0,3,3
Veerle-Mieke,0,3,3
Veerlevier,0,3,3
Veermann,3,0,3
Veerna,0,3,3
Veeron,0,3,3
Veershein,3,0,3
Veersing,3,0,3
Veerte,0,3,3
Veertruida,0,3,3
Veerun,3,0,3
Veerus,3,0,3
Veeruschka,0,3,3
Veeshanee,0,3,3
Veeshman,3,0,3
Vefaz,0,3,3
Vegavăn,3,0,3
Vegeberg,3,0,3
Vegencio,3,0,3
Vegil,3,0,3
Vegilia,0,3,3
Vegim,3,0,3
Vego,3,0,3
Vehanéra,0,3,3
Vehanoosh,0,3,3
Vehanus,0,3,3
Vehanuys,0,3,3
Vehbija,3,0,3
Vehip,3,0,3
Vehpi,3,0,3
Vei,3,0,3
Veïa,0,3,3
Veico,3,0,3
Veidi,3,0,3
Veii,0,3,3
Veike,3,0,3
Veikri,3,0,3
Veila,0,3,3
Veilchen,0,3,3
Veili,3,0,3
Veirano,3,0,3
Veive,0,3,3
Vėja,0,3,3
Véja,0,3,3
Véjaij,3,0,3
Vejayly,0,3,3
Vejentlyson,3,0,3
Vejeny,0,3,3
Vejhana,0,3,3
Vejin,0,3,3
Veken,3,0,3
Vekishan,3,0,3
Vela-Alexandra,0,3,3
Velain,0,3,3
Vélain,0,3,3
Velamentosa,0,3,3
Vélan,3,0,3
Velana,0,3,3
Velantè,3,0,3
Velantina,0,3,3
Velaria,0,3,3
Velarie,0,3,3
Vélasco,3,0,3
Velasquez,3,0,3
Velassaru,3,0,3
Velaya,0,3,3
Velco,3,0,3
Velder,3,0,3
Velem,3,0,3
Velemir,3,0,3
Velena,0,3,3
Velencia,0,3,3
Velencio,3,0,3
Velenne,0,3,3
Velentine,0,3,3
Velerian,3,0,3
Velerie,0,3,3
Velery,0,3,3
Veleyn,3,0,3
Velez,0,3,3
Veli-Vince,3,0,3
Velian,3,0,3
Veliano,3,0,3
Vélibor,3,0,3
Veliborka,0,3,3
Velice,0,3,3
Vèlice,0,3,3
Velichia,0,3,3
Vélicia,0,3,3
Velicity,0,3,3
Veliddin,3,0,3
Vélie,0,3,3
Vélien,0,3,3
Veliena,0,3,3
Velienne,0,3,3
Veliesje,0,3,3
Velikaan,3,0,3
Veliko,3,0,3
Veliky,0,3,3
Vélin,0,3,3
Velina,0,3,3
Velinca,0,3,3
Véline,0,3,3
Velinne,0,3,3
Velinov,3,0,3
Velior,3,0,3
Velisa,0,3,3
Vélisa,0,3,3
Velise,0,3,3
Velisity,0,3,3
Velislav,3,0,3
Veliswa,0,3,3
Velitiano,3,0,3
Veliye,0,3,3
Velizarova,0,3,3
Velize,0,3,3
Veljo,3,0,3
Vell,3,0,3
Vellamo,0,3,3
Vèlléda,0,3,3
Vellence,0,3,3
Velleny,0,3,3
Velleraisa,0,3,3
Velleri,0,3,3
Velleria,0,3,3
Vellerie,0,3,3
Vellisha,0,3,3
Vellizar,0,3,3
Velly,0,3,3
Velmas,0,3,3
Vélo,3,0,3
Velobatir,3,0,3
Velon,3,0,3
Velony,0,3,3
Velonya,0,3,3
Velor,0,3,3
Velorayza,0,3,3
Vélorisa,0,3,3
Velorysa,0,3,3
Velroy,3,0,3
Velsheda,0,3,3
Velsineo,3,0,3
Velson,3,0,3
Velthe,3,0,3
Veltin,3,0,3
Veltma,3,0,3
Veluwe,0,3,3
Veluwe-Ázes,3,0,3
Velvett,0,3,3
Velvien,3,0,3
Velyan,3,0,3
Vélyna,0,3,3
Velzora,0,3,3
Vemakondele,3,0,3
Vemancia,0,3,3
Vemdi,0,3,3
Vemka,0,3,3
Vemke,0,3,3
Vemra,0,3,3
Vena-lee,0,3,3
Venables,3,0,3
Venacia,0,3,3
Venaldo,3,0,3
Venanchelo,3,0,3
Venâncio,3,0,3
Venãncio,3,0,3
Vènancio,3,0,3
Venante,0,3,3
Venanzio,3,0,3
Venanzo,3,0,3
Venaranda,0,3,3
Venardus,3,0,3
Venaro,3,0,3
Venato,3,0,3
Vence,3,0,3
Vencensa,0,3,3
Vencensius,3,0,3
Vencent,3,0,3
Vencentie,3,0,3
Vencenzo,3,0,3
Venceslao,3,0,3
Venceslaus,3,0,3
Venceslav,3,0,3
Venchel,3,0,3
Venchenzio,3,0,3
Venchito,3,0,3
Venchy,0,3,3
Vencio,3,0,3
Vencyra,0,3,3
Vendatte,0,3,3
Vendela,0,3,3
Vendelá,0,3,3
Vendelien,0,3,3
Vendell,3,0,3
Vendely,0,3,3
Vendena,0,3,3
Vendi,3,0,3
Vendiijn,0,3,3
Vendise,0,3,3
Vendla,0,3,3
Vendor,3,0,3
Vendra,3,0,3
Vendulka,0,3,3
Venell,0,3,3
Venello,3,0,3
Venely,0,3,3
Veneno,0,3,3
Venentius,3,0,3
Venenzia,0,3,3
Venenzo,3,0,3
Venerandia,0,3,3
Veneria,0,3,3
Venerio,3,0,3
Venerly,0,3,3
Venesh,3,0,3
Venethia,0,3,3
Veneto,3,0,3
Venetov,3,0,3
Venez,0,3,3
Venezcia,0,3,3
Venezuela,0,3,3
Veng,3,0,3
Vengar,3,0,3
Vengda,3,0,3
Vengely,0,3,3
Vènica,0,3,3
Veniciano,3,0,3
Venicius,3,0,3
Venië,0,3,3
Veniero,3,0,3
Venila,0,3,3
Venina,0,3,3
Venis,3,0,3
Veníse,0,3,3
Venitadebie,0,3,3
Venitah,0,3,3
Venitchio,3,0,3
Venité,0,3,3
Venithy,0,3,3
Venitiano,3,0,3
Venito,3,0,3
Venitsha,0,3,3
Venize,0,3,3
Venjamil,3,0,3
Venka,0,3,3
Venkateswara,3,0,3
Venkel,0,3,3
Venkov,3,0,3
Venmelcha,0,3,3
Venna-Lynn,0,3,3
Vennance,0,3,3
Venneken,0,3,3
Vennell,3,0,3
Vennely,0,3,3
Venner,3,0,3
Vennes,3,0,3
Venneta,0,3,3
Vennetey,0,3,3
Vennethy,0,3,3
Vennetia,0,3,3
Vennez,3,0,3
Vennia,0,3,3
Venniand,3,0,3
Vennice,0,3,3
Vennichio,3,0,3
Vennie,0,3,3
Vennisa,0,3,3
Vennoidi,0,3,3
Vennous,0,3,3
Veno,3,0,3
Venoes,0,3,3
Venoeshka,0,3,3
Venoht,3,0,3
Venomiek,0,3,3
Venon,0,3,3
Venos,0,3,3
Venoth,3,0,3
Venouchka,0,3,3
Venpa,0,3,3
Venra,0,3,3
Venrihainsheli,0,3,3
Vensharo,3,0,3
Vensley,3,0,3
Venson,3,0,3
Vente,0,3,3
Ventrino,3,0,3
Ventur,3,0,3
Venturanza,0,3,3
Venu,3,0,3
Venuella,0,3,3
Venum,3,0,3
Venusha,0,3,3
Venusia,0,3,3
Venuzdileh,0,3,3
Venyahmin,3,0,3
Venyce,0,3,3
Venyte,0,3,3
Venzo,3,0,3
Veodorie,0,3,3
Veonce,0,3,3
Veoranio,3,0,3
Vepooshan,3,0,3
Veque,0,3,3
Verâ,0,3,3
Vèra,0,3,3
Vera-Ann,0,3,3
Vera-Anne,0,3,3
Vera-Cornélie,0,3,3
Vera-Elaine,0,3,3
Vera-Ellen,0,3,3
Vera-Emma,0,3,3
Vera-Janke,0,3,3
Vera-Jet,0,3,3
Vera-Julie,0,3,3
Vera-Linde,0,3,3
Vera-Linh,0,3,3
Vera-Linn,0,3,3
Vera-Loïs,0,3,3
Vera-Lotte,0,3,3
Vera-Louise,0,3,3
Vera-Maria,0,3,3
Vera-Mei,0,3,3
Vera-Nonna,0,3,3
Vera-Nova,0,3,3
Veraa,0,3,3
Veraca,0,3,3
Veracine,0,3,3
Veracyha,0,3,3
Veradia,0,3,3
Veradianie,0,3,3
Veradien,0,3,3
Veradina,0,3,3
Veraelle,0,3,3
Verah-Lynn,0,3,3
Veraiza,0,3,3
Veral,0,3,3
Veralanda,0,3,3
Veraleijn,0,3,3
Veraley,0,3,3
Veralí,0,3,3
Veralieve,0,3,3
Veralind,0,3,3
Veralinda,0,3,3
Veralique,0,3,3
Veramona,0,3,3
Veranca,0,3,3
Verance,3,0,3
Veranco,3,0,3
Verangelo,3,0,3
Verania,0,3,3
Veranica,0,3,3
Veranice,0,3,3
Veranio,3,0,3
Véranique,0,3,3
Věranique,0,3,3
Veranna,0,3,3
Véranne,0,3,3
Veranto,3,0,3
Verão,3,0,3
Veräo,0,3,3
Verart,3,0,3
Véras,3,0,3
Verasati,0,3,3
Veraschka,0,3,3
Verasita,0,3,3
Verauza,0,3,3
Veray,3,0,3
Veraya,0,3,3
Vercanio,3,0,3
Vercelino,3,0,3
Vercenio,3,0,3
Verchayro,3,0,3
Verchinio,3,0,3
Vercilio,3,0,3
Vercinia,0,3,3
Verdaous,0,3,3
Verden,3,0,3
Verdí,3,0,3
Verdice,0,3,3
Verdie,3,0,3
Verdiënne,0,3,3
Verdinand,3,0,3
Verdini,0,3,3
Verdinia,0,3,3
Verdjano,3,0,3
Verdjellia,0,3,3
Verduis,3,0,3
Verdyne,3,0,3
Verdynon,3,0,3
Vere-Carolina,0,3,3
Vere-Lucette,0,3,3
Verea,0,3,3
Veredyah,0,3,3
Verehna,0,3,3
Verèl,0,3,3
Veréla,0,3,3
Verelei,0,3,3
Vereleyn,0,3,3
Verelijn,0,3,3
Verelin,0,3,3
Verelinde,0,3,3
Vérely,0,3,3
Veremunda,0,3,3
Véréna,0,3,3
Verencia,0,3,3
Verendra-Singh,3,0,3
Verenia,0,3,3
Verenieke,0,3,3
Verenio,3,0,3
Vérenique,3,0,3
Verenisse,0,3,3
Verenta,0,3,3
Verenz,3,0,3
Verenze,3,0,3
Verera,0,3,3
Vereranda,0,3,3
Veres,0,3,3
Véres,0,3,3
Veresca,0,3,3
Vereshta,0,3,3
Veresitha,0,3,3
Verety,0,3,3
Verge,0,3,3
Vergeni,0,3,3
Vergenia,0,3,3
Vergennestey,0,3,3
Vergi,3,0,3
Vergillius,3,0,3
Vergilsha,0,3,3
Vergin,0,3,3
Vergine,0,3,3
Verginely,0,3,3
Verginia-Marie,0,3,3
Verginique,0,3,3
Verginius,3,0,3
Verginno,3,0,3
Vergino,3,0,3
Vergth,3,0,3
Verhaar,0,3,3
Verhalen,3,0,3
Verhilde,0,3,3
Verí,0,3,3
Véri,0,3,3
Veriae,0,3,3
Vérian,3,0,3
Veriane,0,3,3
Veriano,3,0,3
Vérica,0,3,3
Vericiano,3,0,3
Véricke,0,3,3
Verid,0,3,3
Verida,0,3,3
Veridiano,3,0,3
Veridon,3,0,3
Verien,0,3,3
Veriene,0,3,3
Verienne,0,3,3
Verike,0,3,3
Verilène,0,3,3
Verilise,0,3,3
Verín-Jay,3,0,3
Verinder,3,0,3
Verindi,0,3,3
Verindra,3,0,3
Verinhio,3,0,3
Verinio,3,0,3
Vérinique,0,3,3
Verinne,0,3,3
Verinnia,0,3,3
Verino,3,0,3
Vèrinyo,3,0,3
Verio,3,0,3
Veriolanda,0,3,3
Verion,3,0,3
Vérionique,0,3,3
Verisa,0,3,3
Verishano,3,0,3
Verisna,0,3,3
Veríssimo,3,0,3
Véritas,0,3,3
Verithy,0,3,3
Veriza,0,3,3
Verjaëlley,0,3,3
Verjen,0,3,3
Verjenzo,3,0,3
Verjin,0,3,3
Verjony,0,3,3
Verkamman,3,0,3
Verkeh,0,3,3
Verkin,0,3,3
VerlaNorah,0,3,3
Verlayno,3,0,3
Verley,0,3,3
Verlijn,3,0,3
Verlinn,0,3,3
Verlino,3,0,3
Verlissia,0,3,3
Verlynn,3,0,3
Vermeille,0,3,3
Vermijn,3,0,3
Vermishenely,0,3,3
Verna-Jane,0,3,3
Vernaiska,0,3,3
Vernancia,0,3,3
Vernande,0,3,3
Vernandes,3,0,3
Vernandus,3,0,3
Vernay,3,0,3
Verné,3,0,3
Vernée,0,3,3
Vernee,0,3,3
Vernel,3,0,3
Verner-Örjan,3,0,3
Vernesa,0,3,3
Vernesi,0,3,3
Vernica,0,3,3
Vernician,3,0,3
Vernille,0,3,3
Vernio,3,0,3
Vernita,0,3,3
Vernom,3,0,3
Vèrnon,3,0,3
Vernor,3,0,3
Vernstar,3,0,3
Veroesja,0,3,3
Veroesjka,0,3,3
Veroh,0,3,3
Verojachiel,0,3,3
Verojen,3,0,3
Vérola,0,3,3
Verola,0,3,3
Veroliena,0,3,3
Veroliene,0,3,3
Véroline,0,3,3
Verolyne,0,3,3
Verolysa,0,3,3
Verõn,3,0,3
Veròn,3,0,3
Verôn,3,0,3
Veroña,0,3,3
Veronessa,0,3,3
Veroní,0,3,3
Veróni,0,3,3
Véronic,0,3,3
Veronico,3,0,3
Veronicque,0,3,3
Veronidiana,0,3,3
Veroniec,0,3,3
Veronieca,0,3,3
Veronieka,0,3,3
Veronigue,0,3,3
Veronik,0,3,3
Veroníka,0,3,3
Veroniki,0,3,3
Veroniq,0,3,3
Veroniqi,0,3,3
Veroniqua,0,3,3
Verônique,0,3,3
Vêronique,0,3,3
Veronique-Ninette,0,3,3
Veronique-Renée,0,3,3
Véronique-Sophie,0,3,3
Veroniquez,0,3,3
Veronis,3,0,3
Veronita,0,3,3
Veronka,0,3,3
Verono,3,0,3
Veronyka,0,3,3
Veroquisha,0,3,3
Verora,0,3,3
Veroshawny,0,3,3
Verosia,0,3,3
Verosina,0,3,3
Věroslav,3,0,3
Vérouschka,0,3,3
Veroush,3,0,3
Verousha,0,3,3
Verouska,0,3,3
Verouz,0,3,3
Verovensly,3,0,3
Veroya,0,3,3
Veroza,0,3,3
Verozagatoen,0,3,3
Verraicya,0,3,3
Verran,0,3,3
Verrassanio,3,0,3
Verré,3,0,3
Verrena,0,3,3
Verrenety,0,3,3
Verrian,3,0,3
Verrij,3,0,3
Verril,3,0,3
Verrill,3,0,3
Verrin,0,3,3
Verrina,0,3,3
Verrinnyo,3,0,3
Verro,3,0,3
Verrol,3,0,3
Versanna,0,3,3
Verschoor,3,0,3
Vershamary,0,3,3
Versin,0,3,3
Versiny,0,3,3
Versita,0,3,3
Vèrsjenie,0,3,3
Versly,3,0,3
Verspoor,3,0,3
Versus,0,3,3
Versuz,0,3,3
Vertalie,0,3,3
Vertencia,0,3,3
Verthy,0,3,3
Verti,0,3,3
Vertjenzo,3,0,3
Verty,0,3,3
Veru,3,0,3
Verulla,0,3,3
Verushtika,0,3,3
Verusja,0,3,3
Verusjka,0,3,3
Verveine,0,3,3
Verviers,0,3,3
Veryszoon,3,0,3
Veryta,0,3,3
Vesbiye,0,3,3
Vesco,3,0,3
Vesel,3,0,3
Veselinka,0,3,3
Veseljko,3,0,3
Vesh,3,0,3
Véshal,3,0,3
Veshana,0,3,3
Veshika,0,3,3
Veshna,0,3,3
Vesish,3,0,3
Veska,0,3,3
Veslemøy,0,3,3
Vespa,3,0,3
Vesper-James,0,3,3
Vespertinus,3,0,3
Vessaal,0,3,3
Vesse,3,0,3
Vesselinka,0,3,3
Vesselinova,0,3,3
Vessla,0,3,3
Vest,3,0,3
Vestar,3,0,3
Vestelao,3,0,3
Vesterd,3,0,3
Vestina,0,3,3
Vestine,0,3,3
Vesting,3,0,3
Vestrada,0,3,3
Vestris,0,3,3
Vesuvius,3,0,3
Vesvi,3,0,3
Vethara,0,3,3
Vétien,3,0,3
Veto,3,0,3
Veto-Love,3,0,3
Vetriselvan,0,3,3
Vettje,0,3,3
Veveca,0,3,3
Vevegène,0,3,3
Vevekanand,3,0,3
Veven,0,3,3
Vevier,3,0,3
Vevina,0,3,3
Vévine,0,3,3
Vevy,0,3,3
Vewina,0,3,3
Veya,0,3,3
Véyan,3,0,3
Véyda,0,3,3
Veydant,3,0,3
Veydion,3,0,3
Veyeata,0,3,3
Veyéna,0,3,3
Veyenn,0,3,3
Veyiscan,3,0,3
Veyishan,3,0,3
Veylinna,0,3,3
Veynsa,0,3,3
Veyreanth,3,0,3
Veyreanthy,0,3,3
Veysal,3,0,3
Veyselcan,3,0,3
Veyselozan,3,0,3
Veyshantley,0,3,3
Veyshently,3,0,3
Véza,0,3,3
Veza,0,3,3
Vezide,0,3,3
Vezir,3,0,3
Vezko,3,0,3
Vezna,0,3,3
Vezzaha,0,3,3
VFH,0,3,3
Vhanshika,0,3,3
Vharsa,0,3,3
Vharshiny,0,3,3
Vheer,3,0,3
Vheeragnhie,0,3,3
Vhennen,3,0,3
Vhenus,0,3,3
Vher,3,0,3
Vhergen,3,0,3
Vhernadette,0,3,3
Vhidia,0,3,3
Vhijai,3,0,3
Vhijee,3,0,3
Vhijhai,3,0,3
Vhikaash,3,0,3
Vhilma,0,3,3
Vhinnzee,3,0,3
Vhinoodj,3,0,3
Vhirania,0,3,3
Vhisal,3,0,3
Vhishaál,3,0,3
Vhishaal,3,0,3
Vhishall,3,0,3
Vhitani,0,3,3
Vhittaya,3,0,3
Vhynn,3,0,3
Vhyshěan,3,0,3
Vi'shall,3,0,3
Vi-Ann,0,3,3
Vi-annely,0,3,3
Vi-Hung,3,0,3
Vi-Jay,3,0,3
Vi-Nghia,3,0,3
Vi-Sie,0,3,3
Vi-Vinh,3,0,3
Viachaslav,3,0,3
Viacheslav,3,0,3
Viadosia,0,3,3
Viaggio,3,0,3
Viais,3,0,3
Vially,3,0,3
Viam,3,0,3
Viamara,0,3,3
Viancho,3,0,3
Vianda,0,3,3
Viandro,3,0,3
Viané,3,0,3
Vianellys,0,3,3
Vianely,0,3,3
Vianet,0,3,3
Viango,3,0,3
Vianice,0,3,3
Vianie,0,3,3
Vianity,0,3,3
Vianjana,0,3,3
Vianlo,3,0,3
Víann,0,3,3
Vianne-Rose,0,3,3
Vianniska,0,3,3
Vianno,3,0,3
Vians,0,3,3
Vianté,0,3,3
Vianthelys,0,3,3
Viantie,0,3,3
Vianxelléy,0,3,3
Viara,0,3,3
Viarela,0,3,3
Viatcheslavovitch,3,0,3
Viatie,0,3,3
Viaud,3,0,3
Vibart,3,0,3
Vibbe,0,3,3
Viberia,0,3,3
Vibhin,3,0,3
Vibhishan,3,0,3
Vibhor,3,0,3
Vibhu,3,0,3
Vibhuti,0,3,3
Vibian,3,0,3
Vibiana,0,3,3
Vibiano,3,0,3
Vibin,3,0,3
Vibrand,3,0,3
Vibushan,3,0,3
Vibuthi,0,3,3
Vibæk,3,0,3
Vic-Caesy,3,0,3
Vic-Hensly,3,0,3
Vic-Lisha,0,3,3
Vicardo,3,0,3
Vicario,3,0,3
Vicci,0,3,3
Vicdalis,0,3,3
Viçdan,0,3,3
Vicdriaan,3,0,3
Vicé,3,0,3
Viceante,3,0,3
Viceisza,0,3,3
Vicen,3,0,3
Vicenté,3,0,3
Vicentéo,3,0,3
Vicentha,0,3,3
Vicentie,3,0,3
Vićentije,3,0,3
Vicentiu,3,0,3
Vicènto,3,0,3
Vicenz,3,0,3
Vićenzo,3,0,3
Vichaan,3,0,3
Vichaia,0,3,3
Vichandro,3,0,3
Vichanté,3,0,3
Vichaya,0,3,3
Vicheka,0,3,3
Vichemely,0,3,3
Vichemy,0,3,3
Vichenny,0,3,3
Vichento,3,0,3
Vicherovano,3,0,3
Vichian,3,0,3
Vichjah,0,3,3
Vichmely,0,3,3
Vicia,0,3,3
Viciënté,0,3,3
Viciento,3,0,3
Viciny,3,0,3
Vickaash,3,0,3
Vickashkumar,3,0,3
Vickesh,3,0,3
Vickeysha,0,3,3
Vickeysi,0,3,3
Vickie-Sophie,0,3,3
Vickino,3,0,3
Vickneswaran,0,3,3
Vickrant,3,0,3
Vickson,3,0,3
Vicktorine,0,3,3
Vicktorya,0,3,3
Vicky-Lou,0,3,3
Vicky-Lynn,0,3,3
Vicky-Mari,0,3,3
Vicky-Rose,0,3,3
Vicky-Sue,0,3,3
Viclenne,0,3,3
Vicmar,3,0,3
Vicmerryl,0,3,3
Vicnald,3,0,3
Vicojan,3,0,3
Viconia,0,3,3
Vicotrinus,3,0,3
Vicra,0,3,3
Vicret,3,0,3
Victione,0,3,3
Victoor,3,0,3
Victór,3,0,3
Victor-Allard,3,0,3
Victor-Bastiaan,3,0,3
Victor-Emmanuel,3,0,3
Victor-Eugène,3,0,3
Victor-François,3,0,3
Victor-Hugo,3,0,3
Victor-Jean,3,0,3
Victor-Lolke,3,0,3
Victor-Louis,3,0,3
Victor-Luc,3,0,3
Victor-Ole,3,0,3
Victor-Paul,3,0,3
Victor-Ronald,3,0,3
Victora,0,3,3
Victoras,3,0,3
Victore,0,3,3
Victorena,0,3,3
Victoresse,0,3,3
Victori,0,3,3
Victoria-Ana,0,3,3
Victoria-Antoinette,0,3,3
Victoria-Elisabeth,0,3,3
Victoria-Josephine,0,3,3
Victoria-Loren,0,3,3
Victoria-Milanda,0,3,3
Victoria-Valentina,0,3,3
Victoria-Vayana,0,3,3
Victoriane,0,3,3
Victoriani,3,0,3
Victorianie,3,0,3
Victoriann,0,3,3
Victorianna,0,3,3
Victorianne,0,3,3
Victoriasummer,0,3,3
Victorientje,0,3,3
Victorija,0,3,3
Victorijn,0,3,3
Victorinne,0,3,3
Victorious,3,0,3
Victorique,0,3,3
Victoriya-Aurora,0,3,3
Victoriyah,0,3,3
Victorja,0,3,3
Victoro,3,0,3
Victorovitch,3,0,3
Victorszoon,3,0,3
Victorus,3,0,3
Victoryn,0,3,3
Victoryne,0,3,3
Victriana,0,3,3
Victricius,3,0,3
Victurin,0,3,3
Vicx,3,0,3
Vicyanty,0,3,3
Vidá,0,3,3
Vida-Mari,0,3,3
Vidah,0,3,3
Vidaijperkas,3,0,3
Vidalia,0,3,3
Vidalien,0,3,3
Vidaluz,0,3,3
Vidami,0,3,3
Vidana,0,3,3
Vidand,3,0,3
Vidar-Roald,3,0,3
Vidarthi,0,3,3
Vidary,0,3,3
Vidas,3,0,3
Vidaveshaney,0,3,3
Viddhant,3,0,3
Videhatanaya,0,3,3
Videla,3,0,3
Videlia,0,3,3
Vidés,0,3,3
Videsehini,0,3,3
Videsha,0,3,3
Videshkumar,3,0,3
Videshni,0,3,3
Videt,0,3,3
Vidhartadevi,0,3,3
Vidharth,3,0,3
Vidhatrie,0,3,3
Vidhesh,3,0,3
Vidhia,0,3,3
Vidhika,0,3,3
Vidhiya,0,3,3
Vidhuna,0,3,3
Vidhura,3,0,3
Vidhure,3,0,3
Vidhusan,3,0,3
Vidhyaa,0,3,3
Vidien,0,3,3
Vidier,3,0,3
Vidijadat,3,0,3
Vidijadebhie,0,3,3
Vidijadebie,0,3,3
Vidijotema,0,3,3
Vidil,3,0,3
Vidip,3,0,3
Vidit,3,0,3
Vidita,0,3,3
Vidiyadevi,0,3,3
Vidiyadewi,0,3,3
Vidjadevi,0,3,3
Vidjai-Prakaash,3,0,3
Vidjai-Ravin,3,0,3
Vidjaianti,0,3,3
Vidjaiendra,3,0,3
Vidjaij,3,0,3
Vidjaiperkash,3,0,3
Vidjaipersad,3,0,3
Vidjaishri,0,3,3
Vidjaj,3,0,3
Vidjakoemarie,0,3,3
Vidjankumar,3,0,3
Vidjant,3,0,3
Vidjantidevi,0,3,3
Vidjantie,0,3,3
Vidjany,3,0,3
Vidjawatie,0,3,3
Vidjay-koemar,3,0,3
Vidjaykumar,3,0,3
Vidjaypersad,3,0,3
Vidjé,3,0,3
Vidjeh,3,0,3
Vidjenderkoemar,3,0,3
Vidjenderpersad,3,0,3
Vidjendrakumar,3,0,3
Vidjendre,3,0,3
Vidjentiemala,0,3,3
Vidjera,0,3,3
Vidjes,3,0,3
Vidjesh,3,0,3
Vidjeta,0,3,3
Vidjiantie,0,3,3
Vidjindrakoemar,3,0,3
Vidjindranath,3,0,3
Vidjindrekumar,3,0,3
Vidjinti,0,3,3
Vidjintie,0,3,3
Vidjinty,0,3,3
Vidjitma,0,3,3
Vidnant,3,0,3
Vidoc,3,0,3
Vidonia,0,3,3
Vidonnilian,3,0,3
Vidperkash,3,0,3
Vidrani,0,3,3
Vidriyana,0,3,3
Vidurprakash,3,0,3
Vidursa,0,3,3
Vidush,3,0,3
Vidushi,0,3,3
Vidvuds,3,0,3
Vidwatie,0,3,3
Vidwaynley,3,0,3
Vidya-Kiran,0,3,3
Vidyadhaar,3,0,3
Vidyadhar,3,0,3
Vidyakiran,0,3,3
Vidyakoemarie,0,3,3
Vidyalakshmi,0,3,3
Vidyalaksmi,0,3,3
Vidyana,0,3,3
Vidyapahal,0,3,3
Vidyapriya,0,3,3
Vidyaranya,3,0,3
Vidyasagar,3,0,3
Vidyata,0,3,3
Vidyavatie,0,3,3
Vidyawati,0,3,3
Vidyawatie,0,3,3
Vidyeen,3,0,3
Vidyotema,0,3,3
Vidyotma,0,3,3
Vidyut,3,0,3
Vieana,0,3,3
Vieanna,0,3,3
Viec,3,0,3
Viecente,3,0,3
Viecenté,3,0,3
Viëchel,0,3,3
Vieckyana,0,3,3
Viedjai,3,0,3
Viedjaianand,3,0,3
Viedjaikoemar,3,0,3
Viedjaita,0,3,3
Viedjantie,0,3,3
Vieënna,0,3,3
Viegas,3,0,3
Vieïra,0,3,3
Vieiro,3,0,3
Vieitheley,0,3,3
Vieje,0,3,3
Viejendrakumar,3,0,3
Viekash,3,0,3
Viela,0,3,3
Viella,0,3,3
Viëlle,0,3,3
Vièly,0,3,3
Viemen,3,0,3
Viên,3,0,3
Viën-Angely,0,3,3
Viéna,0,3,3
Vièna,0,3,3
Viëna,0,3,3
Viënah,0,3,3
Vienayek,3,0,3
Vience,3,0,3
Viënceley,0,3,3
Viencent,3,0,3
Viëndaline,0,3,3
Viëndymar,3,0,3
Viéne,0,3,3
Viënely,0,3,3
Viengenon,0,3,3
Vienita,0,3,3
Vienja,0,3,3
Viénn,0,3,3
Vienn,0,3,3
Viênna,0,3,3
Vienna-Noëlle,0,3,3
Viënna-Rishainy,0,3,3
Vienna-Rose,0,3,3
Viennalyn,0,3,3
Viennaty,0,3,3
Vienne-Lien,0,3,3
Viënnelyesa,0,3,3
Viënnetty,0,3,3
Viënnety,0,3,3
Viënney,0,3,3
Viënno,3,0,3
Vienno,3,0,3
Viënnshemar,3,0,3
Vienodkoemar,3,0,3
Viënomar,3,0,3
Vienoodjkoemar,3,0,3
Vienoula,0,3,3
Viënsca,0,3,3
Viënshela,0,3,3
Viëntciana,0,3,3
Viëntly,0,3,3
Viènto,3,0,3
Viento,3,0,3
Vienvenido,3,0,3
Vienza,3,0,3
Viënzo,3,0,3
Vieradjkumar,3,0,3
Vieret,3,0,3
Viergelie,0,3,3
Viërieke,0,3,3
Vierish,3,0,3
Vierjilia,0,3,3
Vierli,0,3,3
Viermasari,0,3,3
Viérna,0,3,3
Viernes,0,3,3
Vieroza,0,3,3
Vièrra,0,3,3
Viërra,0,3,3
Vierro,3,0,3
Vierroza,0,3,3
Viersen,3,0,3
Viet-Bao,3,0,3
Viet-Hieu,3,0,3
Viet-Phuong,3,0,3
Vietchau,0,3,3
Vietehinh,3,0,3
Viètha,0,3,3
Viethoa,3,0,3
Vietlan,0,3,3
Viëtto,3,0,3
Viettran,3,0,3
Vieuxen,3,0,3
Vieuxena,0,3,3
Vieven,0,3,3
Vieveyen,0,3,3
Vieviana,0,3,3
Vievienne,0,3,3
Viévo,3,0,3
Vievvian,0,3,3
Vieyanca,0,3,3
Vieyen,0,3,3
Vifee,0,3,3
Vigaylaxmi,0,3,3
Vigberto,3,0,3
Vigdus,0,3,3
Vigelanto,3,0,3
Vigelio,3,0,3
Vigenzo,3,0,3
Viger,3,0,3
Vigerine,0,3,3
Vigéva,0,3,3
Vigeva,0,3,3
Vigga,0,3,3
Vigge,3,0,3
Viggio,3,0,3
Viggon,3,0,3
Vighneshparshad,3,0,3
Vighneshvar,3,0,3
Vigi,0,3,3
Vigilante,0,3,3
Vigilio,3,0,3
Vigillio,3,0,3
Vigin,3,0,3
Viginie,3,0,3
Vigita,0,3,3
Vigitha,0,3,3
Vigiyano,3,0,3
Vigjilent,3,0,3
Viglécia,0,3,3
Vigneash,3,0,3
Vigneshwar,3,0,3
Vignola,0,3,3
Vigny,3,0,3
Vigoleis,3,0,3
Vigon,3,0,3
Vigorito,3,0,3
Vigour,3,0,3
Vigoux,3,0,3
Vigril,3,0,3
Vigrin,3,0,3
Vigyananand,3,0,3
Vihanga,3,0,3
Vihara,0,3,3
Vihdjai,3,0,3
Vihensley,3,0,3
Vihindrenath,3,0,3
Vihouassi,3,0,3
Vihru,3,0,3
Vihshal,3,0,3
Viima,0,3,3
Viimon,3,0,3
Vijaianand,3,0,3
Vijaijanand,3,0,3
Vijaijandra,3,0,3
Vijaikumar,3,0,3
Vijailalitha,0,3,3
Vijailaxmi,0,3,3
Vijainely,0,3,3
Vijainti,0,3,3
Vijainty,0,3,3
Vijaipalsingh,3,0,3
Vijaipersad,3,0,3
Vijairaj,3,0,3
Vijaishree,0,3,3
Vijaishri,0,3,3
Vijaiyeta,0,3,3
Vijaj,3,0,3
Vijajkoemar,3,0,3
Vijal,3,0,3
Víjan,0,3,3
Vijandranath,3,0,3
Vijandtiemala,0,3,3
Vijanta,0,3,3
Vijantidevi,0,3,3
Vijantidewi,0,3,3
Vijantie-debie,0,3,3
Vijantiparveen,0,3,3
Vijawatie,0,3,3
Vijay-Jayden,3,0,3
Vijay-Lakshmi,0,3,3
Vijay-Persaud,3,0,3
Vijayadebie,0,3,3
Vijayant,3,0,3
Vijayanthimala,0,3,3
Vijayashalinidevi,0,3,3
Vijayata,0,3,3
Vijayen,3,0,3
Vijayend,3,0,3
Vijayendre,3,0,3
Vijayindra,3,0,3
Vijaykanth,3,0,3
Vijayshree,0,3,3
Vijaytadebie,0,3,3
Vijaytha,0,3,3
Vijayva,0,3,3
Vijco,3,0,3
Vijeandra,3,0,3
Vijeendra,3,0,3
Vijekumar,3,0,3
Vijella,0,3,3
Vijelle,0,3,3
Vijen,3,0,3
Vijencio,3,0,3
Vijenderkoemar,3,0,3
Vijenderkumar,3,0,3
Vijendradatt,3,0,3
Vijendrapersad,3,0,3
Vijendrasingh,3,0,3
Vijendrekapoor,3,0,3
Vijendrekumar,3,0,3
Vijendresingh,3,0,3
Vijenta,0,3,3
Vijentidevi,0,3,3
Vijerco,3,0,3
Vijerendrakumar,3,0,3
Vijerncio,3,0,3
Vijesh,3,0,3
Vijeshkumar,3,0,3
Vijettha,0,3,3
Viji,3,0,3
Vijientis,0,3,3
Vijind,3,0,3
Vijinderkumar,3,0,3
Vijindrakumar,3,0,3
Vijindrapersad,3,0,3
Vijindrenaraien,3,0,3
Vijinhtiemala,0,3,3
Vijinthan,3,0,3
Vijisan,3,0,3
Vijith,3,0,3
Vijiyaganthan,3,0,3
Vijjata,0,3,3
Vijjaylakshmi,0,3,3
Vijo,3,0,3
Vijojla,0,3,3
Vijolet,0,3,3
Vijolite,0,3,3
Vijondita,0,3,3
Vijoylaxmi,0,3,3
Viju,3,0,3
Vijuna,0,3,3
Vijverantje,0,3,3
Vijvertje,0,3,3
Vik-Hendrik,3,0,3
Vikaas,3,0,3
Vikaash-Ajhai,3,0,3
Vikacsh,3,0,3
Vikahs,3,0,3
Vikan,3,0,3
Vikant,3,0,3
Vikar,3,0,3
Vikaran,3,0,3
Vikarmadiet,3,0,3
Vikas-Anand,3,0,3
Vikash-Junior,3,0,3
Vikashanand,3,0,3
Vikashini,0,3,3
Vikashpersad,3,0,3
Vikaskoemar,3,0,3
Vike,3,0,3
Viken,3,0,3
Vikeshkoemaar,3,0,3
Vikish,3,0,3
Vikishperkash,3,0,3
Vikita,0,3,3
Vikke,0,3,3
Vikramanand,3,0,3
Vikramark,3,0,3
Vikramjitsing,3,0,3
Vikrantsingh,3,0,3
Vikre,3,0,3
Vikrí,3,0,3
Vikri,3,0,3
Vikrim,3,0,3
Viktarauna,0,3,3
Viktaravich,3,0,3
Viktoor,3,0,3
Víktor,3,0,3
Viktor-Valerie,3,0,3
Viktoria-Sophie,0,3,3
Viktoriana,0,3,3
Viktorianie,3,0,3
Viktorien,0,3,3
Viktorin,3,0,3
Viktorio,3,0,3
Viktorius,3,0,3
Viktorivna,0,3,3
Viktorya,0,3,3
Vil,0,3,3
Vilaj,0,3,3
Vilajat,3,0,3
Vilakshni,0,3,3
Vilana,0,3,3
Vílano,3,0,3
Vilantino,3,0,3
Vilarmino,3,0,3
Vilasini,0,3,3
Vilawan,0,3,3
Vilaya,0,3,3
Vilayshnie,0,3,3
Vilde,0,3,3
Vilèm,3,0,3
Vilèna,0,3,3
Vilence,3,0,3
Vilène,0,3,3
Vilenso,3,0,3
Vileske,0,3,3
Viletta,0,3,3
Vileyna,0,3,3
Vileyne,0,3,3
Vilhelmiina,0,3,3
Vilhermina,0,3,3
Viliamina,0,3,3
Vilicean,0,3,3
Vilidia,0,3,3
Viliën,0,3,3
Vilijne,0,3,3
Vilikmas,0,3,3
Vilincia,0,3,3
Vilio,3,0,3
Viliona,0,3,3
Vilitio,3,0,3
Vilitzano,3,0,3
Vilius,3,0,3
Viljami,3,0,3
Viljar,3,0,3
Vilka,0,3,3
Vilko,3,0,3
Vill,3,0,3
Villamor,3,0,3
Villani,0,3,3
Villano,3,0,3
Villanueva,3,0,3
Villarosa,0,3,3
Villas,3,0,3
Villegas,3,0,3
Villenova,0,3,3
Villeri,0,3,3
Villerine,0,3,3
Villeroy,3,0,3
Villiano,3,0,3
Villibaldo,3,0,3
Villiénne,0,3,3
Villiny,0,3,3
Villix,3,0,3
Villő,0,3,3
Villosa,0,3,3
Villyvian,3,0,3
Vilmor,3,0,3
Vilna,0,3,3
Vilnette,0,3,3
Vilochana,0,3,3
Vilon,3,0,3
Viloria,0,3,3
Vilouella,0,3,3
Viluca,3,0,3
Viluška,0,3,3
Vilynne,0,3,3
Vimalachandran,0,3,3
Vimalakumarie,0,3,3
Vimaro,3,0,3
Vimawatie,0,3,3
Vimé,0,3,3
Vimel,3,0,3
Vimersh,3,0,3
Vimi,0,3,3
Vimilgiah,0,3,3
Vimisha,0,3,3
Vimladevi,0,3,3
Vimlawatie,0,3,3
Vimmer,3,0,3
Vimmetje,0,3,3
Vimpi,3,0,3
Vinaash,3,0,3
Vinada,0,3,3
Vinaika,0,3,3
Vinaisa,0,3,3
Vinaishely,0,3,3
Vinajeh,3,0,3
Vinal,3,0,3
Viñales,0,3,3
Vinamr,3,0,3
Vinamra,0,3,3
Vinan,0,3,3
Vinande,0,3,3
Vinandkumar,3,0,3
Vinando,3,0,3
Vinarai,0,3,3
Vinas,0,3,3
Vinashak,3,0,3
Vinashayer,0,3,3
Vinay-Anand,3,0,3
Vinay-Kumar,3,0,3
Vinayaaka,3,0,3
Vinayaka,3,0,3
Vinaychand,3,0,3
Vinayek,3,0,3
Vinayh,3,0,3
Vinayk,3,0,3
Vinaynarain,3,0,3
Vinaysandeepkoemar,3,0,3
Vinayshaly,0,3,3
Vinaysharma,3,0,3
Vinaysing,3,0,3
Vinaysingh,3,0,3
Vinbjerg,3,0,3
Vincaron,3,0,3
Vincas,3,0,3
Vincci,3,0,3
Vince-Jan,3,0,3
Vince-John,3,0,3
Vince-Matthew,3,0,3
Vince-Patrick,3,0,3
Vince-Romano,3,0,3
Vinceabi,3,0,3
Vincejan,3,0,3
Vincenc,3,0,3
Vincěnc,3,0,3
Vincenca,0,3,3
Vinčenco,3,0,3
Vincend,3,0,3
Vincendt,3,0,3
Vincensa,0,3,3
Vincensia,0,3,3
Vincensius,3,0,3
Vincenske,0,3,3
Vincént,3,0,3
Vincènt,3,0,3
Vincent-Alexander,3,0,3
Vincent-André,3,0,3
Vincent-Bas,3,0,3
Vincent-Ilian,3,0,3
Vincent-Jan,3,0,3
Vincent-Jay,3,0,3
Vincent-Julien,3,0,3
Vincent-Martijn,3,0,3
Vincent-Mathys,3,0,3
Vincent-Maurits,3,0,3
Vincent-Paolo,3,0,3
Vincent-Valentijn,3,0,3
Vincent-Wan,3,0,3
Vincentas,3,0,3
Vincentian,3,0,3
Vincentinio,3,0,3
Vincently,3,0,3
Vincentovna,0,3,3
Vincents,3,0,3
Vincenzia,0,3,3
Vincenzius,3,0,3
Vincere,3,0,3
Vinceska,0,3,3
Vinchaily,0,3,3
Vinchenza,0,3,3
Vinchenzio,3,0,3
Vinchy,3,0,3
Vincienna,0,3,3
Vinciento,3,0,3
Vinciènzo,3,0,3
Vincienzo,3,0,3
Vincina,0,3,3
Vincino,3,0,3
Vincintius,3,0,3
Vincishon,3,0,3
Vincjento,3,0,3
Vincley,3,0,3
Vincoly,3,0,3
Vincyara,0,3,3
Vincze,3,0,3
Vinczentio,3,0,3
Vinda,0,3,3
Vindani,3,0,3
Vinde,0,3,3
Vinder,0,3,3
Vindette,0,3,3
Vindhawatie,0,3,3
Vindheshwari,0,3,3
Vindhya-Vasini,0,3,3
Vindhyavasnie,0,3,3
Vindicia,0,3,3
Vindjenzo,3,0,3
Vindo,3,0,3
Vindonia,0,3,3
Vindu,0,3,3
Vindur,0,3,3
Vindy,3,0,3
Vineath,3,0,3
Vineesh,3,0,3
Vineet,3,0,3
Vineeta,0,3,3
Vinel,0,3,3
Vinella,0,3,3
Vinello,3,0,3
Vinen,3,0,3
Vinencia,0,3,3
Vinencio,3,0,3
Vinenzo,3,0,3
Vinera,3,0,3
Vinesan,3,0,3
Vinésh,3,0,3
Vineshkoemar,3,0,3
Vineshkumar,3,0,3
Vineshma,0,3,3
Vineshwar,3,0,3
Vineth,3,0,3
Vinetia,0,3,3
Vinetrie,0,3,3
Vinetta,0,3,3
Vinexa,0,3,3
Ving,3,0,3
Vinga,3,0,3
Vingel,3,0,3
Vingency,0,3,3
Vingenza,0,3,3
Vingiano,3,0,3
Vingin,0,3,3
Vinginho,3,0,3
Vinginio,3,0,3
Vinginnio,3,0,3
Vingo,3,0,3
Vingon,3,0,3
Vĩnh,3,0,3
Vinh-Dat,3,0,3
Vinh-Phuc,3,0,3
Viniccio,3,0,3
Vinice,0,3,3
Viniciano,3,0,3
Vinida,0,3,3
Viñina,0,3,3
Viñino,3,0,3
Vinique,0,3,3
Vinira,0,3,3
Vinishkoemar,3,0,3
Vinishpersad,3,0,3
Vinisio,3,0,3
Vinita-Dewie,0,3,3
Vinitadevi,0,3,3
Vinith,3,0,3
Vinithan,3,0,3
Vinitia,0,3,3
Vinitzio,3,0,3
Vinizano,3,0,3
Vinizio,3,0,3
Vinjano,3,0,3
Vinjaydrick,3,0,3
Vinje,3,0,3
Vinki,3,0,3
Vinly,3,0,3
Vinn-Gianni,3,0,3
Vinn-Jaxx,3,0,3
Vinn-jay,3,0,3
Vinn-Jay,3,0,3
Vinnay,3,0,3
Vinneke,0,3,3
Vinnett,0,3,3
Vinngiano,3,0,3
Vinnita,0,3,3
Vinny-Luis,3,0,3
Vinny-Ray,3,0,3
Vinochen,3,0,3
Vinodhkoemar,3,0,3
Vinodhkumar,3,0,3
Vinodjkumar,3,0,3
Vinodjunior,3,0,3
Vinodprakash,3,0,3
Vinodshing,3,0,3
Vinodsing,3,0,3
Vinogini,0,3,3
Vinojan,3,0,3
Vinooh,3,0,3
Vinoothan,3,0,3
Vinosh,3,0,3
Vinoshan,3,0,3
Vinoshikan,3,0,3
Vinotch,3,0,3
Vinotha,0,3,3
Vinothan,3,0,3
Vinoud,3,0,3
Vinouth,3,0,3
Vinsen,3,0,3
Vinsenca,0,3,3
Vinsense,0,3,3
Vinsensia,0,3,3
Vinsenzo,3,0,3
Vinshaïro,3,0,3
Vinsje,0,3,3
Vinsley,3,0,3
Vinsten,3,0,3
Vinston,3,0,3
Vint,3,0,3
Vintage,0,3,3
Vintain,3,0,3
Vintcen,3,0,3
Vinten,3,0,3
Vintenzo,3,0,3
Vintjenzo,3,0,3
Vinto,3,0,3
Vinton,3,0,3
Vintujan,3,0,3
Vinuk,3,0,3
Vinushka,0,3,3
Vinxk,3,0,3
Vinyairo,3,0,3
Vinyan,3,0,3
Vinyara,0,3,3
Vinyard,3,0,3
Vinyaro,3,0,3
Vinycio-Ali,3,0,3
Vinyo,3,0,3
Vinza,0,3,3
Vinze,3,0,3
Vinzen,3,0,3
Vinzenco,3,0,3
Vinzent,3,0,3
Vinzey,3,0,3
Vinzonio,3,0,3
Vinzy,3,0,3
Vinzz,3,0,3
Vio,0,3,3
Vio-Jean,3,0,3
Viogerline,0,3,3
Viokla,0,3,3
Violá,0,3,3
Viola-Marie,0,3,3
Viola-Vera,0,3,3
Violande,0,3,3
Violanka,0,3,3
Violanthe,0,3,3
Violata,0,3,3
Violaure,0,3,3
Violdalisa,0,3,3
Viole,0,3,3
Violence,3,0,3
Violène,0,3,3
Violente,0,3,3
Violéta,0,3,3
Violete,0,3,3
Violetti,0,3,3
Violeyne,0,3,3
Violieke,0,3,3
Violien,0,3,3
Violientje,0,3,3
Violieske,0,3,3
Violijn,0,3,3
Violín,0,3,3
Violinie,0,3,3
Viomar,3,0,3
Viomi,0,3,3
Viona-Lissa,0,3,3
Vionaisa,0,3,3
Vionan,3,0,3
Vionella,0,3,3
Vionessa,0,3,3
Vionetta,0,3,3
Vionette,0,3,3
Vioney,0,3,3
Vioni,0,3,3
Vionique,0,3,3
Vionny,0,3,3
Viooleta,0,3,3
Viordy-Sean,3,0,3
Viorensa,0,3,3
Viorenza,0,3,3
Viorina,0,3,3
Viors,3,0,3
Vioseph,3,0,3
Viotta,3,0,3
Vipásha,3,0,3
Vipin,3,0,3
Viponssi,0,3,3
Vipratha,0,3,3
Viqaas,3,0,3
Viqas,3,0,3
Viqh,3,0,3
Viquel,3,0,3
Viquera,0,3,3
Viraadj,3,0,3
Viraan,3,0,3
Virachandra,3,0,3
Viradjpersad,3,0,3
Virag,0,3,3
Viragani,0,3,3
Virage,3,0,3
Viraghanie,0,3,3
Virah,3,0,3
Virai,3,0,3
Virainey,0,3,3
Viraïsa,0,3,3
Viraischa,0,3,3
Viraisham,3,0,3
Viraishree,0,3,3
Viraj-Prakash,3,0,3
Virakboth,3,0,3
Viral,3,0,3
Virañća,3,0,3
Viranchi,3,0,3
Viranda,0,3,3
Virandia,0,3,3
Virandjanie,0,3,3
Virandré-Veersingh,3,0,3
Virangna,0,3,3
Virania,0,3,3
Viranjana,0,3,3
Viranoe,0,3,3
Virashany,0,3,3
Virashni-devi,0,3,3
Virashny,0,3,3
Virashrie,0,3,3
Virashtri,0,3,3
Virasni,0,3,3
Virāta,3,0,3
Viratraj,3,0,3
Viraykumar,3,0,3
Virayshree,0,3,3
Virayshri,0,3,3
Virbhadr,3,0,3
Virbikarmadjiet,3,0,3
Virchilia,0,3,3
Vircinio,3,0,3
Virdaus,0,3,3
Virdeliny,0,3,3
Virdhanand,3,0,3
Virdi,3,0,3
Virdis,0,3,3
Virdjana,0,3,3
Virdo,3,0,3
Vire,0,3,3
Viré,0,3,3
Virea,0,3,3
Vireakboth,3,0,3
Vireauny,0,3,3
Vireel,0,3,3
Vireen,3,0,3
Virekha,0,3,3
Virén,3,0,3
Virenchee,0,3,3
Virendar,3,0,3
Virendershein,3,0,3
Virendersing,3,0,3
Virendranath,3,0,3
Virendrasing,3,0,3
Virendre-Krishan,3,0,3
Virendrekrishan,3,0,3
Virendresingh,3,0,3
Virendri,0,3,3
Virendrija,0,3,3
Virène,0,3,3
Vireneley,0,3,3
Virenzo,3,0,3
Viresena,0,3,3
Viresh-Prekash,3,0,3
Viresh-Saran,3,0,3
Viresha,0,3,3
Vireshkapoor,3,0,3
Vireshkoemar,3,0,3
Vireshmakumari,0,3,3
Vireshna,0,3,3
Vireshpersad,3,0,3
Vireshsingh,3,0,3
Vireshvar,3,0,3
Vireskoemar,3,0,3
Vireskumar,3,0,3
Virgail,3,0,3
Virgël,3,0,3
Virgél,0,3,3
Virgènie,0,3,3
Virgéno,3,0,3
Virgentia,0,3,3
Virghil,3,0,3
Virgi,0,3,3
Virgial,3,0,3
Virgian,0,3,3
Virgianna,0,3,3
Virgien,0,3,3
Virgil-Amber,3,0,3
Virgil-Lorenzo,3,0,3
Virgil-Roy,3,0,3
Virgil-Srianto,3,0,3
Virgiliane,0,3,3
Virgilione,3,0,3
Virgille,0,3,3
Virgillea,0,3,3
Virgillina,0,3,3
Virgillino,3,0,3
Virgillion,3,0,3
Virgilo,3,0,3
Virgily,0,3,3
Virgiña,0,3,3
Virginae,0,3,3
Virginea,3,0,3
Virginédith,0,3,3
Virginia-Maria,0,3,3
Virginic,0,3,3
Virginié,0,3,3
Virginiea,0,3,3
Virginija,0,3,3
Virginnie,0,3,3
Virginnio,3,0,3
Virginny,0,3,3
Virgjenzo,3,0,3
Virgyl,3,0,3
Virgynia,0,3,3
Viriana,0,3,3
Virida,0,3,3
Virieke,0,3,3
Viriël,0,3,3
Virien,3,0,3
Viriëtty,0,3,3
Virika,0,3,3
Virilia,0,3,3
Virilla,0,3,3
Virind,3,0,3
Virindadebie,0,3,3
Virindere,3,0,3
Virinderkumar,3,0,3
Virinderperkash,3,0,3
Virinderprakash,3,0,3
Virindhra,3,0,3
Virindrasing,3,0,3
Virindrekumar,3,0,3
Virinia,0,3,3
Virinkoemar,3,0,3
Virinkumar,3,0,3
Virisha,0,3,3
Virishkoemar,3,0,3
Viriya,0,3,3
Viriyan,3,0,3
Virja,3,0,3
Virjillia,0,3,3
Virjuliënne,0,3,3
Virlana,0,3,3
Virle,0,3,3
Virliano,3,0,3
Virly,0,3,3
Virlyn,0,3,3
Virmary,0,3,3
Virnaily-Ann,0,3,3
Virnalini,0,3,3
Virnalissa,0,3,3
Virnalizy,0,3,3
Virnamrata,0,3,3
Virne,0,3,3
Virnesh,3,0,3
Virni,0,3,3
Virny,3,0,3
Viroen,3,0,3
Viroline,0,3,3
Viron,3,0,3
Virona,0,3,3
Virone,0,3,3
Vironica,0,3,3
Vironus,3,0,3
Viroon,3,0,3
Viros,3,0,3
Virosa,0,3,3
Virosh,3,0,3
Viroslav,3,0,3
Virouch,3,0,3
Virozagatoen,0,3,3
Virraj,3,0,3
Virsha,0,3,3
Virshaan,3,0,3
Virshendel,3,0,3
Virte,0,3,3
Virtòn,3,0,3
Virtu,3,0,3
Virtus,3,0,3
Viru,3,0,3
Virusha,0,3,3
Virva,0,3,3
Virve,0,3,3
Virya,0,3,3
Viryanand,3,0,3
Visaal,3,0,3
Visaina,0,3,3
Visaira,0,3,3
Visaka,0,3,3
Visakha,0,3,3
Visanne,0,3,3
Visar,3,0,3
Vischwanand,3,0,3
Vise,3,0,3
Visente,3,0,3
Visenzza,0,3,3
Visesh,3,0,3
Višeslav,3,0,3
Viseth,3,0,3
Viseydra,0,3,3
Vishaali,0,3,3
Vishai,3,0,3
Vishal-Kapoor,3,0,3
Vishala,0,3,3
Vishaldath,3,0,3
Vishaldeep,3,0,3
Vishalkumar,3,0,3
Vishally,0,3,3
Vishalsing,3,0,3
Vishalya,0,3,3
Visham,3,0,3
Vishanath,3,0,3
Vishānt,3,0,3
Vishanth,3,0,3
Vishantie,0,3,3
Vishantkoemar,3,0,3
Vishantrie,0,3,3
Vishantsingh,3,0,3
Vishanty,0,3,3
Vishanu,3,0,3
Vishanvi,0,3,3
Visharad,3,0,3
Vishayam,3,0,3
Vishayl,3,0,3
Vishchal,3,0,3
Visheal,3,0,3
Vishek,3,0,3
Vishen,3,0,3
Vishendra,3,0,3
Vishes,3,0,3
Visheshanand,3,0,3
Visheshti,0,3,3
Visheshvar,3,0,3
Vishin,3,0,3
Vishisht,3,0,3
Vishista,0,3,3
Vishisth,3,0,3
Vishitra,0,3,3
Vishjaal,3,0,3
Vishmawatie,0,3,3
Vishna,3,0,3
Vishnudarpan,3,0,3
Vishnudat,3,0,3
Vishnujan,3,0,3
Vishnuka,0,3,3
Vishnukoemar,3,0,3
Vishnumitre,3,0,3
Vishnunath,3,0,3
Vishnuprasad,3,0,3
Vishnuprithvy,3,0,3
Vishnusharma,3,0,3
Vishnuwatie,0,3,3
Vishodhan,3,0,3
Vishoe,3,0,3
Vishrantkumar,3,0,3
Vishuamyntré,3,0,3
Vishudda,0,3,3
Vishudhanand,3,0,3
Vishuvanath,3,0,3
Vishuwant,3,0,3
Vishvaani,0,3,3
Vishvadew,3,0,3
Vishvah,3,0,3
Vishvam,3,0,3
Vishvamitra,3,0,3
Vishvan,3,0,3
Vishvanant,3,0,3
Vishvanee,0,3,3
Vishvanidevi,0,3,3
Vishvany,0,3,3
Vishvaraaj,3,0,3
Vishvaraj,3,0,3
Vishvarupa,0,3,3
Vishvash,3,0,3
Vishvayanti,0,3,3
Vishveanand,3,0,3
Vishvenath,3,0,3
Vishvepertab,3,0,3
Vishvirendre,3,0,3
Vishwaamitra,3,0,3
Vishwaas,3,0,3
Vishwah,3,0,3
Vishwahari,3,0,3
Vishwakarma,0,3,3
Vishwam,3,0,3
Vishwamitra,3,0,3
Vishwamurti,3,0,3
Vishwand,3,0,3
Vishwani,0,3,3
Vishwaperkash,3,0,3
Vishwapreet,3,0,3
Vishwapriya,0,3,3
Vishwaraj,3,0,3
Vishwasagar,0,3,3
Vishweanand,3,0,3
Vishwejeet,3,0,3
Vishwekarma,3,0,3
Vishwelal,3,0,3
Vishweshvaraya,3,0,3
Visiana,0,3,3
Vision,3,0,3
Visitacion,0,3,3
Visitanda,0,3,3
Visjnoe,3,0,3
Visnja,0,3,3
Višnja,0,3,3
Visnoe,3,0,3
Visnu,3,0,3
Visnupersad,3,0,3
Visnuwarthan,3,0,3
Vissarion,3,0,3
Visvaldis,3,0,3
Visvam,3,0,3
Visvanatha,3,0,3
Viswe,3,0,3
Vitá,0,3,3
Vita-Nova,0,3,3
Vita-Richelle,0,3,3
Vitace,3,0,3
Vitaike,3,0,3
Vital'evna,0,3,3
Vital-Vishal,3,0,3
Vitaley,3,0,3
Vitalian,3,0,3
Vitalianus,3,0,3
Vitalii,0,3,3
Vitalik,3,0,3
Vitalio,3,0,3
Vitaliy,3,0,3
Vitaliya,0,3,3
Vitaliyivna,0,3,3
Vitaljevitsj,3,0,3
Vitally,0,3,3
Vìtaly,3,0,3
Vitalya,0,3,3
Vitalyc,3,0,3
Vitano,3,0,3
Vitany,0,3,3
Vitar,3,0,3
Vitara,0,3,3
Vitautas,3,0,3
Vitayero,3,0,3
Vitchayada,0,3,3
Vitchel,3,0,3
Vite,0,3,3
Viteesh,3,0,3
Vitek,3,0,3
Viteliano,3,0,3
Viterbo,3,0,3
Vitèsh,3,0,3
Viteshkoemar,3,0,3
Vitessa,0,3,3
Vithal,3,0,3
Vithalia,0,3,3
Vithara,3,0,3
Vithida,0,3,3
Vithleem,0,3,3
Vithry,0,3,3
Vithuirsan,3,0,3
Vithujan,3,0,3
Vithursa,0,3,3
Vithurshan,3,0,3
Vithursika,0,3,3
Vithusha,0,3,3
Vithushalan,3,0,3
Vithushanth,3,0,3
Vithuya,0,3,3
Vithuyan,3,0,3
Vithya,0,3,3
Viti,0,3,3
Vitia,0,3,3
Vitiangela,0,3,3
Vitiënce,3,0,3
Vitièra,0,3,3
Vitin,3,0,3
Vitina,0,3,3
Vitisha,3,0,3
Vitjenzo,3,0,3
Vitken,3,0,3
Vitlen,3,0,3
Vito-Nolan,3,0,3
Vitofannes,3,0,3
Vitold,3,0,3
Vitór,3,0,3
Vítor,3,0,3
Vitori,3,0,3
Vítoria,0,3,3
Vitoriano,3,0,3
Vitorina,0,3,3
Vitório,3,0,3
Vitorrio,3,0,3
Vitoya,0,3,3
Vitre,0,3,3
Vitrea,3,0,3
Vitri,0,3,3
Vitrina,3,0,3
Vitringa,3,0,3
Vitriyani,0,3,3
Vitshushan,3,0,3
Vitta,0,3,3
Vittaly,3,0,3
Vitthanat,3,0,3
Vittho,3,0,3
Vittoire,3,0,3
Vittora,0,3,3
Vittorella,0,3,3
Víttoria,0,3,3
Vìttoria,0,3,3
Vittória,0,3,3
Vittoriana,0,3,3
Vittoriano,3,0,3
Vittorine,0,3,3
Vittório,3,0,3
Vittorio-Elpidio,3,0,3
Vitusan,3,0,3
Vituzzo,3,0,3
Vitya,0,3,3
Vivabeauté,3,0,3
Vivaik,3,0,3
Vivain,3,0,3
Vivak,3,0,3
Vivaksh,3,0,3
Vivalma,0,3,3
Vivana,0,3,3
Vivarno,3,0,3
Vivaro,3,0,3
Vivasvân,3,0,3
Vivaswan,3,0,3
Vivatma,3,0,3
Vivé,0,3,3
Vivean,0,3,3
Viveangeli,0,3,3
Viveica,0,3,3
Vivékanandprekash,3,0,3
Vivekh,3,0,3
Vivelinda,0,3,3
Viveline,0,3,3
Vivemarie,0,3,3
Viven,0,3,3
Vivencien,3,0,3
Vivendo,3,0,3
Vivenna,0,3,3
Viveros,0,3,3
Viveshekar,3,0,3
Viveshvan,3,0,3
Vivhar,3,0,3
Viví,0,3,3
Vivi-Ann,0,3,3
Vivi-Mara,0,3,3
Viviaan,0,3,3
Viviaana,0,3,3
Vivian-Claire,0,3,3
Vivian-Marijn,0,3,3
Vivianca,0,3,3
Viviandra,0,3,3
Vivianh,0,3,3
Viviani,0,3,3
Vivianij,0,3,3
Vivianny,0,3,3
Vivianska,0,3,3
Viviantha,0,3,3
Vivicia,0,3,3
Viviël,0,3,3
Viviena,0,3,3
Viviëna,0,3,3
Viviënn,0,3,3
Vivieno,3,0,3
Viviënska,0,3,3
Vìvier,3,0,3
Viviette,0,3,3
Vivike,0,3,3
Vivilianus,3,0,3
Vivinanda,0,3,3
Vivinda,0,3,3
Vivion,0,3,3
Vivionali,0,3,3
Vivionne,0,3,3
Vivir,3,0,3
Viviya,0,3,3
Viviyana,0,3,3
Vivjan,0,3,3
Vivo,3,0,3
Vivonne,0,3,3
Vivrèn,3,0,3
Vivvianne,0,3,3
Vivvienne,0,3,3
Vìvy,0,3,3
Vivyanne,0,3,3
Vivyenn,0,3,3
Viwecka,0,3,3
Viwekh,3,0,3
Vixens,0,3,3
Vixx,3,0,3
Vixxen,0,3,3
Viyaikumar,3,0,3
Viyaivanti,0,3,3
Viyana,0,3,3
Viyandra,3,0,3
Viyano,3,0,3
Viyanthie,0,3,3
Viyantidevi,0,3,3
Viyar,3,0,3
Viyas,3,0,3
Viycenzo,3,0,3
Vîyen,0,3,3
Viyéna,0,3,3
Viyency,3,0,3
Viyender,3,0,3
Viyenderkoemar,3,0,3
Viyenderkumar,3,0,3
Viyesha,0,3,3
Viyetadebi,0,3,3
Viyetha,0,3,3
Viyethma,0,3,3
Viyia,3,0,3
Viyo,3,0,3
Viyomani,0,3,3
Vizcaino,0,3,3
Vizenzo,3,0,3
Vizzini,3,0,3
Vjacheslav,3,0,3
Vjatseslav,3,0,3
Vjedka,3,0,3
Vjeko,3,0,3
Vjekoslav,3,0,3
Vjekoslava,0,3,3
Vjelco,3,0,3
Vjelko,3,0,3
Vjentémala,0,3,3
Vjenzy,0,3,3
Vjerena,0,3,3
Vjerko,3,0,3
Vjilcka,0,3,3
Vjoilica,0,3,3
Vjoleta,0,3,3
Vjosana,0,3,3
Vlaanderen,3,0,3
Vlaardina,0,3,3
Vladas,3,0,3
Vladdie,3,0,3
Vladia,0,3,3
Vladiana,0,3,3
Vladie,3,0,3
Vladiemir,3,0,3
Vladilanshaly,0,3,3
Vladimir-Attila,3,0,3
Vladimíra,0,3,3
Vladislaska,0,3,3
Vladislaus,3,0,3
Vladislavovich,3,0,3
Vladja,3,0,3
Vladjimir,3,0,3
Vladko,3,0,3
Vladlena,3,0,3
Vladomir,3,0,3
Vladomiro,3,0,3
Vladriën,0,3,3
Vladymir,3,0,3
Vlajko,3,0,3
Vlaovic,3,0,3
Vlasco,3,0,3
Vlassis,3,0,3
Vlastimir,3,0,3
Vlavia,0,3,3
Vlaviana,0,3,3
Vledde,3,0,3
Vleeg,3,0,3
Vleer,3,0,3
Vleerte,0,3,3
Vleggaard,3,0,3
Vlendia,0,3,3
Vlendy,3,0,3
Vlerona,0,3,3
Vlieger,3,0,3
Vlien,0,3,3
Vliere,0,3,3
Vliereliere,3,0,3
Vliertje,0,3,3
Vliesta,0,3,3
Vlinder-Jezzebelle,0,3,3
Vlinder-Rosa,0,3,3
Vlista,0,3,3
Vllaznim,3,0,3
Vloei,3,0,3
Vlokje,0,3,3
Vlore,0,3,3
Vlorieta,0,3,3
VMC,0,3,3
Vmiu,0,3,3
Vöas,3,0,3
Vocalina,0,3,3
Vock,3,0,3
Vodjoha,0,3,3
Voei,3,0,3
Voelkelina,0,3,3
Vofing,3,0,3
Voi,3,0,3
Voichiţa,0,3,3
Voicita,0,3,3
Voicu,3,0,3
Voida,3,0,3
Voïka,0,3,3
Voiletta,0,3,3
Voisine,3,0,3
Voit,3,0,3
Voitheia,0,3,3
Voja,3,0,3
Vojova,0,3,3
Vojoya,0,3,3
Voka,0,3,3
Voke,0,3,3
Vokeliena,0,3,3
Vokelientje,0,3,3
Vokko,3,0,3
Voktje,0,3,3
Volana,0,3,3
Volante,0,3,3
Volberda,0,3,3
Volbracht,3,0,3
Volbregtina,0,3,3
Volckera,0,3,3
Volco,3,0,3
Voldieu,3,0,3
Voldo,3,0,3
Volentina,0,3,3
Voley,3,0,3
Volfrannes,3,0,3
Volfrannis,3,0,3
Volga,3,0,3
Volgera,0,3,3
Volgertine,0,3,3
Volginius,3,0,3
Volie,0,3,3
Volim-te,0,3,3
Volita,0,3,3
Volja,0,3,3
Volkancan,3,0,3
Volkarius,3,0,3
Volkea,0,3,3
Volkeerus,3,0,3
Volkens,3,0,3
Volkentine,0,3,3
Volkerina,0,3,3
Volkert-Cees,3,0,3
Volkertina,0,3,3
Volkina,0,3,3
Volkon,3,0,3
Volktje,0,3,3
Volkwin,3,0,3
Vollentina,0,3,3
Vollientje,0,3,3
Vollmar,3,0,3
Vollrad,3,0,3
Volly,0,3,3
Volodi,3,0,3
Volodya,3,0,3
Volodymyrovna,0,3,3
Volquin,3,0,3
Volquines,3,0,3
Volt,3,0,3
Volta,3,0,3
Voltarina,0,3,3
Volter,3,0,3
Volunta,0,3,3
Voluntario,3,0,3
Volvo,0,3,3
von,0,3,3
Voncella,0,3,3
Vonck,3,0,3
Vondi,0,3,3
Vonél,0,3,3
Vonette,0,3,3
Vong,0,3,3
Vonja,3,0,3
Vonke,3,0,3
Vonkie,0,3,3
Vonko,3,0,3
Vonn,0,3,3
Vonne-Marrie,0,3,3
Vonnita,0,3,3
Vonnoyah,0,3,3
Vonny-Marilon,0,3,3
Vonta,3,0,3
Vonte,3,0,3
Vonté,3,0,3
Voogje,0,3,3
Vooke,0,3,3
Voon,0,3,3
Voorwinden,3,0,3
Voppe,3,0,3
Voque,0,3,3
Voréndre,3,0,3
Vorinus,3,0,3
Vorjool,3,0,3
Vorlina,0,3,3
Voros,3,0,3
Vort,3,0,3
Vos-Joris,3,0,3
Voska,0,3,3
Vöske,0,3,3
Voskéa,0,3,3
Voskresija,0,3,3
Voslana,0,3,3
Vosling,3,0,3
Vossa,0,3,3
Vossie,0,3,3
Voster,3,0,3
Vosz,0,3,3
Votini,0,3,3
Votiva,0,3,3
Votourio,3,0,3
Vouch,0,3,3
Vouchia,0,3,3
Voué,0,3,3
Vouf,0,3,3
Voufke,0,3,3
Vougiena,0,3,3
Voula,0,3,3
Voulina,0,3,3
Vousia,0,3,3
Vouwe,0,3,3
Vouwgje,0,3,3
Vouzia,0,3,3
Voxan,0,3,3
Voxnan,3,0,3
Voyca,0,3,3
Vozia,0,3,3
Vozy,3,0,3
VPM,3,0,3
Vraja,0,3,3
Vrajaraj,3,0,3
Vrajeshwarie,0,3,3
Vrajini,0,3,3
Vrako,3,0,3
Vranciska,0,3,3
Vranka,0,3,3
Vranken,0,3,3
Vranshesko,3,0,3
Vranssiena,0,3,3
Vrauwkje,0,3,3
Vredebregt,3,0,3
Vredeman,3,0,3
Vredemond,3,0,3
Vrederieka,0,3,3
Vrederieke,0,3,3
Vrederinne,0,3,3
Vredia,0,3,3
Vrediana,0,3,3
Vredina,0,3,3
Vredy,3,0,3
Vree,0,3,3
Vreginio,3,0,3
Vrej,3,0,3
Vréj-Sasun,3,0,3
Vrena,0,3,3
Vrenely,0,3,3
Vreni-Lou,0,3,3
Vrenie,0,3,3
Vrenna,0,3,3
Vrensi,0,3,3
Vreny,0,3,3
Vreugd,0,3,3
Vreun,0,3,3
Vridhi,0,3,3
Vriedjkumar,3,0,3
Vriendje,3,0,3
Vries-Jan,3,0,3
Vriessiena,0,3,3
Vrieze,3,0,3
Vrigil,3,0,3
Vrija,0,3,3
Vrijmoed,3,0,3
Vrindá,0,3,3
Vrindadevi-Dasi,0,3,3
Vrindakumari,0,3,3
Vrishab,3,0,3
Vrishali,0,3,3
Vrishan,3,0,3
Vrishin,3,0,3
Vrisou,3,0,3
Vritika,0,3,3
Vrlilja,3,0,3
Vrolina,0,3,3
Vrone,3,0,3
Vronnie,0,3,3
Vrouchiena,0,3,3
Vroulien,0,3,3
Vroutje,0,3,3
Vrouwchiena,0,3,3
Vrouwgiën,0,3,3
Vrouwiena,0,3,3
Vrouwk,0,3,3
Vrouwkelies,0,3,3
Vrouwkina,0,3,3
Vrouwktje,0,3,3
Vrsha,3,0,3
Vršič,3,0,3
Vrsni,0,3,3
Vselena,0,3,3
Vsevolod,3,0,3
Vsevolodivna,0,3,3
Vsevolodovych,3,0,3
Vuadi,0,3,3
Vuakiandi,0,3,3
Vuang,3,0,3
Vueke-Copete,0,3,3
Vuentes,0,3,3
Vugensley,3,0,3
Vuhoanganh,0,3,3
Vuhuy,3,0,3
Vuidi,3,0,3
Vuijendra,3,0,3
Vujadin,3,0,3
Vukadin,3,0,3
Vukadinka,0,3,3
Vukani,3,0,3
Vukas,3,0,3
Vukica,0,3,3
Vuksana,0,3,3
Vulam,3,0,3
Vulgentia,0,3,3
Vulkan,3,0,3
Vulkert,3,0,3
Vulko,3,0,3
Vunain,3,0,3
Vungbo,3,0,3
Vungleng,0,3,3
Vuokko,0,3,3
Vuokkula,0,3,3
Vuöng,3,0,3
Vuralcan,3,0,3
Vurayni,0,3,3
Vurchelina,0,3,3
Vure,0,3,3
Vurens,3,0,3
Vüreyka,0,3,3
Vurgell,0,3,3
Vurgemilla,0,3,3
Vurgeney,3,0,3
Vurgenie,0,3,3
Vurgensley,3,0,3
Vurghel,3,0,3
Vurgian,3,0,3
Vürgill,3,0,3
Vurgin,3,0,3
Vurgiño,3,0,3
Vuriano,3,0,3
Vurlyn,3,0,3
Vurna,0,3,3
Vurnice,0,3,3
Vurny,3,0,3
Vurryano,3,0,3
Vuryano,3,0,3
Vushimu,0,3,3
Vustina,0,3,3
Vuthy,3,0,3
Vuy,0,3,3
Vuyelwa,0,3,3
Vuyiswa,0,3,3
Vuyo,3,0,3
VWM,3,0,3
Vy-ann,0,3,3
Vy-Anna,0,3,3
Vy-John,3,0,3
Vy-Tran,0,3,3
Vy-Vy,0,3,3
Vyaakhyaa,0,3,3
Vyacheslav,3,0,3
Vyah,3,0,3
Vyailachmie,0,3,3
Vyaitha,0,3,3
Vyajanthimala,0,3,3
Vyalissa,0,3,3
Vyan-Ray,3,0,3
Vyanand,3,0,3
Vyandalis,0,3,3
Vyanjan,3,0,3
Vyanjanadevi,0,3,3
Vyanni,3,0,3
Vyanthi,0,3,3
Vyanthie,0,3,3
Vyanthimala,0,3,3
Vyara,0,3,3
Vyaron,3,0,3
Vyâs,3,0,3
Vyása,3,0,3
Vyashant,3,0,3
Vyashti,0,3,3
Vyayanand,3,0,3
Vyayeta,0,3,3
Vybeke,0,3,3
Vybz,3,0,3
Vychaira,0,3,3
Vychal,3,0,3
Vydai,3,0,3
Vydeisha-Rani,0,3,3
Vydeishadevi,0,3,3
Vydhjata,0,3,3
Vydia,0,3,3
Vydja,0,3,3
Vydjaikumar,3,0,3
Vydjanty,0,3,3
Vydjencio,3,0,3
Vydjendra,3,0,3
Vydjia,0,3,3
Vydjindrepersad,3,0,3
Vydjma,0,3,3
Vydur,3,0,3
Vydya,0,3,3
Vydyarti,0,3,3
Vyeisha,0,3,3
Vyèn,0,3,3
Vyencio,3,0,3
Vyéndrepersad,3,0,3
Vyënna,0,3,3
Vyënne,0,3,3
Vyent,0,3,3
Vyenti,0,3,3
Vyernadette,0,3,3
Vyeyendra,3,0,3
Vyganesh,3,0,3
Vyintie,0,3,3
Vyjai,3,0,3
Vyjaianand,3,0,3
Vyjaijanthi,0,3,3
Vyjaikumar,3,0,3
Vyjairo,3,0,3
Vyjantimala,0,3,3
Vyjayantie,0,3,3
Vyjayantimala,0,3,3
Vyjendrapersad,3,0,3
Vyjyantidevi,0,3,3
Vyk,0,3,3
Vykaash,3,0,3
Vykash,3,0,3
Vyking,3,0,3
Vylan,3,0,3
Vylana,0,3,3
Vylanche,3,0,3
Vylène,0,3,3
Vylera,0,3,3
Vylon,3,0,3
Vymaro,3,0,3
Vyn,3,0,3
Vyn-na,0,3,3
Vyna,0,3,3
Vynaleigh,0,3,3
Vynalley,0,3,3
Vyndia,0,3,3
Vynée,0,3,3
Vyneth,3,0,3
Vynia,0,3,3
Vynich,3,0,3
Vynisan,3,0,3
Vynita,0,3,3
Vyno,3,0,3
Vynodh,3,0,3
Vynona,0,3,3
Vyolet,0,3,3
Vyomaa,0,3,3
Vyomakesh,3,0,3
Vyomdev,3,0,3
Vyraaj,3,0,3
Vyraash,3,0,3
Vyradj,3,0,3
Vyradjkumar,3,0,3
Vyraghnie,0,3,3
Vyraline,0,3,3
Vyrandjan,3,0,3
Vyreen,3,0,3
Vyreenkumar,3,0,3
Vyrence,3,0,3
Vyrendra,3,0,3
Vyrgillio,3,0,3
Vyrindre,3,0,3
Vyrison,3,0,3
Vyrll,3,0,3
Vyrul,0,3,3
Vyseshta,3,0,3
Vyshak,3,0,3
Vyshal,3,0,3
Vyshand,3,0,3
Vyshantely,0,3,3
Vyshen,3,0,3
Vyshendrick,3,0,3
Vyshitra,0,3,3
Vyshnavi,0,3,3
Vyshvanand,3,0,3
Vysscher,3,0,3
Vytas,3,0,3
Vytautus,3,0,3
Vyth,3,0,3
Vytis,3,0,3
Vyto,3,0,3
Vyvera,0,3,3
Vyviënne,0,3,3
Vyvyian,3,0,3
Vyzantia,0,3,3
