Name,Men,Women,Total
Wilhelmina,4555,290018,294573
Willem,224699,529,225228
Wilhelmus,219073,2592,221665
Wouter,37180,45,37225
Willemina,36,34690,34726
Wendy,171,20834,21005
Wesley,14348,51,14399
Wilhelm,14130,108,14238
Willy,3343,10320,13663
William,13388,102,13490
Willemijn,11,13478,13489
Wilma,57,10447,10504
Wessel,8927,5,8932
Walter,8257,112,8369
Wim,6480,92,6572
Willibrordus,6460,95,6555
Willempje,9,5362,5371
Wiebe,5096,7,5103
Wietske,5,5067,5072
Willemijntje,0,4805,4805
Wijnand,4488,19,4507
Waltherus,4282,56,4338
Werner,3749,83,3832
Wout,3699,8,3707
Willemien,11,3600,3611
Wolter,3548,8,3556
Wilco,3426,11,3437
Wijnanda,7,3396,3403
Wilhelmine,40,2960,3000
Willebrordus,2854,18,2872
Wietse,2477,11,2488
Wouterus,2454,21,2475
Wilfred,2423,14,2437
Willeke,5,2266,2271
Wieger,2146,3,2149
Wanda,15,2046,2061
Willie,425,1456,1881
Willemke,9,1833,1842
Woutera,14,1768,1782
Wouterina,5,1748,1753
Wietze,1730,3,1733
Wilbert,1662,18,1680
Wendelina,23,1635,1658
Walterus,1555,29,1584
Wijnandus,1371,14,1385
Wilfried,1270,36,1306
Ward,1298,6,1304
Wieke,17,1274,1291
Walthera,22,1251,1273
Wicher,1248,3,1251
Wies,51,1152,1203
Wilhelma,10,1156,1166
Woutrina,24,1123,1147
Willemtje,0,1098,1098
Wijntje,3,1079,1082
Wijtske,0,1056,1056
Willibrord,1015,28,1043
Winston,1032,3,1035
Wai,571,318,889
Welmoed,12,847,859
Wytze,846,0,846
Woutherus,802,7,809
Wendela,8,797,805
Wilko,802,3,805
Wing,383,412,795
Walid,779,14,793
Wilhelmien,31,748,779
Wytske,0,779,779
Wijtze,761,0,761
Wijbe,759,3,762
Warner,751,5,756
Wiebren,745,0,745
Wolf,729,10,739
Wander,735,3,738
Whitney,8,713,721
Walther,698,18,716
Wil,300,411,711
Willemine,3,699,702
Wes,645,3,648
Wesselina,3,646,649
Willem-Jan,643,0,643
Wisse,633,8,641
Wiepkje,0,635,635
Winnifred,58,563,621
Wybe,594,3,597
Wopke,533,61,594
Wolfgang,557,13,570
Wiesje,3,567,570
Winand,511,36,547
Winfried,534,5,539
Wouthera,5,524,529
Wytse,522,3,525
Willibrorda,3,514,517
Wieteke,3,501,504
Wimke,20,482,502
Winandus,441,52,493
Willianne,0,490,490
Wilfridus,483,3,486
Wassim,486,0,486
Wende,3,484,487
Wichert,483,0,483
Wendeline,6,468,474
Winanda,3,462,465
Winnie,25,417,442
Wilmar,416,24,440
Wybren,438,0,438
Wubbo,417,0,417
Woutertje,0,412,412
Waldemar,409,3,412
Wijmpje,0,399,399
Waltera,3,392,395
Wesly,386,3,389
Wilke,127,262,389
Wobbe,388,0,388
Wijbren,381,0,381
Wubbina,0,379,379
Wiecher,376,0,376
Winifred,30,328,358
Watze,357,0,357
Willemijna,3,347,350
Wiljan,340,6,346
Wiep,30,313,343
Willemtien,3,337,340
Willi,188,148,336
Wladimir,327,3,330
Wierd,322,0,322
Wiepke,138,182,320
Wendel,202,117,319
Wah,192,121,313
Will,217,96,313
Willemieke,0,299,299
Wenceslaus,288,7,295
Wubbe,291,3,294
Wayne,288,0,288
Willij,122,165,287
Winfred,279,6,285
Wen,145,133,278
Werenfridus,272,3,275
Wichertje,0,267,267
Wieneke,0,264,264
Wilmina,3,260,263
Wijbrand,256,0,256
Willian,214,30,244
Wiert,239,0,239
Walburga,13,221,234
Woltertje,3,230,233
Wilmer,230,0,230
Wiegertje,3,228,231
Wiggert,229,0,229
Waldo,227,0,227
Wendelien,3,220,223
Wenda,5,217,222
Wikje,0,220,220
Wendie,3,215,218
Warda,0,214,214
Winny,13,201,214
Wan,82,131,213
Wencke,3,209,212
Whitley,3,204,207
Willebrorda,0,207,207
Wilson,200,6,206
Wynand,205,3,208
Wijke,3,202,205
Wulfert,204,3,207
Wafae,0,204,204
Wibo,202,0,202
Wolmoed,3,196,199
Wolterus,198,0,198
Wietsche,3,196,199
Willemiena,3,195,198
Willemientje,0,196,196
Wiro,189,7,196
Wilbertus,193,3,196
Woutje,10,185,195
Wess,192,3,195
Wichard,191,3,194
Wijtse,191,3,194
Wiebrigje,0,183,183
Waylon,182,0,182
Wolterdina,0,180,180
Wail,178,3,181
Willemijne,0,173,173
Wynanda,3,172,175
Woltera,0,171,171
Wijna,0,169,169
Wilhelminus,167,0,167
Wiebrand,166,0,166
Wilfrida,3,161,164
Wieberen,162,3,165
Walraven,150,6,156
Willebrord,144,9,153
Wupke,0,151,151
Wieske,3,148,151
Wa√Øl,148,0,148
Wildrik,148,0,148
Wilfriedus,144,3,147
Wopkje,0,146,146
Wally,79,66,145
Wilt,145,0,145
Waling,144,0,144
Wilfrieda,3,140,143
Wiechertje,0,141,141
Wilberdina,3,137,140
Warsha,0,139,139
Wibbina,0,139,139
Wester,136,0,136
Wensley,133,3,136
Wijpkje,3,133,136
Wouda,3,129,132
Wybrand,133,0,133
Willard,132,0,132
Witte,128,3,131
Wendelmoet,3,130,133
Wobbina,0,131,131
Wendell,127,3,130
Wiebigje,0,130,130
Wilna,3,127,130
Wiebo,127,0,127
Willemein,0,127,127
Walt,124,0,124
Wibe,123,3,126
Weintje,0,120,120
Wiechert,119,3,122
Wia,0,119,119
Wipke,3,117,120
Wael,110,5,115
Wipkje,0,114,114
Wissal,3,112,115
Wemeltje,0,113,113
Wasim,110,3,113
Wemelina,3,111,114
Wiegert,110,3,113
Wija,0,112,112
Wiemer,111,0,111
Wigle,111,0,111
Wido,110,0,110
Wabe,109,0,109
Willemiek,0,108,108
Wolbert,107,3,110
Wigbertus,106,3,109
Wilja,5,102,107
Wineke,3,105,108
Wera,3,100,103
Watse,103,0,103
Wikke,31,71,102
Willow,15,86,101
Wilte,100,3,103
Wiam,0,100,100
Weija,0,99,99
Wemke,10,88,98
Wick,92,6,98
Welmoet,3,96,99
Wypkje,0,97,97
Wiea,0,96,96
Wassima,0,95,95
Wynandus,91,3,94
Warnder,93,0,93
Wissam,42,51,93
Wladyslaw,92,3,95
Wigger,92,0,92
Willeminus,92,0,92
Woudina,0,92,92
Waltraud,3,88,91
Werenfrida,0,91,91
Wiena,0,91,91
Widad,0,90,90
Wanita,0,89,89
Wiard,88,0,88
Willemijndert,88,0,88
Waltruda,3,84,87
Wybo,87,0,87
Wille,42,44,86
Wandana,0,84,84
Wendelke,0,84,84
Wikash,84,0,84
Wyatt,83,3,86
Weia,0,82,82
Wijnie,0,82,82
Wayan,64,17,81
Winona,3,80,83
Wyke,3,78,81
Wina,0,79,79
Wishal,79,0,79
Wanja,28,50,78
Wilhelmijntje,0,78,78
Wubbigje,0,78,78
Wynona,0,78,78
Wilhelmiena,3,76,79
Wouterdina,0,77,77
Wouterius,75,3,78
Welmer,74,0,74
Walda,3,72,75
Warren,71,3,74
Wiepko,72,0,72
Woltherus,71,0,71
Wiljo,52,18,70
Wolfert,70,0,70
Walle,68,3,71
Wanisha,0,69,69
Wendelinus,67,3,70
Wiebrig,3,67,70
Wiekert,68,0,68
Walburgis,18,49,67
Wandrina,3,65,68
Warntje,66,0,66
Wassila,0,66,66
Wiliam,64,3,67
Winesh,66,0,66
Wannes,65,0,65
Wapke,3,64,67
Wianda,0,65,65
Waander,64,0,64
Wernardus,64,0,64
Wigbold,64,0,64
Wijbrigje,0,64,64
Wiltje,56,8,64
Win,28,36,64
Wolthera,0,64,64
Wicherdina,0,63,63
Wiebina,0,63,63
Wiek,56,7,63
Winfridus,62,3,65
Woutine,0,63,63
Walfridus,61,3,64
Willeboord,62,0,62
Winter,43,19,62
Wiske,3,60,63
Wouke,3,61,64
Watte,61,0,61
Wilgo,60,0,60
Wemmigje,0,59,59
Wenny,5,54,59
Willine,0,59,59
Wubbiena,0,59,59
Wenke,0,58,58
Wik,55,3,58
Wolfram,57,3,60
Warmolt,57,0,57
Wea,3,56,59
Woody,51,6,57
Waldina,3,55,58
Weike,0,56,56
Winette,0,56,56
Wendelmoed,0,55,55
Wernerus,53,3,56
Wimmie,15,40,55
Wobke,20,35,55
Wolbertus,55,0,55
Wienand,53,3,56
Wouterke,0,54,54
Wrister,54,0,54
Walterius,52,3,55
Waltraut,3,51,54
Wiggele,53,0,53
Wisal,3,49,52
Wahida,0,52,52
Wianne,0,52,52
Wilhemina,3,49,52
Wesselius,50,3,53
Wibren,51,0,51
Wijgert,51,0,51
Willemyn,0,51,51
Wobina,0,51,51
Woutina,0,51,51
Wart,50,0,50
Wenneke,0,50,50
Werenfried,50,0,50
Wilmy,0,50,50
Wimpje,3,49,52
Wobbigje,0,50,50
Wahid,47,3,50
Warre,49,0,49
Wenzel,49,0,49
Widjai,49,0,49
Wilger,49,0,49
Wilrik,49,0,49
Woltje,0,49,49
Wouter-Jan,49,0,49
Wulf,49,0,49
Waltherius,45,3,48
Wiresh,48,0,48
Wendi,3,45,48
Wiendelt,47,0,47
Wilhelmientje,0,47,47
Williene,3,46,49
Wolmet,0,47,47
Wyona,0,47,47
Warmold,45,3,48
Wieland,44,3,47
Wiggerina,0,46,46
Wilmie,3,44,47
Wilton,43,3,46
Winke,5,41,46
Waltje,0,45,45
Wiarda,6,39,45
Wijnandina,0,45,45
Wibbe,42,3,45
Wibout,44,0,44
Wicky,29,15,44
Wilto,43,3,46
Wubke,0,44,44
Wernard,43,0,43
Wiebertha,0,43,43
Wilbrordus,43,0,43
Wilbur,43,0,43
Winnyfred,3,40,43
Wino,43,0,43
Wubbegien,0,43,43
Wycher,43,0,43
Wahib,40,3,43
Waleed,39,3,42
Wiegerdina,0,42,42
Wilbrordina,3,41,44
Wilfrid,39,3,42
Wilhelmijna,3,41,44
Wojciech,41,3,44
Wafa,3,40,43
Waheeda,0,41,41
Wandena,0,41,41
Wendelin,14,27,41
Wiebertus,41,0,41
Willa,3,40,43
Willem-Alexander,41,0,41
Wilm,41,0,41
Wousje,0,41,41
Waatze,40,0,40
Williams,36,3,39
Winay,39,3,42
Wallace,37,3,40
Warna,3,36,39
Wendolina,3,37,40
Wesse,39,0,39
Wiene,16,23,39
Wijnhold,39,0,39
Wijpke,30,9,39
Wilfriede,0,39,39
Willemiene,0,39,39
Willybrordus,39,0,39
Winne,29,10,39
Winniefred,3,37,40
Wubbechien,0,39,39
Wypke,28,11,39
Wendoline,0,38,38
Weronika,0,38,38
Wiardus,37,3,40
Wiebke,3,35,38
Wijcher,38,0,38
Wilmien,0,38,38
Wivina,3,36,39
Wybrich,3,37,40
Wadie,31,6,37
Wieb,18,19,37
Wilrieke,0,37,37
Wirin,37,0,37
Walrave,35,3,38
Weslie,36,0,36
Wesselien,0,36,36
Wibertus,36,0,36
Wienanda,0,36,36
Wiepkjen,0,36,36
Wijmer,36,0,36
Wiktor,36,0,36
Woud,36,0,36
Wahiba,0,35,35
Waseem,29,6,35
Weinand,35,0,35
Wiger,35,0,35
Wijbrig,0,35,35
Wike,3,34,37
Wiljanne,0,35,35
Willemmina,0,35,35
Willo,35,0,35
Witold,35,0,35
Walburg,10,24,34
Weinanda,0,34,34
Willemptje,0,34,34
Willina,0,34,34
Wong,18,16,34
Wop,34,0,34
Waldy,28,5,33
Wiepie,3,31,34
Wijbo,33,0,33
Wijndelt,33,0,33
Wubbechiena,0,33,33
Wanne,16,16,32
Weijert,32,0,32
Wiet,19,13,32
Wijbrandus,32,0,32
Wilan,25,7,32
Wilbrand,32,0,32
Willemjan,32,0,32
Wisam,17,15,32
Wonder,21,11,32
Wouterinus,32,0,32
Wyger,32,0,32
Warisha,0,31,31
Wauter,31,0,31
Wichman,31,0,31
Wienke,3,28,31
Wine,8,23,31
Wulfranus,30,3,33
Wahied,30,0,30
Walfrida,0,30,30
Wendelyn,3,28,31
Wendij,0,30,30
Wico,29,3,32
Wigbolt,30,0,30
Wijbigje,0,30,30
Willemse,30,0,30
Windy,3,27,30
Wishaal,30,0,30
Wubbegiena,0,30,30
Walentina,3,28,31
Weijer,29,0,29
Wien,21,8,29
Wiepk,0,29,29
Wihelmina,3,28,31
Wijnant,29,0,29
Willempien,0,29,29
Winfrida,0,29,29
Winonah,0,29,29
Wolly,3,26,29
Wya,0,29,29
Wybrigje,0,29,29
Waqas,24,3,27
Weltje,0,28,28
Wemeltien,0,28,28
Werna,0,28,28
Wesseldina,0,28,28
Wiero,28,0,28
Wietje,3,27,30
Wijnzen,28,0,28
Wilianne,0,28,28
Willemeintje,0,28,28
Wilmpje,0,28,28
Wimkje,0,28,28
Waalko,27,0,27
Wandert,27,0,27
Wandy,0,27,27
Wibbigje,0,27,27
Wilberta,3,25,28
Willis,24,3,27
Wobbechien,0,27,27
Wolke,13,14,27
Wouteris,27,0,27
Wubbegina,0,27,27
Wafaa,0,26,26
Weit,26,0,26
Wendalina,0,26,26
Wennie,3,22,25
Wesseline,0,26,26
Wietsina,0,26,26
Wijchert,26,0,26
Wiktoria,0,26,26
Wilhelmes,25,3,28
Willemszoon,26,0,26
Willisa,0,26,26
Willyanne,0,26,26
Woei,23,3,26
Woldina,0,26,26
Woutherina,3,25,28
Walig,25,0,25
Weert,25,0,25
Wha,21,3,24
Wie,20,5,25
Wieberta,0,25,25
Wigberta,0,25,25
Willebrordina,0,25,25
Winy,3,22,25
Wouterine,0,25,25
Wun,8,17,25
Waqar,22,3,25
Wernera,0,24,24
Wibbo,24,0,24
Wijnande,0,24,24
Wiljam,24,0,24
Willem-Pieter,24,0,24
Willemken,0,24,24
Willibrordina,3,22,25
Winneke,0,24,24
Winsten,24,0,24
Wobbechiena,0,24,24
Wolberta,0,24,24
Wolther,24,0,24
Woudrina,0,24,24
Writzer,24,0,24
Wulfridus,24,0,24
Warnar,23,0,23
Weng,11,12,23
Wian,15,8,23
Wiegerke,0,23,23
Wierdina,0,23,23
Wierin,23,0,23
Wiete,13,10,23
Wijmie,0,23,23
Wijndelina,0,23,23
Willem-Hendrik,23,0,23
Wilmientje,0,23,23
Wilmine,0,23,23
Wimpie,18,5,23
Woen,14,9,23
Wubbechina,0,23,23
Wulfram,22,3,25
Wulphert,23,0,23
Waldi,22,0,22
Walraad,22,0,22
Waylen,22,0,22
Wendelena,0,22,22
Wesselinus,22,0,22
Wilber,21,3,24
Wilbertina,3,21,24
Wilhelmijn,0,22,22
Woudy,3,21,24
Wout-Jan,22,0,22
Wymer,22,0,22
Wynn,13,9,22
Wade,16,5,21
Weina,0,21,21
Werenfriedus,21,0,21
Widia,0,21,21
Wiljon,19,3,22
Willehadus,19,3,22
Willibald,21,0,21
Wilmiena,0,21,21
Wladislaw,21,0,21
Wob,20,3,23
Wolterina,0,21,21
Woltertien,0,21,21
Woltjo,21,0,21
Wonne,16,5,21
Wopko,21,0,21
Writser,21,0,21
Wybrandus,21,0,21
Waheed,19,3,22
Wali,20,0,20
Warden,20,0,20
Wiebrandus,20,0,20
Wiedjai,20,0,20
Wigbert,19,3,22
Wijka,0,20,20
Wijtsche,3,19,22
Wilkea,0,20,20
Willehad,20,0,20
Wilmi,3,19,22
Winold,20,0,20
Wivine,3,16,19
Waldrik,19,0,19
Walteris,16,3,19
Warnard,19,0,19
Wassili,19,0,19
Way,17,3,20
Wender,19,0,19
Wida,0,19,19
Wilanda,0,19,19
Wilanka,0,19,19
Wilgert,19,0,19
Wilkolina,0,19,19
Willems,19,0,19
Wiltruda,0,19,19
Withney,0,19,19
Woltina,0,19,19
Wubbinus,19,0,19
Wyanda,0,19,19
Wychert,19,0,19
Wahab,15,3,18
Walfried,18,0,18
Walied,17,3,20
Warsame,14,3,17
Watie,0,18,18
Webina,0,18,18
Weena,3,17,20
Wemmarus,18,0,18
Wesna,0,18,18
Wibrand,18,0,18
Wiebregje,0,18,18
Wienik,18,0,18
Wijburgje,0,18,18
Willyam,18,0,18
Wincenty,18,0,18
Windelina,0,18,18
Wintje,0,18,18
Wobbeltje,0,18,18
Wojtek,18,0,18
Waltheria,0,17,17
Warmeltje,0,17,17
Wasima,0,17,17
W√¢tte,17,0,17
Wentelina,0,17,17
Whesley,17,0,17
Wiafe,8,9,17
Wianka,0,17,17
Wibrandus,17,0,17
Wigbertha,3,16,19
Wigcher,17,0,17
Wijbranda,0,17,17
Wijger,17,0,17
Wijmke,0,17,17
Willibaldus,17,0,17
Winie,3,16,19
Winrik,17,0,17
Woenderik,17,0,17
Wolbrand,17,0,17
Woodrow,17,0,17
Woutriena,0,17,17
Wubina,0,17,17
Wyneke,0,17,17
Walewein,16,0,16
Wallie,6,10,16
Wanderina,0,16,16
Waris,14,3,17
Warja,3,14,17
Wasiem,16,0,16
Wassily,16,0,16
Welat,16,0,16
Wendeltje,0,16,16
Wendely,0,16,16
Wensly,16,0,16
Werdina,3,15,18
Wiaam,0,16,16
Wibrich,0,16,16
Wiebedina,0,16,16
Wiegbertus,16,0,16
Wijert,16,0,16
Wijnsen,16,0,16
Wilbertha,0,16,16
Wilfreda,0,16,16
Wilhem,16,0,16
Willum,15,3,18
Wimar,16,0,16
Wimer,16,0,16
Winfriedus,16,0,16
Winta,3,15,18
Wirtjo,16,0,16
Wladislaus,16,0,16
Woes,15,3,18
Wolferina,0,16,16
Wubbelt,16,0,16
Wulfina,0,16,16
Wa'il,15,0,15
Wa√´l,15,0,15
Walterina,3,14,17
Waltheris,15,0,15
Wantje,0,15,15
Warnardus,15,0,15
Weimpje,0,15,15
Weke,0,15,15
Wemmy,0,15,15
Wernher,15,0,15
Widelo,3,12,15
Wiebelina,0,15,15
Wiebes,14,3,17
Wiellie,15,0,15
Wijpkjen,0,15,15
Willfred,15,0,15
Willibrordia,3,14,17
Willinge,12,3,15
Wilske,0,15,15
Winant,15,0,15
Windeld,15,0,15
Wini,3,12,15
Wink,13,3,16
Wirtje,15,0,15
Wobbiena,0,15,15
Wolbertha,0,15,15
Wolfer,15,0,15
Wybrig,0,15,15
Waleria,0,14,14
Wannie,3,12,15
Wasse,14,0,14
Wati,0,14,14
Wendelijn,3,13,16
Wendolien,0,14,14
Wieberdina,0,14,14
Wiebkje,0,14,14
Wiegman,14,0,14
Wiekash,14,0,14
Wienandus,13,3,16
Wilfrido,14,0,14
Willemtina,0,14,14
Willyan,7,7,14
Wilmtien,0,14,14
Wimmy,3,12,15
Winda,0,14,14
Winde,3,13,16
Winfrid,13,3,16
Winfrieda,0,14,14
Winus,13,3,16
Wisdom,13,3,16
Witse,13,3,16
Wobbechina,0,14,14
Wolda,0,14,14
Wolfje,3,11,14
Wollie,3,13,16
Woo,12,3,15
Woubina,0,14,14
Woutruda,0,14,14
Wubbertus,14,0,14
Wytsche,0,14,14
Waclaw,12,3,15
Wahieda,0,13,13
Walae,3,12,15
Walewijn,13,0,13
Waltrudis,3,11,14
Wampie,3,12,15
Wanderdina,0,13,13
Warcha,0,13,13
Warmelt,13,0,13
Weilke,0,13,13
Wemmichje,0,13,13
Weyert,13,0,13
Wibbine,0,13,13
Wiecherdina,0,13,13
Wieny,0,13,13
Wiets,3,11,14
Wijberen,13,0,13
Wijbergje,0,13,13
Wijmtje,0,13,13
Wilene,0,13,13
Wilian,10,3,13
Wilkin,13,0,13
Willem-Paul,13,0,13
Willia,3,12,15
Wilona,0,13,13
Wimjan,13,0,13
Winnefred,3,10,13
Wivineke,0,13,13
Wladyslawa,0,13,13
Wolbartus,13,0,13
Wolmoet,0,13,13
Woutrinus,13,0,13
Wupkea,0,13,13
Wyan,10,3,13
Wynette,0,13,13
W≈Çadys≈Çaw,13,0,13
Wagijem,0,12,12
Walaa,0,12,12
Walenka,0,12,12
Walradina,0,12,12
Walth√®re,12,0,12
Wanjiru,0,12,12
Wanshika,0,12,12
Warntjo,12,0,12
Wasil,12,0,12
Weerdenaar,12,0,12
Welmina,0,12,12
Wemmie,0,12,12
Wenche,0,12,12
Wendaline,0,12,12
Werenfrieda,0,12,12
Wernar,12,0,12
Weshley,12,0,12
Widya,3,11,14
Wiegerina,0,12,12
Wieka,0,12,12
Wiepje,0,12,12
Wiggertje,0,12,12
Wijaya,11,3,14
Wikaash,12,0,12
Wilda,0,12,12
Wilfride,3,11,14
Willibalda,0,12,12
Williebrordus,12,0,12
Willien,0,12,12
Wilmke,0,12,12
Wils,10,3,13
Wimco,12,0,12
Winish,12,0,12
Winoa,0,12,12
Wirish,12,0,12
Wiskje,0,12,12
Wissale,0,12,12
Wolff,11,3,14
Wolterien,0,12,12
Woutherius,12,0,12
Wyanne,0,12,12
Wybke,3,9,12
Wynonna,0,12,12
Waalliena,0,11,11
Wahe,10,3,13
Walbertus,11,0,11
Waltrude,0,11,11
Waltruida,0,11,11
WAM,6,5,11
Wandelina,0,11,11
Wanna,0,11,11
Wartan,8,3,11
Wasili,10,3,13
Wefers,9,3,12
Weijntje,0,11,11
Wencelaus,11,0,11
Wendolyn,0,11,11
Wennemar,11,0,11
Wensel,11,0,11
Westley,11,0,11
Wiame,0,11,11
Wianna,0,11,11
Wibbegien,0,11,11
Wibien,0,11,11
Wichal,11,0,11
Wiebrich,0,11,11
Wigerdina,0,11,11
Wigo,11,0,11
Wijnandes,11,0,11
Wijndel,11,0,11
Wijnko,11,0,11
Wilburt,11,0,11
Wil√®ne,0,11,11
Wilhelmia,0,11,11
Wilhermina,0,11,11
Willem-Arie,11,0,11
Willem-Peter,11,0,11
Williana,0,11,11
Wilroy,11,0,11
Winni,0,11,11
Wira,3,8,11
Withley,3,10,13
Wobbegiena,0,11,11
Wobbegje,0,11,11
Woudine,0,11,11
Wout√©ra,0,11,11
Wridzer,11,0,11
Wyna,0,11,11
Wynton,11,0,11
Waginem,0,10,10
Wahyu,7,3,10
Waldine,0,10,10
Walenty,10,0,10
Walker,10,0,10
Walli,3,8,11
Walradus,10,0,10
Wandhana,0,10,10
Wanya,6,3,9
Wardi,7,3,10
Wares,10,0,10
Warnarda,0,10,10
Washington,10,0,10
Wealtje,10,0,10
Weijmpje,0,10,10
Weipe,10,0,10
Welma,0,10,10
Wence,7,3,10
Wendeliene,0,10,10
Wendina,0,10,10
Wenefrida,0,10,10
Werther,10,0,10
Wesam,9,3,12
Wesseltje,0,10,10
Weynand,10,0,10
Wiardina,0,10,10
Wide,7,3,10
Wiggeman,10,0,10
Wiggerdina,0,10,10
Wihelmus,10,0,10
Wijbregje,0,10,10
Wijbrens,7,3,10
Wijda,0,10,10
Wilbertine,0,10,10
Wilbordina,0,10,10
Wilemina,3,8,11
Wilhelmiene,0,10,10
Wilhemus,10,0,10
Willeam,10,0,10
Willem-Johan,10,0,10
Willema,0,10,10
Willemsz,10,0,10
Willona,0,10,10
Wilmtje,0,10,10
Wiltine,0,10,10
Wily,9,3,12
Wimme,7,3,10
Wingerina,0,10,10
Wioletta,0,10,10
Wiraisha,0,10,10
Wiren,10,0,10
Wobiena,0,10,10
Wodan,9,3,12
Wolterius,10,0,10
Wopje,0,10,10
Woudia,0,10,10
Wouteres,10,0,10
Wouteria,0,10,10
Wouther,10,0,10
Woutrine,0,10,10
Wulbert,10,0,10
Wynande,0,10,10
Wynne,3,6,9
Wyomi,0,10,10
Waalke,9,0,9
Wagiran,9,0,9
Wais,9,0,9
Walco,9,0,9
Waldie,8,3,11
Walia,3,5,8
Walijne,0,9,9
Wallentina,3,8,11
Wallerius,9,0,9
Walte,7,3,10
Wanida,0,9,9
Wanis,9,0,9
Wapkje,0,9,9
Waroen,9,0,9
Warse,9,0,9
Wasila,0,9,9
Wasiliki,0,9,9
Wazier,9,0,9
Webster,9,0,9
Weijnand,9,0,9
Welly,3,5,8
Wemeliena,0,9,9
Wendeliena,3,8,11
Wendelyne,0,9,9
Wennechien,0,9,9
Wenonah,0,9,9
Wesli,9,0,9
Wessellina,0,9,9
Wibbiena,0,9,9
Wibertha,0,9,9
Wibina,0,9,9
Wicherda,0,9,9
Wichertien,0,9,9
Wicia,0,9,9
Widar,9,0,9
Widjaikumar,9,0,9
Wiebeke,0,9,9
Wiebergje,0,9,9
Wiebregt,3,6,9
Wiecke,0,9,9
Wiekie,3,8,11
Wientje,5,3,8
Wiertina,0,9,9
Wiesia,0,9,9
Wigarda,3,8,11
Wijbertus,9,0,9
Wijnandia,0,9,9
Wijnold,9,0,9
Wijpko,9,0,9
Wijva,0,9,9
Wijvina,0,9,9
Wilfredo,9,0,9
Wilga,0,9,9
Wilhelmis,9,0,9
Wilkina,0,9,9
Willem-Frederik,9,0,9
Willianna,0,9,9
Willie-Jan,9,0,9
Willion,8,3,11
Willissa,0,9,9
Willy-Anne,0,9,9
Wiltina,0,9,9
Wim-Jan,9,0,9
Winash,9,0,9
Windahl,3,8,11
Winson,9,0,9
Wladislawa,3,7,10
Wobbegina,0,9,9
Wobbo,9,0,9
Woltrina,3,8,11
Woutelina,0,9,9
Woutora,0,9,9
Wubbien,0,9,9
Wubbine,0,9,9
Wulan,3,8,11
Wyb,6,3,9
Wychard,9,0,9
Wyn,3,5,8
Wynzen,9,0,9
Waanderdina,0,8,8
Wabbe,8,0,8
Wadi,7,3,10
Wadia,3,7,10
Waginah,0,8,8
Walburgje,0,8,8
Walram,8,0,8
Wana,0,8,8
Wanner,8,0,8
Wansh,8,0,8
Warin,3,5,8
Wasilios,8,0,8
Waut,8,0,8
Weardus,8,0,8
Weijna,0,8,8
Weiko,8,0,8
Wellington,6,3,9
Welmoedt,0,8,8
Wendalin,0,8,8
Wenona,0,8,8
Wenske,0,8,8
Wentje,0,8,8
Wibisono,8,0,8
Wideke,0,8,8
Widjaikoemar,8,0,8
Widukind,6,3,9
Wiebbe,8,0,8
Wiebechien,0,8,8
Wiebegje,0,8,8
Wiebiena,0,8,8
Wieresh,8,0,8
Wierish,8,0,8
Wiers,8,0,8
Wievenlina,0,8,8
Wijbrecht,0,8,8
Wijmar,8,0,8
Wikas,8,0,8
Wikesh,8,0,8
Wilderik,8,0,8
Wildina,0,8,8
Willem-Hein,8,0,8
Willem-Jaap,8,0,8
Willemeijn,0,8,8
Willemtiena,0,8,8
Willemyna,0,8,8
Willfried,8,0,8
Willieke,0,8,8
Wim-Jaap,8,0,8
Wimpke,3,7,10
Winai,8,0,8
Winande,0,8,8
Winner,6,3,9
Wiona,0,8,8
Wirendra,8,0,8
Wisanne,0,8,8
Wish,3,5,8
Wishan,8,0,8
Wishay,8,0,8
Wishnu,8,0,8
Wishwanand,8,0,8
Witske,0,8,8
Wjera,0,8,8
Wobbegien,0,8,8
Wobkje,0,8,8
Wolters,7,3,10
Won,3,3,6
Wonneke,0,8,8
Wonny,3,6,9
Wopkjen,0,8,8
Wubertus,8,0,8
Wynia,3,7,10
Waandrina,0,7,7
Wae,3,5,8
Wagina,0,7,7
Wagner,6,3,9
Waiel,7,0,7
Wajid,5,3,8
Wald,7,0,7
Walden,7,0,7
Waled,3,3,6
Wallis,5,3,8
Walrick,7,0,7
Waltraude,0,7,7
Wando,6,3,9
Wania,0,7,7
Wanjiku,0,7,7
Wanno,7,0,7
Wardia,0,7,7
Wardy,6,3,9
Warnera,0,7,7
Warnerius,7,0,7
Warnerus,7,0,7
Warun,7,0,7
Watske,0,7,7
Weam,0,7,7
Weite,7,0,7
Wellemtje,0,7,7
Wenceslao,7,0,7
Wendella,0,7,7
Wendola,0,7,7
Wendolijn,0,7,7
Wengeslaus,7,0,7
Wenne,5,3,8
Wenner,7,0,7
Werbertus,7,0,7
Wesal,3,3,6
Weslee,3,5,8
Weston,7,0,7
Whoopi,3,6,9
Wiardi,7,0,7
Wiberta,0,7,7
Wibiena,0,7,7
Wichem,7,0,7
Widja,0,7,7
Widjay,7,0,7
Wiebegina,0,7,7
Wiebine,0,7,7
Wiegerine,0,7,7
Wieldert,7,0,7
Wienie,0,7,7
Wiepka,0,7,7
Wiesa,0,7,7
Wietzke,0,7,7
Wijberdina,0,7,7
Wijbrandina,0,7,7
Wijbrechtje,0,7,7
Wijdan,0,7,7
Wijmptje,0,7,7
Wijnando,7,0,7
Wijnandt,7,0,7
Wijndina,0,7,7
Wijntina,0,7,7
Wijte,7,0,7
Wilberd,7,0,7
Wilbert-Jan,7,0,7
Wildamina,0,7,7
Wilhelmi,3,5,8
Wilkelina,0,7,7
Willebartus,7,0,7
Willemeike,0,7,7
Willemyntje,0,7,7
Williena,0,7,7
Willybrord,7,0,7
Wilmijn,0,7,7
Wiltien,0,7,7
Wiltrude,0,7,7
Wiltsje,6,3,9
Winando,7,0,7
Windekind,3,5,8
Winet,0,7,7
Winita,0,7,7
Winod,7,0,7
Wiranda,0,7,7
Wirinder,7,0,7
Wissem,6,3,9
WJM,6,3,9
Wladimier,7,0,7
Woolsley,7,0,7
Woudera,0,7,7
Woudi,0,7,7
Woudie,3,6,9
Woukje,0,7,7
Wouterse,7,0,7
Woutrijntje,0,7,7
Wubbolt,7,0,7
Wulfer,5,3,8
Wupkina,0,7,7
Wurie,3,3,6
Wybrens,3,3,6
Wynke,3,6,9
Wypkjen,0,7,7
Wytzke,0,7,7
Waanderina,0,6,6
Wachter,6,0,6
Wadih,6,0,6
Wagdy,3,3,6
Wagimin,6,0,6
Wagter,5,3,8
Wahaab,6,0,6
Wahan,6,0,6
Wai-Ling,3,5,8
Wai-Yee,0,6,6
Wai-Yin,3,3,6
Wairimu,0,6,6
Walborg,0,6,6
Walburgus,6,0,6
Waldamar,6,0,6
Waldtraut,0,6,6
Walje,0,6,6
Walke,6,0,6
Wallina,0,6,6
Walteria,0,6,6
Wambui,0,6,6
Wandanadebie,0,6,6
Wandina,0,6,6
Waninka,0,6,6
Wanny,3,3,6
Wardina,3,5,8
Wardo,3,3,6
Warmelta,0,6,6
Warry,5,3,8
Warscha,0,6,6
Warvin,3,3,6
Washna,0,6,6
Wasilis,6,0,6
Wassiem,6,0,6
Wassiliki,0,6,6
Wate,6,0,6
Watsina,0,6,6
Watson,6,0,6
Wayra,3,5,8
Wedekind,3,3,6
Wedika,0,6,6
Weera,0,6,6
Weiert,6,0,6
Weijnanda,0,6,6
Wellemoet,3,5,8
Wemeltina,0,6,6
Wemmechien,0,6,6
Wendalien,0,6,6
Wendele,0,6,6
Wenderina,0,6,6
Wendley,5,3,8
Wenno,6,0,6
Wenselaar,5,3,8
Wepkje,0,6,6
Wernarda,0,6,6
Werny,5,3,8
Werra,0,6,6
Wersse,6,0,6
Wez,6,0,6
Wianca,0,6,6
Wibbien,0,6,6
Wiberdina,0,6,6
Wibke,0,6,6
Wibowo,3,3,6
Wicharda,0,6,6
Widodo,3,3,6
Wiebegiena,0,6,6
Wieber,6,0,6
Wiebrant,6,0,6
Wiechertien,0,6,6
Wiedelina,0,6,6
Wiegard,6,0,6
Wiegarda,0,6,6
Wieggert,6,0,6
Wiendel,6,0,6
Wienette,0,6,6
Wiese,3,3,6
Wieshal,6,0,6
Wigberto,6,0,6
Wigbolda,0,6,6
Wigboldus,6,0,6
Wigertje,0,6,6
Wiglius,6,0,6
Wijanda,0,6,6
Wijay,6,0,6
Wijbrigjen,0,6,6
Wijgerdina,0,6,6
Wijjert,6,0,6
Wijnald,6,0,6
Wijnardus,5,3,8
Wijndeltje,0,6,6
Wijnhout,6,0,6
Wijnout,6,0,6
Wijpka,0,6,6
Wijve,0,6,6
Wikkie,3,3,6
Wil-Jan,6,0,6
Wiland,6,0,6
Wilar,6,0,6
Wildrika,0,6,6
Wilhadus,5,3,8
Wilhellemina,0,6,6
Wilhelmie,3,5,8
Wilibrordus,6,0,6
Wilken,5,3,8
Willamina,0,6,6
Willbert,5,3,8
Willeanne,0,6,6
Willebroddus,6,0,6
Willem-Bart,6,0,6
Willem-Christiaan,6,0,6
Willemar,5,3,8
Willembrordus,5,3,8
Willemeine,0,6,6
Willemsdochter,0,6,6
Willena,0,6,6
Williberte,0,6,6
Willibrordes,6,0,6
Willmar,6,0,6
Wilrike,0,6,6
Winata,5,3,8
Windelt,6,0,6
Wing-Yan,0,6,6
Winocus,6,0,6
Wiradj,6,0,6
Wirona,0,6,6
Wishwanath,6,0,6
Wissia,0,6,6
Wito,6,0,6
Witze,6,0,6
Wobbenia,0,6,6
Wobbigjen,0,6,6
Wobbine,0,6,6
Wobine,0,6,6
Wokke,3,5,8
Woldemar,6,0,6
Wolffgang,6,0,6
Wolfried,6,0,6
Wolkan,6,0,6
Wolterdientje,0,6,6
Woltherius,6,0,6
Wouterlina,0,6,6
Wout√©rus,6,0,6
Wouthilde,0,6,6
Woutrien,3,5,8
Woy,5,3,8
Wubiena,0,6,6
Wulferdina,0,6,6
Wulfje,0,6,6
Wulfrana,0,6,6
Wulfranna,0,6,6
Wulfred,6,0,6
Wulfrida,0,6,6
Wullem,6,0,6
Wummigje,3,5,8
Wycke,0,6,6
Wyno,6,0,6
Waatse,5,0,5
Waffa,0,5,5
Wagini,0,5,5
Waginie,0,5,5
Wagirin,5,0,5
Waiz,5,0,5
Walbert,5,0,5
Walburgia,3,3,6
Walderk,5,0,5
Waldrick,5,0,5
Walentin,5,0,5
Waleri,3,3,6
Walfred,5,0,5
Walfride,0,5,5
Walfridia,0,5,5
Walina,0,5,5
Walles,5,0,5
Walsje,0,5,5
Walton,5,0,5
Waltrudus,0,5,5
Wannerus,5,0,5
Wara,3,3,6
Wardan,5,0,5
Warendtje,0,5,5
Warmtje,5,0,5
Warnaer,3,3,6
Warnerda,0,5,5
Warshana,0,5,5
Wasiema,0,5,5
Wassina,0,5,5
Waterbeek,3,3,6
Waynona,0,5,5
Wayona,0,5,5
Wednesday,0,5,5
Weier,5,0,5
Weijt,5,0,5
Weitse,5,0,5
Weitske,0,5,5
Weliruata,0,5,5
Welmoedina,0,5,5
Weltsje,0,5,5
Wemmara,0,5,5
Wemmeke,0,5,5
Wencel√§us,5,0,5
Wencesla,0,5,5
Wenceslas,5,0,5
Wendelieke,0,5,5
Wendey,0,5,5
Wenita,0,5,5
Wenja,0,5,5
Went,5,0,5
Wenzelina,0,5,5
Wenzeslaus,5,0,5
Wernald,5,0,5
Werne,3,3,6
Werners,5,0,5
Wery,5,0,5
Wesleij,3,3,6
Wessam,3,3,6
Wessley,5,0,5
Wevelina,0,5,5
Whitly,0,5,5
WHM,3,3,6
Wiana,0,5,5
Wibaut,5,0,5
Wibbechien,0,5,5
Wibbedina,0,5,5
Wibbinus,5,0,5
Wibi,3,3,6
Wibine,0,5,5
Wicherina,0,5,5
Wichert-Jan,5,0,5
Wichiena,0,5,5
Wichita,0,5,5
Wichtoria,0,5,5
Wicke,5,0,5
Widjaja,5,0,5
Widmer,5,0,5
Wieben,5,0,5
Wiebius,5,0,5
Wiebreg,3,3,6
Wiechger,5,0,5
Wied,5,0,5
Wiejanne,0,5,5
Wieko,5,0,5
Wieleke,0,5,5
Wiendeld,5,0,5
Wienus,5,0,5
Wiepkedina,0,5,5
Wiering,5,0,5
Wies≈Çaw,5,0,5
Wietse-Jan,5,0,5
Wietzina,0,5,5
Wieze,0,5,5
Wigand,5,0,5
Wigboldina,0,5,5
Wigert,5,0,5
Wiggelina,0,5,5
Wiggerd,5,0,5
Wijai,5,0,5
Wijdane,0,5,5
Wijgaart,5,0,5
Wijnoldus,5,0,5
Wikram,5,0,5
Wilana,0,5,5
Wilcolina,0,5,5
Wilderika,0,5,5
Wilhard,5,0,5
Wilhelmke,0,5,5
Wiljen,5,0,5
Wilkes,5,0,5
Willanda,3,3,6
Willanka,0,5,5
Willebrod,3,3,6
Willebrodus,5,0,5
Willem-Anton,5,0,5
Willem-Dirk,5,0,5
Willem-Friso,5,0,5
Willem-Kees,5,0,5
Willem-Maarten,5,0,5
Willemae,0,5,5
Willemeijntje,0,5,5
Willemijke,0,5,5
Willemijnne,0,5,5
Willemyne,0,5,5
Willerieke,0,5,5
Willes,5,0,5
Willetta,0,5,5
Williane,0,5,5
Williard,5,0,5
Willibrod,5,0,5
Willibrodus,5,0,5
Willibrorde,3,3,6
Willi√´lle,0,5,5
Willi√´ne,0,5,5
Willi√´nne,0,5,5
Willisha,0,5,5
Willybrorda,0,5,5
Wilno,5,0,5
Wilyan,5,0,5
Wimken,3,3,6
Wimmigje,0,5,5
Winfriede,0,5,5
Winfryd,5,0,5
Winn,3,3,6
Winnifried,0,5,5
Winoah,0,5,5
Winodkoemar,5,0,5
Winoha,0,5,5
Winsfelt,5,0,5
Wirasha,0,5,5
Wirindra,5,0,5
Wisely,3,3,6
Wishaan,5,0,5
Wishaya,0,5,5
Wisjaal,5,0,5
Wiskia,0,5,5
Wissiena,0,5,5
Wita,0,5,5
Witney,0,5,5
Wiwek,5,0,5
Wiyanna,0,5,5
Wladimira,0,5,5
Wladislav,5,0,5
Wobby,0,5,5
Woed,5,0,5
Wolfe,3,3,6
Wollina,0,5,5
Wolmoetina,0,5,5
Wolterdiena,0,5,5
Wouthea,0,5,5
Wouthilda,0,5,5
Woutske,0,5,5
Wren,3,3,6
WTM,3,3,6
Wubbold,5,0,5
Wulandari,0,5,5
Wulfanus,5,0,5
Wyberen,5,0,5
Wybertha,0,5,5
Wybertus,5,0,5
Wybranda,0,5,5
Wybrecht,3,3,6
Wydia,0,5,5
Wyko,5,0,5
Wynold,5,0,5
Wynsen,5,0,5
Wyssam,5,0,5
Wystan,5,0,5
Wadner,3,0,3
Wadoed,3,0,3
Wafa√¢,0,3,3
Wafila,0,3,3
Wagih,3,3,6
Wagiman,3,0,3
Wagino,3,0,3
Wagirah,0,3,3
Wahhab,3,0,3
Wahyuni,0,3,3
Wai-Ting,0,3,3
Wailun,3,0,3
Wajahat,3,0,3
Wakil,3,0,3
Wal,3,0,3
Wala,0,3,3
Walat,3,0,3
Walburgerd,3,0,3
Walburgha,0,3,3
Waldeck,3,0,3
Waldema,3,3,6
Waldemir,3,0,3
Walderik,3,0,3
Waldimir,3,0,3
Waldir,3,0,3
Waldra,0,3,3
Waldradina,0,3,3
Waldraut,0,3,3
Waldus,3,0,3
Walerian,3,0,3
Walfrieda,0,3,3
Walfriedus,3,0,3
Waligina,0,3,3
Walla,3,3,6
Walline,0,3,3
Walodja,3,0,3
Walpurga,0,3,3
Walra,0,3,3
Walrik,3,0,3
Walthea,3,3,6
Waltina,0,3,3
Waltrina,0,3,3
Waltrud,0,3,3
Wam,3,3,6
Wanchai,3,3,6
Wandanadevi,0,3,3
Wandarina,0,3,3
Wanessa,0,3,3
Wangari,0,3,3
Wani,3,0,3
Wanka,3,3,6
Wannetta,0,3,3
Waqaar,3,0,3
Waran,3,3,6
Warbout,3,0,3
Wardie,3,0,3
Wari,3,3,6
Warnaar,3,0,3
Warnart,3,0,3
Warraich,3,3,6
Warring,3,0,3
Warshadebie,0,3,3
Warshadevi,0,3,3
Warti,3,3,6
Warwara,0,3,3
Washni,0,3,3
Wasif,3,0,3
Wasily,3,0,3
Wassilis,3,0,3
W√¢te,3,0,3
Watling,3,0,3
Watzeliena,0,3,3
Watzo,3,0,3
Waud,3,0,3
Waylan,3,0,3
Waylin,3,0,3
Wayrah,3,3,6
WCM,0,3,3
Wechter,3,3,6
Weh,3,3,6
Weidy,0,3,3
Weiltje,0,3,3
Weimtje,0,3,3
Weini,0,3,3
Weinie,0,3,3
Weli,3,3,6
Welmerdina,0,3,3
Welmet,0,3,3
Welter,3,3,6
Wemarus,3,0,3
Wember,3,0,3
Wemie,0,3,3
W√©n,3,3,6
Wena,3,3,6
Wend,3,3,6
Wendall,3,0,3
Wendelie,0,3,3
Wendine,0,3,3
Wendo,3,0,3
Wendrina,0,3,3
Wenroy,3,0,3
Wensely,3,3,6
Wenson,3,0,3
Wente,3,3,6
Wenze,3,0,3
Wepko,3,0,3
Werefridus,3,0,3
Wernand,3,0,3
Werneck,3,0,3
Wernherus,3,0,3
Wernie,3,3,6
Werno,3,0,3
Werry,0,3,3
Wessel-Jan,3,0,3
Wesseliena,0,3,3
Wey,3,3,6
Weylin,3,0,3
Weylyn,3,0,3
Whalid,3,0,3
Whensley,3,0,3
Whitny,0,3,3
Whyomi,0,3,3
Wibbolt,3,0,3
Wibeke,0,3,3
Wicenty,3,0,3
Wicha,3,3,6
Wicherdine,0,3,3
Wickie,3,3,6
Wid,3,3,6
Widjantie,0,3,3
Widjawatie,0,3,3
Widjojo,3,0,3
Wiebe-Jan,3,0,3
Wiebegien,0,3,3
Wiebert,3,3,6
Wiebout,3,0,3
Wiebrands,3,0,3
Wiebrecht,0,3,3
Wiebrigtje,0,3,3
Wiedeke,0,3,3
Wiedjaikoemar,3,0,3
Wiege,3,0,3
Wiegedina,0,3,3
Wieki,0,3,3
Wielent,3,0,3
Wielie,3,3,6
Wiely,3,0,3
Wienk,3,0,3
Wiepy,0,3,3
Wierardus,3,0,3
Wiertje,0,3,3
Wies≈Çawa,0,3,3
Wietschke,0,3,3
Wietsje,0,3,3
Wietskien,0,3,3
Wigard,3,0,3
Wigerius,3,0,3
Wiggardus,3,0,3
Wigge,3,0,3
Wiggeltje,0,3,3
Wijanne,0,3,3
Wijgchert,3,0,3
Wijgertje,0,3,3
Wijjerd,3,0,3
Wijkina,0,3,3
Wijkje,0,3,3
Wijnalda,0,3,3
Wijnandine,0,3,3
Wijndeline,0,3,3
Wijter,3,0,3
Wikin,3,3,6
Wikki,0,3,3
Wiko,3,0,3
Wila,3,3,6
Wilben,3,0,3
Wilberto,3,0,3
Wilbrecht,3,0,3
Wilcor,3,0,3
Wildefridus,3,0,3
Wildo,3,0,3
Wildria,0,3,3
Wilebald,3,0,3
Wilfridia,0,3,3
Wilfriedes,3,0,3
Wilhada,0,3,3
Wilhamina,0,3,3
Wilhelmein,0,3,3
Wilina,0,3,3
Wilitha,0,3,3
Wiljanneke,0,3,3
Wilk√©a,0,3,3
Wilkins,3,0,3
Willart,3,0,3
Willaume,3,0,3
Willebarta,0,3,3
Willebrorde,0,3,3
Willehard,3,0,3
Willem-Anne,3,0,3
Willem-Evert,3,0,3
Willem-Johannes,3,0,3
Willem-Joost,3,0,3
Willem-Wouter,3,0,3
Willemeindert,3,0,3
Willemette,0,3,3
Willemienke,0,3,3
Willemijnes,3,0,3
Willemineke,0,3,3
Willempie,3,3,6
Willemsen,3,0,3
Willemz,3,0,3
Willeon,3,0,3
Willibordus,3,3,6
Willibrordi,0,3,3
Willibrordine,0,3,3
Willibrordo,3,3,6
Willie-Anne,0,3,3
Williejanne,0,3,3
Willijan,3,3,6
Willise,0,3,3
Willize,0,3,3
Wills,3,0,3
Willy-An,3,3,6
Willy-Jan,3,0,3
Willy-Janne,0,3,3
Willyne,0,3,3
Willyon,3,3,6
Wilmen,3,0,3
Wilmijntje,0,3,3
Wilminette,0,3,3
Wilmptje,0,3,3
Wilnanda,0,3,3
Wilrick,3,0,3
Wilthe,3,3,6
Wilya,3,3,6
Winandi,0,3,3
Windelinus,3,0,3
Winemar,3,0,3
Winetta,0,3,3
Wing-Sam,3,3,6
Winia,0,3,3
Winis,3,0,3
Winkler,3,0,3
Winky,3,3,6
Winolt,3,0,3
Wintana,0,3,3
Winther,3,3,6
Wiratha,3,3,6
Wiraysha,0,3,3
Wirdmer,3,0,3
Wisa,3,3,6
Wishen,3,0,3
Wisja,3,3,6
Wisko,3,0,3
Wisna,0,3,3
Wisnu,3,3,6
Wisselina,0,3,3
Wissina,0,3,3
Wlodzimierz,3,0,3
Wobbedina,0,3,3
Wobbelina,0,3,3
Wobbenius,3,0,3
Wobbie,3,3,6
Wobko,3,0,3
Woda,3,3,6
Woe,3,0,3
Woi,3,3,6
Wol,3,3,6
Woldiena,0,3,3
Wolfhart,3,0,3
Wolfina,0,3,3
Wolfridus,3,0,3
Wolkje,0,3,3
Wolko,3,0,3
Wolternus,3,0,3
Wonggor,3,0,3
Wood,3,0,3
Woon,0,3,3
Wopkea,0,3,3
Wouk,3,3,6
Woulina,0,3,3
Wouteriena,0,3,3
Wouterszoon,3,0,3
Woutheria,0,3,3
Woutjan,3,0,3
Wresh,3,0,3
Wrienda,0,3,3
Wristerdina,0,3,3
Wubben,3,0,3
W√ºbbina,0,3,3
Wulfertje,0,3,3
Wulframus,3,0,3
Wychman,3,0,3
Wylan,3,0,3
Wyncko,3,0,3
Wyne,3,3,6
Wynfrith,3,0,3
Wynolt,3,0,3
Wynston,3,0,3
Wypko,3,0,3
Wyteke,0,3,3
Wytzia,0,3,3
Waad,3,3,6
Wabbigje,0,3,3
Waberi,3,0,3
Wabina,0,3,3
Wabine,0,3,3
Wacek,3,0,3
Wac≈Çaw,3,0,3
Wadad,3,3,6
Wadek,3,3,6
Wadily,3,0,3
Wadim,3,0,3
Wadjied,3,0,3
Wadze,3,0,3
Waeltje,3,0,3
Waenkaew,3,3,6
Wafi,3,3,6
Waginten,0,3,3
Wahaj,3,3,6
Wah√®,3,0,3
Wahed,3,0,3
Wahidagatoen,0,3,3
Wahidan,0,3,3
Wahyudi,3,3,6
Wai-Man,3,3,6
Wai-Yan,0,3,3
Waiman,3,3,6
Wainwright,3,0,3
Waithira,0,3,3
Wajan,3,3,6
Wajdi,3,0,3
Wajih,3,0,3
Wakandama,3,0,3
Walberta,0,3,3
Walburge,3,3,6
Waldetrudis,0,3,3
Waldinus,3,0,3
Waldtraud,0,3,3
Walentino,3,0,3
Walentyna,0,3,3
Waleska,0,3,3
Walikhan,3,3,6
Walinda,0,3,3
Walja,0,3,3
Wallid,3,0,3
Walraaf,3,0,3
Waltheres,3,0,3
Waltoo,3,0,3
Wambley,3,0,3
Wameedh,0,3,3
Wandalina,0,3,3
Wandanna,0,3,3
Wandee,0,3,3
Wandeline,0,3,3
Wanerus,3,0,3
Wanieta,0,3,3
Wanika,0,3,3
Waniya,0,3,3
Wardhana,3,0,3
Warimin,3,0,3
Warmelina,0,3,3
Warmoldina,0,3,3
Warmoldus,3,0,3
Warn,3,0,3
Warneria,0,3,3
Warnika,0,3,3
Waronne,0,3,3
Warrie,3,3,6
Warrink,3,0,3
Warsan,0,3,3
Warshenie,0,3,3
Warshni,0,3,3
Wartina,0,3,3
Wartini,0,3,3
Waruna,3,3,6
Washant,3,0,3
Wasimin,3,0,3
Waso,3,0,3
Wassen,3,0,3
Wassil,3,0,3
Wassilios,3,0,3
Wassing,3,0,3
Wasti,3,3,6
Wasyl,3,0,3
Waterbeekje,0,3,3
Watheq,3,3,6
Watherus,3,0,3
Watini,0,3,3
W√¢tse,3,0,3
Waya,3,3,6
Wazir,3,3,6
Weber,3,0,3
Wedad,0,3,3
Wedrik,3,0,3
Weea,0,3,3
Weeke,0,3,3
Weerd,3,0,3
Weertdina,0,3,3
W√©i,3,3,6
Weierd,3,0,3
Weijanda,0,3,3
Weijnandus,3,0,3
Weikelina,0,3,3
Weinda,0,3,3
Weito,3,0,3
Weja,0,3,3
Welby,3,0,3
Welem,3,0,3
Welied,3,3,6
Well,3,0,3
Wella,0,3,3
Welle,3,3,6
Wellem,3,0,3
Wels,3,0,3
Wem,3,0,3
Wemmegien,0,3,3
Wemmer,3,0,3
Wemy,0,3,3
Wencislaus,3,0,3
Wendelinda,0,3,3
Wendelino,3,3,6
Wendellien,0,3,3
Wendellina,0,3,3
Wendena,0,3,3
Wendilia,0,3,3
Wendkuni,3,3,6
Wendl,3,3,6
Wendoliena,0,3,3
Wendolin,0,3,3
Wendsley,3,0,3
Wenhao,3,0,3
Wenka,0,3,3
Wennechiena,0,3,3
Wense,3,0,3
Wenselaus,3,0,3
Wentao,3,0,3
Wenxi,3,3,6
Wenya,0,3,3
Wenz,3,0,3
Wenzela,0,3,3
Werbert,3,0,3
Werdiena,0,3,3
Werina,0,3,3
Werni,0,3,3
Werre,3,0,3
Wersenius,3,0,3
Wersha,0,3,3
Weslingh,3,0,3
Wessa,0,3,3
Wesseliene,0,3,3
Wessellinus,3,0,3
Wesselus,3,0,3
Wessim,3,0,3
Westert,3,0,3
Westina,0,3,3
Westwood,3,3,6
Weszel,3,0,3
Wetzel,3,0,3
Weya,0,3,3
Weyer,3,0,3
Whinston,3,0,3
Whitley-Ann,0,3,3
Wianette,0,3,3
Wiay,3,3,6
Wibawa,3,0,3
Wibbechina,0,3,3
Wibbegiena,0,3,3
Wibbichje,0,3,3
Wibert,3,0,3
Wibigje,0,3,3
Wibranda,0,3,3
Wicaksono,3,0,3
Wichaal,3,0,3
Wichart,3,0,3
Wichbert,3,0,3
Wichel,3,0,3
Wicherd,3,0,3
Wided,0,3,3
Widian,0,3,3
Widiasaagar,3,3,6
Widiawatie,0,3,3
Widija,0,3,3
Widjaisingh,3,0,3
Widjaya,3,0,3
Widjinder,3,0,3
Widmar,3,0,3
Widyawati,0,3,3
Wie√§,3,3,6
Wieanda,0,3,3
Wiebediena,0,3,3
Wieberthus,3,0,3
Wiebichje,0,3,3
Wiebrechtje,0,3,3
Wiebrenda,0,3,3
Wiebrigjen,0,3,3
Wiechard,3,0,3
Wiedia,0,3,3
Wiedja,3,3,6
Wiedjantie,0,3,3
Wiedjawatie,0,3,3
Wiedje,3,0,3
Wiedo,3,0,3
Wiedya,3,3,6
Wiegand,3,0,3
Wieger-Jan,3,0,3
Wiegeris,3,0,3
Wiegers,3,0,3
Wiegje,0,3,3
Wielhelmus,3,0,3
Wielke,3,3,6
Wielo,3,0,3
Wiemkje,0,3,3
Wiemla,0,3,3
Wienard,3,0,3
Wiendert,3,0,3
Wienen,3,0,3
Wieni,3,3,6
Wienko,3,0,3
Wieno,3,0,3
Wiepkea,0,3,3
Wieranda,0,3,3
Wierinder,3,0,3
Wierindre,3,0,3
Wiertdina,0,3,3
Wierts,3,0,3
Wieslaw,3,0,3
Wieslawa,0,3,3
Wietsia,0,3,3
Wietskina,0,3,3
Wievenliena,0,3,3
Wieverlina,0,3,3
Wigboltdina,0,3,3
Wigerus,3,0,3
Wihan,3,0,3
Wijber,3,0,3
Wijbes,3,0,3
Wijbigjen,0,3,3
Wijbina,0,3,3
Wijbke,0,3,3
Wijburgina,0,3,3
Wijer,3,0,3
Wijja,0,3,3
Wijkelina,0,3,3
Wijme,3,3,6
Wijnandi,0,3,3
Wijndert,3,0,3
Wijne,3,3,6
Wijnholt,3,0,3
Wijnske,0,3,3
Wijphina,0,3,3
Wikaas,3,0,3
Wikana,3,3,6
Wikky,3,3,6
Wiktorja,0,3,3
Wilai,0,3,3
Wilanne,0,3,3
Wilant,3,0,3
Wilberdinus,3,0,3
Wilberthine,0,3,3
Wilbrandt,3,0,3
Wilbret,3,0,3
Wilcomar,3,0,3
Wildan,3,3,6
Wilde,3,3,6
Wilder,3,3,6
Wildrikje,0,3,3
Wilemke,0,3,3
Wilencio,3,0,3
Wiley,3,3,6
Wilford,3,0,3
Wilfrana,0,3,3
Wilfri,3,3,6
Wilfrie,3,3,6
Wilgard,3,0,3
Wilhelina,0,3,3
Wilhelmeina,0,3,3
Wilhelmijne,0,3,3
Wilhelmin,0,3,3
Wilhelmo,3,3,6
Wilhermine,0,3,3
Wiline,0,3,3
Wilis,3,3,6
Wilize,0,3,3
Wiljanna,0,3,3
Wilka,0,3,3
Willaine,0,3,3
Willan,3,0,3
Willebrand,3,0,3
Willebrordes,3,0,3
Willebrordia,0,3,3
Willedien,0,3,3
Willeen,0,3,3
Willefrieda,0,3,3
Willejanne,0,3,3
Willem-Adriaan,3,0,3
Willem-Bernard,3,0,3
Willem-Ernst,3,0,3
Willem-Jacob,3,0,3
Willem-Joris,3,0,3
Willem-Laurens,3,0,3
Willem-Otto,3,0,3
Willemarie,0,3,3
Willemarijn,0,3,3
Willemia,0,3,3
Willemienus,3,0,3
Willemijnderd,3,0,3
Willemines,3,0,3
Willemkje,0,3,3
Willemmijntje,0,3,3
Willemminus,3,0,3
Willemy,0,3,3
Willericus,3,3,6
Willetina,0,3,3
Williamme,3,3,6
Willians,3,0,3
Williberta,3,3,6
Willibertus,3,0,3
Willieanne,0,3,3
Williebrord,3,0,3
Willienke,0,3,3
Willietje,0,3,3
Willifred,3,3,6
Willihelma,0,3,3
Willijam,3,3,6
Willijanne,0,3,3
Willijbrordes,3,0,3
Willijn,0,3,3
Willimina,0,3,3
Willinda,0,3,3
Willington,3,0,3
Willino,3,0,3
Willium,3,0,3
Willya,0,3,3
Willyams,3,0,3
Willyanna,0,3,3
Willyna,0,3,3
Willyse,0,3,3
Wilmarijn,0,3,3
Wilmert,3,0,3
Wilmken,0,3,3
Wilnard,3,0,3
Wilrie,3,3,6
Wiltfried,3,0,3
Wiltiene,0,3,3
Wiltruida,0,3,3
Wim-Hein,3,0,3
Wim-Paul,3,0,3
Wim-Peter,3,0,3
Wimmina,0,3,3
Winald,3,0,3
Winaykumar,3,0,3
Wincent,3,0,3
Winchester,3,0,3
Winefred,0,3,3
Winefride,0,3,3
Winfrey,3,3,6
Winfrith,3,0,3
Wing-Kien,3,0,3
Wing-Si,0,3,3
Wing-Yee,0,3,3
Wing-Yi,0,3,3
Winiberta,0,3,3
Winiefred,0,3,3
Winja,0,3,3
Winkie,0,3,3
Winna,3,3,6
Winnefried,3,3,6
Winnetou,3,0,3
Winniefried,0,3,3
Winsen,3,0,3
Winsley,3,3,6
Winslow,3,0,3
Winthrop,3,0,3
Wintsje,0,3,3
Wioleta,0,3,3
Wip,3,0,3
Wipbina,0,3,3
Wirachai,3,0,3
Wiraj,3,0,3
Wirdjanand,3,0,3
Wiredu,3,3,6
Wireduwaa,0,3,3
Wirinderkumar,3,0,3
Wirjo,3,0,3
Wiron,3,0,3
Wishall,3,0,3
Wishand,3,0,3
Wishant,3,0,3
Wishna,3,3,6
Wissame,0,3,3
Witburga,0,3,3
Witek,3,0,3
Witesh,3,0,3
Witley,0,3,3
Wittekind,3,3,6
Wittina,0,3,3
Wiveka,0,3,3
Wivien,0,3,3
Wiwin,3,3,6
Wladimirowna,0,3,3
Wobila,0,3,3
Wolbrechta,0,3,3
Woldrik,3,0,3
Wolfardus,3,0,3
Wolfgangus,3,0,3
Wolfhard,3,0,3
Wolfie,3,0,3
Wolfred,3,0,3
Wolodja,3,0,3
Wolodymyr,3,0,3
Wolrick,0,3,3
Wolterlina,0,3,3
Woltertina,0,3,3
Woltsje,0,3,3
Wonna,0,3,3
Woods,3,0,3
Wooi,3,3,6
Wor,3,3,6
Woudelina,0,3,3
Wouderijntje,0,3,3
Woudinus,3,0,3
Woudt,3,0,3
Woukeline,0,3,3
Wounetta,0,3,3
Wouta,0,3,3
Wouthrina,0,3,3
Wreh,3,3,6
Wrej,3,0,3
Writster,3,0,3
Wubbegje,0,3,3
Wubbertha,0,3,3
Wui,3,3,6
Wulbertus,3,0,3
Wybert,3,0,3
Wyberta,0,3,3
Wybkje,0,3,3
Wybout,3,0,3
Wybregje,0,3,3
Wybrichje,0,3,3
Wylie,3,3,6
Wymke,3,3,6
Wymkje,0,3,3
Wympje,0,3,3
Wyndham,3,0,3
Wynie,0,3,3
Wynout,3,0,3
Wynter,3,0,3
Wyomie,0,3,3
Wyoni,0,3,3
Wyp,0,3,3
Waalco,3,0,3
Waalid,3,0,3
Waandert,3,0,3
Waas,3,0,3
Wab,3,0,3
Wabbechien,0,3,3
Wabbechiena,0,3,3
Wabien,0,3,3
Wabke,0,3,3
Wadan,3,0,3
Wadana,0,3,3
Wadea,3,0,3
Wad√Ø,3,0,3
Wadiah,3,0,3
Wadid,3,0,3
Wadii,3,0,3
Wady,3,0,3
Waes,3,0,3
Waeyl,3,0,3
Waffi,3,0,3
Wafia,0,3,3
Wafiq,3,0,3
Wag√©,3,0,3
Wagyem,0,3,3
Wahagn,3,0,3
Wahba,3,3,6
Wahbi,3,0,3
Waheedaghatoen,0,3,3
Wahidullah,3,0,3
Wahine,0,3,3
Wahjoe,3,0,3
Wahju,3,3,6
Wahome,3,0,3
Wai-Chi,0,3,3
Wai-Fung,3,3,6
Wai-Ho,3,0,3
Wai-Hung,3,0,3
Wai-Lin,0,3,3
Wai-Lok,3,0,3
Wai-Ming,3,0,3
Wai-San,0,3,3
Wai-Ying,0,3,3
Waichi,3,3,6
Waikang,3,0,3
Waikin,3,0,3
Waiky,3,0,3
Wain,3,0,3
Wainita,0,3,3
Wajiha,0,3,3
Wakan,3,0,3
Wakidy,3,0,3
Wako,3,0,3
Wakonda,3,0,3
Walantien,3,3,6
Walatina,0,3,3
Waldebert,3,0,3
Waldeman,3,0,3
Waldetruda,0,3,3
Waldimar,3,0,3
Waldomar,3,0,3
Waldrada,0,3,3
Wale,3,0,3
Walentein,3,0,3
Walentijn,3,0,3
Walerik,3,0,3
Walerja,0,3,3
Wales,3,0,3
W√§lfried,3,0,3
Walha,3,0,3
Walhalla,0,3,3
Walida,0,3,3
Walide,3,0,3
Walie,3,0,3
Waliey,3,0,3
Waliid,3,0,3
Walim,3,0,3
Waling-Sipke,3,0,3
Walisha,0,3,3
Wallentin,3,0,3
Waller,3,0,3
Wall√©rand,3,0,3
Wallerant,3,0,3
Wallesca,0,3,3
Wallia,0,3,3
Wallij,3,3,6
Wallinda,0,3,3
Wallitien,3,0,3
Wallize,0,3,3
Walrada,0,3,3
Walradine,0,3,3
Walravina,0,3,3
Walricus,3,0,3
Walrina,0,3,3
Walske,0,3,3
Walta,3,3,6
Waltam,3,0,3
Walterszoon,3,0,3
Waltertje,0,3,3
Waltherina,0,3,3
Waltheus,3,0,3
Waltine,0,3,3
Walting,3,0,3
Waltirius,3,0,3
Waltram,3,0,3
Walungisa,3,3,6
Wamba,3,0,3
Wampe,0,3,3
Wan-Fong,3,0,3
Wan-Ting,3,3,6
Wan-Yi,0,3,3
Wanardus,3,0,3
Wanausha,0,3,3
Wandanawatie,0,3,3
Wandenadebie,0,3,3
Wandenie,0,3,3
Wandeniedebie,0,3,3
Wanderikus,3,0,3
Wanderino,3,0,3
Wanderley,3,0,3
Wandhena,0,3,3
Wandhna,0,3,3
Wandine,0,3,3
Wandjana,0,3,3
Wandji,3,0,3
Wandrien,0,3,3
Wandriena,0,3,3
Wandrinus,3,0,3
Wanga,0,3,3
Wangi,0,3,3
Wango,0,3,3
Wangyal,3,0,3
Waning,3,0,3
Wanisa,0,3,3
Wanischa,0,3,3
Wanishadebie,0,3,3
Waniss,3,0,3
Wanjo,3,0,3
Wannapha,0,3,3
Wannardus,3,0,3
Wanphen,0,3,3
Wanshdeep,3,3,6
Wanye,3,0,3
Wappie,0,3,3
Waqaas,3,0,3
Waqqas,3,0,3
War,3,0,3
Waranon,3,0,3
Ward-Jan,3,0,3
Wardah,0,3,3
Wardere,0,3,3
Wardt,3,0,3
Wareesha,0,3,3
Warenka,0,3,3
Warhel,3,0,3
Waridie,3,0,3
Warie,0,3,3
Warinya,0,3,3
Warishna,0,3,3
Warka,0,3,3
Warkim,3,0,3
Warley,3,0,3
Warlina,0,3,3
Warlison,3,0,3
Warma,3,3,6
Warmhold,3,0,3
Warnderdina,0,3,3
Warne,3,3,6
Warnecke,3,0,3
Warnerdina,0,3,3
Warnerie,0,3,3
Warnerina,0,3,3
Warners,3,0,3
Warniah,0,3,3
Warno,3,0,3
Warnold,3,0,3
Warnyta,0,3,3
Waroena,0,3,3
Warol,3,0,3
Warra,0,3,3
Warrebout,3,0,3
Warrentje,3,0,3
Warrick,3,0,3
Warrun,3,0,3
Warshad,3,0,3
Warshadewie,0,3,3
Warshena,0,3,3
Warshna,0,3,3
Warsih,0,3,3
Warsinem,0,3,3
Wartel,3,3,6
Wartie,3,3,6
Warto,3,3,6
Warwan,3,0,3
Warwick,3,0,3
Warya,3,3,6
Wasana,3,3,6
Waselina,0,3,3
Washish,3,0,3
Washita,0,3,3
Wasi,3,3,6
Wasia,0,3,3
Wasief,3,0,3
Wasilie,3,0,3
Wasilina,0,3,3
Wasilisa,0,3,3
Wasilius,3,0,3
Wasiman,3,0,3
Wasini,0,3,3
Wasja,3,3,6
Waska,3,3,6
Wasken,3,0,3
Waslander,3,0,3
Wasna,0,3,3
Waspa,3,0,3
Wasselisa,0,3,3
Wassely,3,0,3
Wassilissa,0,3,3
Wasudew,3,0,3
Waszili,3,3,6
Watana,3,0,3
Watfriedus,3,0,3
Wathik,3,3,6
Watja,3,0,3
Watoy,0,3,3
Wattana,3,0,3
Watts,3,0,3
Waty,0,3,3
Watzina,0,3,3
Waukena,0,3,3
Wautrina,0,3,3
Wawoe,3,0,3
Wax,3,0,3
Wayden,3,0,3
Wayel,3,0,3
Wayi,3,3,6
Wayley,3,0,3
Wayn,3,0,3
Wayomi,0,3,3
Wayta,0,3,3
Wayti,3,3,6
Wayu,3,0,3
Wayuni,0,3,3
Weal,3,0,3
Weaver,0,3,3
Webber,3,0,3
Webertus,3,0,3
Webiena,0,3,3
Webko,3,0,3
Wederik,3,0,3
Weenand,3,0,3
Weeny,3,3,6
Weeratunga,3,3,6
Weeraya,0,3,3
Weerdena,3,0,3
Weerin,3,0,3
Weero,3,0,3
Wefke,0,3,3
Wega,0,3,3
Wehid,3,0,3
Wehien,0,3,3
Wƒõi,3,0,3
Wei-Jie,3,0,3
Wei-Ling,3,3,6
Weibel,3,0,3
Weida,0,3,3
Weigardus,3,0,3
Weigel,3,0,3
Weij,0,3,3
Weijanne,0,3,3
Weijma,0,3,3
Weika,0,3,3
Weiky,0,3,3
Weilin,3,0,3
Weilina,3,3,6
Weiman,0,3,3
Weimke,0,3,3
Weimy,0,3,3
Weiny,0,3,3
Weis,3,3,6
Weiwei,0,3,3
Wejdane,0,3,3
Wekelina,0,3,3
Wela,0,3,3
Weldelena,0,3,3
Weldon,3,0,3
Welhelmina,0,3,3
Welid,3,0,3
Welisehiwu,0,3,3
Welli,3,3,6
Wellin,0,3,3
Wellyanto,0,3,3
Welmintjie,0,3,3
Welmuth,0,3,3
Weltimus,3,0,3
Welton,3,0,3
Welwitchia,0,3,3
Welwitschia,0,3,3
Wemarie,0,3,3
Wembe,0,3,3
Wemberdina,0,3,3
Wemeldina,0,3,3
Wemelien,0,3,3
Wemelliena,0,3,3
Wemi,3,0,3
Wemko,3,0,3
Wemmechina,0,3,3
Wempke,0,3,3
Wen-Hao,3,0,3
Wen-Jun,3,0,3
Wen-Ming,3,3,6
Wen-qi,0,3,3
Wenaisheley,0,3,3
Wenan,3,0,3
Wencel,3,0,3
Wenceslauda,0,3,3
Wendalie,0,3,3
Wendedina,0,3,3
Wendeesha,0,3,3
Wend√©la,0,3,3
Wendelae,0,3,3
Wendelaine,0,3,3
Wendelaus,3,0,3
Wendelson,3,0,3
Wendelyna,0,3,3
Wendelynn,0,3,3
Wendemi,3,3,6
Wendert,3,0,3
Wendian,0,3,3
Wendien,0,3,3
Wendkouni,3,3,6
Wendle,3,0,3
Wendly,3,0,3
Wendra,0,3,3
Wendrika,0,3,3
Wendyam,0,3,3
Wenika,0,3,3
Wenjing,0,3,3
Wennolinus,3,0,3
Wenselslaus,3,0,3
Wenslauw,3,0,3
Wentana,0,3,3
Wentworth,3,0,3
Wenycha,0,3,3
Wenyu,3,0,3
Wenzelaus,3,0,3
Wenzeline,0,3,3
Wenzelslaus,3,0,3
Wenzeslous,3,0,3
Wepke,3,0,3
Werda,0,3,3
Werdy,3,3,6
Werefrida,0,3,3
Werefrieda,0,3,3
Werekoah,0,3,3
Werena,0,3,3
Weri,3,0,3
Werin,3,3,6
Werja,0,3,3
Wermold,3,0,3
Wern,3,0,3
Wernandus,3,0,3
Werneke,3,3,6
Wernerd,3,0,3
Wernerdina,0,3,3
Wernerius,3,0,3
Wernfridus,3,0,3
Wernhard,3,0,3
Wernke,0,3,3
Weroniek,0,3,3
Werumeus,3,3,6
Wesaal,3,3,6
Wesaam,3,0,3
Wesim,3,0,3
Wesleyn,3,3,6
Weslij,3,0,3
Weslin,3,0,3
Weslyn,0,3,3
Wesnawa,3,0,3
Wesseem,3,0,3
Wesselia,0,3,3
Wesselientje,0,3,3
Wesselin,3,0,3
Wessellena,0,3,3
Wesselliena,0,3,3
Wessels,3,0,3
Wessely,0,3,3
Wessemia,0,3,3
Wessiem,3,0,3
Wessly,3,0,3
Westendorp,3,3,6
Wetser,3,0,3
Wevelien,0,3,3
Weynanda,0,3,3
Weysel,3,0,3
Weza,3,3,6
WGM,0,3,3
Whang,3,0,3
WHC,3,0,3
Whelan,3,0,3
Whendy,0,3,3
Wherona,0,3,3
Whillem,3,0,3
Whinil,3,0,3
Whipple,0,3,3
Whirin,3,0,3
Whistler,3,3,6
Whitleij,0,3,3
Whoody,3,3,6
Whoopy,0,3,3
Whyley,3,0,3
Whynoa,0,3,3
Whyonna,0,3,3
Whyte,3,0,3
Wiaem,0,3,3
Wi√¢m,0,3,3
Wiandra,0,3,3
Wianke,0,3,3
Wibbechiena,0,3,3
Wibbediena,0,3,3
Wibbegina,0,3,3
Wibbes,3,0,3
Wibbiene,0,3,3
Wibbiggien,0,3,3
Wibbigina,0,3,3
Wibecke,0,3,3
Wibiam,3,0,3
Wibichje,0,3,3
Wibie,0,3,3
Wibrecht,3,3,6
Wibrig,0,3,3
Wica,0,3,3
Wichardus,3,0,3
Wichelle,0,3,3
Wicher-Thijn,3,0,3
Wichermina,0,3,3
Wichernanda,0,3,3
Wichers,3,0,3
Wicherta,0,3,3
Wicherte,0,3,3
Wickey,3,0,3
Wictor,3,0,3
Wictoria,0,3,3
Widaad,0,3,3
Widade,0,3,3
Widekind,3,3,6
Widesh,3,0,3
Widhata,3,0,3
Widia-Dewi,0,3,3
Widiadevi,0,3,3
Widiane,0,3,3
Widiaram,3,0,3
Widijawatie,0,3,3
Widisha,0,3,3
Widiya,0,3,3
Widiyanto,3,0,3
Widiyawati,0,3,3
Widjantiemala,0,3,3
Widjantimala,0,3,3
Widjen,3,0,3
Widjendra,3,0,3
Widjentie,0,3,3
Widold,3,0,3
Widyan,0,3,3
Widyanath,3,0,3
Widyanti,0,3,3
Widyarini,0,3,3
Wie-Thai,0,3,3
Wieanne,0,3,3
Wiebe-Henk,3,0,3
Wiebejan,3,0,3
Wieberina,0,3,3
Wieberte,0,3,3
Wiebertine,0,3,3
Wiebertje,0,3,3
Wiebetje,0,3,3
Wiebigjen,0,3,3
Wiebje,0,3,3
Wiebolt,3,0,3
Wiebranda,0,3,3
Wiebrem,3,0,3
Wiebrina,0,3,3
Wiebugje,0,3,3
Wiecherdien,0,3,3
Wiecherina,0,3,3
Wiechina,0,3,3
Wiecia,0,3,3
Wiedija,0,3,3
Wiedjay,3,0,3
Wiedjindra,3,0,3
Wiedse,3,0,3
Wiegerd,3,0,3
Wiegerda,0,3,3
Wiegerius,3,0,3
Wiegher,3,0,3
Wiegmoed,0,3,3
Wieja,3,3,6
Wiejai,3,0,3
Wiejanda,0,3,3
Wiekhas,3,0,3
Wiekje,0,3,3
Wieky,3,3,6
Wielbert,3,0,3
Wieli,3,0,3
Wielly,3,3,6
Wienald,3,0,3
Wienande,0,3,3
Wiendeldina,0,3,3
Wienesh,3,0,3
Wienia,0,3,3
Wienish,3,0,3
Wienishkoemar,3,0,3
Wienita,0,3,3
Wienny,0,3,3
Wienod,3,0,3
Wienolda,0,3,3
Wieptje,0,3,3
Wiera,0,3,3
Wieralda,0,3,3
Wierdine,0,3,3
Wierindra,3,0,3
Wiert-Jan,3,0,3
Wiertine,0,3,3
Wiesal,3,3,6
Wiesanne,0,3,3
Wiese-Lotte,0,3,3
Wieselien,0,3,3
Wieselore,0,3,3
Wiesnoe,3,0,3
Wieswanand,3,0,3
Wiesz,0,3,3
Wieta,0,3,3
Wietdina,0,3,3
Wieter,3,0,3
Wietger,3,0,3
Wietha,0,3,3
Wietke,0,3,3
Wieto,3,0,3
Wietser,3,0,3
Wietsiena,0,3,3
Wietska,0,3,3
Wietz,3,0,3
Wietzen,3,0,3
Wievineke,0,3,3
Wiez,3,3,6
Wigbertina,0,3,3
Wigbolddina,0,3,3
Wigboldiene,0,3,3
Wigboldt,3,0,3
Wigbrord,3,0,3
Wigcherdina,0,3,3
Wige,3,0,3
Wigerda,0,3,3
Wiggebold,3,0,3
Wiggeliena,0,3,3
Wiggeline,0,3,3
Wiggeltsje,0,3,3
Wiggeriena,0,3,3
Wiggerinus,3,0,3
Wigman,3,0,3
Wigtman,3,0,3
Wiguna,3,0,3
Wiibe,3,0,3
Wijaikumar,3,0,3
Wijaja,3,0,3
Wijan,3,0,3
Wijanty,0,3,3
Wijbegina,0,3,3
Wijbergina,0,3,3
Wijbrandt,3,0,3
Wijbrant,3,0,3
Wijbregtje,0,3,3
Wijbricht,0,3,3
Wijdinand,3,0,3
Wije,3,0,3
Wijgina,0,3,3
Wijko,3,0,3
Wijma,0,3,3
Wijmanda,0,3,3
Wijmbert,3,0,3
Wijmen,3,3,6
Wijmia,0,3,3
Wijnaldus,3,0,3
Wijnand-Gijs,3,0,3
Wijnand-Jan,3,0,3
Wijnard,3,0,3
Wijnda,0,3,3
Wijndeldt,3,0,3
Wijnette,0,3,3
Wijnhamer,0,3,3
Wijni,0,3,3
Wijnita,0,3,3
Wijnke,3,0,3
Wijno,3,0,3
Wijnolda,0,3,3
Wijntjen,3,0,3
Wijntjes,3,0,3
Wijny,0,3,3
Wijon,3,0,3
Wijona,0,3,3
Wijpe,3,0,3
Wijsingh,0,3,3
Wijt,3,0,3
Wijven,0,3,3
Wiki,0,3,3
Wikjen,0,3,3
Wiktorian,3,0,3
Wil-Anne,0,3,3
Wil-Janne,0,3,3
Wil-Jo,0,3,3
Wil-Liam,3,0,3
Wilamina,0,3,3
Wilard,3,0,3
Wilawan,0,3,3
Wilbart,3,0,3
Wilberdiena,0,3,3
Wilberth,3,0,3
Wilberthe,0,3,3
Wilbrord,3,0,3
Wilbrorda,0,3,3
Wilcolien,0,3,3
Wilcora,0,3,3
Wildefrida,0,3,3
Wildric,3,0,3
Wileen,0,3,3
Wilem,3,0,3
Wilena,0,3,3
Wilf,3,0,3
Wilfert,3,0,3
Wilfina,0,3,3
Wilfram,3,0,3
Wilgarde,0,3,3
Wilge,3,3,6
Wilgefortis,3,3,6
Wilgerd,3,0,3
Wilgerda,0,3,3
Wilgje,0,3,3
Wilhadis,0,3,3
Wilhado,0,3,3
Wilhanna,3,3,6
Wilharmina,0,3,3
Wilhelimina,0,3,3
Wilhelme,3,3,6
Wilhelmeintje,0,3,3
Wilhelmer,3,0,3
Wilhelmieke,0,3,3
Wilhelmienus,3,0,3
Wilhelmineke,0,3,3
Wilhelmini,0,3,3
Wilhelmino,3,3,6
Wilhelmintje,0,3,3
Wilhelmius,3,0,3
Wilhelmpje,0,3,3
Wilhelmyna,0,3,3
Wilhermiena,0,3,3
Wilhma,0,3,3
Wili,3,0,3
Wiliane,0,3,3
Wilie,3,3,6
Wiljano,3,0,3
Wiljem,3,0,3
Wiljona,0,3,3
Wiljum,3,0,3
Wilkodiena,0,3,3
Wilkora,0,3,3
Willand,3,0,3
Willany,0,3,3
Willardus,3,0,3
Will√©an,3,3,6
Willebertus,3,0,3
Willebroddes,3,0,3
Willebrordi,3,3,6
Willebroudus,3,0,3
Willechien,0,3,3
Willefridus,3,0,3
Willegonda,0,3,3
Willehada,0,3,3
Willehades,3,0,3
Willehardus,3,0,3
Willeine,0,3,3
willem,3,0,3
Willem-Aart,3,0,3
Willem-Barend,3,0,3
Willem-Bas,3,0,3
Willem-Cornelis,3,0,3
Willem-Dani√´l,3,0,3
Willem-David,3,0,3
Willem-Douwe,3,0,3
Willem-Frans,3,0,3
Willem-Gerard,3,0,3
Willem-Henk,3,0,3
Willem-Henri,3,0,3
Willem-Jetze,3,0,3
Willem-John,3,0,3
Willem-Joseph,3,0,3
Willem-Lodewijk,3,0,3
Willem-Matthijs,3,0,3
Willem-Reinder,3,0,3
Willem-Roelof,3,0,3
Willem-Thijs,3,0,3
Willementje,0,3,3
Willemiekje,0,3,3
Willemieneke,0,3,3
Willemies,0,3,3
Willemijnie,0,3,3
Willemijnis,3,0,3
Willemijnte,0,3,3
Willemjaap,3,0,3
Willemmiena,0,3,3
Willempjen,0,3,3
Willemtienus,3,0,3
Willenique,0,3,3
Willephien,0,3,3
Willerinus,3,0,3
Willet,0,3,3
Willette,0,3,3
Willhelm,3,0,3
Willhelmus,3,0,3
William-Lee,3,0,3
William-Peter,3,0,3
Williamson,3,0,3
Williano,3,0,3
Willibaldi,3,3,6
Willibord,3,0,3
Willibrordis,3,3,6
Willida,0,3,3
Williebald,3,0,3
Williebertus,3,0,3
Williebrordes,3,0,3
Willi√®ne,0,3,3
Willienne,0,3,3
Willi√´t,0,3,3
Willi√´tte,0,3,3
Willihardus,3,0,3
Willin,3,0,3
Willinde,0,3,3
Willing,3,0,3
Willjam,3,0,3
Willjan,3,0,3
Willlem,3,0,3
Willma,0,3,3
Willmke,0,3,3
Willon,3,3,6
Willowdean,0,3,3
Willson,3,0,3
Willums,3,0,3
Willy-anne,0,3,3
Willy-Paul,3,3,6
Willyano,3,0,3
Willyem,3,0,3
Willyjan,3,0,3
Willysa,0,3,3
Willytje,0,3,3
Wilmairo,3,0,3
Wilmard,3,0,3
Wilmardyna,0,3,3
Wilmarus,3,3,6
Wilme,0,3,3
Wilmilia,0,3,3
Wilminetta,0,3,3
Wilmintje,0,3,3
Wilminus,3,0,3
Wilmon,3,0,3
Wilnelda,0,3,3
Wilnette,0,3,3
Wilny,0,3,3
Wilone,0,3,3
Wilram,3,0,3
Wilsem,3,0,3
Wilsen,3,0,3
Wilston,3,0,3
Wilten,3,0,3
Wiltinus,3,0,3
Wiltrud,0,3,3
Wilvie,0,3,3
WIM,3,0,3
Wimfred,3,0,3
Wimmeke,0,3,3
Wimmetje,0,3,3
Wimmi,0,3,3
Wimpkje,0,3,3
Wimszoon,3,0,3
Winaisha,0,3,3
Winaldo,3,0,3
Wi√±ana,3,3,6
Winandenie,0,3,3
Winandine,0,3,3
Winchell,3,0,3
Wincy,0,3,3
Windar,3,0,3
Windia,0,3,3
Windimi,0,3,3
Windsor,3,0,3
Winfriedo,3,0,3
Wing-Han,0,3,3
Wing-Hee,0,3,3
Wing-Hien,3,0,3
Wing-Ho,3,0,3
Wing-Hong,3,0,3
Wing-Kei,0,3,3
Wing-Kit,3,0,3
Wing-Lam,0,3,3
Wing-Lok,3,0,3
Wing-Tong,0,3,3
Wing-Whai,3,0,3
Wing-Yien,3,0,3
Wing-Yu,0,3,3
Wingerine,0,3,3
Winghong,3,0,3
Winibald,3,0,3
Winice,0,3,3
Winifrid,0,3,3
Winifrida,0,3,3
Winifrieda,0,3,3
Winkje,0,3,3
Winko,3,0,3
Winly,3,3,6
Winnard,3,3,6
Winnelien,0,3,3
Winney,3,3,6
Winnibald,3,0,3
Winnifreda,0,3,3
Winnyfrieda,0,3,3
Winofrida,0,3,3
Winood,3,0,3
Winsingh,3,0,3
Wint,3,3,6
Winya,0,3,3
Winyfred,0,3,3
Winyie,0,3,3
Wiony,3,3,6
Wipbiena,0,3,3
Wipie,0,3,3
Wiralda,0,3,3
Wirano,3,0,3
Wireen,0,3,3
Wireko,3,0,3
Wiremu,3,0,3
Wirendersing,3,0,3
Wirendre,3,0,3
Wirendresingh,3,0,3
Wireshma,0,3,3
Wirhoe,3,0,3
Wirinderpersad,3,0,3
Wirindre,3,0,3
Wirindredath,3,0,3
Wiroatmodjo,3,0,3
Wirre,3,0,3
Wirsingh,3,0,3
Wischa,3,3,6
Wischke,0,3,3
Wisette,0,3,3
Wisha,3,0,3
Wishai,3,0,3
Wishart,3,0,3
Wishbone,3,0,3
Wishin,3,0,3
Wishnoe,3,0,3
Wishva,3,0,3
Wishwaas,3,0,3
Wishwanie,0,3,3
Wishwenath,3,0,3
Witger,3,0,3
Withya,0,3,3
Witish,3,0,3
Witius,3,0,3
Witmar,3,0,3
Witsen,3,0,3
Witta,0,3,3
Wivieneke,0,3,3
Wiwien,0,3,3
Wiwik,3,3,6
Wiwit,0,3,3
Wiyan,0,3,3
WJA,0,3,3
WJG,0,3,3
Wlad,3,0,3
Wladek,3,0,3
Wladijstaw,3,0,3
Wladima,0,3,3
WlƒÅdyslaw,3,0,3
WMJ,3,3,6
WMM,3,3,6
Wobbechie,0,3,3
Wobbegiene,0,3,3
Wobberdina,0,3,3
Wobbieno,3,0,3
Wobbrich,0,3,3
Wobgiena,0,3,3
Wobinus,3,0,3
Wobje,0,3,3
Wobkina,0,3,3
Woden,3,0,3
Wodian,3,0,3
Woedolf,3,0,3
Woei-Pien,3,0,3
Woelan,0,3,3
Woeng,3,0,3
Woh,3,0,3
Woizero,0,3,3
Wolanda,0,3,3
Wolbarta,0,3,3
Wolbertina,0,3,3
Wolbodo,3,0,3
Wolburga,0,3,3
Wolde,3,0,3
Woldegebriel,0,3,3
Wolderdina,0,3,3
Woldeselassie,0,3,3
Wolfaart,3,0,3
Wolferinus,3,0,3
Wolframp,3,0,3
Wolfran,3,0,3
Wolfrina,0,3,3
Wolga,0,3,3
Wolinda,0,3,3
Wolkertsje,0,3,3
Wolle,3,0,3
Wollebrand,3,0,3
Wolraad,3,0,3
Wolterdine,0,3,3
Wolterine,0,3,3
Wolterinus,3,0,3
Wolterszoon,3,0,3
Woltherdina,0,3,3
Woltheres,3,0,3
Woltheris,3,0,3
Wolting,3,0,3
Woly,3,3,6
Womei,0,3,3
Wonah,0,3,3
Wongsakorn,3,0,3
Wonno,3,0,3
Wook,3,0,3
Woosje,0,3,3
Wooty,0,3,3
Wopkelina,0,3,3
Wopkeline,0,3,3
Woppe,3,0,3
Woppie,0,3,3
Worp,3,0,3
Worship,0,3,3
Woshua,3,0,3
Wotienke,0,3,3
Woudje,3,3,6
Woudriaan,3,0,3
Woudriena,0,3,3
Wougje,0,3,3
Woulien,0,3,3
Wouline,0,3,3
Wourina,0,3,3
Wous,3,3,6
Woutega,0,3,3
Wouter-Evert,3,0,3
Wouter-Frank,3,0,3
Wouterdien,0,3,3
Wouterdinus,3,0,3
Wouteriana,0,3,3
Wouteriny,0,3,3
Wouterna,0,3,3
Wouterrina,0,3,3
Wouters,3,0,3
Woutherino,0,3,3
Woutiena,0,3,3
Woutinus,3,0,3
Woutrineke,0,3,3
Woutsje,0,3,3
Wouttina,0,3,3
Wouwtera,0,3,3
Wria,3,0,3
Wrinda,0,3,3
Wrista,0,3,3
Writsaert,3,0,3
Writzers,3,0,3
Wrolf,3,0,3
Wsam,3,0,3
Wub,3,3,6
Wubbechie,0,3,3
Wubbelina,0,3,3
Wubbiggien,0,3,3
Wubbinius,3,0,3
Wubbogiena,0,3,3
Wubbolina,0,3,3
Wubby,0,3,3
Wubchien,0,3,3
Wubchiene,0,3,3
Wubine,0,3,3
Wubinna,0,3,3
W√ºbke,0,3,3
Wubo,3,0,3
Wuf,3,0,3
Wugbold,3,0,3
Wugbolt,3,0,3
Wulferd,3,0,3
Wulffiena,0,3,3
Wulfine,0,3,3
Wulframnus,3,0,3
Wulfranes,3,0,3
Wulfrardus,3,0,3
Wulfrieda,0,3,3
Wulu,3,0,3
Wulvens,3,0,3
Wulver,3,0,3
Wunjo,3,0,3
Wunold,3,0,3
Wupbina,0,3,3
Wupgina,0,3,3
Wybaut,3,0,3
Wybe-Jan,3,0,3
Wyberty,0,3,3
Wybes,3,3,6
Wybette,0,3,3
Wybien,0,3,3
Wybina,0,3,3
Wyboud,3,0,3
Wybran,3,0,3
Wybre,3,0,3
Wybrechtje,0,3,3
Wybrigdina,0,3,3
Wychand,3,0,3
Wychart,3,0,3
Wyck,3,0,3
Wycliff,3,0,3
Wyco,3,0,3
Wydo,3,0,3
Wygert,3,0,3
Wyha,0,3,3
Wyindra,3,0,3
Wykeham,3,0,3
Wykia,0,3,3
Wylliam,3,0,3
Wyman,3,0,3
Wymar,3,0,3
Wyncke,0,3,3
Wyneth,0,3,3
Wynetta,0,3,3
Wynita,0,3,3
Wynna,0,3,3
Wynnona,0,3,3
Wynoa,0,3,3
Wynono,3,0,3
Wynoud,3,0,3
Wynoudt,3,0,3
Wynse,3,0,3
Wyon,3,0,3
Wyonna,0,3,3
Wypie,0,3,3
Wypkeline,0,3,3
Wyra,0,3,3
Wyrd,3,0,3
Wysem,3,0,3
Wyta,0,3,3
Wytautas,3,0,3
Wyts,0,3,3
Wytso,3,0,3
Wytzen,3,0,3
W≈Çadis≈Çaw,3,0,3
W≈Çodzimierz,3,0,3
W'Emengo,3,0,3
W.M.,3,0,3
Wa'iel,3,0,3
Wa-il,3,0,3
Wa-Ying,0,3,3
Waadiya,0,3,3
Waadjid,3,0,3
Waadjied,3,0,3
Waahid,3,0,3
Waahied,3,0,3
Waail,3,0,3
Waa√Øl,3,0,3
Waa√Øll,3,0,3
Waajecle,3,0,3
Waak,3,0,3
Waalcko,3,0,3
Waalewijn,3,0,3
Waallina,0,3,3
Waamdev,3,0,3
Waana,0,3,3
Waandelina,0,3,3
Waanja,0,3,3
Waaqar,3,0,3
Waaries,3,0,3
Waasika,0,3,3
Waasila,0,3,3
Waate,3,0,3
Waazna,0,3,3
WAB,3,0,3
Wabbechina,0,3,3
Wabeline,0,3,3
Wabi,3,0,3
Wabivot,0,3,3
Wac,3,0,3
WAC,0,3,3
Wacaro,0,3,3
Waceem,3,0,3
Wacheke,0,3,3
Wachik,3,0,3
Wachira,3,0,3
Wachirawit,3,0,3
Wachitaya,3,0,3
Wachlawa,0,3,3
Wacholda,0,3,3
Wachoro,0,3,3
Wachou,0,3,3
Wachtel,3,0,3
Wachuka,0,3,3
Wacia,0,3,3
Wacio,3,0,3
Wactawa,0,3,3
Wad,0,3,3
Wadada,3,0,3
Wadahni,0,3,3
Wadaq,3,0,3
Waddie,0,3,3
Waddik,3,0,3
Waddilove,0,3,3
Waddington,3,0,3
Waddy,3,0,3
Waded,0,3,3
Wadeen,3,0,3
Wadeke,0,3,3
Wadem,3,0,3
Wadha,0,3,3
Wadhi,0,3,3
Wadhilikhilie,3,0,3
Wadhya,0,3,3
Wadi√¢,3,0,3
Wadiagatoen,0,3,3
Wadi√™,3,0,3
Wadi√©,3,0,3
Wadi√´,3,0,3
Wadiel,0,3,3
Wadi√Ø,3,0,3
Wadilia,0,3,3
Wadin,3,0,3
Wadino,3,0,3
Wadislav,3,0,3
Wadislaw,3,0,3
Wadiyat,0,3,3
Wadjadali,3,0,3
Wadjibi,0,3,3
Wadjieha,0,3,3
Wadjielie,3,0,3
Wadjiet,3,0,3
Wadjiha,0,3,3
Wadley,3,0,3
Wadna,0,3,3
Wado,3,0,3
Wadood,0,3,3
Wadse,3,0,3
Wadson,3,0,3
Wadud,3,0,3
Wadym,3,0,3
Waeaka,3,0,3
Waed,0,3,3
Waeel,3,0,3
Waeil,3,0,3
Wa√©l,3,0,3
Wa√´lesia,0,3,3
Waelko,3,0,3
Waelonatano,3,0,3
Waeltsje,3,0,3
Wae√∂by,0,3,3
Waey,3,0,3
Waez,3,0,3
WAF,3,0,3
Wafea,0,3,3
Wafeeq,3,0,3
Waffyadam,3,0,3
Wafiesa,0,3,3
Wafik,0,3,3
Wafika,0,3,3
Wafiqah,0,3,3
Wafiqua,0,3,3
Wafqi,3,0,3
WAG,3,0,3
Wagaevna,0,3,3
Wagar,0,3,3
Wagdewie,0,3,3
Wagel,0,3,3
Wagelis,3,0,3
Wagema,0,3,3
Wag√©min,3,0,3
Wagerin,3,0,3
Wagia,0,3,3
Wagida,0,3,3
Wagiena,0,3,3
Wagijo,3,0,3
Wagimah,0,3,3
Wagiroen,3,0,3
Wagiso,3,0,3
Wagma,0,3,3
Wagmah,0,3,3
Wagne,3,0,3
Waguih,3,0,3
Wagy,0,3,3
Wah-Li,0,3,3
Wah-Ling,3,0,3
Wah-Tho,3,0,3
Wahabi,3,0,3
Wahabu,3,0,3
Wahabullah,3,0,3
Wahad,3,0,3
Wahap,3,0,3
Wahazit,0,3,3
Wahb,3,0,3
Wahbia,0,3,3
Wahdanya,0,3,3
Wahdi,3,0,3
Waheb,3,0,3
Wahedshah,3,0,3
Waheeb,3,0,3
Wah√©eda,0,3,3
Waheedagatoen,0,3,3
Waheedali,3,0,3
Waheid,3,0,3
Wahein,0,3,3
Wahek,3,0,3
Wahel,3,0,3
Wahely,0,3,3
Wahez,3,0,3
Wahibi,3,0,3
Wahidaghatoen,0,3,3
Wahidah,0,3,3
Wahidawahid,0,3,3
Wahide,0,3,3
Wahidhoesain,3,0,3
Wahieba,0,3,3
Wahiedagatoen,0,3,3
Wahiedah,0,3,3
Wahiedakhatoen,0,3,3
Wahiedalie,3,0,3
Wahiedarahaman,0,3,3
Wahiek,3,0,3
Wahiel,3,0,3
Wahiiba,0,3,3
Wahiibah,0,3,3
Wahik,3,0,3
Wahil,3,0,3
Wahim,3,0,3
Wahit,3,0,3
Wahjoeni,0,3,3
Wahlea,3,0,3
Wahleeah,0,3,3
Wahlilius,3,0,3
Wahnita,0,3,3
Wahnona,0,3,3
Wahram,3,0,3
Wahyodi,3,0,3
Wahyoeningroem,0,3,3
Wahyono,3,0,3
Wahyudio,3,0,3
Wahyuning,0,3,3
Wai'l,3,0,3
Wai-Chee,0,3,3
Wai-Chun,3,0,3
Wai-Fong,0,3,3
Wai-Git,3,0,3
Wai-Han,0,3,3
Wai-Hee,3,0,3
Wai-hing,0,3,3
Wai-Hon,3,0,3
Wai-Jin,0,3,3
Wai-Jong,0,3,3
Wai-jun,3,0,3
Wai-Ka,0,3,3
Wai-Kai,3,0,3
Wai-keen,3,0,3
Wai-Kei,0,3,3
Wai-Keung,0,3,3
Wai-Khay,3,0,3
Wai-Khee,0,3,3
Wai-Kin,3,0,3
Wai-Kon,3,0,3
Wai-Kwan,0,3,3
Wa√Ø-Long,3,0,3
Wai-Lun,3,0,3
Wai-Lung,3,0,3
Wai-Nang,3,0,3
Wai-on,0,3,3
Wai-Pon,3,0,3
Wai-Pong,3,0,3
Wai-Sam,0,3,3
Wai-See,0,3,3
Wai-Si,0,3,3
Wai-Sin,0,3,3
Wai-Sun,3,0,3
Wai-Wah,3,0,3
Wai-Yie,0,3,3
Wai-Yip,3,0,3
Waia,0,3,3
Waicaipuro,3,0,3
Waico,3,0,3
Waida,0,3,3
Waidehie,0,3,3
Waidhyanathan,3,0,3
Wa√Øel,3,0,3
Wai√´l,3,0,3
Waiez,3,0,3
Waih,0,3,3
Waih-Tchang,0,3,3
Waihied,3,0,3
Waihura,3,0,3
Waija,0,3,3
Waijada,0,3,3
Waiji,0,3,3
Waikee,0,3,3
Waiki,0,3,3
Waiking,3,0,3
Waikit,3,0,3
Waikuma,3,0,3
wail,3,0,3
Wailam,0,3,3
Wailen,3,0,3
Wailet,0,3,3
Wailing,0,3,3
Waill,3,0,3
Wailua,3,0,3
Wailung,3,0,3
Waily,0,3,3
Waimanalani,3,0,3
Waimasa,3,0,3
Waimat,3,0,3
Waimea,0,3,3
Waimeah,0,3,3
Waimeo,3,0,3
Waiming,3,0,3
Waimomi,0,3,3
Wainagelo,3,0,3
Wainaina,3,0,3
Wainand,3,0,3
Wainde,0,3,3
Waine,3,0,3
Wainetta,0,3,3
Wainey,3,0,3
Wainona,0,3,3
Wainys,0,3,3
Waiona,0,3,3
Waios,3,0,3
Wa√Øos,3,0,3
Wa√Øra,0,3,3
Wairati,0,3,3
Wairesa,3,0,3
Wairesi,3,0,3
Waisan,0,3,3
Waiseran,3,0,3
Waishaali,0,3,3
Waishali,0,3,3
Waishnawa,0,3,3
Waishnawiedewi,0,3,3
Waishnovi,0,3,3
Waisnawi,0,3,3
Waisson,3,0,3
Waita,0,3,3
Waitaha,0,3,3
Waitak,3,0,3
Waithera,0,3,3
Waitimu,3,0,3
Waitina,3,0,3
Waitske,0,3,3
Waiwai,0,3,3
Waiy,0,3,3
Waiyego,0,3,3
WaiYin,3,0,3
Waiyn,0,3,3
Waiz-Ahmed,3,0,3
Waj,3,0,3
Waja,0,3,3
Wajahait,3,0,3
Wajahet,3,0,3
Wajaht,3,0,3
Wajd,3,0,3
Waje√§,0,3,3
Wajed,3,0,3
Wajeeh,3,0,3
Wajeel,3,0,3
Wajeha,0,3,3
Wajhaad,3,0,3
Wajia,0,3,3
Wajif,3,0,3
Wajio,3,0,3
Wajira,0,3,3
Wajiroh,0,3,3
Wajiru,0,3,3
Wajmeh,0,3,3
Wajodi,3,0,3
Wajoe,3,0,3
Wajoedie,3,0,3
Wajoet,0,3,3
Wajong,3,0,3
Wakaas,3,0,3
Wakaluba,0,3,3
Wakar,3,0,3
Wakas,3,0,3
Wakash,3,0,3
Wakeena,0,3,3
Wakeera,0,3,3
Wakeze,0,3,3
Wakhidsalam,3,0,3
Wakidin,3,0,3
Wakidjah,0,3,3
Wakiel,3,0,3
Wakim,3,0,3
Wakiman,3,0,3
Wakinah,0,3,3
Wakinda,3,0,3
Wakinyan,3,0,3
Wakio,0,3,3
Wakisa,0,3,3
Wakjoe,3,0,3
Walaaya,0,3,3
Waladistaw,3,0,3
Walah,0,3,3
Walahfrid,3,0,3
Walalerios,3,0,3
Walama,0,3,3
Walanda,0,3,3
Walangah,0,3,3
Walantina,0,3,3
Walantis,3,0,3
Walaq,0,3,3
Walardus,3,0,3
Walaricus,3,0,3
Walasis,3,0,3
Walay,0,3,3
Walber,3,0,3
Walborgh,3,0,3
Walborra,0,3,3
Walbrecht,3,0,3
Walb√ºga,0,3,3
Walburch,0,3,3
Walburcha,3,0,3
Walburgar,0,3,3
Walburgius,3,0,3
Walburka,0,3,3
Walchus,3,0,3
Walcina,0,3,3
Waldebart,3,0,3
Waldeberta,0,3,3
Waldefrida,0,3,3
Waldefridus,3,0,3
Waldegard,3,0,3
Waldek,3,0,3
Waldelmar,3,0,3
Waldemaar,3,0,3
Waldemara,0,3,3
Waldemarie,0,3,3
Waldemary,0,3,3
Waldenar,3,0,3
Waldensia,0,3,3
Walder,3,0,3
Walderick,3,0,3
Walderus,3,0,3
Waldfried,3,0,3
Waldicio,3,0,3
Waldie-Fran√ßois,3,0,3
Waldiemir,3,0,3
Waldien,0,3,3
Waldiena,0,3,3
Waldimier,3,0,3
Waldimiro,3,0,3
Waldinda,0,3,3
Waldini,0,3,3
Waldjina,0,3,3
Waldmar,3,0,3
Waldmir,3,0,3
Waldona,0,3,3
Waldor,3,0,3
Waldradine,0,3,3
Waldrant,0,3,3
Waldric,3,0,3
Waldrich,3,0,3
Waldrina,0,3,3
Waleah,0,3,3
Waleeah,0,3,3
Waleine,0,3,3
Walencia,0,3,3
Walendino,3,0,3
Walenti,3,0,3
Walentien,3,0,3
Walera,0,3,3
Waleram,3,0,3
Wal√©ria,0,3,3
Walericus,3,0,3
Walerie,0,3,3
Wal√©rie,3,0,3
Walerina,0,3,3
Walerius,3,0,3
Waleriya,0,3,3
Walerjan,3,0,3
Walerka,0,3,3
Walery,0,3,3
Walesa,3,0,3
Walesca,0,3,3
Waleschka,0,3,3
Walescka,0,3,3
Walewyn,3,0,3
Walexandro,3,0,3
Walfrid,3,0,3
Walfrides,3,0,3
Walfridis,3,0,3
Walfrido,3,0,3
Walgeria,0,3,3
Walher,3,0,3
Walherus,3,0,3
Walicia,0,3,3
Walidabdulla,3,0,3
Walidi,3,0,3
Walidjo,3,0,3
Walieddine,3,0,3
Waliej,3,0,3
Walien,0,3,3
Walieyya,0,3,3
Walieyyagatoen,0,3,3
Walifa,0,3,3
Walika,0,3,3
Walimah,0,3,3
Walimai,0,3,3
Walime,3,0,3
Walinka,0,3,3
Walino,3,0,3
Walintina,0,3,3
Walisa,0,3,3
Waliyah,0,3,3
Waliyuddin,3,0,3
Waljina,0,3,3
Walken,3,0,3
Walkiri,0,3,3
Walko,3,0,3
Wallaa,0,3,3
Walladina,0,3,3
Wallan,0,3,3
Wallander,3,0,3
Wallardus,3,0,3
Wall√©,3,0,3
Wallena,0,3,3
Wallentien,3,0,3
Wallentine,3,0,3
Wallerand,3,0,3
Walleria,0,3,3
Wallericus,3,0,3
Wallerina,0,3,3
Wall√™ska,0,3,3
Wallica,0,3,3
Walliejja,0,3,3
Walliena,0,3,3
Walli√´ntina,0,3,3
Wallim,3,0,3
Walliman,3,0,3
Walling,3,0,3
Wallit,3,0,3
Wallon,3,0,3
Walls,0,3,3
Wally-Joe,3,0,3
Walmar,3,0,3
Walmir,3,0,3
Walodia,3,0,3
Walodya,3,0,3
Waloe,3,0,3
Wal≈çk≈çma,3,0,3
Walouska,0,3,3
Walphrida,0,3,3
Walraban,3,0,3
Walrade,0,3,3
Walraed,3,0,3
Walrava,0,3,3
Walric,3,0,3
Walrica,0,3,3
Walrikus,3,0,3
Wals,3,0,3
Walsen,3,0,3
Walsh,0,3,3
Walsie,0,3,3
Walsito,3,0,3
Walstra,0,3,3
Waltari,3,0,3
Walte-Jan,3,0,3
Waltea,0,3,3
Walten,3,0,3
Waltenar,3,0,3
W√¢lter,3,0,3
Walt√©r,0,3,3
Walter-Alexander,3,0,3
Walter-John,3,0,3
Walter-Leon,3,0,3
Walter-Mylan,3,0,3
Walter-Wijtze,3,0,3
Walt√©ra,0,3,3
Walterdina,0,3,3
Walteres,3,0,3
Walteri,0,3,3
Walterianus,3,0,3
Walterjan,3,0,3
Walterke,0,3,3
Waltero,3,0,3
Walterovich,3,0,3
Walterovna,0,3,3
Walt√©rus,3,0,3
Waltfriede,0,3,3
Waltgeres,3,0,3
Walthar,3,0,3
Walthe,3,0,3
Walther-Werner,3,0,3
Waltheras,0,3,3
Walth√©re,3,0,3
Waltheriana,0,3,3
Walth√©rus,3,0,3
Walthi√®ro,3,0,3
Walthina,0,3,3
Walthruda,0,3,3
Walti,0,3,3
Waltie,0,3,3
Waltira,0,3,3
Waltjalie,0,3,3
Walto,3,0,3
Waltra,0,3,3
Waltraudi,0,3,3
Waltraudt,3,0,3
Waltrie,0,3,3
Waltroud,0,3,3
Waltrudes,0,3,3
Waltruide,0,3,3
Waltruut,0,3,3
Waltsje,0,3,3
W√¢ltsje,0,3,3
Walumbuka,3,0,3
Walusimbi,3,0,3
Walvarina,0,3,3
Walwala,0,3,3
Walwilaja,0,3,3
Walya,0,3,3
Walynn,0,3,3
Wama,0,3,3
Wamaer,3,0,3
Wamah,3,0,3
Waman,0,3,3
Wamay,3,0,3
Wambiru,3,0,3
Wami,3,0,3
Wamied,0,3,3
Wamiq,3,0,3
Wamme,3,0,3
Wammes,3,0,3
Wamoeri,0,3,3
Wamoga,0,3,3
Wamuyu,0,3,3
WƒÉn,0,3,3
Wan-Chi,0,3,3
Wan-Chung,3,0,3
Wan-Fay,3,0,3
Wan-Fei,3,0,3
Wan-Hiem,3,0,3
Wan-Leng,0,3,3
Wan-Li,3,0,3
Wan-Long,3,0,3
Wan-Man,3,0,3
Wan-Min,0,3,3
Wan-Peeng,0,3,3
Wan-Ten,0,3,3
Wan-Tsui,0,3,3
Wan-Tze,3,0,3
Wan-Wah,0,3,3
Wan-Wing,3,0,3
Wan-Yen,0,3,3
Wanaisa,0,3,3
Wanar,3,0,3
Wanaro,3,0,3
Wanasua,3,0,3
Wanawsha,0,3,3
Wanbli,3,0,3
Wanchan√†,3,0,3
Wanchana,0,3,3
Wanchese,3,0,3
Wanchita,0,3,3
Wanchy,0,3,3
Wancy,0,3,3
Wanda-Marie,0,3,3
Wandah,0,3,3
Wandalin,0,3,3
Wandana-Devi,0,3,3
Wandanadeby,0,3,3
Wandanadewie,0,3,3
Wandanakoemarie,0,3,3
Wandannadebie,0,3,3
Wandannadevi,0,3,3
Wandar,3,0,3
Wandela,0,3,3
Wandeldina,3,0,3
Wandelien,0,3,3
Wandelinus,3,0,3
Wandenadebi,0,3,3
Wandenadevi,0,3,3
Wandeni,0,3,3
Wandeniedivie,0,3,3
Wander-Jan,3,0,3
Wander-Mathijs,3,0,3
Wanderd,3,0,3
Wanderdiena,0,3,3
Wanderico,3,0,3
Wanderika,0,3,3
Wanderinus,3,0,3
Wanderlea,0,3,3
Wanderleia,0,3,3
Wanderriena,0,3,3
Wandertje,0,3,3
Wandevi,0,3,3
Wandewi,0,3,3
Wandhana-Devi,0,3,3
Wandhanadebie,0,3,3
Wandhanawatie,0,3,3
Wandhita,0,3,3
Wandieta,0,3,3
Wandisa,0,3,3
Wandita,0,3,3
Wandjanie,0,3,3
Wandley,3,0,3
Wandna,0,3,3
Wandr√©,3,0,3
Wandrea,0,3,3
Wandrick,3,0,3
Wandye,0,3,3
Waneesha,0,3,3
Waneeza,0,3,3
Wanes,0,3,3
Wanest,3,0,3
Wanette,0,3,3
Wanfred,3,0,3
Wanfrid,3,0,3
Wang-Fa,3,0,3
Wang-Kai,3,0,3
Wang-Li,3,0,3
Wang-Qingyan,0,3,3
Wang-Wei,3,0,3
Wang-Xiongkai,3,0,3
Wang-Yee,0,3,3
Wang-Ying,3,0,3
Wang-Yong,3,0,3
Wang-Zhen,3,0,3
Wang-Zhiqing,0,3,3
Wangani,3,0,3
Wangara,0,3,3
Wangdanawatie,0,3,3
Wangelis,3,0,3
Wanger,3,0,3
Wangeshi,0,3,3
Wanghao,3,0,3
Wanghe,3,0,3
Wangile,0,3,3
Wangjem,3,0,3
Wangjun,3,0,3
Wangui,0,3,3
Wangxi,0,3,3
Wangxin,3,0,3
Waniah,0,3,3
Wanica,3,0,3
Waniesha,0,3,3
Waniet,0,3,3
Wanincka,0,3,3
Waninongo,3,0,3
Waninta,0,3,3
Wanish,3,0,3
Wanishad√©vi,0,3,3
Wanishadewi,0,3,3
Wanishca,0,3,3
Wanishka,0,3,3
Wanishma,0,3,3
Wanit,0,3,3
Wanitha,0,3,3
Wanitra,0,3,3
Wanitta,0,3,3
Wanjala,0,3,3
Wanjay,3,0,3
Wanji,3,0,3
Wanjiko,0,3,3
Wanjoesjka,3,0,3
Wanjohi,3,0,3
Wanjun,0,3,3
Wankja,0,3,3
Wanli,3,0,3
Wanling,0,3,3
Wanloon,3,0,3
Wannakhon,0,3,3
Wannakrich,3,0,3
Wannarat,3,0,3
Wannasit,3,0,3
Wanneke,0,3,3
Wannerd,3,0,3
Wanneris,3,0,3
Wannessa,0,3,3
Wannida,0,3,3
Wannisa,0,3,3
Wannissa,0,3,3
Wannita,0,3,3
Wanoehi,0,3,3
Wanohi,0,3,3
Wanoma,0,3,3
Wanona,0,3,3
Wanouk,3,0,3
Wanpen,0,3,3
Wanrade,0,3,3
Wanraj,3,0,3
Wansa,0,3,3
Wansbeek,3,0,3
Wanschika,0,3,3
Wansene,0,3,3
Wanshita,0,3,3
Wanshun,3,0,3
Wanska,0,3,3
Wansley,3,0,3
Wansradj,3,0,3
Wanssa,3,0,3
Wantana,0,3,3
Wantanoma,0,3,3
Wanthanalert,0,3,3
Wanti,0,3,3
Wantinee,0,3,3
Wantoo,3,0,3
Wantuadi,3,0,3
Wanxi,0,3,3
Wanxia,0,3,3
Wanyae,3,0,3
Wanyama,3,0,3
Wany√©,3,0,3
Wanyee,0,3,3
WanYin,0,3,3
Wanyne,3,0,3
Wanyta,0,3,3
Wanyuan,0,3,3
Wanzambi,3,0,3
Wanze,3,0,3
Wanzie,3,0,3
Waomi,0,3,3
Waou,3,0,3
Wappy,0,3,3
Waqam,3,0,3
Waqar-Un-Nisa,0,3,3
Waqas-Ali,3,0,3
Waqeel,3,0,3
Waqid,3,0,3
Waqil,3,0,3
Waquin,3,0,3
Warad,3,0,3
Waradana,3,0,3
Warah,0,3,3
Warakaname,0,3,3
Warakuma,3,0,3
Warallie,0,3,3
Warand,3,0,3
Warangkana,0,3,3
Waranthi,0,3,3
Waranyu,3,0,3
Waraphon,0,3,3
Waraqah,3,0,3
Waras,3,0,3
Waraysha,0,3,3
Warbaud,3,0,3
Warber,3,0,3
Warbina,0,3,3
Warbit,3,0,3
Warchenidevie,0,3,3
Warchenie,0,3,3
Warcia,0,3,3
Ward-Enno,3,0,3
Ward-Jop,3,0,3
Wardaan,3,0,3
Wardak,0,3,3
Wardana,3,0,3
Wardane,0,3,3
Wardani,0,3,3
Wardany,3,0,3
Warde,0,3,3
Wardeh,0,3,3
Wardell,3,0,3
Wardenaar,3,0,3
Wardges,3,0,3
Wardhani,0,3,3
Wardhono,3,0,3
Ward√Øa,0,3,3
Wardian,3,0,3
Wardiena,0,3,3
Wardienna,0,3,3
Wardiharto,3,0,3
Wardija,0,3,3
Wardini,0,3,3
Wardit,0,3,3
Wardley,3,0,3
Wardman,3,0,3
Wardon,3,0,3
Wardsana,0,3,3
Warduhi,0,3,3
Wardya,0,3,3
Wardzen,3,0,3
Wareda,0,3,3
Waree,0,3,3
Wareeshia,0,3,3
Warenda,0,3,3
Waresha,0,3,3
Warfjoum,3,0,3
Waria,0,3,3
Warian,3,0,3
Wariandie,3,0,3
Warianna,0,3,3
Wariboko,3,0,3
Warice,0,3,3
Warich,3,0,3
Warid,3,0,3
Waridi,3,0,3
Waridin,3,0,3
Waridjem,0,3,3
Wariez,3,0,3
Warijanni,0,3,3
Warijanti,0,3,3
Warijanto,3,0,3
Warina,0,3,3
Warinalda,0,3,3
Warindra,3,0,3
Warinem,0,3,3
Warini,0,3,3
Warinka,0,3,3
Warino,3,0,3
Warinus,3,0,3
Warisa,0,3,3
Warisara,0,3,3
Warise,0,3,3
Warish,3,0,3
Warisman,3,0,3
Warisna,0,3,3
Warit,3,0,3
Waritiek,0,3,3
Wariza,0,3,3
Warj√Æn,0,3,3
Warlien,3,0,3
Warman,3,0,3
Warmels,3,0,3
Warmer,3,0,3
Warmi,0,3,3
Warmolda,0,3,3
Warmont,3,0,3
Warmund,3,0,3
Warm√ºnda,0,3,3
Warnaard,3,0,3
Warnadina,0,3,3
Warnakulasoori,0,3,3
Warnanda,0,3,3
Warndertje,0,3,3
Warndina,0,3,3
Warneerdus,3,0,3
Warnelien,0,3,3
Warnerd,3,0,3
Warnerdiena,0,3,3
Warney,3,0,3
Warnford,3,0,3
Warnfried,3,0,3
Warni,0,3,3
Warnish,0,3,3
Warnita,0,3,3
Warniti,0,3,3
Warnlina,0,3,3
Warnoud,3,0,3
Warnt,3,0,3
Warntjedina,0,3,3
Warod,3,0,3
Waroenadevie,0,3,3
Waroenkumar,3,0,3
Waroj,3,0,3
Waron,0,3,3
Waros,3,0,3
Warosh,3,0,3
Warouw,3,0,3
Warran,3,0,3
Warrendien,0,3,3
Warrendina,0,3,3
Warrener,3,0,3
Warriboko,3,0,3
Warringina,0,3,3
Warris,0,3,3
Warro,3,0,3
Warsam√®,3,0,3
Warsameh,3,0,3
Warsane,3,0,3
Warsay,3,0,3
Warschena,0,3,3
Warseane,0,3,3
Warsem,0,3,3
Warsenik,0,3,3
Warshaa,0,3,3
Warshakumari,0,3,3
Warshan,3,0,3
Warshani,0,3,3
Warshanie,0,3,3
Warshia,0,3,3
Warshika,0,3,3
Warshin,3,0,3
Warsi,3,0,3
Warsiah,0,3,3
Warsiane,0,3,3
Warsiena,0,3,3
Warsieno,3,0,3
Warsija,0,3,3
Warsijah,0,3,3
Warsina,0,3,3
Warsinah,0,3,3
Warsini,0,3,3
Warsinie,0,3,3
Warsinus,3,0,3
Warsita,0,3,3
Warsja,0,3,3
Warsnau,0,3,3
Warson,3,0,3
Warsowie,0,3,3
Warsse,3,0,3
Warsselina,0,3,3
Wart-Jan,3,0,3
Wart-Ulysses,3,0,3
Wartanus,3,0,3
Warth,3,0,3
Warthie,0,3,3
Warthur,3,0,3
Wartijah,0,3,3
Wartika,0,3,3
Wartimah,0,3,3
Wartinah,0,3,3
Wartinem,0,3,3
Wartjhas,3,0,3
Wartkes,3,0,3
Wartkez,3,0,3
Wartohi,0,3,3
Wartono,3,0,3
Waru,0,3,3
Waruchan,3,0,3
Warukira,0,3,3
Warulio,3,0,3
Warunee,0,3,3
Warune√©,0,3,3
Warunkumar,3,0,3
Warvan,3,0,3
Warvien,0,3,3
Warware,0,3,3
Warwin,0,3,3
Warzad,3,0,3
Wasally,3,0,3
Wasam,3,0,3
Wasan,0,3,3
WƒÅsanƒÅ,0,3,3
Wasant,3,0,3
Wasantha,0,3,3
Wasanthi,0,3,3
Wasantkumar,3,0,3
Wasara,3,0,3
Wasay,3,0,3
Wasco,3,0,3
Wase,0,3,3
Waseel,3,0,3
Wase√©m,3,0,3
Waseemagatoen,0,3,3
Waseemkhan,3,0,3
Wasek,3,0,3
Waselis,0,3,3
Waselisa,0,3,3
Waseme,0,3,3
Wasena,0,3,3
Wasey,3,0,3
Wasfi,3,0,3
Washaka,0,3,3
Washakie,3,0,3
Washanda,0,3,3
Washi,3,0,3
Washiesth,3,0,3
Washika,0,3,3
Washima,0,3,3
Washisht,3,0,3
Washistj,3,0,3
Washnavi,0,3,3
Washnie,0,3,3
Washoedew,3,0,3
Washta,0,3,3
Wasi-Ullah,3,0,3
Wasieda,0,3,3
Wasiel,3,0,3
Wasiela,0,3,3
Wasifa,0,3,3
Wasih,0,3,3
Wasiha,0,3,3
Wasiim,3,0,3
Wasijem,0,3,3
Wasileos,3,0,3
Wasilewna,0,3,3
Wasilia,0,3,3
Wasilii,3,0,3
Wasilij,3,0,3
Wasilika,0,3,3
Wasiliwitsch,3,0,3
Wasilj,3,0,3
Wasilja,3,0,3
Wasilka,0,3,3
Wasilowitz,3,0,3
Wasin,3,0,3
Wasina,0,3,3
Wasindy,0,3,3
Wasinem,0,3,3
Wasino,3,0,3
Wasiq,3,0,3
Wasir,3,0,3
Wasiran,3,0,3
Wasis,3,0,3
Wasita,0,3,3
Wasith,3,0,3
Wasjma,0,3,3
Waskat,3,0,3
Waskita,3,0,3
Waslat,0,3,3
Waslawa,0,3,3
Waslo,3,0,3
Wasmai,3,0,3
Wasoedew,3,0,3
Wasoendradevi,0,3,3
Wasri,0,3,3
Wasselena,0,3,3
Wasselina,0,3,3
Wasselinne,0,3,3
Wassena,0,3,3
Wassiest,3,0,3
Wassif,3,0,3
Wass√Øl,3,0,3
Wassili√´,3,0,3
Wassilij,3,0,3
Wassilijewna,0,3,3
Wassilisa,0,3,3
Wassilius,3,0,3
Wassiliwna,0,3,3
Wassiliy,3,0,3
Wassilly,3,0,3
Wassilowna,0,3,3
Wassim-Amine,3,0,3
Wassime,3,0,3
Wassimo,3,0,3
Wassini,0,3,3
Wasta,3,0,3
Wa≈õte,3,0,3
Wastianti,0,3,3
Wasuama,0,3,3
Wasudewi,0,3,3
Wasudha,0,3,3
Wasughy,0,3,3
Wasuk,0,3,3
Wasula,0,3,3
Wasundra,0,3,3
Wasutheep,3,0,3
Wasyljowna,0,3,3
Wat-Nio,0,3,3
Watakan,0,3,3
Watara,3,0,3
Wataru,3,0,3
Watchalin,3,0,3
Wateen,0,3,3
Watelin,3,0,3
Watende,3,0,3
Watera,0,3,3
Waterink,3,0,3
Waterloo,3,0,3
Watfarhin,0,3,3
Wathana,3,0,3
Wathanyou,3,0,3
Wathera,0,3,3
Wathusia,0,3,3
Watijem,0,3,3
Watika,0,3,3
Watinah,0,3,3
Watinem,0,3,3
Watireza,3,0,3
Watjana,0,3,3
Watjaraphong,3,0,3
Watjav,3,0,3
Watlaar,3,0,3
Watlo√ªt,0,3,3
Watmoen,0,3,3
Watoekmasa,0,3,3
Watosn,0,3,3
Watsek,3,0,3
W√¢tses,3,0,3
Watsiena,0,3,3
Watsin,3,0,3
Watsjikovna,0,3,3
Watslapon,0,3,3
Watt,3,0,3
Wattelina,0,3,3
Watterna,3,0,3
Watthanak-Stephano,3,0,3
Wattie,0,3,3
Wattina,0,3,3
Watub,3,0,3
Watzelien,0,3,3
Watziena,0,3,3
Watzke,0,3,3
Wau,0,3,3
Wauda,3,0,3
Waudby,3,0,3
Waudru,3,0,3
Waurvien,3,0,3
Wauthera,0,3,3
Wautyav,3,0,3
Wauwrina,0,3,3
Wave,3,0,3
Waverina,0,3,3
Waverley,3,0,3
Wawa,3,0,3
Wawaya,3,0,3
Waweru,3,0,3
Wawnetta,0,3,3
Wawrzynies,3,0,3
Waxuan,0,3,3
Way-Fa,3,0,3
Way-Fong,0,3,3
Way-Ling,0,3,3
Way-Loo,0,3,3
Way-Ying,0,3,3
Wayambo,3,0,3
Wayana,0,3,3
Wayang,3,0,3
Wayano,3,0,3
Wayde,3,0,3
Wayden-Llamar,3,0,3
Waydienio,3,0,3
Wayeira,0,3,3
Wayen,3,0,3
Wayeni,0,3,3
Wayhon,3,0,3
Wayide,0,3,3
Wayischa,0,3,3
Wayka,0,3,3
Wayk√°n,3,0,3
Waykhien,3,0,3
Wayl,3,0,3
Wayla,0,3,3
Wayler,3,0,3
Waylet,0,3,3
Waylinn,0,3,3
Waylon-Jaim,3,0,3
Waylon-Storm,3,0,3
Wayman,3,0,3
Waymer,3,0,3
Waynan,3,0,3
Waynitsha,0,3,3
Waynlen,3,0,3
Waynoa,0,3,3
Waynt,3,0,3
Wayodi,0,3,3
Wayoe,3,0,3
Wayom√©,0,3,3
Wayonha,0,3,3
Wayonna,0,3,3
Wayos,3,0,3
Wayshana,0,3,3
Waytaab,3,0,3
Waytiri,0,3,3
Wayton,3,0,3
Wayunie,0,3,3
Wazeem,3,0,3
Waziefa,0,3,3
Waziem,3,0,3
Waziha,0,3,3
Wazinetu,0,3,3
Wazirah,0,3,3
Waziralam,3,0,3
Waziran,0,3,3
Wazire,0,3,3
Wazjma,0,3,3
Wazlaw,3,0,3
Wazma,0,3,3
Wazoula,0,3,3
Wazquen,3,0,3
Weaam,0,3,3
Weabran,3,0,3
Weah,3,0,3
Weame,0,3,3
Wean,0,3,3
Weanely,0,3,3
Weayaya,3,0,3
Weayden,3,0,3
Webbe,3,0,3
Webbemina,0,3,3
Webby,0,3,3
Webe,3,0,3
Webelina,0,3,3
Webilor,3,0,3
Webine,0,3,3
Webines,3,0,3
Wechslley,3,0,3
Wed,0,3,3
Weda,3,0,3
Wedah,0,3,3
Wedam,0,3,3
Wedanand,3,0,3
Wedangperkash,3,0,3
Wedanti,0,3,3
Wedat,3,0,3
Weddy,0,3,3
Wede,3,0,3
Wedel,3,0,3
Wedelia,0,3,3
Wedemar,3,0,3
Wederic,3,0,3
Wedet,0,3,3
Wedh,3,0,3
Wedhika,0,3,3
Wedhperkash,3,0,3
Wedhwrat,3,0,3
Wedikadevie,0,3,3
Wedita,0,3,3
Wedness,0,3,3
Wedran,3,0,3
Weeda,0,3,3
Weedpersadh,3,0,3
Weefke,0,3,3
Weejaypersad,3,0,3
Weekash,3,0,3
Weel,0,3,3
Weemke,0,3,3
Weemoed,0,3,3
Weenaa,0,3,3
Weenay,3,0,3
Weenish,3,0,3
Weenlie,3,0,3
Weerahannadige,0,3,3
Weeramundage,0,3,3
Weerasinghe,0,3,3
Weerd-Jan,3,0,3
Weerdina,0,3,3
Weerinderpersad,3,0,3
Weersna,3,0,3
Weert-Jan,3,0,3
Weertdine,0,3,3
Weerts,3,0,3
Weethphisit,3,0,3
Weezer,3,0,3
Wefa,0,3,3
Wefelina,0,3,3
Wegatha,3,0,3
Weghan,3,0,3
Wegienus,3,0,3
Wehab,3,0,3
Wehazit,0,3,3
Weheb,3,0,3
Wehel,3,0,3
Weheliye,3,0,3
Wehhab,3,0,3
Wehida,0,3,3
Wehil,3,0,3
Wehin,0,3,3
Wehl,3,0,3
Wehlien,0,3,3
Wehrenfried,3,0,3
Wehrner,3,0,3
Wehshaad,3,0,3
Wehydha,0,3,3
Wei-chao,0,3,3
Wei-Chi,0,3,3
Wei-Fang,3,0,3
Wei-Feng,3,0,3
Wei-Han,3,0,3
Wei-Hong,3,0,3
Wei-Hsu,3,0,3
Wei-Jian,3,0,3
W√™i-Ji√©,3,0,3
Wei-Kang,3,0,3
Wei-Kong,3,0,3
Wei-Li,0,3,3
Wei-Mei,0,3,3
Wei-Ming,3,0,3
Wei-Pien,3,0,3
Wei-San,0,3,3
Wei-Shen,3,0,3
Wei-Sun,3,0,3
Wei-teh,3,0,3
Wei-Thai,3,0,3
Wei-ting,0,3,3
Wei-Ting,0,3,3
Wei-Wen,3,0,3
Wei-Xi,0,3,3
Wei-Xing,3,0,3
Wei-Ya,0,3,3
Wei-Yi,0,3,3
Wei-Ying,0,3,3
Wei-Yun,0,3,3
Weianda,0,3,3
Weiardus,3,0,3
Weibe,3,0,3
Weiburgina,0,3,3
Weichun,3,0,3
Weici,3,0,3
Weidina,0,3,3
Weifeng,3,0,3
Weigerdina,0,3,3
Weigert,3,0,3
Weiguang,3,0,3
Weihao,3,0,3
Weihe,3,0,3
Weijbrands,3,0,3
Weijgardus,3,0,3
Weijgerdina,0,3,3
Weijgert,3,0,3
Weijie,0,3,3
Weijnando,3,0,3
Weijnant,3,0,3
Weijnardus,3,0,3
Weijnnant,3,0,3
Weijtse,3,0,3
Weijun,0,3,3
Weikang,3,0,3
Weikie,3,0,3
Weikin,3,0,3
Weila,0,3,3
Weileke,0,3,3
Weili,3,0,3
Weilian,3,0,3
Weilim,3,0,3
W√®il√≠n,3,0,3
Weiling,0,3,3
Weilje,0,3,3
Weilong,3,0,3
Weilu,3,0,3
Weilung,3,0,3
Weimer,3,0,3
Weimie,0,3,3
Weimin,3,0,3
Weinandus,3,0,3
Weinant,3,0,3
Weindert,3,0,3
Weindrika,0,3,3
Weindy,0,3,3
Weining,0,3,3
Weino,3,0,3
Weinrico,3,0,3
Weio,3,0,3
Weipkje,0,3,3
Weiqing,3,0,3
Weir,3,0,3
Weiran,3,0,3
Weire,3,0,3
Weiren,3,0,3
Weirich,3,0,3
Weiro,3,0,3
Weischto,3,0,3
Weisen,3,0,3
Weishno,0,3,3
Weiske,0,3,3
Weisun,3,0,3
Weitao,3,0,3
Weitina,3,0,3
Weixin,3,0,3
Weiyang,3,0,3
Weiye,3,0,3
Weiyi,0,3,3
Weiyie,0,3,3
Weizhen,3,0,3
Wejdan,0,3,3
Wejdi,3,0,3
Weje,0,3,3
Wejornsel,3,0,3
Wej√∂rny,3,0,3
Wejwer,3,0,3
Wekaas,3,0,3
Wekka,3,0,3
Wekkie,0,3,3
Wekloescha,0,3,3
Weko,3,0,3
Wel,3,0,3
Welan,3,0,3
Weland,3,0,3
Welas,0,3,3
Welastrie,0,3,3
Welcome,3,0,3
Welda,0,3,3
Weldauw,0,3,3
Weldemariam,3,0,3
Weldemina,0,3,3
Weldine,0,3,3
Weleda,0,3,3
Welel,3,0,3
Welf,3,0,3
Welga,0,3,3
Welhelm,3,0,3
Welhelmes,3,0,3
Welhem,3,0,3
Welie,0,3,3
Welington,3,0,3
Welise,0,3,3
Welke,3,0,3
Wella-Simone,0,3,3
Well√°√°,0,3,3
Wellae,3,0,3
Wellangi,3,0,3
Wellas,0,3,3
Wellemina,0,3,3
Weller,3,0,3
Wellesley,3,0,3
Wellgunde,0,3,3
Wellie,0,3,3
Wellina,0,3,3
Welliza,0,3,3
Wells,0,3,3
Wellyson,3,0,3
Wellyton,3,0,3
Welmar,3,0,3
Welment,0,3,3
Welmerdien,0,3,3
Welminci,0,3,3
Welmintje,0,3,3
Welmintji,0,3,3
Welmoed-Aaltje,0,3,3
Welmoedine,0,3,3
Welmoedtsje,0,3,3
Welmud,0,3,3
Welmund,3,0,3
Welmur,3,0,3
Welore,0,3,3
Welsh,0,3,3
Welsheny,0,3,3
Welsi,3,0,3
Welsley,3,0,3
Welt,3,0,3
Welty,3,0,3
Weluwa,0,3,3
Welyanda,0,3,3
WEM,0,3,3
Wemah,0,3,3
Wemale,3,0,3
Wemanda,0,3,3
Wem√°ria,0,3,3
Wemary,0,3,3
Wembeley,3,0,3
Wembley,3,0,3
Wemco,3,0,3
Wemel,3,0,3
Wemeldine,0,3,3
Wemeline,0,3,3
Wemelinus,3,0,3
Wemelita,0,3,3
Wemellina,0,3,3
Wemeltiena,0,3,3
Wemfie,3,0,3
Wemkelina,0,3,3
Wemkina,0,3,3
Wemmar,3,0,3
Wemmaria,0,3,3
Wemmarij,0,3,3
Wemmarius,3,0,3
Wemmechinus,3,0,3
Wemmerke,0,3,3
Wemmi,0,3,3
Wemmia,0,3,3
Wemmigina,0,3,3
Wemo,3,0,3
Wempi,3,0,3
Wempie,3,0,3
Wemyss,0,3,3
Wƒìn,0,3,3
Wen-Bin,3,0,3
Wen-hua,3,0,3
Wen-Hui,0,3,3
Wen-Kai,3,0,3
Wen-Le,3,0,3
Wen-Liang,3,0,3
Wen-Ling,0,3,3
Wen-Lung,3,0,3
Wen-Sie,0,3,3
Wen-Xi,0,3,3
Wen-Xiang,3,0,3
Wen-Y√≠,0,3,3
Wen-Yung,3,0,3
Wenaisy,0,3,3
Wenajeto,3,0,3
Wenalda,0,3,3
Wenand,3,0,3
Wenaron,3,0,3
Wenatchi,3,0,3
Wenbarly,3,0,3
Wenbo,3,0,3
Wencela,0,3,3
Wencelas,0,3,3
Wencelina,0,3,3
Wencelslaus,3,0,3
Wenceslada,0,3,3
Wenceslina,0,3,3
Wencesline,0,3,3
Wenceslous,3,0,3
Wenchandre,3,0,3
Wenchi-Andres,3,0,3
Wencho,3,0,3
Wenciclaus,3,0,3
Wencislau,3,0,3
Wencka,0,3,3
Wenckje,0,3,3
Wenclaus,3,0,3
Wenco,3,0,3
Wency,0,3,3
Wend-Koanta,0,3,3
Wend-kuni,0,3,3
Wend-Kuuni,3,0,3
Wend-Yam,3,0,3
Wenda-H√©l√®ne,0,3,3
Wendal,3,0,3
Wendale,3,0,3
Wendaley,0,3,3
Wendaliene,0,3,3
Wendar,3,0,3
Wend√©,0,3,3
Wendelani,0,3,3
Wendelay,0,3,3
Wendelburga,0,3,3
Wendeldina,0,3,3
Wendelein,0,3,3
Wendelicio,3,0,3
Wendelijne,0,3,3
Wendelinde,0,3,3
Wendelique,0,3,3
Wendelisa,0,3,3
Wendelise,0,3,3
Wendelli√±ho,3,0,3
Wendellmoeth,0,3,3
Wendelmar,3,0,3
Wendelmoedt,0,3,3
Wendelmoeth,0,3,3
Wendelmout,0,3,3
Wendelmuth,0,3,3
Wendelvos,3,0,3
Wendelycke,0,3,3
Wendelynde,0,3,3
Wendemagegn,0,3,3
Wendemarie,0,3,3
Wendenoushka,0,3,3
Wenderkien,0,3,3
Wenderley,3,0,3
Wendidi,0,3,3
Wendike,0,3,3
Wendila,0,3,3
Wendinho,3,0,3
Wendjam,0,3,3
Wendlamita,3,0,3
Wendlassida,3,0,3
Wendler,3,0,3
Wendlino,3,0,3
Wendolinus,3,0,3
Wendolyna,0,3,3
Wendolyne,0,3,3
Wendon,3,0,3
Wendona,0,3,3
Wendran,3,0,3
Wendrick,3,0,3
Wendrickson,3,0,3
Wendrikus,3,0,3
Wendrishia,0,3,3
Wendry,3,0,3
Wendryo,3,0,3
Wendsel,3,0,3
Wendsly,3,0,3
Wendy-Annemarie,0,3,3
Wendy-Dani√´lle,0,3,3
Wendy-Francis,0,3,3
Wendy-Jane,0,3,3
Wendy-Joyce,0,3,3
Wendy-Kristy,0,3,3
Wendy-Lee,0,3,3
Wendy-Michelle,0,3,3
Wendya,0,3,3
Wendybel,0,3,3
Wendylin,0,3,3
Wendylina,0,3,3
Wendyline,0,3,3
Wendymay,0,3,3
Wendyna,0,3,3
Wendysha,0,3,3
Wendzoodo,3,0,3
Wenelyna,0,3,3
Wenerau,0,3,3
Wenfeng,3,0,3
Wenfridus,3,0,3
Wenfrie,3,0,3
Wenfry,3,0,3
Wenfu,3,0,3
Wenga,3,0,3
Wengel,0,3,3
Wengely,0,3,3
Wenger,3,0,3
Wengmasa,0,3,3
Wenhian,3,0,3
W√®nis,3,0,3
Wenish,3,0,3
Wenjaira,0,3,3
Wenjairo,3,0,3
Wenjia,0,3,3
Wenjie,3,0,3
Wenkai,3,0,3
Wenkce,0,3,3
Wenkley,3,0,3
Wenko,3,0,3
Wenley,3,0,3
Wenli,0,3,3
Wenliang,3,0,3
Wenlong,3,0,3
Wenly,0,3,3
Wenlyn,3,0,3
Wenmara,3,0,3
Wenna,0,3,3
Wennechje,0,3,3
Wennelaar,0,3,3
Wennelyn,0,3,3
Wennemer,3,0,3
Wennerdina,0,3,3
Wenneris,3,0,3
Wennerus,3,0,3
Wennessa,0,3,3
Wenney,0,3,3
Wennichje,0,3,3
Wennio,0,3,3
Wennita,0,3,3
Wennonah,0,3,3
Weno,3,0,3
Wenoa,0,3,3
Wenodi,0,3,3
Wenqi,0,3,3
Wenqing,0,3,3
Wenrica,0,3,3
Wenseley,3,0,3
Wenselien,0,3,3
Wenselly,3,0,3
Wenselous,3,0,3
Wensenslou,3,0,3
Wenseslauda,0,3,3
Wenseslaus,3,0,3
Wensesslaus,3,0,3
Wenshi,0,3,3
Wensh√∂l,3,0,3
Wenshuo,3,0,3
Wensislaus,3,0,3
Wensje,0,3,3
Wenslaus,3,0,3
Wenslay,0,3,3
Wensleymar,3,0,3
Wensleymir,3,0,3
Wensleyson,3,0,3
Wenslous,3,0,3
Wensy,0,3,3
Wenszel,3,0,3
Wenteltje,0,3,3
Wenterina,0,3,3
Wenthe,0,3,3
Wentilly,0,3,3
Wently,3,0,3
Wentolina,0,3,3
Wentsje,0,3,3
Wentske,0,3,3
Wentzel,3,0,3
Wentzelslous,3,0,3
Wenus,0,3,3
Wenwen,0,3,3
Wenxiang,3,0,3
Wenxin,0,3,3
Wenxuan,3,0,3
Weny,0,3,3
Wenyar,0,3,3
Wenye,3,0,3
Wenyi,3,0,3
Wenzellaus,3,0,3
Wenzhe,3,0,3
Wenzhi,3,0,3
Wenzislaus,3,0,3
Wenzl,3,0,3
Wenzlaus,3,0,3
Wenzley,3,0,3
Wepco,3,0,3
Wepmon,0,3,3
Wer,0,3,3
Werad,3,0,3
W√®raluci√´,0,3,3
Werapat,3,0,3
Werardus,3,0,3
Werason,3,0,3
Werawatta,3,0,3
Werdana,3,0,3
Werdandi,0,3,3
Werderika,0,3,3
Werdhaan,3,0,3
Werdiena-Geartsje,0,3,3
Werdinant,3,0,3
Werdine,0,3,3
Were,3,0,3
Werefride,0,3,3
Werefried,3,0,3
Werekor,3,0,3
Werenburga,0,3,3
Werendfrida,0,3,3
Werendfrieda,0,3,3
Werenfride,0,3,3
Werenfridis,0,3,3
Werenfrido,3,0,3
Werginio,3,0,3
Werian,3,0,3
Werinde,0,3,3
Werinder,3,0,3
Werino,3,0,3
Weris,0,3,3
Werka,0,3,3
Werleijn,0,3,3
Wernadina,0,3,3
Wernanda,0,3,3
W√®rnar,3,0,3
Wernardes,3,0,3
Wernardina,0,3,3
Wernardine,0,3,3
Wernart,3,0,3
Werncke,3,0,3
Wernecke,3,0,3
Werner-Dirk,3,0,3
Werner-Jan,3,0,3
Werner-Kevin,3,0,3
Werner-Paul,3,0,3
Werner-Peter,3,0,3
Werner-Robert,3,0,3
Wernerina,0,3,3
Wernerline,0,3,3
Wernerowiech,3,0,3
Wernett,3,0,3
Wernhardt,3,0,3
Wernick,3,0,3
Wernink,3,0,3
Wernoud,3,0,3
Weroen,3,0,3
Weroesja,0,3,3
Werona,0,3,3
Weronica,0,3,3
Weronique,0,3,3
Weron√Ω,0,3,3
Werrie,3,0,3
Wersaka,3,0,3
Werschell,3,0,3
Werselie,3,0,3
Wershadivie,0,3,3
Werter,3,0,3
Wertha,0,3,3
Werthe,0,3,3
Wesa,0,3,3
Wescel,3,0,3
Wescelius,3,0,3
Wesco,3,0,3
Wesdi,3,0,3
Wesdin,3,0,3
Wesdy,3,0,3
Weselin,3,0,3
Wesem,3,0,3
Wesenfried,3,0,3
Wesent,3,0,3
Weshal,3,0,3
Weshall,3,0,3
Weshesh,3,0,3
Weshly,3,0,3
Weshnamie,0,3,3
Weshwan,3,0,3
Wesiemah,0,3,3
Wesina,0,3,3
Wesjni,3,0,3
Weske,0,3,3
Wesko,3,0,3
Wesla,0,3,3
Weslayder,3,0,3
Wesley-Anthony,3,0,3
Wesley-Harmen,3,0,3
Wesley-Jordan,3,0,3
Wesley-Martin,3,0,3
Wesley-Maurice,3,0,3
Wesley-Robert,3,0,3
Wesley-Roberto,3,0,3
Wesley-Roy,3,0,3
Weslia,0,3,3
Weslien,0,3,3
Weslinde,0,3,3
Weslinn,0,3,3
Wesll,3,0,3
Weslynn,0,3,3
Wesmar,3,0,3
Wesmond,3,0,3
Wesn,0,3,3
Wesner,3,0,3
Wesridjaysley,3,0,3
Wessal,0,3,3
Wessalina,0,3,3
Wessedina,0,3,3
Wessel-Cees,3,0,3
Wessel-Derk,3,0,3
Wessel-Dirk,3,0,3
Wessela,0,3,3
Wesseldientje,0,3,3
Wesseley,3,0,3
Wesselienov,3,0,3
Wesselinde,0,3,3
Wesselines,3,0,3
Wessella,0,3,3
Wessellien,0,3,3
Wessellientje,0,3,3
Wessellienus,3,0,3
Wesselsz,3,0,3
Wessem,3,0,3
Wess√©mia,0,3,3
Wessie,0,3,3
Wesso,3,0,3
Wesson,3,0,3
Wessul,3,0,3
Wessun,3,0,3
Wessym,3,0,3
Westard,3,0,3
Westbury,3,0,3
Weste,0,3,3
Westelina,0,3,3
Westen,3,0,3
Westerienus,3,0,3
Westerik,0,3,3
Westerly,0,3,3
Westers,3,0,3
Westin,3,0,3
Westine,3,0,3
Westleah,3,0,3
Westma,3,0,3
Westmont,3,0,3
Westmorland,3,0,3
Westridge,3,0,3
Westy,3,0,3
Wesyana,0,3,3
Weta,0,3,3
Wetka,0,3,3
Wetse,3,0,3
Wette,3,0,3
Wetti,0,3,3
Wettina,0,3,3
Wet√∫,3,0,3
Weung,0,3,3
Weung-Dien,3,0,3
Weung-Siew,3,0,3
Weuze,3,0,3
Weveliena,0,3,3
Weveliene,0,3,3
Wevelin,0,3,3
Wevina,3,0,3
W√©wen,3,0,3
Wey-Ling,0,3,3
Weyeneshet,0,3,3
Weygarda,0,3,3
Weyke,0,3,3
Weyla,0,3,3
Weylen,3,0,3
Weymar,3,0,3
Weyn,0,3,3
Weyna,0,3,3
Weynando,3,0,3
Weynandus,3,0,3
Weyne,3,0,3
Weynie,0,3,3
Weyntje,0,3,3
Weyo√´,3,0,3
Weyoeroeme,0,3,3
Weyran,3,0,3
Weytin,3,0,3
Weytske,0,3,3
Weytze,3,0,3
Wezdy,3,0,3
Wezenet,0,3,3
Wezer,0,3,3
Wezi,3,0,3
W√©zon,3,0,3
WFN,3,0,3
WFT,0,3,3
Wginy,0,3,3
WGJ,0,3,3
WGW,0,3,3
Whaheeda,0,3,3
Whahid,3,0,3
Whaidullah,3,0,3
Whaity,0,3,3
Whalea,0,3,3
Whaleed,3,0,3
Whaleya,0,3,3
Whalied,3,0,3
Whalisjadevi,0,3,3
Whallea,0,3,3
Wham,0,3,3
Whandana,0,3,3
Whandena,0,3,3
Whanes,3,0,3
Whan√©y,3,0,3
Whanye,3,0,3
Wharcha,0,3,3
Wharda,0,3,3
Whared,3,0,3
Whares,3,0,3
Wharsadebie,0,3,3
Whay,0,3,3
Whayneshia,0,3,3
Whe,3,0,3
Wheaton,3,0,3
Wheedwatie,0,3,3
Wheeler,3,0,3
Wheena,0,3,3
Whelani,0,3,3
Whelmus,3,0,3
Whensday,0,3,3
Whesem,3,0,3
Wheslie,3,0,3
Wheyland,3,0,3
Whi,3,0,3
Whie,0,3,3
Whiekas,3,0,3
Whierin,3,0,3
Whiesal,3,0,3
Whiethawat,3,0,3
Whikas,3,0,3
Whikish,3,0,3
Whilco,3,0,3
Whiley,3,0,3
Whilhelmina,0,3,3
Whilja,0,3,3
Whill,3,0,3
Whillemein,0,3,3
Whillie,0,3,3
Whilma,0,3,3
Whilmer,3,0,3
Whina,0,3,3
Whing,3,0,3
Whinney,0,3,3
Whinneyfred,0,3,3
Whinod,3,0,3
Whirasad,3,0,3
Whirien,3,0,3
Whirinder,3,0,3
Whirish,3,0,3
Whirshaad,3,0,3
Whisal,3,0,3
Whishay,3,0,3
Whiskey,3,0,3
Whiskoemar,3,0,3
White,0,3,3
Whiteley,0,3,3
Whithley,0,3,3
Whitli,0,3,3
Whitneij,0,3,3
Whitney-C√©line,0,3,3
Whitney-Faye,0,3,3
Whitney-Romana,0,3,3
Whitneyalondra,0,3,3
Whiyounna,0,3,3
WHJ,3,0,3
WHL,3,0,3
Whodan,3,0,3
Whooly-Whooly,3,0,3
Whoopie,0,3,3
Whout,3,0,3
WHP,3,0,3
Whun,0,3,3
Whutichai,3,0,3
Whyam,3,0,3
Whybeck,3,0,3
Whynohna,0,3,3
Whynton,3,0,3
Whyoomi,0,3,3
Whyronimus,3,0,3
Whytney,0,3,3
Wi'am,0,3,3
Wi'gwas,3,0,3
Wi-Andaria,0,3,3
Wi-Jan,3,0,3
Wi-Phaa,0,3,3
Wi-Wi,0,3,3
Wi√¢am,0,3,3
Wiaan,0,3,3
Wiadjashre,0,3,3
Wi√†m,0,3,3
W√Øam,0,3,3
Wiandina,0,3,3
Wiandre,0,3,3
Wianer,3,0,3
Wianetta,0,3,3
Wiangely,0,3,3
Wianieke,0,3,3
Wians,0,3,3
Wiant,3,0,3
Wianti,0,3,3
Wiardjo,3,0,3
Wiart,3,0,3
Wiban,3,0,3
Wibbeke,0,3,3
Wibbelina,0,3,3
Wibberdina,0,3,3
Wibbichiena,0,3,3
Wibbichina,0,3,3
Wibbie,0,3,3
Wibbientje,0,3,3
Wibbrich,0,3,3
Wibbrichje,0,3,3
Wibe-Jan,3,0,3
Wibegien,0,3,3
Wibelina,0,3,3
Wiben,3,0,3
Wibern,3,0,3
Wibger,3,0,3
Wibha,0,3,3
Wibhuti,0,3,3
Wibisana,3,0,3
Wibius,3,0,3
Wiblis,3,0,3
Wibo-Rienk,3,0,3
Wibold,3,0,3
Wibolt,3,0,3
Wiborg,3,0,3
Wibrau,3,0,3
Wibregje,0,3,3
Wibrenda,0,3,3
Wibrichje,0,3,3
Wibrichtje,0,3,3
Wibrigt,3,0,3
Wibrina,0,3,3
Wi√ßaksana,3,0,3
Wicari,0,3,3
Wicas,3,0,3
Wiƒça≈õa,3,0,3
Wicash,3,0,3
Wicek,3,0,3
Wicel,0,3,3
Wich,0,3,3
Wichad,3,0,3
Wichai,3,0,3
Wichaino,3,0,3
Wichano,3,0,3
Wichant,3,0,3
Wichardo,3,0,3
Wichayada,0,3,3
Wichberta,0,3,3
Wichboldina,0,3,3
Wich√©l,3,0,3
Wicheline,0,3,3
Wichendell,3,0,3
Wichendly,3,0,3
Wicherdiena,0,3,3
Wicheretha,0,3,3
Wicheria,0,3,3
Wicherlien,0,3,3
Wicherlina,0,3,3
Wicherline,0,3,3
Wich√©rt,3,0,3
Wichertdina,0,3,3
Wich√©rtina,0,3,3
Wichertina,0,3,3
Wichertine,0,3,3
Wichesta,0,3,3
Wichgert,3,0,3
Wichian,3,0,3
Wichina,0,3,3
Wichinia,0,3,3
Wichittha,0,3,3
Wichje,0,3,3
Wichma,0,3,3
Wichmert,3,0,3
Wichna,0,3,3
Wichor,3,0,3
Wichton,3,0,3
Wickaas,3,0,3
Wicket,3,0,3
Wickij,3,0,3
Wickje,0,3,3
Wickleff,3,0,3
Wickramasinghe,3,0,3
Wiclef,3,0,3
Wicliff,3,0,3
Wicole,0,3,3
Wicor,3,0,3
Wicorel,0,3,3
Wics,3,0,3
Wicto,3,0,3
Widady,0,3,3
Widah,0,3,3
Widanarni,0,3,3
Widandjelie,0,3,3
Widarta,3,0,3
Widarti,0,3,3
Widasrejie,3,0,3
Widati,0,3,3
Widatto,3,0,3
Widayati,0,3,3
Widd,0,3,3
Widdad,0,3,3
Widdia,0,3,3
Wideecha,0,3,3
Wid√©kon,3,0,3
Widelius,3,0,3
Widemar,3,0,3
Wideshkoemar,3,0,3
Wideshkumar,3,0,3
Widevika,0,3,3
Widget,3,0,3
Widha,0,3,3
Widhai,3,0,3
Widhant,3,0,3
Widharti,0,3,3
Widhi,0,3,3
Widhiadebie,0,3,3
Widhiadevie,0,3,3
Widhiawatie,0,3,3
Widhijakumarie,0,3,3
Widhiya,0,3,3
Widhuja,0,3,3
Widhya,0,3,3
Widi,0,3,3
Widiadewi,0,3,3
Widiagitadebi,0,3,3
Widiandia,0,3,3
Widianingrum,0,3,3
Widianto,3,0,3
Widiargo,3,0,3
Widiarto,3,0,3
Widiasagar,3,0,3
Widiene,0,3,3
Widijan,0,3,3
Widijantie,0,3,3
Widijanto,3,0,3
Widijawati,0,3,3
Widina,0,3,3
Widisch,3,0,3
Widjai-Anand,3,0,3
Widjaianand,3,0,3
Widjaijnarain,3,0,3
Widjaikoemaar,3,0,3
Widjaiperkaash,3,0,3
Widjaipersad,3,0,3
Widjairadj,3,0,3
Widjaishankar,3,0,3
Widjaishen,3,0,3
Widjaising,3,0,3
Widjaita,0,3,3
Widjaitawatie,0,3,3
Widjajakusuma,3,0,3
Widjaykoemar,3,0,3
Widjaykumar,3,0,3
Widjdan,0,3,3
Widji,0,3,3
Widjia,0,3,3
Widjinderkoemar,3,0,3
Widjindra,3,0,3
Widjindre,3,0,3
Widjoma,0,3,3
Widmerke,0,3,3
Widmintredath,3,0,3
Widney,0,3,3
Wido's,3,0,3
Widoetma,0,3,3
Widos,3,0,3
Widperkas,3,0,3
Widperkash,3,0,3
Widrik,3,0,3
Widwatie,0,3,3
Widy,0,3,3
Widyadebie,0,3,3
Widyadevi,0,3,3
Widyai,3,0,3
Widyakoemarie,0,3,3
Widyanto,3,0,3
Widyaputra,3,0,3
Widyarti,0,3,3
Widyasagar,3,0,3
Widyati,0,3,3
Widyatie,0,3,3
Widyayuanto,3,0,3
Widyottama,0,3,3
Wie-Djin,0,3,3
Wie-Lon,3,0,3
Wie-Men,0,3,3
Wie-Ying,0,3,3
Wi√´a,0,3,3
Wieaam,3,0,3
Wieam,0,3,3
Wieand,3,0,3
Wieandus,3,0,3
Wieant,3,0,3
Wieardes,3,0,3
Wieardus,3,0,3
Wieb-Ann,3,0,3
Wieba,0,3,3
Wiebald,3,0,3
Wieban,3,0,3
Wiebe-Bart,3,0,3
Wiebe-Dirk,3,0,3
Wiebe-Douwe,3,0,3
Wiebe-Paul,3,0,3
Wiebe-Pier,3,0,3
Wiebe-Rein,3,0,3
Wiebechiena,0,3,3
Wiebechina,0,3,3
Wiebecor,3,0,3
Wiebedien,0,3,3
Wiebegienus,3,0,3
Wiebeginus,3,0,3
Wiebeliena,0,3,3
Wiebenga,0,3,3
Wieberdiena,0,3,3
Wieberentje,0,3,3
Wieberigje,0,3,3
Wieberthe,0,3,3
Wieberthien,0,3,3
Wiebho,3,0,3
Wiebie,0,3,3
Wiebiene,0,3,3
Wiebkina,0,3,3
Wiebo-Jan,3,0,3
Wiebodina,0,3,3
Wiebold,3,0,3
Wiebra,0,3,3
Wiebran,3,0,3
Wiebrandina,0,3,3
Wiebrandt,3,0,3
Wiebrans,3,0,3
Wiebrechje,0,3,3
Wiebren-Jetze,3,0,3
Wiebrendina,0,3,3
Wiebrichje,0,3,3
Wiebrine,0,3,3
Wiebske,0,3,3
Wiebtje,0,3,3
Wieby,0,3,3
Wiechaal,3,0,3
Wiechairo,3,0,3
Wiechao,0,3,3
Wiechart,3,0,3
Wiechbertha,0,3,3
Wiech√®l,3,0,3
Wiechem,3,0,3
Wiecher-Jan,3,0,3
Wiecherdiena,0,3,3
Wiechers,3,0,3
Wiechertina,0,3,3
Wiechien,0,3,3
Wiechienke,0,3,3
Wiechman,3,0,3
Wiechtertje,0,3,3
Wiechum,3,0,3
Wieckse,0,3,3
Wieda,0,3,3
Wiedaa,0,3,3
Wiede,0,3,3
Wiedeman,3,0,3
Wiedieawatie,0,3,3
Wiediya,0,3,3
Wiedjaita,0,3,3
Wiedjanath,3,0,3
Wiedjanta,0,3,3
Wiedjendra,3,0,3
Wiedjia,0,3,3
Wiedjiawatie,0,3,3
Wiedoe,0,3,3
Wiegart,3,0,3
Wiegbert,3,0,3
Wiegberta,0,3,3
Wiegcher,3,0,3
Wiegediena,0,3,3
Wiegedientje,0,3,3
Wiegelina,0,3,3
Wiegen,3,0,3
Wiegenius,3,0,3
Wieger-Albert,3,0,3
Wieger-Christiaan,3,0,3
Wieger-Jouke,3,0,3
Wieger-Piet,3,0,3
Wieger-Theunis,3,0,3
Wiegerdiena,0,3,3
Wiegeria,0,3,3
Wiegeriena,0,3,3
Wiegersz,3,0,3
Wiegertina,0,3,3
Wiegertjejans,0,3,3
Wiegertjen,0,3,3
Wieggertje,0,3,3
Wiegina,0,3,3
Wiegit,0,3,3
Wiehenne,0,3,3
Wiehren,3,0,3
Wiejailachmie,0,3,3
Wiejaj,3,0,3
Wiejandiekoemarie,0,3,3
Wiejany,0,3,3
Wiejay,3,0,3
Wiejintie,0,3,3
Wiejlaw,3,0,3
Wiek-Jan,3,0,3
Wiekaas,3,0,3
Wiekaash,3,0,3
Wiekart,3,0,3
Wiekel,0,3,3
Wiekelien,0,3,3
Wieking,3,0,3
Wiekramsing,3,0,3
Wiekran,3,0,3
Wiekranta,3,0,3
Wiektje,0,3,3
Wielaard,3,0,3
Wielande,0,3,3
Wielandt,3,0,3
Wielant,3,0,3
Wielfrida,0,3,3
Wielfriedo,3,0,3
Wielhelm,3,0,3
Wielhelma,0,3,3
Wieliam,3,0,3
Wielli,0,3,3
Wielya,0,3,3
Wi√´m,0,3,3
Wiemar,3,0,3
Wiembde,0,3,3
Wieme,3,0,3
Wiemela,0,3,3
Wiemeria,0,3,3
Wiemeriena,0,3,3
Wiemertje,0,3,3
Wiemet,0,3,3
Wiemk√§a,0,3,3
Wiemke,0,3,3
Wiemlawatie,0,3,3
Wiempje,0,3,3
Wi√´na,0,3,3
Wienaay,3,0,3
Wienahs,3,0,3
Wienaika,0,3,3
Wienaldus,3,0,3
Wienand-Jan,3,0,3
Wienas,3,0,3
Wienay,3,0,3
Wienco,3,0,3
Wiendra,0,3,3
Wiendy,3,0,3
Wiene-Fred,3,0,3
Wienekje,0,3,3
Wienettha,0,3,3
Wienieta,0,3,3
Wienike,0,3,3
Wienman,3,0,3
Wi√´nna,0,3,3
Wienne,0,3,3
Wienodkumar,3,0,3
Wienoedekumaar,3,0,3
Wienold,3,0,3
Wienoldus,3,0,3
Wienoodj,3,0,3
Wienooth,3,0,3
Wienot,3,0,3
Wienoth,3,0,3
Wienotj,3,0,3
Wienotskoemar,3,0,3
Wienowa,0,3,3
Wiens,3,0,3
Wienta,0,3,3
Wientana,0,3,3
Wiepbregje,0,3,3
Wiepco,3,0,3
Wiepe,0,3,3
Wiepen,3,0,3
Wiepina,0,3,3
Wiepke-Jan,3,0,3
Wiepkediena,0,3,3
Wiepkelina,0,3,3
Wiepkeline,0,3,3
Wiepkje-Rixt,0,3,3
Wiepkolientje,0,3,3
Wiepktje,0,3,3
Wieppie,3,0,3
Wierachai,3,0,3
Wieradhna,0,3,3
Wieradj,3,0,3
Wieraghnie,0,3,3
Wieraj,3,0,3
Wierashni,0,3,3
Wierc,3,0,3
Wierdiena,0,3,3
Wierdjanandsing,3,0,3
Wierdje,0,3,3
Wierds,3,0,3
Wiereen,3,0,3
Wier√©n,3,0,3
Wierender,3,0,3
Wierene,0,3,3
Wierik,3,0,3
Wierindere,3,0,3
Wierinderkumar,3,0,3
Wierinderperkas,3,0,3
Wierindersing,3,0,3
Wierindredath,3,0,3
Wierindresing,3,0,3
Wierishsingh,3,0,3
Wierjam,0,3,3
Wierke,0,3,3
Wieroe,3,0,3
Wiersha,0,3,3
Wiert-Sebastiaan,3,0,3
Wiertdiena,0,3,3
Wiertske,0,3,3
Wieruska,0,3,3
Wies-Anne,0,3,3
Wiesaga,0,3,3
Wiesam,0,3,3
Wiesangel,3,0,3
Wiesanna,0,3,3
Wiesch√®l,3,0,3
Wieseke,0,3,3
Wieselotte,0,3,3
Wiesem,0,3,3
Wiesette,0,3,3
Wieshaal,3,0,3
Wieshal-Vinaay,3,0,3
Wieshnoedath,3,0,3
Wieshshay,3,0,3
Wieshvadev,3,0,3
Wieshwanie,0,3,3
Wieshwaykumar,3,0,3
Wiesiena,0,3,3
Wiesina,0,3,3
Wiesja,3,0,3
Wiesjaal,3,0,3
Wiesjal,3,0,3
Wiesly,3,0,3
Wiessanne,0,3,3
Wiessie,0,3,3
Wiessje,0,3,3
Wieswa,3,0,3
Wieswedew,3,0,3
Wieswenath,3,0,3
Wieswerdew,3,0,3
Wies≈Çav,3,0,3
Wies≈Åawa,0,3,3
Wietelina,0,3,3
Wiethilde,0,3,3
Wietina,0,3,3
Wietjenka,3,0,3
Wietscke,0,3,3
Wietse-Reijer,3,0,3
Wietsejan,3,0,3
Wietseke,0,3,3
Wietsen,3,0,3
Wietsjard,3,0,3
Wietske-Jitske,0,3,3
Wietske-Marlou,0,3,3
Wietsze,3,0,3
Wiety,0,3,3
Wietze-Berend,3,0,3
Wietze-Jan,3,0,3
Wietze-Kornelis,3,0,3
Wievenlien,0,3,3
Wievien,0,3,3
Wiewekanand,3,0,3
Wieza,0,3,3
Wif,3,0,3
Wifreke,0,3,3
Wigardis,3,0,3
Wigbaldina,0,3,3
Wigbelt,3,0,3
Wigberti,3,0,3
Wigboldine,0,3,3
Wigbolds,3,0,3
Wigboldtine,0,3,3
Wigboltina,0,3,3
Wigboltine,0,3,3
Wigbout,3,0,3
Wigcherdiena,0,3,3
Wigebertus,3,0,3
Wigelena,0,3,3
Wigen,3,0,3
Wigerina,0,3,3
Wigerine,0,3,3
Wigerline,0,3,3
Wigerma,3,0,3
Wig√©rus,3,0,3
Wiggelerimmi,3,0,3
Wiggers,3,0,3
Wiggiz,3,0,3
Wiggle,3,0,3
Wigglesworth,3,0,3
Wigher,3,0,3
Wighert,3,0,3
Wigiena,0,3,3
Wigles,3,0,3
Wigneswaran,3,0,3
Wignjo,3,0,3
Wigonda,0,3,3
Wigwenio,3,0,3
Wiham,0,3,3
W√Æhbout,3,0,3
Wihib,3,0,3
Wihkaas,3,0,3
Wiho,3,0,3
Wihtney,0,3,3
Wihtny,0,3,3
Wiilsan,3,0,3
Wij,3,0,3
Wijaan,0,3,3
Wijaiamrietradj,3,0,3
Wijaija,3,0,3
Wijaikoemar,3,0,3
Wijaita,0,3,3
Wijander,3,0,3
Wijanna,0,3,3
Wijanti,0,3,3
Wijantie,0,3,3
Wijantimala,0,3,3
Wijanto,3,0,3
Wijardes,3,0,3
Wijardie,3,0,3
Wijardus,3,0,3
Wijayanand,3,0,3
Wijayant,3,0,3
Wijayanti,0,3,3
Wijayanto,3,0,3
Wijbbigje,0,3,3
Wijbe-Tamme,3,0,3
Wijbedina,0,3,3
Wijbelina,0,3,3
Wijberdien,0,3,3
Wijberigje,0,3,3
Wijbert,3,0,3
Wijberta,0,3,3
Wijbertha,0,3,3
Wijbertina,0,3,3
Wijbia,0,3,3
Wijbiena,0,3,3
Wijbolda,0,3,3
Wijbrandes,3,0,3
Wijbrandi,3,0,3
Wijbrando,3,0,3
Wijbrants,3,0,3
Wijbrech,0,3,3
Wijbregt,0,3,3
Wijbregta,0,3,3
Wijbrenda,0,3,3
Wijbrentje,0,3,3
Wijbrianne,0,3,3
Wijbrich,0,3,3
Wijbrigdina,0,3,3
Wijbrina,0,3,3
Wijburg,0,3,3
Wijburgien,0,3,3
Wijca,0,3,3
Wijcherdina,0,3,3
Wijchertje,0,3,3
Wijchiena,0,3,3
Wijcki,3,0,3
Wijco,3,0,3
Wijdaan,0,3,3
Wijdi,0,3,3
Wijdie,0,3,3
Wij√©ta,0,3,3
Wijfarina,0,3,3
Wijfje,0,3,3
Wijgbertus,3,0,3
Wijinderkumar,3,0,3
Wijint,3,0,3
Wijita,3,0,3
Wijk,3,0,3
Wijkiena,0,3,3
Wijkolina,0,3,3
Wijlfries,3,0,3
Wijlinde,0,3,3
Wijllia,0,3,3
Wijman,3,0,3
Wijmans,3,0,3
Wijmertje,0,3,3
Wijmetje,0,3,3
Wijmina,0,3,3
Wijmpie,0,3,3
Wijmpjen,0,3,3
Wijmpke,0,3,3
Wijn-Anke,0,3,3
Wijnalde,0,3,3
Wijnaldes,3,0,3
Wijnalt,3,0,3
Wijnandien,0,3,3
Wijnanja,0,3,3
Wijnanth,3,0,3
Wijncko,3,0,3
Wijndeldina,0,3,3
Wijndelkina,0,3,3
Wijndels,3,0,3
Wijndi,0,3,3
Wijndrina,0,3,3
Wijneke,0,3,3
Wijnekes,3,0,3
Wijnekus,3,0,3
Wijneliene,0,3,3
Wijneline,0,3,3
Wijnetta,0,3,3
Wijnhilda,0,3,3
Wijnholda,0,3,3
Wijnholdina,0,3,3
Wijnieke,0,3,3
Wijnila,0,3,3
Wijnina,0,3,3
Wijnna,0,3,3
Wijnne,0,3,3
Wijnofrida,0,3,3
Wijnoldi,0,3,3
Wijnoud,3,0,3
Wijnoudt,3,0,3
Wijnruit,0,3,3
Wijnte,3,0,3
Wijntsen,3,0,3
Wijnze,0,3,3
Wijo,3,0,3
Wijoyo,3,0,3
Wijprecht,3,0,3
Wijptje,0,3,3
Wijshan,3,0,3
Wijske,0,3,3
Wijtha,0,3,3
Wijtska-Joke,0,3,3
Wijtskje,0,3,3
Wijtso,3,0,3
Wijtze-Jan,3,0,3
Wijtze-Oebele,3,0,3
Wijtze-Wessel,3,0,3
Wijtzen,3,0,3
Wijtzes,3,0,3
Wijtzine,0,3,3
Wijurum√©,0,3,3
Wijverina,0,3,3
Wika,0,3,3
Wikanand,3,0,3
Wikanandsingh,3,0,3
Wikanta,3,0,3
Wikashkirankumar,3,0,3
Wikashpersad,3,0,3
Wikashsingh,3,0,3
Wikask,3,0,3
W√Æke,0,3,3
Wikeen,3,0,3
Wiken,3,0,3
Wikhaas,3,0,3
Wikie,0,3,3
Wiking,3,0,3
Wikka,3,0,3
Wikke-Wolf,3,0,3
Wikken,3,0,3
Wikki-Meike,0,3,3
Wiklef,3,0,3
Wikong,3,0,3
Wikorn,3,0,3
Wikrama,3,0,3
Wikramjit,3,0,3
Wikse,0,3,3
Wikua,3,0,3
Wikumsiha,3,0,3
Wikvaja,3,0,3
Wikvaya,0,3,3
Wil'lemijn,0,3,3
Wil-Bert,3,0,3
Wil-Bertina,0,3,3
Wil-Emma,0,3,3
Wil-John,3,0,3
Wil-Leanne,0,3,3
Wil-Lize,0,3,3
Wil-Lynn,0,3,3
Wil-Manda,0,3,3
Wil-Ric,3,0,3
Wil-Trees,0,3,3
Wilailad,0,3,3
Wilandaa,0,3,3
Wilander,3,0,3
Wilandro,3,0,3
Wilangan,3,0,3
Wilani,0,3,3
Wilanie,0,3,3
Wilaniel,3,0,3
Wilanja,0,3,3
Wilanson,3,0,3
Wilarie,0,3,3
Wilarso,0,3,3
Wilarth,3,0,3
Wilasinee,0,3,3
Wilat,0,3,3
Wilbar,3,0,3
Wilberdien,0,3,3
Wilberdin,0,3,3
Wilberdine,0,3,3
Wilbern,3,0,3
Wilb√©rt,3,0,3
Wilbert-Wout,3,0,3
Wilberte,0,3,3
Wilberthus,3,0,3
Wilbertson,3,0,3
Wilberty,0,3,3
Wilbeth,0,3,3
Wilbian,3,0,3
Wilbina,0,3,3
Wilbinus,3,0,3
Wilbo,3,0,3
Wilbontche,3,0,3
Wilbor,3,0,3
Wilbordus,3,0,3
Wilborne,3,0,3
Wilbra,0,3,3
Wilbran,3,0,3
Wilbranda,0,3,3
Wilbrant,3,0,3
Wilbred,3,0,3
Wilbren,3,0,3
Wilbrod,3,0,3
Wilburd,3,0,3
Wilburga,0,3,3
Wilby,3,0,3
Wilc,3,0,3
Wilchard,3,0,3
Wilchert,3,0,3
Wilcke,3,0,3
Wilco-Raymond,3,0,3
Wilcoba,0,3,3
Wilcobus,3,0,3
Wilcus,3,0,3
Wilcy,0,3,3
Wildaminna,0,3,3
Wildana,0,3,3
Wildano,3,0,3
Wildemar,3,0,3
Wildemina,0,3,3
Wilden,3,0,3
Wilderie,0,3,3
Wildert,3,0,3
Wildfried,3,0,3
Wildick,3,0,3
Wildien,0,3,3
Wildientje,0,3,3
Wildin,3,0,3
Wildine,0,3,3
Wildorus,3,0,3
Wildred,0,3,3
Wildrick,3,0,3
Wildrie,0,3,3
Wildriekje,0,3,3
Wildrikina,0,3,3
Wildrit,3,0,3
Wildt,3,0,3
Wildtrud,0,3,3
Wilebrordus,3,0,3
Wilelmina,0,3,3
Wil√®m,3,0,3
Wilemine,0,3,3
Wil√©ne,0,3,3
Wilenga,0,3,3
Wilenka,0,3,3
Wilerna-Alise,0,3,3
Wiletta,0,3,3
Wilette,0,3,3
Wilfania,0,3,3
Wilfanus,3,0,3
Wilferd,3,0,3
Wilfille,0,3,3
Wilfine,0,3,3
Wilfira,0,3,3
Wilfirio,3,0,3
Wilfons,3,0,3
Wilfra,0,3,3
Wilfran,3,0,3
Wilfrank,3,0,3
Wilfrans,3,0,3
Wilfred-Marco,3,0,3
Wilfredus,3,0,3
Wilfrendell,3,0,3
Wilfret,3,0,3
Wilfridis,3,0,3
Wilfried-Jan,3,0,3
Wilfriedo,3,0,3
Wilfrith,3,0,3
Wilfryd,3,0,3
Wilgar,0,3,3
Wilgefort,0,3,3
Wilgemijne,0,3,3
Wilgemine,0,3,3
Wilgerain√©,0,3,3
Wilgiena,0,3,3
Wilgina,0,3,3
Wilgree,0,3,3
Wilgrid,0,3,3
Wilhanne,0,3,3
Wilhar,3,0,3
Wilharda,0,3,3
Wilhelhelmina,0,3,3
Wilhelima,0,3,3
Wilhelimna,0,3,3
Wilheljander,0,3,3
Wilhellemijnsje,0,3,3
Wilhellmus,3,0,3
Wilhelm-Gerrit,3,0,3
Wilhelm-Heinrich,3,0,3
Wilhelm-Jan,3,0,3
Wilhelmdriena,0,3,3
Wilhelmert,3,0,3
Wilhelmienne,0,3,3
wilhelmina,0,3,3
Wilhelm√≠na,0,3,3
Wilhelmina-Anja,0,3,3
Wilhelmina-Anna,0,3,3
Wilhelmina-Christina,0,3,3
Wilhelmina-Hubertina,0,3,3
Wilhelmina-Maria,0,3,3
Wilhelmina-Petra,0,3,3
Wilhelmina-Vera,0,3,3
Wilhelmina.,0,3,3
Wilhelmina....,0,3,3
WilhelminaTheodora,0,3,3
Wilhelminetta,0,3,3
Wilhelminia,0,3,3
Wilhelminio,0,3,3
Wilhelmm,3,0,3
Wilhelmmus,3,0,3
Wilhelmna,0,3,3
Wilhelmnina,0,3,3
Wilhelmtje,0,3,3
Wilhelmus-Egbert,3,0,3
Wilhelmus-Egbertus,3,0,3
Wilhelmus-Francis,3,0,3
Wilhelmus-Krijn,3,0,3
Wilhelmuth,3,0,3
Wilhelmy,0,3,3
Wilhelmyne,0,3,3
Wilhelna,0,3,3
Wilhelnmina,0,3,3
Wilhemein,0,3,3
Wilhemke,0,3,3
Wilhemlus,3,0,3
Wilhen,0,3,3
Wilherm,3,0,3
Wilhermien,0,3,3
Wilhermijne,0,3,3
Wilhfred,3,0,3
Wilhfried,3,0,3
Wilhiam,3,0,3
Wilhillie,0,3,3
Wilhlemina,0,3,3
Wilhlemus,3,0,3
Wilhstin,0,3,3
Wilhsy,0,3,3
Wilia,0,3,3
Wiliams,3,0,3
Wiliana,0,3,3
Wiliandro,3,0,3
Wilibald,3,0,3
Wilicha,0,3,3
Wiliebrorda,0,3,3
Wiliem,3,0,3
Wiliena,0,3,3
Wiliene,0,3,3
Wilienne,0,3,3
Wilifridus,3,0,3
Wilihelm,3,0,3
Wilijan,0,3,3
Wilijbrordus,3,0,3
Wilijn,0,3,3
Wilijne,0,3,3
Wilika,0,3,3
Wilim,3,0,3
Wilinder,3,0,3
Wilinya,0,3,3
Wilisia,0,3,3
Wilissa,0,3,3
Wiliston,3,0,3
Wiljana,0,3,3
Wiljande,0,3,3
Wiljati,0,3,3
Wiljery,3,0,3
Wiljet,0,3,3
Wiljoni,3,0,3
Wiljonie,0,3,3
Wilj√ºlb√®rd,3,0,3
Wilkalina,0,3,3
Wilkco,3,0,3
Wilke's,3,0,3
Wilke-Haye,3,0,3
Wilkediena,0,3,3
Wilkeline,0,3,3
Wilker,3,0,3
Wilketrina,0,3,3
Wilkim,3,0,3
Wilkincon,3,0,3
Wilkine,0,3,3
Wilkinson,3,0,3
Wilkje,0,3,3
WilKo,3,0,3
Wilko-Jan,3,0,3
Wilkolien,0,3,3
Wilkoliena,0,3,3
Wilkoo,3,0,3
Wilkos,3,0,3
Wilkus,3,0,3
Wilky,3,0,3
Will-Ann,0,3,3
Will-Helmi,0,3,3
Will-Jean,0,3,3
Will-Liam,3,0,3
Will-Pieter,3,0,3
Willaard,3,0,3
Willaisha,0,3,3
Willam,0,3,3
Willamae,0,3,3
Willamiena,0,3,3
Willamijn,0,3,3
Willande,0,3,3
Willani,3,0,3
Willanja,0,3,3
Willann,3,0,3
Willant,3,0,3
Willary,0,3,3
Willberforce,3,0,3
Willbur,3,0,3
Willcox,3,0,3
Wille-Baukje,0,3,3
Wille-Door,0,3,3
Wille-Jan,3,0,3
Wille-lina,0,3,3
Wille-Maaike,0,3,3
Wille-Meike,0,3,3
Wille-Mieke,0,3,3
Wille-Mientje,0,3,3
Wille-Mijntje,0,3,3
Wille-Mina,0,3,3
Willeamena,0,3,3
Willean,3,0,3
Willeander,0,3,3
Willeano,3,0,3
Willeberta,0,3,3
Willeberth,0,3,3
Willeberthe,0,3,3
Willebord,3,0,3
Willebordus,3,0,3
Willeborg,0,3,3
Willebrordius,3,0,3
Willebrordt,3,0,3
Willebrorth,3,0,3
Willeditke,0,3,3
Wille√´lle,0,3,3
Willeentje,0,3,3
Willefriedus,3,0,3
Willehadda,0,3,3
Willehanna,0,3,3
Willeharda,0,3,3
Willeicus,3,0,3
Willejan,3,0,3
Willejo,0,3,3
Willeka,0,3,3
Willeken,0,3,3
Willelien,0,3,3
Willelijn,0,3,3
Willelmina,0,3,3
Willem-Aad,3,0,3
Willem-Aard,3,0,3
Willem-Abel,3,0,3
Willem-Aernout,3,0,3
Willem-Aert,3,0,3
Willem-Age,3,0,3
Willem-Albertus,3,0,3
Willem-Allo,3,0,3
Willem-Andr√©,3,0,3
Willem-Andries,3,0,3
Willem-Anno,3,0,3
Willem-Antonie,3,0,3
Willem-Arend,3,0,3
Willem-Arjen,3,0,3
Willem-Aron,3,0,3
Willem-Auke,3,0,3
Willem-Bastiaan,3,0,3
Willem-Bert,3,0,3
Willem-Bram,3,0,3
Willem-Coenrad,3,0,3
Willem-Constant,3,0,3
Willem-Cor,3,0,3
Willem-Daan,3,0,3
Willem-Derk,3,0,3
Willem-Egmond,3,0,3
Willem-Elmo,3,0,3
Willem-Eric,3,0,3
Willem-Everard,3,0,3
Willem-Ewoud,3,0,3
Willem-Ferdinand,3,0,3
Willem-Francis,3,0,3
Willem-Frank,3,0,3
Willem-Frits,3,0,3
Willem-Geert,3,0,3
Willem-George,3,0,3
Willem-Gerrit,3,0,3
Willem-Guus,3,0,3
Willem-Hans,3,0,3
Willem-Harm,3,0,3
Willem-Hieronymus,3,0,3
Willem-Hubert,3,0,3
Willem-Hugo,3,0,3
Willem-Huibrecht,3,0,3
Willem-ine,0,3,3
Willem-Jacobus,3,0,3
Willem-Jacques,3,0,3
Willem-Jakob,3,0,3
Willem-jan,3,0,3
Willem-Jason,3,0,3
Willem-Jelle,3,0,3
Willem-Jens,3,0,3
Willem-Jeroen,3,0,3
Willem-Jo,3,0,3
Willem-Joannes,3,0,3
Willem-Job,3,0,3
Willem-Jochem,3,0,3
Willem-Joop,3,0,3
Willem-Jorrit,3,0,3
Willem-Karel,3,0,3
Willem-Klaas,3,0,3
Willem-Leendert,3,0,3
Willem-Leo,3,0,3
Willem-Marc,3,0,3
Willem-Marie,0,3,3
Willem-Marten,3,0,3
Willem-Martin,3,0,3
Willem-Mentinck,3,0,3
Willem-Menze,3,0,3
Willem-Michiel,3,0,3
Willem-Nico,3,0,3
Willem-Nicolaas,3,0,3
Willem-Okki,3,0,3
Willem-Olaf,3,0,3
Willem-Pascal,3,0,3
Willem-Piebe,3,0,3
Willem-Reinoud,3,0,3
Willem-Reinout,3,0,3
Willem-Richard,3,0,3
Willem-Rijk,3,0,3
Willem-Roderick,3,0,3
Willem-Roeland,3,0,3
Willem-Sam,3,0,3
Willem-Samu√´l,3,0,3
Willem-Sander,3,0,3
Willem-S√©bastiaan,3,0,3
Willem-Sebastiaan,3,0,3
Willem-Sietse,3,0,3
Willem-Sjoerd,3,0,3
Willem-Thomas,3,0,3
Willem-Tijmen,3,0,3
Willem-Tino,3,0,3
Willem-Tjeerd,3,0,3
Willem-√ún,3,0,3
Willem-Victor,3,0,3
Willem-Wessel,3,0,3
Willem-Wilfred,3,0,3
Will√©ma,0,3,3
Willemandy,0,3,3
Willemanna,0,3,3
Willemanny,0,3,3
Willemara,0,3,3
Willemare,0,3,3
Willemaria,0,3,3
Willemarieke,0,3,3
Willemarrijn,0,3,3
Willemart,0,3,3
Willemarthe,0,3,3
Willembart,3,0,3
Willembert,3,0,3
Willemea,0,3,3
Willem√©e,0,3,3
Willemeijne,0,3,3
Willemeina,0,3,3
Willemeinke,0,3,3
Willemetta,0,3,3
Willemeyne,0,3,3
Willemhein,3,0,3
Willemi,0,3,3
Willemie,0,3,3
Willemienes,3,0,3
Willemientjen,0,3,3
Willemij,0,3,3
Willemije,0,3,3
Willemijn-Ayumi,0,3,3
Willemijn-Henrike,0,3,3
Willemijn-Inez,0,3,3
Willemijndert-William,3,0,3
Willemijndus,3,0,3
Willemijnke,0,3,3
Willemijnsje,0,3,3
Willemijnus,3,0,3
Willemijtje,0,3,3
Willemike,0,3,3
Willemina-Gabriella,0,3,3
Willemina-Jacolien,0,3,3
Willemina-Jo,0,3,3
Willemina-Liedia,0,3,3
Willeminia,0,3,3
Willeminke,0,3,3
Willemino,3,0,3
Willemintje,0,3,3
Willemique,0,3,3
Willemjanszoon,3,0,3
Willemje,0,3,3
Willemk,3,0,3
Willemke-Janne,0,3,3
Willemma,0,3,3
Willemmeindert,3,0,3
Willemmeine,0,3,3
Willemmien,0,3,3
Willemmientje,0,3,3
Willemmike,0,3,3
Willemphien,0,3,3
Willempje-Hendrikje,0,3,3
Willempje-Maaike,0,3,3
Willempje-Marieke,0,3,3
Willempken,0,3,3
Willemq,3,0,3
Willems-Jan,3,0,3
Willemske,0,3,3
Willemson,3,0,3
Willemszn,3,0,3
Willemtiem,0,3,3
Willemtiene,0,3,3
Willemtienes,3,0,3
Willemtinus,3,0,3
Willemtjen,0,3,3
Willemwiebe,3,0,3
Willemynte,0,3,3
Willemzoon,3,0,3
Willene,0,3,3
Will√®ne,0,3,3
Willeniek,0,3,3
Willepien,0,3,3
Willerie,0,3,3
Willerine,0,3,3
Willert,3,0,3
Willeska,0,3,3
Willeslava,0,3,3
Willeto,3,0,3
Willetty,0,3,3
Willewijn,0,3,3
Willey,3,0,3
Willeyne,0,3,3
Willfriede,0,3,3
Willfriet,3,0,3
Willfrit,3,0,3
Willhan,3,0,3
Willhard,3,0,3
Willhem,3,0,3
Willi-ams,0,3,3
Willi-Jan,3,0,3
Willi-Janne,0,3,3
Williaan,3,0,3
William-Andrew,3,0,3
William-Boy,3,0,3
William-Darcy,3,0,3
William-Edward,3,0,3
William-Florian,3,0,3
William-James,3,0,3
William-Jo,3,0,3
William-Mario,3,0,3
William-Mehdi,3,0,3
William-Paul,3,0,3
Williamna,0,3,3
Williamo,3,0,3
Willianda,0,3,3
Williande,0,3,3
Willianky,0,3,3
Willianne-Patricia,0,3,3
Williant,3,0,3
Williany,0,3,3
Willianza,0,3,3
Willibalde,0,3,3
Willibaldie,3,0,3
Willibalt,3,0,3
Willibert,3,0,3
Willibertha,0,3,3
Willibeth,0,3,3
Willibrorders,3,0,3
Willibrordius,0,3,3
Willibrort,3,0,3
Willice,0,3,3
Willick,3,0,3
Willie-Gerrine,0,3,3
Willie-Janne,0,3,3
Williean,3,0,3
Williebrorda,0,3,3
Willie√´lle,0,3,3
Williehard,3,0,3
Willieharma,0,3,3
Williejan,3,0,3
Willi√´n,3,0,3
Willi√®n,0,3,3
Willieneke,0,3,3
Willientje,0,3,3
Willies,0,3,3
Williese,0,3,3
Willietha,0,3,3
Willifrida,0,3,3
Willifridus,3,0,3
Willigonda,0,3,3
Willijah,3,0,3
Willijane,0,3,3
Willijbrordus,3,0,3
Willild,3,0,3
Willimar,3,0,3
Willimke,0,3,3
Willineke,0,3,3
Willioner,0,3,3
Willita,0,3,3
Willitha,0,3,3
Willitia,0,3,3
Willius,3,0,3
Williza,0,3,3
Willizanne,0,3,3
Willlem-Frederik,3,0,3
Willlemina,0,3,3
Willm,3,0,3
Willmer,3,0,3
Willmy,0,3,3
Willnouchka,0,3,3
Willo-Roso,3,0,3
Willomina,0,3,3
Willotte,0,3,3
Willoughby,3,0,3
Willow-Sky,0,3,3
Willrik,3,0,3
Willsen,3,0,3
Willshaun,3,0,3
Willubrordus,3,0,3
Willus,3,0,3
Willy-Addy,3,0,3
Willy-Ann,0,3,3
Willy-Antonia,0,3,3
Willy-Christian,3,0,3
Willy-Engelina,0,3,3
Willy-Sebastiaan,3,0,3
Willy-Sophia,0,3,3
Willyana,0,3,3
Willyanda,0,3,3
Willyant,0,3,3
Willyard,3,0,3
Willybert,3,0,3
Willybrodin,0,3,3
Willybrordis,3,0,3
Willycke,0,3,3
Willyenne,0,3,3
Willyfred,3,0,3
Willyfriedus,3,0,3
Willyhanna,0,3,3
Willyjane,0,3,3
Willyjanne,0,3,3
Willyka,0,3,3
Willyke,0,3,3
Willymijntje,0,3,3
Willyn,0,3,3
Willyone,3,0,3
Willysha,0,3,3
Willyta,0,3,3
Willytha,0,3,3
Willyze,0,3,3
Wilm-Jan,3,0,3
Wilma-Georgine,0,3,3
Wilma-Margie,0,3,3
Wilmaatje,0,3,3
Wilmana,0,3,3
Wilmanet,0,3,3
Wilmanetta,0,3,3
Wilmanus,3,0,3
Wilmara,0,3,3
Wilmarie,0,3,3
Wilmarina,0,3,3
Wilmarinus,3,0,3
Wilmaris,3,0,3
Wilmart,3,0,3
Wilmary,0,3,3
Wilmdina,0,3,3
Wilmee,0,3,3
Wilm√©e,0,3,3
Wilmein,0,3,3
Wilmentje,0,3,3
Wilmet,0,3,3
Wilmeta,0,3,3
Wilmia,0,3,3
Wilmieke,0,3,3
Wilmiene,0,3,3
Wilmijnke,0,3,3
Wilmilena,0,3,3
Wilmin,3,0,3
Wilminaicha,0,3,3
Wilmir,3,0,3
Wilmira,0,3,3
Wilmoed,0,3,3
Wilmont,3,0,3
Wilmos,3,0,3
Wilmot,0,3,3
Wilms,3,0,3
Wilmus,3,0,3
Wilmut,3,0,3
Wilnie,3,0,3
Wilnieke,0,3,3
Wilo,3,0,3
Wilonga,3,0,3
Wilonka,0,3,3
Wilonne,0,3,3
Wilpe,0,3,3
Wilpert,3,0,3
Wilpje,0,3,3
Wilqhencia,0,3,3
Wilra,0,3,3
Wilren,3,0,3
Wilrenda,0,3,3
Wilria,0,3,3
Wilriano,3,0,3
Wilrice,3,0,3
Wilrich,3,0,3
Wilrick-Louis,3,0,3
Wilrin,3,0,3
Wilrina,0,3,3
Wilrise,0,3,3
Wilrit,3,0,3
Wilron,3,0,3
Wilry,3,0,3
Wilrya,0,3,3
Wilsa,0,3,3
Wilsam,3,0,3
Wilsan,3,0,3
Wilshan,3,0,3
Wilshon,3,0,3
Wilsi,0,3,3
Wilsie,3,0,3
Wilsien,0,3,3
Wilsiena,0,3,3
Wilsienne,0,3,3
Wilsilia,0,3,3
Wilsina,0,3,3
Wilsio,3,0,3
Wilsola,0,3,3
Wilson-Benjamin,3,0,3
Wilsson,3,0,3
Wilstine,0,3,3
Wilstinique,0,3,3
Wilsyl,3,0,3
Wilta,0,3,3
Wilter,3,0,3
Wilthea,0,3,3
Wilthon,3,0,3
Wiltiana,0,3,3
Wiltienus,3,0,3
Wiltimus,3,0,3
Wiltolina,0,3,3
Wiltraut,0,3,3
Wiltrudis,0,3,3
Wiltrudus,3,0,3
Wilts,3,0,3
Wiltshire,3,0,3
Wiltske,0,3,3
Wilty,3,0,3
Wilvert,3,0,3
Wilvina,0,3,3
Wilyandra,0,3,3
Wilyem,3,0,3
Wilyone,0,3,3
Wilysia,0,3,3
Wilyson,3,0,3
Wilzon,3,0,3
Wim-Auke,3,0,3
Wim-Bart,3,0,3
Wim-Cees,3,0,3
Wim-Ewout,3,0,3
Wim-Gerard,3,0,3
Wim-Jacco,3,0,3
Wim-Jan-Rob,3,0,3
Wim-Jochum,3,0,3
Wim-Noah,3,0,3
Wim-Pepijn,3,0,3
Wim-Pieter,3,0,3
Wim-Rutger,3,0,3
Wim-Vilja,3,0,3
Wim-William,3,0,3
Wim-Wout,3,0,3
Wimal,3,0,3
Wimala,0,3,3
Wimalkoemar,3,0,3
Wimalkumar,3,0,3
Wimana,0,3,3
Wimanda,0,3,3
Wimanja,0,3,3
Wimano,3,0,3
Wimara,0,3,3
Wimari,0,3,3
Wimberly,0,3,3
Wimbertus,3,0,3
Wimbrey,3,0,3
Wime,0,3,3
Wimelda,0,3,3
Wimen,3,0,3
Wimerely,0,3,3
Wimert,3,0,3
Wimie,0,3,3
Wimilio,3,0,3
Wimjaap,3,0,3
Wimjoost,3,0,3
Wimkjen,0,3,3
Wimm,3,0,3
Wimma,0,3,3
Wimmar,3,0,3
Wimmeley,0,3,3
Wimmichje,0,3,3
Wimold,3,0,3
Wimolsiri,0,3,3
Wimona,0,3,3
Wimphrey,0,3,3
Wimpy,3,0,3
Wimsam,3,0,3
Wimske,0,3,3
Wimsten,3,0,3
Wimton,3,0,3
Wimukthi,3,0,3
Wimvina,0,3,3
Wimyke,0,3,3
Win-Ch√®rie,0,3,3
Win-Deancheley,0,3,3
Win-Deanchelo,3,0,3
Win-Hon,3,0,3
Winaash,3,0,3
Winaisa,0,3,3
Winaishka,0,3,3
Winajak,3,0,3
Winajk,3,0,3
Winakumari,0,3,3
Winalda,0,3,3
Winaldine,0,3,3
Winan,3,0,3
Winandie,0,3,3
Winandina,0,3,3
Winandkumar,3,0,3
Winandsingh,3,0,3
Winansa,0,3,3
Winanti,0,3,3
Winar,3,0,3
Winarak,3,0,3
Winard,3,0,3
Winarni,0,3,3
Winarno,3,0,3
Winarsih,0,3,3
Winarti,0,3,3
Winartie,0,3,3
Winas,3,0,3
Winat,3,0,3
Winaura,0,3,3
Winawai,0,3,3
Winaya,0,3,3
Winaykisoor,3,0,3
Winaysingh,3,0,3
Wincentz,3,0,3
Wincey,0,3,3
Winchita,0,3,3
Wincke,0,3,3
Winckie,3,0,3
Winco,3,0,3
Windaly,0,3,3
Windartie,0,3,3
Windekilde,3,0,3
Windel,3,0,3
Windele,0,3,3
Windeliena,0,3,3
Windell,3,0,3
Windeltje,0,3,3
Winderline,0,3,3
Windi,0,3,3
Windiawatie,0,3,3
Windie,0,3,3
Windiyati,0,3,3
Windjana,0,3,3
Windje,0,3,3
Windsong,0,3,3
Windya,0,3,3
Windyanne,0,3,3
Winedo,3,0,3
Wineet,3,0,3
Wineeth,3,0,3
Winefrede,0,3,3
Winell,0,3,3
Winema,0,3,3
Winemijn,0,3,3
Winender,3,0,3
Winengku,0,3,3
Wineshaya,0,3,3
Wineshkumar,3,0,3
Wineshni,0,3,3
Winessa,0,3,3
Win√®t,0,3,3
Winett,0,3,3
Winey,3,0,3
Winfie,0,3,3
Winfield,3,0,3
Winford,3,0,3
Winfreda,0,3,3
Winfride,0,3,3
Winfrido,3,0,3
Winfrie,0,3,3
Winfriedes,3,0,3
Winfrietus,3,0,3
Wing-Chi,3,0,3
Wing-Chuk,3,0,3
Wing-Hang,0,3,3
Wing-Hoo,3,0,3
Wing-Ka,0,3,3
Wing-kei,0,3,3
Wing-Lee,3,0,3
Wing-Leung,3,0,3
Wing-Lung,3,0,3
Wing-Nam,3,0,3
Wing-San,0,3,3
Wing-Shan,0,3,3
Wing-Shi,0,3,3
Wing-Sie,0,3,3
Wing-Sing,3,0,3
Wing-Ting,0,3,3
Wing-Tseung,3,0,3
Wing-Tsi,3,0,3
Wing-Tsie,0,3,3
Wing-Tsuen,3,0,3
Wing-Wah,3,0,3
Wing-Wai,3,0,3
Wing-Xie,0,3,3
Wing-Yau,0,3,3
Wing-Yen,0,3,3
Wing-Yian,0,3,3
Wing-Yie,0,3,3
Wing-Yin,0,3,3
Wing-Ying,0,3,3
Wing-Yip,3,0,3
Wingate,3,0,3
Winger,0,3,3
Wingerd,3,0,3
Winggit,3,0,3
Winghan,3,0,3
Winghee,3,0,3
Wingjohn,3,0,3
Wingkean,3,0,3
WingLong,3,0,3
Wingman,0,3,3
Wingnam,0,3,3
Wingo,3,0,3
Wingsam,0,3,3
WingSan,0,3,3
Wingsin,3,0,3
Wingson,3,0,3
Wingyan,0,3,3
Wingyen,0,3,3
Wingyi,0,3,3
Winhmar,3,0,3
Winhold,3,0,3
Winibertha,0,3,3
Winibout,3,0,3
Winiecradoff,3,0,3
Winiek,0,3,3
Winifer,0,3,3
Winifreda,0,3,3
Winifredda,0,3,3
Winifride,0,3,3
Winij,0,3,3
Winika,0,3,3
Winiki,0,3,3
Winim,0,3,3
Winimar,0,3,3
Winimonde,0,3,3
Wininder,3,0,3
Wininderkumar,3,0,3
Winip,3,0,3
Winise,0,3,3
Winisha,0,3,3
Winitha,0,3,3
Winitu,3,0,3
Winjaba,0,3,3
Winjaris,3,0,3
Winjel,3,0,3
Winka,0,3,3
Winke-Yttje,0,3,3
Winkey,0,3,3
Winki,0,3,3
Winkit,3,0,3
Winklaar,3,0,3
Winley,3,0,3
Winmar,3,0,3
Winnand,3,0,3
Winnando,3,0,3
Winnans,3,0,3
Winnas,0,3,3
Winn√©,3,0,3
Winne-Fleur,0,3,3
Winneberta,0,3,3
Winnefer,0,3,3
Winnefrida,0,3,3
Winnefride,0,3,3
Winnefridus,3,0,3
Winnefriedus,3,0,3
Winner-Sim√¢o,3,0,3
Winnet,0,3,3
Winnette,0,3,3
Winnezina,0,3,3
Winnfred,3,0,3
Winnia,0,3,3
Winniecatharina,0,3,3
Winniecornelia,0,3,3
Winniefrida,0,3,3
Winnifrida,0,3,3
Winnifriedus,3,0,3
Winnita,0,3,3
Winnitou,3,0,3
Winniwince,0,3,3
Winno,3,0,3
Winnocus,3,0,3
Winny-Feline,0,3,3
Winny-Marina,0,3,3
Winny-Poy,3,0,3
Winnyfried,0,3,3
Winnypeg,0,3,3
Winnytha,0,3,3
Winoar,3,0,3
Winoca,0,3,3
Winodhkoemar,3,0,3
Winodhkumar,3,0,3
Winodjkoemar,3,0,3
Winodjkumar,3,0,3
Winoes,0,3,3
Winoeska,0,3,3
Winola,0,3,3
Winoldus,3,0,3
Winolsha,0,3,3
Winona-Bo,0,3,3
Winoodkumar,3,0,3
Winoona,0,3,3
Winore,0,3,3
Winot,3,0,3
Winoth,3,0,3
Winoto,0,3,3
Winou,0,3,3
Winoucha,0,3,3
Winouhd,3,0,3
Winout,3,0,3
Winoya,0,3,3
Winric,3,0,3
Winrick,3,0,3
Winrie,3,0,3
Winry,3,0,3
Winsan,0,3,3
Winse,3,0,3
Winselsa,0,3,3
Winsie,0,3,3
Winsj√∂n,3,0,3
Winsome,0,3,3
Winsor,3,0,3
Winsow,3,0,3
Winsst√©n,3,0,3
Winstan,3,0,3
Winsten-Rodney,3,0,3
Winster,3,0,3
Winsthon,3,0,3
Winstijn,3,0,3
Winst√∂n,3,0,3
Winston-D'Shawn,3,0,3
Winston-Ty,3,0,3
Winstona,0,3,3
Winstone,3,0,3
Winstonlico,3,0,3
Winstonmoore,3,0,3
Winsy,0,3,3
Winte,0,3,3
Winterlynn,0,3,3
Winthana,0,3,3
Winthe,0,3,3
Winu≈õ,0,3,3
Winvienka,0,3,3
Winward,3,0,3
Winwood,0,3,3
Winx,3,0,3
Winyi,0,3,3
Winyse,0,3,3
Winzel,3,0,3
Wiodzimierz,3,0,3
Wion,0,3,3
Wionah,0,3,3
Wionie,0,3,3
Wionne,0,3,3
Wios,3,0,3
Wiosna,0,3,3
Wiparat,0,3,3
Wiphada,0,3,3
Wipin,3,0,3
Wipkea,0,3,3
Wipkedina,0,3,3
Wipkjen,0,3,3
Wiporn,0,3,3
Wiraadj,3,0,3
Wiraakram,3,0,3
Wiraash,3,0,3
Wirada,0,3,3
Wiradha,0,3,3
Wiradjen,3,0,3
Wiraghni,0,3,3
Wiraginy,0,3,3
Wirah,0,3,3
Wiraischa,0,3,3
Wiraishna,0,3,3
Wiraishniedebie,0,3,3
Wir√£j,3,0,3
Wiralde,0,3,3
Wiran,3,0,3
Wirananda,3,0,3
Wiranderkumar,3,0,3
Wirandersingh,3,0,3
Wirandjana,0,3,3
Wirandus,3,0,3
Wiranegara,3,0,3
Wirangsing,3,0,3
Wiranoe,0,3,3
Wiranto,3,0,3
Wiranu,0,3,3
Wiranugra,3,0,3
Wirapanjaya,3,0,3
Wirapat,3,0,3
Wirarde,0,3,3
Wiras,3,0,3
Wirash,3,0,3
Wirashniedebie,0,3,3
Wirashrie,0,3,3
Wirat,3,0,3
Wiratmo,3,0,3
Wirawati,0,3,3
Wiraya,0,3,3
Wirda,0,3,3
Wirdjana,0,3,3
Wireille,0,3,3
Wirekowaa,0,3,3
Wireku,3,0,3
Wirena,0,3,3
Wirender,3,0,3
Wirenderkoemar,3,0,3
Wirendrakumar,3,0,3
Wirene,0,3,3
Wireshkumar,3,0,3
Wireshna,0,3,3
Wireshwarkumar,3,0,3
Wirick,3,0,3
Wiride,0,3,3
Wiridiana,0,3,3
Wiriemaroeme,0,3,3
Wirijn,3,0,3
Wirina,0,3,3
Wirinayi,0,3,3
Wirind,3,0,3
Wirinda,0,3,3
Wirinderkoemar,3,0,3
Wirindersing,3,0,3
Wirindersingh,3,0,3
Wirindrekoemar,3,0,3
Wirindrekumar,3,0,3
Wirinkoemar,3,0,3
Wirinkumar,3,0,3
Wirinperkash,3,0,3
Wirinsingh,3,0,3
Wirishya,0,3,3
Wirja,0,3,3
Wirjanand,3,0,3
Wirjanti,0,3,3
Wirjawan,0,3,3
Wirjen,3,0,3
Wirner,3,0,3
Wirochan,3,0,3
Wirock,0,3,3
Wironika,0,3,3
Wironumus,3,0,3
Wiroy,3,0,3
Wirshaad,3,0,3
Wirsja,0,3,3
Wirte,3,0,3
Wirthe,0,3,3
Wirya,3,0,3
Wiryona,0,3,3
Wirza√Ø,0,3,3
Wis,3,0,3
Wisaal,3,0,3
Wisaam,3,0,3
Wisalkhan,3,0,3
Wisang,3,0,3
Wisar,3,0,3
Wisara,0,3,3
Wisbad,3,0,3
Wischar,3,0,3
Wischje,0,3,3
Wise,3,0,3
Wiseam,3,0,3
Wiselius,3,0,3
Wiselotte,0,3,3
Wisem,3,0,3
Wiseman,3,0,3
Wisemy,0,3,3
Wisenevan,3,0,3
Wisenty,3,0,3
Wiserenity,0,3,3
Wisesh,3,0,3
Wisgine,0,3,3
Wisgonda,0,3,3
Wishaal-Kumar,3,0,3
Wishaalkoemar,3,0,3
Wishaand,3,0,3
Wishaily,0,3,3
Wishajen,3,0,3
Wish√°l,3,0,3
Wishaldath,3,0,3
Wishalsingh,3,0,3
Wishana,0,3,3
Wishano,3,0,3
Wishantely,0,3,3
Wishara,0,3,3
Wishayen,3,0,3
Wishayn,3,0,3
Wishayro,3,0,3
Wishek,3,0,3
Wishel,3,0,3
Wishela,0,3,3
Wishendrey,3,0,3
Wishendry,3,0,3
Wishesta,0,3,3
Wishewa,3,0,3
Wishley,3,0,3
Wishma,0,3,3
Wishman,3,0,3
Wishmar,3,0,3
Wishni,0,3,3
Wishnuduth,3,0,3
Wishnuntoro,3,0,3
Wishnupersad,3,0,3
Wishvan,3,0,3
Wishvant,3,0,3
Wishwa,3,0,3
Wishwa-Tattwa,3,0,3
Wishwah,3,0,3
Wishwajiet,3,0,3
Wishwamitra,3,0,3
Wishwan,3,0,3
Wishwand,3,0,3
Wishwaradj,3,0,3
Wishwarajd,3,0,3
Wishwarupa,0,3,3
Wishwe,3,0,3
Wishzelmai,3,0,3
Wisia,0,3,3
Wisilus,3,0,3
Wisjaan,3,0,3
Wisjal,3,0,3
Wisjnoe,3,0,3
Wiska,0,3,3
Wiskahs,3,0,3
Wiskea,0,3,3
Wiskjen,0,3,3
Wisktje,0,3,3
Wisla,0,3,3
Wislaw,3,0,3
Wismar,3,0,3
Wisnha,3,0,3
Wisnoe,3,0,3
Wisnoedath,3,0,3
Wisnoeperkash,3,0,3
Wisnubrata,3,0,3
Wiso,3,0,3
Wisomael,0,3,3
Wissa,0,3,3
Wiss√¢l,0,3,3
Wissarionowitsj,3,0,3
Wisscha,0,3,3
Wisse-Jan,3,0,3
Wisse-Klaas,3,0,3
Wisse-Mees,3,0,3
Wissel,3,0,3
Wiss√®m,3,0,3
Wisses,3,0,3
Wisso,3,0,3
Wissra,0,3,3
Wisti,0,3,3
Wistik,3,0,3
Wisun,3,0,3
Wiswa-Atma,0,3,3
Wiswamitre,3,0,3
Wiswanath,3,0,3
Wiswanathan,3,0,3
Wiswani,3,0,3
Wiswaperkasch,3,0,3
Witali,3,0,3
Witalie,0,3,3
Witalik,3,0,3
Witalj,3,0,3
Witaly,3,0,3
Witanaij,0,3,3
Witarsih,0,3,3
Witchita,0,3,3
Wite,3,0,3
W√≠tek,3,0,3
Witeke,0,3,3
Witelina,0,3,3
Witeshkumar,3,0,3
Withawat,0,3,3
Withis,3,0,3
Withly,0,3,3
Withny,3,0,3
Witho,3,0,3
Withoen,3,0,3
Withushan,3,0,3
Witisch,3,0,3
Witlich,3,0,3
Witness,0,3,3
Witny,0,3,3
Witor,3,0,3
Witramkumar,3,0,3
Witri,0,3,3
Witsenius,3,0,3
Witsius,3,0,3
Witso,3,0,3
Witten,3,0,3
Witthajaa,3,0,3
Wittich,3,0,3
Wittler,3,0,3
Wity,0,3,3
Wityca,0,3,3
Witzar,3,0,3
Witzie,3,0,3
Wiva,0,3,3
Wiveca,0,3,3
Wivica,0,3,3
Wivinne,0,3,3
Wivinneke,0,3,3
Wiw,0,3,3
Wiwatwong,3,0,3
Wiweek,3,0,3
Wiwhoejantilli,3,0,3
Wiwiek,0,3,3
Wiwiganand,3,0,3
Wiwine,0,3,3
Wix,3,0,3
Wixx,3,0,3
Wiya,0,3,3
Wiyaash,3,0,3
Wiyani,0,3,3
Wiyanne,0,3,3
Wiyanthi,0,3,3
Wiyanti,0,3,3
Wiyantie,0,3,3
Wiyar,3,0,3
Wiyashri,0,3,3
Wiyendra,3,0,3
Wiyesha,0,3,3
Wiyesh√°,0,3,3
Wiyono,3,0,3
Wiyoto,3,0,3
Wiza,0,3,3
Wizha,0,3,3
Wizz,3,0,3
Wizzy,0,3,3
Wjatscheslaw,3,0,3
Wjatsilji,0,3,3
WJB,3,0,3
WJBI,0,3,3
Wjean√≠,0,3,3
WJF,3,0,3
WJH,3,0,3
Wjladimir,3,0,3
Wjoega,3,0,3
WJP,0,3,3
Wjuhorija,0,3,3
Wkash,3,0,3
Wlaat,3,0,3
Wlada,0,3,3
Wladeck,3,0,3
Wlademir,3,0,3
Wladic,3,0,3
Wladiek,0,3,3
Wladijslaw,3,0,3
Wladimar,3,0,3
Wladimer,3,0,3
Wlad√≠mir,3,0,3
Wladimirka,0,3,3
Wladimiro,3,0,3
Wladimirov,3,0,3
Wladimirovich,3,0,3
Wladimirowitsj,3,0,3
Wladimirus,3,0,3
Wladimmer,3,0,3
Wladislau,3,0,3
Wladislausz,3,0,3
Wladjimir,3,0,3
Wladjslaw,3,0,3
Wladlen,3,0,3
Wladlena,0,3,3
Wladyslaus,3,0,3
Wladyslav,3,0,3
Wladyslava,0,3,3
Wƒ∫adysƒ∫aw,3,0,3
Wladyslow,3,0,3
Wladystaw,3,0,3
Wladyzlawa,0,3,3
Wladzia,0,3,3
Wlandina,0,3,3
Wlanga,0,3,3
Wlaolyk,3,0,3
Wlardimhir,3,0,3
Wlasios,3,0,3
WLC,3,0,3
WLE,3,0,3
Wlihelmus,3,0,3
Wllem,3,0,3
WLMG,0,3,3
WMG,0,3,3
Woan,0,3,3
Woan-Jen,0,3,3
Woang,3,0,3
Wobbe-Joep,3,0,3
Wobbele,3,0,3
Wobbeliena,0,3,3
Wobbelientje,0,3,3
Wobbelleentje,0,3,3
Wobberen,3,0,3
Wobbes,3,0,3
Wobbi,0,3,3
Wobbian,3,0,3
Wobbientje,0,3,3
Wobbijntje,0,3,3
Wobbino,3,0,3
Wobbinus,3,0,3
Wobbrig,0,3,3
Woberdina,0,3,3
Wobgedina,0,3,3
Wobkea,0,3,3
Wobp,3,0,3
Wock,3,0,3
Wodde,3,0,3
Wodek,3,0,3
Wodina,0,3,3
Wodka,0,3,3
Wodry,3,0,3
Wody,0,3,3
Woeb,3,0,3
Woebe,3,0,3
Woei-ghit,3,0,3
Woei-Giong,3,0,3
Woei-Herng,3,0,3
Woei-Hung,3,0,3
Woei-Ket,3,0,3
Woei-Khet,3,0,3
Woei-Kie,3,0,3
Woei-Lam,3,0,3
Woei-Liong,3,0,3
Woei-Loen,3,0,3
Woei-Mien,3,0,3
Woei-Min,3,0,3
Woei-Pin,3,0,3
Woei-Qun,3,0,3
Woei-Toeng,3,0,3
Woei-Tsang,3,0,3
Woekie,3,0,3
Woelankahu,0,3,3
Woelderik,3,0,3
Woeldrik,3,0,3
Woelf,3,0,3
Woen-Ghjong,3,0,3
Woen-Kioen,3,0,3
Woen-Kong,3,0,3
Woen-Tien,0,3,3
Woendrik,3,0,3
Woenja,0,3,3
Woenk,3,0,3
Woeragil,3,0,3
Woesam,3,0,3
Woest,3,0,3
Woet,3,0,3
Woey,3,0,3
Woez,3,0,3
Woezahr,3,0,3
Wogan,3,0,3
Woggie,0,3,3
Woiceg,3,0,3
Woihiba,0,3,3
Woike,0,3,3
Woinera,3,0,3
Woitek,3,0,3
Woiye,3,0,3
Woizera,0,3,3
Woj,0,3,3
Wojdan,0,3,3
Wojiech,3,0,3
Wojislawa,0,3,3
Wojtus,3,0,3
Woka,3,0,3
Wokalo,3,0,3
Wokas,3,0,3
Wokelien,0,3,3
Wokesh,3,0,3
Wolajatali,3,0,3
Wolberdina,0,3,3
Wolbergina,0,3,3
Wolbertien,0,3,3
Wolbertine,0,3,3
Wolbiena,0,3,3
Wolbrecht,3,0,3
Wolco,3,0,3
Woldeab,0,3,3
Woldema,0,3,3
Wolden,3,0,3
Woldeselasse,3,0,3
Woldi,0,3,3
Woldine,0,3,3
Woldinus,3,0,3
Woldy,0,3,3
Wole,3,0,3
Wolente,0,3,3
Wolf-K-Po,3,0,3
Wolf-Merlijn,3,0,3
Wolf-Quinten,3,0,3
Wolfar,3,0,3
Wolfbrand,3,0,3
Wolferd,3,0,3
Wolferine,0,3,3
Wolff-Hugo,3,0,3
Wolffje,0,3,3
Wolfger,3,0,3
Wolfi,0,3,3
Wolfjager,3,0,3
Wolfke,0,3,3
Wolflinde,0,3,3
Wolfmar,3,0,3
Wolframa,0,3,3
Wolfrid,3,0,3
Wolfrida,0,3,3
Wolfrides,3,0,3
Wolfrieda,0,3,3
Wolfriede,0,3,3
Wolfriedus,3,0,3
Wolfrik,3,0,3
Wolger,3,0,3
Woli,0,3,3
Wolker,3,0,3
Wolkiena,0,3,3
Wolla,0,3,3
Wolladimmer,3,0,3
Wollar,3,0,3
Wollid,3,0,3
Wollientje,0,3,3
Wollijnda,0,3,3
Wolmert,0,3,3
Wolmeth,0,3,3
Wolmoedina,0,3,3
Wolmundus,3,0,3
Wolmuth,0,3,3
Wolna,0,3,3
Wolodymir,3,0,3
Wolodymyra,0,3,3
Wolof,3,0,3
Wolphaerd,3,0,3
Wolphardus,3,0,3
Wolphert,3,0,3
Wolphina,0,3,3
Wolrieke,0,3,3
Wolrik,3,0,3
Wolt,3,0,3
Wolte-Mariam,0,3,3
Wolter-Jan,3,0,3
Wolter-Klaas,3,0,3
Wolt√©ra,0,3,3
Wolterdien,0,3,3
Wolt√®re,3,0,3
Woltere,0,3,3
Woltergina,0,3,3
Wolterline,0,3,3
Wolterrika,0,3,3
Wolterrina,0,3,3
Wolth√©ra,0,3,3
Woltherina,0,3,3
Wolthilde,0,3,3
Woltine,0,3,3
Woltrude,0,3,3
Wolty,0,3,3
Wolv,3,0,3
Wolve,0,3,3
Wolvin,0,3,3
Womar,3,0,3
Wom√©,0,3,3
Womkje,0,3,3
Wompje,0,3,3
Won-Lan,0,3,3
Won-Ling,0,3,3
Won-Yee,0,3,3
Wona,3,0,3
Wonald,3,0,3
Wonda,0,3,3
Wondemgashaye,3,0,3
Wondemsesha,3,0,3
W√≤nder,0,3,3
Wonderbaby,3,0,3
Wonderdi,3,0,3
Wonderful,3,0,3
Wonderhart,3,0,3
Wonderling,3,0,3
Wonel,3,0,3
Wonetta,0,3,3
Wong-Kong,3,0,3
Wong-Lee,3,0,3
Wong-Tsj√®,3,0,3
Wong-Ying-Nio,0,3,3
Wongcagnaraque,3,0,3
Wonghouhin,3,0,3
Wongsatorn,3,0,3
Wongwilai,0,3,3
Wonita,0,3,3
Woniya,0,3,3
Wonjay-Lee,3,0,3
Wonmen,0,3,3
Wonnebald,3,0,3
Wonnetta,0,3,3
Wonniami,3,0,3
Wonnie,0,3,3
Wonogatti,3,0,3
Wonsild,3,0,3
Wontaniyir,0,3,3
Wontemi,3,0,3
Wontoo,0,3,3
Wonyiri,0,3,3
Wonzell,3,0,3
Woo-ung,3,0,3
Woobiena,0,3,3
Woodie,3,0,3
Woodson,3,0,3
Wooldrik,3,0,3
Woolfie,3,0,3
Woopi,0,3,3
Woos,3,0,3
Woot,3,0,3
Wooy,0,3,3
Wopchiena,0,3,3
Wopco,3,0,3
Wopgiena,0,3,3
Wopgiene,0,3,3
Wopgina,0,3,3
Wopka,0,3,3
Wopke-Dirk,3,0,3
Wopk√©a,0,3,3
Wopkelien,0,3,3
Wopkeliena,0,3,3
Wopkes,3,0,3
Wopkiena,0,3,3
Woquini,3,0,3
Worachaed,3,0,3
Worachit,3,0,3
Worae,3,0,3
Woramhet,3,0,3
Worawan,0,3,3
Worawat,3,0,3
Woraweth,3,0,3
Worawid,3,0,3
Worawit,3,0,3
Worden,3,0,3
Worena,0,3,3
Worine,0,3,3
Worku,3,0,3
Wormert,3,0,3
Wormerus,3,0,3
Woroiroeme,0,3,3
Worou,3,0,3
Worrel,3,0,3
Worterus,3,0,3
Worthia,3,0,3
Worthy,3,0,3
W√∂ser,3,0,3
Wosho,0,3,3
Wossam,3,0,3
Wostelino,3,0,3
Wotse,3,0,3
Wotte,3,0,3
Wou,0,3,3
Woubert,3,0,3
Woubertine,0,3,3
Woubertus,3,0,3
Wouburga,0,3,3
Woud-Jan,3,0,3
Woudaline,0,3,3
Wouddy,0,3,3
Woudelien,0,3,3
Woudelientje,0,3,3
Woudeline,0,3,3
Wouderina,0,3,3
Wouderinus,3,0,3
Woudette,0,3,3
Woudiena,0,3,3
Woudiene,0,3,3
Woudineke,0,3,3
Woudini,3,0,3
Woudric,3,0,3
Woudtriena,0,3,3
Wougina,0,3,3
Wouissal,0,3,3
Woulanda,0,3,3
Wouleley,0,3,3
Woulinde,0,3,3
Wounette,0,3,3
Wounis,0,3,3
Wourick,3,0,3
Woury,3,0,3
Wousanne,0,3,3
Wout-Kees,3,0,3
Woutdina,0,3,3
Woutea,0,3,3
Wouteeres,3,0,3
Woutelijne,0,3,3
Wouter-Aleardo,3,0,3
Wouter-Alexander,3,0,3
Wouter-Bas,3,0,3
Wouter-Hugo,3,0,3
Wouter-Ids,3,0,3
Wouter-Jaap,3,0,3
Wouter-Jaco,3,0,3
Wouter-Jens,3,0,3
Wouter-Jeroen,3,0,3
Wouter-John,3,0,3
Wouter-Marijn,3,0,3
Wouter-Marinus,3,0,3
Wouter-Michiel,3,0,3
Wouter-Onno,3,0,3
Wouter-Tim,3,0,3
Wouter-Willem,3,0,3
Wout√®ra,0,3,3
Wouterdienus,3,0,3
Woutere,0,3,3
Wouteresa,0,3,3
Wouterhenk,3,0,3
Wouterhus,3,0,3
Wouterieke,0,3,3
Wouterientje,0,3,3
Wouterino,0,3,3
Wout√©rius,3,0,3
Wouterjan,3,0,3
Wouternella,0,3,3
Woutersd√≥ttir,0,3,3
Woutersson,3,0,3
Wouth,3,0,3
Woutharina,0,3,3
Wouthea-Johanna,0,3,3
Wouth√©ra,0,3,3
Woutheres,3,0,3
Woutherinus,3,0,3
Woutheris,3,0,3
Woutherlina,0,3,3
Woutheunis,3,0,3
Wouthiera,0,3,3
Wouthora,0,3,3
Woutice,0,3,3
Woutilla,0,3,3
Woutineke,0,3,3
Woutirius,3,0,3
Woutra,0,3,3
Woutrie,0,3,3
Woutrieneke,0,3,3
Woutrienna,0,3,3
Woutrijna,0,3,3
Woutrines,3,0,3
Woutrus,3,0,3
Woutryne,0,3,3
Woutt,3,0,3
Wouttherus,3,0,3
Wouttrijntje,0,3,3
Wouttrina,0,3,3
Woutyana,0,3,3
Wouw,3,0,3
Wow,3,0,3
Wowa,3,0,3
Woyeke,3,0,3
Woyno,3,0,3
Woytek,3,0,3
Woytyla,3,0,3
Woyue,0,3,3
Woyzeck,3,0,3
Wozermes,3,0,3
WPCM,3,0,3
WPM,0,3,3
Wradjendre,3,0,3
Wranga,0,3,3
Wranisha,0,3,3
Wredjindra,3,0,3
Wrench,3,0,3
Wreshmina,0,3,3
Wrigley,3,0,3
Wrijanand,3,0,3
Wrishta,0,3,3
WRJ,3,0,3
Wroeena,0,3,3
Wrosina,0,3,3
Wrynn,3,0,3
Wsal,0,3,3
WSM,3,0,3
Wtadystawa-Katarzyna,0,3,3
Wu-Kai,3,0,3
Wu-Ling,0,3,3
Wu-Long,0,3,3
Wu-Tang,3,0,3
Wu-Wei,0,3,3
Wu-Yong,3,0,3
Wua,3,0,3
Wuaaid,0,3,3
Wuai,3,0,3
Wualisa,0,3,3
Wuan,3,0,3
Wuarkaratat,3,0,3
Wubayehu,0,3,3
W√ºbbe,3,0,3
Wubbe-Albert,3,0,3
Wubbechiene,0,3,3
Wubbechienes,3,0,3
Wubbegie,0,3,3
Wubbegienus,3,0,3
Wubbegonda,0,3,3
Wubbel,3,0,3
Wubbels,3,0,3
Wubbemina,0,3,3
Wubberdina,0,3,3
Wubbes,3,0,3
Wubbian,3,0,3
Wubbidina,0,3,3
Wubbieke,0,3,3
Wubbiene,0,3,3
Wubbieno,3,0,3
Wubbientje,0,3,3
Wubbienus,3,0,3
Wubbiggina,0,3,3
W√ºbbo,3,0,3
Wubboldina,0,3,3
Wubboltdina,0,3,3
Wubbora,0,3,3
Wubchiena,0,3,3
Wubchina,0,3,3
Wubiennus,3,0,3
Wubin,3,0,3
Wubkina,0,3,3
Wubko,3,0,3
W√ºbko,3,0,3
Wudeh,0,3,3
Wudi,3,0,3
Wudmer,3,0,3
Wudmur,3,0,3
Wue,3,0,3
Wuelde,3,0,3
Wugboltdina,0,3,3
Wuhan,3,0,3
Wui-Seng,3,0,3
Wulandhari,0,3,3
Wulandhary,0,3,3
Wulani,0,3,3
Wulansari,0,3,3
Wulberta,0,3,3
Wulfa,0,3,3
Wulferandus,3,0,3
Wulferina,0,3,3
W√ºlfert,0,3,3
Wulfert-Jan,3,0,3
Wulfertdina,0,3,3
Wulfertina,0,3,3
Wulff,3,0,3
Wulffranus,3,0,3
Wulfgar,3,0,3
Wulfhilde,0,3,3
Wulfi,0,3,3
Wulfien,0,3,3
Wulfiena,0,3,3
Wulfiene,0,3,3
Wulfila,3,0,3
Wulfradus,3,0,3
Wulfran,3,0,3
Wulfrannus,3,0,3
Wulfric,3,0,3
Wulfridis,3,0,3
Wulfriede,0,3,3
Wulfriedus,3,0,3
Wulhelmus,3,0,3
Wulicio,3,0,3
Wullemina,0,3,3
Wullianne,0,3,3
Wulma,0,3,3
Wuls,3,0,3
Wum,3,0,3
Wumba,0,3,3
Wumnaya,3,0,3
Wun-Chiu,0,3,3
Wun-Yu,0,3,3
Wunam,0,3,3
Wunder,0,3,3
Wunian,3,0,3
Wunibald,3,0,3
Wunnebert,3,0,3
Wunny,0,3,3
Wunnyra,3,0,3
Wunyo,3,0,3
Wup,0,3,3
Wupco,3,0,3
Wupk√©a,0,3,3
Wupkelina,0,3,3
Wupkiena,0,3,3
Wupko,3,0,3
Wuppy,0,3,3
Wura,3,0,3
Wural,3,0,3
Wurep,3,0,3
Wuriani,0,3,3
Wuriyam,0,3,3
Wurja,3,0,3
Wurner,3,0,3
Wuro,0,3,3
Wurud,0,3,3
Wuryanti,0,3,3
Wushudew,3,0,3
W√ºston,3,0,3
Wusuaa,0,3,3
Wusuwaa,0,3,3
Wuthy,3,0,3
Wutthikrai,3,0,3
Wuttinann,3,0,3
Wuttiphat,3,0,3
W√ºtze,3,0,3
Wuy,0,3,3
WVH,0,3,3
Wyaar,3,0,3
Wyam,0,3,3
Wyame,0,3,3
Wyamien,0,3,3
Wyanet,0,3,3
Wyanette,0,3,3
Wyannah,0,3,3
Wyannie,0,3,3
Wyant,3,0,3
Wyanto,3,0,3
Wyaomi,0,3,3
Wy√°omi,0,3,3
Wyar,3,0,3
Wyard,3,0,3
Wyas,3,0,3
Wyatte,3,0,3
Wyayshreedebie,0,3,3
Wyba,0,3,3
Wybeke,0,3,3
Wybian,3,0,3
Wybigje,0,3,3
Wybo-Jan,3,0,3
Wybogina,0,3,3
Wybold,3,0,3
Wyboldus,3,0,3
Wybolijne,0,3,3
Wybolt,3,0,3
Wybr√¢n,3,0,3
Wybrandes,3,0,3
Wybrandina,0,3,3
Wybrands,3,0,3
Wybrandt,3,0,3
Wybrant,3,0,3
Wybrechta,0,3,3
Wybregina,0,3,3
Wybren-Mark,3,0,3
Wybrenda,0,3,3
Wybrigje-Aaltje,0,3,3
Wybrigjen,0,3,3
Wybrigta,0,3,3
Wybrin,3,0,3
Wychal,3,0,3
Wychay,3,0,3
Wycherd,3,0,3
Wycherdina,0,3,3
Wychje,0,3,3
Wyclif,3,0,3
Wycliffe,3,0,3
Wydane,0,3,3
Wydeisha,0,3,3
Wydianne,0,3,3
Wydiawati,0,3,3
Wydjajkumar,3,0,3
Wye,3,0,3
Wyenna,0,3,3
Wyer,3,0,3
Wyerapatria,3,0,3
Wygardus,3,0,3
Wygenia,0,3,3
Wygertje,0,3,3
Wygko,3,0,3
Wygle,3,0,3
Wyhncke,0,3,3
Wyhneke,0,3,3
Wyita,0,3,3
Wyja,0,3,3
Wyjona,0,3,3
Wyk,0,3,3
Wyland,3,0,3
Wylanda,0,3,3
Wylbren,3,0,3
Wylco,3,0,3
Wyl√®ne,0,3,3
Wylene,0,3,3
Wylisha,0,3,3
Wylke,0,3,3
Wylli,3,0,3
Wyllie,3,0,3
Wylly,3,0,3
Wyllyamsen,3,0,3
Wylo,3,0,3
Wylon,3,0,3
Wylow,3,0,3
Wylshendrid,3,0,3
Wylson,3,0,3
Wymad,3,0,3
Wymeren,3,0,3
Wympke,0,3,3
Wymtje,0,3,3
Wynald,3,0,3
Wynalda,0,3,3
Wynaldo,3,0,3
Wy√±ana,0,3,3
Wynanda-Riemkje,0,3,3
Wynandia,0,3,3
Wynandina,0,3,3
Wynando,3,0,3
Wynanke,0,3,3
Wynant,3,0,3
Wynardo,3,0,3
Wyncken,0,3,3
Wyndeline,0,3,3
Wyndell,3,0,3
Wyndi,0,3,3
Wyndy,0,3,3
Wyn√©,3,0,3
Wynet,0,3,3
Wynford,3,0,3
Wyng-Faa,3,0,3
Wyngert,3,0,3
Wynholt,3,0,3
Wynish,3,0,3
Wynneke,0,3,3
Wynnston,3,0,3
Wynoah,0,3,3
Wynofrieda,0,3,3
Wynoha,0,3,3
Wynoma,0,3,3
Wynonah,0,3,3
Wynono-Shiye,3,0,3
Wynoone,0,3,3
Wynske,0,3,3
Wynstand,3,0,3
Wynt,3,0,3
Wyntha,0,3,3
Wyntje,0,3,3
Wyntsen,3,0,3
Wyntsje,0,3,3
Wyo,3,0,3
Wyom,3,0,3
Wyom√©,0,3,3
Wyoming,0,3,3
Wyomini,0,3,3
Wypck,0,3,3
Wypje,0,3,3
Wypkelien,0,3,3
Wyranda,0,3,3
Wyrasuh,3,0,3
Wyrendra,3,0,3
Wyria,0,3,3
Wyrnus,3,0,3
Wyrone,3,0,3
Wyrt,3,0,3
Wys,0,3,3
Wysaam,0,3,3
Wysam,3,0,3
Wysan,3,0,3
Wysandra,0,3,3
Wyse,3,0,3
Wyshal,3,0,3
Wyshane,3,0,3
Wyshant,3,0,3
Wysharo,3,0,3
Wyshayra,0,3,3
Wyshendly,3,0,3
Wysista,0,3,3
Wysze,3,0,3
Wyt,3,0,3
Wythasa,0,3,3
Wytica,0,3,3
Wyto,3,0,3
Wytse-Jan,3,0,3
Wytsius,3,0,3
Wytsje,0,3,3
Wytske-Hinke,0,3,3
Wytsze,3,0,3
W≈∑tze,3,0,3
Wytze-Jan,3,0,3
Wytze-Jesper,3,0,3
Wytzes,3,0,3
Wytzje,0,3,3
W≈Çadis≈Çav,3,0,3
W≈Çadyslaws,3,0,3
W≈Çadystaw,3,0,3
W≈Åadys≈Åaw,3,0,3
W≈Çodziemierz,3,0,3
