Name,Men,Women,Total
Xander,4438,3,4441
Xavier,2491,24,2515
Xavi,2216,9,2225
Xaverius,846,20,866
Xandra,3,664,667
Xenia,3,355,358
Xaviera,0,320,320
Xin,64,251,315
Xem,295,6,301
Xanne,3,260,263
Xiomara,3,256,259
Xanthe,3,249,252
Xam,194,14,208
Xuan,100,96,196
Xaveria,3,172,175
Xiao,68,100,168
Xena,0,151,151
Xiang,108,18,126
Xian,76,34,110
Ximena,0,83,83
Xara,0,80,80
Xing,54,18,72
Xandro,71,0,71
Xenna,8,61,69
Xavera,0,62,62
Xue,17,45,62
Xia,7,53,60
Xamira,3,55,58
Xavian,53,0,53
Xeno,53,0,53
Xerxes,52,0,52
Xaverio,42,8,50
Xemm,49,3,52
Xynthia,0,50,50
Xaver,48,0,48
Xenn,47,3,50
Xiu,11,36,47
Xaviër,44,0,44
Xavy,39,3,42
Xana,0,39,39
Xaveer,38,0,38
Xabi,35,3,38
Xandor,34,0,34
Xanna,0,33,33
Xaviér,32,3,35
Xantha,0,31,31
Xanti,20,7,27
Xiano,26,0,26
Xan,21,3,24
Xandrine,0,25,25
Xenne,19,5,24
Xante,3,22,25
Xaja,3,18,21
Xavio,22,0,22
Xoë,3,21,24
Xaviero,20,0,20
Xavira,0,20,20
Xiara,0,20,20
Xanthi,5,14,19
Xinyi,3,17,20
Xavie,10,7,17
Xuân,3,13,16
Xavièr,16,0,16
Xaviëra,0,16,16
Xela,3,15,18
Xen,14,3,17
Xiong,15,3,18
Xanthé,3,14,17
Xavière,3,13,16
Xiomar,15,0,15
Xiamara,0,14,14
Xienna,0,14,14
Xion,14,0,14
Xandrina,0,13,13
Xie,8,5,13
Xiem,13,0,13
Xiënna,0,13,13
Xabier,12,0,12
Xafira,0,12,12
Xezal,0,12,12
Xylia,0,12,12
Xandrijn,10,3,13
Xantia,0,11,11
Xaria,0,11,11
Xaviano,11,0,11
Xavienne,0,11,11
Xuxa,0,11,11
Xania,0,10,10
Xaro,10,0,10
Xaviënne,0,10,10
Xenja,0,10,10
Xanto,9,0,9
Xiana,0,9,9
Ximon,9,0,9
Xolani,3,7,10
Xanthia,0,8,8
Xaverina,0,8,8
Xavero,6,3,9
Xavié,7,3,10
Xavièra,0,8,8
Xelly,0,8,8
Xeni,3,7,10
Xadé,0,7,7
Xaf,7,0,7
Xafiera,0,7,7
Xamm,6,3,9
Xando,7,0,7
Xantho,7,0,7
Xaverie,0,7,7
Xaverine,0,7,7
Xaviënna,0,7,7
Xavion,7,0,7
Xin-Yi,0,7,7
Xinyue,0,7,7
Xippe,6,3,9
Xun,6,3,9
Xanadu,3,5,8
Xantino,6,0,6
Xaví,6,0,6
Xaviëlla,0,6,6
Xavienna,0,6,6
Xaviéra,0,6,6
Xelena,0,6,6
Xess,6,0,6
Xiam,6,0,6
Xim,6,0,6
Xyliano,6,0,6
Xyomara,0,6,6
Xystus,6,0,6
Xamayra,0,5,5
Xani,5,0,5
Xanthine,0,5,5
Xanthippe,3,3,6
Xantijn,5,0,5
Xantippe,3,3,6
Xarifa,0,5,5
Xavery,5,0,5
Xavina,0,5,5
Xavyra,0,5,5
Xaya,0,5,5
Xenios,5,0,5
Xer,3,3,6
Xera,0,5,5
Xevi,5,0,5
Xiandra,0,5,5
Xiaolong,5,0,5
Xiebe,5,0,5
Xilan,5,0,5
Xina,0,5,5
Xomara,0,5,5
Xylander,5,0,5
Xyra,0,5,5
Xabian,3,0,3
Xafier,3,0,3
Xamantha,0,3,3
Xamara,0,3,3
Xamir,3,0,3
Xamirah,0,3,3
Xanta,0,3,3
Xanthias,3,0,3
Xanthus,3,0,3
Xantiago,3,0,3
Xantos,3,0,3
Xanvier,3,0,3
Xavannah,0,3,3
Xaveriana,0,3,3
Xaveriano,3,0,3
Xaviël,3,3,6
Xaviere,3,3,6
Xavierio,3,0,3
Xavierius,3,0,3
Xaviéro,3,0,3
Xavinho,3,0,3
Xeb,3,0,3
Xenio,3,0,3
Xenius,3,0,3
Xepp,3,0,3
Xev,3,0,3
Xiandro,3,0,3
Xilia,0,3,3
Ximène,0,3,3
Xinyan,0,3,3
Xiomaira,0,3,3
Xira,0,3,3
Xivano,3,0,3
Xixi,0,3,3
Xoan,3,3,6
Xochitl,0,3,3
Xsara,0,3,3
Xyano,3,0,3
Xyara,0,3,3
Xylena,0,3,3
Xylian,3,3,6
Xyon,3,0,3
Xafi,3,3,6
Xairo,3,0,3
Xandee,0,3,3
Xandrea,0,3,3
Xandri,3,3,6
Xandria,0,3,3
Xandry,0,3,3
Xane,3,3,6
Xanh,3,0,3
Xannelou,0,3,3
Xantal,0,3,3
Xanté,0,3,3
Xanter,3,0,3
Xanterra,3,0,3
Xanthy,0,3,3
Xantijne,0,3,3
Xarah,0,3,3
Xarah-lynn,0,3,3
Xari,0,3,3
Xashi,3,3,6
Xava,3,0,3
Xavé,3,0,3
Xavently,3,0,3
Xavèr,3,0,3
Xavi-Jay,3,0,3
Xavia,0,3,3
Xavië,3,0,3
Xaviëlle,0,3,3
Xavien,3,3,6
Xavin,3,3,6
Xavinio,3,0,3
Xaviro,3,0,3
Xavora,0,3,3
Xayden,3,0,3
Xayenne,0,3,3
Xayide,0,3,3
Xean,3,0,3
Xeargell,3,0,3
Xeavian,3,0,3
Xemme,3,0,3
Xéna,0,3,3
Xenaida,0,3,3
Xennia,0,3,3
Xenophon,3,0,3
Xenos,3,0,3
Xenya,0,3,3
Xep,3,0,3
Xeraino,3,0,3
Xerrayno,3,0,3
Xerverius,3,0,3
Xhaiden,3,0,3
Xi-Anne,0,3,3
Xiann,3,3,6
Xianna,0,3,3
Xianthé,0,3,3
Xiao-Long,3,0,3
Xiao-Qing,0,3,3
Xiarah,0,3,3
Xiaro,3,0,3
Xilena,0,3,3
Ximen,3,0,3
Xindi,0,3,3
Xingman,0,3,3
Xinia,0,3,3
Xinthia,0,3,3
Xio,3,3,6
Xiomy,3,3,6
Xiona,0,3,3
Xiondra,0,3,3
Xiri,3,3,6
Xiuwen,0,3,3
Xivan,3,0,3
Xoán,3,0,3
Xoé,0,3,3
Xolany,0,3,3
Xophia,0,3,3
Xyan,3,0,3
Xylan,3,0,3
Xyliana,0,3,3
Xylina,0,3,3
Xylon,3,0,3
Xzavier,3,0,3
Xaavi,3,0,3
Xacobeo,3,0,3
Xaduel,3,0,3
Xaffiera,0,3,3
Xai,0,3,3
Xaiden,3,0,3
Xaidry,3,0,3
Xajen,0,3,3
Xaleysha,0,3,3
Xalvador,3,0,3
Xamda,0,3,3
Xamiera,0,3,3
Xammie,3,3,6
Xamora,0,3,3
Xamorah,0,3,3
Xamuel,3,0,3
Xamy,3,0,3
Xanah,0,3,3
Xanan,0,3,3
Xanchano,3,0,3
Xanda,0,3,3
Xandar,3,0,3
Xander-Paul,3,0,3
Xandera,0,3,3
Xandia,0,3,3
Xandr,3,0,3
Xandre,3,3,6
Xandres,3,3,6
Xandrien,0,3,3
Xandy,0,3,3
Xané,0,3,3
Xanelle,0,3,3
Xaniëlla,0,3,3
Xannah,0,3,3
Xannajah,0,3,3
Xanno,3,0,3
Xano,3,0,3
Xanou,0,3,3
Xantara,0,3,3
Xanteé,0,3,3
Xanthijn,3,0,3
Xanthos,3,0,3
Xantien,0,3,3
Xantine,0,3,3
Xantosh,3,0,3
Xantusha,0,3,3
Xanty,3,3,6
Xanvièra,0,3,3
Xao,3,3,6
Xaqueen,3,3,6
Xarella,0,3,3
Xario,3,0,3
Xaris,0,3,3
Xarisha,0,3,3
Xarissa,0,3,3
Xasan,3,0,3
Xasandra,0,3,3
Xavanna,0,3,3
Xave,3,3,6
Xaveira,0,3,3
Xaveiro,3,0,3
Xavéra,0,3,3
Xavère,3,0,3
Xavériano,3,0,3
Xaverus,3,0,3
Xaveryo,3,0,3
Xavey,3,0,3
Xavhinio,3,0,3
Xavï,3,0,3
Xavi-Thiago,3,0,3
Xaviar,3,0,3
Xavièl,3,0,3
Xaviel,3,3,6
Xaviella,0,3,3
Xaviën,3,0,3
Xaviëna,0,3,3
Xaviènne,0,3,3
Xavieria,0,3,3
Xaviëro,3,0,3
Xavierra,0,3,3
Xavierre,3,0,3
Xavierus,3,0,3
Xavilion,3,0,3
Xavior,3,0,3
Xavirius,3,0,3
Xavyella,0,3,3
Xavyera,0,3,3
Xayen,0,3,3
Xayla,0,3,3
Xayvion,3,0,3
Xeander,3,0,3
Xeano,3,0,3
Xees,3,0,3
Xef,3,0,3
Xeleste,0,3,3
Xeley,3,3,6
Xélimay,0,3,3
Xelisho,3,0,3
Xella,0,3,3
Xellesia,0,3,3
Xenalyn,0,3,3
Xendrix,3,0,3
Xendro,3,0,3
Xénia,0,3,3
Xènia,0,3,3
Xeniya,0,3,3
Xenno,3,0,3
Xenoa,0,3,3
Xenofon,3,0,3
Xenon,3,0,3
Xenza,0,3,3
Xeomara,0,3,3
Xeon,3,0,3
Xeppe,3,0,3
Xeran,3,0,3
Xerena,0,3,3
Xeres,3,3,6
Xerine,0,3,3
Xerva,0,3,3
Xervain,3,0,3
Xeryus,3,0,3
Xevier,3,0,3
Xhariëne,0,3,3
Xhelal,3,0,3
Xheneta,0,3,3
Xhevdet,3,0,3
Xhosa,3,3,6
Xi-Wen,0,3,3
Xià,0,3,3
Xiamaro,3,0,3
Xián,3,0,3
Xianio,3,0,3
Xianique,0,3,3
Xiăo,3,3,6
Xiao-Li,0,3,3
Xiao-Wei,0,3,3
Xiao-Yao,3,3,6
Xiaohan,3,3,6
Xiaoli,0,3,3
Xiaoqing,0,3,3
Xiarella,0,3,3
Xien,3,3,6
Xiènne,0,3,3
Xiënne,0,3,3
Xier,3,3,6
Xil,3,3,6
Xilian,3,0,3
Xiliyano,3,0,3
Xilke,0,3,3
Xillian,3,0,3
Xilven,3,0,3
Xilyano,3,0,3
Xime,3,0,3
Ximene,0,3,3
Ximone,0,3,3
Ximun,3,0,3
Xīn,0,3,3
Xin-Yue,0,3,3
Xinchen,3,0,3
Xingyu,3,3,6
Xinning,0,3,3
Xinran,0,3,3
Xinrong,0,3,3
Xinthe,0,3,3
Xinwen,0,3,3
Xinya,0,3,3
Xinyu,0,3,3
Xiohena,0,3,3
Xiomahara,0,3,3
Xiomairo,3,0,3
Xiomare,0,3,3
Xiomaro,3,0,3
Xiomayra,0,3,3
Xionara,0,3,3
Xióng,3,0,3
Xioni,0,3,3
Xionny,0,3,3
Xiony,3,3,6
Xisco,3,0,3
Xiva,0,3,3
Xiyuan,3,0,3
Xja,0,3,3
Xobian,3,0,3
Xochil,0,3,3
Xoimara,0,3,3
Xolali,3,0,3
Xoliswa,0,3,3
Xoraia,0,3,3
Xristo,3,0,3
Xsandra,0,3,3
Xsavio,3,0,3
Xsiara,0,3,3
Xtina,0,3,3
Xu-Li,0,3,3
Xuang,0,3,3
Xuanyu,3,0,3
Xumi,3,3,6
Xuting,3,3,6
Xuxu,0,3,3
Xuyen,0,3,3
Xyen,3,3,6
Xyenna,0,3,3
Xyla,0,3,3
Xylius,3,0,3
Xyrian,3,0,3
Xzmyra,0,3,3
X'Angel,3,0,3
X'cdiënne,0,3,3
X'Jeàneyshá-Treángelys,0,3,3
X'yavi,3,0,3
X'zavior,3,0,3
X'zayvion,3,0,3
X-avier,3,0,3
X-ďann,0,3,3
X-siën,3,0,3
Xa-Glair,0,3,3
Xaaf,3,0,3
Xaaji,3,0,3
Xaanalou,0,3,3
Xaar,0,3,3
Xaaron,3,0,3
Xabí,3,0,3
Xabia,0,3,3
Xàbia,0,3,3
Xabienne,0,3,3
Xabiënne,0,3,3
Xabora,0,3,3
Xabyan,3,0,3
Xabyne,0,3,3
Xace,3,0,3
Xadaysia,0,3,3
Xade,0,3,3
Xaden,3,0,3
Xadéva,0,3,3
Xadi,3,0,3
Xadier,3,0,3
Xadim,3,0,3
Xadrino-Joe,3,0,3
Xadya,0,3,3
Xadyra,0,3,3
Xaé,3,0,3
Xae-Ann,0,3,3
Xaë-Vaianah,0,3,3
Xaedyn-James,3,0,3
Xaëgen,3,0,3
Xaël,0,3,3
Xael,0,3,3
Xaemar,3,0,3
Xaen,3,0,3
Xaena,0,3,3
Xaënadeera,0,3,3
Xaevan,3,0,3
Xaévi,3,0,3
Xaeviean,3,0,3
Xaevion,3,0,3
Xaévion,3,0,3
Xaeyon,3,0,3
Xafajah,0,3,3
Xafajenurschia,0,3,3
Xafar,3,0,3
Xafaya,0,3,3
Xafenja,0,3,3
Xaferinho,3,0,3
Xaferius,3,0,3
Xafero,3,0,3
Xafey,3,0,3
Xaffira,0,3,3
Xafiejé,3,0,3
Xafiéro,3,0,3
Xafiëro,3,0,3
Xafiero,3,0,3
Xafir,3,0,3
Xafirah,0,3,3
Xafora,0,3,3
Xafron,3,0,3
Xafsah,0,3,3
Xagustina,0,3,3
Xahariël,3,0,3
Xahida,0,3,3
Xahierra,0,3,3
Xahro,3,0,3
Xai'Melie,0,3,3
Xaïa,0,3,3
Xaia,0,3,3
Xaichan,3,0,3
Xaida,0,3,3
Xaidon,3,0,3
Xaidrich,3,0,3
Xaiel,3,0,3
Xaiëntainy,0,3,3
Xaiër,3,0,3
Xaihno,3,0,3
Xailey,0,3,3
Xailyame,0,3,3
Xaime,3,0,3
Xaïn,0,3,3
Xaina,0,3,3
Xaindijs,0,3,3
Xainner,3,0,3
Xainrich,3,0,3
Xaiomara,0,3,3
Xaionada,0,3,3
Xaïr,3,0,3
Xaïra,0,3,3
Xaira,0,3,3
Xaira-Lynn,0,3,3
Xairelee,0,3,3
Xairon,3,0,3
Xaivaro,3,0,3
Xaiya,0,3,3
Xaiyapadith,3,0,3
Xajaylie,0,3,3
Xajenne,0,3,3
Xajera,3,0,3
Xajero,3,0,3
Xajida,0,3,3
Xajiro,3,0,3
Xajurie,0,3,3
Xakyra,0,3,3
Xalahuan,3,0,3
Xalaiza,0,3,3
Xaland,3,0,3
Xalba,0,3,3
Xaleisha,0,3,3
Xaley,0,3,3
Xaleyna,0,3,3
Xaleyonique,0,3,3
Xalia,0,3,3
Xalid,3,0,3
Xalima,0,3,3
Xaline,3,0,3
Xalise,0,3,3
Xalistes,3,0,3
Xalivia,0,3,3
Xalixa,0,3,3
Xaltotun,3,0,3
Xalua,0,3,3
Xalvadore,3,0,3
Xalvinio,3,0,3
Xalvino,3,0,3
Xalyna,0,3,3
Xalyne,0,3,3
Xalynn,0,3,3
Xalza,3,0,3
Xàm,3,0,3
Xamaica,0,3,3
Xamala,0,3,3
Xaman,0,3,3
Xamantla,0,3,3
Xamar,3,0,3
Xamarah,0,3,3
Xamarinde,0,3,3
Xamax,0,3,3
Xamdi,3,0,3
Xamé,0,3,3
Xamena,0,3,3
Xamerd,3,0,3
Xamiël,3,0,3
Xamila,0,3,3
Xammara,0,3,3
Xammarx,3,0,3
Xamuël,3,0,3
Xamwali,3,0,3
Xamyra,0,3,3
Xanaa,0,3,3
Xanaé,0,3,3
Xanae,0,3,3
Xanagé,0,3,3
Xanai,0,3,3
Xanaika,0,3,3
Xanana,0,3,3
Xanath,0,3,3
Xanaviér,0,3,3
Xanayra,0,3,3
Xanchyro,3,0,3
Xancia,0,3,3
Xandé,0,3,3
Xandenine,0,3,3
Xandeo,3,0,3
Xander-Brett,3,0,3
Xander-Jan,3,0,3
Xander-Jeroen,3,0,3
Xander-noël,3,0,3
Xander-Rick,3,0,3
Xandereine,0,3,3
Xanderijn,0,3,3
Xanderly,3,0,3
Xanders,3,0,3
Xandeshna,0,3,3
Xandher,3,0,3
Xandi,0,3,3
Xandieme,0,3,3
Xandinho,3,0,3
Xandora,0,3,3
Xandra-Elisa,0,3,3
Xandra-Lise,0,3,3
Xandreli,0,3,3
Xandrey,0,3,3
Xandrick,3,0,3
Xandrico,3,0,3
Xandrientje,0,3,3
Xandrinia,0,3,3
Xandró,3,0,3
Xandros,3,0,3
Xandru,3,0,3
Xandur,3,0,3
Xandwine,0,3,3
Xaneeva,0,3,3
Xanegay,0,3,3
Xanegé,0,3,3
Xanèl,0,3,3
Xangadix,3,0,3
Xange,0,3,3
Xangell,0,3,3
Xangilio,3,0,3
Xangrenio,3,0,3
Xaniar,3,0,3
Xaniël,3,0,3
Xaniëre,3,0,3
Xanigy,0,3,3
Xanım,0,3,3
Xanio,3,0,3
Xanique,0,3,3
Xanita,0,3,3
Xaniviëve,0,3,3
Xanja,3,0,3
Xanjai,3,0,3
Xanjero,3,0,3
Xann,3,0,3
Xannalou,0,3,3
Xanne-Fay,0,3,3
Xanne-Faye,0,3,3
Xanne-Loïs,0,3,3
Xanne-lou,0,3,3
Xanne-Lynn,0,3,3
Xannegy,0,3,3
Xannell,0,3,3
Xannellamy,0,3,3
Xannick,3,0,3
Xannie,0,3,3
Xanniphan,3,0,3
Xannon,3,0,3
Xanoah,3,0,3
Xansaveria,0,3,3
Xant,3,0,3
Xantève,0,3,3
Xanthe-Yalou,0,3,3
Xanthee,0,3,3
Xanthel,0,3,3
Xanthelies,0,3,3
Xanthem,3,0,3
Xanthí,0,3,3
Xanthiany,0,3,3
Xanthilia,0,3,3
Xanthin,3,0,3
Xanthoula,0,3,3
Xanthula,0,3,3
Xanthusha,0,3,3
Xantie,0,3,3
Xantiér,3,0,3
Xantiera,0,3,3
Xantina,0,3,3
Xantoucha,0,3,3
Xantula,0,3,3
Xantusa,0,3,3
Xantuzza,0,3,3
Xanu,0,3,3
Xanum,0,3,3
Xanviër,3,0,3
Xanxio,3,0,3
Xanya,0,3,3
Xanycha,0,3,3
Xanyu,3,0,3
Xanzaar,3,0,3
Xaomy,0,3,3
Xaona,0,3,3
Xapharo,3,0,3
Xapherius,3,0,3
Xaphiera,0,3,3
Xaphira,0,3,3
Xaphirah,0,3,3
Xapphyr,3,0,3
Xaqisha,0,3,3
Xaquevé,0,3,3
Xaquin,3,0,3
Xar-Viernio,3,0,3
Xara-Jane,0,3,3
Xara-Livieya,0,3,3
Xara-Lynn,0,3,3
Xara-Valentina,0,3,3
Xaradja,0,3,3
Xarafina,0,3,3
Xarah-Lynn,0,3,3
Xarahley,0,3,3
Xarahnaz,0,3,3
Xarai,0,3,3
Xaraia,0,3,3
Xarain,3,0,3
Xaraiva,3,0,3
Xaralambos,3,0,3
Xaran,3,0,3
Xarantha,0,3,3
Xaraya,0,3,3
Xardion,3,0,3
Xared,3,0,3
Xarelsa,0,3,3
Xarencio,3,0,3
Xarenely,0,3,3
Xareni,0,3,3
Xaressa,0,3,3
Xarferia,0,3,3
Xariad,3,0,3
Xarian,3,0,3
Xarie,0,3,3
Xarina,0,3,3
Xarinho,3,0,3
Xariq,3,0,3
Xarita,0,3,3
Xarles,3,0,3
Xarlot,0,3,3
Xarly,0,3,3
Xarmaira,0,3,3
Xaroc,3,0,3
Xaroja,0,3,3
Xaron,3,0,3
Xáron,3,0,3
Xaroy,3,0,3
Xarrah,0,3,3
Xarrianne,0,3,3
Xarron,3,0,3
Xarviël,3,0,3
Xarvientaly,0,3,3
Xarya,0,3,3
Xarylia,0,3,3
Xaryna,0,3,3
Xasheena,0,3,3
Xasini,0,3,3
Xassandra,0,3,3
Xatève,0,3,3
Xatzil,0,3,3
Xaundrie,0,3,3
Xaündry,0,3,3
Xaunley,0,3,3
Xauris,0,3,3
Xav,3,0,3
Xàvae,0,3,3
Xavaèl,3,0,3
Xavaey,0,3,3
Xavagne,0,3,3
Xavairo,3,0,3
Xavana,0,3,3
Xavanny,3,0,3
Xavanti,0,3,3
Xavar,3,0,3
Xavaréah,0,3,3
Xavarinie,0,3,3
Xavarino,3,0,3
Xavario,3,0,3
Xavarow,3,0,3
Xavayrino,3,0,3
Xaveenah,0,3,3
Xaveirio,3,0,3
Xaveiryo,3,0,3
Xaveleigh,0,3,3
Xavéleigh,0,3,3
Xavelino,3,0,3
Xavell,3,0,3
Xavelle,0,3,3
Xavely,0,3,3
Xavèn,3,0,3
Xaven,3,0,3
Xavena,0,3,3
Xaveña,0,3,3
Xavencio,3,0,3
Xavenio,3,0,3
Xavenly,3,0,3
Xavenni,0,3,3
Xavensley,0,3,3
Xavér,3,0,3
Xaverdey,0,3,3
Xaverencio,3,0,3
Xaverianne,0,3,3
Xaverias,3,0,3
Xavérie,0,3,3
Xaverikya,0,3,3
Xaverin,0,3,3
Xaverinho,3,0,3
Xaverino,0,3,3
Xaverion,3,0,3
Xavernon,3,0,3
Xaverum,3,0,3
Xaveryano,3,0,3
Xavès,3,0,3
Xaveurio,3,0,3
Xávi,3,0,3
Xavı,3,0,3
Xavi'Yenzo,3,0,3
Xavi-Angelo,3,0,3
Xavi-Cavani,3,0,3
Xavi-Delon,3,0,3
Xávi-Envy,3,0,3
Xavi-Farris,3,0,3
Xavi-Jan,3,0,3
Xavi-Jhay,3,0,3
Xavi-Logan,3,0,3
Xavi-Savié,3,0,3
Xavi-Xess,3,0,3
Xavi-yann,3,0,3
Xavía,0,3,3
Xávian,3,0,3
Xaviana,0,3,3
Xaviange,0,3,3
Xavianni,0,3,3
Xavie-Jeeva,3,0,3
Xavieanti,0,3,3
Xaviëden,3,0,3
Xaviee,3,0,3
Xavieé,3,0,3
Xavieira,0,3,3
Xaviêl,3,0,3
Xaviëlito,3,0,3
Xaviélla,0,3,3
Xavielle,0,3,3
Xaviëlley,0,3,3
Xaviëly,0,3,3
Xaviën-ci,3,0,3
Xavience,0,3,3
Xaviëncy,0,3,3
Xaviendo,3,0,3
Xaviènn,0,3,3
Xaviënnah,0,3,3
Xaviënsa,0,3,3
Xaviëny,0,3,3
Xavienya,0,3,3
Xaviěr,3,0,3
Xavïer,3,0,3
Xavìer,3,0,3
Xavier-Aldo,3,0,3
Xavier-André,3,0,3
Xavier-Jadon,3,0,3
Xavier-Jean,3,0,3
Xavier-Pascal,3,0,3
Xavier-Philippe,3,0,3
Xavierah,0,3,3
Xaviére,0,3,3
Xavierena,0,3,3
Xaviëria,0,3,3
Xavieriano,3,0,3
Xavièrie,0,3,3
Xavierinio,3,0,3
Xaviërlina,0,3,3
Xaviërno,3,0,3
Xavièro,3,0,3
Xaviêrra,0,3,3
Xaviërra,0,3,3
Xavièrre,3,0,3
Xaviërre,0,3,3
Xavierrely,0,3,3
Xaviërro,3,0,3
Xaviérro-DiÃngelo,3,0,3
Xaviery,3,0,3
Xavieryan,3,0,3
Xaviéryllo,3,0,3
Xavieu,3,0,3
Xavieyieh,3,0,3
Xaviez,3,0,3
Xavijandro,3,0,3
Xavilio,3,0,3
Xavillo,3,0,3
Xavinhjo,3,0,3
Xavinia,0,3,3
Xavino,3,0,3
Xávion,3,0,3
Xavionissa,0,3,3
Xaviour,3,0,3
Xavira-Gatoen,0,3,3
Xavireen,0,3,3
Xavirel,0,3,3
Xaviria,0,3,3
Xavirian,3,0,3
Xavirinéo,3,0,3
Xavirio,3,0,3
Xavius,3,0,3
Xaviyàn,3,0,3
Xaviyan,3,0,3
Xaviyenne,0,3,3
Xaviyenzo,3,0,3
Xavjé,3,0,3
Xavo,3,0,3
Xavoiya,0,3,3
Xavon,3,0,3
Xavoya,0,3,3
Xavriano,3,0,3
Xavry,3,0,3
Xavyé,3,0,3
Xavyenna,0,3,3
Xavyéron,3,0,3
Xavynia,0,3,3
Xavyr,3,0,3
Xawerius,3,0,3
Xawery,3,0,3
Xawy,3,0,3
Xaxa,0,3,3
Xaxie,0,3,3
Xaxory,3,0,3
Xay,0,3,3
Xayaad,0,3,3
Xayah,0,3,3
Xayani,0,3,3
Xayat,0,3,3
Xaydian,3,0,3
Xayedi,0,3,3
Xayée-yo,0,3,3
Xayèn,0,3,3
Xayenna,0,3,3
Xayera,0,3,3
Xayh,3,0,3
Xayhire,3,0,3
Xayin,3,0,3
Xayinn,3,0,3
Xaylyon,3,0,3
Xaynthe,0,3,3
Xayviannoh,3,0,3
Xayvier,3,0,3
Xayxana,3,0,3
Xazal,0,3,3
Xazi-anne,0,3,3
Xcao-Li,0,3,3
Xcelia,0,3,3
Xcharaizy,0,3,3
Xcharya,0,3,3
Xchel,3,0,3
Xcirayxcla,0,3,3
Xe'pheon,3,0,3
Xea,0,3,3
Xealiana,0,3,3
Xeana,0,3,3
Xeanay,0,3,3
Xeanette,0,3,3
Xeanne,0,3,3
Xearvyio,3,0,3
Xeaven,0,3,3
Xeayana,0,3,3
Xebastiaan,3,0,3
Xebian,3,0,3
Xébian,3,0,3
Xebun,3,0,3
Xebyian,3,0,3
Xeda,0,3,3
Xedean,3,0,3
Xeder,3,0,3
Xederic,3,0,3
Xedes,0,3,3
Xedey,0,3,3
Xedi,0,3,3
Xedric,3,0,3
Xedrique-Jornn,3,0,3
Xedro,3,0,3
Xee,0,3,3
Xee'D,0,3,3
Xeemiviéne,0,3,3
Xeenah-Jea,0,3,3
Xeevanina,0,3,3
Xefanja,0,3,3
Xeferio,3,0,3
Xehrius,3,0,3
Xeï,0,3,3
Xeila,0,3,3
Xèla,0,3,3
Xelain,0,3,3
Xelaina,0,3,3
Xelan,3,0,3
Xelano,3,0,3
Xelcis,0,3,3
Xelda,0,3,3
Xéleah,0,3,3
Xelencia,0,3,3
Xeleon,3,0,3
Xelest,0,3,3
Xelesz,0,3,3
Xeleyna,0,3,3
Xeliah,0,3,3
Xèliah,0,3,3
Xelice,0,3,3
Xelicity,0,3,3
Xeliesta,0,3,3
Xelin,3,0,3
Xelina,0,3,3
Xéline,0,3,3
Xelisia,0,3,3
Xeliza,0,3,3
Xelize,0,3,3
Xeljar,3,0,3
Xelle,0,3,3
Xellisia,0,3,3
Xelly-Rox,0,3,3
Xeluja,0,3,3
Xelviera,0,3,3
Xelvio,3,0,3
Xely,0,3,3
Xelya,0,3,3
Xelyan,0,3,3
Xemaya,0,3,3
Xemène,0,3,3
Xemeno,3,0,3
Xemgin,3,0,3
Xemm-Noan,3,0,3
Xemme-Job,3,0,3
Xemmy,3,0,3
Xemsidin,3,0,3
Xemx,3,0,3
Xena-Leona,0,3,3
Xena-Lynn,0,3,3
Xena-Marie,0,3,3
Xenaé,0,3,3
Xenah,0,3,3
Xenaica,0,3,3
Xenaira,0,3,3
Xenaisa,0,3,3
Xenario,3,0,3
Xenaviënne,0,3,3
Xenaya,0,3,3
Xency,0,3,3
Xender,3,0,3
Xendo,3,0,3
Xendrick,3,0,3
Xendryo,3,0,3
Xene,0,3,3
Xenegae,0,3,3
Xenegea,0,3,3
Xenera,0,3,3
Xenerino,3,0,3
Xenevieve,0,3,3
Xeng-Fe,0,3,3
Xenia-Rose,0,3,3
Xénio,3,0,3
Xenira,0,3,3
Xenisa-Xhanee,0,3,3
Xenitia,0,3,3
Xenmar,3,0,3
Xenna-Jay,0,3,3
Xenna-Mae,0,3,3
Xennah-Leigh,0,3,3
Xenne-Gail,0,3,3
Xennegay,0,3,3
Xennely,0,3,3
Xennie,0,3,3
Xenniva,0,3,3
Xennon,3,0,3
Xennophan,3,0,3
Xenobia,0,3,3
Xenofodas,3,0,3
Xenofoon,3,0,3
Xenomar,3,0,3
Xenophons,3,0,3
Xenoula,0,3,3
Xenovan,3,0,3
Xenovia,0,3,3
Xenres,3,0,3
Xensi,0,3,3
Xentangelo,3,0,3
Xento,3,0,3
Xenvi,3,0,3
Xenvieve,0,3,3
Xenxis,3,0,3
Xeny,0,3,3
Xenya-Marytza,0,3,3
Xenya-xhakyra,0,3,3
Xenzia,0,3,3
Xenzo,3,0,3
Xeorge,3,0,3
Xepantina,0,3,3
Xeph,3,0,3
Xepharino,3,0,3
Xephrano,3,0,3
Xequencio,3,0,3
Xerabi,0,3,3
Xerailyvion,3,0,3
Xerainy,0,3,3
Xeraphina,0,3,3
Xeraylia,0,3,3
Xercegenia,0,3,3
Xerces,3,0,3
Xercinho,3,0,3
Xerea,0,3,3
Xeréna,0,3,3
Xerencia,0,3,3
Xerenety,0,3,3
Xereno,3,0,3
Xerensio,3,0,3
Xérès,0,3,3
Xergae,3,0,3
Xergea,3,0,3
Xerghiano,3,0,3
Xergiño,3,0,3
Xericx,3,0,3
Xerise,0,3,3
Xerize,0,3,3
Xernée,0,3,3
Xerno,3,0,3
Xero,3,0,3
Xerox,3,0,3
Xerren,0,3,3
Xerrino,3,0,3
Xersienyo,3,0,3
Xerus,3,0,3
Xervaine,3,0,3
Xerverinyo,3,0,3
Xerviëno,3,0,3
Xervin,3,0,3
Xervinho,3,0,3
Xérvinio,3,0,3
Xervio,3,0,3
Xerwan,3,0,3
Xerxers,3,0,3
Xerxex,3,0,3
Xeryaino,3,0,3
Xesc,3,0,3
Xesca,0,3,3
Xess-Xavy,3,0,3
Xessley,3,0,3
Xesslyn,0,3,3
Xesthea,0,3,3
Xévaiellio,3,0,3
Xevain,3,0,3
Xevainho,3,0,3
Xévaio,3,0,3
Xevania,0,3,3
Xévanio,3,0,3
Xevaughn,3,0,3
Xévayninha,0,3,3
Xeváyro,3,0,3
Xevayro,3,0,3
Xevenety,0,3,3
Xevenne,0,3,3
Xevera,0,3,3
Xeverin,3,0,3
Xeverio,3,0,3
Xévi,3,0,3
Xeviar,3,0,3
Xèviera,0,3,3
Xevieur,3,0,3
Xevilio,3,0,3
Xevinho,3,0,3
Xevion,3,0,3
Xevirius,3,0,3
Xevynio,3,0,3
Xexile,0,3,3
Xexsters,3,0,3
Xeya,0,3,3
Xeycan,0,3,3
Xeyphorah,0,3,3
Xeyzir,0,3,3
Xezz,3,0,3
Xfinethy,0,3,3
Xha'Liyah,0,3,3
Xhadé,0,3,3
Xhadhyaene,0,3,3
Xhady,3,0,3
Xhafer,3,0,3
Xhahyuan,3,0,3
Xhakee,0,3,3
Xhamaliah,0,3,3
Xhamil,3,0,3
Xhamirha,0,3,3
Xhanegay,0,3,3
Xhania,0,3,3
Xhanina,0,3,3
Xhanola,0,3,3
Xhante,0,3,3
Xhanteowitsj,3,0,3
Xhanthy,0,3,3
Xhara,0,3,3
Xharoni,0,3,3
Xhauflaine,0,3,3
Xhavainy,0,3,3
Xhavit,3,0,3
Xhawina,0,3,3
Xhayden,3,0,3
Xhayenna,0,3,3
Xheadyon,3,0,3
Xhealiyah,0,3,3
Xheilan,0,3,3
Xheladin,3,0,3
Xhema,3,0,3
Xhemil,3,0,3
Xhemile,0,3,3
Xhenete,0,3,3
Xheneti,0,3,3
Xherdan,3,0,3
Xhesida,0,3,3
Xhevat,3,0,3
Xhevennety,0,3,3
Xhezide,0,3,3
Xhi,0,3,3
Xhiarin,0,3,3
Xhimena,0,3,3
Xhiraicia,0,3,3
Xhiu,3,0,3
Xho,0,3,3
Xhu,0,3,3
Xhueiriah,0,3,3
Xhuleta,0,3,3
Xhuliana,0,3,3
Xhumi,3,0,3
Xhyona,0,3,3
Xhyrichio,3,0,3
Xi'ana,0,3,3
Xi'ennae-Lee,0,3,3
Xi'yenna,0,3,3
Xi-ann,0,3,3
Xi-Feng,0,3,3
Xi-jeany,0,3,3
Xi-Kei,0,3,3
Xi-Lin,0,3,3
Xi-Na,0,3,3
Xi-naichelo,3,0,3
Xi-Rui,3,0,3
Xi-zairo,3,0,3
Xiá,0,3,3
Xia-Cheng,3,0,3
Xia-Hui,0,3,3
Xia-li,3,0,3
Xia-Mari,0,3,3
Xia-Mei,0,3,3
Xia-qi,0,3,3
Xia-Quelycia,0,3,3
Xiadey,0,3,3
Xiadiera,0,3,3
Xiady,3,0,3
Xiafaillio,3,0,3
Xiahan,0,3,3
Xialena,0,3,3
Xialing,3,0,3
Xiamaira,0,3,3
Xiamanda,0,3,3
Xiamar,3,0,3
Xiamarah,0,3,3
Xiamayra,0,3,3
Xiamira,0,3,3
Xiamoni,0,3,3
Xiamyra,0,3,3
Xiàn,3,0,3
Xian-Iva,0,3,3
Xian-Ivy,0,3,3
Xian-Jie,3,0,3
Xian-Lay,3,0,3
Xian-Lisa,0,3,3
Xian-Xin,0,3,3
Xian-Ye,0,3,3
Xianaika,0,3,3
Xianayah,0,3,3
Xiander,3,0,3
Xiandiweh,0,3,3
Xiando,3,0,3
Xiandré,3,0,3
Xiandryann,0,3,3
Xiané,0,3,3
Xianeysha,0,3,3
Xiang-Di,3,0,3
Xiang-Li,0,3,3
Xiangda,3,0,3
Xiangde,3,0,3
Xianghua,0,3,3
Xiangi,0,3,3
Xiangju,3,0,3
Xianglin,3,0,3
Xiangrui,3,0,3
Xiangyu,0,3,3
Xiani,0,3,3
Xianillio,3,0,3
Xïanïs,0,3,3
Xianithia,0,3,3
Xiannamarie,0,3,3
Xianne,0,3,3
Xianno,3,0,3
Xianny,0,3,3
Xianovitch,3,0,3
Xiantaly,0,3,3
Xiantely,0,3,3
Xiantey,0,3,3
Xiantha,0,3,3
Xianthal,0,3,3
Xianthe,0,3,3
Xianthely,0,3,3
Xianthy,0,3,3
Xiantiënne,0,3,3
Xianting,0,3,3
Xiañu,3,0,3
Xiany,0,3,3
Xianysha,0,3,3
Xianzhi,3,0,3
Xiao-,0,3,3
Xiao-Ching,0,3,3
Xiao-Die,0,3,3
Xiao-Fei,0,3,3
Xiao-Hua,3,0,3
Xiao-Jia,3,0,3
Xiao-Jieuw,0,3,3
Xiao-Lian,0,3,3
Xiao-lin,0,3,3
Xiăo-Lóng,3,0,3
Xiao-Min,0,3,3
Xiăo-Nan,0,3,3
Xiao-Nan,3,0,3
Xiao-Swan,3,0,3
Xiao-Ye,0,3,3
Xiao-Yen,0,3,3
Xiao-Ying,3,0,3
Xiao-Yueyue,0,3,3
Xiaofee,0,3,3
Xiaofeng,3,0,3
Xiaohao,3,0,3
Xiaohui,0,3,3
Xiaojie,3,0,3
Xiaolok,0,3,3
Xiaolon,3,0,3
Xiaolu,0,3,3
Xiaomei,0,3,3
XiaoMing,3,0,3
Xiaoming,3,0,3
Xiaosong,3,0,3
Xiaowen,3,0,3
Xiaoxin,0,3,3
Xiaoxuan,0,3,3
Xiaoyang,3,0,3
Xiaoyi,3,0,3
Xiaoying,0,3,3
Xiaoyu,3,0,3
Xiaoyuan,0,3,3
Xiaoyue,0,3,3
Xiapeng,3,0,3
Xiar-Giënne,0,3,3
Xiar-Shènah,0,3,3
Xiarelsa,0,3,3
Xiaryviënne,0,3,3
Xiarzhino,3,0,3
Xiatian,3,0,3
Xiau,0,3,3
Xiau-Yong,3,0,3
Xiaumay,3,0,3
Xiavienelly,0,3,3
Xiawenley,0,3,3
Xiaxuan,3,0,3
Xiaya,0,3,3
Xibbe,3,0,3
Xībolè,3,0,3
Xicentely,0,3,3
Xichela,0,3,3
Xid,3,0,3
Xidano,3,0,3
Xidillion,3,0,3
Xidorn,3,0,3
Xie-Dong,0,3,3
Xië-Vaindro,3,0,3
Xie-Ying,0,3,3
Xiede,3,0,3
Xiemena,0,3,3
Xiena,0,3,3
Xiënna-Jayli,0,3,3
Xiënnely,0,3,3
Xiënsca,0,3,3
Xiëntonmar,3,0,3
Xiërnonmar,3,0,3
Xierrymond,3,0,3
Xievenne,0,3,3
Xiéviëra,0,3,3
Xievir,3,0,3
Xifaira,0,3,3
Xifajo,3,0,3
Xifayara,0,3,3
Xifèng,0,3,3
Xifiayra,0,3,3
Xifiya,0,3,3
Xiflaimo,3,0,3
Xigendro,3,0,3
Xigrid,0,3,3
Xiheng,3,0,3
Xíjandreaux,3,0,3
Xijie,3,0,3
Xijun,3,0,3
Xijz,3,0,3
Xilainey,0,3,3
Xilana,0,3,3
Xilaysho,3,0,3
Xilei,0,3,3
Xilène,0,3,3
Xileng,0,3,3
Xileyni,0,3,3
Xili,0,3,3
Xilianne,0,3,3
Xiliano,3,0,3
Xilio,3,0,3
Xilisiãn,0,3,3
Xilisvien,0,3,3
Xiliyano-Xavi,3,0,3
Xill,3,0,3
Xilliano,3,0,3
Xillion,3,0,3
Xilloi,3,0,3
Xilong,3,0,3
Xilu,0,3,3
Xiluva,0,3,3
Xilvelijn,3,0,3
Xilver,0,3,3
Xilvian,3,0,3
Xilvie,0,3,3
Xima,0,3,3
Ximaine,0,3,3
Ximairo,3,0,3
Ximan,3,0,3
Ximani,0,3,3
Ximanu,3,0,3
Ximão,3,0,3
Ximarlinhio,3,0,3
Ximaycio,3,0,3
Ximea,0,3,3
Xiména,0,3,3
Ximendo,3,0,3
Ximenés,3,0,3
Ximenes,0,3,3
Ximenia,0,3,3
Ximeny,0,3,3
Ximeon,3,0,3
Ximésio,3,0,3
Ximeysha,0,3,3
Ximiliana,0,3,3
Ximo,3,0,3
Ximoraque,3,0,3
Ximoriënne,0,3,3
Ximylia,0,3,3
Xin-Lu,3,0,3
Xin-Ping,0,3,3
Xin-Ran,0,3,3
Xin-Ton,0,3,3
Xin-Wei,3,0,3
Xin-Xin,0,3,3
Xin-yan,0,3,3
Xin-Yan,0,3,3
Xin-Yen,0,3,3
Xin-Yu,0,3,3
Xina-Lee,0,3,3
Xinaï,0,3,3
Xinairo,3,0,3
Xinan,3,0,3
Xinayah,0,3,3
Xinaycell,3,0,3
Xincy,0,3,3
Xindroe,3,0,3
Xineavian,3,0,3
Xinen,0,3,3
Xinfei,0,3,3
Xīng,3,0,3
Xingbang,3,0,3
Xìngfú,3,0,3
Xinghao,3,0,3
Xinghe,3,0,3
Xinglang,0,3,3
Xingle,3,0,3
Xinglin,0,3,3
Xingni,0,3,3
Xingqi,3,0,3
Xingru,0,3,3
Xingu,3,0,3
Xingxing,0,3,3
Xingyao,0,3,3
Xingyi,0,3,3
Xingyong,3,0,3
Xingyue,0,3,3
Xingze,3,0,3
Xinh,0,3,3
Xinhe,0,3,3
Xinian,3,0,3
Xinli,0,3,3
XinLing,0,3,3
Xinmei,0,3,3
Xinn,0,3,3
Xino,3,0,3
Xinoah,3,0,3
Xinomi,0,3,3
Xinoo,3,0,3
Xinovia,0,3,3
Xinru,0,3,3
Xinrui,0,3,3
Xinthya,0,3,3
Xintong,0,3,3
Xinyuan,3,0,3
Xinzhou,3,0,3
Xinzhuo,3,0,3
Xio'Jena,0,3,3
Xio-Amy,0,3,3
Xio-Anne,0,3,3
Xio-engelo,3,0,3
Xio-Mae,0,3,3
Xio-Mari,0,3,3
Xio-Nam,0,3,3
Xio-nay,0,3,3
Xio-shannyro,3,0,3
Xio-Sheantelly,0,3,3
Xio-Shyennety,0,3,3
Xioamárah,0,3,3
Xioanne,0,3,3
Xiobert,3,0,3
Xiobèrt,3,0,3
Xiodarly,0,3,3
Xiodisa,0,3,3
Xiödyënsenie,0,3,3
Xiodyon,3,0,3
Xiodyson,3,0,3
Xiogiño,3,0,3
Xiohandroo,3,0,3
Xiohemi,0,3,3
Xiola,0,3,3
Xiolani,0,3,3
Xioleen,0,3,3
Xiolena,0,3,3
Xiolomi,0,3,3
Xiolynde,0,3,3
Xiomaera,0,3,3
Xiomairah,0,3,3
Xiomantla,0,3,3
Xiomarah,0,3,3
Xiomaramaria,0,3,3
Xiomaria,0,3,3
Xiomay,0,3,3
Xiomayrah,0,3,3
Xiomayro,3,0,3
Xiomeanice,0,3,3
Xiomelie,0,3,3
Xiomely-Elisha,0,3,3
Xiomelys,0,3,3
Xiomena,0,3,3
Xiomera,0,3,3
Xiomi,0,3,3
Xiomira,0,3,3
Xionaica,0,3,3
Xionaily,0,3,3
Xionaira,0,3,3
Xionasche,0,3,3
Xiondaé,3,0,3
Xiondonix,3,0,3
Xioné,0,3,3
Xionea,0,3,3
Xionel,3,0,3
Xionely,0,3,3
Xionia,0,3,3
Xionice,0,3,3
Xionise,0,3,3
Xionmar,3,0,3
Xionna,0,3,3
Xionomy,0,3,3
Xiophyr,3,0,3
Xioqeysha,0,3,3
Xioqhin,3,0,3
Xioqwayn,3,0,3
Xioqwayncy,3,0,3
Xiorahengely,0,3,3
Xiordjorette,0,3,3
Xiordy,3,0,3
Xioreley,0,3,3
Xiorels,0,3,3
Xioren,3,0,3
Xiorensley,3,0,3
Xiorèse,0,3,3
Xiorheny,0,3,3
Xiornanda,0,3,3
Xioshaymely,0,3,3
Xiovaina,0,3,3
Xiovan,3,0,3
Xiovanne,0,3,3
Xiovenca,0,3,3
Xiovencia,0,3,3
Xiovendomar,3,0,3
Xiovendrick,3,0,3
Xiovienne,0,3,3
Xiovin,3,0,3
Xiovyengelo,3,0,3
Xiowella,0,3,3
Xip,3,0,3
Xiqi,0,3,3
Xiqiëntly,3,0,3
Xir,3,0,3
Xirá,0,3,3
Xira-Lee,0,3,3
Xiraj,3,0,3
Xiren,3,0,3
Xiro,3,0,3
Xirosa,0,3,3
Xirox,3,0,3
Xirriano,3,0,3
Xiryano,3,0,3
Xishairo,3,0,3
Xistan,3,0,3
Xistus,3,0,3
Xita,0,3,3
Xitara,0,3,3
Xiù-Hùi,0,3,3
Xiu-Lan,0,3,3
Xiu-Lin,0,3,3
Xiu-Ming,0,3,3
Xiu-ou,0,3,3
Xiu-Rong,0,3,3
Xiu-Ueëny,0,3,3
Xiue-Lynndra,0,3,3
Xiugin,0,3,3
Xiuhe,3,0,3
Xiulian,0,3,3
Xiullian,0,3,3
Xiumei,0,3,3
Xiupei,0,3,3
Xiuying,0,3,3
Xiv,3,0,3
Xiva-Joy,0,3,3
Xivainelly,0,3,3
Xivaingelly,0,3,3
Xivangely,0,3,3
Xivanja,0,3,3
Xivario,3,0,3
Xivaro,3,0,3
Xivellya,0,3,3
Xivenia,0,3,3
Xiviana,0,3,3
Xivienna,0,3,3
Xivo,3,0,3
Xivora,0,3,3
Xivyenne,0,3,3
Xixilia,0,3,3
Xixtus,3,0,3
Xiyanna-sky,0,3,3
Xiyi,0,3,3
Xiyu,0,3,3
Xiyue,0,3,3
Xizario,3,0,3
Xizïennah,0,3,3
Xoàn,3,0,3
Xoanon,3,0,3
Xoch,3,0,3
Xochi,3,0,3
Xochiquetzal,0,3,3
Xóchitl,0,3,3
Xochitl-Alelí,0,3,3
Xochyl,0,3,3
Xoe,0,3,3
Xoë-Ann,0,3,3
Xoë-Lynn,0,3,3
Xoean,3,0,3
Xoëchanna,0,3,3
Xoël,3,0,3
Xoëlé,0,3,3
Xoëlle,0,3,3
Xofia,0,3,3
Xofiën,0,3,3
Xohandy,3,0,3
Xoila,0,3,3
Xoila-Neve,0,3,3
Xojiro,3,0,3
Xola,0,3,3
Xola-Zhané,0,3,3
Xolaney,0,3,3
Xolaya,0,3,3
Xoley,3,0,3
Xomandla,0,3,3
Xomayrah,0,3,3
Xonali,0,3,3
Xonique,0,3,3
Xonny,3,0,3
Xonsëh,3,0,3
Xonxiëlle,0,3,3
Xophé,0,3,3
Xoraï,0,3,3
Xoraima,0,3,3
Xoraja,0,3,3
Xoray,3,0,3
Xorayla,0,3,3
Xosè,3,0,3
Xosé,3,0,3
Xose,3,0,3
Xouvjéna,0,3,3
Xovaria,0,3,3
Xqlusiv,3,0,3
Xris,3,0,3
Xrisanthi,0,3,3
Xristina,0,3,3
Xritidjmisir,3,0,3
Xrixus,3,0,3
Xsaar,0,3,3
Xsafier,0,3,3
Xsagiyana,0,3,3
Xsahvi,3,0,3
Xsam,0,3,3
Xsante,3,0,3
Xsanty,3,0,3
Xsarah,0,3,3
Xsarailiya,0,3,3
Xsari,0,3,3
Xsavera,0,3,3
Xsaviriano,3,0,3
Xsayentha,0,3,3
Xsel,3,0,3
Xsenn,3,0,3
Xseption,3,0,3
Xsevi,3,0,3
Xsocrates,3,0,3
Xsperansa,0,3,3
Xsword,3,0,3
Xsyza,0,3,3
Xszàràh,0,3,3
XtTestimony,3,0,3
Xu-Cheng,3,0,3
Xu-Dan,0,3,3
Xu-Feng,3,0,3
Xu-Hui,0,3,3
Xu-Kang,3,0,3
Xu-Lin,3,0,3
Xu-Sheng,3,0,3
Xu-Wen,3,0,3
Xu-xia,0,3,3
Xu-Ye,3,0,3
Xu-Yifei,0,3,3
Xuam,0,3,3
Xuän,3,0,3
Xuān,0,3,3
Xuan-An,0,3,3
Xuan-Di,3,0,3
Xuan-hao,3,0,3
Xuan-Lan,0,3,3
Xuan-Mai,0,3,3
Xuan-Thanh-An,3,0,3
Xuan-vinh,3,0,3
Xuan-Yao,0,3,3
Xuanchen,0,3,3
Xuandylo,3,0,3
Xuanna,0,3,3
Xuanpeng,3,0,3
Xuanrong,3,0,3
Xuantong,3,0,3
Xuanxuan,0,3,3
Xuanyi,3,0,3
Xuanying,0,3,3
XuanYing,0,3,3
Xuca,0,3,3
Xué,3,0,3
Xuě,3,0,3
Xue-Dang,0,3,3
Xue-Er,0,3,3
Xue-shen,3,0,3
Xue-Yi,0,3,3
Xue-Yong,0,3,3
Xuee,0,3,3
Xuehin,0,3,3
Xuela,0,3,3
Xuelin,0,3,3
Xueqi,0,3,3
Xueting,0,3,3
Xufan,3,0,3
Xuhang,3,0,3
Xui,0,3,3
Xulé,0,3,3
Xulian,3,0,3
Xulio,3,0,3
Xuly,3,0,3
Xummer,0,3,3
Xún,3,0,3
Xùn,3,0,3
Xunaixel,3,0,3
Xung,3,0,3
Xunshuo,3,0,3
Xunye,3,0,3
Xunyi,3,0,3
Xuong,3,0,3
Xuren,0,3,3
Xuri,0,3,3
Xurleumar,3,0,3
Xurmira,0,3,3
Xurriantelly,0,3,3
Xurviëndhy,3,0,3
Xuue,0,3,3
Xuvienne,0,3,3
XuXa,0,3,3
Xuxe,3,0,3
Xuyli,3,0,3
Xuzhichen,3,0,3
Xvan-Hoan,3,0,3
Xvarius,3,0,3
Xvera,0,3,3
Xvier,3,0,3
Xwan,0,3,3
Xweder,3,0,3
Xweza,0,3,3
Xxam,3,0,3
Xy'viën,3,0,3
Xy-ann,0,3,3
Xyamara-Zaraï,0,3,3
Xyana,0,3,3
Xyando,3,0,3
Xyandra,0,3,3
Xyaneli,0,3,3
Xyanjer,3,0,3
Xyanna,0,3,3
Xyanno,3,0,3
Xyantha,0,3,3
Xyariv,3,0,3
Xyarno,3,0,3
Xyaro,3,0,3
Xyathia,0,3,3
Xyehve,0,3,3
Xyéndimar,3,0,3
Xyendimar,3,0,3
Xyéndley,3,0,3
Xyennah,0,3,3
Xyfu-dya,0,3,3
Xylem-Rie,3,0,3
Xylencia,0,3,3
Xylerne,0,3,3
Xyliah,0,3,3
Xyliandro,3,0,3
Xylie,0,3,3
Xylon-Christopher,3,0,3
Xylona,0,3,3
Xylondrah,0,3,3
Xylvania,0,3,3
Xymani,0,3,3
Xymine,3,0,3
Xymona,0,3,3
Xymphonica,0,3,3
Xymphony,0,3,3
Xyna,0,3,3
Xynan,3,0,3
Xyndré,3,0,3
Xynoé,3,0,3
Xynogene,0,3,3
Xynonne,0,3,3
Xyntha,0,3,3
Xyntia,0,3,3
Xyoisan,3,0,3
Xyonn,3,0,3
Xyovainy,0,3,3
Xyquiènne,0,3,3
Xyraldo,3,0,3
Xyrena,0,3,3
Xyriëlle,0,3,3
Xyriënne,0,3,3
Xyron,3,0,3
Xyrona,0,3,3
Xyrus,3,0,3
Xyry,0,3,3
Xyvano,3,0,3
Xyyamena,0,3,3
Xyz,3,0,3
Xzagelys,0,3,3
Xzander,3,0,3
Xzanne,0,3,3
Xzaviar,3,0,3
Xzaviër,3,0,3
Xzavior,3,0,3
Xzavy,3,0,3
Xzayique,3,0,3
Xzayrah,0,3,3
Xzenja,0,3,3
Xzi'Jayno,3,0,3
Xzi'Jéyno,3,0,3
Xzi-Jéyno,3,0,3
Xzileny,0,3,3
Xziva,0,3,3
Xziyeangely,0,3,3
Xzorro,3,0,3
