Name,Men,Women,Total
Yvonne,420,53487,53907
Yvette,38,7195,7233
Yara,3,5810,5813
Yannick,5433,139,5572
Yolanda,42,5118,5160
Youri,4734,14,4748
Yasmine,3,2718,2721
Yasmin,7,2543,2550
Yusuf,2403,36,2439
Yassine,2412,3,2415
Youssef,2334,11,2345
Younes,1803,3,1806
Yasmina,0,1791,1791
Yfke,0,1749,1749
Yasin,1643,13,1656
Yorick,1634,0,1634
Yuri,1527,12,1539
Yves,1497,42,1539
Yolande,8,1529,1537
Youssra,0,1509,1509
Yassin,1375,9,1384
Yvo,1279,13,1292
Yentl,58,1107,1165
Yoeri,1139,6,1145
Yasemin,0,990,990
Yvon,162,788,950
Ymke,33,901,934
Yunus,915,3,918
Yassir,910,3,913
Yoran,907,3,910
Yaël,283,528,811
Yuna,7,800,807
Yinthe,0,719,719
Yordi,674,5,679
Yenthe,16,645,661
Yee,39,617,656
Youp,640,0,640
Ymkje,0,628,628
Yan,183,437,620
Yin,257,355,612
Yke,282,312,594
Ying,90,497,587
Ype,564,3,567
Yael,106,444,550
Yoni,161,371,532
Yme,496,16,512
Yaren,8,497,505
Yahya,499,3,502
Yousra,0,495,495
Yente,20,466,486
Yanick,448,35,483
Yari,464,6,470
Ytje,3,455,458
Yana,3,434,437
Yiğit,420,0,420
Ylva,3,410,413
Yasmijn,0,409,409
Yoram,401,3,404
Yvet,3,376,379
Yvar,355,0,355
Ysbrand,333,3,336
Yade,3,328,331
Yavuz,331,3,334
Ynze,329,3,332
Yaron,320,3,323
Ylona,0,309,309
Yash,279,0,279
Yde,277,3,280
Yeliz,0,272,272
Ylse,0,266,266
Yda,3,262,265
Yousef,252,8,260
Yann,251,8,259
Yaro,254,3,257
Yağmur,3,243,246
Yarah,0,243,243
Yuen,81,161,242
Yakup,238,0,238
Yildiz,3,235,238
Yarno,229,0,229
Yvan,226,3,229
Yilmaz,226,3,229
Yoshua,227,0,227
Yanniek,132,92,224
Yigit,224,0,224
Ynske,3,219,222
Yasir,216,3,219
Ynskje,0,218,218
Yen,42,175,217
Yrsa,3,215,218
Yasser,202,13,215
Yori,182,33,215
Yang,129,85,214
Ynte,197,13,210
Yaniek,157,49,206
Yvanka,0,206,206
Yannic,197,6,203
Yessin,202,0,202
Yoëlle,0,201,201
Yorrick,200,0,200
Yamina,0,192,192
Yousri,190,0,190
Yaşar,180,7,187
Yong,154,28,182
Yoël,169,8,177
Yun,79,98,177
Yanna,0,174,174
Yusra,0,174,174
Yessica,0,164,164
Yoshi,129,30,159
Yvana,0,158,158
Ylana,0,156,156
Youandi,44,112,156
Yolanthe,0,149,149
Ybeltje,0,145,145
Yuan,99,46,145
Yiu,104,37,141
Yip,108,29,137
Yelena,0,134,134
Yeşim,0,133,133
Yao,78,54,132
Yanaika,3,130,133
Yanou,16,114,130
Yaw,129,0,129
Yue,52,75,127
Yuk,36,86,122
Ytsje,0,118,118
Yinte,3,115,118
Youness,112,0,112
Yesse,106,5,111
Yoëll,94,14,108
Ytzen,108,0,108
Yven,106,3,109
Yassmina,0,106,106
Yonca,0,106,106
Yagmur,3,104,107
Yordy,103,3,106
Yüksel,70,33,103
Yung,71,31,102
Yacintha,3,100,103
Yorinde,0,101,101
Yorn,101,0,101
Yentle,10,89,99
Yuki,15,84,99
Yorben,97,3,100
Yaa,0,96,96
Ylonka,0,96,96
Yosra,0,95,95
Youssri,93,0,93
Ynse,90,3,93
Yenna,0,90,90
Yonne,15,75,90
Yaïr,87,3,90
Yonathan,89,0,89
Yassira,0,85,85
Yücel,81,3,84
Yve,35,50,85
Yaela,0,84,84
Yaëla,0,84,84
Yamila,0,84,84
Yaser,79,5,84
Yelina,0,84,84
Yeter,0,84,84
Yentel,3,79,82
Yeb,71,11,82
Yesper,82,0,82
Yaëlla,0,81,81
Ypie,3,78,81
Yalçin,78,0,78
Yat,62,15,77
Yaëlle,3,75,78
Yindee,3,74,77
Yonah,69,7,76
Yie,12,63,75
Yasar,70,3,73
Yulia,0,73,73
Yamilla,0,72,72
Ylja,13,59,72
Ypke,60,12,72
Yüsra,0,72,72
Yekta,56,15,71
Yeshua,70,3,73
Ysabel,0,71,71
Ytsen,71,0,71
Yanoah,53,17,70
Ydo,69,0,69
Yorik,69,0,69
Yanne,3,64,67
Young,45,23,68
Yva,0,68,68
Yannis,65,3,68
Yahia,63,3,66
Yanis,61,3,64
Yarnick,65,0,65
Yelda,0,65,65
Yens,65,0,65
Yona,21,44,65
Yntze,63,3,66
Ysa,3,61,64
Yoep,62,0,62
Yalou,3,60,63
Yestin,61,0,61
Yaëll,40,20,60
Yazid,60,0,60
Ynke,0,60,60
Yttje,0,60,60
Yulian,60,0,60
Yvonna,3,57,60
Yairo,58,0,58
Yasmien,0,58,58
Yge,57,3,60
Yasmeen,0,57,57
Yeung,50,7,57
Yonina,0,57,57
Yorin,53,3,56
Yvanca,0,57,57
Yaseen,54,3,57
Yindi,3,55,58
Yosri,55,3,58
Ytske,0,56,56
Yvi,7,49,56
Yanique,18,37,55
Yassmine,0,55,55
Ymre,15,40,55
Yoka,0,55,55
Yağız,54,0,54
Yoëlla,0,54,54
Yosef,53,3,56
You,36,18,54
Yani,42,11,53
Yair,51,0,51
Yalisa,0,51,51
Yannik,49,3,52
Yasha,25,26,51
Yusef,51,0,51
Yalissa,0,50,50
Yazz,13,37,50
Yeboah,33,17,50
Yvaine,0,50,50
Yaleesa,0,49,49
Yonna,0,49,49
Yora,3,47,50
Yorian,49,0,49
Yonis,46,3,49
Ypkje,0,48,48
Yzze,0,48,48
Yaiza,0,47,47
Yakub,47,0,47
Yau,24,23,47
Ybele,47,0,47
Ymte,44,3,47
Yordan,41,6,47
Ybe,46,0,46
Yosha,18,28,46
Younis,40,6,46
Yuma,27,19,46
Yada,3,44,47
Yaelle,0,45,45
Yousuf,44,3,47
Ysanne,0,45,45
Yvie,3,43,46
Yazmin,3,43,46
Yousif,41,3,44
Yavi,42,3,45
Yesenia,0,43,43
Yoah,38,5,43
Yuvraj,42,3,45
York,32,10,42
Yze,5,37,42
Yanouk,3,39,42
Yardena,3,40,43
Ykje,0,41,41
Yolinde,0,41,41
Yaira,0,40,40
Yannieck,34,6,40
Yanthe,0,40,40
Yarick,40,0,40
Yourie,39,3,42
Yulan,18,22,40
Yneke,0,39,39
Ysabella,0,39,39
Yuşa,39,0,39
Ybo,38,0,38
Yonas,33,5,38
Ysabelle,0,38,38
Ysolde,0,38,38
Yaell,20,17,37
Yıldız,0,37,37
Yohannes,33,3,36
Yoren,37,0,37
Yorrit,36,3,39
Yura,12,25,37
Yurre,37,0,37
Yaden,31,5,36
Yort,36,0,36
Yse,9,27,36
Yalda,0,35,35
Yalena,0,35,35
Yeng,3,31,34
Yildirim,35,0,35
Yldau,0,35,35
Yohanna,0,35,35
Yris,0,35,35
Yussuf,31,3,34
Ywan,34,3,37
Yacine,24,10,34
Yacoub,33,3,36
Yaiden,32,3,35
Yannique,10,24,34
Yaran,27,7,34
Yavanna,3,33,36
Yoanna,0,34,34
Yula,0,34,34
Yahye,28,5,33
Yashwant,33,0,33
Ydwer,16,17,33
Yeshe,21,12,33
Yesser,33,0,33
Yeun,12,21,33
Yoel,33,0,33
Yordin,32,3,35
Youk,28,5,33
Yuka,21,12,33
Yumi,3,29,32
Yvanna,0,33,33
Yano,32,0,32
Yaprak,0,32,32
Yared,32,0,32
Yarin,25,7,32
Yashvir,32,0,32
Yesim,0,32,32
Yiĝit,32,0,32
Yngwie,31,3,34
Youetta,0,32,32
Yalina,0,31,31
Yamal,31,0,31
Yelmer,31,0,31
Yent,31,0,31
Yılmaz,31,0,31
Yola,3,30,33
Yteke,0,31,31
Yurian,31,0,31
Yza,3,29,32
Yannai,8,22,30
Yannicke,0,30,30
Yessie,5,25,30
Yoko,3,28,31
Yunes,28,3,31
Yushua,30,0,30
Yustin,30,0,30
Yadira,0,29,29
Yaïra,0,29,29
Yanieck,23,6,29
Yasirah,0,29,29
Yasmila,0,29,29
Yason,29,0,29
Yener,29,0,29
Yeray,29,0,29
Yildiray,29,0,29
Ymie,0,29,29
Yoshka,3,27,30
Yvano,29,0,29
Yaasir,26,3,29
Yaman,28,0,28
Yamna,0,28,28
Yanina,0,28,28
Yanoa,15,13,28
Yelte,27,3,30
Yill,0,28,28
Yoek,21,7,28
Yon,25,3,28
Yord,28,0,28
Yusri,28,0,28
Yvain,27,3,30
Yağiz,27,0,27
Yago,27,0,27
Yalenka,0,27,27
Yela,3,25,28
Yesin,27,0,27
Yik,20,7,27
Yma,0,27,27
Yoerie,26,3,29
Yuran,27,0,27
Yury,27,0,27
Yasien,26,0,26
Yasper,26,0,26
Yehia,18,8,26
Yehudi,25,3,28
Yousaf,22,3,25
Yama,20,5,25
Yamani,24,3,27
Yannah,0,25,25
Yasira,0,25,25
Ydwine,0,25,25
Yep,25,0,25
Yob,25,0,25
Yosta,3,23,26
Yule,8,17,25
Yashna,3,23,26
Yaya,10,14,24
Yien,10,14,24
Ylano,24,0,24
Ylke,3,20,23
Yoe,13,11,24
Yoica,0,24,24
Yok,8,16,24
Yolien,0,24,24
Yoline,0,24,24
Yonatan,24,0,24
Younès,24,0,24
Youssouf,24,0,24
Ysis,0,24,24
Yske,13,11,24
Yuval,20,3,23
Yacob,23,0,23
Yaella,0,23,23
Yafet,22,3,25
Yanara,0,23,23
Yashoda,0,23,23
Yede,23,0,23
Yelle,18,5,23
Yesmin,0,23,23
Yigal,23,0,23
Ylena,0,23,23
Ylene,0,23,23
Ylvi,3,22,25
Yoa,9,14,23
Yoeran,23,0,23
Yoerik,23,0,23
Yra,3,19,22
Yurdagül,0,23,23
Yarden,11,11,22
Yasamin,0,22,22
Yiri,20,3,23
Ylze,0,22,22
Ynez,0,22,22
Youran,22,0,22
Yoy,5,17,22
Yuli,0,22,22
Yur,22,0,22
Yakima,3,17,20
Yamiro,21,0,21
Yero,20,3,23
Yinka,5,16,21
Ylaisa,0,21,21
Ylan,19,3,22
Ylvie,0,21,21
Ymkjen,0,21,21
Yoana,0,21,21
Yor,21,0,21
Yoris,21,0,21
Yune,3,20,23
Yaasien,20,0,20
Yaĝmur,0,20,20
Yamin,17,3,20
Yante,3,19,22
Yasna,0,20,20
Ymani,3,18,21
Yoseph,16,3,19
Yuet,3,18,21
Yunah,3,18,21
Yanice,3,17,20
Yanni,14,5,19
Yascha,9,10,19
Yemaya,0,19,19
Yiğithan,19,0,19
Yno,19,0,19
Yoanne,0,19,19
Yoska,3,16,19
Ytse,19,0,19
Yul,18,3,21
Yad,18,0,18
Yalcin,18,0,18
Yanik,17,3,20
Yaniv,18,0,18
Yanti,3,16,19
Yassmin,0,18,18
Yehuda,17,3,20
Yew,17,3,20
Yim,10,8,18
Ymme,9,9,18
Yolinda,0,18,18
Yomi,7,11,18
Yoon,11,7,18
Yorden,16,3,19
Yordie,18,0,18
Yorgos,18,0,18
Yadah,3,16,19
Yamie,7,10,17
Yanic,17,0,17
Yanira,0,17,17
Yarissa,0,17,17
Yarmo,17,0,17
Yashvant,17,0,17
Yenoah,13,3,16
Yenthl,3,16,19
Yeva,0,17,17
Yomna,0,17,17
Ysbrandt,17,0,17
Yunis,17,0,17
Yuno,12,5,17
Yagiz,16,0,16
Yaïro,16,0,16
Yamil,16,0,16
Yanno,16,0,16
Yarne,16,0,16
Yashica,0,16,16
Yehya,15,3,18
Yelka,0,16,16
Yessir,16,0,16
Yliana,0,16,16
Ylone,0,16,16
Yosh,16,0,16
Youmna,0,16,16
Yri,16,0,16
Yrla,0,16,16
Yzebrand,16,0,16
Yacinthe,0,15,15
Yahaira,0,15,15
Yanaica,0,15,15
Yaqub,15,0,15
Yare,3,13,16
Yashar,14,3,17
Yashmin,0,15,15
Yashmine,3,14,17
Yashveer,15,0,15
Yetunde,0,15,15
Yiadom,8,7,15
Ylias,15,0,15
Ymara,0,15,15
Yogesh,15,0,15
Yolin,0,15,15
Youna,3,14,17
Younnes,15,0,15
Youry,15,0,15
Yousof,15,0,15
Ysabeau,0,15,15
Ysette,0,15,15
Yui,7,8,15
Yukio,13,3,16
Yumna,0,15,15
Yussef,15,0,15
Yvetta,3,13,16
Yvke,0,15,15
Yaacoub,14,0,14
Yacin,14,0,14
Yadi,8,6,14
Yala,0,14,14
Yamilé,0,14,14
Yanisha,0,14,14
Yarda,3,12,15
Yasiera,0,14,14
Yasmae,0,14,14
Yassien,12,3,15
Yazan,14,0,14
Yedidya,6,8,14
Yermo,14,0,14
Yesley,13,3,16
Yeslin,3,12,15
Yezda,0,14,14
Yiǵit,14,0,14
Yitzhak,14,0,14
Ylian,14,0,14
Ylsa,0,14,14
Yoav,14,0,14
Yolan,8,6,14
Yolijn,0,14,14
Yoonis,12,3,15
Yalisha,0,13,13
Yancy,7,6,13
Yardan,13,0,13
Yardi,11,3,14
Yarie,6,7,13
Yaslin,3,12,15
Yavuzhan,13,0,13
Yelissa,0,13,13
Yelmar,13,0,13
Yennah,0,13,13
Yeremiah,13,0,13
Yerne,13,0,13
Yessi,3,11,14
Yet,6,7,13
Ygram,13,0,13
Yigithan,13,0,13
Yilla,0,13,13
Yishai,13,0,13
Ymelda,0,13,13
Yne,5,8,13
Ynthe,3,12,15
Yoann,7,6,13
Yop,13,0,13
Yorel,10,3,13
Younice,0,13,13
Yourick,13,0,13
Ypeus,13,0,13
Yunusemre,13,0,13
Yusif,13,0,13
Yaèl,5,7,12
Yafes,12,0,12
Yamuna,0,12,12
Yancey,5,7,12
Yanissa,0,12,12
Yannicka,0,12,12
Yar,7,5,12
Yazel,3,10,13
Yenz,12,0,12
Yera,3,10,13
Yeremy,12,0,12
Yessenia,0,12,12
Yevgeni,12,0,12
Ylaisha,0,12,12
Ylenia,0,12,12
Yndi,3,9,12
Ynskjen,0,12,12
Yodi,5,7,12
Yorg,12,0,12
Younus,12,0,12
Yousry,7,5,12
Yrza,3,11,14
Yte,10,3,13
Yuca,7,5,12
Yurrian,12,0,12
Yusha,12,0,12
Yusufcan,12,0,12
Ywe,12,0,12
Yaasmien,0,11,11
Yacinta,0,11,11
Yadigar,3,8,11
Yadon,11,0,11
Yaéla,0,11,11
Yalçın,11,0,11
Yale,3,7,10
Yam,6,5,11
Yaminah,0,11,11
Yanai,7,3,10
Yander,11,0,11
Yanieke,0,11,11
Yanine,0,11,11
Yanto,11,0,11
Yarik,11,0,11
Yarran,11,0,11
Yassen,8,3,11
Yati,0,11,11
Yehoshua,11,0,11
Yesmina,0,11,11
Yethro,11,0,11
Yick,10,3,13
Yifan,10,3,13
Yigitcan,11,0,11
Yıldıray,11,0,11
Yıldırım,11,0,11
Yko,11,0,11
Ynes,3,10,13
Yoan,3,8,11
Yohan,11,0,11
Yonie,3,9,12
Yosca,0,11,11
Yourian,11,0,11
Yoyce,0,11,11
Yron,11,0,11
Ysha,3,7,10
Yueng,9,3,12
Yün,7,3,10
Yusayrah,0,11,11
Yuusuf,10,3,13
Yvett,0,11,11
Yakov,10,0,10
Yamira,0,10,10
Yannina,0,10,10
Yarima,0,10,10
Yarina,0,10,10
Yashraj,10,0,10
Yaslynn,0,10,10
Yasseen,9,3,12
Yaz,3,7,10
Yelin,0,10,10
Yento,10,0,10
Yerke,10,0,10
Yesha,3,9,12
Yeske,0,10,10
Yette,3,9,12
Yeu,5,5,10
Ygor,10,0,10
Yiannis,10,0,10
Yildou,0,10,10
Yktje,0,10,10
Ymar,10,0,10
Ymen,9,3,12
Yngve,10,0,10
Yntje,5,5,10
Yogita,0,10,10
Yoice,0,10,10
Yolentha,0,10,10
Yorgo,8,3,11
Yossi,9,3,12
Youcef,10,0,10
Youssuf,10,0,10
Ytze,9,3,12
Yuba,8,3,11
Yudum,0,10,10
Yuvraaj,10,0,10
Yveline,0,10,10
Yaad,9,0,9
Yadiël,9,0,9
Yahyah,8,3,11
Yaisa,0,9,9
Yaline,0,9,9
Yanco,9,0,9
Yanita,0,9,9
Yanko,9,0,9
Yarka,3,7,10
Yasemen,0,9,9
Yashika,0,9,9
Yashila,0,9,9
Yashvin,9,0,9
Yasine,7,3,10
Yazzmin,0,9,9
Yeelen,3,6,9
Yelke,3,7,10
Yemane,6,3,9
Yena,0,9,9
Yerodin,9,0,9
Yiġit,9,0,9
Yildez,0,9,9
Yira,3,8,11
Yka,0,9,9
Ylaine,0,9,9
Yngvar,9,0,9
Yoas,9,0,9
Yochem,9,0,9
Yoelle,3,8,11
Yoenes,9,0,9
Yoes,8,3,11
Yoesef,9,0,9
Yoldaş,9,0,9
Yoleen,0,9,9
Yolie,0,9,9
Yootha,0,9,9
Yorien,0,9,9
Yorim,9,0,9
Yorlin,9,0,9
Yorna,3,8,11
Yorrin,9,0,9
Yrjo,9,0,9
Yuang,3,6,9
Yuko,6,3,9
Yunus-Emre,9,0,9
Yurena,0,9,9
Yuxuan,3,5,8
Yvanne,0,9,9
Yvone,3,8,11
Yvor,9,0,9
Yaasin,7,3,10
Yaeli,0,8,8
Yahra,0,8,8
Yai,3,3,6
Yalin,5,3,8
Yamen,8,0,8
Yanairo,8,0,8
Yanisa,0,8,8
Yanu,6,3,9
Yaqoub,6,3,9
Yarni,8,0,8
Yaromir,8,0,8
Yasa,7,3,10
Yashin,8,0,8
Yashlin,0,8,8
Yasmara,0,8,8
Yasmée,0,8,8
Yasminah,0,8,8
Yatin,7,3,10
Yayla,0,8,8
Yayra,3,6,9
Yazmine,0,8,8
Yemi,5,3,8
Yenal,8,0,8
Yenthel,0,8,8
Yeong,5,3,8
Yeppe,7,3,10
Yeroen,8,0,8
Yes,3,7,10
Yessy,3,6,9
Yeuk,3,7,10
Yiğitcan,8,0,8
Yje,8,0,8
Ylène,0,8,8
Ylonca,0,8,8
Yman,3,3,6
Ymert,7,3,10
Ynschje,0,8,8
Yntse,8,0,8
Yoda,7,3,10
Yoeki,0,8,8
Yolene,3,7,10
Yolente,0,8,8
Yoo,5,3,8
Yorieke,0,8,8
Yorinda,0,8,8
Yorke,8,0,8
Yoshiro,8,0,8
Yossip,8,0,8
Yosua,8,0,8
Younas,6,3,9
Youra,3,6,9
Yousouf,8,0,8
Yoyo,3,6,9
Yrian,8,0,8
Yrjan,7,3,10
Ysé,0,8,8
Yucca,3,5,8
Yuchen,3,3,6
Yueh,3,6,9
Yukiko,0,8,8
Yuriaan,8,0,8
Yurriën,8,0,8
Yusraa,3,7,10
Yvah,0,8,8
Yvani,3,5,8
Yverna,0,8,8
Yvessa,0,8,8
Yvonnette,0,8,8
Yward,8,0,8
Yaba,0,7,7
Yace,7,0,7
Yadav,6,3,9
Yadel,3,5,8
Yadin,6,3,9
Yagız,7,0,7
Yakubu,3,3,6
Yamairo,7,0,7
Yamilia,0,7,7
Yane,3,6,9
Yanelle,3,6,9
Yanoe,3,3,6
Yanouck,0,7,7
Yap,5,3,8
Yard,7,0,7
Yaris,6,3,9
Yarna,0,7,7
Yarrick,7,0,7
Yasemine,0,7,7
Yashita,0,7,7
Yâsin,7,0,7
Yaslene,0,7,7
Yasmiena,0,7,7
Yatish,7,0,7
Ybel,3,5,8
Yeh,3,3,6
Yehudah,7,0,7
Yeline,0,7,7
Yella,0,7,7
Yeme,7,0,7
Yemisi,0,7,7
Yenn,3,3,6
Yennick,7,0,7
Yeremia,7,0,7
Yerro,7,0,7
Yerusha,0,7,7
Yesmine,0,7,7
Yessine,7,0,7
Yih,3,3,6
Yilan,5,3,8
Yiming,5,3,8
Yina,0,7,7
Ying-Ying,0,7,7
Yiorgos,7,0,7
Yiska,0,7,7
Yitte,0,7,7
Yitzchak,7,0,7
Yixuan,3,3,6
Ylaise,0,7,7
Yldou,0,7,7
Ymena,0,7,7
Ymo,7,0,7
Ympkje,0,7,7
Yna,0,7,7
Ynzo,7,0,7
Yo-Ann,0,7,7
Yoachim,7,0,7
Yolein,0,7,7
Yomar,7,0,7
Yonan,7,0,7
Yorah,0,7,7
Yorne,7,0,7
Yornick,7,0,7
Yorran,7,0,7
Yorwin,7,0,7
Yoshida,3,3,6
Yossef,6,3,9
Youki,0,7,7
Younesse,7,0,7
Ysatis,3,6,9
Ysbrant,7,0,7
Yselle,0,7,7
Yucel,7,0,7
Yuel,7,0,7
Yulin,3,6,9
Yumiko,0,7,7
Yuxi,3,3,6
Yvona,0,7,7
Yzaira,0,7,7
Yaakov,6,0,6
Yaara,0,6,6
Yahir,6,0,6
Yaika,0,6,6
Yailee,0,6,6
Yaïsa,0,6,6
Yakob,6,0,6
Yakoub,6,0,6
Yaleesha,0,6,6
Yali,3,5,8
Yalmar,6,0,6
Yaluna,0,6,6
Yamelia,0,6,6
Yamile,3,5,8
Yanaicka,0,6,6
Yanan,3,5,8
Yanda,0,6,6
Yanell,3,3,6
Yanet,0,6,6
Yannes,6,0,6
Yanthi,0,6,6
Yara-Lynn,0,6,6
Yareli,0,6,6
Yarinda,0,6,6
Yarl,3,3,6
Yarra,0,6,6
Yarrow,3,3,6
Yashira,0,6,6
Yashvi,3,3,6
Yasiin,6,0,6
Yasmee,0,6,6
Yasmiin,0,6,6
Yassar,6,0,6
Yassina,0,6,6
Yasuo,6,0,6
Yavin,6,0,6
Yawa,0,6,6
Yazlin,0,6,6
Yazmina,0,6,6
Yazzlynn,0,6,6
Yben,6,0,6
Yedidyah,3,5,8
Yehudith,0,6,6
Yelisa,0,6,6
Yelitza,0,6,6
Yemen,3,3,6
Yemliha,6,0,6
Yendi,3,3,6
Yendo,6,0,6
Yenssi,3,3,6
Yeremias,6,0,6
Yeri,3,3,6
Yeshaya,5,3,8
Yeshi,3,5,8
Yian,3,3,6
Yichen,5,3,8
Yieuw,6,0,6
Yifei,3,5,8
Yilano,6,0,6
Yilena,0,6,6
Yiling,0,6,6
Yinde,0,6,6
Yindra,0,6,6
Yindy,3,5,8
Yinn,3,5,8
Yippe,3,3,6
Yisrael,6,0,6
Yiva,3,5,8
Ykele,6,0,6
Ylara,0,6,6
Yleen,0,6,6
Ylon,3,5,8
Ylonne,0,6,6
Ymer,6,0,6
Ymka,0,6,6
Yngvi,3,3,6
Yntske,0,6,6
Yoella,0,6,6
Yoënna,0,6,6
Yoessef,6,0,6
Yohance,6,0,6
Yohanes,6,0,6
Yolante,0,6,6
Yolet,0,6,6
Yones,6,0,6
Yonine,0,6,6
Yonni,6,0,6
Yonnick,6,0,6
Yorinthe,0,6,6
Yosan,3,5,8
Yoselin,0,6,6
Yosephine,0,6,6
Yosry,5,3,8
Youssof,3,3,6
Yovanka,0,6,6
Yow,3,3,6
Yoya,0,6,6
Yozue,5,3,8
Yrea,0,6,6
Yrene,0,6,6
Yrina,0,6,6
Yrjö,6,0,6
Yrrah,3,3,6
Yuanita,0,6,6
Yudhisthira,6,0,6
Yuh,3,3,6
Yuksel,3,3,6
Yulianto,6,0,6
Yulie,0,6,6
Yulisa,0,6,6
Yunalesca,0,6,6
Yurie,6,0,6
Yuriy,6,0,6
Yusa,6,0,6
Yuup,6,0,6
Yvonn,3,5,8
Yzabella,0,6,6
Yzette,0,6,6
Yaan,3,3,6
Yacco,3,3,6
Yachin,5,0,5
Yacqub,5,0,5
Yadé,3,3,6
Yadiel,5,0,5
Yae,3,3,6
Yaeda,0,5,5
Yaǵmur,0,5,5
Yahja,3,3,6
Yaïza,0,5,5
Yaja,0,5,5
Yakshendra,5,0,5
Yaliza,0,5,5
Yamaira,0,5,5
Yamandu,5,0,5
Yamill,3,3,6
Yamillah,0,5,5
Yanaira,0,5,5
Yanaiza,0,5,5
Yanicke,0,5,5
Yanneke,0,5,5
Yannice,0,5,5
Yannika,0,5,5
Yannou,3,3,6
Yaquira,0,5,5
Yardo,5,0,5
Yarell,3,3,6
Yâren,0,5,5
Yark,5,0,5
Yaroslav,5,0,5
Yarrik,5,0,5
Yarron,5,0,5
Yasim,5,0,5
Yasra,0,5,5
Yaxin,0,5,5
Yayin,5,0,5
Yazdaan,5,0,5
Yazdan,5,0,5
Yazzlyn,0,5,5
Yazzmine,0,5,5
Ybeltsje,0,5,5
Ychelle,0,5,5
Yco,5,0,5
Ydette,0,5,5
Yeavi,5,0,5
Yedaiah,5,0,5
Yeffrey,5,0,5
Yefta,3,3,6
Yehonathan,5,0,5
Yekaterina,0,5,5
Yelana,0,5,5
Yeli,0,5,5
Yelize,0,5,5
Yelmo,5,0,5
Yenee,0,5,5
Yeni,0,5,5
Yenny,0,5,5
Yeno,5,0,5
Yenti,3,3,6
Yeraz,0,5,5
Yeremi,5,0,5
Yerik,5,0,5
Yerma,0,5,5
Yesaya,3,3,6
Yesmee,0,5,5
Yessien,5,0,5
Yesslin,0,5,5
Yester,3,3,6
Yévani,3,3,6
Yevgeny,3,3,6
Yezra,3,3,6
Yezz,3,3,6
Yihan,3,3,6
Yijun,3,3,6
Yikke,3,3,6
Yildau,0,5,5
Yilin,0,5,5
Yinne,0,5,5
Yino,5,0,5
Yiro,5,0,5
Yiskah,0,5,5
Yit,3,3,6
Ylani,0,5,5
Yldiz,0,5,5
Ylfa,0,5,5
Ylfva,0,5,5
Yljan,5,0,5
Yllana,0,5,5
Ylwa,0,5,5
Ymbert,5,0,5
Ymène,0,5,5
Ymir,5,0,5
Ymko,5,0,5
Ymktje,0,5,5
Yndra,0,5,5
Ynge,0,5,5
Ynoa,0,5,5
Ynola,0,5,5
Ynto,5,0,5
Yoandi,0,5,5
Yochanan,5,0,5
Yoenoes,3,3,6
Yogeeta,0,5,5
Yohannah,0,5,5
Yoji,5,0,5
Yolaine,0,5,5
Yolanta,0,5,5
Yolette,0,5,5
Yoli,0,5,5
Yonell,5,0,5
Yoric,5,0,5
Yorike,0,5,5
Yorine,0,5,5
Yorinn,3,3,6
Yorit,5,0,5
Yorma,3,3,6
Yorno,5,0,5
Yorrith,3,3,6
Yoshiko,3,3,6
Yoshji,5,0,5
Yosi,3,3,6
Yosief,3,3,6
Yoti,0,5,5
Youke,3,3,6
Younan,3,3,6
Youni,3,3,6
Younique,3,3,6
Yousha,0,5,5
Yovanni,5,0,5
Yovela,0,5,5
Ysbrân,5,0,5
Ysebrand,5,0,5
Ysée,0,5,5
Yshana,0,5,5
Yshara,0,5,5
Ysk,3,3,6
Yta,0,5,5
Yu-Lan,0,5,5
Yuandi,3,3,6
Yuliana,0,5,5
Yulissa,0,5,5
Yunita,0,5,5
Yûnus,5,0,5
Yuqi,3,3,6
Yurik,3,3,6
Yuriko,0,5,5
Yuta,0,5,5
Yuxin,0,5,5
Yvancka,0,5,5
Yvann,3,3,6
Yvèn,5,0,5
Yvès,5,0,5
Yveth,0,5,5
Yvin,5,0,5
Yvonneke,0,5,5
Yvy,3,3,6
Ywen,5,0,5
Ywo,5,0,5
Yzak,5,0,5
Yacha,3,3,6
Yaél,3,0,3
Yaëlah,0,3,3
Yaélla,0,3,3
Yaèlle,0,3,3
Yaffa,0,3,3
Yagoub,3,3,6
Yahmairo,3,0,3
Yahnoa,3,3,6
Yahshua,3,3,6
Yaidley,0,3,3
Yailey,0,3,3
Yairah,0,3,3
Yaïsha,0,3,3
Yakim,3,0,3
Yakira,0,3,3
Yalan,3,3,6
Yaleandro,3,0,3
Yalın,3,0,3
Yaltah,3,3,6
Yamahl,3,0,3
Yamano,3,0,3
Yamir,3,0,3
Yan-Yee,0,3,3
Yanaï,3,3,6
Yanaïka,0,3,3
Yanaisha,0,3,3
Yanay,3,3,6
Yancé,3,0,3
Yanel,3,3,6
Yanela,0,3,3
Yanica,0,3,3
Yanicka,0,3,3
Yanika,0,3,3
Yanisse,3,3,6
Yannine,0,3,3
Yanny,0,3,3
Yánoa,0,3,3
Yanos,3,0,3
Yantine,0,3,3
Yanyi,3,3,6
Yaphet,3,0,3
Yarco,3,0,3
Yarince,3,0,3
Yarkin,3,0,3
Yarnell,3,0,3
Yarona,0,3,3
Yarrel,3,0,3
Yarrin,3,0,3
Yasaman,0,3,3
Yashini,0,3,3
Yashkumar,3,0,3
Yashua,3,3,6
Yashwin,3,0,3
Yasja,3,3,6
Yasma,0,3,3
Yasmen,0,3,3
Yasmijne,0,3,3
Yasmín,0,3,3
Yasminca,0,3,3
Yasminda,0,3,3
Yating,0,3,3
Yava,3,3,6
Yavan,3,3,6
Yavannah,0,3,3
Yavanne,0,3,3
Yayden,3,0,3
Yazen,3,3,6
Yazgi,0,3,3
Yazgül,0,3,3
Yazlynn,0,3,3
Ybeline,0,3,3
Ybella,0,3,3
Ybelle,0,3,3
Yberdina,0,3,3
Ybert,3,0,3
Ybranda,0,3,3
Ycke,3,3,6
Yean,3,0,3
Yeda,0,3,3
Yefke,0,3,3
Yein,3,3,6
Yemairo,3,0,3
Yemayá,0,3,3
Yemina,0,3,3
Yemna,0,3,3
Yên,0,3,3
Yen-Nhi,0,3,3
Yenairo,3,0,3
Yensi,3,3,6
Yenta,0,3,3
Yentell,0,3,3
Yenthle,0,3,3
Yentho,3,0,3
Yentley,3,0,3
Yermain,3,0,3
Yerney,3,3,6
Yerrel,3,0,3
Yerrol,3,0,3
Yerson,3,0,3
Yesiah,3,0,3
Yesmae,0,3,3
Yessa,3,3,6
Yessey,3,3,6
Yetkin,3,0,3
Yetske,0,3,3
Yett,3,3,6
Yetta,0,3,3
Yetze,3,0,3
Yevgenyevych,3,0,3
Yges,3,0,3
Ygje,0,3,3
Yi-Ting,0,3,3
Yiğitalp,3,0,3
Yilmas,3,0,3
Yilva,0,3,3
Yimin,3,3,6
Yimo,3,0,3
Yindey,0,3,3
Yins,3,0,3
Yinti,0,3,3
Yireh,3,3,6
Yismael,3,0,3
Yjan,3,0,3
Ykelien,0,3,3
Ylai,3,3,6
Ylaina,0,3,3
Ylco,3,0,3
Yleana,0,3,3
Ylia,3,3,6
Ylisa,0,3,3
Ylka,0,3,3
Ylli,3,0,3
Yllias,3,0,3
Ylmar,3,0,3
Ylvana,0,3,3
Ymard,3,3,6
Ymelinus,3,0,3
Ymro,3,0,3
Yndia,0,3,3
Ynette,0,3,3
Ynso,3,0,3
Yoandré,3,3,6
Yobel,3,3,6
Yochabel,0,3,3
Yodit,0,3,3
Yoeke,3,3,6
Yoerike,0,3,3
Yoesra,0,3,3
Yoessoef,3,0,3
Yoey,3,3,6
Yogini,0,3,3
Yohara,0,3,3
Yohji,3,3,6
Yoke,0,3,3
Yolenthe,0,3,3
Yolisa,3,3,6
Yoma,0,3,3
Yomaira,0,3,3
Yonique,0,3,3
Yonno,3,3,6
Yono,3,3,6
Yonus,3,0,3
Yorai,3,0,3
Yoraisa,0,3,3
Yorbin,3,0,3
Yorck,3,0,3
Yoreck,3,0,3
Yorell,3,0,3
Yoricke,0,3,3
Yorni,3,0,3
Yorren,3,0,3
Yory,3,0,3
Yoshie,3,3,6
Yoshin,3,3,6
Yoshio,3,0,3
Yoshita,0,3,3
Yosiah,3,3,6
Yosie,0,3,3
Yosja,3,3,6
Yosuf,3,0,3
Yotish,3,0,3
Youandy,3,3,6
Younous,3,0,3
Youns,3,0,3
Yourik,3,0,3
Yous,3,3,6
Youssif,3,0,3
Youssou,3,0,3
Ypje,0,3,3
Ypo,3,0,3
Yria,0,3,3
Yrma,0,3,3
Ysaiah,3,0,3
Ysaura,0,3,3
Yscha,3,3,6
Yshaira,0,3,3
Yska,3,3,6
Yskje,0,3,3
Ysoie,0,3,3
Yssebrand,3,0,3
Yu-Ming,3,3,6
Yüan,3,3,6
Yüçel,3,0,3
Yuda,3,0,3
Yufei,0,3,3
Yuhan,3,3,6
Yukon,3,0,3
Yulina,0,3,3
Yuliya,0,3,3
Yum,3,3,6
Yumé,3,3,6
Yunaid,3,0,3
Yunuen,3,3,6
Yurda,0,3,3
Yurdanur,0,3,3
Yurek,3,0,3
Yurjen,3,0,3
Yuşâ,3,0,3
Yuvaan,3,0,3
Yvane,0,3,3
Yvel,3,0,3
Yviënne,0,3,3
Yvonia,0,3,3
Yvonius,3,0,3
Yvonnie,0,3,3
Yzabelle,0,3,3
Ya-Li,3,3,6
Yaaba,3,3,6
Yaari,3,3,6
Yaaron,3,0,3
Yacey,0,3,3
Yadavi,0,3,3
Yadiri,0,3,3
Yae-Lee,0,3,3
Yaeden,3,0,3
Yaeline,0,3,3
Yaeno,3,0,3
Yafa,0,3,3
Yafeth,3,0,3
Yaĝız,3,0,3
Yaĝiz,3,0,3
Yagizhan,3,0,3
Yahan,3,3,6
Yaheim,3,0,3
Yahlisa,0,3,3
Yahmilla,0,3,3
Yahweh,3,3,6
Yahyaa,3,0,3
Yaida,0,3,3
Yaike,3,3,6
Yaime,3,0,3
Yaimi,3,3,6
Yaïrah,0,3,3
Yairon,3,0,3
Yaison,3,0,3
Yaj,3,0,3
Yake,3,0,3
Yakout,0,3,3
Yâkub,3,0,3
Yaleeza,0,3,3
Yalta,0,3,3
Yaluca,3,0,3
Yamain,3,0,3
Yamama,0,3,3
Yamar,3,0,3
Yamato,3,0,3
Yamel,3,0,3
Yami,3,3,6
Yamilet,0,3,3
Yamilio,3,0,3
Yamilo,3,0,3
Yamini,0,3,3
Yandel,3,0,3
Yandi,3,0,3
Yaneiro,3,0,3
Yanek,3,0,3
Yanella,0,3,3
Yaneth,0,3,3
Yáng,3,0,3
Yangyang,3,3,6
Yangzom,0,3,3
Yanil,3,0,3
Yanini,0,3,3
Yanling,0,3,3
Yannay,3,3,6
Yannie,0,3,3
Yannieke,0,3,3
Yanoux,0,3,3
Yantho,3,0,3
Yao-Yao,0,3,3
Yaqien,3,0,3
Yaqin,3,3,6
Yaqob,3,0,3
Yaqoeb,3,0,3
Yaquin,3,0,3
Yaquina,0,3,3
Yara-Fay,0,3,3
Yara-Mae,0,3,3
Yarana,0,3,3
Yardèn,0,3,3
Yardéna,0,3,3
Yardenah,0,3,3
Yardin,3,0,3
Yardy,3,3,6
Yarek,3,0,3
Yarel,3,3,6
Yarelle,0,3,3
Yarèn,3,3,6
Yarena,0,3,3
Yareth,3,0,3
Yaretzi,0,3,3
Yarfi,3,3,6
Yariel,3,0,3
Yarinde,0,3,3
Yariv,3,0,3
Yarmila,0,3,3
Yarmilla,0,3,3
Yarn,3,0,3
Yart,3,0,3
Yartey,3,0,3
Yarvin,3,0,3
Yarwin,3,0,3
Yaşa,3,0,3
Yaşam,3,3,6
Yaseer,3,0,3
Yasen,3,0,3
Yashan,3,0,3
Yashfa,0,3,3
Yashmina,0,3,3
Yashodhara,0,3,3
Yashvantkumar,3,0,3
Yashwantkumar,3,0,3
Yasina,0,3,3
Yasinta,0,3,3
Yasmaine,0,3,3
Yasmay,0,3,3
Yasmeenah,0,3,3
Yasmilla,0,3,3
Yasmira,0,3,3
Yassier,3,0,3
Yassim,3,0,3
Yaswin,3,0,3
Yavier,3,0,3
Yavuzalp,3,0,3
Yawar,3,0,3
Yawson,0,3,3
Yax,3,0,3
Yaxuan,0,3,3
Yaxx,3,3,6
Yaye,0,3,3
Yayeri,0,3,3
Yayo,3,3,6
Yayrade,3,3,6
Yazhi,0,3,3
Yazmira,0,3,3
Yazzely,0,3,3
Yboya,0,3,3
Ydelette,0,3,3
Ydse,3,0,3
Ydze,3,0,3
Yea,3,3,6
Yeboaah,0,3,3
Yediaël,3,0,3
Yedidiah,0,3,3
Yedidja,3,3,6
Yeftha,3,0,3
Yeghia,3,0,3
Yegor,3,0,3
Yehosua,3,0,3
Yelaina,0,3,3
Yeldau,0,3,3
Yelino,3,0,3
Yellow,3,3,6
Yelthe,3,3,6
Yem,3,3,6
Yeman,3,3,6
Yemima,0,3,3
Yemkje,0,3,3
Yêń,0,3,3
Yenai,0,3,3
Yenda,3,3,6
Yenikân,3,3,6
Yenko,3,0,3
Yenne,3,3,6
Yenneke,0,3,3
Yennie,0,3,3
Yennifer,0,3,3
Yenno,3,0,3
Yénoah,3,0,3
Yensey,0,3,3
Yente-Mare,0,3,3
Yenthen,3,0,3
Yentll,0,3,3
Yeran,3,0,3
Yerila,0,3,3
Yermaine,3,0,3
Yermolai,3,0,3
Yervant,3,0,3
Yesa,3,3,6
Yesara,0,3,3
Yeshuah,3,0,3
Yeshwant,3,0,3
Yesira,0,3,3
Yeslinn,0,3,3
Yesmay,0,3,3
Yesmée,0,3,3
Yesmien,0,3,3
Yessina,0,3,3
Yeti,3,0,3
Yevgenyevna,0,3,3
Yewa,0,3,3
Yewande,0,3,3
Yezdan,3,3,6
Yezen,3,0,3
Yfette,0,3,3
Ygbert,3,0,3
Ygnacio,3,0,3
Ygo,3,0,3
Yi-Fan,3,3,6
Yi-Li,3,3,6
Yi-Ling,0,3,3
Yi-Wei,3,3,6
Yi-Xin,3,3,6
Yic,3,3,6
Yicheng,3,3,6
Yida,3,3,6
Yieng,3,3,6
Yiew,3,3,6
Yifeng,3,3,6
Yihe,0,3,3
Yihua,3,3,6
Yila,0,3,3
Yilana,0,3,3
Yilde,0,3,3
Yildis,0,3,3
Yildun,3,3,6
Yillis,3,3,6
Ying-Kit,3,0,3
Yingying,0,3,3
Yinke,0,3,3
Yinon,3,0,3
Yinuo,3,3,6
Yiou,3,0,3
Yipp,3,3,6
Yishmael,3,0,3
Yisraël,3,3,6
Yisroel,3,0,3
Yiting,0,3,3
Yitschak,3,0,3
Yitske,0,3,3
Yiw,3,3,6
Yiwen,3,3,6
Yixi,3,3,6
Yixin,0,3,3
Yiyi,0,3,3
Yjara,0,3,3
Yla,0,3,3
Ylaisah,0,3,3
Ylaiza,0,3,3
Ylanda,0,3,3
Ylber,3,0,3
Yliane,0,3,3
Ylina,0,3,3
Yll,3,0,3
Yllka,0,3,3
Yllona,0,3,3
Ylma,0,3,3
Ylou,0,3,3
Ylvan,3,3,6
Ymala,0,3,3
Ymano,3,0,3
Ymca,0,3,3
Ymco,3,0,3
Ymé,0,3,3
Ymea,0,3,3
Ymi,0,3,3
Ymor,3,0,3
Ymtje,0,3,3
Ynèz,0,3,3
Yng,0,3,3
Ynger,3,3,6
Ynje,0,3,3
Ynna,0,3,3
Ynneh,3,3,6
Ynoah,3,3,6
Ynsche,0,3,3
Yoani,3,3,6
Yoanique,0,3,3
Yoaquin,3,0,3
Yoaz,3,0,3
Yoë,3,3,6
Yoé,3,3,6
Yoèl,3,0,3
Yoen,3,3,6
Yoena,0,3,3
Yoerian,3,0,3
Yoerin,3,0,3
Yoery,3,0,3
Yoesoef,3,0,3
Yog,3,0,3
Yogi,3,3,6
Yoginder,3,0,3
Yoh,3,0,3
Yohana,0,3,3
Yohanan,3,0,3
Yoklan,0,3,3
Yol,3,0,3
Yoland,3,0,3
Yolando,3,0,3
Yolantha,0,3,3
Yolée,0,3,3
Yolenta,0,3,3
Yollanda,0,3,3
Yom,3,0,3
Yomani,0,3,3
Yomba,3,3,6
Yonaro,3,0,3
Yone,0,3,3
Yonita,0,3,3
Yonn,3,3,6
Yonny,3,0,3
Yonta,0,3,3
Yony,0,3,3
Yöran,3,0,3
Yordana,0,3,3
Yordann,3,0,3
Yordano,3,0,3
Yordanos,0,3,3
Yore,3,0,3
Yorèn,3,0,3
Yoreno,3,0,3
Yoriva,0,3,3
Yornie,3,0,3
Yornik,3,0,3
Yorrik,3,0,3
Yorrinde,0,3,3
Yorun,3,0,3
Yoscha,3,3,6
Yosepha,0,3,3
Yoshan,3,3,6
Yoshika,3,3,6
Yosin,3,3,6
Yosine,0,3,3
Yosje,0,3,3
Yotam,3,0,3
Yotta,3,3,6
Youette,0,3,3
Youli,3,3,6
Youme,3,3,6
Younés,3,0,3
Young-Sang,3,3,6
Yourdi,3,0,3
Yourney,3,3,6
Yousriya,0,3,3
Yovan,3,0,3
Yovani,3,0,3
Yovanna,0,3,3
Yovanny,3,0,3
Yowan,3,0,3
Yozef,3,0,3
Yozua,3,0,3
Ype-Jan,3,0,3
Yrah,3,3,6
Yrana,0,3,3
Yreen,0,3,3
Yrin,3,3,6
Yrsah,0,3,3
Yrse,0,3,3
Ysaäk,3,0,3
Ysabell,0,3,3
Ysaira,0,3,3
Ysairo,3,0,3
Ysbert,3,0,3
Ysmaël,3,0,3
Ysolda,0,3,3
Ysze,3,3,6
Ytien,0,3,3
Yu-Hien,3,0,3
Yua,0,3,3
Yuani,3,0,3
Yudah,3,0,3
Yudhveer,3,0,3
Yudi,3,3,6
Yudith,0,3,3
Yué,0,3,3
Yuè,3,3,6
Yufan,3,3,6
Yugesh,3,0,3
Yuin,0,3,3
Yuji,3,3,6
Yukari,3,3,6
Yuke,3,3,6
Yukiyo,3,3,6
Yulara,0,3,3
Yuliani,3,3,6
Yulita,0,3,3
Yulius,3,0,3
Yulong,3,3,6
Yume,3,3,6
Yummé,0,3,3
Yùn,0,3,3
Yunaida,0,3,3
Yuni,0,3,3
Yünüs,3,0,3
Yuriën,3,0,3
Yuriyivna,0,3,3
Yurriaan,3,0,3
Yûşa,3,0,3
Yüşa,3,0,3
Yusayra,0,3,3
Yuser,3,3,6
Yusof,3,0,3
Yusriyah,0,3,3
Yustice,3,3,6
Yüsüf,3,0,3
Yüsuf,3,0,3
Yusur,0,3,3
Yut,0,3,3
Yutong,3,3,6
Yuuki,3,3,6
Yuul,3,3,6
Yuvika,0,3,3
Yuvradj,3,0,3
Yvairo,3,0,3
Yvandra,0,3,3
Yvelle,0,3,3
Yvenna,0,3,3
Yverne,0,3,3
Yvete,0,3,3
Yvia,0,3,3
Yvoli,0,3,3
Yvoline,0,3,3
Ywain,3,0,3
Ywana,0,3,3
Yzan,3,3,6
Yzanne,0,3,3
Yzis,0,3,3
Y-Nhi,0,3,3
Y-Van,0,3,3
Ya'ara,0,3,3
Ya'el,3,3,6
Ya'elle,0,3,3
Ya'ir,3,0,3
Ya'qub,3,0,3
Ya-Elle,0,3,3
Ya-Han,0,3,3
Ya-Ya,0,3,3
Ya-Yin,3,3,6
Yaakoub,3,0,3
Yaamina,0,3,3
Yaanvi,0,3,3
Yaar,3,3,6
Yaära,0,3,3
Yaas,3,0,3
Yaasier,3,0,3
Yaasmin,0,3,3
Yabil,3,0,3
Yacelin,0,3,3
Yachaziël,3,0,3
Yachya,3,0,3
Yacinte,0,3,3
Yacinth,0,3,3
Yaco,3,0,3
Yacoba,0,3,3
Yacomias,3,0,3
Yacouba,3,0,3
Yacov,3,0,3
Yâde,0,3,3
Yadelinn,0,3,3
Yadgar,3,3,6
Yadian,3,0,3
Yadid,3,0,3
Yadiger,0,3,3
Yadirah,0,3,3
Yadriël,3,0,3
Yadwinder,3,0,3
Yadzia,0,3,3
Yaece,3,0,3
Yaeliah,0,3,3
Yaelin,0,3,3
Yaer,3,0,3
Yaeve,0,3,3
Yafit,0,3,3
Yagub,3,0,3
Yah,3,0,3
Yahaya,3,0,3
Yahayra,0,3,3
Yahel,3,0,3
Yahi,3,3,6
Yahiya,3,0,3
Yahléah,0,3,3
Yahlee,3,3,6
Yahlia,0,3,3
Yahlisha,0,3,3
Yahmal,3,0,3
Yahmani,0,3,3
Yahmar,3,0,3
Yahnaijah,0,3,3
Yahnique,3,0,3
Yahnoah,3,3,6
Yahred,3,0,3
Yahrell,3,0,3
Yahro,3,0,3
Yahron,3,0,3
Yahsaiah,3,0,3
Yahto,3,0,3
Yahudah,3,0,3
Yahui,0,3,3
Yahushua,3,0,3
Yahvi,0,3,3
Yahzarah,0,3,3
Yaia,0,3,3
Yaice,3,3,6
Yaïda,0,3,3
Yaido,3,0,3
Yaiesh,3,0,3
Yailah,0,3,3
Yaima,0,3,3
Yaimo,3,0,3
Yaimon,3,0,3
Yaimy,0,3,3
Yaina,0,3,3
Yaïre,3,3,6
Yairho,3,0,3
Yajaira,0,3,3
Yakin,3,3,6
Yakine,3,3,6
Yakoba,0,3,3
Yaku,3,0,3
Yakuamaro,3,3,6
Yaküb,3,0,3
Yalek,3,0,3
Yalen,3,0,3
Yalenca,0,3,3
Yalho,3,3,6
Yalila,0,3,3
Yalınay,3,0,3
Yalise,0,3,3
Yalley,0,3,3
Yalli,3,3,6
Yaloe,0,3,3
Yaluh,0,3,3
Yamada,3,3,6
Yamai,3,0,3
Yamana,0,3,3
Yamane,3,3,6
Yamari,3,0,3
Yamaro,3,0,3
Yamba,3,3,6
Yamé,0,3,3
Yamellah,0,3,3
Yamena,0,3,3
Yamia,0,3,3
Yamiel,3,0,3
Yamiella,0,3,3
Yamiliano,3,0,3
Yamima,0,3,3
Yamine,3,0,3
Yamisha,0,3,3
Yamo,3,0,3
Yamoena,0,3,3
Yamorè,3,0,3
Yamur,0,3,3
Yàn,3,0,3
Yān,0,3,3
Yan-Li,3,3,6
Yan-Ling,0,3,3
Yan-Ming,3,3,6
Yan-Sin,0,3,3
Yanah,0,3,3
Yananda,0,3,3
Yanca,0,3,3
Yance,3,0,3
Yandri,3,0,3
Yandro,3,0,3
Yanduí,3,0,3
Yaneau,3,0,3
Yanëiro,3,0,3
Yaneïro,3,0,3
Yaneli,0,3,3
Yanelva,0,3,3
Yanga,3,3,6
Yangchen,0,3,3
Yaniel,3,0,3
Yaniev,3,0,3
Yanike,0,3,3
Yanin,3,3,6
Yaninka,0,3,3
Yaniro,3,0,3
Yanïs,3,0,3
Yanischa,0,3,3
Yanise,3,3,6
Yanishaira,0,3,3
Yaniss,3,0,3
Yanitza,0,3,3
Yanka,3,3,6
Yanke,0,3,3
Yanki,3,3,6
Yankuba,3,0,3
Yanli,0,3,3
Yannaï,0,3,3
Yanneck,3,0,3
Yanníck,3,0,3
Yanninck,3,0,3
Yanniq,3,3,6
Yannish,3,0,3
Yannita,0,3,3
Yanomi,0,3,3
Yantar,0,3,3
Yantime,0,3,3
Yanty,0,3,3
Yanxi,3,3,6
Yaomi,0,3,3
Yaou,3,3,6
Yaovi,3,0,3
Yapi,3,0,3
Yaqeen,3,0,3
Yara-Louise,0,3,3
Yaraan,3,0,3
Yaram,3,0,3
Yarca,0,3,3
Yarcenio,3,0,3
Yardell,3,0,3
Yardley,3,0,3
Yardon,3,0,3
Yareena,0,3,3
Yarèl,3,0,3
Yarella,0,3,3
Yarén,0,3,3
Yaret,3,0,3
Yarha,0,3,3
Yaribel,0,3,3
Yarich,3,0,3
Yaricio,3,0,3
Yarid,3,0,3
Yarín,3,3,6
Yarine,0,3,3
Yarino,3,0,3
Yarisah,0,3,3
Yarit,3,3,6
Yarix,3,0,3
Yarko,3,0,3
Yarmi,3,0,3
Yarod,3,0,3
Yarohn,3,0,3
Yarone,3,0,3
Yaroslava,0,3,3
Yarrah,0,3,3
Yarred,3,0,3
Yasbir,3,3,6
Yase,3,3,6
Yaseena,0,3,3
Yashana,0,3,3
Yasheen,3,0,3
Yashi,3,3,6
Yashiro,3,0,3
Yashleen,0,3,3
Yashneel,3,0,3
Yashradj,3,0,3
Yashuo,3,0,3
Yashvantsingh,3,0,3
Yashvardhan,3,0,3
Yashvasin,3,0,3
Yashwan,3,0,3
Yashwina,0,3,3
Yashwini,0,3,3
Yasier,3,0,3
Yaşin,3,0,3
Yâsir,3,0,3
Yaska,3,3,6
Yasline,0,3,3
Yaslinn,0,3,3
Yasmille,0,3,3
Yasminn,0,3,3
Yasminne,0,3,3
Yasoda,0,3,3
Yasodha,0,3,3
Yasr,3,0,3
Yassein,3,0,3
Yassirah,0,3,3
Yasuko,0,3,3
Yates,3,0,3
Yatharth,3,0,3
Yatho,3,0,3
Yatosha,3,0,3
Yatra,3,3,6
Yatrib,3,0,3
Yaudi,0,3,3
Yausef,3,0,3
Yauvani,0,3,3
Yauw,0,3,3
Yavaina,0,3,3
Yavenna,0,3,3
Yavesly,0,3,3
Yavor,3,0,3
Yawen,3,3,6
Yay,3,0,3
Yayuk,0,3,3
Yaza,0,3,3
Yazdani,3,0,3
Yazgülü,0,3,3
Yazied,3,0,3
Yazmhil,0,3,3
Yazz-Lynn,0,3,3
Yazzley,3,3,6
Yazzlin,3,3,6
Yazzmeen,0,3,3
Ybeliene,0,3,3
Ybelina,0,3,3
Ybelta,0,3,3
Yberdine,0,3,3
Yberta,0,3,3
Ybertus,3,0,3
Ybette,0,3,3
Ybor,3,0,3
Yce,3,3,6
Ychenne,0,3,3
Ydalia,0,3,3
Ydan,3,0,3
Ydanne,0,3,3
Ydeine,0,3,3
Ydeleine,0,3,3
Ydora,0,3,3
Yds,3,0,3
Ydzer,3,0,3
Yeabsira,0,3,3
Yeada,0,3,3
Yeaden,3,0,3
Yeala,0,3,3
Yearl,3,3,6
Yeauw,3,0,3
Yeavano,3,0,3
Yeba,3,3,6
Yebe,3,0,3
Yeboaa,0,3,3
Yedaya,3,3,6
Yedda,3,3,6
Yedes,3,0,3
Yedi,0,3,3
Yedidjah,0,3,3
Yedija,3,0,3
Yedlin,3,3,6
Yeen,3,0,3
Yeeshai,3,0,3
Yefgeni,3,3,6
Yefim,3,0,3
Yeften,3,0,3
Yeganeh,0,3,3
Yego,3,0,3
Yehezkiel,3,0,3
Yehiri,0,3,3
Yehonatan,3,0,3
Yehyah,3,0,3
Yeing,0,3,3
Yeira,0,3,3
Yekbun,3,3,6
Yeke,3,3,6
Yekini,3,0,3
Yelaisa,0,3,3
Yelani,3,0,3
Yelano,3,0,3
Yelco,3,0,3
Yeldağ,0,3,3
Yeldah,0,3,3
Yeldanur,0,3,3
Yeldou,0,3,3
Yelen,3,3,6
Yelia,0,3,3
Yeliah,0,3,3
Yélian,3,3,6
Yelis,0,3,3
Yelisha,0,3,3
Yelisse,0,3,3
Yelizaveta,0,3,3
Yellan,3,3,6
Yellana,0,3,3
Yellina,0,3,3
Yellinck,3,0,3
Yelt,3,0,3
Yelton,3,0,3
Yema,0,3,3
Yemaja,3,3,6
Yemanja,0,3,3
Yémanja,0,3,3
Yemaro,3,0,3
Yemer,3,3,6
Yemeserach,0,3,3
Yemila,0,3,3
Yemin,3,0,3
Yemoja,0,3,3
Yemuel,3,0,3
Yen-Ai,0,3,3
Yen-ai,0,3,3
Yen-Kim,0,3,3
Yen-Li,0,3,3
Yen-Yen,0,3,3
Yenaira,0,3,3
Yenaïro,3,0,3
Yenay,0,3,3
Yenca,0,3,3
Yency,3,3,6
Yendor,3,0,3
Yendra,3,3,6
Yenée,0,3,3
Yenelle,0,3,3
Yenikan,0,3,3
Yenisa,0,3,3
Yennely,0,3,3
Yennhi,0,3,3
Yennoa,0,3,3
Yennoah,3,0,3
Yensly,3,3,6
Yenth,3,0,3
Yentha,0,3,3
Yentil,0,3,3
Yentli,3,3,6
Yenza,3,3,6
Yeo,0,3,3
Yeojin,0,3,3
Yeon,0,3,3
Yepa,0,3,3
Yepes,3,3,6
Yerby,3,0,3
Yerçanik,0,3,3
Yered,3,0,3
Yerel,3,3,6
Yeremey,3,0,3
Yeremie,3,0,3
Yereno,3,0,3
Yerick,3,0,3
Yeriël,3,3,6
Yerk,3,3,6
Yerko,3,0,3
Yerle,3,3,6
Yerlon,3,0,3
Yermi,3,3,6
Yern,3,0,3
Yerno,3,0,3
Yéro,3,0,3
Yerold,3,0,3
Yeron,3,0,3
Yerone,3,0,3
Yerre,3,0,3
Yerren,3,0,3
Yerri,3,0,3
Yerry,3,3,6
Yersey,3,3,6
Yervano,3,0,3
Yervin,3,0,3
Yesaiah,3,3,6
Yesaja,3,0,3
Yesayah,3,0,3
Yesca,0,3,3
Yesen,3,3,6
Yeseña,0,3,3
Yeshela,3,3,6
Yeshiva,3,3,6
Yeshwin,3,0,3
Yesi,0,3,3
Yesica,0,3,3
Yesien,3,0,3
Yesika,0,3,3
Yeşil,3,3,6
Yesir,3,0,3
Yeska,3,3,6
Yeslynn,0,3,3
Yesmer,3,0,3
Yesna,0,3,3
Yesni,0,3,3
Yesodharan,3,0,3
Yess,0,3,3
Yessamy,0,3,3
Yesselin,0,3,3
Yessim,3,0,3
Yesta,0,3,3
Yeste,3,3,6
Yesten,3,0,3
Yeston,3,0,3
Yesu,3,3,6
Yetiş,3,3,6
Yevgeniy,3,0,3
Yevi,3,0,3
Yevin,3,0,3
Yewell,0,3,3
Yex,3,0,3
Yezajah,3,3,6
Yezza,0,3,3
Yezzi,3,3,6
Yfa,0,3,3
Yff,3,0,3
Yffke,0,3,3
Yfina,0,3,3
Yggdrasil,0,3,3
Yggdrasill,3,0,3
Ygnatius,3,0,3
Ygraine,0,3,3
Yhaël,3,0,3
Yi-An,3,0,3
Yi-hao,3,0,3
Yi-Jie,3,3,6
Yi-Kee,3,3,6
Yi-Lin,0,3,3
Yi-Ming,0,3,3
Yi-Ren,3,3,6
Yiandro,3,0,3
Yianna,0,3,3
Yiannick,3,0,3
Yiano,3,0,3
Yiara,0,3,3
Yibeltal,0,3,3
Yichun,3,3,6
Yigael,3,0,3
Yigaël,3,0,3
Yigall,3,0,3
Yigitefe,3,0,3
Yihao,3,0,3
Yiing,0,3,3
Yil,3,3,6
Yilber,3,0,3
Yilderay,3,0,3
Yildert,3,0,3
Yildes,0,3,3
Yildiran,3,0,3
Yili,0,3,3
Yilmar,3,0,3
Yiltay,3,0,3
Yimaira,0,3,3
Yimmy,3,0,3
Yimou,3,0,3
Yin-Li,0,3,3
Yin-Ling,0,3,3
Yinan,0,3,3
Yinca,0,3,3
Yinda,0,3,3
Yindé,0,3,3
Yīng,3,3,6
Ying-Wai,3,0,3
Yinglan,0,3,3
Yini,0,3,3
Yinko,3,0,3
Yinli,0,3,3
Yinni,0,3,3
Yinnie,0,3,3
Yinra,0,3,3
Yinske,0,3,3
Yint,3,0,3
Yinten,3,0,3
Yinthy,0,3,3
Yinx,0,3,3
Yinyin,0,3,3
Yippy,3,0,3
Yirah,3,3,6
Yireah,0,3,3
Yirenkyi,3,3,6
Yiru,0,3,3
Yisa,0,3,3
Yisan,3,3,6
Yisca,0,3,3
Yishay,3,0,3
Yismeiry,0,3,3
Yisra'el,3,0,3
Yisroël,3,0,3
Yissachar,3,3,6
Yitong,3,3,6
Yitro,3,0,3
Yitzchok,3,0,3
Yitze,3,0,3
Yivan,3,0,3
Yiwah,0,3,3
Yiwei,3,3,6
Yixian,0,3,3
Yiyun,0,3,3
Yizreel,3,0,3
Ykenna,3,3,6
Ykke,0,3,3
Ykoline,0,3,3
Ylaino,3,0,3
Ylaissa,0,3,3
Ylania,0,3,3
Ylanka,0,3,3
Yle,3,0,3
Ylet,0,3,3
Yliano,3,0,3
Ylijah,3,0,3
Yliza,0,3,3
Yljana,0,3,3
Ylla,0,3,3
Yllas,3,0,3
Yllen,0,3,3
Yllianne,0,3,3
Ylonda,0,3,3
Ylske,0,3,3
Ylvy,0,3,3
Ylwar,3,0,3
Ylza,0,3,3
Ymana,0,3,3
Ymarah,0,3,3
Ymare,0,3,3
Yme-Jan,3,0,3
Ymeke,0,3,3
Ymetje,0,3,3
Ymk,3,3,6
Ymma,0,3,3
Ymmy,0,3,3
Ynaïa,0,3,3
Ynara,0,3,3
Ynca,0,3,3
Yndah,3,3,6
Ynde,0,3,3
Yndy,0,3,3
Yngmar,3,0,3
Yngo,3,0,3
Ynne,0,3,3
Ynno,3,0,3
Ynocencia,0,3,3
Ynova,0,3,3
Ynsje,0,3,3
Ynta,0,3,3
Ynti,3,0,3
Yo-An,0,3,3
Yoamy,0,3,3
Yoán,3,0,3
Yocef,3,0,3
Yocheved,0,3,3
Yochi,3,3,6
Yoco,0,3,3
Yodha,3,0,3
Yody,0,3,3
Yoeba,0,3,3
Yoeck,3,0,3
Yoeka,0,3,3
Yoekie,0,3,3
Yoëla,0,3,3
Yoell,3,0,3
Yoèlle,0,3,3
Yoeng,3,0,3
Yoeni,0,3,3
Yoènna,0,3,3
Yoerd,3,0,3
Yoerdi,3,0,3
Yoerick,3,0,3
Yoesha,3,3,6
Yoesuf,3,0,3
Yofara,0,3,3
Yogeshwar,3,0,3
Yogish,3,0,3
Yohaan,3,0,3
Yohaï,0,3,3
Yohna,3,3,6
Yohyon,3,0,3
Yoia,0,3,3
Yoichi,3,0,3
Yoïn,3,0,3
Yoja,0,3,3
Yolé,0,3,3
Yolee,0,3,3
Yoleigh,0,3,3
Yolena,0,3,3
Yolina,0,3,3
Yolinn,0,3,3
Yolissa,0,3,3
Yolita,0,3,3
Yolitha,0,3,3
Yolynn,0,3,3
Yomairo,3,0,3
Yomanda,0,3,3
Yomima,0,3,3
Yomini,0,3,3
Yomo,3,0,3
Yonael,3,0,3
Yonairo,3,0,3
Yonay,3,0,3
Yonel,3,0,3
Yonica,0,3,3
Yonieck,0,3,3
Yoniek,0,3,3
Yonit,0,3,3
Yonnar,3,0,3
Yonneke,0,3,3
Yönten,3,0,3
Yonti,3,3,6
Yonuz,3,0,3
Yonzon,3,0,3
Yoonus,3,0,3
Yoop,3,0,3
Yoost,3,0,3
Yor-el,3,0,3
Yor-ell,3,0,3
Yorag,3,0,3
Yorana,0,3,3
Yoranne,0,3,3
Yorath,3,0,3
Yorby,3,0,3
Yordon,3,0,3
Yorèl,3,0,3
Yorhan,3,0,3
Yoricka,0,3,3
Yorie,3,3,6
Yorijn,3,3,6
Yorina,0,3,3
Yorinke,0,3,3
Yorisha,0,3,3
Yorith,3,0,3
Yorko,3,0,3
Yorre,3,0,3
Yorth,3,0,3
Yoru,3,0,3
Yorum,3,0,3
Yos,3,0,3
Yosaiah,3,0,3
Yoschka,3,0,3
Yoscka,3,0,3
Yosé,3,3,6
Yosefa,3,3,6
Yosephina,0,3,3
Yoshe,3,0,3
Yoshila,0,3,3
Yoshira,0,3,3
Yoshiya,3,0,3
Yoshiyah,3,0,3
Yoshlynn,0,3,3
Yoshra,0,3,3
Yoshri,3,0,3
Yoshy,3,3,6
Yosif,3,0,3
Yosma,0,3,3
Yosof,3,0,3
Yosr,3,3,6
Yossarian,3,0,3
Yosser,3,0,3
Yossra,0,3,3
Yossuf,3,3,6
Yostena,0,3,3
Yothi,0,3,3
Yotie,0,3,3
Yotika,0,3,3
Youad,3,0,3
Youame,3,3,6
Youan,3,3,6
Youba,3,0,3
Youhana,3,3,6
Youjia,0,3,3
Youlan,3,3,6
Youlia,0,3,3
Youmi,3,3,6
Youmni,3,0,3
Youn,3,0,3
Younass,3,0,3
Younez,3,0,3
Youngson,0,3,3
Youniss,3,0,3
Youqing,0,3,3
Yourek,3,0,3
Yourica,0,3,3
Yourika,3,3,6
Yousaira,0,3,3
Yousf,3,0,3
Youshka,0,3,3
Youska,0,3,3
Youssaf,3,0,3
Youssoef,3,0,3
Yousten,3,3,6
Youyi,0,3,3
Yovannah,0,3,3
Yovi,3,0,3
Yowen,3,3,6
Yowenna,0,3,3
Yowi,3,0,3
Yoyitha,0,3,3
Yozeph,3,0,3
Yozette,0,3,3
Ypjen,0,3,3
Ypkjen,0,3,3
Yram,3,3,6
Yrelle,0,3,3
Yrieix,3,0,3
Yrine,0,3,3
Yrja,0,3,3
Yrsha,0,3,3
Yrva,0,3,3
Ysa-Bo,0,3,3
Ysaac,3,0,3
Ysaäkje,0,3,3
Ysac,3,0,3
Ysah,0,3,3
Ysai,3,0,3
Ysaï,3,0,3
Ysaline,0,3,3
Ysalis,0,3,3
Ysara,0,3,3
Ysaÿe,3,0,3
Ysbranda,0,3,3
Ysbrandia,0,3,3
Ysbrandus,3,0,3
Yseult,0,3,3
Yshaan,3,0,3
Ysilde,0,3,3
Ysin,3,0,3
Ysmay,0,3,3
Yson,3,0,3
Ysra,0,3,3
Ysse,3,3,6
Yssel,3,0,3
Ystar,0,3,3
Ystvan,3,0,3
Ytha,0,3,3
Yti,0,3,3
Ytina,0,3,3
Yto,3,0,3
Ytsche,0,3,3
Yu-Hin,3,0,3
Yu-la,0,3,3
Yu-La,0,3,3
Yu-Lin,3,3,6
Yu-Ling,3,3,6
Yu-Mei,0,3,3
Yu-Xin,3,3,6
Yu-Yan,0,3,3
Yuán,0,3,3
Yuano,3,0,3
Yubi,3,0,3
Yubin,3,0,3
Yuck,0,3,3
Yudadibrata,3,3,6
Yudai,3,0,3
Yudhi,3,3,6
Yudhistira,3,0,3
Yudistira,3,0,3
Yuël,3,0,3
Yuelle,0,3,3
Yuen-Ying,0,3,3
Yug,3,0,3
Yuguda,3,3,6
Yuhanen,3,0,3
Yuhang,3,3,6
Yuhanun,3,0,3
Yuho,3,0,3
Yuik,0,3,3
Yujia,0,3,3
Yujiro,3,0,3
Yuk-Ying,0,3,3
Yukimi,0,3,3
Yukina,0,3,3
Yuklin,0,3,3
Yukta,0,3,3
Yuled,0,3,3
Yulène,0,3,3
Yulet,0,3,3
Yulianti,3,3,6
Yulianty,0,3,3
Yuliën,3,0,3
Yuliënzo,3,0,3
Yuliët,0,3,3
Yuliett,0,3,3
Yulio,3,0,3
Yuliza,0,3,3
Yull,3,0,3
Yuman,3,0,3
Yumila,0,3,3
Yumin,3,3,6
Yummée,0,3,3
Yumn,0,3,3
Yun-na,0,3,3
Yuna-Sky,0,3,3
Yunaika,0,3,3
Yunaydah,0,3,3
Yunen,3,0,3
Yuniati,0,3,3
Yunice,0,3,3
Yunicy,3,0,3
Yunte,3,3,6
Yünus,3,0,3
Yunuz,3,0,3
Yünüz,3,0,3
Yunzhi,0,3,3
Yupanqui,3,0,3
Yuqian,3,3,6
Yuquinda,0,3,3
Yuraima,0,3,3
Yuraj,3,0,3
Yurau,3,0,3
Yuraya,0,3,3
Yurben,3,0,3
Yurdal,3,0,3
Yurgen,3,0,3
Yüri,3,0,3
Yuria,3,3,6
Yurich,3,0,3
Yuriël,3,3,6
Yurin,3,0,3
Yurinde,0,3,3
Yurine,0,3,3
Yurion,3,0,3
Yurisa,0,3,3
Yuriyovych,3,0,3
Yurn,3,0,3
Yuro,3,3,6
Yürri,3,0,3
Yurt,3,0,3
Yurumeni,3,0,3
Yurvaino,3,0,3
Yüsa,3,3,6
Yusaf,3,0,3
Yushan,3,3,6
Yushika,0,3,3
Yushra,0,3,3
Yusniati,3,0,3
Yusrie,3,0,3
Yussel,3,0,3
Yussif,3,0,3
Yustian,3,0,3
Yustina,0,3,3
Yûsuf,3,0,3
Yusufhan,3,0,3
Yusufu,3,0,3
Yusup,3,0,3
Yusupha,3,0,3
Yuting,0,3,3
Yutta,0,3,3
Yuu,3,3,6
Yuunus,3,0,3
Yuvani,3,3,6
Yuvaraj,3,0,3
Yuvraadj,3,0,3
Yuvrani,0,3,3
Yuwan,3,0,3
Yuwé,0,3,3
Yuwen,3,0,3
Yuya,3,3,6
Yuyan,3,3,6
Yuyi,3,3,6
Yuze,3,0,3
Yvandro,3,0,3
Yvangeline,0,3,3
Yvania,0,3,3
Yvanie,0,3,3
Yvanio,3,0,3
Yvanny,0,3,3
Yvari,3,0,3
Yvarr,3,0,3
Yvé,3,3,6
Yveau,3,0,3
Yvenka,0,3,3
Yvenn,3,0,3
Yvenon,3,0,3
Yver,3,0,3
Yvera,0,3,3
Yverson,3,0,3
Yves-Jan,3,0,3
Yves-Xavier,3,0,3
Yvian,0,3,3
Yvita,0,3,3
Yvône,0,3,3
Yvonique,0,3,3
Yvonni,0,3,3
Yvorne,0,3,3
Yvra,0,3,3
Yvvy,3,3,6
Ywann,3,0,3
Ywes,3,0,3
Ywin,3,0,3
Ywonne,0,3,3
Yzaac,3,0,3
Yzaäk,3,0,3
Yzaak,3,0,3
Yzabel,0,3,3
Yzah,0,3,3
Yzana,0,3,3
Yzara,0,3,3
Yzéa,0,3,3
Yzee,0,3,3
Yzée,0,3,3
Yzer,3,0,3
Yzera,0,3,3
Y'atosha,0,3,3
Y'cheäneliê,0,3,3
Y'djeano,3,0,3
Y'iesha,0,3,3
Y'Nuar,3,0,3
Y'uri,3,0,3
Y'vano,3,0,3
Y-Boi,0,3,3
Y-Ching,3,0,3
Y-Chu,0,3,3
Y-Duyen,0,3,3
Y-Grey,3,0,3
Y-lai,3,0,3
Y-Lai,3,0,3
Y-Lain,3,0,3
Y-Pha,0,3,3
Y-Phi,0,3,3
Y-Pin,3,0,3
Y-Shinden,3,0,3
Ya'akov,3,0,3
Ya'ala,0,3,3
Ya'arah,0,3,3
Ya'ari,3,0,3
Ya'coub,3,0,3
Ya'din,3,0,3
Ya'edian,3,0,3
Ya'gel,3,0,3
Ya'haeli,0,3,3
Ya'iesj,3,0,3
Ya'ira,0,3,3
Ya'neesha,0,3,3
Ya'qoub,3,0,3
Ya-Cyntho,3,0,3
Ya-Dun,0,3,3
Ya-El,3,0,3
Ya-ir,3,0,3
Ya-Ïr,3,0,3
Ya-Isha,0,3,3
Ya-Kenzo,3,0,3
Ya-Keylah,0,3,3
Ya-Leena,0,3,3
Ya-Ling,0,3,3
Ya-lissa,0,3,3
Ya-lóh,0,3,3
Ya-maisa,0,3,3
Ya-Naisa,0,3,3
Ya-Nique,3,0,3
Ya-Nivah,0,3,3
Ya-noah,3,0,3
Ya-rona,0,3,3
Ya-Ryan,3,0,3
Ya-Shi,0,3,3
Yà-sin,3,0,3
Ya-Ting,0,3,3
Yaa-Serwa,0,3,3
Yaacob,3,0,3
Yaacov,3,0,3
Yaadav,3,0,3
Yaadein,0,3,3
Yaadgaar,3,0,3
Yaadhavi,0,3,3
Yaadpshko,3,0,3
Yaahnav,3,0,3
Yaaj,3,0,3
Yaâkoub,3,0,3
Yaali,3,0,3
Yaaliah,0,3,3
Yaaliyah,0,3,3
Yaän,3,0,3
Yaán,0,3,3
Yaanin,0,3,3
Yaanley,3,0,3
Yaannutchara,0,3,3
Yaäqob,3,0,3
Yaâra,0,3,3
Yaärah,0,3,3
Yaarah,0,3,3
Yaäresja,0,3,3
Yaaro,3,0,3
Yaaser,3,0,3
Yaashvan,3,0,3
Yaasiin,3,0,3
Yaasira,0,3,3
Yaask,3,0,3
Yaasmeen,0,3,3
Yaasmeenagatoen,0,3,3
Yaasmiin,0,3,3
Yaaud,3,0,3
Yaayirah,0,3,3
Yaazdaan,3,0,3
Yabah,0,3,3
Yaban,3,0,3
Yabangia,0,3,3
Yabbi,3,0,3
Yabbo,3,0,3
Yabin,3,0,3
Yabir,3,0,3
Yabit,3,0,3
Yabo,0,3,3
Yabriela,0,3,3
Yabsera,0,3,3
Yabsira,3,0,3
Yabu,0,3,3
Yacandra,0,3,3
Yacely,0,3,3
Yacelyn,0,3,3
Yacenda,0,3,3
Yacer,3,0,3
Yacgub,3,0,3
Yacguub,3,0,3
Yacharrell,0,3,3
Yachëlle,0,3,3
Yachenne,0,3,3
Yachi,0,3,3
Yachica,0,3,3
Yachil,3,0,3
Yachinta,0,3,3
Yachira,0,3,3
Yachiru,3,0,3
Yachne,0,3,3
Yaciël,3,0,3
Yacintho,3,0,3
Yacinto,3,0,3
Yacira,0,3,3
Yacirah,0,3,3
Yackie,0,3,3
Yacko,3,0,3
Yacley,0,3,3
Yacob-Victor,3,0,3
Yacobus,3,0,3
Yacobya,0,3,3
Yacoeb,3,0,3
Yacomijn,0,3,3
Yacoub-Tamerlanovna,0,3,3
Yacouma,0,3,3
Yacquub,3,0,3
Yacu,3,0,3
Yacuma,0,3,3
Yâda,3,0,3
Yada-Ly,0,3,3
Yadaël,0,3,3
Yadah-Faith,0,3,3
Yadaira,0,3,3
Yadairo,3,0,3
Yadaisa,0,3,3
Yadali,3,0,3
Yadaly,3,0,3
Yadanan,0,3,3
Yaddamay,0,3,3
Yaddin,3,0,3
Yaddrine,3,0,3
Yade-Lyan,0,3,3
Yadee,0,3,3
Yadelitha,0,3,3
Yadenur,0,3,3
Yader,0,3,3
Yadesu,0,3,3
Yadev,3,0,3
Yadevi,0,3,3
Yadey,0,3,3
Yádi,0,3,3
Yadia,0,3,3
Yadiar,3,0,3
Yadidi,3,0,3
Yadiera,0,3,3
Yadigâr,0,3,3
Yadikar,3,0,3
Yadil,3,0,3
Yadine,0,3,3
Yadinn,3,0,3
Yadir,3,0,3
Yadith,0,3,3
Yadithy,0,3,3
Yadnyesh,3,0,3
Yadran,3,0,3
Yadria,0,3,3
Yadumi,3,0,3
Yaduraj,3,0,3
Yadvir,3,0,3
Yae-Lin,0,3,3
Yae-Lynn,0,3,3
Yaë-miliano,3,0,3
Yaë-Miliano,3,0,3
Yae-viënna,0,3,3
Yaede,0,3,3
Yaedelin,0,3,3
Yaedha,0,3,3
Yaedi,0,3,3
Yaeela,0,3,3
Yaeesh,3,0,3
Yaeko,0,3,3
Yaêl,0,3,3
Yäel,3,0,3
Yael-Milée,0,3,3
Yaēla,0,3,3
Yáela,0,3,3
Yaela-Maria,0,3,3
Yaelai,3,0,3
Yaelan,3,0,3
Yaelani,3,0,3
Yaelano,3,0,3
Yaelea,0,3,3
Yaeleino,3,0,3
Yaëli,0,3,3
Yaëlia,0,3,3
Yaelialex,3,0,3
Yaeliana,0,3,3
Yaélisha,0,3,3
Yaêlisha-Cyaneah,0,3,3
Yaelisse,0,3,3
Yaeliviáno,3,0,3
Yaeliviano,3,0,3
Yaeliza,0,3,3
Yaèll,3,0,3
Yaell-Omar,3,0,3
Yaell-Syri,0,3,3
Yäella,0,3,3
Yàëlle,0,3,3
Yaelle-Josephine,0,3,3
Yaëllo,3,0,3
Yaëllon,3,0,3
Yaelo,3,0,3
Yaëlo,3,0,3
Yaelyn,0,3,3
Yaelynn,0,3,3
Yaëlza,0,3,3
Yaelzera,0,3,3
Yaemea,0,3,3
Yaemilly,0,3,3
Yaenai,0,3,3
Yaënairo,3,0,3
Yaenice,0,3,3
Yaennick,3,0,3
Yaenoah,3,0,3
Yaenty,0,3,3
Yaeren,3,0,3
Yaeri,3,0,3
Yaerilson,3,0,3
Yaerone,3,0,3
Yaesha,0,3,3
Yaësiah,0,3,3
Yaesmine-Sira,0,3,3
Yaëssha,0,3,3
Yaessin,3,0,3
Yaessr,3,0,3
Yaésuroa,0,3,3
Yaet,0,3,3
Yaevi,3,0,3
Yaeviël,3,0,3
Yaevirion,3,0,3
Yaey,0,3,3
Yaez,3,0,3
Yaèzara,0,3,3
Yaézora,0,3,3
Yafar,3,0,3
Yafari,3,0,3
Yafé,0,3,3
Yafeht,3,0,3
Yafeseren,3,0,3
Yaffe,0,3,3
Yafharëll,3,0,3
Yafharna,0,3,3
Yafith,0,3,3
Yafraissy,0,3,3
Yafu,3,0,3
Yaganat,3,0,3
Yage,3,0,3
Yagenti,0,3,3
Yagi,0,3,3
Yagien,0,3,3
Yagil,3,0,3
Yaġız,3,0,3
Yağızalp,3,0,3
Yagizefe,3,0,3
Yağizeren,3,0,3
Yağızhan,3,0,3
Yaĝizhan,3,0,3
Yagizhannaci,3,0,3
Yağmen,3,0,3
Yăgmur,0,3,3
Yağnur,0,3,3
Yagoob,3,0,3
Yagsin,3,0,3
Yaguati,3,0,3
Yaguba,3,0,3
Yaguevaro,3,0,3
Yah'Eli,0,3,3
Yah'eli,0,3,3
Yah'elle,0,3,3
Yah'liyah-Divine,0,3,3
Yah'mairah-Yilmaz,3,0,3
Yah'sayro,3,0,3
Yah'von,3,0,3
Yah-Aelliah,0,3,3
Yah-dai,0,3,3
Yah-el,3,0,3
Yah-El,3,0,3
Yah-ell,0,3,3
Yah-irr,3,0,3
Yah-ish,3,0,3
Yah-Khai,3,0,3
Yah-leesa,0,3,3
Yah-Lesha,0,3,3
Yah-mal,3,0,3
Yah-Marleij,3,0,3
Yah-Mayraux,3,0,3
Yah-Roah,3,0,3
Yah-Saijah,3,0,3
Yah-Sie,0,3,3
Yahadanai,3,0,3
Yahaell,3,0,3
Yahaile,0,3,3
Yahaiyro,3,0,3
Yahalomi,3,0,3
Yahari,0,3,3
Yahaye,3,0,3
Yahaziël,3,0,3
Yahcerio,3,0,3
Yahciel,3,0,3
Yahcuroo,3,0,3
Yahdaney,0,3,3
Yahdayah,0,3,3
Yahdenai,3,0,3
Yahdev,3,0,3
Yahdi,3,0,3
Yahdiël,0,3,3
Yahdih,3,0,3
Yahdivyneno,3,0,3
Yahdo-Yahlon,3,0,3
Yahee,3,0,3
Yaheema,0,3,3
Yahéim,3,0,3
Yahell,3,0,3
Yahfairelio,3,0,3
Yahfari,3,0,3
Yahfeyo,3,0,3
Yahfire,3,0,3
Yahgill,3,0,3
Yahgiven,3,0,3
Yahguideme,3,0,3
Yahie,3,0,3
Yahiem,3,0,3
Yàhiem,3,0,3
Yahier,3,0,3
Yahifajel,3,0,3
Yahim,3,0,3
Yahír,3,0,3
Yahira,0,3,3
Yahireh-Yahlyion,3,0,3
Yahiro,3,0,3
Yahischa,0,3,3
Yahjaa,3,0,3
Yahkenio,3,0,3
Yahkup,3,0,3
Yahlani,3,0,3
Yahlano,3,0,3
Yahlaya,0,3,3
Yahleah,0,3,3
Yahleeah,0,3,3
Yahleeha,0,3,3
Yahleel-Jamal-Rahir,3,0,3
Yahlevion,3,0,3
Yahleya,0,3,3
Yahli,3,0,3
Yahliek,3,0,3
Yahliha,0,3,3
Yahlina,0,3,3
Yahlisah,0,3,3
Yahlise,0,3,3
Yahliya,0,3,3
Yahluka,3,0,3
Yahlyssia,0,3,3
Yahmaira,0,3,3
Yahmando,3,0,3
Yahmaro,3,0,3
Yahmayah,3,0,3
Yahmeiro,3,0,3
Yahmeiron,3,0,3
Yahmell,3,0,3
Yahmelody,0,3,3
Yahmero,3,0,3
Yahmilah,0,3,3
Yahmill,3,0,3
Yahmiro,3,0,3
Yahmyla,0,3,3
Yahmyrah,0,3,3
Yahna,0,3,3
Yahnaira,0,3,3
Yahné,3,0,3
Yahnè,0,3,3
Yahnea,0,3,3
Yahneiro,3,0,3
Yahnell,3,0,3
Yahneya,0,3,3
Yahnia,0,3,3
Yahnick,3,0,3
Yahnilja,0,3,3
Yahnina,0,3,3
Yahnissi,0,3,3
Yahniv,3,0,3
Yahniva,0,3,3
Yahnna,0,3,3
Yahnnick,3,0,3
Yáhnnique,3,0,3
Yahno,3,0,3
Yahnu,3,0,3
Yahola,3,0,3
Yahoo,3,0,3
Yahoska,0,3,3
Yahqob,3,0,3
Yahqub,3,0,3
Yahra-yaël,0,3,3
Yahrah,0,3,3
Yahreno,3,0,3
Yahri,3,0,3
Yahrillio,3,0,3
Yahrissa,0,3,3
Yàhrizio,3,0,3
Yahsamen,0,3,3
Yahsaya,3,0,3
Yahshemani,0,3,3
Yahsher,3,0,3
Yahshiloh,3,0,3
Yahşihan,3,0,3
Yahsin,3,0,3
Yahsmin,0,3,3
Yahstina,0,3,3
Yahtakana,3,0,3
Yahvaira,0,3,3
Yahvani-Jerell,3,0,3
Yahvid,3,0,3
Yahvin,3,0,3
Yahwe,3,0,3
Yahweyh,3,0,3
Yaĥya,3,0,3
YahYa,3,0,3
Yahya-Amin,3,0,3
Yahya-Samad,3,0,3
Yahyia,3,0,3
Yahyire,3,0,3
Yahzeel,3,0,3
YahZion,3,0,3
Yahzion,3,0,3
Yaï,3,0,3
Yai-Lee,0,3,3
Yai-Vanio,3,0,3
Yaicee,0,3,3
Yaicey,0,3,3
Yaicke,0,3,3
Yaico,3,0,3
Yaid,3,0,3
Yaide,0,3,3
Yaidee,0,3,3
Yaidelen,0,3,3
Yaíden,3,0,3
Yaidon,3,0,3
Yaidy-Kate,0,3,3
Yaiër,3,0,3
Yaihara,0,3,3
Yaihrone,3,0,3
Yaiïlen,0,3,3
Yaik,3,0,3
Yaïke,0,3,3
Yaïl,3,0,3
Yailaina,0,3,3
Yailan,3,0,3
Yaile-Lynn,0,3,3
Yailen,3,0,3
Yailèna-Livia,0,3,3
Yailjindra,3,0,3
Yaily,0,3,3
Yailyn,0,3,3
Yaïm,3,0,3
Yaimée,0,3,3
Yaimi-Yu,0,3,3
Yaimie,3,0,3
Yaimiro,3,0,3
Yaimön,3,0,3
Yaimy-Lynn,0,3,3
Yaimz,3,0,3
Yaïn,3,0,3
Yainaika,0,3,3
Yainera,0,3,3
Yaïnga,0,3,3
Yainie,0,3,3
Yaïnna,0,3,3
Yaino,3,0,3
Yaïnoa,0,3,3
Yainohrilley,3,0,3
Yainok,3,0,3
Yainora,0,3,3
Yaint,3,0,3
Yaione,0,3,3
Yaír,3,0,3
Yaĩra,0,3,3
Yaire,0,3,3
Yaïreleigh,0,3,3
Yairen,3,0,3
Yairez,0,3,3
Yairha,0,3,3
Yairhon,3,0,3
Yairién,0,3,3
Yaïris,0,3,3
Yaïrison,3,0,3
Yairobi,0,3,3
Yairoh,3,0,3
Yairön,3,0,3
Yairothy,3,0,3
Yairow,3,0,3
Yairzhino,3,0,3
Yaise,0,3,3
Yaisen,3,0,3
Yaisey,0,3,3
Yaish,3,0,3
Yaísha,0,3,3
Yaishri,0,3,3
Yaishri-Devi,0,3,3
Yaishrie-Devi,0,3,3
Yaïsi,0,3,3
Yaíson,3,0,3
Yaisree,0,3,3
Yaissa,0,3,3
Yaith,0,3,3
Yaithlan,3,0,3
Yaitze,3,0,3
Yaivanio,3,0,3
Yaivanna,0,3,3
Yaivey,3,0,3
Yaivinio,3,0,3
Yaiya,0,3,3
YaiYai,3,0,3
Yaiyr,3,0,3
Yaizah,0,3,3
Yajah,0,3,3
Yajani,0,3,3
Yajant,3,0,3
Yajanti,0,3,3
Yajat,3,0,3
Yajeeve,3,0,3
Yajh'rell,3,0,3
YaJing,0,3,3
Yajing,0,3,3
Yajlie,0,3,3
Yajña,3,0,3
Yajnesh,3,0,3
Yajñeśvar,3,0,3
Yajvine,3,0,3
Yak,0,3,3
Yakab,0,3,3
Yakandra,0,3,3
Yakari,3,0,3
Yakdel,3,0,3
Yakeen,3,0,3
Yaken,3,0,3
Yaketu,3,0,3
Yakeziah,0,3,3
Yakhuanaré,3,0,3
Yakimo,3,0,3
Yakinay,3,0,3
Yakir,3,0,3
Yakirah,0,3,3
Yakis,3,0,3
Yakko,3,0,3
Yako-be,3,0,3
Yakobo,3,0,3
Yakòf,3,0,3
Yaköp,3,0,3
Yakoso,0,3,3
Yakóv,3,0,3
Yakovel,3,0,3
Yakubhan,3,0,3
Yakunu,3,0,3
Yakuphan,3,0,3
Yakut,0,3,3
Yakuwanare,3,0,3
Yakvoen,0,3,3
Yal,3,0,3
Yalaesa,0,3,3
Yalainia,0,3,3
Yalaisa,0,3,3
Yalaiza,0,3,3
Yalal,3,0,3
Yalana,0,3,3
Yalayza,3,0,3
Yalcın,3,0,3
Yaļcin,3,0,3
Yalcinkaye,3,0,3
Yalcke,0,3,3
Yalcon,3,0,3
Yaldo,3,0,3
Yaleah,0,3,3
Yaleasa,0,3,3
Yalec,3,0,3
Yaleena,0,3,3
Yaleenah,0,3,3
Yalees,0,3,3
Yaleëza,0,3,3
Yaleh,0,3,3
Yaleia,0,3,3
Yaleisah,0,3,3
Yaleizah,0,3,3
Yaleña,0,3,3
Yaléna,0,3,3
Yalencka,0,3,3
Yaleno,3,0,3
Yaleona,0,3,3
Yalesca,0,3,3
Yalestia,3,0,3
Yalette,0,3,3
Yaleza,0,3,3
Yalgin,3,0,3
Yalhan,3,0,3
Yalia,0,3,3
Yaliah,0,3,3
Yalicha,0,3,3
Yalicia,0,3,3
Yalieke,0,3,3
Yaliena,0,3,3
Yalilla,0,3,3
Yalimar,0,3,3
Yalimee,0,3,3
Yalimo,3,0,3
Yalinç,3,0,3
Yalinde,0,3,3
Yaling,0,3,3
Yalinna,0,3,3
Yalino,3,0,3
Yalion,3,0,3
Yalishia,0,3,3
Yalisjah,0,3,3
Yalissia,0,3,3
Yalisye,0,3,3
Yalita,0,3,3
Yalitah,0,3,3
Yalitha,0,3,3
Yalitho,3,0,3
Yalitza,0,3,3
Yaliva,0,3,3
Yalivia,0,3,3
Yalız,3,0,3
Yalizah,0,3,3
Yalize,0,3,3
Yalizha,0,3,3
Yallaisa,0,3,3
Yalline,0,3,3
Yallishia,0,3,3
Yalloe,0,3,3
Yally,0,3,3
Yalon,3,0,3
Yalouka,3,0,3
Yalt,3,0,3
Yaltagracia,0,3,3
Yalu,0,3,3
Yaluka,3,0,3
Yalysa,0,3,3
Yalyshia,0,3,3
Yam-Lang,3,0,3
Yam-Wah,3,0,3
Yamaana,0,3,3
Yamaç,3,0,3
Yamaï,3,0,3
Yamaihl,3,0,3
Yamaihra,0,3,3
Yamaika,0,3,3
Yamaila,0,3,3
Yamaili,0,3,3
Yamailla,0,3,3
Yamairah,0,3,3
Yamairha,0,3,3
Yamairoh,3,0,3
Yamalaldin,3,0,3
Yamale,0,3,3
Yamalina,0,3,3
Yamall,3,0,3
Yamam,0,3,3
Yamanda,0,3,3
Yamanderi,3,0,3
Yamandú,3,0,3
Yàmàni,3,0,3
Yamaniq,3,0,3
Yamanney,3,0,3
Yamaraisa,0,3,3
Yamarley,3,0,3
Yamaya,0,3,3
Yambara,0,3,3
Yambasu,3,0,3
Yamdena,0,3,3
Yamée,0,3,3
Yameen,3,0,3
Yameenah,0,3,3
Yameiro,3,0,3
Yamela,0,3,3
Yamelakehail,0,3,3
Yamelé,0,3,3
Yamell,3,0,3
Yameni,0,3,3
Yamere,3,0,3
Yamerson,3,0,3
Yamey,3,0,3
Yameza,0,3,3
Yamfna,0,3,3
Yamhal,3,0,3
Yamica,0,3,3
Yamie-Lee,0,3,3
Yamiela,0,3,3
Yamihlia,0,3,3
Yamihné,0,3,3
Yamiko,3,0,3
Yamil-Abdul,3,0,3
Yamilah,0,3,3
Yamilcis,0,3,3
Yamilë,0,3,3
Yamiled,0,3,3
Yamilena,0,3,3
Yamileth,0,3,3
Yamilette,0,3,3
Yamilka,0,3,3
Yamille,0,3,3
Yamillé,0,3,3
Yamiloo,3,0,3
Yamilya,0,3,3
Yaminni,3,0,3
Yamirah,0,3,3
Yamire,0,3,3
Yámirsh,3,0,3
Yamischa,0,3,3
Yamise,0,3,3
Yamit,0,3,3
Yamiz,0,3,3
Yamoah,3,0,3
Yamon,3,0,3
Yamtong,3,0,3
Yamunā-Devi,0,3,3
Yamunadevi,0,3,3
Yamundi,3,0,3
Yamundow,0,3,3
Yamuremye,3,0,3
Yamuro,3,0,3
Yamuru,0,3,3
Yamy,0,3,3
Yamzen,0,3,3
Yän,3,0,3
Yan-Brent,3,0,3
Yan-Che,0,3,3
Yan-Dirk,3,0,3
Yan-Fei,0,3,3
Yan-Fung,0,3,3
Yan-Hong,3,0,3
Yan-Jacob,3,0,3
Yan-Joanne,0,3,3
Yan-Kit,3,0,3
Yan-Lan,0,3,3
Yan-Liang,3,0,3
Yan-Nam,0,3,3
Yan-Ni,0,3,3
Yan-Nicolaas,3,0,3
Yan-Pavel,3,0,3
Yan-Qiao,3,0,3
Yan-Ting,0,3,3
Yan-Wen,0,3,3
Yan-Wing,3,0,3
Yan-Yan,0,3,3
Yan-Ying,0,3,3
Yàna,0,3,3
Yána,0,3,3
Yana-Licia,0,3,3
Yana-Lynn,0,3,3
Yana-Meau,0,3,3
Yanae,0,3,3
Yanael,3,0,3
Yanaely,0,3,3
Yanaevah,0,3,3
Yanai-Levy,3,0,3
Yanaihro,3,0,3
Yanaijca,0,3,3
Yanaike,0,3,3
Yanaio,3,0,3
Yanaio-Cy,3,0,3
Yanairoh,3,0,3
Yanaïs,0,3,3
Yanaisa,0,3,3
Yanaissa,0,3,3
Yanaïva,0,3,3
Yanak,0,3,3
Yanakhon,3,0,3
Yanal,3,0,3
Yananai,0,3,3
Yanantin,0,3,3
Yanarah,0,3,3
Yanawarud,3,0,3
Yanayah,0,3,3
Yanayes,0,3,3
Yanaza,0,3,3
Yanchi,3,0,3
Yancko,3,0,3
Yanday,0,3,3
Yandé,0,3,3
Yandèl,3,0,3
Yandika,3,0,3
Yandin,3,0,3
Yandra,0,3,3
Yandreiri,0,3,3
Yandrelys,0,3,3
Yandushka,0,3,3
Yandy,0,3,3
Yané,3,0,3
Yanè,0,3,3
Yané-Kior,0,3,3
Yanea,0,3,3
Yaneally,0,3,3
Yaneànn,0,3,3
Yanée,0,3,3
Yaneidis,0,3,3
Yaneley,0,3,3
Yanèlle,0,3,3
Yanelly,0,3,3
Yanelsa,0,3,3
Yanely-Ann,0,3,3
Yanen,3,0,3
Yanera,0,3,3
Yaneris,0,3,3
Yanes,0,3,3
Yanesh,3,0,3
Yanéuw,3,0,3
Yaneva,0,3,3
Yanevry,3,0,3
Yañez,0,3,3
Yanfeng,3,0,3
Yang-Fay,3,0,3
Yang-Sam,3,0,3
Yang-Sheng,3,0,3
Yangdol,0,3,3
Yangdub,3,0,3
Yange,0,3,3
Yangfan,0,3,3
Yangfu,3,0,3
Yangh,0,3,3
Yangkai,3,0,3
Yangkyi,0,3,3
Yango,3,0,3
Yangsheng,3,0,3
Yangtso,0,3,3
Yangyu,0,3,3
Yangzijiang,3,0,3
Yangzong,0,3,3
Yanhui,0,3,3
Yanhvi,0,3,3
Yanî,3,0,3
Yaniada,0,3,3
Yaniah,0,3,3
Yanicca,3,0,3
Yaniche,0,3,3
Yanichel,0,3,3
Yanichelle,0,3,3
Yanicia,0,3,3
Yánick,3,0,3
Yaníck,0,3,3
Yaniecka,0,3,3
Yanienke,0,3,3
Yanier,3,0,3
Yaniero,3,0,3
Yaniess,3,0,3
Yanieve,3,0,3
Yanigua,0,3,3
Yanihl,3,0,3
Yaník,3,0,3
Yanila,0,3,3
Yanilee,0,3,3
Yanilio,3,0,3
Yanilla,0,3,3
Yanille,0,3,3
Yanilo,3,0,3
Yaninah,0,3,3
Yaninca,0,3,3
Yaniri,0,3,3
Yanish,3,0,3
Yanitra,0,3,3
Yańiv,3,0,3
Yaniva,0,3,3
Yaniz,3,0,3
Yanjakwe,3,0,3
Yanjanani,0,3,3
Yanji,0,3,3
Yankai,0,3,3
Yankan,3,0,3
Yankee,3,0,3
Yankhana,0,3,3
Yankho,0,3,3
Yankı,0,3,3
Yankid,3,0,3
Yankwaeye,0,3,3
Yankyira,3,0,3
Yann-Erik,3,0,3
Yann-Yves,3,0,3
Yanna-anne,0,3,3
Yannae,0,3,3
Yannaica,0,3,3
Yannaika,0,3,3
Yannaphat,3,0,3
Yannea,0,3,3
Yanneah,0,3,3
Yannek,3,0,3
Yannely,0,3,3
Yannemieke,0,3,3
Yannemique,0,3,3
Yanneng,3,0,3
Yannerique,3,0,3
Yannesh,3,0,3
Yannic-Leon,3,0,3
Yannica,0,3,3
Yannich,3,0,3
Yànnick,3,0,3
Yannick-Alain,3,0,3
Yannick-Brian,3,0,3
Yannick-Daniël,3,0,3
Yannick-Malou,0,3,3
Yannick-Nicolai,3,0,3
Yannicken,0,3,3
Yannicklee,3,0,3
Yannicko,3,0,3
Yannicky,0,3,3
Yannicy,3,0,3
Yannide,3,0,3
Yanniec,3,0,3
Yanniecke,0,3,3
Yannieka,0,3,3
Yannig,3,0,3
Yanniko,3,0,3
Yannincka,0,3,3
Yanninio,3,0,3
Yannink,3,0,3
Yanniqc,3,0,3
Yannís,3,0,3
Yannizz,0,3,3
Yannoah,3,0,3
Yannouck,0,3,3
Yannoula,0,3,3
Yannoŭla,0,3,3
Yannu,0,3,3
Yannus,3,0,3
Yannyk,3,0,3
Yanoà,3,0,3
Yànoa,0,3,3
Yanoah-Idris,3,0,3
Yanoah-Joshua,3,0,3
Yanoby,0,3,3
Yanoël,3,0,3
Yanoff,3,0,3
Yanoh,3,0,3
Yanola,0,3,3
Yanomani,0,3,3
Yanomy,0,3,3
Yanook,0,3,3
Yanorah,0,3,3
Yanosa,3,0,3
Yanosh,3,0,3
Yanosja,0,3,3
Yanotte,0,3,3
Yanoü,0,3,3
Yanoucha,0,3,3
Yanouchka,0,3,3
Yanouh,3,0,3
Yanoula,0,3,3
Yanouque,0,3,3
Yanour,3,0,3
Yanousya,0,3,3
Yànovah,0,3,3
Yanqi,3,0,3
Yanqiao,3,0,3
Yanquel,3,0,3
Yanrui,3,0,3
Yansee,3,0,3
Yansei,3,0,3
Yanshiu,0,3,3
Yant,3,0,3
Yantel,0,3,3
Yantell,3,0,3
Yanten,3,0,3
Yanthon,3,0,3
Yanthy,0,3,3
Yantim,3,0,3
Yantina,0,3,3
Yantis,3,0,3
Yantje,3,0,3
Yantley,3,0,3
Yanton,3,0,3
Yantoni,3,0,3
Yantra,3,0,3
Yanú,3,0,3
Yanuana,3,0,3
Yanuarrizki,3,0,3
Yanuck,3,0,3
Yanüel,3,0,3
Yanui,3,0,3
Yanula,0,3,3
Yanur,0,3,3
Yanuska,0,3,3
Yanwen,0,3,3
Yany,3,0,3
YanYan,0,3,3
Yanyan,0,3,3
Yanye,0,3,3
Yanyee,0,3,3
Yanz,3,0,3
Yanzhe,0,3,3
Yanzhi,0,3,3
Yao-De,3,0,3
Yao-hua,3,0,3
Yao-Yang,3,0,3
Yaobi,0,3,3
Yaoke,3,0,3
Yaolangyi,3,0,3
Yaoli,0,3,3
Yaoni,0,3,3
Yaosca,0,3,3
Yaoyang,3,0,3
Yaozheng,3,0,3
Yapadah,0,3,3
Yapeng,3,0,3
Yaphae,3,0,3
Yaphia,0,3,3
Yaqeeq,3,0,3
Yaqi,0,3,3
Yaqing,0,3,3
Yaqinto,3,0,3
Yaqo,3,0,3
Yaquan,3,0,3
Yaqûba,3,0,3
Yaquelle,0,3,3
Yaqueri,0,3,3
Yaqui,0,3,3
Yaquir,3,0,3
Yaquita,0,3,3
Yâra,0,3,3
Yara-Definity,0,3,3
Yara-Faye,0,3,3
Yara-Jénoa,0,3,3
Yara-Kobayashi,0,3,3
Yara-Layaan,0,3,3
Yara-Luna,0,3,3
Yára-ly,0,3,3
Yara-May,0,3,3
Yara-Misty,0,3,3
Yara-Nina,0,3,3
Yara-Noëlle,0,3,3
Yaracely,0,3,3
Yaráh,0,3,3
Yarah-Aelin,0,3,3
Yarah-Madelief,0,3,3
Yaraisha,0,3,3
Yaralissa,0,3,3
Yarâm,3,0,3
Yaramaya,3,0,3
Yaranesia,0,3,3
Yarano,3,0,3
Yaratha,0,3,3
Yarawi,3,0,3
Yarbrough,3,0,3
Yarcan,0,3,3
Yarckslie,3,0,3
Yardane,3,0,3
Yarde,3,0,3
Yardeé,0,3,3
Yardeen,0,3,3
Yardehna,0,3,3
Yardelys,0,3,3
Yardèna,0,3,3
Yardène,0,3,3
Yardeni,0,3,3
Yardenna,0,3,3
Yardey,0,3,3
Yardia,0,3,3
Yardina,0,3,3
Yardinio,3,0,3
Yardino,3,0,3
Yardion,3,0,3
Yardomar,3,0,3
Yaré,3,0,3
Yareau,3,0,3
Yareck,3,0,3
Yaréd,3,0,3
Yarée,3,0,3
Yaréli,0,3,3
Yarelio,3,0,3
Yarelis,0,3,3
Yárell,3,0,3
Yarèll,3,0,3
Yarello,3,0,3
Yaremah,3,0,3
Yaren-Ceysu,0,3,3
Yaren-Irem,0,3,3
Yarenchino,3,0,3
Yarengül,0,3,3
Yareni,0,3,3
Yareno,3,0,3
Yaresu,0,3,3
Yareta,0,3,3
Yaretzin,0,3,3
Yareya,0,3,3
Yareyna,0,3,3
Yareysha,0,3,3
Yarez,3,0,3
Yarga,0,3,3
Yarginio,3,0,3
Yargo,3,0,3
Yarho,3,0,3
Yarhon,3,0,3
Yarí-Aly,3,0,3
Yari-Roan,3,0,3
Yarian,3,0,3
Yariana,0,3,3
Yarib,3,0,3
Yaric,3,0,3
Yariche,0,3,3
Yaricko,3,0,3
Yarieely,0,3,3
Yariek,3,0,3
Yariél,3,0,3
Yariela,0,3,3
Yarielis,0,3,3
Yariëntely,0,3,3
Yarijska,0,3,3
Yarikh,3,0,3
Yaril,0,3,3
Yarilio,3,0,3
Yarill,3,0,3
Yarim,3,0,3
Yarimo,3,0,3
Yarinaira,0,3,3
Yarincke,0,3,3
Yarineylla,0,3,3
Yarinne,0,3,3
Yarint,0,3,3
Yarinth,0,3,3
Yarintha,0,3,3
Yarinthe,0,3,3
Yarique,3,0,3
Yarisa,0,3,3
Yarisali,0,3,3
Yarisha,0,3,3
Yarisleidy,0,3,3
Yarissah,0,3,3
Yarisse,0,3,3
Yaritza,0,3,3
Yarize,0,3,3
Yarleen,0,3,3
Yarleni,0,3,3
Yarlette,0,3,3
Yarley,0,3,3
Yarli,0,3,3
Yarlin,0,3,3
Yarling,0,3,3
Yarlise,0,3,3
Yarlison,3,0,3
Yarloo,3,0,3
Yarmaine,3,0,3
Yarmani,3,0,3
Yarmein,3,0,3
Yarmen,3,0,3
Yarmilha,0,3,3
Yarmin,3,0,3
Yarmine,0,3,3
Yarmo-Yourian,3,0,3
Yarmond,0,3,3
Yarnaica,0,3,3
Yarnée,0,3,3
Yarnik,3,0,3
Yarnill,3,0,3
Yàrno,3,0,3
Yarnoh,3,0,3
Yarnold,3,0,3
Yarnoy,3,0,3
Yaroah,3,0,3
Yaroaz,3,0,3
Yaromar,3,0,3
Yarome,3,0,3
Yaromeyo,3,0,3
Yaromy,0,3,3
Yaroni,0,3,3
Yaronne,0,3,3
Yaronomi,3,0,3
Yarosa,0,3,3
Yaroslaw,3,0,3
Yaroushka,0,3,3
Yarow,3,0,3
Yarray,3,0,3
Yarre,3,0,3
Yarrèl,3,0,3
Yarret,3,0,3
Yarrett,3,0,3
Yarri,3,0,3
Yarrid,3,0,3
Yarrith,3,0,3
Yarriz,3,0,3
Yarrol,3,0,3
Yarrona,0,3,3
Yarrud,3,0,3
Yarruud,3,0,3
Yarsa,3,0,3
Yarsan,3,0,3
Yarsheli,0,3,3
Yarsin,3,0,3
Yarsten,3,0,3
Yarte,3,0,3
Yarti,0,3,3
Yartisha,0,3,3
Yarton,3,0,3
Yartyno,3,0,3
Yaru,3,0,3
Yaruba,3,0,3
Yarul,3,0,3
Yarule,3,0,3
Yarum,0,3,3
Yarun,3,0,3
Yarusha,0,3,3
Yarut,3,0,3
Yärvi,3,0,3
Yaryi,3,0,3
Yaryna,0,3,3
Yarzinho,3,0,3
Yarziniyo,3,0,3
Yas,3,0,3
Yas-lin,0,3,3
Yas-Linn,0,3,3
Yas-lynn,0,3,3
Yas-Lynn,0,3,3
Yasafa,3,0,3
Yasai,3,0,3
Yasalde,3,0,3
Yasalino,3,0,3
Yasamien,0,3,3
Yasamina,0,3,3
Yasan,3,0,3
Yasander,3,0,3
Yasanne,0,3,3
Yasantewa,0,3,3
Yasanthi,0,3,3
Yasar-Semih,3,0,3
Yasara,0,3,3
Yaşarali,3,0,3
Yasaray,3,0,3
Yasarcan,3,0,3
Yaşarcan,3,0,3
Yasarhan,3,0,3
Yaşariye,0,3,3
Yasas,3,0,3
Yaşasın,0,3,3
Yaşat,3,0,3
Yasca,0,3,3
Yaschica,0,3,3
Yaschika,0,3,3
Yaschimabeth,0,3,3
Yaschko,3,0,3
Yasco,3,0,3
Yaséa,0,3,3
Yaseendjan,3,0,3
Yaseerah,0,3,3
Yasef,3,0,3
Yasein,3,0,3
Yasem,3,0,3
Yasemien,0,3,3
Yāsemin,0,3,3
Yâsemin,0,3,3
Yasemin-Işıl,0,3,3
Yasemin-Yarah,0,3,3
Yaseminah,0,3,3
Yaşemine,0,3,3
Yasemn,0,3,3
Yasenay,0,3,3
Yasenem,0,3,3
Yasenova,0,3,3
Yaşer,3,0,3
Yâser,3,0,3
Yasev,3,0,3
Yaseyn,3,0,3
Yasfier,0,3,3
Yash-anand,3,0,3
Yash-Aryan,3,0,3
Yash-Ram,3,0,3
Yash-Ray,3,0,3
Yash-Roy,3,0,3
Yasha-Yani,3,0,3
Yashaan,3,0,3
Yasham,0,3,3
Yashano,3,0,3
Yashapah,0,3,3
Yásháshwiekumaar,3,0,3
Yashasvi,0,3,3
Yashasvini,0,3,3
Yashaswini,0,3,3
Yashawini,0,3,3
Yashech,3,0,3
Yasheer,3,0,3
Yashel,3,0,3
Yäsheley,3,0,3
Yashemine,0,3,3
Yasheshwari,0,3,3
Yashil,3,0,3
Yäshimäbet,0,3,3
Yashinta,0,3,3
Yashirah,0,3,3
Yashkaran,3,0,3
Yashlyn,3,0,3
Yashlynn,0,3,3
Yashmanika,0,3,3
Yashmaya,0,3,3
Yashmeë,0,3,3
Yashmeen,0,3,3
Yashmien,0,3,3
Yashmila,0,3,3
Yashmita,0,3,3
Yashni,3,0,3
Yashnie,0,3,3
Yashoda-Devi,0,3,3
Yashodadivi,0,3,3
Yashodanandana,3,0,3
Yashodhan,3,0,3
Yashodhana,0,3,3
Yashodra,0,3,3
Yashomati,0,3,3
Yashomia,0,3,3
Yashovir,3,0,3
Yashpersad,3,0,3
Yashprakash,3,0,3
Yashraadj,3,0,3
Yashrai,3,0,3
Yashreen,0,3,3
Yashsingh,3,0,3
Yashti,0,3,3
Yashu,0,3,3
Yashur,0,3,3
Yashvan,3,0,3
Yashvardan,3,0,3
Yashvini,0,3,3
Yashvirkoemar,3,0,3
Yashvirsing,3,0,3
Yashvirsingh,3,0,3
Yashvita,0,3,3
Yashvyn,3,0,3
Yashwani,0,3,3
Yashwanni,3,0,3
Yashwantsingh,3,0,3
Yashwardan,3,0,3
Yashwardhan,3,0,3
Yashwi,0,3,3
Yashwien,3,0,3
Yashwier,3,0,3
Yashwind,3,0,3
Yashwinderpersad,3,0,3
Yashwir,3,0,3
Yashwyra,0,3,3
Yashyra,0,3,3
Yasie,0,3,3
Yasiël,3,0,3
Yasiel,0,3,3
Yasilïo,3,0,3
Yasime,0,3,3
Yasimin,0,3,3
Yasimina,0,3,3
Yasimy,3,0,3
Yasîn,3,0,3
Yasın,3,0,3
Yāsin,3,0,3
Yasin-Batuhan,3,0,3
Yasiña,0,3,3
Yasincelil,3,0,3
Yasinda,0,3,3
Yasing,3,0,3
Yasinömer,3,0,3
Yasintaha,3,0,3
Yasintha,0,3,3
Yàsir,3,0,3
Yasjka,3,0,3
Yasjorda,0,3,3
Yáskara,0,3,3
Yasleen,0,3,3
Yasleena,0,3,3
Yasley,0,3,3
Yaslie,0,3,3
Yasmaily,0,3,3
Yasmain,0,3,3
Yasman,0,3,3
Yasmanée,0,3,3
Yasmar,0,3,3
Yasmé,0,3,3
Yasmeena,0,3,3
Yasmei,0,3,3
Yasmhina,0,3,3
Yasmidcor,0,3,3
Yasmien-Nisa,0,3,3
Yasmienn,0,3,3
Yasmienne,0,3,3
Yasmijn-Elisabeth,0,3,3
Yasmile,0,3,3
Yasmilia,0,3,3
Yaşmin,0,3,3
Yásmin,0,3,3
Yasmin-Claire,0,3,3
Yasmin-Jade,0,3,3
Yasminaa,0,3,3
Yasminder,0,3,3
Yasmindre,0,3,3
Yasminh,0,3,3
Yasminka,0,3,3
Yasminna,0,3,3
Yasminthe,0,3,3
Yasminy,0,3,3
Yasmith,0,3,3
Yasmmin,0,3,3
Yasmyn,0,3,3
Yasmynne,0,3,3
Yasnah,3,0,3
Yasnna,0,3,3
Yaśoda,0,3,3
Yasodananda,0,3,3
Yasoddra,0,3,3
Yasoma,0,3,3
Yasomati,0,3,3
Yasong,0,3,3
Yasotha,0,3,3
Yasraey,0,3,3
Yasrin,0,3,3
Yasriya,0,3,3
Yass-Lyn,0,3,3
Yassae,3,0,3
Yassah,0,3,3
Yassamin,0,3,3
Yassamina,0,3,3
Yassamine,0,3,3
Yassamy,0,3,3
Yassan,3,0,3
Yassaya,0,3,3
Yasse,3,0,3
Yasseer,3,0,3
Yassel,3,0,3
Yassell,3,0,3
Yassenia,0,3,3
Yassenova,0,3,3
Yassér,3,0,3
Yassere,3,0,3
Yasset,3,0,3
Yassica,0,3,3
Yassiera,0,3,3
Yassila,0,3,3
Yassima,0,3,3
Yassime,3,0,3
Yassimine,0,3,3
Yassin-Amer,3,0,3
Yassini,3,0,3
Yassinn,3,0,3
Yassiny,3,0,3
Yăssir,3,0,3
Yassire,3,0,3
Yassirkhan,3,0,3
Yassiro,3,0,3
Yasslynn,0,3,3
Yassmir,3,0,3
Yassna,0,3,3
Yassr,3,0,3
Yasta,3,0,3
Yasteney,0,3,3
Yastika,0,3,3
Yasu,0,3,3
Yasue,0,3,3
Yasuh,3,0,3
Yasumi,0,3,3
Yasunary,0,3,3
Yasune,0,3,3
Yasushi,3,0,3
Yasvanth,3,0,3
Yasvi,0,3,3
Yasvier,3,0,3
Yasvir,3,0,3
Yaswa,0,3,3
Yaswant,3,0,3
Yaswantsingh,3,0,3
Yaswen,3,0,3
Yaszen,3,0,3
Yat-Chun,3,0,3
Yat-Fae,3,0,3
Yat-Hin,3,0,3
Yat-Long,3,0,3
Yat-Yun,3,0,3
Yataah,3,0,3
Yatana,3,0,3
Yatanpersad,3,0,3
Yatasi,3,0,3
Yatchna,0,3,3
Yatè,3,0,3
Yateen,3,0,3
Yateesh,3,0,3
Yateesha,0,3,3
Yatenga,3,0,3
Yatfung,3,0,3
Yathaarth,3,0,3
Yathan,3,0,3
Yathesan,3,0,3
Yathniël,3,0,3
Yathreb,3,0,3
Yathzier,3,0,3
Yatie,0,3,3
Yatika,0,3,3
Yatimi,0,3,3
Yatimpou,0,3,3
Yatinah,0,3,3
Yatira,0,3,3
Yatis,0,3,3
Yatkau,3,0,3
Yatlong,3,0,3
Yatman,3,0,3
Yatming,3,0,3
Yatna,3,0,3
Yatnael,3,0,3
Yatrëba,0,3,3
Yatsam,0,3,3
Yatsen,3,0,3
Yatta,0,3,3
Yatun,0,3,3
Yatziri,0,3,3
Yau-Hin,3,0,3
Yau-Shing,3,0,3
Yau-Sing,3,0,3
Yau-Wai,3,0,3
Yauhang,3,0,3
Yauk,3,0,3
Yauke,3,0,3
Yaukje,0,3,3
Yaunas,3,0,3
Yauri,3,0,3
Yauro,3,0,3
Yaus,3,0,3
Yauvanni,3,0,3
Yavahni,3,0,3
Yavahnne,0,3,3
Yavaiira,0,3,3
Yavairo,3,0,3
Yavàn,3,0,3
Yavanka,0,3,3
Yävanna,0,3,3
Yavarel,3,0,3
Yavari,3,0,3
Yavaunghie,0,3,3
Yavel,3,0,3
Yâver,3,0,3
Yavez,3,0,3
Yavid,3,0,3
Yavien,0,3,3
Yaviënia,0,3,3
Yaviera,0,3,3
Yavinci,3,0,3
Yavinio,3,0,3
Yavira,0,3,3
Yaviro,3,0,3
Yavis,3,0,3
Yavne,0,3,3
Yavon,3,0,3
Yavornick,3,0,3
Yavru,0,3,3
Yavus,3,0,3
Yavuz-Selim,3,0,3
Yavuzselim,3,0,3
Yawaal,3,0,3
Yawannah,0,3,3
Yawanny,3,0,3
Yawavi,0,3,3
Yawende,3,0,3
Yawer,3,0,3
Yawheno,3,0,3
Yawkaw,3,0,3
Yawn,0,3,3
Yawo,3,0,3
Yawsef,3,0,3
Yaxchilan,3,0,3
Yaxi,0,3,3
Yaxing,0,3,3
Yaxira,0,3,3
Yaxiro,3,0,3
Yaxley,3,0,3
Yaxxley,3,0,3
Yaxy,0,3,3
Yaxya,3,0,3
Yaxye,3,0,3
Yayah,3,0,3
Yayan,0,3,3
Yayant,3,0,3
Yayanth,3,0,3
Yayara,0,3,3
Yayard,3,0,3
Yayat,3,0,3
Yaychandra,3,0,3
Yaydee,3,0,3
Yaydy,3,0,3
Yaydylon,3,0,3
Yayhya,3,0,3
Yayiel,0,3,3
Yaylino,3,0,3
Yaylla,0,3,3
Yaylynn,0,3,3
Yaymy,3,0,3
Yaynee,0,3,3
Yayouk,0,3,3
Yayrah,3,0,3
Yayrame,0,3,3
Yayson,3,0,3
Yayul,3,0,3
Yayun,0,3,3
Yayza,0,3,3
Yayzin,3,0,3
Yaz-elle,0,3,3
Yaza'Leeyah,0,3,3
Yazaiah,0,3,3
Yazali,3,0,3
Yazaniah,3,0,3
Yazara,0,3,3
Yazarina,0,3,3
Yazay,0,3,3
Yaze,3,0,3
Yazea,0,3,3
Yazeed,3,0,3
Yazeer,3,0,3
Yazeera,0,3,3
Yazemin,0,3,3
Yazerah,0,3,3
Yazéya,3,0,3
Yazgan,3,0,3
Yazgı,0,3,3
Yazgınur,0,3,3
Yazgulu,0,3,3
Yazğülü,0,3,3
Yazhu,0,3,3
Yazi,0,3,3
Yazid-Nour,3,0,3
Yazie,0,3,3
Yaziella,0,3,3
Yazier,3,0,3
Yazin,0,3,3
Yazintha,0,3,3
Yazir,3,0,3
Yaziz,3,0,3
Yazlinn,0,3,3
Yazlyn,0,3,3
Yazmain,0,3,3
Yazmani,3,0,3
Yazmé,0,3,3
Yazmea,0,3,3
Yazmihnah,0,3,3
Yazmín,0,3,3
Yazmin-Joy,0,3,3
Yazminah,0,3,3
Yazminda,0,3,3
Yazminn,0,3,3
Yazmira-Eflin,0,3,3
Yazoo,0,3,3
Yazuro,3,0,3
Yazz're,0,3,3
Yazz-Ley,0,3,3
Yazzelee,0,3,3
Yazzer,3,0,3
Yazzmen,0,3,3
Yba,0,3,3
Ybeau,0,3,3
Ybele-Jens,3,0,3
Ybeliena,0,3,3
Ybelinus,3,0,3
Yber,3,0,3
Ybèr,3,0,3
Yberê,3,0,3
Ybernice,0,3,3
Yberte,0,3,3
Ybertha,0,3,3
Ybi,3,0,3
Ybie,0,3,3
Ybina,0,3,3
Ybke,0,3,3
Yble,3,0,3
Yboia,0,3,3
Yboica,0,3,3
Ybrahim,3,0,3
Ybrich,0,3,3
Ybtissam,0,3,3
Yca,0,3,3
Ycanus,3,0,3
Ycaro,3,0,3
Yccia-Anne,0,3,3
Ycelyn,0,3,3
Ycetoe,0,3,3
Ychairo,3,0,3
Ychano,3,0,3
Yciré,3,0,3
Ycor,3,0,3
Ycré,0,3,3
Ycynia,0,3,3
Yda-Lynn,0,3,3
Ydalid,0,3,3
Ydaline,0,3,3
Ydara,0,3,3
Ydde,0,3,3
Ydel,0,3,3
Ydelice,0,3,3
Ydelina,0,3,3
Ydelisé,0,3,3
Ydelsy,0,3,3
Ydem,3,0,3
Yden,0,3,3
Yderik,3,0,3
Ydes,3,0,3
Ydetta,0,3,3
Ydie,0,3,3
Ydieke,0,3,3
Ydil,0,3,3
Ydille,0,3,3
Ydit,0,3,3
Ydite,0,3,3
Ydjelsaa,0,3,3
Ydke,0,3,3
Ydnas,3,0,3
Ydonier,3,0,3
Ydra,0,3,3
Ydriël,3,0,3
Ydrys,0,3,3
Ydsen,3,0,3
Ydtsje,0,3,3
Yduna,0,3,3
Ydus,3,0,3
Ydwar,3,0,3
Ydwien,0,3,3
Ydzardt,3,0,3
Ydzart,3,0,3
Ye',3,0,3
Ye'Leah,0,3,3
Ye'Nissi,0,3,3
Ye'noah,3,0,3
Ye-Hing,3,0,3
Yé-maya,0,3,3
Yea-Leashainy,0,3,3
Yeä-Lishainy,0,3,3
Yeabes,3,0,3
Yeabou,0,3,3
Yeabsera,3,0,3
Yeabu,0,3,3
Yeadell,3,0,3
Yeadom,3,0,3
Yeal,0,3,3
Yeäla,0,3,3
Yealeyza,0,3,3
Yealicia,0,3,3
Yealie,0,3,3
Yealina,0,3,3
Yeamani,0,3,3
Yeamiliano,3,0,3
Yeamyra,0,3,3
Yean-Lian,0,3,3
Yéana,0,3,3
Yeana,0,3,3
Yeanalisa,0,3,3
Yeanayah,0,3,3
Yeancey,3,0,3
Yeandra,0,3,3
Yeane,0,3,3
Yeanelly,0,3,3
Yeanicia,0,3,3
Yeaniriane,0,3,3
Yeaniz,0,3,3
Yeanmelina,0,3,3
Yeanna-Novin,0,3,3
Yeannetonia,0,3,3
Yeantley,3,0,3
Yeanue,3,0,3
Year,0,3,3
Yeara,0,3,3
Yeardley,3,0,3
Yearine,0,3,3
Yearle,3,0,3
Yearline,3,0,3
Yearney,0,3,3
Yeasimin,0,3,3
Yeasmin,0,3,3
Yeassi,0,3,3
Yeassine,3,0,3
Yeattem,0,3,3
Yeau,0,3,3
Yeaumain,3,0,3
Yeavaina,0,3,3
Yeavenson,3,0,3
Yeawa,3,0,3
Yebin,0,3,3
Yebio,3,0,3
Yeboah-Afari,3,0,3
Yebowaa,0,3,3
Yebowaah,0,3,3
Yebrian,3,0,3
Yebuah,3,0,3
Yecatherina,0,3,3
Yeccina,0,3,3
Yeceline,0,3,3
Yecenia,0,3,3
Yecha,0,3,3
Yechëntry,3,0,3
Yechi,3,0,3
Yechiel,3,0,3
Yechieliyah,0,3,3
Yechny,3,0,3
Yechou,3,0,3
Yecina,0,3,3
Yedai,0,3,3
Yedayah,0,3,3
Yedha,3,0,3
Yediah,0,3,3
Yedidah,3,0,3
Yediënne,0,3,3
Yedijon,3,0,3
Yedin,3,0,3
Yediór,3,0,3
Yedira,0,3,3
Yedney,3,0,3
Yedrick,3,0,3
Yedrikson,3,0,3
Yedrin,3,0,3
Yedrseleh,3,0,3
Yedvard,3,0,3
Yee-Heng,0,3,3
Yee-Jing,3,0,3
Yee-Kee,0,3,3
Yee-Lam,0,3,3
Yee-Lan,0,3,3
Yee-Lee,0,3,3
Yee-Li,0,3,3
Yee-May,0,3,3
Yee-Nga,0,3,3
Yee-Sin,0,3,3
Yee-Thien,0,3,3
Yee-Wah,0,3,3
Yee-Yuk,0,3,3
Yeeg,0,3,3
Yeël,0,3,3
Yeelan,0,3,3
Yeeli,3,0,3
Yeelin,0,3,3
Yeëlla,0,3,3
Yeesha,0,3,3
Yeetenra,3,0,3
Yeeuw,0,3,3
Yeevan,3,0,3
Yefano,3,0,3
Yeff,3,0,3
Yeffrie,3,0,3
Yefgenie,3,0,3
Yefgeny,3,0,3
Yefgilliënne,0,3,3
Yefte,0,3,3
Yegan,3,0,3
Yeghney,3,0,3
Yeğin,3,0,3
Yeh-May,0,3,3
Yehailey,0,3,3
Yehan,0,3,3
Yehao,3,0,3
Yehdu,3,0,3
Yeheäl,3,0,3
Yehezkel,3,0,3
Yehiel,3,0,3
Yehil,3,0,3
Yehlani,0,3,3
Yehlany,3,0,3
Yehlian,3,0,3
Yehmana,0,3,3
Yehmina,0,3,3
Yehmune,3,0,3
Yéhna,0,3,3
Yehnna,0,3,3
Yehoram,3,0,3
Yehosef,3,0,3
Yehoshu'a,3,0,3
Yehudis,0,3,3
Yehudit,0,3,3
Yehven,3,0,3
Yei,0,3,3
Yeiaëngely,0,3,3
Yeicel,3,0,3
Yeiciluis,3,0,3
Yeidi,3,0,3
Yeika,0,3,3
Yeila,0,3,3
Yeilan,3,0,3
Yeileen,0,3,3
Yeimi,0,3,3
Yeirgiv,3,0,3
Yeiza,0,3,3
Yekcan,3,0,3
Yekdil,3,0,3
Yekira,0,3,3
Yeknur,0,3,3
Yektá,3,0,3
Yekten,0,3,3
Yel,0,3,3
Yela-Jayce,0,3,3
Yelah,0,3,3
Yelahny,0,3,3
Yelaiah,0,3,3
Yelaino,3,0,3
Yelaisa-Sophie,0,3,3
Yelaiza,0,3,3
Yelanio,3,0,3
Yelanol,3,0,3
Yelany,3,0,3
Yelaya,0,3,3
Yelba,0,3,3
Yelbo,3,0,3
Yelcka,0,3,3
Yeldâ,0,3,3
Yeldan,3,0,3
Yeldem,0,3,3
Yeldo,3,0,3
Yelé,0,3,3
Yeléah,0,3,3
Yeleasa,0,3,3
Yeleck,3,0,3
Yeled,3,0,3
Yeleen,0,3,3
Yelei,0,3,3
Yèlena,0,3,3
Yeléna,0,3,3
Yelèna,0,3,3
Yelenah,0,3,3
Yelencio,3,0,3
Yeléne,0,3,3
Yeleni,0,3,3
Yelenna,0,3,3
Yeley,3,0,3
Yeleyna,0,3,3
Yelgerro,3,0,3
Yélia,0,3,3
Yelian,3,0,3
Yéliana,0,3,3
Yelice,0,3,3
Yeliël,3,0,3
Yeliel,3,0,3
Yelien,0,3,3
Yeliena,0,3,3
Yelies,0,3,3
Yelieza,0,3,3
Yélikha,0,3,3
Yelikhae,0,3,3
Yelimairis,0,3,3
Yelimar,3,0,3
Yélina,0,3,3
Yelinah,0,3,3
Yéline,0,3,3
Yeling,0,3,3
Yelinna,0,3,3
Yelira,0,3,3
Yelisabeth,0,3,3
Yelise,0,3,3
Yélise,0,3,3
Yeliseah,0,3,3
Yélisha,0,3,3
Yelit,0,3,3
Yelita,0,3,3
Yelîz,0,3,3
Yelíz,0,3,3
Yelizah,0,3,3
Yelizavetta,0,3,3
Yelizevay,0,3,3
Yeliznur,0,3,3
Yelkan,3,0,3
Yelko,3,0,3
Yellaine,0,3,3
Yellaya,0,3,3
Yelleke,0,3,3
Yellen,3,0,3
Yelles,3,0,3
Yellie,0,3,3
Yellis,3,0,3
Yelliz,0,3,3
Yello,3,0,3
Yelltani,0,3,3
Yelly,0,3,3
Yelon,3,0,3
Yelrik,3,0,3
Yelsey,3,0,3
Yelske,0,3,3
Yelsmar,3,0,3
Yelte-Beau,3,0,3
Yeltheny,0,3,3
Yeltien,0,3,3
Yelyon,3,0,3
Yelysaveta,0,3,3
Yemaa,0,3,3
Yemai,3,0,3
Yemain,3,0,3
Yemaira,0,3,3
Yémaja,0,3,3
Yemalla,0,3,3
Yemani,3,0,3
Yémani,3,0,3
Yemanuel,3,0,3
Yemanuelle,3,0,3
Yémario,3,0,3
Yémaya,0,3,3
Yemayli,0,3,3
Yemayra-Jereyla,0,3,3
Yemba,3,0,3
Yemeeh,3,0,3
Yemeen,3,0,3
Yemeilis,0,3,3
Yemel,3,0,3
Yemelia,0,3,3
Yemelsa,0,3,3
Yemenkoemar,3,0,3
Yemeya,0,3,3
Yèmi,0,3,3
Yemiah,3,0,3
Yemie,3,0,3
Yemil,3,0,3
Yemile,3,0,3
Yemilla,0,3,3
Yeminah,0,3,3
Yeming,3,0,3
Yemio,3,0,3
Yemisa,0,3,3
Yemiymah,0,3,3
Yemm,3,0,3
Yemma,0,3,3
Yemmiah,0,3,3
Yemoï,0,3,3
Yemonja,0,3,3
Yemos,0,3,3
Yemuël,3,0,3
Yen-ài,0,3,3
Yen-Ay,0,3,3
Yen-Jiun,0,3,3
Yen-li,0,3,3
Yen-Lynh,0,3,3
Yen-Mari,0,3,3
Yen-Mie,0,3,3
Yen-Neng,3,0,3
Yên-nhi,0,3,3
Yen-Phuong,0,3,3
Yen-Ting,0,3,3
Yen-Wan,0,3,3
Yenae,0,3,3
Yenah,0,3,3
Yenahya,3,0,3
Yenaï,3,0,3
Yenaí,0,3,3
Yenaica,0,3,3
Yenaih,3,0,3
Yenailey,0,3,3
Yenaio,3,0,3
Yenairah,0,3,3
Yenaisis,0,3,3
Yenaison,3,0,3
Yenaisys,0,3,3
Yenaith,3,0,3
Yenas,3,0,3
Yenayo,3,0,3
Yenaz,3,0,3
Yence-Lyne,0,3,3
Yendaia,0,3,3
Yendaly,0,3,3
Yende,0,3,3
Yendih,0,3,3
Yendis,0,3,3
Yendl,3,0,3
Yendley,3,0,3
Yendoupalou,3,0,3
Yendrel,3,0,3
Yendrick,3,0,3
Yendrie,3,0,3
Yene-Moges,3,0,3
Yenea,0,3,3
Yeneba,0,3,3
Yeneci,0,3,3
Yenefer,0,3,3
Yenéha,0,3,3
Yenehun,0,3,3
Yeneley,0,3,3
Yenelizio,3,0,3
Yenell,3,0,3
Yenely,0,3,3
Yenero,3,0,3
Yénerro,3,0,3
Yenesia,0,3,3
Yenesis,0,3,3
Yeneyà,0,3,3
Yenfaraki,0,3,3
Yeng-Yi,3,0,3
Yenga,3,0,3
Yenge,3,0,3
Yengelo,3,0,3
Yenggi,3,0,3
Yeni-Lee,0,3,3
Yeniah,0,3,3
Yenice,0,3,3
Yeniçe,0,3,3
Yenicia,0,3,3
Yenicio,3,0,3
Yenick,3,0,3
Yeniel,3,0,3
Yenifa,0,3,3
Yenifer,0,3,3
Yenigül,0,3,3
Yenila,0,3,3
Yenimi,0,3,3
Yenine,0,3,3
Yénio,3,0,3
Yenio,3,0,3
Yenipio,3,0,3
Yenis,0,3,3
Yenissa,0,3,3
Yenita,0,3,3
Yenk,0,3,3
Yenly,0,3,3
Yenna-Lee,0,3,3
Yenna-lynn,0,3,3
Yennae,0,3,3
Yennaiv,0,3,3
Yennaley,0,3,3
Yenndrick,3,0,3
Yennekaufford,0,3,3
Yennelee,0,3,3
Yennessy,0,3,3
Yenni,0,3,3
Yennice,0,3,3
Yenniek,0,3,3
Yenniffer,0,3,3
Yennin,0,3,3
Yennique,0,3,3
Yennis,3,0,3
Yennisis,0,3,3
Yennita,0,3,3
Yennity,0,3,3
Yennley,0,3,3
Yennully,0,3,3
Yennutiebat,3,0,3
Yeño,3,0,3
Yenoáh,3,0,3
Yenora,0,3,3
Yenori,0,3,3
Yenou-Serill,0,3,3
Yense,3,0,3
Yensee,0,3,3
Yensel,3,0,3
Yenske,0,3,3
Yenskjen,0,3,3
Yensur,3,0,3
Yent'l,0,3,3
Yent-Philippe,3,0,3
Yental,0,3,3
Yenthé,0,3,3
Yenthe-Mare,0,3,3
Yenthe-Sophie,0,3,3
Yenthe-Sterre,0,3,3
Yenthe-Yasmijn,0,3,3
Yenthell,0,3,3
Yenthi,0,3,3
Yenthl-Amy,0,3,3
Yentiana,0,3,3
Yentill,0,3,3
Yentin,0,3,3
Yentine,0,3,3
Yentl-Fay,0,3,3
Yentl-Gwen,0,3,3
Yentl-Hope,0,3,3
Yentl-Joy,0,3,3
Yentl-Maxime,0,3,3
Yentl-Mayim,3,0,3
Yentle-Fay,0,3,3
Yentlee,0,3,3
Yentlin,0,3,3
Yently,3,0,3
Yentri,0,3,3
Yentry,0,3,3
Yentsuan,3,0,3
Yentumi,3,0,3
Yenvy,0,3,3
Yenyeng,3,0,3
Yenysha,0,3,3
Yenzi,3,0,3
Yeoley,0,3,3
Yeona,0,3,3
Yeorgo,3,0,3
Yeow,3,0,3
Yephtah,3,0,3
Yephyenno,3,0,3
Yephyenny,0,3,3
Yeqiong,0,3,3
Yequiro,3,0,3
Yer,0,3,3
Yer-Su,0,3,3
Yerachmiel,3,0,3
Yerachmiël,3,0,3
Yerah,3,0,3
Yerahmyla,0,3,3
Yeraifa,0,3,3
Yeraihley,3,0,3
Yeraini,3,0,3
Yeraldin,0,3,3
Yeraldine,0,3,3
Yeraldo,3,0,3
Yéralim,3,0,3
Yeralsleyson,3,0,3
Yeramia,3,0,3
Yeramiah,3,0,3
Yeramy,3,0,3
Yeranik,0,3,3
Yeranly,3,0,3
Yerano,3,0,3
Yerardyn,0,3,3
Yerasimos,3,0,3
Yerasmus,3,0,3
Yèray,3,0,3
Yerba,0,3,3
Yerco,3,0,3
Yerdai,3,0,3
Yerdenna,0,3,3
Yerdey,0,3,3
Yerdi,3,0,3
Yerdin,3,0,3
Yerdison,3,0,3
Yerediah,3,0,3
Yereinni,0,3,3
Yerelny,3,0,3
Yeremay,3,0,3
Yeremías,3,0,3
Yeremiyah,3,0,3
Yerenco,3,0,3
Yerenzo,3,0,3
Yéréssago,3,0,3
Yereton,3,0,3
Yeretz,0,3,3
Yerewyn,3,0,3
Yerginio,3,0,3
Yergush,3,0,3
Yerhan,0,3,3
Yeriah,3,0,3
Yericha,0,3,3
Yeridian,3,0,3
Yeriel,3,0,3
Yëriel,3,0,3
Yerin,0,3,3
Yerina,0,3,3
Yerinn,0,3,3
Yerio,3,0,3
Yerkovich,3,0,3
Yerlaima,0,3,3
Yerli,0,3,3
Yerlin,0,3,3
Yérma,0,3,3
Yerman,3,0,3
Yermin,3,0,3
Yermino,3,0,3
Yerna,0,3,3
Yernell,3,0,3
Yernely,0,3,3
Yeroa,3,0,3
Yérodin,3,0,3
Yerolphi,3,0,3
Yerom,3,0,3
Yerome,3,0,3
Yerôme,3,0,3
Yeromneshe,0,3,3
Yèron,3,0,3
Yéron,3,0,3
Yeronay,3,0,3
Yeroy,3,0,3
Yerrai,3,0,3
Yerraï,3,0,3
Yerralt,3,0,3
Yerrèl,3,0,3
Yerres,3,0,3
Yerrick,3,0,3
Yerries,3,0,3
Yerrin,3,0,3
Yerrit,3,0,3
Yerrold,3,0,3
Yerroll,3,0,3
Yerrolt,3,0,3
Yerrow,3,0,3
Yersan,3,0,3
Yersemalin,0,3,3
Yersen,3,0,3
Yersinio,3,0,3
Yersley,3,0,3
Yertan,3,0,3
Yerua,3,0,3
Yerun,3,0,3
Yerusha-Abigail,0,3,3
Yerushalayim,0,3,3
Yervand,3,0,3
Yerven,3,0,3
Yerviëntely,0,3,3
Yerwant,3,0,3
Yerwant-Can,3,0,3
Yerwiñ,3,0,3
Yerwin,3,0,3
Yeryay,3,0,3
Yerza,0,3,3
Yerzi,3,0,3
Yerzy,3,0,3
Yes-Linn,0,3,3
Yes-Lynn,0,3,3
Yesabel,3,0,3
Yesabeth,0,3,3
Yesah,0,3,3
Yesaïa,3,0,3
Yesairah,0,3,3
Yesani,3,0,3
Yeşar,3,0,3
Yesar,0,3,3
Yesawal,3,0,3
Yesbé,0,3,3
Yeschica,0,3,3
Yeséa,0,3,3
Yeseen,3,0,3
Yesefay,0,3,3
Yesefe,3,0,3
Yeseh,0,3,3
Yesel,0,3,3
Yesemen,0,3,3
Yesenha,0,3,3
Yeseniaa,0,3,3
Yeseniah,0,3,3
Yesennia,0,3,3
Yeser,0,3,3
Yeserdy,3,0,3
Yesevi,3,0,3
Yesh,3,0,3
Yeshaï,3,0,3
Yeshai'ah,3,0,3
Yeshaiah,0,3,3
Yeshano,3,0,3
Yeshara,0,3,3
Yesharel,0,3,3
Yeshayah,3,0,3
Yeshayahu,3,0,3
Yeshayra,0,3,3
Yeshé,3,0,3
Yesher,3,0,3
Yeshfien,0,3,3
Yeshica,0,3,3
Yeshimebet,0,3,3
Yeshley,3,0,3
Yeshu,3,0,3
Yeshuwah,3,0,3
Yeshvant,3,0,3
Yesibel,0,3,3
Yésica,0,3,3
Yesiene,3,0,3
Yesilva,3,0,3
Yeskel,3,0,3
Yeslendy,0,3,3
Yesliah,0,3,3
Yeslien,0,3,3
Yesline,0,3,3
Yesly,0,3,3
Yeslynne,0,3,3
Yesma,0,3,3
Yesmaine,0,3,3
Yesmé,0,3,3
Yesme,0,3,3
Yesmea,0,3,3
Yesmen,3,0,3
Yesmianthaly,0,3,3
Yesmijn,0,3,3
Yesmila,0,3,3
Yesmileth,0,3,3
Yesminca,0,3,3
Yesminne,0,3,3
Yesnaya,0,3,3
Yesnia,0,3,3
Yesno,0,3,3
Yespe,3,0,3
Yesra,0,3,3
Yesrah,0,3,3
Yesrin,0,3,3
Yesrine,0,3,3
Yess-Lauren,0,3,3
Yess-Maé,0,3,3
Yess-mae,0,3,3
Yessa-Mae,0,3,3
Yessaiah,3,0,3
Yessar,3,0,3
Yessaro,3,0,3
Yésse,3,0,3
Yesseen,3,0,3
Yesseh,3,0,3
Yesselina,0,3,3
Yesseline,0,3,3
Yessen,3,0,3
Yessencey,0,3,3
Yesseñia,0,3,3
Yessennia,0,3,3
Yesseny,0,3,3
Yesseraia,0,3,3
Yessiah,3,0,3
Yessicca,0,3,3
Yessid,3,0,3
Yessier,3,0,3
Yessika,0,3,3
Yessillio,3,0,3
Yessime,3,0,3
Yessira,0,3,3
Yessle,0,3,3
Yessleni,0,3,3
Yesslyn,0,3,3
Yesslynn,0,3,3
Yessmae,0,3,3
Yessr,3,0,3
Yessurian,3,0,3
Yesswan,3,0,3
Yesteny,3,0,3
Yestevaeh,0,3,3
Yestiny,0,3,3
Yesuh,3,0,3
Yesur,3,0,3
Yesus,3,0,3
Yesvi,0,3,3
Yeswant,3,0,3
Yeswin,3,0,3
Yesya,0,3,3
Yeszamin,0,3,3
Yeta,0,3,3
Yetenwei,3,0,3
Yeternur,0,3,3
Yetje,0,3,3
Yetke,0,3,3
Yetkel,0,3,3
Yetmoy,0,3,3
Yetro,3,0,3
Yetsir,3,0,3
Yettel,0,3,3
Yetti,0,3,3
Yettou,0,3,3
Yetty,0,3,3
Yetvart,3,0,3
Yetzo,3,0,3
Yeu-Ji,0,3,3
Yeu-Man,3,0,3
Yeu-Wo,3,0,3
Yeug,3,0,3
Yeug-Fe,3,0,3
Yeun-Ting,0,3,3
Yeung-Hon,3,0,3
Yeuri,3,0,3
Yeurnaldanio,3,0,3
Yeurys,3,0,3
Yeussef,3,0,3
Yeux,3,0,3
Yevaïno,3,0,3
Yevainy,0,3,3
Yevairah,0,3,3
Yevana,0,3,3
Yevangelo,3,0,3
Yevani,0,3,3
Yévanni,3,0,3
Yevdokía,0,3,3
Yeveneti,0,3,3
Yeveni,0,3,3
yeveonne,3,0,3
Yevgenia,0,3,3
Yevgénij,3,0,3
Yevgeniya,0,3,3
Yevgenya,0,3,3
Yevgenyi,3,0,3
Yevgheni,3,0,3
Yèvhen,3,0,3
Yevhen,3,0,3
Yevida,0,3,3
Yevigney,0,3,3
Yevina,0,3,3
Yevkeni,3,0,3
Yevnigi,0,3,3
Yevon,3,0,3
Yewan,3,0,3
Yewél,0,3,3
Yewel,0,3,3
Yewen,3,0,3
Yewondwossen,3,0,3
Yewong,0,3,3
Yexin,0,3,3
Yexx,3,0,3
Yexzil,3,0,3
Yeyah,0,3,3
Yeyahno,3,0,3
Yéyaira,0,3,3
Yeyan,0,3,3
Yeyeh,0,3,3
Yeyet,0,3,3
Yeyew,3,0,3
Yeyka,3,0,3
Yeyona,0,3,3
Yez,0,3,3
Yeza,0,3,3
Yezabella,0,3,3
Yezade,0,3,3
Yezaïo,3,0,3
Yezan,3,0,3
Yezcey,0,3,3
Yezdanur,0,3,3
Yezebel,0,3,3
Yezenderly,0,3,3
Yezi,0,3,3
Yezia,0,3,3
Yezid,3,0,3
Yezin,3,0,3
Yezlinn,0,3,3
Yezmend,3,0,3
Yezmina,0,3,3
Yezmine,0,3,3
Yezzelin,0,3,3
Yfana,0,3,3
Yfano,3,0,3
Yfar,3,0,3
Yfat,0,3,3
Yfendo,3,0,3
Yfenn,0,3,3
Yffah,0,3,3
Yffi,0,3,3
Yfienke,0,3,3
Yfka,0,3,3
Yfke-Lott,0,3,3
Yfkje,0,3,3
Yfne,0,3,3
Yfong,0,3,3
Yfonne,0,3,3
Yframmaratie,0,3,3
Yfranha,0,3,3
Yfranka,0,3,3
Yftach,3,0,3
Yftinus,3,0,3
Yga,0,3,3
Ygal,3,0,3
Ygalina,0,3,3
Ygan,3,0,3
Yge-Jan,3,0,3
Ygeorie,3,0,3
Ygerne,0,3,3
Ygge,0,3,3
Ygis,3,0,3
Ygone,0,3,3
Ygonée,3,0,3
Ygormia,0,3,3
Ygrain,0,3,3
Ygrithe,0,3,3
Ygritte,0,3,3
Yguerna,0,3,3
Yhachine,3,0,3
Yhaeda,0,3,3
Yhaïra,0,3,3
Yhalmar,3,0,3
Yhamal,3,0,3
Yhamil,3,0,3
Yhamila,0,3,3
Yhana,0,3,3
Yhanaika,0,3,3
Yhaniah,0,3,3
Yhanoux,3,0,3
Yharino,3,0,3
Yharinta,0,3,3
Yhashmihrah,0,3,3
Yhasmin,0,3,3
Yhasvyean,3,0,3
Yhazion,3,0,3
Yheizzi,0,3,3
Yhémmaïro,3,0,3
Yhené,0,3,3
Yhene,3,0,3
Yhi,0,3,3
Yhilana,0,3,3
Yhinte,0,3,3
Yhirna,0,3,3
Yhme,3,0,3
Yhovino,3,0,3
Yhrinke,0,3,3
Yhsa,0,3,3
Yhung,3,0,3
Yi-Biao,3,0,3
Yi-Cheng,3,0,3
Yi-Da,3,0,3
Yi-Dong,3,0,3
Yi-En,3,0,3
Yi-Fa,0,3,3
Yi-fei,3,0,3
Yi-Féng,3,0,3
Yi-Ha,0,3,3
Yi-Hai,3,0,3
Yi-han,3,0,3
Yi-Hol,0,3,3
Yi-Huey,0,3,3
Yi-Jia,0,3,3
Yi-jin,3,0,3
Yi-Jing,0,3,3
Yi-ke,0,3,3
Yi-kei,0,3,3
Yi-Lian,0,3,3
Yi-Lung,3,0,3
Yi-Mae,0,3,3
Yi-Mang,0,3,3
Yi-Nan,3,0,3
Yi-Nga,0,3,3
Yi-Qi,0,3,3
Yi-Qiang,3,0,3
Yi-Rang,0,3,3
Yi-Tai,0,3,3
Yi-Tan,3,0,3
Yi-Téng,3,0,3
Yi-ting,0,3,3
Yi-Tjun,0,3,3
Yi-Tsin,0,3,3
Yi-Wang,0,3,3
Yi-wen,3,0,3
Yi-xin,0,3,3
Yi-Xue,0,3,3
Yi-Yin,0,3,3
Yi-Yon,3,0,3
Yi-Yue,3,0,3
Yi-Zhong,3,0,3
Yi-Zhou,0,3,3
Yia,0,3,3
Yia-Li,0,3,3
Yiafiayel,3,0,3
Yiamée,0,3,3
Yiamoah,0,3,3
Yiani,3,0,3
Yianlin,0,3,3
Yianni,3,0,3
Yiannleigh,0,3,3
Yiantimala,0,3,3
Yiar,3,0,3
Yiaren,3,0,3
Yiarmida,0,3,3
Yiaro,3,0,3
Yiavi,3,0,3
Yib,3,0,3
Yibai,0,3,3
Yibbi,0,3,3
Yibiri,0,3,3
Yibo,3,0,3
Yibriel,3,0,3
Yicco,3,0,3
Yichan,0,3,3
Yick-Man,3,0,3
Yick-Tung,3,0,3
Yicka,0,3,3
Yickee,3,0,3
Yid,0,3,3
Yidan,3,0,3
Yidde,3,0,3
Yidely,0,3,3
Yidenna,3,0,3
Yidez,0,3,3
Yiding,3,0,3
Yidir,3,0,3
Yidiz,0,3,3
Yidji,0,3,3
Yidon,3,0,3
Yie-Ling,0,3,3
Yiebo,3,0,3
Yieh,0,3,3
Yieldriana,0,3,3
Yiem,3,0,3
Yiemjai,0,3,3
Yiep,3,0,3
Yiew-Fai,3,0,3
Yiew-Hon,3,0,3
Yifaat,0,3,3
Yifat,0,3,3
Yiftach,3,0,3
Yigid,3,0,3
Yiğidhan,3,0,3
Yigill,0,3,3
Yığıt,3,0,3
Yigit-Efe,3,0,3
Yiğit-Efe,3,0,3
Yiğitali,3,0,3
Yigitalp,3,0,3
Yiĝitalp,3,0,3
Yiǵitcan,3,0,3
Yiğiter,3,0,3
Yiĝithan,3,0,3
Yiġithan,3,0,3
Yiǵithan,3,0,3
Yiğitkan,3,0,3
Yiguanha,0,3,3
Yihaan,0,3,3
Yihad,3,0,3
Yiheng,3,0,3
Yihong,3,0,3
Yihrey,3,0,3
Yihtjong,3,0,3
Yihui,3,0,3
Yijia,0,3,3
Yijie,3,0,3
Yik-Fang,3,0,3
Yik-Fung,3,0,3
Yik-Jyi,0,3,3
Yik-Sam,3,0,3
Yik-Yan,0,3,3
Yikan,3,0,3
Yike,0,3,3
Yiki,3,0,3
Yikin,3,0,3
Yiklon,3,0,3
Yikting,3,0,3
Yiku,0,3,3
Yikun,3,0,3
Yiky,0,3,3
Yilahno,3,0,3
Yilaisha,0,3,3
Yilam,0,3,3
Yilang,3,0,3
Yilann,3,0,3
Yilca,0,3,3
Yilco,3,0,3
Yilda,3,0,3
Yildauw,0,3,3
Yilderic,0,3,3
Yildhiz,0,3,3
Yildid,0,3,3
Yildith,0,3,3
Yildiz-Kirsten,0,3,3
Yıldız-Şeniz,0,3,3
Yildri,3,0,3
Yildu,0,3,3
Yildys,0,3,3
Yile,0,3,3
Yileen,3,0,3
Yilfe,3,0,3
Yilgör,3,0,3
Yilia,0,3,3
Yilian,0,3,3
Yiliano,3,0,3
Yilisha,0,3,3
Yiliyen,3,0,3
Yilka,0,3,3
Yilkai,3,0,3
Yilke,0,3,3
Yillaisa,0,3,3
Yillana,0,3,3
Yillannah,0,3,3
Yillce,0,3,3
Yilldiz,0,3,3
Yille,3,0,3
Yilleno,0,3,3
Yillian,3,0,3
Yilliël,0,3,3
Yillison,3,0,3
Yillmaz,3,0,3
Yilmer,3,0,3
Yilong,3,0,3
Yilou,0,3,3
Yiltan,3,0,3
Yıltay,3,0,3
Yiltiray,3,0,3
Yilto,3,0,3
Yilu,0,3,3
Yima,3,0,3
Yimai,0,3,3
Yiman,0,3,3
Yimayro,3,0,3
Yimbilanuni,0,3,3
Yimchael,3,0,3
Yimé,0,3,3
Yimei,0,3,3
Yimène,0,3,3
Yimeng,0,3,3
Yimensio,3,0,3
Yimga,0,3,3
Yimgnia,0,3,3
Yimme,3,0,3
Yimmiy,3,0,3
Yimon,3,0,3
Yimothan,3,0,3
Yín,0,3,3
Yin-Chan,0,3,3
Yin-Chi,0,3,3
Yin-Choy,3,0,3
Yin-Hay,3,0,3
Yin-Hung,3,0,3
Yin-ji,0,3,3
Yin-Ji,0,3,3
Yin-jit,3,0,3
Yin-Kuen,3,0,3
Yin-Kwan,0,3,3
Yin-Lee,0,3,3
Yin-Ming,3,0,3
Yin-Pin,0,3,3
Yin-Ping,0,3,3
Yin-Pui,0,3,3
Yin-San,0,3,3
Yin-Ting,3,0,3
Yin-To,3,0,3
Yin-Wai,0,3,3
Yin-Wan,0,3,3
Yin-Wei,3,0,3
Yin-Xi,3,0,3
Yin-Yan,0,3,3
Yin-Yee,0,3,3
Yin-Yin,0,3,3
Yin-zi,0,3,3
Yinah,0,3,3
Yinaira,0,3,3
Yinanna,0,3,3
Yinbunu,0,3,3
Yince,3,0,3
Yinchel,0,3,3
Yincx,0,3,3
Yindee-Lynn,0,3,3
Yinder,3,0,3
Yindhi,0,3,3
Yindi-Dae,0,3,3
Yindi-Lynn,0,3,3
Yindie,0,3,3
Yindo,3,0,3
Yinessa,0,3,3
Yíng,0,3,3
Ying-Fa,3,0,3
Ying-Fong,0,3,3
Ying-Hao,3,0,3
Ying-Hing,3,0,3
Ying-Jie,3,0,3
Ying-Ko,3,0,3
Ying-Kwan,0,3,3
Ying-Ming,3,0,3
Ying-Qi,0,3,3
Ying-Quan,3,0,3
Yinğ-Rú,0,3,3
Ying-Tze,0,3,3
Ying-Xi,0,3,3
Ying-Yee,0,3,3
Ying-Yeung,3,0,3
Ying-Yíng,0,3,3
Ying-Yu,0,3,3
Yinghao,3,0,3
Yinghua,3,0,3
Yinghui,0,3,3
YingJia,3,0,3
Yinglang,3,0,3
Yinglung,3,0,3
Yingming,3,0,3
Yingqi,3,0,3
Yingsak,3,0,3
Yingshan,3,0,3
Yingting,0,3,3
Yingwei,0,3,3
Yingxi,0,3,3
Yingxian,0,3,3
Yingyi,3,0,3
YingYing,0,3,3
Yinhao,3,0,3
Yinhau,3,0,3
Yinika,0,3,3
Yinilio,3,0,3
Yining,3,0,3
Yink,0,3,3
Yinkje,0,3,3
Yinna,0,3,3
Yinnar,0,3,3
Yinnga,0,3,3
Yinnte,0,3,3
Yinny,0,3,3
Yinoah,0,3,3
Yinorah,0,3,3
Yinrah,0,3,3
Yinsi,0,3,3
Yinston,3,0,3
Yintalou,0,3,3
Yintel,0,3,3
Yinth,0,3,3
Yinthe-soe,0,3,3
Yinthe-Sophie,0,3,3
Yinthi,0,3,3
Yinthl,0,3,3
Yintho,3,0,3
Yinthu,3,0,3
Yinthze,0,3,3
Yinto,3,0,3
Yínwù,0,3,3
Yinxiu,0,3,3
Yio,3,0,3
Yiobayo,3,0,3
Yiola,0,3,3
Yionna,0,3,3
Yiorda,0,3,3
Yiota,0,3,3
Yiowa,3,0,3
Yip-Fong,3,0,3
Yip-Pang,3,0,3
Yip-Tak,3,0,3
Yip-Wah,3,0,3
Yipeng,3,0,3
Yipman,3,0,3
Yippie,3,0,3
Yipshing,3,0,3
Yiqiao,0,3,3
Yiqing,0,3,3
Yiraihni,0,3,3
Yiraiya,3,0,3
Yiran,3,0,3
Yirani,0,3,3
Yiraty,3,0,3
Yiraya,3,0,3
Yiren,3,0,3
Yirenkye,3,0,3
Yíri,3,0,3
Yiria,0,3,3
Yirikoro,3,0,3
Yirim,3,0,3
Yiriona,0,3,3
Yirislav,3,0,3
Yirka,0,3,3
Yirlanie,0,3,3
Yirmeyah,3,0,3
Yirmeyahu,3,0,3
Yirmi,3,0,3
Yirmia,3,0,3
Yirmiyahu,3,0,3
Yiró,3,0,3
Yiroh,3,0,3
Yiron,3,0,3
Yirphaëlla,0,3,3
Yirra,0,3,3
Yirre,3,0,3
Yirsan,3,0,3
Yirsani,0,3,3
Yirson,3,0,3
Yirui,3,0,3
Yiruma,3,0,3
Yirza,0,3,3
Yis,3,0,3
Yisai,3,0,3
Yisaira,0,3,3
Yisairis,0,3,3
Yischai,3,0,3
Yiscka,0,3,3
Yisehak,3,0,3
Yisel,0,3,3
Yisenia,0,3,3
Yisha,0,3,3
Yishaï,3,0,3
Yishan,0,3,3
Yisheng,3,0,3
Yishi,0,3,3
Yishmaarel,3,0,3
Yishmaël,3,0,3
Yishmerai,3,0,3
Yishuo,3,0,3
Yisi,0,3,3
Yismaja,3,0,3
Yismelda,0,3,3
Yismerai,3,0,3
Yismerlin,0,3,3
Yisra,0,3,3
Yisraëla,0,3,3
Yisraela,0,3,3
Yissel,0,3,3
Yisselle,0,3,3
Yissia,0,3,3
Yisun,3,0,3
Yitay,3,0,3
Yitchak,3,0,3
Yithro,3,0,3
Yitian,3,0,3
Yits,3,0,3
Yitschok,3,0,3
Yitse,3,0,3
Yitsi,3,0,3
Yitta,0,3,3
Yitto,0,3,3
Yiu-Chung,3,0,3
Yiu-Fai,3,0,3
Yiu-Lun,3,0,3
Yiuliano,3,0,3
Yiun,0,3,3
Yiuw,3,0,3
Yivaï,3,0,3
Yivana,0,3,3
Yivania,0,3,3
Yivanna,0,3,3
Yivat,0,3,3
Yivica-devi,0,3,3
Yiwagu,0,3,3
Yiwan,0,3,3
Yix,0,3,3
Yixing,0,3,3
Yiya,0,3,3
Yiyan,3,0,3
Yiyao,0,3,3
Yìyuăn,3,0,3
Yiz,3,0,3
Yizhe,3,0,3
Yizhen,0,3,3
Yizhou,3,0,3
Yizhreël,3,0,3
Yizze,0,3,3
Yjada,0,3,3
Yjahno,3,0,3
Yjajla,0,3,3
Yjala,0,3,3
Yjani,3,0,3
Yjen,3,0,3
Yjola,0,3,3
Yjolien,0,3,3
Yjonna,0,3,3
Yjoti,0,3,3
Yjotika,0,3,3
Yjou,0,3,3
Yjowin,0,3,3
Ykari,3,0,3
Yke-Bert,3,0,3
Yke-Hayko,3,0,3
Yke-Jan,3,0,3
Yke-Seye,3,0,3
Ykeen,0,3,3
Ykelaijah,3,0,3
Ykeline,0,3,3
Ykeman,3,0,3
Yker,3,0,3
Ykes,3,0,3
Yki,0,3,3
Ykina,0,3,3
Ykjen,0,3,3
Ykk,3,0,3
Ykka,0,3,3
Ykor,3,0,3
Ykso,3,0,3
Ykwinno,3,0,3
Ylaia,0,3,3
Ylaicha,0,3,3
Ylaih,3,0,3
Ylaila,0,3,3
Ylain,0,3,3
Ylainah,0,3,3
Ylainey,0,3,3
Ylainhy,0,3,3
Ylaisa-Lee,0,3,3
Ylaiyah,3,0,3
Ylaiziano,3,0,3
Ylanah,0,3,3
Ylane,0,3,3
Ylang,0,3,3
Ylanga,0,3,3
Ylanick,0,3,3
Ylanieck,0,3,3
Ylaniek,0,3,3
Ylanite,0,3,3
Ylanja,0,3,3
Ylann,3,0,3
Ylannick,0,3,3
Ylanyth,0,3,3
Ylarah,0,3,3
Ylario,3,0,3
Ylatfan,3,0,3
Ylaya,0,3,3
Ylayscha,0,3,3
Ylbrich,0,3,3
Ylda,0,3,3
Ylder,0,3,3
Ylderdina,0,3,3
Yldo,3,0,3
Yle-Jan,3,0,3
Ylea,0,3,3
Yleandro,3,0,3
Yleane,0,3,3
Yleanne,0,3,3
Yléano,3,0,3
Yleizja,3,0,3
Yléna,0,3,3
Ylenah,0,3,3
Ylennia,0,3,3
Ylente,0,3,3
Ylenthe,0,3,3
Ylermi,3,0,3
Ylesiar,0,3,3
Ylfia,0,3,3
Ylham,0,3,3
Yliaas,3,0,3
Yliana-Mae,0,3,3
Yliara,0,3,3
Ylicia,0,3,3
Ylidia,0,3,3
Ylien,0,3,3
Yliena,0,3,3
Yliene,0,3,3
Ylin,0,3,3
Ylinde,0,3,3
Yline,0,3,3
Yling,0,3,3
Yliny,0,3,3
Ylio,3,0,3
Ylisha,0,3,3
Ylissa,0,3,3
Ylisse,0,3,3
Ylize,0,3,3
Ylizya,0,3,3
Yljah,3,0,3
Yljar,3,0,3
Ylje,0,3,3
Yljen,0,3,3
Yljo,3,0,3
Ylkje,0,3,3
Ylkka,3,0,3
Yll-Islam,3,0,3
Ylla-Noa,0,3,3
Yllaila,0,3,3
Yllaiza,0,3,3
Yllaya,0,3,3
Ylldrit,3,0,3
Ylle,3,0,3
Yllé,0,3,3
Ylleana,0,3,3
Ylliamo,3,0,3
Yllian,0,3,3
Ylliana,0,3,3
Yllijon,3,0,3
Ylliss,0,3,3
Yllja,0,3,3
Yllnore,0,3,3
Yllone,0,3,3
Yllza,0,3,3
Ylna,0,3,3
Ylnevaeh,0,3,3
Ylo,3,0,3
Yloeza,0,3,3
Yloise,0,3,3
Yloisia,0,3,3
Yloncka,0,3,3
Ylondy,0,3,3
Ylonga,0,3,3
Ylore,0,3,3
Ylorha,0,3,3
Ylouise,0,3,3
Ylpha,0,3,3
Ylse-Marit,0,3,3
Ylsemiek,0,3,3
Ylsony,3,0,3
Yltje,0,3,3
Ylúa,3,0,3
Ylua,0,3,3
Yluminada,0,3,3
Ylvalie,0,3,3
Ylvanie,0,3,3
Ylvanio,3,0,3
Ylve,0,3,3
Ylvie-li,0,3,3
Ylviènne,0,3,3
Ylvilie,0,3,3
Ylvo,3,0,3
Ylya,3,0,3
Ylyana,0,3,3
Ylzana,0,3,3
Ymac,0,3,3
Ymad,3,0,3
Ymaènne,0,3,3
Ymai,0,3,3
Ymaine,0,3,3
Ymaldo,3,0,3
Ymana-Aya,0,3,3
Ymanda,0,3,3
Ymane,0,3,3
Ymané,0,3,3
Ymáno,3,0,3
Ymanuel,3,0,3
Ymàra,0,3,3
Ymarda,0,3,3
Ymarnie,3,0,3
Ymaro,3,0,3
Ymaux,3,0,3
Ymaysa,0,3,3
Ymazja,0,3,3
Ymber,0,3,3
Ymca-Josine,0,3,3
Ymce,0,3,3
Ymcke,0,3,3
Yme-Pieter,3,0,3
Yme-Sindre,3,0,3
Yme-Wietse,3,0,3
Ymée,0,3,3
Ymee,0,3,3
Ymeen,0,3,3
Ymeira,0,3,3
Ymeja,0,3,3
Yméla,0,3,3
Ymelia,0,3,3
Ymelias,3,0,3
Ymene,0,3,3
Yméon,3,0,3
Ymer-Ydo,3,0,3
Ymeraldo,3,0,3
Ymes,3,0,3
Ymesoete,0,3,3
Ymfe,0,3,3
Ymgred,0,3,3
Ymia,0,3,3
Ymin,0,3,3
Ymire,3,0,3
Ymke-Carlijn,0,3,3
Ymke-Fleur,0,3,3
Ymke-Marijn,0,3,3
Ymke-Simona,0,3,3
Ymke-Vera,0,3,3
Ymkegees,0,3,3
Ymkina,0,3,3
Ymkje-Janna,0,3,3
Ymmalde,0,3,3
Ymmanuël,0,3,3
Ymmar,3,0,3
Ymmetje,0,3,3
Ymmo,3,0,3
Ymna,0,3,3
Ymne,0,3,3
Ymong,0,3,3
Ympje,0,3,3
Ymptias,3,0,3
Ymraan,3,0,3
Ymraiel,3,0,3
Ymrana,0,3,3
Ymres,3,0,3
Ymrie,0,3,3
Ymroing,3,0,3
Ymron,3,0,3
Ymrydry,0,3,3
Ymsa,3,0,3
Ymt,3,0,3
Ymte-Jan,3,0,3
Ymte-Jelle,3,0,3
Ymten,3,0,3
Ymthe,0,3,3
Ymtjelina,0,3,3
Ymwa,0,3,3
Ymy,0,3,3
Ynaika,0,3,3
Ynaisha,0,3,3
Ynama,0,3,3
Ynanco,3,0,3
Ynco,3,0,3
Yndey,0,3,3
Yndie,0,3,3
Yndira,0,3,3
Yndiya,0,3,3
Yndjy,3,0,3
Yndri,0,3,3
Yndya,0,3,3
Yneah,3,0,3
Ynego,3,0,3
Yneivron,3,0,3
Ynelva,0,3,3
Ynemar,0,3,3
Ynera,0,3,3
Ynesse,0,3,3
Ynet,0,3,3
Ynga,0,3,3
Yngwe,3,0,3
Yngwi,3,0,3
Ynhi,0,3,3
Yni,0,3,3
Ynia,0,3,3
Yniescha,0,3,3
Ynion,3,0,3
Ynir,3,0,3
Ynis,0,3,3
Ynit,0,3,3
Ynjomar,3,0,3
Ynnas,0,3,3
Ynoëlla,0,3,3
Ynomi,0,3,3
Ynomia,0,3,3
Ynora,0,3,3
Ynosencia,0,3,3
Ynouar,3,0,3
Ynoy-Coryno,3,0,3
Ynskje-Baukje,0,3,3
Ynsko,3,0,3
Ynte-Jan,3,0,3
Ynteke,0,3,3
Yntesz,3,0,3
Yntor,3,0,3
Yntzen,3,0,3
Yntzina,0,3,3
Ynur,0,3,3
Yny,0,3,3
Ynys,3,0,3
Yo-ann,0,3,3
Yo-Anna,0,3,3
Yo-Anne,0,3,3
Yo-Elle,0,3,3
Yo-en,0,3,3
Yo-Jia,3,0,3
Yo-Kaw,0,3,3
Yo-Man,3,0,3
Yo-shin,3,0,3
Yo-Shua,3,0,3
Yo-Siwa,0,3,3
Yo-Teng,0,3,3
Yo-Wambley,3,0,3
Yo-Willy,0,3,3
Yo-Yi,0,3,3
Yo-Yo,0,3,3
Yoa'Qì,3,0,3
Yoab,3,0,3
Yoad,3,0,3
Yoagnito,3,0,3
YoaHaz-Rafaël,3,0,3
Yoairi,3,0,3
Yoakeem,3,0,3
Yoakim,3,0,3
Yoalisha,0,3,3
Yoàn,3,0,3
Yoãna,0,3,3
Yoanah,0,3,3
Yoanena,0,3,3
Yoanette,0,3,3
Yoangel,3,0,3
Yoanha,0,3,3
Yoanic,3,0,3
Yoanie,0,3,3
Yoanij,0,3,3
Yoanijah,0,3,3
Yoanis,3,0,3
Yoanitha,0,3,3
Yoann-Nadine,0,3,3
Yoann-Steven,3,0,3
Yoänna,0,3,3
Yoannah,0,3,3
Yoannetta,0,3,3
Yoanquiel,3,0,3
Yoão,3,0,3
Yoãomar,3,0,3
Yoaquim,3,0,3
Yoaquín,3,0,3
Yoáquin,3,0,3
Yoaquinn,3,0,3
Yoära,0,3,3
Yoara,0,3,3
Yoari,3,0,3
Yoash,3,0,3
Yoba,0,3,3
Yobbe,3,0,3
Yobe,3,0,3
Yobed,3,0,3
Yoben,3,0,3
Yobin,3,0,3
Yoc,0,3,3
Yoca,0,3,3
Yocaira,0,3,3
Yocaste,0,3,3
Yocé,0,3,3
Yoce,0,3,3
Yocelyn,0,3,3
Yocena,0,3,3
Yoch,3,0,3
Yocha,0,3,3
Yochai,3,0,3
Yochana,0,3,3
Yochbeth,0,3,3
Yochima,0,3,3
Yocie,0,3,3
Yocilline,0,3,3
Yocintha,0,3,3
Yock-Lang,0,3,3
Yocki,0,3,3
Yocklang,0,3,3
Yoconda,0,3,3
Yocy,0,3,3
Yod,3,0,3
Yodaan,3,0,3
Yodah,0,3,3
Yodahea,3,0,3
Yodallies,0,3,3
Yodanny,3,0,3
Yodca,3,0,3
Yodhi,0,3,3
Yodrick,3,0,3
Yodsapon,3,0,3
Yoe-Hsiang,3,0,3
Yoe-Ming,0,3,3
Yoe-San,0,3,3
Yoea,0,3,3
Yoeal,3,0,3
Yoegendrani,0,3,3
Yoél,3,0,3
Yóel,3,0,3
Yoéla,0,3,3
Yoèla,0,3,3
Yoelanda,0,3,3
Yoële,0,3,3
Yoeli,0,3,3
Yoëlia,0,3,3
Yoelie,0,3,3
Yoélla,0,3,3
Yoélle,0,3,3
Yoëllirich,3,0,3
Yoëllo,3,0,3
Yoëlsera,0,3,3
Yoeltoezay,0,3,3
Yoémi,0,3,3
Yoendry,3,0,3
Yoèndy,0,3,3
Yoënne,0,3,3
Yoens,3,0,3
Yoerdan,3,0,3
Yoerek,3,0,3
Yoeren,0,3,3
Yoeresja,3,0,3
Yoeri-Benjamin,3,0,3
Yoeri-Herman,3,0,3
Yoeri-Jonathan,3,0,3
Yoeriej,3,0,3
Yoerijevna,0,3,3
Yoerimahu,3,0,3
Yoeroeke,0,3,3
Yoeron,3,0,3
Yoës,0,3,3
Yoeseph,3,0,3
Yoeshi,3,0,3
Yoesri,3,0,3
Yoëssa,0,3,3
Yoessof,3,0,3
Yoessra,0,3,3
Yoessri,3,0,3
Yoest,3,0,3
Yoet,0,3,3
Yoeti,3,0,3
Yoets,0,3,3
Yoetta,0,3,3
Yoëvam,3,0,3
Yoex,0,3,3
Yoëz,3,0,3
Yofa,3,0,3
Yofairo,3,0,3
Yoffanie,0,3,3
Yoffery,3,0,3
Yoffi,3,0,3
Yofri,3,0,3
Yofrona,0,3,3
Yogain,3,0,3
Yogdevi,0,3,3
Yogeetha,0,3,3
Yogendra,3,0,3
Yogeshkumar,3,0,3
Yogeshvar,3,0,3
Yogèshvar,3,0,3
Yogeshvara,3,0,3
Yogeshwari,0,3,3
Yogeshwer,3,0,3
Yogev,0,3,3
Yogieta,0,3,3
Yogima,0,3,3
Yoginder-Kumar,3,0,3
Yogindre,3,0,3
Yogindredath,3,0,3
Yogindredew,3,0,3
Yogindrepersad,3,0,3
Yogisingh,3,0,3
Yogisshwar,3,0,3
Yogitabali,0,3,3
Yogitadevie,0,3,3
Yogrey,3,0,3
Yoha'n,3,0,3
Yohainy,0,3,3
Yohaira,0,3,3
Yôhanan,3,0,3
Yohandra,0,3,3
Yohane,3,0,3
Yohanen,3,0,3
Yohanis,3,0,3
Yohannan,0,3,3
Yohanne,3,0,3
Yohanni,0,3,3
Yohannis,3,0,3
Yohanny,0,3,3
Yohans,3,0,3
Yohdaëh,0,3,3
Yohelli,0,3,3
Yohenda,0,3,3
Yohenna,0,3,3
Yohimbe,0,3,3
Yohmanie,0,3,3
Yohmma,3,0,3
Yohn,3,0,3
Yohnaigelly,0,3,3
Yohnatan,3,0,3
Yohni,3,0,3
Yohnie,3,0,3
Yohnno,3,0,3
Yohoshua,3,0,3
Yohostina,0,3,3
Yohram,3,0,3
Yohran,3,0,3
Yohri,3,0,3
Yohsuke,3,0,3
Yohvensio,3,0,3
Yohwara,0,3,3
Yohzando,3,0,3
Yoicalyn,0,3,3
Yoichiro,3,0,3
Yoinda,0,3,3
Yoine,3,0,3
Yoiner,3,0,3
Yoïsha,0,3,3
Yoj,0,3,3
Yojairo,3,0,3
Yojan,3,0,3
Yojiroh,3,0,3
Yok-Hing,3,0,3
Yok-Yieng,0,3,3
Yokabid,0,3,3
Yokechia,0,3,3
Yokel,0,3,3
Yokho,0,3,3
Yoki,3,0,3
Yokimba,3,0,3
Yokita,3,0,3
Yokka,0,3,3
Yōko,3,0,3
Yokonde,0,3,3
Yokow,3,0,3
Yola-Mae,0,3,3
Yolah,0,3,3
Yolainy,0,3,3
Yolaisha,0,3,3
Yolaly,0,3,3
Yolán,0,3,3
Yolána,0,3,3
Yolandine,0,3,3
Yolani,0,3,3
Yolanka,0,3,3
Yolanke,0,3,3
Yolanté,0,3,3
Yolba,0,3,3
Yoldas,3,0,3
Yoldje,0,3,3
Yole,0,3,3
Yolean,0,3,3
Yoleena,0,3,3
Yoleini,0,3,3
Yolele,0,3,3
Yolence,0,3,3
Yolène,0,3,3
Yolenney,3,0,3
Yolenny,0,3,3
Yolenth,0,3,3
Yoletta,0,3,3
Yolhienne,0,3,3
Yoli-May,0,3,3
Yolian,0,3,3
Yolieke,0,3,3
Yoliene,0,3,3
Yolietje,0,3,3
Yolijntje,0,3,3
Yolijt,0,3,3
Yolimar,0,3,3
Yolinne,0,3,3
Yoliska,0,3,3
Yoliswa,0,3,3
Yoliza,0,3,3
Yoliza-Gaia,0,3,3
Yolka,0,3,3
Yollëin,0,3,3
Yolliba,0,3,3
Yollin,0,3,3
Yolmer,3,0,3
Yolongo,3,0,3
Yolotzin,0,3,3
Yolt,3,0,3
Yoltic,3,0,3
Yolus,3,0,3
Yoly,0,3,3
Yolyza,0,3,3
Yomahu,3,0,3
Yomai,3,0,3
Yomaina,0,3,3
Yomaine,3,0,3
Yomairis,0,3,3
Yomaly,3,0,3
Yoman,3,0,3
Yomara,0,3,3
Yomario,3,0,3
Yomaris,0,3,3
Yomas,3,0,3
Yomayra,0,3,3
Yomea,0,3,3
Yomecia-Lovely,0,3,3
Yomeidy,0,3,3
Yomel,3,0,3
Yomera,0,3,3
Yomil,3,0,3
Yomirellys,0,3,3
Yomiye,0,3,3
Yommi,3,0,3
Yōn,0,3,3
Yon-Fu,3,0,3
Yoná,0,3,3
Yonadab,3,0,3
Yonai,3,0,3
Yonaida,0,3,3
Yonaisha,0,3,3
Yonasz,3,0,3
Yonata,3,0,3
Yonatin,3,0,3
Yonatthan,3,0,3
Yonça,0,3,3
Yonci,0,3,3
Yonda,0,3,3
Yondalar,3,0,3
Yonder,3,0,3
Yondi,3,0,3
Yondo,3,0,3
Yondolar,3,0,3
Yonee,0,3,3
Yonei,0,3,3
Yoneill,3,0,3
Yoneko,0,3,3
Yonesi,0,3,3
Yonessa,0,3,3
Yonet,0,3,3
Yonette,0,3,3
Yoney,0,3,3
Yöng,3,0,3
Yòng,3,0,3
Yóng,3,0,3
Yong-Chew,3,0,3
Yong-da,3,0,3
Yong-Jian,3,0,3
Yong-Ling,0,3,3
Yong-Ming,3,0,3
Yong-ping,3,0,3
Yong-Sein,3,0,3
Yong-Shiun,0,3,3
Yong-Sun,3,0,3
Yong-Yong,0,3,3
Yong-Ze,3,0,3
Yongchi,3,0,3
Yongdu,3,0,3
Yongduan,3,0,3
Yongfu,3,0,3
Yonghan,3,0,3
Yonghua,0,3,3
Yongkang,3,0,3
Yonglee,0,3,3
Yonglian,3,0,3
Yongnuo,3,0,3
Yongsa,3,0,3
Yongshan,0,3,3
Yongwa,3,0,3
Yongwei,0,3,3
Yongwen,0,3,3
Yongxi,3,0,3
Yongzhong,3,0,3
Yoni-Ben,3,0,3
Yonia,0,3,3
Yonice,0,3,3
Yonick,3,0,3
Yonicka,0,3,3
Yoniec,0,3,3
Yonieke,0,3,3
Yonien,0,3,3
Yoniet,0,3,3
Yonini,0,3,3
Yoninia,0,3,3
Yonisha,0,3,3
Yonisse,3,0,3
Yonista,0,3,3
Yonja,0,3,3
Yonmar,3,0,3
Yonnai,0,3,3
Yonnas,3,0,3
Yönneke,0,3,3
Yonnette,0,3,3
Yonnica,0,3,3
Yonnie,3,0,3
Yonnik,3,0,3
Yonos,3,0,3
Yonqui,3,0,3
Yonthida,0,3,3
Yontie,0,3,3
Yonty,3,0,3
Yonüs,3,0,3
Yoofi,3,0,3
Yook,3,0,3
Yooku,3,0,3
Yoolz,0,3,3
Yoomi,0,3,3
Yoon-Mi,0,3,3
Yoon-Min,0,3,3
Yoona,0,3,3
Yoong,0,3,3
Yoonnis,3,0,3
Yoora,0,3,3
Yooralla,3,0,3
Yoore,0,3,3
Yootah,0,3,3
Yope,3,0,3
Yophitah,0,3,3
Yopoldo,3,0,3
Yor-Ell,3,0,3
Yorà,0,3,3
Yoraima,0,3,3
Yoraïsha,0,3,3
Yoraldo,3,0,3
Yorán,3,0,3
Yoràn-Adim,3,0,3
Yoran-Thibault,3,0,3
Yorande,0,3,3
Yorando,3,0,3
Yorandy,3,0,3
Yoranique,0,3,3
Yorann,3,0,3
Yoray,3,0,3
Yorba,0,3,3
Yorbe,3,0,3
Yorbi,3,0,3
Yorc,3,0,3
Yorca,0,3,3
Yorck-Hendrik,3,0,3
Yorckin,0,3,3
Yorco,3,0,3
Yord-Dennis,3,0,3
Yorda,0,3,3
Yordam,3,0,3
Yordanah,0,3,3
Yordane,0,3,3
Yordanes,0,3,3
Yordanka,0,3,3
Yordao,3,0,3
Yordaô,3,0,3
Yorde,3,0,3
Yordee,3,0,3
Yördi,3,0,3
Yordie-Jay,3,0,3
Yordine,0,3,3
Yordion,3,0,3
Yordom,3,0,3
Yordys,3,0,3
Yoream,3,0,3
Yorean,3,0,3
Yoreen,3,0,3
Yoreh,3,0,3
Yorella,0,3,3
Yorelle,0,3,3
Yorem,3,0,3
Yörem,0,3,3
Yorena,0,3,3
Yorens,3,0,3
Yorenzo,3,0,3
Yoresi,0,3,3
Yoreyna,0,3,3
Yörg,3,0,3
Yorga,3,0,3
Yörgen,3,0,3
Yorgi,3,0,3
Yorgia,0,3,3
Yöri,3,0,3
Yoriam,3,0,3
Yoriana,0,3,3
Yorianne,0,3,3
Yorica,0,3,3
Yorice,0,3,3
Yorick-Kai,3,0,3
Yoricko,3,0,3
Yoricq,3,0,3
Yoriek,3,0,3
Yoriën,3,0,3
Yories,3,0,3
Yoriko,0,3,3
Yoril,3,0,3
Yorinca,0,3,3
Yorindy,0,3,3
Yorinne,0,3,3
Yorino,3,0,3
Yorinte,0,3,3
Yorinus,3,0,3
Yorisse,0,3,3
Yorita,0,3,3
York-Kam,0,3,3
Yorka,0,3,3
Yorkira,0,3,3
Yorkvin,3,0,3
Yorlaine,0,3,3
Yorlainny,0,3,3
Yorlaisa,0,3,3
Yorlando,3,0,3
Yorlenie,0,3,3
Yorlenis,0,3,3
Yorline,0,3,3
Yorlinio,3,0,3
Yorm,3,0,3
Yormen,3,0,3
Yormie,3,0,3
Yörn,3,0,3
Yörna,0,3,3
Yornic,3,0,3
Yoro,3,0,3
Yoron,3,0,3
Yorouba,3,0,3
Yorquidia,0,3,3
Yorriaan,3,0,3
Yorrianne,0,3,3
Yorric,3,0,3
Yorrid,3,0,3
Yorrijn,3,0,3
Yorrim,3,0,3
Yorrinda,0,3,3
Yorrine,0,3,3
Yorro,3,0,3
Yorry,0,3,3
Yorryen,3,0,3
Yorsalim,0,3,3
Yorsi,3,0,3
Yorte,3,0,3
Yorunn,3,0,3
Yorus,3,0,3
Yorvanny,3,0,3
Yorvayndry,3,0,3
Yorvina,0,3,3
Yoryanta,3,0,3
Yorzo,3,0,3
Yosaïra,0,3,3
Yosane,0,3,3
Yosara,0,3,3
Yosaya,0,3,3
Yosco,3,0,3
Yoseandry,0,3,3
Yosebelle,0,3,3
Yosefesebhat,3,0,3
Yosefien,0,3,3
Yosel,3,0,3
Yoselien,0,3,3
Yoseline,0,3,3
Yosemely,0,3,3
Yösenya,0,3,3
Yosephus,3,0,3
Yosette,0,3,3
Yosètte,0,3,3
Yosétte,0,3,3
Yoshafat,3,0,3
Yoshaja,3,0,3
Yosheali,0,3,3
Yoshelle,0,3,3
Yosher,3,0,3
Yosheva,0,3,3
Yoshi-Paolo,3,0,3
Yoshias,3,0,3
Yoshifinah,0,3,3
Yoshihiro,3,0,3
Yoshikatsu,3,0,3
Yoshikuni,3,0,3
Yoshima,0,3,3
Yoshimilla,0,3,3
Yoshimitsu,3,0,3
Yoshina,0,3,3
Yoshiro-Horatio,3,0,3
Yoshitadevi,0,3,3
YoshiTo,3,0,3
Yoshja,0,3,3
Yoshrilendre,3,0,3
Yoshte,3,0,3
Yoshu,3,0,3
Yoshuah,3,0,3
Yoshyro,0,3,3
Yosias,3,0,3
Yosiera,0,3,3
Yosifa,0,3,3
Yosiko,0,3,3
Yosimar,3,0,3
Yosita,0,3,3
Yosiya,3,0,3
Yosjua,3,0,3
Yóska,3,0,3
Yoskan,3,0,3
Yoskar,3,0,3
Yoskha,0,3,3
Yosko,3,0,3
Yoslim,3,0,3
Yosmery,0,3,3
Yosraa,0,3,3
Yosrayl,0,3,3
Yosrh,0,3,3
Yossana,0,3,3
Yossele,3,0,3
Yosseline,0,3,3
Yossera,0,3,3
Yossias,3,0,3
Yossick,3,0,3
Yossih,3,0,3
Yossouf,3,0,3
Yossri,3,0,3
Yossy,3,0,3
Yost,3,0,3
Yoste,0,3,3
Yostha,0,3,3
Yostin,3,0,3
Yostina,0,3,3
Yosue,3,0,3
Yosuke,3,0,3
Yosune,0,3,3
Yosvani,0,3,3
Yosy,0,3,3
Yosyas,3,0,3
Yosyp,3,0,3
Yotaka,3,0,3
Yotanka,3,0,3
Yoth,0,3,3
Yotica,0,3,3
Yotiesh,3,0,3
Yotine,0,3,3
Yotka,0,3,3
Yoto,0,3,3
Yotsakorn,3,0,3
Yottam,3,0,3
Yotte,0,3,3
Yottum,0,3,3
Yoú,0,3,3
Yōu,0,3,3
You-Anh,0,3,3
You-De,0,3,3
You-Luen,3,0,3
You-wei,3,0,3
You-Yu,3,0,3
Youaindi,0,3,3
Youanda,0,3,3
Youandé,0,3,3
Youàndi,3,0,3
Youandimay,0,3,3
Youca,3,0,3
Youcke,3,0,3
Youcki,0,3,3
Youdania,0,3,3
Youday,3,0,3
Youdi,3,0,3
Youé,0,3,3
Youëdi,3,0,3
Youeé,3,0,3
Youella,0,3,3
Youelle,0,3,3
Youenn,3,0,3
Youenne,0,3,3
Youëttha,0,3,3
Yougeu,3,0,3
Yougine,3,0,3
Yougo,3,0,3
Youhan,3,0,3
Youhao,3,0,3
Youhe,3,0,3
Youhri,3,0,3
Youi,3,0,3
Youkai,3,0,3
Youkali,0,3,3
Youké,3,0,3
Youkhana,0,3,3
Youkhanna,0,3,3
Youkje,0,3,3
Youko,3,0,3
Youla,0,3,3
Youlanda,0,3,3
Youlastic,0,3,3
Youldash,3,0,3
Youlee,0,3,3
Youlette,0,3,3
Youlha,3,0,3
Youlisa,0,3,3
Youlissa,0,3,3
Youlja,0,3,3
Youlz,3,0,3
Youmana,0,3,3
Youmé,0,3,3
Youmeay,0,3,3
Yoummée,0,3,3
Younanti,0,3,3
Younasse,3,0,3
Youne,0,3,3
younes,3,0,3
Young-il,3,0,3
Young-Mi,0,3,3
Young-Pyo,3,0,3
Young-Young,0,3,3
Youngbi,0,3,3
Younger,0,3,3
Youngha,3,0,3
Youngja,0,3,3
Younglee,0,3,3
Youngth,3,0,3
Youngzhang,3,0,3
Younick,3,0,3
Youning,0,3,3
Younisse,3,0,3
Younna,0,3,3
Younnès,3,0,3
Younnis,3,0,3
Youno,3,0,3
Younos,3,0,3
Younoussa,3,0,3
Youp-Jan,3,0,3
Youpe,3,0,3
Youph,3,0,3
Youpy,0,3,3
Yourai,3,0,3
Youraicha,0,3,3
Yourán,3,0,3
Youray,3,0,3
Yourck,3,0,3
Yourdano,3,0,3
Yourden,3,0,3
Yourdino,3,0,3
Youre,3,0,3
Youreldry,3,0,3
Yourgo,3,0,3
Yöuri,3,0,3
Youri-Arjan,3,0,3
Youri-Clarence,3,0,3
Youri-Hedwig,3,0,3
Youri-Ian,3,0,3
Youri-Jérémie,3,0,3
Youri-Tristan,3,0,3
Yourianne,0,3,3
Yourieke,0,3,3
Youriev,3,0,3
Yourijan,3,0,3
Yourinthe,0,3,3
Yourit,3,0,3
Yournes,3,0,3
Youro,3,0,3
Yourri,3,0,3
Yourrie,3,0,3
Yourson,3,0,3
Yourui,3,0,3
Yousab,3,0,3
Yousafi,0,3,3
Yousayra,0,3,3
Youseff,3,0,3
Youseira,0,3,3
Yousen,3,0,3
Youseri,3,0,3
Youserie,3,0,3
Youséyra,0,3,3
Yoush,3,0,3
Youshan,3,0,3
Youshaya,3,0,3
Youshef,3,0,3
Yousheng,3,0,3
Youshia,3,0,3
Youshua,3,0,3
Yousief,3,0,3
Youslen,3,0,3
Yousni,3,0,3
Yousra-Richelle,0,3,3
Yousrra,0,3,3
Youss,3,0,3
Youssaira,0,3,3
Yousse,0,3,3
Youssef-Mohamad,3,0,3
Yousseff,3,0,3
Youssephe,3,0,3
Youssi,0,3,3
Youssoufou,3,0,3
Youssre,0,3,3
Youssria,0,3,3
Youssrie,3,0,3
Youssry,3,0,3
Youstina,0,3,3
Yousy,0,3,3
Youtiné,0,3,3
Youtrisorn,0,3,3
Youunis,3,0,3
Youval,3,0,3
Youvale,0,3,3
Youwan,3,0,3
Youwani,3,0,3
Youwëi,3,0,3
Youxi,3,0,3
Youyou,0,3,3
Youyue,3,0,3
Youz,3,0,3
Youzeef,3,0,3
Youzef,3,0,3
Youzefiano,3,0,3
Yovainely,0,3,3
Yovairo,3,0,3
Yován,3,0,3
Yovana,0,3,3
Yovanah,0,3,3
Yovancka,0,3,3
Yovanda,0,3,3
Yovanie,3,0,3
Yovannie,3,0,3
Yovano,3,0,3
Yovèl,0,3,3
Yovena,0,3,3
Yovendo,3,0,3
Yovenna,0,3,3
Yoverth,3,0,3
Yovianny,0,3,3
Yovie,3,0,3
Yovina,0,3,3
Yovinia,0,3,3
Yovita,0,3,3
Yovka,0,3,3
Yovona,0,3,3
Yovonna,0,3,3
Yowa,3,0,3
Yowali,0,3,3
Yowanka,0,3,3
Yoway,3,0,3
Yowaysha,0,3,3
Yoweda,0,3,3
Yowelico,3,0,3
Yowella,0,3,3
Yowenthly,3,0,3
Yoweri,3,0,3
Yowilla,0,3,3
Yowin,3,0,3
Yowmeei,0,3,3
Yowyea,0,3,3
Yoxmerry,0,3,3
Yoyakim,3,0,3
Yoyan,0,3,3
Yoyceline,0,3,3
Yoyhita,0,3,3
Yoyin,3,0,3
Yoyok,3,0,3
Yoysef,3,0,3
Yoyuh,0,3,3
Yozarsif,3,0,3
Yozdzhan,3,0,3
Yozefine,0,3,3
Yoziah,3,0,3
Yozina,0,3,3
Yozni,3,0,3
Yozuette,0,3,3
Ypa,0,3,3
Ypatia,0,3,3
Ypco,3,0,3
Ype-Bart,3,0,3
Ype-Eelco,3,0,3
Ype-Folkert,3,0,3
Ype-Harm,3,0,3
Ype-Hendrik,3,0,3
Ype-Martijn,3,0,3
Ypermachia,0,3,3
Ypes,3,0,3
Ypéus,3,0,3
Ypeüs,3,0,3
Ypey,3,0,3
Ypharo,3,0,3
Yphonie,0,3,3
Yphonne,0,3,3
Yphus,3,0,3
Ypie-Nynke,0,3,3
Ypiena,0,3,3
Ypiene,0,3,3
Ypisilona,0,3,3
Ypma,3,0,3
Ypokao,3,0,3
Ypolinne,0,3,3
Yppah,3,0,3
Ypson,3,0,3
Ypy,0,3,3
Yquem,0,3,3
Yquème,0,3,3
Yquemé,0,3,3
Yrà,3,0,3
Yrai,3,0,3
Yraida,0,3,3
Yraiha,0,3,3
Yraillah,0,3,3
Yraisa,0,3,3
Yraisho,3,0,3
Yraiza,0,3,3
Yranka,0,3,3
Yrano,3,0,3
Yraya,0,3,3
Yre,3,0,3
Yrealia,0,3,3
Yreana,0,3,3
Yree,0,3,3
Yren,0,3,3
Yrenee,0,3,3
Yrenne,3,0,3
Yrenné,3,0,3
Yri-Danyel,3,0,3
Yriani,0,3,3
Yrim,3,0,3
Yrinah,0,3,3
Yrinte,3,0,3
Yrishar,3,0,3
Yrith,0,3,3
Yrjån,3,0,3
Yrle,0,3,3
Yrlian,3,0,3
Yrmie,0,3,3
Yrna,0,3,3
Yrneh,3,0,3
Yrodalisa,0,3,3
Yroen,3,0,3
Yrona,0,3,3
Yroxax,3,0,3
Yrreb,3,0,3
Yrsa-Elise,0,3,3
Yrsa-Evi,0,3,3
Yrseke,0,3,3
Yrselette,0,3,3
Yru,0,3,3
Yrus,3,0,3
Yrvana,0,3,3
Yrvante,3,0,3
Yrvin,3,0,3
Yrving,3,0,3
Yrzah,0,3,3
Yrze,0,3,3
Ysabele,0,3,3
Ysabo,0,3,3
Ysadéla,0,3,3
Ysado,0,3,3
Ysadora,0,3,3
Ysae,0,3,3
Ysaflore,0,3,3
Ysaí,3,0,3
Ysaiah-Leigh,3,0,3
Ysairah,0,3,3
Ysald,3,0,3
Ysali,0,3,3
Ysalijne,0,3,3
Ysalin,0,3,3
Ysalina,0,3,3
Ysalys,0,3,3
Ysamae,0,3,3
Ysamoa,0,3,3
Ysan,3,0,3
Ysana,0,3,3
Ysand,3,0,3
Ysandre,0,3,3
Ysann,3,0,3
Ysanna,0,3,3
Ysao,3,0,3
Ysar,3,0,3
Ysarah,0,3,3
Ysardee,0,3,3
Ysas,3,0,3
Ysastten,0,3,3
Ysatí,0,3,3
Ysatoe,0,3,3
Ysault,0,3,3
Ysavonne,0,3,3
Ysayan,0,3,3
Ysayas,3,0,3
Ysbella,0,3,3
Ysbrandina,0,3,3
Ysch-Keano,3,0,3
Yschra,0,3,3
Yschvanka,0,3,3
Ysé-Annelise,0,3,3
Ysea,0,3,3
Yseah,3,0,3
Ysebeau,0,3,3
Ysebel,0,3,3
Ysebella,0,3,3
Ysee,0,3,3
Ysei,3,0,3
Ysel,0,3,3
Ysell,0,3,3
Ysella,0,3,3
Ysenne,0,3,3
Ysera,0,3,3
Yserah,0,3,3
Yset,0,3,3
Ysetta,0,3,3
Yseulaine,0,3,3
Yshai,0,3,3
Yshairo,3,0,3
Yshan,3,0,3
Yshande,3,0,3
Yshanel,0,3,3
Yshanné,0,3,3
Ysharah,0,3,3
Yshari,0,3,3
Yshaya,0,3,3
Yshédeau,3,0,3
Yshella,0,3,3
Yshia,0,3,3
Yshiqa,0,3,3
Yshmarly,0,3,3
Ysia,0,3,3
Ysiad,0,3,3
Ysiah,3,0,3
Ysian,3,0,3
Ysidora,0,3,3
Ysidro,3,0,3
Ysijah,3,0,3
Ysima,0,3,3
Ysïsh,3,0,3
Ysja,0,3,3
Ysker,3,0,3
Yslain,3,0,3
Yslane,0,3,3
Ysleidi,0,3,3
Ysma,0,3,3
Ysmaé,0,3,3
Ysmae,0,3,3
Ysmael,3,0,3
Ysmaï,0,3,3
Ysmar,3,0,3
Ysmaton,3,0,3
Ysmee,0,3,3
Ysmène,0,3,3
Ysnea,0,3,3
Yso,3,0,3
Ysobel,0,3,3
Ysobella,0,3,3
Ysobelle,0,3,3
Ysolina,0,3,3
Ysom,3,0,3
Ysor,3,0,3
Ysrael,3,0,3
Ysraël,3,0,3
Ysraim,3,0,3
Yssabella,0,3,3
Yssaï,3,0,3
Yssaya,0,3,3
Ysscha,3,0,3
Yssebranda,0,3,3
Yssela,0,3,3
Ysserino,3,0,3
Ysses,0,3,3
Yssette,0,3,3
Yssi,3,0,3
Yssiah,3,0,3
Yssica,0,3,3
Yssis,0,3,3
Ystashua,0,3,3
Ystell,0,3,3
Ysther,0,3,3
Ysvhar,3,0,3
Yswald,3,0,3
Yswar,3,0,3
Ytaina,0,3,3
Ytali,0,3,3
Ytan,3,0,3
Yte-Minke,0,3,3
Ythan,3,0,3
Ythora,0,3,3
Ythrias,3,0,3
Ytie,0,3,3
Ytim,0,3,3
Ytja,3,0,3
Ytjanda,0,3,3
Ytje-Marijke,0,3,3
Ytona,0,3,3
Ytshiero,3,0,3
Ytsje-Griet,0,3,3
Ytsje-Janna,0,3,3
Ytsje-Marij,0,3,3
Ytsje-Minke,0,3,3
Ytsje-Nynke,0,3,3
Ytte,0,3,3
Ytteke,0,3,3
Yttsje-Anne,0,3,3
Ytwine,0,3,3
Ytzamaray,0,3,3
Ytzar,3,0,3
Ytzela,3,0,3
Yu'an,3,0,3
Yu'eme,3,0,3
Yu'en,3,0,3
Yu'erçinho,3,0,3
Yu'kuriwai,3,0,3
Yu-an,3,0,3
Yu-An,0,3,3
Yu-Bo,3,0,3
Yu-Chiao,0,3,3
Yu-Chih,0,3,3
Yu-Chui,0,3,3
Yu-Chun,3,0,3
Yu-Chung,3,0,3
Yu-Fai,3,0,3
Yu-Feng,3,0,3
Yu-Fong,3,0,3
Yu-Fung,3,0,3
Yu-Guan,3,0,3
Yu-Hang,3,0,3
Yu-Hao,3,0,3
Yu-He,0,3,3
Yu-Hern,0,3,3
Yu-Hey,0,3,3
Yu-Ho,3,0,3
Yu-Hsin,0,3,3
Yu-Huang,0,3,3
Yu-Hung,3,0,3
Yu-Jie,0,3,3
Yu-Jing,0,3,3
Yu-Kin,3,0,3
Yu-Kuan,3,0,3
Yu-Lee,0,3,3
Yu-Leng,0,3,3
Yu-Lian,0,3,3
Yü-Lien,0,3,3
Yu-Long,3,0,3
Yu-mei,0,3,3
Yu-Na,0,3,3
Yu-Nai,0,3,3
Yu-Ning,0,3,3
Yu-Pan,3,0,3
Yu-Ping,0,3,3
Yu-Qing,0,3,3
Yu-Ran,3,0,3
Yu-ren,3,0,3
Yù-Róng,0,3,3
Yu-Se,0,3,3
Yu-Shaui,3,0,3
Yu-Sheng,3,0,3
Yù-shi,0,3,3
Yu-Shi,0,3,3
Yu-Shing,3,0,3
Yu-Sing,3,0,3
Yu-Syuan,0,3,3
Yu-Thong,0,3,3
Yu-Tian,3,0,3
Yu-Ting,0,3,3
Yu-Tsing,0,3,3
Yu-Wan,0,3,3
Yu-Wei,0,3,3
Yu-Wen,3,0,3
Yü-wen,0,3,3
Yu-Wo,0,3,3
Yu-Wong,3,0,3
Yu-Xiang,3,0,3
Yu-Xing,3,0,3
Yu-Yin,0,3,3
Yu-Zhe,3,0,3
Yu-Zhu,0,3,3
Yuān,3,0,3
Yuàn,3,0,3
Yuan-Chen,0,3,3
Yuana,0,3,3
Yuanbo,3,0,3
Yuancarlos,3,0,3
Yuanda,0,3,3
Yuandhini,0,3,3
Yuandong,3,0,3
Yuanky,0,3,3
Yuanning,0,3,3
Yuanting,0,3,3
Yuanyuan,0,3,3
Yuara,0,3,3
Yuary,3,0,3
Yubba,3,0,3
Yubirí,0,3,3
Yuburney,3,0,3
Yucara,0,3,3
Yucatan,3,0,3
Yucci,0,3,3
Yũcel,3,0,3
Yuçel,3,0,3
Yücelay,3,0,3
Yucer,3,0,3
Yucera,0,3,3
Yüch,3,0,3
Yuchali,0,3,3
Yuchang,0,3,3
Yuci,3,0,3
Yuciati,0,3,3
Yuco,3,0,3
Yucsell,3,0,3
Yucui,0,3,3
Yūdai,3,0,3
Yudaningrat,3,0,3
Yuddhishthira,3,0,3
Yudeliz,0,3,3
Yudella,0,3,3
Yuderka,0,3,3
Yudeska,0,3,3
Yudha,3,0,3
Yudhint,3,0,3
Yudhish,3,0,3
Yudhishthira,3,0,3
Yudhishtir,3,0,3
Yudhishtira,3,0,3
Yudhistra,3,0,3
Yudhistrakumar,3,0,3
Yudiann,3,0,3
Yudianto,3,0,3
Yudish,3,0,3
Yudishthira,3,0,3
Yuditha,0,3,3
Yuditia,3,0,3
Yudmar,3,0,3
Yudum-rabia,0,3,3
Yudy,0,3,3
Yue-Ayïana,0,3,3
Yue-Hong,3,0,3
Yue-Hung,0,3,3
Yue-Kien,3,0,3
Yue-Liang,0,3,3
Yue-Loïs,0,3,3
Yue-Lynn,0,3,3
Yue-Qin,0,3,3
Yue-Sang,3,0,3
Yue-Xin,0,3,3
Yue-Yan,0,3,3
Yue-Yen,0,3,3
Yueal,3,0,3
Yuédròn,3,0,3
Yueer,0,3,3
Yuehan,0,3,3
Yuehang,0,3,3
Yuehei,0,3,3
Yueheng,0,3,3
Yuek,0,3,3
Yuelian,0,3,3
Yuelin,0,3,3
Yueliza,0,3,3
Yuelson,3,0,3
Yuemin,0,3,3
Yueming,0,3,3
Yuèn,3,0,3
Yuen-Chee,0,3,3
Yuen-Han,0,3,3
Yuen-Keek,0,3,3
Yuen-Kei,3,0,3
Yuen-Kue,0,3,3
Yuen-Mae,0,3,3
Yuen-Sam,0,3,3
Yuen-Shan,3,0,3
Yuen-Ting,0,3,3
Yuen-Wing,0,3,3
Yuen-Yao,0,3,3
Yuen-Yee,0,3,3
Yuen-Yeng,0,3,3
Yueni,3,0,3
Yuenman,0,3,3
Yuenne,0,3,3
Yuert,3,0,3
Yuesef,3,0,3
Yueshra,0,3,3
Yuet-Wan,0,3,3
Yuet-Yi,0,3,3
Yueting,3,0,3
Yuetty,3,0,3
YueTung,0,3,3
Yuewen,0,3,3
Yuexing,3,0,3
Yueyan,0,3,3
Yueyang,3,0,3
YueYou,0,3,3
Yueyunzi,0,3,3
Yufen,0,3,3
Yügel,3,0,3
Yugen,3,0,3
Yugene,3,0,3
Yugh,3,0,3
Yugi,3,0,3
Yugiano,3,0,3
Yuguo,3,0,3
Yuh-Fong,3,0,3
Yuh-Tsong,3,0,3
Yuhaina,0,3,3
Yuhanin,3,0,3
Yuhao,3,0,3
Yuhe,0,3,3
Yuhendra,3,0,3
Yuheng,3,0,3
Yuhim,3,0,3
Yuhin,3,0,3
Yuhka,3,0,3
Yuhong,3,0,3
Yuhri,3,0,3
Yuhuan,0,3,3
Yuhwan,3,0,3
Yuhwi,3,0,3
Yui-Ki,3,0,3
Yuíchi,3,0,3
Yuillian,3,0,3
Yuima,3,0,3
Yuito,3,0,3
Yuja,0,3,3
Yujean,3,0,3
Yüjiā,3,0,3
Yujie,0,3,3
Yujun,0,3,3
Yuk-Eng,0,3,3
Yuk-Fun,0,3,3
Yuk-Kee,0,3,3
Yuk-Leng,0,3,3
Yuk-Ling,0,3,3
Yuk-Sie,0,3,3
Yuk-Yee,0,3,3
Yukai,0,3,3
Yukali,0,3,3
Yukchi,0,3,3
Yukee,3,0,3
Yukhee,0,3,3
Yuki-Lee,3,0,3
Yukia,0,3,3
Yukie,0,3,3
Yukim,3,0,3
Yukira,0,3,3
Yukita,0,3,3
Yukito,3,0,3
Yukka,3,0,3
Yuklam,0,3,3
Yukming,3,0,3
Yukong,3,0,3
Yűksel,3,0,3
Yúksel,3,0,3
Yuksing,3,0,3
Yuktesh,3,0,3
Yukteshwar,3,0,3
Yuktha,0,3,3
Yuktidevi,0,3,3
Yuktimeera,0,3,3
Yukun,0,3,3
Yukurewa,3,0,3
Yùkuriemye,0,3,3
Yukyo,3,0,3
yul,0,3,3
Yulah,0,3,3
Yulai,3,0,3
Yulaily,0,3,3
Yulainy,0,3,3
Yulaisa,0,3,3
Yulalie,0,3,3
Yulanne,0,3,3
Yulberto,3,0,3
Yulduz,0,3,3
Yulé,0,3,3
Yüled,0,3,3
Yuleeh,0,3,3
Yuleica,0,3,3
Yuleika,0,3,3
Yulen,3,0,3
Yulenka,0,3,3
Yules,3,0,3
Yulés,0,3,3
Yület,0,3,3
Yuley,0,3,3
Yulfah,0,3,3
Yulgilne,0,3,3
Yulí,0,3,3
Yuli-Ann,0,3,3
Yuli-Yanti,0,3,3
Yuliah,0,3,3
Yulían,3,0,3
Yulianno,3,0,3
Yuliano,3,0,3
Yuliantie,0,3,3
Yuliantina,0,3,3
Yuliati,0,3,3
Yuliatin,0,3,3
Yulié,0,3,3
Yuliemely,0,3,3
Yulien,3,0,3
Yuliènne,0,3,3
Yulieth,0,3,3
Yuliëtt,0,3,3
Yulietta,0,3,3
Yuliëtte,0,3,3
Yulietza,0,3,3
Yuligio,3,0,3
Yulija,0,3,3
Yulika,0,3,3
Yuling,0,3,3
Yulinho,3,0,3
Yulion,3,0,3
Yulisbeth,0,3,3
Yulisce,0,3,3
Yuliset,0,3,3
Yulishia,0,3,3
Yulisia,0,3,3
Yuliska,0,3,3
Yulismar,0,3,3
Yulithi,0,3,3
Yuliti,0,3,3
Yuliyan,3,0,3
Yullan,0,3,3
Yulli,0,3,3
Yullian,3,0,3
Yullien,3,0,3
Yulliët,0,3,3
Yulma,0,3,3
Yulne,3,0,3
Yulun,3,0,3
Yulya,0,3,3
Yulyana,0,3,3
Yumaira,0,3,3
Yumalai,0,3,3
Yumana,0,3,3
Yumanô,3,0,3
Yumano,3,0,3
Yumara,0,3,3
Yumari,0,3,3
Yumaro,3,0,3
Yumary,0,3,3
Yumas,3,0,3
Yumaynah,0,3,3
Yumè,0,3,3
Yumee,0,3,3
Yuméro,3,0,3
Yumke,0,3,3
Yumme,0,3,3
Yummee,0,3,3
Yummi,0,3,3
Yumnie,3,0,3
Yumniyya,0,3,3
Yumo,0,3,3
Yumy,0,3,3
Yún,0,3,3
Yŭn,0,3,3
Yun-Hui,0,3,3
Yun-Jin,3,0,3
Yun-Ku,3,0,3
Yun-Kwong,3,0,3
Yun-Li,3,0,3
Yun-Shan,3,0,3
Yun-Xin,0,3,3
Yun-Yie,0,3,3
Yuná,0,3,3
Yûna,0,3,3
YunA,0,3,3
Yuna-Estée,0,3,3
Yuna-Jill,0,3,3
Yuna-Lee,0,3,3
Yuna-Rose,0,3,3
Yunae,0,3,3
Yunai,0,3,3
Yunaidah,0,3,3
Yunaidi,3,0,3
Yunairis,0,3,3
Yunan,3,0,3
Yunar,3,0,3
Yunarno,3,0,3
Yunay,3,0,3
Yunayra,0,3,3
Yunby,0,3,3
Yuncay,0,3,3
Yuncha,0,3,3
Yund,3,0,3
Yunda,0,3,3
Yundey,0,3,3
Yundi,0,3,3
Yuneal,3,0,3
Yuneed,3,0,3
Yuneldrick,3,0,3
Yunene-imiê,0,3,3
Yunengsih,0,3,3
Yuner,0,3,3
Yunesia,0,3,3
Yunesta,0,3,3
Yünez,3,0,3
Yunfan,0,3,3
Yunfeí,3,0,3
Yung-Di,3,0,3
Yung-Fung,3,0,3
Yung-Li,3,0,3
Yungbao,3,0,3
Yunggi,3,0,3
Yungxin,3,0,3
Yunhan,0,3,3
Yunheng,0,3,3
Yunia,0,3,3
Yuniani,0,3,3
Yunianto,3,0,3
Yunica,0,3,3
Yunick,3,0,3
Yunie,0,3,3
Yuniek,0,3,3
Yunier,3,0,3
Yuniet,0,3,3
Yunior,3,0,3
Yunisia,0,3,3
Yuniti,0,3,3
Yuniz,3,0,3
Yunke,0,3,3
Yunlin,3,0,3
Yunn,0,3,3
Yunn-Chi,0,3,3
Yunn-Shin,0,3,3
Yunn-Xiong,3,0,3
Yunnah,0,3,3
Yunnan,0,3,3
Yunnayya,0,3,3
Yunnes,3,0,3
Yunniar,3,0,3
Yunnus,3,0,3
Yunqi,0,3,3
Yunru,3,0,3
Yunsan,3,0,3
Yuntin,0,3,3
Yunting,3,0,3
Yunuën,0,3,3
Yunuh,3,0,3
Yunuo,0,3,3
Yunushan,3,0,3
Yunwen,0,3,3
Yunya,0,3,3
Yunyang,3,0,3
Yunyi,0,3,3
Yunze,3,0,3
Yuoandy,3,0,3
Yuòn,0,3,3
Yupha,0,3,3
Yupina,0,3,3
Yupita,0,3,3
Yuqiao,0,3,3
Yuqing,0,3,3
Yuque,3,0,3
Yüra,3,0,3
Yuradj,3,0,3
Yurae,3,0,3
Yurah,0,3,3
Yuraino,3,0,3
Yuranan,3,0,3
Yurandira,0,3,3
Yurbano,3,0,3
Yurchenska,0,3,3
Yurdabey,3,0,3
Yurdacan,3,0,3
Yürdagül,0,3,3
Yurdagul,0,3,3
Yurdağül,0,3,3
Yurdaila,0,3,3
Yurdaily's,0,3,3
Yurdano,3,0,3
Yürdasen,3,0,3
Yurday,3,0,3
Yurdesin,0,3,3
Yurdley,3,0,3
Yurdum,3,0,3
Yurdusev,0,3,3
Yurdy,3,0,3
Yurec,3,0,3
Yureck,3,0,3
Yuree,0,3,3
Yurèk,3,0,3
Yurèn,3,0,3
Yuren,3,0,3
Yuréna,0,3,3
Yurenna,0,3,3
Yüreno,3,0,3
Yurge,3,0,3
Yurgos,3,0,3
Yurhan,3,0,3
Yurheally,0,3,3
Yuri-Alexander,3,0,3
Yuri-Gerrart,3,0,3
Yuri-Ivan,3,0,3
Yuri-Michèl,3,0,3
Yuri-Mitchel,3,0,3
Yuri-Pascal,0,3,3
Yuriana,0,3,3
Yurianny,0,3,3
Yuric,3,0,3
Yuricha,0,3,3
Yurick,3,0,3
Yurickson,3,0,3
Yurico,0,3,3
Yurid,3,0,3
Yuridia,0,3,3
Yurien,3,0,3
Yurij,3,0,3
Yurijah,3,0,3
Yurijan,3,0,3
Yurijn,3,0,3
Yurika,0,3,3
Yurike,0,3,3
Yurim,3,0,3
Yurimi,3,0,3
Yurinho,3,0,3
Yuris,3,0,3
Yurisca,0,3,3
Yurish,3,0,3
Yurisma,0,3,3
Yurita,0,3,3
Yurith,0,3,3
Yuritzy,0,3,3
Yurk-Ngan,0,3,3
Yurki,3,0,3
Yurleidy,0,3,3
Yurley,0,3,3
Yurliáno,3,0,3
Yurliviënne,0,3,3
Yurmain,3,0,3
Yurmean,3,0,3
Yurnailys,0,3,3
Yurne,3,0,3
Yurnick,3,0,3
Yurnior,3,0,3
Yurnison,3,0,3
Yurora,3,0,3
Yurri,3,0,3
Yurrin,3,0,3
Yurrino,3,0,3
Yurry,3,0,3
Yursen,3,0,3
Yursil,3,0,3
Yursley,3,0,3
Yurtagul,3,0,3
Yurtan,0,3,3
Yurtcan,3,0,3
Yurtsev,3,0,3
Yurtseven,0,3,3
Yuru,0,3,3
Yuruani,0,3,3
Yurvencey,3,0,3
Yurville,3,0,3
Yurvin,3,0,3
Yurwen,3,0,3
Yuryen,3,0,3
Yuryevich,3,0,3
Yüşâ,3,0,3
Yusaef,3,0,3
Yusahaika,0,3,3
Yusaira,0,3,3
Yusairah,0,3,3
Yusamin,0,3,3
Yusan,3,0,3
Yusely,0,3,3
Yuseph,3,0,3
Yüseyra,0,3,3
Yuseyrenur,0,3,3
Yusf,3,0,3
Yushá,3,0,3
Yushen,0,3,3
Yusheng,3,0,3
Yushi,3,0,3
Yushica,0,3,3
Yushu,0,3,3
Yushu'a,3,0,3
Yushwantie,0,3,3
Yusi,0,3,3
Yùsi,3,0,3
Yusian,3,0,3
Yusin,3,0,3
Yuska,0,3,3
Yusley,0,3,3
Yusnita,0,3,3
Yusoef,3,0,3
Yüsrâ,0,3,3
Yūsra,0,3,3
Yűsra,0,3,3
Yüsrabuĝlem,0,3,3
Yusrah,0,3,3
Yusranur,0,3,3
Yüsre,0,3,3
Yusriyya,0,3,3
Yussaf,3,0,3
Yusser,0,3,3
Yussi,0,3,3
Yussir,0,3,3
Yussouf,3,0,3
Yussra,0,3,3
Yussriya,0,3,3
Yussry,3,0,3
Yussur,0,3,3
Yuste,3,0,3
Yusten,3,0,3
Yusti,0,3,3
Yustianti,0,3,3
Yustine,0,3,3
Yustiniyanova,0,3,3
Yustupha,3,0,3
Yusu,0,3,3
Yúsùf,3,0,3
yusuf,3,0,3
Yusuf-Can,3,0,3
Yusuf-Emri,3,0,3
Yusufade,3,0,3
Yusufamir,3,0,3
Yusufarslan,3,0,3
Yusufemin,3,0,3
Yusufensar,3,0,3
Yusufeymen,3,0,3
Yusuff,3,0,3
Yusufkaan,3,0,3
Yusuke-Kimimura,3,0,3
Yusuph,3,0,3
Yutah,0,3,3
Yutan,3,0,3
Yutang,0,3,3
Yutaro,3,0,3
Yuten,3,0,3
Yutha,0,3,3
Yuthvichea,3,0,3
Yuti,0,3,3
Yutika,0,3,3
Yutine,0,3,3
Yutling,0,3,3
Yuuls,3,0,3
Yuun-ka,0,3,3
Yuuna,0,3,3
Yuusser,0,3,3
Yuut,0,3,3
Yuuta,3,0,3
Yuv,3,0,3
Yuvain,3,0,3
Yuvan,3,0,3
Yuvarnio,3,0,3
Yuviënka,0,3,3
Yuvinya,0,3,3
Yuvtaj,3,0,3
Yuvvraaj,3,0,3
Yuway,3,0,3
Yuweçeon,3,0,3
Yuwei,0,3,3
Yuwël,3,0,3
Yuwelda,0,3,3
Yuwèndi,0,3,3
Yuwin,3,0,3
Yuwini,3,0,3
Yuwon,3,0,3
Yuxiang,3,0,3
Yuxie,0,3,3
Yuxien,3,0,3
Yuximi,0,3,3
Yuxing,3,0,3
Yŭxuān,3,0,3
Yuyang,3,0,3
Yuye,3,0,3
Yuyong,0,3,3
Yuyou,0,3,3
Yuzairsaif,3,0,3
Yuzak,3,0,3
Yuzarsif,3,0,3
Yüzey,0,3,3
Yuzhiradini,0,3,3
Yuzhou,3,0,3
Yuziana,0,3,3
Yuzo,3,0,3
Yuzuf,3,0,3
Yv-Lysha,0,3,3
Yvaan,3,0,3
Yvad,3,0,3
Yvaida,0,3,3
Yvainell,3,0,3
Yvainishio,3,0,3
Yvainn,0,3,3
Yvainne,0,3,3
Yvaiy,0,3,3
Yvaleisah,0,3,3
Yvaliena,0,3,3
Yvalina,0,3,3
Yvanah,0,3,3
Yvanaisha,0,3,3
Yvanchèlay,3,0,3
Yvanda,0,3,3
Yvander,3,0,3
Yvanel,0,3,3
Yvanethy,0,3,3
Yvanilda,0,3,3
Yvanildo,3,0,3
Yvanje,0,3,3
Yvanke,0,3,3
Yvanko,3,0,3
Yvanni,0,3,3
Yvannia,0,3,3
Yvannie,0,3,3
Yvannildo,3,0,3
Yvannö,3,0,3
Yvannov,3,0,3
Yvanoph,3,0,3
Yvara,0,3,3
Yvard,3,0,3
Yvaria,0,3,3
Yvarinho,3,0,3
Yvarion,3,0,3
Yvaro,3,0,3
Yvarro,3,0,3
Yvary-Ycan,3,0,3
Yvas,3,0,3
Yvayrah,0,3,3
Yve-Amo,3,0,3
Yve-Ann,0,3,3
Yve-Glenn,3,0,3
Yvéa,0,3,3
Yvea,0,3,3
Yvealynn,0,3,3
Yved,0,3,3
Yvek,3,0,3
Yvelice,0,3,3
Yvelis,0,3,3
Yvelise,0,3,3
Yvelissa,0,3,3
Yvella,0,3,3
Yvelot,0,3,3
Yvely,0,3,3
Yvemarie,0,3,3
Yvena,0,3,3
Yvenca,0,3,3
Yvenchia,0,3,3
Yvencio,3,0,3
Yvender,3,0,3
Yvendi,3,0,3
Yvendon,3,0,3
Yvengely,0,3,3
Yvenley,0,3,3
Yvennah,0,3,3
Yvenny,0,3,3
Yvenoha,3,0,3
Yvens,3,0,3
Yvenyldo,3,0,3
Yvèr,3,0,3
Yveraldo,3,0,3
Yverí,3,0,3
Yverny,0,3,3
Yverose,0,3,3
Yvés,3,0,3
Yves-Aimé,3,0,3
Yves-Celine,0,3,3
Yves-Daniël,3,0,3
Yves-Laurent,3,0,3
Yves-Luciën,3,0,3
Yves-Marell,3,0,3
Yves-Marie,3,0,3
Yves-Maurice,3,0,3
Yves-Nouvell,3,0,3
Yves-Robert,3,0,3
Yves-Sean,3,0,3
Yves-Thierry,3,0,3
Yves-Valentin,3,0,3
Yves-Vincent,3,0,3
Yvesse,0,3,3
Yveta,3,0,3
Yvetayo,0,3,3
Yvêth,0,3,3
Yvethe,0,3,3
Yvette-Chantalle,0,3,3
Yvette-Daniëlle,0,3,3
Yvette-Geraldine,0,3,3
Yvette-Jeanette,0,3,3
Yvette-Renée,0,3,3
Yvettha,0,3,3
Yvey,0,3,3
Yvèz,3,0,3
Yvez,3,0,3
Yvfa,0,3,3
Yvge,0,3,3
Yvgenivich,3,0,3
Yvha,0,3,3
Yvi-May,0,3,3
Yvi-Mylene,0,3,3
Yvi-Yahnae,0,3,3
Yviana,0,3,3
Yviano,3,0,3
Yvich,0,3,3
Yvie-Shay,0,3,3
Yvien,0,3,3
Yviënna,0,3,3
Yvienne,0,3,3
Yvilynn,0,3,3
Yvina,0,3,3
Yvince,3,0,3
Yvine,0,3,3
Yvinne,0,3,3
Yvionn,0,3,3
Yvito,3,0,3
Yvjage,0,3,3
Yvjar,3,0,3
Yvjonne,0,3,3
Yvka,0,3,3
Yvmorella,0,3,3
Yvo-Janna,0,3,3
Yvo-Martijn,3,0,3
Yvoire,0,3,3
Yvolinho,3,0,3
Yvon-Annette,0,3,3
Yvon-Lisa,0,3,3
Yvonaisa,0,3,3
Yvonca,0,3,3
Yvonda,0,3,3
Yvondora,0,3,3
Yvonette,0,3,3
Yvonger,3,0,3
Yvonildo,3,0,3
Yvonisius,3,0,3
Yvonja,0,3,3
Yvonné,0,3,3
Yvonne-Jane,0,3,3
Yvonne-Louise,0,3,3
Yvonne-Maria,0,3,3
Yvonne-Marie,0,3,3
Yvonne-Miranda,0,3,3
Yvonne-Petra,0,3,3
Yvonne-Thérèse,0,3,3
Yvonnell,3,0,3
Yvonnetta,0,3,3
Yvonney,0,3,3
Yvonnicia,0,3,3
Yvonnick,3,0,3
Yvonnne,0,3,3
Yvonno,3,0,3
Yvonnus,3,0,3
Yvonny,0,3,3
Yvontine,0,3,3
Yvoréna,0,3,3
Yvorene,0,3,3
Yvorie,0,3,3
Yvoriël,0,3,3
Yvorno,3,0,3
Yvré,0,3,3
Yvrèn,0,3,3
Yvri,0,3,3
Yvyenne,0,3,3
Ywahna,0,3,3
Ywanda,0,3,3
Ywanka,0,3,3
Ywano,3,0,3
Ywanto,3,0,3
Ywein,3,0,3
Yweke,0,3,3
Ywem,0,3,3
Ywenco,3,0,3
Ywenne,0,3,3
Ywer,3,0,3
Ywert,3,0,3
Ywi,3,0,3
Yworna,0,3,3
Ywres,0,3,3
Yxora,0,3,3
Yxxyenne,0,3,3
Yyad,3,0,3
Yzaar,3,0,3
Yzafee,0,3,3
Yzaga,3,0,3
Yzaibel,0,3,3
Yzaila,0,3,3
Yzaïra,0,3,3
Yzairo,3,0,3
Yzaja,0,3,3
Yzamor,0,3,3
Yzandro,3,0,3
Yzäno,3,0,3
Yzaquel,3,0,3
Yzar,3,0,3
Yzarius,3,0,3
Yzé,0,3,3
Yze-Mare,0,3,3
Yzebelle,0,3,3
Yzebo,3,0,3
Yzechía,0,3,3
Yzelot,0,3,3
Yzenna,0,3,3
Yzerette,3,0,3
Yzeron,3,0,3
Yziena,0,3,3
Yzin,3,0,3
Yzn,3,0,3
Yzo,3,0,3
Yzoeye,0,3,3
Yzon,3,0,3
Yzra,3,0,3
Yzuye,3,0,3
Yzza,0,3,3
Yzzis,0,3,3
Yøndela,0,3,3
Yørn,3,0,3
