Name,Men,Women,Total
Zoë,81,11551,11632
Zwaantje,3,3407,3410
Zakaria,2213,5,2218
Zeynep,0,1979,1979
Zara,3,1740,1743
Zehra,3,1299,1302
Zahra,3,1218,1221
Zeger,1084,3,1087
Zoey,28,887,915
Zacharias,803,5,808
Ziva,3,575,578
Zainab,0,570,570
Zita,3,535,538
Zwaantina,0,515,515
Zohra,3,497,500
Zion,450,28,478
Zeno,435,3,438
Ziggy,354,76,430
Zwier,410,3,413
Zarah,0,401,401
Zayn,383,3,386
Zümra,0,331,331
Zeliha,0,300,300
Zefanja,146,144,290
Zwanette,0,287,287
Zeb,273,3,276
Zina,0,274,274
Zoé,7,265,272
Zayd,269,0,269
Zaid,256,3,259
Zineb,0,256,256
Zakariya,234,3,237
Zeyneb,0,234,234
Zino,230,3,233
Zora,3,228,231
Zico,214,0,214
Zenna,29,177,206
Zola,22,171,193
Zippora,3,189,192
Zwaantinus,190,0,190
Zinzi,3,186,189
Zakia,3,186,189
Zoëy,20,167,187
Zhi,119,65,184
Zoetje,0,184,184
Zofia,0,184,184
Zouhair,175,0,175
Zwanet,0,175,175
Zonne,3,171,174
Zinedine,169,3,172
Ziya,138,31,169
Zeinab,0,164,164
Zafer,157,3,160
Zef,154,3,157
Zier,156,0,156
Zen,137,18,155
Zegert,154,0,154
Zev,150,0,150
Züleyha,0,149,149
Zegerina,3,141,144
Zoe,3,139,142
Zwanetta,0,137,137
Zain,131,5,136
Zarina,0,136,136
Zep,136,0,136
Zachary,130,0,130
Zwaantien,0,130,130
Zoran,125,0,125
Zelda,0,124,124
Zaineb,0,122,122
Zaynab,0,120,120
Zeki,112,3,115
Zeth,114,0,114
Zacharia,79,34,113
Zilla,0,113,113
Zena,0,105,105
Zahir,103,3,106
Zoya,0,104,104
Zilan,3,100,103
Ziyad,98,3,101
Zhen,53,48,101
Zeyd,100,0,100
Ziad,100,0,100
Zübeyde,0,99,99
Zidane,96,0,96
Zana,25,70,95
Zane,94,3,97
Zeeger,95,0,95
Zenzi,3,93,96
Zahide,0,94,94
Zaina,0,83,83
Zekiye,0,83,83
Zohair,83,0,83
Zahira,0,81,81
Zia,26,55,81
Zaki,72,7,79
Zaïd,76,3,79
Zeynel,78,0,78
Zahid,71,5,76
Zaza,10,66,76
Zekeriya,73,3,76
Zowie,46,30,76
Zadrach,74,0,74
Zoltán,72,3,75
Zwaantiena,0,74,74
Zine-Eddine,73,0,73
Zweitse,73,0,73
Zayneb,0,72,72
Zanna,3,70,73
Zander,69,3,72
Zoï,3,64,67
Zühal,0,66,66
Zerina,0,64,64
Zaira,0,60,60
Zamira,0,60,60
Zelal,0,60,60
Zyon,57,3,60
Zenn,53,5,58
Zillah,0,58,58
Zeenat,0,56,56
Zenne,17,39,56
Zahraa,0,55,55
Zusje,0,55,55
Zoubeir,54,0,54
Zuzanna,0,54,54
Zayne,53,0,53
Zyan,53,0,53
Zülal,0,52,52
Zaya,3,48,51
Zerda,0,51,51
Zweitze,51,0,51
Zaïra,0,50,50
Ziyana,0,50,50
Zulma,7,43,50
Zwaantjen,0,50,50
Zwerus,50,0,50
Ziena,0,49,49
Zsuzsanna,0,49,49
Zepp,48,0,48
Zheng,32,16,48
Zhou,27,21,48
Zosja,0,48,48
Zhané,0,47,47
Zuhal,0,47,47
Zakiya,0,46,46
Zerrin,0,46,46
Zsa,0,46,46
Zee,16,29,45
Zipporah,0,45,45
Zayed,44,0,44
Zoulikha,0,44,44
Zubair,43,3,46
Zoraida,0,43,43
Zoubida,0,43,43
Zowi,15,28,43
Zwaantine,0,43,43
Zaara,0,41,41
Zack,41,0,41
Zenno,41,0,41
Zwiertje,0,41,41
Zed,40,0,40
Zerline,0,40,40
Zhang,34,6,40
Zhong,36,3,39
Zazie,0,39,39
Zenja,8,31,39
Zorah,0,39,39
Zygmunt,39,0,39
Zephyrinus,34,3,37
Zachery,36,0,36
Zeynab,0,36,36
Zenab,0,35,35
Zenon,35,0,35
Zeph,35,0,35
Zinnia,0,35,35
Zişan,6,29,35
Zjuul,31,3,34
Zumra,0,35,35
Zwanie,0,35,35
Zwenna,0,35,35
Ziza,3,32,35
Zohal,0,33,33
Zaria,0,32,32
Zbigniew,32,0,32
Zenobia,0,32,32
Zümrüt,0,32,32
Zwanita,0,32,32
Zahia,0,31,31
Zarife,3,30,33
Zelina,0,31,31
Zindzi,0,31,31
Zosia,0,31,31
Zwana,0,31,31
Zawadi,9,21,30
Zeineb,0,30,30
Zerya,0,30,30
Zhe,28,3,31
Zian,30,0,30
Zilvester,29,3,32
Zinédine,29,3,32
Zinzy,0,30,30
Zusanna,3,29,32
Zwerina,0,30,30
Zaman,26,3,29
Zare,3,26,29
Zayan,29,0,29
Zeren,0,29,29
Zerin,3,28,31
Zhao,22,7,29
Zahara,0,28,28
Zefanya,6,22,28
Zoltan,28,0,28
Zooey,3,25,28
Zubaida,0,28,28
Zafir,27,0,27
Zahier,27,0,27
Zias,27,0,27
Zine,15,12,27
Zorana,0,27,27
Zafirah,0,26,26
Zayna,0,26,26
Zaynah,0,26,26
Zienat,0,26,26
Zwannette,0,26,26
Zafar,19,6,25
Zakariye,25,0,25
Zakarya,25,0,25
Zamir,22,3,25
Zayra,0,25,25
Zeegert,25,0,25
Zephaniah,12,13,25
Zlatan,25,0,25
Zohar,13,12,25
Zouhir,25,0,25
Zwantina,3,24,27
Zacheus,24,0,24
Zahida,3,23,26
Zala,0,24,24
Zappa,23,3,26
Zephyr,21,3,24
Zhara,0,24,24
Zhu,12,12,24
Zidan,24,0,24
Zizi,0,24,24
Zozan,0,24,24
Zülfikar,24,0,24
Zunairah,0,24,24
Zamora,3,22,25
Zelia,0,23,23
Zeta,0,23,23
Zineddine,23,0,23
Zulay,0,23,23
Zwenneken,0,23,23
Zwierina,0,23,23
Zwopkje,0,23,23
Zadok,22,0,22
Zafira,0,22,22
Zamzam,3,20,23
Zdenka,0,22,22
Zeeshan,19,3,22
Zegerdina,0,22,22
Zélie,3,21,24
Zuleika,0,22,22
Zunaira,0,22,22
Zaïr,20,3,23
Zakariyya,21,0,21
Zeyna,0,21,21
Zhuo,17,3,20
Zorica,0,21,21
Zsofi,0,21,21
Zübeyr,21,0,21
Zwanny,0,21,21
Zweder,21,0,21
Zendaya,0,20,20
Ziara,3,19,22
Zinedin,20,0,20
Zsuzsa,3,19,22
Zühre,0,20,20
Zülâl,0,20,20
Zülfiye,0,20,20
Zavi,18,3,21
Zenaida,0,19,19
Ziba,3,18,21
Ziyaad,19,0,19
Zöhre,0,19,19
Zoja,3,18,21
Zowy,3,17,20
Zuhair,16,3,19
Zuwena,0,19,19
Zyra,0,19,19
Zaïda,0,18,18
Zayenne,0,18,18
Zebulon,18,0,18
Zem,18,0,18
Zeyn,18,0,18
Zhan,17,3,20
Zilpa,0,18,18
Zjoske,0,18,18
Zoila,0,18,18
Zoubair,18,0,18
Zuleyha,0,18,18
Zyana,0,18,18
Zacarias,15,3,18
Zackaria,17,0,17
Zaheer,13,3,16
Zahrah,0,17,17
Zaida,0,17,17
Zaïna,0,17,17
Zameer,17,0,17
Zamire,0,17,17
Zavier,16,3,19
Zayaan,14,3,17
Zephyrina,0,17,17
Zeus,17,0,17
Zimra,0,17,17
Zinaida,0,17,17
Zübeyir,17,0,17
Zahiera,0,16,16
Zandrie,16,0,16
Zanyar,16,0,16
Zeneb,0,16,16
Zenya,3,14,17
Zerlina,0,16,16
Zinat,0,16,16
Zlata,0,16,16
Zlatko,16,0,16
Zsófia,0,16,16
Zulal,3,15,18
Zuster,0,16,16
Zwanida,0,16,16
Zac,15,0,15
Zani,11,3,14
Zareena,0,15,15
Zein,15,0,15
Zinab,0,15,15
Zipora,0,15,15
Zoè,3,14,17
Zsazsa,0,15,15
Zwaannette,0,15,15
Zwany,0,15,15
Zwi,14,3,17
Zachariah,14,0,14
Zaheera,0,14,14
Zaïn,12,3,15
Zaïre,3,12,15
Zakariae,14,0,14
Zandra,0,14,14
Zascha,9,5,14
Zdravko,14,0,14
Zebedeus,14,0,14
Zefania,3,13,16
Zefnath,14,0,14
Zemira,0,14,14
Zenia,0,14,14
Zera,0,14,14
Zeshan,14,0,14
Zinho,14,0,14
Zoë-Lynn,0,14,14
Zoebeida,0,14,14
Zoha,0,14,14
Zorro,13,3,16
Zsuzsánna,0,14,14
Zulaika,0,14,14
Zülfikâr,14,0,14
Zvonimir,14,0,14
Zwannetta,0,14,14
Zwantinus,14,0,14
Zaher,10,3,13
Zalina,0,13,13
Zariena,0,13,13
Zärrin,3,10,13
Zasha,5,8,13
Zebedeüs,13,0,13
Zeena,0,13,13
Zeina,0,13,13
Zekeriyya,13,0,13
Zelma,0,13,13
Zivah,0,13,13
Zohara,0,13,13
Zorina,0,13,13
Zsa-Zsa,0,13,13
Zvonko,12,3,15
Zyara,0,13,13
Zainal,12,0,12
Zakir,12,0,12
Zarayda,0,12,12
Zazi,3,11,14
Zdzislaw,12,0,12
Zeff,12,0,12
Zehranur,0,12,12
Zelie,3,11,14
Zella,3,11,14
Zendé,12,0,12
Zeppe,11,3,14
Ziggi,11,3,14
Zijtje,0,12,12
Zimri,11,3,14
Zinah,3,11,14
Zira,0,12,12
Ziyed,12,0,12
Zöe,0,12,12
Zoebaida,0,12,12
Zohaib,12,0,12
Zsolt,12,0,12
Zusanne,0,12,12
Zvi,12,0,12
Zwaantienus,12,0,12
Zwaninus,12,0,12
Zweersina,0,12,12
Zweerus,12,0,12
Zyad,12,0,12
Zahed,11,0,11
Zakiyah,0,11,11
Zané,0,11,11
Zanne,3,10,13
Zanoah,8,3,11
Zarif,7,3,10
Zarifa,0,11,11
Zazou,0,11,11
Zea,3,9,12
Zefánja,7,3,10
Zeid,11,0,11
Zejna,0,11,11
Zekeriye,11,0,11
Zelena,0,11,11
Zinaïda,0,11,11
Zip,10,3,13
Zishan,11,0,11
Zoi,0,11,11
Zosha,3,10,13
Zulfiqar,10,3,13
Zuma,3,8,11
Zwaanette,0,11,11
Zwannet,0,11,11
Zweers,11,0,11
Zwen,11,0,11
Zach,10,0,10
Zadrak,10,0,10
Zahirah,0,10,10
Zam,3,6,9
Zamar,6,3,9
Zaraida,0,10,10
Ze'ev,10,0,10
Zeferino,10,0,10
Zemzem,0,10,10
Zenan,0,10,10
Zerah,3,6,9
Zeyad,10,0,10
Zeycan,0,10,10
Zila,3,9,12
Zinet,0,10,10
Zoelaiga,0,10,10
Zohir,10,0,10
Zonna,0,10,10
Zoraya,0,10,10
Zouhra,0,10,10
Zsofia,0,10,10
Zubeida,0,10,10
Zubeyr,10,0,10
Zuhaira,0,10,10
Zulekha,0,10,10
Zuriël,9,3,12
Zuzana,0,10,10
Zwerius,10,0,10
Zynab,0,10,10
Zabida,0,9,9
Zacha,3,7,10
Zacheüs,9,0,9
Zackery,9,0,9
Zade,5,3,8
Zaeem,9,0,9
Zagros,9,0,9
Zamani,3,8,11
Zan,5,3,8
Zareen,3,8,11
Zayden,9,0,9
Zebo,9,0,9
Zefnat,9,0,9
Zenzy,0,9,9
Zepherinus,9,0,9
Zephyra,0,9,9
Zerra,0,9,9
Zeva,0,9,9
Ziko,9,0,9
Zinan,9,0,9
Ziqi,3,7,10
Ziyi,0,9,9
Zofie,0,9,9
Zoí,0,9,9
Zorba,8,3,11
Zsuzsika,0,9,9
Zubayr,9,0,9
Zübeyda,0,9,9
Zubin,8,3,11
Zulaicha,0,9,9
Zulema,0,9,9
Zülfü,8,3,11
Zuri,3,7,10
Zusan,0,9,9
Zwannie,0,9,9
Zweerina,0,9,9
Zwenneke,0,9,9
Zyno,9,0,9
Zaarah,0,8,8
Zabit,8,0,8
Zacharina,0,8,8
Zafiera,0,8,8
Zaim,8,0,8
Zaïnab,0,8,8
Zairo,8,0,8
Zakariyah,8,0,8
Zaklina,0,8,8
Zalin,0,8,8
Zamier,8,0,8
Zamorano,8,0,8
Zano,8,0,8
Zari,0,8,8
Zarin,3,3,6
Zayon,8,0,8
Zäzilia,0,8,8
Zdenko,8,0,8
Zeca,8,0,8
Zeke,8,0,8
Zela,0,8,8
Zenaïda,0,8,8
Zenith,8,0,8
Zenobius,8,0,8
Zephania,3,7,10
Zeruja,0,8,8
Zhane,7,3,10
Zigo,8,0,8
Zihan,5,3,8
Zing,6,3,9
Ziona,0,8,8
Zisan,3,6,9
Zito,8,0,8
Ziv,8,0,8
Ziyan,7,3,10
Zoëlle,3,7,10
Zoetina,0,8,8
Zorayda,0,8,8
Zoubir,8,0,8
Zouhaïr,8,0,8
Zubeyde,0,8,8
Zulfikar,8,0,8
Zümral,0,8,8
Zuriel,7,3,10
Zwaandina,0,8,8
Zwaanhilde,0,8,8
Zwaannetta,0,8,8
Zweris,8,0,8
Zaahir,7,0,7
Zaar,0,7,7
Zabrina,0,7,7
Zacharja,7,0,7
Zachea,0,7,7
Zafanja,0,7,7
Zaffar,7,0,7
Zahera,0,7,7
Zahrae,0,7,7
Zainul,7,0,7
Zantina,0,7,7
Zaven,7,0,7
Zavy,7,0,7
Zayen,3,3,6
Zecharja,5,3,8
Zegerius,7,0,7
Zehna,3,6,9
Zenjiro,7,0,7
Zephanja,3,3,6
Ziana,0,7,7
Ziarah,0,7,7
Zied,6,3,9
Zieshan,7,0,7
Zinga,3,5,8
Zitta,0,7,7
Zivan,7,0,7
Zixuan,3,3,6
Zoë-Jane,0,7,7
Zoël,6,3,9
Zoie,0,7,7
Zong,7,0,7
Zonja,3,6,9
Zophia,0,7,7
Zoraïda,0,7,7
Zoraima,0,7,7
Zorra,0,7,7
Zoscha,0,7,7
Zsiga,6,3,9
Zubeyda,0,7,7
Zuhaib,7,0,7
Zuheyra,0,7,7
Zulaiga,0,7,7
Zulaikha,0,7,7
Zülbiye,0,7,7
Zwanik,7,0,7
Zwantine,0,7,7
Zyva,0,7,7
Zabel,0,6,6
Zacaria,6,0,6
Zahar,5,3,8
Zaila,0,6,6
Zaïm,6,0,6
Zaïneb,0,6,6
Zaiyon,6,0,6
Zakarias,6,0,6
Zakarija,6,0,6
Zaky,6,0,6
Zaliha,0,6,6
Zamarra,0,6,6
Zannah,0,6,6
Zanthe,0,6,6
Zara-Lynn,0,6,6
Zaray,0,6,6
Zarmina,0,6,6
Zaro,6,0,6
Zarrin,0,6,6
Zavannah,0,6,6
Zayah,0,6,6
Zayana,0,6,6
Zazu,3,3,6
Zechariah,6,0,6
Zedd,6,0,6
Zeen,5,3,8
Zeenath,0,6,6
Zéfanja,3,3,6
Zekerya,6,0,6
Zenani,3,5,8
Zephalinda,0,6,6
Zeppo,5,3,8
Zerena,0,6,6
Ziane,5,3,8
Ziano,6,0,6
Zie,3,3,6
Zientje,0,6,6
Zijad,6,0,6
Zijntje,0,6,6
Zildjian,6,0,6
Zinadine,5,3,8
Zinnur,3,3,6
Zione,0,6,6
Zishaan,6,0,6
Ziyaan,6,0,6
Zjef,6,0,6
Zoa,3,5,8
Zoia,0,6,6
Zonzo,3,3,6
Zorn,6,0,6
Zubeer,6,0,6
Zuhra,0,6,6
Zühtü,6,0,6
Zülkarneyn,6,0,6
Zuzanne,0,6,6
Zwanine,0,6,6
Zweerzina,0,6,6
Zwierinus,6,0,6
Zwiert,6,0,6
Zya,3,3,6
Zygia,0,6,6
Zygmund,6,0,6
Zaahira,0,5,5
Zaccaria,3,3,6
Zacharya,3,3,6
Zacherias,5,0,5
Zackariya,5,0,5
Zacky,5,0,5
Zadik,5,0,5
Zadrac,5,0,5
Zafia,0,5,5
Zafier,5,0,5
Zafiro,3,3,6
Zaggrinus,5,0,5
Zahaira,0,5,5
Zahi,3,3,6
Zaïde,0,5,5
Zaidi,3,3,6
Zaima,0,5,5
Zaine,5,0,5
Zakija,0,5,5
Zalika,0,5,5
Zamara,0,5,5
Zamé,3,3,6
Zamo,5,0,5
Zandalee,0,5,5
Zanira,0,5,5
Zany,3,3,6
Zarai,0,5,5
Zaraï,0,5,5
Zarana,0,5,5
Zarella,0,5,5
Zarine,0,5,5
Zarko,5,0,5
Zayrah,0,5,5
Zayyan,5,0,5
Zazoe,0,5,5
Zdena,0,5,5
Zdeněk,5,0,5
Zeed,3,3,6
Zeegers,5,0,5
Zegerus,3,3,6
Zekai,5,0,5
Zelah,0,5,5
Zeljko,5,0,5
Zemfira,0,5,5
Zendy,0,5,5
Zene,3,3,6
Zenovia,0,5,5
Zephirine,0,5,5
Zerahja,3,3,6
Zeraja,3,3,6
Zeralda,0,5,5
Zevanya,3,3,6
Zeynal,5,0,5
Zeynepnur,0,5,5
Zeyno,3,3,6
Zeyşan,0,5,5
Zhé,3,3,6
Zhia,3,3,6
Zhora,0,5,5
Zhour,0,5,5
Zhun,3,3,6
Zihao,5,0,5
Zihni,5,0,5
Zilfi,0,5,5
Zilvan,5,0,5
Zilvana,0,5,5
Zimo,3,3,6
Zinar,5,0,5
Zinnet,0,5,5
Ziraili,3,3,6
Zivka,3,3,6
Zixin,3,3,6
Ziyal,0,5,5
Ziynet,0,5,5
Zizou,3,3,6
Zjenja,3,3,6
Zjos,3,3,6
Zoë-Ann,0,5,5
Zoë-Mae,0,5,5
Zoebair,5,0,5
Zoheb,5,0,5
Zorika,0,5,5
Zorka,0,5,5
Zoy,3,3,6
Zsigmond,5,0,5
Zsófi,0,5,5
Zsofie,0,5,5
Zühâl,0,5,5
Zuhayb,5,0,5
Zühra,0,5,5
Zuhre,0,5,5
Zuko,5,0,5
Zuleyka,0,5,5
Zümre,0,5,5
Zuraida,0,5,5
Zuzan,0,5,5
Zvezdana,0,5,5
Zwaniek,3,3,6
Zwanique,0,5,5
Zwantje,0,5,5
Zweeres,5,0,5
Zygfryd,5,0,5
Zaakia,0,3,3
Zacharius,3,0,3
Zackary,3,0,3
Zadie,0,3,3
Zaèl,3,3,6
Zaël,3,3,6
Zaffira,0,3,3
Zafina,0,3,3
Zaghloul,3,3,6
Zahava,0,3,3
Zahied,3,0,3
Zahin,3,0,3
Zahirra,0,3,3
Zahit,3,0,3
Zahran,3,0,3
Zai,3,3,6
Zaïa,0,3,3
Zaïla,0,3,3
Zainedine,3,0,3
Zairah,0,3,3
Zakar,3,3,6
Zake,3,0,3
Zakharia,3,0,3
Zakira,0,3,3
Zakya,0,3,3
Zamina,0,3,3
Zamirah,0,3,3
Zanah,0,3,3
Zanaya,0,3,3
Zandor,3,0,3
Zanele,0,3,3
Zaneta,0,3,3
Zanillya,0,3,3
Zaniyah,0,3,3
Zanoni,0,3,3
Zaphira,0,3,3
Zaqladi,3,3,6
Zareh,3,3,6
Zareska,0,3,3
Zarinah,0,3,3
Zarita,0,3,3
Zarlasht,0,3,3
Zava,0,3,3
Zaviera,0,3,3
Zay,3,3,6
Zayin,3,3,6
Zaynedine,3,0,3
Zayron,3,0,3
Zdenek,3,0,3
Zdeňka,3,3,6
Zdenna,0,3,3
Zeah,3,3,6
Zebbe,3,0,3
Zebediah,3,3,6
Zebes,3,0,3
Zedef,0,3,3
Zeenab,0,3,3
Zeev,3,0,3
Zeewij,0,3,3
Zegelina,0,3,3
Zegerardus,3,0,3
Zegerinus,3,0,3
Zejneb,0,3,3
Zek,3,0,3
Zekâi,3,0,3
Zekeria,3,0,3
Zekiya,0,3,3
Zelin,0,3,3
Zelinda,0,3,3
Zelly,0,3,3
Zemirah,0,3,3
Zeng,3,3,6
Zennah,0,3,3
Zenny,3,3,6
Zenz,3,0,3
Zeona,0,3,3
Zephijrinus,3,0,3
Zephyros,3,0,3
Zerai,3,0,3
Zerelda,0,3,3
Zerenjo,3,0,3
Zero,3,3,6
Zewdi,3,3,6
Zhanna,0,3,3
Zhina,0,3,3
Zhino,3,3,6
Zhor,0,3,3
Zhyar,3,0,3
Ziade,3,0,3
Ziani,3,3,6
Zianne,0,3,3
Zieger,3,0,3
Zieneb,0,3,3
Zieshaan,3,0,3
Zifra,0,3,3
Zihaam,0,3,3
Zijne,3,0,3
Zikra,0,3,3
Zil,3,3,6
Zilva,0,3,3
Zilvia,0,3,3
Zilvian,3,0,3
Zima,0,3,3
Zinedinne,3,0,3
Zinne,0,3,3
Zinovia,0,3,3
Zinu,3,3,6
Zio,3,0,3
Zipp,3,0,3
Zirak,3,3,6
Ziran,3,3,6
Ziri,3,3,6
Zisa,0,3,3
Zitha,0,3,3
Zivana,0,3,3
Zjeraar,3,0,3
Zobia,0,3,3
Zoë-Noëlle,0,3,3
Zoëlla,0,3,3
Zohayr,3,0,3
Zoher,3,3,6
Zohraya,0,3,3
Zoïe,0,3,3
Zomayra,0,3,3
Zoni,3,0,3
Zonia,0,3,3
Zorena,0,3,3
Zorha,0,3,3
Zoricka,0,3,3
Zosima,0,3,3
Zoulfa,0,3,3
Zua,3,3,6
Zubeir,3,0,3
Zuberi,3,0,3
Zubeyir,3,0,3
Zuhâl,0,3,3
Zuhayr,3,0,3
Zuher,3,3,6
Zuheyb,3,0,3
Zülfükar,3,0,3
Zümranur,0,3,3
Zuna,0,3,3
Zuske,3,3,6
Zussie,0,3,3
Zwaana,0,3,3
Zwanieta,0,3,3
Zwantien,0,3,3
Zwetlana,0,3,3
Zwibertus,3,0,3
Zwierita,0,3,3
Zwiersen,3,0,3
Zylvester,3,0,3
Zyna,0,3,3
Zyneb,0,3,3
Zaahra,0,3,3
Zabdiël,3,3,6
Zabeelia,0,3,3
Zabeth,3,3,6
Zabiullah,3,0,3
Zabulon,3,0,3
Zacheria,3,0,3
Zackarya,3,0,3
Zada,0,3,3
Zaddys,0,3,3
Zadia,0,3,3
Zae,0,3,3
Zafania,3,3,6
Zafanya,0,3,3
Zagalo,3,0,3
Zaha,0,3,3
Zahire,0,3,3
Zahria,0,3,3
Zahwa,0,3,3
Zahya,0,3,3
Zain-Ul-Abedin,3,0,3
Zainabgatoen,0,3,3
Zainuddin,3,3,6
Zair,3,0,3
Zaïrah,0,3,3
Zaire,3,3,6
Zaïro,3,0,3
Zairon,3,0,3
Zaitoen,0,3,3
Zaja,0,3,3
Zajnab,0,3,3
Zakai,3,0,3
Zakari,3,3,6
Zakay,3,0,3
Zakeria,3,0,3
Zakier,3,0,3
Zakina,0,3,3
Zakiyyah,0,3,3
Zaland,3,0,3
Zale,3,3,6
Zalikha,0,3,3
Zalman,3,0,3
Zamaan,3,0,3
Zamaya,0,3,3
Zamea,0,3,3
Zameena,0,3,3
Zamiel,3,0,3
Zamila,0,3,3
Zamin,3,0,3
Zamorra,0,3,3
Zamyra,0,3,3
Zanaira,0,3,3
Zandro,3,0,3
Zania,0,3,3
Zanita,0,3,3
Zannie,0,3,3
Zanta,3,3,6
Zante,3,3,6
Zap,3,0,3
Zaphyr,3,0,3
Zarena,0,3,3
Zariah,0,3,3
Zarinagatoen,0,3,3
Zariya,0,3,3
Zarja,0,3,3
Zaroon,3,0,3
Zarra,3,3,6
Zasja,0,3,3
Zati,3,0,3
Zau,3,0,3
Zavirah,0,3,3
Zawen,3,0,3
Zayona,0,3,3
Zayro,3,0,3
Zdzislawa,0,3,3
Zdzisław,3,0,3
Zeba,0,3,3
Zebida,0,3,3
Zedi,3,3,6
Zeeg,3,0,3
Zefa,3,3,6
Zefalinda,0,3,3
Zefanjo,3,0,3
Zefarina,0,3,3
Zegerarda,0,3,3
Zegerlina,0,3,3
Zegertje,0,3,3
Zegher,3,0,3
Zegna,3,3,6
Zehre,0,3,3
Zeiltje,0,3,3
Zejd,3,0,3
Zeka,3,0,3
Zekarias,3,0,3
Zekariya,3,0,3
Zekerye,3,0,3
Zelaya,0,3,3
Zélia,0,3,3
Zeline,0,3,3
Zellal,0,3,3
Zelle,3,3,6
Zemar,3,0,3
Zemier,3,0,3
Zemze,0,3,3
Zenaide,0,3,3
Zenas,3,0,3
Zende,3,0,3
Zenebech,0,3,3
Zenib,0,3,3
Zenka,3,3,6
Zennay,3,3,6
Zennie,0,3,3
Zenora,0,3,3
Zensa,3,3,6
Zensi,0,3,3
Zensy,0,3,3
Zenure,0,3,3
Zephan,3,0,3
Zephirin,3,0,3
Zeppelin,0,3,3
Zer,3,3,6
Zerach,3,0,3
Zerachja,3,0,3
Zeraiah,0,3,3
Zeraya,0,3,3
Zereso,3,0,3
Zerga,3,3,6
Zergio,3,0,3
Zergius,3,0,3
Zerha,0,3,3
Zernişan,0,3,3
Zerno,3,0,3
Zesar,3,0,3
Zetta,0,3,3
Zewar,3,0,3
Zeynepsude,0,3,3
Zeytun,0,3,3
Zeza,0,3,3
Zezinho,3,0,3
Zhayen,0,3,3
Zhenga,0,3,3
Zhenya,3,3,6
Zhi-Wei,3,0,3
Zhihan,3,3,6
Zhila,0,3,3
Zhilan,0,3,3
Zhivano,3,0,3
Ziah,3,3,6
Zielan,0,3,3
Zienna,3,3,6
Zietske,0,3,3
Zifjon,3,0,3
Zig,3,3,6
Ziggie,0,3,3
Ziham,0,3,3
Ziji,0,3,3
Zikri,3,3,6
Zilko,3,3,6
Zilvano,3,0,3
Zilvijn,3,0,3
Zim,3,3,6
Zinder,3,3,6
Zine-eddine,3,0,3
Zinetta,0,3,3
Zini,3,3,6
Zinna,0,3,3
Zinnedine,3,0,3
Zinneerah,0,3,3
Zinon,3,3,6
Zinsi,0,3,3
Ziphora,0,3,3
Ziporah,0,3,3
Zissi,0,3,3
Zitah,0,3,3
Zixi,3,3,6
Ziyah,3,3,6
Ziyanah,0,3,3
Ziyano,3,0,3
Ziye,3,0,3
Ziyuan,3,3,6
Zjanna,0,3,3
Zjors,3,0,3
Zkye,0,3,3
Zmarai,3,0,3
Zoan,3,0,3
Zobair,3,0,3
Zobida,0,3,3
Zoebeda,0,3,3
Zoebeir,3,0,3
Zoéla,0,3,3
Zoéy,0,3,3
Zófi,0,3,3
Zofja,0,3,3
Zohaïr,3,0,3
Zohier,3,0,3
Zohora,0,3,3
Zohrab,3,0,3
Zoïla,0,3,3
Zois,3,0,3
Zoïtsa,0,3,3
Zolani,3,3,6
Zoli,3,3,6
Zomara,0,3,3
Zorab,3,3,6
Zorawar,3,0,3
Zorayah,0,3,3
Zorbey,3,0,3
Zorian,3,0,3
Zosimus,3,0,3
Zoubaïr,3,0,3
Zoubayr,3,0,3
Zouhaira,0,3,3
Zouhayr,3,0,3
Zouheir,3,0,3
Zouher,3,0,3
Zouligha,0,3,3
Zowa,3,3,6
Zowena,0,3,3
Zsa-zsa,0,3,3
Zsuzsana,0,3,3
Zubaidah,0,3,3
Zubida,0,3,3
Zucchero,3,0,3
Zuela,0,3,3
Zührenaz,0,3,3
Zulegha,0,3,3
Zuleica,0,3,3
Zuleiga,0,3,3
Zuleikha,0,3,3
Zuleira,0,3,3
Zulfaqar,3,0,3
Zülfi,3,3,6
Zulfkar,3,0,3
Zülküf,3,0,3
Zulmira,0,3,3
Zumaya,0,3,3
Zumrut,0,3,3
Zunaina,0,3,3
Zunayra,0,3,3
Zunayrah,0,3,3
Zundi,0,3,3
Zura,3,3,6
Zurab,3,0,3
Zusana,0,3,3
Zuze,0,3,3
Zuzia,0,3,3
Zwaanetta,0,3,3
Zwaantienes,3,0,3
Zwanetje,0,3,3
Zwanieke,0,3,3
Zwanina,0,3,3
Zweerdina,0,3,3
Zweerendina,0,3,3
Zweerinus,3,0,3
Zwiers,3,0,3
Zwiersina,0,3,3
Zwopkjen,0,3,3
Zyanna,0,3,3
Zyen,3,0,3
Zyenna,0,3,3
Zypherinus,3,0,3
Zaahed,3,0,3
Zaahid,3,0,3
Zaakje,0,3,3
Zaartje,0,3,3
Zabelle,0,3,3
Zabia,0,3,3
Zabieda,0,3,3
Zabina,0,3,3
Zaby,0,3,3
Zacaramus,3,0,3
Zachai,3,3,6
Zachari,3,0,3
Zacharías,3,0,3
Zacharie,3,0,3
Zachariya,3,0,3
Zacharry,3,0,3
Zachee,3,3,6
Zachée,3,3,6
Zacheo,3,0,3
Zachéus,3,0,3
Zachira,0,3,3
Zadeh,3,3,6
Zadkine,3,0,3
Zadora,0,3,3
Zaë,0,3,3
Zaeed,3,0,3
Zaeema,0,3,3
Zael,3,0,3
Zaen,3,0,3
Zaena,0,3,3
Zaenab,0,3,3
Zaevion,3,0,3
Zafan,3,0,3
Zafeera,0,3,3
Zafeerah,0,3,3
Zaffer,3,0,3
Zaffirel,0,3,3
Zafi,3,0,3
Zafora,0,3,3
Zafraan,0,3,3
Zafrina,0,3,3
Zaga,0,3,3
Zaggrina,0,3,3
Zaghra,0,3,3
Zagik,0,3,3
Zaheda,0,3,3
Zaheed,3,0,3
Zaheeda,0,3,3
Zahidah,0,3,3
Zahiel,3,0,3
Zahieragatoen,0,3,3
Zahina,0,3,3
Zahiragatoen,0,3,3
Zahiya,0,3,3
Zahna,0,3,3
Zahoor,3,0,3
Zahr,3,3,6
Zahri,3,3,6
Zahrina,0,3,3
Zahur,3,0,3
Zahyra,0,3,3
Zaianab,0,3,3
Zaidah,0,3,3
Zaiden,3,0,3
Zaïef,3,0,3
Zaiem,3,0,3
Zaihira,0,3,3
Zaijnab,0,3,3
Zailey,0,3,3
Zaïma,0,3,3
Zainah,0,3,3
Zaineddin,3,0,3
Zaineddine,3,0,3
Zainedin,3,0,3
Zainhom,3,3,6
Zainoel,3,0,3
Zainub,0,3,3
Zaïsha,0,3,3
Zaiya,0,3,3
Zaiyad,3,0,3
Zajenn,0,3,3
Zajíc,0,3,3
Zaka,3,0,3
Zakariaa,3,0,3
Zakariah,3,0,3
Zakarije,3,0,3
Zakena,0,3,3
Zakeriya,3,0,3
Zakeriye,3,0,3
Zakirah,0,3,3
Zakire,0,3,3
Zakk,3,0,3
Zakkariya,3,0,3
Zalal,3,3,6
Zalán,3,0,3
Zaldy,3,0,3
Zaleha,0,3,3
Zalia,0,3,3
Zalicia,0,3,3
Zalien,0,3,3
Zalira,0,3,3
Zalla,0,3,3
Zallah,3,3,6
Zalma,0,3,3
Zalmay,3,0,3
Zalwango,0,3,3
Zâmar,3,3,6
Zamarah,0,3,3
Zamia,0,3,3
Zamidha,0,3,3
Zamiera,0,3,3
Zammorano,3,0,3
Zampo,3,0,3
Zamuel,3,0,3
Zamunda,3,3,6
Zamwa,3,0,3
Zanaïda,0,3,3
Zanayra,0,3,3
Zanda,0,3,3
Zandeley,0,3,3
Zanders,3,0,3
Zandi,3,3,6
Zando,3,0,3
Zandré,3,0,3
Zandri,0,3,3
Zaneah,0,3,3
Zanear,3,3,6
Zanian,3,0,3
Zanilya,0,3,3
Zanima,0,3,3
Zanjay,3,0,3
Zannalee,0,3,3
Zannique,0,3,3
Zanny,0,3,3
Zanu,3,3,6
Zanza,3,3,6
Zapata,3,0,3
Zaporah,0,3,3
Zapp,3,0,3
Zaqaryan,3,3,6
Zara-Lee,0,3,3
Zara-Mae,0,3,3
Zarada,0,3,3
Zaraïda,0,3,3
Zaran,3,0,3
Zaranna,0,3,3
Zarathustra,0,3,3
Zaraya,0,3,3
Zarco,3,0,3
Zardy,3,0,3
Zaré,0,3,3
Zarea,0,3,3
Zaref,3,0,3
Zarèl,3,0,3
Zarene,0,3,3
Zaressa,0,3,3
Zargham,3,0,3
Zarghona,0,3,3
Zariachus,3,0,3
Zarice,0,3,3
Zarien,0,3,3
Zarija,3,3,6
Zarinda,0,3,3
Zario,3,0,3
Zaripha,0,3,3
Zarish,3,0,3
Zariye,0,3,3
Zarkema,0,3,3
Zarlyze,0,3,3
Zaroual,3,0,3
Zartasha,0,3,3
Zaruhi,0,3,3
Zarzuela,0,3,3
Zaud,3,0,3
Zauditu,0,3,3
Zauri,3,0,3
Zavanna,0,3,3
Zaviér,3,0,3
Zavièra,0,3,3
Zavina,0,3,3
Zavion,3,0,3
Zayde,0,3,3
Zayël,0,3,3
Zayèn,3,3,6
Zayena,0,3,3
Zayenn,3,3,6
Zayenna,0,3,3
Zayesha,0,3,3
Zayid,3,0,3
Zayir,3,0,3
Zayla,0,3,3
Zayleah,0,3,3
Zaylee,0,3,3
Zayvion,3,0,3
Zayyaan,3,0,3
Zazell,3,3,6
Zazette,0,3,3
Zazí,0,3,3
Zbyněk,3,0,3
Zbyszek,3,0,3
Zděnek,3,0,3
Zdjenja,0,3,3
Zéa,0,3,3
Zeab,0,3,3
Zeaiter,0,3,3
Zebian,3,0,3
Zebina,0,3,3
Zebun,0,3,3
Zebunissa,0,3,3
Zechary,3,0,3
Zechiël,3,0,3
Zechinus,3,0,3
Zeda,3,3,6
Zedane,3,0,3
Zedek,3,0,3
Zedrick,3,0,3
Zeema,3,0,3
Zeeneb,0,3,3
Zefan,3,0,3
Zefaniëlle,0,3,3
Zefanyo,3,0,3
Zefea,0,3,3
Zeffie,0,3,3
Zefina,0,3,3
Zefira,0,3,3
Zefke,3,0,3
Zegerine,0,3,3
Zegers,3,0,3
Zegra,0,3,3
Zeguurrarda,0,3,3
Zeguurrardus,3,0,3
Zehid,3,0,3
Zehrâ,0,3,3
Zehraa,0,3,3
Zehragül,0,3,3
Zeintje,0,3,3
Zeja,0,3,3
Zekaria,3,0,3
Zekerijja,3,0,3
Zekia,0,3,3
Zeli,0,3,3
Zelig,3,0,3
Zelimkhanovitsj,3,0,3
Zelinah,0,3,3
Zelisha,0,3,3
Zelko,3,0,3
Zelmai,3,0,3
Zelo,0,3,3
Zemen,3,3,6
Zemin,3,0,3
Zemla,0,3,3
Zèna,0,3,3
Zenah,0,3,3
Zenaidah,0,3,3
Zenaïde,0,3,3
Zenap,0,3,3
Zenar,3,3,6
Zenat,0,3,3
Zenaya,0,3,3
Zenda,0,3,3
Zenek,3,0,3
Zenel,3,3,6
Zenep,0,3,3
Zenga,3,0,3
Zeni,0,3,3
Zenilda,0,3,3
Zenit,3,0,3
Zenitha,0,3,3
Zenji,3,0,3
Zennar,3,0,3
Zenneb,0,3,3
Zennuriye,0,3,3
Zenobja,0,3,3
Zénon,3,0,3
Zenta,0,3,3
Zeny,0,3,3
Zenza,0,3,3
Zenzel,3,0,3
Zenzeni,0,3,3
Zenzo,3,0,3
Zeo,3,0,3
Zeola,0,3,3
Zephalinde,0,3,3
Zéphanya,0,3,3
Zepheniah,3,0,3
Zépherin,3,0,3
Zephnad,3,0,3
Zephora,0,3,3
Zephyrus,3,0,3
Zepnath,3,0,3
Zepora,0,3,3
Zeppora,0,3,3
Zequira,0,3,3
Zerafet,0,3,3
Zerajah,0,3,3
Zerar,3,0,3
Zeray,0,3,3
Zerayno,3,0,3
Zerbinette,0,3,3
Zere,3,3,6
Zereda,0,3,3
Zerihun,3,0,3
Zerlino,3,0,3
Zerrah,0,3,3
Zeru,3,0,3
Zeruya,0,3,3
Zes,3,0,3
Zesira,0,3,3
Zesiro,3,0,3
Zetha,0,3,3
Zeus-Jan,3,0,3
Zevana,0,3,3
Zeverina,0,3,3
Zeverius,3,0,3
Zevert,3,0,3
Zeviar,3,0,3
Zeyda,0,3,3
Zeyhan,3,3,6
Zeynap,0,3,3
Zeynelabidin,3,0,3
Zeynepnaz,0,3,3
Zeyni,3,3,6
Zeynur,0,3,3
Zezia,0,3,3
Zhanar,0,3,3
Zhaoyang,3,0,3
Zhelina,0,3,3
Zhenn,3,0,3
Zhenzhen,0,3,3
Zhera,0,3,3
Zhì,3,0,3
Zhi-Hui,3,0,3
Zhi-Mei,0,3,3
Zhi-Ming,3,0,3
Zhi-Yan,0,3,3
Zhian,3,0,3
Zhibo,3,0,3
Zhicheng,3,0,3
Zhihao,3,0,3
Zhihui,0,3,3
Zhijie,3,0,3
Zhilya,0,3,3
Zhin,0,3,3
Zhing,3,0,3
Zhiqi,0,3,3
Zhir,3,0,3
Zhivago,3,0,3
Zhiwei,3,0,3
Zhixin,0,3,3
Zhiyana,0,3,3
Zhiyi,3,0,3
Zhiyuan,3,3,6
Zhon,3,0,3
Zhra,0,3,3
Zhraa,0,3,3
Zhwan,3,3,6
Zhya,3,3,6
Zhyna,0,3,3
Zhyon,3,0,3
Zi-Qing,0,3,3
Zi-Yan,0,3,3
Zi-Yi,0,3,3
Ziaad,3,0,3
Zianni,3,3,6
Ziao,3,0,3
Ziar,3,0,3
Ziarra,0,3,3
Zibena,0,3,3
Zibora,0,3,3
Zichri,3,0,3
Zidi,3,3,6
Ziedaan,3,0,3
Zieltje,0,3,3
Zienab,0,3,3
Ziene,0,3,3
Zieni,0,3,3
Ziënna,0,3,3
Zietse,3,0,3
Zifeng,3,0,3
Ziff,3,0,3
Ziffra,0,3,3
Zigge,3,0,3
Zigi,3,3,6
Zigy,3,0,3
Zihe,3,3,6
Zihong,0,3,3
Zijaad,3,0,3
Zijan,3,3,6
Zijdelie,0,3,3
Zijkedina,0,3,3
Zijko,3,0,3
Zijlta,3,0,3
Zijna,0,3,3
Zijo,3,0,3
Zijun,3,3,6
Zikrullah,3,0,3
Zilale,0,3,3
Zîlan,0,3,3
Zilana,0,3,3
Zilas,3,0,3
Zilia,0,3,3
Zilin,3,3,6
Zilina,0,3,3
Ziling,0,3,3
Zille,3,3,6
Zilora,0,3,3
Zilpah,0,3,3
Zimmerman,3,0,3
Zimone,0,3,3
Zimrie,3,0,3
Zinaï,0,3,3
Zinath,0,3,3
Zinda,0,3,3
Zindi,3,3,6
Zindzhi,0,3,3
Zinè,0,3,3
Zine-Edinne,3,0,3
Zineeddine,3,0,3
Zineth,0,3,3
Zinia,0,3,3
Zinnure,0,3,3
Zinobias,3,0,3
Zinou,3,0,3
Zinza,0,3,3
Zinzulia,0,3,3
Zïon,3,0,3
Ziporra,0,3,3
Zipper,3,0,3
Zipporra,0,3,3
Zippy,0,3,3
Zirah,0,3,3
Zirek,3,3,6
Zirk,3,0,3
Ziska,0,3,3
Zissios,3,0,3
Zissis,3,0,3
Zitong,0,3,3
Zivano,3,0,3
Zivota,3,0,3
Ziwan,3,0,3
Ziwar,3,0,3
Ziwun,0,3,3
Ziyade,0,3,3
Ziyane,3,3,6
Ziyang,3,3,6
Ziyani,3,3,6
Ziyara,0,3,3
Ziyattin,3,0,3
Ziyu,0,3,3
Zizinhio,3,0,3
Zizinho,3,0,3
Zizzy,0,3,3
Zjavanty,0,3,3
Zjeffrie,3,0,3
Zjène,3,0,3
Zjèr,3,3,6
Zjiar,3,0,3
Zjilou,0,3,3
Zjir,3,0,3
Zjiwar,3,0,3
Zjwan,3,3,6
Zlate,3,3,6
Zlatka,0,3,3
Znar,3,0,3
Zoah,3,3,6
Zoar,3,3,6
Zobaida,0,3,3
Zobir,3,0,3
Zodi,3,0,3
Zoë-Anne,0,3,3
Zoë-Fay,0,3,3
Zoë-Grace,0,3,3
Zoë-Joy,0,3,3
Zoë-May,0,3,3
Zoë-Naomi,0,3,3
Zoë-Skye,0,3,3
Zoë-Sophie,0,3,3
Zoebida,0,3,3
Zoedina,0,3,3
Zoefar,3,0,3
Zoehaira,0,3,3
Zoëla,0,3,3
Zoeleiga,0,3,3
Zoéline,0,3,3
Zoelle,0,3,3
Zoëly,0,3,3
Zoen,3,0,3
Zoena,0,3,3
Zoes,0,3,3
Zoeteke,0,3,3
Zoetinus,3,0,3
Zoewé,0,3,3
Zografia,0,3,3
Zohdy,3,0,3
Zoheir,3,0,3
Zohira,0,3,3
Zohra-Gatoen,0,3,3
Zohran,3,0,3
Zohre,0,3,3
Zohreh,0,3,3
Zoin,3,0,3
Zolá,0,3,3
Zolaiga,0,3,3
Zolega,0,3,3
Zoltàn,3,0,3
Zoltin,3,0,3
Zomi,0,3,3
Zona,3,3,6
Zonaira,0,3,3
Zonan,3,0,3
Zöni,3,0,3
Zonne-Lieve,0,3,3
Zonneke,0,3,3
Zonnemijn,0,3,3
Zonny,3,3,6
Zono,3,0,3
Zoot,3,0,3
Zophie,0,3,3
Zoquisha,0,3,3
Zoraïma,0,3,3
Zoraja,0,3,3
Zorano,3,0,3
Zori,3,0,3
Zoriana,0,3,3
Zorida,0,3,3
Zorien,0,3,3
Zorin,3,0,3
Zorlo,3,0,3
Zorlu,3,0,3
Zorzis,3,0,3
Zośia,0,3,3
Zotou,0,3,3
Zou,0,3,3
Zoubeida,0,3,3
Zouhier,3,3,6
Zouina,0,3,3
Zovacani,3,0,3
Zowan,3,0,3
Zowella,0,3,3
Zowey,3,3,6
Zoyd,3,0,3
Zoyla,0,3,3
ZsaZsa,0,3,3
Zsófika,0,3,3
Zsóka,0,3,3
Zsursanna,0,3,3
Zsuska,0,3,3
Zubaidha,0,3,3
Zubairu,3,0,3
Zubayda,0,3,3
Zubbinray,3,0,3
Zubbinroy,3,0,3
Zübeyra,0,3,3
Zuco,3,0,3
Zufar,3,0,3
Züfer,3,0,3
Zuhaily,0,3,3
Zuhayla,0,3,3
Zuhdija,3,0,3
Zuheb,3,0,3
Zuheeb,3,0,3
Zuheer,3,3,6
Zuheir,3,0,3
Zuheyla,0,3,3
Zuhir,3,0,3
Zuhrenaz,0,3,3
Zuhur,0,3,3
Zuhura,0,3,3
Zula,3,3,6
Zulaigha,0,3,3
Zulaiha,0,3,3
Zulaijga,0,3,3
Zulaina,0,3,3
Zulaira,0,3,3
Zulayha,0,3,3
Zulbiye,0,3,3
Zuleigha,0,3,3
Zuleima,0,3,3
Zuleya,0,3,3
Zuleyma,0,3,3
Zulfa,0,3,3
Zülfikär,3,0,3
Zulima,0,3,3
Zulkarneyn,3,0,3
Zülkif,3,0,3
Zulkifl,3,0,3
Zulkuf,3,0,3
Zulqarnayn,3,0,3
Zulqurnain,3,0,3
Zülüf,0,3,3
Zülüyha,0,3,3
Zumi,0,3,3
Zumore,0,3,3
Zümran,0,3,3
Zümrüthan,0,3,3
Zunaid,3,0,3
Zuneira,0,3,3
Zunette,0,3,3
Zunga,3,0,3
Zuni,0,3,3
Zuo,3,0,3
Zur,3,0,3
Zurainy,0,3,3
Zuraylah,0,3,3
Zurina,0,3,3
Zurishaddai,3,3,6
Zuse,0,3,3
Zusy,0,3,3
Zuviënsky,3,0,3
Zuweyda,0,3,3
Zuza,0,3,3
Zvika,3,0,3
Zwaak,3,0,3
Zwaanduwina,0,3,3
Zwaanida,0,3,3
Zwaanita,0,3,3
Zwaany,0,3,3
Zwan,3,0,3
Zwananda,0,3,3
Zwanda,0,3,3
Zwane,0,3,3
Zwanika,0,3,3
Zwanike,0,3,3
Zwanneke,0,3,3
Zwannita,0,3,3
Zweeris,3,0,3
Zweerreina,0,3,3
Zwei,3,0,3
Zweize,3,0,3
Zwena,0,3,3
Zwennie,0,3,3
Zwenny,0,3,3
Zwera,0,3,3
Zwerendina,0,3,3
Zwerinus,3,0,3
Zwierine,0,3,3
Zwierink,3,0,3
Zwierrina,0,3,3
Zwierzina,0,3,3
Zwijtje,0,3,3
Zwobkje,0,3,3
Zwonimir,3,0,3
Zyaad,3,0,3
Zyano,3,0,3
Zyanya,0,3,3
Zyeno,3,0,3
Zygmond,3,0,3
Zygy,0,3,3
Zyhra,0,3,3
Zylver,3,3,6
Zynah,0,3,3
Zynia,0,3,3
Zynna,0,3,3
Zynthia,0,3,3
Zyrano,3,0,3
Zyshaan,3,0,3
Zyta,0,3,3
Zytse,3,0,3
Zyvann,3,0,3
Z'Cheynah,0,3,3
Z'ev,3,0,3
Z'hairo,3,0,3
Z'jujendra,0,3,3
Z'Kayleigh,0,3,3
Z'Rianneh,0,3,3
Z'vah,0,3,3
Z-dion,3,0,3
Za'a,0,3,3
Za'karia,0,3,3
Za'naya,0,3,3
Za'Rayah,0,3,3
Za-Eem,3,0,3
Za-in,3,0,3
Za-zen,3,0,3
Za-Zie,0,3,3
Zaabil,3,0,3
Zaaer,3,0,3
Zaaf,3,0,3
Zaafier,3,0,3
Zaaheda,0,3,3
Zaahida,0,3,3
Zaahidah,0,3,3
Zaahied,3,0,3
Zaahier,3,0,3
Zaahierah,0,3,3
Zaaim,3,0,3
Zaäira,0,3,3
Zaakiera,0,3,3
Zaakir,3,0,3
Zaakiragatoen,0,3,3
Zaakirah,0,3,3
Zaakiya,0,3,3
Zaakiyah,0,3,3
Zaamira,0,3,3
Zaamy,3,0,3
Zaan,3,0,3
Zaana,0,3,3
Zaaragatoen,0,3,3
Zaare,0,3,3
Zaasa,3,0,3
Zaavre,3,0,3
Zaayumma,0,3,3
Zabadyah,3,0,3
Zabair,3,0,3
Zabana,3,0,3
Zabanah,0,3,3
Zabar,3,0,3
Zabardjad,3,0,3
Zabatini,0,3,3
Zabbier,3,0,3
Zabdai,3,0,3
Zabdaj,3,0,3
Zabe,3,0,3
Zabeenagatoen,0,3,3
Zabehullah,3,0,3
Zabella,0,3,3
Zabethje,0,3,3
Zabi,3,0,3
Zabida-Gathoen,0,3,3
Zabidagatoen,0,3,3
Zabie,3,0,3
Zabiedagatoen,0,3,3
Zabien,0,3,3
Zabiena,0,3,3
Zabinda,0,3,3
Zabir,3,0,3
Zabitcan,3,0,3
Zabora,0,3,3
Zabou,0,3,3
Zabra,3,0,3
Zabran,3,0,3
Zabrinagatoen,0,3,3
Zabunnisa,0,3,3
Zabyan,3,0,3
Zacairo,3,0,3
Zacar,3,0,3
Zacariah,3,0,3
Zacariäs,3,0,3
Zaccai,3,0,3
Zacchaëus,3,0,3
Zaccharia,3,0,3
Zaccheo,3,0,3
Zacciah,3,0,3
Zacdrak,3,0,3
Zaceus,3,0,3
Zachaeus,3,0,3
Zachaira,0,3,3
Zachanazian,3,0,3
Zachar,3,0,3
Zacharanus,3,0,3
Zachareah,0,3,3
Zachareta,0,3,3
Zacharïas,3,0,3
Zacharief,3,0,3
Zacharijas,3,0,3
Zacharine,0,3,3
Zacharinus,3,0,3
Zacharyas,3,0,3
Zacharyya,3,0,3
Zaché,3,0,3
Zacheas,3,0,3
Zacheera,0,3,3
Zachely,3,0,3
Zacherius,3,0,3
Zachero,3,0,3
Zacheyre,3,0,3
Zachirias,0,3,3
Zachra,0,3,3
Zachri,3,0,3
Zachrias,3,0,3
Zachron,3,0,3
Zachry,3,0,3
Zachyra,0,3,3
Zaci,3,0,3
Zackarias,3,0,3
Zackaryah,3,0,3
Zackharia,3,0,3
Zacki,3,0,3
Zackorey,3,0,3
Zacmaira,0,3,3
Zacquelin,0,3,3
Zadar,3,0,3
Zadchiël-Elohim,3,0,3
Zaddik,0,3,3
Zadea,0,3,3
Zadean,3,0,3
Zaderach,3,0,3
Zadhna,0,3,3
Zadiera,0,3,3
Zadifuila,3,0,3
Zadireé,0,3,3
Zadjéro,3,0,3
Zadkiël,3,0,3
Zadkiel,3,0,3
Zadoc,3,0,3
Zadqiël,3,0,3
Zadrachobethnedjoe,3,0,3
Zadracht,3,0,3
Zadrack,3,0,3
Zadrah,3,0,3
Zadron,3,0,3
Zadrona,0,3,3
Zaedèn,3,0,3
Zaédy,0,3,3
Zaëdy,0,3,3
Zaeed-Khan,3,0,3
Zaeen,3,0,3
Zaela,0,3,3
Zaelan,3,0,3
Zaelana,0,3,3
Zaelda,0,3,3
Zaéll,3,0,3
Zaëll,0,3,3
Zaëllé,0,3,3
Zaelon,3,0,3
Zaelynn,0,3,3
Zaera,0,3,3
Zaevgeniy,0,3,3
Zaevi,3,0,3
Zaevïen,3,0,3
Zaëviohn,3,0,3
Zaeyian,3,0,3
Zafaar,3,0,3
Zafah,0,3,3
Zafaika,0,3,3
Zafaira,0,3,3
Zafancy,0,3,3
Zafaño,3,0,3
Zafar-Ali,3,0,3
Zafara,0,3,3
Zafaz,3,0,3
Zafeer,3,0,3
Zafeirno,3,0,3
Zafenari,3,0,3
Zafer-ali,3,0,3
Zafercan,3,0,3
Zaferino,3,0,3
Zaferkan,3,0,3
Zaferollah,3,0,3
Zaffa,0,3,3
Zaffia,0,3,3
Zaffier,0,3,3
Zaffiera,0,3,3
Zaffina,0,3,3
Zaffir,3,0,3
Zaffíra,0,3,3
Zaffiyra,0,3,3
Zaffrina,0,3,3
Zafida,0,3,3
Zafiéna,0,3,3
Zafienya,0,3,3
Zafierah,0,3,3
Zafinna,0,3,3
Zâfir,3,0,3
Zafíra,0,3,3
Zafiradhea,0,3,3
Zafirāh,0,3,3
Zafiris,3,0,3
Zafiya,0,3,3
Zafiyyah,0,3,3
Zafna,0,3,3
Zafnat,3,0,3
Zafoera,0,3,3
Zafoeragatoen,0,3,3
Zafoura,0,3,3
Zafra,0,3,3
Zafrallah,3,0,3
Zafran,3,0,3
Zafrana,0,3,3
Zafreen,0,3,3
Zafri,0,3,3
Zafrin,0,3,3
Zafrulla,3,0,3
Zafrullah,3,0,3
Zafta,0,3,3
Zafura,0,3,3
Zafwaan,3,0,3
Zafyra,0,3,3
Zagail,0,3,3
Zagala,0,3,3
Zagari,3,0,3
Zagaria,3,0,3
Zagarias,3,0,3
Zagarías,3,0,3
Zagarino,3,0,3
Zagarlo,3,0,3
Zagary,3,0,3
Zagato,3,0,3
Zagé,3,0,3
Zageb,3,0,3
Zaggi,3,0,3
Zagharias,3,0,3
Zagorka,0,3,3
Zagroz,3,0,3
Zagwe,3,0,3
Zahaan,3,0,3
Zahal,3,0,3
Zaharah,0,3,3
Zaharas,3,0,3
Zaharia,0,3,3
Zahav,3,0,3
Zahavah,0,3,3
Zahay,3,0,3
Zahayley,0,3,3
Zahayra,0,3,3
Zahayron,3,0,3
Zaheb,3,0,3
Zahedabdullah,3,0,3
Zahédi,3,0,3
Zaheeb,3,0,3
Zaheem,3,0,3
Zaheen,0,3,3
Zaheeranwar,3,0,3
Zaheeza,0,3,3
Zaheim,3,0,3
Zahenaaz,0,3,3
Zaherra,0,3,3
Zaheva,0,3,3
Zahfira,0,3,3
Zahiar,3,0,3
Zahibd,3,0,3
Zâhid,3,0,3
Zahid-,3,0,3
Zahidcan,3,0,3
Zahide-Gül,0,3,3
Zahïe,0,3,3
Zahieda,0,3,3
Zahiedhoesein,3,0,3
Zahiër,3,0,3
Zahier-Ali,3,0,3
Zahil,3,0,3
Zahile,0,3,3
Zahim,3,0,3
Zähir,3,0,3
Zahira-Salmé,0,3,3
Zahirazina,0,3,3
Zahirias,3,0,3
Zahiro,3,0,3
Zahiroh,0,3,3
Zahiruddin,3,0,3
Zahiza,0,3,3
Zahja,0,3,3
Zahjej,0,3,3
Zahlia,0,3,3
Zahmira,0,3,3
Zahnaz,0,3,3
Zahné,0,3,3
Zahnina,0,3,3
Zahor,0,3,3
Zahora,0,3,3
Zahori,3,0,3
Zahrä,0,3,3
Zähra,0,3,3
Zahra-Anisa,0,3,3
Zahra-Lou,0,3,3
Zahra-May,0,3,3
Zahra-zoë,0,3,3
Zahraá,0,3,3
Zahragatoen,0,3,3
Zahrah-May,0,3,3
Zahrawati,0,3,3
Zahrazed,0,3,3
Zahre,0,3,3
Zahreen,3,0,3
Zahrine,0,3,3
Zahrish,0,3,3
Zahriye,0,3,3
Zahroh,0,3,3
Zahrya,0,3,3
Zahuia,0,3,3
Zahura,0,3,3
Zahuur,0,3,3
Zahveydi,3,0,3
Zahvienne,0,3,3
Zahyaan,3,0,3
Zahyan,3,0,3
Zahzaad,3,0,3
Zaí,0,3,3
Zai-jèn,0,3,3
Zaia,0,3,3
Zaia-Merlia,0,3,3
Zaïb,3,0,3
Zaib,0,3,3
Zaiba,0,3,3
Zaiber,3,0,3
Zaiboen,0,3,3
Zaibunisha,0,3,3
Zaicha,0,3,3
Zaick,3,0,3
Zaid-Ali,3,0,3
Zaid-Tariq,3,0,3
Zaidaan,3,0,3
Zaïdagatoen,0,3,3
Zaidaley,0,3,3
Zaide,0,3,3
Zaidelis,0,3,3
Zaidene,0,3,3
Zaïdja,0,3,3
Zaidomar,3,0,3
Zaiemoeddin,3,0,3
Zaièn,0,3,3
Zaïendry,0,3,3
Zaier,3,0,3
Zaiera,0,3,3
Zaierra,0,3,3
Zaigeny,0,3,3
Zaighum,3,0,3
Zaihendrick,3,0,3
Zaija,0,3,3
Zaijah,3,0,3
Zaijd,3,0,3
Zaijendly,3,0,3
Zailendra,0,3,3
Zailey-Ann,0,3,3
Zain-Dean,3,0,3
Zain-Eddine,3,0,3
Zaïn-el-arabe,3,0,3
Zain-Sara,0,3,3
Zain-Ud,3,0,3
Zain-Ud-Din,3,0,3
Zain-Ul,3,0,3
Zain-ul,3,0,3
Zain-ul-Aabideen,3,0,3
Zain-Ul-Abaddin,3,0,3
Zain-ul-Abdeen,3,0,3
Zain-ul-Abideen,3,0,3
Zain-ul-abidin,3,0,3
Zain-Ul-Haq,3,0,3
Zaïna-Nasira,0,3,3
Zainaaz,0,3,3
Zainabnahar,0,3,3
Zainabou,0,3,3
Zaïnah,0,3,3
Zaïnal,3,0,3
Zainalabidin,3,0,3
Zainali,3,0,3
Zainat,0,3,3
Zainb,0,3,3
Zaïne,3,0,3
Zainebgatoen,0,3,3
Zainéddien,3,0,3
Zainéddin,3,0,3
Zainedinne,3,0,3
Zaïnedinne,3,0,3
Zainelabidin,3,0,3
Zaineldin,3,0,3
Zainem,0,3,3
Zainey,0,3,3
Zainoeb,0,3,3
Zainoelabedien,3,0,3
Zainol-Abedin,3,0,3
Zaint,3,0,3
Zainudin,3,0,3
Zainuka,3,0,3
Zainul-Abedien,3,0,3
Zainul-Abedin,3,0,3
Zainul-Abidien,3,0,3
Zainul-Abidin,3,0,3
Zainulabedeen,3,0,3
Zainulabideen,3,0,3
Zainy,3,0,3
Zaiona,0,3,3
Zaïque,3,0,3
Zaíra,0,3,3
Zairain,0,3,3
Zaireg,3,0,3
Zairesus,3,0,3
Zairoen,0,3,3
Zaïron,3,0,3
Zaïrsyana,0,3,3
Zaïs,0,3,3
Zaïsa,0,3,3
Zaisha,0,3,3
Zaïsta,0,3,3
Zait,3,0,3
Zaithen,3,0,3
Zaitoon,0,3,3
Zaitun,0,3,3
Zaiviano,3,0,3
Zaiyan,3,0,3
Zaiyd,3,0,3
Zaiyen,3,0,3
Zaiyienah,0,3,3
Zaïyr,3,0,3
Zaizay,3,0,3
Zajah,0,3,3
Zajana,0,3,3
Zajëne,0,3,3
Zajid,3,0,3
Zajinab,0,3,3
Zajko,3,0,3
Zajneb,0,3,3
Zajr,3,0,3
Zajra,0,3,3
Zajzon,3,0,3
Zakairya,3,0,3
Zakarayia,3,0,3
Zakarea,3,0,3
Zakäria,3,0,3
Zakarie,3,0,3
Zakarij,3,0,3
Zakarina,0,3,3
Zakariyyâ,3,0,3
Zakariyyaa,3,0,3
Zakaryae,3,0,3
Zakaryah,3,0,3
Zakarye,3,0,3
Zakaumbara,3,0,3
Zakele,3,0,3
Zakelina,0,3,3
Zakeo,3,0,3
Zaker,3,0,3
Zakerya,3,0,3
Zakeya,0,3,3
Zakhim,3,0,3
Zakhiya,0,3,3
Zaki-Amin,3,0,3
Zakïa,0,3,3
Zakiah,0,3,3
Zakie,3,0,3
Zakieia,0,3,3
Zakiejah,0,3,3
Zakil,3,0,3
Zakirali,3,0,3
Zakita,0,3,3
Zakiullah,3,0,3
Zakiwan,3,0,3
Zakiy,3,0,3
Zakiyah-Elaizah,0,3,3
Zakiyya,0,3,3
Zakkaria,3,0,3
Zakkia,0,3,3
Zakkiaa,0,3,3
Zakkiya,0,3,3
Zaklin,0,3,3
Zakraoui,0,3,3
Zakria,0,3,3
Zakriae,3,0,3
Zakriya,3,0,3
Zakrya,3,0,3
Zakwan,3,0,3
Zakyna,0,3,3
Zakyr,3,0,3
Zal,3,0,3
Zalá,0,3,3
Zalà,0,3,3
Zalaiyah,0,3,3
Zalayshia,0,3,3
Zaldivar,3,0,3
Zaleah,0,3,3
Zalebry,0,3,3
Zalecha,0,3,3
Zaleekah,0,3,3
Zalekha,0,3,3
Zalena,0,3,3
Zalentio,3,0,3
Zaley,0,3,3
Zaleya,0,3,3
Zalga,0,3,3
Zali,0,3,3
Zalía,0,3,3
Zaliah,0,3,3
Zalicha,0,3,3
Zaliga,0,3,3
Zalige,0,3,3
Zaligje,0,3,3
Zaliña,0,3,3
Zalinda,0,3,3
Zaline,0,3,3
Zalinia,0,3,3
Zalinya,0,3,3
Zaliou,3,0,3
Zaliwa,0,3,3
Zaliwe,0,3,3
Zaliyai,0,3,3
Zalmaan,3,0,3
Zalmai,3,0,3
Zalmy,3,0,3
Zaltan,3,0,3
Zalua,0,3,3
Zalva,0,3,3
Zalyn,0,3,3
Zalyna,0,3,3
Zalyth,3,0,3
Zam-Zam,0,3,3
Zamad,3,0,3
Zamahru,3,0,3
Zamaï,0,3,3
Zamaia,0,3,3
Zamaïcko,3,0,3
Zamaili,0,3,3
Zamal,3,0,3
Zamanalu,0,3,3
Zamaney,0,3,3
Zamanie,0,3,3
Zamankhan,3,0,3
Zamanni,0,3,3
Zamar-Judah,3,0,3
Zamarano,3,0,3
Zamari,3,0,3
Zamaro,3,0,3
Zamba,3,0,3
Zambora,3,0,3
Zambrano,0,3,3
Zamee,3,0,3
Zameera,0,3,3
Zameerkhan,3,0,3
Zámel,3,0,3
Zamelda,0,3,3
Zamen,3,0,3
Zamer,3,0,3
Zamere,3,0,3
Zami,0,3,3
Zamica,0,3,3
Zamieda,0,3,3
Zamiela,0,3,3
Zamiena-Moemiena,0,3,3
Zamiere,0,3,3
Zamilla,0,3,3
Zamiloen,0,3,3
Zaminagatoen,0,3,3
Zamirel,0,3,3
Zamiro,3,0,3
Zamiveanne,0,3,3
Zamiyah,0,3,3
Zamman,3,0,3
Zammi,0,3,3
Zammis,3,0,3
Zamorah,0,3,3
Zamoranho,3,0,3
Zamorrano,3,0,3
Zampanja,0,3,3
Zamphira,0,3,3
Zampon,3,0,3
Zamrodkhan,3,0,3
Zamuël,3,0,3
Zamy,3,0,3
Zamyr,3,0,3
Zamzem,0,3,3
Zan-goulè,3,0,3
Zan-Ul,3,0,3
Zan-Yiro,3,0,3
Zanab,0,3,3
Zanaé,0,3,3
Zanaida,0,3,3
Zanainy,0,3,3
Zanaiska,0,3,3
Zanan,0,3,3
Zanay,0,3,3
Zanayah,0,3,3
Zanb,0,3,3
Zançat,3,0,3
Zancherai,0,3,3
Zanclud,3,0,3
Zandelee,0,3,3
Zandeleigh,0,3,3
Zandelyn,0,3,3
Zandia,0,3,3
Zandino,3,0,3
Zandirah,0,3,3
Zandokan,3,0,3
Zandrea,0,3,3
Zandrina,0,3,3
Zaneb,0,3,3
Zaneeb,0,3,3
Zaneera-Bibi,0,3,3
Zaneeta,0,3,3
Zaneetha,0,3,3
Zaneh,3,0,3
Zanelly,0,3,3
Zaner,3,0,3
Zanest,3,0,3
Zanet,0,3,3
Zanetta,0,3,3
Zanfina,0,3,3
Zanga,3,0,3
Zangel,0,3,3
Zangelo,3,0,3
Zangilu,3,0,3
Zangtje,0,3,3
Zanhida,0,3,3
Zaniane,0,3,3
Zaniar,3,0,3
Zanib,0,3,3
Zanie,0,3,3
Zaniëla,0,3,3
Zaniëlle,0,3,3
Zaniera,0,3,3
Zanijar,3,0,3
Zanilda,0,3,3
Zanin,3,0,3
Zanisa,0,3,3
Zanischa,0,3,3
Zanisha,0,3,3
Zaniya,0,3,3
Zaniyar,3,0,3
Zaniyya,0,3,3
Zanjabil,3,0,3
Zanjiro,3,0,3
Zankar,0,3,3
Zanna-Feline,0,3,3
Zanna-Myrthe,0,3,3
Zannard,3,0,3
Zannath,0,3,3
Zannoah,0,3,3
Zannuck,3,0,3
Zanoa,0,3,3
Zanoach,0,3,3
Zanóah,3,0,3
Zanoe,0,3,3
Zanoera,0,3,3
Zanoli,3,0,3
Zanoma,0,3,3
Zanoubia,0,3,3
Zanoun,3,0,3
Zanoune,3,0,3
Zanoy,3,0,3
Zanro,3,0,3
Zansa,0,3,3
Zanschiya,0,3,3
Zanseré,0,3,3
Zanshin,0,3,3
Zansi,3,0,3
Zanskar,3,0,3
Zantana,0,3,3
Zantar,3,0,3
Zanti,0,3,3
Zantiara,0,3,3
Zanting,3,0,3
Zantje,0,3,3
Zanto,3,0,3
Zantos,3,0,3
Zantyago,3,0,3
Zanub,0,3,3
Zanur,3,0,3
Zanurah,0,3,3
Zanvaédon,3,0,3
Zanverina,0,3,3
Zanya,0,3,3
Zanyaar,3,0,3
Zanysha,0,3,3
Zanzara,0,3,3
Zanzia,0,3,3
Zanzibar,3,0,3
Zao,3,0,3
Zaobeda,0,3,3
Zaoer,3,0,3
Zaou,0,3,3
Zaouney,0,3,3
Zaph,0,3,3
Zaphia,0,3,3
Zaphinio,3,0,3
Zaphod,3,0,3
Zaphon,3,0,3
Zaphora,0,3,3
Zaphra,0,3,3
Zappatha,3,0,3
Zappe,3,0,3
Zapphra,3,0,3
Zapre,3,0,3
Zapura,0,3,3
Zaqaria,3,0,3
Zaqeena,0,3,3
Zaqeria,3,0,3
Zaqia,0,3,3
Zaqiyya,0,3,3
Zaquilla,0,3,3
Zaquir,3,0,3
Zaquira,0,3,3
Zaquisha,0,3,3
Zar,3,0,3
Zarà,0,3,3
Zará,0,3,3
Zârâ,0,3,3
Zára,0,3,3
Zara'su,0,3,3
Zara-Aimeé,0,3,3
Zara-Alexia,0,3,3
Zara-Anaïs,0,3,3
Zara-Jay,0,3,3
Zara-Lily,0,3,3
Zara-Lisa,0,3,3
Zara-Loïs,0,3,3
Zara-Luna,0,3,3
Zara-May,0,3,3
Zara-Naïma,0,3,3
Zara-Noé,0,3,3
Zara-Rose,0,3,3
Zara-Vé,0,3,3
Zara-Willemijn,3,0,3
Zara-Zea,0,3,3
Zaraa,0,3,3
Zaraah,0,3,3
Zaraaï,0,3,3
Zarab,3,0,3
Zarabeth,0,3,3
Zarach,3,0,3
Zarachi,0,3,3
Zaraël,0,3,3
Zarafaye,0,3,3
Zarafsh,0,3,3
Zarafsha,0,3,3
Zaragoza,0,3,3
Zaráh,0,3,3
Zarah-Amerens,0,3,3
Zarah-Eve,0,3,3
Zarah-Na,0,3,3
Zarah-Noé,0,3,3
Zarah-Sofia,0,3,3
Zarah-Sophia,0,3,3
Zarah-Zoë,0,3,3
Zarahlinda,0,3,3
Zaraika,0,3,3
Zaraïlly,0,3,3
Zaraïma,0,3,3
Zaraisha,0,3,3
Zaraki,3,0,3
Zaralena,0,3,3
Zaralina,0,3,3
Zaralisa,0,3,3
Zaraly,0,3,3
Zaralynn,0,3,3
Zaranah,0,3,3
Zaranca,0,3,3
Zarang,3,0,3
Zaranne,0,3,3
Zaratu,0,3,3
Zaravie,0,3,3
Zaray-Aliyah,0,3,3
Zarayna,0,3,3
Zarazet,0,3,3
Zarbu,3,0,3
Zarcet,0,3,3
Zardasht,3,0,3
Zardina,0,3,3
Zardjano,3,0,3
Zardjo,3,0,3
Zardscht,3,0,3
Zarè,3,0,3
Zared,0,3,3
Zareenah,0,3,3
Zarem,0,3,3
Zaren,3,0,3
Zarencio,3,0,3
Zaresta,0,3,3
Zareta,0,3,3
Zaretou,0,3,3
Zarfnal,3,0,3
Zargai,3,0,3
Zargelion,3,0,3
Zarghoen,3,0,3
Zarghon,3,0,3
Zarghun,3,0,3
Zargmir,3,0,3
Zarha,0,3,3
Zarhouni,3,0,3
Zariaab,0,3,3
Zariana,0,3,3
Zarich,3,0,3
Zarïcha,0,3,3
Zarida,0,3,3
Zariek,3,0,3
Zariel,0,3,3
Zarienagatoen,0,3,3
Zariene,0,3,3
Zariesh,3,0,3
Zarifah,0,3,3
Zarifé,0,3,3
Zarifegül,0,3,3
Zarifgül,0,3,3
Zarije,0,3,3
Zarik,0,3,3
Zarillio,3,0,3
Zärim,0,3,3
Zarima,0,3,3
Zarïna,0,3,3
Zarina-Gatoen,0,3,3
Zarinka,0,3,3
Zarinna,0,3,3
Zariño,3,0,3
Zarino,3,0,3
Zarion,3,0,3
Zariousi,0,3,3
Zarisha,0,3,3
Zariska,0,3,3
Zarité,0,3,3
Zarivah,0,3,3
Zariza,0,3,3
Zark,3,0,3
Zarlashta,0,3,3
Zarlath,0,3,3
Zarlies,3,0,3
Zarlixon,3,0,3
Zarmeen,0,3,3
Zarnaab,3,0,3
Zarnab,0,3,3
Zarnap,0,3,3
Zarnaz,0,3,3
Zarnosh,3,0,3
Zaroehi,0,3,3
Zaroob,0,3,3
Zarosa,0,3,3
Zarou,0,3,3
Zaroul,3,0,3
Zaroya,0,3,3
Zarpana,0,3,3
Zarq,3,0,3
Zarquon,3,0,3
Zarr,3,0,3
Zarrah,0,3,3
Zarraida,0,3,3
Zarraïda,0,3,3
Zarrar,3,0,3
Zarre,0,3,3
Zarrea,0,3,3
Zarreen,0,3,3
Zarrell,3,0,3
Zarrella,0,3,3
Zarrien,0,3,3
Zarrim,0,3,3
Zarrina,0,3,3
Zarrina-Dee,0,3,3
Zarsa,0,3,3
Zarschya,0,3,3
Zarsh,0,3,3
Zarsja,3,0,3
Zartaash,3,0,3
Zartaj,0,3,3
Zarteyshelie,0,3,3
Zartini,3,0,3
Zartosht,3,0,3
Zaruya,0,3,3
Zarwa,0,3,3
Zary,0,3,3
Zarya,3,0,3
Zaryaab,3,0,3
Zaryalay,3,0,3
Zaryan,3,0,3
Zaryianne,0,3,3
Zäryma,0,3,3
Zarzinho,3,0,3
Zarzinjho,3,0,3
Zarzuéla,0,3,3
Zasa,0,3,3
Zaschja,3,0,3
Zasharel,0,3,3
Zashas,3,0,3
Zasi,3,0,3
Zaslin,0,3,3
Zassa,0,3,3
Zassi,0,3,3
Zasu,0,3,3
Zasya,0,3,3
Zatana,0,3,3
Zataro,3,0,3
Zatchel,3,0,3
Zateru,0,3,3
Zathrian,3,0,3
Zatife,0,3,3
Zatisha,0,3,3
Zatiyenur,0,3,3
Zatte,3,0,3
Zaufishan,0,3,3
Zaukhuong,3,0,3
Zaul,3,0,3
Zaur,3,0,3
Zaura,0,3,3
Zaürbek,3,0,3
Zaurinda,0,3,3
Zauwi,3,0,3
Zaváion,3,0,3
Zavanio,3,0,3
Zavanja,0,3,3
Zavanne,0,3,3
Zavano,3,0,3
Zavari,0,3,3
Zavaro,3,0,3
Zavayna,0,3,3
Zaved,3,0,3
Zavely,0,3,3
Zavély,0,3,3
Zavèn,3,0,3
Zavena,0,3,3
Zavenja,0,3,3
Zaver,3,0,3
Zaveria,0,3,3
Zavero,3,0,3
Závi,3,0,3
Zavid,3,0,3
Zavida,0,3,3
Zavié,3,0,3
Zavieira,0,3,3
Zaviël,3,0,3
Zavien,3,0,3
Zaviën,3,0,3
Zavièr,3,0,3
Zavierah,0,3,3
Zavièro,3,0,3
Zavinah,0,3,3
Zavino,3,0,3
Zaviño,3,0,3
Zavinyo,3,0,3
Zaviona,0,3,3
Zavique,3,0,3
Zavira,0,3,3
Zaviri,0,3,3
Zavisha,3,0,3
Zaviyar,3,0,3
Zavyar,3,0,3
Zavyèr,3,0,3
Zavyth,3,0,3
Zaw,3,0,3
Zawa,0,3,3
Zawand,3,0,3
Zawani,0,3,3
Zawasdy,0,3,3
Zaway,0,3,3
Zawbija,0,3,3
Zawdisiah,0,3,3
Zawditu,0,3,3
Zawi,0,3,3
Zawin,3,0,3
Zawiya,0,3,3
Zay-Inarah,0,3,3
Zayaad,3,0,3
Zayad,3,0,3
Zayane,3,0,3
Zayani,0,3,3
Zayani-Laza,3,0,3
Zayano,3,0,3
Zayanyo,3,0,3
Zayar,3,0,3
Zayara,0,3,3
Zayas,3,0,3
Zayboonisia,0,3,3
Zaycheal,3,0,3
Zayd-al-Khayr,3,0,3
Zaydaan,3,0,3
Zaydan,3,0,3
Zaydelien,0,3,3
Zayden-Omar,3,0,3
Zaydian,3,0,3
Zaye,0,3,3
Zayeanna,0,3,3
Zayed-Lion,3,0,3
Zayeera,0,3,3
Zayel,0,3,3
Zayèll,0,3,3
Zayene,0,3,3
Zaygen,3,0,3
Zayger,3,0,3
Zayhra,0,3,3
Zayian,0,3,3
Zayiem,3,0,3
Zayiet,3,0,3
Zayil,3,0,3
Zayín,0,3,3
Zàyin,0,3,3
Zayinte,0,3,3
Zayirah,0,3,3
Zayïva,0,3,3
Zayleigh,0,3,3
Zaylen,3,0,3
Zayley,0,3,3
Zayli,0,3,3
Zaylon,3,0,3
Zaymian,3,0,3
Zayn-Eli,3,0,3
Zayn-Mahamoud,3,0,3
Zayn-Zavier,3,0,3
Zaynabh,0,3,3
Zaynap,0,3,3
Zayneddine,3,0,3
Zaynedin,3,0,3
Zaynedinne,3,0,3
Zaynel,3,0,3
Zayniba,0,3,3
Zaynn,3,0,3
Zayno,3,0,3
Zaynoel-Aabidien,3,0,3
Zaynu,3,0,3
Zaynul,3,0,3
Zaynulla,3,0,3
Zaynullahbedin,3,0,3
Zayo,3,0,3
Zayr,3,0,3
Zayra-Cencia,0,3,3
Zayre,3,0,3
Zayren,3,0,3
Zayvien,3,0,3
Zayvièn,3,0,3
Zayvien-Nair,3,0,3
Zayyãn,3,0,3
Zayyini,0,3,3
Zazala,0,3,3
Zazara,0,3,3
Zazeim,3,0,3
Zazet,0,3,3
Zazia,0,3,3
Zazíe,0,3,3
Zazili,0,3,3
Zazilie,0,3,3
Zäzilie,0,3,3
Zazo,3,0,3
Zazsa,0,3,3
Zazza,0,3,3
Zbe-Ing,0,3,3
Zber,3,0,3
Zbigenio,3,0,3
Zbignew,3,0,3
Zbignief,3,0,3
Zbignieuw,3,0,3
Zbigniewa,0,3,3
Zbygnicf,3,0,3
Zbygniew,3,0,3
Zbynèk,3,0,3
Zbyscek,3,0,3
Zbyszck,3,0,3
Zdeňa,0,3,3
Zdeñek,3,0,3
Zdenjek,3,0,3
Zdenlij,0,3,3
Zdennick,3,0,3
Zdeno,3,0,3
Zdiro,3,0,3
Zdislaus,3,0,3
Zdonko,3,0,3
Zdravka,0,3,3
Zdzichu,3,0,3
Zdzisia,0,3,3
Zdziskaw,3,0,3
Ze'naiha,0,3,3
Ze'velion,3,0,3
Ze-el,3,0,3
Ze-Hao,3,0,3
Ze-Hong,3,0,3
Zé-Lín,3,0,3
Zé-Maria,3,0,3
Zé-Noah,3,0,3
Zëa,0,3,3
Zeadarney,0,3,3
Zeaid,3,0,3
Zean,3,0,3
Zeaneb,0,3,3
Zeanne,0,3,3
Zeara-Mae,0,3,3
Zebadiah,3,0,3
Zebadja,3,0,3
Zebaish,0,3,3
Zebastian,3,0,3
Zebb,3,0,3
Zebbie,0,3,3
Zebday,3,0,3
Zebedëus,3,0,3
Zebedian,3,0,3
Zebeena,0,3,3
Zebehhuallah,3,0,3
Zebenjo,3,0,3
Zebèr,3,0,3
Zebeulla,3,0,3
Zebiedagatoen,0,3,3
Zebo-Jan,3,0,3
Zebrina,0,3,3
Zebula,3,0,3
Zebulas,3,0,3
Zebulun,3,0,3
Zec,3,0,3
Zecarias,3,0,3
Zecca,3,0,3
Zeccas,3,0,3
Zece,0,3,3
Zecharjah,3,0,3
Zechra,0,3,3
Zechuan,3,0,3
Zeckaria,3,0,3
Zecridin,3,0,3
Zedaan,3,0,3
Zedekiah,3,0,3
Zedekiahn,3,0,3
Zediano,3,0,3
Zedikiah,3,0,3
Zedina,0,3,3
Zedinjo,3,0,3
Zedjad,3,0,3
Zedl,3,0,3
Zedo,3,0,3
Zedra,0,3,3
Zedrik,3,0,3
Zedu,3,0,3
Zeëa,0,3,3
Zeeba,0,3,3
Zeecan,0,3,3
Zéedie,0,3,3
Zeedjelina,0,3,3
Zeedjelines,3,0,3
Zeeën,3,0,3
Zeefana,0,3,3
Zeegdien,3,0,3
Zeegerd,3,0,3
Zeegerdina,0,3,3
Zeegerina,0,3,3
Zeegertje,0,3,3
Zeegher,3,0,3
Zeegje,0,3,3
Zeeh,0,3,3
Zéeh,0,3,3
Zeehat,0,3,3
Zeeht,3,0,3
Zeejd,3,0,3
Zeelaan,0,3,3
Zeenah,0,3,3
Zeenat-Ul-Qamar,0,3,3
Zeenatgatoen,0,3,3
Zeenet,0,3,3
Zeenna,0,3,3
Zeenoor,0,3,3
Zeenul-abbedien,3,0,3
Zeerahjam,0,3,3
Zeerak,3,0,3
Zeerina,0,3,3
Zees,3,0,3
Zeeshaan,3,0,3
Zeeuw,3,0,3
Zeëv,3,0,3
Zeeva,0,3,3
Zeeynep,0,3,3
Zefalinde,0,3,3
Zefana,0,3,3
Zefanho,3,0,3
Zefaniah,0,3,3
Zefanie,0,3,3
Zèfanja,0,3,3
Zefanja-Sabana,0,3,3
Zefanjah,0,3,3
Zéfanjo,3,0,3
Zefano,3,0,3
Zefany,0,3,3
Zefanyah,0,3,3
Zefar,3,0,3
Zefarinus,3,0,3
Zefatha,3,0,3
Zefenja,0,3,3
Zeferinho,3,0,3
Zefeterat,0,3,3
Zeffa,0,3,3
Zeffana,0,3,3
Zeffe,3,0,3
Zeffra,0,3,3
Zeffren,3,0,3
Zeffrey,3,0,3
Zeffrin,3,0,3
Zefier,3,0,3
Zefilina,0,3,3
Zéfina,0,3,3
Zefir,3,0,3
Zefirino,3,0,3
Zefnad,3,0,3
Zefold,3,0,3
Zefram,3,0,3
Zefrin,3,0,3
Zefyr,3,0,3
Zefyra,0,3,3
Zefyre,3,0,3
Zefyros,3,0,3
Zegar,3,0,3
Zegberdina,0,3,3
Zegeline,0,3,3
Zeger-Jan,3,0,3
Zeger-jan,3,0,3
Zegerd,3,0,3
Zegerdine,0,3,3
Zegerhard,3,0,3
Zegerien,3,0,3
Zegerienus,3,0,3
Zegerke,0,3,3
Zegerom,3,0,3
Zegertina,0,3,3
Zegey,3,0,3
Zegge,0,3,3
Zeggo,3,0,3
Zegherius,3,0,3
Zeghouda,0,3,3
Zegielia,0,3,3
Zegina,0,3,3
Zegrina,0,3,3
Zegy,3,0,3
Zehaar,0,3,3
Zehab,3,0,3
Zehaïr,3,0,3
Zehal,0,3,3
Zehara,0,3,3
Zehava,0,3,3
Zehavah,0,3,3
Zehdi,3,0,3
Zeheeam,3,0,3
Zeheeda,0,3,3
Zéhen,3,0,3
Zehen,3,0,3
Zehher,3,0,3
Zehida,0,3,3
Zehiema,0,3,3
Zehïr,3,0,3
Zehira,0,3,3
Zehire,0,3,3
Zehli,0,3,3
Zehma,0,3,3
Zehmya,0,3,3
Zehna-,0,3,3
Zehnoa,0,3,3
Zeholij,3,0,3
Zehour,0,3,3
Zehra-J'nae,0,3,3
Zehra-Lale,0,3,3
Zehrah,0,3,3
Zehranaz,0,3,3
Zehrasabire,0,3,3
Zehrayli,0,3,3
Zehrazade,0,3,3
Zehrevan,0,3,3
Zehri,0,3,3
Zehrish,0,3,3
Zeht,3,0,3
Zei,0,3,3
Zeia,3,0,3
Zeida,0,3,3
Zeide,3,0,3
Zeidoen,3,0,3
Zeifè,0,3,3
Zeiger,3,0,3
Zeijaurrehman,3,0,3
Zeiler,3,0,3
Zeilpa,0,3,3
Zeilwanus,3,0,3
Zein-Eldin,3,0,3
Zein-ul,3,0,3
Zein-Ul-Aabidien,3,0,3
Zeïnabo,0,3,3
Zeinabou,0,3,3
Zeinalabideen,3,0,3
Zeïneb,0,3,3
Zeinebe,0,3,3
Zeinedin,3,0,3
Zeinep,0,3,3
Zeino,3,0,3
Zeinrich,3,0,3
Zéir,3,0,3
Zeirein,0,3,3
Zejad,3,0,3
Zejaeniah,0,3,3
Zejfa,0,3,3
Zejing,0,3,3
Zejnep,0,3,3
Zejnepe,0,3,3
Zejnie,0,3,3
Zekaï,3,0,3
Zekan,3,0,3
Zekarías,0,3,3
Zekariye,3,0,3
Zekaryah,0,3,3
Zekâvet,0,3,3
Zekayi,3,0,3
Zèki,3,0,3
Zeki-Caner,3,0,3
Zekiburak,3,0,3
Zekican,3,0,3
Zekie,0,3,3
Zekihan,3,0,3
Zekiije,0,3,3
Zekine,0,3,3
Zekir,3,0,3
Zekita,0,3,3
Zekiyenur,0,3,3
Zekke,3,0,3
Zekkeman,3,0,3
Zekki,3,0,3
Zekkiy,3,0,3
Zekky,3,0,3
Zeko,3,0,3
Zekreih,3,0,3
Zekria,3,0,3
Zeky,3,0,3
Zekye,0,3,3
Zel,3,0,3
Zelağa,0,3,3
Zèlagas,3,0,3
Zelai,0,3,3
Zelainsca,0,3,3
Zelâl,0,3,3
Zelalayse,0,3,3
Zelalem,3,0,3
Zélande,0,3,3
Zelanus,3,0,3
Zelâo,3,0,3
Zélaya,3,0,3
Zelco,3,0,3
Zelda-Rialda,0,3,3
Zeldagne,3,0,3
Zeldewina,0,3,3
Zeldi,0,3,3
Zeldine,0,3,3
Zeldwina,0,3,3
Zele,0,3,3
Zêle,0,3,3
Zēle,0,3,3
Zeleena,0,3,3
Zelega,0,3,3
Zeleichah,0,3,3
Zeleka,0,3,3
Zeleke,3,0,3
Zelèna,0,3,3
Zélena,0,3,3
Zelenay,0,3,3
Zelene,0,3,3
Zelenia,0,3,3
Zelestine,0,3,3
Zeley,3,0,3
Zeleya,0,3,3
Zelezny,0,3,3
Zelfa,0,3,3
Zelfina,0,3,3
Zelha,0,3,3
Zeliatu,0,3,3
Zelice,0,3,3
Zelida,0,3,3
Zelide,0,3,3
Zelíe,0,3,3
Zeliema,0,3,3
Zelife,0,3,3
Zeliga,0,3,3
Zeliĝan,0,3,3
Zeliha-Büşra,0,3,3
Zeliha-Erva,0,3,3
Zelihan,0,3,3
Zelihanur,0,3,3
Zelimir,3,0,3
Zelimkhanovna,0,3,3
Zelindo,3,0,3
Zéline,0,3,3
Zelinha,0,3,3
Zelinka,0,3,3
Zelio,3,0,3
Zelira,0,3,3
Zeliş,0,3,3
Zelisah,0,3,3
Zelişan,0,3,3
Zeliyha,0,3,3
Zelja,0,3,3
Zeļka,0,3,3
Zelka,0,3,3
Zell,3,0,3
Zellino,3,0,3
Zelman,3,0,3
Zelmira,0,3,3
Zelmy,3,0,3
Zelonna,0,3,3
Zelos,0,3,3
Zeloş,0,3,3
Zélotte,0,3,3
Zelpha,0,3,3
Zelquiño,3,0,3
Zelsy,0,3,3
Zeltzin,0,3,3
Zelvar,3,0,3
Zelveana,0,3,3
Zelviaam,3,0,3
Zelvoyca,0,3,3
Zely,0,3,3
Zélya,0,3,3
Zelyah,0,3,3
Zelyan,0,3,3
Zelzina,0,3,3
Zema,3,0,3
Zemahir,3,0,3
Zemam,0,3,3
Zembib,3,0,3
Zembra,0,3,3
Zème,0,3,3
Zeméanyah,0,3,3
Zemeer,3,0,3
Zemelia,0,3,3
Zemeluna,0,3,3
Zemenu,3,0,3
Zèmer,0,3,3
Zemge,0,3,3
Zemiattin,3,0,3
Zemida,3,0,3
Zemielagatoen,0,3,3
Zemiena,0,3,3
Zemina,0,3,3
Zeminagatoen,0,3,3
Zemine,0,3,3
Zeming,3,0,3
Zemir,3,0,3
Zemm,3,0,3
Zemmy,0,3,3
Zemre,0,3,3
Zemri,3,0,3
Zemrid,0,3,3
Zemrina,0,3,3
Zemyra,0,3,3
Zen-Balten,3,0,3
Zéna,0,3,3
Zenaat,0,3,3
Zenahbu,0,3,3
Zenaicha,0,3,3
Zenaid,3,0,3
Zénaïde,0,3,3
Zenaiko,3,0,3
Zenaishary,0,3,3
Zenaiza,0,3,3
Zenalda,0,3,3
Zenart,3,0,3
Zenath,0,3,3
Zenatti,3,0,3
Zenawit,0,3,3
Zenayah,0,3,3
Zenayda,0,3,3
Zency,0,3,3
Zendaé,0,3,3
Zendagi,0,3,3
Zendalee,0,3,3
Zenday,3,0,3
Zenderly,0,3,3
Zendeya,0,3,3
Zendi,3,0,3
Zendie,0,3,3
Zendnick,3,0,3
Zendrick,3,0,3
Zéne,0,3,3
Zenebe,3,0,3
Zeneddin,3,0,3
Zenediene,3,0,3
Zenédine,3,0,3
Zènee,0,3,3
Zeneena,0,3,3
Zeneida,0,3,3
Zeneide,0,3,3
Zeneldien,3,0,3
Zenepa,0,3,3
Zeney,0,3,3
Zeneya,0,3,3
Zengde,3,0,3
Zengi,3,0,3
Zengino,3,0,3
Zengjia,3,0,3
Zenha,0,3,3
Zenika,0,3,3
Zenildo,3,0,3
Zenilson,3,0,3
Zénir,3,0,3
Zenira,0,3,3
Zenita,0,3,3
Zeniyah,0,3,3
Zenjabiel,0,3,3
Zenjay,3,0,3
Zenjebila,0,3,3
Zenkay,3,0,3
Zenko,3,0,3
Zennaty,0,3,3
Zennde,3,0,3
Zenneh,0,3,3
Zennick,3,0,3
Zennino,3,0,3
Zennith,0,3,3
Zennon,3,0,3
Zennouba,0,3,3
Zennox,3,0,3
Zennübe,0,3,3
Zennun,3,0,3
Zennur,0,3,3
Zennüre,0,3,3
Zennure,0,3,3
Zennush,0,3,3
Zéno,3,0,3
Zeno-Domenico,3,0,3
Zènoa,0,3,3
Zenobie,0,3,3
Zénobie,0,3,3
Zenodotos,3,0,3
Zenodotus,3,0,3
Zenola,0,3,3
Zenón,3,0,3
Zènon,3,0,3
Zenona,0,3,3
Zenone,0,3,3
Zenonka,0,3,3
Zenonrethy,0,3,3
Zenophine,0,3,3
Zenoviah,0,3,3
Zenow,3,0,3
Zenphany,3,0,3
Zenquenda,0,3,3
ZenRay,3,0,3
Zensé,3,0,3
Zense,3,0,3
Zensie,0,3,3
Zentaro,3,0,3
Zente,3,0,3
Zentella,0,3,3
Zenthe,3,0,3
Zentino,3,0,3
Zenty,3,0,3
Zenura,0,3,3
Zenviér,3,0,3
Zenxy,0,3,3
Zenyah,0,3,3
Zenylson,3,0,3
Zenysha,0,3,3
Zenza-Vita,0,3,3
Zenze,0,3,3
Zenzele,0,3,3
Zenzie,0,3,3
Zenzile,0,3,3
Zeonn,3,0,3
Zeony,0,3,3
Zepata,3,0,3
Zepco,3,0,3
Zèph,3,0,3
Zeph-Clayton,3,0,3
Zephaan,3,0,3
Zephánja,3,0,3
Zephanjah,0,3,3
Zephanya,0,3,3
Zephanyah,3,0,3
Zepharis,3,0,3
Zephca,0,3,3
Zephean,3,0,3
Zepheria,0,3,3
Zepherina,0,3,3
Zepherynus,3,0,3
Zepheus,3,0,3
Zephiënea,0,3,3
Zephinio,3,0,3
Zéphir,3,0,3
Zéphir-Yhaëll,3,0,3
Zephire,0,3,3
Zephires,0,3,3
Zéphirin,3,0,3
Zephirina,0,3,3
Zéphirine,0,3,3
Zephirinus,3,0,3
Zephray,3,0,3
Zephriana,0,3,3
Zephryne,0,3,3
Zephya,0,3,3
Zéphyr,0,3,3
Zéphyre,0,3,3
Zephyre,0,3,3
Zèphyrin,3,0,3
Zephyrine,0,3,3
Zephyrines,3,0,3
Zépiqueno,3,0,3
Zepohra,0,3,3
Zeppa,0,3,3
Zepporah,0,3,3
Zepther,3,0,3
Zepur,0,3,3
Zepyur,0,3,3
Zeqian,0,3,3
Zeque,3,0,3
Zéquinio,3,0,3
Zequinsly,0,3,3
Zequirdy,3,0,3
Zequisha,0,3,3
Zeradsht,3,0,3
Zérahja,0,3,3
Zerahya,0,3,3
Zeraidja,0,3,3
Zeran,0,3,3
Zérane,0,3,3
Zeraphine,0,3,3
Zeratsion,3,0,3
Zeraya-Naarai,0,3,3
Zerbi,0,3,3
Zerbine,0,3,3
Zerdan,3,0,3
Zerdasht,3,0,3
Zerdest,3,0,3
Zerdeşt,3,0,3
Zerdi,0,3,3
Zerdion,3,0,3
Zeref,0,3,3
Zerel,0,3,3
Zerencio,3,0,3
Zerengül,0,3,3
Zerenity,0,3,3
Zeresa,0,3,3
Zéressa,0,3,3
Zerevan,3,0,3
Zerewan,3,0,3
Zerfa,0,3,3
Zerferaaz,3,0,3
Zerghén,3,0,3
Zergie,3,0,3
Zérgio,3,0,3
Zerhanur,0,3,3
Zerhena,0,3,3
Zerhiah,0,3,3
Zerhouni,3,0,3
Zerî,0,3,3
Zeri,0,3,3
Zeria,0,3,3
Zerida,0,3,3
Zeride,0,3,3
Zeriesenay,3,0,3
Zérif,3,0,3
Zerif,0,3,3
Zerijs,3,0,3
Zerimin,0,3,3
Zerimo,3,0,3
Zerind,3,0,3
Zerine,0,3,3
Zerise,0,3,3
Zerjan,0,3,3
Zerko,3,0,3
Zerliene,0,3,3
Zerljenna,0,3,3
Zermâldo,3,0,3
Zermanur,0,3,3
Zermina,0,3,3
Zermio,3,0,3
Zernez,3,0,3
Zernigar,0,3,3
Zernigâr,0,3,3
Zèro,0,3,3
Zéroberto,3,0,3
Zeron,0,3,3
Zerona,0,3,3
Zeronolia,0,3,3
Zeroual,3,0,3
Zerraf,3,0,3
Zerre,0,3,3
Zerremin,0,3,3
Zerrer,3,0,3
Zerrien,0,3,3
Zerrin-Inci,0,3,3
Zerrin-Su,0,3,3
Zerrintac,0,3,3
Zerrov,3,0,3
Zerryco,3,0,3
Zersenay,3,0,3
Zertina,0,3,3
Zerui,3,0,3
Zervayn,3,0,3
Zervilino,3,0,3
Zerwin,3,0,3
Zery,0,3,3
Zerya-Rojin,0,3,3
Zeryab,3,0,3
Zeryama,0,3,3
Zèrynise,0,3,3
Zerzino,3,0,3
Zesarose,0,3,3
Zesay,0,3,3
Zesinho,3,0,3
Zésinho,3,0,3
Zesireo,3,0,3
Zessar,3,0,3
Zeste,0,3,3
Zestina,0,3,3
Zesuina,0,3,3
Zèta,0,3,3
Zeta-Helène,0,3,3
Zethlina,0,3,3
Zethny,0,3,3
Zethos,3,0,3
Zethra,0,3,3
Zeto,3,0,3
Zetong,3,0,3
Zetor,3,0,3
Zett,3,0,3
Zettie,0,3,3
Zetuniye,0,3,3
Zeudi,0,3,3
Zevadiah,3,0,3
Zevah,0,3,3
Zevaira,0,3,3
Zevajah,0,3,3
Zevamil,0,3,3
Zevania,0,3,3
Zevanie,0,3,3
Zevann,0,3,3
Zevanna,0,3,3
Zevanyo,3,0,3
Zevario,3,0,3
Zevaya,0,3,3
Zevdzeta,0,3,3
Zeve,0,3,3
Zéven,0,3,3
Zevenster,0,3,3
Zeverijn,3,0,3
Zeverinio,3,0,3
Zeverinus,3,0,3
Zevi,3,0,3
Zevia,0,3,3
Zeviano,3,0,3
Zevida,0,3,3
Zevina,0,3,3
Zevine,0,3,3
Zevino,3,0,3
Zevoerah,0,3,3
Zevon,3,0,3
Zevus,3,0,3
Zevva,3,0,3
Zevvon,3,0,3
Zevyn,3,0,3
Zewa,3,0,3
Zewan,3,0,3
Zewdie,0,3,3
Zewe,3,0,3
Zewei,3,0,3
Zewena,0,3,3
Zewenghiel,3,0,3
Zewo,0,3,3
Zeya,0,3,3
Zeyah,0,3,3
Zeyanah,0,3,3
Zeyang,3,0,3
Zeyárah,0,3,3
Zeydan,3,0,3
Zeydion,3,0,3
Zeydo,3,0,3
Zeyfi,0,3,3
Zeygery,3,0,3
Zeyhep,0,3,3
Zeyinep,0,3,3
Zeyit,3,0,3
Zeyla,0,3,3
Zeyliana,0,3,3
Zeylîn,0,3,3
Zeylina,0,3,3
Zeyline,0,3,3
Zeyn-Amer,3,0,3
Zeynaa,0,3,3
Zeynaba,0,3,3
Zeynalabdi,3,0,3
Zeynê,0,3,3
Zeyneba,0,3,3
Zeynebi,0,3,3
Zeynebnur,0,3,3
Zeynebu,0,3,3
Zeyneddin,3,0,3
Zeynedine,3,0,3
Zeynelali,3,0,3
Zeynelcan,3,0,3
Zeynep-Ela,0,3,3
ZeynepNur,0,3,3
Zeynepsu,0,3,3
Zeynepzehra,0,3,3
Zeynetin,0,3,3
Zeynettin,0,3,3
Zèyni,3,0,3
Zeyniye,0,3,3
Zeynoun,3,0,3
Zeynuddin,3,0,3
Zeyon,3,0,3
Zeyra,0,3,3
Zeysan,0,3,3
Zeyt,3,0,3
Zeyva,0,3,3
Zeyyan,3,0,3
Zezai,3,0,3
Zezer,3,0,3
Zézéria,0,3,3
Zezette,0,3,3
Zézette,0,3,3
Zezilija,0,3,3
Zezina,0,3,3
Zèzinando,3,0,3
Zezinhio,3,0,3
Zézinho,3,0,3
Zézito,3,0,3
Zezylyn,0,3,3
Zhacarias,3,0,3
Zhadé,0,3,3
Zhadelchio,3,0,3
Zhadian,3,0,3
Zhafir,3,0,3
Zhafran,3,0,3
Zhagana,0,3,3
Zhagary,3,0,3
Zhahaira,0,3,3
Zhahina,0,3,3
Zhahir,3,0,3
Zhahira,0,3,3
Zhai'Jeah,0,3,3
Zhain,3,0,3
Zhaïrick,3,0,3
Zhairick,3,0,3
Zhairon,3,0,3
Zhaiviëntely,0,3,3
Zhakyia,0,3,3
Zhakyiah,0,3,3
Zhala,0,3,3
Zhaleh,0,3,3
Zhaloëwa,0,3,3
Zhalysa,0,3,3
Zhăn,3,0,3
Zhan-Fei,3,0,3
Zhan-Yong,3,0,3
Zhan-Zhang,3,0,3
Zhanaé,0,3,3
Zhand,3,0,3
Zháne,0,3,3
Zhanéa,0,3,3
Zhanée,0,3,3
Zhanee,0,3,3
Zhanel,0,3,3
Zhang-Qing,3,0,3
Zhang-Zi-Rui,3,0,3
Zhanghan,3,0,3
Zhangkaijie,3,0,3
Zhangkaiwen,3,0,3
Zhanglin,3,0,3
Zhangxuan,3,0,3
Zhangyu,3,0,3
Zhaniqua,0,3,3
Zhanisshia,0,3,3
Zhannet,0,3,3
Zhano,3,0,3
Zhanpeng,3,0,3
Zhantianjiao,3,0,3
Zhanwang,3,0,3
Zhanyao,3,0,3
Zhāo,3,0,3
Zhao-He,3,0,3
Zhao-Nan,3,0,3
Zhao-Ran,0,3,3
Zhao-Yi,3,0,3
ZhaoFan,0,3,3
Zhaorun,3,0,3
Zhaoxia,0,3,3
Zhaoxing,0,3,3
Zhaoyuyang,3,0,3
zhara,0,3,3
Zhara-Hannah,0,3,3
Zhara-Nur,0,3,3
Zharada,0,3,3
Zharai,0,3,3
Zharaii,0,3,3
Zhareef,3,0,3
Zhareen,0,3,3
Zharèl,3,0,3
Zharha,0,3,3
Zharharhy,3,0,3
Zharïck,0,3,3
Zharina,0,3,3
Zharlene,0,3,3
Zharona,0,3,3
Zhartjanka,0,3,3
Zhasney,0,3,3
Zhayenn,0,3,3
Zhayenna,0,3,3
Zhayenne,0,3,3
Zhayno,3,0,3
Zhayon,3,0,3
Zhe-Guang,3,0,3
Zhe-wei,3,0,3
Zhe-Ying,0,3,3
Zhéa,3,0,3
Zheadaehne,3,0,3
Zheander,3,0,3
Zheanna,0,3,3
Zheareziah,0,3,3
Zheermohamed,3,0,3
Zhefanja,3,0,3
Zhefanya,0,3,3
Zheijra,0,3,3
Zhelamo,0,3,3
Zhèn,3,0,3
Zhēn,0,3,3
Zhén,0,3,3
Zhen-Daya,0,3,3
Zhèn-Gueng,3,0,3
Zhen-ira,0,3,3
Zhen-Li,3,0,3
Zhen-Tai,3,0,3
Zhèn-Yŭ,3,0,3
Zhen-Yu,3,0,3
Zhena,0,3,3
Zhenae,0,3,3
Zhenaï,3,0,3
Zhenayro,3,0,3
Zhenda,3,0,3
Zhendelyn,0,3,3
Zhendjo,3,0,3
Zhené,3,0,3
Zheneta,0,3,3
Zhenevija,0,3,3
Zheney,3,0,3
Zheng-Hua,0,3,3
Zheng-Huan,0,3,3
Zheng-Jie,3,0,3
Zheng-Rong,3,0,3
Zheng-Xi,0,3,3
Zheng-Yu,3,0,3
Zheng-Ze,3,0,3
Zhengbo,3,0,3
Zhenghao,3,0,3
Zhenglam,3,0,3
Zhéngróng,3,0,3
Zhengrong,3,0,3
Zhengyang,3,0,3
Zhengyi,3,0,3
Zhenja,0,3,3
Zhenkun,3,0,3
Zhenli,0,3,3
ZhenLong,3,0,3
Zhenlong,3,0,3
Zhenna,0,3,3
Zhennum,3,0,3
Zhenny,0,3,3
Zheno,3,0,3
Zhenoey,0,3,3
Zhenxuan,3,0,3
Zheny,0,3,3
Zhenyu,3,0,3
Zhēnzhū,0,3,3
Zher-Ziano,3,0,3
Zher-Zioni,3,0,3
Zheraa,0,3,3
Zherlon,3,0,3
Zherrely,0,3,3
Zherzino,3,0,3
Zhevèncy,3,0,3
Zhevondra,0,3,3
Zhey,0,3,3
Zheyuan,3,0,3
Zhezal,0,3,3
Zhi-Cheng,3,0,3
Zhi-Chiang,3,0,3
Zhi-Cong,3,0,3
Zhi-fan,3,0,3
Zhi-Hang,3,0,3
Zhi-Hao,3,0,3
Zhi-Hiem,3,0,3
Zhi-Hong,3,0,3
Zhi-jan,3,0,3
Zhi-Jing,0,3,3
Zhi-Li,3,0,3
Zhi-Ling,0,3,3
Zhi-Long,3,0,3
Zhi-Lu,0,3,3
Zhi-Mae,0,3,3
Zhi-Nuo,0,3,3
Zhi-Oi,0,3,3
Zhi-Qi,0,3,3
Zhi-Qiang,3,0,3
Zhi-Qin,3,0,3
Zhi-Ran,0,3,3
Zhi-Ru,0,3,3
Zhi-Wen,3,0,3
Zhi-Xian,3,0,3
Zhi-Xiang,3,0,3
Zhì-Yáng,3,0,3
Zhi-Yao,0,3,3
Zhi-Yaseër,3,0,3
Zhi-yen,0,3,3
Zhi-Ying,0,3,3
Zhi-Yong,3,0,3
Zhi-Yu,3,0,3
Zhi-Zhe,3,0,3
Zhi-Zhong,3,0,3
Zhiar,3,0,3
Zhiara,0,3,3
Zhida,0,3,3
Zhidany,3,0,3
Zhie,3,0,3
Zhied,3,0,3
Zhien,3,0,3
Zhienyar,0,3,3
Zhier,3,0,3
Zhihang,3,0,3
Zhihe,0,3,3
Zhiheng,3,0,3
Zhihong,3,0,3
Zhihua,0,3,3
Zhijian,3,0,3
Zhikit,3,0,3
Zhile,3,0,3
Zhileny,0,3,3
Zhili,0,3,3
Zhilla,0,3,3
Zhilun,3,0,3
Zhiming,3,0,3
Zhimo,3,0,3
Zhin-Hi,0,3,3
Zhinè,0,3,3
Zhing-Yi,0,3,3
Zhining,0,3,3
Zhinus,0,3,3
Zhion,3,0,3
Zhiphé,0,3,3
Zhiro,3,0,3
Zhirui,3,0,3
Zhisheng,3,0,3
Zhita,0,3,3
Zhiting,0,3,3
Zhiva,0,3,3
Zhivanèskaya,0,3,3
Zhivanio,3,0,3
Zhivaricio,3,0,3
Zhixan,3,0,3
Zhixian,3,0,3
Zhiyang,3,0,3
Zhiyao,3,0,3
Zhiyar,3,0,3
Zhiyaw,0,3,3
Zhiyo,0,3,3
Zhiyong,3,0,3
Zhiyou,3,0,3
Zhiyu,3,0,3
Zhiyun,3,0,3
Zhizhang,3,0,3
Zhizhong,3,0,3
Zhjï,0,3,3
Zhoe,0,3,3
Zhoelaisha,0,3,3
Zhoenaya,0,3,3
Zhoey,0,3,3
Zhofar,3,0,3
Zhóng,3,0,3
Zhong-Chang,3,0,3
Zhong-Rong,3,0,3
Zhong-San,3,0,3
Zhong-You,3,0,3
Zhonghe,0,3,3
Zhonghua,3,0,3
Zhongni,3,0,3
Zhongping,3,0,3
Zhongxin,0,3,3
Zhoraino,3,0,3
Zhorèl,0,3,3
Zhosja,0,3,3
Zhou-Sheng,3,0,3
Zhou-Wei,3,0,3
Zhou-Xiong,3,0,3
Zhoujiayu,0,3,3
Zhounuo,3,0,3
Zhoura,0,3,3
Zhourui,0,3,3
Zhouxuan,3,0,3
Zhouyi,0,3,3
Zhū,3,0,3
Zhú,0,3,3
Zhuaji,0,3,3
Zhuan,0,3,3
Zhuang,3,0,3
Zhuawen,0,3,3
Zhueng,0,3,3
Zhufairah,0,3,3
Zhuliya,0,3,3
Zhuming,0,3,3
Zhunaysha,0,3,3
Zhung,3,0,3
Zhuodan,0,3,3
Zhuoli,3,0,3
Zhuoru,3,0,3
Zhuoyan,0,3,3
Zhuoyu,0,3,3
Zhupaulin,0,3,3
Zhuqing,0,3,3
Zhuri,0,3,3
Zhurney,3,0,3
Zhuwan,0,3,3
Zhuyang,0,3,3
Zhuying,0,3,3
Zhyan,0,3,3
Zhyanie,0,3,3
Zhyano,3,0,3
Zhygöry,3,0,3
Zhyi-viènni,3,0,3
Zhykhuayieroh,3,0,3
Zhymeirah,0,3,3
Zhynaïsah,0,3,3
Zhyphienyoh,3,0,3
Zhyphirah,0,3,3
Zhyra,0,3,3
Zhysan,3,0,3
Zhyvaynoh,3,0,3
Zhyveon,3,0,3
Zi-Cheng,0,3,3
Zi-Fi,3,0,3
Zi-Hang,3,0,3
Zi-hang,3,0,3
Zi-Hao,3,0,3
Zi-jo,0,3,3
Zi-Kin,3,0,3
Zi-Liang,3,0,3
Zi-Lin,0,3,3
Zi-Ling,0,3,3
Zi-Meng,0,3,3
Zi-ming,3,0,3
Zi-on,3,0,3
Zi-Shan,0,3,3
Zi-Shun,3,0,3
Zi-Tin,0,3,3
Zi-Ting,0,3,3
Zi-wen,3,0,3
Zi-Xing,0,3,3
Zi-Xuan,3,0,3
Zi-Xun,3,0,3
Zi-Yang,3,0,3
Zi-Ying,0,3,3
Zia-Mae,0,3,3
Zia-Marith,0,3,3
Zia-Ul-Islam,3,0,3
Zia-Ullah,3,0,3
Zia-Yade,0,3,3
Ziaara,0,3,3
Ziada,3,0,3
Ziaettin,3,0,3
Ziaf,3,0,3
Ziahra,0,3,3
Zialda,0,3,3
Ziamanta,0,3,3
Zianab,0,3,3
Ziandro,3,0,3
Zianic,3,0,3
Zianihäira,0,3,3
Zianihara,0,3,3
Ziann,3,0,3
Zianna,0,3,3
Zianney,0,3,3
Zianny,0,3,3
Zianthe,0,3,3
Ziany,3,0,3
Ziany-Layne,0,3,3
Ziare,0,3,3
Ziaro,3,0,3
Zias-Ben,3,0,3
Ziauddhin,3,0,3
Ziauddin,3,0,3
Ziaul,3,0,3
Ziáulhasan,3,0,3
Ziay-Andra,0,3,3
Ziba-Milou,0,3,3
Zibah,0,3,3
Zibbo,3,0,3
Zibeon,3,0,3
Zibet,0,3,3
Zibeyde,0,3,3
Zibiah,0,3,3
Zibriano,3,0,3
Zica,0,3,3
Zicarlo,3,0,3
Zichen,3,0,3
Zicheng,3,0,3
Zichfrieda,0,3,3
Zichman,3,0,3
Zicko,3,0,3
Zicky,3,0,3
Zico-Guan,3,0,3
Zidaan,3,0,3
Zidah,0,3,3
Zidalia,0,3,3
Zidanë,3,0,3
Zidané,0,3,3
Zidanne,3,0,3
Zidayhra,0,3,3
Zide,3,0,3
Zideane,3,0,3
Zidewinde,0,3,3
Zidientley,3,0,3
Zidier,3,0,3
Zidíne,3,0,3
Zidjano,3,0,3
Zidney,0,3,3
Zido,3,0,3
Zidocus,3,0,3
Zidon,3,0,3
Zidya,0,3,3
Zie'el,3,0,3
Ziea,3,0,3
Ziead,3,0,3
Ziefanja,0,3,3
Ziega,0,3,3
Zieggijo,3,0,3
Zieglinde,0,3,3
Ziejona,0,3,3
Ziekra,0,3,3
Zielicha,0,3,3
Ziellieê,3,0,3
Zielva,0,3,3
Zielwanna,0,3,3
Zienatgatoen,0,3,3
Ziendien,3,0,3
Zienedien,3,0,3
Zieneldin,3,0,3
Zienep,0,3,3
Zienet,0,3,3
Ziènna,0,3,3
Ziennat,0,3,3
Ziënne,0,3,3
Zieno,3,0,3
Ziens,3,0,3
Zientien,0,3,3
Zientjen,0,3,3
Ziera,0,3,3
Zierick,3,0,3
Zierio,3,0,3
Zierl,0,3,3
Zierota,0,3,3
Zierretta,0,3,3
Ziert,3,0,3
Zierus,3,0,3
Zieseke,0,3,3
Zieshaan-Ali,3,0,3
Zietha,0,3,3
Zietskin,0,3,3
Ziewah,0,3,3
Zieyad,3,0,3
Ziezenne,0,3,3
Ziezo,0,3,3
Zifa,0,3,3
Zifā,0,3,3
Zifait,3,0,3
Zifan,3,0,3
ZiFeng,3,0,3
Zifio,3,0,3
Zifrah,0,3,3
Zifranio,3,0,3
Zifyon,3,0,3
Zigany,0,3,3
Zigerius,3,0,3
Zigeurnia,0,3,3
Ziggery,3,0,3
Ziggey,3,0,3
Ziggnôlia,0,3,3
Ziggy-Jo,3,0,3
Ziggy-Mae,0,3,3
Ziggy-Mylo,3,0,3
Ziginus,3,0,3
Zigmund,3,0,3
Zigobertus,3,0,3
Zigourney,0,3,3
Zigrith,0,3,3
Ziguy,3,0,3
Zihaan,0,3,3
Zihang,3,0,3
Zihen,0,3,3
Zihilfra,0,3,3
Zihin,3,0,3
Zihna,0,3,3
Zihneb,0,3,3
Zihniye,0,3,3
Zihra,0,3,3
Zihray,0,3,3
Zihwani,3,0,3
Zihyana,0,3,3
Ziija,3,0,3
Zij,0,3,3
Zijada,0,3,3
Zijah,3,0,3
Zijang,3,0,3
Zijd,3,0,3
Zijgje,0,3,3
Zijgmunt,3,0,3
Zijhra,0,3,3
Zijian,3,0,3
Zijke,0,3,3
Zijnaard,3,0,3
Zijnab,0,3,3
Zijneb,0,3,3
Zijnen,0,3,3
Zijriel,3,0,3
Zijtsche,0,3,3
Zika,0,3,3
Zikamberaho,3,0,3
Zikang,3,0,3
Zikeria,3,0,3
Ziki,3,0,3
Zikin,0,3,3
Zikirye,0,3,3
Zikki,3,0,3
Zikkie,3,0,3
Zikomo,0,3,3
Zikora,3,0,3
Zikorachidi,3,0,3
Zikrah,0,3,3
Zikreya,3,0,3
Zikrican,3,0,3
Zikry,3,0,3
Zikrya,0,3,3
Zikun,3,0,3
Ziky,0,3,3
Zilaand,0,3,3
Zilaata,0,3,3
Zilah,0,3,3
Zilaida,0,3,3
Zilân,0,3,3
Zilano,3,0,3
Zilayda,0,3,3
Zilayla,0,3,3
Zilaz,3,0,3
Zilciska,0,3,3
Zilco,3,0,3
Zilda,0,3,3
Zilde,0,3,3
Zildete,0,3,3
Zildian,0,3,3
Zildjiani,0,3,3
Zildviranda,0,3,3
Zile,3,0,3
Zilee,3,0,3
Zilei,0,3,3
Zilfer,0,3,3
Zilfhie,0,3,3
Zilfinaz,0,3,3
Zilfisiyah,0,3,3
Zilha,0,3,3
Zilhad,3,0,3
Ziliang,3,0,3
ZiLin,0,3,3
Zilker,3,0,3
Zill,3,0,3
Zillehuma,0,3,3
Zillha,0,3,3
Zillian,0,3,3
Zilliandro,3,0,3
Zillion,3,0,3
Ziln,3,0,3
Zilner,3,0,3
Ziloe,0,3,3
Zilon,0,3,3
Zilong,3,0,3
Zilor,3,0,3
Ziloy,3,0,3
Zilpha,3,0,3
Zilpher,3,0,3
Zilthai,3,0,3
Zilveker,3,0,3
Zilven,3,0,3
Zilver-Vlinder,0,3,3
Zilverliefje,0,3,3
Zilvervelg,0,3,3
Zilvie,0,3,3
Zilvra,0,3,3
Zilya,0,3,3
Zilzah,0,3,3
Zimarrah,0,3,3
Zimasa,3,0,3
Zimbert,3,0,3
Zimbo,3,0,3
Zimeon,3,0,3
Zimhra,0,3,3
Zimin,0,3,3
Zimira,0,3,3
Zimma,0,3,3
Zimme,0,3,3
Zimmie,3,0,3
Zimnako,3,0,3
Zimoh,3,0,3
Zimojah,0,3,3
Zimoon,0,3,3
Zimraan,3,0,3
Zimran,0,3,3
Zimraphel,0,3,3
Zimren,0,3,3
Zimrilim,3,0,3
Zinä,0,3,3
Zina-Romée,0,3,3
Zina-Sophia,0,3,3
Zinaad,3,0,3
Zinaar,0,3,3
Zinaat,0,3,3
Zinabo,0,3,3
Zinadin,3,0,3
Zinadyn,3,0,3
Zinae,0,3,3
Zinahem,0,3,3
Zinai,0,3,3
Zinäida,0,3,3
Zinaidah,0,3,3
Zinaisa,0,3,3
Zinam,0,3,3
Zinani,3,0,3
Zinap,0,3,3
Zinayda,0,3,3
Zinayna,0,3,3
Zinayro,3,0,3
Zinb,0,3,3
Zindagi,3,0,3
Zinde,3,0,3
Zindsi,0,3,3
Zindzeni,0,3,3
Zindziswa,0,3,3
Zindziwe,0,3,3
Zindzy,0,3,3
Zînê,0,3,3
Ziné,0,3,3
Zine-Dinne,3,0,3
Zine-eddinne,3,0,3
Zine-Edine,3,0,3
Zineddin,3,0,3
Zinedean,3,0,3
Zinedhin,3,0,3
Zinedíne,0,3,3
Zinēdine,3,0,3
Zinèdine,3,0,3
Zinedinio,3,0,3
Zinedy,3,0,3
Zineh,0,3,3
Zineke,0,3,3
Zineldine,3,0,3
Zinella,0,3,3
Zinep,0,3,3
Zinera,0,3,3
Zinesche,0,3,3
Zinesh,3,0,3
Zinet-Gatoen,0,3,3
Zineta,0,3,3
Zinette,0,3,3
Zing-Syun,0,3,3
Zingano,3,0,3
Zinhia,0,3,3
Zinhom,0,3,3
Zinib,0,3,3
Zinidie,0,3,3
Zinie,0,3,3
Zinio,3,0,3
Ziñio,3,0,3
Ziniswa,0,3,3
Zinja,0,3,3
Zinka,0,3,3
Zinke,0,3,3
Zinlo,3,0,3
Zinn,3,0,3
Zinnaida,0,3,3
Zinnariya,0,3,3
Zinne-Dinne,3,0,3
Zinne-Eddine,3,0,3
Zinnedien,3,0,3
Zinnedinne,3,0,3
Zinni,0,3,3
Zinnira,0,3,3
Zinnureyn,3,0,3
Ziño,3,0,3
Zinobia,0,3,3
Zinoby,0,3,3
Zinovictus,3,0,3
Zinsa,0,3,3
Zinsy,0,3,3
Zintah,0,3,3
Zinte,3,0,3
Zinub,0,3,3
Zinwar,3,0,3
Zinya,0,3,3
Zinyo,3,0,3
Zinze,0,3,3
Zinzhi,0,3,3
Zinzie,0,3,3
Ziola,0,3,3
Zión,3,0,3
Ziön,3,0,3
Zion-Elijah,3,0,3
Zion-I,0,3,3
Zion-Jamar,3,0,3
Zion-Jax,3,0,3
Zion-Levi,3,0,3
Zion-Miracle,0,3,3
Zion-Selah,3,0,3
Zionah,0,3,3
Zionailey,0,3,3
Zionaye,3,0,3
Ziondra,0,3,3
Zioné,0,3,3
Zioney,0,3,3
Zioni,3,0,3
Zionia,0,3,3
Zionna,0,3,3
Zionne,0,3,3
Ziony,3,0,3
Zioviantarly,0,3,3
Zipherinus,3,0,3
Ziphron,3,0,3
Zippa,0,3,3
Zipporha,0,3,3
Zippvra,0,3,3
ZiQian,3,0,3
Ziqian,3,0,3
Ziqing,0,3,3
Ziquel,3,0,3
Zirakina,0,3,3
Ziram,0,3,3
Ziras,3,0,3
Zïraya,0,3,3
Zircka,0,3,3
Zirée,0,3,3
Zirihonon,0,3,3
Zirijr,3,0,3
Zirion,3,0,3
Zirka,0,3,3
Ziro,3,0,3
Zirong,3,0,3
Ziros,0,3,3
Zirosj,3,0,3
Zirpa,0,3,3
Zirra,3,0,3
Zirrka,3,0,3
Zirui,0,3,3
Ziruo,0,3,3
Zirve,0,3,3
Zirwa,0,3,3
Ziryab,3,0,3
Zis,3,0,3
Zişan-nur,0,3,3
Zisanne,0,3,3
Zisca,0,3,3
Zischa,0,3,3
Zisco,3,0,3
Ziselle,0,3,3
Zishadh,3,0,3
Zishah,0,3,3
Zishma,0,3,3
Zishū,0,3,3
Zising,3,0,3
Zisis,3,0,3
Ziske,0,3,3
Zisoo,0,3,3
Zissely,0,3,3
Zissou,0,3,3
Zissy,0,3,3
Zissy-Jo,0,3,3
Zita-Estate,0,3,3
Zite,0,3,3
Zitiana,0,3,3
Ziting,0,3,3
Zitjie,3,0,3
Ziuan,3,0,3
Ziuay,0,3,3
Zîv,3,0,3
Ziva-Lie,0,3,3
Ziváh,0,3,3
Zivaiah,0,3,3
Zivaldo,3,0,3
Zivan-Yan,3,0,3
Zivanah,0,3,3
Zivanai,3,0,3
Zivania,0,3,3
Zivanka,0,3,3
Zivanna,0,3,3
Zívano-Jelaní,3,0,3
Zivansh,3,0,3
Zivar,3,0,3
Zivara,0,3,3
Zıvart,0,3,3
Zivart,0,3,3
Zivayad,3,0,3
Zivaysha,0,3,3
Zivel,3,0,3
Ziven,3,0,3
Ziver,0,3,3
Zivi,0,3,3
Zivian,0,3,3
Zivko,3,0,3
Zivo,3,0,3
Zivojin,3,0,3
Zivon,3,0,3
Zivron,3,0,3
Ziwa,0,3,3
Ziwei,0,3,3
Ziwen,0,3,3
Zixia,3,0,3
Zixiu,3,0,3
Zixten,3,0,3
Zixton,3,0,3
Ziyaana,0,3,3
Ziyaarah,0,3,3
Ziyab,3,0,3
Ziyacan,3,0,3
Ziyaed,3,0,3
Ziyahan,3,0,3
Ziyana-Main,0,3,3
Ziyananisha,0,3,3
Ziyann,0,3,3
Ziyanoor,0,3,3
Ziyao,0,3,3
Ziyarah,0,3,3
Ziyare,0,3,3
Ziyare-Elize,0,3,3
Ziyat,3,0,3
Ziyen,3,0,3
Ziyetdin,3,0,3
Ziyetin,3,0,3
Ziyettin,3,0,3
ZiYi,0,3,3
Ziying,0,3,3
Ziykiye,0,3,3
Ziyneti,0,3,3
Ziynettin,0,3,3
Ziyo,0,3,3
Ziyon,3,0,3
Ziyoni,0,3,3
Ziyou,0,3,3
Ziz,3,0,3
Ziza-Sari,0,3,3
Zizainy,0,3,3
Zizani,0,3,3
Zizarly,3,0,3
Zize,0,3,3
Zizef,0,3,3
Zizhen,3,0,3
Zizi-Yo,0,3,3
Zizia,0,3,3
Ziziandreska,0,3,3
Ziziann,0,3,3
Ziziénne,0,3,3
Zizika,0,3,3
Zizita,0,3,3
Zizu,3,0,3
Zizzi,0,3,3
Zjaak,3,0,3
Zjacky,0,3,3
Zjadania,0,3,3
Zjaeïree,0,3,3
Zjafiro,3,0,3
Zjagille,0,3,3
Zjahreille,0,3,3
Zjâhrnöaux,3,0,3
Zjaimairo,3,0,3
Zjaino,3,0,3
Zjaira,0,3,3
Zjaiviënne,0,3,3
Zjak,3,0,3
Zjalé,0,3,3
Zjaleh,0,3,3
Zjamel,0,3,3
Zjamili,0,3,3
Zjamilla,0,3,3
Zjamir,3,0,3
Zjanaira,0,3,3
Zjanaya,0,3,3
Zjanerie,0,3,3
Zjanetha,0,3,3
Zjang,0,3,3
Zjang-Zjang,0,3,3
Zjanine,0,3,3
Zjann,3,0,3
Zjanne,0,3,3
Zjantaniël,0,3,3
Zjanya,3,0,3
Zjara,0,3,3
Zjarithé,0,3,3
Zjarius,3,0,3
Zjarmin,3,0,3
Zjarr,3,0,3
Zjavier,3,0,3
Zjavinna,0,3,3
Zjay-driënne,3,0,3
Zje-anne,0,3,3
Zjeanairo,3,0,3
Zjeaviëny,0,3,3
Zjedsayrah,0,3,3
Zjee-drion,3,0,3
Zjeeke,0,3,3
Zjeer,3,0,3
Zjèfke,3,0,3
Zjélco,3,0,3
Zjelko,3,0,3
Zjelwan,3,0,3
Zjémera,0,3,3
Zjéne,3,0,3
Zjêne,3,0,3
Zjeneschka,0,3,3
Zjenet,0,3,3
Zjeniah,0,3,3
Zjenitsjka,0,3,3
Zjenna,0,3,3
Zjenne,3,0,3
Zjenni,0,3,3
Zjennie,0,3,3
Zjeno,0,3,3
Zjereny,3,0,3
Zjeriel,3,0,3
Zjerinda,0,3,3
Zjèrke,3,0,3
Zjermaine,0,3,3
Zjerom,3,0,3
Zjervana,0,3,3
Zjerzinio,3,0,3
Zjet,0,3,3
Zjeudlan,3,0,3
Zjevanthy,3,0,3
Zjevarro,3,0,3
Zjido,3,0,3
Zjieen,0,3,3
Zjien,0,3,3
Zjila,0,3,3
Zjîla,0,3,3
Zjiluschka,0,3,3
Zjin,0,3,3
Zjina,0,3,3
Zjinda,0,3,3
Zjinhat,0,3,3
Zjino,3,0,3
Zjinus,0,3,3
Zjiqeuladania,0,3,3
Zjirie,0,3,3
Zjivago,3,0,3
Zjivar,3,0,3
Zjizaino,3,0,3
Zjo,3,0,3
Zjody,0,3,3
Zjoel,3,0,3
Zjoke,0,3,3
Zjólauzefrá,0,3,3
Zjolie,0,3,3
Zjoliezies,0,3,3
Zjon,3,0,3
Zjordaniël,3,0,3
Zjorzjik,3,0,3
Zjosan,0,3,3
Zjouana,0,3,3
Zjouri,0,3,3
Zjowel,3,0,3
Zjozef,3,0,3
Zjuan,0,3,3
Zjulayna,0,3,3
Zjulía,0,3,3
Zjulie,0,3,3
Zjuliette,0,3,3
Zjuraino,3,0,3
Zjuric,0,3,3
Zjurieneke,0,3,3
Zjurima,0,3,3
Zjurvendell,3,0,3
Zjurvëyla,0,3,3
Zjuuljèt,0,3,3
Zjuulke,0,3,3
Zjuup,3,0,3
Zjuzjevio,3,0,3
Zjyan,3,0,3
Zlată,0,3,3
Zlatica,0,3,3
Zlatimir,3,0,3
Zlatislav,3,0,3
Zlato,3,0,3
Zlayga,0,3,3
Zmaj,3,0,3
Zmarak,3,0,3
Zmarialay,3,0,3
Zmrzlana,0,3,3
Znnihr,0,3,3
Zo'e,0,3,3
Zo-Yee,0,3,3
Zoaie,0,3,3
Zoall,0,3,3
Zoàn,3,0,3
Zoanfi,3,0,3
Zoanne,0,3,3
Zobaid,3,0,3
Zobaidagatoen,0,3,3
Zobaitha,0,3,3
Zobayer,3,0,3
Zobeida,0,3,3
Zobeier,3,0,3
Zobèl,3,0,3
Zober,3,0,3
Zobiel,3,0,3
Zobraakanya,0,3,3
Zobremi,3,0,3
Zocharia,3,0,3
Zocheira,0,3,3
Zocher,3,0,3
Zock,3,0,3
Zoda,3,0,3
Zodesa,3,0,3
Zodia,0,3,3
Zödy,0,3,3
Zody,0,3,3
Zoê,0,3,3
Zoë-Aimée,0,3,3
Zoë-Alexia,0,3,3
Zoë-Amber,0,3,3
Zoë-Amruta,0,3,3
Zoé-Anne,0,3,3
Zoé-charis,0,3,3
Zoë-Charlotte,0,3,3
Zoë-Dewi,0,3,3
Zoë-Eden,0,3,3
Zoé-Elise,0,3,3
Zoë-Esmee,0,3,3
Zoë-Esmée,0,3,3
Zoë-Faith,0,3,3
Zoë-Faye,0,3,3
Zoë-Ianthe,0,3,3
Zoë-Isabella,0,3,3
Zoë-Isabelle,0,3,3
Zoë-Jade,0,3,3
Zoé-Jewel,0,3,3
Zoë-Joël,0,3,3
Zoë-Johanna,0,3,3
Zoë-Lidwina,0,3,3
Zoë-Lin,0,3,3
Zoë-Linn,0,3,3
Zoë-Liz,0,3,3
Zoë-Lola,0,3,3
Zoë-Louise,0,3,3
Zoë-Malou,0,3,3
Zoë-Maria,0,3,3
Zoë-Marie,0,3,3
Zoë-Mignon,0,3,3
Zoë-Noa,0,3,3
Zoë-Noelle,0,3,3
Zoë-Nova,0,3,3
Zoë-Poppy,0,3,3
Zoë-Rae,0,3,3
Zoë-Ray,0,3,3
Zoë-Romé,0,3,3
Zoë-Selene,0,3,3
Zoë-Sienna,0,3,3
Zoë-Thalita,0,3,3
Zoë-Valentina,0,3,3
Zoë-Xiomara,0,3,3
Zoë-Yaël,0,3,3
Zoë-Yzabella,0,3,3
Zoé-zena,0,3,3
Zoebayr,3,0,3
Zoebdah,0,3,3
Zoebeidagatoen,0,3,3
Zoebin,3,0,3
Zoeë,0,3,3
Zoeey,0,3,3
Zoef,3,0,3
Zoefaar,3,0,3
Zoefiyaan,3,0,3
Zoehair,3,0,3
Zoehal,3,0,3
Zoehra,0,3,3
Zoei,0,3,3
Zoeï,0,3,3
Zoëiona,0,3,3
Zoëiy,0,3,3
Zoek,0,3,3
Zoelaicha,0,3,3
Zoelaigah,0,3,3
Zoelaigha,0,3,3
Zoelaika,0,3,3
Zoelegha,0,3,3
Zoeleicha,0,3,3
Zoeleiman,3,0,3
Zoëlena,0,3,3
Zoelfana,0,3,3
Zoeliga,0,3,3
Zoeligga,0,3,3
Zoelkarnain,3,0,3
Zoëll,0,3,3
Zoellus,3,0,3
Zoeloe,0,3,3
Zoemoeroeth,0,3,3
Zoemy,0,3,3
Zoëna,0,3,3
Zóendly,0,3,3
Zoeni,3,0,3
Zoenna,0,3,3
Zoëny,0,3,3
Zoeper,3,0,3
Zoeraine,0,3,3
Zoerainy,0,3,3
Zoerhaya,0,3,3
Zoesma,0,3,3
Zoesman,3,0,3
Zoesya,3,0,3
Zoeta,0,3,3
Zoetken,0,3,3
Zoëva,0,3,3
Zoewy,0,3,3
Zöey,0,3,3
Zoêy,0,3,3
Zoëy-Ann,0,3,3
Zoey-Elles,0,3,3
Zoey-Helena,0,3,3
Zoey-jane,0,3,3
Zoëy-Jaylinn,0,3,3
Zoey-Jill,0,3,3
Zoey-Joëlle,0,3,3
Zoëy-Linn,0,3,3
Zoëy-Lynn,0,3,3
Zoey-Maria,0,3,3
Zoey-Noëlle,0,3,3
Zoey-Troy,0,3,3
Zoey-yanti,0,3,3
Zofa,0,3,3
Zoffie,0,3,3
Zofi,0,3,3
Zofia-Anne,0,3,3
Zofija,0,3,3
Zofrayah,0,3,3
Zofyra,0,3,3
Zografinia,0,3,3
Zohaad,3,0,3
Zohaal,0,3,3
Zohab,3,0,3
Zohade,0,3,3
Zohaer,3,0,3
Zohaijer,3,0,3
Zohail,0,3,3
Zohaira,0,3,3
Zohaire,3,0,3
Zohal-Samah,0,3,3
Zoham,3,0,3
Zohan,3,0,3
Zòhar,0,3,3
Zohayer,3,0,3
Zohea,0,3,3
Zoheab,3,0,3
Zoheeb,3,0,3
Zoheid,3,0,3
Zohiel,3,0,3
Zohijris,0,3,3
Zöhra,0,3,3
Zôhra,0,3,3
Zohra-Luna,0,3,3
Zohra-Lynn,0,3,3
Zohra-Sophie,0,3,3
Zohraa,0,3,3
Zohraab,3,0,3
Zohradjabien,0,3,3
Zohragatoen,0,3,3
Zohrah,0,3,3
Zohralyn,0,3,3
Zöhrap,3,0,3
Zöhrenaz,0,3,3
Zohrien,0,3,3
Zohrina,0,3,3
Zohrito,3,0,3
Zöhtü,3,0,3
Zohyah,0,3,3
Zoïa,0,3,3
Zoija,0,3,3
Zoilanchero,3,0,3
Zoilandro,3,0,3
Zoilaynis,0,3,3
Zoilayviënno,3,0,3
Zoile,0,3,3
Zoilita,0,3,3
Zoilo,3,0,3
Zoilymar,0,3,3
Zoïnde,0,3,3
Zoïriama,0,3,3
Zoiyah,0,3,3
Zoiye,3,0,3
Zoje,0,3,3
Zoji,3,0,3
Zojie,3,0,3
Zojti,3,0,3
Zoka,0,3,3
Zokaya,0,3,3
Zola-Phyllin,0,3,3
Zola-Sue,0,3,3
Zolai,0,3,3
Zolaika,0,3,3
Zolaikha,0,3,3
Zolaiza,0,3,3
Zolan,3,0,3
Zolay,0,3,3
Zolecha,0,3,3
Zolei,0,3,3
Zolema,0,3,3
Zoleyga,0,3,3
Zolli,0,3,3
Zóltán,3,0,3
Zomario,3,0,3
Zomary,3,0,3
Zòmelie,0,3,3
Zomerzon,0,3,3
Zomeya,0,3,3
Zomiiyah,0,3,3
Zomorda,0,3,3
Zoná,0,3,3
Zonae,0,3,3
Zonalis,0,3,3
Zonaya,0,3,3
Zonaydha,0,3,3
Zonayi,0,3,3
Zondjie,0,3,3
Zoneina,0,3,3
Zonera,0,3,3
Zong-Cai,3,0,3
Zong-Ze,3,0,3
Zongwe,3,0,3
Zongxi,3,0,3
Zonias,3,0,3
Zonin,3,0,3
Zonio,3,0,3
Zonne-Roos,0,3,3
Zonnebloem,0,3,3
Zonneroosje,0,3,3
Zonobia,0,3,3
Zonwie,3,0,3
Zony,0,3,3
Zonza,3,0,3
Zoobi,3,0,3
Zoobia,0,3,3
Zooë,0,3,3
Zoomer,3,0,3
Zoonbäron,3,0,3
Zoone,3,0,3
Zoonie,3,0,3
Zoontje,3,0,3
Zopfi,0,3,3
Zòra,0,3,3
Zora-Joan,0,3,3
Zora-Noa,0,3,3
Zorabekam,0,3,3
Zorac,3,0,3
Zoráh,0,3,3
Zoraï,0,3,3
Zoraia,0,3,3
Zôraida,0,3,3
Zoraida-Gatoen,0,3,3
Zoraidagatoen,0,3,3
Zoraide,0,3,3
Zoraïsa,0,3,3
Zoraisha,0,3,3
Zoraiz,3,0,3
Zoralles,0,3,3
Zorán,3,0,3
Zoran-Jay,3,0,3
Zoranah,0,3,3
Zoranda,0,3,3
Zorander,3,0,3
Zoranik,3,0,3
Zoranka,0,3,3
Zoranna,0,3,3
Zoraver,3,0,3
Zoray,0,3,3
Zorayma,0,3,3
Zorbina,0,3,3
Zordan,3,0,3
Zöre,0,3,3
Zorêa,0,3,3
Zoreisha,0,3,3
Zorelly,3,0,3
Zorette,0,3,3
Zorez,3,0,3
Zorfath,3,0,3
Zoria,0,3,3
Zoriada,0,3,3
Zoriena,0,3,3
Zorienagatoen,0,3,3
Zorig,3,0,3
Zoril,3,0,3
Zorilda,0,3,3
Zorima,0,3,3
Zorimo,3,0,3
Zorino,3,0,3
Zorithza,0,3,3
Zoritsa,0,3,3
Zoritza,0,3,3
Zoriyanne,0,3,3
Zorkan,3,0,3
Zorko,3,0,3
Zorlica,0,3,3
Zornitsa,0,3,3
Zoro,3,0,3
Zoroaster,3,0,3
Zorome,0,3,3
Zorona,0,3,3
Zoroya,0,3,3
Zorrelie,0,3,3
Zorressa,0,3,3
Zorro-Banderas,3,0,3
Zortsia,0,3,3
Zoryan,3,0,3
Zorynda,0,3,3
Zorz,3,0,3
Zorzia,0,3,3
Zosa,3,0,3
Zosca,0,3,3
Zoser,3,0,3
Zoseyah,0,3,3
Zoshendel,3,0,3
Zoshja,0,3,3
Zosie,0,3,3
Zósimo,3,0,3
Zosimo,3,0,3
Zosjha,3,0,3
Zoska,0,3,3
Zosma,0,3,3
Zotoh,0,3,3
Zouaouia,0,3,3
Zoubaid,3,0,3
Zoubajda,0,3,3
Zoubeyer,3,0,3
Zoubi,0,3,3
Zoué,0,3,3
Zoufishan,0,3,3
Zouhaina,0,3,3
Zouhaïra,0,3,3
Zouhal,0,3,3
Zouhar,3,0,3
Zouhara,0,3,3
Zouhayer,3,0,3
Zouk,3,0,3
Zoukayna,0,3,3
Zoulai,0,3,3
Zoulaiga,0,3,3
Zoulayga,0,3,3
Zoulaykha,0,3,3
Zouleïkha,0,3,3
Zouliga,0,3,3
Zoulika,0,3,3
Zoulina,0,3,3
Zoumana,3,0,3
Zoumboulia,0,3,3
Zouo,3,0,3
Zoure,3,0,3
Zoureena,0,3,3
Zouwra,0,3,3
Zouzou,0,3,3
Zovalin,3,0,3
Zovi,0,3,3
Zovia,0,3,3
Zowana,0,3,3
Zowdy,0,3,3
Zoweah,3,0,3
Zowfi,3,0,3
Zowí-Xaja,0,3,3
Zowik,3,0,3
Zoya-Loïs,0,3,3
Zoyaan,3,0,3
Zoyan,3,0,3
Zoye,0,3,3
Zoyé,0,3,3
Zoyenka,0,3,3
Zoyia,0,3,3
Zoyie,0,3,3
Zoyra,0,3,3
Zoza,0,3,3
Zozarius,3,0,3
Zozef,3,0,3
Zozek,3,0,3
Zozero,3,0,3
Zozie,0,3,3
Zozik,3,0,3
Zozima,0,3,3
Zozzinho,3,0,3
Zrav,0,3,3
Zre,0,3,3
Zrena,0,3,3
Zrinko,3,0,3
Zryan,3,0,3
Zsachelle,0,3,3
Zsanett,0,3,3
Zsara,0,3,3
Zsarà,0,3,3
Zsarah,0,3,3
Zsaraya,0,3,3
Zsarisa,0,3,3
Zsarisse,0,3,3
Zsayelle,0,3,3
Zsaza,0,3,3
Zsean,3,0,3
Zselt,3,0,3
Zselye,0,3,3
Zselyke,0,3,3
Zsigmund,3,0,3
Zsil,3,0,3
Zsjoske,0,3,3
Zsôfia,0,3,3
Zsofija,0,3,3
Zsóltan,3,0,3
Zsophia,0,3,3
Zsophian,0,3,3
Zsorella,0,3,3
Zsüliett,0,3,3
Zsushandro,3,0,3
Zsusika,0,3,3
ZsuZsa,0,3,3
Zsuzsànna,0,3,3
Zsuzsi,0,3,3
Zsüzsika,0,3,3
Zsuzsó,0,3,3
Zsylvia,0,3,3
Zu-anne,0,3,3
Zũa,3,0,3
Zuahailey,0,3,3
Zual,0,3,3
Zuan,3,0,3
Zuang,3,0,3
Zuani,3,0,3
Zubad,3,0,3
Zubaid,3,0,3
Zubaïda,0,3,3
Zubaidagatoen,0,3,3
Zubaina,0,3,3
Zuban,0,3,3
Zubaydagatoen,0,3,3
Zubaydah,0,3,3
Zubbinmehta,3,0,3
Zubdah,0,3,3
Zubdia,0,3,3
Zubeeda,0,3,3
Zubeher,3,0,3
Zubeidah,0,3,3
Zübeir,3,0,3
Zubejr,3,0,3
Zuber,3,0,3
Zuberu,3,0,3
Zűbeyde,0,3,3
Zübeydenaz,0,3,3
Zubeydenur,0,3,3
Zübeydenur,0,3,3
Zűbeyir,3,0,3
Zubi,0,3,3
Zubia,0,3,3
Zübide,0,3,3
Zübiye,0,3,3
Zübüdüye,0,3,3
Zübüyde,0,3,3
Zuby,3,0,3
Zuca,3,0,3
Zuccardi,3,0,3
Zuchard,3,0,3
Zucharda,0,3,3
Zucheriyo,3,0,3
Zuchero,3,0,3
Zuchi,3,0,3
Zucielle,0,3,3
Zudaire,0,3,3
Zudairley,0,3,3
Züddü,3,0,3
Zudeysi,3,0,3
Zudhelly,0,3,3
Zue,0,3,3
Zuëddy,0,3,3
Zuédion,3,0,3
Zuediyah,0,3,3
Zuellen,0,3,3
Zuën,0,3,3
Zuen,3,0,3
Zuendley,3,0,3
Zueny,0,3,3
Zufaida,0,3,3
Zugal,0,3,3
Zugenie,0,3,3
Zugerly,0,3,3
Zugermio,3,0,3
Zugusun,3,0,3
Zuhab,3,0,3
Zuhaini,0,3,3
Zühāl,0,3,3
Zuhat,3,0,3
Zuhayra,0,3,3
Zuhe,3,0,3
Zuheib,3,0,3
Zühejla,0,3,3
Züheyra,0,3,3
Zuhijlly,0,3,3
Zuhnera,0,3,3
Zühôl,0,3,3
Zuhula,0,3,3
Zuhuur,0,3,3
Zui,3,0,3
Zui-Thij,3,0,3
Zui-Yen,0,3,3
Zuipikaer,3,0,3
Zujaira,0,3,3
Zujan,3,0,3
Zujata,0,3,3
Zujayree,3,0,3
Zujca,0,3,3
Zukaira,0,3,3
Zukany,3,0,3
Zukardi,3,0,3
Zukena,0,3,3
Zuki,3,0,3
Zulai,0,3,3
Zulaicca,0,3,3
Zulaïcha,0,3,3
Zulaigagatoen,0,3,3
Zulaila,0,3,3
Zulainys,0,3,3
Zulaiqua,0,3,3
Zulaiya,0,3,3
Zûlâl,0,3,3
Zülal-Nisa,0,3,3
Zulan,3,0,3
Zulaney,0,3,3
Zülar,3,0,3
Zülay,0,3,3
Zulaya,0,3,3
Zulayca,0,3,3
Zulayga,0,3,3
Zülayha,0,3,3
Zulayka,0,3,3
Zulaykha,0,3,3
Zulayra,0,3,3
Zulaysa,0,3,3
Zulbije,0,3,3
Zülbiyar,0,3,3
Zulbiyer,0,3,3
Zülbüye,0,3,3
Zuledi,0,3,3
Zuleekha,0,3,3
Zulega,0,3,3
Zulegagatoen,0,3,3
Zuleha,0,3,3
Zuleicha,0,3,3
Zuleida,0,3,3
Zulejha,0,3,3
Zülejha,0,3,3
Züleli,3,0,3
Zuléma,0,3,3
Zulene,0,3,3
Zulenka,0,3,3
Zulenkha,0,3,3
Zuley,0,3,3
Zuleygha,0,3,3
Zûleyha,0,3,3
Züleyhâ,0,3,3
Zűleyha,0,3,3
Züleyla,0,3,3
Zuleyqa,0,3,3
Zulfaa,0,3,3
Zulfeqar,3,0,3
Zulfer,0,3,3
Zulfi,3,0,3
Zûlfie,3,0,3
Zulfija,0,3,3
Zülfikarali,3,0,3
Zulfikarali,3,0,3
Zulfinaz,0,3,3
Zülfinaz,0,3,3
Zulfiqaar,3,0,3
Zulfiquar,3,0,3
Zulfira,0,3,3
Zulfiya,0,3,3
Zulfiye,0,3,3
Zulfqar,3,0,3
Zulfra,0,3,3
Zülfügar,3,0,3
Zülfukar,3,0,3
Zülfünaz,0,3,3
Zülfuye,0,3,3
Zulgani,3,0,3
Zülgani,3,0,3
Zulha,0,3,3
Zulham,3,0,3
Zülheya,0,3,3
Zuli,0,3,3
Zulia,0,3,3
Zulica,0,3,3
Zuliga,0,3,3
Zulikha,0,3,3
Zulina,0,3,3
Zuliviana,0,3,3
Zuliye,0,3,3
Zülkarneyin,3,0,3
Zülkifl,3,0,3
Zulkifli,3,0,3
Zulleh,0,3,3
Zullèlè,0,3,3
Zülleyha,0,3,3
Zullima,0,3,3
Zulnar,0,3,3
Zulnoon,3,0,3
Zulphegaar,3,0,3
Zulqarnain,3,0,3
Zulqarnane,3,0,3
Zulqifli,3,0,3
Zulquar,3,0,3
Zuluf,0,3,3
Zuluha,0,3,3
Zülüha,0,3,3
Zulva,0,3,3
Zulvië,0,3,3
Zulyan,3,0,3
Zulyka,0,3,3
Zulylea,0,3,3
Zulyma,0,3,3
Zumaia,0,3,3
Zumanity,3,0,3
Zumar,0,3,3
Zümbül,0,3,3
Zümbüle,0,3,3
Zumer,3,0,3
Zümer,0,3,3
Zümeyra,0,3,3
Zumeyra,0,3,3
Zümha,0,3,3
Zümrâ,0,3,3
Zŭmra,0,3,3
Zumran,0,3,3
Zümranaz,0,3,3
Zumre,0,3,3
Zümrelif,0,3,3
Zumreta,0,3,3
Zümrüt-Nur,0,3,3
Zumurai,0,3,3
zunairah,0,3,3
Zunairahgatoen,0,3,3
Zunaiyra,0,3,3
Zunayr,3,0,3
Zundee,3,0,3
Zundus,0,3,3
Zunera,0,3,3
Zung,3,0,3
Zuñi,3,0,3
Zunica,0,3,3
Zunilda,0,3,3
Zunischenca,0,3,3
Zunit,3,0,3
Zunke,3,0,3
Zunnerah,0,3,3
Zunnur,3,0,3
Zuntsang,3,0,3
Zuo-Qian,3,0,3
Zuoafshan,0,3,3
Zuohra,0,3,3
Zuping,3,0,3
Zûra,0,3,3
Zurabi,3,0,3
Zuradia,0,3,3
Zuraidah,0,3,3
Zurailey,0,3,3
Zuraina,0,3,3
Zuraini,0,3,3
Zuraiya,0,3,3
Zuraline,0,3,3
Zurano,3,0,3
Zuraya,0,3,3
Zuraydion,3,0,3
Zurdriangelo,3,0,3
Zurdriëla,0,3,3
Zurdrievangelo,3,0,3
Zureal,3,0,3
Zuredfaitsa,0,3,3
Zurefa,0,3,3
Züreyha,0,3,3
Zurezo,3,0,3
Zuria,0,3,3
Zurie,0,3,3
Zuriëla,0,3,3
Zurienska,0,3,3
Zurifhadday,0,3,3
Zurijan,3,0,3
Zurisadai,0,3,3
Zurisaddai,0,3,3
Zurishadai,0,3,3
Zuriye,0,3,3
Zursantelly,0,3,3
Zurviënne,0,3,3
Zurwengelson,3,0,3
Zurwenjeelica,0,3,3
Zurwenlastoneson,3,0,3
Zurwenslyson,3,0,3
Zury-Ann,0,3,3
Zuryel,3,0,3
Züs,0,3,3
Zus-Anne,0,3,3
Zusa,0,3,3
Zusane,0,3,3
Zusette,0,3,3
Zushendu,3,0,3
Zusi-Hannah,0,3,3
Zusiana,0,3,3
Zusianna,0,3,3
Zusianti,0,3,3
Zussanna,0,3,3
Zutitia,0,3,3
Zutphen,0,3,3
Zutsji,3,0,3
Zutticia,0,3,3
Zuva,0,3,3
Zuvainely,0,3,3
Zuweina,0,3,3
Zuweja,0,3,3
Zuwela,0,3,3
Zuwenji,0,3,3
Zuwenna,0,3,3
Zuwenshelly,0,3,3
Zuweyna,0,3,3
Zuwyni,0,3,3
Zuyell,3,0,3
Zuyi,0,3,3
Zuysien,0,3,3
Zuzanka,0,3,3
Zuzannah,0,3,3
Zuzanny,0,3,3
Zuzu,0,3,3
Zuzzane,0,3,3
Zveau,3,0,3
Zven,3,0,3
Zvenja,3,0,3
Zverena,0,3,3
Zvesda,3,0,3
Zvezdan,3,0,3
Zvia,0,3,3
Zvjezdan,3,0,3
Zvjezdana,0,3,3
Zwaananda,0,3,3
Zwaandiena,0,3,3
Zwaanet,0,3,3
Zwaanetje,0,3,3
Zwaanie,0,3,3
Zwaanieta,0,3,3
Zwaanika,0,3,3
Zwaanike,0,3,3
Zwaannet,0,3,3
Zwaannine,0,3,3
Zwaannita,0,3,3
Zwaanolga,0,3,3
Zwaantiene,0,3,3
Zwaantientje,0,3,3
Zwaantines,3,0,3
Zwaantinie,0,3,3
Zwaantjo,3,0,3
Zwahen,0,3,3
Zwaidaghatoen,0,3,3
Zwalastino,3,0,3
Zwale,0,3,3
Zwalice,0,3,3
Zwandina,0,3,3
Zwanelde,0,3,3
Zwanetthe,0,3,3
Zwanettie,0,3,3
Zwani,0,3,3
Zwanica,0,3,3
Zwaniëlle,0,3,3
Zwanien,0,3,3
Zwanienke,0,3,3
Zwanikus,3,0,3
Zwaninda,0,3,3
Zwanite,0,3,3
Zwannella,0,3,3
Zwanni,0,3,3
Zwannieta,0,3,3
Zwanora,0,3,3
Zwanstina,0,3,3
Zwante,0,3,3
Zwantientje,0,3,3
Zwantin,0,3,3
Zwantjeline,0,3,3
Zwanus,3,0,3
Zwanyke,0,3,3
Zwaria,0,3,3
Zwarien,3,0,3
Zwarina,0,3,3
Zwatina,0,3,3
Zwatinus,3,0,3
Zwayanne,0,3,3
Zwedericus,3,0,3
Zwederika,0,3,3
Zwedy,3,0,3
Zwee,0,3,3
Zweeder,3,0,3
Zweerardus,3,0,3
Zweertina,0,3,3
Zwenne,0,3,3
Zwentibald,3,0,3
Zwentibold,0,3,3
Zwerardus,3,0,3
Zwerendiene,0,3,3
Zweres,3,0,3
Zweria,0,3,3
Zwerianna,0,3,3
Zwerine,0,3,3
Zwerre,3,0,3
Zwerusje,0,3,3
Zwerver,3,0,3
Zwesdan,3,0,3
Zwiep,3,0,3
Zwierd,3,0,3
Zwierdina,0,3,3
Zwierhardus,3,0,3
Zwierke,0,3,3
Zwierlina,0,3,3
Zwierrine,0,3,3
Zwiersinus,3,0,3
Zwiertjen,0,3,3
Zwierziena,0,3,3
Zwijtse,3,0,3
Zwina,0,3,3
Zwindermans,3,0,3
Zwitse,0,3,3
Zwobbina,0,3,3
Zwolle,3,0,3
Zwonko,3,0,3
Zwopbinna,0,3,3
Zy'dior,3,0,3
Zy'reighlon,3,0,3
Zy-Naeliyah,0,3,3
Zy-Noviyah,0,3,3
Zyagnee,0,3,3
Zyaïra,0,3,3
Zyal,0,3,3
Zyam,3,0,3
Zyambu,3,0,3
Zyana-Meira,0,3,3
Zyani,0,3,3
Zyann,0,3,3
Zyanne,0,3,3
Zyaro,3,0,3
Zyas,3,0,3
Zybrich,0,3,3
Zychenden,3,0,3
Zycho,3,0,3
Zyco,3,0,3
Zydnee,0,3,3
Zyèlle,0,3,3
Zyën,0,3,3
Zyena,0,3,3
Zyenab,0,3,3
Zyenne,0,3,3
Zyënne,0,3,3
Zyérah,0,3,3
Zyërra,0,3,3
Zyfiria,0,3,3
Zyfra,0,3,3
Zygaia,0,3,3
Zyggy,0,3,3
Zygmunta,0,3,3
Zygmut,3,0,3
Zyhilfra,0,3,3
Zyhna,0,3,3
Zyhra-Lenn,0,3,3
Zyhrije,0,3,3
Zyia,0,3,3
Zyiad,0,3,3
Zyiano,3,0,3
Zyion,3,0,3
Zyke,3,0,3
Zyl,0,3,3
Zylan,3,0,3
Zylas,3,0,3
Zyldjian,3,0,3
Zylen,3,0,3
Zyler,3,0,3
Zylun,0,3,3
Zylvan,3,0,3
Zylvana,0,3,3
Zylvanio,3,0,3
Zylvaro,3,0,3
Zylvie,0,3,3
Zymal,0,3,3
Zymen,3,0,3
Zymfonie,3,0,3
Zymon,3,0,3
Zynaïda,0,3,3
Zynat,0,3,3
Zynedine,3,0,3
Zynovic,3,0,3
Zynta,0,3,3
Zynten,3,0,3
Zyntje,0,3,3
Zyo,3,0,3
Zyon-Jesiah,3,0,3
Zyona,0,3,3
Zyoni,0,3,3
Zyonn,3,0,3
Zyonne,3,0,3
Zypera,0,3,3
Zyrafete,0,3,3
Zyrah,0,3,3
Zyran,3,0,3
Zyren,3,0,3
Zyrhea,0,3,3
Zyrick,3,0,3
Zyrico,3,0,3
Zyridge,3,0,3
Zyron,3,0,3
Zyrthe,0,3,3
Zyrtho,3,0,3
Zytze,3,0,3
Zyva-Lynn,0,3,3
Zyvah,0,3,3
Zyvairo,3,0,3
Zyviene,0,3,3
Zyvontia,0,3,3
Zywert,3,0,3
Zyxcban,3,0,3
Zzaki,3,0,3
Zzohra,0,3,3
